Time,  Packets Generated,  Packets Reached,High Priority Packets Generated, High Priority Packets reached, Packet Dropped, Packet Dropped due to Faulty Node, High Prio Packet Dropped due to Faulty Node, Low Prio Packet Dropped due to Faulty Node 
5,1,1,1,1,0,0,0,0
10,7,6,6,5,0,0,0,0
15,15,13,9,8,0,0,0,0
20,31,24,16,14,1,1,0,1
25,50,40,26,22,3,3,0,3
30,74,61,36,32,5,5,1,4
35,102,85,46,40,7,7,2,5
40,133,113,64,55,9,9,2,7
45,164,142,81,69,11,11,3,8
50,195,168,96,89,18,13,3,10
55,226,192,110,106,25,15,3,12
60,257,210,125,117,37,17,3,14
65,288,230,140,130,47,18,4,14
70,319,249,157,144,60,19,5,14
75,350,268,173,159,72,20,6,14
80,381,285,188,170,84,21,6,15
85,412,307,202,185,94,22,6,16
90,443,325,213,195,108,23,7,16
95,474,336,226,202,130,24,7,17
100,505,345,237,211,152,25,7,18
105,536,358,250,224,173,26,7,19
110,567,365,259,230,195,27,7,20
115,598,369,278,234,228,27,7,20
120,629,369,292,234,260,27,7,20
125,660,370,310,234,290,28,7,21
130,691,372,329,236,319,29,8,21
135,722,374,347,237,348,30,8,22
140,753,375,363,237,378,31,8,23
145,784,377,377,238,407,32,9,23
150,815,378,385,239,437,33,9,24
155,846,379,398,239,467,34,9,25
160,877,380,412,239,497,35,10,25
165,908,381,427,240,527,36,10,26
170,939,383,442,242,556,37,11,26
175,970,385,460,244,585,38,12,26
180,1001,385,473,244,616,39,13,26
185,1032,385,488,244,647,40,14,26
190,1063,385,505,244,678,41,15,26
195,1094,387,518,246,707,42,16,26
200,1125,389,536,247,736,42,16,26
205,1156,392,552,249,764,42,16,26
210,1187,394,569,251,793,42,16,26
215,1218,397,583,253,821,42,16,26
220,1249,400,596,254,849,42,16,26
225,1280,404,612,256,871,42,16,26
230,1311,415,624,266,891,43,16,27
235,1342,426,635,277,911,44,16,28
240,1373,438,653,287,927,45,17,28
245,1404,443,668,291,960,45,17,28
250,1435,446,684,293,988,45,17,28
255,1466,449,699,294,1016,45,17,28
260,1497,452,713,296,1045,45,17,28
265,1528,454,730,297,1073,45,17,28
270,1559,457,744,299,1101,45,17,28
275,1590,460,756,302,1130,45,17,28
280,1621,462,772,304,1158,45,17,28
285,1652,465,786,306,1187,45,17,28
290,1683,466,806,307,1217,45,17,28
295,1714,467,819,307,1247,45,17,28
300,1745,468,833,308,1277,45,17,28
305,1776,469,845,308,1306,45,17,28
310,1807,471,859,309,1336,46,18,28
315,1838,472,875,310,1366,47,19,28
320,1869,473,891,311,1396,48,20,28
325,1900,474,905,311,1426,48,20,28
330,1931,475,927,312,1456,48,20,28
335,1962,476,942,313,1486,48,20,28
340,1993,477,954,313,1516,48,20,28
345,2024,479,967,313,1545,48,20,28
350,2055,481,986,314,1568,48,20,28
355,2086,483,1001,316,1598,48,20,28
360,2117,485,1017,318,1632,48,20,28
365,2148,488,1033,320,1658,49,20,29
370,2179,492,1049,322,1685,50,21,29
375,2210,496,1065,325,1714,51,22,29
380,2241,499,1080,327,1742,52,22,30
385,2272,502,1097,328,1770,52,22,30
390,2303,505,1111,329,1798,52,22,30
395,2334,507,1123,331,1827,52,22,30
400,2365,510,1139,334,1855,52,22,30
405,2396,513,1157,336,1883,52,22,30
410,2427,516,1175,338,1911,52,22,30
415,2458,519,1186,339,1939,52,22,30
420,2489,521,1197,340,1968,52,22,30
425,2520,527,1215,345,1992,52,22,30
430,2551,532,1226,349,2019,52,22,30
435,2582,535,1245,351,2047,52,22,30
440,2613,536,1258,351,2077,52,22,30
445,2644,537,1276,351,2107,52,22,30
450,2675,538,1289,352,2137,52,22,30
455,2706,539,1302,353,2167,52,22,30
460,2737,540,1316,353,2197,52,22,30
465,2768,541,1329,354,2227,52,22,30
470,2799,542,1350,355,2257,52,22,30
475,2830,543,1363,356,2286,52,22,30
480,2861,544,1380,356,2317,52,22,30
485,2892,544,1395,356,2348,52,22,30
490,2923,544,1409,356,2379,52,22,30
495,2954,544,1421,356,2410,52,22,30
500,2985,544,1438,356,2441,52,22,30
505,3016,544,1454,356,2472,52,22,30
510,3047,544,1464,356,2503,52,22,30
515,3078,544,1477,356,2534,52,22,30
520,3109,544,1491,356,2565,52,22,30
525,3140,545,1507,356,2595,52,22,30
530,3171,547,1517,358,2624,52,22,30
535,3202,549,1530,358,2652,52,22,30
540,3233,552,1547,361,2680,52,22,30
545,3264,560,1565,367,2700,53,22,31
550,3295,566,1581,371,2729,54,23,31
555,3326,569,1602,373,2755,55,24,31
560,3357,573,1618,375,2783,56,24,32
565,3388,576,1642,377,2811,57,25,32
570,3419,579,1660,379,2839,58,25,33
575,3450,582,1673,382,2868,59,26,33
580,3481,583,1686,383,2898,60,26,34
585,3512,584,1696,383,2928,61,27,34
590,3543,585,1711,384,2958,62,27,35
595,3574,585,1720,384,2989,63,27,36
600,3605,585,1733,384,3020,63,27,36
605,3636,585,1748,384,3051,63,27,36
610,3667,585,1763,384,3082,63,27,36
615,3698,585,1779,384,3113,63,27,36
620,3729,585,1794,384,3144,63,27,36
625,3760,585,1806,384,3175,63,27,36
630,3791,585,1820,384,3206,63,27,36
635,3822,585,1836,384,3237,63,27,36
640,3853,585,1856,384,3268,63,27,36
645,3884,586,1878,385,3298,63,27,36
650,3915,587,1890,386,3326,63,27,36
655,3946,594,1901,392,3351,63,27,36
660,3977,601,1919,398,3375,63,27,36
665,4008,607,1936,402,3401,64,27,37
670,4039,610,1954,404,3429,65,27,38
675,4070,613,1967,406,3457,66,27,39
680,4101,616,1980,409,3485,67,27,40
685,4132,617,1997,409,3515,67,27,40
690,4163,618,2009,409,3545,67,27,40
695,4194,620,2026,410,3574,67,27,40
700,4225,621,2040,411,3604,67,27,40
705,4256,622,2057,412,3634,67,27,40
710,4287,623,2071,412,3664,67,27,40
715,4318,625,2087,414,3692,67,27,40
720,4349,628,2105,417,3721,67,27,40
725,4380,629,2123,418,3751,67,27,40
730,4411,630,2138,419,3781,67,27,40
735,4442,631,2150,419,3811,67,27,40
740,4473,632,2167,419,3841,67,27,40
745,4504,633,2182,420,3871,67,27,40
750,4535,634,2200,421,3901,67,27,40
755,4566,635,2217,422,3931,67,27,40
760,4597,636,2232,423,3961,67,27,40
765,4628,637,2244,423,3991,67,27,40
770,4659,638,2262,423,4020,68,28,40
775,4690,642,2274,425,4045,69,28,41
780,4721,649,2290,431,4070,70,28,42
785,4752,653,2307,434,4099,70,28,42
790,4783,655,2321,436,4128,70,28,42
795,4814,656,2337,436,4158,70,28,42
800,4845,657,2350,436,4188,70,28,42
805,4876,658,2362,436,4218,70,28,42
810,4907,659,2378,437,4248,70,28,42
815,4938,660,2398,438,4278,70,28,42
820,4969,661,2409,438,4308,70,28,42
825,5000,662,2426,438,4338,70,28,42
830,5031,663,2443,439,4368,70,28,42
835,5062,664,2460,439,4398,70,28,42
840,5093,665,2473,440,4428,70,28,42
845,5124,667,2489,441,4456,70,28,42
850,5155,671,2506,445,4483,70,28,42
855,5186,673,2525,447,4513,70,28,42
860,5217,675,2540,448,4542,70,28,42
865,5248,676,2553,448,4572,70,28,42
870,5279,677,2572,448,4602,70,28,42
875,5310,678,2586,449,4632,70,28,42
880,5341,679,2604,449,4662,70,28,42
885,5372,680,2615,450,4692,70,28,42
890,5403,682,2627,450,4721,71,29,42
895,5434,685,2640,452,4749,72,30,42
900,5465,688,2655,454,4777,73,30,43
905,5496,691,2668,456,4805,74,30,44
910,5527,693,2681,457,4834,75,30,45
915,5558,696,2696,458,4861,76,30,46
920,5589,700,2710,460,4888,77,31,46
925,5620,703,2723,462,4917,78,31,47
930,5651,706,2737,463,4945,79,31,48
935,5682,709,2751,466,4973,80,31,49
940,5713,710,2764,467,5003,80,31,49
945,5744,711,2778,468,5033,80,31,49
950,5775,712,2792,469,5063,80,31,49
955,5806,713,2809,470,5092,80,31,49
960,5837,715,2825,471,5122,80,31,49
965,5868,715,2843,471,5153,80,31,49
970,5899,715,2861,471,5184,80,31,49
975,5930,715,2875,471,5215,80,31,49
980,5961,715,2890,471,5246,80,31,49
985,5992,715,2911,471,5277,80,31,49
990,6023,715,2926,471,5308,80,31,49
995,6054,715,2939,471,5339,80,31,49
1000,6085,715,2953,471,5370,80,31,49
1005,6116,715,2965,471,5400,80,31,49
1010,6147,720,2986,476,5424,80,31,49
1015,6178,727,3002,482,5449,80,31,49
1020,6209,735,3017,488,5472,80,31,49
1025,6240,739,3032,492,5500,81,31,50
1030,6271,743,3047,496,5526,82,31,51
1035,6302,747,3060,498,5554,83,31,52
1040,6333,751,3081,502,5580,84,32,52
1045,6364,755,3100,506,5608,85,33,52
1050,6395,756,3114,507,5639,86,33,53
1055,6426,756,3128,507,5670,87,34,53
1060,6457,756,3139,507,5701,87,34,53
1065,6488,756,3152,507,5732,87,34,53
1070,6519,756,3171,507,5763,87,34,53
1075,6550,756,3182,507,5794,87,34,53
1080,6581,756,3199,507,5825,87,34,53
1085,6612,756,3211,507,5855,87,34,53
1090,6643,756,3226,507,5887,87,34,53
1095,6674,756,3237,507,5918,87,34,53
1100,6705,756,3254,507,5948,87,34,53
1105,6736,756,3265,507,5980,87,34,53
1110,6767,756,3282,507,6011,87,34,53
1115,6798,756,3301,507,6042,87,34,53
1120,6829,756,3318,507,6072,87,34,53
1125,6860,757,3333,507,6103,87,34,53
1130,6891,759,3347,509,6131,87,34,53
1135,6922,762,3359,510,6155,87,34,53
1140,6953,771,3375,518,6180,87,34,53
1145,6984,777,3390,523,6206,88,34,54
1150,7015,779,3403,524,6236,89,34,55
1155,7046,781,3419,525,6265,90,34,56
1160,7077,783,3431,527,6293,90,34,56
1165,7108,786,3444,529,6322,90,34,56
1170,7139,788,3462,530,6351,90,34,56
1175,7170,790,3477,531,6380,90,34,56
1180,7201,792,3497,532,6409,90,34,56
1185,7232,794,3508,533,6438,90,34,56
1190,7263,796,3523,535,6467,90,34,56
1195,7294,797,3543,536,6497,90,34,56
1200,7325,799,3558,538,6526,90,34,56
1205,7356,802,3578,540,6553,90,34,56
1210,7387,807,3602,544,6580,90,34,56
1215,7418,808,3616,544,6610,90,34,56
1220,7449,809,3636,544,6640,90,34,56
1225,7480,810,3656,545,6670,90,34,56
1230,7511,811,3668,545,6700,90,34,56
1235,7542,812,3679,545,6730,90,34,56
1240,7573,813,3690,545,6760,90,34,56
1245,7604,814,3705,545,6787,90,34,56
1250,7635,821,3719,551,6812,90,34,56
1255,7666,825,3732,554,6838,90,34,56
1260,7697,834,3754,563,6860,91,34,57
1265,7728,836,3775,565,6892,91,34,57
1270,7759,838,3789,566,6921,91,34,57
1275,7790,839,3800,566,6951,91,34,57
1280,7821,840,3813,566,6981,91,34,57
1285,7852,841,3833,567,7011,91,34,57
1290,7883,842,3845,568,7041,91,34,57
1295,7914,842,3864,568,7072,91,34,57
1300,7945,842,3879,568,7103,91,34,57
1305,7976,842,3891,568,7134,91,34,57
1310,8007,842,3902,568,7165,91,34,57
1315,8038,842,3914,568,7196,91,34,57
1320,8069,843,3926,568,7226,91,34,57
1325,8100,844,3939,568,7256,91,34,57
1330,8131,846,3958,569,7285,91,34,57
1335,8162,847,3976,569,7314,91,34,57
1340,8193,850,3991,571,7343,91,34,57
1345,8224,852,4007,573,7371,91,34,57
1350,8255,854,4018,574,7401,91,34,57
1355,8286,855,4033,575,7430,91,34,57
1360,8317,857,4051,577,7459,91,34,57
1365,8348,859,4062,578,7489,91,34,57
1370,8379,860,4076,579,7513,91,34,57
1375,8410,874,4091,591,7533,91,34,57
1380,8441,882,4108,597,7553,91,34,57
1385,8472,889,4121,602,7583,91,34,57
1390,8503,893,4140,604,7610,91,34,57
1395,8534,897,4155,605,7637,91,34,57
1400,8565,901,4172,609,7664,91,34,57
1405,8596,904,4189,611,7692,91,34,57
1410,8627,908,4206,614,7719,91,34,57
1415,8658,912,4223,616,7746,91,34,57
1420,8689,915,4239,617,7774,91,34,57
1425,8720,918,4251,619,7802,91,34,57
1430,8751,921,4261,619,7830,91,34,57
1435,8782,925,4280,623,7857,91,34,57
1440,8813,928,4294,623,7885,91,34,57
1445,8844,933,4307,627,7911,91,34,57
1450,8875,937,4318,629,7938,91,34,57
1455,8906,941,4332,632,7965,91,34,57
1460,8937,944,4351,635,7993,91,34,57
1465,8968,947,4362,637,8021,91,34,57
1470,8999,950,4373,638,8049,91,34,57
1475,9030,952,4389,639,8078,91,34,57
1480,9061,953,4407,639,8108,91,34,57
1485,9092,954,4427,640,8137,91,34,57
1490,9123,954,4446,640,8167,91,34,57
1495,9154,954,4459,640,8199,91,34,57
1500,9185,954,4474,640,8231,91,34,57
1505,9216,954,4489,640,8262,91,34,57
1510,9247,954,4506,640,8293,91,34,57
1515,9278,954,4523,640,8324,91,34,57
1520,9309,954,4533,640,8355,91,34,57
1525,9340,954,4546,640,8386,91,34,57
1530,9371,954,4560,640,8417,91,34,57
1535,9402,954,4574,640,8448,91,34,57
1540,9433,954,4589,640,8479,91,34,57
1545,9464,955,4612,641,8509,92,35,57
1550,9495,956,4630,642,8539,92,35,57
1555,9526,958,4648,643,8568,92,35,57
1560,9557,960,4662,644,8597,92,35,57
1565,9588,962,4679,645,8626,92,35,57
1570,9619,964,4699,647,8655,92,35,57
1575,9650,966,4715,647,8684,92,35,57
1580,9681,969,4733,648,8712,92,35,57
1585,9712,973,4747,649,8739,92,35,57
1590,9743,977,4763,651,8766,92,35,57
1595,9774,983,4780,657,8791,92,35,57
1600,9805,988,4794,661,8817,92,35,57
1605,9836,993,4805,663,8840,92,35,57
1610,9867,1006,4821,673,8856,92,35,57
1615,9898,1020,4839,686,8872,92,35,57
1620,9929,1035,4856,701,8890,92,35,57
1625,9960,1035,4868,701,8925,93,36,57
1630,9991,1035,4878,701,8956,94,37,57
1635,10022,1035,4892,701,8987,95,38,57
1640,10053,1035,4906,701,9018,96,38,58
1645,10084,1035,4922,701,9049,96,38,58
1650,10115,1035,4934,701,9080,96,38,58
1655,10146,1035,4954,701,9111,96,38,58
1660,10177,1035,4970,701,9142,96,38,58
1665,10208,1035,4981,701,9173,96,38,58
1670,10239,1035,4996,701,9204,96,38,58
1675,10270,1035,5010,701,9235,96,38,58
1680,10301,1035,5023,701,9266,96,38,58
1685,10332,1038,5043,702,9294,96,38,58
1690,10363,1042,5058,705,9320,96,38,58
1695,10394,1047,5080,708,9346,96,38,58
1700,10425,1052,5099,713,9372,96,38,58
1705,10456,1055,5109,716,9401,96,38,58
1710,10487,1056,5123,717,9431,96,38,58
1715,10518,1057,5137,718,9461,96,38,58
1720,10549,1058,5157,718,9491,96,38,58
1725,10580,1060,5173,720,9520,96,38,58
1730,10611,1065,5185,722,9541,96,38,58
1735,10642,1073,5203,730,9561,96,38,58
1740,10673,1079,5215,736,9586,96,38,58
1745,10704,1083,5231,739,9621,96,38,58
1750,10735,1084,5247,739,9651,96,38,58
1755,10766,1085,5261,739,9681,96,38,58
1760,10797,1086,5278,739,9711,96,38,58
1765,10828,1087,5295,740,9741,96,38,58
1770,10859,1088,5305,740,9771,96,38,58
1775,10890,1089,5323,741,9801,96,38,58
1780,10921,1090,5342,741,9831,96,38,58
1785,10952,1091,5361,742,9861,96,38,58
1790,10983,1092,5378,742,9891,96,38,58
1795,11014,1093,5398,742,9921,96,38,58
1800,11045,1094,5412,742,9951,96,38,58
1805,11076,1095,5426,743,9981,96,38,58
1810,11107,1097,5440,744,10010,96,38,58
1815,11138,1099,5456,746,10039,96,38,58
1820,11169,1101,5473,747,10068,96,38,58
1825,11200,1103,5486,748,10097,96,38,58
1830,11231,1105,5503,749,10126,96,38,58
1835,11262,1107,5524,751,10154,96,38,58
1840,11293,1112,5540,754,10180,96,38,58
1845,11324,1117,5554,757,10204,97,39,58
1850,11355,1128,5566,766,10223,98,39,59
1855,11386,1139,5577,774,10242,99,40,59
1860,11417,1152,5592,785,10264,100,41,59
1865,11448,1153,5606,786,10295,100,41,59
1870,11479,1154,5621,787,10325,100,41,59
1875,11510,1155,5635,788,10355,100,41,59
1880,11541,1156,5644,788,10385,100,41,59
1885,11572,1157,5653,788,10415,100,41,59
1890,11603,1159,5666,789,10444,100,41,59
1895,11634,1161,5680,791,10473,100,41,59
1900,11665,1162,5693,792,10503,100,41,59
1905,11696,1164,5705,794,10532,100,41,59
1910,11727,1165,5721,795,10562,100,41,59
1915,11758,1166,5741,796,10592,100,41,59
1920,11789,1166,5754,796,10623,100,41,59
1925,11820,1166,5765,796,10654,100,41,59
1930,11851,1166,5780,796,10685,100,41,59
1935,11882,1166,5799,796,10716,100,41,59
1940,11913,1166,5817,796,10747,100,41,59
1945,11944,1166,5833,796,10778,100,41,59
1950,11975,1166,5847,796,10809,100,41,59
1955,12006,1166,5862,796,10840,100,41,59
1960,12037,1166,5880,796,10871,100,41,59
1965,12068,1168,5895,797,10898,100,41,59
1970,12099,1179,5914,807,10912,101,41,60
1975,12130,1194,5930,820,10929,102,41,61
1980,12161,1205,5944,831,10953,103,41,62
1985,12192,1208,5959,834,10984,103,41,62
1990,12223,1211,5974,836,11012,103,41,62
1995,12254,1213,5989,836,11040,103,41,62
2000,12285,1216,5997,837,11069,103,41,62
2005,12316,1218,6007,837,11098,103,41,62
2010,12347,1220,6022,838,11127,103,41,62
2015,12378,1222,6031,839,11156,103,41,62
2020,12409,1225,6040,840,11184,103,41,62
2025,12440,1227,6051,840,11213,103,41,62
2030,12471,1229,6065,841,11242,103,41,62
2035,12502,1232,6080,842,11270,103,41,62
2040,12533,1234,6092,843,11299,103,41,62
2045,12564,1237,6106,844,11327,103,41,62
2050,12595,1238,6121,844,11357,103,41,62
2055,12626,1239,6138,845,11387,103,41,62
2060,12657,1240,6153,846,11417,103,41,62
2065,12688,1241,6168,846,11447,103,41,62
2070,12719,1242,6179,846,11477,103,41,62
2075,12750,1243,6189,846,11507,103,41,62
2080,12781,1244,6202,846,11537,103,41,62
2085,12812,1245,6218,847,11567,103,41,62
2090,12843,1247,6234,848,11593,103,41,62
2095,12874,1249,6253,849,11622,103,41,62
2100,12905,1249,6267,849,11656,103,41,62
2105,12936,1252,6280,851,11683,103,41,62
2110,12967,1257,6296,854,11709,103,41,62
2115,12998,1263,6317,858,11734,104,42,62
2120,13029,1268,6334,862,11761,105,43,62
2125,13060,1270,6354,864,11790,105,43,62
2130,13091,1272,6367,866,11819,105,43,62
2135,13122,1274,6378,867,11848,105,43,62
2140,13153,1276,6391,868,11877,105,43,62
2145,13184,1278,6408,868,11906,105,43,62
2150,13215,1280,6421,869,11935,105,43,62
2155,13246,1282,6435,869,11964,105,43,62
2160,13277,1284,6446,870,11993,105,43,62
2165,13308,1287,6464,871,12021,105,43,62
2170,13339,1290,6481,872,12049,105,43,62
2175,13370,1291,6497,873,12079,105,43,62
2180,13401,1292,6513,874,12109,105,43,62
2185,13432,1293,6531,874,12139,105,43,62
2190,13463,1294,6546,875,12169,105,43,62
2195,13494,1295,6560,876,12199,105,43,62
2200,13525,1296,6577,877,12229,105,43,62
2205,13556,1297,6594,878,12259,105,43,62
2210,13587,1299,6614,880,12288,106,44,62
2215,13618,1302,6626,882,12316,107,45,62
2220,13649,1305,6639,885,12344,108,45,63
2225,13680,1311,6653,888,12369,109,45,64
2230,13711,1314,6668,891,12396,110,46,64
2235,13742,1317,6677,893,12425,111,46,65
2240,13773,1318,6688,893,12455,112,46,66
2245,13804,1319,6708,894,12485,113,47,66
2250,13835,1320,6723,894,12515,113,47,66
2255,13866,1321,6734,894,12545,113,47,66
2260,13897,1322,6744,894,12575,113,47,66
2265,13928,1323,6756,894,12605,113,47,66
2270,13959,1324,6770,894,12635,113,47,66
2275,13990,1325,6784,895,12665,113,47,66
2280,14021,1327,6797,896,12694,113,47,66
2285,14052,1331,6807,898,12721,113,47,66
2290,14083,1334,6823,899,12749,113,47,66
2295,14114,1337,6838,901,12777,113,47,66
2300,14145,1340,6854,903,12805,113,47,66
2305,14176,1343,6865,904,12833,113,47,66
2310,14207,1346,6877,905,12861,113,47,66
2315,14238,1349,6890,905,12889,113,47,66
2320,14269,1352,6911,907,12917,113,47,66
2325,14300,1355,6928,909,12945,113,47,66
2330,14331,1363,6944,915,12966,113,47,66
2335,14362,1369,6955,919,12992,113,47,66
2340,14393,1374,6968,923,13015,113,47,66
2345,14424,1377,6980,926,13044,113,47,66
2350,14455,1381,6999,929,13072,113,47,66
2355,14486,1384,7013,931,13102,113,47,66
2360,14517,1385,7025,931,13131,113,47,66
2365,14548,1387,7040,933,13160,113,47,66
2370,14579,1389,7058,934,13189,113,47,66
2375,14610,1391,7076,936,13218,113,47,66
2380,14641,1392,7087,937,13249,113,47,66
2385,14672,1393,7101,938,13279,113,47,66
2390,14703,1394,7113,939,13309,113,47,66
2395,14734,1395,7130,940,13338,113,47,66
2400,14765,1397,7146,942,13368,113,47,66
2405,14796,1397,7167,942,13399,113,47,66
2410,14827,1397,7182,942,13430,113,47,66
2415,14858,1397,7195,942,13461,113,47,66
2420,14889,1397,7206,942,13492,113,47,66
2425,14920,1397,7220,942,13523,113,47,66
2430,14951,1397,7234,942,13554,113,47,66
2435,14982,1397,7250,942,13585,113,47,66
2440,15013,1397,7261,942,13616,113,47,66
2445,15044,1399,7275,944,13644,113,47,66
2450,15075,1403,7295,948,13672,113,47,66
2455,15106,1407,7308,950,13696,113,47,66
2460,15137,1417,7325,959,13716,113,47,66
2465,15168,1424,7347,966,13743,114,48,66
2470,15199,1428,7356,968,13771,114,48,66
2475,15230,1431,7372,969,13798,114,48,66
2480,15261,1435,7384,970,13826,114,48,66
2485,15292,1438,7393,971,13854,114,48,66
2490,15323,1441,7409,972,13881,114,48,66
2495,15354,1445,7425,975,13909,114,48,66
2500,15385,1449,7444,978,13936,115,49,66
2505,15416,1452,7457,979,13964,116,49,67
2510,15447,1455,7471,979,13991,117,50,67
2515,15478,1459,7484,981,14017,118,50,68
2520,15509,1465,7500,986,14043,119,51,68
2525,15540,1466,7515,987,14074,120,52,68
2530,15571,1466,7532,987,14105,120,52,68
2535,15602,1466,7550,987,14136,120,52,68
2540,15633,1466,7570,987,14167,120,52,68
2545,15664,1466,7589,987,14198,120,52,68
2550,15695,1466,7608,987,14229,120,52,68
2555,15726,1466,7623,987,14260,120,52,68
2560,15757,1466,7639,987,14291,120,52,68
2565,15788,1466,7654,987,14322,120,52,68
2570,15819,1466,7667,987,14352,120,52,68
2575,15850,1466,7686,987,14382,120,52,68
2580,15881,1466,7703,987,14412,120,52,68
2585,15912,1471,7715,991,14441,120,52,68
2590,15943,1475,7725,994,14468,120,52,68
2595,15974,1479,7742,997,14495,120,52,68
2600,16005,1484,7762,999,14521,120,52,68
2605,16036,1490,7781,1004,14545,120,52,68
2610,16067,1495,7798,1006,14572,120,52,68
2615,16098,1498,7813,1007,14600,120,52,68
2620,16129,1500,7833,1009,14629,120,52,68
2625,16160,1504,7853,1013,14656,120,52,68
2630,16191,1508,7864,1015,14683,120,52,68
2635,16222,1513,7881,1018,14709,120,52,68
2640,16253,1515,7894,1020,14738,120,52,68
2645,16284,1516,7909,1021,14768,120,52,68
2650,16315,1517,7926,1021,14798,120,52,68
2655,16346,1518,7941,1022,14828,120,52,68
2660,16377,1519,7957,1022,14858,120,52,68
2665,16408,1520,7973,1022,14888,120,52,68
2670,16439,1521,7987,1023,14918,120,52,68
2675,16470,1522,8003,1023,14948,120,52,68
2680,16501,1523,8016,1024,14978,120,52,68
2685,16532,1524,8028,1024,15008,120,52,68
2690,16563,1525,8046,1025,15038,121,53,68
2695,16594,1526,8058,1026,15068,122,53,69
2700,16625,1527,8072,1026,15098,123,54,69
2705,16656,1529,8086,1026,15127,123,54,69
2710,16687,1531,8103,1027,15156,123,54,69
2715,16718,1533,8112,1027,15185,123,54,69
2720,16749,1536,8121,1027,15213,123,54,69
2725,16780,1539,8136,1029,15241,123,54,69
2730,16811,1542,8150,1030,15269,123,54,69
2735,16842,1545,8167,1031,15297,123,54,69
2740,16873,1548,8179,1032,15325,123,54,69
2745,16904,1552,8196,1035,15352,123,54,69
2750,16935,1556,8212,1038,15379,123,54,69
2755,16966,1559,8226,1040,15407,123,54,69
2760,16997,1562,8241,1042,15435,123,54,69
2765,17028,1564,8255,1042,15463,123,54,69
2770,17059,1567,8272,1044,15492,123,54,69
2775,17090,1569,8291,1045,15520,123,54,69
2780,17121,1572,8308,1047,15548,123,54,69
2785,17152,1574,8319,1048,15578,123,54,69
2790,17183,1576,8340,1049,15606,123,54,69
2795,17214,1579,8355,1051,15634,123,54,69
2800,17245,1581,8366,1053,15663,123,54,69
2805,17276,1584,8379,1055,15691,123,54,69
2810,17307,1586,8390,1056,15717,123,54,69
2815,17338,1594,8409,1064,15737,123,54,69
2820,17369,1600,8419,1069,15760,123,54,69
2825,17400,1605,8429,1072,15795,123,54,69
2830,17431,1607,8444,1072,15824,123,54,69
2835,17462,1610,8458,1075,15852,123,54,69
2840,17493,1612,8475,1077,15881,123,54,69
2845,17524,1614,8489,1077,15910,123,54,69
2850,17555,1617,8503,1078,15938,123,54,69
2855,17586,1620,8522,1080,15966,123,54,69
2860,17617,1622,8537,1080,15995,123,54,69
2865,17648,1624,8550,1081,16024,123,54,69
2870,17679,1626,8568,1082,16053,123,54,69
2875,17710,1629,8580,1085,16081,123,54,69
2880,17741,1632,8594,1087,16109,123,54,69
2885,17772,1633,8607,1087,16139,123,54,69
2890,17803,1636,8620,1089,16167,123,54,69
2895,17834,1639,8634,1092,16195,123,54,69
2900,17865,1639,8652,1092,16226,123,54,69
2905,17896,1639,8669,1092,16257,123,54,69
2910,17927,1640,8683,1093,16287,123,54,69
2915,17958,1641,8700,1093,16317,123,54,69
2920,17989,1642,8719,1094,16347,123,54,69
2925,18020,1643,8737,1094,16375,123,54,69
2930,18051,1648,8756,1099,16394,123,54,69
2935,18082,1657,8772,1107,16423,123,54,69
2940,18113,1659,8784,1108,16454,123,54,69
2945,18144,1659,8799,1108,16485,123,54,69
2950,18175,1659,8811,1108,16516,123,54,69
2955,18206,1659,8830,1108,16547,123,54,69
2960,18237,1659,8846,1108,16578,123,54,69
2965,18268,1659,8861,1108,16609,123,54,69
2970,18299,1659,8874,1108,16640,123,54,69
2975,18330,1659,8889,1108,16671,123,54,69
2980,18361,1659,8905,1108,16702,123,54,69
2985,18392,1660,8925,1109,16732,123,54,69
2990,18423,1661,8945,1110,16762,123,54,69
2995,18454,1663,8963,1112,16791,124,55,69
3000,18485,1665,8976,1112,16820,125,55,70
3005,18516,1667,8990,1113,16848,125,55,70
3010,18547,1670,9002,1115,16877,125,55,70
3015,18578,1672,9022,1115,16906,125,55,70
3020,18609,1674,9036,1116,16935,125,55,70
3025,18640,1676,9047,1117,16964,125,55,70
3030,18671,1678,9067,1119,16993,125,55,70
3035,18702,1680,9079,1120,17022,125,55,70
3040,18733,1682,9097,1120,17051,125,55,70
3045,18764,1684,9113,1121,17080,125,55,70
3050,18795,1688,9126,1122,17107,125,55,70
3055,18826,1692,9140,1125,17134,125,55,70
3060,18857,1696,9158,1127,17161,125,55,70
3065,18888,1700,9178,1129,17187,125,55,70
3070,18919,1706,9192,1132,17213,125,55,70
3075,18950,1711,9208,1135,17239,125,55,70
3080,18981,1714,9223,1136,17267,125,55,70
3085,19012,1717,9232,1138,17295,125,55,70
3090,19043,1720,9248,1141,17323,125,55,70
3095,19074,1723,9261,1143,17351,125,55,70
3100,19105,1726,9280,1145,17379,125,55,70
3105,19136,1730,9298,1147,17406,125,55,70
3110,19167,1733,9310,1150,17433,125,55,70
3115,19198,1738,9329,1153,17458,125,55,70
3120,19229,1739,9342,1153,17490,125,55,70
3125,19260,1740,9356,1153,17520,125,55,70
3130,19291,1741,9369,1154,17550,125,55,70
3135,19322,1742,9382,1154,17580,125,55,70
3140,19353,1743,9399,1155,17610,125,55,70
3145,19384,1744,9415,1155,17640,125,55,70
3150,19415,1745,9429,1155,17670,125,55,70
3155,19446,1746,9445,1156,17700,125,55,70
3160,19477,1747,9460,1157,17730,125,55,70
3165,19508,1748,9475,1158,17760,125,55,70
3170,19539,1749,9491,1158,17789,125,55,70
3175,19570,1751,9507,1160,17818,125,55,70
3180,19601,1753,9523,1162,17848,125,55,70
3185,19632,1755,9535,1164,17874,126,55,71
3190,19663,1762,9550,1170,17901,126,55,71
3195,19694,1762,9566,1170,17932,126,55,71
3200,19725,1762,9579,1170,17963,126,55,71
3205,19756,1762,9600,1170,17994,126,55,71
3210,19787,1762,9614,1170,18025,126,55,71
3215,19818,1762,9631,1170,18056,126,55,71
3220,19849,1763,9646,1170,18086,126,55,71
3225,19880,1766,9663,1172,18114,126,55,71
3230,19911,1769,9677,1174,18142,126,55,71
3235,19942,1771,9692,1175,18170,126,55,71
3240,19973,1776,9703,1179,18196,126,55,71
3245,20004,1781,9716,1184,18222,126,55,71
3250,20035,1786,9732,1187,18247,126,55,71
3255,20066,1792,9750,1191,18273,126,55,71
3260,20097,1796,9768,1195,18299,126,55,71
3265,20128,1801,9777,1198,18327,126,55,71
3270,20159,1805,9792,1200,18352,126,55,71
3275,20190,1810,9803,1202,18379,126,55,71
3280,20221,1814,9821,1204,18406,126,55,71
3285,20252,1819,9833,1206,18433,126,55,71
3290,20283,1821,9845,1206,18462,126,55,71
3295,20314,1822,9856,1206,18492,127,55,72
3300,20345,1825,9870,1207,18520,128,56,72
3305,20376,1831,9885,1211,18544,129,57,72
3310,20407,1836,9901,1215,18571,130,58,72
3315,20438,1836,9916,1215,18602,131,58,73
3320,20469,1836,9932,1215,18633,132,58,74
3325,20500,1836,9947,1215,18664,133,58,75
3330,20531,1836,9963,1215,18695,133,58,75
3335,20562,1836,9975,1215,18726,133,58,75
3340,20593,1836,9988,1215,18757,133,58,75
3345,20624,1836,10012,1215,18788,133,58,75
3350,20655,1836,10026,1215,18819,133,58,75
3355,20686,1836,10041,1215,18850,133,58,75
3360,20717,1836,10052,1215,18881,133,58,75
3365,20748,1836,10068,1215,18912,133,58,75
3370,20779,1836,10080,1215,18943,133,58,75
3375,20810,1836,10096,1215,18974,133,58,75
3380,20841,1836,10113,1215,19005,133,58,75
3385,20872,1836,10130,1215,19036,133,58,75
3390,20903,1837,10145,1215,19066,133,58,75
3395,20934,1838,10161,1216,19096,133,58,75
3400,20965,1839,10170,1216,19126,133,58,75
3405,20996,1840,10187,1217,19156,133,58,75
3410,21027,1843,10197,1220,19183,133,58,75
3415,21058,1847,10212,1222,19210,133,58,75
3420,21089,1852,10228,1225,19232,133,58,75
3425,21120,1858,10240,1229,19262,133,58,75
3430,21151,1861,10256,1230,19290,133,58,75
3435,21182,1863,10268,1232,19319,133,58,75
3440,21213,1865,10282,1234,19348,133,58,75
3445,21244,1867,10301,1235,19377,133,58,75
3450,21275,1869,10316,1236,19406,133,58,75
3455,21306,1871,10330,1236,19435,133,58,75
3460,21337,1873,10342,1237,19464,133,58,75
3465,21368,1875,10356,1237,19493,133,58,75
3470,21399,1877,10374,1237,19522,133,58,75
3475,21430,1879,10386,1238,19551,133,58,75
3480,21461,1881,10404,1239,19580,133,58,75
3485,21492,1885,10423,1242,19607,133,58,75
3490,21523,1888,10433,1243,19635,133,58,75
3495,21554,1891,10449,1244,19663,133,58,75
3500,21585,1894,10469,1245,19691,133,58,75
3505,21616,1897,10488,1246,19719,133,58,75
3510,21647,1900,10502,1247,19747,133,58,75
3515,21678,1903,10517,1247,19775,133,58,75
3520,21709,1906,10535,1249,19803,133,58,75
3525,21740,1910,10547,1250,19829,133,58,75
3530,21771,1915,10562,1253,19855,133,58,75
3535,21802,1920,10573,1255,19882,133,58,75
3540,21833,1924,10588,1257,19909,133,58,75
3545,21864,1927,10608,1260,19937,134,58,76
3550,21895,1930,10626,1262,19964,135,58,77
3555,21926,1931,10641,1263,19995,135,58,77
3560,21957,1931,10659,1263,20026,135,58,77
3565,21988,1931,10673,1263,20057,135,58,77
3570,22019,1931,10686,1263,20088,135,58,77
3575,22050,1931,10699,1263,20119,135,58,77
3580,22081,1931,10712,1263,20150,135,58,77
3585,22112,1931,10726,1263,20181,135,58,77
3590,22143,1931,10739,1263,20212,135,58,77
3595,22174,1931,10750,1263,20243,135,58,77
3600,22205,1931,10764,1263,20274,135,58,77
3605,22236,1934,10777,1265,20302,135,58,77
3610,22267,1938,10789,1267,20329,135,58,77
3615,22298,1941,10803,1270,20357,135,58,77
3620,22329,1943,10818,1270,20386,135,58,77
3625,22360,1946,10829,1271,20414,135,58,77
3630,22391,1950,10847,1274,20441,135,58,77
3635,22422,1954,10864,1277,20468,135,58,77
3640,22453,1955,10879,1278,20498,135,58,77
3645,22484,1956,10890,1278,20528,135,58,77
3650,22515,1959,10904,1280,20556,135,58,77
3655,22546,1963,10920,1283,20582,135,58,77
3660,22577,1970,10935,1289,20606,136,59,77
3665,22608,1972,10951,1291,20636,136,59,77
3670,22639,1973,10968,1292,20666,136,59,77
3675,22670,1974,10983,1293,20696,136,59,77
3680,22701,1975,10998,1294,20726,136,59,77
3685,22732,1976,11011,1294,20756,136,59,77
3690,22763,1977,11026,1295,20786,136,59,77
3695,22794,1978,11042,1295,20816,136,59,77
3700,22825,1979,11057,1296,20846,136,59,77
3705,22856,1980,11074,1297,20876,136,59,77
3710,22887,1981,11093,1298,20903,136,59,77
3715,22918,1982,11108,1298,20933,136,59,77
3720,22949,1983,11126,1299,20966,136,59,77
3725,22980,1984,11140,1300,20996,136,59,77
3730,23011,1985,11157,1300,21026,136,59,77
3735,23042,1986,11173,1301,21056,136,59,77
3740,23073,1987,11187,1302,21086,136,59,77
3745,23104,1988,11202,1303,21116,136,59,77
3750,23135,1989,11217,1303,21146,136,59,77
3755,23166,1990,11233,1303,21176,136,59,77
3760,23197,1991,11241,1303,21206,136,59,77
3765,23228,1993,11258,1305,21234,136,59,77
3770,23259,1999,11267,1308,21259,136,59,77
3775,23290,2008,11288,1316,21280,136,59,77
3780,23321,2017,11300,1323,21303,136,59,77
3785,23352,2021,11316,1327,21331,136,59,77
3790,23383,2024,11326,1328,21359,136,59,77
3795,23414,2026,11340,1330,21388,136,59,77
3800,23445,2028,11359,1331,21417,136,59,77
3805,23476,2029,11371,1332,21447,136,59,77
3810,23507,2030,11388,1332,21477,136,59,77
3815,23538,2032,11404,1334,21506,136,59,77
3820,23569,2034,11421,1335,21535,136,59,77
3825,23600,2037,11436,1337,21561,136,59,77
3830,23631,2042,11450,1342,21586,136,59,77
3835,23662,2042,11464,1342,21620,136,59,77
3840,23693,2042,11477,1342,21651,136,59,77
3845,23724,2044,11493,1343,21680,136,59,77
3850,23755,2046,11503,1344,21709,136,59,77
3855,23786,2047,11512,1344,21739,136,59,77
3860,23817,2049,11529,1345,21768,136,59,77
3865,23848,2051,11547,1347,21797,136,59,77
3870,23879,2053,11566,1348,21826,136,59,77
3875,23910,2054,11584,1349,21856,136,59,77
3880,23941,2054,11600,1349,21887,136,59,77
3885,23972,2055,11612,1350,21917,136,59,77
3890,24003,2056,11632,1351,21947,136,59,77
3895,24034,2057,11648,1352,21977,136,59,77
3900,24065,2059,11662,1353,22006,136,59,77
3905,24096,2062,11675,1354,22034,136,59,77
3910,24127,2065,11687,1355,22062,136,59,77
3915,24158,2068,11698,1356,22090,136,59,77
3920,24189,2071,11710,1357,22118,136,59,77
3925,24220,2074,11725,1359,22146,136,59,77
3930,24251,2077,11738,1360,22174,136,59,77
3935,24282,2080,11751,1362,22202,136,59,77
3940,24313,2086,11767,1365,22225,136,59,77
3945,24344,2095,11785,1373,22244,136,59,77
3950,24375,2104,11801,1379,22271,136,59,77
3955,24406,2108,11818,1382,22297,136,59,77
3960,24437,2114,11828,1386,22322,136,59,77
3965,24468,2118,11842,1389,22349,136,59,77
3970,24499,2122,11857,1391,22376,136,59,77
3975,24530,2126,11874,1394,22404,137,59,78
3980,24561,2128,11892,1394,22433,138,60,78
3985,24592,2130,11903,1395,22462,139,61,78
3990,24623,2132,11916,1396,22491,140,62,78
3995,24654,2134,11929,1396,22520,141,63,78
4000,24685,2136,11938,1396,22549,142,64,78
4005,24716,2138,11957,1397,22578,143,65,78
4010,24747,2142,11972,1399,22604,144,66,78
4015,24778,2146,11987,1403,22631,145,66,79
4020,24809,2151,12005,1407,22657,146,67,79
4025,24840,2154,12022,1410,22686,147,68,79
4030,24871,2156,12039,1412,22715,147,68,79
4035,24902,2157,12049,1412,22745,147,68,79
4040,24933,2159,12063,1413,22774,147,68,79
4045,24964,2160,12077,1414,22804,147,68,79
4050,24995,2161,12087,1414,22834,147,68,79
4055,25026,2162,12095,1414,22864,147,68,79
4060,25057,2164,12111,1416,22893,147,68,79
4065,25088,2165,12124,1416,22923,147,68,79
4070,25119,2167,12142,1418,22952,147,68,79
4075,25150,2168,12155,1418,22982,147,68,79
4080,25181,2170,12173,1419,23011,147,68,79
4085,25212,2174,12186,1423,23037,147,68,79
4090,25243,2178,12201,1425,23064,147,68,79
4095,25274,2181,12215,1428,23093,147,68,79
4100,25305,2182,12225,1428,23123,147,68,79
4105,25336,2184,12238,1429,23152,147,68,79
4110,25367,2185,12253,1429,23182,147,68,79
4115,25398,2187,12263,1430,23211,147,68,79
4120,25429,2188,12278,1430,23241,147,68,79
4125,25460,2189,12288,1431,23271,147,68,79
4130,25491,2192,12302,1432,23299,147,68,79
4135,25522,2195,12315,1434,23327,148,69,79
4140,25553,2198,12330,1436,23355,149,69,80
4145,25584,2199,12343,1436,23385,150,69,81
4150,25615,2200,12360,1437,23415,150,69,81
4155,25646,2201,12376,1437,23445,150,69,81
4160,25677,2202,12394,1437,23475,150,69,81
4165,25708,2203,12414,1438,23505,150,69,81
4170,25739,2204,12427,1439,23535,150,69,81
4175,25770,2205,12439,1439,23565,150,69,81
4180,25801,2206,12456,1439,23595,150,69,81
4185,25832,2207,12473,1440,23625,150,69,81
4190,25863,2208,12488,1441,23655,150,69,81
4195,25894,2209,12498,1441,23685,150,69,81
4200,25925,2212,12514,1442,23712,150,69,81
4205,25956,2218,12529,1447,23737,150,69,81
4210,25987,2224,12543,1451,23763,150,69,81
4215,26018,2228,12561,1455,23789,150,69,81
4220,26049,2229,12578,1456,23820,150,69,81
4225,26080,2229,12592,1456,23851,150,69,81
4230,26111,2229,12606,1456,23882,150,69,81
4235,26142,2229,12616,1456,23912,150,69,81
4240,26173,2229,12627,1456,23944,150,69,81
4245,26204,2229,12648,1456,23974,150,69,81
4250,26235,2230,12666,1457,24004,150,69,81
4255,26266,2231,12684,1458,24032,150,69,81
4260,26297,2236,12700,1463,24059,150,69,81
4265,26328,2240,12714,1466,24088,150,69,81
4270,26359,2242,12731,1467,24117,150,69,81
4275,26390,2244,12742,1468,24146,150,69,81
4280,26421,2246,12761,1470,24175,150,69,81
4285,26452,2249,12776,1472,24203,150,69,81
4290,26483,2251,12791,1473,24232,150,69,81
4295,26514,2254,12808,1476,24260,150,69,81
4300,26545,2255,12824,1476,24290,150,69,81
4305,26576,2256,12836,1476,24320,150,69,81
4310,26607,2257,12852,1476,24350,150,69,81
4315,26638,2258,12867,1477,24380,150,69,81
4320,26669,2259,12881,1477,24410,150,69,81
4325,26700,2264,12898,1479,24435,150,69,81
4330,26731,2270,12912,1483,24461,150,69,81
4335,26762,2275,12929,1487,24487,150,69,81
4340,26793,2278,12946,1488,24515,150,69,81
4345,26824,2281,12962,1489,24543,150,69,81
4350,26855,2284,12987,1491,24571,150,69,81
4355,26886,2287,13000,1492,24599,150,69,81
4360,26917,2290,13013,1494,24627,150,69,81
4365,26948,2294,13029,1496,24653,150,69,81
4370,26979,2297,13046,1498,24681,150,69,81
4375,27010,2301,13062,1501,24709,150,69,81
4380,27041,2305,13079,1502,24734,150,69,81
4385,27072,2307,13099,1504,24765,150,69,81
4390,27103,2307,13115,1504,24796,150,69,81
4395,27134,2307,13133,1504,24827,150,69,81
4400,27165,2307,13150,1504,24858,150,69,81
4405,27196,2307,13162,1504,24889,150,69,81
4410,27227,2307,13175,1504,24920,150,69,81
4415,27258,2307,13195,1504,24951,150,69,81
4420,27289,2307,13213,1504,24982,150,69,81
4425,27320,2307,13229,1504,25013,150,69,81
4430,27351,2308,13239,1504,25043,150,69,81
4435,27382,2309,13257,1505,25073,150,69,81
4440,27413,2310,13269,1505,25103,150,69,81
4445,27444,2311,13280,1505,25133,150,69,81
4450,27475,2312,13291,1506,25163,150,69,81
4455,27506,2313,13305,1506,25193,150,69,81
4460,27537,2315,13318,1508,25222,150,69,81
4465,27568,2317,13333,1510,25251,150,69,81
4470,27599,2319,13345,1511,25280,150,69,81
4475,27630,2320,13355,1511,25310,150,69,81
4480,27661,2321,13367,1511,25340,150,69,81
4485,27692,2324,13384,1514,25368,150,69,81
4490,27723,2324,13395,1514,25398,150,69,81
4495,27754,2324,13406,1514,25430,150,69,81
4500,27785,2324,13427,1514,25461,150,69,81
4505,27816,2325,13436,1515,25491,150,69,81
4510,27847,2326,13451,1515,25521,150,69,81
4515,27878,2327,13465,1515,25551,150,69,81
4520,27909,2328,13484,1516,25581,150,69,81
4525,27940,2330,13500,1517,25610,150,69,81
4530,27971,2331,13515,1517,25640,150,69,81
4535,28002,2333,13528,1518,25669,150,69,81
4540,28033,2334,13542,1518,25699,150,69,81
4545,28064,2335,13559,1518,25729,150,69,81
4550,28095,2337,13570,1518,25756,151,69,82
4555,28126,2343,13580,1523,25783,152,69,83
4560,28157,2350,13595,1528,25806,153,69,84
4565,28188,2352,13610,1530,25836,154,69,85
4570,28219,2353,13626,1531,25866,154,69,85
4575,28250,2354,13643,1531,25896,154,69,85
4580,28281,2355,13655,1532,25926,154,69,85
4585,28312,2356,13673,1533,25956,154,69,85
4590,28343,2357,13680,1533,25986,154,69,85
4595,28374,2358,13693,1533,26015,154,69,85
4600,28405,2360,13705,1534,26044,154,69,85
4605,28436,2362,13719,1536,26073,154,69,85
4610,28467,2365,13736,1538,26099,154,69,85
4615,28498,2371,13751,1544,26127,154,69,85
4620,28529,2373,13770,1544,26154,154,69,85
4625,28560,2377,13784,1547,26183,154,69,85
4630,28591,2379,13796,1547,26212,154,69,85
4635,28622,2381,13815,1549,26241,154,69,85
4640,28653,2383,13824,1550,26270,154,69,85
4645,28684,2385,13837,1552,26299,154,69,85
4650,28715,2387,13853,1552,26328,154,69,85
4655,28746,2389,13872,1553,26357,154,69,85
4660,28777,2391,13887,1554,26386,154,69,85
4665,28808,2393,13902,1554,26415,154,69,85
4670,28839,2395,13915,1554,26444,154,69,85
4675,28870,2398,13930,1556,26469,154,69,85
4680,28901,2404,13941,1561,26496,154,69,85
4685,28932,2409,13956,1564,26522,154,69,85
4690,28963,2414,13973,1568,26549,154,69,85
4695,28994,2419,13985,1572,26574,154,69,85
4700,29025,2421,13993,1574,26604,154,69,85
4705,29056,2422,14006,1575,26634,154,69,85
4710,29087,2423,14022,1575,26664,154,69,85
4715,29118,2424,14038,1576,26694,154,69,85
4720,29149,2425,14053,1577,26724,154,69,85
4725,29180,2426,14069,1578,26754,154,69,85
4730,29211,2427,14085,1579,26784,154,69,85
4735,29242,2428,14106,1579,26814,154,69,85
4740,29273,2429,14122,1579,26844,154,69,85
4745,29304,2432,14136,1582,26872,155,69,86
4750,29335,2432,14148,1582,26903,155,69,86
4755,29366,2432,14161,1582,26934,155,69,86
4760,29397,2432,14175,1582,26965,155,69,86
4765,29428,2432,14189,1582,26996,155,69,86
4770,29459,2432,14209,1582,27027,155,69,86
4775,29490,2432,14223,1582,27058,155,69,86
4780,29521,2432,14242,1582,27089,155,69,86
4785,29552,2432,14260,1582,27119,155,69,86
4790,29583,2432,14275,1582,27148,155,69,86
4795,29614,2432,14288,1582,27182,155,69,86
4800,29645,2433,14306,1583,27207,155,69,86
4805,29676,2438,14326,1587,27238,155,69,86
4810,29707,2441,14341,1589,27265,155,69,86
4815,29738,2445,14355,1591,27292,155,69,86
4820,29769,2449,14371,1595,27320,155,69,86
4825,29800,2453,14392,1598,27346,155,69,86
4830,29831,2457,14407,1601,27373,155,69,86
4835,29862,2462,14423,1604,27400,155,69,86
4840,29893,2465,14436,1605,27427,155,69,86
4845,29924,2468,14453,1608,27456,155,69,86
4850,29955,2470,14467,1609,27484,155,69,86
4855,29986,2475,14485,1612,27510,155,69,86
4860,30017,2479,14500,1615,27538,155,69,86
4865,30048,2480,14517,1615,27568,155,69,86
4870,30079,2482,14529,1616,27597,155,69,86
4875,30110,2485,14548,1618,27625,155,69,86
4880,30141,2486,14560,1618,27655,155,69,86
4885,30172,2487,14571,1618,27685,155,69,86
4890,30203,2488,14588,1619,27715,155,69,86
4895,30234,2489,14599,1619,27745,155,69,86
4900,30265,2490,14616,1620,27775,155,69,86
4905,30296,2491,14629,1621,27805,155,69,86
4910,30327,2492,14643,1622,27835,155,69,86
4915,30358,2493,14657,1623,27865,156,70,86
4920,30389,2494,14671,1623,27895,157,70,87
4925,30420,2497,14688,1624,27922,158,70,88
4930,30451,2500,14703,1626,27950,159,70,89
4935,30482,2503,14716,1628,27978,160,71,89
4940,30513,2507,14730,1632,28006,161,71,90
4945,30544,2511,14747,1635,28033,162,71,91
4950,30575,2515,14763,1637,28060,163,72,91
4955,30606,2518,14786,1639,28088,164,73,91
4960,30637,2520,14801,1640,28117,165,74,91
4965,30668,2525,14819,1644,28142,166,75,91
4970,30699,2530,14836,1648,28169,167,76,91
4975,30730,2533,14847,1650,28197,168,76,92
4980,30761,2536,14859,1652,28225,168,76,92
4985,30792,2539,14879,1655,28252,168,76,92
4990,30823,2542,14895,1656,28280,168,76,92
4995,30854,2546,14909,1658,28307,168,76,92
5000,30885,2549,14923,1660,28335,168,76,92
5005,30916,2552,14938,1661,28363,168,76,92
5010,30947,2557,14954,1666,28390,168,76,92
5015,30978,2559,14969,1667,28419,168,76,92
5020,31009,2561,14989,1669,28448,168,76,92
5025,31040,2563,15003,1670,28477,168,76,92
5030,31071,2565,15019,1672,28506,168,76,92
5035,31102,2567,15030,1672,28535,168,76,92
5040,31133,2569,15046,1673,28564,168,76,92
5045,31164,2572,15058,1674,28592,168,76,92
5050,31195,2575,15069,1675,28619,168,76,92
5055,31226,2578,15075,1676,28648,168,76,92
5060,31257,2582,15092,1679,28675,168,76,92
5065,31288,2585,15112,1682,28702,168,76,92
5070,31319,2589,15126,1686,28730,168,76,92
5075,31350,2592,15141,1688,28758,168,76,92
5080,31381,2597,15155,1692,28784,169,76,93
5085,31412,2602,15170,1695,28810,170,76,94
5090,31443,2606,15183,1697,28835,171,76,95
5095,31474,2612,15202,1702,28857,172,76,96
5100,31505,2622,15216,1710,28881,173,77,96
5105,31536,2624,15229,1712,28912,173,77,96
5110,31567,2624,15242,1712,28943,173,77,96
5115,31598,2624,15257,1712,28974,173,77,96
5120,31629,2624,15273,1712,29005,173,77,96
5125,31660,2624,15284,1712,29036,173,77,96
5130,31691,2624,15298,1712,29067,173,77,96
5135,31722,2624,15316,1712,29098,173,77,96
5140,31753,2624,15334,1712,29129,173,77,96
5145,31784,2624,15351,1712,29160,173,77,96
5150,31815,2624,15359,1712,29191,173,77,96
5155,31846,2624,15376,1712,29222,173,77,96
5160,31877,2624,15389,1712,29253,173,77,96
5165,31908,2628,15406,1715,29277,173,77,96
5170,31939,2636,15420,1722,29303,173,77,96
5175,31970,2639,15437,1725,29331,173,77,96
5180,32001,2642,15454,1727,29359,173,77,96
5185,32032,2645,15467,1729,29387,173,77,96
5190,32063,2646,15483,1729,29417,173,77,96
5195,32094,2646,15500,1729,29448,173,77,96
5200,32125,2648,15513,1731,29477,173,77,96
5205,32156,2650,15529,1733,29505,173,77,96
5210,32187,2654,15542,1735,29532,174,78,96
5215,32218,2657,15557,1736,29561,175,79,96
5220,32249,2660,15573,1739,29588,176,80,96
5225,32280,2664,15592,1742,29616,177,80,97
5230,32311,2667,15605,1744,29644,178,80,98
5235,32342,2670,15618,1747,29672,179,81,98
5240,32373,2673,15630,1749,29700,180,82,98
5245,32404,2676,15647,1751,29728,181,83,98
5250,32435,2680,15666,1754,29755,182,83,99
5255,32466,2684,15682,1757,29782,183,83,100
5260,32497,2685,15702,1757,29812,183,83,100
5265,32528,2686,15722,1757,29842,183,83,100
5270,32559,2687,15741,1758,29872,183,83,100
5275,32590,2688,15748,1758,29902,183,83,100
5280,32621,2690,15761,1759,29931,183,83,100
5285,32652,2693,15774,1760,29959,183,83,100
5290,32683,2697,15787,1761,29986,183,83,100
5295,32714,2700,15798,1763,30014,183,83,100
5300,32745,2703,15814,1765,30041,183,83,100
5305,32776,2707,15829,1768,30068,183,83,100
5310,32807,2712,15846,1772,30095,183,83,100
5315,32838,2716,15865,1773,30121,183,83,100
5320,32869,2721,15877,1776,30147,183,83,100
5325,32900,2726,15893,1779,30174,183,83,100
5330,32931,2729,15905,1780,30202,183,83,100
5335,32962,2735,15923,1784,30227,183,83,100
5340,32993,2741,15942,1789,30252,183,83,100
5345,33024,2742,15951,1790,30282,183,83,100
5350,33055,2743,15969,1790,30312,183,83,100
5355,33086,2744,15983,1790,30342,183,83,100
5360,33117,2746,16000,1792,30371,183,83,100
5365,33148,2748,16016,1793,30400,183,83,100
5370,33179,2749,16026,1793,30430,183,83,100
5375,33210,2750,16041,1793,30460,183,83,100
5380,33241,2752,16058,1794,30489,183,83,100
5385,33272,2753,16068,1795,30519,183,83,100
5390,33303,2754,16086,1796,30549,184,84,100
5395,33334,2755,16102,1797,30578,185,84,101
5400,33365,2759,16118,1800,30604,186,85,101
5405,33396,2762,16133,1802,30634,186,85,101
5410,33427,2763,16152,1802,30664,186,85,101
5415,33458,2765,16168,1803,30693,186,85,101
5420,33489,2767,16192,1805,30722,186,85,101
5425,33520,2769,16208,1806,30751,186,85,101
5430,33551,2771,16223,1807,30780,186,85,101
5435,33582,2772,16236,1808,30810,186,85,101
5440,33613,2774,16255,1810,30839,186,85,101
5445,33644,2775,16268,1810,30868,186,85,101
5450,33675,2779,16283,1813,30896,186,85,101
5455,33706,2782,16299,1816,30918,186,85,101
5460,33737,2791,16314,1824,30943,186,85,101
5465,33768,2795,16329,1827,30973,186,85,101
5470,33799,2797,16343,1829,31002,186,85,101
5475,33830,2799,16359,1831,31031,186,85,101
5480,33861,2801,16379,1832,31060,186,85,101
5485,33892,2803,16392,1833,31089,186,85,101
5490,33923,2805,16407,1834,31118,186,85,101
5495,33954,2807,16423,1835,31147,186,85,101
5500,33985,2809,16438,1837,31176,186,85,101
5505,34016,2811,16456,1838,31205,186,85,101
5510,34047,2814,16464,1839,31233,187,85,102
5515,34078,2816,16479,1841,31262,188,85,103
5520,34109,2819,16497,1842,31290,189,85,104
5525,34140,2820,16513,1842,31320,190,86,104
5530,34171,2821,16531,1843,31350,191,87,104
5535,34202,2822,16548,1843,31380,192,88,104
5540,34233,2824,16565,1844,31409,193,89,104
5545,34264,2825,16583,1845,31439,194,89,105
5550,34295,2826,16596,1846,31469,195,89,106
5555,34326,2827,16609,1846,31499,196,89,107
5560,34357,2830,16626,1849,31527,197,90,107
5565,34388,2833,16642,1850,31554,198,91,107
5570,34419,2841,16657,1856,31575,199,91,108
5575,34450,2848,16673,1861,31596,200,92,108
5580,34481,2859,16691,1872,31618,201,92,109
5585,34512,2860,16705,1873,31652,201,92,109
5590,34543,2860,16722,1873,31683,201,92,109
5595,34574,2860,16734,1873,31714,201,92,109
5600,34605,2860,16748,1873,31745,201,92,109
5605,34636,2860,16761,1873,31776,201,92,109
5610,34667,2860,16780,1873,31807,201,92,109
5615,34698,2860,16792,1873,31838,201,92,109
5620,34729,2860,16807,1873,31869,201,92,109
5625,34760,2860,16819,1873,31900,201,92,109
5630,34791,2860,16834,1873,31931,201,92,109
5635,34822,2860,16851,1873,31962,201,92,109
5640,34853,2860,16868,1873,31993,201,92,109
5645,34884,2861,16880,1873,32022,201,92,109
5650,34915,2863,16894,1875,32052,201,92,109
5655,34946,2864,16908,1875,32082,201,92,109
5660,34977,2865,16920,1876,32112,201,92,109
5665,35008,2866,16936,1876,32142,201,92,109
5670,35039,2867,16952,1876,32172,201,92,109
5675,35070,2868,16965,1876,32202,201,92,109
5680,35101,2869,16985,1877,32232,201,92,109
5685,35132,2871,16994,1879,32261,201,92,109
5690,35163,2874,17013,1881,32288,201,92,109
5695,35194,2879,17029,1885,32311,201,92,109
5700,35225,2888,17043,1893,32335,201,92,109
5705,35256,2893,17061,1897,32362,201,92,109
5710,35287,2898,17073,1902,32389,201,92,109
5715,35318,2901,17088,1904,32417,201,92,109
5720,35349,2902,17098,1904,32447,201,92,109
5725,35380,2903,17114,1904,32477,201,92,109
5730,35411,2904,17131,1904,32507,201,92,109
5735,35442,2905,17145,1905,32537,201,92,109
5740,35473,2906,17160,1905,32567,201,92,109
5745,35504,2907,17177,1905,32597,201,92,109
5750,35535,2908,17193,1905,32627,201,92,109
5755,35566,2909,17207,1906,32657,201,92,109
5760,35597,2910,17224,1906,32687,201,92,109
5765,35628,2912,17238,1908,32716,201,92,109
5770,35659,2915,17251,1910,32744,201,92,109
5775,35690,2918,17264,1913,32772,201,92,109
5780,35721,2920,17279,1914,32801,201,92,109
5785,35752,2923,17297,1915,32829,201,92,109
5790,35783,2924,17312,1916,32859,201,92,109
5795,35814,2925,17327,1917,32889,201,92,109
5800,35845,2926,17341,1917,32919,201,92,109
5805,35876,2927,17360,1917,32948,201,92,109
5810,35907,2928,17376,1918,32979,201,92,109
5815,35938,2928,17390,1918,33010,201,92,109
5820,35969,2928,17410,1918,33041,201,92,109
5825,36000,2929,17427,1918,33071,201,92,109
5830,36031,2931,17440,1919,33100,201,92,109
5835,36062,2933,17457,1920,33129,201,92,109
5840,36093,2935,17476,1922,33158,201,92,109
5845,36124,2938,17493,1924,33186,201,92,109
5850,36155,2940,17511,1925,33215,201,92,109
5855,36186,2941,17520,1925,33245,201,92,109
5860,36217,2943,17536,1926,33274,201,92,109
5865,36248,2944,17553,1927,33304,201,92,109
5870,36279,2948,17573,1930,33330,201,92,109
5875,36310,2951,17589,1933,33359,201,92,109
5880,36341,2953,17600,1934,33388,201,92,109
5885,36372,2958,17614,1938,33413,201,92,109
5890,36403,2965,17630,1945,33436,201,92,109
5895,36434,2972,17647,1951,33461,201,92,109
5900,36465,2974,17658,1952,33490,201,92,109
5905,36496,2977,17671,1953,33519,201,92,109
5910,36527,2980,17687,1956,33546,201,92,109
5915,36558,2984,17700,1959,33574,201,92,109
5920,36589,2987,17713,1959,33602,201,92,109
5925,36620,2991,17728,1961,33629,201,92,109
5930,36651,2994,17740,1962,33657,201,92,109
5935,36682,2998,17753,1963,33684,201,92,109
5940,36713,3002,17769,1965,33711,201,92,109
5945,36744,3003,17782,1965,33739,201,92,109
5950,36775,3006,17797,1968,33769,201,92,109
5955,36806,3007,17815,1969,33799,201,92,109
5960,36837,3008,17826,1970,33829,201,92,109
5965,36868,3009,17840,1971,33859,201,92,109
5970,36899,3010,17855,1971,33889,201,92,109
5975,36930,3011,17869,1971,33919,201,92,109
5980,36961,3012,17883,1971,33949,201,92,109
5985,36992,3013,17895,1972,33978,201,92,109
5990,37023,3016,17909,1973,34006,202,93,109
5995,37054,3021,17926,1977,34031,203,93,110
6000,37085,3025,17944,1981,34059,204,94,110
6005,37116,3029,17959,1984,34086,204,94,110
6010,37147,3032,17971,1986,34114,204,94,110
6015,37178,3035,17983,1988,34143,204,94,110
6020,37209,3037,17993,1989,34172,204,94,110
6025,37240,3039,18007,1990,34201,204,94,110
6030,37271,3041,18022,1991,34230,204,94,110
6035,37302,3043,18039,1992,34259,204,94,110
6040,37333,3045,18056,1994,34288,204,94,110
6045,37364,3047,18078,1996,34317,204,94,110
6050,37395,3049,18093,1998,34346,204,94,110
6055,37426,3051,18109,2000,34375,204,94,110
6060,37457,3053,18126,2002,34404,204,94,110
6065,37488,3055,18136,2004,34433,204,94,110
6070,37519,3057,18143,2004,34462,204,94,110
6075,37550,3059,18161,2005,34491,204,94,110
6080,37581,3061,18179,2007,34520,204,94,110
6085,37612,3063,18194,2008,34549,204,94,110
6090,37643,3065,18207,2009,34578,204,94,110
6095,37674,3067,18223,2009,34607,204,94,110
6100,37705,3069,18236,2010,34636,204,94,110
6105,37736,3073,18253,2013,34660,204,94,110
6110,37767,3084,18268,2021,34679,205,95,110
6115,37798,3094,18284,2030,34699,206,96,110
6120,37829,3102,18299,2037,34722,207,96,111
6125,37860,3103,18314,2038,34757,207,96,111
6130,37891,3103,18328,2038,34788,207,96,111
6135,37922,3103,18343,2038,34819,207,96,111
6140,37953,3103,18357,2038,34850,207,96,111
6145,37984,3103,18372,2038,34881,207,96,111
6150,38015,3103,18389,2038,34912,207,96,111
6155,38046,3103,18409,2038,34943,207,96,111
6160,38077,3103,18424,2038,34974,207,96,111
6165,38108,3103,18441,2038,35005,207,96,111
6170,38139,3103,18457,2038,35036,207,96,111
6175,38170,3103,18474,2038,35067,207,96,111
6180,38201,3103,18486,2038,35098,207,96,111
6185,38232,3104,18499,2038,35126,207,96,111
6190,38263,3108,18516,2041,35154,207,96,111
6195,38294,3110,18528,2042,35184,207,96,111
6200,38325,3111,18544,2043,35214,207,96,111
6205,38356,3112,18558,2044,35244,207,96,111
6210,38387,3113,18573,2045,35274,207,96,111
6215,38418,3114,18587,2045,35304,207,96,111
6220,38449,3115,18605,2046,35333,207,96,111
6225,38480,3117,18613,2047,35362,208,96,112
6230,38511,3124,18625,2050,35385,209,97,112
6235,38542,3129,18639,2053,35413,209,97,112
6240,38573,3135,18655,2058,35434,209,97,112
6245,38604,3140,18670,2062,35464,209,97,112
6250,38635,3143,18683,2063,35492,209,97,112
6255,38666,3147,18697,2065,35519,209,97,112
6260,38697,3149,18710,2065,35548,209,97,112
6265,38728,3153,18725,2067,35575,209,97,112
6270,38759,3155,18745,2069,35604,209,97,112
6275,38790,3156,18759,2070,35634,209,97,112
6280,38821,3158,18771,2071,35663,209,97,112
6285,38852,3159,18789,2071,35693,209,97,112
6290,38883,3161,18809,2073,35722,209,97,112
6295,38914,3161,18823,2073,35753,209,97,112
6300,38945,3161,18840,2073,35784,209,97,112
6305,38976,3166,18856,2077,35809,209,97,112
6310,39007,3170,18871,2080,35837,209,97,112
6315,39038,3170,18889,2080,35868,209,97,112
6320,39069,3170,18904,2080,35899,209,97,112
6325,39100,3170,18920,2080,35930,209,97,112
6330,39131,3170,18933,2080,35961,209,97,112
6335,39162,3170,18949,2080,35992,210,97,113
6340,39193,3170,18966,2080,36023,211,98,113
6345,39224,3171,18984,2081,36052,212,99,113
6350,39255,3172,18996,2082,36083,213,100,113
6355,39286,3173,19011,2082,36112,213,100,113
6360,39317,3175,19029,2083,36141,213,100,113
6365,39348,3180,19049,2087,36168,213,100,113
6370,39379,3185,19067,2091,36194,213,100,113
6375,39410,3190,19081,2095,36219,213,100,113
6380,39441,3196,19095,2098,36244,213,100,113
6385,39472,3202,19110,2102,36269,213,100,113
6390,39503,3208,19128,2107,36295,213,100,113
6395,39534,3213,19147,2110,36320,213,100,113
6400,39565,3219,19163,2114,36346,213,100,113
6405,39596,3223,19174,2116,36373,213,100,113
6410,39627,3229,19192,2121,36397,213,100,113
6415,39658,3235,19208,2125,36422,213,100,113
6420,39689,3238,19224,2127,36451,213,100,113
6425,39720,3241,19239,2129,36478,213,100,113
6430,39751,3246,19255,2134,36505,213,100,113
6435,39782,3250,19266,2136,36532,213,100,113
6440,39813,3253,19279,2138,36559,213,100,113
6445,39844,3255,19298,2140,36589,213,100,113
6450,39875,3255,19309,2140,36620,213,100,113
6455,39906,3255,19325,2140,36651,214,101,113
6460,39937,3255,19336,2140,36681,215,101,114
6465,39968,3255,19347,2140,36713,216,101,115
6470,39999,3255,19358,2140,36744,217,101,116
6475,40030,3255,19371,2140,36775,217,101,116
6480,40061,3255,19395,2140,36806,217,101,116
6485,40092,3255,19407,2140,36837,217,101,116
6490,40123,3255,19420,2140,36868,217,101,116
6495,40154,3255,19437,2140,36899,217,101,116
6500,40185,3255,19451,2140,36930,217,101,116
6505,40216,3255,19462,2140,36961,217,101,116
6510,40247,3255,19477,2140,36992,217,101,116
6515,40278,3255,19491,2140,37023,217,101,116
6520,40309,3255,19506,2140,37054,217,101,116
6525,40340,3257,19520,2142,37083,217,101,116
6530,40371,3262,19537,2146,37109,217,101,116
6535,40402,3265,19550,2147,37136,217,101,116
6540,40433,3270,19561,2150,37163,217,101,116
6545,40464,3273,19575,2151,37190,217,101,116
6550,40495,3279,19593,2157,37215,217,101,116
6555,40526,3284,19606,2160,37242,217,101,116
6560,40557,3287,19615,2162,37270,217,101,116
6565,40588,3290,19632,2163,37298,217,101,116
6570,40619,3293,19647,2166,37326,217,101,116
6575,40650,3295,19659,2168,37355,218,101,117
6580,40681,3296,19670,2168,37385,219,101,118
6585,40712,3297,19681,2169,37413,220,101,119
6590,40743,3299,19696,2171,37443,220,101,119
6595,40774,3301,19712,2172,37472,220,101,119
6600,40805,3303,19729,2174,37500,220,101,119
6605,40836,3305,19739,2176,37531,220,101,119
6610,40867,3306,19757,2177,37561,220,101,119
6615,40898,3307,19773,2178,37591,220,101,119
6620,40929,3308,19790,2179,37621,220,101,119
6625,40960,3309,19804,2180,37651,220,101,119
6630,40991,3310,19818,2180,37681,220,101,119
6635,41022,3311,19834,2180,37711,220,101,119
6640,41053,3312,19855,2180,37741,220,101,119
6645,41084,3313,19872,2181,37771,220,101,119
6650,41115,3315,19890,2183,37800,220,101,119
6655,41146,3317,19908,2183,37829,220,101,119
6660,41177,3321,19926,2185,37856,220,101,119
6665,41208,3330,19946,2193,37877,221,102,119
6670,41239,3337,19962,2198,37901,222,102,120
6675,41270,3340,19975,2199,37929,222,102,120
6680,41301,3343,19990,2201,37958,222,102,120
6685,41332,3346,20004,2204,37985,222,102,120
6690,41363,3350,20021,2208,38013,222,102,120
6695,41394,3352,20035,2210,38042,222,102,120
6700,41425,3353,20046,2210,38072,222,102,120
6705,41456,3354,20057,2210,38102,222,102,120
6710,41487,3355,20065,2210,38132,222,102,120
6715,41518,3357,20080,2211,38161,222,102,120
6720,41549,3359,20095,2213,38190,222,102,120
6725,41580,3361,20111,2215,38219,222,102,120
6730,41611,3361,20133,2215,38250,222,102,120
6735,41642,3361,20150,2215,38281,222,102,120
6740,41673,3361,20162,2215,38312,222,102,120
6745,41704,3361,20179,2215,38343,222,102,120
6750,41735,3361,20198,2215,38374,222,102,120
6755,41766,3361,20215,2215,38405,222,102,120
6760,41797,3361,20226,2215,38436,222,102,120
6765,41828,3361,20240,2215,38466,222,102,120
6770,41859,3363,20255,2217,38496,222,102,120
6775,41890,3365,20270,2219,38523,222,102,120
6780,41921,3369,20285,2222,38552,223,103,120
6785,41952,3374,20299,2225,38577,224,103,121
6790,41983,3380,20311,2228,38603,224,103,121
6795,42014,3386,20328,2232,38628,224,103,121
6800,42045,3390,20340,2233,38655,224,103,121
6805,42076,3393,20357,2233,38682,224,103,121
6810,42107,3397,20369,2235,38709,224,103,121
6815,42138,3402,20383,2238,38736,224,103,121
6820,42169,3406,20397,2241,38763,224,103,121
6825,42200,3410,20417,2244,38790,224,103,121
6830,42231,3414,20436,2246,38816,224,103,121
6835,42262,3419,20450,2250,38843,224,103,121
6840,42293,3423,20466,2253,38870,224,103,121
6845,42324,3424,20480,2253,38900,224,103,121
6850,42355,3425,20497,2254,38930,224,103,121
6855,42386,3426,20510,2254,38960,224,103,121
6860,42417,3427,20524,2254,38990,224,103,121
6865,42448,3428,20537,2254,39020,224,103,121
6870,42479,3429,20554,2255,39050,224,103,121
6875,42510,3430,20567,2255,39080,224,103,121
6880,42541,3431,20585,2255,39110,224,103,121
6885,42572,3432,20599,2256,39140,224,103,121
6890,42603,3435,20620,2258,39167,224,103,121
6895,42634,3436,20626,2258,39197,225,103,122
6900,42665,3441,20645,2263,39222,226,104,122
6905,42696,3443,20657,2264,39253,227,104,123
6910,42727,3445,20672,2265,39282,228,104,124
6915,42758,3446,20687,2265,39312,229,105,124
6920,42789,3447,20703,2266,39342,230,105,125
6925,42820,3448,20719,2267,39372,231,106,125
6930,42851,3449,20737,2268,39402,232,107,125
6935,42882,3450,20754,2268,39432,233,108,125
6940,42913,3451,20763,2268,39462,234,108,126
6945,42944,3452,20779,2268,39492,235,108,127
6950,42975,3455,20792,2269,39520,236,109,127
6955,43006,3457,20800,2270,39549,237,110,127
6960,43037,3460,20818,2272,39576,237,110,127
6965,43068,3463,20831,2274,39605,237,110,127
6970,43099,3466,20845,2275,39633,237,110,127
6975,43130,3468,20856,2275,39661,237,110,127
6980,43161,3471,20868,2277,39690,237,110,127
6985,43192,3474,20884,2279,39717,237,110,127
6990,43223,3478,20899,2282,39745,237,110,127
6995,43254,3480,20906,2282,39773,237,110,127
7000,43285,3483,20926,2284,39801,237,110,127
7005,43316,3485,20941,2285,39831,237,110,127
7010,43347,3487,20956,2286,39860,237,110,127
7015,43378,3492,20968,2290,39885,237,110,127
7020,43409,3500,20977,2296,39908,237,110,127
7025,43440,3504,20995,2299,39936,237,110,127
7030,43471,3506,21013,2301,39965,237,110,127
7035,43502,3508,21023,2301,39994,237,110,127
7040,43533,3511,21042,2304,40022,237,110,127
7045,43564,3514,21058,2307,40050,237,110,127
7050,43595,3517,21073,2309,40078,237,110,127
7055,43626,3519,21089,2310,40107,237,110,127
7060,43657,3521,21109,2310,40136,237,110,127
7065,43688,3523,21124,2311,40165,238,110,128
7070,43719,3525,21136,2313,40194,239,111,128
7075,43750,3527,21151,2313,40223,240,111,129
7080,43781,3529,21166,2315,40252,241,111,130
7085,43812,3530,21183,2315,40282,241,111,130
7090,43843,3531,21199,2316,40312,241,111,130
7095,43874,3532,21211,2316,40342,241,111,130
7100,43905,3533,21225,2317,40372,241,111,130
7105,43936,3534,21234,2317,40402,241,111,130
7110,43967,3535,21245,2317,40432,241,111,130
7115,43998,3536,21262,2318,40462,241,111,130
7120,44029,3537,21277,2319,40492,241,111,130
7125,44060,3538,21290,2319,40522,241,111,130
7130,44091,3540,21305,2319,40551,241,111,130
7135,44122,3542,21322,2321,40578,241,111,130
7140,44153,3548,21339,2326,40603,241,111,130
7145,44184,3552,21358,2329,40631,241,111,130
7150,44215,3557,21376,2333,40658,241,111,130
7155,44246,3561,21386,2335,40685,241,111,130
7160,44277,3565,21405,2338,40711,241,111,130
7165,44308,3570,21419,2342,40737,241,111,130
7170,44339,3575,21432,2346,40763,241,111,130
7175,44370,3581,21450,2352,40788,241,111,130
7180,44401,3585,21473,2356,40816,241,111,130
7185,44432,3587,21487,2357,40845,241,111,130
7190,44463,3589,21505,2359,40873,242,112,130
7195,44494,3592,21519,2360,40902,243,112,131
7200,44525,3594,21536,2361,40931,243,112,131
7205,44556,3597,21550,2363,40959,243,112,131
7210,44587,3598,21562,2364,40989,243,112,131
7215,44618,3600,21577,2365,41018,243,112,131
7220,44649,3602,21591,2366,41047,243,112,131
7225,44680,3602,21604,2366,41078,243,112,131
7230,44711,3602,21617,2366,41109,243,112,131
7235,44742,3602,21629,2366,41140,243,112,131
7240,44773,3602,21641,2366,41171,243,112,131
7245,44804,3602,21651,2366,41202,243,112,131
7250,44835,3604,21666,2368,41231,243,112,131
7255,44866,3605,21675,2369,41261,243,112,131
7260,44897,3607,21693,2370,41290,243,112,131
7265,44928,3612,21707,2373,41315,243,112,131
7270,44959,3616,21728,2377,41342,243,112,131
7275,44990,3620,21745,2380,41370,243,112,131
7280,45021,3621,21764,2380,41400,243,112,131
7285,45052,3623,21775,2381,41429,243,112,131
7290,45083,3624,21786,2381,41459,243,112,131
7295,45114,3625,21800,2381,41489,243,112,131
7300,45145,3626,21813,2381,41519,243,112,131
7305,45176,3627,21828,2382,41548,243,112,131
7310,45207,3628,21841,2382,41578,243,112,131
7315,45238,3630,21860,2383,41607,243,112,131
7320,45269,3632,21872,2384,41636,243,112,131
7325,45300,3636,21886,2386,41664,243,112,131
7330,45331,3640,21898,2389,41690,243,112,131
7335,45362,3644,21920,2392,41717,243,112,131
7340,45393,3648,21934,2394,41745,243,112,131
7345,45424,3651,21951,2396,41772,243,112,131
7350,45455,3656,21965,2401,41799,243,112,131
7355,45486,3660,21976,2403,41826,243,112,131
7360,45517,3663,21992,2404,41853,243,112,131
7365,45548,3667,22008,2407,41881,243,112,131
7370,45579,3669,22025,2409,41910,243,112,131
7375,45610,3671,22044,2410,41939,243,112,131
7380,45641,3674,22062,2412,41967,243,112,131
7385,45672,3678,22074,2413,41993,243,112,131
7390,45703,3682,22085,2415,42021,243,112,131
7395,45734,3684,22100,2417,42050,243,112,131
7400,45765,3686,22112,2417,42079,243,112,131
7405,45796,3688,22132,2419,42108,243,112,131
7410,45827,3690,22147,2419,42137,243,112,131
7415,45858,3692,22164,2420,42166,243,112,131
7420,45889,3694,22183,2421,42195,243,112,131
7425,45920,3696,22201,2421,42223,243,112,131
7430,45951,3699,22220,2424,42250,244,113,131
7435,45982,3702,22234,2427,42279,244,113,131
7440,46013,3706,22249,2429,42306,244,113,131
7445,46044,3709,22263,2432,42335,244,113,131
7450,46075,3713,22274,2435,42362,244,113,131
7455,46106,3715,22288,2437,42391,244,113,131
7460,46137,3716,22305,2438,42421,244,113,131
7465,46168,3717,22320,2438,42451,244,113,131
7470,46199,3718,22338,2439,42481,244,113,131
7475,46230,3719,22353,2440,42511,244,113,131
7480,46261,3720,22370,2441,42541,244,113,131
7485,46292,3721,22388,2442,42571,244,113,131
7490,46323,3723,22403,2444,42600,244,113,131
7495,46354,3725,22421,2445,42628,244,113,131
7500,46385,3727,22435,2447,42658,244,113,131
7505,46416,3730,22448,2448,42685,245,113,132
7510,46447,3734,22467,2451,42713,246,113,133
7515,46478,3735,22479,2451,42743,247,114,133
7520,46509,3737,22492,2452,42772,248,114,134
7525,46540,3739,22507,2453,42801,249,114,135
7530,46571,3740,22521,2453,42831,250,115,135
7535,46602,3742,22539,2454,42860,251,116,135
7540,46633,3744,22551,2455,42889,251,116,135
7545,46664,3746,22566,2456,42918,251,116,135
7550,46695,3749,22583,2458,42945,251,116,135
7555,46726,3751,22599,2459,42974,251,116,135
7560,46757,3753,22614,2460,43004,251,116,135
7565,46788,3755,22632,2460,43032,251,116,135
7570,46819,3757,22641,2461,43062,251,116,135
7575,46850,3758,22655,2461,43091,251,116,135
7580,46881,3760,22669,2463,43121,251,116,135
7585,46912,3761,22686,2464,43150,251,116,135
7590,46943,3764,22704,2466,43178,251,116,135
7595,46974,3767,22722,2469,43207,251,116,135
7600,47005,3768,22739,2470,43236,251,116,135
7605,47036,3769,22749,2471,43266,251,116,135
7610,47067,3771,22764,2472,43296,251,116,135
7615,47098,3774,22779,2474,43322,251,116,135
7620,47129,3780,22794,2480,43348,251,116,135
7625,47160,3784,22805,2482,43376,251,116,135
7630,47191,3788,22816,2483,43403,251,116,135
7635,47222,3791,22835,2485,43431,251,116,135
7640,47253,3794,22851,2486,43459,252,117,135
7645,47284,3797,22862,2488,43487,253,117,136
7650,47315,3800,22876,2490,43515,254,117,137
7655,47346,3803,22890,2492,43543,255,117,138
7660,47377,3807,22904,2495,43570,256,118,138
7665,47408,3811,22917,2497,43597,257,119,138
7670,47439,3814,22927,2499,43625,258,119,139
7675,47470,3817,22940,2501,43653,259,119,140
7680,47501,3820,22956,2504,43681,260,119,141
7685,47532,3822,22965,2505,43709,260,119,141
7690,47563,3825,22975,2507,43737,260,119,141
7695,47594,3828,22990,2508,43765,260,119,141
7700,47625,3831,23008,2511,43793,260,119,141
7705,47656,3835,23023,2515,43821,260,119,141
7710,47687,3838,23041,2517,43848,260,119,141
7715,47718,3842,23059,2520,43875,260,119,141
7720,47749,3847,23077,2524,43901,260,119,141
7725,47780,3853,23093,2528,43927,260,119,141
7730,47811,3858,23110,2532,43951,260,119,141
7735,47842,3864,23127,2537,43976,260,119,141
7740,47873,3869,23140,2541,44004,260,119,141
7745,47904,3869,23149,2541,44035,260,119,141
7750,47935,3869,23161,2541,44066,260,119,141
7755,47966,3869,23178,2541,44097,260,119,141
7760,47997,3869,23192,2541,44128,260,119,141
7765,48028,3869,23206,2541,44159,260,119,141
7770,48059,3869,23224,2541,44190,260,119,141
7775,48090,3870,23236,2541,44220,260,119,141
7780,48121,3871,23254,2541,44250,260,119,141
7785,48152,3872,23273,2541,44280,260,119,141
7790,48183,3874,23290,2543,44309,261,120,141
7795,48214,3875,23300,2543,44339,262,120,142
7800,48245,3877,23314,2544,44368,263,121,142
7805,48276,3880,23331,2545,44395,263,121,142
7810,48307,3884,23343,2547,44423,263,121,142
7815,48338,3886,23359,2549,44452,263,121,142
7820,48369,3888,23374,2550,44481,263,121,142
7825,48400,3890,23385,2550,44510,263,121,142
7830,48431,3892,23400,2551,44539,263,121,142
7835,48462,3895,23417,2552,44567,263,121,142
7840,48493,3898,23432,2554,44593,263,121,142
7845,48524,3904,23448,2559,44618,263,121,142
7850,48555,3912,23464,2566,44640,263,121,142
7855,48586,3920,23475,2573,44665,263,121,142
7860,48617,3925,23490,2577,44688,263,121,142
7865,48648,3931,23505,2582,44717,263,121,142
7870,48679,3933,23523,2583,44745,263,121,142
7875,48710,3936,23538,2585,44773,263,121,142
7880,48741,3939,23556,2587,44801,263,121,142
7885,48772,3941,23571,2589,44830,263,121,142
7890,48803,3943,23582,2590,44859,263,121,142
7895,48834,3945,23599,2592,44889,263,121,142
7900,48865,3946,23608,2592,44919,263,121,142
7905,48896,3947,23620,2593,44948,263,121,142
7910,48927,3949,23632,2595,44977,263,121,142
7915,48958,3951,23649,2596,45007,263,121,142
7920,48989,3952,23657,2597,45037,263,121,142
7925,49020,3952,23679,2597,45068,263,121,142
7930,49051,3952,23694,2597,45099,263,121,142
7935,49082,3952,23710,2597,45130,263,121,142
7940,49113,3952,23730,2597,45161,263,121,142
7945,49144,3952,23743,2597,45192,263,121,142
7950,49175,3952,23763,2597,45223,263,121,142
7955,49206,3952,23775,2597,45254,263,121,142
7960,49237,3952,23793,2597,45285,263,121,142
7965,49268,3952,23807,2597,45315,263,121,142
7970,49299,3956,23821,2600,45341,263,121,142
7975,49330,3962,23833,2606,45365,263,121,142
7980,49361,3968,23848,2612,45387,263,121,142
7985,49392,3970,23865,2614,45422,263,121,142
7990,49423,3971,23883,2615,45452,263,121,142
7995,49454,3971,23895,2615,45483,263,121,142
8000,49485,3971,23909,2615,45514,263,121,142
8005,49516,3971,23924,2615,45545,263,121,142
8010,49547,3971,23939,2615,45576,263,121,142
8015,49578,3971,23951,2615,45607,263,121,142
8020,49609,3971,23969,2615,45638,263,121,142
8025,49640,3971,23982,2615,45669,263,121,142
8030,49671,3973,24000,2617,45697,263,121,142
8035,49702,3975,24017,2618,45727,264,121,143
8040,49733,3976,24031,2619,45757,265,121,144
8045,49764,3980,24044,2621,45784,265,121,144
8050,49795,3983,24060,2622,45812,265,121,144
8055,49826,3986,24074,2625,45840,265,121,144
8060,49857,3989,24086,2627,45868,265,121,144
8065,49888,3992,24097,2629,45896,265,121,144
8070,49919,3995,24113,2629,45924,265,121,144
8075,49950,3998,24129,2630,45952,265,121,144
8080,49981,4002,24148,2633,45979,265,121,144
8085,50012,4005,24159,2636,46007,265,121,144
8090,50043,4008,24170,2638,46034,265,121,144
8095,50074,4012,24184,2640,46060,265,121,144
8100,50105,4016,24195,2642,46087,265,121,144
8105,50136,4019,24208,2643,46117,265,121,144
8110,50167,4022,24225,2646,46145,265,121,144
8115,50198,4025,24236,2647,46173,265,121,144
8120,50229,4027,24250,2649,46202,265,121,144
8125,50260,4030,24270,2651,46230,265,121,144
8130,50291,4032,24288,2653,46259,265,121,144
8135,50322,4034,24303,2653,46288,265,121,144
8140,50353,4037,24317,2654,46316,265,121,144
8145,50384,4039,24333,2656,46345,265,121,144
8150,50415,4041,24350,2657,46373,265,121,144
8155,50446,4042,24364,2658,46404,265,121,144
8160,50477,4042,24381,2658,46435,265,121,144
8165,50508,4046,24396,2661,46462,265,121,144
8170,50539,4048,24405,2662,46491,265,121,144
8175,50570,4051,24418,2663,46519,265,121,144
8180,50601,4053,24430,2664,46548,265,121,144
8185,50632,4055,24448,2665,46577,265,121,144
8190,50663,4057,24462,2666,46606,265,121,144
8195,50694,4059,24478,2667,46635,265,121,144
8200,50725,4061,24496,2668,46664,265,121,144
8205,50756,4063,24512,2668,46693,265,121,144
8210,50787,4066,24522,2669,46720,265,121,144
8215,50818,4070,24543,2672,46740,266,121,145
8220,50849,4072,24559,2674,46777,266,121,145
8225,50880,4075,24576,2676,46805,266,121,145
8230,50911,4077,24588,2677,46834,266,121,145
8235,50942,4080,24600,2680,46862,266,121,145
8240,50973,4082,24615,2681,46891,266,121,145
8245,51004,4084,24631,2682,46920,266,121,145
8250,51035,4085,24642,2683,46950,266,121,145
8255,51066,4087,24661,2685,46979,266,121,145
8260,51097,4089,24677,2685,47008,266,121,145
8265,51128,4091,24689,2686,47037,266,121,145
8270,51159,4093,24703,2687,47065,266,121,145
8275,51190,4096,24722,2689,47093,266,121,145
8280,51221,4099,24738,2691,47120,266,121,145
8285,51252,4104,24749,2694,47148,266,121,145
8290,51283,4105,24767,2695,47178,266,121,145
8295,51314,4106,24782,2695,47208,266,121,145
8300,51345,4107,24799,2695,47238,266,121,145
8305,51376,4108,24811,2695,47268,266,121,145
8310,51407,4109,24824,2695,47298,266,121,145
8315,51438,4110,24843,2695,47328,266,121,145
8320,51469,4111,24855,2695,47358,266,121,145
8325,51500,4112,24870,2695,47387,266,121,145
8330,51531,4115,24880,2696,47411,266,121,145
8335,51562,4121,24894,2701,47436,266,121,145
8340,51593,4128,24909,2707,47464,266,121,145
8345,51624,4130,24922,2708,47494,266,121,145
8350,51655,4132,24936,2708,47523,266,121,145
8355,51686,4134,24951,2708,47552,266,121,145
8360,51717,4137,24963,2711,47580,266,121,145
8365,51748,4140,24979,2714,47608,266,121,145
8370,51779,4142,24996,2716,47637,266,121,145
8375,51810,4145,25011,2717,47665,266,121,145
8380,51841,4147,25031,2717,47694,266,121,145
8385,51872,4149,25046,2718,47723,266,121,145
8390,51903,4150,25057,2718,47753,266,121,145
8395,51934,4152,25072,2719,47782,266,121,145
8400,51965,4155,25088,2721,47810,266,121,145
8405,51996,4157,25103,2722,47838,266,121,145
8410,52027,4159,25118,2723,47868,266,121,145
8415,52058,4160,25134,2723,47898,266,121,145
8420,52089,4161,25152,2724,47928,266,121,145
8425,52120,4163,25160,2725,47957,266,121,145
8430,52151,4164,25173,2726,47987,266,121,145
8435,52182,4165,25188,2727,48017,266,121,145
8440,52213,4166,25200,2727,48047,266,121,145
8445,52244,4168,25220,2728,48076,266,121,145
8450,52275,4169,25235,2728,48106,266,121,145
8455,52306,4171,25258,2730,48135,266,121,145
8460,52337,4172,25269,2731,48165,266,121,145
8465,52368,4175,25283,2732,48193,266,121,145
8470,52399,4177,25298,2732,48222,266,121,145
8475,52430,4180,25311,2734,48250,266,121,145
8480,52461,4182,25324,2734,48279,266,121,145
8485,52492,4184,25340,2734,48308,266,121,145
8490,52523,4186,25351,2734,48337,266,121,145
8495,52554,4188,25362,2735,48366,266,121,145
8500,52585,4190,25375,2736,48395,266,121,145
8505,52616,4193,25392,2739,48423,266,121,145
8510,52647,4195,25403,2740,48452,266,121,145
8515,52678,4199,25418,2741,48479,267,122,145
8520,52709,4202,25428,2741,48507,268,123,145
8525,52740,4203,25439,2742,48536,268,123,145
8530,52771,4206,25458,2744,48565,268,123,145
8535,52802,4208,25473,2746,48594,268,123,145
8540,52833,4210,25488,2747,48622,268,123,145
8545,52864,4212,25504,2749,48652,268,123,145
8550,52895,4214,25522,2750,48681,268,123,145
8555,52926,4215,25536,2751,48711,268,123,145
8560,52957,4215,25549,2751,48742,268,123,145
8565,52988,4215,25562,2751,48773,268,123,145
8570,53019,4215,25579,2751,48804,268,123,145
8575,53050,4215,25599,2751,48835,268,123,145
8580,53081,4215,25613,2751,48866,268,123,145
8585,53112,4215,25629,2751,48897,268,123,145
8590,53143,4215,25640,2751,48928,268,123,145
8595,53174,4215,25654,2751,48959,268,123,145
8600,53205,4215,25666,2751,48990,268,123,145
8605,53236,4215,25687,2751,49021,268,123,145
8610,53267,4215,25701,2751,49052,268,123,145
8615,53298,4215,25715,2751,49083,268,123,145
8620,53329,4215,25732,2751,49114,268,123,145
8625,53360,4216,25749,2751,49144,268,123,145
8630,53391,4218,25762,2752,49173,268,123,145
8635,53422,4222,25773,2754,49199,269,123,146
8640,53453,4227,25786,2757,49225,270,123,147
8645,53484,4231,25802,2760,49253,270,123,147
8650,53515,4234,25821,2763,49281,270,123,147
8655,53546,4237,25835,2764,49309,270,123,147
8660,53577,4240,25853,2766,49337,270,123,147
8665,53608,4244,25864,2769,49363,270,123,147
8670,53639,4247,25876,2772,49391,270,123,147
8675,53670,4250,25895,2775,49419,270,123,147
8680,53701,4253,25913,2778,49448,270,123,147
8685,53732,4255,25931,2779,49476,270,123,147
8690,53763,4258,25951,2781,49504,270,123,147
8695,53794,4261,25966,2783,49532,270,123,147
8700,53825,4264,25982,2784,49560,270,123,147
8705,53856,4267,25994,2785,49588,270,123,147
8710,53887,4271,26011,2788,49616,270,123,147
8715,53918,4273,26021,2788,49645,270,123,147
8720,53949,4275,26034,2790,49673,270,123,147
8725,53980,4279,26045,2793,49700,270,123,147
8730,54011,4283,26058,2796,49727,270,123,147
8735,54042,4285,26072,2798,49756,270,123,147
8740,54073,4288,26087,2800,49785,270,123,147
8745,54104,4290,26105,2801,49814,270,123,147
8750,54135,4293,26119,2804,49842,271,124,147
8755,54166,4295,26135,2806,49871,271,124,147
8760,54197,4296,26149,2806,49901,271,124,147
8765,54228,4301,26165,2809,49926,271,124,147
8770,54259,4305,26177,2812,49954,271,124,147
8775,54290,4308,26191,2814,49982,271,124,147
8780,54321,4312,26203,2816,50009,271,124,147
8785,54352,4315,26220,2818,50036,271,124,147
8790,54383,4319,26231,2820,50064,271,124,147
8795,54414,4321,26243,2820,50093,271,124,147
8800,54445,4323,26257,2822,50122,271,124,147
8805,54476,4325,26273,2823,50151,271,124,147
8810,54507,4327,26287,2825,50180,271,124,147
8815,54538,4329,26303,2826,50209,271,124,147
8820,54569,4331,26314,2827,50238,271,124,147
8825,54600,4334,26328,2828,50266,271,124,147
8830,54631,4337,26341,2830,50294,271,124,147
8835,54662,4340,26355,2833,50322,271,124,147
8840,54693,4343,26373,2835,50350,271,124,147
8845,54724,4346,26385,2835,50378,271,124,147
8850,54755,4350,26399,2837,50405,271,124,147
8855,54786,4355,26412,2841,50431,271,124,147
8860,54817,4360,26422,2842,50457,271,124,147
8865,54848,4365,26438,2844,50482,272,125,147
8870,54879,4371,26457,2849,50508,273,125,148
8875,54910,4375,26474,2851,50535,273,125,148
8880,54941,4379,26483,2853,50562,273,125,148
8885,54972,4381,26506,2854,50590,273,125,148
8890,55003,4383,26523,2856,50619,273,125,148
8895,55034,4386,26539,2858,50647,273,125,148
8900,55065,4389,26554,2861,50676,273,125,148
8905,55096,4390,26571,2861,50706,273,125,148
8910,55127,4391,26586,2862,50736,273,125,148
8915,55158,4392,26601,2862,50766,273,125,148
8920,55189,4393,26610,2863,50796,273,125,148
8925,55220,4394,26626,2864,50826,273,125,148
8930,55251,4395,26636,2865,50856,273,125,148
8935,55282,4396,26651,2865,50886,273,125,148
8940,55313,4397,26670,2866,50916,273,125,148
8945,55344,4397,26684,2866,50947,273,125,148
8950,55375,4397,26695,2866,50978,273,125,148
8955,55406,4397,26709,2866,51009,273,125,148
8960,55437,4397,26725,2866,51040,273,125,148
8965,55468,4397,26742,2866,51071,273,125,148
8970,55499,4397,26758,2866,51102,273,125,148
8975,55530,4399,26771,2867,51131,273,125,148
8980,55561,4402,26787,2869,51159,273,125,148
8985,55592,4404,26798,2869,51186,273,125,148
8990,55623,4410,26817,2874,51212,273,125,148
8995,55654,4415,26829,2877,51238,273,125,148
9000,55685,4420,26840,2881,51265,274,126,148
9005,55716,4423,26851,2883,51292,275,126,149
9010,55747,4427,26863,2887,51318,276,126,150
9015,55778,4432,26881,2891,51344,277,127,150
9020,55809,4437,26895,2894,51371,278,127,151
9025,55840,4441,26911,2896,51399,279,127,152
9030,55871,4444,26924,2896,51426,280,128,152
9035,55902,4448,26943,2899,51452,281,128,153
9040,55933,4453,26951,2902,51480,282,129,153
9045,55964,4456,26967,2904,51508,283,130,153
9050,55995,4459,26980,2905,51536,284,131,153
9055,56026,4462,26992,2906,51564,285,131,154
9060,56057,4465,27002,2907,51592,285,131,154
9065,56088,4467,27015,2908,51621,285,131,154
9070,56119,4468,27031,2909,51651,285,131,154
9075,56150,4468,27040,2909,51682,285,131,154
9080,56181,4468,27054,2909,51713,285,131,154
9085,56212,4468,27074,2909,51744,285,131,154
9090,56243,4468,27087,2909,51775,285,131,154
9095,56274,4468,27106,2909,51806,285,131,154
9100,56305,4468,27116,2909,51837,285,131,154
9105,56336,4468,27131,2909,51868,285,131,154
9110,56367,4468,27145,2909,51899,285,131,154
9115,56398,4469,27162,2910,51929,285,131,154
9120,56429,4470,27179,2911,51958,285,131,154
9125,56460,4474,27198,2913,51985,285,131,154
9130,56491,4478,27213,2915,52013,285,131,154
9135,56522,4481,27230,2917,52040,285,131,154
9140,56553,4485,27245,2920,52068,285,131,154
9145,56584,4487,27260,2920,52097,285,131,154
9150,56615,4489,27277,2920,52126,285,131,154
9155,56646,4491,27293,2920,52155,285,131,154
9160,56677,4493,27312,2922,52184,285,131,154
9165,56708,4495,27328,2923,52213,285,131,154
9170,56739,4497,27339,2924,52242,286,131,155
9175,56770,4499,27356,2924,52271,287,132,155
9180,56801,4502,27372,2925,52299,288,132,156
9185,56832,4507,27385,2928,52325,289,133,156
9190,56863,4512,27401,2932,52351,290,133,157
9195,56894,4516,27414,2934,52378,291,133,158
9200,56925,4520,27428,2935,52405,292,134,158
9205,56956,4524,27439,2937,52432,293,134,159
9210,56987,4529,27452,2939,52458,294,135,159
9215,57018,4534,27463,2941,52484,295,135,160
9220,57049,4538,27476,2941,52511,296,136,160
9225,57080,4541,27490,2942,52539,297,137,160
9230,57111,4545,27505,2945,52566,298,138,160
9235,57142,4548,27520,2948,52590,298,138,160
9240,57173,4556,27532,2955,52614,298,138,160
9245,57204,4559,27542,2957,52645,298,138,160
9250,57235,4560,27557,2958,52675,298,138,160
9255,57266,4561,27574,2959,52705,298,138,160
9260,57297,4562,27591,2959,52734,298,138,160
9265,57328,4563,27604,2960,52765,298,138,160
9270,57359,4563,27618,2960,52796,298,138,160
9275,57390,4563,27635,2960,52827,298,138,160
9280,57421,4563,27649,2960,52858,298,138,160
9285,57452,4563,27661,2960,52889,298,138,160
9290,57483,4563,27683,2960,52920,298,138,160
9295,57514,4563,27694,2960,52951,298,138,160
9300,57545,4563,27702,2960,52982,298,138,160
9305,57576,4566,27718,2963,53010,298,138,160
9310,57607,4568,27733,2965,53039,298,138,160
9315,57638,4569,27743,2966,53069,298,138,160
9320,57669,4570,27753,2966,53099,298,138,160
9325,57700,4572,27772,2968,53128,298,138,160
9330,57731,4574,27787,2970,53157,298,138,160
9335,57762,4576,27801,2971,53186,299,138,161
9340,57793,4577,27815,2971,53216,300,138,162
9345,57824,4579,27831,2972,53245,301,138,163
9350,57855,4581,27844,2973,53272,302,139,163
9355,57886,4585,27861,2976,53292,303,140,163
9360,57917,4595,27876,2985,53322,304,140,164
9365,57948,4598,27889,2985,53350,304,140,164
9370,57979,4601,27900,2985,53378,304,140,164
9375,58010,4604,27918,2988,53406,304,140,164
9380,58041,4607,27938,2990,53434,304,140,164
9385,58072,4610,27956,2992,53462,304,140,164
9390,58103,4613,27969,2993,53490,304,140,164
9395,58134,4616,27982,2995,53518,304,140,164
9400,58165,4619,27996,2995,53546,304,140,164
9405,58196,4622,28011,2996,53574,304,140,164
9410,58227,4625,28028,2998,53602,304,140,164
9415,58258,4628,28045,3000,53630,304,140,164
9420,58289,4631,28065,3002,53658,304,140,164
9425,58320,4633,28080,3003,53687,304,140,164
9430,58351,4635,28099,3004,53716,304,140,164
9435,58382,4637,28116,3004,53745,304,140,164
9440,58413,4639,28128,3004,53774,304,140,164
9445,58444,4641,28146,3006,53803,304,140,164
9450,58475,4643,28158,3006,53832,304,140,164
9455,58506,4645,28178,3008,53861,304,140,164
9460,58537,4647,28194,3008,53890,304,140,164
9465,58568,4649,28211,3009,53917,304,140,164
9470,58599,4652,28222,3010,53945,305,140,165
9475,58630,4659,28235,3015,53970,306,141,165
9480,58661,4663,28251,3018,53996,306,141,165
9485,58692,4666,28261,3018,54025,306,141,165
9490,58723,4671,28276,3021,54052,306,141,165
9495,58754,4674,28290,3023,54079,306,141,165
9500,58785,4679,28301,3027,54105,306,141,165
9505,58816,4684,28317,3030,54132,306,141,165
9510,58847,4687,28331,3030,54160,306,141,165
9515,58878,4690,28347,3031,54188,306,141,165
9520,58909,4693,28364,3032,54215,306,141,165
9525,58940,4697,28379,3034,54243,306,141,165
9530,58971,4700,28392,3035,54270,306,141,165
9535,59002,4705,28409,3039,54297,306,141,165
9540,59033,4708,28422,3040,54325,306,141,165
9545,59064,4711,28434,3042,54353,306,141,165
9550,59095,4712,28454,3042,54383,306,141,165
9555,59126,4713,28466,3043,54413,306,141,165
9560,59157,4714,28483,3044,54443,306,141,165
9565,59188,4715,28494,3044,54473,306,141,165
9570,59219,4716,28506,3044,54503,306,141,165
9575,59250,4717,28519,3045,54533,306,141,165
9580,59281,4718,28532,3046,54562,307,142,165
9585,59312,4719,28549,3047,54590,308,142,166
9590,59343,4721,28564,3048,54622,309,143,166
9595,59374,4722,28577,3048,54652,309,143,166
9600,59405,4723,28590,3049,54682,309,143,166
9605,59436,4724,28604,3050,54712,309,143,166
9610,59467,4725,28619,3050,54742,309,143,166
9615,59498,4726,28635,3051,54772,309,143,166
9620,59529,4727,28652,3051,54802,309,143,166
9625,59560,4728,28669,3052,54832,309,143,166
9630,59591,4729,28689,3052,54862,309,143,166
9635,59622,4730,28707,3053,54892,309,143,166
9640,59653,4731,28722,3053,54922,309,143,166
9645,59684,4733,28740,3055,54951,309,143,166
9650,59715,4735,28754,3055,54980,309,143,166
9655,59746,4739,28771,3058,55006,309,143,166
9660,59777,4744,28785,3062,55032,309,143,166
9665,59808,4746,28802,3063,55062,309,143,166
9670,59839,4747,28816,3063,55092,309,143,166
9675,59870,4748,28830,3064,55122,309,143,166
9680,59901,4749,28837,3064,55152,309,143,166
9685,59932,4750,28854,3064,55182,309,143,166
9690,59963,4752,28863,3064,55211,309,143,166
9695,59994,4754,28879,3065,55240,309,143,166
9700,60025,4756,28893,3066,55268,310,143,167
9705,60056,4758,28913,3068,55296,311,143,168
9710,60087,4760,28927,3069,55327,311,143,168
9715,60118,4762,28944,3070,55356,311,143,168
9720,60149,4764,28957,3070,55385,311,143,168
9725,60180,4767,28971,3073,55412,311,143,168
9730,60211,4771,28987,3075,55439,311,143,168
9735,60242,4774,29003,3077,55468,311,143,168
9740,60273,4776,29014,3079,55496,311,143,168
9745,60304,4780,29031,3082,55523,311,143,168
9750,60335,4784,29047,3084,55550,311,143,168
9755,60366,4788,29064,3087,55578,311,143,168
9760,60397,4790,29078,3089,55607,311,143,168
9765,60428,4793,29095,3092,55634,311,143,168
9770,60459,4799,29112,3096,55660,311,143,168
9775,60490,4803,29124,3099,55686,311,143,168
9780,60521,4809,29142,3105,55712,311,143,168
9785,60552,4812,29159,3108,55740,311,143,168
9790,60583,4813,29172,3108,55770,311,143,168
9795,60614,4815,29184,3109,55799,311,143,168
9800,60645,4817,29199,3110,55828,311,143,168
9805,60676,4819,29218,3111,55857,311,143,168
9810,60707,4819,29234,3111,55888,312,143,169
9815,60738,4819,29253,3111,55918,313,143,170
9820,60769,4819,29270,3111,55950,314,143,171
9825,60800,4819,29286,3111,55980,315,144,171
9830,60831,4819,29305,3111,56012,316,145,171
9835,60862,4819,29319,3111,56043,316,145,171
9840,60893,4819,29331,3111,56074,316,145,171
9845,60924,4820,29346,3112,56103,316,145,171
9850,60955,4821,29357,3113,56134,316,145,171
9855,60986,4821,29372,3113,56165,316,145,171
9860,61017,4821,29387,3113,56196,316,145,171
9865,61048,4822,29401,3113,56226,316,145,171
9870,61079,4823,29412,3113,56256,316,145,171
9875,61110,4824,29427,3114,56285,316,145,171
9880,61141,4826,29437,3116,56315,316,145,171
9885,61172,4827,29452,3117,56345,316,145,171
9890,61203,4831,29466,3120,56372,316,145,171
9895,61234,4836,29480,3123,56396,316,145,171
9900,61265,4842,29494,3128,56419,316,145,171
9905,61296,4850,29509,3134,56446,316,145,171
9910,61327,4854,29527,3137,56473,316,145,171
9915,61358,4858,29544,3140,56500,316,145,171
9920,61389,4862,29555,3144,56527,316,145,171
9925,61420,4866,29573,3147,56554,316,145,171
9930,61451,4870,29586,3150,56581,316,145,171
9935,61482,4875,29602,3153,56607,316,145,171
9940,61513,4880,29618,3156,56633,316,145,171
9945,61544,4886,29632,3160,56658,316,145,171
9950,61575,4891,29651,3162,56682,316,145,171
9955,61606,4897,29667,3165,56708,316,145,171
9960,61637,4901,29681,3168,56736,316,145,171
9965,61668,4901,29694,3168,56767,316,145,171
9970,61699,4901,29709,3168,56798,316,145,171
9975,61730,4901,29724,3168,56829,316,145,171
9980,61761,4901,29737,3168,56860,316,145,171
9985,61792,4901,29754,3168,56891,316,145,171
9990,61823,4901,29769,3168,56922,316,145,171
9995,61854,4901,29780,3168,56953,316,145,171
10000,61885,4901,29792,3168,56984,316,145,171
10005,61916,4901,29806,3168,57015,316,145,171
10010,61947,4901,29821,3168,57046,316,145,171
10015,61978,4901,29842,3168,57077,316,145,171
10020,62009,4901,29854,3168,57108,316,145,171
10025,62040,4905,29867,3171,57133,316,145,171
10030,62071,4911,29887,3176,57160,316,145,171
10035,62102,4913,29903,3177,57189,316,145,171
10040,62133,4915,29920,3178,57218,316,145,171
10045,62164,4916,29935,3178,57248,316,145,171
10050,62195,4918,29948,3180,57277,316,145,171
10055,62226,4919,29964,3180,57307,316,145,171
10060,62257,4921,29974,3182,57336,316,145,171
10065,62288,4923,29988,3184,57365,316,145,171
10070,62319,4924,30003,3184,57395,317,146,171
10075,62350,4927,30014,3186,57423,318,147,171
10080,62381,4929,30029,3186,57452,318,147,171
10085,62412,4930,30044,3187,57481,318,147,171
10090,62443,4932,30057,3188,57511,318,147,171
10095,62474,4933,30069,3188,57541,318,147,171
10100,62505,4934,30087,3188,57570,318,147,171
10105,62536,4936,30102,3189,57599,318,147,171
10110,62567,4939,30121,3192,57628,318,147,171
10115,62598,4940,30134,3192,57657,318,147,171
10120,62629,4943,30144,3195,57686,318,147,171
10125,62660,4946,30160,3198,57713,318,147,171
10130,62691,4951,30172,3202,57740,318,147,171
10135,62722,4953,30191,3203,57769,318,147,171
10140,62753,4959,30208,3207,57790,318,147,171
10145,62784,4964,30219,3210,57820,318,147,171
10150,62815,4967,30232,3211,57848,318,147,171
10155,62846,4969,30246,3213,57877,318,147,171
10160,62877,4971,30261,3214,57906,318,147,171
10165,62908,4973,30271,3215,57935,318,147,171
10170,62939,4975,30284,3216,57964,318,147,171
10175,62970,4977,30296,3217,57993,318,147,171
10180,63001,4979,30315,3219,58022,318,147,171
10185,63032,4981,30326,3220,58051,319,147,172
10190,63063,4983,30342,3221,58080,320,148,172
10195,63094,4985,30357,3222,58109,321,148,173
10200,63125,4987,30374,3224,58138,321,148,173
10205,63156,4990,30391,3225,58166,321,148,173
10210,63187,4993,30409,3228,58194,321,148,173
10215,63218,4996,30420,3228,58222,321,148,173
10220,63249,4999,30432,3228,58250,321,148,173
10225,63280,5002,30446,3231,58278,321,148,173
10230,63311,5005,30458,3232,58306,321,148,173
10235,63342,5008,30473,3235,58334,321,148,173
10240,63373,5011,30485,3237,58362,321,148,173
10245,63404,5014,30503,3238,58388,321,148,173
10250,63435,5020,30518,3243,58414,321,148,173
10255,63466,5024,30535,3246,58440,321,148,173
10260,63497,5031,30550,3251,58463,321,148,173
10265,63528,5035,30566,3254,58493,321,148,173
10270,63559,5036,30580,3254,58522,321,148,173
10275,63590,5039,30594,3256,58551,321,148,173
10280,63621,5041,30610,3257,58580,321,148,173
10285,63652,5042,30622,3258,58610,321,148,173
10290,63683,5044,30636,3259,58638,321,148,173
10295,63714,5046,30648,3261,58668,321,148,173
10300,63745,5048,30665,3262,58696,321,148,173
10305,63776,5051,30683,3265,58724,322,148,174
10310,63807,5054,30696,3268,58753,323,149,174
10315,63838,5054,30714,3268,58784,324,150,174
10320,63869,5054,30727,3268,58815,325,150,175
10325,63900,5054,30743,3268,58846,325,150,175
10330,63931,5054,30758,3268,58877,325,150,175
10335,63962,5054,30775,3268,58908,325,150,175
10340,63993,5054,30790,3268,58939,325,150,175
10345,64024,5054,30807,3268,58970,325,150,175
10350,64055,5054,30822,3268,59001,325,150,175
10355,64086,5054,30840,3268,59032,325,150,175
10360,64117,5055,30854,3268,59062,325,150,175
10365,64148,5056,30874,3269,59092,325,150,175
10370,64179,5058,30889,3269,59120,325,150,175
10375,64210,5061,30905,3271,59146,325,150,175
10380,64241,5068,30919,3277,59172,325,150,175
10385,64272,5072,30930,3279,59200,325,150,175
10390,64303,5077,30948,3283,59226,325,150,175
10395,64334,5081,30961,3287,59253,325,150,175
10400,64365,5085,30977,3290,59280,325,150,175
10405,64396,5089,30991,3293,59307,325,150,175
10410,64427,5093,31009,3294,59334,325,150,175
10415,64458,5097,31027,3297,59361,325,150,175
10420,64489,5100,31042,3299,59389,325,150,175
10425,64520,5102,31056,3301,59418,325,150,175
10430,64551,5104,31075,3302,59447,325,150,175
10435,64582,5107,31093,3305,59475,326,150,176
10440,64613,5109,31105,3306,59504,327,150,177
10445,64644,5113,31117,3308,59531,327,150,177
10450,64675,5118,31135,3312,59556,327,150,177
10455,64706,5123,31153,3314,59583,327,150,177
10460,64737,5127,31174,3316,59609,327,150,177
10465,64768,5132,31189,3320,59636,327,150,177
10470,64799,5134,31201,3320,59665,327,150,177
10475,64830,5136,31221,3321,59694,327,150,177
10480,64861,5138,31236,3322,59723,327,150,177
10485,64892,5140,31249,3323,59752,327,150,177
10490,64923,5141,31270,3324,59776,327,150,177
10495,64954,5149,31283,3331,59802,327,150,177
10500,64985,5154,31298,3335,59828,327,150,177
10505,65016,5159,31313,3340,59857,327,150,177
10510,65047,5162,31326,3342,59885,327,150,177
10515,65078,5164,31338,3343,59914,327,150,177
10520,65109,5165,31350,3343,59944,327,150,177
10525,65140,5167,31364,3344,59973,327,150,177
10530,65171,5170,31379,3346,60001,327,150,177
10535,65202,5172,31393,3347,60030,327,150,177
10540,65233,5173,31410,3347,60060,327,150,177
10545,65264,5174,31423,3347,60090,327,150,177
10550,65295,5174,31442,3347,60121,327,150,177
10555,65326,5174,31460,3347,60152,327,150,177
10560,65357,5174,31469,3347,60183,328,150,178
10565,65388,5175,31486,3347,60213,329,150,179
10570,65419,5177,31504,3349,60242,330,151,179
10575,65450,5180,31523,3351,60270,331,151,180
10580,65481,5183,31537,3353,60298,332,152,180
10585,65512,5185,31548,3355,60327,333,152,181
10590,65543,5187,31563,3356,60356,334,153,181
10595,65574,5191,31581,3359,60383,335,153,182
10600,65605,5195,31597,3362,60410,336,153,183
10605,65636,5198,31614,3365,60437,337,154,183
10610,65667,5202,31629,3369,60463,337,154,183
10615,65698,5208,31648,3375,60487,337,154,183
10620,65729,5215,31662,3378,60512,337,154,183
10625,65760,5220,31674,3381,60539,337,154,183
10630,65791,5224,31688,3385,60567,337,154,183
10635,65822,5227,31706,3388,60595,337,154,183
10640,65853,5229,31718,3389,60624,337,154,183
10645,65884,5232,31740,3392,60652,337,154,183
10650,65915,5234,31753,3394,60681,337,154,183
10655,65946,5237,31761,3395,60708,337,154,183
10660,65977,5239,31781,3397,60738,337,154,183
10665,66008,5240,31795,3398,60768,337,154,183
10670,66039,5241,31811,3399,60798,337,154,183
10675,66070,5242,31825,3400,60828,337,154,183
10680,66101,5243,31840,3400,60858,337,154,183
10685,66132,5244,31855,3401,60888,337,154,183
10690,66163,5245,31870,3402,60918,337,154,183
10695,66194,5246,31879,3403,60948,337,154,183
10700,66225,5247,31892,3403,60978,337,154,183
10705,66256,5248,31908,3404,61008,337,154,183
10710,66287,5249,31926,3404,61038,337,154,183
10715,66318,5250,31942,3405,61068,337,154,183
10720,66349,5251,31955,3405,61098,338,154,184
10725,66380,5253,31967,3406,61127,339,155,184
10730,66411,5258,31980,3409,61153,340,155,185
10735,66442,5264,31995,3413,61177,341,156,185
10740,66473,5269,32010,3417,61203,341,156,185
10745,66504,5270,32025,3417,61234,341,156,185
10750,66535,5272,32040,3418,61263,341,156,185
10755,66566,5274,32050,3419,61292,341,156,185
10760,66597,5275,32066,3419,61322,341,156,185
10765,66628,5278,32081,3420,61350,341,156,185
10770,66659,5281,32098,3422,61377,341,156,185
10775,66690,5285,32114,3424,61404,341,156,185
10780,66721,5289,32131,3428,61432,341,156,185
10785,66752,5292,32146,3431,61459,341,156,185
10790,66783,5296,32158,3433,61486,341,156,185
10795,66814,5301,32173,3436,61513,341,156,185
10800,66845,5303,32191,3438,61542,341,156,185
10805,66876,5305,32207,3440,61571,341,156,185
10810,66907,5306,32221,3440,61601,341,156,185
10815,66938,5307,32236,3440,61631,341,156,185
10820,66969,5309,32248,3441,61660,341,156,185
10825,67000,5310,32267,3442,61690,341,156,185
10830,67031,5312,32283,3444,61719,341,156,185
10835,67062,5313,32302,3444,61749,341,156,185
10840,67093,5314,32318,3444,61779,341,156,185
10845,67124,5316,32330,3445,61808,342,157,185
10850,67155,5319,32347,3446,61835,343,158,185
10855,67186,5325,32367,3451,61860,343,158,185
10860,67217,5329,32379,3454,61887,343,158,185
10865,67248,5331,32394,3455,61917,343,158,185
10870,67279,5334,32407,3456,61945,343,158,185
10875,67310,5336,32424,3456,61974,343,158,185
10880,67341,5339,32440,3458,62002,343,158,185
10885,67372,5340,32454,3459,62032,343,158,185
10890,67403,5341,32467,3460,62062,343,158,185
10895,67434,5342,32482,3461,62092,343,158,185
10900,67465,5343,32495,3461,62122,343,158,185
10905,67496,5344,32512,3462,62152,343,158,185
10910,67527,5345,32525,3462,62181,343,158,185
10915,67558,5347,32539,3464,62210,343,158,185
10920,67589,5349,32559,3466,62240,343,158,185
10925,67620,5351,32579,3468,62269,343,158,185
10930,67651,5354,32593,3470,62297,343,158,185
10935,67682,5356,32608,3472,62325,343,158,185
10940,67713,5359,32617,3474,62354,343,158,185
10945,67744,5361,32634,3475,62383,343,158,185
10950,67775,5363,32646,3475,62411,343,158,185
10955,67806,5366,32661,3476,62440,343,158,185
10960,67837,5368,32672,3477,62469,344,158,186
10965,67868,5370,32686,3479,62497,345,158,187
10970,67899,5378,32702,3486,62517,346,158,188
10975,67930,5387,32720,3493,62542,346,158,188
10980,67961,5395,32731,3501,62566,346,158,188
10985,67992,5396,32747,3502,62596,346,158,188
10990,68023,5398,32766,3503,62625,346,158,188
10995,68054,5399,32778,3503,62655,346,158,188
11000,68085,5400,32793,3503,62685,346,158,188
11005,68116,5402,32805,3505,62714,346,158,188
11010,68147,5402,32818,3505,62745,346,158,188
11015,68178,5402,32836,3505,62776,346,158,188
11020,68209,5402,32846,3505,62807,346,158,188
11025,68240,5402,32862,3505,62838,346,158,188
11030,68271,5402,32879,3505,62869,346,158,188
11035,68302,5402,32889,3505,62900,346,158,188
11040,68333,5402,32905,3505,62931,346,158,188
11045,68364,5402,32917,3505,62962,346,158,188
11050,68395,5402,32930,3505,62993,346,158,188
11055,68426,5402,32942,3505,63024,346,158,188
11060,68457,5402,32963,3505,63055,346,158,188
11065,68488,5402,32981,3505,63086,346,158,188
11070,68519,5402,32995,3505,63117,346,158,188
11075,68550,5402,33007,3505,63148,346,158,188
11080,68581,5404,33021,3506,63176,346,158,188
11085,68612,5406,33032,3508,63205,346,158,188
11090,68643,5412,33048,3513,63228,347,158,189
11095,68674,5419,33064,3519,63253,348,159,189
11100,68705,5425,33079,3522,63277,349,160,189
11105,68736,5432,33099,3529,63303,349,160,189
11110,68767,5437,33113,3532,63329,349,160,189
11115,68798,5441,33124,3534,63357,349,160,189
11120,68829,5444,33140,3536,63385,349,160,189
11125,68860,5447,33155,3537,63412,349,160,189
11130,68891,5451,33167,3539,63439,349,160,189
11135,68922,5455,33182,3541,63467,349,160,189
11140,68953,5458,33195,3543,63494,349,160,189
11145,68984,5462,33204,3545,63521,349,160,189
11150,69015,5466,33219,3548,63549,349,160,189
11155,69046,5469,33229,3550,63576,349,160,189
11160,69077,5473,33242,3551,63604,349,160,189
11165,69108,5475,33253,3552,63632,349,160,189
11170,69139,5478,33267,3555,63660,349,160,189
11175,69170,5481,33287,3558,63689,349,160,189
11180,69201,5483,33299,3559,63717,349,160,189
11185,69232,5486,33317,3560,63745,349,160,189
11190,69263,5489,33330,3562,63773,349,160,189
11195,69294,5492,33342,3565,63802,349,160,189
11200,69325,5493,33355,3566,63832,349,160,189
11205,69356,5493,33373,3566,63863,349,160,189
11210,69387,5493,33385,3566,63894,350,160,190
11215,69418,5493,33401,3566,63925,351,161,190
11220,69449,5494,33414,3566,63954,351,161,190
11225,69480,5497,33424,3567,63983,351,161,190
11230,69511,5501,33443,3569,64010,351,161,190
11235,69542,5504,33456,3572,64038,351,161,190
11240,69573,5506,33471,3572,64067,351,161,190
11245,69604,5509,33483,3574,64095,351,161,190
11250,69635,5512,33494,3575,64123,351,161,190
11255,69666,5514,33509,3577,64152,351,161,190
11260,69697,5517,33525,3578,64180,351,161,190
11265,69728,5519,33541,3578,64209,351,161,190
11270,69759,5522,33556,3580,64237,351,161,190
11275,69790,5525,33571,3581,64265,351,161,190
11280,69821,5527,33585,3581,64294,351,161,190
11285,69852,5528,33599,3581,64324,351,161,190
11290,69883,5529,33613,3582,64354,351,161,190
11295,69914,5530,33632,3582,64384,351,161,190
11300,69945,5531,33646,3582,64414,351,161,190
11305,69976,5532,33664,3583,64444,351,161,190
11310,70007,5533,33683,3583,64474,351,161,190
11315,70038,5534,33694,3584,64504,351,161,190
11320,70069,5535,33713,3584,64534,351,161,190
11325,70100,5536,33728,3584,64564,351,161,190
11330,70131,5542,33742,3587,64586,352,161,191
11335,70162,5551,33757,3595,64610,353,162,191
11340,70193,5558,33773,3601,64634,354,162,192
11345,70224,5562,33785,3603,64662,354,162,192
11350,70255,5564,33802,3605,64691,354,162,192
11355,70286,5566,33811,3606,64720,354,162,192
11360,70317,5567,33823,3606,64750,354,162,192
11365,70348,5568,33836,3606,64780,354,162,192
11370,70379,5569,33853,3607,64810,354,162,192
11375,70410,5570,33866,3608,64840,354,162,192
11380,70441,5571,33881,3609,64870,354,162,192
11385,70472,5572,33894,3609,64900,354,162,192
11390,70503,5573,33910,3609,64930,354,162,192
11395,70534,5574,33922,3609,64960,354,162,192
11400,70565,5575,33942,3610,64990,354,162,192
11405,70596,5577,33957,3612,65019,354,162,192
11410,70627,5578,33973,3612,65049,354,162,192
11415,70658,5579,33983,3612,65079,354,162,192
11420,70689,5580,33996,3613,65109,354,162,192
11425,70720,5582,34008,3614,65138,354,162,192
11430,70751,5582,34021,3614,65169,354,162,192
11435,70782,5582,34036,3614,65200,354,162,192
11440,70813,5582,34051,3614,65231,354,162,192
11445,70844,5583,34068,3615,65261,355,163,192
11450,70875,5587,34087,3617,65288,356,163,193
11455,70906,5591,34104,3620,65314,357,164,193
11460,70937,5594,34117,3622,65342,358,164,194
11465,70968,5599,34133,3625,65367,358,164,194
11470,70999,5606,34149,3631,65393,358,164,194
11475,71030,5611,34162,3634,65417,358,164,194
11480,71061,5614,34178,3637,65447,358,164,194
11485,71092,5615,34190,3637,65476,358,164,194
11490,71123,5617,34204,3638,65505,358,164,194
11495,71154,5619,34224,3640,65534,358,164,194
11500,71185,5621,34239,3642,65564,358,164,194
11505,71216,5622,34258,3643,65592,358,164,194
11510,71247,5623,34267,3644,65624,358,164,194
11515,71278,5623,34288,3644,65654,358,164,194
11520,71309,5623,34304,3644,65686,358,164,194
11525,71340,5623,34319,3644,65717,358,164,194
11530,71371,5623,34335,3644,65748,358,164,194
11535,71402,5624,34349,3644,65778,358,164,194
11540,71433,5625,34358,3644,65808,358,164,194
11545,71464,5626,34374,3645,65838,358,164,194
11550,71495,5627,34387,3645,65868,358,164,194
11555,71526,5628,34404,3645,65898,358,164,194
11560,71557,5629,34418,3646,65928,358,164,194
11565,71588,5630,34433,3647,65958,358,164,194
11570,71619,5632,34452,3648,65987,359,165,194
11575,71650,5634,34463,3649,66016,360,165,195
11580,71681,5637,34479,3651,66043,361,165,196
11585,71712,5643,34491,3655,66067,361,165,196
11590,71743,5650,34504,3662,66092,361,165,196
11595,71774,5656,34516,3666,66117,361,165,196
11600,71805,5658,34530,3666,66147,361,165,196
11605,71836,5659,34542,3666,66177,361,165,196
11610,71867,5660,34559,3667,66207,361,165,196
11615,71898,5661,34575,3668,66237,361,165,196
11620,71929,5662,34591,3668,66267,361,165,196
11625,71960,5663,34604,3668,66297,361,165,196
11630,71991,5664,34621,3668,66327,361,165,196
11635,72022,5665,34632,3668,66357,361,165,196
11640,72053,5666,34644,3668,66387,361,165,196
11645,72084,5667,34659,3668,66416,361,165,196
11650,72115,5668,34672,3668,66447,361,165,196
11655,72146,5669,34687,3668,66477,361,165,196
11660,72177,5670,34702,3668,66507,361,165,196
11665,72208,5671,34720,3669,66537,361,165,196
11670,72239,5672,34733,3670,66567,361,165,196
11675,72270,5673,34749,3671,66597,361,165,196
11680,72301,5674,34766,3671,66627,361,165,196
11685,72332,5675,34785,3671,66657,361,165,196
11690,72363,5678,34796,3672,66684,362,166,196
11695,72394,5682,34815,3675,66712,363,167,196
11700,72425,5684,34832,3677,66740,364,168,196
11705,72456,5688,34843,3681,66768,364,168,196
11710,72487,5692,34865,3685,66795,364,168,196
11715,72518,5696,34880,3689,66821,364,168,196
11720,72549,5702,34898,3694,66846,364,168,196
11725,72580,5707,34911,3698,66873,364,168,196
11730,72611,5709,34926,3699,66902,364,168,196
11735,72642,5710,34939,3700,66932,364,168,196
11740,72673,5711,34955,3700,66962,364,168,196
11745,72704,5712,34971,3700,66992,364,168,196
11750,72735,5713,34992,3700,67022,364,168,196
11755,72766,5714,35008,3701,67052,364,168,196
11760,72797,5715,35029,3701,67082,364,168,196
11765,72828,5716,35044,3702,67112,364,168,196
11770,72859,5717,35061,3702,67142,364,168,196
11775,72890,5718,35073,3702,67172,364,168,196
11780,72921,5719,35092,3702,67202,364,168,196
11785,72952,5720,35103,3703,67232,364,168,196
11790,72983,5721,35118,3704,67262,364,168,196
11795,73014,5722,35130,3704,67292,364,168,196
11800,73045,5723,35146,3704,67322,364,168,196
11805,73076,5727,35164,3708,67349,364,168,196
11810,73107,5729,35176,3709,67377,365,168,197
11815,73138,5732,35191,3711,67405,366,169,197
11820,73169,5737,35207,3715,67432,366,169,197
11825,73200,5739,35221,3716,67461,366,169,197
11830,73231,5742,35235,3717,67489,366,169,197
11835,73262,5746,35249,3719,67516,366,169,197
11840,73293,5749,35265,3721,67544,366,169,197
11845,73324,5752,35280,3722,67572,366,169,197
11850,73355,5756,35296,3724,67598,366,169,197
11855,73386,5761,35312,3727,67624,366,169,197
11860,73417,5765,35324,3729,67652,366,169,197
11865,73448,5769,35340,3731,67679,366,169,197
11870,73479,5773,35354,3734,67706,366,169,197
11875,73510,5776,35373,3736,67734,366,169,197
11880,73541,5779,35390,3738,67761,366,169,197
11885,73572,5783,35407,3742,67789,366,169,197
11890,73603,5786,35425,3744,67817,366,169,197
11895,73634,5790,35441,3748,67844,366,169,197
11900,73665,5792,35460,3749,67873,366,169,197
11905,73696,5796,35473,3753,67900,366,169,197
11910,73727,5798,35484,3753,67929,366,169,197
11915,73758,5799,35499,3754,67959,366,169,197
11920,73789,5801,35511,3756,67988,367,170,197
11925,73820,5803,35528,3758,68017,368,170,198
11930,73851,5805,35543,3760,68046,368,170,198
11935,73882,5807,35557,3760,68073,368,170,198
11940,73913,5812,35571,3764,68100,368,170,198
11945,73944,5815,35586,3766,68129,368,170,198
11950,73975,5817,35598,3766,68158,368,170,198
11955,74006,5819,35615,3767,68187,368,170,198
11960,74037,5821,35632,3769,68216,368,170,198
11965,74068,5823,35647,3770,68245,368,170,198
11970,74099,5825,35664,3770,68274,368,170,198
11975,74130,5827,35675,3771,68303,368,170,198
11980,74161,5829,35687,3771,68332,368,170,198
11985,74192,5831,35705,3773,68361,368,170,198
11990,74223,5833,35716,3774,68390,368,170,198
11995,74254,5835,35729,3774,68419,368,170,198
12000,74285,5837,35742,3774,68448,368,170,198
12005,74316,5840,35753,3776,68476,368,170,198
12010,74347,5843,35767,3777,68504,368,170,198
12015,74378,5846,35786,3780,68532,368,170,198
12020,74409,5849,35803,3781,68560,368,170,198
12025,74440,5852,35818,3781,68588,368,170,198
12030,74471,5855,35836,3782,68616,368,170,198
12035,74502,5858,35854,3784,68644,369,171,198
12040,74533,5861,35870,3786,68672,370,172,198
12045,74564,5864,35885,3787,68699,371,173,198
12050,74595,5871,35896,3792,68724,371,173,198
12055,74626,5877,35911,3795,68747,371,173,198
12060,74657,5886,35924,3802,68769,371,173,198
12065,74688,5890,35941,3806,68798,371,173,198
12070,74719,5892,35960,3807,68827,371,173,198
12075,74750,5893,35975,3808,68856,371,173,198
12080,74781,5895,35991,3809,68885,371,173,198
12085,74812,5897,36005,3810,68915,371,173,198
12090,74843,5898,36020,3810,68945,371,173,198
12095,74874,5899,36034,3810,68975,371,173,198
12100,74905,5900,36043,3810,69005,371,173,198
12105,74936,5901,36062,3811,69035,371,173,198
12110,74967,5902,36077,3812,69065,371,173,198
12115,74998,5903,36091,3813,69095,371,173,198
12120,75029,5904,36109,3814,69125,371,173,198
12125,75060,5904,36126,3814,69156,371,173,198
12130,75091,5904,36139,3814,69187,371,173,198
12135,75122,5904,36154,3814,69218,371,173,198
12140,75153,5904,36169,3814,69249,371,173,198
12145,75184,5904,36184,3814,69280,371,173,198
12150,75215,5904,36201,3814,69311,372,174,198
12155,75246,5905,36214,3815,69341,373,174,199
12160,75277,5907,36229,3816,69370,374,175,199
12165,75308,5909,36250,3818,69399,375,176,199
12170,75339,5913,36268,3821,69424,375,176,199
12175,75370,5922,36285,3830,69444,375,176,199
12180,75401,5933,36301,3839,69464,375,176,199
12185,75432,5936,36313,3842,69496,375,176,199
12190,75463,5936,36328,3842,69527,375,176,199
12195,75494,5936,36341,3842,69558,375,176,199
12200,75525,5936,36354,3842,69589,375,176,199
12205,75556,5936,36371,3842,69620,375,176,199
12210,75587,5936,36389,3842,69651,375,176,199
12215,75618,5936,36400,3842,69682,375,176,199
12220,75649,5936,36416,3842,69713,375,176,199
12225,75680,5936,36431,3842,69744,375,176,199
12230,75711,5937,36442,3842,69774,375,176,199
12235,75742,5938,36459,3842,69804,375,176,199
12240,75773,5939,36473,3843,69834,375,176,199
12245,75804,5943,36491,3846,69861,375,176,199
12250,75835,5947,36507,3850,69888,375,176,199
12255,75866,5948,36519,3850,69917,375,176,199
12260,75897,5950,36531,3852,69946,375,176,199
12265,75928,5953,36544,3854,69975,375,176,199
12270,75959,5956,36556,3856,70003,376,176,200
12275,75990,5958,36571,3857,70032,377,176,201
12280,76021,5960,36585,3859,70060,378,176,202
12285,76052,5962,36593,3861,70090,379,176,203
12290,76083,5963,36606,3862,70120,380,176,204
12295,76114,5965,36619,3863,70149,380,176,204
12300,76145,5966,36635,3864,70179,380,176,204
12305,76176,5969,36651,3867,70207,380,176,204
12310,76207,5972,36668,3869,70234,380,176,204
12315,76238,5973,36682,3870,70265,380,176,204
12320,76269,5973,36700,3870,70296,380,176,204
12325,76300,5973,36712,3870,70327,380,176,204
12330,76331,5973,36723,3870,70358,380,176,204
12335,76362,5973,36739,3870,70389,380,176,204
12340,76393,5973,36757,3870,70420,380,176,204
12345,76424,5974,36765,3870,70449,380,176,204
12350,76455,5976,36779,3871,70479,380,176,204
12355,76486,5977,36795,3872,70508,380,176,204
12360,76517,5981,36812,3876,70535,380,176,204
12365,76548,5986,36828,3879,70561,380,176,204
12370,76579,5991,36844,3882,70588,380,176,204
12375,76610,5994,36856,3885,70616,380,176,204
12380,76641,5998,36864,3887,70643,380,176,204
12385,76672,6001,36882,3889,70671,380,176,204
12390,76703,6004,36897,3891,70699,380,176,204
12395,76734,6008,36912,3894,70726,380,176,204
12400,76765,6012,36929,3897,70753,380,176,204
12405,76796,6017,36947,3902,70779,380,176,204
12410,76827,6022,36963,3905,70805,380,176,204
12415,76858,6027,36982,3910,70831,380,176,204
12420,76889,6032,36998,3912,70857,380,176,204
12425,76920,6033,37011,3912,70887,380,176,204
12430,76951,6034,37027,3912,70917,380,176,204
12435,76982,6035,37039,3912,70947,380,176,204
12440,77013,6036,37054,3913,70977,380,176,204
12445,77044,6037,37071,3913,71007,380,176,204
12450,77075,6038,37079,3913,71037,380,176,204
12455,77106,6039,37095,3914,71067,380,176,204
12460,77137,6040,37111,3915,71097,380,176,204
12465,77168,6041,37125,3916,71127,380,176,204
12470,77199,6042,37139,3916,71157,380,176,204
12475,77230,6043,37148,3916,71187,380,176,204
12480,77261,6044,37159,3917,71217,380,176,204
12485,77292,6045,37170,3917,71247,380,176,204
12490,77323,6046,37186,3917,71277,380,176,204
12495,77354,6047,37199,3917,71307,380,176,204
12500,77385,6048,37213,3918,71337,380,176,204
12505,77416,6049,37230,3918,71367,380,176,204
12510,77447,6050,37245,3918,71397,380,176,204
12515,77478,6051,37258,3918,71427,380,176,204
12520,77509,6052,37271,3919,71457,380,176,204
12525,77540,6055,37288,3921,71485,380,176,204
12530,77571,6058,37305,3922,71512,380,176,204
12535,77602,6064,37320,3927,71538,381,177,204
12540,77633,6070,37345,3933,71562,382,178,204
12545,77664,6073,37363,3935,71591,382,178,204
12550,77695,6075,37377,3935,71620,382,178,204
12555,77726,6077,37392,3936,71649,382,178,204
12560,77757,6079,37413,3937,71678,382,178,204
12565,77788,6081,37430,3937,71707,382,178,204
12570,77819,6083,37447,3939,71736,382,178,204
12575,77850,6085,37463,3941,71765,382,178,204
12580,77881,6087,37472,3941,71794,382,178,204
12585,77912,6089,37481,3942,71823,382,178,204
12590,77943,6091,37491,3943,71852,382,178,204
12595,77974,6093,37504,3943,71881,382,178,204
12600,78005,6095,37517,3943,71910,382,178,204
12605,78036,6097,37530,3943,71938,382,178,204
12610,78067,6100,37542,3945,71967,382,178,204
12615,78098,6102,37556,3946,71996,382,178,204
12620,78129,6104,37568,3947,72025,382,178,204
12625,78160,6106,37584,3948,72054,382,178,204
12630,78191,6108,37603,3949,72083,382,178,204
12635,78222,6110,37616,3950,72112,382,178,204
12640,78253,6113,37636,3953,72139,382,178,204
12645,78284,6118,37647,3955,72166,382,178,204
12650,78315,6123,37663,3959,72192,383,178,205
12655,78346,6130,37683,3966,72216,384,179,205
12660,78377,6136,37704,3971,72241,385,180,205
12665,78408,6138,37717,3972,72270,385,180,205
12670,78439,6139,37728,3972,72300,385,180,205
12675,78470,6141,37740,3973,72329,385,180,205
12680,78501,6142,37755,3974,72358,385,180,205
12685,78532,6145,37769,3977,72386,385,180,205
12690,78563,6147,37779,3978,72416,385,180,205
12695,78594,6147,37793,3978,72447,385,180,205
12700,78625,6147,37808,3978,72478,385,180,205
12705,78656,6147,37824,3978,72509,385,180,205
12710,78687,6147,37838,3978,72540,385,180,205
12715,78718,6147,37848,3978,72571,385,180,205
12720,78749,6147,37862,3978,72602,385,180,205
12725,78780,6150,37881,3981,72629,385,180,205
12730,78811,6152,37899,3982,72658,385,180,205
12735,78842,6155,37912,3985,72686,385,180,205
12740,78873,6157,37924,3987,72715,385,180,205
12745,78904,6159,37940,3989,72745,385,180,205
12750,78935,6160,37950,3990,72775,385,180,205
12755,78966,6161,37967,3991,72805,385,180,205
12760,78997,6162,37984,3992,72835,385,180,205
12765,79028,6164,38002,3993,72864,386,180,206
12770,79059,6168,38019,3997,72891,387,180,207
12775,79090,6171,38034,3999,72919,388,181,207
12780,79121,6174,38050,4001,72947,389,182,207
12785,79152,6177,38064,4001,72975,390,183,207
12790,79183,6181,38079,4003,73002,390,183,207
12795,79214,6184,38095,4005,73030,390,183,207
12800,79245,6187,38109,4007,73058,390,183,207
12805,79276,6190,38123,4009,73085,390,183,207
12810,79307,6193,38135,4011,73114,390,183,207
12815,79338,6196,38149,4014,73142,390,183,207
12820,79369,6199,38166,4016,73169,390,183,207
12825,79400,6202,38184,4018,73197,390,183,207
12830,79431,6205,38199,4020,73225,390,183,207
12835,79462,6208,38214,4022,73253,390,183,207
12840,79493,6211,38227,4024,73282,390,183,207
12845,79524,6213,38242,4025,73310,390,183,207
12850,79555,6215,38255,4027,73339,390,183,207
12855,79586,6217,38268,4029,73368,390,183,207
12860,79617,6218,38277,4030,73399,390,183,207
12865,79648,6218,38292,4030,73430,390,183,207
12870,79679,6218,38312,4030,73461,390,183,207
12875,79710,6218,38322,4030,73492,390,183,207
12880,79741,6218,38338,4030,73523,390,183,207
12885,79772,6219,38358,4030,73553,390,183,207
12890,79803,6220,38377,4031,73583,391,184,207
12895,79834,6221,38391,4031,73613,392,184,208
12900,79865,6224,38402,4033,73641,393,184,209
12905,79896,6229,38417,4037,73667,394,185,209
12910,79927,6235,38431,4040,73692,395,185,210
12915,79958,6238,38445,4041,73720,396,185,211
12920,79989,6242,38459,4043,73747,396,185,211
12925,80020,6245,38472,4044,73775,396,185,211
12930,80051,6248,38484,4046,73803,396,185,211
12935,80082,6251,38499,4047,73831,396,185,211
12940,80113,6253,38512,4047,73860,396,185,211
12945,80144,6256,38527,4049,73888,396,185,211
12950,80175,6259,38540,4052,73916,396,185,211
12955,80206,6262,38558,4055,73943,396,185,211
12960,80237,6265,38575,4058,73971,396,185,211
12965,80268,6266,38592,4059,74002,396,185,211
12970,80299,6266,38604,4059,74033,396,185,211
12975,80330,6266,38623,4059,74064,396,185,211
12980,80361,6266,38638,4059,74095,396,185,211
12985,80392,6266,38653,4059,74126,396,185,211
12990,80423,6266,38669,4059,74157,396,185,211
12995,80454,6266,38684,4059,74188,396,185,211
13000,80485,6266,38698,4059,74219,396,185,211
13005,80516,6266,38714,4059,74250,396,185,211
13010,80547,6266,38726,4059,74281,396,185,211
13015,80578,6267,38742,4059,74311,396,185,211
13020,80609,6268,38756,4059,74341,396,185,211
13025,80640,6271,38767,4059,74369,397,185,212
13030,80671,6274,38784,4060,74397,398,186,212
13035,80702,6277,38800,4063,74425,399,187,212
13040,80733,6280,38816,4064,74453,399,187,212
13045,80764,6283,38831,4066,74481,399,187,212
13050,80795,6286,38849,4067,74509,399,187,212
13055,80826,6290,38863,4069,74536,399,187,212
13060,80857,6293,38882,4070,74564,399,187,212
13065,80888,6296,38894,4071,74591,399,187,212
13070,80919,6302,38914,4076,74615,399,187,212
13075,80950,6306,38930,4080,74644,399,187,212
13080,80981,6307,38946,4081,74674,399,187,212
13085,81012,6307,38960,4081,74705,399,187,212
13090,81043,6307,38974,4081,74736,399,187,212
13095,81074,6307,38990,4081,74767,399,187,212
13100,81105,6307,39001,4081,74798,399,187,212
13105,81136,6307,39016,4081,74829,399,187,212
13110,81167,6307,39030,4081,74860,399,187,212
13115,81198,6307,39046,4081,74891,399,187,212
13120,81229,6307,39064,4081,74922,399,187,212
13125,81260,6307,39077,4081,74953,399,187,212
13130,81291,6308,39091,4081,74983,399,187,212
13135,81322,6309,39101,4081,75012,399,187,212
13140,81353,6311,39116,4083,75041,399,187,212
13145,81384,6313,39132,4084,75071,400,187,213
13150,81415,6314,39150,4085,75101,401,187,214
13155,81446,6315,39164,4085,75131,402,187,215
13160,81477,6316,39179,4086,75161,403,188,215
13165,81508,6317,39190,4086,75191,404,189,215
13170,81539,6318,39205,4086,75221,405,189,216
13175,81570,6319,39225,4087,75251,406,190,216
13180,81601,6321,39242,4087,75279,407,191,216
13185,81632,6325,39256,4091,75307,407,191,216
13190,81663,6328,39273,4094,75334,407,191,216
13195,81694,6330,39287,4096,75364,407,191,216
13200,81725,6331,39307,4096,75392,407,191,216
13205,81756,6336,39328,4101,75419,407,191,216
13210,81787,6339,39342,4102,75447,407,191,216
13215,81818,6342,39353,4103,75475,407,191,216
13220,81849,6345,39370,4105,75503,407,191,216
13225,81880,6348,39385,4107,75532,407,191,216
13230,81911,6350,39399,4108,75560,407,191,216
13235,81942,6353,39415,4110,75588,407,191,216
13240,81973,6356,39432,4113,75617,407,191,216
13245,82004,6359,39445,4114,75644,407,191,216
13250,82035,6364,39461,4118,75671,407,191,216
13255,82066,6368,39480,4120,75697,407,191,216
13260,82097,6373,39498,4125,75724,407,191,216
13265,82128,6377,39513,4129,75751,407,191,216
13270,82159,6381,39531,4132,75778,407,191,216
13275,82190,6384,39544,4134,75806,407,191,216
13280,82221,6387,39559,4137,75834,407,191,216
13285,82252,6389,39572,4138,75863,407,191,216
13290,82283,6390,39590,4139,75893,407,191,216
13295,82314,6391,39611,4139,75923,407,191,216
13300,82345,6392,39628,4140,75953,407,191,216
13305,82376,6393,39642,4140,75983,407,191,216
13310,82407,6394,39655,4141,76013,407,191,216
13315,82438,6395,39668,4142,76043,407,191,216
13320,82469,6396,39687,4143,76073,407,191,216
13325,82500,6397,39702,4144,76103,407,191,216
13330,82531,6398,39718,4145,76133,407,191,216
13335,82562,6399,39733,4145,76163,407,191,216
13340,82593,6400,39749,4145,76193,407,191,216
13345,82624,6401,39760,4145,76223,407,191,216
13350,82655,6402,39776,4145,76253,407,191,216
13355,82686,6403,39793,4146,76283,407,191,216
13360,82717,6405,39806,4148,76312,407,191,216
13365,82748,6408,39820,4151,76340,407,191,216
13370,82779,6411,39834,4152,76368,407,191,216
13375,82810,6414,39851,4154,76395,407,191,216
13380,82841,6420,39870,4158,76420,407,191,216
13385,82872,6424,39883,4161,76447,407,191,216
13390,82903,6429,39902,4165,76474,407,191,216
13395,82934,6433,39915,4166,76501,407,191,216
13400,82965,6438,39932,4170,76525,407,191,216
13405,82996,6445,39947,4174,76550,407,191,216
13410,83027,6448,39960,4176,76578,407,191,216
13415,83058,6450,39977,4178,76608,407,191,216
13420,83089,6451,39995,4178,76638,407,191,216
13425,83120,6452,40012,4179,76668,407,191,216
13430,83151,6453,40019,4179,76698,407,191,216
13435,83182,6454,40034,4180,76728,407,191,216
13440,83213,6455,40053,4180,76758,407,191,216
13445,83244,6456,40068,4180,76788,407,191,216
13450,83275,6457,40085,4180,76818,407,191,216
13455,83306,6458,40100,4181,76848,407,191,216
13460,83337,6459,40113,4182,76878,407,191,216
13465,83368,6460,40130,4183,76908,407,191,216
13470,83399,6461,40145,4184,76938,407,191,216
13475,83430,6462,40158,4185,76968,407,191,216
13480,83461,6463,40173,4186,76998,407,191,216
13485,83492,6464,40185,4186,77028,407,191,216
13490,83523,6465,40197,4186,77058,407,191,216
13495,83554,6467,40217,4187,77086,407,191,216
13500,83585,6470,40231,4190,77114,407,191,216
13505,83616,6473,40246,4191,77143,407,191,216
13510,83647,6478,40262,4194,77169,407,191,216
13515,83678,6482,40277,4196,77196,407,191,216
13520,83709,6488,40294,4200,77220,407,191,216
13525,83740,6495,40310,4206,77243,407,191,216
13530,83771,6502,40320,4210,77268,407,191,216
13535,83802,6509,40330,4214,77293,407,191,216
13540,83833,6513,40345,4216,77320,407,191,216
13545,83864,6515,40355,4217,77349,407,191,216
13550,83895,6519,40374,4219,77376,407,191,216
13555,83926,6522,40386,4220,77404,407,191,216
13560,83957,6526,40403,4222,77430,407,191,216
13565,83988,6529,40419,4224,77458,407,191,216
13570,84019,6532,40436,4226,77486,407,191,216
13575,84050,6537,40450,4231,77513,407,191,216
13580,84081,6538,40466,4231,77543,407,191,216
13585,84112,6539,40478,4231,77573,407,191,216
13590,84143,6540,40493,4232,77603,407,191,216
13595,84174,6541,40511,4232,77632,407,191,216
13600,84205,6543,40529,4234,77662,407,191,216
13605,84236,6544,40542,4235,77692,407,191,216
13610,84267,6545,40560,4236,77721,407,191,216
13615,84298,6547,40577,4237,77751,407,191,216
13620,84329,6548,40592,4237,77781,407,191,216
13625,84360,6549,40605,4238,77811,407,191,216
13630,84391,6550,40617,4238,77840,407,191,216
13635,84422,6552,40634,4240,77870,407,191,216
13640,84453,6553,40647,4241,77900,407,191,216
13645,84484,6555,40667,4243,77929,407,191,216
13650,84515,6558,40681,4245,77956,407,191,216
13655,84546,6562,40693,4248,77983,408,191,217
13660,84577,6565,40708,4251,78012,409,191,218
13665,84608,6567,40724,4251,78041,409,191,218
13670,84639,6570,40740,4254,78068,409,191,218
13675,84670,6574,40751,4256,78095,409,191,218
13680,84701,6578,40770,4260,78121,409,191,218
13685,84732,6584,40787,4264,78147,409,191,218
13690,84763,6588,40805,4267,78174,409,191,218
13695,84794,6592,40823,4271,78201,409,191,218
13700,84825,6595,40839,4273,78228,409,191,218
13705,84856,6599,40852,4276,78256,409,191,218
13710,84887,6601,40862,4278,78285,409,191,218
13715,84918,6602,40874,4279,78316,409,191,218
13720,84949,6602,40886,4279,78347,409,191,218
13725,84980,6602,40897,4279,78378,409,191,218
13730,85011,6602,40911,4279,78409,409,191,218
13735,85042,6602,40928,4279,78440,409,191,218
13740,85073,6602,40945,4279,78471,409,191,218
13745,85104,6602,40960,4279,78502,409,191,218
13750,85135,6602,40973,4279,78533,409,191,218
13755,85166,6602,40987,4279,78564,409,191,218
13760,85197,6602,41005,4279,78595,409,191,218
13765,85228,6603,41022,4279,78625,410,192,218
13770,85259,6604,41039,4279,78655,411,193,218
13775,85290,6605,41052,4279,78685,412,194,218
13780,85321,6607,41069,4281,78714,413,195,218
13785,85352,6608,41089,4282,78744,414,196,218
13790,85383,6611,41108,4285,78772,414,196,218
13795,85414,6613,41120,4286,78801,414,196,218
13800,85445,6616,41132,4289,78828,414,196,218
13805,85476,6622,41147,4294,78852,414,196,218
13810,85507,6629,41160,4299,78877,414,196,218
13815,85538,6634,41171,4302,78903,414,196,218
13820,85569,6638,41181,4304,78931,414,196,218
13825,85600,6643,41194,4307,78955,414,196,218
13830,85631,6648,41205,4310,78981,414,196,218
13835,85662,6655,41217,4315,79007,414,196,218
13840,85693,6656,41238,4316,79036,414,196,218
13845,85724,6659,41249,4318,79065,414,196,218
13850,85755,6659,41265,4318,79096,414,196,218
13855,85786,6659,41281,4318,79127,414,196,218
13860,85817,6659,41295,4318,79158,414,196,218
13865,85848,6660,41307,4318,79188,414,196,218
13870,85879,6661,41318,4318,79218,414,196,218
13875,85910,6662,41332,4318,79248,414,196,218
13880,85941,6663,41345,4318,79278,414,196,218
13885,85972,6664,41357,4319,79308,414,196,218
13890,86003,6665,41373,4320,79338,414,196,218
13895,86034,6666,41390,4321,79368,414,196,218
13900,86065,6667,41407,4322,79398,414,196,218
13905,86096,6668,41425,4323,79428,414,196,218
13910,86127,6670,41441,4325,79457,414,196,218
13915,86158,6671,41450,4325,79487,415,197,218
13920,86189,6672,41462,4325,79517,416,198,218
13925,86220,6675,41479,4328,79545,416,198,218
13930,86251,6678,41497,4331,79573,416,198,218
13935,86282,6680,41512,4333,79602,416,198,218
13940,86313,6684,41528,4336,79629,416,198,218
13945,86344,6687,41545,4339,79657,416,198,218
13950,86375,6690,41560,4340,79684,416,198,218
13955,86406,6693,41573,4341,79712,416,198,218
13960,86437,6696,41590,4344,79741,416,198,218
13965,86468,6698,41601,4345,79769,416,198,218
13970,86499,6701,41611,4348,79798,416,198,218
13975,86530,6703,41624,4348,79827,416,198,218
13980,86561,6705,41639,4349,79855,416,198,218
13985,86592,6710,41654,4353,79881,416,198,218
13990,86623,6714,41670,4355,79908,416,198,218
13995,86654,6718,41688,4358,79935,416,198,218
14000,86685,6722,41699,4361,79962,416,198,218
14005,86716,6726,41716,4364,79989,416,198,218
14010,86747,6730,41729,4366,80016,416,198,218
14015,86778,6734,41747,4369,80044,416,198,218
14020,86809,6737,41761,4370,80071,416,198,218
14025,86840,6741,41776,4371,80098,416,198,218
14030,86871,6745,41790,4374,80126,416,198,218
14035,86902,6751,41804,4377,80151,417,199,218
14040,86933,6754,41818,4378,80179,418,200,218
14045,86964,6758,41836,4380,80206,418,200,218
14050,86995,6763,41847,4384,80232,418,200,218
14055,87026,6767,41865,4387,80259,418,200,218
14060,87057,6770,41881,4389,80286,418,200,218
14065,87088,6774,41895,4392,80313,418,200,218
14070,87119,6777,41910,4394,80342,418,200,218
14075,87150,6778,41929,4395,80372,418,200,218
14080,87181,6779,41942,4396,80402,418,200,218
14085,87212,6781,41958,4397,80431,418,200,218
14090,87243,6782,41973,4397,80461,418,200,218
14095,87274,6783,41988,4398,80491,418,200,218
14100,87305,6784,42007,4398,80521,418,200,218
14105,87336,6786,42023,4399,80550,418,200,218
14110,87367,6788,42038,4400,80579,418,200,218
14115,87398,6790,42054,4401,80608,418,200,218
14120,87429,6792,42071,4402,80637,418,200,218
14125,87460,6794,42086,4403,80666,418,200,218
14130,87491,6795,42101,4404,80696,418,200,218
14135,87522,6796,42116,4405,80726,418,200,218
14140,87553,6797,42138,4405,80756,418,200,218
14145,87584,6798,42154,4405,80786,418,200,218
14150,87615,6800,42168,4406,80815,419,201,218
14155,87646,6803,42182,4407,80843,420,202,218
14160,87677,6805,42197,4407,80872,421,202,219
14165,87708,6807,42211,4408,80900,421,202,219
14170,87739,6810,42226,4410,80929,421,202,219
14175,87770,6814,42245,4412,80955,421,202,219
14180,87801,6820,42262,4416,80980,421,202,219
14185,87832,6827,42282,4421,81002,421,202,219
14190,87863,6835,42299,4426,81026,421,202,219
14195,87894,6842,42315,4431,81050,421,202,219
14200,87925,6848,42325,4435,81076,421,202,219
14205,87956,6853,42338,4439,81102,421,202,219
14210,87987,6860,42356,4444,81127,421,202,219
14215,88018,6862,42370,4445,81156,421,202,219
14220,88049,6864,42383,4446,81185,421,202,219
14225,88080,6866,42398,4447,81214,421,202,219
14230,88111,6868,42411,4448,81243,421,202,219
14235,88142,6870,42425,4450,81272,421,202,219
14240,88173,6872,42438,4450,81301,421,202,219
14245,88204,6874,42454,4452,81330,421,202,219
14250,88235,6876,42464,4452,81359,421,202,219
14255,88266,6878,42480,4452,81388,421,202,219
14260,88297,6880,42493,4454,81417,421,202,219
14265,88328,6883,42510,4455,81445,422,203,219
14270,88359,6887,42526,4458,81472,423,203,220
14275,88390,6888,42546,4458,81502,424,204,220
14280,88421,6888,42557,4458,81533,424,204,220
14285,88452,6888,42569,4458,81564,424,204,220
14290,88483,6888,42585,4458,81595,424,204,220
14295,88514,6888,42600,4458,81626,424,204,220
14300,88545,6888,42618,4458,81657,424,204,220
14305,88576,6888,42632,4458,81688,424,204,220
14310,88607,6888,42645,4458,81719,424,204,220
14315,88638,6888,42661,4458,81750,424,204,220
14320,88669,6889,42674,4459,81780,424,204,220
14325,88700,6891,42685,4459,81809,424,204,220
14330,88731,6896,42705,4463,81835,424,204,220
14335,88762,6900,42722,4466,81862,424,204,220
14340,88793,6902,42733,4467,81891,424,204,220
14345,88824,6905,42748,4467,81918,424,204,220
14350,88855,6912,42761,4473,81943,424,204,220
14355,88886,6915,42777,4474,81971,424,204,220
14360,88917,6918,42791,4476,81999,424,204,220
14365,88948,6919,42804,4477,82029,424,204,220
14370,88979,6920,42818,4477,82059,424,204,220
14375,89010,6921,42831,4477,82089,424,204,220
14380,89041,6922,42846,4477,82119,424,204,220
14385,89072,6923,42864,4478,82149,425,205,220
14390,89103,6925,42875,4479,82178,426,206,220
14395,89134,6928,42889,4480,82206,427,206,221
14400,89165,6930,42904,4481,82235,428,206,222
14405,89196,6933,42922,4483,82263,428,206,222
14410,89227,6936,42939,4485,82291,428,206,222
14415,89258,6940,42957,4486,82318,428,206,222
14420,89289,6943,42971,4489,82346,428,206,222
14425,89320,6946,42981,4491,82374,428,206,222
14430,89351,6949,42993,4494,82402,428,206,222
14435,89382,6952,43007,4496,82430,428,206,222
14440,89413,6956,43018,4499,82457,428,206,222
14445,89444,6959,43032,4500,82485,428,206,222
14450,89475,6962,43047,4501,82513,428,206,222
14455,89506,6964,43064,4502,82541,428,206,222
14460,89537,6967,43085,4505,82570,428,206,222
14465,89568,6968,43104,4506,82599,428,206,222
14470,89599,6971,43122,4508,82626,428,206,222
14475,89630,6974,43140,4511,82656,428,206,222
14480,89661,6975,43152,4511,82685,428,206,222
14485,89692,6978,43169,4513,82713,428,206,222
14490,89723,6980,43183,4514,82741,428,206,222
14495,89754,6983,43196,4516,82771,428,206,222
14500,89785,6983,43214,4516,82802,428,206,222
14505,89816,6983,43235,4516,82833,429,206,223
14510,89847,6983,43245,4516,82864,430,207,223
14515,89878,6983,43261,4516,82895,431,207,224
14520,89909,6983,43276,4516,82926,431,207,224
14525,89940,6983,43294,4516,82957,431,207,224
14530,89971,6983,43309,4516,82988,431,207,224
14535,90002,6983,43320,4516,83019,431,207,224
14540,90033,6983,43338,4516,83050,431,207,224
14545,90064,6983,43350,4516,83081,431,207,224
14550,90095,6984,43366,4517,83111,431,207,224
14555,90126,6985,43384,4517,83141,431,207,224
14560,90157,6986,43404,4518,83171,431,207,224
14565,90188,6987,43414,4518,83201,431,207,224
14570,90219,6993,43426,4522,83225,431,207,224
14575,90250,6998,43433,4524,83252,431,207,224
14580,90281,7003,43447,4527,83278,431,207,224
14585,90312,7007,43460,4528,83305,431,207,224
14590,90343,7011,43477,4530,83332,431,207,224
14595,90374,7015,43488,4532,83359,431,207,224
14600,90405,7019,43499,4533,83386,431,207,224
14605,90436,7023,43519,4534,83413,431,207,224
14610,90467,7027,43534,4536,83440,431,207,224
14615,90498,7031,43553,4538,83467,431,207,224
14620,90529,7035,43568,4540,83494,432,208,224
14625,90560,7039,43584,4543,83521,433,209,224
14630,90591,7043,43599,4546,83548,434,210,224
14635,90622,7047,43609,4546,83575,435,210,225
14640,90653,7051,43623,4547,83602,436,210,226
14645,90684,7054,43641,4549,83630,437,211,226
14650,90715,7057,43655,4549,83658,438,212,226
14655,90746,7060,43672,4551,83686,438,212,226
14660,90777,7063,43684,4552,83714,438,212,226
14665,90808,7066,43696,4553,83742,438,212,226
14670,90839,7069,43713,4555,83770,438,212,226
14675,90870,7072,43722,4556,83798,438,212,226
14680,90901,7075,43735,4557,83826,438,212,226
14685,90932,7078,43749,4558,83854,438,212,226
14690,90963,7083,43767,4561,83880,438,212,226
14695,90994,7087,43780,4563,83906,438,212,226
14700,91025,7094,43792,4568,83930,438,212,226
14705,91056,7097,43808,4571,83959,438,212,226
14710,91087,7099,43827,4573,83988,438,212,226
14715,91118,7099,43839,4573,84019,438,212,226
14720,91149,7099,43858,4573,84050,438,212,226
14725,91180,7099,43870,4573,84081,438,212,226
14730,91211,7099,43887,4573,84112,438,212,226
14735,91242,7099,43904,4573,84143,438,212,226
14740,91273,7099,43927,4573,84174,438,212,226
14745,91304,7099,43944,4573,84205,438,212,226
14750,91335,7100,43961,4574,84235,438,212,226
14755,91366,7101,43975,4575,84265,438,212,226
14760,91397,7102,43992,4575,84295,439,212,227
14765,91428,7106,44004,4578,84321,440,212,228
14770,91459,7112,44016,4582,84347,441,213,228
14775,91490,7116,44038,4586,84373,442,213,229
14780,91521,7119,44051,4588,84401,443,213,230
14785,91552,7125,44069,4592,84426,444,214,230
14790,91583,7128,44081,4595,84455,445,214,231
14795,91614,7130,44096,4596,84483,446,215,231
14800,91645,7133,44111,4598,84511,447,215,232
14805,91676,7135,44127,4599,84541,448,215,233
14810,91707,7138,44140,4601,84568,448,215,233
14815,91738,7140,44150,4603,84598,448,215,233
14820,91769,7144,44168,4606,84624,448,215,233
14825,91800,7147,44185,4609,84653,448,215,233
14830,91831,7149,44202,4610,84682,448,215,233
14835,91862,7151,44213,4610,84711,448,215,233
14840,91893,7153,44226,4611,84740,448,215,233
14845,91924,7155,44245,4613,84769,448,215,233
14850,91955,7157,44258,4614,84798,448,215,233
14855,91986,7159,44272,4615,84827,448,215,233
14860,92017,7161,44286,4615,84856,448,215,233
14865,92048,7163,44303,4615,84885,448,215,233
14870,92079,7165,44312,4615,84914,448,215,233
14875,92110,7167,44323,4617,84943,448,215,233
14880,92141,7169,44338,4619,84972,448,215,233
14885,92172,7170,44348,4619,85002,448,215,233
14890,92203,7173,44365,4621,85030,448,215,233
14895,92234,7175,44377,4623,85059,448,215,233
14900,92265,7178,44386,4624,85087,448,215,233
14905,92296,7180,44401,4625,85116,448,215,233
14910,92327,7182,44420,4626,85145,448,215,233
14915,92358,7184,44435,4628,85174,449,215,234
14920,92389,7186,44449,4629,85203,450,215,235
14925,92420,7189,44463,4630,85230,451,216,235
14930,92451,7195,44474,4634,85256,452,216,236
14935,92482,7201,44485,4638,85280,453,216,237
14940,92513,7208,44503,4644,85304,454,217,237
14945,92544,7212,44517,4646,85332,455,217,238
14950,92575,7214,44534,4648,85361,456,218,238
14955,92606,7216,44547,4648,85390,456,218,238
14960,92637,7219,44559,4649,85418,456,218,238
14965,92668,7222,44568,4650,85446,456,218,238
14970,92699,7224,44583,4651,85475,456,218,238
14975,92730,7226,44594,4651,85504,456,218,238
14980,92761,7228,44609,4652,85533,456,218,238
14985,92792,7230,44622,4652,85562,456,218,238
14990,92823,7232,44634,4653,85591,456,218,238
14995,92854,7233,44646,4654,85621,456,218,238
15000,92885,7234,44662,4655,85651,456,218,238
15005,92916,7235,44674,4655,85681,456,218,238
15010,92947,7236,44687,4656,85711,456,218,238
15015,92978,7238,44703,4658,85740,456,218,238
15020,93009,7239,44712,4658,85770,456,218,238
15025,93040,7240,44724,4659,85800,456,218,238
15030,93071,7241,44741,4660,85829,456,218,238
15035,93102,7243,44760,4661,85858,456,218,238
15040,93133,7245,44773,4663,85887,456,218,238
15045,93164,7247,44786,4664,85916,456,218,238
15050,93195,7250,44800,4667,85945,456,218,238
15055,93226,7251,44814,4668,85975,456,218,238
15060,93257,7254,44831,4670,86003,456,218,238
15065,93288,7257,44846,4671,86031,456,218,238
15070,93319,7260,44863,4672,86059,456,218,238
15075,93350,7263,44878,4673,86087,456,218,238
15080,93381,7266,44894,4675,86115,456,218,238
15085,93412,7267,44914,4676,86145,456,218,238
15090,93443,7269,44926,4678,86174,456,218,238
15095,93474,7271,44946,4679,86203,456,218,238
15100,93505,7273,44962,4681,86232,456,218,238
15105,93536,7276,44980,4683,86260,456,218,238
15110,93567,7279,44998,4685,86288,456,218,238
15115,93598,7281,45017,4686,86317,456,218,238
15120,93629,7283,45031,4687,86346,456,218,238
15125,93660,7285,45041,4687,86375,456,218,238
15130,93691,7287,45060,4689,86403,456,218,238
15135,93722,7290,45074,4692,86431,456,218,238
15140,93753,7293,45091,4695,86459,456,218,238
15145,93784,7296,45103,4698,86488,456,218,238
15150,93815,7298,45122,4698,86517,456,218,238
15155,93846,7300,45134,4699,86546,456,218,238
15160,93877,7303,45150,4700,86574,456,218,238
15165,93908,7307,45172,4703,86601,456,218,238
15170,93939,7311,45185,4704,86628,456,218,238
15175,93970,7314,45201,4706,86655,456,218,238
15180,94001,7318,45217,4707,86683,456,218,238
15185,94032,7324,45233,4712,86707,456,218,238
15190,94063,7329,45245,4716,86734,456,218,238
15195,94094,7333,45261,4719,86761,456,218,238
15200,94125,7337,45279,4723,86788,456,218,238
15205,94156,7341,45295,4725,86815,456,218,238
15210,94187,7342,45309,4725,86844,456,218,238
15215,94218,7344,45323,4727,86874,456,218,238
15220,94249,7345,45337,4728,86904,456,218,238
15225,94280,7346,45355,4729,86934,456,218,238
15230,94311,7347,45372,4730,86963,456,218,238
15235,94342,7349,45390,4732,86993,456,218,238
15240,94373,7350,45404,4732,87022,456,218,238
15245,94404,7352,45419,4733,87052,456,218,238
15250,94435,7353,45433,4733,87082,456,218,238
15255,94466,7354,45454,4734,87112,456,218,238
15260,94497,7355,45468,4734,87142,456,218,238
15265,94528,7356,45479,4734,87171,456,218,238
15270,94559,7358,45495,4736,87200,456,218,238
15275,94590,7360,45510,4737,87230,456,218,238
15280,94621,7361,45527,4738,87260,456,218,238
15285,94652,7364,45541,4739,87287,456,218,238
15290,94683,7367,45556,4742,87315,457,218,239
15295,94714,7370,45569,4744,87343,457,218,239
15300,94745,7373,45585,4747,87371,457,218,239
15305,94776,7374,45601,4748,87402,457,218,239
15310,94807,7375,45618,4749,87432,457,218,239
15315,94838,7377,45636,4751,87461,457,218,239
15320,94869,7380,45650,4754,87489,457,218,239
15325,94900,7383,45666,4755,87517,457,218,239
15330,94931,7386,45684,4757,87545,457,218,239
15335,94962,7389,45703,4758,87573,457,218,239
15340,94993,7392,45722,4761,87601,457,218,239
15345,95024,7394,45736,4762,87630,457,218,239
15350,95055,7396,45753,4763,87659,457,218,239
15355,95086,7398,45770,4765,87688,457,218,239
15360,95117,7401,45785,4766,87716,457,218,239
15365,95148,7405,45801,4768,87742,457,218,239
15370,95179,7409,45813,4770,87770,457,218,239
15375,95210,7412,45821,4772,87798,457,218,239
15380,95241,7415,45834,4774,87826,457,218,239
15385,95272,7417,45852,4775,87855,457,218,239
15390,95303,7419,45869,4775,87884,457,218,239
15395,95334,7423,45885,4779,87911,457,218,239
15400,95365,7427,45896,4782,87938,458,218,240
15405,95396,7430,45909,4785,87966,459,219,240
15410,95427,7434,45926,4788,87992,460,219,241
15415,95458,7438,45941,4791,88019,460,219,241
15420,95489,7442,45966,4795,88046,460,219,241
15425,95520,7444,45978,4796,88076,460,219,241
15430,95551,7445,45992,4797,88105,460,219,241
15435,95582,7447,46007,4798,88135,460,219,241
15440,95613,7448,46024,4798,88164,460,219,241
15445,95644,7450,46039,4800,88194,460,219,241
15450,95675,7451,46057,4800,88223,460,219,241
15455,95706,7452,46075,4801,88254,460,219,241
15460,95737,7452,46090,4801,88285,460,219,241
15465,95768,7452,46107,4801,88316,460,219,241
15470,95799,7452,46124,4801,88347,460,219,241
15475,95830,7452,46142,4801,88378,460,219,241
15480,95861,7453,46158,4802,88408,460,219,241
15485,95892,7457,46174,4803,88433,460,219,241
15490,95923,7463,46190,4807,88459,460,219,241
15495,95954,7468,46205,4809,88484,460,219,241
15500,95985,7473,46217,4813,88510,460,219,241
15505,96016,7479,46229,4818,88536,460,219,241
15510,96047,7483,46240,4821,88564,460,219,241
15515,96078,7484,46255,4821,88594,460,219,241
15520,96109,7484,46273,4821,88625,461,219,242
15525,96140,7485,46288,4821,88654,462,220,242
15530,96171,7487,46301,4823,88683,463,220,243
15535,96202,7489,46317,4824,88713,463,220,243
15540,96233,7490,46330,4824,88743,463,220,243
15545,96264,7491,46343,4824,88773,463,220,243
15550,96295,7492,46354,4824,88803,463,220,243
15555,96326,7493,46372,4825,88833,463,220,243
15560,96357,7494,46384,4826,88863,463,220,243
15565,96388,7495,46398,4827,88893,463,220,243
15570,96419,7496,46414,4827,88923,463,220,243
15575,96450,7497,46430,4827,88953,463,220,243
15580,96481,7498,46445,4827,88983,463,220,243
15585,96512,7499,46459,4828,89013,463,220,243
15590,96543,7500,46478,4829,89043,463,220,243
15595,96574,7501,46496,4830,89073,463,220,243
15600,96605,7502,46510,4830,89103,463,220,243
15605,96636,7503,46528,4831,89133,463,220,243
15610,96667,7504,46546,4831,89163,463,220,243
15615,96698,7505,46568,4831,89193,463,220,243
15620,96729,7510,46582,4833,89219,463,220,243
15625,96760,7516,46594,4837,89243,463,220,243
15630,96791,7521,46602,4838,89270,463,220,243
15635,96822,7527,46616,4842,89295,464,221,243
15640,96853,7532,46631,4845,89321,465,221,244
15645,96884,7537,46647,4847,89346,465,221,244
15650,96915,7544,46664,4853,89370,465,221,244
15655,96946,7549,46684,4858,89397,465,221,244
15660,96977,7555,46703,4861,89422,465,221,244
15665,97008,7559,46715,4864,89448,465,221,244
15670,97039,7563,46731,4867,89475,465,221,244
15675,97070,7566,46746,4868,89504,465,221,244
15680,97101,7568,46761,4870,89533,465,221,244
15685,97132,7570,46778,4872,89562,465,221,244
15690,97163,7573,46793,4874,89590,465,221,244
15695,97194,7575,46806,4875,89619,465,221,244
15700,97225,7577,46823,4876,89648,465,221,244
15705,97256,7579,46838,4878,89677,465,221,244
15710,97287,7582,46852,4880,89705,465,221,244
15715,97318,7584,46865,4882,89734,465,221,244
15720,97349,7586,46881,4882,89763,465,221,244
15725,97380,7588,46902,4883,89792,465,221,244
15730,97411,7590,46923,4885,89821,465,221,244
15735,97442,7592,46939,4887,89850,465,221,244
15740,97473,7593,46954,4887,89880,465,221,244
15745,97504,7594,46971,4888,89909,465,221,244
15750,97535,7596,46983,4889,89939,465,221,244
15755,97566,7598,46996,4890,89968,465,221,244
15760,97597,7600,47011,4892,89997,465,221,244
15765,97628,7605,47024,4896,90022,465,221,244
15770,97659,7611,47041,4901,90047,465,221,244
15775,97690,7617,47057,4906,90073,465,221,244
15780,97721,7620,47071,4908,90101,465,221,244
15785,97752,7623,47082,4910,90129,465,221,244
15790,97783,7625,47093,4911,90158,465,221,244
15795,97814,7627,47106,4913,90187,465,221,244
15800,97845,7631,47123,4915,90214,465,221,244
15805,97876,7635,47141,4918,90241,465,221,244
15810,97907,7637,47161,4919,90270,465,221,244
15815,97938,7639,47177,4920,90299,465,221,244
15820,97969,7641,47191,4921,90328,465,221,244
15825,98000,7642,47209,4922,90358,465,221,244
15830,98031,7644,47220,4923,90387,465,221,244
15835,98062,7647,47232,4925,90415,465,221,244
15840,98093,7651,47252,4929,90442,465,221,244
15845,98124,7654,47268,4932,90470,465,221,244
15850,98155,7656,47284,4932,90499,465,221,244
15855,98186,7658,47304,4933,90528,465,221,244
15860,98217,7660,47321,4933,90557,465,221,244
15865,98248,7662,47332,4934,90586,465,221,244
15870,98279,7664,47345,4934,90615,465,221,244
15875,98310,7666,47363,4936,90644,465,221,244
15880,98341,7668,47373,4936,90673,465,221,244
15885,98372,7670,47391,4936,90700,465,221,244
15890,98403,7675,47411,4941,90727,465,221,244
15895,98434,7679,47424,4943,90755,465,221,244
15900,98465,7681,47440,4944,90784,465,221,244
15905,98496,7683,47456,4946,90813,465,221,244
15910,98527,7685,47472,4948,90842,465,221,244
15915,98558,7686,47487,4949,90872,465,221,244
15920,98589,7688,47504,4951,90901,465,221,244
15925,98620,7689,47515,4951,90931,465,221,244
15930,98651,7690,47526,4951,90961,465,221,244
15935,98682,7691,47541,4951,90991,465,221,244
15940,98713,7693,47561,4952,91020,465,221,244
15945,98744,7695,47575,4954,91049,465,221,244
15950,98775,7696,47589,4954,91079,465,221,244
15955,98806,7698,47600,4955,91108,465,221,244
15960,98837,7699,47612,4955,91138,465,221,244
15965,98868,7700,47627,4956,91167,465,221,244
15970,98899,7701,47641,4957,91198,465,221,244
15975,98930,7701,47656,4957,91229,465,221,244
15980,98961,7701,47671,4957,91260,465,221,244
15985,98992,7701,47684,4957,91291,465,221,244
15990,99023,7702,47696,4957,91320,465,221,244
15995,99054,7705,47714,4960,91348,465,221,244
16000,99085,7707,47724,4961,91378,465,221,244
16005,99116,7708,47736,4961,91408,465,221,244
16010,99147,7712,47751,4962,91434,465,221,244
16015,99178,7719,47769,4968,91459,465,221,244
16020,99209,7724,47788,4973,91483,465,221,244
16025,99240,7729,47805,4976,91510,465,221,244
16030,99271,7733,47821,4979,91537,465,221,244
16035,99302,7738,47837,4982,91564,465,221,244
16040,99333,7742,47857,4985,91591,465,221,244
16045,99364,7745,47872,4986,91619,465,221,244
16050,99395,7748,47884,4987,91647,465,221,244
16055,99426,7750,47898,4987,91676,465,221,244
16060,99457,7751,47913,4988,91706,465,221,244
16065,99488,7752,47930,4988,91736,465,221,244
16070,99519,7753,47944,4988,91766,465,221,244
16075,99550,7754,47958,4989,91796,465,221,244
16080,99581,7755,47970,4989,91826,465,221,244
16085,99612,7756,47983,4990,91856,465,221,244
16090,99643,7757,47997,4990,91886,465,221,244
16095,99674,7758,48012,4990,91916,465,221,244
16100,99705,7759,48030,4990,91946,465,221,244
16105,99736,7760,48047,4991,91976,465,221,244
16110,99767,7761,48059,4991,92006,465,221,244
16115,99798,7762,48076,4992,92036,465,221,244
16120,99829,7763,48091,4993,92066,465,221,244
16125,99860,7764,48106,4993,92096,465,221,244
16130,99891,7766,48122,4995,92125,465,221,244
16135,99922,7768,48133,4995,92154,465,221,244
16140,99953,7769,48140,4995,92183,466,222,244
16145,99984,7774,48153,4998,92210,466,222,244
16150,100015,7777,48168,5000,92237,466,222,244
16155,100046,7781,48183,5003,92265,466,222,244
16160,100077,7784,48196,5004,92292,466,222,244
16165,100108,7788,48210,5006,92319,466,222,244
16170,100139,7792,48230,5009,92347,466,222,244
16175,100170,7795,48246,5011,92375,466,222,244
16180,100201,7798,48265,5012,92403,466,222,244
16185,100232,7801,48276,5014,92430,466,222,244
16190,100263,7805,48286,5016,92458,466,222,244
16195,100294,7808,48302,5017,92485,466,222,244
16200,100325,7812,48317,5020,92513,466,222,244
16205,100356,7814,48330,5021,92542,466,222,244
16210,100387,7816,48342,5021,92570,466,222,244
16215,100418,7819,48359,5022,92598,466,222,244
16220,100449,7822,48376,5024,92626,466,222,244
16225,100480,7825,48391,5027,92655,466,222,244
16230,100511,7827,48405,5028,92684,466,222,244
16235,100542,7829,48420,5028,92713,466,222,244
16240,100573,7831,48442,5030,92742,466,222,244
16245,100604,7835,48457,5032,92768,466,222,244
16250,100635,7839,48466,5034,92795,467,222,245
16255,100666,7844,48481,5037,92821,468,223,245
16260,100697,7847,48497,5040,92849,468,223,245
16265,100728,7851,48507,5042,92877,468,223,245
16270,100759,7854,48519,5044,92905,468,223,245
16275,100790,7857,48533,5045,92933,468,223,245
16280,100821,7860,48546,5048,92961,468,223,245
16285,100852,7862,48556,5049,92990,468,223,245
16290,100883,7864,48569,5050,93019,468,223,245
16295,100914,7866,48580,5051,93048,468,223,245
16300,100945,7868,48598,5051,93077,468,223,245
16305,100976,7871,48615,5054,93105,468,223,245
16310,101007,7874,48628,5057,93133,468,223,245
16315,101038,7878,48647,5061,93160,468,223,245
16320,101069,7880,48661,5063,93189,468,223,245
16325,101100,7882,48672,5064,93218,468,223,245
16330,101131,7883,48684,5065,93248,468,223,245
16335,101162,7884,48697,5066,93278,468,223,245
16340,101193,7885,48710,5066,93308,468,223,245
16345,101224,7886,48730,5066,93338,468,223,245
16350,101255,7887,48749,5067,93368,468,223,245
16355,101286,7889,48760,5067,93397,468,223,245
16360,101317,7891,48780,5068,93426,468,223,245
16365,101348,7894,48794,5070,93454,469,224,245
16370,101379,7897,48809,5071,93481,470,225,245
16375,101410,7902,48820,5074,93507,470,225,245
16380,101441,7908,48836,5079,93532,470,225,245
16385,101472,7910,48849,5080,93562,470,225,245
16390,101503,7911,48867,5081,93592,470,225,245
16395,101534,7912,48883,5081,93622,470,225,245
16400,101565,7913,48899,5082,93651,470,225,245
16405,101596,7915,48917,5084,93680,470,225,245
16410,101627,7917,48926,5085,93710,470,225,245
16415,101658,7918,48942,5086,93739,470,225,245
16420,101689,7920,48956,5087,93768,470,225,245
16425,101720,7923,48972,5090,93797,470,225,245
16430,101751,7925,48991,5091,93825,470,225,245
16435,101782,7928,49001,5093,93854,470,225,245
16440,101813,7930,49022,5094,93883,470,225,245
16445,101844,7931,49036,5094,93913,470,225,245
16450,101875,7933,49057,5095,93942,470,225,245
16455,101906,7935,49071,5097,93971,470,225,245
16460,101937,7936,49086,5098,94001,470,225,245
16465,101968,7937,49099,5098,94031,470,225,245
16470,101999,7939,49120,5099,94060,470,225,245
16475,102030,7940,49140,5100,94090,470,225,245
16480,102061,7941,49150,5100,94120,471,225,246
16485,102092,7942,49165,5100,94149,472,225,247
16490,102123,7946,49170,5101,94177,473,225,248
16495,102154,7950,49186,5103,94204,474,226,248
16500,102185,7954,49201,5106,94230,475,226,249
16505,102216,7958,49216,5108,94258,475,226,249
16510,102247,7962,49227,5110,94285,475,226,249
16515,102278,7966,49239,5111,94312,475,226,249
16520,102309,7969,49248,5112,94340,475,226,249
16525,102340,7973,49263,5115,94367,475,226,249
16530,102371,7977,49279,5118,94394,475,226,249
16535,102402,7982,49293,5121,94420,475,226,249
16540,102433,7985,49311,5123,94448,475,226,249
16545,102464,7987,49328,5123,94477,475,226,249
16550,102495,7991,49342,5126,94504,475,226,249
16555,102526,7994,49354,5127,94531,475,226,249
16560,102557,7998,49372,5131,94559,475,226,249
16565,102588,8001,49388,5133,94586,475,226,249
16570,102619,8004,49400,5135,94615,475,226,249
16575,102650,8006,49414,5135,94643,475,226,249
16580,102681,8010,49430,5139,94671,475,226,249
16585,102712,8012,49446,5140,94699,475,226,249
16590,102743,8015,49459,5141,94728,475,226,249
16595,102774,8016,49476,5142,94758,475,226,249
16600,102805,8016,49495,5142,94789,475,226,249
16605,102836,8016,49509,5142,94820,475,226,249
16610,102867,8016,49531,5142,94851,476,226,250
16615,102898,8016,49547,5142,94882,477,227,250
16620,102929,8016,49561,5142,94913,478,228,250
16625,102960,8018,49576,5144,94942,479,229,250
16630,102991,8020,49590,5145,94971,479,229,250
16635,103022,8020,49601,5145,95002,479,229,250
16640,103053,8020,49617,5145,95033,479,229,250
16645,103084,8020,49633,5145,95064,479,229,250
16650,103115,8020,49647,5145,95095,479,229,250
16655,103146,8020,49661,5145,95126,479,229,250
16660,103177,8020,49676,5145,95157,479,229,250
16665,103208,8020,49692,5145,95188,479,229,250
16670,103239,8022,49704,5146,95217,479,229,250
16675,103270,8024,49722,5148,95246,479,229,250
16680,103301,8026,49736,5148,95275,479,229,250
16685,103332,8030,49755,5151,95302,479,229,250
16690,103363,8033,49770,5153,95330,479,229,250
16695,103394,8036,49787,5156,95358,479,229,250
16700,103425,8040,49800,5158,95385,479,229,250
16705,103456,8043,49812,5159,95413,479,229,250
16710,103487,8047,49829,5162,95440,479,229,250
16715,103518,8050,49843,5163,95468,479,229,250
16720,103549,8053,49857,5165,95496,479,229,250
16725,103580,8058,49874,5168,95521,479,229,250
16730,103611,8063,49892,5172,95546,480,230,250
16735,103642,8071,49904,5178,95570,481,230,251
16740,103673,8078,49919,5181,95595,482,230,252
16745,103704,8080,49932,5181,95624,482,230,252
16750,103735,8082,49945,5182,95653,482,230,252
16755,103766,8084,49961,5182,95682,482,230,252
16760,103797,8086,49977,5184,95711,482,230,252
16765,103828,8087,49989,5184,95741,482,230,252
16770,103859,8088,50006,5185,95771,482,230,252
16775,103890,8089,50020,5185,95801,482,230,252
16780,103921,8090,50031,5185,95831,482,230,252
16785,103952,8091,50047,5185,95861,482,230,252
16790,103983,8092,50062,5186,95891,482,230,252
16795,104014,8093,50080,5187,95921,482,230,252
16800,104045,8094,50097,5188,95951,482,230,252
16805,104076,8096,50110,5190,95980,482,230,252
16810,104107,8097,50126,5191,96010,482,230,252
16815,104138,8099,50138,5193,96039,482,230,252
16820,104169,8101,50153,5194,96068,482,230,252
16825,104200,8102,50171,5195,96098,482,230,252
16830,104231,8103,50181,5195,96128,482,230,252
16835,104262,8104,50192,5195,96158,482,230,252
16840,104293,8105,50205,5195,96188,482,230,252
16845,104324,8106,50218,5196,96218,482,230,252
16850,104355,8109,50235,5199,96246,482,230,252
16855,104386,8114,50253,5203,96271,482,230,252
16860,104417,8119,50266,5205,96298,482,230,252
16865,104448,8121,50275,5206,96327,482,230,252
16870,104479,8124,50284,5206,96355,482,230,252
16875,104510,8127,50302,5208,96383,482,230,252
16880,104541,8130,50321,5209,96410,482,230,252
16885,104572,8135,50336,5211,96437,482,230,252
16890,104603,8138,50350,5212,96465,482,230,252
16895,104634,8141,50359,5214,96493,482,230,252
16900,104665,8145,50376,5216,96519,482,230,252
16905,104696,8150,50393,5219,96545,482,230,252
16910,104727,8153,50407,5221,96574,482,230,252
16915,104758,8156,50424,5224,96602,482,230,252
16920,104789,8159,50440,5226,96630,482,230,252
16925,104820,8160,50451,5227,96660,482,230,252
16930,104851,8162,50470,5228,96689,482,230,252
16935,104882,8163,50482,5229,96719,482,230,252
16940,104913,8164,50496,5229,96749,482,230,252
16945,104944,8165,50505,5229,96779,482,230,252
16950,104975,8166,50515,5230,96809,482,230,252
16955,105006,8167,50531,5231,96839,482,230,252
16960,105037,8168,50544,5231,96869,482,230,252
16965,105068,8169,50557,5232,96899,482,230,252
16970,105099,8173,50572,5235,96925,482,230,252
16975,105130,8178,50586,5240,96951,483,230,253
16980,105161,8182,50601,5244,96979,483,230,253
16985,105192,8186,50611,5244,97006,483,230,253
16990,105223,8190,50623,5244,97033,483,230,253
16995,105254,8194,50638,5245,97060,483,230,253
17000,105285,8198,50655,5247,97087,483,230,253
17005,105316,8202,50664,5249,97114,483,230,253
17010,105347,8206,50678,5250,97141,483,230,253
17015,105378,8210,50697,5252,97168,483,230,253
17020,105409,8214,50714,5254,97195,483,230,253
17025,105440,8218,50731,5256,97222,483,230,253
17030,105471,8222,50752,5257,97249,483,230,253
17035,105502,8227,50767,5260,97275,483,230,253
17040,105533,8233,50784,5264,97300,483,230,253
17045,105564,8235,50795,5265,97329,483,230,253
17050,105595,8237,50809,5265,97358,483,230,253
17055,105626,8239,50824,5266,97387,483,230,253
17060,105657,8241,50839,5267,97416,483,230,253
17065,105688,8243,50857,5267,97445,483,230,253
17070,105719,8245,50872,5269,97474,483,230,253
17075,105750,8247,50889,5271,97503,483,230,253
17080,105781,8249,50901,5272,97532,483,230,253
17085,105812,8251,50917,5274,97561,483,230,253
17090,105843,8253,50935,5275,97589,484,231,253
17095,105874,8256,50946,5276,97618,485,231,254
17100,105905,8258,50963,5277,97647,486,231,255
17105,105936,8262,50979,5280,97673,486,231,255
17110,105967,8265,50998,5282,97702,486,231,255
17115,105998,8266,51012,5282,97732,486,231,255
17120,106029,8268,51024,5283,97761,486,231,255
17125,106060,8268,51039,5283,97792,486,231,255
17130,106091,8268,51052,5283,97823,486,231,255
17135,106122,8268,51073,5283,97854,486,231,255
17140,106153,8268,51087,5283,97885,486,231,255
17145,106184,8268,51100,5283,97916,486,231,255
17150,106215,8268,51114,5283,97947,486,231,255
17155,106246,8268,51130,5283,97978,486,231,255
17160,106277,8268,51150,5283,98009,486,231,255
17165,106308,8268,51166,5283,98040,486,231,255
17170,106339,8268,51178,5283,98071,486,231,255
17175,106370,8268,51192,5283,98102,486,231,255
17180,106401,8268,51203,5283,98133,486,231,255
17185,106432,8268,51216,5283,98164,486,231,255
17190,106463,8268,51226,5283,98195,486,231,255
17195,106494,8268,51239,5283,98226,486,231,255
17200,106525,8268,51252,5283,98257,486,231,255
17205,106556,8269,51265,5283,98287,486,231,255
17210,106587,8273,51282,5286,98311,487,231,256
17215,106618,8280,51295,5292,98335,488,231,257
17220,106649,8288,51313,5298,98359,489,232,257
17225,106680,8294,51324,5301,98386,489,232,257
17230,106711,8298,51340,5302,98413,489,232,257
17235,106742,8303,51354,5304,98439,489,232,257
17240,106773,8308,51362,5307,98465,489,232,257
17245,106804,8311,51378,5309,98493,489,232,257
17250,106835,8313,51391,5310,98522,489,232,257
17255,106866,8315,51407,5311,98551,489,232,257
17260,106897,8317,51420,5312,98580,489,232,257
17265,106928,8320,51440,5314,98608,489,232,257
17270,106959,8323,51456,5316,98636,489,232,257
17275,106990,8325,51469,5316,98665,489,232,257
17280,107021,8326,51487,5317,98695,489,232,257
17285,107052,8327,51504,5318,98725,489,232,257
17290,107083,8328,51521,5318,98755,489,232,257
17295,107114,8329,51536,5318,98785,489,232,257
17300,107145,8330,51552,5318,98815,489,232,257
17305,107176,8331,51568,5319,98845,489,232,257
17310,107207,8332,51587,5320,98875,489,232,257
17315,107238,8333,51601,5320,98905,489,232,257
17320,107269,8334,51616,5320,98935,489,232,257
17325,107300,8336,51631,5322,98963,490,233,257
17330,107331,8339,51642,5325,98992,491,233,258
17335,107362,8342,51657,5327,99019,492,233,259
17340,107393,8347,51677,5331,99045,492,233,259
17345,107424,8351,51693,5334,99073,492,233,259
17350,107455,8354,51708,5337,99101,492,233,259
17355,107486,8357,51719,5339,99129,492,233,259
17360,107517,8360,51729,5341,99157,492,233,259
17365,107548,8364,51745,5343,99184,492,233,259
17370,107579,8368,51762,5345,99211,492,233,259
17375,107610,8372,51780,5347,99238,492,233,259
17380,107641,8373,51794,5347,99268,492,233,259
17385,107672,8374,51807,5347,99298,492,233,259
17390,107703,8375,51820,5348,99328,492,233,259
17395,107734,8376,51836,5348,99358,492,233,259
17400,107765,8377,51850,5349,99388,492,233,259
17405,107796,8379,51864,5349,99416,492,233,259
17410,107827,8383,51879,5352,99444,492,233,259
17415,107858,8385,51892,5353,99472,492,233,259
17420,107889,8389,51904,5355,99500,492,233,259
17425,107920,8393,51920,5358,99527,492,233,259
17430,107951,8395,51935,5359,99555,492,233,259
17435,107982,8398,51952,5360,99584,492,233,259
17440,108013,8399,51966,5360,99614,492,233,259
17445,108044,8400,51976,5361,99644,492,233,259
17450,108075,8403,51990,5363,99671,493,234,259
17455,108106,8406,51999,5365,99699,494,234,260
17460,108137,8410,52015,5367,99727,495,234,261
17465,108168,8413,52030,5368,99755,495,234,261
17470,108199,8416,52045,5370,99783,495,234,261
17475,108230,8420,52068,5372,99810,495,234,261
17480,108261,8425,52084,5375,99836,495,234,261
17485,108292,8427,52098,5376,99865,495,234,261
17490,108323,8431,52113,5379,99892,495,234,261
17495,108354,8433,52126,5380,99921,495,234,261
17500,108385,8435,52137,5382,99950,495,234,261
17505,108416,8437,52152,5383,99979,495,234,261
17510,108447,8440,52162,5384,100007,495,234,261
17515,108478,8444,52183,5388,100034,495,234,261
17520,108509,8448,52200,5391,100061,495,234,261
17525,108540,8448,52211,5391,100092,495,234,261
17530,108571,8448,52224,5391,100123,495,234,261
17535,108602,8448,52240,5391,100154,495,234,261
17540,108633,8448,52255,5391,100185,495,234,261
17545,108664,8449,52272,5392,100215,495,234,261
17550,108695,8451,52288,5394,100244,495,234,261
17555,108726,8453,52302,5395,100273,495,234,261
17560,108757,8454,52320,5395,100302,495,234,261
17565,108788,8457,52340,5397,100330,496,235,261
17570,108819,8461,52355,5400,100356,496,235,261
17575,108850,8467,52375,5405,100381,496,235,261
17580,108881,8471,52391,5408,100408,496,235,261
17585,108912,8478,52405,5414,100434,496,235,261
17590,108943,8482,52418,5416,100460,496,235,261
17595,108974,8489,52431,5421,100484,496,235,261
17600,109005,8495,52444,5426,100510,496,235,261
17605,109036,8498,52457,5427,100537,496,235,261
17610,109067,8502,52469,5431,100565,496,235,261
17615,109098,8504,52485,5431,100593,496,235,261
17620,109129,8507,52499,5432,100622,496,235,261
17625,109160,8509,52517,5434,100651,496,235,261
17630,109191,8512,52535,5436,100678,496,235,261
17635,109222,8515,52550,5438,100706,496,235,261
17640,109253,8516,52565,5439,100737,496,235,261
17645,109284,8516,52578,5439,100768,496,235,261
17650,109315,8516,52591,5439,100799,496,235,261
17655,109346,8516,52598,5439,100830,496,235,261
17660,109377,8516,52613,5439,100861,496,235,261
17665,109408,8516,52627,5439,100892,496,235,261
17670,109439,8516,52643,5439,100923,496,235,261
17675,109470,8516,52655,5439,100954,496,235,261
17680,109501,8516,52667,5439,100985,496,235,261
17685,109532,8516,52685,5439,101016,496,235,261
17690,109563,8516,52698,5439,101047,497,235,262
17695,109594,8516,52721,5439,101078,497,235,262
17700,109625,8516,52734,5439,101109,497,235,262
17705,109656,8519,52751,5440,101137,497,235,262
17710,109687,8521,52766,5440,101165,497,235,262
17715,109718,8525,52779,5443,101193,497,235,262
17720,109749,8529,52796,5445,101219,497,235,262
17725,109780,8535,52816,5448,101244,497,235,262
17730,109811,8541,52838,5452,101269,497,235,262
17735,109842,8547,52854,5455,101295,497,235,262
17740,109873,8550,52873,5457,101323,497,235,262
17745,109904,8555,52885,5460,101349,497,235,262
17750,109935,8558,52898,5460,101376,497,235,262
17755,109966,8564,52911,5466,101401,497,235,262
17760,109997,8571,52933,5472,101425,497,235,262
17765,110028,8576,52953,5476,101452,497,235,262
17770,110059,8579,52964,5477,101480,497,235,262
17775,110090,8583,52977,5479,101507,497,235,262
17780,110121,8588,52998,5482,101533,497,235,262
17785,110152,8593,53014,5487,101559,497,235,262
17790,110183,8598,53031,5490,101585,497,235,262
17795,110214,8603,53044,5493,101611,497,235,262
17800,110245,8607,53063,5497,101638,497,235,262
17805,110276,8608,53077,5498,101668,497,235,262
17810,110307,8609,53097,5498,101698,497,235,262
17815,110338,8610,53115,5499,101728,497,235,262
17820,110369,8611,53134,5500,101758,497,235,262
17825,110400,8612,53152,5500,101788,497,235,262
17830,110431,8613,53169,5501,101818,497,235,262
17835,110462,8614,53186,5501,101848,497,235,262
17840,110493,8617,53202,5503,101876,497,235,262
17845,110524,8619,53216,5504,101905,497,235,262
17850,110555,8622,53224,5505,101933,497,235,262
17855,110586,8625,53237,5507,101961,497,235,262
17860,110617,8628,53251,5508,101989,497,235,262
17865,110648,8630,53261,5509,102018,497,235,262
17870,110679,8633,53278,5512,102046,497,235,262
17875,110710,8635,53295,5513,102074,497,235,262
17880,110741,8638,53309,5515,102102,497,235,262
17885,110772,8642,53323,5517,102129,497,235,262
17890,110803,8646,53338,5520,102157,497,235,262
17895,110834,8649,53357,5522,102185,497,235,262
17900,110865,8652,53373,5524,102213,497,235,262
17905,110896,8654,53389,5525,102241,497,235,262
17910,110927,8656,53403,5527,102271,497,235,262
17915,110958,8657,53418,5528,102300,497,235,262
17920,110989,8659,53438,5530,102329,497,235,262
17925,111020,8662,53452,5532,102357,497,235,262
17930,111051,8666,53465,5536,102385,497,235,262
17935,111082,8668,53476,5537,102414,497,235,262
17940,111113,8670,53491,5538,102442,497,235,262
17945,111144,8673,53499,5539,102471,497,235,262
17950,111175,8675,53519,5540,102500,497,235,262
17955,111206,8677,53538,5541,102529,497,235,262
17960,111237,8679,53556,5542,102558,497,235,262
17965,111268,8681,53568,5542,102587,497,235,262
17970,111299,8683,53582,5542,102616,497,235,262
17975,111330,8685,53595,5542,102645,497,235,262
17980,111361,8687,53610,5543,102674,497,235,262
17985,111392,8689,53627,5544,102703,497,235,262
17990,111423,8691,53639,5544,102732,497,235,262
17995,111454,8693,53652,5545,102761,497,235,262
18000,111485,8695,53665,5546,102790,497,235,262
18005,111516,8699,53680,5548,102817,497,235,262
18010,111547,8703,53691,5551,102844,497,235,262
18015,111578,8706,53705,5554,102872,497,235,262
18020,111609,8711,53723,5559,102898,497,235,262
18025,111640,8714,53737,5560,102926,497,235,262
18030,111671,8719,53754,5564,102952,497,235,262
18035,111702,8722,53775,5567,102980,497,235,262
18040,111733,8725,53789,5568,103008,497,235,262
18045,111764,8728,53805,5570,103036,497,235,262
18050,111795,8732,53823,5573,103063,497,235,262
18055,111826,8735,53837,5574,103091,497,235,262
18060,111857,8738,53853,5576,103119,497,235,262
18065,111888,8741,53870,5577,103147,497,235,262
18070,111919,8743,53881,5577,103176,497,235,262
18075,111950,8745,53895,5577,103205,497,235,262
18080,111981,8748,53905,5578,103233,497,235,262
18085,112012,8751,53927,5580,103261,497,235,262
18090,112043,8754,53938,5582,103289,497,235,262
18095,112074,8757,53954,5585,103317,497,235,262
18100,112105,8760,53968,5588,103345,497,235,262
18105,112136,8763,53983,5591,103373,498,236,262
18110,112167,8766,53993,5593,103400,499,236,263
18115,112198,8769,54010,5594,103429,500,236,264
18120,112229,8770,54026,5595,103459,501,237,264
18125,112260,8773,54043,5597,103486,501,237,264
18130,112291,8776,54056,5599,103514,501,237,264
18135,112322,8779,54072,5602,103543,501,237,264
18140,112353,8781,54088,5603,103571,501,237,264
18145,112384,8782,54099,5604,103602,501,237,264
18150,112415,8782,54113,5604,103633,501,237,264
18155,112446,8782,54130,5604,103664,501,237,264
18160,112477,8782,54147,5604,103695,501,237,264
18165,112508,8782,54160,5604,103726,501,237,264
18170,112539,8783,54169,5605,103756,501,237,264
18175,112570,8784,54187,5606,103786,501,237,264
18180,112601,8785,54201,5607,103816,501,237,264
18185,112632,8786,54217,5607,103846,501,237,264
18190,112663,8787,54231,5608,103876,501,237,264
18195,112694,8789,54247,5609,103905,501,237,264
18200,112725,8790,54263,5610,103935,501,237,264
18205,112756,8792,54277,5612,103964,501,237,264
18210,112787,8793,54294,5613,103994,501,237,264
18215,112818,8794,54305,5613,104024,501,237,264
18220,112849,8796,54319,5614,104053,501,237,264
18225,112880,8799,54334,5616,104081,502,238,264
18230,112911,8802,54345,5618,104109,503,238,265
18235,112942,8804,54357,5620,104138,503,238,265
18240,112973,8806,54371,5621,104167,503,238,265
18245,113004,8808,54393,5622,104195,503,238,265
18250,113035,8812,54406,5625,104222,503,238,265
18255,113066,8816,54417,5626,104250,503,238,265
18260,113097,8820,54432,5629,104276,503,238,265
18265,113128,8825,54446,5632,104303,503,238,265
18270,113159,8828,54461,5634,104330,503,238,265
18275,113190,8832,54474,5638,104358,503,238,265
18280,113221,8835,54487,5639,104386,503,238,265
18285,113252,8840,54501,5640,104412,503,238,265
18290,113283,8847,54521,5645,104435,503,238,265
18295,113314,8852,54539,5648,104461,503,238,265
18300,113345,8858,54555,5652,104487,503,238,265
18305,113376,8859,54569,5653,104517,503,238,265
18310,113407,8861,54586,5655,104546,503,238,265
18315,113438,8862,54603,5656,104576,503,238,265
18320,113469,8863,54616,5656,104606,503,238,265
18325,113500,8864,54628,5657,104636,503,238,265
18330,113531,8865,54641,5657,104666,503,238,265
18335,113562,8866,54659,5658,104696,503,238,265
18340,113593,8867,54670,5659,104726,503,238,265
18345,113624,8868,54689,5660,104756,503,238,265
18350,113655,8869,54701,5661,104786,503,238,265
18355,113686,8870,54714,5661,104816,503,238,265
18360,113717,8871,54735,5661,104846,503,238,265
18365,113748,8871,54748,5661,104877,503,238,265
18370,113779,8871,54762,5661,104908,503,238,265
18375,113810,8871,54777,5661,104939,503,238,265
18380,113841,8871,54790,5661,104970,503,238,265
18385,113872,8871,54805,5661,105001,503,238,265
18390,113903,8871,54819,5661,105032,503,238,265
18395,113934,8871,54837,5661,105063,503,238,265
18400,113965,8871,54853,5661,105094,503,238,265
18405,113996,8872,54864,5661,105124,503,238,265
18410,114027,8875,54875,5662,105152,503,238,265
18415,114058,8879,54894,5666,105179,503,238,265
18420,114089,8882,54905,5667,105207,503,238,265
18425,114120,8885,54917,5667,105234,504,238,266
18430,114151,8889,54931,5669,105262,504,238,266
18435,114182,8892,54944,5670,105290,504,238,266
18440,114213,8895,54955,5671,105318,504,238,266
18445,114244,8898,54971,5672,105346,504,238,266
18450,114275,8901,54987,5674,105374,504,238,266
18455,114306,8904,55000,5675,105402,504,238,266
18460,114337,8907,55015,5677,105430,504,238,266
18465,114368,8910,55027,5679,105458,504,238,266
18470,114399,8913,55043,5681,105486,504,238,266
18475,114430,8916,55062,5683,105514,504,238,266
18480,114461,8919,55079,5686,105542,504,238,266
18485,114492,8920,55093,5687,105572,504,238,266
18490,114523,8921,55107,5687,105602,504,238,266
18495,114554,8922,55119,5688,105632,504,238,266
18500,114585,8923,55136,5688,105662,504,238,266
18505,114616,8924,55152,5688,105692,504,238,266
18510,114647,8925,55166,5688,105722,504,238,266
18515,114678,8926,55185,5689,105752,504,238,266
18520,114709,8927,55199,5689,105782,504,238,266
18525,114740,8928,55213,5689,105812,504,238,266
18530,114771,8931,55229,5690,105840,504,238,266
18535,114802,8934,55247,5692,105868,505,238,267
18540,114833,8937,55259,5694,105896,506,238,268
18545,114864,8937,55275,5694,105927,507,239,268
18550,114895,8937,55290,5694,105958,507,239,268
18555,114926,8937,55305,5694,105989,507,239,268
18560,114957,8937,55323,5694,106020,507,239,268
18565,114988,8937,55334,5694,106051,507,239,268
18570,115019,8937,55347,5694,106082,507,239,268
18575,115050,8937,55364,5694,106113,507,239,268
18580,115081,8937,55378,5694,106144,507,239,268
18585,115112,8937,55392,5694,106175,507,239,268
18590,115143,8937,55408,5694,106206,507,239,268
18595,115174,8937,55423,5694,106237,507,239,268
18600,115205,8937,55440,5694,106268,507,239,268
18605,115236,8937,55455,5694,106299,507,239,268
18610,115267,8937,55471,5694,106330,507,239,268
18615,115298,8937,55483,5694,106361,507,239,268
18620,115329,8937,55495,5694,106392,507,239,268
18625,115360,8937,55510,5694,106423,507,239,268
18630,115391,8937,55523,5694,106454,507,239,268
18635,115422,8937,55536,5694,106485,507,239,268
18640,115453,8937,55552,5694,106516,507,239,268
18645,115484,8937,55567,5694,106547,507,239,268
18650,115515,8941,55584,5697,106573,508,240,268
18655,115546,8948,55600,5702,106598,509,240,269
18660,115577,8954,55611,5704,106623,510,241,269
18665,115608,8957,55626,5706,106650,510,241,269
18670,115639,8962,55642,5708,106677,510,241,269
18675,115670,8965,55660,5710,106704,510,241,269
18680,115701,8969,55676,5714,106732,510,241,269
18685,115732,8971,55689,5714,106761,510,241,269
18690,115763,8974,55702,5716,106789,510,241,269
18695,115794,8976,55716,5717,106818,510,241,269
18700,115825,8979,55731,5719,106846,510,241,269
18705,115856,8982,55748,5722,106874,510,241,269
18710,115887,8985,55760,5723,106902,510,241,269
18715,115918,8988,55780,5725,106930,510,241,269
18720,115949,8990,55793,5725,106959,510,241,269
18725,115980,8991,55813,5726,106989,510,241,269
18730,116011,8992,55829,5726,107019,510,241,269
18735,116042,8993,55840,5726,107049,510,241,269
18740,116073,8994,55860,5726,107079,510,241,269
18745,116104,8995,55879,5727,107109,510,241,269
18750,116135,8996,55896,5728,107139,510,241,269
18755,116166,8997,55908,5728,107169,510,241,269
18760,116197,8998,55924,5729,107199,510,241,269
18765,116228,9001,55944,5731,107227,510,241,269
18770,116259,9004,55960,5732,107255,510,241,269
18775,116290,9005,55974,5732,107285,511,241,270
18780,116321,9006,55991,5732,107315,512,241,271
18785,116352,9009,56004,5735,107343,513,242,271
18790,116383,9014,56018,5739,107368,514,242,272
18795,116414,9019,56034,5741,107394,515,242,273
18800,116445,9024,56050,5744,107418,516,242,274
18805,116476,9031,56066,5750,107444,516,242,274
18810,116507,9034,56081,5753,107472,516,242,274
18815,116538,9038,56096,5756,107500,516,242,274
18820,116569,9042,56110,5758,107526,516,242,274
18825,116600,9045,56123,5760,107554,516,242,274
18830,116631,9048,56137,5763,107583,516,242,274
18835,116662,9051,56155,5765,107610,516,242,274
18840,116693,9055,56168,5767,107637,516,242,274
18845,116724,9058,56178,5769,107666,517,242,275
18850,116755,9059,56191,5770,107696,518,242,276
18855,116786,9061,56205,5771,107725,519,242,277
18860,116817,9064,56220,5773,107753,520,243,277
18865,116848,9066,56232,5774,107782,521,244,277
18870,116879,9066,56245,5774,107813,522,244,278
18875,116910,9066,56260,5774,107844,523,244,279
18880,116941,9066,56276,5774,107875,524,244,280
18885,116972,9066,56286,5774,107906,525,244,281
18890,117003,9066,56300,5774,107937,525,244,281
18895,117034,9066,56315,5774,107968,525,244,281
18900,117065,9066,56329,5774,107999,525,244,281
18905,117096,9067,56344,5774,108029,525,244,281
18910,117127,9068,56361,5774,108059,525,244,281
18915,117158,9069,56377,5774,108089,525,244,281
18920,117189,9070,56393,5775,108119,525,244,281
18925,117220,9071,56408,5775,108149,525,244,281
18930,117251,9072,56423,5776,108179,525,244,281
18935,117282,9073,56438,5776,108209,525,244,281
18940,117313,9074,56453,5777,108239,525,244,281
18945,117344,9076,56467,5777,108268,525,244,281
18950,117375,9079,56484,5779,108296,525,244,281
18955,117406,9082,56499,5780,108324,525,244,281
18960,117437,9085,56520,5783,108352,525,244,281
18965,117468,9089,56532,5786,108379,525,244,281
18970,117499,9094,56547,5790,108405,525,244,281
18975,117530,9098,56561,5793,108432,525,244,281
18980,117561,9102,56578,5797,108459,525,244,281
18985,117592,9105,56592,5798,108487,525,244,281
18990,117623,9108,56609,5800,108515,526,244,282
18995,117654,9111,56623,5801,108543,527,244,283
19000,117685,9114,56638,5802,108571,528,245,283
19005,117716,9117,56655,5804,108599,529,245,284
19010,117747,9120,56670,5806,108627,530,245,285
19015,117778,9123,56681,5808,108655,531,245,286
19020,117809,9126,56690,5809,108683,532,245,287
19025,117840,9127,56703,5809,108713,532,245,287
19030,117871,9129,56716,5810,108742,532,245,287
19035,117902,9131,56734,5811,108771,532,245,287
19040,117933,9132,56745,5811,108801,532,245,287
19045,117964,9133,56763,5811,108831,532,245,287
19050,117995,9134,56778,5812,108861,532,245,287
19055,118026,9137,56789,5813,108888,532,245,287
19060,118057,9140,56803,5814,108916,532,245,287
19065,118088,9145,56816,5817,108943,532,245,287
19070,118119,9149,56831,5820,108969,532,245,287
19075,118150,9152,56846,5822,108998,532,245,287
19080,118181,9155,56863,5823,109026,532,245,287
19085,118212,9158,56880,5825,109054,532,245,287
19090,118243,9160,56898,5827,109082,532,245,287
19095,118274,9162,56911,5828,109112,532,245,287
19100,118305,9163,56923,5828,109141,532,245,287
19105,118336,9166,56941,5831,109169,532,245,287
19110,118367,9168,56956,5833,109199,532,245,287
19115,118398,9170,56972,5834,109228,532,245,287
19120,118429,9171,56987,5835,109258,532,245,287
19125,118460,9171,56999,5835,109289,532,245,287
19130,118491,9173,57019,5837,109318,532,245,287
19135,118522,9175,57038,5839,109347,532,245,287
19140,118553,9176,57054,5839,109377,532,245,287
19145,118584,9178,57072,5840,109405,532,245,287
19150,118615,9182,57091,5843,109432,532,245,287
19155,118646,9184,57106,5845,109462,532,245,287
19160,118677,9185,57123,5846,109492,532,245,287
19165,118708,9186,57140,5847,109522,532,245,287
19170,118739,9188,57154,5849,109551,532,245,287
19175,118770,9189,57168,5849,109581,532,245,287
19180,118801,9191,57189,5851,109610,532,245,287
19185,118832,9193,57204,5852,109639,532,245,287
19190,118863,9196,57222,5854,109667,532,245,287
19195,118894,9200,57235,5855,109694,533,245,288
19200,118925,9205,57256,5859,109720,534,246,288
19205,118956,9207,57275,5861,109749,534,246,288
19210,118987,9210,57293,5863,109777,534,246,288
19215,119018,9213,57309,5864,109805,534,246,288
19220,119049,9215,57323,5864,109834,534,246,288
19225,119080,9217,57339,5864,109863,534,246,288
19230,119111,9220,57348,5865,109891,534,246,288
19235,119142,9222,57366,5866,109920,534,246,288
19240,119173,9224,57376,5868,109949,534,246,288
19245,119204,9227,57395,5869,109977,534,246,288
19250,119235,9230,57413,5871,110005,534,246,288
19255,119266,9233,57424,5873,110033,534,246,288
19260,119297,9236,57437,5875,110061,534,246,288
19265,119328,9239,57452,5877,110089,534,246,288
19270,119359,9243,57462,5879,110116,534,246,288
19275,119390,9246,57477,5879,110143,534,246,288
19280,119421,9250,57490,5882,110171,534,246,288
19285,119452,9253,57506,5884,110199,534,246,288
19290,119483,9257,57523,5886,110226,534,246,288
19295,119514,9261,57539,5889,110252,534,246,288
19300,119545,9266,57553,5892,110278,534,246,288
19305,119576,9273,57569,5896,110302,534,246,288
19310,119607,9280,57578,5901,110327,535,246,289
19315,119638,9284,57588,5904,110354,535,246,289
19320,119669,9286,57599,5904,110383,535,246,289
19325,119700,9287,57618,5905,110413,535,246,289
19330,119731,9288,57628,5906,110443,535,246,289
19335,119762,9289,57645,5906,110473,535,246,289
19340,119793,9290,57658,5907,110503,535,246,289
19345,119824,9291,57673,5907,110533,535,246,289
19350,119855,9292,57690,5908,110563,535,246,289
19355,119886,9293,57703,5909,110593,535,246,289
19360,119917,9294,57716,5909,110623,535,246,289
19365,119948,9295,57730,5909,110653,535,246,289
19370,119979,9296,57749,5909,110683,535,246,289
19375,120010,9297,57763,5910,110713,535,246,289
19380,120041,9298,57782,5910,110743,535,246,289
19385,120072,9299,57802,5910,110773,535,246,289
19390,120103,9300,57819,5911,110803,535,246,289
19395,120134,9301,57829,5911,110833,535,246,289
19400,120165,9302,57842,5911,110863,535,246,289
19405,120196,9303,57852,5911,110893,535,246,289
19410,120227,9304,57870,5912,110923,535,246,289
19415,120258,9306,57882,5914,110952,535,246,289
19420,120289,9310,57899,5915,110978,536,246,290
19425,120320,9316,57912,5919,111004,537,246,291
19430,120351,9320,57927,5921,111031,537,246,291
19435,120382,9325,57938,5925,111057,537,246,291
19440,120413,9330,57950,5929,111083,537,246,291
19445,120444,9333,57968,5931,111111,537,246,291
19450,120475,9336,57982,5933,111138,537,246,291
19455,120506,9340,58001,5936,111165,537,246,291
19460,120537,9343,58016,5939,111194,537,246,291
19465,120568,9345,58028,5939,111222,537,246,291
19470,120599,9348,58046,5941,111251,537,246,291
19475,120630,9350,58058,5942,111280,537,246,291
19480,120661,9352,58067,5943,111309,537,246,291
19485,120692,9353,58074,5944,111339,537,246,291
19490,120723,9355,58091,5945,111368,537,246,291
19495,120754,9356,58100,5945,111398,537,246,291
19500,120785,9357,58115,5945,111428,537,246,291
19505,120816,9358,58126,5945,111458,537,246,291
19510,120847,9359,58138,5945,111488,537,246,291
19515,120878,9360,58154,5946,111518,537,246,291
19520,120909,9361,58171,5946,111548,537,246,291
19525,120940,9363,58186,5947,111577,537,246,291
19530,120971,9365,58196,5948,111606,538,246,292
19535,121002,9367,58215,5950,111635,539,246,293
19540,121033,9370,58228,5952,111662,540,246,294
19545,121064,9372,58239,5954,111692,540,246,294
19550,121095,9376,58254,5957,111719,540,246,294
19555,121126,9380,58271,5961,111746,540,246,294
19560,121157,9382,58284,5962,111775,540,246,294
19565,121188,9385,58297,5964,111803,540,246,294
19570,121219,9387,58307,5964,111832,540,246,294
19575,121250,9391,58322,5966,111859,540,246,294
19580,121281,9394,58338,5969,111887,540,246,294
19585,121312,9398,58358,5972,111914,540,246,294
19590,121343,9401,58371,5973,111942,540,246,294
19595,121374,9405,58388,5976,111969,540,246,294
19600,121405,9408,58400,5977,111997,540,246,294
19605,121436,9411,58419,5980,112025,540,246,294
19610,121467,9413,58432,5980,112054,540,246,294
19615,121498,9415,58447,5980,112083,540,246,294
19620,121529,9417,58466,5981,112112,540,246,294
19625,121560,9420,58484,5983,112140,540,246,294
19630,121591,9423,58494,5984,112168,540,246,294
19635,121622,9426,58510,5987,112196,540,246,294
19640,121653,9429,58524,5989,112224,540,246,294
19645,121684,9432,58540,5990,112252,541,246,295
19650,121715,9435,58557,5992,112280,542,247,295
19655,121746,9440,58567,5995,112306,543,248,295
19660,121777,9444,58580,5997,112332,543,248,295
19665,121808,9450,58598,6001,112356,543,248,295
19670,121839,9456,58612,6005,112380,543,248,295
19675,121870,9466,58625,6012,112404,543,248,295
19680,121901,9471,58641,6016,112429,543,248,295
19685,121932,9474,58657,6019,112457,543,248,295
19690,121963,9477,58678,6021,112486,543,248,295
19695,121994,9479,58695,6023,112515,543,248,295
19700,122025,9481,58708,6024,112543,543,248,295
19705,122056,9484,58720,6025,112572,543,248,295
19710,122087,9486,58737,6027,112600,543,248,295
19715,122118,9489,58750,6028,112629,543,248,295
19720,122149,9491,58767,6030,112658,543,248,295
19725,122180,9493,58783,6032,112687,543,248,295
19730,122211,9494,58797,6032,112717,543,248,295
19735,122242,9495,58812,6033,112747,543,248,295
19740,122273,9497,58830,6035,112776,543,248,295
19745,122304,9498,58842,6035,112806,543,248,295
19750,122335,9499,58853,6036,112836,543,248,295
19755,122366,9501,58867,6037,112865,543,248,295
19760,122397,9502,58883,6037,112895,543,248,295
19765,122428,9503,58897,6038,112925,544,248,296
19770,122459,9504,58914,6039,112955,545,249,296
19775,122490,9506,58930,6040,112984,546,249,297
19780,122521,9507,58943,6041,113014,546,249,297
19785,122552,9512,58957,6044,113039,546,249,297
19790,122583,9516,58972,6048,113067,546,249,297
19795,122614,9519,58983,6050,113095,546,249,297
19800,122645,9523,58997,6053,113122,546,249,297
19805,122676,9528,59014,6057,113148,546,249,297
19810,122707,9531,59030,6060,113176,546,249,297
19815,122738,9535,59046,6063,113203,546,249,297
19820,122769,9537,59060,6065,113232,546,249,297
19825,122800,9540,59075,6067,113260,546,249,297
19830,122831,9542,59091,6068,113289,546,249,297
19835,122862,9545,59104,6069,113317,546,249,297
19840,122893,9547,59126,6070,113346,546,249,297
19845,122924,9550,59142,6072,113374,546,249,297
19850,122955,9552,59162,6074,113403,546,249,297
19855,122986,9554,59172,6076,113432,546,249,297
19860,123017,9556,59189,6078,113461,546,249,297
19865,123048,9559,59202,6080,113489,547,250,297
19870,123079,9561,59216,6081,113518,548,250,298
19875,123110,9563,59232,6082,113547,548,250,298
19880,123141,9564,59247,6083,113577,548,250,298
19885,123172,9565,59261,6083,113607,548,250,298
19890,123203,9566,59276,6084,113637,548,250,298
19895,123234,9568,59288,6085,113666,548,250,298
19900,123265,9570,59305,6086,113695,548,250,298
19905,123296,9572,59322,6088,113723,548,250,298
19910,123327,9576,59344,6091,113751,548,250,298
19915,123358,9580,59365,6095,113776,548,250,298
19920,123389,9586,59383,6100,113803,548,250,298
19925,123420,9589,59394,6101,113831,548,250,298
19930,123451,9591,59405,6102,113860,548,250,298
19935,123482,9594,59423,6103,113888,548,250,298
19940,123513,9596,59440,6105,113916,548,250,298
19945,123544,9599,59454,6108,113944,548,250,298
19950,123575,9602,59469,6110,113972,548,250,298
19955,123606,9606,59486,6113,113999,548,250,298
19960,123637,9610,59502,6116,114026,548,250,298
19965,123668,9613,59514,6119,114055,548,250,298
19970,123699,9615,59528,6120,114083,548,250,298
19975,123730,9620,59541,6124,114110,548,250,298
19980,123761,9622,59561,6125,114139,549,251,298
19985,123792,9622,59578,6125,114170,550,252,298
19990,123823,9622,59588,6125,114201,550,252,298
19995,123854,9622,59605,6125,114232,550,252,298
20000,123885,9622,59619,6125,114263,550,252,298
20005,123916,9622,59631,6125,114294,550,252,298
20010,123947,9622,59644,6125,114325,550,252,298
20015,123978,9622,59653,6125,114356,550,252,298
20020,124009,9622,59665,6125,114387,550,252,298
20025,124040,9622,59681,6125,114418,550,252,298
20030,124071,9626,59695,6128,114444,550,252,298
20035,124102,9630,59703,6130,114472,550,252,298
20040,124133,9634,59718,6134,114498,550,252,298
20045,124164,9638,59737,6137,114526,550,252,298
20050,124195,9640,59753,6138,114555,550,252,298
20055,124226,9643,59766,6140,114583,550,252,298
20060,124257,9646,59789,6143,114611,550,252,298
20065,124288,9649,59803,6145,114639,550,252,298
20070,124319,9652,59815,6147,114667,550,252,298
20075,124350,9654,59833,6148,114696,550,252,298
20080,124381,9657,59847,6150,114724,550,252,298
20085,124412,9660,59867,6151,114752,550,252,298
20090,124443,9663,59882,6154,114780,550,252,298
20095,124474,9666,59893,6156,114808,551,252,299
20100,124505,9668,59904,6158,114837,552,252,300
20105,124536,9672,59921,6161,114863,553,252,301
20110,124567,9676,59935,6163,114890,554,253,301
20115,124598,9680,59953,6166,114918,554,253,301
20120,124629,9683,59970,6167,114946,554,253,301
20125,124660,9685,59987,6169,114974,554,253,301
20130,124691,9689,60003,6173,115002,554,253,301
20135,124722,9692,60017,6174,115030,554,253,301
20140,124753,9693,60029,6174,115060,554,253,301
20145,124784,9694,60042,6175,115090,554,253,301
20150,124815,9695,60058,6175,115120,554,253,301
20155,124846,9696,60071,6176,115150,554,253,301
20160,124877,9697,60086,6176,115180,554,253,301
20165,124908,9697,60102,6176,115211,554,253,301
20170,124939,9697,60116,6176,115242,554,253,301
20175,124970,9697,60135,6176,115273,554,253,301
20180,125001,9697,60153,6176,115304,554,253,301
20185,125032,9697,60170,6176,115335,554,253,301
20190,125063,9697,60183,6176,115366,554,253,301
20195,125094,9698,60196,6177,115396,554,253,301
20200,125125,9699,60216,6177,115425,554,253,301
20205,125156,9701,60236,6179,115454,554,253,301
20210,125187,9703,60251,6180,115483,554,253,301
20215,125218,9706,60267,6182,115512,554,253,301
20220,125249,9708,60282,6182,115541,554,253,301
20225,125280,9710,60292,6182,115570,554,253,301
20230,125311,9712,60305,6183,115599,554,253,301
20235,125342,9714,60320,6184,115628,554,253,301
20240,125373,9717,60336,6185,115655,554,253,301
20245,125404,9722,60354,6187,115680,554,253,301
20250,125435,9728,60367,6191,115706,554,253,301
20255,125466,9732,60384,6194,115732,554,253,301
20260,125497,9738,60399,6200,115759,554,253,301
20265,125528,9741,60414,6200,115787,555,254,301
20270,125559,9745,60427,6204,115812,556,255,301
20275,125590,9753,60445,6212,115836,556,255,301
20280,125621,9759,60460,6215,115862,556,255,301
20285,125652,9762,60475,6217,115890,556,255,301
20290,125683,9766,60491,6220,115917,556,255,301
20295,125714,9769,60507,6222,115945,556,255,301
20300,125745,9773,60523,6225,115972,556,255,301
20305,125776,9775,60533,6225,116001,556,255,301
20310,125807,9777,60548,6226,116030,556,255,301
20315,125838,9780,60568,6228,116058,556,255,301
20320,125869,9782,60583,6230,116087,556,255,301
20325,125900,9785,60598,6232,116115,556,255,301
20330,125931,9788,60615,6234,116143,556,255,301
20335,125962,9790,60632,6236,116172,556,255,301
20340,125993,9792,60650,6237,116201,556,255,301
20345,126024,9793,60667,6238,116231,556,255,301
20350,126055,9794,60684,6239,116261,556,255,301
20355,126086,9795,60696,6240,116291,556,255,301
20360,126117,9796,60709,6241,116321,556,255,301
20365,126148,9797,60721,6242,116351,556,255,301
20370,126179,9798,60735,6242,116381,556,255,301
20375,126210,9799,60745,6242,116411,556,255,301
20380,126241,9801,60759,6243,116440,556,255,301
20385,126272,9804,60773,6245,116467,557,255,302
20390,126303,9810,60789,6250,116493,558,255,303
20395,126334,9812,60805,6252,116520,559,255,304
20400,126365,9818,60821,6257,116546,559,255,304
20405,126396,9823,60836,6260,116573,559,255,304
20410,126427,9826,60848,6262,116601,559,255,304
20415,126458,9830,60862,6264,116627,559,255,304
20420,126489,9835,60873,6267,116654,559,255,304
20425,126520,9840,60888,6270,116679,559,255,304
20430,126551,9845,60902,6273,116706,559,255,304
20435,126582,9849,60918,6276,116732,559,255,304
20440,126613,9852,60933,6278,116761,559,255,304
20445,126644,9854,60953,6279,116790,559,255,304
20450,126675,9855,60970,6279,116820,559,255,304
20455,126706,9856,60989,6279,116850,559,255,304
20460,126737,9857,60999,6279,116880,559,255,304
20465,126768,9858,61014,6280,116910,559,255,304
20470,126799,9858,61030,6280,116941,559,255,304
20475,126830,9858,61044,6280,116972,559,255,304
20480,126861,9858,61061,6280,117003,559,255,304
20485,126892,9858,61075,6280,117034,559,255,304
20490,126923,9858,61094,6280,117065,559,255,304
20495,126954,9858,61109,6280,117096,559,255,304
20500,126985,9858,61120,6280,117127,559,255,304
20505,127016,9858,61135,6280,117158,559,255,304
20510,127047,9858,61151,6280,117189,559,255,304
20515,127078,9858,61172,6280,117220,559,255,304
20520,127109,9859,61191,6281,117250,559,255,304
20525,127140,9863,61205,6285,117276,559,255,304
20530,127171,9867,61221,6287,117303,559,255,304
20535,127202,9872,61236,6290,117328,559,255,304
20540,127233,9878,61250,6295,117355,559,255,304
20545,127264,9881,61264,6296,117383,559,255,304
20550,127295,9884,61277,6297,117409,559,255,304
20555,127326,9890,61295,6301,117434,559,255,304
20560,127357,9895,61312,6306,117461,559,255,304
20565,127388,9900,61326,6310,117488,559,255,304
20570,127419,9902,61341,6312,117517,559,255,304
20575,127450,9904,61359,6312,117545,559,255,304
20580,127481,9907,61372,6313,117574,559,255,304
20585,127512,9909,61386,6314,117603,559,255,304
20590,127543,9911,61396,6314,117631,559,255,304
20595,127574,9914,61407,6316,117660,559,255,304
20600,127605,9916,61426,6316,117689,559,255,304
20605,127636,9918,61443,6317,117718,559,255,304
20610,127667,9920,61460,6318,117747,559,255,304
20615,127698,9922,61473,6318,117776,559,255,304
20620,127729,9924,61485,6319,117805,559,255,304
20625,127760,9927,61500,6320,117833,559,255,304
20630,127791,9928,61517,6320,117863,560,255,305
20635,127822,9930,61529,6321,117891,561,255,306
20640,127853,9934,61545,6324,117919,562,255,307
20645,127884,9937,61555,6325,117947,562,255,307
20650,127915,9940,61567,6327,117975,562,255,307
20655,127946,9942,61583,6328,118004,562,255,307
20660,127977,9943,61597,6328,118034,562,255,307
20665,128008,9944,61611,6328,118064,562,255,307
20670,128039,9946,61627,6329,118093,562,255,307
20675,128070,9948,61640,6330,118122,562,255,307
20680,128101,9950,61656,6332,118151,562,255,307
20685,128132,9951,61674,6333,118181,562,255,307
20690,128163,9952,61685,6334,118211,562,255,307
20695,128194,9954,61700,6336,118240,562,255,307
20700,128225,9955,61709,6336,118270,562,255,307
20705,128256,9956,61726,6336,118300,562,255,307
20710,128287,9957,61742,6337,118330,562,255,307
20715,128318,9958,61760,6338,118359,562,255,307
20720,128349,9960,61773,6339,118389,562,255,307
20725,128380,9960,61785,6339,118420,562,255,307
20730,128411,9960,61803,6339,118451,562,255,307
20735,128442,9960,61816,6339,118482,562,255,307
20740,128473,9960,61833,6339,118513,562,255,307
20745,128504,9960,61848,6339,118544,563,255,308
20750,128535,9962,61863,6340,118573,564,256,308
20755,128566,9966,61877,6343,118599,565,257,308
20760,128597,9970,61890,6344,118626,565,257,308
20765,128628,9975,61909,6346,118652,565,257,308
20770,128659,9980,61919,6349,118679,565,257,308
20775,128690,9983,61932,6349,118707,565,257,308
20780,128721,9986,61948,6351,118734,565,257,308
20785,128752,9990,61962,6352,118761,565,257,308
20790,128783,9994,61978,6355,118789,565,257,308
20795,128814,9997,61991,6357,118817,565,257,308
20800,128845,10000,62008,6360,118844,565,257,308
20805,128876,10004,62021,6361,118871,565,257,308
20810,128907,10008,62042,6365,118898,565,257,308
20815,128938,10011,62054,6367,118926,565,257,308
20820,128969,10014,62072,6369,118954,565,257,308
20825,129000,10017,62083,6370,118983,565,257,308
20830,129031,10019,62099,6371,119012,565,257,308
20835,129062,10021,62114,6373,119041,565,257,308
20840,129093,10023,62134,6375,119070,565,257,308
20845,129124,10025,62150,6377,119099,565,257,308
20850,129155,10027,62161,6377,119128,565,257,308
20855,129186,10029,62177,6378,119157,565,257,308
20860,129217,10031,62188,6379,119186,566,257,309
20865,129248,10034,62202,6381,119214,567,257,310
20870,129279,10037,62218,6384,119242,568,258,310
20875,129310,10041,62233,6388,119269,569,258,311
20880,129341,10044,62242,6389,119297,569,258,311
20885,129372,10047,62254,6390,119323,569,258,311
20890,129403,10051,62268,6392,119350,569,258,311
20895,129434,10055,62287,6395,119377,569,258,311
20900,129465,10059,62303,6398,119404,569,258,311
20905,129496,10062,62318,6401,119433,569,258,311
20910,129527,10064,62327,6402,119463,569,258,311
20915,129558,10065,62342,6402,119492,569,258,311
20920,129589,10067,62356,6403,119522,569,258,311
20925,129620,10068,62370,6403,119551,569,258,311
20930,129651,10070,62382,6404,119581,569,258,311
20935,129682,10070,62400,6404,119612,569,258,311
20940,129713,10070,62420,6404,119643,569,258,311
20945,129744,10073,62431,6406,119671,569,258,311
20950,129775,10075,62447,6407,119700,569,258,311
20955,129806,10076,62463,6408,119730,569,258,311
20960,129837,10078,62477,6409,119759,569,258,311
20965,129868,10080,62495,6411,119788,569,258,311
20970,129899,10080,62510,6411,119819,569,258,311
20975,129930,10080,62526,6411,119850,569,258,311
20980,129961,10080,62544,6411,119881,570,259,311
20985,129992,10080,62558,6411,119912,571,260,311
20990,130023,10083,62578,6414,119940,572,261,311
20995,130054,10086,62597,6416,119968,573,262,311
21000,130085,10088,62612,6416,119997,573,262,311
21005,130116,10094,62629,6422,120022,573,262,311
21010,130147,10099,62642,6424,120047,573,262,311
21015,130178,10104,62657,6428,120073,573,262,311
21020,130209,10109,62675,6431,120099,573,262,311
21025,130240,10113,62689,6432,120126,573,262,311
21030,130271,10118,62704,6434,120153,573,262,311
21035,130302,10121,62720,6437,120181,573,262,311
21040,130333,10125,62735,6441,120207,573,262,311
21045,130364,10130,62753,6445,120234,573,262,311
21050,130395,10134,62766,6447,120261,573,262,311
21055,130426,10136,62778,6447,120290,573,262,311
21060,130457,10138,62791,6447,120319,573,262,311
21065,130488,10138,62806,6447,120350,574,263,311
21070,130519,10138,62826,6447,120381,575,264,311
21075,130550,10138,62837,6447,120412,576,265,311
21080,130581,10138,62849,6447,120443,577,265,312
21085,130612,10138,62866,6447,120474,577,265,312
21090,130643,10138,62881,6447,120505,577,265,312
21095,130674,10138,62895,6447,120536,577,265,312
21100,130705,10138,62913,6447,120567,577,265,312
21105,130736,10138,62928,6447,120598,577,265,312
21110,130767,10141,62948,6450,120625,577,265,312
21115,130798,10144,62962,6452,120653,577,265,312
21120,130829,10147,62977,6455,120682,577,265,312
21125,130860,10151,62994,6457,120709,577,265,312
21130,130891,10156,63010,6461,120735,577,265,312
21135,130922,10159,63028,6464,120762,577,265,312
21140,130953,10164,63045,6468,120789,577,265,312
21145,130984,10168,63064,6471,120815,577,265,312
21150,131015,10172,63074,6474,120843,577,265,312
21155,131046,10176,63090,6476,120870,577,265,312
21160,131077,10179,63103,6477,120898,577,265,312
21165,131108,10184,63119,6480,120923,577,265,312
21170,131139,10189,63137,6483,120949,577,265,312
21175,131170,10194,63155,6487,120976,577,265,312
21180,131201,10198,63170,6489,121003,577,265,312
21185,131232,10200,63190,6490,121032,578,266,312
21190,131263,10201,63205,6490,121062,579,267,312
21195,131294,10202,63217,6490,121092,580,267,313
21200,131325,10204,63233,6491,121121,581,268,313
21205,131356,10205,63241,6491,121151,582,268,314
21210,131387,10206,63257,6491,121181,583,269,314
21215,131418,10208,63271,6492,121210,584,269,315
21220,131449,10210,63292,6494,121239,585,270,315
21225,131480,10211,63302,6494,121269,586,270,316
21230,131511,10213,63313,6495,121298,587,270,317
21235,131542,10214,63329,6495,121328,587,270,317
21240,131573,10216,63344,6497,121357,587,270,317
21245,131604,10220,63358,6500,121384,587,270,317
21250,131635,10223,63369,6502,121412,587,270,317
21255,131666,10225,63386,6503,121441,587,270,317
21260,131697,10228,63400,6505,121469,587,270,317
21265,131728,10231,63415,6507,121497,587,270,317
21270,131759,10234,63429,6509,121525,587,270,317
21275,131790,10237,63449,6512,121553,587,270,317
21280,131821,10240,63465,6513,121581,587,270,317
21285,131852,10243,63478,6515,121609,587,270,317
21290,131883,10246,63496,6517,121637,587,270,317
21295,131914,10249,63506,6519,121665,587,270,317
21300,131945,10251,63523,6519,121694,587,270,317
21305,131976,10253,63537,6521,121723,587,270,317
21310,132007,10255,63550,6522,121751,587,270,317
21315,132038,10257,63569,6524,121781,587,270,317
21320,132069,10258,63585,6524,121810,587,270,317
21325,132100,10260,63604,6526,121840,587,270,317
21330,132131,10261,63618,6527,121869,587,270,317
21335,132162,10263,63637,6529,121899,588,270,318
21340,132193,10264,63652,6529,121928,589,270,319
21345,132224,10266,63668,6530,121958,590,270,320
21350,132255,10268,63682,6530,121987,591,271,320
21355,132286,10271,63696,6532,122014,592,272,320
21360,132317,10275,63711,6536,122042,593,272,321
21365,132348,10278,63725,6537,122070,593,272,321
21370,132379,10280,63741,6538,122099,593,272,321
21375,132410,10281,63755,6538,122129,593,272,321
21380,132441,10283,63770,6540,122158,593,272,321
21385,132472,10284,63784,6541,122188,593,272,321
21390,132503,10286,63799,6542,122217,593,272,321
21395,132534,10287,63817,6543,122247,593,272,321
21400,132565,10288,63830,6543,122277,593,272,321
21405,132596,10290,63845,6545,122306,593,272,321
21410,132627,10291,63861,6546,122336,593,272,321
21415,132658,10293,63875,6548,122365,593,272,321
21420,132689,10294,63889,6548,122395,593,272,321
21425,132720,10295,63905,6549,122425,593,272,321
21430,132751,10296,63925,6549,122455,593,272,321
21435,132782,10297,63937,6550,122484,593,272,321
21440,132813,10299,63953,6552,122513,593,272,321
21445,132844,10301,63973,6553,122542,593,272,321
21450,132875,10302,63992,6554,122573,593,272,321
21455,132906,10302,64002,6554,122604,593,272,321
21460,132937,10302,64020,6554,122635,593,272,321
21465,132968,10303,64035,6554,122665,593,272,321
21470,132999,10305,64043,6555,122694,593,272,321
21475,133030,10310,64054,6557,122720,594,272,322
21480,133061,10316,64071,6562,122744,595,272,323
21485,133092,10321,64089,6566,122771,596,272,324
21490,133123,10324,64108,6568,122799,597,273,324
21495,133154,10329,64126,6572,122825,598,273,325
21500,133185,10332,64143,6573,122853,599,274,325
21505,133216,10336,64162,6574,122880,600,275,325
21510,133247,10338,64176,6575,122909,601,276,325
21515,133278,10341,64193,6576,122937,602,277,325
21520,133309,10343,64204,6577,122966,603,277,326
21525,133340,10345,64222,6579,122995,604,277,327
21530,133371,10345,64237,6579,123026,604,277,327
21535,133402,10345,64248,6579,123057,604,277,327
21540,133433,10345,64259,6579,123088,604,277,327
21545,133464,10346,64276,6580,123117,604,277,327
21550,133495,10348,64289,6582,123146,604,277,327
21555,133526,10350,64306,6584,123175,604,277,327
21560,133557,10352,64321,6585,123205,604,277,327
21565,133588,10353,64335,6585,123235,604,277,327
21570,133619,10354,64350,6585,123264,604,277,327
21575,133650,10356,64365,6587,123293,604,277,327
21580,133681,10358,64383,6589,123323,604,277,327
21585,133712,10359,64395,6589,123352,604,277,327
21590,133743,10361,64413,6591,123382,604,277,327
21595,133774,10362,64427,6591,123411,604,277,327
21600,133805,10364,64444,6592,123441,604,277,327
21605,133836,10365,64458,6593,123471,604,277,327
21610,133867,10366,64467,6594,123501,604,277,327
21615,133898,10367,64488,6595,123531,604,277,327
21620,133929,10368,64502,6596,123561,604,277,327
21625,133960,10370,64521,6596,123590,604,277,327
21630,133991,10373,64530,6597,123618,604,277,327
21635,134022,10377,64545,6598,123645,604,277,327
21640,134053,10382,64560,6602,123671,605,277,328
21645,134084,10386,64573,6604,123698,605,277,328
21650,134115,10391,64587,6607,123724,605,277,328
21655,134146,10396,64600,6610,123750,605,277,328
21660,134177,10399,64615,6612,123778,605,277,328
21665,134208,10404,64632,6615,123804,605,277,328
21670,134239,10408,64644,6618,123830,605,277,328
21675,134270,10413,64659,6623,123857,605,277,328
21680,134301,10414,64672,6624,123887,605,277,328
21685,134332,10415,64686,6624,123917,605,277,328
21690,134363,10417,64702,6626,123946,605,277,328
21695,134394,10419,64712,6627,123975,605,277,328
21700,134425,10420,64727,6627,124005,605,277,328
21705,134456,10422,64741,6629,124034,605,277,328
21710,134487,10424,64753,6630,124063,605,277,328
21715,134518,10426,64766,6632,124092,605,277,328
21720,134549,10427,64778,6632,124121,605,277,328
21725,134580,10430,64795,6635,124149,605,277,328
21730,134611,10432,64807,6636,124179,605,277,328
21735,134642,10432,64824,6636,124210,605,277,328
21740,134673,10432,64837,6636,124241,605,277,328
21745,134704,10432,64853,6636,124272,605,277,328
21750,134735,10432,64870,6636,124303,605,277,328
21755,134766,10432,64884,6636,124334,605,277,328
21760,134797,10432,64900,6636,124365,605,277,328
21765,134828,10433,64917,6637,124395,605,277,328
21770,134859,10435,64931,6638,124424,605,277,328
21775,134890,10437,64946,6639,124453,605,277,328
21780,134921,10438,64962,6639,124483,605,277,328
21785,134952,10442,64976,6641,124510,605,277,328
21790,134983,10446,64993,6644,124536,605,277,328
21795,135014,10450,65007,6648,124563,605,277,328
21800,135045,10456,65024,6654,124588,605,277,328
21805,135076,10459,65037,6657,124617,605,277,328
21810,135107,10463,65055,6660,124644,605,277,328
21815,135138,10465,65071,6661,124673,605,277,328
21820,135169,10466,65084,6661,124703,605,277,328
21825,135200,10467,65100,6662,124733,605,277,328
21830,135231,10470,65109,6664,124761,605,277,328
21835,135262,10472,65127,6664,124790,605,277,328
21840,135293,10476,65140,6666,124817,605,277,328
21845,135324,10481,65152,6670,124843,605,277,328
21850,135355,10484,65169,6671,124871,605,277,328
21855,135386,10486,65181,6672,124900,605,277,328
21860,135417,10489,65200,6675,124928,605,277,328
21865,135448,10492,65212,6677,124956,605,277,328
21870,135479,10494,65228,6677,124985,605,277,328
21875,135510,10496,65241,6677,125014,605,277,328
21880,135541,10498,65257,6678,125043,606,277,329
21885,135572,10500,65269,6679,125072,607,277,330
21890,135603,10503,65282,6680,125100,608,278,330
21895,135634,10505,65293,6681,125129,608,278,330
21900,135665,10507,65307,6683,125158,608,278,330
21905,135696,10507,65323,6683,125189,608,278,330
21910,135727,10507,65338,6683,125220,608,278,330
21915,135758,10507,65355,6683,125251,608,278,330
21920,135789,10508,65371,6684,125281,608,278,330
21925,135820,10509,65387,6685,125311,608,278,330
21930,135851,10510,65408,6685,125341,608,278,330
21935,135882,10511,65425,6685,125371,608,278,330
21940,135913,10512,65440,6685,125401,608,278,330
21945,135944,10513,65454,6685,125431,608,278,330
21950,135975,10514,65468,6685,125461,608,278,330
21955,136006,10515,65485,6686,125490,608,278,330
21960,136037,10517,65501,6687,125519,608,278,330
21965,136068,10522,65519,6692,125545,608,278,330
21970,136099,10526,65535,6695,125572,608,278,330
21975,136130,10528,65551,6696,125601,608,278,330
21980,136161,10530,65567,6697,125631,608,278,330
21985,136192,10531,65578,6698,125660,608,278,330
21990,136223,10533,65592,6700,125689,608,278,330
21995,136254,10535,65608,6701,125719,608,278,330
22000,136285,10536,65621,6701,125748,608,278,330
22005,136316,10538,65634,6702,125778,608,278,330
22010,136347,10542,65653,6706,125805,609,279,330
22015,136378,10546,65663,6707,125832,610,279,331
22020,136409,10550,65681,6711,125859,610,279,331
22025,136440,10553,65695,6712,125886,610,279,331
22030,136471,10557,65709,6714,125914,610,279,331
22035,136502,10559,65723,6716,125943,610,279,331
22040,136533,10563,65739,6719,125970,610,279,331
22045,136564,10566,65762,6721,125998,610,279,331
22050,136595,10567,65777,6721,126028,610,279,331
22055,136626,10569,65794,6723,126057,610,279,331
22060,136657,10570,65808,6723,126087,610,279,331
22065,136688,10571,65816,6723,126117,610,279,331
22070,136719,10573,65830,6725,126146,610,279,331
22075,136750,10573,65849,6725,126177,610,279,331
22080,136781,10574,65867,6725,126207,610,279,331
22085,136812,10575,65881,6725,126237,611,280,331
22090,136843,10576,65897,6726,126267,612,281,331
22095,136874,10577,65914,6726,126297,613,281,332
22100,136905,10579,65931,6728,126326,614,282,332
22105,136936,10579,65949,6728,126357,615,283,332
22110,136967,10579,65964,6728,126388,615,283,332
22115,136998,10579,65975,6728,126419,615,283,332
22120,137029,10579,65983,6728,126450,615,283,332
22125,137060,10580,65993,6728,126480,615,283,332
22130,137091,10582,66011,6730,126509,615,283,332
22135,137122,10584,66022,6731,126538,615,283,332
22140,137153,10585,66034,6731,126568,615,283,332
22145,137184,10589,66054,6735,126594,615,283,332
22150,137215,10593,66068,6737,126622,615,283,332
22155,137246,10595,66082,6737,126650,615,283,332
22160,137277,10600,66093,6741,126677,615,283,332
22165,137308,10604,66110,6744,126703,615,283,332
22170,137339,10607,66120,6745,126731,615,283,332
22175,137370,10611,66138,6748,126758,615,283,332
22180,137401,10616,66153,6753,126784,615,283,332
22185,137432,10618,66167,6755,126813,615,283,332
22190,137463,10620,66186,6756,126842,615,283,332
22195,137494,10625,66206,6760,126869,615,283,332
22200,137525,10627,66219,6762,126898,615,283,332
22205,137556,10630,66230,6763,126925,615,283,332
22210,137587,10634,66244,6766,126952,615,283,332
22215,137618,10639,66262,6771,126978,616,283,333
22220,137649,10642,66275,6772,127006,617,283,334
22225,137680,10644,66288,6774,127035,618,283,335
22230,137711,10648,66300,6777,127063,619,284,335
22235,137742,10650,66316,6779,127092,620,285,335
22240,137773,10652,66332,6781,127120,620,285,335
22245,137804,10654,66348,6782,127150,620,285,335
22250,137835,10655,66361,6782,127180,620,285,335
22255,137866,10656,66375,6783,127209,620,285,335
22260,137897,10658,66386,6784,127239,620,285,335
22265,137928,10658,66402,6784,127270,620,285,335
22270,137959,10658,66420,6784,127301,620,285,335
22275,137990,10658,66438,6784,127332,620,285,335
22280,138021,10658,66453,6784,127363,620,285,335
22285,138052,10658,66470,6784,127394,620,285,335
22290,138083,10658,66484,6784,127425,620,285,335
22295,138114,10658,66499,6784,127456,620,285,335
22300,138145,10658,66514,6784,127487,620,285,335
22305,138176,10659,66529,6785,127516,620,285,335
22310,138207,10662,66545,6788,127545,620,285,335
22315,138238,10665,66554,6789,127573,620,285,335
22320,138269,10668,66572,6791,127600,620,285,335
22325,138300,10673,66590,6795,127627,621,286,335
22330,138331,10677,66609,6799,127654,622,286,336
22335,138362,10680,66623,6800,127682,623,286,337
22340,138393,10684,66638,6804,127709,623,286,337
22345,138424,10687,66654,6806,127737,623,286,337
22350,138455,10691,66668,6808,127764,623,286,337
22355,138486,10695,66680,6809,127791,623,286,337
22360,138517,10697,66695,6809,127820,623,286,337
22365,138548,10699,66710,6811,127849,623,286,337
22370,138579,10702,66725,6812,127877,623,286,337
22375,138610,10705,66739,6814,127905,623,286,337
22380,138641,10708,66751,6815,127933,623,286,337
22385,138672,10713,66766,6817,127959,623,286,337
22390,138703,10717,66779,6819,127986,623,286,337
22395,138734,10721,66794,6822,128013,623,286,337
22400,138765,10725,66809,6824,128040,623,286,337
22405,138796,10729,66820,6825,128067,623,286,337
22410,138827,10733,66835,6827,128094,623,286,337
22415,138858,10737,66849,6828,128121,623,286,337
22420,138889,10741,66864,6830,128147,623,286,337
22425,138920,10747,66884,6835,128172,623,286,337
22430,138951,10753,66897,6840,128198,623,286,337
22435,138982,10756,66915,6843,128226,623,286,337
22440,139013,10760,66936,6847,128253,624,286,338
22445,139044,10761,66952,6848,128283,624,286,338
22450,139075,10761,66970,6848,128314,624,286,338
22455,139106,10761,66983,6848,128345,624,286,338
22460,139137,10761,66996,6848,128376,624,286,338
22465,139168,10761,67009,6848,128407,624,286,338
22470,139199,10761,67022,6848,128438,624,286,338
22475,139230,10761,67039,6848,128469,624,286,338
22480,139261,10761,67056,6848,128500,624,286,338
22485,139292,10761,67069,6848,128531,624,286,338
22490,139323,10761,67086,6848,128562,624,286,338
22495,139354,10761,67103,6848,128593,624,286,338
22500,139385,10761,67118,6848,128624,624,286,338
22505,139416,10761,67137,6848,128655,624,286,338
22510,139447,10761,67153,6848,128686,624,286,338
22515,139478,10761,67171,6848,128717,624,286,338
22520,139509,10761,67186,6848,128748,624,286,338
22525,139540,10761,67202,6848,128779,624,286,338
22530,139571,10761,67215,6848,128810,624,286,338
22535,139602,10762,67226,6848,128839,624,286,338
22540,139633,10765,67242,6850,128867,624,286,338
22545,139664,10767,67259,6852,128897,624,286,338
22550,139695,10772,67274,6854,128922,624,286,338
22555,139726,10781,67291,6861,128945,625,287,338
22560,139757,10788,67306,6867,128967,626,287,339
22565,139788,10794,67318,6871,128994,626,287,339
22570,139819,10797,67334,6872,129022,626,287,339
22575,139850,10799,67349,6874,129051,626,287,339
22580,139881,10801,67362,6875,129080,626,287,339
22585,139912,10803,67374,6876,129109,626,287,339
22590,139943,10804,67388,6877,129139,626,287,339
22595,139974,10805,67406,6878,129169,626,287,339
22600,140005,10806,67419,6879,129199,626,287,339
22605,140036,10807,67435,6880,129229,626,287,339
22610,140067,10808,67454,6880,129259,626,287,339
22615,140098,10809,67469,6881,129289,626,287,339
22620,140129,10810,67480,6882,129319,626,287,339
22625,140160,10811,67493,6883,129349,626,287,339
22630,140191,10812,67503,6883,129379,626,287,339
22635,140222,10813,67522,6884,129409,626,287,339
22640,140253,10814,67534,6885,129439,626,287,339
22645,140284,10815,67545,6886,129469,626,287,339
22650,140315,10816,67558,6886,129499,626,287,339
22655,140346,10817,67568,6886,129529,626,287,339
22660,140377,10818,67584,6887,129559,626,287,339
22665,140408,10819,67600,6888,129589,626,287,339
22670,140439,10822,67620,6890,129616,626,287,339
22675,140470,10826,67636,6893,129643,626,287,339
22680,140501,10831,67648,6897,129670,626,287,339
22685,140532,10834,67655,6897,129698,626,287,339
22690,140563,10836,67667,6897,129727,626,287,339
22695,140594,10838,67684,6898,129756,626,287,339
22700,140625,10840,67694,6899,129785,626,287,339
22705,140656,10842,67709,6900,129814,626,287,339
22710,140687,10844,67727,6901,129843,626,287,339
22715,140718,10846,67744,6902,129872,626,287,339
22720,140749,10848,67759,6904,129901,626,287,339
22725,140780,10850,67771,6905,129930,626,287,339
22730,140811,10852,67783,6905,129959,626,287,339
22735,140842,10854,67797,6905,129988,626,287,339
22740,140873,10856,67816,6905,130017,626,287,339
22745,140904,10858,67832,6907,130046,626,287,339
22750,140935,10860,67843,6908,130075,626,287,339
22755,140966,10862,67857,6909,130104,626,287,339
22760,140997,10864,67871,6910,130133,626,287,339
22765,141028,10865,67889,6911,130163,626,287,339
22770,141059,10867,67900,6912,130192,626,287,339
22775,141090,10869,67914,6914,130221,626,287,339
22780,141121,10871,67931,6915,130250,626,287,339
22785,141152,10872,67941,6916,130280,626,287,339
22790,141183,10877,67956,6920,130306,626,287,339
22795,141214,10881,67965,6922,130333,626,287,339
22800,141245,10885,67984,6925,130359,626,287,339
22805,141276,10888,68002,6927,130388,626,287,339
22810,141307,10890,68014,6928,130417,626,287,339
22815,141338,10892,68025,6928,130445,626,287,339
22820,141369,10895,68038,6930,130474,626,287,339
22825,141400,10897,68056,6931,130502,626,287,339
22830,141431,10900,68072,6933,130531,626,287,339
22835,141462,10902,68088,6933,130560,626,287,339
22840,141493,10904,68106,6933,130589,626,287,339
22845,141524,10906,68118,6934,130618,626,287,339
22850,141555,10908,68129,6934,130647,626,287,339
22855,141586,10910,68138,6935,130676,626,287,339
22860,141617,10912,68155,6935,130705,626,287,339
22865,141648,10913,68169,6935,130735,626,287,339
22870,141679,10914,68184,6936,130765,626,287,339
22875,141710,10915,68196,6936,130795,626,287,339
22880,141741,10916,68219,6937,130825,626,287,339
22885,141772,10917,68232,6937,130855,626,287,339
22890,141803,10918,68245,6938,130885,626,287,339
22895,141834,10919,68261,6939,130915,626,287,339
22900,141865,10920,68271,6939,130945,626,287,339
22905,141896,10923,68286,6940,130973,626,287,339
22910,141927,10927,68300,6942,131000,626,287,339
22915,141958,10931,68314,6945,131027,626,287,339
22920,141989,10936,68329,6949,131052,626,287,339
22925,142020,10942,68347,6952,131078,626,287,339
22930,142051,10943,68365,6952,131108,626,287,339
22935,142082,10944,68379,6953,131138,626,287,339
22940,142113,10945,68397,6954,131168,626,287,339
22945,142144,10946,68416,6955,131198,626,287,339
22950,142175,10947,68429,6956,131228,626,287,339
22955,142206,10948,68441,6957,131258,626,287,339
22960,142237,10949,68455,6957,131288,626,287,339
22965,142268,10950,68466,6958,131317,626,287,339
22970,142299,10952,68476,6959,131347,627,288,339
22975,142330,10953,68490,6959,131376,628,289,339
22980,142361,10955,68505,6960,131406,629,289,340
22985,142392,10960,68516,6963,131431,630,290,340
22990,142423,10967,68531,6969,131454,631,290,341
22995,142454,10973,68542,6974,131480,632,291,341
23000,142485,10979,68556,6978,131505,632,291,341
23005,142516,10983,68570,6980,131532,632,291,341
23010,142547,10986,68587,6982,131561,632,291,341
23015,142578,10988,68601,6983,131590,632,291,341
23020,142609,10989,68615,6983,131620,632,291,341
23025,142640,10990,68633,6984,131650,632,291,341
23030,142671,10991,68649,6985,131680,632,291,341
23035,142702,10995,68667,6988,131706,632,291,341
23040,142733,10999,68688,6992,131733,632,291,341
23045,142764,11002,68702,6994,131762,632,291,341
23050,142795,11004,68712,6995,131791,632,291,341
23055,142826,11005,68729,6996,131821,632,291,341
23060,142857,11007,68743,6998,131850,632,291,341
23065,142888,11009,68755,7000,131879,632,291,341
23070,142919,11011,68770,7002,131908,632,291,341
23075,142950,11013,68782,7003,131937,632,291,341
23080,142981,11015,68799,7005,131966,632,291,341
23085,143012,11016,68815,7006,131996,632,291,341
23090,143043,11017,68831,7007,132026,632,291,341
23095,143074,11018,68841,7007,132056,632,291,341
23100,143105,11020,68856,7008,132085,632,291,341
23105,143136,11023,68870,7009,132113,633,291,342
23110,143167,11027,68887,7012,132140,634,291,343
23115,143198,11030,68905,7014,132168,635,292,343
23120,143229,11034,68920,7017,132195,636,293,343
23125,143260,11037,68932,7019,132223,637,293,344
23130,143291,11039,68943,7020,132252,637,293,344
23135,143322,11041,68957,7022,132281,637,293,344
23140,143353,11043,68972,7022,132310,637,293,344
23145,143384,11045,68984,7022,132339,637,293,344
23150,143415,11048,68996,7024,132367,637,293,344
23155,143446,11049,69012,7024,132396,637,293,344
23160,143477,11051,69026,7025,132425,637,293,344
23165,143508,11056,69041,7030,132451,637,293,344
23170,143539,11061,69054,7033,132478,637,293,344
23175,143570,11063,69070,7034,132507,637,293,344
23180,143601,11065,69077,7035,132536,637,293,344
23185,143632,11067,69093,7035,132565,637,293,344
23190,143663,11069,69108,7036,132593,637,293,344
23195,143694,11072,69117,7037,132621,637,293,344
23200,143725,11075,69129,7039,132650,637,293,344
23205,143756,11077,69139,7039,132679,637,293,344
23210,143787,11079,69153,7039,132707,637,293,344
23215,143818,11082,69170,7041,132735,637,293,344
23220,143849,11085,69184,7044,132764,637,293,344
23225,143880,11087,69198,7045,132792,637,293,344
23230,143911,11090,69210,7046,132821,637,293,344
23235,143942,11093,69226,7047,132849,638,293,345
23240,143973,11095,69243,7047,132878,639,294,345
23245,144004,11096,69258,7047,132908,639,294,345
23250,144035,11097,69272,7048,132938,639,294,345
23255,144066,11098,69288,7048,132968,639,294,345
23260,144097,11101,69302,7050,132996,639,294,345
23265,144128,11103,69311,7052,133025,639,294,345
23270,144159,11106,69328,7054,133053,639,294,345
23275,144190,11108,69342,7055,133081,639,294,345
23280,144221,11115,69355,7059,133105,639,294,345
23285,144252,11119,69367,7062,133133,639,294,345
23290,144283,11122,69382,7064,133161,639,294,345
23295,144314,11124,69402,7066,133190,639,294,345
23300,144345,11126,69413,7067,133219,639,294,345
23305,144376,11128,69425,7068,133248,639,294,345
23310,144407,11130,69439,7070,133277,639,294,345
23315,144438,11132,69451,7070,133306,639,294,345
23320,144469,11134,69461,7072,133335,639,294,345
23325,144500,11136,69472,7073,133364,639,294,345
23330,144531,11138,69487,7073,133393,639,294,345
23335,144562,11141,69501,7075,133421,639,294,345
23340,144593,11144,69517,7078,133449,639,294,345
23345,144624,11149,69534,7081,133475,640,294,346
23350,144655,11153,69552,7084,133502,641,295,346
23355,144686,11157,69571,7087,133528,641,295,346
23360,144717,11161,69583,7090,133556,641,295,346
23365,144748,11164,69598,7091,133583,641,295,346
23370,144779,11168,69611,7093,133610,641,295,346
23375,144810,11173,69623,7096,133637,641,295,346
23380,144841,11177,69641,7098,133664,641,295,346
23385,144872,11181,69656,7102,133691,641,295,346
23390,144903,11185,69671,7104,133717,641,295,346
23395,144934,11188,69687,7107,133746,641,295,346
23400,144965,11188,69701,7107,133777,641,295,346
23405,144996,11188,69716,7107,133808,641,295,346
23410,145027,11188,69729,7107,133839,641,295,346
23415,145058,11188,69749,7107,133870,641,295,346
23420,145089,11188,69767,7107,133901,641,295,346
23425,145120,11188,69780,7107,133932,641,295,346
23430,145151,11188,69791,7107,133963,641,295,346
23435,145182,11188,69804,7107,133994,641,295,346
23440,145213,11188,69820,7107,134025,641,295,346
23445,145244,11189,69835,7107,134055,641,295,346
23450,145275,11190,69850,7107,134085,641,295,346
23455,145306,11191,69859,7108,134115,641,295,346
23460,145337,11192,69882,7109,134145,641,295,346
23465,145368,11196,69895,7112,134172,642,295,347
23470,145399,11199,69909,7114,134200,643,295,348
23475,145430,11202,69926,7115,134228,643,295,348
23480,145461,11204,69940,7115,134256,643,295,348
23485,145492,11207,69950,7116,134285,643,295,348
23490,145523,11210,69964,7117,134313,643,295,348
23495,145554,11213,69985,7120,134341,643,295,348
23500,145585,11215,70002,7122,134370,643,295,348
23505,145616,11218,70020,7123,134398,643,295,348
23510,145647,11223,70040,7128,134424,643,295,348
23515,145678,11228,70057,7130,134448,643,295,348
23520,145709,11236,70071,7136,134472,643,295,348
23525,145740,11239,70082,7138,134500,643,295,348
23530,145771,11243,70098,7141,134528,643,295,348
23535,145802,11246,70117,7144,134555,643,295,348
23540,145833,11249,70132,7146,134583,643,295,348
23545,145864,11252,70149,7148,134612,643,295,348
23550,145895,11254,70161,7150,134641,643,295,348
23555,145926,11256,70172,7151,134670,643,295,348
23560,145957,11258,70189,7151,134698,643,295,348
23565,145988,11262,70205,7153,134726,643,295,348
23570,146019,11264,70217,7153,134755,643,295,348
23575,146050,11267,70226,7154,134783,643,295,348
23580,146081,11271,70246,7157,134809,644,296,348
23585,146112,11274,70259,7159,134838,645,297,348
23590,146143,11276,70275,7160,134867,646,297,349
23595,146174,11278,70285,7162,134896,647,297,350
23600,146205,11280,70300,7163,134925,648,298,350
23605,146236,11282,70314,7165,134954,649,298,351
23610,146267,11284,70326,7166,134983,649,298,351
23615,146298,11286,70341,7167,135012,649,298,351
23620,146329,11288,70361,7169,135041,649,298,351
23625,146360,11290,70373,7171,135070,649,298,351
23630,146391,11295,70389,7176,135096,649,298,351
23635,146422,11299,70404,7178,135122,649,298,351
23640,146453,11304,70420,7182,135149,649,298,351
23645,146484,11307,70431,7184,135177,649,298,351
23650,146515,11310,70453,7187,135205,649,298,351
23655,146546,11313,70468,7189,135233,649,298,351
23660,146577,11316,70486,7191,135261,649,298,351
23665,146608,11319,70502,7193,135289,649,298,351
23670,146639,11322,70517,7196,135317,649,298,351
23675,146670,11325,70535,7198,135345,649,298,351
23680,146701,11327,70551,7199,135374,649,298,351
23685,146732,11328,70568,7200,135404,649,298,351
23690,146763,11329,70586,7200,135433,649,298,351
23695,146794,11331,70596,7202,135462,649,298,351
23700,146825,11333,70605,7203,135492,649,298,351
23705,146856,11333,70620,7203,135523,649,298,351
23710,146887,11333,70636,7203,135554,649,298,351
23715,146918,11333,70653,7203,135585,650,299,351
23720,146949,11333,70670,7203,135616,651,299,352
23725,146980,11333,70688,7203,135647,651,299,352
23730,147011,11333,70701,7203,135678,651,299,352
23735,147042,11333,70720,7203,135709,651,299,352
23740,147073,11333,70732,7203,135740,651,299,352
23745,147104,11336,70749,7205,135767,651,299,352
23750,147135,11341,70771,7210,135794,651,299,352
23755,147166,11345,70787,7212,135821,651,299,352
23760,147197,11349,70800,7215,135848,651,299,352
23765,147228,11352,70813,7215,135875,651,299,352
23770,147259,11356,70824,7216,135903,651,299,352
23775,147290,11360,70838,7217,135930,651,299,352
23780,147321,11363,70854,7219,135958,651,299,352
23785,147352,11367,70870,7220,135985,651,299,352
23790,147383,11370,70885,7221,136013,651,299,352
23795,147414,11373,70901,7221,136041,651,299,352
23800,147445,11376,70919,7223,136069,651,299,352
23805,147476,11379,70930,7224,136097,651,299,352
23810,147507,11383,70944,7226,136124,651,299,352
23815,147538,11388,70961,7229,136150,651,299,352
23820,147569,11391,70977,7230,136178,651,299,352
23825,147600,11394,70991,7233,136206,651,299,352
23830,147631,11396,71006,7234,136234,651,299,352
23835,147662,11399,71017,7235,136262,652,299,353
23840,147693,11403,71035,7238,136290,653,299,354
23845,147724,11404,71053,7239,136320,653,299,354
23850,147755,11405,71063,7239,136350,653,299,354
23855,147786,11406,71079,7239,136380,653,299,354
23860,147817,11407,71092,7239,136410,653,299,354
23865,147848,11408,71110,7239,136440,653,299,354
23870,147879,11409,71125,7240,136470,653,299,354
23875,147910,11410,71138,7241,136500,653,299,354
23880,147941,11411,71147,7241,136530,653,299,354
23885,147972,11413,71161,7243,136559,653,299,354
23890,148003,11414,71178,7243,136589,653,299,354
23895,148034,11415,71194,7243,136619,653,299,354
23900,148065,11416,71205,7243,136649,653,299,354
23905,148096,11417,71221,7243,136679,653,299,354
23910,148127,11418,71233,7244,136709,653,299,354
23915,148158,11418,71246,7244,136740,653,299,354
23920,148189,11418,71265,7244,136771,653,299,354
23925,148220,11418,71282,7244,136802,653,299,354
23930,148251,11419,71295,7244,136832,653,299,354
23935,148282,11421,71314,7245,136861,653,299,354
23940,148313,11422,71323,7245,136891,653,299,354
23945,148344,11425,71343,7248,136918,653,299,354
23950,148375,11429,71360,7252,136945,653,299,354
23955,148406,11435,71378,7258,136970,654,300,354
23960,148437,11440,71392,7262,136997,655,301,354
23965,148468,11443,71403,7264,137025,656,301,355
23970,148499,11447,71420,7267,137052,656,301,355
23975,148530,11451,71435,7270,137078,656,301,355
23980,148561,11454,71449,7271,137107,656,301,355
23985,148592,11458,71469,7275,137134,656,301,355
23990,148623,11461,71485,7277,137161,656,301,355
23995,148654,11463,71504,7279,137191,656,301,355
24000,148685,11465,71521,7280,137220,656,301,355
24005,148716,11467,71534,7281,137249,656,301,355
24010,148747,11470,71547,7282,137277,656,301,355
24015,148778,11473,71560,7284,137305,656,301,355
24020,148809,11475,71572,7284,137334,656,301,355
24025,148840,11478,71589,7286,137362,656,301,355
24030,148871,11480,71604,7287,137391,656,301,355
24035,148902,11483,71619,7289,137419,656,301,355
24040,148933,11485,71634,7289,137448,656,301,355
24045,148964,11488,71653,7291,137476,656,301,355
24050,148995,11490,71665,7292,137505,656,301,355
24055,149026,11492,71680,7292,137534,656,301,355
24060,149057,11495,71690,7294,137562,656,301,355
24065,149088,11498,71706,7297,137589,656,301,355
24070,149119,11504,71721,7302,137614,656,301,355
24075,149150,11509,71739,7306,137640,656,301,355
24080,149181,11514,71755,7309,137667,657,302,355
24085,149212,11516,71770,7311,137696,658,302,356
24090,149243,11518,71787,7313,137725,658,302,356
24095,149274,11521,71799,7314,137752,658,302,356
24100,149305,11525,71808,7317,137780,658,302,356
24105,149336,11527,71818,7317,137808,658,302,356
24110,149367,11531,71832,7320,137836,658,302,356
24115,149398,11535,71849,7324,137861,658,302,356
24120,149429,11541,71864,7329,137888,658,302,356
24125,149460,11541,71877,7329,137919,658,302,356
24130,149491,11541,71891,7329,137950,658,302,356
24135,149522,11541,71906,7329,137981,658,302,356
24140,149553,11541,71917,7329,138012,658,302,356
24145,149584,11541,71933,7329,138043,658,302,356
24150,149615,11541,71945,7329,138074,658,302,356
24155,149646,11541,71960,7329,138105,658,302,356
24160,149677,11541,71971,7329,138136,658,302,356
24165,149708,11541,71980,7329,138167,658,302,356
24170,149739,11541,71992,7329,138198,658,302,356
24175,149770,11541,72007,7329,138229,658,302,356
24180,149801,11541,72023,7329,138260,658,302,356
24185,149832,11542,72040,7330,138290,659,302,357
24190,149863,11544,72054,7332,138319,660,303,357
24195,149894,11547,72069,7335,138347,661,304,357
24200,149925,11548,72083,7336,138377,661,304,357
24205,149956,11550,72101,7338,138406,661,304,357
24210,149987,11551,72115,7338,138436,661,304,357
24215,150018,11552,72127,7339,138466,661,304,357
24220,150049,11553,72143,7340,138496,661,304,357
24225,150080,11555,72156,7342,138524,661,304,357
24230,150111,11560,72172,7347,138550,661,304,357
24235,150142,11567,72193,7354,138573,661,304,357
24240,150173,11574,72208,7360,138598,661,304,357
24245,150204,11580,72226,7364,138623,661,304,357
24250,150235,11586,72236,7366,138648,661,304,357
24255,150266,11592,72248,7369,138674,661,304,357
24260,150297,11595,72260,7370,138701,661,304,357
24265,150328,11599,72280,7372,138729,661,304,357
24270,150359,11602,72292,7373,138757,661,304,357
24275,150390,11605,72312,7374,138785,661,304,357
24280,150421,11608,72327,7375,138813,661,304,357
24285,150452,11611,72345,7377,138841,661,304,357
24290,150483,11615,72358,7380,138868,661,304,357
24295,150514,11619,72374,7383,138895,661,304,357
24300,150545,11621,72390,7384,138924,661,304,357
24305,150576,11625,72403,7386,138951,662,304,358
24310,150607,11626,72412,7387,138981,662,304,358
24315,150638,11627,72428,7388,139011,662,304,358
24320,150669,11628,72439,7388,139041,662,304,358
24325,150700,11629,72449,7389,139071,662,304,358
24330,150731,11630,72459,7389,139101,662,304,358
24335,150762,11631,72469,7389,139131,662,304,358
24340,150793,11632,72483,7389,139161,662,304,358
24345,150824,11633,72499,7389,139191,662,304,358
24350,150855,11635,72511,7390,139220,662,304,358
24355,150886,11636,72528,7390,139250,662,304,358
24360,150917,11638,72542,7392,139279,662,304,358
24365,150948,11641,72559,7394,139307,662,304,358
24370,150979,11643,72575,7395,139336,662,304,358
24375,151010,11644,72595,7396,139366,662,304,358
24380,151041,11646,72606,7397,139395,662,304,358
24385,151072,11647,72621,7397,139425,662,304,358
24390,151103,11648,72631,7397,139455,662,304,358
24395,151134,11649,72643,7398,139485,662,304,358
24400,151165,11650,72661,7398,139515,662,304,358
24405,151196,11651,72680,7398,139545,662,304,358
24410,151227,11652,72694,7398,139574,663,305,358
24415,151258,11657,72712,7402,139600,664,305,359
24420,151289,11660,72724,7404,139628,665,305,360
24425,151320,11663,72742,7406,139656,665,305,360
24430,151351,11667,72756,7409,139684,665,305,360
24435,151382,11669,72772,7410,139713,665,305,360
24440,151413,11671,72787,7412,139742,665,305,360
24445,151444,11674,72802,7415,139770,665,305,360
24450,151475,11676,72815,7416,139798,665,305,360
24455,151506,11679,72831,7419,139826,665,305,360
24460,151537,11682,72843,7420,139855,665,305,360
24465,151568,11683,72855,7420,139885,665,305,360
24470,151599,11684,72867,7420,139915,665,305,360
24475,151630,11686,72882,7421,139944,665,305,360
24480,151661,11689,72898,7424,139972,665,305,360
24485,151692,11692,72913,7427,139998,665,305,360
24490,151723,11697,72931,7431,140025,665,305,360
24495,151754,11700,72952,7433,140053,665,305,360
24500,151785,11704,72971,7436,140079,665,305,360
24505,151816,11708,72983,7440,140107,665,305,360
24510,151847,11711,73000,7442,140135,665,305,360
24515,151878,11715,73018,7444,140161,665,305,360
24520,151909,11719,73030,7448,140189,665,305,360
24525,151940,11723,73049,7452,140217,666,306,360
24530,151971,11726,73064,7455,140245,667,307,360
24535,152002,11727,73085,7456,140275,668,308,360
24540,152033,11727,73102,7456,140306,669,308,361
24545,152064,11729,73120,7457,140335,669,308,361
24550,152095,11731,73134,7459,140364,669,308,361
24555,152126,11734,73146,7460,140392,669,308,361
24560,152157,11736,73161,7460,140421,669,308,361
24565,152188,11738,73171,7461,140450,669,308,361
24570,152219,11740,73188,7462,140479,669,308,361
24575,152250,11743,73202,7464,140507,669,308,361
24580,152281,11746,73218,7467,140535,669,308,361
24585,152312,11748,73227,7467,140564,669,308,361
24590,152343,11751,73248,7470,140592,669,308,361
24595,152374,11754,73262,7471,140620,669,308,361
24600,152405,11757,73274,7474,140648,669,308,361
24605,152436,11759,73289,7475,140677,669,308,361
24610,152467,11759,73301,7475,140708,669,308,361
24615,152498,11759,73316,7475,140739,669,308,361
24620,152529,11759,73332,7475,140770,669,308,361
24625,152560,11759,73350,7475,140801,669,308,361
24630,152591,11759,73368,7475,140832,669,308,361
24635,152622,11759,73384,7475,140863,669,308,361
24640,152653,11759,73401,7475,140894,669,308,361
24645,152684,11759,73416,7475,140925,669,308,361
24650,152715,11759,73432,7475,140956,669,308,361
24655,152746,11760,73448,7476,140985,669,308,361
24660,152777,11762,73462,7478,141014,669,308,361
24665,152808,11764,73473,7479,141044,669,308,361
24670,152839,11765,73490,7479,141074,669,308,361
24675,152870,11767,73506,7481,141103,669,308,361
24680,152901,11769,73521,7482,141132,669,308,361
24685,152932,11770,73537,7483,141162,669,308,361
24690,152963,11771,73552,7483,141192,669,308,361
24695,152994,11772,73561,7483,141222,669,308,361
24700,153025,11773,73573,7483,141252,669,308,361
24705,153056,11774,73588,7484,141282,669,308,361
24710,153087,11776,73604,7486,141310,669,308,361
24715,153118,11784,73621,7492,141334,669,308,361
24720,153149,11788,73631,7493,141360,669,308,361
24725,153180,11793,73650,7498,141386,669,308,361
24730,153211,11798,73663,7502,141412,669,308,361
24735,153242,11803,73679,7504,141439,669,308,361
24740,153273,11807,73693,7507,141466,669,308,361
24745,153304,11810,73705,7508,141494,669,308,361
24750,153335,11813,73717,7508,141521,669,308,361
24755,153366,11817,73730,7510,141549,669,308,361
24760,153397,11821,73742,7512,141576,669,308,361
24765,153428,11823,73758,7512,141605,669,308,361
24770,153459,11826,73770,7514,141633,669,308,361
24775,153490,11828,73784,7515,141662,669,308,361
24780,153521,11830,73796,7515,141691,669,308,361
24785,153552,11831,73812,7516,141721,669,308,361
24790,153583,11832,73826,7516,141751,669,308,361
24795,153614,11833,73844,7517,141781,669,308,361
24800,153645,11834,73858,7518,141811,669,308,361
24805,153676,11835,73872,7519,141841,669,308,361
24810,153707,11836,73883,7519,141871,669,308,361
24815,153738,11837,73902,7520,141901,669,308,361
24820,153769,11838,73919,7520,141931,669,308,361
24825,153800,11841,73928,7521,141959,669,308,361
24830,153831,11843,73945,7522,141988,669,308,361
24835,153862,11845,73958,7523,142017,670,309,361
24840,153893,11848,73972,7525,142045,671,310,361
24845,153924,11852,73989,7529,142072,672,310,362
24850,153955,11855,73997,7530,142100,672,310,362
24855,153986,11857,74010,7531,142129,672,310,362
24860,154017,11858,74024,7532,142158,672,310,362
24865,154048,11860,74039,7533,142188,672,310,362
24870,154079,11861,74056,7534,142217,672,310,362
24875,154110,11862,74066,7535,142248,672,310,362
24880,154141,11862,74079,7535,142279,672,310,362
24885,154172,11862,74097,7535,142310,672,310,362
24890,154203,11862,74107,7535,142341,672,310,362
24895,154234,11862,74120,7535,142372,672,310,362
24900,154265,11862,74136,7535,142403,672,310,362
24905,154296,11862,74153,7535,142434,672,310,362
24910,154327,11862,74171,7535,142465,672,310,362
24915,154358,11862,74188,7535,142496,672,310,362
24920,154389,11862,74202,7535,142527,672,310,362
24925,154420,11862,74213,7535,142558,672,310,362
24930,154451,11862,74229,7535,142589,672,310,362
24935,154482,11862,74241,7535,142620,672,310,362
24940,154513,11862,74260,7535,142651,672,310,362
24945,154544,11863,74270,7535,142681,672,310,362
24950,154575,11865,74282,7535,142709,672,310,362
24955,154606,11870,74299,7540,142735,673,310,363
24960,154637,11879,74315,7548,142758,674,311,363
24965,154668,11883,74330,7550,142785,675,311,364
24970,154699,11885,74348,7551,142814,675,311,364
24975,154730,11888,74364,7553,142842,675,311,364
24980,154761,11890,74372,7554,142871,675,311,364
24985,154792,11892,74385,7555,142900,675,311,364
24990,154823,11895,74398,7558,142928,675,311,364
24995,154854,11897,74414,7560,142957,675,311,364
25000,154885,11899,74429,7562,142986,675,311,364
25005,154916,11901,74444,7563,143015,675,311,364
25010,154947,11902,74455,7563,143045,675,311,364
25015,154978,11904,74473,7564,143074,675,311,364
25020,155009,11905,74482,7564,143104,675,311,364
25025,155040,11906,74495,7565,143134,675,311,364
25030,155071,11907,74510,7566,143164,675,311,364
25035,155102,11908,74522,7566,143194,675,311,364
25040,155133,11909,74538,7566,143224,675,311,364
25045,155164,11910,74553,7566,143254,675,311,364
25050,155195,11911,74566,7567,143284,675,311,364
25055,155226,11912,74585,7567,143314,675,311,364
25060,155257,11913,74597,7568,143344,675,311,364
25065,155288,11914,74610,7568,143374,675,311,364
25070,155319,11917,74628,7571,143401,675,311,364
25075,155350,11922,74640,7576,143427,676,311,365
25080,155381,11927,74659,7581,143453,677,312,365
25085,155412,11930,74673,7582,143481,677,312,365
25090,155443,11933,74691,7585,143510,677,312,365
25095,155474,11935,74713,7585,143538,677,312,365
25100,155505,11937,74724,7587,143568,677,312,365
25105,155536,11938,74737,7588,143598,677,312,365
25110,155567,11939,74755,7589,143628,677,312,365
25115,155598,11940,74773,7589,143658,677,312,365
25120,155629,11941,74787,7590,143688,677,312,365
25125,155660,11942,74801,7591,143718,677,312,365
25130,155691,11943,74814,7591,143748,677,312,365
25135,155722,11944,74828,7592,143778,677,312,365
25140,155753,11945,74840,7593,143808,677,312,365
25145,155784,11946,74854,7593,143838,677,312,365
25150,155815,11947,74869,7594,143868,677,312,365
25155,155846,11948,74885,7594,143898,677,312,365
25160,155877,11949,74905,7594,143928,677,312,365
25165,155908,11950,74918,7595,143958,677,312,365
25170,155939,11951,74934,7596,143988,677,312,365
25175,155970,11952,74953,7597,144018,677,312,365
25180,156001,11953,74969,7598,144048,677,312,365
25185,156032,11954,74988,7599,144077,677,312,365
25190,156063,11956,75003,7600,144107,678,312,366
25195,156094,11960,75021,7604,144134,679,313,366
25200,156125,11964,75037,7605,144161,680,314,366
25205,156156,11968,75049,7609,144188,680,314,366
25210,156187,11971,75063,7609,144216,680,314,366
25215,156218,11975,75080,7611,144243,680,314,366
25220,156249,11978,75093,7612,144270,680,314,366
25225,156280,11982,75106,7614,144297,680,314,366
25230,156311,11987,75121,7618,144323,680,314,366
25235,156342,11990,75138,7620,144352,680,314,366
25240,156373,11992,75150,7621,144381,680,314,366
25245,156404,11994,75165,7623,144409,680,314,366
25250,156435,11997,75178,7625,144438,680,314,366
25255,156466,11999,75192,7625,144466,680,314,366
25260,156497,12002,75207,7626,144495,680,314,366
25265,156528,12003,75218,7626,144525,680,314,366
25270,156559,12004,75235,7626,144555,680,314,366
25275,156590,12005,75251,7626,144585,680,314,366
25280,156621,12006,75269,7626,144615,680,314,366
25285,156652,12007,75279,7626,144645,680,314,366
25290,156683,12008,75298,7626,144675,680,314,366
25295,156714,12010,75315,7627,144704,680,314,366
25300,156745,12012,75333,7628,144733,680,314,366
25305,156776,12016,75352,7630,144760,680,314,366
25310,156807,12020,75368,7632,144787,680,314,366
25315,156838,12021,75390,7633,144817,681,314,367
25320,156869,12022,75410,7634,144847,682,314,368
25325,156900,12024,75428,7635,144876,683,314,369
25330,156931,12027,75437,7637,144904,684,315,369
25335,156962,12031,75448,7640,144930,685,315,370
25340,156993,12037,75462,7644,144956,685,315,370
25345,157024,12042,75476,7646,144982,685,315,370
25350,157055,12046,75494,7649,145009,685,315,370
25355,157086,12048,75509,7651,145038,685,315,370
25360,157117,12050,75526,7651,145067,685,315,370
25365,157148,12053,75538,7652,145095,685,315,370
25370,157179,12057,75554,7655,145122,685,315,370
25375,157210,12059,75568,7656,145151,685,315,370
25380,157241,12063,75589,7660,145177,685,315,370
25385,157272,12066,75606,7662,145206,685,315,370
25390,157303,12069,75621,7665,145234,685,315,370
25395,157334,12072,75632,7666,145262,685,315,370
25400,157365,12074,75643,7667,145291,685,315,370
25405,157396,12076,75658,7668,145320,685,315,370
25410,157427,12079,75676,7671,145348,685,315,370
25415,157458,12081,75695,7671,145377,685,315,370
25420,157489,12084,75712,7672,145405,685,315,370
25425,157520,12088,75729,7673,145432,685,315,370
25430,157551,12091,75745,7675,145460,685,315,370
25435,157582,12094,75759,7676,145488,685,315,370
25440,157613,12098,75770,7677,145515,685,315,370
25445,157644,12101,75782,7679,145543,685,315,370
25450,157675,12105,75796,7683,145570,685,315,370
25455,157706,12107,75810,7684,145599,685,315,370
25460,157737,12109,75825,7684,145628,685,315,370
25465,157768,12112,75845,7687,145656,685,315,370
25470,157799,12115,75861,7689,145684,685,315,370
25475,157830,12118,75874,7692,145712,685,315,370
25480,157861,12121,75884,7694,145740,685,315,370
25485,157892,12123,75898,7695,145769,685,315,370
25490,157923,12125,75910,7697,145798,685,315,370
25495,157954,12126,75929,7697,145828,685,315,370
25500,157985,12127,75938,7697,145858,685,315,370
25505,158016,12129,75954,7698,145887,685,315,370
25510,158047,12130,75965,7698,145917,685,315,370
25515,158078,12131,75979,7698,145947,685,315,370
25520,158109,12132,75995,7699,145977,685,315,370
25525,158140,12133,76016,7700,146007,685,315,370
25530,158171,12135,76030,7702,146036,685,315,370
25535,158202,12137,76043,7704,146065,685,315,370
25540,158233,12138,76054,7704,146095,685,315,370
25545,158264,12140,76070,7705,146124,685,315,370
25550,158295,12143,76082,7707,146152,685,315,370
25555,158326,12145,76094,7709,146180,685,315,370
25560,158357,12150,76106,7713,146205,685,315,370
25565,158388,12153,76121,7716,146235,685,315,370
25570,158419,12154,76137,7717,146265,685,315,370
25575,158450,12155,76155,7718,146294,685,315,370
25580,158481,12157,76170,7719,146323,685,315,370
25585,158512,12159,76183,7721,146352,685,315,370
25590,158543,12161,76199,7722,146382,685,315,370
25595,158574,12162,76214,7723,146412,685,315,370
25600,158605,12163,76226,7723,146441,685,315,370
25605,158636,12165,76238,7724,146471,685,315,370
25610,158667,12166,76251,7724,146501,685,315,370
25615,158698,12167,76266,7725,146531,685,315,370
25620,158729,12168,76281,7725,146561,685,315,370
25625,158760,12169,76293,7725,146591,685,315,370
25630,158791,12170,76308,7725,146621,685,315,370
25635,158822,12171,76321,7725,146651,685,315,370
25640,158853,12172,76337,7726,146681,685,315,370
25645,158884,12173,76353,7727,146711,685,315,370
25650,158915,12174,76368,7728,146741,685,315,370
25655,158946,12175,76381,7728,146771,685,315,370
25660,158977,12176,76398,7728,146801,685,315,370
25665,159008,12178,76411,7729,146830,685,315,370
25670,159039,12184,76430,7733,146852,686,316,370
25675,159070,12191,76453,7739,146878,686,316,370
25680,159101,12195,76465,7741,146905,686,316,370
25685,159132,12199,76478,7742,146933,686,316,370
25690,159163,12202,76497,7744,146961,686,316,370
25695,159194,12204,76513,7745,146990,686,316,370
25700,159225,12208,76525,7748,147017,686,316,370
25705,159256,12212,76544,7751,147044,686,316,370
25710,159287,12215,76561,7754,147072,686,316,370
25715,159318,12217,76579,7754,147101,686,316,370
25720,159349,12219,76594,7755,147130,686,316,370
25725,159380,12221,76607,7756,147159,686,316,370
25730,159411,12224,76622,7758,147187,686,316,370
25735,159442,12227,76639,7760,147215,686,316,370
25740,159473,12229,76653,7760,147244,686,316,370
25745,159504,12231,76669,7762,147273,686,316,370
25750,159535,12232,76685,7763,147303,686,316,370
25755,159566,12233,76696,7763,147333,686,316,370
25760,159597,12234,76713,7763,147363,686,316,370
25765,159628,12235,76727,7764,147393,686,316,370
25770,159659,12237,76740,7766,147422,686,316,370
25775,159690,12239,76754,7766,147451,686,316,370
25780,159721,12241,76768,7768,147480,687,317,370
25785,159752,12243,76781,7769,147509,688,317,371
25790,159783,12246,76794,7771,147537,689,318,371
25795,159814,12250,76810,7773,147564,690,319,371
25800,159845,12257,76828,7778,147588,691,320,371
25805,159876,12261,76838,7780,147615,691,320,371
25810,159907,12264,76851,7782,147643,691,320,371
25815,159938,12266,76865,7783,147672,691,320,371
25820,159969,12269,76881,7785,147700,691,320,371
25825,160000,12271,76893,7785,147728,691,320,371
25830,160031,12274,76911,7788,147756,691,320,371
25835,160062,12277,76925,7790,147784,691,320,371
25840,160093,12280,76942,7791,147812,691,320,371
25845,160124,12283,76959,7793,147840,691,320,371
25850,160155,12287,76975,7795,147867,691,320,371
25855,160186,12290,76990,7798,147896,691,320,371
25860,160217,12291,77005,7798,147926,691,320,371
25865,160248,12291,77016,7798,147957,691,320,371
25870,160279,12291,77031,7798,147988,691,320,371
25875,160310,12291,77048,7798,148019,691,320,371
25880,160341,12291,77058,7798,148050,691,320,371
25885,160372,12291,77074,7798,148081,691,320,371
25890,160403,12291,77088,7798,148112,691,320,371
25895,160434,12291,77100,7798,148143,691,320,371
25900,160465,12291,77115,7798,148174,691,320,371
25905,160496,12291,77134,7798,148205,691,320,371
25910,160527,12294,77153,7799,148233,692,321,371
25915,160558,12298,77170,7802,148260,693,322,371
25920,160589,12301,77179,7803,148288,694,322,372
25925,160620,12303,77193,7804,148317,694,322,372
25930,160651,12305,77213,7806,148346,694,322,372
25935,160682,12307,77226,7808,148374,694,322,372
25940,160713,12310,77244,7810,148402,694,322,372
25945,160744,12313,77259,7811,148431,694,322,372
25950,160775,12315,77273,7813,148460,694,322,372
25955,160806,12317,77289,7814,148489,694,322,372
25960,160837,12319,77305,7814,148518,694,322,372
25965,160868,12322,77318,7814,148546,694,322,372
25970,160899,12325,77333,7816,148574,694,322,372
25975,160930,12328,77345,7817,148602,694,322,372
25980,160961,12332,77360,7820,148629,694,322,372
25985,160992,12335,77374,7823,148657,694,322,372
25990,161023,12337,77388,7825,148686,694,322,372
25995,161054,12339,77405,7827,148715,694,322,372
26000,161085,12342,77420,7828,148743,694,322,372
26005,161116,12345,77430,7829,148771,694,322,372
26010,161147,12347,77443,7829,148800,694,322,372
26015,161178,12349,77456,7830,148829,694,322,372
26020,161209,12351,77476,7832,148858,694,322,372
26025,161240,12354,77489,7835,148886,695,322,373
26030,161271,12360,77506,7840,148911,696,322,374
26035,161302,12365,77521,7844,148936,696,322,374
26040,161333,12372,77539,7849,148960,696,322,374
26045,161364,12378,77559,7853,148986,696,322,374
26050,161395,12381,77568,7854,149014,696,322,374
26055,161426,12384,77582,7856,149041,696,322,374
26060,161457,12389,77598,7860,149068,696,322,374
26065,161488,12392,77612,7861,149096,696,322,374
26070,161519,12393,77628,7861,149126,696,322,374
26075,161550,12394,77641,7861,149156,696,322,374
26080,161581,12395,77654,7861,149186,696,322,374
26085,161612,12396,77665,7862,149216,696,322,374
26090,161643,12397,77677,7863,149246,696,322,374
26095,161674,12398,77692,7863,149276,696,322,374
26100,161705,12399,77705,7864,149306,696,322,374
26105,161736,12400,77722,7865,149335,696,322,374
26110,161767,12402,77735,7866,149365,696,322,374
26115,161798,12403,77752,7867,149394,696,322,374
26120,161829,12405,77764,7868,149424,696,322,374
26125,161860,12406,77779,7868,149454,696,322,374
26130,161891,12407,77793,7868,149484,696,322,374
26135,161922,12409,77808,7870,149513,697,322,375
26140,161953,12409,77823,7870,149544,698,323,375
26145,161984,12409,77840,7870,149575,699,324,375
26150,162015,12413,77858,7873,149602,699,324,375
26155,162046,12415,77871,7873,149630,699,324,375
26160,162077,12418,77890,7875,149657,699,324,375
26165,162108,12423,77910,7880,149685,699,324,375
26170,162139,12427,77929,7883,149712,699,324,375
26175,162170,12432,77945,7886,149738,699,324,375
26180,162201,12436,77958,7890,149765,699,324,375
26185,162232,12441,77976,7894,149791,699,324,375
26190,162263,12444,77994,7896,149819,699,324,375
26195,162294,12448,78010,7899,149846,699,324,375
26200,162325,12450,78028,7901,149875,699,324,375
26205,162356,12452,78039,7902,149904,699,324,375
26210,162387,12453,78053,7902,149934,699,324,375
26215,162418,12454,78067,7902,149964,699,324,375
26220,162449,12455,78079,7903,149994,699,324,375
26225,162480,12459,78097,7907,150021,699,324,375
26230,162511,12462,78114,7909,150048,699,324,375
26235,162542,12466,78126,7913,150076,699,324,375
26240,162573,12468,78140,7915,150105,699,324,375
26245,162604,12470,78155,7916,150134,699,324,375
26250,162635,12471,78177,7917,150164,700,325,375
26255,162666,12473,78197,7919,150193,701,326,375
26260,162697,12473,78209,7919,150224,702,326,376
26265,162728,12473,78223,7919,150255,703,327,376
26270,162759,12475,78244,7921,150284,704,328,376
26275,162790,12476,78258,7921,150314,704,328,376
26280,162821,12477,78275,7921,150344,704,328,376
26285,162852,12480,78289,7922,150371,704,328,376
26290,162883,12485,78300,7925,150397,704,328,376
26295,162914,12488,78320,7928,150425,704,328,376
26300,162945,12490,78333,7930,150454,704,328,376
26305,162976,12492,78345,7932,150484,704,328,376
26310,163007,12493,78361,7933,150514,704,328,376
26315,163038,12494,78378,7934,150543,704,328,376
26320,163069,12496,78393,7935,150572,704,328,376
26325,163100,12498,78406,7936,150602,704,328,376
26330,163131,12499,78427,7936,150631,704,328,376
26335,163162,12501,78442,7937,150661,704,328,376
26340,163193,12501,78453,7937,150692,704,328,376
26345,163224,12504,78469,7940,150718,704,328,376
26350,163255,12509,78483,7944,150746,704,328,376
26355,163286,12512,78501,7947,150773,704,328,376
26360,163317,12517,78514,7951,150799,704,328,376
26365,163348,12519,78531,7953,150829,704,328,376
26370,163379,12520,78540,7954,150859,704,328,376
26375,163410,12521,78557,7955,150889,705,329,376
26380,163441,12522,78571,7955,150919,706,329,377
26385,163472,12523,78590,7956,150949,707,330,377
26390,163503,12524,78602,7957,150979,708,330,378
26395,163534,12525,78618,7958,151009,709,330,379
26400,163565,12526,78632,7959,151039,710,331,379
26405,163596,12529,78649,7961,151067,710,331,379
26410,163627,12532,78671,7964,151095,710,331,379
26415,163658,12535,78690,7967,151123,710,331,379
26420,163689,12537,78707,7968,151152,710,331,379
26425,163720,12540,78722,7970,151180,710,331,379
26430,163751,12543,78743,7973,151208,710,331,379
26435,163782,12546,78760,7975,151236,710,331,379
26440,163813,12549,78779,7977,151264,710,331,379
26445,163844,12552,78791,7978,151292,710,331,379
26450,163875,12554,78807,7979,151321,710,331,379
26455,163906,12556,78823,7981,151350,710,331,379
26460,163937,12559,78829,7982,151378,710,331,379
26465,163968,12562,78845,7984,151405,710,331,379
26470,163999,12567,78858,7985,151431,710,331,379
26475,164030,12571,78873,7988,151458,710,331,379
26480,164061,12575,78888,7991,151486,710,331,379
26485,164092,12578,78899,7992,151514,710,331,379
26490,164123,12581,78914,7994,151542,710,331,379
26495,164154,12584,78932,7995,151569,710,331,379
26500,164185,12588,78948,7996,151597,710,331,379
26505,164216,12591,78964,7997,151625,710,331,379
26510,164247,12596,78981,8001,151651,710,331,379
26515,164278,12601,78995,8005,151677,710,331,379
26520,164309,12606,79012,8009,151702,710,331,379
26525,164340,12608,79024,8010,151732,710,331,379
26530,164371,12610,79039,8011,151761,710,331,379
26535,164402,12612,79052,8012,151790,710,331,379
26540,164433,12614,79069,8013,151819,710,331,379
26545,164464,12616,79086,8014,151848,710,331,379
26550,164495,12618,79100,8015,151877,710,331,379
26555,164526,12619,79118,8016,151907,710,331,379
26560,164557,12620,79138,8016,151937,710,331,379
26565,164588,12621,79153,8016,151967,710,331,379
26570,164619,12622,79168,8017,151997,710,331,379
26575,164650,12622,79181,8017,152028,710,331,379
26580,164681,12622,79191,8017,152059,710,331,379
26585,164712,12625,79207,8019,152086,711,331,380
26590,164743,12628,79225,8021,152115,711,331,380
26595,164774,12629,79239,8021,152145,711,331,380
26600,164805,12631,79250,8023,152174,711,331,380
26605,164836,12632,79261,8023,152204,711,331,380
26610,164867,12633,79275,8024,152234,711,331,380
26615,164898,12634,79290,8024,152264,711,331,380
26620,164929,12636,79305,8025,152293,711,331,380
26625,164960,12638,79318,8025,152322,711,331,380
26630,164991,12640,79337,8026,152351,711,331,380
26635,165022,12642,79348,8026,152380,711,331,380
26640,165053,12644,79360,8027,152409,711,331,380
26645,165084,12648,79375,8030,152436,711,331,380
26650,165115,12652,79391,8033,152463,711,331,380
26655,165146,12656,79411,8036,152490,711,331,380
26660,165177,12658,79424,8037,152519,711,331,380
26665,165208,12660,79437,8038,152548,711,331,380
26670,165239,12662,79452,8039,152577,711,331,380
26675,165270,12664,79470,8041,152606,711,331,380
26680,165301,12665,79483,8041,152636,711,331,380
26685,165332,12667,79500,8043,152665,711,331,380
26690,165363,12668,79515,8044,152695,712,331,381
26695,165394,12669,79533,8045,152725,713,332,381
26700,165425,12672,79543,8047,152753,714,333,381
26705,165456,12674,79553,8048,152781,714,333,381
26710,165487,12677,79568,8050,152809,714,333,381
26715,165518,12680,79581,8052,152838,714,333,381
26720,165549,12682,79591,8053,152867,714,333,381
26725,165580,12684,79605,8053,152895,714,333,381
26730,165611,12687,79620,8055,152923,714,333,381
26735,165642,12690,79632,8056,152951,714,333,381
26740,165673,12692,79642,8058,152981,714,333,381
26745,165704,12693,79658,8058,153011,714,333,381
26750,165735,12694,79677,8058,153041,714,333,381
26755,165766,12695,79694,8058,153071,714,333,381
26760,165797,12696,79706,8058,153101,714,333,381
26765,165828,12701,79719,8061,153127,714,333,381
26770,165859,12703,79736,8062,153156,714,333,381
26775,165890,12705,79753,8063,153185,714,333,381
26780,165921,12707,79771,8064,153214,714,333,381
26785,165952,12711,79787,8066,153241,714,333,381
26790,165983,12713,79805,8068,153270,714,333,381
26795,166014,12714,79820,8069,153300,714,333,381
26800,166045,12716,79840,8071,153329,714,333,381
26805,166076,12717,79855,8071,153359,714,333,381
26810,166107,12719,79866,8073,153388,714,333,381
26815,166138,12721,79878,8075,153417,715,334,381
26820,166169,12723,79895,8076,153446,715,334,381
26825,166200,12725,79911,8077,153475,715,334,381
26830,166231,12726,79928,8078,153505,715,334,381
26835,166262,12727,79943,8079,153535,715,334,381
26840,166293,12729,79963,8081,153563,715,334,381
26845,166324,12732,79981,8083,153592,715,334,381
26850,166355,12733,79995,8084,153622,715,334,381
26855,166386,12734,80010,8085,153652,715,334,381
26860,166417,12735,80023,8086,153681,715,334,381
26865,166448,12737,80038,8087,153711,715,334,381
26870,166479,12739,80056,8088,153739,715,334,381
26875,166510,12742,80069,8089,153768,715,334,381
26880,166541,12744,80087,8089,153796,715,334,381
26885,166572,12748,80101,8093,153823,715,334,381
26890,166603,12752,80113,8095,153850,715,334,381
26895,166634,12757,80129,8100,153876,715,334,381
26900,166665,12760,80143,8102,153905,715,334,381
26905,166696,12763,80157,8104,153933,715,334,381
26910,166727,12766,80170,8106,153961,715,334,381
26915,166758,12769,80189,8107,153988,715,334,381
26920,166789,12772,80206,8109,154017,715,334,381
26925,166820,12774,80222,8110,154046,716,334,382
26930,166851,12775,80238,8111,154076,716,334,382
26935,166882,12775,80250,8111,154107,716,334,382
26940,166913,12775,80261,8111,154138,716,334,382
26945,166944,12775,80276,8111,154169,716,334,382
26950,166975,12775,80294,8111,154200,716,334,382
26955,167006,12775,80309,8111,154231,716,334,382
26960,167037,12775,80324,8111,154262,716,334,382
26965,167068,12775,80341,8111,154293,716,334,382
26970,167099,12775,80360,8111,154324,716,334,382
26975,167130,12775,80373,8111,154355,716,334,382
26980,167161,12775,80391,8111,154386,716,334,382
26985,167192,12775,80404,8111,154417,716,334,382
26990,167223,12777,80417,8113,154446,716,334,382
26995,167254,12781,80437,8116,154472,716,334,382
27000,167285,12786,80454,8120,154498,716,334,382
27005,167316,12789,80466,8122,154527,717,334,383
27010,167347,12790,80476,8122,154557,718,334,384
27015,167378,12791,80485,8123,154587,719,334,385
27020,167409,12792,80504,8124,154617,720,335,385
27025,167440,12793,80519,8124,154647,721,336,385
27030,167471,12794,80532,8124,154677,722,337,385
27035,167502,12795,80546,8124,154707,723,338,385
27040,167533,12796,80558,8125,154737,723,338,385
27045,167564,12797,80572,8125,154767,723,338,385
27050,167595,12798,80590,8126,154797,723,338,385
27055,167626,12799,80604,8126,154827,723,338,385
27060,167657,12800,80623,8126,154857,723,338,385
27065,167688,12802,80634,8128,154886,723,338,385
27070,167719,12806,80646,8130,154913,723,338,385
27075,167750,12809,80661,8132,154940,723,338,385
27080,167781,12814,80674,8135,154966,723,338,385
27085,167812,12816,80691,8136,154996,723,338,385
27090,167843,12817,80704,8136,155026,723,338,385
27095,167874,12818,80723,8137,155056,723,338,385
27100,167905,12819,80732,8137,155086,723,338,385
27105,167936,12822,80749,8139,155114,723,338,385
27110,167967,12826,80765,8143,155141,723,338,385
27115,167998,12831,80777,8146,155167,723,338,385
27120,168029,12834,80794,8148,155195,723,338,385
27125,168060,12837,80808,8150,155223,723,338,385
27130,168091,12839,80819,8151,155252,723,338,385
27135,168122,12841,80833,8152,155281,723,338,385
27140,168153,12844,80844,8153,155309,723,338,385
27145,168184,12846,80858,8153,155338,724,339,385
27150,168215,12848,80870,8154,155367,725,339,386
27155,168246,12852,80888,8158,155394,726,339,387
27160,168277,12855,80903,8160,155422,727,340,387
27165,168308,12858,80919,8162,155450,728,340,388
27170,168339,12861,80933,8165,155478,729,340,389
27175,168370,12864,80947,8168,155506,729,340,389
27180,168401,12865,80960,8169,155536,729,340,389
27185,168432,12867,80976,8171,155565,729,340,389
27190,168463,12872,80991,8175,155591,729,340,389
27195,168494,12875,81012,8177,155619,729,340,389
27200,168525,12878,81025,8179,155647,729,340,389
27205,168556,12883,81041,8183,155672,729,340,389
27210,168587,12889,81053,8188,155698,729,340,389
27215,168618,12892,81069,8191,155726,729,340,389
27220,168649,12896,81087,8194,155753,729,340,389
27225,168680,12899,81106,8196,155780,729,340,389
27230,168711,12903,81121,8200,155808,729,340,389
27235,168742,12905,81126,8201,155837,729,340,389
27240,168773,12907,81138,8202,155866,729,340,389
27245,168804,12908,81153,8203,155895,729,340,389
27250,168835,12911,81174,8205,155924,729,340,389
27255,168866,12912,81186,8206,155954,729,340,389
27260,168897,12914,81203,8208,155983,729,340,389
27265,168928,12915,81224,8208,156013,729,340,389
27270,168959,12916,81239,8209,156043,729,340,389
27275,168990,12917,81252,8209,156073,730,340,390
27280,169021,12920,81266,8212,156101,731,340,391
27285,169052,12922,81281,8212,156129,732,341,391
27290,169083,12925,81297,8215,156157,733,341,392
27295,169114,12929,81313,8217,156185,734,341,393
27300,169145,12931,81327,8217,156214,735,341,394
27305,169176,12933,81341,8218,156243,735,341,394
27310,169207,12934,81355,8219,156273,735,341,394
27315,169238,12936,81372,8220,156302,735,341,394
27320,169269,12938,81385,8222,156331,735,341,394
27325,169300,12940,81401,8223,156360,735,341,394
27330,169331,12943,81415,8225,156388,735,341,394
27335,169362,12946,81427,8228,156416,735,341,394
27340,169393,12951,81440,8231,156442,735,341,394
27345,169424,12957,81454,8235,156467,735,341,394
27350,169455,12963,81472,8240,156492,735,341,394
27355,169486,12968,81490,8244,156518,735,341,394
27360,169517,12973,81506,8247,156544,735,341,394
27365,169548,12976,81520,8250,156572,735,341,394
27370,169579,12978,81532,8251,156601,735,341,394
27375,169610,12980,81547,8252,156630,735,341,394
27380,169641,12982,81565,8253,156659,735,341,394
27385,169672,12984,81575,8253,156688,735,341,394
27390,169703,12986,81591,8255,156717,735,341,394
27395,169734,12988,81607,8257,156746,735,341,394
27400,169765,12990,81620,8258,156775,735,341,394
27405,169796,12992,81636,8259,156804,735,341,394
27410,169827,12994,81651,8260,156833,735,341,394
27415,169858,12996,81666,8261,156862,735,341,394
27420,169889,12998,81684,8262,156891,735,341,394
27425,169920,13001,81695,8263,156918,735,341,394
27430,169951,13005,81706,8266,156946,735,341,394
27435,169982,13008,81724,8268,156973,735,341,394
27440,170013,13013,81739,8270,156999,735,341,394
27445,170044,13017,81754,8272,157027,735,341,394
27450,170075,13020,81771,8273,157055,735,341,394
27455,170106,13023,81789,8275,157083,735,341,394
27460,170137,13025,81805,8277,157112,735,341,394
27465,170168,13027,81820,8278,157140,736,341,395
27470,170199,13032,81830,8282,157166,737,341,396
27475,170230,13037,81848,8286,157191,738,341,397
27480,170261,13042,81866,8291,157219,739,342,397
27485,170292,13043,81883,8291,157249,739,342,397
27490,170323,13043,81898,8291,157280,739,342,397
27495,170354,13043,81915,8291,157311,739,342,397
27500,170385,13043,81930,8291,157342,739,342,397
27505,170416,13043,81945,8291,157373,739,342,397
27510,170447,13043,81960,8291,157404,739,342,397
27515,170478,13043,81975,8291,157435,739,342,397
27520,170509,13043,81992,8291,157466,739,342,397
27525,170540,13043,82010,8291,157497,739,342,397
27530,170571,13043,82024,8291,157528,739,342,397
27535,170602,13043,82034,8291,157559,739,342,397
27540,170633,13043,82049,8291,157590,739,342,397
27545,170664,13043,82062,8291,157621,739,342,397
27550,170695,13044,82077,8291,157651,739,342,397
27555,170726,13046,82097,8292,157680,739,342,397
27560,170757,13048,82111,8293,157709,739,342,397
27565,170788,13049,82125,8293,157739,739,342,397
27570,170819,13050,82141,8293,157769,739,342,397
27575,170850,13052,82165,8295,157798,739,342,397
27580,170881,13054,82179,8295,157827,739,342,397
27585,170912,13057,82193,8297,157855,739,342,397
27590,170943,13063,82209,8303,157879,740,342,398
27595,170974,13071,82221,8307,157902,741,342,399
27600,171005,13080,82235,8315,157925,742,342,400
27605,171036,13084,82251,8318,157952,742,342,400
27610,171067,13087,82264,8319,157980,742,342,400
27615,171098,13092,82279,8321,158006,742,342,400
27620,171129,13095,82292,8323,158034,742,342,400
27625,171160,13099,82308,8325,158061,742,342,400
27630,171191,13102,82326,8327,158089,742,342,400
27635,171222,13105,82337,8328,158117,742,342,400
27640,171253,13107,82354,8328,158146,742,342,400
27645,171284,13109,82374,8330,158175,742,342,400
27650,171315,13112,82388,8332,158203,742,342,400
27655,171346,13114,82403,8333,158232,742,342,400
27660,171377,13116,82417,8334,158261,742,342,400
27665,171408,13118,82430,8336,158290,742,342,400
27670,171439,13120,82442,8338,158319,742,342,400
27675,171470,13121,82455,8339,158349,742,342,400
27680,171501,13122,82468,8339,158379,742,342,400
27685,171532,13123,82484,8340,158409,742,342,400
27690,171563,13124,82500,8341,158439,742,342,400
27695,171594,13125,82518,8342,158469,742,342,400
27700,171625,13126,82534,8342,158499,742,342,400
27705,171656,13130,82551,8345,158526,742,342,400
27710,171687,13133,82563,8347,158554,743,343,400
27715,171718,13137,82575,8351,158581,744,344,400
27720,171749,13141,82591,8354,158608,744,344,400
27725,171780,13145,82604,8356,158634,744,344,400
27730,171811,13149,82615,8358,158662,744,344,400
27735,171842,13150,82630,8359,158692,744,344,400
27740,171873,13151,82645,8359,158722,744,344,400
27745,171904,13152,82661,8359,158752,744,344,400
27750,171935,13153,82679,8359,158782,744,344,400
27755,171966,13154,82692,8359,158812,744,344,400
27760,171997,13155,82708,8359,158842,744,344,400
27765,172028,13156,82722,8360,158872,744,344,400
27770,172059,13157,82738,8361,158902,744,344,400
27775,172090,13158,82753,8362,158932,744,344,400
27780,172121,13159,82764,8363,158962,744,344,400
27785,172152,13160,82779,8363,158992,744,344,400
27790,172183,13161,82794,8364,159022,744,344,400
27795,172214,13162,82812,8364,159052,744,344,400
27800,172245,13163,82833,8365,159082,744,344,400
27805,172276,13164,82848,8366,159112,744,344,400
27810,172307,13165,82859,8366,159142,744,344,400
27815,172338,13166,82874,8367,159172,744,344,400
27820,172369,13167,82892,8368,159202,744,344,400
27825,172400,13168,82907,8369,159231,745,344,401
27830,172431,13173,82923,8372,159257,746,344,402
27835,172462,13179,82940,8376,159283,747,345,402
27840,172493,13185,82958,8381,159307,748,345,403
27845,172524,13187,82974,8383,159337,748,345,403
27850,172555,13188,82983,8383,159367,748,345,403
27855,172586,13189,82994,8383,159396,748,345,403
27860,172617,13191,83009,8385,159426,748,345,403
27865,172648,13191,83024,8385,159457,748,345,403
27870,172679,13191,83038,8385,159488,748,345,403
27875,172710,13191,83051,8385,159519,748,345,403
27880,172741,13191,83064,8385,159550,748,345,403
27885,172772,13191,83080,8385,159581,748,345,403
27890,172803,13191,83096,8385,159612,748,345,403
27895,172834,13191,83111,8385,159643,748,345,403
27900,172865,13191,83129,8385,159674,748,345,403
27905,172896,13194,83142,8388,159702,748,345,403
27910,172927,13195,83158,8389,159732,748,345,403
27915,172958,13197,83175,8391,159761,748,345,403
27920,172989,13199,83190,8393,159790,748,345,403
27925,173020,13200,83207,8394,159820,748,345,403
27930,173051,13202,83222,8395,159849,748,345,403
27935,173082,13203,83242,8395,159879,748,345,403
27940,173113,13204,83255,8395,159909,748,345,403
27945,173144,13207,83270,8397,159937,748,345,403
27950,173175,13210,83280,8399,159964,749,345,404
27955,173206,13215,83295,8401,159991,750,346,404
27960,173237,13219,83311,8403,160018,751,346,405
27965,173268,13222,83324,8405,160046,751,346,405
27970,173299,13227,83341,8409,160072,751,346,405
27975,173330,13231,83353,8412,160099,751,346,405
27980,173361,13234,83367,8413,160127,751,346,405
27985,173392,13238,83379,8414,160154,751,346,405
27990,173423,13241,83388,8416,160182,751,346,405
27995,173454,13244,83398,8417,160210,751,346,405
28000,173485,13247,83412,8417,160238,751,346,405
28005,173516,13250,83430,8419,160266,751,346,405
28010,173547,13253,83444,8420,160294,751,346,405
28015,173578,13256,83457,8421,160322,751,346,405
28020,173609,13258,83473,8423,160351,751,346,405
28025,173640,13260,83484,8424,160380,751,346,405
28030,173671,13262,83503,8424,160409,751,346,405
28035,173702,13264,83516,8426,160438,751,346,405
28040,173733,13266,83527,8426,160467,751,346,405
28045,173764,13268,83539,8426,160496,751,346,405
28050,173795,13270,83550,8427,160525,751,346,405
28055,173826,13272,83567,8427,160554,751,346,405
28060,173857,13274,83583,8427,160583,751,346,405
28065,173888,13276,83596,8427,160612,752,347,405
28070,173919,13280,83607,8429,160638,753,347,406
28075,173950,13284,83618,8432,160666,754,348,406
28080,173981,13286,83630,8432,160694,755,349,406
28085,174012,13290,83644,8436,160722,755,349,406
28090,174043,13294,83659,8438,160748,755,349,406
28095,174074,13299,83672,8442,160775,755,349,406
28100,174105,13304,83689,8445,160801,755,349,406
28105,174136,13308,83701,8447,160827,755,349,406
28110,174167,13311,83719,8449,160855,755,349,406
28115,174198,13315,83732,8453,160883,755,349,406
28120,174229,13319,83746,8455,160909,755,349,406
28125,174260,13325,83766,8460,160935,755,349,406
28130,174291,13328,83774,8461,160963,755,349,406
28135,174322,13331,83786,8461,160991,755,349,406
28140,174353,13335,83800,8463,161017,755,349,406
28145,174384,13342,83815,8467,161042,755,349,406
28150,174415,13346,83831,8469,161069,755,349,406
28155,174446,13350,83846,8472,161096,755,349,406
28160,174477,13353,83865,8475,161124,755,349,406
28165,174508,13358,83878,8480,161150,755,349,406
28170,174539,13363,83891,8484,161176,755,349,406
28175,174570,13367,83909,8487,161203,755,349,406
28180,174601,13370,83926,8489,161231,755,349,406
28185,174632,13370,83943,8489,161262,755,349,406
28190,174663,13370,83954,8489,161293,756,349,407
28195,174694,13370,83968,8489,161324,756,349,407
28200,174725,13370,83981,8489,161355,756,349,407
28205,174756,13370,83993,8489,161386,756,349,407
28210,174787,13370,84008,8489,161417,756,349,407
28215,174818,13372,84021,8490,161445,756,349,407
28220,174849,13374,84039,8491,161474,756,349,407
28225,174880,13376,84053,8492,161504,756,349,407
28230,174911,13377,84070,8493,161534,756,349,407
28235,174942,13379,84086,8494,161562,756,349,407
28240,174973,13383,84102,8497,161590,756,349,407
28245,175004,13386,84115,8500,161618,756,349,407
28250,175035,13387,84126,8501,161647,756,349,407
28255,175066,13390,84140,8503,161676,756,349,407
28260,175097,13393,84159,8506,161704,756,349,407
28265,175128,13394,84173,8506,161734,756,349,407
28270,175159,13395,84189,8506,161764,756,349,407
28275,175190,13396,84200,8507,161794,756,349,407
28280,175221,13399,84212,8508,161822,756,349,407
28285,175252,13403,84221,8510,161849,756,349,407
28290,175283,13407,84235,8511,161876,756,349,407
28295,175314,13412,84257,8514,161900,756,349,407
28300,175345,13420,84264,8519,161924,756,349,407
28305,175376,13427,84283,8524,161947,756,349,407
28310,175407,13433,84298,8529,161973,756,349,407
28315,175438,13438,84311,8532,161999,756,349,407
28320,175469,13444,84328,8537,162025,756,349,407
28325,175500,13447,84339,8539,162052,756,349,407
28330,175531,13450,84352,8540,162081,756,349,407
28335,175562,13453,84367,8541,162109,756,349,407
28340,175593,13456,84381,8543,162137,756,349,407
28345,175624,13458,84393,8543,162166,756,349,407
28350,175655,13461,84408,8545,162194,756,349,407
28355,175686,13464,84421,8548,162222,756,349,407
28360,175717,13466,84438,8550,162251,756,349,407
28365,175748,13468,84454,8552,162280,756,349,407
28370,175779,13471,84465,8553,162308,756,349,407
28375,175810,13474,84483,8555,162335,756,349,407
28380,175841,13477,84498,8558,162364,756,349,407
28385,175872,13481,84511,8560,162391,756,349,407
28390,175903,13485,84527,8563,162417,756,349,407
28395,175934,13490,84538,8568,162444,756,349,407
28400,175965,13493,84553,8570,162472,756,349,407
28405,175996,13496,84574,8573,162500,756,349,407
28410,176027,13499,84588,8575,162528,756,349,407
28415,176058,13501,84603,8575,162557,756,349,407
28420,176089,13504,84620,8577,162584,756,349,407
28425,176120,13507,84634,8579,162613,756,349,407
28430,176151,13509,84652,8581,162642,757,350,407
28435,176182,13509,84672,8581,162673,757,350,407
28440,176213,13509,84683,8581,162704,757,350,407
28445,176244,13509,84700,8581,162735,757,350,407
28450,176275,13509,84716,8581,162766,757,350,407
28455,176306,13509,84726,8581,162797,757,350,407
28460,176337,13509,84740,8581,162828,757,350,407
28465,176368,13509,84749,8581,162859,757,350,407
28470,176399,13509,84763,8581,162890,757,350,407
28475,176430,13509,84781,8581,162921,757,350,407
28480,176461,13509,84797,8581,162952,757,350,407
28485,176492,13509,84806,8581,162983,757,350,407
28490,176523,13509,84818,8581,163014,757,350,407
28495,176554,13510,84830,8582,163044,757,350,407
28500,176585,13513,84846,8585,163072,757,350,407
28505,176616,13518,84865,8589,163096,757,350,407
28510,176647,13525,84877,8593,163121,757,350,407
28515,176678,13530,84887,8596,163148,757,350,407
28520,176709,13535,84901,8600,163174,757,350,407
28525,176740,13540,84918,8604,163200,757,350,407
28530,176771,13544,84931,8606,163226,757,350,407
28535,176802,13549,84951,8611,163252,757,350,407
28540,176833,13553,84964,8614,163280,757,350,407
28545,176864,13557,84983,8617,163306,757,350,407
28550,176895,13561,85000,8620,163333,757,350,407
28555,176926,13565,85015,8622,163361,757,350,407
28560,176957,13569,85027,8624,163388,757,350,407
28565,176988,13572,85039,8626,163415,757,350,407
28570,177019,13576,85055,8630,163443,757,350,407
28575,177050,13578,85070,8631,163472,757,350,407
28580,177081,13580,85086,8632,163501,757,350,407
28585,177112,13582,85098,8633,163530,757,350,407
28590,177143,13584,85115,8634,163558,757,350,407
28595,177174,13587,85131,8636,163586,757,350,407
28600,177205,13590,85147,8639,163615,757,350,407
28605,177236,13593,85166,8642,163643,757,350,407
28610,177267,13595,85181,8644,163672,757,350,407
28615,177298,13597,85192,8645,163701,757,350,407
28620,177329,13597,85206,8645,163732,757,350,407
28625,177360,13602,85222,8648,163758,758,350,408
28630,177391,13605,85238,8649,163785,759,351,408
28635,177422,13609,85255,8653,163812,760,352,408
28640,177453,13612,85270,8654,163840,761,353,408
28645,177484,13615,85284,8656,163869,761,353,408
28650,177515,13617,85299,8656,163898,761,353,408
28655,177546,13621,85317,8659,163925,761,353,408
28660,177577,13623,85330,8659,163954,761,353,408
28665,177608,13626,85341,8661,163982,761,353,408
28670,177639,13628,85352,8661,164011,761,353,408
28675,177670,13630,85365,8661,164040,761,353,408
28680,177701,13633,85384,8663,164068,761,353,408
28685,177732,13635,85400,8663,164097,761,353,408
28690,177763,13638,85405,8665,164125,761,353,408
28695,177794,13641,85422,8666,164153,761,353,408
28700,177825,13644,85440,8667,164181,761,353,408
28705,177856,13646,85458,8669,164209,761,353,408
28710,177887,13649,85474,8672,164238,761,353,408
28715,177918,13650,85485,8673,164268,761,353,408
28720,177949,13651,85500,8674,164298,761,353,408
28725,177980,13652,85517,8674,164328,761,353,408
28730,178011,13655,85536,8676,164356,761,353,408
28735,178042,13659,85547,8679,164383,761,353,408
28740,178073,13663,85558,8680,164410,761,353,408
28745,178104,13668,85572,8684,164436,762,354,408
28750,178135,13670,85588,8686,164465,763,354,409
28755,178166,13672,85608,8688,164494,763,354,409
28760,178197,13674,85623,8689,164523,763,354,409
28765,178228,13676,85640,8689,164552,763,354,409
28770,178259,13678,85653,8689,164581,763,354,409
28775,178290,13680,85665,8690,164610,763,354,409
28780,178321,13682,85678,8692,164639,763,354,409
28785,178352,13684,85693,8694,164668,763,354,409
28790,178383,13686,85710,8696,164697,763,354,409
28795,178414,13688,85729,8696,164726,763,354,409
28800,178445,13690,85741,8697,164755,763,354,409
28805,178476,13693,85754,8698,164783,763,354,409
28810,178507,13696,85767,8699,164811,763,354,409
28815,178538,13698,85780,8699,164840,763,354,409
28820,178569,13700,85797,8699,164869,763,354,409
28825,178600,13703,85812,8700,164897,763,354,409
28830,178631,13705,85830,8702,164926,763,354,409
28835,178662,13708,85848,8703,164954,763,354,409
28840,178693,13710,85862,8703,164983,763,354,409
28845,178724,13712,85877,8705,165012,763,354,409
28850,178755,13714,85892,8707,165040,763,354,409
28855,178786,13718,85910,8710,165068,763,354,409
28860,178817,13723,85927,8714,165094,764,354,410
28865,178848,13723,85940,8714,165125,764,354,410
28870,178879,13723,85956,8714,165156,764,354,410
28875,178910,13723,85969,8714,165187,764,354,410
28880,178941,13723,85981,8714,165218,764,354,410
28885,178972,13723,85996,8714,165249,764,354,410
28890,179003,13723,86014,8714,165280,764,354,410
28895,179034,13723,86030,8714,165311,764,354,410
28900,179065,13723,86043,8714,165342,764,354,410
28905,179096,13723,86055,8714,165373,764,354,410
28910,179127,13723,86072,8714,165404,764,354,410
28915,179158,13723,86091,8714,165435,764,354,410
28920,179189,13723,86106,8714,165466,764,354,410
28925,179220,13723,86122,8714,165497,764,354,410
28930,179251,13723,86133,8714,165528,764,354,410
28935,179282,13723,86147,8714,165559,764,354,410
28940,179313,13723,86165,8714,165590,764,354,410
28945,179344,13723,86176,8714,165621,764,354,410
28950,179375,13723,86193,8714,165652,764,354,410
28955,179406,13723,86207,8714,165683,764,354,410
28960,179437,13723,86220,8714,165714,764,354,410
28965,179468,13725,86239,8716,165742,764,354,410
28970,179499,13730,86255,8721,165768,765,354,411
28975,179530,13737,86274,8728,165791,766,354,412
28980,179561,13745,86290,8734,165815,767,354,413
28985,179592,13751,86305,8738,165840,768,354,414
28990,179623,13755,86317,8740,165868,768,354,414
28995,179654,13758,86330,8742,165895,768,354,414
29000,179685,13762,86339,8745,165922,768,354,414
29005,179716,13765,86354,8747,165951,768,354,414
29010,179747,13767,86364,8748,165980,768,354,414
29015,179778,13769,86380,8749,166009,768,354,414
29020,179809,13771,86395,8750,166038,768,354,414
29025,179840,13773,86407,8750,166067,768,354,414
29030,179871,13775,86424,8752,166096,768,354,414
29035,179902,13777,86444,8754,166125,768,354,414
29040,179933,13779,86458,8756,166154,768,354,414
29045,179964,13781,86472,8756,166183,768,354,414
29050,179995,13783,86487,8757,166212,768,354,414
29055,180026,13785,86501,8759,166241,768,354,414
29060,180057,13787,86514,8759,166270,768,354,414
29065,180088,13789,86526,8759,166299,768,354,414
29070,180119,13791,86540,8759,166328,768,354,414
29075,180150,13793,86553,8759,166357,768,354,414
29080,180181,13795,86575,8760,166386,768,354,414
29085,180212,13797,86589,8762,166415,768,354,414
29090,180243,13801,86604,8765,166442,768,354,414
29095,180274,13804,86614,8767,166470,769,355,414
29100,180305,13807,86626,8769,166498,770,355,415
29105,180336,13812,86637,8773,166524,770,355,415
29110,180367,13813,86648,8773,166554,770,355,415
29115,180398,13814,86664,8774,166584,770,355,415
29120,180429,13815,86682,8775,166614,770,355,415
29125,180460,13816,86695,8775,166644,770,355,415
29130,180491,13817,86712,8776,166674,770,355,415
29135,180522,13818,86730,8777,166704,770,355,415
29140,180553,13819,86746,8777,166734,770,355,415
29145,180584,13820,86761,8778,166764,770,355,415
29150,180615,13821,86781,8779,166794,770,355,415
29155,180646,13822,86794,8779,166824,770,355,415
29160,180677,13823,86808,8779,166854,770,355,415
29165,180708,13824,86825,8779,166884,770,355,415
29170,180739,13825,86841,8780,166914,770,355,415
29175,180770,13826,86854,8780,166944,770,355,415
29180,180801,13827,86867,8781,166974,770,355,415
29185,180832,13828,86881,8782,167004,770,355,415
29190,180863,13829,86901,8783,167034,770,355,415
29195,180894,13831,86915,8784,167063,770,355,415
29200,180925,13833,86928,8785,167092,770,355,415
29205,180956,13835,86941,8785,167121,771,355,416
29210,180987,13839,86958,8788,167148,772,356,416
29215,181018,13845,86971,8791,167173,773,356,417
29220,181049,13850,86988,8794,167197,773,356,417
29225,181080,13854,87004,8797,167225,773,356,417
29230,181111,13858,87021,8800,167252,773,356,417
29235,181142,13861,87037,8803,167281,773,356,417
29240,181173,13863,87051,8804,167310,773,356,417
29245,181204,13865,87071,8806,167338,773,356,417
29250,181235,13867,87084,8807,167368,773,356,417
29255,181266,13868,87102,8808,167398,773,356,417
29260,181297,13869,87116,8809,167427,773,356,417
29265,181328,13871,87130,8810,167456,773,356,417
29270,181359,13873,87148,8812,167486,773,356,417
29275,181390,13874,87161,8812,167515,773,356,417
29280,181421,13875,87177,8813,167546,773,356,417
29285,181452,13875,87193,8813,167577,773,356,417
29290,181483,13875,87207,8813,167608,773,356,417
29295,181514,13875,87225,8813,167639,773,356,417
29300,181545,13875,87238,8813,167670,773,356,417
29305,181576,13875,87250,8813,167701,773,356,417
29310,181607,13875,87267,8813,167732,773,356,417
29315,181638,13875,87279,8813,167763,773,356,417
29320,181669,13875,87294,8813,167794,774,356,418
29325,181700,13876,87308,8814,167824,775,356,419
29330,181731,13879,87323,8817,167852,776,357,419
29335,181762,13883,87338,8819,167879,776,357,419
29340,181793,13887,87348,8822,167906,776,357,419
29345,181824,13891,87364,8824,167933,776,357,419
29350,181855,13895,87386,8828,167960,776,357,419
29355,181886,13899,87399,8830,167987,776,357,419
29360,181917,13902,87412,8830,168015,776,357,419
29365,181948,13905,87425,8831,168043,776,357,419
29370,181979,13909,87442,8833,168070,776,357,419
29375,182010,13913,87455,8835,168097,776,357,419
29380,182041,13917,87473,8838,168124,776,357,419
29385,182072,13920,87484,8839,168152,776,357,419
29390,182103,13923,87501,8841,168180,776,357,419
29395,182134,13926,87516,8843,168208,776,357,419
29400,182165,13929,87530,8846,168236,776,357,419
29405,182196,13933,87546,8847,168262,776,357,419
29410,182227,13938,87558,8850,168288,776,357,419
29415,182258,13942,87574,8853,168316,776,357,419
29420,182289,13943,87588,8854,168346,776,357,419
29425,182320,13944,87604,8855,168375,776,357,419
29430,182351,13946,87616,8856,168405,776,357,419
29435,182382,13947,87631,8856,168435,776,357,419
29440,182413,13948,87650,8857,168465,776,357,419
29445,182444,13948,87660,8857,168496,776,357,419
29450,182475,13949,87677,8858,168526,777,357,420
29455,182506,13952,87699,8861,168554,778,358,420
29460,182537,13954,87712,8863,168583,779,358,421
29465,182568,13958,87731,8865,168610,780,358,422
29470,182599,13961,87744,8866,168638,780,358,422
29475,182630,13963,87758,8867,168667,780,358,422
29480,182661,13965,87774,8868,168696,780,358,422
29485,182692,13967,87787,8869,168725,780,358,422
29490,182723,13969,87805,8871,168754,780,358,422
29495,182754,13971,87825,8873,168783,780,358,422
29500,182785,13973,87836,8874,168812,780,358,422
29505,182816,13975,87851,8875,168841,780,358,422
29510,182847,13977,87868,8876,168870,780,358,422
29515,182878,13979,87888,8877,168899,780,358,422
29520,182909,13981,87901,8877,168928,780,358,422
29525,182940,13984,87921,8879,168956,780,358,422
29530,182971,13985,87938,8880,168986,780,358,422
29535,183002,13986,87951,8881,169016,780,358,422
29540,183033,13987,87961,8882,169046,780,358,422
29545,183064,13988,87975,8882,169076,780,358,422
29550,183095,13989,87988,8882,169106,780,358,422
29555,183126,13990,88004,8882,169136,780,358,422
29560,183157,13991,88019,8882,169166,780,358,422
29565,183188,13994,88030,8884,169194,780,358,422
29570,183219,13999,88047,8888,169218,781,358,423
29575,183250,14004,88064,8893,169245,782,358,424
29580,183281,14008,88072,8897,169273,783,358,425
29585,183312,14011,88089,8899,169301,783,358,425
29590,183343,14014,88106,8901,169329,783,358,425
29595,183374,14015,88122,8901,169359,783,358,425
29600,183405,14016,88139,8901,169389,783,358,425
29605,183436,14017,88155,8901,169419,783,358,425
29610,183467,14018,88167,8902,169449,783,358,425
29615,183498,14019,88179,8902,169479,783,358,425
29620,183529,14020,88194,8902,169509,783,358,425
29625,183560,14021,88211,8903,169539,783,358,425
29630,183591,14022,88229,8904,169569,783,358,425
29635,183622,14023,88240,8905,169599,783,358,425
29640,183653,14024,88256,8906,169629,783,358,425
29645,183684,14025,88277,8907,169659,783,358,425
29650,183715,14026,88296,8908,169689,783,358,425
29655,183746,14027,88310,8908,169719,783,358,425
29660,183777,14028,88329,8909,169749,783,358,425
29665,183808,14029,88344,8910,169779,783,358,425
29670,183839,14030,88357,8911,169809,783,358,425
29675,183870,14031,88373,8911,169839,783,358,425
29680,183901,14033,88388,8912,169867,783,358,425
29685,183932,14038,88404,8917,169894,783,358,425
29690,183963,14042,88423,8920,169921,783,358,425
29695,183994,14046,88435,8922,169948,784,358,426
29700,184025,14049,88452,8925,169975,785,359,426
29705,184056,14053,88463,8928,170002,785,359,426
29710,184087,14056,88482,8929,170031,785,359,426
29715,184118,14058,88495,8929,170060,785,359,426
29720,184149,14060,88508,8930,170089,785,359,426
29725,184180,14062,88525,8931,170118,785,359,426
29730,184211,14064,88544,8933,170147,785,359,426
29735,184242,14066,88557,8934,170176,785,359,426
29740,184273,14068,88573,8934,170205,785,359,426
29745,184304,14070,88589,8935,170234,785,359,426
29750,184335,14072,88603,8935,170263,785,359,426
29755,184366,14074,88614,8936,170292,785,359,426
29760,184397,14076,88630,8937,170321,785,359,426
29765,184428,14078,88640,8937,170350,785,359,426
29770,184459,14080,88652,8938,170379,785,359,426
29775,184490,14082,88669,8938,170408,785,359,426
29780,184521,14084,88687,8939,170437,785,359,426
29785,184552,14086,88705,8941,170466,785,359,426
29790,184583,14089,88718,8942,170494,785,359,426
29795,184614,14092,88733,8944,170522,785,359,426
29800,184645,14095,88752,8945,170549,785,359,426
29805,184676,14099,88764,8947,170577,785,359,426
29810,184707,14103,88777,8950,170604,785,359,426
29815,184738,14109,88792,8955,170628,786,360,426
29820,184769,14116,88806,8962,170653,787,361,426
29825,184800,14117,88817,8963,170683,787,361,426
29830,184831,14117,88831,8963,170714,787,361,426
29835,184862,14117,88845,8963,170745,787,361,426
29840,184893,14117,88858,8963,170776,787,361,426
29845,184924,14117,88876,8963,170807,787,361,426
29850,184955,14117,88892,8963,170838,787,361,426
29855,184986,14117,88911,8963,170869,787,361,426
29860,185017,14117,88930,8963,170900,787,361,426
29865,185048,14117,88947,8963,170931,787,361,426
29870,185079,14117,88957,8963,170962,787,361,426
29875,185110,14117,88972,8963,170993,787,361,426
29880,185141,14117,88984,8963,171024,787,361,426
29885,185172,14117,88996,8963,171055,787,361,426
29890,185203,14117,89014,8963,171086,787,361,426
29895,185234,14117,89029,8963,171117,787,361,426
29900,185265,14117,89046,8963,171148,787,361,426
29905,185296,14117,89064,8963,171179,787,361,426
29910,185327,14117,89074,8963,171210,787,361,426
29915,185358,14117,89089,8963,171241,787,361,426
29920,185389,14117,89104,8963,171272,787,361,426
29925,185420,14118,89121,8964,171302,788,362,426
29930,185451,14121,89138,8965,171328,789,363,426
29935,185482,14130,89154,8972,171351,790,363,427
29940,185513,14136,89166,8976,171376,791,364,427
29945,185544,14141,89180,8978,171402,791,364,427
29950,185575,14146,89193,8981,171429,791,364,427
29955,185606,14150,89206,8982,171455,791,364,427
29960,185637,14155,89220,8984,171482,791,364,427
29965,185668,14159,89238,8986,171508,791,364,427
29970,185699,14164,89252,8989,171535,791,364,427
29975,185730,14168,89271,8990,171561,791,364,427
29980,185761,14172,89286,8993,171589,791,364,427
29985,185792,14175,89302,8994,171617,791,364,427
29990,185823,14178,89316,8994,171645,791,364,427
29995,185854,14181,89331,8996,171673,791,364,427
30000,185885,14184,89349,8998,171701,791,364,427
30005,185916,14186,89362,8999,171730,791,364,427
30010,185947,14188,89376,9001,171759,791,364,427
30015,185978,14190,89391,9002,171788,791,364,427
30020,186009,14192,89406,9002,171817,791,364,427
30025,186040,14194,89414,9002,171846,791,364,427
30030,186071,14196,89424,9003,171875,791,364,427
30035,186102,14198,89439,9004,171904,791,364,427
30040,186133,14200,89454,9005,171933,791,364,427
30045,186164,14202,89470,9006,171962,792,364,428
30050,186195,14204,89484,9007,171991,793,364,429
30055,186226,14206,89493,9008,172020,794,365,429
30060,186257,14208,89506,9008,172049,794,365,429
30065,186288,14209,89519,9009,172079,794,365,429
30070,186319,14210,89525,9009,172109,794,365,429
30075,186350,14211,89538,9010,172138,794,365,429
30080,186381,14213,89554,9012,172167,794,365,429
30085,186412,14215,89571,9013,172196,794,365,429
30090,186443,14217,89583,9014,172226,794,365,429
30095,186474,14218,89600,9015,172255,794,365,429
30100,186505,14220,89618,9017,172285,794,365,429
30105,186536,14221,89623,9017,172315,794,365,429
30110,186567,14222,89641,9017,172345,794,365,429
30115,186598,14223,89655,9017,172375,794,365,429
30120,186629,14224,89667,9017,172405,794,365,429
30125,186660,14224,89686,9017,172436,794,365,429
30130,186691,14224,89699,9017,172467,794,365,429
30135,186722,14224,89714,9017,172498,794,365,429
30140,186753,14224,89726,9017,172529,794,365,429
30145,186784,14224,89743,9017,172560,794,365,429
30150,186815,14224,89753,9017,172591,794,365,429
30155,186846,14224,89765,9017,172622,794,365,429
30160,186877,14224,89777,9017,172653,794,365,429
30165,186908,14225,89789,9017,172683,794,365,429
30170,186939,14230,89807,9021,172709,794,365,429
30175,186970,14236,89823,9025,172733,794,365,429
30180,187001,14242,89839,9029,172756,794,365,429
30185,187032,14249,89852,9035,172783,794,365,429
30190,187063,14250,89866,9036,172813,794,365,429
30195,187094,14251,89878,9036,172843,794,365,429
30200,187125,14252,89895,9036,172873,794,365,429
30205,187156,14253,89910,9036,172903,794,365,429
30210,187187,14255,89926,9037,172932,794,365,429
30215,187218,14255,89943,9037,172963,794,365,429
30220,187249,14255,89965,9037,172994,794,365,429
30225,187280,14255,89989,9037,173025,794,365,429
30230,187311,14257,90001,9038,173054,794,365,429
30235,187342,14259,90013,9040,173083,794,365,429
30240,187373,14261,90028,9042,173112,794,365,429
30245,187404,14262,90038,9043,173141,794,365,429
30250,187435,14264,90055,9045,173170,794,365,429
30255,187466,14266,90070,9046,173199,794,365,429
30260,187497,14268,90086,9048,173229,794,365,429
30265,187528,14269,90106,9049,173258,794,365,429
30270,187559,14270,90119,9050,173289,794,365,429
30275,187590,14270,90138,9050,173320,794,365,429
30280,187621,14270,90152,9050,173351,794,365,429
30285,187652,14270,90172,9050,173382,794,365,429
30290,187683,14270,90188,9050,173413,794,365,429
30295,187714,14272,90202,9051,173441,794,365,429
30300,187745,14276,90217,9053,173468,794,365,429
30305,187776,14282,90233,9059,173494,794,365,429
30310,187807,14284,90246,9060,173523,794,365,429
30315,187838,14287,90260,9061,173551,794,365,429
30320,187869,14289,90275,9061,173580,794,365,429
30325,187900,14291,90286,9061,173609,794,365,429
30330,187931,14293,90301,9062,173638,794,365,429
30335,187962,14296,90319,9064,173666,794,365,429
30340,187993,14298,90332,9065,173695,794,365,429
30345,188024,14300,90344,9065,173724,794,365,429
30350,188055,14302,90357,9067,173753,794,365,429
30355,188086,14306,90378,9070,173780,794,365,429
30360,188117,14309,90397,9072,173808,794,365,429
30365,188148,14310,90415,9072,173838,794,365,429
30370,188179,14310,90433,9072,173869,794,365,429
30375,188210,14310,90450,9072,173900,794,365,429
30380,188241,14310,90461,9072,173931,794,365,429
30385,188272,14310,90478,9072,173962,794,365,429
30390,188303,14310,90495,9072,173993,794,365,429
30395,188334,14310,90509,9072,174024,794,365,429
30400,188365,14310,90523,9072,174055,794,365,429
30405,188396,14310,90538,9072,174086,794,365,429
30410,188427,14311,90551,9072,174116,794,365,429
30415,188458,14313,90567,9072,174143,794,365,429
30420,188489,14318,90580,9076,174169,794,365,429
30425,188520,14326,90598,9083,174193,794,365,429
30430,188551,14330,90610,9086,174220,794,365,429
30435,188582,14334,90626,9089,174248,794,365,429
30440,188613,14337,90645,9092,174276,794,365,429
30445,188644,14337,90657,9092,174307,794,365,429
30450,188675,14337,90672,9092,174338,794,365,429
30455,188706,14337,90690,9092,174369,794,365,429
30460,188737,14337,90709,9092,174400,794,365,429
30465,188768,14337,90725,9092,174431,794,365,429
30470,188799,14337,90738,9092,174462,794,365,429
30475,188830,14337,90758,9092,174493,794,365,429
30480,188861,14337,90770,9092,174524,794,365,429
30485,188892,14338,90783,9093,174554,794,365,429
30490,188923,14339,90794,9094,174584,794,365,429
30495,188954,14340,90813,9094,174614,794,365,429
30500,188985,14341,90828,9094,174644,794,365,429
30505,189016,14342,90841,9095,174674,794,365,429
30510,189047,14343,90856,9096,174704,794,365,429
30515,189078,14344,90875,9097,174734,794,365,429
30520,189109,14345,90890,9098,174764,794,365,429
30525,189140,14346,90900,9099,174794,794,365,429
30530,189171,14347,90910,9100,174824,795,365,430
30535,189202,14350,90925,9102,174852,795,365,430
30540,189233,14354,90940,9103,174879,795,365,430
30545,189264,14358,90952,9106,174906,795,365,430
30550,189295,14363,90964,9109,174932,795,365,430
30555,189326,14366,90985,9111,174960,795,365,430
30560,189357,14369,91001,9112,174987,795,365,430
30565,189388,14374,91016,9114,175013,795,365,430
30570,189419,14379,91033,9118,175039,795,365,430
30575,189450,14382,91052,9120,175068,795,365,430
30580,189481,14385,91070,9122,175095,795,365,430
30585,189512,14388,91086,9124,175124,795,365,430
30590,189543,14390,91101,9126,175153,795,365,430
30595,189574,14392,91117,9127,175182,795,365,430
30600,189605,14393,91135,9127,175211,795,365,430
30605,189636,14396,91146,9130,175240,795,365,430
30610,189667,14398,91159,9132,175268,795,365,430
30615,189698,14401,91177,9134,175297,795,365,430
30620,189729,14401,91194,9134,175328,795,365,430
30625,189760,14401,91213,9134,175359,795,365,430
30630,189791,14401,91223,9134,175390,795,365,430
30635,189822,14401,91237,9134,175421,795,365,430
30640,189853,14401,91251,9134,175452,795,365,430
30645,189884,14401,91264,9134,175483,796,366,430
30650,189915,14402,91277,9135,175513,797,366,431
30655,189946,14403,91290,9135,175543,797,366,431
30660,189977,14404,91304,9135,175573,797,366,431
30665,190008,14407,91316,9135,175601,797,366,431
30670,190039,14411,91329,9137,175628,797,366,431
30675,190070,14415,91344,9141,175655,797,366,431
30680,190101,14419,91358,9144,175682,797,366,431
30685,190132,14423,91370,9146,175709,797,366,431
30690,190163,14426,91383,9147,175737,797,366,431
30695,190194,14430,91397,9150,175764,797,366,431
30700,190225,14433,91412,9152,175792,797,366,431
30705,190256,14435,91426,9152,175821,797,366,431
30710,190287,14437,91442,9153,175850,797,366,431
30715,190318,14439,91450,9154,175879,797,366,431
30720,190349,14442,91466,9157,175907,797,366,431
30725,190380,14447,91483,9160,175933,797,366,431
30730,190411,14450,91505,9162,175961,797,366,431
30735,190442,14452,91518,9163,175990,797,366,431
30740,190473,14454,91540,9165,176019,797,366,431
30745,190504,14456,91556,9166,176048,797,366,431
30750,190535,14458,91570,9167,176077,797,366,431
30755,190566,14461,91585,9168,176105,797,366,431
30760,190597,14463,91598,9168,176134,798,366,432
30765,190628,14465,91615,9170,176163,799,367,432
30770,190659,14468,91631,9173,176190,799,367,432
30775,190690,14471,91649,9176,176218,799,367,432
30780,190721,14474,91664,9179,176246,799,367,432
30785,190752,14476,91681,9181,176276,799,367,432
30790,190783,14477,91697,9181,176306,799,367,432
30795,190814,14478,91715,9182,176336,799,367,432
30800,190845,14479,91732,9183,176366,799,367,432
30805,190876,14480,91748,9184,176396,799,367,432
30810,190907,14481,91763,9185,176426,799,367,432
30815,190938,14482,91776,9185,176456,799,367,432
30820,190969,14483,91791,9186,176486,799,367,432
30825,191000,14484,91811,9187,176516,799,367,432
30830,191031,14485,91826,9188,176546,799,367,432
30835,191062,14487,91836,9189,176575,799,367,432
30840,191093,14489,91853,9191,176604,799,367,432
30845,191124,14493,91869,9195,176631,799,367,432
30850,191155,14497,91883,9197,176658,799,367,432
30855,191186,14502,91896,9201,176684,799,367,432
30860,191217,14505,91913,9203,176711,799,367,432
30865,191248,14509,91930,9206,176739,799,367,432
30870,191279,14512,91944,9208,176766,799,367,432
30875,191310,14516,91966,9212,176794,800,368,432
30880,191341,14518,91977,9214,176823,801,368,433
30885,191372,14519,91993,9214,176853,802,369,433
30890,191403,14520,92011,9214,176883,803,370,433
30895,191434,14521,92027,9215,176913,803,370,433
30900,191465,14522,92041,9215,176943,803,370,433
30905,191496,14522,92053,9215,176974,803,370,433
30910,191527,14522,92068,9215,177005,803,370,433
30915,191558,14522,92084,9215,177036,803,370,433
30920,191589,14522,92100,9215,177067,803,370,433
30925,191620,14522,92116,9215,177098,803,370,433
30930,191651,14522,92128,9215,177129,803,370,433
30935,191682,14522,92138,9215,177160,803,370,433
30940,191713,14522,92156,9215,177191,803,370,433
30945,191744,14523,92170,9216,177221,803,370,433
30950,191775,14524,92186,9217,177251,803,370,433
30955,191806,14526,92200,9219,177280,803,370,433
30960,191837,14527,92216,9220,177310,803,370,433
30965,191868,14531,92231,9223,177336,803,370,433
30970,191899,14537,92247,9226,177362,803,370,433
30975,191930,14542,92263,9229,177388,803,370,433
30980,191961,14547,92277,9232,177414,803,370,433
30985,191992,14551,92292,9234,177441,803,370,433
30990,192023,14555,92304,9235,177468,803,370,433
30995,192054,14561,92323,9240,177493,804,371,433
31000,192085,14567,92339,9245,177518,805,371,434
31005,192116,14571,92351,9246,177544,806,372,434
31010,192147,14578,92367,9252,177569,807,372,435
31015,192178,14582,92378,9253,177596,807,372,435
31020,192209,14586,92397,9256,177622,807,372,435
31025,192240,14589,92413,9259,177651,807,372,435
31030,192271,14591,92424,9260,177680,807,372,435
31035,192302,14593,92436,9261,177709,807,372,435
31040,192333,14595,92450,9263,177737,807,372,435
31045,192364,14598,92468,9266,177766,807,372,435
31050,192395,14599,92483,9267,177796,807,372,435
31055,192426,14600,92496,9268,177826,807,372,435
31060,192457,14601,92512,9269,177856,807,372,435
31065,192488,14602,92532,9270,177886,807,372,435
31070,192519,14604,92547,9272,177915,807,372,435
31075,192550,14606,92560,9274,177944,807,372,435
31080,192581,14608,92573,9275,177973,807,372,435
31085,192612,14611,92585,9277,178001,807,372,435
31090,192643,14614,92599,9280,178029,807,372,435
31095,192674,14616,92613,9282,178058,807,372,435
31100,192705,14618,92631,9283,178087,807,372,435
31105,192736,14619,92644,9283,178117,807,372,435
31110,192767,14621,92661,9285,178146,807,372,435
31115,192798,14622,92675,9285,178176,807,372,435
31120,192829,14623,92688,9285,178206,808,373,435
31125,192860,14624,92706,9285,178236,809,373,436
31130,192891,14626,92720,9287,178265,809,373,436
31135,192922,14627,92733,9287,178295,809,373,436
31140,192953,14628,92749,9288,178325,809,373,436
31145,192984,14629,92766,9289,178355,809,373,436
31150,193015,14630,92779,9290,178385,809,373,436
31155,193046,14631,92798,9290,178415,809,373,436
31160,193077,14633,92811,9291,178444,809,373,436
31165,193108,14633,92828,9291,178475,809,373,436
31170,193139,14633,92844,9291,178506,809,373,436
31175,193170,14633,92860,9291,178537,809,373,436
31180,193201,14633,92878,9291,178568,809,373,436
31185,193232,14634,92897,9291,178598,809,373,436
31190,193263,14635,92914,9292,178628,809,373,436
31195,193294,14637,92928,9293,178657,809,373,436
31200,193325,14640,92944,9296,178684,809,373,436
31205,193356,14648,92962,9303,178708,809,373,436
31210,193387,14652,92978,9306,178734,809,373,436
31215,193418,14657,92992,9309,178761,809,373,436
31220,193449,14662,93003,9313,178786,809,373,436
31225,193480,14666,93017,9315,178813,809,373,436
31230,193511,14672,93032,9319,178838,810,374,436
31235,193542,14677,93044,9323,178864,811,375,436
31240,193573,14681,93057,9327,178891,812,375,437
31245,193604,14685,93069,9329,178919,813,375,438
31250,193635,14690,93083,9332,178945,814,375,439
31255,193666,14691,93102,9332,178975,815,376,439
31260,193697,14693,93119,9334,179004,815,376,439
31265,193728,14693,93134,9334,179035,815,376,439
31270,193759,14693,93153,9334,179066,815,376,439
31275,193790,14693,93170,9334,179097,815,376,439
31280,193821,14693,93185,9334,179128,815,376,439
31285,193852,14693,93198,9334,179159,815,376,439
31290,193883,14693,93215,9334,179190,815,376,439
31295,193914,14693,93229,9334,179221,815,376,439
31300,193945,14693,93247,9334,179252,815,376,439
31305,193976,14693,93258,9334,179283,815,376,439
31310,194007,14694,93270,9334,179313,815,376,439
31315,194038,14695,93281,9334,179343,815,376,439
31320,194069,14696,93295,9334,179373,815,376,439
31325,194100,14699,93313,9335,179400,815,376,439
31330,194131,14704,93330,9338,179427,815,376,439
31335,194162,14708,93343,9342,179453,815,376,439
31340,194193,14712,93355,9344,179481,815,376,439
31345,194224,14715,93364,9344,179508,815,376,439
31350,194255,14721,93381,9349,179534,815,376,439
31355,194286,14725,93395,9352,179561,815,376,439
31360,194317,14731,93412,9355,179585,815,376,439
31365,194348,14737,93431,9357,179610,815,376,439
31370,194379,14743,93442,9362,179636,815,376,439
31375,194410,14746,93455,9363,179663,815,376,439
31380,194441,14751,93471,9365,179688,815,376,439
31385,194472,14753,93487,9367,179719,816,377,439
31390,194503,14753,93507,9367,179750,817,377,440
31395,194534,14753,93521,9367,179781,818,377,441
31400,194565,14753,93530,9367,179812,818,377,441
31405,194596,14753,93546,9367,179843,818,377,441
31410,194627,14753,93564,9367,179874,818,377,441
31415,194658,14753,93578,9367,179905,818,377,441
31420,194689,14753,93590,9367,179936,818,377,441
31425,194720,14753,93607,9367,179967,818,377,441
31430,194751,14753,93625,9367,179998,818,377,441
31435,194782,14753,93642,9367,180029,818,377,441
31440,194813,14753,93656,9367,180060,818,377,441
31445,194844,14753,93667,9367,180091,818,377,441
31450,194875,14753,93681,9367,180122,818,377,441
31455,194906,14753,93695,9367,180153,818,377,441
31460,194937,14753,93702,9367,180184,818,377,441
31465,194968,14753,93713,9367,180215,818,377,441
31470,194999,14753,93724,9367,180246,818,377,441
31475,195030,14755,93737,9368,180275,818,377,441
31480,195061,14756,93749,9368,180305,818,377,441
31485,195092,14759,93761,9369,180333,818,377,441
31490,195123,14763,93774,9370,180360,818,377,441
31495,195154,14767,93788,9372,180387,818,377,441
31500,195185,14771,93799,9373,180413,818,377,441
31505,195216,14775,93817,9374,180440,819,377,442
31510,195247,14779,93829,9376,180467,819,377,442
31515,195278,14783,93847,9378,180494,819,377,442
31520,195309,14786,93861,9381,180523,819,377,442
31525,195340,14787,93876,9381,180553,819,377,442
31530,195371,14788,93892,9382,180583,819,377,442
31535,195402,14789,93905,9383,180613,819,377,442
31540,195433,14790,93918,9384,180643,819,377,442
31545,195464,14791,93932,9384,180673,819,377,442
31550,195495,14792,93949,9385,180703,819,377,442
31555,195526,14793,93967,9385,180733,819,377,442
31560,195557,14794,93986,9385,180763,819,377,442
31565,195588,14797,93998,9387,180790,819,377,442
31570,195619,14801,94010,9390,180817,819,377,442
31575,195650,14805,94022,9392,180845,819,377,442
31580,195681,14807,94038,9393,180873,819,377,442
31585,195712,14810,94055,9395,180901,819,377,442
31590,195743,14812,94068,9397,180931,819,377,442
31595,195774,14813,94081,9397,180961,819,377,442
31600,195805,14814,94099,9397,180991,819,377,442
31605,195836,14815,94113,9397,181021,819,377,442
31610,195867,14817,94128,9398,181050,820,377,443
31615,195898,14819,94151,9400,181079,820,377,443
31620,195929,14821,94166,9401,181108,820,377,443
31625,195960,14825,94181,9403,181135,820,377,443
31630,195991,14828,94197,9405,181163,820,377,443
31635,196022,14832,94218,9409,181190,820,377,443
31640,196053,14835,94230,9410,181218,820,377,443
31645,196084,14839,94243,9412,181245,820,377,443
31650,196115,14843,94257,9414,181272,820,377,443
31655,196146,14847,94268,9415,181299,820,377,443
31660,196177,14850,94287,9418,181327,820,377,443
31665,196208,14854,94304,9421,181354,820,377,443
31670,196239,14857,94316,9422,181382,820,377,443
31675,196270,14860,94329,9423,181410,820,377,443
31680,196301,14863,94349,9424,181438,820,377,443
31685,196332,14864,94364,9425,181468,821,378,443
31690,196363,14865,94382,9426,181498,821,378,443
31695,196394,14866,94396,9426,181528,821,378,443
31700,196425,14867,94409,9426,181558,821,378,443
31705,196456,14868,94425,9427,181588,821,378,443
31710,196487,14869,94440,9428,181618,821,378,443
31715,196518,14870,94455,9428,181648,821,378,443
31720,196549,14871,94466,9428,181678,821,378,443
31725,196580,14872,94477,9428,181708,821,378,443
31730,196611,14874,94484,9429,181737,821,378,443
31735,196642,14877,94496,9430,181765,821,378,443
31740,196673,14878,94509,9431,181795,821,378,443
31745,196704,14879,94523,9431,181825,822,378,444
31750,196735,14880,94536,9432,181855,822,378,444
31755,196766,14882,94551,9434,181884,822,378,444
31760,196797,14884,94570,9435,181913,822,378,444
31765,196828,14885,94587,9436,181943,822,378,444
31770,196859,14886,94600,9436,181973,822,378,444
31775,196890,14887,94610,9437,182003,822,378,444
31780,196921,14888,94624,9438,182033,822,378,444
31785,196952,14889,94636,9438,182063,822,378,444
31790,196983,14892,94647,9440,182090,822,378,444
31795,197014,14896,94665,9444,182118,822,378,444
31800,197045,14899,94681,9445,182145,822,378,444
31805,197076,14905,94694,9449,182171,822,378,444
31810,197107,14909,94708,9452,182198,822,378,444
31815,197138,14913,94719,9456,182225,822,378,444
31820,197169,14918,94735,9460,182251,822,378,444
31825,197200,14922,94752,9462,182278,822,378,444
31830,197231,14925,94768,9465,182306,822,378,444
31835,197262,14929,94780,9467,182333,822,378,444
31840,197293,14932,94790,9468,182361,822,378,444
31845,197324,14940,94804,9473,182384,822,378,444
31850,197355,14947,94820,9478,182408,823,379,444
31855,197386,14952,94835,9481,182433,823,379,444
31860,197417,14959,94845,9485,182458,823,379,444
31865,197448,14962,94860,9488,182486,823,379,444
31870,197479,14965,94879,9491,182514,823,379,444
31875,197510,14968,94894,9493,182542,823,379,444
31880,197541,14971,94906,9494,182570,823,379,444
31885,197572,14972,94920,9494,182600,823,379,444
31890,197603,14973,94936,9495,182630,823,379,444
31895,197634,14974,94952,9495,182660,823,379,444
31900,197665,14975,94971,9495,182690,823,379,444
31905,197696,14976,94990,9495,182720,823,379,444
31910,197727,14977,95009,9496,182750,823,379,444
31915,197758,14978,95025,9497,182780,823,379,444
31920,197789,14979,95040,9498,182810,823,379,444
31925,197820,14981,95054,9500,182839,823,379,444
31930,197851,14984,95069,9502,182866,823,379,444
31935,197882,14987,95080,9504,182894,823,379,444
31940,197913,14991,95092,9506,182921,823,379,444
31945,197944,14995,95111,9508,182948,823,379,444
31950,197975,14997,95126,9510,182978,823,379,444
31955,198006,14998,95139,9510,183008,823,379,444
31960,198037,14999,95154,9511,183038,823,379,444
31965,198068,15000,95169,9512,183067,823,379,444
31970,198099,15003,95182,9514,183096,823,379,444
31975,198130,15008,95199,9518,183122,823,379,444
31980,198161,15009,95213,9519,183152,823,379,444
31985,198192,15011,95230,9521,183181,823,379,444
31990,198223,15014,95246,9523,183209,823,379,444
31995,198254,15017,95258,9525,183237,823,379,444
32000,198285,15019,95270,9525,183266,823,379,444
32005,198316,15021,95285,9526,183295,823,379,444
32010,198347,15023,95300,9528,183324,823,379,444
32015,198378,15026,95311,9529,183352,823,379,444
32020,198409,15030,95328,9532,183379,823,379,444
32025,198440,15032,95347,9533,183408,823,379,444
32030,198471,15035,95368,9534,183436,823,379,444
32035,198502,15039,95380,9537,183463,823,379,444
32040,198533,15041,95393,9538,183492,823,379,444
32045,198564,15044,95409,9541,183520,823,379,444
32050,198595,15047,95421,9543,183548,823,379,444
32055,198626,15051,95433,9546,183575,823,379,444
32060,198657,15055,95445,9547,183602,823,379,444
32065,198688,15059,95459,9548,183629,823,379,444
32070,198719,15062,95479,9550,183657,823,379,444
32075,198750,15064,95496,9552,183686,823,379,444
32080,198781,15065,95509,9553,183716,823,379,444
32085,198812,15067,95525,9554,183744,823,379,444
32090,198843,15070,95534,9556,183773,824,380,444
32095,198874,15074,95547,9559,183799,824,380,444
32100,198905,15079,95560,9563,183825,824,380,444
32105,198936,15082,95576,9566,183854,824,380,444
32110,198967,15084,95589,9567,183883,824,380,444
32115,198998,15086,95600,9567,183912,824,380,444
32120,199029,15088,95615,9568,183941,824,380,444
32125,199060,15090,95634,9568,183970,824,380,444
32130,199091,15092,95648,9570,183999,824,380,444
32135,199122,15094,95668,9571,184028,824,380,444
32140,199153,15096,95686,9572,184057,824,380,444
32145,199184,15098,95698,9573,184086,824,380,444
32150,199215,15100,95715,9573,184115,824,380,444
32155,199246,15102,95730,9573,184144,824,380,444
32160,199277,15104,95745,9574,184173,824,380,444
32165,199308,15104,95765,9574,184204,824,380,444
32170,199339,15104,95778,9574,184235,824,380,444
32175,199370,15104,95794,9574,184266,824,380,444
32180,199401,15104,95813,9574,184297,824,380,444
32185,199432,15104,95832,9574,184328,824,380,444
32190,199463,15104,95847,9574,184359,824,380,444
32195,199494,15104,95863,9574,184390,824,380,444
32200,199525,15104,95875,9574,184421,824,380,444
32205,199556,15104,95886,9574,184452,824,380,444
32210,199587,15107,95904,9577,184480,825,380,445
32215,199618,15111,95920,9581,184506,826,381,445
32220,199649,15116,95940,9585,184532,827,381,446
32225,199680,15120,95955,9588,184560,827,381,446
32230,199711,15123,95972,9590,184587,827,381,446
32235,199742,15126,95985,9591,184616,827,381,446
32240,199773,15128,96000,9592,184645,827,381,446
32245,199804,15130,96012,9593,184674,827,381,446
32250,199835,15132,96031,9594,184703,827,381,446
32255,199866,15134,96047,9594,184732,827,381,446
32260,199897,15136,96065,9595,184761,827,381,446
32265,199928,15138,96077,9596,184790,827,381,446
32270,199959,15140,96091,9598,184819,827,381,446
32275,199990,15142,96106,9600,184848,827,381,446
32280,200021,15144,96122,9602,184877,827,381,446
32285,200052,15146,96138,9603,184906,827,381,446
32290,200083,15148,96153,9603,184935,827,381,446
32295,200114,15150,96166,9604,184964,827,381,446
32300,200145,15152,96180,9605,184993,827,381,446
32305,200176,15154,96197,9606,185022,827,381,446
32310,200207,15156,96213,9607,185051,827,381,446
32315,200238,15158,96232,9609,185080,827,381,446
32320,200269,15160,96242,9609,185109,827,381,446
32325,200300,15163,96258,9610,185136,827,381,446
32330,200331,15168,96272,9613,185162,827,381,446
32335,200362,15177,96284,9619,185185,827,381,446
32340,200393,15184,96299,9626,185208,828,382,446
32345,200424,15187,96313,9628,185237,828,382,446
32350,200455,15189,96325,9628,185266,828,382,446
32355,200486,15192,96338,9629,185294,828,382,446
32360,200517,15194,96353,9630,185323,828,382,446
32365,200548,15197,96364,9631,185351,828,382,446
32370,200579,15200,96376,9632,185378,828,382,446
32375,200610,15203,96395,9634,185407,828,382,446
32380,200641,15204,96411,9634,185437,828,382,446
32385,200672,15205,96425,9635,185467,828,382,446
32390,200703,15206,96440,9636,185496,828,382,446
32395,200734,15207,96452,9637,185527,828,382,446
32400,200765,15207,96467,9637,185558,828,382,446
32405,200796,15207,96484,9637,185589,828,382,446
32410,200827,15207,96500,9637,185620,828,382,446
32415,200858,15207,96515,9637,185651,828,382,446
32420,200889,15207,96527,9637,185682,828,382,446
32425,200920,15207,96550,9637,185713,828,382,446
32430,200951,15207,96567,9637,185744,828,382,446
32435,200982,15209,96578,9638,185773,828,382,446
32440,201013,15211,96594,9639,185801,828,382,446
32445,201044,15213,96613,9641,185830,828,382,446
32450,201075,15215,96630,9642,185860,829,382,447
32455,201106,15217,96649,9644,185889,830,383,447
32460,201137,15219,96665,9645,185918,831,384,447
32465,201168,15227,96687,9651,185940,831,384,447
32470,201199,15232,96704,9654,185966,831,384,447
32475,201230,15238,96723,9659,185992,831,384,447
32480,201261,15242,96741,9661,186019,831,384,447
32485,201292,15244,96758,9662,186048,831,384,447
32490,201323,15246,96773,9663,186077,831,384,447
32495,201354,15248,96789,9664,186106,831,384,447
32500,201385,15250,96799,9665,186135,831,384,447
32505,201416,15252,96812,9666,186164,831,384,447
32510,201447,15254,96831,9668,186193,831,384,447
32515,201478,15256,96844,9670,186222,831,384,447
32520,201509,15258,96864,9671,186251,831,384,447
32525,201540,15260,96883,9673,186280,831,384,447
32530,201571,15262,96902,9675,186309,831,384,447
32535,201602,15264,96920,9676,186338,831,384,447
32540,201633,15266,96933,9677,186367,831,384,447
32545,201664,15268,96950,9678,186396,831,384,447
32550,201695,15270,96965,9679,186425,831,384,447
32555,201726,15272,96977,9680,186454,831,384,447
32560,201757,15274,96992,9681,186483,831,384,447
32565,201788,15276,97008,9682,186512,831,384,447
32570,201819,15280,97024,9684,186539,832,384,448
32575,201850,15283,97041,9685,186566,832,384,448
32580,201881,15288,97055,9690,186592,832,384,448
32585,201912,15290,97067,9692,186622,832,384,448
32590,201943,15293,97084,9695,186649,832,384,448
32595,201974,15297,97098,9698,186677,832,384,448
32600,202005,15301,97113,9701,186703,832,384,448
32605,202036,15306,97130,9706,186729,832,384,448
32610,202067,15310,97145,9710,186756,832,384,448
32615,202098,15313,97158,9712,186784,832,384,448
32620,202129,15316,97170,9715,186813,832,384,448
32625,202160,15316,97187,9715,186844,832,384,448
32630,202191,15316,97204,9715,186875,832,384,448
32635,202222,15316,97215,9715,186906,832,384,448
32640,202253,15316,97232,9715,186937,832,384,448
32645,202284,15316,97248,9715,186968,832,384,448
32650,202315,15316,97258,9715,186999,832,384,448
32655,202346,15316,97272,9715,187030,832,384,448
32660,202377,15316,97286,9715,187061,832,384,448
32665,202408,15316,97304,9715,187092,832,384,448
32670,202439,15316,97316,9715,187123,832,384,448
32675,202470,15316,97327,9715,187154,832,384,448
32680,202501,15316,97348,9715,187185,833,385,448
32685,202532,15316,97359,9715,187216,834,386,448
32690,202563,15318,97375,9717,187245,835,386,449
32695,202594,15323,97397,9722,187270,836,387,449
32700,202625,15328,97413,9725,187296,836,387,449
32705,202656,15332,97431,9727,187324,836,387,449
32710,202687,15335,97450,9728,187352,836,387,449
32715,202718,15338,97462,9729,187379,836,387,449
32720,202749,15342,97473,9731,187407,836,387,449
32725,202780,15345,97489,9732,187434,836,387,449
32730,202811,15351,97506,9737,187459,836,387,449
32735,202842,15357,97520,9740,187484,836,387,449
32740,202873,15363,97536,9744,187509,836,387,449
32745,202904,15367,97552,9748,187537,836,387,449
32750,202935,15370,97567,9749,187565,836,387,449
32755,202966,15374,97585,9750,187592,836,387,449
32760,202997,15377,97604,9753,187620,836,387,449
32765,203028,15380,97619,9755,187648,836,387,449
32770,203059,15383,97634,9757,187676,836,387,449
32775,203090,15385,97644,9758,187705,836,387,449
32780,203121,15387,97655,9759,187734,836,387,449
32785,203152,15389,97668,9761,187763,836,387,449
32790,203183,15392,97684,9763,187791,836,387,449
32795,203214,15395,97700,9765,187819,836,387,449
32800,203245,15398,97716,9767,187847,837,387,450
32805,203276,15401,97732,9770,187875,838,387,451
32810,203307,15403,97743,9771,187904,839,387,452
32815,203338,15405,97758,9772,187933,839,387,452
32820,203369,15405,97773,9772,187964,839,387,452
32825,203400,15405,97783,9772,187995,839,387,452
32830,203431,15405,97796,9772,188026,839,387,452
32835,203462,15405,97812,9772,188057,839,387,452
32840,203493,15406,97829,9773,188086,839,387,452
32845,203524,15409,97839,9775,188115,839,387,452
32850,203555,15410,97853,9776,188145,839,387,452
32855,203586,15411,97871,9777,188174,839,387,452
32860,203617,15414,97882,9779,188202,839,387,452
32865,203648,15417,97902,9782,188231,839,387,452
32870,203679,15419,97921,9784,188260,839,387,452
32875,203710,15422,97937,9785,188287,839,387,452
32880,203741,15426,97952,9787,188314,839,387,452
32885,203772,15428,97964,9788,188344,839,387,452
32890,203803,15429,97978,9788,188374,839,387,452
32895,203834,15430,97993,9789,188404,839,387,452
32900,203865,15431,98011,9790,188434,839,387,452
32905,203896,15432,98023,9790,188464,839,387,452
32910,203927,15434,98037,9791,188493,839,387,452
32915,203958,15437,98049,9792,188521,840,387,453
32920,203989,15440,98063,9794,188549,841,387,454
32925,204020,15444,98076,9796,188576,842,387,455
32930,204051,15447,98086,9796,188604,843,388,455
32935,204082,15453,98105,9802,188629,844,388,456
32940,204113,15459,98126,9806,188654,845,389,456
32945,204144,15463,98143,9810,188681,845,389,456
32950,204175,15466,98161,9810,188709,845,389,456
32955,204206,15470,98180,9813,188735,845,389,456
32960,204237,15474,98198,9815,188763,845,389,456
32965,204268,15477,98213,9817,188791,845,389,456
32970,204299,15480,98228,9819,188819,845,389,456
32975,204330,15483,98242,9819,188847,845,389,456
32980,204361,15486,98256,9820,188874,845,389,456
32985,204392,15489,98271,9822,188902,845,389,456
32990,204423,15493,98290,9824,188929,845,389,456
32995,204454,15497,98305,9827,188957,845,389,456
33000,204485,15498,98321,9827,188987,845,389,456
33005,204516,15499,98335,9828,189017,845,389,456
33010,204547,15500,98347,9828,189047,845,389,456
33015,204578,15501,98363,9828,189077,845,389,456
33020,204609,15502,98374,9828,189107,845,389,456
33025,204640,15503,98389,9829,189137,845,389,456
33030,204671,15504,98397,9829,189167,845,389,456
33035,204702,15505,98412,9829,189197,845,389,456
33040,204733,15506,98427,9829,189227,845,389,456
33045,204764,15507,98441,9830,189257,845,389,456
33050,204795,15511,98456,9833,189284,846,389,457
33055,204826,15514,98476,9836,189312,847,390,457
33060,204857,15517,98494,9839,189340,848,391,457
33065,204888,15518,98509,9840,189370,848,391,457
33070,204919,15520,98522,9842,189399,848,391,457
33075,204950,15522,98537,9843,189428,848,391,457
33080,204981,15524,98551,9845,189457,848,391,457
33085,205012,15524,98567,9845,189488,848,391,457
33090,205043,15524,98585,9845,189519,848,391,457
33095,205074,15524,98601,9845,189550,848,391,457
33100,205105,15524,98615,9845,189581,848,391,457
33105,205136,15525,98628,9845,189611,848,391,457
33110,205167,15527,98642,9846,189639,848,391,457
33115,205198,15531,98654,9849,189667,848,391,457
33120,205229,15532,98667,9849,189696,848,391,457
33125,205260,15535,98687,9851,189725,848,391,457
33130,205291,15537,98702,9852,189754,848,391,457
33135,205322,15539,98715,9853,189783,848,391,457
33140,205353,15539,98732,9853,189814,848,391,457
33145,205384,15539,98746,9853,189845,848,391,457
33150,205415,15539,98762,9853,189876,848,391,457
33155,205446,15539,98772,9853,189907,848,391,457
33160,205477,15539,98785,9853,189938,848,391,457
33165,205508,15539,98803,9853,189969,848,391,457
33170,205539,15540,98825,9854,189999,848,391,457
33175,205570,15541,98839,9855,190029,849,392,457
33180,205601,15542,98855,9856,190059,850,392,458
33185,205632,15546,98871,9859,190085,850,392,458
33190,205663,15552,98888,9865,190111,850,392,458
33195,205694,15557,98906,9870,190136,850,392,458
33200,205725,15561,98923,9873,190163,850,392,458
33205,205756,15566,98938,9876,190189,850,392,458
33210,205787,15571,98949,9878,190216,850,392,458
33215,205818,15576,98966,9882,190241,850,392,458
33220,205849,15581,98981,9884,190268,850,392,458
33225,205880,15585,98996,9887,190294,850,392,458
33230,205911,15589,99018,9890,190322,850,392,458
33235,205942,15591,99030,9890,190351,850,392,458
33240,205973,15593,99044,9890,190380,850,392,458
33245,206004,15595,99057,9891,190409,850,392,458
33250,206035,15597,99073,9892,190438,850,392,458
33255,206066,15599,99088,9893,190467,850,392,458
33260,206097,15601,99102,9893,190496,850,392,458
33265,206128,15603,99116,9895,190525,850,392,458
33270,206159,15605,99136,9897,190554,850,392,458
33275,206190,15607,99147,9897,190583,850,392,458
33280,206221,15609,99162,9898,190612,850,392,458
33285,206252,15611,99178,9900,190641,851,393,458
33290,206283,15613,99190,9902,190670,852,394,458
33295,206314,15614,99204,9903,190700,853,394,459
33300,206345,15615,99216,9903,190730,853,394,459
33305,206376,15618,99233,9906,190758,853,394,459
33310,206407,15619,99248,9906,190788,853,394,459
33315,206438,15620,99263,9907,190818,853,394,459
33320,206469,15621,99279,9907,190848,853,394,459
33325,206500,15622,99293,9908,190878,853,394,459
33330,206531,15623,99308,9909,190908,853,394,459
33335,206562,15625,99324,9910,190937,853,394,459
33340,206593,15627,99340,9912,190966,853,394,459
33345,206624,15628,99355,9913,190996,853,394,459
33350,206655,15631,99372,9915,191023,853,394,459
33355,206686,15634,99385,9916,191052,853,394,459
33360,206717,15637,99403,9917,191080,853,394,459
33365,206748,15638,99414,9918,191110,853,394,459
33370,206779,15639,99427,9919,191140,853,394,459
33375,206810,15640,99442,9920,191170,853,394,459
33380,206841,15641,99456,9920,191200,853,394,459
33385,206872,15642,99473,9921,191230,853,394,459
33390,206903,15643,99486,9921,191260,853,394,459
33395,206934,15644,99501,9921,191290,853,394,459
33400,206965,15645,99519,9921,191320,854,395,459
33405,206996,15646,99532,9922,191350,855,396,459
33410,207027,15649,99544,9924,191378,856,396,460
33415,207058,15652,99563,9926,191405,857,396,461
33420,207089,15657,99583,9931,191432,858,397,461
33425,207120,15663,99596,9933,191456,858,397,461
33430,207151,15670,99614,9938,191480,858,397,461
33435,207182,15675,99631,9943,191507,858,397,461
33440,207213,15678,99646,9946,191535,858,397,461
33445,207244,15681,99658,9948,191563,858,397,461
33450,207275,15685,99674,9949,191590,858,397,461
33455,207306,15690,99691,9952,191616,858,397,461
33460,207337,15692,99709,9953,191644,858,397,461
33465,207368,15696,99725,9957,191672,858,397,461
33470,207399,15699,99737,9959,191699,858,397,461
33475,207430,15702,99748,9961,191728,858,397,461
33480,207461,15704,99768,9962,191757,858,397,461
33485,207492,15705,99786,9962,191787,858,397,461
33490,207523,15706,99802,9963,191817,858,397,461
33495,207554,15706,99818,9963,191848,858,397,461
33500,207585,15706,99830,9963,191879,858,397,461
33505,207616,15706,99841,9963,191910,858,397,461
33510,207647,15706,99855,9963,191941,858,397,461
33515,207678,15706,99868,9963,191972,858,397,461
33520,207709,15706,99885,9963,192003,858,397,461
33525,207740,15706,99902,9963,192034,859,397,462
33530,207771,15706,99913,9963,192065,860,397,463
33535,207802,15706,99928,9963,192096,861,398,463
33540,207833,15707,99944,9963,192126,862,398,464
33545,207864,15710,99960,9966,192154,862,398,464
33550,207895,15713,99975,9969,192181,862,398,464
33555,207926,15717,99993,9973,192208,862,398,464
33560,207957,15720,100013,9975,192236,862,398,464
33565,207988,15725,100028,9977,192262,862,398,464
33570,208019,15728,100037,9979,192290,862,398,464
33575,208050,15732,100053,9982,192317,862,398,464
33580,208081,15736,100071,9986,192345,862,398,464
33585,208112,15738,100089,9987,192374,862,398,464
33590,208143,15739,100102,9988,192404,862,398,464
33595,208174,15741,100116,9988,192433,862,398,464
33600,208205,15744,100130,9990,192460,862,398,464
33605,208236,15749,100145,9994,192487,862,398,464
33610,208267,15753,100157,9997,192514,862,398,464
33615,208298,15757,100173,10000,192541,862,398,464
33620,208329,15761,100188,10004,192568,862,398,464
33625,208360,15762,100202,10005,192598,862,398,464
33630,208391,15764,100215,10006,192627,862,398,464
33635,208422,15766,100231,10008,192656,862,398,464
33640,208453,15768,100246,10010,192685,862,398,464
33645,208484,15769,100262,10010,192715,863,399,464
33650,208515,15771,100277,10011,192744,864,399,465
33655,208546,15771,100290,10011,192775,865,399,466
33660,208577,15771,100304,10011,192806,866,399,467
33665,208608,15771,100321,10011,192837,867,400,467
33670,208639,15773,100338,10012,192866,867,400,467
33675,208670,15774,100353,10012,192896,867,400,467
33680,208701,15776,100367,10014,192925,867,400,467
33685,208732,15778,100382,10016,192954,867,400,467
33690,208763,15781,100403,10018,192982,867,400,467
33695,208794,15785,100419,10022,193009,867,400,467
33700,208825,15789,100436,10024,193036,867,400,467
33705,208856,15793,100453,10027,193063,867,400,467
33710,208887,15798,100469,10031,193089,867,400,467
33715,208918,15800,100483,10032,193118,867,400,467
33720,208949,15804,100500,10035,193145,867,400,467
33725,208980,15807,100512,10037,193173,867,400,467
33730,209011,15811,100526,10038,193200,867,400,467
33735,209042,15814,100544,10040,193228,867,400,467
33740,209073,15817,100560,10041,193256,867,400,467
33745,209104,15820,100577,10044,193284,867,400,467
33750,209135,15823,100592,10046,193312,867,400,467
33755,209166,15826,100608,10046,193340,867,400,467
33760,209197,15829,100620,10048,193368,867,400,467
33765,209228,15832,100634,10049,193396,867,400,467
33770,209259,15835,100648,10049,193424,867,400,467
33775,209290,15838,100667,10050,193452,867,400,467
33780,209321,15841,100681,10053,193480,867,400,467
33785,209352,15844,100698,10053,193508,867,400,467
33790,209383,15847,100714,10054,193536,867,400,467
33795,209414,15850,100728,10056,193564,867,400,467
33800,209445,15853,100741,10059,193592,867,400,467
33805,209476,15856,100762,10060,193620,867,400,467
33810,209507,15859,100777,10061,193648,867,400,467
33815,209538,15862,100793,10062,193676,867,400,467
33820,209569,15865,100808,10064,193704,867,400,467
33825,209600,15868,100827,10066,193731,867,400,467
33830,209631,15872,100840,10068,193758,867,400,467
33835,209662,15877,100850,10070,193784,867,400,467
33840,209693,15883,100862,10075,193809,867,400,467
33845,209724,15886,100880,10077,193838,867,400,467
33850,209755,15888,100892,10079,193867,867,400,467
33855,209786,15889,100906,10079,193897,867,400,467
33860,209817,15890,100921,10079,193927,867,400,467
33865,209848,15891,100942,10080,193957,867,400,467
33870,209879,15892,100960,10080,193987,867,400,467
33875,209910,15893,100971,10081,194017,867,400,467
33880,209941,15894,100983,10081,194047,867,400,467
33885,209972,15895,101001,10082,194077,867,400,467
33890,210003,15896,101017,10083,194107,867,400,467
33895,210034,15897,101030,10083,194137,867,400,467
33900,210065,15898,101045,10084,194167,867,400,467
33905,210096,15898,101066,10084,194198,867,400,467
33910,210127,15898,101086,10084,194229,867,400,467
33915,210158,15898,101102,10084,194260,867,400,467
33920,210189,15898,101124,10084,194291,867,400,467
33925,210220,15898,101140,10084,194322,867,400,467
33930,210251,15898,101158,10084,194353,867,400,467
33935,210282,15898,101171,10084,194384,867,400,467
33940,210313,15898,101188,10084,194415,867,400,467
33945,210344,15898,101204,10084,194446,867,400,467
33950,210375,15899,101219,10084,194475,868,400,468
33955,210406,15903,101232,10088,194502,869,400,469
33960,210437,15909,101248,10091,194527,870,400,470
33965,210468,15915,101262,10094,194553,870,400,470
33970,210499,15920,101273,10096,194579,870,400,470
33975,210530,15925,101290,10100,194605,870,400,470
33980,210561,15929,101303,10102,194632,870,400,470
33985,210592,15934,101318,10106,194658,870,400,470
33990,210623,15939,101332,10109,194684,870,400,470
33995,210654,15944,101346,10112,194710,870,400,470
34000,210685,15947,101363,10112,194738,870,400,470
34005,210716,15950,101375,10114,194766,870,400,470
34010,210747,15954,101392,10116,194793,870,400,470
34015,210778,15959,101407,10120,194819,870,400,470
34020,210809,15963,101426,10123,194846,870,400,470
34025,210840,15965,101445,10124,194875,870,400,470
34030,210871,15966,101456,10124,194905,870,400,470
34035,210902,15967,101471,10124,194935,870,400,470
34040,210933,15969,101486,10125,194964,870,400,470
34045,210964,15970,101505,10125,194994,870,400,470
34050,210995,15970,101519,10125,195025,870,400,470
34055,211026,15970,101535,10125,195056,870,400,470
34060,211057,15970,101544,10125,195087,870,400,470
34065,211088,15970,101556,10125,195118,870,400,470
34070,211119,15970,101572,10125,195149,870,400,470
34075,211150,15970,101588,10125,195180,870,400,470
34080,211181,15970,101608,10125,195211,870,400,470
34085,211212,15972,101625,10127,195240,871,400,471
34090,211243,15975,101640,10130,195268,872,401,471
34095,211274,15976,101655,10130,195298,873,402,471
34100,211305,15977,101668,10131,195328,874,403,471
34105,211336,15978,101684,10131,195358,875,404,471
34110,211367,15979,101694,10131,195388,876,405,471
34115,211398,15980,101710,10132,195418,877,405,472
34120,211429,15981,101724,10132,195448,878,406,472
34125,211460,15985,101735,10134,195475,879,406,473
34130,211491,15987,101752,10135,195504,880,407,473
34135,211522,15990,101763,10138,195532,881,408,473
34140,211553,15994,101781,10140,195559,881,408,473
34145,211584,15997,101797,10143,195587,881,408,473
34150,211615,16000,101813,10146,195614,881,408,473
34155,211646,16004,101824,10148,195642,881,408,473
34160,211677,16007,101839,10151,195669,881,408,473
34165,211708,16011,101852,10153,195697,881,408,473
34170,211739,16014,101863,10155,195725,881,408,473
34175,211770,16017,101880,10158,195752,881,408,473
34180,211801,16021,101892,10161,195779,881,408,473
34185,211832,16025,101905,10162,195806,881,408,473
34190,211863,16029,101916,10163,195833,881,408,473
34195,211894,16034,101931,10168,195859,881,408,473
34200,211925,16037,101942,10169,195888,881,408,473
34205,211956,16041,101956,10172,195915,881,408,473
34210,211987,16044,101967,10173,195942,881,408,473
34215,212018,16049,101983,10177,195969,881,408,473
34220,212049,16051,101998,10177,195997,881,408,473
34225,212080,16054,102009,10179,196026,881,408,473
34230,212111,16057,102024,10181,196054,881,408,473
34235,212142,16061,102038,10183,196081,881,408,473
34240,212173,16064,102054,10185,196109,881,408,473
34245,212204,16066,102064,10186,196138,881,408,473
34250,212235,16070,102077,10188,196165,882,408,474
34255,212266,16072,102092,10188,196194,883,408,475
34260,212297,16074,102106,10188,196223,884,408,476
34265,212328,16075,102120,10189,196253,884,408,476
34270,212359,16075,102138,10189,196284,884,408,476
34275,212390,16075,102154,10189,196315,884,408,476
34280,212421,16075,102173,10189,196346,884,408,476
34285,212452,16075,102186,10189,196377,884,408,476
34290,212483,16075,102201,10189,196408,884,408,476
34295,212514,16075,102221,10189,196439,884,408,476
34300,212545,16075,102238,10189,196470,884,408,476
34305,212576,16075,102254,10189,196501,884,408,476
34310,212607,16075,102269,10189,196532,884,408,476
34315,212638,16075,102282,10189,196563,884,408,476
34320,212669,16075,102295,10189,196594,884,408,476
34325,212700,16078,102311,10191,196622,884,408,476
34330,212731,16082,102325,10194,196649,884,408,476
34335,212762,16087,102345,10198,196675,884,408,476
34340,212793,16090,102359,10200,196703,884,408,476
34345,212824,16094,102376,10202,196730,884,408,476
34350,212855,16096,102388,10204,196759,884,408,476
34355,212886,16097,102398,10204,196789,884,408,476
34360,212917,16099,102414,10206,196818,884,408,476
34365,212948,16100,102428,10207,196848,884,408,476
34370,212979,16102,102442,10208,196877,884,408,476
34375,213010,16106,102463,10210,196903,885,409,476
34380,213041,16110,102479,10213,196930,885,409,476
34385,213072,16114,102495,10217,196958,885,409,476
34390,213103,16116,102515,10218,196986,885,409,476
34395,213134,16119,102529,10219,197014,885,409,476
34400,213165,16122,102544,10222,197042,885,409,476
34405,213196,16125,102559,10223,197071,885,409,476
34410,213227,16127,102569,10223,197100,885,409,476
34415,213258,16129,102588,10224,197129,885,409,476
34420,213289,16131,102604,10226,197157,885,409,476
34425,213320,16134,102619,10227,197186,885,409,476
34430,213351,16136,102632,10228,197215,885,409,476
34435,213382,16138,102648,10229,197243,885,409,476
34440,213413,16141,102665,10231,197271,885,409,476
34445,213444,16143,102680,10233,197301,885,409,476
34450,213475,16144,102698,10233,197331,885,409,476
34455,213506,16147,102712,10236,197359,885,409,476
34460,213537,16149,102730,10237,197388,885,409,476
34465,213568,16151,102749,10239,197417,885,409,476
34470,213599,16154,102766,10241,197444,885,409,476
34475,213630,16158,102782,10245,197472,885,409,476
34480,213661,16161,102798,10247,197500,885,409,476
34485,213692,16165,102811,10249,197527,885,409,476
34490,213723,16170,102834,10254,197553,886,410,476
34495,213754,16174,102847,10257,197580,887,411,476
34500,213785,16179,102862,10262,197606,887,411,476
34505,213816,16182,102877,10265,197634,887,411,476
34510,213847,16184,102889,10265,197663,887,411,476
34515,213878,16186,102902,10266,197692,887,411,476
34520,213909,16188,102913,10267,197721,887,411,476
34525,213940,16191,102933,10270,197749,887,411,476
34530,213971,16193,102950,10272,197778,887,411,476
34535,214002,16195,102962,10273,197807,887,411,476
34540,214033,16197,102977,10275,197836,887,411,476
34545,214064,16201,102990,10278,197863,887,411,476
34550,214095,16204,103006,10280,197891,887,411,476
34555,214126,16207,103022,10282,197919,887,411,476
34560,214157,16211,103040,10285,197946,887,411,476
34565,214188,16212,103054,10286,197975,887,411,476
34570,214219,16214,103072,10287,198005,887,411,476
34575,214250,16215,103083,10287,198034,887,411,476
34580,214281,16217,103097,10288,198064,887,411,476
34585,214312,16218,103113,10289,198094,887,411,476
34590,214343,16219,103133,10290,198123,887,411,476
34595,214374,16221,103152,10292,198152,887,411,476
34600,214405,16223,103170,10294,198181,887,411,476
34605,214436,16225,103188,10296,198211,887,411,476
34610,214467,16226,103202,10297,198241,887,411,476
34615,214498,16227,103215,10297,198270,887,411,476
34620,214529,16229,103231,10298,198299,887,411,476
34625,214560,16231,103250,10299,198329,887,411,476
34630,214591,16232,103268,10299,198359,887,411,476
34635,214622,16233,103277,10299,198389,887,411,476
34640,214653,16234,103288,10299,198419,887,411,476
34645,214684,16235,103304,10299,198449,887,411,476
34650,214715,16236,103322,10300,198479,887,411,476
34655,214746,16237,103342,10300,198509,887,411,476
34660,214777,16238,103359,10300,198539,887,411,476
34665,214808,16241,103377,10301,198567,887,411,476
34670,214839,16245,103393,10303,198594,887,411,476
34675,214870,16249,103405,10305,198621,887,411,476
34680,214901,16255,103422,10309,198646,887,411,476
34685,214932,16260,103441,10311,198671,887,411,476
34690,214963,16265,103455,10315,198697,887,411,476
34695,214994,16270,103465,10319,198723,887,411,476
34700,215025,16276,103480,10324,198748,887,411,476
34705,215056,16281,103498,10329,198775,887,411,476
34710,215087,16284,103509,10330,198803,887,411,476
34715,215118,16289,103530,10333,198828,887,411,476
34720,215149,16295,103545,10338,198854,887,411,476
34725,215180,16299,103561,10342,198880,887,411,476
34730,215211,16304,103578,10346,198905,887,411,476
34735,215242,16309,103591,10350,198933,887,411,476
34740,215273,16312,103604,10352,198960,887,411,476
34745,215304,16313,103617,10353,198991,887,411,476
34750,215335,16313,103632,10353,199022,887,411,476
34755,215366,16313,103647,10353,199053,887,411,476
34760,215397,16313,103664,10353,199084,887,411,476
34765,215428,16313,103679,10353,199115,887,411,476
34770,215459,16313,103689,10353,199146,887,411,476
34775,215490,16313,103704,10353,199177,887,411,476
34780,215521,16313,103720,10353,199208,887,411,476
34785,215552,16314,103731,10354,199238,887,411,476
34790,215583,16316,103750,10356,199267,887,411,476
34795,215614,16318,103767,10357,199295,887,411,476
34800,215645,16321,103779,10360,199324,887,411,476
34805,215676,16324,103793,10362,199352,887,411,476
34810,215707,16327,103809,10363,199380,887,411,476
34815,215738,16330,103827,10364,199408,887,411,476
34820,215769,16333,103844,10366,199436,887,411,476
34825,215800,16336,103856,10367,199464,887,411,476
34830,215831,16339,103867,10367,199492,887,411,476
34835,215862,16343,103882,10369,199519,887,411,476
34840,215893,16347,103897,10371,199546,887,411,476
34845,215924,16351,103913,10375,199573,887,411,476
34850,215955,16355,103929,10377,199599,887,411,476
34855,215986,16360,103945,10381,199625,887,411,476
34860,216017,16365,103960,10385,199651,887,411,476
34865,216048,16369,103978,10389,199679,887,411,476
34870,216079,16372,103993,10389,199707,887,411,476
34875,216110,16375,104014,10390,199735,887,411,476
34880,216141,16378,104026,10390,199763,887,411,476
34885,216172,16381,104043,10393,199791,887,411,476
34890,216203,16384,104060,10394,199819,887,411,476
34895,216234,16387,104074,10397,199847,887,411,476
34900,216265,16390,104094,10399,199875,887,411,476
34905,216296,16393,104107,10401,199903,887,411,476
34910,216327,16398,104125,10404,199928,887,411,476
34915,216358,16405,104143,10410,199952,887,411,476
34920,216389,16411,104155,10414,199977,887,411,476
34925,216420,16415,104176,10417,200005,887,411,476
34930,216451,16418,104188,10418,200033,887,411,476
34935,216482,16420,104205,10420,200062,887,411,476
34940,216513,16423,104221,10423,200089,887,411,476
34945,216544,16426,104240,10426,200117,887,411,476
34950,216575,16429,104253,10428,200145,887,411,476
34955,216606,16432,104264,10429,200174,887,411,476
34960,216637,16433,104281,10430,200204,887,411,476
34965,216668,16434,104291,10430,200234,887,411,476
34970,216699,16436,104309,10431,200263,887,411,476
34975,216730,16437,104325,10432,200292,887,411,476
34980,216761,16439,104342,10433,200321,887,411,476
34985,216792,16440,104357,10434,200352,887,411,476
34990,216823,16440,104369,10434,200383,887,411,476
34995,216854,16440,104385,10434,200414,887,411,476
35000,216885,16440,104398,10434,200445,887,411,476
35005,216916,16440,104413,10434,200476,887,411,476
35010,216947,16440,104429,10434,200507,887,411,476
35015,216978,16440,104439,10434,200538,887,411,476
35020,217009,16440,104456,10434,200569,887,411,476
35025,217040,16441,104470,10434,200598,887,411,476
35030,217071,16444,104484,10437,200626,887,411,476
35035,217102,16446,104495,10438,200656,887,411,476
35040,217133,16449,104508,10441,200683,887,411,476
35045,217164,16454,104527,10445,200710,887,411,476
35050,217195,16458,104542,10449,200737,887,411,476
35055,217226,16461,104559,10450,200765,887,411,476
35060,217257,16465,104575,10452,200792,887,411,476
35065,217288,16469,104592,10455,200819,887,411,476
35070,217319,16473,104604,10456,200846,887,411,476
35075,217350,16477,104621,10459,200873,887,411,476
35080,217381,16481,104636,10462,200899,887,411,476
35085,217412,16486,104648,10464,200926,887,411,476
35090,217443,16490,104665,10465,200952,887,411,476
35095,217474,16495,104676,10468,200979,887,411,476
35100,217505,16499,104691,10468,201006,887,411,476
35105,217536,16503,104704,10469,201033,887,411,476
35110,217567,16507,104718,10471,201060,887,411,476
35115,217598,16511,104731,10472,201087,887,411,476
35120,217629,16515,104748,10474,201114,887,411,476
35125,217660,16519,104767,10476,201141,887,411,476
35130,217691,16523,104785,10477,201168,887,411,476
35135,217722,16527,104800,10479,201195,887,411,476
35140,217753,16531,104815,10480,201222,887,411,476
35145,217784,16537,104825,10483,201246,887,411,476
35150,217815,16544,104832,10488,201271,887,411,476
35155,217846,16552,104848,10494,201293,887,411,476
35160,217877,16556,104868,10498,201321,888,411,477
35165,217908,16558,104883,10500,201350,888,411,477
35170,217939,16559,104895,10500,201380,888,411,477
35175,217970,16561,104914,10501,201409,888,411,477
35180,218001,16563,104935,10503,201438,888,411,477
35185,218032,16564,104947,10504,201468,888,411,477
35190,218063,16565,104963,10504,201498,888,411,477
35195,218094,16566,104978,10504,201528,888,411,477
35200,218125,16567,104996,10505,201558,888,411,477
35205,218156,16569,105014,10506,201587,888,411,477
35210,218187,16572,105033,10508,201615,888,411,477
35215,218218,16575,105050,10511,201642,888,411,477
35220,218249,16578,105063,10514,201671,888,411,477
35225,218280,16578,105076,10514,201702,888,411,477
35230,218311,16578,105090,10514,201733,888,411,477
35235,218342,16578,105109,10514,201764,888,411,477
35240,218373,16578,105128,10514,201795,888,411,477
35245,218404,16578,105139,10514,201826,888,411,477
35250,218435,16578,105153,10514,201857,888,411,477
35255,218466,16578,105167,10514,201888,888,411,477
35260,218497,16579,105182,10515,201918,888,411,477
35265,218528,16581,105199,10516,201947,888,411,477
35270,218559,16585,105217,10519,201974,888,411,477
35275,218590,16590,105230,10521,202000,889,412,477
35280,218621,16595,105246,10524,202026,890,413,477
35285,218652,16597,105259,10525,202055,890,413,477
35290,218683,16600,105271,10527,202083,890,413,477
35295,218714,16602,105282,10528,202112,890,413,477
35300,218745,16604,105293,10528,202141,890,413,477
35305,218776,16607,105307,10530,202169,890,413,477
35310,218807,16610,105322,10533,202197,890,413,477
35315,218838,16613,105338,10535,202225,890,413,477
35320,218869,16615,105349,10535,202254,890,413,477
35325,218900,16618,105365,10538,202282,890,413,477
35330,218931,16621,105383,10541,202309,890,413,477
35335,218962,16627,105401,10545,202334,890,413,477
35340,218993,16632,105417,10548,202360,890,413,477
35345,219024,16635,105433,10550,202389,890,413,477
35350,219055,16636,105449,10550,202419,890,413,477
35355,219086,16637,105462,10550,202449,890,413,477
35360,219117,16638,105480,10551,202479,890,413,477
35365,219148,16639,105494,10552,202509,890,413,477
35370,219179,16640,105510,10552,202539,890,413,477
35375,219210,16641,105524,10553,202569,890,413,477
35380,219241,16642,105536,10554,202599,890,413,477
35385,219272,16644,105552,10555,202628,890,413,477
35390,219303,16647,105569,10558,202655,890,413,477
35395,219334,16650,105582,10561,202683,891,413,478
35400,219365,16652,105599,10563,202713,892,413,479
35405,219396,16656,105620,10566,202739,892,413,479
35410,219427,16660,105632,10570,202767,892,413,479
35415,219458,16663,105644,10572,202795,892,413,479
35420,219489,16664,105659,10573,202825,892,413,479
35425,219520,16665,105678,10573,202855,892,413,479
35430,219551,16666,105696,10573,202885,892,413,479
35435,219582,16667,105708,10573,202915,892,413,479
35440,219613,16669,105724,10574,202944,892,413,479
35445,219644,16670,105741,10574,202974,892,413,479
35450,219675,16673,105750,10575,203002,892,413,479
35455,219706,16675,105765,10576,203031,892,413,479
35460,219737,16676,105775,10577,203061,892,413,479
35465,219768,16678,105787,10578,203090,892,413,479
35470,219799,16682,105807,10581,203117,892,413,479
35475,219830,16686,105827,10585,203144,892,413,479
35480,219861,16690,105842,10587,203171,892,413,479
35485,219892,16694,105855,10590,203198,892,413,479
35490,219923,16697,105868,10593,203226,892,413,479
35495,219954,16700,105886,10596,203254,892,413,479
35500,219985,16701,105901,10597,203284,892,413,479
35505,220016,16702,105912,10598,203314,893,414,479
35510,220047,16704,105923,10599,203343,894,414,480
35515,220078,16707,105939,10602,203371,895,414,481
35520,220109,16709,105954,10603,203400,896,414,482
35525,220140,16713,105971,10607,203427,896,414,482
35530,220171,16716,105984,10607,203455,896,414,482
35535,220202,16720,106000,10610,203480,896,414,482
35540,220233,16724,106016,10613,203509,896,414,482
35545,220264,16726,106032,10614,203538,896,414,482
35550,220295,16728,106049,10615,203567,896,414,482
35555,220326,16730,106062,10616,203595,896,414,482
35560,220357,16733,106081,10618,203624,896,414,482
35565,220388,16735,106096,10618,203653,896,414,482
35570,220419,16737,106113,10620,203682,896,414,482
35575,220450,16741,106129,10622,203709,896,414,482
35580,220481,16744,106145,10624,203737,896,414,482
35585,220512,16747,106163,10627,203765,896,414,482
35590,220543,16749,106178,10628,203794,896,414,482
35595,220574,16751,106191,10630,203823,896,414,482
35600,220605,16753,106205,10632,203852,896,414,482
35605,220636,16755,106221,10633,203881,896,414,482
35610,220667,16757,106233,10635,203910,896,414,482
35615,220698,16758,106246,10635,203940,896,414,482
35620,220729,16760,106259,10637,203969,896,414,482
35625,220760,16761,106276,10638,203999,896,414,482
35630,220791,16762,106293,10638,204029,896,414,482
35635,220822,16762,106304,10638,204060,897,414,483
35640,220853,16763,106317,10638,204090,898,414,484
35645,220884,16766,106334,10640,204118,898,414,484
35650,220915,16769,106351,10643,204146,898,414,484
35655,220946,16771,106363,10644,204175,898,414,484
35660,220977,16773,106377,10644,204204,898,414,484
35665,221008,16776,106393,10646,204232,898,414,484
35670,221039,16778,106410,10646,204261,898,414,484
35675,221070,16780,106422,10646,204290,898,414,484
35680,221101,16782,106441,10648,204319,898,414,484
35685,221132,16785,106461,10650,204347,898,414,484
35690,221163,16789,106476,10651,204374,898,414,484
35695,221194,16794,106490,10654,204399,898,414,484
35700,221225,16799,106510,10658,204425,898,414,484
35705,221256,16803,106526,10660,204453,898,414,484
35710,221287,16806,106544,10662,204481,898,414,484
35715,221318,16810,106561,10666,204508,898,414,484
35720,221349,16812,106578,10666,204536,898,414,484
35725,221380,16816,106592,10668,204564,898,414,484
35730,221411,16818,106603,10668,204592,898,414,484
35735,221442,16821,106621,10671,204620,898,414,484
35740,221473,16825,106637,10675,204648,898,414,484
35745,221504,16827,106651,10677,204677,898,414,484
35750,221535,16830,106669,10679,204704,899,414,485
35755,221566,16833,106682,10680,204732,900,414,486
35760,221597,16837,106697,10684,204760,901,414,487
35765,221628,16840,106711,10686,204788,901,414,487
35770,221659,16843,106728,10688,204816,901,414,487
35775,221690,16845,106744,10690,204845,901,414,487
35780,221721,16847,106758,10690,204874,901,414,487
35785,221752,16849,106773,10691,204903,901,414,487
35790,221783,16851,106789,10692,204932,901,414,487
35795,221814,16853,106807,10693,204961,901,414,487
35800,221845,16855,106818,10693,204990,901,414,487
35805,221876,16858,106830,10695,205018,901,414,487
35810,221907,16861,106843,10695,205045,901,414,487
35815,221938,16864,106858,10698,205074,901,414,487
35820,221969,16866,106872,10699,205102,901,414,487
35825,222000,16869,106883,10700,205131,901,414,487
35830,222031,16871,106898,10700,205160,901,414,487
35835,222062,16873,106911,10700,205189,901,414,487
35840,222093,16875,106923,10701,205218,901,414,487
35845,222124,16877,106935,10701,205247,901,414,487
35850,222155,16879,106951,10701,205276,901,414,487
35855,222186,16881,106968,10702,205305,901,414,487
35860,222217,16883,106984,10702,205334,901,414,487
35865,222248,16885,107000,10703,205363,901,414,487
35870,222279,16887,107017,10704,205392,902,415,487
35875,222310,16892,107030,10706,205418,903,415,488
35880,222341,16897,107045,10710,205444,903,415,488
35885,222372,16900,107066,10713,205472,903,415,488
35890,222403,16903,107079,10715,205500,903,415,488
35895,222434,16905,107091,10716,205528,903,415,488
35900,222465,16908,107107,10719,205556,903,415,488
35905,222496,16912,107119,10721,205583,903,415,488
35910,222527,16915,107137,10724,205612,903,415,488
35915,222558,16915,107152,10724,205643,903,415,488
35920,222589,16915,107167,10724,205674,903,415,488
35925,222620,16915,107183,10724,205705,903,415,488
35930,222651,16915,107200,10724,205736,903,415,488
35935,222682,16915,107215,10724,205767,903,415,488
35940,222713,16915,107231,10724,205798,903,415,488
35945,222744,16915,107248,10724,205829,903,415,488
35950,222775,16915,107265,10724,205860,903,415,488
35955,222806,16915,107281,10724,205891,903,415,488
35960,222837,16915,107293,10724,205922,903,415,488
35965,222868,16915,107306,10724,205953,903,415,488
35970,222899,16915,107316,10724,205984,903,415,488
35975,222930,16915,107330,10724,206015,903,415,488
35980,222961,16915,107343,10724,206046,904,415,489
35985,222992,16915,107357,10724,206077,905,415,490
35990,223023,16916,107373,10725,206107,906,416,490
35995,223054,16918,107389,10727,206136,906,416,490
36000,223085,16922,107406,10729,206163,906,416,490
36005,223116,16927,107427,10732,206189,906,416,490
36010,223147,16930,107440,10734,206217,906,416,490
36015,223178,16935,107453,10737,206242,906,416,490
36020,223209,16940,107470,10742,206269,906,416,490
36025,223240,16943,107485,10742,206297,906,416,490
36030,223271,16947,107500,10745,206324,906,416,490
36035,223302,16951,107512,10748,206350,906,416,490
36040,223333,16956,107525,10751,206376,906,416,490
36045,223364,16962,107543,10757,206401,906,416,490
36050,223395,16965,107561,10759,206429,906,416,490
36055,223426,16968,107577,10760,206458,906,416,490
36060,223457,16970,107589,10761,206486,906,416,490
36065,223488,16973,107603,10762,206515,906,416,490
36070,223519,16975,107614,10763,206544,906,416,490
36075,223550,16976,107627,10763,206573,906,416,490
36080,223581,16978,107636,10764,206602,906,416,490
36085,223612,16980,107655,10766,206632,906,416,490
36090,223643,16981,107670,10767,206662,906,416,490
36095,223674,16983,107682,10768,206691,906,416,490
36100,223705,16984,107701,10768,206721,907,417,490
36105,223736,16986,107719,10770,206749,908,418,490
36110,223767,16988,107731,10771,206778,909,418,491
36115,223798,16990,107748,10772,206808,909,418,491
36120,223829,16991,107763,10773,206838,909,418,491
36125,223860,16993,107779,10773,206866,909,418,491
36130,223891,16996,107790,10774,206895,909,418,491
36135,223922,17000,107807,10777,206922,909,418,491
36140,223953,17003,107817,10778,206950,909,418,491
36145,223984,17006,107831,10779,206978,909,418,491
36150,224015,17008,107852,10780,207007,909,418,491
36155,224046,17011,107867,10782,207035,909,418,491
36160,224077,17015,107883,10785,207062,909,418,491
36165,224108,17019,107896,10786,207088,909,418,491
36170,224139,17023,107907,10789,207115,909,418,491
36175,224170,17027,107921,10791,207143,909,418,491
36180,224201,17029,107936,10791,207171,909,418,491
36185,224232,17033,107948,10794,207199,909,418,491
36190,224263,17035,107959,10794,207228,909,418,491
36195,224294,17039,107975,10797,207255,909,418,491
36200,224325,17042,107991,10800,207283,909,418,491
36205,224356,17045,108008,10802,207311,909,418,491
36210,224387,17048,108021,10805,207339,909,418,491
36215,224418,17051,108033,10806,207367,909,418,491
36220,224449,17052,108047,10807,207397,910,419,491
36225,224480,17054,108063,10808,207426,911,419,492
36230,224511,17055,108074,10808,207456,912,419,493
36235,224542,17057,108090,10810,207485,912,419,493
36240,224573,17059,108104,10811,207514,912,419,493
36245,224604,17059,108122,10811,207545,912,419,493
36250,224635,17059,108137,10811,207576,912,419,493
36255,224666,17059,108149,10811,207607,912,419,493
36260,224697,17059,108166,10811,207638,912,419,493
36265,224728,17059,108179,10811,207669,912,419,493
36270,224759,17059,108190,10811,207700,912,419,493
36275,224790,17059,108205,10811,207731,912,419,493
36280,224821,17060,108222,10812,207761,912,419,493
36285,224852,17061,108233,10813,207791,912,419,493
36290,224883,17063,108245,10815,207820,912,419,493
36295,224914,17065,108262,10817,207849,912,419,493
36300,224945,17067,108276,10818,207878,912,419,493
36305,224976,17070,108291,10818,207906,912,419,493
36310,225007,17074,108306,10820,207933,912,419,493
36315,225038,17076,108325,10821,207962,912,419,493
36320,225069,17078,108342,10822,207991,912,419,493
36325,225100,17080,108359,10824,208020,912,419,493
36330,225131,17082,108377,10825,208048,912,419,493
36335,225162,17086,108387,10827,208075,912,419,493
36340,225193,17090,108402,10829,208103,912,419,493
36345,225224,17093,108414,10832,208129,912,419,493
36350,225255,17098,108428,10835,208156,912,419,493
36355,225286,17101,108446,10837,208184,912,419,493
36360,225317,17104,108456,10838,208213,912,419,493
36365,225348,17105,108472,10839,208243,912,419,493
36370,225379,17106,108490,10840,208273,912,419,493
36375,225410,17107,108501,10841,208303,912,419,493
36380,225441,17108,108519,10842,208333,912,419,493
36385,225472,17109,108529,10842,208363,912,419,493
36390,225503,17110,108542,10843,208393,912,419,493
36395,225534,17111,108554,10843,208423,912,419,493
36400,225565,17112,108567,10843,208453,912,419,493
36405,225596,17114,108582,10845,208481,912,419,493
36410,225627,17118,108602,10849,208509,912,419,493
36415,225658,17123,108621,10852,208534,912,419,493
36420,225689,17127,108633,10855,208561,912,419,493
36425,225720,17133,108654,10861,208587,912,419,493
36430,225751,17135,108674,10863,208616,912,419,493
36435,225782,17135,108687,10863,208647,912,419,493
36440,225813,17135,108704,10863,208678,912,419,493
36445,225844,17135,108718,10863,208709,912,419,493
36450,225875,17135,108730,10863,208740,912,419,493
36455,225906,17135,108744,10863,208771,912,419,493
36460,225937,17135,108761,10863,208802,912,419,493
36465,225968,17135,108774,10863,208833,912,419,493
36470,225999,17135,108790,10863,208864,912,419,493
36475,226030,17135,108807,10863,208895,912,419,493
36480,226061,17135,108821,10863,208926,912,419,493
36485,226092,17137,108836,10864,208953,912,419,493
36490,226123,17142,108853,10867,208979,912,419,493
36495,226154,17146,108869,10870,209007,912,419,493
36500,226185,17150,108884,10873,209035,912,419,493
36505,226216,17153,108901,10876,209063,912,419,493
36510,226247,17155,108921,10877,209092,912,419,493
36515,226278,17158,108935,10879,209120,912,419,493
36520,226309,17160,108954,10880,209149,912,419,493
36525,226340,17161,108969,10881,209179,912,419,493
36530,226371,17164,108987,10883,209207,912,419,493
36535,226402,17166,109001,10884,209236,912,419,493
36540,226433,17168,109012,10884,209265,912,419,493
36545,226464,17173,109033,10889,209291,912,419,493
36550,226495,17175,109046,10891,209320,912,419,493
36555,226526,17178,109065,10893,209347,912,419,493
36560,226557,17180,109082,10895,209376,912,419,493
36565,226588,17182,109094,10897,209405,912,419,493
36570,226619,17184,109112,10898,209434,912,419,493
36575,226650,17186,109128,10900,209463,912,419,493
36580,226681,17188,109146,10901,209492,912,419,493
36585,226712,17191,109162,10903,209521,912,419,493
36590,226743,17193,109180,10904,209550,912,419,493
36595,226774,17194,109196,10904,209579,912,419,493
36600,226805,17196,109212,10906,209609,912,419,493
36605,226836,17197,109227,10906,209639,912,419,493
36610,226867,17198,109236,10907,209669,912,419,493
36615,226898,17199,109242,10907,209699,912,419,493
36620,226929,17201,109261,10908,209728,912,419,493
36625,226960,17203,109273,10910,209757,912,419,493
36630,226991,17205,109290,10911,209786,912,419,493
36635,227022,17207,109305,10912,209815,912,419,493
36640,227053,17208,109321,10912,209845,912,419,493
36645,227084,17210,109331,10912,209874,912,419,493
36650,227115,17212,109346,10912,209903,912,419,493
36655,227146,17215,109368,10914,209931,912,419,493
36660,227177,17219,109386,10917,209958,912,419,493
36665,227208,17222,109403,10920,209986,912,419,493
36670,227239,17224,109414,10921,210015,912,419,493
36675,227270,17226,109430,10922,210044,912,419,493
36680,227301,17228,109444,10923,210073,912,419,493
36685,227332,17231,109460,10925,210101,912,419,493
36690,227363,17233,109472,10926,210130,912,419,493
36695,227394,17236,109486,10929,210158,912,419,493
36700,227425,17238,109495,10929,210187,912,419,493
36705,227456,17240,109514,10930,210216,912,419,493
36710,227487,17243,109526,10932,210243,912,419,493
36715,227518,17249,109540,10936,210268,912,419,493
36720,227549,17254,109559,10941,210294,912,419,493
36725,227580,17257,109577,10944,210323,912,419,493
36730,227611,17259,109592,10946,210351,912,419,493
36735,227642,17262,109601,10948,210380,912,419,493
36740,227673,17264,109619,10948,210408,912,419,493
36745,227704,17267,109632,10949,210437,912,419,493
36750,227735,17268,109646,10950,210467,912,419,493
36755,227766,17269,109661,10950,210497,912,419,493
36760,227797,17270,109676,10951,210527,912,419,493
36765,227828,17271,109688,10952,210557,912,419,493
36770,227859,17273,109708,10954,210585,912,419,493
36775,227890,17276,109722,10957,210614,912,419,493
36780,227921,17278,109735,10959,210643,912,419,493
36785,227952,17281,109750,10961,210671,912,419,493
36790,227983,17284,109763,10962,210698,912,419,493
36795,228014,17288,109778,10965,210726,912,419,493
36800,228045,17292,109792,10966,210753,912,419,493
36805,228076,17296,109808,10969,210779,912,419,493
36810,228107,17302,109824,10973,210804,912,419,493
36815,228138,17307,109841,10977,210830,912,419,493
36820,228169,17312,109856,10981,210857,912,419,493
36825,228200,17316,109875,10985,210883,912,419,493
36830,228231,17319,109888,10986,210911,912,419,493
36835,228262,17322,109900,10988,210940,912,419,493
36840,228293,17323,109916,10988,210970,912,419,493
36845,228324,17324,109931,10988,211000,912,419,493
36850,228355,17325,109944,10989,211030,912,419,493
36855,228386,17326,109957,10989,211060,912,419,493
36860,228417,17327,109976,10989,211090,912,419,493
36865,228448,17328,109993,10990,211120,912,419,493
36870,228479,17329,110006,10990,211150,912,419,493
36875,228510,17330,110024,10991,211180,912,419,493
36880,228541,17332,110036,10992,211209,912,419,493
36885,228572,17334,110055,10994,211238,912,419,493
36890,228603,17336,110065,10995,211267,912,419,493
36895,228634,17338,110078,10995,211296,912,419,493
36900,228665,17340,110088,10996,211325,912,419,493
36905,228696,17342,110099,10998,211354,912,419,493
36910,228727,17344,110114,11000,211383,912,419,493
36915,228758,17346,110131,11001,211412,912,419,493
36920,228789,17347,110143,11002,211442,912,419,493
36925,228820,17348,110155,11002,211472,912,419,493
36930,228851,17351,110166,11003,211500,912,419,493
36935,228882,17355,110179,11005,211527,912,419,493
36940,228913,17359,110194,11007,211554,912,419,493
36945,228944,17364,110209,11011,211580,912,419,493
36950,228975,17368,110221,11014,211606,912,419,493
36955,229006,17372,110235,11016,211633,912,419,493
36960,229037,17380,110251,11022,211657,912,419,493
36965,229068,17384,110266,11024,211683,912,419,493
36970,229099,17388,110281,11027,211711,913,420,493
36975,229130,17390,110293,11028,211740,914,421,493
36980,229161,17392,110310,11030,211769,915,422,493
36985,229192,17394,110324,11030,211797,916,423,493
36990,229223,17397,110341,11032,211825,917,424,493
36995,229254,17400,110355,11034,211854,918,424,494
37000,229285,17402,110368,11034,211883,919,424,495
37005,229316,17404,110387,11035,211912,920,425,495
37010,229347,17406,110403,11037,211941,921,426,495
37015,229378,17408,110417,11037,211969,921,426,495
37020,229409,17411,110435,11039,211998,921,426,495
37025,229440,17413,110448,11040,212027,921,426,495
37030,229471,17415,110459,11041,212056,921,426,495
37035,229502,17417,110478,11042,212085,921,426,495
37040,229533,17419,110493,11043,212114,921,426,495
37045,229564,17421,110507,11044,212143,921,426,495
37050,229595,17423,110517,11045,212172,921,426,495
37055,229626,17425,110535,11047,212201,921,426,495
37060,229657,17427,110549,11049,212230,921,426,495
37065,229688,17430,110565,11052,212258,921,426,495
37070,229719,17433,110583,11054,212285,921,426,495
37075,229750,17438,110596,11057,212312,921,426,495
37080,229781,17443,110611,11061,212337,921,426,495
37085,229812,17447,110625,11064,212365,922,427,495
37090,229843,17448,110641,11065,212395,922,427,495
37095,229874,17450,110656,11066,212424,922,427,495
37100,229905,17452,110673,11068,212453,922,427,495
37105,229936,17454,110685,11069,212482,922,427,495
37110,229967,17456,110696,11071,212511,922,427,495
37115,229998,17457,110710,11072,212541,922,427,495
37120,230029,17458,110727,11072,212571,922,427,495
37125,230060,17459,110743,11072,212601,922,427,495
37130,230091,17461,110761,11074,212630,922,427,495
37135,230122,17462,110776,11074,212660,922,427,495
37140,230153,17462,110789,11074,212691,922,427,495
37145,230184,17462,110805,11074,212722,922,427,495
37150,230215,17462,110817,11074,212753,922,427,495
37155,230246,17462,110832,11074,212784,922,427,495
37160,230277,17462,110848,11074,212815,922,427,495
37165,230308,17462,110864,11074,212846,922,427,495
37170,230339,17462,110883,11074,212877,922,427,495
37175,230370,17462,110897,11074,212908,922,427,495
37180,230401,17462,110913,11074,212939,922,427,495
37185,230432,17462,110926,11074,212970,922,427,495
37190,230463,17466,110941,11075,212996,923,427,496
37195,230494,17472,110959,11079,213021,924,428,496
37200,230525,17477,110971,11081,213048,925,429,496
37205,230556,17480,110986,11083,213076,925,429,496
37210,230587,17486,111005,11089,213100,925,429,496
37215,230618,17490,111016,11093,213127,925,429,496
37220,230649,17496,111029,11097,213153,925,429,496
37225,230680,17501,111045,11101,213178,925,429,496
37230,230711,17506,111055,11104,213205,925,429,496
37235,230742,17511,111071,11107,213230,925,429,496
37240,230773,17515,111085,11109,213257,925,429,496
37245,230804,17518,111099,11111,213285,925,429,496
37250,230835,17523,111114,11115,213312,925,429,496
37255,230866,17526,111128,11117,213339,925,429,496
37260,230897,17529,111142,11120,213367,925,429,496
37265,230928,17530,111164,11121,213398,925,429,496
37270,230959,17530,111181,11121,213429,925,429,496
37275,230990,17530,111198,11121,213460,925,429,496
37280,231021,17530,111211,11121,213491,925,429,496
37285,231052,17530,111229,11121,213522,925,429,496
37290,231083,17530,111237,11121,213553,925,429,496
37295,231114,17530,111251,11121,213584,925,429,496
37300,231145,17530,111268,11121,213615,925,429,496
37305,231176,17531,111281,11122,213644,925,429,496
37310,231207,17533,111296,11124,213674,926,430,496
37315,231238,17534,111309,11125,213703,927,430,497
37320,231269,17536,111325,11126,213733,928,430,498
37325,231300,17540,111341,11128,213759,928,430,498
37330,231331,17545,111354,11132,213785,928,430,498
37335,231362,17549,111367,11134,213813,928,430,498
37340,231393,17553,111386,11137,213839,928,430,498
37345,231424,17557,111401,11140,213867,928,430,498
37350,231455,17560,111415,11141,213894,928,430,498
37355,231486,17565,111434,11145,213921,928,430,498
37360,231517,17568,111447,11146,213949,928,430,498
37365,231548,17572,111462,11149,213976,928,430,498
37370,231579,17576,111470,11149,214003,928,430,498
37375,231610,17581,111479,11151,214028,928,430,498
37380,231641,17586,111493,11153,214055,928,430,498
37385,231672,17587,111505,11153,214085,928,430,498
37390,231703,17588,111526,11154,214115,928,430,498
37395,231734,17589,111538,11155,214145,928,430,498
37400,231765,17590,111556,11156,214175,928,430,498
37405,231796,17591,111570,11156,214205,928,430,498
37410,231827,17592,111584,11157,214235,928,430,498
37415,231858,17593,111600,11158,214265,928,430,498
37420,231889,17594,111616,11158,214295,928,430,498
37425,231920,17596,111633,11160,214324,929,431,498
37430,231951,17598,111647,11161,214353,930,431,499
37435,231982,17601,111663,11163,214381,931,431,500
37440,232013,17602,111682,11163,214411,931,431,500
37445,232044,17608,111697,11167,214436,931,431,500
37450,232075,17612,111710,11170,214463,931,431,500
37455,232106,17614,111724,11172,214492,931,431,500
37460,232137,17614,111742,11172,214523,931,431,500
37465,232168,17614,111760,11172,214554,931,431,500
37470,232199,17614,111777,11172,214585,931,431,500
37475,232230,17614,111789,11172,214616,931,431,500
37480,232261,17614,111804,11172,214647,931,431,500
37485,232292,17614,111819,11172,214677,931,431,500
37490,232323,17616,111837,11173,214707,931,431,500
37495,232354,17617,111850,11173,214737,931,431,500
37500,232385,17618,111864,11174,214767,931,431,500
37505,232416,17619,111879,11175,214797,931,431,500
37510,232447,17620,111888,11176,214827,931,431,500
37515,232478,17621,111897,11176,214857,931,431,500
37520,232509,17622,111911,11176,214887,931,431,500
37525,232540,17624,111929,11177,214916,931,431,500
37530,232571,17626,111949,11179,214945,931,431,500
37535,232602,17627,111961,11179,214975,931,431,500
37540,232633,17629,111976,11181,215004,932,432,500
37545,232664,17631,111996,11182,215033,933,433,500
37550,232695,17633,112011,11184,215062,934,434,500
37555,232726,17638,112027,11187,215087,935,434,501
37560,232757,17645,112039,11192,215112,936,434,502
37565,232788,17649,112056,11195,215138,936,434,502
37570,232819,17654,112067,11198,215165,936,434,502
37575,232850,17660,112088,11203,215190,936,434,502
37580,232881,17666,112105,11208,215214,936,434,502
37585,232912,17671,112117,11210,215240,936,434,502
37590,232943,17676,112129,11213,215267,936,434,502
37595,232974,17680,112143,11214,215293,936,434,502
37600,233005,17684,112157,11218,215321,936,434,502
37605,233036,17687,112168,11220,215348,936,434,502
37610,233067,17690,112183,11222,215377,936,434,502
37615,233098,17691,112194,11223,215407,936,434,502
37620,233129,17692,112210,11224,215437,936,434,502
37625,233160,17692,112222,11224,215468,936,434,502
37630,233191,17692,112238,11224,215499,936,434,502
37635,233222,17692,112249,11224,215530,936,434,502
37640,233253,17692,112265,11224,215561,936,434,502
37645,233284,17692,112280,11224,215592,936,434,502
37650,233315,17692,112290,11224,215623,936,434,502
37655,233346,17692,112305,11224,215654,936,434,502
37660,233377,17692,112321,11224,215685,936,434,502
37665,233408,17692,112335,11224,215716,936,434,502
37670,233439,17692,112349,11224,215747,937,434,503
37675,233470,17692,112363,11224,215778,938,434,504
37680,233501,17692,112374,11224,215809,939,435,504
37685,233532,17696,112387,11228,215836,940,436,504
37690,233563,17699,112401,11229,215864,940,436,504
37695,233594,17701,112414,11230,215893,940,436,504
37700,233625,17703,112428,11232,215922,940,436,504
37705,233656,17706,112438,11235,215950,940,436,504
37710,233687,17709,112451,11237,215978,940,436,504
37715,233718,17712,112463,11238,216005,940,436,504
37720,233749,17716,112477,11240,216032,940,436,504
37725,233780,17720,112492,11244,216060,940,436,504
37730,233811,17724,112511,11248,216087,940,436,504
37735,233842,17728,112523,11250,216113,940,436,504
37740,233873,17733,112538,11252,216140,940,436,504
37745,233904,17738,112560,11257,216165,940,436,504
37750,233935,17743,112572,11262,216191,940,436,504
37755,233966,17748,112589,11267,216218,940,436,504
37760,233997,17752,112602,11268,216245,940,436,504
37765,234028,17757,112619,11271,216271,940,436,504
37770,234059,17761,112636,11272,216297,940,436,504
37775,234090,17766,112649,11275,216323,940,436,504
37780,234121,17770,112662,11278,216350,940,436,504
37785,234152,17776,112678,11283,216376,940,436,504
37790,234183,17777,112699,11284,216406,940,436,504
37795,234214,17779,112716,11286,216435,941,436,505
37800,234245,17780,112730,11286,216465,942,436,506
37805,234276,17783,112743,11287,216493,942,436,506
37810,234307,17786,112756,11290,216521,942,436,506
37815,234338,17789,112772,11291,216549,942,436,506
37820,234369,17791,112784,11292,216578,942,436,506
37825,234400,17794,112795,11295,216606,942,436,506
37830,234431,17797,112807,11298,216634,942,436,506
37835,234462,17799,112817,11299,216663,942,436,506
37840,234493,17800,112835,11300,216693,942,436,506
37845,234524,17802,112843,11301,216721,942,436,506
37850,234555,17804,112855,11302,216750,942,436,506
37855,234586,17806,112872,11304,216780,942,436,506
37860,234617,17806,112883,11304,216811,942,436,506
37865,234648,17808,112900,11306,216840,942,436,506
37870,234679,17810,112914,11308,216869,942,436,506
37875,234710,17811,112930,11309,216899,942,436,506
37880,234741,17811,112945,11309,216930,942,436,506
37885,234772,17811,112962,11309,216961,942,436,506
37890,234803,17811,112969,11309,216992,942,436,506
37895,234834,17812,112981,11310,217022,942,436,506
37900,234865,17814,112996,11311,217051,942,436,506
37905,234896,17815,113012,11311,217081,942,436,506
37910,234927,17817,113023,11313,217110,943,437,506
37915,234958,17821,113042,11317,217137,944,438,506
37920,234989,17825,113058,11320,217164,945,439,506
37925,235020,17828,113069,11322,217192,946,439,507
37930,235051,17831,113086,11324,217220,946,439,507
37935,235082,17834,113099,11326,217248,946,439,507
37940,235113,17835,113113,11326,217278,946,439,507
37945,235144,17836,113128,11327,217307,946,439,507
37950,235175,17838,113143,11328,217337,946,439,507
37955,235206,17839,113160,11329,217366,946,439,507
37960,235237,17841,113174,11331,217395,946,439,507
37965,235268,17843,113183,11332,217425,946,439,507
37970,235299,17845,113197,11333,217454,946,439,507
37975,235330,17848,113211,11335,217482,946,439,507
37980,235361,17850,113228,11335,217510,946,439,507
37985,235392,17854,113243,11338,217538,946,439,507
37990,235423,17857,113254,11340,217566,946,439,507
37995,235454,17861,113267,11342,217593,946,439,507
38000,235485,17864,113281,11345,217621,946,439,507
38005,235516,17867,113296,11347,217649,946,439,507
38010,235547,17870,113310,11348,217677,946,439,507
38015,235578,17873,113323,11349,217705,946,439,507
38020,235609,17875,113335,11349,217734,946,439,507
38025,235640,17879,113353,11351,217761,946,439,507
38030,235671,17882,113365,11354,217789,946,439,507
38035,235702,17886,113387,11358,217816,947,439,508
38040,235733,17889,113400,11360,217844,948,439,509
38045,235764,17892,113418,11362,217872,948,439,509
38050,235795,17895,113430,11364,217900,948,439,509
38055,235826,17896,113449,11365,217930,948,439,509
38060,235857,17897,113467,11365,217960,948,439,509
38065,235888,17898,113478,11366,217990,948,439,509
38070,235919,17899,113496,11367,218020,948,439,509
38075,235950,17900,113515,11367,218050,948,439,509
38080,235981,17901,113529,11367,218080,948,439,509
38085,236012,17902,113547,11368,218110,948,439,509
38090,236043,17903,113557,11368,218140,948,439,509
38095,236074,17904,113571,11368,218170,948,439,509
38100,236105,17905,113586,11369,218200,948,439,509
38105,236136,17908,113605,11370,218227,948,439,509
38110,236167,17911,113622,11372,218255,948,439,509
38115,236198,17914,113638,11375,218284,948,439,509
38120,236229,17916,113655,11377,218313,948,439,509
38125,236260,17919,113668,11379,218341,948,439,509
38130,236291,17922,113681,11381,218369,948,439,509
38135,236322,17924,113697,11383,218398,948,439,509
38140,236353,17926,113711,11383,218427,948,439,509
38145,236384,17929,113724,11384,218455,948,439,509
38150,236415,17932,113743,11387,218483,949,440,509
38155,236446,17935,113756,11388,218511,950,440,510
38160,236477,17941,113774,11393,218535,950,440,510
38165,236508,17945,113791,11396,218562,950,440,510
38170,236539,17948,113803,11399,218590,950,440,510
38175,236570,17953,113819,11403,218617,950,440,510
38180,236601,17954,113833,11404,218647,950,440,510
38185,236632,17955,113846,11404,218677,950,440,510
38190,236663,17956,113858,11405,218706,950,440,510
38195,236694,17958,113874,11407,218736,950,440,510
38200,236725,17959,113890,11408,218766,950,440,510
38205,236756,17960,113905,11408,218796,950,440,510
38210,236787,17961,113919,11409,218825,950,440,510
38215,236818,17963,113938,11411,218854,950,440,510
38220,236849,17965,113951,11412,218884,950,440,510
38225,236880,17966,113959,11412,218914,950,440,510
38230,236911,17967,113974,11413,218944,950,440,510
38235,236942,17968,113993,11414,218974,950,440,510
38240,236973,17969,114010,11414,219004,950,440,510
38245,237004,17970,114026,11415,219034,950,440,510
38250,237035,17971,114042,11415,219064,950,440,510
38255,237066,17974,114061,11416,219092,950,440,510
38260,237097,17979,114077,11419,219118,950,440,510
38265,237128,17983,114093,11422,219145,950,440,510
38270,237159,17987,114105,11424,219172,951,441,510
38275,237190,17989,114117,11424,219201,952,442,510
38280,237221,17990,114126,11424,219231,952,442,510
38285,237252,17994,114138,11426,219258,952,442,510
38290,237283,17997,114157,11427,219286,952,442,510
38295,237314,18001,114173,11430,219313,952,442,510
38300,237345,18003,114182,11431,219342,952,442,510
38305,237376,18006,114196,11433,219370,952,442,510
38310,237407,18007,114208,11433,219400,952,442,510
38315,237438,18008,114222,11433,219430,952,442,510
38320,237469,18009,114239,11434,219460,952,442,510
38325,237500,18010,114254,11434,219490,952,442,510
38330,237531,18012,114266,11434,219519,952,442,510
38335,237562,18014,114279,11435,219547,952,442,510
38340,237593,18018,114289,11437,219575,952,442,510
38345,237624,18022,114306,11439,219601,952,442,510
38350,237655,18029,114326,11445,219625,952,442,510
38355,237686,18034,114341,11449,219652,952,442,510
38360,237717,18038,114355,11452,219678,952,442,510
38365,237748,18043,114369,11455,219704,952,442,510
38370,237779,18048,114389,11458,219730,952,442,510
38375,237810,18053,114405,11462,219757,952,442,510
38380,237841,18056,114419,11462,219784,952,442,510
38385,237872,18060,114436,11463,219811,952,442,510
38390,237903,18064,114452,11466,219839,952,442,510
38395,237934,18066,114468,11467,219868,952,442,510
38400,237965,18068,114485,11469,219897,952,442,510
38405,237996,18070,114498,11469,219926,953,442,511
38410,238027,18072,114515,11471,219955,953,442,511
38415,238058,18073,114527,11471,219985,953,442,511
38420,238089,18074,114539,11471,220015,953,442,511
38425,238120,18076,114553,11472,220044,953,442,511
38430,238151,18077,114565,11472,220074,953,442,511
38435,238182,18078,114583,11472,220104,953,442,511
38440,238213,18079,114598,11472,220134,953,442,511
38445,238244,18081,114616,11473,220163,953,442,511
38450,238275,18082,114629,11474,220193,953,442,511
38455,238306,18083,114643,11474,220223,953,442,511
38460,238337,18085,114657,11476,220252,953,442,511
38465,238368,18086,114672,11476,220282,953,442,511
38470,238399,18087,114685,11476,220312,953,442,511
38475,238430,18088,114696,11476,220342,953,442,511
38480,238461,18089,114710,11477,220372,953,442,511
38485,238492,18090,114721,11477,220402,953,442,511
38490,238523,18091,114739,11477,220432,953,442,511
38495,238554,18093,114754,11479,220461,953,442,511
38500,238585,18095,114767,11480,220490,953,442,511
38505,238616,18098,114781,11483,220518,953,442,511
38510,238647,18100,114793,11485,220547,954,442,512
38515,238678,18106,114809,11489,220572,955,442,513
38520,238709,18112,114824,11495,220596,956,443,513
38525,238740,18116,114838,11499,220624,956,443,513
38530,238771,18119,114853,11500,220652,956,443,513
38535,238802,18122,114866,11502,220680,956,443,513
38540,238833,18125,114878,11504,220708,956,443,513
38545,238864,18128,114892,11506,220736,956,443,513
38550,238895,18130,114907,11508,220765,956,443,513
38555,238926,18132,114924,11509,220794,956,443,513
38560,238957,18135,114941,11511,220822,956,443,513
38565,238988,18136,114956,11512,220852,956,443,513
38570,239019,18137,114970,11512,220882,956,443,513
38575,239050,18138,114986,11512,220912,956,443,513
38580,239081,18139,115001,11512,220942,956,443,513
38585,239112,18141,115014,11514,220971,956,443,513
38590,239143,18141,115026,11514,221002,956,443,513
38595,239174,18141,115041,11514,221033,956,443,513
38600,239205,18141,115059,11514,221064,956,443,513
38605,239236,18141,115070,11514,221095,956,443,513
38610,239267,18141,115083,11514,221126,956,443,513
38615,239298,18141,115098,11514,221157,956,443,513
38620,239329,18141,115111,11514,221188,956,443,513
38625,239360,18142,115125,11514,221218,956,443,513
38630,239391,18145,115144,11517,221245,956,443,513
38635,239422,18149,115155,11520,221273,957,444,513
38640,239453,18152,115170,11522,221301,958,445,513
38645,239484,18154,115189,11522,221330,958,445,513
38650,239515,18157,115206,11525,221358,958,445,513
38655,239546,18159,115224,11527,221387,958,445,513
38660,239577,18161,115237,11528,221416,958,445,513
38665,239608,18163,115258,11530,221445,958,445,513
38670,239639,18166,115276,11532,221473,958,445,513
38675,239670,18168,115287,11532,221502,958,445,513
38680,239701,18171,115302,11534,221530,958,445,513
38685,239732,18174,115316,11536,221558,958,445,513
38690,239763,18177,115335,11537,221586,958,445,513
38695,239794,18180,115352,11539,221614,958,445,513
38700,239825,18183,115365,11539,221642,958,445,513
38705,239856,18185,115377,11540,221671,958,445,513
38710,239887,18187,115392,11542,221700,958,445,513
38715,239918,18190,115406,11544,221728,958,445,513
38720,239949,18192,115427,11546,221757,958,445,513
38725,239980,18194,115441,11547,221786,958,445,513
38730,240011,18196,115456,11549,221815,958,445,513
38735,240042,18199,115475,11552,221843,958,445,513
38740,240073,18202,115491,11554,221871,958,445,513
38745,240104,18204,115502,11556,221899,958,445,513
38750,240135,18208,115521,11559,221927,958,445,513
38755,240166,18211,115529,11561,221955,959,446,513
38760,240197,18214,115544,11563,221983,960,447,513
38765,240228,18218,115562,11566,222009,960,447,513
38770,240259,18221,115577,11567,222038,960,447,513
38775,240290,18223,115596,11568,222067,960,447,513
38780,240321,18225,115612,11569,222096,960,447,513
38785,240352,18227,115628,11570,222125,960,447,513
38790,240383,18229,115643,11572,222154,960,447,513
38795,240414,18231,115655,11573,222183,960,447,513
38800,240445,18233,115670,11574,222212,960,447,513
38805,240476,18235,115689,11575,222241,960,447,513
38810,240507,18238,115705,11578,222269,960,447,513
38815,240538,18241,115722,11581,222297,960,447,513
38820,240569,18243,115738,11583,222326,960,447,513
38825,240600,18246,115751,11586,222354,960,447,513
38830,240631,18249,115766,11588,222382,960,447,513
38835,240662,18250,115780,11589,222412,960,447,513
38840,240693,18251,115801,11589,222442,960,447,513
38845,240724,18252,115812,11589,222472,960,447,513
38850,240755,18253,115824,11589,222502,960,447,513
38855,240786,18254,115839,11589,222532,960,447,513
38860,240817,18255,115853,11589,222562,960,447,513
38865,240848,18256,115871,11590,222592,960,447,513
38870,240879,18257,115890,11591,222622,961,448,513
38875,240910,18259,115902,11592,222651,962,448,514
38880,240941,18261,115916,11592,222680,963,449,514
38885,240972,18264,115935,11593,222708,963,449,514
38890,241003,18266,115948,11594,222737,963,449,514
38895,241034,18269,115965,11595,222765,963,449,514
38900,241065,18272,115978,11597,222792,963,449,514
38905,241096,18276,115995,11601,222819,963,449,514
38910,241127,18279,116012,11604,222848,963,449,514
38915,241158,18282,116027,11606,222875,963,449,514
38920,241189,18285,116042,11608,222904,963,449,514
38925,241220,18287,116059,11609,222932,963,449,514
38930,241251,18290,116078,11612,222961,963,449,514
38935,241282,18292,116091,11613,222989,963,449,514
38940,241313,18296,116109,11616,223017,963,449,514
38945,241344,18299,116124,11618,223045,963,449,514
38950,241375,18302,116133,11619,223073,963,449,514
38955,241406,18303,116148,11619,223103,963,449,514
38960,241437,18305,116164,11621,223132,963,449,514
38965,241468,18307,116181,11623,223161,963,449,514
38970,241499,18308,116199,11624,223191,963,449,514
38975,241530,18308,116215,11624,223222,963,449,514
38980,241561,18308,116231,11624,223253,963,449,514
38985,241592,18309,116241,11624,223283,963,449,514
38990,241623,18312,116259,11626,223311,963,449,514
38995,241654,18315,116274,11629,223339,963,449,514
39000,241685,18317,116288,11630,223368,963,449,514
39005,241716,18321,116305,11632,223395,963,449,514
39010,241747,18325,116316,11635,223422,963,449,514
39015,241778,18329,116335,11639,223448,963,449,514
39020,241809,18334,116349,11642,223474,963,449,514
39025,241840,18338,116362,11644,223502,963,449,514
39030,241871,18341,116373,11645,223530,963,449,514
39035,241902,18345,116387,11648,223557,963,449,514
39040,241933,18350,116403,11650,223583,963,449,514
39045,241964,18352,116418,11651,223611,963,449,514
39050,241995,18356,116433,11654,223639,963,449,514
39055,242026,18359,116446,11656,223666,963,449,514
39060,242057,18362,116459,11658,223695,963,449,514
39065,242088,18363,116475,11658,223725,964,450,514
39070,242119,18364,116489,11659,223755,964,450,514
39075,242150,18366,116503,11660,223784,964,450,514
39080,242181,18367,116514,11660,223814,964,450,514
39085,242212,18369,116530,11661,223843,964,450,514
39090,242243,18371,116543,11662,223872,964,450,514
39095,242274,18373,116558,11663,223901,964,450,514
39100,242305,18374,116573,11663,223931,964,450,514
39105,242336,18376,116584,11665,223960,964,450,514
39110,242367,18377,116599,11666,223990,964,450,514
39115,242398,18379,116615,11667,224019,964,450,514
39120,242429,18381,116631,11669,224048,964,450,514
39125,242460,18387,116649,11673,224072,964,450,514
39130,242491,18391,116665,11677,224099,964,450,514
39135,242522,18393,116675,11678,224129,964,450,514
39140,242553,18394,116688,11678,224158,964,450,514
39145,242584,18397,116699,11681,224187,964,450,514
39150,242615,18398,116721,11682,224217,964,450,514
39155,242646,18400,116735,11684,224245,964,450,514
39160,242677,18401,116753,11685,224276,964,450,514
39165,242708,18401,116767,11685,224307,964,450,514
39170,242739,18401,116781,11685,224338,964,450,514
39175,242770,18401,116799,11685,224369,964,450,514
39180,242801,18401,116813,11685,224400,964,450,514
39185,242832,18402,116829,11686,224430,965,451,514
39190,242863,18404,116842,11687,224459,966,452,514
39195,242894,18405,116858,11687,224489,967,452,515
39200,242925,18406,116876,11688,224519,967,452,515
39205,242956,18407,116893,11688,224549,967,452,515
39210,242987,18408,116907,11689,224579,967,452,515
39215,243018,18409,116922,11690,224609,967,452,515
39220,243049,18410,116934,11690,224639,967,452,515
39225,243080,18412,116951,11690,224668,967,452,515
39230,243111,18417,116964,11693,224694,967,452,515
39235,243142,18421,116977,11694,224720,967,452,515
39240,243173,18427,116993,11700,224746,967,452,515
39245,243204,18431,117006,11702,224773,967,452,515
39250,243235,18434,117024,11705,224801,967,452,515
39255,243266,18438,117040,11707,224828,967,452,515
39260,243297,18442,117059,11710,224855,967,452,515
39265,243328,18446,117074,11712,224882,967,452,515
39270,243359,18449,117090,11713,224910,967,452,515
39275,243390,18452,117107,11714,224938,967,452,515
39280,243421,18455,117118,11714,224966,967,452,515
39285,243452,18458,117135,11716,224993,967,452,515
39290,243483,18462,117149,11718,225020,967,452,515
39295,243514,18467,117166,11722,225047,967,452,515
39300,243545,18469,117179,11724,225076,967,452,515
39305,243576,18469,117192,11724,225107,968,452,516
39310,243607,18469,117209,11724,225138,969,452,517
39315,243638,18469,117223,11724,225169,970,452,518
39320,243669,18469,117240,11724,225200,970,452,518
39325,243700,18469,117253,11724,225231,970,452,518
39330,243731,18469,117268,11724,225262,970,452,518
39335,243762,18469,117285,11724,225293,970,452,518
39340,243793,18469,117300,11724,225324,970,452,518
39345,243824,18469,117311,11724,225355,970,452,518
39350,243855,18471,117328,11725,225384,970,452,518
39355,243886,18473,117347,11726,225413,970,452,518
39360,243917,18474,117363,11727,225443,970,452,518
39365,243948,18476,117379,11729,225471,970,452,518
39370,243979,18479,117398,11732,225500,970,452,518
39375,244010,18481,117413,11733,225528,970,452,518
39380,244041,18484,117427,11736,225556,970,452,518
39385,244072,18487,117440,11738,225585,970,452,518
39390,244103,18489,117456,11739,225613,970,452,518
39395,244134,18492,117468,11742,225642,970,452,518
39400,244165,18494,117485,11743,225670,970,452,518
39405,244196,18497,117501,11744,225699,970,452,518
39410,244227,18499,117518,11745,225727,970,452,518
39415,244258,18501,117532,11746,225756,970,452,518
39420,244289,18504,117552,11748,225784,970,452,518
39425,244320,18507,117566,11750,225813,971,452,519
39430,244351,18511,117584,11754,225840,972,452,520
39435,244382,18514,117600,11756,225868,973,452,521
39440,244413,18515,117612,11757,225898,974,452,522
39445,244444,18515,117626,11757,225929,975,453,522
39450,244475,18515,117647,11757,225960,976,454,522
39455,244506,18515,117658,11757,225991,977,455,522
39460,244537,18515,117670,11757,226022,978,455,523
39465,244568,18515,117685,11757,226053,979,455,524
39470,244599,18515,117701,11757,226084,980,455,525
39475,244630,18515,117716,11757,226115,980,455,525
39480,244661,18515,117732,11757,226146,980,455,525
39485,244692,18519,117752,11759,226173,980,455,525
39490,244723,18525,117771,11763,226197,980,455,525
39495,244754,18530,117782,11765,226224,980,455,525
39500,244785,18536,117800,11767,226248,980,455,525
39505,244816,18542,117816,11770,226274,980,455,525
39510,244847,18546,117829,11771,226300,980,455,525
39515,244878,18551,117838,11774,226327,980,455,525
39520,244909,18554,117854,11775,226354,980,455,525
39525,244940,18558,117870,11779,226382,980,455,525
39530,244971,18562,117882,11781,226409,980,455,525
39535,245002,18565,117897,11782,226436,980,455,525
39540,245033,18570,117913,11785,226463,980,455,525
39545,245064,18570,117925,11785,226494,980,455,525
39550,245095,18570,117939,11785,226525,980,455,525
39555,245126,18570,117953,11785,226556,980,455,525
39560,245157,18570,117969,11785,226587,980,455,525
39565,245188,18570,117985,11785,226618,980,455,525
39570,245219,18570,117997,11785,226649,980,455,525
39575,245250,18570,118010,11785,226680,981,456,525
39580,245281,18570,118023,11785,226711,982,457,525
39585,245312,18570,118041,11785,226742,983,458,525
39590,245343,18570,118055,11785,226773,984,458,526
39595,245374,18570,118073,11785,226804,985,458,527
39600,245405,18570,118090,11785,226835,986,459,527
39605,245436,18571,118104,11785,226865,986,459,527
39610,245467,18573,118119,11785,226894,986,459,527
39615,245498,18575,118132,11787,226923,986,459,527
39620,245529,18577,118147,11789,226952,986,459,527
39625,245560,18579,118162,11790,226981,986,459,527
39630,245591,18581,118176,11791,227010,986,459,527
39635,245622,18583,118195,11793,227039,986,459,527
39640,245653,18585,118213,11795,227068,986,459,527
39645,245684,18587,118230,11796,227097,986,459,527
39650,245715,18592,118248,11798,227121,986,459,527
39655,245746,18597,118258,11802,227149,986,459,527
39660,245777,18602,118270,11804,227174,986,459,527
39665,245808,18606,118287,11808,227202,986,459,527
39670,245839,18609,118301,11809,227230,986,459,527
39675,245870,18611,118313,11809,227259,986,459,527
39680,245901,18613,118326,11810,227288,986,459,527
39685,245932,18616,118342,11812,227316,986,459,527
39690,245963,18618,118354,11813,227345,986,459,527
39695,245994,18620,118371,11814,227374,986,459,527
39700,246025,18621,118388,11814,227404,986,459,527
39705,246056,18622,118404,11815,227434,986,459,527
39710,246087,18623,118421,11816,227464,987,460,527
39715,246118,18624,118434,11817,227494,988,460,528
39720,246149,18625,118449,11818,227524,988,460,528
39725,246180,18626,118461,11818,227554,988,460,528
39730,246211,18627,118474,11819,227584,988,460,528
39735,246242,18628,118487,11819,227614,988,460,528
39740,246273,18629,118501,11820,227644,988,460,528
39745,246304,18630,118511,11820,227674,988,460,528
39750,246335,18631,118530,11820,227704,988,460,528
39755,246366,18632,118541,11820,227734,988,460,528
39760,246397,18633,118555,11820,227764,988,460,528
39765,246428,18635,118563,11821,227793,988,460,528
39770,246459,18639,118579,11825,227819,988,460,528
39775,246490,18644,118593,11828,227845,988,460,528
39780,246521,18650,118607,11832,227871,988,460,528
39785,246552,18654,118625,11835,227898,988,460,528
39790,246583,18656,118636,11836,227926,988,460,528
39795,246614,18660,118652,11839,227954,988,460,528
39800,246645,18662,118665,11840,227983,988,460,528
39805,246676,18664,118678,11842,228012,988,460,528
39810,246707,18666,118692,11843,228041,988,460,528
39815,246738,18669,118708,11844,228069,988,460,528
39820,246769,18672,118723,11845,228097,988,460,528
39825,246800,18675,118738,11846,228125,988,460,528
39830,246831,18677,118757,11848,228154,988,460,528
39835,246862,18679,118775,11849,228183,988,460,528
39840,246893,18682,118794,11851,228211,988,460,528
39845,246924,18683,118810,11852,228241,988,460,528
39850,246955,18684,118827,11852,228271,988,460,528
39855,246986,18685,118839,11852,228301,988,460,528
39860,247017,18686,118854,11852,228331,988,460,528
39865,247048,18687,118866,11852,228361,988,460,528
39870,247079,18688,118882,11853,228391,988,460,528
39875,247110,18689,118898,11853,228421,988,460,528
39880,247141,18690,118914,11853,228451,988,460,528
39885,247172,18692,118931,11854,228479,988,460,528
39890,247203,18697,118942,11858,228506,989,460,529
39895,247234,18701,118955,11860,228533,990,460,530
39900,247265,18706,118974,11864,228558,991,461,530
39905,247296,18710,118991,11867,228584,991,461,530
39910,247327,18716,119003,11871,228611,991,461,530
39915,247358,18717,119018,11872,228641,991,461,530
39920,247389,18719,119037,11873,228670,991,461,530
39925,247420,18721,119054,11875,228699,991,461,530
39930,247451,18723,119071,11876,228728,991,461,530
39935,247482,18725,119090,11877,228757,991,461,530
39940,247513,18726,119107,11878,228787,991,461,530
39945,247544,18727,119121,11879,228817,991,461,530
39950,247575,18729,119137,11880,228846,991,461,530
39955,247606,18731,119154,11882,228875,991,461,530
39960,247637,18733,119169,11884,228904,991,461,530
39965,247668,18733,119183,11884,228935,991,461,530
39970,247699,18733,119197,11884,228966,991,461,530
39975,247730,18733,119211,11884,228997,991,461,530
39980,247761,18733,119223,11884,229028,991,461,530
39985,247792,18733,119239,11884,229059,991,461,530
39990,247823,18733,119254,11884,229090,991,461,530
39995,247854,18733,119270,11884,229121,991,461,530
40000,247885,18733,119285,11884,229152,991,461,530
40005,247916,18733,119301,11884,229183,991,461,530
40010,247947,18734,119315,11884,229213,991,461,530
40015,247978,18735,119330,11885,229242,992,461,531
40020,248009,18741,119346,11889,229267,993,461,532
40025,248040,18746,119363,11893,229294,993,461,532
40030,248071,18750,119378,11896,229321,993,461,532
40035,248102,18755,119398,11899,229347,993,461,532
40040,248133,18760,119414,11903,229373,993,461,532
40045,248164,18764,119433,11907,229400,993,461,532
40050,248195,18768,119447,11909,229427,993,461,532
40055,248226,18772,119463,11911,229454,993,461,532
40060,248257,18776,119473,11913,229481,993,461,532
40065,248288,18780,119487,11915,229508,993,461,532
40070,248319,18785,119501,11919,229534,993,461,532
40075,248350,18789,119513,11920,229561,993,461,532
40080,248381,18793,119523,11922,229588,993,461,532
40085,248412,18796,119536,11924,229616,993,461,532
40090,248443,18799,119547,11926,229644,993,461,532
40095,248474,18802,119565,11927,229672,993,461,532
40100,248505,18805,119584,11928,229700,993,461,532
40105,248536,18808,119594,11929,229728,993,461,532
40110,248567,18812,119608,11930,229755,993,461,532
40115,248598,18816,119626,11933,229782,993,461,532
40120,248629,18820,119643,11935,229809,993,461,532
40125,248660,18823,119653,11936,229837,993,461,532
40130,248691,18826,119669,11938,229864,993,461,532
40135,248722,18830,119684,11941,229892,994,462,532
40140,248753,18835,119703,11945,229917,995,463,532
40145,248784,18836,119717,11946,229948,995,463,532
40150,248815,18836,119732,11946,229979,995,463,532
40155,248846,18836,119746,11946,230010,995,463,532
40160,248877,18836,119757,11946,230041,995,463,532
40165,248908,18836,119769,11946,230072,995,463,532
40170,248939,18836,119784,11946,230103,995,463,532
40175,248970,18836,119798,11946,230134,995,463,532
40180,249001,18836,119812,11946,230165,995,463,532
40185,249032,18836,119827,11946,230196,995,463,532
40190,249063,18836,119841,11946,230227,995,463,532
40195,249094,18836,119853,11946,230258,995,463,532
40200,249125,18836,119868,11946,230289,995,463,532
40205,249156,18836,119880,11946,230320,995,463,532
40210,249187,18836,119896,11946,230351,995,463,532
40215,249218,18836,119906,11946,230382,995,463,532
40220,249249,18836,119923,11946,230413,995,463,532
40225,249280,18836,119936,11946,230444,995,463,532
40230,249311,18836,119951,11946,230475,995,463,532
40235,249342,18836,119971,11946,230506,995,463,532
40240,249373,18836,119980,11946,230537,995,463,532
40245,249404,18837,119998,11946,230567,995,463,532
40250,249435,18841,120010,11949,230593,995,463,532
40255,249466,18848,120020,11954,230618,995,463,532
40260,249497,18855,120036,11959,230642,996,464,532
40265,249528,18859,120050,11962,230669,996,464,532
40270,249559,18862,120065,11964,230696,996,464,532
40275,249590,18867,120083,11966,230723,996,464,532
40280,249621,18870,120097,11967,230751,996,464,532
40285,249652,18872,120111,11968,230779,996,464,532
40290,249683,18875,120126,11969,230808,996,464,532
40295,249714,18877,120143,11969,230837,996,464,532
40300,249745,18879,120157,11970,230866,996,464,532
40305,249776,18881,120169,11970,230895,996,464,532
40310,249807,18883,120183,11972,230923,996,464,532
40315,249838,18886,120198,11974,230951,996,464,532
40320,249869,18889,120206,11975,230980,996,464,532
40325,249900,18890,120224,11976,231010,996,464,532
40330,249931,18891,120243,11977,231040,996,464,532
40335,249962,18892,120256,11978,231070,996,464,532
40340,249993,18893,120269,11978,231100,996,464,532
40345,250024,18894,120287,11979,231130,996,464,532
40350,250055,18895,120301,11979,231160,996,464,532
40355,250086,18896,120321,11980,231190,996,464,532
40360,250117,18897,120336,11980,231220,996,464,532
40365,250148,18900,120352,11983,231248,996,464,532
40370,250179,18903,120367,11984,231276,996,464,532
40375,250210,18906,120380,11986,231304,996,464,532
40380,250241,18908,120391,11987,231333,997,464,533
40385,250272,18912,120405,11989,231360,997,464,533
40390,250303,18915,120420,11990,231388,997,464,533
40395,250334,18917,120436,11990,231417,997,464,533
40400,250365,18919,120454,11991,231446,997,464,533
40405,250396,18921,120470,11992,231475,997,464,533
40410,250427,18923,120483,11993,231504,997,464,533
40415,250458,18925,120495,11993,231533,997,464,533
40420,250489,18927,120513,11995,231562,997,464,533
40425,250520,18929,120532,11997,231591,997,464,533
40430,250551,18931,120549,11998,231620,997,464,533
40435,250582,18933,120560,11998,231649,997,464,533
40440,250613,18935,120575,11998,231678,997,464,533
40445,250644,18937,120592,12000,231707,997,464,533
40450,250675,18939,120608,12002,231735,997,464,533
40455,250706,18943,120621,12006,231763,997,464,533
40460,250737,18945,120630,12007,231792,997,464,533
40465,250768,18948,120649,12009,231820,997,464,533
40470,250799,18951,120662,12011,231848,997,464,533
40475,250830,18952,120675,12011,231878,997,464,533
40480,250861,18953,120689,12011,231908,997,464,533
40485,250892,18954,120702,12011,231938,997,464,533
40490,250923,18957,120718,12014,231966,997,464,533
40495,250954,18961,120737,12018,231993,997,464,533
40500,250985,18965,120750,12021,232020,997,464,533
40505,251016,18971,120763,12025,232045,997,464,533
40510,251047,18976,120775,12027,232070,997,464,533
40515,251078,18983,120786,12032,232095,997,464,533
40520,251109,18987,120804,12035,232122,997,464,533
40525,251140,18992,120823,12038,232148,997,464,533
40530,251171,18996,120839,12041,232175,997,464,533
40535,251202,18998,120848,12042,232204,997,464,533
40540,251233,19001,120864,12044,232232,997,464,533
40545,251264,19003,120880,12045,232261,997,464,533
40550,251295,19005,120892,12045,232290,997,464,533
40555,251326,19007,120910,12047,232319,997,464,533
40560,251357,19008,120928,12048,232349,997,464,533
40565,251388,19009,120945,12048,232379,997,464,533
40570,251419,19010,120961,12049,232409,997,464,533
40575,251450,19011,120980,12050,232439,997,464,533
40580,251481,19012,120994,12050,232469,997,464,533
40585,251512,19013,121008,12051,232499,997,464,533
40590,251543,19014,121018,12052,232529,997,464,533
40595,251574,19015,121032,12053,232559,997,464,533
40600,251605,19016,121048,12054,232589,997,464,533
40605,251636,19017,121058,12055,232619,997,464,533
40610,251667,19018,121068,12055,232649,997,464,533
40615,251698,19019,121081,12056,232679,997,464,533
40620,251729,19020,121098,12057,232709,997,464,533
40625,251760,19021,121117,12058,232738,997,464,533
40630,251791,19023,121129,12060,232768,997,464,533
40635,251822,19024,121146,12061,232798,997,464,533
40640,251853,19025,121158,12061,232827,997,464,533
40645,251884,19027,121175,12063,232857,997,464,533
40650,251915,19028,121189,12064,232886,997,464,533
40655,251946,19030,121206,12066,232916,997,464,533
40660,251977,19031,121225,12067,232946,997,464,533
40665,252008,19032,121244,12067,232975,997,464,533
40670,252039,19035,121257,12069,233004,998,465,533
40675,252070,19040,121272,12071,233029,999,465,534
40680,252101,19045,121282,12074,233055,999,465,534
40685,252132,19050,121298,12078,233080,999,465,534
40690,252163,19055,121317,12082,233108,999,465,534
40695,252194,19059,121334,12083,233134,999,465,534
40700,252225,19062,121352,12085,233163,999,465,534
40705,252256,19065,121366,12088,233191,999,465,534
40710,252287,19066,121381,12088,233221,999,465,534
40715,252318,19067,121391,12088,233251,999,465,534
40720,252349,19069,121404,12090,233280,999,465,534
40725,252380,19070,121416,12090,233310,999,465,534
40730,252411,19072,121430,12091,233339,999,465,534
40735,252442,19074,121441,12092,233368,999,465,534
40740,252473,19077,121458,12093,233396,999,465,534
40745,252504,19079,121469,12093,233424,999,465,534
40750,252535,19082,121484,12095,233453,999,465,534
40755,252566,19083,121501,12096,233483,999,465,534
40760,252597,19084,121517,12096,233513,999,465,534
40765,252628,19085,121534,12096,233543,999,465,534
40770,252659,19086,121552,12097,233573,999,465,534
40775,252690,19087,121566,12097,233603,999,465,534
40780,252721,19088,121580,12098,233633,1000,465,535
40785,252752,19089,121597,12099,233663,1001,465,536
40790,252783,19090,121607,12100,233693,1002,465,537
40795,252814,19092,121621,12102,233722,1003,465,538
40800,252845,19094,121640,12103,233751,1004,465,539
40805,252876,19096,121659,12104,233780,1004,465,539
40810,252907,19099,121676,12105,233808,1004,465,539
40815,252938,19101,121691,12105,233837,1004,465,539
40820,252969,19104,121710,12106,233865,1004,465,539
40825,253000,19106,121727,12107,233894,1004,465,539
40830,253031,19108,121742,12109,233923,1004,465,539
40835,253062,19110,121753,12109,233952,1004,465,539
40840,253093,19112,121766,12111,233981,1004,465,539
40845,253124,19115,121782,12112,234009,1004,465,539
40850,253155,19118,121792,12114,234037,1004,465,539
40855,253186,19122,121802,12116,234064,1004,465,539
40860,253217,19130,121817,12123,234087,1004,465,539
40865,253248,19132,121829,12123,234116,1004,465,539
40870,253279,19134,121846,12124,234145,1004,465,539
40875,253310,19137,121862,12125,234173,1004,465,539
40880,253341,19140,121881,12126,234201,1004,465,539
40885,253372,19143,121892,12129,234229,1004,465,539
40890,253403,19145,121902,12130,234258,1004,465,539
40895,253434,19147,121917,12132,234287,1004,465,539
40900,253465,19149,121929,12133,234316,1004,465,539
40905,253496,19151,121941,12134,234345,1004,465,539
40910,253527,19153,121957,12135,234374,1004,465,539
40915,253558,19155,121971,12135,234402,1004,465,539
40920,253589,19159,121990,12138,234430,1004,465,539
40925,253620,19162,122004,12141,234457,1005,465,540
40930,253651,19164,122022,12142,234486,1006,466,540
40935,253682,19166,122033,12143,234515,1007,467,540
40940,253713,19168,122049,12145,234545,1008,468,540
40945,253744,19169,122063,12146,234575,1009,468,541
40950,253775,19170,122078,12146,234604,1010,468,542
40955,253806,19173,122096,12149,234633,1011,468,543
40960,253837,19173,122110,12149,234664,1011,468,543
40965,253868,19173,122127,12149,234695,1011,468,543
40970,253899,19173,122142,12149,234726,1011,468,543
40975,253930,19173,122157,12149,234757,1011,468,543
40980,253961,19173,122168,12149,234788,1011,468,543
40985,253992,19173,122180,12149,234819,1011,468,543
40990,254023,19173,122196,12149,234850,1011,468,543
40995,254054,19173,122212,12149,234881,1011,468,543
41000,254085,19173,122229,12149,234912,1011,468,543
41005,254116,19173,122246,12149,234943,1011,468,543
41010,254147,19173,122265,12149,234974,1011,468,543
41015,254178,19173,122280,12149,235005,1011,468,543
41020,254209,19173,122291,12149,235036,1011,468,543
41025,254240,19173,122306,12149,235067,1011,468,543
41030,254271,19173,122314,12149,235098,1011,468,543
41035,254302,19175,122325,12150,235127,1011,468,543
41040,254333,19180,122337,12153,235153,1011,468,543
41045,254364,19185,122352,12157,235179,1011,468,543
41050,254395,19189,122367,12160,235205,1011,468,543
41055,254426,19194,122378,12162,235232,1011,468,543
41060,254457,19197,122392,12162,235260,1012,469,543
41065,254488,19201,122410,12164,235287,1013,469,544
41070,254519,19205,122426,12166,235314,1014,470,544
41075,254550,19209,122443,12169,235341,1015,470,545
41080,254581,19212,122462,12169,235369,1016,470,546
41085,254612,19216,122474,12170,235396,1017,471,546
41090,254643,19220,122487,12172,235423,1018,471,547
41095,254674,19223,122502,12173,235451,1019,471,548
41100,254705,19226,122512,12175,235479,1020,471,549
41105,254736,19231,122529,12178,235505,1020,471,549
41110,254767,19236,122545,12182,235531,1020,471,549
41115,254798,19241,122556,12185,235557,1020,471,549
41120,254829,19244,122570,12187,235585,1020,471,549
41125,254860,19247,122582,12189,235613,1020,471,549
41130,254891,19251,122598,12191,235639,1020,471,549
41135,254922,19256,122618,12196,235665,1020,471,549
41140,254953,19259,122631,12198,235693,1020,471,549
41145,254984,19262,122646,12199,235721,1020,471,549
41150,255015,19267,122661,12203,235747,1020,471,549
41155,255046,19270,122676,12205,235775,1020,471,549
41160,255077,19275,122692,12209,235801,1020,471,549
41165,255108,19279,122707,12212,235829,1020,471,549
41170,255139,19282,122721,12214,235857,1020,471,549
41175,255170,19284,122739,12216,235886,1020,471,549
41180,255201,19286,122752,12217,235915,1020,471,549
41185,255232,19289,122764,12218,235943,1020,471,549
41190,255263,19291,122775,12219,235972,1020,471,549
41195,255294,19293,122793,12219,236001,1020,471,549
41200,255325,19295,122807,12220,236030,1020,471,549
41205,255356,19298,122824,12222,236058,1021,471,550
41210,255387,19300,122835,12223,236087,1022,472,550
41215,255418,19302,122849,12224,236116,1023,473,550
41220,255449,19305,122865,12226,236144,1024,473,551
41225,255480,19308,122874,12228,236172,1025,473,552
41230,255511,19310,122889,12228,236201,1026,474,552
41235,255542,19312,122905,12229,236230,1027,475,552
41240,255573,19314,122918,12231,236259,1028,476,552
41245,255604,19316,122935,12232,236288,1029,477,552
41250,255635,19318,122951,12232,236317,1030,477,553
41255,255666,19320,122967,12233,236346,1031,477,554
41260,255697,19322,122984,12233,236375,1031,477,554
41265,255728,19324,122996,12233,236404,1031,477,554
41270,255759,19326,123009,12233,236432,1031,477,554
41275,255790,19331,123022,12235,236459,1031,477,554
41280,255821,19337,123039,12241,236484,1031,477,554
41285,255852,19339,123054,12243,236513,1031,477,554
41290,255883,19341,123068,12244,236542,1031,477,554
41295,255914,19344,123084,12246,236570,1031,477,554
41300,255945,19346,123102,12247,236599,1031,477,554
41305,255976,19348,123122,12249,236627,1031,477,554
41310,256007,19351,123137,12252,236656,1031,477,554
41315,256038,19353,123150,12252,236684,1031,477,554
41320,256069,19356,123163,12253,236712,1031,477,554
41325,256100,19359,123174,12255,236740,1031,477,554
41330,256131,19362,123194,12257,236768,1031,477,554
41335,256162,19365,123212,12259,236797,1031,477,554
41340,256193,19367,123224,12259,236825,1031,477,554
41345,256224,19369,123234,12260,236855,1031,477,554
41350,256255,19370,123251,12261,236885,1031,477,554
41355,256286,19371,123271,12262,236915,1031,477,554
41360,256317,19372,123287,12262,236945,1032,478,554
41365,256348,19373,123299,12263,236975,1033,479,554
41370,256379,19374,123312,12263,237005,1034,479,555
41375,256410,19376,123332,12264,237034,1034,479,555
41380,256441,19379,123348,12266,237062,1034,479,555
41385,256472,19381,123366,12268,237091,1034,479,555
41390,256503,19386,123383,12273,237117,1034,479,555
41395,256534,19391,123398,12276,237143,1034,479,555
41400,256565,19396,123414,12280,237169,1034,479,555
41405,256596,19398,123427,12282,237198,1034,479,555
41410,256627,19401,123440,12284,237226,1034,479,555
41415,256658,19404,123449,12286,237254,1034,479,555
41420,256689,19407,123467,12289,237282,1034,479,555
41425,256720,19410,123482,12292,237310,1034,479,555
41430,256751,19412,123496,12292,237339,1034,479,555
41435,256782,19414,123511,12293,237368,1034,479,555
41440,256813,19415,123529,12293,237398,1034,479,555
41445,256844,19417,123541,12295,237427,1034,479,555
41450,256875,19418,123553,12295,237457,1034,479,555
41455,256906,19419,123562,12295,237487,1034,479,555
41460,256937,19421,123579,12296,237516,1034,479,555
41465,256968,19422,123593,12297,237546,1034,479,555
41470,256999,19423,123607,12298,237576,1034,479,555
41475,257030,19424,123621,12298,237606,1034,479,555
41480,257061,19425,123636,12299,237636,1034,479,555
41485,257092,19427,123654,12300,237665,1034,479,555
41490,257123,19428,123667,12301,237695,1034,479,555
41495,257154,19429,123680,12301,237724,1034,479,555
41500,257185,19432,123693,12303,237752,1034,479,555
41505,257216,19435,123711,12305,237780,1034,479,555
41510,257247,19439,123724,12308,237808,1034,479,555
41515,257278,19443,123741,12310,237835,1034,479,555
41520,257309,19445,123755,12311,237864,1034,479,555
41525,257340,19449,123766,12313,237891,1034,479,555
41530,257371,19454,123778,12315,237917,1034,479,555
41535,257402,19458,123789,12317,237943,1034,479,555
41540,257433,19464,123810,12322,237968,1034,479,555
41545,257464,19469,123824,12325,237994,1034,479,555
41550,257495,19476,123840,12332,238019,1034,479,555
41555,257526,19481,123857,12336,238045,1034,479,555
41560,257557,19484,123873,12337,238072,1034,479,555
41565,257588,19488,123889,12341,238099,1034,479,555
41570,257619,19490,123905,12343,238129,1034,479,555
41575,257650,19491,123917,12343,238159,1034,479,555
41580,257681,19492,123934,12344,238189,1034,479,555
41585,257712,19493,123951,12345,238219,1034,479,555
41590,257743,19494,123966,12345,238249,1034,479,555
41595,257774,19495,123985,12346,238279,1034,479,555
41600,257805,19496,123997,12346,238309,1034,479,555
41605,257836,19498,124014,12347,238338,1034,479,555
41610,257867,19499,124022,12347,238368,1034,479,555
41615,257898,19500,124037,12347,238398,1034,479,555
41620,257929,19502,124048,12348,238427,1034,479,555
41625,257960,19504,124057,12350,238456,1034,479,555
41630,257991,19505,124068,12351,238486,1034,479,555
41635,258022,19507,124087,12353,238515,1034,479,555
41640,258053,19510,124103,12356,238543,1034,479,555
41645,258084,19510,124117,12356,238574,1034,479,555
41650,258115,19510,124128,12356,238605,1034,479,555
41655,258146,19511,124146,12357,238635,1034,479,555
41660,258177,19513,124162,12359,238664,1034,479,555
41665,258208,19515,124180,12361,238693,1034,479,555
41670,258239,19516,124197,12362,238723,1034,479,555
41675,258270,19518,124209,12364,238752,1034,479,555
41680,258301,19520,124222,12366,238781,1034,479,555
41685,258332,19522,124234,12368,238810,1034,479,555
41690,258363,19525,124245,12369,238838,1034,479,555
41695,258394,19530,124263,12374,238864,1034,479,555
41700,258425,19534,124275,12376,238890,1034,479,555
41705,258456,19538,124294,12378,238918,1034,479,555
41710,258487,19541,124306,12378,238945,1034,479,555
41715,258518,19545,124323,12380,238972,1034,479,555
41720,258549,19549,124341,12383,239000,1034,479,555
41725,258580,19552,124362,12385,239028,1034,479,555
41730,258611,19555,124377,12386,239056,1034,479,555
41735,258642,19558,124391,12386,239084,1034,479,555
41740,258673,19561,124404,12387,239112,1034,479,555
41745,258704,19564,124418,12387,239140,1034,479,555
41750,258735,19567,124434,12390,239167,1034,479,555
41755,258766,19571,124450,12393,239194,1034,479,555
41760,258797,19575,124466,12396,239222,1034,479,555
41765,258828,19577,124478,12397,239251,1034,479,555
41770,258859,19579,124490,12399,239280,1034,479,555
41775,258890,19581,124513,12401,239309,1034,479,555
41780,258921,19582,124530,12402,239339,1034,479,555
41785,258952,19583,124544,12403,239369,1034,479,555
41790,258983,19585,124559,12405,239398,1034,479,555
41795,259014,19587,124579,12406,239427,1034,479,555
41800,259045,19587,124589,12406,239458,1034,479,555
41805,259076,19587,124602,12406,239489,1034,479,555
41810,259107,19589,124622,12408,239518,1034,479,555
41815,259138,19591,124637,12410,239547,1034,479,555
41820,259169,19593,124651,12412,239576,1034,479,555
41825,259200,19594,124664,12412,239606,1034,479,555
41830,259231,19595,124679,12412,239636,1034,479,555
41835,259262,19596,124695,12412,239666,1034,479,555
41840,259293,19597,124713,12412,239696,1034,479,555
41845,259324,19598,124729,12412,239726,1034,479,555
41850,259355,19599,124745,12412,239756,1034,479,555
41855,259386,19600,124756,12412,239786,1034,479,555
41860,259417,19601,124774,12413,239816,1034,479,555
41865,259448,19604,124790,12415,239844,1034,479,555
41870,259479,19607,124805,12415,239872,1034,479,555
41875,259510,19611,124822,12417,239899,1034,479,555
41880,259541,19615,124839,12420,239926,1034,479,555
41885,259572,19620,124851,12421,239951,1034,479,555
41890,259603,19626,124869,12426,239977,1034,479,555
41895,259634,19631,124886,12430,240003,1034,479,555
41900,259665,19636,124905,12433,240028,1034,479,555
41905,259696,19643,124921,12436,240052,1034,479,555
41910,259727,19648,124934,12439,240078,1034,479,555
41915,259758,19653,124949,12442,240105,1034,479,555
41920,259789,19656,124964,12443,240133,1034,479,555
41925,259820,19660,124977,12446,240160,1034,479,555
41930,259851,19665,124989,12450,240186,1034,479,555
41935,259882,19669,125008,12453,240213,1034,479,555
41940,259913,19672,125022,12454,240241,1034,479,555
41945,259944,19674,125033,12454,240270,1034,479,555
41950,259975,19677,125047,12456,240298,1034,479,555
41955,260006,19680,125065,12459,240326,1034,479,555
41960,260037,19682,125080,12461,240355,1034,479,555
41965,260068,19683,125097,12462,240385,1034,479,555
41970,260099,19684,125111,12462,240415,1034,479,555
41975,260130,19685,125129,12463,240445,1034,479,555
41980,260161,19686,125146,12463,240475,1034,479,555
41985,260192,19687,125162,12464,240505,1034,479,555
41990,260223,19688,125177,12465,240535,1034,479,555
41995,260254,19688,125194,12465,240566,1034,479,555
42000,260285,19688,125210,12465,240597,1034,479,555
42005,260316,19689,125223,12465,240626,1035,479,556
42010,260347,19691,125240,12467,240655,1035,479,556
42015,260378,19693,125260,12469,240684,1035,479,556
42020,260409,19695,125278,12470,240713,1035,479,556
42025,260440,19698,125296,12472,240741,1035,479,556
42030,260471,19701,125311,12474,240770,1035,479,556
42035,260502,19702,125325,12475,240799,1035,479,556
42040,260533,19705,125342,12478,240828,1035,479,556
42045,260564,19707,125357,12480,240857,1035,479,556
42050,260595,19709,125369,12482,240886,1035,479,556
42055,260626,19711,125386,12484,240915,1035,479,556
42060,260657,19713,125399,12485,240944,1035,479,556
42065,260688,19714,125415,12485,240974,1035,479,556
42070,260719,19715,125433,12485,241004,1035,479,556
42075,260750,19716,125450,12486,241034,1035,479,556
42080,260781,19717,125467,12486,241064,1035,479,556
42085,260812,19718,125482,12487,241094,1035,479,556
42090,260843,19719,125501,12488,241124,1035,479,556
42095,260874,19720,125517,12488,241154,1035,479,556
42100,260905,19721,125529,12489,241184,1035,479,556
42105,260936,19723,125544,12491,241213,1035,479,556
42110,260967,19728,125561,12495,241239,1035,479,556
42115,260998,19734,125574,12498,241264,1035,479,556
42120,261029,19739,125589,12501,241290,1035,479,556
42125,261060,19742,125606,12503,241318,1035,479,556
42130,261091,19744,125622,12503,241347,1035,479,556
42135,261122,19746,125637,12504,241376,1035,479,556
42140,261153,19749,125653,12505,241404,1035,479,556
42145,261184,19751,125671,12507,241433,1035,479,556
42150,261215,19755,125689,12510,241460,1035,479,556
42155,261246,19758,125703,12512,241488,1035,479,556
42160,261277,19761,125715,12514,241516,1035,479,556
42165,261308,19764,125731,12516,241543,1035,479,556
42170,261339,19769,125743,12520,241569,1036,479,557
42175,261370,19772,125755,12522,241597,1037,480,557
42180,261401,19776,125774,12525,241624,1038,481,557
42185,261432,19777,125787,12526,241655,1038,481,557
42190,261463,19777,125802,12526,241686,1038,481,557
42195,261494,19777,125817,12526,241717,1038,481,557
42200,261525,19777,125834,12526,241748,1038,481,557
42205,261556,19777,125849,12526,241779,1038,481,557
42210,261587,19777,125864,12526,241810,1038,481,557
42215,261618,19777,125879,12526,241841,1038,481,557
42220,261649,19777,125895,12526,241872,1038,481,557
42225,261680,19777,125911,12526,241903,1038,481,557
42230,261711,19778,125928,12527,241933,1038,481,557
42235,261742,19779,125941,12527,241963,1038,481,557
42240,261773,19780,125956,12528,241993,1038,481,557
42245,261804,19784,125978,12530,242019,1038,481,557
42250,261835,19788,125999,12532,242046,1038,481,557
42255,261866,19792,126018,12535,242074,1038,481,557
42260,261897,19793,126034,12535,242104,1038,481,557
42265,261928,19794,126052,12536,242134,1038,481,557
42270,261959,19796,126069,12538,242163,1038,481,557
42275,261990,19797,126087,12538,242193,1038,481,557
42280,262021,19798,126102,12538,242223,1038,481,557
42285,262052,19800,126118,12540,242252,1038,481,557
42290,262083,19804,126133,12542,242279,1038,481,557
42295,262114,19807,126151,12543,242307,1038,481,557
42300,262145,19811,126165,12547,242333,1038,481,557
42305,262176,19815,126177,12549,242361,1038,481,557
42310,262207,19817,126189,12550,242390,1038,481,557
42315,262238,19819,126205,12551,242419,1038,481,557
42320,262269,19821,126222,12553,242448,1038,481,557
42325,262300,19822,126239,12553,242478,1038,481,557
42330,262331,19823,126251,12553,242508,1038,481,557
42335,262362,19824,126273,12554,242538,1038,481,557
42340,262393,19825,126287,12554,242568,1038,481,557
42345,262424,19827,126300,12554,242597,1038,481,557
42350,262455,19829,126313,12555,242626,1038,481,557
42355,262486,19832,126331,12557,242654,1038,481,557
42360,262517,19834,126348,12559,242683,1038,481,557
42365,262548,19837,126361,12561,242710,1038,481,557
42370,262579,19842,126378,12564,242737,1038,481,557
42375,262610,19845,126397,12566,242765,1038,481,557
42380,262641,19848,126414,12568,242793,1038,481,557
42385,262672,19851,126435,12571,242821,1038,481,557
42390,262703,19853,126450,12572,242850,1038,481,557
42395,262734,19856,126465,12575,242878,1038,481,557
42400,262765,19858,126484,12576,242907,1038,481,557
42405,262796,19861,126499,12577,242935,1038,481,557
42410,262827,19864,126515,12578,242963,1038,481,557
42415,262858,19866,126531,12579,242992,1038,481,557
42420,262889,19868,126546,12580,243021,1038,481,557
42425,262920,19868,126555,12580,243052,1038,481,557
42430,262951,19868,126575,12580,243083,1038,481,557
42435,262982,19868,126589,12580,243114,1038,481,557
42440,263013,19868,126603,12580,243145,1038,481,557
42445,263044,19868,126621,12580,243176,1038,481,557
42450,263075,19868,126635,12580,243207,1038,481,557
42455,263106,19868,126654,12580,243238,1038,481,557
42460,263137,19868,126674,12580,243269,1038,481,557
42465,263168,19868,126689,12580,243300,1038,481,557
42470,263199,19869,126704,12580,243330,1038,481,557
42475,263230,19870,126719,12581,243360,1038,481,557
42480,263261,19872,126731,12582,243389,1038,481,557
42485,263292,19877,126747,12585,243415,1038,481,557
42490,263323,19883,126764,12588,243439,1038,481,557
42495,263354,19888,126783,12591,243465,1038,481,557
42500,263385,19893,126796,12594,243492,1038,481,557
42505,263416,19897,126812,12597,243519,1038,481,557
42510,263447,19903,126830,12601,243544,1038,481,557
42515,263478,19908,126846,12606,243570,1038,481,557
42520,263509,19912,126865,12608,243597,1038,481,557
42525,263540,19917,126887,12611,243623,1038,481,557
42530,263571,19920,126903,12612,243651,1038,481,557
42535,263602,19922,126914,12612,243680,1038,481,557
42540,263633,19924,126929,12613,243709,1038,481,557
42545,263664,19926,126942,12613,243738,1038,481,557
42550,263695,19927,126957,12614,243768,1038,481,557
42555,263726,19928,126971,12614,243798,1038,481,557
42560,263757,19929,126984,12615,243828,1038,481,557
42565,263788,19930,126998,12616,243858,1038,481,557
42570,263819,19931,127005,12616,243888,1038,481,557
42575,263850,19932,127020,12617,243918,1038,481,557
42580,263881,19933,127033,12618,243948,1038,481,557
42585,263912,19934,127046,12618,243978,1039,481,558
42590,263943,19935,127053,12619,244008,1040,481,559
42595,263974,19936,127066,12619,244038,1041,481,560
42600,264005,19937,127083,12619,244068,1042,481,561
42605,264036,19940,127096,12622,244096,1042,481,561
42610,264067,19943,127109,12623,244124,1042,481,561
42615,264098,19947,127127,12627,244151,1042,481,561
42620,264129,19949,127144,12629,244180,1042,481,561
42625,264160,19952,127157,12631,244208,1042,481,561
42630,264191,19956,127179,12634,244235,1042,481,561
42635,264222,19958,127193,12634,244264,1042,481,561
42640,264253,19961,127209,12636,244292,1042,481,561
42645,264284,19964,127227,12639,244320,1042,481,561
42650,264315,19970,127248,12643,244345,1042,481,561
42655,264346,19974,127261,12645,244372,1042,481,561
42660,264377,19977,127277,12646,244399,1042,481,561
42665,264408,19979,127289,12648,244429,1042,481,561
42670,264439,19980,127306,12649,244458,1042,481,561
42675,264470,19982,127315,12651,244488,1042,481,561
42680,264501,19983,127332,12652,244518,1042,481,561
42685,264532,19984,127346,12653,244548,1042,481,561
42690,264563,19985,127360,12653,244578,1042,481,561
42695,264594,19986,127377,12653,244608,1042,481,561
42700,264625,19987,127392,12654,244637,1042,481,561
42705,264656,19990,127411,12657,244666,1043,481,562
42710,264687,19994,127426,12659,244693,1044,482,562
42715,264718,19999,127440,12663,244718,1045,483,562
42720,264749,20004,127457,12666,244744,1046,483,563
42725,264780,20006,127471,12668,244774,1046,483,563
42730,264811,20007,127488,12669,244804,1046,483,563
42735,264842,20008,127500,12669,244834,1046,483,563
42740,264873,20009,127514,12670,244864,1046,483,563
42745,264904,20010,127529,12671,244894,1046,483,563
42750,264935,20011,127544,12672,244924,1046,483,563
42755,264966,20012,127554,12672,244954,1046,483,563
42760,264997,20013,127568,12673,244984,1046,483,563
42765,265028,20014,127577,12674,245014,1046,483,563
42770,265059,20016,127588,12675,245043,1046,483,563
42775,265090,20019,127601,12677,245071,1046,483,563
42780,265121,20022,127617,12679,245099,1046,483,563
42785,265152,20024,127639,12681,245128,1046,483,563
42790,265183,20026,127656,12683,245157,1046,483,563
42795,265214,20028,127669,12685,245186,1046,483,563
42800,265245,20029,127685,12686,245216,1046,483,563
42805,265276,20030,127695,12686,245246,1046,483,563
42810,265307,20031,127712,12687,245276,1046,483,563
42815,265338,20032,127725,12687,245306,1046,483,563
42820,265369,20033,127742,12688,245336,1046,483,563
42825,265400,20035,127755,12688,245365,1046,483,563
42830,265431,20038,127766,12688,245393,1047,483,564
42835,265462,20042,127782,12690,245419,1048,483,565
42840,265493,20047,127797,12695,245446,1049,483,566
42845,265524,20050,127810,12696,245474,1049,483,566
42850,265555,20053,127824,12697,245502,1049,483,566
42855,265586,20056,127838,12699,245529,1049,483,566
42860,265617,20060,127851,12702,245556,1049,483,566
42865,265648,20064,127868,12704,245583,1049,483,566
42870,265679,20068,127888,12706,245611,1049,483,566
42875,265710,20071,127901,12707,245639,1049,483,566
42880,265741,20074,127913,12709,245666,1049,483,566
42885,265772,20078,127935,12712,245693,1049,483,566
42890,265803,20083,127949,12715,245719,1049,483,566
42895,265834,20087,127966,12717,245746,1049,483,566
42900,265865,20092,127981,12721,245773,1049,483,566
42905,265896,20094,128001,12723,245802,1049,483,566
42910,265927,20097,128016,12726,245830,1049,483,566
42915,265958,20099,128030,12726,245859,1049,483,566
42920,265989,20101,128049,12727,245888,1049,483,566
42925,266020,20105,128067,12731,245915,1049,483,566
42930,266051,20108,128084,12733,245943,1049,483,566
42935,266082,20110,128103,12734,245972,1049,483,566
42940,266113,20112,128114,12735,246001,1049,483,566
42945,266144,20113,128129,12735,246031,1049,483,566
42950,266175,20114,128144,12735,246061,1050,483,567
42955,266206,20115,128156,12735,246091,1051,483,568
42960,266237,20116,128170,12736,246121,1052,483,569
42965,266268,20119,128188,12738,246148,1052,483,569
42970,266299,20123,128196,12740,246176,1052,483,569
42975,266330,20126,128209,12743,246203,1052,483,569
42980,266361,20129,128224,12744,246231,1052,483,569
42985,266392,20133,128247,12748,246259,1052,483,569
42990,266423,20135,128266,12749,246287,1052,483,569
42995,266454,20137,128281,12750,246317,1052,483,569
43000,266485,20138,128298,12751,246347,1052,483,569
43005,266516,20139,128315,12752,246377,1052,483,569
43010,266547,20142,128330,12754,246405,1052,483,569
43015,266578,20144,128338,12755,246433,1052,483,569
43020,266609,20148,128354,12758,246461,1052,483,569
43025,266640,20153,128370,12761,246487,1052,483,569
43030,266671,20156,128386,12763,246515,1052,483,569
43035,266702,20159,128403,12765,246543,1052,483,569
43040,266733,20160,128415,12766,246573,1052,483,569
43045,266764,20162,128431,12767,246602,1052,483,569
43050,266795,20163,128450,12768,246632,1052,483,569
43055,266826,20163,128464,12768,246663,1052,483,569
43060,266857,20163,128479,12768,246694,1052,483,569
43065,266888,20163,128495,12768,246725,1052,483,569
43070,266919,20164,128508,12769,246755,1053,483,570
43075,266950,20166,128524,12770,246784,1053,483,570
43080,266981,20167,128541,12771,246814,1053,483,570
43085,267012,20172,128556,12772,246840,1053,483,570
43090,267043,20178,128574,12776,246865,1053,483,570
43095,267074,20183,128590,12779,246890,1053,483,570
43100,267105,20190,128611,12786,246915,1053,483,570
43105,267136,20194,128625,12788,246942,1053,483,570
43110,267167,20196,128640,12789,246970,1053,483,570
43115,267198,20199,128655,12790,246998,1053,483,570
43120,267229,20203,128669,12794,247026,1053,483,570
43125,267260,20204,128685,12794,247056,1053,483,570
43130,267291,20205,128698,12795,247086,1053,483,570
43135,267322,20206,128710,12795,247116,1053,483,570
43140,267353,20208,128726,12797,247145,1053,483,570
43145,267384,20208,128738,12797,247176,1053,483,570
43150,267415,20208,128753,12797,247207,1053,483,570
43155,267446,20208,128767,12797,247238,1053,483,570
43160,267477,20208,128782,12797,247269,1053,483,570
43165,267508,20208,128795,12797,247300,1053,483,570
43170,267539,20208,128808,12797,247331,1053,483,570
43175,267570,20208,128818,12797,247362,1053,483,570
43180,267601,20208,128832,12797,247393,1053,483,570
43185,267632,20208,128847,12797,247424,1053,483,570
43190,267663,20208,128861,12797,247455,1053,483,570
43195,267694,20208,128879,12797,247486,1053,483,570
43200,267725,20208,128896,12797,247517,1053,483,570
43205,267756,20210,128915,12799,247546,1053,483,570
43210,267787,20213,128934,12802,247574,1053,483,570
43215,267818,20216,128948,12805,247602,1053,483,570
43220,267849,20219,128968,12807,247630,1053,483,570
43225,267880,20221,128983,12808,247659,1053,483,570
43230,267911,20224,128995,12809,247686,1053,483,570
43235,267942,20228,129010,12812,247714,1053,483,570
43240,267973,20231,129025,12812,247742,1053,483,570
43245,268004,20234,129039,12815,247769,1053,483,570
43250,268035,20240,129057,12819,247795,1053,483,570
43255,268066,20245,129070,12822,247821,1053,483,570
43260,268097,20250,129084,12824,247847,1053,483,570
43265,268128,20254,129101,12826,247873,1053,483,570
43270,268159,20258,129121,12830,247900,1053,483,570
43275,268190,20262,129134,12833,247928,1053,483,570
43280,268221,20266,129148,12836,247955,1053,483,570
43285,268252,20269,129165,12838,247982,1053,483,570
43290,268283,20273,129182,12842,248009,1053,483,570
43295,268314,20278,129199,12846,248035,1053,483,570
43300,268345,20282,129212,12849,248062,1053,483,570
43305,268376,20287,129227,12852,248088,1053,483,570
43310,268407,20291,129241,12855,248115,1053,483,570
43315,268438,20294,129255,12857,248144,1053,483,570
43320,268469,20296,129266,12857,248173,1053,483,570
43325,268500,20299,129283,12859,248201,1054,483,571
43330,268531,20301,129295,12860,248230,1054,483,571
43335,268562,20304,129307,12863,248258,1054,483,571
43340,268593,20307,129323,12866,248286,1054,483,571
43345,268624,20311,129342,12868,248313,1054,483,571
43350,268655,20315,129359,12871,248340,1054,483,571
43355,268686,20318,129372,12872,248368,1054,483,571
43360,268717,20322,129390,12876,248395,1054,483,571
43365,268748,20325,129408,12878,248423,1054,483,571
43370,268779,20328,129425,12880,248451,1054,483,571
43375,268810,20332,129437,12884,248478,1054,483,571
43380,268841,20334,129449,12884,248507,1054,483,571
43385,268872,20336,129467,12886,248536,1054,483,571
43390,268903,20338,129483,12887,248565,1054,483,571
43395,268934,20339,129499,12887,248595,1054,483,571
43400,268965,20340,129515,12887,248625,1054,483,571
43405,268996,20341,129533,12888,248655,1054,483,571
43410,269027,20342,129551,12889,248685,1054,483,571
43415,269058,20344,129562,12890,248713,1054,483,571
43420,269089,20346,129578,12891,248743,1054,483,571
43425,269120,20348,129595,12893,248771,1054,483,571
43430,269151,20352,129612,12896,248798,1054,483,571
43435,269182,20355,129624,12899,248827,1055,483,572
43440,269213,20359,129638,12902,248853,1056,483,573
43445,269244,20365,129650,12905,248879,1056,483,573
43450,269275,20367,129662,12906,248908,1056,483,573
43455,269306,20369,129682,12907,248937,1056,483,573
43460,269337,20371,129694,12907,248966,1056,483,573
43465,269368,20373,129709,12908,248995,1056,483,573
43470,269399,20375,129722,12908,249024,1056,483,573
43475,269430,20377,129736,12910,249053,1056,483,573
43480,269461,20379,129751,12910,249082,1056,483,573
43485,269492,20381,129765,12910,249111,1056,483,573
43490,269523,20383,129780,12911,249140,1056,483,573
43495,269554,20385,129793,12913,249169,1056,483,573
43500,269585,20387,129806,12913,249198,1056,483,573
43505,269616,20389,129823,12913,249227,1056,483,573
43510,269647,20391,129835,12914,249256,1056,483,573
43515,269678,20393,129849,12914,249285,1056,483,573
43520,269709,20395,129866,12915,249314,1056,483,573
43525,269740,20397,129879,12916,249343,1056,483,573
43530,269771,20399,129898,12918,249372,1056,483,573
43535,269802,20401,129910,12919,249401,1056,483,573
43540,269833,20403,129922,12920,249430,1056,483,573
43545,269864,20406,129934,12922,249457,1056,483,573
43550,269895,20414,129951,12929,249479,1057,483,574
43555,269926,20420,129964,12934,249505,1057,483,574
43560,269957,20426,129979,12938,249530,1057,483,574
43565,269988,20429,129995,12940,249559,1057,483,574
43570,270019,20430,130010,12941,249589,1057,483,574
43575,270050,20431,130017,12941,249619,1057,483,574
43580,270081,20433,130031,12942,249648,1057,483,574
43585,270112,20434,130047,12942,249678,1057,483,574
43590,270143,20435,130067,12943,249708,1057,483,574
43595,270174,20437,130082,12945,249737,1057,483,574
43600,270205,20438,130098,12945,249767,1057,483,574
43605,270236,20439,130113,12945,249797,1057,483,574
43610,270267,20441,130128,12946,249826,1057,483,574
43615,270298,20442,130140,12946,249856,1057,483,574
43620,270329,20443,130155,12947,249886,1057,483,574
43625,270360,20443,130167,12947,249917,1057,483,574
43630,270391,20443,130181,12947,249948,1057,483,574
43635,270422,20443,130192,12947,249979,1057,483,574
43640,270453,20443,130207,12947,250010,1057,483,574
43645,270484,20443,130221,12947,250041,1057,483,574
43650,270515,20443,130232,12947,250072,1057,483,574
43655,270546,20443,130245,12947,250103,1057,483,574
43660,270577,20445,130264,12949,250132,1057,483,574
43665,270608,20448,130278,12951,250160,1058,483,575
43670,270639,20451,130292,12952,250188,1059,484,575
43675,270670,20456,130303,12956,250213,1059,484,575
43680,270701,20463,130314,12960,250238,1059,484,575
43685,270732,20466,130324,12961,250265,1059,484,575
43690,270763,20470,130340,12965,250293,1059,484,575
43695,270794,20473,130348,12965,250321,1059,484,575
43700,270825,20476,130362,12965,250348,1059,484,575
43705,270856,20480,130377,12967,250375,1059,484,575
43710,270887,20484,130391,12971,250401,1059,484,575
43715,270918,20489,130407,12974,250427,1059,484,575
43720,270949,20494,130422,12978,250454,1059,484,575
43725,270980,20498,130435,12981,250481,1059,484,575
43730,271011,20501,130447,12984,250510,1059,484,575
43735,271042,20503,130465,12985,250539,1059,484,575
43740,271073,20505,130482,12986,250568,1059,484,575
43745,271104,20507,130493,12987,250597,1059,484,575
43750,271135,20508,130510,12988,250627,1059,484,575
43755,271166,20509,130523,12988,250657,1059,484,575
43760,271197,20510,130538,12989,250687,1059,484,575
43765,271228,20511,130558,12990,250717,1059,484,575
43770,271259,20512,130574,12990,250747,1059,484,575
43775,271290,20513,130593,12990,250777,1059,484,575
43780,271321,20514,130607,12991,250807,1059,484,575
43785,271352,20515,130620,12992,250837,1060,485,575
43790,271383,20519,130632,12994,250864,1061,485,576
43795,271414,20522,130647,12996,250892,1061,485,576
43800,271445,20525,130663,12998,250920,1061,485,576
43805,271476,20530,130677,13001,250945,1061,485,576
43810,271507,20534,130691,13003,250972,1061,485,576
43815,271538,20537,130703,13006,251000,1061,485,576
43820,271569,20541,130720,13008,251027,1061,485,576
43825,271600,20545,130736,13011,251055,1061,485,576
43830,271631,20547,130754,13012,251083,1061,485,576
43835,271662,20551,130771,13015,251111,1061,485,576
43840,271693,20553,130788,13016,251140,1061,485,576
43845,271724,20554,130805,13017,251170,1061,485,576
43850,271755,20556,130820,13019,251199,1061,485,576
43855,271786,20558,130837,13020,251228,1061,485,576
43860,271817,20559,130851,13020,251258,1061,485,576
43865,271848,20560,130864,13020,251288,1061,485,576
43870,271879,20561,130876,13020,251318,1061,485,576
43875,271910,20562,130894,13020,251348,1061,485,576
43880,271941,20563,130909,13021,251378,1061,485,576
43885,271972,20564,130924,13022,251408,1061,485,576
43890,272003,20565,130936,13022,251438,1061,485,576
43895,272034,20566,130950,13022,251468,1062,485,577
43900,272065,20566,130963,13022,251499,1063,485,578
43905,272096,20567,130973,13023,251529,1064,485,579
43910,272127,20569,130985,13024,251558,1064,485,579
43915,272158,20573,130999,13028,251585,1064,485,579
43920,272189,20578,131013,13032,251611,1064,485,579
43925,272220,20581,131026,13033,251638,1064,485,579
43930,272251,20584,131040,13034,251667,1064,485,579
43935,272282,20587,131055,13036,251694,1064,485,579
43940,272313,20590,131074,13039,251722,1064,485,579
43945,272344,20593,131088,13041,251751,1064,485,579
43950,272375,20595,131105,13042,251780,1064,485,579
43955,272406,20597,131119,13043,251808,1064,485,579
43960,272437,20600,131133,13045,251836,1064,485,579
43965,272468,20603,131147,13047,251864,1064,485,579
43970,272499,20606,131162,13050,251892,1064,485,579
43975,272530,20609,131176,13052,251921,1064,485,579
43980,272561,20611,131191,13053,251950,1064,485,579
43985,272592,20611,131208,13053,251981,1064,485,579
43990,272623,20611,131221,13053,252012,1064,485,579
43995,272654,20611,131239,13053,252043,1064,485,579
44000,272685,20611,131255,13053,252074,1064,485,579
44005,272716,20611,131268,13053,252105,1064,485,579
44010,272747,20611,131285,13053,252136,1064,485,579
44015,272778,20611,131300,13053,252167,1064,485,579
44020,272809,20611,131308,13053,252198,1064,485,579
44025,272840,20611,131324,13053,252229,1064,485,579
44030,272871,20612,131334,13054,252259,1064,485,579
44035,272902,20614,131353,13054,252287,1064,485,579
44040,272933,20618,131365,13056,252314,1064,485,579
44045,272964,20621,131375,13058,252343,1064,485,579
44050,272995,20623,131393,13060,252372,1064,485,579
44055,273026,20626,131410,13062,252400,1064,485,579
44060,273057,20628,131427,13064,252429,1064,485,579
44065,273088,20630,131445,13065,252458,1064,485,579
44070,273119,20632,131460,13065,252487,1064,485,579
44075,273150,20634,131475,13067,252516,1064,485,579
44080,273181,20636,131493,13068,252544,1064,485,579
44085,273212,20639,131513,13070,252573,1064,485,579
44090,273243,20642,131527,13073,252600,1064,485,579
44095,273274,20646,131539,13076,252626,1064,485,579
44100,273305,20653,131560,13081,252650,1064,485,579
44105,273336,20661,131572,13087,252675,1065,485,580
44110,273367,20666,131586,13089,252701,1065,485,580
44115,273398,20668,131603,13090,252730,1065,485,580
44120,273429,20671,131617,13092,252758,1065,485,580
44125,273460,20673,131627,13092,252787,1065,485,580
44130,273491,20675,131643,13094,252816,1065,485,580
44135,273522,20677,131661,13096,252845,1065,485,580
44140,273553,20679,131681,13098,252874,1065,485,580
44145,273584,20681,131698,13100,252903,1065,485,580
44150,273615,20684,131715,13101,252931,1065,485,580
44155,273646,20685,131732,13101,252961,1065,485,580
44160,273677,20686,131748,13102,252991,1065,485,580
44165,273708,20689,131766,13105,253019,1065,485,580
44170,273739,20690,131785,13106,253049,1065,485,580
44175,273770,20691,131803,13106,253079,1065,485,580
44180,273801,20692,131817,13107,253109,1065,485,580
44185,273832,20693,131830,13107,253139,1065,485,580
44190,273863,20694,131848,13108,253169,1065,485,580
44195,273894,20695,131861,13108,253199,1065,485,580
44200,273925,20696,131873,13109,253229,1065,485,580
44205,273956,20697,131892,13110,253259,1065,485,580
44210,273987,20700,131913,13112,253287,1065,485,580
44215,274018,20702,131930,13114,253316,1065,485,580
44220,274049,20703,131945,13115,253346,1066,485,581
44225,274080,20707,131963,13118,253373,1066,485,581
44230,274111,20710,131982,13120,253401,1066,485,581
44235,274142,20713,131996,13122,253429,1066,485,581
44240,274173,20716,132015,13124,253457,1066,485,581
44245,274204,20718,132028,13125,253486,1066,485,581
44250,274235,20721,132037,13127,253514,1066,485,581
44255,274266,20723,132049,13127,253543,1066,485,581
44260,274297,20725,132063,13128,253572,1066,485,581
44265,274328,20727,132080,13130,253600,1066,485,581
44270,274359,20731,132096,13132,253628,1066,485,581
44275,274390,20734,132106,13134,253656,1066,485,581
44280,274421,20738,132121,13135,253683,1066,485,581
44285,274452,20740,132135,13136,253712,1066,485,581
44290,274483,20743,132158,13138,253740,1066,485,581
44295,274514,20746,132176,13140,253768,1066,485,581
44300,274545,20749,132192,13143,253796,1066,485,581
44305,274576,20752,132210,13146,253824,1066,485,581
44310,274607,20755,132225,13148,253852,1066,485,581
44315,274638,20757,132241,13148,253881,1066,485,581
44320,274669,20759,132254,13149,253910,1066,485,581
44325,274700,20763,132264,13150,253937,1066,485,581
44330,274731,20768,132278,13153,253963,1067,486,581
44335,274762,20772,132295,13157,253989,1068,487,581
44340,274793,20778,132309,13161,254015,1068,487,581
44345,274824,20779,132326,13161,254044,1068,487,581
44350,274855,20781,132340,13163,254074,1068,487,581
44355,274886,20782,132352,13164,254103,1068,487,581
44360,274917,20784,132365,13165,254133,1068,487,581
44365,274948,20785,132374,13166,254163,1068,487,581
44370,274979,20786,132388,13166,254192,1068,487,581
44375,275010,20788,132400,13167,254222,1068,487,581
44380,275041,20789,132416,13168,254251,1068,487,581
44385,275072,20791,132427,13169,254280,1068,487,581
44390,275103,20794,132440,13171,254308,1068,487,581
44395,275134,20797,132453,13173,254337,1068,487,581
44400,275165,20799,132466,13174,254366,1068,487,581
44405,275196,20800,132486,13174,254396,1068,487,581
44410,275227,20801,132504,13175,254426,1068,487,581
44415,275258,20802,132521,13176,254456,1068,487,581
44420,275289,20803,132537,13176,254486,1068,487,581
44425,275320,20804,132549,13177,254516,1068,487,581
44430,275351,20805,132566,13178,254546,1068,487,581
44435,275382,20807,132581,13178,254575,1068,487,581
44440,275413,20809,132594,13178,254604,1069,487,582
44445,275444,20812,132610,13179,254630,1070,487,583
44450,275475,20818,132625,13183,254655,1071,487,584
44455,275506,20824,132640,13189,254681,1072,487,585
44460,275537,20831,132653,13196,254705,1073,487,586
44465,275568,20835,132667,13199,254733,1073,487,586
44470,275599,20837,132683,13200,254762,1073,487,586
44475,275630,20840,132694,13202,254790,1073,487,586
44480,275661,20841,132713,13202,254820,1073,487,586
44485,275692,20843,132726,13203,254849,1073,487,586
44490,275723,20844,132743,13203,254879,1073,487,586
44495,275754,20845,132755,13203,254909,1073,487,586
44500,275785,20846,132767,13204,254939,1073,487,586
44505,275816,20847,132781,13205,254969,1073,487,586
44510,275847,20848,132802,13206,254999,1073,487,586
44515,275878,20849,132811,13206,255029,1073,487,586
44520,275909,20850,132825,13207,255059,1073,487,586
44525,275940,20850,132843,13207,255090,1073,487,586
44530,275971,20850,132858,13207,255121,1073,487,586
44535,276002,20850,132872,13207,255152,1073,487,586
44540,276033,20850,132887,13207,255183,1073,487,586
44545,276064,20850,132899,13207,255214,1073,487,586
44550,276095,20850,132911,13207,255245,1073,487,586
44555,276126,20850,132929,13207,255276,1073,487,586
44560,276157,20850,132941,13207,255307,1073,487,586
44565,276188,20851,132956,13207,255337,1073,487,586
44570,276219,20852,132972,13208,255366,1074,488,586
44575,276250,20855,132983,13209,255393,1075,489,586
44580,276281,20861,133000,13213,255419,1075,489,586
44585,276312,20867,133016,13218,255444,1075,489,586
44590,276343,20871,133033,13220,255472,1075,489,586
44595,276374,20874,133044,13222,255499,1075,489,586
44600,276405,20880,133059,13226,255524,1075,489,586
44605,276436,20886,133074,13230,255549,1075,489,586
44610,276467,20890,133086,13232,255577,1075,489,586
44615,276498,20895,133103,13234,255603,1075,489,586
44620,276529,20899,133116,13238,255630,1075,489,586
44625,276560,20903,133129,13240,255656,1075,489,586
44630,276591,20905,133139,13241,255686,1075,489,586
44635,276622,20907,133160,13242,255714,1075,489,586
44640,276653,20909,133175,13243,255744,1075,489,586
44645,276684,20910,133187,13244,255774,1075,489,586
44650,276715,20911,133204,13245,255804,1075,489,586
44655,276746,20912,133218,13245,255834,1075,489,586
44660,276777,20914,133231,13246,255863,1075,489,586
44665,276808,20915,133245,13246,255893,1075,489,586
44670,276839,20916,133253,13246,255923,1075,489,586
44675,276870,20917,133267,13247,255953,1075,489,586
44680,276901,20918,133280,13248,255983,1075,489,586
44685,276932,20919,133290,13248,256013,1076,490,586
44690,276963,20920,133306,13248,256043,1077,490,587
44695,276994,20922,133319,13249,256072,1077,490,587
44700,277025,20923,133335,13249,256102,1077,490,587
44705,277056,20924,133342,13249,256132,1077,490,587
44710,277087,20925,133356,13250,256162,1077,490,587
44715,277118,20926,133367,13250,256192,1077,490,587
44720,277149,20928,133383,13252,256221,1077,490,587
44725,277180,20930,133398,13254,256250,1077,490,587
44730,277211,20932,133411,13256,256279,1077,490,587
44735,277242,20935,133431,13258,256307,1077,490,587
44740,277273,20938,133453,13260,256335,1077,490,587
44745,277304,20940,133468,13261,256364,1077,490,587
44750,277335,20944,133481,13264,256391,1077,490,587
44755,277366,20948,133496,13267,256417,1077,490,587
44760,277397,20952,133508,13270,256444,1077,490,587
44765,277428,20957,133519,13274,256471,1077,490,587
44770,277459,20959,133539,13276,256500,1077,490,587
44775,277490,20961,133556,13277,256529,1077,490,587
44780,277521,20962,133577,13277,256559,1077,490,587
44785,277552,20963,133588,13277,256589,1077,490,587
44790,277583,20965,133600,13278,256618,1077,490,587
44795,277614,20967,133623,13280,256646,1078,491,587
44800,277645,20969,133636,13281,256676,1079,491,588
44805,277676,20970,133650,13281,256705,1079,491,588
44810,277707,20972,133664,13283,256734,1079,491,588
44815,277738,20976,133678,13287,256762,1079,491,588
44820,277769,20978,133694,13288,256791,1079,491,588
44825,277800,20981,133709,13289,256819,1079,491,588
44830,277831,20982,133725,13290,256849,1079,491,588
44835,277862,20983,133739,13290,256878,1079,491,588
44840,277893,20984,133751,13291,256909,1079,491,588
44845,277924,20984,133764,13291,256940,1079,491,588
44850,277955,20984,133777,13291,256971,1079,491,588
44855,277986,20984,133791,13291,257002,1079,491,588
44860,278017,20984,133805,13291,257033,1079,491,588
44865,278048,20984,133822,13291,257064,1079,491,588
44870,278079,20984,133835,13291,257095,1079,491,588
44875,278110,20985,133844,13292,257125,1079,491,588
44880,278141,20986,133862,13293,257154,1079,491,588
44885,278172,20988,133874,13294,257184,1080,491,589
44890,278203,20990,133888,13296,257213,1081,491,590
44895,278234,20991,133904,13297,257243,1081,491,590
44900,278265,20992,133921,13297,257273,1081,491,590
44905,278296,20993,133943,13298,257303,1081,491,590
44910,278327,20994,133962,13299,257333,1081,491,590
44915,278358,20995,133973,13300,257363,1081,491,590
44920,278389,20996,133986,13300,257393,1081,491,590
44925,278420,20998,133995,13301,257422,1081,491,590
44930,278451,21001,134009,13302,257450,1081,491,590
44935,278482,21005,134023,13305,257477,1081,491,590
44940,278513,21010,134035,13307,257503,1081,491,590
44945,278544,21015,134048,13309,257529,1081,491,590
44950,278575,21020,134063,13313,257555,1081,491,590
44955,278606,21025,134081,13316,257581,1081,491,590
44960,278637,21032,134096,13322,257605,1081,491,590
44965,278668,21038,134111,13326,257630,1081,491,590
44970,278699,21045,134127,13329,257654,1081,491,590
44975,278730,21048,134140,13331,257682,1081,491,590
44980,278761,21054,134156,13336,257707,1081,491,590
44985,278792,21057,134171,13338,257735,1081,491,590
44990,278823,21060,134187,13340,257763,1081,491,590
44995,278854,21063,134205,13343,257791,1081,491,590
45000,278885,21064,134222,13343,257821,1082,492,590
45005,278916,21064,134233,13343,257852,1083,492,591
45010,278947,21064,134246,13343,257883,1083,492,591
45015,278978,21064,134265,13343,257914,1083,492,591
45020,279009,21064,134282,13343,257945,1083,492,591
45025,279040,21064,134292,13343,257976,1083,492,591
45030,279071,21064,134307,13343,258007,1083,492,591
45035,279102,21064,134319,13343,258038,1083,492,591
45040,279133,21064,134335,13343,258069,1083,492,591
45045,279164,21064,134348,13343,258100,1083,492,591
45050,279195,21064,134369,13343,258131,1083,492,591
45055,279226,21064,134385,13343,258162,1083,492,591
45060,279257,21064,134399,13343,258193,1083,492,591
45065,279288,21064,134417,13343,258224,1083,492,591
45070,279319,21064,134430,13343,258255,1083,492,591
45075,279350,21064,134445,13343,258286,1083,492,591
45080,279381,21064,134458,13343,258317,1083,492,591
45085,279412,21064,134471,13343,258348,1083,492,591
45090,279443,21065,134482,13343,258378,1083,492,591
45095,279474,21066,134497,13344,258408,1083,492,591
45100,279505,21069,134516,13345,258436,1083,492,591
45105,279536,21073,134527,13347,258463,1083,492,591
45110,279567,21078,134540,13350,258489,1083,492,591
45115,279598,21084,134553,13354,258514,1083,492,591
45120,279629,21090,134563,13357,258539,1083,492,591
45125,279660,21094,134580,13361,258566,1083,492,591
45130,279691,21097,134595,13361,258594,1083,492,591
45135,279722,21101,134607,13363,258621,1083,492,591
45140,279753,21104,134622,13365,258649,1084,492,592
45145,279784,21106,134634,13366,258678,1085,492,593
45150,279815,21108,134648,13368,258706,1085,492,593
45155,279846,21111,134660,13369,258734,1085,492,593
45160,279877,21115,134678,13372,258761,1085,492,593
45165,279908,21118,134695,13373,258790,1085,492,593
45170,279939,21121,134713,13375,258818,1085,492,593
45175,279970,21123,134725,13377,258847,1085,492,593
45180,280001,21125,134736,13377,258876,1085,492,593
45185,280032,21129,134746,13379,258903,1085,492,593
45190,280063,21132,134762,13380,258931,1085,492,593
45195,280094,21136,134778,13383,258958,1085,492,593
45200,280125,21140,134793,13387,258985,1085,492,593
45205,280156,21144,134810,13390,259012,1085,492,593
45210,280187,21148,134828,13393,259039,1085,492,593
45215,280218,21151,134843,13394,259067,1085,492,593
45220,280249,21155,134854,13396,259094,1085,492,593
45225,280280,21159,134868,13399,259121,1085,492,593
45230,280311,21162,134883,13400,259149,1085,492,593
45235,280342,21164,134896,13401,259178,1085,492,593
45240,280373,21167,134907,13402,259206,1085,492,593
45245,280404,21169,134925,13402,259234,1085,492,593
45250,280435,21172,134939,13403,259263,1085,492,593
45255,280466,21175,134955,13405,259290,1085,492,593
45260,280497,21178,134971,13407,259318,1086,492,594
45265,280528,21181,134988,13409,259346,1087,493,594
45270,280559,21184,135002,13412,259374,1087,493,594
45275,280590,21187,135016,13414,259403,1087,493,594
45280,280621,21188,135031,13415,259432,1087,493,594
45285,280652,21190,135046,13416,259462,1087,493,594
45290,280683,21191,135062,13417,259492,1087,493,594
45295,280714,21192,135078,13418,259522,1087,493,594
45300,280745,21193,135090,13418,259552,1087,493,594
45305,280776,21195,135106,13420,259580,1087,493,594
45310,280807,21198,135120,13422,259609,1087,493,594
45315,280838,21201,135129,13424,259637,1087,493,594
45320,280869,21202,135144,13425,259666,1087,493,594
45325,280900,21203,135157,13426,259697,1087,493,594
45330,280931,21205,135176,13428,259725,1087,493,594
45335,280962,21208,135194,13431,259754,1087,493,594
45340,280993,21211,135210,13433,259782,1087,493,594
45345,281024,21213,135225,13434,259811,1087,493,594
45350,281055,21217,135237,13437,259838,1087,493,594
45355,281086,21219,135252,13438,259867,1087,493,594
45360,281117,21223,135272,13442,259894,1087,493,594
45365,281148,21226,135291,13445,259922,1087,493,594
45370,281179,21228,135304,13446,259951,1087,493,594
45375,281210,21230,135319,13446,259980,1088,494,594
45380,281241,21233,135337,13448,260008,1089,494,595
45385,281272,21235,135352,13449,260037,1090,495,595
45390,281303,21237,135365,13450,260066,1091,496,595
45395,281334,21239,135380,13451,260095,1091,496,595
45400,281365,21241,135396,13452,260124,1091,496,595
45405,281396,21243,135414,13454,260153,1091,496,595
45410,281427,21245,135426,13454,260182,1091,496,595
45415,281458,21247,135435,13456,260211,1091,496,595
45420,281489,21249,135454,13458,260240,1091,496,595
45425,281520,21253,135470,13459,260267,1091,496,595
45430,281551,21257,135482,13461,260294,1091,496,595
45435,281582,21261,135495,13464,260321,1091,496,595
45440,281613,21265,135512,13467,260348,1091,496,595
45445,281644,21270,135530,13471,260374,1091,496,595
45450,281675,21273,135550,13474,260402,1091,496,595
45455,281706,21276,135564,13475,260430,1091,496,595
45460,281737,21280,135581,13479,260457,1091,496,595
45465,281768,21283,135597,13480,260485,1091,496,595
45470,281799,21285,135609,13481,260513,1091,496,595
45475,281830,21289,135628,13483,260541,1091,496,595
45480,281861,21293,135642,13486,260567,1091,496,595
45485,281892,21296,135657,13488,260595,1091,496,595
45490,281923,21298,135674,13489,260625,1091,496,595
45495,281954,21299,135690,13489,260655,1091,496,595
45500,281985,21300,135703,13489,260685,1092,496,596
45505,282016,21301,135715,13490,260715,1093,496,597
45510,282047,21302,135733,13490,260745,1094,496,598
45515,282078,21303,135744,13491,260775,1095,496,599
45520,282109,21304,135759,13491,260805,1096,497,599
45525,282140,21305,135772,13491,260835,1097,497,600
45530,282171,21306,135789,13492,260865,1098,498,600
45535,282202,21307,135804,13492,260895,1098,498,600
45540,282233,21308,135823,13493,260925,1098,498,600
45545,282264,21309,135839,13494,260955,1098,498,600
45550,282295,21310,135856,13495,260985,1098,498,600
45555,282326,21311,135866,13495,261015,1098,498,600
45560,282357,21312,135884,13496,261045,1098,498,600
45565,282388,21313,135901,13497,261075,1098,498,600
45570,282419,21314,135913,13497,261105,1098,498,600
45575,282450,21315,135929,13497,261135,1098,498,600
45580,282481,21316,135945,13498,261165,1098,498,600
45585,282512,21317,135958,13498,261195,1098,498,600
45590,282543,21320,135974,13500,261223,1098,498,600
45595,282574,21326,135995,13505,261247,1098,498,600
45600,282605,21331,136010,13509,261273,1098,498,600
45605,282636,21336,136028,13512,261299,1099,498,601
45610,282667,21338,136042,13513,261329,1099,498,601
45615,282698,21340,136059,13515,261358,1099,498,601
45620,282729,21342,136076,13516,261387,1099,498,601
45625,282760,21343,136092,13516,261417,1099,498,601
45630,282791,21345,136107,13518,261446,1099,498,601
45635,282822,21346,136121,13518,261476,1099,498,601
45640,282853,21347,136132,13519,261506,1099,498,601
45645,282884,21348,136144,13519,261536,1099,498,601
45650,282915,21349,136158,13519,261566,1099,498,601
45655,282946,21350,136174,13520,261596,1099,498,601
45660,282977,21350,136190,13520,261627,1099,498,601
45665,283008,21350,136204,13520,261658,1099,498,601
45670,283039,21350,136219,13520,261689,1099,498,601
45675,283070,21350,136234,13520,261720,1099,498,601
45680,283101,21350,136254,13520,261751,1099,498,601
45685,283132,21350,136266,13520,261782,1099,498,601
45690,283163,21350,136282,13520,261813,1099,498,601
45695,283194,21350,136295,13520,261844,1099,498,601
45700,283225,21350,136305,13520,261875,1099,498,601
45705,283256,21351,136320,13520,261904,1099,498,601
45710,283287,21355,136336,13524,261931,1099,498,601
45715,283318,21362,136352,13529,261956,1100,498,602
45720,283349,21367,136363,13533,261982,1100,498,602
45725,283380,21371,136382,13537,262009,1100,498,602
45730,283411,21375,136399,13540,262035,1100,498,602
45735,283442,21380,136413,13544,262062,1100,498,602
45740,283473,21382,136428,13544,262091,1100,498,602
45745,283504,21384,136440,13544,262120,1100,498,602
45750,283535,21386,136455,13545,262148,1100,498,602
45755,283566,21389,136463,13546,262177,1100,498,602
45760,283597,21391,136480,13546,262206,1100,498,602
45765,283628,21393,136495,13546,262234,1100,498,602
45770,283659,21396,136506,13548,262263,1100,498,602
45775,283690,21398,136520,13548,262291,1100,498,602
45780,283721,21401,136541,13550,262319,1100,498,602
45785,283752,21404,136552,13552,262347,1100,498,602
45790,283783,21407,136567,13554,262376,1100,498,602
45795,283814,21409,136584,13556,262405,1100,498,602
45800,283845,21411,136596,13557,262434,1100,498,602
45805,283876,21413,136610,13558,262463,1100,498,602
45810,283907,21415,136626,13559,262491,1100,498,602
45815,283938,21418,136642,13561,262520,1100,498,602
45820,283969,21419,136661,13562,262550,1100,498,602
45825,284000,21420,136672,13562,262580,1101,499,602
45830,284031,21424,136686,13564,262607,1101,499,602
45835,284062,21429,136699,13568,262633,1101,499,602
45840,284093,21430,136709,13568,262662,1101,499,602
45845,284124,21434,136724,13571,262690,1101,499,602
45850,284155,21438,136735,13574,262717,1101,499,602
45855,284186,21441,136751,13577,262745,1101,499,602
45860,284217,21443,136767,13578,262774,1101,499,602
45865,284248,21446,136780,13580,262802,1101,499,602
45870,284279,21448,136795,13582,262831,1101,499,602
45875,284310,21452,136814,13586,262858,1101,499,602
45880,284341,21454,136829,13587,262887,1101,499,602
45885,284372,21456,136843,13589,262916,1101,499,602
45890,284403,21459,136860,13592,262944,1101,499,602
45895,284434,21460,136876,13592,262974,1101,499,602
45900,284465,21462,136887,13594,263003,1101,499,602
45905,284496,21464,136903,13596,263032,1101,499,602
45910,284527,21466,136921,13597,263061,1101,499,602
45915,284558,21467,136937,13597,263091,1101,499,602
45920,284589,21469,136946,13599,263120,1101,499,602
45925,284620,21471,136967,13601,263149,1101,499,602
45930,284651,21474,136985,13604,263177,1101,499,602
45935,284682,21477,137000,13606,263205,1102,499,603
45940,284713,21481,137017,13609,263232,1103,500,603
45945,284744,21484,137036,13611,263260,1103,500,603
45950,284775,21488,137049,13613,263287,1103,500,603
45955,284806,21491,137063,13613,263314,1103,500,603
45960,284837,21498,137080,13619,263339,1103,500,603
45965,284868,21501,137094,13620,263366,1103,500,603
45970,284899,21506,137113,13623,263393,1103,500,603
45975,284930,21509,137128,13624,263421,1103,500,603
45980,284961,21513,137139,13626,263448,1103,500,603
45985,284992,21516,137150,13626,263475,1103,500,603
45990,285023,21520,137164,13630,263503,1103,500,603
45995,285054,21524,137175,13632,263530,1103,500,603
46000,285085,21527,137189,13634,263557,1103,500,603
46005,285116,21529,137201,13635,263587,1103,500,603
46010,285147,21530,137213,13636,263616,1103,500,603
46015,285178,21532,137225,13638,263646,1103,500,603
46020,285209,21533,137241,13639,263676,1103,500,603
46025,285240,21534,137258,13639,263706,1103,500,603
46030,285271,21535,137268,13639,263735,1103,500,603
46035,285302,21536,137285,13640,263766,1103,500,603
46040,285333,21536,137300,13640,263797,1103,500,603
46045,285364,21536,137311,13640,263828,1103,500,603
46050,285395,21536,137328,13640,263859,1104,501,603
46055,285426,21536,137345,13640,263890,1105,501,604
46060,285457,21536,137365,13640,263921,1105,501,604
46065,285488,21536,137379,13640,263952,1105,501,604
46070,285519,21537,137387,13640,263982,1105,501,604
46075,285550,21540,137404,13642,264009,1105,501,604
46080,285581,21542,137418,13643,264039,1105,501,604
46085,285612,21546,137434,13646,264066,1105,501,604
46090,285643,21550,137449,13649,264093,1105,501,604
46095,285674,21553,137463,13651,264121,1105,501,604
46100,285705,21558,137471,13653,264147,1105,501,604
46105,285736,21562,137483,13654,264174,1105,501,604
46110,285767,21566,137493,13655,264201,1105,501,604
46115,285798,21570,137510,13657,264228,1105,501,604
46120,285829,21575,137530,13661,264254,1105,501,604
46125,285860,21580,137545,13665,264280,1105,501,604
46130,285891,21583,137561,13666,264308,1105,501,604
46135,285922,21586,137576,13669,264336,1105,501,604
46140,285953,21588,137593,13670,264365,1105,501,604
46145,285984,21590,137608,13671,264393,1105,501,604
46150,286015,21593,137629,13674,264421,1105,501,604
46155,286046,21596,137644,13676,264449,1105,501,604
46160,286077,21600,137661,13680,264477,1105,501,604
46165,286108,21603,137676,13682,264505,1106,502,604
46170,286139,21606,137692,13684,264532,1107,503,604
46175,286170,21610,137706,13688,264560,1107,503,604
46180,286201,21612,137720,13690,264589,1107,503,604
46185,286232,21613,137733,13691,264619,1107,503,604
46190,286263,21615,137750,13692,264647,1107,503,604
46195,286294,21617,137762,13693,264676,1107,503,604
46200,286325,21619,137771,13694,264706,1107,503,604
46205,286356,21621,137791,13696,264735,1107,503,604
46210,286387,21623,137811,13697,264764,1107,503,604
46215,286418,21624,137825,13697,264794,1107,503,604
46220,286449,21624,137840,13697,264825,1107,503,604
46225,286480,21624,137851,13697,264856,1107,503,604
46230,286511,21624,137864,13697,264887,1107,503,604
46235,286542,21625,137879,13697,264917,1107,503,604
46240,286573,21627,137900,13698,264945,1107,503,604
46245,286604,21631,137917,13700,264972,1107,503,604
46250,286635,21635,137931,13702,264999,1107,503,604
46255,286666,21639,137948,13705,265027,1107,503,604
46260,286697,21642,137968,13707,265054,1107,503,604
46265,286728,21645,137986,13710,265083,1107,503,604
46270,286759,21646,138001,13710,265113,1107,503,604
46275,286790,21647,138020,13711,265143,1107,503,604
46280,286821,21648,138038,13712,265173,1107,503,604
46285,286852,21649,138053,13713,265203,1108,503,605
46290,286883,21650,138064,13713,265233,1109,504,605
46295,286914,21651,138084,13714,265262,1109,504,605
46300,286945,21653,138101,13716,265292,1109,504,605
46305,286976,21654,138118,13716,265322,1109,504,605
46310,287007,21655,138133,13717,265352,1109,504,605
46315,287038,21657,138149,13718,265381,1109,504,605
46320,287069,21660,138164,13719,265409,1109,504,605
46325,287100,21663,138178,13721,265436,1109,504,605
46330,287131,21667,138198,13724,265463,1109,504,605
46335,287162,21671,138210,13725,265490,1109,504,605
46340,287193,21676,138224,13729,265516,1109,504,605
46345,287224,21681,138244,13733,265543,1109,504,605
46350,287255,21684,138261,13735,265570,1109,504,605
46355,287286,21689,138279,13739,265597,1109,504,605
46360,287317,21693,138292,13741,265624,1109,504,605
46365,287348,21697,138306,13745,265651,1109,504,605
46370,287379,21702,138316,13746,265676,1109,504,605
46375,287410,21707,138327,13748,265703,1109,504,605
46380,287441,21711,138339,13748,265730,1109,504,605
46385,287472,21714,138355,13750,265758,1109,504,605
46390,287503,21718,138372,13753,265785,1109,504,605
46395,287534,21722,138388,13755,265812,1109,504,605
46400,287565,21726,138402,13758,265839,1109,504,605
46405,287596,21729,138415,13760,265867,1109,504,605
46410,287627,21734,138430,13763,265893,1109,504,605
46415,287658,21736,138442,13765,265922,1109,504,605
46420,287689,21738,138461,13767,265951,1109,504,605
46425,287720,21741,138476,13769,265979,1109,504,605
46430,287751,21743,138490,13771,266008,1109,504,605
46435,287782,21744,138507,13772,266038,1109,504,605
46440,287813,21746,138520,13773,266067,1109,504,605
46445,287844,21748,138537,13775,266096,1109,504,605
46450,287875,21749,138550,13775,266126,1109,504,605
46455,287906,21751,138562,13777,266155,1109,504,605
46460,287937,21753,138578,13779,266184,1109,504,605
46465,287968,21754,138591,13779,266214,1109,504,605
46470,287999,21755,138605,13780,266244,1109,504,605
46475,288030,21757,138617,13782,266273,1109,504,605
46480,288061,21758,138632,13783,266303,1109,504,605
46485,288092,21759,138642,13783,266332,1109,504,605
46490,288123,21763,138659,13785,266359,1109,504,605
46495,288154,21768,138673,13788,266386,1109,504,605
46500,288185,21771,138685,13790,266413,1110,504,606
46505,288216,21773,138695,13791,266443,1111,504,607
46510,288247,21774,138711,13791,266472,1112,505,607
46515,288278,21776,138724,13792,266502,1112,505,607
46520,288309,21778,138743,13793,266531,1112,505,607
46525,288340,21780,138760,13794,266560,1112,505,607
46530,288371,21782,138773,13796,266589,1112,505,607
46535,288402,21786,138786,13798,266616,1112,505,607
46540,288433,21790,138801,13800,266643,1112,505,607
46545,288464,21794,138819,13802,266670,1112,505,607
46550,288495,21798,138831,13803,266696,1112,505,607
46555,288526,21803,138844,13806,266722,1112,505,607
46560,288557,21808,138856,13808,266749,1112,505,607
46565,288588,21809,138870,13809,266779,1112,505,607
46570,288619,21810,138881,13809,266809,1112,505,607
46575,288650,21811,138893,13809,266839,1112,505,607
46580,288681,21813,138909,13811,266868,1112,505,607
46585,288712,21815,138924,13813,266897,1112,505,607
46590,288743,21816,138943,13813,266927,1112,505,607
46595,288774,21817,138958,13813,266957,1112,505,607
46600,288805,21818,138971,13814,266987,1112,505,607
46605,288836,21819,138986,13815,267017,1112,505,607
46610,288867,21820,138997,13815,267047,1112,505,607
46615,288898,21821,139012,13815,267077,1112,505,607
46620,288929,21823,139026,13816,267106,1113,506,607
46625,288960,21825,139042,13818,267135,1113,506,607
46630,288991,21825,139057,13818,267166,1113,506,607
46635,289022,21825,139081,13818,267197,1113,506,607
46640,289053,21825,139096,13818,267228,1113,506,607
46645,289084,21825,139110,13818,267259,1113,506,607
46650,289115,21825,139126,13818,267290,1113,506,607
46655,289146,21825,139142,13818,267321,1113,506,607
46660,289177,21825,139157,13818,267352,1113,506,607
46665,289208,21826,139176,13818,267381,1113,506,607
46670,289239,21830,139193,13821,267409,1113,506,607
46675,289270,21833,139208,13822,267437,1113,506,607
46680,289301,21836,139223,13823,267464,1113,506,607
46685,289332,21842,139241,13829,267490,1113,506,607
46690,289363,21847,139260,13832,267516,1113,506,607
46695,289394,21849,139281,13834,267545,1113,506,607
46700,289425,21851,139295,13835,267574,1113,506,607
46705,289456,21854,139309,13837,267602,1113,506,607
46710,289487,21857,139323,13839,267630,1113,506,607
46715,289518,21858,139338,13840,267660,1113,506,607
46720,289549,21859,139348,13841,267690,1113,506,607
46725,289580,21861,139362,13843,267719,1113,506,607
46730,289611,21865,139380,13847,267746,1113,506,607
46735,289642,21868,139392,13848,267774,1114,506,608
46740,289673,21871,139408,13850,267802,1115,507,608
46745,289704,21871,139423,13850,267833,1115,507,608
46750,289735,21871,139438,13850,267864,1115,507,608
46755,289766,21871,139453,13850,267895,1115,507,608
46760,289797,21871,139464,13850,267926,1115,507,608
46765,289828,21871,139479,13850,267957,1115,507,608
46770,289859,21871,139497,13850,267988,1115,507,608
46775,289890,21871,139513,13850,268019,1115,507,608
46780,289921,21871,139526,13850,268050,1115,507,608
46785,289952,21871,139542,13850,268081,1115,507,608
46790,289983,21871,139556,13850,268112,1115,507,608
46795,290014,21871,139568,13850,268143,1115,507,608
46800,290045,21871,139585,13850,268174,1115,507,608
46805,290076,21874,139598,13851,268201,1115,507,608
46810,290107,21880,139618,13857,268227,1115,507,608
46815,290138,21883,139629,13859,268255,1115,507,608
46820,290169,21887,139650,13861,268282,1115,507,608
46825,290200,21891,139671,13864,268309,1115,507,608
46830,290231,21894,139687,13867,268337,1115,507,608
46835,290262,21896,139699,13868,268366,1115,507,608
46840,290293,21899,139714,13870,268394,1115,507,608
46845,290324,21903,139731,13872,268421,1115,507,608
46850,290355,21907,139748,13874,268448,1115,507,608
46855,290386,21910,139763,13876,268476,1116,507,609
46860,290417,21914,139781,13879,268503,1117,508,609
46865,290448,21916,139795,13880,268531,1117,508,609
46870,290479,21919,139804,13882,268559,1117,508,609
46875,290510,21922,139825,13883,268587,1117,508,609
46880,290541,21925,139841,13884,268615,1117,508,609
46885,290572,21928,139856,13886,268644,1117,508,609
46890,290603,21930,139875,13887,268672,1117,508,609
46895,290634,21933,139894,13889,268701,1117,508,609
46900,290665,21935,139907,13889,268730,1117,508,609
46905,290696,21937,139918,13891,268759,1117,508,609
46910,290727,21939,139932,13892,268788,1117,508,609
46915,290758,21941,139948,13892,268816,1117,508,609
46920,290789,21944,139963,13894,268845,1117,508,609
46925,290820,21946,139978,13895,268874,1117,508,609
46930,290851,21949,139995,13896,268902,1117,508,609
46935,290882,21952,140009,13899,268930,1117,508,609
46940,290913,21954,140026,13900,268959,1117,508,609
46945,290944,21957,140042,13903,268987,1117,508,609
46950,290975,21958,140055,13903,269017,1117,508,609
46955,291006,21959,140068,13903,269047,1117,508,609
46960,291037,21962,140087,13905,269075,1117,508,609
46965,291068,21964,140106,13906,269104,1117,508,609
46970,291099,21968,140118,13908,269131,1117,508,609
46975,291130,21971,140130,13908,269159,1117,508,609
46980,291161,21976,140147,13910,269185,1117,508,609
46985,291192,21981,140161,13913,269211,1117,508,609
46990,291223,21984,140177,13916,269239,1117,508,609
46995,291254,21986,140190,13918,269268,1117,508,609
47000,291285,21989,140200,13919,269296,1117,508,609
47005,291316,21991,140216,13919,269325,1117,508,609
47010,291347,21993,140231,13920,269354,1117,508,609
47015,291378,21995,140249,13922,269383,1117,508,609
47020,291409,21998,140264,13924,269411,1117,508,609
47025,291440,22000,140276,13924,269440,1117,508,609
47030,291471,22002,140290,13926,269468,1117,508,609
47035,291502,22005,140309,13929,269496,1117,508,609
47040,291533,22009,140322,13932,269524,1117,508,609
47045,291564,22010,140342,13933,269554,1118,508,610
47050,291595,22011,140358,13934,269583,1119,508,611
47055,291626,22012,140373,13935,269614,1119,508,611
47060,291657,22012,140387,13935,269645,1119,508,611
47065,291688,22012,140402,13935,269676,1119,508,611
47070,291719,22012,140414,13935,269707,1119,508,611
47075,291750,22012,140431,13935,269738,1119,508,611
47080,291781,22012,140438,13935,269769,1119,508,611
47085,291812,22012,140452,13935,269800,1119,508,611
47090,291843,22012,140465,13935,269831,1119,508,611
47095,291874,22012,140479,13935,269862,1119,508,611
47100,291905,22012,140493,13935,269893,1119,508,611
47105,291936,22012,140508,13935,269924,1119,508,611
47110,291967,22012,140519,13935,269955,1119,508,611
47115,291998,22012,140531,13935,269986,1119,508,611
47120,292029,22012,140546,13935,270017,1119,508,611
47125,292060,22012,140563,13935,270048,1119,508,611
47130,292091,22012,140580,13935,270079,1119,508,611
47135,292122,22012,140600,13935,270110,1119,508,611
47140,292153,22012,140613,13935,270141,1119,508,611
47145,292184,22013,140627,13936,270171,1119,508,611
47150,292215,22016,140638,13938,270199,1119,508,611
47155,292246,22020,140651,13941,270226,1119,508,611
47160,292277,22026,140664,13945,270251,1120,508,612
47165,292308,22031,140677,13949,270276,1121,508,613
47170,292339,22036,140687,13951,270303,1122,509,613
47175,292370,22040,140701,13954,270329,1123,509,614
47180,292401,22045,140718,13957,270355,1124,510,614
47185,292432,22050,140736,13962,270381,1125,511,614
47190,292463,22054,140749,13966,270409,1126,511,615
47195,292494,22057,140766,13968,270437,1127,512,615
47200,292525,22059,140781,13969,270465,1127,512,615
47205,292556,22063,140798,13973,270493,1127,512,615
47210,292587,22064,140812,13974,270523,1127,512,615
47215,292618,22065,140821,13974,270553,1127,512,615
47220,292649,22066,140835,13974,270583,1127,512,615
47225,292680,22068,140848,13975,270612,1127,512,615
47230,292711,22069,140869,13975,270642,1127,512,615
47235,292742,22070,140879,13976,270672,1127,512,615
47240,292773,22071,140894,13977,270702,1127,512,615
47245,292804,22072,140908,13978,270732,1127,512,615
47250,292835,22073,140921,13978,270762,1127,512,615
47255,292866,22074,140939,13979,270792,1127,512,615
47260,292897,22075,140955,13980,270822,1127,512,615
47265,292928,22076,140967,13981,270852,1127,512,615
47270,292959,22080,140982,13985,270879,1127,512,615
47275,292990,22083,140999,13988,270907,1127,512,615
47280,293021,22087,141018,13992,270934,1127,512,615
47285,293052,22090,141031,13993,270962,1127,512,615
47290,293083,22093,141041,13995,270990,1127,512,615
47295,293114,22095,141059,13996,271019,1127,512,615
47300,293145,22098,141070,13998,271047,1128,512,616
47305,293176,22101,141081,13999,271075,1129,513,616
47310,293207,22102,141097,13999,271105,1130,513,617
47315,293238,22103,141109,13999,271135,1131,513,618
47320,293269,22104,141117,13999,271165,1131,513,618
47325,293300,22105,141134,14000,271195,1131,513,618
47330,293331,22106,141153,14000,271225,1131,513,618
47335,293362,22107,141167,14001,271255,1131,513,618
47340,293393,22108,141176,14001,271285,1131,513,618
47345,293424,22110,141191,14003,271314,1131,513,618
47350,293455,22111,141205,14004,271344,1131,513,618
47355,293486,22112,141222,14005,271374,1131,513,618
47360,293517,22113,141235,14006,271403,1131,513,618
47365,293548,22115,141250,14007,271433,1131,513,618
47370,293579,22116,141265,14007,271463,1131,513,618
47375,293610,22117,141280,14007,271493,1131,513,618
47380,293641,22118,141295,14007,271522,1131,513,618
47385,293672,22120,141315,14009,271551,1131,513,618
47390,293703,22126,141333,14013,271577,1131,513,618
47395,293734,22130,141347,14015,271604,1131,513,618
47400,293765,22133,141360,14018,271632,1131,513,618
47405,293796,22136,141377,14021,271659,1132,514,618
47410,293827,22142,141394,14025,271684,1132,514,618
47415,293858,22147,141404,14027,271711,1132,514,618
47420,293889,22149,141418,14028,271739,1132,514,618
47425,293920,22152,141428,14030,271768,1132,514,618
47430,293951,22153,141443,14031,271798,1132,514,618
47435,293982,22154,141460,14031,271828,1132,514,618
47440,294013,22155,141475,14031,271858,1132,514,618
47445,294044,22156,141489,14031,271888,1132,514,618
47450,294075,22157,141505,14032,271918,1132,514,618
47455,294106,22158,141525,14032,271948,1132,514,618
47460,294137,22159,141534,14032,271978,1132,514,618
47465,294168,22161,141548,14033,272007,1132,514,618
47470,294199,22163,141568,14035,272036,1132,514,618
47475,294230,22165,141584,14037,272065,1132,514,618
47480,294261,22167,141596,14039,272094,1132,514,618
47485,294292,22169,141612,14041,272123,1132,514,618
47490,294323,22171,141631,14043,272152,1132,514,618
47495,294354,22173,141648,14045,272181,1132,514,618
47500,294385,22175,141663,14046,272210,1132,514,618
47505,294416,22177,141678,14047,272239,1132,514,618
47510,294447,22182,141689,14051,272265,1133,515,618
47515,294478,22186,141705,14052,272292,1134,516,618
47520,294509,22191,141723,14056,272317,1135,517,618
47525,294540,22192,141743,14057,272348,1135,517,618
47530,294571,22192,141759,14057,272379,1135,517,618
47535,294602,22192,141771,14057,272410,1135,517,618
47540,294633,22192,141786,14057,272441,1135,517,618
47545,294664,22192,141801,14057,272472,1135,517,618
47550,294695,22192,141813,14057,272503,1135,517,618
47555,294726,22192,141826,14057,272534,1135,517,618
47560,294757,22192,141839,14057,272565,1135,517,618
47565,294788,22192,141851,14057,272596,1135,517,618
47570,294819,22193,141866,14057,272625,1135,517,618
47575,294850,22195,141877,14058,272654,1135,517,618
47580,294881,22197,141891,14060,272684,1135,517,618
47585,294912,22202,141907,14064,272710,1135,517,618
47590,294943,22207,141925,14069,272736,1135,517,618
47595,294974,22211,141939,14073,272763,1135,517,618
47600,295005,22216,141958,14078,272789,1135,517,618
47605,295036,22217,141974,14079,272819,1135,517,618
47610,295067,22217,141994,14079,272850,1135,517,618
47615,295098,22217,142008,14079,272881,1135,517,618
47620,295129,22217,142023,14079,272912,1135,517,618
47625,295160,22217,142042,14079,272943,1135,517,618
47630,295191,22217,142056,14079,272974,1135,517,618
47635,295222,22217,142071,14079,273005,1135,517,618
47640,295253,22217,142090,14079,273036,1135,517,618
47645,295284,22217,142105,14079,273067,1135,517,618
47650,295315,22217,142120,14079,273098,1135,517,618
47655,295346,22217,142140,14079,273129,1135,517,618
47660,295377,22217,142155,14079,273160,1135,517,618
47665,295408,22217,142164,14079,273191,1135,517,618
47670,295439,22217,142177,14079,273222,1135,517,618
47675,295470,22217,142197,14079,273253,1135,517,618
47680,295501,22217,142211,14079,273284,1135,517,618
47685,295532,22217,142229,14079,273315,1135,517,618
47690,295563,22217,142238,14079,273346,1135,517,618
47695,295594,22219,142250,14080,273375,1135,517,618
47700,295625,22221,142265,14081,273403,1135,517,618
47705,295656,22225,142278,14083,273430,1135,517,618
47710,295687,22233,142286,14088,273454,1135,517,618
47715,295718,22239,142299,14092,273478,1135,517,618
47720,295749,22247,142316,14098,273502,1135,517,618
47725,295780,22253,142330,14102,273527,1135,517,618
47730,295811,22258,142345,14106,273552,1135,517,618
47735,295842,22263,142361,14110,273579,1135,517,618
47740,295873,22268,142378,14113,273604,1135,517,618
47745,295904,22270,142389,14114,273634,1135,517,618
47750,295935,22272,142403,14116,273663,1135,517,618
47755,295966,22273,142420,14116,273693,1135,517,618
47760,295997,22274,142429,14116,273723,1135,517,618
47765,296028,22275,142439,14117,273753,1135,517,618
47770,296059,22276,142455,14118,273783,1135,517,618
47775,296090,22277,142473,14118,273812,1135,517,618
47780,296121,22280,142487,14120,273841,1135,517,618
47785,296152,22281,142501,14120,273871,1135,517,618
47790,296183,22282,142512,14121,273901,1135,517,618
47795,296214,22283,142528,14122,273931,1135,517,618
47800,296245,22285,142543,14124,273960,1135,517,618
47805,296276,22286,142562,14124,273990,1135,517,618
47810,296307,22288,142581,14125,274019,1135,517,618
47815,296338,22289,142597,14126,274049,1135,517,618
47820,296369,22290,142614,14127,274079,1135,517,618
47825,296400,22292,142632,14128,274108,1135,517,618
47830,296431,22294,142647,14129,274137,1135,517,618
47835,296462,22295,142660,14130,274167,1135,517,618
47840,296493,22298,142673,14131,274195,1135,517,618
47845,296524,22302,142691,14134,274222,1135,517,618
47850,296555,22306,142705,14136,274248,1135,517,618
47855,296586,22312,142721,14142,274274,1135,517,618
47860,296617,22315,142739,14144,274302,1135,517,618
47865,296648,22321,142752,14148,274327,1135,517,618
47870,296679,22324,142770,14150,274355,1135,517,618
47875,296710,22330,142788,14154,274379,1135,517,618
47880,296741,22334,142801,14157,274407,1135,517,618
47885,296772,22339,142818,14162,274432,1135,517,618
47890,296803,22345,142833,14167,274458,1135,517,618
47895,296834,22349,142845,14169,274485,1135,517,618
47900,296865,22352,142858,14170,274513,1135,517,618
47905,296896,22354,142873,14171,274541,1135,517,618
47910,296927,22359,142893,14175,274568,1135,517,618
47915,296958,22362,142906,14177,274596,1135,517,618
47920,296989,22366,142926,14181,274623,1135,517,618
47925,297020,22368,142943,14183,274652,1135,517,618
47930,297051,22369,142958,14183,274682,1135,517,618
47935,297082,22371,142971,14185,274711,1135,517,618
47940,297113,22372,142985,14186,274741,1135,517,618
47945,297144,22373,142992,14186,274771,1135,517,618
47950,297175,22375,143008,14188,274800,1135,517,618
47955,297206,22376,143022,14188,274830,1135,517,618
47960,297237,22377,143037,14189,274860,1135,517,618
47965,297268,22378,143049,14190,274890,1135,517,618
47970,297299,22379,143067,14191,274920,1135,517,618
47975,297330,22380,143081,14192,274950,1135,517,618
47980,297361,22381,143098,14193,274980,1135,517,618
47985,297392,22382,143112,14193,275010,1135,517,618
47990,297423,22383,143129,14193,275040,1135,517,618
47995,297454,22385,143140,14194,275069,1135,517,618
48000,297485,22387,143155,14195,275098,1135,517,618
48005,297516,22392,143172,14197,275123,1136,517,619
48010,297547,22398,143192,14201,275149,1136,517,619
48015,297578,22403,143205,14203,275175,1136,517,619
48020,297609,22407,143217,14205,275202,1136,517,619
48025,297640,22412,143234,14209,275228,1136,517,619
48030,297671,22416,143252,14211,275255,1136,517,619
48035,297702,22418,143264,14213,275284,1136,517,619
48040,297733,22421,143283,14216,275312,1136,517,619
48045,297764,22424,143302,14219,275340,1136,517,619
48050,297795,22427,143317,14220,275367,1136,517,619
48055,297826,22429,143330,14221,275397,1136,517,619
48060,297857,22431,143346,14223,275426,1136,517,619
48065,297888,22431,143362,14223,275457,1136,517,619
48070,297919,22431,143377,14223,275488,1136,517,619
48075,297950,22431,143395,14223,275519,1136,517,619
48080,297981,22431,143414,14223,275550,1136,517,619
48085,298012,22431,143430,14223,275581,1136,517,619
48090,298043,22431,143447,14223,275612,1136,517,619
48095,298074,22431,143460,14223,275643,1136,517,619
48100,298105,22431,143479,14223,275674,1136,517,619
48105,298136,22431,143495,14223,275705,1136,517,619
48110,298167,22431,143510,14223,275736,1136,517,619
48115,298198,22431,143522,14223,275767,1136,517,619
48120,298229,22431,143537,14223,275798,1136,517,619
48125,298260,22435,143551,14227,275824,1136,517,619
48130,298291,22440,143569,14230,275850,1136,517,619
48135,298322,22446,143579,14234,275876,1136,517,619
48140,298353,22451,143592,14235,275902,1136,517,619
48145,298384,22457,143609,14239,275926,1136,517,619
48150,298415,22464,143626,14244,275951,1136,517,619
48155,298446,22470,143644,14248,275976,1136,517,619
48160,298477,22477,143657,14252,276000,1136,517,619
48165,298508,22482,143670,14256,276026,1136,517,619
48170,298539,22485,143683,14256,276054,1136,517,619
48175,298570,22489,143702,14258,276080,1136,517,619
48180,298601,22493,143717,14260,276108,1136,517,619
48185,298632,22495,143732,14261,276137,1136,517,619
48190,298663,22497,143750,14262,276165,1136,517,619
48195,298694,22500,143762,14264,276194,1136,517,619
48200,298725,22502,143771,14265,276223,1136,517,619
48205,298756,22504,143785,14267,276251,1136,517,619
48210,298787,22507,143801,14268,276279,1136,517,619
48215,298818,22510,143818,14270,276307,1136,517,619
48220,298849,22513,143833,14273,276336,1136,517,619
48225,298880,22516,143849,14275,276364,1136,517,619
48230,298911,22518,143863,14277,276393,1136,517,619
48235,298942,22519,143876,14278,276422,1136,517,619
48240,298973,22521,143892,14279,276452,1136,517,619
48245,299004,22522,143905,14280,276482,1136,517,619
48250,299035,22523,143921,14280,276512,1136,517,619
48255,299066,22524,143930,14280,276542,1136,517,619
48260,299097,22525,143941,14280,276571,1136,517,619
48265,299128,22527,143955,14282,276601,1136,517,619
48270,299159,22529,143971,14284,276630,1136,517,619
48275,299190,22532,143985,14286,276657,1136,517,619
48280,299221,22536,143999,14288,276685,1136,517,619
48285,299252,22538,144014,14289,276714,1136,517,619
48290,299283,22543,144030,14293,276739,1136,517,619
48295,299314,22548,144047,14296,276765,1136,517,619
48300,299345,22554,144061,14300,276790,1136,517,619
48305,299376,22560,144083,14306,276815,1136,517,619
48310,299407,22564,144096,14308,276843,1136,517,619
48315,299438,22566,144108,14308,276872,1136,517,619
48320,299469,22569,144121,14310,276900,1136,517,619
48325,299500,22573,144134,14312,276927,1136,517,619
48330,299531,22576,144147,14314,276955,1136,517,619
48335,299562,22577,144166,14315,276985,1136,517,619
48340,299593,22578,144180,14315,277015,1136,517,619
48345,299624,22579,144194,14316,277045,1136,517,619
48350,299655,22580,144207,14316,277075,1136,517,619
48355,299686,22581,144223,14317,277105,1136,517,619
48360,299717,22582,144241,14318,277135,1136,517,619
48365,299748,22583,144254,14318,277165,1136,517,619
48370,299779,22585,144268,14319,277194,1136,517,619
48375,299810,22586,144282,14320,277224,1136,517,619
48380,299841,22588,144299,14322,277253,1136,517,619
48385,299872,22589,144314,14322,277283,1136,517,619
48390,299903,22591,144327,14324,277312,1136,517,619
48395,299934,22592,144343,14325,277342,1136,517,619
48400,299965,22592,144361,14325,277373,1136,517,619
48405,299996,22592,144374,14325,277404,1136,517,619
48410,300027,22593,144386,14326,277434,1136,517,619
48415,300058,22594,144399,14327,277464,1136,517,619
48420,300089,22596,144419,14329,277493,1136,517,619
48425,300120,22598,144426,14329,277522,1136,517,619
48430,300151,22601,144442,14332,277550,1136,517,619
48435,300182,22603,144453,14333,277579,1136,517,619
48440,300213,22605,144464,14333,277608,1136,517,619
48445,300244,22608,144477,14334,277636,1136,517,619
48450,300275,22610,144496,14335,277665,1136,517,619
48455,300306,22613,144511,14337,277693,1136,517,619
48460,300337,22615,144526,14338,277722,1136,517,619
48465,300368,22617,144545,14340,277751,1136,517,619
48470,300399,22620,144559,14342,277779,1136,517,619
48475,300430,22623,144572,14343,277807,1136,517,619
48480,300461,22627,144586,14346,277834,1136,517,619
48485,300492,22631,144601,14349,277861,1136,517,619
48490,300523,22636,144616,14350,277887,1136,517,619
48495,300554,22641,144630,14352,277913,1136,517,619
48500,300585,22646,144648,14355,277939,1136,517,619
48505,300616,22651,144661,14356,277965,1136,517,619
48510,300647,22656,144671,14359,277991,1136,517,619
48515,300678,22661,144690,14361,278017,1136,517,619
48520,300709,22666,144701,14363,278043,1136,517,619
48525,300740,22670,144717,14365,278070,1136,517,619
48530,300771,22676,144731,14369,278095,1136,517,619
48535,300802,22680,144743,14371,278121,1136,517,619
48540,300833,22687,144752,14375,278146,1136,517,619
48545,300864,22689,144763,14376,278175,1136,517,619
48550,300895,22690,144778,14376,278204,1136,517,619
48555,300926,22691,144795,14377,278235,1136,517,619
48560,300957,22691,144808,14377,278266,1136,517,619
48565,300988,22691,144818,14377,278297,1136,517,619
48570,301019,22691,144837,14377,278328,1136,517,619
48575,301050,22691,144852,14377,278359,1136,517,619
48580,301081,22691,144868,14377,278390,1136,517,619
48585,301112,22691,144883,14377,278421,1136,517,619
48590,301143,22691,144902,14377,278452,1136,517,619
48595,301174,22691,144920,14377,278483,1136,517,619
48600,301205,22691,144937,14377,278514,1136,517,619
48605,301236,22691,144956,14377,278545,1136,517,619
48610,301267,22691,144971,14377,278576,1136,517,619
48615,301298,22691,144985,14377,278607,1136,517,619
48620,301329,22691,144999,14377,278638,1136,517,619
48625,301360,22691,145015,14377,278669,1136,517,619
48630,301391,22691,145033,14377,278700,1136,517,619
48635,301422,22691,145047,14377,278731,1136,517,619
48640,301453,22691,145066,14377,278762,1136,517,619
48645,301484,22692,145081,14377,278792,1136,517,619
48650,301515,22694,145091,14378,278821,1136,517,619
48655,301546,22697,145105,14381,278848,1136,517,619
48660,301577,22703,145119,14386,278874,1136,517,619
48665,301608,22708,145130,14389,278900,1136,517,619
48670,301639,22713,145150,14393,278926,1136,517,619
48675,301670,22716,145165,14395,278954,1136,517,619
48680,301701,22719,145178,14395,278982,1136,517,619
48685,301732,22722,145193,14396,279010,1136,517,619
48690,301763,22725,145205,14397,279038,1136,517,619
48695,301794,22728,145218,14399,279066,1136,517,619
48700,301825,22731,145235,14401,279094,1136,517,619
48705,301856,22734,145252,14402,279122,1136,517,619
48710,301887,22737,145267,14404,279150,1136,517,619
48715,301918,22740,145276,14405,279178,1136,517,619
48720,301949,22743,145291,14407,279206,1136,517,619
48725,301980,22746,145309,14408,279234,1136,517,619
48730,302011,22749,145324,14411,279262,1136,517,619
48735,302042,22752,145335,14412,279290,1136,517,619
48740,302073,22755,145351,14414,279318,1136,517,619
48745,302104,22758,145364,14415,279346,1136,517,619
48750,302135,22761,145384,14418,279374,1136,517,619
48755,302166,22764,145401,14419,279402,1136,517,619
48760,302197,22767,145414,14419,279430,1136,517,619
48765,302228,22771,145422,14421,279457,1136,517,619
48770,302259,22775,145436,14425,279484,1136,517,619
48775,302290,22783,145454,14431,279507,1137,518,619
48780,302321,22787,145473,14434,279533,1137,518,619
48785,302352,22791,145492,14437,279561,1137,518,619
48790,302383,22792,145504,14438,279591,1137,518,619
48795,302414,22793,145521,14439,279621,1137,518,619
48800,302445,22794,145534,14439,279651,1137,518,619
48805,302476,22796,145551,14440,279680,1137,518,619
48810,302507,22798,145570,14441,279709,1137,518,619
48815,302538,22799,145586,14442,279739,1137,518,619
48820,302569,22800,145601,14442,279769,1137,518,619
48825,302600,22801,145610,14442,279799,1137,518,619
48830,302631,22802,145634,14443,279829,1137,518,619
48835,302662,22803,145645,14443,279859,1137,518,619
48840,302693,22804,145659,14444,279889,1137,518,619
48845,302724,22804,145670,14444,279920,1137,518,619
48850,302755,22804,145684,14444,279951,1137,518,619
48855,302786,22804,145695,14444,279982,1137,518,619
48860,302817,22804,145711,14444,280013,1137,518,619
48865,302848,22804,145728,14444,280044,1137,518,619
48870,302879,22804,145741,14444,280075,1137,518,619
48875,302910,22804,145758,14444,280106,1137,518,619
48880,302941,22804,145768,14444,280137,1138,518,620
48885,302972,22807,145788,14446,280165,1139,519,620
48890,303003,22810,145801,14448,280192,1140,519,621
48895,303034,22815,145818,14451,280218,1140,519,621
48900,303065,22822,145835,14457,280242,1140,519,621
48905,303096,22826,145854,14461,280270,1140,519,621
48910,303127,22830,145871,14463,280297,1140,519,621
48915,303158,22834,145884,14466,280324,1140,519,621
48920,303189,22837,145903,14467,280352,1140,519,621
48925,303220,22841,145915,14469,280379,1140,519,621
48930,303251,22845,145931,14473,280406,1140,519,621
48935,303282,22849,145940,14476,280433,1140,519,621
48940,303313,22853,145955,14479,280460,1140,519,621
48945,303344,22856,145972,14480,280487,1140,519,621
48950,303375,22861,145989,14482,280514,1140,519,621
48955,303406,22864,146004,14485,280542,1140,519,621
48960,303437,22866,146022,14486,280570,1140,519,621
48965,303468,22869,146037,14487,280599,1140,519,621
48970,303499,22871,146054,14488,280628,1140,519,621
48975,303530,22872,146065,14488,280658,1140,519,621
48980,303561,22873,146083,14488,280688,1140,519,621
48985,303592,22874,146100,14489,280718,1140,519,621
48990,303623,22875,146116,14489,280748,1140,519,621
48995,303654,22876,146130,14489,280778,1141,520,621
49000,303685,22877,146149,14489,280808,1142,521,621
49005,303716,22879,146161,14491,280837,1143,522,621
49010,303747,22884,146177,14495,280863,1143,522,621
49015,303778,22887,146190,14497,280891,1143,522,621
49020,303809,22888,146202,14497,280921,1143,522,621
49025,303840,22891,146219,14499,280949,1143,522,621
49030,303871,22894,146234,14501,280977,1143,522,621
49035,303902,22897,146252,14504,281005,1143,522,621
49040,303933,22899,146271,14506,281034,1143,522,621
49045,303964,22903,146289,14509,281061,1143,522,621
49050,303995,22905,146300,14510,281090,1143,522,621
49055,304026,22907,146315,14511,281119,1143,522,621
49060,304057,22909,146326,14511,281148,1143,522,621
49065,304088,22912,146340,14513,281176,1143,522,621
49070,304119,22914,146353,14514,281205,1143,522,621
49075,304150,22918,146370,14518,281232,1143,522,621
49080,304181,22921,146385,14519,281260,1143,522,621
49085,304212,22925,146399,14522,281287,1143,522,621
49090,304243,22929,146412,14524,281314,1143,522,621
49095,304274,22932,146424,14527,281341,1143,522,621
49100,304305,22935,146436,14530,281370,1143,522,621
49105,304336,22939,146451,14532,281396,1143,522,621
49110,304367,22942,146464,14534,281425,1143,522,621
49115,304398,22944,146476,14535,281454,1143,522,621
49120,304429,22947,146488,14536,281482,1143,522,621
49125,304460,22950,146505,14537,281510,1143,522,621
49130,304491,22952,146524,14539,281539,1143,522,621
49135,304522,22953,146538,14539,281569,1143,522,621
49140,304553,22954,146552,14539,281599,1143,522,621
49145,304584,22956,146568,14541,281628,1143,522,621
49150,304615,22957,146582,14542,281658,1143,522,621
49155,304646,22959,146597,14544,281687,1143,522,621
49160,304677,22960,146610,14544,281717,1143,522,621
49165,304708,22961,146629,14545,281747,1143,522,621
49170,304739,22963,146643,14546,281776,1143,522,621
49175,304770,22965,146661,14547,281805,1143,522,621
49180,304801,22967,146679,14549,281834,1143,522,621
49185,304832,22968,146697,14549,281864,1143,522,621
49190,304863,22969,146708,14550,281893,1143,522,621
49195,304894,22973,146723,14552,281921,1143,522,621
49200,304925,22975,146735,14552,281950,1143,522,621
49205,304956,22977,146755,14554,281979,1143,522,621
49210,304987,22979,146765,14555,282008,1143,522,621
49215,305018,22982,146777,14556,282036,1143,522,621
49220,305049,22985,146793,14558,282064,1143,522,621
49225,305080,22988,146806,14559,282092,1144,522,622
49230,305111,22992,146818,14562,282119,1145,523,622
49235,305142,22997,146833,14566,282145,1146,523,623
49240,305173,23002,146850,14571,282171,1147,523,624
49245,305204,23005,146867,14573,282199,1147,523,624
49250,305235,23008,146880,14574,282226,1147,523,624
49255,305266,23013,146892,14577,282252,1147,523,624
49260,305297,23017,146910,14580,282280,1147,523,624
49265,305328,23022,146927,14584,282306,1147,523,624
49270,305359,23026,146944,14587,282333,1147,523,624
49275,305390,23028,146958,14588,282362,1147,523,624
49280,305421,23030,146972,14588,282391,1147,523,624
49285,305452,23032,146990,14589,282420,1147,523,624
49290,305483,23034,147007,14589,282449,1147,523,624
49295,305514,23036,147022,14590,282478,1147,523,624
49300,305545,23038,147034,14591,282506,1147,523,624
49305,305576,23041,147052,14593,282535,1147,523,624
49310,305607,23043,147068,14594,282564,1147,523,624
49315,305638,23045,147084,14595,282593,1147,523,624
49320,305669,23047,147096,14596,282621,1147,523,624
49325,305700,23050,147104,14598,282650,1147,523,624
49330,305731,23052,147120,14599,282679,1148,523,625
49335,305762,23054,147136,14600,282708,1149,524,625
49340,305793,23056,147152,14601,282737,1150,524,626
49345,305824,23058,147171,14602,282766,1151,525,626
49350,305855,23060,147185,14602,282795,1152,526,626
49355,305886,23062,147201,14604,282824,1153,526,627
49360,305917,23064,147216,14606,282853,1154,526,628
49365,305948,23066,147230,14606,282881,1155,527,628
49370,305979,23071,147246,14611,282908,1155,527,628
49375,306010,23074,147262,14613,282936,1155,527,628
49380,306041,23077,147278,14615,282964,1155,527,628
49385,306072,23081,147293,14618,282991,1155,527,628
49390,306103,23084,147309,14620,283019,1155,527,628
49395,306134,23087,147323,14621,283046,1155,527,628
49400,306165,23090,147333,14622,283075,1155,527,628
49405,306196,23092,147349,14624,283104,1155,527,628
49410,306227,23095,147368,14626,283131,1155,527,628
49415,306258,23098,147382,14629,283160,1155,527,628
49420,306289,23100,147397,14630,283189,1155,527,628
49425,306320,23103,147412,14632,283216,1155,527,628
49430,306351,23106,147422,14634,283245,1155,527,628
49435,306382,23109,147431,14636,283273,1155,527,628
49440,306413,23111,147447,14637,283301,1155,527,628
49445,306444,23114,147462,14639,283330,1155,527,628
49450,306475,23115,147475,14640,283360,1155,527,628
49455,306506,23116,147493,14640,283390,1155,527,628
49460,306537,23118,147508,14641,283419,1155,527,628
49465,306568,23120,147525,14642,283448,1155,527,628
49470,306599,23121,147538,14643,283478,1155,527,628
49475,306630,23122,147552,14644,283508,1156,527,629
49480,306661,23123,147567,14644,283538,1157,528,629
49485,306692,23126,147586,14647,283566,1157,528,629
49490,306723,23129,147603,14650,283594,1157,528,629
49495,306754,23132,147623,14652,283622,1157,528,629
49500,306785,23138,147641,14655,283647,1157,528,629
49505,306816,23143,147655,14658,283672,1157,528,629
49510,306847,23149,147671,14663,283697,1157,528,629
49515,306878,23154,147683,14665,283723,1157,528,629
49520,306909,23157,147699,14667,283752,1157,528,629
49525,306940,23160,147715,14670,283780,1157,528,629
49530,306971,23163,147730,14671,283808,1157,528,629
49535,307002,23165,147750,14673,283837,1157,528,629
49540,307033,23168,147764,14675,283865,1157,528,629
49545,307064,23170,147783,14677,283894,1157,528,629
49550,307095,23172,147794,14677,283923,1157,528,629
49555,307126,23175,147811,14680,283950,1157,528,629
49560,307157,23178,147826,14683,283979,1157,528,629
49565,307188,23179,147844,14683,284009,1157,528,629
49570,307219,23180,147862,14684,284039,1157,528,629
49575,307250,23181,147879,14684,284069,1157,528,629
49580,307281,23182,147891,14684,284099,1157,528,629
49585,307312,23183,147905,14684,284129,1157,528,629
49590,307343,23183,147925,14684,284160,1157,528,629
49595,307374,23183,147941,14684,284191,1157,528,629
49600,307405,23183,147955,14684,284222,1157,528,629
49605,307436,23183,147970,14684,284253,1157,528,629
49610,307467,23183,147982,14684,284284,1157,528,629
49615,307498,23184,147993,14685,284314,1157,528,629
49620,307529,23186,148009,14686,284343,1157,528,629
49625,307560,23188,148025,14687,284372,1157,528,629
49630,307591,23191,148033,14688,284400,1157,528,629
49635,307622,23192,148045,14688,284430,1157,528,629
49640,307653,23193,148057,14688,284460,1157,528,629
49645,307684,23194,148076,14689,284490,1157,528,629
49650,307715,23195,148090,14689,284520,1157,528,629
49655,307746,23196,148107,14689,284550,1157,528,629
49660,307777,23197,148123,14690,284580,1157,528,629
49665,307808,23198,148135,14690,284610,1157,528,629
49670,307839,23199,148147,14691,284640,1157,528,629
49675,307870,23200,148161,14692,284670,1157,528,629
49680,307901,23201,148174,14692,284700,1157,528,629
49685,307932,23202,148191,14693,284730,1157,528,629
49690,307963,23203,148209,14694,284760,1157,528,629
49695,307994,23204,148222,14695,284790,1157,528,629
49700,308025,23205,148238,14695,284820,1157,528,629
49705,308056,23206,148259,14696,284850,1157,528,629
49710,308087,23207,148274,14696,284880,1157,528,629
49715,308118,23208,148291,14697,284910,1157,528,629
49720,308149,23209,148310,14698,284940,1157,528,629
49725,308180,23210,148321,14698,284970,1157,528,629
49730,308211,23215,148337,14701,284994,1158,528,630
49735,308242,23222,148353,14708,285019,1159,529,630
49740,308273,23231,148370,14714,285041,1160,529,631
49745,308304,23236,148384,14717,285068,1161,530,631
49750,308335,23239,148403,14718,285096,1161,530,631
49755,308366,23242,148418,14721,285123,1161,530,631
49760,308397,23245,148429,14722,285152,1161,530,631
49765,308428,23247,148444,14723,285181,1161,530,631
49770,308459,23249,148461,14724,285210,1161,530,631
49775,308490,23251,148477,14725,285239,1161,530,631
49780,308521,23253,148495,14727,285268,1161,530,631
49785,308552,23255,148513,14729,285297,1161,530,631
49790,308583,23257,148529,14730,285326,1161,530,631
49795,308614,23259,148543,14730,285355,1161,530,631
49800,308645,23261,148555,14731,285384,1161,530,631
49805,308676,23263,148569,14731,285413,1161,530,631
49810,308707,23265,148584,14732,285442,1161,530,631
49815,308738,23267,148597,14732,285471,1161,530,631
49820,308769,23269,148618,14734,285500,1161,530,631
49825,308800,23271,148634,14736,285529,1161,530,631
49830,308831,23273,148647,14738,285558,1161,530,631
49835,308862,23275,148661,14739,285587,1161,530,631
49840,308893,23277,148673,14739,285616,1161,530,631
49845,308924,23280,148690,14740,285644,1161,530,631
49850,308955,23283,148700,14742,285672,1162,531,631
49855,308986,23287,148713,14745,285698,1163,532,631
49860,309017,23294,148730,14750,285721,1164,533,631
49865,309048,23300,148746,14756,285747,1164,533,631
49870,309079,23303,148758,14759,285775,1164,533,631
49875,309110,23307,148775,14762,285803,1164,533,631
49880,309141,23309,148792,14764,285831,1164,533,631
49885,309172,23312,148803,14765,285860,1164,533,631
49890,309203,23315,148813,14766,285887,1164,533,631
49895,309234,23318,148828,14767,285915,1164,533,631
49900,309265,23321,148848,14769,285944,1164,533,631
49905,309296,23322,148861,14770,285974,1164,533,631
49910,309327,23324,148879,14772,286003,1164,533,631
49915,309358,23325,148893,14772,286033,1164,533,631
49920,309389,23327,148908,14774,286062,1164,533,631
49925,309420,23328,148925,14775,286092,1164,533,631
49930,309451,23330,148936,14776,286121,1164,533,631
49935,309482,23331,148951,14776,286151,1164,533,631
49940,309513,23332,148964,14777,286181,1164,533,631
49945,309544,23334,148986,14779,286210,1164,533,631
49950,309575,23335,149005,14780,286240,1164,533,631
49955,309606,23336,149025,14781,286270,1164,533,631
49960,309637,23337,149038,14781,286300,1164,533,631
49965,309668,23339,149054,14783,286329,1165,533,632
49970,309699,23343,149069,14786,286355,1166,534,632
49975,309730,23347,149085,14789,286383,1166,534,632
49980,309761,23350,149100,14791,286410,1166,534,632
49985,309792,23354,149110,14793,286438,1166,534,632
49990,309823,23358,149128,14795,286465,1166,534,632
49995,309854,23361,149141,14796,286493,1166,534,632
50000,309885,23364,149153,14797,286521,1166,534,632
50005,309916,23367,149165,14799,286549,1166,534,632
50010,309947,23370,149178,14801,286577,1166,534,632
50015,309978,23373,149188,14803,286605,1166,534,632
50020,310009,23377,149201,14804,286632,1166,534,632
50025,310040,23380,149215,14805,286660,1166,534,632
50030,310071,23383,149230,14805,286688,1166,534,632
50035,310102,23386,149245,14808,286716,1166,534,632
50040,310133,23390,149263,14810,286743,1166,534,632
50045,310164,23393,149279,14813,286771,1166,534,632
50050,310195,23397,149292,14815,286798,1166,534,632
50055,310226,23400,149304,14817,286826,1166,534,632
50060,310257,23403,149322,14820,286854,1166,534,632
50065,310288,23407,149337,14821,286881,1166,534,632
50070,310319,23410,149349,14822,286909,1166,534,632
50075,310350,23413,149361,14823,286937,1167,534,633
50080,310381,23417,149371,14825,286963,1168,534,634
50085,310412,23422,149385,14829,286989,1169,534,635
50090,310443,23428,149400,14834,287014,1169,534,635
50095,310474,23436,149419,14842,287037,1169,534,635
50100,310505,23443,149436,14848,287062,1169,534,635
50105,310536,23444,149453,14849,287092,1169,534,635
50110,310567,23445,149468,14850,287122,1169,534,635
50115,310598,23446,149485,14850,287152,1169,534,635
50120,310629,23447,149501,14851,287182,1169,534,635
50125,310660,23448,149517,14851,287212,1169,534,635
50130,310691,23449,149532,14852,287242,1169,534,635
50135,310722,23450,149547,14853,287272,1169,534,635
50140,310753,23451,149562,14854,287302,1169,534,635
50145,310784,23452,149575,14854,287332,1169,534,635
50150,310815,23453,149590,14854,287362,1169,534,635
50155,310846,23454,149602,14854,287392,1169,534,635
50160,310877,23455,149616,14854,287422,1169,534,635
50165,310908,23456,149633,14854,287452,1169,534,635
50170,310939,23457,149651,14854,287482,1169,534,635
50175,310970,23458,149666,14854,287512,1169,534,635
50180,311001,23459,149687,14855,287542,1169,534,635
50185,311032,23460,149698,14856,287572,1169,534,635
50190,311063,23461,149711,14856,287602,1170,535,635
50195,311094,23462,149727,14857,287632,1171,536,635
50200,311125,23463,149745,14858,287661,1172,536,636
50205,311156,23465,149758,14859,287691,1173,536,637
50210,311187,23470,149774,14861,287717,1173,536,637
50215,311218,23476,149789,14864,287741,1173,536,637
50220,311249,23482,149808,14869,287766,1173,536,637
50225,311280,23486,149823,14872,287794,1173,536,637
50230,311311,23489,149837,14874,287821,1173,536,637
50235,311342,23494,149847,14876,287848,1173,536,637
50240,311373,23497,149860,14877,287876,1173,536,637
50245,311404,23500,149878,14880,287904,1173,536,637
50250,311435,23502,149890,14881,287933,1173,536,637
50255,311466,23505,149903,14882,287961,1173,536,637
50260,311497,23507,149914,14882,287990,1173,536,637
50265,311528,23509,149930,14884,288019,1173,536,637
50270,311559,23511,149942,14885,288048,1173,536,637
50275,311590,23513,149962,14887,288077,1173,536,637
50280,311621,23515,149979,14888,288106,1173,536,637
50285,311652,23516,149998,14889,288136,1173,536,637
50290,311683,23517,150012,14889,288166,1173,536,637
50295,311714,23518,150029,14890,288196,1173,536,637
50300,311745,23519,150043,14891,288226,1173,536,637
50305,311776,23520,150060,14891,288256,1173,536,637
50310,311807,23521,150082,14891,288286,1174,536,638
50315,311838,23522,150094,14892,288316,1175,536,639
50320,311869,23523,150107,14893,288345,1176,536,640
50325,311900,23526,150125,14895,288374,1177,536,641
50330,311931,23528,150142,14897,288403,1177,536,641
50335,311962,23532,150158,14901,288430,1177,536,641
50340,311993,23536,150179,14904,288457,1177,536,641
50345,312024,23540,150193,14907,288483,1177,536,641
50350,312055,23544,150211,14909,288511,1177,536,641
50355,312086,23547,150226,14911,288539,1177,536,641
50360,312117,23551,150243,14913,288566,1177,536,641
50365,312148,23555,150259,14917,288593,1177,536,641
50370,312179,23557,150272,14917,288622,1177,536,641
50375,312210,23560,150289,14919,288650,1177,536,641
50380,312241,23561,150300,14919,288679,1177,536,641
50385,312272,23563,150318,14920,288709,1177,536,641
50390,312303,23564,150333,14920,288739,1177,536,641
50395,312334,23565,150351,14920,288769,1177,536,641
50400,312365,23565,150368,14920,288800,1177,536,641
50405,312396,23565,150376,14920,288831,1177,536,641
50410,312427,23565,150388,14920,288862,1177,536,641
50415,312458,23565,150405,14920,288893,1177,536,641
50420,312489,23565,150421,14920,288924,1177,536,641
50425,312520,23565,150434,14920,288955,1177,536,641
50430,312551,23565,150447,14920,288986,1177,536,641
50435,312582,23565,150462,14920,289017,1178,536,642
50440,312613,23565,150473,14920,289048,1179,536,643
50445,312644,23567,150488,14922,289076,1179,536,643
50450,312675,23570,150500,14924,289105,1179,536,643
50455,312706,23573,150513,14927,289133,1179,536,643
50460,312737,23577,150527,14930,289160,1179,536,643
50465,312768,23579,150538,14932,289189,1179,536,643
50470,312799,23582,150558,14935,289217,1179,536,643
50475,312830,23585,150576,14938,289245,1179,536,643
50480,312861,23588,150591,14940,289273,1179,536,643
50485,312892,23591,150603,14942,289301,1179,536,643
50490,312923,23594,150620,14943,289329,1179,536,643
50495,312954,23596,150631,14944,289358,1179,536,643
50500,312985,23599,150648,14946,289386,1179,536,643
50505,313016,23602,150662,14947,289414,1179,536,643
50510,313047,23606,150675,14949,289441,1179,536,643
50515,313078,23609,150689,14950,289469,1179,536,643
50520,313109,23613,150707,14953,289496,1179,536,643
50525,313140,23616,150721,14954,289523,1179,536,643
50530,313171,23620,150736,14956,289551,1179,536,643
50535,313202,23623,150751,14957,289579,1179,536,643
50540,313233,23626,150764,14958,289607,1179,536,643
50545,313264,23629,150780,14959,289635,1179,536,643
50550,313295,23632,150799,14961,289663,1179,536,643
50555,313326,23635,150814,14964,289691,1179,536,643
50560,313357,23639,150830,14965,289717,1179,536,643
50565,313388,23643,150848,14966,289744,1179,536,643
50570,313419,23648,150858,14968,289771,1179,536,643
50575,313450,23653,150873,14971,289797,1179,536,643
50580,313481,23658,150890,14975,289823,1179,536,643
50585,313512,23662,150907,14977,289850,1179,536,643
50590,313543,23666,150927,14980,289877,1179,536,643
50595,313574,23670,150939,14983,289903,1179,536,643
50600,313605,23675,150955,14986,289929,1179,536,643
50605,313636,23679,150972,14989,289957,1179,536,643
50610,313667,23681,150983,14991,289986,1179,536,643
50615,313698,23684,151003,14992,290014,1179,536,643
50620,313729,23686,151013,14992,290043,1179,536,643
50625,313760,23689,151026,14995,290071,1179,536,643
50630,313791,23690,151042,14996,290101,1179,536,643
50635,313822,23691,151056,14996,290131,1179,536,643
50640,313853,23691,151076,14996,290162,1179,536,643
50645,313884,23693,151093,14998,290191,1179,536,643
50650,313915,23693,151109,14998,290222,1179,536,643
50655,313946,23693,151125,14998,290253,1179,536,643
50660,313977,23693,151139,14998,290284,1179,536,643
50665,314008,23693,151156,14998,290315,1179,536,643
50670,314039,23693,151165,14998,290346,1179,536,643
50675,314070,23693,151183,14998,290377,1179,536,643
50680,314101,23693,151195,14998,290408,1179,536,643
50685,314132,23693,151211,14998,290439,1179,536,643
50690,314163,23693,151229,14998,290469,1179,536,643
50695,314194,23695,151241,14999,290498,1179,536,643
50700,314225,23697,151254,15000,290528,1179,536,643
50705,314256,23699,151267,15002,290557,1179,536,643
50710,314287,23702,151285,15003,290585,1179,536,643
50715,314318,23706,151302,15004,290611,1179,536,643
50720,314349,23710,151317,15007,290639,1180,536,644
50725,314380,23713,151328,15008,290667,1181,536,645
50730,314411,23717,151345,15010,290694,1182,536,646
50735,314442,23720,151360,15011,290722,1183,537,646
50740,314473,23723,151373,15012,290749,1184,537,647
50745,314504,23729,151387,15015,290774,1185,538,647
50750,314535,23734,151402,15019,290801,1186,538,648
50755,314566,23738,151418,15021,290827,1186,538,648
50760,314597,23743,151431,15024,290853,1186,538,648
50765,314628,23747,151442,15027,290880,1186,538,648
50770,314659,23750,151457,15030,290908,1186,538,648
50775,314690,23754,151471,15034,290936,1186,538,648
50780,314721,23756,151487,15036,290965,1186,538,648
50785,314752,23760,151504,15038,290991,1186,538,648
50790,314783,23765,151525,15042,291018,1186,538,648
50795,314814,23767,151544,15042,291046,1186,538,648
50800,314845,23772,151559,15047,291073,1186,538,648
50805,314876,23774,151570,15047,291102,1186,538,648
50810,314907,23775,151586,15048,291132,1186,538,648
50815,314938,23776,151598,15049,291162,1186,538,648
50820,314969,23777,151617,15049,291192,1186,538,648
50825,315000,23778,151632,15049,291222,1186,538,648
50830,315031,23779,151649,15049,291252,1186,538,648
50835,315062,23780,151660,15049,291282,1186,538,648
50840,315093,23781,151677,15050,291312,1186,538,648
50845,315124,23782,151699,15050,291342,1186,538,648
50850,315155,23783,151713,15050,291372,1186,538,648
50855,315186,23784,151727,15050,291402,1187,538,649
50860,315217,23785,151740,15050,291432,1188,539,649
50865,315248,23787,151751,15050,291459,1189,540,649
50870,315279,23793,151770,15053,291485,1190,540,650
50875,315310,23800,151790,15059,291510,1191,541,650
50880,315341,23803,151806,15061,291538,1192,541,651
50885,315372,23807,151820,15064,291565,1192,541,651
50890,315403,23811,151835,15067,291592,1192,541,651
50895,315434,23813,151852,15069,291621,1192,541,651
50900,315465,23814,151865,15070,291651,1192,541,651
50905,315496,23815,151878,15070,291681,1192,541,651
50910,315527,23816,151899,15071,291711,1192,541,651
50915,315558,23820,151918,15075,291738,1192,541,651
50920,315589,23824,151932,15079,291765,1192,541,651
50925,315620,23828,151944,15082,291792,1192,541,651
50930,315651,23829,151956,15083,291822,1192,541,651
50935,315682,23831,151969,15084,291851,1192,541,651
50940,315713,23832,151984,15085,291881,1192,541,651
50945,315744,23834,151997,15086,291910,1192,541,651
50950,315775,23837,152013,15088,291938,1192,541,651
50955,315806,23840,152026,15090,291966,1192,541,651
50960,315837,23843,152039,15092,291994,1192,541,651
50965,315868,23845,152051,15094,292023,1192,541,651
50970,315899,23848,152057,15095,292051,1192,541,651
50975,315930,23852,152077,15099,292078,1192,541,651
50980,315961,23854,152088,15099,292107,1192,541,651
50985,315992,23857,152098,15100,292135,1192,541,651
50990,316023,23860,152115,15100,292162,1192,541,651
50995,316054,23865,152130,15105,292189,1192,541,651
51000,316085,23867,152145,15106,292218,1192,541,651
51005,316116,23869,152160,15107,292246,1192,541,651
51010,316147,23874,152175,15111,292272,1192,541,651
51015,316178,23878,152186,15114,292299,1192,541,651
51020,316209,23882,152198,15118,292327,1192,541,651
51025,316240,23885,152211,15119,292354,1192,541,651
51030,316271,23889,152224,15121,292381,1192,541,651
51035,316302,23892,152234,15123,292410,1192,541,651
51040,316333,23893,152247,15124,292440,1192,541,651
51045,316364,23894,152267,15125,292470,1192,541,651
51050,316395,23895,152285,15125,292500,1192,541,651
51055,316426,23896,152294,15125,292530,1193,541,652
51060,316457,23897,152312,15125,292560,1194,541,653
51065,316488,23898,152327,15125,292590,1195,542,653
51070,316519,23899,152341,15125,292620,1195,542,653
51075,316550,23900,152353,15126,292650,1195,542,653
51080,316581,23901,152371,15126,292680,1195,542,653
51085,316612,23902,152386,15126,292710,1195,542,653
51090,316643,23903,152398,15127,292740,1195,542,653
51095,316674,23904,152413,15128,292770,1195,542,653
51100,316705,23905,152427,15128,292800,1195,542,653
51105,316736,23907,152440,15129,292829,1195,542,653
51110,316767,23911,152458,15133,292856,1195,542,653
51115,316798,23915,152475,15137,292883,1195,542,653
51120,316829,23919,152489,15140,292910,1195,542,653
51125,316860,23923,152506,15141,292937,1195,542,653
51130,316891,23927,152520,15142,292964,1195,542,653
51135,316922,23931,152537,15144,292990,1195,542,653
51140,316953,23936,152554,15147,293017,1195,542,653
51145,316984,23940,152569,15148,293044,1195,542,653
51150,317015,23942,152582,15149,293072,1195,542,653
51155,317046,23945,152597,15151,293101,1195,542,653
51160,317077,23947,152612,15152,293130,1195,542,653
51165,317108,23949,152624,15152,293159,1195,542,653
51170,317139,23951,152632,15153,293188,1195,542,653
51175,317170,23953,152645,15154,293217,1195,542,653
51180,317201,23955,152663,15155,293246,1195,542,653
51185,317232,23957,152676,15156,293275,1195,542,653
51190,317263,23958,152691,15156,293305,1195,542,653
51195,317294,23959,152711,15156,293335,1195,542,653
51200,317325,23960,152728,15156,293365,1195,542,653
51205,317356,23961,152740,15156,293395,1195,542,653
51210,317387,23962,152756,15157,293425,1195,542,653
51215,317418,23963,152768,15158,293455,1195,542,653
51220,317449,23964,152781,15159,293485,1195,542,653
51225,317480,23965,152792,15160,293515,1195,542,653
51230,317511,23967,152807,15162,293544,1195,542,653
51235,317542,23971,152824,15165,293571,1195,542,653
51240,317573,23973,152834,15166,293600,1196,542,654
51245,317604,23974,152848,15166,293630,1196,542,654
51250,317635,23976,152860,15167,293659,1196,542,654
51255,317666,23978,152875,15168,293688,1196,542,654
51260,317697,23980,152893,15169,293717,1196,542,654
51265,317728,23983,152911,15171,293744,1196,542,654
51270,317759,23986,152918,15172,293772,1196,542,654
51275,317790,23989,152932,15174,293800,1196,542,654
51280,317821,23993,152948,15177,293828,1196,542,654
51285,317852,23995,152960,15178,293857,1196,542,654
51290,317883,23997,152974,15179,293885,1196,542,654
51295,317914,24000,152987,15181,293913,1196,542,654
51300,317945,24003,153005,15182,293941,1196,542,654
51305,317976,24005,153015,15183,293970,1196,542,654
51310,318007,24007,153030,15184,294000,1196,542,654
51315,318038,24008,153042,15185,294029,1196,542,654
51320,318069,24010,153056,15186,294059,1196,542,654
51325,318100,24011,153070,15186,294089,1196,542,654
51330,318131,24012,153087,15187,294119,1196,542,654
51335,318162,24014,153097,15188,294147,1196,542,654
51340,318193,24018,153107,15190,294174,1196,542,654
51345,318224,24024,153119,15195,294200,1196,542,654
51350,318255,24030,153136,15199,294224,1196,542,654
51355,318286,24036,153153,15204,294249,1196,542,654
51360,318317,24040,153163,15207,294277,1196,542,654
51365,318348,24043,153182,15210,294305,1196,542,654
51370,318379,24046,153200,15211,294333,1196,542,654
51375,318410,24048,153214,15212,294362,1196,542,654
51380,318441,24051,153228,15215,294390,1196,542,654
51385,318472,24053,153241,15215,294419,1196,542,654
51390,318503,24055,153258,15215,294448,1196,542,654
51395,318534,24057,153268,15216,294477,1196,542,654
51400,318565,24060,153284,15217,294505,1196,542,654
51405,318596,24063,153300,15219,294533,1196,542,654
51410,318627,24065,153314,15221,294562,1196,542,654
51415,318658,24066,153334,15222,294592,1196,542,654
51420,318689,24067,153347,15222,294622,1196,542,654
51425,318720,24068,153364,15222,294652,1196,542,654
51430,318751,24069,153376,15223,294682,1196,542,654
51435,318782,24070,153388,15224,294712,1196,542,654
51440,318813,24071,153401,15224,294742,1196,542,654
51445,318844,24072,153418,15225,294772,1196,542,654
51450,318875,24073,153434,15226,294802,1196,542,654
51455,318906,24074,153451,15227,294832,1196,542,654
51460,318937,24075,153468,15228,294862,1196,542,654
51465,318968,24077,153481,15230,294891,1196,542,654
51470,318999,24082,153495,15234,294916,1196,542,654
51475,319030,24088,153508,15238,294941,1196,542,654
51480,319061,24092,153526,15241,294969,1196,542,654
51485,319092,24095,153545,15244,294997,1196,542,654
51490,319123,24095,153562,15244,295028,1196,542,654
51495,319154,24095,153580,15244,295059,1196,542,654
51500,319185,24095,153595,15244,295090,1196,542,654
51505,319216,24095,153612,15244,295121,1196,542,654
51510,319247,24095,153623,15244,295152,1196,542,654
51515,319278,24096,153635,15244,295182,1196,542,654
51520,319309,24097,153647,15245,295212,1196,542,654
51525,319340,24098,153666,15246,295242,1196,542,654
51530,319371,24099,153678,15246,295271,1196,542,654
51535,319402,24101,153688,15247,295301,1196,542,654
51540,319433,24102,153702,15248,295330,1196,542,654
51545,319464,24104,153721,15249,295360,1196,542,654
51550,319495,24105,153742,15249,295390,1196,542,654
51555,319526,24106,153755,15250,295420,1196,542,654
51560,319557,24107,153770,15251,295450,1196,542,654
51565,319588,24108,153791,15252,295480,1196,542,654
51570,319619,24109,153808,15252,295510,1196,542,654
51575,319650,24110,153824,15253,295540,1196,542,654
51580,319681,24111,153840,15253,295570,1196,542,654
51585,319712,24114,153854,15256,295598,1196,542,654
51590,319743,24119,153868,15259,295624,1197,542,655
51595,319774,24125,153884,15262,295649,1198,543,655
51600,319805,24130,153900,15267,295675,1199,543,656
51605,319836,24134,153918,15271,295702,1199,543,656
51610,319867,24138,153931,15273,295728,1199,543,656
51615,319898,24143,153939,15275,295755,1199,543,656
51620,319929,24146,153955,15276,295783,1199,543,656
51625,319960,24149,153970,15278,295811,1199,543,656
51630,319991,24151,153986,15280,295840,1199,543,656
51635,320022,24152,154007,15281,295870,1199,543,656
51640,320053,24153,154022,15281,295900,1199,543,656
51645,320084,24154,154039,15281,295930,1199,543,656
51650,320115,24155,154056,15281,295960,1199,543,656
51655,320146,24156,154071,15281,295990,1199,543,656
51660,320177,24157,154086,15281,296020,1199,543,656
51665,320208,24158,154102,15282,296050,1199,543,656
51670,320239,24159,154121,15283,296080,1199,543,656
51675,320270,24160,154135,15284,296110,1199,543,656
51680,320301,24161,154149,15284,296140,1199,543,656
51685,320332,24162,154168,15285,296170,1199,543,656
51690,320363,24163,154182,15285,296200,1199,543,656
51695,320394,24164,154202,15286,296230,1199,543,656
51700,320425,24165,154219,15286,296260,1199,543,656
51705,320456,24166,154239,15286,296290,1199,543,656
51710,320487,24170,154255,15289,296317,1199,543,656
51715,320518,24174,154279,15292,296344,1200,544,656
51720,320549,24177,154297,15294,296371,1201,544,657
51725,320580,24180,154311,15297,296400,1201,544,657
51730,320611,24182,154330,15298,296429,1201,544,657
51735,320642,24185,154345,15300,296457,1201,544,657
51740,320673,24187,154355,15302,296486,1201,544,657
51745,320704,24189,154366,15302,296515,1201,544,657
51750,320735,24191,154380,15303,296544,1201,544,657
51755,320766,24193,154393,15304,296573,1201,544,657
51760,320797,24196,154409,15305,296601,1201,544,657
51765,320828,24198,154424,15305,296630,1201,544,657
51770,320859,24200,154438,15306,296659,1201,544,657
51775,320890,24202,154450,15307,296688,1201,544,657
51780,320921,24204,154463,15308,296717,1201,544,657
51785,320952,24206,154482,15309,296745,1201,544,657
51790,320983,24209,154497,15311,296772,1201,544,657
51795,321014,24213,154507,15313,296801,1201,544,657
51800,321045,24216,154526,15316,296828,1201,544,657
51805,321076,24219,154543,15319,296856,1201,544,657
51810,321107,24222,154561,15321,296884,1201,544,657
51815,321138,24225,154574,15323,296913,1201,544,657
51820,321169,24227,154589,15325,296941,1201,544,657
51825,321200,24230,154603,15327,296970,1201,544,657
51830,321231,24231,154617,15328,297000,1201,544,657
51835,321262,24234,154629,15330,297028,1202,545,657
51840,321293,24236,154641,15331,297057,1203,545,658
51845,321324,24240,154651,15333,297084,1204,545,659
51850,321355,24245,154672,15337,297110,1204,545,659
51855,321386,24250,154689,15340,297136,1204,545,659
51860,321417,24255,154708,15343,297162,1204,545,659
51865,321448,24258,154720,15344,297190,1204,545,659
51870,321479,24262,154733,15345,297217,1204,545,659
51875,321510,24267,154751,15348,297243,1204,545,659
51880,321541,24272,154768,15353,297269,1204,545,659
51885,321572,24276,154780,15356,297296,1204,545,659
51890,321603,24278,154797,15358,297325,1204,545,659
51895,321634,24279,154814,15359,297355,1204,545,659
51900,321665,24279,154830,15359,297386,1204,545,659
51905,321696,24280,154850,15360,297416,1204,545,659
51910,321727,24281,154869,15360,297446,1204,545,659
51915,321758,24282,154885,15361,297476,1204,545,659
51920,321789,24283,154898,15361,297506,1204,545,659
51925,321820,24284,154916,15362,297536,1204,545,659
51930,321851,24285,154934,15363,297566,1204,545,659
51935,321882,24286,154952,15363,297596,1204,545,659
51940,321913,24287,154968,15364,297626,1204,545,659
51945,321944,24288,154982,15365,297656,1204,545,659
51950,321975,24290,154997,15366,297684,1205,546,659
51955,322006,24295,155018,15371,297710,1206,546,660
51960,322037,24297,155028,15373,297740,1207,547,660
51965,322068,24298,155043,15374,297770,1207,547,660
51970,322099,24300,155056,15376,297798,1207,547,660
51975,322130,24302,155073,15378,297827,1207,547,660
51980,322161,24305,155087,15381,297856,1207,547,660
51985,322192,24306,155103,15382,297886,1207,547,660
51990,322223,24308,155119,15383,297914,1207,547,660
51995,322254,24311,155136,15384,297943,1207,547,660
52000,322285,24314,155148,15385,297971,1207,547,660
52005,322316,24317,155165,15386,297998,1207,547,660
52010,322347,24322,155184,15389,298024,1207,547,660
52015,322378,24327,155196,15392,298050,1207,547,660
52020,322409,24330,155211,15395,298078,1207,547,660
52025,322440,24334,155228,15398,298106,1207,547,660
52030,322471,24337,155240,15399,298134,1207,547,660
52035,322502,24339,155251,15399,298163,1207,547,660
52040,322533,24342,155265,15401,298191,1207,547,660
52045,322564,24346,155282,15405,298218,1207,547,660
52050,322595,24349,155294,15406,298246,1207,547,660
52055,322626,24351,155307,15408,298275,1207,547,660
52060,322657,24355,155322,15412,298302,1207,547,660
52065,322688,24358,155337,15415,298330,1208,548,660
52070,322719,24362,155350,15418,298357,1208,548,660
52075,322750,24366,155367,15422,298384,1208,548,660
52080,322781,24367,155383,15422,298414,1208,548,660
52085,322812,24368,155398,15423,298444,1208,548,660
52090,322843,24370,155413,15425,298473,1208,548,660
52095,322874,24371,155430,15426,298503,1208,548,660
52100,322905,24373,155444,15428,298532,1208,548,660
52105,322936,24374,155459,15429,298562,1208,548,660
52110,322967,24376,155479,15430,298591,1208,548,660
52115,322998,24378,155494,15431,298620,1208,548,660
52120,323029,24379,155506,15432,298650,1208,548,660
52125,323060,24381,155521,15434,298679,1208,548,660
52130,323091,24383,155537,15435,298707,1208,548,660
52135,323122,24386,155552,15436,298734,1208,548,660
52140,323153,24391,155561,15439,298762,1208,548,660
52145,323184,24394,155575,15442,298790,1208,548,660
52150,323215,24398,155585,15445,298816,1208,548,660
52155,323246,24403,155601,15448,298843,1208,548,660
52160,323277,24406,155618,15449,298871,1208,548,660
52165,323308,24408,155634,15451,298899,1208,548,660
52170,323339,24411,155647,15454,298928,1208,548,660
52175,323370,24414,155660,15455,298956,1208,548,660
52180,323401,24417,155676,15457,298983,1209,549,660
52185,323432,24422,155692,15459,299009,1210,550,660
52190,323463,24427,155708,15461,299035,1211,551,660
52195,323494,24430,155725,15462,299064,1211,551,660
52200,323525,24431,155743,15462,299094,1211,551,660
52205,323556,24432,155756,15462,299124,1211,551,660
52210,323587,24434,155778,15464,299153,1211,551,660
52215,323618,24437,155793,15466,299181,1211,551,660
52220,323649,24439,155809,15467,299210,1211,551,660
52225,323680,24442,155826,15469,299238,1211,551,660
52230,323711,24443,155841,15469,299268,1211,551,660
52235,323742,24446,155856,15472,299296,1211,551,660
52240,323773,24447,155872,15472,299326,1211,551,660
52245,323804,24447,155890,15472,299357,1211,551,660
52250,323835,24447,155901,15472,299388,1211,551,660
52255,323866,24448,155917,15472,299417,1211,551,660
52260,323897,24450,155930,15473,299447,1211,551,660
52265,323928,24452,155946,15474,299476,1211,551,660
52270,323959,24453,155965,15474,299506,1211,551,660
52275,323990,24455,155980,15475,299535,1211,551,660
52280,324021,24457,155994,15476,299564,1211,551,660
52285,324052,24458,156008,15477,299594,1211,551,660
52290,324083,24459,156021,15477,299624,1211,551,660
52295,324114,24460,156033,15478,299654,1211,551,660
52300,324145,24462,156048,15479,299683,1211,551,660
52305,324176,24464,156063,15481,299712,1211,551,660
52310,324207,24469,156083,15486,299738,1212,552,660
52315,324238,24473,156100,15489,299765,1213,552,661
52320,324269,24476,156112,15492,299793,1214,553,661
52325,324300,24479,156127,15493,299821,1214,553,661
52330,324331,24482,156138,15496,299849,1214,553,661
52335,324362,24486,156150,15500,299876,1214,553,661
52340,324393,24489,156162,15500,299904,1214,553,661
52345,324424,24493,156180,15504,299931,1214,553,661
52350,324455,24496,156195,15506,299959,1214,553,661
52355,324486,24500,156210,15509,299986,1214,553,661
52360,324517,24503,156225,15511,300014,1214,553,661
52365,324548,24507,156238,15513,300041,1214,553,661
52370,324579,24511,156255,15515,300067,1214,553,661
52375,324610,24515,156267,15517,300093,1214,553,661
52380,324641,24522,156281,15524,300119,1214,553,661
52385,324672,24527,156296,15528,300145,1214,553,661
52390,324703,24529,156314,15529,300173,1214,553,661
52395,324734,24532,156328,15531,300202,1214,553,661
52400,324765,24534,156340,15533,300230,1214,553,661
52405,324796,24537,156356,15535,300259,1214,553,661
52410,324827,24539,156373,15536,300288,1214,553,661
52415,324858,24541,156391,15537,300317,1214,553,661
52420,324889,24543,156409,15539,300346,1214,553,661
52425,324920,24546,156419,15541,300374,1214,553,661
52430,324951,24548,156436,15543,300402,1215,553,662
52435,324982,24549,156447,15544,300433,1215,553,662
52440,325013,24549,156464,15544,300464,1215,553,662
52445,325044,24550,156480,15545,300494,1215,553,662
52450,325075,24552,156497,15547,300523,1215,553,662
52455,325106,24554,156516,15548,300552,1215,553,662
52460,325137,24556,156529,15549,300581,1215,553,662
52465,325168,24558,156546,15550,300610,1215,553,662
52470,325199,24560,156561,15551,300639,1215,553,662
52475,325230,24562,156575,15552,300668,1215,553,662
52480,325261,24562,156589,15552,300699,1215,553,662
52485,325292,24562,156606,15552,300730,1215,553,662
52490,325323,24563,156625,15553,300760,1215,553,662
52495,325354,24564,156641,15554,300790,1215,553,662
52500,325385,24565,156653,15554,300820,1215,553,662
52505,325416,24566,156666,15554,300850,1215,553,662
52510,325447,24567,156681,15555,300880,1215,553,662
52515,325478,24568,156695,15555,300910,1215,553,662
52520,325509,24569,156714,15556,300940,1215,553,662
52525,325540,24571,156726,15557,300969,1215,553,662
52530,325571,24574,156740,15558,300997,1215,553,662
52535,325602,24576,156757,15559,301026,1215,553,662
52540,325633,24580,156775,15562,301053,1215,553,662
52545,325664,24584,156791,15565,301080,1216,554,662
52550,325695,24588,156805,15568,301107,1217,554,663
52555,325726,24593,156818,15572,301133,1218,554,664
52560,325757,24597,156835,15574,301160,1218,554,664
52565,325788,24602,156849,15578,301186,1218,554,664
52570,325819,24606,156864,15581,301212,1218,554,664
52575,325850,24612,156877,15583,301238,1218,554,664
52580,325881,24618,156890,15587,301263,1218,554,664
52585,325912,24622,156907,15588,301289,1218,554,664
52590,325943,24629,156926,15594,301313,1218,554,664
52595,325974,24636,156946,15598,301338,1218,554,664
52600,326005,24640,156961,15600,301365,1218,554,664
52605,326036,24644,156979,15604,301392,1218,554,664
52610,326067,24648,156994,15606,301419,1218,554,664
52615,326098,24652,157009,15608,301445,1218,554,664
52620,326129,24657,157023,15612,301472,1218,554,664
52625,326160,24657,157037,15612,301503,1218,554,664
52630,326191,24657,157054,15612,301534,1218,554,664
52635,326222,24657,157070,15612,301565,1218,554,664
52640,326253,24657,157090,15612,301596,1218,554,664
52645,326284,24657,157106,15612,301627,1218,554,664
52650,326315,24657,157119,15612,301658,1218,554,664
52655,326346,24657,157137,15612,301689,1218,554,664
52660,326377,24657,157153,15612,301720,1218,554,664
52665,326408,24657,157165,15612,301751,1218,554,664
52670,326439,24657,157178,15612,301782,1219,555,664
52675,326470,24657,157190,15612,301813,1220,555,665
52680,326501,24657,157203,15612,301844,1221,556,665
52685,326532,24657,157219,15612,301875,1221,556,665
52690,326563,24657,157232,15612,301906,1221,556,665
52695,326594,24657,157248,15612,301937,1221,556,665
52700,326625,24658,157260,15612,301967,1221,556,665
52705,326656,24659,157270,15612,301997,1221,556,665
52710,326687,24660,157282,15613,302026,1221,556,665
52715,326718,24662,157299,15614,302056,1221,556,665
52720,326749,24664,157312,15616,302085,1221,556,665
52725,326780,24666,157326,15617,302113,1221,556,665
52730,326811,24670,157337,15619,302141,1221,556,665
52735,326842,24676,157353,15624,302165,1221,556,665
52740,326873,24682,157369,15629,302190,1221,556,665
52745,326904,24688,157381,15634,302216,1221,556,665
52750,326935,24692,157394,15636,302242,1221,556,665
52755,326966,24698,157411,15642,302267,1221,556,665
52760,326997,24703,157427,15644,302293,1221,556,665
52765,327028,24708,157447,15648,302319,1221,556,665
52770,327059,24713,157459,15652,302345,1221,556,665
52775,327090,24718,157473,15655,302371,1221,556,665
52780,327121,24722,157485,15658,302399,1221,556,665
52785,327152,24726,157499,15660,302426,1221,556,665
52790,327183,24730,157509,15663,302453,1221,556,665
52795,327214,24734,157523,15667,302480,1221,556,665
52800,327245,24737,157534,15668,302508,1221,556,665
52805,327276,24738,157544,15669,302538,1221,556,665
52810,327307,24739,157560,15669,302568,1221,556,665
52815,327338,24741,157575,15671,302597,1221,556,665
52820,327369,24743,157592,15673,302626,1221,556,665
52825,327400,24745,157607,15675,302655,1221,556,665
52830,327431,24747,157623,15676,302684,1221,556,665
52835,327462,24748,157634,15676,302714,1221,556,665
52840,327493,24749,157652,15676,302744,1221,556,665
52845,327524,24750,157664,15676,302774,1221,556,665
52850,327555,24751,157675,15676,302803,1221,556,665
52855,327586,24754,157690,15679,302832,1221,556,665
52860,327617,24755,157708,15680,302862,1221,556,665
52865,327648,24758,157726,15683,302890,1221,556,665
52870,327679,24760,157740,15683,302919,1221,556,665
52875,327710,24762,157754,15685,302948,1221,556,665
52880,327741,24765,157772,15688,302976,1221,556,665
52885,327772,24767,157786,15690,303005,1221,556,665
52890,327803,24769,157799,15692,303034,1221,556,665
52895,327834,24771,157815,15693,303063,1221,556,665
52900,327865,24773,157831,15693,303092,1221,556,665
52905,327896,24775,157848,15695,303121,1221,556,665
52910,327927,24778,157863,15695,303149,1221,556,665
52915,327958,24781,157877,15696,303177,1221,556,665
52920,327989,24785,157892,15698,303204,1221,556,665
52925,328020,24789,157913,15701,303230,1221,556,665
52930,328051,24793,157925,15703,303257,1221,556,665
52935,328082,24798,157938,15706,303284,1221,556,665
52940,328113,24801,157952,15707,303312,1221,556,665
52945,328144,24803,157967,15708,303341,1221,556,665
52950,328175,24805,157978,15710,303370,1221,556,665
52955,328206,24807,157993,15711,303399,1221,556,665
52960,328237,24808,158007,15712,303429,1221,556,665
52965,328268,24810,158027,15713,303457,1222,556,666
52970,328299,24814,158041,15715,303484,1222,556,666
52975,328330,24817,158058,15718,303513,1222,556,666
52980,328361,24820,158071,15720,303541,1222,556,666
52985,328392,24822,158087,15721,303570,1222,556,666
52990,328423,24824,158105,15723,303599,1222,556,666
52995,328454,24826,158116,15724,303628,1222,556,666
53000,328485,24828,158131,15725,303657,1222,556,666
53005,328516,24831,158148,15727,303685,1222,556,666
53010,328547,24833,158161,15728,303714,1222,556,666
53015,328578,24836,158179,15730,303742,1222,556,666
53020,328609,24838,158197,15732,303771,1222,556,666
53025,328640,24840,158210,15733,303800,1222,556,666
53030,328671,24842,158224,15734,303829,1222,556,666
53035,328702,24844,158237,15736,303858,1222,556,666
53040,328733,24847,158250,15737,303886,1222,556,666
53045,328764,24850,158264,15739,303914,1223,556,667
53050,328795,24852,158283,15741,303943,1223,556,667
53055,328826,24853,158294,15741,303973,1223,556,667
53060,328857,24854,158306,15741,304003,1223,556,667
53065,328888,24856,158323,15742,304032,1223,556,667
53070,328919,24858,158338,15743,304061,1223,556,667
53075,328950,24860,158355,15744,304089,1223,556,667
53080,328981,24861,158364,15745,304120,1223,556,667
53085,329012,24861,158384,15745,304151,1223,556,667
53090,329043,24861,158400,15745,304182,1223,556,667
53095,329074,24861,158415,15745,304213,1223,556,667
53100,329105,24861,158431,15745,304244,1223,556,667
53105,329136,24861,158446,15745,304275,1223,556,667
53110,329167,24861,158462,15745,304306,1223,556,667
53115,329198,24861,158481,15745,304337,1223,556,667
53120,329229,24861,158497,15745,304368,1223,556,667
53125,329260,24861,158510,15745,304399,1223,556,667
53130,329291,24861,158525,15745,304430,1223,556,667
53135,329322,24861,158539,15745,304461,1223,556,667
53140,329353,24861,158553,15745,304492,1223,556,667
53145,329384,24861,158568,15745,304523,1223,556,667
53150,329415,24862,158587,15745,304552,1223,556,667
53155,329446,24869,158605,15750,304577,1223,556,667
53160,329477,24875,158620,15756,304601,1223,556,667
53165,329508,24880,158634,15759,304627,1223,556,667
53170,329539,24884,158648,15760,304655,1223,556,667
53175,329570,24887,158661,15761,304683,1223,556,667
53180,329601,24890,158676,15763,304711,1223,556,667
53185,329632,24893,158692,15765,304739,1223,556,667
53190,329663,24896,158711,15768,304766,1223,556,667
53195,329694,24900,158726,15771,304794,1223,556,667
53200,329725,24903,158741,15772,304821,1223,556,667
53205,329756,24907,158754,15775,304849,1223,556,667
53210,329787,24910,158774,15778,304876,1223,556,667
53215,329818,24914,158785,15780,304904,1223,556,667
53220,329849,24917,158802,15782,304932,1223,556,667
53225,329880,24920,158819,15784,304959,1224,557,667
53230,329911,24924,158835,15786,304986,1225,558,667
53235,329942,24928,158849,15787,305014,1226,559,667
53240,329973,24931,158859,15788,305041,1227,559,668
53245,330004,24935,158873,15791,305069,1227,559,668
53250,330035,24938,158890,15793,305097,1227,559,668
53255,330066,24941,158907,15796,305125,1227,559,668
53260,330097,24944,158921,15798,305152,1227,559,668
53265,330128,24949,158934,15802,305178,1227,559,668
53270,330159,24951,158948,15803,305208,1227,559,668
53275,330190,24953,158968,15805,305237,1227,559,668
53280,330221,24954,158982,15805,305267,1227,559,668
53285,330252,24955,158994,15805,305297,1227,559,668
53290,330283,24955,159007,15805,305328,1227,559,668
53295,330314,24955,159017,15805,305359,1227,559,668
53300,330345,24955,159031,15805,305390,1227,559,668
53305,330376,24955,159045,15805,305421,1227,559,668
53310,330407,24955,159061,15805,305452,1227,559,668
53315,330438,24955,159075,15805,305483,1227,559,668
53320,330469,24955,159093,15805,305514,1227,559,668
53325,330500,24955,159109,15805,305545,1227,559,668
53330,330531,24955,159126,15805,305576,1227,559,668
53335,330562,24955,159138,15805,305607,1227,559,668
53340,330593,24955,159158,15805,305638,1227,559,668
53345,330624,24955,159173,15805,305669,1227,559,668
53350,330655,24955,159187,15805,305700,1228,560,668
53355,330686,24955,159205,15805,305731,1229,560,669
53360,330717,24955,159218,15805,305762,1230,560,670
53365,330748,24955,159231,15805,305793,1231,560,671
53370,330779,24955,159243,15805,305824,1232,560,672
53375,330810,24956,159255,15805,305854,1233,560,673
53380,330841,24958,159268,15807,305883,1233,560,673
53385,330872,24961,159287,15809,305911,1233,560,673
53390,330903,24966,159297,15812,305936,1233,560,673
53395,330934,24973,159310,15816,305959,1233,560,673
53400,330965,24980,159325,15821,305984,1233,560,673
53405,330996,24984,159339,15823,306012,1233,560,673
53410,331027,24987,159351,15825,306040,1233,560,673
53415,331058,24988,159367,15825,306070,1233,560,673
53420,331089,24989,159383,15826,306100,1233,560,673
53425,331120,24990,159400,15827,306130,1233,560,673
53430,331151,24992,159415,15829,306159,1233,560,673
53435,331182,24993,159434,15830,306189,1233,560,673
53440,331213,24994,159447,15831,306219,1233,560,673
53445,331244,24996,159464,15832,306248,1233,560,673
53450,331275,24997,159478,15832,306278,1233,560,673
53455,331306,24998,159492,15832,306308,1233,560,673
53460,331337,25000,159508,15834,306337,1233,560,673
53465,331368,25002,159523,15836,306366,1233,560,673
53470,331399,25004,159537,15836,306395,1233,560,673
53475,331430,25006,159551,15838,306424,1233,560,673
53480,331461,25008,159560,15839,306453,1233,560,673
53485,331492,25010,159573,15840,306482,1233,560,673
53490,331523,25012,159588,15841,306511,1233,560,673
53495,331554,25014,159607,15843,306540,1233,560,673
53500,331585,25016,159619,15843,306569,1233,560,673
53505,331616,25018,159631,15845,306596,1233,560,673
53510,331647,25022,159643,15849,306625,1233,560,673
53515,331678,25025,159661,15851,306652,1234,560,674
53520,331709,25031,159674,15855,306677,1235,561,674
53525,331740,25033,159689,15856,306707,1235,561,674
53530,331771,25034,159705,15857,306737,1235,561,674
53535,331802,25036,159722,15858,306766,1235,561,674
53540,331833,25037,159741,15858,306796,1235,561,674
53545,331864,25039,159758,15859,306825,1235,561,674
53550,331895,25041,159774,15860,306854,1235,561,674
53555,331926,25042,159790,15861,306884,1235,561,674
53560,331957,25044,159802,15863,306913,1235,561,674
53565,331988,25045,159820,15863,306943,1235,561,674
53570,332019,25046,159839,15864,306973,1235,561,674
53575,332050,25047,159858,15864,307003,1235,561,674
53580,332081,25048,159874,15864,307033,1235,561,674
53585,332112,25048,159888,15864,307064,1235,561,674
53590,332143,25048,159902,15864,307095,1235,561,674
53595,332174,25048,159918,15864,307126,1235,561,674
53600,332205,25048,159930,15864,307157,1235,561,674
53605,332236,25048,159941,15864,307188,1235,561,674
53610,332267,25048,159953,15864,307219,1235,561,674
53615,332298,25048,159967,15864,307250,1235,561,674
53620,332329,25048,159980,15864,307281,1235,561,674
53625,332360,25049,159996,15864,307311,1235,561,674
53630,332391,25052,160012,15867,307338,1236,562,674
53635,332422,25058,160026,15871,307362,1237,563,674
53640,332453,25064,160041,15875,307389,1237,563,674
53645,332484,25068,160060,15878,307414,1237,563,674
53650,332515,25073,160072,15882,307442,1237,563,674
53655,332546,25076,160089,15884,307469,1237,563,674
53660,332577,25080,160106,15886,307496,1237,563,674
53665,332608,25084,160123,15889,307524,1237,563,674
53670,332639,25087,160136,15889,307551,1237,563,674
53675,332670,25091,160148,15891,307578,1237,563,674
53680,332701,25094,160162,15892,307607,1237,563,674
53685,332732,25096,160178,15894,307636,1237,563,674
53690,332763,25098,160195,15894,307665,1237,563,674
53695,332794,25100,160213,15896,307694,1237,563,674
53700,332825,25102,160229,15896,307723,1237,563,674
53705,332856,25104,160243,15896,307752,1237,563,674
53710,332887,25106,160261,15897,307781,1237,563,674
53715,332918,25108,160274,15898,307810,1237,563,674
53720,332949,25110,160288,15899,307839,1237,563,674
53725,332980,25112,160299,15900,307868,1237,563,674
53730,333011,25114,160312,15902,307897,1237,563,674
53735,333042,25116,160327,15903,307926,1237,563,674
53740,333073,25118,160341,15904,307955,1238,563,675
53745,333104,25120,160358,15905,307984,1239,564,675
53750,333135,25125,160369,15909,308010,1240,564,676
53755,333166,25129,160386,15912,308035,1240,564,676
53760,333197,25134,160402,15915,308061,1240,564,676
53765,333228,25140,160415,15920,308088,1240,564,676
53770,333259,25142,160426,15921,308117,1240,564,676
53775,333290,25144,160447,15923,308146,1240,564,676
53780,333321,25146,160458,15923,308175,1240,564,676
53785,333352,25148,160473,15923,308204,1240,564,676
53790,333383,25151,160486,15925,308232,1240,564,676
53795,333414,25155,160503,15928,308259,1240,564,676
53800,333445,25158,160512,15930,308287,1240,564,676
53805,333476,25162,160527,15932,308314,1240,564,676
53810,333507,25163,160543,15933,308344,1240,564,676
53815,333538,25164,160558,15933,308374,1240,564,676
53820,333569,25165,160576,15933,308404,1240,564,676
53825,333600,25167,160590,15935,308433,1240,564,676
53830,333631,25168,160604,15935,308463,1240,564,676
53835,333662,25169,160622,15936,308492,1240,564,676
53840,333693,25172,160643,15938,308520,1240,564,676
53845,333724,25174,160654,15940,308550,1240,564,676
53850,333755,25175,160667,15940,308580,1240,564,676
53855,333786,25176,160685,15941,308610,1241,565,676
53860,333817,25178,160699,15941,308639,1242,565,677
53865,333848,25180,160709,15941,308668,1242,565,677
53870,333879,25182,160725,15942,308697,1242,565,677
53875,333910,25187,160739,15946,308723,1242,565,677
53880,333941,25189,160752,15946,308752,1242,565,677
53885,333972,25191,160768,15947,308781,1242,565,677
53890,334003,25193,160785,15947,308810,1242,565,677
53895,334034,25195,160803,15949,308839,1242,565,677
53900,334065,25197,160818,15950,308867,1242,565,677
53905,334096,25200,160830,15952,308895,1242,565,677
53910,334127,25203,160841,15953,308924,1242,565,677
53915,334158,25205,160857,15954,308952,1242,565,677
53920,334189,25208,160877,15956,308980,1242,565,677
53925,334220,25211,160893,15958,309008,1242,565,677
53930,334251,25214,160906,15960,309037,1242,565,677
53935,334282,25216,160920,15960,309065,1242,565,677
53940,334313,25219,160934,15962,309093,1242,565,677
53945,334344,25221,160945,15964,309123,1242,565,677
53950,334375,25222,160960,15965,309153,1242,565,677
53955,334406,25223,160969,15966,309183,1242,565,677
53960,334437,25224,160986,15967,309213,1242,565,677
53965,334468,25225,161003,15968,309243,1243,566,677
53970,334499,25226,161017,15968,309273,1244,567,677
53975,334530,25227,161032,15968,309303,1245,567,678
53980,334561,25228,161049,15969,309333,1245,567,678
53985,334592,25231,161067,15971,309360,1245,567,678
53990,334623,25236,161080,15974,309386,1245,567,678
53995,334654,25243,161095,15978,309411,1245,567,678
54000,334685,25246,161110,15979,309439,1245,567,678
54005,334716,25248,161125,15980,309468,1245,567,678
54010,334747,25252,161141,15983,309495,1245,567,678
54015,334778,25255,161154,15986,309523,1245,567,678
54020,334809,25258,161166,15987,309551,1245,567,678
54025,334840,25259,161179,15987,309581,1245,567,678
54030,334871,25261,161191,15988,309610,1245,567,678
54035,334902,25262,161202,15988,309640,1245,567,678
54040,334933,25264,161222,15990,309669,1245,567,678
54045,334964,25265,161239,15991,309699,1245,567,678
54050,334995,25267,161249,15992,309728,1245,567,678
54055,335026,25269,161266,15994,309757,1245,567,678
54060,335057,25272,161284,15997,309785,1245,567,678
54065,335088,25273,161297,15998,309814,1245,567,678
54070,335119,25275,161310,15999,309844,1245,567,678
54075,335150,25276,161326,16000,309874,1245,567,678
54080,335181,25278,161346,16002,309902,1246,568,678
54085,335212,25280,161367,16003,309932,1246,568,678
54090,335243,25281,161385,16003,309962,1246,568,678
54095,335274,25282,161398,16003,309992,1246,568,678
54100,335305,25284,161415,16003,310021,1246,568,678
54105,335336,25286,161429,16004,310050,1246,568,678
54110,335367,25288,161445,16005,310079,1246,568,678
54115,335398,25290,161459,16007,310107,1246,568,678
54120,335429,25293,161473,16008,310135,1246,568,678
54125,335460,25297,161484,16010,310163,1246,568,678
54130,335491,25299,161500,16010,310191,1246,568,678
54135,335522,25303,161513,16013,310218,1246,568,678
54140,335553,25307,161526,16016,310246,1246,568,678
54145,335584,25310,161538,16018,310273,1246,568,678
54150,335615,25313,161550,16020,310302,1246,568,678
54155,335646,25315,161564,16021,310331,1246,568,678
54160,335677,25319,161581,16024,310358,1246,568,678
54165,335708,25324,161595,16028,310384,1246,568,678
54170,335739,25328,161611,16031,310411,1246,568,678
54175,335770,25332,161630,16034,310438,1246,568,678
54180,335801,25336,161648,16038,310465,1246,568,678
54185,335832,25337,161661,16039,310495,1247,569,678
54190,335863,25338,161679,16039,310525,1248,570,678
54195,335894,25339,161697,16039,310555,1248,570,678
54200,335925,25340,161710,16040,310585,1248,570,678
54205,335956,25341,161724,16041,310615,1248,570,678
54210,335987,25342,161740,16041,310645,1248,570,678
54215,336018,25343,161756,16041,310675,1248,570,678
54220,336049,25344,161769,16042,310705,1248,570,678
54225,336080,25345,161786,16042,310735,1248,570,678
54230,336111,25346,161802,16043,310765,1248,570,678
54235,336142,25347,161820,16044,310795,1248,570,678
54240,336173,25348,161836,16045,310825,1248,570,678
54245,336204,25349,161850,16045,310855,1249,571,678
54250,336235,25350,161867,16045,310885,1250,572,678
54255,336266,25351,161879,16045,310915,1250,572,678
54260,336297,25352,161893,16045,310945,1250,572,678
54265,336328,25353,161912,16046,310975,1250,572,678
54270,336359,25354,161923,16047,311005,1250,572,678
54275,336390,25356,161938,16049,311034,1250,572,678
54280,336421,25358,161951,16051,311063,1250,572,678
54285,336452,25362,161961,16053,311090,1250,572,678
54290,336483,25366,161977,16056,311115,1250,572,678
54295,336514,25372,161990,16060,311142,1250,572,678
54300,336545,25377,162000,16062,311167,1250,572,678
54305,336576,25383,162019,16067,311192,1250,572,678
54310,336607,25389,162036,16072,311218,1250,572,678
54315,336638,25394,162055,16074,311243,1250,572,678
54320,336669,25399,162077,16077,311269,1250,572,678
54325,336700,25404,162092,16079,311295,1250,572,678
54330,336731,25411,162106,16084,311320,1250,572,678
54335,336762,25415,162120,16088,311347,1250,572,678
54340,336793,25418,162130,16089,311375,1250,572,678
54345,336824,25423,162146,16093,311400,1250,572,678
54350,336855,25426,162154,16095,311429,1250,572,678
54355,336886,25429,162167,16097,311457,1251,572,679
54360,336917,25431,162177,16098,311486,1252,572,680
54365,336948,25431,162197,16098,311517,1252,572,680
54370,336979,25431,162210,16098,311548,1252,572,680
54375,337010,25431,162223,16098,311579,1252,572,680
54380,337041,25431,162238,16098,311610,1252,572,680
54385,337072,25431,162254,16098,311641,1252,572,680
54390,337103,25431,162272,16098,311672,1252,572,680
54395,337134,25431,162286,16098,311703,1252,572,680
54400,337165,25431,162301,16098,311734,1252,572,680
54405,337196,25432,162316,16099,311764,1252,572,680
54410,337227,25434,162330,16100,311793,1252,572,680
54415,337258,25436,162346,16102,311822,1252,572,680
54420,337289,25437,162361,16103,311852,1252,572,680
54425,337320,25440,162376,16104,311880,1252,572,680
54430,337351,25443,162391,16106,311908,1252,572,680
54435,337382,25446,162403,16107,311936,1252,572,680
54440,337413,25450,162420,16110,311963,1252,572,680
54445,337444,25453,162431,16111,311991,1252,572,680
54450,337475,25457,162444,16113,312018,1252,572,680
54455,337506,25460,162457,16114,312046,1252,572,680
54460,337537,25463,162476,16116,312074,1252,572,680
54465,337568,25467,162494,16119,312101,1252,572,680
54470,337599,25472,162508,16122,312127,1253,572,681
54475,337630,25478,162524,16127,312151,1254,572,682
54480,337661,25483,162537,16130,312178,1255,573,682
54485,337692,25485,162554,16131,312206,1255,573,682
54490,337723,25489,162567,16134,312233,1255,573,682
54495,337754,25492,162583,16136,312262,1255,573,682
54500,337785,25492,162591,16136,312293,1255,573,682
54505,337816,25492,162607,16136,312324,1255,573,682
54510,337847,25492,162620,16136,312355,1255,573,682
54515,337878,25492,162634,16136,312386,1255,573,682
54520,337909,25492,162647,16136,312417,1255,573,682
54525,337940,25492,162661,16136,312448,1255,573,682
54530,337971,25492,162674,16136,312479,1255,573,682
54535,338002,25492,162688,16136,312510,1255,573,682
54540,338033,25492,162704,16136,312541,1255,573,682
54545,338064,25494,162721,16138,312570,1255,573,682
54550,338095,25495,162733,16139,312600,1255,573,682
54555,338126,25497,162749,16140,312629,1255,573,682
54560,338157,25499,162765,16142,312658,1255,573,682
54565,338188,25500,162780,16143,312688,1255,573,682
54570,338219,25502,162793,16145,312717,1255,573,682
54575,338250,25503,162805,16145,312747,1255,573,682
54580,338281,25504,162821,16146,312777,1255,573,682
54585,338312,25507,162842,16148,312805,1256,574,682
54590,338343,25510,162856,16148,312833,1257,574,683
54595,338374,25513,162870,16151,312861,1258,575,683
54600,338405,25517,162885,16154,312888,1259,575,684
54605,338436,25520,162896,16155,312916,1259,575,684
54610,338467,25524,162914,16158,312942,1259,575,684
54615,338498,25528,162925,16160,312970,1259,575,684
54620,338529,25533,162939,16163,312996,1259,575,684
54625,338560,25536,162955,16166,313023,1259,575,684
54630,338591,25540,162970,16169,313050,1259,575,684
54635,338622,25544,162986,16172,313077,1259,575,684
54640,338653,25548,163004,16176,313105,1259,575,684
54645,338684,25550,163021,16177,313133,1259,575,684
54650,338715,25553,163039,16180,313162,1259,575,684
54655,338746,25556,163059,16182,313190,1259,575,684
54660,338777,25559,163076,16184,313218,1259,575,684
54665,338808,25561,163092,16186,313247,1259,575,684
54670,338839,25563,163106,16187,313276,1259,575,684
54675,338870,25564,163122,16187,313306,1259,575,684
54680,338901,25565,163139,16187,313336,1259,575,684
54685,338932,25566,163150,16187,313366,1259,575,684
54690,338963,25567,163167,16188,313396,1259,575,684
54695,338994,25568,163181,16189,313426,1259,575,684
54700,339025,25569,163200,16189,313456,1259,575,684
54705,339056,25570,163221,16190,313486,1260,575,685
54710,339087,25571,163234,16191,313516,1261,576,685
54715,339118,25572,163248,16192,313546,1262,577,685
54720,339149,25573,163266,16192,313576,1263,578,685
54725,339180,25574,163284,16192,313606,1263,578,685
54730,339211,25576,163299,16193,313635,1263,578,685
54735,339242,25579,163314,16195,313663,1263,578,685
54740,339273,25581,163328,16196,313692,1263,578,685
54745,339304,25583,163348,16198,313721,1263,578,685
54750,339335,25585,163361,16199,313750,1263,578,685
54755,339366,25588,163378,16201,313778,1263,578,685
54760,339397,25591,163393,16203,313806,1263,578,685
54765,339428,25594,163405,16205,313834,1263,578,685
54770,339459,25599,163420,16208,313859,1263,578,685
54775,339490,25604,163432,16210,313885,1263,578,685
54780,339521,25610,163446,16214,313911,1263,578,685
54785,339552,25614,163458,16216,313938,1263,578,685
54790,339583,25616,163473,16217,313966,1263,578,685
54795,339614,25619,163492,16220,313995,1263,578,685
54800,339645,25621,163511,16222,314024,1263,578,685
54805,339676,25622,163524,16223,314054,1263,578,685
54810,339707,25623,163538,16224,314084,1263,578,685
54815,339738,25625,163555,16226,314113,1263,578,685
54820,339769,25627,163567,16227,314142,1263,578,685
54825,339800,25628,163579,16228,314172,1263,578,685
54830,339831,25630,163596,16230,314201,1264,578,686
54835,339862,25632,163611,16232,314229,1265,579,686
54840,339893,25635,163626,16235,314258,1266,580,686
54845,339924,25635,163641,16235,314289,1266,580,686
54850,339955,25635,163653,16235,314320,1266,580,686
54855,339986,25635,163669,16235,314351,1266,580,686
54860,340017,25635,163685,16235,314382,1266,580,686
54865,340048,25635,163699,16235,314413,1266,580,686
54870,340079,25635,163710,16235,314444,1266,580,686
54875,340110,25635,163726,16235,314475,1266,580,686
54880,340141,25635,163737,16235,314506,1266,580,686
54885,340172,25636,163750,16235,314535,1266,580,686
54890,340203,25640,163765,16238,314563,1266,580,686
54895,340234,25643,163778,16239,314590,1266,580,686
54900,340265,25650,163796,16243,314615,1266,580,686
54905,340296,25655,163811,16246,314641,1266,580,686
54910,340327,25660,163825,16249,314667,1266,580,686
54915,340358,25664,163840,16251,314694,1266,580,686
54920,340389,25668,163853,16254,314721,1266,580,686
54925,340420,25671,163866,16255,314749,1266,580,686
54930,340451,25675,163882,16256,314776,1266,580,686
54935,340482,25678,163896,16258,314804,1266,580,686
54940,340513,25682,163919,16260,314831,1266,580,686
54945,340544,25686,163934,16261,314858,1266,580,686
54950,340575,25690,163946,16265,314884,1267,581,686
54955,340606,25696,163961,16269,314910,1268,582,686
54960,340637,25698,163976,16270,314939,1269,582,687
54965,340668,25701,163990,16273,314967,1269,582,687
54970,340699,25702,164002,16274,314996,1269,582,687
54975,340730,25704,164016,16276,315025,1269,582,687
54980,340761,25706,164030,16277,315055,1269,582,687
54985,340792,25707,164045,16277,315085,1269,582,687
54990,340823,25708,164059,16277,315115,1269,582,687
54995,340854,25709,164068,16278,315145,1269,582,687
55000,340885,25710,164084,16279,315175,1269,582,687
55005,340916,25711,164101,16280,315205,1269,582,687
55010,340947,25713,164117,16282,315234,1269,582,687
55015,340978,25714,164129,16282,315264,1269,582,687
55020,341009,25714,164147,16282,315295,1269,582,687
55025,341040,25714,164156,16282,315326,1269,582,687
55030,341071,25714,164173,16282,315357,1269,582,687
55035,341102,25714,164189,16282,315388,1269,582,687
55040,341133,25714,164209,16282,315419,1269,582,687
55045,341164,25714,164225,16282,315450,1269,582,687
55050,341195,25714,164240,16282,315481,1269,582,687
55055,341226,25714,164253,16282,315512,1269,582,687
55060,341257,25714,164274,16282,315543,1269,582,687
55065,341288,25714,164286,16282,315574,1269,582,687
55070,341319,25717,164302,16285,315602,1270,583,687
55075,341350,25721,164316,16288,315628,1271,584,687
55080,341381,25726,164329,16292,315654,1272,584,688
55085,341412,25731,164342,16294,315681,1272,584,688
55090,341443,25734,164358,16296,315709,1272,584,688
55095,341474,25737,164373,16297,315737,1272,584,688
55100,341505,25740,164384,16299,315765,1272,584,688
55105,341536,25743,164400,16301,315793,1272,584,688
55110,341567,25746,164411,16301,315821,1272,584,688
55115,341598,25749,164428,16303,315849,1272,584,688
55120,341629,25752,164443,16305,315877,1272,584,688
55125,341660,25755,164460,16307,315905,1272,584,688
55130,341691,25758,164477,16310,315933,1272,584,688
55135,341722,25761,164495,16312,315961,1272,584,688
55140,341753,25764,164511,16314,315989,1272,584,688
55145,341784,25767,164525,16315,316017,1272,584,688
55150,341815,25770,164540,16315,316045,1272,584,688
55155,341846,25773,164551,16315,316073,1272,584,688
55160,341877,25776,164570,16318,316101,1272,584,688
55165,341908,25779,164585,16319,316129,1272,584,688
55170,341939,25782,164604,16320,316157,1272,584,688
55175,341970,25785,164621,16321,316185,1272,584,688
55180,342001,25788,164639,16322,316213,1272,584,688
55185,342032,25791,164657,16324,316241,1272,584,688
55190,342063,25795,164671,16327,316267,1273,585,688
55195,342094,25803,164685,16333,316290,1274,585,689
55200,342125,25809,164700,16336,316316,1274,585,689
55205,342156,25811,164712,16337,316345,1274,585,689
55210,342187,25812,164730,16337,316375,1274,585,689
55215,342218,25814,164742,16338,316403,1274,585,689
55220,342249,25816,164757,16340,316432,1274,585,689
55225,342280,25818,164772,16342,316462,1274,585,689
55230,342311,25820,164785,16343,316491,1274,585,689
55235,342342,25820,164801,16343,316522,1274,585,689
55240,342373,25820,164817,16343,316553,1274,585,689
55245,342404,25820,164832,16343,316584,1274,585,689
55250,342435,25820,164844,16343,316615,1274,585,689
55255,342466,25820,164862,16343,316646,1274,585,689
55260,342497,25820,164874,16343,316677,1274,585,689
55265,342528,25820,164884,16343,316708,1274,585,689
55270,342559,25820,164904,16343,316739,1274,585,689
55275,342590,25820,164920,16343,316770,1274,585,689
55280,342621,25820,164933,16343,316801,1274,585,689
55285,342652,25820,164952,16343,316832,1274,585,689
55290,342683,25820,164968,16343,316863,1274,585,689
55295,342714,25820,164977,16343,316894,1274,585,689
55300,342745,25820,164995,16343,316925,1274,585,689
55305,342776,25821,165016,16343,316954,1275,585,690
55310,342807,25825,165032,16345,316981,1275,585,690
55315,342838,25831,165051,16350,317006,1275,585,690
55320,342869,25836,165065,16353,317032,1275,585,690
55325,342900,25840,165075,16355,317060,1275,585,690
55330,342931,25843,165085,16357,317088,1275,585,690
55335,342962,25847,165101,16360,317115,1275,585,690
55340,342993,25852,165117,16361,317141,1275,585,690
55345,343024,25857,165128,16363,317167,1275,585,690
55350,343055,25861,165143,16367,317194,1275,585,690
55355,343086,25866,165159,16371,317220,1275,585,690
55360,343117,25871,165177,16376,317246,1275,585,690
55365,343148,25876,165190,16377,317272,1275,585,690
55370,343179,25880,165201,16377,317299,1275,585,690
55375,343210,25885,165217,16378,317325,1275,585,690
55380,343241,25889,165233,16380,317352,1275,585,690
55385,343272,25891,165249,16382,317380,1275,585,690
55390,343303,25895,165269,16385,317407,1275,585,690
55395,343334,25898,165279,16386,317436,1275,585,690
55400,343365,25900,165295,16387,317465,1275,585,690
55405,343396,25902,165312,16388,317494,1275,585,690
55410,343427,25904,165326,16389,317523,1275,585,690
55415,343458,25906,165340,16390,317551,1276,586,690
55420,343489,25911,165356,16394,317578,1277,587,690
55425,343520,25914,165370,16397,317606,1277,587,690
55430,343551,25916,165384,16398,317635,1277,587,690
55435,343582,25917,165397,16398,317665,1277,587,690
55440,343613,25918,165410,16398,317694,1277,587,690
55445,343644,25925,165423,16404,317719,1277,587,690
55450,343675,25929,165440,16407,317746,1277,587,690
55455,343706,25932,165452,16409,317774,1277,587,690
55460,343737,25935,165466,16410,317802,1277,587,690
55465,343768,25939,165483,16414,317829,1277,587,690
55470,343799,25943,165499,16416,317856,1277,587,690
55475,343830,25946,165513,16417,317884,1277,587,690
55480,343861,25949,165536,16420,317912,1277,587,690
55485,343892,25951,165551,16421,317941,1277,587,690
55490,343923,25953,165567,16422,317970,1277,587,690
55495,343954,25955,165576,16422,317999,1277,587,690
55500,343985,25958,165589,16424,318027,1277,587,690
55505,344016,25961,165606,16427,318055,1277,587,690
55510,344047,25962,165621,16428,318085,1277,587,690
55515,344078,25963,165629,16428,318115,1277,587,690
55520,344109,25964,165645,16428,318145,1277,587,690
55525,344140,25965,165658,16428,318175,1277,587,690
55530,344171,25966,165676,16428,318205,1278,587,691
55535,344202,25967,165692,16429,318235,1279,588,691
55540,344233,25968,165712,16429,318265,1279,588,691
55545,344264,25969,165724,16430,318295,1279,588,691
55550,344295,25970,165739,16430,318325,1279,588,691
55555,344326,25971,165754,16431,318355,1279,588,691
55560,344357,25973,165766,16432,318384,1279,588,691
55565,344388,25975,165784,16433,318413,1279,588,691
55570,344419,25976,165797,16433,318443,1279,588,691
55575,344450,25977,165809,16433,318473,1279,588,691
55580,344481,25978,165824,16433,318503,1279,588,691
55585,344512,25980,165835,16435,318532,1279,588,691
55590,344543,25981,165850,16436,318562,1279,588,691
55595,344574,25982,165861,16436,318592,1279,588,691
55600,344605,25983,165880,16437,318622,1279,588,691
55605,344636,25984,165889,16437,318652,1279,588,691
55610,344667,25986,165903,16438,318681,1279,588,691
55615,344698,25988,165920,16440,318710,1279,588,691
55620,344729,25991,165932,16441,318738,1279,588,691
55625,344760,25995,165949,16443,318765,1280,589,691
55630,344791,26000,165968,16447,318791,1281,590,691
55635,344822,26003,165981,16450,318818,1282,590,692
55640,344853,26007,165994,16453,318846,1282,590,692
55645,344884,26010,166009,16455,318873,1282,590,692
55650,344915,26013,166021,16456,318901,1282,590,692
55655,344946,26016,166036,16458,318930,1282,590,692
55660,344977,26018,166050,16458,318958,1282,590,692
55665,345008,26021,166062,16460,318987,1282,590,692
55670,345039,26024,166081,16463,319015,1282,590,692
55675,345070,26027,166093,16465,319043,1282,590,692
55680,345101,26031,166114,16468,319070,1282,590,692
55685,345132,26034,166130,16470,319097,1282,590,692
55690,345163,26036,166152,16472,319126,1282,590,692
55695,345194,26038,166169,16474,319155,1282,590,692
55700,345225,26040,166183,16476,319185,1282,590,692
55705,345256,26042,166197,16478,319214,1282,590,692
55710,345287,26044,166212,16479,319243,1282,590,692
55715,345318,26045,166228,16480,319273,1282,590,692
55720,345349,26046,166240,16480,319303,1282,590,692
55725,345380,26047,166253,16480,319333,1282,590,692
55730,345411,26048,166270,16481,319363,1282,590,692
55735,345442,26049,166278,16481,319393,1282,590,692
55740,345473,26050,166286,16482,319423,1282,590,692
55745,345504,26051,166299,16483,319453,1282,590,692
55750,345535,26053,166314,16484,319482,1283,590,693
55755,345566,26055,166329,16486,319511,1283,590,693
55760,345597,26057,166341,16487,319540,1283,590,693
55765,345628,26059,166357,16488,319569,1283,590,693
55770,345659,26061,166374,16489,319598,1283,590,693
55775,345690,26061,166396,16489,319629,1283,590,693
55780,345721,26061,166410,16489,319660,1283,590,693
55785,345752,26062,166423,16490,319690,1283,590,693
55790,345783,26065,166440,16493,319718,1283,590,693
55795,345814,26069,166455,16496,319745,1283,590,693
55800,345845,26075,166474,16500,319770,1283,590,693
55805,345876,26078,166482,16501,319798,1283,590,693
55810,345907,26083,166498,16503,319824,1283,590,693
55815,345938,26086,166512,16503,319851,1283,590,693
55820,345969,26091,166522,16506,319878,1283,590,693
55825,346000,26096,166537,16510,319903,1283,590,693
55830,346031,26102,166550,16513,319929,1283,590,693
55835,346062,26106,166564,16517,319955,1283,590,693
55840,346093,26109,166575,16518,319983,1283,590,693
55845,346124,26112,166594,16519,320011,1283,590,693
55850,346155,26116,166613,16522,320039,1283,590,693
55855,346186,26118,166624,16522,320068,1283,590,693
55860,346217,26120,166636,16523,320097,1283,590,693
55865,346248,26121,166649,16524,320127,1283,590,693
55870,346279,26122,166667,16525,320157,1283,590,693
55875,346310,26124,166684,16527,320186,1283,590,693
55880,346341,26125,166699,16527,320216,1283,590,693
55885,346372,26126,166714,16528,320246,1283,590,693
55890,346403,26127,166729,16529,320276,1283,590,693
55895,346434,26128,166747,16530,320306,1283,590,693
55900,346465,26128,166766,16530,320337,1283,590,693
55905,346496,26128,166779,16530,320368,1283,590,693
55910,346527,26128,166793,16530,320399,1283,590,693
55915,346558,26128,166804,16530,320430,1283,590,693
55920,346589,26128,166822,16530,320461,1283,590,693
55925,346620,26131,166841,16532,320488,1283,590,693
55930,346651,26136,166855,16536,320515,1283,590,693
55935,346682,26140,166871,16538,320542,1283,590,693
55940,346713,26143,166889,16540,320570,1283,590,693
55945,346744,26146,166906,16542,320598,1283,590,693
55950,346775,26149,166923,16544,320626,1283,590,693
55955,346806,26150,166934,16544,320656,1283,590,693
55960,346837,26151,166951,16545,320686,1283,590,693
55965,346868,26152,166965,16546,320716,1283,590,693
55970,346899,26156,166982,16548,320743,1283,590,693
55975,346930,26158,166999,16550,320772,1283,590,693
55980,346961,26161,167011,16552,320800,1283,590,693
55985,346992,26164,167019,16554,320828,1283,590,693
55990,347023,26166,167034,16556,320856,1283,590,693
55995,347054,26169,167051,16559,320885,1283,590,693
56000,347085,26170,167068,16559,320914,1283,590,693
56005,347116,26173,167081,16562,320943,1283,590,693
56010,347147,26173,167098,16562,320974,1283,590,693
56015,347178,26173,167115,16562,321005,1283,590,693
56020,347209,26173,167128,16562,321036,1283,590,693
56025,347240,26173,167142,16562,321067,1283,590,693
56030,347271,26173,167151,16562,321098,1283,590,693
56035,347302,26173,167164,16562,321129,1283,590,693
56040,347333,26173,167178,16562,321160,1283,590,693
56045,347364,26175,167190,16563,321189,1283,590,693
56050,347395,26176,167206,16564,321219,1283,590,693
56055,347426,26176,167225,16564,321250,1283,590,693
56060,347457,26176,167246,16564,321281,1283,590,693
56065,347488,26176,167259,16564,321312,1283,590,693
56070,347519,26176,167270,16564,321343,1284,590,694
56075,347550,26176,167281,16564,321374,1285,590,695
56080,347581,26176,167297,16564,321405,1286,590,696
56085,347612,26177,167314,16564,321434,1286,590,696
56090,347643,26180,167332,16566,321463,1286,590,696
56095,347674,26182,167344,16566,321491,1286,590,696
56100,347705,26186,167355,16568,321519,1286,590,696
56105,347736,26189,167364,16568,321547,1286,590,696
56110,347767,26193,167380,16571,321574,1286,590,696
56115,347798,26197,167397,16574,321601,1286,590,696
56120,347829,26201,167409,16575,321628,1286,590,696
56125,347860,26204,167423,16575,321656,1286,590,696
56130,347891,26208,167441,16577,321683,1286,590,696
56135,347922,26211,167460,16579,321711,1286,590,696
56140,347953,26215,167477,16583,321738,1286,590,696
56145,347984,26218,167490,16585,321766,1286,590,696
56150,348015,26222,167507,16588,321793,1286,590,696
56155,348046,26225,167520,16588,321821,1286,590,696
56160,348077,26229,167535,16591,321848,1286,590,696
56165,348108,26232,167549,16592,321875,1286,590,696
56170,348139,26236,167562,16593,321902,1286,590,696
56175,348170,26239,167573,16594,321931,1286,590,696
56180,348201,26241,167591,16596,321960,1286,590,696
56185,348232,26243,167604,16597,321989,1286,590,696
56190,348263,26245,167621,16598,322018,1286,590,696
56195,348294,26247,167633,16598,322047,1286,590,696
56200,348325,26249,167649,16599,322076,1286,590,696
56205,348356,26253,167665,16602,322103,1286,590,696
56210,348387,26257,167679,16604,322130,1287,590,697
56215,348418,26260,167697,16607,322157,1288,590,698
56220,348449,26263,167706,16608,322185,1288,590,698
56225,348480,26264,167724,16609,322216,1288,590,698
56230,348511,26264,167741,16609,322247,1288,590,698
56235,348542,26264,167753,16609,322278,1288,590,698
56240,348573,26264,167774,16609,322309,1288,590,698
56245,348604,26264,167790,16609,322340,1288,590,698
56250,348635,26264,167807,16609,322371,1288,590,698
56255,348666,26264,167821,16609,322402,1288,590,698
56260,348697,26264,167833,16609,322433,1288,590,698
56265,348728,26264,167846,16609,322464,1288,590,698
56270,348759,26264,167859,16609,322495,1288,590,698
56275,348790,26264,167872,16609,322526,1288,590,698
56280,348821,26265,167888,16610,322556,1288,590,698
56285,348852,26266,167904,16610,322586,1289,590,699
56290,348883,26267,167918,16611,322616,1289,590,699
56295,348914,26268,167934,16612,322646,1289,590,699
56300,348945,26270,167944,16613,322675,1289,590,699
56305,348976,26271,167961,16613,322705,1289,590,699
56310,349007,26273,167977,16615,322734,1289,590,699
56315,349038,26276,167995,16618,322762,1289,590,699
56320,349069,26278,168009,16620,322791,1289,590,699
56325,349100,26281,168023,16622,322819,1289,590,699
56330,349131,26283,168042,16623,322848,1289,590,699
56335,349162,26285,168055,16624,322877,1289,590,699
56340,349193,26287,168070,16626,322906,1289,590,699
56345,349224,26290,168087,16628,322934,1289,590,699
56350,349255,26293,168107,16629,322961,1289,590,699
56355,349286,26297,168119,16633,322989,1289,590,699
56360,349317,26301,168135,16637,323016,1289,590,699
56365,349348,26304,168152,16639,323044,1289,590,699
56370,349379,26307,168171,16641,323072,1289,590,699
56375,349410,26310,168184,16642,323100,1289,590,699
56380,349441,26313,168195,16644,323128,1289,590,699
56385,349472,26317,168213,16646,323154,1289,590,699
56390,349503,26323,168227,16649,323179,1290,590,700
56395,349534,26328,168239,16653,323206,1291,590,701
56400,349565,26332,168251,16655,323232,1292,590,702
56405,349596,26337,168268,16659,323258,1292,590,702
56410,349627,26340,168284,16660,323286,1292,590,702
56415,349658,26343,168296,16662,323315,1292,590,702
56420,349689,26345,168311,16662,323344,1292,590,702
56425,349720,26347,168325,16663,323372,1292,590,702
56430,349751,26350,168341,16665,323400,1292,590,702
56435,349782,26353,168356,16666,323429,1292,590,702
56440,349813,26355,168373,16666,323458,1292,590,702
56445,349844,26357,168384,16668,323487,1292,590,702
56450,349875,26359,168399,16670,323515,1292,590,702
56455,349906,26363,168408,16673,323543,1292,590,702
56460,349937,26365,168419,16673,323572,1292,590,702
56465,349968,26365,168433,16673,323603,1292,590,702
56470,349999,26365,168449,16673,323634,1292,590,702
56475,350030,26365,168466,16673,323665,1292,590,702
56480,350061,26365,168484,16673,323696,1292,590,702
56485,350092,26365,168502,16673,323727,1292,590,702
56490,350123,26365,168518,16673,323758,1292,590,702
56495,350154,26365,168529,16673,323789,1292,590,702
56500,350185,26365,168546,16673,323820,1292,590,702
56505,350216,26365,168559,16673,323851,1293,590,703
56510,350247,26366,168572,16673,323880,1294,590,704
56515,350278,26371,168584,16676,323907,1294,590,704
56520,350309,26373,168596,16676,323936,1294,590,704
56525,350340,26376,168616,16679,323964,1294,590,704
56530,350371,26378,168629,16681,323993,1294,590,704
56535,350402,26380,168645,16682,324022,1294,590,704
56540,350433,26383,168662,16684,324050,1294,590,704
56545,350464,26386,168679,16687,324078,1294,590,704
56550,350495,26389,168690,16690,324106,1294,590,704
56555,350526,26393,168704,16692,324133,1294,590,704
56560,350557,26396,168714,16694,324161,1294,590,704
56565,350588,26399,168730,16695,324189,1294,590,704
56570,350619,26405,168748,16697,324214,1294,590,704
56575,350650,26410,168760,16700,324240,1294,590,704
56580,350681,26414,168775,16702,324267,1294,590,704
56585,350712,26420,168791,16706,324291,1294,590,704
56590,350743,26424,168807,16708,324319,1294,590,704
56595,350774,26426,168823,16710,324348,1294,590,704
56600,350805,26428,168840,16711,324377,1294,590,704
56605,350836,26432,168852,16714,324404,1294,590,704
56610,350867,26434,168866,16715,324433,1294,590,704
56615,350898,26435,168877,16716,324463,1294,590,704
56620,350929,26435,168891,16716,324494,1294,590,704
56625,350960,26435,168905,16716,324525,1294,590,704
56630,350991,26435,168919,16716,324556,1294,590,704
56635,351022,26435,168938,16716,324587,1294,590,704
56640,351053,26435,168952,16716,324618,1294,590,704
56645,351084,26435,168966,16716,324649,1294,590,704
56650,351115,26435,168981,16716,324680,1294,590,704
56655,351146,26435,168997,16716,324711,1294,590,704
56660,351177,26435,169011,16716,324742,1294,590,704
56665,351208,26435,169023,16716,324773,1294,590,704
56670,351239,26435,169037,16716,324804,1294,590,704
56675,351270,26435,169054,16716,324835,1294,590,704
56680,351301,26435,169075,16716,324866,1294,590,704
56685,351332,26435,169090,16716,324897,1294,590,704
56690,351363,26435,169102,16716,324928,1295,590,705
56695,351394,26439,169118,16719,324955,1296,591,705
56700,351425,26442,169138,16722,324983,1297,592,705
56705,351456,26445,169152,16723,325010,1297,592,705
56710,351487,26449,169171,16726,325038,1297,592,705
56715,351518,26453,169185,16728,325065,1297,592,705
56720,351549,26457,169199,16731,325092,1297,592,705
56725,351580,26461,169213,16734,325118,1297,592,705
56730,351611,26466,169230,16737,325144,1297,592,705
56735,351642,26471,169242,16741,325171,1297,592,705
56740,351673,26475,169254,16742,325197,1297,592,705
56745,351704,26480,169265,16743,325223,1297,592,705
56750,351735,26484,169277,16746,325250,1297,592,705
56755,351766,26489,169291,16750,325276,1297,592,705
56760,351797,26494,169303,16753,325301,1297,592,705
56765,351828,26498,169320,16757,325330,1297,592,705
56770,351859,26500,169333,16759,325359,1297,592,705
56775,351890,26501,169346,16759,325389,1297,592,705
56780,351921,26502,169365,16760,325419,1297,592,705
56785,351952,26504,169382,16761,325448,1297,592,705
56790,351983,26506,169403,16763,325477,1297,592,705
56795,352014,26508,169417,16765,325506,1297,592,705
56800,352045,26510,169434,16766,325535,1297,592,705
56805,352076,26512,169449,16768,325564,1297,592,705
56810,352107,26512,169466,16768,325595,1298,592,706
56815,352138,26512,169482,16768,325626,1299,592,707
56820,352169,26512,169502,16768,325657,1299,592,707
56825,352200,26514,169516,16769,325685,1299,592,707
56830,352231,26517,169535,16772,325713,1299,592,707
56835,352262,26519,169549,16774,325743,1299,592,707
56840,352293,26520,169565,16775,325773,1299,592,707
56845,352324,26521,169582,16775,325803,1299,592,707
56850,352355,26522,169599,16776,325833,1299,592,707
56855,352386,26525,169613,16779,325861,1299,592,707
56860,352417,26527,169626,16781,325890,1299,592,707
56865,352448,26530,169641,16783,325918,1299,592,707
56870,352479,26533,169652,16785,325946,1299,592,707
56875,352510,26536,169665,16787,325974,1299,592,707
56880,352541,26539,169677,16789,326002,1299,592,707
56885,352572,26542,169695,16791,326029,1299,592,707
56890,352603,26546,169711,16793,326057,1299,592,707
56895,352634,26548,169723,16794,326085,1299,592,707
56900,352665,26551,169741,16797,326114,1299,592,707
56905,352696,26554,169758,16800,326142,1299,592,707
56910,352727,26556,169776,16801,326171,1299,592,707
56915,352758,26559,169795,16804,326199,1299,592,707
56920,352789,26562,169811,16805,326226,1300,592,708
56925,352820,26566,169825,16807,326253,1301,593,708
56930,352851,26569,169844,16809,326282,1302,594,708
56935,352882,26571,169865,16811,326311,1303,595,708
56940,352913,26573,169877,16811,326340,1304,595,709
56945,352944,26574,169894,16811,326369,1304,595,709
56950,352975,26576,169908,16812,326399,1304,595,709
56955,353006,26577,169926,16813,326429,1304,595,709
56960,353037,26579,169943,16815,326458,1304,595,709
56965,353068,26580,169960,16816,326488,1304,595,709
56970,353099,26581,169975,16817,326517,1304,595,709
56975,353130,26583,169990,16818,326547,1304,595,709
56980,353161,26584,170003,16819,326576,1304,595,709
56985,353192,26586,170015,16820,326606,1304,595,709
56990,353223,26589,170029,16822,326634,1304,595,709
56995,353254,26592,170044,16823,326662,1304,595,709
57000,353285,26594,170055,16823,326691,1304,595,709
57005,353316,26599,170073,16827,326717,1305,596,709
57010,353347,26603,170083,16831,326744,1306,596,710
57015,353378,26605,170098,16832,326773,1306,596,710
57020,353409,26606,170113,16832,326803,1306,596,710
57025,353440,26607,170126,16832,326833,1306,596,710
57030,353471,26608,170140,16833,326863,1306,596,710
57035,353502,26609,170157,16833,326893,1306,596,710
57040,353533,26610,170175,16834,326923,1306,596,710
57045,353564,26612,170194,16836,326952,1306,596,710
57050,353595,26615,170206,16837,326980,1306,596,710
57055,353626,26617,170221,16838,327008,1306,596,710
57060,353657,26620,170238,16840,327037,1306,596,710
57065,353688,26623,170254,16842,327065,1306,596,710
57070,353719,26625,170264,16843,327094,1306,596,710
57075,353750,26627,170277,16844,327123,1306,596,710
57080,353781,26629,170288,16845,327152,1306,596,710
57085,353812,26629,170303,16845,327183,1306,596,710
57090,353843,26629,170318,16845,327214,1306,596,710
57095,353874,26630,170331,16846,327244,1306,596,710
57100,353905,26632,170348,16847,327273,1306,596,710
57105,353936,26633,170359,16848,327303,1306,596,710
57110,353967,26634,170370,16848,327333,1306,596,710
57115,353998,26636,170392,16850,327361,1307,597,710
57120,354029,26640,170405,16853,327389,1308,597,711
57125,354060,26642,170422,16854,327418,1308,597,711
57130,354091,26643,170435,16854,327448,1308,597,711
57135,354122,26644,170446,16854,327478,1308,597,711
57140,354153,26645,170465,16854,327508,1308,597,711
57145,354184,26646,170477,16855,327538,1308,597,711
57150,354215,26647,170493,16856,327568,1308,597,711
57155,354246,26648,170509,16856,327598,1308,597,711
57160,354277,26649,170522,16856,327628,1308,597,711
57165,354308,26650,170536,16857,327658,1308,597,711
57170,354339,26651,170548,16857,327688,1308,597,711
57175,354370,26652,170568,16857,327718,1308,597,711
57180,354401,26653,170582,16857,327748,1308,597,711
57185,354432,26654,170595,16857,327778,1308,597,711
57190,354463,26656,170605,16857,327807,1308,597,711
57195,354494,26658,170619,16858,327836,1308,597,711
57200,354525,26662,170632,16861,327863,1308,597,711
57205,354556,26664,170641,16862,327892,1308,597,711
57210,354587,26667,170661,16865,327920,1308,597,711
57215,354618,26669,170680,16867,327949,1308,597,711
57220,354649,26673,170695,16870,327976,1308,597,711
57225,354680,26677,170709,16873,328003,1308,597,711
57230,354711,26684,170725,16877,328026,1308,597,711
57235,354742,26692,170740,16883,328050,1309,597,712
57240,354773,26696,170756,16885,328076,1309,597,712
57245,354804,26700,170772,16888,328103,1309,597,712
57250,354835,26707,170786,16892,328127,1309,597,712
57255,354866,26712,170799,16895,328153,1309,597,712
57260,354897,26717,170815,16898,328179,1309,597,712
57265,354928,26723,170833,16903,328205,1309,597,712
57270,354959,26724,170852,16904,328235,1309,597,712
57275,354990,26725,170868,16904,328265,1309,597,712
57280,355021,26726,170885,16905,328294,1309,597,712
57285,355052,26728,170902,16906,328324,1309,597,712
57290,355083,26729,170914,16907,328353,1309,597,712
57295,355114,26731,170931,16908,328383,1309,597,712
57300,355145,26732,170943,16908,328413,1309,597,712
57305,355176,26732,170956,16908,328444,1309,597,712
57310,355207,26732,170972,16908,328475,1309,597,712
57315,355238,26732,170987,16908,328506,1309,597,712
57320,355269,26732,171000,16908,328537,1309,597,712
57325,355300,26732,171017,16908,328568,1309,597,712
57330,355331,26732,171033,16908,328599,1309,597,712
57335,355362,26732,171050,16908,328630,1309,597,712
57340,355393,26732,171066,16908,328661,1309,597,712
57345,355424,26732,171081,16908,328692,1309,597,712
57350,355455,26732,171099,16908,328723,1310,597,713
57355,355486,26733,171112,16909,328753,1311,598,713
57360,355517,26734,171128,16909,328783,1311,598,713
57365,355548,26735,171142,16909,328813,1311,598,713
57370,355579,26736,171157,16909,328843,1311,598,713
57375,355610,26741,171174,16913,328868,1311,598,713
57380,355641,26747,171188,16918,328893,1311,598,713
57385,355672,26751,171198,16919,328920,1311,598,713
57390,355703,26757,171212,16925,328945,1311,598,713
57395,355734,26762,171224,16928,328971,1311,598,713
57400,355765,26766,171239,16931,328999,1311,598,713
57405,355796,26770,171251,16934,329026,1311,598,713
57410,355827,26775,171270,16937,329051,1311,598,713
57415,355858,26782,171288,16944,329076,1311,598,713
57420,355889,26786,171306,16947,329101,1311,598,713
57425,355920,26793,171321,16953,329127,1311,598,713
57430,355951,26795,171337,16955,329155,1311,598,713
57435,355982,26799,171353,16958,329182,1311,598,713
57440,356013,26801,171367,16959,329211,1311,598,713
57445,356044,26803,171384,16961,329240,1311,598,713
57450,356075,26805,171399,16962,329270,1311,598,713
57455,356106,26806,171415,16963,329300,1311,598,713
57460,356137,26807,171427,16964,329330,1311,598,713
57465,356168,26808,171441,16965,329360,1311,598,713
57470,356199,26809,171456,16966,329390,1311,598,713
57475,356230,26810,171469,16967,329420,1311,598,713
57480,356261,26811,171483,16968,329450,1311,598,713
57485,356292,26812,171495,16969,329480,1311,598,713
57490,356323,26813,171506,16969,329510,1311,598,713
57495,356354,26814,171518,16969,329540,1311,598,713
57500,356385,26815,171530,16969,329570,1311,598,713
57505,356416,26816,171547,16970,329600,1311,598,713
57510,356447,26817,171557,16971,329630,1311,598,713
57515,356478,26818,171575,16972,329660,1311,598,713
57520,356509,26819,171595,16972,329690,1311,598,713
57525,356540,26822,171612,16975,329718,1311,598,713
57530,356571,26824,171623,16976,329747,1311,598,713
57535,356602,26828,171640,16980,329774,1311,598,713
57540,356633,26832,171651,16983,329801,1311,598,713
57545,356664,26836,171663,16985,329828,1311,598,713
57550,356695,26838,171672,16986,329857,1311,598,713
57555,356726,26840,171688,16988,329886,1311,598,713
57560,356757,26842,171698,16988,329915,1311,598,713
57565,356788,26844,171714,16989,329944,1311,598,713
57570,356819,26846,171727,16990,329973,1311,598,713
57575,356850,26848,171743,16991,330002,1311,598,713
57580,356881,26850,171762,16992,330031,1311,598,713
57585,356912,26852,171781,16993,330060,1311,598,713
57590,356943,26854,171798,16994,330089,1311,598,713
57595,356974,26856,171812,16996,330118,1311,598,713
57600,357005,26858,171824,16997,330147,1311,598,713
57605,357036,26860,171840,16997,330176,1311,598,713
57610,357067,26862,171852,16997,330205,1311,598,713
57615,357098,26864,171868,16999,330234,1311,598,713
57620,357129,26866,171879,17000,330263,1311,598,713
57625,357160,26868,171893,17002,330292,1311,598,713
57630,357191,26870,171911,17002,330321,1311,598,713
57635,357222,26872,171926,17004,330350,1311,598,713
57640,357253,26874,171939,17006,330379,1311,598,713
57645,357284,26877,171951,17007,330407,1311,598,713
57650,357315,26881,171966,17010,330434,1311,598,713
57655,357346,26887,171980,17015,330458,1311,598,713
57660,357377,26895,171998,17021,330481,1311,598,713
57665,357408,26897,172010,17022,330511,1311,598,713
57670,357439,26898,172025,17022,330541,1311,598,713
57675,357470,26900,172038,17023,330570,1311,598,713
57680,357501,26902,172050,17025,330599,1311,598,713
57685,357532,26903,172059,17026,330629,1311,598,713
57690,357563,26904,172074,17027,330659,1311,598,713
57695,357594,26906,172089,17028,330688,1311,598,713
57700,357625,26907,172102,17029,330718,1311,598,713
57705,357656,26908,172119,17030,330748,1311,598,713
57710,357687,26910,172137,17031,330777,1311,598,713
57715,357718,26912,172146,17032,330806,1311,598,713
57720,357749,26913,172164,17033,330835,1311,598,713
57725,357780,26916,172181,17036,330863,1311,598,713
57730,357811,26919,172192,17038,330892,1311,598,713
57735,357842,26921,172205,17039,330921,1311,598,713
57740,357873,26924,172225,17041,330948,1311,598,713
57745,357904,26928,172241,17043,330976,1311,598,713
57750,357935,26930,172257,17044,331005,1311,598,713
57755,357966,26932,172269,17046,331034,1311,598,713
57760,357997,26934,172286,17047,331063,1311,598,713
57765,358028,26936,172303,17048,331092,1311,598,713
57770,358059,26938,172313,17049,331121,1311,598,713
57775,358090,26940,172324,17050,331149,1311,598,713
57780,358121,26942,172340,17051,331178,1311,598,713
57785,358152,26945,172353,17053,331207,1311,598,713
57790,358183,26945,172370,17053,331238,1311,598,713
57795,358214,26945,172380,17053,331269,1311,598,713
57800,358245,26945,172395,17053,331300,1311,598,713
57805,358276,26945,172407,17053,331331,1311,598,713
57810,358307,26945,172426,17053,331362,1311,598,713
57815,358338,26945,172437,17053,331393,1311,598,713
57820,358369,26945,172454,17053,331424,1311,598,713
57825,358400,26945,172473,17053,331455,1311,598,713
57830,358431,26946,172487,17054,331485,1311,598,713
57835,358462,26947,172495,17054,331515,1311,598,713
57840,358493,26948,172509,17054,331545,1311,598,713
57845,358524,26952,172517,17057,331572,1311,598,713
57850,358555,26956,172539,17060,331599,1311,598,713
57855,358586,26959,172553,17061,331627,1311,598,713
57860,358617,26963,172572,17063,331654,1311,598,713
57865,358648,26966,172589,17066,331682,1311,598,713
57870,358679,26969,172605,17067,331710,1311,598,713
57875,358710,26974,172615,17069,331736,1311,598,713
57880,358741,26978,172629,17069,331763,1311,598,713
57885,358772,26982,172641,17070,331789,1311,598,713
57890,358803,26988,172654,17075,331814,1311,598,713
57895,358834,26993,172672,17080,331840,1311,598,713
57900,358865,26998,172682,17083,331867,1311,598,713
57905,358896,27002,172701,17086,331894,1311,598,713
57910,358927,27005,172714,17087,331922,1311,598,713
57915,358958,27009,172728,17089,331949,1311,598,713
57920,358989,27012,172741,17092,331977,1311,598,713
57925,359020,27016,172756,17094,332004,1311,598,713
57930,359051,27020,172765,17097,332031,1311,598,713
57935,359082,27023,172781,17098,332059,1312,599,713
57940,359113,27024,172794,17099,332089,1313,600,713
57945,359144,27026,172809,17100,332118,1313,600,713
57950,359175,27026,172825,17100,332149,1313,600,713
57955,359206,27026,172845,17100,332180,1313,600,713
57960,359237,27026,172855,17100,332211,1313,600,713
57965,359268,27026,172871,17100,332242,1313,600,713
57970,359299,27026,172886,17100,332273,1313,600,713
57975,359330,27026,172900,17100,332304,1313,600,713
57980,359361,27026,172915,17100,332335,1313,600,713
57985,359392,27026,172928,17100,332366,1313,600,713
57990,359423,27026,172940,17100,332397,1313,600,713
57995,359454,27026,172959,17100,332428,1313,600,713
58000,359485,27026,172966,17100,332459,1313,600,713
58005,359516,27026,172980,17100,332490,1313,600,713
58010,359547,27028,173000,17101,332519,1313,600,713
58015,359578,27030,173015,17101,332548,1313,600,713
58020,359609,27033,173034,17103,332576,1313,600,713
58025,359640,27039,173048,17105,332601,1314,601,713
58030,359671,27044,173060,17109,332627,1315,601,714
58035,359702,27049,173081,17114,332653,1315,601,714
58040,359733,27055,173099,17118,332678,1315,601,714
58045,359764,27059,173112,17120,332705,1315,601,714
58050,359795,27064,173132,17123,332731,1315,601,714
58055,359826,27069,173142,17124,332757,1315,601,714
58060,359857,27074,173156,17126,332782,1315,601,714
58065,359888,27080,173167,17128,332808,1315,601,714
58070,359919,27084,173177,17128,332835,1315,601,714
58075,359950,27088,173196,17132,332860,1315,601,714
58080,359981,27094,173208,17136,332886,1315,601,714
58085,360012,27098,173222,17138,332914,1315,601,714
58090,360043,27101,173236,17140,332942,1315,601,714
58095,360074,27104,173251,17142,332970,1315,601,714
58100,360105,27107,173269,17144,332997,1315,601,714
58105,360136,27111,173283,17148,333024,1315,601,714
58110,360167,27115,173300,17152,333051,1315,601,714
58115,360198,27119,173311,17154,333079,1315,601,714
58120,360229,27122,173331,17157,333107,1315,601,714
58125,360260,27125,173343,17159,333135,1315,601,714
58130,360291,27128,173353,17161,333163,1315,601,714
58135,360322,27131,173373,17163,333191,1316,602,714
58140,360353,27135,173387,17165,333217,1317,602,715
58145,360384,27136,173405,17166,333248,1318,603,715
58150,360415,27136,173420,17166,333279,1319,604,715
58155,360446,27136,173433,17166,333310,1319,604,715
58160,360477,27136,173446,17166,333341,1319,604,715
58165,360508,27136,173464,17166,333372,1319,604,715
58170,360539,27136,173482,17166,333403,1319,604,715
58175,360570,27136,173497,17166,333434,1319,604,715
58180,360601,27136,173511,17166,333465,1319,604,715
58185,360632,27136,173526,17166,333496,1319,604,715
58190,360663,27136,173540,17166,333527,1319,604,715
58195,360694,27136,173560,17166,333558,1319,604,715
58200,360725,27136,173575,17166,333589,1319,604,715
58205,360756,27139,173590,17168,333616,1319,604,715
58210,360787,27142,173605,17171,333645,1319,604,715
58215,360818,27142,173621,17171,333676,1319,604,715
58220,360849,27142,173635,17171,333707,1319,604,715
58225,360880,27142,173647,17171,333738,1319,604,715
58230,360911,27142,173660,17171,333769,1319,604,715
58235,360942,27142,173677,17171,333800,1319,604,715
58240,360973,27142,173693,17171,333831,1319,604,715
58245,361004,27143,173703,17172,333861,1319,604,715
58250,361035,27147,173725,17175,333887,1319,604,715
58255,361066,27154,173741,17181,333911,1319,604,715
58260,361097,27161,173754,17185,333936,1319,604,715
58265,361128,27164,173768,17187,333964,1319,604,715
58270,361159,27166,173783,17188,333993,1319,604,715
58275,361190,27168,173796,17190,334022,1319,604,715
58280,361221,27170,173811,17192,334051,1319,604,715
58285,361252,27172,173824,17194,334080,1319,604,715
58290,361283,27174,173836,17194,334109,1319,604,715
58295,361314,27176,173856,17196,334138,1319,604,715
58300,361345,27178,173870,17197,334167,1319,604,715
58305,361376,27180,173885,17199,334196,1319,604,715
58310,361407,27182,173897,17200,334225,1319,604,715
58315,361438,27186,173910,17202,334252,1319,604,715
58320,361469,27189,173922,17203,334280,1319,604,715
58325,361500,27193,173937,17205,334306,1319,604,715
58330,361531,27198,173951,17207,334333,1319,604,715
58335,361562,27202,173968,17207,334360,1319,604,715
58340,361593,27206,173991,17209,334386,1319,604,715
58345,361624,27211,174004,17212,334413,1319,604,715
58350,361655,27215,174016,17212,334440,1319,604,715
58355,361686,27219,174028,17214,334467,1319,604,715
58360,361717,27223,174042,17215,334493,1319,604,715
58365,361748,27228,174055,17217,334519,1319,604,715
58370,361779,27233,174066,17219,334546,1319,604,715
58375,361810,27237,174082,17222,334572,1319,604,715
58380,361841,27242,174098,17226,334599,1319,604,715
58385,361872,27242,174115,17226,334630,1319,604,715
58390,361903,27242,174132,17226,334661,1319,604,715
58395,361934,27242,174151,17226,334692,1319,604,715
58400,361965,27242,174170,17226,334723,1319,604,715
58405,361996,27242,174185,17226,334754,1319,604,715
58410,362027,27242,174194,17226,334785,1319,604,715
58415,362058,27242,174214,17226,334816,1319,604,715
58420,362089,27242,174228,17226,334847,1319,604,715
58425,362120,27242,174244,17226,334878,1319,604,715
58430,362151,27242,174258,17226,334909,1320,605,715
58435,362182,27242,174271,17226,334940,1321,606,715
58440,362213,27242,174289,17226,334971,1322,606,716
58445,362244,27244,174302,17226,335000,1322,606,716
58450,362275,27246,174319,17226,335029,1322,606,716
58455,362306,27248,174334,17228,335057,1322,606,716
58460,362337,27251,174346,17229,335086,1322,606,716
58465,362368,27253,174356,17230,335115,1322,606,716
58470,362399,27255,174368,17231,335144,1322,606,716
58475,362430,27257,174382,17232,335172,1322,606,716
58480,362461,27260,174397,17234,335201,1322,606,716
58485,362492,27262,174407,17234,335229,1322,606,716
58490,362523,27267,174419,17238,335255,1322,606,716
58495,362554,27272,174436,17241,335282,1322,606,716
58500,362585,27276,174450,17243,335308,1322,606,716
58505,362616,27280,174463,17246,335336,1322,606,716
58510,362647,27282,174476,17248,335365,1322,606,716
58515,362678,27284,174489,17250,335394,1322,606,716
58520,362709,27286,174502,17251,335423,1322,606,716
58525,362740,27289,174516,17253,335451,1322,606,716
58530,362771,27292,174534,17255,335479,1322,606,716
58535,362802,27294,174549,17256,335508,1322,606,716
58540,362833,27297,174568,17258,335536,1322,606,716
58545,362864,27300,174589,17260,335564,1322,606,716
58550,362895,27303,174605,17261,335592,1322,606,716
58555,362926,27308,174624,17265,335618,1322,606,716
58560,362957,27312,174642,17269,335645,1322,606,716
58565,362988,27316,174657,17272,335671,1322,606,716
58570,363019,27323,174671,17277,335696,1322,606,716
58575,363050,27324,174683,17277,335726,1322,606,716
58580,363081,27325,174698,17277,335756,1322,606,716
58585,363112,27326,174712,17278,335786,1322,606,716
58590,363143,27327,174729,17279,335816,1322,606,716
58595,363174,27327,174740,17279,335847,1322,606,716
58600,363205,27327,174751,17279,335878,1322,606,716
58605,363236,27327,174767,17279,335909,1322,606,716
58610,363267,27327,174780,17279,335940,1322,606,716
58615,363298,27327,174793,17279,335971,1322,606,716
58620,363329,27327,174810,17279,336002,1322,606,716
58625,363360,27328,174826,17280,336032,1322,606,716
58630,363391,27329,174837,17280,336062,1322,606,716
58635,363422,27331,174850,17281,336091,1322,606,716
58640,363453,27333,174867,17283,336120,1322,606,716
58645,363484,27333,174886,17283,336151,1322,606,716
58650,363515,27333,174903,17283,336182,1322,606,716
58655,363546,27333,174922,17283,336213,1322,606,716
58660,363577,27333,174936,17283,336244,1322,606,716
58665,363608,27334,174951,17284,336274,1322,606,716
58670,363639,27337,174964,17286,336302,1322,606,716
58675,363670,27340,174983,17288,336330,1322,606,716
58680,363701,27344,174999,17292,336356,1322,606,716
58685,363732,27348,175014,17295,336384,1322,606,716
58690,363763,27351,175031,17296,336412,1322,606,716
58695,363794,27354,175045,17296,336440,1322,606,716
58700,363825,27357,175059,17298,336468,1322,606,716
58705,363856,27360,175073,17299,336495,1322,606,716
58710,363887,27364,175087,17302,336523,1322,606,716
58715,363918,27367,175101,17302,336551,1322,606,716
58720,363949,27370,175114,17303,336579,1322,606,716
58725,363980,27374,175122,17305,336606,1322,606,716
58730,364011,27378,175137,17307,336632,1322,606,716
58735,364042,27383,175157,17312,336658,1322,606,716
58740,364073,27387,175169,17313,336685,1322,606,716
58745,364104,27390,175178,17315,336714,1322,606,716
58750,364135,27394,175196,17319,336739,1322,606,716
58755,364166,27400,175208,17324,336766,1322,606,716
58760,364197,27403,175229,17327,336794,1322,606,716
58765,364228,27406,175243,17328,336822,1322,606,716
58770,364259,27408,175256,17328,336851,1322,606,716
58775,364290,27411,175270,17330,336879,1322,606,716
58780,364321,27414,175286,17331,336907,1323,606,717
58785,364352,27417,175301,17334,336935,1324,606,718
58790,364383,27420,175319,17335,336963,1325,607,718
58795,364414,27423,175334,17337,336991,1325,607,718
58800,364445,27424,175343,17337,337021,1325,607,718
58805,364476,27426,175357,17338,337050,1325,607,718
58810,364507,27427,175370,17338,337080,1325,607,718
58815,364538,27429,175385,17339,337109,1325,607,718
58820,364569,27430,175402,17339,337139,1325,607,718
58825,364600,27432,175420,17341,337168,1325,607,718
58830,364631,27434,175440,17343,337197,1325,607,718
58835,364662,27435,175458,17344,337227,1325,607,718
58840,364693,27435,175471,17344,337258,1325,607,718
58845,364724,27435,175487,17344,337289,1325,607,718
58850,364755,27436,175506,17345,337319,1325,607,718
58855,364786,27437,175521,17345,337349,1325,607,718
58860,364817,27438,175531,17345,337379,1325,607,718
58865,364848,27440,175545,17346,337408,1325,607,718
58870,364879,27442,175560,17347,337436,1325,607,718
58875,364910,27445,175576,17349,337464,1325,607,718
58880,364941,27448,175588,17350,337493,1325,607,718
58885,364972,27450,175605,17351,337522,1325,607,718
58890,365003,27452,175621,17353,337551,1325,607,718
58895,365034,27455,175633,17354,337579,1326,607,719
58900,365065,27458,175646,17355,337607,1327,607,720
58905,365096,27461,175666,17356,337634,1328,608,720
58910,365127,27467,175682,17360,337659,1329,608,721
58915,365158,27471,175693,17362,337686,1329,608,721
58920,365189,27475,175705,17364,337713,1329,608,721
58925,365220,27479,175721,17367,337741,1329,608,721
58930,365251,27483,175739,17371,337768,1329,608,721
58935,365282,27486,175752,17373,337796,1329,608,721
58940,365313,27489,175765,17374,337824,1329,608,721
58945,365344,27491,175783,17375,337853,1329,608,721
58950,365375,27495,175797,17378,337880,1329,608,721
58955,365406,27496,175810,17379,337910,1329,608,721
58960,365437,27497,175824,17379,337940,1329,608,721
58965,365468,27498,175838,17379,337970,1329,608,721
58970,365499,27500,175859,17381,337999,1329,608,721
58975,365530,27502,175878,17383,338028,1329,608,721
58980,365561,27504,175897,17385,338056,1329,608,721
58985,365592,27508,175909,17388,338083,1329,608,721
58990,365623,27512,175922,17391,338110,1329,608,721
58995,365654,27516,175941,17395,338137,1329,608,721
59000,365685,27520,175960,17398,338164,1329,608,721
59005,365716,27524,175979,17401,338191,1329,608,721
59010,365747,27528,175995,17403,338218,1329,608,721
59015,365778,27532,176010,17406,338246,1330,608,722
59020,365809,27534,176027,17408,338274,1331,609,722
59025,365840,27538,176042,17410,338301,1332,609,723
59030,365871,27541,176055,17412,338330,1333,609,724
59035,365902,27543,176072,17413,338359,1333,609,724
59040,365933,27544,176089,17414,338389,1333,609,724
59045,365964,27547,176104,17416,338417,1333,609,724
59050,365995,27551,176120,17420,338444,1333,609,724
59055,366026,27553,176128,17420,338473,1333,609,724
59060,366057,27555,176139,17420,338502,1333,609,724
59065,366088,27558,176149,17421,338530,1333,609,724
59070,366119,27560,176162,17421,338559,1333,609,724
59075,366150,27563,176177,17424,338587,1333,609,724
59080,366181,27565,176189,17424,338616,1333,609,724
59085,366212,27567,176204,17425,338645,1333,609,724
59090,366243,27569,176218,17426,338674,1333,609,724
59095,366274,27573,176233,17429,338701,1333,609,724
59100,366305,27575,176245,17429,338730,1333,609,724
59105,366336,27578,176262,17430,338758,1334,610,724
59110,366367,27581,176275,17431,338786,1335,610,725
59115,366398,27584,176292,17433,338814,1335,610,725
59120,366429,27587,176307,17435,338842,1335,610,725
59125,366460,27590,176322,17437,338870,1335,610,725
59130,366491,27593,176336,17437,338898,1335,610,725
59135,366522,27596,176350,17439,338926,1335,610,725
59140,366553,27599,176364,17439,338953,1335,610,725
59145,366584,27603,176379,17443,338981,1335,610,725
59150,366615,27608,176397,17448,339006,1335,610,725
59155,366646,27614,176410,17452,339031,1335,610,725
59160,366677,27619,176430,17456,339057,1335,610,725
59165,366708,27622,176443,17458,339086,1335,610,725
59170,366739,27624,176457,17459,339115,1335,610,725
59175,366770,27627,176468,17461,339143,1335,610,725
59180,366801,27632,176486,17466,339169,1335,610,725
59185,366832,27636,176500,17468,339196,1335,610,725
59190,366863,27638,176513,17469,339225,1335,610,725
59195,366894,27641,176533,17471,339253,1335,610,725
59200,366925,27644,176550,17473,339281,1335,610,725
59205,366956,27647,176568,17475,339309,1335,610,725
59210,366987,27649,176583,17477,339337,1335,610,725
59215,367018,27652,176591,17479,339366,1335,610,725
59220,367049,27652,176608,17479,339397,1335,610,725
59225,367080,27654,176620,17480,339425,1335,610,725
59230,367111,27657,176630,17482,339454,1335,610,725
59235,367142,27659,176644,17484,339482,1335,610,725
59240,367173,27662,176657,17487,339510,1335,610,725
59245,367204,27665,176669,17489,339539,1335,610,725
59250,367235,27667,176682,17490,339567,1335,610,725
59255,367266,27670,176698,17492,339596,1335,610,725
59260,367297,27672,176713,17492,339625,1335,610,725
59265,367328,27674,176728,17493,339653,1335,610,725
59270,367359,27678,176745,17496,339680,1335,610,725
59275,367390,27681,176755,17498,339709,1335,610,725
59280,367421,27683,176768,17498,339738,1335,610,725
59285,367452,27687,176787,17500,339765,1335,610,725
59290,367483,27690,176801,17501,339793,1335,610,725
59295,367514,27693,176821,17502,339821,1335,610,725
59300,367545,27695,176838,17504,339850,1335,610,725
59305,367576,27696,176852,17504,339880,1335,610,725
59310,367607,27698,176867,17506,339909,1335,610,725
59315,367638,27699,176883,17506,339939,1335,610,725
59320,367669,27700,176900,17506,339969,1335,610,725
59325,367700,27703,176914,17508,339997,1335,610,725
59330,367731,27705,176928,17508,340026,1335,610,725
59335,367762,27708,176943,17510,340054,1335,610,725
59340,367793,27710,176958,17511,340082,1335,610,725
59345,367824,27714,176975,17515,340110,1335,610,725
59350,367855,27716,176990,17517,340139,1335,610,725
59355,367886,27718,177008,17519,340168,1335,610,725
59360,367917,27720,177019,17519,340197,1335,610,725
59365,367948,27722,177034,17520,340226,1335,610,725
59370,367979,27724,177047,17521,340255,1335,610,725
59375,368010,27726,177066,17522,340284,1335,610,725
59380,368041,27730,177083,17524,340311,1335,610,725
59385,368072,27734,177093,17525,340337,1335,610,725
59390,368103,27737,177110,17527,340365,1335,610,725
59395,368134,27741,177131,17531,340392,1335,610,725
59400,368165,27745,177150,17534,340419,1335,610,725
59405,368196,27750,177168,17538,340445,1335,610,725
59410,368227,27756,177183,17541,340470,1335,610,725
59415,368258,27762,177202,17547,340496,1335,610,725
59420,368289,27767,177221,17551,340521,1335,610,725
59425,368320,27773,177229,17554,340547,1335,610,725
59430,368351,27777,177244,17557,340574,1335,610,725
59435,368382,27782,177263,17560,340600,1335,610,725
59440,368413,27783,177276,17561,340630,1335,610,725
59445,368444,27784,177297,17561,340660,1335,610,725
59450,368475,27785,177309,17562,340690,1335,610,725
59455,368506,27786,177326,17563,340719,1335,610,725
59460,368537,27788,177344,17564,340749,1335,610,725
59465,368568,27788,177359,17564,340780,1335,610,725
59470,368599,27788,177372,17564,340811,1335,610,725
59475,368630,27788,177384,17564,340842,1335,610,725
59480,368661,27788,177396,17564,340873,1335,610,725
59485,368692,27788,177415,17564,340904,1335,610,725
59490,368723,27788,177430,17564,340935,1335,610,725
59495,368754,27788,177444,17564,340966,1335,610,725
59500,368785,27788,177457,17564,340997,1335,610,725
59505,368816,27790,177469,17565,341026,1335,610,725
59510,368847,27791,177484,17566,341056,1335,610,725
59515,368878,27792,177497,17566,341086,1335,610,725
59520,368909,27794,177514,17567,341115,1335,610,725
59525,368940,27796,177527,17569,341144,1335,610,725
59530,368971,27797,177541,17569,341174,1335,610,725
59535,369002,27799,177554,17570,341203,1335,610,725
59540,369033,27800,177568,17571,341233,1335,610,725
59545,369064,27804,177585,17573,341260,1335,610,725
59550,369095,27807,177603,17576,341288,1335,610,725
59555,369126,27812,177618,17579,341314,1335,610,725
59560,369157,27817,177636,17583,341340,1335,610,725
59565,369188,27820,177646,17586,341368,1335,610,725
59570,369219,27827,177660,17592,341392,1335,610,725
59575,369250,27832,177674,17597,341417,1335,610,725
59580,369281,27839,177694,17602,341441,1335,610,725
59585,369312,27844,177708,17604,341467,1336,610,726
59590,369343,27849,177721,17608,341494,1337,611,726
59595,369374,27852,177738,17608,341521,1337,611,726
59600,369405,27856,177755,17611,341548,1337,611,726
59605,369436,27860,177775,17614,341576,1337,611,726
59610,369467,27863,177789,17614,341604,1337,611,726
59615,369498,27866,177805,17617,341632,1337,611,726
59620,369529,27869,177816,17620,341660,1337,611,726
59625,369560,27872,177827,17621,341688,1337,611,726
59630,369591,27875,177844,17624,341716,1337,611,726
59635,369622,27878,177859,17627,341744,1337,611,726
59640,369653,27881,177872,17629,341772,1337,611,726
59645,369684,27882,177887,17630,341802,1337,611,726
59650,369715,27883,177902,17631,341832,1337,611,726
59655,369746,27884,177913,17631,341862,1337,611,726
59660,369777,27885,177930,17632,341892,1337,611,726
59665,369808,27886,177944,17632,341922,1337,611,726
59670,369839,27887,177957,17632,341952,1337,611,726
59675,369870,27888,177973,17632,341982,1337,611,726
59680,369901,27889,177986,17632,342012,1337,611,726
59685,369932,27892,178003,17633,342039,1337,611,726
59690,369963,27897,178022,17637,342065,1337,611,726
59695,369994,27900,178035,17640,342094,1338,611,727
59700,370025,27902,178052,17641,342123,1339,611,728
59705,370056,27907,178067,17644,342149,1340,611,729
59710,370087,27909,178081,17645,342178,1341,611,730
59715,370118,27910,178095,17646,342208,1342,611,731
59720,370149,27911,178108,17647,342238,1342,611,731
59725,370180,27912,178124,17647,342268,1342,611,731
59730,370211,27913,178138,17647,342298,1342,611,731
59735,370242,27914,178155,17648,342328,1342,611,731
59740,370273,27915,178175,17649,342358,1342,611,731
59745,370304,27916,178196,17650,342388,1342,611,731
59750,370335,27918,178214,17652,342417,1342,611,731
59755,370366,27920,178229,17653,342446,1342,611,731
59760,370397,27922,178244,17654,342475,1342,611,731
59765,370428,27925,178258,17655,342503,1343,612,731
59770,370459,27927,178270,17656,342532,1344,612,732
59775,370490,27929,178285,17656,342561,1345,613,732
59780,370521,27931,178303,17656,342590,1345,613,732
59785,370552,27933,178317,17657,342619,1345,613,732
59790,370583,27935,178333,17658,342648,1345,613,732
59795,370614,27939,178352,17661,342675,1345,613,732
59800,370645,27942,178369,17662,342703,1345,613,732
59805,370676,27945,178380,17663,342731,1345,613,732
59810,370707,27947,178393,17664,342759,1345,613,732
59815,370738,27952,178408,17667,342785,1345,613,732
59820,370769,27959,178423,17672,342809,1345,613,732
59825,370800,27963,178433,17673,342837,1345,613,732
59830,370831,27967,178449,17675,342864,1345,613,732
59835,370862,27970,178458,17676,342892,1345,613,732
59840,370893,27973,178471,17678,342920,1345,613,732
59845,370924,27977,178490,17681,342947,1345,613,732
59850,370955,27981,178501,17682,342974,1345,613,732
59855,370986,27985,178514,17685,343001,1345,613,732
59860,371017,27989,178529,17687,343028,1345,613,732
59865,371048,27992,178545,17690,343056,1345,613,732
59870,371079,27996,178556,17692,343083,1345,613,732
59875,371110,28000,178570,17693,343110,1345,613,732
59880,371141,28003,178588,17694,343138,1346,614,732
59885,371172,28007,178607,17696,343165,1347,615,732
59890,371203,28010,178623,17696,343193,1348,616,732
59895,371234,28013,178637,17696,343221,1348,616,732
59900,371265,28017,178653,17698,343248,1348,616,732
59905,371296,28021,178663,17700,343275,1348,616,732
59910,371327,28024,178680,17703,343303,1348,616,732
59915,371358,28027,178697,17706,343331,1348,616,732
59920,371389,28030,178710,17707,343359,1348,616,732
59925,371420,28034,178724,17710,343385,1348,616,732
59930,371451,28039,178739,17713,343412,1348,616,732
59935,371482,28041,178755,17715,343440,1348,616,732
59940,371513,28043,178771,17717,343469,1348,616,732
59945,371544,28046,178791,17720,343497,1348,616,732
59950,371575,28049,178807,17722,343526,1348,616,732
59955,371606,28051,178821,17724,343555,1348,616,732
59960,371637,28052,178835,17724,343585,1348,616,732
59965,371668,28053,178848,17725,343615,1348,616,732
59970,371699,28054,178862,17726,343645,1348,616,732
59975,371730,28055,178880,17726,343675,1348,616,732
59980,371761,28056,178893,17727,343705,1348,616,732
59985,371792,28057,178909,17728,343735,1348,616,732
59990,371823,28058,178924,17728,343765,1348,616,732
59995,371854,28059,178938,17729,343795,1348,616,732
60000,371885,28060,178950,17729,343825,1348,616,732
60005,371916,28060,178964,17729,343856,1348,616,732
60010,371947,28061,178977,17729,343886,1348,616,732
60015,371978,28062,178993,17729,343916,1348,616,732
60020,372009,28063,179012,17730,343946,1348,616,732
60025,372040,28064,179028,17730,343976,1348,616,732
60030,372071,28065,179041,17730,344006,1348,616,732
60035,372102,28068,179054,17732,344034,1348,616,732
60040,372133,28071,179067,17734,344061,1348,616,732
60045,372164,28075,179084,17737,344087,1348,616,732
60050,372195,28080,179096,17741,344115,1348,616,732
60055,372226,28083,179112,17743,344142,1349,616,733
60060,372257,28089,179126,17746,344166,1350,616,734
60065,372288,28095,179143,17750,344193,1351,617,734
60070,372319,28099,179162,17754,344220,1351,617,734
60075,372350,28103,179177,17757,344247,1351,617,734
60080,372381,28107,179196,17761,344274,1351,617,734
60085,372412,28109,179213,17762,344303,1351,617,734
60090,372443,28111,179225,17762,344332,1351,617,734
60095,372474,28114,179240,17764,344360,1351,617,734
60100,372505,28117,179256,17766,344388,1351,617,734
60105,372536,28119,179273,17768,344417,1351,617,734
60110,372567,28122,179288,17771,344445,1351,617,734
60115,372598,28125,179305,17774,344473,1351,617,734
60120,372629,28127,179318,17775,344502,1351,617,734
60125,372660,28131,179334,17778,344529,1352,618,734
60130,372691,28134,179346,17780,344557,1352,618,734
60135,372722,28135,179364,17781,344587,1352,618,734
60140,372753,28136,179380,17781,344617,1352,618,734
60145,372784,28137,179393,17781,344647,1352,618,734
60150,372815,28138,179413,17782,344677,1352,618,734
60155,372846,28139,179432,17783,344707,1352,618,734
60160,372877,28140,179442,17784,344737,1352,618,734
60165,372908,28141,179453,17784,344767,1352,618,734
60170,372939,28144,179469,17786,344795,1352,618,734
60175,372970,28148,179483,17790,344821,1352,618,734
60180,373001,28152,179498,17793,344849,1352,618,734
60185,373032,28155,179515,17794,344876,1352,618,734
60190,373063,28159,179530,17796,344904,1352,618,734
60195,373094,28162,179543,17798,344932,1352,618,734
60200,373125,28165,179563,17799,344960,1352,618,734
60205,373156,28168,179581,17802,344988,1352,618,734
60210,373187,28171,179598,17803,345016,1352,618,734
60215,373218,28174,179611,17804,345044,1352,618,734
60220,373249,28177,179625,17806,345072,1352,618,734
60225,373280,28180,179637,17806,345100,1352,618,734
60230,373311,28183,179652,17808,345128,1353,618,735
60235,373342,28186,179667,17810,345156,1354,619,735
60240,373373,28189,179684,17813,345184,1355,620,735
60245,373404,28193,179694,17816,345211,1356,620,736
60250,373435,28197,179713,17817,345238,1356,620,736
60255,373466,28201,179728,17817,345265,1356,620,736
60260,373497,28205,179745,17820,345292,1356,620,736
60265,373528,28209,179764,17823,345319,1356,620,736
60270,373559,28213,179777,17826,345346,1356,620,736
60275,373590,28217,179794,17829,345373,1356,620,736
60280,373621,28221,179809,17830,345400,1356,620,736
60285,373652,28227,179828,17834,345425,1356,620,736
60290,373683,28231,179844,17837,345452,1356,620,736
60295,373714,28234,179858,17840,345480,1356,620,736
60300,373745,28238,179874,17844,345507,1356,620,736
60305,373776,28239,179887,17844,345537,1356,620,736
60310,373807,28240,179901,17844,345567,1356,620,736
60315,373838,28241,179922,17844,345596,1356,620,736
60320,373869,28243,179934,17845,345626,1356,620,736
60325,373900,28244,179951,17846,345655,1356,620,736
60330,373931,28246,179964,17847,345684,1356,620,736
60335,373962,28248,179980,17848,345714,1356,620,736
60340,373993,28249,179992,17848,345744,1356,620,736
60345,374024,28250,180010,17848,345774,1356,620,736
60350,374055,28251,180023,17849,345804,1357,620,737
60355,374086,28251,180039,17849,345835,1358,621,737
60360,374117,28251,180053,17849,345866,1359,622,737
60365,374148,28251,180068,17849,345897,1359,622,737
60370,374179,28251,180083,17849,345928,1359,622,737
60375,374210,28251,180101,17849,345959,1359,622,737
60380,374241,28251,180117,17849,345990,1359,622,737
60385,374272,28251,180125,17849,346021,1359,622,737
60390,374303,28251,180143,17849,346052,1359,622,737
60395,374334,28252,180161,17850,346082,1359,622,737
60400,374365,28254,180173,17852,346111,1359,622,737
60405,374396,28256,180190,17853,346140,1359,622,737
60410,374427,28259,180204,17855,346167,1359,622,737
60415,374458,28263,180216,17858,346194,1359,622,737
60420,374489,28268,180232,17863,346219,1359,622,737
60425,374520,28274,180245,17867,346246,1360,623,737
60430,374551,28278,180261,17868,346273,1361,624,737
60435,374582,28282,180274,17870,346300,1362,625,737
60440,374613,28284,180294,17871,346329,1363,625,738
60445,374644,28286,180312,17873,346358,1364,626,738
60450,374675,28288,180323,17874,346387,1365,627,738
60455,374706,28290,180343,17876,346416,1365,627,738
60460,374737,28292,180356,17877,346445,1365,627,738
60465,374768,28294,180372,17878,346474,1365,627,738
60470,374799,28296,180386,17879,346503,1365,627,738
60475,374830,28298,180392,17880,346532,1365,627,738
60480,374861,28300,180411,17881,346561,1365,627,738
60485,374892,28304,180423,17883,346588,1365,627,738
60490,374923,28308,180437,17884,346615,1365,627,738
60495,374954,28312,180450,17887,346642,1365,627,738
60500,374985,28316,180468,17889,346669,1365,627,738
60505,375016,28320,180485,17892,346696,1365,627,738
60510,375047,28324,180499,17894,346723,1365,627,738
60515,375078,28329,180518,17897,346749,1365,627,738
60520,375109,28333,180534,17898,346776,1365,627,738
60525,375140,28338,180551,17901,346800,1365,627,738
60530,375171,28347,180566,17907,346823,1365,627,738
60535,375202,28353,180578,17910,346847,1365,627,738
60540,375233,28360,180590,17914,346871,1365,627,738
60545,375264,28362,180608,17916,346902,1365,627,738
60550,375295,28362,180626,17916,346933,1365,627,738
60555,375326,28362,180636,17916,346964,1366,627,739
60560,375357,28362,180652,17916,346995,1367,627,740
60565,375388,28362,180670,17916,347026,1368,627,741
60570,375419,28362,180681,17916,347057,1369,627,742
60575,375450,28362,180692,17916,347088,1370,627,743
60580,375481,28362,180703,17916,347119,1371,628,743
60585,375512,28362,180721,17916,347150,1372,629,743
60590,375543,28362,180734,17916,347181,1373,629,744
60595,375574,28362,180748,17916,347212,1373,629,744
60600,375605,28362,180760,17916,347243,1373,629,744
60605,375636,28364,180772,17917,347272,1373,629,744
60610,375667,28365,180784,17918,347302,1373,629,744
60615,375698,28366,180792,17918,347332,1373,629,744
60620,375729,28367,180809,17919,347362,1373,629,744
60625,375760,28369,180822,17921,347391,1373,629,744
60630,375791,28370,180836,17922,347421,1373,629,744
60635,375822,28371,180851,17923,347450,1373,629,744
60640,375853,28374,180863,17925,347479,1373,629,744
60645,375884,28375,180879,17926,347509,1373,629,744
60650,375915,28379,180891,17929,347536,1373,629,744
60655,375946,28385,180908,17935,347561,1373,629,744
60660,375977,28392,180921,17941,347585,1373,629,744
60665,376008,28395,180934,17941,347613,1374,629,745
60670,376039,28398,180950,17944,347641,1375,630,745
60675,376070,28401,180961,17945,347669,1376,630,746
60680,376101,28404,180970,17945,347697,1377,630,747
60685,376132,28407,180988,17947,347725,1378,630,748
60690,376163,28410,181005,17949,347753,1379,631,748
60695,376194,28413,181015,17950,347781,1380,631,749
60700,376225,28416,181033,17952,347809,1381,632,749
60705,376256,28419,181051,17954,347837,1382,632,750
60710,376287,28422,181069,17956,347865,1382,632,750
60715,376318,28425,181081,17958,347893,1382,632,750
60720,376349,28428,181096,17959,347921,1382,632,750
60725,376380,28431,181114,17961,347949,1382,632,750
60730,376411,28434,181126,17963,347977,1382,632,750
60735,376442,28437,181141,17965,348005,1382,632,750
60740,376473,28440,181152,17965,348033,1382,632,750
60745,376504,28443,181172,17966,348061,1382,632,750
60750,376535,28446,181187,17969,348089,1382,632,750
60755,376566,28449,181204,17971,348117,1382,632,750
60760,376597,28452,181219,17972,348144,1382,632,750
60765,376628,28459,181234,17977,348168,1382,632,750
60770,376659,28466,181249,17981,348193,1382,632,750
60775,376690,28473,181263,17986,348215,1382,632,750
60780,376721,28483,181278,17993,348237,1382,632,750
60785,376752,28484,181292,17994,348268,1382,632,750
60790,376783,28484,181306,17994,348299,1382,632,750
60795,376814,28484,181321,17994,348330,1382,632,750
60800,376845,28484,181339,17994,348361,1382,632,750
60805,376876,28484,181355,17994,348392,1382,632,750
60810,376907,28484,181372,17994,348423,1382,632,750
60815,376938,28484,181385,17994,348454,1382,632,750
60820,376969,28484,181400,17994,348485,1382,632,750
60825,377000,28484,181411,17994,348516,1382,632,750
60830,377031,28484,181425,17994,348547,1382,632,750
60835,377062,28484,181436,17994,348578,1382,632,750
60840,377093,28484,181453,17994,348609,1382,632,750
60845,377124,28485,181468,17994,348638,1382,632,750
60850,377155,28487,181482,17996,348668,1382,632,750
60855,377186,28488,181496,17997,348698,1382,632,750
60860,377217,28489,181513,17997,348728,1382,632,750
60865,377248,28490,181530,17997,348758,1382,632,750
60870,377279,28491,181546,17997,348788,1382,632,750
60875,377310,28492,181558,17997,348818,1382,632,750
60880,377341,28493,181568,17998,348848,1382,632,750
60885,377372,28495,181583,17999,348877,1382,632,750
60890,377403,28500,181599,18004,348903,1383,633,750
60895,377434,28504,181608,18006,348930,1384,634,750
60900,377465,28511,181627,18012,348954,1385,634,751
60905,377496,28515,181643,18014,348981,1385,634,751
60910,377527,28519,181660,18017,349008,1385,634,751
60915,377558,28523,181679,18020,349035,1385,634,751
60920,377589,28527,181695,18020,349062,1385,634,751
60925,377620,28531,181708,18021,349089,1385,634,751
60930,377651,28535,181720,18023,349116,1385,634,751
60935,377682,28539,181736,18026,349143,1385,634,751
60940,377713,28543,181752,18027,349170,1385,634,751
60945,377744,28547,181770,18028,349197,1385,634,751
60950,377775,28551,181784,18029,349224,1385,634,751
60955,377806,28555,181798,18032,349251,1385,634,751
60960,377837,28560,181814,18035,349277,1385,634,751
60965,377868,28562,181832,18037,349306,1385,634,751
60970,377899,28564,181847,18038,349335,1385,634,751
60975,377930,28566,181860,18038,349364,1385,634,751
60980,377961,28568,181869,18038,349393,1385,634,751
60985,377992,28570,181882,18038,349422,1385,634,751
60990,378023,28572,181899,18038,349451,1385,634,751
60995,378054,28574,181913,18039,349480,1385,634,751
61000,378085,28576,181925,18039,349509,1385,634,751
61005,378116,28578,181935,18039,349538,1386,634,752
61010,378147,28581,181952,18040,349566,1387,635,752
61015,378178,28586,181966,18043,349592,1388,636,752
61020,378209,28588,181985,18044,349621,1389,637,752
61025,378240,28588,182002,18044,349652,1390,638,752
61030,378271,28588,182018,18044,349683,1390,638,752
61035,378302,28588,182035,18044,349714,1390,638,752
61040,378333,28588,182049,18044,349745,1390,638,752
61045,378364,28588,182061,18044,349776,1390,638,752
61050,378395,28588,182077,18044,349807,1390,638,752
61055,378426,28588,182091,18044,349838,1390,638,752
61060,378457,28588,182104,18044,349869,1390,638,752
61065,378488,28588,182121,18044,349900,1390,638,752
61070,378519,28588,182138,18044,349931,1390,638,752
61075,378550,28590,182155,18046,349959,1390,638,752
61080,378581,28592,182172,18048,349989,1390,638,752
61085,378612,28593,182188,18048,350019,1390,638,752
61090,378643,28595,182202,18049,350048,1390,638,752
61095,378674,28597,182221,18051,350077,1390,638,752
61100,378705,28599,182240,18052,350106,1390,638,752
61105,378736,28601,182257,18054,350135,1390,638,752
61110,378767,28602,182268,18054,350165,1390,638,752
61115,378798,28604,182283,18055,350194,1390,638,752
61120,378829,28608,182296,18058,350221,1390,638,752
61125,378860,28613,182313,18060,350247,1390,638,752
61130,378891,28620,182330,18066,350271,1390,638,752
61135,378922,28626,182344,18069,350296,1390,638,752
61140,378953,28633,182360,18074,350320,1391,638,753
61145,378984,28635,182368,18075,350348,1392,639,753
61150,379015,28638,182382,18078,350377,1393,640,753
61155,379046,28640,182398,18079,350406,1394,640,754
61160,379077,28642,182414,18080,350434,1395,641,754
61165,379108,28645,182431,18083,350463,1395,641,754
61170,379139,28647,182443,18084,350491,1395,641,754
61175,379170,28650,182458,18085,350520,1395,641,754
61180,379201,28652,182473,18086,350549,1395,641,754
61185,379232,28654,182486,18087,350577,1395,641,754
61190,379263,28657,182496,18088,350606,1395,641,754
61195,379294,28659,182513,18089,350635,1395,641,754
61200,379325,28661,182523,18089,350663,1395,641,754
61205,379356,28663,182534,18091,350693,1395,641,754
61210,379387,28664,182549,18092,350723,1395,641,754
61215,379418,28665,182562,18092,350753,1395,641,754
61220,379449,28666,182582,18092,350783,1395,641,754
61225,379480,28667,182598,18093,350813,1395,641,754
61230,379511,28668,182613,18093,350843,1395,641,754
61235,379542,28669,182623,18093,350873,1395,641,754
61240,379573,28670,182636,18093,350903,1395,641,754
61245,379604,28671,182653,18093,350933,1395,641,754
61250,379635,28675,182665,18095,350960,1395,641,754
61255,379666,28678,182679,18096,350988,1395,641,754
61260,379697,28682,182699,18099,351015,1395,641,754
61265,379728,28684,182714,18100,351044,1395,641,754
61270,379759,28685,182727,18100,351074,1395,641,754
61275,379790,28686,182740,18100,351104,1395,641,754
61280,379821,28687,182752,18101,351134,1395,641,754
61285,379852,28689,182768,18102,351163,1395,641,754
61290,379883,28691,182785,18104,351192,1395,641,754
61295,379914,28693,182804,18106,351221,1395,641,754
61300,379945,28694,182820,18106,351251,1395,641,754
61305,379976,28696,182832,18107,351280,1395,641,754
61310,380007,28696,182851,18107,351311,1395,641,754
61315,380038,28696,182860,18107,351342,1395,641,754
61320,380069,28696,182875,18107,351373,1395,641,754
61325,380100,28696,182897,18107,351404,1395,641,754
61330,380131,28696,182917,18107,351435,1395,641,754
61335,380162,28696,182930,18107,351466,1395,641,754
61340,380193,28696,182943,18107,351497,1395,641,754
61345,380224,28696,182959,18107,351528,1395,641,754
61350,380255,28696,182980,18107,351559,1395,641,754
61355,380286,28696,182995,18107,351590,1395,641,754
61360,380317,28696,183008,18107,351621,1395,641,754
61365,380348,28696,183026,18107,351652,1395,641,754
61370,380379,28700,183044,18109,351678,1396,641,755
61375,380410,28706,183059,18114,351703,1397,641,756
61380,380441,28712,183076,18117,351729,1397,641,756
61385,380472,28716,183090,18118,351755,1397,641,756
61390,380503,28720,183105,18121,351783,1397,641,756
61395,380534,28723,183124,18123,351810,1397,641,756
61400,380565,28728,183139,18127,351837,1397,641,756
61405,380596,28731,183154,18129,351865,1397,641,756
61410,380627,28734,183169,18131,351893,1397,641,756
61415,380658,28736,183183,18132,351922,1397,641,756
61420,380689,28739,183196,18133,351950,1397,641,756
61425,380720,28741,183205,18134,351979,1397,641,756
61430,380751,28743,183215,18135,352008,1397,641,756
61435,380782,28746,183229,18137,352036,1397,641,756
61440,380813,28748,183244,18139,352065,1397,641,756
61445,380844,28750,183256,18140,352094,1397,641,756
61450,380875,28752,183274,18140,352123,1397,641,756
61455,380906,28755,183290,18142,352151,1397,641,756
61460,380937,28757,183307,18144,352180,1397,641,756
61465,380968,28759,183317,18144,352209,1397,641,756
61470,380999,28762,183332,18145,352237,1397,641,756
61475,381030,28764,183348,18147,352266,1397,641,756
61480,381061,28766,183365,18149,352295,1398,641,757
61485,381092,28767,183379,18150,352325,1399,641,758
61490,381123,28769,183393,18151,352354,1399,641,758
61495,381154,28773,183406,18154,352381,1399,641,758
61500,381185,28775,183419,18156,352410,1399,641,758
61505,381216,28778,183432,18157,352438,1399,641,758
61510,381247,28783,183448,18161,352464,1399,641,758
61515,381278,28787,183463,18165,352491,1399,641,758
61520,381309,28791,183482,18167,352518,1399,641,758
61525,381340,28795,183499,18169,352545,1399,641,758
61530,381371,28798,183518,18171,352573,1399,641,758
61535,381402,28802,183537,18174,352600,1399,641,758
61540,381433,28806,183559,18177,352627,1399,641,758
61545,381464,28809,183576,18179,352655,1399,641,758
61550,381495,28813,183592,18183,352682,1399,641,758
61555,381526,28816,183607,18184,352709,1399,641,758
61560,381557,28820,183625,18188,352737,1399,641,758
61565,381588,28821,183641,18188,352767,1399,641,758
61570,381619,28822,183664,18189,352797,1399,641,758
61575,381650,28823,183678,18190,352827,1399,641,758
61580,381681,28824,183699,18191,352857,1399,641,758
61585,381712,28825,183710,18191,352887,1399,641,758
61590,381743,28826,183730,18191,352916,1400,642,758
61595,381774,28829,183748,18194,352945,1401,642,759
61600,381805,28831,183766,18195,352973,1401,642,759
61605,381836,28833,183779,18196,353002,1401,642,759
61610,381867,28835,183792,18198,353032,1401,642,759
61615,381898,28839,183808,18201,353058,1401,642,759
61620,381929,28842,183821,18202,353086,1401,642,759
61625,381960,28847,183838,18206,353113,1401,642,759
61630,381991,28850,183854,18209,353141,1401,642,759
61635,382022,28850,183873,18209,353172,1401,642,759
61640,382053,28850,183893,18209,353203,1401,642,759
61645,382084,28850,183907,18209,353234,1401,642,759
61650,382115,28850,183918,18209,353265,1401,642,759
61655,382146,28850,183934,18209,353296,1401,642,759
61660,382177,28850,183947,18209,353327,1401,642,759
61665,382208,28850,183965,18209,353358,1401,642,759
61670,382239,28851,183977,18210,353388,1401,642,759
61675,382270,28852,183993,18211,353418,1401,642,759
61680,382301,28853,184005,18212,353448,1401,642,759
61685,382332,28854,184017,18213,353478,1401,642,759
61690,382363,28855,184035,18213,353507,1401,642,759
61695,382394,28857,184048,18215,353537,1401,642,759
61700,382425,28858,184061,18216,353566,1402,643,759
61705,382456,28860,184078,18218,353596,1403,643,760
61710,382487,28861,184098,18219,353626,1404,644,760
61715,382518,28862,184113,18220,353656,1405,645,760
61720,382549,28863,184130,18221,353686,1406,646,760
61725,382580,28864,184144,18222,353716,1407,646,761
61730,382611,28867,184162,18224,353744,1408,647,761
61735,382642,28873,184175,18229,353769,1409,648,761
61740,382673,28878,184191,18232,353795,1410,648,762
61745,382704,28881,184207,18234,353823,1410,648,762
61750,382735,28883,184221,18234,353851,1410,648,762
61755,382766,28886,184240,18236,353880,1410,648,762
61760,382797,28888,184258,18238,353909,1410,648,762
61765,382828,28890,184275,18240,353938,1410,648,762
61770,382859,28892,184290,18241,353967,1410,648,762
61775,382890,28894,184304,18242,353996,1410,648,762
61780,382921,28896,184322,18244,354024,1410,648,762
61785,382952,28899,184340,18247,354053,1410,648,762
61790,382983,28901,184359,18249,354082,1410,648,762
61795,383014,28903,184371,18250,354111,1410,648,762
61800,383045,28905,184386,18252,354140,1410,648,762
61805,383076,28907,184401,18253,354169,1410,648,762
61810,383107,28909,184418,18253,354197,1410,648,762
61815,383138,28912,184435,18254,354226,1410,648,762
61820,383169,28914,184453,18255,354255,1410,648,762
61825,383200,28916,184465,18255,354284,1410,648,762
61830,383231,28918,184481,18255,354313,1410,648,762
61835,383262,28920,184493,18256,354342,1410,648,762
61840,383293,28922,184508,18257,354371,1410,648,762
61845,383324,28927,184524,18260,354397,1411,649,762
61850,383355,28932,184544,18264,354422,1412,649,763
61855,383386,28935,184554,18267,354451,1413,650,763
61860,383417,28938,184568,18268,354479,1414,651,763
61865,383448,28941,184588,18271,354506,1414,651,763
61870,383479,28945,184600,18273,354534,1414,651,763
61875,383510,28947,184616,18274,354563,1414,651,763
61880,383541,28950,184633,18276,354591,1414,651,763
61885,383572,28952,184648,18277,354620,1414,651,763
61890,383603,28954,184662,18278,354649,1414,651,763
61895,383634,28957,184680,18279,354677,1414,651,763
61900,383665,28959,184700,18279,354706,1414,651,763
61905,383696,28962,184716,18280,354734,1414,651,763
61910,383727,28964,184729,18282,354763,1414,651,763
61915,383758,28965,184745,18283,354793,1414,651,763
61920,383789,28966,184762,18284,354823,1414,651,763
61925,383820,28967,184776,18285,354853,1414,651,763
61930,383851,28968,184788,18285,354883,1414,651,763
61935,383882,28969,184802,18286,354913,1414,651,763
61940,383913,28971,184813,18288,354942,1414,651,763
61945,383944,28972,184828,18288,354972,1414,651,763
61950,383975,28973,184842,18288,355002,1414,651,763
61955,384006,28974,184857,18288,355032,1414,651,763
61960,384037,28975,184869,18289,355062,1414,651,763
61965,384068,28976,184882,18290,355092,1414,651,763
61970,384099,28977,184897,18291,355122,1415,652,763
61975,384130,28980,184913,18293,355150,1416,653,763
61980,384161,28983,184930,18296,355177,1417,654,763
61985,384192,28987,184942,18299,355205,1417,654,763
61990,384223,28989,184956,18300,355234,1417,654,763
61995,384254,28991,184975,18301,355263,1417,654,763
62000,384285,28993,184989,18303,355292,1417,654,763
62005,384316,28995,185006,18304,355321,1417,654,763
62010,384347,28997,185018,18305,355350,1417,654,763
62015,384378,28999,185037,18307,355379,1417,654,763
62020,384409,29001,185054,18309,355408,1417,654,763
62025,384440,29003,185071,18311,355437,1417,654,763
62030,384471,29005,185086,18311,355466,1417,654,763
62035,384502,29007,185100,18312,355495,1417,654,763
62040,384533,29009,185113,18313,355524,1417,654,763
62045,384564,29011,185125,18314,355553,1417,654,763
62050,384595,29014,185139,18316,355581,1417,654,763
62055,384626,29017,185155,18318,355609,1417,654,763
62060,384657,29020,185171,18321,355637,1417,654,763
62065,384688,29022,185182,18322,355666,1417,654,763
62070,384719,29024,185198,18323,355695,1417,654,763
62075,384750,29026,185213,18324,355724,1417,654,763
62080,384781,29028,185227,18325,355753,1417,654,763
62085,384812,29030,185240,18326,355781,1417,654,763
62090,384843,29034,185253,18328,355808,1417,654,763
62095,384874,29040,185268,18332,355833,1418,655,763
62100,384905,29044,185282,18334,355860,1419,655,764
62105,384936,29049,185297,18339,355887,1419,655,764
62110,384967,29053,185310,18342,355914,1419,655,764
62115,384998,29056,185324,18344,355942,1419,655,764
62120,385029,29061,185342,18348,355968,1419,655,764
62125,385060,29064,185356,18350,355996,1419,655,764
62130,385091,29066,185373,18351,356025,1419,655,764
62135,385122,29069,185389,18353,356052,1419,655,764
62140,385153,29072,185407,18356,356081,1419,655,764
62145,385184,29073,185423,18357,356111,1419,655,764
62150,385215,29074,185437,18357,356141,1419,655,764
62155,385246,29075,185457,18358,356170,1419,655,764
62160,385277,29077,185470,18360,356199,1419,655,764
62165,385308,29078,185487,18361,356230,1419,655,764
62170,385339,29078,185505,18361,356261,1419,655,764
62175,385370,29078,185519,18361,356292,1419,655,764
62180,385401,29078,185537,18361,356323,1419,655,764
62185,385432,29078,185548,18361,356354,1419,655,764
62190,385463,29078,185564,18361,356385,1419,655,764
62195,385494,29078,185577,18361,356416,1419,655,764
62200,385525,29078,185595,18361,356447,1419,655,764
62205,385556,29078,185611,18361,356478,1419,655,764
62210,385587,29079,185621,18362,356508,1420,655,765
62215,385618,29080,185633,18362,356538,1421,655,766
62220,385649,29082,185645,18363,356567,1421,655,766
62225,385680,29085,185659,18364,356594,1421,655,766
62230,385711,29090,185672,18367,356621,1421,655,766
62235,385742,29095,185686,18369,356646,1421,655,766
62240,385773,29101,185701,18373,356672,1421,655,766
62245,385804,29105,185717,18374,356698,1421,655,766
62250,385835,29111,185734,18380,356724,1421,655,766
62255,385866,29116,185753,18383,356749,1421,655,766
62260,385897,29121,185769,18386,356775,1421,655,766
62265,385928,29126,185785,18388,356801,1421,655,766
62270,385959,29130,185800,18392,356829,1421,655,766
62275,385990,29133,185813,18394,356857,1421,655,766
62280,386021,29137,185830,18398,356884,1421,655,766
62285,386052,29140,185842,18398,356912,1421,655,766
62290,386083,29143,185854,18399,356940,1421,655,766
62295,386114,29147,185870,18400,356967,1421,655,766
62300,386145,29151,185886,18402,356994,1421,655,766
62305,386176,29154,185901,18403,357022,1421,655,766
62310,386207,29157,185915,18406,357050,1421,655,766
62315,386238,29160,185929,18407,357078,1421,655,766
62320,386269,29162,185943,18409,357107,1421,655,766
62325,386300,29165,185954,18410,357135,1422,655,767
62330,386331,29168,185970,18412,357163,1423,655,768
62335,386362,29171,185983,18415,357191,1424,655,769
62340,386393,29173,185991,18416,357220,1425,656,769
62345,386424,29175,186005,18418,357248,1425,656,769
62350,386455,29178,186020,18421,357277,1425,656,769
62355,386486,29180,186030,18423,357305,1425,656,769
62360,386517,29182,186050,18425,357334,1425,656,769
62365,386548,29185,186066,18428,357363,1425,656,769
62370,386579,29186,186081,18429,357392,1425,656,769
62375,386610,29187,186098,18430,357423,1425,656,769
62380,386641,29187,186114,18430,357454,1425,656,769
62385,386672,29187,186135,18430,357485,1425,656,769
62390,386703,29187,186149,18430,357516,1425,656,769
62395,386734,29187,186159,18430,357547,1425,656,769
62400,386765,29187,186169,18430,357578,1425,656,769
62405,386796,29187,186185,18430,357609,1425,656,769
62410,386827,29187,186203,18430,357640,1425,656,769
62415,386858,29187,186216,18430,357671,1425,656,769
62420,386889,29187,186228,18430,357702,1425,656,769
62425,386920,29187,186242,18430,357733,1425,656,769
62430,386951,29187,186255,18430,357764,1425,656,769
62435,386982,29187,186271,18430,357795,1425,656,769
62440,387013,29187,186286,18430,357826,1425,656,769
62445,387044,29187,186302,18430,357857,1425,656,769
62450,387075,29189,186324,18432,357885,1426,657,769
62455,387106,29195,186342,18436,357910,1426,657,769
62460,387137,29200,186352,18438,357937,1426,657,769
62465,387168,29204,186369,18442,357964,1426,657,769
62470,387199,29208,186382,18443,357991,1426,657,769
62475,387230,29211,186393,18445,358019,1426,657,769
62480,387261,29215,186409,18445,358046,1426,657,769
62485,387292,29220,186424,18446,358071,1426,657,769
62490,387323,29226,186438,18451,358097,1426,657,769
62495,387354,29229,186449,18452,358125,1426,657,769
62500,387385,29233,186467,18455,358152,1426,657,769
62505,387416,29236,186477,18456,358180,1426,657,769
62510,387447,29239,186491,18457,358208,1426,657,769
62515,387478,29241,186508,18458,358237,1426,657,769
62520,387509,29243,186521,18458,358266,1426,657,769
62525,387540,29244,186539,18459,358296,1427,657,770
62530,387571,29245,186552,18459,358326,1428,658,770
62535,387602,29246,186564,18460,358356,1429,658,771
62540,387633,29247,186574,18460,358386,1430,658,772
62545,387664,29248,186585,18461,358416,1431,658,773
62550,387695,29249,186601,18462,358446,1431,658,773
62555,387726,29250,186622,18462,358476,1431,658,773
62560,387757,29251,186634,18463,358506,1431,658,773
62565,387788,29252,186650,18464,358536,1431,658,773
62570,387819,29253,186667,18465,358566,1431,658,773
62575,387850,29254,186682,18466,358596,1431,658,773
62580,387881,29255,186698,18466,358626,1431,658,773
62585,387912,29259,186711,18469,358653,1432,659,773
62590,387943,29263,186726,18472,358680,1433,660,773
62595,387974,29268,186740,18475,358706,1434,660,774
62600,388005,29272,186754,18479,358733,1435,660,775
62605,388036,29274,186763,18479,358762,1436,660,776
62610,388067,29276,186776,18480,358791,1437,661,776
62615,388098,29279,186791,18481,358819,1438,662,776
62620,388129,29281,186802,18482,358848,1439,663,776
62625,388160,29285,186818,18483,358874,1440,663,777
62630,388191,29289,186833,18486,358902,1441,664,777
62635,388222,29293,186850,18490,358929,1442,664,778
62640,388253,29295,186864,18492,358958,1442,664,778
62645,388284,29297,186879,18492,358986,1442,664,778
62650,388315,29300,186897,18495,359015,1442,664,778
62655,388346,29303,186908,18497,359043,1442,664,778
62660,388377,29305,186925,18498,359072,1442,664,778
62665,388408,29308,186937,18499,359100,1442,664,778
62670,388439,29311,186948,18501,359128,1442,664,778
62675,388470,29313,186963,18502,359157,1442,664,778
62680,388501,29315,186979,18504,359186,1442,664,778
62685,388532,29317,186995,18505,359215,1442,664,778
62690,388563,29320,187008,18507,359243,1442,664,778
62695,388594,29323,187025,18509,359271,1442,664,778
62700,388625,29326,187036,18509,359298,1442,664,778
62705,388656,29330,187050,18513,359326,1442,664,778
62710,388687,29331,187066,18513,359356,1442,664,778
62715,388718,29334,187080,18515,359384,1442,664,778
62720,388749,29336,187093,18516,359413,1442,664,778
62725,388780,29338,187104,18517,359442,1442,664,778
62730,388811,29340,187122,18519,359471,1442,664,778
62735,388842,29341,187138,18520,359501,1442,664,778
62740,388873,29343,187160,18522,359530,1443,664,779
62745,388904,29343,187174,18522,359561,1444,664,780
62750,388935,29344,187187,18522,359591,1445,664,781
62755,388966,29345,187199,18522,359621,1446,664,782
62760,388997,29346,187207,18523,359650,1447,664,783
62765,389028,29350,187219,18526,359678,1447,664,783
62770,389059,29353,187236,18528,359706,1447,664,783
62775,389090,29356,187255,18531,359733,1447,664,783
62780,389121,29361,187270,18535,359760,1447,664,783
62785,389152,29365,187288,18537,359786,1447,664,783
62790,389183,29370,187306,18541,359812,1447,664,783
62795,389214,29373,187323,18543,359840,1447,664,783
62800,389245,29376,187340,18545,359869,1447,664,783
62805,389276,29378,187359,18546,359898,1447,664,783
62810,389307,29380,187373,18547,359926,1447,664,783
62815,389338,29383,187387,18548,359955,1447,664,783
62820,389369,29385,187401,18548,359983,1447,664,783
62825,389400,29387,187416,18550,360013,1447,664,783
62830,389431,29388,187430,18550,360043,1447,664,783
62835,389462,29389,187447,18550,360073,1447,664,783
62840,389493,29390,187463,18550,360103,1447,664,783
62845,389524,29391,187481,18550,360133,1447,664,783
62850,389555,29393,187493,18550,360162,1447,664,783
62855,389586,29395,187504,18550,360191,1447,664,783
62860,389617,29397,187518,18551,360220,1447,664,783
62865,389648,29399,187537,18552,360249,1447,664,783
62870,389679,29402,187551,18554,360277,1448,665,783
62875,389710,29404,187569,18554,360306,1449,665,784
62880,389741,29406,187587,18556,360335,1450,665,785
62885,389772,29410,187599,18558,360362,1450,665,785
62890,389803,29413,187609,18559,360390,1450,665,785
62895,389834,29418,187622,18563,360416,1450,665,785
62900,389865,29423,187638,18567,360442,1450,665,785
62905,389896,29428,187651,18570,360468,1450,665,785
62910,389927,29432,187665,18572,360495,1450,665,785
62915,389958,29434,187682,18574,360523,1450,665,785
62920,389989,29438,187693,18577,360551,1450,665,785
62925,390020,29442,187707,18579,360578,1450,665,785
62930,390051,29445,187723,18581,360606,1450,665,785
62935,390082,29446,187736,18582,360635,1450,665,785
62940,390113,29448,187753,18584,360665,1450,665,785
62945,390144,29451,187767,18586,360693,1450,665,785
62950,390175,29453,187783,18587,360722,1450,665,785
62955,390206,29454,187798,18587,360752,1450,665,785
62960,390237,29455,187819,18587,360782,1450,665,785
62965,390268,29457,187836,18588,360811,1450,665,785
62970,390299,29459,187851,18590,360840,1450,665,785
62975,390330,29460,187862,18590,360870,1450,665,785
62980,390361,29460,187880,18590,360901,1450,665,785
62985,390392,29460,187897,18590,360932,1450,665,785
62990,390423,29460,187906,18590,360963,1451,666,785
62995,390454,29460,187917,18590,360994,1452,666,786
63000,390485,29460,187930,18590,361025,1453,667,786
63005,390516,29463,187941,18591,361052,1454,668,786
63010,390547,29465,187959,18593,361082,1454,668,786
63015,390578,29465,187981,18593,361113,1454,668,786
63020,390609,29466,187997,18594,361143,1454,668,786
63025,390640,29467,188017,18595,361173,1454,668,786
63030,390671,29468,188033,18595,361203,1454,668,786
63035,390702,29469,188054,18595,361233,1454,668,786
63040,390733,29471,188072,18597,361262,1454,668,786
63045,390764,29473,188082,18598,361291,1454,668,786
63050,390795,29476,188100,18599,361318,1454,668,786
63055,390826,29480,188114,18603,361345,1454,668,786
63060,390857,29485,188132,18607,361372,1454,668,786
63065,390888,29487,188143,18609,361401,1454,668,786
63070,390919,29490,188163,18612,361429,1454,668,786
63075,390950,29492,188177,18612,361458,1454,668,786
63080,390981,29495,188198,18614,361486,1454,668,786
63085,391012,29498,188212,18615,361514,1454,668,786
63090,391043,29500,188232,18617,361543,1454,668,786
63095,391074,29501,188244,18617,361573,1454,668,786
63100,391105,29502,188256,18618,361603,1454,668,786
63105,391136,29503,188272,18618,361633,1454,668,786
63110,391167,29504,188287,18618,361663,1455,669,786
63115,391198,29506,188301,18618,361692,1456,669,787
63120,391229,29509,188316,18621,361720,1457,670,787
63125,391260,29510,188332,18622,361749,1457,670,787
63130,391291,29512,188345,18624,361778,1457,670,787
63135,391322,29513,188364,18625,361809,1457,670,787
63140,391353,29513,188376,18625,361840,1457,670,787
63145,391384,29513,188394,18625,361871,1457,670,787
63150,391415,29513,188407,18625,361902,1457,670,787
63155,391446,29513,188422,18625,361933,1457,670,787
63160,391477,29513,188440,18625,361964,1457,670,787
63165,391508,29514,188456,18626,361994,1457,670,787
63170,391539,29515,188471,18627,362024,1457,670,787
63175,391570,29516,188492,18627,362054,1457,670,787
63180,391601,29517,188511,18627,362084,1457,670,787
63185,391632,29520,188524,18629,362111,1457,670,787
63190,391663,29525,188540,18632,362138,1457,670,787
63195,391694,29527,188556,18634,362167,1457,670,787
63200,391725,29529,188564,18635,362196,1457,670,787
63205,391756,29533,188582,18638,362223,1457,670,787
63210,391787,29535,188594,18639,362252,1457,670,787
63215,391818,29539,188611,18642,362279,1457,670,787
63220,391849,29542,188621,18643,362307,1457,670,787
63225,391880,29545,188638,18644,362335,1457,670,787
63230,391911,29549,188655,18648,362361,1457,670,787
63235,391942,29554,188669,18651,362387,1458,671,787
63240,391973,29559,188683,18655,362414,1459,671,788
63245,392004,29561,188702,18656,362442,1459,671,788
63250,392035,29564,188715,18658,362470,1459,671,788
63255,392066,29567,188727,18660,362499,1459,671,788
63260,392097,29568,188747,18660,362529,1459,671,788
63265,392128,29569,188764,18660,362559,1459,671,788
63270,392159,29570,188782,18661,362589,1459,671,788
63275,392190,29571,188801,18662,362619,1459,671,788
63280,392221,29572,188814,18662,362649,1459,671,788
63285,392252,29573,188833,18663,362679,1459,671,788
63290,392283,29574,188846,18663,362709,1459,671,788
63295,392314,29576,188863,18664,362737,1459,671,788
63300,392345,29581,188880,18667,362763,1459,671,788
63305,392376,29582,188901,18668,362794,1459,671,788
63310,392407,29582,188917,18668,362825,1459,671,788
63315,392438,29582,188926,18668,362856,1459,671,788
63320,392469,29582,188935,18668,362887,1459,671,788
63325,392500,29582,188951,18668,362918,1459,671,788
63330,392531,29582,188964,18668,362949,1459,671,788
63335,392562,29583,188976,18669,362978,1459,671,788
63340,392593,29585,188994,18670,363007,1459,671,788
63345,392624,29587,189009,18671,363037,1459,671,788
63350,392655,29588,189028,18672,363067,1460,672,788
63355,392686,29589,189043,18672,363097,1461,673,788
63360,392717,29592,189059,18675,363124,1461,673,788
63365,392748,29596,189072,18678,363151,1461,673,788
63370,392779,29601,189092,18682,363178,1461,673,788
63375,392810,29604,189106,18684,363206,1461,673,788
63380,392841,29608,189122,18685,363233,1461,673,788
63385,392872,29611,189136,18687,363261,1461,673,788
63390,392903,29613,189153,18687,363289,1461,673,788
63395,392934,29616,189166,18688,363317,1461,673,788
63400,392965,29619,189185,18691,363345,1461,673,788
63405,392996,29622,189204,18693,363373,1461,673,788
63410,393027,29626,189218,18694,363400,1461,673,788
63415,393058,29630,189239,18697,363427,1461,673,788
63420,393089,29634,189260,18698,363454,1461,673,788
63425,393120,29637,189274,18699,363483,1461,673,788
63430,393151,29639,189289,18699,363512,1461,673,788
63435,393182,29641,189301,18701,363541,1461,673,788
63440,393213,29643,189318,18701,363570,1461,673,788
63445,393244,29645,189333,18702,363599,1461,673,788
63450,393275,29647,189346,18702,363628,1461,673,788
63455,393306,29649,189357,18702,363657,1461,673,788
63460,393337,29651,189370,18703,363686,1461,673,788
63465,393368,29653,189387,18705,363715,1461,673,788
63470,393399,29656,189403,18707,363743,1462,674,788
63475,393430,29658,189414,18707,363772,1463,674,789
63480,393461,29661,189423,18708,363800,1463,674,789
63485,393492,29664,189438,18709,363828,1463,674,789
63490,393523,29667,189455,18711,363856,1463,674,789
63495,393554,29672,189471,18715,363882,1463,674,789
63500,393585,29676,189489,18719,363909,1463,674,789
63505,393616,29680,189508,18721,363936,1463,674,789
63510,393647,29684,189526,18725,363963,1463,674,789
63515,393678,29687,189540,18727,363991,1463,674,789
63520,393709,29691,189558,18731,364018,1463,674,789
63525,393740,29694,189571,18733,364046,1463,674,789
63530,393771,29696,189585,18735,364074,1463,674,789
63535,393802,29699,189606,18737,364102,1463,674,789
63540,393833,29702,189622,18739,364131,1463,674,789
63545,393864,29703,189636,18740,364161,1463,674,789
63550,393895,29704,189651,18741,364191,1463,674,789
63555,393926,29705,189667,18742,364221,1463,674,789
63560,393957,29706,189681,18743,364251,1463,674,789
63565,393988,29707,189694,18743,364281,1463,674,789
63570,394019,29708,189704,18743,364311,1463,674,789
63575,394050,29709,189715,18743,364341,1463,674,789
63580,394081,29710,189727,18743,364371,1463,674,789
63585,394112,29713,189739,18746,364399,1463,674,789
63590,394143,29715,189755,18748,364427,1464,674,790
63595,394174,29720,189771,18752,364454,1465,675,790
63600,394205,29723,189789,18754,364482,1465,675,790
63605,394236,29727,189803,18756,364508,1465,675,790
63610,394267,29734,189820,18760,364533,1465,675,790
63615,394298,29735,189835,18760,364563,1465,675,790
63620,394329,29736,189845,18760,364593,1465,675,790
63625,394360,29737,189858,18760,364623,1465,675,790
63630,394391,29738,189873,18761,364653,1465,675,790
63635,394422,29739,189885,18761,364683,1465,675,790
63640,394453,29740,189901,18762,364713,1465,675,790
63645,394484,29741,189921,18762,364743,1465,675,790
63650,394515,29742,189936,18762,364773,1465,675,790
63655,394546,29743,189953,18763,364803,1465,675,790
63660,394577,29744,189970,18763,364833,1465,675,790
63665,394608,29745,189983,18763,364863,1465,675,790
63670,394639,29746,189999,18764,364893,1465,675,790
63675,394670,29747,190014,18764,364923,1465,675,790
63680,394701,29748,190029,18765,364953,1465,675,790
63685,394732,29749,190046,18765,364983,1465,675,790
63690,394763,29750,190062,18766,365013,1465,675,790
63695,394794,29751,190079,18767,365043,1465,675,790
63700,394825,29752,190094,18767,365073,1465,675,790
63705,394856,29753,190110,18767,365103,1466,675,791
63710,394887,29756,190121,18769,365131,1467,675,792
63715,394918,29758,190136,18770,365160,1467,675,792
63720,394949,29762,190146,18771,365186,1467,675,792
63725,394980,29766,190161,18774,365214,1467,675,792
63730,395011,29770,190175,18777,365240,1467,675,792
63735,395042,29775,190194,18780,365267,1467,675,792
63740,395073,29779,190208,18781,365294,1467,675,792
63745,395104,29782,190227,18782,365322,1467,675,792
63750,395135,29785,190244,18784,365350,1467,675,792
63755,395166,29789,190259,18786,365377,1467,675,792
63760,395197,29792,190276,18786,365405,1467,675,792
63765,395228,29796,190289,18789,365432,1467,675,792
63770,395259,29799,190305,18791,365460,1467,675,792
63775,395290,29803,190319,18792,365487,1467,675,792
63780,395321,29806,190335,18793,365515,1467,675,792
63785,395352,29809,190347,18793,365543,1467,675,792
63790,395383,29813,190366,18796,365570,1467,675,792
63795,395414,29815,190380,18797,365599,1467,675,792
63800,395445,29817,190394,18799,365628,1467,675,792
63805,395476,29819,190408,18800,365657,1467,675,792
63810,395507,29821,190422,18801,365686,1467,675,792
63815,395538,29823,190435,18801,365715,1467,675,792
63820,395569,29825,190447,18802,365744,1468,675,793
63825,395600,29828,190464,18804,365772,1469,675,794
63830,395631,29832,190481,18807,365799,1470,675,795
63835,395662,29836,190500,18810,365826,1470,675,795
63840,395693,29840,190513,18813,365853,1470,675,795
63845,395724,29842,190527,18814,365882,1470,675,795
63850,395755,29843,190542,18814,365912,1470,675,795
63855,395786,29844,190558,18814,365942,1470,675,795
63860,395817,29846,190574,18816,365971,1470,675,795
63865,395848,29848,190591,18817,366000,1470,675,795
63870,395879,29850,190604,18818,366029,1470,675,795
63875,395910,29851,190620,18818,366059,1470,675,795
63880,395941,29853,190632,18819,366088,1470,675,795
63885,395972,29855,190651,18821,366117,1470,675,795
63890,396003,29856,190663,18821,366147,1470,675,795
63895,396034,29858,190680,18823,366175,1470,675,795
63900,396065,29861,190698,18826,366204,1470,675,795
63905,396096,29863,190711,18826,366232,1470,675,795
63910,396127,29866,190726,18828,366260,1470,675,795
63915,396158,29869,190742,18831,366288,1470,675,795
63920,396189,29872,190751,18833,366317,1470,675,795
63925,396220,29874,190765,18833,366345,1470,675,795
63930,396251,29877,190779,18835,366374,1470,675,795
63935,396282,29879,190797,18836,366403,1471,675,796
63940,396313,29883,190811,18838,366430,1472,675,797
63945,396344,29886,190829,18840,366457,1473,676,797
63950,396375,29893,190845,18845,366482,1474,677,797
63955,396406,29899,190862,18848,366506,1474,677,797
63960,396437,29903,190873,18851,366534,1474,677,797
63965,396468,29904,190887,18851,366564,1474,677,797
63970,396499,29905,190905,18851,366594,1474,677,797
63975,396530,29906,190921,18852,366624,1474,677,797
63980,396561,29907,190935,18853,366654,1474,677,797
63985,396592,29908,190949,18853,366684,1474,677,797
63990,396623,29909,190965,18853,366714,1474,677,797
63995,396654,29910,190978,18853,366744,1474,677,797
64000,396685,29911,190990,18853,366774,1474,677,797
64005,396716,29912,191004,18853,366804,1474,677,797
64010,396747,29913,191020,18853,366834,1474,677,797
64015,396778,29914,191037,18853,366864,1474,677,797
64020,396809,29915,191053,18854,366894,1474,677,797
64025,396840,29916,191072,18855,366924,1474,677,797
64030,396871,29917,191092,18855,366954,1474,677,797
64035,396902,29918,191104,18856,366984,1474,677,797
64040,396933,29919,191119,18856,367014,1474,677,797
64045,396964,29920,191135,18857,367044,1474,677,797
64050,396995,29921,191155,18857,367074,1474,677,797
64055,397026,29922,191168,18858,367104,1475,677,798
64060,397057,29923,191187,18859,367134,1476,677,799
64065,397088,29924,191203,18860,367163,1477,678,799
64070,397119,29927,191221,18862,367192,1477,678,799
64075,397150,29930,191233,18863,367219,1477,678,799
64080,397181,29937,191254,18868,367243,1477,678,799
64085,397212,29942,191268,18871,367270,1478,679,799
64090,397243,29945,191280,18873,367298,1479,679,800
64095,397274,29948,191295,18875,367326,1480,679,801
64100,397305,29951,191315,18877,367354,1481,680,801
64105,397336,29955,191328,18878,367381,1482,681,801
64110,397367,29958,191346,18880,367409,1483,682,801
64115,397398,29962,191362,18881,367436,1484,683,801
64120,397429,29965,191376,18883,367464,1485,683,802
64125,397460,29968,191388,18885,367492,1486,684,802
64130,397491,29972,191403,18887,367519,1487,684,803
64135,397522,29975,191416,18890,367547,1488,684,804
64140,397553,29977,191429,18892,367576,1489,684,805
64145,397584,29980,191447,18894,367603,1489,684,805
64150,397615,29984,191466,18897,367631,1489,684,805
64155,397646,29986,191483,18899,367659,1489,684,805
64160,397677,29988,191498,18900,367689,1489,684,805
64165,397708,29989,191514,18901,367719,1489,684,805
64170,397739,29990,191528,18901,367749,1489,684,805
64175,397770,29991,191543,18902,367779,1489,684,805
64180,397801,29992,191555,18903,367809,1489,684,805
64185,397832,29994,191568,18903,367838,1489,684,805
64190,397863,29996,191580,18903,367866,1489,684,805
64195,397894,30001,191591,18906,367892,1489,684,805
64200,397925,30006,191612,18910,367919,1489,684,805
64205,397956,30009,191627,18911,367947,1489,684,805
64210,397987,30012,191647,18913,367975,1489,684,805
64215,398018,30015,191657,18914,368003,1489,684,805
64220,398049,30017,191675,18915,368032,1489,684,805
64225,398080,30019,191684,18916,368061,1489,684,805
64230,398111,30021,191701,18918,368090,1489,684,805
64235,398142,30023,191715,18920,368119,1489,684,805
64240,398173,30024,191728,18920,368149,1489,684,805
64245,398204,30025,191746,18921,368179,1489,684,805
64250,398235,30027,191760,18923,368208,1489,684,805
64255,398266,30029,191773,18924,368237,1490,684,806
64260,398297,30030,191788,18925,368267,1491,684,807
64265,398328,30031,191801,18925,368297,1492,684,808
64270,398359,30032,191817,18926,368327,1493,685,808
64275,398390,30033,191832,18926,368357,1494,685,809
64280,398421,30034,191851,18926,368386,1495,686,809
64285,398452,30037,191868,18929,368415,1496,687,809
64290,398483,30038,191879,18929,368445,1497,688,809
64295,398514,30040,191897,18931,368473,1497,688,809
64300,398545,30042,191911,18932,368502,1497,688,809
64305,398576,30045,191925,18934,368530,1497,688,809
64310,398607,30049,191943,18936,368558,1497,688,809
64315,398638,30052,191959,18937,368586,1497,688,809
64320,398669,30056,191977,18940,368613,1497,688,809
64325,398700,30058,191996,18941,368642,1497,688,809
64330,398731,30061,192008,18942,368670,1497,688,809
64335,398762,30063,192025,18943,368699,1497,688,809
64340,398793,30066,192040,18945,368727,1497,688,809
64345,398824,30068,192053,18946,368756,1497,688,809
64350,398855,30070,192065,18946,368785,1497,688,809
64355,398886,30072,192083,18947,368814,1497,688,809
64360,398917,30074,192097,18948,368843,1497,688,809
64365,398948,30076,192112,18949,368872,1497,688,809
64370,398979,30079,192123,18950,368900,1497,688,809
64375,399010,30082,192134,18951,368928,1497,688,809
64380,399041,30085,192146,18952,368955,1497,688,809
64385,399072,30089,192161,18955,368983,1497,688,809
64390,399103,30092,192175,18957,369011,1497,688,809
64395,399134,30096,192190,18960,369038,1497,688,809
64400,399165,30100,192206,18963,369065,1497,688,809
64405,399196,30103,192217,18964,369093,1497,688,809
64410,399227,30106,192229,18965,369121,1497,688,809
64415,399258,30109,192243,18967,369148,1497,688,809
64420,399289,30113,192255,18969,369175,1497,688,809
64425,399320,30117,192271,18972,369203,1497,688,809
64430,399351,30121,192282,18975,369230,1498,689,809
64435,399382,30126,192297,18980,369256,1499,690,809
64440,399413,30130,192310,18982,369283,1500,690,810
64445,399444,30134,192326,18986,369310,1500,690,810
64450,399475,30137,192335,18987,369338,1500,690,810
64455,399506,30139,192349,18988,369367,1500,690,810
64460,399537,30140,192361,18988,369397,1500,690,810
64465,399568,30141,192374,18989,369427,1500,690,810
64470,399599,30142,192392,18990,369457,1500,690,810
64475,399630,30144,192406,18992,369486,1500,690,810
64480,399661,30145,192422,18993,369516,1500,690,810
64485,399692,30146,192434,18993,369546,1500,690,810
64490,399723,30147,192452,18993,369576,1500,690,810
64495,399754,30149,192468,18994,369605,1500,690,810
64500,399785,30150,192483,18995,369635,1500,690,810
64505,399816,30152,192496,18996,369664,1500,690,810
64510,399847,30154,192510,18997,369693,1500,690,810
64515,399878,30156,192524,18998,369722,1500,690,810
64520,399909,30157,192541,18999,369752,1500,690,810
64525,399940,30158,192553,18999,369782,1500,690,810
64530,399971,30158,192569,18999,369813,1500,690,810
64535,400002,30158,192580,18999,369844,1500,690,810
64540,400033,30158,192601,18999,369875,1500,690,810
64545,400064,30159,192615,18999,369905,1500,690,810
64550,400095,30161,192627,19000,369934,1501,690,811
64555,400126,30164,192644,19003,369962,1502,691,811
64560,400157,30167,192652,19005,369990,1503,691,812
64565,400188,30170,192664,19006,370018,1503,691,812
64570,400219,30173,192682,19006,370046,1503,691,812
64575,400250,30177,192699,19009,370073,1503,691,812
64580,400281,30181,192715,19010,370099,1503,691,812
64585,400312,30186,192726,19013,370126,1503,691,812
64590,400343,30188,192744,19015,370155,1503,691,812
64595,400374,30190,192762,19017,370183,1503,691,812
64600,400405,30193,192771,19019,370211,1503,691,812
64605,400436,30196,192784,19020,370240,1503,691,812
64610,400467,30198,192797,19020,370268,1503,691,812
64615,400498,30201,192810,19021,370297,1503,691,812
64620,400529,30203,192824,19022,370325,1503,691,812
64625,400560,30205,192834,19023,370355,1503,691,812
64630,400591,30206,192853,19024,370385,1503,691,812
64635,400622,30207,192865,19025,370415,1503,691,812
64640,400653,30208,192881,19025,370445,1503,691,812
64645,400684,30209,192897,19026,370475,1503,691,812
64650,400715,30210,192910,19026,370505,1503,691,812
64655,400746,30211,192926,19026,370535,1503,691,812
64660,400777,30212,192942,19027,370565,1503,691,812
64665,400808,30213,192956,19027,370594,1503,691,812
64670,400839,30216,192971,19029,370622,1504,692,812
64675,400870,30220,192985,19032,370649,1505,693,812
64680,400901,30225,192999,19036,370675,1506,693,813
64685,400932,30228,193016,19038,370704,1506,693,813
64690,400963,30230,193027,19038,370733,1506,693,813
64695,400994,30232,193044,19038,370761,1506,693,813
64700,401025,30235,193057,19039,370789,1506,693,813
64705,401056,30238,193068,19042,370818,1506,693,813
64710,401087,30239,193080,19042,370848,1506,693,813
64715,401118,30240,193091,19042,370878,1506,693,813
64720,401149,30241,193111,19043,370908,1506,693,813
64725,401180,30242,193125,19043,370938,1506,693,813
64730,401211,30243,193134,19043,370968,1506,693,813
64735,401242,30244,193154,19044,370998,1506,693,813
64740,401273,30245,193169,19045,371028,1506,693,813
64745,401304,30246,193185,19046,371058,1506,693,813
64750,401335,30247,193202,19047,371088,1506,693,813
64755,401366,30248,193213,19047,371118,1506,693,813
64760,401397,30249,193225,19047,371148,1506,693,813
64765,401428,30250,193240,19047,371178,1506,693,813
64770,401459,30251,193255,19047,371208,1506,693,813
64775,401490,30252,193270,19047,371238,1506,693,813
64780,401521,30253,193282,19047,371268,1506,693,813
64785,401552,30254,193296,19047,371298,1506,693,813
64790,401583,30256,193314,19049,371326,1507,693,814
64795,401614,30261,193323,19054,371352,1508,694,814
64800,401645,30267,193343,19058,371378,1508,694,814
64805,401676,30271,193357,19060,371405,1508,694,814
64810,401707,30274,193371,19063,371433,1508,694,814
64815,401738,30277,193386,19064,371461,1508,694,814
64820,401769,30281,193393,19065,371488,1508,694,814
64825,401800,30284,193408,19067,371516,1508,694,814
64830,401831,30287,193421,19068,371544,1508,694,814
64835,401862,30291,193432,19070,371571,1508,694,814
64840,401893,30294,193445,19072,371599,1508,694,814
64845,401924,30298,193464,19075,371625,1508,694,814
64850,401955,30302,193477,19078,371652,1508,694,814
64855,401986,30306,193493,19080,371679,1508,694,814
64860,402017,30310,193511,19083,371707,1508,694,814
64865,402048,30310,193524,19083,371738,1509,695,814
64870,402079,30310,193541,19083,371769,1509,695,814
64875,402110,30310,193551,19083,371800,1509,695,814
64880,402141,30310,193564,19083,371831,1509,695,814
64885,402172,30310,193580,19083,371862,1509,695,814
64890,402203,30310,193593,19083,371893,1509,695,814
64895,402234,30310,193609,19083,371924,1509,695,814
64900,402265,30310,193629,19083,371955,1509,695,814
64905,402296,30311,193645,19083,371985,1509,695,814
64910,402327,30313,193662,19085,372013,1509,695,814
64915,402358,30315,193674,19086,372043,1509,695,814
64920,402389,30316,193693,19086,372072,1509,695,814
64925,402420,30318,193709,19088,372102,1509,695,814
64930,402451,30319,193724,19088,372132,1509,695,814
64935,402482,30320,193736,19088,372162,1509,695,814
64940,402513,30321,193747,19088,372192,1509,695,814
64945,402544,30322,193762,19088,372222,1509,695,814
64950,402575,30323,193779,19088,372252,1509,695,814
64955,402606,30324,193793,19089,372282,1509,695,814
64960,402637,30325,193808,19090,372312,1509,695,814
64965,402668,30328,193826,19092,372340,1509,695,814
64970,402699,30333,193837,19095,372366,1510,695,815
64975,402730,30339,193851,19100,372390,1511,696,815
64980,402761,30346,193866,19106,372414,1512,697,815
64985,402792,30350,193881,19108,372442,1512,697,815
64990,402823,30353,193899,19110,372469,1512,697,815
64995,402854,30357,193918,19113,372497,1512,697,815
65000,402885,30359,193931,19114,372526,1512,697,815
65005,402916,30361,193941,19115,372555,1512,697,815
65010,402947,30363,193956,19117,372584,1512,697,815
65015,402978,30365,193969,19118,372613,1512,697,815
65020,403009,30367,193986,19119,372642,1512,697,815
65025,403040,30369,193999,19120,372671,1512,697,815
65030,403071,30371,194016,19121,372700,1512,697,815
65035,403102,30373,194032,19121,372729,1512,697,815
65040,403133,30375,194046,19122,372758,1512,697,815
65045,403164,30377,194060,19123,372787,1512,697,815
65050,403195,30379,194075,19125,372816,1512,697,815
65055,403226,30381,194088,19127,372845,1512,697,815
65060,403257,30383,194102,19128,372874,1512,697,815
65065,403288,30385,194114,19128,372903,1512,697,815
65070,403319,30387,194126,19129,372932,1512,697,815
65075,403350,30389,194142,19130,372961,1512,697,815
65080,403381,30391,194157,19131,372990,1512,697,815
65085,403412,30394,194173,19132,373018,1513,697,816
65090,403443,30395,194187,19132,373048,1514,697,817
65095,403474,30397,194194,19132,373077,1515,697,818
65100,403505,30404,194213,19137,373099,1516,698,818
65105,403536,30408,194227,19140,373128,1516,698,818
65110,403567,30411,194245,19143,373155,1516,698,818
65115,403598,30415,194260,19145,373183,1516,698,818
65120,403629,30418,194276,19148,373210,1516,698,818
65125,403660,30422,194292,19150,373237,1516,698,818
65130,403691,30426,194305,19153,373265,1516,698,818
65135,403722,30427,194323,19153,373294,1516,698,818
65140,403753,30429,194342,19155,373323,1516,698,818
65145,403784,30431,194356,19156,373353,1516,698,818
65150,403815,30432,194372,19156,373382,1516,698,818
65155,403846,30434,194388,19158,373412,1516,698,818
65160,403877,30434,194406,19158,373443,1516,698,818
65165,403908,30435,194421,19159,373473,1516,698,818
65170,403939,30436,194429,19159,373503,1516,698,818
65175,403970,30437,194444,19160,373533,1516,698,818
65180,404001,30438,194457,19160,373563,1516,698,818
65185,404032,30439,194472,19161,373593,1516,698,818
65190,404063,30440,194489,19161,373623,1516,698,818
65195,404094,30441,194508,19162,373653,1516,698,818
65200,404125,30443,194520,19163,373682,1516,698,818
65205,404156,30445,194531,19163,373711,1516,698,818
65210,404187,30447,194543,19164,373740,1517,698,819
65215,404218,30449,194560,19165,373769,1518,698,820
65220,404249,30451,194576,19167,373798,1519,698,821
65225,404280,30457,194593,19170,373823,1519,698,821
65230,404311,30462,194611,19173,373849,1519,698,821
65235,404342,30467,194621,19176,373875,1519,698,821
65240,404373,30473,194639,19179,373900,1519,698,821
65245,404404,30478,194650,19182,373926,1519,698,821
65250,404435,30483,194662,19184,373952,1519,698,821
65255,404466,30487,194672,19184,373979,1519,698,821
65260,404497,30491,194690,19185,374006,1519,698,821
65265,404528,30495,194711,19189,374033,1519,698,821
65270,404559,30500,194729,19192,374059,1519,698,821
65275,404590,30504,194743,19192,374085,1519,698,821
65280,404621,30510,194763,19197,374111,1519,698,821
65285,404652,30513,194775,19198,374139,1519,698,821
65290,404683,30515,194792,19200,374168,1519,698,821
65295,404714,30517,194808,19202,374197,1519,698,821
65300,404745,30519,194824,19203,374226,1519,698,821
65305,404776,30520,194838,19204,374256,1519,698,821
65310,404807,30521,194854,19204,374286,1519,698,821
65315,404838,30522,194866,19205,374316,1519,698,821
65320,404869,30523,194881,19206,374346,1519,698,821
65325,404900,30524,194896,19206,374376,1519,698,821
65330,404931,30525,194912,19206,374406,1519,698,821
65335,404962,30527,194930,19208,374435,1519,698,821
65340,404993,30528,194944,19209,374465,1519,698,821
65345,405024,30530,194964,19211,374494,1519,698,821
65350,405055,30532,194982,19213,374523,1519,698,821
65355,405086,30533,194996,19214,374553,1519,698,821
65360,405117,30534,195013,19215,374583,1519,698,821
65365,405148,30535,195030,19216,374613,1519,698,821
65370,405179,30536,195042,19216,374643,1519,698,821
65375,405210,30537,195054,19217,374673,1519,698,821
65380,405241,30538,195065,19217,374703,1519,698,821
65385,405272,30539,195080,19218,374733,1519,698,821
65390,405303,30540,195091,19219,374763,1519,698,821
65395,405334,30541,195105,19219,374792,1519,698,821
65400,405365,30544,195118,19221,374821,1519,698,821
65405,405396,30549,195132,19223,374846,1520,698,822
65410,405427,30555,195145,19228,374871,1520,698,822
65415,405458,30559,195162,19232,374898,1520,698,822
65420,405489,30564,195174,19235,374925,1520,698,822
65425,405520,30566,195191,19236,374954,1520,698,822
65430,405551,30568,195205,19237,374983,1520,698,822
65435,405582,30570,195223,19237,375012,1520,698,822
65440,405613,30572,195242,19239,375041,1520,698,822
65445,405644,30574,195256,19240,375070,1520,698,822
65450,405675,30576,195273,19241,375099,1520,698,822
65455,405706,30578,195286,19242,375128,1520,698,822
65460,405737,30580,195304,19244,375156,1520,698,822
65465,405768,30583,195321,19247,375185,1520,698,822
65470,405799,30585,195335,19248,375214,1520,698,822
65475,405830,30587,195353,19250,375243,1520,698,822
65480,405861,30588,195368,19251,375273,1520,698,822
65485,405892,30588,195380,19251,375304,1520,698,822
65490,405923,30588,195394,19251,375335,1520,698,822
65495,405954,30588,195409,19251,375366,1520,698,822
65500,405985,30588,195422,19251,375397,1520,698,822
65505,406016,30588,195439,19251,375428,1520,698,822
65510,406047,30588,195452,19251,375459,1521,698,823
65515,406078,30588,195467,19251,375490,1522,699,823
65520,406109,30588,195483,19251,375521,1523,700,823
65525,406140,30590,195498,19252,375550,1524,701,823
65530,406171,30592,195516,19254,375579,1525,702,823
65535,406202,30594,195533,19256,375608,1526,703,823
65540,406233,30595,195543,19257,375638,1526,703,823
65545,406264,30596,195556,19257,375668,1526,703,823
65550,406295,30599,195574,19259,375696,1526,703,823
65555,406326,30601,195588,19259,375725,1526,703,823
65560,406357,30606,195603,19262,375751,1526,703,823
65565,406388,30610,195615,19265,375778,1526,703,823
65570,406419,30616,195629,19269,375802,1526,703,823
65575,406450,30620,195641,19272,375830,1526,703,823
65580,406481,30625,195656,19275,375855,1526,703,823
65585,406512,30629,195673,19277,375882,1526,703,823
65590,406543,30633,195690,19280,375909,1526,703,823
65595,406574,30637,195709,19284,375937,1526,703,823
65600,406605,30640,195724,19285,375965,1526,703,823
65605,406636,30643,195740,19287,375992,1526,703,823
65610,406667,30647,195757,19288,376019,1526,703,823
65615,406698,30651,195767,19290,376046,1526,703,823
65620,406729,30655,195784,19294,376073,1526,703,823
65625,406760,30659,195794,19296,376101,1526,703,823
65630,406791,30662,195816,19299,376129,1526,703,823
65635,406822,30665,195834,19301,376156,1526,703,823
65640,406853,30670,195851,19305,376183,1526,703,823
65645,406884,30672,195862,19306,376212,1526,703,823
65650,406915,30674,195873,19307,376241,1526,703,823
65655,406946,30676,195887,19308,376270,1526,703,823
65660,406977,30678,195905,19309,376299,1526,703,823
65665,407008,30680,195919,19310,376328,1526,703,823
65670,407039,30682,195932,19311,376357,1526,703,823
65675,407070,30684,195945,19311,376386,1526,703,823
65680,407101,30686,195958,19312,376415,1526,703,823
65685,407132,30688,195976,19313,376443,1526,703,823
65690,407163,30693,195991,19317,376469,1526,703,823
65695,407194,30698,196007,19320,376496,1526,703,823
65700,407225,30705,196022,19326,376520,1526,703,823
65705,407256,30707,196040,19327,376549,1527,703,824
65710,407287,30709,196056,19328,376578,1528,703,825
65715,407318,30711,196069,19329,376606,1529,703,826
65720,407349,30713,196086,19331,376636,1529,703,826
65725,407380,30713,196099,19331,376667,1529,703,826
65730,407411,30713,196113,19331,376698,1529,703,826
65735,407442,30713,196133,19331,376729,1529,703,826
65740,407473,30713,196145,19331,376760,1529,703,826
65745,407504,30713,196157,19331,376791,1529,703,826
65750,407535,30713,196173,19331,376822,1529,703,826
65755,407566,30713,196189,19331,376853,1529,703,826
65760,407597,30713,196205,19331,376884,1529,703,826
65765,407628,30713,196214,19331,376915,1529,703,826
65770,407659,30713,196225,19331,376946,1529,703,826
65775,407690,30713,196241,19331,376977,1529,703,826
65780,407721,30713,196253,19331,377008,1529,703,826
65785,407752,30713,196268,19331,377039,1529,703,826
65790,407783,30713,196283,19331,377070,1529,703,826
65795,407814,30713,196297,19331,377101,1529,703,826
65800,407845,30713,196314,19331,377132,1529,703,826
65805,407876,30714,196334,19332,377161,1529,703,826
65810,407907,30720,196350,19337,377187,1529,703,826
65815,407938,30725,196366,19341,377213,1529,703,826
65820,407969,30729,196376,19344,377240,1529,703,826
65825,408000,30733,196389,19345,377266,1529,703,826
65830,408031,30738,196400,19348,377292,1529,703,826
65835,408062,30743,196420,19353,377318,1530,703,827
65840,408093,30748,196436,19356,377344,1531,703,828
65845,408124,30753,196452,19359,377370,1532,704,828
65850,408155,30757,196469,19362,377397,1533,704,829
65855,408186,30761,196483,19363,377425,1534,705,829
65860,408217,30764,196500,19365,377452,1535,706,829
65865,408248,30770,196514,19369,377477,1536,707,829
65870,408279,30774,196526,19373,377505,1537,707,830
65875,408310,30776,196540,19374,377534,1538,707,831
65880,408341,30778,196555,19375,377563,1539,708,831
65885,408372,30779,196571,19376,377593,1539,708,831
65890,408403,30780,196584,19376,377623,1539,708,831
65895,408434,30781,196592,19377,377653,1539,708,831
65900,408465,30782,196608,19378,377683,1539,708,831
65905,408496,30783,196626,19378,377713,1539,708,831
65910,408527,30784,196642,19379,377743,1539,708,831
65915,408558,30784,196659,19379,377774,1539,708,831
65920,408589,30784,196672,19379,377805,1539,708,831
65925,408620,30784,196691,19379,377836,1539,708,831
65930,408651,30784,196707,19379,377867,1539,708,831
65935,408682,30785,196721,19379,377897,1539,708,831
65940,408713,30788,196734,19381,377925,1539,708,831
65945,408744,30792,196750,19384,377951,1539,708,831
65950,408775,30798,196766,19390,377977,1539,708,831
65955,408806,30801,196779,19392,378004,1539,708,831
65960,408837,30805,196791,19395,378032,1539,708,831
65965,408868,30809,196807,19398,378059,1539,708,831
65970,408899,30813,196825,19400,378085,1539,708,831
65975,408930,30818,196835,19403,378112,1539,708,831
65980,408961,30823,196858,19407,378137,1539,708,831
65985,408992,30828,196872,19410,378163,1539,708,831
65990,409023,30832,196894,19414,378190,1539,708,831
65995,409054,30835,196910,19416,378219,1539,708,831
66000,409085,30837,196924,19417,378248,1540,709,831
66005,409116,30837,196940,19417,378279,1541,709,832
66010,409147,30837,196957,19417,378310,1541,709,832
66015,409178,30837,196975,19417,378341,1541,709,832
66020,409209,30837,196994,19417,378372,1541,709,832
66025,409240,30837,197005,19417,378403,1541,709,832
66030,409271,30837,197018,19417,378434,1541,709,832
66035,409302,30837,197033,19417,378465,1541,709,832
66040,409333,30837,197044,19417,378496,1541,709,832
66045,409364,30838,197064,19418,378526,1541,709,832
66050,409395,30839,197082,19419,378556,1541,709,832
66055,409426,30841,197095,19420,378585,1541,709,832
66060,409457,30842,197111,19421,378615,1541,709,832
66065,409488,30844,197123,19422,378644,1541,709,832
66070,409519,30847,197138,19424,378671,1541,709,832
66075,409550,30852,197158,19429,378698,1541,709,832
66080,409581,30853,197172,19430,378728,1541,709,832
66085,409612,30855,197184,19432,378757,1541,709,832
66090,409643,30856,197199,19432,378787,1541,709,832
66095,409674,30858,197214,19433,378816,1541,709,832
66100,409705,30860,197229,19433,378845,1541,709,832
66105,409736,30864,197239,19437,378872,1541,709,832
66110,409767,30868,197256,19439,378899,1541,709,832
66115,409798,30871,197266,19440,378927,1542,709,833
66120,409829,30877,197286,19444,378952,1543,709,834
66125,409860,30881,197297,19447,378979,1544,709,835
66130,409891,30885,197311,19449,379006,1544,709,835
66135,409922,30888,197327,19450,379034,1544,709,835
66140,409953,30891,197346,19452,379062,1544,709,835
66145,409984,30895,197364,19455,379089,1544,709,835
66150,410015,30898,197379,19456,379117,1544,709,835
66155,410046,30902,197394,19457,379144,1544,709,835
66160,410077,30905,197412,19459,379172,1544,709,835
66165,410108,30909,197427,19461,379199,1544,709,835
66170,410139,30912,197445,19463,379226,1544,709,835
66175,410170,30917,197460,19467,379253,1544,709,835
66180,410201,30920,197476,19469,379280,1544,709,835
66185,410232,30924,197485,19471,379308,1544,709,835
66190,410263,30927,197496,19473,379336,1544,709,835
66195,410294,30929,197511,19474,379365,1544,709,835
66200,410325,30932,197526,19475,379393,1544,709,835
66205,410356,30934,197543,19477,379422,1544,709,835
66210,410387,30936,197554,19478,379451,1544,709,835
66215,410418,30938,197567,19479,379480,1544,709,835
66220,410449,30940,197582,19481,379509,1544,709,835
66225,410480,30942,197597,19483,379538,1544,709,835
66230,410511,30944,197608,19484,379567,1544,709,835
66235,410542,30946,197620,19486,379596,1544,709,835
66240,410573,30948,197634,19487,379625,1544,709,835
66245,410604,30954,197645,19490,379650,1545,709,836
66250,410635,30957,197659,19492,379678,1545,709,836
66255,410666,30961,197671,19495,379705,1545,709,836
66260,410697,30964,197681,19497,379733,1545,709,836
66265,410728,30967,197693,19499,379761,1545,709,836
66270,410759,30970,197706,19500,379789,1545,709,836
66275,410790,30974,197716,19501,379816,1545,709,836
66280,410821,30978,197729,19503,379843,1545,709,836
66285,410852,30982,197742,19504,379870,1545,709,836
66290,410883,30986,197756,19506,379897,1545,709,836
66295,410914,30987,197774,19507,379926,1545,709,836
66300,410945,30990,197789,19509,379955,1545,709,836
66305,410976,30990,197810,19509,379986,1545,709,836
66310,411007,30990,197824,19509,380017,1545,709,836
66315,411038,30990,197835,19509,380048,1545,709,836
66320,411069,30990,197847,19509,380079,1545,709,836
66325,411100,30990,197864,19509,380110,1545,709,836
66330,411131,30990,197875,19509,380141,1545,709,836
66335,411162,30990,197890,19509,380172,1545,709,836
66340,411193,30990,197906,19509,380203,1545,709,836
66345,411224,30990,197922,19509,380234,1545,709,836
66350,411255,30991,197938,19510,380264,1545,709,836
66355,411286,30994,197952,19512,380292,1545,709,836
66360,411317,30996,197963,19513,380321,1546,709,837
66365,411348,30997,197977,19513,380351,1546,709,837
66370,411379,30998,197991,19514,380381,1546,709,837
66375,411410,30999,198005,19515,380411,1546,709,837
66380,411441,31000,198020,19516,380441,1546,709,837
66385,411472,31001,198033,19517,380471,1546,709,837
66390,411503,31002,198051,19517,380501,1546,709,837
66395,411534,31004,198064,19519,380530,1546,709,837
66400,411565,31005,198078,19520,380560,1546,709,837
66405,411596,31006,198094,19520,380590,1546,709,837
66410,411627,31009,198111,19522,380618,1546,709,837
66415,411658,31013,198125,19524,380645,1546,709,837
66420,411689,31016,198145,19526,380672,1546,709,837
66425,411720,31021,198155,19529,380699,1546,709,837
66430,411751,31024,198169,19531,380727,1546,709,837
66435,411782,31028,198186,19534,380754,1546,709,837
66440,411813,31031,198200,19536,380782,1546,709,837
66445,411844,31034,198211,19538,380810,1546,709,837
66450,411875,31036,198231,19538,380839,1546,709,837
66455,411906,31039,198247,19540,380867,1546,709,837
66460,411937,31043,198265,19543,380894,1546,709,837
66465,411968,31046,198278,19545,380922,1546,709,837
66470,411999,31051,198290,19549,380948,1546,709,837
66475,412030,31057,198311,19553,380972,1546,709,837
66480,412061,31061,198329,19556,380999,1547,709,838
66485,412092,31066,198343,19559,381026,1548,710,838
66490,412123,31071,198357,19562,381052,1549,711,838
66495,412154,31075,198373,19566,381079,1550,711,839
66500,412185,31078,198385,19568,381107,1551,711,840
66505,412216,31082,198406,19571,381134,1552,712,840
66510,412247,31085,198421,19573,381162,1552,712,840
66515,412278,31087,198430,19573,381191,1552,712,840
66520,412309,31089,198446,19574,381220,1552,712,840
66525,412340,31092,198461,19577,381248,1552,712,840
66530,412371,31095,198481,19580,381276,1552,712,840
66535,412402,31096,198498,19581,381306,1552,712,840
66540,412433,31098,198513,19582,381335,1552,712,840
66545,412464,31100,198526,19583,381364,1552,712,840
66550,412495,31102,198543,19584,381393,1552,712,840
66555,412526,31104,198561,19586,381422,1552,712,840
66560,412557,31105,198576,19586,381452,1552,712,840
66565,412588,31107,198591,19587,381481,1552,712,840
66570,412619,31109,198606,19589,381510,1552,712,840
66575,412650,31110,198621,19589,381540,1552,712,840
66580,412681,31110,198640,19589,381571,1552,712,840
66585,412712,31110,198654,19589,381602,1552,712,840
66590,412743,31110,198665,19589,381633,1552,712,840
66595,412774,31110,198681,19589,381664,1552,712,840
66600,412805,31110,198695,19589,381695,1552,712,840
66605,412836,31110,198706,19589,381726,1552,712,840
66610,412867,31110,198718,19589,381757,1552,712,840
66615,412898,31110,198735,19589,381788,1553,712,841
66620,412929,31112,198746,19591,381817,1554,712,842
66625,412960,31113,198758,19591,381847,1555,712,843
66630,412991,31114,198775,19591,381877,1556,713,843
66635,413022,31116,198785,19593,381906,1557,713,844
66640,413053,31117,198800,19593,381935,1558,713,845
66645,413084,31120,198810,19595,381963,1559,714,845
66650,413115,31126,198825,19599,381988,1559,714,845
66655,413146,31132,198843,19604,382013,1559,714,845
66660,413177,31136,198856,19608,382041,1559,714,845
66665,413208,31139,198872,19609,382068,1559,714,845
66670,413239,31143,198882,19612,382095,1559,714,845
66675,413270,31147,198901,19616,382122,1559,714,845
66680,413301,31152,198916,19620,382148,1559,714,845
66685,413332,31157,198925,19622,382175,1559,714,845
66690,413363,31162,198941,19625,382200,1559,714,845
66695,413394,31168,198956,19629,382225,1559,714,845
66700,413425,31172,198966,19631,382252,1559,714,845
66705,413456,31175,198981,19633,382281,1559,714,845
66710,413487,31178,198999,19634,382309,1559,714,845
66715,413518,31180,199016,19636,382338,1559,714,845
66720,413549,31181,199031,19636,382368,1559,714,845
66725,413580,31184,199043,19638,382396,1559,714,845
66730,413611,31187,199057,19640,382424,1559,714,845
66735,413642,31190,199068,19643,382452,1559,714,845
66740,413673,31191,199081,19644,382482,1559,714,845
66745,413704,31192,199095,19645,382512,1559,714,845
66750,413735,31193,199109,19646,382542,1559,714,845
66755,413766,31194,199127,19646,382572,1559,714,845
66760,413797,31195,199140,19646,382602,1559,714,845
66765,413828,31195,199157,19646,382633,1559,714,845
66770,413859,31195,199176,19646,382664,1560,715,845
66775,413890,31195,199192,19646,382695,1560,715,845
66780,413921,31195,199207,19646,382726,1560,715,845
66785,413952,31196,199222,19646,382756,1560,715,845
66790,413983,31199,199232,19648,382784,1560,715,845
66795,414014,31202,199250,19649,382812,1560,715,845
66800,414045,31205,199264,19651,382840,1560,715,845
66805,414076,31207,199281,19653,382869,1560,715,845
66810,414107,31209,199294,19653,382898,1560,715,845
66815,414138,31211,199309,19654,382926,1560,715,845
66820,414169,31213,199323,19655,382955,1560,715,845
66825,414200,31215,199340,19657,382984,1560,715,845
66830,414231,31217,199353,19658,383014,1560,715,845
66835,414262,31218,199372,19659,383044,1560,715,845
66840,414293,31219,199389,19660,383073,1560,715,845
66845,414324,31221,199402,19661,383103,1561,715,846
66850,414355,31222,199418,19661,383133,1561,715,846
66855,414386,31224,199434,19662,383162,1561,715,846
66860,414417,31226,199449,19663,383191,1561,715,846
66865,414448,31227,199460,19664,383221,1561,715,846
66870,414479,31228,199472,19665,383251,1561,715,846
66875,414510,31230,199488,19666,383280,1561,715,846
66880,414541,31231,199501,19666,383310,1561,715,846
66885,414572,31234,199520,19669,383338,1561,715,846
66890,414603,31236,199537,19669,383367,1561,715,846
66895,414634,31239,199556,19670,383395,1561,715,846
66900,414665,31243,199574,19673,383422,1561,715,846
66905,414696,31245,199589,19673,383450,1561,715,846
66910,414727,31250,199612,19677,383477,1561,715,846
66915,414758,31252,199626,19679,383506,1561,715,846
66920,414789,31255,199643,19682,383534,1561,715,846
66925,414820,31258,199665,19684,383561,1561,715,846
66930,414851,31262,199675,19688,383589,1561,715,846
66935,414882,31264,199692,19689,383617,1561,715,846
66940,414913,31268,199705,19693,383645,1561,715,846
66945,414944,31271,199722,19694,383673,1561,715,846
66950,414975,31275,199742,19696,383700,1561,715,846
66955,415006,31278,199758,19698,383728,1562,716,846
66960,415037,31279,199776,19699,383757,1563,717,846
66965,415068,31283,199796,19703,383785,1563,717,846
66970,415099,31287,199813,19707,383812,1563,717,846
66975,415130,31290,199828,19709,383840,1563,717,846
66980,415161,31294,199844,19712,383866,1563,717,846
66985,415192,31296,199861,19714,383896,1563,717,846
66990,415223,31297,199875,19714,383926,1563,717,846
66995,415254,31299,199886,19715,383955,1563,717,846
67000,415285,31301,199907,19717,383984,1563,717,846
67005,415316,31302,199921,19718,384014,1563,717,846
67010,415347,31303,199935,19719,384044,1563,717,846
67015,415378,31304,199953,19720,384074,1563,717,846
67020,415409,31306,199967,19722,384103,1563,717,846
67025,415440,31307,199981,19722,384133,1563,717,846
67030,415471,31308,199989,19722,384163,1563,717,846
67035,415502,31310,200001,19723,384192,1563,717,846
67040,415533,31311,200013,19724,384222,1563,717,846
67045,415564,31313,200025,19726,384251,1563,717,846
67050,415595,31315,200040,19727,384280,1563,717,846
67055,415626,31317,200054,19728,384309,1563,717,846
67060,415657,31321,200067,19730,384336,1563,717,846
67065,415688,31326,200083,19733,384362,1563,717,846
67070,415719,31329,200100,19735,384390,1563,717,846
67075,415750,31332,200113,19737,384418,1563,717,846
67080,415781,31336,200129,19739,384445,1563,717,846
67085,415812,31340,200148,19742,384472,1564,717,847
67090,415843,31345,200161,19745,384497,1565,717,848
67095,415874,31348,200175,19746,384526,1566,718,848
67100,415905,31350,200190,19747,384555,1566,718,848
67105,415936,31354,200209,19750,384582,1566,718,848
67110,415967,31357,200222,19752,384610,1566,718,848
67115,415998,31361,200236,19755,384637,1566,718,848
67120,416029,31365,200255,19759,384663,1566,718,848
67125,416060,31368,200265,19760,384692,1566,718,848
67130,416091,31370,200279,19762,384721,1566,718,848
67135,416122,31371,200294,19762,384751,1566,718,848
67140,416153,31372,200305,19763,384781,1566,718,848
67145,416184,31374,200317,19763,384810,1566,718,848
67150,416215,31377,200327,19765,384838,1566,718,848
67155,416246,31380,200338,19768,384866,1566,718,848
67160,416277,31383,200350,19769,384894,1566,718,848
67165,416308,31386,200363,19770,384922,1566,718,848
67170,416339,31389,200383,19773,384950,1566,718,848
67175,416370,31390,200396,19773,384980,1566,718,848
67180,416401,31391,200406,19773,385010,1566,718,848
67185,416432,31392,200420,19773,385040,1566,718,848
67190,416463,31394,200438,19775,385069,1566,718,848
67195,416494,31396,200458,19776,385098,1566,718,848
67200,416525,31399,200471,19778,385126,1566,718,848
67205,416556,31402,200488,19780,385154,1566,718,848
67210,416587,31406,200498,19781,385181,1566,718,848
67215,416618,31410,200515,19785,385208,1566,718,848
67220,416649,31414,200529,19788,385235,1566,718,848
67225,416680,31418,200542,19790,385262,1566,718,848
67230,416711,31421,200556,19792,385290,1566,718,848
67235,416742,31425,200571,19795,385317,1566,718,848
67240,416773,31429,200590,19799,385344,1566,718,848
67245,416804,31432,200600,19800,385372,1566,718,848
67250,416835,31436,200616,19802,385399,1566,718,848
67255,416866,31440,200631,19805,385426,1566,718,848
67260,416897,31443,200649,19808,385454,1566,718,848
67265,416928,31443,200667,19808,385485,1566,718,848
67270,416959,31443,200683,19808,385516,1566,718,848
67275,416990,31443,200697,19808,385547,1566,718,848
67280,417021,31443,200711,19808,385578,1566,718,848
67285,417052,31443,200723,19808,385609,1566,718,848
67290,417083,31443,200737,19808,385640,1566,718,848
67295,417114,31443,200751,19808,385671,1566,718,848
67300,417145,31443,200763,19808,385702,1566,718,848
67305,417176,31443,200772,19808,385733,1566,718,848
67310,417207,31445,200785,19809,385761,1566,718,848
67315,417238,31447,200802,19810,385790,1566,718,848
67320,417269,31451,200821,19813,385817,1566,718,848
67325,417300,31452,200835,19814,385848,1566,718,848
67330,417331,31452,200854,19814,385879,1566,718,848
67335,417362,31452,200867,19814,385910,1566,718,848
67340,417393,31452,200884,19814,385941,1566,718,848
67345,417424,31452,200897,19814,385972,1566,718,848
67350,417455,31452,200914,19814,386003,1566,718,848
67355,417486,31452,200928,19814,386034,1566,718,848
67360,417517,31453,200940,19815,386064,1566,718,848
67365,417548,31454,200955,19816,386094,1566,718,848
67370,417579,31456,200972,19818,386122,1566,718,848
67375,417610,31461,200982,19821,386149,1566,718,848
67380,417641,31463,200994,19822,386178,1566,718,848
67385,417672,31466,201009,19824,386206,1566,718,848
67390,417703,31468,201018,19825,386235,1566,718,848
67395,417734,31470,201032,19827,386264,1566,718,848
67400,417765,31472,201047,19827,386293,1566,718,848
67405,417796,31475,201066,19830,386321,1566,718,848
67410,417827,31477,201083,19830,386349,1566,718,848
67415,417858,31480,201097,19832,386377,1566,718,848
67420,417889,31484,201109,19836,386404,1566,718,848
67425,417920,31490,201126,19842,386430,1566,718,848
67430,417951,31495,201140,19846,386456,1566,718,848
67435,417982,31501,201158,19850,386480,1566,718,848
67440,418013,31506,201172,19853,386507,1566,718,848
67445,418044,31507,201183,19853,386537,1566,718,848
67450,418075,31508,201205,19854,386567,1566,718,848
67455,418106,31509,201213,19854,386597,1566,718,848
67460,418137,31510,201228,19855,386627,1566,718,848
67465,418168,31511,201241,19855,386657,1566,718,848
67470,418199,31512,201255,19856,386687,1566,718,848
67475,418230,31513,201268,19856,386717,1566,718,848
67480,418261,31514,201284,19857,386747,1566,718,848
67485,418292,31515,201296,19858,386777,1566,718,848
67490,418323,31517,201313,19859,386806,1566,718,848
67495,418354,31519,201331,19860,386835,1566,718,848
67500,418385,31521,201347,19862,386864,1566,718,848
67505,418416,31524,201363,19864,386892,1566,718,848
67510,418447,31527,201381,19867,386920,1566,718,848
67515,418478,31529,201396,19868,386949,1566,718,848
67520,418509,31530,201411,19869,386979,1566,718,848
67525,418540,31531,201422,19869,387009,1566,718,848
67530,418571,31532,201433,19870,387039,1566,718,848
67535,418602,31533,201450,19870,387069,1566,718,848
67540,418633,31534,201461,19870,387099,1566,718,848
67545,418664,31535,201481,19870,387129,1566,718,848
67550,418695,31538,201496,19873,387156,1566,718,848
67555,418726,31542,201512,19877,387183,1566,718,848
67560,418757,31545,201531,19879,387211,1566,718,848
67565,418788,31549,201549,19882,387238,1566,718,848
67570,418819,31553,201563,19883,387266,1566,718,848
67575,418850,31557,201577,19886,387293,1566,718,848
67580,418881,31560,201594,19887,387320,1566,718,848
67585,418912,31563,201610,19889,387348,1566,718,848
67590,418943,31566,201625,19891,387376,1566,718,848
67595,418974,31569,201639,19894,387405,1566,718,848
67600,419005,31571,201653,19895,387433,1566,718,848
67605,419036,31573,201665,19896,387463,1566,718,848
67610,419067,31574,201681,19897,387492,1566,718,848
67615,419098,31576,201695,19899,387522,1566,718,848
67620,419129,31576,201709,19899,387553,1566,718,848
67625,419160,31579,201722,19901,387581,1566,718,848
67630,419191,31582,201734,19902,387609,1566,718,848
67635,419222,31584,201753,19902,387638,1566,718,848
67640,419253,31587,201768,19904,387666,1566,718,848
67645,419284,31589,201783,19905,387695,1566,718,848
67650,419315,31592,201798,19907,387723,1566,718,848
67655,419346,31594,201819,19909,387752,1566,718,848
67660,419377,31596,201832,19909,387781,1566,718,848
67665,419408,31598,201845,19909,387810,1566,718,848
67670,419439,31602,201862,19912,387837,1566,718,848
67675,419470,31605,201880,19914,387865,1566,718,848
67680,419501,31607,201893,19915,387894,1566,718,848
67685,419532,31611,201906,19917,387921,1566,718,848
67690,419563,31613,201919,19918,387950,1566,718,848
67695,419594,31614,201929,19918,387980,1566,718,848
67700,419625,31615,201946,19918,388010,1566,718,848
67705,419656,31616,201957,19918,388040,1566,718,848
67710,419687,31617,201972,19918,388070,1566,718,848
67715,419718,31618,201983,19919,388100,1566,718,848
67720,419749,31620,201996,19920,388129,1566,718,848
67725,419780,31623,202013,19923,388157,1566,718,848
67730,419811,31626,202028,19926,388184,1566,718,848
67735,419842,31631,202040,19929,388211,1566,718,848
67740,419873,31633,202052,19930,388240,1566,718,848
67745,419904,31636,202065,19933,388268,1566,718,848
67750,419935,31638,202080,19934,388297,1566,718,848
67755,419966,31641,202096,19936,388325,1566,718,848
67760,419997,31643,202110,19937,388354,1566,718,848
67765,420028,31645,202122,19938,388383,1566,718,848
67770,420059,31646,202134,19939,388413,1566,718,848
67775,420090,31646,202147,19939,388444,1566,718,848
67780,420121,31646,202165,19939,388475,1566,718,848
67785,420152,31646,202180,19939,388506,1566,718,848
67790,420183,31646,202198,19939,388537,1566,718,848
67795,420214,31648,202215,19941,388566,1566,718,848
67800,420245,31649,202227,19941,388596,1566,718,848
67805,420276,31650,202246,19941,388626,1567,719,848
67810,420307,31651,202260,19941,388656,1568,720,848
67815,420338,31652,202277,19941,388686,1569,721,848
67820,420369,31653,202289,19941,388716,1570,722,848
67825,420400,31654,202305,19941,388746,1571,723,848
67830,420431,31655,202317,19941,388776,1572,723,849
67835,420462,31656,202328,19941,388806,1572,723,849
67840,420493,31657,202341,19942,388836,1572,723,849
67845,420524,31658,202356,19943,388866,1572,723,849
67850,420555,31659,202369,19944,388895,1572,723,849
67855,420586,31662,202383,19947,388924,1572,723,849
67860,420617,31666,202402,19950,388951,1572,723,849
67865,420648,31670,202417,19953,388978,1572,723,849
67870,420679,31675,202432,19957,389004,1572,723,849
67875,420710,31679,202444,19958,389030,1572,723,849
67880,420741,31684,202457,19962,389057,1572,723,849
67885,420772,31688,202470,19964,389084,1572,723,849
67890,420803,31691,202485,19966,389112,1572,723,849
67895,420834,31696,202498,19969,389137,1572,723,849
67900,420865,31702,202519,19975,389162,1572,723,849
67905,420896,31707,202537,19979,389188,1572,723,849
67910,420927,31713,202554,19984,389214,1572,723,849
67915,420958,31717,202568,19985,389241,1572,723,849
67920,420989,31722,202583,19988,389267,1572,723,849
67925,421020,31723,202597,19989,389297,1572,723,849
67930,421051,31725,202616,19990,389326,1572,723,849
67935,421082,31727,202627,19991,389355,1573,724,849
67940,421113,31728,202638,19992,389385,1574,724,850
67945,421144,31729,202653,19992,389415,1575,725,850
67950,421175,31730,202671,19993,389445,1576,726,850
67955,421206,31731,202684,19993,389475,1577,726,851
67960,421237,31733,202700,19995,389504,1578,727,851
67965,421268,31734,202716,19995,389533,1579,728,851
67970,421299,31736,202729,19997,389563,1580,728,852
67975,421330,31738,202743,19999,389592,1581,728,853
67980,421361,31739,202755,20000,389622,1582,729,853
67985,421392,31744,202768,20003,389648,1583,730,853
67990,421423,31748,202782,20006,389675,1584,731,853
67995,421454,31752,202796,20009,389702,1585,731,854
68000,421485,31756,202811,20012,389729,1586,731,855
68005,421516,31759,202822,20013,389757,1587,732,855
68010,421547,31763,202833,20015,389784,1588,732,856
68015,421578,31768,202851,20019,389810,1589,732,857
68020,421609,31772,202866,20022,389837,1590,733,857
68025,421640,31777,202878,20025,389863,1591,733,858
68030,421671,31781,202891,20027,389889,1591,733,858
68035,421702,31787,202904,20030,389914,1591,733,858
68040,421733,31792,202920,20033,389941,1591,733,858
68045,421764,31795,202936,20035,389969,1591,733,858
68050,421795,31799,202957,20039,389996,1591,733,858
68055,421826,31801,202976,20040,390025,1591,733,858
68060,421857,31803,202987,20041,390054,1591,733,858
68065,421888,31805,202999,20043,390083,1591,733,858
68070,421919,31807,203013,20044,390112,1591,733,858
68075,421950,31809,203021,20044,390141,1591,733,858
68080,421981,31811,203031,20046,390170,1591,733,858
68085,422012,31813,203044,20047,390199,1591,733,858
68090,422043,31814,203059,20047,390229,1591,733,858
68095,422074,31815,203074,20048,390259,1591,733,858
68100,422105,31818,203092,20050,390287,1591,733,858
68105,422136,31820,203109,20051,390316,1591,733,858
68110,422167,31821,203123,20052,390346,1591,733,858
68115,422198,31823,203139,20053,390375,1591,733,858
68120,422229,31824,203153,20054,390405,1591,733,858
68125,422260,31825,203168,20054,390435,1591,733,858
68130,422291,31827,203186,20056,390464,1591,733,858
68135,422322,31829,203203,20058,390493,1591,733,858
68140,422353,31831,203220,20060,390522,1591,733,858
68145,422384,31832,203237,20061,390552,1591,733,858
68150,422415,31833,203253,20062,390582,1591,733,858
68155,422446,31834,203266,20062,390612,1591,733,858
68160,422477,31835,203280,20062,390642,1591,733,858
68165,422508,31837,203297,20064,390671,1591,733,858
68170,422539,31839,203313,20065,390700,1591,733,858
68175,422570,31840,203331,20065,390730,1591,733,858
68180,422601,31842,203344,20066,390759,1591,733,858
68185,422632,31844,203356,20067,390788,1591,733,858
68190,422663,31847,203372,20069,390816,1591,733,858
68195,422694,31849,203384,20070,390845,1591,733,858
68200,422725,31851,203399,20071,390874,1591,733,858
68205,422756,31854,203409,20073,390901,1591,733,858
68210,422787,31859,203426,20076,390927,1591,733,858
68215,422818,31865,203442,20081,390953,1591,733,858
68220,422849,31869,203461,20085,390980,1591,733,858
68225,422880,31872,203479,20086,391007,1591,733,858
68230,422911,31878,203493,20089,391033,1591,733,858
68235,422942,31883,203507,20092,391059,1591,733,858
68240,422973,31888,203524,20094,391084,1591,733,858
68245,423004,31893,203544,20099,391110,1591,733,858
68250,423035,31898,203557,20102,391137,1591,733,858
68255,423066,31900,203571,20102,391165,1591,733,858
68260,423097,31903,203580,20104,391194,1591,733,858
68265,423128,31904,203597,20104,391224,1591,733,858
68270,423159,31905,203611,20105,391254,1591,733,858
68275,423190,31906,203625,20105,391284,1591,733,858
68280,423221,31907,203643,20106,391314,1591,733,858
68285,423252,31909,203657,20107,391343,1591,733,858
68290,423283,31911,203669,20108,391372,1591,733,858
68295,423314,31913,203685,20109,391401,1591,733,858
68300,423345,31915,203699,20110,391430,1591,733,858
68305,423376,31917,203708,20110,391459,1591,733,858
68310,423407,31919,203726,20110,391488,1591,733,858
68315,423438,31921,203741,20110,391517,1591,733,858
68320,423469,31923,203755,20111,391546,1591,733,858
68325,423500,31925,203767,20113,391575,1591,733,858
68330,423531,31927,203777,20114,391604,1591,733,858
68335,423562,31929,203793,20115,391632,1591,733,858
68340,423593,31933,203807,20119,391660,1591,733,858
68345,423624,31935,203822,20121,391689,1591,733,858
68350,423655,31937,203838,20123,391718,1591,733,858
68355,423686,31940,203847,20125,391746,1591,733,858
68360,423717,31944,203864,20129,391773,1591,733,858
68365,423748,31948,203880,20131,391800,1591,733,858
68370,423779,31951,203899,20134,391828,1591,733,858
68375,423810,31953,203911,20135,391857,1591,733,858
68380,423841,31955,203925,20137,391886,1591,733,858
68385,423872,31956,203939,20137,391916,1591,733,858
68390,423903,31957,203949,20137,391946,1591,733,858
68395,423934,31958,203968,20138,391975,1591,733,858
68400,423965,31961,203984,20141,392004,1591,733,858
68405,423996,31962,204000,20141,392033,1591,733,858
68410,424027,31964,204018,20143,392062,1591,733,858
68415,424058,31966,204034,20145,392092,1591,733,858
68420,424089,31966,204047,20145,392123,1591,733,858
68425,424120,31966,204065,20145,392154,1591,733,858
68430,424151,31966,204081,20145,392185,1591,733,858
68435,424182,31966,204099,20145,392216,1591,733,858
68440,424213,31966,204114,20145,392247,1591,733,858
68445,424244,31966,204130,20145,392277,1591,733,858
68450,424275,31969,204149,20147,392306,1591,733,858
68455,424306,31971,204165,20149,392335,1591,733,858
68460,424337,31975,204180,20151,392362,1591,733,858
68465,424368,31979,204191,20154,392389,1591,733,858
68470,424399,31984,204207,20158,392414,1591,733,858
68475,424430,31992,204220,20163,392438,1591,733,858
68480,424461,31998,204238,20168,392462,1591,733,858
68485,424492,32003,204251,20172,392488,1591,733,858
68490,424523,32011,204268,20180,392511,1591,733,858
68495,424554,32017,204281,20185,392537,1591,733,858
68500,424585,32021,204297,20187,392564,1591,733,858
68505,424616,32025,204309,20189,392591,1591,733,858
68510,424647,32027,204321,20190,392620,1591,733,858
68515,424678,32031,204338,20193,392647,1591,733,858
68520,424709,32034,204347,20195,392675,1591,733,858
68525,424740,32037,204364,20197,392703,1591,733,858
68530,424771,32039,204379,20198,392732,1591,733,858
68535,424802,32042,204393,20201,392760,1591,733,858
68540,424833,32045,204408,20204,392788,1591,733,858
68545,424864,32048,204426,20207,392816,1591,733,858
68550,424895,32052,204441,20211,392843,1591,733,858
68555,424926,32054,204458,20212,392872,1591,733,858
68560,424957,32058,204475,20215,392899,1591,733,858
68565,424988,32060,204489,20216,392928,1591,733,858
68570,425019,32061,204504,20217,392958,1591,733,858
68575,425050,32062,204521,20218,392988,1591,733,858
68580,425081,32063,204535,20219,393018,1591,733,858
68585,425112,32063,204542,20219,393049,1591,733,858
68590,425143,32063,204553,20219,393080,1591,733,858
68595,425174,32063,204569,20219,393111,1591,733,858
68600,425205,32064,204585,20219,393141,1591,733,858
68605,425236,32065,204601,20220,393170,1591,733,858
68610,425267,32067,204616,20221,393199,1591,733,858
68615,425298,32071,204627,20224,393226,1591,733,858
68620,425329,32075,204644,20227,393254,1591,733,858
68625,425360,32078,204662,20228,393281,1591,733,858
68630,425391,32081,204674,20230,393310,1591,733,858
68635,425422,32085,204693,20233,393336,1591,733,858
68640,425453,32088,204708,20234,393364,1591,733,858
68645,425484,32092,204721,20236,393392,1592,734,858
68650,425515,32094,204738,20237,393421,1593,734,859
68655,425546,32098,204755,20240,393448,1594,734,860
68660,425577,32101,204766,20242,393476,1595,735,860
68665,425608,32104,204786,20244,393504,1596,736,860
68670,425639,32107,204799,20245,393532,1597,736,861
68675,425670,32109,204812,20246,393561,1598,737,861
68680,425701,32113,204832,20249,393588,1599,738,861
68685,425732,32116,204846,20250,393616,1600,738,862
68690,425763,32120,204856,20251,393643,1600,738,862
68695,425794,32124,204869,20254,393670,1600,738,862
68700,425825,32127,204883,20255,393698,1600,738,862
68705,425856,32131,204900,20256,393725,1600,738,862
68710,425887,32135,204915,20258,393752,1600,738,862
68715,425918,32140,204933,20261,393778,1600,738,862
68720,425949,32146,204949,20265,393803,1600,738,862
68725,425980,32151,204961,20268,393829,1600,738,862
68730,426011,32155,204974,20269,393856,1600,738,862
68735,426042,32161,204993,20274,393881,1600,738,862
68740,426073,32165,205004,20276,393908,1600,738,862
68745,426104,32170,205015,20279,393934,1600,738,862
68750,426135,32175,205041,20283,393959,1600,738,862
68755,426166,32180,205058,20287,393985,1600,738,862
68760,426197,32185,205070,20288,394012,1600,738,862
68765,426228,32187,205088,20290,394041,1600,738,862
68770,426259,32190,205099,20292,394069,1600,738,862
68775,426290,32191,205110,20293,394099,1600,738,862
68780,426321,32192,205127,20293,394129,1600,738,862
68785,426352,32193,205141,20294,394159,1600,738,862
68790,426383,32194,205157,20295,394189,1600,738,862
68795,426414,32195,205172,20296,394219,1600,738,862
68800,426445,32195,205185,20296,394250,1600,738,862
68805,426476,32195,205200,20296,394281,1600,738,862
68810,426507,32195,205215,20296,394312,1600,738,862
68815,426538,32195,205229,20296,394343,1600,738,862
68820,426569,32195,205245,20296,394374,1600,738,862
68825,426600,32196,205257,20296,394404,1600,738,862
68830,426631,32197,205271,20296,394434,1600,738,862
68835,426662,32198,205285,20297,394464,1600,738,862
68840,426693,32199,205299,20297,394494,1600,738,862
68845,426724,32200,205315,20297,394524,1600,738,862
68850,426755,32201,205326,20297,394554,1600,738,862
68855,426786,32202,205339,20297,394584,1600,738,862
68860,426817,32203,205354,20297,394614,1600,738,862
68865,426848,32205,205371,20297,394643,1600,738,862
68870,426879,32208,205385,20299,394671,1600,738,862
68875,426910,32211,205402,20302,394699,1600,738,862
68880,426941,32215,205417,20304,394726,1600,738,862
68885,426972,32219,205429,20304,394752,1600,738,862
68890,427003,32226,205444,20308,394776,1600,738,862
68895,427034,32232,205455,20312,394802,1600,738,862
68900,427065,32237,205470,20315,394827,1600,738,862
68905,427096,32243,205482,20319,394853,1600,738,862
68910,427127,32248,205498,20322,394877,1600,738,862
68915,427158,32255,205511,20326,394903,1601,738,863
68920,427189,32259,205523,20327,394930,1602,738,864
68925,427220,32263,205534,20330,394957,1602,738,864
68930,427251,32268,205549,20333,394982,1602,738,864
68935,427282,32274,205566,20337,395008,1602,738,864
68940,427313,32277,205579,20338,395035,1602,738,864
68945,427344,32279,205594,20340,395065,1602,738,864
68950,427375,32281,205607,20341,395094,1602,738,864
68955,427406,32283,205622,20343,395123,1602,738,864
68960,427437,32285,205639,20344,395152,1602,738,864
68965,427468,32286,205653,20344,395182,1602,738,864
68970,427499,32288,205665,20346,395211,1602,738,864
68975,427530,32289,205676,20347,395241,1602,738,864
68980,427561,32290,205691,20347,395271,1602,738,864
68985,427592,32293,205708,20350,395299,1602,738,864
68990,427623,32294,205723,20350,395329,1602,738,864
68995,427654,32294,205735,20350,395360,1602,738,864
69000,427685,32294,205749,20350,395391,1602,738,864
69005,427716,32295,205762,20351,395420,1602,738,864
69010,427747,32298,205774,20354,395448,1602,738,864
69015,427778,32301,205795,20357,395477,1602,738,864
69020,427809,32302,205808,20358,395507,1602,738,864
69025,427840,32303,205824,20359,395537,1602,738,864
69030,427871,32304,205838,20359,395567,1602,738,864
69035,427902,32305,205848,20359,395597,1602,738,864
69040,427933,32306,205862,20360,395627,1602,738,864
69045,427964,32308,205872,20361,395656,1602,738,864
69050,427995,32312,205888,20363,395683,1602,738,864
69055,428026,32316,205903,20366,395710,1603,738,865
69060,428057,32318,205918,20367,395739,1604,739,865
69065,428088,32320,205934,20368,395768,1604,739,865
69070,428119,32322,205953,20370,395797,1604,739,865
69075,428150,32324,205968,20371,395826,1604,739,865
69080,428181,32326,205987,20372,395855,1604,739,865
69085,428212,32328,205998,20373,395884,1604,739,865
69090,428243,32330,206010,20375,395913,1604,739,865
69095,428274,32332,206024,20376,395942,1604,739,865
69100,428305,32335,206044,20378,395969,1604,739,865
69105,428336,32339,206061,20380,395996,1604,739,865
69110,428367,32343,206076,20383,396024,1604,739,865
69115,428398,32347,206091,20385,396051,1604,739,865
69120,428429,32351,206106,20388,396078,1604,739,865
69125,428460,32357,206122,20392,396103,1604,739,865
69130,428491,32362,206140,20396,396129,1604,739,865
69135,428522,32366,206154,20399,396156,1604,739,865
69140,428553,32369,206169,20401,396184,1604,739,865
69145,428584,32374,206184,20405,396210,1604,739,865
69150,428615,32378,206203,20407,396237,1604,739,865
69155,428646,32380,206220,20408,396266,1604,739,865
69160,428677,32382,206233,20409,396295,1604,739,865
69165,428708,32384,206252,20411,396324,1604,739,865
69170,428739,32387,206267,20412,396352,1604,739,865
69175,428770,32389,206286,20414,396381,1605,740,865
69180,428801,32390,206301,20414,396411,1606,740,866
69185,428832,32391,206313,20414,396441,1607,740,867
69190,428863,32393,206326,20415,396470,1607,740,867
69195,428894,32395,206345,20416,396499,1607,740,867
69200,428925,32398,206365,20418,396527,1607,740,867
69205,428956,32400,206376,20420,396556,1607,740,867
69210,428987,32400,206389,20420,396587,1607,740,867
69215,429018,32400,206404,20420,396618,1607,740,867
69220,429049,32400,206415,20420,396649,1607,740,867
69225,429080,32400,206431,20420,396680,1607,740,867
69230,429111,32400,206441,20420,396711,1607,740,867
69235,429142,32400,206456,20420,396742,1607,740,867
69240,429173,32400,206471,20420,396773,1607,740,867
69245,429204,32403,206479,20422,396801,1607,740,867
69250,429235,32405,206494,20423,396830,1607,740,867
69255,429266,32407,206507,20425,396859,1607,740,867
69260,429297,32410,206524,20427,396887,1607,740,867
69265,429328,32413,206540,20430,396915,1607,740,867
69270,429359,32415,206550,20431,396944,1607,740,867
69275,429390,32418,206560,20433,396972,1607,740,867
69280,429421,32420,206573,20434,397001,1607,740,867
69285,429452,32425,206585,20437,397027,1607,740,867
69290,429483,32429,206593,20441,397053,1608,740,868
69295,429514,32433,206608,20444,397081,1609,741,868
69300,429545,32436,206624,20446,397108,1610,741,869
69305,429576,32440,206637,20450,397136,1611,741,870
69310,429607,32443,206650,20451,397164,1612,742,870
69315,429638,32445,206659,20452,397193,1613,742,871
69320,429669,32448,206671,20453,397221,1614,742,872
69325,429700,32452,206683,20456,397248,1614,742,872
69330,429731,32454,206698,20456,397277,1614,742,872
69335,429762,32457,206718,20458,397305,1614,742,872
69340,429793,32460,206732,20459,397333,1614,742,872
69345,429824,32462,206744,20460,397362,1614,742,872
69350,429855,32465,206759,20462,397390,1614,742,872
69355,429886,32467,206773,20463,397419,1614,742,872
69360,429917,32469,206787,20463,397448,1614,742,872
69365,429948,32472,206807,20464,397475,1614,742,872
69370,429979,32475,206817,20466,397504,1614,742,872
69375,430010,32478,206834,20468,397531,1614,742,872
69380,430041,32481,206850,20470,397560,1614,742,872
69385,430072,32483,206865,20471,397589,1614,742,872
69390,430103,32484,206882,20471,397619,1614,742,872
69395,430134,32485,206897,20471,397649,1614,742,872
69400,430165,32486,206913,20472,397679,1614,742,872
69405,430196,32487,206928,20472,397709,1614,742,872
69410,430227,32489,206935,20472,397737,1614,742,872
69415,430258,32492,206949,20474,397765,1614,742,872
69420,430289,32495,206962,20475,397793,1614,742,872
69425,430320,32499,206980,20478,397821,1615,742,873
69430,430351,32503,206993,20479,397848,1616,743,873
69435,430382,32507,207009,20482,397875,1617,743,874
69440,430413,32511,207024,20485,397902,1618,743,875
69445,430444,32515,207043,20487,397929,1619,744,875
69450,430475,32519,207056,20490,397956,1620,745,875
69455,430506,32521,207071,20491,397985,1620,745,875
69460,430537,32523,207084,20492,398014,1620,745,875
69465,430568,32525,207099,20493,398043,1620,745,875
69470,430599,32527,207112,20494,398072,1620,745,875
69475,430630,32529,207130,20495,398101,1620,745,875
69480,430661,32531,207142,20495,398130,1620,745,875
69485,430692,32535,207157,20496,398157,1620,745,875
69490,430723,32538,207176,20499,398185,1620,745,875
69495,430754,32541,207193,20499,398213,1620,745,875
69500,430785,32544,207208,20500,398241,1620,745,875
69505,430816,32547,207224,20501,398269,1620,745,875
69510,430847,32551,207244,20504,398296,1620,745,875
69515,430878,32555,207260,20506,398323,1620,745,875
69520,430909,32559,207276,20508,398350,1620,745,875
69525,430940,32563,207292,20510,398377,1620,745,875
69530,430971,32567,207309,20513,398404,1620,745,875
69535,431002,32570,207319,20515,398432,1620,745,875
69540,431033,32572,207335,20515,398460,1620,745,875
69545,431064,32576,207353,20519,398488,1621,746,875
69550,431095,32578,207370,20520,398517,1622,746,876
69555,431126,32580,207383,20521,398546,1623,747,876
69560,431157,32582,207399,20523,398574,1623,747,876
69565,431188,32584,207417,20525,398603,1623,747,876
69570,431219,32586,207430,20527,398633,1623,747,876
69575,431250,32587,207446,20528,398663,1623,747,876
69580,431281,32588,207460,20528,398693,1623,747,876
69585,431312,32589,207477,20529,398723,1623,747,876
69590,431343,32590,207494,20529,398753,1623,747,876
69595,431374,32591,207511,20530,398782,1623,747,876
69600,431405,32593,207528,20532,398812,1623,747,876
69605,431436,32598,207546,20537,398837,1623,747,876
69610,431467,32605,207556,20541,398862,1623,747,876
69615,431498,32610,207573,20546,398888,1623,747,876
69620,431529,32614,207584,20548,398915,1623,747,876
69625,431560,32618,207601,20551,398942,1623,747,876
69630,431591,32620,207620,20551,398971,1623,747,876
69635,431622,32623,207636,20553,398999,1623,747,876
69640,431653,32625,207653,20555,399028,1623,747,876
69645,431684,32627,207666,20556,399057,1623,747,876
69650,431715,32627,207683,20556,399088,1623,747,876
69655,431746,32627,207701,20556,399119,1623,747,876
69660,431777,32627,207717,20556,399150,1624,747,877
69665,431808,32632,207736,20560,399176,1625,748,877
69670,431839,32632,207752,20560,399207,1625,748,877
69675,431870,32632,207765,20560,399238,1625,748,877
69680,431901,32632,207778,20560,399269,1625,748,877
69685,431932,32632,207797,20560,399300,1625,748,877
69690,431963,32632,207811,20560,399331,1625,748,877
69695,431994,32632,207829,20560,399362,1625,748,877
69700,432025,32632,207849,20560,399393,1625,748,877
69705,432056,32632,207860,20560,399424,1625,748,877
69710,432087,32632,207878,20560,399455,1625,748,877
69715,432118,32632,207891,20560,399486,1625,748,877
69720,432149,32632,207904,20560,399517,1625,748,877
69725,432180,32633,207913,20560,399547,1625,748,877
69730,432211,32634,207924,20561,399577,1625,748,877
69735,432242,32635,207939,20561,399607,1625,748,877
69740,432273,32637,207956,20562,399636,1625,748,877
69745,432304,32640,207976,20564,399664,1625,748,877
69750,432335,32642,207985,20564,399693,1625,748,877
69755,432366,32645,208002,20565,399721,1625,748,877
69760,432397,32647,208008,20565,399750,1625,748,877
69765,432428,32649,208023,20565,399779,1625,748,877
69770,432459,32653,208031,20567,399806,1626,748,878
69775,432490,32659,208044,20570,399829,1627,748,879
69780,432521,32666,208060,20574,399854,1627,748,879
69785,432552,32670,208073,20577,399882,1627,748,879
69790,432583,32674,208084,20579,399909,1627,748,879
69795,432614,32678,208101,20581,399936,1627,748,879
69800,432645,32681,208116,20582,399963,1627,748,879
69805,432676,32685,208132,20586,399991,1627,748,879
69810,432707,32689,208141,20587,400018,1627,748,879
69815,432738,32692,208160,20589,400045,1627,748,879
69820,432769,32696,208177,20592,400073,1627,748,879
69825,432800,32700,208189,20595,400100,1627,748,879
69830,432831,32703,208204,20596,400128,1627,748,879
69835,432862,32706,208221,20598,400155,1627,748,879
69840,432893,32710,208236,20601,400183,1627,748,879
69845,432924,32714,208251,20604,400210,1627,748,879
69850,432955,32717,208263,20605,400237,1627,748,879
69855,432986,32721,208279,20606,400264,1627,748,879
69860,433017,32725,208293,20609,400292,1627,748,879
69865,433048,32729,208307,20612,400318,1627,748,879
69870,433079,32734,208319,20615,400344,1627,748,879
69875,433110,32739,208337,20618,400370,1627,748,879
69880,433141,32745,208351,20623,400396,1628,749,879
69885,433172,32749,208366,20624,400422,1629,749,880
69890,433203,32753,208379,20628,400448,1630,749,881
69895,433234,32757,208393,20632,400477,1631,749,882
69900,433265,32758,208406,20633,400507,1631,749,882
69905,433296,32761,208421,20634,400535,1631,749,882
69910,433327,32762,208432,20635,400565,1631,749,882
69915,433358,32764,208454,20637,400594,1631,749,882
69920,433389,32766,208465,20638,400623,1631,749,882
69925,433420,32767,208479,20639,400653,1631,749,882
69930,433451,32768,208493,20640,400683,1631,749,882
69935,433482,32770,208510,20642,400712,1631,749,882
69940,433513,32771,208526,20643,400742,1631,749,882
69945,433544,32772,208535,20643,400772,1631,749,882
69950,433575,32774,208555,20645,400801,1631,749,882
69955,433606,32775,208569,20646,400831,1631,749,882
69960,433637,32777,208584,20647,400860,1631,749,882
69965,433668,32777,208602,20647,400891,1631,749,882
69970,433699,32777,208619,20647,400922,1631,749,882
69975,433730,32777,208634,20647,400953,1631,749,882
69980,433761,32777,208647,20647,400984,1631,749,882
69985,433792,32777,208666,20647,401015,1631,749,882
69990,433823,32777,208684,20647,401046,1631,749,882
69995,433854,32777,208697,20647,401077,1631,749,882
70000,433885,32778,208710,20647,401107,1632,750,882
70005,433916,32779,208722,20648,401137,1633,751,882
70010,433947,32782,208738,20650,401165,1634,751,883
70015,433978,32786,208752,20652,401192,1635,752,883
70020,434009,32792,208769,20656,401217,1635,752,883
70025,434040,32796,208784,20659,401243,1635,752,883
70030,434071,32800,208801,20660,401270,1635,752,883
70035,434102,32804,208816,20663,401296,1635,752,883
70040,434133,32810,208828,20666,401323,1635,752,883
70045,434164,32814,208843,20668,401350,1635,752,883
70050,434195,32817,208859,20669,401377,1635,752,883
70055,434226,32821,208875,20672,401404,1635,752,883
70060,434257,32824,208889,20675,401432,1635,752,883
70065,434288,32828,208902,20679,401459,1635,752,883
70070,434319,32832,208916,20682,401485,1635,752,883
70075,434350,32837,208932,20687,401513,1635,752,883
70080,434381,32839,208953,20689,401542,1635,752,883
70085,434412,32842,208970,20691,401570,1635,752,883
70090,434443,32845,208980,20693,401598,1635,752,883
70095,434474,32848,208993,20695,401626,1635,752,883
70100,434505,32851,209009,20695,401654,1635,752,883
70105,434536,32854,209023,20695,401682,1635,752,883
70110,434567,32857,209035,20695,401710,1635,752,883
70115,434598,32860,209050,20696,401738,1635,752,883
70120,434629,32863,209068,20698,401766,1636,752,884
70125,434660,32866,209080,20699,401794,1637,752,885
70130,434691,32869,209094,20702,401822,1638,752,886
70135,434722,32873,209109,20704,401849,1639,752,887
70140,434753,32876,209118,20704,401877,1639,752,887
70145,434784,32879,209134,20707,401904,1639,752,887
70150,434815,32882,209146,20710,401933,1639,752,887
70155,434846,32882,209163,20710,401964,1639,752,887
70160,434877,32882,209174,20710,401995,1639,752,887
70165,434908,32882,209186,20710,402026,1639,752,887
70170,434939,32882,209203,20710,402057,1639,752,887
70175,434970,32882,209220,20710,402088,1639,752,887
70180,435001,32883,209236,20711,402118,1639,752,887
70185,435032,32884,209257,20712,402148,1639,752,887
70190,435063,32885,209267,20712,402178,1639,752,887
70195,435094,32886,209282,20713,402208,1639,752,887
70200,435125,32887,209294,20713,402238,1639,752,887
70205,435156,32890,209304,20714,402265,1640,753,887
70210,435187,32895,209317,20717,402291,1641,753,888
70215,435218,32900,209329,20721,402317,1642,753,889
70220,435249,32904,209341,20724,402344,1643,753,890
70225,435280,32908,209357,20726,402372,1643,753,890
70230,435311,32910,209373,20728,402400,1643,753,890
70235,435342,32915,209391,20732,402426,1643,753,890
70240,435373,32918,209404,20734,402454,1643,753,890
70245,435404,32920,209416,20736,402484,1643,753,890
70250,435435,32922,209429,20738,402513,1643,753,890
70255,435466,32922,209441,20738,402544,1643,753,890
70260,435497,32923,209462,20738,402574,1643,753,890
70265,435528,32924,209478,20738,402604,1643,753,890
70270,435559,32925,209495,20739,402634,1643,753,890
70275,435590,32927,209513,20741,402663,1643,753,890
70280,435621,32929,209529,20742,402692,1643,753,890
70285,435652,32930,209541,20743,402722,1643,753,890
70290,435683,32931,209556,20744,402752,1643,753,890
70295,435714,32933,209573,20745,402781,1643,753,890
70300,435745,32934,209587,20745,402811,1643,753,890
70305,435776,32935,209599,20745,402841,1643,753,890
70310,435807,32937,209619,20747,402870,1643,753,890
70315,435838,32938,209637,20748,402900,1643,753,890
70320,435869,32941,209654,20750,402928,1643,753,890
70325,435900,32944,209669,20751,402956,1644,754,890
70330,435931,32946,209684,20752,402985,1645,754,891
70335,435962,32948,209698,20753,403014,1646,755,891
70340,435993,32950,209717,20754,403043,1647,755,892
70345,436024,32954,209734,20757,403070,1648,755,893
70350,436055,32958,209753,20761,403097,1649,756,893
70355,436086,32960,209768,20762,403125,1649,756,893
70360,436117,32965,209780,20765,403152,1649,756,893
70365,436148,32969,209798,20768,403177,1649,756,893
70370,436179,32976,209810,20772,403202,1649,756,893
70375,436210,32983,209824,20776,403226,1649,756,893
70380,436241,32987,209841,20779,403253,1649,756,893
70385,436272,32990,209854,20782,403282,1649,756,893
70390,436303,32993,209872,20785,403309,1649,756,893
70395,436334,32996,209883,20786,403337,1649,756,893
70400,436365,32999,209901,20789,403366,1649,756,893
70405,436396,33001,209919,20790,403395,1649,756,893
70410,436427,33003,209932,20792,403424,1649,756,893
70415,436458,33005,209945,20794,403453,1649,756,893
70420,436489,33006,209961,20794,403483,1649,756,893
70425,436520,33007,209978,20795,403513,1649,756,893
70430,436551,33008,209997,20795,403543,1649,756,893
70435,436582,33009,210017,20796,403573,1649,756,893
70440,436613,33010,210033,20796,403603,1649,756,893
70445,436644,33014,210046,20798,403630,1649,756,893
70450,436675,33017,210059,20800,403657,1649,756,893
70455,436706,33021,210076,20803,403685,1649,756,893
70460,436737,33024,210094,20804,403713,1649,756,893
70465,436768,33027,210109,20806,403741,1649,756,893
70470,436799,33030,210126,20808,403769,1649,756,893
70475,436830,33034,210142,20811,403796,1649,756,893
70480,436861,33038,210155,20815,403823,1649,756,893
70485,436892,33041,210168,20816,403851,1649,756,893
70490,436923,33045,210187,20819,403878,1649,756,893
70495,436954,33049,210201,20822,403904,1650,756,894
70500,436985,33053,210217,20823,403932,1650,756,894
70505,437016,33055,210230,20824,403961,1650,756,894
70510,437047,33057,210247,20825,403990,1650,756,894
70515,437078,33059,210262,20826,404019,1650,756,894
70520,437109,33062,210279,20828,404047,1650,756,894
70525,437140,33065,210293,20829,404075,1650,756,894
70530,437171,33068,210306,20831,404103,1650,756,894
70535,437202,33071,210321,20831,404131,1650,756,894
70540,437233,33074,210336,20833,404159,1650,756,894
70545,437264,33077,210351,20833,404187,1650,756,894
70550,437295,33080,210367,20834,404215,1650,756,894
70555,437326,33084,210388,20837,404242,1650,756,894
70560,437357,33086,210402,20839,404271,1650,756,894
70565,437388,33088,210416,20841,404300,1650,756,894
70570,437419,33088,210433,20841,404331,1650,756,894
70575,437450,33088,210453,20841,404362,1650,756,894
70580,437481,33088,210470,20841,404393,1650,756,894
70585,437512,33088,210487,20841,404424,1650,756,894
70590,437543,33088,210503,20841,404455,1650,756,894
70595,437574,33088,210521,20841,404486,1650,756,894
70600,437605,33088,210537,20841,404517,1650,756,894
70605,437636,33088,210550,20841,404548,1650,756,894
70610,437667,33089,210568,20842,404578,1650,756,894
70615,437698,33091,210580,20843,404607,1650,756,894
70620,437729,33093,210596,20845,404636,1650,756,894
70625,437760,33094,210614,20846,404666,1650,756,894
70630,437791,33095,210631,20847,404696,1650,756,894
70635,437822,33096,210648,20847,404726,1650,756,894
70640,437853,33097,210661,20847,404756,1650,756,894
70645,437884,33098,210677,20847,404786,1650,756,894
70650,437915,33099,210694,20848,404816,1650,756,894
70655,437946,33100,210713,20849,404846,1650,756,894
70660,437977,33102,210727,20851,404875,1650,756,894
70665,438008,33104,210743,20853,404904,1650,756,894
70670,438039,33109,210757,20856,404930,1650,756,894
70675,438070,33114,210772,20859,404955,1651,756,895
70680,438101,33119,210786,20861,404981,1652,756,896
70685,438132,33123,210799,20862,405008,1652,756,896
70690,438163,33126,210815,20865,405036,1652,756,896
70695,438194,33129,210829,20868,405065,1652,756,896
70700,438225,33131,210839,20869,405094,1652,756,896
70705,438256,33133,210854,20871,405122,1652,756,896
70710,438287,33136,210868,20873,405150,1652,756,896
70715,438318,33139,210886,20876,405178,1652,756,896
70720,438349,33142,210902,20877,405206,1652,756,896
70725,438380,33144,210918,20878,405236,1652,756,896
70730,438411,33145,210931,20879,405266,1652,756,896
70735,438442,33146,210946,20879,405295,1652,756,896
70740,438473,33148,210962,20881,405325,1652,756,896
70745,438504,33149,210975,20881,405355,1652,756,896
70750,438535,33150,210991,20882,405385,1652,756,896
70755,438566,33151,211009,20882,405415,1652,756,896
70760,438597,33152,211028,20883,405445,1652,756,896
70765,438628,33153,211042,20884,405475,1652,756,896
70770,438659,33154,211055,20884,405505,1652,756,896
70775,438690,33155,211070,20885,405535,1652,756,896
70780,438721,33156,211082,20886,405565,1652,756,896
70785,438752,33157,211096,20887,405595,1652,756,896
70790,438783,33162,211112,20891,405620,1652,756,896
70795,438814,33167,211130,20896,405646,1653,756,897
70800,438845,33171,211144,20898,405674,1654,756,898
70805,438876,33174,211161,20901,405702,1654,756,898
70810,438907,33177,211175,20902,405730,1654,756,898
70815,438938,33180,211195,20905,405758,1654,756,898
70820,438969,33183,211210,20906,405786,1654,756,898
70825,439000,33186,211225,20908,405814,1654,756,898
70830,439031,33189,211244,20910,405842,1654,756,898
70835,439062,33192,211259,20912,405870,1654,756,898
70840,439093,33195,211277,20915,405898,1654,756,898
70845,439124,33198,211295,20917,405926,1654,756,898
70850,439155,33201,211305,20918,405953,1654,756,898
70855,439186,33205,211318,20921,405981,1654,756,898
70860,439217,33208,211338,20924,406009,1654,756,898
70865,439248,33210,211348,20925,406038,1654,756,898
70870,439279,33212,211365,20925,406066,1654,756,898
70875,439310,33216,211380,20928,406093,1654,756,898
70880,439341,33219,211397,20930,406121,1654,756,898
70885,439372,33223,211412,20932,406149,1654,756,898
70890,439403,33226,211429,20935,406177,1654,756,898
70895,439434,33227,211445,20935,406207,1654,756,898
70900,439465,33228,211466,20936,406237,1654,756,898
70905,439496,33230,211483,20937,406266,1654,756,898
70910,439527,33230,211489,20937,406297,1655,756,899
70915,439558,33230,211506,20937,406328,1655,756,899
70920,439589,33230,211515,20937,406359,1655,756,899
70925,439620,33230,211529,20937,406390,1655,756,899
70930,439651,33230,211544,20937,406421,1655,756,899
70935,439682,33230,211559,20937,406452,1655,756,899
70940,439713,33230,211573,20937,406483,1655,756,899
70945,439744,33230,211590,20937,406514,1655,756,899
70950,439775,33230,211604,20937,406545,1655,756,899
70955,439806,33230,211621,20937,406576,1655,756,899
70960,439837,33230,211633,20937,406607,1655,756,899
70965,439868,33230,211649,20937,406638,1655,756,899
70970,439899,33230,211666,20937,406669,1655,756,899
70975,439930,33232,211682,20938,406698,1655,756,899
70980,439961,33234,211698,20938,406727,1655,756,899
70985,439992,33237,211711,20940,406754,1655,756,899
70990,440023,33241,211728,20943,406781,1655,756,899
70995,440054,33244,211735,20944,406810,1655,756,899
71000,440085,33247,211752,20945,406838,1655,756,899
71005,440116,33250,211768,20946,406866,1655,756,899
71010,440147,33254,211782,20949,406893,1655,756,899
71015,440178,33258,211799,20952,406920,1655,756,899
71020,440209,33263,211819,20954,406945,1655,756,899
71025,440240,33268,211829,20955,406972,1655,756,899
71030,440271,33273,211846,20958,406997,1655,756,899
71035,440302,33279,211856,20963,407022,1655,756,899
71040,440333,33284,211870,20966,407048,1655,756,899
71045,440364,33290,211887,20970,407074,1655,756,899
71050,440395,33294,211900,20971,407101,1655,756,899
71055,440426,33299,211917,20975,407127,1655,756,899
71060,440457,33304,211935,20978,407153,1655,756,899
71065,440488,33308,211948,20979,407180,1655,756,899
71070,440519,33313,211965,20983,407205,1655,756,899
71075,440550,33319,211986,20989,407231,1655,756,899
71080,440581,33321,211999,20990,407260,1655,756,899
71085,440612,33323,212013,20992,407289,1655,756,899
71090,440643,33326,212032,20995,407317,1655,756,899
71095,440674,33328,212046,20996,407346,1655,756,899
71100,440705,33330,212052,20997,407375,1655,756,899
71105,440736,33334,212070,21000,407402,1655,756,899
71110,440767,33335,212084,21000,407432,1655,756,899
71115,440798,33336,212096,21001,407461,1655,756,899
71120,440829,33338,212111,21003,407491,1655,756,899
71125,440860,33339,212128,21004,407520,1655,756,899
71130,440891,33341,212145,21005,407550,1655,756,899
71135,440922,33342,212162,21006,407580,1655,756,899
71140,440953,33343,212180,21007,407609,1655,756,899
71145,440984,33345,212193,21008,407639,1655,756,899
71150,441015,33346,212209,21009,407669,1655,756,899
71155,441046,33347,212226,21010,407699,1655,756,899
71160,441077,33348,212238,21010,407728,1655,756,899
71165,441108,33349,212259,21011,407759,1655,756,899
71170,441139,33349,212274,21011,407790,1655,756,899
71175,441170,33349,212289,21011,407821,1655,756,899
71180,441201,33349,212303,21011,407852,1655,756,899
71185,441232,33349,212316,21011,407883,1655,756,899
71190,441263,33349,212333,21011,407914,1655,756,899
71195,441294,33349,212346,21011,407945,1655,756,899
71200,441325,33349,212358,21011,407976,1655,756,899
71205,441356,33349,212375,21011,408007,1656,756,900
71210,441387,33351,212391,21012,408036,1657,756,901
71215,441418,33355,212406,21014,408063,1658,757,901
71220,441449,33359,212422,21017,408090,1658,757,901
71225,441480,33362,212439,21019,408118,1658,757,901
71230,441511,33365,212453,21021,408146,1658,757,901
71235,441542,33368,212469,21023,408174,1658,757,901
71240,441573,33371,212487,21026,408202,1658,757,901
71245,441604,33374,212502,21028,408230,1658,757,901
71250,441635,33377,212518,21031,408258,1658,757,901
71255,441666,33380,212532,21034,408286,1658,757,901
71260,441697,33383,212549,21036,408314,1658,757,901
71265,441728,33386,212563,21038,408342,1658,757,901
71270,441759,33389,212575,21038,408370,1658,757,901
71275,441790,33392,212585,21039,408398,1658,757,901
71280,441821,33395,212600,21042,408426,1658,757,901
71285,441852,33399,212615,21045,408453,1658,757,901
71290,441883,33403,212630,21046,408479,1658,757,901
71295,441914,33408,212643,21049,408505,1658,757,901
71300,441945,33413,212659,21051,408532,1658,757,901
71305,441976,33417,212673,21052,408559,1658,757,901
71310,442007,33421,212686,21053,408585,1658,757,901
71315,442038,33426,212702,21058,408611,1658,757,901
71320,442069,33431,212715,21061,408636,1659,757,902
71325,442100,33439,212734,21067,408660,1660,758,902
71330,442131,33447,212751,21074,408683,1661,758,903
71335,442162,33455,212767,21080,408707,1661,758,903
71340,442193,33459,212777,21082,408734,1661,758,903
71345,442224,33460,212791,21083,408764,1661,758,903
71350,442255,33461,212804,21083,408794,1661,758,903
71355,442286,33462,212817,21084,408824,1661,758,903
71360,442317,33463,212831,21084,408854,1661,758,903
71365,442348,33464,212846,21085,408884,1661,758,903
71370,442379,33465,212862,21085,408914,1661,758,903
71375,442410,33466,212878,21085,408944,1661,758,903
71380,442441,33467,212893,21086,408974,1661,758,903
71385,442472,33468,212907,21086,409004,1661,758,903
71390,442503,33469,212924,21087,409034,1661,758,903
71395,442534,33470,212939,21088,409064,1661,758,903
71400,442565,33471,212951,21088,409094,1661,758,903
71405,442596,33473,212968,21088,409123,1661,758,903
71410,442627,33475,212980,21088,409152,1661,758,903
71415,442658,33477,212991,21088,409181,1661,758,903
71420,442689,33479,213003,21089,409210,1661,758,903
71425,442720,33481,213021,21091,409239,1661,758,903
71430,442751,33483,213030,21091,409268,1661,758,903
71435,442782,33485,213045,21093,409297,1662,759,903
71440,442813,33487,213064,21095,409326,1663,760,903
71445,442844,33490,213077,21097,409354,1664,760,904
71450,442875,33495,213095,21099,409380,1664,760,904
71455,442906,33499,213107,21100,409407,1664,760,904
71460,442937,33504,213122,21101,409433,1664,760,904
71465,442968,33509,213138,21105,409459,1664,760,904
71470,442999,33512,213151,21107,409487,1664,760,904
71475,443030,33514,213168,21108,409516,1664,760,904
71480,443061,33516,213180,21109,409545,1664,760,904
71485,443092,33519,213198,21110,409572,1664,760,904
71490,443123,33523,213213,21113,409600,1664,760,904
71495,443154,33525,213224,21113,409628,1664,760,904
71500,443185,33528,213238,21116,409657,1664,760,904
71505,443216,33529,213253,21116,409687,1664,760,904
71510,443247,33530,213268,21117,409717,1664,760,904
71515,443278,33531,213278,21117,409747,1664,760,904
71520,443309,33532,213290,21117,409777,1664,760,904
71525,443340,33532,213307,21117,409808,1664,760,904
71530,443371,33532,213321,21117,409839,1664,760,904
71535,443402,33532,213338,21117,409870,1664,760,904
71540,443433,33532,213358,21117,409901,1664,760,904
71545,443464,33532,213373,21117,409932,1664,760,904
71550,443495,33532,213395,21117,409963,1665,761,904
71555,443526,33532,213405,21117,409994,1666,761,905
71560,443557,33532,213418,21117,410025,1667,762,905
71565,443588,33534,213433,21119,410054,1668,762,906
71570,443619,33535,213443,21120,410084,1668,762,906
71575,443650,33538,213455,21122,410112,1668,762,906
71580,443681,33541,213471,21123,410140,1668,762,906
71585,443712,33544,213485,21126,410168,1668,762,906
71590,443743,33547,213501,21129,410196,1668,762,906
71595,443774,33549,213513,21130,410225,1668,762,906
71600,443805,33551,213527,21130,410254,1668,762,906
71605,443836,33553,213539,21131,410283,1668,762,906
71610,443867,33556,213552,21132,410311,1668,762,906
71615,443898,33559,213568,21133,410339,1668,762,906
71620,443929,33562,213587,21136,410367,1668,762,906
71625,443960,33566,213602,21137,410394,1668,762,906
71630,443991,33570,213615,21138,410421,1668,762,906
71635,444022,33574,213624,21140,410448,1668,762,906
71640,444053,33578,213636,21141,410475,1668,762,906
71645,444084,33581,213653,21144,410503,1669,763,906
71650,444115,33584,213668,21147,410531,1669,763,906
71655,444146,33587,213684,21147,410559,1669,763,906
71660,444177,33590,213697,21147,410586,1669,763,906
71665,444208,33594,213713,21149,410614,1669,763,906
71670,444239,33597,213726,21150,410641,1669,763,906
71675,444270,33601,213739,21152,410668,1669,763,906
71680,444301,33605,213753,21154,410696,1669,763,906
71685,444332,33608,213765,21155,410724,1669,763,906
71690,444363,33611,213779,21155,410751,1669,763,906
71695,444394,33615,213788,21157,410779,1669,763,906
71700,444425,33619,213808,21159,410805,1669,763,906
71705,444456,33625,213822,21162,410831,1669,763,906
71710,444487,33629,213835,21164,410858,1669,763,906
71715,444518,33633,213851,21167,410885,1669,763,906
71720,444549,33637,213862,21167,410912,1669,763,906
71725,444580,33641,213876,21168,410939,1669,763,906
71730,444611,33646,213888,21170,410965,1669,763,906
71735,444642,33650,213907,21172,410992,1669,763,906
71740,444673,33653,213922,21173,411019,1669,763,906
71745,444704,33657,213933,21175,411047,1669,763,906
71750,444735,33659,213945,21176,411076,1669,763,906
71755,444766,33661,213964,21178,411105,1670,764,906
71760,444797,33664,213982,21180,411133,1671,765,906
71765,444828,33667,213995,21183,411161,1671,765,906
71770,444859,33670,214006,21185,411189,1671,765,906
71775,444890,33674,214019,21186,411216,1671,765,906
71780,444921,33677,214034,21189,411244,1671,765,906
71785,444952,33680,214050,21190,411272,1671,765,906
71790,444983,33683,214065,21191,411299,1671,765,906
71795,445014,33687,214081,21195,411327,1671,765,906
71800,445045,33689,214095,21195,411356,1671,765,906
71805,445076,33691,214111,21196,411385,1671,765,906
71810,445107,33693,214124,21197,411414,1671,765,906
71815,445138,33695,214141,21199,411443,1671,765,906
71820,445169,33697,214158,21200,411472,1671,765,906
71825,445200,33698,214169,21201,411502,1671,765,906
71830,445231,33700,214186,21203,411531,1671,765,906
71835,445262,33701,214201,21204,411561,1671,765,906
71840,445293,33702,214215,21205,411591,1671,765,906
71845,445324,33703,214228,21206,411621,1671,765,906
71850,445355,33704,214245,21206,411651,1671,765,906
71855,445386,33705,214260,21206,411681,1671,765,906
71860,445417,33706,214274,21206,411711,1671,765,906
71865,445448,33707,214288,21206,411741,1671,765,906
71870,445479,33709,214304,21208,411770,1672,766,906
71875,445510,33712,214321,21210,411797,1673,766,907
71880,445541,33716,214334,21213,411824,1674,767,907
71885,445572,33720,214348,21214,411852,1675,767,908
71890,445603,33723,214360,21215,411880,1676,768,908
71895,445634,33726,214374,21216,411908,1676,768,908
71900,445665,33729,214388,21217,411936,1676,768,908
71905,445696,33732,214402,21218,411964,1676,768,908
71910,445727,33735,214422,21220,411992,1676,768,908
71915,445758,33738,214437,21221,412020,1676,768,908
71920,445789,33741,214453,21223,412048,1676,768,908
71925,445820,33744,214470,21223,412076,1676,768,908
71930,445851,33746,214480,21224,412105,1676,768,908
71935,445882,33748,214494,21224,412134,1676,768,908
71940,445913,33751,214512,21226,412162,1676,768,908
71945,445944,33753,214529,21227,412191,1676,768,908
71950,445975,33755,214543,21227,412220,1676,768,908
71955,446006,33758,214556,21229,412248,1676,768,908
71960,446037,33759,214571,21229,412278,1676,768,908
71965,446068,33760,214587,21229,412308,1676,768,908
71970,446099,33761,214607,21230,412338,1676,768,908
71975,446130,33762,214621,21230,412368,1676,768,908
71980,446161,33763,214633,21230,412398,1676,768,908
71985,446192,33764,214651,21230,412428,1676,768,908
71990,446223,33766,214667,21232,412457,1676,768,908
71995,446254,33768,214675,21234,412486,1676,768,908
72000,446285,33771,214691,21236,412514,1676,768,908
72005,446316,33771,214700,21236,412545,1677,768,909
72010,446347,33771,214717,21236,412576,1677,768,909
72015,446378,33771,214730,21236,412607,1677,768,909
72020,446409,33771,214750,21236,412638,1677,768,909
72025,446440,33771,214766,21236,412669,1677,768,909
72030,446471,33771,214785,21236,412700,1677,768,909
72035,446502,33771,214805,21236,412731,1677,768,909
72040,446533,33771,214822,21236,412762,1677,768,909
72045,446564,33771,214839,21236,412793,1677,768,909
72050,446595,33773,214853,21236,412821,1677,768,909
72055,446626,33777,214863,21239,412849,1677,768,909
72060,446657,33781,214879,21241,412876,1677,768,909
72065,446688,33785,214897,21245,412903,1677,768,909
72070,446719,33789,214910,21247,412930,1677,768,909
72075,446750,33793,214929,21250,412957,1677,768,909
72080,446781,33796,214942,21252,412985,1677,768,909
72085,446812,33798,214958,21253,413014,1677,768,909
72090,446843,33800,214975,21254,413043,1677,768,909
72095,446874,33802,214984,21254,413072,1677,768,909
72100,446905,33805,215004,21256,413100,1677,768,909
72105,446936,33807,215017,21257,413129,1677,768,909
72110,446967,33811,215030,21259,413156,1678,768,910
72115,446998,33815,215047,21262,413183,1679,768,911
72120,447029,33819,215062,21265,413210,1680,768,912
72125,447060,33822,215075,21265,413238,1680,768,912
72130,447091,33825,215088,21266,413266,1680,768,912
72135,447122,33828,215103,21268,413293,1680,768,912
72140,447153,33832,215121,21270,413321,1680,768,912
72145,447184,33835,215135,21271,413349,1680,768,912
72150,447215,33838,215146,21271,413377,1680,768,912
72155,447246,33841,215163,21272,413405,1680,768,912
72160,447277,33844,215179,21274,413433,1680,768,912
72165,447308,33847,215197,21276,413460,1680,768,912
72170,447339,33851,215211,21280,413487,1680,768,912
72175,447370,33855,215229,21283,413515,1680,768,912
72180,447401,33858,215241,21285,413543,1680,768,912
72185,447432,33862,215264,21287,413570,1680,768,912
72190,447463,33866,215275,21290,413596,1680,768,912
72195,447494,33872,215287,21293,413622,1680,768,912
72200,447525,33877,215301,21297,413648,1680,768,912
72205,447556,33882,215316,21299,413673,1680,768,912
72210,447587,33887,215334,21301,413700,1680,768,912
72215,447618,33891,215349,21303,413726,1680,768,912
72220,447649,33895,215362,21306,413754,1680,768,912
72225,447680,33897,215374,21308,413783,1680,768,912
72230,447711,33898,215388,21308,413812,1680,768,912
72235,447742,33901,215402,21311,413841,1681,768,913
72240,447773,33901,215417,21311,413872,1682,768,914
72245,447804,33902,215432,21311,413902,1682,768,914
72250,447835,33903,215448,21312,413932,1682,768,914
72255,447866,33904,215466,21313,413962,1682,768,914
72260,447897,33905,215482,21314,413992,1682,768,914
72265,447928,33906,215495,21314,414022,1682,768,914
72270,447959,33907,215511,21314,414052,1682,768,914
72275,447990,33908,215522,21314,414082,1682,768,914
72280,448021,33909,215535,21314,414112,1682,768,914
72285,448052,33910,215547,21314,414142,1682,768,914
72290,448083,33911,215561,21315,414172,1682,768,914
72295,448114,33912,215575,21315,414202,1682,768,914
72300,448145,33913,215586,21315,414232,1682,768,914
72305,448176,33914,215605,21316,414262,1682,768,914
72310,448207,33916,215620,21317,414291,1682,768,914
72315,448238,33917,215633,21318,414321,1682,768,914
72320,448269,33919,215649,21319,414350,1682,768,914
72325,448300,33921,215665,21320,414379,1682,768,914
72330,448331,33924,215683,21321,414406,1682,768,914
72335,448362,33928,215699,21324,414433,1682,768,914
72340,448393,33933,215717,21327,414459,1682,768,914
72345,448424,33939,215737,21333,414484,1682,768,914
72350,448455,33944,215755,21337,414510,1682,768,914
72355,448486,33949,215769,21340,414536,1682,768,914
72360,448517,33954,215787,21344,414563,1682,768,914
72365,448548,33958,215805,21346,414589,1683,769,914
72370,448579,33961,215820,21347,414617,1684,769,915
72375,448610,33965,215835,21349,414645,1684,769,915
72380,448641,33967,215845,21351,414674,1684,769,915
72385,448672,33969,215859,21353,414703,1684,769,915
72390,448703,33971,215877,21354,414732,1684,769,915
72395,448734,33973,215887,21354,414761,1684,769,915
72400,448765,33975,215899,21355,414790,1684,769,915
72405,448796,33978,215913,21357,414818,1684,769,915
72410,448827,33980,215927,21358,414847,1684,769,915
72415,448858,33982,215941,21360,414876,1684,769,915
72420,448889,33985,215957,21361,414904,1684,769,915
72425,448920,33986,215972,21361,414933,1684,769,915
72430,448951,33988,215986,21363,414963,1684,769,915
72435,448982,33989,216002,21363,414993,1684,769,915
72440,449013,33990,216019,21364,415023,1684,769,915
72445,449044,33991,216037,21364,415053,1684,769,915
72450,449075,33992,216055,21365,415083,1684,769,915
72455,449106,33993,216069,21365,415113,1684,769,915
72460,449137,33994,216082,21365,415143,1684,769,915
72465,449168,33996,216097,21366,415172,1684,769,915
72470,449199,34001,216110,21368,415198,1684,769,915
72475,449230,34007,216129,21373,415223,1685,770,915
72480,449261,34011,216146,21376,415250,1686,770,916
72485,449292,34014,216160,21377,415278,1687,770,917
72490,449323,34017,216180,21379,415305,1687,770,917
72495,449354,34021,216197,21380,415332,1687,770,917
72500,449385,34025,216212,21382,415360,1687,770,917
72505,449416,34028,216230,21385,415388,1687,770,917
72510,449447,34031,216244,21385,415416,1687,770,917
72515,449478,34034,216260,21386,415444,1687,770,917
72520,449509,34037,216275,21387,415472,1687,770,917
72525,449540,34040,216286,21388,415500,1687,770,917
72530,449571,34043,216298,21391,415528,1687,770,917
72535,449602,34046,216312,21392,415556,1687,770,917
72540,449633,34049,216326,21394,415584,1687,770,917
72545,449664,34051,216348,21395,415613,1687,770,917
72550,449695,34053,216362,21396,415642,1687,770,917
72555,449726,34055,216377,21396,415671,1687,770,917
72560,449757,34057,216394,21396,415700,1687,770,917
72565,449788,34059,216412,21398,415729,1687,770,917
72570,449819,34061,216428,21399,415758,1687,770,917
72575,449850,34063,216437,21400,415787,1687,770,917
72580,449881,34065,216453,21400,415816,1687,770,917
72585,449912,34068,216467,21401,415844,1687,770,917
72590,449943,34070,216480,21402,415873,1687,770,917
72595,449974,34074,216500,21405,415900,1687,770,917
72600,450005,34075,216518,21405,415930,1688,771,917
72605,450036,34075,216531,21405,415961,1688,771,917
72610,450067,34075,216544,21405,415992,1688,771,917
72615,450098,34075,216558,21405,416023,1688,771,917
72620,450129,34075,216574,21405,416054,1688,771,917
72625,450160,34075,216585,21405,416085,1688,771,917
72630,450191,34075,216604,21405,416116,1688,771,917
72635,450222,34075,216617,21405,416147,1688,771,917
72640,450253,34075,216627,21405,416178,1688,771,917
72645,450284,34076,216645,21405,416208,1688,771,917
72650,450315,34077,216661,21405,416238,1688,771,917
72655,450346,34078,216677,21406,416268,1688,771,917
72660,450377,34079,216688,21407,416298,1688,771,917
72665,450408,34081,216705,21407,416327,1688,771,917
72670,450439,34083,216718,21408,416356,1688,771,917
72675,450470,34085,216734,21409,416384,1688,771,917
72680,450501,34088,216750,21411,416413,1688,771,917
72685,450532,34090,216766,21413,416442,1688,771,917
72690,450563,34092,216775,21414,416471,1688,771,917
72695,450594,34094,216795,21416,416500,1688,771,917
72700,450625,34096,216812,21418,416529,1688,771,917
72705,450656,34099,216833,21420,416557,1688,771,917
72710,450687,34104,216848,21424,416583,1689,771,918
72715,450718,34110,216866,21429,416608,1690,771,919
72720,450749,34116,216883,21435,416632,1691,772,919
72725,450780,34121,216894,21438,416659,1691,772,919
72730,450811,34125,216910,21439,416686,1691,772,919
72735,450842,34129,216924,21441,416713,1691,772,919
72740,450873,34134,216944,21445,416739,1691,772,919
72745,450904,34138,216952,21446,416766,1691,772,919
72750,450935,34142,216966,21448,416793,1691,772,919
72755,450966,34145,216977,21450,416821,1691,772,919
72760,450997,34148,216993,21452,416849,1691,772,919
72765,451028,34151,217004,21453,416877,1691,772,919
72770,451059,34154,217016,21455,416905,1691,772,919
72775,451090,34158,217032,21459,416932,1691,772,919
72780,451121,34161,217043,21460,416960,1691,772,919
72785,451152,34165,217058,21461,416987,1691,772,919
72790,451183,34168,217073,21462,417015,1691,772,919
72795,451214,34171,217087,21463,417043,1691,772,919
72800,451245,34174,217105,21463,417071,1691,772,919
72805,451276,34177,217121,21464,417099,1691,772,919
72810,451307,34180,217138,21466,417127,1691,772,919
72815,451338,34183,217150,21466,417155,1691,772,919
72820,451369,34186,217163,21467,417183,1691,772,919
72825,451400,34190,217179,21468,417210,1691,772,919
72830,451431,34192,217200,21469,417237,1691,772,919
72835,451462,34197,217215,21474,417264,1691,772,919
72840,451493,34200,217227,21475,417291,1692,772,920
72845,451524,34204,217246,21479,417320,1692,772,920
72850,451555,34206,217256,21481,417349,1692,772,920
72855,451586,34207,217268,21481,417379,1692,772,920
72860,451617,34208,217283,21482,417409,1692,772,920
72865,451648,34209,217293,21482,417439,1692,772,920
72870,451679,34211,217309,21484,417468,1692,772,920
72875,451710,34213,217330,21485,417497,1692,772,920
72880,451741,34214,217342,21485,417527,1692,772,920
72885,451772,34215,217357,21486,417557,1692,772,920
72890,451803,34217,217367,21487,417586,1692,772,920
72895,451834,34217,217380,21487,417617,1692,772,920
72900,451865,34217,217390,21487,417648,1692,772,920
72905,451896,34217,217401,21487,417679,1692,772,920
72910,451927,34217,217416,21487,417710,1692,772,920
72915,451958,34217,217432,21487,417741,1692,772,920
72920,451989,34217,217446,21487,417772,1692,772,920
72925,452020,34217,217460,21487,417803,1692,772,920
72930,452051,34217,217477,21487,417834,1692,772,920
72935,452082,34217,217491,21487,417865,1692,772,920
72940,452113,34217,217503,21487,417896,1692,772,920
72945,452144,34217,217522,21487,417927,1693,773,920
72950,452175,34219,217534,21489,417955,1694,773,921
72955,452206,34225,217547,21494,417981,1695,774,921
72960,452237,34229,217563,21496,418007,1696,774,922
72965,452268,34234,217586,21501,418034,1696,774,922
72970,452299,34238,217601,21503,418061,1696,774,922
72975,452330,34242,217617,21505,418087,1696,774,922
72980,452361,34245,217634,21508,418115,1696,774,922
72985,452392,34248,217647,21510,418144,1696,774,922
72990,452423,34250,217659,21511,418173,1696,774,922
72995,452454,34252,217671,21512,418202,1696,774,922
73000,452485,34254,217679,21512,418231,1696,774,922
73005,452516,34256,217692,21513,418260,1696,774,922
73010,452547,34258,217709,21514,418289,1696,774,922
73015,452578,34260,217720,21515,418318,1696,774,922
73020,452609,34262,217735,21517,418347,1696,774,922
73025,452640,34266,217750,21520,418372,1696,774,922
73030,452671,34271,217763,21522,418399,1696,774,922
73035,452702,34275,217775,21523,418427,1696,774,922
73040,452733,34278,217789,21523,418454,1696,774,922
73045,452764,34283,217799,21527,418480,1696,774,922
73050,452795,34287,217817,21530,418507,1696,774,922
73055,452826,34291,217833,21534,418534,1696,774,922
73060,452857,34294,217847,21535,418563,1696,774,922
73065,452888,34297,217861,21536,418590,1696,774,922
73070,452919,34301,217875,21540,418618,1697,775,922
73075,452950,34304,217889,21542,418646,1698,775,923
73080,452981,34307,217902,21544,418673,1699,775,924
73085,453012,34310,217918,21547,418702,1699,775,924
73090,453043,34312,217933,21549,418731,1699,775,924
73095,453074,34314,217946,21551,418760,1699,775,924
73100,453105,34316,217965,21553,418789,1699,775,924
73105,453136,34318,217981,21555,418818,1699,775,924
73110,453167,34319,217994,21555,418848,1699,775,924
73115,453198,34321,218010,21556,418877,1699,775,924
73120,453229,34323,218028,21558,418906,1699,775,924
73125,453260,34324,218045,21559,418936,1699,775,924
73130,453291,34325,218056,21559,418966,1699,775,924
73135,453322,34326,218068,21560,418996,1699,775,924
73140,453353,34328,218084,21562,419025,1699,775,924
73145,453384,34328,218097,21562,419056,1699,775,924
73150,453415,34328,218113,21562,419087,1699,775,924
73155,453446,34328,218123,21562,419118,1699,775,924
73160,453477,34328,218139,21562,419149,1699,775,924
73165,453508,34329,218155,21562,419179,1699,775,924
73170,453539,34330,218173,21563,419209,1699,775,924
73175,453570,34331,218184,21563,419239,1699,775,924
73180,453601,34332,218199,21563,419269,1699,775,924
73185,453632,34333,218218,21563,419299,1700,776,924
73190,453663,34335,218231,21565,419327,1701,777,924
73195,453694,34340,218249,21569,419353,1702,777,925
73200,453725,34348,218267,21575,419376,1702,777,925
73205,453756,34354,218282,21580,419401,1702,777,925
73210,453787,34358,218297,21583,419429,1702,777,925
73215,453818,34361,218309,21585,419457,1702,777,925
73220,453849,34365,218324,21587,419483,1702,777,925
73225,453880,34369,218341,21591,419510,1702,777,925
73230,453911,34373,218352,21594,419538,1702,777,925
73235,453942,34376,218368,21596,419565,1702,777,925
73240,453973,34380,218380,21597,419593,1702,777,925
73245,454004,34383,218393,21599,419620,1702,777,925
73250,454035,34387,218408,21602,419647,1702,777,925
73255,454066,34391,218418,21605,419675,1702,777,925
73260,454097,34394,218436,21608,419702,1702,777,925
73265,454128,34398,218450,21611,419730,1702,777,925
73270,454159,34401,218463,21613,419758,1702,777,925
73275,454190,34404,218480,21615,419786,1702,777,925
73280,454221,34407,218496,21616,419814,1702,777,925
73285,454252,34410,218513,21617,419842,1702,777,925
73290,454283,34413,218533,21619,419870,1702,777,925
73295,454314,34416,218548,21620,419898,1702,777,925
73300,454345,34419,218567,21622,419926,1703,778,925
73305,454376,34422,218578,21624,419954,1704,778,926
73310,454407,34427,218593,21628,419980,1705,778,927
73315,454438,34431,218605,21631,420007,1706,778,928
73320,454469,34435,218621,21634,420034,1707,779,928
73325,454500,34440,218634,21637,420060,1707,779,928
73330,454531,34443,218646,21639,420088,1707,779,928
73335,454562,34447,218661,21641,420115,1707,779,928
73340,454593,34451,218678,21644,420141,1707,779,928
73345,454624,34454,218695,21647,420169,1707,779,928
73350,454655,34456,218712,21649,420199,1707,779,928
73355,454686,34457,218723,21649,420229,1707,779,928
73360,454717,34458,218736,21650,420258,1707,779,928
73365,454748,34460,218754,21651,420288,1707,779,928
73370,454779,34461,218769,21651,420317,1707,779,928
73375,454810,34463,218788,21653,420347,1707,779,928
73380,454841,34463,218802,21653,420378,1707,779,928
73385,454872,34463,218819,21653,420409,1707,779,928
73390,454903,34463,218831,21653,420440,1707,779,928
73395,454934,34463,218844,21653,420471,1707,779,928
73400,454965,34463,218857,21653,420502,1707,779,928
73405,454996,34463,218870,21653,420533,1707,779,928
73410,455027,34463,218885,21653,420564,1707,779,928
73415,455058,34463,218901,21653,420595,1707,779,928
73420,455089,34463,218917,21653,420626,1707,779,928
73425,455120,34463,218933,21653,420657,1708,780,928
73430,455151,34464,218941,21653,420687,1709,780,929
73435,455182,34466,218954,21655,420716,1710,780,930
73440,455213,34469,218970,21658,420744,1711,780,931
73445,455244,34473,218988,21660,420770,1711,780,931
73450,455275,34478,219003,21664,420797,1711,780,931
73455,455306,34482,219017,21666,420824,1711,780,931
73460,455337,34487,219032,21668,420850,1711,780,931
73465,455368,34492,219044,21669,420875,1711,780,931
73470,455399,34497,219064,21673,420901,1711,780,931
73475,455430,34503,219077,21677,420926,1711,780,931
73480,455461,34509,219095,21682,420951,1711,780,931
73485,455492,34514,219111,21685,420977,1711,780,931
73490,455523,34519,219128,21690,421003,1711,780,931
73495,455554,34525,219148,21695,421029,1711,780,931
73500,455585,34528,219162,21696,421056,1711,780,931
73505,455616,34530,219173,21698,421086,1711,780,931
73510,455647,34531,219187,21698,421116,1711,780,931
73515,455678,34532,219204,21698,421146,1711,780,931
73520,455709,34533,219219,21698,421176,1711,780,931
73525,455740,34534,219237,21699,421206,1711,780,931
73530,455771,34535,219250,21700,421236,1711,780,931
73535,455802,34536,219263,21701,421266,1711,780,931
73540,455833,34537,219279,21702,421296,1711,780,931
73545,455864,34538,219293,21702,421325,1711,780,931
73550,455895,34540,219308,21704,421355,1711,780,931
73555,455926,34541,219318,21704,421385,1711,780,931
73560,455957,34543,219332,21706,421413,1711,780,931
73565,455988,34546,219347,21708,421441,1711,780,931
73570,456019,34549,219364,21709,421470,1711,780,931
73575,456050,34551,219381,21710,421499,1711,780,931
73580,456081,34553,219396,21711,421528,1711,780,931
73585,456112,34555,219412,21711,421557,1711,780,931
73590,456143,34557,219425,21712,421586,1711,780,931
73595,456174,34559,219437,21713,421615,1711,780,931
73600,456205,34561,219452,21715,421644,1711,780,931
73605,456236,34563,219469,21717,421673,1711,780,931
73610,456267,34566,219487,21719,421701,1712,781,931
73615,456298,34570,219501,21721,421728,1713,781,932
73620,456329,34574,219514,21723,421755,1714,782,932
73625,456360,34574,219531,21723,421786,1714,782,932
73630,456391,34574,219544,21723,421817,1714,782,932
73635,456422,34574,219562,21723,421848,1714,782,932
73640,456453,34574,219578,21723,421879,1714,782,932
73645,456484,34574,219591,21723,421910,1714,782,932
73650,456515,34574,219603,21723,421941,1714,782,932
73655,456546,34574,219616,21723,421972,1714,782,932
73660,456577,34574,219632,21723,422003,1714,782,932
73665,456608,34574,219643,21723,422034,1714,782,932
73670,456639,34575,219657,21724,422063,1714,782,932
73675,456670,34577,219670,21726,422093,1714,782,932
73680,456701,34578,219683,21726,422123,1714,782,932
73685,456732,34582,219696,21728,422150,1714,782,932
73690,456763,34585,219712,21729,422178,1714,782,932
73695,456794,34588,219727,21731,422206,1714,782,932
73700,456825,34591,219741,21733,422234,1714,782,932
73705,456856,34594,219758,21735,422262,1714,782,932
73710,456887,34597,219774,21737,422290,1714,782,932
73715,456918,34600,219794,21738,422318,1714,782,932
73720,456949,34603,219813,21738,422346,1714,782,932
73725,456980,34606,219827,21740,422374,1714,782,932
73730,457011,34610,219841,21743,422401,1714,782,932
73735,457042,34615,219856,21745,422427,1715,782,933
73740,457073,34620,219869,21748,422453,1716,783,933
73745,457104,34620,219883,21748,422484,1716,783,933
73750,457135,34620,219897,21748,422515,1716,783,933
73755,457166,34620,219909,21748,422546,1716,783,933
73760,457197,34620,219924,21748,422577,1716,783,933
73765,457228,34620,219942,21748,422608,1716,783,933
73770,457259,34620,219957,21748,422639,1716,783,933
73775,457290,34620,219975,21748,422670,1716,783,933
73780,457321,34620,219991,21748,422701,1716,783,933
73785,457352,34620,220005,21748,422732,1716,783,933
73790,457383,34620,220019,21748,422763,1716,783,933
73795,457414,34620,220033,21748,422794,1716,783,933
73800,457445,34620,220046,21748,422825,1716,783,933
73805,457476,34622,220065,21749,422854,1716,783,933
73810,457507,34623,220077,21749,422884,1716,783,933
73815,457538,34624,220092,21749,422914,1716,783,933
73820,457569,34625,220105,21750,422944,1716,783,933
73825,457600,34627,220123,21752,422973,1716,783,933
73830,457631,34628,220138,21752,423003,1716,783,933
73835,457662,34629,220154,21752,423033,1716,783,933
73840,457693,34631,220167,21753,423062,1716,783,933
73845,457724,34634,220182,21756,423090,1716,783,933
73850,457755,34640,220200,21761,423115,1716,783,933
73855,457786,34645,220217,21764,423141,1717,784,933
73860,457817,34648,220227,21764,423169,1718,784,934
73865,457848,34651,220244,21766,423197,1718,784,934
73870,457879,34654,220255,21766,423225,1718,784,934
73875,457910,34657,220270,21768,423253,1718,784,934
73880,457941,34660,220283,21771,423281,1718,784,934
73885,457972,34663,220302,21773,423309,1718,784,934
73890,458003,34666,220316,21773,423337,1718,784,934
73895,458034,34669,220331,21775,423365,1718,784,934
73900,458065,34672,220346,21777,423393,1718,784,934
73905,458096,34675,220361,21778,423421,1718,784,934
73910,458127,34678,220374,21779,423449,1718,784,934
73915,458158,34682,220386,21780,423476,1718,784,934
73920,458189,34685,220401,21783,423504,1718,784,934
73925,458220,34689,220419,21784,423531,1718,784,934
73930,458251,34693,220434,21786,423558,1718,784,934
73935,458282,34697,220453,21787,423585,1718,784,934
73940,458313,34701,220469,21789,423612,1718,784,934
73945,458344,34705,220489,21792,423639,1718,784,934
73950,458375,34709,220503,21794,423666,1718,784,934
73955,458406,34713,220520,21796,423693,1718,784,934
73960,458437,34717,220533,21798,423720,1718,784,934
73965,458468,34722,220548,21802,423746,1718,784,934
73970,458499,34725,220566,21804,423773,1719,784,935
73975,458530,34729,220581,21807,423800,1720,785,935
73980,458561,34734,220600,21810,423827,1721,786,935
73985,458592,34738,220616,21813,423854,1721,786,935
73990,458623,34740,220629,21814,423883,1721,786,935
73995,458654,34743,220639,21815,423911,1721,786,935
74000,458685,34745,220653,21817,423940,1721,786,935
74005,458716,34747,220664,21817,423969,1721,786,935
74010,458747,34749,220679,21819,423998,1721,786,935
74015,458778,34752,220696,21821,424026,1721,786,935
74020,458809,34753,220708,21822,424056,1721,786,935
74025,458840,34754,220723,21823,424086,1721,786,935
74030,458871,34755,220738,21823,424116,1721,786,935
74035,458902,34756,220756,21824,424146,1721,786,935
74040,458933,34757,220773,21825,424176,1721,786,935
74045,458964,34760,220792,21827,424204,1721,786,935
74050,458995,34763,220808,21830,424232,1721,786,935
74055,459026,34764,220818,21831,424262,1721,786,935
74060,459057,34765,220833,21832,424292,1721,786,935
74065,459088,34766,220854,21833,424322,1721,786,935
74070,459119,34767,220867,21834,424352,1721,786,935
74075,459150,34768,220880,21835,424382,1721,786,935
74080,459181,34769,220892,21836,424412,1721,786,935
74085,459212,34770,220908,21836,424441,1722,787,935
74090,459243,34775,220923,21839,424467,1723,788,935
74095,459274,34780,220935,21842,424493,1724,788,936
74100,459305,34784,220948,21844,424521,1725,789,936
74105,459336,34787,220968,21847,424549,1725,789,936
74110,459367,34791,220982,21848,424576,1725,789,936
74115,459398,34794,220999,21850,424604,1725,789,936
74120,459429,34798,221015,21852,424631,1725,789,936
74125,459460,34801,221030,21854,424659,1725,789,936
74130,459491,34804,221050,21855,424687,1725,789,936
74135,459522,34807,221061,21856,424715,1725,789,936
74140,459553,34810,221076,21858,424743,1725,789,936
74145,459584,34814,221088,21859,424770,1725,789,936
74150,459615,34817,221104,21861,424798,1725,789,936
74155,459646,34820,221114,21862,424826,1725,789,936
74160,459677,34822,221127,21863,424855,1725,789,936
74165,459708,34827,221139,21866,424881,1725,789,936
74170,459739,34831,221155,21867,424908,1725,789,936
74175,459770,34835,221170,21868,424935,1725,789,936
74180,459801,34839,221187,21868,424962,1725,789,936
74185,459832,34843,221202,21869,424989,1725,789,936
74190,459863,34847,221216,21870,425016,1725,789,936
74195,459894,34851,221228,21871,425043,1725,789,936
74200,459925,34855,221245,21872,425070,1725,789,936
74205,459956,34859,221261,21875,425096,1726,790,936
74210,459987,34865,221282,21880,425121,1727,791,936
74215,460018,34868,221298,21883,425149,1728,792,936
74220,460049,34871,221315,21884,425178,1729,793,936
74225,460080,34872,221331,21885,425208,1729,793,936
74230,460111,34873,221346,21886,425238,1729,793,936
74235,460142,34874,221363,21886,425268,1729,793,936
74240,460173,34875,221384,21886,425298,1729,793,936
74245,460204,34876,221395,21886,425328,1729,793,936
74250,460235,34877,221407,21886,425358,1729,793,936
74255,460266,34878,221423,21886,425388,1729,793,936
74260,460297,34879,221443,21886,425418,1729,793,936
74265,460328,34880,221456,21886,425448,1729,793,936
74270,460359,34881,221468,21886,425478,1729,793,936
74275,460390,34882,221484,21887,425508,1729,793,936
74280,460421,34883,221498,21887,425538,1729,793,936
74285,460452,34886,221512,21889,425566,1729,793,936
74290,460483,34888,221522,21889,425595,1729,793,936
74295,460514,34891,221539,21890,425623,1729,793,936
74300,460545,34893,221552,21891,425652,1729,793,936
74305,460576,34896,221569,21893,425680,1729,793,936
74310,460607,34898,221583,21894,425709,1729,793,936
74315,460638,34901,221596,21896,425737,1729,793,936
74320,460669,34905,221607,21898,425764,1729,793,936
74325,460700,34909,221618,21900,425791,1729,793,936
74330,460731,34913,221628,21901,425818,1730,794,936
74335,460762,34917,221641,21903,425845,1731,794,937
74340,460793,34921,221660,21905,425872,1732,795,937
74345,460824,34922,221673,21906,425902,1732,795,937
74350,460855,34923,221687,21907,425932,1732,795,937
74355,460886,34924,221696,21907,425962,1732,795,937
74360,460917,34925,221711,21907,425992,1732,795,937
74365,460948,34926,221723,21908,426022,1732,795,937
74370,460979,34927,221737,21908,426052,1732,795,937
74375,461010,34928,221755,21908,426082,1732,795,937
74380,461041,34929,221768,21909,426112,1732,795,937
74385,461072,34930,221782,21910,426142,1732,795,937
74390,461103,34931,221801,21911,426172,1732,795,937
74395,461134,34933,221821,21913,426201,1732,795,937
74400,461165,34935,221833,21914,426230,1732,795,937
74405,461196,34940,221846,21916,426255,1732,795,937
74410,461227,34945,221860,21920,426282,1732,795,937
74415,461258,34948,221872,21921,426310,1732,795,937
74420,461289,34951,221887,21923,426338,1732,795,937
74425,461320,34953,221903,21924,426367,1732,795,937
74430,461351,34955,221913,21925,426396,1732,795,937
74435,461382,34957,221928,21926,426425,1732,795,937
74440,461413,34960,221943,21928,426453,1732,795,937
74445,461444,34962,221951,21928,426482,1733,796,937
74450,461475,34965,221966,21930,426510,1734,796,938
74455,461506,34967,221976,21930,426539,1735,796,939
74460,461537,34970,221990,21932,426567,1736,796,940
74465,461568,34974,222001,21933,426594,1737,796,941
74470,461599,34979,222013,21936,426620,1738,796,942
74475,461630,34981,222028,21937,426649,1738,796,942
74480,461661,34983,222039,21938,426678,1738,796,942
74485,461692,34985,222057,21940,426707,1738,796,942
74490,461723,34987,222070,21941,426736,1738,796,942
74495,461754,34989,222084,21942,426765,1738,796,942
74500,461785,34991,222099,21944,426794,1738,796,942
74505,461816,34993,222116,21945,426823,1738,796,942
74510,461847,34996,222136,21945,426851,1738,796,942
74515,461878,34999,222147,21946,426879,1738,796,942
74520,461909,35002,222164,21948,426907,1738,796,942
74525,461940,35004,222177,21949,426936,1739,796,943
74530,461971,35006,222187,21949,426965,1740,796,944
74535,462002,35008,222202,21951,426994,1740,796,944
74540,462033,35010,222213,21951,427023,1740,796,944
74545,462064,35012,222227,21953,427052,1740,796,944
74550,462095,35014,222241,21953,427081,1740,796,944
74555,462126,35016,222256,21954,427110,1740,796,944
74560,462157,35018,222270,21955,427139,1740,796,944
74565,462188,35020,222284,21956,427168,1740,796,944
74570,462219,35022,222297,21957,427197,1740,796,944
74575,462250,35025,222314,21960,427225,1740,796,944
74580,462281,35027,222326,21962,427254,1740,796,944
74585,462312,35030,222339,21963,427282,1740,796,944
74590,462343,35033,222355,21965,427310,1740,796,944
74595,462374,35036,222372,21967,427338,1740,796,944
74600,462405,35039,222391,21968,427366,1740,796,944
74605,462436,35042,222404,21970,427394,1740,796,944
74610,462467,35044,222419,21971,427423,1740,796,944
74615,462498,35046,222434,21973,427452,1740,796,944
74620,462529,35048,222448,21974,427481,1740,796,944
74625,462560,35053,222462,21977,427507,1740,796,944
74630,462591,35059,222479,21981,427532,1740,796,944
74635,462622,35063,222494,21984,427559,1741,796,945
74640,462653,35066,222510,21985,427587,1741,796,945
74645,462684,35070,222524,21987,427614,1741,796,945
74650,462715,35072,222538,21987,427643,1741,796,945
74655,462746,35073,222556,21987,427673,1741,796,945
74660,462777,35074,222570,21987,427703,1741,796,945
74665,462808,35075,222584,21988,427733,1741,796,945
74670,462839,35076,222598,21988,427763,1741,796,945
74675,462870,35077,222614,21989,427793,1741,796,945
74680,462901,35078,222626,21989,427823,1741,796,945
74685,462932,35079,222637,21990,427853,1741,796,945
74690,462963,35080,222650,21991,427883,1741,796,945
74695,462994,35081,222663,21991,427913,1741,796,945
74700,463025,35082,222679,21991,427943,1741,796,945
74705,463056,35086,222694,21993,427970,1741,796,945
74710,463087,35087,222705,21993,428000,1741,796,945
74715,463118,35088,222721,21994,428030,1741,796,945
74720,463149,35089,222735,21995,428060,1741,796,945
74725,463180,35090,222752,21996,428090,1741,796,945
74730,463211,35091,222766,21997,428120,1741,796,945
74735,463242,35092,222779,21997,428150,1741,796,945
74740,463273,35093,222797,21998,428180,1741,796,945
74745,463304,35094,222812,21998,428210,1741,796,945
74750,463335,35095,222827,21999,428240,1742,797,945
74755,463366,35098,222844,22001,428268,1743,798,945
74760,463397,35100,222858,22001,428297,1744,798,946
74765,463428,35102,222873,22002,428326,1744,798,946
74770,463459,35104,222887,22002,428355,1744,798,946
74775,463490,35106,222904,22004,428384,1744,798,946
74780,463521,35108,222918,22005,428413,1744,798,946
74785,463552,35110,222930,22005,428442,1744,798,946
74790,463583,35112,222944,22006,428471,1744,798,946
74795,463614,35114,222960,22007,428500,1744,798,946
74800,463645,35116,222972,22007,428529,1744,798,946
74805,463676,35118,222984,22007,428558,1744,798,946
74810,463707,35122,222997,22011,428585,1744,798,946
74815,463738,35127,223013,22015,428611,1744,798,946
74820,463769,35132,223024,22018,428637,1744,798,946
74825,463800,35135,223043,22020,428665,1744,798,946
74830,463831,35139,223057,22022,428692,1744,798,946
74835,463862,35142,223073,22023,428720,1744,798,946
74840,463893,35147,223089,22027,428746,1744,798,946
74845,463924,35151,223106,22031,428773,1744,798,946
74850,463955,35155,223120,22032,428800,1744,798,946
74855,463986,35159,223133,22034,428827,1744,798,946
74860,464017,35163,223152,22036,428854,1744,798,946
74865,464048,35167,223166,22039,428881,1744,798,946
74870,464079,35170,223180,22041,428909,1744,798,946
74875,464110,35172,223191,22042,428938,1745,798,947
74880,464141,35173,223204,22043,428968,1746,799,947
74885,464172,35175,223223,22044,428997,1746,799,947
74890,464203,35177,223234,22045,429026,1746,799,947
74895,464234,35179,223248,22046,429054,1746,799,947
74900,464265,35182,223264,22048,429083,1746,799,947
74905,464296,35184,223279,22048,429112,1746,799,947
74910,464327,35186,223293,22049,429141,1746,799,947
74915,464358,35188,223305,22050,429170,1746,799,947
74920,464389,35190,223320,22050,429199,1746,799,947
74925,464420,35192,223333,22051,429228,1746,799,947
74930,464451,35194,223347,22052,429257,1746,799,947
74935,464482,35197,223365,22054,429285,1746,799,947
74940,464513,35200,223385,22056,429313,1746,799,947
74945,464544,35203,223399,22057,429340,1747,799,948
74950,464575,35207,223411,22061,429368,1748,800,948
74955,464606,35210,223422,22062,429396,1749,800,949
74960,464637,35213,223435,22064,429424,1749,800,949
74965,464668,35216,223450,22065,429452,1749,800,949
74970,464699,35219,223459,22067,429480,1749,800,949
74975,464730,35223,223473,22069,429507,1749,800,949
74980,464761,35227,223484,22070,429534,1749,800,949
74985,464792,35232,223502,22072,429560,1749,800,949
74990,464823,35238,223515,22075,429585,1749,800,949
74995,464854,35245,223532,22079,429609,1749,800,949
75000,464885,35251,223549,22084,429634,1749,800,949
75005,464916,35254,223567,22085,429662,1749,800,949
75010,464947,35257,223583,22087,429690,1749,800,949
75015,464978,35260,223597,22089,429718,1749,800,949
75020,465009,35263,223618,22090,429746,1749,800,949
75025,465040,35266,223628,22093,429774,1749,800,949
75030,465071,35269,223640,22095,429802,1749,800,949
75035,465102,35273,223655,22097,429829,1749,800,949
75040,465133,35275,223668,22098,429858,1749,800,949
75045,465164,35277,223679,22098,429887,1749,800,949
75050,465195,35279,223693,22100,429916,1749,800,949
75055,465226,35281,223709,22101,429945,1749,800,949
75060,465257,35282,223723,22102,429975,1749,800,949
75065,465288,35283,223741,22103,430005,1749,800,949
75070,465319,35284,223759,22104,430035,1749,800,949
75075,465350,35285,223770,22104,430065,1749,800,949
75080,465381,35286,223784,22104,430095,1749,800,949
75085,465412,35287,223802,22105,430125,1749,800,949
75090,465443,35288,223813,22105,430155,1749,800,949
75095,465474,35289,223831,22105,430185,1749,800,949
75100,465505,35290,223846,22105,430215,1749,800,949
75105,465536,35291,223863,22105,430245,1749,800,949
75110,465567,35293,223874,22106,430274,1749,800,949
75115,465598,35296,223889,22109,430302,1750,801,949
75120,465629,35300,223905,22112,430329,1750,801,949
75125,465660,35302,223921,22112,430358,1750,801,949
75130,465691,35304,223940,22114,430387,1750,801,949
75135,465722,35306,223955,22115,430416,1750,801,949
75140,465753,35309,223967,22117,430444,1750,801,949
75145,465784,35312,223983,22118,430472,1750,801,949
75150,465815,35315,224002,22121,430500,1750,801,949
75155,465846,35318,224021,22123,430528,1750,801,949
75160,465877,35322,224043,22127,430555,1750,801,949
75165,465908,35326,224057,22131,430582,1750,801,949
75170,465939,35330,224075,22132,430609,1750,801,949
75175,465970,35334,224083,22133,430636,1750,801,949
75180,466001,35338,224095,22135,430663,1750,801,949
75185,466032,35342,224114,22136,430690,1750,801,949
75190,466063,35345,224130,22137,430718,1750,801,949
75195,466094,35347,224145,22138,430747,1750,801,949
75200,466125,35349,224160,22140,430776,1750,801,949
75205,466156,35351,224174,22140,430805,1750,801,949
75210,466187,35353,224191,22142,430834,1750,801,949
75215,466218,35355,224211,22144,430863,1750,801,949
75220,466249,35357,224233,22145,430892,1750,801,949
75225,466280,35359,224246,22146,430921,1750,801,949
75230,466311,35361,224261,22147,430950,1750,801,949
75235,466342,35364,224274,22149,430978,1750,801,949
75240,466373,35367,224290,22150,431006,1750,801,949
75245,466404,35369,224307,22150,431034,1750,801,949
75250,466435,35372,224319,22153,431062,1750,801,949
75255,466466,35375,224336,22154,431091,1750,801,949
75260,466497,35377,224350,22156,431120,1750,801,949
75265,466528,35379,224366,22157,431149,1750,801,949
75270,466559,35381,224375,22158,431178,1750,801,949
75275,466590,35383,224389,22158,431207,1750,801,949
75280,466621,35385,224402,22159,431236,1750,801,949
75285,466652,35387,224417,22159,431265,1750,801,949
75290,466683,35390,224429,22160,431293,1750,801,949
75295,466714,35393,224446,22162,431321,1750,801,949
75300,466745,35396,224458,22163,431349,1750,801,949
75305,466776,35399,224473,22166,431377,1750,801,949
75310,466807,35402,224491,22168,431405,1750,801,949
75315,466838,35405,224504,22171,431433,1750,801,949
75320,466869,35408,224519,22173,431461,1750,801,949
75325,466900,35411,224531,22173,431489,1750,801,949
75330,466931,35414,224544,22174,431517,1750,801,949
75335,466962,35417,224561,22175,431545,1750,801,949
75340,466993,35421,224576,22178,431572,1750,801,949
75345,467024,35425,224596,22180,431599,1750,801,949
75350,467055,35430,224611,22184,431625,1750,801,949
75355,467086,35436,224625,22187,431650,1750,801,949
75360,467117,35441,224643,22190,431676,1750,801,949
75365,467148,35444,224655,22192,431704,1750,801,949
75370,467179,35447,224670,22194,431732,1750,801,949
75375,467210,35450,224686,22196,431760,1750,801,949
75380,467241,35454,224700,22199,431787,1750,801,949
75385,467272,35456,224716,22199,431816,1750,801,949
75390,467303,35459,224732,22201,431844,1750,801,949
75395,467334,35463,224750,22204,431871,1750,801,949
75400,467365,35465,224764,22205,431900,1750,801,949
75405,467396,35467,224774,22206,431929,1750,801,949
75410,467427,35470,224792,22208,431957,1750,801,949
75415,467458,35472,224809,22210,431986,1750,801,949
75420,467489,35473,224825,22211,432016,1750,801,949
75425,467520,35475,224841,22212,432045,1751,802,949
75430,467551,35476,224851,22212,432075,1752,802,950
75435,467582,35478,224866,22214,432104,1753,803,950
75440,467613,35479,224879,22214,432134,1754,803,951
75445,467644,35480,224900,22215,432164,1754,803,951
75450,467675,35481,224915,22216,432194,1754,803,951
75455,467706,35482,224928,22216,432224,1754,803,951
75460,467737,35483,224946,22217,432254,1754,803,951
75465,467768,35486,224962,22220,432282,1754,803,951
75470,467799,35489,224975,22222,432310,1754,803,951
75475,467830,35492,224991,22224,432338,1754,803,951
75480,467861,35497,225009,22226,432363,1754,803,951
75485,467892,35503,225022,22230,432389,1754,803,951
75490,467923,35507,225033,22232,432416,1754,803,951
75495,467954,35512,225053,22235,432442,1754,803,951
75500,467985,35517,225069,22239,432468,1754,803,951
75505,468016,35521,225077,22240,432495,1754,803,951
75510,468047,35526,225096,22243,432521,1754,803,951
75515,468078,35531,225108,22247,432547,1754,803,951
75520,468109,35536,225121,22249,432573,1754,803,951
75525,468140,35541,225133,22252,432599,1754,803,951
75530,468171,35546,225148,22255,432625,1754,803,951
75535,468202,35552,225165,22261,432650,1754,803,951
75540,468233,35557,225180,22265,432676,1754,803,951
75545,468264,35560,225197,22267,432704,1754,803,951
75550,468295,35562,225207,22269,432733,1754,803,951
75555,468326,35565,225217,22271,432761,1754,803,951
75560,468357,35568,225233,22274,432789,1755,803,952
75565,468388,35570,225247,22274,432818,1756,803,953
75570,468419,35572,225260,22275,432847,1757,803,954
75575,468450,35574,225272,22277,432876,1758,803,955
75580,468481,35576,225285,22277,432905,1759,803,956
75585,468512,35578,225301,22279,432934,1759,803,956
75590,468543,35581,225316,22280,432962,1759,803,956
75595,468574,35584,225335,22281,432990,1759,803,956
75600,468605,35587,225352,22283,433018,1759,803,956
75605,468636,35592,225369,22285,433044,1759,803,956
75610,468667,35596,225381,22287,433071,1759,803,956
75615,468698,35599,225399,22288,433099,1759,803,956
75620,468729,35602,225414,22289,433127,1759,803,956
75625,468760,35606,225431,22292,433154,1759,803,956
75630,468791,35609,225447,22293,433182,1759,803,956
75635,468822,35611,225461,22295,433211,1759,803,956
75640,468853,35613,225477,22295,433240,1759,803,956
75645,468884,35615,225492,22297,433269,1759,803,956
75650,468915,35617,225505,22297,433298,1759,803,956
75655,468946,35620,225518,22299,433326,1759,803,956
75660,468977,35624,225533,22301,433353,1759,803,956
75665,469008,35627,225547,22303,433381,1759,803,956
75670,469039,35628,225560,22303,433411,1759,803,956
75675,469070,35629,225570,22304,433441,1759,803,956
75680,469101,35631,225592,22306,433470,1759,803,956
75685,469132,35632,225604,22307,433500,1759,803,956
75690,469163,35633,225621,22308,433530,1760,803,957
75695,469194,35634,225638,22309,433560,1761,804,957
75700,469225,35636,225656,22311,433589,1762,804,958
75705,469256,35637,225670,22312,433619,1763,804,959
75710,469287,35638,225684,22312,433649,1763,804,959
75715,469318,35640,225696,22314,433678,1763,804,959
75720,469349,35642,225711,22315,433707,1763,804,959
75725,469380,35645,225728,22316,433735,1763,804,959
75730,469411,35647,225749,22318,433764,1763,804,959
75735,469442,35649,225768,22319,433793,1763,804,959
75740,469473,35651,225778,22321,433822,1763,804,959
75745,469504,35653,225790,22323,433851,1763,804,959
75750,469535,35655,225805,22325,433880,1763,804,959
75755,469566,35657,225818,22326,433909,1763,804,959
75760,469597,35659,225831,22327,433938,1763,804,959
75765,469628,35661,225841,22327,433967,1763,804,959
75770,469659,35663,225858,22329,433996,1763,804,959
75775,469690,35666,225874,22332,434024,1763,804,959
75780,469721,35669,225889,22333,434052,1763,804,959
75785,469752,35673,225898,22335,434079,1764,804,960
75790,469783,35679,225915,22338,434104,1765,804,961
75795,469814,35684,225931,22341,434129,1766,804,962
75800,469845,35690,225943,22344,434155,1767,804,963
75805,469876,35694,225952,22347,434182,1768,805,963
75810,469907,35699,225973,22350,434208,1769,805,964
75815,469938,35702,225988,22352,434236,1770,805,965
75820,469969,35705,226000,22353,434264,1770,805,965
75825,470000,35708,226012,22353,434292,1770,805,965
75830,470031,35712,226033,22355,434319,1770,805,965
75835,470062,35715,226045,22358,434347,1770,805,965
75840,470093,35719,226063,22360,434374,1770,805,965
75845,470124,35722,226080,22362,434402,1770,805,965
75850,470155,35725,226099,22363,434430,1770,805,965
75855,470186,35728,226118,22366,434458,1770,805,965
75860,470217,35729,226130,22366,434488,1770,805,965
75865,470248,35730,226143,22367,434518,1770,805,965
75870,470279,35731,226157,22367,434548,1770,805,965
75875,470310,35732,226171,22368,434578,1770,805,965
75880,470341,35733,226186,22368,434608,1770,805,965
75885,470372,35734,226202,22368,434638,1770,805,965
75890,470403,35735,226215,22368,434668,1770,805,965
75895,470434,35736,226229,22369,434698,1770,805,965
75900,470465,35737,226243,22369,434728,1770,805,965
75905,470496,35741,226258,22370,434755,1770,805,965
75910,470527,35744,226270,22372,434782,1770,805,965
75915,470558,35748,226287,22374,434809,1770,805,965
75920,470589,35754,226304,22378,434834,1770,805,965
75925,470620,35760,226322,22383,434860,1771,805,966
75930,470651,35764,226335,22385,434886,1772,806,966
75935,470682,35770,226349,22388,434911,1773,806,967
75940,470713,35775,226362,22391,434937,1774,807,967
75945,470744,35779,226378,22394,434965,1775,807,968
75950,470775,35780,226394,22395,434995,1775,807,968
75955,470806,35781,226407,22395,435025,1775,807,968
75960,470837,35782,226420,22395,435055,1775,807,968
75965,470868,35784,226432,22396,435084,1775,807,968
75970,470899,35786,226448,22397,435113,1775,807,968
75975,470930,35788,226462,22397,435142,1775,807,968
75980,470961,35790,226468,22397,435171,1775,807,968
75985,470992,35792,226486,22399,435200,1775,807,968
75990,471023,35794,226503,22401,435229,1775,807,968
75995,471054,35796,226515,22402,435258,1775,807,968
76000,471085,35798,226529,22402,435287,1775,807,968
76005,471116,35800,226548,22403,435316,1775,807,968
76010,471147,35802,226564,22405,435345,1775,807,968
76015,471178,35804,226581,22407,435374,1775,807,968
76020,471209,35807,226595,22409,435402,1775,807,968
76025,471240,35811,226612,22413,435429,1775,807,968
76030,471271,35814,226629,22416,435457,1775,807,968
76035,471302,35818,226643,22418,435484,1775,807,968
76040,471333,35821,226659,22420,435512,1775,807,968
76045,471364,35823,226674,22421,435541,1775,807,968
76050,471395,35826,226691,22424,435569,1776,808,968
76055,471426,35830,226710,22427,435596,1777,808,969
76060,471457,35834,226728,22430,435623,1778,808,970
76065,471488,35838,226742,22432,435650,1779,809,970
76070,471519,35842,226754,22435,435677,1780,809,971
76075,471550,35844,226769,22437,435706,1781,809,972
76080,471581,35847,226787,22439,435734,1782,810,972
76085,471612,35848,226797,22439,435764,1782,810,972
76090,471643,35849,226814,22440,435794,1782,810,972
76095,471674,35850,226828,22440,435824,1782,810,972
76100,471705,35851,226846,22441,435854,1782,810,972
76105,471736,35852,226861,22442,435884,1782,810,972
76110,471767,35853,226870,22442,435914,1782,810,972
76115,471798,35854,226891,22443,435944,1782,810,972
76120,471829,35855,226915,22444,435974,1782,810,972
76125,471860,35856,226928,22444,436004,1782,810,972
76130,471891,35858,226942,22444,436033,1782,810,972
76135,471922,35861,226953,22446,436060,1782,810,972
76140,471953,35865,226966,22448,436087,1782,810,972
76145,471984,35869,226978,22449,436115,1782,810,972
76150,472015,35873,226992,22451,436142,1782,810,972
76155,472046,35878,227007,22454,436168,1782,810,972
76160,472077,35882,227023,22456,436195,1782,810,972
76165,472108,35886,227039,22459,436222,1782,810,972
76170,472139,35890,227055,22462,436249,1782,810,972
76175,472170,35894,227069,22464,436276,1782,810,972
76180,472201,35897,227082,22465,436304,1782,810,972
76185,472232,35899,227094,22467,436333,1783,810,973
76190,472263,35902,227104,22469,436361,1784,811,973
76195,472294,35906,227113,22471,436388,1785,812,973
76200,472325,35910,227127,22473,436415,1786,812,974
76205,472356,35914,227143,22476,436442,1787,813,974
76210,472387,35917,227161,22476,436469,1787,813,974
76215,472418,35920,227176,22479,436498,1787,813,974
76220,472449,35922,227191,22480,436527,1787,813,974
76225,472480,35924,227207,22481,436556,1787,813,974
76230,472511,35926,227224,22482,436585,1787,813,974
76235,472542,35928,227241,22482,436614,1787,813,974
76240,472573,35930,227255,22482,436643,1787,813,974
76245,472604,35932,227269,22482,436672,1787,813,974
76250,472635,35934,227286,22483,436701,1787,813,974
76255,472666,35936,227300,22484,436730,1787,813,974
76260,472697,35938,227318,22485,436759,1787,813,974
76265,472728,35940,227338,22486,436788,1787,813,974
76270,472759,35942,227351,22487,436817,1787,813,974
76275,472790,35944,227362,22488,436846,1787,813,974
76280,472821,35946,227384,22490,436875,1787,813,974
76285,472852,35949,227399,22491,436903,1787,813,974
76290,472883,35953,227414,22492,436930,1787,813,974
76295,472914,35956,227437,22494,436958,1787,813,974
76300,472945,35959,227452,22495,436986,1787,813,974
76305,472976,35962,227467,22496,437014,1787,813,974
76310,473007,35967,227486,22499,437040,1787,813,974
76315,473038,35972,227499,22503,437066,1788,813,975
76320,473069,35978,227510,22508,437090,1789,813,976
76325,473100,35981,227521,22510,437119,1789,813,976
76330,473131,35984,227534,22511,437147,1789,813,976
76335,473162,35986,227547,22511,437176,1789,813,976
76340,473193,35989,227562,22512,437204,1789,813,976
76345,473224,35991,227577,22513,437233,1789,813,976
76350,473255,35993,227588,22514,437262,1789,813,976
76355,473286,35996,227603,22516,437290,1789,813,976
76360,473317,35997,227619,22517,437320,1789,813,976
76365,473348,35998,227633,22518,437350,1789,813,976
76370,473379,35999,227647,22518,437380,1789,813,976
76375,473410,36000,227661,22518,437410,1789,813,976
76380,473441,36001,227677,22519,437440,1789,813,976
76385,473472,36003,227695,22520,437468,1789,813,976
76390,473503,36006,227711,22523,437496,1789,813,976
76395,473534,36009,227731,22525,437525,1789,813,976
76400,473565,36011,227747,22526,437554,1789,813,976
76405,473596,36013,227765,22528,437583,1789,813,976
76410,473627,36015,227783,22529,437612,1789,813,976
76415,473658,36017,227796,22529,437641,1789,813,976
76420,473689,36019,227811,22531,437670,1789,813,976
76425,473720,36021,227827,22531,437699,1789,813,976
76430,473751,36023,227843,22531,437728,1790,814,976
76435,473782,36028,227862,22534,437754,1791,815,976
76440,473813,36032,227878,22537,437781,1792,816,976
76445,473844,36036,227895,22539,437808,1792,816,976
76450,473875,36039,227912,22540,437836,1792,816,976
76455,473906,36043,227931,22542,437863,1792,816,976
76460,473937,36047,227947,22544,437890,1792,816,976
76465,473968,36051,227962,22548,437917,1792,816,976
76470,473999,36054,227978,22550,437945,1792,816,976
76475,474030,36057,227992,22552,437973,1792,816,976
76480,474061,36059,228007,22554,438002,1792,816,976
76485,474092,36061,228020,22555,438031,1792,816,976
76490,474123,36063,228027,22555,438060,1792,816,976
76495,474154,36065,228037,22557,438089,1792,816,976
76500,474185,36068,228049,22560,438117,1792,816,976
76505,474216,36070,228064,22561,438146,1792,816,976
76510,474247,36073,228081,22563,438174,1792,816,976
76515,474278,36076,228099,22564,438202,1792,816,976
76520,474309,36077,228112,22564,438232,1792,816,976
76525,474340,36078,228124,22564,438262,1792,816,976
76530,474371,36079,228141,22565,438292,1792,816,976
76535,474402,36080,228153,22565,438322,1792,816,976
76540,474433,36081,228167,22565,438352,1792,816,976
76545,474464,36083,228177,22565,438381,1792,816,976
76550,474495,36085,228197,22566,438410,1793,816,977
76555,474526,36088,228214,22569,438437,1794,816,978
76560,474557,36091,228227,22571,438466,1795,816,979
76565,474588,36097,228238,22574,438491,1795,816,979
76570,474619,36101,228252,22577,438518,1795,816,979
76575,474650,36105,228264,22578,438545,1795,816,979
76580,474681,36110,228278,22581,438571,1795,816,979
76585,474712,36115,228294,22584,438596,1795,816,979
76590,474743,36120,228308,22587,438622,1795,816,979
76595,474774,36125,228322,22590,438649,1795,816,979
76600,474805,36129,228332,22592,438676,1795,816,979
76605,474836,36133,228345,22594,438703,1795,816,979
76610,474867,36137,228358,22597,438730,1795,816,979
76615,474898,36141,228371,22598,438756,1795,816,979
76620,474929,36146,228383,22603,438783,1795,816,979
76625,474960,36149,228395,22604,438811,1795,816,979
76630,474991,36152,228404,22605,438839,1795,816,979
76635,475022,36155,228419,22607,438867,1795,816,979
76640,475053,36158,228432,22607,438895,1795,816,979
76645,475084,36161,228447,22608,438923,1795,816,979
76650,475115,36164,228458,22610,438951,1795,816,979
76655,475146,36167,228470,22611,438979,1795,816,979
76660,475177,36170,228483,22611,439007,1795,816,979
76665,475208,36173,228501,22613,439035,1795,816,979
76670,475239,36176,228515,22614,439063,1795,816,979
76675,475270,36180,228530,22616,439090,1795,816,979
76680,475301,36183,228542,22616,439118,1796,817,979
76685,475332,36185,228555,22617,439147,1797,817,980
76690,475363,36188,228565,22618,439175,1798,817,981
76695,475394,36190,228583,22620,439204,1798,817,981
76700,475425,36192,228601,22621,439233,1798,817,981
76705,475456,36194,228613,22622,439262,1798,817,981
76710,475487,36196,228628,22623,439291,1798,817,981
76715,475518,36198,228645,22625,439320,1798,817,981
76720,475549,36200,228657,22626,439349,1798,817,981
76725,475580,36202,228667,22626,439378,1798,817,981
76730,475611,36204,228677,22627,439407,1798,817,981
76735,475642,36206,228692,22627,439436,1798,817,981
76740,475673,36208,228709,22628,439465,1798,817,981
76745,475704,36210,228725,22628,439494,1798,817,981
76750,475735,36212,228739,22630,439523,1798,817,981
76755,475766,36214,228755,22632,439552,1798,817,981
76760,475797,36216,228775,22632,439581,1798,817,981
76765,475828,36218,228790,22633,439610,1798,817,981
76770,475859,36220,228804,22634,439639,1798,817,981
76775,475890,36222,228816,22635,439668,1798,817,981
76780,475921,36224,228833,22635,439697,1798,817,981
76785,475952,36226,228851,22635,439726,1798,817,981
76790,475983,36229,228864,22636,439754,1798,817,981
76795,476014,36234,228878,22638,439780,1798,817,981
76800,476045,36239,228892,22641,439805,1798,817,981
76805,476076,36246,228909,22645,439830,1798,817,981
76810,476107,36251,228927,22649,439856,1798,817,981
76815,476138,36256,228942,22651,439882,1798,817,981
76820,476169,36259,228957,22654,439910,1798,817,981
76825,476200,36263,228972,22656,439937,1798,817,981
76830,476231,36267,228989,22659,439964,1798,817,981
76835,476262,36271,229004,22662,439991,1798,817,981
76840,476293,36276,229022,22664,440017,1798,817,981
76845,476324,36280,229042,22667,440044,1798,817,981
76850,476355,36282,229056,22668,440073,1798,817,981
76855,476386,36284,229075,22670,440102,1798,817,981
76860,476417,36286,229091,22672,440131,1798,817,981
76865,476448,36288,229106,22673,440160,1798,817,981
76870,476479,36290,229127,22675,440189,1798,817,981
76875,476510,36292,229143,22676,440218,1798,817,981
76880,476541,36294,229156,22677,440247,1798,817,981
76885,476572,36296,229171,22678,440276,1798,817,981
76890,476603,36298,229187,22679,440305,1798,817,981
76895,476634,36300,229203,22681,440334,1798,817,981
76900,476665,36302,229214,22682,440363,1798,817,981
76905,476696,36304,229231,22682,440392,1798,817,981
76910,476727,36306,229241,22683,440420,1799,817,982
76915,476758,36311,229254,22686,440447,1800,817,983
76920,476789,36315,229266,22688,440474,1801,817,984
76925,476820,36320,229282,22691,440500,1802,818,984
76930,476851,36323,229297,22692,440528,1803,819,984
76935,476882,36325,229308,22693,440557,1804,820,984
76940,476913,36329,229325,22696,440584,1805,821,984
76945,476944,36331,229338,22698,440613,1806,822,984
76950,476975,36334,229351,22700,440641,1807,822,985
76955,477006,36338,229366,22704,440668,1808,822,986
76960,477037,36341,229380,22705,440696,1809,823,986
76965,477068,36344,229391,22706,440724,1810,824,986
76970,477099,36347,229408,22709,440752,1810,824,986
76975,477130,36351,229424,22713,440779,1810,824,986
76980,477161,36356,229440,22716,440805,1810,824,986
76985,477192,36358,229453,22717,440834,1810,824,986
76990,477223,36360,229471,22718,440863,1810,824,986
76995,477254,36362,229487,22719,440892,1810,824,986
77000,477285,36364,229504,22721,440921,1810,824,986
77005,477316,36366,229519,22722,440950,1810,824,986
77010,477347,36368,229537,22724,440979,1810,824,986
77015,477378,36370,229554,22726,441008,1810,824,986
77020,477409,36372,229567,22727,441037,1810,824,986
77025,477440,36374,229583,22727,441066,1810,824,986
77030,477471,36377,229597,22730,441094,1810,824,986
77035,477502,36380,229609,22732,441122,1810,824,986
77040,477533,36383,229627,22735,441149,1810,824,986
77045,477564,36388,229641,22737,441176,1810,824,986
77050,477595,36392,229653,22740,441203,1810,824,986
77055,477626,36396,229664,22743,441230,1810,824,986
77060,477657,36400,229680,22746,441256,1810,824,986
77065,477688,36404,229693,22749,441283,1810,824,986
77070,477719,36409,229710,22754,441310,1811,824,987
77075,477750,36412,229727,22755,441337,1812,825,987
77080,477781,36416,229741,22756,441365,1813,826,987
77085,477812,36421,229750,22759,441391,1814,826,988
77090,477843,36426,229769,22761,441417,1815,827,988
77095,477874,36430,229783,22764,441444,1816,827,989
77100,477905,36434,229795,22768,441471,1817,827,990
77105,477936,36436,229809,22770,441500,1817,827,990
77110,477967,36439,229827,22773,441528,1817,827,990
77115,477998,36441,229844,22775,441557,1817,827,990
77120,478029,36443,229859,22776,441586,1817,827,990
77125,478060,36445,229872,22776,441615,1817,827,990
77130,478091,36448,229888,22779,441643,1817,827,990
77135,478122,36450,229900,22780,441672,1817,827,990
77140,478153,36452,229917,22781,441701,1817,827,990
77145,478184,36454,229934,22782,441730,1817,827,990
77150,478215,36457,229951,22784,441758,1817,827,990
77155,478246,36459,229964,22784,441787,1817,827,990
77160,478277,36462,229979,22786,441815,1817,827,990
77165,478308,36465,229988,22787,441843,1817,827,990
77170,478339,36468,230005,22789,441871,1817,827,990
77175,478370,36471,230019,22790,441899,1817,827,990
77180,478401,36474,230039,22792,441927,1817,827,990
77185,478432,36477,230051,22792,441955,1817,827,990
77190,478463,36480,230067,22793,441983,1817,827,990
77195,478494,36484,230080,22796,442010,1817,827,990
77200,478525,36488,230094,22799,442037,1817,827,990
77205,478556,36493,230106,22801,442062,1817,827,990
77210,478587,36499,230119,22805,442088,1818,827,991
77215,478618,36502,230131,22807,442116,1819,827,992
77220,478649,36506,230143,22809,442143,1820,827,993
77225,478680,36509,230155,22809,442171,1820,827,993
77230,478711,36512,230173,22811,442199,1820,827,993
77235,478742,36515,230189,22813,442227,1820,827,993
77240,478773,36518,230204,22814,442255,1820,827,993
77245,478804,36521,230218,22815,442283,1820,827,993
77250,478835,36524,230235,22817,442311,1820,827,993
77255,478866,36526,230249,22818,442340,1820,827,993
77260,478897,36528,230262,22820,442369,1820,827,993
77265,478928,36530,230272,22820,442398,1820,827,993
77270,478959,36533,230285,22822,442426,1820,827,993
77275,478990,36534,230301,22823,442456,1820,827,993
77280,479021,36535,230314,22823,442486,1820,827,993
77285,479052,36536,230323,22823,442516,1820,827,993
77290,479083,36537,230341,22824,442546,1820,827,993
77295,479114,36538,230353,22824,442576,1820,827,993
77300,479145,36539,230361,22825,442606,1820,827,993
77305,479176,36540,230372,22825,442636,1820,827,993
77310,479207,36541,230385,22825,442666,1820,827,993
77315,479238,36542,230405,22825,442696,1820,827,993
77320,479269,36544,230423,22825,442725,1820,827,993
77325,479300,36547,230441,22826,442753,1820,827,993
77330,479331,36550,230457,22828,442781,1821,828,993
77335,479362,36553,230474,22829,442809,1822,829,993
77340,479393,36557,230485,22830,442836,1823,830,993
77345,479424,36561,230501,22833,442863,1823,830,993
77350,479455,36565,230518,22836,442890,1823,830,993
77355,479486,36569,230535,22838,442917,1823,830,993
77360,479517,36574,230549,22841,442942,1823,830,993
77365,479548,36580,230566,22847,442968,1823,830,993
77370,479579,36584,230583,22849,442994,1823,830,993
77375,479610,36589,230599,22852,443020,1823,830,993
77380,479641,36595,230617,22857,443046,1823,830,993
77385,479672,36600,230635,22861,443072,1823,830,993
77390,479703,36604,230646,22864,443099,1823,830,993
77395,479734,36608,230662,22865,443125,1823,830,993
77400,479765,36613,230672,22868,443152,1823,830,993
77405,479796,36618,230691,22872,443178,1823,830,993
77410,479827,36621,230707,22874,443206,1823,830,993
77415,479858,36623,230720,22874,443235,1823,830,993
77420,479889,36626,230737,22876,443263,1823,830,993
77425,479920,36628,230755,22878,443292,1823,830,993
77430,479951,36630,230770,22880,443321,1823,830,993
77435,479982,36632,230785,22882,443350,1823,830,993
77440,480013,36634,230801,22884,443379,1823,830,993
77445,480044,36637,230817,22886,443407,1823,830,993
77450,480075,36640,230831,22887,443435,1823,830,993
77455,480106,36643,230850,22888,443463,1824,831,993
77460,480137,36644,230864,22888,443493,1825,831,994
77465,480168,36645,230876,22888,443523,1825,831,994
77470,480199,36646,230886,22889,443553,1825,831,994
77475,480230,36647,230901,22889,443583,1825,831,994
77480,480261,36648,230919,22890,443613,1825,831,994
77485,480292,36649,230939,22891,443643,1825,831,994
77490,480323,36650,230952,22891,443673,1825,831,994
77495,480354,36651,230965,22892,443703,1825,831,994
77500,480385,36652,230980,22892,443733,1825,831,994
77505,480416,36654,230997,22894,443762,1825,831,994
77510,480447,36657,231016,22895,443790,1825,831,994
77515,480478,36660,231034,22897,443817,1825,831,994
77520,480509,36665,231047,22899,443843,1825,831,994
77525,480540,36669,231067,22902,443870,1825,831,994
77530,480571,36673,231082,22906,443898,1825,831,994
77535,480602,36676,231093,22907,443926,1825,831,994
77540,480633,36679,231111,22908,443954,1825,831,994
77545,480664,36682,231127,22909,443982,1825,831,994
77550,480695,36685,231140,22909,444010,1825,831,994
77555,480726,36688,231156,22911,444038,1825,831,994
77560,480757,36691,231173,22913,444066,1825,831,994
77565,480788,36696,231186,22915,444091,1825,831,994
77570,480819,36701,231198,22918,444118,1825,831,994
77575,480850,36705,231214,22920,444145,1826,832,994
77580,480881,36710,231234,22924,444170,1827,833,994
77585,480912,36716,231248,22926,444196,1828,834,994
77590,480943,36721,231265,22929,444222,1829,835,994
77595,480974,36726,231284,22932,444248,1829,835,994
77600,481005,36730,231297,22934,444275,1829,835,994
77605,481036,36733,231311,22935,444303,1829,835,994
77610,481067,36736,231324,22936,444331,1829,835,994
77615,481098,36740,231338,22939,444358,1829,835,994
77620,481129,36743,231355,22940,444386,1829,835,994
77625,481160,36748,231367,22944,444412,1829,835,994
77630,481191,36752,231380,22946,444439,1829,835,994
77635,481222,36756,231397,22948,444466,1829,835,994
77640,481253,36760,231408,22952,444493,1829,835,994
77645,481284,36764,231426,22954,444520,1829,835,994
77650,481315,36766,231439,22954,444549,1829,835,994
77655,481346,36768,231453,22956,444578,1829,835,994
77660,481377,36770,231467,22957,444607,1829,835,994
77665,481408,36772,231483,22958,444636,1829,835,994
77670,481439,36774,231499,22959,444665,1829,835,994
77675,481470,36776,231510,22960,444694,1829,835,994
77680,481501,36778,231523,22962,444723,1829,835,994
77685,481532,36780,231541,22964,444751,1829,835,994
77690,481563,36782,231562,22966,444781,1829,835,994
77695,481594,36783,231575,22966,444811,1830,836,994
77700,481625,36784,231589,22966,444841,1831,837,994
77705,481656,36788,231601,22968,444868,1832,838,994
77710,481687,36791,231616,22970,444896,1832,838,994
77715,481718,36793,231629,22972,444925,1832,838,994
77720,481749,36795,231642,22972,444954,1832,838,994
77725,481780,36798,231659,22974,444982,1832,838,994
77730,481811,36801,231674,22975,445010,1832,838,994
77735,481842,36803,231687,22977,445039,1832,838,994
77740,481873,36805,231701,22977,445068,1832,838,994
77745,481904,36808,231716,22978,445096,1832,838,994
77750,481935,36810,231734,22979,445125,1832,838,994
77755,481966,36812,231745,22981,445154,1832,838,994
77760,481997,36816,231761,22983,445181,1832,838,994
77765,482028,36820,231772,22986,445208,1832,838,994
77770,482059,36824,231787,22988,445235,1832,838,994
77775,482090,36828,231801,22992,445262,1832,838,994
77780,482121,36833,231816,22995,445288,1832,838,994
77785,482152,36838,231832,22998,445314,1832,838,994
77790,482183,36842,231846,23000,445341,1832,838,994
77795,482214,36844,231861,23001,445370,1832,838,994
77800,482245,36846,231877,23002,445399,1832,838,994
77805,482276,36848,231890,23003,445428,1832,838,994
77810,482307,36850,231904,23003,445457,1833,839,994
77815,482338,36852,231920,23003,445485,1834,840,994
77820,482369,36855,231932,23005,445514,1835,840,995
77825,482400,36858,231950,23007,445541,1835,840,995
77830,482431,36862,231964,23009,445569,1835,840,995
77835,482462,36865,231984,23011,445597,1835,840,995
77840,482493,36868,231993,23012,445624,1835,840,995
77845,482524,36872,232006,23014,445652,1835,840,995
77850,482555,36875,232023,23016,445679,1835,840,995
77855,482586,36879,232039,23019,445707,1835,840,995
77860,482617,36882,232051,23020,445735,1835,840,995
77865,482648,36885,232065,23021,445762,1835,840,995
77870,482679,36889,232083,23024,445790,1835,840,995
77875,482710,36891,232098,23024,445819,1835,840,995
77880,482741,36893,232113,23025,445848,1835,840,995
77885,482772,36895,232129,23027,445877,1835,840,995
77890,482803,36897,232141,23028,445906,1835,840,995
77895,482834,36900,232156,23030,445934,1835,840,995
77900,482865,36904,232169,23034,445961,1835,840,995
77905,482896,36907,232184,23036,445989,1835,840,995
77910,482927,36910,232196,23036,446017,1835,840,995
77915,482958,36913,232211,23037,446045,1835,840,995
77920,482989,36916,232228,23039,446073,1835,840,995
77925,483020,36921,232247,23043,446099,1835,840,995
77930,483051,36926,232263,23046,446125,1835,840,995
77935,483082,36931,232278,23049,446151,1836,841,995
77940,483113,36936,232297,23054,446177,1837,841,996
77945,483144,36940,232315,23057,446204,1838,842,996
77950,483175,36944,232329,23059,446231,1838,842,996
77955,483206,36947,232342,23060,446259,1838,842,996
77960,483237,36950,232357,23061,446287,1838,842,996
77965,483268,36953,232373,23063,446315,1838,842,996
77970,483299,36956,232389,23064,446343,1838,842,996
77975,483330,36959,232404,23066,446371,1838,842,996
77980,483361,36962,232422,23067,446398,1838,842,996
77985,483392,36966,232435,23071,446426,1838,842,996
77990,483423,36969,232450,23071,446453,1838,842,996
77995,483454,36973,232468,23074,446481,1838,842,996
78000,483485,36976,232485,23076,446509,1838,842,996
78005,483516,36978,232499,23078,446538,1838,842,996
78010,483547,36980,232516,23079,446566,1838,842,996
78015,483578,36983,232532,23082,446595,1838,842,996
78020,483609,36985,232550,23083,446624,1838,842,996
78025,483640,36987,232565,23084,446653,1838,842,996
78030,483671,36989,232575,23085,446682,1838,842,996
78035,483702,36991,232590,23085,446711,1838,842,996
78040,483733,36993,232606,23086,446740,1838,842,996
78045,483764,36995,232620,23088,446768,1838,842,996
78050,483795,36998,232636,23089,446797,1838,842,996
78055,483826,37002,232652,23093,446824,1839,842,997
78060,483857,37005,232668,23094,446852,1840,843,997
78065,483888,37008,232679,23095,446880,1840,843,997
78070,483919,37012,232694,23097,446907,1840,843,997
78075,483950,37017,232711,23100,446933,1840,843,997
78080,483981,37022,232727,23102,446959,1840,843,997
78085,484012,37027,232746,23107,446985,1840,843,997
78090,484043,37031,232763,23109,447012,1840,843,997
78095,484074,37034,232777,23110,447040,1840,843,997
78100,484105,37038,232795,23114,447067,1840,843,997
78105,484136,37041,232810,23115,447095,1840,843,997
78110,484167,37042,232827,23116,447125,1840,843,997
78115,484198,37043,232843,23116,447155,1840,843,997
78120,484229,37044,232858,23116,447185,1840,843,997
78125,484260,37045,232874,23117,447215,1840,843,997
78130,484291,37046,232887,23117,447245,1840,843,997
78135,484322,37047,232904,23118,447275,1840,843,997
78140,484353,37048,232915,23118,447305,1840,843,997
78145,484384,37049,232927,23118,447335,1840,843,997
78150,484415,37050,232941,23118,447365,1840,843,997
78155,484446,37051,232958,23119,447395,1840,843,997
78160,484477,37052,232970,23119,447425,1840,843,997
78165,484508,37053,232982,23119,447455,1840,843,997
78170,484539,37055,232994,23120,447484,1841,844,997
78175,484570,37057,233008,23120,447513,1842,844,998
78180,484601,37059,233026,23122,447542,1843,844,999
78185,484632,37062,233041,23124,447570,1844,844,1000
78190,484663,37065,233048,23126,447598,1844,844,1000
78195,484694,37067,233060,23127,447627,1844,844,1000
78200,484725,37069,233074,23128,447656,1844,844,1000
78205,484756,37071,233095,23128,447685,1844,844,1000
78210,484787,37074,233109,23131,447713,1844,844,1000
78215,484818,37078,233125,23134,447740,1844,844,1000
78220,484849,37082,233140,23137,447767,1844,844,1000
78225,484880,37086,233158,23139,447794,1844,844,1000
78230,484911,37089,233174,23139,447822,1844,844,1000
78235,484942,37093,233191,23140,447849,1844,844,1000
78240,484973,37097,233203,23142,447876,1844,844,1000
78245,485004,37100,233217,23143,447904,1844,844,1000
78250,485035,37103,233233,23144,447932,1844,844,1000
78255,485066,37106,233243,23146,447960,1844,844,1000
78260,485097,37110,233257,23147,447987,1844,844,1000
78265,485128,37113,233277,23149,448015,1844,844,1000
78270,485159,37118,233292,23151,448041,1844,844,1000
78275,485190,37122,233306,23154,448068,1844,844,1000
78280,485221,37125,233321,23154,448096,1844,844,1000
78285,485252,37128,233331,23156,448124,1844,844,1000
78290,485283,37131,233346,23156,448151,1844,844,1000
78295,485314,37136,233365,23160,448177,1844,844,1000
78300,485345,37140,233380,23163,448205,1845,844,1001
78305,485376,37146,233391,23167,448229,1846,845,1001
78310,485407,37153,233408,23172,448253,1847,846,1001
78315,485438,37158,233423,23176,448280,1847,846,1001
78320,485469,37162,233438,23178,448307,1847,846,1001
78325,485500,37166,233450,23180,448334,1847,846,1001
78330,485531,37170,233469,23183,448361,1847,846,1001
78335,485562,37173,233482,23184,448389,1847,846,1001
78340,485593,37177,233501,23188,448416,1847,846,1001
78345,485624,37179,233517,23190,448445,1847,846,1001
78350,485655,37181,233535,23190,448474,1847,846,1001
78355,485686,37183,233553,23192,448503,1847,846,1001
78360,485717,37185,233569,23194,448532,1847,846,1001
78365,485748,37186,233589,23194,448562,1847,846,1001
78370,485779,37187,233606,23194,448592,1847,846,1001
78375,485810,37188,233623,23194,448622,1847,846,1001
78380,485841,37189,233639,23194,448652,1847,846,1001
78385,485872,37190,233652,23194,448682,1847,846,1001
78390,485903,37191,233669,23194,448712,1847,846,1001
78395,485934,37192,233684,23195,448742,1847,846,1001
78400,485965,37193,233699,23196,448772,1847,846,1001
78405,485996,37194,233714,23197,448802,1847,846,1001
78410,486027,37195,233730,23198,448832,1847,846,1001
78415,486058,37196,233745,23199,448862,1847,846,1001
78420,486089,37199,233759,23200,448890,1847,846,1001
78425,486120,37204,233775,23202,448916,1847,846,1001
78430,486151,37208,233788,23205,448943,1847,846,1001
78435,486182,37212,233803,23208,448970,1847,846,1001
78440,486213,37216,233822,23210,448997,1847,846,1001
78445,486244,37220,233841,23214,449024,1847,846,1001
78450,486275,37226,233857,23219,449049,1847,846,1001
78455,486306,37231,233875,23221,449075,1847,846,1001
78460,486337,37235,233892,23223,449102,1847,846,1001
78465,486368,37241,233908,23226,449127,1847,846,1001
78470,486399,37246,233923,23230,449153,1848,847,1001
78475,486430,37251,233934,23233,449179,1849,848,1001
78480,486461,37255,233949,23236,449205,1850,848,1002
78485,486492,37260,233969,23241,449232,1850,848,1002
78490,486523,37262,233981,23241,449261,1850,848,1002
78495,486554,37264,233994,23241,449290,1850,848,1002
78500,486585,37267,234012,23244,449318,1850,848,1002
78505,486616,37270,234030,23246,449346,1850,848,1002
78510,486647,37272,234045,23247,449375,1850,848,1002
78515,486678,37275,234060,23250,449403,1850,848,1002
78520,486709,37277,234073,23251,449432,1850,848,1002
78525,486740,37279,234092,23252,449461,1850,848,1002
78530,486771,37282,234107,23254,449489,1850,848,1002
78535,486802,37284,234122,23255,449518,1850,848,1002
78540,486833,37286,234142,23255,449547,1850,848,1002
78545,486864,37288,234155,23256,449576,1850,848,1002
78550,486895,37290,234170,23258,449605,1850,848,1002
78555,486926,37292,234183,23258,449634,1850,848,1002
78560,486957,37294,234197,23258,449663,1850,848,1002
78565,486988,37296,234215,23260,449692,1850,848,1002
78570,487019,37298,234226,23260,449721,1850,848,1002
78575,487050,37300,234240,23262,449750,1850,848,1002
78580,487081,37302,234254,23264,449779,1850,848,1002
78585,487112,37304,234269,23265,449808,1851,849,1002
78590,487143,37307,234280,23267,449836,1852,849,1003
78595,487174,37311,234292,23269,449863,1852,849,1003
78600,487205,37314,234305,23271,449891,1852,849,1003
78605,487236,37318,234324,23274,449917,1852,849,1003
78610,487267,37322,234337,23277,449944,1852,849,1003
78615,487298,37327,234353,23282,449970,1852,849,1003
78620,487329,37332,234364,23284,449997,1852,849,1003
78625,487360,37335,234381,23287,450025,1852,849,1003
78630,487391,37340,234400,23290,450051,1852,849,1003
78635,487422,37343,234414,23290,450079,1852,849,1003
78640,487453,37347,234429,23291,450106,1852,849,1003
78645,487484,37350,234440,23291,450134,1852,849,1003
78650,487515,37353,234453,23292,450162,1852,849,1003
78655,487546,37357,234473,23295,450189,1852,849,1003
78660,487577,37362,234491,23300,450215,1852,849,1003
78665,487608,37364,234510,23302,450244,1852,849,1003
78670,487639,37366,234531,23304,450273,1852,849,1003
78675,487670,37369,234550,23306,450301,1852,849,1003
78680,487701,37371,234561,23306,450330,1852,849,1003
78685,487732,37373,234575,23307,450359,1852,849,1003
78690,487763,37376,234593,23310,450387,1852,849,1003
78695,487794,37378,234604,23310,450416,1853,849,1004
78700,487825,37384,234622,23314,450441,1854,849,1005
78705,487856,37388,234634,23316,450468,1855,849,1006
78710,487887,37392,234648,23318,450495,1856,850,1006
78715,487918,37396,234658,23320,450522,1856,850,1006
78720,487949,37400,234679,23323,450549,1856,850,1006
78725,487980,37403,234690,23323,450577,1856,850,1006
78730,488011,37406,234704,23324,450605,1856,850,1006
78735,488042,37410,234719,23326,450632,1856,850,1006
78740,488073,37413,234735,23327,450660,1856,850,1006
78745,488104,37417,234755,23330,450687,1856,850,1006
78750,488135,37421,234772,23332,450714,1856,850,1006
78755,488166,37425,234782,23333,450741,1856,850,1006
78760,488197,37428,234802,23335,450769,1856,850,1006
78765,488228,37432,234818,23337,450796,1856,850,1006
78770,488259,37436,234833,23339,450823,1856,850,1006
78775,488290,37440,234849,23340,450849,1856,850,1006
78780,488321,37446,234864,23343,450875,1856,850,1006
78785,488352,37449,234881,23346,450903,1856,850,1006
78790,488383,37451,234895,23348,450932,1856,850,1006
78795,488414,37453,234905,23349,450961,1856,850,1006
78800,488445,37456,234924,23352,450989,1856,850,1006
78805,488476,37459,234941,23354,451017,1856,850,1006
78810,488507,37461,234956,23354,451046,1856,850,1006
78815,488538,37464,234969,23355,451074,1857,851,1006
78820,488569,37467,234984,23357,451102,1858,852,1006
78825,488600,37471,235002,23360,451129,1859,852,1007
78830,488631,37475,235013,23362,451156,1860,852,1008
78835,488662,37477,235027,23364,451185,1860,852,1008
78840,488693,37481,235041,23367,451212,1860,852,1008
78845,488724,37482,235056,23367,451242,1860,852,1008
78850,488755,37483,235067,23368,451272,1860,852,1008
78855,488786,37484,235082,23368,451302,1860,852,1008
78860,488817,37485,235096,23369,451332,1860,852,1008
78865,488848,37486,235113,23369,451362,1860,852,1008
78870,488879,37487,235127,23370,451392,1860,852,1008
78875,488910,37488,235144,23370,451422,1860,852,1008
78880,488941,37489,235155,23371,451452,1860,852,1008
78885,488972,37491,235167,23372,451481,1860,852,1008
78890,489003,37493,235185,23373,451510,1860,852,1008
78895,489034,37496,235202,23375,451537,1860,852,1008
78900,489065,37500,235221,23378,451565,1860,852,1008
78905,489096,37503,235238,23380,451592,1860,852,1008
78910,489127,37507,235253,23383,451619,1860,852,1008
78915,489158,37511,235265,23387,451647,1860,852,1008
78920,489189,37514,235282,23389,451674,1860,852,1008
78925,489220,37518,235294,23390,451701,1860,852,1008
78930,489251,37522,235306,23391,451728,1860,852,1008
78935,489282,37526,235321,23394,451756,1860,852,1008
78940,489313,37529,235331,23395,451784,1861,852,1009
78945,489344,37533,235345,23398,451811,1862,852,1010
78950,489375,37538,235361,23403,451837,1863,853,1010
78955,489406,37542,235373,23404,451864,1863,853,1010
78960,489437,37546,235388,23405,451891,1863,853,1010
78965,489468,37550,235406,23408,451918,1863,853,1010
78970,489499,37554,235422,23408,451945,1863,853,1010
78975,489530,37558,235436,23409,451972,1863,853,1010
78980,489561,37562,235454,23412,451999,1863,853,1010
78985,489592,37566,235465,23415,452026,1863,853,1010
78990,489623,37571,235479,23417,452052,1863,853,1010
78995,489654,37576,235493,23419,452078,1863,853,1010
79000,489685,37581,235508,23422,452104,1863,853,1010
79005,489716,37586,235518,23424,452130,1863,853,1010
79010,489747,37591,235531,23427,452156,1863,853,1010
79015,489778,37596,235548,23430,452182,1863,853,1010
79020,489809,37601,235564,23432,452208,1863,853,1010
79025,489840,37603,235575,23433,452237,1863,853,1010
79030,489871,37606,235594,23435,452265,1863,853,1010
79035,489902,37609,235607,23438,452293,1863,853,1010
79040,489933,37612,235622,23440,452321,1863,853,1010
79045,489964,37614,235638,23441,452350,1863,853,1010
79050,489995,37616,235651,23442,452379,1863,853,1010
79055,490026,37619,235662,23443,452407,1863,853,1010
79060,490057,37622,235679,23446,452435,1864,854,1010
79065,490088,37626,235695,23450,452462,1865,855,1010
79070,490119,37628,235711,23450,452491,1866,856,1010
79075,490150,37629,235723,23450,452521,1866,856,1010
79080,490181,37630,235741,23450,452551,1866,856,1010
79085,490212,37630,235754,23450,452582,1866,856,1010
79090,490243,37630,235767,23450,452613,1866,856,1010
79095,490274,37630,235779,23450,452644,1866,856,1010
79100,490305,37630,235798,23450,452675,1866,856,1010
79105,490336,37630,235810,23450,452706,1866,856,1010
79110,490367,37630,235823,23450,452737,1866,856,1010
79115,490398,37630,235840,23450,452768,1866,856,1010
79120,490429,37630,235850,23450,452799,1866,856,1010
79125,490460,37631,235866,23451,452829,1866,856,1010
79130,490491,37633,235889,23452,452858,1866,856,1010
79135,490522,37635,235901,23453,452887,1866,856,1010
79140,490553,37637,235916,23453,452916,1866,856,1010
79145,490584,37639,235928,23453,452945,1866,856,1010
79150,490615,37641,235950,23455,452974,1866,856,1010
79155,490646,37643,235964,23457,453003,1866,856,1010
79160,490677,37646,235977,23460,453031,1866,856,1010
79165,490708,37648,235994,23461,453060,1866,856,1010
79170,490739,37650,236010,23462,453089,1866,856,1010
79175,490770,37653,236023,23464,453117,1867,856,1011
79180,490801,37657,236036,23467,453144,1868,857,1011
79185,490832,37663,236053,23470,453169,1869,858,1011
79190,490863,37669,236074,23475,453194,1870,859,1011
79195,490894,37674,236090,23479,453220,1870,859,1011
79200,490925,37679,236106,23483,453246,1870,859,1011
79205,490956,37684,236123,23487,453271,1870,859,1011
79210,490987,37690,236137,23489,453297,1870,859,1011
79215,491018,37694,236149,23490,453323,1870,859,1011
79220,491049,37700,236164,23495,453349,1870,859,1011
79225,491080,37704,236181,23498,453376,1870,859,1011
79230,491111,37709,236195,23500,453401,1870,859,1011
79235,491142,37714,236208,23502,453427,1870,859,1011
79240,491173,37720,236229,23506,453453,1870,859,1011
79245,491204,37723,236240,23509,453481,1870,859,1011
79250,491235,37726,236258,23509,453509,1870,859,1011
79255,491266,37730,236278,23512,453536,1870,859,1011
79260,491297,37733,236292,23514,453564,1870,859,1011
79265,491328,37736,236306,23517,453592,1870,859,1011
79270,491359,37738,236318,23519,453621,1870,859,1011
79275,491390,37740,236338,23519,453650,1870,859,1011
79280,491421,37743,236356,23521,453678,1870,859,1011
79285,491452,37746,236375,23523,453706,1870,859,1011
79290,491483,37749,236391,23525,453734,1870,859,1011
79295,491514,37751,236405,23527,453763,1871,860,1011
79300,491545,37753,236422,23528,453792,1872,861,1011
79305,491576,37756,236437,23530,453820,1873,862,1011
79310,491607,37758,236451,23531,453849,1874,862,1012
79315,491638,37761,236466,23533,453877,1875,863,1012
79320,491669,37762,236479,23534,453907,1875,863,1012
79325,491700,37763,236494,23534,453937,1875,863,1012
79330,491731,37764,236510,23534,453967,1875,863,1012
79335,491762,37765,236529,23534,453997,1875,863,1012
79340,491793,37766,236548,23534,454027,1875,863,1012
79345,491824,37767,236555,23534,454057,1875,863,1012
79350,491855,37769,236571,23536,454086,1875,863,1012
79355,491886,37771,236583,23537,454115,1875,863,1012
79360,491917,37773,236604,23539,454144,1875,863,1012
79365,491948,37776,236620,23540,454172,1875,863,1012
79370,491979,37779,236635,23543,454200,1875,863,1012
79375,492010,37783,236653,23544,454226,1875,863,1012
79380,492041,37788,236677,23549,454253,1875,863,1012
79385,492072,37792,236694,23553,454280,1875,863,1012
79390,492103,37795,236711,23556,454308,1875,863,1012
79395,492134,37798,236725,23557,454336,1875,863,1012
79400,492165,37802,236742,23560,454363,1875,863,1012
79405,492196,37805,236755,23562,454390,1875,863,1012
79410,492227,37809,236769,23564,454417,1875,863,1012
79415,492258,37813,236786,23567,454445,1875,863,1012
79420,492289,37818,236802,23569,454471,1875,863,1012
79425,492320,37823,236817,23571,454497,1876,864,1012
79430,492351,37828,236830,23573,454523,1877,864,1013
79435,492382,37833,236845,23576,454549,1877,864,1013
79440,492413,37839,236863,23580,454574,1877,864,1013
79445,492444,37843,236880,23581,454601,1877,864,1013
79450,492475,37848,236891,23583,454627,1877,864,1013
79455,492506,37853,236904,23584,454653,1877,864,1013
79460,492537,37857,236918,23586,454680,1877,864,1013
79465,492568,37861,236933,23588,454707,1877,864,1013
79470,492599,37865,236945,23589,454734,1877,864,1013
79475,492630,37869,236959,23591,454761,1877,864,1013
79480,492661,37874,236974,23594,454787,1877,864,1013
79485,492692,37878,236990,23596,454814,1877,864,1013
79490,492723,37882,237002,23598,454841,1877,864,1013
79495,492754,37885,237020,23600,454869,1877,864,1013
79500,492785,37888,237033,23601,454897,1877,864,1013
79505,492816,37891,237048,23603,454925,1877,864,1013
79510,492847,37895,237064,23605,454952,1877,864,1013
79515,492878,37898,237077,23607,454979,1877,864,1013
79520,492909,37903,237087,23610,455005,1877,864,1013
79525,492940,37908,237101,23614,455031,1877,864,1013
79530,492971,37912,237119,23617,455059,1877,864,1013
79535,493002,37914,237136,23618,455088,1877,864,1013
79540,493033,37916,237156,23619,455117,1878,865,1013
79545,493064,37917,237162,23619,455147,1879,865,1014
79550,493095,37918,237179,23620,455177,1879,865,1014
79555,493126,37919,237192,23620,455207,1879,865,1014
79560,493157,37920,237208,23621,455237,1879,865,1014
79565,493188,37921,237218,23622,455267,1879,865,1014
79570,493219,37922,237234,23623,455297,1879,865,1014
79575,493250,37923,237251,23624,455327,1879,865,1014
79580,493281,37924,237267,23624,455357,1879,865,1014
79585,493312,37925,237285,23624,455387,1879,865,1014
79590,493343,37928,237301,23626,455415,1879,865,1014
79595,493374,37930,237314,23627,455444,1879,865,1014
79600,493405,37932,237328,23627,455473,1879,865,1014
79605,493436,37935,237344,23630,455501,1879,865,1014
79610,493467,37937,237360,23631,455530,1879,865,1014
79615,493498,37939,237373,23631,455559,1879,865,1014
79620,493529,37942,237390,23634,455587,1879,865,1014
79625,493560,37944,237402,23634,455616,1879,865,1014
79630,493591,37946,237416,23635,455645,1879,865,1014
79635,493622,37949,237423,23636,455673,1879,865,1014
79640,493653,37952,237434,23639,455701,1879,865,1014
79645,493684,37956,237450,23640,455728,1879,865,1014
79650,493715,37961,237463,23642,455754,1879,865,1014
79655,493746,37966,237480,23646,455779,1880,865,1015
79660,493777,37972,237492,23649,455805,1881,866,1015
79665,493808,37976,237508,23650,455832,1882,866,1016
79670,493839,37981,237526,23653,455857,1883,866,1017
79675,493870,37987,237544,23658,455882,1883,866,1017
79680,493901,37992,237554,23659,455908,1883,866,1017
79685,493932,37998,237570,23664,455934,1883,866,1017
79690,493963,38003,237585,23667,455960,1883,866,1017
79695,493994,38008,237597,23669,455986,1883,866,1017
79700,494025,38013,237612,23672,456012,1883,866,1017
79705,494056,38018,237629,23675,456038,1883,866,1017
79710,494087,38022,237646,23678,456065,1883,866,1017
79715,494118,38027,237660,23681,456091,1883,866,1017
79720,494149,38031,237678,23684,456118,1883,866,1017
79725,494180,38035,237692,23687,456145,1883,866,1017
79730,494211,38038,237703,23687,456173,1883,866,1017
79735,494242,38041,237717,23687,456201,1883,866,1017
79740,494273,38045,237736,23690,456228,1883,866,1017
79745,494304,38048,237750,23692,456256,1883,866,1017
79750,494335,38051,237760,23693,456284,1883,866,1017
79755,494366,38054,237776,23694,456312,1883,866,1017
79760,494397,38057,237790,23695,456340,1883,866,1017
79765,494428,38060,237805,23696,456368,1883,866,1017
79770,494459,38063,237819,23697,456396,1883,866,1017
79775,494490,38066,237837,23699,456424,1883,866,1017
79780,494521,38070,237849,23701,456451,1884,867,1017
79785,494552,38073,237864,23702,456478,1885,867,1018
79790,494583,38076,237878,23703,456507,1886,868,1018
79795,494614,38078,237890,23704,456536,1887,868,1019
79800,494645,38080,237909,23705,456564,1887,868,1019
79805,494676,38083,237930,23707,456593,1887,868,1019
79810,494707,38084,237942,23707,456623,1887,868,1019
79815,494738,38085,237955,23708,456653,1887,868,1019
79820,494769,38086,237970,23708,456683,1887,868,1019
79825,494800,38088,237985,23708,456712,1887,868,1019
79830,494831,38091,238000,23710,456740,1887,868,1019
79835,494862,38094,238014,23713,456768,1887,868,1019
79840,494893,38096,238031,23713,456797,1887,868,1019
79845,494924,38099,238047,23716,456825,1887,868,1019
79850,494955,38101,238063,23716,456854,1887,868,1019
79855,494986,38104,238076,23718,456882,1887,868,1019
79860,495017,38107,238090,23720,456910,1887,868,1019
79865,495048,38109,238103,23722,456939,1887,868,1019
79870,495079,38111,238116,23723,456968,1887,868,1019
79875,495110,38113,238130,23725,456997,1887,868,1019
79880,495141,38116,238145,23728,457025,1887,868,1019
79885,495172,38119,238161,23729,457053,1887,868,1019
79890,495203,38122,238175,23732,457081,1887,868,1019
79895,495234,38125,238188,23732,457109,1887,868,1019
79900,495265,38130,238206,23735,457135,1887,868,1019
79905,495296,38134,238221,23736,457162,1888,868,1020
79910,495327,38140,238237,23740,457187,1889,868,1021
79915,495358,38145,238251,23743,457213,1890,869,1021
79920,495389,38150,238269,23745,457239,1891,870,1021
79925,495420,38154,238287,23748,457266,1891,870,1021
79930,495451,38157,238303,23748,457294,1891,870,1021
79935,495482,38161,238322,23750,457321,1891,870,1021
79940,495513,38165,238336,23752,457347,1891,870,1021
79945,495544,38169,238351,23753,457375,1891,870,1021
79950,495575,38172,238366,23753,457403,1891,870,1021
79955,495606,38175,238378,23756,457431,1891,870,1021
79960,495637,38179,238392,23759,457458,1891,870,1021
79965,495668,38183,238406,23761,457485,1891,870,1021
79970,495699,38185,238418,23761,457514,1891,870,1021
79975,495730,38187,238436,23763,457543,1891,870,1021
79980,495761,38189,238451,23765,457571,1891,870,1021
79985,495792,38192,238466,23768,457600,1891,870,1021
79990,495823,38194,238476,23769,457629,1891,870,1021
79995,495854,38196,238493,23771,457658,1891,870,1021
80000,495885,38198,238510,23771,457687,1891,870,1021
80005,495916,38200,238524,23773,457716,1891,870,1021
80010,495947,38202,238539,23774,457745,1891,870,1021
80015,495978,38204,238553,23775,457774,1891,870,1021
80020,496009,38206,238568,23776,457803,1891,870,1021
80025,496040,38208,238585,23778,457832,1891,870,1021
80030,496071,38212,238603,23780,457859,1892,870,1022
80035,496102,38216,238618,23782,457886,1893,871,1022
80040,496133,38220,238633,23784,457913,1894,872,1022
80045,496164,38226,238647,23788,457938,1894,872,1022
80050,496195,38231,238663,23790,457964,1894,872,1022
80055,496226,38235,238680,23793,457991,1894,872,1022
80060,496257,38239,238692,23797,458018,1894,872,1022
80065,496288,38243,238704,23798,458045,1894,872,1022
80070,496319,38248,238716,23799,458071,1894,872,1022
80075,496350,38253,238730,23802,458097,1894,872,1022
80080,496381,38258,238739,23804,458123,1894,872,1022
80085,496412,38263,238750,23807,458148,1894,872,1022
80090,496443,38269,238766,23811,458173,1894,872,1022
80095,496474,38274,238781,23814,458199,1894,872,1022
80100,496505,38279,238790,23817,458226,1894,872,1022
80105,496536,38283,238811,23821,458253,1894,872,1022
80110,496567,38286,238826,23823,458281,1894,872,1022
80115,496598,38288,238840,23824,458310,1894,872,1022
80120,496629,38291,238857,23826,458338,1894,872,1022
80125,496660,38293,238873,23827,458367,1894,872,1022
80130,496691,38296,238890,23829,458395,1894,872,1022
80135,496722,38297,238906,23830,458425,1894,872,1022
80140,496753,38298,238920,23830,458455,1894,872,1022
80145,496784,38299,238930,23830,458485,1894,872,1022
80150,496815,38300,238946,23830,458515,1895,872,1023
80155,496846,38301,238951,23830,458545,1896,873,1023
80160,496877,38302,238969,23831,458575,1897,874,1023
80165,496908,38303,238988,23831,458605,1897,874,1023
80170,496939,38304,239004,23832,458635,1897,874,1023
80175,496970,38305,239021,23833,458665,1897,874,1023
80180,497001,38306,239039,23833,458695,1897,874,1023
80185,497032,38307,239055,23833,458725,1897,874,1023
80190,497063,38308,239072,23834,458755,1897,874,1023
80195,497094,38309,239093,23835,458785,1897,874,1023
80200,497125,38310,239107,23836,458815,1897,874,1023
80205,497156,38311,239118,23837,458845,1897,874,1023
80210,497187,38312,239130,23837,458875,1897,874,1023
80215,497218,38314,239144,23837,458904,1897,874,1023
80220,497249,38317,239160,23837,458932,1897,874,1023
80225,497280,38323,239172,23842,458957,1897,874,1023
80230,497311,38327,239186,23844,458984,1897,874,1023
80235,497342,38332,239199,23848,459010,1897,874,1023
80240,497373,38337,239209,23849,459035,1897,874,1023
80245,497404,38343,239225,23853,459061,1897,874,1023
80250,497435,38348,239243,23857,459087,1897,874,1023
80255,497466,38352,239257,23858,459114,1897,874,1023
80260,497497,38356,239269,23860,459141,1897,874,1023
80265,497528,38361,239286,23861,459166,1897,874,1023
80270,497559,38366,239295,23863,459192,1898,875,1023
80275,497590,38373,239311,23867,459216,1899,875,1024
80280,497621,38378,239328,23871,459242,1900,876,1024
80285,497652,38383,239346,23873,459268,1900,876,1024
80290,497683,38388,239359,23876,459295,1900,876,1024
80295,497714,38391,239374,23878,459323,1900,876,1024
80300,497745,38394,239390,23879,459351,1900,876,1024
80305,497776,38397,239406,23880,459379,1900,876,1024
80310,497807,38400,239424,23882,459407,1900,876,1024
80315,497838,38403,239434,23883,459435,1900,876,1024
80320,497869,38406,239449,23884,459463,1900,876,1024
80325,497900,38409,239467,23885,459491,1900,876,1024
80330,497931,38412,239482,23887,459519,1900,876,1024
80335,497962,38415,239502,23889,459547,1900,876,1024
80340,497993,38418,239517,23890,459575,1900,876,1024
80345,498024,38423,239528,23892,459601,1900,876,1024
80350,498055,38428,239544,23895,459627,1900,876,1024
80355,498086,38433,239557,23899,459653,1900,876,1024
80360,498117,38438,239572,23901,459679,1900,876,1024
80365,498148,38442,239593,23902,459706,1900,876,1024
80370,498179,38445,239611,23903,459734,1900,876,1024
80375,498210,38448,239627,23904,459762,1900,876,1024
80380,498241,38451,239646,23905,459790,1900,876,1024
80385,498272,38453,239656,23906,459819,1900,876,1024
80390,498303,38455,239669,23906,459848,1900,876,1024
80395,498334,38458,239683,23908,459876,1901,877,1024
80400,498365,38460,239696,23909,459905,1902,878,1024
80405,498396,38461,239713,23909,459935,1902,878,1024
80410,498427,38462,239730,23909,459965,1902,878,1024
80415,498458,38463,239744,23910,459995,1902,878,1024
80420,498489,38464,239756,23911,460025,1902,878,1024
80425,498520,38465,239766,23911,460055,1902,878,1024
80430,498551,38466,239781,23912,460085,1902,878,1024
80435,498582,38467,239798,23912,460115,1902,878,1024
80440,498613,38468,239810,23913,460145,1902,878,1024
80445,498644,38469,239824,23913,460175,1902,878,1024
80450,498675,38470,239835,23914,460205,1902,878,1024
80455,498706,38471,239852,23914,460235,1902,878,1024
80460,498737,38472,239869,23915,460265,1902,878,1024
80465,498768,38473,239884,23915,460295,1902,878,1024
80470,498799,38475,239896,23916,460324,1902,878,1024
80475,498830,38477,239912,23918,460353,1902,878,1024
80480,498861,38479,239929,23919,460382,1902,878,1024
80485,498892,38481,239946,23920,460411,1902,878,1024
80490,498923,38483,239958,23921,460440,1902,878,1024
80495,498954,38485,239971,23921,460469,1902,878,1024
80500,498985,38487,239985,23921,460498,1902,878,1024
80505,499016,38490,240004,23923,460526,1903,879,1024
80510,499047,38494,240018,23925,460553,1904,880,1024
80515,499078,38499,240036,23930,460579,1905,881,1024
80520,499109,38503,240051,23932,460606,1905,881,1024
80525,499140,38506,240062,23932,460634,1905,881,1024
80530,499171,38510,240075,23934,460661,1905,881,1024
80535,499202,38514,240093,23937,460688,1905,881,1024
80540,499233,38518,240109,23939,460715,1905,881,1024
80545,499264,38522,240123,23941,460742,1905,881,1024
80550,499295,38526,240139,23943,460769,1905,881,1024
80555,499326,38530,240154,23945,460796,1905,881,1024
80560,499357,38534,240171,23949,460823,1905,881,1024
80565,499388,38538,240189,23952,460850,1905,881,1024
80570,499419,38541,240203,23954,460878,1905,881,1024
80575,499450,38543,240217,23955,460907,1905,881,1024
80580,499481,38545,240229,23956,460936,1905,881,1024
80585,499512,38547,240247,23957,460965,1905,881,1024
80590,499543,38549,240265,23959,460994,1905,881,1024
80595,499574,38551,240280,23961,461023,1905,881,1024
80600,499605,38553,240295,23962,461052,1905,881,1024
80605,499636,38555,240312,23963,461081,1905,881,1024
80610,499667,38557,240328,23964,461110,1905,881,1024
80615,499698,38559,240347,23965,461139,1905,881,1024
80620,499729,38562,240359,23966,461167,1906,881,1025
80625,499760,38564,240377,23967,461196,1907,882,1025
80630,499791,38566,240394,23968,461225,1908,882,1026
80635,499822,38568,240412,23970,461254,1908,882,1026
80640,499853,38570,240428,23971,461283,1908,882,1026
80645,499884,38572,240447,23971,461312,1908,882,1026
80650,499915,38574,240460,23973,461341,1908,882,1026
80655,499946,38576,240479,23974,461370,1908,882,1026
80660,499977,38578,240492,23975,461399,1908,882,1026
80665,500008,38580,240503,23975,461428,1908,882,1026
80670,500039,38582,240522,23977,461457,1908,882,1026
80675,500070,38584,240535,23978,461486,1908,882,1026
80680,500101,38587,240551,23979,461514,1908,882,1026
80685,500132,38591,240565,23982,461541,1908,882,1026
80690,500163,38594,240582,23983,461569,1908,882,1026
80695,500194,38598,240599,23986,461596,1908,882,1026
80700,500225,38601,240615,23986,461624,1908,882,1026
80705,500256,38604,240625,23987,461652,1908,882,1026
80710,500287,38608,240643,23990,461679,1908,882,1026
80715,500318,38611,240655,23991,461707,1908,882,1026
80720,500349,38615,240672,23994,461734,1908,882,1026
80725,500380,38618,240689,23995,461762,1908,882,1026
80730,500411,38621,240706,23995,461790,1908,882,1026
80735,500442,38625,240720,23998,461817,1908,882,1026
80740,500473,38629,240734,24000,461844,1909,883,1026
80745,500504,38634,240750,24002,461870,1910,884,1026
80750,500535,38637,240761,24004,461898,1911,885,1026
80755,500566,38641,240775,24006,461925,1911,885,1026
80760,500597,38644,240789,24007,461953,1911,885,1026
80765,500628,38648,240809,24009,461980,1911,885,1026
80770,500659,38651,240820,24009,462008,1911,885,1026
80775,500690,38654,240836,24011,462036,1911,885,1026
80780,500721,38656,240851,24012,462065,1911,885,1026
80785,500752,38658,240864,24013,462094,1911,885,1026
80790,500783,38660,240879,24014,462123,1911,885,1026
80795,500814,38662,240892,24015,462152,1911,885,1026
80800,500845,38664,240911,24017,462181,1911,885,1026
80805,500876,38666,240920,24017,462210,1911,885,1026
80810,500907,38668,240937,24018,462239,1911,885,1026
80815,500938,38670,240953,24018,462268,1911,885,1026
80820,500969,38672,240971,24018,462297,1911,885,1026
80825,501000,38674,240986,24019,462326,1911,885,1026
80830,501031,38676,240997,24021,462355,1911,885,1026
80835,501062,38678,241014,24021,462384,1911,885,1026
80840,501093,38680,241026,24022,462413,1911,885,1026
80845,501124,38682,241043,24023,462442,1911,885,1026
80850,501155,38684,241058,24023,462471,1911,885,1026
80855,501186,38686,241069,24023,462500,1911,885,1026
80860,501217,38688,241083,24024,462529,1912,886,1026
80865,501248,38691,241097,24026,462557,1913,887,1026
80870,501279,38693,241112,24027,462586,1913,887,1026
80875,501310,38695,241131,24028,462615,1913,887,1026
80880,501341,38698,241142,24030,462643,1913,887,1026
80885,501372,38701,241161,24033,462671,1913,887,1026
80890,501403,38704,241177,24035,462699,1913,887,1026
80895,501434,38708,241190,24037,462726,1913,887,1026
80900,501465,38711,241207,24039,462754,1913,887,1026
80905,501496,38714,241222,24040,462782,1913,887,1026
80910,501527,38717,241240,24041,462810,1913,887,1026
80915,501558,38721,241251,24045,462837,1913,887,1026
80920,501589,38724,241267,24046,462865,1913,887,1026
80925,501620,38727,241280,24048,462893,1913,887,1026
80930,501651,38730,241296,24049,462921,1913,887,1026
80935,501682,38734,241310,24051,462948,1913,887,1026
80940,501713,38737,241324,24053,462976,1913,887,1026
80945,501744,38741,241343,24057,463003,1913,887,1026
80950,501775,38745,241360,24061,463030,1913,887,1026
80955,501806,38748,241377,24063,463058,1913,887,1026
80960,501837,38751,241387,24064,463086,1913,887,1026
80965,501868,38755,241405,24066,463113,1913,887,1026
80970,501899,38759,241422,24069,463140,1913,887,1026
80975,501930,38762,241437,24071,463168,1914,887,1027
80980,501961,38764,241451,24072,463197,1915,887,1028
80985,501992,38766,241465,24073,463226,1916,888,1028
80990,502023,38768,241483,24075,463255,1916,888,1028
80995,502054,38770,241498,24077,463284,1916,888,1028
81000,502085,38772,241515,24077,463313,1916,888,1028
81005,502116,38774,241530,24077,463342,1916,888,1028
81010,502147,38776,241544,24078,463371,1916,888,1028
81015,502178,38778,241563,24080,463400,1916,888,1028
81020,502209,38780,241580,24081,463429,1916,888,1028
81025,502240,38782,241591,24083,463458,1916,888,1028
81030,502271,38784,241609,24085,463487,1916,888,1028
81035,502302,38786,241627,24087,463516,1916,888,1028
81040,502333,38788,241650,24089,463545,1916,888,1028
81045,502364,38790,241669,24090,463574,1916,888,1028
81050,502395,38792,241686,24091,463603,1916,888,1028
81055,502426,38794,241705,24091,463632,1916,888,1028
81060,502457,38796,241718,24091,463661,1916,888,1028
81065,502488,38798,241734,24092,463690,1916,888,1028
81070,502519,38800,241753,24093,463719,1916,888,1028
81075,502550,38802,241769,24095,463748,1916,888,1028
81080,502581,38805,241781,24095,463776,1916,888,1028
81085,502612,38808,241795,24096,463804,1916,888,1028
81090,502643,38813,241811,24100,463830,1916,888,1028
81095,502674,38816,241827,24101,463858,1917,888,1029
81100,502705,38819,241844,24103,463886,1918,888,1030
81105,502736,38822,241859,24104,463914,1919,889,1030
81110,502767,38824,241875,24104,463943,1919,889,1030
81115,502798,38826,241895,24106,463972,1919,889,1030
81120,502829,38828,241909,24107,464001,1919,889,1030
81125,502860,38830,241925,24109,464030,1919,889,1030
81130,502891,38832,241940,24110,464059,1919,889,1030
81135,502922,38834,241956,24111,464088,1919,889,1030
81140,502953,38836,241969,24113,464117,1919,889,1030
81145,502984,38838,241986,24115,464146,1919,889,1030
81150,503015,38840,242001,24116,464175,1919,889,1030
81155,503046,38842,242010,24117,464204,1919,889,1030
81160,503077,38844,242027,24118,464233,1919,889,1030
81165,503108,38846,242045,24119,464262,1919,889,1030
81170,503139,38848,242060,24120,464291,1919,889,1030
81175,503170,38850,242077,24121,464320,1919,889,1030
81180,503201,38852,242092,24122,464349,1919,889,1030
81185,503232,38854,242103,24123,464378,1919,889,1030
81190,503263,38856,242118,24124,464407,1919,889,1030
81195,503294,38858,242134,24125,464436,1919,889,1030
81200,503325,38861,242149,24126,464464,1919,889,1030
81205,503356,38864,242164,24127,464492,1919,889,1030
81210,503387,38868,242177,24129,464519,1919,889,1030
81215,503418,38871,242194,24129,464547,1919,889,1030
81220,503449,38874,242206,24130,464575,1920,889,1031
81225,503480,38878,242226,24133,464602,1921,890,1031
81230,503511,38882,242243,24134,464629,1922,890,1032
81235,503542,38887,242261,24138,464655,1923,891,1032
81240,503573,38891,242279,24139,464682,1924,891,1033
81245,503604,38895,242292,24141,464709,1924,891,1033
81250,503635,38899,242308,24143,464736,1924,891,1033
81255,503666,38902,242320,24143,464764,1924,891,1033
81260,503697,38905,242337,24145,464792,1924,891,1033
81265,503728,38909,242350,24146,464819,1924,891,1033
81270,503759,38913,242360,24147,464846,1924,891,1033
81275,503790,38917,242382,24151,464873,1924,891,1033
81280,503821,38921,242395,24152,464900,1924,891,1033
81285,503852,38924,242405,24154,464928,1924,891,1033
81290,503883,38927,242417,24156,464956,1924,891,1033
81295,503914,38930,242434,24157,464984,1924,891,1033
81300,503945,38933,242452,24158,465012,1924,891,1033
81305,503976,38935,242466,24159,465041,1924,891,1033
81310,504007,38937,242482,24160,465070,1924,891,1033
81315,504038,38939,242498,24161,465099,1924,891,1033
81320,504069,38941,242513,24162,465128,1924,891,1033
81325,504100,38943,242533,24163,465157,1924,891,1033
81330,504131,38945,242548,24163,465186,1924,891,1033
81335,504162,38947,242564,24164,465215,1924,891,1033
81340,504193,38949,242585,24165,465244,1924,891,1033
81345,504224,38951,242602,24166,465273,1924,891,1033
81350,504255,38953,242617,24167,465302,1924,891,1033
81355,504286,38956,242635,24170,465330,1925,892,1033
81360,504317,38957,242652,24171,465360,1926,893,1033
81365,504348,38958,242671,24171,465390,1926,893,1033
81370,504379,38959,242680,24171,465420,1926,893,1033
81375,504410,38960,242692,24171,465450,1926,893,1033
81380,504441,38961,242710,24171,465480,1926,893,1033
81385,504472,38962,242718,24171,465510,1926,893,1033
81390,504503,38963,242733,24171,465540,1926,893,1033
81395,504534,38964,242747,24172,465570,1926,893,1033
81400,504565,38965,242763,24172,465600,1926,893,1033
81405,504596,38966,242776,24172,465630,1926,893,1033
81410,504627,38968,242789,24172,465659,1926,893,1033
81415,504658,38970,242800,24173,465688,1926,893,1033
81420,504689,38972,242816,24174,465717,1926,893,1033
81425,504720,38975,242833,24176,465745,1926,893,1033
81430,504751,38977,242848,24178,465774,1926,893,1033
81435,504782,38980,242867,24180,465802,1926,893,1033
81440,504813,38982,242884,24181,465831,1926,893,1033
81445,504844,38984,242901,24182,465860,1926,893,1033
81450,504875,38986,242915,24182,465889,1926,893,1033
81455,504906,38988,242929,24182,465918,1926,893,1033
81460,504937,38991,242939,24183,465946,1926,893,1033
81465,504968,38994,242952,24184,465974,1927,894,1033
81470,504999,38998,242964,24186,466001,1928,895,1033
81475,505030,39002,242975,24188,466028,1929,895,1034
81480,505061,39006,242991,24191,466055,1930,896,1034
81485,505092,39009,243006,24193,466083,1930,896,1034
81490,505123,39012,243018,24194,466111,1930,896,1034
81495,505154,39015,243032,24195,466139,1930,896,1034
81500,505185,39018,243051,24198,466167,1930,896,1034
81505,505216,39021,243066,24199,466195,1930,896,1034
81510,505247,39024,243082,24201,466223,1930,896,1034
81515,505278,39027,243095,24203,466251,1930,896,1034
81520,505309,39030,243110,24205,466279,1930,896,1034
81525,505340,39033,243127,24206,466307,1930,896,1034
81530,505371,39036,243139,24208,466335,1930,896,1034
81535,505402,39039,243148,24209,466363,1930,896,1034
81540,505433,39042,243159,24211,466391,1930,896,1034
81545,505464,39045,243172,24212,466419,1930,896,1034
81550,505495,39049,243189,24214,466446,1930,896,1034
81555,505526,39052,243207,24215,466474,1930,896,1034
81560,505557,39055,243221,24216,466502,1930,896,1034
81565,505588,39059,243239,24219,466529,1930,896,1034
81570,505619,39063,243259,24221,466556,1930,896,1034
81575,505650,39067,243272,24223,466583,1930,896,1034
81580,505681,39070,243286,24223,466611,1930,896,1034
81585,505712,39074,243302,24226,466638,1930,896,1034
81590,505743,39076,243319,24226,466667,1931,897,1034
81595,505774,39078,243340,24226,466696,1931,897,1034
81600,505805,39080,243358,24227,466725,1931,897,1034
81605,505836,39082,243377,24228,466754,1931,897,1034
81610,505867,39084,243391,24229,466783,1931,897,1034
81615,505898,39086,243406,24230,466812,1931,897,1034
81620,505929,39088,243417,24230,466841,1931,897,1034
81625,505960,39090,243436,24232,466870,1931,897,1034
81630,505991,39092,243453,24234,466899,1931,897,1034
81635,506022,39094,243464,24234,466928,1931,897,1034
81640,506053,39096,243473,24235,466957,1931,897,1034
81645,506084,39098,243486,24236,466986,1931,897,1034
81650,506115,39100,243502,24238,467015,1931,897,1034
81655,506146,39103,243516,24239,467043,1931,897,1034
81660,506177,39105,243527,24239,467072,1931,897,1034
81665,506208,39106,243542,24240,467102,1931,897,1034
81670,506239,39107,243558,24241,467132,1931,897,1034
81675,506270,39108,243574,24241,467162,1931,897,1034
81680,506301,39109,243592,24241,467192,1931,897,1034
81685,506332,39110,243604,24241,467222,1931,897,1034
81690,506363,39111,243618,24242,467252,1931,897,1034
81695,506394,39113,243632,24243,467281,1931,897,1034
81700,506425,39115,243648,24244,467310,1931,897,1034
81705,506456,39117,243661,24245,467339,1931,897,1034
81710,506487,39119,243674,24245,467368,1931,897,1034
81715,506518,39121,243687,24247,467397,1931,897,1034
81720,506549,39123,243704,24248,467426,1931,897,1034
81725,506580,39126,243718,24250,467454,1931,897,1034
81730,506611,39129,243732,24251,467482,1931,897,1034
81735,506642,39131,243747,24253,467511,1931,897,1034
81740,506673,39133,243761,24254,467540,1931,897,1034
81745,506704,39136,243775,24255,467568,1931,897,1034
81750,506735,39138,243794,24257,467597,1931,897,1034
81755,506766,39141,243809,24258,467625,1931,897,1034
81760,506797,39143,243828,24258,467654,1931,897,1034
81765,506828,39146,243842,24259,467682,1931,897,1034
81770,506859,39150,243856,24261,467709,1931,897,1034
81775,506890,39153,243869,24263,467737,1931,897,1034
81780,506921,39157,243885,24267,467764,1931,897,1034
81785,506952,39161,243902,24270,467791,1931,897,1034
81790,506983,39163,243916,24271,467820,1931,897,1034
81795,507014,39165,243929,24272,467849,1931,897,1034
81800,507045,39167,243947,24274,467878,1931,897,1034
81805,507076,39170,243964,24277,467906,1931,897,1034
81810,507107,39172,243979,24278,467935,1931,897,1034
81815,507138,39175,243999,24280,467963,1931,897,1034
81820,507169,39177,244014,24281,467992,1931,897,1034
81825,507200,39180,244026,24282,468020,1931,897,1034
81830,507231,39182,244037,24283,468049,1932,897,1035
81835,507262,39184,244047,24284,468078,1933,897,1036
81840,507293,39186,244061,24284,468107,1934,897,1037
81845,507324,39188,244071,24284,468136,1934,897,1037
81850,507355,39190,244086,24285,468165,1934,897,1037
81855,507386,39192,244098,24285,468194,1934,897,1037
81860,507417,39194,244114,24286,468223,1934,897,1037
81865,507448,39196,244128,24286,468252,1934,897,1037
81870,507479,39198,244145,24287,468281,1934,897,1037
81875,507510,39200,244160,24289,468310,1934,897,1037
81880,507541,39202,244168,24290,468339,1934,897,1037
81885,507572,39204,244188,24291,468368,1934,897,1037
81890,507603,39206,244199,24293,468397,1934,897,1037
81895,507634,39209,244213,24295,468425,1934,897,1037
81900,507665,39212,244228,24296,468453,1934,897,1037
81905,507696,39215,244245,24298,468481,1934,897,1037
81910,507727,39218,244261,24300,468509,1934,897,1037
81915,507758,39221,244278,24301,468537,1934,897,1037
81920,507789,39224,244292,24303,468565,1934,897,1037
81925,507820,39228,244306,24306,468592,1934,897,1037
81930,507851,39231,244321,24308,468620,1934,897,1037
81935,507882,39235,244334,24311,468647,1934,897,1037
81940,507913,39238,244348,24313,468675,1934,897,1037
81945,507944,39241,244362,24315,468703,1934,897,1037
81950,507975,39245,244380,24318,468730,1934,897,1037
81955,508006,39249,244394,24320,468757,1934,897,1037
81960,508037,39253,244406,24322,468784,1934,897,1037
81965,508068,39256,244415,24323,468812,1935,897,1038
81970,508099,39259,244435,24326,468840,1936,898,1038
81975,508130,39262,244450,24328,468868,1936,898,1038
81980,508161,39265,244469,24330,468896,1936,898,1038
81985,508192,39267,244482,24331,468925,1936,898,1038
81990,508223,39269,244496,24332,468954,1936,898,1038
81995,508254,39271,244512,24333,468983,1936,898,1038
82000,508285,39273,244526,24334,469012,1936,898,1038
82005,508316,39275,244541,24335,469041,1936,898,1038
82010,508347,39277,244556,24336,469070,1936,898,1038
82015,508378,39279,244573,24336,469099,1936,898,1038
82020,508409,39281,244594,24336,469128,1936,898,1038
82025,508440,39285,244604,24338,469155,1937,899,1038
82030,508471,39288,244620,24340,469183,1937,899,1038
82035,508502,39291,244636,24341,469211,1937,899,1038
82040,508533,39295,244656,24345,469238,1937,899,1038
82045,508564,39299,244666,24346,469265,1937,899,1038
82050,508595,39303,244681,24348,469292,1937,899,1038
82055,508626,39306,244701,24350,469320,1937,899,1038
82060,508657,39310,244716,24353,469347,1937,899,1038
82065,508688,39313,244728,24353,469375,1937,899,1038
82070,508719,39316,244735,24353,469403,1937,899,1038
82075,508750,39319,244752,24354,469431,1937,899,1038
82080,508781,39322,244769,24355,469459,1937,899,1038
82085,508812,39324,244786,24357,469488,1938,899,1039
82090,508843,39326,244801,24357,469517,1939,899,1040
82095,508874,39329,244818,24360,469545,1940,899,1041
82100,508905,39330,244833,24361,469575,1940,899,1041
82105,508936,39331,244849,24361,469605,1940,899,1041
82110,508967,39332,244860,24362,469635,1940,899,1041
82115,508998,39333,244876,24363,469665,1940,899,1041
82120,509029,39334,244889,24364,469695,1940,899,1041
82125,509060,39335,244904,24364,469725,1940,899,1041
82130,509091,39336,244920,24364,469755,1940,899,1041
82135,509122,39337,244939,24364,469785,1940,899,1041
82140,509153,39338,244960,24364,469815,1940,899,1041
82145,509184,39339,244973,24365,469845,1940,899,1041
82150,509215,39340,244991,24365,469875,1940,899,1041
82155,509246,39341,245004,24365,469905,1940,899,1041
82160,509277,39342,245016,24365,469935,1940,899,1041
82165,509308,39343,245032,24365,469965,1940,899,1041
82170,509339,39344,245045,24365,469995,1940,899,1041
82175,509370,39345,245061,24365,470025,1940,899,1041
82180,509401,39346,245074,24366,470055,1940,899,1041
82185,509432,39347,245093,24367,470085,1940,899,1041
82190,509463,39350,245107,24369,470113,1940,899,1041
82195,509494,39352,245120,24370,470142,1940,899,1041
82200,509525,39356,245134,24371,470169,1941,900,1041
82205,509556,39359,245147,24374,470197,1942,900,1042
82210,509587,39363,245158,24376,470224,1943,900,1043
82215,509618,39366,245171,24378,470252,1944,900,1044
82220,509649,39370,245189,24380,470279,1945,900,1045
82225,509680,39373,245208,24382,470307,1945,900,1045
82230,509711,39376,245223,24382,470335,1945,900,1045
82235,509742,39379,245234,24383,470363,1945,900,1045
82240,509773,39382,245250,24383,470391,1945,900,1045
82245,509804,39385,245261,24386,470419,1945,900,1045
82250,509835,39388,245271,24387,470447,1945,900,1045
82255,509866,39392,245285,24388,470474,1945,900,1045
82260,509897,39395,245303,24390,470502,1945,900,1045
82265,509928,39400,245322,24394,470528,1946,901,1045
82270,509959,39404,245337,24395,470555,1947,901,1046
82275,509990,39407,245352,24396,470583,1948,901,1047
82280,510021,39410,245369,24399,470611,1948,901,1047
82285,510052,39413,245383,24402,470639,1948,901,1047
82290,510083,39416,245398,24404,470667,1948,901,1047
82295,510114,39418,245413,24405,470696,1948,901,1047
82300,510145,39421,245429,24408,470724,1948,901,1047
82305,510176,39423,245439,24409,470753,1948,901,1047
82310,510207,39425,245453,24409,470782,1948,901,1047
82315,510238,39427,245469,24410,470811,1948,901,1047
82320,510269,39429,245485,24410,470840,1948,901,1047
82325,510300,39432,245501,24412,470868,1949,902,1047
82330,510331,39436,245519,24413,470895,1950,903,1047
82335,510362,39440,245536,24415,470922,1951,903,1048
82340,510393,39443,245550,24417,470950,1952,903,1049
82345,510424,39447,245569,24420,470977,1952,903,1049
82350,510455,39450,245587,24421,471005,1952,903,1049
82355,510486,39453,245602,24422,471033,1952,903,1049
82360,510517,39456,245620,24423,471061,1952,903,1049
82365,510548,39459,245632,24424,471089,1952,903,1049
82370,510579,39462,245648,24426,471117,1952,903,1049
82375,510610,39465,245664,24427,471145,1952,903,1049
82380,510641,39468,245685,24428,471173,1952,903,1049
82385,510672,39470,245698,24430,471202,1953,903,1050
82390,510703,39472,245714,24431,471231,1953,903,1050
82395,510734,39474,245729,24433,471260,1953,903,1050
82400,510765,39476,245742,24433,471289,1953,903,1050
82405,510796,39478,245758,24434,471318,1953,903,1050
82410,510827,39480,245773,24435,471347,1953,903,1050
82415,510858,39482,245790,24436,471376,1953,903,1050
82420,510889,39484,245803,24436,471405,1953,903,1050
82425,510920,39487,245815,24438,471433,1953,903,1050
82430,510951,39488,245827,24439,471463,1953,903,1050
82435,510982,39489,245837,24439,471493,1953,903,1050
82440,511013,39490,245856,24440,471523,1953,903,1050
82445,511044,39491,245871,24440,471553,1953,903,1050
82450,511075,39492,245893,24441,471583,1953,903,1050
82455,511106,39493,245903,24441,471613,1953,903,1050
82460,511137,39494,245916,24442,471643,1953,903,1050
82465,511168,39495,245930,24442,471673,1953,903,1050
82470,511199,39496,245945,24442,471703,1953,903,1050
82475,511230,39497,245957,24442,471733,1953,903,1050
82480,511261,39498,245971,24442,471763,1953,903,1050
82485,511292,39499,245985,24442,471793,1953,903,1050
82490,511323,39501,245993,24442,471822,1953,903,1050
82495,511354,39503,246009,24444,471851,1954,903,1051
82500,511385,39505,246027,24445,471880,1955,904,1051
82505,511416,39507,246040,24445,471909,1956,904,1052
82510,511447,39509,246054,24446,471938,1956,904,1052
82515,511478,39511,246070,24448,471967,1956,904,1052
82520,511509,39513,246083,24450,471996,1956,904,1052
82525,511540,39515,246099,24450,472025,1956,904,1052
82530,511571,39518,246108,24450,472053,1956,904,1052
82535,511602,39521,246125,24452,472081,1956,904,1052
82540,511633,39524,246138,24453,472109,1956,904,1052
82545,511664,39527,246155,24455,472137,1956,904,1052
82550,511695,39530,246169,24457,472165,1956,904,1052
82555,511726,39533,246187,24459,472193,1956,904,1052
82560,511757,39536,246208,24461,472221,1956,904,1052
82565,511788,39539,246225,24462,472249,1956,904,1052
82570,511819,39542,246236,24462,472277,1956,904,1052
82575,511850,39545,246252,24464,472305,1956,904,1052
82580,511881,39548,246265,24465,472333,1956,904,1052
82585,511912,39552,246279,24468,472360,1956,904,1052
82590,511943,39555,246288,24470,472388,1956,904,1052
82595,511974,39558,246301,24471,472416,1956,904,1052
82600,512005,39561,246317,24474,472444,1956,904,1052
82605,512036,39565,246331,24477,472471,1956,904,1052
82610,512067,39569,246345,24478,472498,1956,904,1052
82615,512098,39572,246359,24480,472526,1956,904,1052
82620,512129,39576,246367,24483,472553,1956,904,1052
82625,512160,39579,246380,24484,472581,1956,904,1052
82630,512191,39583,246392,24486,472608,1956,904,1052
82635,512222,39587,246407,24488,472635,1956,904,1052
82640,512253,39590,246422,24490,472663,1956,904,1052
82645,512284,39594,246437,24492,472690,1956,904,1052
82650,512315,39597,246448,24493,472718,1956,904,1052
82655,512346,39600,246461,24494,472746,1956,904,1052
82660,512377,39603,246475,24497,472774,1956,904,1052
82665,512408,39607,246487,24499,472801,1956,904,1052
82670,512439,39610,246499,24502,472829,1956,904,1052
82675,512470,39614,246518,24505,472856,1956,904,1052
82680,512501,39616,246535,24506,472885,1956,904,1052
82685,512532,39618,246549,24508,472914,1957,905,1052
82690,512563,39620,246563,24508,472943,1958,905,1053
82695,512594,39623,246578,24511,472971,1959,905,1054
82700,512625,39625,246592,24512,473000,1960,905,1055
82705,512656,39628,246612,24514,473028,1961,906,1055
82710,512687,39629,246624,24515,473058,1962,906,1056
82715,512718,39630,246640,24515,473088,1962,906,1056
82720,512749,39631,246656,24516,473118,1962,906,1056
82725,512780,39632,246665,24516,473148,1962,906,1056
82730,512811,39633,246678,24517,473178,1962,906,1056
82735,512842,39634,246690,24518,473208,1962,906,1056
82740,512873,39635,246704,24519,473238,1962,906,1056
82745,512904,39636,246716,24520,473268,1962,906,1056
82750,512935,39637,246732,24520,473298,1962,906,1056
82755,512966,39638,246750,24521,473328,1962,906,1056
82760,512997,39639,246766,24522,473358,1962,906,1056
82765,513028,39640,246777,24522,473388,1962,906,1056
82770,513059,39641,246793,24523,473418,1962,906,1056
82775,513090,39642,246813,24524,473448,1962,906,1056
82780,513121,39644,246830,24525,473477,1962,906,1056
82785,513152,39646,246843,24526,473506,1962,906,1056
82790,513183,39648,246861,24526,473535,1962,906,1056
82795,513214,39650,246881,24526,473564,1962,906,1056
82800,513245,39652,246893,24526,473593,1962,906,1056
82805,513276,39656,246907,24529,473620,1962,906,1056
82810,513307,39659,246925,24531,473648,1962,906,1056
82815,513338,39662,246937,24532,473676,1963,906,1057
82820,513369,39666,246953,24534,473703,1964,906,1058
82825,513400,39670,246967,24537,473730,1965,907,1058
82830,513431,39674,246979,24539,473757,1966,907,1059
82835,513462,39678,246993,24541,473784,1967,907,1060
82840,513493,39682,247005,24544,473811,1968,907,1061
82845,513524,39685,247020,24546,473839,1969,907,1062
82850,513555,39689,247036,24548,473866,1969,907,1062
82855,513586,39693,247053,24552,473893,1969,907,1062
82860,513617,39697,247069,24554,473920,1969,907,1062
82865,513648,39700,247086,24555,473948,1969,907,1062
82870,513679,39704,247101,24558,473975,1969,907,1062
82875,513710,39707,247114,24559,474003,1969,907,1062
82880,513741,39711,247125,24562,474030,1969,907,1062
82885,513772,39715,247139,24566,474057,1969,907,1062
82890,513803,39718,247156,24568,474085,1969,907,1062
82895,513834,39721,247172,24569,474113,1969,907,1062
82900,513865,39724,247187,24569,474141,1969,907,1062
82905,513896,39727,247202,24571,474169,1969,907,1062
82910,513927,39730,247216,24572,474197,1969,907,1062
82915,513958,39733,247229,24575,474225,1969,907,1062
82920,513989,39736,247244,24577,474253,1969,907,1062
82925,514020,39739,247258,24579,474281,1969,907,1062
82930,514051,39742,247276,24580,474309,1969,907,1062
82935,514082,39745,247294,24581,474337,1969,907,1062
82940,514113,39748,247311,24583,474365,1969,907,1062
82945,514144,39751,247330,24585,474393,1969,907,1062
82950,514175,39754,247343,24585,474421,1969,907,1062
82955,514206,39757,247355,24586,474449,1969,907,1062
82960,514237,39760,247371,24586,474477,1969,907,1062
82965,514268,39763,247388,24587,474505,1969,907,1062
82970,514299,39767,247405,24588,474532,1969,907,1062
82975,514330,39771,247420,24591,474559,1969,907,1062
82980,514361,39774,247432,24593,474587,1969,907,1062
82985,514392,39776,247443,24594,474616,1969,907,1062
82990,514423,39778,247459,24595,474645,1969,907,1062
82995,514454,39780,247479,24597,474674,1969,907,1062
83000,514485,39782,247498,24599,474703,1969,907,1062
83005,514516,39784,247512,24599,474732,1969,907,1062
83010,514547,39786,247527,24599,474761,1969,907,1062
83015,514578,39788,247545,24600,474790,1969,907,1062
83020,514609,39790,247560,24600,474819,1969,907,1062
83025,514640,39792,247571,24600,474848,1969,907,1062
83030,514671,39794,247587,24601,474877,1969,907,1062
83035,514702,39796,247602,24603,474906,1969,907,1062
83040,514733,39798,247618,24604,474935,1969,907,1062
83045,514764,39800,247636,24605,474964,1969,907,1062
83050,514795,39802,247652,24606,474993,1969,907,1062
83055,514826,39804,247664,24606,475022,1969,907,1062
83060,514857,39806,247675,24607,475051,1969,907,1062
83065,514888,39808,247692,24608,475080,1969,907,1062
83070,514919,39810,247711,24608,475109,1969,907,1062
83075,514950,39812,247723,24608,475138,1969,907,1062
83080,514981,39814,247738,24609,475167,1969,907,1062
83085,515012,39816,247756,24611,475196,1970,908,1062
83090,515043,39819,247771,24613,475224,1971,909,1062
83095,515074,39821,247788,24614,475253,1971,909,1062
83100,515105,39823,247802,24616,475282,1971,909,1062
83105,515136,39826,247814,24618,475310,1971,909,1062
83110,515167,39830,247832,24621,475337,1971,909,1062
83115,515198,39833,247846,24622,475365,1971,909,1062
83120,515229,39836,247862,24624,475393,1971,909,1062
83125,515260,39840,247880,24627,475420,1971,909,1062
83130,515291,39843,247899,24628,475448,1971,909,1062
83135,515322,39846,247913,24629,475476,1971,909,1062
83140,515353,39849,247929,24631,475504,1971,909,1062
83145,515384,39852,247949,24633,475532,1971,909,1062
83150,515415,39855,247967,24635,475560,1971,909,1062
83155,515446,39858,247984,24636,475588,1971,909,1062
83160,515477,39861,248001,24637,475616,1971,909,1062
83165,515508,39863,248018,24639,475645,1971,909,1062
83170,515539,39865,248027,24641,475674,1971,909,1062
83175,515570,39867,248042,24641,475703,1971,909,1062
83180,515601,39869,248058,24642,475732,1971,909,1062
83185,515632,39871,248078,24643,475761,1971,909,1062
83190,515663,39873,248094,24645,475790,1971,909,1062
83195,515694,39875,248107,24645,475819,1972,909,1063
83200,515725,39877,248120,24646,475848,1973,910,1063
83205,515756,39879,248135,24648,475877,1974,911,1063
83210,515787,39881,248149,24649,475906,1975,911,1064
83215,515818,39883,248165,24649,475935,1975,911,1064
83220,515849,39885,248175,24649,475964,1975,911,1064
83225,515880,39888,248191,24650,475992,1975,911,1064
83230,515911,39891,248202,24651,476020,1975,911,1064
83235,515942,39895,248217,24655,476047,1975,911,1064
83240,515973,39898,248232,24656,476075,1975,911,1064
83245,516004,39902,248254,24660,476102,1975,911,1064
83250,516035,39905,248265,24663,476130,1975,911,1064
83255,516066,39908,248281,24666,476158,1975,911,1064
83260,516097,39911,248292,24666,476186,1975,911,1064
83265,516128,39914,248303,24667,476214,1975,911,1064
83270,516159,39917,248314,24668,476242,1975,911,1064
83275,516190,39920,248331,24670,476270,1975,911,1064
83280,516221,39924,248346,24673,476297,1975,911,1064
83285,516252,39928,248361,24676,476324,1975,911,1064
83290,516283,39932,248375,24679,476351,1975,911,1064
83295,516314,39936,248389,24682,476378,1975,911,1064
83300,516345,39940,248402,24684,476405,1975,911,1064
83305,516376,39942,248420,24685,476434,1975,911,1064
83310,516407,39943,248435,24685,476464,1975,911,1064
83315,516438,39944,248452,24685,476494,1976,912,1064
83320,516469,39945,248470,24686,476524,1977,913,1064
83325,516500,39946,248484,24686,476554,1978,913,1065
83330,516531,39947,248499,24686,476584,1979,913,1066
83335,516562,39948,248521,24686,476614,1980,914,1066
83340,516593,39949,248537,24686,476644,1980,914,1066
83345,516624,39950,248550,24687,476674,1980,914,1066
83350,516655,39951,248565,24687,476704,1980,914,1066
83355,516686,39952,248581,24688,476734,1980,914,1066
83360,516717,39952,248598,24688,476765,1980,914,1066
83365,516748,39952,248609,24688,476796,1980,914,1066
83370,516779,39952,248628,24688,476827,1980,914,1066
83375,516810,39952,248641,24688,476858,1980,914,1066
83380,516841,39952,248654,24688,476889,1980,914,1066
83385,516872,39952,248671,24688,476920,1980,914,1066
83390,516903,39952,248684,24688,476951,1980,914,1066
83395,516934,39952,248704,24688,476982,1980,914,1066
83400,516965,39952,248720,24688,477013,1980,914,1066
83405,516996,39953,248737,24688,477043,1980,914,1066
83410,517027,39954,248750,24689,477073,1980,914,1066
83415,517058,39955,248764,24689,477103,1980,914,1066
83420,517089,39956,248779,24690,477133,1980,914,1066
83425,517120,39957,248793,24690,477163,1980,914,1066
83430,517151,39958,248811,24690,477193,1980,914,1066
83435,517182,39959,248824,24691,477223,1980,914,1066
83440,517213,39960,248843,24691,477253,1981,915,1066
83445,517244,39962,248861,24692,477282,1982,916,1066
83450,517275,39964,248880,24693,477311,1983,917,1066
83455,517306,39965,248894,24693,477341,1984,917,1067
83460,517337,39967,248909,24694,477370,1985,917,1068
83465,517368,39969,248921,24695,477399,1985,917,1068
83470,517399,39971,248937,24696,477428,1985,917,1068
83475,517430,39972,248951,24696,477458,1985,917,1068
83480,517461,39973,248965,24696,477488,1985,917,1068
83485,517492,39974,248983,24697,477518,1985,917,1068
83490,517523,39975,248995,24697,477548,1985,917,1068
83495,517554,39976,249009,24697,477578,1985,917,1068
83500,517585,39977,249023,24697,477608,1985,917,1068
83505,517616,39979,249035,24699,477637,1985,917,1068
83510,517647,39980,249052,24700,477667,1985,917,1068
83515,517678,39981,249068,24701,477697,1985,917,1068
83520,517709,39982,249082,24701,477727,1985,917,1068
83525,517740,39983,249099,24702,477757,1985,917,1068
83530,517771,39984,249114,24703,477787,1985,917,1068
83535,517802,39985,249124,24704,477817,1985,917,1068
83540,517833,39986,249139,24705,477847,1985,917,1068
83545,517864,39987,249152,24706,477877,1985,917,1068
83550,517895,39988,249168,24706,477907,1985,917,1068
83555,517926,39989,249185,24706,477937,1985,917,1068
83560,517957,39990,249196,24706,477967,1985,917,1068
83565,517988,39991,249214,24706,477997,1986,918,1068
83570,518019,39992,249231,24707,478027,1987,918,1069
83575,518050,39993,249246,24707,478057,1988,919,1069
83580,518081,39994,249262,24708,478087,1989,919,1070
83585,518112,39995,249278,24709,478117,1989,919,1070
83590,518143,39996,249291,24709,478147,1989,919,1070
83595,518174,39997,249305,24710,478177,1989,919,1070
83600,518205,39998,249316,24711,478207,1989,919,1070
83605,518236,39999,249329,24712,478237,1989,919,1070
83610,518267,40000,249343,24712,478267,1989,919,1070
83615,518298,40002,249360,24713,478296,1989,919,1070
83620,518329,40002,249373,24713,478327,1989,919,1070
83625,518360,40002,249383,24713,478358,1989,919,1070
83630,518391,40002,249395,24713,478389,1989,919,1070
83635,518422,40002,249409,24713,478420,1989,919,1070
83640,518453,40002,249423,24713,478451,1989,919,1070
83645,518484,40002,249436,24713,478482,1989,919,1070
83650,518515,40002,249455,24713,478513,1989,919,1070
83655,518546,40002,249473,24713,478544,1989,919,1070
83660,518577,40002,249486,24713,478575,1989,919,1070
83665,518608,40002,249505,24713,478606,1989,919,1070
83670,518639,40002,249520,24713,478637,1989,919,1070
83675,518670,40002,249537,24713,478668,1989,919,1070
83680,518701,40002,249554,24713,478699,1989,919,1070
83685,518732,40002,249570,24713,478730,1990,919,1071
83690,518763,40002,249584,24713,478761,1991,920,1071
83695,518794,40002,249597,24713,478792,1992,921,1071
83700,518825,40002,249609,24713,478823,1993,922,1071
83705,518856,40002,249619,24713,478854,1993,922,1071
83710,518887,40002,249632,24713,478885,1993,922,1071
83715,518918,40002,249651,24713,478916,1993,922,1071
83720,518949,40002,249669,24713,478947,1993,922,1071
83725,518980,40002,249683,24713,478978,1993,922,1071
83730,519011,40003,249695,24714,479008,1993,922,1071
83735,519042,40004,249715,24714,479038,1993,922,1071
83740,519073,40005,249733,24715,479068,1993,922,1071
83745,519104,40006,249754,24716,479098,1993,922,1071
83750,519135,40007,249769,24716,479128,1993,922,1071
83755,519166,40008,249782,24716,479158,1993,922,1071
83760,519197,40009,249798,24717,479188,1993,922,1071
83765,519228,40010,249810,24718,479218,1993,922,1071
83770,519259,40011,249826,24719,479248,1993,922,1071
83775,519290,40013,249840,24720,479277,1993,922,1071
83780,519321,40014,249850,24720,479307,1993,922,1071
83785,519352,40016,249866,24722,479336,1993,922,1071
83790,519383,40018,249881,24723,479365,1993,922,1071
83795,519414,40019,249896,24723,479395,1993,922,1071
83800,519445,40021,249911,24724,479424,1993,922,1071
83805,519476,40023,249924,24725,479453,1994,922,1072
83810,519507,40024,249940,24726,479483,1995,923,1072
83815,519538,40025,249955,24727,479513,1996,924,1072
83820,519569,40026,249971,24727,479543,1997,925,1072
83825,519600,40027,249986,24727,479573,1997,925,1072
83830,519631,40028,249999,24728,479603,1997,925,1072
83835,519662,40029,250014,24728,479633,1997,925,1072
83840,519693,40030,250027,24728,479663,1997,925,1072
83845,519724,40031,250040,24728,479693,1997,925,1072
83850,519755,40032,250054,24729,479723,1997,925,1072
83855,519786,40033,250069,24729,479753,1997,925,1072
83860,519817,40034,250084,24729,479783,1997,925,1072
83865,519848,40035,250101,24730,479813,1997,925,1072
83870,519879,40036,250120,24730,479843,1997,925,1072
83875,519910,40037,250137,24731,479873,1997,925,1072
83880,519941,40038,250150,24732,479903,1997,925,1072
83885,519972,40039,250167,24732,479933,1997,925,1072
83890,520003,40040,250181,24733,479963,1997,925,1072
83895,520034,40041,250198,24733,479993,1997,925,1072
83900,520065,40042,250209,24733,480023,1997,925,1072
83905,520096,40043,250227,24733,480053,1997,925,1072
83910,520127,40044,250241,24733,480083,1997,925,1072
83915,520158,40046,250256,24734,480112,1997,925,1072
83920,520189,40047,250267,24735,480142,1997,925,1072
83925,520220,40049,250284,24737,480171,1997,925,1072
83930,520251,40051,250297,24739,480200,1998,926,1072
83935,520282,40051,250307,24739,480231,1999,927,1072
83940,520313,40051,250325,24739,480262,2000,928,1072
83945,520344,40051,250336,24739,480293,2001,928,1073
83950,520375,40051,250353,24739,480324,2001,928,1073
83955,520406,40051,250365,24739,480355,2001,928,1073
83960,520437,40051,250379,24739,480386,2001,928,1073
83965,520468,40051,250398,24739,480417,2001,928,1073
83970,520499,40051,250412,24739,480448,2001,928,1073
83975,520530,40051,250424,24739,480479,2001,928,1073
83980,520561,40051,250440,24739,480510,2001,928,1073
83985,520592,40051,250458,24739,480541,2001,928,1073
83990,520623,40051,250472,24739,480572,2001,928,1073
83995,520654,40051,250487,24739,480603,2001,928,1073
84000,520685,40051,250503,24739,480634,2001,928,1073
84005,520716,40051,250518,24739,480665,2001,928,1073
84010,520747,40051,250536,24739,480696,2001,928,1073
84015,520778,40051,250547,24739,480727,2001,928,1073
84020,520809,40051,250560,24739,480758,2001,928,1073
84025,520840,40051,250573,24739,480789,2001,928,1073
84030,520871,40051,250586,24739,480820,2001,928,1073
84035,520902,40051,250599,24739,480851,2001,928,1073
84040,520933,40052,250613,24740,480881,2001,928,1073
84045,520964,40053,250625,24740,480911,2001,928,1073
84050,520995,40054,250643,24741,480941,2002,928,1074
84055,521026,40056,250658,24743,480970,2003,928,1075
84060,521057,40058,250677,24745,480999,2004,929,1075
84065,521088,40059,250693,24745,481029,2004,929,1075
84070,521119,40060,250706,24745,481059,2004,929,1075
84075,521150,40061,250720,24746,481089,2004,929,1075
84080,521181,40062,250736,24747,481119,2004,929,1075
84085,521212,40063,250750,24747,481149,2004,929,1075
84090,521243,40065,250764,24749,481178,2004,929,1075
84095,521274,40066,250784,24750,481208,2004,929,1075
84100,521305,40067,250799,24750,481238,2004,929,1075
84105,521336,40068,250815,24751,481268,2004,929,1075
84110,521367,40069,250833,24752,481298,2004,929,1075
84115,521398,40070,250851,24752,481328,2004,929,1075
84120,521429,40071,250865,24752,481358,2004,929,1075
84125,521460,40072,250882,24752,481388,2004,929,1075
84130,521491,40073,250897,24753,481418,2004,929,1075
84135,521522,40073,250914,24753,481449,2004,929,1075
84140,521553,40073,250926,24753,481480,2004,929,1075
84145,521584,40073,250944,24753,481511,2004,929,1075
84150,521615,40073,250955,24753,481542,2004,929,1075
84155,521646,40073,250970,24753,481573,2004,929,1075
84160,521677,40073,250981,24753,481604,2004,929,1075
84165,521708,40073,250997,24753,481635,2004,929,1075
84170,521739,40073,251010,24753,481666,2005,929,1076
84175,521770,40073,251025,24753,481697,2006,929,1077
84180,521801,40073,251035,24753,481728,2007,930,1077
84185,521832,40073,251052,24753,481759,2008,931,1077
84190,521863,40073,251066,24753,481790,2008,931,1077
84195,521894,40073,251081,24753,481821,2008,931,1077
84200,521925,40073,251097,24753,481852,2008,931,1077
84205,521956,40073,251112,24753,481883,2008,931,1077
84210,521987,40073,251129,24753,481914,2008,931,1077
84215,522018,40073,251145,24753,481945,2008,931,1077
84220,522049,40073,251161,24753,481976,2008,931,1077
84225,522080,40073,251180,24753,482007,2008,931,1077
84230,522111,40073,251193,24753,482038,2008,931,1077
84235,522142,40073,251210,24753,482069,2008,931,1077
84240,522173,40073,251221,24753,482100,2008,931,1077
84245,522204,40073,251233,24753,482131,2008,931,1077
84250,522235,40073,251249,24753,482162,2008,931,1077
84255,522266,40073,251266,24753,482193,2008,931,1077
84260,522297,40073,251280,24753,482224,2008,931,1077
84265,522328,40073,251297,24753,482255,2008,931,1077
84270,522359,40073,251309,24753,482286,2008,931,1077
84275,522390,40073,251326,24753,482317,2008,931,1077
84280,522421,40073,251340,24753,482348,2008,931,1077
84285,522452,40073,251351,24753,482379,2008,931,1077
84290,522483,40073,251371,24753,482410,2009,931,1078
84295,522514,40073,251384,24753,482441,2010,931,1079
84300,522545,40073,251396,24753,482472,2011,932,1079
84305,522576,40073,251415,24753,482503,2011,932,1079
84310,522607,40073,251429,24753,482534,2011,932,1079
84315,522638,40073,251443,24753,482565,2011,932,1079
84320,522669,40073,251457,24753,482596,2011,932,1079
84325,522700,40073,251476,24753,482627,2011,932,1079
84330,522731,40073,251490,24753,482658,2011,932,1079
84335,522762,40073,251513,24753,482689,2011,932,1079
84340,522793,40073,251531,24753,482720,2011,932,1079
84345,522824,40073,251548,24753,482751,2011,932,1079
84350,522855,40073,251563,24753,482782,2011,932,1079
84355,522886,40073,251581,24753,482813,2011,932,1079
84360,522917,40073,251597,24753,482844,2011,932,1079
84365,522948,40073,251612,24753,482875,2011,932,1079
84370,522979,40073,251627,24753,482906,2011,932,1079
84375,523010,40073,251644,24753,482937,2011,932,1079
84380,523041,40073,251662,24753,482968,2011,932,1079
84385,523072,40073,251679,24753,482999,2011,932,1079
84390,523103,40073,251695,24753,483030,2011,932,1079
84395,523134,40073,251714,24753,483061,2011,932,1079
84400,523165,40073,251727,24753,483092,2011,932,1079
84405,523196,40073,251740,24753,483123,2011,932,1079
84410,523227,40073,251748,24753,483154,2012,932,1080
84415,523258,40073,251760,24753,483185,2013,932,1081
84420,523289,40073,251774,24753,483216,2014,933,1081
84425,523320,40073,251794,24753,483247,2014,933,1081
84430,523351,40073,251809,24753,483278,2014,933,1081
84435,523382,40073,251819,24753,483309,2014,933,1081
84440,523413,40073,251831,24753,483340,2014,933,1081
84445,523444,40073,251839,24753,483371,2014,933,1081
84450,523475,40073,251851,24753,483402,2014,933,1081
84455,523506,40073,251866,24753,483433,2014,933,1081
84460,523537,40073,251880,24753,483464,2014,933,1081
84465,523568,40073,251896,24753,483495,2014,933,1081
84470,523599,40073,251914,24753,483526,2014,933,1081
84475,523630,40073,251929,24753,483557,2014,933,1081
84480,523661,40073,251944,24753,483588,2014,933,1081
84485,523692,40073,251958,24753,483619,2014,933,1081
84490,523723,40073,251972,24753,483650,2014,933,1081
84495,523754,40073,251985,24753,483681,2014,933,1081
84500,523785,40073,251999,24753,483712,2014,933,1081
84505,523816,40073,252013,24753,483743,2014,933,1081
84510,523847,40073,252028,24753,483774,2014,933,1081
84515,523878,40073,252043,24753,483805,2014,933,1081
84520,523909,40073,252060,24753,483836,2014,933,1081
84525,523940,40073,252077,24753,483867,2015,933,1082
84530,523971,40073,252088,24753,483898,2016,933,1083
84535,524002,40073,252101,24753,483929,2017,933,1084
84540,524033,40073,252114,24753,483960,2018,934,1084
84545,524064,40073,252129,24753,483991,2018,934,1084
84550,524095,40073,252146,24753,484022,2018,934,1084
84555,524126,40073,252165,24753,484053,2018,934,1084
84560,524157,40073,252181,24753,484084,2018,934,1084
84565,524188,40073,252196,24753,484115,2018,934,1084
84570,524219,40073,252208,24753,484146,2018,934,1084
84575,524250,40073,252219,24753,484177,2018,934,1084
84580,524281,40073,252233,24753,484208,2018,934,1084
84585,524312,40073,252250,24753,484239,2018,934,1084
84590,524343,40073,252265,24753,484270,2018,934,1084
84595,524374,40073,252274,24753,484301,2018,934,1084
84600,524405,40073,252290,24753,484332,2018,934,1084
84605,524436,40073,252303,24753,484363,2018,934,1084
84610,524467,40073,252316,24753,484394,2018,934,1084
84615,524498,40073,252335,24753,484425,2018,934,1084
84620,524529,40073,252350,24753,484456,2018,934,1084
84625,524560,40073,252362,24753,484487,2018,934,1084
84630,524591,40073,252381,24753,484518,2018,934,1084
84635,524622,40073,252392,24753,484549,2018,934,1084
84640,524653,40073,252406,24753,484580,2018,934,1084
84645,524684,40073,252425,24753,484611,2019,935,1084
84650,524715,40073,252439,24753,484642,2020,935,1085
84655,524746,40073,252451,24753,484673,2021,935,1086
84660,524777,40073,252462,24753,484704,2022,935,1087
84665,524808,40073,252475,24753,484735,2022,935,1087
84670,524839,40073,252490,24753,484766,2022,935,1087
84675,524870,40073,252501,24753,484797,2022,935,1087
84680,524901,40073,252516,24753,484828,2022,935,1087
84685,524932,40073,252532,24753,484859,2022,935,1087
84690,524963,40073,252545,24753,484890,2022,935,1087
84695,524994,40073,252561,24753,484921,2022,935,1087
84700,525025,40073,252579,24753,484952,2022,935,1087
84705,525056,40073,252590,24753,484983,2022,935,1087
84710,525087,40073,252607,24753,485014,2022,935,1087
84715,525118,40073,252623,24753,485045,2022,935,1087
84720,525149,40073,252639,24753,485076,2022,935,1087
84725,525180,40073,252649,24753,485107,2023,935,1088
84730,525211,40073,252671,24753,485138,2024,936,1088
84735,525242,40073,252686,24753,485169,2025,936,1089
84740,525273,40073,252701,24753,485200,2026,937,1089
84745,525304,40073,252716,24753,485231,2027,938,1089
84750,525335,40073,252726,24753,485262,2028,938,1090
84755,525366,40073,252743,24753,485293,2029,938,1091
84760,525397,40073,252759,24753,485324,2030,939,1091
84765,525428,40073,252774,24753,485355,2031,940,1091
84770,525459,40073,252785,24753,485386,2031,940,1091
84775,525490,40073,252800,24753,485417,2031,940,1091
84780,525521,40073,252816,24753,485448,2031,940,1091
84785,525552,40073,252830,24753,485479,2031,940,1091
84790,525583,40073,252849,24753,485510,2031,940,1091
84795,525614,40073,252866,24753,485541,2031,940,1091
84800,525645,40073,252875,24753,485572,2031,940,1091
84805,525676,40073,252887,24753,485603,2031,940,1091
84810,525707,40073,252900,24753,485634,2031,940,1091
84815,525738,40073,252913,24753,485665,2031,940,1091
84820,525769,40073,252931,24753,485696,2031,940,1091
84825,525800,40073,252950,24753,485727,2031,940,1091
84830,525831,40073,252967,24753,485758,2031,940,1091
84835,525862,40073,252977,24753,485789,2031,940,1091
84840,525893,40073,252996,24753,485820,2031,940,1091
84845,525924,40073,253009,24753,485851,2031,940,1091
84850,525955,40073,253025,24753,485882,2031,940,1091
84855,525986,40073,253041,24753,485913,2031,940,1091
84860,526017,40073,253058,24753,485944,2031,940,1091
84865,526048,40073,253076,24753,485975,2031,940,1091
84870,526079,40073,253093,24753,486006,2032,940,1092
84875,526110,40073,253108,24753,486037,2033,941,1092
84880,526141,40073,253119,24753,486068,2034,942,1092
84885,526172,40073,253131,24753,486099,2035,943,1092
84890,526203,40073,253147,24753,486130,2036,944,1092
84895,526234,40073,253158,24753,486161,2037,945,1092
84900,526265,40073,253174,24753,486192,2038,946,1092
84905,526296,40073,253192,24753,486223,2038,946,1092
84910,526327,40073,253206,24753,486254,2038,946,1092
84915,526358,40073,253222,24753,486285,2038,946,1092
84920,526389,40073,253243,24753,486316,2038,946,1092
84925,526420,40073,253257,24753,486347,2038,946,1092
84930,526451,40073,253274,24753,486378,2038,946,1092
84935,526482,40073,253289,24753,486409,2038,946,1092
84940,526513,40073,253305,24753,486440,2038,946,1092
84945,526544,40073,253322,24753,486471,2038,946,1092
84950,526575,40073,253336,24753,486502,2038,946,1092
84955,526606,40073,253347,24753,486533,2038,946,1092
84960,526637,40073,253360,24753,486564,2038,946,1092
84965,526668,40073,253379,24753,486595,2038,946,1092
84970,526699,40073,253389,24753,486626,2038,946,1092
84975,526730,40073,253408,24753,486657,2038,946,1092
84980,526761,40073,253425,24753,486688,2038,946,1092
84985,526792,40073,253444,24753,486719,2038,946,1092
84990,526823,40073,253455,24753,486750,2038,946,1092
84995,526854,40073,253468,24753,486781,2038,946,1092
85000,526885,40073,253479,24753,486812,2038,946,1092
85005,526916,40073,253494,24753,486843,2038,946,1092
85010,526947,40073,253507,24753,486874,2038,946,1092
85015,526978,40073,253520,24753,486905,2039,946,1093
85020,527009,40073,253534,24753,486936,2040,947,1093
85025,527040,40073,253547,24753,486967,2041,947,1094
85030,527071,40073,253561,24753,486998,2042,947,1095
85035,527102,40073,253577,24753,487029,2042,947,1095
85040,527133,40073,253592,24753,487060,2042,947,1095
85045,527164,40073,253608,24753,487091,2042,947,1095
85050,527195,40073,253630,24753,487122,2042,947,1095
85055,527226,40073,253648,24753,487153,2042,947,1095
85060,527257,40073,253667,24753,487184,2042,947,1095
85065,527288,40073,253682,24753,487215,2042,947,1095
85070,527319,40073,253695,24753,487246,2042,947,1095
85075,527350,40073,253709,24753,487277,2042,947,1095
85080,527381,40073,253726,24753,487308,2042,947,1095
85085,527412,40073,253737,24753,487339,2042,947,1095
85090,527443,40073,253748,24753,487370,2042,947,1095
85095,527474,40073,253759,24753,487401,2042,947,1095
85100,527505,40073,253772,24753,487432,2042,947,1095
85105,527536,40073,253787,24753,487463,2042,947,1095
85110,527567,40073,253806,24753,487494,2042,947,1095
85115,527598,40073,253823,24753,487525,2042,947,1095
85120,527629,40073,253842,24753,487556,2042,947,1095
85125,527660,40073,253855,24753,487587,2042,947,1095
85130,527691,40073,253872,24753,487618,2042,947,1095
85135,527722,40073,253887,24753,487649,2043,947,1096
85140,527753,40073,253905,24753,487680,2044,947,1097
85145,527784,40073,253922,24753,487711,2045,948,1097
85150,527815,40073,253939,24753,487742,2046,948,1098
85155,527846,40073,253956,24753,487773,2047,948,1099
85160,527877,40073,253971,24753,487804,2047,948,1099
85165,527908,40073,253985,24753,487835,2047,948,1099
85170,527939,40073,254006,24753,487866,2047,948,1099
85175,527970,40073,254024,24753,487897,2047,948,1099
85180,528001,40073,254037,24753,487928,2047,948,1099
85185,528032,40073,254048,24753,487959,2047,948,1099
85190,528063,40073,254067,24753,487990,2047,948,1099
85195,528094,40073,254083,24753,488021,2047,948,1099
85200,528125,40073,254095,24753,488052,2047,948,1099
85205,528156,40073,254106,24753,488083,2047,948,1099
85210,528187,40073,254126,24753,488114,2047,948,1099
85215,528218,40073,254143,24753,488145,2047,948,1099
85220,528249,40073,254156,24753,488176,2047,948,1099
85225,528280,40073,254170,24753,488207,2047,948,1099
85230,528311,40073,254189,24753,488238,2047,948,1099
85235,528342,40073,254201,24753,488269,2047,948,1099
85240,528373,40073,254209,24753,488300,2047,948,1099
85245,528404,40073,254223,24753,488331,2047,948,1099
85250,528435,40073,254242,24753,488362,2047,948,1099
85255,528466,40073,254258,24753,488393,2047,948,1099
85260,528497,40073,254268,24753,488424,2047,948,1099
85265,528528,40073,254288,24753,488455,2048,949,1099
85270,528559,40073,254302,24753,488486,2049,949,1100
85275,528590,40073,254317,24753,488517,2050,950,1100
85280,528621,40073,254334,24753,488548,2051,950,1101
85285,528652,40073,254350,24753,488579,2052,951,1101
85290,528683,40073,254362,24753,488610,2052,951,1101
85295,528714,40073,254379,24753,488641,2052,951,1101
85300,528745,40073,254390,24753,488672,2052,951,1101
85305,528776,40073,254408,24753,488703,2052,951,1101
85310,528807,40073,254424,24753,488734,2052,951,1101
85315,528838,40073,254439,24753,488765,2052,951,1101
85320,528869,40073,254451,24753,488796,2052,951,1101
85325,528900,40073,254469,24753,488827,2052,951,1101
85330,528931,40073,254487,24753,488858,2052,951,1101
85335,528962,40073,254499,24753,488889,2052,951,1101
85340,528993,40073,254511,24753,488920,2052,951,1101
85345,529024,40073,254524,24753,488951,2052,951,1101
85350,529055,40073,254536,24753,488982,2052,951,1101
85355,529086,40073,254550,24753,489013,2052,951,1101
85360,529117,40073,254560,24753,489044,2052,951,1101
85365,529148,40073,254574,24753,489075,2052,951,1101
85370,529179,40073,254589,24753,489106,2052,951,1101
85375,529210,40073,254604,24753,489137,2052,951,1101
85380,529241,40073,254619,24753,489168,2052,951,1101
85385,529272,40073,254633,24753,489199,2052,951,1101
85390,529303,40073,254651,24753,489230,2052,951,1101
85395,529334,40073,254666,24753,489261,2053,952,1101
85400,529365,40073,254679,24753,489292,2054,952,1102
85405,529396,40073,254692,24753,489323,2055,953,1102
85410,529427,40073,254710,24753,489354,2056,954,1102
85415,529458,40073,254724,24753,489385,2057,955,1102
85420,529489,40073,254741,24753,489416,2058,955,1103
85425,529520,40073,254752,24753,489447,2059,955,1104
85430,529551,40073,254764,24753,489478,2060,955,1105
85435,529582,40073,254778,24753,489509,2060,955,1105
85440,529613,40073,254796,24753,489540,2060,955,1105
85445,529644,40073,254816,24753,489571,2060,955,1105
85450,529675,40073,254830,24753,489602,2060,955,1105
85455,529706,40073,254848,24753,489633,2060,955,1105
85460,529737,40073,254863,24753,489664,2060,955,1105
85465,529768,40073,254883,24753,489695,2060,955,1105
85470,529799,40073,254896,24753,489726,2060,955,1105
85475,529830,40073,254908,24753,489757,2060,955,1105
85480,529861,40073,254923,24753,489788,2060,955,1105
85485,529892,40073,254938,24753,489819,2060,955,1105
85490,529923,40073,254953,24753,489850,2060,955,1105
85495,529954,40073,254968,24753,489881,2060,955,1105
85500,529985,40073,254980,24753,489912,2060,955,1105
85505,530016,40073,254992,24753,489943,2060,955,1105
85510,530047,40073,255007,24753,489974,2060,955,1105
85515,530078,40073,255025,24753,490005,2060,955,1105
85520,530109,40073,255039,24753,490036,2060,955,1105
85525,530140,40073,255052,24753,490067,2060,955,1105
85530,530171,40073,255069,24753,490098,2060,955,1105
85535,530202,40073,255087,24753,490129,2060,955,1105
85540,530233,40073,255098,24753,490160,2061,955,1106
85545,530264,40073,255110,24753,490191,2062,955,1107
85550,530295,40073,255122,24753,490222,2063,955,1108
85555,530326,40073,255134,24753,490253,2064,956,1108
85560,530357,40073,255154,24753,490284,2065,957,1108
85565,530388,40073,255171,24753,490315,2066,958,1108
85570,530419,40073,255186,24753,490346,2066,958,1108
85575,530450,40073,255202,24753,490377,2066,958,1108
85580,530481,40073,255215,24753,490408,2066,958,1108
85585,530512,40073,255226,24753,490439,2066,958,1108
85590,530543,40073,255243,24753,490470,2066,958,1108
85595,530574,40073,255252,24753,490501,2066,958,1108
85600,530605,40073,255265,24753,490532,2066,958,1108
85605,530636,40073,255282,24753,490563,2066,958,1108
85610,530667,40073,255292,24753,490594,2066,958,1108
85615,530698,40073,255305,24753,490625,2066,958,1108
85620,530729,40073,255319,24753,490656,2066,958,1108
85625,530760,40073,255334,24753,490687,2066,958,1108
85630,530791,40073,255353,24753,490718,2066,958,1108
85635,530822,40073,255368,24753,490749,2066,958,1108
85640,530853,40073,255382,24753,490780,2066,958,1108
85645,530884,40073,255396,24753,490811,2066,958,1108
85650,530915,40073,255408,24753,490842,2066,958,1108
85655,530946,40073,255427,24753,490873,2066,958,1108
85660,530977,40073,255438,24753,490904,2066,958,1108
85665,531008,40073,255451,24753,490935,2066,958,1108
85670,531039,40073,255464,24753,490966,2067,958,1109
85675,531070,40073,255477,24753,490997,2068,958,1110
85680,531101,40073,255494,24753,491028,2069,958,1111
85685,531132,40073,255509,24753,491059,2070,959,1111
85690,531163,40073,255525,24753,491090,2070,959,1111
85695,531194,40073,255545,24753,491121,2070,959,1111
85700,531225,40073,255567,24753,491152,2070,959,1111
85705,531256,40073,255583,24753,491183,2070,959,1111
85710,531287,40073,255602,24753,491214,2070,959,1111
85715,531318,40073,255615,24753,491245,2070,959,1111
85720,531349,40073,255633,24753,491276,2070,959,1111
85725,531380,40073,255649,24753,491307,2070,959,1111
85730,531411,40073,255665,24753,491338,2070,959,1111
85735,531442,40073,255680,24753,491369,2070,959,1111
85740,531473,40073,255693,24753,491400,2070,959,1111
85745,531504,40073,255710,24753,491431,2070,959,1111
85750,531535,40073,255723,24753,491462,2070,959,1111
85755,531566,40073,255736,24753,491493,2070,959,1111
85760,531597,40073,255748,24753,491524,2070,959,1111
85765,531628,40073,255765,24753,491555,2070,959,1111
85770,531659,40073,255780,24753,491586,2070,959,1111
85775,531690,40073,255798,24753,491617,2070,959,1111
85780,531721,40073,255814,24753,491648,2070,959,1111
85785,531752,40073,255827,24753,491679,2070,959,1111
85790,531783,40073,255840,24753,491710,2070,959,1111
85795,531814,40073,255855,24753,491741,2071,959,1112
85800,531845,40073,255864,24753,491772,2072,959,1113
85805,531876,40073,255879,24753,491803,2073,960,1113
85810,531907,40073,255890,24753,491834,2074,960,1114
85815,531938,40073,255904,24753,491865,2074,960,1114
85820,531969,40073,255920,24753,491896,2074,960,1114
85825,532000,40073,255938,24753,491927,2074,960,1114
85830,532031,40073,255956,24753,491958,2074,960,1114
85835,532062,40073,255971,24753,491989,2074,960,1114
85840,532093,40073,255984,24753,492020,2074,960,1114
85845,532124,40073,255995,24753,492051,2074,960,1114
85850,532155,40073,256008,24753,492082,2074,960,1114
85855,532186,40073,256023,24753,492113,2074,960,1114
85860,532217,40073,256037,24753,492144,2074,960,1114
85865,532248,40073,256054,24753,492175,2074,960,1114
85870,532279,40073,256067,24753,492206,2074,960,1114
85875,532310,40073,256081,24753,492237,2074,960,1114
85880,532341,40073,256093,24753,492268,2074,960,1114
85885,532372,40073,256110,24753,492299,2074,960,1114
85890,532403,40073,256122,24753,492330,2074,960,1114
85895,532434,40073,256137,24753,492361,2074,960,1114
85900,532465,40073,256154,24753,492392,2074,960,1114
85905,532496,40073,256171,24753,492423,2074,960,1114
85910,532527,40073,256183,24753,492454,2074,960,1114
85915,532558,40073,256200,24753,492485,2074,960,1114
85920,532589,40073,256219,24753,492516,2075,961,1114
85925,532620,40073,256232,24753,492547,2076,961,1115
85930,532651,40073,256247,24753,492578,2077,961,1116
85935,532682,40073,256266,24753,492609,2078,962,1116
85940,532713,40073,256280,24753,492640,2078,962,1116
85945,532744,40073,256297,24753,492671,2078,962,1116
85950,532775,40073,256315,24753,492702,2078,962,1116
85955,532806,40073,256330,24753,492733,2078,962,1116
85960,532837,40073,256346,24753,492764,2078,962,1116
85965,532868,40073,256361,24753,492795,2078,962,1116
85970,532899,40073,256371,24753,492826,2078,962,1116
85975,532930,40073,256388,24753,492857,2078,962,1116
85980,532961,40073,256403,24753,492888,2078,962,1116
85985,532992,40073,256419,24753,492919,2078,962,1116
85990,533023,40073,256431,24753,492950,2078,962,1116
85995,533054,40073,256451,24753,492981,2078,962,1116
86000,533085,40073,256467,24753,493012,2078,962,1116
86005,533116,40073,256482,24753,493043,2078,962,1116
86010,533147,40073,256498,24753,493074,2078,962,1116
86015,533178,40073,256514,24753,493105,2078,962,1116
86020,533209,40073,256529,24753,493136,2078,962,1116
86025,533240,40073,256546,24753,493167,2078,962,1116
86030,533271,40073,256562,24753,493198,2078,962,1116
86035,533302,40073,256580,24753,493229,2078,962,1116
86040,533333,40073,256593,24753,493260,2079,962,1117
86045,533364,40073,256607,24753,493291,2080,962,1118
86050,533395,40073,256622,24753,493322,2081,963,1118
86055,533426,40073,256636,24753,493353,2082,963,1119
86060,533457,40073,256656,24753,493384,2083,963,1120
86065,533488,40073,256675,24753,493415,2083,963,1120
86070,533519,40073,256691,24753,493446,2083,963,1120
86075,533550,40073,256704,24753,493477,2083,963,1120
86080,533581,40073,256718,24753,493508,2083,963,1120
86085,533612,40073,256734,24753,493539,2083,963,1120
86090,533643,40073,256744,24753,493570,2083,963,1120
86095,533674,40073,256761,24753,493601,2083,963,1120
86100,533705,40073,256774,24753,493632,2083,963,1120
86103,533726,40073,256784,24753,493653,2083,963,1120
