Time,  Packets Generated,  Packets Reached,High Priority Packets Generated, High Priority Packets reached, Packet Dropped, Packet Dropped due to Faulty Node, High Prio Packet Dropped due to Faulty Node, Low Prio Packet Dropped due to Faulty Node 
5,1,1,1,1,0,0,0,0
10,6,5,5,4,0,0,0,0
15,8,7,6,6,0,0,0,0
20,16,11,10,7,1,1,1,0
25,20,17,11,10,2,2,1,1
30,30,26,16,13,3,3,2,1
35,36,30,19,16,3,3,2,1
40,47,38,23,20,4,4,2,2
45,51,45,27,23,5,5,3,2
50,61,54,30,26,6,6,4,2
55,67,58,32,28,6,6,4,2
60,78,66,36,31,7,7,4,3
65,82,73,37,32,7,7,4,3
70,92,83,43,38,8,8,4,4
75,98,87,44,40,8,8,4,4
80,109,95,50,43,9,9,5,4
85,113,102,54,47,9,9,5,4
90,123,112,59,53,10,10,6,4
95,129,116,63,55,10,10,6,4
100,140,124,68,59,11,11,7,4
105,144,131,70,62,11,11,7,4
110,154,141,75,67,12,12,8,4
115,160,145,79,70,12,12,8,4
120,171,152,85,74,14,13,8,5
125,175,158,88,78,15,13,8,5
130,185,166,94,85,18,14,9,5
135,191,169,95,85,20,14,9,5
140,202,173,101,88,25,15,9,6
145,206,178,104,93,26,15,9,6
150,216,186,107,97,29,16,9,7
155,222,190,110,99,29,16,9,7
160,233,195,113,101,34,17,10,7
165,237,201,115,104,34,17,10,7
170,247,209,120,108,37,18,11,7
175,253,213,123,110,38,18,11,7
180,264,219,131,115,40,19,11,8
185,268,225,132,120,41,19,11,8
190,278,233,137,126,44,20,11,9
195,284,236,138,126,46,20,11,9
200,295,241,144,130,49,21,12,9
205,299,246,145,132,52,21,12,9
210,309,254,151,137,54,22,13,9
215,315,257,156,140,56,22,13,9
220,326,260,161,142,62,23,14,9
225,330,264,163,142,65,23,14,9
230,340,268,170,145,71,24,15,9
235,346,271,172,147,74,24,15,9
240,357,274,177,148,79,25,16,9
245,361,278,178,151,83,25,16,9
250,371,282,183,153,88,26,16,10
255,377,285,186,156,92,26,16,10
260,388,288,193,158,96,27,16,11
265,392,292,194,161,100,27,16,11
270,402,296,200,164,105,28,17,11
275,408,299,200,164,109,28,17,11
280,419,302,205,166,113,29,18,11
285,423,305,206,167,118,29,18,11
290,433,309,210,170,123,30,18,12
295,439,312,212,170,126,30,18,12
300,450,315,218,172,132,31,19,12
305,454,318,221,174,136,31,19,12
310,464,321,223,175,142,32,20,12
315,470,324,225,175,146,32,20,12
320,481,328,227,177,150,33,20,13
325,485,330,228,178,155,33,20,13
330,495,334,231,180,161,34,21,13
335,501,336,234,181,163,34,21,13
340,512,341,241,186,168,35,22,13
345,516,344,242,189,171,35,22,13
350,526,349,245,192,176,36,22,14
355,532,351,247,193,179,36,22,14
360,543,357,252,198,184,37,22,15
365,547,359,253,200,188,37,22,15
370,557,362,255,201,195,38,22,16
375,563,363,257,202,199,38,22,16
380,574,366,261,204,204,39,22,17
385,578,368,264,206,209,39,22,17
390,588,371,270,208,216,40,23,17
395,594,374,274,211,219,40,23,17
400,605,379,281,216,222,41,23,18
405,609,381,283,218,227,41,23,18
410,619,385,286,220,234,42,24,18
415,625,387,290,221,236,42,24,18
420,636,389,296,223,242,43,24,19
425,640,394,297,228,246,43,24,19
430,650,398,302,231,251,44,24,20
435,656,400,306,232,254,44,24,20
440,667,404,312,236,261,45,25,20
445,671,406,315,238,264,45,25,20
450,681,411,322,242,269,46,25,21
455,687,413,325,243,273,46,25,21
460,698,418,333,248,277,47,25,22
465,702,420,335,250,280,47,25,22
470,712,427,340,255,284,48,26,22
475,718,431,344,259,286,48,26,22
480,729,435,350,263,292,49,26,23
485,733,437,353,265,296,49,26,23
490,743,438,357,266,305,50,26,24
495,749,440,360,267,308,50,26,24
500,760,442,365,269,316,51,26,25
505,764,442,368,269,321,51,26,25
510,774,445,374,272,329,52,26,26
515,780,446,375,272,334,52,26,26
520,791,447,380,273,341,53,27,26
525,795,448,381,274,347,53,27,26
530,805,450,384,275,354,54,27,27
535,811,452,385,276,359,54,27,27
540,822,454,389,277,364,55,27,28
545,826,457,390,280,369,55,27,28
550,836,459,392,281,377,56,28,28
555,842,460,396,282,381,56,28,28
560,853,463,401,284,387,57,28,29
565,857,464,402,285,393,57,28,29
570,867,466,407,286,401,58,28,30
575,873,468,410,287,405,58,28,30
580,884,470,417,289,411,59,29,30
585,888,472,418,291,416,59,29,30
590,898,477,422,295,421,60,29,31
595,904,479,425,296,425,60,29,31
600,915,482,431,298,429,61,30,31
605,919,485,433,301,434,61,30,31
610,929,488,437,303,441,62,30,32
615,935,490,440,305,444,62,30,32
620,946,494,446,309,448,63,31,32
625,950,497,448,312,453,63,31,32
630,960,501,454,315,458,64,31,33
635,966,504,458,318,462,64,31,33
640,977,507,461,320,468,65,31,34
645,981,507,462,320,474,65,31,34
650,991,510,467,322,481,66,32,34
655,997,511,471,323,485,66,32,34
660,1008,516,478,327,489,67,33,34
665,1012,518,479,329,494,67,33,34
670,1022,520,483,331,502,68,33,35
675,1028,521,486,332,505,68,33,35
680,1039,527,492,337,508,69,33,36
685,1043,531,494,341,511,69,33,36
690,1053,536,497,344,517,70,34,36
695,1059,537,501,345,519,70,34,36
700,1070,544,509,352,523,71,35,36
705,1074,547,511,355,526,71,35,36
710,1084,552,515,358,532,72,35,37
715,1090,553,515,358,537,72,35,37
720,1101,555,520,360,544,73,36,37
725,1105,556,523,361,549,73,36,37
730,1115,557,527,361,557,74,37,37
735,1121,560,533,364,559,74,37,37
740,1132,560,539,364,571,75,38,37
745,1136,560,543,364,575,75,38,37
750,1146,561,548,364,585,76,39,37
755,1152,561,551,364,589,76,39,37
760,1163,561,556,364,601,77,40,37
765,1167,561,560,364,605,77,40,37
770,1177,562,565,364,615,78,40,38
775,1183,562,567,364,621,78,40,38
780,1194,562,571,364,631,79,41,38
785,1198,562,573,364,636,79,41,38
790,1208,563,579,364,645,80,42,38
795,1214,563,581,364,650,80,42,38
800,1225,563,585,364,661,81,42,39
805,1229,563,587,364,666,81,42,39
810,1239,565,593,366,674,82,42,40
815,1245,565,594,366,679,82,42,40
820,1256,566,598,366,688,83,43,40
825,1260,567,600,367,693,83,43,40
830,1270,570,607,369,700,84,44,40
835,1276,570,609,369,705,84,44,40
840,1287,572,615,371,714,85,44,41
845,1291,573,616,372,717,85,44,41
850,1301,577,619,374,723,86,44,42
855,1307,580,622,376,726,86,44,42
860,1318,583,627,379,732,87,44,43
865,1322,586,628,382,736,87,44,43
870,1332,589,631,384,742,88,44,44
875,1338,592,634,386,745,88,44,44
880,1349,595,639,388,750,89,44,45
885,1353,598,640,391,755,89,44,45
890,1363,602,648,395,760,90,44,46
895,1369,604,650,396,765,90,44,46
900,1380,607,656,399,770,91,44,47
905,1384,611,659,403,772,91,44,47
910,1394,615,662,406,779,92,44,48
915,1400,616,665,407,784,92,44,48
920,1411,620,671,411,789,93,45,48
925,1415,622,673,413,792,93,45,48
930,1425,626,678,416,798,94,45,49
935,1431,629,682,418,801,94,45,49
940,1442,634,687,422,805,95,45,50
945,1446,636,689,424,810,95,45,50
950,1456,638,693,425,817,96,45,51
955,1462,641,697,427,820,96,45,51
960,1473,645,701,430,826,97,46,51
965,1477,646,701,431,831,97,46,51
970,1487,650,706,434,836,98,47,51
975,1493,653,710,437,838,98,47,51
980,1504,659,717,443,842,99,47,52
985,1508,664,720,448,843,99,47,52
990,1518,669,726,452,849,100,48,52
995,1524,669,727,452,855,100,48,52
1000,1535,670,732,452,864,101,49,52
1005,1539,671,735,453,868,101,49,52
1010,1549,672,740,453,877,102,49,53
1015,1555,672,743,453,882,102,49,53
1020,1566,674,747,454,891,103,50,53
1025,1570,676,750,456,894,103,50,53
1030,1580,677,752,456,903,104,51,53
1035,1586,677,754,456,909,104,51,53
1040,1597,678,760,457,918,105,52,53
1045,1601,680,763,459,920,105,52,53
1050,1611,681,766,459,930,106,52,54
1055,1617,681,769,459,935,106,52,54
1060,1628,682,774,460,945,107,53,54
1065,1632,683,777,461,949,107,53,54
1070,1642,684,781,462,958,108,54,54
1075,1648,684,785,462,964,108,54,54
1080,1659,686,792,463,971,109,55,54
1085,1663,689,794,466,973,109,55,54
1090,1673,691,799,468,981,110,55,55
1095,1679,693,803,470,985,110,55,55
1100,1690,697,809,473,990,111,55,56
1105,1694,698,809,474,996,111,55,56
1110,1704,702,813,477,1002,112,55,57
1115,1710,704,816,478,1005,112,55,57
1120,1721,707,822,481,1012,113,55,58
1125,1725,709,824,483,1016,113,55,58
1130,1735,711,829,484,1023,114,56,58
1135,1741,713,832,485,1026,114,56,58
1140,1752,716,838,487,1031,115,57,58
1145,1756,719,839,490,1037,115,57,58
1150,1766,722,843,491,1044,116,58,58
1155,1772,724,844,492,1048,116,58,58
1160,1783,724,846,492,1057,117,58,59
1165,1787,724,847,492,1063,117,58,59
1170,1797,727,853,493,1070,118,59,59
1175,1803,728,856,494,1074,118,59,59
1180,1814,731,860,497,1082,119,60,59
1185,1818,732,864,498,1085,119,60,59
1190,1828,736,870,500,1092,120,60,60
1195,1834,737,874,501,1096,120,60,60
1200,1845,739,876,503,1104,121,60,61
1205,1849,741,879,505,1107,121,60,61
1210,1859,745,886,509,1113,122,61,61
1215,1865,747,888,510,1118,122,61,61
1220,1876,749,895,512,1125,123,62,61
1225,1880,750,895,513,1130,123,62,61
1230,1890,752,900,513,1137,124,63,61
1235,1896,754,902,514,1142,124,63,61
1240,1907,756,911,516,1148,125,64,61
1245,1911,758,914,518,1151,125,64,61
1250,1921,765,920,524,1155,126,65,61
1255,1927,769,925,528,1156,126,65,61
1260,1938,773,929,532,1163,127,65,62
1265,1942,776,932,535,1164,127,65,62
1270,1952,779,937,538,1173,128,65,63
1275,1958,781,940,539,1176,128,65,63
1280,1969,783,946,540,1183,129,65,64
1285,1973,786,947,543,1187,129,65,64
1290,1983,788,951,544,1195,130,65,65
1295,1989,788,953,544,1200,130,65,65
1300,2000,789,956,544,1210,131,65,66
1305,2004,790,958,545,1213,131,65,66
1310,2014,791,960,545,1223,132,65,67
1315,2020,791,963,545,1229,132,65,67
1320,2031,793,972,547,1235,133,66,67
1325,2035,795,972,549,1240,133,66,67
1330,2045,798,980,552,1247,134,67,67
1335,2051,798,983,552,1253,134,67,67
1340,2062,799,989,552,1261,135,67,68
1345,2066,800,991,553,1266,135,67,68
1350,2076,802,994,554,1274,136,67,69
1355,2082,802,998,554,1280,136,67,69
1360,2093,803,1006,555,1287,137,68,69
1365,2097,806,1009,558,1291,137,68,69
1370,2107,808,1014,559,1299,138,68,70
1375,2113,808,1016,559,1304,138,68,70
1380,2124,811,1022,561,1310,139,69,70
1385,2128,813,1024,563,1315,139,69,70
1390,2138,815,1027,563,1323,140,69,71
1395,2144,816,1030,564,1327,140,69,71
1400,2155,820,1034,567,1334,141,69,72
1405,2159,821,1037,568,1338,141,69,72
1410,2169,824,1043,570,1345,142,70,72
1415,2175,825,1047,570,1350,142,70,72
1420,2186,827,1051,572,1357,143,70,73
1425,2190,827,1052,572,1363,143,70,73
1430,2200,831,1060,575,1369,144,71,73
1435,2206,832,1064,576,1373,144,71,73
1440,2217,835,1069,579,1380,145,71,74
1445,2221,837,1072,581,1384,145,71,74
1450,2231,839,1077,582,1392,146,72,74
1455,2237,840,1077,582,1397,146,72,74
1460,2248,843,1086,585,1402,147,73,74
1465,2252,846,1090,588,1404,147,73,74
1470,2262,851,1093,593,1411,148,73,75
1475,2268,853,1096,594,1414,148,73,75
1480,2279,855,1100,596,1423,149,74,75
1485,2283,855,1103,596,1426,149,74,75
1490,2293,859,1107,599,1433,150,75,75
1495,2299,862,1110,602,1436,150,75,75
1500,2310,864,1114,604,1445,151,76,75
1505,2314,865,1115,605,1449,151,76,75
1510,2324,868,1118,606,1456,152,77,75
1515,2330,870,1121,608,1459,152,77,75
1520,2341,872,1128,610,1466,153,77,76
1525,2345,875,1131,613,1470,153,77,76
1530,2355,876,1134,614,1479,154,77,77
1535,2361,877,1137,614,1482,154,77,77
1540,2372,878,1143,615,1491,155,77,78
1545,2376,879,1146,616,1496,155,77,78
1550,2386,882,1153,619,1503,156,77,79
1555,2392,884,1154,620,1508,156,77,79
1560,2403,887,1161,623,1514,157,77,80
1565,2407,889,1163,625,1517,157,77,80
1570,2417,891,1169,626,1525,158,78,80
1575,2423,894,1173,628,1528,158,78,80
1580,2434,896,1179,630,1534,159,78,81
1585,2438,899,1180,633,1539,159,78,81
1590,2448,901,1181,634,1547,160,78,82
1595,2454,903,1184,635,1551,160,78,82
1600,2465,904,1188,635,1559,161,78,83
1605,2469,906,1190,637,1563,161,78,83
1610,2479,907,1192,637,1571,162,78,84
1615,2485,910,1195,640,1575,162,78,84
1620,2496,911,1200,640,1583,163,78,85
1625,2500,913,1203,642,1587,163,78,85
1630,2510,916,1210,645,1593,164,79,85
1635,2516,919,1213,647,1596,164,79,85
1640,2527,922,1216,650,1603,165,79,86
1645,2531,922,1218,650,1609,165,79,86
1650,2541,925,1221,652,1616,166,79,87
1655,2547,927,1224,653,1620,166,79,87
1660,2558,930,1230,655,1624,167,79,88
1665,2562,933,1233,658,1628,167,79,88
1670,2572,937,1239,661,1635,168,80,88
1675,2578,939,1242,662,1638,168,80,88
1680,2589,945,1248,667,1642,169,81,88
1685,2593,946,1249,668,1646,169,81,88
1690,2603,952,1253,672,1651,170,82,88
1695,2609,954,1256,673,1653,170,82,88
1700,2620,960,1263,678,1657,171,83,88
1705,2624,964,1264,682,1660,171,83,88
1710,2634,970,1271,688,1664,172,84,88
1715,2640,971,1273,689,1668,172,84,88
1720,2651,977,1280,694,1671,173,84,89
1725,2655,981,1282,698,1673,173,84,89
1730,2665,983,1284,700,1681,174,84,90
1735,2671,986,1286,702,1684,174,84,90
1740,2682,987,1290,703,1694,175,85,90
1745,2686,987,1293,703,1699,175,85,90
1750,2696,988,1297,704,1708,176,86,90
1755,2702,990,1299,705,1711,176,86,90
1760,2713,991,1303,706,1721,177,86,91
1765,2717,991,1304,706,1726,177,86,91
1770,2727,993,1310,707,1734,178,86,92
1775,2733,995,1313,708,1737,178,86,92
1780,2744,996,1319,709,1745,179,86,93
1785,2748,997,1322,710,1751,179,86,93
1790,2758,998,1325,711,1759,180,86,94
1795,2764,1001,1328,714,1763,180,86,94
1800,2775,1001,1334,714,1772,181,87,94
1805,2779,1002,1337,715,1776,181,87,94
1810,2789,1003,1343,716,1786,182,87,95
1815,2795,1003,1347,716,1791,182,87,95
1820,2806,1003,1352,716,1802,183,88,95
1825,2810,1003,1353,716,1807,183,88,95
1830,2820,1005,1358,717,1815,184,88,96
1835,2826,1005,1361,717,1819,184,88,96
1840,2837,1007,1367,719,1827,185,89,96
1845,2841,1011,1369,723,1829,185,89,96
1850,2851,1014,1376,726,1837,186,90,96
1855,2857,1014,1378,726,1842,186,90,96
1860,2868,1016,1382,727,1850,187,91,96
1865,2872,1016,1384,727,1855,187,91,96
1870,2882,1020,1391,729,1862,188,92,96
1875,2888,1020,1393,729,1867,188,92,96
1880,2899,1022,1399,730,1873,189,93,96
1885,2903,1024,1401,732,1879,189,93,96
1890,2913,1026,1404,732,1887,190,94,96
1895,2919,1026,1407,732,1892,190,94,96
1900,2930,1028,1413,734,1899,191,94,97
1905,2934,1030,1415,736,1903,191,94,97
1910,2944,1032,1416,736,1911,192,94,98
1915,2950,1035,1420,738,1914,192,94,98
1920,2961,1037,1424,740,1921,193,95,98
1925,2965,1040,1427,743,1925,193,95,98
1930,2975,1043,1434,746,1931,194,96,98
1935,2981,1046,1437,748,1934,194,96,98
1940,2992,1050,1443,751,1939,195,97,98
1945,2996,1054,1445,755,1942,195,97,98
1950,3006,1059,1450,758,1947,196,97,99
1955,3012,1061,1454,760,1951,196,97,99
1960,3023,1063,1458,761,1957,197,98,99
1965,3027,1064,1458,762,1963,197,98,99
1970,3037,1067,1461,763,1970,198,99,99
1975,3043,1068,1462,763,1974,198,99,99
1980,3054,1071,1466,766,1981,199,99,100
1985,3058,1074,1468,769,1983,199,99,100
1990,3068,1078,1472,771,1990,200,99,101
1995,3074,1080,1475,773,1994,200,99,101
2000,3085,1083,1478,775,2000,201,99,102
2005,3089,1086,1481,778,2003,201,99,102
2010,3099,1089,1487,780,2009,202,100,102
2015,3105,1091,1490,781,2014,202,100,102
2020,3116,1094,1497,783,2018,203,101,102
2025,3120,1098,1499,787,2022,203,101,102
2030,3130,1102,1502,789,2027,204,101,103
2035,3136,1106,1505,793,2030,204,101,103
2040,3147,1108,1510,795,2037,205,101,104
2045,3151,1109,1510,796,2042,205,101,104
2050,3161,1111,1513,797,2049,206,102,104
2055,3167,1114,1517,800,2051,206,102,104
2060,3178,1116,1518,802,2061,207,103,104
2065,3182,1117,1521,803,2064,207,103,104
2070,3192,1122,1527,808,2070,208,104,104
2075,3198,1123,1530,808,2073,208,104,104
2080,3209,1123,1532,808,2084,209,104,105
2085,3213,1123,1535,808,2090,209,104,105
2090,3223,1124,1541,808,2098,210,105,105
2095,3229,1127,1545,810,2101,210,105,105
2100,3240,1128,1551,811,2111,211,105,106
2105,3244,1128,1554,811,2115,211,105,106
2110,3254,1130,1560,813,2124,212,106,106
2115,3260,1132,1564,815,2127,212,106,106
2120,3271,1132,1570,815,2137,213,106,107
2125,3275,1132,1573,815,2143,213,106,107
2130,3285,1134,1577,816,2150,214,107,107
2135,3291,1137,1579,818,2154,214,107,107
2140,3302,1140,1584,820,2159,215,107,108
2145,3306,1142,1588,822,2164,215,107,108
2150,3316,1145,1594,824,2171,216,108,108
2155,3322,1147,1599,826,2175,216,108,108
2160,3333,1149,1605,827,2181,217,108,109
2165,3337,1151,1607,829,2186,217,108,109
2170,3347,1154,1613,831,2193,218,109,109
2175,3353,1155,1615,831,2198,218,109,109
2180,3364,1159,1623,835,2202,219,110,109
2185,3368,1162,1625,838,2206,219,110,109
2190,3378,1166,1634,842,2212,220,111,109
2195,3384,1167,1640,843,2216,220,111,109
2200,3395,1171,1646,847,2221,221,111,110
2205,3399,1174,1649,850,2225,221,111,110
2210,3409,1178,1654,853,2231,222,112,110
2215,3415,1179,1658,854,2235,222,112,110
2220,3426,1183,1663,857,2240,223,112,111
2225,3430,1188,1666,862,2241,223,112,111
2230,3440,1193,1669,865,2247,224,112,112
2235,3446,1194,1671,865,2251,224,112,112
2240,3457,1196,1676,867,2259,225,112,113
2245,3461,1198,1677,869,2263,225,112,113
2250,3471,1201,1679,870,2270,226,113,113
2255,3477,1203,1683,872,2273,226,113,113
2260,3488,1206,1689,875,2280,227,114,113
2265,3492,1206,1689,875,2286,227,114,113
2270,3502,1207,1693,876,2295,228,114,114
2275,3508,1208,1695,877,2300,228,114,114
2280,3519,1209,1701,878,2308,229,115,114
2285,3523,1210,1703,879,2313,229,115,114
2290,3533,1211,1705,879,2322,230,115,115
2295,3539,1213,1708,880,2324,230,115,115
2300,3550,1214,1713,881,2334,231,115,116
2305,3554,1214,1714,881,2340,231,115,116
2310,3564,1216,1716,883,2348,232,115,117
2315,3570,1218,1718,885,2352,232,115,117
2320,3581,1218,1723,885,2360,233,115,118
2325,3585,1219,1726,886,2365,233,115,118
2330,3595,1221,1728,887,2374,234,115,119
2335,3601,1222,1731,888,2378,234,115,119
2340,3612,1223,1737,889,2386,235,116,119
2345,3616,1224,1738,890,2392,235,116,119
2350,3626,1227,1743,892,2398,236,117,119
2355,3632,1229,1745,893,2403,236,117,119
2360,3643,1231,1751,895,2410,237,118,119
2365,3647,1233,1753,897,2414,237,118,119
2370,3657,1236,1758,899,2420,238,118,120
2375,3663,1238,1761,901,2425,238,118,120
2380,3674,1241,1767,904,2431,239,119,120
2385,3678,1244,1771,907,2434,239,119,120
2390,3688,1247,1775,910,2441,240,119,121
2395,3694,1249,1776,911,2445,240,119,121
2400,3705,1252,1781,914,2451,241,119,122
2405,3709,1254,1782,916,2455,241,119,122
2410,3719,1258,1788,920,2461,242,119,123
2415,3725,1260,1792,921,2464,242,119,123
2420,3736,1265,1797,925,2469,243,120,123
2425,3740,1267,1799,927,2472,243,120,123
2430,3750,1271,1801,930,2479,244,120,124
2435,3756,1273,1805,932,2482,244,120,124
2440,3767,1276,1809,934,2488,245,120,125
2445,3771,1280,1811,938,2490,245,120,125
2450,3781,1286,1816,943,2495,246,121,125
2455,3787,1287,1817,944,2500,246,121,125
2460,3798,1291,1823,948,2505,247,121,126
2465,3802,1294,1825,951,2507,247,121,126
2470,3812,1302,1832,958,2510,248,122,126
2475,3818,1304,1835,960,2513,248,122,126
2480,3829,1308,1842,963,2516,249,122,127
2485,3833,1312,1844,967,2520,249,122,127
2490,3843,1314,1851,969,2528,250,123,127
2495,3849,1317,1855,971,2530,250,123,127
2500,3860,1317,1862,971,2541,251,124,127
2505,3864,1317,1864,971,2547,251,124,127
2510,3874,1318,1870,972,2556,252,124,128
2515,3880,1318,1874,972,2562,252,124,128
2520,3891,1318,1880,972,2572,253,124,129
2525,3895,1318,1883,972,2577,253,124,129
2530,3905,1319,1885,973,2586,254,124,130
2535,3911,1319,1889,973,2591,254,124,130
2540,3922,1319,1894,973,2601,255,125,130
2545,3926,1319,1894,973,2607,255,125,130
2550,3936,1320,1896,974,2616,256,125,131
2555,3942,1320,1899,974,2622,256,125,131
2560,3953,1320,1906,974,2631,257,126,131
2565,3957,1320,1909,974,2636,257,126,131
2570,3967,1321,1914,974,2646,258,126,132
2575,3973,1321,1916,974,2651,258,126,132
2580,3984,1321,1921,974,2661,259,126,133
2585,3988,1321,1924,974,2667,259,126,133
2590,3998,1323,1928,976,2675,260,126,134
2595,4004,1323,1933,976,2680,260,126,134
2600,4015,1325,1938,978,2688,261,127,134
2605,4019,1326,1941,979,2693,261,127,134
2610,4029,1331,1948,983,2697,262,128,134
2615,4035,1334,1950,985,2701,262,128,134
2620,4046,1339,1956,990,2706,263,129,134
2625,4050,1341,1959,992,2708,263,129,134
2630,4060,1344,1962,995,2716,264,129,135
2635,4066,1345,1964,995,2721,264,129,135
2640,4077,1349,1971,999,2726,265,130,135
2645,4081,1353,1974,1003,2728,265,130,135
2650,4091,1355,1976,1004,2736,266,130,136
2655,4097,1357,1979,1005,2739,266,130,136
2660,4108,1361,1982,1008,2745,267,130,137
2665,4112,1364,1985,1011,2748,267,130,137
2670,4122,1368,1991,1014,2753,268,130,138
2675,4128,1370,1994,1016,2757,268,130,138
2680,4139,1374,2001,1020,2760,269,130,139
2685,4143,1378,2003,1024,2764,269,130,139
2690,4153,1383,2006,1028,2770,270,130,140
2695,4159,1384,2008,1029,2774,270,130,140
2700,4170,1387,2012,1032,2781,271,130,141
2705,4174,1391,2015,1036,2782,271,130,141
2710,4184,1396,2020,1041,2788,272,131,141
2715,4190,1398,2024,1043,2790,272,131,141
2720,4201,1403,2031,1048,2795,273,132,141
2725,4205,1405,2033,1050,2799,273,132,141
2730,4215,1407,2037,1052,2808,274,132,142
2735,4221,1408,2038,1052,2813,274,132,142
2740,4232,1411,2043,1055,2821,275,133,142
2745,4236,1412,2046,1056,2823,275,133,142
2750,4246,1415,2051,1058,2830,276,133,143
2755,4252,1417,2055,1060,2833,276,133,143
2760,4263,1418,2059,1060,2843,277,133,144
2765,4267,1421,2061,1063,2846,277,133,144
2770,4277,1423,2067,1065,2854,278,134,144
2775,4283,1425,2069,1066,2857,278,134,144
2780,4294,1425,2073,1066,2869,279,135,144
2785,4298,1425,2074,1066,2873,279,135,144
2790,4308,1427,2083,1067,2880,280,136,144
2795,4314,1429,2086,1068,2884,280,136,144
2800,4325,1429,2092,1068,2894,281,137,144
2805,4329,1430,2096,1069,2898,281,137,144
2810,4339,1432,2100,1070,2907,282,137,145
2815,4345,1434,2104,1072,2910,282,137,145
2820,4356,1434,2110,1072,2920,283,138,145
2825,4360,1435,2111,1073,2925,283,138,145
2830,4370,1437,2116,1074,2933,284,138,146
2835,4376,1438,2120,1075,2937,284,138,146
2840,4387,1441,2125,1078,2946,285,139,146
2845,4391,1441,2127,1078,2950,285,139,146
2850,4401,1443,2130,1078,2958,286,140,146
2855,4407,1444,2136,1079,2962,286,140,146
2860,4418,1446,2142,1081,2970,287,140,147
2865,4422,1446,2143,1081,2976,287,140,147
2870,4432,1448,2145,1082,2984,288,140,148
2875,4438,1449,2147,1082,2989,288,140,148
2880,4449,1451,2154,1084,2995,289,140,149
2885,4453,1454,2157,1087,2999,289,140,149
2890,4463,1458,2163,1089,3005,290,140,150
2895,4469,1459,2166,1090,3010,290,140,150
2900,4480,1462,2170,1092,3017,291,141,150
2905,4484,1463,2170,1093,3021,291,141,150
2910,4494,1466,2178,1096,3028,292,142,150
2915,4500,1467,2181,1096,3033,292,142,150
2920,4511,1470,2188,1098,3038,293,143,150
2925,4515,1474,2189,1102,3041,293,143,150
2930,4525,1480,2195,1107,3045,294,144,150
2935,4531,1481,2198,1108,3048,294,144,150
2940,4542,1486,2203,1112,3054,295,145,150
2945,4546,1489,2204,1115,3057,295,145,150
2950,4556,1496,2212,1121,3059,296,146,150
2955,4562,1500,2216,1125,3061,296,146,150
2960,4573,1504,2222,1128,3066,297,147,150
2965,4577,1508,2223,1132,3069,297,147,150
2970,4587,1513,2227,1136,3074,298,147,151
2975,4593,1515,2230,1138,3077,298,147,151
2980,4604,1520,2235,1142,3082,299,147,152
2985,4608,1523,2236,1145,3085,299,147,152
2990,4618,1524,2240,1146,3093,300,147,153
2995,4624,1526,2243,1148,3097,300,147,153
3000,4635,1526,2249,1148,3107,301,147,154
3005,4639,1526,2250,1148,3112,301,147,154
3010,4649,1527,2256,1149,3122,302,147,155
3015,4655,1528,2259,1150,3126,302,147,155
3020,4666,1528,2263,1150,3138,303,147,156
3025,4670,1528,2264,1150,3142,303,147,156
3030,4680,1530,2269,1151,3149,304,148,156
3035,4686,1533,2271,1153,3152,304,148,156
3040,4697,1534,2278,1154,3161,305,148,157
3045,4701,1535,2280,1155,3166,305,148,157
3050,4711,1536,2284,1156,3174,306,149,157
3055,4717,1538,2287,1158,3178,306,149,157
3060,4728,1539,2295,1159,3188,307,150,157
3065,4732,1539,2297,1159,3192,307,150,157
3070,4742,1541,2302,1161,3200,308,151,157
3075,4748,1543,2305,1162,3204,308,151,157
3080,4759,1544,2309,1163,3215,309,152,157
3085,4763,1544,2310,1163,3219,309,152,157
3090,4773,1548,2315,1167,3224,310,152,158
3095,4779,1551,2319,1169,3226,310,152,158
3100,4790,1554,2325,1172,3233,311,153,158
3105,4794,1557,2327,1175,3236,311,153,158
3110,4804,1560,2329,1176,3244,312,153,159
3115,4810,1561,2333,1176,3248,312,153,159
3120,4821,1565,2339,1180,3255,313,153,160
3125,4825,1565,2340,1180,3260,313,153,160
3130,4835,1569,2346,1182,3266,314,154,160
3135,4841,1569,2349,1182,3272,314,154,160
3140,4852,1571,2355,1184,3279,315,155,160
3145,4856,1573,2356,1186,3283,315,155,160
3150,4866,1575,2360,1186,3291,316,156,160
3155,4872,1575,2362,1186,3297,316,156,160
3160,4883,1576,2364,1186,3306,317,156,161
3165,4887,1579,2368,1189,3307,317,156,161
3170,4897,1583,2373,1191,3314,318,157,161
3175,4903,1583,2377,1191,3319,318,157,161
3180,4914,1586,2382,1193,3326,319,158,161
3185,4918,1589,2385,1196,3328,319,158,161
3190,4928,1594,2390,1200,3334,320,158,162
3195,4934,1594,2394,1200,3340,320,158,162
3200,4945,1598,2402,1204,3345,321,159,162
3205,4949,1599,2402,1205,3350,321,159,162
3210,4959,1601,2404,1205,3358,322,159,163
3215,4965,1601,2407,1205,3363,322,159,163
3220,4976,1605,2412,1209,3370,323,160,163
3225,4980,1606,2413,1210,3373,323,160,163
3230,4990,1611,2418,1215,3379,324,161,163
3235,4996,1613,2423,1217,3380,324,161,163
3240,5007,1621,2429,1224,3384,325,161,164
3245,5011,1623,2432,1226,3388,325,161,164
3250,5021,1627,2440,1230,3393,326,161,165
3255,5027,1630,2442,1232,3396,326,161,165
3260,5038,1633,2448,1234,3402,327,162,165
3265,5042,1636,2450,1237,3405,327,162,165
3270,5052,1638,2453,1238,3413,328,163,165
3275,5058,1641,2458,1241,3416,328,163,165
3280,5069,1642,2463,1242,3425,329,163,166
3285,5073,1643,2466,1243,3429,329,163,166
3290,5083,1645,2469,1244,3438,330,163,167
3295,5089,1646,2473,1245,3443,330,163,167
3300,5100,1648,2476,1246,3450,331,163,168
3305,5104,1650,2479,1248,3453,331,163,168
3310,5114,1654,2483,1251,3460,332,163,169
3315,5120,1656,2487,1253,3464,332,163,169
3320,5131,1658,2492,1255,3471,333,164,169
3325,5135,1659,2495,1256,3476,333,164,169
3330,5145,1662,2501,1258,3482,334,164,170
3335,5151,1665,2505,1261,3486,334,164,170
3340,5162,1666,2509,1261,3494,335,164,171
3345,5166,1668,2513,1263,3498,335,164,171
3350,5176,1671,2520,1265,3504,336,165,171
3355,5182,1674,2523,1268,3507,336,165,171
3360,5193,1676,2528,1270,3515,337,165,172
3365,5197,1676,2531,1270,3521,337,165,172
3370,5207,1678,2535,1272,3529,338,165,173
3375,5213,1679,2539,1272,3534,338,165,173
3380,5224,1680,2543,1273,3544,339,166,173
3385,5228,1680,2544,1273,3548,339,166,173
3390,5238,1682,2549,1275,3556,340,166,174
3395,5244,1683,2550,1275,3561,340,166,174
3400,5255,1685,2558,1277,3568,341,166,175
3405,5259,1686,2559,1278,3573,341,166,175
3410,5269,1688,2566,1280,3581,342,167,175
3415,5275,1689,2569,1280,3585,342,167,175
3420,5286,1692,2573,1283,3594,343,167,176
3425,5290,1693,2576,1284,3596,343,167,176
3430,5300,1697,2582,1288,3603,344,167,177
3435,5306,1699,2584,1289,3606,344,167,177
3440,5317,1702,2589,1292,3615,345,168,177
3445,5321,1702,2591,1292,3619,345,168,177
3450,5331,1707,2598,1296,3624,346,168,178
3455,5337,1708,2602,1297,3627,346,168,178
3460,5348,1713,2606,1301,3633,347,168,179
3465,5352,1715,2608,1303,3636,347,168,179
3470,5362,1720,2612,1306,3641,348,169,179
3475,5368,1723,2613,1308,3645,348,169,179
3480,5379,1725,2616,1310,3654,349,170,179
3485,5383,1726,2619,1311,3656,349,170,179
3490,5393,1728,2622,1312,3664,350,170,180
3495,5399,1730,2625,1314,3667,350,170,180
3500,5410,1731,2629,1314,3677,351,170,181
3505,5414,1732,2629,1315,3682,351,170,181
3510,5424,1734,2637,1317,3689,352,171,181
3515,5430,1737,2640,1319,3692,352,171,181
3520,5441,1739,2644,1320,3700,353,171,182
3525,5445,1742,2647,1323,3703,353,171,182
3530,5455,1744,2651,1324,3710,354,171,183
3535,5461,1747,2654,1326,3714,354,171,183
3540,5472,1749,2657,1327,3723,355,172,183
3545,5476,1749,2658,1327,3726,355,172,183
3550,5486,1751,2664,1329,3734,356,173,183
3555,5492,1754,2667,1331,3737,356,173,183
3560,5503,1756,2672,1332,3745,357,173,184
3565,5507,1758,2673,1334,3749,357,173,184
3570,5517,1759,2676,1334,3758,358,174,184
3575,5523,1760,2679,1334,3763,358,174,184
3580,5534,1761,2683,1335,3772,359,174,185
3585,5538,1763,2686,1337,3775,359,174,185
3590,5548,1767,2691,1340,3781,360,175,185
3595,5554,1768,2692,1340,3786,360,175,185
3600,5565,1771,2697,1343,3793,361,175,186
3605,5569,1773,2700,1345,3796,361,175,186
3610,5579,1778,2707,1348,3800,362,176,186
3615,5585,1781,2709,1351,3804,362,176,186
3620,5596,1782,2711,1351,3813,363,176,187
3625,5600,1785,2714,1354,3814,363,176,187
3630,5610,1789,2717,1357,3821,364,177,187
3635,5616,1791,2721,1359,3824,364,177,187
3640,5627,1795,2729,1363,3828,365,178,187
3645,5631,1799,2731,1367,3831,365,178,187
3650,5641,1803,2734,1370,3838,366,178,188
3655,5647,1804,2735,1370,3843,366,178,188
3660,5658,1806,2741,1372,3848,367,178,189
3665,5662,1809,2743,1375,3852,367,178,189
3670,5672,1813,2748,1378,3858,368,179,189
3675,5678,1815,2751,1379,3862,368,179,189
3680,5689,1818,2756,1381,3868,369,180,189
3685,5693,1821,2756,1384,3872,369,180,189
3690,5703,1823,2760,1385,3879,370,181,189
3695,5709,1825,2762,1386,3883,370,181,189
3700,5720,1828,2768,1389,3890,371,182,189
3705,5724,1828,2768,1389,3896,371,182,189
3710,5734,1832,2774,1392,3902,372,183,189
3715,5740,1834,2776,1393,3905,372,183,189
3720,5751,1836,2781,1395,3914,373,183,190
3725,5755,1837,2782,1396,3917,373,183,190
3730,5765,1843,2787,1400,3921,374,183,191
3735,5771,1847,2791,1403,3922,374,183,191
3740,5782,1849,2796,1405,3932,375,183,192
3745,5786,1849,2799,1405,3937,375,183,192
3750,5796,1850,2803,1405,3946,376,183,193
3755,5802,1850,2807,1405,3950,376,183,193
3760,5813,1850,2812,1405,3962,377,184,193
3765,5817,1850,2814,1405,3967,377,184,193
3770,5827,1851,2821,1406,3976,378,184,194
3775,5833,1851,2823,1406,3981,378,184,194
3780,5844,1851,2829,1406,3991,379,184,195
3785,5848,1851,2831,1406,3997,379,184,195
3790,5858,1853,2836,1407,4005,380,185,195
3795,5864,1853,2839,1407,4011,380,185,195
3800,5875,1855,2850,1409,4017,381,186,195
3805,5879,1857,2852,1411,4021,381,186,195
3810,5889,1858,2857,1412,4031,382,187,195
3815,5895,1858,2859,1412,4037,382,187,195
3820,5906,1860,2864,1414,4044,383,187,196
3825,5910,1862,2868,1416,4047,383,187,196
3830,5920,1863,2870,1416,4057,384,187,197
3835,5926,1863,2873,1416,4063,384,187,197
3840,5937,1865,2879,1418,4070,385,188,197
3845,5941,1866,2880,1419,4075,385,188,197
3850,5951,1871,2885,1423,4080,386,188,198
3855,5957,1872,2888,1424,4085,386,188,198
3860,5968,1876,2897,1427,4087,387,189,198
3865,5972,1880,2898,1431,4092,387,189,198
3870,5982,1883,2903,1434,4098,388,189,199
3875,5988,1886,2908,1437,4101,388,189,199
3880,5999,1890,2916,1441,4106,389,190,199
3885,6003,1893,2917,1444,4110,389,190,199
3890,6013,1896,2921,1445,4116,390,190,200
3895,6019,1898,2924,1447,4120,390,190,200
3900,6030,1901,2928,1450,4127,391,191,200
3905,6034,1903,2930,1452,4131,391,191,200
3910,6044,1906,2934,1455,4138,392,191,201
3915,6050,1907,2936,1455,4142,392,191,201
3920,6061,1912,2944,1460,4146,393,192,201
3925,6065,1915,2944,1463,4150,393,192,201
3930,6075,1920,2950,1466,4154,394,192,202
3935,6081,1922,2953,1468,4158,394,192,202
3940,6092,1924,2955,1469,4165,395,192,203
3945,6096,1927,2957,1472,4168,395,192,203
3950,6106,1932,2960,1475,4173,396,192,204
3955,6112,1934,2964,1477,4175,396,192,204
3960,6123,1939,2968,1481,4182,397,193,204
3965,6127,1941,2970,1483,4185,397,193,204
3970,6137,1947,2978,1488,4189,398,194,204
3975,6143,1950,2983,1491,4190,398,194,204
3980,6154,1955,2988,1496,4198,399,194,205
3985,6158,1955,2990,1496,4202,399,194,205
3990,6168,1956,2996,1496,4211,400,195,205
3995,6174,1958,2999,1498,4215,400,195,205
4000,6185,1959,3004,1499,4224,401,195,206
4005,6189,1960,3004,1500,4229,401,195,206
4010,6199,1962,3013,1502,4236,402,196,206
4015,6205,1964,3015,1504,4240,402,196,206
4020,6216,1965,3021,1505,4249,403,196,207
4025,6220,1965,3024,1505,4254,403,196,207
4030,6230,1966,3029,1506,4264,404,197,207
4035,6236,1966,3029,1506,4270,404,197,207
4040,6247,1966,3037,1506,4279,405,197,208
4045,6251,1966,3038,1506,4285,405,197,208
4050,6261,1967,3040,1506,4294,406,198,208
4055,6267,1967,3046,1506,4299,406,198,208
4060,6278,1967,3051,1506,4310,407,199,208
4065,6282,1967,3053,1506,4315,407,199,208
4070,6292,1969,3055,1508,4323,408,199,209
4075,6298,1969,3058,1508,4328,408,199,209
4080,6309,1971,3066,1510,4336,409,200,209
4085,6313,1973,3069,1512,4340,409,200,209
4090,6323,1977,3075,1514,4346,410,200,210
4095,6329,1977,3080,1514,4351,410,200,210
4100,6340,1979,3083,1515,4359,411,200,211
4105,6344,1981,3085,1517,4363,411,200,211
4110,6354,1985,3091,1520,4369,412,200,212
4115,6360,1985,3097,1520,4374,412,200,212
4120,6371,1988,3102,1522,4381,413,200,213
4125,6375,1990,3104,1524,4385,413,200,213
4130,6385,1992,3108,1526,4393,414,201,213
4135,6391,1994,3111,1527,4396,414,201,213
4140,6402,1999,3117,1532,4401,415,201,214
4145,6406,2002,3119,1535,4403,415,201,214
4150,6416,2005,3123,1537,4411,416,202,214
4155,6422,2006,3126,1537,4415,416,202,214
4160,6433,2010,3130,1541,4421,417,202,215
4165,6437,2013,3132,1544,4424,417,202,215
4170,6447,2017,3137,1547,4430,418,203,215
4175,6453,2018,3138,1547,4435,418,203,215
4180,6464,2019,3141,1548,4443,419,203,216
4185,6468,2022,3143,1551,4445,419,203,216
4190,6478,2028,3149,1557,4449,420,203,217
4195,6484,2031,3151,1559,4452,420,203,217
4200,6495,2035,3155,1562,4457,421,203,218
4205,6499,2038,3159,1565,4459,421,203,218
4210,6509,2046,3166,1571,4462,422,204,218
4215,6515,2048,3169,1573,4465,422,204,218
4220,6526,2052,3175,1577,4472,423,204,219
4225,6530,2053,3176,1578,4477,423,204,219
4230,6540,2055,3179,1580,4485,424,205,219
4235,6546,2056,3181,1581,4489,424,205,219
4240,6557,2056,3187,1581,4499,425,206,219
4245,6561,2057,3189,1582,4504,425,206,219
4250,6571,2058,3191,1582,4513,426,206,220
4255,6577,2060,3196,1584,4516,426,206,220
4260,6588,2061,3202,1585,4524,427,206,221
4265,6592,2062,3203,1586,4530,427,206,221
4270,6602,2063,3208,1586,4539,428,207,221
4275,6608,2064,3209,1586,4544,428,207,221
4280,6619,2064,3216,1586,4553,429,208,221
4285,6623,2064,3219,1586,4559,429,208,221
4290,6633,2065,3220,1586,4568,430,208,222
4295,6639,2066,3224,1587,4573,430,208,222
4300,6650,2067,3228,1588,4582,431,208,223
4305,6654,2067,3230,1588,4586,431,208,223
4310,6664,2069,3234,1590,4595,432,209,223
4315,6670,2070,3236,1591,4599,432,209,223
4320,6681,2071,3239,1591,4608,433,209,224
4325,6685,2074,3241,1594,4611,433,209,224
4330,6695,2078,3249,1598,4617,434,209,225
4335,6701,2079,3252,1599,4622,434,209,225
4340,6712,2083,3256,1602,4627,435,209,226
4345,6716,2084,3258,1603,4631,435,209,226
4350,6726,2087,3261,1605,4639,436,209,227
4355,6732,2088,3264,1605,4643,436,209,227
4360,6743,2091,3270,1608,4649,437,210,227
4365,6747,2093,3271,1610,4653,437,210,227
4370,6757,2099,3279,1616,4657,438,210,228
4375,6763,2102,3281,1618,4660,438,210,228
4380,6774,2105,3285,1621,4666,439,210,229
4385,6778,2107,3287,1623,4670,439,210,229
4390,6788,2112,3295,1628,4675,440,210,230
4395,6794,2114,3299,1630,4679,440,210,230
4400,6805,2117,3305,1633,4684,441,211,230
4405,6809,2120,3306,1636,4689,441,211,230
4410,6819,2124,3312,1639,4694,442,212,230
4415,6825,2127,3314,1641,4697,442,212,230
4420,6836,2132,3322,1646,4701,443,213,230
4425,6840,2135,3324,1649,4705,443,213,230
4430,6850,2137,3328,1650,4712,444,214,230
4435,6856,2139,3331,1652,4717,444,214,230
4440,6867,2142,3338,1655,4722,445,215,230
4445,6871,2144,3340,1657,4727,445,215,230
4450,6881,2147,3343,1659,4734,446,215,231
4455,6887,2148,3345,1659,4738,446,215,231
4460,6898,2150,3350,1661,4745,447,215,232
4465,6902,2153,3352,1664,4748,447,215,232
4470,6912,2157,3356,1667,4755,448,216,232
4475,6918,2158,3357,1668,4760,448,216,232
4480,6929,2159,3363,1669,4766,449,217,232
4485,6933,2163,3367,1673,4768,449,217,232
4490,6943,2167,3372,1677,4775,450,217,233
4495,6949,2169,3373,1678,4779,450,217,233
4500,6960,2170,3378,1679,4788,451,218,233
4505,6964,2171,3380,1680,4792,451,218,233
4510,6974,2172,3384,1680,4802,452,219,233
4515,6980,2174,3388,1681,4805,452,219,233
4520,6991,2174,3393,1681,4815,453,220,233
4525,6995,2175,3396,1682,4819,453,220,233
4530,7005,2177,3401,1683,4828,454,220,234
4535,7011,2178,3402,1683,4833,454,220,234
4540,7022,2178,3409,1683,4841,455,221,234
4545,7026,2179,3411,1684,4846,455,221,234
4550,7036,2182,3415,1686,4854,456,221,235
4555,7042,2183,3419,1687,4858,456,221,235
4560,7053,2185,3422,1688,4866,457,221,236
4565,7057,2188,3424,1691,4869,457,221,236
4570,7067,2189,3427,1692,4878,458,221,237
4575,7073,2190,3429,1692,4883,458,221,237
4580,7084,2191,3432,1693,4892,459,222,237
4585,7088,2191,3434,1693,4896,459,222,237
4590,7098,2194,3439,1695,4903,460,222,238
4595,7104,2197,3444,1698,4906,460,222,238
4600,7115,2199,3449,1699,4912,461,223,238
4605,7119,2202,3451,1702,4917,461,223,238
4610,7129,2206,3456,1705,4922,462,223,239
4615,7135,2208,3459,1706,4927,462,223,239
4620,7146,2210,3464,1708,4933,463,223,240
4625,7150,2213,3466,1711,4937,463,223,240
4630,7160,2217,3472,1715,4943,464,224,240
4635,7166,2219,3477,1716,4946,464,224,240
4640,7177,2221,3480,1717,4952,465,224,241
4645,7181,2224,3482,1720,4957,465,224,241
4650,7191,2227,3488,1723,4964,466,225,241
4655,7197,2229,3494,1725,4967,466,225,241
4660,7208,2233,3499,1729,4972,467,225,242
4665,7212,2235,3500,1731,4976,467,225,242
4670,7222,2239,3503,1733,4983,468,225,243
4675,7228,2240,3506,1734,4987,468,225,243
4680,7239,2243,3511,1737,4994,469,226,243
4685,7243,2246,3514,1740,4996,469,226,243
4690,7253,2251,3519,1743,5002,470,227,243
4695,7259,2251,3522,1743,5008,470,227,243
4700,7270,2253,3527,1744,5015,471,228,243
4705,7274,2255,3529,1746,5018,471,228,243
4710,7284,2262,3536,1752,5022,472,228,244
4715,7290,2263,3541,1753,5025,472,228,244
4720,7301,2266,3546,1756,5033,473,228,245
4725,7305,2268,3546,1758,5037,473,228,245
4730,7315,2274,3552,1763,5041,474,229,245
4735,7321,2274,3557,1763,5044,474,229,245
4740,7332,2278,3561,1767,5051,475,230,245
4745,7336,2281,3564,1770,5055,475,230,245
4750,7346,2282,3570,1771,5064,476,230,246
4755,7352,2282,3576,1771,5068,476,230,246
4760,7363,2282,3584,1771,5079,477,230,247
4765,7367,2282,3587,1771,5084,477,230,247
4770,7377,2283,3593,1772,5094,478,231,247
4775,7383,2283,3599,1772,5099,478,231,247
4780,7394,2283,3605,1772,5110,479,232,247
4785,7398,2283,3607,1772,5114,479,232,247
4790,7408,2284,3612,1773,5124,480,233,247
4795,7414,2285,3613,1773,5129,480,233,247
4800,7425,2285,3621,1773,5138,481,234,247
4805,7429,2286,3623,1774,5143,481,234,247
4810,7439,2288,3631,1775,5150,482,235,247
4815,7445,2291,3634,1778,5154,482,235,247
4820,7456,2291,3640,1778,5163,483,235,248
4825,7460,2291,3643,1778,5169,483,235,248
4830,7470,2292,3648,1779,5178,484,236,248
4835,7476,2293,3653,1779,5183,484,236,248
4840,7487,2294,3660,1780,5191,485,237,248
4845,7491,2294,3662,1780,5197,485,237,248
4850,7501,2297,3665,1782,5204,486,238,248
4855,7507,2298,3667,1782,5209,486,238,248
4860,7518,2300,3672,1783,5214,487,238,249
4865,7522,2303,3675,1786,5218,487,238,249
4870,7532,2307,3677,1788,5225,488,238,250
4875,7538,2308,3679,1789,5229,488,238,250
4880,7549,2311,3681,1791,5236,489,238,251
4885,7553,2311,3681,1791,5242,489,238,251
4890,7563,2313,3684,1792,5250,490,239,251
4895,7569,2314,3688,1793,5255,490,239,251
4900,7580,2316,3692,1795,5262,491,239,252
4905,7584,2318,3694,1797,5265,491,239,252
4910,7594,2323,3697,1801,5271,492,239,253
4915,7600,2325,3702,1803,5273,492,239,253
4920,7611,2330,3708,1808,5279,493,240,253
4925,7615,2332,3710,1810,5282,493,240,253
4930,7625,2339,3715,1816,5286,494,240,254
4935,7631,2341,3716,1817,5290,494,240,254
4940,7642,2346,3723,1821,5293,495,241,254
4945,7646,2349,3725,1824,5296,495,241,254
4950,7656,2352,3728,1827,5304,496,241,255
4955,7662,2354,3731,1828,5307,496,241,255
4960,7673,2355,3736,1829,5316,497,242,255
4965,7677,2358,3740,1832,5318,497,242,255
4970,7687,2360,3746,1834,5326,498,243,255
4975,7693,2363,3750,1837,5329,498,243,255
4980,7704,2366,3760,1840,5335,499,244,255
4985,7708,2369,3763,1843,5338,499,244,255
4990,7718,2371,3770,1845,5346,500,245,255
4995,7724,2374,3772,1847,5350,500,245,255
5000,7735,2376,3778,1848,5356,501,246,255
5005,7739,2377,3779,1849,5361,501,246,255
5010,7749,2380,3784,1851,5369,502,247,255
5015,7755,2381,3786,1851,5374,502,247,255
5020,7766,2383,3793,1853,5381,503,248,255
5025,7770,2385,3793,1855,5385,503,248,255
5030,7780,2387,3798,1857,5393,504,249,255
5035,7786,2388,3798,1857,5398,504,249,255
5040,7797,2389,3802,1857,5407,505,250,255
5045,7801,2390,3803,1858,5410,505,250,255
5050,7811,2393,3807,1860,5418,506,251,255
5055,7817,2395,3810,1862,5422,506,251,255
5060,7828,2399,3818,1866,5426,507,252,255
5065,7832,2401,3821,1868,5430,507,252,255
5070,7842,2404,3824,1869,5438,508,252,256
5075,7848,2405,3829,1870,5441,508,252,256
5080,7859,2410,3837,1875,5446,509,252,257
5085,7863,2412,3840,1877,5451,509,252,257
5090,7873,2414,3842,1877,5458,510,252,258
5095,7879,2416,3844,1878,5462,510,252,258
5100,7890,2418,3849,1880,5470,511,253,258
5105,7894,2420,3852,1882,5473,511,253,258
5110,7904,2424,3857,1885,5479,512,253,259
5115,7910,2427,3862,1888,5482,512,253,259
5120,7921,2429,3866,1890,5491,513,254,259
5125,7925,2429,3868,1890,5495,513,254,259
5130,7935,2433,3872,1894,5502,514,254,260
5135,7941,2435,3877,1895,5505,514,254,260
5140,7952,2438,3881,1898,5513,515,254,261
5145,7956,2438,3883,1898,5517,515,254,261
5150,7966,2442,3886,1900,5524,516,254,262
5155,7972,2443,3889,1900,5528,516,254,262
5160,7983,2446,3895,1903,5535,517,254,263
5165,7987,2447,3895,1904,5540,517,254,263
5170,7997,2452,3900,1907,5545,518,255,263
5175,8003,2453,3902,1908,5550,518,255,263
5180,8014,2454,3904,1908,5558,519,255,264
5185,8018,2456,3906,1910,5561,519,255,264
5190,8028,2461,3911,1915,5566,520,255,265
5195,8034,2464,3913,1917,5569,520,255,265
5200,8045,2467,3917,1919,5575,521,255,266
5205,8049,2470,3919,1922,5579,521,255,266
5210,8059,2472,3922,1924,5586,522,255,267
5215,8065,2475,3924,1927,5590,522,255,267
5220,8076,2476,3931,1927,5597,523,256,267
5225,8080,2478,3932,1929,5602,523,256,267
5230,8090,2480,3935,1930,5610,524,257,267
5235,8096,2481,3937,1930,5614,524,257,267
5240,8107,2483,3945,1931,5621,525,258,267
5245,8111,2486,3947,1934,5624,525,258,267
5250,8121,2489,3953,1936,5632,526,259,267
5255,8127,2490,3957,1937,5636,526,259,267
5260,8138,2493,3963,1939,5643,527,260,267
5265,8142,2494,3964,1940,5647,527,260,267
5270,8152,2497,3970,1943,5655,528,260,268
5275,8158,2499,3975,1945,5657,528,260,268
5280,8169,2502,3981,1947,5665,529,261,268
5285,8173,2504,3983,1949,5668,529,261,268
5290,8183,2506,3988,1951,5677,530,261,269
5295,8189,2507,3989,1951,5682,530,261,269
5300,8200,2508,3994,1952,5690,531,261,270
5305,8204,2510,3997,1954,5694,531,261,270
5310,8214,2514,4003,1956,5700,532,262,270
5315,8220,2515,4005,1956,5704,532,262,270
5320,8231,2519,4009,1959,5710,533,262,271
5325,8235,2522,4011,1962,5713,533,262,271
5330,8245,2524,4014,1963,5720,534,262,272
5335,8251,2526,4015,1964,5725,534,262,272
5340,8262,2528,4022,1966,5731,535,263,272
5345,8266,2530,4023,1968,5736,535,263,272
5350,8276,2533,4028,1970,5742,536,264,272
5355,8282,2535,4031,1972,5747,536,264,272
5360,8293,2537,4035,1973,5754,537,264,273
5365,8297,2539,4037,1975,5758,537,264,273
5370,8307,2543,4044,1979,5764,538,265,273
5375,8313,2544,4048,1980,5769,538,265,273
5380,8324,2546,4052,1982,5778,539,266,273
5385,8328,2546,4053,1982,5782,539,266,273
5390,8338,2548,4056,1982,5789,540,266,274
5395,8344,2551,4060,1985,5792,540,266,274
5400,8355,2553,4065,1987,5800,541,267,274
5405,8359,2556,4067,1990,5802,541,267,274
5410,8369,2560,4070,1994,5809,542,267,275
5415,8375,2562,4073,1996,5812,542,267,275
5420,8386,2565,4079,1999,5820,543,267,276
5425,8390,2567,4082,2001,5822,543,267,276
5430,8400,2573,4087,2005,5826,544,267,277
5435,8406,2575,4089,2006,5829,544,267,277
5440,8417,2578,4094,2009,5837,545,267,278
5445,8421,2580,4098,2011,5840,545,267,278
5450,8431,2581,4104,2012,5849,546,268,278
5455,8437,2584,4107,2015,5852,546,268,278
5460,8448,2584,4112,2015,5861,547,268,279
5465,8452,2585,4114,2016,5866,547,268,279
5470,8462,2586,4119,2017,5876,548,268,280
5475,8468,2586,4119,2017,5882,548,268,280
5480,8479,2587,4124,2017,5890,549,268,281
5485,8483,2589,4127,2019,5894,549,268,281
5490,8493,2592,4134,2021,5901,550,268,282
5495,8499,2592,4138,2021,5907,550,268,282
5500,8510,2594,4143,2022,5915,551,268,283
5505,8514,2595,4146,2023,5919,551,268,283
5510,8524,2598,4150,2025,5926,552,268,284
5515,8530,2598,4153,2025,5932,552,268,284
5520,8541,2599,4159,2025,5939,553,269,284
5525,8545,2602,4160,2028,5943,553,269,284
5530,8555,2604,4165,2030,5951,554,270,284
5535,8561,2604,4169,2030,5957,554,270,284
5540,8572,2605,4175,2031,5966,555,271,284
5545,8576,2607,4177,2033,5969,555,271,284
5550,8586,2609,4182,2034,5977,556,272,284
5555,8592,2609,4186,2034,5982,556,272,284
5560,8603,2611,4194,2036,5990,557,273,284
5565,8607,2613,4196,2038,5994,557,273,284
5570,8617,2617,4201,2041,6000,558,273,285
5575,8623,2618,4203,2041,6004,558,273,285
5580,8634,2623,4212,2046,6007,559,273,286
5585,8638,2628,4214,2051,6009,559,273,286
5590,8648,2632,4218,2053,6015,560,274,286
5595,8654,2635,4220,2056,6019,560,274,286
5600,8665,2637,4226,2058,6027,561,274,287
5605,8669,2638,4228,2059,6031,561,274,287
5610,8679,2641,4235,2061,6037,562,275,287
5615,8685,2643,4236,2062,6041,562,275,287
5620,8696,2647,4242,2066,6048,563,276,287
5625,8700,2648,4245,2067,6051,563,276,287
5630,8710,2653,4249,2071,6057,564,276,288
5635,8716,2654,4250,2072,6062,564,276,288
5640,8727,2655,4252,2073,6072,565,276,289
5645,8731,2655,4253,2073,6076,565,276,289
5650,8741,2659,4258,2075,6081,566,276,290
5655,8747,2662,4259,2077,6085,566,276,290
5660,8758,2663,4266,2078,6093,567,277,290
5665,8762,2664,4267,2079,6097,567,277,290
5670,8772,2668,4272,2082,6103,568,278,290
5675,8778,2671,4277,2085,6105,568,278,290
5680,8789,2672,4282,2086,6116,569,278,291
5685,8793,2673,4284,2087,6119,569,278,291
5690,8803,2674,4288,2087,6129,570,278,292
5695,8809,2675,4291,2087,6132,570,278,292
5700,8820,2678,4298,2090,6140,571,278,293
5705,8824,2680,4300,2092,6143,571,278,293
5710,8834,2684,4305,2095,6149,572,278,294
5715,8840,2686,4305,2096,6154,572,278,294
5720,8851,2687,4311,2096,6161,573,278,295
5725,8855,2689,4312,2098,6166,573,278,295
5730,8865,2690,4314,2099,6175,574,278,296
5735,8871,2691,4316,2099,6179,574,278,296
5740,8882,2693,4322,2100,6186,575,278,297
5745,8886,2695,4324,2102,6190,575,278,297
5750,8896,2696,4327,2102,6199,576,278,298
5755,8902,2698,4330,2103,6203,576,278,298
5760,8913,2699,4335,2104,6212,577,279,298
5765,8917,2702,4339,2107,6214,577,279,298
5770,8927,2704,4345,2109,6223,578,280,298
5775,8933,2706,4350,2111,6227,578,280,298
5780,8944,2708,4353,2112,6235,579,281,298
5785,8948,2709,4354,2113,6239,579,281,298
5790,8958,2713,4359,2116,6245,580,281,299
5795,8964,2714,4361,2117,6249,580,281,299
5800,8975,2718,4365,2120,6255,581,281,300
5805,8979,2719,4365,2121,6260,581,281,300
5810,8989,2722,4369,2123,6267,582,281,301
5815,8995,2723,4370,2123,6272,582,281,301
5820,9006,2727,4377,2127,6276,583,281,302
5825,9010,2730,4378,2130,6279,583,281,302
5830,9020,2734,4383,2133,6285,584,282,302
5835,9026,2736,4387,2135,6289,584,282,302
5840,9037,2739,4391,2138,6296,585,282,303
5845,9041,2742,4395,2141,6298,585,282,303
5850,9051,2745,4401,2144,6305,586,283,303
5855,9057,2748,4405,2146,6308,586,283,303
5860,9068,2752,4410,2149,6314,587,284,303
5865,9072,2755,4413,2152,6316,587,284,303
5870,9082,2760,4420,2157,6321,588,285,303
5875,9088,2763,4426,2160,6324,588,285,303
5880,9099,2766,4430,2163,6331,589,285,304
5885,9103,2770,4432,2167,6333,589,285,304
5890,9113,2776,4439,2173,6336,590,285,305
5895,9119,2779,4442,2175,6338,590,285,305
5900,9130,2782,4450,2178,6345,591,285,306
5905,9134,2785,4453,2181,6349,591,285,306
5910,9144,2787,4456,2182,6356,592,286,306
5915,9150,2788,4457,2183,6362,592,286,306
5920,9161,2790,4463,2184,6370,593,286,307
5925,9165,2791,4464,2185,6374,593,286,307
5930,9175,2793,4469,2187,6382,594,287,307
5935,9181,2793,4473,2187,6386,594,287,307
5940,9192,2795,4477,2188,6395,595,287,308
5945,9196,2796,4480,2189,6399,595,287,308
5950,9206,2797,4483,2190,6409,596,287,309
5955,9212,2797,4487,2190,6415,596,287,309
5960,9223,2797,4491,2190,6426,597,287,310
5965,9227,2797,4495,2190,6429,597,287,310
5970,9237,2798,4500,2191,6439,598,288,310
5975,9243,2798,4504,2191,6444,598,288,310
5980,9254,2798,4511,2191,6454,599,288,311
5985,9258,2798,4513,2191,6460,599,288,311
5990,9268,2799,4517,2191,6469,600,288,312
5995,9274,2799,4519,2191,6475,600,288,312
6000,9285,2799,4525,2191,6485,601,288,313
6005,9289,2799,4525,2191,6490,601,288,313
6010,9299,2801,4528,2191,6498,602,288,314
6015,9305,2801,4531,2191,6504,602,288,314
6020,9316,2801,4537,2191,6513,603,289,314
6025,9320,2802,4538,2192,6518,603,289,314
6030,9330,2804,4542,2193,6526,604,289,315
6035,9336,2806,4545,2195,6530,604,289,315
6040,9347,2806,4550,2195,6538,605,289,316
6045,9351,2808,4551,2197,6543,605,289,316
6050,9361,2811,4556,2199,6549,606,290,316
6055,9367,2813,4558,2200,6554,606,290,316
6060,9378,2816,4562,2203,6561,607,291,316
6065,9382,2817,4565,2204,6564,607,291,316
6070,9392,2822,4570,2208,6570,608,291,317
6075,9398,2824,4574,2209,6573,608,291,317
6080,9409,2827,4578,2211,6578,609,291,318
6085,9413,2830,4580,2214,6582,609,291,318
6090,9423,2834,4584,2217,6588,610,291,319
6095,9429,2837,4588,2220,6592,610,291,319
6100,9440,2840,4595,2222,6596,611,292,319
6105,9444,2845,4598,2227,6597,611,292,319
6110,9454,2854,4604,2234,6600,612,293,319
6115,9460,2855,4608,2235,6602,612,293,319
6120,9471,2862,4615,2242,6607,613,294,319
6125,9475,2865,4617,2245,6609,613,294,319
6130,9485,2872,4622,2251,6613,614,294,320
6135,9491,2874,4628,2253,6614,614,294,320
6140,9502,2880,4634,2258,6620,615,295,320
6145,9506,2881,4635,2259,6625,615,295,320
6150,9516,2882,4640,2259,6634,616,295,321
6155,9522,2883,4645,2260,6638,616,295,321
6160,9533,2884,4652,2261,6648,617,296,321
6165,9537,2884,4653,2261,6653,617,296,321
6170,9547,2885,4657,2262,6662,618,296,322
6175,9553,2886,4659,2262,6666,618,296,322
6180,9564,2886,4666,2262,6676,619,297,322
6185,9568,2886,4667,2262,6682,619,297,322
6190,9578,2887,4672,2263,6691,620,297,323
6195,9584,2888,4675,2263,6696,620,297,323
6200,9595,2889,4684,2264,6705,621,297,324
6205,9599,2889,4686,2264,6710,621,297,324
6210,9609,2890,4693,2265,6719,622,297,325
6215,9615,2891,4697,2266,6724,622,297,325
6220,9626,2891,4702,2266,6734,623,297,326
6225,9630,2891,4704,2266,6739,623,297,326
6230,9640,2892,4710,2266,6748,624,298,326
6235,9646,2893,4713,2266,6753,624,298,326
6240,9657,2893,4721,2266,6761,625,299,326
6245,9661,2894,4723,2267,6767,625,299,326
6250,9671,2897,4730,2270,6773,626,300,326
6255,9677,2899,4731,2271,6778,626,300,326
6260,9688,2902,4736,2274,6783,627,300,327
6265,9692,2904,4738,2276,6788,627,300,327
6270,9702,2907,4743,2279,6795,628,301,327
6275,9708,2908,4744,2279,6800,628,301,327
6280,9719,2912,4751,2283,6804,629,302,327
6285,9723,2914,4753,2285,6808,629,302,327
6290,9733,2919,4758,2290,6813,630,302,328
6295,9739,2922,4761,2293,6816,630,302,328
6300,9750,2926,4769,2297,6820,631,303,328
6305,9754,2931,4771,2302,6822,631,303,328
6310,9764,2936,4776,2306,6827,632,304,328
6315,9770,2939,4779,2308,6829,632,304,328
6320,9781,2944,4783,2312,6835,633,304,329
6325,9785,2946,4784,2314,6838,633,304,329
6330,9795,2952,4790,2319,6842,634,305,329
6335,9801,2955,4793,2321,6844,634,305,329
6340,9812,2958,4795,2323,6852,635,305,330
6345,9816,2960,4796,2325,6856,635,305,330
6350,9826,2962,4799,2326,6863,636,305,331
6355,9832,2964,4803,2327,6866,636,305,331
6360,9843,2967,4809,2330,6873,637,305,332
6365,9847,2968,4810,2331,6879,637,305,332
6370,9857,2971,4815,2333,6885,638,305,333
6375,9863,2974,4818,2336,6889,638,305,333
6380,9874,2977,4825,2339,6895,639,305,334
6385,9878,2978,4827,2340,6900,639,305,334
6390,9888,2982,4834,2344,6906,640,306,334
6395,9894,2983,4837,2344,6910,640,306,334
6400,9905,2985,4843,2345,6918,641,307,334
6405,9909,2987,4845,2347,6922,641,307,334
6410,9919,2990,4851,2349,6928,642,308,334
6415,9925,2992,4853,2351,6933,642,308,334
6420,9936,2994,4859,2353,6939,643,308,335
6425,9940,2995,4861,2354,6945,643,308,335
6430,9950,2996,4865,2355,6953,644,308,336
6435,9956,2999,4867,2357,6957,644,308,336
6440,9967,3001,4871,2358,6964,645,309,336
6445,9971,3004,4872,2361,6967,645,309,336
6450,9981,3006,4875,2363,6975,646,309,337
6455,9987,3007,4877,2364,6980,646,309,337
6460,9998,3009,4879,2366,6988,647,309,338
6465,10002,3009,4880,2366,6993,647,309,338
6470,10012,3012,4885,2369,7000,648,309,339
6475,10018,3014,4889,2370,7004,648,309,339
6480,10029,3018,4896,2373,7007,649,309,340
6485,10033,3022,4898,2377,7011,649,309,340
6490,10043,3024,4901,2378,7019,650,309,341
6495,10049,3025,4903,2378,7023,650,309,341
6500,10060,3028,4909,2381,7029,651,310,341
6505,10064,3029,4912,2382,7034,651,310,341
6510,10074,3033,4916,2385,7041,652,310,342
6515,10080,3034,4919,2385,7045,652,310,342
6520,10091,3037,4926,2388,7052,653,311,342
6525,10095,3038,4926,2389,7057,653,311,342
6530,10105,3040,4929,2390,7065,654,311,343
6535,10111,3042,4931,2391,7068,654,311,343
6540,10122,3045,4940,2394,7074,655,312,343
6545,10126,3047,4943,2396,7077,655,312,343
6550,10136,3054,4950,2402,7082,656,313,343
6555,10142,3054,4952,2402,7087,656,313,343
6560,10153,3057,4957,2405,7094,657,314,343
6565,10157,3059,4960,2407,7096,657,314,343
6570,10167,3063,4964,2410,7104,658,314,344
6575,10173,3063,4968,2410,7108,658,314,344
6580,10184,3063,4971,2410,7120,659,314,345
6585,10188,3063,4973,2410,7125,659,314,345
6590,10198,3064,4978,2410,7134,660,315,345
6595,10204,3064,4980,2410,7140,660,315,345
6600,10215,3065,4985,2411,7148,661,316,345
6605,10219,3067,4987,2413,7151,661,316,345
6610,10229,3069,4991,2415,7160,662,316,346
6615,10235,3069,4993,2415,7165,662,316,346
6620,10246,3071,5001,2417,7173,663,317,346
6625,10250,3073,5004,2419,7176,663,317,346
6630,10260,3075,5007,2420,7185,664,317,347
6635,10266,3075,5007,2420,7191,664,317,347
6640,10277,3076,5013,2421,7199,665,318,347
6645,10281,3077,5014,2422,7203,665,318,347
6650,10291,3079,5019,2424,7212,666,319,347
6655,10297,3080,5021,2424,7216,666,319,347
6660,10308,3083,5026,2426,7222,667,319,348
6665,10312,3084,5028,2427,7228,667,319,348
6670,10322,3087,5037,2430,7234,668,320,348
6675,10328,3089,5040,2432,7239,668,320,348
6680,10339,3091,5045,2434,7246,669,321,348
6685,10343,3092,5048,2435,7251,669,321,348
6690,10353,3096,5053,2438,7257,670,321,349
6695,10359,3097,5055,2439,7262,670,321,349
6700,10370,3099,5060,2441,7268,671,321,350
6705,10374,3102,5063,2444,7272,671,321,350
6710,10384,3106,5072,2448,7277,672,322,350
6715,10390,3109,5077,2451,7280,672,322,350
6720,10401,3113,5085,2455,7284,673,323,350
6725,10405,3117,5086,2459,7288,673,323,350
6730,10415,3121,5091,2461,7294,674,324,350
6735,10421,3123,5095,2463,7298,674,324,350
6740,10432,3127,5102,2467,7302,675,324,351
6745,10436,3131,5104,2471,7305,675,324,351
6750,10446,3133,5106,2472,7312,676,324,352
6755,10452,3135,5107,2473,7317,676,324,352
6760,10463,3138,5113,2476,7322,677,324,353
6765,10467,3142,5114,2480,7325,677,324,353
6770,10477,3147,5119,2485,7330,678,324,354
6775,10483,3149,5121,2487,7334,678,324,354
6780,10494,3152,5126,2489,7340,679,325,354
6785,10498,3153,5127,2490,7345,679,325,354
6790,10508,3157,5133,2494,7350,680,325,355
6795,10514,3160,5136,2497,7353,680,325,355
6800,10525,3161,5140,2498,7363,681,326,355
6805,10529,3162,5143,2499,7366,681,326,355
6810,10539,3168,5149,2504,7371,682,327,355
6815,10545,3171,5154,2507,7372,682,327,355
6820,10556,3175,5161,2511,7379,683,328,355
6825,10560,3175,5164,2511,7385,683,328,355
6830,10570,3176,5168,2511,7394,684,329,355
6835,10576,3177,5171,2511,7397,684,329,355
6840,10587,3177,5176,2511,7407,685,329,356
6845,10591,3178,5176,2512,7413,685,329,356
6850,10601,3179,5178,2512,7421,686,329,357
6855,10607,3182,5182,2515,7424,686,329,357
6860,10618,3183,5188,2516,7434,687,330,357
6865,10622,3183,5191,2516,7439,687,330,357
6870,10632,3185,5199,2518,7446,688,330,358
6875,10638,3187,5202,2520,7450,688,330,358
6880,10649,3187,5204,2520,7461,689,330,359
6885,10653,3187,5205,2520,7466,689,330,359
6890,10663,3191,5209,2523,7471,690,330,360
6895,10669,3194,5213,2526,7475,690,330,360
6900,10680,3195,5218,2526,7484,691,331,360
6905,10684,3196,5219,2527,7488,691,331,360
6910,10694,3198,5224,2528,7496,692,331,361
6915,10700,3198,5227,2528,7501,692,331,361
6920,10711,3199,5234,2529,7510,693,331,362
6925,10715,3201,5235,2531,7514,693,331,362
6930,10725,3204,5240,2533,7521,694,331,363
6935,10731,3204,5245,2533,7527,694,331,363
6940,10742,3206,5250,2534,7532,695,331,364
6945,10746,3208,5252,2536,7538,695,331,364
6950,10756,3211,5255,2538,7545,696,331,365
6955,10762,3211,5259,2538,7551,696,331,365
6960,10773,3215,5264,2541,7556,697,331,366
6965,10777,3216,5265,2542,7561,697,331,366
6970,10787,3220,5272,2546,7567,698,332,366
6975,10793,3220,5275,2546,7573,698,332,366
6980,10804,3223,5282,2549,7578,699,332,367
6985,10808,3227,5285,2553,7580,699,332,367
6990,10818,3231,5291,2556,7587,700,333,367
6995,10824,3231,5294,2556,7592,700,333,367
7000,10835,3235,5300,2559,7596,701,334,367
7005,10839,3238,5302,2562,7601,701,334,367
7010,10849,3240,5303,2563,7609,702,334,368
7015,10855,3242,5304,2564,7613,702,334,368
7020,10866,3245,5311,2566,7617,703,335,368
7025,10870,3250,5313,2571,7619,703,335,368
7030,10880,3256,5317,2575,7624,704,335,369
7035,10886,3258,5321,2577,7627,704,335,369
7040,10897,3262,5328,2581,7632,705,336,369
7045,10901,3266,5332,2585,7634,705,336,369
7050,10911,3268,5336,2586,7643,706,337,369
7055,10917,3269,5339,2586,7646,706,337,369
7060,10928,3271,5346,2588,7656,707,338,369
7065,10932,3271,5348,2588,7660,707,338,369
7070,10942,3274,5354,2591,7668,708,338,370
7075,10948,3275,5358,2591,7671,708,338,370
7080,10959,3276,5367,2592,7681,709,339,370
7085,10963,3276,5368,2592,7687,709,339,370
7090,10973,3277,5373,2593,7696,710,339,371
7095,10979,3278,5376,2593,7701,710,339,371
7100,10990,3279,5381,2594,7710,711,340,371
7105,10994,3279,5385,2594,7715,711,340,371
7110,11004,3280,5392,2595,7724,712,341,371
7115,11010,3281,5395,2596,7729,712,341,371
7120,11021,3282,5401,2597,7737,713,341,372
7125,11025,3282,5402,2597,7743,713,341,372
7130,11035,3284,5409,2598,7751,714,342,372
7135,11041,3285,5410,2598,7756,714,342,372
7140,11052,3286,5415,2599,7764,715,343,372
7145,11056,3287,5417,2600,7769,715,343,372
7150,11066,3290,5422,2601,7775,716,344,372
7155,11072,3292,5425,2602,7779,716,344,372
7160,11083,3294,5429,2604,7788,717,345,372
7165,11087,3294,5432,2604,7793,717,345,372
7170,11097,3297,5436,2606,7799,718,345,373
7175,11103,3300,5439,2609,7803,718,345,373
7180,11114,3301,5444,2610,7809,719,346,373
7185,11118,3305,5446,2614,7813,719,346,373
7190,11128,3309,5452,2618,7818,720,346,374
7195,11134,3311,5455,2620,7822,720,346,374
7200,11145,3313,5461,2622,7828,721,347,374
7205,11149,3318,5463,2627,7830,721,347,374
7210,11159,3323,5467,2632,7836,722,347,375
7215,11165,3326,5471,2635,7838,722,347,375
7220,11176,3331,5474,2639,7844,723,347,376
7225,11180,3332,5475,2640,7848,723,347,376
7230,11190,3337,5480,2645,7853,724,347,377
7235,11196,3339,5484,2646,7854,724,347,377
7240,11207,3345,5489,2652,7860,725,348,377
7245,11211,3348,5492,2655,7862,725,348,377
7250,11221,3355,5499,2661,7865,726,349,377
7255,11227,3358,5502,2663,7867,726,349,377
7260,11238,3360,5509,2665,7875,727,350,377
7265,11242,3363,5511,2668,7879,727,350,377
7270,11252,3365,5517,2670,7886,728,350,378
7275,11258,3367,5522,2672,7890,728,350,378
7280,11269,3369,5529,2674,7896,729,350,379
7285,11273,3372,5530,2677,7901,729,350,379
7290,11283,3374,5535,2679,7908,730,350,380
7295,11289,3376,5538,2681,7913,730,350,380
7300,11300,3378,5542,2682,7919,731,350,381
7305,11304,3379,5544,2683,7924,731,350,381
7310,11314,3382,5549,2686,7931,732,350,382
7315,11320,3384,5553,2688,7936,732,350,382
7320,11331,3386,5557,2689,7942,733,350,383
7325,11335,3387,5560,2690,7948,733,350,383
7330,11345,3390,5563,2692,7955,734,350,384
7335,11351,3391,5564,2692,7960,734,350,384
7340,11362,3392,5567,2693,7970,735,350,385
7345,11366,3393,5569,2694,7973,735,350,385
7350,11376,3396,5573,2696,7980,736,350,386
7355,11382,3398,5576,2698,7984,736,350,386
7360,11393,3401,5581,2700,7990,737,351,386
7365,11397,3402,5583,2701,7995,737,351,386
7370,11407,3405,5586,2702,8001,738,351,387
7375,11413,3407,5589,2704,8006,738,351,387
7380,11424,3411,5593,2708,8013,739,351,388
7385,11428,3411,5595,2708,8016,739,351,388
7390,11438,3414,5599,2711,8023,740,351,389
7395,11444,3417,5604,2713,8026,740,351,389
7400,11455,3420,5607,2716,8034,741,351,390
7405,11459,3420,5609,2716,8038,741,351,390
7410,11469,3424,5616,2719,8044,742,351,391
7415,11475,3427,5618,2721,8047,742,351,391
7420,11486,3429,5623,2723,8056,743,351,392
7425,11490,3430,5626,2724,8059,743,351,392
7430,11500,3434,5630,2728,8066,744,351,393
7435,11506,3434,5633,2728,8071,744,351,393
7440,11517,3436,5636,2730,8081,745,351,394
7445,11521,3437,5637,2731,8084,745,351,394
7450,11531,3441,5641,2734,8090,746,352,394
7455,11537,3441,5643,2734,8094,746,352,394
7460,11548,3443,5644,2736,8105,747,352,395
7465,11552,3443,5646,2736,8108,747,352,395
7470,11562,3448,5651,2739,8114,748,352,396
7475,11568,3448,5653,2739,8119,748,352,396
7480,11579,3449,5656,2740,8129,749,353,396
7485,11583,3449,5656,2740,8134,749,353,396
7490,11593,3450,5660,2740,8143,750,353,397
7495,11599,3450,5663,2740,8149,750,353,397
7500,11610,3452,5668,2741,8157,751,353,398
7505,11614,3453,5671,2742,8160,751,353,398
7510,11624,3455,5675,2743,8169,752,354,398
7515,11630,3455,5677,2743,8174,752,354,398
7520,11641,3456,5683,2744,8183,753,354,399
7525,11645,3458,5685,2746,8186,753,354,399
7530,11655,3461,5690,2749,8194,754,355,399
7535,11661,3462,5691,2750,8199,754,355,399
7540,11672,3464,5697,2751,8206,755,356,399
7545,11676,3465,5699,2752,8210,755,356,399
7550,11686,3469,5704,2756,8217,756,356,400
7555,11692,3470,5705,2756,8221,756,356,400
7560,11703,3471,5707,2756,8230,757,356,401
7565,11707,3473,5710,2758,8233,757,356,401
7570,11717,3476,5718,2760,8240,758,357,401
7575,11723,3478,5720,2761,8245,758,357,401
7580,11734,3480,5725,2762,8251,759,357,402
7585,11738,3483,5728,2765,8255,759,357,402
7590,11748,3486,5734,2768,8262,760,358,402
7595,11754,3488,5738,2770,8266,760,358,402
7600,11765,3491,5744,2773,8273,761,359,402
7605,11769,3491,5745,2773,8278,761,359,402
7610,11779,3495,5749,2775,8284,762,359,403
7615,11785,3496,5752,2776,8288,762,359,403
7620,11796,3500,5756,2780,8295,763,359,404
7625,11800,3502,5758,2782,8298,763,359,404
7630,11810,3504,5759,2783,8306,764,359,405
7635,11816,3506,5762,2785,8310,764,359,405
7640,11827,3510,5768,2788,8314,765,359,406
7645,11831,3514,5772,2792,8316,765,359,406
7650,11841,3517,5776,2794,8323,766,359,407
7655,11847,3519,5778,2796,8327,766,359,407
7660,11858,3521,5783,2798,8336,767,360,407
7665,11862,3523,5787,2800,8338,767,360,407
7670,11872,3527,5793,2802,8345,768,360,408
7675,11878,3528,5796,2802,8348,768,360,408
7680,11889,3532,5803,2806,8354,769,360,409
7685,11893,3535,5806,2809,8357,769,360,409
7690,11903,3539,5813,2813,8363,770,361,409
7695,11909,3541,5814,2814,8367,770,361,409
7700,11920,3544,5823,2817,8373,771,362,409
7705,11924,3547,5825,2820,8376,771,362,409
7710,11934,3549,5830,2821,8384,772,362,410
7715,11940,3552,5832,2823,8388,772,362,410
7720,11951,3552,5837,2823,8399,773,363,410
7725,11955,3552,5839,2823,8403,773,363,410
7730,11965,3554,5845,2825,8410,774,363,411
7735,11971,3556,5846,2826,8415,774,363,411
7740,11982,3556,5851,2826,8424,775,363,412
7745,11986,3557,5853,2827,8429,775,363,412
7750,11996,3559,5857,2828,8437,776,363,413
7755,12002,3561,5860,2829,8440,776,363,413
7760,12013,3564,5866,2831,8448,777,364,413
7765,12017,3565,5868,2832,8452,777,364,413
7770,12027,3569,5874,2835,8457,778,365,413
7775,12033,3571,5877,2837,8461,778,365,413
7780,12044,3573,5883,2839,8468,779,365,414
7785,12048,3576,5885,2842,8472,779,365,414
7790,12058,3577,5889,2843,8480,780,366,414
7795,12064,3580,5894,2846,8484,780,366,414
7800,12075,3582,5899,2847,8490,781,366,415
7805,12079,3584,5901,2849,8495,781,366,415
7810,12089,3586,5907,2851,8502,782,367,415
7815,12095,3589,5913,2854,8504,782,367,415
7820,12106,3591,5917,2856,8512,783,367,416
7825,12110,3594,5918,2859,8516,783,367,416
7830,12120,3597,5923,2862,8523,784,368,416
7835,12126,3597,5928,2862,8528,784,368,416
7840,12137,3599,5936,2864,8534,785,369,416
7845,12141,3602,5937,2867,8539,785,369,416
7850,12151,3605,5940,2869,8546,786,369,417
7855,12157,3605,5944,2869,8550,786,369,417
7860,12168,3608,5949,2871,8557,787,370,417
7865,12172,3611,5952,2874,8561,787,370,417
7870,12182,3614,5955,2875,8568,788,371,417
7875,12188,3614,5958,2875,8573,788,371,417
7880,12199,3617,5960,2878,8582,789,371,418
7885,12203,3617,5962,2878,8586,789,371,418
7890,12213,3620,5966,2880,8593,790,371,419
7895,12219,3620,5971,2880,8598,790,371,419
7900,12230,3625,5978,2885,8603,791,372,419
7905,12234,3626,5978,2886,8608,791,372,419
7910,12244,3630,5986,2890,8614,792,372,420
7915,12250,3630,5987,2890,8620,792,372,420
7920,12261,3632,5992,2891,8627,793,373,420
7925,12265,3634,5992,2893,8631,793,373,420
7930,12275,3636,5994,2894,8639,794,374,420
7935,12281,3637,5996,2895,8644,794,374,420
7940,12292,3639,6001,2896,8651,795,375,420
7945,12296,3642,6003,2899,8654,795,375,420
7950,12306,3644,6005,2900,8662,796,376,420
7955,12312,3645,6005,2900,8667,796,376,420
7960,12323,3647,6010,2902,8675,797,377,420
7965,12327,3650,6013,2905,8676,797,377,420
7970,12337,3655,6017,2910,8682,798,377,421
7975,12343,3656,6020,2911,8685,798,377,421
7980,12354,3662,6024,2916,8691,799,377,422
7985,12358,3663,6024,2917,8695,799,377,422
7990,12368,3667,6028,2920,8700,800,377,423
7995,12374,3670,6031,2922,8702,800,377,423
8000,12385,3672,6032,2924,8712,801,377,424
8005,12389,3673,6032,2925,8716,801,377,424
8010,12399,3677,6036,2927,8722,802,378,424
8015,12405,3678,6037,2927,8726,802,378,424
8020,12416,3681,6042,2930,8734,803,379,424
8025,12420,3683,6044,2932,8737,803,379,424
8030,12430,3686,6048,2934,8743,804,379,425
8035,12436,3689,6049,2936,8747,804,379,425
8040,12447,3690,6054,2937,8756,805,380,425
8045,12451,3691,6056,2938,8759,805,380,425
8050,12461,3692,6064,2938,8768,806,381,425
8055,12467,3694,6065,2940,8773,806,381,425
8060,12478,3694,6066,2940,8784,807,382,425
8065,12482,3694,6068,2940,8788,807,382,425
8070,12492,3695,6075,2941,8797,808,383,425
8075,12498,3696,6078,2942,8800,808,383,425
8080,12509,3697,6083,2943,8811,809,384,425
8085,12513,3697,6084,2943,8816,809,384,425
8090,12523,3698,6087,2944,8824,810,384,426
8095,12529,3700,6090,2946,8828,810,384,426
8100,12540,3703,6096,2949,8834,811,384,427
8105,12544,3704,6098,2950,8839,811,384,427
8110,12554,3707,6102,2952,8847,812,384,428
8115,12560,3708,6103,2952,8851,812,384,428
8120,12571,3711,6109,2955,8857,813,384,429
8125,12575,3712,6111,2956,8862,813,384,429
8130,12585,3716,6117,2959,8868,814,385,429
8135,12591,3718,6119,2960,8873,814,385,429
8140,12602,3719,6125,2960,8880,815,385,430
8145,12606,3722,6127,2963,8884,815,385,430
8150,12616,3727,6133,2967,8889,816,385,431
8155,12622,3728,6136,2968,8894,816,385,431
8160,12633,3732,6143,2971,8897,817,385,432
8165,12637,3736,6145,2975,8901,817,385,432
8170,12647,3740,6149,2978,8907,818,385,433
8175,12653,3742,6152,2979,8911,818,385,433
8180,12664,3743,6155,2979,8918,819,385,434
8185,12668,3745,6158,2981,8923,819,385,434
8190,12678,3748,6163,2982,8929,820,386,434
8195,12684,3751,6166,2984,8933,820,386,434
8200,12695,3753,6171,2986,8938,821,386,435
8205,12699,3756,6175,2989,8943,821,386,435
8210,12709,3758,6176,2990,8951,822,386,436
8215,12715,3760,6179,2992,8955,822,386,436
8220,12726,3762,6181,2993,8962,823,386,437
8225,12730,3762,6184,2993,8968,823,386,437
8230,12740,3765,6188,2994,8975,824,386,438
8235,12746,3766,6189,2994,8980,824,386,438
8240,12757,3766,6190,2994,8990,825,386,439
8245,12761,3767,6192,2995,8993,825,386,439
8250,12771,3771,6198,2999,9000,826,387,439
8255,12777,3772,6200,2999,9005,826,387,439
8260,12788,3774,6206,3001,9011,827,388,439
8265,12792,3777,6208,3004,9014,827,388,439
8270,12802,3782,6213,3008,9020,828,389,439
8275,12808,3784,6216,3010,9023,828,389,439
8280,12819,3787,6220,3013,9029,829,389,440
8285,12823,3789,6223,3015,9032,829,389,440
8290,12833,3796,6230,3021,9036,830,389,441
8295,12839,3799,6231,3023,9040,830,389,441
8300,12850,3801,6239,3025,9046,831,390,441
8305,12854,3803,6241,3027,9050,831,390,441
8310,12864,3807,6246,3030,9056,832,391,441
8315,12870,3809,6250,3032,9058,832,391,441
8320,12881,3811,6256,3034,9069,833,392,441
8325,12885,3811,6259,3034,9073,833,392,441
8330,12895,3814,6262,3036,9081,834,392,442
8335,12901,3816,6266,3038,9084,834,392,442
8340,12912,3818,6271,3039,9092,835,393,442
8345,12916,3820,6272,3041,9096,835,393,442
8350,12926,3822,6275,3042,9104,836,393,443
8355,12932,3824,6277,3043,9108,836,393,443
8360,12943,3826,6283,3045,9113,837,393,444
8365,12947,3829,6286,3048,9117,837,393,444
8370,12957,3832,6291,3051,9125,838,394,444
8375,12963,3833,6293,3052,9130,838,394,444
8380,12974,3835,6301,3054,9136,839,395,444
8385,12978,3838,6303,3057,9140,839,395,444
8390,12988,3841,6310,3059,9147,840,396,444
8395,12994,3841,6314,3059,9153,840,396,444
8400,13005,3842,6321,3060,9162,841,397,444
8405,13009,3844,6324,3062,9165,841,397,444
8410,13019,3846,6328,3063,9173,842,397,445
8415,13025,3846,6331,3063,9179,842,397,445
8420,13036,3848,6339,3065,9186,843,398,445
8425,13040,3850,6342,3067,9190,843,398,445
8430,13050,3853,6347,3068,9197,844,399,445
8435,13056,3853,6351,3068,9202,844,399,445
8440,13067,3855,6358,3070,9210,845,400,445
8445,13071,3857,6359,3072,9214,845,400,445
8450,13081,3859,6363,3072,9222,846,401,445
8455,13087,3859,6366,3072,9227,846,401,445
8460,13098,3862,6368,3074,9234,847,401,446
8465,13102,3863,6368,3075,9239,847,401,446
8470,13112,3866,6373,3077,9246,848,402,446
8475,13118,3866,6376,3077,9251,848,402,446
8480,13129,3870,6382,3080,9256,849,403,446
8485,13133,3874,6385,3084,9259,849,403,446
8490,13143,3877,6387,3085,9266,850,404,446
8495,13149,3879,6389,3086,9270,850,404,446
8500,13160,3883,6394,3089,9274,851,404,447
8505,13164,3886,6396,3092,9277,851,404,447
8510,13174,3890,6401,3095,9283,852,404,448
8515,13180,3892,6404,3097,9286,852,404,448
8520,13191,3897,6410,3102,9292,853,405,448
8525,13195,3899,6413,3104,9295,853,405,448
8530,13205,3903,6416,3106,9302,854,406,448
8535,13211,3905,6419,3108,9305,854,406,448
8540,13222,3906,6423,3109,9313,855,406,449
8545,13226,3907,6425,3110,9318,855,406,449
8550,13236,3909,6432,3112,9326,856,406,450
8555,13242,3911,6433,3113,9330,856,406,450
8560,13253,3912,6440,3114,9338,857,407,450
8565,13257,3913,6442,3115,9344,857,407,450
8570,13267,3915,6445,3116,9352,858,407,451
8575,13273,3916,6445,3116,9357,858,407,451
8580,13284,3916,6449,3116,9365,859,407,452
8585,13288,3917,6452,3117,9370,859,407,452
8590,13298,3918,6456,3118,9380,860,408,452
8595,13304,3919,6461,3119,9384,860,408,452
8600,13315,3919,6465,3119,9394,861,408,453
8605,13319,3919,6466,3119,9400,861,408,453
8610,13329,3921,6474,3121,9408,862,409,453
8615,13335,3922,6478,3121,9412,862,409,453
8620,13346,3924,6486,3123,9420,863,410,453
8625,13350,3927,6488,3126,9423,863,410,453
8630,13360,3929,6491,3128,9431,864,410,454
8635,13366,3930,6495,3128,9434,864,410,454
8640,13377,3934,6501,3131,9441,865,411,454
8645,13381,3935,6503,3132,9446,865,411,454
8650,13391,3937,6506,3133,9454,866,411,455
8655,13397,3938,6511,3134,9458,866,411,455
8660,13408,3942,6517,3137,9463,867,411,456
8665,13412,3944,6520,3139,9468,867,411,456
8670,13422,3948,6528,3143,9474,868,412,456
8675,13428,3949,6530,3143,9478,868,412,456
8680,13439,3952,6536,3145,9484,869,413,456
8685,13443,3956,6538,3149,9487,869,413,456
8690,13453,3959,6541,3150,9494,870,414,456
8695,13459,3960,6543,3150,9499,870,414,456
8700,13470,3964,6550,3154,9503,871,415,456
8705,13474,3967,6554,3157,9506,871,415,456
8710,13484,3971,6556,3159,9513,872,416,456
8715,13490,3972,6558,3159,9518,872,416,456
8720,13501,3975,6563,3161,9524,873,417,456
8725,13505,3979,6566,3165,9525,873,417,456
8730,13515,3983,6571,3169,9532,874,418,456
8735,13521,3984,6575,3170,9537,874,418,456
8740,13532,3988,6582,3173,9540,875,419,456
8745,13536,3993,6586,3178,9541,875,419,456
8750,13546,4000,6590,3184,9546,876,419,457
8755,13552,4003,6592,3186,9549,876,419,457
8760,13563,4006,6598,3188,9555,877,420,457
8765,13567,4007,6600,3189,9560,877,420,457
8770,13577,4009,6606,3190,9567,878,420,458
8775,13583,4012,6611,3193,9570,878,420,458
8780,13594,4013,6616,3194,9580,879,420,459
8785,13598,4013,6619,3194,9584,879,420,459
8790,13608,4014,6623,3195,9594,880,420,460
8795,13614,4016,6624,3196,9598,880,420,460
8800,13625,4017,6628,3197,9607,881,421,460
8805,13629,4017,6632,3197,9611,881,421,460
8810,13639,4018,6634,3197,9621,882,421,461
8815,13645,4019,6637,3198,9626,882,421,461
8820,13656,4020,6642,3199,9635,883,421,462
8825,13660,4020,6644,3199,9639,883,421,462
8830,13670,4021,6649,3200,9648,884,421,463
8835,13676,4023,6652,3201,9653,884,421,463
8840,13687,4023,6658,3201,9661,885,421,464
8845,13691,4024,6660,3202,9667,885,421,464
8850,13701,4026,6664,3203,9675,886,422,464
8855,13707,4028,6667,3204,9679,886,422,464
8860,13718,4028,6669,3204,9689,887,422,465
8865,13722,4028,6671,3204,9694,887,422,465
8870,13732,4030,6673,3205,9702,888,422,466
8875,13738,4032,6677,3207,9705,888,422,466
8880,13749,4035,6683,3209,9710,889,423,466
8885,13753,4038,6684,3212,9715,889,423,466
8890,13763,4041,6686,3213,9721,890,423,467
8895,13769,4043,6688,3215,9726,890,423,467
8900,13780,4045,6693,3216,9731,891,423,468
8905,13784,4049,6695,3220,9734,891,423,468
8910,13794,4053,6701,3223,9741,892,424,468
8915,13800,4055,6704,3224,9744,892,424,468
8920,13811,4060,6710,3229,9749,893,425,468
8925,13815,4062,6713,3231,9752,893,425,468
8930,13825,4067,6719,3235,9757,894,426,468
8935,13831,4070,6721,3237,9761,894,426,468
8940,13842,4073,6727,3239,9765,895,426,469
8945,13846,4078,6728,3244,9768,895,426,469
8950,13856,4081,6731,3245,9774,896,427,469
8955,13862,4083,6732,3247,9779,896,427,469
8960,13873,4086,6736,3250,9786,897,428,469
8965,13877,4087,6737,3251,9790,897,428,469
8970,13887,4092,6741,3254,9795,898,429,469
8975,13893,4093,6743,3254,9798,898,429,469
8980,13904,4098,6746,3258,9805,899,429,470
8985,13908,4100,6747,3260,9808,899,429,470
8990,13918,4106,6753,3265,9812,900,430,470
8995,13924,4108,6754,3266,9816,900,430,470
9000,13935,4111,6758,3268,9821,901,430,471
9005,13939,4113,6760,3270,9825,901,430,471
9010,13949,4117,6766,3274,9832,902,430,472
9015,13955,4118,6769,3274,9835,902,430,472
9020,13966,4119,6772,3274,9845,903,430,473
9025,13970,4120,6773,3275,9850,903,430,473
9030,13980,4122,6777,3276,9858,904,431,473
9035,13986,4123,6781,3277,9861,904,431,473
9040,13997,4125,6787,3279,9869,905,432,473
9045,14001,4126,6788,3280,9874,905,432,473
9050,14011,4127,6791,3280,9883,906,432,474
9055,14017,4130,6794,3282,9887,906,432,474
9060,14028,4132,6799,3284,9894,907,432,475
9065,14032,4134,6800,3286,9898,907,432,475
9070,14042,4137,6802,3288,9905,908,432,476
9075,14048,4139,6804,3289,9909,908,432,476
9080,14059,4141,6810,3291,9915,909,432,477
9085,14063,4143,6812,3293,9920,909,432,477
9090,14073,4146,6820,3296,9927,910,433,477
9095,14079,4146,6821,3296,9933,910,433,477
9100,14090,4148,6829,3298,9940,911,434,477
9105,14094,4148,6832,3298,9946,911,434,477
9110,14104,4150,6836,3300,9954,912,434,478
9115,14110,4150,6838,3300,9960,912,434,478
9120,14121,4150,6843,3300,9969,913,435,478
9125,14125,4150,6843,3300,9975,913,435,478
9130,14135,4152,6848,3301,9983,914,435,479
9135,14141,4152,6853,3301,9988,914,435,479
9140,14152,4153,6856,3302,9998,915,436,479
9145,14156,4153,6856,3302,10003,915,436,479
9150,14166,4155,6862,3303,10011,916,436,480
9155,14172,4155,6864,3303,10017,916,436,480
9160,14183,4156,6868,3304,10025,917,437,480
9165,14187,4157,6868,3305,10030,917,437,480
9170,14197,4160,6873,3308,10037,918,438,480
9175,14203,4160,6874,3308,10042,918,438,480
9180,14214,4163,6878,3311,10049,919,438,481
9185,14218,4165,6880,3313,10053,919,438,481
9190,14228,4171,6886,3317,10057,920,439,481
9195,14234,4173,6887,3318,10061,920,439,481
9200,14245,4176,6895,3321,10066,921,439,482
9205,14249,4179,6898,3324,10069,921,439,482
9210,14259,4184,6902,3328,10075,922,440,482
9215,14265,4187,6908,3331,10075,922,440,482
9220,14276,4193,6914,3337,10080,923,440,483
9225,14280,4198,6917,3342,10081,923,440,483
9230,14290,4199,6924,3343,10090,924,441,483
9235,14296,4201,6926,3344,10094,924,441,483
9240,14307,4202,6930,3344,10102,925,441,484
9245,14311,4204,6931,3346,10107,925,441,484
9250,14321,4207,6937,3349,10113,926,441,485
9255,14327,4210,6941,3351,10116,926,441,485
9260,14338,4213,6947,3354,10122,927,441,486
9265,14342,4215,6948,3356,10127,927,441,486
9270,14352,4217,6953,3357,10135,928,442,486
9275,14358,4218,6955,3357,10139,928,442,486
9280,14369,4220,6956,3358,10148,929,442,487
9285,14373,4221,6958,3359,10152,929,442,487
9290,14383,4224,6964,3362,10158,930,443,487
9295,14389,4226,6967,3364,10163,930,443,487
9300,14400,4227,6972,3364,10170,931,444,487
9305,14404,4230,6975,3367,10173,931,444,487
9310,14414,4231,6977,3367,10182,932,444,488
9315,14420,4233,6978,3368,10187,932,444,488
9320,14431,4235,6985,3370,10192,933,444,489
9325,14435,4238,6986,3373,10197,933,444,489
9330,14445,4240,6992,3375,10205,934,445,489
9335,14451,4242,6995,3377,10209,934,445,489
9340,14462,4245,7001,3380,10215,935,445,490
9345,14466,4248,7004,3383,10218,935,445,490
9350,14476,4253,7010,3386,10222,936,445,491
9355,14482,4255,7012,3387,10226,936,445,491
9360,14493,4259,7015,3390,10234,937,445,492
9365,14497,4259,7016,3390,10238,937,445,492
9370,14507,4261,7021,3392,10246,938,446,492
9375,14513,4262,7023,3392,10251,938,446,492
9380,14524,4263,7028,3393,10260,939,447,492
9385,14528,4264,7030,3394,10264,939,447,492
9390,14538,4266,7034,3395,10272,940,448,492
9395,14544,4267,7037,3396,10276,940,448,492
9400,14555,4270,7044,3399,10283,941,448,493
9405,14559,4273,7047,3402,10286,941,448,493
9410,14569,4275,7051,3402,10293,942,448,494
9415,14575,4277,7055,3404,10297,942,448,494
9420,14586,4280,7062,3407,10305,943,449,494
9425,14590,4282,7066,3409,10306,943,449,494
9430,14600,4288,7071,3415,10312,944,449,495
9435,14606,4290,7076,3417,10313,944,449,495
9440,14617,4293,7079,3420,10323,945,450,495
9445,14621,4294,7080,3421,10326,945,450,495
9450,14631,4297,7083,3422,10333,946,450,496
9455,14637,4299,7085,3423,10338,946,450,496
9460,14648,4299,7090,3423,10348,947,451,496
9465,14652,4299,7091,3423,10353,947,451,496
9470,14662,4302,7097,3426,10360,948,451,497
9475,14668,4304,7099,3427,10363,948,451,497
9480,14679,4306,7103,3428,10372,949,452,497
9485,14683,4308,7105,3430,10375,949,452,497
9490,14693,4310,7109,3431,10383,950,453,497
9495,14699,4311,7111,3431,10388,950,453,497
9500,14710,4314,7119,3433,10392,951,454,497
9505,14714,4317,7120,3436,10397,951,454,497
9510,14724,4319,7124,3438,10404,952,454,498
9515,14730,4322,7127,3440,10407,952,454,498
9520,14741,4324,7134,3442,10414,953,455,498
9525,14745,4326,7135,3444,10418,953,455,498
9530,14755,4327,7140,3445,10427,954,456,498
9535,14761,4330,7144,3448,10431,954,456,498
9540,14772,4332,7150,3450,10438,955,457,498
9545,14776,4335,7154,3453,10440,955,457,498
9550,14786,4337,7161,3455,10449,956,457,499
9555,14792,4337,7163,3455,10455,956,457,499
9560,14803,4339,7170,3457,10462,957,458,499
9565,14807,4341,7172,3459,10466,957,458,499
9570,14817,4344,7177,3461,10473,958,459,499
9575,14823,4344,7180,3461,10478,958,459,499
9580,14834,4346,7185,3463,10486,959,459,500
9585,14838,4347,7186,3464,10491,959,459,500
9590,14848,4350,7188,3466,10498,960,459,501
9595,14854,4350,7192,3466,10503,960,459,501
9600,14865,4353,7198,3468,10509,961,459,502
9605,14869,4356,7200,3471,10513,961,459,502
9610,14879,4358,7201,3471,10521,962,459,503
9615,14885,4358,7202,3471,10527,962,459,503
9620,14896,4360,7209,3473,10534,963,460,503
9625,14900,4362,7211,3475,10538,963,460,503
9630,14910,4366,7216,3478,10544,964,460,504
9635,14916,4366,7218,3478,10550,964,460,504
9640,14927,4369,7220,3480,10558,965,460,505
9645,14931,4370,7223,3481,10560,965,460,505
9650,14941,4374,7228,3485,10567,966,460,506
9655,14947,4376,7232,3487,10569,966,460,506
9660,14958,4380,7237,3491,10576,967,461,506
9665,14962,4383,7239,3494,10578,967,461,506
9670,14972,4389,7243,3498,10582,968,461,507
9675,14978,4393,7247,3502,10584,968,461,507
9680,14989,4397,7253,3506,10590,969,462,507
9685,14993,4400,7254,3509,10593,969,462,507
9690,15003,4403,7256,3510,10600,970,463,507
9695,15009,4405,7258,3511,10604,970,463,507
9700,15020,4407,7263,3513,10612,971,463,508
9705,15024,4409,7266,3515,10614,971,463,508
9710,15034,4412,7271,3517,10621,972,463,509
9715,15040,4414,7274,3518,10625,972,463,509
9720,15051,4416,7280,3519,10632,973,464,509
9725,15055,4418,7284,3521,10636,973,464,509
9730,15065,4419,7288,3522,10645,974,464,510
9735,15071,4421,7292,3524,10649,974,464,510
9740,15082,4422,7298,3525,10659,975,464,511
9745,15086,4422,7299,3525,10664,975,464,511
9750,15096,4423,7303,3525,10673,976,465,511
9755,15102,4425,7306,3527,10676,976,465,511
9760,15113,4426,7313,3528,10685,977,465,512
9765,15117,4427,7315,3529,10689,977,465,512
9770,15127,4428,7321,3530,10698,978,466,512
9775,15133,4431,7324,3532,10702,978,466,512
9780,15144,4431,7331,3532,10710,979,467,512
9785,15148,4432,7333,3533,10716,979,467,512
9790,15158,4433,7339,3534,10725,980,468,512
9795,15164,4435,7343,3536,10729,980,468,512
9800,15175,4437,7349,3538,10736,981,468,513
9805,15179,4438,7349,3539,10741,981,468,513
9810,15189,4440,7353,3540,10749,982,468,514
9815,15195,4441,7355,3541,10754,982,468,514
9820,15206,4441,7356,3541,10765,983,468,515
9825,15210,4441,7359,3541,10769,983,468,515
9830,15220,4445,7366,3545,10775,984,469,515
9835,15226,4446,7369,3546,10779,984,469,515
9840,15237,4450,7373,3550,10786,985,469,516
9845,15241,4451,7373,3551,10790,985,469,516
9850,15251,4455,7380,3555,10795,986,470,516
9855,15257,4457,7383,3557,10800,986,470,516
9860,15268,4458,7386,3558,10808,987,470,517
9865,15272,4461,7387,3561,10811,987,470,517
9870,15282,4464,7391,3563,10818,988,470,518
9875,15288,4465,7392,3563,10823,988,470,518
9880,15299,4467,7395,3564,10831,989,471,518
9885,15303,4469,7397,3566,10833,989,471,518
9890,15313,4476,7404,3572,10836,990,472,518
9895,15319,4478,7407,3574,10839,990,472,518
9900,15330,4484,7413,3579,10844,991,473,518
9905,15334,4488,7415,3583,10846,991,473,518
9910,15344,4492,7420,3586,10851,992,474,518
9915,15350,4495,7424,3589,10853,992,474,518
9920,15361,4499,7431,3593,10858,993,475,518
9925,15365,4505,7435,3599,10858,993,475,518
9930,15375,4507,7439,3601,10868,994,476,518
9935,15381,4508,7442,3601,10872,994,476,518
9940,15392,4510,7448,3603,10880,995,476,519
9945,15396,4512,7448,3605,10884,995,476,519
9950,15406,4515,7454,3608,10890,996,476,520
9955,15412,4518,7457,3610,10893,996,476,520
9960,15423,4519,7459,3610,10902,997,476,521
9965,15427,4521,7461,3612,10906,997,476,521
9970,15437,4522,7464,3612,10914,998,476,522
9975,15443,4525,7469,3615,10916,998,476,522
9980,15454,4527,7473,3616,10926,999,476,523
9985,15458,4528,7474,3617,10930,999,476,523
9990,15468,4530,7478,3618,10938,1000,477,523
9995,15474,4532,7481,3619,10941,1000,477,523
10000,15485,4535,7488,3621,10949,1001,478,523
10005,15489,4537,7490,3623,10951,1001,478,523
10010,15499,4538,7495,3623,10961,1002,479,523
10015,15505,4539,7498,3624,10966,1002,479,523
10020,15516,4540,7504,3625,10975,1003,480,523
10025,15520,4541,7507,3626,10979,1003,480,523
10030,15530,4543,7511,3628,10987,1004,480,524
10035,15536,4544,7514,3628,10991,1004,480,524
10040,15547,4546,7520,3630,10998,1005,481,524
10045,15551,4548,7523,3632,11003,1005,481,524
10050,15561,4550,7527,3633,11011,1006,482,524
10055,15567,4551,7530,3634,11015,1006,482,524
10060,15578,4553,7537,3636,11021,1007,482,525
10065,15582,4555,7539,3638,11027,1007,482,525
10070,15592,4557,7544,3638,11035,1008,483,525
10075,15598,4559,7547,3639,11039,1008,483,525
10080,15609,4561,7554,3641,11047,1009,484,525
10085,15613,4563,7557,3643,11050,1009,484,525
10090,15623,4565,7563,3644,11057,1010,485,525
10095,15629,4568,7568,3647,11060,1010,485,525
10100,15640,4571,7576,3650,11066,1011,486,525
10105,15644,4573,7578,3652,11070,1011,486,525
10110,15654,4578,7583,3657,11076,1012,486,526
10115,15660,4580,7586,3659,11079,1012,486,526
10120,15671,4585,7594,3663,11083,1013,487,526
10125,15675,4590,7598,3668,11083,1013,487,526
10130,15685,4596,7603,3674,11089,1014,487,527
10135,15691,4597,7607,3675,11093,1014,487,527
10140,15702,4599,7610,3676,11103,1015,487,528
10145,15706,4599,7611,3676,11107,1015,487,528
10150,15716,4601,7616,3678,11115,1016,487,529
10155,15722,4601,7620,3678,11119,1016,487,529
10160,15733,4603,7626,3680,11129,1017,487,530
10165,15737,4605,7628,3682,11131,1017,487,530
10170,15747,4607,7633,3683,11140,1018,487,531
10175,15753,4607,7638,3683,11146,1018,487,531
10180,15764,4608,7643,3684,11153,1019,487,532
10185,15768,4610,7644,3686,11157,1019,487,532
10190,15778,4613,7649,3688,11165,1020,487,533
10195,15784,4613,7653,3688,11170,1020,487,533
10200,15795,4615,7658,3690,11178,1021,487,534
10205,15799,4618,7659,3693,11181,1021,487,534
10210,15809,4619,7661,3693,11190,1022,487,535
10215,15815,4619,7664,3693,11196,1022,487,535
10220,15826,4621,7673,3695,11202,1023,488,535
10225,15830,4623,7675,3697,11207,1023,488,535
10230,15840,4626,7680,3700,11214,1024,488,536
10235,15846,4628,7683,3701,11218,1024,488,536
10240,15857,4631,7689,3704,11224,1025,488,537
10245,15861,4632,7692,3705,11229,1025,488,537
10250,15871,4635,7699,3707,11235,1026,489,537
10255,15877,4637,7702,3708,11239,1026,489,537
10260,15888,4639,7705,3710,11249,1027,489,538
10265,15892,4639,7706,3710,11253,1027,489,538
10270,15902,4642,7710,3712,11259,1028,489,539
10275,15908,4645,7714,3715,11262,1028,489,539
10280,15919,4647,7718,3717,11270,1029,490,539
10285,15923,4647,7719,3717,11275,1029,490,539
10290,15933,4650,7722,3719,11282,1030,490,540
10295,15939,4653,7725,3721,11286,1030,490,540
10300,15950,4653,7730,3721,11294,1031,491,540
10305,15954,4655,7731,3723,11298,1031,491,540
10310,15964,4660,7736,3728,11304,1032,492,540
10315,15970,4663,7739,3730,11306,1032,492,540
10320,15981,4666,7747,3733,11312,1033,492,541
10325,15985,4669,7750,3736,11315,1033,492,541
10330,15995,4676,7758,3743,11319,1034,493,541
10335,16001,4677,7759,3743,11323,1034,493,541
10340,16012,4680,7767,3746,11330,1035,494,541
10345,16016,4682,7769,3748,11333,1035,494,541
10350,16026,4688,7776,3752,11337,1036,495,541
10355,16032,4690,7779,3754,11341,1036,495,541
10360,16043,4691,7783,3755,11351,1037,495,542
10365,16047,4693,7786,3757,11353,1037,495,542
10370,16057,4695,7793,3758,11361,1038,496,542
10375,16063,4698,7795,3760,11365,1038,496,542
10380,16074,4700,7800,3762,11373,1039,496,543
10385,16078,4701,7801,3763,11377,1039,496,543
10390,16088,4705,7808,3767,11382,1040,496,544
10395,16094,4708,7812,3770,11385,1040,496,544
10400,16105,4710,7818,3771,11394,1041,497,544
10405,16109,4712,7821,3773,11396,1041,497,544
10410,16119,4714,7825,3775,11405,1042,497,545
10415,16125,4714,7829,3775,11411,1042,497,545
10420,16136,4716,7839,3777,11418,1043,498,545
10425,16140,4718,7841,3779,11422,1043,498,545
10430,16150,4721,7847,3781,11429,1044,499,545
10435,16156,4721,7852,3781,11435,1044,499,545
10440,16167,4722,7857,3781,11443,1045,500,545
10445,16171,4724,7857,3783,11447,1045,500,545
10450,16181,4725,7861,3784,11456,1046,500,546
10455,16187,4725,7863,3784,11462,1046,500,546
10460,16198,4726,7866,3785,11470,1047,500,547
10465,16202,4729,7868,3788,11473,1047,500,547
10470,16212,4732,7873,3790,11480,1048,500,548
10475,16218,4732,7879,3790,11485,1048,500,548
10480,16229,4735,7884,3792,11492,1049,501,548
10485,16233,4737,7886,3794,11496,1049,501,548
10490,16243,4740,7890,3797,11503,1050,501,549
10495,16249,4740,7893,3797,11508,1050,501,549
10500,16260,4742,7899,3798,11514,1051,502,549
10505,16264,4745,7901,3801,11518,1051,502,549
10510,16274,4748,7904,3803,11526,1052,503,549
10515,16280,4749,7907,3803,11531,1052,503,549
10520,16291,4751,7912,3805,11540,1053,503,550
10525,16295,4752,7915,3806,11542,1053,503,550
10530,16305,4756,7920,3809,11549,1054,503,551
10535,16311,4758,7923,3811,11552,1054,503,551
10540,16322,4761,7930,3814,11560,1055,504,551
10545,16326,4761,7931,3814,11565,1055,504,551
10550,16336,4766,7937,3817,11570,1056,505,551
10555,16342,4768,7941,3819,11572,1056,505,551
10560,16353,4770,7944,3821,11582,1057,506,551
10565,16357,4771,7946,3822,11584,1057,506,551
10570,16367,4775,7951,3825,11592,1058,507,551
10575,16373,4776,7954,3826,11596,1058,507,551
10580,16384,4777,7959,3827,11606,1059,507,552
10585,16388,4777,7962,3827,11610,1059,507,552
10590,16398,4778,7967,3828,11620,1060,508,552
10595,16404,4779,7971,3829,11625,1060,508,552
10600,16415,4780,7977,3830,11634,1061,509,552
10605,16419,4780,7978,3830,11639,1061,509,552
10610,16429,4784,7985,3834,11645,1062,510,552
10615,16435,4785,7986,3835,11650,1062,510,552
10620,16446,4787,7990,3836,11655,1063,510,553
10625,16450,4790,7994,3839,11659,1063,510,553
10630,16460,4792,7998,3841,11668,1064,510,554
10635,16466,4794,8001,3842,11671,1064,510,554
10640,16477,4797,8007,3844,11677,1065,510,555
10645,16481,4800,8010,3847,11680,1065,510,555
10650,16491,4802,8013,3848,11688,1066,510,556
10655,16497,4804,8015,3849,11692,1066,510,556
10660,16508,4805,8019,3849,11700,1067,510,557
10665,16512,4806,8020,3850,11706,1067,510,557
10670,16522,4809,8027,3853,11712,1068,511,557
10675,16528,4812,8028,3855,11716,1068,511,557
10680,16539,4814,8032,3856,11722,1069,511,558
10685,16543,4817,8033,3859,11726,1069,511,558
10690,16553,4821,8040,3862,11732,1070,512,558
10695,16559,4823,8044,3864,11736,1070,512,558
10700,16570,4826,8048,3866,11742,1071,512,559
10705,16574,4828,8052,3868,11746,1071,512,559
10710,16584,4832,8054,3870,11752,1072,512,560
10715,16590,4834,8058,3871,11756,1072,512,560
10720,16601,4835,8060,3871,11763,1073,512,561
10725,16605,4837,8063,3873,11767,1073,512,561
10730,16615,4842,8068,3876,11772,1074,512,562
10735,16621,4844,8070,3878,11777,1074,512,562
10740,16632,4848,8075,3881,11781,1075,512,563
10745,16636,4851,8076,3884,11785,1075,512,563
10750,16646,4854,8082,3887,11791,1076,512,564
10755,16652,4856,8084,3888,11796,1076,512,564
10760,16663,4860,8090,3891,11800,1077,513,564
10765,16667,4863,8091,3894,11804,1077,513,564
10770,16677,4866,8096,3896,11811,1078,514,564
10775,16683,4867,8100,3896,11814,1078,514,564
10780,16694,4872,8105,3901,11820,1079,514,565
10785,16698,4873,8105,3902,11825,1079,514,565
10790,16708,4876,8108,3904,11832,1080,515,565
10795,16714,4879,8111,3906,11834,1080,515,565
10800,16725,4881,8114,3908,11842,1081,515,566
10805,16729,4882,8114,3909,11847,1081,515,566
10810,16739,4886,8118,3912,11853,1082,515,567
10815,16745,4888,8120,3913,11856,1082,515,567
10820,16756,4890,8125,3915,11863,1083,516,567
10825,16760,4893,8129,3918,11865,1083,516,567
10830,16770,4898,8131,3922,11872,1084,516,568
10835,16776,4901,8134,3924,11874,1084,516,568
10840,16787,4903,8139,3926,11883,1085,516,569
10845,16791,4903,8140,3926,11888,1085,516,569
10850,16801,4904,8145,3927,11896,1086,516,570
10855,16807,4906,8148,3928,11900,1086,516,570
10860,16818,4907,8154,3929,11909,1087,517,570
10865,16822,4907,8157,3929,11914,1087,517,570
10870,16832,4909,8162,3930,11923,1088,518,570
10875,16838,4909,8165,3930,11927,1088,518,570
10880,16849,4910,8169,3931,11937,1089,519,570
10885,16853,4912,8172,3933,11941,1089,519,570
10890,16863,4914,8175,3934,11949,1090,519,571
10895,16869,4914,8178,3934,11955,1090,519,571
10900,16880,4916,8183,3935,11962,1091,519,572
10905,16884,4918,8185,3937,11965,1091,519,572
10910,16894,4921,8191,3940,11973,1092,520,572
10915,16900,4921,8193,3940,11979,1092,520,572
10920,16911,4923,8200,3941,11985,1093,520,573
10925,16915,4925,8203,3943,11989,1093,520,573
10930,16925,4926,8208,3944,11999,1094,520,574
10935,16931,4926,8211,3944,12005,1094,520,574
10940,16942,4927,8215,3944,12013,1095,520,575
10945,16946,4929,8216,3946,12017,1095,520,575
10950,16956,4932,8221,3948,12024,1096,520,576
10955,16962,4932,8225,3948,12029,1096,520,576
10960,16973,4936,8229,3951,12035,1097,521,576
10965,16977,4936,8231,3951,12041,1097,521,576
10970,16987,4940,8236,3955,12047,1098,521,577
10975,16993,4941,8239,3956,12051,1098,521,577
10980,17004,4943,8244,3958,12058,1099,521,578
10985,17008,4945,8246,3960,12062,1099,521,578
10990,17018,4949,8251,3963,12069,1100,522,578
10995,17024,4951,8253,3964,12073,1100,522,578
11000,17035,4954,8258,3966,12078,1101,522,579
11005,17039,4957,8260,3969,12081,1101,522,579
11010,17049,4962,8266,3973,12087,1102,523,579
11015,17055,4964,8269,3975,12090,1102,523,579
11020,17066,4968,8276,3979,12094,1103,523,580
11025,17070,4971,8278,3982,12098,1103,523,580
11030,17080,4974,8284,3985,12105,1104,523,581
11035,17086,4976,8287,3987,12108,1104,523,581
11040,17097,4983,8293,3994,12113,1105,523,582
11045,17101,4984,8296,3995,12115,1105,523,582
11050,17111,4990,8302,4000,12120,1106,524,582
11055,17117,4993,8305,4003,12123,1106,524,582
11060,17128,4996,8310,4006,12130,1107,524,583
11065,17132,4998,8311,4008,12134,1107,524,583
11070,17142,5000,8315,4009,12142,1108,524,584
11075,17148,5002,8318,4010,12145,1108,524,584
11080,17159,5002,8322,4010,12155,1109,524,585
11085,17163,5002,8326,4010,12160,1109,524,585
11090,17173,5004,8333,4011,12168,1110,525,585
11095,17179,5007,8338,4014,12170,1110,525,585
11100,17190,5007,8343,4014,12182,1111,525,586
11105,17194,5007,8347,4014,12186,1111,525,586
11110,17204,5008,8350,4015,12196,1112,525,587
11115,17210,5009,8353,4016,12201,1112,525,587
11120,17221,5009,8356,4016,12211,1113,526,587
11125,17225,5009,8357,4016,12216,1113,526,587
11130,17235,5010,8362,4017,12225,1114,527,587
11135,17241,5011,8364,4018,12230,1114,527,587
11140,17252,5011,8369,4018,12239,1115,527,588
11145,17256,5011,8371,4018,12244,1115,527,588
11150,17266,5012,8372,4019,12254,1116,527,589
11155,17272,5013,8376,4020,12258,1116,527,589
11160,17283,5015,8380,4022,12267,1117,527,590
11165,17287,5017,8381,4024,12270,1117,527,590
11170,17297,5020,8386,4026,12277,1118,528,590
11175,17303,5021,8389,4026,12281,1118,528,590
11180,17314,5023,8394,4027,12287,1119,528,591
11185,17318,5026,8398,4030,12292,1119,528,591
11190,17328,5029,8404,4032,12299,1120,529,591
11195,17334,5030,8407,4032,12303,1120,529,591
11200,17345,5035,8411,4036,12308,1121,529,592
11205,17349,5036,8413,4037,12313,1121,529,592
11210,17359,5040,8417,4040,12319,1122,529,593
11215,17365,5041,8418,4041,12324,1122,529,593
11220,17376,5044,8421,4043,12331,1123,530,593
11225,17380,5044,8422,4043,12336,1123,530,593
11230,17390,5047,8425,4044,12343,1124,530,594
11235,17396,5049,8426,4045,12347,1124,530,594
11240,17407,5053,8432,4049,12351,1125,530,595
11245,17411,5055,8434,4051,12355,1125,530,595
11250,17421,5059,8441,4054,12361,1126,531,595
11255,17427,5061,8442,4055,12366,1126,531,595
11260,17438,5063,8448,4057,12371,1127,531,596
11265,17442,5067,8450,4061,12374,1127,531,596
11270,17452,5072,8455,4064,12380,1128,531,597
11275,17458,5073,8457,4064,12384,1128,531,597
11280,17469,5076,8461,4066,12391,1129,532,597
11285,17473,5079,8462,4069,12394,1129,532,597
11290,17483,5084,8469,4074,12398,1130,533,597
11295,17489,5088,8473,4078,12400,1130,533,597
11300,17500,5092,8476,4081,12406,1131,533,598
11305,17504,5095,8479,4084,12408,1131,533,598
11310,17514,5102,8485,4090,12411,1132,533,599
11315,17520,5104,8487,4092,12415,1132,533,599
11320,17531,5108,8490,4095,12421,1133,533,600
11325,17535,5111,8494,4098,12422,1133,533,600
11330,17545,5116,8499,4101,12428,1134,534,600
11335,17551,5118,8502,4103,12432,1134,534,600
11340,17562,5119,8506,4104,12439,1135,534,601
11345,17566,5122,8509,4107,12444,1135,534,601
11350,17576,5125,8515,4110,12450,1136,534,602
11355,17582,5127,8519,4112,12453,1136,534,602
11360,17593,5128,8523,4113,12464,1137,535,602
11365,17597,5129,8525,4114,12467,1137,535,602
11370,17607,5131,8532,4116,12475,1138,536,602
11375,17613,5134,8536,4119,12478,1138,536,602
11380,17624,5135,8539,4119,12487,1139,536,603
11385,17628,5135,8540,4119,12493,1139,536,603
11390,17638,5137,8545,4121,12501,1140,537,603
11395,17644,5137,8548,4121,12507,1140,537,603
11400,17655,5139,8556,4122,12514,1141,538,603
11405,17659,5141,8558,4124,12517,1141,538,603
11410,17669,5143,8562,4125,12526,1142,538,604
11415,17675,5143,8565,4125,12532,1142,538,604
11420,17686,5144,8571,4126,12541,1143,539,604
11425,17690,5145,8571,4127,12545,1143,539,604
11430,17700,5147,8574,4129,12553,1144,540,604
11435,17706,5147,8578,4129,12558,1144,540,604
11440,17717,5149,8583,4130,12565,1145,540,605
11445,17721,5152,8585,4133,12569,1145,540,605
11450,17731,5155,8590,4136,12576,1146,540,606
11455,17737,5155,8593,4136,12582,1146,540,606
11460,17748,5156,8597,4137,12590,1147,540,607
11465,17752,5157,8598,4138,12595,1147,540,607
11470,17762,5159,8603,4140,12603,1148,540,608
11475,17768,5159,8606,4140,12608,1148,540,608
11480,17779,5161,8611,4142,12615,1149,541,608
11485,17783,5162,8612,4143,12621,1149,541,608
11490,17793,5164,8617,4143,12628,1150,542,608
11495,17799,5166,8618,4144,12633,1150,542,608
11500,17810,5167,8624,4145,12641,1151,543,608
11505,17814,5168,8627,4146,12645,1151,543,608
11510,17824,5172,8631,4148,12651,1152,543,609
11515,17830,5174,8633,4149,12656,1152,543,609
11520,17841,5175,8638,4150,12663,1153,544,609
11525,17845,5178,8642,4153,12665,1153,544,609
11530,17855,5185,8646,4158,12669,1154,544,610
11535,17861,5189,8650,4161,12670,1154,544,610
11540,17872,5193,8655,4165,12677,1155,544,611
11545,17876,5194,8657,4166,12680,1155,544,611
11550,17886,5200,8663,4171,12685,1156,544,612
11555,17892,5202,8667,4173,12689,1156,544,612
11560,17903,5203,8674,4173,12698,1157,545,612
11565,17907,5205,8674,4175,12702,1157,545,612
11570,17917,5207,8678,4176,12710,1158,545,613
11575,17923,5208,8681,4177,12714,1158,545,613
11580,17934,5211,8688,4179,12720,1159,545,614
11585,17938,5213,8691,4181,12725,1159,545,614
11590,17948,5215,8695,4183,12732,1160,546,614
11595,17954,5217,8698,4185,12737,1160,546,614
11600,17965,5218,8705,4186,12745,1161,547,614
11605,17969,5221,8708,4189,12748,1161,547,614
11610,17979,5223,8713,4190,12755,1162,547,615
11615,17985,5226,8716,4193,12759,1162,547,615
11620,17996,5229,8723,4195,12765,1163,547,616
11625,18000,5232,8725,4198,12768,1163,547,616
11630,18010,5235,8730,4201,12775,1164,548,616
11635,18016,5236,8735,4202,12780,1164,548,616
11640,18027,5238,8743,4203,12786,1165,549,616
11645,18031,5240,8745,4205,12791,1165,549,616
11650,18041,5241,8750,4206,12799,1166,550,616
11655,18047,5244,8754,4208,12801,1166,550,616
11660,18058,5246,8759,4210,12809,1167,550,617
11665,18062,5250,8762,4214,12812,1167,550,617
11670,18072,5254,8769,4217,12817,1168,551,617
11675,18078,5256,8772,4219,12822,1168,551,617
11680,18089,5257,8774,4219,12829,1169,551,618
11685,18093,5259,8774,4221,12834,1169,551,618
11690,18103,5262,8777,4222,12841,1170,552,618
11695,18109,5265,8782,4225,12842,1170,552,618
11700,18120,5271,8786,4230,12847,1171,552,619
11705,18124,5272,8789,4231,12851,1171,552,619
11710,18134,5276,8793,4233,12858,1172,552,620
11715,18140,5276,8797,4233,12863,1172,552,620
11720,18151,5279,8802,4235,12869,1173,552,621
11725,18155,5283,8806,4239,12871,1173,552,621
11730,18165,5288,8809,4242,12877,1174,552,622
11735,18171,5288,8809,4242,12883,1174,552,622
11740,18182,5291,8815,4245,12888,1175,553,622
11745,18186,5292,8817,4246,12894,1175,553,622
11750,18196,5294,8823,4246,12902,1176,554,622
11755,18202,5294,8828,4246,12907,1176,554,622
11760,18213,5296,8832,4248,12916,1177,554,623
11765,18217,5297,8834,4249,12920,1177,554,623
11770,18227,5299,8840,4249,12928,1178,554,624
11775,18233,5299,8845,4249,12934,1178,554,624
11780,18244,5300,8850,4250,12942,1179,555,624
11785,18248,5301,8853,4251,12946,1179,555,624
11790,18258,5304,8858,4252,12954,1180,555,625
11795,18264,5304,8860,4252,12959,1180,555,625
11800,18275,5305,8867,4253,12967,1181,556,625
11805,18279,5307,8869,4255,12971,1181,556,625
11810,18289,5311,8872,4257,12978,1182,557,625
11815,18295,5312,8873,4258,12983,1182,557,625
11820,18306,5313,8878,4259,12991,1183,557,626
11825,18310,5314,8878,4260,12996,1183,557,626
11830,18320,5315,8884,4261,13005,1184,558,626
11835,18326,5316,8888,4262,13008,1184,558,626
11840,18337,5317,8893,4263,13017,1185,559,626
11845,18341,5318,8896,4264,13022,1185,559,626
11850,18351,5320,8900,4266,13031,1186,559,627
11855,18357,5321,8904,4267,13034,1186,559,627
11860,18368,5324,8910,4269,13041,1187,559,628
11865,18372,5328,8913,4273,13043,1187,559,628
11870,18382,5330,8918,4275,13052,1188,560,628
11875,18388,5331,8923,4276,13055,1188,560,628
11880,18399,5334,8930,4278,13062,1189,561,628
11885,18403,5336,8932,4280,13066,1189,561,628
11890,18413,5338,8938,4281,13074,1190,562,628
11895,18419,5340,8943,4283,13079,1190,562,628
11900,18430,5342,8950,4285,13085,1191,563,628
11905,18434,5345,8951,4288,13089,1191,563,628
11910,18444,5347,8956,4290,13097,1192,563,629
11915,18450,5349,8960,4291,13101,1192,563,629
11920,18461,5350,8967,4292,13108,1193,563,630
11925,18465,5353,8968,4295,13112,1193,563,630
11930,18475,5356,8971,4297,13119,1194,563,631
11935,18481,5358,8974,4299,13123,1194,563,631
11940,18492,5362,8978,4302,13130,1195,564,631
11945,18496,5363,8980,4303,13133,1195,564,631
11950,18506,5367,8985,4305,13138,1196,565,631
11955,18512,5369,8989,4307,13142,1196,565,631
11960,18523,5373,8993,4310,13148,1197,565,632
11965,18527,5375,8994,4312,13152,1197,565,632
11970,18537,5377,8999,4314,13160,1198,566,632
11975,18543,5379,9001,4315,13164,1198,566,632
11980,18554,5379,9005,4315,13173,1199,567,632
11985,18558,5380,9007,4316,13178,1199,567,632
11990,18568,5383,9014,4318,13184,1200,567,633
11995,18574,5386,9019,4321,13186,1200,567,633
12000,18585,5390,9025,4325,13193,1201,568,633
12005,18589,5391,9027,4326,13197,1201,568,633
12010,18599,5396,9032,4330,13203,1202,569,633
12015,18605,5399,9034,4332,13206,1202,569,633
12020,18616,5400,9038,4333,13215,1203,569,634
12025,18620,5402,9041,4335,13216,1203,569,634
12030,18630,5406,9044,4338,13224,1204,570,634
12035,18636,5408,9046,4340,13228,1204,570,634
12040,18647,5409,9053,4341,13235,1205,570,635
12045,18651,5411,9056,4343,13238,1205,570,635
12050,18661,5415,9060,4346,13246,1206,570,636
12055,18667,5416,9064,4347,13249,1206,570,636
12060,18678,5416,9072,4347,13260,1207,571,636
12065,18682,5416,9072,4347,13266,1207,571,636
12070,18692,5419,9076,4349,13273,1208,571,637
12075,18698,5420,9078,4349,13278,1208,571,637
12080,18709,5421,9082,4349,13286,1209,571,638
12085,18713,5422,9083,4350,13290,1209,571,638
12090,18723,5424,9088,4351,13299,1210,572,638
12095,18729,5425,9093,4352,13303,1210,572,638
12100,18740,5428,9101,4355,13310,1211,572,639
12105,18744,5430,9104,4357,13314,1211,572,639
12110,18754,5432,9109,4358,13322,1212,573,639
12115,18760,5433,9113,4358,13327,1212,573,639
12120,18771,5435,9115,4359,13335,1213,573,640
12125,18775,5437,9117,4361,13338,1213,573,640
12130,18785,5439,9119,4362,13345,1214,573,641
12135,18791,5441,9123,4364,13350,1214,573,641
12140,18802,5443,9132,4365,13355,1215,574,641
12145,18806,5446,9133,4368,13360,1215,574,641
12150,18816,5448,9137,4370,13368,1216,575,641
12155,18822,5449,9139,4370,13373,1216,575,641
12160,18833,5450,9142,4370,13381,1217,575,642
12165,18837,5453,9144,4373,13383,1217,575,642
12170,18847,5458,9152,4377,13388,1218,576,642
12175,18853,5461,9156,4380,13392,1218,576,642
12180,18864,5464,9162,4382,13397,1219,577,642
12185,18868,5468,9164,4386,13400,1219,577,642
12190,18878,5472,9172,4389,13405,1220,578,642
12195,18884,5475,9176,4392,13408,1220,578,642
12200,18895,5479,9179,4395,13415,1221,578,643
12205,18899,5481,9181,4397,13418,1221,578,643
12210,18909,5485,9189,4401,13424,1222,579,643
12215,18915,5486,9191,4401,13428,1222,579,643
12220,18926,5490,9195,4404,13434,1223,579,644
12225,18930,5492,9197,4406,13437,1223,579,644
12230,18940,5497,9201,4409,13443,1224,580,644
12235,18946,5500,9206,4411,13443,1224,580,644
12240,18957,5505,9209,4416,13451,1225,580,645
12245,18961,5505,9210,4416,13456,1225,580,645
12250,18971,5509,9217,4419,13461,1226,581,645
12255,18977,5512,9220,4421,13463,1226,581,645
12260,18988,5515,9226,4424,13473,1227,582,645
12265,18992,5515,9228,4424,13476,1227,582,645
12270,19002,5516,9230,4424,13485,1228,582,646
12275,19008,5518,9231,4425,13490,1228,582,646
12280,19019,5518,9236,4425,13499,1229,583,646
12285,19023,5519,9238,4426,13504,1229,583,646
12290,19033,5521,9243,4428,13511,1230,583,647
12295,19039,5523,9246,4430,13515,1230,583,647
12300,19050,5523,9252,4430,13526,1231,584,647
12305,19054,5524,9254,4431,13530,1231,584,647
12310,19064,5526,9256,4432,13538,1232,584,648
12315,19070,5527,9259,4432,13542,1232,584,648
12320,19081,5528,9266,4433,13551,1233,585,648
12325,19085,5529,9267,4434,13555,1233,585,648
12330,19095,5533,9276,4438,13561,1234,586,648
12335,19101,5536,9279,4440,13564,1234,586,648
12340,19112,5538,9283,4441,13571,1235,586,649
12345,19116,5541,9284,4444,13574,1235,586,649
12350,19126,5544,9292,4447,13581,1236,587,649
12355,19132,5547,9295,4449,13585,1236,587,649
12360,19143,5548,9302,4450,13593,1237,588,649
12365,19147,5549,9303,4451,13598,1237,588,649
12370,19157,5552,9306,4452,13605,1238,589,649
12375,19163,5552,9309,4452,13610,1238,589,649
12380,19174,5554,9312,4453,13618,1239,589,650
12385,19178,5556,9314,4455,13622,1239,589,650
12390,19188,5559,9321,4458,13629,1240,590,650
12395,19194,5559,9326,4458,13634,1240,590,650
12400,19205,5562,9333,4460,13640,1241,590,651
12405,19209,5566,9334,4464,13643,1241,590,651
12410,19219,5568,9339,4466,13651,1242,590,652
12415,19225,5568,9342,4466,13656,1242,590,652
12420,19236,5571,9346,4468,13663,1243,590,653
12425,19240,5573,9346,4470,13667,1243,590,653
12430,19250,5575,9350,4470,13675,1244,590,654
12435,19256,5575,9353,4470,13680,1244,590,654
12440,19267,5580,9358,4474,13687,1245,591,654
12445,19271,5581,9360,4475,13689,1245,591,654
12450,19281,5585,9365,4478,13696,1246,591,655
12455,19287,5585,9368,4478,13702,1246,591,655
12460,19298,5588,9371,4480,13709,1247,591,656
12465,19302,5591,9373,4483,13711,1247,591,656
12470,19312,5595,9377,4485,13716,1248,592,656
12475,19318,5598,9380,4487,13718,1248,592,656
12480,19329,5603,9385,4491,13724,1249,593,656
12485,19333,5606,9388,4494,13725,1249,593,656
12490,19343,5611,9394,4499,13731,1250,594,656
12495,19349,5614,9397,4501,13734,1250,594,656
12500,19360,5617,9402,4503,13741,1251,594,657
12505,19364,5618,9403,4504,13745,1251,594,657
12510,19374,5622,9409,4507,13752,1252,594,658
12515,19380,5623,9412,4507,13755,1252,594,658
12520,19391,5625,9417,4509,13765,1253,594,659
12525,19395,5625,9418,4509,13769,1253,594,659
12530,19405,5627,9423,4511,13778,1254,594,660
12535,19411,5628,9426,4511,13782,1254,594,660
12540,19422,5630,9433,4512,13790,1255,595,660
12545,19426,5633,9434,4515,13793,1255,595,660
12550,19436,5635,9439,4516,13801,1256,596,660
12555,19442,5637,9443,4518,13804,1256,596,660
12560,19453,5638,9449,4519,13814,1257,597,660
12565,19457,5638,9452,4519,13818,1257,597,660
12570,19467,5639,9456,4519,13827,1258,597,661
12575,19473,5642,9460,4521,13831,1258,597,661
12580,19484,5642,9464,4521,13840,1259,598,661
12585,19488,5642,9467,4521,13846,1259,598,661
12590,19498,5643,9472,4522,13855,1260,598,662
12595,19504,5644,9473,4522,13860,1260,598,662
12600,19515,5646,9478,4524,13867,1261,598,663
12605,19519,5648,9481,4526,13871,1261,598,663
12610,19529,5650,9487,4527,13878,1262,598,664
12615,19535,5653,9490,4530,13882,1262,598,664
12620,19546,5653,9496,4530,13890,1263,599,664
12625,19550,5655,9499,4532,13895,1263,599,664
12630,19560,5657,9502,4533,13903,1264,600,664
12635,19566,5658,9505,4533,13907,1264,600,664
12640,19577,5661,9510,4536,13915,1265,601,664
12645,19581,5662,9513,4537,13918,1265,601,664
12650,19591,5667,9517,4540,13924,1266,601,665
12655,19597,5668,9520,4540,13929,1266,601,665
12660,19608,5672,9525,4544,13936,1267,601,666
12665,19612,5672,9526,4544,13939,1267,601,666
12670,19622,5675,9529,4545,13947,1268,602,666
12675,19628,5677,9533,4547,13950,1268,602,666
12680,19639,5682,9540,4551,13954,1269,602,667
12685,19643,5686,9541,4555,13957,1269,602,667
12690,19653,5690,9544,4558,13963,1270,602,668
12695,19659,5693,9548,4560,13965,1270,602,668
12700,19670,5697,9554,4564,13971,1271,602,669
12705,19674,5700,9556,4567,13974,1271,602,669
12710,19684,5704,9559,4569,13980,1272,602,670
12715,19690,5706,9563,4571,13982,1272,602,670
12720,19701,5712,9570,4577,13987,1273,603,670
12725,19705,5713,9571,4578,13992,1273,603,670
12730,19715,5715,9577,4580,13999,1274,604,670
12735,19721,5718,9578,4582,14003,1274,604,670
12740,19732,5720,9585,4583,14009,1275,605,670
12745,19736,5723,9587,4586,14013,1275,605,670
12750,19746,5727,9595,4590,14019,1276,606,670
12755,19752,5729,9599,4592,14023,1276,606,670
12760,19763,5732,9604,4594,14030,1277,607,670
12765,19767,5733,9605,4595,14033,1277,607,670
12770,19777,5734,9610,4596,14043,1278,607,671
12775,19783,5734,9613,4596,14049,1278,607,671
12780,19794,5735,9617,4596,14057,1279,607,672
12785,19798,5736,9620,4597,14061,1279,607,672
12790,19808,5739,9627,4600,14069,1280,608,672
12795,19814,5739,9630,4600,14074,1280,608,672
12800,19825,5741,9634,4601,14083,1281,608,673
12805,19829,5742,9636,4602,14087,1281,608,673
12810,19839,5744,9641,4604,14095,1282,609,673
12815,19845,5744,9645,4604,14100,1282,609,673
12820,19856,5746,9651,4606,14108,1283,610,673
12825,19860,5747,9653,4607,14112,1283,610,673
12830,19870,5749,9659,4609,14121,1284,610,674
12835,19876,5749,9662,4609,14127,1284,610,674
12840,19887,5749,9666,4609,14136,1285,610,675
12845,19891,5750,9669,4610,14141,1285,610,675
12850,19901,5752,9674,4611,14149,1286,611,675
12855,19907,5752,9676,4611,14154,1286,611,675
12860,19918,5753,9680,4612,14163,1287,611,676
12865,19922,5753,9682,4612,14169,1287,611,676
12870,19932,5755,9686,4613,14177,1288,612,676
12875,19938,5756,9689,4614,14182,1288,612,676
12880,19949,5758,9693,4616,14191,1289,612,677
12885,19953,5758,9696,4616,14194,1289,612,677
12890,19963,5761,9698,4617,14202,1290,612,678
12895,19969,5762,9701,4618,14206,1290,612,678
12900,19980,5764,9707,4620,14214,1291,613,678
12905,19984,5764,9709,4620,14219,1291,613,678
12910,19994,5767,9711,4621,14227,1292,613,679
12915,20000,5768,9714,4622,14231,1292,613,679
12920,20011,5770,9720,4624,14239,1293,614,679
12925,20015,5771,9722,4625,14244,1293,614,679
12930,20025,5774,9728,4627,14251,1294,615,679
12935,20031,5775,9730,4628,14256,1294,615,679
12940,20042,5778,9735,4630,14262,1295,615,680
12945,20046,5780,9737,4632,14264,1295,615,680
12950,20056,5786,9743,4638,14269,1296,616,680
12955,20062,5790,9748,4641,14269,1296,616,680
12960,20073,5795,9754,4646,14275,1297,617,680
12965,20077,5799,9756,4650,14277,1297,617,680
12970,20087,5806,9762,4656,14280,1298,617,681
12975,20093,5808,9765,4657,14282,1298,617,681
12980,20104,5816,9772,4664,14286,1299,617,682
12985,20108,5819,9773,4667,14289,1299,617,682
12990,20118,5820,9774,4667,14298,1300,617,683
12995,20124,5821,9777,4668,14302,1300,617,683
13000,20135,5823,9781,4669,14310,1301,617,684
13005,20139,5826,9784,4672,14312,1301,617,684
13010,20149,5828,9787,4673,14321,1302,618,684
13015,20155,5830,9790,4675,14324,1302,618,684
13020,20166,5832,9794,4676,14332,1303,618,685
13025,20170,5833,9794,4677,14337,1303,618,685
13030,20180,5836,9799,4680,14344,1304,618,686
13035,20186,5838,9802,4682,14348,1304,618,686
13040,20197,5841,9808,4684,14353,1305,618,687
13045,20201,5844,9810,4687,14357,1305,618,687
13050,20211,5846,9814,4689,14365,1306,619,687
13055,20217,5847,9818,4690,14370,1306,619,687
13060,20228,5850,9822,4693,14378,1307,619,688
13065,20232,5850,9824,4693,14381,1307,619,688
13070,20242,5852,9829,4694,14390,1308,620,688
13075,20248,5853,9831,4694,14395,1308,620,688
13080,20259,5855,9836,4695,14402,1309,621,688
13085,20263,5856,9836,4696,14407,1309,621,688
13090,20273,5860,9841,4699,14413,1310,622,688
13095,20279,5861,9844,4700,14418,1310,622,688
13100,20290,5861,9846,4700,14428,1311,622,689
13105,20294,5861,9846,4700,14433,1311,622,689
13110,20304,5863,9851,4701,14440,1312,623,689
13115,20310,5866,9855,4704,14444,1312,623,689
13120,20321,5867,9858,4705,14452,1313,623,690
13125,20325,5868,9861,4706,14456,1313,623,690
13130,20335,5871,9867,4709,14464,1314,624,690
13135,20341,5873,9869,4710,14468,1314,624,690
13140,20352,5873,9873,4710,14476,1315,624,691
13145,20356,5876,9874,4713,14480,1315,624,691
13150,20366,5878,9879,4714,14487,1316,625,691
13155,20372,5881,9883,4717,14491,1316,625,691
13160,20383,5883,9890,4719,14497,1317,626,691
13165,20387,5886,9892,4722,14501,1317,626,691
13170,20397,5888,9899,4723,14508,1318,627,691
13175,20403,5891,9900,4725,14512,1318,627,691
13180,20414,5892,9906,4726,14519,1319,628,691
13185,20418,5894,9907,4728,14524,1319,628,691
13190,20428,5899,9912,4732,14529,1320,628,692
13195,20434,5901,9915,4733,14531,1320,628,692
13200,20445,5904,9920,4736,14538,1321,629,692
13205,20449,5908,9922,4740,14540,1321,629,692
13210,20459,5913,9924,4743,14546,1322,629,693
13215,20465,5916,9929,4745,14546,1322,629,693
13220,20476,5923,9934,4752,14552,1323,629,694
13225,20480,5925,9936,4754,14554,1323,629,694
13230,20490,5931,9941,4760,14559,1324,629,695
13235,20496,5933,9946,4762,14561,1324,629,695
13240,20507,5935,9951,4763,14568,1325,630,695
13245,20511,5937,9952,4765,14574,1325,630,695
13250,20521,5941,9958,4768,14580,1326,630,696
13255,20527,5943,9962,4770,14584,1326,630,696
13260,20538,5944,9964,4770,14593,1327,630,697
13265,20542,5946,9966,4772,14596,1327,630,697
13270,20552,5949,9972,4775,14602,1328,630,698
13275,20558,5950,9973,4776,14608,1328,630,698
13280,20569,5952,9978,4778,14615,1329,631,698
13285,20573,5954,9980,4780,14618,1329,631,698
13290,20583,5956,9984,4781,14627,1330,632,698
13295,20589,5956,9985,4781,14633,1330,632,698
13300,20600,5958,9992,4783,14639,1331,632,699
13305,20604,5960,9995,4785,14643,1331,632,699
13310,20614,5963,10005,4788,14651,1332,633,699
13315,20620,5963,10009,4788,14657,1332,633,699
13320,20631,5965,10016,4790,14664,1333,633,700
13325,20635,5966,10018,4791,14669,1333,633,700
13330,20645,5967,10021,4791,14678,1334,634,700
13335,20651,5967,10023,4791,14684,1334,634,700
13340,20662,5967,10029,4791,14692,1335,634,701
13345,20666,5968,10031,4792,14698,1335,634,701
13350,20676,5970,10036,4792,14706,1336,634,702
13355,20682,5970,10039,4792,14712,1336,634,702
13360,20693,5970,10043,4792,14721,1337,634,703
13365,20697,5971,10044,4793,14726,1337,634,703
13370,20707,5973,10049,4794,14734,1338,635,703
13375,20713,5973,10050,4794,14739,1338,635,703
13380,20724,5975,10054,4796,14747,1339,635,704
13385,20728,5975,10055,4796,14752,1339,635,704
13390,20738,5978,10062,4799,14760,1340,635,705
13395,20744,5979,10067,4800,14764,1340,635,705
13400,20755,5980,10070,4801,14773,1341,635,706
13405,20759,5981,10072,4802,14777,1341,635,706
13410,20769,5984,10078,4804,14785,1342,635,707
13415,20775,5985,10079,4804,14790,1342,635,707
13420,20786,5986,10083,4805,14798,1343,636,707
13425,20790,5987,10085,4806,14802,1343,636,707
13430,20800,5994,10091,4812,14806,1344,636,708
13435,20806,5995,10094,4813,14809,1344,636,708
13440,20817,6000,10101,4818,14814,1345,637,708
13445,20821,6003,10103,4821,14816,1345,637,708
13450,20831,6009,10108,4826,14822,1346,638,708
13455,20837,6010,10112,4827,14825,1346,638,708
13460,20848,6014,10119,4831,14831,1347,639,708
13465,20852,6017,10121,4834,14834,1347,639,708
13470,20862,6019,10126,4836,14843,1348,639,709
13475,20868,6020,10129,4837,14848,1348,639,709
13480,20879,6021,10133,4838,14857,1349,639,710
13485,20883,6023,10134,4840,14860,1349,639,710
13490,20893,6025,10138,4841,14868,1350,640,710
13495,20899,6026,10141,4841,14872,1350,640,710
13500,20910,6028,10149,4843,14879,1351,641,710
13505,20914,6032,10152,4847,14881,1351,641,710
13510,20924,6034,10155,4849,14890,1352,642,710
13515,20930,6035,10157,4849,14895,1352,642,710
13520,20941,6037,10163,4851,14902,1353,642,711
13525,20945,6037,10163,4851,14908,1353,642,711
13530,20955,6039,10168,4853,14915,1354,642,712
13535,20961,6041,10169,4854,14920,1354,642,712
13540,20972,6043,10175,4855,14926,1355,643,712
13545,20976,6045,10177,4857,14931,1355,643,712
13550,20986,6048,10181,4859,14938,1356,643,713
13555,20992,6049,10184,4859,14943,1356,643,713
13560,21003,6050,10189,4860,14951,1357,644,713
13565,21007,6051,10192,4861,14956,1357,644,713
13570,21017,6053,10193,4861,14964,1358,644,714
13575,21023,6055,10196,4862,14967,1358,644,714
13580,21034,6057,10200,4864,14976,1359,644,715
13585,21038,6057,10201,4864,14981,1359,644,715
13590,21048,6059,10207,4866,14988,1360,645,715
13595,21054,6062,10211,4869,14991,1360,645,715
13600,21065,6063,10216,4870,15000,1361,645,716
13605,21069,6063,10216,4870,15006,1361,645,716
13610,21079,6066,10221,4872,15012,1362,646,716
13615,21085,6069,10225,4874,15015,1362,646,716
13620,21096,6072,10230,4877,15023,1363,647,716
13625,21100,6072,10231,4877,15028,1363,647,716
13630,21110,6074,10235,4877,15035,1364,647,717
13635,21116,6077,10239,4880,15039,1364,647,717
13640,21127,6078,10244,4881,15047,1365,648,717
13645,21131,6080,10247,4883,15050,1365,648,717
13650,21141,6086,10252,4888,15055,1366,648,718
13655,21147,6087,10253,4888,15059,1366,648,718
13660,21158,6090,10259,4891,15066,1367,648,719
13665,21162,6091,10260,4892,15071,1367,648,719
13670,21172,6095,10263,4894,15077,1368,649,719
13675,21178,6097,10266,4895,15079,1368,649,719
13680,21189,6101,10272,4899,15084,1369,649,720
13685,21193,6105,10272,4903,15088,1369,649,720
13690,21203,6110,10276,4906,15093,1370,650,720
13695,21209,6112,10279,4908,15096,1370,650,720
13700,21220,6117,10286,4912,15100,1371,650,721
13705,21224,6121,10289,4916,15102,1371,650,721
13710,21234,6124,10296,4919,15109,1372,650,722
13715,21240,6126,10299,4921,15113,1372,650,722
13720,21251,6129,10306,4924,15120,1373,651,722
13725,21255,6132,10308,4927,15123,1373,651,722
13730,21265,6134,10314,4929,15130,1374,651,723
13735,21271,6137,10316,4931,15133,1374,651,723
13740,21282,6138,10317,4931,15142,1375,651,724
13745,21286,6139,10320,4932,15146,1375,651,724
13750,21296,6142,10327,4935,15153,1376,651,725
13755,21302,6144,10327,4936,15158,1376,651,725
13760,21313,6146,10333,4938,15164,1377,652,725
13765,21317,6148,10333,4940,15169,1377,652,725
13770,21327,6150,10335,4941,15177,1378,652,726
13775,21333,6151,10339,4942,15181,1378,652,726
13780,21344,6154,10346,4944,15188,1379,653,726
13785,21348,6154,10348,4944,15194,1379,653,726
13790,21358,6156,10351,4946,15202,1380,653,727
13795,21364,6158,10355,4948,15206,1380,653,727
13800,21375,6161,10360,4950,15211,1381,654,727
13805,21379,6162,10362,4951,15216,1381,654,727
13810,21389,6166,10367,4954,15223,1382,655,727
13815,21395,6167,10371,4955,15228,1382,655,727
13820,21406,6170,10377,4957,15233,1383,655,728
13825,21410,6173,10378,4960,15237,1383,655,728
13830,21420,6175,10382,4961,15244,1384,655,729
13835,21426,6177,10383,4962,15249,1384,655,729
13840,21437,6181,10391,4965,15252,1385,655,730
13845,21441,6184,10391,4968,15257,1385,655,730
13850,21451,6188,10398,4972,15262,1386,655,731
13855,21457,6191,10401,4975,15266,1386,655,731
13860,21468,6196,10409,4979,15268,1387,656,731
13865,21472,6199,10412,4982,15272,1387,656,731
13870,21482,6204,10419,4987,15278,1388,656,732
13875,21488,6205,10421,4988,15283,1388,656,732
13880,21499,6208,10424,4990,15289,1389,656,733
13885,21503,6210,10427,4992,15292,1389,656,733
13890,21513,6214,10429,4994,15299,1390,657,733
13895,21519,6215,10431,4994,15304,1390,657,733
13900,21530,6218,10438,4997,15308,1391,658,733
13905,21534,6221,10440,5000,15313,1391,658,733
13910,21544,6225,10443,5002,15319,1392,659,733
13915,21550,6226,10447,5003,15321,1392,659,733
13920,21561,6233,10452,5009,15325,1393,659,734
13925,21565,6235,10454,5011,15328,1393,659,734
13930,21575,6242,10462,5018,15333,1394,660,734
13935,21581,6242,10465,5018,15337,1394,660,734
13940,21592,6244,10472,5020,15346,1395,660,735
13945,21596,6244,10473,5020,15351,1395,660,735
13950,21606,6245,10479,5021,15361,1396,661,735
13955,21612,6245,10484,5021,15366,1396,661,735
13960,21623,6245,10490,5021,15377,1397,661,736
13965,21627,6245,10491,5021,15381,1397,661,736
13970,21637,6246,10494,5021,15391,1398,661,737
13975,21643,6246,10499,5021,15396,1398,661,737
13980,21654,6246,10506,5021,15406,1399,661,738
13985,21658,6246,10508,5021,15411,1399,661,738
13990,21668,6247,10514,5022,15421,1400,662,738
13995,21674,6247,10516,5022,15427,1400,662,738
14000,21685,6247,10521,5022,15436,1401,662,739
14005,21689,6247,10524,5022,15442,1401,662,739
14010,21699,6248,10528,5023,15451,1402,662,740
14015,21705,6248,10533,5023,15457,1402,662,740
14020,21716,6248,10537,5023,15466,1403,662,741
14025,21720,6248,10540,5023,15472,1403,662,741
14030,21730,6250,10543,5025,15480,1404,662,742
14035,21736,6251,10545,5025,15485,1404,662,742
14040,21747,6253,10550,5026,15491,1405,662,743
14045,21751,6256,10550,5029,15495,1405,662,743
14050,21761,6260,10556,5033,15501,1406,663,743
14055,21767,6261,10559,5034,15506,1406,663,743
14060,21778,6264,10565,5037,15511,1407,663,744
14065,21782,6266,10566,5039,15516,1407,663,744
14070,21792,6269,10570,5041,15523,1408,663,745
14075,21798,6270,10572,5042,15528,1408,663,745
14080,21809,6272,10575,5043,15535,1409,664,745
14085,21813,6273,10575,5044,15540,1409,664,745
14090,21823,6278,10581,5048,15545,1410,664,746
14095,21829,6280,10585,5050,15547,1410,664,746
14100,21840,6286,10593,5056,15551,1411,665,746
14105,21844,6291,10597,5061,15551,1411,665,746
14110,21854,6298,10603,5068,15555,1412,665,747
14115,21860,6300,10606,5069,15557,1412,665,747
14120,21871,6307,10612,5075,15561,1413,666,747
14125,21875,6309,10612,5077,15566,1413,666,747
14130,21885,6316,10619,5082,15568,1414,667,747
14135,21891,6319,10623,5084,15569,1414,667,747
14140,21902,6324,10629,5089,15576,1415,667,748
14145,21906,6325,10629,5090,15581,1415,667,748
14150,21916,6327,10635,5092,15588,1416,668,748
14155,21922,6329,10639,5094,15591,1416,668,748
14160,21933,6331,10645,5096,15600,1417,669,748
14165,21937,6333,10648,5098,15604,1417,669,748
14170,21947,6335,10653,5099,15612,1418,670,748
14175,21953,6337,10657,5101,15616,1418,670,748
14180,21964,6337,10661,5101,15626,1419,671,748
14185,21968,6337,10663,5101,15631,1419,671,748
14190,21978,6339,10667,5103,15639,1420,671,749
14195,21984,6340,10671,5104,15643,1420,671,749
14200,21995,6340,10675,5104,15652,1421,671,750
14205,21999,6341,10676,5105,15658,1421,671,750
14210,22009,6343,10681,5107,15666,1422,672,750
14215,22015,6345,10685,5108,15670,1422,672,750
14220,22026,6346,10689,5109,15679,1423,673,750
14225,22030,6346,10691,5109,15684,1423,673,750
14230,22040,6347,10695,5109,15692,1424,673,751
14235,22046,6349,10697,5110,15697,1424,673,751
14240,22057,6350,10703,5111,15706,1425,674,751
14245,22061,6350,10705,5111,15711,1425,674,751
14250,22071,6352,10709,5111,15718,1426,674,752
14255,22077,6354,10710,5112,15723,1426,674,752
14260,22088,6355,10715,5113,15731,1427,675,752
14265,22092,6355,10718,5113,15736,1427,675,752
14270,22102,6358,10721,5115,15744,1428,675,753
14275,22108,6359,10724,5116,15749,1428,675,753
14280,22119,6363,10731,5119,15751,1429,675,754
14285,22123,6367,10733,5123,15756,1429,675,754
14290,22133,6369,10736,5124,15764,1430,676,754
14295,22139,6370,10738,5124,15768,1430,676,754
14300,22150,6373,10741,5126,15775,1431,676,755
14305,22154,6376,10742,5129,15778,1431,676,755
14310,22164,6382,10747,5133,15781,1432,676,756
14315,22170,6385,10749,5135,15784,1432,676,756
14320,22181,6389,10754,5138,15790,1433,677,756
14325,22185,6392,10756,5141,15792,1433,677,756
14330,22195,6398,10759,5145,15797,1434,677,757
14335,22201,6399,10761,5145,15800,1434,677,757
14340,22212,6405,10768,5150,15804,1435,678,757
14345,22216,6408,10768,5153,15808,1435,678,757
14350,22226,6412,10772,5156,15814,1436,679,757
14355,22232,6414,10776,5158,15816,1436,679,757
14360,22243,6418,10779,5161,15823,1437,679,758
14365,22247,6422,10781,5165,15825,1437,679,758
14370,22257,6427,10785,5169,15830,1438,679,759
14375,22263,6428,10787,5169,15833,1438,679,759
14380,22274,6430,10793,5171,15841,1439,679,760
14385,22278,6433,10796,5174,15844,1439,679,760
14390,22288,6435,10801,5176,15852,1440,680,760
14395,22294,6437,10801,5177,15857,1440,680,760
14400,22305,6439,10805,5179,15866,1441,680,761
14405,22309,6440,10807,5180,15869,1441,680,761
14410,22319,6442,10812,5181,15876,1442,681,761
14415,22325,6445,10816,5184,15880,1442,681,761
14420,22336,6446,10821,5184,15888,1443,682,761
14425,22340,6448,10822,5186,15891,1443,682,761
14430,22350,6450,10826,5187,15900,1444,682,762
14435,22356,6451,10828,5188,15905,1444,682,762
14440,22367,6452,10832,5189,15913,1445,683,762
14445,22371,6453,10834,5190,15918,1445,683,762
14450,22381,6456,10841,5193,15924,1446,683,763
14455,22387,6459,10844,5195,15927,1446,683,763
14460,22398,6461,10852,5197,15935,1447,684,763
14465,22402,6462,10854,5198,15940,1447,684,763
14470,22412,6463,10859,5198,15949,1448,685,763
14475,22418,6463,10861,5198,15955,1448,685,763
14480,22429,6463,10867,5198,15965,1449,685,764
14485,22433,6464,10868,5199,15969,1449,685,764
14490,22443,6466,10873,5199,15977,1450,685,765
14495,22449,6466,10877,5199,15983,1450,685,765
14500,22460,6466,10882,5199,15993,1451,685,766
14505,22464,6467,10883,5200,15997,1451,685,766
14510,22474,6469,10888,5201,16005,1452,685,767
14515,22480,6469,10890,5201,16011,1452,685,767
14520,22491,6469,10894,5201,16019,1453,686,767
14525,22495,6471,10895,5203,16024,1453,686,767
14530,22505,6473,10899,5203,16032,1454,686,768
14535,22511,6473,10903,5203,16038,1454,686,768
14540,22522,6474,10908,5204,16047,1455,687,768
14545,22526,6475,10908,5205,16051,1455,687,768
14550,22536,6477,10912,5206,16059,1456,688,768
14555,22542,6477,10917,5206,16064,1456,688,768
14560,22553,6480,10923,5209,16072,1457,689,768
14565,22557,6480,10924,5209,16077,1457,689,768
14570,22567,6485,10930,5213,16082,1458,689,769
14575,22573,6487,10934,5214,16085,1458,689,769
14580,22584,6490,10940,5217,16091,1459,690,769
14585,22588,6495,10944,5222,16092,1459,690,769
14590,22598,6499,10947,5225,16099,1460,690,770
14595,22604,6500,10950,5226,16103,1460,690,770
14600,22615,6503,10953,5228,16110,1461,690,771
14605,22619,6507,10955,5232,16112,1461,690,771
14610,22629,6513,10962,5236,16116,1462,691,771
14615,22635,6514,10966,5237,16118,1462,691,771
14620,22646,6521,10972,5243,16123,1463,692,771
14625,22650,6524,10974,5246,16125,1463,692,771
14630,22660,6527,10976,5248,16133,1464,692,772
14635,22666,6528,10981,5249,16136,1464,692,772
14640,22677,6530,10987,5251,16145,1465,692,773
14645,22681,6532,10988,5253,16148,1465,692,773
14650,22691,6534,10993,5254,16157,1466,692,774
14655,22697,6535,10995,5254,16161,1466,692,774
14660,22708,6536,11001,5255,16170,1467,692,775
14665,22712,6537,11003,5256,16174,1467,692,775
14670,22722,6540,11007,5258,16182,1468,692,776
14675,22728,6541,11009,5259,16186,1468,692,776
14680,22739,6543,11015,5260,16194,1469,693,776
14685,22743,6545,11017,5262,16198,1469,693,776
14690,22753,6548,11022,5265,16204,1470,693,777
14695,22759,6551,11026,5268,16207,1470,693,777
14700,22770,6553,11032,5269,16214,1471,694,777
14705,22774,6555,11033,5271,16219,1471,694,777
14710,22784,6556,11037,5272,16228,1472,694,778
14715,22790,6558,11040,5274,16231,1472,694,778
14720,22801,6558,11046,5274,16241,1473,695,778
14725,22805,6559,11048,5275,16245,1473,695,778
14730,22815,6561,11053,5276,16254,1474,696,778
14735,22821,6563,11056,5277,16257,1474,696,778
14740,22832,6565,11062,5279,16264,1475,697,778
14745,22836,6566,11065,5280,16270,1475,697,778
14750,22846,6568,11067,5281,16278,1476,698,778
14755,22852,6570,11071,5282,16280,1476,698,778
14760,22863,6572,11078,5284,16289,1477,699,778
14765,22867,6573,11080,5285,16293,1477,699,778
14770,22877,6576,11086,5288,16301,1478,700,778
14775,22883,6577,11091,5289,16305,1478,700,778
14780,22894,6579,11096,5291,16313,1479,700,779
14785,22898,6580,11098,5292,16318,1479,700,779
14790,22908,6582,11104,5294,16325,1480,701,779
14795,22914,6585,11106,5296,16329,1480,701,779
14800,22925,6585,11112,5296,16338,1481,702,779
14805,22929,6587,11114,5298,16342,1481,702,779
14810,22939,6590,11120,5301,16348,1482,703,779
14815,22945,6592,11124,5303,16352,1482,703,779
14820,22956,6597,11131,5307,16356,1483,704,779
14825,22960,6601,11133,5311,16359,1483,704,779
14830,22970,6603,11135,5312,16366,1484,704,780
14835,22976,6606,11138,5315,16369,1484,704,780
14840,22987,6609,11145,5318,16374,1485,705,780
14845,22991,6614,11147,5323,16377,1485,705,780
14850,23001,6617,11151,5325,16384,1486,705,781
14855,23007,6618,11153,5326,16389,1486,705,781
14860,23018,6622,11161,5330,16393,1487,706,781
14865,23022,6626,11164,5334,16396,1487,706,781
14870,23032,6630,11168,5337,16402,1488,706,782
14875,23038,6631,11171,5338,16405,1488,706,782
14880,23049,6635,11175,5342,16412,1489,706,783
14885,23053,6638,11177,5345,16414,1489,706,783
14890,23063,6644,11182,5350,16419,1490,707,783
14895,23069,6646,11184,5351,16422,1490,707,783
14900,23080,6650,11190,5355,16428,1491,708,783
14905,23084,6652,11190,5357,16432,1491,708,783
14910,23094,6658,11196,5361,16435,1492,709,783
14915,23100,6660,11199,5362,16439,1492,709,783
14920,23111,6663,11207,5364,16445,1493,710,783
14925,23115,6665,11208,5366,16450,1493,710,783
14930,23125,6668,11213,5368,16456,1494,710,784
14935,23131,6671,11214,5370,16460,1494,710,784
14940,23142,6673,11219,5372,16468,1495,710,785
14945,23146,6674,11221,5373,16471,1495,710,785
14950,23156,6675,11226,5373,16481,1496,711,785
14955,23162,6675,11230,5373,16485,1496,711,785
14960,23173,6676,11234,5374,16497,1497,711,786
14965,23177,6676,11235,5374,16501,1497,711,786
14970,23187,6678,11238,5375,16509,1498,711,787
14975,23193,6678,11240,5375,16514,1498,711,787
14980,23204,6679,11243,5376,16523,1499,711,788
14985,23208,6681,11245,5378,16527,1499,711,788
14990,23218,6684,11252,5381,16534,1500,711,789
14995,23224,6684,11256,5381,16539,1500,711,789
15000,23235,6685,11259,5382,16549,1501,711,790
15005,23239,6685,11259,5382,16554,1501,711,790
15010,23249,6687,11261,5383,16562,1502,712,790
15015,23255,6687,11265,5383,16567,1502,712,790
15020,23266,6690,11273,5385,16573,1503,713,790
15025,23270,6693,11276,5388,16576,1503,713,790
15030,23280,6697,11282,5392,16583,1504,714,790
15035,23286,6697,11286,5392,16588,1504,714,790
15040,23297,6698,11291,5393,16598,1505,715,790
15045,23301,6700,11294,5395,16601,1505,715,790
15050,23311,6703,11296,5396,16608,1506,715,791
15055,23317,6704,11297,5396,16613,1506,715,791
15060,23328,6705,11304,5397,16620,1507,716,791
15065,23332,6707,11307,5399,16625,1507,716,791
15070,23342,6709,11312,5400,16633,1508,716,792
15075,23348,6710,11315,5400,16638,1508,716,792
15080,23359,6710,11319,5400,16649,1509,717,792
15085,23363,6710,11321,5400,16653,1509,717,792
15090,23373,6712,11324,5401,16661,1510,718,792
15095,23379,6713,11325,5401,16666,1510,718,792
15100,23390,6714,11331,5402,16674,1511,718,793
15105,23394,6714,11332,5402,16679,1511,718,793
15110,23404,6717,11335,5404,16687,1512,718,794
15115,23410,6718,11338,5405,16692,1512,718,794
15120,23421,6720,11345,5407,16698,1513,718,795
15125,23425,6722,11346,5409,16703,1513,718,795
15130,23435,6724,11353,5411,16711,1514,718,796
15135,23441,6725,11357,5411,16716,1514,718,796
15140,23452,6727,11363,5413,16723,1515,718,797
15145,23456,6728,11364,5414,16727,1515,718,797
15150,23466,6731,11367,5415,16735,1516,719,797
15155,23472,6732,11370,5416,16740,1516,719,797
15160,23483,6734,11376,5418,16747,1517,720,797
15165,23487,6737,11378,5421,16749,1517,720,797
15170,23497,6744,11384,5426,16752,1518,721,797
15175,23503,6747,11386,5429,16756,1518,721,797
15180,23514,6749,11392,5431,16761,1519,721,798
15185,23518,6755,11395,5437,16762,1519,721,798
15190,23528,6762,11400,5442,16766,1520,722,798
15195,23534,6765,11403,5444,16768,1520,722,798
15200,23545,6768,11409,5447,16774,1521,723,798
15205,23549,6773,11411,5452,16776,1521,723,798
15210,23559,6779,11418,5457,16779,1522,724,798
15215,23565,6781,11421,5458,16781,1522,724,798
15220,23576,6785,11424,5461,16789,1523,724,799
15225,23580,6786,11425,5462,16794,1523,724,799
15230,23590,6788,11430,5464,16801,1524,725,799
15235,23596,6791,11435,5467,16804,1524,725,799
15240,23607,6793,11439,5469,16813,1525,726,799
15245,23611,6794,11441,5470,16816,1525,726,799
15250,23621,6796,11446,5471,16824,1526,727,799
15255,23627,6799,11448,5473,16828,1526,727,799
15260,23638,6801,11454,5474,16834,1527,728,799
15265,23642,6804,11457,5477,16838,1527,728,799
15270,23652,6806,11462,5478,16845,1528,728,800
15275,23658,6808,11463,5480,16850,1528,728,800
15280,23669,6810,11468,5481,16859,1529,729,800
15285,23673,6810,11470,5481,16863,1529,729,800
15290,23683,6811,11473,5481,16872,1530,729,801
15295,23689,6812,11475,5482,16877,1530,729,801
15300,23700,6812,11481,5482,16886,1531,729,802
15305,23704,6813,11482,5483,16891,1531,729,802
15310,23714,6815,11488,5484,16898,1532,729,803
15315,23720,6818,11491,5486,16902,1532,729,803
15320,23731,6818,11495,5486,16912,1533,729,804
15325,23735,6818,11495,5486,16917,1533,729,804
15330,23745,6820,11500,5487,16925,1534,730,804
15335,23751,6822,11502,5488,16928,1534,730,804
15340,23762,6822,11506,5488,16938,1535,730,805
15345,23766,6822,11507,5488,16944,1535,730,805
15350,23776,6824,11508,5488,16952,1536,730,806
15355,23782,6826,11510,5489,16955,1536,730,806
15360,23793,6828,11514,5491,16964,1537,730,807
15365,23797,6830,11517,5493,16967,1537,730,807
15370,23807,6833,11521,5494,16974,1538,730,808
15375,23813,6834,11526,5495,16978,1538,730,808
15380,23824,6837,11534,5498,16985,1539,731,808
15385,23828,6837,11535,5498,16991,1539,731,808
15390,23838,6842,11543,5502,16995,1540,732,808
15395,23844,6844,11545,5504,17000,1540,732,808
15400,23855,6847,11551,5507,17005,1541,732,809
15405,23859,6850,11553,5510,17009,1541,732,809
15410,23869,6854,11559,5514,17015,1542,733,809
15415,23875,6856,11564,5516,17018,1542,733,809
15420,23886,6861,11571,5520,17022,1543,734,809
15425,23890,6864,11571,5523,17026,1543,734,809
15430,23900,6867,11575,5525,17032,1544,734,810
15435,23906,6870,11580,5528,17036,1544,734,810
15440,23917,6875,11586,5533,17041,1545,734,811
15445,23921,6877,11589,5535,17043,1545,734,811
15450,23931,6882,11594,5539,17049,1546,734,812
15455,23937,6884,11598,5541,17052,1546,734,812
15460,23948,6887,11604,5544,17058,1547,735,812
15465,23952,6890,11605,5547,17061,1547,735,812
15470,23962,6895,11609,5550,17067,1548,736,812
15475,23968,6897,11611,5551,17070,1548,736,812
15480,23979,6900,11615,5554,17077,1549,736,813
15485,23983,6903,11618,5557,17078,1549,736,813
15490,23993,6912,11626,5565,17080,1550,737,813
15495,23999,6915,11630,5568,17083,1550,737,813
15500,24010,6916,11634,5569,17094,1551,738,813
15505,24014,6916,11635,5569,17097,1551,738,813
15510,24024,6918,11641,5571,17106,1552,739,813
15515,24030,6920,11645,5572,17109,1552,739,813
15520,24041,6923,11653,5574,17116,1553,740,813
15525,24045,6925,11656,5576,17120,1553,740,813
15530,24055,6928,11659,5578,17127,1554,740,814
15535,24061,6929,11660,5579,17132,1554,740,814
15540,24072,6931,11664,5580,17139,1555,740,815
15545,24076,6932,11665,5581,17144,1555,740,815
15550,24086,6933,11670,5581,17152,1556,741,815
15555,24092,6935,11671,5582,17156,1556,741,815
15560,24103,6936,11677,5583,17167,1557,742,815
15565,24107,6936,11679,5583,17170,1557,742,815
15570,24117,6938,11684,5585,17178,1558,742,816
15575,24123,6940,11685,5586,17183,1558,742,816
15580,24134,6941,11690,5587,17192,1559,743,816
15585,24138,6941,11691,5587,17196,1559,743,816
15590,24148,6942,11695,5587,17205,1560,744,816
15595,24154,6944,11697,5589,17209,1560,744,816
15600,24165,6945,11700,5590,17218,1561,744,817
15605,24169,6946,11700,5591,17223,1561,744,817
15610,24179,6948,11707,5593,17231,1562,745,817
15615,24185,6948,11707,5593,17237,1562,745,817
15620,24196,6949,11715,5594,17245,1563,746,817
15625,24200,6950,11716,5595,17250,1563,746,817
15630,24210,6952,11720,5596,17258,1564,746,818
15635,24216,6952,11723,5596,17263,1564,746,818
15640,24227,6953,11728,5597,17272,1565,746,819
15645,24231,6954,11729,5598,17277,1565,746,819
15650,24241,6957,11732,5599,17284,1566,747,819
15655,24247,6958,11735,5600,17288,1566,747,819
15660,24258,6961,11741,5603,17294,1567,747,820
15665,24262,6964,11742,5606,17297,1567,747,820
15670,24272,6969,11748,5609,17303,1568,748,820
15675,24278,6969,11750,5609,17308,1568,748,820
15680,24289,6971,11754,5611,17316,1569,748,821
15685,24293,6973,11755,5613,17320,1569,748,821
15690,24303,6976,11763,5616,17327,1570,749,821
15695,24309,6976,11767,5616,17332,1570,749,821
15700,24320,6979,11771,5618,17338,1571,749,822
15705,24324,6983,11774,5622,17340,1571,749,822
15710,24334,6988,11781,5626,17345,1572,750,822
15715,24340,6990,11783,5628,17349,1572,750,822
15720,24351,6994,11788,5632,17355,1573,750,823
15725,24355,6995,11788,5633,17360,1573,750,823
15730,24365,6998,11794,5636,17367,1574,750,824
15735,24371,7000,11798,5638,17371,1574,750,824
15740,24382,7003,11806,5641,17375,1575,751,824
15745,24386,7007,11808,5645,17378,1575,751,824
15750,24396,7012,11814,5649,17383,1576,752,824
15755,24402,7014,11817,5651,17388,1576,752,824
15760,24413,7015,11819,5652,17398,1577,753,824
15765,24417,7016,11822,5653,17400,1577,753,824
15770,24427,7020,11824,5655,17407,1578,754,824
15775,24433,7022,11826,5656,17410,1578,754,824
15780,24444,7025,11831,5659,17417,1579,755,824
15785,24448,7028,11833,5662,17419,1579,755,824
15790,24458,7034,11836,5666,17424,1580,755,825
15795,24464,7036,11839,5668,17428,1580,755,825
15800,24475,7038,11846,5670,17434,1581,756,825
15805,24479,7039,11846,5671,17440,1581,756,825
15810,24489,7041,11850,5673,17447,1582,756,826
15815,24495,7044,11855,5676,17450,1582,756,826
15820,24506,7046,11863,5677,17457,1583,757,826
15825,24510,7048,11864,5679,17462,1583,757,826
15830,24520,7051,11869,5681,17469,1584,758,826
15835,24526,7053,11873,5682,17471,1584,758,826
15840,24537,7056,11878,5684,17478,1585,758,827
15845,24541,7057,11880,5685,17484,1585,758,827
15850,24551,7058,11886,5685,17493,1586,759,827
15855,24557,7059,11889,5685,17498,1586,759,827
15860,24568,7059,11892,5685,17508,1587,759,828
15865,24572,7059,11895,5685,17512,1587,759,828
15870,24582,7060,11899,5686,17522,1588,759,829
15875,24588,7061,11901,5686,17527,1588,759,829
15880,24599,7061,11905,5686,17536,1589,759,830
15885,24603,7061,11907,5686,17542,1589,759,830
15890,24613,7062,11911,5687,17551,1590,760,830
15895,24619,7063,11914,5688,17555,1590,760,830
15900,24630,7064,11918,5689,17564,1591,761,830
15905,24634,7065,11918,5690,17569,1591,761,830
15910,24644,7067,11922,5690,17577,1592,761,831
15915,24650,7068,11927,5691,17580,1592,761,831
15920,24661,7070,11931,5693,17590,1593,762,831
15925,24665,7070,11931,5693,17595,1593,762,831
15930,24675,7072,11935,5693,17603,1594,763,831
15935,24681,7073,11937,5693,17606,1594,763,831
15940,24692,7075,11941,5695,17616,1595,764,831
15945,24696,7075,11944,5695,17620,1595,764,831
15950,24706,7084,11951,5703,17622,1596,764,832
15955,24712,7086,11954,5705,17625,1596,764,832
15960,24723,7091,11961,5710,17629,1597,765,832
15965,24727,7094,11963,5713,17633,1597,765,832
15970,24737,7097,11968,5715,17640,1598,766,832
15975,24743,7099,11970,5717,17644,1598,766,832
15980,24754,7102,11977,5719,17648,1599,767,832
15985,24758,7107,11979,5724,17650,1599,767,832
15990,24768,7111,11982,5727,17657,1600,767,833
15995,24774,7112,11984,5727,17661,1600,767,833
16000,24785,7117,11991,5731,17664,1601,768,833
16005,24789,7121,11995,5735,17668,1601,768,833
16010,24799,7123,11999,5736,17676,1602,768,834
16015,24805,7124,12002,5737,17681,1602,768,834
16020,24816,7127,12009,5740,17688,1603,769,834
16025,24820,7128,12012,5741,17692,1603,769,834
16030,24830,7130,12017,5743,17699,1604,769,835
16035,24836,7132,12021,5745,17704,1604,769,835
16040,24847,7134,12026,5746,17711,1605,770,835
16045,24851,7137,12030,5749,17714,1605,770,835
16050,24861,7138,12033,5750,17722,1606,770,836
16055,24867,7140,12037,5751,17727,1606,770,836
16060,24878,7143,12041,5754,17733,1607,770,837
16065,24882,7144,12041,5755,17738,1607,770,837
16070,24892,7147,12046,5758,17745,1608,771,837
16075,24898,7148,12046,5758,17750,1608,771,837
16080,24909,7150,12054,5760,17756,1609,771,838
16085,24913,7152,12056,5762,17760,1609,771,838
16090,24923,7153,12059,5762,17770,1610,772,838
16095,24929,7154,12061,5763,17774,1610,772,838
16100,24940,7155,12066,5764,17783,1611,773,838
16105,24944,7156,12067,5765,17787,1611,773,838
16110,24954,7162,12073,5771,17791,1612,773,839
16115,24960,7165,12076,5774,17794,1612,773,839
16120,24971,7168,12081,5777,17799,1613,773,840
16125,24975,7172,12082,5781,17803,1613,773,840
16130,24985,7175,12084,5782,17810,1614,774,840
16135,24991,7177,12087,5784,17813,1614,774,840
16140,25002,7180,12089,5786,17820,1615,774,841
16145,25006,7182,12090,5788,17824,1615,774,841
16150,25016,7184,12091,5788,17832,1616,775,841
16155,25022,7186,12093,5790,17836,1616,775,841
16160,25033,7188,12098,5792,17843,1617,776,841
16165,25037,7191,12100,5795,17845,1617,776,841
16170,25047,7196,12106,5799,17850,1618,776,842
16175,25053,7198,12108,5801,17854,1618,776,842
16180,25064,7201,12113,5804,17861,1619,776,843
16185,25068,7202,12114,5805,17866,1619,776,843
16190,25078,7204,12119,5806,17873,1620,777,843
16195,25084,7207,12123,5809,17876,1620,777,843
16200,25095,7207,12128,5809,17886,1621,778,843
16205,25099,7208,12130,5810,17890,1621,778,843
16210,25109,7211,12135,5812,17897,1622,779,843
16215,25115,7212,12138,5813,17903,1622,779,843
16220,25126,7213,12146,5814,17910,1623,779,844
16225,25130,7214,12147,5815,17916,1623,779,844
16230,25140,7216,12151,5816,17924,1624,779,845
16235,25146,7216,12154,5816,17929,1624,779,845
16240,25157,7216,12159,5816,17939,1625,780,845
16245,25161,7217,12162,5817,17943,1625,780,845
16250,25171,7219,12168,5818,17952,1626,781,845
16255,25177,7219,12172,5818,17958,1626,781,845
16260,25188,7219,12176,5818,17967,1627,781,846
16265,25192,7219,12177,5818,17973,1627,781,846
16270,25202,7221,12181,5820,17981,1628,782,846
16275,25208,7221,12184,5820,17986,1628,782,846
16280,25219,7223,12189,5822,17994,1629,783,846
16285,25223,7225,12192,5824,17998,1629,783,846
16290,25233,7227,12197,5826,18006,1630,783,847
16295,25239,7227,12198,5826,18012,1630,783,847
16300,25250,7230,12205,5829,18016,1631,783,848
16305,25254,7234,12206,5833,18020,1631,783,848
16310,25264,7236,12211,5835,18028,1632,784,848
16315,25270,7236,12213,5835,18033,1632,784,848
16320,25281,7240,12219,5838,18038,1633,784,849
16325,25285,7243,12219,5841,18042,1633,784,849
16330,25295,7245,12222,5841,18049,1634,785,849
16335,25301,7247,12223,5842,18054,1634,785,849
16340,25312,7249,12227,5844,18061,1635,786,849
16345,25316,7252,12231,5847,18063,1635,786,849
16350,25326,7256,12234,5850,18069,1636,786,850
16355,25332,7258,12236,5852,18073,1636,786,850
16360,25343,7263,12243,5856,18076,1637,786,851
16365,25347,7267,12243,5860,18080,1637,786,851
16370,25357,7272,12249,5865,18084,1638,786,852
16375,25363,7275,12251,5867,18088,1638,786,852
16380,25374,7277,12256,5868,18094,1639,786,853
16385,25378,7278,12256,5869,18100,1639,786,853
16390,25388,7280,12261,5870,18107,1640,787,853
16395,25394,7282,12263,5872,18111,1640,787,853
16400,25405,7284,12268,5873,18118,1641,788,853
16405,25409,7286,12271,5875,18122,1641,788,853
16410,25419,7288,12274,5876,18131,1642,788,854
16415,25425,7290,12275,5877,18135,1642,788,854
16420,25436,7292,12280,5878,18142,1643,788,855
16425,25440,7293,12281,5879,18146,1643,788,855
16430,25450,7295,12284,5880,18154,1644,788,856
16435,25456,7298,12287,5883,18158,1644,788,856
16440,25467,7300,12290,5884,18164,1645,788,857
16445,25471,7303,12293,5887,18168,1645,788,857
16450,25481,7306,12300,5889,18175,1646,789,857
16455,25487,7307,12300,5889,18180,1646,789,857
16460,25498,7309,12305,5891,18186,1647,789,858
16465,25502,7311,12306,5893,18191,1647,789,858
16470,25512,7314,12312,5895,18197,1648,790,858
16475,25518,7316,12314,5896,18201,1648,790,858
16480,25529,7320,12319,5899,18207,1649,791,858
16485,25533,7322,12322,5901,18210,1649,791,858
16490,25543,7325,12326,5903,18218,1650,792,858
16495,25549,7327,12328,5904,18222,1650,792,858
16500,25560,7328,12333,5905,18230,1651,793,858
16505,25564,7329,12334,5906,18235,1651,793,858
16510,25574,7331,12338,5907,18243,1652,793,859
16515,25580,7332,12339,5907,18248,1652,793,859
16520,25591,7334,12347,5909,18254,1653,794,859
16525,25595,7336,12349,5911,18259,1653,794,859
16530,25605,7338,12353,5912,18266,1654,795,859
16535,25611,7341,12357,5915,18269,1654,795,859
16540,25622,7342,12362,5916,18278,1655,795,860
16545,25626,7343,12364,5917,18282,1655,795,860
16550,25636,7346,12371,5920,18290,1656,795,861
16555,25642,7347,12375,5921,18295,1656,795,861
16560,25653,7348,12381,5922,18302,1657,796,861
16565,25657,7350,12384,5924,18307,1657,796,861
16570,25667,7352,12389,5924,18315,1658,797,861
16575,25673,7352,12392,5924,18320,1658,797,861
16580,25684,7353,12400,5925,18329,1659,798,861
16585,25688,7354,12403,5926,18333,1659,798,861
16590,25698,7359,12407,5929,18339,1660,799,861
16595,25704,7359,12411,5929,18345,1660,799,861
16600,25715,7362,12418,5932,18351,1661,799,862
16605,25719,7364,12419,5934,18355,1661,799,862
16610,25729,7367,12424,5935,18362,1662,800,862
16615,25735,7367,12427,5935,18367,1662,800,862
16620,25746,7369,12428,5936,18375,1663,800,863
16625,25750,7369,12429,5936,18380,1663,800,863
16630,25760,7373,12433,5938,18387,1664,801,863
16635,25766,7373,12436,5938,18393,1664,801,863
16640,25777,7376,12441,5941,18399,1665,801,864
16645,25781,7377,12444,5942,18403,1665,801,864
16650,25791,7382,12451,5946,18409,1666,801,865
16655,25797,7382,12454,5946,18414,1666,801,865
16660,25808,7386,12462,5950,18419,1667,802,865
16665,25812,7390,12465,5954,18420,1667,802,865
16670,25822,7395,12468,5957,18426,1668,803,865
16675,25828,7397,12470,5958,18429,1668,803,865
16680,25839,7404,12477,5964,18432,1669,803,866
16685,25843,7407,12478,5967,18435,1669,803,866
16690,25853,7411,12483,5969,18441,1670,804,866
16695,25859,7413,12486,5970,18445,1670,804,866
16700,25870,7415,12490,5972,18453,1671,804,867
16705,25874,7416,12492,5973,18457,1671,804,867
16710,25884,7418,12494,5974,18466,1672,804,868
16715,25890,7419,12497,5974,18470,1672,804,868
16720,25901,7421,12502,5975,18476,1673,805,868
16725,25905,7424,12504,5978,18480,1673,805,868
16730,25915,7427,12508,5980,18487,1674,805,869
16735,25921,7430,12512,5982,18491,1674,805,869
16740,25932,7433,12518,5984,18496,1675,805,870
16745,25936,7434,12519,5985,18502,1675,805,870
16750,25946,7436,12523,5986,18510,1676,806,870
16755,25952,7438,12526,5988,18514,1676,806,870
16760,25963,7439,12532,5989,18522,1677,806,871
16765,25967,7439,12534,5989,18527,1677,806,871
16770,25977,7440,12538,5990,18537,1678,807,871
16775,25983,7441,12542,5991,18542,1678,807,871
16780,25994,7441,12546,5991,18552,1679,807,872
16785,25998,7441,12550,5991,18557,1679,807,872
16790,26008,7442,12553,5992,18566,1680,807,873
16795,26014,7444,12558,5994,18569,1680,807,873
16800,26025,7447,12564,5997,18576,1681,808,873
16805,26029,7448,12565,5998,18581,1681,808,873
16810,26039,7450,12571,5999,18588,1682,809,873
16815,26045,7452,12575,6001,18592,1682,809,873
16820,26056,7455,12582,6004,18599,1683,810,873
16825,26060,7456,12583,6005,18604,1683,810,873
16830,26070,7459,12587,6006,18610,1684,810,874
16835,26076,7462,12590,6009,18614,1684,810,874
16840,26087,7464,12594,6011,18620,1685,810,875
16845,26091,7467,12597,6014,18624,1685,810,875
16850,26101,7471,12601,6016,18630,1686,810,876
16855,26107,7472,12604,6017,18634,1686,810,876
16860,26118,7475,12608,6020,18641,1687,810,877
16865,26122,7478,12609,6023,18644,1687,810,877
16870,26132,7482,12613,6025,18650,1688,811,877
16875,26138,7483,12614,6025,18654,1688,811,877
16880,26149,7488,12619,6029,18660,1689,812,877
16885,26153,7490,12621,6031,18662,1689,812,877
16890,26163,7496,12625,6036,18667,1690,812,878
16895,26169,7497,12627,6036,18670,1690,812,878
16900,26180,7501,12633,6039,18675,1691,813,878
16905,26184,7505,12635,6043,18677,1691,813,878
16910,26194,7510,12641,6047,18683,1692,813,879
16915,26200,7512,12646,6049,18686,1692,813,879
16920,26211,7514,12652,6051,18695,1693,814,879
16925,26215,7516,12656,6053,18698,1693,814,879
16930,26225,7519,12661,6055,18705,1694,814,880
16935,26231,7521,12664,6056,18710,1694,814,880
16940,26242,7523,12671,6057,18715,1695,815,880
16945,26246,7525,12673,6059,18720,1695,815,880
16950,26256,7527,12677,6061,18729,1696,815,881
16955,26262,7528,12680,6062,18733,1696,815,881
16960,26273,7530,12687,6064,18741,1697,816,881
16965,26277,7532,12688,6066,18745,1697,816,881
16970,26287,7536,12693,6069,18751,1698,816,882
16975,26293,7537,12696,6069,18756,1698,816,882
16980,26304,7540,12703,6072,18762,1699,817,882
16985,26308,7540,12704,6072,18768,1699,817,882
16990,26318,7542,12709,6073,18776,1700,817,883
16995,26324,7543,12711,6074,18781,1700,817,883
17000,26335,7544,12718,6075,18789,1701,818,883
17005,26339,7545,12720,6076,18794,1701,818,883
17010,26349,7546,12725,6076,18802,1702,818,884
17015,26355,7549,12729,6079,18806,1702,818,884
17020,26366,7550,12733,6080,18815,1703,819,884
17025,26370,7551,12735,6081,18819,1703,819,884
17030,26380,7554,12739,6083,18825,1704,819,885
17035,26386,7555,12741,6084,18831,1704,819,885
17040,26397,7555,12746,6084,18840,1705,820,885
17045,26401,7556,12749,6085,18844,1705,820,885
17050,26411,7559,12755,6087,18852,1706,821,885
17055,26417,7559,12758,6087,18857,1706,821,885
17060,26428,7562,12765,6090,18865,1707,822,885
17065,26432,7563,12768,6091,18868,1707,822,885
17070,26442,7566,12771,6093,18876,1708,822,886
17075,26448,7566,12774,6093,18881,1708,822,886
17080,26459,7568,12781,6095,18888,1709,822,887
17085,26463,7570,12781,6097,18893,1709,822,887
17090,26473,7575,12785,6101,18898,1710,822,888
17095,26479,7576,12789,6102,18901,1710,822,888
17100,26490,7580,12795,6106,18908,1711,823,888
17105,26494,7583,12798,6109,18909,1711,823,888
17110,26504,7589,12802,6114,18915,1712,823,889
17115,26510,7589,12806,6114,18921,1712,823,889
17120,26521,7591,12809,6115,18930,1713,823,890
17125,26525,7592,12811,6116,18933,1713,823,890
17130,26535,7595,12819,6119,18940,1714,823,891
17135,26541,7596,12820,6120,18945,1714,823,891
17140,26552,7599,12828,6123,18951,1715,824,891
17145,26556,7601,12829,6125,18954,1715,824,891
17150,26566,7603,12832,6126,18962,1716,824,892
17155,26572,7605,12835,6128,18966,1716,824,892
17160,26583,7607,12839,6130,18974,1717,824,893
17165,26587,7609,12841,6132,18978,1717,824,893
17170,26597,7612,12847,6134,18984,1718,824,894
17175,26603,7615,12849,6136,18987,1718,824,894
17180,26614,7617,12854,6138,18997,1719,825,894
17185,26618,7618,12857,6139,18999,1719,825,894
17190,26628,7622,12863,6142,19005,1720,825,895
17195,26634,7624,12864,6144,19010,1720,825,895
17200,26645,7626,12870,6146,19018,1721,826,895
17205,26649,7626,12872,6146,19022,1721,826,895
17210,26659,7628,12876,6148,19031,1722,826,896
17215,26665,7630,12879,6149,19035,1722,826,896
17220,26676,7633,12885,6151,19040,1723,826,897
17225,26680,7636,12888,6154,19044,1723,826,897
17230,26690,7638,12892,6155,19051,1724,827,897
17235,26696,7641,12894,6157,19055,1724,827,897
17240,26707,7645,12900,6161,19061,1725,827,898
17245,26711,7645,12901,6161,19066,1725,827,898
17250,26721,7648,12907,6164,19072,1726,827,899
17255,26727,7650,12909,6165,19076,1726,827,899
17260,26738,7654,12915,6169,19083,1727,828,899
17265,26742,7656,12918,6171,19085,1727,828,899
17270,26752,7660,12923,6173,19091,1728,828,900
17275,26758,7663,12925,6175,19094,1728,828,900
17280,26769,7667,12934,6179,19099,1729,828,901
17285,26773,7669,12937,6181,19104,1729,828,901
17290,26783,7672,12942,6182,19110,1730,829,901
17295,26789,7674,12944,6184,19115,1730,829,901
17300,26800,7676,12952,6186,19122,1731,830,901
17305,26804,7678,12954,6188,19126,1731,830,901
17310,26814,7680,12960,6190,19134,1732,830,902
17315,26820,7680,12960,6190,19140,1732,830,902
17320,26831,7680,12967,6190,19150,1733,831,902
17325,26835,7681,12970,6191,19152,1733,831,902
17330,26845,7688,12979,6197,19157,1734,832,902
17335,26851,7689,12984,6198,19160,1734,832,902
17340,26862,7691,12991,6200,19170,1735,833,902
17345,26866,7691,12993,6200,19175,1735,833,902
17350,26876,7692,12997,6201,19184,1736,833,903
17355,26882,7692,12999,6201,19189,1736,833,903
17360,26893,7692,13002,6201,19201,1737,834,903
17365,26897,7692,13003,6201,19205,1737,834,903
17370,26907,7694,13009,6202,19213,1738,835,903
17375,26913,7694,13012,6202,19219,1738,835,903
17380,26924,7696,13017,6203,19226,1739,835,904
17385,26928,7698,13018,6205,19230,1739,835,904
17390,26938,7701,13024,6208,19237,1740,835,905
17395,26944,7701,13026,6208,19243,1740,835,905
17400,26955,7702,13034,6208,19252,1741,836,905
17405,26959,7704,13036,6210,19255,1741,836,905
17410,26969,7706,13041,6212,19263,1742,836,906
17415,26975,7707,13043,6212,19268,1742,836,906
17420,26986,7709,13049,6214,19276,1743,836,907
17425,26990,7711,13051,6216,19279,1743,836,907
17430,27000,7712,13056,6217,19288,1744,837,907
17435,27006,7713,13060,6218,19293,1744,837,907
17440,27017,7715,13065,6219,19302,1745,837,908
17445,27021,7716,13068,6220,19304,1745,837,908
17450,27031,7719,13071,6222,19311,1746,837,909
17455,27037,7722,13076,6225,19314,1746,837,909
17460,27048,7724,13084,6227,19320,1747,838,909
17465,27052,7728,13085,6231,19324,1747,838,909
17470,27062,7732,13093,6234,19329,1748,839,909
17475,27068,7735,13096,6236,19333,1748,839,909
17480,27079,7739,13103,6239,19338,1749,840,909
17485,27083,7741,13104,6241,19342,1749,840,909
17490,27093,7744,13108,6242,19349,1750,841,909
17495,27099,7746,13113,6244,19351,1750,841,909
17500,27110,7750,13120,6247,19356,1751,842,909
17505,27114,7755,13123,6252,19359,1751,842,909
17510,27124,7758,13128,6254,19365,1752,843,909
17515,27130,7761,13131,6257,19368,1752,843,909
17520,27141,7764,13138,6260,19373,1753,844,909
17525,27145,7768,13139,6264,19377,1753,844,909
17530,27155,7771,13144,6266,19384,1754,845,909
17535,27161,7772,13146,6266,19388,1754,845,909
17540,27172,7776,13154,6270,19393,1755,845,910
17545,27176,7779,13157,6273,19396,1755,845,910
17550,27186,7782,13158,6274,19404,1756,845,911
17555,27192,7783,13160,6275,19409,1756,845,911
17560,27203,7784,13163,6276,19419,1757,845,912
17565,27207,7785,13167,6277,19421,1757,845,912
17570,27217,7789,13172,6280,19427,1758,845,913
17575,27223,7791,13173,6281,19432,1758,845,913
17580,27234,7792,13182,6282,19438,1759,846,913
17585,27238,7795,13184,6285,19443,1759,846,913
17590,27248,7797,13189,6286,19450,1760,847,913
17595,27254,7800,13192,6288,19454,1760,847,913
17600,27265,7802,13199,6290,19460,1761,847,914
17605,27269,7804,13201,6292,19464,1761,847,914
17610,27279,7808,13207,6295,19470,1762,848,914
17615,27285,7811,13212,6298,19474,1762,848,914
17620,27296,7811,13215,6298,19484,1763,848,915
17625,27300,7813,13218,6300,19487,1763,848,915
17630,27310,7817,13223,6303,19493,1764,849,915
17635,27316,7818,13225,6304,19497,1764,849,915
17640,27327,7820,13229,6306,19507,1765,849,916
17645,27331,7821,13231,6307,19509,1765,849,916
17650,27341,7823,13235,6309,19518,1766,849,917
17655,27347,7823,13237,6309,19523,1766,849,917
17660,27358,7825,13242,6310,19532,1767,849,918
17665,27362,7825,13244,6310,19537,1767,849,918
17670,27372,7827,13249,6311,19545,1768,849,919
17675,27378,7827,13254,6311,19549,1768,849,919
17680,27389,7828,13258,6312,19560,1769,849,920
17685,27393,7830,13259,6314,19563,1769,849,920
17690,27403,7832,13264,6316,19571,1770,849,921
17695,27409,7832,13267,6316,19576,1770,849,921
17700,27420,7833,13269,6317,19587,1771,849,922
17705,27424,7834,13270,6318,19590,1771,849,922
17710,27434,7835,13275,6318,19599,1772,850,922
17715,27440,7835,13279,6318,19604,1772,850,922
17720,27451,7836,13283,6318,19615,1773,851,922
17725,27455,7836,13284,6318,19619,1773,851,922
17730,27465,7838,13286,6319,19627,1774,851,923
17735,27471,7839,13290,6320,19632,1774,851,923
17740,27482,7841,13294,6321,19639,1775,851,924
17745,27486,7843,13295,6323,19643,1775,851,924
17750,27496,7846,13301,6325,19649,1776,852,924
17755,27502,7849,13304,6327,19652,1776,852,924
17760,27513,7851,13310,6328,19657,1777,853,924
17765,27517,7854,13313,6331,19663,1777,853,924
17770,27527,7856,13316,6332,19671,1778,854,924
17775,27533,7857,13318,6332,19676,1778,854,924
17780,27544,7859,13322,6333,19682,1779,855,924
17785,27548,7862,13324,6336,19686,1779,855,924
17790,27558,7866,13329,6338,19691,1780,855,925
17795,27564,7869,13332,6340,19695,1780,855,925
17800,27575,7870,13334,6341,19703,1781,855,926
17805,27579,7870,13335,6341,19709,1781,855,926
17810,27589,7874,13340,6343,19715,1782,856,926
17815,27595,7875,13342,6343,19719,1782,856,926
17820,27606,7879,13347,6347,19724,1783,856,927
17825,27610,7881,13347,6349,19729,1783,856,927
17830,27620,7883,13351,6351,19737,1784,857,927
17835,27626,7884,13353,6352,19742,1784,857,927
17840,27637,7886,13355,6354,19750,1785,857,928
17845,27641,7887,13356,6355,19754,1785,857,928
17850,27651,7889,13362,6357,19762,1786,858,928
17855,27657,7890,13365,6358,19767,1786,858,928
17860,27668,7894,13370,6361,19773,1787,859,928
17865,27672,7897,13374,6364,19773,1787,859,928
17870,27682,7902,13378,6368,19780,1788,860,928
17875,27688,7904,13384,6370,19781,1788,860,928
17880,27699,7908,13387,6373,19788,1789,861,928
17885,27703,7911,13388,6376,19792,1789,861,928
17890,27713,7915,13392,6379,19798,1790,861,929
17895,27719,7917,13394,6380,19802,1790,861,929
17900,27730,7920,13396,6382,19809,1791,861,930
17905,27734,7921,13399,6383,19811,1791,861,930
17910,27744,7926,13402,6387,19818,1792,862,930
17915,27750,7928,13406,6388,19819,1792,862,930
17920,27761,7932,13408,6391,19827,1793,862,931
17925,27765,7934,13411,6393,19830,1793,862,931
17930,27775,7938,13420,6396,19836,1794,863,931
17935,27781,7941,13425,6399,19839,1794,863,931
17940,27792,7943,13427,6400,19848,1795,863,932
17945,27796,7943,13430,6400,19852,1795,863,932
17950,27806,7944,13431,6400,19861,1796,863,933
17955,27812,7946,13434,6402,19865,1796,863,933
17960,27823,7949,13439,6404,19872,1797,863,934
17965,27827,7949,13440,6404,19878,1797,863,934
17970,27837,7952,13447,6407,19884,1798,864,934
17975,27843,7955,13449,6409,19888,1798,864,934
17980,27854,7957,13454,6411,19895,1799,864,935
17985,27858,7958,13456,6412,19900,1799,864,935
17990,27868,7961,13460,6415,19907,1800,864,936
17995,27874,7962,13462,6416,19912,1800,864,936
18000,27885,7964,13469,6417,19919,1801,865,936
18005,27889,7965,13471,6418,19924,1801,865,936
18010,27899,7969,13479,6421,19929,1802,866,936
18015,27905,7971,13481,6422,19934,1802,866,936
18020,27916,7974,13488,6424,19939,1803,866,937
18025,27920,7975,13490,6425,19945,1803,866,937
18030,27930,7978,13494,6427,19952,1804,867,937
18035,27936,7980,13498,6428,19956,1804,867,937
18040,27947,7983,13503,6431,19962,1805,868,937
18045,27951,7985,13505,6433,19965,1805,868,937
18050,27961,7990,13510,6438,19971,1806,868,938
18055,27967,7991,13513,6439,19976,1806,868,938
18060,27978,7993,13520,6441,19980,1807,868,939
18065,27982,7998,13521,6446,19984,1807,868,939
18070,27992,8001,13525,6448,19990,1808,869,939
18075,27998,8003,13526,6449,19994,1808,869,939
18080,28009,8006,13531,6452,20001,1809,869,940
18085,28013,8007,13532,6453,20006,1809,869,940
18090,28023,8011,13538,6456,20011,1810,870,940
18095,28029,8014,13540,6458,20014,1810,870,940
18100,28040,8016,13545,6460,20021,1811,870,941
18105,28044,8019,13549,6463,20023,1811,870,941
18110,28054,8026,13555,6469,20028,1812,870,942
18115,28060,8028,13557,6471,20032,1812,870,942
18120,28071,8029,13561,6472,20040,1813,871,942
18125,28075,8031,13562,6474,20044,1813,871,942
18130,28085,8034,13565,6477,20051,1814,871,943
18135,28091,8036,13568,6478,20055,1814,871,943
18140,28102,8037,13574,6479,20063,1815,872,943
18145,28106,8038,13576,6480,20068,1815,872,943
18150,28116,8039,13578,6480,20077,1816,873,943
18155,28122,8040,13579,6480,20082,1816,873,943
18160,28133,8040,13584,6480,20091,1817,874,943
18165,28137,8041,13586,6481,20096,1817,874,943
18170,28147,8044,13591,6484,20102,1818,874,944
18175,28153,8046,13594,6485,20106,1818,874,944
18180,28164,8049,13599,6487,20113,1819,875,944
18185,28168,8050,13600,6488,20117,1819,875,944
18190,28178,8053,13604,6491,20125,1820,875,945
18195,28184,8053,13606,6491,20130,1820,875,945
18200,28195,8055,13617,6493,20137,1821,876,945
18205,28199,8058,13619,6496,20141,1821,876,945
18210,28209,8060,13624,6497,20149,1822,877,945
18215,28215,8060,13625,6497,20154,1822,877,945
18220,28226,8061,13628,6498,20163,1823,877,946
18225,28230,8062,13630,6499,20167,1823,877,946
18230,28240,8065,13636,6502,20175,1824,877,947
18235,28246,8065,13641,6502,20180,1824,877,947
18240,28257,8069,13645,6506,20187,1825,877,948
18245,28261,8070,13645,6507,20191,1825,877,948
18250,28271,8074,13649,6510,20197,1826,877,949
18255,28277,8074,13653,6510,20202,1826,877,949
18260,28288,8077,13660,6513,20209,1827,878,949
18265,28292,8078,13661,6514,20214,1827,878,949
18270,28302,8080,13668,6516,20222,1828,879,949
18275,28308,8080,13671,6516,20227,1828,879,949
18280,28319,8081,13674,6517,20237,1829,880,949
18285,28323,8081,13676,6517,20242,1829,880,949
18290,28333,8083,13679,6518,20249,1830,880,950
18295,28339,8085,13679,6519,20254,1830,880,950
18300,28350,8086,13683,6520,20262,1831,881,950
18305,28354,8087,13684,6521,20267,1831,881,950
18310,28364,8090,13688,6523,20274,1832,881,951
18315,28370,8092,13690,6524,20278,1832,881,951
18320,28381,8095,13696,6527,20284,1833,882,951
18325,28385,8095,13697,6527,20289,1833,882,951
18330,28395,8098,13700,6529,20297,1834,882,952
18335,28401,8100,13703,6530,20300,1834,882,952
18340,28412,8103,13708,6533,20307,1835,883,952
18345,28416,8105,13710,6535,20310,1835,883,952
18350,28426,8109,13714,6539,20316,1836,883,953
18355,28432,8112,13717,6542,20319,1836,883,953
18360,28443,8115,13723,6545,20325,1837,883,954
18365,28447,8118,13725,6548,20328,1837,883,954
18370,28457,8123,13731,6553,20333,1838,884,954
18375,28463,8127,13734,6556,20335,1838,884,954
18380,28474,8131,13740,6559,20340,1839,885,954
18385,28478,8134,13742,6562,20342,1839,885,954
18390,28488,8136,13745,6564,20352,1840,885,955
18395,28494,8138,13748,6565,20356,1840,885,955
18400,28505,8141,13754,6568,20361,1841,885,956
18405,28509,8143,13756,6570,20366,1841,885,956
18410,28519,8146,13763,6573,20373,1842,886,956
18415,28525,8147,13766,6574,20377,1842,886,956
18420,28536,8150,13773,6577,20384,1843,886,957
18425,28540,8152,13776,6579,20387,1843,886,957
18430,28550,8155,13779,6581,20395,1844,886,958
18435,28556,8156,13783,6582,20399,1844,886,958
18440,28567,8158,13787,6583,20407,1845,886,959
18445,28571,8159,13788,6584,20411,1845,886,959
18450,28581,8160,13791,6585,20421,1846,886,960
18455,28587,8161,13793,6586,20425,1846,886,960
18460,28598,8162,13798,6587,20433,1847,886,961
18465,28602,8163,13801,6588,20438,1847,886,961
18470,28612,8166,13807,6590,20445,1848,887,961
18475,28618,8168,13811,6592,20449,1848,887,961
18480,28629,8170,13816,6594,20458,1849,887,962
18485,28633,8170,13817,6594,20463,1849,887,962
18490,28643,8173,13820,6596,20470,1850,887,963
18495,28649,8175,13823,6597,20473,1850,887,963
18500,28660,8177,13825,6598,20481,1851,887,964
18505,28664,8178,13827,6599,20486,1851,887,964
18510,28674,8181,13831,6601,20493,1852,887,965
18515,28680,8183,13835,6602,20496,1852,887,965
18520,28691,8185,13840,6604,20504,1853,888,965
18525,28695,8188,13842,6607,20507,1853,888,965
18530,28705,8191,13847,6610,20514,1854,889,965
18535,28711,8193,13851,6611,20518,1854,889,965
18540,28722,8196,13857,6614,20524,1855,890,965
18545,28726,8199,13861,6617,20526,1855,890,965
18550,28736,8203,13867,6621,20532,1856,890,966
18555,28742,8206,13870,6624,20536,1856,890,966
18560,28753,8209,13874,6626,20542,1857,891,966
18565,28757,8212,13877,6629,20544,1857,891,966
18570,28767,8217,13882,6632,20549,1858,891,967
18575,28773,8220,13885,6635,20553,1858,891,967
18580,28784,8222,13890,6636,20559,1859,891,968
18585,28788,8226,13893,6640,20561,1859,891,968
18590,28798,8231,13899,6645,20567,1860,892,968
18595,28804,8232,13902,6646,20571,1860,892,968
18600,28815,8235,13906,6648,20577,1861,893,968
18605,28819,8237,13907,6650,20582,1861,893,968
18610,28829,8239,13913,6651,20590,1862,894,968
18615,28835,8240,13915,6652,20595,1862,894,968
18620,28846,8240,13918,6652,20604,1863,894,969
18625,28850,8242,13920,6654,20607,1863,894,969
18630,28860,8246,13923,6658,20614,1864,894,970
18635,28866,8247,13928,6659,20617,1864,894,970
18640,28877,8250,13935,6662,20625,1865,894,971
18645,28881,8251,13935,6663,20630,1865,894,971
18650,28891,8252,13939,6663,20639,1866,894,972
18655,28897,8252,13940,6663,20645,1866,894,972
18660,28908,8252,13945,6663,20654,1867,894,973
18665,28912,8252,13947,6663,20660,1867,894,973
18670,28922,8253,13951,6664,20669,1868,894,974
18675,28928,8253,13954,6664,20673,1868,894,974
18680,28939,8253,13960,6664,20684,1869,895,974
18685,28943,8253,13961,6664,20690,1869,895,974
18690,28953,8255,13968,6666,20697,1870,895,975
18695,28959,8257,13971,6668,20702,1870,895,975
18700,28970,8257,13976,6668,20712,1871,896,975
18705,28974,8257,13977,6668,20717,1871,896,975
18710,28984,8259,13979,6669,20725,1872,897,975
18715,28990,8260,13983,6669,20729,1872,897,975
18720,29001,8261,13986,6670,20738,1873,897,976
18725,29005,8262,13987,6671,20743,1873,897,976
18730,29015,8264,13990,6672,20751,1874,897,977
18735,29021,8265,13992,6672,20756,1874,897,977
18740,29032,8267,13995,6673,20763,1875,898,977
18745,29036,8267,13995,6673,20769,1875,898,977
18750,29046,8269,13998,6673,20776,1876,899,977
18755,29052,8272,14003,6675,20779,1876,899,977
18760,29063,8276,14010,6679,20784,1877,900,977
18765,29067,8278,14012,6681,20789,1877,900,977
18770,29077,8282,14017,6684,20794,1878,900,978
18775,29083,8285,14019,6686,20798,1878,900,978
18780,29094,8288,14024,6689,20803,1879,900,979
18785,29098,8289,14024,6690,20809,1879,900,979
18790,29108,8292,14030,6692,20815,1880,901,979
18795,29114,8294,14035,6694,20819,1880,901,979
18800,29125,8298,14041,6698,20824,1881,901,980
18805,29129,8302,14044,6702,20826,1881,901,980
18810,29139,8306,14048,6705,20833,1882,901,981
18815,29145,8307,14051,6706,20837,1882,901,981
18820,29156,8311,14054,6709,20844,1883,902,981
18825,29160,8313,14057,6711,20846,1883,902,981
18830,29170,8319,14062,6716,20851,1884,902,982
18835,29176,8322,14067,6719,20852,1884,902,982
18840,29187,8327,14072,6723,20857,1885,902,983
18845,29191,8330,14073,6726,20861,1885,902,983
18850,29201,8335,14080,6731,20866,1886,902,984
18855,29207,8336,14081,6731,20870,1886,902,984
18860,29218,8342,14091,6737,20874,1887,903,984
18865,29222,8345,14093,6740,20877,1887,903,984
18870,29232,8346,14100,6740,20886,1888,904,984
18875,29238,8347,14103,6740,20890,1888,904,984
18880,29249,8350,14108,6742,20898,1889,905,984
18885,29253,8351,14111,6743,20902,1889,905,984
18890,29263,8353,14115,6744,20910,1890,905,985
18895,29269,8354,14118,6745,20914,1890,905,985
18900,29280,8357,14125,6748,20921,1891,906,985
18905,29284,8358,14128,6749,20925,1891,906,985
18910,29294,8361,14131,6751,20933,1892,906,986
18915,29300,8362,14135,6752,20938,1892,906,986
18920,29311,8364,14139,6754,20945,1893,906,987
18925,29315,8365,14140,6755,20950,1893,906,987
18930,29325,8367,14145,6757,20958,1894,906,988
18935,29331,8368,14148,6758,20963,1894,906,988
18940,29342,8370,14152,6759,20970,1895,906,989
18945,29346,8370,14154,6759,20975,1895,906,989
18950,29356,8371,14157,6759,20984,1896,906,990
18955,29362,8373,14159,6760,20989,1896,906,990
18960,29373,8373,14167,6760,20997,1897,907,990
18965,29377,8374,14167,6761,21003,1897,907,990
18970,29387,8377,14171,6763,21010,1898,907,991
18975,29393,8378,14174,6763,21015,1898,907,991
18980,29404,8378,14179,6763,21022,1899,908,991
18985,29408,8380,14180,6765,21028,1899,908,991
18990,29418,8383,14184,6767,21034,1900,908,992
18995,29424,8385,14187,6768,21038,1900,908,992
19000,29435,8387,14194,6770,21045,1901,908,993
19005,29439,8388,14197,6771,21051,1901,908,993
19010,29449,8390,14202,6773,21058,1902,908,994
19015,29455,8393,14206,6776,21062,1902,908,994
19020,29466,8396,14213,6779,21067,1903,908,995
19025,29470,8397,14214,6780,21072,1903,908,995
19030,29480,8401,14219,6782,21078,1904,909,995
19035,29486,8403,14222,6784,21082,1904,909,995
19040,29497,8405,14227,6786,21090,1905,909,996
19045,29501,8407,14229,6788,21093,1905,909,996
19050,29511,8412,14236,6793,21099,1906,910,996
19055,29517,8413,14238,6793,21104,1906,910,996
19060,29528,8418,14248,6798,21106,1907,911,996
19065,29532,8423,14251,6803,21109,1907,911,996
19070,29542,8426,14257,6805,21116,1908,912,996
19075,29548,8427,14257,6805,21121,1908,912,996
19080,29559,8430,14265,6808,21125,1909,913,996
19085,29563,8433,14266,6811,21129,1909,913,996
19090,29573,8438,14270,6815,21134,1910,913,997
19095,29579,8442,14273,6818,21136,1910,913,997
19100,29590,8446,14277,6822,21144,1911,914,997
19105,29594,8446,14279,6822,21146,1911,914,997
19110,29604,8453,14284,6828,21151,1912,914,998
19115,29610,8454,14288,6829,21154,1912,914,998
19120,29621,8458,14292,6832,21162,1913,915,998
19125,29625,8460,14293,6834,21165,1913,915,998
19130,29635,8467,14299,6839,21168,1914,916,998
19135,29641,8467,14303,6839,21173,1914,916,998
19140,29652,8469,14309,6840,21183,1915,917,998
19145,29656,8470,14313,6841,21185,1915,917,998
19150,29666,8472,14320,6843,21194,1916,918,998
19155,29672,8472,14324,6843,21199,1916,918,998
19160,29683,8473,14330,6843,21207,1917,919,998
19165,29687,8475,14330,6845,21212,1917,919,998
19170,29697,8477,14336,6847,21220,1918,919,999
19175,29703,8477,14339,6847,21225,1918,919,999
19180,29714,8478,14343,6847,21235,1919,919,1000
19185,29718,8480,14345,6849,21238,1919,919,1000
19190,29728,8481,14350,6850,21247,1920,920,1000
19195,29734,8481,14352,6850,21252,1920,920,1000
19200,29745,8483,14359,6852,21261,1921,921,1000
19205,29749,8483,14359,6852,21266,1921,921,1000
19210,29759,8485,14367,6854,21273,1922,922,1000
19215,29765,8487,14370,6855,21277,1922,922,1000
19220,29776,8487,14376,6855,21287,1923,922,1001
19225,29780,8488,14380,6856,21292,1923,922,1001
19230,29790,8490,14386,6858,21300,1924,923,1001
19235,29796,8491,14389,6859,21304,1924,923,1001
19240,29807,8493,14396,6861,21312,1925,923,1002
19245,29811,8494,14396,6862,21317,1925,923,1002
19250,29821,8497,14401,6864,21324,1926,924,1002
19255,29827,8499,14404,6865,21327,1926,924,1002
19260,29838,8502,14411,6868,21333,1927,924,1003
19265,29842,8504,14415,6870,21337,1927,924,1003
19270,29852,8507,14419,6871,21345,1928,925,1003
19275,29858,8509,14421,6872,21349,1928,925,1003
19280,29869,8511,14426,6874,21356,1929,925,1004
19285,29873,8512,14428,6875,21360,1929,925,1004
19290,29883,8516,14430,6877,21367,1930,925,1005
19295,29889,8518,14434,6878,21370,1930,925,1005
19300,29900,8521,14440,6881,21377,1931,926,1005
19305,29904,8523,14441,6883,21381,1931,926,1005
19310,29914,8527,14447,6887,21387,1932,927,1005
19315,29920,8529,14451,6889,21390,1932,927,1005
19320,29931,8534,14456,6893,21396,1933,928,1005
19325,29935,8536,14457,6895,21399,1933,928,1005
19330,29945,8541,14461,6899,21404,1934,928,1006
19335,29951,8543,14464,6900,21406,1934,928,1006
19340,29962,8549,14472,6906,21409,1935,928,1007
19345,29966,8555,14474,6912,21411,1935,928,1007
19350,29976,8557,14478,6914,21418,1936,928,1008
19355,29982,8560,14482,6917,21421,1936,928,1008
19360,29993,8562,14487,6919,21430,1937,928,1009
19365,29997,8564,14490,6921,21433,1937,928,1009
19370,30007,8567,14496,6923,21439,1938,929,1009
19375,30013,8570,14500,6925,21442,1938,929,1009
19380,30024,8572,14506,6926,21449,1939,930,1009
19385,30028,8576,14508,6930,21452,1939,930,1009
19390,30038,8579,14515,6932,21459,1940,931,1009
19395,30044,8579,14516,6932,21465,1940,931,1009
19400,30055,8580,14518,6932,21475,1941,931,1010
19405,30059,8581,14521,6933,21477,1941,931,1010
19410,30069,8582,14527,6933,21487,1942,931,1011
19415,30075,8582,14529,6933,21492,1942,931,1011
19420,30086,8584,14533,6934,21500,1943,931,1012
19425,30090,8585,14534,6935,21504,1943,931,1012
19430,30100,8587,14541,6937,21513,1944,931,1013
19435,30106,8587,14545,6937,21519,1944,931,1013
19440,30117,8589,14552,6938,21526,1945,932,1013
19445,30121,8589,14552,6938,21532,1945,932,1013
19450,30131,8590,14555,6938,21541,1946,933,1013
19455,30137,8590,14558,6938,21546,1946,933,1013
19460,30148,8592,14563,6940,21554,1947,934,1013
19465,30152,8592,14565,6940,21560,1947,934,1013
19470,30162,8594,14567,6940,21568,1948,934,1014
19475,30168,8594,14569,6940,21573,1948,934,1014
19480,30179,8595,14574,6941,21584,1949,935,1014
19485,30183,8595,14577,6941,21588,1949,935,1014
19490,30193,8598,14582,6943,21595,1950,935,1015
19495,30199,8600,14586,6945,21598,1950,935,1015
19500,30210,8602,14591,6947,21607,1951,936,1015
19505,30214,8603,14592,6948,21611,1951,936,1015
19510,30224,8605,14595,6948,21618,1952,937,1015
19515,30230,8607,14597,6949,21623,1952,937,1015
19520,30241,8608,14604,6950,21631,1953,938,1015
19525,30245,8609,14605,6951,21635,1953,938,1015
19530,30255,8613,14611,6954,21641,1954,938,1016
19535,30261,8617,14614,6957,21643,1954,938,1016
19540,30272,8619,14617,6959,21652,1955,938,1017
19545,30276,8621,14620,6961,21654,1955,938,1017
19550,30286,8625,14624,6964,21660,1956,939,1017
19555,30292,8628,14627,6966,21662,1956,939,1017
19560,30303,8633,14631,6971,21669,1957,939,1018
19565,30307,8634,14632,6972,21672,1957,939,1018
19570,30317,8641,14637,6978,21676,1958,939,1019
19575,30323,8644,14640,6980,21678,1958,939,1019
19580,30334,8649,14647,6985,21682,1959,939,1020
19585,30338,8652,14650,6988,21685,1959,939,1020
19590,30348,8654,14652,6989,21694,1960,939,1021
19595,30354,8655,14655,6989,21697,1960,939,1021
19600,30365,8658,14662,6992,21705,1961,940,1021
19605,30369,8659,14662,6993,21710,1961,940,1021
19610,30379,8661,14667,6995,21718,1962,941,1021
19615,30385,8663,14670,6996,21721,1962,941,1021
19620,30396,8666,14676,6998,21728,1963,942,1021
19625,30400,8667,14677,6999,21732,1963,942,1021
19630,30410,8670,14683,7001,21739,1964,943,1021
19635,30416,8672,14686,7003,21743,1964,943,1021
19640,30427,8673,14693,7004,21751,1965,944,1021
19645,30431,8676,14695,7007,21755,1965,944,1021
19650,30441,8678,14700,7009,21763,1966,945,1021
19655,30447,8679,14702,7009,21768,1966,945,1021
19660,30458,8682,14707,7011,21773,1967,945,1022
19665,30462,8684,14707,7013,21778,1967,945,1022
19670,30472,8686,14711,7015,21785,1968,945,1023
19675,30478,8689,14714,7017,21789,1968,945,1023
19680,30489,8691,14720,7019,21796,1969,945,1024
19685,30493,8693,14722,7021,21800,1969,945,1024
19690,30503,8697,14727,7024,21806,1970,946,1024
19695,30509,8698,14730,7025,21810,1970,946,1024
19700,30520,8700,14733,7026,21817,1971,946,1025
19705,30524,8703,14736,7029,21821,1971,946,1025
19710,30534,8707,14742,7033,21827,1972,946,1026
19715,30540,8708,14744,7034,21832,1972,946,1026
19720,30551,8712,14748,7037,21838,1973,946,1027
19725,30555,8712,14750,7037,21842,1973,946,1027
19730,30565,8716,14755,7041,21849,1974,946,1028
19735,30571,8718,14760,7043,21852,1974,946,1028
19740,30582,8723,14768,7048,21855,1975,946,1029
19745,30586,8727,14772,7052,21858,1975,946,1029
19750,30596,8730,14779,7055,21866,1976,946,1030
19755,30602,8731,14783,7056,21869,1976,946,1030
19760,30613,8735,14789,7060,21876,1977,946,1031
19765,30617,8737,14791,7062,21878,1977,946,1031
19770,30627,8743,14796,7066,21884,1978,947,1031
19775,30633,8743,14799,7066,21888,1978,947,1031
19780,30644,8745,14805,7068,21899,1979,947,1032
19785,30648,8745,14807,7068,21902,1979,947,1032
19790,30658,8746,14812,7068,21912,1980,948,1032
19795,30664,8746,14816,7068,21916,1980,948,1032
19800,30675,8746,14823,7068,21927,1981,949,1032
19805,30679,8746,14826,7068,21932,1981,949,1032
19810,30689,8747,14831,7068,21942,1982,950,1032
19815,30695,8747,14835,7068,21947,1982,950,1032
19820,30706,8747,14840,7068,21958,1983,951,1032
19825,30710,8747,14842,7068,21963,1983,951,1032
19830,30720,8748,14843,7068,21972,1984,951,1033
19835,30726,8748,14845,7068,21978,1984,951,1033
19840,30737,8748,14850,7068,21988,1985,952,1033
19845,30741,8748,14851,7068,21992,1985,952,1033
19850,30751,8750,14853,7070,22001,1986,952,1034
19855,30757,8751,14856,7071,22005,1986,952,1034
19860,30768,8754,14866,7074,22010,1987,953,1034
19865,30772,8758,14868,7078,22014,1987,953,1034
19870,30782,8759,14871,7079,22023,1988,953,1035
19875,30788,8761,14876,7081,22027,1988,953,1035
19880,30799,8764,14882,7083,22033,1989,953,1036
19885,30803,8766,14884,7085,22037,1989,953,1036
19890,30813,8770,14889,7088,22043,1990,953,1037
19895,30819,8772,14893,7089,22047,1990,953,1037
19900,30830,8775,14898,7091,22053,1991,953,1038
19905,30834,8777,14899,7093,22057,1991,953,1038
19910,30844,8780,14904,7095,22063,1992,953,1039
19915,30850,8783,14907,7098,22067,1992,953,1039
19920,30861,8786,14911,7100,22073,1993,953,1040
19925,30865,8790,14914,7104,22075,1993,953,1040
19930,30875,8793,14918,7106,22082,1994,954,1040
19935,30881,8794,14920,7106,22086,1994,954,1040
19940,30892,8798,14924,7110,22093,1995,954,1041
19945,30896,8800,14927,7112,22095,1995,954,1041
19950,30906,8805,14932,7116,22101,1996,955,1041
19955,30912,8806,14934,7117,22106,1996,955,1041
19960,30923,8810,14942,7121,22110,1997,956,1041
19965,30927,8813,14943,7124,22114,1997,956,1041
19970,30937,8816,14950,7126,22120,1998,956,1042
19975,30943,8818,14953,7128,22124,1998,956,1042
19980,30954,8819,14956,7129,22133,1999,956,1043
19985,30958,8822,14959,7132,22134,1999,956,1043
19990,30968,8828,14962,7136,22140,2000,956,1044
19995,30974,8831,14966,7138,22141,2000,956,1044
20000,30985,8836,14971,7143,22149,2001,957,1044
20005,30989,8837,14975,7144,22151,2001,957,1044
20010,30999,8839,14982,7145,22159,2002,957,1045
20015,31005,8841,14985,7147,22164,2002,957,1045
20020,31016,8842,14993,7148,22172,2003,957,1046
20025,31020,8843,14996,7149,22177,2003,957,1046
20030,31030,8845,15000,7150,22185,2004,957,1047
20035,31036,8846,15002,7151,22190,2004,957,1047
20040,31047,8846,15007,7151,22200,2005,958,1047
20045,31051,8847,15008,7152,22203,2005,958,1047
20050,31061,8848,15013,7153,22213,2006,959,1047
20055,31067,8849,15017,7153,22217,2006,959,1047
20060,31078,8850,15020,7154,22228,2007,959,1048
20065,31082,8850,15023,7154,22231,2007,959,1048
20070,31092,8852,15027,7156,22240,2008,959,1049
20075,31098,8853,15029,7157,22245,2008,959,1049
20080,31109,8856,15034,7159,22251,2009,960,1049
20085,31113,8858,15037,7161,22254,2009,960,1049
20090,31123,8859,15040,7161,22264,2010,961,1049
20095,31129,8860,15044,7162,22268,2010,961,1049
20100,31140,8862,15048,7164,22276,2011,961,1050
20105,31144,8863,15049,7165,22281,2011,961,1050
20110,31154,8866,15054,7167,22288,2012,961,1051
20115,31160,8867,15058,7168,22293,2012,961,1051
20120,31171,8868,15060,7168,22301,2013,961,1052
20125,31175,8870,15060,7170,22305,2013,961,1052
20130,31185,8872,15064,7170,22313,2014,962,1052
20135,31191,8873,15065,7170,22318,2014,962,1052
20140,31202,8876,15071,7173,22325,2015,962,1053
20145,31206,8877,15072,7174,22329,2015,962,1053
20150,31216,8879,15073,7174,22337,2016,962,1054
20155,31222,8880,15074,7174,22342,2016,962,1054
20160,31233,8882,15079,7175,22349,2017,963,1054
20165,31237,8884,15080,7177,22353,2017,963,1054
20170,31247,8888,15087,7180,22358,2018,964,1054
20175,31253,8890,15091,7182,22362,2018,964,1054
20180,31264,8893,15098,7185,22368,2019,965,1054
20185,31268,8897,15100,7189,22370,2019,965,1054
20190,31278,8902,15106,7193,22375,2020,965,1055
20195,31284,8904,15109,7194,22379,2020,965,1055
20200,31295,8908,15117,7198,22384,2021,966,1055
20205,31299,8912,15118,7202,22387,2021,966,1055
20210,31309,8916,15123,7205,22392,2022,967,1055
20215,31315,8918,15125,7207,22396,2022,967,1055
20220,31326,8921,15131,7210,22402,2023,968,1055
20225,31330,8925,15132,7214,22405,2023,968,1055
20230,31340,8930,15138,7218,22409,2024,969,1055
20235,31346,8933,15139,7220,22413,2024,969,1055
20240,31357,8937,15145,7223,22417,2025,969,1056
20245,31361,8942,15148,7228,22418,2025,969,1056
20250,31371,8948,15152,7232,22422,2026,969,1057
20255,31377,8951,15155,7234,22424,2026,969,1057
20260,31388,8954,15157,7236,22432,2027,969,1058
20265,31392,8956,15159,7238,22435,2027,969,1058
20270,31402,8960,15166,7242,22442,2028,969,1059
20275,31408,8962,15170,7244,22445,2028,969,1059
20280,31419,8962,15173,7244,22455,2029,969,1060
20285,31423,8963,15173,7245,22460,2029,969,1060
20290,31433,8965,15177,7246,22467,2030,969,1061
20295,31439,8968,15180,7249,22470,2030,969,1061
20300,31450,8969,15186,7250,22480,2031,969,1062
20305,31454,8969,15187,7250,22485,2031,969,1062
20310,31464,8971,15193,7252,22492,2032,970,1062
20315,31470,8974,15199,7255,22494,2032,970,1062
20320,31481,8975,15206,7256,22505,2033,971,1062
20325,31485,8976,15206,7257,22509,2033,971,1062
20330,31495,8977,15210,7257,22518,2034,971,1063
20335,31501,8977,15214,7257,22523,2034,971,1063
20340,31512,8977,15218,7257,22533,2035,971,1064
20345,31516,8977,15220,7257,22539,2035,971,1064
20350,31526,8978,15225,7258,22548,2036,971,1065
20355,31532,8978,15227,7258,22554,2036,971,1065
20360,31543,8978,15232,7258,22563,2037,971,1066
20365,31547,8978,15233,7258,22569,2037,971,1066
20370,31557,8980,15238,7259,22577,2038,972,1066
20375,31563,8980,15240,7259,22582,2038,972,1066
20380,31574,8984,15244,7262,22589,2039,972,1067
20385,31578,8986,15245,7264,22592,2039,972,1067
20390,31588,8989,15250,7267,22599,2040,972,1068
20395,31594,8989,15253,7267,22604,2040,972,1068
20400,31605,8993,15262,7271,22610,2041,973,1068
20405,31609,8995,15265,7273,22614,2041,973,1068
20410,31619,8999,15269,7276,22620,2042,974,1068
20415,31625,8999,15271,7276,22625,2042,974,1068
20420,31636,9001,15274,7277,22633,2043,974,1069
20425,31640,9002,15275,7278,22638,2043,974,1069
20430,31650,9006,15279,7282,22644,2044,974,1070
20435,31656,9007,15281,7282,22649,2044,974,1070
20440,31667,9012,15287,7286,22653,2045,974,1071
20445,31671,9015,15289,7289,22655,2045,974,1071
20450,31681,9021,15295,7295,22660,2046,975,1071
20455,31687,9022,15296,7296,22665,2046,975,1071
20460,31698,9025,15300,7298,22671,2047,976,1071
20465,31702,9027,15302,7300,22674,2047,976,1071
20470,31712,9033,15308,7305,22678,2048,977,1071
20475,31718,9036,15312,7308,22680,2048,977,1071
20480,31729,9043,15320,7315,22682,2049,977,1072
20485,31733,9048,15323,7320,22684,2049,977,1072
20490,31743,9051,15328,7322,22691,2050,977,1073
20495,31749,9053,15332,7324,22694,2050,977,1073
20500,31760,9053,15336,7324,22705,2051,977,1074
20505,31764,9053,15337,7324,22711,2051,977,1074
20510,31774,9055,15344,7325,22718,2052,977,1075
20515,31780,9058,15348,7328,22721,2052,977,1075
20520,31791,9058,15351,7328,22732,2053,977,1076
20525,31795,9058,15352,7328,22737,2053,977,1076
20530,31805,9060,15355,7329,22745,2054,977,1077
20535,31811,9061,15358,7330,22749,2054,977,1077
20540,31822,9062,15363,7331,22758,2055,978,1077
20545,31826,9062,15365,7331,22763,2055,978,1077
20550,31836,9064,15371,7333,22772,2056,978,1078
20555,31842,9066,15374,7335,22776,2056,978,1078
20560,31853,9067,15380,7336,22783,2057,978,1079
20565,31857,9068,15380,7337,22789,2057,978,1079
20570,31867,9070,15382,7338,22797,2058,978,1080
20575,31873,9072,15387,7340,22800,2058,978,1080
20580,31884,9073,15391,7341,22810,2059,978,1081
20585,31888,9073,15393,7341,22815,2059,978,1081
20590,31898,9076,15399,7343,22821,2060,978,1082
20595,31904,9078,15402,7344,22826,2060,978,1082
20600,31915,9081,15409,7347,22831,2061,979,1082
20605,31919,9082,15411,7348,22837,2061,979,1082
20610,31929,9086,15416,7351,22843,2062,980,1082
20615,31935,9088,15418,7352,22847,2062,980,1082
20620,31946,9090,15424,7353,22851,2063,980,1083
20625,31950,9095,15428,7358,22854,2063,980,1083
20630,31960,9098,15433,7360,22861,2064,981,1083
20635,31966,9100,15434,7361,22865,2064,981,1083
20640,31977,9105,15442,7365,22868,2065,982,1083
20645,31981,9110,15444,7370,22871,2065,982,1083
20650,31991,9114,15448,7372,22876,2066,983,1083
20655,31997,9117,15452,7374,22880,2066,983,1083
20660,32008,9120,15457,7376,22885,2067,984,1083
20665,32012,9122,15458,7378,22890,2067,984,1083
20670,32022,9125,15461,7379,22897,2068,985,1083
20675,32028,9125,15465,7379,22902,2068,985,1083
20680,32039,9130,15471,7383,22906,2069,985,1084
20685,32043,9133,15472,7386,22910,2069,985,1084
20690,32053,9138,15477,7390,22915,2070,985,1085
20695,32059,9139,15481,7391,22918,2070,985,1085
20700,32070,9144,15489,7395,22923,2071,986,1085
20705,32074,9146,15491,7397,22928,2071,986,1085
20710,32084,9147,15495,7397,22937,2072,986,1086
20715,32090,9147,15500,7397,22942,2072,986,1086
20720,32101,9148,15504,7397,22951,2073,987,1086
20725,32105,9148,15506,7397,22956,2073,987,1086
20730,32115,9151,15511,7399,22964,2074,987,1087
20735,32121,9151,15512,7399,22970,2074,987,1087
20740,32132,9152,15515,7399,22978,2075,988,1087
20745,32136,9153,15517,7400,22983,2075,988,1087
20750,32146,9155,15524,7402,22991,2076,989,1087
20755,32152,9155,15529,7402,22996,2076,989,1087
20760,32163,9157,15533,7403,23004,2077,989,1088
20765,32167,9158,15533,7404,23009,2077,989,1088
20770,32177,9160,15538,7405,23017,2078,990,1088
20775,32183,9162,15541,7406,23021,2078,990,1088
20780,32194,9164,15545,7407,23027,2079,990,1089
20785,32198,9165,15547,7408,23033,2079,990,1089
20790,32208,9167,15552,7409,23040,2080,991,1089
20795,32214,9170,15555,7412,23044,2080,991,1089
20800,32225,9172,15561,7414,23051,2081,992,1089
20805,32229,9174,15561,7416,23055,2081,992,1089
20810,32239,9177,15566,7418,23061,2082,992,1090
20815,32245,9180,15570,7420,23064,2082,992,1090
20820,32256,9185,15576,7424,23068,2083,992,1091
20825,32260,9187,15579,7426,23073,2083,992,1091
20830,32270,9190,15586,7428,23079,2084,993,1091
20835,32276,9192,15588,7429,23083,2084,993,1091
20840,32287,9196,15596,7433,23089,2085,994,1091
20845,32291,9196,15597,7433,23095,2085,994,1091
20850,32301,9198,15602,7434,23102,2086,995,1091
20855,32307,9201,15604,7437,23106,2086,995,1091
20860,32318,9201,15609,7437,23115,2087,996,1091
20865,32322,9201,15609,7437,23121,2087,996,1091
20870,32332,9205,15613,7439,23127,2088,997,1091
20875,32338,9206,15615,7440,23131,2088,997,1091
20880,32349,9209,15620,7443,23138,2089,998,1091
20885,32353,9211,15623,7445,23140,2089,998,1091
20890,32363,9216,15626,7448,23146,2090,999,1091
20895,32369,9218,15628,7449,23149,2090,999,1091
20900,32380,9221,15633,7452,23157,2091,999,1092
20905,32384,9222,15634,7453,23161,2091,999,1092
20910,32394,9227,15641,7457,23166,2092,1000,1092
20915,32400,9229,15644,7458,23170,2092,1000,1092
20920,32411,9229,15652,7458,23179,2093,1001,1092
20925,32415,9230,15654,7459,23184,2093,1001,1092
20930,32425,9234,15661,7463,23191,2094,1002,1092
20935,32431,9235,15664,7463,23194,2094,1002,1092
20940,32442,9237,15668,7464,23204,2095,1002,1093
20945,32446,9239,15671,7466,23206,2095,1002,1093
20950,32456,9243,15677,7470,23212,2096,1002,1094
20955,32462,9245,15680,7471,23216,2096,1002,1094
20960,32473,9246,15687,7471,23223,2097,1002,1095
20965,32477,9249,15690,7474,23227,2097,1002,1095
20970,32487,9251,15694,7475,23235,2098,1002,1096
20975,32493,9254,15698,7478,23238,2098,1002,1096
20980,32504,9256,15705,7480,23244,2099,1002,1097
20985,32508,9259,15708,7483,23249,2099,1002,1097
20990,32518,9263,15715,7486,23254,2100,1003,1097
20995,32524,9265,15718,7488,23259,2100,1003,1097
21000,32535,9268,15727,7491,23264,2101,1004,1097
21005,32539,9270,15728,7493,23269,2101,1004,1097
21010,32549,9273,15735,7496,23276,2102,1005,1097
21015,32555,9273,15740,7496,23281,2102,1005,1097
21020,32566,9277,15744,7499,23286,2103,1005,1098
21025,32570,9279,15745,7501,23291,2103,1005,1098
21030,32580,9281,15746,7501,23299,2104,1005,1099
21035,32586,9281,15747,7501,23305,2104,1005,1099
21040,32597,9281,15751,7501,23314,2105,1005,1100
21045,32601,9283,15753,7503,23318,2105,1005,1100
21050,32611,9285,15756,7503,23326,2106,1006,1100
21055,32617,9285,15760,7503,23331,2106,1006,1100
21060,32628,9287,15764,7505,23340,2107,1006,1101
21065,32632,9288,15766,7506,23344,2107,1006,1101
21070,32642,9290,15771,7507,23352,2108,1007,1101
21075,32648,9290,15773,7507,23358,2108,1007,1101
21080,32659,9290,15777,7507,23368,2109,1007,1102
21085,32663,9291,15779,7508,23371,2109,1007,1102
21090,32673,9295,15783,7512,23378,2110,1007,1103
21095,32679,9296,15786,7513,23382,2110,1007,1103
21100,32690,9297,15791,7514,23392,2111,1008,1103
21105,32694,9297,15792,7514,23397,2111,1008,1103
21110,32704,9300,15795,7516,23403,2112,1008,1104
21115,32710,9303,15796,7518,23407,2112,1008,1104
21120,32721,9304,15802,7519,23414,2113,1008,1105
21125,32725,9306,15805,7521,23417,2113,1008,1105
21130,32735,9314,15811,7528,23421,2114,1009,1105
21135,32741,9316,15812,7529,23425,2114,1009,1105
21140,32752,9319,15816,7531,23432,2115,1009,1106
21145,32756,9320,15817,7532,23436,2115,1009,1106
21150,32766,9323,15824,7534,23443,2116,1010,1106
21155,32772,9325,15827,7535,23446,2116,1010,1106
21160,32783,9328,15832,7537,23454,2117,1011,1106
21165,32787,9330,15835,7539,23456,2117,1011,1106
21170,32797,9333,15839,7541,23464,2118,1012,1106
21175,32803,9334,15844,7542,23468,2118,1012,1106
21180,32814,9335,15850,7543,23476,2119,1013,1106
21185,32818,9338,15852,7546,23480,2119,1013,1106
21190,32828,9340,15857,7548,23488,2120,1013,1107
21195,32834,9341,15862,7549,23492,2120,1013,1107
21200,32845,9343,15867,7551,23500,2121,1014,1107
21205,32849,9344,15869,7552,23504,2121,1014,1107
21210,32859,9346,15872,7553,23513,2122,1014,1108
21215,32865,9347,15876,7554,23518,2122,1014,1108
21220,32876,9350,15882,7556,23524,2123,1015,1108
21225,32880,9351,15884,7557,23529,2123,1015,1108
21230,32890,9352,15889,7558,23538,2124,1015,1109
21235,32896,9353,15892,7559,23543,2124,1015,1109
21240,32907,9354,15896,7559,23551,2125,1016,1109
21245,32911,9354,15897,7559,23557,2125,1016,1109
21250,32921,9356,15901,7560,23565,2126,1017,1109
21255,32927,9357,15902,7560,23569,2126,1017,1109
21260,32938,9361,15909,7563,23573,2127,1018,1109
21265,32942,9363,15910,7565,23579,2127,1018,1109
21270,32952,9366,15918,7568,23586,2128,1019,1109
21275,32958,9367,15921,7568,23590,2128,1019,1109
21280,32969,9370,15925,7571,23596,2129,1019,1110
21285,32973,9373,15929,7574,23599,2129,1019,1110
21290,32983,9378,15938,7579,23604,2130,1020,1110
21295,32989,9380,15939,7580,23609,2130,1020,1110
21300,33000,9383,15945,7583,23614,2131,1020,1111
21305,33004,9386,15947,7586,23617,2131,1020,1111
21310,33014,9390,15949,7589,23624,2132,1020,1112
21315,33020,9391,15950,7589,23629,2132,1020,1112
21320,33031,9393,15955,7591,23634,2133,1020,1113
21325,33035,9396,15958,7594,23637,2133,1020,1113
21330,33045,9402,15962,7599,23642,2134,1020,1114
21335,33051,9405,15965,7602,23645,2134,1020,1114
21340,33062,9411,15973,7608,23647,2135,1020,1115
21345,33066,9415,15974,7612,23651,2135,1020,1115
21350,33076,9420,15980,7617,23656,2136,1021,1115
21355,33082,9421,15982,7617,23659,2136,1021,1115
21360,33093,9424,15987,7620,23666,2137,1022,1115
21365,33097,9428,15990,7624,23668,2137,1022,1115
21370,33107,9432,15994,7626,23675,2138,1023,1115
21375,33113,9434,15999,7628,23677,2138,1023,1115
21380,33124,9435,16003,7629,23687,2139,1024,1115
21385,33128,9435,16005,7629,23692,2139,1024,1115
21390,33138,9436,16009,7629,23701,2140,1025,1115
21395,33144,9439,16015,7632,23703,2140,1025,1115
21400,33155,9439,16017,7632,23715,2141,1025,1116
21405,33159,9439,16019,7632,23719,2141,1025,1116
21410,33169,9440,16024,7633,23728,2142,1025,1117
21415,33175,9442,16025,7634,23733,2142,1025,1117
21420,33186,9442,16028,7634,23743,2143,1025,1118
21425,33190,9442,16030,7634,23748,2143,1025,1118
21430,33200,9443,16037,7635,23757,2144,1026,1118
21435,33206,9445,16041,7637,23760,2144,1026,1118
21440,33217,9445,16045,7637,23770,2145,1027,1118
21445,33221,9445,16047,7637,23776,2145,1027,1118
21450,33231,9447,16051,7639,23784,2146,1027,1119
21455,33237,9449,16056,7641,23788,2146,1027,1119
21460,33248,9450,16061,7642,23797,2147,1028,1119
21465,33252,9450,16062,7642,23802,2147,1028,1119
21470,33262,9452,16064,7643,23809,2148,1028,1120
21475,33268,9455,16066,7645,23813,2148,1028,1120
21480,33279,9458,16073,7647,23818,2149,1029,1120
21485,33283,9460,16076,7649,23823,2149,1029,1120
21490,33293,9463,16080,7651,23830,2150,1029,1121
21495,33299,9465,16085,7653,23833,2150,1029,1121
21500,33310,9468,16090,7655,23838,2151,1029,1122
21505,33314,9470,16092,7657,23844,2151,1029,1122
21510,33324,9474,16097,7660,23850,2152,1030,1122
21515,33330,9476,16100,7661,23853,2152,1030,1122
21520,33341,9480,16103,7664,23859,2153,1030,1123
21525,33345,9483,16106,7667,23862,2153,1030,1123
21530,33355,9487,16113,7671,23868,2154,1030,1124
21535,33361,9488,16115,7672,23873,2154,1030,1124
21540,33372,9492,16119,7675,23879,2155,1030,1125
21545,33376,9493,16121,7676,23882,2155,1030,1125
21550,33386,9499,16127,7680,23887,2156,1031,1125
21555,33392,9500,16131,7681,23892,2156,1031,1125
21560,33403,9503,16136,7683,23897,2157,1031,1126
21565,33407,9508,16140,7688,23897,2157,1031,1126
21570,33417,9515,16146,7694,23901,2158,1032,1126
21575,33423,9518,16149,7697,23904,2158,1032,1126
21580,33434,9523,16155,7701,23908,2159,1032,1127
21585,33438,9526,16156,7704,23911,2159,1032,1127
21590,33448,9533,16162,7710,23915,2160,1033,1127
21595,33454,9534,16166,7711,23918,2160,1033,1127
21600,33465,9536,16175,7713,23925,2161,1034,1127
21605,33469,9539,16179,7716,23929,2161,1034,1127
21610,33479,9541,16186,7718,23937,2162,1034,1128
21615,33485,9542,16189,7719,23943,2162,1034,1128
21620,33496,9542,16195,7719,23953,2163,1034,1129
21625,33500,9542,16196,7719,23957,2163,1034,1129
21630,33510,9543,16201,7719,23967,2164,1034,1130
21635,33516,9543,16204,7719,23973,2164,1034,1130
21640,33527,9543,16212,7719,23983,2165,1035,1130
21645,33531,9543,16215,7719,23987,2165,1035,1130
21650,33541,9544,16220,7720,23997,2166,1035,1131
21655,33547,9544,16222,7720,24003,2166,1035,1131
21660,33558,9544,16224,7720,24014,2167,1036,1131
21665,33562,9544,16225,7720,24018,2167,1036,1131
21670,33572,9545,16232,7721,24027,2168,1036,1132
21675,33578,9545,16235,7721,24033,2168,1036,1132
21680,33589,9545,16240,7721,24042,2169,1037,1132
21685,33593,9545,16241,7721,24048,2169,1037,1132
21690,33603,9546,16250,7721,24057,2170,1038,1132
21695,33609,9546,16252,7721,24062,2170,1038,1132
21700,33620,9547,16257,7722,24072,2171,1038,1133
21705,33624,9547,16259,7722,24077,2171,1038,1133
21710,33634,9549,16263,7722,24085,2172,1038,1134
21715,33640,9549,16266,7722,24091,2172,1038,1134
21720,33651,9553,16271,7725,24097,2173,1039,1134
21725,33655,9556,16274,7728,24099,2173,1039,1134
21730,33665,9559,16279,7729,24105,2174,1040,1134
21735,33671,9561,16281,7731,24109,2174,1040,1134
21740,33682,9565,16287,7735,24114,2175,1040,1135
21745,33686,9569,16290,7739,24116,2175,1040,1135
21750,33696,9573,16296,7743,24122,2176,1041,1135
21755,33702,9576,16299,7746,24125,2176,1041,1135
21760,33713,9579,16304,7748,24131,2177,1042,1135
21765,33717,9583,16306,7752,24133,2177,1042,1135
21770,33727,9587,16308,7755,24140,2178,1042,1136
21775,33733,9590,16312,7758,24142,2178,1042,1136
21780,33744,9594,16319,7762,24146,2179,1042,1137
21785,33748,9599,16321,7767,24148,2179,1042,1137
21790,33758,9604,16325,7771,24153,2180,1042,1138
21795,33764,9606,16327,7773,24157,2180,1042,1138
21800,33775,9610,16335,7777,24162,2181,1043,1138
21805,33779,9613,16336,7780,24165,2181,1043,1138
21810,33789,9618,16339,7783,24170,2182,1043,1139
21815,33795,9620,16341,7784,24175,2182,1043,1139
21820,33806,9622,16348,7785,24182,2183,1044,1139
21825,33810,9625,16350,7788,24185,2183,1044,1139
21830,33820,9627,16357,7790,24192,2184,1045,1139
21835,33826,9629,16358,7792,24197,2184,1045,1139
21840,33837,9629,16364,7792,24207,2185,1046,1139
21845,33841,9630,16367,7793,24211,2185,1046,1139
21850,33851,9632,16373,7795,24218,2186,1046,1140
21855,33857,9635,16376,7798,24222,2186,1046,1140
21860,33868,9636,16383,7799,24231,2187,1046,1141
21865,33872,9636,16385,7799,24236,2187,1046,1141
21870,33882,9637,16388,7799,24245,2188,1046,1142
21875,33888,9638,16391,7800,24250,2188,1046,1142
21880,33899,9638,16396,7800,24261,2189,1047,1142
21885,33903,9638,16397,7800,24265,2189,1047,1142
21890,33913,9640,16402,7802,24273,2190,1048,1142
21895,33919,9642,16406,7803,24277,2190,1048,1142
21900,33930,9643,16411,7804,24286,2191,1049,1142
21905,33934,9644,16413,7805,24290,2191,1049,1142
21910,33944,9645,16419,7806,24298,2192,1050,1142
21915,33950,9648,16421,7808,24302,2192,1050,1142
21920,33961,9649,16429,7809,24309,2193,1051,1142
21925,33965,9650,16431,7810,24314,2193,1051,1142
21930,33975,9653,16434,7812,24322,2194,1052,1142
21935,33981,9654,16436,7812,24327,2194,1052,1142
21940,33992,9656,16442,7814,24332,2195,1052,1143
21945,33996,9659,16444,7817,24337,2195,1052,1143
21950,34006,9662,16449,7819,24344,2196,1053,1143
21955,34012,9663,16453,7820,24346,2196,1053,1143
21960,34023,9669,16457,7826,24353,2197,1053,1144
21965,34027,9669,16458,7826,24358,2197,1053,1144
21970,34037,9671,16461,7826,24365,2198,1054,1144
21975,34043,9674,16464,7828,24369,2198,1054,1144
21980,34054,9675,16468,7828,24376,2199,1055,1144
21985,34058,9679,16470,7832,24379,2199,1055,1144
21990,34068,9683,16476,7835,24384,2200,1056,1144
21995,34074,9686,16479,7838,24388,2200,1056,1144
22000,34085,9688,16482,7839,24395,2201,1056,1145
22005,34089,9691,16484,7842,24397,2201,1056,1145
22010,34099,9696,16489,7846,24402,2202,1057,1145
22015,34105,9699,16494,7849,24406,2202,1057,1145
22020,34116,9703,16499,7852,24411,2203,1057,1146
22025,34120,9706,16501,7855,24413,2203,1057,1146
22030,34130,9710,16505,7858,24420,2204,1057,1147
22035,34136,9710,16510,7858,24425,2204,1057,1147
22040,34147,9714,16518,7862,24431,2205,1058,1147
22045,34151,9716,16521,7864,24434,2205,1058,1147
22050,34161,9720,16526,7867,24441,2206,1058,1148
22055,34167,9720,16529,7867,24446,2206,1058,1148
22060,34178,9725,16535,7871,24450,2207,1058,1149
22065,34182,9730,16538,7876,24451,2207,1058,1149
22070,34192,9733,16543,7878,24459,2208,1059,1149
22075,34198,9733,16546,7878,24465,2208,1059,1149
22080,34209,9735,16551,7880,24473,2209,1059,1150
22085,34213,9736,16552,7881,24476,2209,1059,1150
22090,34223,9739,16560,7884,24484,2210,1060,1150
22095,34229,9739,16563,7884,24489,2210,1060,1150
22100,34240,9740,16570,7885,24497,2211,1061,1150
22105,34244,9743,16572,7888,24500,2211,1061,1150
22110,34254,9744,16577,7888,24510,2212,1062,1150
22115,34260,9744,16580,7888,24514,2212,1062,1150
22120,34271,9744,16588,7888,24526,2213,1063,1150
22125,34275,9744,16589,7888,24531,2213,1063,1150
22130,34285,9745,16594,7888,24540,2214,1064,1150
22135,34291,9746,16595,7888,24545,2214,1064,1150
22140,34302,9746,16601,7888,24555,2215,1064,1151
22145,34306,9746,16605,7888,24559,2215,1064,1151
22150,34316,9747,16606,7888,24569,2216,1064,1152
22155,34322,9748,16608,7888,24573,2216,1064,1152
22160,34333,9748,16613,7888,24585,2217,1065,1152
22165,34337,9748,16614,7888,24589,2217,1065,1152
22170,34347,9749,16623,7889,24598,2218,1066,1152
22175,34353,9750,16625,7889,24602,2218,1066,1152
22180,34364,9751,16629,7890,24612,2219,1066,1153
22185,34368,9752,16631,7891,24616,2219,1066,1153
22190,34378,9754,16635,7891,24624,2220,1066,1154
22195,34384,9755,16639,7892,24628,2220,1066,1154
22200,34395,9757,16645,7894,24636,2221,1066,1155
22205,34399,9758,16648,7895,24641,2221,1066,1155
22210,34409,9760,16650,7896,24648,2222,1066,1156
22215,34415,9763,16654,7898,24652,2222,1066,1156
22220,34426,9766,16660,7901,24659,2223,1067,1156
22225,34430,9768,16663,7903,24662,2223,1067,1156
22230,34440,9772,16670,7906,24667,2224,1068,1156
22235,34446,9774,16671,7907,24672,2224,1068,1156
22240,34457,9777,16677,7909,24677,2225,1069,1156
22245,34461,9781,16680,7913,24679,2225,1069,1156
22250,34471,9785,16684,7916,24685,2226,1069,1157
22255,34477,9787,16688,7917,24689,2226,1069,1157
22260,34488,9791,16695,7921,24694,2227,1070,1157
22265,34492,9794,16697,7924,24697,2227,1070,1157
22270,34502,9797,16701,7926,24705,2228,1071,1157
22275,34508,9799,16704,7927,24708,2228,1071,1157
22280,34519,9802,16710,7930,24713,2229,1071,1158
22285,34523,9806,16712,7934,24717,2229,1071,1158
22290,34533,9810,16716,7937,24722,2230,1071,1159
22295,34539,9813,16720,7940,24725,2230,1071,1159
22300,34550,9817,16726,7944,24731,2231,1072,1159
22305,34554,9819,16727,7946,24735,2231,1072,1159
22310,34564,9821,16731,7946,24742,2232,1073,1159
22315,34570,9823,16733,7948,24746,2232,1073,1159
22320,34581,9827,16738,7951,24752,2233,1074,1159
22325,34585,9830,16740,7954,24754,2233,1074,1159
22330,34595,9836,16745,7960,24759,2234,1074,1160
22335,34601,9837,16746,7960,24763,2234,1074,1160
22340,34612,9840,16750,7962,24770,2235,1074,1161
22345,34616,9841,16752,7963,24774,2235,1074,1161
22350,34626,9843,16758,7965,24782,2236,1074,1162
22355,34632,9845,16760,7966,24786,2236,1074,1162
22360,34643,9848,16765,7968,24793,2237,1074,1163
22365,34647,9850,16768,7970,24796,2237,1074,1163
22370,34657,9853,16775,7973,24803,2238,1075,1163
22375,34663,9856,16778,7975,24807,2238,1075,1163
22380,34674,9857,16784,7975,24815,2239,1076,1163
22385,34678,9859,16785,7977,24818,2239,1076,1163
22390,34688,9861,16789,7978,24826,2240,1077,1163
22395,34694,9863,16792,7980,24831,2240,1077,1163
22400,34705,9864,16797,7980,24838,2241,1078,1163
22405,34709,9866,16799,7982,24842,2241,1078,1163
22410,34719,9867,16803,7982,24851,2242,1079,1163
22415,34725,9870,16805,7984,24855,2242,1079,1163
22420,34736,9872,16811,7985,24862,2243,1080,1163
22425,34740,9874,16812,7987,24866,2243,1080,1163
22430,34750,9877,16816,7989,24873,2244,1081,1163
22435,34756,9879,16819,7991,24877,2244,1081,1163
22440,34767,9880,16823,7991,24884,2245,1082,1163
22445,34771,9883,16824,7994,24888,2245,1082,1163
22450,34781,9885,16830,7995,24896,2246,1083,1163
22455,34787,9887,16831,7996,24900,2246,1083,1163
22460,34798,9888,16836,7997,24909,2247,1083,1164
22465,34802,9889,16839,7998,24913,2247,1083,1164
22470,34812,9891,16843,7999,24920,2248,1084,1164
22475,34818,9894,16848,8002,24923,2248,1084,1164
22480,34829,9897,16853,8005,24931,2249,1084,1165
22485,34833,9897,16857,8005,24936,2249,1084,1165
22490,34843,9900,16863,8007,24943,2250,1085,1165
22495,34849,9901,16866,8008,24948,2250,1085,1165
22500,34860,9903,16872,8010,24955,2251,1085,1166
22505,34864,9903,16875,8010,24960,2251,1085,1166
22510,34874,9906,16878,8012,24968,2252,1085,1167
22515,34880,9907,16879,8012,24973,2252,1085,1167
22520,34891,9908,16882,8013,24982,2253,1086,1167
22525,34895,9909,16883,8014,24985,2253,1086,1167
22530,34905,9913,16888,8017,24992,2254,1087,1167
22535,34911,9915,16892,8019,24996,2254,1087,1167
22540,34922,9916,16896,8020,25004,2255,1087,1168
22545,34926,9918,16897,8022,25008,2255,1087,1168
22550,34936,9925,16904,8028,25010,2256,1087,1169
22555,34942,9928,16907,8030,25012,2256,1087,1169
22560,34953,9931,16911,8033,25020,2257,1088,1169
22565,34957,9935,16914,8037,25021,2257,1088,1169
22570,34967,9940,16918,8042,25027,2258,1088,1170
22575,34973,9942,16920,8043,25030,2258,1088,1170
22580,34984,9945,16923,8045,25037,2259,1088,1171
22585,34988,9947,16925,8047,25041,2259,1088,1171
22590,34998,9950,16931,8050,25048,2260,1088,1172
22595,35004,9952,16934,8051,25050,2260,1088,1172
22600,35015,9954,16939,8052,25059,2261,1088,1173
22605,35019,9955,16940,8053,25063,2261,1088,1173
22610,35029,9958,16946,8055,25070,2262,1088,1174
22615,35035,9960,16949,8056,25074,2262,1088,1174
22620,35046,9962,16953,8058,25083,2263,1088,1175
22625,35050,9963,16954,8059,25087,2263,1088,1175
22630,35060,9965,16958,8061,25095,2264,1089,1175
22635,35066,9965,16961,8061,25101,2264,1089,1175
22640,35077,9967,16972,8063,25107,2265,1090,1175
22645,35081,9969,16975,8065,25111,2265,1090,1175
22650,35091,9970,16978,8065,25121,2266,1090,1176
22655,35097,9970,16982,8065,25127,2266,1090,1176
22660,35108,9971,16987,8066,25136,2267,1091,1176
22665,35112,9972,16988,8067,25140,2267,1091,1176
22670,35122,9973,16991,8068,25149,2268,1091,1177
22675,35128,9973,16994,8068,25155,2268,1091,1177
22680,35139,9975,16998,8069,25162,2269,1092,1177
22685,35143,9977,17002,8071,25166,2269,1092,1177
22690,35153,9980,17006,8074,25173,2270,1092,1178
22695,35159,9980,17010,8074,25178,2270,1092,1178
22700,35170,9984,17017,8078,25184,2271,1092,1179
22705,35174,9986,17020,8080,25188,2271,1092,1179
22710,35184,9989,17024,8082,25195,2272,1093,1179
22715,35190,9989,17027,8082,25200,2272,1093,1179
22720,35201,9993,17035,8085,25204,2273,1094,1179
22725,35205,9997,17037,8089,25207,2273,1094,1179
22730,35215,10001,17040,8091,25214,2274,1094,1180
22735,35221,10002,17041,8091,25219,2274,1094,1180
22740,35232,10003,17047,8092,25227,2275,1095,1180
22745,35236,10005,17049,8094,25231,2275,1095,1180
22750,35246,10007,17054,8095,25238,2276,1096,1180
22755,35252,10009,17059,8097,25240,2276,1096,1180
22760,35263,10013,17062,8101,25249,2277,1096,1181
22765,35267,10014,17065,8102,25251,2277,1096,1181
22770,35277,10020,17069,8107,25257,2278,1096,1182
22775,35283,10021,17070,8107,25261,2278,1096,1182
22780,35294,10025,17076,8111,25266,2279,1096,1183
22785,35298,10027,17077,8113,25270,2279,1096,1183
22790,35308,10030,17081,8114,25277,2280,1097,1183
22795,35314,10033,17085,8117,25280,2280,1097,1183
22800,35325,10034,17091,8118,25289,2281,1097,1184
22805,35329,10035,17091,8119,25294,2281,1097,1184
22810,35339,10037,17096,8121,25302,2282,1097,1185
22815,35345,10038,17098,8122,25307,2282,1097,1185
22820,35356,10038,17099,8122,25318,2283,1097,1186
22825,35360,10038,17100,8122,25322,2283,1097,1186
22830,35370,10042,17109,8125,25327,2284,1098,1186
22835,35376,10044,17112,8127,25332,2284,1098,1186
22840,35387,10045,17117,8128,25340,2285,1099,1186
22845,35391,10048,17119,8131,25342,2285,1099,1186
22850,35401,10050,17125,8133,25351,2286,1099,1187
22855,35407,10052,17129,8135,25354,2286,1099,1187
22860,35418,10054,17134,8137,25363,2287,1100,1187
22865,35422,10056,17137,8139,25366,2287,1100,1187
22870,35432,10057,17141,8140,25375,2288,1101,1187
22875,35438,10059,17144,8141,25378,2288,1101,1187
22880,35449,10061,17148,8142,25386,2289,1101,1188
22885,35453,10062,17148,8143,25391,2289,1101,1188
22890,35463,10065,17153,8145,25398,2290,1101,1189
22895,35469,10067,17156,8147,25402,2290,1101,1189
22900,35480,10071,17164,8151,25406,2291,1101,1190
22905,35484,10075,17166,8155,25408,2291,1101,1190
22910,35494,10078,17169,8156,25415,2292,1101,1191
22915,35500,10081,17174,8158,25418,2292,1101,1191
22920,35511,10086,17182,8163,25421,2293,1101,1192
22925,35515,10089,17184,8166,25426,2293,1101,1192
22930,35525,10092,17187,8167,25433,2294,1101,1193
22935,35531,10092,17190,8167,25438,2294,1101,1193
22940,35542,10095,17195,8170,25446,2295,1102,1193
22945,35546,10096,17197,8171,25449,2295,1102,1193
22950,35556,10099,17202,8173,25457,2296,1103,1193
22955,35562,10099,17205,8173,25462,2296,1103,1193
22960,35573,10101,17211,8175,25469,2297,1104,1193
22965,35577,10103,17211,8177,25474,2297,1104,1193
22970,35587,10106,17217,8179,25481,2298,1105,1193
22975,35593,10106,17221,8179,25486,2298,1105,1193
22980,35604,10110,17227,8182,25493,2299,1106,1193
22985,35608,10112,17229,8184,25495,2299,1106,1193
22990,35618,10116,17235,8188,25502,2300,1107,1193
22995,35624,10116,17238,8188,25507,2300,1107,1193
23000,35635,10118,17240,8189,25516,2301,1107,1194
23005,35639,10120,17243,8191,25518,2301,1107,1194
23010,35649,10124,17247,8193,25525,2302,1108,1194
23015,35655,10124,17249,8193,25531,2302,1108,1194
23020,35666,10128,17256,8196,25535,2303,1109,1194
23025,35670,10131,17257,8199,25538,2303,1109,1194
23030,35680,10137,17262,8204,25543,2304,1110,1194
23035,35686,10138,17263,8204,25547,2304,1110,1194
23040,35697,10141,17270,8207,25552,2305,1111,1194
23045,35701,10143,17270,8209,25558,2305,1111,1194
23050,35711,10145,17274,8210,25566,2306,1111,1195
23055,35717,10147,17277,8211,25569,2306,1111,1195
23060,35728,10147,17282,8211,25579,2307,1111,1196
23065,35732,10148,17284,8212,25583,2307,1111,1196
23070,35742,10150,17290,8214,25591,2308,1111,1197
23075,35748,10152,17295,8216,25594,2308,1111,1197
23080,35759,10152,17301,8216,25605,2309,1112,1197
23085,35763,10153,17302,8217,25610,2309,1112,1197
23090,35773,10155,17305,8219,25618,2310,1112,1198
23095,35779,10157,17310,8220,25621,2310,1112,1198
23100,35790,10158,17317,8221,25630,2311,1113,1198
23105,35794,10158,17320,8221,25635,2311,1113,1198
23110,35804,10159,17326,8221,25645,2312,1114,1198
23115,35810,10160,17326,8221,25650,2312,1114,1198
23120,35821,10161,17330,8222,25658,2313,1114,1199
23125,35825,10161,17331,8222,25664,2313,1114,1199
23130,35835,10162,17338,8223,25673,2314,1114,1200
23135,35841,10163,17341,8224,25678,2314,1114,1200
23140,35852,10163,17346,8224,25687,2315,1114,1201
23145,35856,10163,17347,8224,25693,2315,1114,1201
23150,35866,10166,17353,8227,25700,2316,1115,1201
23155,35872,10167,17358,8228,25705,2316,1115,1201
23160,35883,10171,17363,8231,25710,2317,1116,1201
23165,35887,10172,17366,8232,25715,2317,1116,1201
23170,35897,10176,17372,8236,25721,2318,1116,1202
23175,35903,10177,17376,8236,25725,2318,1116,1202
23180,35914,10180,17380,8238,25732,2319,1116,1203
23185,35918,10183,17381,8241,25735,2319,1116,1203
23190,35928,10185,17384,8242,25743,2320,1116,1204
23195,35934,10186,17388,8242,25748,2320,1116,1204
23200,35945,10189,17395,8244,25752,2321,1117,1204
23205,35949,10193,17396,8248,25756,2321,1117,1204
23210,35959,10196,17403,8251,25762,2322,1117,1205
23215,35965,10200,17407,8255,25764,2322,1117,1205
23220,35976,10205,17413,8260,25769,2323,1117,1206
23225,35980,10208,17416,8263,25771,2323,1117,1206
23230,35990,10214,17421,8267,25775,2324,1118,1206
23235,35996,10217,17424,8269,25778,2324,1118,1206
23240,36007,10222,17430,8274,25783,2325,1119,1206
23245,36011,10224,17433,8276,25786,2325,1119,1206
23250,36021,10228,17436,8279,25793,2326,1119,1207
23255,36027,10230,17439,8280,25796,2326,1119,1207
23260,36038,10232,17444,8282,25803,2327,1120,1207
23265,36042,10235,17446,8285,25806,2327,1120,1207
23270,36052,10239,17451,8288,25812,2328,1120,1208
23275,36058,10242,17455,8291,25814,2328,1120,1208
23280,36069,10244,17460,8293,25824,2329,1121,1208
23285,36073,10246,17464,8295,25826,2329,1121,1208
23290,36083,10249,17469,8298,25833,2330,1121,1209
23295,36089,10251,17473,8300,25836,2330,1121,1209
23300,36100,10254,17479,8302,25843,2331,1121,1210
23305,36104,10255,17480,8303,25849,2331,1121,1210
23310,36114,10258,17488,8306,25856,2332,1122,1210
23315,36120,10260,17491,8307,25860,2332,1122,1210
23320,36131,10263,17496,8309,25867,2333,1123,1210
23325,36135,10264,17499,8310,25870,2333,1123,1210
23330,36145,10267,17505,8312,25877,2334,1124,1210
23335,36151,10269,17508,8314,25881,2334,1124,1210
23340,36162,10272,17514,8317,25888,2335,1124,1211
23345,36166,10273,17515,8318,25893,2335,1124,1211
23350,36176,10275,17517,8319,25901,2336,1124,1212
23355,36182,10276,17517,8319,25906,2336,1124,1212
23360,36193,10277,17523,8320,25913,2337,1124,1213
23365,36197,10278,17526,8321,25919,2337,1124,1213
23370,36207,10280,17530,8322,25926,2338,1124,1214
23375,36213,10281,17534,8323,25932,2338,1124,1214
23380,36224,10282,17541,8324,25940,2339,1125,1214
23385,36228,10282,17543,8324,25946,2339,1125,1214
23390,36238,10284,17548,8324,25954,2340,1126,1214
23395,36244,10284,17552,8324,25960,2340,1126,1214
23400,36255,10285,17557,8325,25968,2341,1127,1214
23405,36259,10285,17558,8325,25974,2341,1127,1214
23410,36269,10287,17566,8327,25982,2342,1128,1214
23415,36275,10287,17569,8327,25987,2342,1128,1214
23420,36286,10290,17577,8330,25994,2343,1129,1214
23425,36290,10291,17580,8331,25998,2343,1129,1214
23430,36300,10294,17583,8332,26006,2344,1129,1215
23435,36306,10294,17588,8332,26011,2344,1129,1215
23440,36317,10295,17590,8333,26021,2345,1129,1216
23445,36321,10296,17592,8334,26024,2345,1129,1216
23450,36331,10301,17597,8337,26030,2346,1129,1217
23455,36337,10301,17600,8337,26035,2346,1129,1217
23460,36348,10303,17602,8338,26042,2347,1129,1218
23465,36352,10306,17605,8341,26046,2347,1129,1218
23470,36362,10309,17609,8342,26053,2348,1130,1218
23475,36368,10309,17612,8342,26058,2348,1130,1218
23480,36379,10312,17618,8345,26064,2349,1131,1218
23485,36383,10316,17621,8349,26066,2349,1131,1218
23490,36393,10323,17628,8355,26069,2350,1132,1218
23495,36399,10325,17629,8356,26073,2350,1132,1218
23500,36410,10329,17634,8359,26078,2351,1132,1219
23505,36414,10333,17636,8363,26080,2351,1132,1219
23510,36424,10339,17642,8368,26084,2352,1133,1219
23515,36430,10343,17646,8371,26085,2352,1133,1219
23520,36441,10345,17650,8372,26093,2353,1134,1219
23525,36445,10346,17651,8373,26099,2353,1134,1219
23530,36455,10348,17653,8375,26107,2354,1134,1220
23535,36461,10349,17654,8375,26111,2354,1134,1220
23540,36472,10351,17660,8377,26119,2355,1134,1221
23545,36476,10353,17662,8379,26123,2355,1134,1221
23550,36486,10355,17666,8381,26131,2356,1135,1221
23555,36492,10357,17669,8382,26134,2356,1135,1221
23560,36503,10360,17674,8385,26141,2357,1136,1221
23565,36507,10362,17677,8387,26144,2357,1136,1221
23570,36517,10365,17682,8390,26151,2358,1136,1222
23575,36523,10367,17686,8392,26155,2358,1136,1222
23580,36534,10368,17691,8392,26163,2359,1137,1222
23585,36538,10369,17693,8393,26169,2359,1137,1222
23590,36548,10370,17696,8393,26178,2360,1137,1223
23595,36554,10372,17699,8395,26182,2360,1137,1223
23600,36565,10373,17704,8396,26189,2361,1137,1224
23605,36569,10374,17704,8397,26195,2361,1137,1224
23610,36579,10375,17709,8398,26203,2362,1137,1225
23615,36585,10377,17711,8399,26208,2362,1137,1225
23620,36596,10377,17717,8399,26216,2363,1137,1226
23625,36600,10378,17720,8400,26221,2363,1137,1226
23630,36610,10380,17724,8402,26230,2364,1138,1226
23635,36616,10381,17727,8403,26234,2364,1138,1226
23640,36627,10382,17730,8404,26243,2365,1138,1227
23645,36631,10383,17731,8405,26248,2365,1138,1227
23650,36641,10386,17733,8407,26255,2366,1138,1228
23655,36647,10387,17737,8408,26259,2366,1138,1228
23660,36658,10389,17743,8410,26266,2367,1138,1229
23665,36662,10391,17745,8412,26271,2367,1138,1229
23670,36672,10393,17748,8413,26279,2368,1138,1230
23675,36678,10395,17751,8415,26283,2368,1138,1230
23680,36689,10397,17758,8417,26288,2369,1138,1231
23685,36693,10399,17759,8419,26294,2369,1138,1231
23690,36703,10404,17765,8423,26299,2370,1138,1232
23695,36709,10406,17768,8425,26302,2370,1138,1232
23700,36720,10410,17771,8428,26308,2371,1138,1233
23705,36724,10410,17772,8428,26314,2371,1138,1233
23710,36734,10413,17777,8430,26321,2372,1138,1234
23715,36740,10414,17779,8431,26326,2372,1138,1234
23720,36751,10418,17786,8435,26331,2373,1139,1234
23725,36755,10419,17788,8436,26335,2373,1139,1234
23730,36765,10423,17792,8438,26342,2374,1139,1235
23735,36771,10424,17795,8439,26346,2374,1139,1235
23740,36782,10429,17799,8443,26352,2375,1140,1235
23745,36786,10431,17803,8445,26353,2375,1140,1235
23750,36796,10438,17810,8452,26358,2376,1141,1235
23755,36802,10439,17814,8452,26360,2376,1141,1235
23760,36813,10445,17817,8457,26367,2377,1142,1235
23765,36817,10446,17820,8458,26370,2377,1142,1235
23770,36827,10447,17824,8459,26380,2378,1142,1236
23775,36833,10448,17826,8459,26384,2378,1142,1236
23780,36844,10450,17829,8460,26392,2379,1142,1237
23785,36848,10451,17831,8461,26396,2379,1142,1237
23790,36858,10453,17837,8463,26405,2380,1142,1238
23795,36864,10454,17839,8464,26410,2380,1142,1238
23800,36875,10457,17844,8466,26416,2381,1143,1238
23805,36879,10459,17845,8468,26420,2381,1143,1238
23810,36889,10462,17849,8470,26427,2382,1143,1239
23815,36895,10463,17853,8470,26430,2382,1143,1239
23820,36906,10466,17859,8472,26437,2383,1143,1240
23825,36910,10467,17860,8473,26442,2383,1143,1240
23830,36920,10470,17866,8476,26449,2384,1143,1241
23835,36926,10472,17869,8477,26453,2384,1143,1241
23840,36937,10473,17871,8477,26462,2385,1143,1242
23845,36941,10473,17871,8477,26468,2385,1143,1242
23850,36951,10475,17876,8479,26476,2386,1143,1243
23855,36957,10476,17879,8480,26481,2386,1143,1243
23860,36968,10478,17885,8482,26488,2387,1144,1243
23865,36972,10480,17887,8484,26492,2387,1144,1243
23870,36982,10482,17890,8486,26500,2388,1144,1244
23875,36988,10483,17892,8486,26505,2388,1144,1244
23880,36999,10485,17897,8488,26511,2389,1144,1245
23885,37003,10486,17898,8489,26517,2389,1144,1245
23890,37013,10489,17905,8491,26523,2390,1144,1246
23895,37019,10492,17907,8493,26527,2390,1144,1246
23900,37030,10492,17914,8493,26535,2391,1145,1246
23905,37034,10493,17918,8494,26541,2391,1145,1246
23910,37044,10495,17920,8495,26549,2392,1146,1246
23915,37050,10496,17923,8495,26553,2392,1146,1246
23920,37061,10499,17930,8498,26560,2393,1147,1246
23925,37065,10501,17933,8500,26563,2393,1147,1246
23930,37075,10504,17940,8503,26570,2394,1148,1246
23935,37081,10506,17942,8505,26575,2394,1148,1246
23940,37092,10508,17947,8507,26582,2395,1149,1246
23945,37096,10509,17949,8508,26587,2395,1149,1246
23950,37106,10512,17954,8510,26593,2396,1149,1247
23955,37112,10514,17955,8511,26598,2396,1149,1247
23960,37123,10517,17962,8514,26603,2397,1150,1247
23965,37127,10519,17962,8516,26608,2397,1150,1247
23970,37137,10522,17966,8518,26614,2398,1150,1248
23975,37143,10525,17969,8521,26617,2398,1150,1248
23980,37154,10528,17976,8524,26623,2399,1151,1248
23985,37158,10530,17977,8526,26627,2399,1151,1248
23990,37168,10535,17980,8530,26633,2400,1151,1249
23995,37174,10536,17982,8531,26638,2400,1151,1249
24000,37185,10537,17986,8532,26645,2401,1152,1249
24005,37189,10541,17988,8536,26648,2401,1152,1249
24010,37199,10544,17991,8539,26655,2402,1152,1250
24015,37205,10545,17993,8540,26660,2402,1152,1250
24020,37216,10546,17996,8540,26668,2403,1152,1251
24025,37220,10548,17996,8542,26672,2403,1152,1251
24030,37230,10551,18001,8545,26679,2404,1153,1251
24035,37236,10553,18005,8547,26682,2404,1153,1251
24040,37247,10557,18011,8551,26688,2405,1153,1252
24045,37251,10559,18012,8553,26691,2405,1153,1252
24050,37261,10564,18016,8556,26697,2406,1154,1252
24055,37267,10567,18020,8558,26698,2406,1154,1252
24060,37278,10571,18025,8561,26706,2407,1155,1252
24065,37282,10572,18028,8562,26709,2407,1155,1252
24070,37292,10574,18033,8564,26718,2408,1155,1253
24075,37298,10576,18037,8566,26722,2408,1155,1253
24080,37309,10578,18045,8568,26727,2409,1156,1253
24085,37313,10581,18047,8571,26731,2409,1156,1253
24090,37323,10583,18053,8573,26739,2410,1157,1253
24095,37329,10585,18055,8575,26743,2410,1157,1253
24100,37340,10588,18061,8577,26750,2411,1158,1253
24105,37344,10591,18065,8580,26752,2411,1158,1253
24110,37354,10594,18071,8583,26760,2412,1159,1253
24115,37360,10595,18074,8584,26765,2412,1159,1253
24120,37371,10597,18081,8586,26772,2413,1160,1253
24125,37375,10598,18084,8587,26776,2413,1160,1253
24130,37385,10600,18091,8589,26784,2414,1160,1254
24135,37391,10602,18091,8590,26789,2414,1160,1254
24140,37402,10603,18099,8591,26797,2415,1161,1254
24145,37406,10603,18101,8591,26802,2415,1161,1254
24150,37416,10605,18106,8592,26810,2416,1161,1255
24155,37422,10607,18107,8593,26814,2416,1161,1255
24160,37433,10607,18114,8593,26823,2417,1162,1255
24165,37437,10609,18116,8595,26828,2417,1162,1255
24170,37447,10611,18120,8596,26836,2418,1163,1255
24175,37453,10613,18124,8598,26838,2418,1163,1255
24180,37464,10615,18129,8600,26847,2419,1164,1255
24185,37468,10616,18129,8601,26852,2419,1164,1255
24190,37478,10618,18133,8601,26859,2420,1164,1256
24195,37484,10620,18135,8602,26862,2420,1164,1256
24200,37495,10621,18137,8603,26873,2421,1164,1257
24205,37499,10621,18138,8603,26878,2421,1164,1257
24210,37509,10623,18140,8605,26886,2422,1164,1258
24215,37515,10625,18142,8606,26889,2422,1164,1258
24220,37526,10627,18147,8608,26896,2423,1165,1258
24225,37530,10629,18148,8610,26900,2423,1165,1258
24230,37540,10636,18154,8615,26903,2424,1166,1258
24235,37546,10639,18158,8618,26905,2424,1166,1258
24240,37557,10644,18165,8623,26910,2425,1167,1258
24245,37561,10649,18169,8628,26910,2425,1167,1258
24250,37571,10654,18172,8632,26916,2426,1167,1259
24255,37577,10657,18175,8634,26918,2426,1167,1259
24260,37588,10662,18182,8639,26924,2427,1167,1260
24265,37592,10665,18186,8642,26926,2427,1167,1260
24270,37602,10667,18190,8643,26934,2428,1168,1260
24275,37608,10669,18193,8644,26939,2428,1168,1260
24280,37619,10671,18197,8646,26946,2429,1168,1261
24285,37623,10674,18199,8649,26949,2429,1168,1261
24290,37633,10676,18203,8650,26957,2430,1169,1261
24295,37639,10677,18206,8651,26962,2430,1169,1261
24300,37650,10678,18209,8652,26969,2431,1169,1262
24305,37654,10679,18212,8653,26975,2431,1169,1262
24310,37664,10681,18219,8655,26982,2432,1170,1262
24315,37670,10683,18220,8657,26987,2432,1170,1262
24320,37681,10685,18227,8659,26994,2433,1171,1262
24325,37685,10686,18228,8660,26999,2433,1171,1262
24330,37695,10689,18233,8662,27006,2434,1171,1263
24335,37701,10690,18236,8662,27011,2434,1171,1263
24340,37712,10691,18239,8662,27018,2435,1172,1263
24345,37716,10693,18240,8664,27023,2435,1172,1263
24350,37726,10697,18247,8668,27028,2436,1172,1264
24355,37732,10699,18250,8669,27033,2436,1172,1264
24360,37743,10702,18257,8671,27038,2437,1173,1264
24365,37747,10705,18258,8674,27042,2437,1173,1264
24370,37757,10708,18264,8676,27049,2438,1173,1265
24375,37763,10708,18265,8676,27055,2438,1173,1265
24380,37774,10710,18272,8678,27062,2439,1174,1265
24385,37778,10712,18276,8680,27064,2439,1174,1265
24390,37788,10719,18280,8685,27069,2440,1174,1266
24395,37794,10719,18284,8685,27074,2440,1174,1266
24400,37805,10719,18288,8685,27084,2441,1174,1267
24405,37809,10720,18290,8686,27088,2441,1174,1267
24410,37819,10722,18293,8686,27097,2442,1174,1268
24415,37825,10722,18296,8686,27102,2442,1174,1268
24420,37836,10723,18304,8687,27111,2443,1175,1268
24425,37840,10723,18305,8687,27117,2443,1175,1268
24430,37850,10725,18310,8689,27125,2444,1175,1269
24435,37856,10725,18313,8689,27129,2444,1175,1269
24440,37867,10727,18316,8691,27139,2445,1175,1270
24445,37871,10727,18318,8691,27144,2445,1175,1270
24450,37881,10729,18324,8693,27152,2446,1175,1271
24455,37887,10729,18327,8693,27157,2446,1175,1271
24460,37898,10729,18331,8693,27166,2447,1175,1272
24465,37902,10731,18333,8695,27171,2447,1175,1272
24470,37912,10734,18338,8696,27177,2448,1175,1273
24475,37918,10737,18342,8699,27180,2448,1175,1273
24480,37929,10739,18348,8700,27187,2449,1176,1273
24485,37933,10741,18349,8702,27192,2449,1176,1273
24490,37943,10745,18354,8705,27198,2450,1177,1273
24495,37949,10746,18356,8705,27203,2450,1177,1273
24500,37960,10749,18361,8707,27208,2451,1177,1274
24505,37964,10752,18363,8710,27211,2451,1177,1274
24510,37974,10756,18368,8713,27218,2452,1178,1274
24515,37980,10757,18371,8713,27222,2452,1178,1274
24520,37991,10760,18378,8715,27226,2453,1179,1274
24525,37995,10764,18378,8719,27231,2453,1179,1274
24530,38005,10768,18384,8722,27237,2454,1180,1274
24535,38011,10769,18386,8722,27242,2454,1180,1274
24540,38022,10773,18392,8726,27247,2455,1180,1275
24545,38026,10776,18396,8729,27249,2455,1180,1275
24550,38036,10781,18403,8734,27254,2456,1180,1276
24555,38042,10784,18407,8737,27257,2456,1180,1276
24560,38053,10788,18411,8741,27264,2457,1180,1277
24565,38057,10790,18415,8743,27266,2457,1180,1277
24570,38067,10796,18419,8747,27271,2458,1180,1278
24575,38073,10797,18420,8747,27275,2458,1180,1278
24580,38084,10803,18429,8753,27278,2459,1181,1278
24585,38088,10807,18432,8757,27281,2459,1181,1278
24590,38098,10809,18436,8758,27288,2460,1181,1279
24595,38104,10811,18438,8759,27291,2460,1181,1279
24600,38115,10811,18446,8759,27301,2461,1182,1279
24605,38119,10812,18447,8760,27307,2461,1182,1279
24610,38129,10814,18453,8762,27315,2462,1182,1280
24615,38135,10815,18455,8762,27318,2462,1182,1280
24620,38146,10816,18460,8763,27328,2463,1182,1281
24625,38150,10816,18462,8763,27334,2463,1182,1281
24630,38160,10818,18466,8765,27342,2464,1183,1281
24635,38166,10820,18472,8767,27344,2464,1183,1281
24640,38177,10821,18477,8768,27355,2465,1183,1282
24645,38181,10821,18477,8768,27360,2465,1183,1282
24650,38191,10822,18482,8769,27369,2466,1183,1283
24655,38197,10823,18484,8769,27373,2466,1183,1283
24660,38208,10823,18489,8769,27384,2467,1184,1283
24665,38212,10824,18490,8770,27388,2467,1184,1283
24670,38222,10825,18494,8771,27397,2468,1184,1284
24675,38228,10827,18497,8773,27401,2468,1184,1284
24680,38239,10827,18503,8773,27411,2469,1185,1284
24685,38243,10827,18506,8773,27415,2469,1185,1284
24690,38253,10829,18510,8775,27423,2470,1185,1285
24695,38259,10832,18514,8778,27427,2470,1185,1285
24700,38270,10834,18518,8780,27435,2471,1186,1285
24705,38274,10835,18520,8781,27438,2471,1186,1285
24710,38284,10840,18526,8785,27444,2472,1186,1286
24715,38290,10842,18528,8786,27448,2472,1186,1286
24720,38301,10844,18533,8787,27453,2473,1186,1287
24725,38305,10847,18533,8790,27458,2473,1186,1287
24730,38315,10851,18539,8792,27464,2474,1187,1287
24735,38321,10851,18542,8792,27469,2474,1187,1287
24740,38332,10854,18547,8795,27476,2475,1187,1288
24745,38336,10856,18548,8797,27480,2475,1187,1288
24750,38346,10859,18554,8799,27487,2476,1187,1289
24755,38352,10859,18557,8799,27492,2476,1187,1289
24760,38363,10863,18561,8802,27499,2477,1188,1289
24765,38367,10865,18563,8804,27501,2477,1188,1289
24770,38377,10868,18568,8806,27509,2478,1189,1289
24775,38383,10868,18572,8806,27514,2478,1189,1289
24780,38394,10871,18577,8808,27521,2479,1190,1289
24785,38398,10872,18578,8809,27525,2479,1190,1289
24790,38408,10876,18583,8813,27532,2480,1190,1290
24795,38414,10876,18585,8813,27538,2480,1190,1290
24800,38425,10879,18591,8816,27544,2481,1190,1291
24805,38429,10881,18592,8818,27548,2481,1190,1291
24810,38439,10884,18597,8820,27555,2482,1190,1292
24815,38445,10885,18601,8821,27558,2482,1190,1292
24820,38456,10891,18608,8827,27565,2483,1191,1292
24825,38460,10891,18608,8827,27569,2483,1191,1292
24830,38470,10895,18611,8829,27574,2484,1191,1293
24835,38476,10897,18612,8831,27579,2484,1191,1293
24840,38487,10899,18614,8832,27587,2485,1191,1294
24845,38491,10900,18614,8833,27591,2485,1191,1294
24850,38501,10907,18621,8839,27594,2486,1192,1294
24855,38507,10909,18623,8840,27597,2486,1192,1294
24860,38518,10914,18629,8844,27601,2487,1192,1295
24865,38522,10919,18631,8849,27603,2487,1192,1295
24870,38532,10924,18636,8853,27607,2488,1192,1296
24875,38538,10926,18638,8855,27611,2488,1192,1296
24880,38549,10927,18642,8856,27621,2489,1193,1296
24885,38553,10929,18645,8858,27622,2489,1193,1296
24890,38563,10933,18650,8861,27629,2490,1194,1296
24895,38569,10936,18653,8863,27633,2490,1194,1296
24900,38580,10936,18658,8863,27643,2491,1195,1296
24905,38584,10937,18659,8864,27647,2491,1195,1296
24910,38594,10938,18664,8865,27656,2492,1195,1297
24915,38600,10939,18668,8866,27660,2492,1195,1297
24920,38611,10940,18671,8867,27670,2493,1195,1298
24925,38615,10940,18673,8867,27675,2493,1195,1298
24930,38625,10942,18680,8869,27683,2494,1196,1298
24935,38631,10944,18682,8870,27687,2494,1196,1298
24940,38642,10944,18687,8870,27696,2495,1196,1299
24945,38646,10945,18687,8871,27701,2495,1196,1299
24950,38656,10947,18693,8872,27708,2496,1197,1299
24955,38662,10950,18697,8875,27711,2496,1197,1299
24960,38673,10950,18700,8875,27722,2497,1197,1300
24965,38677,10950,18703,8875,27726,2497,1197,1300
24970,38687,10951,18705,8875,27736,2498,1198,1300
24975,38693,10952,18707,8875,27740,2498,1198,1300
24980,38704,10954,18711,8877,27749,2499,1198,1301
24985,38708,10955,18712,8878,27753,2499,1198,1301
24990,38718,10958,18717,8881,27760,2500,1198,1302
24995,38724,10959,18722,8882,27764,2500,1198,1302
25000,38735,10962,18730,8885,27771,2501,1199,1302
25005,38739,10963,18732,8886,27775,2501,1199,1302
25010,38749,10967,18738,8889,27782,2502,1199,1303
25015,38755,10968,18741,8889,27786,2502,1199,1303
25020,38766,10973,18749,8894,27792,2503,1200,1303
25025,38770,10974,18751,8895,27796,2503,1200,1303
25030,38780,10976,18756,8895,27804,2504,1201,1303
25035,38786,10977,18758,8895,27808,2504,1201,1303
25040,38797,10979,18760,8897,27817,2505,1201,1304
25045,38801,10980,18762,8898,27821,2505,1201,1304
25050,38811,10984,18766,8901,27827,2506,1202,1304
25055,38817,10985,18770,8902,27832,2506,1202,1304
25060,38828,10987,18774,8903,27839,2507,1202,1305
25065,38832,10991,18777,8907,27840,2507,1202,1305
25070,38842,10996,18783,8911,27846,2508,1203,1305
25075,38848,10997,18786,8911,27850,2508,1203,1305
25080,38859,11001,18794,8915,27854,2509,1204,1305
25085,38863,11006,18796,8920,27857,2509,1204,1305
25090,38873,11011,18804,8924,27861,2510,1204,1306
25095,38879,11013,18807,8925,27866,2510,1204,1306
25100,38890,11016,18813,8928,27872,2511,1205,1306
25105,38894,11019,18816,8931,27874,2511,1205,1306
25110,38904,11024,18822,8934,27879,2512,1205,1307
25115,38910,11026,18822,8935,27884,2512,1205,1307
25120,38921,11028,18827,8936,27890,2513,1206,1307
25125,38925,11032,18828,8940,27893,2513,1206,1307
25130,38935,11039,18834,8945,27896,2514,1207,1307
25135,38941,11041,18837,8947,27899,2514,1207,1307
25140,38952,11047,18845,8952,27902,2515,1208,1307
25145,38956,11050,18846,8955,27906,2515,1208,1307
25150,38966,11053,18851,8956,27912,2516,1208,1308
25155,38972,11055,18855,8958,27916,2516,1208,1308
25160,38983,11055,18859,8958,27926,2517,1208,1309
25165,38987,11056,18861,8959,27930,2517,1208,1309
25170,38997,11057,18868,8960,27940,2518,1209,1309
25175,39003,11059,18870,8961,27943,2518,1209,1309
25180,39014,11059,18872,8961,27954,2519,1209,1310
25185,39018,11059,18875,8961,27959,2519,1209,1310
25190,39028,11061,18881,8962,27966,2520,1209,1311
25195,39034,11063,18886,8964,27969,2520,1209,1311
25200,39045,11063,18895,8964,27980,2521,1210,1311
25205,39049,11064,18896,8965,27985,2521,1210,1311
25210,39059,11066,18900,8967,27993,2522,1211,1311
25215,39065,11068,18902,8969,27997,2522,1211,1311
25220,39076,11069,18908,8970,28005,2523,1211,1312
25225,39080,11069,18911,8970,28010,2523,1211,1312
25230,39090,11070,18915,8970,28020,2524,1212,1312
25235,39096,11070,18919,8970,28025,2524,1212,1312
25240,39107,11070,18923,8970,28036,2525,1212,1313
25245,39111,11070,18924,8970,28041,2525,1212,1313
25250,39121,11072,18929,8971,28049,2526,1212,1314
25255,39127,11072,18931,8971,28055,2526,1212,1314
25260,39138,11075,18938,8974,28060,2527,1212,1315
25265,39142,11078,18940,8977,28064,2527,1212,1315
25270,39152,11081,18942,8978,28071,2528,1212,1316
25275,39158,11081,18947,8978,28076,2528,1212,1316
25280,39169,11083,18953,8979,28083,2529,1213,1316
25285,39173,11086,18955,8982,28087,2529,1213,1316
25290,39183,11088,18961,8982,28095,2530,1214,1316
25295,39189,11088,18964,8982,28100,2530,1214,1316
25300,39200,11092,18971,8986,28106,2531,1215,1316
25305,39204,11094,18973,8988,28109,2531,1215,1316
25310,39214,11097,18979,8991,28117,2532,1215,1317
25315,39220,11097,18983,8991,28122,2532,1215,1317
25320,39231,11100,18988,8993,28128,2533,1215,1318
25325,39235,11103,18990,8996,28132,2533,1215,1318
25330,39245,11106,18994,8997,28138,2534,1215,1319
25335,39251,11108,18996,8999,28142,2534,1215,1319
25340,39262,11110,19000,9000,28149,2535,1216,1319
25345,39266,11113,19000,9003,28153,2535,1216,1319
25350,39276,11119,19007,9008,28156,2536,1217,1319
25355,39282,11122,19009,9010,28159,2536,1217,1319
25360,39293,11127,19015,9014,28164,2537,1218,1319
25365,39297,11131,19018,9018,28165,2537,1218,1319
25370,39307,11137,19023,9023,28169,2538,1218,1320
25375,39313,11140,19026,9026,28172,2538,1218,1320
25380,39324,11145,19033,9031,28177,2539,1219,1320
25385,39328,11148,19036,9034,28178,2539,1219,1320
25390,39338,11152,19042,9038,28185,2540,1220,1320
25395,39344,11155,19046,9041,28187,2540,1220,1320
25400,39355,11156,19054,9042,28196,2541,1220,1321
25405,39359,11157,19058,9043,28201,2541,1220,1321
25410,39369,11159,19063,9044,28210,2542,1220,1322
25415,39375,11161,19066,9046,28214,2542,1220,1322
25420,39386,11161,19070,9046,28224,2543,1221,1322
25425,39390,11161,19072,9046,28229,2543,1221,1322
25430,39400,11162,19075,9046,28238,2544,1221,1323
25435,39406,11164,19079,9047,28241,2544,1221,1323
25440,39417,11165,19083,9048,28250,2545,1221,1324
25445,39421,11166,19085,9049,28255,2545,1221,1324
25450,39431,11167,19090,9049,28264,2546,1221,1325
25455,39437,11168,19092,9049,28268,2546,1221,1325
25460,39448,11169,19096,9050,28278,2547,1221,1326
25465,39452,11169,19098,9050,28283,2547,1221,1326
25470,39462,11170,19102,9051,28292,2548,1221,1327
25475,39468,11171,19108,9052,28297,2548,1221,1327
25480,39479,11171,19113,9052,28307,2549,1222,1327
25485,39483,11171,19114,9052,28312,2549,1222,1327
25490,39493,11172,19120,9053,28321,2550,1222,1328
25495,39499,11173,19125,9054,28326,2550,1222,1328
25500,39510,11176,19133,9057,28330,2551,1222,1329
25505,39514,11178,19134,9059,28336,2551,1222,1329
25510,39524,11181,19139,9061,28343,2552,1223,1329
25515,39530,11182,19144,9062,28347,2552,1223,1329
25520,39541,11187,19150,9067,28351,2553,1223,1330
25525,39545,11188,19152,9068,28356,2553,1223,1330
25530,39555,11191,19158,9071,28364,2554,1224,1330
25535,39561,11192,19162,9072,28368,2554,1224,1330
25540,39572,11195,19165,9075,28376,2555,1225,1330
25545,39576,11196,19167,9076,28380,2555,1225,1330
25550,39586,11198,19170,9077,28388,2556,1225,1331
25555,39592,11200,19172,9079,28392,2556,1225,1331
25560,39603,11202,19177,9081,28399,2557,1226,1331
25565,39607,11206,19179,9085,28401,2557,1226,1331
25570,39617,11213,19186,9091,28403,2558,1226,1332
25575,39623,11217,19191,9095,28404,2558,1226,1332
25580,39634,11220,19194,9098,28412,2559,1226,1333
25585,39638,11224,19196,9102,28414,2559,1226,1333
25590,39648,11232,19203,9109,28416,2560,1226,1334
25595,39654,11233,19206,9110,28419,2560,1226,1334
25600,39665,11239,19213,9115,28423,2561,1226,1335
25605,39669,11242,19215,9118,28426,2561,1226,1335
25610,39679,11244,19217,9119,28435,2562,1226,1336
25615,39685,11245,19221,9119,28438,2562,1226,1336
25620,39696,11247,19227,9120,28447,2563,1227,1336
25625,39700,11249,19229,9122,28450,2563,1227,1336
25630,39710,11251,19235,9124,28458,2564,1228,1336
25635,39716,11253,19237,9126,28463,2564,1228,1336
25640,39727,11254,19243,9127,28471,2565,1228,1337
25645,39731,11254,19246,9127,28476,2565,1228,1337
25650,39741,11256,19252,9129,28485,2566,1229,1337
25655,39747,11257,19255,9129,28490,2566,1229,1337
25660,39758,11257,19259,9129,28499,2567,1229,1338
25665,39762,11258,19260,9130,28504,2567,1229,1338
25670,39772,11259,19263,9131,28513,2568,1229,1339
25675,39778,11260,19265,9132,28518,2568,1229,1339
25680,39789,11260,19267,9132,28528,2569,1229,1340
25685,39793,11260,19268,9132,28533,2569,1229,1340
25690,39803,11262,19275,9134,28540,2570,1229,1341
25695,39809,11265,19277,9136,28544,2570,1229,1341
25700,39820,11265,19286,9136,28552,2571,1230,1341
25705,39824,11266,19287,9137,28558,2571,1230,1341
25710,39834,11269,19295,9139,28564,2572,1231,1341
25715,39840,11272,19297,9141,28568,2572,1231,1341
25720,39851,11273,19300,9142,28576,2573,1231,1342
25725,39855,11274,19302,9143,28581,2573,1231,1342
25730,39865,11279,19307,9147,28586,2574,1231,1343
25735,39871,11280,19307,9147,28591,2574,1231,1343
25740,39882,11282,19311,9149,28597,2575,1231,1344
25745,39886,11285,19314,9152,28600,2575,1231,1344
25750,39896,11288,19320,9154,28608,2576,1232,1344
25755,39902,11288,19325,9154,28612,2576,1232,1344
25760,39913,11291,19327,9156,28620,2577,1232,1345
25765,39917,11293,19329,9158,28623,2577,1232,1345
25770,39927,11297,19332,9161,28630,2578,1232,1346
25775,39933,11297,19335,9161,28634,2578,1232,1346
25780,39944,11302,19338,9165,28641,2579,1232,1347
25785,39948,11304,19340,9167,28644,2579,1232,1347
25790,39958,11308,19343,9170,28650,2580,1232,1348
25795,39964,11308,19346,9170,28654,2580,1232,1348
25800,39975,11312,19350,9173,28661,2581,1233,1348
25805,39979,11315,19352,9176,28663,2581,1233,1348
25810,39989,11319,19354,9179,28670,2582,1233,1349
25815,39995,11319,19357,9179,28674,2582,1233,1349
25820,40006,11324,19361,9183,28679,2583,1233,1350
25825,40010,11327,19363,9186,28682,2583,1233,1350
25830,40020,11330,19368,9188,28690,2584,1233,1351
25835,40026,11330,19369,9188,28696,2584,1233,1351
25840,40037,11331,19375,9189,28703,2585,1233,1352
25845,40041,11334,19378,9192,28707,2585,1233,1352
25850,40051,11337,19385,9195,28713,2586,1234,1352
25855,40057,11340,19391,9198,28716,2586,1234,1352
25860,40068,11342,19399,9200,28723,2587,1234,1353
25865,40072,11344,19402,9202,28727,2587,1234,1353
25870,40082,11346,19406,9204,28735,2588,1234,1354
25875,40088,11348,19407,9205,28740,2588,1234,1354
25880,40099,11349,19409,9205,28748,2589,1234,1355
25885,40103,11350,19411,9206,28752,2589,1234,1355
25890,40113,11352,19415,9207,28760,2590,1234,1356
25895,40119,11354,19418,9208,28764,2590,1234,1356
25900,40130,11356,19425,9209,28770,2591,1235,1356
25905,40134,11360,19428,9213,28774,2591,1235,1356
25910,40144,11362,19433,9214,28781,2592,1235,1357
25915,40150,11365,19435,9216,28785,2592,1235,1357
25920,40161,11367,19441,9218,28791,2593,1235,1358
25925,40165,11369,19442,9220,28796,2593,1235,1358
25930,40175,11371,19446,9221,28803,2594,1235,1359
25935,40181,11373,19449,9222,28807,2594,1235,1359
25940,40192,11375,19456,9224,28814,2595,1236,1359
25945,40196,11377,19456,9226,28819,2595,1236,1359
25950,40206,11379,19459,9228,28827,2596,1236,1360
25955,40212,11380,19462,9229,28831,2596,1236,1360
25960,40223,11381,19464,9230,28841,2597,1236,1361
25965,40227,11382,19467,9231,28844,2597,1236,1361
25970,40237,11385,19470,9232,28852,2598,1237,1361
25975,40243,11387,19474,9233,28855,2598,1237,1361
25980,40254,11390,19481,9236,28862,2599,1238,1361
25985,40258,11392,19482,9238,28866,2599,1238,1361
25990,40268,11394,19487,9238,28874,2600,1239,1361
25995,40274,11395,19490,9238,28878,2600,1239,1361
26000,40285,11397,19494,9240,28887,2601,1240,1361
26005,40289,11398,19496,9241,28890,2601,1240,1361
26010,40299,11401,19499,9243,28898,2602,1240,1362
26015,40305,11403,19504,9245,28900,2602,1240,1362
26020,40316,11406,19511,9248,28908,2603,1241,1362
26025,40320,11408,19512,9250,28912,2603,1241,1362
26030,40330,11411,19517,9252,28919,2604,1242,1362
26035,40336,11412,19519,9252,28922,2604,1242,1362
26040,40347,11417,19524,9256,28928,2605,1243,1362
26045,40351,11419,19528,9258,28931,2605,1243,1362
26050,40361,11421,19535,9260,28940,2606,1244,1362
26055,40367,11422,19537,9260,28944,2606,1244,1362
26060,40378,11423,19538,9260,28954,2607,1244,1363
26065,40382,11423,19538,9260,28959,2607,1244,1363
26070,40392,11426,19544,9263,28966,2608,1244,1364
26075,40398,11427,19547,9264,28970,2608,1244,1364
26080,40409,11430,19553,9266,28977,2609,1244,1365
26085,40413,11430,19554,9266,28983,2609,1244,1365
26090,40423,11432,19557,9268,28991,2610,1244,1366
26095,40429,11433,19560,9269,28995,2610,1244,1366
26100,40440,11435,19563,9270,29003,2611,1244,1367
26105,40444,11437,19564,9272,29007,2611,1244,1367
26110,40454,11438,19570,9273,29015,2612,1245,1367
26115,40460,11441,19573,9275,29019,2612,1245,1367
26120,40471,11443,19582,9277,29024,2613,1246,1367
26125,40475,11447,19583,9281,29028,2613,1246,1367
26130,40485,11448,19587,9281,29037,2614,1246,1368
26135,40491,11450,19592,9283,29041,2614,1246,1368
26140,40502,11452,19598,9284,29047,2615,1246,1369
26145,40506,11455,19598,9287,29051,2615,1246,1369
26150,40516,11458,19603,9290,29058,2616,1246,1370
26155,40522,11459,19605,9291,29063,2616,1246,1370
26160,40533,11461,19609,9292,29069,2617,1246,1371
26165,40537,11464,19610,9295,29073,2617,1246,1371
26170,40547,11466,19611,9295,29081,2618,1246,1372
26175,40553,11467,19615,9296,29085,2618,1246,1372
26180,40564,11470,19619,9298,29091,2619,1246,1373
26185,40568,11474,19621,9302,29094,2619,1246,1373
26190,40578,11478,19628,9306,29099,2620,1246,1374
26195,40584,11481,19631,9308,29103,2620,1246,1374
26200,40595,11482,19635,9309,29111,2621,1247,1374
26205,40599,11484,19637,9311,29115,2621,1247,1374
26210,40609,11489,19642,9315,29120,2622,1247,1375
26215,40615,11491,19644,9316,29123,2622,1247,1375
26220,40626,11497,19650,9321,29127,2623,1248,1375
26225,40630,11500,19653,9324,29129,2623,1248,1375
26230,40640,11503,19655,9325,29136,2624,1248,1376
26235,40646,11505,19657,9326,29140,2624,1248,1376
26240,40657,11507,19664,9328,29147,2625,1248,1377
26245,40661,11509,19664,9330,29152,2625,1248,1377
26250,40671,11513,19667,9332,29158,2626,1249,1377
26255,40677,11515,19669,9333,29161,2626,1249,1377
26260,40688,11517,19672,9335,29170,2627,1249,1378
26265,40692,11518,19675,9336,29172,2627,1249,1378
26270,40702,11523,19679,9339,29179,2628,1249,1379
26275,40708,11523,19681,9339,29184,2628,1249,1379
26280,40719,11524,19683,9340,29193,2629,1249,1380
26285,40723,11526,19686,9342,29196,2629,1249,1380
26290,40733,11531,19691,9345,29202,2630,1250,1380
26295,40739,11531,19693,9345,29207,2630,1250,1380
26300,40750,11531,19699,9345,29217,2631,1250,1381
26305,40754,11531,19700,9345,29222,2631,1250,1381
26310,40764,11532,19705,9346,29232,2632,1250,1382
26315,40770,11532,19708,9346,29236,2632,1250,1382
26320,40781,11532,19714,9346,29248,2633,1251,1382
26325,40785,11532,19716,9346,29253,2633,1251,1382
26330,40795,11534,19725,9347,29261,2634,1252,1382
26335,40801,11534,19727,9347,29267,2634,1252,1382
26340,40812,11535,19730,9347,29276,2635,1252,1383
26345,40816,11536,19732,9348,29280,2635,1252,1383
26350,40826,11538,19736,9350,29288,2636,1252,1384
26355,40832,11538,19737,9350,29294,2636,1252,1384
26360,40843,11539,19742,9351,29302,2637,1252,1385
26365,40847,11542,19746,9354,29304,2637,1252,1385
26370,40857,11546,19752,9357,29310,2638,1252,1386
26375,40863,11548,19757,9359,29314,2638,1252,1386
26380,40874,11549,19761,9359,29322,2639,1253,1386
26385,40878,11552,19763,9362,29326,2639,1253,1386
26390,40888,11554,19768,9363,29333,2640,1254,1386
26395,40894,11557,19772,9365,29336,2640,1254,1386
26400,40905,11560,19776,9367,29342,2641,1255,1386
26405,40909,11561,19778,9368,29348,2641,1255,1386
26410,40919,11565,19784,9372,29354,2642,1255,1387
26415,40925,11566,19788,9372,29358,2642,1255,1387
26420,40936,11569,19792,9374,29364,2643,1255,1388
26425,40940,11572,19796,9377,29367,2643,1255,1388
26430,40950,11576,19802,9380,29373,2644,1256,1388
26435,40956,11579,19804,9382,29377,2644,1256,1388
26440,40967,11581,19807,9383,29383,2645,1256,1389
26445,40971,11583,19808,9385,29388,2645,1256,1389
26450,40981,11586,19812,9387,29395,2646,1257,1389
26455,40987,11587,19815,9387,29399,2646,1257,1389
26460,40998,11592,19822,9392,29403,2647,1257,1390
26465,41002,11595,19824,9395,29407,2647,1257,1390
26470,41012,11598,19829,9397,29414,2648,1258,1390
26475,41018,11599,19831,9397,29418,2648,1258,1390
26480,41029,11605,19839,9402,29420,2649,1259,1390
26485,41033,11609,19842,9406,29424,2649,1259,1390
26490,41043,11612,19849,9409,29430,2650,1259,1391
26495,41049,11615,19852,9411,29433,2650,1259,1391
26500,41060,11620,19859,9416,29437,2651,1259,1392
26505,41064,11624,19863,9420,29438,2651,1259,1392
26510,41074,11628,19867,9423,29445,2652,1259,1393
26515,41080,11631,19870,9426,29449,2652,1259,1393
26520,41091,11631,19877,9426,29458,2653,1259,1394
26525,41095,11631,19880,9426,29463,2653,1259,1394
26530,41105,11633,19883,9428,29472,2654,1259,1395
26535,41111,11635,19886,9429,29475,2654,1259,1395
26540,41122,11636,19894,9430,29483,2655,1259,1396
26545,41126,11637,19897,9431,29488,2655,1259,1396
26550,41136,11638,19902,9432,29498,2656,1259,1397
26555,41142,11640,19905,9433,29500,2656,1259,1397
26560,41153,11641,19911,9434,29511,2657,1260,1397
26565,41157,11641,19912,9434,29516,2657,1260,1397
26570,41167,11643,19918,9435,29523,2658,1260,1398
26575,41173,11646,19923,9438,29525,2658,1260,1398
26580,41184,11647,19932,9439,29535,2659,1261,1398
26585,41188,11647,19935,9439,29540,2659,1261,1398
26590,41198,11649,19943,9441,29548,2660,1262,1398
26595,41204,11652,19944,9443,29552,2660,1262,1398
26600,41215,11652,19948,9443,29562,2661,1262,1399
26605,41219,11652,19951,9443,29566,2661,1262,1399
26610,41229,11654,19956,9445,29575,2662,1262,1400
26615,41235,11654,19960,9445,29581,2662,1262,1400
26620,41246,11655,19963,9446,29589,2663,1262,1401
26625,41250,11656,19964,9447,29594,2663,1262,1401
26630,41260,11658,19970,9449,29602,2664,1262,1402
26635,41266,11658,19973,9449,29607,2664,1262,1402
26640,41277,11660,19979,9450,29614,2665,1263,1402
26645,41281,11661,19980,9451,29620,2665,1263,1402
26650,41291,11665,19987,9454,29626,2666,1263,1403
26655,41297,11665,19989,9454,29632,2666,1263,1403
26660,41308,11667,19993,9455,29640,2667,1264,1403
26665,41312,11668,19995,9456,29644,2667,1264,1403
26670,41322,11671,19998,9458,29651,2668,1264,1404
26675,41328,11671,20000,9458,29656,2668,1264,1404
26680,41339,11675,20009,9462,29661,2669,1265,1404
26685,41343,11677,20011,9464,29665,2669,1265,1404
26690,41353,11680,20015,9466,29673,2670,1266,1404
26695,41359,11680,20018,9466,29679,2670,1266,1404
26700,41370,11682,20024,9468,29685,2671,1266,1405
26705,41374,11684,20026,9470,29689,2671,1266,1405
26710,41384,11690,20032,9474,29693,2672,1267,1405
26715,41390,11692,20033,9475,29697,2672,1267,1405
26720,41401,11695,20036,9478,29705,2673,1267,1406
26725,41405,11697,20037,9480,29708,2673,1267,1406
26730,41415,11700,20040,9482,29715,2674,1268,1406
26735,41421,11702,20045,9484,29716,2674,1268,1406
26740,41432,11708,20048,9489,29723,2675,1268,1407
26745,41436,11710,20050,9491,29725,2675,1268,1407
26750,41446,11715,20052,9494,29731,2676,1268,1408
26755,41452,11718,20056,9497,29733,2676,1268,1408
26760,41463,11721,20058,9499,29741,2677,1268,1409
26765,41467,11722,20058,9500,29745,2677,1268,1409
26770,41477,11727,20061,9503,29750,2678,1268,1410
26775,41483,11730,20064,9505,29752,2678,1268,1410
26780,41494,11733,20067,9508,29760,2679,1268,1411
26785,41498,11735,20070,9510,29762,2679,1268,1411
26790,41508,11739,20076,9513,29768,2680,1269,1411
26795,41514,11742,20078,9515,29771,2680,1269,1411
26800,41525,11745,20084,9517,29778,2681,1269,1412
26805,41529,11748,20086,9520,29780,2681,1269,1412
26810,41539,11752,20091,9523,29787,2682,1269,1413
26815,41545,11753,20094,9524,29791,2682,1269,1413
26820,41556,11754,20099,9525,29800,2683,1270,1413
26825,41560,11754,20102,9525,29805,2683,1270,1413
26830,41570,11755,20107,9526,29815,2684,1270,1414
26835,41576,11756,20109,9527,29820,2684,1270,1414
26840,41587,11756,20116,9527,29829,2685,1270,1415
26845,41591,11757,20120,9528,29833,2685,1270,1415
26850,41601,11758,20127,9529,29842,2686,1271,1415
26855,41607,11761,20131,9532,29845,2686,1271,1415
26860,41618,11762,20137,9533,29854,2687,1272,1415
26865,41622,11763,20139,9534,29859,2687,1272,1415
26870,41632,11765,20144,9536,29867,2688,1272,1416
26875,41638,11766,20146,9536,29872,2688,1272,1416
26880,41649,11767,20151,9537,29881,2689,1272,1417
26885,41653,11767,20153,9537,29886,2689,1272,1417
26890,41663,11769,20158,9538,29893,2690,1273,1417
26895,41669,11771,20160,9539,29898,2690,1273,1417
26900,41680,11772,20167,9540,29905,2691,1274,1417
26905,41684,11774,20169,9542,29910,2691,1274,1417
26910,41694,11776,20173,9543,29918,2692,1275,1417
26915,41700,11777,20176,9544,29923,2692,1275,1417
26920,41711,11778,20184,9545,29931,2693,1276,1417
26925,41715,11780,20186,9547,29935,2693,1276,1417
26930,41725,11784,20191,9549,29940,2694,1277,1417
26935,41731,11787,20195,9552,29944,2694,1277,1417
26940,41742,11791,20202,9556,29950,2695,1278,1417
26945,41746,11793,20204,9558,29953,2695,1278,1417
26950,41756,11796,20209,9561,29960,2696,1279,1417
26955,41762,11798,20213,9562,29964,2696,1279,1417
26960,41773,11801,20218,9564,29971,2697,1280,1417
26965,41777,11802,20219,9565,29974,2697,1280,1417
26970,41787,11807,20223,9570,29980,2698,1280,1418
26975,41793,11808,20226,9571,29984,2698,1280,1418
26980,41804,11810,20228,9572,29993,2699,1280,1419
26985,41808,11813,20232,9575,29993,2699,1280,1419
26990,41818,11819,20236,9580,29998,2700,1280,1420
26995,41824,11821,20238,9581,30001,2700,1280,1420
27000,41835,11826,20243,9585,30007,2701,1281,1420
27005,41839,11829,20246,9588,30008,2701,1281,1420
27010,41849,11836,20250,9593,30013,2702,1282,1420
27015,41855,11838,20253,9595,30016,2702,1282,1420
27020,41866,11841,20259,9598,30023,2703,1283,1420
27025,41870,11843,20261,9600,30026,2703,1283,1420
27030,41880,11844,20265,9600,30036,2704,1284,1420
27035,41886,11845,20267,9600,30041,2704,1284,1420
27040,41897,11847,20274,9602,30048,2705,1284,1421
27045,41901,11848,20275,9603,30053,2705,1284,1421
27050,41911,11850,20280,9605,30060,2706,1284,1422
27055,41917,11852,20283,9607,30065,2706,1284,1422
27060,41928,11855,20289,9610,30071,2707,1284,1423
27065,41932,11856,20290,9611,30076,2707,1284,1423
27070,41942,11859,20295,9613,30082,2708,1285,1423
27075,41948,11861,20297,9614,30087,2708,1285,1423
27080,41959,11863,20301,9616,30095,2709,1285,1424
27085,41963,11864,20302,9617,30098,2709,1285,1424
27090,41973,11865,20306,9618,30107,2710,1286,1424
27095,41979,11867,20309,9620,30111,2710,1286,1424
27100,41990,11869,20316,9622,30118,2711,1286,1425
27105,41994,11872,20317,9625,30122,2711,1286,1425
27110,42004,11874,20323,9626,30129,2712,1286,1426
27115,42010,11876,20327,9628,30134,2712,1286,1426
27120,42021,11877,20330,9628,30142,2713,1286,1427
27125,42025,11880,20332,9631,30145,2713,1286,1427
27130,42035,11883,20336,9633,30152,2714,1286,1428
27135,42041,11884,20338,9633,30157,2714,1286,1428
27140,42052,11886,20343,9635,30163,2715,1286,1429
27145,42056,11889,20344,9638,30167,2715,1286,1429
27150,42066,11892,20351,9641,30173,2716,1287,1429
27155,42072,11894,20354,9643,30178,2716,1287,1429
27160,42083,11897,20358,9646,30186,2717,1288,1429
27165,42087,11898,20359,9647,30189,2717,1288,1429
27170,42097,11900,20364,9649,30197,2718,1289,1429
27175,42103,11901,20366,9649,30201,2718,1289,1429
27180,42114,11906,20372,9654,30206,2719,1289,1430
27185,42118,11908,20374,9656,30210,2719,1289,1430
27190,42128,11910,20377,9657,30218,2720,1289,1431
27195,42134,11912,20381,9659,30222,2720,1289,1431
27200,42145,11913,20387,9660,30230,2721,1290,1431
27205,42149,11914,20388,9661,30234,2721,1290,1431
27210,42159,11920,20393,9665,30238,2722,1290,1432
27215,42165,11922,20396,9667,30241,2722,1290,1432
27220,42176,11925,20402,9670,30248,2723,1290,1433
27225,42180,11928,20406,9673,30250,2723,1290,1433
27230,42190,11933,20413,9678,30256,2724,1291,1433
27235,42196,11936,20415,9681,30260,2724,1291,1433
27240,42207,11937,20420,9682,30268,2725,1291,1434
27245,42211,11939,20424,9684,30271,2725,1291,1434
27250,42221,11940,20430,9685,30281,2726,1292,1434
27255,42227,11940,20432,9685,30287,2726,1292,1434
27260,42238,11940,20440,9685,30296,2727,1292,1435
27265,42242,11940,20443,9685,30301,2727,1292,1435
27270,42252,11941,20447,9685,30311,2728,1293,1435
27275,42258,11941,20450,9685,30316,2728,1293,1435
27280,42269,11941,20452,9685,30327,2729,1293,1436
27285,42273,11941,20455,9685,30332,2729,1293,1436
27290,42283,11944,20461,9687,30339,2730,1294,1436
27295,42289,11944,20464,9687,30345,2730,1294,1436
27300,42300,11946,20470,9689,30351,2731,1294,1437
27305,42304,11948,20471,9691,30356,2731,1294,1437
27310,42314,11949,20475,9691,30365,2732,1295,1437
27315,42320,11949,20478,9691,30371,2732,1295,1437
27320,42331,11951,20484,9692,30379,2733,1295,1438
27325,42335,11952,20486,9693,30383,2733,1295,1438
27330,42345,11954,20493,9694,30391,2734,1295,1439
27335,42351,11954,20494,9694,30397,2734,1295,1439
27340,42362,11955,20499,9695,30407,2735,1296,1439
27345,42366,11955,20501,9695,30411,2735,1296,1439
27350,42376,11958,20505,9698,30418,2736,1296,1440
27355,42382,11959,20508,9698,30422,2736,1296,1440
27360,42393,11962,20512,9700,30429,2737,1296,1441
27365,42397,11964,20513,9702,30433,2737,1296,1441
27370,42407,11967,20519,9705,30439,2738,1296,1442
27375,42413,11970,20522,9707,30442,2738,1296,1442
27380,42424,11973,20527,9709,30448,2739,1296,1443
27385,42428,11976,20527,9712,30452,2739,1296,1443
27390,42438,11979,20531,9714,30458,2740,1296,1444
27395,42444,11981,20534,9715,30462,2740,1296,1444
27400,42455,11987,20543,9720,30464,2741,1297,1444
27405,42459,11991,20544,9724,30467,2741,1297,1444
27410,42469,11997,20550,9729,30471,2742,1298,1444
27415,42475,11999,20552,9731,30475,2742,1298,1444
27420,42486,12002,20556,9734,30483,2743,1299,1444
27425,42490,12004,20557,9736,30486,2743,1299,1444
27430,42500,12010,20562,9740,30489,2744,1299,1445
27435,42506,12013,20565,9743,30492,2744,1299,1445
27440,42517,12016,20570,9746,30499,2745,1300,1445
27445,42521,12020,20572,9750,30501,2745,1300,1445
27450,42531,12022,20579,9752,30508,2746,1301,1445
27455,42537,12025,20583,9755,30511,2746,1301,1445
27460,42548,12026,20589,9756,30519,2747,1301,1446
27465,42552,12028,20591,9758,30523,2747,1301,1446
27470,42562,12030,20594,9759,30532,2748,1301,1447
27475,42568,12032,20598,9761,30535,2748,1301,1447
27480,42579,12034,20605,9762,30542,2749,1302,1447
27485,42583,12037,20608,9765,30545,2749,1302,1447
27490,42593,12039,20614,9767,30553,2750,1302,1448
27495,42599,12042,20618,9770,30556,2750,1302,1448
27500,42610,12042,20620,9770,30568,2751,1302,1449
27505,42614,12042,20621,9770,30571,2751,1302,1449
27510,42624,12043,20623,9770,30581,2752,1303,1449
27515,42630,12044,20625,9770,30586,2752,1303,1449
27520,42641,12044,20632,9770,30594,2753,1304,1449
27525,42645,12045,20635,9771,30600,2753,1304,1449
27530,42655,12046,20639,9772,30608,2754,1305,1449
27535,42661,12048,20643,9773,30612,2754,1305,1449
27540,42672,12049,20649,9774,30622,2755,1306,1449
27545,42676,12049,20651,9774,30627,2755,1306,1449
27550,42686,12050,20653,9774,30636,2756,1307,1449
27555,42692,12051,20656,9774,30641,2756,1307,1449
27560,42703,12052,20659,9775,30650,2757,1308,1449
27565,42707,12052,20662,9775,30655,2757,1308,1449
27570,42717,12055,20668,9777,30661,2758,1309,1449
27575,42723,12057,20669,9778,30666,2758,1309,1449
27580,42734,12059,20676,9780,30673,2759,1310,1449
27585,42738,12060,20679,9781,30678,2759,1310,1449
27590,42748,12063,20685,9783,30684,2760,1311,1449
27595,42754,12065,20687,9785,30689,2760,1311,1449
27600,42765,12066,20691,9785,30696,2761,1312,1449
27605,42769,12071,20693,9790,30698,2761,1312,1449
27610,42779,12075,20698,9793,30704,2762,1313,1449
27615,42785,12076,20700,9794,30708,2762,1313,1449
27620,42796,12080,20707,9798,30713,2763,1314,1449
27625,42800,12082,20708,9800,30717,2763,1314,1449
27630,42810,12086,20712,9802,30724,2764,1315,1449
27635,42816,12088,20717,9804,30727,2764,1315,1449
27640,42827,12091,20723,9807,30733,2765,1316,1449
27645,42831,12094,20725,9810,30736,2765,1316,1449
27650,42841,12100,20729,9814,30741,2766,1317,1449
27655,42847,12102,20733,9816,30743,2766,1317,1449
27660,42858,12109,20741,9823,30746,2767,1317,1450
27665,42862,12113,20742,9827,30749,2767,1317,1450
27670,42872,12119,20750,9833,30752,2768,1318,1450
27675,42878,12121,20752,9835,30756,2768,1318,1450
27680,42889,12125,20757,9839,30762,2769,1318,1451
27685,42893,12127,20757,9841,30766,2769,1318,1451
27690,42903,12130,20760,9843,30773,2770,1318,1452
27695,42909,12131,20762,9844,30778,2770,1318,1452
27700,42920,12133,20767,9845,30785,2771,1319,1452
27705,42924,12135,20768,9847,30789,2771,1319,1452
27710,42934,12139,20774,9850,30795,2772,1320,1452
27715,42940,12140,20776,9850,30799,2772,1320,1452
27720,42951,12142,20782,9852,30807,2773,1320,1453
27725,42955,12144,20784,9854,30811,2773,1320,1453
27730,42965,12145,20790,9854,30820,2774,1321,1453
27735,42971,12145,20792,9854,30825,2774,1321,1453
27740,42982,12145,20794,9854,30837,2775,1321,1454
27745,42986,12145,20794,9854,30841,2775,1321,1454
27750,42996,12146,20797,9855,30850,2776,1322,1454
27755,43002,12146,20800,9855,30856,2776,1322,1454
27760,43013,12146,20805,9855,30866,2777,1323,1454
27765,43017,12146,20807,9855,30871,2777,1323,1454
27770,43027,12147,20814,9856,30880,2778,1324,1454
27775,43033,12147,20817,9856,30885,2778,1324,1454
27780,43044,12147,20823,9856,30895,2779,1325,1454
27785,43048,12147,20824,9856,30901,2779,1325,1454
27790,43058,12148,20827,9856,30910,2780,1326,1454
27795,43064,12148,20829,9856,30916,2780,1326,1454
27800,43075,12148,20833,9856,30925,2781,1326,1455
27805,43079,12148,20836,9856,30931,2781,1326,1455
27810,43089,12150,20841,9858,30939,2782,1327,1455
27815,43095,12150,20845,9858,30945,2782,1327,1455
27820,43106,12150,20848,9858,30954,2783,1327,1456
27825,43110,12151,20851,9859,30959,2783,1327,1456
27830,43120,12153,20853,9859,30967,2784,1327,1457
27835,43126,12154,20854,9859,30972,2784,1327,1457
27840,43137,12157,20858,9861,30977,2785,1327,1458
27845,43141,12159,20860,9863,30982,2785,1327,1458
27850,43151,12162,20864,9864,30988,2786,1328,1458
27855,43157,12165,20867,9866,30991,2786,1328,1458
27860,43168,12167,20869,9868,31000,2787,1329,1458
27865,43172,12168,20872,9869,31003,2787,1329,1458
27870,43182,12173,20879,9874,31008,2788,1330,1458
27875,43188,12176,20881,9876,31012,2788,1330,1458
27880,43199,12179,20887,9879,31017,2789,1330,1459
27885,43203,12182,20889,9882,31020,2789,1330,1459
27890,43213,12187,20894,9885,31025,2790,1331,1459
27895,43219,12190,20898,9887,31028,2790,1331,1459
27900,43230,12192,20900,9889,31036,2791,1331,1460
27905,43234,12193,20901,9890,31040,2791,1331,1460
27910,43244,12197,20903,9892,31047,2792,1332,1460
27915,43250,12198,20905,9893,31051,2792,1332,1460
27920,43261,12202,20911,9896,31055,2793,1332,1461
27925,43265,12207,20913,9901,31057,2793,1332,1461
27930,43275,12213,20919,9907,31062,2794,1333,1461
27935,43281,12215,20924,9909,31063,2794,1333,1461
27940,43292,12221,20928,9914,31068,2795,1333,1462
27945,43296,12224,20930,9917,31071,2795,1333,1462
27950,43306,12232,20938,9924,31073,2796,1334,1462
27955,43312,12235,20939,9926,31077,2796,1334,1462
27960,43323,12238,20945,9928,31083,2797,1335,1462
27965,43327,12241,20946,9931,31086,2797,1335,1462
27970,43337,12243,20951,9933,31093,2798,1335,1463
27975,43343,12245,20955,9935,31096,2798,1335,1463
27980,43354,12246,20960,9935,31105,2799,1336,1463
27985,43358,12248,20961,9937,31110,2799,1336,1463
27990,43368,12249,20964,9937,31119,2800,1336,1464
27995,43374,12251,20966,9938,31123,2800,1336,1464
28000,43385,12253,20972,9939,31129,2801,1337,1464
28005,43389,12254,20972,9940,31135,2801,1337,1464
28010,43399,12255,20975,9940,31143,2802,1337,1465
28015,43405,12257,20976,9941,31148,2802,1337,1465
28020,43416,12259,20982,9942,31153,2803,1338,1465
28025,43420,12262,20983,9945,31158,2803,1338,1465
28030,43430,12265,20989,9947,31164,2804,1338,1466
28035,43436,12268,20995,9950,31168,2804,1338,1466
28040,43447,12269,21000,9950,31175,2805,1339,1466
28045,43451,12272,21002,9953,31179,2805,1339,1466
28050,43461,12273,21007,9953,31187,2806,1339,1467
28055,43467,12276,21009,9955,31191,2806,1339,1467
28060,43478,12278,21014,9957,31199,2807,1339,1468
28065,43482,12278,21015,9957,31204,2807,1339,1468
28070,43492,12281,21018,9959,31210,2808,1339,1469
28075,43498,12283,21020,9961,31215,2808,1339,1469
28080,43509,12284,21028,9962,31221,2809,1340,1469
28085,43513,12287,21030,9965,31225,2809,1340,1469
28090,43523,12290,21037,9967,31233,2810,1340,1470
28095,43529,12290,21041,9967,31238,2810,1340,1470
28100,43540,12292,21045,9969,31245,2811,1341,1470
28105,43544,12293,21047,9970,31250,2811,1341,1470
28110,43554,12296,21051,9973,31258,2812,1342,1470
28115,43560,12296,21055,9973,31263,2812,1342,1470
28120,43571,12299,21062,9976,31270,2813,1342,1471
28125,43575,12299,21065,9976,31275,2813,1342,1471
28130,43585,12302,21070,9979,31283,2814,1343,1471
28135,43591,12302,21071,9979,31289,2814,1343,1471
28140,43602,12302,21074,9979,31298,2815,1343,1472
28145,43606,12304,21077,9981,31301,2815,1343,1472
28150,43616,12309,21082,9985,31307,2816,1343,1473
28155,43622,12310,21086,9986,31311,2816,1343,1473
28160,43633,12315,21094,9990,31315,2817,1343,1474
28165,43637,12319,21096,9994,31318,2817,1343,1474
28170,43647,12321,21102,9996,31326,2818,1343,1475
28175,43653,12321,21106,9996,31331,2818,1343,1475
28180,43664,12323,21113,9998,31338,2819,1343,1476
28185,43668,12324,21115,9999,31344,2819,1343,1476
28190,43678,12326,21119,10001,31351,2820,1343,1477
28195,43684,12328,21121,10002,31355,2820,1343,1477
28200,43695,12330,21129,10004,31362,2821,1344,1477
28205,43699,12333,21130,10007,31366,2821,1344,1477
28210,43709,12336,21135,10009,31372,2822,1344,1478
28215,43715,12338,21136,10010,31377,2822,1344,1478
28220,43726,12339,21140,10010,31384,2823,1344,1479
28225,43730,12341,21141,10012,31389,2823,1344,1479
28230,43740,12344,21145,10015,31396,2824,1344,1480
28235,43746,12346,21149,10017,31400,2824,1344,1480
28240,43757,12348,21154,10018,31406,2825,1345,1480
28245,43761,12350,21157,10020,31410,2825,1345,1480
28250,43771,12352,21161,10021,31419,2826,1345,1481
28255,43777,12353,21165,10022,31424,2826,1345,1481
28260,43788,12354,21169,10022,31432,2827,1346,1481
28265,43792,12355,21172,10023,31437,2827,1346,1481
28270,43802,12359,21178,10026,31443,2828,1347,1481
28275,43808,12360,21181,10026,31448,2828,1347,1481
28280,43819,12363,21188,10029,31453,2829,1348,1481
28285,43823,12366,21191,10032,31457,2829,1348,1481
28290,43833,12369,21195,10033,31463,2830,1348,1482
28295,43839,12371,21197,10035,31468,2830,1348,1482
28300,43850,12375,21203,10038,31472,2831,1349,1482
28305,43854,12376,21205,10039,31478,2831,1349,1482
28310,43864,12378,21208,10039,31486,2832,1350,1482
28315,43870,12380,21209,10040,31490,2832,1350,1482
28320,43881,12382,21216,10042,31496,2833,1351,1482
28325,43885,12384,21217,10044,31500,2833,1351,1482
28330,43895,12388,21223,10047,31507,2834,1352,1482
28335,43901,12390,21225,10048,31511,2834,1352,1482
28340,43912,12390,21227,10048,31520,2835,1352,1483
28345,43916,12391,21228,10049,31525,2835,1352,1483
28350,43926,12393,21231,10049,31532,2836,1352,1484
28355,43932,12395,21232,10050,31537,2836,1352,1484
28360,43943,12396,21235,10051,31545,2837,1352,1485
28365,43947,12398,21236,10053,31549,2837,1352,1485
28370,43957,12401,21241,10056,31556,2838,1353,1485
28375,43963,12402,21244,10057,31559,2838,1353,1485
28380,43974,12404,21249,10059,31567,2839,1354,1485
28385,43978,12407,21250,10062,31571,2839,1354,1485
28390,43988,12412,21257,10066,31575,2840,1355,1485
28395,43994,12415,21260,10068,31577,2840,1355,1485
28400,44005,12418,21266,10071,31585,2841,1356,1485
28405,44009,12419,21267,10072,31589,2841,1356,1485
28410,44019,12425,21271,10076,31593,2842,1356,1486
28415,44025,12428,21274,10079,31596,2842,1356,1486
28420,44036,12433,21280,10084,31600,2843,1356,1487
28425,44040,12436,21282,10087,31603,2843,1356,1487
28430,44050,12443,21287,10092,31606,2844,1356,1488
28435,44056,12445,21290,10094,31610,2844,1356,1488
28440,44067,12447,21294,10095,31617,2845,1357,1488
28445,44071,12448,21297,10096,31622,2845,1357,1488
28450,44081,12450,21301,10097,31631,2846,1358,1488
28455,44087,12451,21303,10098,31636,2846,1358,1488
28460,44098,12453,21307,10100,31644,2847,1358,1489
28465,44102,12455,21311,10102,31647,2847,1358,1489
28470,44112,12458,21316,10105,31654,2848,1358,1490
28475,44118,12460,21320,10107,31658,2848,1358,1490
28480,44129,12463,21325,10109,31663,2849,1358,1491
28485,44133,12465,21327,10111,31668,2849,1358,1491
28490,44143,12468,21333,10113,31674,2850,1359,1491
28495,44149,12471,21337,10116,31678,2850,1359,1491
28500,44160,12473,21343,10117,31685,2851,1360,1491
28505,44164,12475,21347,10119,31689,2851,1360,1491
28510,44174,12476,21353,10119,31698,2852,1361,1491
28515,44180,12476,21355,10119,31704,2852,1361,1491
28520,44191,12477,21362,10120,31712,2853,1361,1492
28525,44195,12479,21364,10122,31716,2853,1361,1492
28530,44205,12481,21370,10124,31724,2854,1362,1492
28535,44211,12481,21374,10124,31730,2854,1362,1492
28540,44222,12482,21379,10125,31738,2855,1363,1492
28545,44226,12484,21381,10127,31742,2855,1363,1492
28550,44236,12487,21383,10128,31749,2856,1363,1493
28555,44242,12487,21386,10128,31755,2856,1363,1493
28560,44253,12489,21390,10129,31761,2857,1364,1493
28565,44257,12492,21394,10132,31763,2857,1364,1493
28570,44267,12498,21400,10137,31769,2858,1365,1493
28575,44273,12499,21402,10138,31773,2858,1365,1493
28580,44284,12502,21409,10141,31779,2859,1365,1494
28585,44288,12505,21413,10144,31781,2859,1365,1494
28590,44298,12510,21414,10147,31788,2860,1365,1495
28595,44304,12511,21418,10148,31791,2860,1365,1495
28600,44315,12512,21421,10149,31802,2861,1365,1496
28605,44319,12512,21424,10149,31806,2861,1365,1496
28610,44329,12513,21429,10150,31815,2862,1365,1497
28615,44335,12515,21431,10152,31820,2862,1365,1497
28620,44346,12516,21436,10153,31828,2863,1366,1497
28625,44350,12516,21439,10153,31833,2863,1366,1497
28630,44360,12518,21444,10154,31842,2864,1367,1497
28635,44366,12520,21448,10155,31845,2864,1367,1497
28640,44377,12521,21455,10156,31853,2865,1368,1497
28645,44381,12522,21458,10157,31858,2865,1368,1497
28650,44391,12524,21465,10158,31866,2866,1369,1497
28655,44397,12526,21470,10160,31871,2866,1369,1497
28660,44408,12527,21477,10161,31879,2867,1369,1498
28665,44412,12528,21478,10162,31884,2867,1369,1498
28670,44422,12531,21484,10164,31890,2868,1369,1499
28675,44428,12533,21486,10166,31895,2868,1369,1499
28680,44439,12535,21490,10168,31903,2869,1369,1500
28685,44443,12537,21493,10170,31906,2869,1369,1500
28690,44453,12540,21500,10173,31912,2870,1369,1501
28695,44459,12543,21503,10176,31916,2870,1369,1501
28700,44470,12544,21508,10177,31924,2871,1370,1501
28705,44474,12545,21510,10178,31929,2871,1370,1501
28710,44484,12549,21514,10181,31935,2872,1370,1502
28715,44490,12550,21517,10182,31940,2872,1370,1502
28720,44501,12552,21521,10184,31947,2873,1370,1503
28725,44505,12556,21524,10188,31949,2873,1370,1503
28730,44515,12559,21529,10190,31956,2874,1371,1503
28735,44521,12561,21533,10192,31959,2874,1371,1503
28740,44532,12565,21540,10196,31964,2875,1372,1503
28745,44536,12567,21541,10198,31968,2875,1372,1503
28750,44546,12570,21545,10201,31975,2876,1372,1504
28755,44552,12573,21548,10203,31978,2876,1372,1504
28760,44563,12577,21552,10206,31985,2877,1373,1504
28765,44567,12579,21553,10208,31988,2877,1373,1504
28770,44577,12584,21557,10211,31993,2878,1374,1504
28775,44583,12586,21560,10213,31996,2878,1374,1504
28780,44594,12590,21565,10216,32000,2879,1374,1505
28785,44598,12595,21568,10221,32002,2879,1374,1505
28790,44608,12601,21575,10226,32006,2880,1375,1505
28795,44614,12604,21577,10228,32010,2880,1375,1505
28800,44625,12605,21577,10228,32019,2881,1375,1506
28805,44629,12606,21580,10229,32023,2881,1375,1506
28810,44639,12610,21587,10232,32029,2882,1375,1507
28815,44645,12612,21590,10234,32032,2882,1375,1507
28820,44656,12614,21593,10235,32040,2883,1375,1508
28825,44660,12616,21595,10237,32043,2883,1375,1508
28830,44670,12619,21599,10239,32051,2884,1375,1509
28835,44676,12620,21602,10240,32055,2884,1375,1509
28840,44687,12622,21605,10242,32064,2885,1375,1510
28845,44691,12623,21608,10243,32067,2885,1375,1510
28850,44701,12625,21612,10245,32076,2886,1375,1511
28855,44707,12627,21615,10247,32079,2886,1375,1511
28860,44718,12628,21620,10248,32088,2887,1375,1512
28865,44722,12628,21621,10248,32094,2887,1375,1512
28870,44732,12629,21626,10248,32102,2888,1376,1512
28875,44738,12632,21629,10250,32105,2888,1376,1512
28880,44749,12632,21632,10250,32115,2889,1377,1512
28885,44753,12633,21634,10251,32119,2889,1377,1512
28890,44763,12635,21635,10252,32128,2890,1377,1513
28895,44769,12636,21640,10253,32131,2890,1377,1513
28900,44780,12638,21644,10255,32140,2891,1377,1514
28905,44784,12638,21646,10255,32145,2891,1377,1514
28910,44794,12640,21649,10256,32154,2892,1377,1515
28915,44800,12641,21650,10256,32159,2892,1377,1515
28920,44811,12642,21656,10257,32166,2893,1378,1515
28925,44815,12643,21657,10258,32172,2893,1378,1515
28930,44825,12646,21661,10260,32179,2894,1378,1516
28935,44831,12648,21664,10262,32183,2894,1378,1516
28940,44842,12650,21669,10264,32191,2895,1379,1516
28945,44846,12650,21671,10264,32195,2895,1379,1516
28950,44856,12653,21673,10266,32203,2896,1379,1517
28955,44862,12654,21674,10267,32208,2896,1379,1517
28960,44873,12657,21680,10269,32212,2897,1380,1517
28965,44877,12661,21682,10273,32215,2897,1380,1517
28970,44887,12666,21689,10278,32221,2898,1380,1518
28975,44893,12667,21692,10279,32226,2898,1380,1518
28980,44904,12669,21696,10280,32231,2899,1380,1519
28985,44908,12672,21697,10283,32236,2899,1380,1519
28990,44918,12676,21701,10286,32241,2900,1380,1520
28995,44924,12677,21706,10287,32246,2900,1380,1520
29000,44935,12680,21711,10289,32254,2901,1381,1520
29005,44939,12683,21715,10292,32255,2901,1381,1520
29010,44949,12688,21721,10296,32261,2902,1382,1520
29015,44955,12689,21726,10297,32264,2902,1382,1520
29020,44966,12694,21730,10301,32271,2903,1382,1521
29025,44970,12696,21733,10303,32272,2903,1382,1521
29030,44980,12702,21740,10309,32278,2904,1383,1521
29035,44986,12702,21742,10309,32283,2904,1383,1521
29040,44997,12707,21750,10313,32288,2905,1384,1521
29045,45001,12708,21751,10314,32293,2905,1384,1521
29050,45011,12711,21759,10317,32300,2906,1384,1522
29055,45017,12711,21763,10317,32305,2906,1384,1522
29060,45028,12713,21766,10318,32314,2907,1384,1523
29065,45032,12714,21767,10319,32318,2907,1384,1523
29070,45042,12717,21771,10321,32325,2908,1385,1523
29075,45048,12717,21774,10321,32330,2908,1385,1523
29080,45059,12718,21777,10321,32340,2909,1385,1524
29085,45063,12718,21778,10321,32345,2909,1385,1524
29090,45073,12719,21781,10321,32354,2910,1386,1524
29095,45079,12720,21783,10322,32359,2910,1386,1524
29100,45090,12723,21789,10325,32365,2911,1386,1525
29105,45094,12725,21791,10327,32368,2911,1386,1525
29110,45104,12727,21796,10329,32376,2912,1387,1525
29115,45110,12730,21799,10331,32379,2912,1387,1525
29120,45121,12732,21804,10333,32389,2913,1388,1525
29125,45125,12733,21806,10334,32391,2913,1388,1525
29130,45135,12736,21811,10336,32399,2914,1388,1526
29135,45141,12737,21812,10337,32404,2914,1388,1526
29140,45152,12737,21817,10337,32414,2915,1389,1526
29145,45156,12737,21817,10337,32419,2915,1389,1526
29150,45166,12739,21822,10339,32427,2916,1390,1526
29155,45172,12740,21825,10340,32431,2916,1390,1526
29160,45183,12742,21832,10342,32440,2917,1391,1526
29165,45187,12742,21835,10342,32444,2917,1391,1526
29170,45197,12744,21837,10343,32453,2918,1391,1527
29175,45203,12745,21839,10343,32458,2918,1391,1527
29180,45214,12747,21846,10345,32465,2919,1392,1527
29185,45218,12748,21849,10346,32470,2919,1392,1527
29190,45228,12750,21854,10346,32478,2920,1393,1527
29195,45234,12751,21857,10347,32483,2920,1393,1527
29200,45245,12753,21864,10349,32491,2921,1393,1528
29205,45249,12753,21865,10349,32496,2921,1393,1528
29210,45259,12755,21868,10350,32504,2922,1393,1529
29215,45265,12756,21870,10350,32509,2922,1393,1529
29220,45276,12758,21877,10352,32514,2923,1393,1530
29225,45280,12761,21880,10355,32518,2923,1393,1530
29230,45290,12764,21883,10356,32526,2924,1394,1530
29235,45296,12765,21884,10356,32531,2924,1394,1530
29240,45307,12768,21889,10358,32536,2925,1394,1531
29245,45311,12771,21890,10361,32540,2925,1394,1531
29250,45321,12774,21893,10362,32547,2926,1395,1531
29255,45327,12775,21896,10362,32551,2926,1395,1531
29260,45338,12779,21903,10366,32555,2927,1395,1532
29265,45342,12784,21905,10371,32558,2927,1395,1532
29270,45352,12789,21914,10375,32562,2928,1396,1532
29275,45358,12792,21918,10378,32564,2928,1396,1532
29280,45369,12796,21921,10382,32573,2929,1397,1532
29285,45373,12797,21923,10383,32575,2929,1397,1532
29290,45383,12805,21929,10390,32578,2930,1397,1533
29295,45389,12807,21931,10392,32582,2930,1397,1533
29300,45400,12810,21937,10395,32587,2931,1397,1534
29305,45404,12815,21939,10400,32589,2931,1397,1534
29310,45414,12820,21946,10405,32593,2932,1398,1534
29315,45420,12822,21948,10406,32596,2932,1398,1534
29320,45431,12826,21955,10410,32603,2933,1399,1534
29325,45435,12828,21958,10412,32606,2933,1399,1534
29330,45445,12830,21961,10414,32615,2934,1399,1535
29335,45451,12832,21963,10415,32619,2934,1399,1535
29340,45462,12834,21967,10416,32627,2935,1399,1536
29345,45466,12835,21969,10417,32630,2935,1399,1536
29350,45476,12837,21972,10418,32639,2936,1399,1537
29355,45482,12838,21974,10419,32643,2936,1399,1537
29360,45493,12841,21980,10421,32649,2937,1399,1538
29365,45497,12843,21982,10423,32654,2937,1399,1538
29370,45507,12844,21988,10424,32663,2938,1400,1538
29375,45513,12845,21990,10424,32667,2938,1400,1538
29380,45524,12848,21996,10426,32674,2939,1400,1539
29385,45528,12850,21997,10428,32678,2939,1400,1539
29390,45538,12852,22001,10429,32685,2940,1401,1539
29395,45544,12855,22006,10432,32689,2940,1401,1539
29400,45555,12856,22011,10433,32697,2941,1402,1539
29405,45559,12858,22014,10435,32701,2941,1402,1539
29410,45569,12860,22019,10437,32709,2942,1403,1539
29415,45575,12862,22023,10439,32712,2942,1403,1539
29420,45586,12862,22030,10439,32723,2943,1404,1539
29425,45590,12862,22032,10439,32727,2943,1404,1539
29430,45600,12865,22038,10441,32735,2944,1405,1539
29435,45606,12867,22042,10443,32739,2944,1405,1539
29440,45617,12867,22048,10443,32747,2945,1406,1539
29445,45621,12869,22051,10445,32752,2945,1406,1539
29450,45631,12871,22056,10446,32760,2946,1406,1540
29455,45637,12872,22060,10447,32765,2946,1406,1540
29460,45648,12873,22065,10448,32773,2947,1406,1541
29465,45652,12875,22065,10450,32777,2947,1406,1541
29470,45662,12878,22069,10452,32784,2948,1406,1542
29475,45668,12880,22073,10454,32788,2948,1406,1542
29480,45679,12881,22076,10455,32796,2949,1406,1543
29485,45683,12882,22077,10456,32801,2949,1406,1543
29490,45693,12884,22081,10457,32809,2950,1407,1543
29495,45699,12886,22084,10458,32813,2950,1407,1543
29500,45710,12887,22088,10459,32822,2951,1408,1543
29505,45714,12888,22092,10460,32825,2951,1408,1543
29510,45724,12893,22096,10463,32831,2952,1408,1544
29515,45730,12894,22100,10464,32835,2952,1408,1544
29520,45741,12897,22103,10466,32842,2953,1408,1545
29525,45745,12900,22106,10469,32844,2953,1408,1545
29530,45755,12903,22108,10470,32852,2954,1408,1546
29535,45761,12905,22110,10472,32856,2954,1408,1546
29540,45772,12909,22117,10475,32860,2955,1409,1546
29545,45776,12914,22121,10480,32860,2955,1409,1546
29550,45786,12920,22126,10485,32865,2956,1410,1546
29555,45792,12924,22130,10488,32866,2956,1410,1546
29560,45803,12929,22135,10493,32872,2957,1410,1547
29565,45807,12932,22138,10496,32873,2957,1410,1547
29570,45817,12935,22142,10498,32881,2958,1411,1547
29575,45823,12938,22146,10501,32884,2958,1411,1547
29580,45834,12939,22149,10501,32894,2959,1411,1548
29585,45838,12941,22153,10503,32896,2959,1411,1548
29590,45848,12943,22159,10504,32905,2960,1412,1548
29595,45854,12943,22162,10504,32910,2960,1412,1548
29600,45865,12945,22169,10506,32918,2961,1413,1548
29605,45869,12947,22171,10508,32922,2961,1413,1548
29610,45879,12949,22178,10509,32930,2962,1414,1548
29615,45885,12949,22181,10509,32935,2962,1414,1548
29620,45896,12951,22188,10510,32942,2963,1414,1549
29625,45900,12953,22190,10512,32946,2963,1414,1549
29630,45910,12954,22197,10513,32956,2964,1415,1549
29635,45916,12954,22199,10513,32961,2964,1415,1549
29640,45927,12956,22206,10515,32970,2965,1416,1549
29645,45931,12957,22208,10516,32974,2965,1416,1549
29650,45941,12959,22212,10517,32982,2966,1416,1550
29655,45947,12959,22217,10517,32988,2966,1416,1550
29660,45958,12961,22225,10519,32995,2967,1417,1550
29665,45962,12962,22225,10520,33000,2967,1417,1550
29670,45972,12963,22229,10521,33009,2968,1417,1551
29675,45978,12963,22232,10521,33014,2968,1417,1551
29680,45989,12964,22236,10522,33024,2969,1417,1552
29685,45993,12965,22239,10523,33028,2969,1417,1552
29690,46003,12967,22245,10524,33036,2970,1418,1552
29695,46009,12968,22246,10524,33041,2970,1418,1552
29700,46020,12969,22251,10525,33049,2971,1418,1553
29705,46024,12970,22254,10526,33054,2971,1418,1553
29710,46034,12972,22260,10527,33062,2972,1419,1553
29715,46040,12973,22261,10527,33067,2972,1419,1553
29720,46051,12975,22266,10529,33074,2973,1419,1554
29725,46055,12976,22267,10530,33079,2973,1419,1554
29730,46065,12978,22271,10530,33087,2974,1419,1555
29735,46071,12979,22274,10530,33091,2974,1419,1555
29740,46082,12980,22276,10531,33101,2975,1419,1556
29745,46086,12981,22278,10532,33104,2975,1419,1556
29750,46096,12985,22283,10535,33110,2976,1419,1557
29755,46102,12988,22286,10537,33114,2976,1419,1557
29760,46113,12989,22294,10538,33121,2977,1420,1557
29765,46117,12991,22297,10540,33124,2977,1420,1557
29770,46127,12997,22299,10544,33130,2978,1420,1558
29775,46133,12999,22304,10546,33131,2978,1420,1558
29780,46144,13005,22308,10551,33138,2979,1421,1558
29785,46148,13008,22310,10554,33140,2979,1421,1558
29790,46158,13013,22315,10559,33145,2980,1421,1559
29795,46164,13014,22318,10560,33148,2980,1421,1559
29800,46175,13019,22321,10564,33156,2981,1422,1559
29805,46179,13020,22324,10565,33157,2981,1422,1559
29810,46189,13023,22330,10568,33165,2982,1422,1560
29815,46195,13025,22335,10570,33168,2982,1422,1560
29820,46206,13028,22343,10572,33175,2983,1423,1560
29825,46210,13030,22344,10574,33180,2983,1423,1560
29830,46220,13033,22349,10576,33187,2984,1424,1560
29835,46226,13035,22350,10577,33191,2984,1424,1560
29840,46237,13038,22357,10580,33197,2985,1425,1560
29845,46241,13040,22361,10582,33200,2985,1425,1560
29850,46251,13043,22366,10585,33208,2986,1425,1561
29855,46257,13045,22369,10586,33212,2986,1425,1561
29860,46268,13046,22374,10586,33219,2987,1426,1561
29865,46272,13049,22376,10589,33223,2987,1426,1561
29870,46282,13052,22381,10592,33229,2988,1426,1562
29875,46288,13055,22384,10595,33232,2988,1426,1562
29880,46299,13057,22391,10597,33240,2989,1427,1562
29885,46303,13058,22393,10598,33245,2989,1427,1562
29890,46313,13060,22398,10599,33253,2990,1428,1562
29895,46319,13061,22401,10600,33258,2990,1428,1562
29900,46330,13064,22408,10602,33264,2991,1428,1563
29905,46334,13066,22410,10604,33268,2991,1428,1563
29910,46344,13070,22417,10608,33274,2992,1429,1563
29915,46350,13071,22418,10608,33279,2992,1429,1563
29920,46361,13073,22424,10610,33287,2993,1430,1563
29925,46365,13075,22426,10612,33290,2993,1430,1563
29930,46375,13078,22430,10613,33297,2994,1431,1563
29935,46381,13079,22433,10613,33302,2994,1431,1563
29940,46392,13081,22437,10615,33310,2995,1431,1564
29945,46396,13082,22440,10616,33314,2995,1431,1564
29950,46406,13084,22444,10616,33322,2996,1432,1564
29955,46412,13085,22446,10617,33327,2996,1432,1564
29960,46423,13087,22451,10619,33336,2997,1433,1564
29965,46427,13088,22453,10620,33339,2997,1433,1564
29970,46437,13091,22460,10623,33345,2998,1433,1565
29975,46443,13094,22463,10625,33348,2998,1433,1565
29980,46454,13098,22472,10629,33353,2999,1433,1566
29985,46458,13100,22472,10631,33358,2999,1433,1566
29990,46468,13102,22476,10632,33366,3000,1433,1567
29995,46474,13104,22478,10633,33369,3000,1433,1567
30000,46485,13105,22480,10634,33379,3001,1433,1568
30005,46489,13106,22483,10635,33381,3001,1433,1568
30010,46499,13111,22489,10640,33388,3002,1434,1568
30015,46505,13112,22490,10640,33392,3002,1434,1568
30020,46516,13114,22496,10642,33399,3003,1435,1568
30025,46520,13117,22498,10645,33402,3003,1435,1568
30030,46530,13121,22503,10648,33409,3004,1436,1568
30035,46536,13123,22505,10649,33412,3004,1436,1568
30040,46547,13126,22509,10652,33420,3005,1437,1568
30045,46551,13126,22510,10652,33424,3005,1437,1568
30050,46561,13133,22517,10658,33427,3006,1438,1568
30055,46567,13135,22519,10659,33430,3006,1438,1568
30060,46578,13139,22524,10663,33435,3007,1438,1569
30065,46582,13141,22526,10665,33440,3007,1438,1569
30070,46592,13145,22533,10668,33446,3008,1439,1569
30075,46598,13147,22536,10669,33450,3008,1439,1569
30080,46609,13148,22540,10670,33460,3009,1439,1570
30085,46613,13149,22543,10671,33463,3009,1439,1570
30090,46623,13151,22545,10672,33472,3010,1439,1571
30095,46629,13153,22549,10674,33476,3010,1439,1571
30100,46640,13155,22553,10675,33483,3011,1440,1571
30105,46644,13156,22555,10676,33487,3011,1440,1571
30110,46654,13158,22561,10677,33495,3012,1441,1571
30115,46660,13160,22563,10678,33500,3012,1441,1571
30120,46671,13162,22571,10680,33506,3013,1442,1571
30125,46675,13164,22572,10682,33510,3013,1442,1571
30130,46685,13165,22577,10683,33519,3014,1443,1571
30135,46691,13167,22580,10684,33524,3014,1443,1571
30140,46702,13169,22587,10686,33531,3015,1443,1572
30145,46706,13172,22588,10689,33534,3015,1443,1572
30150,46716,13174,22595,10691,33541,3016,1444,1572
30155,46722,13177,22597,10693,33545,3016,1444,1572
30160,46733,13179,22602,10694,33552,3017,1444,1573
30165,46737,13181,22605,10696,33556,3017,1444,1573
30170,46747,13184,22610,10698,33562,3018,1444,1574
30175,46753,13187,22612,10700,33566,3018,1444,1574
30180,46764,13191,22617,10703,33572,3019,1445,1574
30185,46768,13192,22619,10704,33576,3019,1445,1574
30190,46778,13196,22628,10708,33582,3020,1446,1574
30195,46784,13196,22630,10708,33588,3020,1446,1574
30200,46795,13199,22636,10710,33593,3021,1446,1575
30205,46799,13201,22637,10712,33598,3021,1446,1575
30210,46809,13204,22640,10714,33605,3022,1446,1576
30215,46815,13204,22641,10714,33611,3022,1446,1576
30220,46826,13205,22644,10714,33618,3023,1446,1577
30225,46830,13208,22646,10717,33622,3023,1446,1577
30230,46840,13211,22651,10719,33629,3024,1446,1578
30235,46846,13211,22652,10719,33635,3024,1446,1578
30240,46857,13214,22659,10722,33640,3025,1447,1578
30245,46861,13217,22662,10725,33642,3025,1447,1578
30250,46871,13221,22666,10728,33650,3026,1447,1579
30255,46877,13221,22668,10728,33655,3026,1447,1579
30260,46888,13222,22673,10729,33664,3027,1447,1580
30265,46892,13223,22675,10730,33667,3027,1447,1580
30270,46902,13227,22680,10734,33675,3028,1447,1581
30275,46908,13228,22684,10735,33678,3028,1447,1581
30280,46919,13231,22688,10738,33686,3029,1447,1582
30285,46923,13232,22691,10739,33689,3029,1447,1582
30290,46933,13235,22697,10741,33697,3030,1447,1583
30295,46939,13238,22702,10744,33699,3030,1447,1583
30300,46950,13238,22706,10744,33711,3031,1447,1584
30305,46954,13238,22710,10744,33715,3031,1447,1584
30310,46964,13239,22715,10745,33724,3032,1448,1584
30315,46970,13241,22720,10747,33728,3032,1448,1584
30320,46981,13242,22725,10748,33737,3033,1448,1585
30325,46985,13242,22728,10748,33743,3033,1448,1585
30330,46995,13243,22732,10748,33752,3034,1449,1585
30335,47001,13245,22736,10750,33756,3034,1449,1585
30340,47012,13245,22742,10750,33765,3035,1449,1586
30345,47016,13245,22742,10750,33771,3035,1449,1586
30350,47026,13247,22747,10752,33778,3036,1449,1587
30355,47032,13249,22748,10753,33783,3036,1449,1587
30360,47043,13250,22751,10754,33792,3037,1449,1588
30365,47047,13251,22752,10755,33796,3037,1449,1588
30370,47057,13253,22758,10757,33803,3038,1449,1589
30375,47063,13256,22762,10759,33807,3038,1449,1589
30380,47074,13258,22767,10760,33813,3039,1449,1590
30385,47078,13260,22769,10762,33818,3039,1449,1590
30390,47088,13263,22773,10764,33824,3040,1450,1590
30395,47094,13266,22777,10767,33828,3040,1450,1590
30400,47105,13268,22781,10768,33835,3041,1451,1590
30405,47109,13270,22784,10770,33839,3041,1451,1590
30410,47119,13273,22790,10773,33845,3042,1451,1591
30415,47125,13275,22792,10774,33849,3042,1451,1591
30420,47136,13280,22797,10778,33854,3043,1451,1592
30425,47140,13282,22797,10780,33858,3043,1451,1592
30430,47150,13287,22802,10783,33862,3044,1451,1593
30435,47156,13290,22805,10785,33864,3044,1451,1593
30440,47167,13294,22807,10788,33871,3045,1451,1594
30445,47171,13296,22809,10790,33874,3045,1451,1594
30450,47181,13301,22812,10794,33880,3046,1451,1595
30455,47187,13302,22814,10795,33884,3046,1451,1595
30460,47198,13307,22820,10799,33889,3047,1452,1595
30465,47202,13310,22821,10802,33892,3047,1452,1595
30470,47212,13318,22828,10809,33894,3048,1452,1596
30475,47218,13321,22834,10812,33894,3048,1452,1596
30480,47229,13327,22839,10817,33899,3049,1453,1596
30485,47233,13329,22841,10819,33904,3049,1453,1596
30490,47243,13331,22849,10821,33911,3050,1454,1596
30495,47249,13334,22850,10823,33915,3050,1454,1596
30500,47260,13334,22855,10823,33925,3051,1455,1596
30505,47264,13334,22855,10823,33930,3051,1455,1596
30510,47274,13335,22859,10823,33938,3052,1455,1597
30515,47280,13337,22860,10824,33943,3052,1455,1597
30520,47291,13338,22866,10825,33950,3053,1456,1597
30525,47295,13339,22867,10826,33956,3053,1456,1597
30530,47305,13340,22872,10827,33965,3054,1457,1597
30535,47311,13341,22874,10827,33969,3054,1457,1597
30540,47322,13342,22879,10828,33978,3055,1457,1598
30545,47326,13343,22881,10829,33983,3055,1457,1598
30550,47336,13345,22886,10831,33990,3056,1458,1598
30555,47342,13347,22889,10833,33995,3056,1458,1598
30560,47353,13348,22894,10834,34003,3057,1459,1598
30565,47357,13348,22896,10834,34008,3057,1459,1598
30570,47367,13349,22901,10835,34018,3058,1460,1598
30575,47373,13349,22902,10835,34023,3058,1460,1598
30580,47384,13349,22907,10835,34033,3059,1461,1598
30585,47388,13349,22909,10835,34038,3059,1461,1598
30590,47398,13353,22915,10838,34045,3060,1462,1598
30595,47404,13353,22916,10838,34051,3060,1462,1598
30600,47415,13354,22920,10838,34059,3061,1463,1598
30605,47419,13355,22921,10839,34064,3061,1463,1598
30610,47429,13359,22925,10842,34070,3062,1463,1599
30615,47435,13359,22925,10842,34076,3062,1463,1599
30620,47446,13360,22929,10842,34084,3063,1464,1599
30625,47450,13361,22930,10843,34088,3063,1464,1599
30630,47460,13364,22934,10844,34096,3064,1465,1599
30635,47466,13364,22938,10844,34100,3064,1465,1599
30640,47477,13367,22942,10847,34108,3065,1466,1599
30645,47481,13367,22944,10847,34114,3065,1466,1599
30650,47491,13370,22949,10849,34121,3066,1466,1600
30655,47497,13370,22954,10849,34126,3066,1466,1600
30660,47508,13372,22959,10851,34133,3067,1467,1600
30665,47512,13375,22960,10854,34137,3067,1467,1600
30670,47522,13377,22961,10854,34145,3068,1467,1601
30675,47528,13378,22962,10854,34150,3068,1467,1601
30680,47539,13381,22965,10857,34157,3069,1467,1602
30685,47543,13383,22968,10859,34159,3069,1467,1602
30690,47553,13387,22970,10861,34166,3070,1468,1602
30695,47559,13388,22973,10862,34171,3070,1468,1602
30700,47570,13390,22976,10864,34178,3071,1468,1603
30705,47574,13392,22978,10866,34182,3071,1468,1603
30710,47584,13395,22985,10869,34188,3072,1469,1603
30715,47590,13397,22987,10870,34192,3072,1469,1603
30720,47601,13401,22994,10874,34197,3073,1470,1603
30725,47605,13406,22997,10879,34198,3073,1470,1603
30730,47615,13410,23003,10882,34204,3074,1471,1603
30735,47621,13413,23005,10885,34208,3074,1471,1603
30740,47632,13417,23011,10888,34212,3075,1472,1603
30745,47636,13421,23014,10892,34214,3075,1472,1603
30750,47646,13428,23019,10898,34218,3076,1472,1604
30755,47652,13430,23021,10899,34221,3076,1472,1604
30760,47663,13433,23026,10902,34227,3077,1473,1604
30765,47667,13436,23028,10905,34230,3077,1473,1604
30770,47677,13440,23034,10909,34236,3078,1473,1605
30775,47683,13443,23038,10912,34239,3078,1473,1605
30780,47694,13444,23044,10913,34248,3079,1474,1605
30785,47698,13446,23046,10915,34251,3079,1474,1605
30790,47708,13448,23052,10916,34259,3080,1475,1605
30795,47714,13451,23057,10918,34261,3080,1475,1605
30800,47725,13452,23062,10918,34271,3081,1475,1606
30805,47729,13455,23066,10921,34273,3081,1475,1606
30810,47739,13457,23071,10923,34282,3082,1475,1607
30815,47745,13458,23075,10923,34286,3082,1475,1607
30820,47756,13460,23081,10925,34293,3083,1475,1608
30825,47760,13462,23083,10927,34298,3083,1475,1608
30830,47770,13463,23088,10927,34306,3084,1475,1609
30835,47776,13466,23091,10930,34310,3084,1475,1609
30840,47787,13468,23096,10932,34318,3085,1476,1609
30845,47791,13470,23098,10934,34321,3085,1476,1609
30850,47801,13473,23104,10936,34328,3086,1476,1610
30855,47807,13475,23107,10938,34332,3086,1476,1610
30860,47818,13476,23112,10939,34341,3087,1477,1610
30865,47822,13476,23114,10939,34346,3087,1477,1610
30870,47832,13477,23121,10939,34354,3088,1478,1610
30875,47838,13479,23124,10941,34359,3088,1478,1610
30880,47849,13480,23130,10942,34368,3089,1479,1610
30885,47853,13480,23131,10942,34373,3089,1479,1610
30890,47863,13482,23136,10942,34380,3090,1479,1611
30895,47869,13484,23139,10944,34385,3090,1479,1611
30900,47880,13485,23143,10945,34393,3091,1479,1612
30905,47884,13485,23143,10945,34399,3091,1479,1612
30910,47894,13488,23146,10947,34406,3092,1479,1613
30915,47900,13489,23148,10947,34410,3092,1479,1613
30920,47911,13491,23149,10949,34419,3093,1479,1614
30925,47915,13491,23151,10949,34423,3093,1479,1614
30930,47925,13494,23156,10950,34431,3094,1480,1614
30935,47931,13496,23158,10952,34435,3094,1480,1614
30940,47942,13498,23166,10954,34442,3095,1481,1614
30945,47946,13498,23168,10954,34446,3095,1481,1614
30950,47956,13504,23174,10959,34451,3096,1482,1614
30955,47962,13506,23177,10960,34453,3096,1482,1614
30960,47973,13512,23180,10965,34459,3097,1482,1615
30965,47977,13514,23182,10967,34462,3097,1482,1615
30970,47987,13520,23188,10973,34466,3098,1482,1616
30975,47993,13524,23191,10976,34468,3098,1482,1616
30980,48004,13526,23195,10978,34475,3099,1483,1616
30985,48008,13529,23197,10981,34478,3099,1483,1616
30990,48018,13536,23202,10987,34482,3100,1483,1617
30995,48024,13539,23206,10990,34484,3100,1483,1617
31000,48035,13542,23209,10992,34491,3101,1483,1618
31005,48039,13546,23213,10996,34491,3101,1483,1618
31010,48049,13549,23219,10999,34499,3102,1484,1618
31015,48055,13552,23221,11001,34503,3102,1484,1618
31020,48066,13554,23226,11003,34510,3103,1485,1618
31025,48070,13555,23229,11004,34514,3103,1485,1618
31030,48080,13556,23234,11005,34524,3104,1485,1619
31035,48086,13556,23235,11005,34530,3104,1485,1619
31040,48097,13558,23241,11006,34537,3105,1486,1619
31045,48101,13558,23243,11006,34543,3105,1486,1619
31050,48111,13560,23248,11008,34551,3106,1486,1620
31055,48117,13560,23251,11008,34557,3106,1486,1620
31060,48128,13561,23256,11009,34565,3107,1486,1621
31065,48132,13563,23259,11011,34569,3107,1486,1621
31070,48142,13566,23265,11013,34576,3108,1486,1622
31075,48148,13566,23270,11013,34582,3108,1486,1622
31080,48159,13567,23277,11014,34590,3109,1486,1623
31085,48163,13568,23278,11015,34595,3109,1486,1623
31090,48173,13571,23286,11017,34602,3110,1487,1623
31095,48179,13571,23288,11017,34608,3110,1487,1623
31100,48190,13572,23291,11018,34617,3111,1488,1623
31105,48194,13572,23294,11018,34622,3111,1488,1623
31110,48204,13574,23296,11019,34630,3112,1488,1624
31115,48210,13574,23297,11019,34636,3112,1488,1624
31120,48221,13577,23302,11021,34642,3113,1488,1625
31125,48225,13578,23303,11022,34647,3113,1488,1625
31130,48235,13581,23307,11023,34653,3114,1489,1625
31135,48241,13584,23312,11025,34654,3114,1489,1625
31140,48252,13589,23317,11030,34659,3115,1489,1626
31145,48256,13593,23319,11034,34662,3115,1489,1626
31150,48266,13600,23323,11039,34666,3116,1489,1627
31155,48272,13603,23329,11042,34666,3116,1489,1627
31160,48283,13610,23333,11048,34671,3117,1489,1628
31165,48287,13611,23336,11049,34675,3117,1489,1628
31170,48297,13614,23339,11052,34683,3118,1489,1629
31175,48303,13615,23342,11053,34688,3118,1489,1629
31180,48314,13618,23348,11055,34694,3119,1490,1629
31185,48318,13620,23350,11057,34698,3119,1490,1629
31190,48328,13622,23354,11059,34706,3120,1491,1629
31195,48334,13623,23357,11060,34710,3120,1491,1629
31200,48345,13625,23364,11061,34717,3121,1492,1629
31205,48349,13626,23366,11062,34722,3121,1492,1629
31210,48359,13628,23372,11064,34731,3122,1492,1630
31215,48365,13629,23373,11064,34736,3122,1492,1630
31220,48376,13629,23376,11064,34745,3123,1492,1631
31225,48380,13630,23377,11065,34750,3123,1492,1631
31230,48390,13632,23382,11066,34757,3124,1492,1632
31235,48396,13634,23384,11067,34761,3124,1492,1632
31240,48407,13634,23389,11067,34771,3125,1493,1632
31245,48411,13634,23389,11067,34777,3125,1493,1632
31250,48421,13636,23396,11069,34784,3126,1494,1632
31255,48427,13638,23399,11070,34789,3126,1494,1632
31260,48438,13638,23404,11070,34798,3127,1495,1632
31265,48442,13638,23405,11070,34804,3127,1495,1632
31270,48452,13641,23411,11072,34811,3128,1495,1633
31275,48458,13643,23415,11073,34814,3128,1495,1633
31280,48469,13645,23420,11075,34823,3129,1495,1634
31285,48473,13645,23422,11075,34828,3129,1495,1634
31290,48483,13647,23427,11076,34836,3130,1496,1634
31295,48489,13648,23430,11077,34841,3130,1496,1634
31300,48500,13649,23436,11078,34849,3131,1497,1634
31305,48504,13649,23438,11078,34855,3131,1497,1634
31310,48514,13652,23442,11080,34862,3132,1497,1635
31315,48520,13653,23445,11081,34867,3132,1497,1635
31320,48531,13656,23451,11084,34873,3133,1498,1635
31325,48535,13658,23454,11086,34876,3133,1498,1635
31330,48545,13662,23459,11089,34883,3134,1499,1635
31335,48551,13663,23461,11090,34888,3134,1499,1635
31340,48562,13667,23467,11094,34894,3135,1500,1635
31345,48566,13670,23470,11097,34895,3135,1500,1635
31350,48576,13674,23472,11099,34902,3136,1500,1636
31355,48582,13676,23473,11100,34906,3136,1500,1636
31360,48593,13680,23477,11103,34913,3137,1501,1636
31365,48597,13681,23479,11104,34915,3137,1501,1636
31370,48607,13686,23482,11108,34921,3138,1501,1637
31375,48613,13687,23486,11109,34924,3138,1501,1637
31380,48624,13694,23493,11116,34928,3139,1501,1638
31385,48628,13696,23495,11118,34930,3139,1501,1638
31390,48638,13703,23501,11124,34934,3140,1502,1638
31395,48644,13705,23504,11125,34936,3140,1502,1638
31400,48655,13710,23509,11130,34943,3141,1503,1638
31405,48659,13713,23512,11133,34945,3141,1503,1638
31410,48669,13714,23515,11134,34955,3142,1504,1638
31415,48675,13716,23519,11136,34957,3142,1504,1638
31420,48686,13718,23527,11138,34966,3143,1505,1638
31425,48690,13720,23528,11140,34969,3143,1505,1638
31430,48700,13722,23533,11142,34977,3144,1505,1639
31435,48706,13725,23536,11145,34981,3144,1505,1639
31440,48717,13728,23541,11147,34987,3145,1505,1640
31445,48721,13730,23542,11149,34991,3145,1505,1640
31450,48731,13733,23549,11152,34997,3146,1505,1641
31455,48737,13735,23553,11154,35002,3146,1505,1641
31460,48748,13738,23560,11157,35009,3147,1506,1641
31465,48752,13739,23562,11158,35012,3147,1506,1641
31470,48762,13742,23566,11161,35019,3148,1506,1642
31475,48768,13745,23569,11163,35023,3148,1506,1642
31480,48779,13745,23574,11163,35032,3149,1506,1643
31485,48783,13746,23577,11164,35036,3149,1506,1643
31490,48793,13747,23579,11164,35046,3150,1506,1644
31495,48799,13748,23580,11164,35051,3150,1506,1644
31500,48810,13748,23584,11164,35061,3151,1506,1645
31505,48814,13749,23587,11165,35064,3151,1506,1645
31510,48824,13751,23593,11167,35072,3152,1506,1646
31515,48830,13753,23597,11169,35076,3152,1506,1646
31520,48841,13755,23602,11171,35084,3153,1506,1647
31525,48845,13757,23604,11173,35087,3153,1506,1647
31530,48855,13761,23607,11175,35094,3154,1507,1647
31535,48861,13762,23608,11175,35099,3154,1507,1647
31540,48872,13762,23610,11175,35109,3155,1507,1648
31545,48876,13763,23611,11176,35113,3155,1507,1648
31550,48886,13765,23617,11178,35121,3156,1508,1648
31555,48892,13766,23619,11178,35125,3156,1508,1648
31560,48903,13768,23623,11180,35133,3157,1508,1649
31565,48907,13769,23623,11181,35138,3157,1508,1649
31570,48917,13772,23627,11182,35145,3158,1509,1649
31575,48923,13773,23629,11183,35149,3158,1509,1649
31580,48934,13778,23638,11188,35152,3159,1510,1649
31585,48938,13782,23641,11192,35155,3159,1510,1649
31590,48948,13785,23642,11193,35163,3160,1510,1650
31595,48954,13787,23646,11194,35167,3160,1510,1650
31600,48965,13790,23651,11197,35174,3161,1511,1650
31605,48969,13793,23653,11200,35176,3161,1511,1650
31610,48979,13796,23656,11201,35183,3162,1512,1650
31615,48985,13797,23657,11201,35187,3162,1512,1650
31620,48996,13799,23661,11202,35194,3163,1513,1650
31625,49000,13803,23662,11206,35197,3163,1513,1650
31630,49010,13811,23671,11213,35198,3164,1514,1650
31635,49016,13814,23676,11216,35201,3164,1514,1650
31640,49027,13816,23681,11218,35210,3165,1514,1651
31645,49031,13817,23683,11219,35214,3165,1514,1651
31650,49041,13818,23687,11220,35223,3166,1515,1651
31655,49047,13820,23692,11222,35225,3166,1515,1651
31660,49058,13822,23700,11224,35232,3167,1515,1652
31665,49062,13825,23702,11227,35237,3167,1515,1652
31670,49072,13826,23706,11227,35245,3168,1515,1653
31675,49078,13828,23708,11228,35249,3168,1515,1653
31680,49089,13831,23715,11231,35256,3169,1516,1653
31685,49093,13833,23717,11233,35259,3169,1516,1653
31690,49103,13835,23724,11235,35268,3170,1517,1653
31695,49109,13837,23727,11237,35271,3170,1517,1653
31700,49120,13840,23733,11239,35278,3171,1517,1654
31705,49124,13842,23734,11241,35282,3171,1517,1654
31710,49134,13843,23739,11241,35291,3172,1518,1654
31715,49140,13843,23743,11241,35296,3172,1518,1654
31720,49151,13845,23748,11242,35304,3173,1519,1654
31725,49155,13847,23750,11244,35307,3173,1519,1654
31730,49165,13850,23759,11247,35315,3174,1520,1654
31735,49171,13850,23762,11247,35320,3174,1520,1654
31740,49182,13852,23764,11248,35329,3175,1520,1655
31745,49186,13854,23767,11250,35332,3175,1520,1655
31750,49196,13856,23770,11251,35340,3176,1520,1656
31755,49202,13856,23771,11251,35345,3176,1520,1656
31760,49213,13859,23776,11254,35353,3177,1520,1657
31765,49217,13859,23778,11254,35358,3177,1520,1657
31770,49227,13863,23785,11257,35364,3178,1520,1658
31775,49233,13863,23789,11257,35370,3178,1520,1658
31780,49244,13866,23796,11260,35376,3179,1520,1659
31785,49248,13867,23797,11261,35381,3179,1520,1659
31790,49258,13869,23801,11262,35389,3180,1521,1659
31795,49264,13869,23805,11262,35394,3180,1521,1659
31800,49275,13872,23811,11265,35401,3181,1522,1659
31805,49279,13874,23813,11267,35405,3181,1522,1659
31810,49289,13876,23816,11268,35413,3182,1523,1659
31815,49295,13878,23820,11270,35417,3182,1523,1659
31820,49306,13880,23823,11271,35424,3183,1523,1660
31825,49310,13883,23825,11274,35426,3183,1523,1660
31830,49320,13886,23829,11276,35433,3184,1524,1660
31835,49326,13888,23833,11278,35437,3184,1524,1660
31840,49337,13890,23835,11279,35446,3185,1525,1660
31845,49341,13892,23837,11281,35448,3185,1525,1660
31850,49351,13897,23841,11285,35454,3186,1526,1660
31855,49357,13899,23845,11287,35456,3186,1526,1660
31860,49368,13905,23850,11292,35461,3187,1526,1661
31865,49372,13908,23853,11295,35462,3187,1526,1661
31870,49382,13915,23860,11302,35466,3188,1526,1662
31875,49388,13918,23863,11304,35469,3188,1526,1662
31880,49399,13919,23869,11305,35477,3189,1527,1662
31885,49403,13920,23870,11306,35482,3189,1527,1662
31890,49413,13922,23876,11307,35491,3190,1528,1662
31895,49419,13924,23881,11308,35493,3190,1528,1662
31900,49430,13925,23884,11309,35504,3191,1528,1663
31905,49434,13925,23886,11309,35509,3191,1528,1663
31910,49444,13927,23892,11311,35516,3192,1529,1663
31915,49450,13929,23894,11312,35521,3192,1529,1663
31920,49461,13929,23899,11312,35531,3193,1529,1664
31925,49465,13929,23901,11312,35536,3193,1529,1664
31930,49475,13931,23904,11313,35543,3194,1529,1665
31935,49481,13934,23908,11315,35546,3194,1529,1665
31940,49492,13934,23912,11315,35556,3195,1530,1665
31945,49496,13934,23913,11315,35562,3195,1530,1665
31950,49506,13936,23919,11317,35570,3196,1530,1666
31955,49512,13937,23922,11318,35575,3196,1530,1666
31960,49523,13937,23928,11318,35584,3197,1530,1667
31965,49527,13938,23930,11319,35589,3197,1530,1667
31970,49537,13939,23931,11319,35598,3198,1531,1667
31975,49543,13941,23937,11321,35601,3198,1531,1667
31980,49554,13944,23942,11324,35608,3199,1532,1667
31985,49558,13946,23944,11326,35612,3199,1532,1667
31990,49568,13948,23947,11326,35620,3200,1533,1667
31995,49574,13949,23949,11327,35624,3200,1533,1667
32000,49585,13951,23954,11329,35631,3201,1533,1668
32005,49589,13953,23956,11331,35635,3201,1533,1668
32010,49599,13959,23964,11336,35639,3202,1534,1668
32015,49605,13961,23967,11338,35644,3202,1534,1668
32020,49616,13963,23971,11340,35652,3203,1535,1668
32025,49620,13964,23973,11341,35655,3203,1535,1668
32030,49630,13969,23978,11345,35660,3204,1535,1669
32035,49636,13972,23982,11348,35664,3204,1535,1669
32040,49647,13974,23985,11349,35672,3205,1536,1669
32045,49651,13975,23988,11350,35675,3205,1536,1669
32050,49661,13980,23993,11354,35681,3206,1536,1670
32055,49667,13982,23997,11355,35685,3206,1536,1670
32060,49678,13986,24004,11359,35689,3207,1536,1671
32065,49682,13991,24006,11364,35691,3207,1536,1671
32070,49692,13996,24011,11369,35696,3208,1536,1672
32075,49698,13998,24014,11371,35700,3208,1536,1672
32080,49709,14001,24022,11374,35705,3209,1537,1672
32085,49713,14005,24023,11378,35708,3209,1537,1672
32090,49723,14009,24027,11380,35713,3210,1538,1672
32095,49729,14011,24030,11382,35717,3210,1538,1672
32100,49740,14015,24035,11385,35723,3211,1539,1672
32105,49744,14018,24036,11388,35726,3211,1539,1672
32110,49754,14021,24040,11390,35733,3212,1540,1672
32115,49760,14021,24042,11390,35738,3212,1540,1672
32120,49771,14024,24045,11392,35747,3213,1540,1673
32125,49775,14026,24048,11394,35748,3213,1540,1673
32130,49785,14031,24053,11398,35754,3214,1541,1673
32135,49791,14031,24057,11398,35759,3214,1541,1673
32140,49802,14032,24063,11399,35770,3215,1542,1673
32145,49806,14032,24065,11399,35774,3215,1542,1673
32150,49816,14033,24068,11399,35783,3216,1542,1674
32155,49822,14033,24071,11399,35788,3216,1542,1674
32160,49833,14034,24076,11400,35799,3217,1542,1675
32165,49837,14034,24079,11400,35802,3217,1542,1675
32170,49847,14035,24083,11400,35812,3218,1543,1675
32175,49853,14035,24086,11400,35817,3218,1543,1675
32180,49864,14036,24087,11400,35827,3219,1543,1676
32185,49868,14036,24088,11400,35832,3219,1543,1676
32190,49878,14038,24092,11401,35840,3220,1543,1677
32195,49884,14038,24096,11401,35845,3220,1543,1677
32200,49895,14040,24102,11402,35853,3221,1543,1678
32205,49899,14041,24103,11403,35858,3221,1543,1678
32210,49909,14043,24107,11404,35866,3222,1544,1678
32215,49915,14044,24109,11405,35871,3222,1544,1678
32220,49926,14047,24117,11408,35877,3223,1544,1679
32225,49930,14048,24118,11409,35882,3223,1544,1679
32230,49940,14050,24124,11411,35890,3224,1544,1680
32235,49946,14051,24127,11412,35895,3224,1544,1680
32240,49957,14054,24134,11415,35900,3225,1545,1680
32245,49961,14057,24138,11418,35903,3225,1545,1680
32250,49971,14060,24142,11419,35911,3226,1546,1680
32255,49977,14061,24145,11419,35915,3226,1546,1680
32260,49988,14064,24150,11421,35923,3227,1547,1680
32265,49992,14065,24151,11422,35927,3227,1547,1680
32270,50002,14067,24153,11422,35934,3228,1547,1681
32275,50008,14070,24159,11425,35937,3228,1547,1681
32280,50019,14072,24163,11426,35944,3229,1548,1681
32285,50023,14074,24164,11428,35949,3229,1548,1681
32290,50033,14078,24168,11431,35955,3230,1548,1682
32295,50039,14079,24169,11431,35960,3230,1548,1682
32300,50050,14082,24173,11433,35965,3231,1548,1683
32305,50054,14084,24174,11435,35969,3231,1548,1683
32310,50064,14089,24179,11439,35975,3232,1549,1683
32315,50070,14090,24181,11439,35980,3232,1549,1683
32320,50081,14094,24185,11442,35985,3233,1549,1684
32325,50085,14096,24187,11444,35988,3233,1549,1684
32330,50095,14101,24190,11447,35994,3234,1549,1685
32335,50101,14102,24192,11448,35999,3234,1549,1685
32340,50112,14105,24196,11451,36005,3235,1549,1686
32345,50116,14107,24197,11453,36009,3235,1549,1686
32350,50126,14110,24202,11455,36016,3236,1550,1686
32355,50132,14111,24206,11456,36020,3236,1550,1686
32360,50143,14115,24213,11460,36025,3237,1551,1686
32365,50147,14117,24215,11462,36029,3237,1551,1686
32370,50157,14122,24219,11466,36035,3238,1551,1687
32375,50163,14124,24223,11468,36037,3238,1551,1687
32380,50174,14127,24227,11471,36044,3239,1551,1688
32385,50178,14129,24228,11473,36048,3239,1551,1688
32390,50188,14134,24231,11476,36054,3240,1551,1689
32395,50194,14135,24234,11477,36057,3240,1551,1689
32400,50205,14138,24239,11480,36065,3241,1552,1689
32405,50209,14138,24241,11480,36071,3241,1552,1689
32410,50219,14139,24243,11481,36080,3242,1553,1689
32415,50225,14141,24248,11483,36083,3242,1553,1689
32420,50236,14142,24254,11484,36091,3243,1553,1690
32425,50240,14143,24257,11485,36096,3243,1553,1690
32430,50250,14145,24264,11487,36104,3244,1554,1690
32435,50256,14148,24268,11490,36107,3244,1554,1690
32440,50267,14149,24274,11491,36115,3245,1555,1690
32445,50271,14150,24276,11492,36120,3245,1555,1690
32450,50281,14151,24282,11492,36129,3246,1556,1690
32455,50287,14154,24285,11494,36133,3246,1556,1690
32460,50298,14155,24289,11495,36142,3247,1556,1691
32465,50302,14155,24290,11495,36147,3247,1556,1691
32470,50312,14159,24297,11499,36153,3248,1557,1691
32475,50318,14160,24300,11499,36158,3248,1557,1691
32480,50329,14162,24304,11501,36165,3249,1557,1692
32485,50333,14163,24307,11502,36170,3249,1557,1692
32490,50343,14165,24312,11504,36178,3250,1557,1693
32495,50349,14166,24313,11504,36183,3250,1557,1693
32500,50360,14168,24320,11506,36190,3251,1558,1693
32505,50364,14170,24323,11508,36194,3251,1558,1693
32510,50374,14173,24328,11509,36200,3252,1559,1693
32515,50380,14176,24331,11511,36204,3252,1559,1693
32520,50391,14178,24336,11513,36210,3253,1559,1694
32525,50395,14181,24339,11516,36214,3253,1559,1694
32530,50405,14184,24342,11517,36221,3254,1559,1695
32535,50411,14186,24346,11519,36224,3254,1559,1695
32540,50422,14192,24352,11525,36229,3255,1560,1695
32545,50426,14192,24354,11525,36233,3255,1560,1695
32550,50436,14196,24360,11529,36240,3256,1561,1695
32555,50442,14196,24363,11529,36246,3256,1561,1695
32560,50453,14198,24369,11530,36252,3257,1562,1695
32565,50457,14201,24371,11533,36254,3257,1562,1695
32570,50467,14207,24376,11537,36260,3258,1563,1695
32575,50473,14208,24380,11538,36263,3258,1563,1695
32580,50484,14211,24384,11540,36271,3259,1564,1695
32585,50488,14213,24386,11542,36274,3259,1564,1695
32590,50498,14217,24390,11545,36281,3260,1565,1695
32595,50504,14217,24394,11545,36285,3260,1565,1695
32600,50515,14221,24397,11549,36293,3261,1565,1696
32605,50519,14221,24397,11549,36298,3261,1565,1696
32610,50529,14223,24402,11551,36306,3262,1565,1697
32615,50535,14223,24403,11551,36312,3262,1565,1697
32620,50546,14225,24408,11552,36319,3263,1565,1698
32625,50550,14226,24410,11553,36323,3263,1565,1698
32630,50560,14229,24413,11555,36331,3264,1565,1699
32635,50566,14229,24416,11555,36336,3264,1565,1699
32640,50577,14230,24419,11556,36346,3265,1565,1700
32645,50581,14230,24421,11556,36351,3265,1565,1700
32650,50591,14233,24425,11558,36358,3266,1565,1701
32655,50597,14235,24429,11560,36362,3266,1565,1701
32660,50608,14237,24436,11561,36367,3267,1566,1701
32665,50612,14241,24440,11565,36370,3267,1566,1701
32670,50622,14243,24445,11567,36379,3268,1567,1701
32675,50628,14244,24447,11567,36384,3268,1567,1701
32680,50639,14245,24450,11567,36392,3269,1568,1701
32685,50643,14246,24452,11568,36396,3269,1568,1701
32690,50653,14248,24457,11570,36405,3270,1568,1702
32695,50659,14249,24459,11570,36410,3270,1568,1702
32700,50670,14251,24466,11572,36416,3271,1569,1702
32705,50674,14254,24468,11575,36420,3271,1569,1702
32710,50684,14258,24474,11578,36426,3272,1570,1702
32715,50690,14259,24477,11579,36430,3272,1570,1702
32720,50701,14261,24481,11580,36436,3273,1570,1703
32725,50705,14265,24483,11584,36440,3273,1570,1703
32730,50715,14269,24489,11587,36446,3274,1571,1703
32735,50721,14271,24494,11589,36449,3274,1571,1703
32740,50732,14275,24501,11592,36455,3275,1572,1703
32745,50736,14275,24503,11592,36461,3275,1572,1703
32750,50746,14278,24509,11593,36467,3276,1573,1703
32755,50752,14280,24511,11595,36472,3276,1573,1703
32760,50763,14280,24514,11595,36481,3277,1573,1704
32765,50767,14280,24515,11595,36487,3277,1573,1704
32770,50777,14283,24519,11596,36493,3278,1573,1705
32775,50783,14285,24521,11597,36498,3278,1573,1705
32780,50794,14285,24526,11597,36506,3279,1574,1705
32785,50798,14286,24528,11598,36511,3279,1574,1705
32790,50808,14290,24535,11602,36517,3280,1575,1705
32795,50814,14293,24540,11605,36519,3280,1575,1705
32800,50825,14298,24546,11610,36525,3281,1576,1705
32805,50829,14300,24549,11612,36527,3281,1576,1705
32810,50839,14306,24553,11616,36533,3282,1577,1705
32815,50845,14309,24557,11618,36534,3282,1577,1705
32820,50856,14313,24562,11622,36541,3283,1578,1705
32825,50860,14314,24565,11623,36544,3283,1578,1705
32830,50870,14320,24569,11628,36550,3284,1579,1705
32835,50876,14321,24573,11629,36553,3284,1579,1705
32840,50887,14321,24579,11629,36565,3285,1580,1705
32845,50891,14321,24581,11629,36570,3285,1580,1705
32850,50901,14324,24585,11631,36577,3286,1580,1706
32855,50907,14325,24587,11631,36581,3286,1580,1706
32860,50918,14326,24590,11631,36590,3287,1580,1707
32865,50922,14328,24590,11633,36594,3287,1580,1707
32870,50932,14331,24597,11636,36601,3288,1580,1708
32875,50938,14332,24598,11636,36606,3288,1580,1708
32880,50949,14335,24602,11638,36613,3289,1581,1708
32885,50953,14335,24604,11638,36618,3289,1581,1708
32890,50963,14336,24608,11639,36627,3290,1581,1709
32895,50969,14337,24613,11640,36631,3290,1581,1709
32900,50980,14339,24618,11642,36640,3291,1582,1709
32905,50984,14340,24621,11643,36643,3291,1582,1709
32910,50994,14343,24625,11645,36651,3292,1582,1710
32915,51000,14344,24630,11645,36655,3292,1582,1710
32920,51011,14345,24633,11646,36665,3293,1583,1710
32925,51015,14346,24634,11647,36668,3293,1583,1710
32930,51025,14348,24640,11648,36676,3294,1584,1710
32935,51031,14350,24641,11649,36681,3294,1584,1710
32940,51042,14352,24646,11650,36687,3295,1585,1710
32945,51046,14357,24649,11655,36689,3295,1585,1710
32950,51056,14359,24655,11657,36696,3296,1586,1710
32955,51062,14362,24658,11659,36700,3296,1586,1710
32960,51073,14366,24664,11663,36704,3297,1586,1711
32965,51077,14368,24666,11665,36708,3297,1586,1711
32970,51087,14373,24673,11669,36713,3298,1587,1711
32975,51093,14375,24675,11670,36718,3298,1587,1711
32980,51104,14378,24680,11672,36723,3299,1587,1712
32985,51108,14381,24682,11675,36727,3299,1587,1712
32990,51118,14386,24687,11679,36732,3300,1587,1713
32995,51124,14387,24689,11679,36736,3300,1587,1713
33000,51135,14389,24692,11680,36743,3301,1587,1714
33005,51139,14392,24692,11683,36747,3301,1587,1714
33010,51149,14395,24699,11686,36753,3302,1587,1715
33015,51155,14398,24702,11689,36757,3302,1587,1715
33020,51166,14399,24709,11690,36763,3303,1587,1716
33025,51170,14402,24713,11693,36767,3303,1587,1716
33030,51180,14405,24717,11695,36775,3304,1587,1717
33035,51186,14406,24719,11696,36779,3304,1587,1717
33040,51197,14409,24725,11699,36786,3305,1587,1718
33045,51201,14410,24726,11700,36790,3305,1587,1718
33050,51211,14416,24733,11706,36795,3306,1587,1719
33055,51217,14418,24736,11707,36797,3306,1587,1719
33060,51228,14421,24740,11710,36805,3307,1587,1720
33065,51232,14422,24741,11711,36809,3307,1587,1720
33070,51242,14424,24746,11713,36818,3308,1587,1721
33075,51248,14426,24749,11715,36821,3308,1587,1721
33080,51259,14426,24752,11715,36831,3309,1588,1721
33085,51263,14427,24756,11716,36835,3309,1588,1721
33090,51273,14428,24760,11716,36845,3310,1588,1722
33095,51279,14429,24765,11717,36848,3310,1588,1722
33100,51290,14430,24770,11718,36858,3311,1589,1722
33105,51294,14430,24771,11718,36863,3311,1589,1722
33110,51304,14432,24778,11720,36871,3312,1590,1722
33115,51310,14434,24781,11722,36876,3312,1590,1722
33120,51321,14436,24787,11724,36882,3313,1590,1723
33125,51325,14439,24790,11727,36886,3313,1590,1723
33130,51335,14442,24794,11729,36892,3314,1591,1723
33135,51341,14445,24798,11731,36896,3314,1591,1723
33140,51352,14446,24800,11732,36905,3315,1591,1724
33145,51356,14448,24803,11734,36908,3315,1591,1724
33150,51366,14450,24809,11736,36915,3316,1592,1724
33155,51372,14453,24810,11738,36919,3316,1592,1724
33160,51383,14454,24815,11738,36926,3317,1593,1724
33165,51387,14457,24816,11741,36930,3317,1593,1724
33170,51397,14461,24821,11745,36936,3318,1594,1724
33175,51403,14462,24822,11746,36941,3318,1594,1724
33180,51414,14464,24827,11748,36947,3319,1594,1725
33185,51418,14467,24829,11751,36951,3319,1594,1725
33190,51428,14472,24837,11755,36955,3320,1594,1726
33195,51434,14475,24841,11758,36959,3320,1594,1726
33200,51445,14477,24847,11759,36965,3321,1595,1726
33205,51449,14480,24848,11762,36969,3321,1595,1726
33210,51459,14483,24852,11764,36976,3322,1595,1727
33215,51465,14484,24854,11764,36981,3322,1595,1727
33220,51476,14486,24858,11766,36988,3323,1595,1728
33225,51480,14489,24860,11769,36991,3323,1595,1728
33230,51490,14492,24866,11772,36997,3324,1595,1729
33235,51496,14494,24867,11773,37002,3324,1595,1729
33240,51507,14499,24872,11777,37006,3325,1595,1730
33245,51511,14500,24873,11778,37010,3325,1595,1730
33250,51521,14503,24876,11780,37018,3326,1595,1731
33255,51527,14503,24877,11780,37024,3326,1595,1731
33260,51538,14504,24883,11781,37032,3327,1595,1732
33265,51542,14506,24886,11783,37034,3327,1595,1732
33270,51552,14511,24888,11786,37041,3328,1596,1732
33275,51558,14512,24892,11787,37045,3328,1596,1732
33280,51569,14514,24898,11789,37053,3329,1596,1733
33285,51573,14516,24900,11791,37056,3329,1596,1733
33290,51583,14520,24903,11793,37063,3330,1596,1734
33295,51589,14521,24907,11794,37065,3330,1596,1734
33300,51600,14525,24914,11798,37073,3331,1596,1735
33305,51604,14525,24916,11798,37079,3331,1596,1735
33310,51614,14526,24919,11798,37088,3332,1596,1736
33315,51620,14526,24921,11798,37094,3332,1596,1736
33320,51631,14526,24925,11798,37104,3333,1596,1737
33325,51635,14526,24926,11798,37109,3333,1596,1737
33330,51645,14527,24931,11798,37118,3334,1596,1738
33335,51651,14527,24934,11798,37124,3334,1596,1738
33340,51662,14527,24940,11798,37133,3335,1596,1739
33345,51666,14527,24941,11798,37139,3335,1596,1739
33350,51676,14529,24945,11799,37147,3336,1597,1739
33355,51682,14530,24948,11800,37151,3336,1597,1739
33360,51693,14533,24953,11802,37159,3337,1598,1739
33365,51697,14534,24956,11803,37163,3337,1598,1739
33370,51707,14537,24959,11806,37170,3338,1598,1740
33375,51713,14538,24961,11806,37175,3338,1598,1740
33380,51724,14540,24966,11807,37182,3339,1599,1740
33385,51728,14542,24969,11809,37186,3339,1599,1740
33390,51738,14544,24974,11811,37194,3340,1600,1740
33395,51744,14545,24977,11812,37199,3340,1600,1740
33400,51755,14548,24982,11815,37205,3341,1601,1740
33405,51759,14549,24984,11816,37210,3341,1601,1740
33410,51769,14553,24992,11820,37215,3342,1601,1741
33415,51775,14555,24995,11822,37219,3342,1601,1741
33420,51786,14558,25000,11824,37225,3343,1601,1742
33425,51790,14560,25002,11826,37230,3343,1601,1742
33430,51800,14562,25008,11828,37237,3344,1601,1743
33435,51806,14564,25009,11829,37241,3344,1601,1743
33440,51817,14567,25014,11832,37247,3345,1601,1744
33445,51821,14570,25016,11835,37251,3345,1601,1744
33450,51831,14574,25023,11838,37257,3346,1602,1744
33455,51837,14576,25028,11840,37261,3346,1602,1744
33460,51848,14581,25036,11844,37264,3347,1603,1744
33465,51852,14585,25038,11848,37266,3347,1603,1744
33470,51862,14592,25043,11854,37270,3348,1603,1745
33475,51868,14593,25045,11854,37273,3348,1603,1745
33480,51879,14597,25048,11857,37280,3349,1603,1746
33485,51883,14601,25050,11861,37282,3349,1603,1746
33490,51893,14606,25053,11864,37287,3350,1603,1747
33495,51899,14609,25057,11867,37289,3350,1603,1747
33500,51910,14612,25061,11869,37295,3351,1603,1748
33505,51914,14617,25064,11874,37296,3351,1603,1748
33510,51924,14619,25068,11876,37305,3352,1603,1749
33515,51930,14621,25072,11877,37308,3352,1603,1749
33520,51941,14621,25075,11877,37318,3353,1603,1750
33525,51945,14621,25077,11877,37324,3353,1603,1750
33530,51955,14623,25083,11879,37331,3354,1604,1750
33535,51961,14625,25085,11881,37335,3354,1604,1750
33540,51972,14626,25092,11882,37343,3355,1605,1750
33545,51976,14627,25094,11883,37348,3355,1605,1750
33550,51986,14628,25099,11883,37358,3356,1606,1750
33555,51992,14629,25101,11883,37363,3356,1606,1750
33560,52003,14630,25105,11884,37373,3357,1607,1750
33565,52007,14630,25106,11884,37377,3357,1607,1750
33570,52017,14631,25112,11884,37386,3358,1608,1750
33575,52023,14632,25116,11884,37391,3358,1608,1750
33580,52034,14632,25120,11884,37402,3359,1608,1751
33585,52038,14632,25122,11884,37406,3359,1608,1751
33590,52048,14633,25129,11885,37415,3360,1608,1752
33595,52054,14634,25133,11886,37420,3360,1608,1752
33600,52065,14634,25138,11886,37429,3361,1609,1752
33605,52069,14634,25140,11886,37435,3361,1609,1752
33610,52079,14636,25148,11888,37443,3362,1610,1752
33615,52085,14637,25151,11889,37448,3362,1610,1752
33620,52096,14639,25154,11890,37456,3363,1611,1752
33625,52100,14640,25155,11891,37460,3363,1611,1752
33630,52110,14643,25158,11892,37467,3364,1612,1752
33635,52116,14644,25159,11892,37472,3364,1612,1752
33640,52127,14646,25162,11893,37479,3365,1612,1753
33645,52131,14647,25163,11894,37483,3365,1612,1753
33650,52141,14651,25167,11897,37489,3366,1612,1754
33655,52147,14654,25170,11900,37492,3366,1612,1754
33660,52158,14659,25176,11904,37496,3367,1612,1755
33665,52162,14662,25177,11907,37499,3367,1612,1755
33670,52172,14667,25182,11912,37504,3368,1612,1756
33675,52178,14670,25185,11914,37506,3368,1612,1756
33680,52189,14675,25190,11919,37513,3369,1613,1756
33685,52193,14677,25192,11921,37515,3369,1613,1756
33690,52203,14682,25196,11925,37521,3370,1614,1756
33695,52209,14684,25198,11927,37525,3370,1614,1756
33700,52220,14687,25204,11930,37530,3371,1614,1757
33705,52224,14692,25208,11935,37530,3371,1614,1757
33710,52234,14701,25216,11943,37532,3372,1615,1757
33715,52240,14705,25218,11946,37535,3372,1615,1757
33720,52251,14706,25221,11947,37545,3373,1616,1757
33725,52255,14707,25224,11948,37547,3373,1616,1757
33730,52265,14711,25231,11951,37553,3374,1617,1757
33735,52271,14713,25232,11952,37558,3374,1617,1757
33740,52282,14715,25241,11954,37563,3375,1618,1757
33745,52286,14719,25243,11958,37566,3375,1618,1757
33750,52296,14723,25250,11961,37572,3376,1619,1757
33755,52302,14726,25255,11963,37575,3376,1619,1757
33760,52313,14728,25261,11965,37583,3377,1620,1757
33765,52317,14730,25262,11967,37587,3377,1620,1757
33770,52327,14733,25266,11970,37594,3378,1620,1758
33775,52333,14734,25269,11971,37598,3378,1620,1758
33780,52344,14736,25272,11972,37606,3379,1620,1759
33785,52348,14737,25274,11973,37611,3379,1620,1759
33790,52358,14739,25280,11974,37618,3380,1620,1760
33795,52364,14742,25281,11976,37622,3380,1620,1760
33800,52375,14742,25286,11976,37633,3381,1621,1760
33805,52379,14742,25288,11976,37637,3381,1621,1760
33810,52389,14743,25293,11977,37646,3382,1622,1760
33815,52395,14743,25296,11977,37652,3382,1622,1760
33820,52406,14744,25301,11978,37660,3383,1623,1760
33825,52410,14744,25303,11978,37666,3383,1623,1760
33830,52420,14746,25307,11978,37674,3384,1623,1761
33835,52426,14746,25309,11978,37680,3384,1623,1761
33840,52437,14746,25314,11978,37690,3385,1624,1761
33845,52441,14747,25314,11979,37694,3385,1624,1761
33850,52451,14749,25318,11979,37702,3386,1625,1761
33855,52457,14749,25321,11979,37707,3386,1625,1761
33860,52468,14751,25327,11981,37715,3387,1625,1762
33865,52472,14752,25328,11982,37720,3387,1625,1762
33870,52482,14754,25334,11984,37728,3388,1626,1762
33875,52488,14754,25336,11984,37734,3388,1626,1762
33880,52499,14756,25343,11986,37741,3389,1626,1763
33885,52503,14757,25344,11987,37746,3389,1626,1763
33890,52513,14760,25347,11989,37753,3390,1626,1764
33895,52519,14761,25350,11990,37756,3390,1626,1764
33900,52530,14765,25357,11993,37761,3391,1626,1765
33905,52534,14770,25358,11998,37764,3391,1626,1765
33910,52544,14772,25359,11998,37772,3392,1627,1765
33915,52550,14773,25361,11999,37776,3392,1627,1765
33920,52561,14776,25366,12001,37782,3393,1628,1765
33925,52565,14779,25367,12004,37785,3393,1628,1765
33930,52575,14787,25373,12010,37787,3394,1628,1766
33935,52581,14789,25373,12011,37792,3394,1628,1766
33940,52592,14792,25379,12014,37797,3395,1628,1767
33945,52596,14796,25381,12018,37799,3395,1628,1767
33950,52606,14804,25387,12025,37802,3396,1628,1768
33955,52612,14805,25390,12026,37805,3396,1628,1768
33960,52623,14810,25395,12031,37812,3397,1629,1768
33965,52627,14812,25397,12033,37814,3397,1629,1768
33970,52637,14815,25403,12035,37822,3398,1630,1768
33975,52643,14816,25403,12035,37827,3398,1630,1768
33980,52654,14818,25406,12036,37834,3399,1630,1769
33985,52658,14820,25406,12038,37838,3399,1630,1769
33990,52668,14823,25412,12040,37844,3400,1630,1770
33995,52674,14825,25415,12041,37847,3400,1630,1770
34000,52685,14828,25420,12044,37857,3401,1630,1771
34005,52689,14828,25421,12044,37861,3401,1630,1771
34010,52699,14830,25426,12046,37869,3402,1630,1772
34015,52705,14831,25427,12046,37874,3402,1630,1772
34020,52716,14832,25431,12047,37883,3403,1631,1772
34025,52720,14832,25431,12047,37888,3403,1631,1772
34030,52730,14834,25435,12048,37896,3404,1631,1773
34035,52736,14835,25437,12049,37901,3404,1631,1773
34040,52747,14836,25444,12050,37909,3405,1631,1774
34045,52751,14836,25446,12050,37915,3405,1631,1774
34050,52761,14837,25453,12051,37923,3406,1631,1775
34055,52767,14839,25456,12053,37928,3406,1631,1775
34060,52778,14840,25461,12054,37937,3407,1632,1775
34065,52782,14840,25463,12054,37942,3407,1632,1775
34070,52792,14841,25467,12055,37950,3408,1632,1776
34075,52798,14844,25472,12058,37953,3408,1632,1776
34080,52809,14845,25477,12059,37962,3409,1632,1777
34085,52813,14847,25480,12061,37966,3409,1632,1777
34090,52823,14850,25483,12062,37973,3410,1632,1778
34095,52829,14851,25485,12062,37977,3410,1632,1778
34100,52840,14853,25492,12064,37986,3411,1633,1778
34105,52844,14855,25495,12066,37988,3411,1633,1778
34110,52854,14859,25499,12069,37995,3412,1634,1778
34115,52860,14860,25502,12070,37999,3412,1634,1778
34120,52871,14864,25507,12074,38005,3413,1634,1779
34125,52875,14867,25509,12077,38007,3413,1634,1779
34130,52885,14875,25515,12083,38009,3414,1634,1780
34135,52891,14877,25519,12085,38011,3414,1634,1780
34140,52902,14883,25525,12091,38017,3415,1635,1780
34145,52906,14887,25529,12095,38017,3415,1635,1780
34150,52916,14889,25531,12096,38026,3416,1635,1781
34155,52922,14892,25535,12098,38028,3416,1635,1781
34160,52933,14893,25538,12098,38038,3417,1635,1782
34165,52937,14896,25539,12101,38041,3417,1635,1782
34170,52947,14899,25545,12103,38047,3418,1635,1783
34175,52953,14902,25548,12105,38049,3418,1635,1783
34180,52964,14905,25553,12107,38057,3419,1635,1784
34185,52968,14906,25553,12108,38062,3419,1635,1784
34190,52978,14908,25557,12110,38069,3420,1636,1784
34195,52984,14911,25560,12113,38072,3420,1636,1784
34200,52995,14913,25566,12115,38080,3421,1636,1785
34205,52999,14916,25568,12118,38082,3421,1636,1785
34210,53009,14919,25575,12120,38090,3422,1636,1786
34215,53015,14919,25576,12120,38096,3422,1636,1786
34220,53026,14921,25583,12122,38103,3423,1636,1787
34225,53030,14923,25586,12124,38107,3423,1636,1787
34230,53040,14926,25593,12126,38114,3424,1637,1787
34235,53046,14926,25597,12126,38120,3424,1637,1787
34240,53057,14928,25603,12128,38127,3425,1637,1788
34245,53061,14929,25605,12129,38132,3425,1637,1788
34250,53071,14930,25609,12129,38141,3426,1637,1789
34255,53077,14930,25611,12129,38147,3426,1637,1789
34260,53088,14931,25616,12130,38156,3427,1637,1790
34265,53092,14932,25619,12131,38160,3427,1637,1790
34270,53102,14934,25623,12131,38168,3428,1638,1790
34275,53108,14934,25628,12131,38173,3428,1638,1790
34280,53119,14935,25632,12132,38184,3429,1639,1790
34285,53123,14935,25634,12132,38188,3429,1639,1790
34290,53133,14937,25638,12134,38196,3430,1639,1791
34295,53139,14937,25640,12134,38202,3430,1639,1791
34300,53150,14937,25644,12134,38210,3431,1639,1792
34305,53154,14938,25644,12135,38216,3431,1639,1792
34310,53164,14941,25650,12137,38223,3432,1640,1792
34315,53170,14944,25652,12139,38226,3432,1640,1792
34320,53181,14945,25657,12140,38234,3433,1640,1793
34325,53185,14947,25658,12142,38238,3433,1640,1793
34330,53195,14950,25660,12143,38245,3434,1640,1794
34335,53201,14953,25665,12146,38246,3434,1640,1794
34340,53212,14955,25671,12148,38254,3435,1641,1794
34345,53216,14958,25675,12151,38256,3435,1641,1794
34350,53226,14965,25681,12157,38260,3436,1641,1795
34355,53232,14968,25684,12160,38263,3436,1641,1795
34360,53243,14973,25690,12165,38268,3437,1641,1796
34365,53247,14975,25692,12167,38270,3437,1641,1796
34370,53257,14982,25698,12173,38274,3438,1642,1796
34375,53263,14985,25700,12175,38277,3438,1642,1796
34380,53274,14987,25706,12176,38284,3439,1643,1796
34385,53278,14989,25708,12178,38289,3439,1643,1796
34390,53288,14991,25711,12180,38297,3440,1643,1797
34395,53294,14992,25713,12180,38302,3440,1643,1797
34400,53305,14994,25718,12181,38310,3441,1643,1798
34405,53309,14996,25722,12183,38313,3441,1643,1798
34410,53319,14997,25726,12183,38322,3442,1644,1798
34415,53325,14998,25730,12184,38327,3442,1644,1798
34420,53336,15001,25737,12187,38333,3443,1645,1798
34425,53340,15004,25739,12190,38336,3443,1645,1798
34430,53350,15007,25746,12192,38343,3444,1646,1798
34435,53356,15008,25748,12193,38348,3444,1646,1798
34440,53367,15010,25753,12194,38355,3445,1647,1798
34445,53371,15012,25756,12196,38359,3445,1647,1798
34450,53381,15014,25759,12197,38367,3446,1647,1799
34455,53387,15015,25761,12197,38372,3446,1647,1799
34460,53398,15018,25763,12199,38380,3447,1647,1800
34465,53402,15019,25766,12200,38383,3447,1647,1800
34470,53412,15021,25770,12202,38391,3448,1648,1800
34475,53418,15022,25772,12202,38396,3448,1648,1800
34480,53429,15022,25774,12202,38407,3449,1648,1801
34485,53433,15022,25774,12202,38411,3449,1648,1801
34490,53443,15025,25781,12205,38418,3450,1649,1801
34495,53449,15028,25785,12207,38419,3450,1649,1801
34500,53460,15031,25790,12210,38426,3451,1650,1801
34505,53464,15034,25791,12213,38430,3451,1650,1801
34510,53474,15036,25796,12214,38438,3452,1651,1801
34515,53480,15038,25800,12215,38441,3452,1651,1801
34520,53491,15041,25808,12218,38446,3453,1651,1802
34525,53495,15044,25810,12221,38451,3453,1651,1802
34530,53505,15046,25816,12223,38459,3454,1651,1803
34535,53511,15047,25820,12224,38463,3454,1651,1803
34540,53522,15048,25825,12225,38472,3455,1652,1803
34545,53526,15050,25827,12227,38476,3455,1652,1803
34550,53536,15052,25831,12228,38483,3456,1653,1803
34555,53542,15054,25833,12229,38488,3456,1653,1803
34560,53553,15055,25840,12230,38496,3457,1654,1803
34565,53557,15055,25842,12230,38501,3457,1654,1803
34570,53567,15058,25849,12233,38508,3458,1654,1804
34575,53573,15060,25852,12235,38513,3458,1654,1804
34580,53584,15063,25857,12237,38519,3459,1655,1804
34585,53588,15065,25858,12239,38523,3459,1655,1804
34590,53598,15068,25860,12241,38530,3460,1655,1805
34595,53604,15069,25861,12241,38535,3460,1655,1805
34600,53615,15073,25868,12245,38540,3461,1656,1805
34605,53619,15076,25869,12248,38543,3461,1656,1805
34610,53629,15078,25871,12249,38551,3462,1657,1805
34615,53635,15079,25872,12249,38555,3462,1657,1805
34620,53646,15085,25882,12255,38557,3463,1658,1805
34625,53650,15091,25886,12261,38557,3463,1658,1805
34630,53660,15096,25890,12265,38564,3464,1658,1806
34635,53666,15097,25893,12265,38567,3464,1658,1806
34640,53677,15100,25899,12267,38575,3465,1659,1806
34645,53681,15102,25901,12269,38578,3465,1659,1806
34650,53691,15105,25907,12272,38585,3466,1659,1807
34655,53697,15107,25912,12274,38588,3466,1659,1807
34660,53708,15108,25916,12274,38597,3467,1659,1808
34665,53712,15111,25918,12277,38601,3467,1659,1808
34670,53722,15114,25925,12280,38607,3468,1659,1809
34675,53728,15117,25929,12282,38610,3468,1659,1809
34680,53739,15119,25936,12283,38618,3469,1660,1809
34685,53743,15120,25939,12284,38622,3469,1660,1809
34690,53753,15123,25945,12287,38629,3470,1660,1810
34695,53759,15126,25948,12289,38633,3470,1660,1810
34700,53770,15129,25953,12292,38641,3471,1661,1810
34705,53774,15130,25956,12293,38644,3471,1661,1810
34710,53784,15133,25963,12296,38650,3472,1661,1811
34715,53790,15135,25964,12297,38655,3472,1661,1811
34720,53801,15137,25969,12298,38662,3473,1661,1812
34725,53805,15137,25972,12298,38668,3473,1661,1812
34730,53815,15139,25978,12299,38675,3474,1662,1812
34735,53821,15142,25980,12301,38679,3474,1662,1812
34740,53832,15143,25984,12302,38687,3475,1662,1813
34745,53836,15144,25984,12303,38692,3475,1662,1813
34750,53846,15147,25990,12305,38698,3476,1663,1813
34755,53852,15149,25991,12306,38703,3476,1663,1813
34760,53863,15151,25999,12308,38708,3477,1663,1814
34765,53867,15153,26001,12310,38714,3477,1663,1814
34770,53877,15155,26005,12311,38722,3478,1663,1815
34775,53883,15155,26008,12311,38728,3478,1663,1815
34780,53894,15156,26014,12312,38737,3479,1663,1816
34785,53898,15157,26015,12313,38741,3479,1663,1816
34790,53908,15159,26018,12313,38749,3480,1663,1817
34795,53914,15159,26020,12313,38755,3480,1663,1817
34800,53925,15160,26025,12314,38763,3481,1664,1817
34805,53929,15161,26025,12315,38768,3481,1664,1817
34810,53939,15165,26030,12318,38774,3482,1665,1817
34815,53945,15165,26032,12318,38779,3482,1665,1817
34820,53956,15168,26037,12321,38787,3483,1665,1818
34825,53960,15168,26040,12321,38790,3483,1665,1818
34830,53970,15173,26042,12325,38797,3484,1665,1819
34835,53976,15173,26042,12325,38803,3484,1665,1819
34840,53987,15176,26047,12328,38809,3485,1666,1819
34845,53991,15178,26049,12330,38812,3485,1666,1819
34850,54001,15185,26054,12335,38816,3486,1666,1820
34855,54007,15186,26056,12336,38821,3486,1666,1820
34860,54018,15188,26062,12337,38827,3487,1667,1820
34865,54022,15190,26064,12339,38832,3487,1667,1820
34870,54032,15191,26066,12339,38841,3488,1667,1821
34875,54038,15193,26069,12341,38845,3488,1667,1821
34880,54049,15195,26074,12342,38853,3489,1667,1822
34885,54053,15197,26077,12344,38855,3489,1667,1822
34890,54063,15199,26083,12346,38863,3490,1668,1822
34895,54069,15201,26085,12347,38866,3490,1668,1822
34900,54080,15204,26092,12350,38872,3491,1668,1823
34905,54084,15207,26094,12353,38877,3491,1668,1823
34910,54094,15210,26100,12356,38884,3492,1668,1824
34915,54100,15211,26103,12357,38888,3492,1668,1824
34920,54111,15213,26107,12358,38895,3493,1668,1825
34925,54115,15215,26110,12360,38899,3493,1668,1825
34930,54125,15219,26117,12364,38906,3494,1669,1825
34935,54131,15220,26117,12364,38911,3494,1669,1825
34940,54142,15222,26122,12366,38917,3495,1669,1826
34945,54146,15224,26124,12368,38921,3495,1669,1826
34950,54156,15227,26129,12370,38928,3496,1669,1827
34955,54162,15229,26133,12372,38932,3496,1669,1827
34960,54173,15231,26139,12374,38939,3497,1669,1828
34965,54177,15233,26141,12376,38943,3497,1669,1828
34970,54187,15236,26143,12377,38951,3498,1670,1828
34975,54193,15237,26146,12377,38954,3498,1670,1828
34980,54204,15241,26152,12381,38961,3499,1671,1828
34985,54208,15243,26154,12383,38965,3499,1671,1828
34990,54218,15247,26160,12386,38970,3500,1671,1829
34995,54224,15250,26164,12389,38973,3500,1671,1829
35000,54235,15254,26167,12392,38980,3501,1671,1830
35005,54239,15255,26168,12393,38984,3501,1671,1830
35010,54249,15259,26173,12397,38989,3502,1671,1831
35015,54255,15261,26175,12398,38994,3502,1671,1831
35020,54266,15264,26181,12401,38998,3503,1671,1832
35025,54270,15266,26182,12403,39003,3503,1671,1832
35030,54280,15271,26187,12407,39008,3504,1671,1833
35035,54286,15273,26191,12409,39012,3504,1671,1833
35040,54297,15275,26193,12410,39020,3505,1671,1834
35045,54301,15278,26196,12413,39023,3505,1671,1834
35050,54311,15280,26199,12413,39031,3506,1671,1835
35055,54317,15280,26202,12413,39037,3506,1671,1835
35060,54328,15281,26207,12414,39045,3507,1671,1836
35065,54332,15281,26208,12414,39051,3507,1671,1836
35070,54342,15283,26214,12414,39059,3508,1672,1836
35075,54348,15283,26217,12414,39064,3508,1672,1836
35080,54359,15285,26223,12416,39073,3509,1673,1836
35085,54363,15285,26224,12416,39077,3509,1673,1836
35090,54373,15288,26226,12418,39085,3510,1673,1837
35095,54379,15289,26230,12419,39088,3510,1673,1837
35100,54390,15291,26234,12421,39097,3511,1674,1837
35105,54394,15292,26234,12422,39102,3511,1674,1837
35110,54404,15296,26240,12426,39108,3512,1675,1837
35115,54410,15297,26243,12427,39113,3512,1675,1837
35120,54421,15297,26246,12427,39122,3513,1675,1838
35125,54425,15298,26247,12428,39127,3513,1675,1838
35130,54435,15300,26250,12429,39135,3514,1676,1838
35135,54441,15300,26253,12429,39139,3514,1676,1838
35140,54452,15304,26260,12433,39146,3515,1677,1838
35145,54456,15306,26263,12435,39149,3515,1677,1838
35150,54466,15311,26269,12439,39154,3516,1678,1838
35155,54472,15313,26271,12440,39159,3516,1678,1838
35160,54483,15315,26280,12442,39164,3517,1679,1838
35165,54487,15318,26281,12445,39169,3517,1679,1838
35170,54497,15319,26283,12445,39177,3518,1680,1838
35175,54503,15321,26286,12447,39181,3518,1680,1838
35180,54514,15323,26291,12448,39189,3519,1681,1838
35185,54518,15324,26294,12449,39193,3519,1681,1838
35190,54528,15327,26300,12452,39200,3520,1681,1839
35195,54534,15330,26303,12455,39203,3520,1681,1839
35200,54545,15331,26305,12455,39211,3521,1681,1840
35205,54549,15332,26306,12456,39217,3521,1681,1840
35210,54559,15334,26309,12457,39225,3522,1682,1840
35215,54565,15336,26313,12458,39228,3522,1682,1840
35220,54576,15337,26316,12459,39237,3523,1682,1841
35225,54580,15339,26317,12461,39241,3523,1682,1841
35230,54590,15343,26324,12465,39247,3524,1683,1841
35235,54596,15344,26327,12466,39252,3524,1683,1841
35240,54607,15347,26332,12468,39258,3525,1683,1842
35245,54611,15348,26333,12469,39263,3525,1683,1842
35250,54621,15350,26336,12471,39271,3526,1683,1843
35255,54627,15352,26339,12472,39275,3526,1683,1843
35260,54638,15354,26343,12474,39282,3527,1683,1844
35265,54642,15356,26346,12476,39286,3527,1683,1844
35270,54652,15359,26349,12478,39293,3528,1684,1844
35275,54658,15361,26353,12480,39296,3528,1684,1844
35280,54669,15364,26359,12483,39301,3529,1684,1845
35285,54673,15367,26361,12486,39306,3529,1684,1845
35290,54683,15370,26366,12487,39313,3530,1685,1845
35295,54689,15371,26372,12488,39317,3530,1685,1845
35300,54700,15374,26375,12490,39324,3531,1686,1845
35305,54704,15376,26377,12492,39328,3531,1686,1845
35310,54714,15380,26382,12495,39334,3532,1686,1846
35315,54720,15381,26383,12495,39339,3532,1686,1846
35320,54731,15384,26388,12498,39346,3533,1687,1846
35325,54735,15385,26391,12499,39350,3533,1687,1846
35330,54745,15387,26395,12500,39358,3534,1688,1846
35335,54751,15388,26397,12500,39363,3534,1688,1846
35340,54762,15392,26403,12503,39368,3535,1689,1846
35345,54766,15393,26405,12504,39373,3535,1689,1846
35350,54776,15395,26408,12505,39381,3536,1690,1846
35355,54782,15396,26410,12505,39385,3536,1690,1846
35360,54793,15399,26415,12508,39393,3537,1690,1847
35365,54797,15399,26415,12508,39398,3537,1690,1847
35370,54807,15401,26418,12508,39406,3538,1691,1847
35375,54813,15402,26420,12508,39411,3538,1691,1847
35380,54824,15403,26427,12509,39419,3539,1691,1848
35385,54828,15405,26429,12511,39422,3539,1691,1848
35390,54838,15411,26434,12516,39426,3540,1691,1849
35395,54844,15414,26436,12518,39429,3540,1691,1849
35400,54855,15417,26442,12521,39435,3541,1691,1850
35405,54859,15420,26445,12524,39437,3541,1691,1850
35410,54869,15426,26450,12530,39443,3542,1692,1850
35415,54875,15428,26454,12532,39445,3542,1692,1850
35420,54886,15432,26460,12536,39451,3543,1692,1851
35425,54890,15435,26463,12539,39454,3543,1692,1851
35430,54900,15439,26468,12543,39460,3544,1692,1852
35435,54906,15442,26472,12546,39462,3544,1692,1852
35440,54917,15443,26478,12547,39472,3545,1693,1852
35445,54921,15444,26479,12548,39477,3545,1693,1852
35450,54931,15446,26481,12549,39485,3546,1694,1852
35455,54937,15447,26483,12550,39489,3546,1694,1852
35460,54948,15448,26486,12550,39497,3547,1694,1853
35465,54952,15451,26490,12553,39500,3547,1694,1853
35470,54962,15455,26497,12557,39507,3548,1695,1853
35475,54968,15457,26503,12559,39509,3548,1695,1853
35480,54979,15460,26510,12561,39516,3549,1696,1853
35485,54983,15461,26510,12562,39522,3549,1696,1853
35490,54993,15463,26515,12564,39529,3550,1697,1853
35495,54999,15466,26520,12567,39532,3550,1697,1853
35500,55010,15467,26525,12567,39542,3551,1697,1854
35505,55014,15467,26528,12567,39546,3551,1697,1854
35510,55024,15469,26533,12569,39555,3552,1697,1855
35515,55030,15469,26535,12569,39560,3552,1697,1855
35520,55041,15471,26542,12571,39569,3553,1698,1855
35525,55045,15472,26545,12572,39573,3553,1698,1855
35530,55055,15473,26548,12572,39582,3554,1698,1856
35535,55061,15473,26553,12572,39588,3554,1698,1856
35540,55072,15475,26560,12574,39593,3555,1698,1857
35545,55076,15478,26561,12577,39598,3555,1698,1857
35550,55086,15482,26567,12579,39604,3556,1698,1858
35555,55092,15482,26570,12579,39610,3556,1698,1858
35560,55103,15484,26576,12580,39616,3557,1699,1858
35565,55107,15485,26578,12581,39622,3557,1699,1858
35570,55117,15488,26583,12582,39629,3558,1700,1858
35575,55123,15488,26584,12582,39635,3558,1700,1858
35580,55134,15490,26588,12583,39642,3559,1700,1859
35585,55138,15491,26589,12584,39647,3559,1700,1859
35590,55148,15494,26596,12587,39654,3560,1700,1860
35595,55154,15494,26599,12587,39660,3560,1700,1860
35600,55165,15496,26602,12589,39668,3561,1701,1860
35605,55169,15497,26603,12590,39672,3561,1701,1860
35610,55179,15500,26607,12592,39678,3562,1701,1861
35615,55185,15502,26608,12593,39682,3562,1701,1861
35620,55196,15507,26616,12597,39685,3563,1702,1861
35625,55200,15512,26618,12602,39687,3563,1702,1861
35630,55210,15516,26620,12605,39694,3564,1702,1862
35635,55216,15518,26623,12606,39696,3564,1702,1862
35640,55227,15524,26628,12611,39701,3565,1703,1862
35645,55231,15526,26629,12613,39705,3565,1703,1862
35650,55241,15530,26632,12616,39711,3566,1703,1863
35655,55247,15532,26634,12617,39714,3566,1703,1863
35660,55258,15536,26638,12620,39719,3567,1703,1864
35665,55262,15538,26638,12622,39724,3567,1703,1864
35670,55272,15543,26645,12627,39728,3568,1704,1864
35675,55278,15546,26647,12629,39731,3568,1704,1864
35680,55289,15551,26657,12634,39734,3569,1705,1864
35685,55293,15555,26660,12638,39737,3569,1705,1864
35690,55303,15556,26664,12638,39747,3570,1705,1865
35695,55309,15557,26668,12639,39750,3570,1705,1865
35700,55320,15557,26672,12639,39762,3571,1706,1865
35705,55324,15557,26675,12639,39766,3571,1706,1865
35710,55334,15558,26678,12639,39776,3572,1707,1865
35715,55340,15560,26682,12640,39779,3572,1707,1865
35720,55351,15561,26687,12641,39787,3573,1707,1866
35725,55355,15562,26688,12642,39793,3573,1707,1866
35730,55365,15563,26690,12642,39802,3574,1707,1867
35735,55371,15564,26692,12643,39807,3574,1707,1867
35740,55382,15565,26698,12644,39816,3575,1707,1868
35745,55386,15565,26699,12644,39821,3575,1707,1868
35750,55396,15567,26703,12645,39828,3576,1707,1869
35755,55402,15570,26707,12647,39832,3576,1707,1869
35760,55413,15571,26710,12648,39841,3577,1708,1869
35765,55417,15571,26713,12648,39845,3577,1708,1869
35770,55427,15573,26719,12649,39854,3578,1709,1869
35775,55433,15575,26724,12651,39857,3578,1709,1869
35780,55444,15575,26731,12651,39867,3579,1710,1869
35785,55448,15575,26732,12651,39873,3579,1710,1869
35790,55458,15578,26737,12653,39880,3580,1711,1869
35795,55464,15579,26740,12653,39883,3580,1711,1869
35800,55475,15583,26745,12657,39890,3581,1711,1870
35805,55479,15584,26747,12658,39895,3581,1711,1870
35810,55489,15587,26753,12660,39902,3582,1712,1870
35815,55495,15588,26755,12661,39907,3582,1712,1870
35820,55506,15592,26763,12665,39911,3583,1713,1870
35825,55510,15595,26765,12668,39915,3583,1713,1870
35830,55520,15598,26767,12669,39922,3584,1713,1871
35835,55526,15599,26769,12669,39926,3584,1713,1871
35840,55537,15604,26774,12673,39931,3585,1713,1872
35845,55541,15606,26778,12675,39934,3585,1713,1872
35850,55551,15610,26781,12677,39941,3586,1713,1873
35855,55557,15611,26784,12677,39946,3586,1713,1873
35860,55568,15616,26788,12681,39951,3587,1713,1874
35865,55572,15618,26790,12683,39954,3587,1713,1874
35870,55582,15621,26794,12684,39961,3588,1713,1875
35875,55588,15622,26796,12684,39966,3588,1713,1875
35880,55599,15625,26801,12687,39972,3589,1713,1876
35885,55603,15629,26804,12691,39974,3589,1713,1876
35890,55613,15633,26810,12694,39980,3590,1714,1876
35895,55619,15634,26814,12695,39984,3590,1714,1876
35900,55630,15639,26818,12700,39990,3591,1714,1877
35905,55634,15640,26820,12701,39993,3591,1714,1877
35910,55644,15644,26824,12704,39999,3592,1715,1877
35915,55650,15647,26826,12706,40002,3592,1715,1877
35920,55661,15651,26831,12710,40008,3593,1715,1878
35925,55665,15654,26833,12713,40010,3593,1715,1878
35930,55675,15659,26837,12717,40015,3594,1715,1879
35935,55681,15661,26837,12718,40020,3594,1715,1879
35940,55692,15663,26842,12720,40027,3595,1715,1880
35945,55696,15665,26844,12722,40031,3595,1715,1880
35950,55706,15666,26847,12722,40039,3596,1716,1880
35955,55712,15668,26849,12723,40043,3596,1716,1880
35960,55723,15669,26854,12724,40052,3597,1717,1880
35965,55727,15670,26855,12725,40057,3597,1717,1880
35970,55737,15672,26858,12726,40064,3598,1717,1881
35975,55743,15675,26862,12728,40066,3598,1717,1881
35980,55754,15676,26866,12729,40076,3599,1718,1881
35985,55758,15677,26869,12730,40081,3599,1718,1881
35990,55768,15678,26874,12730,40090,3600,1719,1881
35995,55774,15680,26879,12732,40093,3600,1719,1881
36000,55785,15681,26884,12733,40101,3601,1719,1882
36005,55789,15682,26886,12734,40107,3601,1719,1882
36010,55799,15683,26891,12735,40116,3602,1720,1882
36015,55805,15684,26894,12735,40120,3602,1720,1882
36020,55816,15684,26899,12735,40132,3603,1721,1882
36025,55820,15684,26901,12735,40135,3603,1721,1882
36030,55830,15685,26907,12735,40144,3604,1722,1882
36035,55836,15688,26910,12737,40147,3604,1722,1882
36040,55847,15688,26914,12737,40157,3605,1722,1883
36045,55851,15689,26915,12738,40162,3605,1722,1883
36050,55861,15693,26920,12741,40167,3606,1722,1884
36055,55867,15695,26922,12743,40171,3606,1722,1884
36060,55878,15697,26928,12744,40178,3607,1723,1884
36065,55882,15699,26931,12746,40182,3607,1723,1884
36070,55892,15702,26935,12749,40190,3608,1723,1885
36075,55898,15702,26939,12749,40195,3608,1723,1885
36080,55909,15706,26947,12753,40200,3609,1723,1886
36085,55913,15709,26947,12756,40204,3609,1723,1886
36090,55923,15712,26950,12757,40211,3610,1723,1887
36095,55929,15712,26951,12757,40217,3610,1723,1887
36100,55940,15714,26956,12758,40223,3611,1724,1887
36105,55944,15716,26957,12760,40228,3611,1724,1887
36110,55954,15719,26963,12762,40235,3612,1725,1887
36115,55960,15719,26966,12762,40241,3612,1725,1887
36120,55971,15721,26970,12763,40248,3613,1725,1888
36125,55975,15724,26971,12766,40251,3613,1725,1888
36130,55985,15727,26975,12767,40258,3614,1725,1889
36135,55991,15727,26979,12767,40263,3614,1725,1889
36140,56002,15731,26983,12770,40269,3615,1725,1890
36145,56006,15733,26985,12772,40272,3615,1725,1890
36150,56016,15736,26987,12773,40280,3616,1725,1891
36155,56022,15736,26990,12773,40286,3616,1725,1891
36160,56033,15738,26994,12775,40293,3617,1725,1892
36165,56037,15739,26996,12776,40297,3617,1725,1892
36170,56047,15743,26998,12778,40303,3618,1725,1893
36175,56053,15746,27000,12780,40306,3618,1725,1893
36180,56064,15749,27003,12783,40315,3619,1726,1893
36185,56068,15750,27005,12784,40317,3619,1726,1893
36190,56078,15755,27009,12788,40323,3620,1727,1893
36195,56084,15758,27014,12790,40323,3620,1727,1893
36200,56095,15763,27018,12794,40329,3621,1727,1894
36205,56099,15767,27020,12798,40331,3621,1727,1894
36210,56109,15774,27026,12804,40334,3622,1727,1895
36215,56115,15776,27029,12806,40337,3622,1727,1895
36220,56126,15781,27034,12810,40343,3623,1728,1895
36225,56130,15784,27036,12813,40345,3623,1728,1895
36230,56140,15788,27037,12815,40352,3624,1728,1896
36235,56146,15789,27038,12816,40357,3624,1728,1896
36240,56157,15791,27042,12817,40365,3625,1728,1897
36245,56161,15792,27045,12818,40369,3625,1728,1897
36250,56171,15794,27050,12819,40377,3626,1729,1897
36255,56177,15796,27053,12821,40381,3626,1729,1897
36260,56188,15796,27059,12821,40389,3627,1730,1897
36265,56192,15797,27062,12822,40395,3627,1730,1897
36270,56202,15799,27068,12824,40402,3628,1730,1898
36275,56208,15801,27072,12826,40406,3628,1730,1898
36280,56219,15801,27076,12826,40418,3629,1731,1898
36285,56223,15801,27078,12826,40421,3629,1731,1898
36290,56233,15802,27082,12826,40431,3630,1732,1898
36295,56239,15804,27086,12827,40435,3630,1732,1898
36300,56250,15804,27091,12827,40445,3631,1732,1899
36305,56254,15805,27095,12828,40449,3631,1732,1899
36310,56264,15807,27101,12830,40457,3632,1732,1900
36315,56270,15809,27104,12832,40461,3632,1732,1900
36320,56281,15809,27110,12832,40470,3633,1732,1901
36325,56285,15809,27111,12832,40476,3633,1732,1901
36330,56295,15811,27114,12833,40484,3634,1732,1902
36335,56301,15813,27116,12835,40488,3634,1732,1902
36340,56312,15813,27119,12835,40497,3635,1732,1903
36345,56316,15814,27122,12836,40502,3635,1732,1903
36350,56326,15818,27127,12839,40508,3636,1733,1903
36355,56332,15819,27129,12840,40513,3636,1733,1903
36360,56343,15822,27136,12842,40517,3637,1734,1903
36365,56347,15825,27137,12845,40522,3637,1734,1903
36370,56357,15829,27143,12848,40528,3638,1735,1903
36375,56363,15830,27145,12849,40533,3638,1735,1903
36380,56374,15832,27150,12850,40538,3639,1735,1904
36385,56378,15835,27151,12853,40542,3639,1735,1904
36390,56388,15839,27156,12856,40549,3640,1736,1904
36395,56394,15840,27160,12857,40553,3640,1736,1904
36400,56405,15843,27165,12860,40560,3641,1737,1904
36405,56409,15847,27167,12864,40562,3641,1737,1904
36410,56419,15852,27172,12867,40567,3642,1738,1904
36415,56425,15853,27176,12867,40569,3642,1738,1904
36420,56436,15861,27183,12874,40573,3643,1738,1905
36425,56440,15864,27186,12877,40574,3643,1738,1905
36430,56450,15871,27193,12883,40579,3644,1739,1905
36435,56456,15872,27195,12883,40583,3644,1739,1905
36440,56467,15877,27204,12888,40587,3645,1740,1905
36445,56471,15879,27205,12890,40591,3645,1740,1905
36450,56481,15882,27210,12892,40599,3646,1741,1905
36455,56487,15883,27211,12892,40604,3646,1741,1905
36460,56498,15885,27215,12894,40611,3647,1741,1906
36465,56502,15886,27218,12895,40615,3647,1741,1906
36470,56512,15889,27224,12897,40622,3648,1742,1906
36475,56518,15892,27227,12899,40625,3648,1742,1906
36480,56529,15894,27235,12901,40632,3649,1743,1906
36485,56533,15895,27236,12902,40638,3649,1743,1906
36490,56543,15896,27241,12903,40647,3650,1743,1907
36495,56549,15897,27244,12904,40652,3650,1743,1907
36500,56560,15897,27248,12904,40663,3651,1744,1907
36505,56564,15897,27250,12904,40666,3651,1744,1907
36510,56574,15898,27255,12905,40676,3652,1745,1907
36515,56580,15900,27258,12907,40680,3652,1745,1907
36520,56591,15900,27265,12907,40690,3653,1746,1907
36525,56595,15900,27267,12907,40695,3653,1746,1907
36530,56605,15902,27273,12909,40702,3654,1746,1908
36535,56611,15904,27277,12911,40707,3654,1746,1908
36540,56622,15904,27282,12911,40716,3655,1746,1909
36545,56626,15904,27283,12911,40722,3655,1746,1909
36550,56636,15906,27289,12912,40730,3656,1747,1909
36555,56642,15908,27293,12914,40734,3656,1747,1909
36560,56653,15908,27295,12914,40743,3657,1747,1910
36565,56657,15909,27297,12915,40748,3657,1747,1910
36570,56667,15912,27303,12917,40754,3658,1747,1911
36575,56673,15915,27309,12920,40757,3658,1747,1911
36580,56684,15918,27317,12923,40765,3659,1748,1911
36585,56688,15919,27318,12924,40769,3659,1748,1911
36590,56698,15924,27325,12929,40773,3660,1748,1912
36595,56704,15926,27326,12930,40777,3660,1748,1912
36600,56715,15930,27331,12934,40783,3661,1748,1913
36605,56719,15932,27332,12936,40786,3661,1748,1913
36610,56729,15935,27336,12938,40794,3662,1749,1913
36615,56735,15935,27337,12938,40800,3662,1749,1913
36620,56746,15939,27344,12941,40804,3663,1749,1914
36625,56750,15944,27346,12946,40806,3663,1749,1914
36630,56760,15949,27350,12950,40811,3664,1749,1915
36635,56766,15950,27353,12951,40816,3664,1749,1915
36640,56777,15953,27359,12953,40823,3665,1750,1915
36645,56781,15955,27361,12955,40826,3665,1750,1915
36650,56791,15959,27368,12959,40832,3666,1751,1915
36655,56797,15959,27369,12959,40838,3666,1751,1915
36660,56808,15961,27375,12961,40845,3667,1752,1915
36665,56812,15964,27376,12964,40848,3667,1752,1915
36670,56822,15970,27382,12968,40852,3668,1753,1915
36675,56828,15970,27382,12968,40858,3668,1753,1915
36680,56839,15972,27389,12970,40865,3669,1754,1915
36685,56843,15975,27391,12973,40867,3669,1754,1915
36690,56853,15980,27395,12977,40873,3670,1754,1916
36695,56859,15980,27398,12977,40878,3670,1754,1916
36700,56870,15985,27405,12982,40883,3671,1754,1917
36705,56874,15988,27407,12985,40886,3671,1754,1917
36710,56884,15991,27411,12987,40893,3672,1754,1918
36715,56890,15992,27413,12987,40897,3672,1754,1918
36720,56901,15993,27417,12987,40906,3673,1755,1918
36725,56905,15994,27418,12988,40911,3673,1755,1918
36730,56915,15996,27425,12990,40918,3674,1755,1919
36735,56921,15998,27426,12991,40923,3674,1755,1919
36740,56932,15999,27431,12992,40931,3675,1755,1920
36745,56936,16000,27431,12993,40936,3675,1755,1920
36750,56946,16001,27434,12993,40944,3676,1756,1920
36755,56952,16003,27437,12995,40949,3676,1756,1920
36760,56963,16004,27442,12996,40958,3677,1757,1920
36765,56967,16005,27444,12997,40961,3677,1757,1920
36770,56977,16007,27450,12998,40970,3678,1758,1920
36775,56983,16008,27451,12998,40974,3678,1758,1920
36780,56994,16009,27453,12999,40985,3679,1758,1921
36785,56998,16009,27455,12999,40989,3679,1758,1921
36790,57008,16010,27458,12999,40998,3680,1758,1922
36795,57014,16012,27461,13000,41001,3680,1758,1922
36800,57025,16013,27465,13001,41011,3681,1758,1923
36805,57029,16014,27466,13002,41015,3681,1758,1923
36810,57039,16016,27470,13003,41022,3682,1758,1924
36815,57045,16018,27472,13005,41027,3682,1758,1924
36820,57056,16020,27480,13007,41034,3683,1759,1924
36825,57060,16021,27482,13008,41039,3683,1759,1924
36830,57070,16024,27486,13009,41045,3684,1760,1924
36835,57076,16026,27488,13011,41049,3684,1760,1924
36840,57087,16029,27492,13014,41056,3685,1760,1925
36845,57091,16033,27494,13018,41058,3685,1760,1925
36850,57101,16038,27500,13022,41062,3686,1761,1925
36855,57107,16040,27503,13024,41065,3686,1761,1925
36860,57118,16046,27508,13029,41070,3687,1761,1926
36865,57122,16049,27510,13032,41072,3687,1761,1926
36870,57132,16057,27517,13039,41074,3688,1761,1927
36875,57138,16059,27518,13040,41078,3688,1761,1927
36880,57149,16063,27523,13043,41083,3689,1761,1928
36885,57153,16066,27523,13046,41087,3689,1761,1928
36890,57163,16071,27530,13051,41091,3690,1762,1928
36895,57169,16074,27531,13053,41095,3690,1762,1928
36900,57180,16076,27533,13054,41103,3691,1762,1929
36905,57184,16077,27534,13055,41106,3691,1762,1929
36910,57194,16081,27539,13058,41113,3692,1763,1929
36915,57200,16082,27541,13059,41118,3692,1763,1929
36920,57211,16085,27546,13061,41124,3693,1764,1929
36925,57215,16087,27548,13063,41128,3693,1764,1929
36930,57225,16089,27552,13064,41136,3694,1765,1929
36935,57231,16090,27555,13065,41141,3694,1765,1929
36940,57242,16092,27564,13067,41146,3695,1766,1929
36945,57246,16095,27566,13070,41151,3695,1766,1929
36950,57256,16097,27571,13072,41159,3696,1766,1930
36955,57262,16099,27573,13073,41163,3696,1766,1930
36960,57273,16100,27577,13074,41170,3697,1766,1931
36965,57277,16103,27580,13077,41174,3697,1766,1931
36970,57287,16107,27585,13081,41180,3698,1767,1931
36975,57293,16109,27589,13082,41184,3698,1767,1931
36980,57304,16109,27596,13082,41194,3699,1768,1931
36985,57308,16109,27597,13082,41199,3699,1768,1931
36990,57318,16110,27601,13082,41208,3700,1768,1932
36995,57324,16110,27603,13082,41214,3700,1768,1932
37000,57335,16110,27606,13082,41224,3701,1768,1933
37005,57339,16110,27609,13082,41229,3701,1768,1933
37010,57349,16111,27613,13082,41238,3702,1769,1933
37015,57355,16111,27616,13082,41242,3702,1769,1933
37020,57366,16114,27621,13085,41250,3703,1769,1934
37025,57370,16116,27624,13087,41253,3703,1769,1934
37030,57380,16120,27628,13089,41260,3704,1769,1935
37035,57386,16120,27632,13089,41264,3704,1769,1935
37040,57397,16123,27637,13092,41272,3705,1769,1936
37045,57401,16123,27639,13092,41278,3705,1769,1936
37050,57411,16125,27644,13092,41286,3706,1770,1936
37055,57417,16125,27648,13092,41290,3706,1770,1936
37060,57428,16126,27652,13093,41301,3707,1770,1937
37065,57432,16126,27653,13093,41306,3707,1770,1937
37070,57442,16128,27657,13093,41314,3708,1770,1938
37075,57448,16128,27658,13093,41320,3708,1770,1938
37080,57459,16131,27666,13096,41325,3709,1771,1938
37085,57463,16134,27669,13099,41328,3709,1771,1938
37090,57473,16137,27676,13102,41336,3710,1772,1938
37095,57479,16138,27680,13103,41341,3710,1772,1938
37100,57490,16141,27685,13105,41347,3711,1772,1939
37105,57494,16142,27685,13106,41352,3711,1772,1939
37110,57504,16145,27690,13109,41359,3712,1773,1939
37115,57510,16146,27693,13110,41364,3712,1773,1939
37120,57521,16148,27694,13111,41373,3713,1773,1940
37125,57525,16149,27695,13112,41376,3713,1773,1940
37130,57535,16153,27699,13114,41382,3714,1774,1940
37135,57541,16154,27701,13115,41386,3714,1774,1940
37140,57552,16156,27705,13117,41394,3715,1774,1941
37145,57556,16157,27707,13118,41398,3715,1774,1941
37150,57566,16161,27712,13121,41405,3716,1774,1942
37155,57572,16162,27715,13121,41409,3716,1774,1942
37160,57583,16167,27721,13126,41415,3717,1774,1943
37165,57587,16170,27724,13129,41417,3717,1774,1943
37170,57597,16173,27728,13130,41424,3718,1775,1943
37175,57603,16174,27730,13131,41428,3718,1775,1943
37180,57614,16179,27737,13135,41433,3719,1776,1943
37185,57618,16180,27737,13136,41438,3719,1776,1943
37190,57628,16182,27740,13136,41446,3720,1777,1943
37195,57634,16183,27743,13136,41450,3720,1777,1943
37200,57645,16185,27744,13137,41459,3721,1777,1944
37205,57649,16186,27744,13138,41463,3721,1777,1944
37210,57659,16191,27748,13142,41468,3722,1777,1945
37215,57665,16194,27752,13145,41470,3722,1777,1945
37220,57676,16197,27758,13148,41475,3723,1777,1946
37225,57680,16201,27759,13152,41479,3723,1777,1946
37230,57690,16205,27766,13155,41484,3724,1777,1947
37235,57696,16208,27771,13157,41486,3724,1777,1947
37240,57707,16209,27775,13157,41495,3725,1777,1948
37245,57711,16212,27777,13160,41498,3725,1777,1948
37250,57721,16214,27782,13161,41506,3726,1777,1949
37255,57727,16217,27785,13163,41509,3726,1777,1949
37260,57738,16220,27791,13166,41516,3727,1778,1949
37265,57742,16221,27793,13167,41520,3727,1778,1949
37270,57752,16222,27795,13167,41530,3728,1778,1950
37275,57758,16224,27800,13169,41534,3728,1778,1950
37280,57769,16224,27803,13169,41544,3729,1778,1951
37285,57773,16224,27804,13169,41549,3729,1778,1951
37290,57783,16226,27809,13171,41556,3730,1778,1952
37295,57789,16228,27812,13173,41561,3730,1778,1952
37300,57800,16229,27818,13174,41568,3731,1778,1953
37305,57804,16230,27819,13175,41574,3731,1778,1953
37310,57814,16232,27826,13177,41581,3732,1779,1953
37315,57820,16235,27829,13179,41585,3732,1779,1953
37320,57831,16235,27834,13179,41594,3733,1779,1954
37325,57835,16236,27835,13180,41599,3733,1779,1954
37330,57845,16239,27839,13181,41606,3734,1780,1954
37335,57851,16240,27842,13182,41610,3734,1780,1954
37340,57862,16243,27846,13185,41619,3735,1781,1954
37345,57866,16244,27848,13186,41622,3735,1781,1954
37350,57876,16246,27855,13187,41629,3736,1782,1954
37355,57882,16248,27858,13188,41633,3736,1782,1954
37360,57893,16251,27864,13191,41640,3737,1783,1954
37365,57897,16252,27866,13192,41645,3737,1783,1954
37370,57907,16255,27869,13194,41652,3738,1784,1954
37375,57913,16257,27873,13196,41654,3738,1784,1954
37380,57924,16263,27877,13201,41661,3739,1785,1954
37385,57928,16263,27878,13201,41664,3739,1785,1954
37390,57938,16269,27884,13207,41669,3740,1786,1954
37395,57944,16271,27887,13209,41672,3740,1786,1954
37400,57955,16274,27891,13211,41679,3741,1786,1955
37405,57959,16275,27891,13212,41684,3741,1786,1955
37410,57969,16279,27897,13215,41689,3742,1786,1956
37415,57975,16281,27899,13217,41694,3742,1786,1956
37420,57986,16283,27904,13218,41700,3743,1787,1956
37425,57990,16285,27907,13220,41704,3743,1787,1956
37430,58000,16289,27912,13223,41710,3744,1788,1956
37435,58006,16291,27915,13225,41714,3744,1788,1956
37440,58017,16294,27923,13228,41719,3745,1789,1956
37445,58021,16298,27927,13232,41722,3745,1789,1956
37450,58031,16302,27933,13236,41729,3746,1790,1956
37455,58037,16304,27937,13238,41732,3746,1790,1956
37460,58048,16307,27941,13240,41739,3747,1790,1957
37465,58052,16309,27945,13242,41742,3747,1790,1957
37470,58062,16313,27949,13245,41748,3748,1790,1958
37475,58068,16315,27954,13247,41752,3748,1790,1958
37480,58079,16319,27960,13250,41756,3749,1790,1959
37485,58083,16321,27961,13252,41762,3749,1790,1959
37490,58093,16324,27966,13254,41769,3750,1791,1959
37495,58099,16325,27968,13254,41773,3750,1791,1959
37500,58110,16327,27971,13255,41780,3751,1791,1960
37505,58114,16330,27974,13258,41783,3751,1791,1960
37510,58124,16333,27978,13260,41791,3752,1791,1961
37515,58130,16333,27981,13260,41796,3752,1791,1961
37520,58141,16335,27985,13262,41803,3753,1791,1962
37525,58145,16336,27985,13263,41809,3753,1791,1962
37530,58155,16339,27990,13264,41816,3754,1792,1962
37535,58161,16339,27992,13264,41822,3754,1792,1962
37540,58172,16342,27997,13267,41828,3755,1792,1963
37545,58176,16344,27999,13269,41832,3755,1792,1963
37550,58186,16348,28004,13271,41838,3756,1792,1964
37555,58192,16348,28008,13271,41843,3756,1792,1964
37560,58203,16351,28015,13274,41850,3757,1793,1964
37565,58207,16355,28017,13278,41852,3757,1793,1964
37570,58217,16358,28023,13280,41859,3758,1793,1965
37575,58223,16358,28027,13280,41864,3758,1793,1965
37580,58234,16362,28032,13283,41870,3759,1794,1965
37585,58238,16364,28033,13285,41874,3759,1794,1965
37590,58248,16365,28037,13286,41883,3760,1794,1966
37595,58254,16365,28043,13286,41887,3760,1794,1966
37600,58265,16365,28049,13286,41898,3761,1795,1966
37605,58269,16365,28050,13286,41903,3761,1795,1966
37610,58279,16367,28057,13288,41911,3762,1796,1966
37615,58285,16370,28061,13291,41914,3762,1796,1966
37620,58296,16371,28069,13292,41923,3763,1796,1967
37625,58300,16372,28070,13293,41928,3763,1796,1967
37630,58310,16373,28075,13293,41936,3764,1797,1967
37635,58316,16376,28079,13296,41939,3764,1797,1967
37640,58327,16376,28082,13296,41949,3765,1797,1968
37645,58331,16377,28086,13297,41953,3765,1797,1968
37650,58341,16378,28090,13297,41962,3766,1797,1969
37655,58347,16381,28095,13300,41965,3766,1797,1969
37660,58358,16382,28104,13301,41973,3767,1797,1970
37665,58362,16383,28106,13302,41978,3767,1797,1970
37670,58372,16384,28111,13302,41988,3768,1798,1970
37675,58378,16386,28114,13303,41992,3768,1798,1970
37680,58389,16386,28119,13303,42001,3769,1798,1971
37685,58393,16386,28120,13303,42007,3769,1798,1971
37690,58403,16389,28124,13305,42014,3770,1799,1971
37695,58409,16390,28126,13305,42019,3770,1799,1971
37700,58420,16394,28132,13308,42024,3771,1800,1971
37705,58424,16396,28133,13310,42028,3771,1800,1971
37710,58434,16401,28141,13315,42032,3772,1800,1972
37715,58440,16403,28143,13316,42036,3772,1800,1972
37720,58451,16407,28149,13320,42041,3773,1800,1973
37725,58455,16409,28151,13322,42046,3773,1800,1973
37730,58465,16411,28155,13323,42054,3774,1801,1973
37735,58471,16412,28157,13323,42059,3774,1801,1973
37740,58482,16414,28161,13324,42065,3775,1802,1973
37745,58486,16417,28164,13327,42069,3775,1802,1973
37750,58496,16421,28173,13331,42074,3776,1803,1973
37755,58502,16424,28176,13333,42077,3776,1803,1973
37760,58513,16427,28181,13336,42082,3777,1803,1974
37765,58517,16431,28184,13340,42085,3777,1803,1974
37770,58527,16436,28188,13343,42091,3778,1804,1974
37775,58533,16437,28190,13343,42096,3778,1804,1974
37780,58544,16442,28196,13348,42100,3779,1804,1975
37785,58548,16443,28198,13349,42103,3779,1804,1975
37790,58558,16449,28205,13355,42109,3780,1805,1975
37795,58564,16450,28209,13356,42112,3780,1805,1975
37800,58575,16455,28214,13360,42118,3781,1805,1976
37805,58579,16457,28215,13362,42122,3781,1805,1976
37810,58589,16460,28218,13364,42129,3782,1805,1977
37815,58595,16460,28220,13364,42135,3782,1805,1977
37820,58606,16463,28225,13366,42141,3783,1805,1978
37825,58610,16466,28226,13369,42144,3783,1805,1978
37830,58620,16471,28232,13373,42149,3784,1806,1978
37835,58626,16472,28234,13374,42153,3784,1806,1978
37840,58637,16474,28239,13375,42162,3785,1807,1978
37845,58641,16475,28239,13376,42166,3785,1807,1978
37850,58651,16477,28246,13378,42174,3786,1808,1978
37855,58657,16477,28249,13378,42179,3786,1808,1978
37860,58668,16478,28252,13378,42189,3787,1808,1979
37865,58672,16479,28253,13379,42193,3787,1808,1979
37870,58682,16480,28256,13380,42202,3788,1809,1979
37875,58688,16480,28258,13380,42207,3788,1809,1979
37880,58699,16482,28265,13382,42214,3789,1809,1980
37885,58703,16484,28266,13384,42219,3789,1809,1980
37890,58713,16485,28272,13385,42228,3790,1810,1980
37895,58719,16486,28276,13385,42233,3790,1810,1980
37900,58730,16486,28281,13385,42242,3791,1811,1980
37905,58734,16486,28284,13385,42247,3791,1811,1980
37910,58744,16487,28287,13385,42257,3792,1811,1981
37915,58750,16488,28288,13385,42262,3792,1811,1981
37920,58761,16488,28291,13385,42272,3793,1812,1981
37925,58765,16488,28293,13385,42277,3793,1812,1981
37930,58775,16489,28295,13385,42286,3794,1813,1981
37935,58781,16491,28299,13387,42290,3794,1813,1981
37940,58792,16492,28305,13388,42297,3795,1813,1982
37945,58796,16493,28308,13389,42303,3795,1813,1982
37950,58806,16496,28313,13391,42310,3796,1814,1982
37955,58812,16497,28316,13392,42314,3796,1814,1982
37960,58823,16497,28320,13392,42323,3797,1814,1983
37965,58827,16499,28321,13394,42328,3797,1814,1983
37970,58837,16501,28325,13395,42335,3798,1814,1984
37975,58843,16504,28329,13398,42338,3798,1814,1984
37980,58854,16506,28334,13400,42346,3799,1815,1984
37985,58858,16507,28335,13401,42351,3799,1815,1984
37990,58868,16512,28341,13404,42356,3800,1815,1985
37995,58874,16514,28344,13406,42360,3800,1815,1985
38000,58885,16517,28350,13409,42364,3801,1815,1986
38005,58889,16521,28354,13413,42367,3801,1815,1986
38010,58899,16524,28359,13416,42374,3802,1816,1986
38015,58905,16526,28362,13418,42378,3802,1816,1986
38020,58916,16531,28369,13422,42381,3803,1817,1986
38025,58920,16534,28370,13425,42386,3803,1817,1986
38030,58930,16536,28374,13426,42394,3804,1818,1986
38035,58936,16537,28377,13427,42398,3804,1818,1986
38040,58947,16541,28384,13431,42402,3805,1818,1987
38045,58951,16544,28385,13434,42407,3805,1818,1987
38050,58961,16548,28387,13436,42413,3806,1818,1988
38055,58967,16550,28390,13437,42417,3806,1818,1988
38060,58978,16553,28396,13439,42421,3807,1818,1989
38065,58982,16557,28398,13443,42424,3807,1818,1989
38070,58992,16563,28402,13447,42429,3808,1819,1989
38075,58998,16565,28407,13449,42430,3808,1819,1989
38080,59009,16571,28411,13455,42436,3809,1819,1990
38085,59013,16572,28413,13456,42440,3809,1819,1990
38090,59023,16575,28420,13459,42448,3810,1820,1990
38095,59029,16576,28421,13459,42453,3810,1820,1990
38100,59040,16577,28426,13460,42459,3811,1820,1991
38105,59044,16581,28429,13464,42463,3811,1820,1991
38110,59054,16583,28431,13466,42471,3812,1820,1992
38115,59060,16584,28433,13466,42475,3812,1820,1992
38120,59071,16585,28438,13466,42482,3813,1820,1993
38125,59075,16588,28440,13469,42487,3813,1820,1993
38130,59085,16591,28444,13471,42494,3814,1821,1993
38135,59091,16593,28450,13473,42496,3814,1821,1993
38140,59102,16595,28457,13475,42504,3815,1822,1993
38145,59106,16596,28458,13476,42509,3815,1822,1993
38150,59116,16599,28462,13478,42516,3816,1822,1994
38155,59122,16601,28464,13480,42521,3816,1822,1994
38160,59133,16604,28473,13483,42526,3817,1823,1994
38165,59137,16607,28474,13486,42530,3817,1823,1994
38170,59147,16609,28477,13487,42538,3818,1823,1995
38175,59153,16610,28481,13488,42543,3818,1823,1995
38180,59164,16611,28484,13489,42552,3819,1823,1996
38185,59168,16612,28485,13490,42556,3819,1823,1996
38190,59178,16615,28490,13492,42562,3820,1824,1996
38195,59184,16617,28491,13493,42567,3820,1824,1996
38200,59195,16621,28497,13496,42571,3821,1824,1997
38205,59199,16624,28501,13499,42575,3821,1824,1997
38210,59209,16626,28503,13499,42583,3822,1824,1998
38215,59215,16627,28505,13499,42588,3822,1824,1998
38220,59226,16628,28509,13500,42595,3823,1825,1998
38225,59230,16631,28512,13503,42599,3823,1825,1998
38230,59240,16634,28516,13504,42606,3824,1826,1998
38235,59246,16635,28516,13504,42611,3824,1826,1998
38240,59257,16637,28524,13506,42619,3825,1827,1998
38245,59261,16637,28525,13506,42624,3825,1827,1998
38250,59271,16639,28530,13506,42631,3826,1827,1999
38255,59277,16641,28531,13507,42635,3826,1827,1999
38260,59288,16642,28534,13508,42645,3827,1828,1999
38265,59292,16642,28537,13508,42649,3827,1828,1999
38270,59302,16647,28542,13512,42655,3828,1828,2000
38275,59308,16650,28547,13515,42656,3828,1828,2000
38280,59319,16653,28551,13518,42663,3829,1828,2001
38285,59323,16655,28553,13520,42667,3829,1828,2001
38290,59333,16660,28560,13525,42672,3830,1829,2001
38295,59339,16662,28563,13527,42675,3830,1829,2001
38300,59350,16664,28568,13529,42683,3831,1829,2002
38305,59354,16667,28570,13532,42686,3831,1829,2002
38310,59364,16670,28573,13534,42693,3832,1829,2003
38315,59370,16673,28576,13536,42695,3832,1829,2003
38320,59381,16676,28580,13539,42703,3833,1830,2003
38325,59385,16677,28580,13540,42708,3833,1830,2003
38330,59395,16680,28585,13542,42714,3834,1830,2004
38335,59401,16682,28587,13543,42719,3834,1830,2004
38340,59412,16685,28593,13546,42724,3835,1830,2005
38345,59416,16687,28594,13548,42729,3835,1830,2005
38350,59426,16689,28599,13550,42736,3836,1831,2005
38355,59432,16692,28603,13552,42740,3836,1831,2005
38360,59443,16694,28608,13553,42747,3837,1832,2005
38365,59447,16695,28612,13554,42752,3837,1832,2005
38370,59457,16696,28614,13554,42761,3838,1832,2006
38375,59463,16696,28616,13554,42767,3838,1832,2006
38380,59474,16697,28622,13555,42776,3839,1833,2006
38385,59478,16699,28626,13557,42779,3839,1833,2006
38390,59488,16701,28631,13558,42787,3840,1834,2006
38395,59494,16701,28634,13558,42793,3840,1834,2006
38400,59505,16703,28638,13559,42800,3841,1834,2007
38405,59509,16704,28641,13560,42805,3841,1834,2007
38410,59519,16707,28648,13562,42812,3842,1835,2007
38415,59525,16707,28649,13562,42818,3842,1835,2007
38420,59536,16709,28656,13563,42825,3843,1836,2007
38425,59540,16711,28658,13565,42829,3843,1836,2007
38430,59550,16713,28662,13567,42837,3844,1837,2007
38435,59556,16713,28666,13567,42840,3844,1837,2007
38440,59567,16718,28674,13572,42845,3845,1838,2007
38445,59571,16724,28678,13578,42845,3845,1838,2007
38450,59581,16727,28682,13581,42854,3846,1838,2008
38455,59587,16727,28686,13581,42859,3846,1838,2008
38460,59598,16729,28691,13583,42867,3847,1838,2009
38465,59602,16731,28694,13585,42871,3847,1838,2009
38470,59612,16734,28699,13586,42877,3848,1838,2010
38475,59618,16737,28703,13588,42879,3848,1838,2010
38480,59629,16740,28710,13591,42887,3849,1839,2010
38485,59633,16741,28714,13592,42891,3849,1839,2010
38490,59643,16744,28718,13593,42899,3850,1839,2011
38495,59649,16745,28721,13593,42903,3850,1839,2011
38500,59660,16746,28726,13594,42912,3851,1840,2011
38505,59664,16747,28729,13595,42916,3851,1840,2011
38510,59674,16749,28735,13597,42925,3852,1840,2012
38515,59680,16750,28737,13598,42929,3852,1840,2012
38520,59691,16752,28743,13600,42937,3853,1840,2013
38525,59695,16752,28743,13600,42943,3853,1840,2013
38530,59705,16754,28749,13602,42951,3854,1840,2014
38535,59711,16755,28751,13602,42956,3854,1840,2014
38540,59722,16756,28760,13603,42963,3855,1840,2015
38545,59726,16757,28763,13604,42969,3855,1840,2015
38550,59736,16759,28767,13604,42977,3856,1840,2016
38555,59742,16760,28771,13605,42981,3856,1840,2016
38560,59753,16761,28773,13606,42990,3857,1840,2017
38565,59757,16763,28776,13608,42993,3857,1840,2017
38570,59767,16768,28780,13612,42999,3858,1841,2017
38575,59773,16769,28785,13612,43003,3858,1841,2017
38580,59784,16772,28788,13614,43010,3859,1842,2017
38585,59788,16775,28790,13617,43013,3859,1842,2017
38590,59798,16779,28797,13621,43019,3860,1843,2017
38595,59804,16780,28800,13621,43024,3860,1843,2017
38600,59815,16782,28803,13623,43031,3861,1843,2018
38605,59819,16785,28806,13626,43034,3861,1843,2018
38610,59829,16788,28810,13627,43041,3862,1844,2018
38615,59835,16790,28812,13628,43044,3862,1844,2018
38620,59846,16796,28820,13634,43048,3863,1845,2018
38625,59850,16798,28821,13636,43052,3863,1845,2018
38630,59860,16802,28825,13638,43058,3864,1846,2018
38635,59866,16803,28827,13639,43062,3864,1846,2018
38640,59877,16807,28832,13643,43068,3865,1847,2018
38645,59881,16809,28834,13645,43071,3865,1847,2018
38650,59891,16812,28834,13646,43079,3866,1847,2019
38655,59897,16814,28836,13648,43083,3866,1847,2019
38660,59908,16816,28841,13649,43090,3867,1848,2019
38665,59912,16816,28842,13649,43095,3867,1848,2019
38670,59922,16819,28846,13651,43103,3868,1849,2019
38675,59928,16821,28852,13653,43105,3868,1849,2019
38680,59939,16822,28855,13654,43115,3869,1849,2020
38685,59943,16822,28857,13654,43120,3869,1849,2020
38690,59953,16823,28859,13654,43130,3870,1849,2021
38695,59959,16824,28861,13654,43133,3870,1849,2021
38700,59970,16827,28866,13657,43142,3871,1850,2021
38705,59974,16828,28868,13658,43145,3871,1850,2021
38710,59984,16832,28876,13661,43151,3872,1851,2021
38715,59990,16834,28879,13663,43156,3872,1851,2021
38720,60001,16835,28882,13663,43164,3873,1852,2021
38725,60005,16838,28884,13666,43167,3873,1852,2021
38730,60015,16841,28889,13669,43174,3874,1852,2022
38735,60021,16843,28893,13671,43178,3874,1852,2022
38740,60032,16845,28897,13672,43185,3875,1853,2022
38745,60036,16847,28901,13674,43188,3875,1853,2022
38750,60046,16849,28907,13676,43197,3876,1854,2022
38755,60052,16851,28910,13678,43201,3876,1854,2022
38760,60063,16852,28917,13679,43208,3877,1854,2023
38765,60067,16853,28919,13680,43214,3877,1854,2023
38770,60077,16855,28923,13682,43222,3878,1855,2023
38775,60083,16857,28924,13683,43226,3878,1855,2023
38780,60094,16858,28930,13684,43234,3879,1856,2023
38785,60098,16860,28932,13686,43238,3879,1856,2023
38790,60108,16863,28942,13689,43244,3880,1857,2023
38795,60114,16865,28942,13690,43249,3880,1857,2023
38800,60125,16867,28946,13692,43257,3881,1857,2024
38805,60129,16868,28946,13693,43261,3881,1857,2024
38810,60139,16870,28953,13694,43268,3882,1858,2024
38815,60145,16872,28955,13695,43273,3882,1858,2024
38820,60156,16874,28962,13697,43280,3883,1859,2024
38825,60160,16876,28965,13699,43284,3883,1859,2024
38830,60170,16878,28969,13700,43292,3884,1859,2025
38835,60176,16879,28969,13700,43297,3884,1859,2025
38840,60187,16881,28973,13702,43306,3885,1859,2026
38845,60191,16881,28976,13702,43309,3885,1859,2026
38850,60201,16886,28982,13707,43314,3886,1860,2026
38855,60207,16888,28984,13708,43319,3886,1860,2026
38860,60218,16891,28990,13711,43325,3887,1861,2026
38865,60222,16893,28992,13713,43328,3887,1861,2026
38870,60232,16900,28998,13719,43332,3888,1862,2026
38875,60238,16902,29002,13721,43334,3888,1862,2026
38880,60249,16906,29008,13725,43340,3889,1863,2026
38885,60253,16910,29009,13729,43343,3889,1863,2026
38890,60263,16913,29011,13731,43350,3890,1863,2027
38895,60269,16915,29012,13732,43354,3890,1863,2027
38900,60280,16917,29017,13734,43361,3891,1864,2027
38905,60284,16920,29019,13737,43363,3891,1864,2027
38910,60294,16924,29024,13739,43369,3892,1865,2027
38915,60300,16927,29028,13742,43371,3892,1865,2027
38920,60311,16928,29033,13743,43381,3893,1865,2028
38925,60315,16930,29036,13745,43384,3893,1865,2028
38930,60325,16932,29042,13746,43392,3894,1866,2028
38935,60331,16934,29044,13747,43397,3894,1866,2028
38940,60342,16936,29051,13749,43404,3895,1867,2028
38945,60346,16938,29053,13751,43407,3895,1867,2028
38950,60356,16941,29059,13754,43414,3896,1867,2029
38955,60362,16943,29062,13756,43418,3896,1867,2029
38960,60373,16944,29069,13757,43425,3897,1868,2029
38965,60377,16947,29069,13760,43430,3897,1868,2029
38970,60387,16950,29073,13762,43436,3898,1868,2030
38975,60393,16953,29076,13764,43440,3898,1868,2030
38980,60404,16954,29082,13764,43448,3899,1869,2030
38985,60408,16957,29085,13767,43451,3899,1869,2030
38990,60418,16959,29088,13768,43459,3900,1869,2031
38995,60424,16959,29092,13768,43465,3900,1869,2031
39000,60435,16960,29097,13768,43475,3901,1870,2031
39005,60439,16961,29101,13769,43478,3901,1870,2031
39010,60449,16963,29105,13770,43486,3902,1870,2032
39015,60455,16963,29110,13770,43492,3902,1870,2032
39020,60466,16965,29113,13771,43501,3903,1871,2032
39025,60470,16966,29115,13772,43504,3903,1871,2032
39030,60480,16968,29120,13772,43512,3904,1871,2033
39035,60486,16968,29122,13772,43517,3904,1871,2033
39040,60497,16971,29127,13774,43524,3905,1871,2034
39045,60501,16972,29129,13775,43528,3905,1871,2034
39050,60511,16976,29135,13778,43535,3906,1872,2034
39055,60517,16976,29140,13778,43540,3906,1872,2034
39060,60528,16981,29147,13782,43545,3907,1873,2034
39065,60532,16984,29149,13785,43547,3907,1873,2034
39070,60542,16987,29153,13788,43555,3908,1874,2034
39075,60548,16987,29156,13788,43559,3908,1874,2034
39080,60559,16991,29162,13792,43565,3909,1874,2035
39085,60563,16995,29164,13796,43567,3909,1874,2035
39090,60573,17002,29169,13802,43571,3910,1874,2036
39095,60579,17004,29171,13804,43575,3910,1874,2036
39100,60590,17005,29174,13805,43583,3911,1874,2037
39105,60594,17008,29175,13808,43586,3911,1874,2037
39110,60604,17012,29179,13811,43591,3912,1874,2038
39115,60610,17015,29182,13814,43594,3912,1874,2038
39120,60621,17019,29186,13817,43600,3913,1874,2039
39125,60625,17022,29189,13820,43602,3913,1874,2039
39130,60635,17024,29193,13821,43611,3914,1875,2039
39135,60641,17026,29197,13823,43614,3914,1875,2039
39140,60652,17027,29202,13824,43623,3915,1876,2039
39145,60656,17027,29206,13824,43628,3915,1876,2039
39150,60666,17029,29212,13825,43637,3916,1876,2040
39155,60672,17030,29215,13826,43642,3916,1876,2040
39160,60683,17030,29221,13826,43651,3917,1876,2041
39165,60687,17031,29223,13827,43656,3917,1876,2041
39170,60697,17033,29230,13828,43663,3918,1877,2041
39175,60703,17035,29233,13829,43668,3918,1877,2041
39180,60714,17035,29237,13829,43677,3919,1877,2042
39185,60718,17036,29239,13830,43682,3919,1877,2042
39190,60728,17037,29247,13831,43691,3920,1878,2042
39195,60734,17038,29251,13832,43695,3920,1878,2042
39200,60745,17039,29255,13833,43706,3921,1879,2042
39205,60749,17039,29257,13833,43710,3921,1879,2042
39210,60759,17040,29262,13834,43719,3922,1879,2043
39215,60765,17041,29267,13835,43724,3922,1879,2043
39220,60776,17042,29274,13836,43733,3923,1880,2043
39225,60780,17042,29277,13836,43738,3923,1880,2043
39230,60790,17046,29282,13838,43744,3924,1880,2044
39235,60796,17047,29283,13838,43749,3924,1880,2044
39240,60807,17050,29290,13841,43755,3925,1880,2045
39245,60811,17052,29293,13843,43759,3925,1880,2045
39250,60821,17055,29300,13846,43766,3926,1881,2045
39255,60827,17056,29303,13847,43770,3926,1881,2045
39260,60838,17060,29306,13850,43777,3927,1881,2046
39265,60842,17061,29307,13851,43781,3927,1881,2046
39270,60852,17065,29313,13854,43787,3928,1882,2046
39275,60858,17066,29317,13854,43791,3928,1882,2046
39280,60869,17069,29320,13857,43799,3929,1882,2047
39285,60873,17072,29323,13860,43800,3929,1882,2047
39290,60883,17076,29326,13863,43807,3930,1882,2048
39295,60889,17078,29328,13865,43811,3930,1882,2048
39300,60900,17081,29336,13868,43815,3931,1883,2048
39305,60904,17086,29337,13873,43818,3931,1883,2048
39310,60914,17092,29341,13877,43822,3932,1883,2049
39315,60920,17094,29343,13878,43825,3932,1883,2049
39320,60931,17098,29348,13882,43832,3933,1884,2049
39325,60935,17099,29348,13883,43836,3933,1884,2049
39330,60945,17103,29351,13885,43841,3934,1884,2050
39335,60951,17105,29354,13886,43843,3934,1884,2050
39340,60962,17111,29360,13892,43851,3935,1885,2050
39345,60966,17112,29364,13893,43853,3935,1885,2050
39350,60976,17116,29369,13896,43860,3936,1886,2050
39355,60982,17117,29371,13897,43864,3936,1886,2050
39360,60993,17119,29377,13898,43871,3937,1886,2051
39365,60997,17122,29380,13901,43874,3937,1886,2051
39370,61007,17124,29383,13903,43883,3938,1886,2052
39375,61013,17126,29386,13904,43886,3938,1886,2052
39380,61024,17128,29391,13905,43893,3939,1886,2053
39385,61028,17130,29392,13907,43897,3939,1886,2053
39390,61038,17131,29396,13908,43907,3940,1887,2053
39395,61044,17133,29399,13909,43910,3940,1887,2053
39400,61055,17134,29403,13910,43920,3941,1887,2054
39405,61059,17135,29403,13911,43924,3941,1887,2054
39410,61069,17136,29408,13912,43933,3942,1887,2055
39415,61075,17138,29412,13914,43936,3942,1887,2055
39420,61086,17138,29415,13914,43947,3943,1888,2055
39425,61090,17138,29418,13914,43951,3943,1888,2055
39430,61100,17139,29424,13914,43960,3944,1889,2055
39435,61106,17141,29424,13915,43965,3944,1889,2055
39440,61117,17141,29431,13915,43974,3945,1890,2055
39445,61121,17141,29432,13915,43980,3945,1890,2055
39450,61131,17143,29436,13915,43987,3946,1890,2056
39455,61137,17146,29437,13917,43991,3946,1890,2056
39460,61148,17146,29441,13917,44000,3947,1891,2056
39465,61152,17148,29445,13919,44004,3947,1891,2056
39470,61162,17150,29449,13919,44011,3948,1892,2056
39475,61168,17152,29451,13921,44015,3948,1892,2056
39480,61179,17154,29457,13923,44022,3949,1892,2057
39485,61183,17155,29459,13924,44028,3949,1892,2057
39490,61193,17157,29463,13924,44035,3950,1893,2057
39495,61199,17159,29464,13925,44040,3950,1893,2057
39500,61210,17162,29470,13928,44045,3951,1893,2058
39505,61214,17164,29470,13930,44050,3951,1893,2058
39510,61224,17168,29476,13933,44055,3952,1893,2059
39515,61230,17170,29478,13934,44060,3952,1893,2059
39520,61241,17173,29482,13936,44067,3953,1894,2059
39525,61245,17175,29484,13938,44069,3953,1894,2059
39530,61255,17178,29487,13940,44077,3954,1894,2060
39535,61261,17180,29492,13942,44080,3954,1894,2060
39540,61272,17184,29496,13945,44087,3955,1895,2060
39545,61276,17185,29496,13946,44091,3955,1895,2060
39550,61286,17192,29503,13952,44094,3956,1896,2060
39555,61292,17195,29507,13954,44095,3956,1896,2060
39560,61303,17199,29513,13958,44101,3957,1897,2060
39565,61307,17204,29515,13963,44103,3957,1897,2060
39570,61317,17209,29521,13967,44107,3958,1898,2060
39575,61323,17211,29525,13969,44109,3958,1898,2060
39580,61334,17218,29531,13975,44114,3959,1899,2060
39585,61338,17221,29533,13978,44116,3959,1899,2060
39590,61348,17227,29541,13984,44120,3960,1900,2060
39595,61354,17229,29542,13986,44125,3960,1900,2060
39600,61365,17230,29546,13987,44134,3961,1901,2060
39605,61369,17231,29547,13988,44138,3961,1901,2060
39610,61379,17232,29550,13988,44147,3962,1901,2061
39615,61385,17232,29553,13988,44153,3962,1901,2061
39620,61396,17234,29561,13989,44160,3963,1902,2061
39625,61400,17236,29564,13991,44163,3963,1902,2061
39630,61410,17239,29569,13993,44171,3964,1903,2061
39635,61416,17239,29570,13993,44177,3964,1903,2061
39640,61427,17240,29577,13994,44186,3965,1904,2061
39645,61431,17241,29577,13995,44190,3965,1904,2061
39650,61441,17242,29581,13995,44199,3966,1904,2062
39655,61447,17242,29584,13995,44205,3966,1904,2062
39660,61458,17244,29590,13996,44213,3967,1904,2063
39665,61462,17246,29592,13998,44215,3967,1904,2063
39670,61472,17249,29598,14001,44223,3968,1904,2064
39675,61478,17249,29601,14001,44228,3968,1904,2064
39680,61489,17250,29603,14001,44238,3969,1904,2065
39685,61493,17251,29604,14002,44242,3969,1904,2065
39690,61503,17253,29610,14003,44250,3970,1905,2065
39695,61509,17253,29616,14003,44255,3970,1905,2065
39700,61520,17256,29621,14005,44262,3971,1905,2066
39705,61524,17258,29623,14007,44266,3971,1905,2066
39710,61534,17262,29628,14011,44271,3972,1905,2067
39715,61540,17264,29632,14013,44275,3972,1905,2067
39720,61551,17266,29636,14014,44281,3973,1905,2068
39725,61555,17268,29639,14016,44287,3973,1905,2068
39730,61565,17271,29645,14019,44293,3974,1905,2069
39735,61571,17274,29648,14022,44297,3974,1905,2069
39740,61582,17275,29654,14023,44305,3975,1905,2070
39745,61586,17276,29655,14024,44309,3975,1905,2070
39750,61596,17280,29662,14028,44316,3976,1906,2070
39755,61602,17281,29663,14029,44321,3976,1906,2070
39760,61613,17284,29669,14032,44327,3977,1906,2071
39765,61617,17284,29670,14032,44332,3977,1906,2071
39770,61627,17287,29674,14035,44340,3978,1906,2072
39775,61633,17288,29678,14035,44344,3978,1906,2072
39780,61644,17291,29684,14038,44351,3979,1906,2073
39785,61648,17293,29685,14040,44355,3979,1906,2073
39790,61658,17295,29692,14041,44362,3980,1906,2074
39795,61664,17297,29694,14043,44367,3980,1906,2074
39800,61675,17297,29697,14043,44376,3981,1907,2074
39805,61679,17298,29699,14044,44380,3981,1907,2074
39810,61689,17304,29705,14049,44385,3982,1908,2074
39815,61695,17305,29707,14049,44388,3982,1908,2074
39820,61706,17308,29713,14052,44394,3983,1909,2074
39825,61710,17311,29713,14055,44399,3983,1909,2074
39830,61720,17316,29717,14059,44404,3984,1909,2075
39835,61726,17318,29722,14061,44405,3984,1909,2075
39840,61737,17322,29726,14065,44413,3985,1910,2075
39845,61741,17324,29729,14067,44416,3985,1910,2075
39850,61751,17325,29732,14067,44426,3986,1910,2076
39855,61757,17327,29736,14068,44429,3986,1910,2076
39860,61768,17329,29742,14069,44435,3987,1910,2077
39865,61772,17332,29743,14072,44440,3987,1910,2077
39870,61782,17334,29747,14074,44448,3988,1910,2078
39875,61788,17336,29751,14075,44451,3988,1910,2078
39880,61799,17338,29758,14077,44459,3989,1910,2079
39885,61803,17340,29759,14079,44463,3989,1910,2079
39890,61813,17342,29763,14080,44471,3990,1911,2079
39895,61819,17343,29767,14081,44476,3990,1911,2079
39900,61830,17345,29769,14082,44484,3991,1911,2080
39905,61834,17345,29769,14082,44489,3991,1911,2080
39910,61844,17347,29775,14084,44497,3992,1912,2080
39915,61850,17348,29777,14085,44502,3992,1912,2080
39920,61861,17349,29783,14086,44510,3993,1912,2081
39925,61865,17351,29783,14088,44514,3993,1912,2081
39930,61875,17353,29789,14090,44522,3994,1912,2082
39935,61881,17354,29791,14090,44527,3994,1912,2082
39940,61892,17355,29795,14090,44534,3995,1913,2082
39945,61896,17358,29797,14093,44538,3995,1913,2082
39950,61906,17362,29803,14096,44543,3996,1914,2082
39955,61912,17364,29803,14097,44548,3996,1914,2082
39960,61923,17366,29809,14099,44554,3997,1915,2082
39965,61927,17367,29810,14100,44560,3997,1915,2082
39970,61937,17371,29816,14104,44566,3998,1916,2082
39975,61943,17373,29820,14106,44569,3998,1916,2082
39980,61954,17376,29826,14108,44574,3999,1917,2082
39985,61958,17381,29828,14113,44577,3999,1917,2082
39990,61968,17386,29836,14117,44582,4000,1918,2082
39995,61974,17388,29840,14119,44586,4000,1918,2082
40000,61985,17390,29844,14121,44592,4001,1918,2083
40005,61989,17392,29846,14123,44596,4001,1918,2083
40010,61999,17396,29848,14126,44603,4002,1918,2084
40015,62005,17398,29852,14128,44605,4002,1918,2084
40020,62016,17402,29859,14132,44610,4003,1919,2084
40025,62020,17408,29861,14138,44612,4003,1919,2084
40030,62030,17410,29863,14138,44619,4004,1920,2084
40035,62036,17414,29866,14142,44622,4004,1920,2084
40040,62047,17415,29872,14143,44629,4005,1921,2084
40045,62051,17418,29873,14146,44633,4005,1921,2084
40050,62061,17423,29880,14150,44637,4006,1922,2084
40055,62067,17426,29884,14152,44638,4006,1922,2084
40060,62078,17431,29890,14157,44645,4007,1922,2085
40065,62082,17432,29892,14158,44649,4007,1922,2085
40070,62092,17433,29898,14159,44659,4008,1923,2085
40075,62098,17435,29902,14161,44662,4008,1923,2085
40080,62109,17435,29908,14161,44671,4009,1924,2085
40085,62113,17436,29910,14162,44676,4009,1924,2085
40090,62123,17437,29915,14162,44686,4010,1924,2086
40095,62129,17439,29918,14163,44689,4010,1924,2086
40100,62140,17439,29926,14163,44698,4011,1925,2086
40105,62144,17440,29928,14164,44703,4011,1925,2086
40110,62154,17441,29932,14165,44713,4012,1926,2086
40115,62160,17442,29933,14166,44718,4012,1926,2086
40120,62171,17443,29938,14167,44726,4013,1926,2087
40125,62175,17444,29939,14168,44731,4013,1926,2087
40130,62185,17446,29943,14170,44738,4014,1926,2088
40135,62191,17448,29946,14171,44743,4014,1926,2088
40140,62202,17451,29951,14174,44749,4015,1927,2088
40145,62206,17451,29953,14174,44755,4015,1927,2088
40150,62216,17453,29959,14175,44763,4016,1928,2088
40155,62222,17453,29963,14175,44769,4016,1928,2088
40160,62233,17454,29965,14175,44778,4017,1928,2089
40165,62237,17456,29968,14177,44781,4017,1928,2089
40170,62247,17459,29971,14179,44788,4018,1928,2090
40175,62253,17459,29973,14179,44794,4018,1928,2090
40180,62264,17461,29979,14180,44800,4019,1929,2090
40185,62268,17463,29979,14182,44805,4019,1929,2090
40190,62278,17465,29982,14183,44813,4020,1930,2090
40195,62284,17465,29987,14183,44818,4020,1930,2090
40200,62295,17469,29990,14186,44825,4021,1931,2090
40205,62299,17470,29991,14187,44829,4021,1931,2090
40210,62309,17473,29998,14188,44836,4022,1932,2090
40215,62315,17473,30001,14188,44841,4022,1932,2090
40220,62326,17475,30005,14190,44850,4023,1932,2091
40225,62330,17477,30006,14192,44853,4023,1932,2091
40230,62340,17480,30012,14194,44860,4024,1933,2091
40235,62346,17480,30013,14194,44865,4024,1933,2091
40240,62357,17483,30019,14196,44870,4025,1933,2092
40245,62361,17486,30021,14199,44874,4025,1933,2092
40250,62371,17492,30026,14204,44878,4026,1933,2093
40255,62377,17494,30028,14205,44881,4026,1933,2093
40260,62388,17498,30033,14208,44887,4027,1934,2093
40265,62392,17501,30033,14211,44891,4027,1934,2093
40270,62402,17507,30040,14216,44894,4028,1935,2093
40275,62408,17509,30042,14218,44898,4028,1935,2093
40280,62419,17514,30047,14222,44903,4029,1935,2094
40285,62423,17516,30047,14224,44907,4029,1935,2094
40290,62433,17520,30052,14227,44912,4030,1936,2094
40295,62439,17523,30055,14229,44914,4030,1936,2094
40300,62450,17529,30061,14234,44917,4031,1936,2095
40305,62454,17533,30062,14238,44921,4031,1936,2095
40310,62464,17535,30066,14240,44928,4032,1936,2096
40315,62470,17537,30067,14241,44932,4032,1936,2096
40320,62481,17539,30073,14243,44940,4033,1936,2097
40325,62485,17539,30074,14243,44946,4033,1936,2097
40330,62495,17541,30083,14245,44953,4034,1937,2097
40335,62501,17543,30085,14246,44957,4034,1937,2097
40340,62512,17543,30090,14246,44967,4035,1937,2098
40345,62516,17544,30091,14247,44972,4035,1937,2098
40350,62526,17545,30095,14247,44980,4036,1938,2098
40355,62532,17548,30100,14250,44982,4036,1938,2098
40360,62543,17548,30106,14250,44993,4037,1939,2098
40365,62547,17549,30108,14251,44997,4037,1939,2098
40370,62557,17551,30115,14253,45006,4038,1940,2098
40375,62563,17552,30119,14254,45010,4038,1940,2098
40380,62574,17552,30123,14254,45020,4039,1940,2099
40385,62578,17553,30125,14255,45025,4039,1940,2099
40390,62588,17554,30130,14255,45034,4040,1940,2100
40395,62594,17555,30131,14255,45039,4040,1940,2100
40400,62605,17555,30136,14255,45048,4041,1941,2100
40405,62609,17555,30138,14255,45053,4041,1941,2100
40410,62619,17557,30141,14256,45062,4042,1941,2101
40415,62625,17558,30143,14257,45067,4042,1941,2101
40420,62636,17559,30147,14258,45075,4043,1942,2101
40425,62640,17560,30150,14259,45080,4043,1942,2101
40430,62650,17563,30154,14261,45087,4044,1942,2102
40435,62656,17564,30156,14261,45091,4044,1942,2102
40440,62667,17569,30161,14266,45097,4045,1942,2103
40445,62671,17570,30163,14267,45101,4045,1942,2103
40450,62681,17572,30166,14267,45109,4046,1943,2103
40455,62687,17573,30170,14267,45113,4046,1943,2103
40460,62698,17577,30177,14271,45119,4047,1944,2103
40465,62702,17580,30179,14274,45122,4047,1944,2103
40470,62712,17584,30187,14278,45128,4048,1944,2104
40475,62718,17585,30190,14278,45133,4048,1944,2104
40480,62729,17587,30195,14279,45140,4049,1945,2104
40485,62733,17589,30197,14281,45144,4049,1945,2104
40490,62743,17592,30201,14282,45150,4050,1946,2104
40495,62749,17595,30205,14285,45154,4050,1946,2104
40500,62760,17598,30211,14288,45159,4051,1947,2104
40505,62764,17601,30212,14291,45163,4051,1947,2104
40510,62774,17605,30216,14294,45168,4052,1947,2105
40515,62780,17607,30217,14296,45173,4052,1947,2105
40520,62791,17610,30222,14299,45178,4053,1947,2106
40525,62795,17614,30225,14303,45180,4053,1947,2106
40530,62805,17620,30229,14307,45185,4054,1948,2106
40535,62811,17623,30231,14309,45188,4054,1948,2106
40540,62822,17625,30236,14310,45194,4055,1949,2106
40545,62826,17629,30237,14314,45197,4055,1949,2106
40550,62836,17634,30242,14319,45202,4056,1949,2107
40555,62842,17635,30243,14319,45206,4056,1949,2107
40560,62853,17639,30249,14323,45211,4057,1950,2107
40565,62857,17642,30253,14326,45213,4057,1950,2107
40570,62867,17648,30257,14330,45219,4058,1951,2107
40575,62873,17649,30260,14331,45222,4058,1951,2107
40580,62884,17652,30264,14334,45230,4059,1952,2107
40585,62888,17653,30264,14335,45235,4059,1952,2107
40590,62898,17654,30267,14336,45244,4060,1952,2108
40595,62904,17655,30270,14336,45248,4060,1952,2108
40600,62915,17655,30274,14336,45258,4061,1952,2109
40605,62919,17656,30276,14337,45263,4061,1952,2109
40610,62929,17658,30279,14338,45271,4062,1952,2110
40615,62935,17659,30283,14339,45274,4062,1952,2110
40620,62946,17659,30285,14339,45285,4063,1952,2111
40625,62950,17660,30287,14340,45290,4063,1952,2111
40630,62960,17662,30292,14341,45297,4064,1953,2111
40635,62966,17664,30294,14342,45301,4064,1953,2111
40640,62977,17665,30300,14343,45310,4065,1954,2111
40645,62981,17666,30303,14344,45314,4065,1954,2111
40650,62991,17668,30309,14346,45322,4066,1954,2112
40655,62997,17671,30313,14348,45325,4066,1954,2112
40660,63008,17671,30317,14348,45336,4067,1955,2112
40665,63012,17671,30319,14348,45340,4067,1955,2112
40670,63022,17673,30322,14349,45349,4068,1955,2113
40675,63028,17673,30325,14349,45354,4068,1955,2113
40680,63039,17675,30331,14350,45362,4069,1955,2114
40685,63043,17677,30333,14352,45366,4069,1955,2114
40690,63053,17679,30336,14353,45374,4070,1955,2115
40695,63059,17679,30340,14353,45379,4070,1955,2115
40700,63070,17682,30347,14356,45385,4071,1956,2115
40705,63074,17685,30349,14359,45389,4071,1956,2115
40710,63084,17687,30353,14360,45397,4072,1956,2116
40715,63090,17687,30354,14360,45403,4072,1956,2116
40720,63101,17689,30362,14362,45408,4073,1956,2117
40725,63105,17692,30364,14365,45412,4073,1956,2117
40730,63115,17695,30370,14367,45420,4074,1956,2118
40735,63121,17695,30372,14367,45425,4074,1956,2118
40740,63132,17698,30378,14370,45431,4075,1957,2118
40745,63136,17700,30379,14372,45436,4075,1957,2118
40750,63146,17704,30383,14375,45442,4076,1958,2118
40755,63152,17704,30387,14375,45448,4076,1958,2118
40760,63163,17707,30397,14378,45452,4077,1959,2118
40765,63167,17711,30400,14382,45455,4077,1959,2118
40770,63177,17715,30405,14386,45462,4078,1959,2119
40775,63183,17716,30407,14386,45466,4078,1959,2119
40780,63194,17719,30413,14389,45471,4079,1960,2119
40785,63198,17723,30415,14393,45475,4079,1960,2119
40790,63208,17725,30418,14394,45482,4080,1960,2120
40795,63214,17727,30418,14395,45487,4080,1960,2120
40800,63225,17730,30421,14397,45493,4081,1960,2121
40805,63229,17732,30423,14399,45497,4081,1960,2121
40810,63239,17735,30428,14402,45504,4082,1961,2121
40815,63245,17737,30429,14403,45508,4082,1961,2121
40820,63256,17741,30437,14407,45512,4083,1962,2121
40825,63260,17744,30438,14410,45515,4083,1962,2121
40830,63270,17749,30442,14414,45521,4084,1963,2121
40835,63276,17751,30444,14415,45524,4084,1963,2121
40840,63287,17755,30447,14418,45531,4085,1964,2121
40845,63291,17755,30449,14418,45535,4085,1964,2121
40850,63301,17760,30454,14422,45541,4086,1965,2121
40855,63307,17761,30456,14422,45546,4086,1965,2121
40860,63318,17764,30461,14424,45552,4087,1966,2121
40865,63322,17767,30464,14427,45554,4087,1966,2121
40870,63332,17772,30469,14431,45559,4088,1966,2122
40875,63338,17775,30472,14434,45562,4088,1966,2122
40880,63349,17777,30477,14436,45570,4089,1967,2122
40885,63353,17779,30479,14438,45574,4089,1967,2122
40890,63363,17780,30482,14438,45583,4090,1967,2123
40895,63369,17781,30484,14438,45586,4090,1967,2123
40900,63380,17781,30490,14438,45596,4091,1968,2123
40905,63384,17782,30492,14439,45601,4091,1968,2123
40910,63394,17784,30497,14441,45609,4092,1968,2124
40915,63400,17787,30501,14443,45612,4092,1968,2124
40920,63411,17788,30507,14444,45620,4093,1968,2125
40925,63415,17789,30509,14445,45626,4093,1968,2125
40930,63425,17790,30514,14446,45635,4094,1969,2125
40935,63431,17791,30517,14447,45640,4094,1969,2125
40940,63442,17791,30521,14447,45650,4095,1969,2126
40945,63446,17791,30524,14447,45654,4095,1969,2126
40950,63456,17792,30530,14448,45664,4096,1970,2126
40955,63462,17793,30534,14449,45669,4096,1970,2126
40960,63473,17794,30537,14450,45678,4097,1970,2127
40965,63477,17794,30538,14450,45683,4097,1970,2127
40970,63487,17797,30543,14452,45690,4098,1970,2128
40975,63493,17798,30547,14452,45695,4098,1970,2128
40980,63504,17800,30554,14454,45702,4099,1970,2129
40985,63508,17803,30556,14457,45705,4099,1970,2129
40990,63518,17806,30564,14459,45712,4100,1971,2129
40995,63524,17807,30566,14460,45716,4100,1971,2129
41000,63535,17808,30567,14460,45725,4101,1971,2130
41005,63539,17810,30570,14462,45729,4101,1971,2130
41010,63549,17813,30573,14463,45736,4102,1971,2131
41015,63555,17814,30577,14464,45741,4102,1971,2131
41020,63566,17817,30583,14467,45746,4103,1971,2132
41025,63570,17819,30585,14469,45750,4103,1971,2132
41030,63580,17823,30590,14472,45757,4104,1972,2132
41035,63586,17824,30593,14472,45761,4104,1972,2132
41040,63597,17827,30597,14474,45766,4105,1972,2133
41045,63601,17830,30599,14477,45771,4105,1972,2133
41050,63611,17835,30607,14481,45775,4106,1973,2133
41055,63617,17837,30610,14482,45779,4106,1973,2133
41060,63628,17839,30613,14483,45787,4107,1974,2133
41065,63632,17841,30615,14485,45790,4107,1974,2133
41070,63642,17846,30619,14488,45795,4108,1975,2133
41075,63648,17848,30620,14490,45800,4108,1975,2133
41080,63659,17852,30623,14493,45807,4109,1975,2134
41085,63663,17852,30624,14493,45811,4109,1975,2134
41090,63673,17856,30630,14496,45816,4110,1976,2134
41095,63679,17859,30634,14499,45819,4110,1976,2134
41100,63690,17863,30639,14503,45826,4111,1977,2134
41105,63694,17865,30640,14505,45829,4111,1977,2134
41110,63704,17867,30645,14506,45836,4112,1977,2135
41115,63710,17869,30647,14507,45841,4112,1977,2135
41120,63721,17870,30651,14508,45849,4113,1977,2136
41125,63725,17871,30652,14509,45853,4113,1977,2136
41130,63735,17874,30661,14512,45860,4114,1978,2136
41135,63741,17876,30662,14514,45865,4114,1978,2136
41140,63752,17878,30667,14516,45873,4115,1979,2136
41145,63756,17880,30670,14518,45874,4115,1979,2136
41150,63766,17886,30677,14524,45879,4116,1979,2137
41155,63772,17888,30680,14525,45881,4116,1979,2137
41160,63783,17893,30686,14530,45889,4117,1980,2137
41165,63787,17894,30688,14531,45891,4117,1980,2137
41170,63797,17900,30693,14536,45896,4118,1980,2138
41175,63803,17902,30694,14537,45900,4118,1980,2138
41180,63814,17903,30699,14538,45910,4119,1981,2138
41185,63818,17903,30702,14538,45914,4119,1981,2138
41190,63828,17904,30707,14538,45923,4120,1981,2139
41195,63834,17907,30712,14541,45926,4120,1981,2139
41200,63845,17907,30718,14541,45935,4121,1981,2140
41205,63849,17908,30721,14542,45940,4121,1981,2140
41210,63859,17909,30724,14542,45949,4122,1982,2140
41215,63865,17911,30725,14543,45954,4122,1982,2140
41220,63876,17913,30732,14544,45960,4123,1982,2141
41225,63880,17915,30735,14546,45964,4123,1982,2141
41230,63890,17917,30738,14547,45972,4124,1982,2142
41235,63896,17919,30741,14549,45977,4124,1982,2142
41240,63907,17921,30747,14550,45984,4125,1982,2143
41245,63911,17924,30749,14553,45986,4125,1982,2143
41250,63921,17926,30754,14554,45994,4126,1983,2143
41255,63927,17928,30756,14556,45999,4126,1983,2143
41260,63938,17930,30763,14557,46006,4127,1984,2143
41265,63942,17932,30765,14559,46010,4127,1984,2143
41270,63952,17935,30771,14562,46016,4128,1985,2143
41275,63958,17937,30773,14563,46021,4128,1985,2143
41280,63969,17938,30780,14564,46027,4129,1986,2143
41285,63973,17942,30782,14568,46031,4129,1986,2143
41290,63983,17946,30787,14571,46037,4130,1986,2144
41295,63989,17946,30789,14571,46043,4130,1986,2144
41300,64000,17947,30792,14571,46052,4131,1987,2144
41305,64004,17949,30796,14573,46055,4131,1987,2144
41310,64014,17952,30802,14575,46062,4132,1987,2145
41315,64020,17952,30804,14575,46068,4132,1987,2145
41320,64031,17956,30812,14579,46073,4133,1988,2145
41325,64035,17959,30815,14582,46076,4133,1988,2145
41330,64045,17961,30820,14583,46084,4134,1989,2145
41335,64051,17961,30821,14583,46090,4134,1989,2145
41340,64062,17964,30825,14585,46097,4135,1989,2146
41345,64066,17965,30827,14586,46101,4135,1989,2146
41350,64076,17967,30834,14588,46109,4136,1989,2147
41355,64082,17967,30837,14588,46114,4136,1989,2147
41360,64093,17970,30844,14591,46121,4137,1990,2147
41365,64097,17973,30846,14594,46123,4137,1990,2147
41370,64107,17977,30851,14598,46130,4138,1990,2148
41375,64113,17977,30853,14598,46134,4138,1990,2148
41380,64124,17979,30859,14600,46143,4139,1991,2148
41385,64128,17980,30862,14601,46146,4139,1991,2148
41390,64138,17986,30869,14606,46151,4140,1992,2148
41395,64144,17990,30871,14609,46154,4140,1992,2148
41400,64155,17993,30879,14612,46159,4141,1992,2149
41405,64159,17995,30880,14614,46164,4141,1992,2149
41410,64169,17996,30884,14615,46173,4142,1993,2149
41415,64175,17998,30887,14617,46176,4142,1993,2149
41420,64186,17998,30894,14617,46186,4143,1994,2149
41425,64190,17999,30897,14618,46190,4143,1994,2149
41430,64200,18000,30901,14618,46200,4144,1995,2149
41435,64206,18001,30904,14619,46203,4144,1995,2149
41440,64217,18001,30909,14619,46215,4145,1996,2149
41445,64221,18001,30911,14619,46219,4145,1996,2149
41450,64231,18002,30915,14620,46228,4146,1997,2149
41455,64237,18004,30916,14621,46232,4146,1997,2149
41460,64248,18007,30922,14624,46240,4147,1998,2149
41465,64252,18009,30924,14626,46243,4147,1998,2149
41470,64262,18010,30928,14627,46251,4148,1998,2150
41475,64268,18012,30929,14628,46255,4148,1998,2150
41480,64279,18015,30934,14630,46262,4149,1998,2151
41485,64283,18017,30935,14632,46266,4149,1998,2151
41490,64293,18019,30940,14633,46273,4150,1998,2152
41495,64299,18022,30944,14635,46276,4150,1998,2152
41500,64310,18025,30951,14638,46284,4151,1998,2153
41505,64314,18026,30953,14639,46287,4151,1998,2153
41510,64324,18028,30958,14640,46296,4152,1999,2153
41515,64330,18029,30961,14640,46300,4152,1999,2153
41520,64341,18031,30964,14641,46307,4153,1999,2154
41525,64345,18035,30967,14645,46310,4153,1999,2154
41530,64355,18039,30973,14648,46315,4154,1999,2155
41535,64361,18041,30975,14650,46320,4154,1999,2155
41540,64372,18043,30981,14651,46325,4155,1999,2156
41545,64376,18046,30983,14654,46330,4155,1999,2156
41550,64386,18050,30988,14657,46336,4156,2000,2156
41555,64392,18051,30990,14658,46341,4156,2000,2156
41560,64403,18053,30995,14660,46348,4157,2001,2156
41565,64407,18056,30998,14663,46351,4157,2001,2156
41570,64417,18060,31003,14666,46357,4158,2002,2156
41575,64423,18061,31006,14666,46362,4158,2002,2156
41580,64434,18064,31013,14669,46367,4159,2003,2156
41585,64438,18068,31014,14673,46370,4159,2003,2156
41590,64448,18071,31019,14676,46376,4160,2003,2157
41595,64454,18073,31023,14678,46380,4160,2003,2157
41600,64465,18078,31029,14683,46386,4161,2004,2157
41605,64469,18081,31032,14686,46387,4161,2004,2157
41610,64479,18086,31037,14689,46393,4162,2005,2157
41615,64485,18088,31040,14690,46395,4162,2005,2157
41620,64496,18093,31045,14694,46401,4163,2006,2157
41625,64500,18096,31047,14697,46403,4163,2006,2157
41630,64510,18101,31053,14701,46408,4164,2007,2157
41635,64516,18104,31056,14703,46410,4164,2007,2157
41640,64527,18106,31060,14705,46419,4165,2007,2158
41645,64531,18108,31064,14707,46421,4165,2007,2158
41650,64541,18114,31071,14712,46427,4166,2007,2159
41655,64547,18114,31074,14712,46432,4166,2007,2159
41660,64558,18114,31078,14712,46443,4167,2008,2159
41665,64562,18114,31081,14712,46447,4167,2008,2159
41670,64572,18115,31086,14712,46457,4168,2009,2159
41675,64578,18115,31090,14712,46462,4168,2009,2159
41680,64589,18115,31097,14712,46473,4169,2009,2160
41685,64593,18115,31098,14712,46478,4169,2009,2160
41690,64603,18116,31100,14712,46487,4170,2009,2161
41695,64609,18116,31102,14712,46492,4170,2009,2161
41700,64620,18116,31106,14712,46504,4171,2009,2162
41705,64624,18116,31108,14712,46507,4171,2009,2162
41710,64634,18117,31114,14713,46517,4172,2010,2162
41715,64640,18117,31116,14713,46523,4172,2010,2162
41720,64651,18117,31123,14713,46533,4173,2011,2162
41725,64655,18117,31125,14713,46537,4173,2011,2162
41730,64665,18118,31130,14714,46547,4174,2011,2163
41735,64671,18118,31132,14714,46553,4174,2011,2163
41740,64682,18119,31138,14715,46561,4175,2011,2164
41745,64686,18122,31141,14718,46563,4175,2011,2164
41750,64696,18126,31149,14721,46570,4176,2012,2164
41755,64702,18127,31150,14721,46575,4176,2012,2164
41760,64713,18131,31159,14725,46578,4177,2013,2164
41765,64717,18134,31160,14728,46583,4177,2013,2164
41770,64727,18138,31166,14732,46589,4178,2014,2164
41775,64733,18140,31171,14734,46593,4178,2014,2164
41780,64744,18143,31179,14737,46598,4179,2015,2164
41785,64748,18146,31181,14740,46602,4179,2015,2164
41790,64758,18149,31185,14742,46608,4180,2015,2165
41795,64764,18152,31188,14745,46612,4180,2015,2165
41800,64775,18154,31194,14747,46618,4181,2016,2165
41805,64779,18157,31195,14750,46622,4181,2016,2165
41810,64789,18159,31198,14751,46630,4182,2016,2166
41815,64795,18161,31200,14753,46634,4182,2016,2166
41820,64806,18163,31204,14754,46640,4183,2016,2167
41825,64810,18167,31207,14758,46642,4183,2016,2167
41830,64820,18173,31213,14764,46646,4184,2016,2168
41835,64826,18176,31218,14767,46650,4184,2016,2168
41840,64837,18181,31222,14771,46656,4185,2016,2169
41845,64841,18182,31224,14772,46658,4185,2016,2169
41850,64851,18185,31231,14775,46665,4186,2017,2169
41855,64857,18187,31233,14777,46670,4186,2017,2169
41860,64868,18190,31239,14780,46675,4187,2017,2170
41865,64872,18192,31240,14782,46679,4187,2017,2170
41870,64882,18196,31245,14786,46685,4188,2017,2171
41875,64888,18199,31247,14788,46688,4188,2017,2171
41880,64899,18202,31254,14791,46695,4189,2018,2171
41885,64903,18205,31257,14794,46697,4189,2018,2171
41890,64913,18210,31264,14799,46703,4190,2019,2171
41895,64919,18212,31268,14801,46705,4190,2019,2171
41900,64930,18213,31274,14802,46715,4191,2020,2171
41905,64934,18214,31275,14803,46719,4191,2020,2171
41910,64944,18215,31279,14803,46729,4192,2021,2171
41915,64950,18217,31282,14805,46732,4192,2021,2171
41920,64961,18218,31286,14806,46742,4193,2021,2172
41925,64965,18218,31287,14806,46747,4193,2021,2172
41930,64975,18219,31291,14806,46756,4194,2021,2173
41935,64981,18221,31295,14807,46759,4194,2021,2173
41940,64992,18221,31300,14807,46770,4195,2022,2173
41945,64996,18221,31302,14807,46774,4195,2022,2173
41950,65006,18224,31308,14810,46781,4196,2023,2173
41955,65012,18227,31311,14813,46785,4196,2023,2173
41960,65023,18228,31316,14814,46793,4197,2024,2173
41965,65027,18229,31318,14815,46797,4197,2024,2173
41970,65037,18230,31322,14816,46807,4198,2024,2174
41975,65043,18230,31325,14816,46813,4198,2024,2174
41980,65054,18231,31330,14817,46821,4199,2025,2174
41985,65058,18233,31331,14819,46825,4199,2025,2174
41990,65068,18235,31335,14820,46833,4200,2026,2174
41995,65074,18235,31337,14820,46839,4200,2026,2174
42000,65085,18236,31339,14821,46848,4201,2026,2175
42005,65089,18237,31340,14822,46852,4201,2026,2175
42010,65099,18240,31345,14824,46859,4202,2026,2176
42015,65105,18240,31348,14824,46865,4202,2026,2176
42020,65116,18241,31350,14825,46875,4203,2026,2177
42025,65120,18242,31354,14826,46878,4203,2026,2177
42030,65130,18245,31360,14829,46885,4204,2027,2177
42035,65136,18245,31362,14829,46891,4204,2027,2177
42040,65147,18247,31368,14830,46897,4205,2027,2178
42045,65151,18249,31369,14832,46902,4205,2027,2178
42050,65161,18251,31375,14833,46910,4206,2027,2179
42055,65167,18251,31378,14833,46915,4206,2027,2179
42060,65178,18254,31382,14835,46923,4207,2028,2179
42065,65182,18255,31383,14836,46927,4207,2028,2179
42070,65192,18260,31388,14839,46931,4208,2028,2180
42075,65198,18262,31391,14840,46935,4208,2028,2180
42080,65209,18267,31396,14844,46940,4209,2028,2181
42085,65213,18269,31399,14846,46943,4209,2028,2181
42090,65223,18273,31403,14848,46950,4210,2028,2182
42095,65229,18274,31407,14849,46954,4210,2028,2182
42100,65240,18278,31412,14853,46960,4211,2028,2183
42105,65244,18281,31415,14856,46961,4211,2028,2183
42110,65254,18290,31422,14864,46964,4212,2029,2183
42115,65260,18291,31422,14864,46969,4212,2029,2183
42120,65271,18293,31426,14865,46976,4213,2030,2183
42125,65275,18295,31427,14867,46979,4213,2030,2183
42130,65285,18302,31434,14873,46982,4214,2031,2183
42135,65291,18306,31440,14877,46982,4214,2031,2183
42140,65302,18312,31445,14882,46989,4215,2031,2184
42145,65306,18314,31448,14884,46991,4215,2031,2184
42150,65316,18316,31453,14885,46999,4216,2031,2185
42155,65322,18319,31457,14888,47002,4216,2031,2185
42160,65333,18321,31462,14889,47011,4217,2032,2185
42165,65337,18322,31462,14890,47015,4217,2032,2185
42170,65347,18325,31466,14892,47022,4218,2033,2185
42175,65353,18326,31468,14893,47027,4218,2033,2185
42180,65364,18328,31472,14895,47034,4219,2033,2186
42185,65368,18330,31474,14897,47037,4219,2033,2186
42190,65378,18332,31479,14898,47045,4220,2034,2186
42195,65384,18335,31483,14901,47048,4220,2034,2186
42200,65395,18337,31490,14903,47057,4221,2035,2186
42205,65399,18338,31491,14904,47060,4221,2035,2186
42210,65409,18340,31498,14905,47068,4222,2036,2186
42215,65415,18343,31503,14907,47072,4222,2036,2186
42220,65426,18345,31509,14908,47078,4223,2036,2187
42225,65430,18347,31511,14910,47083,4223,2036,2187
42230,65440,18351,31518,14914,47088,4224,2036,2188
42235,65446,18354,31522,14917,47092,4224,2036,2188
42240,65457,18356,31526,14918,47100,4225,2037,2188
42245,65461,18356,31526,14918,47105,4225,2037,2188
42250,65471,18358,31533,14919,47113,4226,2038,2188
42255,65477,18359,31536,14919,47117,4226,2038,2188
42260,65488,18360,31540,14920,47127,4227,2039,2188
42265,65492,18360,31542,14920,47132,4227,2039,2188
42270,65502,18362,31545,14920,47140,4228,2039,2189
42275,65508,18363,31548,14920,47144,4228,2039,2189
42280,65519,18364,31552,14921,47153,4229,2040,2189
42285,65523,18365,31555,14922,47157,4229,2040,2189
42290,65533,18368,31560,14923,47165,4230,2040,2190
42295,65539,18369,31562,14924,47170,4230,2040,2190
42300,65550,18370,31567,14925,47179,4231,2041,2190
42305,65554,18371,31570,14926,47182,4231,2041,2190
42310,65564,18374,31575,14927,47190,4232,2042,2190
42315,65570,18376,31579,14928,47192,4232,2042,2190
42320,65581,18379,31583,14931,47201,4233,2043,2190
42325,65585,18379,31585,14931,47206,4233,2043,2190
42330,65595,18381,31591,14932,47214,4234,2044,2190
42335,65601,18382,31595,14933,47216,4234,2044,2190
42340,65612,18386,31603,14937,47224,4235,2045,2190
42345,65616,18387,31604,14938,47228,4235,2045,2190
42350,65626,18393,31608,14942,47232,4236,2045,2191
42355,65632,18395,31611,14944,47235,4236,2045,2191
42360,65643,18402,31618,14950,47239,4237,2046,2191
42365,65647,18405,31620,14953,47241,4237,2046,2191
42370,65657,18410,31625,14958,47247,4238,2047,2191
42375,65663,18411,31627,14958,47250,4238,2047,2191
42380,65674,18416,31633,14963,47256,4239,2048,2191
42385,65678,18418,31635,14965,47258,4239,2048,2191
42390,65688,18425,31641,14971,47263,4240,2049,2191
42395,65694,18427,31645,14973,47266,4240,2049,2191
42400,65705,18428,31650,14974,47275,4241,2049,2192
42405,65709,18430,31653,14976,47278,4241,2049,2192
42410,65719,18432,31659,14978,47287,4242,2050,2192
42415,65725,18433,31661,14979,47292,4242,2050,2192
42420,65736,18434,31663,14979,47300,4243,2050,2193
42425,65740,18436,31665,14981,47304,4243,2050,2193
42430,65750,18438,31667,14983,47312,4244,2050,2194
42435,65756,18440,31671,14985,47316,4244,2050,2194
42440,65767,18442,31676,14987,47323,4245,2051,2194
42445,65771,18443,31679,14988,47327,4245,2051,2194
42450,65781,18445,31683,14990,47336,4246,2052,2194
42455,65787,18446,31687,14991,47341,4246,2052,2194
42460,65798,18447,31692,14991,47348,4247,2053,2194
42465,65802,18448,31695,14992,47353,4247,2053,2194
42470,65812,18452,31702,14996,47359,4248,2054,2194
42475,65818,18454,31705,14997,47363,4248,2054,2194
42480,65829,18457,31708,14999,47371,4249,2054,2195
42485,65833,18458,31710,15000,47375,4249,2054,2195
42490,65843,18461,31716,15002,47381,4250,2055,2195
42495,65849,18463,31717,15003,47386,4250,2055,2195
42500,65860,18465,31723,15004,47392,4251,2056,2195
42505,65864,18468,31727,15007,47395,4251,2056,2195
42510,65874,18472,31733,15011,47402,4252,2056,2196
42515,65880,18472,31738,15011,47406,4252,2056,2196
42520,65891,18476,31744,15014,47412,4253,2057,2196
42525,65895,18479,31746,15017,47415,4253,2057,2196
42530,65905,18484,31752,15021,47421,4254,2057,2197
42535,65911,18484,31752,15021,47427,4254,2057,2197
42540,65922,18484,31756,15021,47437,4255,2057,2198
42545,65926,18484,31757,15021,47442,4255,2057,2198
42550,65936,18486,31757,15021,47450,4256,2057,2199
42555,65942,18486,31758,15021,47455,4256,2057,2199
42560,65953,18489,31767,15024,47462,4257,2058,2199
42565,65957,18490,31770,15025,47466,4257,2058,2199
42570,65967,18493,31773,15026,47474,4258,2058,2200
42575,65973,18493,31779,15026,47479,4258,2058,2200
42580,65984,18494,31785,15027,47487,4259,2058,2201
42585,65988,18495,31787,15028,47492,4259,2058,2201
42590,65998,18498,31792,15029,47500,4260,2058,2202
42595,66004,18498,31793,15029,47506,4260,2058,2202
42600,66015,18500,31799,15031,47512,4261,2059,2202
42605,66019,18501,31800,15032,47517,4261,2059,2202
42610,66029,18504,31805,15035,47524,4262,2060,2202
42615,66035,18506,31808,15036,47528,4262,2060,2202
42620,66046,18509,31813,15039,47534,4263,2060,2203
42625,66050,18511,31816,15041,47538,4263,2060,2203
42630,66060,18515,31821,15045,47545,4264,2060,2204
42635,66066,18516,31824,15046,47549,4264,2060,2204
42640,66077,18519,31827,15048,47557,4265,2061,2204
42645,66081,18521,31828,15050,47560,4265,2061,2204
42650,66091,18524,31833,15052,47567,4266,2061,2205
42655,66097,18526,31837,15053,47570,4266,2061,2205
42660,66108,18527,31844,15054,47578,4267,2062,2205
42665,66112,18530,31847,15057,47581,4267,2062,2205
42670,66122,18533,31850,15059,47589,4268,2062,2206
42675,66128,18535,31852,15060,47592,4268,2062,2206
42680,66139,18537,31859,15062,47599,4269,2062,2207
42685,66143,18539,31860,15064,47604,4269,2062,2207
42690,66153,18542,31866,15067,47611,4270,2062,2208
42695,66159,18544,31869,15068,47615,4270,2062,2208
42700,66170,18545,31871,15069,47623,4271,2062,2209
42705,66174,18546,31873,15070,47628,4271,2062,2209
42710,66184,18547,31876,15070,47636,4272,2063,2209
42715,66190,18549,31878,15071,47640,4272,2063,2209
42720,66201,18551,31882,15073,47648,4273,2064,2209
42725,66205,18552,31883,15074,47653,4273,2064,2209
42730,66215,18555,31887,15076,47660,4274,2064,2210
42735,66221,18556,31890,15077,47664,4274,2064,2210
42740,66232,18558,31895,15078,47671,4275,2065,2210
42745,66236,18560,31897,15080,47676,4275,2065,2210
42750,66246,18564,31903,15084,47682,4276,2066,2210
42755,66252,18565,31905,15084,47687,4276,2066,2210
42760,66263,18567,31912,15086,47692,4277,2067,2210
42765,66267,18570,31913,15089,47697,4277,2067,2210
42770,66277,18575,31920,15093,47701,4278,2067,2211
42775,66283,18578,31924,15095,47704,4278,2067,2211
42780,66294,18582,31929,15098,47710,4279,2068,2211
42785,66298,18585,31932,15101,47713,4279,2068,2211
42790,66308,18587,31937,15102,47720,4280,2068,2212
42795,66314,18589,31941,15104,47724,4280,2068,2212
42800,66325,18593,31946,15107,47729,4281,2068,2213
42805,66329,18597,31948,15111,47732,4281,2068,2213
42810,66339,18599,31951,15112,47740,4282,2069,2213
42815,66345,18600,31953,15112,47744,4282,2069,2213
42820,66356,18603,31956,15115,47752,4283,2070,2213
42825,66360,18603,31957,15115,47757,4283,2070,2213
42830,66370,18606,31963,15116,47763,4284,2071,2213
42835,66376,18608,31966,15117,47767,4284,2071,2213
42840,66387,18609,31970,15118,47777,4285,2071,2214
42845,66391,18610,31972,15119,47781,4285,2071,2214
42850,66401,18612,31977,15120,47788,4286,2072,2214
42855,66407,18614,31978,15121,47793,4286,2072,2214
42860,66418,18616,31983,15123,47800,4287,2072,2215
42865,66422,18618,31985,15125,47804,4287,2072,2215
42870,66432,18620,31989,15126,47811,4288,2072,2216
42875,66438,18622,31992,15128,47815,4288,2072,2216
42880,66449,18626,31999,15132,47820,4289,2072,2217
42885,66453,18628,32000,15134,47824,4289,2072,2217
42890,66463,18634,32004,15138,47829,4290,2073,2217
42895,66469,18636,32007,15140,47832,4290,2073,2217
42900,66480,18639,32014,15143,47838,4291,2073,2218
42905,66484,18640,32017,15144,47843,4291,2073,2218
42910,66494,18642,32021,15146,47852,4292,2073,2219
42915,66500,18643,32021,15146,47857,4292,2073,2219
42920,66511,18646,32029,15149,47863,4293,2074,2219
42925,66515,18647,32032,15150,47868,4293,2074,2219
42930,66525,18650,32036,15152,47875,4294,2074,2220
42935,66531,18652,32038,15153,47878,4294,2074,2220
42940,66542,18653,32042,15153,47888,4295,2075,2220
42945,66546,18653,32042,15153,47893,4295,2075,2220
42950,66556,18656,32046,15155,47900,4296,2075,2221
42955,66562,18657,32048,15155,47904,4296,2075,2221
42960,66573,18660,32053,15157,47912,4297,2076,2221
42965,66577,18660,32056,15157,47916,4297,2076,2221
42970,66587,18664,32061,15161,47923,4298,2076,2222
42975,66593,18665,32064,15162,47928,4298,2076,2222
42980,66604,18667,32069,15163,47935,4299,2076,2223
42985,66608,18669,32071,15165,47939,4299,2076,2223
42990,66618,18672,32076,15168,47945,4300,2076,2224
42995,66624,18675,32079,15170,47949,4300,2076,2224
43000,66635,18678,32084,15173,47955,4301,2077,2224
43005,66639,18680,32087,15175,47958,4301,2077,2224
43010,66649,18682,32091,15177,47967,4302,2077,2225
43015,66655,18684,32095,15178,47970,4302,2077,2225
43020,66666,18688,32100,15181,47975,4303,2077,2226
43025,66670,18691,32101,15184,47979,4303,2077,2226
43030,66680,18694,32106,15185,47986,4304,2078,2226
43035,66686,18694,32111,15185,47991,4304,2078,2226
43040,66697,18698,32119,15189,47997,4305,2079,2226
43045,66701,18700,32120,15191,48001,4305,2079,2226
43050,66711,18703,32127,15193,48008,4306,2080,2226
43055,66717,18703,32129,15193,48014,4306,2080,2226
43060,66728,18706,32135,15195,48020,4307,2081,2226
43065,66732,18708,32135,15197,48024,4307,2081,2226
43070,66742,18710,32140,15198,48032,4308,2082,2226
43075,66748,18710,32144,15198,48037,4308,2082,2226
43080,66759,18713,32146,15201,48045,4309,2082,2227
43085,66763,18715,32148,15203,48048,4309,2082,2227
43090,66773,18718,32153,15205,48055,4310,2082,2228
43095,66779,18718,32157,15205,48060,4310,2082,2228
43100,66790,18722,32161,15208,48066,4311,2082,2229
43105,66794,18724,32163,15210,48070,4311,2082,2229
43110,66804,18727,32170,15213,48077,4312,2083,2229
43115,66810,18727,32173,15213,48082,4312,2083,2229
43120,66821,18730,32178,15215,48088,4313,2084,2229
43125,66825,18733,32179,15218,48092,4313,2084,2229
43130,66835,18735,32184,15220,48100,4314,2085,2229
43135,66841,18737,32189,15222,48102,4314,2085,2229
43140,66852,18741,32195,15226,48109,4315,2086,2229
43145,66856,18743,32197,15228,48112,4315,2086,2229
43150,66866,18747,32203,15231,48119,4316,2086,2230
43155,66872,18748,32206,15232,48123,4316,2086,2230
43160,66883,18748,32210,15232,48133,4317,2086,2231
43165,66887,18748,32212,15232,48139,4317,2086,2231
43170,66897,18750,32217,15234,48147,4318,2086,2232
43175,66903,18752,32221,15235,48150,4318,2086,2232
43180,66914,18752,32222,15235,48161,4319,2086,2233
43185,66918,18752,32224,15235,48166,4319,2086,2233
43190,66928,18754,32230,15237,48174,4320,2087,2233
43195,66934,18756,32232,15238,48177,4320,2087,2233
43200,66945,18757,32240,15239,48186,4321,2087,2234
43205,66949,18757,32241,15239,48191,4321,2087,2234
43210,66959,18758,32243,15239,48201,4322,2087,2235
43215,66965,18759,32246,15240,48205,4322,2087,2235
43220,66976,18760,32255,15241,48213,4323,2088,2235
43225,66980,18761,32257,15242,48219,4323,2088,2235
43230,66990,18763,32261,15243,48227,4324,2088,2236
43235,66996,18764,32263,15243,48231,4324,2088,2236
43240,67007,18766,32272,15245,48237,4325,2089,2236
43245,67011,18768,32273,15247,48242,4325,2089,2236
43250,67021,18771,32277,15249,48249,4326,2090,2236
43255,67027,18774,32280,15251,48251,4326,2090,2236
43260,67038,18779,32288,15255,48255,4327,2090,2237
43265,67042,18782,32290,15258,48260,4327,2090,2237
43270,67052,18786,32296,15261,48266,4328,2091,2237
43275,67058,18787,32300,15262,48271,4328,2091,2237
43280,67069,18789,32305,15264,48277,4329,2092,2237
43285,67073,18792,32308,15267,48281,4329,2092,2237
43290,67083,18795,32312,15269,48288,4330,2092,2238
43295,67089,18797,32315,15270,48291,4330,2092,2238
43300,67100,18801,32322,15274,48297,4331,2093,2238
43305,67104,18803,32323,15276,48301,4331,2093,2238
43310,67114,18806,32328,15278,48308,4332,2093,2239
43315,67120,18807,32329,15279,48313,4332,2093,2239
43320,67131,18809,32332,15280,48320,4333,2093,2240
43325,67135,18810,32333,15281,48325,4333,2093,2240
43330,67145,18814,32342,15285,48331,4334,2094,2240
43335,67151,18815,32345,15286,48336,4334,2094,2240
43340,67162,18817,32351,15288,48343,4335,2095,2240
43345,67166,18820,32354,15291,48346,4335,2095,2240
43350,67176,18824,32361,15294,48352,4336,2096,2240
43355,67182,18825,32364,15295,48356,4336,2096,2240
43360,67193,18829,32370,15299,48362,4337,2097,2240
43365,67197,18831,32372,15301,48364,4337,2097,2240
43370,67207,18838,32377,15306,48369,4338,2098,2240
43375,67213,18840,32378,15307,48373,4338,2098,2240
43380,67224,18841,32383,15308,48380,4339,2099,2240
43385,67228,18843,32384,15310,48385,4339,2099,2240
43390,67238,18846,32389,15312,48392,4340,2100,2240
43395,67244,18847,32391,15312,48396,4340,2100,2240
43400,67255,18850,32394,15315,48404,4341,2100,2241
43405,67259,18851,32398,15316,48406,4341,2100,2241
43410,67269,18857,32405,15322,48412,4342,2100,2242
43415,67275,18858,32406,15322,48416,4342,2100,2242
43420,67286,18860,32408,15324,48425,4343,2100,2243
43425,67290,18860,32410,15324,48430,4343,2100,2243
43430,67300,18862,32418,15325,48437,4344,2100,2244
43435,67306,18865,32422,15328,48440,4344,2100,2244
43440,67317,18865,32427,15328,48450,4345,2100,2245
43445,67321,18865,32429,15328,48455,4345,2100,2245
43450,67331,18866,32434,15329,48464,4346,2101,2245
43455,67337,18869,32437,15331,48468,4346,2101,2245
43460,67348,18870,32444,15332,48476,4347,2102,2245
43465,67352,18871,32447,15333,48480,4347,2102,2245
43470,67362,18872,32449,15333,48490,4348,2102,2246
43475,67368,18873,32453,15334,48494,4348,2102,2246
43480,67379,18873,32457,15334,48505,4349,2103,2246
43485,67383,18873,32457,15334,48510,4349,2103,2246
43490,67393,18875,32463,15335,48518,4350,2104,2246
43495,67399,18877,32466,15337,48522,4350,2104,2246
43500,67410,18879,32471,15338,48529,4351,2105,2246
43505,67414,18880,32472,15339,48534,4351,2105,2246
43510,67424,18882,32477,15341,48542,4352,2105,2247
43515,67430,18883,32479,15341,48547,4352,2105,2247
43520,67441,18886,32486,15343,48554,4353,2106,2247
43525,67445,18886,32487,15343,48559,4353,2106,2247
43530,67455,18890,32492,15346,48565,4354,2106,2248
43535,67461,18891,32495,15347,48570,4354,2106,2248
43540,67472,18892,32500,15347,48575,4355,2106,2249
43545,67476,18896,32502,15351,48580,4355,2106,2249
43550,67486,18899,32507,15353,48587,4356,2107,2249
43555,67492,18900,32511,15354,48591,4356,2107,2249
43560,67503,18903,32514,15356,48599,4357,2108,2249
43565,67507,18905,32515,15358,48602,4357,2108,2249
43570,67517,18909,32520,15361,48608,4358,2109,2249
43575,67523,18911,32523,15363,48612,4358,2109,2249
43580,67534,18913,32528,15365,48619,4359,2110,2249
43585,67538,18916,32530,15368,48621,4359,2110,2249
43590,67548,18922,32534,15372,48626,4360,2111,2249
43595,67554,18924,32537,15373,48628,4360,2111,2249
43600,67565,18930,32544,15378,48631,4361,2111,2250
43605,67569,18936,32546,15384,48633,4361,2111,2250
43610,67579,18942,32552,15389,48637,4362,2112,2250
43615,67585,18945,32556,15392,48639,4362,2112,2250
43620,67596,18950,32564,15397,48643,4363,2113,2250
43625,67600,18954,32565,15401,48646,4363,2113,2250
43630,67610,18959,32572,15406,48651,4364,2114,2250
43635,67616,18961,32576,15407,48654,4364,2114,2250
43640,67627,18964,32582,15410,48662,4365,2114,2251
43645,67631,18966,32586,15412,48664,4365,2114,2251
43650,67641,18968,32589,15413,48673,4366,2114,2252
43655,67647,18970,32593,15415,48677,4366,2114,2252
43660,67658,18972,32596,15416,48685,4367,2115,2252
43665,67662,18973,32597,15417,48689,4367,2115,2252
43670,67672,18975,32601,15418,48696,4368,2116,2252
43675,67678,18978,32605,15420,48700,4368,2116,2252
43680,67689,18978,32610,15420,48711,4369,2116,2253
43685,67693,18978,32612,15420,48715,4369,2116,2253
43690,67703,18979,32612,15420,48724,4370,2116,2254
43695,67709,18980,32615,15420,48729,4370,2116,2254
43700,67720,18980,32618,15420,48740,4371,2116,2255
43705,67724,18980,32620,15420,48744,4371,2116,2255
43710,67734,18982,32627,15422,48752,4372,2117,2255
43715,67740,18984,32632,15423,48755,4372,2117,2255
43720,67751,18984,32636,15423,48765,4373,2117,2256
43725,67755,18985,32638,15424,48769,4373,2117,2256
43730,67765,18986,32642,15425,48779,4374,2118,2256
43735,67771,18987,32645,15425,48784,4374,2118,2256
43740,67782,18987,32649,15425,48792,4375,2118,2257
43745,67786,18989,32651,15427,48797,4375,2118,2257
43750,67796,18991,32656,15429,48804,4376,2118,2258
43755,67802,18993,32659,15431,48809,4376,2118,2258
43760,67813,18995,32664,15433,48816,4377,2118,2259
43765,67817,18996,32665,15434,48820,4377,2118,2259
43770,67827,19001,32668,15438,48826,4378,2118,2260
43775,67833,19003,32672,15440,48830,4378,2118,2260
43780,67844,19004,32675,15440,48838,4379,2119,2260
43785,67848,19007,32678,15443,48840,4379,2119,2260
43790,67858,19010,32681,15445,48848,4380,2119,2261
43795,67864,19011,32684,15445,48852,4380,2119,2261
43800,67875,19014,32687,15448,48860,4381,2119,2262
43805,67879,19016,32690,15450,48862,4381,2119,2262
43810,67889,19021,32696,15454,48867,4382,2119,2263
43815,67895,19023,32698,15456,48872,4382,2119,2263
43820,67906,19028,32707,15461,48875,4383,2120,2263
43825,67910,19032,32709,15465,48878,4383,2120,2263
43830,67920,19037,32715,15469,48883,4384,2121,2263
43835,67926,19038,32718,15469,48887,4384,2121,2263
43840,67937,19041,32725,15472,48892,4385,2122,2263
43845,67941,19045,32726,15476,48895,4385,2122,2263
43850,67951,19048,32727,15477,48902,4386,2122,2264
43855,67957,19051,32730,15479,48904,4386,2122,2264
43860,67968,19055,32735,15482,48909,4387,2122,2265
43865,67972,19059,32736,15486,48913,4387,2122,2265
43870,67982,19061,32742,15487,48921,4388,2122,2266
43875,67988,19061,32745,15487,48927,4388,2122,2266
43880,67999,19063,32752,15488,48934,4389,2122,2267
43885,68003,19065,32754,15490,48938,4389,2122,2267
43890,68013,19067,32759,15491,48946,4390,2123,2267
43895,68019,19067,32764,15491,48951,4390,2123,2267
43900,68030,19069,32768,15493,48961,4391,2123,2268
43905,68034,19070,32770,15494,48964,4391,2123,2268
43910,68044,19072,32775,15495,48972,4392,2123,2269
43915,68050,19072,32777,15495,48978,4392,2123,2269
43920,68061,19074,32782,15496,48986,4393,2124,2269
43925,68065,19075,32784,15497,48990,4393,2124,2269
43930,68075,19077,32790,15499,48998,4394,2125,2269
43935,68081,19077,32792,15499,49003,4394,2125,2269
43940,68092,19077,32795,15499,49013,4395,2125,2270
43945,68096,19077,32797,15499,49018,4395,2125,2270
43950,68106,19078,32799,15499,49028,4396,2125,2271
43955,68112,19078,32802,15499,49033,4396,2125,2271
43960,68123,19079,32808,15500,49043,4397,2126,2271
43965,68127,19080,32811,15501,49046,4397,2126,2271
43970,68137,19081,32815,15502,49056,4398,2127,2271
43975,68143,19082,32817,15502,49059,4398,2127,2271
43980,68154,19084,32820,15504,49068,4399,2127,2272
43985,68158,19085,32822,15505,49073,4399,2127,2272
43990,68168,19087,32827,15505,49080,4400,2128,2272
43995,68174,19090,32832,15508,49083,4400,2128,2272
44000,68185,19093,32841,15511,49090,4401,2129,2272
44005,68189,19095,32842,15513,49094,4401,2129,2272
44010,68199,19097,32845,15514,49102,4402,2129,2273
44015,68205,19098,32846,15514,49107,4402,2129,2273
44020,68216,19098,32850,15514,49116,4403,2130,2273
44025,68220,19098,32852,15514,49122,4403,2130,2273
44030,68230,19101,32859,15517,49129,4404,2131,2273
44035,68236,19102,32860,15517,49134,4404,2131,2273
44040,68247,19105,32865,15520,49140,4405,2131,2274
44045,68251,19107,32868,15522,49144,4405,2131,2274
44050,68261,19111,32875,15526,49149,4406,2132,2274
44055,68267,19113,32877,15527,49153,4406,2132,2274
44060,68278,19116,32883,15530,49159,4407,2133,2274
44065,68282,19120,32884,15534,49162,4407,2133,2274
44070,68292,19124,32887,15536,49168,4408,2133,2275
44075,68298,19126,32888,15537,49172,4408,2133,2275
44080,68309,19129,32894,15539,49177,4409,2134,2275
44085,68313,19132,32896,15542,49181,4409,2134,2275
44090,68323,19135,32901,15544,49187,4410,2134,2276
44095,68329,19137,32903,15545,49190,4410,2134,2276
44100,68340,19143,32907,15550,49196,4411,2134,2277
44105,68344,19145,32909,15552,49198,4411,2134,2277
44110,68354,19151,32914,15558,49203,4412,2134,2278
44115,68360,19153,32916,15559,49206,4412,2134,2278
44120,68371,19156,32918,15561,49214,4413,2134,2279
44125,68375,19158,32920,15563,49216,4413,2134,2279
44130,68385,19164,32925,15568,49221,4414,2134,2280
44135,68391,19165,32927,15569,49225,4414,2134,2280
44140,68402,19170,32933,15574,49231,4415,2134,2281
44145,68406,19172,32936,15576,49232,4415,2134,2281
44150,68416,19177,32940,15579,49239,4416,2135,2281
44155,68422,19178,32941,15580,49244,4416,2135,2281
44160,68433,19180,32947,15582,49251,4417,2136,2281
44165,68437,19183,32951,15585,49253,4417,2136,2281
44170,68447,19185,32957,15587,49262,4418,2136,2282
44175,68453,19186,32961,15588,49265,4418,2136,2282
44180,68464,19186,32966,15588,49277,4419,2137,2282
44185,68468,19186,32968,15588,49281,4419,2137,2282
44190,68478,19187,32975,15588,49291,4420,2137,2283
44195,68484,19188,32978,15589,49296,4420,2137,2283
44200,68495,19189,32983,15590,49305,4421,2137,2284
44205,68499,19189,32984,15590,49310,4421,2137,2284
44210,68509,19191,32990,15592,49318,4422,2138,2284
44215,68515,19193,32994,15594,49322,4422,2138,2284
44220,68526,19193,32999,15594,49331,4423,2138,2285
44225,68530,19194,33001,15595,49336,4423,2138,2285
44230,68540,19195,33003,15595,49345,4424,2138,2286
44235,68546,19196,33006,15595,49349,4424,2138,2286
44240,68557,19197,33011,15596,49358,4425,2138,2287
44245,68561,19198,33012,15597,49363,4425,2138,2287
44250,68571,19200,33018,15598,49370,4426,2139,2287
44255,68577,19202,33019,15599,49375,4426,2139,2287
44260,68588,19202,33024,15599,49385,4427,2140,2287
44265,68592,19203,33024,15600,49389,4427,2140,2287
44270,68602,19206,33027,15601,49396,4428,2141,2287
44275,68608,19208,33031,15602,49398,4428,2141,2287
44280,68619,19211,33037,15605,49405,4429,2142,2287
44285,68623,19213,33039,15607,49409,4429,2142,2287
44290,68633,19216,33043,15609,49416,4430,2142,2288
44295,68639,19219,33047,15612,49420,4430,2142,2288
44300,68650,19221,33052,15613,49426,4431,2143,2288
44305,68654,19225,33055,15617,49428,4431,2143,2288
44310,68664,19229,33058,15619,49435,4432,2144,2288
44315,68670,19231,33063,15621,49439,4432,2144,2288
44320,68681,19234,33066,15623,49446,4433,2144,2289
44325,68685,19236,33068,15625,49449,4433,2144,2289
44330,68695,19238,33073,15627,49456,4434,2145,2289
44335,68701,19241,33077,15630,49460,4434,2145,2289
44340,68712,19245,33084,15633,49464,4435,2146,2289
44345,68716,19250,33088,15638,49465,4435,2146,2289
44350,68726,19255,33092,15642,49471,4436,2147,2289
44355,68732,19257,33097,15644,49474,4436,2147,2289
44360,68743,19260,33100,15647,49482,4437,2147,2290
44365,68747,19263,33103,15650,49484,4437,2147,2290
44370,68757,19267,33109,15654,49490,4438,2148,2290
44375,68763,19269,33112,15655,49493,4438,2148,2290
44380,68774,19273,33117,15658,49498,4439,2148,2291
44385,68778,19275,33119,15660,49502,4439,2148,2291
44390,68788,19278,33121,15661,49510,4440,2148,2292
44395,68794,19280,33123,15662,49513,4440,2148,2292
44400,68805,19284,33129,15665,49519,4441,2149,2292
44405,68809,19287,33131,15668,49521,4441,2149,2292
44410,68819,19293,33136,15672,49526,4442,2150,2292
44415,68825,19294,33138,15673,49531,4442,2150,2292
44420,68836,19294,33144,15673,49541,4443,2150,2293
44425,68840,19294,33146,15673,49545,4443,2150,2293
44430,68850,19298,33150,15676,49552,4444,2150,2294
44435,68856,19299,33152,15677,49556,4444,2150,2294
44440,68867,19302,33157,15680,49563,4445,2150,2295
44445,68871,19304,33159,15682,49566,4445,2150,2295
44450,68881,19307,33162,15685,49574,4446,2150,2296
44455,68887,19307,33165,15685,49579,4446,2150,2296
44460,68898,19307,33170,15685,49591,4447,2151,2296
44465,68902,19307,33172,15685,49595,4447,2151,2296
44470,68912,19308,33178,15686,49604,4448,2151,2297
44475,68918,19308,33180,15686,49610,4448,2151,2297
44480,68929,19308,33185,15686,49620,4449,2152,2297
44485,68933,19308,33187,15686,49625,4449,2152,2297
44490,68943,19309,33191,15686,49634,4450,2153,2297
44495,68949,19309,33193,15686,49638,4450,2153,2297
44500,68960,19309,33198,15686,49649,4451,2154,2297
44505,68964,19310,33199,15687,49653,4451,2154,2297
44510,68974,19311,33201,15687,49663,4452,2154,2298
44515,68980,19312,33202,15687,49667,4452,2154,2298
44520,68991,19313,33210,15687,49674,4453,2155,2298
44525,68995,19316,33212,15690,49678,4453,2155,2298
44530,69005,19319,33216,15692,49685,4454,2155,2299
44535,69011,19321,33217,15694,49690,4454,2155,2299
44540,69022,19323,33221,15695,49697,4455,2155,2300
44545,69026,19326,33223,15698,49699,4455,2155,2300
44550,69036,19327,33224,15698,49708,4456,2155,2301
44555,69042,19329,33227,15699,49711,4456,2155,2301
44560,69053,19333,33232,15702,49717,4457,2155,2302
44565,69057,19335,33235,15704,49721,4457,2155,2302
44570,69067,19338,33238,15706,49729,4458,2155,2303
44575,69073,19340,33240,15707,49733,4458,2155,2303
44580,69084,19342,33243,15709,49741,4459,2156,2303
44585,69088,19342,33245,15709,49745,4459,2156,2303
44590,69098,19345,33249,15712,49753,4460,2156,2304
44595,69104,19347,33251,15713,49756,4460,2156,2304
44600,69115,19349,33256,15715,49764,4461,2157,2304
44605,69119,19351,33258,15717,49768,4461,2157,2304
44610,69129,19353,33261,15718,49776,4462,2158,2304
44615,69135,19355,33264,15719,49779,4462,2158,2304
44620,69146,19359,33273,15723,49783,4463,2159,2304
44625,69150,19364,33276,15728,49786,4463,2159,2304
44630,69160,19368,33282,15731,49791,4464,2159,2305
44635,69166,19370,33286,15732,49795,4464,2159,2305
44640,69177,19373,33290,15734,49800,4465,2159,2306
44645,69181,19375,33290,15736,49806,4465,2159,2306
44650,69191,19378,33294,15738,49813,4466,2160,2306
44655,69197,19379,33297,15738,49817,4466,2160,2306
44660,69208,19384,33302,15742,49822,4467,2161,2306
44665,69212,19385,33304,15743,49827,4467,2161,2306
44670,69222,19389,33309,15746,49833,4468,2162,2306
44675,69228,19390,33314,15747,49838,4468,2162,2306
44680,69239,19394,33321,15751,49842,4469,2162,2307
44685,69243,19397,33324,15754,49845,4469,2162,2307
44690,69253,19401,33327,15757,49852,4470,2162,2308
44695,69259,19402,33329,15757,49857,4470,2162,2308
44700,69270,19404,33335,15758,49863,4471,2163,2308
44705,69274,19408,33336,15762,49866,4471,2163,2308
44710,69284,19413,33339,15765,49871,4472,2163,2309
44715,69290,19414,33340,15765,49875,4472,2163,2309
44720,69301,19418,33346,15768,49881,4473,2164,2309
44725,69305,19420,33346,15770,49885,4473,2164,2309
44730,69315,19422,33351,15771,49893,4474,2165,2309
44735,69321,19423,33353,15771,49897,4474,2165,2309
44740,69332,19426,33359,15774,49904,4475,2165,2310
44745,69336,19426,33362,15774,49909,4475,2165,2310
44750,69346,19427,33368,15775,49918,4476,2166,2310
44755,69352,19429,33371,15777,49922,4476,2166,2310
44760,69363,19430,33376,15778,49931,4477,2166,2311
44765,69367,19430,33379,15778,49937,4477,2166,2311
44770,69377,19431,33383,15779,49946,4478,2167,2311
44775,69383,19432,33384,15779,49951,4478,2167,2311
44780,69394,19432,33388,15779,49961,4479,2168,2311
44785,69398,19432,33391,15779,49965,4479,2168,2311
44790,69408,19433,33396,15780,49975,4480,2169,2311
44795,69414,19435,33399,15782,49978,4480,2169,2311
44800,69425,19435,33401,15782,49989,4481,2169,2312
44805,69429,19435,33402,15782,49994,4481,2169,2312
44810,69439,19437,33407,15783,50002,4482,2169,2313
44815,69445,19439,33411,15784,50005,4482,2169,2313
44820,69456,19440,33417,15785,50014,4483,2169,2314
44825,69460,19440,33417,15785,50020,4483,2169,2314
44830,69470,19443,33421,15787,50026,4484,2169,2315
44835,69476,19446,33423,15789,50030,4484,2169,2315
44840,69487,19447,33428,15790,50037,4485,2169,2316
44845,69491,19448,33430,15791,50042,4485,2169,2316
44850,69501,19452,33436,15793,50049,4486,2170,2316
44855,69507,19453,33441,15794,50052,4486,2170,2316
44860,69518,19456,33448,15797,50058,4487,2171,2316
44865,69522,19458,33450,15799,50064,4487,2171,2316
44870,69532,19461,33454,15802,50071,4488,2171,2317
44875,69538,19462,33456,15803,50076,4488,2171,2317
44880,69549,19463,33458,15803,50084,4489,2171,2318
44885,69553,19465,33459,15805,50088,4489,2171,2318
44890,69563,19468,33467,15808,50094,4490,2172,2318
44895,69569,19471,33470,15810,50097,4490,2172,2318
44900,69580,19473,33475,15812,50103,4491,2173,2318
44905,69584,19476,33476,15815,50108,4491,2173,2318
44910,69594,19480,33481,15818,50114,4492,2173,2319
44915,69600,19482,33483,15819,50117,4492,2173,2319
44920,69611,19484,33484,15820,50125,4493,2173,2320
44925,69615,19486,33486,15822,50129,4493,2173,2320
44930,69625,19490,33490,15824,50134,4494,2173,2321
44935,69631,19493,33493,15826,50138,4494,2173,2321
44940,69642,19495,33498,15828,50145,4495,2174,2321
44945,69646,19499,33502,15832,50146,4495,2174,2321
44950,69656,19503,33505,15834,50153,4496,2175,2321
44955,69662,19504,33508,15835,50158,4496,2175,2321
44960,69673,19506,33513,15837,50164,4497,2175,2322
44965,69677,19510,33516,15841,50166,4497,2175,2322
44970,69687,19516,33521,15846,50170,4498,2175,2323
44975,69693,19520,33524,15849,50172,4498,2175,2323
44980,69704,19524,33528,15852,50178,4499,2175,2324
44985,69708,19528,33531,15856,50179,4499,2175,2324
44990,69718,19535,33536,15862,50183,4500,2175,2325
44995,69724,19537,33538,15864,50187,4500,2175,2325
45000,69735,19541,33545,15867,50189,4501,2175,2326
45005,69739,19545,33546,15871,50193,4501,2175,2326
45010,69749,19551,33550,15876,50198,4502,2175,2327
45015,69755,19554,33553,15879,50201,4502,2175,2327
45020,69766,19557,33559,15882,50207,4503,2175,2328
45025,69770,19558,33559,15883,50212,4503,2175,2328
45030,69780,19560,33566,15885,50220,4504,2176,2328
45035,69786,19562,33570,15887,50223,4504,2176,2328
45040,69797,19562,33574,15887,50233,4505,2176,2329
45045,69801,19562,33576,15887,50238,4505,2176,2329
45050,69811,19564,33581,15888,50246,4506,2176,2330
45055,69817,19566,33584,15889,50250,4506,2176,2330
45060,69828,19566,33589,15889,50260,4507,2176,2331
45065,69832,19566,33590,15889,50266,4507,2176,2331
45070,69842,19567,33592,15890,50275,4508,2176,2332
45075,69848,19569,33596,15892,50279,4508,2176,2332
45080,69859,19570,33603,15893,50287,4509,2177,2332
45085,69863,19571,33604,15894,50291,4509,2177,2332
45090,69873,19572,33607,15895,50300,4510,2177,2333
45095,69879,19575,33612,15898,50304,4510,2177,2333
45100,69890,19575,33614,15898,50314,4511,2177,2334
45105,69894,19575,33617,15898,50319,4511,2177,2334
45110,69904,19576,33625,15899,50328,4512,2178,2334
45115,69910,19576,33629,15899,50334,4512,2178,2334
45120,69921,19576,33634,15899,50344,4513,2178,2335
45125,69925,19576,33636,15899,50349,4513,2178,2335
45130,69935,19578,33640,15900,50357,4514,2178,2336
45135,69941,19578,33644,15900,50363,4514,2178,2336
45140,69952,19580,33651,15902,50368,4515,2179,2336
45145,69956,19583,33653,15905,50373,4515,2179,2336
45150,69966,19585,33656,15906,50381,4516,2180,2336
45155,69972,19585,33661,15906,50386,4516,2180,2336
45160,69983,19590,33667,15910,50391,4517,2180,2337
45165,69987,19594,33671,15914,50392,4517,2180,2337
45170,69997,19599,33677,15917,50398,4518,2180,2338
45175,70003,19599,33681,15917,50403,4518,2180,2338
45180,70014,19602,33686,15919,50409,4519,2181,2338
45185,70018,19603,33687,15920,50415,4519,2181,2338
45190,70028,19605,33690,15921,50423,4520,2182,2338
45195,70034,19605,33693,15921,50429,4520,2182,2338
45200,70045,19607,33698,15922,50433,4521,2182,2339
45205,70049,19613,33702,15928,50434,4521,2182,2339
45210,70059,19620,33707,15934,50438,4522,2182,2340
45215,70065,19623,33711,15937,50440,4522,2182,2340
45220,70076,19628,33717,15942,50444,4523,2182,2341
45225,70080,19630,33718,15944,50450,4523,2182,2341
45230,70090,19632,33722,15946,50458,4524,2183,2341
45235,70096,19633,33725,15947,50462,4524,2183,2341
45240,70107,19636,33733,15949,50467,4525,2183,2342
45245,70111,19639,33735,15952,50472,4525,2183,2342
45250,70121,19641,33738,15954,50480,4526,2184,2342
45255,70127,19642,33739,15954,50484,4526,2184,2342
45260,70138,19645,33746,15956,50491,4527,2184,2343
45265,70142,19647,33748,15958,50494,4527,2184,2343
45270,70152,19649,33753,15960,50503,4528,2184,2344
45275,70158,19650,33756,15960,50506,4528,2184,2344
45280,70169,19651,33763,15960,50515,4529,2185,2344
45285,70173,19653,33765,15962,50519,4529,2185,2344
45290,70183,19654,33770,15962,50529,4530,2186,2344
45295,70189,19655,33771,15962,50534,4530,2186,2344
45300,70200,19656,33775,15963,50542,4531,2187,2344
45305,70204,19657,33777,15964,50546,4531,2187,2344
45310,70214,19658,33781,15965,50556,4532,2187,2345
45315,70220,19659,33783,15965,50561,4532,2187,2345
45320,70231,19662,33790,15967,50567,4533,2188,2345
45325,70235,19664,33791,15969,50571,4533,2188,2345
45330,70245,19665,33797,15970,50580,4534,2188,2346
45335,70251,19666,33799,15971,50585,4534,2188,2346
45340,70262,19670,33805,15975,50591,4535,2188,2347
45345,70266,19671,33805,15976,50595,4535,2188,2347
45350,70276,19673,33807,15976,50602,4536,2188,2348
45355,70282,19676,33810,15978,50606,4536,2188,2348
45360,70293,19677,33814,15979,50614,4537,2189,2348
45365,70297,19678,33815,15980,50619,4537,2189,2348
45370,70307,19680,33819,15981,50626,4538,2190,2348
45375,70313,19682,33821,15983,50631,4538,2190,2348
45380,70324,19683,33827,15984,50640,4539,2191,2348
45385,70328,19684,33829,15985,50644,4539,2191,2348
45390,70338,19687,33834,15987,50650,4540,2192,2348
45395,70344,19689,33835,15988,50654,4540,2192,2348
45400,70355,19691,33839,15990,50662,4541,2192,2349
45405,70359,19692,33841,15991,50666,4541,2192,2349
45410,70369,19697,33846,15996,50671,4542,2192,2350
45415,70375,19701,33851,16000,50672,4542,2192,2350
45420,70386,19704,33856,16003,50679,4543,2192,2351
45425,70390,19706,33858,16005,50682,4543,2192,2351
45430,70400,19710,33862,16008,50689,4544,2192,2352
45435,70406,19714,33865,16012,50692,4544,2192,2352
45440,70417,19715,33869,16013,50699,4545,2192,2353
45445,70421,19717,33872,16015,50702,4545,2192,2353
45450,70431,19723,33875,16019,50708,4546,2193,2353
45455,70437,19725,33877,16020,50712,4546,2193,2353
45460,70448,19727,33884,16022,50719,4547,2194,2353
45465,70452,19728,33887,16023,50723,4547,2194,2353
45470,70462,19730,33891,16024,50732,4548,2194,2354
45475,70468,19731,33892,16024,50737,4548,2194,2354
45480,70479,19733,33899,16025,50743,4549,2195,2354
45485,70483,19736,33899,16028,50747,4549,2195,2354
45490,70493,19739,33906,16031,50753,4550,2196,2354
45495,70499,19741,33909,16032,50758,4550,2196,2354
45500,70510,19742,33912,16032,50765,4551,2196,2355
45505,70514,19744,33914,16034,50770,4551,2196,2355
45510,70524,19746,33918,16035,50778,4552,2196,2356
45515,70530,19747,33921,16035,50783,4552,2196,2356
45520,70541,19750,33929,16037,50787,4553,2197,2356
45525,70545,19754,33931,16041,50791,4553,2197,2356
45530,70555,19756,33936,16043,50798,4554,2197,2357
45535,70561,19759,33940,16045,50802,4554,2197,2357
45540,70572,19761,33945,16047,50809,4555,2197,2358
45545,70576,19764,33946,16050,50812,4555,2197,2358
45550,70586,19766,33951,16051,50819,4556,2197,2359
45555,70592,19768,33954,16052,50824,4556,2197,2359
45560,70603,19771,33961,16055,50828,4557,2198,2359
45565,70607,19774,33962,16058,50833,4557,2198,2359
45570,70617,19778,33968,16062,50839,4558,2198,2360
45575,70623,19780,33971,16063,50843,4558,2198,2360
45580,70634,19782,33975,16065,50850,4559,2199,2360
45585,70638,19783,33975,16066,50855,4559,2199,2360
45590,70648,19787,33980,16069,50860,4560,2200,2360
45595,70654,19789,33981,16071,50865,4560,2200,2360
45600,70665,19792,33986,16073,50870,4561,2200,2361
45605,70669,19796,33987,16077,50873,4561,2200,2361
45610,70679,19801,33991,16081,50878,4562,2200,2362
45615,70685,19803,33993,16083,50882,4562,2200,2362
45620,70696,19806,33998,16086,50887,4563,2200,2363
45625,70700,19810,34000,16090,50890,4563,2200,2363
45630,70710,19816,34006,16094,50893,4564,2201,2363
45635,70716,19819,34008,16096,50896,4564,2201,2363
45640,70727,19822,34011,16098,50903,4565,2202,2363
45645,70731,19824,34014,16100,50905,4565,2202,2363
45650,70741,19829,34017,16104,50912,4566,2202,2364
45655,70747,19830,34019,16104,50917,4566,2202,2364
45660,70758,19832,34023,16105,50924,4567,2203,2364
45665,70762,19834,34026,16107,50927,4567,2203,2364
45670,70772,19836,34031,16108,50935,4568,2204,2364
45675,70778,19839,34035,16110,50938,4568,2204,2364
45680,70789,19841,34041,16111,50946,4569,2204,2365
45685,70793,19842,34043,16112,50950,4569,2204,2365
45690,70803,19843,34044,16112,50960,4570,2204,2366
45695,70809,19844,34048,16113,50964,4570,2204,2366
45700,70820,19844,34054,16113,50974,4571,2204,2367
45705,70824,19844,34057,16113,50979,4571,2204,2367
45710,70834,19846,34063,16115,50987,4572,2205,2367
45715,70840,19848,34066,16117,50991,4572,2205,2367
45720,70851,19848,34073,16117,51000,4573,2205,2368
45725,70855,19849,34076,16118,51006,4573,2205,2368
45730,70865,19850,34082,16119,51014,4574,2206,2368
45735,70871,19852,34085,16120,51019,4574,2206,2368
45740,70882,19852,34090,16120,51030,4575,2207,2368
45745,70886,19852,34094,16120,51034,4575,2207,2368
45750,70896,19854,34098,16121,51041,4576,2208,2368
45755,70902,19856,34101,16123,51046,4576,2208,2368
45760,70913,19858,34104,16125,51055,4577,2208,2369
45765,70917,19859,34106,16126,51058,4577,2208,2369
45770,70927,19862,34110,16129,51065,4578,2208,2370
45775,70933,19863,34114,16130,51069,4578,2208,2370
45780,70944,19867,34122,16134,51074,4579,2209,2370
45785,70948,19869,34123,16136,51079,4579,2209,2370
45790,70958,19871,34128,16137,51087,4580,2210,2370
45795,70964,19871,34129,16137,51093,4580,2210,2370
45800,70975,19874,34136,16140,51099,4581,2211,2370
45805,70979,19877,34139,16143,51102,4581,2211,2370
45810,70989,19880,34144,16144,51109,4582,2211,2371
45815,70995,19880,34147,16144,51114,4582,2211,2371
45820,71006,19884,34153,16148,51119,4583,2211,2372
45825,71010,19887,34154,16151,51123,4583,2211,2372
45830,71020,19890,34157,16152,51130,4584,2212,2372
45835,71026,19891,34160,16153,51134,4584,2212,2372
45840,71037,19894,34164,16155,51142,4585,2213,2372
45845,71041,19896,34167,16157,51143,4585,2213,2372
45850,71051,19903,34173,16163,51148,4586,2213,2373
45855,71057,19904,34176,16164,51152,4586,2213,2373
45860,71068,19907,34180,16167,51161,4587,2213,2374
45865,71072,19907,34182,16167,51165,4587,2213,2374
45870,71082,19908,34187,16168,51174,4588,2213,2375
45875,71088,19908,34188,16168,51179,4588,2213,2375
45880,71099,19909,34192,16168,51189,4589,2213,2376
45885,71103,19910,34194,16169,51192,4589,2213,2376
45890,71113,19911,34198,16169,51201,4590,2214,2376
45895,71119,19914,34201,16172,51204,4590,2214,2376
45900,71130,19916,34206,16174,51213,4591,2215,2376
45905,71134,19918,34209,16176,51216,4591,2215,2376
45910,71144,19921,34217,16179,51222,4592,2216,2376
45915,71150,19923,34221,16180,51226,4592,2216,2376
45920,71161,19925,34228,16181,51234,4593,2217,2376
45925,71165,19928,34231,16184,51237,4593,2217,2376
45930,71175,19931,34236,16187,51243,4594,2218,2376
45935,71181,19934,34238,16190,51247,4594,2218,2376
45940,71192,19936,34242,16191,51255,4595,2219,2376
45945,71196,19937,34244,16192,51258,4595,2219,2376
45950,71206,19940,34250,16194,51265,4596,2220,2376
45955,71212,19943,34255,16197,51268,4596,2220,2376
45960,71223,19944,34261,16198,51277,4597,2221,2376
45965,71227,19946,34262,16200,51281,4597,2221,2376
45970,71237,19949,34265,16201,51288,4598,2221,2377
45975,71243,19951,34266,16202,51292,4598,2221,2377
45980,71254,19953,34273,16203,51296,4599,2222,2377
45985,71258,19958,34277,16208,51299,4599,2222,2377
45990,71268,19963,34283,16212,51305,4600,2223,2377
45995,71274,19964,34286,16213,51309,4600,2223,2377
46000,71285,19969,34293,16217,51313,4601,2224,2377
46005,71289,19973,34296,16221,51315,4601,2224,2377
46010,71299,19978,34300,16224,51320,4602,2225,2377
46015,71305,19981,34302,16227,51324,4602,2225,2377
46020,71316,19984,34308,16229,51329,4603,2226,2377
46025,71320,19986,34308,16231,51334,4603,2226,2377
46030,71330,19988,34313,16232,51342,4604,2226,2378
46035,71336,19988,34317,16232,51348,4604,2226,2378
46040,71347,19988,34321,16232,51358,4605,2226,2379
46045,71351,19989,34324,16233,51361,4605,2226,2379
46050,71361,19992,34331,16236,51369,4606,2226,2380
46055,71367,19992,34334,16236,51375,4606,2226,2380
46060,71378,19992,34339,16236,51385,4607,2227,2380
46065,71382,19994,34341,16238,51388,4607,2227,2380
46070,71392,19996,34344,16238,51396,4608,2227,2381
46075,71398,19996,34348,16238,51401,4608,2227,2381
46080,71409,19997,34351,16239,51411,4609,2228,2381
46085,71413,19998,34352,16240,51415,4609,2228,2381
46090,71423,20000,34354,16241,51423,4610,2229,2381
46095,71429,20000,34355,16241,51429,4610,2229,2381
46100,71440,20001,34361,16242,51438,4611,2229,2382
46105,71444,20001,34363,16242,51443,4611,2229,2382
46110,71454,20003,34367,16244,51451,4612,2229,2383
46115,71460,20003,34371,16244,51456,4612,2229,2383
46120,71471,20006,34376,16247,51465,4613,2230,2383
46125,71475,20006,34377,16247,51468,4613,2230,2383
46130,71485,20012,34382,16252,51472,4614,2230,2384
46135,71491,20015,34385,16254,51474,4614,2230,2384
46140,71502,20019,34391,16258,51479,4615,2230,2385
46145,71506,20023,34393,16262,51482,4615,2230,2385
46150,71516,20025,34398,16264,51491,4616,2231,2385
46155,71522,20026,34402,16265,51495,4616,2231,2385
46160,71533,20028,34409,16266,51503,4617,2232,2385
46165,71537,20030,34411,16268,51506,4617,2232,2385
46170,71547,20031,34413,16268,51516,4618,2233,2385
46175,71553,20032,34414,16268,51521,4618,2233,2385
46180,71564,20035,34424,16271,51527,4619,2234,2385
46185,71568,20037,34426,16273,51531,4619,2234,2385
46190,71578,20038,34430,16274,51540,4620,2234,2386
46195,71584,20039,34431,16274,51545,4620,2234,2386
46200,71595,20041,34435,16275,51553,4621,2234,2387
46205,71599,20041,34437,16275,51557,4621,2234,2387
46210,71609,20043,34445,16277,51566,4622,2235,2387
46215,71615,20044,34450,16278,51571,4622,2235,2387
46220,71626,20046,34456,16280,51578,4623,2235,2388
46225,71630,20047,34457,16281,51583,4623,2235,2388
46230,71640,20048,34460,16282,51592,4624,2235,2389
46235,71646,20049,34461,16282,51597,4624,2235,2389
46240,71657,20052,34467,16285,51603,4625,2235,2390
46245,71661,20054,34470,16287,51607,4625,2235,2390
46250,71671,20056,34473,16288,51614,4626,2235,2391
46255,71677,20059,34475,16290,51617,4626,2235,2391
46260,71688,20063,34481,16294,51623,4627,2235,2392
46265,71692,20065,34483,16296,51627,4627,2235,2392
46270,71702,20068,34486,16298,51634,4628,2235,2393
46275,71708,20070,34489,16300,51638,4628,2235,2393
46280,71719,20072,34494,16301,51645,4629,2236,2393
46285,71723,20074,34497,16303,51649,4629,2236,2393
46290,71733,20078,34500,16305,51655,4630,2237,2393
46295,71739,20079,34501,16305,51660,4630,2237,2393
46300,71750,20082,34506,16308,51667,4631,2238,2393
46305,71754,20083,34507,16309,51671,4631,2238,2393
46310,71764,20087,34510,16311,51677,4632,2238,2394
46315,71770,20088,34513,16312,51682,4632,2238,2394
46320,71781,20091,34519,16315,51687,4633,2238,2395
46325,71785,20095,34522,16319,51689,4633,2238,2395
46330,71795,20101,34527,16323,51693,4634,2238,2396
46335,71801,20103,34529,16324,51698,4634,2238,2396
46340,71812,20105,34532,16325,51705,4635,2238,2397
46345,71816,20107,34534,16327,51707,4635,2238,2397
46350,71826,20115,34540,16335,51711,4636,2238,2398
46355,71832,20117,34542,16336,51714,4636,2238,2398
46360,71843,20120,34549,16338,51719,4637,2239,2398
46365,71847,20124,34550,16342,51723,4637,2239,2398
46370,71857,20127,34554,16344,51729,4638,2240,2398
46375,71863,20129,34556,16345,51732,4638,2240,2398
46380,71874,20133,34562,16349,51740,4639,2241,2398
46385,71878,20134,34565,16350,51743,4639,2241,2398
46390,71888,20138,34569,16353,51749,4640,2241,2399
46395,71894,20140,34573,16355,51752,4640,2241,2399
46400,71905,20141,34579,16356,51761,4641,2241,2400
46405,71909,20142,34580,16357,51767,4641,2241,2400
46410,71919,20143,34585,16358,51775,4642,2241,2401
46415,71925,20145,34587,16359,51779,4642,2241,2401
46420,71936,20146,34594,16360,51788,4643,2241,2402
46425,71940,20146,34595,16360,51793,4643,2241,2402
46430,71950,20147,34599,16361,51802,4644,2242,2402
46435,71956,20150,34602,16364,51806,4644,2242,2402
46440,71967,20151,34608,16365,51814,4645,2242,2403
46445,71971,20152,34611,16366,51819,4645,2242,2403
46450,71981,20154,34618,16368,51826,4646,2242,2404
46455,71987,20157,34621,16371,51830,4646,2242,2404
46460,71998,20157,34623,16371,51840,4647,2242,2405
46465,72002,20157,34624,16371,51845,4647,2242,2405
46470,72012,20160,34628,16374,51852,4648,2242,2406
46475,72018,20161,34630,16375,51857,4648,2242,2406
46480,72029,20162,34634,16376,51865,4649,2242,2407
46485,72033,20163,34635,16377,51870,4649,2242,2407
46490,72043,20165,34641,16378,51877,4650,2243,2407
46495,72049,20167,34643,16380,51882,4650,2243,2407
46500,72060,20170,34647,16382,51888,4651,2243,2408
46505,72064,20172,34649,16384,51892,4651,2243,2408
46510,72074,20174,34652,16385,51899,4652,2243,2409
46515,72080,20176,34655,16386,51903,4652,2243,2409
46520,72091,20181,34663,16391,51907,4653,2243,2410
46525,72095,20183,34664,16393,51911,4653,2243,2410
46530,72105,20188,34670,16397,51917,4654,2243,2411
46535,72111,20188,34671,16397,51923,4654,2243,2411
46540,72122,20190,34677,16398,51928,4655,2243,2412
46545,72126,20194,34680,16402,51930,4655,2243,2412
46550,72136,20200,34684,16406,51936,4656,2244,2412
46555,72142,20200,34685,16406,51941,4656,2244,2412
46560,72153,20202,34689,16408,51950,4657,2244,2413
46565,72157,20205,34693,16411,51950,4657,2244,2413
46570,72167,20211,34698,16415,51956,4658,2245,2413
46575,72173,20211,34700,16415,51960,4658,2245,2413
46580,72184,20216,34707,16420,51965,4659,2246,2413
46585,72188,20219,34708,16423,51969,4659,2246,2413
46590,72198,20222,34714,16426,51976,4660,2247,2413
46595,72204,20222,34717,16426,51981,4660,2247,2413
46600,72215,20224,34722,16427,51991,4661,2248,2413
46605,72219,20225,34723,16428,51994,4661,2248,2413
46610,72229,20228,34728,16431,52001,4662,2248,2414
46615,72235,20228,34730,16431,52007,4662,2248,2414
46620,72246,20230,34736,16433,52015,4663,2249,2414
46625,72250,20231,34738,16434,52018,4663,2249,2414
46630,72260,20232,34744,16434,52027,4664,2250,2414
46635,72266,20235,34747,16437,52030,4664,2250,2414
46640,72277,20235,34752,16437,52040,4665,2250,2415
46645,72281,20236,34755,16438,52045,4665,2250,2415
46650,72291,20237,34758,16439,52054,4666,2250,2416
46655,72297,20238,34763,16440,52058,4666,2250,2416
46660,72308,20239,34770,16441,52067,4667,2250,2417
46665,72312,20240,34774,16442,52071,4667,2250,2417
46670,72322,20242,34782,16444,52079,4668,2251,2417
46675,72328,20244,34783,16445,52083,4668,2251,2417
46680,72339,20245,34788,16446,52092,4669,2251,2418
46685,72343,20246,34788,16447,52097,4669,2251,2418
46690,72353,20248,34793,16449,52105,4670,2251,2419
46695,72359,20249,34794,16449,52110,4670,2251,2419
46700,72370,20249,34799,16449,52118,4671,2251,2420
46705,72374,20251,34803,16451,52122,4671,2251,2420
46710,72384,20253,34810,16452,52130,4672,2252,2420
46715,72390,20256,34813,16455,52133,4672,2252,2420
46720,72401,20258,34818,16457,52141,4673,2253,2420
46725,72405,20259,34820,16458,52145,4673,2253,2420
46730,72415,20264,34825,16461,52151,4674,2253,2421
46735,72421,20266,34828,16462,52154,4674,2253,2421
46740,72432,20271,34834,16467,52159,4675,2253,2422
46745,72436,20273,34835,16469,52162,4675,2253,2422
46750,72446,20277,34840,16472,52169,4676,2254,2422
46755,72452,20278,34842,16472,52173,4676,2254,2422
46760,72463,20282,34849,16475,52177,4677,2255,2422
46765,72467,20287,34851,16480,52179,4677,2255,2422
46770,72477,20292,34858,16484,52185,4678,2256,2422
46775,72483,20294,34862,16486,52188,4678,2256,2422
46780,72494,20298,34867,16490,52194,4679,2256,2423
46785,72498,20300,34869,16492,52197,4679,2256,2423
46790,72508,20305,34874,16495,52203,4680,2257,2423
46795,72514,20306,34878,16495,52207,4680,2257,2423
46800,72525,20311,34886,16499,52210,4681,2258,2423
46805,72529,20315,34888,16503,52214,4681,2258,2423
46810,72539,20319,34894,16506,52220,4682,2259,2423
46815,72545,20321,34896,16507,52223,4682,2259,2423
46820,72556,20326,34902,16511,52227,4683,2259,2424
46825,72560,20328,34904,16513,52231,4683,2259,2424
46830,72570,20331,34907,16515,52238,4684,2259,2425
46835,72576,20334,34911,16518,52241,4684,2259,2425
46840,72587,20336,34914,16519,52248,4685,2259,2426
46845,72591,20339,34915,16522,52251,4685,2259,2426
46850,72601,20342,34919,16524,52259,4686,2260,2426
46855,72607,20344,34923,16526,52261,4686,2260,2426
46860,72618,20345,34927,16527,52272,4687,2260,2427
46865,72622,20347,34928,16529,52275,4687,2260,2427
46870,72632,20350,34931,16531,52282,4688,2260,2428
46875,72638,20350,34935,16531,52286,4688,2260,2428
46880,72649,20352,34942,16533,52296,4689,2261,2428
46885,72653,20353,34944,16534,52300,4689,2261,2428
46890,72663,20356,34949,16536,52307,4690,2262,2428
46895,72669,20356,34953,16536,52312,4690,2262,2428
46900,72680,20357,34955,16536,52322,4691,2262,2429
46905,72684,20358,34958,16537,52325,4691,2262,2429
46910,72694,20360,34965,16539,52334,4692,2263,2429
46915,72700,20360,34969,16539,52340,4692,2263,2429
46920,72711,20362,34976,16540,52348,4693,2264,2429
46925,72715,20362,34978,16540,52352,4693,2264,2429
46930,72725,20363,34985,16540,52362,4694,2265,2429
46935,72731,20363,34988,16540,52367,4694,2265,2429
46940,72742,20363,34996,16540,52377,4695,2265,2430
46945,72746,20363,34999,16540,52382,4695,2265,2430
46950,72756,20364,35004,16540,52392,4696,2265,2431
46955,72762,20364,35006,16540,52397,4696,2265,2431
46960,72773,20366,35012,16542,52404,4697,2266,2431
46965,72777,20367,35015,16543,52409,4697,2266,2431
46970,72787,20369,35024,16545,52418,4698,2267,2431
46975,72793,20370,35027,16546,52422,4698,2267,2431
46980,72804,20372,35034,16548,52429,4699,2268,2431
46985,72808,20373,35037,16549,52435,4699,2268,2431
46990,72818,20375,35040,16549,52443,4700,2269,2431
46995,72824,20376,35042,16549,52447,4700,2269,2431
47000,72835,20378,35048,16551,52454,4701,2270,2431
47005,72839,20379,35051,16552,52460,4701,2270,2431
47010,72849,20381,35056,16553,52468,4702,2271,2431
47015,72855,20382,35058,16554,52473,4702,2271,2431
47020,72866,20384,35063,16556,52480,4703,2271,2432
47025,72870,20384,35065,16556,52486,4703,2271,2432
47030,72880,20388,35070,16559,52492,4704,2271,2433
47035,72886,20389,35071,16559,52496,4704,2271,2433
47040,72897,20394,35077,16563,52500,4705,2271,2434
47045,72901,20396,35079,16565,52505,4705,2271,2434
47050,72911,20400,35084,16567,52511,4706,2272,2434
47055,72917,20402,35088,16568,52514,4706,2272,2434
47060,72928,20407,35096,16573,52518,4707,2273,2434
47065,72932,20410,35098,16576,52521,4707,2273,2434
47070,72942,20413,35101,16578,52529,4708,2273,2435
47075,72948,20414,35103,16579,52534,4708,2273,2435
47080,72959,20416,35107,16580,52540,4709,2273,2436
47085,72963,20420,35109,16584,52542,4709,2273,2436
47090,72973,20424,35111,16587,52549,4710,2273,2437
47095,72979,20426,35116,16589,52550,4710,2273,2437
47100,72990,20432,35122,16594,52554,4711,2273,2438
47105,72994,20435,35123,16597,52559,4711,2273,2438
47110,73004,20438,35129,16600,52566,4712,2274,2438
47115,73010,20439,35129,16600,52571,4712,2274,2438
47120,73021,20440,35135,16601,52577,4713,2275,2438
47125,73025,20443,35136,16604,52582,4713,2275,2438
47130,73035,20446,35140,16606,52588,4714,2276,2438
47135,73041,20449,35144,16609,52590,4714,2276,2438
47140,73052,20450,35152,16610,52598,4715,2277,2438
47145,73056,20454,35155,16614,52601,4715,2277,2438
47150,73066,20457,35159,16616,52609,4716,2277,2439
47155,73072,20458,35162,16616,52612,4716,2277,2439
47160,73083,20460,35165,16618,52622,4717,2277,2440
47165,73087,20461,35165,16619,52626,4717,2277,2440
47170,73097,20465,35172,16623,52631,4718,2277,2441
47175,73103,20467,35174,16624,52635,4718,2277,2441
47180,73114,20467,35179,16624,52645,4719,2277,2442
47185,73118,20467,35180,16624,52651,4719,2277,2442
47190,73128,20468,35186,16624,52660,4720,2278,2442
47195,73134,20469,35189,16624,52665,4720,2278,2442
47200,73145,20469,35194,16624,52674,4721,2278,2443
47205,73149,20470,35196,16625,52679,4721,2278,2443
47210,73159,20472,35200,16627,52686,4722,2278,2444
47215,73165,20475,35204,16630,52690,4722,2278,2444
47220,73176,20477,35211,16632,52697,4723,2279,2444
47225,73180,20478,35213,16633,52702,4723,2279,2444
47230,73190,20480,35216,16633,52709,4724,2279,2445
47235,73196,20483,35219,16636,52713,4724,2279,2445
47240,73207,20484,35226,16637,52719,4725,2279,2446
47245,73211,20486,35227,16639,52725,4725,2279,2446
47250,73221,20489,35231,16640,52732,4726,2280,2446
47255,73227,20490,35234,16641,52737,4726,2280,2446
47260,73238,20490,35239,16641,52745,4727,2281,2446
47265,73242,20492,35241,16643,52750,4727,2281,2446
47270,73252,20494,35247,16645,52758,4728,2282,2446
47275,73258,20495,35248,16645,52763,4728,2282,2446
47280,73269,20498,35254,16647,52768,4729,2283,2446
47285,73273,20502,35256,16651,52771,4729,2283,2446
47290,73283,20506,35262,16654,52777,4730,2283,2447
47295,73289,20508,35265,16655,52780,4730,2283,2447
47300,73300,20511,35268,16657,52786,4731,2283,2448
47305,73304,20513,35270,16659,52790,4731,2283,2448
47310,73314,20520,35276,16665,52794,4732,2284,2448
47315,73320,20523,35279,16667,52797,4732,2284,2448
47320,73331,20526,35283,16669,52803,4733,2284,2449
47325,73335,20528,35286,16671,52806,4733,2284,2449
47330,73345,20533,35292,16676,52811,4734,2285,2449
47335,73351,20535,35294,16678,52816,4734,2285,2449
47340,73362,20538,35301,16681,52822,4735,2286,2449
47345,73366,20541,35303,16684,52825,4735,2286,2449
47350,73376,20545,35307,16687,52831,4736,2287,2449
47355,73382,20546,35308,16688,52836,4736,2287,2449
47360,73393,20551,35316,16693,52839,4737,2288,2449
47365,73397,20554,35318,16696,52843,4737,2288,2449
47370,73407,20558,35321,16699,52849,4738,2288,2450
47375,73413,20560,35324,16701,52853,4738,2288,2450
47380,73424,20561,35328,16701,52859,4739,2288,2451
47385,73428,20564,35329,16704,52863,4739,2288,2451
47390,73438,20568,35333,16706,52869,4740,2289,2451
47395,73444,20572,35338,16710,52870,4740,2289,2451
47400,73455,20574,35343,16712,52877,4741,2289,2452
47405,73459,20576,35345,16714,52882,4741,2289,2452
47410,73469,20579,35350,16717,52890,4742,2290,2452
47415,73475,20580,35354,16718,52893,4742,2290,2452
47420,73486,20582,35359,16719,52901,4743,2290,2453
47425,73490,20586,35362,16723,52904,4743,2290,2453
47430,73500,20588,35367,16725,52912,4744,2290,2454
47435,73506,20590,35371,16727,52916,4744,2290,2454
47440,73517,20591,35376,16728,52925,4745,2291,2454
47445,73521,20592,35378,16729,52929,4745,2291,2454
47450,73531,20594,35382,16730,52937,4746,2291,2455
47455,73537,20596,35386,16731,52940,4746,2291,2455
47460,73548,20599,35396,16734,52946,4747,2292,2455
47465,73552,20600,35399,16735,52952,4747,2292,2455
47470,73562,20602,35404,16736,52960,4748,2293,2455
47475,73568,20604,35405,16737,52964,4748,2293,2455
47480,73579,20604,35412,16737,52973,4749,2294,2455
47485,73583,20604,35414,16737,52979,4749,2294,2455
47490,73593,20605,35419,16738,52988,4750,2294,2456
47495,73599,20605,35422,16738,52993,4750,2294,2456
47500,73610,20605,35428,16738,53003,4751,2295,2456
47505,73614,20605,35430,16738,53009,4751,2295,2456
47510,73624,20607,35436,16739,53017,4752,2296,2456
47515,73630,20607,35438,16739,53023,4752,2296,2456
47520,73641,20608,35446,16740,53031,4753,2297,2456
47525,73645,20609,35449,16741,53035,4753,2297,2456
47530,73655,20611,35452,16741,53044,4754,2298,2456
47535,73661,20611,35457,16741,53050,4754,2298,2456
47540,73672,20612,35463,16742,53058,4755,2299,2456
47545,73676,20612,35465,16742,53064,4755,2299,2456
47550,73686,20614,35471,16743,53072,4756,2299,2457
47555,73692,20614,35471,16743,53078,4756,2299,2457
47560,73703,20616,35475,16745,53086,4757,2299,2458
47565,73707,20617,35476,16746,53090,4757,2299,2458
47570,73717,20619,35480,16748,53098,4758,2299,2459
47575,73723,20619,35482,16748,53104,4758,2299,2459
47580,73734,20622,35487,16751,53110,4759,2300,2459
47585,73738,20624,35490,16753,53113,4759,2300,2459
47590,73748,20627,35493,16755,53120,4760,2300,2460
47595,73754,20630,35498,16758,53123,4760,2300,2460
47600,73765,20633,35501,16760,53130,4761,2300,2461
47605,73769,20634,35502,16761,53134,4761,2300,2461
47610,73779,20637,35505,16763,53142,4762,2301,2461
47615,73785,20639,35508,16764,53146,4762,2301,2461
47620,73796,20643,35514,16768,53150,4763,2301,2462
47625,73800,20646,35517,16771,53153,4763,2301,2462
47630,73810,20651,35523,16776,53158,4764,2301,2463
47635,73816,20654,35526,16779,53162,4764,2301,2463
47640,73827,20656,35531,16781,53169,4765,2302,2463
47645,73831,20660,35535,16785,53169,4765,2302,2463
47650,73841,20667,35539,16790,53174,4766,2303,2463
47655,73847,20669,35542,16791,53176,4766,2303,2463
47660,73858,20673,35546,16795,53182,4767,2303,2464
47665,73862,20675,35546,16797,53187,4767,2303,2464
47670,73872,20676,35548,16797,53196,4768,2303,2465
47675,73878,20678,35553,16799,53198,4768,2303,2465
47680,73889,20680,35561,16801,53206,4769,2304,2465
47685,73893,20683,35563,16804,53209,4769,2304,2465
47690,73903,20685,35566,16805,53218,4770,2305,2465
47695,73909,20687,35570,16807,53221,4770,2305,2465
47700,73920,20689,35575,16809,53229,4771,2306,2465
47705,73924,20689,35577,16809,53235,4771,2306,2465
47710,73934,20691,35583,16811,53242,4772,2307,2465
47715,73940,20693,35585,16813,53247,4772,2307,2465
47720,73951,20696,35589,16815,53253,4773,2308,2465
47725,73955,20697,35590,16816,53258,4773,2308,2465
47730,73965,20699,35594,16817,53266,4774,2308,2466
47735,73971,20701,35596,16819,53270,4774,2308,2466
47740,73982,20703,35601,16820,53276,4775,2308,2467
47745,73986,20706,35604,16823,53279,4775,2308,2467
47750,73996,20710,35610,16827,53285,4776,2308,2468
47755,74002,20713,35614,16829,53289,4776,2308,2468
47760,74013,20715,35617,16830,53297,4777,2308,2469
47765,74017,20717,35619,16832,53300,4777,2308,2469
47770,74027,20721,35625,16835,53305,4778,2309,2469
47775,74033,20724,35629,16837,53307,4778,2309,2469
47780,74044,20727,35636,16840,53313,4779,2310,2469
47785,74048,20731,35638,16844,53316,4779,2310,2469
47790,74058,20734,35641,16846,53323,4780,2310,2470
47795,74064,20736,35644,16847,53326,4780,2310,2470
47800,74075,20741,35651,16852,53330,4781,2310,2471
47805,74079,20744,35653,16855,53335,4781,2310,2471
47810,74089,20746,35660,16856,53342,4782,2310,2472
47815,74095,20748,35660,16857,53347,4782,2310,2472
47820,74106,20751,35665,16860,53354,4783,2310,2473
47825,74110,20752,35666,16861,53358,4783,2310,2473
47830,74120,20754,35671,16863,53366,4784,2311,2473
47835,74126,20754,35674,16863,53371,4784,2311,2473
47840,74137,20755,35677,16864,53380,4785,2311,2474
47845,74141,20756,35678,16865,53385,4785,2311,2474
47850,74151,20758,35683,16867,53393,4786,2311,2475
47855,74157,20758,35686,16867,53399,4786,2311,2475
47860,74168,20758,35693,16867,53407,4787,2312,2475
47865,74172,20760,35695,16869,53412,4787,2312,2475
47870,74182,20762,35700,16871,53420,4788,2312,2476
47875,74188,20762,35704,16871,53425,4788,2312,2476
47880,74199,20764,35709,16873,53432,4789,2312,2477
47885,74203,20765,35710,16874,53438,4789,2312,2477
47890,74213,20767,35712,16874,53446,4790,2313,2477
47895,74219,20767,35716,16874,53452,4790,2313,2477
47900,74230,20767,35719,16874,53462,4791,2314,2477
47905,74234,20768,35721,16875,53466,4791,2314,2477
47910,74244,20771,35726,16876,53473,4792,2315,2477
47915,74250,20771,35726,16876,53479,4792,2315,2477
47920,74261,20774,35732,16879,53485,4793,2315,2478
47925,74265,20775,35733,16880,53489,4793,2315,2478
47930,74275,20781,35738,16886,53494,4794,2315,2479
47935,74281,20783,35740,16887,53497,4794,2315,2479
47940,74292,20788,35746,16891,53501,4795,2315,2480
47945,74296,20792,35748,16895,53503,4795,2315,2480
47950,74306,20795,35749,16896,53511,4796,2315,2481
47955,74312,20796,35750,16896,53515,4796,2315,2481
47960,74323,20801,35756,16900,53521,4797,2315,2482
47965,74327,20802,35757,16901,53525,4797,2315,2482
47970,74337,20805,35761,16903,53532,4798,2315,2483
47975,74343,20806,35764,16904,53537,4798,2315,2483
47980,74354,20809,35771,16906,53544,4799,2316,2483
47985,74358,20811,35774,16908,53546,4799,2316,2483
47990,74368,20814,35780,16911,53554,4800,2317,2483
47995,74374,20815,35784,16911,53557,4800,2317,2483
48000,74385,20817,35791,16912,53565,4801,2318,2483
48005,74389,20819,35793,16914,53569,4801,2318,2483
48010,74399,20821,35796,16915,53578,4802,2318,2484
48015,74405,20822,35800,16915,53581,4802,2318,2484
48020,74416,20825,35805,16918,53590,4803,2318,2485
48025,74420,20826,35807,16919,53594,4803,2318,2485
48030,74430,20828,35812,16921,53602,4804,2318,2486
48035,74436,20829,35816,16922,53606,4804,2318,2486
48040,74447,20832,35822,16924,53613,4805,2319,2486
48045,74451,20833,35825,16925,53618,4805,2319,2486
48050,74461,20835,35833,16927,53625,4806,2320,2486
48055,74467,20837,35835,16929,53630,4806,2320,2486
48060,74478,20838,35840,16930,53639,4807,2320,2487
48065,74482,20838,35844,16930,53643,4807,2320,2487
48070,74492,20841,35851,16932,53650,4808,2320,2488
48075,74498,20843,35852,16933,53655,4808,2320,2488
48080,74509,20843,35857,16933,53664,4809,2320,2489
48085,74513,20844,35859,16934,53669,4809,2320,2489
48090,74523,20846,35867,16936,53676,4810,2321,2489
48095,74529,20848,35869,16937,53680,4810,2321,2489
48100,74540,20849,35874,16938,53688,4811,2321,2490
48105,74544,20850,35877,16939,53694,4811,2321,2490
48110,74554,20853,35880,16940,53701,4812,2321,2491
48115,74560,20855,35882,16941,53705,4812,2321,2491
48120,74571,20856,35886,16942,53714,4813,2321,2492
48125,74575,20856,35888,16942,53719,4813,2321,2492
48130,74585,20858,35893,16944,53727,4814,2322,2492
48135,74591,20859,35896,16945,53732,4814,2322,2492
48140,74602,20859,35900,16945,53740,4815,2322,2493
48145,74606,20860,35900,16946,53746,4815,2322,2493
48150,74616,20864,35906,16948,53752,4816,2323,2493
48155,74622,20865,35908,16949,53757,4816,2323,2493
48160,74633,20869,35913,16952,53762,4817,2323,2494
48165,74637,20871,35916,16954,53765,4817,2323,2494
48170,74647,20875,35919,16956,53771,4818,2324,2494
48175,74653,20877,35922,16958,53776,4818,2324,2494
48180,74664,20881,35929,16961,53780,4819,2325,2494
48185,74668,20885,35932,16965,53781,4819,2325,2494
48190,74678,20890,35937,16970,53787,4820,2326,2494
48195,74684,20894,35941,16973,53788,4820,2326,2494
48200,74695,20898,35945,16976,53794,4821,2326,2495
48205,74699,20903,35949,16981,53794,4821,2326,2495
48210,74709,20911,35954,16987,53798,4822,2327,2495
48215,74715,20913,35958,16988,53799,4822,2327,2495
48220,74726,20919,35964,16994,53805,4823,2328,2495
48225,74730,20921,35965,16996,53808,4823,2328,2495
48230,74740,20928,35971,17001,53811,4824,2329,2495
48235,74746,20930,35973,17002,53814,4824,2329,2495
48240,74757,20933,35977,17004,53823,4825,2329,2496
48245,74761,20935,35979,17006,53826,4825,2329,2496
48250,74771,20937,35984,17007,53834,4826,2330,2496
48255,74777,20938,35987,17008,53839,4826,2330,2496
48260,74788,20940,35991,17010,53848,4827,2330,2497
48265,74792,20940,35993,17010,53851,4827,2330,2497
48270,74802,20942,35999,17012,53859,4828,2331,2497
48275,74808,20944,36002,17013,53864,4828,2331,2497
48280,74819,20946,36008,17015,53871,4829,2331,2498
48285,74823,20948,36010,17017,53875,4829,2331,2498
48290,74833,20950,36015,17019,53882,4830,2331,2499
48295,74839,20953,36018,17021,53886,4830,2331,2499
48300,74850,20955,36021,17023,53895,4831,2331,2500
48305,74854,20955,36022,17023,53899,4831,2331,2500
48310,74864,20958,36028,17025,53905,4832,2331,2501
48315,74870,20960,36031,17027,53910,4832,2331,2501
48320,74881,20962,36037,17029,53916,4833,2331,2502
48325,74885,20964,36040,17031,53921,4833,2331,2502
48330,74895,20965,36042,17032,53930,4834,2331,2503
48335,74901,20967,36043,17033,53934,4834,2331,2503
48340,74912,20969,36047,17034,53942,4835,2332,2503
48345,74916,20971,36050,17036,53944,4835,2332,2503
48350,74926,20976,36057,17040,53949,4836,2332,2504
48355,74932,20979,36061,17043,53952,4836,2332,2504
48360,74943,20983,36065,17046,53959,4837,2333,2504
48365,74947,20985,36068,17048,53962,4837,2333,2504
48370,74957,20987,36074,17048,53969,4838,2333,2505
48375,74963,20990,36077,17050,53972,4838,2333,2505
48380,74974,20991,36083,17051,53980,4839,2334,2505
48385,74978,20993,36085,17053,53983,4839,2334,2505
48390,74988,20999,36090,17057,53989,4840,2334,2506
48395,74994,20999,36091,17057,53994,4840,2334,2506
48400,75005,21000,36096,17058,54003,4841,2335,2506
48405,75009,21002,36098,17060,54007,4841,2335,2506
48410,75019,21005,36104,17063,54014,4842,2335,2507
48415,75025,21006,36107,17064,54019,4842,2335,2507
48420,75036,21008,36112,17066,54028,4843,2335,2508
48425,75040,21009,36114,17067,54031,4843,2335,2508
48430,75050,21010,36119,17068,54040,4844,2336,2508
48435,75056,21010,36123,17068,54044,4844,2336,2508
48440,75067,21010,36130,17068,54055,4845,2336,2509
48445,75071,21010,36130,17068,54061,4845,2336,2509
48450,75081,21011,36134,17068,54070,4846,2337,2509
48455,75087,21011,36137,17068,54074,4846,2337,2509
48460,75098,21011,36144,17068,54085,4847,2338,2509
48465,75102,21011,36146,17068,54090,4847,2338,2509
48470,75112,21013,36151,17069,54099,4848,2338,2510
48475,75118,21013,36153,17069,54105,4848,2338,2510
48480,75129,21014,36157,17069,54113,4849,2339,2510
48485,75133,21016,36158,17071,54117,4849,2339,2510
48490,75143,21019,36163,17073,54123,4850,2339,2511
48495,75149,21022,36167,17076,54127,4850,2339,2511
48500,75160,21024,36173,17078,54134,4851,2340,2511
48505,75164,21026,36175,17080,54137,4851,2340,2511
48510,75174,21028,36177,17081,54146,4852,2340,2512
48515,75180,21030,36180,17082,54150,4852,2340,2512
48520,75191,21033,36187,17085,54158,4853,2341,2512
48525,75195,21033,36189,17085,54161,4853,2341,2512
48530,75205,21035,36194,17086,54170,4854,2341,2513
48535,75211,21037,36197,17087,54174,4854,2341,2513
48540,75222,21040,36203,17090,54181,4855,2342,2513
48545,75226,21041,36205,17091,54185,4855,2342,2513
48550,75236,21043,36208,17091,54192,4856,2342,2514
48555,75242,21046,36212,17094,54196,4856,2342,2514
48560,75253,21048,36217,17096,54203,4857,2343,2514
48565,75257,21049,36218,17097,54208,4857,2343,2514
48570,75267,21053,36222,17100,54214,4858,2343,2515
48575,75273,21055,36227,17102,54218,4858,2343,2515
48580,75284,21059,36236,17105,54220,4859,2344,2515
48585,75288,21065,36240,17111,54222,4859,2344,2515
48590,75298,21070,36246,17116,54228,4860,2344,2516
48595,75304,21072,36249,17118,54231,4860,2344,2516
48600,75315,21076,36252,17121,54238,4861,2344,2517
48605,75319,21079,36255,17124,54239,4861,2344,2517
48610,75329,21084,36261,17128,54245,4862,2345,2517
48615,75335,21085,36266,17129,54249,4862,2345,2517
48620,75346,21088,36271,17132,54255,4863,2345,2518
48625,75350,21092,36274,17136,54257,4863,2345,2518
48630,75360,21097,36279,17140,54263,4864,2345,2519
48635,75366,21099,36283,17142,54265,4864,2345,2519
48640,75377,21104,36290,17146,54269,4865,2345,2520
48645,75381,21109,36291,17151,54272,4865,2345,2520
48650,75391,21114,36297,17155,54277,4866,2346,2520
48655,75397,21114,36299,17155,54282,4866,2346,2520
48660,75408,21118,36304,17158,54290,4867,2347,2520
48665,75412,21118,36306,17158,54292,4867,2347,2520
48670,75422,21120,36310,17159,54302,4868,2348,2520
48675,75428,21120,36312,17159,54308,4868,2348,2520
48680,75439,21120,36318,17159,54318,4869,2348,2521
48685,75443,21120,36321,17159,54322,4869,2348,2521
48690,75453,21121,36325,17159,54332,4870,2349,2521
48695,75459,21121,36327,17159,54338,4870,2349,2521
48700,75470,21121,36332,17159,54347,4871,2350,2521
48705,75474,21121,36334,17159,54352,4871,2350,2521
48710,75484,21122,36337,17160,54362,4872,2350,2522
48715,75490,21122,36338,17160,54368,4872,2350,2522
48720,75501,21122,36347,17160,54377,4873,2351,2522
48725,75505,21122,36347,17160,54383,4873,2351,2522
48730,75515,21123,36351,17160,54392,4874,2351,2523
48735,75521,21123,36353,17160,54398,4874,2351,2523
48740,75532,21123,36357,17160,54407,4875,2351,2524
48745,75536,21123,36358,17160,54413,4875,2351,2524
48750,75546,21124,36365,17161,54422,4876,2351,2525
48755,75552,21125,36368,17161,54426,4876,2351,2525
48760,75563,21126,36373,17162,54437,4877,2351,2526
48765,75567,21126,36377,17162,54440,4877,2351,2526
48770,75577,21129,36383,17164,54448,4878,2352,2526
48775,75583,21130,36386,17164,54452,4878,2352,2526
48780,75594,21134,36390,17168,54459,4879,2352,2527
48785,75598,21134,36393,17168,54464,4879,2352,2527
48790,75608,21139,36398,17171,54469,4880,2353,2527
48795,75614,21140,36399,17171,54474,4880,2353,2527
48800,75625,21142,36406,17172,54478,4881,2354,2527
48805,75629,21147,36407,17177,54482,4881,2354,2527
48810,75639,21150,36412,17179,54488,4882,2355,2527
48815,75645,21153,36415,17182,54492,4882,2355,2527
48820,75656,21154,36420,17183,54498,4883,2355,2528
48825,75660,21157,36421,17186,54503,4883,2355,2528
48830,75670,21159,36424,17187,54511,4884,2356,2528
48835,75676,21161,36428,17189,54514,4884,2356,2528
48840,75687,21166,36434,17193,54518,4885,2356,2529
48845,75691,21171,36436,17198,54520,4885,2356,2529
48850,75701,21175,36440,17200,54526,4886,2356,2530
48855,75707,21176,36440,17200,54531,4886,2356,2530
48860,75718,21180,36443,17203,54538,4887,2356,2531
48865,75722,21182,36447,17205,54539,4887,2356,2531
48870,75732,21187,36452,17208,54544,4888,2357,2531
48875,75738,21190,36456,17210,54546,4888,2357,2531
48880,75749,21195,36461,17215,54553,4889,2358,2531
48885,75753,21198,36464,17218,54554,4889,2358,2531
48890,75763,21204,36468,17222,54558,4890,2358,2532
48895,75769,21207,36470,17224,54561,4890,2358,2532
48900,75780,21211,36477,17228,54566,4891,2359,2532
48905,75784,21215,36480,17232,54568,4891,2359,2532
48910,75794,21219,36486,17235,54575,4892,2360,2532
48915,75800,21220,36489,17236,54580,4892,2360,2532
48920,75811,21223,36496,17238,54585,4893,2361,2532
48925,75815,21226,36498,17241,54588,4893,2361,2532
48930,75825,21229,36503,17243,54596,4894,2362,2532
48935,75831,21230,36506,17244,54601,4894,2362,2532
48940,75842,21230,36508,17244,54611,4895,2362,2533
48945,75846,21231,36509,17245,54615,4895,2362,2533
48950,75856,21232,36514,17245,54623,4896,2362,2534
48955,75862,21234,36516,17247,54628,4896,2362,2534
48960,75873,21234,36523,17247,54637,4897,2363,2534
48965,75877,21234,36524,17247,54643,4897,2363,2534
48970,75887,21235,36527,17247,54652,4898,2364,2534
48975,75893,21236,36529,17248,54656,4898,2364,2534
48980,75904,21237,36533,17249,54666,4899,2364,2535
48985,75908,21237,36535,17249,54670,4899,2364,2535
48990,75918,21239,36539,17250,54679,4900,2364,2536
48995,75924,21240,36541,17250,54684,4900,2364,2536
49000,75935,21241,36544,17251,54694,4901,2364,2537
49005,75939,21241,36547,17251,54697,4901,2364,2537
49010,75949,21244,36552,17253,54704,4902,2364,2538
49015,75955,21246,36555,17255,54707,4902,2364,2538
49020,75966,21248,36558,17257,54717,4903,2364,2539
49025,75970,21249,36560,17258,54720,4903,2364,2539
49030,75980,21252,36565,17260,54728,4904,2365,2539
49035,75986,21253,36568,17260,54732,4904,2365,2539
49040,75997,21257,36575,17264,54738,4905,2366,2539
49045,76001,21260,36578,17267,54741,4905,2366,2539
49050,76011,21265,36583,17271,54746,4906,2367,2539
49055,76017,21267,36584,17272,54750,4906,2367,2539
49060,76028,21269,36588,17273,54759,4907,2368,2539
49065,76032,21269,36589,17273,54763,4907,2368,2539
49070,76042,21272,36591,17274,54770,4908,2368,2540
49075,76048,21272,36592,17274,54776,4908,2368,2540
49080,76059,21273,36596,17274,54784,4909,2369,2540
49085,76063,21276,36597,17277,54787,4909,2369,2540
49090,76073,21281,36601,17280,54792,4910,2370,2540
49095,76079,21281,36604,17280,54797,4910,2370,2540
49100,76090,21284,36608,17283,54804,4911,2370,2541
49105,76094,21286,36610,17285,54807,4911,2370,2541
49110,76104,21289,36615,17287,54815,4912,2370,2542
49115,76110,21289,36619,17287,54821,4912,2370,2542
49120,76121,21291,36625,17288,54827,4913,2371,2542
49125,76125,21295,36628,17292,54829,4913,2371,2542
49130,76135,21298,36630,17293,54837,4914,2371,2543
49135,76141,21298,36633,17293,54843,4914,2371,2543
49140,76152,21300,36640,17295,54849,4915,2372,2543
49145,76156,21303,36642,17298,54852,4915,2372,2543
49150,76166,21306,36647,17301,54860,4916,2372,2544
49155,76172,21306,36649,17301,54865,4916,2372,2544
49160,76183,21310,36656,17305,54870,4917,2373,2544
49165,76187,21313,36658,17308,54874,4917,2373,2544
49170,76197,21316,36663,17311,54880,4918,2373,2545
49175,76203,21319,36665,17313,54884,4918,2373,2545
49180,76214,21322,36670,17316,54890,4919,2373,2546
49185,76218,21324,36670,17318,54894,4919,2373,2546
49190,76228,21326,36675,17320,54901,4920,2374,2546
49195,76234,21329,36680,17323,54902,4920,2374,2546
49200,76245,21335,36687,17328,54906,4921,2375,2546
49205,76249,21339,36689,17332,54909,4921,2375,2546
49210,76259,21341,36694,17334,54917,4922,2376,2546
49215,76265,21344,36698,17337,54920,4922,2376,2546
49220,76276,21345,36703,17338,54929,4923,2377,2546
49225,76280,21347,36705,17340,54933,4923,2377,2546
49230,76290,21348,36709,17341,54941,4924,2378,2546
49235,76296,21350,36710,17342,54945,4924,2378,2546
49240,76307,21352,36714,17344,54955,4925,2378,2547
49245,76311,21353,36715,17345,54958,4925,2378,2547
49250,76321,21355,36717,17346,54966,4926,2378,2548
49255,76327,21356,36721,17347,54971,4926,2378,2548
49260,76338,21358,36726,17348,54978,4927,2378,2549
49265,76342,21361,36728,17351,54981,4927,2378,2549
49270,76352,21364,36735,17353,54987,4928,2379,2549
49275,76358,21366,36737,17354,54991,4928,2379,2549
49280,76369,21368,36744,17355,54998,4929,2380,2549
49285,76373,21370,36747,17357,55003,4929,2380,2549
49290,76383,21371,36752,17358,55012,4930,2381,2549
49295,76389,21372,36755,17358,55016,4930,2381,2549
49300,76400,21372,36759,17358,55028,4931,2381,2550
49305,76404,21372,36761,17358,55032,4931,2381,2550
49310,76414,21374,36764,17360,55040,4932,2381,2551
49315,76420,21375,36764,17360,55045,4932,2381,2551
49320,76431,21376,36768,17361,55054,4933,2382,2551
49325,76435,21377,36769,17362,55057,4933,2382,2551
49330,76445,21383,36776,17367,55061,4934,2382,2552
49335,76451,21386,36778,17369,55065,4934,2382,2552
49340,76462,21387,36781,17370,55074,4935,2383,2552
49345,76466,21388,36783,17371,55077,4935,2383,2552
49350,76476,21391,36788,17372,55085,4936,2384,2552
49355,76482,21393,36792,17374,55087,4936,2384,2552
49360,76493,21396,36799,17377,55094,4937,2385,2552
49365,76497,21397,36800,17378,55100,4937,2385,2552
49370,76507,21399,36806,17378,55107,4938,2386,2552
49375,76513,21401,36809,17380,55111,4938,2386,2552
49380,76524,21403,36816,17382,55118,4939,2387,2552
49385,76528,21405,36819,17384,55122,4939,2387,2552
49390,76538,21408,36824,17386,55129,4940,2387,2553
49395,76544,21411,36827,17388,55132,4940,2387,2553
49400,76555,21413,36833,17389,55139,4941,2388,2553
49405,76559,21415,36834,17391,55144,4941,2388,2553
49410,76569,21418,36838,17393,55151,4942,2389,2553
49415,76575,21418,36842,17393,55155,4942,2389,2553
49420,76586,21421,36848,17395,55162,4943,2389,2554
49425,76590,21424,36851,17398,55165,4943,2389,2554
49430,76600,21428,36854,17400,55172,4944,2389,2555
49435,76606,21429,36856,17401,55176,4944,2389,2555
49440,76617,21431,36857,17402,55184,4945,2389,2556
49445,76621,21432,36859,17403,55188,4945,2389,2556
49450,76631,21435,36861,17405,55196,4946,2389,2557
49455,76637,21435,36863,17405,55202,4946,2389,2557
49460,76648,21437,36870,17406,55208,4947,2390,2557
49465,76652,21440,36871,17409,55212,4947,2390,2557
49470,76662,21443,36878,17412,55219,4948,2390,2558
49475,76668,21443,36881,17412,55224,4948,2390,2558
49480,76679,21446,36884,17414,55231,4949,2390,2559
49485,76683,21449,36888,17417,55233,4949,2390,2559
49490,76693,21454,36894,17420,55239,4950,2391,2559
49495,76699,21454,36896,17420,55244,4950,2391,2559
49500,76710,21458,36900,17423,55251,4951,2391,2560
49505,76714,21461,36902,17426,55253,4951,2391,2560
49510,76724,21465,36906,17428,55258,4952,2391,2561
49515,76730,21467,36910,17430,55262,4952,2391,2561
49520,76741,21471,36916,17433,55266,4953,2391,2562
49525,76745,21475,36919,17437,55269,4953,2391,2562
49530,76755,21480,36924,17441,55274,4954,2392,2562
49535,76761,21483,36927,17444,55278,4954,2392,2562
49540,76772,21485,36931,17446,55285,4955,2392,2563
49545,76776,21488,36934,17449,55286,4955,2392,2563
49550,76786,21490,36938,17451,55296,4956,2393,2563
49555,76792,21492,36943,17453,55299,4956,2393,2563
49560,76803,21493,36951,17454,55308,4957,2394,2563
49565,76807,21494,36953,17455,55313,4957,2394,2563
49570,76817,21495,36959,17455,55322,4958,2394,2564
49575,76823,21496,36963,17456,55326,4958,2394,2564
49580,76834,21496,36967,17456,55336,4959,2395,2564
49585,76838,21496,36970,17456,55341,4959,2395,2564
49590,76848,21497,36975,17456,55351,4960,2396,2564
49595,76854,21498,36980,17457,55354,4960,2396,2564
49600,76865,21499,36986,17458,55364,4961,2396,2565
49605,76869,21499,36986,17458,55370,4961,2396,2565
49610,76879,21500,36993,17459,55379,4962,2396,2566
49615,76885,21501,36996,17460,55383,4962,2396,2566
49620,76896,21501,37001,17460,55394,4963,2396,2567
49625,76900,21501,37003,17460,55398,4963,2396,2567
49630,76910,21502,37009,17461,55408,4964,2397,2567
49635,76916,21503,37011,17461,55413,4964,2397,2567
49640,76927,21503,37012,17461,55423,4965,2397,2568
49645,76931,21503,37015,17461,55427,4965,2397,2568
49650,76941,21506,37020,17463,55435,4966,2397,2569
49655,76947,21507,37024,17464,55439,4966,2397,2569
49660,76958,21510,37029,17467,55445,4967,2397,2570
49665,76962,21511,37031,17468,55450,4967,2397,2570
49670,76972,21514,37035,17470,55457,4968,2397,2571
49675,76978,21516,37037,17472,55461,4968,2397,2571
49680,76989,21518,37043,17473,55467,4969,2398,2571
49685,76993,21521,37047,17476,55472,4969,2398,2571
49690,77003,21523,37050,17477,55480,4970,2398,2572
49695,77009,21524,37052,17478,55485,4970,2398,2572
49700,77020,21527,37058,17481,55490,4971,2398,2573
49705,77024,21530,37060,17484,55494,4971,2398,2573
49710,77034,21533,37066,17486,55500,4972,2398,2574
49715,77040,21535,37068,17487,55505,4972,2398,2574
49720,77051,21538,37073,17490,55510,4973,2398,2575
49725,77055,21540,37073,17492,55515,4973,2398,2575
49730,77065,21543,37076,17494,55522,4974,2398,2576
49735,77071,21545,37077,17495,55526,4974,2398,2576
49740,77082,21547,37083,17497,55532,4975,2399,2576
49745,77086,21551,37084,17501,55535,4975,2399,2576
49750,77096,21554,37090,17504,55541,4976,2400,2576
49755,77102,21556,37094,17505,55545,4976,2400,2576
49760,77113,21559,37099,17507,55551,4977,2401,2576
49765,77117,21562,37101,17510,55554,4977,2401,2576
49770,77127,21566,37106,17512,55560,4978,2402,2576
49775,77133,21568,37108,17513,55564,4978,2402,2576
49780,77144,21573,37113,17517,55570,4979,2403,2576
49785,77148,21574,37115,17518,55572,4979,2403,2576
49790,77158,21582,37120,17524,55576,4980,2404,2576
49795,77164,21584,37122,17525,55579,4980,2404,2576
49800,77175,21589,37128,17530,55584,4981,2404,2577
49805,77179,21593,37132,17534,55584,4981,2404,2577
49810,77189,21597,37135,17537,55591,4982,2405,2577
49815,77195,21599,37137,17539,55596,4982,2405,2577
49820,77206,21600,37141,17540,55603,4983,2405,2578
49825,77210,21601,37143,17541,55608,4983,2405,2578
49830,77220,21603,37145,17542,55616,4984,2405,2579
49835,77226,21605,37146,17544,55621,4984,2405,2579
49840,77237,21606,37151,17545,55628,4985,2406,2579
49845,77241,21607,37152,17546,55634,4985,2406,2579
49850,77251,21610,37157,17549,55641,4986,2406,2580
49855,77257,21611,37158,17549,55646,4986,2406,2580
49860,77268,21613,37161,17551,55654,4987,2406,2581
49865,77272,21614,37162,17552,55658,4987,2406,2581
49870,77282,21616,37166,17553,55665,4988,2406,2582
49875,77288,21619,37169,17556,55668,4988,2406,2582
49880,77299,21621,37173,17558,55676,4989,2406,2583
49885,77303,21621,37173,17558,55682,4989,2406,2583
49890,77313,21625,37179,17561,55687,4990,2406,2584
49895,77319,21628,37182,17563,55690,4990,2406,2584
49900,77330,21631,37190,17566,55697,4991,2406,2585
49905,77334,21633,37191,17568,55701,4991,2406,2585
49910,77344,21636,37196,17570,55708,4992,2407,2585
49915,77350,21637,37198,17571,55712,4992,2407,2585
49920,77361,21637,37203,17571,55722,4993,2408,2585
49925,77365,21637,37206,17571,55727,4993,2408,2585
49930,77375,21639,37209,17572,55735,4994,2408,2586
49935,77381,21642,37213,17575,55738,4994,2408,2586
49940,77392,21643,37215,17576,55747,4995,2408,2587
49945,77396,21644,37218,17577,55751,4995,2408,2587
49950,77406,21647,37223,17578,55758,4996,2408,2588
49955,77412,21649,37228,17580,55762,4996,2408,2588
49960,77423,21651,37234,17582,55770,4997,2408,2589
49965,77427,21652,37236,17583,55775,4997,2408,2589
49970,77437,21654,37241,17584,55782,4998,2408,2590
49975,77443,21657,37243,17586,55786,4998,2408,2590
49980,77454,21659,37248,17588,55792,4999,2408,2591
49985,77458,21660,37250,17589,55798,4999,2408,2591
49990,77468,21662,37257,17590,55806,5000,2409,2591
49995,77474,21663,37258,17590,55811,5000,2409,2591
50000,77485,21663,37263,17590,55819,5001,2410,2591
50005,77489,21664,37264,17591,55825,5001,2410,2591
50010,77499,21666,37265,17592,55833,5002,2410,2592
50015,77505,21668,37269,17594,55836,5002,2410,2592
50020,77516,21671,37271,17597,55844,5003,2410,2593
50025,77520,21672,37273,17598,55847,5003,2410,2593
50030,77530,21676,37279,17602,55853,5004,2410,2594
50035,77536,21679,37285,17605,55856,5004,2410,2594
50040,77547,21684,37294,17610,55858,5005,2410,2595
50045,77551,21690,37296,17616,55861,5005,2410,2595
50050,77561,21693,37300,17618,55867,5006,2410,2596
50055,77567,21696,37303,17621,55871,5006,2410,2596
50060,77578,21700,37309,17624,55875,5007,2410,2597
50065,77582,21704,37311,17628,55877,5007,2410,2597
50070,77592,21711,37316,17634,55881,5008,2410,2598
50075,77598,21713,37318,17635,55884,5008,2410,2598
50080,77609,21717,37327,17639,55887,5009,2411,2598
50085,77613,21724,37331,17646,55887,5009,2411,2598
50090,77623,21731,37339,17652,55891,5010,2412,2598
50095,77629,21733,37341,17653,55895,5010,2412,2598
50100,77640,21736,37350,17656,55901,5011,2413,2598
50105,77644,21738,37354,17658,55905,5011,2413,2598
50110,77654,21739,37359,17659,55915,5012,2414,2598
50115,77660,21739,37362,17659,55920,5012,2414,2598
50120,77671,21739,37367,17659,55931,5013,2415,2598
50125,77675,21739,37367,17659,55936,5013,2415,2598
50130,77685,21740,37371,17659,55945,5014,2416,2598
50135,77691,21740,37375,17659,55950,5014,2416,2598
50140,77702,21740,37381,17659,55961,5015,2416,2599
50145,77706,21740,37382,17659,55966,5015,2416,2599
50150,77716,21741,37388,17659,55975,5016,2417,2599
50155,77722,21741,37392,17659,55981,5016,2417,2599
50160,77733,21741,37395,17659,55991,5017,2418,2599
50165,77737,21741,37399,17659,55995,5017,2418,2599
50170,77747,21742,37404,17660,56005,5018,2419,2599
50175,77753,21742,37410,17660,56010,5018,2419,2599
50180,77764,21742,37414,17660,56021,5019,2419,2600
50185,77768,21742,37417,17660,56025,5019,2419,2600
50190,77778,21743,37423,17660,56035,5020,2419,2601
50195,77784,21743,37427,17660,56041,5020,2419,2601
50200,77795,21744,37436,17661,56049,5021,2420,2601
50205,77799,21745,37439,17662,56054,5021,2420,2601
50210,77809,21747,37443,17662,56061,5022,2421,2601
50215,77815,21749,37445,17664,56066,5022,2421,2601
50220,77826,21751,37449,17665,56074,5023,2422,2601
50225,77830,21752,37450,17666,56077,5023,2422,2601
50230,77840,21757,37457,17670,56082,5024,2422,2602
50235,77846,21759,37461,17672,56086,5024,2422,2602
50240,77857,21763,37463,17675,56093,5025,2422,2603
50245,77861,21763,37463,17675,56098,5025,2422,2603
50250,77871,21766,37468,17677,56104,5026,2422,2604
50255,77877,21769,37471,17680,56108,5026,2422,2604
50260,77888,21771,37475,17681,56114,5027,2422,2605
50265,77892,21774,37476,17684,56118,5027,2422,2605
50270,77902,21776,37477,17684,56126,5028,2422,2606
50275,77908,21777,37480,17685,56130,5028,2422,2606
50280,77919,21780,37485,17687,56135,5029,2422,2607
50285,77923,21784,37487,17691,56139,5029,2422,2607
50290,77933,21786,37488,17692,56147,5030,2422,2608
50295,77939,21787,37489,17693,56152,5030,2422,2608
50300,77950,21789,37492,17695,56159,5031,2422,2609
50305,77954,21791,37493,17697,56163,5031,2422,2609
50310,77964,21797,37500,17703,56166,5032,2422,2610
50315,77970,21800,37502,17705,56169,5032,2422,2610
50320,77981,21804,37506,17709,56175,5033,2422,2611
50325,77985,21805,37506,17710,56180,5033,2422,2611
50330,77995,21810,37511,17714,56184,5034,2422,2612
50335,78001,21813,37514,17716,56186,5034,2422,2612
50340,78012,21819,37519,17722,56191,5035,2422,2613
50345,78016,21822,37521,17725,56194,5035,2422,2613
50350,78026,21827,37526,17729,56198,5036,2422,2614
50355,78032,21830,37528,17731,56201,5036,2422,2614
50360,78043,21834,37533,17734,56206,5037,2423,2614
50365,78047,21837,37535,17737,56210,5037,2423,2614
50370,78057,21840,37539,17740,56216,5038,2423,2615
50375,78063,21842,37541,17741,56220,5038,2423,2615
50380,78074,21844,37546,17742,56229,5039,2424,2615
50385,78078,21845,37547,17743,56232,5039,2424,2615
50390,78088,21847,37549,17744,56241,5040,2424,2616
50395,78094,21849,37554,17746,56243,5040,2424,2616
50400,78105,21851,37559,17748,56252,5041,2425,2616
50405,78109,21852,37560,17749,56257,5041,2425,2616
50410,78119,21854,37567,17751,56264,5042,2426,2616
50415,78125,21856,37568,17752,56269,5042,2426,2616
50420,78136,21858,37571,17753,56276,5043,2426,2617
50425,78140,21860,37575,17755,56279,5043,2426,2617
50430,78150,21862,37579,17756,56287,5044,2427,2617
50435,78156,21865,37583,17759,56290,5044,2427,2617
50440,78167,21866,37587,17759,56298,5045,2427,2618
50445,78171,21869,37589,17762,56301,5045,2427,2618
50450,78181,21871,37596,17764,56310,5046,2428,2618
50455,78187,21873,37601,17766,56313,5046,2428,2618
50460,78198,21873,37606,17766,56323,5047,2428,2619
50465,78202,21873,37608,17766,56328,5047,2428,2619
50470,78212,21876,37611,17768,56336,5048,2428,2620
50475,78218,21878,37614,17770,56339,5048,2428,2620
50480,78229,21879,37620,17771,56347,5049,2429,2620
50485,78233,21881,37623,17773,56352,5049,2429,2620
50490,78243,21883,37629,17775,56360,5050,2430,2620
50495,78249,21885,37634,17777,56364,5050,2430,2620
50500,78260,21887,37640,17779,56370,5051,2431,2620
50505,78264,21888,37642,17780,56376,5051,2431,2620
50510,78274,21890,37646,17781,56383,5052,2431,2621
50515,78280,21892,37647,17782,56388,5052,2431,2621
50520,78291,21892,37649,17782,56397,5053,2431,2622
50525,78295,21893,37651,17783,56401,5053,2431,2622
50530,78305,21896,37656,17785,56409,5054,2432,2622
50535,78311,21897,37659,17785,56413,5054,2432,2622
50540,78322,21901,37668,17789,56418,5055,2433,2622
50545,78326,21903,37672,17791,56422,5055,2433,2622
50550,78336,21908,37679,17795,56427,5056,2434,2622
50555,78342,21910,37682,17797,56431,5056,2434,2622
50560,78353,21914,37689,17800,56434,5057,2435,2622
50565,78357,21919,37692,17805,56437,5057,2435,2622
50570,78367,21924,37698,17809,56443,5058,2436,2622
50575,78373,21925,37702,17810,56447,5058,2436,2622
50580,78384,21930,37707,17814,56451,5059,2436,2623
50585,78388,21933,37709,17817,56455,5059,2436,2623
50590,78398,21936,37715,17820,56461,5060,2437,2623
50595,78404,21939,37716,17822,56465,5060,2437,2623
50600,78415,21941,37719,17823,56472,5061,2437,2624
50605,78419,21943,37719,17825,56476,5061,2437,2624
50610,78429,21947,37724,17828,56482,5062,2438,2624
50615,78435,21948,37727,17829,56486,5062,2438,2624
50620,78446,21951,37731,17831,56491,5063,2438,2625
50625,78450,21955,37732,17835,56495,5063,2438,2625
50630,78460,21960,37737,17838,56500,5064,2439,2625
50635,78466,21962,37739,17839,56504,5064,2439,2625
50640,78477,21965,37743,17841,56510,5065,2440,2625
50645,78481,21968,37746,17844,56513,5065,2440,2625
50650,78491,21969,37749,17845,56522,5066,2440,2626
50655,78497,21969,37753,17845,56527,5066,2440,2626
50660,78508,21971,37759,17846,56536,5067,2441,2626
50665,78512,21972,37761,17847,56540,5067,2441,2626
50670,78522,21974,37765,17848,56548,5068,2441,2627
50675,78528,21974,37767,17848,56554,5068,2441,2627
50680,78539,21976,37770,17849,56563,5069,2441,2628
50685,78543,21977,37772,17850,56565,5069,2441,2628
50690,78553,21978,37776,17851,56575,5070,2441,2629
50695,78559,21978,37778,17851,56581,5070,2441,2629
50700,78570,21978,37783,17851,56591,5071,2442,2629
50705,78574,21978,37784,17851,56595,5071,2442,2629
50710,78584,21979,37789,17852,56605,5072,2443,2629
50715,78590,21979,37791,17852,56610,5072,2443,2629
50720,78601,21979,37795,17852,56621,5073,2443,2630
50725,78605,21979,37797,17852,56625,5073,2443,2630
50730,78615,21980,37803,17852,56635,5074,2444,2630
50735,78621,21980,37806,17852,56641,5074,2444,2630
50740,78632,21980,37811,17852,56652,5075,2445,2630
50745,78636,21980,37814,17852,56656,5075,2445,2630
50750,78646,21982,37819,17854,56663,5076,2445,2631
50755,78652,21984,37821,17856,56667,5076,2445,2631
50760,78663,21986,37826,17858,56675,5077,2445,2632
50765,78667,21987,37828,17859,56679,5077,2445,2632
50770,78677,21990,37834,17862,56686,5078,2445,2633
50775,78683,21992,37837,17864,56690,5078,2445,2633
50780,78694,21992,37840,17864,56702,5079,2445,2634
50785,78698,21992,37842,17864,56706,5079,2445,2634
50790,78708,21995,37845,17865,56712,5080,2446,2634
50795,78714,21997,37847,17866,56716,5080,2446,2634
50800,78725,22000,37851,17868,56723,5081,2447,2634
50805,78729,22002,37853,17870,56726,5081,2447,2634
50810,78739,22006,37857,17873,56733,5082,2447,2635
50815,78745,22007,37860,17874,56737,5082,2447,2635
50820,78756,22010,37867,17876,56743,5083,2448,2635
50825,78760,22012,37870,17878,56748,5083,2448,2635
50830,78770,22014,37876,17879,56755,5084,2449,2635
50835,78776,22016,37878,17880,56760,5084,2449,2635
50840,78787,22019,37885,17883,56765,5085,2450,2635
50845,78791,22024,37888,17888,56767,5085,2450,2635
50850,78801,22028,37893,17890,56773,5086,2451,2635
50855,78807,22029,37896,17891,56777,5086,2451,2635
50860,78818,22034,37902,17895,56781,5087,2451,2636
50865,78822,22038,37905,17899,56783,5087,2451,2636
50870,78832,22041,37908,17900,56790,5088,2452,2636
50875,78838,22043,37910,17902,56795,5088,2452,2636
50880,78849,22046,37915,17905,56801,5089,2452,2637
50885,78853,22048,37916,17907,56804,5089,2452,2637
50890,78863,22051,37920,17910,56812,5090,2452,2638
50895,78869,22053,37921,17911,56816,5090,2452,2638
50900,78880,22057,37926,17914,56822,5091,2453,2638
50905,78884,22059,37928,17916,56824,5091,2453,2638
50910,78894,22063,37934,17919,56831,5092,2454,2638
50915,78900,22065,37938,17920,56834,5092,2454,2638
50920,78911,22069,37943,17923,56840,5093,2455,2638
50925,78915,22071,37945,17925,56843,5093,2455,2638
50930,78925,22076,37948,17928,56848,5094,2455,2639
50935,78931,22078,37949,17929,56852,5094,2455,2639
50940,78942,22081,37953,17931,56858,5095,2455,2640
50945,78946,22084,37955,17934,56861,5095,2455,2640
50950,78956,22087,37960,17936,56869,5096,2456,2640
50955,78962,22089,37965,17938,56872,5096,2456,2640
50960,78973,22091,37971,17939,56880,5097,2457,2640
50965,78977,22093,37974,17941,56883,5097,2457,2640
50970,78987,22096,37979,17944,56891,5098,2457,2641
50975,78993,22098,37983,17946,56894,5098,2457,2641
50980,79004,22100,37990,17947,56900,5099,2458,2641
50985,79008,22104,37993,17951,56903,5099,2458,2641
50990,79018,22107,37999,17953,56910,5100,2459,2641
50995,79024,22109,38001,17954,56915,5100,2459,2641
51000,79035,22111,38006,17955,56922,5101,2460,2641
51005,79039,22112,38008,17956,56926,5101,2460,2641
51010,79049,22113,38011,17957,56936,5102,2460,2642
51015,79055,22113,38016,17957,56941,5102,2460,2642
51020,79066,22115,38020,17958,56951,5103,2460,2643
51025,79070,22116,38022,17959,56954,5103,2460,2643
51030,79080,22119,38027,17961,56961,5104,2461,2643
51035,79086,22119,38032,17961,56966,5104,2461,2643
51040,79097,22119,38036,17961,56977,5105,2461,2644
51045,79101,22119,38036,17961,56982,5105,2461,2644
51050,79111,22121,38044,17963,56990,5106,2461,2645
51055,79117,22121,38047,17963,56995,5106,2461,2645
51060,79128,22123,38051,17965,57005,5107,2461,2646
51065,79132,22123,38055,17965,57009,5107,2461,2646
51070,79142,22125,38059,17965,57017,5108,2462,2646
51075,79148,22125,38062,17965,57023,5108,2462,2646
51080,79159,22126,38065,17966,57033,5109,2462,2647
51085,79163,22126,38067,17966,57037,5109,2462,2647
51090,79173,22128,38073,17968,57045,5110,2463,2647
51095,79179,22128,38077,17968,57050,5110,2463,2647
51100,79190,22130,38082,17970,57059,5111,2463,2648
51105,79194,22131,38086,17971,57062,5111,2463,2648
51110,79204,22134,38091,17973,57069,5112,2463,2649
51115,79210,22136,38094,17974,57073,5112,2463,2649
51120,79221,22138,38097,17976,57081,5113,2463,2650
51125,79225,22139,38099,17977,57085,5113,2463,2650
51130,79235,22143,38105,17979,57091,5114,2464,2650
51135,79241,22146,38108,17982,57094,5114,2464,2650
51140,79252,22148,38110,17984,57103,5115,2464,2651
51145,79256,22149,38113,17985,57105,5115,2464,2651
51150,79266,22157,38119,17992,57108,5116,2464,2652
51155,79272,22160,38122,17994,57110,5116,2464,2652
51160,79283,22164,38126,17997,57117,5117,2465,2652
51165,79287,22167,38129,18000,57118,5117,2465,2652
51170,79297,22173,38134,18004,57123,5118,2465,2653
51175,79303,22175,38134,18005,57128,5118,2465,2653
51180,79314,22177,38141,18006,57133,5119,2466,2653
51185,79318,22180,38142,18009,57138,5119,2466,2653
51190,79328,22182,38145,18010,57146,5120,2467,2653
51195,79334,22183,38148,18010,57150,5120,2467,2653
51200,79345,22184,38152,18011,57159,5121,2468,2653
51205,79349,22187,38154,18014,57162,5121,2468,2653
51210,79359,22190,38161,18017,57169,5122,2469,2653
51215,79365,22192,38163,18018,57172,5122,2469,2653
51220,79376,22195,38169,18020,57180,5123,2469,2654
51225,79380,22197,38173,18022,57182,5123,2469,2654
51230,79390,22198,38179,18023,57192,5124,2470,2654
51235,79396,22200,38183,18025,57196,5124,2470,2654
51240,79407,22201,38186,18025,57205,5125,2471,2654
51245,79411,22203,38188,18027,57207,5125,2471,2654
51250,79421,22205,38192,18029,57215,5126,2471,2655
51255,79427,22208,38197,18032,57218,5126,2471,2655
51260,79438,22210,38202,18033,57226,5127,2472,2655
51265,79442,22213,38205,18036,57229,5127,2472,2655
51270,79452,22216,38210,18038,57236,5128,2473,2655
51275,79458,22217,38212,18039,57241,5128,2473,2655
51280,79469,22219,38216,18040,57248,5129,2473,2656
51285,79473,22221,38219,18042,57252,5129,2473,2656
51290,79483,22224,38223,18044,57259,5130,2473,2657
51295,79489,22226,38226,18045,57262,5130,2473,2657
51300,79500,22228,38231,18047,57269,5131,2474,2657
51305,79504,22230,38232,18049,57274,5131,2474,2657
51310,79514,22233,38237,18051,57281,5132,2474,2658
51315,79520,22234,38239,18051,57286,5132,2474,2658
51320,79531,22236,38242,18053,57295,5133,2474,2659
51325,79535,22236,38243,18053,57299,5133,2474,2659
51330,79545,22239,38248,18054,57306,5134,2474,2660
51335,79551,22240,38252,18054,57310,5134,2474,2660
51340,79562,22245,38259,18058,57315,5135,2475,2660
51345,79566,22247,38259,18060,57319,5135,2475,2660
51350,79576,22250,38262,18062,57326,5136,2475,2661
51355,79582,22251,38266,18063,57330,5136,2475,2661
51360,79593,22254,38270,18066,57338,5137,2476,2661
51365,79597,22255,38271,18067,57342,5137,2476,2661
51370,79607,22259,38276,18070,57348,5138,2477,2661
51375,79613,22260,38276,18070,57353,5138,2477,2661
51380,79624,22262,38283,18072,57358,5139,2477,2662
51385,79628,22266,38284,18076,57361,5139,2477,2662
51390,79638,22271,38288,18080,57367,5140,2477,2663
51395,79644,22272,38290,18081,57372,5140,2477,2663
51400,79655,22276,38298,18084,57376,5141,2478,2663
51405,79659,22279,38300,18087,57379,5141,2478,2663
51410,79669,22284,38305,18091,57384,5142,2478,2664
51415,79675,22287,38308,18094,57387,5142,2478,2664
51420,79686,22291,38312,18098,57395,5143,2478,2665
51425,79690,22291,38314,18098,57399,5143,2478,2665
51430,79700,22292,38318,18098,57408,5144,2478,2666
51435,79706,22293,38319,18098,57412,5144,2478,2666
51440,79717,22294,38326,18099,57421,5145,2479,2666
51445,79721,22295,38327,18100,57426,5145,2479,2666
51450,79731,22296,38333,18100,57435,5146,2480,2666
51455,79737,22298,38336,18102,57438,5146,2480,2666
51460,79748,22299,38341,18103,57447,5147,2480,2667
51465,79752,22300,38344,18104,57451,5147,2480,2667
51470,79762,22302,38352,18105,57459,5148,2481,2667
51475,79768,22304,38356,18107,57463,5148,2481,2667
51480,79779,22305,38362,18108,57472,5149,2481,2668
51485,79783,22305,38365,18108,57478,5149,2481,2668
51490,79793,22307,38372,18109,57485,5150,2481,2669
51495,79799,22309,38375,18111,57490,5150,2481,2669
51500,79810,22310,38382,18112,57497,5151,2482,2669
51505,79814,22311,38383,18113,57503,5151,2482,2669
51510,79824,22314,38387,18115,57510,5152,2482,2670
51515,79830,22316,38389,18117,57514,5152,2482,2670
51520,79841,22317,38392,18118,57522,5153,2482,2671
51525,79845,22318,38394,18119,57526,5153,2482,2671
51530,79855,22322,38398,18123,57533,5154,2482,2672
51535,79861,22324,38400,18124,57536,5154,2482,2672
51540,79872,22327,38405,18126,57543,5155,2483,2672
51545,79876,22328,38407,18127,57548,5155,2483,2672
51550,79886,22331,38412,18129,57555,5156,2484,2672
51555,79892,22331,38416,18129,57560,5156,2484,2672
51560,79903,22334,38419,18131,57567,5157,2484,2673
51565,79907,22336,38421,18133,57570,5157,2484,2673
51570,79917,22340,38425,18135,57577,5158,2484,2674
51575,79923,22340,38428,18135,57583,5158,2484,2674
51580,79934,22343,38434,18138,57589,5159,2485,2674
51585,79938,22344,38437,18139,57593,5159,2485,2674
51590,79948,22348,38441,18142,57600,5160,2486,2674
51595,79954,22348,38443,18142,57606,5160,2486,2674
51600,79965,22350,38447,18144,57613,5161,2486,2675
51605,79969,22352,38449,18146,57617,5161,2486,2675
51610,79979,22355,38452,18148,57624,5162,2486,2676
51615,79985,22355,38455,18148,57630,5162,2486,2676
51620,79996,22358,38460,18151,57637,5163,2486,2677
51625,80000,22359,38462,18152,57640,5163,2486,2677
51630,80010,22362,38467,18153,57648,5164,2487,2677
51635,80016,22362,38470,18153,57654,5164,2487,2677
51640,80027,22365,38476,18156,57659,5165,2487,2678
51645,80031,22367,38477,18158,57664,5165,2487,2678
51650,80041,22370,38481,18161,57670,5166,2487,2679
51655,80047,22372,38482,18163,57675,5166,2487,2679
51660,80058,22375,38487,18166,57681,5167,2488,2679
51665,80062,22377,38488,18168,57685,5167,2488,2679
51670,80072,22381,38492,18170,57691,5168,2488,2680
51675,80078,22383,38496,18171,57693,5168,2488,2680
51680,80089,22389,38502,18177,57697,5169,2488,2681
51685,80093,22391,38502,18179,57702,5169,2488,2681
51690,80103,22398,38510,18185,57704,5170,2489,2681
51695,80109,22400,38512,18187,57708,5170,2489,2681
51700,80120,22403,38516,18189,57714,5171,2489,2682
51705,80124,22406,38516,18192,57718,5171,2489,2682
51710,80134,22410,38521,18195,57724,5172,2490,2682
51715,80140,22411,38525,18196,57728,5172,2490,2682
51720,80151,22413,38529,18197,57735,5173,2490,2683
51725,80155,22414,38531,18198,57741,5173,2490,2683
51730,80165,22415,38536,18199,57750,5174,2490,2684
51735,80171,22417,38540,18201,57753,5174,2490,2684
51740,80182,22417,38545,18201,57763,5175,2491,2684
51745,80186,22417,38548,18201,57768,5175,2491,2684
51750,80196,22418,38552,18201,57777,5176,2491,2685
51755,80202,22421,38555,18204,57780,5176,2491,2685
51760,80213,22422,38561,18205,57788,5177,2491,2686
51765,80217,22423,38565,18206,57793,5177,2491,2686
51770,80227,22424,38568,18207,57802,5178,2492,2686
51775,80233,22426,38572,18209,57806,5178,2492,2686
51780,80244,22427,38579,18210,57815,5179,2493,2686
51785,80248,22428,38580,18211,57820,5179,2493,2686
51790,80258,22429,38584,18212,57829,5180,2494,2686
51795,80264,22430,38589,18213,57833,5180,2494,2686
51800,80275,22430,38596,18213,57843,5181,2495,2686
51805,80279,22431,38598,18214,57848,5181,2495,2686
51810,80289,22432,38602,18215,57856,5182,2495,2687
51815,80295,22434,38603,18216,57860,5182,2495,2687
51820,80306,22434,38610,18216,57868,5183,2496,2687
51825,80310,22436,38612,18218,57874,5183,2496,2687
51830,80320,22440,38619,18222,57880,5184,2496,2688
51835,80326,22442,38621,18224,57884,5184,2496,2688
51840,80337,22444,38627,18226,57890,5185,2497,2688
51845,80341,22448,38628,18230,57893,5185,2497,2688
51850,80351,22450,38631,18230,57900,5186,2498,2688
51855,80357,22453,38635,18233,57903,5186,2498,2688
51860,80368,22456,38641,18236,57910,5187,2499,2688
51865,80372,22459,38644,18239,57913,5187,2499,2688
51870,80382,22462,38648,18241,57919,5188,2499,2689
51875,80388,22465,38652,18244,57923,5188,2499,2689
51880,80399,22468,38658,18246,57927,5189,2499,2690
51885,80403,22472,38660,18250,57930,5189,2499,2690
51890,80413,22477,38667,18255,57935,5190,2499,2691
51895,80419,22480,38669,18257,57939,5190,2499,2691
51900,80430,22482,38671,18258,57946,5191,2499,2692
51905,80434,22484,38674,18260,57949,5191,2499,2692
51910,80444,22488,38679,18262,57956,5192,2500,2692
51915,80450,22488,38682,18262,57961,5192,2500,2692
51920,80461,22492,38688,18265,57967,5193,2501,2692
51925,80465,22495,38690,18268,57970,5193,2501,2692
51930,80475,22498,38695,18271,57977,5194,2501,2693
51935,80481,22499,38698,18272,57981,5194,2501,2693
51940,80492,22501,38701,18273,57988,5195,2501,2694
51945,80496,22504,38703,18276,57991,5195,2501,2694
51950,80506,22512,38712,18284,57994,5196,2501,2695
51955,80512,22512,38714,18284,57999,5196,2501,2695
51960,80523,22514,38717,18285,58007,5197,2501,2696
51965,80527,22516,38718,18287,58010,5197,2501,2696
51970,80537,22520,38724,18291,58017,5198,2502,2696
51975,80543,22520,38726,18291,58022,5198,2502,2696
51980,80554,22522,38730,18292,58030,5199,2502,2697
51985,80558,22525,38732,18295,58033,5199,2502,2697
51990,80568,22527,38737,18296,58041,5200,2503,2697
51995,80574,22527,38741,18296,58046,5200,2503,2697
52000,80585,22529,38743,18298,58055,5201,2503,2698
52005,80589,22530,38745,18299,58059,5201,2503,2698
52010,80599,22532,38750,18300,58067,5202,2504,2698
52015,80605,22533,38754,18301,58070,5202,2504,2698
52020,80616,22534,38758,18302,58080,5203,2504,2699
52025,80620,22535,38759,18303,58085,5203,2504,2699
52030,80630,22536,38761,18303,58094,5204,2505,2699
52035,80636,22537,38764,18304,58099,5204,2505,2699
52040,80647,22538,38770,18305,58108,5205,2506,2699
52045,80651,22538,38772,18305,58113,5205,2506,2699
52050,80661,22539,38778,18306,58122,5206,2506,2700
52055,80667,22540,38781,18307,58127,5206,2506,2700
52060,80678,22540,38787,18307,58137,5207,2507,2700
52065,80682,22540,38790,18307,58141,5207,2507,2700
52070,80692,22542,38795,18309,58150,5208,2507,2701
52075,80698,22544,38799,18310,58153,5208,2507,2701
52080,80709,22544,38805,18310,58162,5209,2508,2701
52085,80713,22546,38806,18312,58167,5209,2508,2701
52090,80723,22548,38810,18313,58174,5210,2509,2701
52095,80729,22551,38813,18315,58177,5210,2509,2701
52100,80740,22553,38819,18317,58186,5211,2510,2701
52105,80744,22553,38821,18317,58191,5211,2510,2701
52110,80754,22556,38828,18320,58197,5212,2510,2702
52115,80760,22558,38831,18322,58201,5212,2510,2702
52120,80771,22559,38835,18323,58209,5213,2510,2703
52125,80775,22561,38837,18325,58214,5213,2510,2703
52130,80785,22564,38842,18326,58220,5214,2511,2703
52135,80791,22567,38847,18329,58223,5214,2511,2703
52140,80802,22570,38854,18332,58228,5215,2512,2703
52145,80806,22572,38855,18334,58234,5215,2512,2703
52150,80816,22574,38858,18335,58242,5216,2512,2704
52155,80822,22575,38861,18336,58246,5216,2512,2704
52160,80833,22580,38867,18340,58250,5217,2513,2704
52165,80837,22583,38870,18343,58253,5217,2513,2704
52170,80847,22588,38877,18348,58258,5218,2514,2704
52175,80853,22591,38880,18351,58262,5218,2514,2704
52180,80864,22594,38885,18354,58268,5219,2515,2704
52185,80868,22596,38887,18356,58272,5219,2515,2704
52190,80878,22598,38890,18356,58279,5220,2515,2705
52195,80884,22601,38892,18358,58282,5220,2515,2705
52200,80895,22606,38899,18362,58286,5221,2516,2705
52205,80899,22610,38900,18366,58289,5221,2516,2705
52210,80909,22614,38906,18370,58294,5222,2517,2705
52215,80915,22618,38912,18374,58294,5222,2517,2705
52220,80926,22625,38917,18380,58298,5223,2517,2706
52225,80930,22627,38919,18382,58302,5223,2517,2706
52230,80940,22631,38925,18385,58308,5224,2517,2707
52235,80946,22633,38927,18386,58312,5224,2517,2707
52240,80957,22635,38934,18388,58319,5225,2518,2707
52245,80961,22638,38936,18391,58323,5225,2518,2707
52250,80971,22641,38943,18394,58330,5226,2519,2707
52255,80977,22643,38945,18395,58334,5226,2519,2707
52260,80988,22644,38949,18396,58340,5227,2519,2708
52265,80992,22646,38950,18398,58345,5227,2519,2708
52270,81002,22647,38954,18399,58355,5228,2520,2708
52275,81008,22647,38958,18399,58360,5228,2520,2708
52280,81019,22649,38963,18400,58368,5229,2520,2709
52285,81023,22650,38965,18401,58373,5229,2520,2709
52290,81033,22653,38970,18403,58380,5230,2520,2710
52295,81039,22653,38973,18403,58386,5230,2520,2710
52300,81050,22654,38978,18404,58393,5231,2521,2710
52305,81054,22656,38981,18406,58398,5231,2521,2710
52310,81064,22659,38986,18408,58405,5232,2521,2711
52315,81070,22659,38990,18408,58411,5232,2521,2711
52320,81081,22661,38993,18409,58419,5233,2522,2711
52325,81085,22661,38994,18409,58424,5233,2522,2711
52330,81095,22664,38997,18410,58431,5234,2522,2712
52335,81101,22664,39001,18410,58437,5234,2522,2712
52340,81112,22665,39001,18410,58446,5235,2522,2713
52345,81116,22666,39004,18411,58450,5235,2522,2713
52350,81126,22669,39011,18413,58457,5236,2522,2714
52355,81132,22669,39013,18413,58462,5236,2522,2714
52360,81143,22673,39020,18416,58469,5237,2523,2714
52365,81147,22674,39021,18417,58473,5237,2523,2714
52370,81157,22676,39027,18418,58481,5238,2524,2714
52375,81163,22677,39028,18418,58486,5238,2524,2714
52380,81174,22678,39033,18419,58495,5239,2525,2714
52385,81178,22679,39035,18420,58499,5239,2525,2714
52390,81188,22681,39039,18421,58507,5240,2526,2714
52395,81194,22683,39044,18423,58511,5240,2526,2714
52400,81205,22685,39049,18425,58519,5241,2527,2714
52405,81209,22685,39050,18425,58523,5241,2527,2714
52410,81219,22690,39056,18429,58528,5242,2528,2714
52415,81225,22694,39062,18433,58528,5242,2528,2714
52420,81236,22699,39067,18438,58535,5243,2528,2715
52425,81240,22700,39070,18439,58538,5243,2528,2715
52430,81250,22705,39072,18442,58545,5244,2528,2716
52435,81256,22708,39077,18445,58546,5244,2528,2716
52440,81267,22710,39080,18447,58555,5245,2528,2717
52445,81271,22711,39082,18448,58559,5245,2528,2717
52450,81281,22713,39088,18449,58568,5246,2529,2717
52455,81287,22715,39091,18451,58571,5246,2529,2717
52460,81298,22715,39094,18451,58582,5247,2529,2718
52465,81302,22715,39094,18451,58587,5247,2529,2718
52470,81312,22718,39097,18453,58593,5248,2529,2719
52475,81318,22720,39099,18454,58598,5248,2529,2719
52480,81329,22721,39104,18455,58605,5249,2530,2719
52485,81333,22722,39105,18456,58611,5249,2530,2719
52490,81343,22724,39111,18457,58619,5250,2531,2719
52495,81349,22726,39113,18458,58623,5250,2531,2719
52500,81360,22729,39121,18461,58628,5251,2532,2719
52505,81364,22731,39124,18463,58632,5251,2532,2719
52510,81374,22734,39127,18465,58640,5252,2532,2720
52515,81380,22735,39129,18465,58645,5252,2532,2720
52520,81391,22737,39137,18467,58651,5253,2533,2720
52525,81395,22739,39138,18469,58656,5253,2533,2720
52530,81405,22742,39144,18472,58663,5254,2533,2721
52535,81411,22743,39147,18472,58668,5254,2533,2721
52540,81422,22746,39154,18474,58674,5255,2534,2721
52545,81426,22747,39156,18475,58679,5255,2534,2721
52550,81436,22750,39161,18476,58686,5256,2535,2721
52555,81442,22751,39163,18476,58691,5256,2535,2721
52560,81453,22753,39167,18477,58699,5257,2536,2721
52565,81457,22754,39168,18478,58702,5257,2536,2721
52570,81467,22759,39175,18482,58708,5258,2536,2722
52575,81473,22760,39179,18483,58712,5258,2536,2722
52580,81484,22762,39182,18484,58719,5259,2537,2722
52585,81488,22764,39184,18486,58724,5259,2537,2722
52590,81498,22767,39187,18487,58731,5260,2537,2723
52595,81504,22768,39189,18488,58736,5260,2537,2723
52600,81515,22771,39194,18490,58741,5261,2538,2723
52605,81519,22772,39195,18491,58746,5261,2538,2723
52610,81529,22777,39200,18495,58751,5262,2539,2723
52615,81535,22779,39202,18496,58755,5262,2539,2723
52620,81546,22784,39210,18501,58758,5263,2539,2724
52625,81550,22789,39213,18506,58760,5263,2539,2724
52630,81560,22795,39218,18511,58765,5264,2539,2725
52635,81566,22798,39223,18514,58766,5264,2539,2725
52640,81577,22802,39229,18518,58773,5265,2540,2725
52645,81581,22803,39230,18519,58778,5265,2540,2725
52650,81591,22807,39238,18522,58783,5266,2541,2725
52655,81597,22810,39241,18524,58786,5266,2541,2725
52660,81608,22810,39247,18524,58795,5267,2542,2725
52665,81612,22811,39249,18525,58800,5267,2542,2725
52670,81622,22813,39254,18527,58808,5268,2542,2726
52675,81628,22815,39255,18528,58812,5268,2542,2726
52680,81639,22815,39261,18528,58821,5269,2542,2727
52685,81643,22816,39265,18529,58826,5269,2542,2727
52690,81653,22817,39268,18530,58836,5270,2543,2727
52695,81659,22819,39272,18531,58839,5270,2543,2727
52700,81670,22819,39275,18531,58850,5271,2543,2728
52705,81674,22819,39279,18531,58854,5271,2543,2728
52710,81684,22821,39285,18533,58863,5272,2543,2729
52715,81690,22822,39285,18533,58868,5272,2543,2729
52720,81701,22822,39292,18533,58876,5273,2544,2729
52725,81705,22823,39294,18534,58881,5273,2544,2729
52730,81715,22826,39300,18536,58889,5274,2545,2729
52735,81721,22828,39304,18538,58893,5274,2545,2729
52740,81732,22831,39312,18541,58898,5275,2546,2729
52745,81736,22833,39316,18543,58903,5275,2546,2729
52750,81746,22836,39322,18545,58910,5276,2546,2730
52755,81752,22837,39325,18545,58914,5276,2546,2730
52760,81763,22841,39332,18549,58918,5277,2546,2731
52765,81767,22844,39333,18552,58923,5277,2546,2731
52770,81777,22847,39336,18554,58930,5278,2546,2732
52775,81783,22848,39340,18555,58934,5278,2546,2732
52780,81794,22851,39342,18557,58943,5279,2546,2733
52785,81798,22852,39344,18558,58946,5279,2546,2733
52790,81808,22857,39350,18561,58951,5280,2547,2733
52795,81814,22859,39351,18562,58955,5280,2547,2733
52800,81825,22863,39358,18565,58958,5281,2547,2734
52805,81829,22866,39359,18568,58962,5281,2547,2734
52810,81839,22870,39364,18571,58968,5282,2548,2734
52815,81845,22872,39367,18572,58972,5282,2548,2734
52820,81856,22877,39374,18577,58976,5283,2548,2735
52825,81860,22879,39376,18579,58980,5283,2548,2735
52830,81870,22885,39382,18584,58984,5284,2548,2736
52835,81876,22888,39384,18586,58988,5284,2548,2736
52840,81887,22891,39387,18588,58996,5285,2549,2736
52845,81891,22891,39387,18588,59000,5285,2549,2736
52850,81901,22898,39394,18594,59002,5286,2549,2737
52855,81907,22901,39396,18597,59006,5286,2549,2737
52860,81918,22905,39402,18600,59010,5287,2549,2738
52865,81922,22908,39405,18603,59013,5287,2549,2738
52870,81932,22913,39411,18607,59019,5288,2550,2738
52875,81938,22915,39413,18609,59023,5288,2550,2738
52880,81949,22917,39420,18611,59029,5289,2551,2738
52885,81953,22919,39423,18613,59034,5289,2551,2738
52890,81963,22921,39430,18614,59042,5290,2552,2738
52895,81969,22922,39432,18614,59045,5290,2552,2738
52900,81980,22922,39435,18614,59057,5291,2553,2738
52905,81984,22922,39436,18614,59061,5291,2553,2738
52910,81994,22924,39443,18615,59069,5292,2554,2738
52915,82000,22926,39444,18616,59074,5292,2554,2738
52920,82011,22926,39449,18616,59083,5293,2554,2739
52925,82015,22927,39451,18617,59088,5293,2554,2739
52930,82025,22928,39456,18618,59097,5294,2554,2740
52935,82031,22928,39460,18618,59102,5294,2554,2740
52940,82042,22928,39465,18618,59113,5295,2555,2740
52945,82046,22928,39467,18618,59117,5295,2555,2740
52950,82056,22929,39473,18619,59127,5296,2556,2740
52955,82062,22929,39478,18619,59132,5296,2556,2740
52960,82073,22929,39483,18619,59143,5297,2556,2741
52965,82077,22929,39486,18619,59147,5297,2556,2741
52970,82087,22932,39492,18621,59155,5298,2557,2741
52975,82093,22932,39498,18621,59161,5298,2557,2741
52980,82104,22933,39499,18621,59170,5299,2557,2742
52985,82108,22935,39503,18623,59173,5299,2557,2742
52990,82118,22936,39508,18624,59182,5300,2558,2742
52995,82124,22936,39513,18624,59187,5300,2558,2742
53000,82135,22938,39518,18625,59194,5301,2559,2742
53005,82139,22940,39519,18627,59199,5301,2559,2742
53010,82149,22943,39522,18628,59206,5302,2560,2742
53015,82155,22943,39528,18628,59211,5302,2560,2742
53020,82166,22946,39535,18631,59218,5303,2561,2742
53025,82170,22948,39536,18633,59222,5303,2561,2742
53030,82180,22952,39541,18636,59228,5304,2561,2743
53035,82186,22954,39543,18637,59232,5304,2561,2743
53040,82197,22956,39547,18638,59238,5305,2561,2744
53045,82201,22959,39550,18641,59241,5305,2561,2744
53050,82211,22963,39554,18643,59248,5306,2562,2744
53055,82217,22964,39557,18644,59253,5306,2562,2744
53060,82228,22967,39561,18646,59260,5307,2562,2745
53065,82232,22968,39563,18647,59263,5307,2562,2745
53070,82242,22973,39569,18651,59269,5308,2563,2745
53075,82248,22974,39570,18652,59274,5308,2563,2745
53080,82259,22977,39578,18655,59278,5309,2564,2745
53085,82263,22983,39580,18661,59280,5309,2564,2745
53090,82273,22986,39584,18664,59287,5310,2564,2746
53095,82279,22988,39587,18665,59290,5310,2564,2746
53100,82290,22994,39595,18670,59294,5311,2565,2746
53105,82294,22997,39597,18673,59296,5311,2565,2746
53110,82304,23003,39604,18679,59301,5312,2565,2747
53115,82310,23004,39609,18680,59304,5312,2565,2747
53120,82321,23006,39615,18681,59313,5313,2565,2748
53125,82325,23008,39618,18683,59316,5313,2565,2748
53130,82335,23009,39621,18683,59326,5314,2566,2748
53135,82341,23010,39625,18684,59329,5314,2566,2748
53140,82352,23011,39629,18685,59340,5315,2566,2749
53145,82356,23013,39631,18687,59342,5315,2566,2749
53150,82366,23015,39636,18689,59351,5316,2567,2749
53155,82372,23017,39639,18690,59355,5316,2567,2749
53160,82383,23020,39645,18692,59362,5317,2567,2750
53165,82387,23020,39646,18692,59367,5317,2567,2750
53170,82397,23021,39652,18693,59375,5318,2568,2750
53175,82403,23023,39653,18694,59380,5318,2568,2750
53180,82414,23023,39660,18694,59389,5319,2569,2750
53185,82418,23023,39661,18694,59394,5319,2569,2750
53190,82428,23024,39664,18695,59404,5320,2569,2751
53195,82434,23025,39665,18695,59409,5320,2569,2751
53200,82445,23026,39672,18696,59416,5321,2570,2751
53205,82449,23027,39675,18697,59421,5321,2570,2751
53210,82459,23028,39681,18698,59431,5322,2571,2751
53215,82465,23030,39686,18700,59434,5322,2571,2751
53220,82476,23031,39691,18701,59441,5323,2571,2752
53225,82480,23033,39693,18703,59447,5323,2571,2752
53230,82490,23035,39699,18705,59454,5324,2571,2753
53235,82496,23037,39700,18706,59459,5324,2571,2753
53240,82507,23038,39705,18707,59468,5325,2572,2753
53245,82511,23038,39707,18707,59473,5325,2572,2753
53250,82521,23040,39713,18708,59480,5326,2573,2753
53255,82527,23042,39715,18709,59485,5326,2573,2753
53260,82538,23045,39719,18712,59493,5327,2574,2753
53265,82542,23045,39719,18712,59497,5327,2574,2753
53270,82552,23049,39726,18716,59502,5328,2574,2754
53275,82558,23052,39729,18718,59505,5328,2574,2754
53280,82569,23058,39736,18724,59509,5329,2574,2755
53285,82573,23060,39738,18726,59513,5329,2574,2755
53290,82583,23063,39743,18729,59519,5330,2574,2756
53295,82589,23065,39747,18731,59523,5330,2574,2756
53300,82600,23068,39750,18734,59531,5331,2574,2757
53305,82604,23070,39753,18736,59533,5331,2574,2757
53310,82614,23074,39755,18738,59539,5332,2574,2758
53315,82620,23076,39759,18740,59543,5332,2574,2758
53320,82631,23080,39763,18743,59550,5333,2575,2758
53325,82635,23081,39765,18744,59552,5333,2575,2758
53330,82645,23088,39770,18750,59557,5334,2576,2758
53335,82651,23089,39773,18751,59560,5334,2576,2758
53340,82662,23094,39778,18756,59566,5335,2576,2759
53345,82666,23096,39782,18758,59570,5335,2576,2759
53350,82676,23098,39788,18760,59578,5336,2577,2759
53355,82682,23099,39790,18760,59582,5336,2577,2759
53360,82693,23101,39797,18761,59591,5337,2578,2759
53365,82697,23102,39797,18762,59595,5337,2578,2759
53370,82707,23105,39802,18764,59602,5338,2579,2759
53375,82713,23107,39805,18765,59605,5338,2579,2759
53380,82724,23108,39810,18765,59613,5339,2580,2759
53385,82728,23111,39812,18768,59617,5339,2580,2759
53390,82738,23115,39818,18772,59623,5340,2580,2760
53395,82744,23116,39820,18772,59627,5340,2580,2760
53400,82755,23118,39822,18773,59636,5341,2580,2761
53405,82759,23120,39825,18775,59639,5341,2580,2761
53410,82769,23123,39830,18777,59645,5342,2580,2762
53415,82775,23125,39833,18779,59650,5342,2580,2762
53420,82786,23127,39840,18780,59657,5343,2581,2762
53425,82790,23130,39843,18783,59660,5343,2581,2762
53430,82800,23132,39845,18785,59668,5344,2581,2763
53435,82806,23134,39849,18787,59672,5344,2581,2763
53440,82817,23135,39854,18787,59680,5345,2581,2764
53445,82821,23138,39858,18790,59681,5345,2581,2764
53450,82831,23144,39864,18796,59687,5346,2581,2765
53455,82837,23145,39867,18796,59691,5346,2581,2765
53460,82848,23147,39871,18798,59701,5347,2582,2765
53465,82852,23147,39873,18798,59705,5347,2582,2765
53470,82862,23150,39878,18800,59712,5348,2582,2766
53475,82868,23152,39883,18802,59714,5348,2582,2766
53480,82879,23153,39888,18803,59723,5349,2583,2766
53485,82883,23154,39891,18804,59729,5349,2583,2766
53490,82893,23157,39897,18806,59735,5350,2583,2767
53495,82899,23159,39900,18807,59739,5350,2583,2767
53500,82910,23160,39905,18808,59748,5351,2583,2768
53505,82914,23161,39905,18809,59753,5351,2583,2768
53510,82924,23164,39912,18811,59759,5352,2583,2769
53515,82930,23166,39914,18813,59764,5352,2583,2769
53520,82941,23167,39918,18814,59771,5353,2583,2770
53525,82945,23168,39921,18815,59777,5353,2583,2770
53530,82955,23171,39927,18817,59784,5354,2583,2771
53535,82961,23173,39931,18818,59787,5354,2583,2771
53540,82972,23174,39936,18819,59796,5355,2583,2772
53545,82976,23176,39937,18821,59800,5355,2583,2772
53550,82986,23179,39944,18823,59807,5356,2583,2773
53555,82992,23180,39945,18823,59812,5356,2583,2773
53560,83003,23182,39949,18825,59819,5357,2583,2774
53565,83007,23184,39953,18827,59822,5357,2583,2774
53570,83017,23188,39956,18830,59828,5358,2583,2775
53575,83023,23190,39958,18832,59833,5358,2583,2775
53580,83034,23193,39965,18834,59837,5359,2584,2775
53585,83038,23199,39968,18840,59838,5359,2584,2775
53590,83048,23203,39970,18842,59845,5360,2584,2776
53595,83054,23204,39974,18843,59849,5360,2584,2776
53600,83065,23210,39982,18848,59852,5361,2584,2777
53605,83069,23213,39984,18851,59856,5361,2584,2777
53610,83079,23216,39988,18854,59863,5362,2584,2778
53615,83085,23216,39992,18854,59868,5362,2584,2778
53620,83096,23220,39998,18857,59874,5363,2584,2779
53625,83100,23222,40000,18859,59876,5363,2584,2779
53630,83110,23229,40007,18866,59881,5364,2584,2780
53635,83116,23230,40010,18867,59885,5364,2584,2780
53640,83127,23232,40015,18868,59895,5365,2585,2780
53645,83131,23232,40016,18868,59898,5365,2585,2780
53650,83141,23234,40018,18869,59907,5366,2585,2781
53655,83147,23234,40019,18869,59912,5366,2585,2781
53660,83158,23235,40022,18869,59921,5367,2586,2781
53665,83162,23238,40024,18872,59924,5367,2586,2781
53670,83172,23239,40028,18873,59933,5368,2586,2782
53675,83178,23239,40032,18873,59937,5368,2586,2782
53680,83189,23241,40038,18875,59947,5369,2587,2782
53685,83193,23243,40041,18877,59949,5369,2587,2782
53690,83203,23245,40047,18879,59958,5370,2587,2783
53695,83209,23245,40050,18879,59963,5370,2587,2783
53700,83220,23246,40055,18879,59973,5371,2587,2784
53705,83224,23248,40058,18881,59975,5371,2587,2784
53710,83234,23250,40063,18883,59984,5372,2588,2784
53715,83240,23251,40065,18883,59989,5372,2588,2784
53720,83251,23253,40072,18885,59996,5373,2588,2785
53725,83255,23255,40073,18887,60000,5373,2588,2785
53730,83265,23258,40079,18890,60007,5374,2588,2786
53735,83271,23260,40082,18892,60011,5374,2588,2786
53740,83282,23261,40087,18893,60019,5375,2588,2787
53745,83286,23263,40088,18895,60023,5375,2588,2787
53750,83296,23268,40092,18898,60028,5376,2588,2788
53755,83302,23270,40097,18899,60031,5376,2588,2788
53760,83313,23274,40104,18903,60035,5377,2588,2789
53765,83317,23278,40107,18907,60039,5377,2588,2789
53770,83327,23280,40109,18908,60047,5378,2588,2790
53775,83333,23281,40112,18909,60051,5378,2588,2790
53780,83344,23285,40117,18912,60057,5379,2588,2791
53785,83348,23287,40119,18914,60060,5379,2588,2791
53790,83358,23290,40125,18917,60068,5380,2589,2791
53795,83364,23291,40129,18918,60073,5380,2589,2791
53800,83375,23291,40131,18918,60084,5381,2589,2792
53805,83379,23291,40134,18918,60087,5381,2589,2792
53810,83389,23294,40139,18920,60095,5382,2589,2793
53815,83395,23296,40142,18921,60098,5382,2589,2793
53820,83406,23299,40148,18924,60106,5383,2589,2794
53825,83410,23300,40151,18925,60108,5383,2589,2794
53830,83420,23305,40154,18929,60115,5384,2590,2794
53835,83426,23307,40157,18931,60118,5384,2590,2794
53840,83437,23308,40162,18932,60127,5385,2591,2794
53845,83441,23310,40165,18934,60129,5385,2591,2794
53850,83451,23316,40168,18939,60135,5386,2591,2795
53855,83457,23317,40171,18940,60139,5386,2591,2795
53860,83468,23317,40174,18940,60150,5387,2591,2796
53865,83472,23317,40176,18940,60154,5387,2591,2796
53870,83482,23318,40181,18941,60164,5388,2592,2796
53875,83488,23319,40184,18942,60169,5388,2592,2796
53880,83499,23319,40187,18942,60179,5389,2593,2796
53885,83503,23319,40188,18942,60184,5389,2593,2796
53890,83513,23322,40193,18945,60191,5390,2594,2796
53895,83519,23323,40196,18945,60195,5390,2594,2796
53900,83530,23325,40203,18946,60202,5391,2595,2796
53905,83534,23328,40204,18949,60206,5391,2595,2796
53910,83544,23331,40211,18952,60212,5392,2595,2797
53915,83550,23334,40213,18954,60216,5392,2595,2797
53920,83561,23337,40220,18957,60222,5393,2595,2798
53925,83565,23340,40223,18960,60225,5393,2595,2798
53930,83575,23342,40227,18962,60232,5394,2595,2799
53935,83581,23344,40228,18963,60237,5394,2595,2799
53940,83592,23346,40232,18965,60245,5395,2596,2799
53945,83596,23347,40234,18966,60249,5395,2596,2799
53950,83606,23350,40240,18968,60255,5396,2597,2799
53955,83612,23353,40243,18971,60259,5396,2597,2799
53960,83623,23356,40249,18974,60265,5397,2598,2799
53965,83627,23357,40252,18975,60270,5397,2598,2799
53970,83637,23361,40258,18978,60276,5398,2599,2799
53975,83643,23362,40260,18979,60281,5398,2599,2799
53980,83654,23365,40264,18982,60287,5399,2599,2800
53985,83658,23367,40266,18984,60291,5399,2599,2800
53990,83668,23371,40271,18987,60297,5400,2600,2800
53995,83674,23372,40275,18988,60301,5400,2600,2800
54000,83685,23377,40282,18992,60304,5401,2600,2801
54005,83689,23381,40283,18996,60308,5401,2600,2801
54010,83699,23384,40288,18998,60314,5402,2601,2801
54015,83705,23386,40292,19000,60319,5402,2601,2801
54020,83716,23390,40298,19003,60323,5403,2601,2802
54025,83720,23394,40301,19007,60324,5403,2601,2802
54030,83730,23402,40305,19013,60328,5404,2601,2803
54035,83736,23405,40309,19015,60329,5404,2601,2803
54040,83747,23409,40311,19018,60336,5405,2601,2804
54045,83751,23412,40314,19021,60338,5405,2601,2804
54050,83761,23417,40317,19024,60343,5406,2601,2805
54055,83767,23419,40319,19025,60346,5406,2601,2805
54060,83778,23423,40321,19028,60353,5407,2601,2806
54065,83782,23424,40325,19029,60357,5407,2601,2806
54070,83792,23426,40327,19030,60366,5408,2601,2807
54075,83798,23427,40329,19031,60370,5408,2601,2807
54080,83809,23429,40333,19032,60378,5409,2602,2807
54085,83813,23430,40334,19033,60383,5409,2602,2807
54090,83823,23432,40341,19035,60390,5410,2603,2807
54095,83829,23434,40343,19036,60394,5410,2603,2807
54100,83840,23437,40347,19038,60402,5411,2604,2807
54105,83844,23438,40349,19039,60406,5411,2604,2807
54110,83854,23440,40353,19041,60413,5412,2605,2807
54115,83860,23442,40354,19043,60418,5412,2605,2807
54120,83871,23445,40359,19045,60423,5413,2605,2808
54125,83875,23446,40362,19046,60428,5413,2605,2808
54130,83885,23449,40368,19048,60436,5414,2606,2808
54135,83891,23449,40373,19048,60441,5414,2606,2808
54140,83902,23449,40376,19048,60451,5415,2606,2809
54145,83906,23449,40377,19048,60457,5415,2606,2809
54150,83916,23450,40383,19048,60466,5416,2607,2809
54155,83922,23450,40386,19048,60471,5416,2607,2809
54160,83933,23450,40389,19048,60482,5417,2607,2810
54165,83937,23450,40391,19048,60487,5417,2607,2810
54170,83947,23452,40395,19049,60495,5418,2608,2810
54175,83953,23452,40400,19049,60500,5418,2608,2810
54180,83964,23454,40408,19051,60508,5419,2609,2810
54185,83968,23455,40410,19052,60513,5419,2609,2810
54190,83978,23457,40413,19053,60521,5420,2610,2810
54195,83984,23457,40416,19053,60527,5420,2610,2810
54200,83995,23458,40424,19054,60535,5421,2611,2810
54205,83999,23460,40426,19056,60539,5421,2611,2810
54210,84009,23462,40430,19056,60547,5422,2611,2811
54215,84015,23462,40433,19056,60552,5422,2611,2811
54220,84026,23464,40440,19058,60560,5423,2612,2811
54225,84030,23464,40441,19058,60565,5423,2612,2811
54230,84040,23468,40448,19061,60572,5424,2612,2812
54235,84046,23470,40449,19062,60576,5424,2612,2812
54240,84057,23471,40453,19063,60583,5425,2612,2813
54245,84061,23474,40453,19066,60587,5425,2612,2813
54250,84071,23478,40460,19069,60593,5426,2612,2814
54255,84077,23479,40463,19069,60598,5426,2612,2814
54260,84088,23482,40470,19072,60602,5427,2612,2815
54265,84092,23486,40473,19076,60604,5427,2612,2815
54270,84102,23493,40477,19082,60609,5428,2612,2816
54275,84108,23495,40478,19083,60613,5428,2612,2816
54280,84119,23497,40482,19084,60619,5429,2613,2816
54285,84123,23500,40484,19087,60622,5429,2613,2816
54290,84133,23504,40490,19091,60629,5430,2613,2817
54295,84139,23505,40493,19092,60633,5430,2613,2817
54300,84150,23506,40495,19092,60642,5431,2613,2818
54305,84154,23509,40498,19095,60644,5431,2613,2818
54310,84164,23512,40504,19097,60652,5432,2614,2818
54315,84170,23513,40509,19098,60656,5432,2614,2818
54320,84181,23515,40516,19099,60664,5433,2615,2818
54325,84185,23517,40518,19101,60667,5433,2615,2818
54330,84195,23519,40525,19102,60676,5434,2616,2818
54335,84201,23520,40527,19102,60680,5434,2616,2818
54340,84212,23522,40533,19103,60688,5435,2617,2818
54345,84216,23524,40537,19105,60691,5435,2617,2818
54350,84226,23525,40540,19106,60701,5436,2617,2819
54355,84232,23526,40542,19106,60706,5436,2617,2819
54360,84243,23527,40545,19106,60714,5437,2618,2819
54365,84247,23529,40547,19108,60718,5437,2618,2819
54370,84257,23532,40554,19110,60724,5438,2619,2819
54375,84263,23535,40558,19112,60728,5438,2619,2819
54380,84274,23537,40563,19113,60733,5439,2619,2820
54385,84278,23539,40564,19115,60739,5439,2619,2820
54390,84288,23543,40571,19118,60744,5440,2620,2820
54395,84294,23546,40575,19120,60748,5440,2620,2820
54400,84305,23549,40581,19123,60753,5441,2620,2821
54405,84309,23551,40583,19125,60758,5441,2620,2821
54410,84319,23553,40587,19127,60766,5442,2620,2822
54415,84325,23555,40591,19128,60769,5442,2620,2822
54420,84336,23556,40594,19129,60778,5443,2621,2822
54425,84340,23557,40596,19130,60783,5443,2621,2822
54430,84350,23559,40601,19131,60791,5444,2621,2823
54435,84356,23561,40604,19132,60794,5444,2621,2823
54440,84367,23563,40608,19134,60801,5445,2621,2824
54445,84371,23565,40609,19136,60806,5445,2621,2824
54450,84381,23568,40614,19138,60812,5446,2622,2824
54455,84387,23570,40616,19139,60817,5446,2622,2824
54460,84398,23571,40621,19140,60825,5447,2623,2824
54465,84402,23572,40621,19141,60830,5447,2623,2824
54470,84412,23574,40627,19143,60837,5448,2624,2824
54475,84418,23577,40631,19146,60839,5448,2624,2824
54480,84429,23581,40638,19150,60847,5449,2625,2824
54485,84433,23581,40640,19150,60851,5449,2625,2824
54490,84443,23585,40643,19153,60857,5450,2625,2825
54495,84449,23587,40646,19155,60861,5450,2625,2825
54500,84460,23589,40653,19157,60867,5451,2626,2825
54505,84464,23593,40657,19161,60869,5451,2626,2825
54510,84474,23601,40664,19169,60872,5452,2626,2826
54515,84480,23604,40667,19172,60875,5452,2626,2826
54520,84491,23606,40671,19173,60881,5453,2627,2826
54525,84495,23610,40672,19177,60885,5453,2627,2826
54530,84505,23615,40677,19181,60890,5454,2628,2826
54535,84511,23617,40678,19182,60894,5454,2628,2826
54540,84522,23621,40684,19185,60898,5455,2629,2826
54545,84526,23622,40684,19186,60904,5455,2629,2826
54550,84536,23624,40686,19187,60912,5456,2629,2827
54555,84542,23626,40690,19189,60914,5456,2629,2827
54560,84553,23629,40696,19192,60923,5457,2629,2828
54565,84557,23631,40698,19194,60925,5457,2629,2828
54570,84567,23632,40701,19195,60934,5458,2629,2829
54575,84573,23635,40706,19198,60936,5458,2629,2829
54580,84584,23637,40712,19200,60945,5459,2630,2829
54585,84588,23638,40713,19201,60950,5459,2630,2829
54590,84598,23641,40720,19203,60956,5460,2630,2830
54595,84604,23643,40722,19204,60960,5460,2630,2830
54600,84615,23645,40728,19205,60967,5461,2630,2831
54605,84619,23648,40731,19208,60970,5461,2630,2831
54610,84629,23651,40737,19210,60978,5462,2631,2831
54615,84635,23651,40739,19210,60984,5462,2631,2831
54620,84646,23653,40742,19211,60992,5463,2632,2831
54625,84650,23653,40743,19211,60996,5463,2632,2831
54630,84660,23655,40746,19213,61005,5464,2632,2832
54635,84666,23655,40749,19213,61010,5464,2632,2832
54640,84677,23657,40754,19214,61018,5465,2632,2833
54645,84681,23660,40757,19217,61021,5465,2632,2833
54650,84691,23663,40762,19219,61028,5466,2633,2833
54655,84697,23663,40767,19219,61033,5466,2633,2833
54660,84708,23666,40777,19222,61038,5467,2634,2833
54665,84712,23668,40778,19224,61044,5467,2634,2833
54670,84722,23670,40785,19225,61052,5468,2635,2833
54675,84728,23670,40787,19225,61058,5468,2635,2833
54680,84739,23670,40791,19225,61066,5469,2635,2834
54685,84743,23671,40794,19226,61072,5469,2635,2834
54690,84753,23673,40800,19228,61080,5470,2635,2835
54695,84759,23673,40803,19228,61086,5470,2635,2835
54700,84770,23674,40808,19229,61095,5471,2635,2836
54705,84774,23675,40811,19230,61098,5471,2635,2836
54710,84784,23678,40818,19233,61105,5472,2635,2837
54715,84790,23680,40820,19234,61109,5472,2635,2837
54720,84801,23684,40828,19238,61114,5473,2636,2837
54725,84805,23686,40829,19240,61119,5473,2636,2837
54730,84815,23688,40834,19242,61127,5474,2637,2837
54735,84821,23690,40836,19243,61130,5474,2637,2837
54740,84832,23693,40842,19246,61138,5475,2638,2837
54745,84836,23694,40844,19247,61142,5475,2638,2837
54750,84846,23696,40848,19248,61149,5476,2639,2837
54755,84852,23699,40850,19250,61153,5476,2639,2837
54760,84863,23701,40854,19252,61160,5477,2639,2838
54765,84867,23701,40855,19252,61165,5477,2639,2838
54770,84877,23706,40857,19255,61171,5478,2639,2839
54775,84883,23708,40859,19256,61174,5478,2639,2839
54780,84894,23714,40864,19261,61178,5479,2639,2840
54785,84898,23717,40866,19264,61181,5479,2639,2840
54790,84908,23721,40869,19266,61186,5480,2639,2841
54795,84914,23724,40872,19269,61189,5480,2639,2841
54800,84925,23726,40877,19270,61196,5481,2639,2842
54805,84929,23727,40878,19271,61202,5481,2639,2842
54810,84939,23730,40882,19273,61209,5482,2639,2843
54815,84945,23731,40885,19273,61213,5482,2639,2843
54820,84956,23734,40889,19275,61219,5483,2639,2844
54825,84960,23735,40890,19276,61225,5483,2639,2844
54830,84970,23737,40894,19277,61233,5484,2640,2844
54835,84976,23739,40896,19278,61237,5484,2640,2844
54840,84987,23741,40902,19279,61242,5485,2641,2844
54845,84991,23743,40903,19281,61247,5485,2641,2844
54850,85001,23745,40906,19282,61256,5486,2641,2845
54855,85007,23746,40910,19283,61261,5486,2641,2845
54860,85018,23747,40915,19283,61268,5487,2641,2846
54865,85022,23749,40918,19285,61272,5487,2641,2846
54870,85032,23751,40923,19287,61281,5488,2642,2846
54875,85038,23752,40925,19287,61285,5488,2642,2846
54880,85049,23754,40931,19289,61293,5489,2643,2846
54885,85053,23755,40933,19290,61297,5489,2643,2846
54890,85063,23756,40937,19290,61307,5490,2644,2846
54895,85069,23757,40941,19290,61312,5490,2644,2846
54900,85080,23760,40950,19293,61318,5491,2645,2846
54905,85084,23762,40953,19295,61322,5491,2645,2846
54910,85094,23765,40958,19297,61329,5492,2645,2847
54915,85100,23766,40960,19298,61334,5492,2645,2847
54920,85111,23767,40964,19298,61342,5493,2646,2847
54925,85115,23769,40966,19300,61346,5493,2646,2847
54930,85125,23771,40968,19302,61354,5494,2646,2848
54935,85131,23772,40971,19303,61359,5494,2646,2848
54940,85142,23773,40977,19304,61366,5495,2647,2848
54945,85146,23775,40979,19306,61371,5495,2647,2848
54950,85156,23778,40982,19307,61378,5496,2647,2849
54955,85162,23779,40984,19308,61382,5496,2647,2849
54960,85173,23784,40991,19313,61387,5497,2648,2849
54965,85177,23788,40994,19317,61389,5497,2648,2849
54970,85187,23792,40999,19321,61395,5498,2648,2850
54975,85193,23793,41002,19321,61399,5498,2648,2850
54980,85204,23799,41008,19326,61402,5499,2648,2851
54985,85208,23801,41009,19328,61407,5499,2648,2851
54990,85218,23804,41015,19331,61413,5500,2648,2852
54995,85224,23808,41019,19335,61415,5500,2648,2852
55000,85235,23814,41027,19340,61417,5501,2648,2853
55005,85239,23819,41029,19345,61420,5501,2648,2853
55010,85249,23826,41035,19351,61423,5502,2648,2854
55015,85255,23828,41037,19352,61426,5502,2648,2854
55020,85266,23832,41043,19356,61431,5503,2648,2855
55025,85270,23835,41045,19359,61434,5503,2648,2855
55030,85280,23839,41047,19362,61441,5504,2648,2856
55035,85286,23841,41049,19363,61444,5504,2648,2856
55040,85297,23843,41056,19365,61451,5505,2649,2856
55045,85301,23845,41057,19367,61456,5505,2649,2856
55050,85311,23847,41063,19368,61464,5506,2650,2856
55055,85317,23848,41066,19368,61467,5506,2650,2856
55060,85328,23849,41075,19369,61476,5507,2651,2856
55065,85332,23851,41077,19371,61481,5507,2651,2856
55070,85342,23852,41083,19372,61490,5508,2652,2856
55075,85348,23852,41087,19372,61495,5508,2652,2856
55080,85359,23852,41094,19372,61505,5509,2653,2856
55085,85363,23852,41097,19372,61510,5509,2653,2856
55090,85373,23853,41101,19372,61520,5510,2654,2856
55095,85379,23853,41106,19372,61525,5510,2654,2856
55100,85390,23853,41111,19372,61536,5511,2655,2856
55105,85394,23853,41112,19372,61541,5511,2655,2856
55110,85404,23854,41119,19372,61550,5512,2656,2856
55115,85410,23854,41119,19372,61556,5512,2656,2856
55120,85421,23854,41124,19372,61566,5513,2657,2856
55125,85425,23854,41125,19372,61571,5513,2657,2856
55130,85435,23855,41128,19373,61580,5514,2657,2857
55135,85441,23855,41131,19373,61586,5514,2657,2857
55140,85452,23856,41135,19373,61595,5515,2658,2857
55145,85456,23857,41138,19374,61599,5515,2658,2857
55150,85466,23860,41142,19376,61606,5516,2658,2858
55155,85472,23860,41144,19376,61612,5516,2658,2858
55160,85483,23862,41149,19378,61621,5517,2658,2859
55165,85487,23862,41152,19378,61624,5517,2658,2859
55170,85497,23865,41155,19380,61632,5518,2658,2860
55175,85503,23866,41159,19380,61636,5518,2658,2860
55180,85514,23869,41162,19382,61643,5519,2658,2861
55185,85518,23870,41164,19383,61647,5519,2658,2861
55190,85528,23875,41167,19386,61653,5520,2658,2862
55195,85534,23876,41169,19387,61658,5520,2658,2862
55200,85545,23880,41173,19390,61665,5521,2658,2863
55205,85549,23880,41174,19390,61669,5521,2658,2863
55210,85559,23884,41178,19393,61675,5522,2658,2864
55215,85565,23886,41181,19395,61678,5522,2658,2864
55220,85576,23888,41182,19396,61688,5523,2659,2864
55225,85580,23889,41185,19397,61690,5523,2659,2864
55230,85590,23894,41189,19401,61696,5524,2659,2865
55235,85596,23896,41192,19402,61699,5524,2659,2865
55240,85607,23899,41195,19405,61708,5525,2659,2866
55245,85611,23900,41196,19406,61711,5525,2659,2866
55250,85621,23902,41199,19407,61718,5526,2660,2866
55255,85627,23905,41202,19410,61721,5526,2660,2866
55260,85638,23911,41207,19415,61726,5527,2660,2867
55265,85642,23913,41209,19417,61728,5527,2660,2867
55270,85652,23918,41213,19420,61734,5528,2660,2868
55275,85658,23920,41217,19421,61736,5528,2660,2868
55280,85669,23922,41223,19422,61744,5529,2661,2868
55285,85673,23924,41226,19424,61749,5529,2661,2868
55290,85683,23926,41231,19425,61756,5530,2661,2869
55295,85689,23929,41235,19428,61759,5530,2661,2869
55300,85700,23931,41240,19430,61768,5531,2661,2870
55305,85704,23931,41242,19430,61772,5531,2661,2870
55310,85714,23935,41247,19434,61779,5532,2661,2871
55315,85720,23936,41248,19434,61783,5532,2661,2871
55320,85731,23938,41253,19435,61791,5533,2662,2871
55325,85735,23940,41254,19437,61795,5533,2662,2871
55330,85745,23943,41262,19439,61801,5534,2663,2871
55335,85751,23945,41265,19441,61806,5534,2663,2871
55340,85762,23946,41268,19441,61815,5535,2664,2871
55345,85766,23947,41268,19442,61819,5535,2664,2871
55350,85776,23951,41275,19445,61824,5536,2665,2871
55355,85782,23954,41279,19447,61827,5536,2665,2871
55360,85793,23955,41284,19447,61836,5537,2665,2872
55365,85797,23957,41285,19449,61840,5537,2665,2872
55370,85807,23958,41289,19450,61848,5538,2665,2873
55375,85813,23960,41293,19452,61853,5538,2665,2873
55380,85824,23962,41297,19454,61860,5539,2665,2874
55385,85828,23964,41299,19456,61864,5539,2665,2874
55390,85838,23967,41302,19457,61870,5540,2666,2874
55395,85844,23969,41304,19458,61875,5540,2666,2874
55400,85855,23972,41309,19461,61882,5541,2666,2875
55405,85859,23973,41311,19462,61886,5541,2666,2875
55410,85869,23975,41314,19462,61894,5542,2667,2875
55415,85875,23977,41317,19463,61898,5542,2667,2875
55420,85886,23979,41321,19464,61905,5543,2668,2875
55425,85890,23982,41325,19467,61907,5543,2668,2875
55430,85900,23985,41327,19469,61915,5544,2668,2876
55435,85906,23987,41330,19470,61919,5544,2668,2876
55440,85917,23991,41333,19473,61926,5545,2668,2877
55445,85921,23991,41335,19473,61929,5545,2668,2877
55450,85931,23995,41339,19477,61936,5546,2668,2878
55455,85937,23995,41342,19477,61942,5546,2668,2878
55460,85948,23998,41350,19480,61948,5547,2669,2878
55465,85952,23999,41350,19481,61953,5547,2669,2878
55470,85962,24002,41354,19483,61960,5548,2670,2878
55475,85968,24003,41357,19484,61964,5548,2670,2878
55480,85979,24006,41360,19486,61972,5549,2671,2878
55485,85983,24007,41362,19487,61975,5549,2671,2878
55490,85993,24011,41366,19490,61982,5550,2672,2878
55495,85999,24012,41370,19491,61985,5550,2672,2878
55500,86010,24017,41377,19496,61992,5551,2673,2878
55505,86014,24019,41379,19498,61994,5551,2673,2878
55510,86024,24021,41383,19499,62003,5552,2674,2878
55515,86030,24021,41388,19499,62007,5552,2674,2878
55520,86041,24022,41392,19499,62019,5553,2674,2879
55525,86045,24022,41395,19499,62022,5553,2674,2879
55530,86055,24024,41400,19500,62031,5554,2675,2879
55535,86061,24024,41405,19500,62035,5554,2675,2879
55540,86072,24026,41412,19501,62046,5555,2676,2879
55545,86076,24026,41415,19501,62050,5555,2676,2879
55550,86086,24028,41419,19503,62058,5556,2676,2880
55555,86092,24029,41422,19503,62062,5556,2676,2880
55560,86103,24032,41429,19505,62070,5557,2677,2880
55565,86107,24032,41431,19505,62075,5557,2677,2880
55570,86117,24034,41435,19506,62083,5558,2677,2881
55575,86123,24035,41439,19506,62087,5558,2677,2881
55580,86134,24036,41443,19506,62097,5559,2677,2882
55585,86138,24036,41444,19506,62102,5559,2677,2882
55590,86148,24037,41448,19506,62111,5560,2677,2883
55595,86154,24038,41450,19507,62116,5560,2677,2883
55600,86165,24039,41452,19507,62126,5561,2678,2883
55605,86169,24039,41453,19507,62130,5561,2678,2883
55610,86179,24041,41457,19508,62137,5562,2678,2884
55615,86185,24044,41460,19510,62141,5562,2678,2884
55620,86196,24046,41466,19512,62147,5563,2678,2885
55625,86200,24049,41467,19515,62151,5563,2678,2885
55630,86210,24051,41470,19517,62159,5564,2678,2886
55635,86216,24053,41475,19519,62162,5564,2678,2886
55640,86227,24058,41484,19524,62165,5565,2678,2887
55645,86231,24061,41488,19527,62170,5565,2678,2887
55650,86241,24064,41493,19529,62176,5566,2679,2887
55655,86247,24066,41495,19530,62181,5566,2679,2887
55660,86258,24070,41501,19533,62185,5567,2679,2888
55665,86262,24073,41503,19536,62189,5567,2679,2888
55670,86272,24075,41507,19537,62196,5568,2679,2889
55675,86278,24078,41510,19539,62200,5568,2679,2889
55680,86289,24081,41514,19541,62207,5569,2680,2889
55685,86293,24083,41518,19543,62208,5569,2680,2889
55690,86303,24091,41523,19549,62212,5570,2681,2889
55695,86309,24094,41527,19551,62213,5570,2681,2889
55700,86320,24099,41532,19555,62218,5571,2681,2890
55705,86324,24103,41534,19559,62220,5571,2681,2890
55710,86334,24109,41537,19563,62225,5572,2681,2891
55715,86340,24112,41543,19566,62225,5572,2681,2891
55720,86351,24115,41548,19568,62234,5573,2681,2892
55725,86355,24116,41548,19569,62239,5573,2681,2892
55730,86365,24119,41555,19572,62245,5574,2682,2892
55735,86371,24122,41558,19575,62249,5574,2682,2892
55740,86382,24124,41562,19577,62256,5575,2682,2893
55745,86386,24125,41563,19578,62260,5575,2682,2893
55750,86396,24127,41569,19580,62269,5576,2683,2893
55755,86402,24127,41572,19580,62275,5576,2683,2893
55760,86413,24129,41577,19581,62283,5577,2684,2893
55765,86417,24129,41580,19581,62287,5577,2684,2893
55770,86427,24132,41585,19584,62295,5578,2684,2894
55775,86433,24132,41589,19584,62301,5578,2684,2894
55780,86444,24134,41595,19585,62308,5579,2685,2894
55785,86448,24134,41596,19585,62314,5579,2685,2894
55790,86458,24136,41599,19586,62322,5580,2685,2895
55795,86464,24136,41600,19586,62328,5580,2685,2895
55800,86475,24138,41604,19587,62337,5581,2686,2895
55805,86479,24138,41606,19587,62341,5581,2686,2895
55810,86489,24139,41607,19587,62350,5582,2686,2896
55815,86495,24139,41609,19587,62356,5582,2686,2896
55820,86506,24140,41613,19588,62364,5583,2686,2897
55825,86510,24141,41614,19589,62369,5583,2686,2897
55830,86520,24144,41621,19592,62376,5584,2687,2897
55835,86526,24144,41622,19592,62382,5584,2687,2897
55840,86537,24147,41627,19594,62390,5585,2687,2898
55845,86541,24147,41630,19594,62394,5585,2687,2898
55850,86551,24150,41633,19597,62401,5586,2687,2899
55855,86557,24151,41637,19598,62405,5586,2687,2899
55860,86568,24156,41643,19602,62410,5587,2688,2899
55865,86572,24157,41646,19603,62414,5587,2688,2899
55870,86582,24160,41649,19604,62422,5588,2689,2899
55875,86588,24161,41651,19604,62426,5588,2689,2899
55880,86599,24167,41655,19609,62432,5589,2689,2900
55885,86603,24167,41657,19609,62434,5589,2689,2900
55890,86613,24175,41663,19616,62438,5590,2689,2901
55895,86619,24177,41667,19618,62440,5590,2689,2901
55900,86630,24182,41675,19623,62446,5591,2690,2901
55905,86634,24185,41678,19626,62448,5591,2690,2901
55910,86644,24188,41683,19628,62456,5592,2691,2901
55915,86650,24190,41687,19629,62458,5592,2691,2901
55920,86661,24191,41689,19629,62469,5593,2691,2902
55925,86665,24192,41692,19630,62472,5593,2691,2902
55930,86675,24194,41695,19631,62481,5594,2691,2903
55935,86681,24196,41698,19633,62485,5594,2691,2903
55940,86692,24198,41702,19634,62493,5595,2692,2903
55945,86696,24199,41704,19635,62496,5595,2692,2903
55950,86706,24202,41709,19637,62503,5596,2692,2904
55955,86712,24205,41712,19639,62507,5596,2692,2904
55960,86723,24208,41720,19642,62512,5597,2692,2905
55965,86727,24211,41720,19645,62516,5597,2692,2905
55970,86737,24214,41723,19647,62522,5598,2692,2906
55975,86743,24217,41726,19650,62526,5598,2692,2906
55980,86754,24220,41733,19653,62532,5599,2693,2906
55985,86758,24222,41735,19655,62536,5599,2693,2906
55990,86768,24225,41740,19657,62543,5600,2693,2907
55995,86774,24227,41744,19658,62546,5600,2693,2907
56000,86785,24229,41751,19660,62553,5601,2693,2908
56005,86789,24231,41753,19662,62557,5601,2693,2908
56010,86799,24234,41758,19664,62565,5602,2693,2909
56015,86805,24234,41759,19664,62571,5602,2693,2909
56020,86816,24236,41762,19665,62580,5603,2693,2910
56025,86820,24237,41764,19666,62583,5603,2693,2910
56030,86830,24240,41770,19667,62590,5604,2694,2910
56035,86836,24240,41774,19667,62595,5604,2694,2910
56040,86847,24244,41780,19670,62602,5605,2695,2910
56045,86851,24245,41782,19671,62605,5605,2695,2910
56050,86861,24248,41785,19673,62613,5606,2695,2911
56055,86867,24248,41789,19673,62618,5606,2695,2911
56060,86878,24251,41793,19675,62626,5607,2695,2912
56065,86882,24252,41796,19676,62629,5607,2695,2912
56070,86892,24256,41799,19679,62636,5608,2695,2913
56075,86898,24256,41801,19679,62642,5608,2695,2913
56080,86909,24258,41807,19681,62651,5609,2696,2913
56085,86913,24258,41809,19681,62655,5609,2696,2913
56090,86923,24261,41813,19682,62662,5610,2697,2913
56095,86929,24261,41816,19682,62668,5610,2697,2913
56100,86940,24264,41825,19684,62674,5611,2698,2913
56105,86944,24265,41826,19685,62679,5611,2698,2913
56110,86954,24269,41832,19688,62685,5612,2698,2914
56115,86960,24271,41835,19690,62689,5612,2698,2914
56120,86971,24273,41837,19691,62698,5613,2698,2915
56125,86975,24274,41840,19692,62700,5613,2698,2915
56130,86985,24280,41844,19696,62705,5614,2699,2915
56135,86991,24281,41845,19696,62709,5614,2699,2915
56140,87002,24286,41852,19700,62715,5615,2700,2915
56145,87006,24288,41854,19702,62718,5615,2700,2915
56150,87016,24292,41859,19705,62723,5616,2701,2915
56155,87022,24295,41863,19708,62725,5616,2701,2915
56160,87033,24301,41870,19713,62730,5617,2702,2915
56165,87037,24302,41873,19714,62734,5617,2702,2915
56170,87047,24304,41876,19716,62743,5618,2702,2916
56175,87053,24306,41879,19718,62746,5618,2702,2916
56180,87064,24308,41884,19720,62754,5619,2702,2917
56185,87068,24309,41885,19721,62759,5619,2702,2917
56190,87078,24311,41890,19723,62766,5620,2702,2918
56195,87084,24313,41893,19724,62770,5620,2702,2918
56200,87095,24315,41896,19725,62780,5621,2702,2919
56205,87099,24315,41900,19725,62783,5621,2702,2919
56210,87109,24317,41905,19727,62792,5622,2703,2919
56215,87115,24319,41909,19729,62795,5622,2703,2919
56220,87126,24321,41914,19730,62803,5623,2704,2919
56225,87130,24323,41918,19732,62806,5623,2704,2919
56230,87140,24325,41923,19734,62814,5624,2704,2920
56235,87146,24328,41927,19737,62818,5624,2704,2920
56240,87157,24329,41930,19738,62828,5625,2705,2920
56245,87161,24329,41934,19738,62831,5625,2705,2920
56250,87171,24332,41938,19740,62839,5626,2705,2921
56255,87177,24333,41940,19740,62844,5626,2705,2921
56260,87188,24335,41947,19742,62850,5627,2706,2921
56265,87192,24337,41950,19744,62854,5627,2706,2921
56270,87202,24340,41954,19745,62861,5628,2706,2922
56275,87208,24342,41956,19746,62866,5628,2706,2922
56280,87219,24344,41960,19747,62874,5629,2707,2922
56285,87223,24345,41962,19748,62878,5629,2707,2922
56290,87233,24349,41967,19751,62883,5630,2708,2922
56295,87239,24352,41970,19754,62887,5630,2708,2922
56300,87250,24355,41977,19757,62893,5631,2709,2922
56305,87254,24357,41979,19759,62897,5631,2709,2922
56310,87264,24360,41985,19761,62903,5632,2710,2922
56315,87270,24362,41987,19762,62907,5632,2710,2922
56320,87281,24366,41993,19765,62913,5633,2711,2922
56325,87285,24368,41995,19767,62917,5633,2711,2922
56330,87295,24372,42004,19770,62923,5634,2712,2922
56335,87301,24372,42005,19770,62929,5634,2712,2922
56340,87312,24374,42010,19771,62935,5635,2712,2923
56345,87316,24375,42011,19772,62941,5635,2712,2923
56350,87326,24377,42017,19774,62949,5636,2713,2923
56355,87332,24377,42021,19774,62955,5636,2713,2923
56360,87343,24379,42028,19776,62962,5637,2714,2923
56365,87347,24381,42032,19778,62965,5637,2714,2923
56370,87357,24385,42034,19780,62972,5638,2714,2924
56375,87363,24385,42036,19780,62978,5638,2714,2924
56380,87374,24388,42045,19782,62984,5639,2715,2924
56385,87378,24390,42045,19784,62988,5639,2715,2924
56390,87388,24395,42051,19788,62993,5640,2715,2925
56395,87394,24396,42053,19789,62997,5640,2715,2925
56400,87405,24399,42057,19792,63005,5641,2715,2926
56405,87409,24401,42058,19794,63008,5641,2715,2926
56410,87419,24407,42065,19799,63012,5642,2715,2927
56415,87425,24408,42069,19800,63015,5642,2715,2927
56420,87436,24413,42076,19805,63022,5643,2716,2927
56425,87440,24413,42077,19805,63027,5643,2716,2927
56430,87450,24415,42081,19807,63035,5644,2716,2928
56435,87456,24416,42083,19808,63039,5644,2716,2928
56440,87467,24419,42089,19811,63048,5645,2716,2929
56445,87471,24419,42091,19811,63052,5645,2716,2929
56450,87481,24420,42095,19812,63060,5646,2717,2929
56455,87487,24422,42099,19814,63063,5646,2717,2929
56460,87498,24424,42105,19815,63072,5647,2717,2930
56465,87502,24426,42108,19817,63075,5647,2717,2930
56470,87512,24428,42112,19819,63084,5648,2717,2931
56475,87518,24429,42114,19819,63088,5648,2717,2931
56480,87529,24430,42119,19819,63097,5649,2718,2931
56485,87533,24431,42122,19820,63101,5649,2718,2931
56490,87543,24434,42130,19823,63108,5650,2719,2931
56495,87549,24437,42135,19826,63111,5650,2719,2931
56500,87560,24440,42140,19829,63120,5651,2719,2932
56505,87564,24440,42142,19829,63124,5651,2719,2932
56510,87574,24442,42147,19831,63132,5652,2719,2933
56515,87580,24444,42152,19833,63136,5652,2719,2933
56520,87591,24445,42157,19833,63144,5653,2720,2933
56525,87595,24446,42157,19834,63149,5653,2720,2933
56530,87605,24448,42162,19835,63156,5654,2720,2934
56535,87611,24450,42166,19837,63161,5654,2720,2934
56540,87622,24453,42170,19839,63168,5655,2721,2934
56545,87626,24454,42172,19840,63172,5655,2721,2934
56550,87636,24459,42179,19843,63177,5656,2722,2934
56555,87642,24460,42180,19843,63182,5656,2722,2934
56560,87653,24461,42183,19844,63191,5657,2722,2935
56565,87657,24463,42184,19846,63194,5657,2722,2935
56570,87667,24468,42191,19851,63199,5658,2722,2936
56575,87673,24470,42195,19853,63203,5658,2722,2936
56580,87684,24473,42201,19856,63209,5659,2723,2936
56585,87688,24476,42203,19859,63212,5659,2723,2936
56590,87698,24480,42208,19862,63218,5660,2724,2936
56595,87704,24482,42209,19863,63222,5660,2724,2936
56600,87715,24486,42214,19866,63227,5661,2724,2937
56605,87719,24489,42217,19869,63229,5661,2724,2937
56610,87729,24495,42221,19874,63234,5662,2724,2938
56615,87735,24497,42225,19876,63236,5662,2724,2938
56620,87746,24500,42229,19879,63243,5663,2724,2939
56625,87750,24504,42231,19883,63246,5663,2724,2939
56630,87760,24509,42238,19888,63250,5664,2725,2939
56635,87766,24513,42242,19891,63251,5664,2725,2939
56640,87777,24519,42250,19897,63255,5665,2726,2939
56645,87781,24522,42251,19900,63258,5665,2726,2939
56650,87791,24526,42257,19904,63265,5666,2727,2939
56655,87797,24527,42261,19904,63268,5666,2727,2939
56660,87808,24530,42267,19906,63275,5667,2727,2940
56665,87812,24532,42271,19908,63279,5667,2727,2940
56670,87822,24535,42277,19911,63287,5668,2728,2940
56675,87828,24537,42279,19912,63291,5668,2728,2940
56680,87839,24540,42287,19915,63298,5669,2728,2941
56685,87843,24540,42289,19915,63302,5669,2728,2941
56690,87853,24542,42294,19916,63311,5670,2729,2941
56695,87859,24542,42297,19916,63317,5670,2729,2941
56700,87870,24544,42301,19917,63326,5671,2729,2942
56705,87874,24544,42304,19917,63329,5671,2729,2942
56710,87884,24547,42309,19920,63337,5672,2729,2943
56715,87890,24547,42312,19920,63343,5672,2729,2943
56720,87901,24548,42317,19920,63353,5673,2730,2943
56725,87905,24548,42318,19920,63357,5673,2730,2943
56730,87915,24550,42322,19922,63365,5674,2730,2944
56735,87921,24550,42323,19922,63371,5674,2730,2944
56740,87932,24551,42328,19922,63381,5675,2731,2944
56745,87936,24551,42329,19922,63385,5675,2731,2944
56750,87946,24555,42335,19924,63391,5676,2732,2944
56755,87952,24555,42336,19924,63397,5676,2732,2944
56760,87963,24558,42341,19926,63403,5677,2732,2945
56765,87967,24559,42344,19927,63408,5677,2732,2945
56770,87977,24561,42350,19929,63416,5678,2732,2946
56775,87983,24561,42355,19929,63421,5678,2732,2946
56780,87994,24562,42361,19930,63430,5679,2732,2947
56785,87998,24563,42363,19931,63435,5679,2732,2947
56790,88008,24565,42369,19933,63443,5680,2732,2948
56795,88014,24566,42369,19933,63448,5680,2732,2948
56800,88025,24567,42373,19934,63458,5681,2733,2948
56805,88029,24567,42374,19934,63462,5681,2733,2948
56810,88039,24572,42380,19937,63466,5682,2734,2948
56815,88045,24576,42382,19940,63469,5682,2734,2948
56820,88056,24577,42388,19941,63475,5683,2734,2949
56825,88060,24581,42390,19945,63478,5683,2734,2949
56830,88070,24586,42395,19949,63483,5684,2734,2950
56835,88076,24589,42397,19951,63486,5684,2734,2950
56840,88087,24591,42401,19953,63494,5685,2734,2951
56845,88091,24593,42402,19955,63497,5685,2734,2951
56850,88101,24598,42407,19959,63503,5686,2734,2952
56855,88107,24600,42409,19961,63507,5686,2734,2952
56860,88118,24602,42416,19963,63512,5687,2735,2952
56865,88122,24607,42420,19968,63513,5687,2735,2952
56870,88132,24613,42425,19974,63518,5688,2735,2953
56875,88138,24615,42425,19975,63523,5688,2735,2953
56880,88149,24617,42426,19976,63532,5689,2735,2954
56885,88153,24617,42427,19976,63536,5689,2735,2954
56890,88163,24619,42431,19977,63543,5690,2735,2955
56895,88169,24622,42436,19980,63546,5690,2735,2955
56900,88180,24623,42442,19980,63554,5691,2736,2955
56905,88184,24625,42444,19982,63558,5691,2736,2955
56910,88194,24628,42448,19984,63566,5692,2736,2956
56915,88200,24629,42450,19984,63570,5692,2736,2956
56920,88211,24631,42456,19986,63578,5693,2736,2957
56925,88215,24632,42457,19987,63582,5693,2736,2957
56930,88225,24634,42461,19989,63591,5694,2737,2957
56935,88231,24634,42463,19989,63597,5694,2737,2957
56940,88242,24636,42467,19990,63605,5695,2737,2958
56945,88246,24636,42470,19990,63610,5695,2737,2958
56950,88256,24638,42476,19991,63618,5696,2738,2958
56955,88262,24638,42478,19991,63624,5696,2738,2958
56960,88273,24640,42483,19992,63632,5697,2739,2958
56965,88277,24640,42484,19992,63637,5697,2739,2958
56970,88287,24641,42485,19992,63646,5698,2739,2959
56975,88293,24641,42490,19992,63652,5698,2739,2959
56980,88304,24643,42496,19993,63660,5699,2739,2960
56985,88308,24643,42496,19993,63665,5699,2739,2960
56990,88318,24647,42505,19996,63671,5700,2740,2960
56995,88324,24647,42507,19996,63677,5700,2740,2960
57000,88335,24649,42513,19998,63686,5701,2741,2960
57005,88339,24649,42516,19998,63690,5701,2741,2960
57010,88349,24653,42521,20000,63696,5702,2741,2961
57015,88355,24653,42523,20000,63702,5702,2741,2961
57020,88366,24657,42531,20004,63707,5703,2741,2962
57025,88370,24658,42533,20005,63711,5703,2741,2962
57030,88380,24663,42540,20010,63717,5704,2742,2962
57035,88386,24664,42545,20011,63721,5704,2742,2962
57040,88397,24667,42548,20013,63729,5705,2742,2963
57045,88401,24668,42549,20014,63732,5705,2742,2963
57050,88411,24672,42553,20018,63739,5706,2743,2963
57055,88417,24673,42554,20018,63743,5706,2743,2963
57060,88428,24677,42560,20022,63749,5707,2743,2964
57065,88432,24679,42562,20024,63752,5707,2743,2964
57070,88442,24684,42565,20027,63758,5708,2744,2964
57075,88448,24686,42567,20028,63761,5708,2744,2964
57080,88459,24689,42571,20031,63769,5709,2744,2965
57085,88463,24691,42574,20033,63771,5709,2744,2965
57090,88473,24694,42578,20035,63779,5710,2744,2966
57095,88479,24695,42583,20036,63782,5710,2744,2966
57100,88490,24697,42588,20038,63792,5711,2744,2967
57105,88494,24697,42590,20038,63796,5711,2744,2967
57110,88504,24701,42595,20041,63803,5712,2745,2967
57115,88510,24703,42598,20042,63806,5712,2745,2967
57120,88521,24704,42603,20043,63815,5713,2746,2967
57125,88525,24705,42606,20044,63820,5713,2746,2967
57130,88535,24707,42612,20046,63828,5714,2747,2967
57135,88541,24709,42616,20047,63832,5714,2747,2967
57140,88552,24712,42620,20050,63840,5715,2747,2968
57145,88556,24712,42622,20050,63844,5715,2747,2968
57150,88566,24714,42626,20051,63852,5716,2747,2969
57155,88572,24716,42629,20053,63856,5716,2747,2969
57160,88583,24718,42635,20055,63864,5717,2747,2970
57165,88587,24719,42637,20056,63868,5717,2747,2970
57170,88597,24722,42641,20059,63875,5718,2747,2971
57175,88603,24723,42643,20060,63880,5718,2747,2971
57180,88614,24724,42649,20061,63888,5719,2747,2972
57185,88618,24726,42650,20063,63892,5719,2747,2972
57190,88628,24730,42656,20066,63898,5720,2748,2972
57195,88634,24732,42660,20068,63901,5720,2748,2972
57200,88645,24735,42665,20070,63907,5721,2749,2972
57205,88649,24738,42666,20073,63911,5721,2749,2972
57210,88659,24742,42670,20075,63916,5722,2749,2973
57215,88665,24745,42673,20078,63920,5722,2749,2973
57220,88676,24747,42677,20079,63927,5723,2749,2974
57225,88680,24749,42678,20081,63931,5723,2749,2974
57230,88690,24753,42682,20083,63936,5724,2750,2974
57235,88696,24755,42683,20085,63941,5724,2750,2974
57240,88707,24758,42690,20087,63945,5725,2751,2974
57245,88711,24763,42692,20092,63947,5725,2751,2974
57250,88721,24770,42697,20097,63951,5726,2751,2975
57255,88727,24771,42702,20097,63955,5726,2751,2975
57260,88738,24776,42708,20101,63962,5727,2751,2976
57265,88742,24776,42709,20101,63966,5727,2751,2976
57270,88752,24779,42716,20103,63973,5728,2752,2976
57275,88758,24780,42719,20103,63977,5728,2752,2976
57280,88769,24785,42725,20108,63983,5729,2752,2977
57285,88773,24787,42727,20110,63985,5729,2752,2977
57290,88783,24791,42730,20112,63992,5730,2752,2978
57295,88789,24792,42731,20112,63997,5730,2752,2978
57300,88800,24796,42735,20115,64004,5731,2753,2978
57305,88804,24796,42735,20115,64008,5731,2753,2978
57310,88814,24799,42741,20116,64015,5732,2754,2978
57315,88820,24800,42744,20117,64020,5732,2754,2978
57320,88831,24804,42752,20121,64026,5733,2755,2978
57325,88835,24805,42755,20122,64029,5733,2755,2978
57330,88845,24809,42759,20125,64036,5734,2756,2978
57335,88851,24810,42760,20126,64041,5734,2756,2978
57340,88862,24812,42762,20127,64050,5735,2756,2979
57345,88866,24813,42765,20128,64052,5735,2756,2979
57350,88876,24817,42771,20131,64058,5736,2757,2979
57355,88882,24820,42774,20133,64061,5736,2757,2979
57360,88893,24824,42780,20137,64067,5737,2757,2980
57365,88897,24825,42780,20138,64072,5737,2757,2980
57370,88907,24828,42786,20140,64078,5738,2758,2980
57375,88913,24831,42789,20143,64082,5738,2758,2980
57380,88924,24834,42794,20145,64089,5739,2758,2981
57385,88928,24835,42796,20146,64093,5739,2758,2981
57390,88938,24838,42800,20148,64100,5740,2759,2981
57395,88944,24839,42803,20149,64104,5740,2759,2981
57400,88955,24841,42808,20150,64112,5741,2760,2981
57405,88959,24842,42809,20151,64116,5741,2760,2981
57410,88969,24846,42814,20155,64123,5742,2760,2982
57415,88975,24848,42818,20157,64126,5742,2760,2982
57420,88986,24850,42820,20158,64135,5743,2760,2983
57425,88990,24850,42822,20158,64139,5743,2760,2983
57430,89000,24853,42827,20161,64147,5744,2760,2984
57435,89006,24853,42829,20161,64152,5744,2760,2984
57440,89017,24854,42834,20161,64163,5745,2761,2984
57445,89021,24854,42836,20161,64167,5745,2761,2984
57450,89031,24856,42840,20163,64175,5746,2762,2984
57455,89037,24856,42842,20163,64180,5746,2762,2984
57460,89048,24858,42851,20165,64188,5747,2763,2984
57465,89052,24858,42853,20165,64193,5747,2763,2984
57470,89062,24861,42859,20168,64201,5748,2764,2984
57475,89068,24861,42862,20168,64206,5748,2764,2984
57480,89079,24864,42866,20171,64214,5749,2764,2985
57485,89083,24864,42866,20171,64219,5749,2764,2985
57490,89093,24866,42870,20173,64227,5750,2764,2986
57495,89099,24866,42873,20173,64232,5750,2764,2986
57500,89110,24869,42878,20176,64239,5751,2764,2987
57505,89114,24870,42879,20177,64243,5751,2764,2987
57510,89124,24874,42885,20181,64250,5752,2765,2987
57515,89130,24874,42887,20181,64256,5752,2765,2987
57520,89141,24876,42892,20183,64264,5753,2765,2988
57525,89145,24876,42894,20183,64269,5753,2765,2988
57530,89155,24879,42900,20186,64275,5754,2765,2989
57535,89161,24882,42903,20188,64278,5754,2765,2989
57540,89172,24886,42906,20191,64286,5755,2766,2989
57545,89176,24887,42910,20192,64288,5755,2766,2989
57550,89186,24892,42915,20196,64293,5756,2766,2990
57555,89192,24894,42919,20198,64297,5756,2766,2990
57560,89203,24898,42925,20202,64303,5757,2767,2990
57565,89207,24900,42928,20204,64307,5757,2767,2990
57570,89217,24903,42931,20205,64313,5758,2767,2991
57575,89223,24906,42936,20207,64316,5758,2767,2991
57580,89234,24910,42942,20211,64321,5759,2767,2992
57585,89238,24914,42945,20215,64323,5759,2767,2992
57590,89248,24918,42949,20218,64330,5760,2767,2993
57595,89254,24920,42954,20220,64334,5760,2767,2993
57600,89265,24923,42959,20223,64341,5761,2768,2993
57605,89269,24924,42961,20224,64344,5761,2768,2993
57610,89279,24928,42964,20227,64351,5762,2768,2994
57615,89285,24930,42967,20228,64353,5762,2768,2994
57620,89296,24936,42972,20234,64359,5763,2768,2995
57625,89300,24937,42974,20235,64363,5763,2768,2995
57630,89310,24939,42977,20236,64371,5764,2768,2996
57635,89316,24941,42980,20237,64374,5764,2768,2996
57640,89327,24943,42984,20238,64382,5765,2769,2996
57645,89331,24945,42985,20240,64385,5765,2769,2996
57650,89341,24947,42989,20241,64394,5766,2769,2997
57655,89347,24948,42992,20242,64398,5766,2769,2997
57660,89358,24951,42995,20244,64407,5767,2770,2997
57665,89362,24951,42997,20244,64411,5767,2770,2997
57670,89372,24954,43000,20246,64418,5768,2770,2998
57675,89378,24956,43004,20248,64422,5768,2770,2998
57680,89389,24959,43009,20250,64430,5769,2770,2999
57685,89393,24959,43010,20250,64433,5769,2770,2999
57690,89403,24961,43016,20251,64442,5770,2771,2999
57695,89409,24962,43018,20251,64447,5770,2771,2999
57700,89420,24964,43023,20252,64455,5771,2772,2999
57705,89424,24964,43024,20252,64459,5771,2772,2999
57710,89434,24966,43029,20254,64468,5772,2772,3000
57715,89440,24967,43031,20255,64472,5772,2772,3000
57720,89451,24968,43035,20256,64483,5773,2772,3001
57725,89455,24968,43038,20256,64486,5773,2772,3001
57730,89465,24970,43041,20256,64495,5774,2773,3001
57735,89471,24971,43045,20256,64499,5774,2773,3001
57740,89482,24973,43050,20258,64509,5775,2773,3002
57745,89486,24973,43052,20258,64513,5775,2773,3002
57750,89496,24976,43057,20261,64520,5776,2773,3003
57755,89502,24977,43062,20262,64524,5776,2773,3003
57760,89513,24981,43071,20265,64530,5777,2774,3003
57765,89517,24982,43074,20266,64535,5777,2774,3003
57770,89527,24985,43079,20268,64542,5778,2775,3003
57775,89533,24986,43082,20268,64546,5778,2775,3003
57780,89544,24991,43090,20273,64549,5779,2775,3004
57785,89548,24994,43094,20276,64554,5779,2775,3004
57790,89558,24997,43100,20278,64560,5780,2775,3005
57795,89564,24999,43102,20279,64564,5780,2775,3005
57800,89575,25004,43108,20283,64569,5781,2776,3005
57805,89579,25005,43110,20284,64574,5781,2776,3005
57810,89589,25009,43115,20287,64580,5782,2777,3005
57815,89595,25011,43119,20289,64584,5782,2777,3005
57820,89606,25014,43126,20292,64589,5783,2778,3005
57825,89610,25017,43129,20295,64592,5783,2778,3005
57830,89620,25023,43135,20299,64597,5784,2779,3005
57835,89626,25023,43138,20299,64603,5784,2779,3005
57840,89637,25025,43142,20301,64610,5785,2779,3006
57845,89641,25026,43144,20302,64614,5785,2779,3006
57850,89651,25031,43148,20306,64620,5786,2779,3007
57855,89657,25032,43152,20307,64623,5786,2779,3007
57860,89668,25035,43158,20309,64630,5787,2780,3007
57865,89672,25038,43160,20312,64634,5787,2780,3007
57870,89682,25043,43165,20316,64639,5788,2780,3008
57875,89688,25043,43167,20316,64643,5788,2780,3008
57880,89699,25047,43172,20319,64651,5789,2780,3009
57885,89703,25048,43174,20320,64654,5789,2780,3009
57890,89713,25049,43176,20320,64664,5790,2780,3010
57895,89719,25049,43180,20320,64668,5790,2780,3010
57900,89730,25050,43186,20320,64680,5791,2781,3010
57905,89734,25050,43187,20320,64683,5791,2781,3010
57910,89744,25051,43193,20321,64693,5792,2782,3010
57915,89750,25051,43194,20321,64699,5792,2782,3010
57920,89761,25052,43201,20321,64708,5793,2783,3010
57925,89765,25052,43203,20321,64713,5793,2783,3010
57930,89775,25053,43209,20322,64722,5794,2784,3010
57935,89781,25054,43211,20323,64727,5794,2784,3010
57940,89792,25056,43221,20325,64735,5795,2785,3010
57945,89796,25056,43223,20325,64740,5795,2785,3010
57950,89806,25057,43228,20325,64749,5796,2785,3011
57955,89812,25058,43232,20326,64754,5796,2785,3011
57960,89823,25060,43237,20328,64762,5797,2786,3011
57965,89827,25060,43238,20328,64767,5797,2786,3011
57970,89837,25061,43243,20328,64776,5798,2787,3011
57975,89843,25062,43243,20328,64781,5798,2787,3011
57980,89854,25064,43247,20329,64790,5799,2788,3011
57985,89858,25064,43250,20329,64794,5799,2788,3011
57990,89868,25067,43257,20332,64801,5800,2789,3011
57995,89874,25068,43259,20332,64805,5800,2789,3011
58000,89885,25072,43266,20335,64811,5801,2790,3011
58005,89889,25073,43266,20336,64816,5801,2790,3011
58010,89899,25075,43268,20337,64824,5802,2790,3012
58015,89905,25076,43273,20338,64827,5802,2790,3012
58020,89916,25080,43279,20341,64835,5803,2791,3012
58025,89920,25080,43281,20341,64839,5803,2791,3012
58030,89930,25083,43286,20344,64846,5804,2791,3013
58035,89936,25086,43290,20347,64848,5804,2791,3013
58040,89947,25090,43298,20351,64855,5805,2792,3013
58045,89951,25091,43299,20352,64859,5805,2792,3013
58050,89961,25094,43303,20354,64867,5806,2792,3014
58055,89967,25095,43307,20355,64870,5806,2792,3014
58060,89978,25098,43310,20357,64880,5807,2793,3014
58065,89982,25098,43312,20357,64884,5807,2793,3014
58070,89992,25101,43314,20359,64891,5808,2793,3015
58075,89998,25103,43316,20360,64895,5808,2793,3015
58080,90009,25107,43325,20364,64899,5809,2794,3015
58085,90013,25110,43326,20367,64902,5809,2794,3015
58090,90023,25116,43333,20372,64906,5810,2795,3015
58095,90029,25119,43337,20375,64908,5810,2795,3015
58100,90040,25123,43340,20378,64915,5811,2795,3016
58105,90044,25126,43342,20381,64917,5811,2795,3016
58110,90054,25130,43346,20385,64924,5812,2795,3017
58115,90060,25132,43348,20386,64927,5812,2795,3017
58120,90071,25135,43353,20389,64934,5813,2796,3017
58125,90075,25137,43355,20391,64937,5813,2796,3017
58130,90085,25142,43360,20396,64943,5814,2797,3017
58135,90091,25144,43364,20398,64945,5814,2797,3017
58140,90102,25147,43370,20401,64954,5815,2797,3018
58145,90106,25148,43372,20402,64958,5815,2797,3018
58150,90116,25149,43379,20403,64967,5816,2798,3018
58155,90122,25149,43382,20403,64973,5816,2798,3018
58160,90133,25150,43387,20403,64982,5817,2799,3018
58165,90137,25150,43389,20403,64987,5817,2799,3018
58170,90147,25151,43396,20404,64996,5818,2800,3018
58175,90153,25151,43401,20404,65001,5818,2800,3018
58180,90164,25152,43406,20405,65012,5819,2801,3018
58185,90168,25152,43407,20405,65016,5819,2801,3018
58190,90178,25153,43409,20405,65025,5820,2801,3019
58195,90184,25153,43412,20405,65031,5820,2801,3019
58200,90195,25154,43417,20406,65041,5821,2802,3019
58205,90199,25154,43419,20406,65044,5821,2802,3019
58210,90209,25155,43422,20406,65054,5822,2802,3020
58215,90215,25155,43423,20406,65060,5822,2802,3020
58220,90226,25156,43427,20407,65070,5823,2802,3021
58225,90230,25156,43429,20407,65073,5823,2802,3021
58230,90240,25157,43432,20407,65083,5824,2803,3021
58235,90246,25157,43433,20407,65088,5824,2803,3021
58240,90257,25158,43435,20407,65098,5825,2803,3022
58245,90261,25158,43437,20407,65102,5825,2803,3022
58250,90271,25161,43440,20408,65110,5826,2803,3023
58255,90277,25162,43445,20409,65115,5826,2803,3023
58260,90288,25165,43450,20411,65122,5827,2803,3024
58265,90292,25166,43451,20412,65126,5827,2803,3024
58270,90302,25168,43457,20413,65134,5828,2804,3024
58275,90308,25169,43460,20414,65139,5828,2804,3024
58280,90319,25170,43464,20414,65149,5829,2804,3025
58285,90323,25170,43467,20414,65153,5829,2804,3025
58290,90333,25172,43473,20415,65161,5830,2805,3025
58295,90339,25173,43475,20415,65166,5830,2805,3025
58300,90350,25174,43482,20416,65174,5831,2805,3026
58305,90354,25175,43482,20417,65179,5831,2805,3026
58310,90364,25179,43485,20419,65185,5832,2805,3027
58315,90370,25181,43487,20420,65188,5832,2805,3027
58320,90381,25183,43490,20421,65197,5833,2805,3028
58325,90385,25184,43490,20422,65201,5833,2805,3028
58330,90395,25189,43496,20426,65206,5834,2806,3028
58335,90401,25190,43498,20427,65211,5834,2806,3028
58340,90412,25192,43502,20428,65217,5835,2806,3029
58345,90416,25195,43505,20431,65220,5835,2806,3029
58350,90426,25200,43512,20436,65226,5836,2807,3029
58355,90432,25202,43516,20438,65229,5836,2807,3029
58360,90443,25206,43521,20442,65236,5837,2808,3029
58365,90447,25207,43524,20443,65238,5837,2808,3029
58370,90457,25214,43530,20450,65243,5838,2809,3029
58375,90463,25215,43531,20450,65247,5838,2809,3029
58380,90474,25219,43538,20454,65252,5839,2809,3030
58385,90478,25223,43540,20458,65254,5839,2809,3030
58390,90488,25229,43545,20463,65259,5840,2810,3030
58395,90494,25232,43549,20466,65261,5840,2810,3030
58400,90505,25237,43555,20471,65267,5841,2810,3031
58405,90509,25239,43558,20473,65268,5841,2810,3031
58410,90519,25241,43563,20474,65278,5842,2811,3031
58415,90525,25241,43566,20474,65283,5842,2811,3031
58420,90536,25242,43571,20475,65292,5843,2811,3032
58425,90540,25242,43574,20475,65297,5843,2811,3032
58430,90550,25243,43581,20475,65307,5844,2811,3033
58435,90556,25243,43583,20475,65312,5844,2811,3033
58440,90567,25244,43587,20475,65322,5845,2812,3033
58445,90571,25244,43588,20475,65327,5845,2812,3033
58450,90581,25245,43594,20476,65336,5846,2812,3034
58455,90587,25245,43596,20476,65341,5846,2812,3034
58460,90598,25246,43600,20477,65352,5847,2812,3035
58465,90602,25246,43601,20477,65356,5847,2812,3035
58470,90612,25247,43604,20478,65365,5848,2812,3036
58475,90618,25247,43606,20478,65370,5848,2812,3036
58480,90629,25248,43612,20478,65381,5849,2812,3037
58485,90633,25248,43613,20478,65385,5849,2812,3037
58490,90643,25249,43617,20479,65394,5850,2812,3038
58495,90649,25249,43620,20479,65399,5850,2812,3038
58500,90660,25250,43627,20480,65409,5851,2812,3039
58505,90664,25250,43629,20480,65414,5851,2812,3039
58510,90674,25252,43637,20482,65422,5852,2813,3039
58515,90680,25253,43639,20483,65426,5852,2813,3039
58520,90691,25254,43643,20484,65437,5853,2813,3040
58525,90695,25254,43645,20484,65441,5853,2813,3040
58530,90705,25257,43649,20486,65448,5854,2813,3041
58535,90711,25258,43652,20487,65452,5854,2813,3041
58540,90722,25260,43659,20489,65460,5855,2813,3042
58545,90726,25261,43661,20490,65464,5855,2813,3042
58550,90736,25267,43666,20496,65469,5856,2813,3043
58555,90742,25269,43670,20498,65471,5856,2813,3043
58560,90753,25274,43673,20502,65478,5857,2813,3044
58565,90757,25275,43674,20503,65482,5857,2813,3044
58570,90767,25279,43678,20505,65488,5858,2813,3045
58575,90773,25281,43681,20506,65491,5858,2813,3045
58580,90784,25285,43686,20510,65499,5859,2814,3045
58585,90788,25286,43688,20511,65502,5859,2814,3045
58590,90798,25289,43692,20513,65508,5860,2815,3045
58595,90804,25292,43695,20516,65511,5860,2815,3045
58600,90815,25294,43700,20518,65517,5861,2815,3046
58605,90819,25298,43702,20522,65521,5861,2815,3046
58610,90829,25302,43707,20524,65526,5862,2815,3047
58615,90835,25305,43711,20526,65529,5862,2815,3047
58620,90846,25308,43716,20529,65536,5863,2815,3048
58625,90850,25311,43717,20532,65539,5863,2815,3048
58630,90860,25313,43718,20532,65547,5864,2815,3049
58635,90866,25314,43721,20533,65552,5864,2815,3049
58640,90877,25316,43725,20534,65559,5865,2816,3049
58645,90881,25317,43726,20535,65564,5865,2816,3049
58650,90891,25320,43731,20538,65571,5866,2817,3049
58655,90897,25321,43733,20538,65575,5866,2817,3049
58660,90908,25324,43740,20541,65581,5867,2818,3049
58665,90912,25328,43743,20545,65583,5867,2818,3049
58670,90922,25332,43744,20547,65590,5868,2818,3050
58675,90928,25334,43746,20549,65594,5868,2818,3050
58680,90939,25337,43755,20552,65600,5869,2819,3050
58685,90943,25339,43756,20554,65604,5869,2819,3050
58690,90953,25340,43761,20554,65613,5870,2820,3050
58695,90959,25340,43764,20554,65619,5870,2820,3050
58700,90970,25341,43770,20555,65627,5871,2820,3051
58705,90974,25341,43772,20555,65632,5871,2820,3051
58710,90984,25342,43775,20555,65642,5872,2820,3052
58715,90990,25342,43776,20555,65648,5872,2820,3052
58720,91001,25343,43783,20556,65657,5873,2820,3053
58725,91005,25343,43784,20556,65661,5873,2820,3053
58730,91015,25344,43788,20557,65671,5874,2820,3054
58735,91021,25344,43791,20557,65676,5874,2820,3054
58740,91032,25345,43795,20557,65686,5875,2820,3055
58745,91036,25345,43798,20557,65690,5875,2820,3055
58750,91046,25346,43804,20558,65700,5876,2820,3056
58755,91052,25346,43806,20558,65706,5876,2820,3056
58760,91063,25347,43813,20558,65715,5877,2820,3057
58765,91067,25347,43815,20558,65719,5877,2820,3057
58770,91077,25348,43820,20558,65729,5878,2821,3057
58775,91083,25348,43825,20558,65734,5878,2821,3057
58780,91094,25349,43831,20558,65744,5879,2822,3057
58785,91098,25349,43832,20558,65749,5879,2822,3057
58790,91108,25350,43837,20559,65758,5880,2822,3058
58795,91114,25351,43838,20559,65762,5880,2822,3058
58800,91125,25352,43844,20559,65772,5881,2823,3058
58805,91129,25353,43847,20560,65776,5881,2823,3058
58810,91139,25355,43851,20561,65784,5882,2823,3059
58815,91145,25356,43856,20562,65788,5882,2823,3059
58820,91156,25358,43862,20564,65796,5883,2824,3059
58825,91160,25359,43864,20565,65801,5883,2824,3059
58830,91170,25361,43866,20565,65809,5884,2825,3059
58835,91176,25362,43869,20566,65814,5884,2825,3059
58840,91187,25363,43873,20567,65823,5885,2826,3059
58845,91191,25364,43877,20568,65827,5885,2826,3059
58850,91201,25366,43880,20569,65835,5886,2826,3060
58855,91207,25367,43885,20570,65839,5886,2826,3060
58860,91218,25370,43892,20572,65845,5887,2827,3060
58865,91222,25373,43893,20575,65849,5887,2827,3060
58870,91232,25376,43896,20577,65856,5888,2827,3061
58875,91238,25378,43901,20578,65859,5888,2827,3061
58880,91249,25382,43907,20582,65865,5889,2828,3061
58885,91253,25385,43910,20585,65867,5889,2828,3061
58890,91263,25389,43917,20589,65873,5890,2829,3061
58895,91269,25392,43923,20592,65876,5890,2829,3061
58900,91280,25397,43931,20597,65881,5891,2830,3061
58905,91284,25398,43933,20598,65885,5891,2830,3061
58910,91294,25405,43939,20605,65889,5892,2830,3062
58915,91300,25408,43942,20607,65891,5892,2830,3062
58920,91311,25411,43946,20610,65899,5893,2831,3062
58925,91315,25413,43948,20612,65902,5893,2831,3062
58930,91325,25419,43955,20618,65906,5894,2832,3062
58935,91331,25421,43958,20620,65909,5894,2832,3062
58940,91342,25425,43965,20624,65916,5895,2833,3062
58945,91346,25426,43967,20625,65920,5895,2833,3062
58950,91356,25428,43970,20626,65927,5896,2834,3062
58955,91362,25431,43974,20628,65930,5896,2834,3062
58960,91373,25433,43979,20629,65937,5897,2834,3063
58965,91377,25435,43980,20631,65941,5897,2834,3063
58970,91387,25436,43986,20632,65951,5898,2834,3064
58975,91393,25436,43989,20632,65955,5898,2834,3064
58980,91404,25437,43995,20633,65966,5899,2834,3065
58985,91408,25437,43995,20633,65971,5899,2834,3065
58990,91418,25438,44001,20633,65980,5900,2834,3066
58995,91424,25438,44003,20633,65985,5900,2834,3066
59000,91435,25439,44007,20633,65995,5901,2834,3067
59005,91439,25439,44009,20633,66000,5901,2834,3067
59010,91449,25440,44012,20634,66009,5902,2834,3068
59015,91455,25440,44014,20634,66014,5902,2834,3068
59020,91466,25441,44019,20635,66025,5903,2835,3068
59025,91470,25441,44022,20635,66028,5903,2835,3068
59030,91480,25442,44030,20636,66038,5904,2836,3068
59035,91486,25442,44035,20636,66043,5904,2836,3068
59040,91497,25443,44041,20637,66054,5905,2837,3068
59045,91501,25443,44042,20637,66058,5905,2837,3068
59050,91511,25445,44047,20639,66066,5906,2838,3068
59055,91517,25445,44049,20639,66072,5906,2838,3068
59060,91528,25446,44054,20640,66081,5907,2838,3069
59065,91532,25446,44056,20640,66086,5907,2838,3069
59070,91542,25450,44061,20643,66092,5908,2839,3069
59075,91548,25451,44065,20644,66097,5908,2839,3069
59080,91559,25454,44072,20647,66104,5909,2840,3069
59085,91563,25455,44074,20648,66108,5909,2840,3069
59090,91573,25459,44078,20651,66114,5910,2841,3069
59095,91579,25460,44080,20652,66119,5910,2841,3069
59100,91590,25462,44084,20653,66125,5911,2841,3070
59105,91594,25464,44085,20655,66130,5911,2841,3070
59110,91604,25467,44091,20657,66136,5912,2842,3070
59115,91610,25470,44094,20659,66139,5912,2842,3070
59120,91621,25474,44100,20662,66143,5913,2842,3071
59125,91625,25477,44101,20665,66148,5913,2842,3071
59130,91635,25481,44105,20668,66154,5914,2842,3072
59135,91641,25482,44109,20669,66158,5914,2842,3072
59140,91652,25485,44114,20672,66164,5915,2842,3073
59145,91656,25489,44116,20676,66167,5915,2842,3073
59150,91666,25493,44120,20679,66172,5916,2842,3074
59155,91672,25497,44124,20683,66174,5916,2842,3074
59160,91683,25502,44128,20687,66180,5917,2842,3075
59165,91687,25503,44129,20688,66184,5917,2842,3075
59170,91697,25506,44136,20691,66191,5918,2843,3075
59175,91703,25506,44140,20691,66195,5918,2843,3075
59180,91714,25509,44141,20693,66204,5919,2843,3076
59185,91718,25509,44142,20693,66209,5919,2843,3076
59190,91728,25513,44144,20695,66215,5920,2843,3077
59195,91734,25513,44146,20695,66219,5920,2843,3077
59200,91745,25518,44154,20700,66226,5921,2844,3077
59205,91749,25519,44157,20701,66228,5921,2844,3077
59210,91759,25523,44162,20704,66236,5922,2844,3078
59215,91765,25523,44165,20704,66242,5922,2844,3078
59220,91776,25524,44172,20705,66251,5923,2845,3078
59225,91780,25524,44174,20705,66255,5923,2845,3078
59230,91790,25525,44178,20705,66265,5924,2845,3079
59235,91796,25525,44182,20705,66269,5924,2845,3079
59240,91807,25526,44188,20706,66280,5925,2845,3080
59245,91811,25526,44190,20706,66285,5925,2845,3080
59250,91821,25527,44197,20707,66294,5926,2845,3081
59255,91827,25527,44202,20707,66298,5926,2845,3081
59260,91838,25528,44205,20707,66309,5927,2845,3082
59265,91842,25528,44208,20707,66313,5927,2845,3082
59270,91852,25529,44211,20707,66323,5928,2845,3083
59275,91858,25530,44212,20708,66328,5928,2845,3083
59280,91869,25531,44215,20708,66337,5929,2845,3084
59285,91873,25531,44217,20708,66342,5929,2845,3084
59290,91883,25532,44222,20709,66351,5930,2845,3085
59295,91889,25533,44225,20710,66356,5930,2845,3085
59300,91900,25534,44229,20710,66365,5931,2845,3086
59305,91904,25534,44233,20710,66369,5931,2845,3086
59310,91914,25535,44239,20711,66379,5932,2845,3087
59315,91920,25537,44245,20713,66382,5932,2845,3087
59320,91931,25538,44247,20713,66390,5933,2845,3088
59325,91935,25540,44250,20715,66394,5933,2845,3088
59330,91945,25544,44255,20718,66400,5934,2846,3088
59335,91951,25546,44257,20720,66405,5934,2846,3088
59340,91962,25547,44262,20720,66411,5935,2847,3088
59345,91966,25550,44263,20723,66415,5935,2847,3088
59350,91976,25553,44268,20725,66423,5936,2848,3088
59355,91982,25554,44271,20725,66427,5936,2848,3088
59360,91993,25556,44275,20726,66435,5937,2848,3089
59365,91997,25557,44275,20727,66440,5937,2848,3089
59370,92007,25560,44280,20729,66446,5938,2848,3090
59375,92013,25563,44284,20731,66450,5938,2848,3090
59380,92024,25565,44288,20733,66457,5939,2848,3091
59385,92028,25566,44289,20734,66462,5939,2848,3091
59390,92038,25569,44295,20736,66468,5940,2849,3091
59395,92044,25571,44300,20738,66472,5940,2849,3091
59400,92055,25575,44304,20742,66479,5941,2849,3092
59405,92059,25576,44305,20743,66483,5941,2849,3092
59410,92069,25578,44309,20743,66490,5942,2850,3092
59415,92075,25580,44310,20744,66494,5942,2850,3092
59420,92086,25583,44315,20747,66501,5943,2851,3092
59425,92090,25584,44317,20748,66505,5943,2851,3092
59430,92100,25588,44321,20751,66512,5944,2851,3093
59435,92106,25589,44321,20751,66517,5944,2851,3093
59440,92117,25591,44327,20753,66522,5945,2851,3094
59445,92121,25594,44329,20756,66526,5945,2851,3094
59450,92131,25598,44333,20758,66532,5946,2851,3095
59455,92137,25600,44336,20760,66536,5946,2851,3095
59460,92148,25603,44340,20763,66542,5947,2851,3096
59465,92152,25605,44340,20765,66547,5947,2851,3096
59470,92162,25608,44343,20767,66553,5948,2851,3097
59475,92168,25611,44346,20770,66556,5948,2851,3097
59480,92179,25614,44352,20773,66562,5949,2852,3097
59485,92183,25617,44356,20776,66563,5949,2852,3097
59490,92193,25622,44361,20779,66571,5950,2853,3097
59495,92199,25622,44363,20779,66576,5950,2853,3097
59500,92210,25625,44369,20782,66582,5951,2854,3097
59505,92214,25626,44371,20783,66586,5951,2854,3097
59510,92224,25631,44374,20786,66593,5952,2854,3098
59515,92230,25631,44375,20786,66598,5952,2854,3098
59520,92241,25634,44380,20788,66606,5953,2854,3099
59525,92245,25634,44380,20788,66611,5953,2854,3099
59530,92255,25635,44384,20788,66620,5954,2855,3099
59535,92261,25635,44384,20788,66626,5954,2855,3099
59540,92272,25636,44390,20789,66635,5955,2856,3099
59545,92276,25636,44393,20789,66639,5955,2856,3099
59550,92286,25637,44396,20789,66649,5956,2857,3099
59555,92292,25637,44398,20789,66655,5956,2857,3099
59560,92303,25638,44405,20789,66664,5957,2858,3099
59565,92307,25638,44409,20789,66668,5957,2858,3099
59570,92317,25639,44416,20790,66678,5958,2859,3099
59575,92323,25639,44418,20790,66683,5958,2859,3099
59580,92334,25640,44423,20790,66693,5959,2859,3100
59585,92338,25640,44425,20790,66698,5959,2859,3100
59590,92348,25641,44429,20790,66707,5960,2860,3100
59595,92354,25642,44432,20791,66712,5960,2860,3100
59600,92365,25644,44436,20792,66720,5961,2860,3101
59605,92369,25644,44439,20792,66724,5961,2860,3101
59610,92379,25646,44444,20794,66733,5962,2861,3101
59615,92385,25648,44446,20795,66736,5962,2861,3101
59620,92396,25650,44452,20796,66744,5963,2861,3102
59625,92400,25651,44453,20797,66749,5963,2861,3102
59630,92410,25655,44459,20801,66755,5964,2861,3103
59635,92416,25656,44462,20802,66759,5964,2861,3103
59640,92427,25657,44465,20802,66768,5965,2861,3104
59645,92431,25658,44466,20803,66773,5965,2861,3104
59650,92441,25662,44470,20805,66779,5966,2862,3104
59655,92447,25663,44473,20806,66783,5966,2862,3104
59660,92458,25666,44477,20808,66789,5967,2862,3105
59665,92462,25668,44478,20810,66793,5967,2862,3105
59670,92472,25672,44481,20813,66800,5968,2862,3106
59675,92478,25673,44483,20813,66804,5968,2862,3106
59680,92489,25675,44488,20814,66811,5969,2862,3107
59685,92493,25678,44491,20817,66813,5969,2862,3107
59690,92503,25686,44496,20823,66817,5970,2862,3108
59695,92509,25687,44500,20824,66820,5970,2862,3108
59700,92520,25693,44507,20829,66823,5971,2863,3108
59705,92524,25697,44510,20833,66827,5971,2863,3108
59710,92534,25700,44514,20835,66834,5972,2863,3109
59715,92540,25701,44514,20835,66839,5972,2863,3109
59720,92551,25705,44520,20838,66843,5973,2863,3110
59725,92555,25707,44522,20840,66847,5973,2863,3110
59730,92565,25710,44528,20841,66855,5974,2864,3110
59735,92571,25710,44532,20841,66861,5974,2864,3110
59740,92582,25712,44538,20842,66868,5975,2865,3110
59745,92586,25713,44538,20843,66873,5975,2865,3110
59750,92596,25715,44543,20844,66881,5976,2865,3111
59755,92602,25715,44545,20844,66886,5976,2865,3111
59760,92613,25718,44550,20847,66894,5977,2866,3111
59765,92617,25719,44552,20848,66898,5977,2866,3111
59770,92627,25721,44558,20849,66906,5978,2866,3112
59775,92633,25721,44559,20849,66912,5978,2866,3112
59780,92644,25722,44561,20849,66921,5979,2867,3112
59785,92648,25722,44561,20849,66926,5979,2867,3112
59790,92658,25724,44564,20849,66934,5980,2867,3113
59795,92664,25724,44566,20849,66940,5980,2867,3113
59800,92675,25725,44574,20850,66948,5981,2868,3113
59805,92679,25727,44575,20852,66951,5981,2868,3113
59810,92689,25730,44580,20855,66959,5982,2869,3113
59815,92695,25731,44583,20856,66962,5982,2869,3113
59820,92706,25734,44587,20858,66971,5983,2870,3113
59825,92710,25734,44588,20858,66976,5983,2870,3113
59830,92720,25735,44592,20859,66985,5984,2870,3114
59835,92726,25736,44593,20859,66990,5984,2870,3114
59840,92737,25738,44597,20860,66998,5985,2870,3115
59845,92741,25738,44599,20860,67003,5985,2870,3115
59850,92751,25739,44604,20861,67012,5986,2870,3116
59855,92757,25740,44606,20861,67016,5986,2870,3116
59860,92768,25742,44611,20863,67025,5987,2871,3116
59865,92772,25742,44612,20863,67030,5987,2871,3116
59870,92782,25745,44617,20865,67036,5988,2872,3116
59875,92788,25748,44621,20868,67040,5988,2872,3116
59880,92799,25749,44625,20868,67047,5989,2872,3117
59885,92803,25751,44626,20870,67052,5989,2872,3117
59890,92813,25754,44629,20872,67059,5990,2873,3117
59895,92819,25755,44630,20872,67063,5990,2873,3117
59900,92830,25757,44637,20874,67069,5991,2873,3118
59905,92834,25760,44639,20877,67074,5991,2873,3118
59910,92844,25763,44645,20880,67081,5992,2873,3119
59915,92850,25764,44646,20880,67085,5992,2873,3119
59920,92861,25765,44650,20880,67093,5993,2873,3120
59925,92865,25767,44651,20882,67097,5993,2873,3120
59930,92875,25771,44655,20885,67103,5994,2874,3120
59935,92881,25774,44659,20888,67105,5994,2874,3120
59940,92892,25779,44663,20893,67112,5995,2874,3121
59945,92896,25780,44666,20894,67114,5995,2874,3121
59950,92906,25784,44670,20898,67122,5996,2874,3122
59955,92912,25786,44674,20900,67125,5996,2874,3122
59960,92923,25787,44678,20900,67134,5997,2875,3122
59965,92927,25788,44680,20901,67139,5997,2875,3122
59970,92937,25790,44681,20902,67147,5998,2875,3123
59975,92943,25792,44686,20904,67150,5998,2875,3123
59980,92954,25794,44691,20906,67157,5999,2876,3123
59985,92958,25796,44694,20908,67161,5999,2876,3123
59990,92968,25798,44701,20910,67170,6000,2876,3124
59995,92974,25798,44703,20910,67176,6000,2876,3124
60000,92985,25799,44705,20910,67185,6001,2876,3125
60005,92989,25799,44707,20910,67189,6001,2876,3125
60010,92999,25801,44710,20910,67198,6002,2876,3126
60015,93005,25801,44712,20910,67204,6002,2876,3126
60020,93016,25802,44716,20910,67213,6003,2877,3126
60025,93020,25802,44717,20910,67218,6003,2877,3126
60030,93030,25804,44722,20911,67226,6004,2878,3126
60035,93036,25804,44723,20911,67232,6004,2878,3126
60040,93047,25805,44728,20911,67240,6005,2879,3126
60045,93051,25806,44729,20912,67245,6005,2879,3126
60050,93061,25808,44735,20913,67253,6006,2879,3127
60055,93067,25808,44738,20913,67259,6006,2879,3127
60060,93078,25811,44744,20916,67266,6007,2879,3128
60065,93082,25811,44745,20916,67268,6007,2879,3128
60070,93092,25817,44751,20918,67275,6008,2880,3128
60075,93098,25818,44756,20919,67278,6008,2880,3128
60080,93109,25823,44762,20924,67284,6009,2881,3128
60085,93113,25824,44763,20924,67286,6009,2881,3128
60090,93123,25831,44769,20927,67292,6010,2882,3128
60095,93129,25833,44772,20927,67294,6010,2882,3128
60100,93140,25838,44777,20930,67300,6011,2882,3129
60105,93144,25839,44778,20930,67302,6011,2882,3129
60110,93154,25845,44780,20934,67309,6012,2882,3130
60115,93160,25847,44783,20936,67311,6012,2882,3130
60120,93171,25853,44791,20940,67314,6013,2883,3130
60125,93175,25856,44793,20943,67315,6013,2883,3130
60130,93185,25865,44798,20948,67318,6014,2883,3131
60135,93191,25869,44799,20949,67320,6014,2883,3131
60140,93202,25874,44805,20951,67324,6015,2884,3131
60145,93206,25877,44808,20954,67325,6015,2884,3131
60150,93216,25885,44812,20958,67329,6016,2884,3132
60155,93222,25889,44814,20961,67331,6016,2884,3132
60160,93233,25894,44819,20962,67335,6017,2885,3132
60165,93237,25897,44821,20965,67336,6017,2885,3132
60170,93247,25905,44824,20969,67342,6018,2885,3133
60175,93253,25907,44828,20970,67344,6018,2885,3133
60180,93264,25912,44835,20974,67349,6019,2885,3134
60185,93268,25914,44837,20976,67351,6019,2885,3134
60190,93278,25921,44842,20981,67356,6020,2886,3134
60195,93284,25924,44845,20982,67357,6020,2886,3134
60200,93295,25928,44851,20984,67363,6021,2887,3134
60205,93299,25931,44854,20987,67365,6021,2887,3134
60210,93309,25938,44859,20992,67370,6022,2888,3134
60215,93315,25941,44863,20994,67371,6022,2888,3134
60220,93326,25945,44868,20995,67380,6023,2889,3134
60225,93330,25946,44870,20995,67382,6023,2889,3134
60230,93340,25951,44874,20998,67389,6024,2890,3134
60235,93346,25951,44875,20998,67393,6024,2890,3134
60240,93357,25954,44883,21000,67402,6025,2891,3134
60245,93361,25955,44886,21000,67403,6025,2891,3134
60250,93371,25961,44889,21003,67409,6026,2892,3134
60255,93377,25962,44893,21004,67413,6026,2892,3134
60260,93388,25965,44899,21006,67422,6027,2893,3134
60265,93392,25966,44900,21007,67425,6027,2893,3134
60270,93402,25970,44907,21010,67431,6028,2894,3134
60275,93408,25971,44911,21011,67434,6028,2894,3134
60280,93419,25975,44918,21014,67443,6029,2895,3134
60285,93423,25976,44920,21015,67446,6029,2895,3134
60290,93433,25980,44923,21016,67453,6030,2896,3134
60295,93439,25980,44925,21016,67457,6030,2896,3134
60300,93450,25983,44929,21017,67466,6031,2897,3134
60305,93454,25984,44932,21017,67468,6031,2897,3134
60310,93464,25989,44938,21022,67475,6032,2898,3134
60315,93470,25989,44943,21022,67478,6032,2898,3134
60320,93481,25993,44950,21026,67487,6033,2899,3134
60325,93485,25994,44953,21027,67489,6033,2899,3134
60330,93495,25998,44957,21031,67497,6034,2899,3135
60335,93501,25999,44959,21031,67500,6034,2899,3135
60340,93512,26002,44967,21034,67510,6035,2899,3136
60345,93516,26002,44969,21034,67513,6035,2899,3136
60350,93526,26006,44973,21037,67519,6036,2899,3137
60355,93532,26008,44977,21039,67521,6036,2899,3137
60360,93543,26012,44985,21043,67531,6038,2901,3137
60365,93547,26012,44988,21043,67533,6038,2901,3137
60370,93557,26018,44994,21049,67538,6039,2901,3138
60375,93563,26020,44997,21050,67540,6039,2901,3138
60380,93574,26024,45002,21053,67550,6040,2902,3138
60385,93578,26024,45005,21053,67551,6040,2902,3138
60390,93588,26030,45009,21058,67556,6041,2902,3139
60395,93594,26034,45013,21062,67557,6041,2902,3139
60400,93605,26040,45019,21067,67564,6042,2902,3140
60405,93609,26041,45020,21068,67567,6042,2902,3140
60410,93619,26045,45025,21070,67573,6043,2903,3140
60415,93625,26047,45028,21072,67576,6043,2903,3140
60420,93636,26051,45033,21075,67585,6044,2904,3140
60425,93640,26051,45034,21075,67589,6044,2904,3140
60430,93650,26054,45037,21076,67594,6045,2904,3141
60435,93656,26057,45039,21078,67597,6045,2904,3141
60440,93667,26061,45045,21081,67604,6046,2904,3142
60445,93671,26063,45048,21083,67606,6046,2904,3142
60450,93681,26068,45053,21086,67611,6047,2905,3142
60455,93687,26072,45058,21090,67612,6047,2905,3142
60460,93698,26075,45063,21093,67623,6048,2906,3142
60465,93702,26075,45065,21093,67625,6048,2906,3142
60470,93712,26080,45070,21096,67630,6049,2907,3142
60475,93718,26083,45072,21099,67633,6049,2907,3142
60480,93729,26086,45078,21102,67642,6050,2907,3143
60485,93733,26087,45081,21103,67644,6050,2907,3143
60490,93743,26091,45085,21107,67651,6051,2907,3144
60495,93749,26094,45089,21110,67653,6051,2907,3144
60500,93760,26096,45095,21112,67664,6052,2908,3144
60505,93764,26096,45097,21112,67667,6052,2908,3144
60510,93774,26098,45101,21112,67674,6053,2909,3144
60515,93780,26100,45103,21114,67678,6053,2909,3144
60520,93791,26101,45107,21115,67690,6054,2910,3144
60525,93795,26101,45110,21115,67692,6054,2910,3144
60530,93805,26103,45117,21116,67700,6055,2911,3144
60535,93811,26105,45120,21117,67703,6055,2911,3144
60540,93822,26107,45126,21118,67714,6056,2911,3145
60545,93826,26108,45128,21119,67718,6056,2911,3145
60550,93836,26110,45132,21120,67724,6057,2912,3145
60555,93842,26112,45134,21121,67727,6057,2912,3145
60560,93853,26114,45136,21122,67739,6058,2912,3146
60565,93857,26114,45137,21122,67743,6058,2912,3146
60570,93867,26117,45142,21124,67749,6059,2913,3146
60575,93873,26120,45147,21127,67750,6059,2913,3146
60580,93884,26122,45155,21129,67762,6060,2913,3147
60585,93888,26122,45157,21129,67765,6060,2913,3147
60590,93898,26124,45165,21131,67774,6061,2913,3148
60595,93904,26124,45170,21131,67778,6061,2913,3148
60600,93915,26126,45173,21132,67789,6062,2913,3149
60605,93919,26126,45173,21132,67793,6062,2913,3149
60610,93929,26128,45180,21134,67800,6063,2914,3149
60615,93935,26128,45184,21134,67805,6063,2914,3149
60620,93946,26130,45189,21134,67816,6064,2915,3149
60625,93950,26130,45191,21134,67819,6064,2915,3149
60630,93960,26132,45195,21135,67828,6065,2915,3150
60635,93966,26132,45198,21135,67832,6065,2915,3150
60640,93977,26134,45204,21136,67842,6066,2915,3151
60645,93981,26135,45206,21137,67845,6066,2915,3151
60650,93991,26138,45211,21139,67852,6067,2915,3152
60655,93997,26139,45214,21140,67856,6067,2915,3152
60660,94008,26141,45221,21141,67866,6068,2915,3153
60665,94012,26142,45223,21141,67868,6068,2915,3153
60670,94022,26146,45227,21144,67875,6069,2915,3154
60675,94028,26147,45230,21145,67878,6069,2915,3154
60680,94039,26150,45237,21146,67888,6070,2916,3154
60685,94043,26151,45239,21146,67890,6070,2916,3154
60690,94053,26157,45242,21150,67896,6071,2916,3155
60695,94059,26158,45243,21150,67899,6071,2916,3155
60700,94070,26162,45250,21153,67907,6072,2916,3156
60705,94074,26163,45252,21154,67911,6072,2916,3156
60710,94084,26166,45258,21156,67918,6073,2916,3157
60715,94090,26168,45260,21157,67920,6073,2916,3157
60720,94101,26170,45267,21158,67931,6074,2917,3157
60725,94105,26170,45270,21158,67934,6074,2917,3157
60730,94115,26173,45275,21160,67941,6075,2917,3158
60735,94121,26176,45278,21162,67943,6075,2917,3158
60740,94132,26178,45283,21163,67954,6076,2917,3159
60745,94136,26178,45284,21163,67958,6076,2917,3159
60750,94146,26180,45289,21164,67966,6077,2918,3159
60755,94152,26181,45293,21165,67969,6077,2918,3159
60760,94163,26183,45297,21167,67980,6078,2918,3160
60765,94167,26183,45301,21167,67983,6078,2918,3160
60770,94177,26185,45304,21168,67992,6079,2919,3160
60775,94183,26186,45307,21169,67995,6079,2919,3160
60780,94194,26188,45314,21170,68006,6080,2920,3160
60785,94198,26188,45315,21170,68009,6080,2920,3160
60790,94208,26190,45319,21171,68018,6081,2920,3161
60795,94214,26191,45321,21172,68020,6081,2920,3161
60800,94225,26195,45327,21174,68029,6082,2921,3161
60805,94229,26196,45328,21175,68033,6082,2921,3161
60810,94239,26198,45333,21176,68040,6083,2922,3161
60815,94245,26200,45335,21177,68043,6083,2922,3161
60820,94256,26203,45341,21179,68052,6084,2923,3161
60825,94260,26204,45343,21179,68055,6084,2923,3161
60830,94270,26208,45351,21183,68062,6085,2924,3161
60835,94276,26209,45354,21184,68064,6085,2924,3161
60840,94287,26212,45357,21185,68074,6086,2925,3161
60845,94291,26213,45359,21185,68077,6086,2925,3161
60850,94301,26218,45365,21190,68083,6087,2926,3161
60855,94307,26220,45368,21192,68085,6087,2926,3161
60860,94318,26224,45376,21195,68092,6088,2927,3161
60865,94322,26226,45378,21197,68095,6088,2927,3161
60870,94332,26230,45383,21200,68101,6089,2927,3162
60875,94338,26233,45388,21203,68102,6089,2927,3162
60880,94349,26238,45393,21208,68109,6090,2927,3163
60885,94353,26240,45394,21210,68112,6090,2927,3163
60890,94363,26245,45400,21213,68116,6091,2928,3163
60895,94369,26248,45402,21215,68118,6091,2928,3163
60900,94380,26252,45406,21217,68127,6092,2928,3164
60905,94384,26253,45408,21218,68129,6092,2928,3164
60910,94394,26259,45413,21222,68135,6093,2928,3165
60915,94400,26261,45418,21224,68136,6093,2928,3165
60920,94411,26266,45422,21227,68144,6094,2928,3166
60925,94415,26267,45424,21227,68146,6094,2928,3166
60930,94425,26271,45429,21229,68152,6095,2929,3166
60935,94431,26274,45432,21232,68155,6095,2929,3166
60940,94442,26277,45436,21234,68164,6096,2930,3166
60945,94446,26278,45439,21234,68165,6096,2930,3166
60950,94456,26284,45448,21240,68171,6097,2931,3166
60955,94462,26287,45452,21243,68174,6097,2931,3166
60960,94473,26290,45457,21245,68183,6098,2931,3167
60965,94477,26290,45460,21245,68187,6098,2931,3167
60970,94487,26292,45463,21245,68194,6099,2932,3167
60975,94493,26295,45468,21248,68196,6099,2932,3167
60980,94504,26298,45469,21249,68206,6100,2932,3168
60985,94508,26298,45472,21249,68209,6100,2932,3168
60990,94518,26300,45473,21249,68217,6101,2932,3169
60995,94524,26303,45476,21251,68219,6101,2932,3169
61000,94535,26307,45484,21254,68227,6102,2933,3169
61005,94539,26308,45487,21255,68230,6102,2933,3169
61010,94549,26310,45491,21257,68239,6103,2933,3170
61015,94555,26310,45493,21257,68244,6103,2933,3170
61020,94566,26312,45500,21257,68254,6104,2933,3171
61025,94570,26312,45500,21257,68258,6104,2933,3171
61030,94580,26314,45505,21258,68266,6105,2933,3172
61035,94586,26314,45508,21258,68270,6105,2933,3172
61040,94597,26316,45516,21258,68281,6106,2934,3172
61045,94601,26316,45519,21258,68284,6106,2934,3172
61050,94611,26318,45523,21259,68293,6107,2934,3173
61055,94617,26318,45527,21259,68297,6107,2934,3173
61060,94628,26320,45528,21260,68307,6108,2934,3174
61065,94632,26321,45529,21260,68310,6108,2934,3174
61070,94642,26323,45534,21261,68319,6109,2934,3175
61075,94648,26323,45539,21261,68323,6109,2934,3175
61080,94659,26325,45544,21261,68333,6110,2934,3176
61085,94663,26326,45548,21261,68336,6110,2934,3176
61090,94673,26329,45551,21264,68344,6111,2934,3177
61095,94679,26329,45554,21264,68348,6111,2934,3177
61100,94690,26331,45560,21266,68358,6112,2934,3178
61105,94694,26332,45561,21266,68362,6112,2934,3178
61110,94704,26334,45566,21266,68370,6113,2935,3178
61115,94710,26335,45568,21267,68373,6113,2935,3178
61120,94721,26337,45572,21267,68383,6114,2935,3179
61125,94725,26338,45574,21268,68386,6114,2935,3179
61130,94735,26341,45579,21270,68394,6115,2935,3180
61135,94741,26342,45582,21270,68398,6115,2935,3180
61140,94752,26345,45589,21272,68406,6116,2936,3180
61145,94756,26346,45592,21273,68410,6116,2936,3180
61150,94766,26348,45597,21274,68418,6117,2936,3181
61155,94772,26349,45599,21275,68422,6117,2936,3181
61160,94783,26351,45604,21276,68431,6118,2937,3181
61165,94787,26352,45606,21276,68435,6118,2937,3181
61170,94797,26355,45613,21279,68442,6119,2938,3181
61175,94803,26357,45617,21281,68445,6119,2938,3181
61180,94814,26359,45621,21282,68453,6120,2939,3181
61185,94818,26361,45623,21283,68455,6120,2939,3181
61190,94828,26366,45630,21288,68461,6121,2939,3182
61195,94834,26368,45634,21290,68464,6121,2939,3182
61200,94845,26371,45641,21293,68473,6122,2940,3182
61205,94849,26372,45643,21294,68475,6122,2940,3182
61210,94859,26377,45645,21297,68482,6123,2940,3183
61215,94865,26378,45648,21298,68485,6123,2940,3183
61220,94876,26381,45653,21299,68493,6124,2941,3183
61225,94880,26383,45654,21300,68496,6124,2941,3183
61230,94890,26386,45658,21303,68504,6125,2941,3184
61235,94896,26388,45664,21305,68505,6125,2941,3184
61240,94907,26393,45669,21309,68513,6126,2941,3185
61245,94911,26394,45672,21310,68515,6126,2941,3185
61250,94921,26399,45679,21314,68520,6127,2942,3185
61255,94927,26402,45681,21316,68524,6127,2942,3185
61260,94938,26405,45687,21318,68532,6128,2942,3186
61265,94942,26406,45690,21319,68534,6128,2942,3186
61270,94952,26411,45696,21324,68540,6129,2943,3186
61275,94958,26413,45699,21326,68544,6129,2943,3186
61280,94969,26416,45706,21329,68552,6130,2943,3187
61285,94973,26417,45708,21330,68554,6130,2943,3187
61290,94983,26421,45714,21334,68561,6131,2944,3187
61295,94989,26424,45720,21337,68562,6131,2944,3187
61300,95000,26429,45726,21342,68570,6132,2945,3187
61305,95004,26430,45728,21343,68572,6132,2945,3187
61310,95014,26434,45732,21346,68580,6133,2946,3187
61315,95020,26435,45735,21346,68583,6133,2946,3187
61320,95031,26438,45737,21349,68592,6134,2946,3188
61325,95035,26439,45739,21350,68595,6134,2946,3188
61330,95045,26443,45746,21354,68600,6135,2947,3188
61335,95051,26447,45750,21358,68603,6135,2947,3188
61340,95062,26449,45757,21360,68612,6136,2947,3189
61345,95066,26450,45758,21361,68615,6136,2947,3189
61350,95076,26454,45766,21364,68620,6137,2948,3189
61355,95082,26458,45768,21367,68623,6137,2948,3189
61360,95093,26461,45774,21370,68630,6138,2948,3190
61365,95097,26463,45775,21372,68633,6138,2948,3190
61370,95107,26466,45780,21374,68641,6139,2949,3190
61375,95113,26466,45785,21374,68644,6139,2949,3190
61380,95124,26469,45789,21376,68654,6140,2949,3191
61385,95128,26470,45791,21377,68656,6140,2949,3191
61390,95138,26474,45794,21380,68664,6141,2949,3192
61395,95144,26474,45797,21380,68669,6141,2949,3192
61400,95155,26475,45802,21381,68680,6142,2950,3192
61405,95159,26475,45804,21381,68682,6142,2950,3192
61410,95169,26480,45809,21385,68688,6143,2950,3193
61415,95175,26481,45811,21386,68694,6143,2950,3193
61420,95186,26482,45815,21387,68704,6144,2950,3194
61425,95190,26482,45816,21387,68708,6144,2950,3194
61430,95200,26484,45818,21387,68716,6145,2950,3195
61435,95206,26484,45820,21387,68721,6145,2950,3195
61440,95217,26486,45826,21388,68730,6146,2951,3195
61445,95221,26487,45827,21389,68734,6146,2951,3195
61450,95231,26489,45830,21389,68742,6147,2951,3196
61455,95237,26489,45832,21389,68747,6147,2951,3196
61460,95248,26490,45837,21390,68758,6148,2952,3196
61465,95252,26490,45838,21390,68762,6148,2952,3196
61470,95262,26493,45847,21393,68768,6149,2953,3196
61475,95268,26495,45850,21394,68771,6149,2953,3196
61480,95279,26497,45854,21396,68782,6150,2953,3197
61485,95283,26497,45856,21396,68785,6150,2953,3197
61490,95293,26500,45863,21398,68792,6151,2954,3197
61495,95299,26502,45867,21400,68795,6151,2954,3197
61500,95310,26505,45875,21403,68804,6152,2955,3197
61505,95314,26506,45878,21404,68806,6152,2955,3197
61510,95324,26510,45881,21407,68813,6153,2955,3198
61515,95330,26512,45883,21408,68817,6153,2955,3198
61520,95341,26515,45888,21410,68826,6154,2956,3198
61525,95345,26515,45889,21410,68829,6154,2956,3198
61530,95355,26517,45892,21411,68838,6155,2957,3198
61535,95361,26518,45895,21411,68842,6155,2957,3198
61540,95372,26519,45898,21411,68853,6156,2958,3198
61545,95376,26519,45899,21411,68857,6156,2958,3198
61550,95386,26521,45905,21413,68864,6157,2958,3199
61555,95392,26524,45907,21415,68867,6157,2958,3199
61560,95403,26526,45914,21417,68877,6158,2959,3199
61565,95407,26526,45917,21417,68880,6158,2959,3199
61570,95417,26529,45921,21418,68888,6159,2960,3199
61575,95423,26530,45923,21418,68893,6159,2960,3199
61580,95434,26531,45930,21419,68903,6160,2960,3200
61585,95438,26531,45933,21419,68907,6160,2960,3200
61590,95448,26534,45937,21420,68914,6161,2961,3200
61595,95454,26535,45939,21420,68919,6161,2961,3200
61600,95465,26536,45948,21420,68928,6162,2962,3200
61605,95469,26537,45952,21421,68931,6162,2962,3200
61610,95479,26540,45959,21424,68939,6163,2963,3200
61615,95485,26541,45963,21425,68942,6163,2963,3200
61620,95496,26545,45967,21429,68951,6164,2963,3201
61625,95500,26545,45969,21429,68953,6164,2963,3201
61630,95510,26549,45973,21431,68959,6165,2964,3201
61635,95516,26552,45977,21433,68962,6165,2964,3201
61640,95527,26555,45981,21435,68971,6166,2965,3201
61645,95531,26556,45983,21436,68975,6166,2965,3201
61650,95541,26558,45987,21437,68982,6167,2965,3202
61655,95547,26561,45990,21439,68984,6167,2965,3202
61660,95558,26564,45995,21441,68992,6168,2965,3203
61665,95562,26566,45997,21443,68995,6168,2965,3203
61670,95572,26569,46003,21445,69002,6169,2966,3203
61675,95578,26572,46006,21447,69006,6169,2966,3203
61680,95589,26573,46011,21447,69014,6170,2966,3204
61685,95593,26575,46013,21449,69018,6170,2966,3204
61690,95603,26577,46019,21450,69026,6171,2967,3204
61695,95609,26578,46022,21451,69030,6171,2967,3204
61700,95620,26581,46028,21453,69038,6172,2968,3204
61705,95624,26582,46031,21454,69041,6172,2968,3204
61710,95634,26584,46036,21456,69050,6173,2968,3205
61715,95640,26585,46036,21456,69055,6173,2968,3205
61720,95651,26587,46043,21458,69063,6174,2968,3206
61725,95655,26588,46046,21459,69066,6174,2968,3206
61730,95665,26590,46050,21460,69075,6175,2968,3207
61735,95671,26592,46055,21462,69076,6175,2968,3207
61740,95682,26596,46063,21465,69084,6176,2968,3208
61745,95686,26598,46065,21467,69086,6176,2968,3208
61750,95696,26603,46069,21470,69092,6177,2969,3208
61755,95702,26606,46072,21473,69096,6177,2969,3208
61760,95713,26608,46078,21475,69104,6178,2969,3209
61765,95717,26609,46081,21476,69105,6178,2969,3209
61770,95727,26613,46085,21479,69114,6179,2969,3210
61775,95733,26615,46088,21481,69118,6179,2969,3210
61780,95744,26617,46093,21482,69126,6180,2970,3210
61785,95748,26618,46095,21483,69130,6180,2970,3210
61790,95758,26619,46100,21484,69138,6181,2970,3211
61795,95764,26620,46104,21485,69142,6181,2970,3211
61800,95775,26622,46112,21487,69152,6182,2971,3211
61805,95779,26623,46115,21488,69154,6182,2971,3211
61810,95789,26625,46118,21490,69164,6183,2971,3212
61815,95795,26627,46121,21491,69167,6183,2971,3212
61820,95806,26629,46128,21492,69176,6184,2971,3213
61825,95810,26630,46130,21493,69179,6184,2971,3213
61830,95820,26631,46136,21493,69188,6185,2972,3213
61835,95826,26631,46140,21493,69193,6185,2972,3213
61840,95837,26632,46146,21494,69205,6186,2972,3214
61845,95841,26632,46147,21494,69209,6186,2972,3214
61850,95851,26633,46153,21495,69218,6187,2973,3214
61855,95857,26633,46157,21495,69223,6187,2973,3214
61860,95868,26634,46160,21495,69234,6188,2973,3215
61865,95872,26634,46162,21495,69238,6188,2973,3215
61870,95882,26635,46167,21495,69247,6189,2973,3216
61875,95888,26635,46171,21495,69252,6189,2973,3216
61880,95899,26637,46176,21497,69262,6190,2973,3217
61885,95903,26637,46180,21497,69265,6190,2973,3217
61890,95913,26640,46186,21499,69273,6191,2974,3217
61895,95919,26640,46189,21499,69279,6191,2974,3217
61900,95930,26641,46193,21499,69288,6192,2974,3218
61905,95934,26642,46195,21500,69292,6192,2974,3218
61910,95944,26644,46200,21501,69300,6193,2974,3219
61915,95950,26644,46201,21501,69305,6193,2974,3219
61920,95961,26646,46206,21503,69315,6194,2975,3219
61925,95965,26646,46208,21503,69318,6194,2975,3219
61930,95975,26649,46214,21505,69326,6195,2976,3219
61935,95981,26650,46216,21506,69331,6195,2976,3219
61940,95992,26651,46219,21506,69340,6196,2976,3220
61945,95996,26652,46220,21507,69343,6196,2976,3220
61950,96006,26656,46224,21509,69349,6197,2976,3221
61955,96012,26658,46226,21510,69353,6197,2976,3221
61960,96023,26661,46232,21512,69362,6198,2977,3221
61965,96027,26661,46233,21512,69365,6198,2977,3221
61970,96037,26664,46235,21515,69373,6199,2977,3222
61975,96043,26665,46237,21515,69377,6199,2977,3222
61980,96054,26667,46245,21517,69386,6200,2977,3223
61985,96058,26668,46246,21518,69390,6200,2977,3223
61990,96068,26672,46253,21521,69395,6201,2978,3223
61995,96074,26674,46254,21522,69399,6201,2978,3223
62000,96085,26677,46259,21524,69407,6202,2979,3223
62005,96089,26678,46261,21525,69410,6202,2979,3223
62010,96099,26682,46269,21529,69416,6203,2980,3223
62015,96105,26684,46271,21531,69420,6203,2980,3223
62020,96116,26687,46278,21534,69428,6204,2981,3223
62025,96120,26688,46279,21535,69431,6204,2981,3223
62030,96130,26692,46284,21537,69437,6205,2982,3223
62035,96136,26694,46286,21539,69441,6205,2982,3223
62040,96147,26697,46291,21541,69448,6206,2983,3223
62045,96151,26699,46292,21543,69451,6206,2983,3223
62050,96161,26704,46295,21547,69457,6207,2983,3224
62055,96167,26706,46299,21548,69459,6207,2983,3224
62060,96178,26710,46305,21551,69466,6208,2984,3224
62065,96182,26712,46307,21553,69469,6208,2984,3224
62070,96192,26716,46312,21556,69476,6209,2985,3224
62075,96198,26718,46317,21558,69478,6209,2985,3224
62080,96209,26721,46320,21560,69488,6210,2985,3225
62085,96213,26721,46322,21560,69490,6210,2985,3225
62090,96223,26726,46328,21563,69495,6211,2986,3225
62095,96229,26730,46330,21566,69498,6211,2986,3225
62100,96240,26732,46332,21567,69507,6212,2986,3226
62105,96244,26733,46334,21568,69509,6212,2986,3226
62110,96254,26737,46339,21572,69517,6213,2986,3227
62115,96260,26738,46342,21572,69521,6213,2986,3227
62120,96271,26739,46347,21573,69532,6214,2987,3227
62125,96275,26739,46349,21573,69536,6214,2987,3227
62130,96285,26740,46351,21573,69545,6215,2988,3227
62135,96291,26741,46353,21573,69549,6215,2988,3227
62140,96302,26743,46358,21574,69559,6216,2989,3227
62145,96306,26743,46361,21574,69562,6216,2989,3227
62150,96316,26744,46365,21574,69571,6217,2989,3228
62155,96322,26746,46368,21575,69575,6217,2989,3228
62160,96333,26748,46374,21577,69585,6218,2989,3229
62165,96337,26748,46377,21577,69587,6218,2989,3229
62170,96347,26749,46380,21577,69597,6219,2989,3230
62175,96353,26750,46383,21577,69603,6219,2989,3230
62180,96364,26752,46388,21578,69612,6220,2989,3231
62185,96368,26752,46390,21578,69615,6220,2989,3231
62190,96378,26753,46394,21578,69625,6221,2990,3231
62195,96384,26754,46396,21578,69630,6221,2990,3231
62200,96395,26755,46401,21579,69640,6222,2990,3232
62205,96399,26755,46404,21579,69643,6222,2990,3232
62210,96409,26756,46407,21580,69653,6223,2990,3233
62215,96415,26757,46410,21581,69657,6223,2990,3233
62220,96426,26760,46417,21584,69665,6224,2990,3234
62225,96430,26761,46418,21585,69668,6224,2990,3234
62230,96440,26763,46424,21586,69677,6225,2991,3234
62235,96446,26764,46426,21586,69681,6225,2991,3234
62240,96457,26767,46435,21589,69689,6226,2992,3234
62245,96461,26768,46438,21590,69692,6226,2992,3234
62250,96471,26771,46443,21592,69700,6227,2993,3234
62255,96477,26772,46444,21592,69705,6227,2993,3234
62260,96488,26774,46449,21593,69713,6228,2993,3235
62265,96492,26775,46452,21594,69716,6228,2993,3235
62270,96502,26778,46457,21595,69723,6229,2994,3235
62275,96508,26780,46459,21597,69727,6229,2994,3235
62280,96519,26782,46465,21598,69736,6230,2995,3235
62285,96523,26783,46468,21599,69739,6230,2995,3235
62290,96533,26785,46471,21599,69748,6231,2996,3235
62295,96539,26785,46475,21599,69753,6231,2996,3235
62300,96550,26787,46481,21600,69763,6232,2996,3236
62305,96554,26787,46484,21600,69766,6232,2996,3236
62310,96564,26789,46488,21602,69775,6233,2997,3236
62315,96570,26789,46492,21602,69779,6233,2997,3236
62320,96581,26791,46498,21604,69790,6234,2998,3236
62325,96585,26791,46500,21604,69793,6234,2998,3236
62330,96595,26793,46505,21605,69802,6235,2999,3236
62335,96601,26793,46507,21605,69807,6235,2999,3236
62340,96612,26794,46516,21606,69817,6236,3000,3236
62345,96616,26795,46518,21607,69820,6236,3000,3236
62350,96626,26798,46522,21608,69828,6237,3000,3237
62355,96632,26798,46525,21608,69833,6237,3000,3237
62360,96643,26800,46532,21610,69842,6238,3000,3238
62365,96647,26801,46534,21611,69845,6238,3000,3238
62370,96657,26805,46540,21614,69851,6239,3000,3239
62375,96663,26806,46545,21615,69855,6239,3000,3239
62380,96674,26808,46550,21616,69866,6240,3000,3240
62385,96678,26808,46553,21616,69868,6240,3000,3240
62390,96688,26814,46560,21622,69872,6241,3000,3241
62395,96694,26818,46565,21626,69874,6241,3000,3241
62400,96705,26821,46571,21629,69883,6242,3000,3242
62405,96709,26822,46572,21630,69886,6242,3000,3242
62410,96719,26826,46577,21632,69893,6243,3000,3243
62415,96725,26827,46582,21633,69896,6243,3000,3243
62420,96736,26829,46586,21634,69907,6244,3001,3243
62425,96740,26829,46586,21634,69911,6244,3001,3243
62430,96750,26831,46590,21634,69918,6245,3002,3243
62435,96756,26833,46592,21635,69921,6245,3002,3243
62440,96767,26837,46595,21638,69930,6246,3002,3244
62445,96771,26837,46596,21638,69933,6246,3002,3244
62450,96781,26840,46599,21640,69940,6247,3002,3245
62455,96787,26842,46601,21641,69943,6247,3002,3245
62460,96798,26844,46605,21643,69954,6248,3002,3246
62465,96802,26844,46607,21643,69957,6248,3002,3246
62470,96812,26847,46613,21645,69964,6249,3002,3247
62475,96818,26849,46616,21647,69968,6249,3002,3247
62480,96829,26850,46620,21647,69978,6250,3003,3247
62485,96833,26851,46622,21648,69981,6250,3003,3247
62490,96843,26855,46627,21652,69988,6251,3003,3248
62495,96849,26856,46630,21653,69992,6251,3003,3248
62500,96860,26858,46633,21654,70002,6252,3004,3248
62505,96864,26858,46635,21654,70004,6252,3004,3248
62510,96874,26864,46641,21659,70008,6253,3004,3249
62515,96880,26868,46644,21662,70011,6253,3004,3249
62520,96891,26871,46651,21664,70020,6254,3005,3249
62525,96895,26871,46653,21664,70024,6254,3005,3249
62530,96905,26874,46658,21665,70030,6255,3005,3250
62535,96911,26876,46661,21666,70034,6255,3005,3250
62540,96922,26879,46670,21668,70042,6256,3006,3250
62545,96926,26880,46673,21669,70045,6256,3006,3250
62550,96936,26883,46679,21672,70053,6257,3007,3250
62555,96942,26885,46681,21673,70057,6257,3007,3250
62560,96953,26887,46687,21675,70066,6258,3008,3250
62565,96957,26887,46688,21675,70069,6258,3008,3250
62570,96967,26890,46696,21678,70076,6259,3008,3251
62575,96973,26893,46700,21681,70079,6259,3008,3251
62580,96984,26896,46705,21684,70088,6260,3008,3252
62585,96988,26896,46707,21684,70092,6260,3008,3252
62590,96998,26898,46711,21684,70100,6261,3009,3252
62595,97004,26900,46714,21686,70103,6261,3009,3252
62600,97015,26902,46718,21687,70113,6262,3009,3253
62605,97019,26902,46721,21687,70117,6262,3009,3253
62610,97029,26905,46725,21689,70123,6263,3009,3254
62615,97035,26907,46728,21690,70126,6263,3009,3254
62620,97046,26911,46732,21694,70135,6264,3009,3255
62625,97050,26911,46733,21694,70139,6264,3009,3255
62630,97060,26914,46741,21696,70145,6265,3009,3256
62635,97066,26916,46743,21697,70150,6265,3009,3256
62640,97077,26918,46750,21699,70159,6266,3010,3256
62645,97081,26918,46753,21699,70162,6266,3010,3256
62650,97091,26921,46755,21700,70170,6267,3011,3256
62655,97097,26921,46759,21700,70175,6267,3011,3256
62660,97108,26922,46765,21700,70186,6268,3012,3256
62665,97112,26922,46768,21700,70189,6268,3012,3256
62670,97122,26925,46771,21702,70197,6269,3013,3256
62675,97128,26925,46776,21702,70201,6269,3013,3256
62680,97139,26927,46780,21704,70212,6270,3013,3257
62685,97143,26927,46782,21704,70215,6270,3013,3257
62690,97153,26931,46787,21707,70221,6271,3013,3258
62695,97159,26932,46791,21708,70225,6271,3013,3258
62700,97170,26934,46795,21710,70236,6272,3013,3259
62705,97174,26934,46799,21710,70237,6272,3013,3259
62710,97184,26940,46803,21714,70244,6273,3013,3260
62715,97190,26940,46804,21714,70250,6273,3013,3260
62720,97201,26941,46809,21715,70260,6274,3013,3261
62725,97205,26941,46811,21715,70262,6274,3013,3261
62730,97215,26945,46818,21718,70269,6275,3014,3261
62735,97221,26946,46821,21719,70274,6275,3014,3261
62740,97232,26948,46826,21721,70284,6276,3015,3261
62745,97236,26948,46830,21721,70285,6276,3015,3261
62750,97246,26954,46835,21726,70291,6277,3015,3262
62755,97252,26955,46836,21726,70297,6277,3015,3262
62760,97263,26956,46842,21727,70307,6278,3016,3262
62765,97267,26956,46843,21727,70311,6278,3016,3262
62770,97277,26957,46847,21727,70319,6279,3017,3262
62775,97283,26958,46851,21728,70325,6279,3017,3262
62780,97294,26959,46856,21728,70335,6280,3018,3262
62785,97298,26959,46858,21728,70338,6280,3018,3262
62790,97308,26960,46861,21729,70348,6281,3018,3263
62795,97314,26961,46863,21729,70353,6281,3018,3263
62800,97325,26963,46869,21730,70362,6282,3018,3264
62805,97329,26963,46872,21730,70364,6282,3018,3264
62810,97339,26965,46877,21731,70374,6283,3018,3265
62815,97345,26967,46880,21733,70378,6283,3018,3265
62820,97356,26968,46886,21733,70388,6284,3018,3266
62825,97360,26968,46889,21733,70391,6284,3018,3266
62830,97370,26969,46895,21734,70400,6285,3018,3267
62835,97376,26972,46901,21737,70403,6285,3018,3267
62840,97387,26974,46907,21738,70412,6286,3018,3268
62845,97391,26975,46911,21739,70415,6286,3018,3268
62850,97401,26977,46918,21740,70424,6287,3019,3268
62855,97407,26979,46923,21742,70426,6287,3019,3268
62860,97418,26982,46928,21744,70435,6288,3020,3268
62865,97422,26983,46930,21745,70438,6288,3020,3268
62870,97432,26985,46934,21746,70446,6289,3020,3269
62875,97438,26987,46936,21747,70450,6289,3020,3269
62880,97449,26990,46942,21749,70458,6290,3020,3270
62885,97453,26991,46943,21750,70461,6290,3020,3270
62890,97463,26994,46949,21752,70469,6291,3021,3270
62895,97469,26996,46952,21754,70472,6291,3021,3270
62900,97480,26998,46958,21756,70481,6292,3022,3270
62905,97484,26999,46959,21757,70485,6292,3022,3270
62910,97494,27001,46965,21759,70493,6293,3023,3270
62915,97500,27003,46968,21760,70497,6293,3023,3270
62920,97511,27005,46976,21761,70504,6294,3024,3270
62925,97515,27007,46977,21763,70507,6294,3024,3270
62930,97525,27009,46980,21763,70515,6295,3024,3271
62935,97531,27011,46981,21765,70520,6295,3024,3271
62940,97542,27012,46985,21765,70530,6296,3024,3272
62945,97546,27012,46987,21765,70533,6296,3024,3272
62950,97556,27014,46990,21766,70542,6297,3024,3273
62955,97562,27016,46994,21768,70545,6297,3024,3273
62960,97573,27019,47000,21770,70552,6298,3024,3274
62965,97577,27021,47004,21772,70555,6298,3024,3274
62970,97587,27023,47008,21774,70564,6299,3024,3275
62975,97593,27024,47009,21775,70569,6299,3024,3275
62980,97604,27026,47014,21776,70578,6300,3024,3276
62985,97608,27026,47016,21776,70581,6300,3024,3276
62990,97618,27029,47019,21777,70589,6301,3025,3276
62995,97624,27031,47023,21778,70591,6301,3025,3276
63000,97635,27034,47027,21780,70601,6302,3026,3276
63005,97639,27034,47030,21780,70603,6302,3026,3276
63010,97649,27039,47036,21785,70609,6303,3027,3276
63015,97655,27042,47039,21787,70611,6303,3027,3276
63020,97666,27045,47044,21790,70621,6304,3027,3277
63025,97670,27045,47045,21790,70624,6304,3027,3277
63030,97680,27048,47051,21792,70631,6305,3027,3278
63035,97686,27049,47054,21793,70635,6305,3027,3278
63040,97697,27052,47060,21795,70645,6306,3028,3278
63045,97701,27052,47061,21795,70648,6306,3028,3278
63050,97711,27056,47067,21799,70655,6307,3028,3279
63055,97717,27056,47069,21799,70660,6307,3028,3279
63060,97728,27058,47072,21800,70670,6308,3029,3279
63065,97732,27058,47073,21800,70674,6308,3029,3279
63070,97742,27060,47077,21800,70682,6309,3030,3279
63075,97748,27060,47080,21800,70686,6309,3030,3279
63080,97759,27063,47083,21802,70696,6310,3030,3280
63085,97763,27063,47086,21802,70698,6310,3030,3280
63090,97773,27067,47090,21805,70705,6311,3030,3281
63095,97779,27068,47092,21806,70709,6311,3030,3281
63100,97790,27071,47096,21808,70719,6312,3030,3282
63105,97794,27071,47097,21808,70722,6312,3030,3282
63110,97804,27074,47101,21809,70730,6313,3030,3283
63115,97810,27074,47104,21809,70734,6313,3030,3283
63120,97821,27076,47109,21810,70744,6314,3030,3284
63125,97825,27077,47112,21811,70746,6314,3030,3284
63130,97835,27083,47118,21816,70752,6315,3031,3284
63135,97841,27085,47123,21818,70754,6315,3031,3284
63140,97852,27088,47127,21820,70764,6316,3032,3284
63145,97856,27088,47129,21820,70766,6316,3032,3284
63150,97866,27094,47134,21824,70771,6317,3033,3284
63155,97872,27096,47139,21826,70775,6317,3033,3284
63160,97883,27099,47144,21828,70784,6318,3033,3285
63165,97887,27099,47148,21828,70786,6318,3033,3285
63170,97897,27102,47157,21831,70794,6319,3034,3285
63175,97903,27103,47159,21832,70800,6319,3034,3285
63180,97914,27105,47164,21834,70809,6320,3034,3286
63185,97918,27105,47166,21834,70812,6320,3034,3286
63190,97928,27107,47170,21836,70820,6321,3035,3286
63195,97934,27110,47176,21839,70823,6321,3035,3286
63200,97945,27112,47179,21840,70833,6322,3035,3287
63205,97949,27112,47180,21840,70836,6322,3035,3287
63210,97959,27115,47186,21842,70843,6323,3036,3287
63215,97965,27117,47190,21843,70847,6323,3036,3287
63220,97976,27119,47197,21845,70856,6324,3037,3287
63225,97980,27120,47200,21846,70859,6324,3037,3287
63230,97990,27123,47206,21848,70866,6325,3038,3287
63235,97996,27124,47208,21849,70872,6325,3038,3287
63240,98007,27125,47212,21849,70881,6326,3039,3287
63245,98011,27126,47213,21850,70884,6326,3039,3287
63250,98021,27129,47218,21851,70892,6327,3040,3287
63255,98027,27130,47218,21851,70897,6327,3040,3287
63260,98038,27132,47224,21852,70906,6328,3041,3287
63265,98042,27132,47226,21852,70910,6328,3041,3287
63270,98052,27134,47228,21853,70918,6329,3041,3288
63275,98058,27135,47231,21854,70922,6329,3041,3288
63280,98069,27138,47238,21856,70929,6330,3042,3288
63285,98073,27140,47241,21858,70933,6330,3042,3288
63290,98083,27143,47246,21861,70939,6331,3042,3289
63295,98089,27145,47250,21863,70942,6331,3042,3289
63300,98100,27149,47257,21866,70950,6332,3043,3289
63305,98104,27150,47259,21867,70954,6332,3043,3289
63310,98114,27152,47262,21867,70962,6333,3044,3289
63315,98120,27152,47266,21867,70967,6333,3044,3289
63320,98131,27154,47272,21868,70976,6334,3044,3290
63325,98135,27155,47275,21869,70980,6334,3044,3290
63330,98145,27157,47280,21870,70988,6335,3045,3290
63335,98151,27157,47282,21870,70994,6335,3045,3290
63340,98162,27158,47290,21871,71004,6336,3046,3290
63345,98166,27158,47293,21871,71007,6336,3046,3290
63350,98176,27161,47300,21874,71015,6337,3046,3291
63355,98182,27161,47301,21874,71020,6337,3046,3291
63360,98193,27162,47309,21875,71030,6338,3046,3292
63365,98197,27163,47310,21876,71033,6338,3046,3292
63370,98207,27167,47315,21879,71039,6339,3046,3293
63375,98213,27168,47318,21880,71043,6339,3046,3293
63380,98224,27170,47325,21881,71053,6340,3047,3293
63385,98228,27171,47325,21882,71057,6340,3047,3293
63390,98238,27174,47329,21883,71063,6341,3047,3294
63395,98244,27175,47330,21884,71069,6341,3047,3294
63400,98255,27176,47335,21884,71079,6342,3047,3295
63405,98259,27176,47337,21884,71081,6342,3047,3295
63410,98269,27181,47341,21888,71087,6343,3048,3295
63415,98275,27184,47343,21890,71090,6343,3048,3295
63420,98286,27187,47348,21893,71098,6344,3049,3295
63425,98290,27188,47349,21894,71101,6344,3049,3295
63430,98300,27192,47357,21898,71106,6345,3050,3295
63435,98306,27196,47361,21901,71107,6345,3050,3295
63440,98317,27200,47365,21905,71116,6346,3050,3296
63445,98321,27201,47365,21906,71120,6346,3050,3296
63450,98331,27203,47369,21907,71128,6347,3050,3297
63455,98337,27204,47372,21907,71131,6347,3050,3297
63460,98348,27206,47378,21908,71142,6348,3050,3298
63465,98352,27206,47380,21908,71145,6348,3050,3298
63470,98362,27209,47386,21910,71152,6349,3051,3298
63475,98368,27211,47389,21911,71156,6349,3051,3298
63480,98379,27212,47394,21912,71166,6350,3052,3298
63485,98383,27213,47398,21913,71169,6350,3052,3298
63490,98393,27214,47403,21914,71179,6351,3052,3299
63495,98399,27215,47408,21915,71184,6351,3052,3299
63500,98410,27217,47415,21917,71193,6352,3052,3300
63505,98414,27217,47417,21917,71196,6352,3052,3300
63510,98424,27218,47422,21917,71206,6353,3052,3301
63515,98430,27219,47422,21917,71211,6353,3052,3301
63520,98441,27221,47427,21919,71220,6354,3052,3302
63525,98445,27221,47430,21919,71223,6354,3052,3302
63530,98455,27222,47435,21919,71233,6355,3052,3303
63535,98461,27223,47438,21919,71238,6355,3052,3303
63540,98472,27225,47445,21920,71247,6356,3052,3304
63545,98476,27225,47447,21920,71250,6356,3052,3304
63550,98486,27226,47451,21920,71260,6357,3052,3305
63555,98492,27227,47453,21920,71265,6357,3052,3305
63560,98503,27229,47458,21922,71274,6358,3052,3306
63565,98507,27229,47461,21922,71277,6358,3052,3306
63570,98517,27230,47468,21923,71287,6359,3053,3306
63575,98523,27231,47470,21923,71292,6359,3053,3306
63580,98534,27233,47476,21924,71301,6360,3054,3306
63585,98538,27233,47477,21924,71305,6360,3054,3306
63590,98548,27235,47481,21925,71313,6361,3054,3307
63595,98554,27236,47484,21926,71317,6361,3054,3307
63600,98565,27239,47491,21929,71325,6362,3054,3308
63605,98569,27240,47493,21930,71328,6362,3054,3308
63610,98579,27243,47499,21933,71336,6363,3055,3308
63615,98585,27244,47502,21933,71340,6363,3055,3308
63620,98596,27247,47505,21935,71348,6364,3055,3309
63625,98600,27248,47505,21936,71352,6364,3055,3309
63630,98610,27250,47510,21937,71359,6365,3055,3310
63635,98616,27252,47512,21939,71364,6365,3055,3310
63640,98627,27253,47518,21940,71373,6366,3056,3310
63645,98631,27254,47519,21941,71376,6366,3056,3310
63650,98641,27258,47522,21944,71383,6367,3056,3311
63655,98647,27260,47525,21946,71387,6367,3056,3311
63660,98658,27261,47529,21946,71396,6368,3057,3311
63665,98662,27262,47531,21947,71399,6368,3057,3311
63670,98672,27265,47538,21950,71406,6369,3058,3311
63675,98678,27268,47540,21952,71409,6369,3058,3311
63680,98689,27271,47545,21954,71417,6370,3058,3312
63685,98693,27272,47547,21955,71419,6370,3058,3312
63690,98703,27278,47553,21960,71424,6371,3058,3313
63695,98709,27280,47557,21962,71426,6371,3058,3313
63700,98720,27285,47564,21967,71435,6372,3059,3313
63705,98724,27285,47565,21967,71438,6372,3059,3313
63710,98734,27289,47571,21970,71444,6373,3060,3313
63715,98740,27291,47573,21972,71448,6373,3060,3313
63720,98751,27294,47580,21974,71456,6374,3061,3313
63725,98755,27295,47581,21975,71459,6374,3061,3313
63730,98765,27300,47586,21980,71465,6375,3061,3314
63735,98771,27302,47587,21981,71469,6375,3061,3314
63740,98782,27304,47593,21983,71477,6376,3061,3315
63745,98786,27305,47594,21984,71480,6376,3061,3315
63750,98796,27308,47595,21986,71488,6377,3061,3316
63755,98802,27310,47599,21988,71490,6377,3061,3316
63760,98813,27313,47603,21990,71499,6378,3061,3317
63765,98817,27314,47605,21991,71502,6378,3061,3317
63770,98827,27318,47608,21993,71508,6379,3061,3318
63775,98833,27320,47611,21995,71512,6379,3061,3318
63780,98844,27322,47613,21996,71522,6380,3061,3319
63785,98848,27322,47615,21996,71524,6380,3061,3319
63790,98858,27324,47620,21998,71534,6381,3062,3319
63795,98864,27326,47625,21999,71537,6381,3062,3319
63800,98875,27329,47630,22002,71546,6382,3062,3320
63805,98879,27329,47633,22002,71548,6382,3062,3320
63810,98889,27330,47636,22002,71557,6383,3062,3321
63815,98895,27332,47639,22004,71562,6383,3062,3321
63820,98906,27335,47645,22006,71571,6384,3063,3321
63825,98910,27335,47647,22006,71573,6384,3063,3321
63830,98920,27337,47653,22007,71583,6385,3064,3321
63835,98926,27339,47655,22009,71587,6385,3064,3321
63840,98937,27340,47659,22010,71597,6386,3065,3321
63845,98941,27340,47662,22010,71600,6386,3065,3321
63850,98951,27342,47667,22012,71608,6387,3065,3322
63855,98957,27345,47669,22014,71611,6387,3065,3322
63860,98968,27348,47674,22016,71619,6388,3065,3323
63865,98972,27349,47674,22017,71623,6388,3065,3323
63870,98982,27350,47679,22018,71631,6389,3066,3323
63875,98988,27353,47683,22021,71634,6389,3066,3323
63880,98999,27355,47686,22022,71644,6390,3066,3324
63885,99003,27355,47687,22022,71648,6390,3066,3324
63890,99013,27357,47692,22022,71656,6391,3067,3324
63895,99019,27357,47692,22022,71662,6391,3067,3324
63900,99030,27358,47700,22023,71672,6392,3067,3325
63905,99034,27358,47703,22023,71675,6392,3067,3325
63910,99044,27360,47709,22024,71684,6393,3067,3326
63915,99050,27360,47711,22024,71688,6393,3067,3326
63920,99061,27362,47717,22025,71699,6394,3067,3327
63925,99065,27362,47719,22025,71703,6394,3067,3327
63930,99075,27364,47722,22026,71711,6395,3067,3328
63935,99081,27364,47724,22026,71717,6395,3067,3328
63940,99092,27365,47729,22026,71726,6396,3068,3328
63945,99096,27366,47730,22027,71730,6396,3068,3328
63950,99106,27368,47732,22027,71738,6397,3068,3329
63955,99112,27368,47733,22027,71744,6397,3068,3329
63960,99123,27369,47740,22028,71754,6398,3068,3330
63965,99127,27369,47741,22028,71757,6398,3068,3330
63970,99137,27372,47746,22029,71765,6398,3068,3330
63975,99143,27372,47749,22029,71771,6398,3068,3330
63980,99154,27373,47755,22029,71781,6399,3069,3330
63985,99158,27373,47758,22029,71785,6399,3069,3330
63990,99168,27376,47767,22031,71791,6399,3069,3330
63995,99174,27378,47769,22032,71795,6399,3069,3330
64000,99185,27380,47773,22033,71804,6400,3070,3330
64005,99189,27381,47774,22034,71808,6400,3070,3330
64010,99199,27384,47781,22037,71814,6400,3070,3330
64015,99205,27387,47785,22040,71816,6400,3070,3330
64020,99216,27391,47788,22043,71825,6401,3070,3331
64025,99220,27391,47791,22043,71827,6401,3070,3331
64030,99230,27397,47797,22047,71832,6401,3070,3331
64035,99236,27400,47802,22050,71833,6401,3070,3331
64040,99247,27405,47809,22055,71842,6402,3070,3332
64045,99251,27405,47810,22055,71846,6402,3070,3332
64050,99261,27408,47816,22058,71853,6402,3070,3332
64055,99267,27409,47819,22058,71856,6402,3070,3332
64060,99278,27413,47822,22061,71865,6403,3070,3333
64065,99282,27413,47824,22061,71867,6403,3070,3333
64070,99292,27418,47829,22065,71873,6404,3071,3333
64075,99298,27420,47833,22066,71876,6404,3071,3333
64080,99309,27424,47840,22070,71884,6405,3071,3334
64085,99313,27425,47843,22071,71886,6405,3071,3334
64090,99323,27429,47849,22074,71893,6406,3072,3334
64095,99329,27431,47854,22076,71896,6406,3072,3334
64100,99340,27435,47862,22079,71905,6407,3073,3334
64105,99344,27435,47863,22079,71908,6407,3073,3334
64110,99354,27438,47867,22082,71916,6408,3074,3334
64115,99360,27439,47870,22082,71919,6408,3074,3334
64120,99371,27442,47875,22084,71929,6409,3075,3334
64125,99375,27442,47876,22084,71933,6409,3075,3334
64130,99385,27444,47879,22084,71940,6410,3075,3335
64135,99391,27446,47883,22086,71944,6410,3075,3335
64140,99402,27448,47888,22087,71953,6411,3075,3336
64145,99406,27449,47890,22088,71956,6411,3075,3336
64150,99416,27453,47894,22091,71962,6412,3075,3337
64155,99422,27455,47896,22093,71966,6412,3075,3337
64160,99433,27458,47902,22095,71974,6413,3076,3337
64165,99437,27459,47904,22096,71977,6413,3076,3337
64170,99447,27462,47910,22098,71983,6414,3077,3337
64175,99453,27466,47912,22102,71987,6414,3077,3337
64180,99464,27467,47918,22102,71996,6415,3078,3337
64185,99468,27468,47921,22103,71998,6415,3078,3337
64190,99478,27474,47925,22108,72003,6416,3078,3338
64195,99484,27476,47929,22110,72007,6416,3078,3338
64200,99495,27477,47933,22111,72017,6417,3079,3338
64205,99499,27478,47934,22112,72021,6417,3079,3338
64210,99509,27480,47939,22114,72029,6418,3079,3339
64215,99515,27481,47943,22114,72033,6418,3079,3339
64220,99526,27484,47947,22116,72042,6419,3080,3339
64225,99530,27484,47948,22116,72046,6419,3080,3339
64230,99540,27486,47953,22117,72053,6420,3080,3340
64235,99546,27489,47956,22120,72057,6420,3080,3340
64240,99557,27490,47960,22120,72067,6421,3081,3340
64245,99561,27490,47962,22120,72070,6421,3081,3340
64250,99571,27491,47965,22120,72080,6422,3081,3341
64255,99577,27491,47969,22120,72085,6422,3081,3341
64260,99588,27492,47973,22120,72096,6423,3082,3341
64265,99592,27492,47976,22120,72099,6423,3082,3341
64270,99602,27493,47979,22120,72109,6424,3082,3342
64275,99608,27493,47981,22120,72115,6424,3082,3342
64280,99619,27494,47985,22120,72125,6425,3082,3343
64285,99623,27494,47986,22120,72129,6425,3082,3343
64290,99633,27495,47993,22120,72138,6426,3083,3343
64295,99639,27495,47995,22120,72144,6426,3083,3343
64300,99650,27496,48001,22120,72154,6427,3084,3343
64305,99654,27496,48002,22120,72158,6427,3084,3343
64310,99664,27498,48006,22120,72166,6428,3085,3343
64315,99670,27498,48010,22120,72170,6428,3085,3343
64320,99681,27500,48017,22122,72180,6429,3086,3343
64325,99685,27501,48019,22123,72184,6429,3086,3343
64330,99695,27503,48025,22125,72192,6430,3087,3343
64335,99701,27503,48026,22125,72197,6430,3087,3343
64340,99712,27505,48034,22127,72206,6431,3087,3344
64345,99716,27506,48037,22128,72209,6431,3087,3344
64350,99726,27509,48041,22130,72217,6432,3087,3345
64355,99732,27510,48044,22130,72220,6432,3087,3345
64360,99743,27513,48049,22132,72230,6433,3087,3346
64365,99747,27513,48050,22132,72234,6433,3087,3346
64370,99757,27515,48053,22133,72242,6434,3087,3347
64375,99763,27516,48057,22134,72245,6434,3087,3347
64380,99774,27520,48065,22137,72253,6435,3088,3347
64385,99778,27521,48068,22138,72255,6435,3088,3347
64390,99788,27526,48073,22142,72262,6436,3088,3348
64395,99794,27527,48074,22142,72267,6436,3088,3348
64400,99805,27529,48078,22144,72275,6437,3088,3349
64405,99809,27530,48081,22145,72277,6437,3088,3349
64410,99819,27534,48086,22149,72284,6438,3088,3350
64415,99825,27536,48089,22150,72287,6438,3088,3350
64420,99836,27538,48095,22151,72297,6439,3089,3350
64425,99840,27539,48097,22152,72300,6439,3089,3350
64430,99850,27543,48103,22156,72306,6440,3090,3350
64435,99856,27545,48105,22158,72310,6440,3090,3350
64440,99867,27547,48112,22160,72318,6441,3091,3350
64445,99871,27549,48114,22162,72321,6441,3091,3350
64450,99881,27551,48120,22164,72330,6442,3091,3351
64455,99887,27552,48122,22165,72335,6442,3091,3351
64460,99898,27553,48125,22165,72344,6443,3091,3352
64465,99902,27554,48127,22166,72346,6443,3091,3352
64470,99912,27556,48129,22166,72354,6444,3091,3353
64475,99918,27559,48130,22168,72359,6444,3091,3353
64480,99929,27561,48133,22170,72368,6445,3091,3354
64485,99933,27561,48133,22170,72372,6445,3091,3354
64490,99943,27563,48136,22170,72379,6446,3092,3354
64495,99949,27564,48137,22170,72385,6446,3092,3354
64500,99960,27565,48143,22171,72395,6447,3092,3355
64505,99964,27565,48146,22171,72398,6447,3092,3355
64510,99974,27568,48150,22173,72406,6448,3093,3355
64515,99980,27569,48152,22173,72410,6448,3093,3355
64520,99991,27571,48157,22174,72419,6449,3094,3355
64525,99995,27572,48160,22175,72421,6449,3094,3355
64530,100005,27574,48165,22176,72431,6450,3095,3355
64535,100011,27575,48167,22177,72436,6450,3095,3355
64540,100022,27576,48171,22177,72446,6451,3095,3356
64545,100026,27576,48173,22177,72448,6451,3095,3356
64550,100036,27580,48180,22181,72454,6452,3095,3357
64555,100042,27583,48183,22184,72457,6452,3095,3357
64560,100053,27586,48186,22186,72467,6453,3096,3357
64565,100057,27586,48186,22186,72471,6453,3096,3357
64570,100067,27589,48192,22188,72476,6454,3097,3357
64575,100073,27593,48193,22191,72480,6454,3097,3357
64580,100084,27594,48198,22192,72490,6455,3097,3358
64585,100088,27594,48200,22192,72492,6455,3097,3358
64590,100098,27600,48204,22197,72498,6456,3097,3359
64595,100104,27602,48208,22198,72500,6456,3097,3359
64600,100115,27605,48216,22201,72509,6457,3098,3359
64605,100119,27606,48218,22202,72513,6457,3098,3359
64610,100129,27608,48224,22203,72520,6458,3099,3359
64615,100135,27611,48228,22206,72523,6458,3099,3359
64620,100146,27614,48235,22208,72531,6459,3099,3360
64625,100150,27615,48237,22209,72534,6459,3099,3360
64630,100160,27617,48241,22209,72542,6459,3099,3360
64635,100166,27619,48244,22210,72546,6459,3099,3360
64640,100177,27622,48249,22212,72554,6460,3099,3361
64645,100181,27623,48252,22213,72557,6460,3099,3361
64650,100191,27626,48259,22215,72564,6460,3099,3361
64655,100197,27629,48263,22218,72567,6460,3099,3361
64660,100208,27631,48267,22220,72576,6461,3099,3362
64665,100212,27632,48268,22221,72580,6461,3099,3362
64670,100222,27635,48272,22222,72586,6461,3099,3362
64675,100228,27637,48274,22223,72590,6461,3099,3362
64680,100239,27639,48278,22224,72600,6462,3099,3363
64685,100243,27639,48278,22224,72604,6462,3099,3363
64690,100253,27642,48283,22226,72611,6462,3099,3363
64695,100259,27643,48286,22226,72615,6462,3099,3363
64700,100270,27645,48290,22227,72624,6463,3100,3363
64705,100274,27646,48291,22228,72628,6463,3100,3363
64710,100284,27648,48296,22230,72636,6463,3100,3363
64715,100290,27649,48299,22230,72641,6463,3100,3363
64720,100301,27651,48305,22232,72650,6464,3101,3363
64725,100305,27651,48309,22232,72653,6464,3101,3363
64730,100315,27653,48312,22233,72662,6465,3101,3364
64735,100321,27654,48316,22234,72666,6465,3101,3364
64740,100332,27657,48321,22236,72674,6466,3102,3364
64745,100336,27658,48323,22237,72677,6466,3102,3364
64750,100346,27661,48328,22239,72683,6467,3102,3365
64755,100352,27664,48329,22241,72687,6467,3102,3365
64760,100363,27666,48332,22243,72696,6468,3102,3366
64765,100367,27667,48333,22244,72699,6468,3102,3366
64770,100377,27671,48338,22247,72705,6469,3102,3367
64775,100383,27673,48339,22249,72710,6469,3102,3367
64780,100394,27674,48344,22250,72720,6470,3102,3368
64785,100398,27674,48345,22250,72724,6470,3102,3368
64790,100408,27676,48351,22251,72731,6471,3103,3368
64795,100414,27678,48355,22253,72734,6471,3103,3368
64800,100425,27682,48362,22257,72743,6472,3104,3368
64805,100429,27682,48364,22257,72745,6472,3104,3368
64810,100439,27687,48370,22262,72750,6473,3104,3369
64815,100445,27691,48374,22265,72752,6473,3104,3369
64820,100456,27694,48380,22268,72761,6474,3105,3369
64825,100460,27695,48381,22269,72765,6474,3105,3369
64830,100470,27697,48388,22271,72772,6475,3106,3369
64835,100476,27699,48389,22272,72777,6475,3106,3369
64840,100487,27700,48396,22273,72785,6476,3106,3370
64845,100491,27702,48398,22275,72789,6476,3106,3370
64850,100501,27704,48399,22275,72797,6477,3107,3370
64855,100507,27706,48404,22277,72800,6477,3107,3370
64860,100518,27709,48407,22279,72807,6478,3107,3371
64865,100522,27711,48410,22281,72810,6478,3107,3371
64870,100532,27715,48415,22283,72816,6479,3107,3372
64875,100538,27716,48418,22284,72821,6479,3107,3372
64880,100549,27718,48425,22285,72831,6480,3108,3372
64885,100553,27718,48428,22285,72834,6480,3108,3372
64890,100563,27721,48435,22287,72842,6481,3109,3372
64895,100569,27721,48438,22287,72847,6481,3109,3372
64900,100580,27723,48444,22289,72856,6482,3109,3373
64905,100584,27724,48446,22290,72859,6482,3109,3373
64910,100594,27727,48451,22293,72867,6483,3110,3373
64915,100600,27727,48454,22293,72873,6483,3110,3373
64920,100611,27728,48458,22294,72883,6484,3110,3374
64925,100615,27728,48459,22294,72886,6484,3110,3374
64930,100625,27729,48462,22295,72896,6485,3111,3374
64935,100631,27729,48465,22295,72901,6485,3111,3374
64940,100642,27730,48468,22296,72912,6486,3111,3375
64945,100646,27730,48469,22296,72916,6486,3111,3375
64950,100656,27731,48475,22296,72924,6487,3112,3375
64955,100662,27731,48478,22296,72930,6487,3112,3375
64960,100673,27732,48485,22297,72940,6488,3112,3376
64965,100677,27732,48487,22297,72944,6488,3112,3376
64970,100687,27733,48493,22298,72953,6489,3113,3376
64975,100693,27733,48495,22298,72958,6489,3113,3376
64980,100704,27735,48499,22300,72968,6490,3113,3377
64985,100708,27735,48500,22300,72973,6490,3113,3377
64990,100718,27736,48504,22301,72982,6491,3114,3377
64995,100724,27737,48506,22301,72984,6491,3114,3377
65000,100735,27738,48509,22301,72997,6492,3115,3377
65005,100739,27738,48511,22301,73000,6492,3115,3377
65010,100749,27739,48518,22301,73008,6493,3115,3378
65015,100755,27740,48519,22302,73014,6493,3115,3378
65020,100766,27741,48523,22302,73024,6494,3116,3378
65025,100770,27741,48524,22302,73028,6494,3116,3378
65030,100780,27743,48530,22302,73035,6495,3116,3379
65035,100786,27744,48531,22302,73041,6495,3116,3379
65040,100797,27746,48535,22303,73050,6496,3116,3380
65045,100801,27746,48537,22303,73055,6496,3116,3380
65050,100811,27748,48542,22304,73062,6497,3116,3381
65055,100817,27749,48544,22304,73067,6497,3116,3381
65060,100828,27751,48547,22305,73077,6498,3117,3381
65065,100832,27751,48548,22305,73081,6498,3117,3381
65070,100842,27753,48552,22305,73088,6499,3118,3381
65075,100848,27754,48555,22305,73092,6499,3118,3381
65080,100859,27756,48559,22306,73103,6500,3119,3381
65085,100863,27756,48562,22306,73107,6500,3119,3381
65090,100873,27758,48566,22306,73115,6501,3119,3382
65095,100879,27759,48567,22307,73119,6501,3119,3382
65100,100890,27761,48571,22308,73129,6502,3119,3383
65105,100894,27761,48573,22308,73133,6502,3119,3383
65110,100904,27763,48575,22308,73141,6503,3119,3384
65115,100910,27764,48578,22309,73145,6503,3119,3384
65120,100921,27766,48586,22310,73155,6504,3120,3384
65125,100925,27766,48588,22310,73159,6504,3120,3384
65130,100935,27768,48593,22311,73167,6505,3121,3384
65135,100941,27769,48596,22312,73171,6505,3121,3384
65140,100952,27770,48603,22312,73182,6506,3122,3384
65145,100956,27770,48606,22312,73186,6506,3122,3384
65150,100966,27772,48610,22313,73194,6507,3123,3384
65155,100972,27773,48613,22313,73197,6507,3123,3384
65160,100983,27775,48617,22314,73207,6508,3123,3385
65165,100987,27776,48619,22315,73210,6508,3123,3385
65170,100997,27779,48624,22316,73218,6509,3124,3385
65175,101003,27780,48627,22317,73221,6509,3124,3385
65180,101014,27782,48633,22319,73230,6510,3125,3385
65185,101018,27784,48636,22321,73232,6510,3125,3385
65190,101028,27788,48640,22324,73240,6511,3125,3386
65195,101034,27789,48645,22324,73241,6511,3125,3386
65200,101045,27793,48649,22328,73251,6512,3126,3386
65205,101049,27794,48652,22329,73252,6512,3126,3386
65210,101059,27799,48656,22334,73259,6513,3126,3387
65215,101065,27801,48657,22335,73262,6513,3126,3387
65220,101076,27804,48665,22338,73270,6514,3126,3388
65225,101080,27806,48665,22340,73274,6514,3126,3388
65230,101090,27808,48670,22340,73280,6514,3126,3388
65235,101096,27811,48671,22342,73283,6514,3126,3388
65240,101107,27813,48675,22343,73293,6515,3126,3389
65245,101111,27814,48677,22344,73295,6515,3126,3389
65250,101121,27819,48682,22347,73301,6515,3126,3389
65255,101127,27821,48683,22349,73305,6515,3126,3389
65260,101138,27822,48687,22349,73316,6516,3126,3390
65265,101142,27822,48690,22349,73318,6516,3126,3390
65270,101152,27824,48694,22349,73327,6516,3126,3390
65275,101158,27825,48695,22350,73332,6516,3126,3390
65280,101169,27826,48699,22350,73343,6517,3126,3391
65285,101173,27826,48700,22350,73346,6517,3126,3391
65290,101183,27828,48704,22351,73355,6517,3126,3391
65295,101189,27829,48708,22352,73359,6517,3126,3391
65300,101200,27830,48714,22352,73369,6518,3126,3392
65305,101204,27830,48716,22352,73373,6518,3126,3392
65310,101214,27832,48722,22353,73382,6518,3126,3392
65315,101220,27833,48726,22353,73386,6518,3126,3392
65320,101231,27835,48733,22355,73396,6519,3126,3393
65325,101235,27835,48735,22355,73400,6519,3126,3393
65330,101245,27837,48742,22357,73408,6520,3126,3394
65335,101251,27838,48746,22358,73412,6520,3126,3394
65340,101262,27840,48750,22360,73422,6521,3126,3395
65345,101266,27840,48753,22360,73426,6521,3126,3395
65350,101276,27842,48756,22361,73434,6522,3126,3396
65355,101282,27843,48759,22361,73437,6522,3126,3396
65360,101293,27845,48764,22363,73448,6523,3127,3396
65365,101297,27845,48766,22363,73452,6523,3127,3396
65370,101307,27847,48773,22365,73460,6524,3128,3396
65375,101313,27848,48776,22365,73463,6524,3128,3396
65380,101324,27851,48782,22368,73473,6525,3129,3396
65385,101328,27851,48785,22368,73477,6525,3129,3396
65390,101338,27853,48789,22369,73485,6526,3129,3397
65395,101344,27854,48793,22370,73488,6526,3129,3397
65400,101355,27856,48797,22371,73498,6527,3129,3398
65405,101359,27857,48799,22372,73502,6527,3129,3398
65410,101369,27859,48805,22372,73510,6528,3129,3399
65415,101375,27860,48808,22373,73513,6528,3129,3399
65420,101386,27862,48810,22374,73524,6529,3129,3400
65425,101390,27862,48811,22374,73527,6529,3129,3400
65430,101400,27866,48817,22377,73533,6530,3129,3401
65435,101406,27868,48818,22378,73537,6530,3129,3401
65440,101417,27869,48825,22378,73547,6531,3129,3402
65445,101421,27870,48827,22379,73550,6531,3129,3402
65450,101431,27874,48831,22381,73557,6532,3129,3403
65455,101437,27875,48833,22381,73560,6532,3129,3403
65460,101448,27878,48840,22384,73568,6533,3129,3404
65465,101452,27880,48842,22386,73570,6533,3129,3404
65470,101462,27884,48846,22389,73578,6534,3130,3404
65475,101468,27885,48848,22389,73582,6534,3130,3404
65480,101479,27887,48853,22390,73592,6535,3131,3404
65485,101483,27887,48854,22390,73596,6535,3131,3404
65490,101493,27890,48860,22392,73601,6536,3132,3404
65495,101499,27893,48865,22395,73603,6536,3132,3404
65500,101510,27896,48870,22398,73614,6537,3132,3405
65505,101514,27896,48872,22398,73617,6537,3132,3405
65510,101524,27897,48876,22399,73626,6538,3132,3406
65515,101530,27898,48881,22400,73630,6538,3132,3406
65520,101541,27899,48888,22401,73641,6539,3133,3406
65525,101545,27899,48889,22401,73646,6539,3133,3406
65530,101555,27900,48893,22401,73654,6540,3134,3406
65535,101561,27901,48896,22402,73659,6540,3134,3406
65540,101572,27903,48906,22404,73669,6541,3135,3406
65545,101576,27903,48909,22404,73673,6541,3135,3406
65550,101586,27904,48914,22405,73682,6542,3135,3407
65555,101592,27905,48915,22405,73686,6542,3135,3407
65560,101603,27906,48919,22405,73697,6543,3135,3408
65565,101607,27906,48920,22405,73701,6543,3135,3408
65570,101617,27907,48922,22405,73710,6544,3135,3409
65575,101623,27908,48925,22406,73715,6544,3135,3409
65580,101634,27909,48931,22406,73725,6545,3136,3409
65585,101638,27909,48931,22406,73729,6545,3136,3409
65590,101648,27910,48935,22406,73738,6546,3136,3410
65595,101654,27911,48939,22407,73743,6546,3136,3410
65600,101665,27913,48946,22408,73752,6547,3136,3411
65605,101669,27913,48948,22408,73756,6547,3136,3411
65610,101679,27915,48952,22410,73764,6548,3136,3412
65615,101685,27916,48954,22411,73769,6548,3136,3412
65620,101696,27917,48958,22412,73779,6549,3137,3412
65625,101700,27917,48961,22412,73783,6549,3137,3412
65630,101710,27919,48965,22413,73791,6550,3137,3413
65635,101716,27920,48970,22413,73794,6550,3137,3413
65640,101727,27923,48976,22415,73803,6551,3138,3413
65645,101731,27924,48978,22416,73806,6551,3138,3413
65650,101741,27928,48984,22419,73811,6552,3138,3414
65655,101747,27931,48987,22421,73814,6552,3138,3414
65660,101758,27934,48994,22424,73823,6553,3138,3415
65665,101762,27935,48994,22425,73827,6553,3138,3415
65670,101772,27937,48996,22426,73835,6554,3138,3416
65675,101778,27938,49000,22427,73838,6554,3138,3416
65680,101789,27940,49007,22428,73847,6555,3139,3416
65685,101793,27942,49009,22430,73849,6555,3139,3416
65690,101803,27947,49016,22435,73856,6556,3139,3417
65695,101809,27948,49020,22436,73858,6556,3139,3417
65700,101820,27952,49026,22440,73866,6557,3140,3417
65705,101824,27953,49028,22441,73870,6557,3140,3417
65710,101834,27955,49033,22442,73879,6558,3141,3417
65715,101840,27956,49034,22442,73884,6558,3141,3417
65720,101851,27958,49040,22444,73893,6559,3142,3417
65725,101855,27958,49043,22444,73897,6559,3142,3417
65730,101865,27960,49051,22445,73905,6560,3143,3417
65735,101871,27961,49054,22445,73909,6560,3143,3417
65740,101882,27963,49061,22447,73919,6561,3144,3417
65745,101886,27963,49061,22447,73923,6561,3144,3417
65750,101896,27965,49066,22449,73931,6562,3145,3417
65755,101902,27966,49069,22449,73935,6562,3145,3417
65760,101913,27969,49074,22451,73944,6563,3145,3418
65765,101917,27969,49076,22451,73948,6563,3145,3418
65770,101927,27971,49082,22452,73956,6564,3145,3419
65775,101933,27972,49084,22452,73960,6564,3145,3419
65780,101944,27975,49091,22454,73969,6565,3146,3419
65785,101948,27975,49093,22454,73973,6565,3146,3419
65790,101958,27977,49096,22454,73981,6566,3146,3420
65795,101964,27978,49099,22455,73986,6566,3146,3420
65800,101975,27979,49105,22455,73996,6567,3147,3420
65805,101979,27979,49108,22455,74000,6567,3147,3420
65810,101989,27981,49114,22457,74008,6568,3147,3421
65815,101995,27982,49117,22458,74012,6568,3147,3421
65820,102006,27984,49126,22459,74019,6569,3148,3421
65825,102010,27987,49128,22462,74022,6569,3148,3421
65830,102020,27990,49136,22465,74029,6570,3149,3421
65835,102026,27992,49138,22467,74033,6570,3149,3421
65840,102037,27995,49145,22469,74041,6571,3150,3421
65845,102041,27996,49148,22470,74042,6571,3150,3421
65850,102051,28001,49149,22473,74050,6572,3151,3421
65855,102057,28002,49150,22473,74054,6572,3151,3421
65860,102068,28005,49153,22474,74063,6573,3152,3421
65865,102072,28005,49154,22474,74066,6573,3152,3421
65870,102082,28008,49161,22477,74073,6574,3153,3421
65875,102088,28010,49162,22478,74077,6574,3153,3421
65880,102099,28013,49165,22481,74086,6575,3153,3422
65885,102103,28013,49165,22481,74090,6575,3153,3422
65890,102113,28015,49167,22481,74097,6575,3153,3422
65895,102119,28017,49169,22483,74101,6575,3153,3422
65900,102130,28020,49173,22484,74109,6576,3154,3422
65905,102134,28021,49175,22485,74112,6576,3154,3422
65910,102144,28022,49183,22485,74120,6576,3154,3422
65915,102150,28023,49185,22485,74127,6576,3154,3422
65920,102161,28025,49189,22486,74135,6577,3154,3423
65925,102165,28025,49191,22486,74139,6577,3154,3423
65930,102175,28026,49195,22487,74148,6577,3154,3423
65935,102181,28027,49197,22487,74153,6577,3154,3423
65940,102192,28029,49203,22489,74163,6578,3154,3424
65945,102196,28029,49204,22489,74166,6578,3154,3424
65950,102206,28030,49212,22490,74176,6578,3154,3424
65955,102212,28031,49213,22490,74180,6578,3154,3424
65960,102223,28033,49219,22492,74190,6579,3154,3425
65965,102227,28033,49221,22492,74194,6579,3154,3425
65970,102237,28034,49224,22492,74202,6579,3154,3425
65975,102243,28035,49225,22492,74208,6579,3154,3425
65980,102254,28037,49231,22493,74217,6580,3154,3426
65985,102258,28037,49232,22493,74221,6580,3154,3426
65990,102268,28038,49236,22493,74230,6581,3155,3426
65995,102274,28039,49237,22493,74235,6581,3155,3426
66000,102285,28041,49239,22494,74244,6582,3155,3427
66005,102289,28041,49241,22494,74248,6582,3155,3427
66010,102299,28043,49245,22496,74256,6583,3155,3428
66015,102305,28044,49247,22496,74260,6583,3155,3428
66020,102316,28047,49251,22497,74269,6584,3156,3428
66025,102320,28047,49251,22497,74273,6584,3156,3428
66030,102330,28049,49258,22498,74281,6585,3157,3428
66035,102336,28050,49260,22499,74285,6585,3157,3428
66040,102347,28052,49267,22500,74295,6586,3158,3428
66045,102351,28052,49269,22500,74299,6586,3158,3428
66050,102361,28054,49274,22501,74307,6587,3158,3429
66055,102367,28055,49277,22502,74311,6587,3158,3429
66060,102378,28058,49282,22504,74319,6588,3158,3430
66065,102382,28059,49284,22505,74323,6588,3158,3430
66070,102392,28061,49288,22506,74331,6589,3158,3431
66075,102398,28062,49291,22507,74335,6589,3158,3431
66080,102409,28064,49294,22507,74343,6590,3158,3432
66085,102413,28066,49297,22509,74344,6590,3158,3432
66090,102423,28072,49304,22515,74350,6591,3159,3432
66095,102429,28074,49309,22516,74351,6591,3159,3432
66100,102440,28079,49314,22519,74359,6592,3159,3433
66105,102444,28081,49315,22521,74362,6592,3159,3433
66110,102454,28084,49322,22523,74368,6593,3160,3433
66115,102460,28087,49325,22525,74371,6593,3160,3433
66120,102471,28090,49331,22527,74379,6594,3160,3434
66125,102475,28092,49333,22529,74381,6594,3160,3434
66130,102485,28096,49336,22531,74388,6595,3160,3435
66135,102491,28098,49339,22533,74392,6595,3160,3435
66140,102502,28100,49347,22534,74401,6596,3160,3436
66145,102506,28100,49347,22534,74406,6596,3160,3436
66150,102516,28101,49350,22534,74413,6597,3160,3437
66155,102522,28102,49351,22534,74419,6597,3160,3437
66160,102533,28104,49359,22536,74428,6598,3161,3437
66165,102537,28104,49362,22536,74433,6598,3161,3437
66170,102547,28105,49368,22537,74441,6599,3161,3438
66175,102553,28106,49370,22538,74446,6599,3161,3438
66180,102564,28108,49374,22540,74456,6600,3161,3439
66185,102568,28108,49376,22540,74460,6600,3161,3439
66190,102578,28109,49383,22540,74469,6601,3162,3439
66195,102584,28110,49384,22541,74474,6601,3162,3439
66200,102595,28112,49390,22543,74483,6602,3163,3439
66205,102599,28112,49391,22543,74487,6602,3163,3439
66210,102609,28113,49398,22544,74496,6603,3163,3440
66215,102615,28114,49400,22544,74501,6603,3163,3440
66220,102626,28116,49402,22544,74510,6604,3163,3441
66225,102630,28116,49402,22544,74514,6604,3163,3441
66230,102640,28117,49408,22545,74523,6605,3164,3441
66235,102646,28118,49410,22546,74527,6605,3164,3441
66240,102657,28120,49417,22548,74537,6606,3164,3442
66245,102661,28120,49420,22548,74541,6606,3164,3442
66250,102671,28122,49423,22549,74549,6607,3164,3443
66255,102677,28123,49429,22550,74553,6607,3164,3443
66260,102688,28125,49436,22551,74563,6608,3165,3443
66265,102692,28125,49438,22551,74567,6608,3165,3443
66270,102702,28127,49442,22552,74575,6609,3166,3443
66275,102708,28128,49444,22552,74579,6609,3166,3443
66280,102719,28130,49448,22552,74588,6610,3166,3444
66285,102723,28131,49450,22553,74591,6610,3166,3444
66290,102733,28135,49456,22557,74598,6611,3166,3445
66295,102739,28136,49457,22558,74603,6611,3166,3445
66300,102750,28138,49463,22559,74611,6612,3166,3446
66305,102754,28139,49465,22560,74613,6612,3166,3446
66310,102764,28144,49470,22564,74619,6613,3166,3447
66315,102770,28146,49473,22566,74623,6613,3166,3447
66320,102781,28149,49481,22569,74630,6614,3167,3447
66325,102785,28151,49484,22571,74631,6614,3167,3447
66330,102795,28157,49491,22577,74636,6615,3168,3447
66335,102801,28160,49492,22580,74641,6615,3168,3447
66340,102812,28162,49498,22582,74649,6616,3168,3448
66345,102816,28163,49499,22583,74652,6616,3168,3448
66350,102826,28166,49507,22586,74658,6617,3169,3448
66355,102832,28169,49508,22588,74662,6617,3169,3448
66360,102843,28171,49514,22589,74671,6618,3170,3448
66365,102847,28171,49517,22589,74675,6618,3170,3448
66370,102857,28173,49522,22590,74684,6619,3171,3448
66375,102863,28174,49528,22591,74689,6619,3171,3448
66380,102874,28176,49535,22592,74698,6620,3172,3448
66385,102878,28176,49538,22592,74701,6620,3172,3448
66390,102888,28178,49543,22592,74710,6621,3173,3448
66395,102894,28179,49546,22592,74715,6621,3173,3448
66400,102905,28181,49550,22592,74724,6622,3174,3448
66405,102909,28181,49551,22592,74728,6622,3174,3448
66410,102919,28183,49557,22593,74736,6623,3174,3449
66415,102925,28184,49560,22594,74741,6623,3174,3449
66420,102936,28186,49565,22595,74750,6624,3174,3450
66425,102940,28186,49567,22595,74754,6624,3174,3450
66430,102950,28188,49573,22597,74762,6625,3175,3450
66435,102956,28189,49574,22597,74767,6625,3175,3450
66440,102967,28191,49580,22597,74776,6626,3175,3451
66445,102971,28191,49583,22597,74779,6626,3175,3451
66450,102981,28193,49585,22597,74788,6627,3175,3452
66455,102987,28194,49589,22598,74793,6627,3175,3452
66460,102998,28196,49593,22599,74802,6628,3176,3452
66465,103002,28196,49593,22599,74806,6628,3176,3452
66470,103012,28199,49596,22601,74813,6629,3176,3453
66475,103018,28200,49600,22601,74815,6629,3176,3453
66480,103029,28204,49604,22604,74824,6630,3177,3453
66485,103033,28205,49604,22605,74828,6630,3177,3453
66490,103043,28207,49608,22606,74835,6631,3177,3454
66495,103049,28209,49614,22608,74836,6631,3177,3454
66500,103060,28214,49619,22613,74844,6632,3177,3455
66505,103064,28216,49622,22615,74848,6632,3177,3455
66510,103074,28218,49626,22616,74856,6633,3177,3456
66515,103080,28219,49630,22616,74859,6633,3177,3456
66520,103091,28222,49635,22618,74869,6634,3177,3457
66525,103095,28222,49637,22618,74873,6634,3177,3457
66530,103105,28224,49641,22620,74881,6635,3178,3457
66535,103111,28225,49645,22620,74884,6635,3178,3457
66540,103122,28228,49649,22621,74893,6636,3179,3457
66545,103126,28229,49650,22622,74897,6636,3179,3457
66550,103136,28231,49656,22623,74905,6636,3179,3457
66555,103142,28232,49659,22623,74909,6636,3179,3457
66560,103153,28235,49665,22625,74918,6637,3180,3457
66565,103157,28235,49667,22625,74922,6637,3180,3457
66570,103167,28237,49670,22627,74930,6637,3180,3457
66575,103173,28238,49674,22628,74934,6637,3180,3457
66580,103184,28241,49680,22630,74942,6638,3180,3458
66585,103188,28242,49681,22631,74946,6638,3180,3458
66590,103198,28244,49686,22632,74954,6638,3180,3458
66595,103204,28245,49689,22632,74958,6638,3180,3458
66600,103215,28247,49693,22633,74967,6639,3180,3459
66605,103219,28248,49694,22634,74970,6639,3180,3459
66610,103229,28251,49697,22637,74978,6639,3180,3459
66615,103235,28252,49702,22637,74979,6639,3180,3459
66620,103246,28257,49708,22641,74989,6640,3181,3459
66625,103250,28257,49711,22641,74992,6640,3181,3459
66630,103260,28258,49716,22641,75002,6640,3181,3459
66635,103266,28259,49720,22642,75006,6640,3181,3459
66640,103277,28261,49725,22644,75016,6641,3181,3460
66645,103281,28261,49727,22644,75019,6641,3181,3460
66650,103291,28262,49731,22644,75028,6642,3182,3460
66655,103297,28263,49734,22645,75033,6642,3182,3460
66660,103308,28265,49742,22646,75043,6643,3183,3460
66665,103312,28265,49744,22646,75045,6643,3183,3460
66670,103322,28266,49749,22647,75056,6644,3184,3460
66675,103328,28267,49753,22648,75061,6644,3184,3460
66680,103339,28269,49757,22649,75070,6645,3185,3460
66685,103343,28269,49759,22649,75073,6645,3185,3460
66690,103353,28270,49765,22650,75082,6646,3185,3461
66695,103359,28271,49767,22650,75087,6646,3185,3461
66700,103370,28273,49775,22651,75096,6647,3186,3461
66705,103374,28273,49777,22651,75101,6647,3186,3461
66710,103384,28274,49783,22652,75110,6648,3186,3462
66715,103390,28275,49785,22652,75115,6648,3186,3462
66720,103401,28277,49790,22652,75123,6649,3186,3463
66725,103405,28277,49791,22652,75128,6649,3186,3463
66730,103415,28279,49794,22653,75136,6650,3186,3464
66735,103421,28280,49797,22653,75139,6650,3186,3464
66740,103432,28282,49803,22655,75150,6651,3186,3465
66745,103436,28282,49805,22655,75154,6651,3186,3465
66750,103446,28284,49806,22655,75162,6652,3186,3466
66755,103452,28285,49809,22656,75167,6652,3186,3466
66760,103463,28287,49818,22658,75176,6653,3187,3466
66765,103467,28287,49821,22658,75180,6653,3187,3466
66770,103477,28289,49825,22658,75188,6654,3188,3466
66775,103483,28290,49828,22658,75192,6654,3188,3466
66780,103494,28292,49831,22658,75202,6655,3188,3467
66785,103498,28292,49834,22658,75206,6655,3188,3467
66790,103508,28294,49839,22659,75214,6656,3189,3467
66795,103514,28295,49841,22660,75219,6656,3189,3467
66800,103525,28297,49847,22661,75228,6657,3190,3467
66805,103529,28297,49850,22661,75232,6657,3190,3467
66810,103539,28299,49854,22663,75240,6658,3190,3468
66815,103545,28300,49855,22664,75245,6658,3190,3468
66820,103556,28302,49861,22664,75253,6659,3191,3468
66825,103560,28303,49862,22665,75257,6659,3191,3468
66830,103570,28305,49868,22665,75265,6660,3192,3468
66835,103576,28306,49871,22666,75270,6660,3192,3468
66840,103587,28308,49876,22668,75279,6661,3192,3469
66845,103591,28308,49879,22668,75282,6661,3192,3469
66850,103601,28311,49886,22670,75290,6662,3192,3470
66855,103607,28312,49889,22671,75294,6662,3192,3470
66860,103618,28315,49894,22674,75303,6663,3192,3471
66865,103622,28315,49896,22674,75305,6663,3192,3471
66870,103632,28320,49900,22678,75312,6664,3192,3472
66875,103638,28321,49903,22679,75317,6664,3192,3472
66880,103649,28323,49906,22679,75325,6665,3192,3473
66885,103653,28324,49908,22680,75329,6665,3192,3473
66890,103663,28327,49916,22683,75336,6666,3193,3473
66895,103669,28328,49917,22683,75340,6666,3193,3473
66900,103680,28331,49922,22685,75349,6667,3194,3473
66905,103684,28331,49923,22685,75353,6667,3194,3473
66910,103694,28333,49927,22686,75361,6668,3195,3473
66915,103700,28334,49929,22687,75366,6668,3195,3473
66920,103711,28336,49934,22688,75374,6669,3195,3474
66925,103715,28337,49936,22689,75376,6669,3195,3474
66930,103725,28342,49939,22692,75383,6670,3195,3475
66935,103731,28343,49943,22693,75386,6670,3195,3475
66940,103742,28347,49948,22695,75395,6671,3196,3475
66945,103746,28347,49950,22695,75398,6671,3196,3475
66950,103756,28351,49955,22697,75404,6672,3196,3476
66955,103762,28353,49957,22698,75407,6672,3196,3476
66960,103773,28357,49964,22702,75415,6673,3197,3476
66965,103777,28358,49966,22703,75417,6673,3197,3476
66970,103787,28363,49969,22706,75424,6674,3198,3476
66975,103793,28364,49974,22707,75426,6674,3198,3476
66980,103804,28368,49978,22711,75435,6675,3198,3477
66985,103808,28369,49980,22712,75437,6675,3198,3477
66990,103818,28373,49983,22716,75445,6676,3198,3478
66995,103824,28374,49986,22717,75448,6676,3198,3478
67000,103835,28377,49993,22719,75457,6677,3199,3478
67005,103839,28378,49995,22720,75461,6677,3199,3478
67010,103849,28380,50000,22721,75469,6678,3200,3478
67015,103855,28381,50004,22722,75473,6678,3200,3478
67020,103866,28383,50009,22723,75482,6679,3200,3479
67025,103870,28383,50009,22723,75487,6679,3200,3479
67030,103880,28385,50015,22725,75494,6680,3201,3479
67035,103886,28386,50018,22725,75499,6680,3201,3479
67040,103897,28388,50022,22726,75509,6681,3201,3480
67045,103901,28388,50024,22726,75512,6681,3201,3480
67050,103911,28390,50026,22726,75520,6682,3201,3481
67055,103917,28391,50028,22726,75526,6682,3201,3481
67060,103928,28393,50031,22728,75535,6683,3201,3482
67065,103932,28393,50033,22728,75538,6683,3201,3482
67070,103942,28395,50038,22729,75547,6684,3202,3482
67075,103948,28396,50044,22730,75550,6684,3202,3482
67080,103959,28398,50053,22731,75560,6685,3203,3482
67085,103963,28398,50055,22731,75565,6685,3203,3482
67090,103973,28400,50060,22732,75573,6686,3203,3483
67095,103979,28401,50060,22732,75578,6686,3203,3483
67100,103990,28403,50066,22732,75586,6687,3203,3484
67105,103994,28403,50067,22732,75591,6687,3203,3484
67110,104004,28405,50074,22733,75598,6688,3204,3484
67115,104010,28406,50077,22733,75602,6688,3204,3484
67120,104021,28409,50085,22736,75612,6689,3205,3484
67125,104025,28409,50087,22736,75615,6689,3205,3484
67130,104035,28411,50093,22737,75624,6690,3205,3485
67135,104041,28412,50096,22737,75627,6690,3205,3485
67140,104052,28415,50102,22738,75637,6691,3206,3485
67145,104056,28415,50103,22738,75641,6691,3206,3485
67150,104066,28417,50106,22739,75649,6692,3206,3486
67155,104072,28418,50108,22739,75652,6692,3206,3486
67160,104083,28421,50114,22740,75662,6693,3206,3487
67165,104087,28421,50116,22740,75666,6693,3206,3487
67170,104097,28423,50120,22742,75674,6694,3206,3488
67175,104103,28424,50124,22743,75678,6694,3206,3488
67180,104114,28427,50129,22745,75687,6695,3206,3489
67185,104118,28427,50131,22745,75691,6695,3206,3489
67190,104128,28429,50136,22746,75699,6696,3206,3490
67195,104134,28430,50137,22746,75703,6696,3206,3490
67200,104145,28432,50140,22746,75713,6697,3206,3491
67205,104149,28432,50142,22746,75717,6697,3206,3491
67210,104159,28434,50147,22747,75725,6697,3206,3491
67215,104165,28435,50151,22748,75729,6697,3206,3491
67220,104176,28438,50158,22750,75738,6698,3207,3491
67225,104180,28438,50161,22750,75741,6698,3207,3491
67230,104190,28441,50166,22752,75748,6698,3207,3491
67235,104196,28443,50167,22753,75752,6698,3207,3491
67240,104207,28445,50173,22755,75760,6699,3208,3491
67245,104211,28447,50174,22757,75763,6699,3208,3491
67250,104221,28450,50178,22759,75769,6699,3208,3491
67255,104227,28453,50180,22761,75772,6699,3208,3491
67260,104238,28456,50183,22762,75781,6700,3209,3491
67265,104242,28457,50185,22763,75784,6700,3209,3491
67270,104252,28461,50188,22765,75790,6700,3209,3491
67275,104258,28463,50191,22767,75794,6700,3209,3491
67280,104269,28465,50194,22767,75802,6701,3209,3492
67285,104273,28467,50196,22769,75805,6701,3209,3492
67290,104283,28471,50200,22771,75812,6701,3209,3492
67295,104289,28472,50204,22771,75814,6701,3209,3492
67300,104300,28476,50210,22774,75822,6702,3210,3492
67305,104304,28478,50211,22776,75825,6702,3210,3492
67310,104314,28482,50217,22778,75831,6703,3211,3492
67315,104320,28483,50218,22779,75837,6703,3211,3492
67320,104331,28484,50224,22779,75845,6704,3212,3492
67325,104335,28485,50227,22780,75848,6704,3212,3492
67330,104345,28486,50232,22781,75858,6705,3213,3492
67335,104351,28486,50234,22781,75864,6705,3213,3492
67340,104362,28487,50240,22782,75874,6706,3213,3493
67345,104366,28487,50242,22782,75878,6706,3213,3493
67350,104376,28488,50248,22782,75886,6707,3214,3493
67355,104382,28488,50251,22782,75894,6707,3214,3493
67360,104393,28489,50256,22783,75904,6708,3214,3494
67365,104397,28489,50258,22783,75908,6708,3214,3494
67370,104407,28490,50263,22784,75917,6709,3214,3495
67375,104413,28490,50266,22784,75923,6709,3214,3495
67380,104424,28491,50268,22784,75933,6710,3214,3496
67385,104428,28491,50270,22784,75937,6710,3214,3496
67390,104438,28492,50272,22784,75946,6711,3215,3496
67395,104444,28492,50274,22784,75952,6711,3215,3496
67400,104455,28493,50277,22785,75962,6712,3215,3497
67405,104459,28493,50279,22785,75966,6712,3215,3497
67410,104469,28494,50281,22785,75975,6713,3216,3497
67415,104475,28494,50283,22785,75981,6713,3216,3497
67420,104486,28495,50291,22786,75991,6714,3217,3497
67425,104490,28495,50292,22786,75995,6714,3217,3497
67430,104500,28497,50297,22788,76003,6715,3217,3498
67435,104506,28497,50301,22788,76008,6715,3217,3498
67440,104517,28498,50305,22789,76019,6716,3217,3499
67445,104521,28498,50308,22789,76023,6716,3217,3499
67450,104531,28500,50315,22791,76031,6717,3217,3500
67455,104537,28500,50318,22791,76037,6717,3217,3500
67460,104548,28502,50325,22793,76045,6718,3217,3501
67465,104552,28503,50326,22794,76049,6718,3217,3501
67470,104562,28506,50332,22796,76055,6719,3217,3502
67475,104568,28507,50336,22797,76060,6719,3217,3502
67480,104579,28509,50338,22798,76069,6720,3217,3503
67485,104583,28510,50341,22799,76071,6720,3217,3503
67490,104593,28514,50346,22802,76078,6721,3218,3503
67495,104599,28515,50347,22803,76084,6721,3218,3503
67500,104610,28517,50352,22805,76093,6722,3219,3503
67505,104614,28517,50353,22805,76096,6722,3219,3503
67510,104624,28521,50357,22807,76102,6723,3220,3503
67515,104630,28522,50359,22808,76107,6723,3220,3503
67520,104641,28524,50362,22809,76117,6724,3220,3504
67525,104645,28524,50365,22809,76120,6724,3220,3504
67530,104655,28527,50370,22811,76127,6725,3220,3505
67535,104661,28528,50374,22812,76132,6725,3220,3505
67540,104672,28530,50379,22813,76141,6726,3220,3506
67545,104676,28531,50382,22814,76143,6726,3220,3506
67550,104686,28535,50386,22817,76151,6727,3220,3507
67555,104692,28535,50390,22817,76155,6727,3220,3507
67560,104703,28538,50395,22820,76164,6728,3220,3508
67565,104707,28539,50398,22821,76167,6728,3220,3508
67570,104717,28540,50404,22821,76177,6729,3221,3508
67575,104723,28540,50406,22821,76181,6729,3221,3508
67580,104734,28541,50412,22821,76193,6730,3222,3508
67585,104738,28541,50415,22821,76196,6730,3222,3508
67590,104748,28542,50420,22822,76206,6731,3223,3508
67595,104754,28542,50424,22822,76210,6731,3223,3508
67600,104765,28543,50426,22822,76221,6732,3223,3509
67605,104769,28543,50428,22822,76226,6732,3223,3509
67610,104779,28544,50434,22823,76235,6733,3223,3510
67615,104785,28544,50437,22823,76240,6733,3223,3510
67620,104796,28545,50444,22824,76250,6734,3224,3510
67625,104800,28545,50446,22824,76254,6734,3224,3510
67630,104810,28546,50449,22825,76264,6735,3224,3511
67635,104816,28546,50451,22825,76270,6735,3224,3511
67640,104827,28547,50454,22825,76280,6736,3225,3511
67645,104831,28547,50456,22825,76283,6736,3225,3511
67650,104841,28548,50463,22826,76292,6737,3226,3511
67655,104847,28548,50467,22826,76298,6737,3226,3511
67660,104858,28549,50471,22827,76309,6738,3226,3512
67665,104862,28549,50473,22827,76313,6738,3226,3512
67670,104872,28551,50477,22828,76320,6739,3226,3513
67675,104878,28551,50480,22828,76326,6739,3226,3513
67680,104889,28552,50485,22828,76337,6740,3227,3513
67685,104893,28552,50486,22828,76341,6740,3227,3513
67690,104903,28554,50491,22829,76349,6741,3228,3513
67695,104909,28554,50493,22829,76355,6741,3228,3513
67700,104920,28556,50497,22831,76364,6742,3228,3514
67705,104924,28556,50498,22831,76368,6742,3228,3514
67710,104934,28558,50500,22833,76376,6743,3228,3515
67715,104940,28558,50502,22833,76380,6743,3228,3515
67720,104951,28560,50506,22835,76391,6744,3228,3516
67725,104955,28560,50508,22835,76394,6744,3228,3516
67730,104965,28563,50511,22836,76402,6745,3228,3517
67735,104971,28563,50514,22836,76407,6745,3228,3517
67740,104982,28565,50517,22837,76416,6746,3229,3517
67745,104986,28566,50520,22838,76419,6746,3229,3517
67750,104996,28569,50525,22841,76427,6747,3230,3517
67755,105002,28569,50528,22841,76433,6747,3230,3517
67760,105013,28571,50534,22843,76442,6748,3231,3517
67765,105017,28571,50536,22843,76446,6748,3231,3517
67770,105027,28573,50541,22844,76454,6749,3231,3518
67775,105033,28573,50542,22844,76459,6749,3231,3518
67780,105044,28575,50547,22845,76469,6750,3232,3518
67785,105048,28575,50549,22845,76472,6750,3232,3518
67790,105058,28578,50554,22847,76480,6751,3233,3518
67795,105064,28578,50556,22847,76485,6751,3233,3518
67800,105075,28580,50558,22848,76494,6752,3233,3519
67805,105079,28581,50562,22849,76495,6752,3233,3519
67810,105089,28586,50566,22854,76503,6753,3234,3519
67815,105095,28586,50570,22854,76506,6753,3234,3519
67820,105106,28590,50574,22857,76514,6754,3234,3520
67825,105110,28592,50578,22859,76515,6754,3234,3520
67830,105120,28597,50582,22863,76523,6755,3235,3520
67835,105126,28597,50584,22863,76527,6755,3235,3520
67840,105137,28600,50588,22866,76535,6756,3235,3521
67845,105141,28602,50591,22868,76537,6756,3235,3521
67850,105151,28606,50598,22871,76544,6757,3236,3521
67855,105157,28606,50600,22871,76550,6757,3236,3521
67860,105168,28607,50602,22871,76561,6758,3236,3522
67865,105172,28607,50602,22871,76565,6758,3236,3522
67870,105182,28608,50607,22872,76573,6758,3236,3522
67875,105188,28608,50610,22872,76578,6758,3236,3522
67880,105199,28609,50613,22872,76590,6759,3236,3523
67885,105203,28609,50614,22872,76593,6759,3236,3523
67890,105213,28610,50620,22873,76602,6759,3236,3523
67895,105219,28610,50621,22873,76609,6759,3236,3523
67900,105230,28611,50625,22874,76619,6760,3236,3524
67905,105234,28611,50627,22874,76622,6760,3236,3524
67910,105244,28612,50632,22875,76632,6760,3236,3524
67915,105250,28612,50637,22875,76636,6760,3236,3524
67920,105261,28613,50644,22875,76647,6761,3237,3524
67925,105265,28613,50645,22875,76652,6761,3237,3524
67930,105275,28614,50652,22875,76661,6761,3237,3524
67935,105281,28614,50654,22875,76666,6761,3237,3524
67940,105292,28615,50658,22876,76677,6762,3237,3525
67945,105296,28615,50659,22876,76681,6762,3237,3525
67950,105306,28616,50662,22877,76690,6762,3237,3525
67955,105312,28616,50663,22877,76696,6762,3237,3525
67960,105323,28617,50668,22877,76706,6763,3237,3526
67965,105327,28617,50670,22877,76710,6763,3237,3526
67970,105337,28619,50673,22878,76718,6764,3237,3527
67975,105343,28619,50677,22878,76723,6764,3237,3527
67980,105354,28621,50681,22879,76733,6765,3237,3528
67985,105358,28621,50683,22879,76737,6765,3237,3528
67990,105368,28623,50690,22880,76745,6766,3238,3528
67995,105374,28623,50694,22880,76749,6766,3238,3528
68000,105385,28626,50699,22883,76759,6767,3238,3529
68005,105389,28626,50700,22883,76763,6767,3238,3529
68010,105399,28628,50709,22885,76771,6768,3239,3529
68015,105405,28628,50713,22885,76775,6768,3239,3529
68020,105416,28630,50718,22886,76785,6769,3240,3529
68025,105420,28631,50721,22887,76787,6769,3240,3529
68030,105430,28636,50726,22891,76793,6770,3241,3529
68035,105436,28637,50730,22892,76796,6770,3241,3529
68040,105447,28640,50737,22894,76804,6771,3242,3529
68045,105451,28643,50740,22897,76807,6771,3242,3529
68050,105461,28647,50746,22900,76814,6772,3243,3529
68055,105467,28647,50749,22900,76819,6772,3243,3529
68060,105478,28650,50755,22903,76827,6773,3243,3530
68065,105482,28651,50759,22904,76829,6773,3243,3530
68070,105492,28656,50763,22908,76836,6774,3243,3531
68075,105498,28656,50765,22908,76841,6774,3243,3531
68080,105509,28658,50772,22910,76850,6775,3243,3532
68085,105513,28659,50773,22911,76854,6775,3243,3532
68090,105523,28660,50779,22911,76862,6776,3244,3532
68095,105529,28660,50782,22911,76869,6776,3244,3532
68100,105540,28661,50790,22911,76879,6777,3245,3532
68105,105544,28661,50790,22911,76883,6777,3245,3532
68110,105554,28662,50792,22911,76891,6778,3246,3532
68115,105560,28662,50794,22911,76898,6778,3246,3532
68120,105571,28663,50800,22911,76908,6779,3246,3533
68125,105575,28663,50802,22911,76911,6779,3246,3533
68130,105585,28664,50805,22911,76920,6780,3246,3534
68135,105591,28664,50807,22911,76927,6780,3246,3534
68140,105602,28665,50813,22911,76937,6781,3247,3534
68145,105606,28665,50814,22911,76940,6781,3247,3534
68150,105616,28666,50819,22911,76948,6782,3247,3535
68155,105622,28666,50823,22911,76954,6782,3247,3535
68160,105633,28667,50826,22911,76965,6783,3247,3536
68165,105637,28667,50828,22911,76969,6783,3247,3536
68170,105647,28668,50832,22911,76979,6784,3248,3536
68175,105653,28668,50837,22911,76983,6784,3248,3536
68180,105664,28669,50844,22911,76994,6785,3248,3537
68185,105668,28669,50848,22911,76998,6785,3248,3537
68190,105678,28671,50855,22912,77006,6786,3248,3538
68195,105684,28671,50857,22912,77012,6786,3248,3538
68200,105695,28672,50862,22912,77023,6787,3249,3538
68205,105699,28672,50863,22912,77027,6787,3249,3538
68210,105709,28674,50866,22913,77035,6788,3249,3539
68215,105715,28674,50870,22913,77040,6788,3249,3539
68220,105726,28676,50878,22915,77050,6789,3250,3539
68225,105730,28676,50880,22915,77054,6789,3250,3539
68230,105740,28678,50884,22915,77062,6789,3250,3539
68235,105746,28678,50887,22915,77066,6789,3250,3539
68240,105757,28680,50891,22917,77077,6790,3250,3540
68245,105761,28680,50893,22917,77081,6790,3250,3540
68250,105771,28682,50897,22919,77089,6790,3250,3540
68255,105777,28682,50899,22919,77093,6790,3250,3540
68260,105788,28684,50904,22921,77104,6791,3251,3540
68265,105792,28684,50906,22921,77108,6791,3251,3540
68270,105802,28686,50912,22923,77116,6791,3251,3540
68275,105808,28686,50915,22923,77120,6791,3251,3540
68280,105819,28689,50923,22926,77129,6792,3252,3540
68285,105823,28690,50926,22927,77132,6792,3252,3540
68290,105833,28693,50930,22929,77140,6792,3252,3540
68295,105839,28693,50933,22929,77145,6792,3252,3540
68300,105850,28694,50938,22929,77155,6793,3252,3541
68305,105854,28695,50939,22930,77158,6793,3252,3541
68310,105864,28699,50944,22932,77165,6793,3252,3541
68315,105870,28699,50945,22932,77171,6793,3252,3541
68320,105881,28701,50950,22933,77179,6794,3253,3541
68325,105885,28702,50954,22934,77180,6794,3253,3541
68330,105895,28707,50957,22938,77187,6794,3253,3541
68335,105901,28708,50960,22939,77191,6794,3253,3541
68340,105912,28712,50966,22943,77200,6795,3254,3541
68345,105916,28712,50969,22943,77201,6795,3254,3541
68350,105926,28718,50972,22948,77208,6795,3254,3541
68355,105932,28718,50977,22948,77211,6795,3254,3541
68360,105943,28722,50983,22951,77219,6796,3255,3541
68365,105947,28724,50986,22953,77221,6796,3255,3541
68370,105957,28725,50991,22953,77232,6796,3255,3541
68375,105963,28725,50995,22953,77235,6796,3255,3541
68380,105974,28726,51001,22954,77248,6797,3256,3541
68385,105978,28726,51002,22954,77251,6797,3256,3541
68390,105988,28727,51006,22954,77261,6797,3256,3541
68395,105994,28727,51010,22954,77265,6797,3256,3541
68400,106005,28728,51015,22954,77277,6798,3257,3541
68405,106009,28728,51016,22954,77281,6798,3257,3541
68410,106019,28729,51020,22955,77289,6798,3257,3541
68415,106025,28729,51023,22955,77295,6798,3257,3541
68420,106036,28730,51026,22956,77305,6799,3257,3542
68425,106040,28730,51028,22956,77310,6799,3257,3542
68430,106050,28731,51035,22957,77318,6799,3257,3542
68435,106056,28731,51037,22957,77325,6799,3257,3542
68440,106067,28732,51042,22957,77334,6800,3257,3543
68445,106071,28732,51044,22957,77339,6800,3257,3543
68450,106081,28733,51047,22957,77348,6800,3257,3543
68455,106087,28733,51049,22957,77354,6800,3257,3543
68460,106098,28734,51057,22958,77364,6801,3258,3543
68465,106102,28734,51059,22958,77368,6801,3258,3543
68470,106112,28736,51068,22960,77376,6801,3258,3543
68475,106118,28736,51071,22960,77382,6801,3258,3543
68480,106129,28737,51076,22961,77392,6802,3259,3543
68485,106133,28737,51077,22961,77396,6802,3259,3543
68490,106143,28739,51082,22962,77404,6802,3259,3543
68495,106149,28739,51086,22962,77410,6802,3259,3543
68500,106160,28741,51090,22963,77419,6803,3260,3543
68505,106164,28741,51090,22963,77423,6803,3260,3543
68510,106174,28743,51095,22963,77431,6803,3260,3543
68515,106180,28743,51097,22963,77437,6803,3260,3543
68520,106191,28745,51104,22965,77446,6804,3261,3543
68525,106195,28745,51105,22965,77450,6804,3261,3543
68530,106205,28747,51110,22966,77458,6804,3261,3543
68535,106211,28747,51113,22966,77463,6804,3261,3543
68540,106222,28749,51116,22967,77473,6805,3261,3544
68545,106226,28749,51120,22967,77476,6805,3261,3544
68550,106236,28752,51125,22969,77484,6805,3261,3544
68555,106242,28752,51128,22969,77489,6805,3261,3544
68560,106253,28755,51134,22971,77498,6806,3262,3544
68565,106257,28755,51136,22971,77501,6806,3262,3544
68570,106267,28758,51141,22973,77509,6806,3262,3544
68575,106273,28758,51147,22973,77511,6806,3262,3544
68580,106284,28763,51152,22977,77519,6807,3262,3545
68585,106288,28765,51154,22979,77522,6807,3262,3545
68590,106298,28768,51159,22981,77528,6807,3262,3545
68595,106304,28770,51164,22983,77530,6807,3262,3545
68600,106315,28774,51169,22987,77540,6808,3263,3545
68605,106319,28775,51170,22988,77543,6808,3263,3545
68610,106329,28778,51175,22991,77549,6808,3263,3545
68615,106335,28780,51177,22993,77553,6808,3263,3545
68620,106346,28782,51178,22995,77563,6809,3263,3546
68625,106350,28783,51181,22996,77565,6809,3263,3546
68630,106360,28787,51186,23000,77571,6809,3263,3546
68635,106366,28787,51188,23000,77578,6809,3263,3546
68640,106377,28788,51193,23001,77588,6810,3263,3547
68645,106381,28788,51193,23001,77593,6810,3263,3547
68650,106391,28789,51198,23002,77602,6810,3263,3547
68655,106397,28789,51201,23002,77607,6810,3263,3547
68660,106408,28790,51207,23002,77618,6811,3264,3547
68665,106412,28790,51208,23002,77622,6811,3264,3547
68670,106422,28791,51211,23002,77631,6811,3264,3547
68675,106428,28791,51215,23002,77636,6811,3264,3547
68680,106439,28792,51220,23002,77646,6812,3264,3548
68685,106443,28792,51220,23002,77651,6812,3264,3548
68690,106453,28793,51223,23003,77659,6812,3264,3548
68695,106459,28793,51225,23003,77665,6812,3264,3548
68700,106470,28794,51229,23003,77676,6813,3264,3549
68705,106474,28794,51229,23003,77680,6813,3264,3549
68710,106484,28795,51236,23004,77689,6813,3264,3549
68715,106490,28795,51238,23004,77694,6813,3264,3549
68720,106501,28796,51240,23004,77705,6814,3264,3550
68725,106505,28796,51242,23004,77709,6814,3264,3550
68730,106515,28797,51245,23004,77718,6814,3264,3550
68735,106521,28797,51249,23004,77724,6814,3264,3550
68740,106532,28798,51256,23005,77734,6815,3265,3550
68745,106536,28798,51258,23005,77738,6815,3265,3550
68750,106546,28800,51263,23006,77746,6815,3265,3550
68755,106552,28800,51264,23006,77751,6815,3265,3550
68760,106563,28801,51269,23006,77762,6816,3266,3550
68765,106567,28801,51270,23006,77766,6816,3266,3550
68770,106577,28803,51274,23007,77774,6816,3266,3550
68775,106583,28803,51279,23007,77778,6816,3266,3550
68780,106594,28806,51284,23009,77788,6817,3266,3551
68785,106598,28806,51287,23009,77792,6817,3266,3551
68790,106608,28808,51292,23009,77800,6817,3266,3551
68795,106614,28808,51293,23009,77805,6817,3266,3551
68800,106625,28810,51297,23010,77815,6818,3266,3552
68805,106629,28810,51299,23010,77819,6818,3266,3552
68810,106639,28812,51305,23011,77827,6818,3266,3552
68815,106645,28812,51309,23011,77830,6818,3266,3552
68820,106656,28816,51314,23015,77838,6819,3266,3553
68825,106660,28818,51316,23017,77841,6819,3266,3553
68830,106670,28821,51318,23018,77848,6819,3266,3553
68835,106676,28822,51321,23019,77852,6819,3266,3553
68840,106687,28825,51328,23022,77860,6820,3266,3554
68845,106691,28827,51330,23024,77864,6820,3266,3554
68850,106701,28829,51335,23026,77872,6820,3266,3554
68855,106707,28829,51338,23026,77876,6820,3266,3554
68860,106718,28832,51342,23029,77885,6821,3266,3555
68865,106722,28833,51345,23030,77888,6821,3266,3555
68870,106732,28836,51350,23032,77896,6821,3266,3555
68875,106738,28837,51353,23033,77899,6821,3266,3555
68880,106749,28840,51356,23036,77909,6822,3266,3556
68885,106753,28840,51357,23036,77912,6822,3266,3556
68890,106763,28843,51360,23037,77920,6822,3266,3556
68895,106769,28843,51362,23037,77926,6822,3266,3556
68900,106780,28844,51364,23037,77936,6823,3267,3556
68905,106784,28844,51366,23037,77939,6823,3267,3556
68910,106794,28849,51372,23040,77945,6823,3267,3556
68915,106800,28850,51375,23041,77950,6823,3267,3556
68920,106811,28851,51381,23042,77959,6824,3267,3557
68925,106815,28852,51382,23043,77962,6824,3267,3557
68930,106825,28855,51386,23045,77970,6824,3267,3557
68935,106831,28855,51388,23045,77976,6824,3267,3557
68940,106842,28856,51396,23045,77986,6825,3268,3557
68945,106846,28856,51398,23045,77990,6825,3268,3557
68950,106856,28857,51402,23046,77999,6825,3268,3557
68955,106862,28857,51405,23046,78005,6825,3268,3557
68960,106873,28858,51412,23046,78015,6826,3268,3558
68965,106877,28858,51413,23046,78019,6826,3268,3558
68970,106887,28859,51417,23047,78028,6826,3268,3558
68975,106893,28859,51419,23047,78034,6826,3268,3558
68980,106904,28860,51423,23047,78044,6827,3268,3559
68985,106908,28860,51425,23047,78047,6827,3268,3559
68990,106918,28861,51433,23048,78057,6827,3268,3559
68995,106924,28861,51438,23048,78063,6827,3268,3559
69000,106935,28862,51444,23049,78073,6828,3269,3559
69005,106939,28862,51446,23049,78076,6828,3269,3559
69010,106949,28863,51450,23050,78086,6828,3269,3559
69015,106955,28863,51454,23050,78091,6828,3269,3559
69020,106966,28864,51459,23051,78102,6829,3269,3560
69025,106970,28864,51463,23051,78105,6829,3269,3560
69030,106980,28865,51468,23051,78115,6829,3269,3560
69035,106986,28865,51469,23051,78121,6829,3269,3560
69040,106997,28866,51473,23051,78130,6830,3270,3560
69045,107001,28867,51475,23052,78132,6830,3270,3560
69050,107011,28871,51482,23056,78140,6830,3270,3560
69055,107017,28871,51484,23056,78146,6830,3270,3560
69060,107028,28873,51490,23057,78155,6831,3271,3560
69065,107032,28873,51493,23057,78158,6831,3271,3560
69070,107042,28875,51498,23059,78167,6831,3271,3560
69075,107048,28875,51500,23059,78173,6831,3271,3560
69080,107059,28877,51506,23061,78182,6832,3271,3561
69085,107063,28877,51509,23061,78185,6832,3271,3561
69090,107073,28879,51515,23062,78194,6832,3271,3561
69095,107079,28879,51518,23062,78199,6832,3271,3561
69100,107090,28880,51525,23063,78210,6833,3271,3562
69105,107094,28880,51528,23063,78213,6833,3271,3562
69110,107104,28882,51531,23064,78222,6833,3271,3562
69115,107110,28882,51535,23064,78228,6833,3271,3562
69120,107121,28884,51540,23065,78237,6834,3271,3563
69125,107125,28884,51541,23065,78241,6834,3271,3563
69130,107135,28886,51548,23067,78249,6834,3271,3563
69135,107141,28886,51550,23067,78255,6834,3271,3563
69140,107152,28887,51555,23068,78265,6835,3272,3563
69145,107156,28887,51557,23068,78269,6835,3272,3563
69150,107166,28889,51561,23069,78277,6835,3272,3563
69155,107172,28889,51566,23069,78283,6835,3272,3563
69160,107183,28891,51574,23070,78292,6836,3273,3563
69165,107187,28891,51576,23070,78295,6836,3273,3563
69170,107197,28894,51580,23072,78303,6836,3273,3563
69175,107203,28894,51585,23072,78308,6836,3273,3563
69180,107214,28897,51589,23074,78317,6837,3273,3564
69185,107218,28897,51591,23074,78320,6837,3273,3564
69190,107228,28901,51596,23077,78327,6837,3273,3564
69195,107234,28901,51598,23077,78332,6837,3273,3564
69200,107245,28904,51604,23079,78341,6838,3273,3565
69205,107249,28904,51605,23079,78345,6838,3273,3565
69210,107259,28906,51612,23081,78353,6838,3273,3565
69215,107265,28906,51615,23081,78358,6838,3273,3565
69220,107276,28908,51620,23082,78367,6839,3274,3565
69225,107280,28909,51621,23083,78371,6839,3274,3565
69230,107290,28911,51626,23084,78379,6839,3274,3565
69235,107296,28911,51628,23084,78384,6839,3274,3565
69240,107307,28914,51633,23087,78392,6840,3275,3565
69245,107311,28915,51634,23088,78396,6840,3275,3565
69250,107321,28917,51636,23088,78404,6840,3275,3565
69255,107327,28917,51640,23088,78408,6840,3275,3565
69260,107338,28920,51646,23091,78417,6841,3275,3566
69265,107342,28921,51647,23092,78421,6841,3275,3566
69270,107352,28923,51652,23093,78429,6841,3275,3566
69275,107358,28923,51655,23093,78433,6841,3275,3566
69280,107369,28926,51662,23096,78442,6842,3275,3567
69285,107373,28927,51665,23097,78444,6842,3275,3567
69290,107383,28931,51669,23099,78452,6842,3275,3567
69295,107389,28931,51674,23099,78456,6842,3275,3567
69300,107400,28935,51682,23103,78464,6843,3276,3567
69305,107404,28936,51684,23104,78467,6843,3276,3567
69310,107414,28940,51691,23108,78474,6843,3276,3567
69315,107420,28940,51692,23108,78480,6843,3276,3567
69320,107431,28941,51697,23109,78490,6844,3277,3567
69325,107435,28941,51700,23109,78492,6844,3277,3567
69330,107445,28945,51704,23112,78500,6844,3277,3567
69335,107451,28945,51707,23112,78505,6844,3277,3567
69340,107462,28947,51711,23113,78515,6845,3277,3568
69345,107466,28947,51711,23113,78519,6845,3277,3568
69350,107476,28950,51716,23115,78526,6845,3277,3568
69355,107482,28950,51719,23115,78531,6845,3277,3568
69360,107493,28952,51721,23116,78541,6846,3277,3569
69365,107497,28952,51723,23116,78544,6846,3277,3569
69370,107507,28953,51726,23116,78554,6846,3277,3569
69375,107513,28953,51727,23116,78560,6846,3277,3569
69380,107524,28954,51732,23116,78570,6847,3278,3569
69385,107528,28954,51734,23116,78574,6847,3278,3569
69390,107538,28955,51738,23117,78583,6847,3278,3569
69395,107544,28955,51742,23117,78589,6847,3278,3569
69400,107555,28956,51748,23118,78599,6848,3278,3570
69405,107559,28956,51749,23118,78603,6848,3278,3570
69410,107569,28957,51754,23119,78612,6848,3278,3570
69415,107575,28957,51758,23119,78618,6848,3278,3570
69420,107586,28958,51767,23120,78628,6849,3279,3570
69425,107590,28958,51769,23120,78631,6849,3279,3570
69430,107600,28959,51774,23121,78641,6849,3279,3570
69435,107606,28959,51777,23121,78646,6849,3279,3570
69440,107617,28960,51782,23122,78657,6850,3279,3571
69445,107621,28960,51783,23122,78661,6850,3279,3571
69450,107631,28961,51786,23123,78670,6850,3279,3571
69455,107637,28961,51791,23123,78675,6850,3279,3571
69460,107648,28962,51797,23124,78686,6851,3279,3572
69465,107652,28962,51799,23124,78689,6851,3279,3572
69470,107662,28966,51802,23127,78696,6851,3279,3572
69475,107668,28966,51805,23127,78700,6851,3279,3572
69480,107679,28969,51812,23129,78709,6852,3280,3572
69485,107683,28970,51814,23130,78712,6852,3280,3572
69490,107693,28972,51817,23130,78721,6852,3280,3572
69495,107699,28972,51819,23130,78727,6852,3280,3572
69500,107710,28973,51824,23130,78737,6853,3280,3573
69505,107714,28973,51824,23130,78741,6853,3280,3573
69510,107724,28975,51831,23131,78749,6853,3280,3573
69515,107730,28975,51834,23131,78754,6853,3280,3573
69520,107741,28977,51840,23133,78764,6854,3281,3573
69525,107745,28977,51843,23133,78767,6854,3281,3573
69530,107755,28979,51847,23134,78776,6854,3281,3573
69535,107761,28979,51848,23134,78782,6854,3281,3573
69540,107772,28980,51852,23135,78792,6855,3281,3574
69545,107776,28980,51853,23135,78796,6855,3281,3574
69550,107786,28982,51859,23135,78804,6855,3281,3574
69555,107792,28982,51862,23135,78810,6855,3281,3574
69560,107803,28983,51866,23135,78820,6856,3281,3575
69565,107807,28983,51868,23135,78824,6856,3281,3575
69570,107817,28985,51873,23135,78832,6856,3281,3575
69575,107823,28985,51877,23135,78838,6856,3281,3575
69580,107834,28987,51883,23137,78847,6857,3282,3575
69585,107838,28987,51884,23137,78851,6857,3282,3575
69590,107848,28990,51888,23138,78858,6857,3282,3575
69595,107854,28990,51889,23138,78864,6857,3282,3575
69600,107865,28992,51895,23140,78872,6858,3282,3576
69605,107869,28993,51895,23141,78876,6858,3282,3576
69610,107879,28996,51900,23143,78883,6858,3282,3576
69615,107885,28996,51902,23143,78889,6858,3282,3576
69620,107896,28998,51908,23145,78898,6859,3282,3577
69625,107900,28998,51910,23145,78901,6859,3282,3577
69630,107910,29002,51915,23148,78908,6859,3282,3577
69635,107916,29002,51919,23148,78913,6859,3282,3577
69640,107927,29004,51923,23149,78923,6860,3283,3577
69645,107931,29004,51924,23149,78927,6860,3283,3577
69650,107941,29007,51930,23152,78934,6860,3283,3577
69655,107947,29007,51933,23152,78939,6860,3283,3577
69660,107958,29009,51939,23153,78948,6861,3283,3578
69665,107962,29010,51941,23154,78952,6861,3283,3578
69670,107972,29013,51944,23156,78959,6861,3283,3578
69675,107978,29013,51948,23156,78964,6861,3283,3578
69680,107989,29016,51955,23159,78973,6862,3284,3578
69685,107993,29016,51956,23159,78977,6862,3284,3578
69690,108003,29018,51960,23160,78985,6862,3284,3578
69695,108009,29018,51964,23160,78990,6862,3284,3578
69700,108020,29020,51968,23162,78999,6863,3284,3579
69705,108024,29021,51969,23163,79002,6863,3284,3579
69710,108034,29024,51972,23164,79010,6863,3284,3579
69715,108040,29024,51976,23164,79015,6863,3284,3579
69720,108051,29026,51979,23165,79024,6864,3284,3580
69725,108055,29027,51980,23166,79028,6864,3284,3580
69730,108065,29029,51984,23167,79036,6864,3284,3580
69735,108071,29029,51987,23167,79041,6864,3284,3580
69740,108082,29032,51992,23170,79049,6865,3284,3581
69745,108086,29033,51993,23171,79052,6865,3284,3581
69750,108096,29036,51995,23172,79060,6865,3284,3581
69755,108102,29036,51997,23172,79066,6865,3284,3581
69760,108113,29038,52003,23174,79074,6866,3285,3581
69765,108117,29039,52004,23175,79078,6866,3285,3581
69770,108127,29041,52010,23176,79086,6866,3285,3581
69775,108133,29041,52012,23176,79092,6866,3285,3581
69780,108144,29043,52020,23178,79100,6867,3286,3581
69785,108148,29044,52021,23179,79103,6867,3286,3581
69790,108158,29047,52023,23181,79111,6867,3286,3581
69795,108164,29047,52026,23181,79117,6867,3286,3581
69800,108175,29049,52034,23183,79125,6868,3286,3582
69805,108179,29050,52035,23184,79128,6868,3286,3582
69810,108189,29052,52039,23186,79137,6868,3286,3582
69815,108195,29052,52042,23186,79143,6868,3286,3582
69820,108206,29053,52049,23187,79153,6869,3287,3582
69825,108210,29053,52052,23187,79157,6869,3287,3582
69830,108220,29054,52059,23187,79166,6869,3287,3582
69833,108223,29054,52062,23187,79169,6869,3287,3582
