Time,  Packets Generated,  Packets Reached,High Priority Packets Generated, High Priority Packets reached, Packet Dropped, Packet Dropped due to Faulty Node, High Prio Packet Dropped due to Faulty Node, Low Prio Packet Dropped due to Faulty Node 
5,1,1,1,1,0,0,0,0
10,6,5,5,4,0,0,0,0
15,8,7,6,6,0,0,0,0
20,16,11,10,7,1,1,1,0
25,20,17,11,10,2,2,1,1
30,30,26,16,13,2,2,1,1
35,36,31,19,17,2,2,1,1
40,47,39,23,21,3,3,1,2
45,51,46,27,24,4,4,2,2
50,61,55,30,27,4,4,2,2
55,67,60,32,30,4,4,2,2
60,78,68,36,33,5,5,2,3
65,82,75,37,34,5,5,2,3
70,92,85,43,40,5,5,2,3
75,98,90,44,42,5,5,2,3
80,109,98,50,45,6,6,3,3
85,113,105,54,49,6,6,3,3
90,123,115,59,55,6,6,3,3
95,129,120,63,58,6,6,3,3
100,140,128,68,62,7,7,4,3
105,144,135,70,65,7,7,4,3
110,154,145,75,70,7,7,4,3
115,160,150,79,74,7,7,4,3
120,171,157,85,78,9,8,4,4
125,175,163,88,82,10,8,4,4
130,185,171,94,89,12,8,4,4
135,191,175,95,90,14,8,4,4
140,202,179,101,93,19,9,4,5
145,206,184,104,98,20,9,4,5
150,216,192,107,102,22,9,4,5
155,222,197,110,104,22,9,4,5
160,233,202,113,106,27,10,5,5
165,237,208,115,109,27,10,5,5
170,247,216,120,113,29,10,5,5
175,253,221,123,116,30,10,5,5
180,264,227,131,121,32,11,5,6
185,268,233,132,126,33,11,5,6
190,278,241,137,132,35,11,5,6
195,284,245,138,132,37,11,5,6
200,295,250,144,136,40,12,6,6
205,299,255,145,138,43,12,6,6
210,309,263,151,143,44,12,6,6
215,315,267,156,147,46,12,6,6
220,326,270,161,149,52,13,7,6
225,330,274,163,149,55,13,7,6
230,340,278,170,152,60,13,7,6
235,346,282,172,155,63,13,7,6
240,357,285,177,156,68,14,8,6
245,361,288,178,159,73,14,8,6
250,371,291,183,161,79,14,8,6
255,377,294,186,164,83,14,8,6
260,388,297,193,166,87,15,8,7
265,392,300,194,169,92,15,8,7
270,402,304,200,172,96,15,8,7
275,408,308,200,173,100,15,8,7
280,419,310,205,175,106,16,9,7
285,423,312,206,176,111,16,9,7
290,433,316,210,179,116,16,9,7
295,439,319,212,179,119,16,9,7
300,450,322,218,181,125,17,10,7
305,454,325,221,183,129,17,10,7
310,464,328,223,184,134,17,10,7
315,470,332,225,185,138,17,10,7
320,481,336,227,187,142,18,10,8
325,485,338,228,188,147,18,10,8
330,495,342,231,190,152,18,10,8
335,501,345,234,192,154,18,10,8
340,512,350,241,197,159,19,11,8
345,516,353,242,200,162,19,11,8
350,526,358,245,203,167,19,11,8
355,532,360,247,204,170,19,11,8
360,543,366,252,209,175,20,11,9
365,547,368,253,211,179,20,11,9
370,557,371,255,212,186,20,11,9
375,563,372,257,213,190,20,11,9
380,574,375,261,215,195,21,11,10
385,578,377,264,217,200,21,11,10
390,588,380,270,219,206,21,11,10
395,594,384,274,223,209,21,11,10
400,605,389,281,228,212,22,11,11
405,609,391,283,230,217,22,11,11
410,619,395,286,232,223,22,11,11
415,625,398,290,234,225,22,11,11
420,636,400,296,236,231,23,11,12
425,640,405,297,241,235,23,11,12
430,650,409,302,244,240,23,11,12
435,656,411,306,245,243,23,11,12
440,667,415,312,249,250,24,12,12
445,671,417,315,251,253,24,12,12
450,681,422,322,255,258,24,12,12
455,687,424,325,256,262,24,12,12
460,698,429,333,261,266,25,12,13
465,702,431,335,263,269,25,12,13
470,712,438,340,268,272,25,12,13
475,718,443,344,273,274,25,12,13
480,729,447,350,277,280,26,12,14
485,733,447,353,277,286,26,12,14
490,743,448,357,278,295,26,12,14
495,749,450,360,279,298,26,12,14
500,760,451,365,280,307,27,12,15
505,764,451,368,280,312,27,12,15
510,774,453,374,282,321,27,12,15
515,780,454,375,282,326,27,12,15
520,791,454,380,282,334,28,13,15
525,795,455,381,283,340,28,13,15
530,805,457,384,284,347,28,13,15
535,811,459,385,285,352,28,13,15
540,822,459,389,285,360,29,13,16
545,826,460,390,286,366,29,13,16
550,836,461,392,286,375,29,13,16
555,842,462,396,287,379,29,13,16
560,853,463,401,288,388,30,13,17
565,857,463,402,288,394,30,13,17
570,867,464,407,288,403,30,13,17
575,873,466,410,289,407,30,13,17
580,884,466,417,289,415,31,14,17
585,888,467,418,290,421,31,14,17
590,898,472,422,294,426,31,14,17
595,904,474,425,295,430,31,14,17
600,915,477,431,297,434,32,15,17
605,919,480,433,300,439,32,15,17
610,929,483,437,302,446,32,15,17
615,935,485,440,304,449,32,15,17
620,946,489,446,308,453,33,16,17
625,950,492,448,311,458,33,16,17
630,960,496,454,314,463,33,16,17
635,966,499,458,317,467,33,16,17
640,977,502,461,319,473,34,16,18
645,981,502,462,319,479,34,16,18
650,991,505,467,321,485,34,16,18
655,997,507,471,323,489,34,16,18
660,1008,512,478,327,493,35,17,18
665,1012,514,479,329,498,35,17,18
670,1022,516,483,331,506,35,17,18
675,1028,517,486,332,509,35,17,18
680,1039,523,492,337,512,36,17,19
685,1043,527,494,341,515,36,17,19
690,1053,532,497,344,520,36,17,19
695,1059,534,501,346,522,36,17,19
700,1070,541,509,353,526,37,18,19
705,1074,545,511,357,528,37,18,19
710,1084,552,515,362,532,37,18,19
715,1090,553,515,362,537,37,18,19
720,1101,556,520,365,543,38,19,19
725,1105,558,523,367,547,38,19,19
730,1115,559,527,367,554,38,19,19
735,1121,563,533,371,556,38,19,19
740,1132,564,539,371,566,39,20,19
745,1136,566,543,373,569,39,20,19
750,1146,569,548,375,576,39,20,19
755,1152,570,551,376,580,39,20,19
760,1163,570,556,376,592,40,21,19
765,1167,570,560,376,596,40,21,19
770,1177,571,565,376,606,40,21,19
775,1183,571,567,376,612,40,21,19
780,1194,571,571,376,622,41,22,19
785,1198,571,573,376,627,41,22,19
790,1208,572,579,376,636,41,22,19
795,1214,572,581,376,641,41,22,19
800,1225,572,585,376,652,42,22,20
805,1229,572,587,376,657,42,22,20
810,1239,573,593,377,666,42,22,20
815,1245,573,594,377,671,42,22,20
820,1256,573,598,377,681,43,23,20
825,1260,573,600,377,687,43,23,20
830,1270,575,607,378,695,43,23,20
835,1276,575,609,378,700,43,23,20
840,1287,575,615,378,711,44,23,21
845,1291,575,616,378,715,44,23,21
850,1301,577,619,378,723,44,23,21
855,1307,580,622,380,726,44,23,21
860,1318,583,627,383,732,45,23,22
865,1322,586,628,386,736,45,23,22
870,1332,589,631,388,742,45,23,22
875,1338,592,634,390,745,45,23,22
880,1349,595,639,392,750,46,23,23
885,1353,598,640,395,755,46,23,23
890,1363,602,648,399,760,46,23,23
895,1369,604,650,400,765,46,23,23
900,1380,607,656,403,770,47,23,24
905,1384,611,659,407,772,47,23,24
910,1394,615,662,410,779,47,23,24
915,1400,616,665,411,784,47,23,24
920,1411,620,671,415,789,48,24,24
925,1415,622,673,417,792,48,24,24
930,1425,626,678,420,798,48,24,24
935,1431,629,682,422,801,48,24,24
940,1442,634,687,426,805,49,24,25
945,1446,636,689,428,810,49,24,25
950,1456,638,693,429,817,49,24,25
955,1462,641,697,431,820,49,24,25
960,1473,645,701,434,826,50,25,25
965,1477,646,701,435,831,50,25,25
970,1487,650,706,438,835,50,25,25
975,1493,654,710,442,837,50,25,25
980,1504,660,717,448,841,51,25,26
985,1508,665,720,453,842,51,25,26
990,1518,670,726,457,847,51,25,26
995,1524,671,727,458,853,51,25,26
1000,1535,672,732,458,862,52,26,26
1005,1539,673,735,459,866,52,26,26
1010,1549,674,740,459,875,52,26,26
1015,1555,674,743,459,880,52,26,26
1020,1566,676,747,460,889,53,27,26
1025,1570,678,750,462,892,53,27,26
1030,1580,679,752,462,900,53,27,26
1035,1586,680,754,463,906,53,27,26
1040,1597,681,760,464,915,54,28,26
1045,1601,683,763,466,917,54,28,26
1050,1611,684,766,466,927,54,28,26
1055,1617,684,769,466,932,54,28,26
1060,1628,685,774,467,942,55,29,26
1065,1632,686,777,468,946,55,29,26
1070,1642,687,781,469,954,55,29,26
1075,1648,688,785,470,960,55,29,26
1080,1659,690,792,471,967,56,30,26
1085,1663,693,794,474,969,56,30,26
1090,1673,695,799,476,977,56,30,26
1095,1679,697,803,478,981,56,30,26
1100,1690,701,809,481,986,57,30,27
1105,1694,702,809,482,992,57,30,27
1110,1704,706,813,485,998,57,30,27
1115,1710,708,816,486,1001,57,30,27
1120,1721,711,822,489,1008,58,30,28
1125,1725,713,824,491,1012,58,30,28
1130,1735,715,829,492,1019,58,30,28
1135,1741,717,832,493,1022,58,30,28
1140,1752,719,838,495,1029,59,31,28
1145,1756,721,839,497,1035,59,31,28
1150,1766,724,843,498,1042,59,31,28
1155,1772,726,844,499,1046,59,31,28
1160,1783,726,846,499,1055,60,31,29
1165,1787,726,847,499,1061,60,31,29
1170,1797,729,853,500,1068,60,31,29
1175,1803,730,856,501,1072,60,31,29
1180,1814,733,860,504,1080,61,32,29
1185,1818,734,864,505,1083,61,32,29
1190,1828,738,870,507,1090,61,32,29
1195,1834,739,874,508,1094,61,32,29
1200,1845,741,876,510,1102,62,32,30
1205,1849,743,879,512,1105,62,32,30
1210,1859,747,886,516,1111,62,32,30
1215,1865,749,888,517,1116,62,32,30
1220,1876,751,895,519,1123,63,33,30
1225,1880,752,895,520,1128,63,33,30
1230,1890,756,900,522,1132,63,33,30
1235,1896,759,902,524,1137,63,33,30
1240,1907,763,911,528,1140,64,34,30
1245,1911,768,914,533,1141,64,34,30
1250,1921,775,920,539,1144,64,34,30
1255,1927,780,925,544,1145,64,34,30
1260,1938,784,929,548,1152,65,34,31
1265,1942,787,932,551,1153,65,34,31
1270,1952,790,937,554,1162,65,34,31
1275,1958,792,940,555,1165,65,34,31
1280,1969,794,946,556,1172,66,34,32
1285,1973,797,947,559,1176,66,34,32
1290,1983,799,951,560,1184,66,34,32
1295,1989,799,953,560,1189,66,34,32
1300,2000,800,956,560,1199,67,34,33
1305,2004,801,958,561,1202,67,34,33
1310,2014,802,960,561,1212,67,34,33
1315,2020,802,963,561,1218,67,34,33
1320,2031,804,972,563,1224,68,35,33
1325,2035,806,972,565,1229,68,35,33
1330,2045,809,980,568,1235,68,35,33
1335,2051,810,983,569,1241,68,35,33
1340,2062,811,989,569,1249,69,35,34
1345,2066,812,991,570,1254,69,35,34
1350,2076,814,994,571,1262,69,35,34
1355,2082,814,998,571,1268,69,35,34
1360,2093,815,1006,572,1275,70,36,34
1365,2097,817,1009,574,1280,70,36,34
1370,2107,818,1014,574,1289,70,36,34
1375,2113,818,1016,574,1294,70,36,34
1380,2124,819,1022,575,1303,71,37,34
1385,2128,819,1024,575,1309,71,37,34
1390,2138,821,1027,575,1317,71,37,34
1395,2144,822,1030,576,1321,71,37,34
1400,2155,825,1034,579,1329,72,37,35
1405,2159,825,1037,579,1334,72,37,35
1410,2169,827,1043,580,1342,72,37,35
1415,2175,828,1047,580,1347,72,37,35
1420,2186,829,1051,581,1355,73,37,36
1425,2190,829,1052,581,1361,73,37,36
1430,2200,831,1060,582,1369,73,37,36
1435,2206,832,1064,583,1373,73,37,36
1440,2217,833,1069,584,1383,74,37,37
1445,2221,834,1072,585,1387,74,37,37
1450,2231,836,1077,586,1395,74,37,37
1455,2237,837,1077,586,1400,74,37,37
1460,2248,840,1086,589,1405,75,38,37
1465,2252,843,1090,592,1407,75,38,37
1470,2262,848,1093,597,1414,75,38,37
1475,2268,850,1096,598,1417,75,38,37
1480,2279,854,1100,601,1423,76,39,37
1485,2283,856,1103,603,1425,76,39,37
1490,2293,861,1107,607,1430,76,39,37
1495,2299,865,1110,611,1433,76,39,37
1500,2310,869,1114,614,1440,77,40,37
1505,2314,871,1115,616,1443,77,40,37
1510,2324,875,1118,618,1448,77,40,37
1515,2330,878,1121,621,1451,77,40,37
1520,2341,882,1128,625,1455,78,40,38
1525,2345,888,1131,631,1457,78,40,38
1530,2355,889,1134,632,1466,78,40,38
1535,2361,890,1137,632,1469,78,40,38
1540,2372,893,1143,635,1475,79,40,39
1545,2376,896,1146,638,1479,79,40,39
1550,2386,899,1153,641,1486,79,40,39
1555,2392,901,1154,642,1491,79,40,39
1560,2403,904,1161,645,1497,80,40,40
1565,2407,906,1163,647,1500,80,40,40
1570,2417,908,1169,648,1508,80,40,40
1575,2423,911,1173,650,1511,80,40,40
1580,2434,911,1179,650,1520,81,40,41
1585,2438,912,1180,651,1526,81,40,41
1590,2448,913,1181,651,1535,81,40,41
1595,2454,915,1184,652,1539,81,40,41
1600,2465,915,1188,652,1549,82,40,42
1605,2469,915,1190,652,1554,82,40,42
1610,2479,916,1192,652,1562,82,40,42
1615,2485,919,1195,655,1566,82,40,42
1620,2496,919,1200,655,1575,83,40,43
1625,2500,919,1203,655,1581,83,40,43
1630,2510,921,1210,657,1588,83,40,43
1635,2516,924,1213,659,1591,83,40,43
1640,2527,926,1216,661,1599,84,40,44
1645,2531,926,1218,661,1605,84,40,44
1650,2541,929,1221,663,1612,84,40,44
1655,2547,931,1224,664,1616,84,40,44
1660,2558,932,1230,665,1623,85,40,45
1665,2562,934,1233,667,1627,85,40,45
1670,2572,938,1239,670,1633,85,40,45
1675,2578,941,1242,672,1636,85,40,45
1680,2589,947,1248,677,1640,86,41,45
1685,2593,948,1249,678,1644,86,41,45
1690,2603,954,1253,682,1648,86,41,45
1695,2609,957,1256,684,1650,86,41,45
1700,2620,963,1263,689,1654,87,42,45
1705,2624,967,1264,693,1657,87,42,45
1710,2634,973,1271,699,1660,87,42,45
1715,2640,975,1273,701,1664,87,42,45
1720,2651,981,1280,706,1667,88,42,46
1725,2655,985,1282,710,1669,88,42,46
1730,2665,987,1284,712,1677,88,42,46
1735,2671,990,1286,714,1680,88,42,46
1740,2682,992,1290,716,1689,89,43,46
1745,2686,993,1293,717,1693,89,43,46
1750,2696,995,1297,719,1700,89,43,46
1755,2702,998,1299,721,1703,89,43,46
1760,2713,1001,1303,724,1711,90,43,47
1765,2717,1001,1304,724,1716,90,43,47
1770,2727,1005,1310,727,1722,90,43,47
1775,2733,1007,1313,728,1725,90,43,47
1780,2744,1009,1319,729,1732,91,43,48
1785,2748,1012,1322,732,1736,91,43,48
1790,2758,1013,1325,733,1744,91,43,48
1795,2764,1016,1328,736,1748,91,43,48
1800,2775,1016,1334,736,1757,92,44,48
1805,2779,1017,1337,737,1761,92,44,48
1810,2789,1018,1343,738,1771,92,44,48
1815,2795,1018,1347,738,1776,92,44,48
1820,2806,1018,1352,738,1787,93,45,48
1825,2810,1018,1353,738,1792,93,45,48
1830,2820,1019,1358,738,1801,93,45,48
1835,2826,1019,1361,738,1805,93,45,48
1840,2837,1020,1367,739,1815,94,46,48
1845,2841,1021,1369,740,1819,94,46,48
1850,2851,1023,1376,742,1828,94,46,48
1855,2857,1023,1378,742,1833,94,46,48
1860,2868,1024,1382,743,1842,95,47,48
1865,2872,1024,1384,743,1847,95,47,48
1870,2882,1026,1391,743,1856,95,47,48
1875,2888,1026,1393,743,1861,95,47,48
1880,2899,1027,1399,744,1869,96,48,48
1885,2903,1028,1401,745,1875,96,48,48
1890,2913,1030,1404,745,1882,96,48,48
1895,2919,1031,1407,746,1887,96,48,48
1900,2930,1033,1413,748,1894,97,48,49
1905,2934,1035,1415,750,1898,97,48,49
1910,2944,1037,1416,750,1906,97,48,49
1915,2950,1040,1420,752,1909,97,48,49
1920,2961,1042,1424,754,1916,98,49,49
1925,2965,1045,1427,757,1920,98,49,49
1930,2975,1048,1434,760,1925,98,49,49
1935,2981,1052,1437,763,1928,98,49,49
1940,2992,1056,1443,766,1933,99,50,49
1945,2996,1060,1445,770,1936,99,50,49
1950,3006,1065,1450,773,1941,99,50,49
1955,3012,1067,1454,775,1945,99,50,49
1960,3023,1069,1458,776,1951,100,51,49
1965,3027,1070,1458,777,1957,100,51,49
1970,3037,1073,1461,778,1963,100,51,49
1975,3043,1075,1462,779,1967,100,51,49
1980,3054,1078,1466,782,1974,101,51,50
1985,3058,1081,1468,785,1976,101,51,50
1990,3068,1085,1472,787,1983,101,51,50
1995,3074,1087,1475,789,1987,101,51,50
2000,3085,1090,1478,791,1993,102,51,51
2005,3089,1093,1481,794,1996,102,51,51
2010,3099,1096,1487,796,2001,102,51,51
2015,3105,1099,1490,798,2006,102,51,51
2020,3116,1102,1497,800,2010,103,52,51
2025,3120,1106,1499,804,2014,103,52,51
2030,3130,1110,1502,806,2019,103,52,51
2035,3136,1114,1505,810,2022,103,52,51
2040,3147,1116,1510,812,2029,104,52,52
2045,3151,1117,1510,813,2034,104,52,52
2050,3161,1119,1513,814,2041,104,52,52
2055,3167,1122,1517,817,2043,104,52,52
2060,3178,1124,1518,819,2053,105,53,52
2065,3182,1125,1521,820,2056,105,53,52
2070,3192,1130,1527,825,2062,105,53,52
2075,3198,1131,1530,825,2065,105,53,52
2080,3209,1131,1532,825,2076,106,53,53
2085,3213,1131,1535,825,2082,106,53,53
2090,3223,1132,1541,825,2090,106,53,53
2095,3229,1135,1545,827,2093,106,53,53
2100,3240,1136,1551,828,2103,107,53,54
2105,3244,1136,1554,828,2107,107,53,54
2110,3254,1138,1560,830,2116,107,53,54
2115,3260,1140,1564,832,2119,107,53,54
2120,3271,1140,1570,832,2129,108,53,55
2125,3275,1140,1573,832,2135,108,53,55
2130,3285,1142,1577,833,2141,108,53,55
2135,3291,1146,1579,836,2145,108,53,55
2140,3302,1149,1584,838,2150,109,53,56
2145,3306,1151,1588,840,2155,109,53,56
2150,3316,1154,1594,842,2161,109,53,56
2155,3322,1157,1599,845,2165,109,53,56
2160,3333,1159,1605,846,2171,110,53,57
2165,3337,1161,1607,848,2176,110,53,57
2170,3347,1164,1613,850,2182,110,53,57
2175,3353,1166,1615,851,2187,110,53,57
2180,3364,1170,1623,855,2191,111,54,57
2185,3368,1173,1625,858,2195,111,54,57
2190,3378,1177,1634,862,2200,111,54,57
2195,3384,1179,1640,864,2204,111,54,57
2200,3395,1183,1646,868,2209,112,54,58
2205,3399,1186,1649,871,2213,112,54,58
2210,3409,1189,1654,873,2220,112,54,58
2215,3415,1190,1658,874,2224,112,54,58
2220,3426,1193,1663,877,2230,113,54,59
2225,3430,1196,1666,880,2233,113,54,59
2230,3440,1201,1669,883,2239,113,54,59
2235,3446,1202,1671,883,2243,113,54,59
2240,3457,1204,1676,885,2251,114,54,60
2245,3461,1206,1677,887,2255,114,54,60
2250,3471,1209,1679,888,2262,114,54,60
2255,3477,1211,1683,890,2265,114,54,60
2260,3488,1214,1689,893,2272,115,55,60
2265,3492,1214,1689,893,2278,115,55,60
2270,3502,1215,1693,894,2287,115,55,60
2275,3508,1216,1695,895,2292,115,55,60
2280,3519,1217,1701,896,2300,116,56,60
2285,3523,1218,1703,897,2305,116,56,60
2290,3533,1219,1705,897,2314,116,56,60
2295,3539,1221,1708,898,2316,116,56,60
2300,3550,1222,1713,899,2326,117,56,61
2305,3554,1222,1714,899,2332,117,56,61
2310,3564,1224,1716,901,2340,117,56,61
2315,3570,1226,1718,903,2344,117,56,61
2320,3581,1227,1723,904,2351,118,56,62
2325,3585,1229,1726,906,2355,118,56,62
2330,3595,1231,1728,907,2364,118,56,62
2335,3601,1232,1731,908,2368,118,56,62
2340,3612,1233,1737,909,2376,119,57,62
2345,3616,1234,1738,910,2382,119,57,62
2350,3626,1237,1743,912,2387,119,57,62
2355,3632,1240,1745,914,2392,119,57,62
2360,3643,1242,1751,916,2399,120,58,62
2365,3647,1244,1753,918,2403,120,58,62
2370,3657,1247,1758,920,2409,120,58,62
2375,3663,1249,1761,922,2414,120,58,62
2380,3674,1252,1767,925,2420,121,59,62
2385,3678,1255,1771,928,2423,121,59,62
2390,3688,1258,1775,931,2430,121,59,62
2395,3694,1260,1776,932,2434,121,59,62
2400,3705,1263,1781,935,2440,122,59,63
2405,3709,1265,1782,937,2444,122,59,63
2410,3719,1269,1788,941,2450,122,59,63
2415,3725,1271,1792,942,2453,122,59,63
2420,3736,1276,1797,946,2458,123,60,63
2425,3740,1278,1799,948,2461,123,60,63
2430,3750,1282,1801,951,2468,123,60,63
2435,3756,1284,1805,953,2471,123,60,63
2440,3767,1287,1809,955,2477,124,60,64
2445,3771,1291,1811,959,2479,124,60,64
2450,3781,1297,1816,964,2483,124,60,64
2455,3787,1299,1817,966,2488,124,60,64
2460,3798,1303,1823,970,2493,125,60,65
2465,3802,1306,1825,973,2495,125,60,65
2470,3812,1314,1832,980,2498,125,60,65
2475,3818,1316,1835,982,2501,125,60,65
2480,3829,1318,1842,984,2507,126,60,66
2485,3833,1321,1844,987,2511,126,60,66
2490,3843,1323,1851,989,2519,126,60,66
2495,3849,1326,1855,991,2521,126,60,66
2500,3860,1326,1862,991,2532,127,61,66
2505,3864,1326,1864,991,2538,127,61,66
2510,3874,1327,1870,992,2547,127,61,66
2515,3880,1327,1874,992,2553,127,61,66
2520,3891,1327,1880,992,2563,128,61,67
2525,3895,1327,1883,992,2568,128,61,67
2530,3905,1328,1885,993,2577,128,61,67
2535,3911,1328,1889,993,2582,128,61,67
2540,3922,1328,1894,993,2592,129,62,67
2545,3926,1328,1894,993,2598,129,62,67
2550,3936,1329,1896,994,2607,129,62,67
2555,3942,1329,1899,994,2613,129,62,67
2560,3953,1329,1906,994,2622,130,63,67
2565,3957,1329,1909,994,2627,130,63,67
2570,3967,1330,1914,994,2637,130,63,67
2575,3973,1330,1916,994,2642,130,63,67
2580,3984,1331,1921,994,2650,131,63,68
2585,3988,1333,1924,996,2655,131,63,68
2590,3998,1335,1928,998,2663,131,63,68
2595,4004,1335,1933,998,2668,131,63,68
2600,4015,1337,1938,1000,2676,132,64,68
2605,4019,1338,1941,1001,2681,132,64,68
2610,4029,1343,1948,1005,2684,132,64,68
2615,4035,1347,1950,1008,2688,132,64,68
2620,4046,1352,1956,1013,2693,133,65,68
2625,4050,1354,1959,1015,2695,133,65,68
2630,4060,1357,1962,1018,2703,133,65,68
2635,4066,1358,1964,1018,2708,133,65,68
2640,4077,1362,1971,1022,2713,134,66,68
2645,4081,1366,1974,1026,2715,134,66,68
2650,4091,1368,1976,1027,2723,134,66,68
2655,4097,1370,1979,1028,2726,134,66,68
2660,4108,1374,1982,1031,2732,135,66,69
2665,4112,1377,1985,1034,2735,135,66,69
2670,4122,1381,1991,1037,2740,135,66,69
2675,4128,1383,1994,1039,2744,135,66,69
2680,4139,1387,2001,1043,2747,136,66,70
2685,4143,1391,2003,1047,2751,136,66,70
2690,4153,1396,2006,1051,2757,136,66,70
2695,4159,1397,2008,1052,2761,136,66,70
2700,4170,1400,2012,1055,2768,137,66,71
2705,4174,1404,2015,1059,2769,137,66,71
2710,4184,1409,2020,1064,2774,137,66,71
2715,4190,1412,2024,1067,2776,137,66,71
2720,4201,1417,2031,1072,2781,138,67,71
2725,4205,1419,2033,1074,2785,138,67,71
2730,4215,1420,2037,1075,2795,138,67,71
2735,4221,1421,2038,1075,2800,138,67,71
2740,4232,1422,2043,1076,2810,139,68,71
2745,4236,1422,2046,1076,2813,139,68,71
2750,4246,1424,2051,1077,2821,139,68,71
2755,4252,1426,2055,1079,2824,139,68,71
2760,4263,1426,2059,1079,2836,140,68,72
2765,4267,1426,2061,1079,2841,140,68,72
2770,4277,1428,2067,1081,2849,140,68,72
2775,4283,1430,2069,1082,2852,140,68,72
2780,4294,1430,2073,1082,2864,141,69,72
2785,4298,1430,2074,1082,2868,141,69,72
2790,4308,1432,2083,1083,2875,141,69,72
2795,4314,1434,2086,1084,2879,141,69,72
2800,4325,1434,2092,1084,2889,142,70,72
2805,4329,1435,2096,1085,2893,142,70,72
2810,4339,1437,2100,1086,2902,142,70,72
2815,4345,1439,2104,1088,2905,142,70,72
2820,4356,1439,2110,1088,2915,143,71,72
2825,4360,1440,2111,1089,2920,143,71,72
2830,4370,1443,2116,1091,2927,143,71,72
2835,4376,1444,2120,1092,2931,143,71,72
2840,4387,1448,2125,1096,2938,144,72,72
2845,4391,1449,2127,1097,2942,144,72,72
2850,4401,1451,2130,1097,2949,144,72,72
2855,4407,1453,2136,1099,2953,144,72,72
2860,4418,1456,2142,1101,2959,145,72,73
2865,4422,1459,2143,1104,2963,145,72,73
2870,4432,1461,2145,1105,2971,145,72,73
2875,4438,1462,2147,1105,2976,145,72,73
2880,4449,1464,2154,1107,2982,146,72,74
2885,4453,1467,2157,1110,2986,146,72,74
2890,4463,1471,2163,1112,2992,146,72,74
2895,4469,1472,2166,1113,2997,146,72,74
2900,4480,1475,2170,1115,3004,147,73,74
2905,4484,1476,2170,1116,3008,147,73,74
2910,4494,1479,2178,1119,3014,147,73,74
2915,4500,1481,2181,1120,3019,147,73,74
2920,4511,1484,2188,1122,3024,148,74,74
2925,4515,1488,2189,1126,3027,148,74,74
2930,4525,1494,2195,1131,3030,148,74,74
2935,4531,1496,2198,1133,3033,148,74,74
2940,4542,1501,2203,1137,3039,149,75,74
2945,4546,1504,2204,1140,3042,149,75,74
2950,4556,1511,2212,1146,3043,149,75,74
2955,4562,1516,2216,1151,3045,149,75,74
2960,4573,1518,2222,1153,3053,150,76,74
2965,4577,1520,2223,1155,3057,150,76,74
2970,4587,1523,2227,1157,3064,150,76,74
2975,4593,1525,2230,1159,3067,150,76,74
2980,4604,1528,2235,1162,3075,151,76,75
2985,4608,1530,2236,1164,3078,151,76,75
2990,4618,1531,2240,1165,3086,151,76,75
2995,4624,1533,2243,1167,3090,151,76,75
3000,4635,1533,2249,1167,3100,152,76,76
3005,4639,1533,2250,1167,3105,152,76,76
3010,4649,1534,2256,1168,3115,152,76,76
3015,4655,1535,2259,1169,3119,152,76,76
3020,4666,1535,2263,1169,3131,153,76,77
3025,4670,1535,2264,1169,3135,153,76,77
3030,4680,1537,2269,1170,3142,153,76,77
3035,4686,1540,2271,1172,3145,153,76,77
3040,4697,1541,2278,1173,3154,154,76,78
3045,4701,1542,2280,1174,3159,154,76,78
3050,4711,1543,2284,1175,3167,154,76,78
3055,4717,1545,2287,1177,3171,154,76,78
3060,4728,1548,2295,1180,3178,155,77,78
3065,4732,1551,2297,1183,3180,155,77,78
3070,4742,1554,2302,1186,3186,155,77,78
3075,4748,1557,2305,1188,3190,155,77,78
3080,4759,1559,2309,1189,3200,156,78,78
3085,4763,1559,2310,1189,3204,156,78,78
3090,4773,1563,2315,1193,3209,156,78,78
3095,4779,1566,2319,1195,3211,156,78,78
3100,4790,1569,2325,1198,3218,157,79,78
3105,4794,1572,2327,1201,3221,157,79,78
3110,4804,1575,2329,1202,3229,157,79,78
3115,4810,1576,2333,1202,3233,157,79,78
3120,4821,1580,2339,1206,3240,158,79,79
3125,4825,1580,2340,1206,3245,158,79,79
3130,4835,1584,2346,1208,3250,158,79,79
3135,4841,1585,2349,1209,3256,158,79,79
3140,4852,1587,2355,1211,3263,159,80,79
3145,4856,1589,2356,1213,3267,159,80,79
3150,4866,1591,2360,1213,3274,159,80,79
3155,4872,1592,2362,1214,3280,159,80,79
3160,4883,1593,2364,1214,3289,160,80,80
3165,4887,1596,2368,1217,3290,160,80,80
3170,4897,1600,2373,1219,3296,160,80,80
3175,4903,1601,2377,1220,3301,160,80,80
3180,4914,1604,2382,1222,3308,161,81,80
3185,4918,1607,2385,1225,3310,161,81,80
3190,4928,1612,2390,1229,3316,161,81,80
3195,4934,1612,2394,1229,3322,161,81,80
3200,4945,1616,2402,1233,3327,162,82,80
3205,4949,1617,2402,1234,3332,162,82,80
3210,4959,1619,2404,1234,3340,162,82,80
3215,4965,1619,2407,1234,3345,162,82,80
3220,4976,1623,2412,1238,3352,163,83,80
3225,4980,1624,2413,1239,3355,163,83,80
3230,4990,1629,2418,1244,3360,163,83,80
3235,4996,1632,2423,1247,3361,163,83,80
3240,5007,1640,2429,1254,3365,164,83,81
3245,5011,1640,2432,1254,3371,164,83,81
3250,5021,1642,2440,1256,3378,164,83,81
3255,5027,1645,2442,1258,3381,164,83,81
3260,5038,1646,2448,1259,3390,165,84,81
3265,5042,1647,2450,1260,3394,165,84,81
3270,5052,1649,2453,1261,3402,165,84,81
3275,5058,1652,2458,1264,3405,165,84,81
3280,5069,1652,2463,1264,3416,166,84,82
3285,5073,1652,2466,1264,3420,166,84,82
3290,5083,1653,2469,1264,3430,166,84,82
3295,5089,1654,2473,1265,3435,166,84,82
3300,5100,1654,2476,1265,3444,167,84,83
3305,5104,1655,2479,1266,3448,167,84,83
3310,5114,1657,2483,1267,3457,167,84,83
3315,5120,1659,2487,1269,3461,167,84,83
3320,5131,1660,2492,1270,3469,168,85,83
3325,5135,1660,2495,1270,3475,168,85,83
3330,5145,1662,2501,1271,3482,168,85,83
3335,5151,1665,2505,1274,3486,168,85,83
3340,5162,1665,2509,1274,3496,169,85,84
3345,5166,1666,2513,1275,3500,169,85,84
3350,5176,1671,2520,1279,3503,169,85,84
3355,5182,1675,2523,1283,3506,169,85,84
3360,5193,1678,2528,1286,3512,170,85,85
3365,5197,1681,2531,1289,3516,170,85,85
3370,5207,1684,2535,1292,3523,170,85,85
3375,5213,1685,2539,1292,3528,170,85,85
3380,5224,1688,2543,1294,3536,171,86,85
3385,5228,1688,2544,1294,3540,171,86,85
3390,5238,1691,2549,1297,3547,171,86,85
3395,5244,1692,2550,1297,3552,171,86,85
3400,5255,1696,2558,1301,3557,172,86,86
3405,5259,1699,2559,1304,3560,172,86,86
3410,5269,1703,2566,1308,3565,172,86,86
3415,5275,1705,2569,1309,3569,172,86,86
3420,5286,1709,2573,1313,3577,173,86,87
3425,5290,1710,2576,1314,3579,173,86,87
3430,5300,1715,2582,1319,3585,173,86,87
3435,5306,1717,2584,1320,3588,173,86,87
3440,5317,1721,2589,1323,3595,174,87,87
3445,5321,1723,2591,1325,3598,174,87,87
3450,5331,1728,2598,1329,3603,174,87,87
3455,5337,1729,2602,1330,3606,174,87,87
3460,5348,1734,2606,1334,3612,175,87,88
3465,5352,1736,2608,1336,3615,175,87,88
3470,5362,1741,2612,1339,3619,175,87,88
3475,5368,1745,2613,1342,3623,175,87,88
3480,5379,1747,2616,1344,3632,176,88,88
3485,5383,1748,2619,1345,3634,176,88,88
3490,5393,1750,2622,1346,3642,176,88,88
3495,5399,1752,2625,1348,3645,176,88,88
3500,5410,1753,2629,1348,3655,177,88,89
3505,5414,1754,2629,1349,3660,177,88,89
3510,5424,1756,2637,1351,3666,177,88,89
3515,5430,1760,2640,1354,3669,177,88,89
3520,5441,1762,2644,1355,3677,178,88,90
3525,5445,1764,2647,1357,3681,178,88,90
3530,5455,1765,2651,1357,3689,178,88,90
3535,5461,1768,2654,1359,3693,178,88,90
3540,5472,1768,2657,1359,3704,179,89,90
3545,5476,1768,2658,1359,3707,179,89,90
3550,5486,1769,2664,1360,3716,179,89,90
3555,5492,1772,2667,1362,3719,179,89,90
3560,5503,1772,2672,1362,3729,180,89,91
3565,5507,1773,2673,1363,3734,180,89,91
3570,5517,1774,2676,1363,3743,180,89,91
3575,5523,1775,2679,1363,3748,180,89,91
3580,5534,1775,2683,1363,3759,181,89,92
3585,5538,1775,2686,1363,3763,181,89,92
3590,5548,1778,2691,1365,3770,181,89,92
3595,5554,1779,2692,1365,3775,181,89,92
3600,5565,1781,2697,1367,3783,182,89,93
3605,5569,1782,2700,1368,3787,182,89,93
3610,5579,1785,2707,1369,3793,182,89,93
3615,5585,1788,2709,1372,3797,182,89,93
3620,5596,1788,2711,1372,3807,183,89,94
3625,5600,1790,2714,1374,3809,183,89,94
3630,5610,1793,2717,1376,3816,183,89,94
3635,5616,1796,2721,1379,3819,183,89,94
3640,5627,1800,2729,1383,3823,184,90,94
3645,5631,1804,2731,1387,3826,184,90,94
3650,5641,1808,2734,1390,3833,184,90,94
3655,5647,1809,2735,1390,3838,184,90,94
3660,5658,1811,2741,1392,3843,185,90,95
3665,5662,1814,2743,1395,3847,185,90,95
3670,5672,1818,2748,1398,3852,185,90,95
3675,5678,1821,2751,1400,3856,185,90,95
3680,5689,1824,2756,1402,3862,186,91,95
3685,5693,1827,2756,1405,3866,186,91,95
3690,5703,1830,2760,1407,3871,186,91,95
3695,5709,1833,2762,1409,3875,186,91,95
3700,5720,1838,2768,1413,3880,187,92,95
3705,5724,1839,2768,1414,3885,187,92,95
3710,5734,1845,2774,1419,3888,187,92,95
3715,5740,1848,2776,1421,3891,187,92,95
3720,5751,1852,2781,1425,3896,188,92,96
3725,5755,1854,2782,1427,3900,188,92,96
3730,5765,1860,2787,1431,3904,188,92,96
3735,5771,1864,2791,1434,3905,188,92,96
3740,5782,1866,2796,1436,3914,189,92,97
3745,5786,1866,2799,1436,3920,189,92,97
3750,5796,1867,2803,1436,3929,189,92,97
3755,5802,1867,2807,1436,3933,189,92,97
3760,5813,1867,2812,1436,3945,190,93,97
3765,5817,1867,2814,1436,3950,190,93,97
3770,5827,1868,2821,1437,3959,190,93,97
3775,5833,1868,2823,1437,3964,190,93,97
3780,5844,1868,2829,1437,3974,191,93,98
3785,5848,1868,2831,1437,3980,191,93,98
3790,5858,1869,2836,1437,3989,191,93,98
3795,5864,1869,2839,1437,3995,191,93,98
3800,5875,1869,2850,1437,4004,192,94,98
3805,5879,1869,2852,1437,4009,192,94,98
3810,5889,1870,2857,1438,4019,192,94,98
3815,5895,1870,2859,1438,4025,192,94,98
3820,5906,1870,2864,1438,4034,193,94,99
3825,5910,1870,2868,1438,4039,193,94,99
3830,5920,1871,2870,1438,4049,193,94,99
3835,5926,1871,2873,1438,4055,193,94,99
3840,5937,1873,2879,1440,4062,194,95,99
3845,5941,1874,2880,1441,4067,194,95,99
3850,5951,1879,2885,1445,4072,194,95,99
3855,5957,1880,2888,1446,4077,194,95,99
3860,5968,1884,2897,1449,4079,195,96,99
3865,5972,1888,2898,1453,4084,195,96,99
3870,5982,1891,2903,1456,4090,195,96,99
3875,5988,1894,2908,1459,4093,195,96,99
3880,5999,1898,2916,1463,4098,196,97,99
3885,6003,1901,2917,1466,4102,196,97,99
3890,6013,1904,2921,1467,4108,196,97,99
3895,6019,1906,2924,1469,4112,196,97,99
3900,6030,1909,2928,1472,4119,197,98,99
3905,6034,1911,2930,1474,4123,197,98,99
3910,6044,1914,2934,1477,4130,197,98,99
3915,6050,1915,2936,1477,4134,197,98,99
3920,6061,1920,2944,1482,4138,198,99,99
3925,6065,1923,2944,1485,4142,198,99,99
3930,6075,1928,2950,1488,4146,198,99,99
3935,6081,1930,2953,1490,4150,198,99,99
3940,6092,1932,2955,1491,4157,199,99,100
3945,6096,1935,2957,1494,4160,199,99,100
3950,6106,1940,2960,1497,4165,199,99,100
3955,6112,1942,2964,1499,4167,199,99,100
3960,6123,1947,2968,1503,4174,200,100,100
3965,6127,1950,2970,1506,4176,200,100,100
3970,6137,1958,2978,1513,4177,200,100,100
3975,6143,1962,2983,1517,4178,200,100,100
3980,6154,1968,2988,1523,4185,201,100,101
3985,6158,1969,2990,1524,4188,201,100,101
3990,6168,1972,2996,1526,4195,201,100,101
3995,6174,1974,2999,1528,4199,201,100,101
4000,6185,1975,3004,1529,4208,202,100,102
4005,6189,1976,3004,1530,4213,202,100,102
4010,6199,1978,3013,1532,4220,202,100,102
4015,6205,1980,3015,1534,4224,202,100,102
4020,6216,1981,3021,1535,4233,203,100,103
4025,6220,1981,3024,1535,4238,203,100,103
4030,6230,1982,3029,1536,4248,203,100,103
4035,6236,1982,3029,1536,4254,203,100,103
4040,6247,1982,3037,1536,4263,204,100,104
4045,6251,1982,3038,1536,4269,204,100,104
4050,6261,1983,3040,1536,4278,204,100,104
4055,6267,1983,3046,1536,4283,204,100,104
4060,6278,1983,3051,1536,4294,205,101,104
4065,6282,1983,3053,1536,4299,205,101,104
4070,6292,1984,3055,1537,4308,205,101,104
4075,6298,1984,3058,1537,4313,205,101,104
4080,6309,1984,3066,1537,4323,206,102,104
4085,6313,1984,3069,1537,4329,206,102,104
4090,6323,1986,3075,1537,4337,206,102,104
4095,6329,1986,3080,1537,4342,206,102,104
4100,6340,1988,3083,1538,4350,207,102,105
4105,6344,1990,3085,1540,4354,207,102,105
4110,6354,1994,3091,1543,4360,207,102,105
4115,6360,1994,3097,1543,4365,207,102,105
4120,6371,1997,3102,1545,4372,208,102,106
4125,6375,1999,3104,1547,4376,208,102,106
4130,6385,2001,3108,1549,4383,208,102,106
4135,6391,2004,3111,1551,4386,208,102,106
4140,6402,2009,3117,1556,4391,209,102,107
4145,6406,2012,3119,1559,4393,209,102,107
4150,6416,2015,3123,1561,4400,209,102,107
4155,6422,2017,3126,1562,4404,209,102,107
4160,6433,2021,3130,1566,4410,210,102,108
4165,6437,2024,3132,1569,4413,210,102,108
4170,6447,2028,3137,1572,4418,210,102,108
4175,6453,2030,3138,1573,4423,210,102,108
4180,6464,2031,3141,1574,4431,211,102,109
4185,6468,2034,3143,1577,4433,211,102,109
4190,6478,2040,3149,1583,4437,211,102,109
4195,6484,2043,3151,1585,4440,211,102,109
4200,6495,2047,3155,1588,4445,212,102,110
4205,6499,2051,3159,1592,4446,212,102,110
4210,6509,2059,3166,1598,4449,212,102,110
4215,6515,2061,3169,1600,4452,212,102,110
4220,6526,2065,3175,1604,4459,213,102,111
4225,6530,2066,3176,1605,4464,213,102,111
4230,6540,2068,3179,1607,4472,213,102,111
4235,6546,2069,3181,1608,4476,213,102,111
4240,6557,2069,3187,1608,4486,214,103,111
4245,6561,2070,3189,1609,4491,214,103,111
4250,6571,2071,3191,1609,4500,214,103,111
4255,6577,2073,3196,1611,4503,214,103,111
4260,6588,2074,3202,1612,4511,215,103,112
4265,6592,2075,3203,1613,4517,215,103,112
4270,6602,2076,3208,1613,4526,215,103,112
4275,6608,2077,3209,1613,4531,215,103,112
4280,6619,2077,3216,1613,4540,216,104,112
4285,6623,2077,3219,1613,4546,216,104,112
4290,6633,2078,3220,1613,4555,216,104,112
4295,6639,2079,3224,1614,4560,216,104,112
4300,6650,2080,3228,1615,4569,217,104,113
4305,6654,2080,3230,1615,4573,217,104,113
4310,6664,2082,3234,1617,4581,217,104,113
4315,6670,2084,3236,1619,4585,217,104,113
4320,6681,2085,3239,1619,4594,218,104,114
4325,6685,2088,3241,1622,4597,218,104,114
4330,6695,2092,3249,1626,4603,218,104,114
4335,6701,2093,3252,1627,4608,218,104,114
4340,6712,2097,3256,1630,4613,219,104,115
4345,6716,2098,3258,1631,4617,219,104,115
4350,6726,2101,3261,1633,4625,219,104,115
4355,6732,2102,3264,1633,4629,219,104,115
4360,6743,2105,3270,1636,4635,220,105,115
4365,6747,2107,3271,1638,4639,220,105,115
4370,6757,2113,3279,1644,4643,220,105,115
4375,6763,2116,3281,1646,4646,220,105,115
4380,6774,2119,3285,1649,4652,221,105,116
4385,6778,2121,3287,1651,4656,221,105,116
4390,6788,2126,3295,1656,4661,221,105,116
4395,6794,2128,3299,1658,4665,221,105,116
4400,6805,2131,3305,1661,4670,222,106,116
4405,6809,2134,3306,1664,4675,222,106,116
4410,6819,2138,3312,1667,4679,222,106,116
4415,6825,2142,3314,1670,4682,222,106,116
4420,6836,2146,3322,1674,4687,223,107,116
4425,6840,2147,3324,1675,4693,223,107,116
4430,6850,2149,3328,1676,4700,223,107,116
4435,6856,2151,3331,1678,4705,223,107,116
4440,6867,2152,3338,1679,4712,224,108,116
4445,6871,2154,3340,1681,4717,224,108,116
4450,6881,2157,3343,1683,4724,224,108,116
4455,6887,2158,3345,1683,4728,224,108,116
4460,6898,2160,3350,1685,4735,225,108,117
4465,6902,2163,3352,1688,4738,225,108,117
4470,6912,2167,3356,1691,4745,225,108,117
4475,6918,2168,3357,1692,4750,225,108,117
4480,6929,2169,3363,1693,4756,226,109,117
4485,6933,2173,3367,1697,4758,226,109,117
4490,6943,2177,3372,1701,4765,226,109,117
4495,6949,2179,3373,1702,4769,226,109,117
4500,6960,2180,3378,1703,4778,227,110,117
4505,6964,2181,3380,1704,4782,227,110,117
4510,6974,2182,3384,1704,4792,227,110,117
4515,6980,2184,3388,1705,4795,227,110,117
4520,6991,2185,3393,1706,4803,228,111,117
4525,6995,2187,3396,1708,4807,228,111,117
4530,7005,2191,3401,1711,4814,228,111,117
4535,7011,2192,3402,1711,4819,228,111,117
4540,7022,2194,3409,1713,4824,229,112,117
4545,7026,2196,3411,1715,4829,229,112,117
4550,7036,2199,3415,1717,4837,229,112,117
4555,7042,2200,3419,1718,4841,229,112,117
4560,7053,2202,3422,1719,4849,230,112,118
4565,7057,2205,3424,1722,4852,230,112,118
4570,7067,2206,3427,1723,4861,230,112,118
4575,7073,2207,3429,1723,4866,230,112,118
4580,7084,2208,3432,1724,4875,231,113,118
4585,7088,2208,3434,1724,4879,231,113,118
4590,7098,2211,3439,1726,4886,231,113,118
4595,7104,2214,3444,1729,4889,231,113,118
4600,7115,2216,3449,1730,4895,232,114,118
4605,7119,2219,3451,1733,4900,232,114,118
4610,7129,2223,3456,1736,4905,232,114,118
4615,7135,2225,3459,1737,4910,232,114,118
4620,7146,2227,3464,1739,4916,233,114,119
4625,7150,2230,3466,1742,4920,233,114,119
4630,7160,2234,3472,1746,4925,233,114,119
4635,7166,2237,3477,1748,4928,233,114,119
4640,7177,2239,3480,1749,4934,234,114,120
4645,7181,2242,3482,1752,4939,234,114,120
4650,7191,2245,3488,1755,4945,234,114,120
4655,7197,2248,3494,1758,4948,234,114,120
4660,7208,2252,3499,1762,4953,235,114,121
4665,7212,2254,3500,1764,4957,235,114,121
4670,7222,2258,3503,1766,4964,235,114,121
4675,7228,2259,3506,1767,4968,235,114,121
4680,7239,2262,3511,1770,4975,236,115,121
4685,7243,2265,3514,1773,4977,236,115,121
4690,7253,2269,3519,1775,4984,236,115,121
4695,7259,2269,3522,1775,4990,236,115,121
4700,7270,2270,3527,1776,4998,237,116,121
4705,7274,2270,3529,1776,5003,237,116,121
4710,7284,2276,3536,1781,5008,237,116,121
4715,7290,2277,3541,1782,5011,237,116,121
4720,7301,2279,3546,1784,5020,238,116,122
4725,7305,2280,3546,1785,5025,238,116,122
4730,7315,2285,3552,1789,5030,238,116,122
4735,7321,2285,3557,1789,5033,238,116,122
4740,7332,2288,3561,1792,5042,239,117,122
4745,7336,2289,3564,1793,5047,239,117,122
4750,7346,2290,3570,1794,5056,239,117,122
4755,7352,2290,3576,1794,5060,239,117,122
4760,7363,2290,3584,1794,5071,240,117,123
4765,7367,2290,3587,1794,5076,240,117,123
4770,7377,2291,3593,1795,5086,240,117,123
4775,7383,2291,3599,1795,5091,240,117,123
4780,7394,2291,3605,1795,5102,241,118,123
4785,7398,2291,3607,1795,5106,241,118,123
4790,7408,2292,3612,1796,5116,241,118,123
4795,7414,2293,3613,1796,5121,241,118,123
4800,7425,2295,3621,1798,5127,242,119,123
4805,7429,2298,3623,1801,5131,242,119,123
4810,7439,2301,3631,1803,5136,242,119,123
4815,7445,2305,3634,1807,5140,242,119,123
4820,7456,2307,3640,1809,5146,243,119,124
4825,7460,2309,3643,1811,5151,243,119,124
4830,7470,2312,3648,1814,5157,243,119,124
4835,7476,2314,3653,1815,5162,243,119,124
4840,7487,2317,3660,1818,5167,244,120,124
4845,7491,2319,3662,1820,5172,244,120,124
4850,7501,2322,3665,1822,5178,244,120,124
4855,7507,2324,3667,1823,5183,244,120,124
4860,7518,2326,3672,1824,5188,245,120,125
4865,7522,2329,3675,1827,5192,245,120,125
4870,7532,2332,3677,1828,5200,245,120,125
4875,7538,2333,3679,1829,5204,245,120,125
4880,7549,2334,3681,1830,5214,246,120,126
4885,7553,2334,3681,1830,5219,246,120,126
4890,7563,2336,3684,1831,5227,246,120,126
4895,7569,2337,3688,1832,5232,246,120,126
4900,7580,2338,3692,1833,5241,247,120,127
4905,7584,2340,3694,1835,5243,247,120,127
4910,7594,2344,3697,1838,5250,247,120,127
4915,7600,2346,3702,1840,5252,247,120,127
4920,7611,2350,3708,1844,5260,248,121,127
4925,7615,2351,3710,1845,5263,248,121,127
4930,7625,2357,3715,1850,5268,248,121,127
4935,7631,2359,3716,1851,5272,248,121,127
4940,7642,2362,3723,1854,5279,249,122,127
4945,7646,2363,3725,1855,5282,249,122,127
4950,7656,2365,3728,1857,5291,249,122,127
4955,7662,2367,3731,1858,5294,249,122,127
4960,7673,2367,3736,1858,5304,250,123,127
4965,7677,2368,3740,1859,5308,250,123,127
4970,7687,2370,3746,1861,5315,250,123,127
4975,7693,2374,3750,1865,5318,250,123,127
4980,7704,2377,3760,1868,5324,251,124,127
4985,7708,2380,3763,1871,5327,251,124,127
4990,7718,2382,3770,1873,5334,251,124,127
4995,7724,2386,3772,1876,5338,251,124,127
5000,7735,2388,3778,1877,5345,252,125,127
5005,7739,2389,3779,1878,5349,252,125,127
5010,7749,2392,3784,1880,5356,252,125,127
5015,7755,2394,3786,1881,5361,252,125,127
5020,7766,2396,3793,1883,5368,253,126,127
5025,7770,2398,3793,1885,5372,253,126,127
5030,7780,2400,3798,1887,5379,253,126,127
5035,7786,2402,3798,1888,5384,253,126,127
5040,7797,2403,3802,1888,5393,254,127,127
5045,7801,2404,3803,1889,5396,254,127,127
5050,7811,2407,3807,1891,5403,254,127,127
5055,7817,2410,3810,1894,5407,254,127,127
5060,7828,2414,3818,1898,5411,255,128,127
5065,7832,2418,3821,1902,5413,255,128,127
5070,7842,2421,3824,1903,5421,255,128,127
5075,7848,2422,3829,1904,5424,255,128,127
5080,7859,2427,3837,1909,5429,256,128,128
5085,7863,2429,3840,1911,5434,256,128,128
5090,7873,2431,3842,1911,5441,256,128,128
5095,7879,2433,3844,1912,5445,256,128,128
5100,7890,2435,3849,1914,5453,257,129,128
5105,7894,2437,3852,1916,5456,257,129,128
5110,7904,2441,3857,1919,5462,257,129,128
5115,7910,2444,3862,1922,5465,257,129,128
5120,7921,2446,3866,1924,5474,258,130,128
5125,7925,2446,3868,1924,5478,258,130,128
5130,7935,2450,3872,1928,5485,258,130,128
5135,7941,2452,3877,1929,5488,258,130,128
5140,7952,2455,3881,1932,5496,259,130,129
5145,7956,2455,3883,1932,5500,259,130,129
5150,7966,2459,3886,1934,5507,259,130,129
5155,7972,2460,3889,1934,5511,259,130,129
5160,7983,2463,3895,1937,5518,260,130,130
5165,7987,2464,3895,1938,5523,260,130,130
5170,7997,2468,3900,1940,5528,260,130,130
5175,8003,2470,3902,1942,5533,260,130,130
5180,8014,2471,3904,1942,5541,261,130,131
5185,8018,2473,3906,1944,5544,261,130,131
5190,8028,2478,3911,1949,5549,261,130,131
5195,8034,2481,3913,1951,5552,261,130,131
5200,8045,2484,3917,1953,5558,262,130,132
5205,8049,2487,3919,1956,5562,262,130,132
5210,8059,2489,3922,1958,5569,262,130,132
5215,8065,2492,3924,1961,5573,262,130,132
5220,8076,2493,3931,1961,5580,263,131,132
5225,8080,2495,3932,1963,5585,263,131,132
5230,8090,2497,3935,1964,5592,263,131,132
5235,8096,2499,3937,1965,5596,263,131,132
5240,8107,2501,3945,1966,5603,264,132,132
5245,8111,2504,3947,1969,5606,264,132,132
5250,8121,2507,3953,1971,5613,264,132,132
5255,8127,2509,3957,1973,5617,264,132,132
5260,8138,2512,3963,1975,5624,265,133,132
5265,8142,2513,3964,1976,5628,265,133,132
5270,8152,2516,3970,1979,5636,265,133,132
5275,8158,2518,3975,1981,5638,265,133,132
5280,8169,2521,3981,1983,5646,266,134,132
5285,8173,2523,3983,1985,5649,266,134,132
5290,8183,2525,3988,1987,5658,266,134,132
5295,8189,2526,3989,1987,5663,266,134,132
5300,8200,2527,3994,1988,5671,267,134,133
5305,8204,2529,3997,1990,5675,267,134,133
5310,8214,2531,4003,1990,5683,267,134,133
5315,8220,2532,4005,1990,5687,267,134,133
5320,8231,2535,4009,1993,5694,268,134,134
5325,8235,2537,4011,1995,5698,268,134,134
5330,8245,2539,4014,1996,5705,268,134,134
5335,8251,2541,4015,1997,5710,268,134,134
5340,8262,2542,4022,1998,5717,269,135,134
5345,8266,2544,4023,2000,5722,269,135,134
5350,8276,2546,4028,2001,5729,269,135,134
5355,8282,2548,4031,2003,5734,269,135,134
5360,8293,2549,4035,2004,5742,270,135,135
5365,8297,2550,4037,2005,5747,270,135,135
5370,8307,2552,4044,2007,5755,270,135,135
5375,8313,2553,4048,2008,5760,270,135,135
5380,8324,2555,4052,2010,5769,271,136,135
5385,8328,2555,4053,2010,5773,271,136,135
5390,8338,2557,4056,2010,5780,271,136,135
5395,8344,2560,4060,2013,5783,271,136,135
5400,8355,2562,4065,2015,5791,272,137,135
5405,8359,2565,4067,2018,5793,272,137,135
5410,8369,2569,4070,2022,5800,272,137,135
5415,8375,2571,4073,2024,5803,272,137,135
5420,8386,2576,4079,2029,5808,273,137,136
5425,8390,2580,4082,2033,5809,273,137,136
5430,8400,2587,4087,2038,5812,273,137,136
5435,8406,2589,4089,2039,5815,273,137,136
5440,8417,2594,4094,2044,5821,274,137,137
5445,8421,2597,4098,2047,5823,274,137,137
5450,8431,2599,4104,2049,5830,274,137,137
5455,8437,2603,4107,2053,5833,274,137,137
5460,8448,2605,4112,2054,5840,275,137,138
5465,8452,2607,4114,2056,5844,275,137,138
5470,8462,2610,4119,2059,5852,275,137,138
5475,8468,2610,4119,2059,5858,275,137,138
5480,8479,2611,4124,2059,5866,276,137,139
5485,8483,2613,4127,2061,5870,276,137,139
5490,8493,2616,4134,2063,5877,276,137,139
5495,8499,2616,4138,2063,5883,276,137,139
5500,8510,2618,4143,2064,5891,277,137,140
5505,8514,2619,4146,2065,5895,277,137,140
5510,8524,2622,4150,2067,5902,277,137,140
5515,8530,2622,4153,2067,5908,277,137,140
5520,8541,2623,4159,2067,5915,278,138,140
5525,8545,2625,4160,2069,5920,278,138,140
5530,8555,2626,4165,2070,5929,278,138,140
5535,8561,2626,4169,2070,5935,278,138,140
5540,8572,2626,4175,2070,5946,279,139,140
5545,8576,2626,4177,2070,5950,279,139,140
5550,8586,2627,4182,2070,5959,279,139,140
5555,8592,2627,4186,2070,5964,279,139,140
5560,8603,2628,4194,2071,5974,280,140,140
5565,8607,2629,4196,2072,5978,280,140,140
5570,8617,2632,4201,2074,5985,280,140,140
5575,8623,2633,4203,2074,5989,280,140,140
5580,8634,2636,4212,2077,5995,281,140,141
5585,8638,2638,4214,2079,5999,281,140,141
5590,8648,2641,4218,2080,6006,281,140,141
5595,8654,2644,4220,2083,6010,281,140,141
5600,8665,2646,4226,2085,6018,282,140,142
5605,8669,2647,4228,2086,6022,282,140,142
5610,8679,2650,4235,2088,6028,282,140,142
5615,8685,2652,4236,2089,6032,282,140,142
5620,8696,2656,4242,2093,6039,283,141,142
5625,8700,2657,4245,2094,6042,283,141,142
5630,8710,2662,4249,2098,6048,283,141,142
5635,8716,2663,4250,2099,6053,283,141,142
5640,8727,2665,4252,2100,6061,284,141,143
5645,8731,2667,4253,2102,6064,284,141,143
5650,8741,2671,4258,2104,6069,284,141,143
5655,8747,2674,4259,2106,6073,284,141,143
5660,8758,2676,4266,2108,6079,285,142,143
5665,8762,2679,4267,2111,6082,285,142,143
5670,8772,2683,4272,2114,6088,285,142,143
5675,8778,2686,4277,2117,6090,285,142,143
5680,8789,2688,4282,2119,6099,286,142,144
5685,8793,2691,4284,2122,6101,286,142,144
5690,8803,2692,4288,2122,6111,286,142,144
5695,8809,2693,4291,2122,6114,286,142,144
5700,8820,2695,4298,2124,6123,287,142,145
5705,8824,2697,4300,2126,6126,287,142,145
5710,8834,2699,4305,2127,6134,287,142,145
5715,8840,2701,4305,2128,6139,287,142,145
5720,8851,2702,4311,2128,6146,288,142,146
5725,8855,2704,4312,2130,6151,288,142,146
5730,8865,2705,4314,2131,6160,288,142,146
5735,8871,2706,4316,2131,6164,288,142,146
5740,8882,2708,4322,2132,6171,289,142,147
5745,8886,2710,4324,2134,6175,289,142,147
5750,8896,2711,4327,2134,6184,289,142,147
5755,8902,2713,4330,2135,6188,289,142,147
5760,8913,2714,4335,2136,6197,290,143,147
5765,8917,2717,4339,2139,6199,290,143,147
5770,8927,2719,4345,2141,6207,290,143,147
5775,8933,2722,4350,2144,6211,290,143,147
5780,8944,2724,4353,2145,6219,291,144,147
5785,8948,2725,4354,2146,6223,291,144,147
5790,8958,2729,4359,2149,6229,291,144,147
5795,8964,2730,4361,2150,6233,291,144,147
5800,8975,2734,4365,2153,6239,292,144,148
5805,8979,2735,4365,2154,6244,292,144,148
5810,8989,2738,4369,2156,6251,292,144,148
5815,8995,2739,4370,2156,6256,292,144,148
5820,9006,2743,4377,2160,6260,293,144,149
5825,9010,2746,4378,2163,6263,293,144,149
5830,9020,2750,4383,2166,6268,293,144,149
5835,9026,2753,4387,2169,6272,293,144,149
5840,9037,2756,4391,2172,6279,294,144,150
5845,9041,2759,4395,2175,6281,294,144,150
5850,9051,2762,4401,2178,6287,294,144,150
5855,9057,2766,4405,2181,6290,294,144,150
5860,9068,2770,4410,2184,6296,295,145,150
5865,9072,2773,4413,2187,6298,295,145,150
5870,9082,2778,4420,2192,6302,295,145,150
5875,9088,2782,4426,2196,6305,295,145,150
5880,9099,2785,4430,2199,6312,296,145,151
5885,9103,2789,4432,2203,6314,296,145,151
5890,9113,2795,4439,2209,6317,296,145,151
5895,9119,2798,4442,2211,6319,296,145,151
5900,9130,2801,4450,2214,6326,297,145,152
5905,9134,2804,4453,2217,6330,297,145,152
5910,9144,2806,4456,2218,6337,297,145,152
5915,9150,2807,4457,2219,6343,297,145,152
5920,9161,2807,4463,2219,6353,298,145,153
5925,9165,2807,4464,2219,6358,298,145,153
5930,9175,2808,4469,2220,6367,298,145,153
5935,9181,2808,4473,2220,6371,298,145,153
5940,9192,2808,4477,2220,6382,299,145,154
5945,9196,2808,4480,2220,6387,299,145,154
5950,9206,2809,4483,2221,6397,299,145,154
5955,9212,2809,4487,2221,6403,299,145,154
5960,9223,2809,4491,2221,6413,300,145,155
5965,9227,2809,4495,2221,6417,300,145,155
5970,9237,2810,4500,2222,6427,300,145,155
5975,9243,2810,4504,2222,6432,300,145,155
5980,9254,2810,4511,2222,6442,301,145,156
5985,9258,2810,4513,2222,6448,301,145,156
5990,9268,2811,4517,2222,6457,301,145,156
5995,9274,2811,4519,2222,6463,301,145,156
6000,9285,2811,4525,2222,6472,302,145,157
6005,9289,2811,4525,2222,6478,302,145,157
6010,9299,2813,4528,2222,6486,302,145,157
6015,9305,2813,4531,2222,6492,302,145,157
6020,9316,2815,4537,2224,6498,303,146,157
6025,9320,2816,4538,2225,6504,303,146,157
6030,9330,2819,4542,2227,6511,303,146,157
6035,9336,2821,4545,2229,6515,303,146,157
6040,9347,2823,4550,2230,6521,304,146,158
6045,9351,2826,4551,2233,6525,304,146,158
6050,9361,2829,4556,2235,6530,304,146,158
6055,9367,2832,4558,2237,6535,304,146,158
6060,9378,2835,4562,2240,6542,305,147,158
6065,9382,2836,4565,2241,6545,305,147,158
6070,9392,2841,4570,2245,6551,305,147,158
6075,9398,2843,4574,2246,6554,305,147,158
6080,9409,2846,4578,2248,6559,306,147,159
6085,9413,2849,4580,2251,6563,306,147,159
6090,9423,2853,4584,2254,6569,306,147,159
6095,9429,2856,4588,2257,6573,306,147,159
6100,9440,2859,4595,2259,6577,307,148,159
6105,9444,2864,4598,2264,6578,307,148,159
6110,9454,2873,4604,2271,6580,307,148,159
6115,9460,2875,4608,2273,6582,307,148,159
6120,9471,2882,4615,2280,6587,308,149,159
6125,9475,2884,4617,2282,6590,308,149,159
6130,9485,2889,4622,2286,6596,308,149,159
6135,9491,2891,4628,2288,6597,308,149,159
6140,9502,2896,4634,2293,6605,309,150,159
6145,9506,2896,4635,2293,6610,309,150,159
6150,9516,2897,4640,2293,6619,309,150,159
6155,9522,2898,4645,2294,6623,309,150,159
6160,9533,2899,4652,2295,6633,310,151,159
6165,9537,2899,4653,2295,6638,310,151,159
6170,9547,2900,4657,2296,6647,310,151,159
6175,9553,2901,4659,2296,6651,310,151,159
6180,9564,2901,4666,2296,6661,311,152,159
6185,9568,2901,4667,2296,6667,311,152,159
6190,9578,2902,4672,2297,6676,311,152,159
6195,9584,2903,4675,2297,6681,311,152,159
6200,9595,2904,4684,2298,6690,312,152,160
6205,9599,2904,4686,2298,6695,312,152,160
6210,9609,2905,4693,2299,6704,312,152,160
6215,9615,2906,4697,2300,6709,312,152,160
6220,9626,2906,4702,2300,6719,313,152,161
6225,9630,2906,4704,2300,6724,313,152,161
6230,9640,2909,4710,2302,6730,313,152,161
6235,9646,2911,4713,2303,6735,313,152,161
6240,9657,2912,4721,2304,6741,314,153,161
6245,9661,2916,4723,2308,6745,314,153,161
6250,9671,2919,4730,2311,6750,314,153,161
6255,9677,2922,4731,2313,6755,314,153,161
6260,9688,2925,4736,2316,6760,315,153,162
6265,9692,2927,4738,2318,6765,315,153,162
6270,9702,2930,4743,2321,6771,315,153,162
6275,9708,2932,4744,2322,6776,315,153,162
6280,9719,2936,4751,2326,6780,316,154,162
6285,9723,2938,4753,2328,6784,316,154,162
6290,9733,2943,4758,2333,6789,316,154,162
6295,9739,2946,4761,2336,6792,316,154,162
6300,9750,2950,4769,2340,6796,317,155,162
6305,9754,2955,4771,2345,6798,317,155,162
6310,9764,2960,4776,2349,6802,317,155,162
6315,9770,2964,4779,2352,6804,317,155,162
6320,9781,2969,4783,2356,6810,318,155,163
6325,9785,2970,4784,2357,6814,318,155,163
6330,9795,2976,4790,2362,6818,318,155,163
6335,9801,2979,4793,2364,6820,318,155,163
6340,9812,2981,4795,2366,6829,319,155,164
6345,9816,2982,4796,2367,6834,319,155,164
6350,9826,2984,4799,2368,6841,319,155,164
6355,9832,2986,4803,2369,6844,319,155,164
6360,9843,2987,4809,2370,6854,320,155,165
6365,9847,2987,4810,2370,6860,320,155,165
6370,9857,2989,4815,2371,6867,320,155,165
6375,9863,2992,4818,2374,6871,320,155,165
6380,9874,2993,4825,2375,6879,321,155,166
6385,9878,2993,4827,2375,6885,321,155,166
6390,9888,2995,4834,2377,6893,321,155,166
6395,9894,2996,4837,2377,6897,321,155,166
6400,9905,2997,4843,2378,6906,322,156,166
6405,9909,2998,4845,2379,6911,322,156,166
6410,9919,3000,4851,2380,6918,322,156,166
6415,9925,3002,4853,2382,6923,322,156,166
6420,9936,3002,4859,2382,6932,323,156,167
6425,9940,3002,4861,2382,6938,323,156,167
6430,9950,3003,4865,2383,6946,323,156,167
6435,9956,3006,4867,2385,6950,323,156,167
6440,9967,3008,4871,2386,6957,324,157,167
6445,9971,3011,4872,2389,6960,324,157,167
6450,9981,3013,4875,2391,6968,324,157,167
6455,9987,3014,4877,2392,6973,324,157,167
6460,9998,3016,4879,2394,6981,325,157,168
6465,10002,3016,4880,2394,6986,325,157,168
6470,10012,3019,4885,2397,6993,325,157,168
6475,10018,3021,4889,2398,6997,325,157,168
6480,10029,3025,4896,2401,7000,326,157,169
6485,10033,3030,4898,2406,7003,326,157,169
6490,10043,3033,4901,2408,7010,326,157,169
6495,10049,3034,4903,2408,7014,326,157,169
6500,10060,3038,4909,2412,7019,327,158,169
6505,10064,3040,4912,2414,7023,327,158,169
6510,10074,3044,4916,2417,7030,327,158,169
6515,10080,3045,4919,2417,7034,327,158,169
6520,10091,3050,4926,2422,7039,328,159,169
6525,10095,3052,4926,2424,7043,328,159,169
6530,10105,3054,4929,2425,7051,328,159,169
6535,10111,3056,4931,2426,7054,328,159,169
6540,10122,3061,4940,2431,7057,329,160,169
6545,10126,3066,4943,2436,7058,329,160,169
6550,10136,3074,4950,2443,7061,329,160,169
6555,10142,3075,4952,2444,7066,329,160,169
6560,10153,3079,4957,2447,7071,330,161,169
6565,10157,3082,4960,2450,7073,330,161,169
6570,10167,3086,4964,2453,7081,330,161,169
6575,10173,3086,4968,2453,7085,330,161,169
6580,10184,3088,4971,2455,7095,331,161,170
6585,10188,3089,4973,2456,7099,331,161,170
6590,10198,3090,4978,2456,7107,331,161,170
6595,10204,3091,4980,2457,7113,331,161,170
6600,10215,3092,4985,2458,7121,332,162,170
6605,10219,3094,4987,2460,7124,332,162,170
6610,10229,3096,4991,2462,7133,332,162,170
6615,10235,3096,4993,2462,7138,332,162,170
6620,10246,3098,5001,2464,7146,333,163,170
6625,10250,3100,5004,2466,7149,333,163,170
6630,10260,3102,5007,2467,7158,333,163,170
6635,10266,3102,5007,2467,7164,333,163,170
6640,10277,3103,5013,2468,7172,334,164,170
6645,10281,3104,5014,2469,7176,334,164,170
6650,10291,3106,5019,2471,7184,334,164,170
6655,10297,3108,5021,2472,7188,334,164,170
6660,10308,3111,5026,2474,7194,335,164,171
6665,10312,3112,5028,2475,7200,335,164,171
6670,10322,3113,5037,2476,7208,335,164,171
6675,10328,3115,5040,2478,7213,335,164,171
6680,10339,3116,5045,2479,7221,336,165,171
6685,10343,3116,5048,2479,7227,336,165,171
6690,10353,3118,5053,2480,7235,336,165,171
6695,10359,3119,5055,2481,7240,336,165,171
6700,10370,3120,5060,2482,7247,337,165,172
6705,10374,3122,5063,2484,7252,337,165,172
6710,10384,3125,5072,2487,7258,337,165,172
6715,10390,3128,5077,2490,7261,337,165,172
6720,10401,3131,5085,2493,7267,338,166,172
6725,10405,3133,5086,2495,7272,338,166,172
6730,10415,3136,5091,2496,7279,338,166,172
6735,10421,3138,5095,2498,7283,338,166,172
6740,10432,3141,5102,2501,7289,339,166,173
6745,10436,3142,5104,2502,7294,339,166,173
6750,10446,3144,5106,2503,7301,339,166,173
6755,10452,3146,5107,2504,7306,339,166,173
6760,10463,3147,5113,2505,7313,340,166,174
6765,10467,3150,5114,2508,7317,340,166,174
6770,10477,3155,5119,2513,7322,340,166,174
6775,10483,3157,5121,2515,7326,340,166,174
6780,10494,3160,5126,2517,7332,341,167,174
6785,10498,3163,5127,2520,7335,341,167,174
6790,10508,3168,5133,2525,7339,341,167,174
6795,10514,3171,5136,2528,7342,341,167,174
6800,10525,3174,5140,2531,7349,342,168,174
6805,10529,3177,5143,2534,7351,342,168,174
6810,10539,3184,5149,2540,7354,342,168,174
6815,10545,3188,5154,2544,7355,342,168,174
6820,10556,3193,5161,2549,7360,343,169,174
6825,10560,3196,5164,2552,7364,343,169,174
6830,10570,3197,5168,2552,7372,343,169,174
6835,10576,3199,5171,2553,7375,343,169,174
6840,10587,3201,5176,2555,7383,344,169,175
6845,10591,3202,5176,2556,7389,344,169,175
6850,10601,3204,5178,2557,7396,344,169,175
6855,10607,3207,5182,2560,7399,344,169,175
6860,10618,3210,5188,2562,7407,345,170,175
6865,10622,3212,5191,2564,7410,345,170,175
6870,10632,3216,5199,2568,7415,345,170,175
6875,10638,3218,5202,2570,7419,345,170,175
6880,10649,3219,5204,2570,7428,346,170,176
6885,10653,3220,5205,2571,7433,346,170,176
6890,10663,3224,5209,2574,7438,346,170,176
6895,10669,3227,5213,2577,7442,346,170,176
6900,10680,3228,5218,2577,7451,347,171,176
6905,10684,3228,5219,2577,7456,347,171,176
6910,10694,3229,5224,2577,7465,347,171,176
6915,10700,3229,5227,2577,7470,347,171,176
6920,10711,3229,5234,2577,7481,348,171,177
6925,10715,3229,5235,2577,7486,348,171,177
6930,10725,3231,5240,2578,7494,348,171,177
6935,10731,3231,5245,2578,7500,348,171,177
6940,10742,3232,5250,2579,7507,349,171,178
6945,10746,3233,5252,2580,7513,349,171,178
6950,10756,3235,5255,2581,7521,349,171,178
6955,10762,3235,5259,2581,7527,349,171,178
6960,10773,3237,5264,2583,7534,350,171,179
6965,10777,3238,5265,2584,7539,350,171,179
6970,10787,3240,5272,2586,7547,350,171,179
6975,10793,3240,5275,2586,7553,350,171,179
6980,10804,3241,5282,2587,7561,351,171,180
6985,10808,3242,5285,2588,7565,351,171,180
6990,10818,3245,5291,2590,7573,351,171,180
6995,10824,3245,5294,2590,7578,351,171,180
7000,10835,3247,5300,2592,7585,352,172,180
7005,10839,3249,5302,2594,7590,352,172,180
7010,10849,3251,5303,2595,7598,352,172,180
7015,10855,3253,5304,2596,7602,352,172,180
7020,10866,3256,5311,2598,7606,353,173,180
7025,10870,3261,5313,2603,7608,353,173,180
7030,10880,3267,5317,2607,7613,353,173,180
7035,10886,3269,5321,2609,7616,353,173,180
7040,10897,3273,5328,2613,7621,354,174,180
7045,10901,3277,5332,2617,7623,354,174,180
7050,10911,3279,5336,2618,7631,354,174,180
7055,10917,3281,5339,2619,7634,354,174,180
7060,10928,3283,5346,2621,7644,355,175,180
7065,10932,3283,5348,2621,7648,355,175,180
7070,10942,3286,5354,2624,7656,355,175,180
7075,10948,3287,5358,2624,7659,355,175,180
7080,10959,3290,5367,2627,7667,356,176,180
7085,10963,3292,5368,2629,7671,356,176,180
7090,10973,3295,5373,2632,7678,356,176,180
7095,10979,3296,5376,2632,7683,356,176,180
7100,10990,3298,5381,2634,7691,357,177,180
7105,10994,3299,5385,2635,7695,357,177,180
7110,11004,3301,5392,2637,7702,357,177,180
7115,11010,3303,5395,2639,7707,357,177,180
7120,11021,3305,5401,2641,7713,358,177,181
7125,11025,3307,5402,2643,7718,358,177,181
7130,11035,3310,5409,2645,7724,358,177,181
7135,11041,3312,5410,2646,7729,358,177,181
7140,11052,3314,5415,2647,7736,359,178,181
7145,11056,3315,5417,2648,7741,359,178,181
7150,11066,3318,5422,2649,7747,359,178,181
7155,11072,3320,5425,2650,7751,359,178,181
7160,11083,3322,5429,2652,7760,360,179,181
7165,11087,3322,5432,2652,7765,360,179,181
7170,11097,3325,5436,2654,7771,360,179,181
7175,11103,3328,5439,2657,7775,360,179,181
7180,11114,3328,5444,2657,7783,361,180,181
7185,11118,3330,5446,2659,7788,361,180,181
7190,11128,3332,5452,2661,7795,361,180,181
7195,11134,3334,5455,2663,7799,361,180,181
7200,11145,3335,5461,2664,7807,362,181,181
7205,11149,3337,5463,2666,7811,362,181,181
7210,11159,3342,5467,2671,7817,362,181,181
7215,11165,3345,5471,2674,7819,362,181,181
7220,11176,3348,5474,2677,7827,363,181,182
7225,11180,3349,5475,2678,7831,363,181,182
7230,11190,3353,5480,2682,7837,363,181,182
7235,11196,3355,5484,2683,7838,363,181,182
7240,11207,3359,5489,2687,7846,364,182,182
7245,11211,3361,5492,2689,7849,364,182,182
7250,11221,3368,5499,2695,7851,364,182,182
7255,11227,3372,5502,2698,7853,364,182,182
7260,11238,3374,5509,2700,7861,365,183,182
7265,11242,3377,5511,2703,7865,365,183,182
7270,11252,3379,5517,2705,7872,365,183,182
7275,11258,3381,5522,2707,7876,365,183,182
7280,11269,3383,5529,2709,7882,366,183,183
7285,11273,3386,5530,2712,7887,366,183,183
7290,11283,3388,5535,2714,7894,366,183,183
7295,11289,3390,5538,2716,7899,366,183,183
7300,11300,3392,5542,2717,7906,367,183,184
7305,11304,3393,5544,2718,7910,367,183,184
7310,11314,3396,5549,2721,7917,367,183,184
7315,11320,3398,5553,2723,7922,367,183,184
7320,11331,3400,5557,2724,7929,368,183,185
7325,11335,3401,5560,2725,7934,368,183,185
7330,11345,3404,5563,2727,7941,368,183,185
7335,11351,3405,5564,2727,7946,368,183,185
7340,11362,3406,5567,2728,7956,369,183,186
7345,11366,3407,5569,2729,7959,369,183,186
7350,11376,3410,5573,2731,7966,369,183,186
7355,11382,3412,5576,2733,7970,369,183,186
7360,11393,3415,5581,2735,7976,370,184,186
7365,11397,3416,5583,2736,7981,370,184,186
7370,11407,3419,5586,2737,7987,370,184,186
7375,11413,3421,5589,2739,7992,370,184,186
7380,11424,3425,5593,2743,7999,371,184,187
7385,11428,3425,5595,2743,8002,371,184,187
7390,11438,3429,5599,2747,8008,371,184,187
7395,11444,3432,5604,2749,8011,371,184,187
7400,11455,3436,5607,2752,8018,372,184,188
7405,11459,3437,5609,2753,8021,372,184,188
7410,11469,3443,5616,2758,8025,372,184,188
7415,11475,3446,5618,2760,8028,372,184,188
7420,11486,3450,5623,2764,8035,373,184,189
7425,11490,3453,5626,2767,8036,373,184,189
7430,11500,3458,5630,2772,8042,373,184,189
7435,11506,3458,5633,2772,8047,373,184,189
7440,11517,3462,5636,2775,8055,374,184,190
7445,11521,3463,5637,2776,8058,374,184,190
7450,11531,3467,5641,2779,8064,374,184,190
7455,11537,3467,5643,2779,8068,374,184,190
7460,11548,3469,5644,2781,8079,375,184,191
7465,11552,3469,5646,2781,8082,375,184,191
7470,11562,3474,5651,2784,8088,375,184,191
7475,11568,3474,5653,2784,8093,375,184,191
7480,11579,3475,5656,2785,8103,376,185,191
7485,11583,3475,5656,2785,8108,376,185,191
7490,11593,3476,5660,2785,8117,376,185,191
7495,11599,3476,5663,2785,8123,376,185,191
7500,11610,3476,5668,2785,8133,377,185,192
7505,11614,3476,5671,2785,8137,377,185,192
7510,11624,3477,5675,2785,8147,377,185,192
7515,11630,3477,5677,2785,8152,377,185,192
7520,11641,3477,5683,2785,8163,378,185,193
7525,11645,3478,5685,2786,8166,378,185,193
7530,11655,3479,5690,2787,8176,378,185,193
7535,11661,3480,5691,2788,8181,378,185,193
7540,11672,3480,5697,2788,8190,379,186,193
7545,11676,3480,5699,2788,8195,379,186,193
7550,11686,3484,5704,2792,8202,379,186,193
7555,11692,3485,5705,2792,8206,379,186,193
7560,11703,3486,5707,2792,8215,380,186,194
7565,11707,3488,5710,2794,8218,380,186,194
7570,11717,3491,5718,2796,8224,380,186,194
7575,11723,3494,5720,2798,8229,380,186,194
7580,11734,3496,5725,2799,8235,381,186,195
7585,11738,3499,5728,2802,8239,381,186,195
7590,11748,3502,5734,2805,8245,381,186,195
7595,11754,3505,5738,2808,8249,381,186,195
7600,11765,3508,5744,2811,8256,382,187,195
7605,11769,3508,5745,2811,8261,382,187,195
7610,11779,3512,5749,2813,8267,382,187,195
7615,11785,3513,5752,2814,8271,382,187,195
7620,11796,3517,5756,2818,8278,383,187,196
7625,11800,3519,5758,2820,8281,383,187,196
7630,11810,3521,5759,2821,8289,383,187,196
7635,11816,3523,5762,2823,8293,383,187,196
7640,11827,3527,5768,2826,8297,384,187,197
7645,11831,3531,5772,2830,8299,384,187,197
7650,11841,3535,5776,2833,8305,384,187,197
7655,11847,3537,5778,2835,8309,384,187,197
7660,11858,3540,5783,2838,8316,385,188,197
7665,11862,3544,5787,2842,8317,385,188,197
7670,11872,3550,5793,2846,8322,385,188,197
7675,11878,3551,5796,2846,8325,385,188,197
7680,11889,3556,5803,2851,8330,386,188,198
7685,11893,3559,5806,2854,8333,386,188,198
7690,11903,3563,5813,2858,8339,386,188,198
7695,11909,3565,5814,2859,8343,386,188,198
7700,11920,3568,5823,2862,8349,387,189,198
7705,11924,3571,5825,2865,8352,387,189,198
7710,11934,3573,5830,2866,8360,387,189,198
7715,11940,3576,5832,2868,8364,387,189,198
7720,11951,3576,5837,2868,8375,388,190,198
7725,11955,3576,5839,2868,8379,388,190,198
7730,11965,3578,5845,2870,8386,388,190,198
7735,11971,3580,5846,2871,8391,388,190,198
7740,11982,3580,5851,2871,8400,389,190,199
7745,11986,3581,5853,2872,8405,389,190,199
7750,11996,3582,5857,2872,8414,389,190,199
7755,12002,3584,5860,2873,8417,389,190,199
7760,12013,3585,5866,2874,8427,390,191,199
7765,12017,3586,5868,2875,8431,390,191,199
7770,12027,3588,5874,2876,8438,390,191,199
7775,12033,3590,5877,2878,8442,390,191,199
7780,12044,3591,5883,2879,8450,391,191,200
7785,12048,3592,5885,2880,8456,391,191,200
7790,12058,3593,5889,2881,8463,391,191,200
7795,12064,3597,5894,2885,8467,391,191,200
7800,12075,3599,5899,2886,8473,392,191,201
7805,12079,3601,5901,2888,8478,392,191,201
7810,12089,3603,5907,2890,8484,392,191,201
7815,12095,3607,5913,2894,8486,392,191,201
7820,12106,3609,5917,2896,8494,393,191,202
7825,12110,3612,5918,2899,8498,393,191,202
7830,12120,3615,5923,2902,8504,393,191,202
7835,12126,3616,5928,2903,8509,393,191,202
7840,12137,3618,5936,2905,8515,394,192,202
7845,12141,3621,5937,2908,8520,394,192,202
7850,12151,3624,5940,2910,8527,394,192,202
7855,12157,3624,5944,2910,8531,394,192,202
7860,12168,3627,5949,2912,8538,395,193,202
7865,12172,3630,5952,2915,8542,395,193,202
7870,12182,3633,5955,2916,8548,395,193,202
7875,12188,3634,5958,2917,8553,395,193,202
7880,12199,3637,5960,2920,8562,396,193,203
7885,12203,3637,5962,2920,8566,396,193,203
7890,12213,3640,5966,2922,8573,396,193,203
7895,12219,3640,5971,2922,8578,396,193,203
7900,12230,3645,5978,2927,8583,397,194,203
7905,12234,3646,5978,2928,8588,397,194,203
7910,12244,3650,5986,2932,8594,397,194,203
7915,12250,3650,5987,2932,8600,397,194,203
7920,12261,3652,5992,2933,8607,398,195,203
7925,12265,3654,5992,2935,8611,398,195,203
7930,12275,3656,5994,2936,8619,398,195,203
7935,12281,3657,5996,2937,8624,398,195,203
7940,12292,3658,6001,2938,8633,399,196,203
7945,12296,3659,6003,2939,8637,399,196,203
7950,12306,3661,6005,2940,8645,399,196,203
7955,12312,3662,6005,2940,8650,399,196,203
7960,12323,3663,6010,2941,8660,400,197,203
7965,12327,3664,6013,2942,8662,400,197,203
7970,12337,3669,6017,2947,8668,400,197,203
7975,12343,3670,6020,2948,8671,400,197,203
7980,12354,3674,6024,2952,8679,401,197,204
7985,12358,3675,6024,2953,8683,401,197,204
7990,12368,3677,6028,2954,8690,401,197,204
7995,12374,3680,6031,2956,8692,401,197,204
8000,12385,3682,6032,2958,8702,402,197,205
8005,12389,3683,6032,2959,8706,402,197,205
8010,12399,3687,6036,2961,8712,402,197,205
8015,12405,3688,6037,2961,8716,402,197,205
8020,12416,3691,6042,2964,8724,403,198,205
8025,12420,3693,6044,2966,8727,403,198,205
8030,12430,3697,6048,2969,8732,403,198,205
8035,12436,3700,6049,2971,8736,403,198,205
8040,12447,3703,6054,2974,8742,404,199,205
8045,12451,3704,6056,2975,8746,404,199,205
8050,12461,3707,6064,2977,8752,404,199,205
8055,12467,3710,6065,2980,8757,404,199,205
8060,12478,3711,6066,2980,8766,405,200,205
8065,12482,3712,6068,2981,8770,405,200,205
8070,12492,3714,6075,2983,8777,405,200,205
8075,12498,3716,6078,2985,8780,405,200,205
8080,12509,3719,6083,2987,8789,406,201,205
8085,12513,3720,6084,2988,8793,406,201,205
8090,12523,3722,6087,2990,8800,406,201,205
8095,12529,3724,6090,2992,8804,406,201,205
8100,12540,3727,6096,2995,8810,407,201,206
8105,12544,3728,6098,2996,8815,407,201,206
8110,12554,3731,6102,2998,8823,407,201,206
8115,12560,3732,6103,2998,8827,407,201,206
8120,12571,3735,6109,3001,8833,408,201,207
8125,12575,3736,6111,3002,8838,408,201,207
8130,12585,3740,6117,3005,8843,408,201,207
8135,12591,3743,6119,3007,8848,408,201,207
8140,12602,3744,6125,3007,8855,409,201,208
8145,12606,3747,6127,3010,8859,409,201,208
8150,12616,3752,6133,3014,8864,409,201,208
8155,12622,3753,6136,3015,8869,409,201,208
8160,12633,3757,6143,3018,8873,410,201,209
8165,12637,3758,6145,3019,8879,410,201,209
8170,12647,3761,6149,3021,8886,410,201,209
8175,12653,3763,6152,3022,8890,410,201,209
8180,12664,3763,6155,3022,8898,411,201,210
8185,12668,3764,6158,3023,8904,411,201,210
8190,12678,3766,6163,3023,8911,411,201,210
8195,12684,3769,6166,3025,8915,411,201,210
8200,12695,3770,6171,3026,8922,412,201,211
8205,12699,3771,6175,3027,8928,412,201,211
8210,12709,3773,6176,3028,8936,412,201,211
8215,12715,3775,6179,3030,8940,412,201,211
8220,12726,3775,6181,3030,8949,413,201,212
8225,12730,3775,6184,3030,8955,413,201,212
8230,12740,3778,6188,3031,8962,413,201,212
8235,12746,3779,6189,3031,8967,413,201,212
8240,12757,3779,6190,3031,8977,414,201,213
8245,12761,3780,6192,3032,8980,414,201,213
8250,12771,3784,6198,3036,8987,414,201,213
8255,12777,3785,6200,3036,8992,414,201,213
8260,12788,3787,6206,3038,8998,415,202,213
8265,12792,3790,6208,3041,9001,415,202,213
8270,12802,3796,6213,3046,9005,415,202,213
8275,12808,3799,6216,3049,9008,415,202,213
8280,12819,3803,6220,3052,9013,416,202,214
8285,12823,3806,6223,3055,9015,416,202,214
8290,12833,3815,6230,3063,9017,416,202,214
8295,12839,3818,6231,3065,9021,416,202,214
8300,12850,3822,6239,3069,9024,417,203,214
8305,12854,3826,6241,3073,9027,417,203,214
8310,12864,3831,6246,3077,9031,417,203,214
8315,12870,3834,6250,3080,9033,417,203,214
8320,12881,3838,6256,3084,9042,418,204,214
8325,12885,3840,6259,3086,9044,418,204,214
8330,12895,3843,6262,3088,9052,418,204,214
8335,12901,3845,6266,3090,9055,418,204,214
8340,12912,3847,6271,3091,9063,419,205,214
8345,12916,3849,6272,3093,9067,419,205,214
8350,12926,3851,6275,3094,9075,419,205,214
8355,12932,3853,6277,3095,9079,419,205,214
8360,12943,3855,6283,3097,9084,420,205,215
8365,12947,3858,6286,3100,9088,420,205,215
8370,12957,3861,6291,3103,9095,420,205,215
8375,12963,3863,6293,3105,9100,420,205,215
8380,12974,3865,6301,3107,9106,421,206,215
8385,12978,3866,6303,3108,9112,421,206,215
8390,12988,3867,6310,3108,9121,421,206,215
8395,12994,3867,6314,3108,9127,421,206,215
8400,13005,3867,6321,3108,9137,422,207,215
8405,13009,3867,6324,3108,9142,422,207,215
8410,13019,3868,6328,3108,9151,422,207,215
8415,13025,3868,6331,3108,9157,422,207,215
8420,13036,3868,6339,3108,9166,423,208,215
8425,13040,3868,6342,3108,9172,423,208,215
8430,13050,3870,6347,3108,9180,423,208,215
8435,13056,3870,6351,3108,9185,423,208,215
8440,13067,3871,6358,3109,9194,424,209,215
8445,13071,3872,6359,3110,9199,424,209,215
8450,13081,3874,6363,3110,9207,424,209,215
8455,13087,3874,6366,3110,9212,424,209,215
8460,13098,3876,6368,3112,9220,425,209,216
8465,13102,3877,6368,3113,9225,425,209,216
8470,13112,3879,6373,3114,9233,425,209,216
8475,13118,3879,6376,3114,9238,425,209,216
8480,13129,3881,6382,3116,9246,426,210,216
8485,13133,3883,6385,3118,9250,426,210,216
8490,13143,3885,6387,3118,9258,426,210,216
8495,13149,3887,6389,3119,9262,426,210,216
8500,13160,3890,6394,3121,9267,427,210,217
8505,13164,3893,6396,3124,9270,427,210,217
8510,13174,3899,6401,3129,9274,427,210,217
8515,13180,3901,6404,3131,9277,427,210,217
8520,13191,3907,6410,3137,9282,428,211,217
8525,13195,3910,6413,3140,9284,428,211,217
8530,13205,3915,6416,3143,9289,428,211,217
8535,13211,3918,6419,3146,9292,428,211,217
8540,13222,3920,6423,3148,9299,429,211,218
8545,13226,3922,6425,3150,9303,429,211,218
8550,13236,3926,6432,3154,9309,429,211,218
8555,13242,3928,6433,3155,9313,429,211,218
8560,13253,3930,6440,3156,9319,430,212,218
8565,13257,3932,6442,3158,9325,430,212,218
8570,13267,3935,6445,3160,9332,430,212,218
8575,13273,3936,6445,3160,9337,430,212,218
8580,13284,3937,6449,3161,9344,431,212,219
8585,13288,3940,6452,3164,9347,431,212,219
8590,13298,3941,6456,3165,9356,431,212,219
8595,13304,3943,6461,3167,9360,431,212,219
8600,13315,3944,6465,3168,9369,432,212,220
8605,13319,3945,6466,3169,9374,432,212,220
8610,13329,3947,6474,3171,9381,432,212,220
8615,13335,3949,6478,3172,9385,432,212,220
8620,13346,3951,6486,3174,9393,433,213,220
8625,13350,3954,6488,3177,9396,433,213,220
8630,13360,3956,6491,3179,9404,433,213,220
8635,13366,3957,6495,3179,9407,433,213,220
8640,13377,3961,6501,3182,9414,434,214,220
8645,13381,3962,6503,3183,9419,434,214,220
8650,13391,3964,6506,3184,9427,434,214,220
8655,13397,3965,6511,3185,9431,434,214,220
8660,13408,3969,6517,3188,9436,435,214,221
8665,13412,3971,6520,3190,9441,435,214,221
8670,13422,3975,6528,3194,9446,435,214,221
8675,13428,3977,6530,3195,9450,435,214,221
8680,13439,3980,6536,3197,9456,436,215,221
8685,13443,3983,6538,3200,9460,436,215,221
8690,13453,3986,6541,3201,9467,436,215,221
8695,13459,3987,6543,3201,9472,436,215,221
8700,13470,3989,6550,3203,9478,437,216,221
8705,13474,3991,6554,3205,9482,437,216,221
8710,13484,3994,6556,3206,9490,437,216,221
8715,13490,3995,6558,3206,9495,437,216,221
8720,13501,3997,6563,3208,9503,438,217,221
8725,13505,3998,6566,3209,9506,438,217,221
8730,13515,4001,6571,3212,9514,438,217,221
8735,13521,4002,6575,3213,9519,438,217,221
8740,13532,4004,6582,3215,9525,439,218,221
8745,13536,4007,6586,3218,9527,439,218,221
8750,13546,4014,6590,3224,9532,439,218,221
8755,13552,4017,6592,3226,9535,439,218,221
8760,13563,4019,6598,3228,9543,440,219,221
8765,13567,4019,6600,3228,9548,440,219,221
8770,13577,4021,6606,3229,9555,440,219,221
8775,13583,4024,6611,3232,9558,440,219,221
8780,13594,4025,6616,3233,9568,441,219,222
8785,13598,4025,6619,3233,9572,441,219,222
8790,13608,4026,6623,3234,9582,441,219,222
8795,13614,4028,6624,3235,9586,441,219,222
8800,13625,4030,6628,3236,9594,442,220,222
8805,13629,4032,6632,3238,9596,442,220,222
8810,13639,4033,6634,3238,9606,442,220,222
8815,13645,4034,6637,3239,9611,442,220,222
8820,13656,4037,6642,3242,9617,443,220,223
8825,13660,4039,6644,3244,9620,443,220,223
8830,13670,4040,6649,3245,9629,443,220,223
8835,13676,4042,6652,3246,9634,443,220,223
8840,13687,4044,6658,3247,9640,444,220,224
8845,13691,4046,6660,3249,9645,444,220,224
8850,13701,4048,6664,3250,9652,444,220,224
8855,13707,4051,6667,3252,9656,444,220,224
8860,13718,4052,6669,3252,9664,445,220,225
8865,13722,4053,6671,3253,9669,445,220,225
8870,13732,4055,6673,3254,9677,445,220,225
8875,13738,4057,6677,3256,9680,445,220,225
8880,13749,4060,6683,3258,9685,446,221,225
8885,13753,4063,6684,3261,9690,446,221,225
8890,13763,4066,6686,3262,9696,446,221,225
8895,13769,4068,6688,3264,9701,446,221,225
8900,13780,4070,6693,3265,9706,447,221,226
8905,13784,4074,6695,3269,9709,447,221,226
8910,13794,4078,6701,3272,9715,447,221,226
8915,13800,4081,6704,3274,9718,447,221,226
8920,13811,4086,6710,3279,9723,448,222,226
8925,13815,4088,6713,3281,9726,448,222,226
8930,13825,4093,6719,3285,9730,448,222,226
8935,13831,4097,6721,3288,9734,448,222,226
8940,13842,4100,6727,3290,9738,449,222,227
8945,13846,4105,6728,3295,9741,449,222,227
8950,13856,4108,6731,3296,9746,449,222,227
8955,13862,4111,6732,3299,9751,449,222,227
8960,13873,4114,6736,3302,9758,450,223,227
8965,13877,4115,6737,3303,9762,450,223,227
8970,13887,4120,6741,3306,9766,450,223,227
8975,13893,4122,6743,3307,9769,450,223,227
8980,13904,4127,6746,3311,9776,451,223,228
8985,13908,4128,6747,3312,9780,451,223,228
8990,13918,4133,6753,3316,9785,451,223,228
8995,13924,4135,6754,3317,9789,451,223,228
9000,13935,4137,6758,3319,9796,452,223,229
9005,13939,4137,6760,3319,9801,452,223,229
9010,13949,4139,6766,3321,9810,452,223,229
9015,13955,4140,6769,3321,9813,452,223,229
9020,13966,4140,6772,3321,9824,453,223,230
9025,13970,4140,6773,3321,9830,453,223,230
9030,13980,4142,6777,3322,9838,453,223,230
9035,13986,4143,6781,3323,9841,453,223,230
9040,13997,4144,6787,3324,9850,454,224,230
9045,14001,4145,6788,3325,9855,454,224,230
9050,14011,4146,6791,3325,9864,454,224,230
9055,14017,4149,6794,3327,9868,454,224,230
9060,14028,4150,6799,3328,9877,455,224,231
9065,14032,4150,6800,3328,9882,455,224,231
9070,14042,4151,6802,3328,9891,455,224,231
9075,14048,4153,6804,3329,9895,455,224,231
9080,14059,4154,6810,3330,9903,456,224,232
9085,14063,4154,6812,3330,9909,456,224,232
9090,14073,4157,6820,3333,9915,456,224,232
9095,14079,4158,6821,3334,9921,456,224,232
9100,14090,4160,6829,3336,9928,457,225,232
9105,14094,4162,6832,3338,9932,457,225,232
9110,14104,4164,6836,3340,9940,457,225,232
9115,14110,4164,6838,3340,9946,457,225,232
9120,14121,4165,6843,3340,9953,458,226,232
9125,14125,4167,6843,3342,9958,458,226,232
9130,14135,4170,6848,3344,9965,458,226,232
9135,14141,4170,6853,3344,9970,458,226,232
9140,14152,4172,6856,3345,9979,459,227,232
9145,14156,4173,6856,3346,9983,459,227,232
9150,14166,4177,6862,3349,9989,459,227,232
9155,14172,4177,6864,3349,9995,459,227,232
9160,14183,4179,6868,3350,10002,460,228,232
9165,14187,4180,6868,3351,10007,460,228,232
9170,14197,4184,6873,3355,10012,460,228,232
9175,14203,4185,6874,3356,10017,460,228,232
9180,14214,4189,6878,3359,10023,461,228,233
9185,14218,4192,6880,3362,10026,461,228,233
9190,14228,4199,6886,3367,10028,461,228,233
9195,14234,4202,6887,3369,10032,461,228,233
9200,14245,4207,6895,3373,10034,462,228,234
9205,14249,4213,6898,3379,10035,462,228,234
9210,14259,4218,6902,3383,10040,462,228,234
9215,14265,4222,6908,3387,10040,462,228,234
9220,14276,4227,6914,3392,10047,463,228,235
9225,14280,4229,6917,3394,10050,463,228,235
9230,14290,4230,6924,3395,10059,463,228,235
9235,14296,4232,6926,3396,10063,463,228,235
9240,14307,4232,6930,3396,10073,464,228,236
9245,14311,4232,6931,3396,10079,464,228,236
9250,14321,4234,6937,3398,10086,464,228,236
9255,14327,4237,6941,3400,10089,464,228,236
9260,14338,4238,6947,3401,10099,465,228,237
9265,14342,4238,6948,3401,10104,465,228,237
9270,14352,4240,6953,3402,10112,465,228,237
9275,14358,4241,6955,3402,10116,465,228,237
9280,14369,4241,6956,3402,10128,466,228,238
9285,14373,4241,6958,3402,10132,466,228,238
9290,14383,4243,6964,3404,10139,466,228,238
9295,14389,4245,6967,3406,10144,466,228,238
9300,14400,4245,6972,3406,10153,467,229,238
9305,14404,4245,6975,3406,10158,467,229,238
9310,14414,4246,6977,3406,10167,467,229,238
9315,14420,4248,6978,3407,10172,467,229,238
9320,14431,4250,6985,3409,10177,468,229,239
9325,14435,4253,6986,3412,10182,468,229,239
9330,14445,4255,6992,3414,10189,468,229,239
9335,14451,4258,6995,3417,10193,468,229,239
9340,14462,4261,7001,3420,10199,469,229,240
9345,14466,4264,7004,3423,10202,469,229,240
9350,14476,4269,7010,3426,10206,469,229,240
9355,14482,4271,7012,3427,10210,469,229,240
9360,14493,4275,7015,3430,10217,470,229,241
9365,14497,4277,7016,3432,10220,470,229,241
9370,14507,4280,7021,3435,10226,470,229,241
9375,14513,4282,7023,3436,10231,470,229,241
9380,14524,4284,7028,3438,10238,471,230,241
9385,14528,4287,7030,3441,10241,471,230,241
9390,14538,4289,7034,3442,10248,471,230,241
9395,14544,4291,7037,3444,10252,471,230,241
9400,14555,4296,7044,3449,10256,472,230,242
9405,14559,4301,7047,3454,10258,472,230,242
9410,14569,4305,7051,3456,10263,472,230,242
9415,14575,4307,7055,3458,10267,472,230,242
9420,14586,4312,7062,3463,10273,473,231,242
9425,14590,4314,7066,3465,10274,473,231,242
9430,14600,4320,7071,3471,10280,473,231,242
9435,14606,4322,7076,3473,10281,473,231,242
9440,14617,4325,7079,3476,10291,474,232,242
9445,14621,4326,7080,3477,10294,474,232,242
9450,14631,4329,7083,3478,10301,474,232,242
9455,14637,4331,7085,3479,10306,474,232,242
9460,14648,4331,7090,3479,10316,475,233,242
9465,14652,4331,7091,3479,10321,475,233,242
9470,14662,4333,7097,3481,10329,475,233,242
9475,14668,4335,7099,3482,10332,475,233,242
9480,14679,4336,7103,3483,10342,476,234,242
9485,14683,4336,7105,3483,10347,476,234,242
9490,14693,4337,7109,3483,10356,476,234,242
9495,14699,4338,7111,3483,10361,476,234,242
9500,14710,4339,7119,3484,10368,477,235,242
9505,14714,4340,7120,3485,10374,477,235,242
9510,14724,4341,7124,3486,10382,477,235,242
9515,14730,4344,7127,3488,10385,477,235,242
9520,14741,4345,7134,3489,10393,478,236,242
9525,14745,4346,7135,3490,10398,478,236,242
9530,14755,4347,7140,3491,10406,478,236,242
9535,14761,4351,7144,3495,10410,478,236,242
9540,14772,4353,7150,3497,10417,479,237,242
9545,14776,4356,7154,3500,10419,479,237,242
9550,14786,4358,7161,3502,10428,479,237,242
9555,14792,4358,7163,3502,10434,479,237,242
9560,14803,4360,7170,3504,10441,480,238,242
9565,14807,4362,7172,3506,10445,480,238,242
9570,14817,4365,7177,3508,10451,480,238,242
9575,14823,4366,7180,3509,10456,480,238,242
9580,14834,4368,7185,3511,10464,481,238,243
9585,14838,4369,7186,3512,10469,481,238,243
9590,14848,4372,7188,3514,10476,481,238,243
9595,14854,4372,7192,3514,10481,481,238,243
9600,14865,4375,7198,3516,10487,482,238,244
9605,14869,4378,7200,3519,10491,482,238,244
9610,14879,4380,7201,3519,10499,482,238,244
9615,14885,4380,7202,3519,10505,482,238,244
9620,14896,4382,7209,3521,10512,483,239,244
9625,14900,4384,7211,3523,10516,483,239,244
9630,14910,4388,7216,3526,10522,483,239,244
9635,14916,4388,7218,3526,10528,483,239,244
9640,14927,4391,7220,3528,10536,484,239,245
9645,14931,4392,7223,3529,10538,484,239,245
9650,14941,4396,7228,3533,10545,484,239,245
9655,14947,4398,7232,3535,10547,484,239,245
9660,14958,4402,7237,3539,10554,485,240,245
9665,14962,4405,7239,3542,10556,485,240,245
9670,14972,4411,7243,3546,10560,485,240,245
9675,14978,4415,7247,3550,10562,485,240,245
9680,14989,4419,7253,3554,10568,486,241,245
9685,14993,4422,7254,3557,10571,486,241,245
9690,15003,4425,7256,3558,10577,486,241,245
9695,15009,4428,7258,3560,10581,486,241,245
9700,15020,4430,7263,3562,10589,487,241,246
9705,15024,4432,7266,3564,10591,487,241,246
9710,15034,4435,7271,3566,10598,487,241,246
9715,15040,4437,7274,3567,10602,487,241,246
9720,15051,4439,7280,3568,10609,488,242,246
9725,15055,4442,7284,3571,10612,488,242,246
9730,15065,4443,7288,3572,10621,488,242,246
9735,15071,4445,7292,3574,10625,488,242,246
9740,15082,4446,7298,3575,10635,489,242,247
9745,15086,4446,7299,3575,10640,489,242,247
9750,15096,4447,7303,3575,10649,489,242,247
9755,15102,4449,7306,3577,10652,489,242,247
9760,15113,4450,7313,3578,10661,490,242,248
9765,15117,4451,7315,3579,10665,490,242,248
9770,15127,4452,7321,3580,10674,490,242,248
9775,15133,4455,7324,3582,10678,490,242,248
9780,15144,4455,7331,3582,10686,491,243,248
9785,15148,4456,7333,3583,10692,491,243,248
9790,15158,4457,7339,3584,10701,491,243,248
9795,15164,4459,7343,3586,10705,491,243,248
9800,15175,4461,7349,3588,10712,492,243,249
9805,15179,4462,7349,3589,10717,492,243,249
9810,15189,4464,7353,3590,10725,492,243,249
9815,15195,4465,7355,3591,10730,492,243,249
9820,15206,4465,7356,3591,10741,493,243,250
9825,15210,4465,7359,3591,10745,493,243,250
9830,15220,4469,7366,3595,10750,493,243,250
9835,15226,4471,7369,3597,10754,493,243,250
9840,15237,4475,7373,3601,10761,494,243,251
9845,15241,4476,7373,3602,10765,494,243,251
9850,15251,4480,7380,3606,10769,494,243,251
9855,15257,4483,7383,3609,10774,494,243,251
9860,15268,4484,7386,3610,10782,495,243,252
9865,15272,4487,7387,3613,10785,495,243,252
9870,15282,4490,7391,3615,10792,495,243,252
9875,15288,4491,7392,3615,10797,495,243,252
9880,15299,4493,7395,3616,10805,496,244,252
9885,15303,4495,7397,3618,10807,496,244,252
9890,15313,4502,7404,3624,10809,496,244,252
9895,15319,4505,7407,3627,10812,496,244,252
9900,15330,4511,7413,3632,10817,497,245,252
9905,15334,4515,7415,3636,10819,497,245,252
9910,15344,4519,7420,3639,10823,497,245,252
9915,15350,4523,7424,3643,10825,497,245,252
9920,15361,4527,7431,3647,10830,498,246,252
9925,15365,4533,7435,3653,10830,498,246,252
9930,15375,4535,7439,3655,10839,498,246,252
9935,15381,4537,7442,3656,10843,498,246,252
9940,15392,4539,7448,3658,10851,499,246,253
9945,15396,4541,7448,3660,10855,499,246,253
9950,15406,4544,7454,3663,10861,499,246,253
9955,15412,4547,7457,3665,10864,499,246,253
9960,15423,4547,7459,3665,10875,500,246,254
9965,15427,4547,7461,3665,10880,500,246,254
9970,15437,4548,7464,3665,10888,500,246,254
9975,15443,4551,7469,3668,10890,500,246,254
9980,15454,4551,7473,3668,10902,501,246,255
9985,15458,4551,7474,3668,10907,501,246,255
9990,15468,4552,7478,3668,10916,501,246,255
9995,15474,4554,7481,3669,10919,501,246,255
10000,15485,4555,7488,3670,10929,502,247,255
10005,15489,4555,7490,3670,10933,502,247,255
10010,15499,4556,7495,3670,10943,502,247,255
10015,15505,4557,7498,3671,10948,502,247,255
10020,15516,4558,7504,3672,10957,503,248,255
10025,15520,4559,7507,3673,10961,503,248,255
10030,15530,4561,7511,3675,10969,503,248,255
10035,15536,4562,7514,3675,10973,503,248,255
10040,15547,4564,7520,3677,10980,504,249,255
10045,15551,4566,7523,3679,10985,504,249,255
10050,15561,4568,7527,3680,10992,504,249,255
10055,15567,4570,7530,3682,10996,504,249,255
10060,15578,4574,7537,3686,11000,505,249,256
10065,15582,4577,7539,3689,11005,505,249,256
10070,15592,4580,7544,3690,11011,505,249,256
10075,15598,4583,7547,3692,11015,505,249,256
10080,15609,4587,7554,3696,11020,506,250,256
10085,15613,4591,7557,3700,11022,506,250,256
10090,15623,4594,7563,3702,11027,506,250,256
10095,15629,4598,7568,3706,11030,506,250,256
10100,15640,4603,7576,3710,11033,507,251,256
10105,15644,4607,7578,3714,11036,507,251,256
10110,15654,4612,7583,3719,11042,507,251,256
10115,15660,4614,7586,3721,11045,507,251,256
10120,15671,4619,7594,3725,11049,508,252,256
10125,15675,4624,7598,3730,11049,508,252,256
10130,15685,4630,7603,3736,11055,508,252,256
10135,15691,4631,7607,3737,11059,508,252,256
10140,15702,4633,7610,3738,11069,509,252,257
10145,15706,4633,7611,3738,11073,509,252,257
10150,15716,4635,7616,3740,11081,509,252,257
10155,15722,4635,7620,3740,11085,509,252,257
10160,15733,4637,7626,3742,11095,510,252,258
10165,15737,4638,7628,3743,11098,510,252,258
10170,15747,4639,7633,3743,11108,510,252,258
10175,15753,4639,7638,3743,11114,510,252,258
10180,15764,4639,7643,3743,11123,511,252,259
10185,15768,4639,7644,3743,11128,511,252,259
10190,15778,4640,7649,3743,11138,511,252,259
10195,15784,4640,7653,3743,11143,511,252,259
10200,15795,4640,7658,3743,11154,512,252,260
10205,15799,4640,7659,3743,11159,512,252,260
10210,15809,4641,7661,3743,11168,512,252,260
10215,15815,4641,7664,3743,11174,512,252,260
10220,15826,4641,7673,3743,11183,513,253,260
10225,15830,4642,7675,3744,11188,513,253,260
10230,15840,4643,7680,3745,11197,513,253,260
10235,15846,4645,7683,3746,11201,513,253,260
10240,15857,4646,7689,3747,11209,514,253,261
10245,15861,4647,7692,3748,11214,514,253,261
10250,15871,4650,7699,3750,11220,514,253,261
10255,15877,4652,7702,3751,11224,514,253,261
10260,15888,4654,7705,3753,11234,515,253,262
10265,15892,4654,7706,3753,11238,515,253,262
10270,15902,4657,7710,3755,11244,515,253,262
10275,15908,4660,7714,3758,11247,515,253,262
10280,15919,4663,7718,3760,11254,516,254,262
10285,15923,4664,7719,3761,11258,516,254,262
10290,15933,4667,7722,3763,11265,516,254,262
10295,15939,4670,7725,3765,11269,516,254,262
10300,15950,4672,7730,3766,11275,517,255,262
10305,15954,4674,7731,3768,11279,517,255,262
10310,15964,4679,7736,3773,11284,517,255,262
10315,15970,4683,7739,3776,11286,517,255,262
10320,15981,4688,7747,3781,11289,518,255,263
10325,15985,4694,7750,3787,11290,518,255,263
10330,15995,4702,7758,3795,11292,518,255,263
10335,16001,4704,7759,3796,11296,518,255,263
10340,16012,4709,7767,3801,11300,519,256,263
10345,16016,4713,7769,3805,11302,519,256,263
10350,16026,4719,7776,3809,11305,519,256,263
10355,16032,4722,7779,3812,11309,519,256,263
10360,16043,4723,7783,3813,11319,520,256,264
10365,16047,4725,7786,3815,11321,520,256,264
10370,16057,4727,7793,3816,11328,520,256,264
10375,16063,4731,7795,3819,11332,520,256,264
10380,16074,4733,7800,3821,11340,521,256,265
10385,16078,4734,7801,3822,11344,521,256,265
10390,16088,4738,7808,3826,11349,521,256,265
10395,16094,4741,7812,3829,11352,521,256,265
10400,16105,4743,7818,3830,11361,522,257,265
10405,16109,4744,7821,3831,11364,522,257,265
10410,16119,4745,7825,3832,11374,522,257,265
10415,16125,4745,7829,3832,11380,522,257,265
10420,16136,4745,7839,3832,11390,523,258,265
10425,16140,4745,7841,3832,11395,523,258,265
10430,16150,4746,7847,3832,11404,523,258,265
10435,16156,4746,7852,3832,11410,523,258,265
10440,16167,4746,7857,3832,11420,524,259,265
10445,16171,4746,7857,3832,11425,524,259,265
10450,16181,4747,7861,3833,11434,524,259,265
10455,16187,4747,7863,3833,11440,524,259,265
10460,16198,4747,7866,3833,11450,525,259,266
10465,16202,4748,7868,3834,11454,525,259,266
10470,16212,4750,7873,3835,11462,525,259,266
10475,16218,4750,7879,3835,11467,525,259,266
10480,16229,4752,7884,3837,11476,526,260,266
10485,16233,4752,7886,3837,11481,526,260,266
10490,16243,4754,7890,3839,11489,526,260,266
10495,16249,4754,7893,3839,11494,526,260,266
10500,16260,4755,7899,3840,11501,527,261,266
10505,16264,4758,7901,3843,11505,527,261,266
10510,16274,4761,7904,3845,11512,527,261,266
10515,16280,4763,7907,3846,11517,527,261,266
10520,16291,4767,7912,3849,11523,528,261,267
10525,16295,4770,7915,3852,11524,528,261,267
10530,16305,4776,7920,3857,11529,528,261,267
10535,16311,4778,7923,3859,11532,528,261,267
10540,16322,4783,7930,3864,11537,529,262,267
10545,16326,4786,7931,3867,11540,529,262,267
10550,16336,4792,7937,3871,11543,529,262,267
10555,16342,4795,7941,3874,11545,529,262,267
10560,16353,4799,7944,3877,11553,530,263,267
10565,16357,4800,7946,3878,11555,530,263,267
10570,16367,4804,7951,3881,11562,530,263,267
10575,16373,4806,7954,3883,11566,530,263,267
10580,16384,4809,7959,3885,11574,531,263,268
10585,16388,4810,7962,3886,11577,531,263,268
10590,16398,4811,7967,3887,11586,531,263,268
10595,16404,4813,7971,3889,11591,531,263,268
10600,16415,4815,7977,3890,11598,532,264,268
10605,16419,4817,7978,3892,11602,532,264,268
10610,16429,4821,7985,3896,11607,532,264,268
10615,16435,4823,7986,3898,11612,532,264,268
10620,16446,4825,7990,3899,11617,533,264,269
10625,16450,4827,7994,3901,11622,533,264,269
10630,16460,4828,7998,3902,11632,533,264,269
10635,16466,4830,8001,3903,11635,533,264,269
10640,16477,4831,8007,3904,11644,534,264,270
10645,16481,4832,8010,3905,11648,534,264,270
10650,16491,4833,8013,3905,11657,534,264,270
10655,16497,4835,8015,3906,11661,534,264,270
10660,16508,4835,8019,3906,11671,535,264,271
10665,16512,4835,8020,3906,11677,535,264,271
10670,16522,4837,8027,3908,11684,535,264,271
10675,16528,4840,8028,3910,11688,535,264,271
10680,16539,4840,8032,3910,11697,536,264,272
10685,16543,4841,8033,3911,11702,536,264,272
10690,16553,4844,8040,3913,11709,536,264,272
10695,16559,4846,8044,3915,11713,536,264,272
10700,16570,4848,8048,3917,11720,537,264,273
10705,16574,4848,8052,3917,11726,537,264,273
10710,16584,4851,8054,3918,11733,537,264,273
10715,16590,4853,8058,3919,11737,537,264,273
10720,16601,4853,8060,3919,11746,538,264,274
10725,16605,4854,8063,3920,11750,538,264,274
10730,16615,4859,8068,3923,11755,538,264,274
10735,16621,4861,8070,3925,11760,538,264,274
10740,16632,4865,8075,3928,11764,539,264,275
10745,16636,4868,8076,3931,11768,539,264,275
10750,16646,4871,8082,3934,11774,539,264,275
10755,16652,4873,8084,3935,11779,539,264,275
10760,16663,4877,8090,3938,11783,540,265,275
10765,16667,4880,8091,3941,11787,540,265,275
10770,16677,4884,8096,3944,11792,540,265,275
10775,16683,4886,8100,3945,11795,540,265,275
10780,16694,4892,8105,3950,11799,541,265,276
10785,16698,4894,8105,3952,11804,541,265,276
10790,16708,4897,8108,3954,11810,541,265,276
10795,16714,4901,8111,3957,11812,541,265,276
10800,16725,4904,8114,3959,11818,542,265,277
10805,16729,4906,8114,3961,11823,542,265,277
10810,16739,4911,8118,3965,11828,542,265,277
10815,16745,4913,8120,3966,11831,542,265,277
10820,16756,4917,8125,3969,11836,543,266,277
10825,16760,4921,8129,3973,11837,543,266,277
10830,16770,4926,8131,3977,11844,543,266,277
10835,16776,4929,8134,3979,11846,543,266,277
10840,16787,4933,8139,3982,11852,544,266,278
10845,16791,4934,8140,3983,11857,544,266,278
10850,16801,4936,8145,3985,11864,544,266,278
10855,16807,4938,8148,3986,11868,544,266,278
10860,16818,4941,8154,3988,11874,545,267,278
10865,16822,4942,8157,3989,11879,545,267,278
10870,16832,4944,8162,3990,11887,545,267,278
10875,16838,4945,8165,3991,11891,545,267,278
10880,16849,4946,8169,3992,11901,546,268,278
10885,16853,4948,8172,3994,11905,546,268,278
10890,16863,4950,8175,3995,11913,546,268,278
10895,16869,4950,8178,3995,11919,546,268,278
10900,16880,4952,8183,3996,11926,547,268,279
10905,16884,4953,8185,3997,11930,547,268,279
10910,16894,4954,8191,3998,11940,547,268,279
10915,16900,4954,8193,3998,11946,547,268,279
10920,16911,4954,8200,3998,11955,548,268,280
10925,16915,4954,8203,3998,11960,548,268,280
10930,16925,4955,8208,3999,11970,548,268,280
10935,16931,4955,8211,3999,11976,548,268,280
10940,16942,4955,8215,3999,11986,549,268,281
10945,16946,4955,8216,3999,11991,549,268,281
10950,16956,4957,8221,4000,11999,549,268,281
10955,16962,4957,8225,4000,12004,549,268,281
10960,16973,4959,8229,4002,12012,550,269,281
10965,16977,4959,8231,4002,12018,550,269,281
10970,16987,4962,8236,4005,12025,550,269,281
10975,16993,4963,8239,4006,12029,550,269,281
10980,17004,4964,8244,4007,12038,551,269,282
10985,17008,4964,8246,4007,12043,551,269,282
10990,17018,4967,8251,4009,12051,551,269,282
10995,17024,4969,8253,4010,12055,551,269,282
11000,17035,4971,8258,4012,12062,552,269,283
11005,17039,4972,8260,4013,12066,552,269,283
11010,17049,4977,8266,4017,12071,552,269,283
11015,17055,4980,8269,4020,12074,552,269,283
11020,17066,4984,8276,4024,12078,553,269,284
11025,17070,4987,8278,4027,12082,553,269,284
11030,17080,4990,8284,4030,12089,553,269,284
11035,17086,4992,8287,4032,12092,553,269,284
11040,17097,4999,8293,4039,12097,554,269,285
11045,17101,5001,8296,4041,12098,554,269,285
11050,17111,5008,8302,4047,12101,554,269,285
11055,17117,5012,8305,4051,12104,554,269,285
11060,17128,5017,8310,4056,12109,555,269,286
11065,17132,5019,8311,4058,12113,555,269,286
11070,17142,5022,8315,4060,12120,555,269,286
11075,17148,5024,8318,4061,12123,555,269,286
11080,17159,5026,8322,4063,12130,556,269,287
11085,17163,5028,8326,4065,12134,556,269,287
11090,17173,5031,8333,4067,12140,556,269,287
11095,17179,5035,8338,4071,12142,556,269,287
11100,17190,5036,8343,4071,12152,557,269,288
11105,17194,5038,8347,4073,12155,557,269,288
11110,17204,5039,8350,4074,12165,557,269,288
11115,17210,5040,8353,4075,12170,557,269,288
11120,17221,5041,8356,4075,12179,558,270,288
11125,17225,5041,8357,4075,12184,558,270,288
11130,17235,5043,8362,4077,12191,558,270,288
11135,17241,5045,8364,4079,12196,558,270,288
11140,17252,5047,8369,4080,12202,559,270,289
11145,17256,5049,8371,4082,12206,559,270,289
11150,17266,5050,8372,4083,12216,559,270,289
11155,17272,5051,8376,4084,12220,559,270,289
11160,17283,5053,8380,4086,12229,560,270,290
11165,17287,5055,8381,4088,12232,560,270,290
11170,17297,5057,8386,4089,12240,560,270,290
11175,17303,5058,8389,4089,12244,560,270,290
11180,17314,5059,8394,4090,12252,561,270,291
11185,17318,5060,8398,4091,12258,561,270,291
11190,17328,5062,8404,4092,12266,561,270,291
11195,17334,5063,8407,4092,12270,561,270,291
11200,17345,5066,8411,4095,12277,562,270,292
11205,17349,5067,8413,4096,12282,562,270,292
11210,17359,5070,8417,4098,12289,562,270,292
11215,17365,5071,8418,4099,12294,562,270,292
11220,17376,5072,8421,4100,12303,563,271,292
11225,17380,5072,8422,4100,12308,563,271,292
11230,17390,5075,8425,4101,12315,563,271,292
11235,17396,5077,8426,4102,12319,563,271,292
11240,17407,5079,8432,4104,12326,564,271,293
11245,17411,5080,8434,4105,12330,564,271,293
11250,17421,5083,8441,4107,12337,564,271,293
11255,17427,5085,8442,4108,12342,564,271,293
11260,17438,5086,8448,4109,12348,565,271,294
11265,17442,5088,8450,4111,12353,565,271,294
11270,17452,5093,8455,4114,12359,565,271,294
11275,17458,5094,8457,4114,12363,565,271,294
11280,17469,5097,8461,4116,12370,566,272,294
11285,17473,5100,8462,4119,12373,566,272,294
11290,17483,5105,8469,4124,12376,566,272,294
11295,17489,5110,8473,4129,12378,566,272,294
11300,17500,5114,8476,4132,12384,567,272,295
11305,17504,5117,8479,4135,12386,567,272,295
11310,17514,5124,8485,4141,12389,567,272,295
11315,17520,5126,8487,4143,12393,567,272,295
11320,17531,5130,8490,4146,12399,568,272,296
11325,17535,5133,8494,4149,12400,568,272,296
11330,17545,5138,8499,4152,12405,568,272,296
11335,17551,5141,8502,4155,12409,568,272,296
11340,17562,5142,8506,4156,12416,569,272,297
11345,17566,5145,8509,4159,12421,569,272,297
11350,17576,5148,8515,4162,12427,569,272,297
11355,17582,5150,8519,4164,12430,569,272,297
11360,17593,5151,8523,4165,12441,570,273,297
11365,17597,5152,8525,4166,12444,570,273,297
11370,17607,5154,8532,4168,12451,570,273,297
11375,17613,5158,8536,4172,12454,570,273,297
11380,17624,5159,8539,4172,12463,571,273,298
11385,17628,5159,8540,4172,12469,571,273,298
11390,17638,5161,8545,4174,12476,571,273,298
11395,17644,5162,8548,4175,12482,571,273,298
11400,17655,5164,8556,4176,12489,572,274,298
11405,17659,5166,8558,4178,12492,572,274,298
11410,17669,5168,8562,4179,12501,572,274,298
11415,17675,5168,8565,4179,12507,572,274,298
11420,17686,5169,8571,4180,12516,573,275,298
11425,17690,5170,8571,4181,12520,573,275,298
11430,17700,5172,8574,4183,12527,573,275,298
11435,17706,5173,8578,4184,12532,573,275,298
11440,17717,5175,8583,4185,12539,574,275,299
11445,17721,5178,8585,4188,12543,574,275,299
11450,17731,5182,8590,4192,12549,574,275,299
11455,17737,5182,8593,4192,12555,574,275,299
11460,17748,5184,8597,4193,12561,575,275,300
11465,17752,5186,8598,4195,12566,575,275,300
11470,17762,5188,8603,4197,12574,575,275,300
11475,17768,5188,8606,4197,12579,575,275,300
11480,17779,5190,8611,4199,12586,576,276,300
11485,17783,5191,8612,4200,12592,576,276,300
11490,17793,5193,8617,4200,12599,576,276,300
11495,17799,5195,8618,4201,12604,576,276,300
11500,17810,5196,8624,4202,12612,577,277,300
11505,17814,5197,8627,4203,12616,577,277,300
11510,17824,5201,8631,4205,12622,577,277,300
11515,17830,5203,8633,4206,12627,577,277,300
11520,17841,5204,8638,4207,12634,578,278,300
11525,17845,5207,8642,4210,12636,578,278,300
11530,17855,5214,8646,4215,12640,578,278,300
11535,17861,5218,8650,4218,12641,578,278,300
11540,17872,5222,8655,4222,12648,579,278,301
11545,17876,5223,8657,4223,12651,579,278,301
11550,17886,5229,8663,4228,12656,579,278,301
11555,17892,5231,8667,4230,12660,579,278,301
11560,17903,5231,8674,4230,12670,580,279,301
11565,17907,5232,8674,4231,12675,580,279,301
11570,17917,5234,8678,4232,12683,580,279,301
11575,17923,5235,8681,4233,12687,580,279,301
11580,17934,5238,8688,4235,12693,581,279,302
11585,17938,5240,8691,4237,12698,581,279,302
11590,17948,5242,8695,4239,12704,581,279,302
11595,17954,5245,8698,4242,12709,581,279,302
11600,17965,5246,8705,4243,12717,582,280,302
11605,17969,5249,8708,4246,12720,582,280,302
11610,17979,5251,8713,4247,12727,582,280,302
11615,17985,5254,8716,4250,12731,582,280,302
11620,17996,5257,8723,4252,12737,583,280,303
11625,18000,5260,8725,4255,12740,583,280,303
11630,18010,5263,8730,4258,12746,583,280,303
11635,18016,5265,8735,4260,12751,583,280,303
11640,18027,5267,8743,4261,12757,584,281,303
11645,18031,5269,8745,4263,12762,584,281,303
11650,18041,5270,8750,4264,12769,584,281,303
11655,18047,5274,8754,4267,12771,584,281,303
11660,18058,5276,8759,4269,12779,585,281,304
11665,18062,5280,8762,4273,12782,585,281,304
11670,18072,5284,8769,4276,12786,585,281,304
11675,18078,5287,8772,4279,12791,585,281,304
11680,18089,5288,8774,4279,12798,586,281,305
11685,18093,5290,8774,4281,12803,586,281,305
11690,18103,5293,8777,4282,12809,586,281,305
11695,18109,5297,8782,4286,12810,586,281,305
11700,18120,5303,8786,4291,12815,587,281,306
11705,18124,5303,8789,4291,12820,587,281,306
11710,18134,5306,8793,4292,12828,587,281,306
11715,18140,5306,8797,4292,12833,587,281,306
11720,18151,5308,8802,4294,12841,588,281,307
11725,18155,5309,8806,4295,12845,588,281,307
11730,18165,5312,8809,4296,12853,588,281,307
11735,18171,5312,8809,4296,12859,588,281,307
11740,18182,5313,8815,4297,12866,589,282,307
11745,18186,5314,8817,4298,12872,589,282,307
11750,18196,5316,8823,4298,12880,589,282,307
11755,18202,5316,8828,4298,12885,589,282,307
11760,18213,5318,8832,4300,12894,590,282,308
11765,18217,5319,8834,4301,12898,590,282,308
11770,18227,5321,8840,4301,12906,590,282,308
11775,18233,5321,8845,4301,12912,590,282,308
11780,18244,5322,8850,4302,12920,591,283,308
11785,18248,5323,8853,4303,12924,591,283,308
11790,18258,5326,8858,4304,12932,591,283,308
11795,18264,5326,8860,4304,12937,591,283,308
11800,18275,5327,8867,4305,12945,592,284,308
11805,18279,5329,8869,4307,12949,592,284,308
11810,18289,5333,8872,4309,12956,592,284,308
11815,18295,5334,8873,4310,12961,592,284,308
11820,18306,5336,8878,4311,12967,593,284,309
11825,18310,5339,8878,4314,12971,593,284,309
11830,18320,5340,8884,4315,12980,593,284,309
11835,18326,5341,8888,4316,12983,593,284,309
11840,18337,5343,8893,4317,12991,594,285,309
11845,18341,5345,8896,4319,12995,594,285,309
11850,18351,5346,8900,4320,13005,594,285,309
11855,18357,5347,8904,4321,13008,594,285,309
11860,18368,5349,8910,4322,13016,595,285,310
11865,18372,5353,8913,4326,13018,595,285,310
11870,18382,5354,8918,4327,13028,595,285,310
11875,18388,5355,8923,4328,13031,595,285,310
11880,18399,5358,8930,4330,13038,596,286,310
11885,18403,5360,8932,4332,13042,596,286,310
11890,18413,5362,8938,4333,13049,596,286,310
11895,18419,5365,8943,4336,13054,596,286,310
11900,18430,5367,8950,4338,13059,597,287,310
11905,18434,5370,8951,4341,13064,597,287,310
11910,18444,5372,8956,4343,13072,597,287,310
11915,18450,5374,8960,4344,13076,597,287,310
11920,18461,5375,8967,4345,13082,598,287,311
11925,18465,5378,8968,4348,13087,598,287,311
11930,18475,5381,8971,4350,13094,598,287,311
11935,18481,5383,8974,4352,13098,598,287,311
11940,18492,5387,8978,4355,13104,599,288,311
11945,18496,5388,8980,4356,13108,599,288,311
11950,18506,5392,8985,4358,13112,599,288,311
11955,18512,5395,8989,4361,13116,599,288,311
11960,18523,5399,8993,4364,13122,600,288,312
11965,18527,5401,8994,4366,13126,600,288,312
11970,18537,5404,8999,4369,13132,600,288,312
11975,18543,5407,9001,4371,13136,600,288,312
11980,18554,5407,9005,4371,13145,601,289,312
11985,18558,5408,9007,4372,13150,601,289,312
11990,18568,5411,9014,4374,13156,601,289,312
11995,18574,5414,9019,4377,13158,601,289,312
12000,18585,5418,9025,4381,13165,602,290,312
12005,18589,5419,9027,4382,13169,602,290,312
12010,18599,5424,9032,4386,13175,602,290,312
12015,18605,5427,9034,4388,13178,602,290,312
12020,18616,5428,9038,4389,13187,603,290,313
12025,18620,5430,9041,4391,13188,603,290,313
12030,18630,5434,9044,4394,13196,603,290,313
12035,18636,5436,9046,4396,13200,603,290,313
12040,18647,5437,9053,4397,13207,604,290,314
12045,18651,5439,9056,4399,13210,604,290,314
12050,18661,5443,9060,4402,13218,604,290,314
12055,18667,5444,9064,4403,13221,604,290,314
12060,18678,5444,9072,4403,13232,605,291,314
12065,18682,5444,9072,4403,13238,605,291,314
12070,18692,5445,9076,4403,13247,605,291,314
12075,18698,5446,9078,4403,13252,605,291,314
12080,18709,5447,9082,4403,13260,606,291,315
12085,18713,5448,9083,4404,13264,606,291,315
12090,18723,5450,9088,4405,13272,606,291,315
12095,18729,5452,9093,4407,13276,606,291,315
12100,18740,5455,9101,4410,13283,607,291,316
12105,18744,5457,9104,4412,13287,607,291,316
12110,18754,5459,9109,4413,13294,607,291,316
12115,18760,5461,9113,4414,13299,607,291,316
12120,18771,5463,9115,4415,13307,608,291,317
12125,18775,5465,9117,4417,13310,608,291,317
12130,18785,5467,9119,4418,13317,608,291,317
12135,18791,5469,9123,4420,13322,608,291,317
12140,18802,5471,9132,4421,13327,609,292,317
12145,18806,5474,9133,4424,13332,609,292,317
12150,18816,5476,9137,4426,13339,609,292,317
12155,18822,5478,9139,4427,13344,609,292,317
12160,18833,5479,9142,4427,13352,610,292,318
12165,18837,5482,9144,4430,13354,610,292,318
12170,18847,5487,9152,4434,13358,610,292,318
12175,18853,5491,9156,4438,13362,610,292,318
12180,18864,5494,9162,4440,13367,611,293,318
12185,18868,5498,9164,4444,13370,611,293,318
12190,18878,5501,9172,4446,13376,611,293,318
12195,18884,5504,9176,4449,13379,611,293,318
12200,18895,5507,9179,4452,13388,612,293,319
12205,18899,5508,9181,4453,13391,612,293,319
12210,18909,5510,9189,4455,13399,612,293,319
12215,18915,5511,9191,4455,13403,612,293,319
12220,18926,5513,9195,4457,13412,613,293,320
12225,18930,5514,9197,4458,13415,613,293,320
12230,18940,5519,9201,4461,13421,613,293,320
12235,18946,5522,9206,4463,13421,613,293,320
12240,18957,5527,9209,4468,13429,614,293,321
12245,18961,5527,9210,4468,13434,614,293,321
12250,18971,5531,9217,4471,13439,614,293,321
12255,18977,5534,9220,4473,13441,614,293,321
12260,18988,5537,9226,4476,13451,615,294,321
12265,18992,5537,9228,4476,13454,615,294,321
12270,19002,5538,9230,4476,13463,615,294,321
12275,19008,5540,9231,4477,13468,615,294,321
12280,19019,5540,9236,4477,13477,616,295,321
12285,19023,5541,9238,4478,13482,616,295,321
12290,19033,5543,9243,4480,13489,616,295,321
12295,19039,5545,9246,4482,13493,616,295,321
12300,19050,5546,9252,4483,13502,617,296,321
12305,19054,5548,9254,4485,13506,617,296,321
12310,19064,5550,9256,4486,13514,617,296,321
12315,19070,5551,9259,4486,13518,617,296,321
12320,19081,5553,9266,4487,13525,618,297,321
12325,19085,5556,9267,4490,13528,618,297,321
12330,19095,5558,9276,4492,13536,618,297,321
12335,19101,5561,9279,4494,13539,618,297,321
12340,19112,5563,9283,4495,13546,619,297,322
12345,19116,5566,9284,4498,13549,619,297,322
12350,19126,5567,9292,4499,13558,619,297,322
12355,19132,5570,9295,4501,13562,619,297,322
12360,19143,5571,9302,4502,13570,620,298,322
12365,19147,5572,9303,4503,13575,620,298,322
12370,19157,5575,9306,4504,13581,620,298,322
12375,19163,5576,9309,4505,13586,620,298,322
12380,19174,5578,9312,4506,13594,621,298,323
12385,19178,5580,9314,4508,13598,621,298,323
12390,19188,5583,9321,4511,13604,621,298,323
12395,19194,5584,9326,4512,13609,621,298,323
12400,19205,5587,9333,4514,13615,622,298,324
12405,19209,5591,9334,4518,13618,622,298,324
12410,19219,5593,9339,4520,13626,622,298,324
12415,19225,5593,9342,4520,13631,622,298,324
12420,19236,5596,9346,4522,13638,623,298,325
12425,19240,5598,9346,4524,13642,623,298,325
12430,19250,5600,9350,4524,13650,623,298,325
12435,19256,5600,9353,4524,13655,623,298,325
12440,19267,5605,9358,4528,13662,624,299,325
12445,19271,5606,9360,4529,13664,624,299,325
12450,19281,5610,9365,4532,13671,624,299,325
12455,19287,5610,9368,4532,13677,624,299,325
12460,19298,5613,9371,4534,13684,625,299,326
12465,19302,5616,9373,4537,13686,625,299,326
12470,19312,5620,9377,4539,13690,625,299,326
12475,19318,5624,9380,4542,13692,625,299,326
12480,19329,5629,9385,4546,13698,626,300,326
12485,19333,5632,9388,4549,13699,626,300,326
12490,19343,5637,9394,4554,13704,626,300,326
12495,19349,5641,9397,4557,13707,626,300,326
12500,19360,5644,9402,4559,13714,627,300,327
12505,19364,5645,9403,4560,13718,627,300,327
12510,19374,5649,9409,4563,13725,627,300,327
12515,19380,5650,9412,4563,13728,627,300,327
12520,19391,5651,9417,4564,13739,628,300,328
12525,19395,5651,9418,4564,13743,628,300,328
12530,19405,5652,9423,4565,13753,628,300,328
12535,19411,5653,9426,4565,13757,628,300,328
12540,19422,5654,9433,4566,13767,629,301,328
12545,19426,5655,9434,4567,13771,629,301,328
12550,19436,5657,9439,4568,13779,629,301,328
12555,19442,5659,9443,4570,13782,629,301,328
12560,19453,5660,9449,4571,13792,630,302,328
12565,19457,5660,9452,4571,13796,630,302,328
12570,19467,5661,9456,4571,13805,630,302,328
12575,19473,5664,9460,4573,13809,630,302,328
12580,19484,5664,9464,4573,13818,631,303,328
12585,19488,5664,9467,4573,13824,631,303,328
12590,19498,5665,9472,4574,13833,631,303,328
12595,19504,5666,9473,4574,13838,631,303,328
12600,19515,5668,9478,4576,13845,632,303,329
12605,19519,5670,9481,4578,13849,632,303,329
12610,19529,5672,9487,4579,13856,632,303,329
12615,19535,5675,9490,4582,13860,632,303,329
12620,19546,5677,9496,4583,13866,633,304,329
12625,19550,5681,9499,4587,13869,633,304,329
12630,19560,5683,9502,4588,13876,633,304,329
12635,19566,5685,9505,4589,13880,633,304,329
12640,19577,5689,9510,4592,13887,634,305,329
12645,19581,5691,9513,4594,13889,634,305,329
12650,19591,5696,9517,4597,13895,634,305,329
12655,19597,5697,9520,4597,13900,634,305,329
12660,19608,5701,9525,4601,13907,635,305,330
12665,19612,5701,9526,4601,13910,635,305,330
12670,19622,5704,9529,4602,13917,635,305,330
12675,19628,5707,9533,4605,13920,635,305,330
12680,19639,5712,9540,4609,13924,636,305,331
12685,19643,5716,9541,4613,13927,636,305,331
12690,19653,5720,9544,4616,13933,636,305,331
12695,19659,5723,9548,4618,13935,636,305,331
12700,19670,5727,9554,4622,13941,637,305,332
12705,19674,5730,9556,4625,13944,637,305,332
12710,19684,5734,9559,4627,13950,637,305,332
12715,19690,5736,9563,4629,13952,637,305,332
12720,19701,5742,9570,4635,13957,638,306,332
12725,19705,5743,9571,4636,13962,638,306,332
12730,19715,5745,9577,4638,13968,638,306,332
12735,19721,5749,9578,4641,13972,638,306,332
12740,19732,5751,9585,4642,13978,639,307,332
12745,19736,5754,9587,4645,13982,639,307,332
12750,19746,5758,9595,4649,13987,639,307,332
12755,19752,5761,9599,4652,13991,639,307,332
12760,19763,5762,9604,4653,14000,640,308,332
12765,19767,5763,9605,4654,14003,640,308,332
12770,19777,5764,9610,4655,14013,640,308,332
12775,19783,5764,9613,4655,14019,640,308,332
12780,19794,5764,9617,4655,14029,641,308,333
12785,19798,5764,9620,4655,14033,641,308,333
12790,19808,5765,9627,4656,14043,641,308,333
12795,19814,5765,9630,4656,14048,641,308,333
12800,19825,5765,9634,4656,14060,642,308,334
12805,19829,5765,9636,4656,14064,642,308,334
12810,19839,5766,9641,4657,14073,642,308,334
12815,19845,5766,9645,4657,14078,642,308,334
12820,19856,5766,9651,4657,14088,643,309,334
12825,19860,5766,9653,4657,14093,643,309,334
12830,19870,5768,9659,4659,14102,643,309,334
12835,19876,5768,9662,4659,14108,643,309,334
12840,19887,5768,9666,4659,14117,644,309,335
12845,19891,5769,9669,4660,14122,644,309,335
12850,19901,5771,9674,4661,14130,644,309,335
12855,19907,5771,9676,4661,14135,644,309,335
12860,19918,5773,9680,4662,14142,645,309,336
12865,19922,5776,9682,4665,14146,645,309,336
12870,19932,5778,9686,4666,14153,645,309,336
12875,19938,5780,9689,4668,14158,645,309,336
12880,19949,5783,9693,4671,14165,646,309,337
12885,19953,5785,9696,4673,14167,646,309,337
12890,19963,5788,9698,4674,14175,646,309,337
12895,19969,5789,9701,4675,14179,646,309,337
12900,19980,5792,9707,4678,14185,647,310,337
12905,19984,5794,9709,4680,14189,647,310,337
12910,19994,5797,9711,4681,14197,647,310,337
12915,20000,5798,9714,4682,14201,647,310,337
12920,20011,5802,9720,4686,14207,648,311,337
12925,20015,5804,9722,4688,14211,648,311,337
12930,20025,5807,9728,4690,14217,648,311,337
12935,20031,5809,9730,4692,14222,648,311,337
12940,20042,5812,9735,4694,14228,649,311,338
12945,20046,5814,9737,4696,14230,649,311,338
12950,20056,5820,9743,4702,14234,649,311,338
12955,20062,5825,9748,4706,14234,649,311,338
12960,20073,5830,9754,4711,14240,650,312,338
12965,20077,5834,9756,4715,14242,650,312,338
12970,20087,5841,9762,4721,14245,650,312,338
12975,20093,5843,9765,4722,14247,650,312,338
12980,20104,5851,9772,4729,14251,651,312,339
12985,20108,5854,9773,4732,14254,651,312,339
12990,20118,5855,9774,4732,14263,651,312,339
12995,20124,5856,9777,4733,14267,651,312,339
13000,20135,5858,9781,4734,14275,652,312,340
13005,20139,5860,9784,4736,14278,652,312,340
13010,20149,5861,9787,4736,14288,652,312,340
13015,20155,5863,9790,4738,14291,652,312,340
13020,20166,5864,9794,4739,14301,653,312,341
13025,20170,5864,9794,4739,14306,653,312,341
13030,20180,5866,9799,4741,14314,653,312,341
13035,20186,5868,9802,4743,14318,653,312,341
13040,20197,5869,9808,4744,14326,654,312,342
13045,20201,5870,9810,4745,14331,654,312,342
13050,20211,5871,9814,4746,14340,654,312,342
13055,20217,5872,9818,4747,14345,654,312,342
13060,20228,5873,9822,4748,14355,655,312,343
13065,20232,5873,9824,4748,14358,655,312,343
13070,20242,5874,9829,4748,14368,655,312,343
13075,20248,5875,9831,4748,14373,655,312,343
13080,20259,5876,9836,4749,14383,656,313,343
13085,20263,5876,9836,4749,14387,656,313,343
13090,20273,5878,9841,4750,14395,656,313,343
13095,20279,5879,9844,4751,14400,656,313,343
13100,20290,5879,9846,4751,14411,657,313,344
13105,20294,5879,9846,4751,14415,657,313,344
13110,20304,5882,9851,4753,14420,657,313,344
13115,20310,5886,9855,4757,14424,657,313,344
13120,20321,5889,9858,4759,14431,658,313,345
13125,20325,5891,9861,4761,14433,658,313,345
13130,20335,5895,9867,4765,14439,658,313,345
13135,20341,5898,9869,4767,14443,658,313,345
13140,20352,5899,9873,4768,14449,659,313,346
13145,20356,5903,9874,4772,14453,659,313,346
13150,20366,5906,9879,4774,14458,659,313,346
13155,20372,5910,9883,4778,14462,659,313,346
13160,20383,5914,9890,4781,14465,660,314,346
13165,20387,5919,9892,4786,14468,660,314,346
13170,20397,5923,9899,4789,14472,660,314,346
13175,20403,5927,9900,4792,14476,660,314,346
13180,20414,5930,9906,4794,14480,661,315,346
13185,20418,5934,9907,4798,14484,661,315,346
13190,20428,5940,9912,4803,14488,661,315,346
13195,20434,5942,9915,4804,14490,661,315,346
13200,20445,5946,9920,4807,14496,662,316,346
13205,20449,5950,9922,4811,14498,662,316,346
13210,20459,5955,9924,4814,14504,662,316,346
13215,20465,5958,9929,4816,14504,662,316,346
13220,20476,5963,9934,4821,14512,663,316,347
13225,20480,5964,9936,4822,14515,663,316,347
13230,20490,5969,9941,4827,14521,663,316,347
13235,20496,5971,9946,4829,14523,663,316,347
13240,20507,5972,9951,4830,14532,664,317,347
13245,20511,5973,9952,4831,14538,664,317,347
13250,20521,5975,9958,4832,14546,664,317,347
13255,20527,5977,9962,4834,14550,664,317,347
13260,20538,5977,9964,4834,14560,665,317,348
13265,20542,5977,9966,4834,14565,665,317,348
13270,20552,5979,9972,4836,14572,665,317,348
13275,20558,5980,9973,4837,14578,665,317,348
13280,20569,5980,9978,4837,14588,666,318,348
13285,20573,5980,9980,4837,14592,666,318,348
13290,20583,5981,9984,4837,14602,666,318,348
13295,20589,5981,9985,4837,14608,666,318,348
13300,20600,5981,9992,4837,14617,667,318,349
13305,20604,5981,9995,4837,14622,667,318,349
13310,20614,5982,10005,4838,14631,667,318,349
13315,20620,5983,10009,4839,14637,667,318,349
13320,20631,5985,10016,4841,14644,668,318,350
13325,20635,5987,10018,4843,14648,668,318,350
13330,20645,5988,10021,4843,14656,668,318,350
13335,20651,5989,10023,4844,14662,668,318,350
13340,20662,5990,10029,4845,14668,669,318,351
13345,20666,5992,10031,4847,14674,669,318,351
13350,20676,5996,10036,4849,14680,669,318,351
13355,20682,5996,10039,4849,14686,669,318,351
13360,20693,5997,10043,4849,14694,670,318,352
13365,20697,5998,10044,4850,14699,670,318,352
13370,20707,6001,10049,4852,14705,670,318,352
13375,20713,6002,10050,4853,14710,670,318,352
13380,20724,6005,10054,4856,14716,671,318,353
13385,20728,6006,10055,4857,14721,671,318,353
13390,20738,6011,10062,4862,14727,671,318,353
13395,20744,6012,10067,4863,14731,671,318,353
13400,20755,6014,10070,4865,14739,672,318,354
13405,20759,6016,10072,4867,14742,672,318,354
13410,20769,6019,10078,4869,14750,672,318,354
13415,20775,6020,10079,4869,14755,672,318,354
13420,20786,6022,10083,4870,14762,673,319,354
13425,20790,6024,10085,4872,14765,673,319,354
13430,20800,6029,10091,4876,14771,673,319,354
13435,20806,6030,10094,4877,14774,673,319,354
13440,20817,6034,10101,4881,14780,674,320,354
13445,20821,6037,10103,4884,14782,674,320,354
13450,20831,6042,10108,4888,14789,674,320,354
13455,20837,6043,10112,4889,14792,674,320,354
13460,20848,6046,10119,4892,14799,675,321,354
13465,20852,6049,10121,4895,14802,675,321,354
13470,20862,6050,10126,4896,14812,675,321,354
13475,20868,6051,10129,4897,14817,675,321,354
13480,20879,6052,10133,4898,14826,676,321,355
13485,20883,6054,10134,4900,14829,676,321,355
13490,20893,6055,10138,4900,14838,676,321,355
13495,20899,6056,10141,4900,14842,676,321,355
13500,20910,6058,10149,4902,14849,677,322,355
13505,20914,6062,10152,4906,14851,677,322,355
13510,20924,6064,10155,4908,14859,677,322,355
13515,20930,6066,10157,4909,14864,677,322,355
13520,20941,6068,10163,4911,14871,678,322,356
13525,20945,6068,10163,4911,14877,678,322,356
13530,20955,6070,10168,4913,14884,678,322,356
13535,20961,6072,10169,4914,14889,678,322,356
13540,20972,6074,10175,4915,14895,679,323,356
13545,20976,6076,10177,4917,14900,679,323,356
13550,20986,6079,10181,4919,14907,679,323,356
13555,20992,6080,10184,4919,14912,679,323,356
13560,21003,6081,10189,4920,14920,680,324,356
13565,21007,6082,10192,4921,14925,680,324,356
13570,21017,6084,10193,4921,14933,680,324,356
13575,21023,6086,10196,4922,14936,680,324,356
13580,21034,6088,10200,4924,14945,681,324,357
13585,21038,6088,10201,4924,14950,681,324,357
13590,21048,6090,10207,4926,14957,681,324,357
13595,21054,6093,10211,4929,14960,681,324,357
13600,21065,6094,10216,4930,14969,682,324,358
13605,21069,6094,10216,4930,14975,682,324,358
13610,21079,6097,10221,4932,14981,682,324,358
13615,21085,6100,10225,4934,14984,682,324,358
13620,21096,6103,10230,4937,14992,683,325,358
13625,21100,6103,10231,4937,14997,683,325,358
13630,21110,6105,10235,4937,15004,683,325,358
13635,21116,6108,10239,4940,15008,683,325,358
13640,21127,6109,10244,4941,15016,684,326,358
13645,21131,6111,10247,4943,15019,684,326,358
13650,21141,6117,10252,4948,15024,684,326,358
13655,21147,6118,10253,4948,15028,684,326,358
13660,21158,6121,10259,4951,15035,685,326,359
13665,21162,6122,10260,4952,15040,685,326,359
13670,21172,6126,10263,4954,15045,685,326,359
13675,21178,6129,10266,4956,15047,685,326,359
13680,21189,6133,10272,4960,15052,686,326,360
13685,21193,6137,10272,4964,15056,686,326,360
13690,21203,6142,10276,4967,15060,686,326,360
13695,21209,6145,10279,4970,15063,686,326,360
13700,21220,6150,10286,4974,15067,687,326,361
13705,21224,6154,10289,4978,15069,687,326,361
13710,21234,6157,10296,4981,15076,687,326,361
13715,21240,6159,10299,4983,15080,687,326,361
13720,21251,6162,10306,4986,15087,688,327,361
13725,21255,6165,10308,4989,15090,688,327,361
13730,21265,6167,10314,4991,15097,688,327,361
13735,21271,6170,10316,4993,15100,688,327,361
13740,21282,6171,10317,4993,15109,689,327,362
13745,21286,6172,10320,4994,15113,689,327,362
13750,21296,6175,10327,4997,15120,689,327,362
13755,21302,6177,10327,4998,15125,689,327,362
13760,21313,6179,10333,5000,15131,690,328,362
13765,21317,6181,10333,5002,15136,690,328,362
13770,21327,6183,10335,5003,15144,690,328,362
13775,21333,6184,10339,5004,15148,690,328,362
13780,21344,6187,10346,5006,15155,691,329,362
13785,21348,6187,10348,5006,15161,691,329,362
13790,21358,6189,10351,5008,15169,691,329,362
13795,21364,6191,10355,5010,15173,691,329,362
13800,21375,6194,10360,5012,15178,692,330,362
13805,21379,6195,10362,5013,15183,692,330,362
13810,21389,6199,10367,5016,15189,692,330,362
13815,21395,6201,10371,5018,15194,692,330,362
13820,21406,6204,10377,5020,15199,693,330,363
13825,21410,6207,10378,5023,15203,693,330,363
13830,21420,6209,10382,5024,15210,693,330,363
13835,21426,6211,10383,5025,15215,693,330,363
13840,21437,6215,10391,5028,15218,694,330,364
13845,21441,6218,10391,5031,15223,694,330,364
13850,21451,6222,10398,5035,15228,694,330,364
13855,21457,6225,10401,5038,15232,694,330,364
13860,21468,6230,10409,5042,15234,695,331,364
13865,21472,6233,10412,5045,15238,695,331,364
13870,21482,6236,10419,5048,15246,695,331,364
13875,21488,6237,10421,5049,15251,695,331,364
13880,21499,6239,10424,5051,15258,696,331,365
13885,21503,6241,10427,5053,15261,696,331,365
13890,21513,6244,10429,5054,15269,696,331,365
13895,21519,6245,10431,5054,15274,696,331,365
13900,21530,6246,10438,5055,15281,697,332,365
13905,21534,6248,10440,5057,15286,697,332,365
13910,21544,6251,10443,5058,15293,697,332,365
13915,21550,6252,10447,5059,15295,697,332,365
13920,21561,6257,10452,5064,15302,698,332,366
13925,21565,6258,10454,5065,15305,698,332,366
13930,21575,6265,10462,5072,15310,698,332,366
13935,21581,6265,10465,5072,15314,698,332,366
13940,21592,6267,10472,5074,15323,699,332,367
13945,21596,6267,10473,5074,15328,699,332,367
13950,21606,6268,10479,5075,15338,699,332,367
13955,21612,6268,10484,5075,15343,699,332,367
13960,21623,6268,10490,5075,15354,700,332,368
13965,21627,6268,10491,5075,15358,700,332,368
13970,21637,6269,10494,5075,15368,700,332,368
13975,21643,6269,10499,5075,15373,700,332,368
13980,21654,6270,10506,5076,15381,701,332,369
13985,21658,6272,10508,5078,15385,701,332,369
13990,21668,6275,10514,5081,15392,701,332,369
13995,21674,6276,10516,5082,15398,701,332,369
14000,21685,6277,10521,5082,15405,702,332,370
14005,21689,6280,10524,5085,15409,702,332,370
14010,21699,6282,10528,5087,15417,702,332,370
14015,21705,6282,10533,5087,15423,702,332,370
14020,21716,6283,10537,5088,15430,703,332,371
14025,21720,6285,10540,5090,15435,703,332,371
14030,21730,6287,10543,5092,15443,703,332,371
14035,21736,6288,10545,5092,15448,703,332,371
14040,21747,6290,10550,5093,15454,704,332,372
14045,21751,6293,10550,5096,15458,704,332,372
14050,21761,6297,10556,5100,15463,704,332,372
14055,21767,6299,10559,5102,15468,704,332,372
14060,21778,6302,10565,5105,15473,705,332,373
14065,21782,6304,10566,5107,15478,705,332,373
14070,21792,6307,10570,5109,15485,705,332,373
14075,21798,6308,10572,5110,15490,705,332,373
14080,21809,6310,10575,5111,15497,706,333,373
14085,21813,6311,10575,5112,15502,706,333,373
14090,21823,6316,10581,5116,15507,706,333,373
14095,21829,6318,10585,5118,15509,706,333,373
14100,21840,6324,10593,5124,15513,707,334,373
14105,21844,6329,10597,5129,15513,707,334,373
14110,21854,6335,10603,5135,15518,707,334,373
14115,21860,6337,10606,5136,15520,707,334,373
14120,21871,6342,10612,5141,15526,708,335,373
14125,21875,6344,10612,5143,15531,708,335,373
14130,21885,6349,10619,5146,15535,708,335,373
14135,21891,6352,10623,5148,15536,708,335,373
14140,21902,6355,10629,5151,15545,709,335,374
14145,21906,6355,10629,5151,15551,709,335,374
14150,21916,6356,10635,5152,15559,709,335,374
14155,21922,6358,10639,5154,15562,709,335,374
14160,21933,6358,10645,5154,15573,710,336,374
14165,21937,6358,10648,5154,15579,710,336,374
14170,21947,6359,10653,5154,15588,710,336,374
14175,21953,6361,10657,5156,15592,710,336,374
14180,21964,6361,10661,5156,15602,711,337,374
14185,21968,6361,10663,5156,15607,711,337,374
14190,21978,6363,10667,5158,15615,711,337,374
14195,21984,6364,10671,5159,15619,711,337,374
14200,21995,6364,10675,5159,15628,712,337,375
14205,21999,6365,10676,5160,15634,712,337,375
14210,22009,6368,10681,5163,15640,712,337,375
14215,22015,6371,10685,5165,15644,712,337,375
14220,22026,6373,10689,5166,15651,713,338,375
14225,22030,6376,10691,5169,15654,713,338,375
14230,22040,6379,10695,5171,15660,713,338,375
14235,22046,6381,10697,5172,15665,713,338,375
14240,22057,6384,10703,5174,15672,714,339,375
14245,22061,6386,10705,5176,15675,714,339,375
14250,22071,6390,10709,5178,15680,714,339,375
14255,22077,6392,10710,5179,15685,714,339,375
14260,22088,6394,10715,5180,15692,715,340,375
14265,22092,6396,10718,5182,15695,715,340,375
14270,22102,6400,10721,5185,15702,715,340,375
14275,22108,6401,10724,5186,15707,715,340,375
14280,22119,6405,10731,5189,15709,716,340,376
14285,22123,6409,10733,5193,15714,716,340,376
14290,22133,6411,10736,5194,15721,716,340,376
14295,22139,6413,10738,5195,15725,716,340,376
14300,22150,6416,10741,5197,15732,717,340,377
14305,22154,6417,10742,5198,15737,717,340,377
14310,22164,6422,10747,5201,15741,717,340,377
14315,22170,6425,10749,5203,15744,717,340,377
14320,22181,6427,10754,5205,15752,718,341,377
14325,22185,6428,10756,5206,15756,718,341,377
14330,22195,6432,10759,5208,15763,718,341,377
14335,22201,6433,10761,5208,15766,718,341,377
14340,22212,6438,10768,5213,15771,719,342,377
14345,22216,6440,10768,5215,15776,719,342,377
14350,22226,6444,10772,5218,15782,719,342,377
14355,22232,6446,10776,5220,15784,719,342,377
14360,22243,6449,10779,5223,15793,720,342,378
14365,22247,6451,10781,5225,15796,720,342,378
14370,22257,6454,10785,5227,15803,720,342,378
14375,22263,6455,10787,5227,15806,720,342,378
14380,22274,6456,10793,5228,15816,721,342,379
14385,22278,6457,10796,5229,15820,721,342,379
14390,22288,6458,10801,5230,15829,721,342,379
14395,22294,6460,10801,5231,15834,721,342,379
14400,22305,6460,10805,5231,15845,722,342,380
14405,22309,6460,10807,5231,15849,722,342,380
14410,22319,6462,10812,5232,15855,722,342,380
14415,22325,6466,10816,5236,15859,722,342,380
14420,22336,6467,10821,5236,15867,723,343,380
14425,22340,6469,10822,5238,15870,723,343,380
14430,22350,6471,10826,5239,15879,723,343,380
14435,22356,6472,10828,5240,15884,723,343,380
14440,22367,6473,10832,5241,15892,724,344,380
14445,22371,6474,10834,5242,15897,724,344,380
14450,22381,6477,10841,5245,15903,724,344,380
14455,22387,6480,10844,5247,15906,724,344,380
14460,22398,6482,10852,5249,15914,725,345,380
14465,22402,6484,10854,5251,15918,725,345,380
14470,22412,6485,10859,5251,15926,725,345,380
14475,22418,6486,10861,5252,15932,725,345,380
14480,22429,6488,10867,5254,15940,726,345,381
14485,22433,6489,10868,5255,15944,726,345,381
14490,22443,6492,10873,5256,15951,726,345,381
14495,22449,6492,10877,5256,15957,726,345,381
14500,22460,6494,10882,5257,15964,727,345,382
14505,22464,6496,10883,5259,15968,727,345,382
14510,22474,6499,10888,5261,15975,727,345,382
14515,22480,6499,10890,5261,15981,727,345,382
14520,22491,6500,10894,5261,15988,728,346,382
14525,22495,6503,10895,5264,15992,728,346,382
14530,22505,6506,10899,5265,15999,728,346,382
14535,22511,6506,10903,5265,16005,728,346,382
14540,22522,6509,10908,5267,16011,729,347,382
14545,22526,6511,10908,5269,16015,729,347,382
14550,22536,6513,10912,5270,16022,729,347,382
14555,22542,6514,10917,5271,16027,729,347,382
14560,22553,6518,10923,5275,16033,730,348,382
14565,22557,6520,10924,5277,16037,730,348,382
14570,22567,6525,10930,5281,16042,730,348,382
14575,22573,6527,10934,5282,16045,730,348,382
14580,22584,6530,10940,5285,16051,731,349,382
14585,22588,6535,10944,5290,16052,731,349,382
14590,22598,6539,10947,5293,16059,731,349,382
14595,22604,6540,10950,5294,16063,731,349,382
14600,22615,6543,10953,5296,16070,732,349,383
14605,22619,6547,10955,5300,16072,732,349,383
14610,22629,6553,10962,5304,16075,732,349,383
14615,22635,6555,10966,5306,16077,732,349,383
14620,22646,6562,10972,5312,16082,733,350,383
14625,22650,6564,10974,5314,16085,733,350,383
14630,22660,6566,10976,5315,16094,733,350,383
14635,22666,6567,10981,5316,16097,733,350,383
14640,22677,6567,10987,5316,16109,734,350,384
14645,22681,6567,10988,5316,16113,734,350,384
14650,22691,6568,10993,5316,16123,734,350,384
14655,22697,6569,10995,5316,16127,734,350,384
14660,22708,6569,11001,5316,16137,735,350,385
14665,22712,6569,11003,5316,16142,735,350,385
14670,22722,6570,11007,5316,16152,735,350,385
14675,22728,6571,11009,5317,16156,735,350,385
14680,22739,6572,11015,5318,16165,736,351,385
14685,22743,6572,11017,5318,16171,736,351,385
14690,22753,6574,11022,5320,16178,736,351,385
14695,22759,6577,11026,5323,16181,736,351,385
14700,22770,6577,11032,5323,16191,737,352,385
14705,22774,6578,11033,5324,16196,737,352,385
14710,22784,6579,11037,5325,16205,737,352,385
14715,22790,6581,11040,5327,16208,737,352,385
14720,22801,6581,11046,5327,16218,738,353,385
14725,22805,6582,11048,5328,16222,738,353,385
14730,22815,6585,11053,5330,16229,738,353,385
14735,22821,6588,11056,5332,16232,738,353,385
14740,22832,6592,11062,5335,16237,739,354,385
14745,22836,6595,11065,5338,16241,739,354,385
14750,22846,6597,11067,5339,16248,739,354,385
14755,22852,6600,11071,5341,16250,739,354,385
14760,22863,6603,11078,5344,16257,740,355,385
14765,22867,6606,11080,5347,16260,740,355,385
14770,22877,6609,11086,5350,16267,740,355,385
14775,22883,6611,11091,5352,16271,740,355,385
14780,22894,6614,11096,5355,16277,741,355,386
14785,22898,6617,11098,5358,16281,741,355,386
14790,22908,6619,11104,5360,16287,741,355,386
14795,22914,6623,11106,5363,16291,741,355,386
14800,22925,6625,11112,5365,16298,742,356,386
14805,22929,6628,11114,5368,16301,742,356,386
14810,22939,6631,11120,5371,16306,742,356,386
14815,22945,6634,11124,5374,16310,742,356,386
14820,22956,6639,11131,5378,16314,743,357,386
14825,22960,6643,11133,5382,16317,743,357,386
14830,22970,6645,11135,5383,16324,743,357,386
14835,22976,6648,11138,5386,16327,743,357,386
14840,22987,6651,11145,5389,16332,744,358,386
14845,22991,6656,11147,5394,16335,744,358,386
14850,23001,6659,11151,5396,16342,744,358,386
14855,23007,6660,11153,5397,16347,744,358,386
14860,23018,6664,11161,5401,16351,745,359,386
14865,23022,6668,11164,5405,16354,745,359,386
14870,23032,6672,11168,5408,16360,745,359,386
14875,23038,6673,11171,5409,16363,745,359,386
14880,23049,6677,11175,5413,16370,746,359,387
14885,23053,6679,11177,5415,16373,746,359,387
14890,23063,6683,11182,5418,16380,746,359,387
14895,23069,6685,11184,5419,16383,746,359,387
14900,23080,6688,11190,5422,16390,747,360,387
14905,23084,6690,11190,5424,16394,747,360,387
14910,23094,6695,11196,5427,16398,747,360,387
14915,23100,6697,11199,5428,16402,747,360,387
14920,23111,6698,11207,5429,16410,748,361,387
14925,23115,6699,11208,5430,16416,748,361,387
14930,23125,6701,11213,5431,16423,748,361,387
14935,23131,6704,11214,5433,16427,748,361,387
14940,23142,6705,11219,5434,16437,749,361,388
14945,23146,6705,11221,5434,16440,749,361,388
14950,23156,6706,11226,5434,16450,749,361,388
14955,23162,6706,11230,5434,16454,749,361,388
14960,23173,6706,11234,5434,16467,750,361,389
14965,23177,6706,11235,5434,16471,750,361,389
14970,23187,6707,11238,5434,16480,750,361,389
14975,23193,6707,11240,5434,16485,750,361,389
14980,23204,6707,11243,5434,16496,751,361,390
14985,23208,6707,11245,5434,16501,751,361,390
14990,23218,6709,11252,5436,16509,751,361,390
14995,23224,6709,11256,5436,16514,751,361,390
15000,23235,6710,11259,5437,16524,752,361,391
15005,23239,6710,11259,5437,16529,752,361,391
15010,23249,6712,11261,5438,16536,752,361,391
15015,23255,6713,11265,5439,16541,752,361,391
15020,23266,6716,11273,5441,16547,753,362,391
15025,23270,6719,11276,5444,16550,753,362,391
15030,23280,6723,11282,5448,16556,753,362,391
15035,23286,6724,11286,5449,16561,753,362,391
15040,23297,6725,11291,5450,16571,754,363,391
15045,23301,6727,11294,5452,16574,754,363,391
15050,23311,6730,11296,5453,16581,754,363,391
15055,23317,6731,11297,5453,16586,754,363,391
15060,23328,6733,11304,5455,16592,755,364,391
15065,23332,6737,11307,5459,16595,755,364,391
15070,23342,6741,11312,5462,16601,755,364,391
15075,23348,6742,11315,5462,16606,755,364,391
15080,23359,6743,11319,5462,16615,756,365,391
15085,23363,6744,11321,5463,16619,756,365,391
15090,23373,6746,11324,5464,16626,756,365,391
15095,23379,6748,11325,5465,16631,756,365,391
15100,23390,6751,11331,5467,16636,757,365,392
15105,23394,6753,11332,5469,16640,757,365,392
15110,23404,6757,11335,5472,16647,757,365,392
15115,23410,6758,11338,5473,16652,757,365,392
15120,23421,6761,11345,5475,16656,758,365,393
15125,23425,6764,11346,5478,16661,758,365,393
15130,23435,6766,11353,5480,16669,758,365,393
15135,23441,6767,11357,5480,16674,758,365,393
15140,23452,6769,11363,5482,16681,759,365,394
15145,23456,6770,11364,5483,16685,759,365,394
15150,23466,6773,11367,5484,16693,759,365,394
15155,23472,6774,11370,5485,16698,759,365,394
15160,23483,6774,11376,5485,16708,760,366,394
15165,23487,6775,11378,5486,16711,760,366,394
15170,23497,6780,11384,5489,16716,760,366,394
15175,23503,6783,11386,5492,16720,760,366,394
15180,23514,6784,11392,5493,16726,761,366,395
15185,23518,6788,11395,5497,16729,761,366,395
15190,23528,6793,11400,5500,16735,761,366,395
15195,23534,6796,11403,5502,16737,761,366,395
15200,23545,6797,11409,5503,16746,762,367,395
15205,23549,6800,11411,5506,16749,762,367,395
15210,23559,6804,11418,5509,16754,762,367,395
15215,23565,6806,11421,5510,16756,762,367,395
15220,23576,6808,11424,5512,16767,763,367,396
15225,23580,6808,11425,5512,16772,763,367,396
15230,23590,6810,11430,5514,16778,763,367,396
15235,23596,6814,11435,5518,16781,763,367,396
15240,23607,6816,11439,5520,16790,764,368,396
15245,23611,6817,11441,5521,16793,764,368,396
15250,23621,6819,11446,5522,16800,764,368,396
15255,23627,6823,11448,5525,16804,764,368,396
15260,23638,6825,11454,5526,16810,765,369,396
15265,23642,6828,11457,5529,16814,765,369,396
15270,23652,6830,11462,5530,16821,765,369,396
15275,23658,6832,11463,5532,16826,765,369,396
15280,23669,6834,11468,5533,16834,766,370,396
15285,23673,6836,11470,5535,16837,766,370,396
15290,23683,6838,11473,5536,16845,766,370,396
15295,23689,6839,11475,5537,16850,766,370,396
15300,23700,6841,11481,5539,16856,767,370,397
15305,23704,6844,11482,5542,16860,767,370,397
15310,23714,6848,11488,5545,16865,767,370,397
15315,23720,6851,11491,5547,16869,767,370,397
15320,23731,6852,11495,5548,16878,768,370,398
15325,23735,6853,11495,5549,16882,768,370,398
15330,23745,6855,11500,5550,16890,768,370,398
15335,23751,6857,11502,5551,16893,768,370,398
15340,23762,6858,11506,5552,16902,769,370,399
15345,23766,6859,11507,5553,16907,769,370,399
15350,23776,6861,11508,5553,16915,769,370,399
15355,23782,6863,11510,5554,16918,769,370,399
15360,23793,6866,11514,5557,16925,770,370,400
15365,23797,6870,11517,5561,16927,770,370,400
15370,23807,6873,11521,5562,16934,770,370,400
15375,23813,6874,11526,5563,16938,770,370,400
15380,23824,6878,11534,5567,16943,771,371,400
15385,23828,6881,11535,5570,16947,771,371,400
15390,23838,6884,11543,5572,16953,771,371,400
15395,23844,6886,11545,5574,16958,771,371,400
15400,23855,6888,11551,5576,16964,772,371,401
15405,23859,6891,11553,5579,16968,772,371,401
15410,23869,6893,11559,5581,16976,772,371,401
15415,23875,6895,11564,5583,16979,772,371,401
15420,23886,6900,11571,5587,16983,773,372,401
15425,23890,6903,11571,5590,16987,773,372,401
15430,23900,6906,11575,5592,16993,773,372,401
15435,23906,6909,11580,5595,16997,773,372,401
15440,23917,6914,11586,5600,17002,774,372,402
15445,23921,6916,11589,5602,17004,774,372,402
15450,23931,6920,11594,5605,17011,774,372,402
15455,23937,6922,11598,5607,17014,774,372,402
15460,23948,6924,11604,5609,17022,775,373,402
15465,23952,6926,11605,5611,17025,775,373,402
15470,23962,6930,11609,5613,17032,775,373,402
15475,23968,6932,11611,5614,17035,775,373,402
15480,23979,6933,11615,5615,17045,776,373,403
15485,23983,6934,11618,5616,17047,776,373,403
15490,23993,6941,11626,5622,17051,776,373,403
15495,23999,6944,11630,5625,17054,776,373,403
15500,24010,6944,11634,5625,17066,777,374,403
15505,24014,6944,11635,5625,17069,777,374,403
15510,24024,6945,11641,5626,17079,777,374,403
15515,24030,6947,11645,5627,17082,777,374,403
15520,24041,6948,11653,5628,17091,778,375,403
15525,24045,6948,11656,5628,17097,778,375,403
15530,24055,6950,11659,5629,17105,778,375,403
15535,24061,6951,11660,5630,17110,778,375,403
15540,24072,6952,11664,5631,17119,779,375,404
15545,24076,6952,11665,5631,17124,779,375,404
15550,24086,6954,11670,5632,17130,779,375,404
15555,24092,6957,11671,5634,17134,779,375,404
15560,24103,6960,11677,5637,17143,780,376,404
15565,24107,6960,11679,5637,17146,780,376,404
15570,24117,6963,11684,5640,17153,780,376,404
15575,24123,6965,11685,5641,17158,780,376,404
15580,24134,6967,11690,5642,17165,781,377,404
15585,24138,6968,11691,5643,17169,781,377,404
15590,24148,6969,11695,5643,17177,781,377,404
15595,24154,6972,11697,5646,17181,781,377,404
15600,24165,6974,11700,5647,17189,782,377,405
15605,24169,6976,11700,5649,17193,782,377,405
15610,24179,6980,11707,5653,17198,782,377,405
15615,24185,6981,11707,5654,17204,782,377,405
15620,24196,6984,11715,5657,17209,783,378,405
15625,24200,6987,11716,5660,17213,783,378,405
15630,24210,6989,11720,5661,17221,783,378,405
15635,24216,6989,11723,5661,17226,783,378,405
15640,24227,6991,11728,5663,17233,784,378,406
15645,24231,6994,11729,5666,17237,784,378,406
15650,24241,6997,11732,5667,17243,784,378,406
15655,24247,6999,11735,5669,17247,784,378,406
15660,24258,7002,11741,5672,17253,785,378,407
15665,24262,7005,11742,5675,17256,785,378,407
15670,24272,7010,11748,5678,17261,785,378,407
15675,24278,7011,11750,5679,17266,785,378,407
15680,24289,7013,11754,5681,17274,786,378,408
15685,24293,7015,11755,5683,17278,786,378,408
15690,24303,7018,11763,5686,17284,786,378,408
15695,24309,7019,11767,5687,17289,786,378,408
15700,24320,7022,11771,5689,17296,787,378,409
15705,24324,7023,11774,5690,17300,787,378,409
15710,24334,7027,11781,5693,17306,787,378,409
15715,24340,7029,11783,5695,17310,787,378,409
15720,24351,7031,11788,5697,17318,788,378,410
15725,24355,7031,11788,5697,17324,788,378,410
15730,24365,7034,11794,5700,17331,788,378,410
15735,24371,7036,11798,5702,17335,788,378,410
15740,24382,7038,11806,5704,17340,789,379,410
15745,24386,7040,11808,5706,17345,789,379,410
15750,24396,7044,11814,5709,17351,789,379,410
15755,24402,7046,11817,5711,17356,789,379,410
15760,24413,7046,11819,5711,17367,790,380,410
15765,24417,7046,11822,5711,17370,790,380,410
15770,24427,7050,11824,5713,17377,790,380,410
15775,24433,7052,11826,5714,17380,790,380,410
15780,24444,7054,11831,5716,17389,791,381,410
15785,24448,7055,11833,5717,17392,791,381,410
15790,24458,7060,11836,5720,17398,791,381,410
15795,24464,7062,11839,5722,17402,791,381,410
15800,24475,7063,11846,5723,17410,792,382,410
15805,24479,7064,11846,5724,17415,792,382,410
15810,24489,7066,11850,5726,17422,792,382,410
15815,24495,7069,11855,5729,17425,792,382,410
15820,24506,7071,11863,5730,17432,793,383,410
15825,24510,7073,11864,5732,17437,793,383,410
15830,24520,7076,11869,5734,17443,793,383,410
15835,24526,7079,11873,5736,17445,793,383,410
15840,24537,7082,11878,5738,17452,794,383,411
15845,24541,7084,11880,5740,17457,794,383,411
15850,24551,7087,11886,5742,17463,794,383,411
15855,24557,7089,11889,5743,17468,794,383,411
15860,24568,7090,11892,5744,17477,795,383,412
15865,24572,7091,11895,5745,17480,795,383,412
15870,24582,7094,11899,5748,17488,795,383,412
15875,24588,7095,11901,5748,17493,795,383,412
15880,24599,7096,11905,5749,17501,796,383,413
15885,24603,7097,11907,5750,17506,796,383,413
15890,24613,7099,11911,5752,17513,796,383,413
15895,24619,7101,11914,5754,17517,796,383,413
15900,24630,7103,11918,5755,17525,797,384,413
15905,24634,7104,11918,5756,17530,797,384,413
15910,24644,7107,11922,5757,17537,797,384,413
15915,24650,7108,11927,5758,17540,797,384,413
15920,24661,7111,11931,5760,17549,798,385,413
15925,24665,7111,11931,5760,17554,798,385,413
15930,24675,7114,11935,5761,17560,798,385,413
15935,24681,7116,11937,5762,17563,798,385,413
15940,24692,7120,11941,5765,17570,799,386,413
15945,24696,7122,11944,5767,17573,799,386,413
15950,24706,7131,11951,5775,17575,799,386,413
15955,24712,7133,11954,5777,17578,799,386,413
15960,24723,7138,11961,5782,17582,800,387,413
15965,24727,7141,11963,5785,17586,800,387,413
15970,24737,7143,11968,5786,17594,800,387,413
15975,24743,7145,11970,5788,17598,800,387,413
15980,24754,7147,11977,5790,17604,801,388,413
15985,24758,7149,11979,5792,17608,801,388,413
15990,24768,7153,11982,5795,17615,801,388,413
15995,24774,7154,11984,5795,17619,801,388,413
16000,24785,7158,11991,5799,17624,802,389,413
16005,24789,7160,11995,5801,17629,802,389,413
16010,24799,7161,11999,5801,17638,802,389,413
16015,24805,7162,12002,5802,17643,802,389,413
16020,24816,7163,12009,5803,17652,803,390,413
16025,24820,7163,12012,5803,17657,803,390,413
16030,24830,7165,12017,5805,17664,803,390,413
16035,24836,7167,12021,5807,17669,803,390,413
16040,24847,7168,12026,5808,17677,804,391,413
16045,24851,7169,12030,5809,17682,804,391,413
16050,24861,7170,12033,5810,17690,804,391,413
16055,24867,7172,12037,5811,17695,804,391,413
16060,24878,7173,12041,5812,17703,805,391,414
16065,24882,7174,12041,5813,17708,805,391,414
16070,24892,7177,12046,5816,17714,805,391,414
16075,24898,7179,12046,5817,17719,805,391,414
16080,24909,7181,12054,5819,17725,806,391,415
16085,24913,7183,12056,5821,17729,806,391,415
16090,24923,7184,12059,5821,17738,806,391,415
16095,24929,7186,12061,5823,17742,806,391,415
16100,24940,7187,12066,5824,17751,807,392,415
16105,24944,7188,12067,5825,17755,807,392,415
16110,24954,7194,12073,5831,17759,807,392,415
16115,24960,7197,12076,5834,17762,807,392,415
16120,24971,7200,12081,5837,17767,808,392,416
16125,24975,7204,12082,5841,17771,808,392,416
16130,24985,7207,12084,5842,17777,808,392,416
16135,24991,7210,12087,5845,17780,808,392,416
16140,25002,7213,12089,5847,17787,809,392,417
16145,25006,7215,12090,5849,17791,809,392,417
16150,25016,7217,12091,5849,17798,809,392,417
16155,25022,7220,12093,5852,17802,809,392,417
16160,25033,7222,12098,5854,17809,810,393,417
16165,25037,7225,12100,5857,17811,810,393,417
16170,25047,7230,12106,5861,17816,810,393,417
16175,25053,7232,12108,5863,17820,810,393,417
16180,25064,7235,12113,5866,17827,811,393,418
16185,25068,7236,12114,5867,17832,811,393,418
16190,25078,7239,12119,5869,17837,811,393,418
16195,25084,7243,12123,5873,17840,811,393,418
16200,25095,7245,12128,5874,17847,812,394,418
16205,25099,7247,12130,5876,17851,812,394,418
16210,25109,7250,12135,5878,17858,812,394,418
16215,25115,7251,12138,5879,17864,812,394,418
16220,25126,7252,12146,5880,17871,813,394,419
16225,25130,7253,12147,5881,17877,813,394,419
16230,25140,7255,12151,5882,17885,813,394,419
16235,25146,7255,12154,5882,17890,813,394,419
16240,25157,7255,12159,5882,17900,814,395,419
16245,25161,7256,12162,5883,17904,814,395,419
16250,25171,7258,12168,5884,17913,814,395,419
16255,25177,7258,12172,5884,17919,814,395,419
16260,25188,7258,12176,5884,17928,815,395,420
16265,25192,7258,12177,5884,17934,815,395,420
16270,25202,7260,12181,5886,17942,815,395,420
16275,25208,7260,12184,5886,17947,815,395,420
16280,25219,7262,12189,5888,17955,816,396,420
16285,25223,7264,12192,5890,17959,816,396,420
16290,25233,7266,12197,5892,17967,816,396,420
16295,25239,7266,12198,5892,17973,816,396,420
16300,25250,7268,12205,5894,17979,817,396,421
16305,25254,7270,12206,5896,17984,817,396,421
16310,25264,7272,12211,5898,17991,817,396,421
16315,25270,7273,12213,5899,17996,817,396,421
16320,25281,7277,12219,5902,18001,818,396,422
16325,25285,7280,12219,5905,18005,818,396,422
16330,25295,7282,12222,5905,18011,818,396,422
16335,25301,7285,12223,5907,18016,818,396,422
16340,25312,7287,12227,5909,18023,819,397,422
16345,25316,7290,12231,5912,18025,819,397,422
16350,25326,7294,12234,5915,18031,819,397,422
16355,25332,7296,12236,5917,18035,819,397,422
16360,25343,7301,12243,5921,18038,820,397,423
16365,25347,7305,12243,5925,18042,820,397,423
16370,25357,7310,12249,5930,18046,820,397,423
16375,25363,7313,12251,5932,18050,820,397,423
16380,25374,7315,12256,5933,18056,821,397,424
16385,25378,7316,12256,5934,18062,821,397,424
16390,25388,7318,12261,5935,18068,821,397,424
16395,25394,7321,12263,5938,18072,821,397,424
16400,25405,7323,12268,5939,18079,822,398,424
16405,25409,7325,12271,5941,18083,822,398,424
16410,25419,7327,12274,5942,18092,822,398,424
16415,25425,7329,12275,5943,18096,822,398,424
16420,25436,7331,12280,5944,18103,823,398,425
16425,25440,7332,12281,5945,18107,823,398,425
16430,25450,7334,12284,5946,18115,823,398,425
16435,25456,7337,12287,5949,18119,823,398,425
16440,25467,7339,12290,5950,18125,824,398,426
16445,25471,7342,12293,5953,18129,824,398,426
16450,25481,7345,12300,5955,18135,824,398,426
16455,25487,7347,12300,5956,18140,824,398,426
16460,25498,7347,12305,5956,18149,825,398,427
16465,25502,7347,12306,5956,18155,825,398,427
16470,25512,7349,12312,5957,18162,825,398,427
16475,25518,7351,12314,5958,18166,825,398,427
16480,25529,7353,12319,5960,18174,826,399,427
16485,25533,7354,12322,5961,18178,826,399,427
16490,25543,7357,12326,5963,18186,826,399,427
16495,25549,7359,12328,5964,18190,826,399,427
16500,25560,7360,12333,5965,18198,827,400,427
16505,25564,7361,12334,5966,18203,827,400,427
16510,25574,7363,12338,5967,18211,827,400,427
16515,25580,7364,12339,5967,18216,827,400,427
16520,25591,7366,12347,5969,18222,828,401,427
16525,25595,7368,12349,5971,18227,828,401,427
16530,25605,7370,12353,5972,18234,828,401,427
16535,25611,7373,12357,5975,18237,828,401,427
16540,25622,7374,12362,5976,18246,829,401,428
16545,25626,7375,12364,5977,18250,829,401,428
16550,25636,7378,12371,5980,18258,829,401,428
16555,25642,7379,12375,5981,18263,829,401,428
16560,25653,7381,12381,5983,18268,830,402,428
16565,25657,7384,12384,5986,18273,830,402,428
16570,25667,7387,12389,5987,18279,830,402,428
16575,25673,7388,12392,5988,18284,830,402,428
16580,25684,7391,12400,5991,18290,831,403,428
16585,25688,7394,12403,5994,18293,831,403,428
16590,25698,7399,12407,5997,18298,831,403,428
16595,25704,7400,12411,5998,18304,831,403,428
16600,25715,7403,12418,6001,18310,832,403,429
16605,25719,7405,12419,6003,18314,832,403,429
16610,25729,7408,12424,6004,18320,832,403,429
16615,25735,7409,12427,6005,18325,832,403,429
16620,25746,7411,12428,6006,18333,833,403,430
16625,25750,7411,12429,6006,18338,833,403,430
16630,25760,7414,12433,6007,18346,833,403,430
16635,25766,7414,12436,6007,18352,833,403,430
16640,25777,7416,12441,6009,18359,834,403,431
16645,25781,7417,12444,6010,18363,834,403,431
16650,25791,7420,12451,6012,18371,834,403,431
16655,25797,7420,12454,6012,18376,834,403,431
16660,25808,7423,12462,6015,18382,835,404,431
16665,25812,7427,12465,6019,18383,835,404,431
16670,25822,7431,12468,6021,18390,835,404,431
16675,25828,7433,12470,6022,18393,835,404,431
16680,25839,7439,12477,6027,18397,836,404,432
16685,25843,7442,12478,6030,18400,836,404,432
16690,25853,7445,12483,6031,18407,836,404,432
16695,25859,7447,12486,6032,18411,836,404,432
16700,25870,7448,12490,6033,18420,837,404,433
16705,25874,7449,12492,6034,18424,837,404,433
16710,25884,7450,12494,6034,18434,837,404,433
16715,25890,7451,12497,6034,18438,837,404,433
16720,25901,7453,12502,6035,18444,838,405,433
16725,25905,7456,12504,6038,18448,838,405,433
16730,25915,7459,12508,6040,18455,838,405,433
16735,25921,7462,12512,6042,18459,838,405,433
16740,25932,7465,12518,6044,18464,839,405,434
16745,25936,7467,12519,6046,18469,839,405,434
16750,25946,7469,12523,6047,18476,839,405,434
16755,25952,7472,12526,6050,18480,839,405,434
16760,25963,7474,12532,6052,18487,840,405,435
16765,25967,7476,12534,6054,18490,840,405,435
16770,25977,7477,12538,6055,18500,840,405,435
16775,25983,7478,12542,6056,18505,840,405,435
16780,25994,7478,12546,6056,18515,841,405,436
16785,25998,7478,12550,6056,18520,841,405,436
16790,26008,7479,12553,6057,18529,841,405,436
16795,26014,7481,12558,6059,18532,841,405,436
16800,26025,7484,12564,6062,18539,842,406,436
16805,26029,7485,12565,6063,18544,842,406,436
16810,26039,7487,12571,6064,18551,842,406,436
16815,26045,7489,12575,6066,18555,842,406,436
16820,26056,7492,12582,6069,18562,843,407,436
16825,26060,7493,12583,6070,18567,843,407,436
16830,26070,7496,12587,6071,18573,843,407,436
16835,26076,7499,12590,6074,18577,843,407,436
16840,26087,7501,12594,6076,18583,844,407,437
16845,26091,7504,12597,6079,18587,844,407,437
16850,26101,7506,12601,6079,18595,844,407,437
16855,26107,7507,12604,6080,18599,844,407,437
16860,26118,7509,12608,6082,18607,845,407,438
16865,26122,7511,12609,6084,18611,845,407,438
16870,26132,7514,12613,6085,18617,845,407,438
16875,26138,7516,12614,6086,18621,845,407,438
16880,26149,7521,12619,6090,18627,846,408,438
16885,26153,7523,12621,6092,18629,846,408,438
16890,26163,7529,12625,6097,18634,846,408,438
16895,26169,7530,12627,6097,18637,846,408,438
16900,26180,7534,12633,6100,18642,847,409,438
16905,26184,7538,12635,6104,18644,847,409,438
16910,26194,7543,12641,6108,18650,847,409,438
16915,26200,7545,12646,6110,18653,847,409,438
16920,26211,7547,12652,6112,18662,848,410,438
16925,26215,7549,12656,6114,18665,848,410,438
16930,26225,7552,12661,6116,18672,848,410,438
16935,26231,7554,12664,6117,18677,848,410,438
16940,26242,7556,12671,6118,18682,849,411,438
16945,26246,7558,12673,6120,18687,849,411,438
16950,26256,7560,12677,6122,18696,849,411,438
16955,26262,7561,12680,6123,18700,849,411,438
16960,26273,7563,12687,6125,18708,850,412,438
16965,26277,7565,12688,6127,18712,850,412,438
16970,26287,7569,12693,6130,18718,850,412,438
16975,26293,7570,12696,6130,18723,850,412,438
16980,26304,7573,12703,6133,18729,851,413,438
16985,26308,7573,12704,6133,18735,851,413,438
16990,26318,7576,12709,6135,18742,851,413,438
16995,26324,7577,12711,6136,18747,851,413,438
17000,26335,7579,12718,6138,18752,852,414,438
17005,26339,7581,12720,6140,18758,852,414,438
17010,26349,7583,12725,6141,18765,852,414,438
17015,26355,7586,12729,6144,18769,852,414,438
17020,26366,7588,12733,6145,18776,853,415,438
17025,26370,7590,12735,6147,18780,853,415,438
17030,26380,7594,12739,6150,18785,853,415,438
17035,26386,7595,12741,6151,18791,853,415,438
17040,26397,7597,12746,6153,18798,854,416,438
17045,26401,7598,12749,6154,18802,854,416,438
17050,26411,7601,12755,6156,18810,854,416,438
17055,26417,7601,12758,6156,18815,854,416,438
17060,26428,7604,12765,6159,18822,855,417,438
17065,26432,7605,12768,6160,18826,855,417,438
17070,26442,7608,12771,6162,18834,855,417,438
17075,26448,7608,12774,6162,18839,855,417,438
17080,26459,7610,12781,6164,18846,856,417,439
17085,26463,7612,12781,6166,18851,856,417,439
17090,26473,7615,12785,6168,18858,856,417,439
17095,26479,7616,12789,6169,18861,856,417,439
17100,26490,7619,12795,6172,18869,857,418,439
17105,26494,7620,12798,6173,18872,857,418,439
17110,26504,7625,12802,6177,18879,857,418,439
17115,26510,7625,12806,6177,18885,857,418,439
17120,26521,7625,12809,6177,18896,858,418,440
17125,26525,7625,12811,6177,18900,858,418,440
17130,26535,7626,12819,6178,18909,858,418,440
17135,26541,7627,12820,6179,18914,858,418,440
17140,26552,7628,12828,6180,18923,859,419,440
17145,26556,7628,12829,6180,18927,859,419,440
17150,26566,7630,12832,6181,18935,859,419,440
17155,26572,7632,12835,6183,18939,859,419,440
17160,26583,7634,12839,6185,18947,860,419,441
17165,26587,7636,12841,6187,18951,860,419,441
17170,26597,7639,12847,6189,18957,860,419,441
17175,26603,7642,12849,6191,18960,860,419,441
17180,26614,7644,12854,6193,18970,861,420,441
17185,26618,7645,12857,6194,18972,861,420,441
17190,26628,7649,12863,6197,18978,861,420,441
17195,26634,7651,12864,6199,18983,861,420,441
17200,26645,7653,12870,6201,18991,862,421,441
17205,26649,7653,12872,6201,18995,862,421,441
17210,26659,7655,12876,6203,19004,862,421,441
17215,26665,7657,12879,6204,19008,862,421,441
17220,26676,7660,12885,6206,19013,863,421,442
17225,26680,7663,12888,6209,19017,863,421,442
17230,26690,7665,12892,6210,19023,863,421,442
17235,26696,7669,12894,6213,19027,863,421,442
17240,26707,7673,12900,6217,19033,864,421,443
17245,26711,7673,12901,6217,19038,864,421,443
17250,26721,7676,12907,6220,19044,864,421,443
17255,26727,7678,12909,6221,19048,864,421,443
17260,26738,7682,12915,6225,19055,865,422,443
17265,26742,7684,12918,6227,19057,865,422,443
17270,26752,7689,12923,6230,19062,865,422,443
17275,26758,7692,12925,6232,19065,865,422,443
17280,26769,7698,12934,6238,19067,866,422,444
17285,26773,7703,12937,6243,19070,866,422,444
17290,26783,7707,12942,6245,19074,866,422,444
17295,26789,7710,12944,6248,19079,866,422,444
17300,26800,7714,12952,6251,19083,867,423,444
17305,26804,7717,12954,6254,19087,867,423,444
17310,26814,7719,12960,6256,19095,867,423,444
17315,26820,7719,12960,6256,19101,867,423,444
17320,26831,7719,12967,6256,19111,868,424,444
17325,26835,7720,12970,6257,19113,868,424,444
17330,26845,7727,12979,6263,19118,868,424,444
17335,26851,7728,12984,6264,19121,868,424,444
17340,26862,7730,12991,6266,19131,869,425,444
17345,26866,7730,12993,6266,19136,869,425,444
17350,26876,7731,12997,6267,19145,869,425,444
17355,26882,7731,12999,6267,19150,869,425,444
17360,26893,7731,13002,6267,19162,870,426,444
17365,26897,7731,13003,6267,19166,870,426,444
17370,26907,7732,13009,6267,19175,870,426,444
17375,26913,7732,13012,6267,19181,870,426,444
17380,26924,7732,13017,6267,19191,871,426,445
17385,26928,7732,13018,6267,19196,871,426,445
17390,26938,7733,13024,6268,19205,871,426,445
17395,26944,7733,13026,6268,19211,871,426,445
17400,26955,7733,13034,6268,19221,872,427,445
17405,26959,7733,13036,6268,19226,872,427,445
17410,26969,7735,13041,6270,19234,872,427,445
17415,26975,7736,13043,6270,19239,872,427,445
17420,26986,7738,13049,6272,19247,873,427,446
17425,26990,7740,13051,6274,19250,873,427,446
17430,27000,7741,13056,6275,19258,873,427,446
17435,27006,7743,13060,6277,19263,873,427,446
17440,27017,7745,13065,6278,19272,874,427,447
17445,27021,7746,13068,6279,19274,874,427,447
17450,27031,7749,13071,6281,19281,874,427,447
17455,27037,7752,13076,6284,19284,874,427,447
17460,27048,7754,13084,6286,19290,875,428,447
17465,27052,7758,13085,6290,19294,875,428,447
17470,27062,7762,13093,6293,19298,875,428,447
17475,27068,7766,13096,6296,19302,875,428,447
17480,27079,7770,13103,6299,19307,876,429,447
17485,27083,7772,13104,6301,19311,876,429,447
17490,27093,7775,13108,6302,19317,876,429,447
17495,27099,7778,13113,6305,19319,876,429,447
17500,27110,7782,13120,6308,19324,877,430,447
17505,27114,7787,13123,6313,19327,877,430,447
17510,27124,7790,13128,6315,19332,877,430,447
17515,27130,7794,13131,6319,19335,877,430,447
17520,27141,7797,13138,6322,19340,878,431,447
17525,27145,7801,13139,6326,19344,878,431,447
17530,27155,7806,13144,6330,19348,878,431,447
17535,27161,7808,13146,6331,19352,878,431,447
17540,27172,7812,13154,6335,19357,879,431,448
17545,27176,7815,13157,6338,19360,879,431,448
17550,27186,7818,13158,6339,19368,879,431,448
17555,27192,7819,13160,6340,19373,879,431,448
17560,27203,7820,13163,6341,19383,880,431,449
17565,27207,7821,13167,6342,19385,880,431,449
17570,27217,7825,13172,6345,19391,880,431,449
17575,27223,7827,13173,6346,19396,880,431,449
17580,27234,7828,13182,6347,19402,881,432,449
17585,27238,7831,13184,6350,19407,881,432,449
17590,27248,7833,13189,6351,19414,881,432,449
17595,27254,7836,13192,6353,19418,881,432,449
17600,27265,7838,13199,6355,19424,882,432,450
17605,27269,7840,13201,6357,19428,882,432,450
17610,27279,7844,13207,6360,19434,882,432,450
17615,27285,7847,13212,6363,19438,882,432,450
17620,27296,7847,13215,6363,19448,883,432,451
17625,27300,7849,13218,6365,19451,883,432,451
17630,27310,7852,13223,6367,19458,883,432,451
17635,27316,7853,13225,6368,19462,883,432,451
17640,27327,7855,13229,6370,19472,884,432,452
17645,27331,7856,13231,6371,19474,884,432,452
17650,27341,7858,13235,6373,19483,884,432,452
17655,27347,7858,13237,6373,19488,884,432,452
17660,27358,7860,13242,6374,19497,885,432,453
17665,27362,7860,13244,6374,19502,885,432,453
17670,27372,7862,13249,6375,19510,885,432,453
17675,27378,7862,13254,6375,19514,885,432,453
17680,27389,7863,13258,6376,19525,886,432,454
17685,27393,7865,13259,6378,19528,886,432,454
17690,27403,7867,13264,6380,19536,886,432,454
17695,27409,7867,13267,6380,19541,886,432,454
17700,27420,7868,13269,6381,19552,887,432,455
17705,27424,7869,13270,6382,19555,887,432,455
17710,27434,7870,13275,6382,19563,887,432,455
17715,27440,7871,13279,6383,19568,887,432,455
17720,27451,7872,13283,6383,19579,888,433,455
17725,27455,7872,13284,6383,19583,888,433,455
17730,27465,7874,13286,6384,19591,888,433,455
17735,27471,7875,13290,6385,19596,888,433,455
17740,27482,7877,13294,6386,19603,889,433,456
17745,27486,7879,13295,6388,19607,889,433,456
17750,27496,7882,13301,6390,19612,889,433,456
17755,27502,7886,13304,6393,19615,889,433,456
17760,27513,7888,13310,6394,19621,890,434,456
17765,27517,7891,13313,6397,19626,890,434,456
17770,27527,7893,13316,6398,19633,890,434,456
17775,27533,7895,13318,6399,19638,890,434,456
17780,27544,7897,13322,6400,19645,891,435,456
17785,27548,7900,13324,6403,19648,891,435,456
17790,27558,7904,13329,6405,19653,891,435,456
17795,27564,7907,13332,6407,19657,891,435,456
17800,27575,7908,13334,6408,19666,892,435,457
17805,27579,7908,13335,6408,19671,892,435,457
17810,27589,7912,13340,6410,19676,892,435,457
17815,27595,7914,13342,6411,19680,892,435,457
17820,27606,7918,13347,6415,19686,893,435,458
17825,27610,7920,13347,6417,19690,893,435,458
17830,27620,7922,13351,6419,19697,893,435,458
17835,27626,7924,13353,6421,19702,893,435,458
17840,27637,7926,13355,6423,19711,894,435,459
17845,27641,7927,13356,6424,19714,894,435,459
17850,27651,7929,13362,6426,19721,894,435,459
17855,27657,7931,13365,6428,19726,894,435,459
17860,27668,7935,13370,6431,19732,895,436,459
17865,27672,7938,13374,6434,19732,895,436,459
17870,27682,7943,13378,6438,19738,895,436,459
17875,27688,7946,13384,6441,19739,895,436,459
17880,27699,7950,13387,6444,19746,896,437,459
17885,27703,7953,13388,6447,19750,896,437,459
17890,27713,7956,13392,6449,19757,896,437,459
17895,27719,7958,13394,6450,19761,896,437,459
17900,27730,7959,13396,6451,19770,897,437,460
17905,27734,7959,13399,6451,19773,897,437,460
17910,27744,7964,13402,6455,19780,897,437,460
17915,27750,7966,13406,6456,19781,897,437,460
17920,27761,7969,13408,6459,19790,898,437,461
17925,27765,7971,13411,6461,19793,898,437,461
17930,27775,7973,13420,6462,19801,898,437,461
17935,27781,7976,13425,6465,19804,898,437,461
17940,27792,7977,13427,6466,19814,899,437,462
17945,27796,7977,13430,6466,19818,899,437,462
17950,27806,7978,13431,6466,19827,899,437,462
17955,27812,7980,13434,6468,19831,899,437,462
17960,27823,7981,13439,6469,19840,900,437,463
17965,27827,7981,13440,6469,19846,900,437,463
17970,27837,7983,13447,6471,19853,900,437,463
17975,27843,7986,13449,6473,19857,900,437,463
17980,27854,7986,13454,6473,19866,901,437,464
17985,27858,7987,13456,6474,19871,901,437,464
17990,27868,7990,13460,6477,19878,901,437,464
17995,27874,7991,13462,6478,19883,901,437,464
18000,27885,7993,13469,6479,19890,902,438,464
18005,27889,7994,13471,6480,19895,902,438,464
18010,27899,7998,13479,6483,19899,902,438,464
18015,27905,8001,13481,6485,19904,902,438,464
18020,27916,8004,13488,6487,19909,903,438,465
18025,27920,8005,13490,6488,19915,903,438,465
18030,27930,8008,13494,6490,19921,903,438,465
18035,27936,8011,13498,6492,19925,903,438,465
18040,27947,8014,13503,6495,19931,904,439,465
18045,27951,8016,13505,6497,19934,904,439,465
18050,27961,8021,13510,6502,19940,904,439,465
18055,27967,8022,13513,6503,19945,904,439,465
18060,27978,8024,13520,6505,19949,905,439,466
18065,27982,8030,13521,6511,19952,905,439,466
18070,27992,8033,13525,6513,19957,905,439,466
18075,27998,8036,13526,6515,19961,905,439,466
18080,28009,8041,13531,6519,19965,906,439,467
18085,28013,8044,13532,6522,19969,906,439,467
18090,28023,8049,13538,6526,19972,906,439,467
18095,28029,8053,13540,6529,19975,906,439,467
18100,28040,8057,13545,6533,19980,907,439,468
18105,28044,8060,13549,6536,19982,907,439,468
18110,28054,8067,13555,6542,19987,907,439,468
18115,28060,8069,13557,6544,19991,907,439,468
18120,28071,8070,13561,6545,19999,908,440,468
18125,28075,8072,13562,6547,20003,908,440,468
18130,28085,8075,13565,6550,20010,908,440,468
18135,28091,8077,13568,6551,20014,908,440,468
18140,28102,8078,13574,6552,20022,909,441,468
18145,28106,8079,13576,6553,20027,909,441,468
18150,28116,8080,13578,6553,20036,909,441,468
18155,28122,8081,13579,6553,20041,909,441,468
18160,28133,8081,13584,6553,20050,910,442,468
18165,28137,8082,13586,6554,20055,910,442,468
18170,28147,8083,13591,6555,20063,910,442,468
18175,28153,8085,13594,6556,20067,910,442,468
18180,28164,8086,13599,6557,20076,911,443,468
18185,28168,8086,13600,6557,20081,911,443,468
18190,28178,8087,13604,6558,20091,911,443,468
18195,28184,8087,13606,6558,20096,911,443,468
18200,28195,8087,13617,6558,20106,912,444,468
18205,28199,8087,13619,6558,20112,912,444,468
18210,28209,8089,13624,6559,20119,912,444,468
18215,28215,8090,13625,6560,20124,912,444,468
18220,28226,8091,13628,6561,20133,913,444,469
18225,28230,8092,13630,6562,20137,913,444,469
18230,28240,8095,13636,6565,20145,913,444,469
18235,28246,8095,13641,6565,20150,913,444,469
18240,28257,8099,13645,6569,20157,914,444,470
18245,28261,8100,13645,6570,20161,914,444,470
18250,28271,8104,13649,6573,20167,914,444,470
18255,28277,8104,13653,6573,20172,914,444,470
18260,28288,8107,13660,6576,20179,915,445,470
18265,28292,8109,13661,6578,20183,915,445,470
18270,28302,8112,13668,6581,20189,915,445,470
18275,28308,8113,13671,6582,20194,915,445,470
18280,28319,8115,13674,6583,20203,916,446,470
18285,28323,8116,13676,6584,20207,916,446,470
18290,28333,8119,13679,6586,20213,916,446,470
18295,28339,8121,13679,6587,20218,916,446,470
18300,28350,8124,13683,6589,20224,917,447,470
18305,28354,8125,13684,6590,20229,917,447,470
18310,28364,8128,13688,6592,20236,917,447,470
18315,28370,8130,13690,6593,20240,917,447,470
18320,28381,8135,13696,6597,20244,918,448,470
18325,28385,8135,13697,6597,20249,918,448,470
18330,28395,8138,13700,6599,20257,918,448,470
18335,28401,8140,13703,6600,20260,918,448,470
18340,28412,8144,13708,6603,20266,919,449,470
18345,28416,8147,13710,6606,20268,919,449,470
18350,28426,8151,13714,6610,20274,919,449,470
18355,28432,8154,13717,6613,20277,919,449,470
18360,28443,8158,13723,6616,20281,920,449,471
18365,28447,8163,13725,6621,20283,920,449,471
18370,28457,8168,13731,6626,20287,920,449,471
18375,28463,8173,13734,6630,20289,920,449,471
18380,28474,8177,13740,6633,20294,921,450,471
18385,28478,8180,13742,6636,20296,921,450,471
18390,28488,8182,13745,6638,20306,921,450,471
18395,28494,8184,13748,6639,20310,921,450,471
18400,28505,8187,13754,6642,20315,922,450,472
18405,28509,8189,13756,6644,20320,922,450,472
18410,28519,8192,13763,6647,20326,922,450,472
18415,28525,8194,13766,6649,20330,922,450,472
18420,28536,8197,13773,6652,20338,923,450,473
18425,28540,8197,13776,6652,20342,923,450,473
18430,28550,8199,13779,6653,20351,923,450,473
18435,28556,8200,13783,6654,20355,923,450,473
18440,28567,8200,13787,6654,20365,924,450,474
18445,28571,8200,13788,6654,20370,924,450,474
18450,28581,8201,13791,6655,20380,924,450,474
18455,28587,8202,13793,6656,20384,924,450,474
18460,28598,8202,13798,6656,20394,925,450,475
18465,28602,8202,13801,6656,20399,925,450,475
18470,28612,8204,13807,6657,20407,925,450,475
18475,28618,8206,13811,6659,20411,925,450,475
18480,28629,8207,13816,6660,20421,926,450,476
18485,28633,8207,13817,6660,20426,926,450,476
18490,28643,8209,13820,6661,20434,926,450,476
18495,28649,8211,13823,6662,20437,926,450,476
18500,28660,8212,13825,6663,20446,927,450,477
18505,28664,8212,13827,6663,20452,927,450,477
18510,28674,8214,13831,6664,20460,927,450,477
18515,28680,8216,13835,6665,20463,927,450,477
18520,28691,8217,13840,6666,20473,928,451,477
18525,28695,8217,13842,6666,20478,928,451,477
18530,28705,8220,13847,6669,20484,928,451,477
18535,28711,8223,13851,6671,20488,928,451,477
18540,28722,8226,13857,6674,20494,929,452,477
18545,28726,8229,13861,6677,20496,929,452,477
18550,28736,8233,13867,6681,20502,929,452,477
18555,28742,8236,13870,6684,20506,929,452,477
18560,28753,8239,13874,6686,20512,930,453,477
18565,28757,8242,13877,6689,20514,930,453,477
18570,28767,8247,13882,6692,20519,930,453,477
18575,28773,8250,13885,6695,20523,930,453,477
18580,28784,8252,13890,6696,20529,931,453,478
18585,28788,8256,13893,6700,20531,931,453,478
18590,28798,8261,13899,6705,20536,931,453,478
18595,28804,8263,13902,6707,20540,931,453,478
18600,28815,8266,13906,6709,20546,932,454,478
18605,28819,8269,13907,6712,20550,932,454,478
18610,28829,8273,13913,6715,20555,932,454,478
18615,28835,8275,13915,6717,20560,932,454,478
18620,28846,8276,13918,6717,20567,933,454,479
18625,28850,8280,13920,6721,20569,933,454,479
18630,28860,8284,13923,6725,20576,933,454,479
18635,28866,8285,13928,6726,20579,933,454,479
18640,28877,8290,13935,6730,20584,934,454,480
18645,28881,8293,13935,6733,20588,934,454,480
18650,28891,8296,13939,6735,20595,934,454,480
18655,28897,8296,13940,6735,20601,934,454,480
18660,28908,8296,13945,6735,20610,935,454,481
18665,28912,8296,13947,6735,20616,935,454,481
18670,28922,8297,13951,6736,20625,935,454,481
18675,28928,8297,13954,6736,20629,935,454,481
18680,28939,8297,13960,6736,20640,936,455,481
18685,28943,8297,13961,6736,20646,936,455,481
18690,28953,8299,13968,6738,20653,936,455,481
18695,28959,8301,13971,6740,20658,936,455,481
18700,28970,8301,13976,6740,20668,937,456,481
18705,28974,8301,13977,6740,20673,937,456,481
18710,28984,8302,13979,6740,20682,937,456,481
18715,28990,8303,13983,6740,20686,937,456,481
18720,29001,8303,13986,6740,20697,938,456,482
18725,29005,8303,13987,6740,20702,938,456,482
18730,29015,8304,13990,6740,20711,938,456,482
18735,29021,8305,13992,6740,20716,938,456,482
18740,29032,8306,13995,6741,20724,939,457,482
18745,29036,8306,13995,6741,20730,939,457,482
18750,29046,8308,13998,6741,20737,939,457,482
18755,29052,8311,14003,6743,20740,939,457,482
18760,29063,8315,14010,6747,20745,940,458,482
18765,29067,8317,14012,6749,20750,940,458,482
18770,29077,8321,14017,6752,20755,940,458,482
18775,29083,8324,14019,6754,20759,940,458,482
18780,29094,8327,14024,6757,20764,941,458,483
18785,29098,8328,14024,6758,20770,941,458,483
18790,29108,8331,14030,6760,20775,941,458,483
18795,29114,8334,14035,6763,20779,941,458,483
18800,29125,8338,14041,6767,20784,942,458,484
18805,29129,8342,14044,6771,20786,942,458,484
18810,29139,8346,14048,6774,20793,942,458,484
18815,29145,8347,14051,6775,20797,942,458,484
18820,29156,8351,14054,6778,20804,943,459,484
18825,29160,8353,14057,6780,20806,943,459,484
18830,29170,8359,14062,6785,20811,943,459,484
18835,29176,8362,14067,6788,20812,943,459,484
18840,29187,8367,14072,6792,20817,944,459,485
18845,29191,8370,14073,6795,20821,944,459,485
18850,29201,8375,14080,6800,20826,944,459,485
18855,29207,8376,14081,6800,20830,944,459,485
18860,29218,8382,14091,6806,20834,945,460,485
18865,29222,8385,14093,6809,20837,945,460,485
18870,29232,8386,14100,6809,20845,945,460,485
18875,29238,8388,14103,6810,20849,945,460,485
18880,29249,8391,14108,6812,20857,946,461,485
18885,29253,8392,14111,6813,20861,946,461,485
18890,29263,8394,14115,6814,20869,946,461,485
18895,29269,8395,14118,6815,20873,946,461,485
18900,29280,8398,14125,6818,20880,947,462,485
18905,29284,8399,14128,6819,20884,947,462,485
18910,29294,8402,14131,6821,20892,947,462,485
18915,29300,8403,14135,6822,20897,947,462,485
18920,29311,8403,14139,6822,20906,948,462,486
18925,29315,8403,14140,6822,20912,948,462,486
18930,29325,8404,14145,6823,20921,948,462,486
18935,29331,8405,14148,6824,20926,948,462,486
18940,29342,8405,14152,6824,20935,949,462,487
18945,29346,8405,14154,6824,20940,949,462,487
18950,29356,8406,14157,6824,20949,949,462,487
18955,29362,8408,14159,6825,20954,949,462,487
18960,29373,8408,14167,6825,20962,950,463,487
18965,29377,8409,14167,6826,20968,950,463,487
18970,29387,8412,14171,6828,20975,950,463,487
18975,29393,8413,14174,6828,20980,950,463,487
18980,29404,8413,14179,6828,20987,951,464,487
18985,29408,8415,14180,6830,20993,951,464,487
18990,29418,8418,14184,6832,20999,951,464,487
18995,29424,8420,14187,6833,21003,951,464,487
19000,29435,8422,14194,6835,21010,952,464,488
19005,29439,8423,14197,6836,21016,952,464,488
19010,29449,8425,14202,6838,21023,952,464,488
19015,29455,8428,14206,6841,21027,952,464,488
19020,29466,8432,14213,6845,21030,953,464,489
19025,29470,8434,14214,6847,21035,953,464,489
19030,29480,8439,14219,6850,21039,953,464,489
19035,29486,8442,14222,6853,21043,953,464,489
19040,29497,8446,14227,6856,21047,954,464,490
19045,29501,8450,14229,6860,21050,954,464,490
19050,29511,8455,14236,6865,21055,954,464,490
19055,29517,8457,14238,6866,21060,954,464,490
19060,29528,8462,14248,6871,21062,955,465,490
19065,29532,8467,14251,6876,21065,955,465,490
19070,29542,8470,14257,6878,21071,955,465,490
19075,29548,8472,14257,6879,21076,955,465,490
19080,29559,8475,14265,6882,21080,956,466,490
19085,29563,8478,14266,6885,21084,956,466,490
19090,29573,8483,14270,6889,21089,956,466,490
19095,29579,8487,14273,6892,21091,956,466,490
19100,29590,8491,14277,6896,21098,957,467,490
19105,29594,8491,14279,6896,21101,957,467,490
19110,29604,8498,14284,6902,21106,957,467,490
19115,29610,8499,14288,6903,21109,957,467,490
19120,29621,8503,14292,6906,21116,958,468,490
19125,29625,8504,14293,6907,21121,958,468,490
19130,29635,8509,14299,6910,21126,958,468,490
19135,29641,8509,14303,6910,21131,958,468,490
19140,29652,8509,14309,6910,21142,959,469,490
19145,29656,8509,14313,6910,21146,959,469,490
19150,29666,8510,14320,6911,21156,959,469,490
19155,29672,8510,14324,6911,21161,959,469,490
19160,29683,8510,14330,6911,21171,960,470,490
19165,29687,8510,14330,6911,21177,960,470,490
19170,29697,8511,14336,6912,21186,960,470,490
19175,29703,8511,14339,6912,21191,960,470,490
19180,29714,8511,14343,6912,21202,961,470,491
19185,29718,8511,14345,6912,21207,961,470,491
19190,29728,8512,14350,6913,21216,961,470,491
19195,29734,8512,14352,6913,21221,961,470,491
19200,29745,8512,14359,6913,21232,962,471,491
19205,29749,8512,14359,6913,21237,962,471,491
19210,29759,8514,14367,6915,21244,962,471,491
19215,29765,8516,14370,6916,21248,962,471,491
19220,29776,8516,14376,6916,21258,963,471,492
19225,29780,8517,14380,6917,21263,963,471,492
19230,29790,8519,14386,6919,21270,963,471,492
19235,29796,8521,14389,6921,21274,963,471,492
19240,29807,8525,14396,6925,21279,964,471,493
19245,29811,8528,14396,6928,21283,964,471,493
19250,29821,8532,14401,6931,21288,964,471,493
19255,29827,8535,14404,6933,21291,964,471,493
19260,29838,8539,14411,6937,21295,965,471,494
19265,29842,8544,14415,6942,21297,965,471,494
19270,29852,8547,14419,6943,21304,965,471,494
19275,29858,8550,14421,6945,21308,965,471,494
19280,29869,8554,14426,6948,21313,966,471,495
19285,29873,8556,14428,6950,21316,966,471,495
19290,29883,8560,14430,6952,21323,966,471,495
19295,29889,8562,14434,6953,21326,966,471,495
19300,29900,8567,14440,6957,21331,967,472,495
19305,29904,8570,14441,6960,21334,967,472,495
19310,29914,8574,14447,6964,21339,967,472,495
19315,29920,8577,14451,6967,21342,967,472,495
19320,29931,8582,14456,6971,21348,968,473,495
19325,29935,8584,14457,6973,21351,968,473,495
19330,29945,8589,14461,6977,21356,968,473,495
19335,29951,8591,14464,6978,21358,968,473,495
19340,29962,8597,14472,6984,21361,969,473,496
19345,29966,8603,14474,6990,21363,969,473,496
19350,29976,8605,14478,6992,21370,969,473,496
19355,29982,8608,14482,6995,21373,969,473,496
19360,29993,8608,14487,6995,21384,970,473,497
19365,29997,8609,14490,6996,21388,970,473,497
19370,30007,8610,14496,6996,21396,970,473,497
19375,30013,8613,14500,6998,21399,970,473,497
19380,30024,8613,14506,6998,21409,971,474,497
19385,30028,8614,14508,6999,21414,971,474,497
19390,30038,8615,14515,6999,21423,971,474,497
19395,30044,8615,14516,6999,21429,971,474,497
19400,30055,8615,14518,6999,21440,972,474,498
19405,30059,8615,14521,6999,21443,972,474,498
19410,30069,8616,14527,6999,21453,972,474,498
19415,30075,8616,14529,6999,21458,972,474,498
19420,30086,8616,14533,6999,21468,973,474,499
19425,30090,8616,14534,6999,21473,973,474,499
19430,30100,8617,14541,7000,21483,973,474,499
19435,30106,8617,14545,7000,21489,973,474,499
19440,30117,8617,14552,7000,21498,974,475,499
19445,30121,8617,14552,7000,21504,974,475,499
19450,30131,8619,14555,7001,21511,974,475,499
19455,30137,8620,14558,7002,21516,974,475,499
19460,30148,8623,14563,7004,21523,975,476,499
19465,30152,8624,14565,7005,21528,975,476,499
19470,30162,8627,14567,7006,21535,975,476,499
19475,30168,8627,14569,7006,21540,975,476,499
19480,30179,8629,14574,7007,21549,976,477,499
19485,30183,8631,14577,7009,21552,976,477,499
19490,30193,8635,14582,7012,21558,976,477,499
19495,30199,8637,14586,7014,21561,976,477,499
19500,30210,8640,14591,7016,21568,977,478,499
19505,30214,8642,14592,7018,21572,977,478,499
19510,30224,8645,14595,7019,21577,977,478,499
19515,30230,8648,14597,7021,21582,977,478,499
19520,30241,8651,14604,7024,21587,978,479,499
19525,30245,8654,14605,7027,21590,978,479,499
19530,30255,8659,14611,7031,21595,978,479,499
19535,30261,8663,14614,7034,21597,978,479,499
19540,30272,8666,14617,7037,21605,979,479,500
19545,30276,8669,14620,7040,21606,979,479,500
19550,30286,8673,14624,7043,21611,979,479,500
19555,30292,8677,14627,7046,21613,979,479,500
19560,30303,8682,14631,7051,21620,980,479,501
19565,30307,8683,14632,7052,21623,980,479,501
19570,30317,8690,14637,7058,21627,980,479,501
19575,30323,8693,14640,7060,21629,980,479,501
19580,30334,8698,14647,7065,21633,981,479,502
19585,30338,8701,14650,7068,21636,981,479,502
19590,30348,8703,14652,7069,21645,981,479,502
19595,30354,8704,14655,7069,21648,981,479,502
19600,30365,8707,14662,7072,21656,982,480,502
19605,30369,8708,14662,7073,21661,982,480,502
19610,30379,8710,14667,7075,21668,982,480,502
19615,30385,8713,14670,7077,21671,982,480,502
19620,30396,8716,14676,7079,21678,983,481,502
19625,30400,8717,14677,7080,21682,983,481,502
19630,30410,8719,14683,7081,21690,983,481,502
19635,30416,8721,14686,7083,21694,983,481,502
19640,30427,8721,14693,7083,21704,984,482,502
19645,30431,8722,14695,7084,21709,984,482,502
19650,30441,8723,14700,7085,21718,984,482,502
19655,30447,8724,14702,7085,21723,984,482,502
19660,30458,8725,14707,7086,21731,985,482,503
19665,30462,8725,14707,7086,21737,985,482,503
19670,30472,8727,14711,7088,21744,985,482,503
19675,30478,8730,14714,7090,21748,985,482,503
19680,30489,8730,14720,7090,21757,986,482,504
19685,30493,8731,14722,7091,21762,986,482,504
19690,30503,8733,14727,7092,21770,986,482,504
19695,30509,8734,14730,7093,21774,986,482,504
19700,30520,8735,14733,7094,21782,987,482,505
19705,30524,8736,14736,7095,21788,987,482,505
19710,30534,8739,14742,7098,21795,987,482,505
19715,30540,8740,14744,7099,21800,987,482,505
19720,30551,8743,14748,7102,21807,988,482,506
19725,30555,8743,14750,7102,21811,988,482,506
19730,30565,8747,14755,7106,21818,988,482,506
19735,30571,8749,14760,7108,21821,988,482,506
19740,30582,8754,14768,7113,21824,989,482,507
19745,30586,8759,14772,7118,21826,989,482,507
19750,30596,8764,14779,7123,21832,989,482,507
19755,30602,8765,14783,7124,21835,989,482,507
19760,30613,8771,14789,7130,21840,990,482,508
19765,30617,8773,14791,7132,21842,990,482,508
19770,30627,8780,14796,7137,21846,990,482,508
19775,30633,8781,14799,7138,21850,990,482,508
19780,30644,8785,14805,7142,21858,991,482,509
19785,30648,8786,14807,7143,21861,991,482,509
19790,30658,8789,14812,7145,21868,991,482,509
19795,30664,8790,14816,7146,21872,991,482,509
19800,30675,8791,14823,7147,21882,992,483,509
19805,30679,8793,14826,7149,21885,992,483,509
19810,30689,8795,14831,7150,21893,992,483,509
19815,30695,8796,14835,7151,21898,992,483,509
19820,30706,8797,14840,7151,21907,993,484,509
19825,30710,8799,14842,7153,21911,993,484,509
19830,30720,8801,14843,7154,21919,993,484,509
19835,30726,8801,14845,7154,21925,993,484,509
19840,30737,8801,14850,7154,21935,994,485,509
19845,30741,8801,14851,7154,21939,994,485,509
19850,30751,8802,14853,7155,21949,994,485,509
19855,30757,8803,14856,7156,21953,994,485,509
19860,30768,8804,14866,7157,21961,995,486,509
19865,30772,8805,14868,7158,21967,995,486,509
19870,30782,8806,14871,7159,21976,995,486,509
19875,30788,8808,14876,7161,21980,995,486,509
19880,30799,8809,14882,7162,21989,996,486,510
19885,30803,8810,14884,7163,21993,996,486,510
19890,30813,8812,14889,7164,22001,996,486,510
19895,30819,8814,14893,7165,22005,996,486,510
19900,30830,8815,14898,7166,22013,997,486,511
19905,30834,8816,14899,7167,22018,997,486,511
19910,30844,8818,14904,7168,22025,997,486,511
19915,30850,8821,14907,7171,22029,997,486,511
19920,30861,8823,14911,7173,22037,998,486,512
19925,30865,8824,14914,7174,22041,998,486,512
19930,30875,8826,14918,7175,22048,998,486,512
19935,30881,8828,14920,7176,22052,998,486,512
19940,30892,8832,14924,7180,22059,999,486,513
19945,30896,8834,14927,7182,22061,999,486,513
19950,30906,8839,14932,7186,22066,999,486,513
19955,30912,8841,14934,7188,22071,999,486,513
19960,30923,8845,14942,7192,22075,1000,487,513
19965,30927,8848,14943,7195,22079,1000,487,513
19970,30937,8852,14950,7198,22084,1000,487,513
19975,30943,8854,14953,7200,22088,1000,487,513
19980,30954,8856,14956,7202,22096,1001,487,514
19985,30958,8859,14959,7205,22097,1001,487,514
19990,30968,8866,14962,7210,22102,1001,487,514
19995,30974,8869,14966,7212,22103,1001,487,514
20000,30985,8875,14971,7217,22109,1002,488,514
20005,30989,8878,14975,7220,22110,1002,488,514
20010,30999,8882,14982,7223,22116,1002,488,514
20015,31005,8884,14985,7225,22121,1002,488,514
20020,31016,8887,14993,7228,22127,1003,488,515
20025,31020,8889,14996,7230,22131,1003,488,515
20030,31030,8893,15000,7233,22137,1003,488,515
20035,31036,8894,15002,7234,22142,1003,488,515
20040,31047,8896,15007,7236,22150,1004,489,515
20045,31051,8897,15008,7237,22153,1004,489,515
20050,31061,8898,15013,7238,22162,1004,489,515
20055,31067,8900,15017,7239,22166,1004,489,515
20060,31078,8902,15020,7241,22176,1005,489,516
20065,31082,8903,15023,7242,22178,1005,489,516
20070,31092,8905,15027,7244,22187,1005,489,516
20075,31098,8906,15029,7245,22192,1005,489,516
20080,31109,8909,15034,7247,22198,1006,490,516
20085,31113,8911,15037,7249,22201,1006,490,516
20090,31123,8912,15040,7249,22210,1006,490,516
20095,31129,8914,15044,7251,22214,1006,490,516
20100,31140,8916,15048,7253,22222,1007,490,517
20105,31144,8917,15049,7254,22227,1007,490,517
20110,31154,8919,15054,7255,22235,1007,490,517
20115,31160,8920,15058,7256,22240,1007,490,517
20120,31171,8920,15060,7256,22250,1008,490,518
20125,31175,8921,15060,7257,22254,1008,490,518
20130,31185,8923,15064,7257,22262,1008,490,518
20135,31191,8924,15065,7257,22267,1008,490,518
20140,31202,8926,15071,7259,22275,1009,490,519
20145,31206,8927,15072,7260,22279,1009,490,519
20150,31216,8929,15073,7260,22287,1009,490,519
20155,31222,8930,15074,7260,22292,1009,490,519
20160,31233,8931,15079,7261,22301,1010,491,519
20165,31237,8932,15080,7262,22305,1010,491,519
20170,31247,8934,15087,7263,22312,1010,491,519
20175,31253,8936,15091,7265,22316,1010,491,519
20180,31264,8937,15098,7266,22325,1011,492,519
20185,31268,8939,15100,7268,22328,1011,492,519
20190,31278,8943,15106,7271,22334,1011,492,519
20195,31284,8945,15109,7272,22338,1011,492,519
20200,31295,8948,15117,7275,22345,1012,493,519
20205,31299,8949,15118,7276,22350,1012,493,519
20210,31309,8953,15123,7279,22354,1012,493,519
20215,31315,8956,15125,7282,22358,1012,493,519
20220,31326,8959,15131,7285,22364,1013,494,519
20225,31330,8963,15132,7289,22367,1013,494,519
20230,31340,8968,15138,7293,22370,1013,494,519
20235,31346,8972,15139,7296,22374,1013,494,519
20240,31357,8976,15145,7299,22378,1014,494,520
20245,31361,8981,15148,7304,22379,1014,494,520
20250,31371,8987,15152,7308,22383,1014,494,520
20255,31377,8990,15155,7310,22385,1014,494,520
20260,31388,8993,15157,7312,22393,1015,494,521
20265,31392,8995,15159,7314,22396,1015,494,521
20270,31402,8999,15166,7318,22403,1015,494,521
20275,31408,9001,15170,7320,22406,1015,494,521
20280,31419,9002,15173,7320,22414,1016,494,522
20285,31423,9004,15173,7322,22419,1016,494,522
20290,31433,9006,15177,7323,22426,1016,494,522
20295,31439,9009,15180,7326,22429,1016,494,522
20300,31450,9012,15186,7329,22436,1017,494,523
20305,31454,9013,15187,7330,22441,1017,494,523
20310,31464,9016,15193,7333,22446,1017,494,523
20315,31470,9020,15199,7337,22448,1017,494,523
20320,31481,9023,15206,7340,22457,1018,495,523
20325,31485,9024,15206,7341,22461,1018,495,523
20330,31495,9025,15210,7341,22470,1018,495,523
20335,31501,9025,15214,7341,22475,1018,495,523
20340,31512,9026,15218,7342,22485,1019,495,524
20345,31516,9027,15220,7343,22489,1019,495,524
20350,31526,9030,15225,7346,22496,1019,495,524
20355,31532,9030,15227,7346,22502,1019,495,524
20360,31543,9030,15232,7346,22512,1020,495,525
20365,31547,9030,15233,7346,22517,1020,495,525
20370,31557,9032,15238,7347,22525,1020,495,525
20375,31563,9032,15240,7347,22530,1020,495,525
20380,31574,9034,15244,7349,22539,1021,495,526
20385,31578,9034,15245,7349,22544,1021,495,526
20390,31588,9036,15250,7351,22552,1021,495,526
20395,31594,9036,15253,7351,22557,1021,495,526
20400,31605,9038,15262,7353,22565,1022,496,526
20405,31609,9039,15265,7354,22570,1022,496,526
20410,31619,9041,15269,7355,22578,1022,496,526
20415,31625,9041,15271,7355,22583,1022,496,526
20420,31636,9042,15274,7356,22592,1023,496,527
20425,31640,9043,15275,7357,22597,1023,496,527
20430,31650,9045,15279,7359,22605,1023,496,527
20435,31656,9046,15281,7359,22610,1023,496,527
20440,31667,9049,15287,7362,22616,1024,496,528
20445,31671,9050,15289,7363,22620,1024,496,528
20450,31681,9054,15295,7367,22627,1024,496,528
20455,31687,9055,15296,7368,22632,1024,496,528
20460,31698,9058,15300,7370,22638,1025,497,528
20465,31702,9060,15302,7372,22641,1025,497,528
20470,31712,9065,15308,7376,22646,1025,497,528
20475,31718,9068,15312,7379,22648,1025,497,528
20480,31729,9074,15320,7385,22651,1026,497,529
20485,31733,9079,15323,7390,22653,1026,497,529
20490,31743,9082,15328,7392,22660,1026,497,529
20495,31749,9084,15332,7394,22663,1026,497,529
20500,31760,9085,15336,7395,22673,1027,497,530
20505,31764,9085,15337,7395,22679,1027,497,530
20510,31774,9087,15344,7396,22686,1027,497,530
20515,31780,9090,15348,7399,22689,1027,497,530
20520,31791,9091,15351,7400,22699,1028,497,531
20525,31795,9092,15352,7401,22703,1028,497,531
20530,31805,9094,15355,7402,22711,1028,497,531
20535,31811,9095,15358,7403,22715,1028,497,531
20540,31822,9097,15363,7404,22723,1029,498,531
20545,31826,9098,15365,7405,22727,1029,498,531
20550,31836,9100,15371,7407,22736,1029,498,531
20555,31842,9102,15374,7409,22740,1029,498,531
20560,31853,9104,15380,7410,22745,1030,498,532
20565,31857,9107,15380,7413,22750,1030,498,532
20570,31867,9109,15382,7414,22758,1030,498,532
20575,31873,9111,15387,7416,22761,1030,498,532
20580,31884,9114,15391,7418,22769,1031,498,533
20585,31888,9114,15393,7418,22774,1031,498,533
20590,31898,9117,15399,7420,22780,1031,498,533
20595,31904,9119,15402,7421,22785,1031,498,533
20600,31915,9122,15409,7424,22790,1032,499,533
20605,31919,9123,15411,7425,22796,1032,499,533
20610,31929,9127,15416,7428,22801,1032,499,533
20615,31935,9130,15418,7430,22805,1032,499,533
20620,31946,9132,15424,7431,22809,1033,499,534
20625,31950,9137,15428,7436,22812,1033,499,534
20630,31960,9140,15433,7438,22818,1033,499,534
20635,31966,9143,15434,7440,22822,1033,499,534
20640,31977,9148,15442,7444,22825,1034,500,534
20645,31981,9153,15444,7449,22828,1034,500,534
20650,31991,9157,15448,7451,22832,1034,500,534
20655,31997,9161,15452,7454,22836,1034,500,534
20660,32008,9164,15457,7456,22841,1035,501,534
20665,32012,9166,15458,7458,22846,1035,501,534
20670,32022,9169,15461,7459,22852,1035,501,534
20675,32028,9170,15465,7460,22857,1035,501,534
20680,32039,9175,15471,7464,22861,1036,501,535
20685,32043,9178,15472,7467,22865,1036,501,535
20690,32053,9183,15477,7471,22870,1036,501,535
20695,32059,9184,15481,7472,22873,1036,501,535
20700,32070,9189,15489,7476,22878,1037,502,535
20705,32074,9191,15491,7478,22883,1037,502,535
20710,32084,9192,15495,7478,22892,1037,502,535
20715,32090,9192,15500,7478,22897,1037,502,535
20720,32101,9192,15504,7478,22907,1038,503,535
20725,32105,9192,15506,7478,22912,1038,503,535
20730,32115,9193,15511,7478,22922,1038,503,535
20735,32121,9193,15512,7478,22928,1038,503,535
20740,32132,9193,15515,7478,22937,1039,504,535
20745,32136,9193,15517,7478,22943,1039,504,535
20750,32146,9194,15524,7479,22952,1039,504,535
20755,32152,9194,15529,7479,22957,1039,504,535
20760,32163,9194,15533,7479,22967,1040,504,536
20765,32167,9194,15533,7479,22973,1040,504,536
20770,32177,9196,15538,7480,22981,1040,504,536
20775,32183,9198,15541,7481,22985,1040,504,536
20780,32194,9199,15545,7482,22993,1041,504,537
20785,32198,9199,15547,7482,22999,1041,504,537
20790,32208,9200,15552,7482,23007,1041,504,537
20795,32214,9203,15555,7485,23011,1041,504,537
20800,32225,9203,15561,7485,23020,1042,505,537
20805,32229,9204,15561,7486,23025,1042,505,537
20810,32239,9207,15566,7488,23031,1042,505,537
20815,32245,9210,15570,7490,23034,1042,505,537
20820,32256,9215,15576,7494,23038,1043,505,538
20825,32260,9217,15579,7496,23043,1043,505,538
20830,32270,9222,15586,7500,23046,1043,505,538
20835,32276,9225,15588,7502,23050,1043,505,538
20840,32287,9231,15596,7508,23054,1044,506,538
20845,32291,9232,15597,7509,23059,1044,506,538
20850,32301,9234,15602,7510,23065,1044,506,538
20855,32307,9238,15604,7514,23069,1044,506,538
20860,32318,9240,15609,7516,23076,1045,507,538
20865,32322,9241,15609,7517,23081,1045,507,538
20870,32332,9246,15613,7520,23085,1045,507,538
20875,32338,9248,15615,7522,23089,1045,507,538
20880,32349,9252,15620,7526,23095,1046,508,538
20885,32353,9254,15623,7528,23097,1046,508,538
20890,32363,9259,15626,7531,23102,1046,508,538
20895,32369,9262,15628,7533,23105,1046,508,538
20900,32380,9267,15633,7538,23111,1047,508,539
20905,32384,9269,15634,7540,23114,1047,508,539
20910,32394,9276,15641,7546,23116,1047,508,539
20915,32400,9279,15644,7548,23120,1047,508,539
20920,32411,9280,15652,7549,23127,1048,509,539
20925,32415,9283,15654,7552,23131,1048,509,539
20930,32425,9287,15661,7556,23138,1048,509,539
20935,32431,9288,15664,7556,23141,1048,509,539
20940,32442,9288,15668,7556,23153,1049,509,540
20945,32446,9288,15671,7556,23157,1049,509,540
20950,32456,9290,15677,7558,23165,1049,509,540
20955,32462,9292,15680,7559,23169,1049,509,540
20960,32473,9292,15687,7559,23178,1050,509,541
20965,32477,9293,15690,7560,23183,1050,509,541
20970,32487,9294,15694,7560,23192,1050,509,541
20975,32493,9297,15698,7563,23195,1050,509,541
20980,32504,9298,15705,7564,23203,1051,509,542
20985,32508,9299,15708,7565,23209,1051,509,542
20990,32518,9301,15715,7566,23216,1051,509,542
20995,32524,9303,15718,7568,23221,1051,509,542
21000,32535,9304,15727,7569,23229,1052,510,542
21005,32539,9305,15728,7570,23234,1052,510,542
21010,32549,9306,15735,7571,23243,1052,510,542
21015,32555,9306,15740,7571,23248,1052,510,542
21020,32566,9308,15744,7573,23256,1053,510,543
21025,32570,9309,15745,7574,23261,1053,510,543
21030,32580,9311,15746,7574,23269,1053,510,543
21035,32586,9311,15747,7574,23275,1053,510,543
21040,32597,9313,15751,7575,23281,1054,510,544
21045,32601,9317,15753,7579,23284,1054,510,544
21050,32611,9320,15756,7580,23290,1054,510,544
21055,32617,9321,15760,7581,23295,1054,510,544
21060,32628,9325,15764,7584,23302,1055,510,545
21065,32632,9328,15766,7587,23304,1055,510,545
21070,32642,9330,15771,7588,23311,1055,510,545
21075,32648,9331,15773,7589,23317,1055,510,545
21080,32659,9332,15777,7590,23325,1056,510,546
21085,32663,9334,15779,7592,23328,1056,510,546
21090,32673,9339,15783,7597,23334,1056,510,546
21095,32679,9340,15786,7598,23338,1056,510,546
21100,32690,9342,15791,7600,23346,1057,511,546
21105,32694,9345,15792,7603,23349,1057,511,546
21110,32704,9348,15795,7605,23355,1057,511,546
21115,32710,9351,15796,7607,23359,1057,511,546
21120,32721,9353,15802,7609,23364,1058,511,547
21125,32725,9358,15805,7614,23365,1058,511,547
21130,32735,9366,15811,7621,23368,1058,511,547
21135,32741,9369,15812,7623,23372,1058,511,547
21140,32752,9372,15816,7625,23379,1059,511,548
21145,32756,9373,15817,7626,23383,1059,511,548
21150,32766,9376,15824,7628,23389,1059,511,548
21155,32772,9379,15827,7630,23392,1059,511,548
21160,32783,9382,15832,7632,23400,1060,512,548
21165,32787,9382,15835,7632,23404,1060,512,548
21170,32797,9384,15839,7633,23413,1060,512,548
21175,32803,9385,15844,7634,23417,1060,512,548
21180,32814,9385,15850,7634,23427,1061,513,548
21185,32818,9386,15852,7635,23432,1061,513,548
21190,32828,9387,15857,7636,23441,1061,513,548
21195,32834,9388,15862,7637,23445,1061,513,548
21200,32845,9389,15867,7638,23455,1062,514,548
21205,32849,9389,15869,7638,23459,1062,514,548
21210,32859,9390,15872,7638,23469,1062,514,548
21215,32865,9391,15876,7639,23474,1062,514,548
21220,32876,9392,15882,7640,23482,1063,515,548
21225,32880,9392,15884,7640,23488,1063,515,548
21230,32890,9393,15889,7641,23497,1063,515,548
21235,32896,9394,15892,7642,23502,1063,515,548
21240,32907,9394,15896,7642,23511,1064,516,548
21245,32911,9394,15897,7642,23517,1064,516,548
21250,32921,9396,15901,7643,23525,1064,516,548
21255,32927,9397,15902,7643,23529,1064,516,548
21260,32938,9400,15909,7646,23535,1065,517,548
21265,32942,9401,15910,7647,23541,1065,517,548
21270,32952,9404,15918,7650,23547,1065,517,548
21275,32958,9406,15921,7651,23551,1065,517,548
21280,32969,9409,15925,7654,23557,1066,517,549
21285,32973,9412,15929,7657,23560,1066,517,549
21290,32983,9417,15938,7662,23564,1066,517,549
21295,32989,9420,15939,7664,23569,1066,517,549
21300,33000,9423,15945,7667,23574,1067,517,550
21305,33004,9426,15947,7670,23577,1067,517,550
21310,33014,9430,15949,7673,23584,1067,517,550
21315,33020,9431,15950,7673,23589,1067,517,550
21320,33031,9433,15955,7675,23594,1068,517,551
21325,33035,9436,15958,7678,23597,1068,517,551
21330,33045,9442,15962,7683,23602,1068,517,551
21335,33051,9445,15965,7686,23605,1068,517,551
21340,33062,9451,15973,7692,23607,1069,517,552
21345,33066,9455,15974,7696,23611,1069,517,552
21350,33076,9460,15980,7701,23615,1069,517,552
21355,33082,9462,15982,7702,23618,1069,517,552
21360,33093,9465,15987,7705,23625,1070,518,552
21365,33097,9470,15990,7710,23626,1070,518,552
21370,33107,9476,15994,7714,23630,1070,518,552
21375,33113,9479,15999,7717,23632,1070,518,552
21380,33124,9480,16003,7718,23642,1071,519,552
21385,33128,9480,16005,7718,23647,1071,519,552
21390,33138,9481,16009,7718,23656,1071,519,552
21395,33144,9484,16015,7721,23658,1071,519,552
21400,33155,9484,16017,7721,23670,1072,519,553
21405,33159,9484,16019,7721,23674,1072,519,553
21410,33169,9485,16024,7722,23683,1072,519,553
21415,33175,9487,16025,7723,23688,1072,519,553
21420,33186,9487,16028,7723,23698,1073,519,554
21425,33190,9487,16030,7723,23703,1073,519,554
21430,33200,9488,16037,7724,23712,1073,519,554
21435,33206,9490,16041,7726,23715,1073,519,554
21440,33217,9490,16045,7726,23725,1074,520,554
21445,33221,9490,16047,7726,23731,1074,520,554
21450,33231,9492,16051,7728,23739,1074,520,554
21455,33237,9494,16056,7730,23743,1074,520,554
21460,33248,9495,16061,7731,23752,1075,521,554
21465,33252,9495,16062,7731,23757,1075,521,554
21470,33262,9496,16064,7731,23765,1075,521,554
21475,33268,9499,16066,7733,23769,1075,521,554
21480,33279,9502,16073,7735,23774,1076,522,554
21485,33283,9504,16076,7737,23779,1076,522,554
21490,33293,9507,16080,7739,23786,1076,522,554
21495,33299,9509,16085,7741,23789,1076,522,554
21500,33310,9512,16090,7743,23794,1077,522,555
21505,33314,9514,16092,7745,23800,1077,522,555
21510,33324,9518,16097,7748,23805,1077,522,555
21515,33330,9521,16100,7750,23808,1077,522,555
21520,33341,9525,16103,7753,23814,1078,522,556
21525,33345,9528,16106,7756,23817,1078,522,556
21530,33355,9532,16113,7760,23823,1078,522,556
21535,33361,9533,16115,7761,23828,1078,522,556
21540,33372,9537,16119,7764,23834,1079,522,557
21545,33376,9538,16121,7765,23837,1079,522,557
21550,33386,9544,16127,7769,23842,1079,522,557
21555,33392,9545,16131,7770,23847,1079,522,557
21560,33403,9548,16136,7772,23852,1080,522,558
21565,33407,9553,16140,7777,23852,1080,522,558
21570,33417,9558,16146,7781,23858,1080,522,558
21575,33423,9561,16149,7784,23861,1080,522,558
21580,33434,9566,16155,7788,23865,1081,522,559
21585,33438,9569,16156,7791,23868,1081,522,559
21590,33448,9576,16162,7797,23872,1081,522,559
21595,33454,9577,16166,7798,23875,1081,522,559
21600,33465,9578,16175,7799,23883,1082,523,559
21605,33469,9582,16179,7803,23886,1082,523,559
21610,33479,9584,16186,7805,23894,1082,523,559
21615,33485,9585,16189,7806,23900,1082,523,559
21620,33496,9586,16195,7807,23908,1083,523,560
21625,33500,9587,16196,7808,23912,1083,523,560
21630,33510,9588,16201,7808,23922,1083,523,560
21635,33516,9588,16204,7808,23928,1083,523,560
21640,33527,9589,16212,7809,23936,1084,524,560
21645,33531,9590,16215,7810,23940,1084,524,560
21650,33541,9591,16220,7811,23950,1084,524,560
21655,33547,9591,16222,7811,23956,1084,524,560
21660,33558,9592,16224,7812,23966,1085,525,560
21665,33562,9592,16225,7812,23970,1085,525,560
21670,33572,9594,16232,7814,23978,1085,525,560
21675,33578,9594,16235,7814,23984,1085,525,560
21680,33589,9596,16240,7815,23991,1086,526,560
21685,33593,9597,16241,7816,23996,1086,526,560
21690,33603,9600,16250,7818,24002,1086,526,560
21695,33609,9601,16252,7819,24007,1086,526,560
21700,33620,9603,16257,7821,24016,1087,526,561
21705,33624,9604,16259,7822,24020,1087,526,561
21710,33634,9607,16263,7823,24027,1087,526,561
21715,33640,9607,16266,7823,24033,1087,526,561
21720,33651,9611,16271,7826,24039,1088,527,561
21725,33655,9612,16274,7827,24043,1088,527,561
21730,33665,9614,16279,7827,24050,1088,527,561
21735,33671,9616,16281,7829,24054,1088,527,561
21740,33682,9618,16287,7831,24062,1089,527,562
21745,33686,9620,16290,7833,24065,1089,527,562
21750,33696,9623,16296,7836,24072,1089,527,562
21755,33702,9626,16299,7839,24075,1089,527,562
21760,33713,9627,16304,7840,24084,1090,528,562
21765,33717,9629,16306,7842,24087,1090,528,562
21770,33727,9632,16308,7844,24095,1090,528,562
21775,33733,9635,16312,7847,24097,1090,528,562
21780,33744,9637,16319,7849,24104,1091,528,563
21785,33748,9639,16321,7851,24108,1091,528,563
21790,33758,9644,16325,7855,24113,1091,528,563
21795,33764,9646,16327,7857,24117,1091,528,563
21800,33775,9648,16335,7859,24124,1092,529,563
21805,33779,9650,16336,7861,24128,1092,529,563
21810,33789,9655,16339,7864,24133,1092,529,563
21815,33795,9657,16341,7865,24138,1092,529,563
21820,33806,9657,16348,7865,24148,1093,530,563
21825,33810,9657,16350,7865,24153,1093,530,563
21830,33820,9659,16357,7867,24159,1093,530,563
21835,33826,9662,16358,7870,24164,1093,530,563
21840,33837,9664,16364,7871,24171,1094,531,563
21845,33841,9667,16367,7874,24174,1094,531,563
21850,33851,9669,16373,7876,24181,1094,531,563
21855,33857,9672,16376,7879,24185,1094,531,563
21860,33868,9675,16383,7881,24191,1095,531,564
21865,33872,9677,16385,7883,24195,1095,531,564
21870,33882,9680,16388,7885,24202,1095,531,564
21875,33888,9681,16391,7886,24207,1095,531,564
21880,33899,9683,16396,7887,24215,1096,532,564
21885,33903,9685,16397,7889,24218,1096,532,564
21890,33913,9688,16402,7892,24224,1096,532,564
21895,33919,9691,16406,7894,24228,1096,532,564
21900,33930,9694,16411,7896,24235,1097,533,564
21905,33934,9696,16413,7898,24238,1097,533,564
21910,33944,9697,16419,7899,24245,1097,533,564
21915,33950,9701,16421,7902,24249,1097,533,564
21920,33961,9704,16429,7905,24253,1098,534,564
21925,33965,9707,16431,7908,24257,1098,534,564
21930,33975,9710,16434,7910,24265,1098,534,564
21935,33981,9711,16436,7910,24270,1098,534,564
21940,33992,9712,16442,7911,24277,1099,534,565
21945,33996,9713,16444,7912,24283,1099,534,565
21950,34006,9715,16449,7913,24291,1099,534,565
21955,34012,9716,16453,7914,24293,1099,534,565
21960,34023,9721,16457,7919,24301,1100,534,566
21965,34027,9721,16458,7919,24306,1100,534,566
21970,34037,9723,16461,7919,24313,1100,534,566
21975,34043,9726,16464,7921,24317,1100,534,566
21980,34054,9726,16468,7921,24326,1101,535,566
21985,34058,9727,16470,7922,24331,1101,535,566
21990,34068,9730,16476,7924,24337,1101,535,566
21995,34074,9733,16479,7927,24341,1101,535,566
22000,34085,9733,16482,7927,24351,1102,535,567
22005,34089,9735,16484,7929,24353,1102,535,567
22010,34099,9739,16489,7932,24359,1102,535,567
22015,34105,9742,16494,7935,24363,1102,535,567
22020,34116,9745,16499,7938,24369,1103,535,568
22025,34120,9747,16501,7940,24372,1103,535,568
22030,34130,9750,16505,7942,24380,1103,535,568
22035,34136,9750,16510,7942,24385,1103,535,568
22040,34147,9754,16518,7946,24391,1104,536,568
22045,34151,9756,16521,7948,24394,1104,536,568
22050,34161,9760,16526,7951,24401,1104,536,568
22055,34167,9760,16529,7951,24406,1104,536,568
22060,34178,9765,16535,7955,24410,1105,536,569
22065,34182,9770,16538,7960,24411,1105,536,569
22070,34192,9773,16543,7962,24418,1105,536,569
22075,34198,9774,16546,7963,24424,1105,536,569
22080,34209,9776,16551,7965,24432,1106,536,570
22085,34213,9777,16552,7966,24435,1106,536,570
22090,34223,9780,16560,7969,24442,1106,536,570
22095,34229,9781,16563,7970,24447,1106,536,570
22100,34240,9782,16570,7971,24455,1107,537,570
22105,34244,9785,16572,7974,24458,1107,537,570
22110,34254,9786,16577,7974,24467,1107,537,570
22115,34260,9787,16580,7975,24471,1107,537,570
22120,34271,9789,16588,7977,24480,1108,538,570
22125,34275,9790,16589,7978,24485,1108,538,570
22130,34285,9792,16594,7979,24492,1108,538,570
22135,34291,9794,16595,7980,24497,1108,538,570
22140,34302,9796,16601,7982,24504,1109,538,571
22145,34306,9797,16605,7983,24508,1109,538,571
22150,34316,9798,16606,7983,24518,1109,538,571
22155,34322,9799,16608,7983,24522,1109,538,571
22160,34333,9799,16613,7983,24534,1110,539,571
22165,34337,9799,16614,7983,24538,1110,539,571
22170,34347,9800,16623,7984,24547,1110,539,571
22175,34353,9801,16625,7984,24551,1110,539,571
22180,34364,9802,16629,7985,24561,1111,539,572
22185,34368,9803,16631,7986,24565,1111,539,572
22190,34378,9805,16635,7986,24573,1111,539,572
22195,34384,9806,16639,7987,24577,1111,539,572
22200,34395,9808,16645,7989,24585,1112,539,573
22205,34399,9809,16648,7990,24590,1112,539,573
22210,34409,9811,16650,7991,24597,1112,539,573
22215,34415,9814,16654,7993,24601,1112,539,573
22220,34426,9815,16660,7994,24610,1113,540,573
22225,34430,9816,16663,7995,24614,1113,540,573
22230,34440,9819,16670,7997,24620,1113,540,573
22235,34446,9821,16671,7998,24625,1113,540,573
22240,34457,9823,16677,8000,24632,1114,541,573
22245,34461,9825,16680,8002,24635,1114,541,573
22250,34471,9829,16684,8005,24641,1114,541,573
22255,34477,9831,16688,8006,24645,1114,541,573
22260,34488,9835,16695,8010,24650,1115,542,573
22265,34492,9838,16697,8013,24653,1115,542,573
22270,34502,9841,16701,8015,24660,1115,542,573
22275,34508,9844,16704,8017,24663,1115,542,573
22280,34519,9847,16710,8020,24668,1116,542,574
22285,34523,9851,16712,8024,24672,1116,542,574
22290,34533,9855,16716,8027,24677,1116,542,574
22295,34539,9858,16720,8030,24680,1116,542,574
22300,34550,9862,16726,8034,24686,1117,543,574
22305,34554,9864,16727,8036,24690,1117,543,574
22310,34564,9866,16731,8036,24696,1117,543,574
22315,34570,9869,16733,8039,24700,1117,543,574
22320,34581,9873,16738,8042,24706,1118,544,574
22325,34585,9876,16740,8045,24708,1118,544,574
22330,34595,9882,16745,8051,24713,1118,544,574
22335,34601,9883,16746,8051,24717,1118,544,574
22340,34612,9886,16750,8053,24724,1119,544,575
22345,34616,9887,16752,8054,24728,1119,544,575
22350,34626,9889,16758,8056,24736,1119,544,575
22355,34632,9891,16760,8057,24740,1119,544,575
22360,34643,9894,16765,8059,24747,1120,544,576
22365,34647,9896,16768,8061,24750,1120,544,576
22370,34657,9899,16775,8064,24756,1120,544,576
22375,34663,9903,16778,8067,24760,1120,544,576
22380,34674,9904,16784,8067,24768,1121,545,576
22385,34678,9906,16785,8069,24771,1121,545,576
22390,34688,9908,16789,8070,24778,1121,545,576
22395,34694,9911,16792,8073,24783,1121,545,576
22400,34705,9911,16797,8073,24791,1122,546,576
22405,34709,9912,16799,8074,24796,1122,546,576
22410,34719,9913,16803,8074,24805,1122,546,576
22415,34725,9916,16805,8076,24809,1122,546,576
22420,34736,9916,16811,8076,24818,1123,547,576
22425,34740,9917,16812,8077,24823,1123,547,576
22430,34750,9919,16816,8078,24831,1123,547,576
22435,34756,9921,16819,8080,24835,1123,547,576
22440,34767,9921,16823,8080,24844,1124,548,576
22445,34771,9923,16824,8082,24848,1124,548,576
22450,34781,9925,16830,8083,24856,1124,548,576
22455,34787,9927,16831,8084,24860,1124,548,576
22460,34798,9928,16836,8085,24869,1125,548,577
22465,34802,9929,16839,8086,24873,1125,548,577
22470,34812,9931,16843,8087,24880,1125,548,577
22475,34818,9934,16848,8090,24883,1125,548,577
22480,34829,9937,16853,8093,24891,1126,548,578
22485,34833,9937,16857,8093,24896,1126,548,578
22490,34843,9940,16863,8095,24903,1126,548,578
22495,34849,9941,16866,8096,24908,1126,548,578
22500,34860,9945,16872,8099,24912,1127,548,579
22505,34864,9948,16875,8102,24915,1127,548,579
22510,34874,9951,16878,8104,24923,1127,548,579
22515,34880,9952,16879,8104,24928,1127,548,579
22520,34891,9954,16882,8105,24936,1128,549,579
22525,34895,9955,16883,8106,24939,1128,549,579
22530,34905,9960,16888,8110,24944,1128,549,579
22535,34911,9963,16892,8113,24948,1128,549,579
22540,34922,9965,16896,8115,24955,1129,549,580
22545,34926,9967,16897,8117,24959,1129,549,580
22550,34936,9974,16904,8123,24961,1129,549,580
22555,34942,9977,16907,8125,24963,1129,549,580
22560,34953,9980,16911,8128,24971,1130,550,580
22565,34957,9984,16914,8132,24972,1130,550,580
22570,34967,9989,16918,8137,24978,1130,550,580
22575,34973,9991,16920,8138,24981,1130,550,580
22580,34984,9994,16923,8140,24988,1131,550,581
22585,34988,9996,16925,8142,24992,1131,550,581
22590,34998,9999,16931,8145,24999,1131,550,581
22595,35004,10001,16934,8146,25001,1131,550,581
22600,35015,10003,16939,8147,25010,1132,550,582
22605,35019,10004,16940,8148,25014,1132,550,582
22610,35029,10007,16946,8150,25021,1132,550,582
22615,35035,10009,16949,8151,25025,1132,550,582
22620,35046,10011,16953,8153,25034,1133,550,583
22625,35050,10012,16954,8154,25038,1133,550,583
22630,35060,10014,16958,8156,25045,1133,550,583
22635,35066,10015,16961,8157,25051,1133,550,583
22640,35077,10017,16972,8159,25057,1134,551,583
22645,35081,10019,16975,8161,25061,1134,551,583
22650,35091,10020,16978,8161,25071,1134,551,583
22655,35097,10020,16982,8161,25077,1134,551,583
22660,35108,10021,16987,8162,25086,1135,552,583
22665,35112,10022,16988,8163,25090,1135,552,583
22670,35122,10023,16991,8164,25099,1135,552,583
22675,35128,10023,16994,8164,25105,1135,552,583
22680,35139,10025,16998,8165,25112,1136,553,583
22685,35143,10027,17002,8167,25116,1136,553,583
22690,35153,10029,17006,8169,25124,1136,553,583
22695,35159,10029,17010,8169,25129,1136,553,583
22700,35170,10031,17017,8171,25137,1137,553,584
22705,35174,10032,17020,8172,25142,1137,553,584
22710,35184,10034,17024,8173,25150,1137,553,584
22715,35190,10034,17027,8173,25155,1137,553,584
22720,35201,10036,17035,8175,25161,1138,554,584
22725,35205,10038,17037,8177,25166,1138,554,584
22730,35215,10042,17040,8179,25173,1138,554,584
22735,35221,10043,17041,8179,25178,1138,554,584
22740,35232,10044,17047,8180,25186,1139,555,584
22745,35236,10046,17049,8182,25190,1139,555,584
22750,35246,10048,17054,8183,25197,1139,555,584
22755,35252,10050,17059,8185,25199,1139,555,584
22760,35263,10054,17062,8189,25208,1140,555,585
22765,35267,10055,17065,8190,25210,1140,555,585
22770,35277,10061,17069,8195,25216,1140,555,585
22775,35283,10062,17070,8195,25220,1140,555,585
22780,35294,10066,17076,8199,25225,1141,555,586
22785,35298,10068,17077,8201,25229,1141,555,586
22790,35308,10071,17081,8202,25235,1141,555,586
22795,35314,10075,17085,8206,25238,1141,555,586
22800,35325,10077,17091,8207,25246,1142,555,587
22805,35329,10079,17091,8209,25250,1142,555,587
22810,35339,10082,17096,8212,25257,1142,555,587
22815,35345,10083,17098,8213,25262,1142,555,587
22820,35356,10084,17099,8213,25272,1143,555,588
22825,35360,10084,17100,8213,25276,1143,555,588
22830,35370,10088,17109,8216,25280,1143,555,588
22835,35376,10091,17112,8219,25285,1143,555,588
22840,35387,10092,17117,8220,25293,1144,556,588
22845,35391,10095,17119,8223,25295,1144,556,588
22850,35401,10097,17125,8225,25304,1144,556,588
22855,35407,10099,17129,8227,25307,1144,556,588
22860,35418,10101,17134,8229,25316,1145,557,588
22865,35422,10103,17137,8231,25319,1145,557,588
22870,35432,10104,17141,8232,25327,1145,557,588
22875,35438,10107,17144,8234,25330,1145,557,588
22880,35449,10109,17148,8235,25338,1146,557,589
22885,35453,10110,17148,8236,25343,1146,557,589
22890,35463,10113,17153,8238,25350,1146,557,589
22895,35469,10115,17156,8240,25354,1146,557,589
22900,35480,10119,17164,8244,25358,1147,557,590
22905,35484,10123,17166,8248,25360,1147,557,590
22910,35494,10126,17169,8249,25367,1147,557,590
22915,35500,10129,17174,8251,25370,1147,557,590
22920,35511,10134,17182,8256,25373,1148,557,591
22925,35515,10137,17184,8259,25378,1148,557,591
22930,35525,10140,17187,8260,25385,1148,557,591
22935,35531,10140,17190,8260,25390,1148,557,591
22940,35542,10143,17195,8263,25398,1149,558,591
22945,35546,10144,17197,8264,25401,1149,558,591
22950,35556,10147,17202,8266,25408,1149,558,591
22955,35562,10148,17205,8267,25413,1149,558,591
22960,35573,10150,17211,8269,25420,1150,559,591
22965,35577,10152,17211,8271,25425,1150,559,591
22970,35587,10155,17217,8273,25431,1150,559,591
22975,35593,10156,17221,8274,25436,1150,559,591
22980,35604,10160,17227,8277,25443,1151,560,591
22985,35608,10162,17229,8279,25445,1151,560,591
22990,35618,10165,17235,8282,25453,1151,560,591
22995,35624,10165,17238,8282,25458,1151,560,591
23000,35635,10166,17240,8283,25469,1152,560,592
23005,35639,10167,17243,8284,25471,1152,560,592
23010,35649,10170,17247,8285,25479,1152,560,592
23015,35655,10170,17249,8285,25485,1152,560,592
23020,35666,10172,17256,8287,25492,1153,561,592
23025,35670,10173,17257,8288,25496,1153,561,592
23030,35680,10178,17262,8292,25502,1153,561,592
23035,35686,10179,17263,8292,25506,1153,561,592
23040,35697,10180,17270,8293,25513,1154,562,592
23045,35701,10182,17270,8295,25519,1154,562,592
23050,35711,10184,17274,8296,25527,1154,562,592
23055,35717,10186,17277,8297,25530,1154,562,592
23060,35728,10186,17282,8297,25539,1155,562,593
23065,35732,10187,17284,8298,25544,1155,562,593
23070,35742,10189,17290,8300,25552,1155,562,593
23075,35748,10191,17295,8302,25555,1155,562,593
23080,35759,10191,17301,8302,25565,1156,563,593
23085,35763,10192,17302,8303,25571,1156,563,593
23090,35773,10195,17305,8306,25578,1156,563,593
23095,35779,10197,17310,8307,25581,1156,563,593
23100,35790,10200,17317,8310,25587,1157,564,593
23105,35794,10201,17320,8311,25592,1157,564,593
23110,35804,10203,17326,8312,25600,1157,564,593
23115,35810,10205,17326,8313,25605,1157,564,593
23120,35821,10207,17330,8314,25612,1158,564,594
23125,35825,10209,17331,8316,25616,1158,564,594
23130,35835,10211,17338,8318,25624,1158,564,594
23135,35841,10212,17341,8319,25629,1158,564,594
23140,35852,10214,17346,8320,25635,1159,564,595
23145,35856,10215,17347,8321,25641,1159,564,595
23150,35866,10218,17353,8324,25647,1159,564,595
23155,35872,10220,17358,8326,25652,1159,564,595
23160,35883,10224,17363,8329,25657,1160,565,595
23165,35887,10225,17366,8330,25662,1160,565,595
23170,35897,10229,17372,8334,25668,1160,565,595
23175,35903,10230,17376,8334,25672,1160,565,595
23180,35914,10233,17380,8336,25679,1161,565,596
23185,35918,10236,17381,8339,25682,1161,565,596
23190,35928,10238,17384,8340,25690,1161,565,596
23195,35934,10239,17388,8340,25695,1161,565,596
23200,35945,10242,17395,8342,25699,1162,566,596
23205,35949,10246,17396,8346,25703,1162,566,596
23210,35959,10249,17403,8349,25709,1162,566,596
23215,35965,10253,17407,8353,25711,1162,566,596
23220,35976,10258,17413,8358,25716,1163,566,597
23225,35980,10261,17416,8361,25718,1163,566,597
23230,35990,10266,17421,8364,25723,1163,566,597
23235,35996,10269,17424,8366,25726,1163,566,597
23240,36007,10272,17430,8369,25733,1164,567,597
23245,36011,10274,17433,8371,25736,1164,567,597
23250,36021,10278,17436,8374,25743,1164,567,597
23255,36027,10280,17439,8375,25746,1164,567,597
23260,36038,10281,17444,8376,25754,1165,568,597
23265,36042,10283,17446,8378,25758,1165,568,597
23270,36052,10286,17451,8380,25765,1165,568,597
23275,36058,10289,17455,8383,25767,1165,568,597
23280,36069,10289,17460,8383,25779,1166,569,597
23285,36073,10289,17464,8383,25783,1166,569,597
23290,36083,10291,17469,8385,25791,1166,569,597
23295,36089,10293,17473,8387,25794,1166,569,597
23300,36100,10294,17479,8388,25804,1167,569,598
23305,36104,10294,17480,8388,25810,1167,569,598
23310,36114,10296,17488,8390,25818,1167,569,598
23315,36120,10298,17491,8391,25822,1167,569,598
23320,36131,10299,17496,8392,25831,1168,570,598
23325,36135,10299,17499,8392,25835,1168,570,598
23330,36145,10302,17505,8394,25841,1168,570,598
23335,36151,10305,17508,8397,25845,1168,570,598
23340,36162,10308,17514,8400,25852,1169,570,599
23345,36166,10310,17515,8402,25856,1169,570,599
23350,36176,10313,17517,8404,25863,1169,570,599
23355,36182,10314,17517,8404,25868,1169,570,599
23360,36193,10316,17523,8406,25874,1170,570,600
23365,36197,10318,17526,8408,25879,1170,570,600
23370,36207,10321,17530,8410,25885,1170,570,600
23375,36213,10322,17534,8411,25891,1170,570,600
23380,36224,10325,17541,8414,25897,1171,571,600
23385,36228,10326,17543,8415,25902,1171,571,600
23390,36238,10329,17548,8416,25908,1171,571,600
23395,36244,10330,17552,8417,25914,1171,571,600
23400,36255,10333,17557,8419,25919,1172,572,600
23405,36259,10335,17558,8421,25924,1172,572,600
23410,36269,10338,17566,8424,25930,1172,572,600
23415,36275,10339,17569,8425,25935,1172,572,600
23420,36286,10344,17577,8430,25940,1173,573,600
23425,36290,10346,17580,8432,25943,1173,573,600
23430,36300,10350,17583,8434,25950,1173,573,600
23435,36306,10350,17588,8434,25955,1173,573,600
23440,36317,10352,17590,8436,25964,1174,573,601
23445,36321,10353,17592,8437,25967,1174,573,601
23450,36331,10358,17597,8440,25973,1174,573,601
23455,36337,10358,17600,8440,25978,1174,573,601
23460,36348,10360,17602,8441,25985,1175,573,602
23465,36352,10362,17605,8443,25990,1175,573,602
23470,36362,10364,17609,8443,25998,1175,573,602
23475,36368,10364,17612,8443,26003,1175,573,602
23480,36379,10366,17618,8445,26011,1176,574,602
23485,36383,10367,17621,8446,26015,1176,574,602
23490,36393,10373,17628,8451,26019,1176,574,602
23495,36399,10375,17629,8452,26023,1176,574,602
23500,36410,10377,17634,8454,26031,1177,574,603
23505,36414,10378,17636,8455,26035,1177,574,603
23510,36424,10382,17642,8458,26041,1177,574,603
23515,36430,10386,17646,8461,26042,1177,574,603
23520,36441,10387,17650,8462,26051,1178,575,603
23525,36445,10388,17651,8463,26057,1178,575,603
23530,36455,10389,17653,8464,26066,1178,575,603
23535,36461,10390,17654,8464,26070,1178,575,603
23540,36472,10391,17660,8465,26080,1179,575,604
23545,36476,10391,17662,8465,26085,1179,575,604
23550,36486,10392,17666,8466,26094,1179,575,604
23555,36492,10394,17669,8467,26097,1179,575,604
23560,36503,10395,17674,8468,26106,1180,576,604
23565,36507,10396,17677,8469,26110,1180,576,604
23570,36517,10399,17682,8472,26117,1180,576,604
23575,36523,10401,17686,8474,26121,1180,576,604
23580,36534,10402,17691,8474,26129,1181,577,604
23585,36538,10405,17693,8477,26133,1181,577,604
23590,36548,10408,17696,8479,26140,1181,577,604
23595,36554,10410,17699,8481,26144,1181,577,604
23600,36565,10412,17704,8482,26149,1182,577,605
23605,36569,10414,17704,8484,26155,1182,577,605
23610,36579,10416,17709,8486,26162,1182,577,605
23615,36585,10418,17711,8487,26167,1182,577,605
23620,36596,10420,17717,8489,26173,1183,577,606
23625,36600,10423,17720,8492,26176,1183,577,606
23630,36610,10426,17724,8495,26183,1183,577,606
23635,36616,10428,17727,8497,26187,1183,577,606
23640,36627,10430,17730,8498,26195,1184,577,607
23645,36631,10433,17731,8501,26198,1184,577,607
23650,36641,10436,17733,8503,26205,1184,577,607
23655,36647,10437,17737,8504,26209,1184,577,607
23660,36658,10441,17743,8508,26214,1185,577,608
23665,36662,10443,17745,8510,26219,1185,577,608
23670,36672,10446,17748,8512,26226,1185,577,608
23675,36678,10448,17751,8514,26230,1185,577,608
23680,36689,10451,17758,8516,26233,1186,577,609
23685,36693,10455,17759,8520,26238,1186,577,609
23690,36703,10460,17765,8524,26243,1186,577,609
23695,36709,10462,17768,8526,26246,1186,577,609
23700,36720,10466,17771,8529,26252,1187,577,610
23705,36724,10466,17772,8529,26258,1187,577,610
23710,36734,10469,17777,8531,26265,1187,577,610
23715,36740,10470,17779,8532,26270,1187,577,610
23720,36751,10474,17786,8536,26275,1188,578,610
23725,36755,10475,17788,8537,26279,1188,578,610
23730,36765,10478,17792,8538,26287,1188,578,610
23735,36771,10479,17795,8539,26291,1188,578,610
23740,36782,10482,17799,8542,26299,1189,579,610
23745,36786,10483,17803,8543,26301,1189,579,610
23750,36796,10490,17810,8550,26306,1189,579,610
23755,36802,10491,17814,8550,26308,1189,579,610
23760,36813,10495,17817,8554,26317,1190,580,610
23765,36817,10495,17820,8554,26321,1190,580,610
23770,36827,10496,17824,8555,26331,1190,580,610
23775,36833,10497,17826,8555,26335,1190,580,610
23780,36844,10497,17829,8555,26346,1191,580,611
23785,36848,10497,17831,8555,26350,1191,580,611
23790,36858,10498,17837,8556,26360,1191,580,611
23795,36864,10499,17839,8557,26365,1191,580,611
23800,36875,10500,17844,8558,26374,1192,581,611
23805,36879,10500,17845,8558,26379,1192,581,611
23810,36889,10501,17849,8558,26388,1192,581,611
23815,36895,10502,17853,8558,26391,1192,581,611
23820,36906,10503,17859,8559,26401,1193,581,612
23825,36910,10503,17860,8559,26406,1193,581,612
23830,36920,10506,17866,8562,26413,1193,581,612
23835,36926,10508,17869,8563,26417,1193,581,612
23840,36937,10509,17871,8563,26426,1194,581,613
23845,36941,10509,17871,8563,26432,1194,581,613
23850,36951,10511,17876,8565,26440,1194,581,613
23855,36957,10512,17879,8566,26445,1194,581,613
23860,36968,10514,17885,8568,26452,1195,582,613
23865,36972,10516,17887,8570,26456,1195,582,613
23870,36982,10518,17890,8572,26464,1195,582,613
23875,36988,10519,17892,8572,26469,1195,582,613
23880,36999,10521,17897,8574,26475,1196,582,614
23885,37003,10523,17898,8576,26480,1196,582,614
23890,37013,10527,17905,8579,26485,1196,582,614
23895,37019,10530,17907,8581,26489,1196,582,614
23900,37030,10532,17914,8583,26494,1197,583,614
23905,37034,10535,17918,8586,26499,1197,583,614
23910,37044,10537,17920,8587,26506,1197,583,614
23915,37050,10539,17923,8588,26510,1197,583,614
23920,37061,10543,17930,8591,26515,1198,584,614
23925,37065,10548,17933,8596,26516,1198,584,614
23930,37075,10552,17940,8600,26521,1198,584,614
23935,37081,10555,17942,8603,26526,1198,584,614
23940,37092,10558,17947,8605,26531,1199,585,614
23945,37096,10560,17949,8607,26536,1199,585,614
23950,37106,10564,17954,8610,26541,1199,585,614
23955,37112,10566,17955,8611,26546,1199,585,614
23960,37123,10570,17962,8615,26550,1200,586,614
23965,37127,10572,17962,8617,26555,1200,586,614
23970,37137,10576,17966,8620,26560,1200,586,614
23975,37143,10579,17969,8623,26563,1200,586,614
23980,37154,10583,17976,8626,26567,1201,587,614
23985,37158,10586,17977,8629,26571,1201,587,614
23990,37168,10591,17980,8633,26577,1201,587,614
23995,37174,10592,17982,8634,26582,1201,587,614
24000,37185,10593,17986,8635,26589,1202,588,614
24005,37189,10597,17988,8639,26592,1202,588,614
24010,37199,10600,17991,8642,26599,1202,588,614
24015,37205,10601,17993,8643,26604,1202,588,614
24020,37216,10602,17996,8643,26612,1203,588,615
24025,37220,10604,17996,8645,26616,1203,588,615
24030,37230,10607,18001,8648,26622,1203,588,615
24035,37236,10610,18005,8651,26625,1203,588,615
24040,37247,10614,18011,8655,26631,1204,588,616
24045,37251,10616,18012,8657,26634,1204,588,616
24050,37261,10621,18016,8660,26639,1204,588,616
24055,37267,10625,18020,8663,26640,1204,588,616
24060,37278,10629,18025,8666,26648,1205,589,616
24065,37282,10629,18028,8666,26652,1205,589,616
24070,37292,10630,18033,8667,26662,1205,589,616
24075,37298,10632,18037,8669,26666,1205,589,616
24080,37309,10632,18045,8669,26674,1206,590,616
24085,37313,10633,18047,8670,26679,1206,590,616
24090,37323,10634,18053,8671,26688,1206,590,616
24095,37329,10636,18055,8673,26692,1206,590,616
24100,37340,10637,18061,8674,26702,1207,591,616
24105,37344,10637,18065,8674,26706,1207,591,616
24110,37354,10639,18071,8676,26715,1207,591,616
24115,37360,10640,18074,8677,26720,1207,591,616
24120,37371,10641,18081,8678,26729,1208,592,616
24125,37375,10641,18084,8678,26733,1208,592,616
24130,37385,10643,18091,8680,26741,1208,592,616
24135,37391,10645,18091,8681,26746,1208,592,616
24140,37402,10646,18099,8682,26754,1209,593,616
24145,37406,10646,18101,8682,26759,1209,593,616
24150,37416,10648,18106,8683,26767,1209,593,616
24155,37422,10650,18107,8684,26771,1209,593,616
24160,37433,10650,18114,8684,26780,1210,594,616
24165,37437,10652,18116,8686,26785,1210,594,616
24170,37447,10655,18120,8688,26791,1210,594,616
24175,37453,10658,18124,8691,26793,1210,594,616
24180,37464,10661,18129,8694,26801,1211,595,616
24185,37468,10663,18129,8696,26805,1211,595,616
24190,37478,10666,18133,8697,26811,1211,595,616
24195,37484,10668,18135,8698,26814,1211,595,616
24200,37495,10670,18137,8699,26823,1212,595,617
24205,37499,10671,18138,8700,26828,1212,595,617
24210,37509,10673,18140,8702,26836,1212,595,617
24215,37515,10675,18142,8703,26839,1212,595,617
24220,37526,10679,18147,8706,26844,1213,596,617
24225,37530,10681,18148,8708,26848,1213,596,617
24230,37540,10688,18154,8713,26850,1213,596,617
24235,37546,10692,18158,8717,26852,1213,596,617
24240,37557,10697,18165,8722,26857,1214,597,617
24245,37561,10702,18169,8727,26857,1214,597,617
24250,37571,10707,18172,8731,26863,1214,597,617
24255,37577,10710,18175,8733,26865,1214,597,617
24260,37588,10715,18182,8738,26871,1215,597,618
24265,37592,10718,18186,8741,26873,1215,597,618
24270,37602,10720,18190,8742,26880,1215,597,618
24275,37608,10723,18193,8744,26885,1215,597,618
24280,37619,10725,18197,8746,26892,1216,597,619
24285,37623,10728,18199,8749,26895,1216,597,619
24290,37633,10730,18203,8750,26902,1216,597,619
24295,37639,10732,18206,8752,26907,1216,597,619
24300,37650,10733,18209,8753,26915,1217,597,620
24305,37654,10734,18212,8754,26920,1217,597,620
24310,37664,10736,18219,8756,26926,1217,597,620
24315,37670,10739,18220,8759,26931,1217,597,620
24320,37681,10741,18227,8761,26939,1218,598,620
24325,37685,10742,18228,8762,26943,1218,598,620
24330,37695,10744,18233,8763,26951,1218,598,620
24335,37701,10745,18236,8763,26956,1218,598,620
24340,37712,10745,18239,8763,26966,1219,599,620
24345,37716,10745,18240,8763,26971,1219,599,620
24350,37726,10747,18247,8765,26978,1219,599,620
24355,37732,10749,18250,8766,26983,1219,599,620
24360,37743,10750,18257,8767,26992,1220,600,620
24365,37747,10751,18258,8768,26996,1220,600,620
24370,37757,10753,18264,8769,27004,1220,600,620
24375,37763,10753,18265,8769,27010,1220,600,620
24380,37774,10755,18272,8771,27017,1221,601,620
24385,37778,10757,18276,8773,27019,1221,601,620
24390,37788,10764,18280,8778,27024,1221,601,620
24395,37794,10764,18284,8778,27029,1221,601,620
24400,37805,10764,18288,8778,27039,1222,601,621
24405,37809,10765,18290,8779,27043,1222,601,621
24410,37819,10767,18293,8779,27052,1222,601,621
24415,37825,10767,18296,8779,27057,1222,601,621
24420,37836,10768,18304,8780,27066,1223,602,621
24425,37840,10768,18305,8780,27072,1223,602,621
24430,37850,10771,18310,8783,27079,1223,602,621
24435,37856,10771,18313,8783,27083,1223,602,621
24440,37867,10774,18316,8785,27092,1224,602,622
24445,37871,10775,18318,8786,27096,1224,602,622
24450,37881,10778,18324,8789,27103,1224,602,622
24455,37887,10778,18327,8789,27108,1224,602,622
24460,37898,10779,18331,8789,27116,1225,602,623
24465,37902,10781,18333,8791,27121,1225,602,623
24470,37912,10785,18338,8793,27126,1225,602,623
24475,37918,10788,18342,8796,27129,1225,602,623
24480,37929,10790,18348,8797,27136,1226,603,623
24485,37933,10792,18349,8799,27141,1226,603,623
24490,37943,10796,18354,8802,27146,1226,603,623
24495,37949,10798,18356,8803,27151,1226,603,623
24500,37960,10801,18361,8805,27156,1227,603,624
24505,37964,10804,18363,8808,27159,1227,603,624
24510,37974,10808,18368,8811,27165,1227,603,624
24515,37980,10810,18371,8812,27169,1227,603,624
24520,37991,10813,18378,8814,27173,1228,604,624
24525,37995,10817,18378,8818,27178,1228,604,624
24530,38005,10821,18384,8821,27183,1228,604,624
24535,38011,10823,18386,8822,27188,1228,604,624
24540,38022,10827,18392,8826,27193,1229,604,625
24545,38026,10830,18396,8829,27195,1229,604,625
24550,38036,10835,18403,8834,27200,1229,604,625
24555,38042,10838,18407,8837,27203,1229,604,625
24560,38053,10842,18411,8841,27210,1230,604,626
24565,38057,10844,18415,8843,27212,1230,604,626
24570,38067,10850,18419,8847,27217,1230,604,626
24575,38073,10851,18420,8847,27221,1230,604,626
24580,38084,10855,18429,8851,27227,1231,605,626
24585,38088,10857,18432,8853,27231,1231,605,626
24590,38098,10859,18436,8854,27238,1231,605,626
24595,38104,10861,18438,8855,27241,1231,605,626
24600,38115,10861,18446,8855,27251,1232,606,626
24605,38119,10862,18447,8856,27257,1232,606,626
24610,38129,10864,18453,8858,27265,1232,606,626
24615,38135,10865,18455,8858,27268,1232,606,626
24620,38146,10866,18460,8859,27278,1233,606,627
24625,38150,10866,18462,8859,27284,1233,606,627
24630,38160,10868,18466,8861,27292,1233,606,627
24635,38166,10870,18472,8863,27294,1233,606,627
24640,38177,10871,18477,8864,27305,1234,606,628
24645,38181,10871,18477,8864,27310,1234,606,628
24650,38191,10872,18482,8865,27319,1234,606,628
24655,38197,10873,18484,8865,27323,1234,606,628
24660,38208,10873,18489,8865,27334,1235,607,628
24665,38212,10874,18490,8866,27338,1235,607,628
24670,38222,10875,18494,8867,27347,1235,607,628
24675,38228,10877,18497,8869,27351,1235,607,628
24680,38239,10879,18503,8871,27358,1236,608,628
24685,38243,10882,18506,8874,27360,1236,608,628
24690,38253,10884,18510,8876,27368,1236,608,628
24695,38259,10887,18514,8879,27372,1236,608,628
24700,38270,10889,18518,8881,27380,1237,609,628
24705,38274,10890,18520,8882,27383,1237,609,628
24710,38284,10895,18526,8886,27389,1237,609,628
24715,38290,10897,18528,8887,27393,1237,609,628
24720,38301,10899,18533,8888,27398,1238,609,629
24725,38305,10902,18533,8891,27403,1238,609,629
24730,38315,10906,18539,8893,27408,1238,609,629
24735,38321,10907,18542,8894,27413,1238,609,629
24740,38332,10910,18547,8897,27420,1239,609,630
24745,38336,10912,18548,8899,27424,1239,609,630
24750,38346,10915,18554,8901,27431,1239,609,630
24755,38352,10915,18557,8901,27436,1239,609,630
24760,38363,10919,18561,8904,27443,1240,610,630
24765,38367,10921,18563,8906,27445,1240,610,630
24770,38377,10924,18568,8908,27452,1240,610,630
24775,38383,10925,18572,8909,27457,1240,610,630
24780,38394,10928,18577,8911,27464,1241,611,630
24785,38398,10929,18578,8912,27468,1241,611,630
24790,38408,10932,18583,8915,27476,1241,611,630
24795,38414,10932,18585,8915,27482,1241,611,630
24800,38425,10933,18591,8916,27490,1242,611,631
24805,38429,10934,18592,8917,27495,1242,611,631
24810,38439,10936,18597,8918,27503,1242,611,631
24815,38445,10937,18601,8919,27506,1242,611,631
24820,38456,10941,18608,8923,27515,1243,612,631
24825,38460,10941,18608,8923,27519,1243,612,631
24830,38470,10944,18611,8924,27525,1243,612,631
24835,38476,10946,18612,8926,27530,1243,612,631
24840,38487,10947,18614,8927,27539,1244,612,632
24845,38491,10948,18614,8928,27543,1244,612,632
24850,38501,10953,18621,8932,27548,1244,612,632
24855,38507,10955,18623,8933,27551,1244,612,632
24860,38518,10958,18629,8936,27557,1245,612,633
24865,38522,10961,18631,8939,27561,1245,612,633
24870,38532,10966,18636,8943,27565,1245,612,633
24875,38538,10968,18638,8945,27569,1245,612,633
24880,38549,10969,18642,8946,27579,1246,613,633
24885,38553,10971,18645,8948,27580,1246,613,633
24890,38563,10976,18650,8952,27585,1246,613,633
24895,38569,10980,18653,8955,27589,1246,613,633
24900,38580,10981,18658,8956,27598,1247,614,633
24905,38584,10982,18659,8957,27602,1247,614,633
24910,38594,10985,18664,8960,27609,1247,614,633
24915,38600,10986,18668,8961,27613,1247,614,633
24920,38611,10988,18671,8963,27622,1248,614,634
24925,38615,10989,18673,8964,27626,1248,614,634
24930,38625,10993,18680,8968,27631,1248,614,634
24935,38631,10996,18682,8970,27635,1248,614,634
24940,38642,10998,18687,8971,27641,1249,614,635
24945,38646,11000,18687,8973,27646,1249,614,635
24950,38656,11004,18693,8976,27650,1249,614,635
24955,38662,11008,18697,8980,27653,1249,614,635
24960,38673,11010,18700,8981,27662,1250,614,636
24965,38677,11011,18703,8982,27665,1250,614,636
24970,38687,11012,18705,8982,27674,1250,614,636
24975,38693,11014,18707,8983,27678,1250,614,636
24980,38704,11016,18711,8985,27687,1251,614,637
24985,38708,11017,18712,8986,27691,1251,614,637
24990,38718,11020,18717,8989,27698,1251,614,637
24995,38724,11021,18722,8990,27702,1251,614,637
25000,38735,11024,18730,8993,27709,1252,615,637
25005,38739,11025,18732,8994,27713,1252,615,637
25010,38749,11029,18738,8997,27720,1252,615,637
25015,38755,11030,18741,8997,27724,1252,615,637
25020,38766,11035,18749,9002,27730,1253,616,637
25025,38770,11036,18751,9003,27734,1253,616,637
25030,38780,11038,18756,9003,27742,1253,616,637
25035,38786,11039,18758,9003,27746,1253,616,637
25040,38797,11040,18760,9004,27756,1254,616,638
25045,38801,11040,18762,9004,27761,1254,616,638
25050,38811,11042,18766,9005,27769,1254,616,638
25055,38817,11043,18770,9006,27774,1254,616,638
25060,38828,11044,18774,9007,27783,1255,616,639
25065,38832,11045,18777,9008,27786,1255,616,639
25070,38842,11049,18783,9011,27793,1255,616,639
25075,38848,11050,18786,9011,27797,1255,616,639
25080,38859,11053,18794,9014,27803,1256,617,639
25085,38863,11055,18796,9016,27808,1256,617,639
25090,38873,11058,18804,9018,27814,1256,617,639
25095,38879,11060,18807,9019,27819,1256,617,639
25100,38890,11061,18813,9020,27827,1257,618,639
25105,38894,11064,18816,9023,27829,1257,618,639
25110,38904,11067,18822,9024,27836,1257,618,639
25115,38910,11069,18822,9025,27841,1257,618,639
25120,38921,11070,18827,9026,27848,1258,619,639
25125,38925,11072,18828,9028,27853,1258,619,639
25130,38935,11079,18834,9033,27855,1258,619,639
25135,38941,11082,18837,9036,27858,1258,619,639
25140,38952,11088,18845,9041,27861,1259,620,639
25145,38956,11092,18846,9045,27864,1259,620,639
25150,38966,11097,18851,9048,27868,1259,620,639
25155,38972,11099,18855,9050,27872,1259,620,639
25160,38983,11100,18859,9051,27881,1260,620,640
25165,38987,11102,18861,9053,27884,1260,620,640
25170,38997,11105,18868,9056,27891,1260,620,640
25175,39003,11108,18870,9058,27894,1260,620,640
25180,39014,11109,18872,9059,27904,1261,620,641
25185,39018,11110,18875,9060,27908,1261,620,641
25190,39028,11114,18881,9063,27913,1261,620,641
25195,39034,11116,18886,9065,27916,1261,620,641
25200,39045,11118,18895,9067,27923,1262,621,641
25205,39049,11121,18896,9070,27928,1262,621,641
25210,39059,11124,18900,9073,27934,1262,621,641
25215,39065,11127,18902,9076,27938,1262,621,641
25220,39076,11129,18908,9078,27944,1263,621,642
25225,39080,11130,18911,9079,27949,1263,621,642
25230,39090,11131,18915,9079,27959,1263,621,642
25235,39096,11131,18919,9079,27964,1263,621,642
25240,39107,11131,18923,9079,27974,1264,621,643
25245,39111,11131,18924,9079,27980,1264,621,643
25250,39121,11132,18929,9079,27989,1264,621,643
25255,39127,11132,18931,9079,27995,1264,621,643
25260,39138,11133,18938,9080,28003,1265,621,644
25265,39142,11133,18940,9080,28009,1265,621,644
25270,39152,11135,18942,9080,28017,1265,621,644
25275,39158,11135,18947,9080,28022,1265,621,644
25280,39169,11136,18953,9081,28030,1266,622,644
25285,39173,11137,18955,9082,28036,1266,622,644
25290,39183,11139,18961,9082,28044,1266,622,644
25295,39189,11139,18964,9082,28049,1266,622,644
25300,39200,11141,18971,9084,28057,1267,623,644
25305,39204,11141,18973,9084,28062,1267,623,644
25310,39214,11144,18979,9087,28070,1267,623,644
25315,39220,11144,18983,9087,28075,1267,623,644
25320,39231,11145,18988,9088,28083,1268,623,645
25325,39235,11147,18990,9090,28088,1268,623,645
25330,39245,11150,18994,9091,28094,1268,623,645
25335,39251,11152,18996,9093,28098,1268,623,645
25340,39262,11154,19000,9094,28105,1269,624,645
25345,39266,11157,19000,9097,28109,1269,624,645
25350,39276,11163,19007,9102,28111,1269,624,645
25355,39282,11167,19009,9105,28114,1269,624,645
25360,39293,11172,19015,9109,28118,1270,625,645
25365,39297,11176,19018,9113,28120,1270,625,645
25370,39307,11182,19023,9118,28124,1270,625,645
25375,39313,11185,19026,9121,28127,1270,625,645
25380,39324,11190,19033,9126,28132,1271,626,645
25385,39328,11193,19036,9129,28133,1271,626,645
25390,39338,11198,19042,9134,28138,1271,626,645
25395,39344,11202,19046,9138,28140,1271,626,645
25400,39355,11204,19054,9140,28147,1272,626,646
25405,39359,11208,19058,9144,28150,1272,626,646
25410,39369,11212,19063,9147,28157,1272,626,646
25415,39375,11214,19066,9149,28161,1272,626,646
25420,39386,11216,19070,9150,28168,1273,627,646
25425,39390,11216,19072,9150,28174,1273,627,646
25430,39400,11219,19075,9152,28181,1273,627,646
25435,39406,11221,19079,9153,28184,1273,627,646
25440,39417,11223,19083,9154,28191,1274,627,647
25445,39421,11226,19085,9157,28195,1274,627,647
25450,39431,11227,19090,9157,28204,1274,627,647
25455,39437,11228,19092,9157,28208,1274,627,647
25460,39448,11229,19096,9158,28218,1275,627,648
25465,39452,11229,19098,9158,28223,1275,627,648
25470,39462,11230,19102,9159,28232,1275,627,648
25475,39468,11231,19108,9160,28237,1275,627,648
25480,39479,11231,19113,9160,28247,1276,628,648
25485,39483,11231,19114,9160,28252,1276,628,648
25490,39493,11232,19120,9161,28261,1276,628,648
25495,39499,11233,19125,9162,28266,1276,628,648
25500,39510,11234,19133,9163,28273,1277,628,649
25505,39514,11235,19134,9164,28279,1277,628,649
25510,39524,11237,19139,9165,28287,1277,628,649
25515,39530,11238,19144,9166,28291,1277,628,649
25520,39541,11241,19150,9169,28298,1278,628,650
25525,39545,11241,19152,9169,28303,1278,628,650
25530,39555,11244,19158,9172,28311,1278,628,650
25535,39561,11245,19162,9173,28315,1278,628,650
25540,39572,11246,19165,9174,28325,1279,629,650
25545,39576,11246,19167,9174,28330,1279,629,650
25550,39586,11248,19170,9175,28338,1279,629,650
25555,39592,11250,19172,9177,28342,1279,629,650
25560,39603,11252,19177,9179,28349,1280,630,650
25565,39607,11256,19179,9183,28351,1280,630,650
25570,39617,11263,19186,9189,28353,1280,630,650
25575,39623,11267,19191,9193,28354,1280,630,650
25580,39634,11270,19194,9196,28362,1281,630,651
25585,39638,11274,19196,9200,28364,1281,630,651
25590,39648,11282,19203,9207,28366,1281,630,651
25595,39654,11283,19206,9208,28369,1281,630,651
25600,39665,11289,19213,9213,28373,1282,630,652
25605,39669,11292,19215,9216,28376,1282,630,652
25610,39679,11294,19217,9217,28385,1282,630,652
25615,39685,11295,19221,9217,28388,1282,630,652
25620,39696,11297,19227,9218,28397,1283,631,652
25625,39700,11300,19229,9221,28399,1283,631,652
25630,39710,11302,19235,9223,28406,1283,631,652
25635,39716,11305,19237,9226,28411,1283,631,652
25640,39727,11308,19243,9228,28416,1284,631,653
25645,39731,11309,19246,9229,28421,1284,631,653
25650,39741,11311,19252,9231,28429,1284,631,653
25655,39747,11313,19255,9232,28434,1284,631,653
25660,39758,11314,19259,9232,28441,1285,631,654
25665,39762,11317,19260,9235,28445,1285,631,654
25670,39772,11319,19263,9237,28453,1285,631,654
25675,39778,11320,19265,9238,28458,1285,631,654
25680,39789,11322,19267,9240,28466,1286,631,655
25685,39793,11322,19268,9240,28471,1286,631,655
25690,39803,11324,19275,9242,28478,1286,631,655
25695,39809,11327,19277,9244,28482,1286,631,655
25700,39820,11327,19286,9244,28490,1287,632,655
25705,39824,11328,19287,9245,28496,1287,632,655
25710,39834,11331,19295,9247,28502,1287,632,655
25715,39840,11334,19297,9249,28506,1287,632,655
25720,39851,11335,19300,9250,28514,1288,632,656
25725,39855,11336,19302,9251,28519,1288,632,656
25730,39865,11339,19307,9253,28526,1288,632,656
25735,39871,11340,19307,9253,28531,1288,632,656
25740,39882,11341,19311,9254,28538,1289,632,657
25745,39886,11343,19314,9256,28542,1289,632,657
25750,39896,11346,19320,9258,28550,1289,632,657
25755,39902,11346,19325,9258,28554,1289,632,657
25760,39913,11348,19327,9260,28564,1290,632,658
25765,39917,11348,19329,9260,28568,1290,632,658
25770,39927,11351,19332,9262,28576,1290,632,658
25775,39933,11351,19335,9262,28580,1290,632,658
25780,39944,11354,19338,9265,28589,1291,632,659
25785,39948,11355,19340,9266,28593,1291,632,659
25790,39958,11359,19343,9269,28599,1291,632,659
25795,39964,11359,19346,9269,28603,1291,632,659
25800,39975,11363,19350,9272,28610,1292,633,659
25805,39979,11366,19352,9275,28612,1292,633,659
25810,39989,11370,19354,9278,28619,1292,633,659
25815,39995,11370,19357,9278,28623,1292,633,659
25820,40006,11375,19361,9282,28628,1293,633,660
25825,40010,11378,19363,9285,28631,1293,633,660
25830,40020,11381,19368,9287,28639,1293,633,660
25835,40026,11381,19369,9287,28645,1293,633,660
25840,40037,11382,19375,9288,28652,1294,633,661
25845,40041,11385,19378,9291,28656,1294,633,661
25850,40051,11388,19385,9294,28661,1294,633,661
25855,40057,11392,19391,9298,28664,1294,633,661
25860,40068,11394,19399,9300,28671,1295,633,662
25865,40072,11396,19402,9302,28675,1295,633,662
25870,40082,11398,19406,9304,28683,1295,633,662
25875,40088,11400,19407,9305,28688,1295,633,662
25880,40099,11401,19409,9305,28696,1296,633,663
25885,40103,11402,19411,9306,28700,1296,633,663
25890,40113,11404,19415,9307,28708,1296,633,663
25895,40119,11406,19418,9308,28712,1296,633,663
25900,40130,11408,19425,9309,28718,1297,634,663
25905,40134,11412,19428,9313,28722,1297,634,663
25910,40144,11414,19433,9314,28729,1297,634,663
25915,40150,11417,19435,9316,28733,1297,634,663
25920,40161,11419,19441,9318,28739,1298,634,664
25925,40165,11422,19442,9321,28743,1298,634,664
25930,40175,11425,19446,9323,28749,1298,634,664
25935,40181,11427,19449,9324,28753,1298,634,664
25940,40192,11431,19456,9328,28758,1299,635,664
25945,40196,11434,19456,9331,28762,1299,635,664
25950,40206,11437,19459,9334,28769,1299,635,664
25955,40212,11438,19462,9335,28773,1299,635,664
25960,40223,11441,19464,9337,28781,1300,635,665
25965,40227,11442,19467,9338,28784,1300,635,665
25970,40237,11445,19470,9339,28792,1300,635,665
25975,40243,11447,19474,9340,28795,1300,635,665
25980,40254,11450,19481,9343,28802,1301,636,665
25985,40258,11452,19482,9345,28806,1301,636,665
25990,40268,11454,19487,9345,28814,1301,636,665
25995,40274,11455,19490,9345,28818,1301,636,665
26000,40285,11457,19494,9347,28827,1302,637,665
26005,40289,11458,19496,9348,28830,1302,637,665
26010,40299,11461,19499,9350,28838,1302,637,665
26015,40305,11463,19504,9352,28840,1302,637,665
26020,40316,11466,19511,9355,28848,1303,638,665
26025,40320,11468,19512,9357,28852,1303,638,665
26030,40330,11471,19517,9359,28859,1303,638,665
26035,40336,11472,19519,9359,28862,1303,638,665
26040,40347,11475,19524,9362,28871,1304,639,665
26045,40351,11475,19528,9362,28875,1304,639,665
26050,40361,11476,19535,9363,28885,1304,639,665
26055,40367,11477,19537,9363,28889,1304,639,665
26060,40378,11477,19538,9363,28900,1305,639,666
26065,40382,11477,19538,9363,28905,1305,639,666
26070,40392,11480,19544,9366,28912,1305,639,666
26075,40398,11481,19547,9367,28916,1305,639,666
26080,40409,11484,19553,9369,28923,1306,639,667
26085,40413,11484,19554,9369,28929,1306,639,667
26090,40423,11486,19557,9371,28937,1306,639,667
26095,40429,11487,19560,9372,28941,1306,639,667
26100,40440,11489,19563,9373,28949,1307,639,668
26105,40444,11491,19564,9375,28953,1307,639,668
26110,40454,11492,19570,9376,28960,1307,639,668
26115,40460,11496,19573,9379,28964,1307,639,668
26120,40471,11498,19582,9381,28969,1308,640,668
26125,40475,11502,19583,9385,28973,1308,640,668
26130,40485,11503,19587,9385,28982,1308,640,668
26135,40491,11505,19592,9387,28986,1308,640,668
26140,40502,11507,19598,9388,28992,1309,640,669
26145,40506,11510,19598,9391,28996,1309,640,669
26150,40516,11513,19603,9394,29003,1309,640,669
26155,40522,11514,19605,9395,29008,1309,640,669
26160,40533,11516,19609,9396,29014,1310,640,670
26165,40537,11519,19610,9399,29018,1310,640,670
26170,40547,11521,19611,9399,29026,1310,640,670
26175,40553,11522,19615,9400,29030,1310,640,670
26180,40564,11525,19619,9402,29036,1311,640,671
26185,40568,11529,19621,9406,29039,1311,640,671
26190,40578,11533,19628,9410,29044,1311,640,671
26195,40584,11536,19631,9412,29048,1311,640,671
26200,40595,11537,19635,9413,29056,1312,641,671
26205,40599,11539,19637,9415,29060,1312,641,671
26210,40609,11544,19642,9419,29065,1312,641,671
26215,40615,11546,19644,9420,29068,1312,641,671
26220,40626,11552,19650,9425,29072,1313,642,671
26225,40630,11555,19653,9428,29074,1313,642,671
26230,40640,11558,19655,9429,29081,1313,642,671
26235,40646,11560,19657,9430,29085,1313,642,671
26240,40657,11564,19664,9434,29089,1314,642,672
26245,40661,11568,19664,9438,29093,1314,642,672
26250,40671,11572,19667,9440,29099,1314,642,672
26255,40677,11574,19669,9441,29102,1314,642,672
26260,40688,11576,19672,9443,29111,1315,642,673
26265,40692,11577,19675,9444,29113,1315,642,673
26270,40702,11582,19679,9447,29120,1315,642,673
26275,40708,11582,19681,9447,29125,1315,642,673
26280,40719,11583,19683,9448,29134,1316,642,674
26285,40723,11585,19686,9450,29137,1316,642,674
26290,40733,11590,19691,9453,29143,1316,642,674
26295,40739,11590,19693,9453,29148,1316,642,674
26300,40750,11590,19699,9453,29158,1317,642,675
26305,40754,11590,19700,9453,29163,1317,642,675
26310,40764,11591,19705,9454,29173,1317,642,675
26315,40770,11591,19708,9454,29177,1317,642,675
26320,40781,11591,19714,9454,29189,1318,643,675
26325,40785,11591,19716,9454,29194,1318,643,675
26330,40795,11592,19725,9454,29203,1318,643,675
26335,40801,11592,19727,9454,29209,1318,643,675
26340,40812,11592,19730,9454,29219,1319,643,676
26345,40816,11592,19732,9454,29224,1319,643,676
26350,40826,11594,19736,9456,29232,1319,643,676
26355,40832,11594,19737,9456,29238,1319,643,676
26360,40843,11595,19742,9457,29246,1320,643,677
26365,40847,11598,19746,9460,29248,1320,643,677
26370,40857,11602,19752,9463,29254,1320,643,677
26375,40863,11604,19757,9465,29258,1320,643,677
26380,40874,11605,19761,9465,29266,1321,644,677
26385,40878,11608,19763,9468,29270,1321,644,677
26390,40888,11610,19768,9469,29276,1321,644,677
26395,40894,11614,19772,9472,29279,1321,644,677
26400,40905,11617,19776,9474,29285,1322,645,677
26405,40909,11618,19778,9475,29291,1322,645,677
26410,40919,11622,19784,9479,29297,1322,645,677
26415,40925,11623,19788,9479,29301,1322,645,677
26420,40936,11626,19792,9481,29308,1323,645,678
26425,40940,11629,19796,9484,29310,1323,645,678
26430,40950,11633,19802,9487,29315,1323,645,678
26435,40956,11637,19804,9490,29319,1323,645,678
26440,40967,11639,19807,9491,29326,1324,645,679
26445,40971,11641,19808,9493,29330,1324,645,679
26450,40981,11644,19812,9495,29336,1324,645,679
26455,40987,11646,19815,9496,29340,1324,645,679
26460,40998,11651,19822,9501,29344,1325,645,680
26465,41002,11654,19824,9504,29348,1325,645,680
26470,41012,11657,19829,9506,29354,1325,645,680
26475,41018,11659,19831,9507,29358,1325,645,680
26480,41029,11665,19839,9512,29361,1326,646,680
26485,41033,11669,19842,9516,29364,1326,646,680
26490,41043,11671,19849,9518,29371,1326,646,680
26495,41049,11674,19852,9520,29374,1326,646,680
26500,41060,11677,19859,9523,29381,1327,646,681
26505,41064,11679,19863,9525,29383,1327,646,681
26510,41074,11683,19867,9528,29390,1327,646,681
26515,41080,11686,19870,9531,29394,1327,646,681
26520,41091,11686,19877,9531,29403,1328,646,682
26525,41095,11686,19880,9531,29408,1328,646,682
26530,41105,11688,19883,9533,29417,1328,646,682
26535,41111,11690,19886,9534,29420,1328,646,682
26540,41122,11691,19894,9535,29429,1329,646,683
26545,41126,11692,19897,9536,29433,1329,646,683
26550,41136,11693,19902,9537,29443,1329,646,683
26555,41142,11695,19905,9538,29445,1329,646,683
26560,41153,11696,19911,9539,29457,1330,647,683
26565,41157,11696,19912,9539,29461,1330,647,683
26570,41167,11698,19918,9540,29468,1330,647,683
26575,41173,11701,19923,9543,29470,1330,647,683
26580,41184,11702,19932,9544,29480,1331,648,683
26585,41188,11702,19935,9544,29485,1331,648,683
26590,41198,11704,19943,9546,29492,1331,648,683
26595,41204,11708,19944,9549,29496,1331,648,683
26600,41215,11709,19948,9550,29504,1332,648,684
26605,41219,11712,19951,9553,29506,1332,648,684
26610,41229,11714,19956,9555,29515,1332,648,684
26615,41235,11714,19960,9555,29521,1332,648,684
26620,41246,11715,19963,9556,29530,1333,648,685
26625,41250,11716,19964,9557,29534,1333,648,685
26630,41260,11718,19970,9559,29542,1333,648,685
26635,41266,11718,19973,9559,29547,1333,648,685
26640,41277,11720,19979,9560,29555,1334,649,685
26645,41281,11721,19980,9561,29560,1334,649,685
26650,41291,11725,19987,9564,29566,1334,649,685
26655,41297,11725,19989,9564,29572,1334,649,685
26660,41308,11727,19993,9565,29580,1335,650,685
26665,41312,11728,19995,9566,29584,1335,650,685
26670,41322,11731,19998,9568,29591,1335,650,685
26675,41328,11731,20000,9568,29596,1335,650,685
26680,41339,11735,20009,9572,29601,1336,651,685
26685,41343,11737,20011,9574,29605,1336,651,685
26690,41353,11740,20015,9576,29612,1336,651,685
26695,41359,11741,20018,9577,29618,1336,651,685
26700,41370,11743,20024,9579,29624,1337,651,686
26705,41374,11745,20026,9581,29628,1337,651,686
26710,41384,11751,20032,9585,29631,1337,651,686
26715,41390,11754,20033,9587,29635,1337,651,686
26720,41401,11757,20036,9590,29643,1338,651,687
26725,41405,11759,20037,9592,29646,1338,651,687
26730,41415,11762,20040,9594,29652,1338,651,687
26735,41421,11765,20045,9597,29653,1338,651,687
26740,41432,11771,20048,9602,29660,1339,651,688
26745,41436,11773,20050,9604,29662,1339,651,688
26750,41446,11778,20052,9607,29668,1339,651,688
26755,41452,11781,20056,9610,29670,1339,651,688
26760,41463,11784,20058,9612,29678,1340,651,689
26765,41467,11785,20058,9613,29682,1340,651,689
26770,41477,11790,20061,9616,29687,1340,651,689
26775,41483,11793,20064,9618,29689,1340,651,689
26780,41494,11796,20067,9621,29697,1341,651,690
26785,41498,11798,20070,9623,29699,1341,651,690
26790,41508,11800,20076,9624,29707,1341,651,690
26795,41514,11803,20078,9626,29710,1341,651,690
26800,41525,11804,20084,9627,29719,1342,651,691
26805,41529,11805,20086,9628,29723,1342,651,691
26810,41539,11807,20091,9629,29732,1342,651,691
26815,41545,11808,20094,9630,29736,1342,651,691
26820,41556,11808,20099,9630,29746,1343,652,691
26825,41560,11808,20102,9630,29751,1343,652,691
26830,41570,11809,20107,9631,29761,1343,652,691
26835,41576,11810,20109,9632,29766,1343,652,691
26840,41587,11810,20116,9632,29775,1344,652,692
26845,41591,11811,20120,9633,29779,1344,652,692
26850,41601,11812,20127,9634,29788,1344,652,692
26855,41607,11815,20131,9637,29791,1344,652,692
26860,41618,11816,20137,9638,29800,1345,653,692
26865,41622,11817,20139,9639,29805,1345,653,692
26870,41632,11819,20144,9641,29813,1345,653,692
26875,41638,11820,20146,9641,29818,1345,653,692
26880,41649,11821,20151,9642,29827,1346,653,693
26885,41653,11821,20153,9642,29832,1346,653,693
26890,41663,11825,20158,9645,29836,1346,653,693
26895,41669,11828,20160,9647,29841,1346,653,693
26900,41680,11830,20167,9648,29847,1347,654,693
26905,41684,11833,20169,9651,29851,1347,654,693
26910,41694,11836,20173,9653,29857,1347,654,693
26915,41700,11838,20176,9655,29862,1347,654,693
26920,41711,11841,20184,9658,29868,1348,655,693
26925,41715,11845,20186,9662,29870,1348,655,693
26930,41725,11849,20191,9664,29874,1348,655,693
26935,41731,11853,20195,9668,29878,1348,655,693
26940,41742,11857,20202,9672,29884,1349,656,693
26945,41746,11859,20204,9674,29887,1349,656,693
26950,41756,11862,20209,9677,29893,1349,656,693
26955,41762,11865,20213,9679,29897,1349,656,693
26960,41773,11868,20218,9681,29904,1350,657,693
26965,41777,11869,20219,9682,29907,1350,657,693
26970,41787,11874,20223,9687,29913,1350,657,693
26975,41793,11875,20226,9688,29917,1350,657,693
26980,41804,11877,20228,9689,29926,1351,657,694
26985,41808,11880,20232,9692,29926,1351,657,694
26990,41818,11886,20236,9697,29931,1351,657,694
26995,41824,11888,20238,9698,29934,1351,657,694
27000,41835,11893,20243,9702,29940,1352,658,694
27005,41839,11896,20246,9705,29941,1352,658,694
27010,41849,11903,20250,9710,29945,1352,658,694
27015,41855,11906,20253,9713,29948,1352,658,694
27020,41866,11909,20259,9716,29955,1353,659,694
27025,41870,11910,20261,9717,29959,1353,659,694
27030,41880,11911,20265,9717,29969,1353,659,694
27035,41886,11912,20267,9717,29974,1353,659,694
27040,41897,11912,20274,9717,29984,1354,659,695
27045,41901,11912,20275,9717,29989,1354,659,695
27050,41911,11913,20280,9718,29997,1354,659,695
27055,41917,11915,20283,9720,30002,1354,659,695
27060,41928,11916,20289,9721,30010,1355,659,696
27065,41932,11917,20290,9722,30015,1355,659,696
27070,41942,11919,20295,9723,30022,1355,659,696
27075,41948,11921,20297,9724,30027,1355,659,696
27080,41959,11921,20301,9724,30037,1356,659,697
27085,41963,11921,20302,9724,30041,1356,659,697
27090,41973,11922,20306,9725,30050,1356,659,697
27095,41979,11924,20309,9727,30054,1356,659,697
27100,41990,11924,20316,9727,30063,1357,659,698
27105,41994,11925,20317,9728,30069,1357,659,698
27110,42004,11926,20323,9728,30077,1357,659,698
27115,42010,11928,20327,9730,30082,1357,659,698
27120,42021,11928,20330,9730,30092,1358,659,699
27125,42025,11929,20332,9731,30096,1358,659,699
27130,42035,11932,20336,9733,30103,1358,659,699
27135,42041,11933,20338,9733,30108,1358,659,699
27140,42052,11935,20343,9735,30114,1359,659,700
27145,42056,11938,20344,9738,30118,1359,659,700
27150,42066,11941,20351,9741,30123,1359,659,700
27155,42072,11944,20354,9744,30128,1359,659,700
27160,42083,11947,20358,9747,30136,1360,660,700
27165,42087,11948,20359,9748,30139,1360,660,700
27170,42097,11950,20364,9750,30146,1360,660,700
27175,42103,11952,20366,9751,30150,1360,660,700
27180,42114,11957,20372,9756,30155,1361,660,701
27185,42118,11959,20374,9758,30159,1361,660,701
27190,42128,11962,20377,9760,30166,1361,660,701
27195,42134,11964,20381,9762,30170,1361,660,701
27200,42145,11966,20387,9764,30176,1362,661,701
27205,42149,11969,20388,9767,30179,1362,661,701
27210,42159,11976,20393,9772,30182,1362,661,701
27215,42165,11978,20396,9774,30185,1362,661,701
27220,42176,11983,20402,9778,30189,1363,661,702
27225,42180,11989,20406,9784,30189,1363,661,702
27230,42190,11996,20413,9791,30192,1363,661,702
27235,42196,12000,20415,9795,30196,1363,661,702
27240,42207,12002,20420,9797,30202,1364,661,703
27245,42211,12006,20424,9801,30204,1364,661,703
27250,42221,12009,20430,9804,30211,1364,661,703
27255,42227,12010,20432,9805,30217,1364,661,703
27260,42238,12011,20440,9806,30224,1365,661,704
27265,42242,12013,20443,9808,30228,1365,661,704
27270,42252,12014,20447,9808,30238,1365,661,704
27275,42258,12014,20450,9808,30243,1365,661,704
27280,42269,12014,20452,9808,30254,1366,661,705
27285,42273,12014,20455,9808,30259,1366,661,705
27290,42283,12015,20461,9808,30268,1366,661,705
27295,42289,12015,20464,9808,30274,1366,661,705
27300,42300,12015,20470,9808,30283,1367,661,706
27305,42304,12015,20471,9808,30289,1367,661,706
27310,42314,12016,20475,9808,30298,1367,661,706
27315,42320,12016,20478,9808,30304,1367,661,706
27320,42331,12016,20484,9808,30314,1368,661,707
27325,42335,12016,20486,9808,30319,1368,661,707
27330,42345,12017,20493,9808,30328,1368,661,707
27335,42351,12017,20494,9808,30334,1368,661,707
27340,42362,12017,20499,9808,30345,1369,662,707
27345,42366,12017,20501,9808,30349,1369,662,707
27350,42376,12019,20505,9810,30357,1369,662,707
27355,42382,12020,20508,9810,30361,1369,662,707
27360,42393,12022,20512,9812,30369,1370,662,708
27365,42397,12023,20513,9813,30374,1370,662,708
27370,42407,12026,20519,9816,30380,1370,662,708
27375,42413,12029,20522,9818,30383,1370,662,708
27380,42424,12032,20527,9820,30389,1371,662,709
27385,42428,12035,20527,9823,30393,1371,662,709
27390,42438,12038,20531,9825,30399,1371,662,709
27395,42444,12040,20534,9826,30403,1371,662,709
27400,42455,12046,20543,9831,30405,1372,663,709
27405,42459,12050,20544,9835,30408,1372,663,709
27410,42469,12056,20550,9840,30411,1372,663,709
27415,42475,12059,20552,9843,30415,1372,663,709
27420,42486,12062,20556,9846,30423,1373,664,709
27425,42490,12064,20557,9848,30426,1373,664,709
27430,42500,12070,20562,9852,30429,1373,664,709
27435,42506,12073,20565,9855,30432,1373,664,709
27440,42517,12076,20570,9858,30439,1374,665,709
27445,42521,12080,20572,9862,30441,1374,665,709
27450,42531,12082,20579,9864,30447,1374,665,709
27455,42537,12086,20583,9868,30450,1374,665,709
27460,42548,12087,20589,9869,30458,1375,665,710
27465,42552,12089,20591,9871,30462,1375,665,710
27470,42562,12091,20594,9872,30471,1375,665,710
27475,42568,12093,20598,9874,30474,1375,665,710
27480,42579,12095,20605,9875,30481,1376,666,710
27485,42583,12098,20608,9878,30484,1376,666,710
27490,42593,12100,20614,9880,30492,1376,666,710
27495,42599,12103,20618,9883,30495,1376,666,710
27500,42610,12104,20620,9884,30505,1377,666,711
27505,42614,12104,20621,9884,30509,1377,666,711
27510,42624,12105,20623,9884,30518,1377,666,711
27515,42630,12107,20625,9885,30523,1377,666,711
27520,42641,12108,20632,9885,30529,1378,667,711
27525,42645,12112,20635,9889,30533,1378,667,711
27530,42655,12113,20639,9890,30540,1378,667,711
27535,42661,12116,20643,9892,30544,1378,667,711
27540,42672,12118,20649,9894,30552,1379,668,711
27545,42676,12120,20651,9896,30556,1379,668,711
27550,42686,12122,20653,9897,30563,1379,668,711
27555,42692,12124,20656,9898,30568,1379,668,711
27560,42703,12126,20659,9899,30575,1380,669,711
27565,42707,12126,20662,9899,30581,1380,669,711
27570,42717,12130,20668,9902,30585,1380,669,711
27575,42723,12133,20669,9904,30590,1380,669,711
27580,42734,12137,20676,9907,30594,1381,670,711
27585,42738,12139,20679,9909,30599,1381,670,711
27590,42748,12141,20685,9910,30606,1381,670,711
27595,42754,12143,20687,9912,30611,1381,670,711
27600,42765,12143,20691,9912,30620,1382,671,711
27605,42769,12145,20693,9914,30624,1382,671,711
27610,42779,12148,20698,9916,30631,1382,671,711
27615,42785,12149,20700,9917,30635,1382,671,711
27620,42796,12152,20707,9920,30642,1383,672,711
27625,42800,12152,20708,9920,30647,1383,672,711
27630,42810,12155,20712,9921,30655,1383,672,711
27635,42816,12157,20717,9923,30658,1383,672,711
27640,42827,12159,20723,9925,30664,1384,673,711
27645,42831,12162,20725,9928,30668,1384,673,711
27650,42841,12166,20729,9930,30675,1384,673,711
27655,42847,12168,20733,9932,30677,1384,673,711
27660,42858,12173,20741,9937,30682,1385,673,712
27665,42862,12175,20742,9939,30687,1385,673,712
27670,42872,12180,20750,9944,30691,1385,673,712
27675,42878,12182,20752,9946,30695,1385,673,712
27680,42889,12184,20757,9948,30702,1386,673,713
27685,42893,12186,20757,9950,30707,1386,673,713
27690,42903,12189,20760,9952,30714,1386,673,713
27695,42909,12190,20762,9953,30719,1386,673,713
27700,42920,12192,20767,9954,30726,1387,674,713
27705,42924,12194,20768,9956,30730,1387,674,713
27710,42934,12198,20774,9959,30735,1387,674,713
27715,42940,12200,20776,9960,30739,1387,674,713
27720,42951,12202,20782,9962,30747,1388,674,714
27725,42955,12205,20784,9965,30750,1388,674,714
27730,42965,12208,20790,9967,30756,1388,674,714
27735,42971,12209,20792,9968,30761,1388,674,714
27740,42982,12211,20794,9969,30770,1389,674,715
27745,42986,12211,20794,9969,30775,1389,674,715
27750,42996,12212,20797,9970,30783,1389,674,715
27755,43002,12213,20800,9971,30789,1389,674,715
27760,43013,12215,20805,9972,30796,1390,675,715
27765,43017,12217,20807,9974,30800,1390,675,715
27770,43027,12220,20814,9977,30806,1390,675,715
27775,43033,12221,20817,9978,30811,1390,675,715
27780,43044,12223,20823,9979,30819,1391,676,715
27785,43048,12223,20824,9979,30825,1391,676,715
27790,43058,12224,20827,9979,30834,1391,676,715
27795,43064,12224,20829,9979,30840,1391,676,715
27800,43075,12224,20833,9979,30849,1392,676,716
27805,43079,12224,20836,9979,30855,1392,676,716
27810,43089,12226,20841,9981,30863,1392,676,716
27815,43095,12226,20845,9981,30869,1392,676,716
27820,43106,12226,20848,9981,30878,1393,676,717
27825,43110,12227,20851,9982,30883,1393,676,717
27830,43120,12229,20853,9982,30891,1393,676,717
27835,43126,12230,20854,9982,30896,1393,676,717
27840,43137,12232,20858,9984,30902,1394,676,718
27845,43141,12234,20860,9986,30907,1394,676,718
27850,43151,12236,20864,9986,30914,1394,676,718
27855,43157,12239,20867,9988,30917,1394,676,718
27860,43168,12240,20869,9989,30927,1395,677,718
27865,43172,12240,20872,9989,30931,1395,677,718
27870,43182,12244,20879,9993,30937,1395,677,718
27875,43188,12247,20881,9995,30941,1395,677,718
27880,43199,12249,20887,9997,30948,1396,677,719
27885,43203,12250,20889,9998,30952,1396,677,719
27890,43213,12255,20894,10001,30956,1396,677,719
27895,43219,12259,20898,10004,30959,1396,677,719
27900,43230,12261,20900,10006,30967,1397,677,720
27905,43234,12262,20901,10007,30971,1397,677,720
27910,43244,12266,20903,10009,30977,1397,677,720
27915,43250,12268,20905,10011,30981,1397,677,720
27920,43261,12272,20911,10014,30985,1398,677,721
27925,43265,12277,20913,10019,30987,1398,677,721
27930,43275,12283,20919,10025,30991,1398,677,721
27935,43281,12286,20924,10028,30992,1398,677,721
27940,43292,12292,20928,10033,30997,1399,677,722
27945,43296,12295,20930,10036,31000,1399,677,722
27950,43306,12303,20938,10043,31001,1399,677,722
27955,43312,12307,20939,10046,31005,1399,677,722
27960,43323,12310,20945,10048,31011,1400,678,722
27965,43327,12313,20946,10051,31014,1400,678,722
27970,43337,12315,20951,10053,31021,1400,678,722
27975,43343,12317,20955,10055,31024,1400,678,722
27980,43354,12318,20960,10055,31033,1401,679,722
27985,43358,12320,20961,10057,31038,1401,679,722
27990,43368,12321,20964,10057,31047,1401,679,722
27995,43374,12323,20966,10058,31051,1401,679,722
28000,43385,12325,20972,10059,31057,1402,680,722
28005,43389,12326,20972,10060,31063,1402,680,722
28010,43399,12327,20975,10060,31071,1402,680,722
28015,43405,12329,20976,10061,31076,1402,680,722
28020,43416,12331,20982,10062,31081,1403,681,722
28025,43420,12333,20983,10064,31087,1403,681,722
28030,43430,12335,20989,10065,31094,1403,681,722
28035,43436,12338,20995,10068,31098,1403,681,722
28040,43447,12338,21000,10068,31107,1404,682,722
28045,43451,12339,21002,10069,31112,1404,682,722
28050,43461,12340,21007,10069,31120,1404,682,722
28055,43467,12343,21009,10071,31124,1404,682,722
28060,43478,12345,21014,10073,31132,1405,682,723
28065,43482,12345,21015,10073,31137,1405,682,723
28070,43492,12348,21018,10075,31143,1405,682,723
28075,43498,12350,21020,10077,31148,1405,682,723
28080,43509,12351,21028,10078,31154,1406,683,723
28085,43513,12354,21030,10081,31158,1406,683,723
28090,43523,12357,21037,10083,31166,1406,683,723
28095,43529,12357,21041,10083,31171,1406,683,723
28100,43540,12359,21045,10085,31178,1407,684,723
28105,43544,12360,21047,10086,31183,1407,684,723
28110,43554,12363,21051,10089,31191,1407,684,723
28115,43560,12363,21055,10089,31196,1407,684,723
28120,43571,12366,21062,10092,31203,1408,684,724
28125,43575,12366,21065,10092,31208,1408,684,724
28130,43585,12369,21070,10095,31215,1408,684,724
28135,43591,12370,21071,10096,31221,1408,684,724
28140,43602,12371,21074,10097,31229,1409,684,725
28145,43606,12374,21077,10100,31231,1409,684,725
28150,43616,12379,21082,10104,31237,1409,684,725
28155,43622,12380,21086,10105,31241,1409,684,725
28160,43633,12385,21094,10109,31245,1410,684,726
28165,43637,12389,21096,10113,31248,1410,684,726
28170,43647,12391,21102,10115,31256,1410,684,726
28175,43653,12391,21106,10115,31261,1410,684,726
28180,43664,12393,21113,10117,31268,1411,684,727
28185,43668,12394,21115,10118,31274,1411,684,727
28190,43678,12396,21119,10120,31281,1411,684,727
28195,43684,12398,21121,10121,31285,1411,684,727
28200,43695,12400,21129,10123,31292,1412,685,727
28205,43699,12403,21130,10126,31296,1412,685,727
28210,43709,12406,21135,10128,31302,1412,685,727
28215,43715,12408,21136,10129,31307,1412,685,727
28220,43726,12409,21140,10129,31314,1413,685,728
28225,43730,12411,21141,10131,31319,1413,685,728
28230,43740,12414,21145,10134,31326,1413,685,728
28235,43746,12416,21149,10136,31330,1413,685,728
28240,43757,12418,21154,10137,31336,1414,686,728
28245,43761,12420,21157,10139,31340,1414,686,728
28250,43771,12422,21161,10140,31349,1414,686,728
28255,43777,12423,21165,10141,31354,1414,686,728
28260,43788,12424,21169,10141,31362,1415,687,728
28265,43792,12425,21172,10142,31367,1415,687,728
28270,43802,12429,21178,10145,31372,1415,687,728
28275,43808,12431,21181,10146,31377,1415,687,728
28280,43819,12434,21188,10149,31382,1416,688,728
28285,43823,12436,21191,10151,31387,1416,688,728
28290,43833,12438,21195,10151,31394,1416,688,728
28295,43839,12440,21197,10153,31399,1416,688,728
28300,43850,12442,21203,10155,31406,1417,689,728
28305,43854,12442,21205,10155,31412,1417,689,728
28310,43864,12444,21208,10155,31420,1417,689,728
28315,43870,12446,21209,10156,31424,1417,689,728
28320,43881,12448,21216,10158,31430,1418,690,728
28325,43885,12450,21217,10160,31434,1418,690,728
28330,43895,12454,21223,10163,31441,1418,690,728
28335,43901,12456,21225,10164,31445,1418,690,728
28340,43912,12456,21227,10164,31454,1419,690,729
28345,43916,12457,21228,10165,31459,1419,690,729
28350,43926,12459,21231,10165,31466,1419,690,729
28355,43932,12461,21232,10166,31471,1419,690,729
28360,43943,12462,21235,10167,31479,1420,690,730
28365,43947,12464,21236,10169,31483,1420,690,730
28370,43957,12467,21241,10172,31490,1420,690,730
28375,43963,12468,21244,10173,31493,1420,690,730
28380,43974,12470,21249,10175,31501,1421,691,730
28385,43978,12473,21250,10178,31505,1421,691,730
28390,43988,12479,21257,10183,31507,1421,691,730
28395,43994,12483,21260,10186,31509,1421,691,730
28400,44005,12488,21266,10191,31515,1422,692,730
28405,44009,12490,21267,10193,31518,1422,692,730
28410,44019,12496,21271,10197,31522,1422,692,730
28415,44025,12499,21274,10200,31525,1422,692,730
28420,44036,12504,21280,10205,31529,1423,692,731
28425,44040,12507,21282,10208,31532,1423,692,731
28430,44050,12514,21287,10213,31535,1423,692,731
28435,44056,12516,21290,10215,31539,1423,692,731
28440,44067,12518,21294,10216,31546,1424,693,731
28445,44071,12519,21297,10217,31551,1424,693,731
28450,44081,12520,21301,10217,31561,1424,693,731
28455,44087,12521,21303,10218,31566,1424,693,731
28460,44098,12522,21307,10219,31575,1425,693,732
28465,44102,12524,21311,10221,31578,1425,693,732
28470,44112,12526,21316,10223,31586,1425,693,732
28475,44118,12528,21320,10225,31590,1425,693,732
28480,44129,12530,21325,10226,31596,1426,693,733
28485,44133,12532,21327,10228,31601,1426,693,733
28490,44143,12533,21333,10228,31609,1426,693,733
28495,44149,12536,21337,10231,31613,1426,693,733
28500,44160,12538,21343,10232,31620,1427,694,733
28505,44164,12540,21347,10234,31624,1427,694,733
28510,44174,12541,21353,10234,31633,1427,694,733
28515,44180,12541,21355,10234,31639,1427,694,733
28520,44191,12542,21362,10235,31647,1428,694,734
28525,44195,12544,21364,10237,31651,1428,694,734
28530,44205,12545,21370,10238,31660,1428,694,734
28535,44211,12545,21374,10238,31666,1428,694,734
28540,44222,12546,21379,10239,31674,1429,695,734
28545,44226,12548,21381,10241,31678,1429,695,734
28550,44236,12551,21383,10242,31685,1429,695,734
28555,44242,12551,21386,10242,31691,1429,695,734
28560,44253,12553,21390,10243,31697,1430,696,734
28565,44257,12557,21394,10247,31698,1430,696,734
28570,44267,12563,21400,10252,31703,1430,696,734
28575,44273,12565,21402,10254,31707,1430,696,734
28580,44284,12570,21409,10258,31711,1431,696,735
28585,44288,12574,21413,10262,31712,1431,696,735
28590,44298,12579,21414,10265,31719,1431,696,735
28595,44304,12580,21418,10266,31722,1431,696,735
28600,44315,12583,21421,10268,31731,1432,696,736
28605,44319,12583,21424,10268,31735,1432,696,736
28610,44329,12585,21429,10270,31743,1432,696,736
28615,44335,12587,21431,10272,31748,1432,696,736
28620,44346,12590,21436,10274,31754,1433,697,736
28625,44350,12591,21439,10275,31758,1433,697,736
28630,44360,12593,21444,10276,31767,1433,697,736
28635,44366,12595,21448,10277,31770,1433,697,736
28640,44377,12596,21455,10278,31778,1434,698,736
28645,44381,12597,21458,10279,31783,1434,698,736
28650,44391,12599,21465,10280,31791,1434,698,736
28655,44397,12601,21470,10282,31796,1434,698,736
28660,44408,12602,21477,10283,31804,1435,698,737
28665,44412,12603,21478,10284,31809,1435,698,737
28670,44422,12604,21484,10284,31817,1435,698,737
28675,44428,12606,21486,10286,31822,1435,698,737
28680,44439,12606,21490,10286,31832,1436,698,738
28685,44443,12606,21493,10286,31837,1436,698,738
28690,44453,12607,21500,10287,31845,1436,698,738
28695,44459,12610,21503,10290,31849,1436,698,738
28700,44470,12610,21508,10290,31858,1437,699,738
28705,44474,12611,21510,10291,31863,1437,699,738
28710,44484,12613,21514,10292,31871,1437,699,738
28715,44490,12614,21517,10293,31876,1437,699,738
28720,44501,12615,21521,10294,31884,1438,699,739
28725,44505,12617,21524,10296,31888,1438,699,739
28730,44515,12620,21529,10298,31894,1438,699,739
28735,44521,12623,21533,10301,31897,1438,699,739
28740,44532,12627,21540,10305,31902,1439,700,739
28745,44536,12629,21541,10307,31906,1439,700,739
28750,44546,12632,21545,10310,31913,1439,700,739
28755,44552,12635,21548,10312,31916,1439,700,739
28760,44563,12639,21552,10315,31923,1440,701,739
28765,44567,12641,21553,10317,31926,1440,701,739
28770,44577,12646,21557,10320,31930,1440,701,739
28775,44583,12649,21560,10323,31933,1440,701,739
28780,44594,12653,21565,10326,31938,1441,701,740
28785,44598,12658,21568,10331,31939,1441,701,740
28790,44608,12664,21575,10336,31942,1441,701,740
28795,44614,12668,21577,10339,31946,1441,701,740
28800,44625,12669,21577,10339,31956,1442,701,741
28805,44629,12670,21580,10340,31959,1442,701,741
28810,44639,12674,21587,10343,31965,1442,701,741
28815,44645,12676,21590,10345,31968,1442,701,741
28820,44656,12678,21593,10346,31977,1443,701,742
28825,44660,12680,21595,10348,31979,1443,701,742
28830,44670,12683,21599,10350,31987,1443,701,742
28835,44676,12684,21602,10351,31991,1443,701,742
28840,44687,12686,21605,10353,32001,1444,701,743
28845,44691,12687,21608,10354,32003,1444,701,743
28850,44701,12689,21612,10356,32012,1444,701,743
28855,44707,12691,21615,10358,32015,1444,701,743
28860,44718,12694,21620,10360,32022,1445,701,744
28865,44722,12696,21621,10362,32026,1445,701,744
28870,44732,12698,21626,10363,32032,1445,701,744
28875,44738,12702,21629,10366,32035,1445,701,744
28880,44749,12702,21632,10366,32046,1446,702,744
28885,44753,12703,21634,10367,32049,1446,702,744
28890,44763,12705,21635,10368,32058,1446,702,744
28895,44769,12706,21640,10369,32061,1446,702,744
28900,44780,12708,21644,10371,32070,1447,702,745
28905,44784,12708,21646,10371,32075,1447,702,745
28910,44794,12710,21649,10372,32084,1447,702,745
28915,44800,12711,21650,10372,32089,1447,702,745
28920,44811,12712,21656,10373,32096,1448,703,745
28925,44815,12713,21657,10374,32102,1448,703,745
28930,44825,12716,21661,10376,32109,1448,703,745
28935,44831,12718,21664,10378,32113,1448,703,745
28940,44842,12720,21669,10380,32121,1449,704,745
28945,44846,12720,21671,10380,32125,1449,704,745
28950,44856,12723,21673,10382,32133,1449,704,745
28955,44862,12724,21674,10383,32138,1449,704,745
28960,44873,12725,21680,10384,32146,1450,705,745
28965,44877,12727,21682,10386,32149,1450,705,745
28970,44887,12731,21689,10390,32156,1450,705,745
28975,44893,12732,21692,10391,32161,1450,705,745
28980,44904,12734,21696,10392,32167,1451,705,746
28985,44908,12737,21697,10395,32171,1451,705,746
28990,44918,12741,21701,10398,32176,1451,705,746
28995,44924,12742,21706,10399,32181,1451,705,746
29000,44935,12745,21711,10401,32189,1452,706,746
29005,44939,12748,21715,10404,32190,1452,706,746
29010,44949,12753,21721,10408,32195,1452,706,746
29015,44955,12755,21726,10410,32198,1452,706,746
29020,44966,12760,21730,10414,32205,1453,706,747
29025,44970,12762,21733,10416,32206,1453,706,747
29030,44980,12768,21740,10422,32211,1453,706,747
29035,44986,12769,21742,10423,32216,1453,706,747
29040,44997,12774,21750,10427,32221,1454,707,747
29045,45001,12775,21751,10428,32226,1454,707,747
29050,45011,12778,21759,10431,32233,1454,707,747
29055,45017,12778,21763,10431,32238,1454,707,747
29060,45028,12780,21766,10432,32247,1455,707,748
29065,45032,12781,21767,10433,32251,1455,707,748
29070,45042,12784,21771,10435,32257,1455,707,748
29075,45048,12785,21774,10436,32262,1455,707,748
29080,45059,12786,21777,10436,32272,1456,707,749
29085,45063,12786,21778,10436,32277,1456,707,749
29090,45073,12787,21781,10436,32285,1456,707,749
29095,45079,12789,21783,10438,32290,1456,707,749
29100,45090,12792,21789,10441,32296,1457,707,750
29105,45094,12794,21791,10443,32299,1457,707,750
29110,45104,12796,21796,10445,32307,1457,707,750
29115,45110,12799,21799,10447,32310,1457,707,750
29120,45121,12799,21804,10447,32322,1458,708,750
29125,45125,12799,21806,10447,32325,1458,708,750
29130,45135,12800,21811,10447,32335,1458,708,750
29135,45141,12801,21812,10448,32340,1458,708,750
29140,45152,12801,21817,10448,32350,1459,709,750
29145,45156,12801,21817,10448,32355,1459,709,750
29150,45166,12803,21822,10450,32363,1459,709,750
29155,45172,12804,21825,10451,32367,1459,709,750
29160,45183,12806,21832,10453,32376,1460,710,750
29165,45187,12806,21835,10453,32380,1460,710,750
29170,45197,12808,21837,10454,32389,1460,710,750
29175,45203,12809,21839,10454,32394,1460,710,750
29180,45214,12811,21846,10456,32401,1461,711,750
29185,45218,12812,21849,10457,32406,1461,711,750
29190,45228,12814,21854,10457,32414,1461,711,750
29195,45234,12815,21857,10458,32419,1461,711,750
29200,45245,12817,21864,10460,32427,1462,711,751
29205,45249,12817,21865,10460,32432,1462,711,751
29210,45259,12819,21868,10461,32440,1462,711,751
29215,45265,12820,21870,10461,32445,1462,711,751
29220,45276,12824,21877,10464,32448,1463,711,752
29225,45280,12829,21880,10469,32450,1463,711,752
29230,45290,12833,21883,10471,32456,1463,711,752
29235,45296,12835,21884,10472,32461,1463,711,752
29240,45307,12838,21889,10474,32466,1464,711,753
29245,45311,12841,21890,10477,32470,1464,711,753
29250,45321,12844,21893,10478,32476,1464,711,753
29255,45327,12846,21896,10479,32480,1464,711,753
29260,45338,12850,21903,10483,32484,1465,711,754
29265,45342,12855,21905,10488,32487,1465,711,754
29270,45352,12860,21914,10492,32490,1465,711,754
29275,45358,12864,21918,10496,32492,1465,711,754
29280,45369,12868,21921,10500,32501,1466,712,754
29285,45373,12869,21923,10501,32503,1466,712,754
29290,45383,12877,21929,10508,32506,1466,712,754
29295,45389,12879,21931,10510,32510,1466,712,754
29300,45400,12882,21937,10513,32515,1467,712,755
29305,45404,12887,21939,10518,32517,1467,712,755
29310,45414,12891,21946,10522,32522,1467,712,755
29315,45420,12893,21948,10523,32525,1467,712,755
29320,45431,12896,21955,10526,32533,1468,713,755
29325,45435,12897,21958,10527,32537,1468,713,755
29330,45445,12898,21961,10528,32547,1468,713,755
29335,45451,12900,21963,10529,32551,1468,713,755
29340,45462,12900,21967,10529,32561,1469,713,756
29345,45466,12900,21969,10529,32565,1469,713,756
29350,45476,12902,21972,10530,32574,1469,713,756
29355,45482,12903,21974,10531,32578,1469,713,756
29360,45493,12904,21980,10532,32587,1470,713,757
29365,45497,12905,21982,10533,32592,1470,713,757
29370,45507,12906,21988,10534,32601,1470,713,757
29375,45513,12907,21990,10534,32605,1470,713,757
29380,45524,12908,21996,10535,32615,1471,713,758
29385,45528,12908,21997,10535,32620,1471,713,758
29390,45538,12909,22001,10535,32628,1471,713,758
29395,45544,12912,22006,10538,32632,1471,713,758
29400,45555,12912,22011,10538,32641,1472,714,758
29405,45559,12913,22014,10539,32646,1472,714,758
29410,45569,12916,22019,10542,32652,1472,714,758
29415,45575,12919,22023,10545,32655,1472,714,758
29420,45586,12921,22030,10546,32663,1473,715,758
29425,45590,12922,22032,10547,32667,1473,715,758
29430,45600,12927,22038,10551,32672,1473,715,758
29435,45606,12930,22042,10554,32676,1473,715,758
29440,45617,12931,22048,10555,32683,1474,716,758
29445,45621,12935,22051,10559,32686,1474,716,758
29450,45631,12939,22056,10562,32692,1474,716,758
29455,45637,12940,22060,10563,32697,1474,716,758
29460,45648,12942,22065,10564,32703,1475,716,759
29465,45652,12945,22065,10567,32707,1475,716,759
29470,45662,12950,22069,10571,32712,1475,716,759
29475,45668,12952,22073,10573,32716,1475,716,759
29480,45679,12954,22076,10574,32723,1476,716,760
29485,45683,12956,22077,10576,32727,1476,716,760
29490,45693,12958,22081,10577,32734,1476,716,760
29495,45699,12961,22084,10579,32738,1476,716,760
29500,45710,12964,22088,10581,32745,1477,717,760
29505,45714,12966,22092,10583,32747,1477,717,760
29510,45724,12972,22096,10587,32752,1477,717,760
29515,45730,12973,22100,10588,32756,1477,717,760
29520,45741,12976,22103,10590,32763,1478,717,761
29525,45745,12979,22106,10593,32765,1478,717,761
29530,45755,12982,22108,10594,32773,1478,717,761
29535,45761,12984,22110,10596,32777,1478,717,761
29540,45772,12986,22117,10598,32783,1479,718,761
29545,45776,12989,22121,10601,32785,1479,718,761
29550,45786,12995,22126,10606,32790,1479,718,761
29555,45792,12999,22130,10609,32791,1479,718,761
29560,45803,13002,22135,10612,32799,1480,718,762
29565,45807,13004,22138,10614,32801,1480,718,762
29570,45817,13006,22142,10615,32810,1480,718,762
29575,45823,13009,22146,10618,32813,1480,718,762
29580,45834,13009,22149,10618,32824,1481,718,763
29585,45838,13010,22153,10619,32827,1481,718,763
29590,45848,13011,22159,10619,32837,1481,718,763
29595,45854,13011,22162,10619,32842,1481,718,763
29600,45865,13011,22169,10619,32852,1482,719,763
29605,45869,13011,22171,10619,32858,1482,719,763
29610,45879,13012,22178,10619,32867,1482,719,763
29615,45885,13012,22181,10619,32872,1482,719,763
29620,45896,13012,22188,10619,32882,1483,719,764
29625,45900,13012,22190,10619,32887,1483,719,764
29630,45910,13013,22197,10620,32896,1483,719,764
29635,45916,13014,22199,10621,32901,1483,719,764
29640,45927,13016,22206,10623,32910,1484,720,764
29645,45931,13017,22208,10624,32914,1484,720,764
29650,45941,13019,22212,10625,32922,1484,720,764
29655,45947,13019,22217,10625,32928,1484,720,764
29660,45958,13021,22225,10627,32935,1485,721,764
29665,45962,13022,22225,10628,32940,1485,721,764
29670,45972,13023,22229,10629,32949,1485,721,764
29675,45978,13023,22232,10629,32954,1485,721,764
29680,45989,13025,22236,10630,32962,1486,721,765
29685,45993,13027,22239,10632,32966,1486,721,765
29690,46003,13031,22245,10635,32971,1486,721,765
29695,46009,13033,22246,10636,32976,1486,721,765
29700,46020,13035,22251,10638,32983,1487,721,766
29705,46024,13037,22254,10640,32987,1487,721,766
29710,46034,13040,22260,10642,32993,1487,721,766
29715,46040,13042,22261,10643,32998,1487,721,766
29720,46051,13045,22266,10645,33004,1488,721,767
29725,46055,13047,22267,10647,33008,1488,721,767
29730,46065,13050,22271,10648,33015,1488,721,767
29735,46071,13051,22274,10648,33019,1488,721,767
29740,46082,13053,22276,10649,33027,1489,721,768
29745,46086,13055,22278,10651,33030,1489,721,768
29750,46096,13059,22283,10654,33036,1489,721,768
29755,46102,13062,22286,10656,33040,1489,721,768
29760,46113,13065,22294,10659,33044,1490,722,768
29765,46117,13069,22297,10663,33046,1490,722,768
29770,46127,13075,22299,10667,33052,1490,722,768
29775,46133,13077,22304,10669,33053,1490,722,768
29780,46144,13083,22308,10674,33060,1491,723,768
29785,46148,13086,22310,10677,33062,1491,723,768
29790,46158,13091,22315,10682,33067,1491,723,768
29795,46164,13092,22318,10683,33070,1491,723,768
29800,46175,13097,22321,10687,33078,1492,724,768
29805,46179,13098,22324,10688,33079,1492,724,768
29810,46189,13101,22330,10691,33087,1492,724,768
29815,46195,13103,22335,10693,33090,1492,724,768
29820,46206,13106,22343,10695,33097,1493,725,768
29825,46210,13107,22344,10696,33103,1493,725,768
29830,46220,13108,22349,10696,33112,1493,725,768
29835,46226,13110,22350,10697,33116,1493,725,768
29840,46237,13111,22357,10698,33123,1494,726,768
29845,46241,13112,22361,10699,33128,1494,726,768
29850,46251,13114,22366,10701,33137,1494,726,768
29855,46257,13116,22369,10702,33141,1494,726,768
29860,46268,13116,22374,10702,33149,1495,727,768
29865,46272,13117,22376,10703,33155,1495,727,768
29870,46282,13119,22381,10705,33162,1495,727,768
29875,46288,13122,22384,10708,33165,1495,727,768
29880,46299,13123,22391,10709,33174,1496,728,768
29885,46303,13123,22393,10709,33180,1496,728,768
29890,46313,13124,22398,10709,33189,1496,728,768
29895,46319,13125,22401,10710,33194,1496,728,768
29900,46330,13126,22408,10711,33202,1497,728,769
29905,46334,13127,22410,10712,33207,1497,728,769
29910,46344,13129,22417,10714,33215,1497,728,769
29915,46350,13130,22418,10714,33220,1497,728,769
29920,46361,13131,22424,10715,33229,1498,729,769
29925,46365,13131,22426,10715,33234,1498,729,769
29930,46375,13134,22430,10716,33240,1498,729,769
29935,46381,13136,22433,10717,33245,1498,729,769
29940,46392,13138,22437,10719,33252,1499,729,770
29945,46396,13139,22440,10720,33257,1499,729,770
29950,46406,13142,22444,10721,33263,1499,729,770
29955,46412,13144,22446,10723,33268,1499,729,770
29960,46423,13148,22451,10726,33274,1500,730,770
29965,46427,13149,22453,10727,33278,1500,730,770
29970,46437,13153,22460,10731,33283,1500,730,770
29975,46443,13156,22463,10733,33286,1500,730,770
29980,46454,13162,22472,10739,33288,1501,730,771
29985,46458,13165,22472,10742,33293,1501,730,771
29990,46468,13168,22476,10744,33300,1501,730,771
29995,46474,13170,22478,10745,33303,1501,730,771
30000,46485,13173,22480,10748,33311,1502,730,772
30005,46489,13174,22483,10749,33313,1502,730,772
30010,46499,13181,22489,10756,33317,1502,730,772
30015,46505,13183,22490,10757,33321,1502,730,772
30020,46516,13186,22496,10760,33327,1503,731,772
30025,46520,13189,22498,10763,33330,1503,731,772
30030,46530,13193,22503,10766,33337,1503,731,772
30035,46536,13195,22505,10767,33340,1503,731,772
30040,46547,13199,22509,10770,33346,1504,732,772
30045,46551,13200,22510,10771,33350,1504,732,772
30050,46561,13205,22517,10775,33355,1504,732,772
30055,46567,13207,22519,10776,33358,1504,732,772
30060,46578,13211,22524,10780,33363,1505,732,773
30065,46582,13213,22526,10782,33368,1505,732,773
30070,46592,13215,22533,10783,33376,1505,732,773
30075,46598,13217,22536,10784,33380,1505,732,773
30080,46609,13218,22540,10785,33390,1506,732,774
30085,46613,13219,22543,10786,33393,1506,732,774
30090,46623,13221,22545,10787,33402,1506,732,774
30095,46629,13223,22549,10789,33406,1506,732,774
30100,46640,13225,22553,10790,33413,1507,733,774
30105,46644,13226,22555,10791,33417,1507,733,774
30110,46654,13227,22561,10791,33426,1507,733,774
30115,46660,13229,22563,10792,33431,1507,733,774
30120,46671,13231,22571,10794,33437,1508,734,774
30125,46675,13233,22572,10796,33441,1508,734,774
30130,46685,13234,22577,10797,33449,1508,734,774
30135,46691,13237,22580,10799,33454,1508,734,774
30140,46702,13239,22587,10801,33461,1509,734,775
30145,46706,13242,22588,10804,33464,1509,734,775
30150,46716,13244,22595,10806,33470,1509,734,775
30155,46722,13248,22597,10809,33474,1509,734,775
30160,46733,13250,22602,10810,33481,1510,734,776
30165,46737,13252,22605,10812,33485,1510,734,776
30170,46747,13255,22610,10814,33491,1510,734,776
30175,46753,13258,22612,10816,33495,1510,734,776
30180,46764,13262,22617,10819,33501,1511,735,776
30185,46768,13263,22619,10820,33505,1511,735,776
30190,46778,13265,22628,10822,33513,1511,735,776
30195,46784,13265,22630,10822,33519,1511,735,776
30200,46795,13266,22636,10823,33526,1512,735,777
30205,46799,13268,22637,10825,33531,1512,735,777
30210,46809,13270,22640,10826,33539,1512,735,777
30215,46815,13270,22641,10826,33545,1512,735,777
30220,46826,13270,22644,10826,33553,1513,735,778
30225,46830,13272,22646,10828,33558,1513,735,778
30230,46840,13274,22651,10829,33566,1513,735,778
30235,46846,13274,22652,10829,33572,1513,735,778
30240,46857,13276,22659,10831,33578,1514,736,778
30245,46861,13279,22662,10834,33580,1514,736,778
30250,46871,13283,22666,10837,33588,1514,736,778
30255,46877,13283,22668,10837,33593,1514,736,778
30260,46888,13284,22673,10838,33602,1515,736,779
30265,46892,13285,22675,10839,33605,1515,736,779
30270,46902,13289,22680,10843,33613,1515,736,779
30275,46908,13290,22684,10844,33616,1515,736,779
30280,46919,13293,22688,10847,33624,1516,736,780
30285,46923,13294,22691,10848,33627,1516,736,780
30290,46933,13298,22697,10851,33634,1516,736,780
30295,46939,13301,22702,10854,33636,1516,736,780
30300,46950,13302,22706,10855,33647,1517,736,781
30305,46954,13304,22710,10857,33649,1517,736,781
30310,46964,13305,22715,10858,33657,1517,736,781
30315,46970,13308,22720,10861,33661,1517,736,781
30320,46981,13311,22725,10863,33667,1518,736,782
30325,46985,13313,22728,10865,33672,1518,736,782
30330,46995,13315,22732,10866,33679,1518,736,782
30335,47001,13318,22736,10869,33683,1518,736,782
30340,47012,13320,22742,10871,33690,1519,736,783
30345,47016,13321,22742,10872,33695,1519,736,783
30350,47026,13323,22747,10874,33702,1519,736,783
30355,47032,13325,22748,10875,33707,1519,736,783
30360,47043,13326,22751,10876,33716,1520,736,784
30365,47047,13327,22752,10877,33720,1520,736,784
30370,47057,13329,22758,10879,33727,1520,736,784
30375,47063,13332,22762,10881,33731,1520,736,784
30380,47074,13334,22767,10882,33737,1521,736,785
30385,47078,13336,22769,10884,33742,1521,736,785
30390,47088,13339,22773,10886,33747,1521,736,785
30395,47094,13343,22777,10890,33751,1521,736,785
30400,47105,13345,22781,10891,33758,1522,737,785
30405,47109,13347,22784,10893,33762,1522,737,785
30410,47119,13350,22790,10896,33768,1522,737,785
30415,47125,13352,22792,10897,33772,1522,737,785
30420,47136,13357,22797,10901,33777,1523,737,786
30425,47140,13359,22797,10903,33781,1523,737,786
30430,47150,13362,22802,10904,33787,1523,737,786
30435,47156,13365,22805,10906,33789,1523,737,786
30440,47167,13367,22807,10908,33799,1524,737,787
30445,47171,13367,22809,10908,33803,1524,737,787
30450,47181,13372,22812,10912,33809,1524,737,787
30455,47187,13373,22814,10913,33813,1524,737,787
30460,47198,13376,22820,10916,33820,1525,738,787
30465,47202,13377,22821,10917,33825,1525,738,787
30470,47212,13383,22828,10922,33829,1525,738,787
30475,47218,13386,22834,10925,33829,1525,738,787
30480,47229,13390,22839,10929,33837,1526,739,787
30485,47233,13391,22841,10930,33842,1526,739,787
30490,47243,13393,22849,10932,33849,1526,739,787
30495,47249,13396,22850,10934,33853,1526,739,787
30500,47260,13396,22855,10934,33863,1527,740,787
30505,47264,13396,22855,10934,33868,1527,740,787
30510,47274,13397,22859,10934,33876,1527,740,787
30515,47280,13399,22860,10935,33881,1527,740,787
30520,47291,13400,22866,10936,33888,1528,741,787
30525,47295,13401,22867,10937,33894,1528,741,787
30530,47305,13403,22872,10939,33901,1528,741,787
30535,47311,13405,22874,10940,33905,1528,741,787
30540,47322,13407,22879,10941,33912,1529,741,788
30545,47326,13410,22881,10944,33916,1529,741,788
30550,47336,13412,22886,10946,33922,1529,741,788
30555,47342,13415,22889,10949,33927,1529,741,788
30560,47353,13418,22894,10951,33933,1530,742,788
30565,47357,13420,22896,10953,33936,1530,742,788
30570,47367,13423,22901,10956,33943,1530,742,788
30575,47373,13424,22902,10957,33948,1530,742,788
30580,47384,13425,22907,10958,33957,1531,743,788
30585,47388,13426,22909,10959,33961,1531,743,788
30590,47398,13430,22915,10962,33967,1531,743,788
30595,47404,13431,22916,10963,33973,1531,743,788
30600,47415,13432,22920,10963,33981,1532,744,788
30605,47419,13433,22921,10964,33986,1532,744,788
30610,47429,13437,22925,10967,33992,1532,744,788
30615,47435,13437,22925,10967,33998,1532,744,788
30620,47446,13438,22929,10967,34006,1533,745,788
30625,47450,13439,22930,10968,34010,1533,745,788
30630,47460,13442,22934,10969,34017,1533,745,788
30635,47466,13443,22938,10970,34021,1533,745,788
30640,47477,13446,22942,10973,34029,1534,746,788
30645,47481,13446,22944,10973,34035,1534,746,788
30650,47491,13449,22949,10975,34042,1534,746,788
30655,47497,13449,22954,10975,34047,1534,746,788
30660,47508,13451,22959,10977,34054,1535,747,788
30665,47512,13454,22960,10980,34058,1535,747,788
30670,47522,13456,22961,10980,34066,1535,747,788
30675,47528,13457,22962,10980,34071,1535,747,788
30680,47539,13459,22965,10982,34079,1536,747,789
30685,47543,13460,22968,10983,34082,1536,747,789
30690,47553,13463,22970,10984,34090,1536,747,789
30695,47559,13464,22973,10985,34095,1536,747,789
30700,47570,13465,22976,10986,34103,1537,747,790
30705,47574,13466,22978,10987,34108,1537,747,790
30710,47584,13468,22985,10989,34115,1537,747,790
30715,47590,13470,22987,10990,34119,1537,747,790
30720,47601,13473,22994,10993,34126,1538,748,790
30725,47605,13475,22997,10995,34129,1538,748,790
30730,47615,13478,23003,10997,34136,1538,748,790
30735,47621,13481,23005,11000,34140,1538,748,790
30740,47632,13484,23011,11003,34146,1539,749,790
30745,47636,13486,23014,11005,34149,1539,749,790
30750,47646,13491,23019,11009,34155,1539,749,790
30755,47652,13493,23021,11010,34158,1539,749,790
30760,47663,13495,23026,11012,34165,1540,750,790
30765,47667,13497,23028,11014,34169,1540,750,790
30770,47677,13501,23034,11018,34175,1540,750,790
30775,47683,13504,23038,11021,34178,1540,750,790
30780,47694,13505,23044,11022,34187,1541,751,790
30785,47698,13507,23046,11024,34190,1541,751,790
30790,47708,13509,23052,11025,34197,1541,751,790
30795,47714,13513,23057,11028,34199,1541,751,790
30800,47725,13514,23062,11028,34209,1542,751,791
30805,47729,13517,23066,11031,34211,1542,751,791
30810,47739,13519,23071,11033,34220,1542,751,791
30815,47745,13520,23075,11033,34224,1542,751,791
30820,47756,13522,23081,11035,34231,1543,751,792
30825,47760,13524,23083,11037,34236,1543,751,792
30830,47770,13525,23088,11037,34244,1543,751,792
30835,47776,13528,23091,11040,34248,1543,751,792
30840,47787,13530,23096,11042,34256,1544,752,792
30845,47791,13532,23098,11044,34259,1544,752,792
30850,47801,13536,23104,11047,34265,1544,752,792
30855,47807,13538,23107,11049,34269,1544,752,792
30860,47818,13540,23112,11051,34277,1545,753,792
30865,47822,13541,23114,11052,34281,1545,753,792
30870,47832,13544,23121,11054,34286,1545,753,792
30875,47838,13547,23124,11057,34291,1545,753,792
30880,47849,13550,23130,11060,34298,1546,754,792
30885,47853,13552,23131,11062,34301,1546,754,792
30890,47863,13555,23136,11063,34307,1546,754,792
30895,47869,13557,23139,11065,34312,1546,754,792
30900,47880,13559,23143,11066,34318,1547,754,793
30905,47884,13561,23143,11068,34323,1547,754,793
30910,47894,13565,23146,11071,34329,1547,754,793
30915,47900,13566,23148,11071,34333,1547,754,793
30920,47911,13569,23149,11073,34341,1548,754,794
30925,47915,13569,23151,11073,34345,1548,754,794
30930,47925,13574,23156,11076,34350,1548,754,794
30935,47931,13577,23158,11079,34354,1548,754,794
30940,47942,13581,23166,11083,34359,1549,755,794
30945,47946,13581,23168,11083,34363,1549,755,794
30950,47956,13587,23174,11088,34368,1549,755,794
30955,47962,13589,23177,11089,34370,1549,755,794
30960,47973,13593,23180,11093,34379,1550,755,795
30965,47977,13593,23182,11093,34383,1550,755,795
30970,47987,13598,23188,11098,34388,1550,755,795
30975,47993,13602,23191,11101,34390,1550,755,795
30980,48004,13603,23195,11102,34398,1551,756,795
30985,48008,13605,23197,11104,34402,1551,756,795
30990,48018,13611,23202,11109,34407,1551,756,795
30995,48024,13614,23206,11112,34409,1551,756,795
31000,48035,13615,23209,11113,34418,1552,756,796
31005,48039,13617,23213,11115,34420,1552,756,796
31010,48049,13619,23219,11117,34429,1552,756,796
31015,48055,13622,23221,11119,34433,1552,756,796
31020,48066,13623,23226,11120,34441,1553,757,796
31025,48070,13623,23229,11120,34446,1553,757,796
31030,48080,13624,23234,11121,34456,1553,757,796
31035,48086,13624,23235,11121,34462,1553,757,796
31040,48097,13624,23241,11121,34471,1554,758,796
31045,48101,13624,23243,11121,34477,1554,758,796
31050,48111,13626,23248,11123,34485,1554,758,796
31055,48117,13626,23251,11123,34491,1554,758,796
31060,48128,13627,23256,11124,34499,1555,758,797
31065,48132,13629,23259,11126,34503,1555,758,797
31070,48142,13632,23265,11128,34510,1555,758,797
31075,48148,13632,23270,11128,34516,1555,758,797
31080,48159,13633,23277,11129,34524,1556,758,798
31085,48163,13634,23278,11130,34529,1556,758,798
31090,48173,13637,23286,11132,34535,1556,758,798
31095,48179,13638,23288,11133,34541,1556,758,798
31100,48190,13639,23291,11134,34550,1557,759,798
31105,48194,13639,23294,11134,34555,1557,759,798
31110,48204,13641,23296,11135,34563,1557,759,798
31115,48210,13641,23297,11135,34569,1557,759,798
31120,48221,13644,23302,11137,34575,1558,759,799
31125,48225,13645,23303,11138,34580,1558,759,799
31130,48235,13648,23307,11139,34585,1558,759,799
31135,48241,13652,23312,11142,34586,1558,759,799
31140,48252,13657,23317,11147,34591,1559,759,800
31145,48256,13661,23319,11151,34594,1559,759,800
31150,48266,13667,23323,11155,34599,1559,759,800
31155,48272,13670,23329,11158,34599,1559,759,800
31160,48283,13676,23333,11163,34606,1560,759,801
31165,48287,13677,23336,11164,34609,1560,759,801
31170,48297,13678,23339,11165,34619,1560,759,801
31175,48303,13679,23342,11166,34624,1560,759,801
31180,48314,13681,23348,11167,34631,1561,760,801
31185,48318,13683,23350,11169,34635,1561,760,801
31190,48328,13684,23354,11170,34644,1561,760,801
31195,48334,13685,23357,11171,34648,1561,760,801
31200,48345,13686,23364,11171,34657,1562,761,801
31205,48349,13687,23366,11172,34661,1562,761,801
31210,48359,13689,23372,11174,34670,1562,761,801
31215,48365,13690,23373,11174,34675,1562,761,801
31220,48376,13691,23376,11175,34683,1563,761,802
31225,48380,13693,23377,11177,34687,1563,761,802
31230,48390,13695,23382,11178,34694,1563,761,802
31235,48396,13697,23384,11179,34698,1563,761,802
31240,48407,13698,23389,11180,34707,1564,762,802
31245,48411,13699,23389,11181,34712,1564,762,802
31250,48421,13702,23396,11184,34717,1564,762,802
31255,48427,13705,23399,11186,34722,1564,762,802
31260,48438,13707,23404,11187,34729,1565,763,802
31265,48442,13709,23405,11189,34733,1565,763,802
31270,48452,13714,23411,11193,34738,1565,763,802
31275,48458,13716,23415,11194,34741,1565,763,802
31280,48469,13720,23420,11197,34748,1566,763,803
31285,48473,13722,23422,11199,34751,1566,763,803
31290,48483,13725,23427,11201,34757,1566,763,803
31295,48489,13727,23430,11203,34762,1566,763,803
31300,48500,13729,23436,11205,34769,1567,764,803
31305,48504,13731,23438,11207,34773,1567,764,803
31310,48514,13734,23442,11209,34780,1567,764,803
31315,48520,13735,23445,11210,34785,1567,764,803
31320,48531,13738,23451,11213,34791,1568,765,803
31325,48535,13740,23454,11215,34794,1568,765,803
31330,48545,13744,23459,11218,34800,1568,765,803
31335,48551,13746,23461,11220,34805,1568,765,803
31340,48562,13748,23467,11222,34813,1569,766,803
31345,48566,13749,23470,11223,34816,1569,766,803
31350,48576,13752,23472,11224,34824,1569,766,803
31355,48582,13754,23473,11225,34828,1569,766,803
31360,48593,13756,23477,11227,34837,1570,767,803
31365,48597,13757,23479,11228,34839,1570,767,803
31370,48607,13762,23482,11232,34845,1570,767,803
31375,48613,13763,23486,11233,34848,1570,767,803
31380,48624,13768,23493,11238,34854,1571,767,804
31385,48628,13769,23495,11239,34857,1571,767,804
31390,48638,13775,23501,11244,34862,1571,767,804
31395,48644,13777,23504,11245,34864,1571,767,804
31400,48655,13780,23509,11248,34874,1572,768,804
31405,48659,13782,23512,11250,34876,1572,768,804
31410,48669,13783,23515,11251,34886,1572,768,804
31415,48675,13785,23519,11253,34888,1572,768,804
31420,48686,13786,23527,11254,34899,1573,769,804
31425,48690,13786,23528,11254,34903,1573,769,804
31430,48700,13788,23533,11256,34911,1573,769,804
31435,48706,13791,23536,11259,34915,1573,769,804
31440,48717,13793,23541,11261,34922,1574,769,805
31445,48721,13795,23542,11263,34926,1574,769,805
31450,48731,13798,23549,11266,34932,1574,769,805
31455,48737,13800,23553,11268,34937,1574,769,805
31460,48748,13803,23560,11271,34944,1575,770,805
31465,48752,13804,23562,11272,34947,1575,770,805
31470,48762,13807,23566,11275,34954,1575,770,805
31475,48768,13810,23569,11277,34958,1575,770,805
31480,48779,13812,23574,11279,34965,1576,770,806
31485,48783,13814,23577,11281,34968,1576,770,806
31490,48793,13816,23579,11282,34977,1576,770,806
31495,48799,13817,23580,11282,34982,1576,770,806
31500,48810,13818,23584,11282,34991,1577,770,807
31505,48814,13820,23587,11284,34993,1577,770,807
31510,48824,13822,23593,11286,35001,1577,770,807
31515,48830,13824,23597,11288,35005,1577,770,807
31520,48841,13827,23602,11291,35011,1578,770,808
31525,48845,13830,23604,11294,35014,1578,770,808
31530,48855,13834,23607,11296,35020,1578,770,808
31535,48861,13836,23608,11297,35025,1578,770,808
31540,48872,13837,23610,11297,35033,1579,770,809
31545,48876,13839,23611,11299,35037,1579,770,809
31550,48886,13842,23617,11302,35043,1579,770,809
31555,48892,13844,23619,11303,35047,1579,770,809
31560,48903,13848,23623,11306,35053,1580,770,810
31565,48907,13849,23623,11307,35058,1580,770,810
31570,48917,13853,23627,11309,35063,1580,770,810
31575,48923,13855,23629,11311,35067,1580,770,810
31580,48934,13860,23638,11316,35070,1581,771,810
31585,48938,13864,23641,11320,35073,1581,771,810
31590,48948,13867,23642,11321,35081,1581,771,810
31595,48954,13869,23646,11322,35085,1581,771,810
31600,48965,13871,23651,11324,35093,1582,772,810
31605,48969,13873,23653,11326,35096,1582,772,810
31610,48979,13875,23656,11326,35104,1582,772,810
31615,48985,13876,23657,11326,35108,1582,772,810
31620,48996,13877,23661,11327,35116,1583,773,810
31625,49000,13880,23662,11330,35120,1583,773,810
31630,49010,13886,23671,11335,35123,1583,773,810
31635,49016,13889,23676,11338,35126,1583,773,810
31640,49027,13890,23681,11339,35137,1584,773,811
31645,49031,13890,23683,11339,35141,1584,773,811
31650,49041,13891,23687,11340,35150,1584,773,811
31655,49047,13893,23692,11342,35152,1584,773,811
31660,49058,13893,23700,11342,35162,1585,773,812
31665,49062,13894,23702,11343,35168,1585,773,812
31670,49072,13895,23706,11343,35176,1585,773,812
31675,49078,13897,23708,11344,35180,1585,773,812
31680,49089,13898,23715,11345,35190,1586,774,812
31685,49093,13898,23717,11345,35194,1586,774,812
31690,49103,13900,23724,11347,35202,1586,774,812
31695,49109,13903,23727,11350,35205,1586,774,812
31700,49120,13906,23733,11352,35212,1587,774,813
31705,49124,13908,23734,11354,35216,1587,774,813
31710,49134,13909,23739,11354,35224,1587,774,813
31715,49140,13910,23743,11355,35229,1587,774,813
31720,49151,13912,23748,11356,35237,1588,775,813
31725,49155,13914,23750,11358,35240,1588,775,813
31730,49165,13917,23759,11361,35247,1588,775,813
31735,49171,13918,23762,11362,35252,1588,775,813
31740,49182,13920,23764,11363,35261,1589,775,814
31745,49186,13922,23767,11365,35264,1589,775,814
31750,49196,13924,23770,11366,35272,1589,775,814
31755,49202,13924,23771,11366,35277,1589,775,814
31760,49213,13927,23776,11369,35285,1590,775,815
31765,49217,13927,23778,11369,35290,1590,775,815
31770,49227,13931,23785,11372,35296,1590,775,815
31775,49233,13931,23789,11372,35302,1590,775,815
31780,49244,13934,23796,11375,35308,1591,775,816
31785,49248,13935,23797,11376,35313,1591,775,816
31790,49258,13937,23801,11377,35320,1591,775,816
31795,49264,13938,23805,11378,35325,1591,775,816
31800,49275,13941,23811,11381,35332,1592,776,816
31805,49279,13943,23813,11383,35336,1592,776,816
31810,49289,13945,23816,11384,35343,1592,776,816
31815,49295,13948,23820,11387,35347,1592,776,816
31820,49306,13950,23823,11388,35354,1593,776,817
31825,49310,13953,23825,11391,35356,1593,776,817
31830,49320,13956,23829,11393,35362,1593,776,817
31835,49326,13959,23833,11396,35366,1593,776,817
31840,49337,13961,23835,11397,35375,1594,777,817
31845,49341,13963,23837,11399,35377,1594,777,817
31850,49351,13968,23841,11403,35382,1594,777,817
31855,49357,13971,23845,11406,35384,1594,777,817
31860,49368,13977,23850,11411,35389,1595,777,818
31865,49372,13980,23853,11414,35390,1595,777,818
31870,49382,13987,23860,11421,35394,1595,777,818
31875,49388,13990,23863,11423,35397,1595,777,818
31880,49399,13991,23869,11424,35405,1596,778,818
31885,49403,13993,23870,11426,35409,1596,778,818
31890,49413,13995,23876,11427,35418,1596,778,818
31895,49419,13997,23881,11428,35420,1596,778,818
31900,49430,13998,23884,11429,35431,1597,778,819
31905,49434,13998,23886,11429,35436,1597,778,819
31910,49444,14000,23892,11431,35443,1597,778,819
31915,49450,14002,23894,11432,35448,1597,778,819
31920,49461,14002,23899,11432,35458,1598,778,820
31925,49465,14002,23901,11432,35463,1598,778,820
31930,49475,14004,23904,11433,35470,1598,778,820
31935,49481,14007,23908,11435,35473,1598,778,820
31940,49492,14007,23912,11435,35483,1599,779,820
31945,49496,14007,23913,11435,35489,1599,779,820
31950,49506,14009,23919,11437,35497,1599,779,820
31955,49512,14010,23922,11438,35502,1599,779,820
31960,49523,14010,23928,11438,35511,1600,779,821
31965,49527,14011,23930,11439,35516,1600,779,821
31970,49537,14012,23931,11439,35525,1600,779,821
31975,49543,14014,23937,11441,35528,1600,779,821
31980,49554,14017,23942,11444,35535,1601,780,821
31985,49558,14019,23944,11446,35539,1601,780,821
31990,49568,14021,23947,11446,35546,1601,780,821
31995,49574,14023,23949,11448,35550,1601,780,821
32000,49585,14025,23954,11450,35557,1602,780,822
32005,49589,14027,23956,11452,35561,1602,780,822
32010,49599,14033,23964,11457,35564,1602,780,822
32015,49605,14036,23967,11460,35569,1602,780,822
32020,49616,14038,23971,11462,35577,1603,781,822
32025,49620,14039,23973,11463,35580,1603,781,822
32030,49630,14044,23978,11467,35585,1603,781,822
32035,49636,14047,23982,11470,35589,1603,781,822
32040,49647,14049,23985,11471,35597,1604,782,822
32045,49651,14050,23988,11472,35600,1604,782,822
32050,49661,14055,23993,11476,35606,1604,782,822
32055,49667,14057,23997,11477,35610,1604,782,822
32060,49678,14061,24004,11481,35614,1605,782,823
32065,49682,14066,24006,11486,35616,1605,782,823
32070,49692,14071,24011,11491,35621,1605,782,823
32075,49698,14073,24014,11493,35625,1605,782,823
32080,49709,14076,24022,11496,35630,1606,783,823
32085,49713,14080,24023,11500,35633,1606,783,823
32090,49723,14084,24027,11502,35637,1606,783,823
32095,49729,14087,24030,11505,35641,1606,783,823
32100,49740,14091,24035,11508,35647,1607,784,823
32105,49744,14094,24036,11511,35650,1607,784,823
32110,49754,14097,24040,11513,35656,1607,784,823
32115,49760,14098,24042,11514,35661,1607,784,823
32120,49771,14101,24045,11516,35670,1608,784,824
32125,49775,14103,24048,11518,35671,1608,784,824
32130,49785,14108,24053,11522,35676,1608,784,824
32135,49791,14109,24057,11523,35681,1608,784,824
32140,49802,14110,24063,11524,35692,1609,785,824
32145,49806,14110,24065,11524,35696,1609,785,824
32150,49816,14111,24068,11524,35705,1609,785,824
32155,49822,14111,24071,11524,35710,1609,785,824
32160,49833,14112,24076,11525,35721,1610,785,825
32165,49837,14112,24079,11525,35724,1610,785,825
32170,49847,14113,24083,11525,35733,1610,785,825
32175,49853,14114,24086,11526,35738,1610,785,825
32180,49864,14115,24087,11526,35748,1611,785,826
32185,49868,14115,24088,11526,35753,1611,785,826
32190,49878,14117,24092,11527,35761,1611,785,826
32195,49884,14117,24096,11527,35766,1611,785,826
32200,49895,14119,24102,11528,35774,1612,785,827
32205,49899,14120,24103,11529,35779,1612,785,827
32210,49909,14122,24107,11530,35786,1612,785,827
32215,49915,14124,24109,11532,35791,1612,785,827
32220,49926,14127,24117,11535,35797,1613,785,828
32225,49930,14127,24118,11535,35803,1613,785,828
32230,49940,14128,24124,11536,35812,1613,785,828
32235,49946,14129,24127,11537,35817,1613,785,828
32240,49957,14130,24134,11538,35824,1614,786,828
32245,49961,14131,24138,11539,35829,1614,786,828
32250,49971,14133,24142,11539,35838,1614,786,828
32255,49977,14134,24145,11539,35842,1614,786,828
32260,49988,14136,24150,11541,35850,1615,787,828
32265,49992,14137,24151,11542,35855,1615,787,828
32270,50002,14139,24153,11542,35862,1615,787,828
32275,50008,14142,24159,11545,35865,1615,787,828
32280,50019,14143,24163,11546,35873,1616,788,828
32285,50023,14144,24164,11547,35879,1616,788,828
32290,50033,14147,24168,11549,35886,1616,788,828
32295,50039,14148,24169,11549,35891,1616,788,828
32300,50050,14149,24173,11550,35899,1617,788,829
32305,50054,14150,24174,11551,35903,1617,788,829
32310,50064,14153,24179,11553,35911,1617,788,829
32315,50070,14154,24181,11553,35916,1617,788,829
32320,50081,14157,24185,11556,35922,1618,788,830
32325,50085,14159,24187,11558,35925,1618,788,830
32330,50095,14164,24190,11561,35931,1618,788,830
32335,50101,14165,24192,11562,35936,1618,788,830
32340,50112,14168,24196,11565,35942,1619,788,831
32345,50116,14170,24197,11567,35946,1619,788,831
32350,50126,14173,24202,11569,35952,1619,788,831
32355,50132,14175,24206,11571,35956,1619,788,831
32360,50143,14179,24213,11575,35961,1620,789,831
32365,50147,14183,24215,11579,35963,1620,789,831
32370,50157,14189,24219,11584,35968,1620,789,831
32375,50163,14191,24223,11586,35970,1620,789,831
32380,50174,14195,24227,11590,35976,1621,789,832
32385,50178,14197,24228,11592,35980,1621,789,832
32390,50188,14203,24231,11596,35985,1621,789,832
32395,50194,14204,24234,11597,35988,1621,789,832
32400,50205,14208,24239,11601,35995,1622,790,832
32405,50209,14209,24241,11602,36000,1622,790,832
32410,50219,14210,24243,11603,36008,1622,790,832
32415,50225,14213,24248,11606,36011,1622,790,832
32420,50236,14215,24254,11608,36018,1623,790,833
32425,50240,14218,24257,11611,36021,1623,790,833
32430,50250,14221,24264,11614,36027,1623,790,833
32435,50256,14225,24268,11618,36030,1623,790,833
32440,50267,14227,24274,11620,36037,1624,791,833
32445,50271,14230,24276,11623,36040,1624,791,833
32450,50281,14232,24282,11624,36047,1624,791,833
32455,50287,14236,24285,11627,36051,1624,791,833
32460,50298,14238,24289,11628,36059,1625,791,834
32465,50302,14239,24290,11629,36063,1625,791,834
32470,50312,14243,24297,11633,36068,1625,791,834
32475,50318,14245,24300,11634,36073,1625,791,834
32480,50329,14247,24304,11636,36080,1626,791,835
32485,50333,14248,24307,11637,36085,1626,791,835
32490,50343,14250,24312,11639,36093,1626,791,835
32495,50349,14251,24313,11639,36098,1626,791,835
32500,50360,14253,24320,11641,36105,1627,792,835
32505,50364,14255,24323,11643,36109,1627,792,835
32510,50374,14258,24328,11644,36114,1627,792,835
32515,50380,14262,24331,11647,36118,1627,792,835
32520,50391,14264,24336,11649,36124,1628,792,836
32525,50395,14265,24339,11650,36130,1628,792,836
32530,50405,14268,24342,11651,36137,1628,792,836
32535,50411,14270,24346,11653,36140,1628,792,836
32540,50422,14274,24352,11657,36147,1629,793,836
32545,50426,14274,24354,11657,36151,1629,793,836
32550,50436,14277,24360,11660,36159,1629,793,836
32555,50442,14277,24363,11660,36165,1629,793,836
32560,50453,14278,24369,11661,36172,1630,794,836
32565,50457,14280,24371,11663,36175,1630,794,836
32570,50467,14286,24376,11667,36181,1630,794,836
32575,50473,14287,24380,11668,36184,1630,794,836
32580,50484,14289,24384,11670,36193,1631,795,836
32585,50488,14290,24386,11671,36197,1631,795,836
32590,50498,14293,24390,11673,36205,1631,795,836
32595,50504,14293,24394,11673,36209,1631,795,836
32600,50515,14296,24397,11676,36218,1632,795,837
32605,50519,14296,24397,11676,36223,1632,795,837
32610,50529,14297,24402,11677,36232,1632,795,837
32615,50535,14297,24403,11677,36238,1632,795,837
32620,50546,14297,24408,11677,36248,1633,795,838
32625,50550,14297,24410,11677,36252,1633,795,838
32630,50560,14300,24413,11679,36260,1633,795,838
32635,50566,14300,24416,11679,36265,1633,795,838
32640,50577,14301,24419,11680,36275,1634,795,839
32645,50581,14301,24421,11680,36280,1634,795,839
32650,50591,14304,24425,11682,36287,1634,795,839
32655,50597,14306,24429,11684,36291,1634,795,839
32660,50608,14308,24436,11685,36296,1635,796,839
32665,50612,14312,24440,11689,36299,1635,796,839
32670,50622,14314,24445,11691,36307,1635,796,839
32675,50628,14316,24447,11692,36312,1635,796,839
32680,50639,14317,24450,11692,36320,1636,797,839
32685,50643,14318,24452,11693,36324,1636,797,839
32690,50653,14320,24457,11695,36333,1636,797,839
32695,50659,14321,24459,11695,36338,1636,797,839
32700,50670,14323,24466,11697,36344,1637,798,839
32705,50674,14326,24468,11700,36348,1637,798,839
32710,50684,14330,24474,11703,36353,1637,798,839
32715,50690,14332,24477,11705,36357,1637,798,839
32720,50701,14334,24481,11706,36363,1638,798,840
32725,50705,14338,24483,11710,36367,1638,798,840
32730,50715,14342,24489,11713,36372,1638,798,840
32735,50721,14345,24494,11716,36375,1638,798,840
32740,50732,14349,24501,11719,36380,1639,799,840
32745,50736,14350,24503,11720,36386,1639,799,840
32750,50746,14353,24509,11721,36392,1639,799,840
32755,50752,14355,24511,11723,36397,1639,799,840
32760,50763,14355,24514,11723,36406,1640,799,841
32765,50767,14355,24515,11723,36412,1640,799,841
32770,50777,14358,24519,11724,36418,1640,799,841
32775,50783,14360,24521,11725,36423,1640,799,841
32780,50794,14360,24526,11725,36431,1641,800,841
32785,50798,14361,24528,11726,36436,1641,800,841
32790,50808,14365,24535,11730,36442,1641,800,841
32795,50814,14368,24540,11733,36444,1641,800,841
32800,50825,14373,24546,11738,36450,1642,801,841
32805,50829,14375,24549,11740,36452,1642,801,841
32810,50839,14381,24553,11744,36458,1642,801,841
32815,50845,14384,24557,11746,36459,1642,801,841
32820,50856,14388,24562,11750,36466,1643,802,841
32825,50860,14389,24565,11751,36469,1643,802,841
32830,50870,14395,24569,11756,36475,1643,802,841
32835,50876,14396,24573,11757,36478,1643,802,841
32840,50887,14396,24579,11757,36490,1644,803,841
32845,50891,14396,24581,11757,36495,1644,803,841
32850,50901,14399,24585,11759,36502,1644,803,841
32855,50907,14400,24587,11759,36506,1644,803,841
32860,50918,14401,24590,11759,36515,1645,803,842
32865,50922,14403,24590,11761,36519,1645,803,842
32870,50932,14406,24597,11764,36526,1645,803,842
32875,50938,14407,24598,11764,36531,1645,803,842
32880,50949,14410,24602,11766,36538,1646,804,842
32885,50953,14410,24604,11766,36543,1646,804,842
32890,50963,14411,24608,11767,36552,1646,804,842
32895,50969,14412,24613,11768,36556,1646,804,842
32900,50980,14414,24618,11770,36565,1647,805,842
32905,50984,14415,24621,11771,36568,1647,805,842
32910,50994,14418,24625,11773,36576,1647,805,842
32915,51000,14419,24630,11773,36580,1647,805,842
32920,51011,14420,24633,11774,36590,1648,806,842
32925,51015,14421,24634,11775,36593,1648,806,842
32930,51025,14423,24640,11776,36600,1648,806,842
32935,51031,14426,24641,11778,36605,1648,806,842
32940,51042,14428,24646,11779,36611,1649,807,842
32945,51046,14433,24649,11784,36613,1649,807,842
32950,51056,14435,24655,11786,36619,1649,807,842
32955,51062,14439,24658,11789,36623,1649,807,842
32960,51073,14443,24664,11793,36627,1650,807,843
32965,51077,14445,24666,11795,36631,1650,807,843
32970,51087,14450,24673,11799,36635,1650,807,843
32975,51093,14453,24675,11801,36640,1650,807,843
32980,51104,14456,24680,11803,36645,1651,807,844
32985,51108,14459,24682,11806,36649,1651,807,844
32990,51118,14462,24687,11808,36656,1651,807,844
32995,51124,14463,24689,11808,36660,1651,807,844
33000,51135,14464,24692,11809,36668,1652,807,845
33005,51139,14466,24692,11811,36673,1652,807,845
33010,51149,14469,24699,11814,36679,1652,807,845
33015,51155,14472,24702,11817,36683,1652,807,845
33020,51166,14473,24709,11818,36689,1653,807,846
33025,51170,14476,24713,11821,36693,1653,807,846
33030,51180,14479,24717,11823,36701,1653,807,846
33035,51186,14480,24719,11824,36705,1653,807,846
33040,51197,14483,24725,11827,36712,1654,807,847
33045,51201,14484,24726,11828,36716,1654,807,847
33050,51211,14490,24733,11834,36721,1654,807,847
33055,51217,14492,24736,11835,36723,1654,807,847
33060,51228,14495,24740,11838,36731,1655,807,848
33065,51232,14496,24741,11839,36735,1655,807,848
33070,51242,14498,24746,11841,36744,1655,807,848
33075,51248,14500,24749,11843,36747,1655,807,848
33080,51259,14500,24752,11843,36757,1656,808,848
33085,51263,14501,24756,11844,36761,1656,808,848
33090,51273,14502,24760,11844,36771,1656,808,848
33095,51279,14503,24765,11845,36774,1656,808,848
33100,51290,14506,24770,11847,36782,1657,809,848
33105,51294,14506,24771,11847,36787,1657,809,848
33110,51304,14508,24778,11849,36794,1657,809,848
33115,51310,14511,24781,11852,36799,1657,809,848
33120,51321,14513,24787,11854,36805,1658,809,849
33125,51325,14516,24790,11857,36809,1658,809,849
33130,51335,14519,24794,11859,36814,1658,809,849
33135,51341,14523,24798,11862,36818,1658,809,849
33140,51352,14524,24800,11863,36827,1659,809,850
33145,51356,14526,24803,11865,36830,1659,809,850
33150,51366,14528,24809,11867,36836,1659,809,850
33155,51372,14532,24810,11870,36840,1659,809,850
33160,51383,14533,24815,11870,36847,1660,810,850
33165,51387,14536,24816,11873,36851,1660,810,850
33170,51397,14540,24821,11877,36856,1660,810,850
33175,51403,14542,24822,11879,36861,1660,810,850
33180,51414,14544,24827,11881,36867,1661,810,851
33185,51418,14547,24829,11884,36871,1661,810,851
33190,51428,14550,24837,11886,36877,1661,810,851
33195,51434,14553,24841,11889,36881,1661,810,851
33200,51445,14555,24847,11890,36887,1662,811,851
33205,51449,14558,24848,11893,36891,1662,811,851
33210,51459,14561,24852,11895,36898,1662,811,851
33215,51465,14562,24854,11895,36903,1662,811,851
33220,51476,14563,24858,11896,36911,1663,811,852
33225,51480,14566,24860,11899,36914,1663,811,852
33230,51490,14568,24866,11901,36921,1663,811,852
33235,51496,14570,24867,11902,36926,1663,811,852
33240,51507,14574,24872,11905,36931,1664,811,853
33245,51511,14575,24873,11906,36935,1664,811,853
33250,51521,14578,24876,11908,36943,1664,811,853
33255,51527,14578,24877,11908,36949,1664,811,853
33260,51538,14580,24883,11910,36956,1665,811,854
33265,51542,14583,24886,11913,36957,1665,811,854
33270,51552,14588,24888,11916,36964,1665,811,854
33275,51558,14589,24892,11917,36968,1665,811,854
33280,51569,14592,24898,11920,36974,1666,811,855
33285,51573,14595,24900,11923,36977,1666,811,855
33290,51583,14601,24903,11927,36982,1666,811,855
33295,51589,14602,24907,11928,36984,1666,811,855
33300,51600,14608,24914,11934,36989,1667,811,856
33305,51604,14609,24916,11935,36995,1667,811,856
33310,51614,14610,24919,11935,37004,1667,811,856
33315,51620,14610,24921,11935,37010,1667,811,856
33320,51631,14610,24925,11935,37020,1668,811,857
33325,51635,14610,24926,11935,37025,1668,811,857
33330,51645,14611,24931,11935,37034,1668,811,857
33335,51651,14611,24934,11935,37040,1668,811,857
33340,51662,14611,24940,11935,37049,1669,811,858
33345,51666,14611,24941,11935,37055,1669,811,858
33350,51676,14612,24945,11935,37064,1669,811,858
33355,51682,14613,24948,11936,37068,1669,811,858
33360,51693,14614,24953,11937,37078,1670,812,858
33365,51697,14614,24956,11937,37083,1670,812,858
33370,51707,14615,24959,11938,37092,1670,812,858
33375,51713,14616,24961,11938,37097,1670,812,858
33380,51724,14617,24966,11939,37105,1671,813,858
33385,51728,14618,24969,11940,37110,1671,813,858
33390,51738,14619,24974,11941,37119,1671,813,858
33395,51744,14620,24977,11942,37124,1671,813,858
33400,51755,14621,24982,11943,37132,1672,814,858
33405,51759,14622,24984,11944,37137,1672,814,858
33410,51769,14626,24992,11948,37142,1672,814,858
33415,51775,14628,24995,11950,37146,1672,814,858
33420,51786,14631,25000,11952,37152,1673,814,859
33425,51790,14633,25002,11954,37157,1673,814,859
33430,51800,14635,25008,11956,37164,1673,814,859
33435,51806,14637,25009,11957,37168,1673,814,859
33440,51817,14640,25014,11960,37174,1674,814,860
33445,51821,14643,25016,11963,37178,1674,814,860
33450,51831,14647,25023,11966,37183,1674,814,860
33455,51837,14650,25028,11969,37187,1674,814,860
33460,51848,14655,25036,11973,37190,1675,815,860
33465,51852,14659,25038,11977,37192,1675,815,860
33470,51862,14666,25043,11983,37196,1675,815,860
33475,51868,14667,25045,11983,37199,1675,815,860
33480,51879,14671,25048,11986,37206,1676,815,861
33485,51883,14675,25050,11990,37208,1676,815,861
33490,51893,14680,25053,11993,37213,1676,815,861
33495,51899,14683,25057,11996,37215,1676,815,861
33500,51910,14686,25061,11998,37221,1677,815,862
33505,51914,14691,25064,12003,37222,1677,815,862
33510,51924,14693,25068,12005,37231,1677,815,862
33515,51930,14695,25072,12006,37234,1677,815,862
33520,51941,14697,25075,12007,37242,1678,815,863
33525,51945,14699,25077,12009,37246,1678,815,863
33530,51955,14701,25083,12011,37252,1678,815,863
33535,51961,14704,25085,12014,37256,1678,815,863
33540,51972,14706,25092,12016,37263,1679,816,863
33545,51976,14707,25094,12017,37268,1679,816,863
33550,51986,14708,25099,12017,37277,1679,816,863
33555,51992,14710,25101,12018,37282,1679,816,863
33560,52003,14712,25105,12020,37290,1680,817,863
33565,52007,14713,25106,12021,37294,1680,817,863
33570,52017,14715,25112,12022,37301,1680,817,863
33575,52023,14717,25116,12023,37306,1680,817,863
33580,52034,14719,25120,12024,37315,1681,817,864
33585,52038,14719,25122,12024,37319,1681,817,864
33590,52048,14720,25129,12025,37328,1681,817,864
33595,52054,14721,25133,12026,37333,1681,817,864
33600,52065,14721,25138,12026,37342,1682,818,864
33605,52069,14721,25140,12026,37348,1682,818,864
33610,52079,14722,25148,12027,37357,1682,818,864
33615,52085,14723,25151,12028,37362,1682,818,864
33620,52096,14724,25154,12029,37372,1683,819,864
33625,52100,14724,25155,12029,37376,1683,819,864
33630,52110,14726,25158,12029,37384,1683,819,864
33635,52116,14727,25159,12029,37389,1683,819,864
33640,52127,14728,25162,12030,37397,1684,819,865
33645,52131,14728,25163,12030,37402,1684,819,865
33650,52141,14731,25167,12032,37409,1684,819,865
33655,52147,14734,25170,12035,37412,1684,819,865
33660,52158,14738,25176,12039,37417,1685,819,866
33665,52162,14740,25177,12041,37421,1685,819,866
33670,52172,14743,25182,12044,37428,1685,819,866
33675,52178,14746,25185,12046,37430,1685,819,866
33680,52189,14750,25190,12050,37438,1686,820,866
33685,52193,14752,25192,12052,37440,1686,820,866
33690,52203,14757,25196,12056,37445,1686,820,866
33695,52209,14760,25198,12059,37449,1686,820,866
33700,52220,14763,25204,12062,37454,1687,820,867
33705,52224,14768,25208,12067,37454,1687,820,867
33710,52234,14777,25216,12075,37455,1687,820,867
33715,52240,14782,25218,12079,37458,1687,820,867
33720,52251,14783,25221,12080,37468,1688,821,867
33725,52255,14784,25224,12081,37470,1688,821,867
33730,52265,14788,25231,12084,37475,1688,821,867
33735,52271,14791,25232,12086,37480,1688,821,867
33740,52282,14793,25241,12088,37485,1689,822,867
33745,52286,14797,25243,12092,37488,1689,822,867
33750,52296,14801,25250,12095,37493,1689,822,867
33755,52302,14805,25255,12098,37496,1689,822,867
33760,52313,14807,25261,12100,37504,1690,823,867
33765,52317,14809,25262,12102,37508,1690,823,867
33770,52327,14812,25266,12105,37515,1690,823,867
33775,52333,14813,25269,12106,37519,1690,823,867
33780,52344,14815,25272,12107,37527,1691,823,868
33785,52348,14816,25274,12108,37532,1691,823,868
33790,52358,14818,25280,12109,37539,1691,823,868
33795,52364,14821,25281,12111,37543,1691,823,868
33800,52375,14821,25286,12111,37554,1692,824,868
33805,52379,14821,25288,12111,37558,1692,824,868
33810,52389,14822,25293,12112,37567,1692,824,868
33815,52395,14822,25296,12112,37573,1692,824,868
33820,52406,14823,25301,12113,37581,1693,825,868
33825,52410,14823,25303,12113,37587,1693,825,868
33830,52420,14825,25307,12113,37595,1693,825,868
33835,52426,14825,25309,12113,37601,1693,825,868
33840,52437,14825,25314,12113,37611,1694,826,868
33845,52441,14826,25314,12114,37615,1694,826,868
33850,52451,14828,25318,12114,37623,1694,826,868
33855,52457,14828,25321,12114,37628,1694,826,868
33860,52468,14830,25327,12116,37636,1695,826,869
33865,52472,14831,25328,12117,37641,1695,826,869
33870,52482,14833,25334,12119,37649,1695,826,869
33875,52488,14833,25336,12119,37655,1695,826,869
33880,52499,14835,25343,12121,37662,1696,826,870
33885,52503,14836,25344,12122,37667,1696,826,870
33890,52513,14839,25347,12124,37674,1696,826,870
33895,52519,14840,25350,12125,37677,1696,826,870
33900,52530,14844,25357,12128,37682,1697,826,871
33905,52534,14849,25358,12133,37685,1697,826,871
33910,52544,14851,25359,12133,37692,1697,826,871
33915,52550,14853,25361,12135,37696,1697,826,871
33920,52561,14856,25366,12137,37702,1698,827,871
33925,52565,14859,25367,12140,37705,1698,827,871
33930,52575,14867,25373,12146,37707,1698,827,871
33935,52581,14869,25373,12147,37712,1698,827,871
33940,52592,14872,25379,12150,37717,1699,827,872
33945,52596,14876,25381,12154,37719,1699,827,872
33950,52606,14884,25387,12161,37722,1699,827,872
33955,52612,14885,25390,12162,37725,1699,827,872
33960,52623,14890,25395,12167,37732,1700,828,872
33965,52627,14892,25397,12169,37734,1700,828,872
33970,52637,14895,25403,12171,37741,1700,828,872
33975,52643,14897,25403,12172,37746,1700,828,872
33980,52654,14899,25406,12173,37753,1701,828,873
33985,52658,14901,25406,12175,37757,1701,828,873
33990,52668,14902,25412,12175,37765,1701,828,873
33995,52674,14904,25415,12176,37768,1701,828,873
34000,52685,14905,25420,12177,37780,1702,828,874
34005,52689,14905,25421,12177,37784,1702,828,874
34010,52699,14907,25426,12179,37792,1702,828,874
34015,52705,14908,25427,12179,37797,1702,828,874
34020,52716,14909,25431,12180,37806,1703,829,874
34025,52720,14909,25431,12180,37811,1703,829,874
34030,52730,14911,25435,12181,37819,1703,829,874
34035,52736,14912,25437,12182,37824,1703,829,874
34040,52747,14913,25444,12183,37832,1704,829,875
34045,52751,14913,25446,12183,37838,1704,829,875
34050,52761,14914,25453,12184,37846,1704,829,875
34055,52767,14916,25456,12186,37851,1704,829,875
34060,52778,14917,25461,12187,37860,1705,830,875
34065,52782,14917,25463,12187,37865,1705,830,875
34070,52792,14918,25467,12188,37873,1705,830,875
34075,52798,14921,25472,12191,37876,1705,830,875
34080,52809,14922,25477,12192,37885,1706,830,876
34085,52813,14924,25480,12194,37889,1706,830,876
34090,52823,14927,25483,12195,37896,1706,830,876
34095,52829,14928,25485,12195,37900,1706,830,876
34100,52840,14932,25492,12199,37906,1707,831,876
34105,52844,14936,25495,12203,37907,1707,831,876
34110,52854,14940,25499,12206,37913,1707,831,876
34115,52860,14942,25502,12208,37917,1707,831,876
34120,52871,14946,25507,12212,37923,1708,831,877
34125,52875,14949,25509,12215,37925,1708,831,877
34130,52885,14957,25515,12221,37927,1708,831,877
34135,52891,14959,25519,12223,37929,1708,831,877
34140,52902,14965,25525,12229,37935,1709,832,877
34145,52906,14969,25529,12233,37935,1709,832,877
34150,52916,14971,25531,12234,37944,1709,832,877
34155,52922,14974,25535,12236,37946,1709,832,877
34160,52933,14975,25538,12236,37956,1710,832,878
34165,52937,14978,25539,12239,37959,1710,832,878
34170,52947,14981,25545,12241,37965,1710,832,878
34175,52953,14984,25548,12243,37967,1710,832,878
34180,52964,14987,25553,12245,37975,1711,832,879
34185,52968,14988,25553,12246,37980,1711,832,879
34190,52978,14990,25557,12248,37986,1711,832,879
34195,52984,14994,25560,12252,37989,1711,832,879
34200,52995,14996,25566,12254,37997,1712,832,880
34205,52999,14999,25568,12257,37999,1712,832,880
34210,53009,15002,25575,12259,38007,1712,832,880
34215,53015,15002,25576,12259,38013,1712,832,880
34220,53026,15004,25583,12261,38020,1713,832,881
34225,53030,15004,25586,12261,38026,1713,832,881
34230,53040,15005,25593,12261,38035,1713,832,881
34235,53046,15005,25597,12261,38041,1713,832,881
34240,53057,15005,25603,12261,38050,1714,832,882
34245,53061,15005,25605,12261,38056,1714,832,882
34250,53071,15006,25609,12261,38065,1714,832,882
34255,53077,15006,25611,12261,38071,1714,832,882
34260,53088,15007,25616,12262,38080,1715,832,883
34265,53092,15008,25619,12263,38084,1715,832,883
34270,53102,15010,25623,12263,38092,1715,832,883
34275,53108,15010,25628,12263,38097,1715,832,883
34280,53119,15011,25632,12264,38108,1716,833,883
34285,53123,15011,25634,12264,38112,1716,833,883
34290,53133,15013,25638,12266,38120,1716,833,883
34295,53139,15013,25640,12266,38126,1716,833,883
34300,53150,15013,25644,12266,38134,1717,833,884
34305,53154,15014,25644,12267,38140,1717,833,884
34310,53164,15017,25650,12269,38147,1717,833,884
34315,53170,15020,25652,12271,38150,1717,833,884
34320,53181,15021,25657,12272,38158,1718,833,885
34325,53185,15023,25658,12274,38162,1718,833,885
34330,53195,15027,25660,12276,38168,1718,833,885
34335,53201,15030,25665,12279,38169,1718,833,885
34340,53212,15033,25671,12282,38175,1719,834,885
34345,53216,15039,25675,12288,38175,1719,834,885
34350,53226,15047,25681,12295,38178,1719,834,885
34355,53232,15050,25684,12298,38181,1719,834,885
34360,53243,15055,25690,12303,38186,1720,834,886
34365,53247,15057,25692,12305,38188,1720,834,886
34370,53257,15064,25698,12311,38191,1720,834,886
34375,53263,15068,25700,12314,38194,1720,834,886
34380,53274,15070,25706,12315,38201,1721,835,886
34385,53278,15072,25708,12317,38206,1721,835,886
34390,53288,15074,25711,12319,38214,1721,835,886
34395,53294,15075,25713,12319,38219,1721,835,886
34400,53305,15077,25718,12320,38227,1722,835,887
34405,53309,15079,25722,12322,38230,1722,835,887
34410,53319,15080,25726,12322,38238,1722,835,887
34415,53325,15082,25730,12324,38243,1722,835,887
34420,53336,15085,25737,12327,38249,1723,836,887
34425,53340,15088,25739,12330,38252,1723,836,887
34430,53350,15091,25746,12332,38258,1723,836,887
34435,53356,15093,25748,12334,38263,1723,836,887
34440,53367,15095,25753,12335,38271,1724,837,887
34445,53371,15095,25756,12335,38276,1724,837,887
34450,53381,15096,25759,12335,38285,1724,837,887
34455,53387,15097,25761,12335,38290,1724,837,887
34460,53398,15098,25763,12336,38300,1725,837,888
34465,53402,15098,25766,12336,38304,1725,837,888
34470,53412,15099,25770,12337,38313,1725,837,888
34475,53418,15100,25772,12337,38318,1725,837,888
34480,53429,15100,25774,12337,38329,1726,837,889
34485,53433,15100,25774,12337,38333,1726,837,889
34490,53443,15103,25781,12340,38340,1726,837,889
34495,53449,15106,25785,12342,38341,1726,837,889
34500,53460,15109,25790,12345,38348,1727,838,889
34505,53464,15112,25791,12348,38352,1727,838,889
34510,53474,15114,25796,12349,38360,1727,838,889
34515,53480,15116,25800,12350,38363,1727,838,889
34520,53491,15119,25808,12353,38368,1728,838,890
34525,53495,15122,25810,12356,38373,1728,838,890
34530,53505,15124,25816,12358,38381,1728,838,890
34535,53511,15125,25820,12359,38385,1728,838,890
34540,53522,15126,25825,12360,38394,1729,839,890
34545,53526,15128,25827,12362,38398,1729,839,890
34550,53536,15130,25831,12363,38405,1729,839,890
34555,53542,15132,25833,12364,38410,1729,839,890
34560,53553,15134,25840,12366,38416,1730,840,890
34565,53557,15136,25842,12368,38420,1730,840,890
34570,53567,15139,25849,12371,38427,1730,840,890
34575,53573,15141,25852,12373,38432,1730,840,890
34580,53584,15143,25857,12374,38439,1731,841,890
34585,53588,15145,25858,12376,38443,1731,841,890
34590,53598,15147,25860,12377,38451,1731,841,890
34595,53604,15148,25861,12377,38456,1731,841,890
34600,53615,15151,25868,12380,38462,1732,842,890
34605,53619,15154,25869,12383,38465,1732,842,890
34610,53629,15156,25871,12384,38472,1732,842,890
34615,53635,15158,25872,12385,38476,1732,842,890
34620,53646,15164,25882,12391,38478,1733,843,890
34625,53650,15170,25886,12397,38478,1733,843,890
34630,53660,15175,25890,12401,38485,1733,843,890
34635,53666,15176,25893,12401,38488,1733,843,890
34640,53677,15179,25899,12403,38496,1734,844,890
34645,53681,15181,25901,12405,38499,1734,844,890
34650,53691,15184,25907,12408,38506,1734,844,890
34655,53697,15186,25912,12410,38509,1734,844,890
34660,53708,15187,25916,12410,38518,1735,844,891
34665,53712,15190,25918,12413,38522,1735,844,891
34670,53722,15193,25925,12416,38528,1735,844,891
34675,53728,15196,25929,12418,38531,1735,844,891
34680,53739,15198,25936,12419,38539,1736,845,891
34685,53743,15199,25939,12420,38543,1736,845,891
34690,53753,15202,25945,12423,38550,1736,845,891
34695,53759,15205,25948,12425,38554,1736,845,891
34700,53770,15208,25953,12428,38562,1737,846,891
34705,53774,15209,25956,12429,38565,1737,846,891
34710,53784,15212,25963,12432,38571,1737,846,891
34715,53790,15214,25964,12433,38576,1737,846,891
34720,53801,15216,25969,12434,38583,1738,846,892
34725,53805,15217,25972,12435,38588,1738,846,892
34730,53815,15219,25978,12436,38594,1738,846,892
34735,53821,15223,25980,12439,38598,1738,846,892
34740,53832,15226,25984,12441,38604,1739,846,893
34745,53836,15227,25984,12442,38609,1739,846,893
34750,53846,15230,25990,12444,38615,1739,846,893
34755,53852,15232,25991,12445,38620,1739,846,893
34760,53863,15234,25999,12447,38625,1740,846,894
34765,53867,15236,26001,12449,38631,1740,846,894
34770,53877,15238,26005,12450,38639,1740,846,894
34775,53883,15238,26008,12450,38645,1740,846,894
34780,53894,15239,26014,12451,38654,1741,846,895
34785,53898,15240,26015,12452,38658,1741,846,895
34790,53908,15242,26018,12452,38666,1741,846,895
34795,53914,15242,26020,12452,38672,1741,846,895
34800,53925,15243,26025,12453,38680,1742,847,895
34805,53929,15244,26025,12454,38685,1742,847,895
34810,53939,15248,26030,12457,38691,1742,847,895
34815,53945,15248,26032,12457,38696,1742,847,895
34820,53956,15251,26037,12460,38704,1743,847,896
34825,53960,15251,26040,12460,38707,1743,847,896
34830,53970,15255,26042,12463,38715,1743,847,896
34835,53976,15255,26042,12463,38721,1743,847,896
34840,53987,15257,26047,12465,38729,1744,848,896
34845,53991,15258,26049,12466,38732,1744,848,896
34850,54001,15265,26054,12471,38736,1744,848,896
34855,54007,15266,26056,12472,38741,1744,848,896
34860,54018,15268,26062,12473,38747,1745,849,896
34865,54022,15270,26064,12475,38752,1745,849,896
34870,54032,15271,26066,12475,38761,1745,849,896
34875,54038,15273,26069,12477,38765,1745,849,896
34880,54049,15275,26074,12478,38773,1746,849,897
34885,54053,15277,26077,12480,38775,1746,849,897
34890,54063,15279,26083,12482,38782,1746,849,897
34895,54069,15282,26085,12484,38785,1746,849,897
34900,54080,15285,26092,12487,38791,1747,849,898
34905,54084,15288,26094,12490,38796,1747,849,898
34910,54094,15291,26100,12493,38803,1747,849,898
34915,54100,15292,26103,12494,38807,1747,849,898
34920,54111,15294,26107,12495,38814,1748,849,899
34925,54115,15296,26110,12497,38818,1748,849,899
34930,54125,15300,26117,12501,38824,1748,849,899
34935,54131,15302,26117,12502,38829,1748,849,899
34940,54142,15304,26122,12504,38835,1749,849,900
34945,54146,15306,26124,12506,38839,1749,849,900
34950,54156,15309,26129,12508,38846,1749,849,900
34955,54162,15311,26133,12510,38850,1749,849,900
34960,54173,15313,26139,12512,38857,1750,849,901
34965,54177,15315,26141,12514,38861,1750,849,901
34970,54187,15318,26143,12515,38868,1750,849,901
34975,54193,15320,26146,12516,38871,1750,849,901
34980,54204,15324,26152,12520,38878,1751,850,901
34985,54208,15326,26154,12522,38882,1751,850,901
34990,54218,15330,26160,12525,38887,1751,850,901
34995,54224,15333,26164,12528,38890,1751,850,901
35000,54235,15337,26167,12531,38897,1752,850,902
35005,54239,15338,26168,12532,38901,1752,850,902
35010,54249,15341,26173,12535,38907,1752,850,902
35015,54255,15343,26175,12536,38912,1752,850,902
35020,54266,15344,26181,12537,38918,1753,850,903
35025,54270,15346,26182,12539,38923,1753,850,903
35030,54280,15349,26187,12541,38930,1753,850,903
35035,54286,15351,26191,12543,38934,1753,850,903
35040,54297,15352,26193,12544,38943,1754,850,904
35045,54301,15354,26196,12546,38947,1754,850,904
35050,54311,15356,26199,12546,38955,1754,850,904
35055,54317,15356,26202,12546,38961,1754,850,904
35060,54328,15357,26207,12547,38969,1755,850,905
35065,54332,15357,26208,12547,38975,1755,850,905
35070,54342,15359,26214,12547,38983,1755,850,905
35075,54348,15359,26217,12547,38988,1755,850,905
35080,54359,15361,26223,12549,38997,1756,851,905
35085,54363,15361,26224,12549,39001,1756,851,905
35090,54373,15364,26226,12551,39009,1756,851,905
35095,54379,15365,26230,12552,39012,1756,851,905
35100,54390,15367,26234,12554,39021,1757,852,905
35105,54394,15368,26234,12555,39026,1757,852,905
35110,54404,15373,26240,12560,39030,1757,852,905
35115,54410,15375,26243,12562,39035,1757,852,905
35120,54421,15376,26246,12562,39042,1758,852,906
35125,54425,15380,26247,12566,39045,1758,852,906
35130,54435,15382,26250,12567,39052,1758,852,906
35135,54441,15383,26253,12568,39056,1758,852,906
35140,54452,15388,26260,12573,39061,1759,853,906
35145,54456,15392,26263,12577,39063,1759,853,906
35150,54466,15397,26269,12581,39067,1759,853,906
35155,54472,15400,26271,12583,39072,1759,853,906
35160,54483,15402,26280,12585,39077,1760,854,906
35165,54487,15405,26281,12588,39082,1760,854,906
35170,54497,15406,26283,12588,39089,1760,854,906
35175,54503,15409,26286,12591,39093,1760,854,906
35180,54514,15411,26291,12592,39101,1761,855,906
35185,54518,15412,26294,12593,39105,1761,855,906
35190,54528,15415,26300,12596,39112,1761,855,906
35195,54534,15418,26303,12599,39115,1761,855,906
35200,54545,15419,26305,12599,39123,1762,855,907
35205,54549,15420,26306,12600,39129,1762,855,907
35210,54559,15422,26309,12601,39136,1762,855,907
35215,54565,15425,26313,12603,39139,1762,855,907
35220,54576,15426,26316,12604,39148,1763,855,908
35225,54580,15428,26317,12606,39152,1763,855,908
35230,54590,15432,26324,12610,39158,1763,855,908
35235,54596,15433,26327,12611,39163,1763,855,908
35240,54607,15434,26332,12612,39171,1764,855,909
35245,54611,15434,26333,12612,39177,1764,855,909
35250,54621,15436,26336,12614,39185,1764,855,909
35255,54627,15438,26339,12615,39189,1764,855,909
35260,54638,15439,26343,12616,39197,1765,855,910
35265,54642,15439,26346,12616,39203,1765,855,910
35270,54652,15442,26349,12618,39210,1765,855,910
35275,54658,15444,26353,12620,39213,1765,855,910
35280,54669,15446,26359,12622,39219,1766,855,911
35285,54673,15448,26361,12624,39225,1766,855,911
35290,54683,15450,26366,12624,39233,1766,855,911
35295,54689,15451,26372,12625,39237,1766,855,911
35300,54700,15453,26375,12627,39246,1767,856,911
35305,54704,15453,26377,12627,39251,1767,856,911
35310,54714,15455,26382,12628,39259,1767,856,911
35315,54720,15456,26383,12628,39264,1767,856,911
35320,54731,15457,26388,12629,39273,1768,857,911
35325,54735,15457,26391,12629,39278,1768,857,911
35330,54745,15459,26395,12630,39286,1768,857,911
35335,54751,15460,26397,12630,39291,1768,857,911
35340,54762,15464,26403,12633,39296,1769,858,911
35345,54766,15465,26405,12634,39301,1769,858,911
35350,54776,15468,26408,12636,39307,1769,858,911
35355,54782,15470,26410,12637,39311,1769,858,911
35360,54793,15475,26415,12641,39316,1770,858,912
35365,54797,15476,26415,12642,39321,1770,858,912
35370,54807,15479,26418,12643,39327,1770,858,912
35375,54813,15481,26420,12644,39332,1770,858,912
35380,54824,15484,26427,12647,39337,1771,858,913
35385,54828,15488,26429,12651,39339,1771,858,913
35390,54838,15494,26434,12656,39343,1771,858,913
35395,54844,15497,26436,12658,39346,1771,858,913
35400,54855,15501,26442,12661,39350,1772,858,914
35405,54859,15506,26445,12666,39351,1772,858,914
35410,54869,15512,26450,12672,39356,1772,858,914
35415,54875,15515,26454,12675,39358,1772,858,914
35420,54886,15521,26460,12681,39362,1773,858,915
35425,54890,15525,26463,12685,39364,1773,858,915
35430,54900,15530,26468,12690,39369,1773,858,915
35435,54906,15533,26472,12693,39371,1773,858,915
35440,54917,15535,26478,12694,39379,1774,859,915
35445,54921,15537,26479,12696,39384,1774,859,915
35450,54931,15539,26481,12697,39391,1774,859,915
35455,54937,15541,26483,12699,39395,1774,859,915
35460,54948,15542,26486,12699,39403,1775,859,916
35465,54952,15545,26490,12702,39406,1775,859,916
35470,54962,15547,26497,12704,39415,1775,859,916
35475,54968,15549,26503,12706,39417,1775,859,916
35480,54979,15550,26510,12707,39426,1776,860,916
35485,54983,15551,26510,12708,39432,1776,860,916
35490,54993,15552,26515,12709,39440,1776,860,916
35495,54999,15555,26520,12712,39443,1776,860,916
35500,55010,15555,26525,12712,39454,1777,860,917
35505,55014,15555,26528,12712,39458,1777,860,917
35510,55024,15556,26533,12713,39468,1777,860,917
35515,55030,15556,26535,12713,39473,1777,860,917
35520,55041,15556,26542,12713,39484,1778,861,917
35525,55045,15556,26545,12713,39489,1778,861,917
35530,55055,15557,26548,12713,39498,1778,861,917
35535,55061,15557,26553,12713,39504,1778,861,917
35540,55072,15557,26560,12713,39512,1779,861,918
35545,55076,15558,26561,12714,39518,1779,861,918
35550,55086,15560,26567,12714,39526,1779,861,918
35555,55092,15560,26570,12714,39532,1779,861,918
35560,55103,15560,26576,12714,39541,1780,862,918
35565,55107,15560,26578,12714,39547,1780,862,918
35570,55117,15563,26583,12715,39553,1780,862,918
35575,55123,15564,26584,12716,39559,1780,862,918
35580,55134,15566,26588,12717,39566,1781,862,919
35585,55138,15567,26589,12718,39571,1781,862,919
35590,55148,15570,26596,12721,39578,1781,862,919
35595,55154,15570,26599,12721,39584,1781,862,919
35600,55165,15572,26602,12723,39592,1782,863,919
35605,55169,15573,26603,12724,39596,1782,863,919
35610,55179,15576,26607,12726,39602,1782,863,919
35615,55185,15578,26608,12727,39606,1782,863,919
35620,55196,15583,26616,12731,39609,1783,864,919
35625,55200,15588,26618,12736,39611,1783,864,919
35630,55210,15592,26620,12739,39618,1783,864,919
35635,55216,15594,26623,12740,39620,1783,864,919
35640,55227,15600,26628,12745,39625,1784,865,919
35645,55231,15602,26629,12747,39629,1784,865,919
35650,55241,15606,26632,12750,39635,1784,865,919
35655,55247,15608,26634,12751,39638,1784,865,919
35660,55258,15612,26638,12754,39643,1785,865,920
35665,55262,15614,26638,12756,39648,1785,865,920
35670,55272,15619,26645,12761,39651,1785,865,920
35675,55278,15623,26647,12764,39654,1785,865,920
35680,55289,15628,26657,12769,39657,1786,866,920
35685,55293,15632,26660,12773,39660,1786,866,920
35690,55303,15634,26664,12774,39669,1786,866,920
35695,55309,15635,26668,12775,39672,1786,866,920
35700,55320,15636,26672,12776,39682,1787,867,920
35705,55324,15638,26675,12778,39685,1787,867,920
35710,55334,15640,26678,12779,39693,1787,867,920
35715,55340,15643,26682,12781,39696,1787,867,920
35720,55351,15645,26687,12782,39703,1788,867,921
35725,55355,15647,26688,12784,39708,1788,867,921
35730,55365,15649,26690,12785,39716,1788,867,921
35735,55371,15650,26692,12786,39721,1788,867,921
35740,55382,15653,26698,12788,39727,1789,867,922
35745,55386,15654,26699,12789,39732,1789,867,922
35750,55396,15657,26703,12791,39738,1789,867,922
35755,55402,15660,26707,12793,39742,1789,867,922
35760,55413,15662,26710,12794,39750,1790,868,922
35765,55417,15663,26713,12795,39753,1790,868,922
35770,55427,15665,26719,12796,39762,1790,868,922
35775,55433,15667,26724,12798,39765,1790,868,922
35780,55444,15667,26731,12798,39775,1791,869,922
35785,55448,15667,26732,12798,39781,1791,869,922
35790,55458,15669,26737,12799,39789,1791,869,922
35795,55464,15670,26740,12799,39792,1791,869,922
35800,55475,15672,26745,12801,39801,1792,869,923
35805,55479,15672,26747,12801,39807,1792,869,923
35810,55489,15674,26753,12802,39815,1792,869,923
35815,55495,15675,26755,12803,39820,1792,869,923
35820,55506,15677,26763,12805,39826,1793,870,923
35825,55510,15679,26765,12807,39831,1793,870,923
35830,55520,15681,26767,12807,39839,1793,870,923
35835,55526,15682,26769,12807,39843,1793,870,923
35840,55537,15685,26774,12810,39850,1794,870,924
35845,55541,15686,26778,12811,39854,1794,870,924
35850,55551,15689,26781,12812,39862,1794,870,924
35855,55557,15690,26784,12812,39867,1794,870,924
35860,55568,15693,26788,12815,39874,1795,870,925
35865,55572,15694,26790,12816,39878,1795,870,925
35870,55582,15697,26794,12817,39885,1795,870,925
35875,55588,15698,26796,12817,39890,1795,870,925
35880,55599,15701,26801,12820,39896,1796,870,926
35885,55603,15705,26804,12824,39898,1796,870,926
35890,55613,15709,26810,12827,39903,1796,870,926
35895,55619,15711,26814,12829,39907,1796,870,926
35900,55630,15716,26818,12834,39913,1797,870,927
35905,55634,15717,26820,12835,39916,1797,870,927
35910,55644,15721,26824,12838,39921,1797,870,927
35915,55650,15725,26826,12841,39924,1797,870,927
35920,55661,15729,26831,12845,39930,1798,870,928
35925,55665,15732,26833,12848,39932,1798,870,928
35930,55675,15737,26837,12852,39937,1798,870,928
35935,55681,15739,26837,12853,39942,1798,870,928
35940,55692,15741,26842,12855,39949,1799,870,929
35945,55696,15744,26844,12858,39952,1799,870,929
35950,55706,15745,26847,12858,39959,1799,870,929
35955,55712,15748,26849,12860,39963,1799,870,929
35960,55723,15750,26854,12861,39971,1800,871,929
35965,55727,15752,26855,12863,39975,1800,871,929
35970,55737,15754,26858,12864,39982,1800,871,929
35975,55743,15757,26862,12866,39984,1800,871,929
35980,55754,15759,26866,12867,39993,1801,872,929
35985,55758,15761,26869,12869,39997,1801,872,929
35990,55768,15763,26874,12870,40004,1801,872,929
35995,55774,15766,26879,12873,40007,1801,872,929
36000,55785,15769,26884,12876,40013,1802,872,930
36005,55789,15770,26886,12877,40019,1802,872,930
36010,55799,15773,26891,12880,40025,1802,872,930
36015,55805,15775,26894,12881,40029,1802,872,930
36020,55816,15777,26899,12882,40039,1803,873,930
36025,55820,15777,26901,12882,40042,1803,873,930
36030,55830,15778,26907,12882,40051,1803,873,930
36035,55836,15781,26910,12884,40054,1803,873,930
36040,55847,15781,26914,12884,40064,1804,873,931
36045,55851,15782,26915,12885,40069,1804,873,931
36050,55861,15785,26920,12887,40075,1804,873,931
36055,55867,15787,26922,12889,40079,1804,873,931
36060,55878,15788,26928,12890,40088,1805,874,931
36065,55882,15789,26931,12891,40092,1805,874,931
36070,55892,15791,26935,12893,40101,1805,874,931
36075,55898,15791,26939,12893,40106,1805,874,931
36080,55909,15793,26947,12895,40114,1806,874,932
36085,55913,15794,26947,12896,40119,1806,874,932
36090,55923,15796,26950,12896,40127,1806,874,932
36095,55929,15796,26951,12896,40133,1806,874,932
36100,55940,15796,26956,12896,40142,1807,875,932
36105,55944,15796,26957,12896,40148,1807,875,932
36110,55954,15798,26963,12897,40156,1807,875,932
36115,55960,15798,26966,12897,40162,1807,875,932
36120,55971,15799,26970,12898,40171,1808,875,933
36125,55975,15799,26971,12898,40176,1808,875,933
36130,55985,15802,26975,12899,40183,1808,875,933
36135,55991,15802,26979,12899,40188,1808,875,933
36140,56002,15806,26983,12902,40194,1809,875,934
36145,56006,15808,26985,12904,40197,1809,875,934
36150,56016,15811,26987,12905,40205,1809,875,934
36155,56022,15811,26990,12905,40211,1809,875,934
36160,56033,15813,26994,12907,40218,1810,875,935
36165,56037,15814,26996,12908,40222,1810,875,935
36170,56047,15818,26998,12910,40228,1810,875,935
36175,56053,15821,27000,12912,40231,1810,875,935
36180,56064,15824,27003,12915,40240,1811,876,935
36185,56068,15825,27005,12916,40242,1811,876,935
36190,56078,15830,27009,12920,40247,1811,876,935
36195,56084,15834,27014,12923,40247,1811,876,935
36200,56095,15839,27018,12927,40253,1812,876,936
36205,56099,15843,27020,12931,40255,1812,876,936
36210,56109,15850,27026,12937,40258,1812,876,936
36215,56115,15852,27029,12939,40261,1812,876,936
36220,56126,15857,27034,12943,40267,1813,877,936
36225,56130,15860,27036,12946,40269,1813,877,936
36230,56140,15864,27037,12948,40276,1813,877,936
36235,56146,15865,27038,12949,40281,1813,877,936
36240,56157,15867,27042,12950,40289,1814,877,937
36245,56161,15869,27045,12952,40292,1814,877,937
36250,56171,15873,27050,12955,40297,1814,877,937
36255,56177,15876,27053,12958,40301,1814,877,937
36260,56188,15877,27059,12959,40308,1815,878,937
36265,56192,15880,27062,12962,40312,1815,878,937
36270,56202,15883,27068,12965,40318,1815,878,937
36275,56208,15885,27072,12967,40322,1815,878,937
36280,56219,15887,27076,12968,40332,1816,879,937
36285,56223,15887,27078,12968,40335,1816,879,937
36290,56233,15889,27082,12969,40343,1816,879,937
36295,56239,15892,27086,12971,40347,1816,879,937
36300,56250,15894,27091,12972,40354,1817,879,938
36305,56254,15896,27095,12974,40358,1817,879,938
36310,56264,15898,27101,12976,40366,1817,879,938
36315,56270,15900,27104,12978,40370,1817,879,938
36320,56281,15900,27110,12978,40379,1818,879,939
36325,56285,15900,27111,12978,40385,1818,879,939
36330,56295,15902,27114,12979,40393,1818,879,939
36335,56301,15904,27116,12981,40397,1818,879,939
36340,56312,15904,27119,12981,40406,1819,879,940
36345,56316,15905,27122,12982,40411,1819,879,940
36350,56326,15908,27127,12984,40418,1819,879,940
36355,56332,15909,27129,12985,40423,1819,879,940
36360,56343,15911,27136,12987,40428,1820,880,940
36365,56347,15913,27137,12989,40434,1820,880,940
36370,56357,15915,27143,12990,40442,1820,880,940
36375,56363,15916,27145,12991,40447,1820,880,940
36380,56374,15916,27150,12991,40455,1821,880,941
36385,56378,15917,27151,12992,40460,1821,880,941
36390,56388,15920,27156,12994,40468,1821,880,941
36395,56394,15921,27160,12995,40472,1821,880,941
36400,56405,15923,27165,12997,40481,1822,881,941
36405,56409,15924,27167,12998,40485,1822,881,941
36410,56419,15927,27172,12999,40492,1822,881,941
36415,56425,15928,27176,12999,40494,1822,881,941
36420,56436,15935,27183,13005,40499,1823,881,942
36425,56440,15938,27186,13008,40500,1823,881,942
36430,56450,15944,27193,13013,40506,1823,881,942
36435,56456,15945,27195,13013,40510,1823,881,942
36440,56467,15949,27204,13017,40515,1824,882,942
36445,56471,15951,27205,13019,40519,1824,882,942
36450,56481,15952,27210,13019,40529,1824,882,942
36455,56487,15953,27211,13019,40534,1824,882,942
36460,56498,15955,27215,13021,40541,1825,882,943
36465,56502,15956,27218,13022,40545,1825,882,943
36470,56512,15958,27224,13023,40553,1825,882,943
36475,56518,15961,27227,13025,40556,1825,882,943
36480,56529,15963,27235,13027,40563,1826,883,943
36485,56533,15965,27236,13029,40568,1826,883,943
36490,56543,15968,27241,13032,40575,1826,883,943
36495,56549,15969,27244,13033,40580,1826,883,943
36500,56560,15971,27248,13034,40588,1827,884,943
36505,56564,15972,27250,13035,40591,1827,884,943
36510,56574,15974,27255,13037,40599,1827,884,943
36515,56580,15977,27258,13040,40603,1827,884,943
36520,56591,15979,27265,13042,40610,1828,885,943
36525,56595,15981,27267,13044,40614,1828,885,943
36530,56605,15984,27273,13047,40620,1828,885,943
36535,56611,15986,27277,13049,40625,1828,885,943
36540,56622,15988,27282,13050,40631,1829,885,944
36545,56626,15990,27283,13052,40636,1829,885,944
36550,56636,15993,27289,13054,40642,1829,885,944
36555,56642,15996,27293,13057,40646,1829,885,944
36560,56653,15997,27295,13057,40654,1830,885,945
36565,56657,15999,27297,13059,40658,1830,885,945
36570,56667,16003,27303,13062,40663,1830,885,945
36575,56673,16006,27309,13065,40666,1830,885,945
36580,56684,16011,27317,13070,40671,1831,886,945
36585,56688,16013,27318,13072,40675,1831,886,945
36590,56698,16018,27325,13077,40679,1831,886,945
36595,56704,16020,27326,13078,40683,1831,886,945
36600,56715,16024,27331,13082,40689,1832,886,946
36605,56719,16025,27332,13083,40693,1832,886,946
36610,56729,16028,27336,13085,40701,1832,886,946
36615,56735,16028,27337,13085,40707,1832,886,946
36620,56746,16030,27344,13087,40714,1833,886,947
36625,56750,16032,27346,13089,40718,1833,886,947
36630,56760,16036,27350,13092,40724,1833,886,947
36635,56766,16037,27353,13093,40729,1833,886,947
36640,56777,16039,27359,13095,40737,1834,887,947
36645,56781,16040,27361,13096,40741,1834,887,947
36650,56791,16043,27368,13099,40748,1834,887,947
36655,56797,16043,27369,13099,40754,1834,887,947
36660,56808,16044,27375,13100,40762,1835,888,947
36665,56812,16045,27376,13101,40767,1835,888,947
36670,56822,16049,27382,13103,40773,1835,888,947
36675,56828,16049,27382,13103,40779,1835,888,947
36680,56839,16050,27389,13104,40787,1836,889,947
36685,56843,16052,27391,13106,40790,1836,889,947
36690,56853,16056,27395,13109,40797,1836,889,947
36695,56859,16056,27398,13109,40802,1836,889,947
36700,56870,16059,27405,13112,40810,1837,889,948
36705,56874,16059,27407,13112,40815,1837,889,948
36710,56884,16062,27411,13114,40822,1837,889,948
36715,56890,16063,27413,13114,40826,1837,889,948
36720,56901,16064,27417,13114,40835,1838,890,948
36725,56905,16065,27418,13115,40840,1838,890,948
36730,56915,16067,27425,13117,40847,1838,890,948
36735,56921,16069,27426,13118,40852,1838,890,948
36740,56932,16071,27431,13119,40859,1839,890,949
36745,56936,16073,27431,13121,40863,1839,890,949
36750,56946,16074,27434,13121,40870,1839,890,949
36755,56952,16077,27437,13124,40875,1839,890,949
36760,56963,16079,27442,13126,40883,1840,891,949
36765,56967,16080,27444,13127,40886,1840,891,949
36770,56977,16083,27450,13129,40893,1840,891,949
36775,56983,16085,27451,13130,40897,1840,891,949
36780,56994,16088,27453,13132,40906,1841,891,950
36785,56998,16089,27455,13133,40909,1841,891,950
36790,57008,16091,27458,13134,40917,1841,891,950
36795,57014,16093,27461,13135,40920,1841,891,950
36800,57025,16095,27465,13137,40929,1842,891,951
36805,57029,16097,27466,13139,40932,1842,891,951
36810,57039,16100,27470,13141,40938,1842,891,951
36815,57045,16102,27472,13143,40943,1842,891,951
36820,57056,16106,27480,13147,40948,1843,892,951
36825,57060,16109,27482,13150,40951,1843,892,951
36830,57070,16112,27486,13151,40956,1843,892,951
36835,57076,16115,27488,13154,40960,1843,892,951
36840,57087,16118,27492,13157,40967,1844,892,952
36845,57091,16122,27494,13161,40969,1844,892,952
36850,57101,16127,27500,13165,40972,1844,892,952
36855,57107,16130,27503,13168,40975,1844,892,952
36860,57118,16136,27508,13173,40980,1845,892,953
36865,57122,16139,27510,13176,40982,1845,892,953
36870,57132,16147,27517,13183,40984,1845,892,953
36875,57138,16149,27518,13184,40988,1845,892,953
36880,57149,16153,27523,13187,40993,1846,892,954
36885,57153,16156,27523,13190,40997,1846,892,954
36890,57163,16161,27530,13195,41000,1846,892,954
36895,57169,16165,27531,13198,41004,1846,892,954
36900,57180,16167,27533,13199,41012,1847,892,955
36905,57184,16167,27534,13199,41016,1847,892,955
36910,57194,16170,27539,13201,41024,1847,892,955
36915,57200,16171,27541,13202,41029,1847,892,955
36920,57211,16172,27546,13203,41038,1848,893,955
36925,57215,16172,27548,13203,41043,1848,893,955
36930,57225,16174,27552,13204,41051,1848,893,955
36935,57231,16175,27555,13205,41056,1848,893,955
36940,57242,16175,27564,13205,41064,1849,894,955
36945,57246,16176,27566,13206,41070,1849,894,955
36950,57256,16177,27571,13207,41079,1849,894,955
36955,57262,16179,27573,13208,41083,1849,894,955
36960,57273,16179,27577,13208,41092,1850,894,956
36965,57277,16179,27580,13208,41098,1850,894,956
36970,57287,16181,27585,13210,41106,1850,894,956
36975,57293,16183,27589,13211,41110,1850,894,956
36980,57304,16183,27596,13211,41120,1851,895,956
36985,57308,16183,27597,13211,41125,1851,895,956
36990,57318,16184,27601,13211,41134,1851,895,956
36995,57324,16184,27603,13211,41140,1851,895,956
37000,57335,16184,27606,13211,41150,1852,895,957
37005,57339,16184,27609,13211,41155,1852,895,957
37010,57349,16186,27613,13212,41162,1852,895,957
37015,57355,16187,27616,13213,41166,1852,895,957
37020,57366,16192,27621,13218,41172,1853,895,958
37025,57370,16196,27624,13222,41173,1853,895,958
37030,57380,16202,27628,13226,41178,1853,895,958
37035,57386,16202,27632,13226,41182,1853,895,958
37040,57397,16206,27637,13229,41189,1854,895,959
37045,57401,16207,27639,13230,41194,1854,895,959
37050,57411,16210,27644,13231,41200,1854,895,959
37055,57417,16211,27648,13232,41204,1854,895,959
37060,57428,16213,27652,13234,41213,1855,895,960
37065,57432,16215,27653,13236,41217,1855,895,960
37070,57442,16218,27657,13237,41224,1855,895,960
37075,57448,16218,27658,13237,41230,1855,895,960
37080,57459,16221,27666,13240,41235,1856,896,960
37085,57463,16224,27669,13243,41238,1856,896,960
37090,57473,16227,27676,13246,41245,1856,896,960
37095,57479,16229,27680,13248,41250,1856,896,960
37100,57490,16232,27685,13250,41256,1857,896,961
37105,57494,16233,27685,13251,41261,1857,896,961
37110,57504,16236,27690,13254,41267,1857,896,961
37115,57510,16238,27693,13256,41272,1857,896,961
37120,57521,16240,27694,13257,41281,1858,896,962
37125,57525,16241,27695,13258,41284,1858,896,962
37130,57535,16244,27699,13259,41291,1858,896,962
37135,57541,16245,27701,13260,41295,1858,896,962
37140,57552,16246,27705,13261,41304,1859,896,963
37145,57556,16246,27707,13261,41309,1859,896,963
37150,57566,16249,27712,13263,41317,1859,896,963
37155,57572,16250,27715,13263,41321,1859,896,963
37160,57583,16253,27721,13266,41329,1860,896,964
37165,57587,16254,27724,13267,41333,1860,896,964
37170,57597,16256,27728,13267,41341,1860,896,964
37175,57603,16257,27730,13268,41345,1860,896,964
37180,57614,16261,27737,13272,41351,1861,897,964
37185,57618,16261,27737,13272,41357,1861,897,964
37190,57628,16263,27740,13272,41365,1861,897,964
37195,57634,16264,27743,13272,41369,1861,897,964
37200,57645,16265,27744,13273,41380,1862,897,965
37205,57649,16265,27744,13273,41384,1862,897,965
37210,57659,16269,27748,13276,41390,1862,897,965
37215,57665,16272,27752,13279,41392,1862,897,965
37220,57676,16273,27758,13280,41399,1863,897,966
37225,57680,16276,27759,13283,41404,1863,897,966
37230,57690,16278,27766,13284,41411,1863,897,966
37235,57696,16281,27771,13286,41413,1863,897,966
37240,57707,16282,27775,13286,41422,1864,897,967
37245,57711,16285,27777,13289,41425,1864,897,967
37250,57721,16287,27782,13290,41433,1864,897,967
37255,57727,16290,27785,13292,41436,1864,897,967
37260,57738,16293,27791,13295,41443,1865,898,967
37265,57742,16294,27793,13296,41447,1865,898,967
37270,57752,16296,27795,13297,41456,1865,898,967
37275,57758,16298,27800,13299,41460,1865,898,967
37280,57769,16299,27803,13299,41469,1866,898,968
37285,57773,16300,27804,13300,41473,1866,898,968
37290,57783,16302,27809,13302,41480,1866,898,968
37295,57789,16304,27812,13304,41485,1866,898,968
37300,57800,16306,27818,13306,41491,1867,898,969
37305,57804,16308,27819,13308,41496,1867,898,969
37310,57814,16310,27826,13310,41502,1867,898,969
37315,57820,16314,27829,13313,41506,1867,898,969
37320,57831,16315,27834,13313,41514,1868,898,970
37325,57835,16318,27835,13316,41517,1868,898,970
37330,57845,16322,27839,13318,41522,1868,898,970
37335,57851,16324,27842,13320,41526,1868,898,970
37340,57862,16328,27846,13323,41533,1869,899,970
37345,57866,16330,27848,13325,41536,1869,899,970
37350,57876,16334,27855,13328,41540,1869,899,970
37355,57882,16337,27858,13330,41544,1869,899,970
37360,57893,16341,27864,13334,41550,1870,900,970
37365,57897,16343,27866,13336,41554,1870,900,970
37370,57907,16346,27869,13338,41560,1870,900,970
37375,57913,16349,27873,13341,41562,1870,900,970
37380,57924,16355,27877,13346,41569,1871,901,970
37385,57928,16355,27878,13346,41572,1871,901,970
37390,57938,16361,27884,13352,41576,1871,901,970
37395,57944,16364,27887,13355,41579,1871,901,970
37400,57955,16367,27891,13357,41586,1872,901,971
37405,57959,16368,27891,13358,41591,1872,901,971
37410,57969,16372,27897,13361,41596,1872,901,971
37415,57975,16374,27899,13363,41601,1872,901,971
37420,57986,16376,27904,13364,41607,1873,902,971
37425,57990,16378,27907,13366,41611,1873,902,971
37430,58000,16382,27912,13369,41616,1873,902,971
37435,58006,16385,27915,13372,41620,1873,902,971
37440,58017,16388,27923,13375,41625,1874,903,971
37445,58021,16391,27927,13378,41629,1874,903,971
37450,58031,16393,27933,13380,41638,1874,903,971
37455,58037,16395,27937,13382,41641,1874,903,971
37460,58048,16396,27941,13383,41650,1875,903,972
37465,58052,16397,27945,13384,41654,1875,903,972
37470,58062,16400,27949,13386,41661,1875,903,972
37475,58068,16402,27954,13388,41665,1875,903,972
37480,58079,16404,27960,13390,41673,1876,903,973
37485,58083,16405,27961,13391,41678,1876,903,973
37490,58093,16408,27966,13393,41685,1876,903,973
37495,58099,16409,27968,13393,41689,1876,903,973
37500,58110,16410,27971,13394,41697,1877,903,974
37505,58114,16412,27974,13396,41701,1877,903,974
37510,58124,16415,27978,13398,41709,1877,903,974
37515,58130,16415,27981,13398,41714,1877,903,974
37520,58141,16416,27985,13399,41723,1878,903,975
37525,58145,16416,27985,13399,41729,1878,903,975
37530,58155,16418,27990,13399,41737,1878,903,975
37535,58161,16418,27992,13399,41743,1878,903,975
37540,58172,16420,27997,13401,41751,1879,903,976
37545,58176,16421,27999,13402,41755,1879,903,976
37550,58186,16425,28004,13404,41761,1879,903,976
37555,58192,16425,28008,13404,41766,1879,903,976
37560,58203,16428,28015,13407,41773,1880,904,976
37565,58207,16432,28017,13411,41775,1880,904,976
37570,58217,16435,28023,13413,41782,1880,904,976
37575,58223,16435,28027,13413,41787,1880,904,976
37580,58234,16439,28032,13416,41793,1881,905,976
37585,58238,16441,28033,13418,41797,1881,905,976
37590,58248,16443,28037,13420,41805,1881,905,976
37595,58254,16443,28043,13420,41809,1881,905,976
37600,58265,16444,28049,13421,41819,1882,906,976
37605,58269,16445,28050,13422,41823,1882,906,976
37610,58279,16447,28057,13424,41830,1882,906,976
37615,58285,16451,28061,13428,41833,1882,906,976
37620,58296,16454,28069,13431,41839,1883,906,977
37625,58300,16457,28070,13434,41843,1883,906,977
37630,58310,16458,28075,13434,41850,1883,906,977
37635,58316,16462,28079,13438,41853,1883,906,977
37640,58327,16463,28082,13438,41862,1884,906,978
37645,58331,16465,28086,13440,41865,1884,906,978
37650,58341,16468,28090,13442,41872,1884,906,978
37655,58347,16471,28095,13445,41875,1884,906,978
37660,58358,16474,28104,13448,41881,1885,906,979
37665,58362,16476,28106,13450,41885,1885,906,979
37670,58372,16479,28111,13452,41892,1885,906,979
37675,58378,16482,28114,13454,41896,1885,906,979
37680,58389,16484,28119,13456,41903,1886,906,980
37685,58393,16484,28120,13456,41909,1886,906,980
37690,58403,16487,28124,13458,41916,1886,906,980
37695,58409,16488,28126,13458,41921,1886,906,980
37700,58420,16490,28132,13460,41928,1887,907,980
37705,58424,16491,28133,13461,41933,1887,907,980
37710,58434,16494,28141,13464,41939,1887,907,980
37715,58440,16496,28143,13465,41943,1887,907,980
37720,58451,16498,28149,13467,41951,1888,907,981
37725,58455,16499,28151,13468,41956,1888,907,981
37730,58465,16501,28155,13469,41964,1888,907,981
37735,58471,16502,28157,13469,41969,1888,907,981
37740,58482,16503,28161,13470,41976,1889,908,981
37745,58486,16505,28164,13472,41981,1889,908,981
37750,58496,16508,28173,13475,41987,1889,908,981
37755,58502,16511,28176,13477,41990,1889,908,981
37760,58513,16513,28181,13479,41997,1890,908,982
37765,58517,16515,28184,13481,42001,1890,908,982
37770,58527,16519,28188,13483,42008,1890,908,982
37775,58533,16520,28190,13483,42013,1890,908,982
37780,58544,16523,28196,13486,42020,1891,908,983
37785,58548,16523,28198,13486,42023,1891,908,983
37790,58558,16529,28205,13492,42028,1891,908,983
37795,58564,16531,28209,13494,42031,1891,908,983
37800,58575,16536,28214,13498,42037,1892,908,984
37805,58579,16538,28215,13500,42041,1892,908,984
37810,58589,16541,28218,13502,42048,1892,908,984
37815,58595,16541,28220,13502,42054,1892,908,984
37820,58606,16544,28225,13504,42060,1893,908,985
37825,58610,16547,28226,13507,42063,1893,908,985
37830,58620,16552,28232,13511,42067,1893,908,985
37835,58626,16554,28234,13513,42071,1893,908,985
37840,58637,16556,28239,13514,42080,1894,909,985
37845,58641,16557,28239,13515,42084,1894,909,985
37850,58651,16559,28246,13517,42091,1894,909,985
37855,58657,16560,28249,13518,42096,1894,909,985
37860,58668,16561,28252,13518,42106,1895,909,986
37865,58672,16562,28253,13519,42110,1895,909,986
37870,58682,16563,28256,13520,42118,1895,909,986
37875,58688,16564,28258,13521,42123,1895,909,986
37880,58699,16566,28265,13523,42130,1896,909,987
37885,58703,16568,28266,13525,42135,1896,909,987
37890,58713,16571,28272,13528,42141,1896,909,987
37895,58719,16573,28276,13529,42146,1896,909,987
37900,58730,16573,28281,13529,42155,1897,910,987
37905,58734,16573,28284,13529,42160,1897,910,987
37910,58744,16574,28287,13529,42170,1897,910,987
37915,58750,16575,28288,13529,42175,1897,910,987
37920,58761,16575,28291,13529,42185,1898,911,987
37925,58765,16575,28293,13529,42190,1898,911,987
37930,58775,16576,28295,13529,42199,1898,911,987
37935,58781,16578,28299,13531,42203,1898,911,987
37940,58792,16579,28305,13532,42210,1899,911,988
37945,58796,16580,28308,13533,42216,1899,911,988
37950,58806,16583,28313,13535,42223,1899,911,988
37955,58812,16584,28316,13536,42227,1899,911,988
37960,58823,16584,28320,13536,42236,1900,911,989
37965,58827,16586,28321,13538,42241,1900,911,989
37970,58837,16588,28325,13539,42248,1900,911,989
37975,58843,16591,28329,13542,42251,1900,911,989
37980,58854,16593,28334,13544,42259,1901,912,989
37985,58858,16594,28335,13545,42264,1901,912,989
37990,58868,16597,28341,13546,42271,1901,912,989
37995,58874,16599,28344,13548,42275,1901,912,989
38000,58885,16602,28350,13551,42279,1902,912,990
38005,58889,16606,28354,13555,42282,1902,912,990
38010,58899,16609,28359,13558,42288,1902,912,990
38015,58905,16612,28362,13561,42292,1902,912,990
38020,58916,16617,28369,13565,42295,1903,913,990
38025,58920,16620,28370,13568,42300,1903,913,990
38030,58930,16622,28374,13569,42307,1903,913,990
38035,58936,16624,28377,13571,42311,1903,913,990
38040,58947,16628,28384,13575,42315,1904,913,991
38045,58951,16631,28385,13578,42320,1904,913,991
38050,58961,16635,28387,13580,42326,1904,913,991
38055,58967,16637,28390,13581,42330,1904,913,991
38060,58978,16640,28396,13583,42334,1905,913,992
38065,58982,16644,28398,13587,42337,1905,913,992
38070,58992,16650,28402,13591,42341,1905,913,992
38075,58998,16653,28407,13594,42342,1905,913,992
38080,59009,16659,28411,13600,42348,1906,913,993
38085,59013,16660,28413,13601,42352,1906,913,993
38090,59023,16663,28420,13604,42359,1906,913,993
38095,59029,16665,28421,13605,42364,1906,913,993
38100,59040,16666,28426,13606,42370,1907,913,994
38105,59044,16670,28429,13610,42374,1907,913,994
38110,59054,16672,28431,13612,42382,1907,913,994
38115,59060,16673,28433,13612,42386,1907,913,994
38120,59071,16674,28438,13612,42393,1908,913,995
38125,59075,16677,28440,13615,42398,1908,913,995
38130,59085,16680,28444,13617,42404,1908,913,995
38135,59091,16683,28450,13620,42406,1908,913,995
38140,59102,16685,28457,13622,42414,1909,914,995
38145,59106,16686,28458,13623,42419,1909,914,995
38150,59116,16689,28462,13625,42426,1909,914,995
38155,59122,16691,28464,13627,42431,1909,914,995
38160,59133,16694,28473,13630,42436,1910,915,995
38165,59137,16696,28474,13632,42441,1910,915,995
38170,59147,16698,28477,13633,42449,1910,915,995
38175,59153,16699,28481,13634,42454,1910,915,995
38180,59164,16699,28484,13634,42464,1911,915,996
38185,59168,16699,28485,13634,42469,1911,915,996
38190,59178,16701,28490,13635,42476,1911,915,996
38195,59184,16703,28491,13636,42481,1911,915,996
38200,59195,16705,28497,13638,42488,1912,915,997
38205,59199,16706,28501,13639,42493,1912,915,997
38210,59209,16708,28503,13639,42501,1912,915,997
38215,59215,16709,28505,13639,42506,1912,915,997
38220,59226,16709,28509,13639,42514,1913,916,997
38225,59230,16711,28512,13641,42519,1913,916,997
38230,59240,16714,28516,13642,42526,1913,916,997
38235,59246,16715,28516,13642,42531,1913,916,997
38240,59257,16717,28524,13644,42539,1914,917,997
38245,59261,16717,28525,13644,42544,1914,917,997
38250,59271,16719,28530,13644,42551,1914,917,997
38255,59277,16721,28531,13645,42555,1914,917,997
38260,59288,16722,28534,13646,42565,1915,918,997
38265,59292,16722,28537,13646,42569,1915,918,997
38270,59302,16729,28542,13652,42573,1915,918,997
38275,59308,16732,28547,13655,42574,1915,918,997
38280,59319,16736,28551,13659,42580,1916,918,998
38285,59323,16739,28553,13662,42583,1916,918,998
38290,59333,16745,28560,13668,42586,1916,918,998
38295,59339,16748,28563,13671,42589,1916,918,998
38300,59350,16752,28568,13675,42595,1917,918,999
38305,59354,16756,28570,13679,42597,1917,918,999
38310,59364,16760,28573,13682,42603,1917,918,999
38315,59370,16763,28576,13684,42605,1917,918,999
38320,59381,16768,28580,13688,42611,1918,919,999
38325,59385,16769,28580,13689,42616,1918,919,999
38330,59395,16772,28585,13691,42622,1918,919,999
38335,59401,16774,28587,13692,42627,1918,919,999
38340,59412,16777,28593,13695,42632,1919,919,1000
38345,59416,16779,28594,13697,42637,1919,919,1000
38350,59426,16781,28599,13699,42643,1919,919,1000
38355,59432,16785,28603,13702,42647,1919,919,1000
38360,59443,16787,28608,13703,42654,1920,920,1000
38365,59447,16788,28612,13704,42659,1920,920,1000
38370,59457,16789,28614,13704,42668,1920,920,1000
38375,59463,16789,28616,13704,42674,1920,920,1000
38380,59474,16790,28622,13705,42683,1921,921,1000
38385,59478,16792,28626,13707,42686,1921,921,1000
38390,59488,16794,28631,13708,42693,1921,921,1000
38395,59494,16795,28634,13709,42699,1921,921,1000
38400,59505,16797,28638,13710,42706,1922,921,1001
38405,59509,16798,28641,13711,42711,1922,921,1001
38410,59519,16801,28648,13713,42718,1922,921,1001
38415,59525,16801,28649,13713,42724,1922,921,1001
38420,59536,16801,28656,13713,42734,1923,922,1001
38425,59540,16801,28658,13713,42739,1923,922,1001
38430,59550,16802,28662,13714,42748,1923,922,1001
38435,59556,16802,28666,13714,42751,1923,922,1001
38440,59567,16806,28674,13718,42758,1924,923,1001
38445,59571,16809,28678,13721,42760,1924,923,1001
38450,59581,16812,28682,13724,42769,1924,923,1001
38455,59587,16812,28686,13724,42774,1924,923,1001
38460,59598,16812,28691,13724,42785,1925,923,1002
38465,59602,16812,28694,13724,42790,1925,923,1002
38470,59612,16815,28699,13725,42796,1925,923,1002
38475,59618,16818,28703,13727,42798,1925,923,1002
38480,59629,16821,28710,13730,42806,1926,924,1002
38485,59633,16822,28714,13731,42810,1926,924,1002
38490,59643,16825,28718,13732,42818,1926,924,1002
38495,59649,16826,28721,13732,42822,1926,924,1002
38500,59660,16827,28726,13733,42831,1927,925,1002
38505,59664,16828,28729,13734,42835,1927,925,1002
38510,59674,16830,28735,13736,42844,1927,925,1002
38515,59680,16831,28737,13737,42848,1927,925,1002
38520,59691,16835,28743,13741,42853,1928,925,1003
38525,59695,16836,28743,13742,42859,1928,925,1003
38530,59705,16838,28749,13744,42867,1928,925,1003
38535,59711,16839,28751,13744,42872,1928,925,1003
38540,59722,16842,28760,13747,42876,1929,925,1004
38545,59726,16846,28763,13751,42880,1929,925,1004
38550,59736,16849,28767,13752,42887,1929,925,1004
38555,59742,16850,28771,13753,42891,1929,925,1004
38560,59753,16853,28773,13755,42898,1930,925,1005
38565,59757,16855,28776,13757,42901,1930,925,1005
38570,59767,16860,28780,13761,42906,1930,925,1005
38575,59773,16862,28785,13762,42910,1930,925,1005
38580,59784,16865,28788,13764,42917,1931,926,1005
38585,59788,16868,28790,13767,42920,1931,926,1005
38590,59798,16872,28797,13771,42925,1931,926,1005
38595,59804,16874,28800,13772,42930,1931,926,1005
38600,59815,16876,28803,13774,42937,1932,926,1006
38605,59819,16879,28806,13777,42940,1932,926,1006
38610,59829,16882,28810,13778,42946,1932,926,1006
38615,59835,16885,28812,13780,42949,1932,926,1006
38620,59846,16891,28820,13786,42953,1933,927,1006
38625,59850,16893,28821,13788,42957,1933,927,1006
38630,59860,16896,28825,13789,42964,1933,927,1006
38635,59866,16897,28827,13790,42968,1933,927,1006
38640,59877,16900,28832,13793,42975,1934,928,1006
38645,59881,16901,28834,13794,42979,1934,928,1006
38650,59891,16904,28834,13795,42987,1934,928,1006
38655,59897,16906,28836,13797,42991,1934,928,1006
38660,59908,16906,28841,13797,43000,1935,929,1006
38665,59912,16906,28842,13797,43005,1935,929,1006
38670,59922,16907,28846,13797,43015,1935,929,1006
38675,59928,16909,28852,13799,43017,1935,929,1006
38680,59939,16909,28855,13799,43028,1936,929,1007
38685,59943,16909,28857,13799,43033,1936,929,1007
38690,59953,16910,28859,13799,43043,1936,929,1007
38695,59959,16911,28861,13799,43046,1936,929,1007
38700,59970,16912,28866,13800,43057,1937,930,1007
38705,59974,16912,28868,13800,43061,1937,930,1007
38710,59984,16914,28876,13801,43069,1937,930,1007
38715,59990,16916,28879,13803,43074,1937,930,1007
38720,60001,16916,28882,13803,43083,1938,931,1007
38725,60005,16917,28884,13804,43088,1938,931,1007
38730,60015,16920,28889,13807,43095,1938,931,1007
38735,60021,16922,28893,13809,43099,1938,931,1007
38740,60032,16924,28897,13810,43106,1939,932,1007
38745,60036,16927,28901,13813,43108,1939,932,1007
38750,60046,16930,28907,13816,43115,1939,932,1007
38755,60052,16933,28910,13819,43119,1939,932,1007
38760,60063,16935,28917,13821,43124,1940,932,1008
38765,60067,16939,28919,13825,43128,1940,932,1008
38770,60077,16941,28923,13827,43135,1940,932,1008
38775,60083,16944,28924,13829,43139,1940,932,1008
38780,60094,16946,28930,13831,43146,1941,933,1008
38785,60098,16948,28932,13833,43150,1941,933,1008
38790,60108,16953,28942,13838,43153,1941,933,1008
38795,60114,16956,28942,13840,43158,1941,933,1008
38800,60125,16959,28946,13842,43164,1942,933,1009
38805,60129,16961,28946,13844,43168,1942,933,1009
38810,60139,16965,28953,13847,43172,1942,933,1009
38815,60145,16968,28955,13849,43177,1942,933,1009
38820,60156,16972,28962,13852,43181,1943,934,1009
38825,60160,16976,28965,13856,43184,1943,934,1009
38830,60170,16978,28969,13857,43192,1943,934,1009
38835,60176,16979,28969,13857,43197,1943,934,1009
38840,60187,16981,28973,13859,43206,1944,934,1010
38845,60191,16981,28976,13859,43209,1944,934,1010
38850,60201,16985,28982,13863,43215,1944,934,1010
38855,60207,16987,28984,13864,43220,1944,934,1010
38860,60218,16989,28990,13866,43227,1945,935,1010
38865,60222,16990,28992,13867,43231,1945,935,1010
38870,60232,16997,28998,13873,43235,1945,935,1010
38875,60238,16999,29002,13875,43237,1945,935,1010
38880,60249,17001,29008,13877,43245,1946,936,1010
38885,60253,17004,29009,13880,43249,1946,936,1010
38890,60263,17007,29011,13882,43256,1946,936,1010
38895,60269,17009,29012,13883,43260,1946,936,1010
38900,60280,17010,29017,13884,43268,1947,937,1010
38905,60284,17013,29019,13887,43270,1947,937,1010
38910,60294,17017,29024,13889,43276,1947,937,1010
38915,60300,17020,29028,13892,43278,1947,937,1010
38920,60311,17020,29033,13892,43290,1948,937,1011
38925,60315,17021,29036,13893,43293,1948,937,1011
38930,60325,17022,29042,13893,43301,1948,937,1011
38935,60331,17025,29044,13895,43306,1948,937,1011
38940,60342,17027,29051,13897,43313,1949,938,1011
38945,60346,17029,29053,13899,43316,1949,938,1011
38950,60356,17032,29059,13902,43323,1949,938,1011
38955,60362,17034,29062,13904,43327,1949,938,1011
38960,60373,17035,29069,13905,43334,1950,939,1011
38965,60377,17038,29069,13908,43339,1950,939,1011
38970,60387,17041,29073,13910,43345,1950,939,1011
38975,60393,17044,29076,13912,43349,1950,939,1011
38980,60404,17045,29082,13912,43357,1951,940,1011
38985,60408,17048,29085,13915,43360,1951,940,1011
38990,60418,17050,29088,13916,43368,1951,940,1011
38995,60424,17050,29092,13916,43374,1951,940,1011
39000,60435,17051,29097,13916,43384,1952,941,1011
39005,60439,17052,29101,13917,43387,1952,941,1011
39010,60449,17054,29105,13918,43395,1952,941,1011
39015,60455,17054,29110,13918,43401,1952,941,1011
39020,60466,17056,29113,13919,43410,1953,942,1011
39025,60470,17057,29115,13920,43413,1953,942,1011
39030,60480,17059,29120,13920,43421,1953,942,1011
39035,60486,17059,29122,13920,43426,1953,942,1011
39040,60497,17062,29127,13922,43433,1954,942,1012
39045,60501,17063,29129,13923,43437,1954,942,1012
39050,60511,17067,29135,13926,43443,1954,942,1012
39055,60517,17068,29140,13927,43448,1954,942,1012
39060,60528,17073,29147,13931,43453,1955,943,1012
39065,60532,17076,29149,13934,43455,1955,943,1012
39070,60542,17079,29153,13937,43462,1955,943,1012
39075,60548,17080,29156,13938,43466,1955,943,1012
39080,60559,17084,29162,13942,43472,1956,943,1013
39085,60563,17088,29164,13946,43474,1956,943,1013
39090,60573,17095,29169,13952,43478,1956,943,1013
39095,60579,17097,29171,13954,43482,1956,943,1013
39100,60590,17098,29174,13955,43490,1957,943,1014
39105,60594,17101,29175,13958,43493,1957,943,1014
39110,60604,17105,29179,13961,43498,1957,943,1014
39115,60610,17108,29182,13964,43501,1957,943,1014
39120,60621,17112,29186,13967,43507,1958,943,1015
39125,60625,17113,29189,13968,43511,1958,943,1015
39130,60635,17115,29193,13969,43520,1958,943,1015
39135,60641,17117,29197,13971,43523,1958,943,1015
39140,60652,17118,29202,13972,43532,1959,944,1015
39145,60656,17118,29206,13972,43537,1959,944,1015
39150,60666,17120,29212,13973,43546,1959,944,1015
39155,60672,17121,29215,13974,43551,1959,944,1015
39160,60683,17121,29221,13974,43560,1960,944,1016
39165,60687,17122,29223,13975,43565,1960,944,1016
39170,60697,17124,29230,13976,43572,1960,944,1016
39175,60703,17126,29233,13977,43577,1960,944,1016
39180,60714,17126,29237,13977,43586,1961,944,1017
39185,60718,17127,29239,13978,43591,1961,944,1017
39190,60728,17128,29247,13979,43600,1961,944,1017
39195,60734,17129,29251,13980,43604,1961,944,1017
39200,60745,17130,29255,13981,43615,1962,945,1017
39205,60749,17130,29257,13981,43619,1962,945,1017
39210,60759,17131,29262,13982,43628,1962,945,1017
39215,60765,17132,29267,13983,43633,1962,945,1017
39220,60776,17133,29274,13984,43642,1963,946,1017
39225,60780,17133,29277,13984,43647,1963,946,1017
39230,60790,17135,29282,13984,43655,1963,946,1017
39235,60796,17136,29283,13984,43660,1963,946,1017
39240,60807,17138,29290,13986,43667,1964,946,1018
39245,60811,17140,29293,13988,43671,1964,946,1018
39250,60821,17142,29300,13990,43679,1964,946,1018
39255,60827,17143,29303,13991,43683,1964,946,1018
39260,60838,17147,29306,13994,43690,1965,946,1019
39265,60842,17148,29307,13995,43694,1965,946,1019
39270,60852,17150,29313,13996,43702,1965,946,1019
39275,60858,17151,29317,13996,43706,1965,946,1019
39280,60869,17154,29320,13999,43714,1966,946,1020
39285,60873,17157,29323,14002,43715,1966,946,1020
39290,60883,17160,29326,14004,43723,1966,946,1020
39295,60889,17162,29328,14006,43727,1966,946,1020
39300,60900,17165,29336,14009,43731,1967,947,1020
39305,60904,17170,29337,14014,43734,1967,947,1020
39310,60914,17176,29341,14018,43738,1967,947,1020
39315,60920,17178,29343,14019,43741,1967,947,1020
39320,60931,17182,29348,14023,43748,1968,948,1020
39325,60935,17183,29348,14024,43752,1968,948,1020
39330,60945,17187,29351,14026,43757,1968,948,1020
39335,60951,17189,29354,14027,43759,1968,948,1020
39340,60962,17195,29360,14033,43767,1969,949,1020
39345,60966,17196,29364,14034,43769,1969,949,1020
39350,60976,17200,29369,14037,43775,1969,949,1020
39355,60982,17202,29371,14039,43779,1969,949,1020
39360,60993,17204,29377,14040,43786,1970,949,1021
39365,60997,17207,29380,14043,43789,1970,949,1021
39370,61007,17209,29383,14045,43798,1970,949,1021
39375,61013,17211,29386,14046,43801,1970,949,1021
39380,61024,17213,29391,14047,43808,1971,949,1022
39385,61028,17215,29392,14049,43812,1971,949,1022
39390,61038,17217,29396,14051,43820,1971,949,1022
39395,61044,17220,29399,14053,43823,1971,949,1022
39400,61055,17222,29403,14054,43832,1972,949,1023
39405,61059,17223,29403,14055,43836,1972,949,1023
39410,61069,17226,29408,14058,43843,1972,949,1023
39415,61075,17228,29412,14060,43846,1972,949,1023
39420,61086,17229,29415,14060,43856,1973,950,1023
39425,61090,17229,29418,14060,43860,1973,950,1023
39430,61100,17232,29424,14062,43866,1973,950,1023
39435,61106,17235,29424,14064,43871,1973,950,1023
39440,61117,17236,29431,14065,43878,1974,951,1023
39445,61121,17238,29432,14067,43883,1974,951,1023
39450,61131,17240,29436,14067,43890,1974,951,1023
39455,61137,17243,29437,14069,43894,1974,951,1023
39460,61148,17245,29441,14070,43901,1975,952,1023
39465,61152,17248,29445,14073,43904,1975,952,1023
39470,61162,17251,29449,14074,43909,1975,952,1023
39475,61168,17254,29451,14077,43913,1975,952,1023
39480,61179,17256,29457,14079,43920,1976,952,1024
39485,61183,17257,29459,14080,43926,1976,952,1024
39490,61193,17259,29463,14080,43933,1976,952,1024
39495,61199,17261,29464,14081,43938,1976,952,1024
39500,61210,17262,29470,14082,43945,1977,952,1025
39505,61214,17263,29470,14083,43951,1977,952,1025
39510,61224,17266,29476,14085,43957,1977,952,1025
39515,61230,17268,29478,14086,43962,1977,952,1025
39520,61241,17270,29482,14088,43970,1978,953,1025
39525,61245,17272,29484,14090,43972,1978,953,1025
39530,61255,17275,29487,14092,43980,1978,953,1025
39535,61261,17277,29492,14094,43983,1978,953,1025
39540,61272,17280,29496,14097,43991,1979,954,1025
39545,61276,17281,29496,14098,43995,1979,954,1025
39550,61286,17286,29503,14102,44000,1979,954,1025
39555,61292,17289,29507,14104,44001,1979,954,1025
39560,61303,17292,29513,14107,44008,1980,955,1025
39565,61307,17295,29515,14110,44012,1980,955,1025
39570,61317,17299,29521,14113,44017,1980,955,1025
39575,61323,17301,29525,14115,44019,1980,955,1025
39580,61334,17308,29531,14121,44024,1981,956,1025
39585,61338,17311,29533,14124,44026,1981,956,1025
39590,61348,17317,29541,14130,44029,1981,956,1025
39595,61354,17320,29542,14133,44034,1981,956,1025
39600,61365,17321,29546,14134,44043,1982,957,1025
39605,61369,17322,29547,14135,44047,1982,957,1025
39610,61379,17323,29550,14135,44056,1982,957,1025
39615,61385,17323,29553,14135,44062,1982,957,1025
39620,61396,17325,29561,14136,44069,1983,958,1025
39625,61400,17327,29564,14138,44072,1983,958,1025
39630,61410,17330,29569,14140,44079,1983,958,1025
39635,61416,17331,29570,14141,44085,1983,958,1025
39640,61427,17332,29577,14142,44094,1984,959,1025
39645,61431,17333,29577,14143,44098,1984,959,1025
39650,61441,17334,29581,14143,44107,1984,959,1025
39655,61447,17334,29584,14143,44113,1984,959,1025
39660,61458,17336,29590,14144,44121,1985,959,1026
39665,61462,17338,29592,14146,44123,1985,959,1026
39670,61472,17341,29598,14149,44131,1985,959,1026
39675,61478,17341,29601,14149,44136,1985,959,1026
39680,61489,17342,29603,14149,44146,1986,959,1027
39685,61493,17343,29604,14150,44150,1986,959,1027
39690,61503,17345,29610,14151,44157,1986,959,1027
39695,61509,17346,29616,14152,44162,1986,959,1027
39700,61520,17349,29621,14154,44169,1987,959,1028
39705,61524,17351,29623,14156,44173,1987,959,1028
39710,61534,17353,29628,14158,44180,1987,959,1028
39715,61540,17355,29632,14160,44184,1987,959,1028
39720,61551,17356,29636,14161,44192,1988,959,1029
39725,61555,17357,29639,14162,44198,1988,959,1029
39730,61565,17360,29645,14165,44204,1988,959,1029
39735,61571,17363,29648,14168,44208,1988,959,1029
39740,61582,17364,29654,14169,44215,1989,959,1030
39745,61586,17365,29655,14170,44220,1989,959,1030
39750,61596,17369,29662,14174,44227,1989,959,1030
39755,61602,17370,29663,14175,44232,1989,959,1030
39760,61613,17373,29669,14178,44238,1990,959,1031
39765,61617,17373,29670,14178,44243,1990,959,1031
39770,61627,17376,29674,14181,44251,1990,959,1031
39775,61633,17377,29678,14181,44255,1990,959,1031
39780,61644,17380,29684,14184,44262,1991,959,1032
39785,61648,17382,29685,14186,44266,1991,959,1032
39790,61658,17384,29692,14187,44273,1991,959,1032
39795,61664,17386,29694,14189,44278,1991,959,1032
39800,61675,17386,29697,14189,44287,1992,960,1032
39805,61679,17387,29699,14190,44291,1992,960,1032
39810,61689,17394,29705,14196,44294,1992,960,1032
39815,61695,17396,29707,14197,44297,1992,960,1032
39820,61706,17400,29713,14201,44302,1993,961,1032
39825,61710,17403,29713,14204,44307,1993,961,1032
39830,61720,17408,29717,14208,44312,1993,961,1032
39835,61726,17410,29722,14210,44313,1993,961,1032
39840,61737,17414,29726,14214,44321,1994,962,1032
39845,61741,17416,29729,14216,44324,1994,962,1032
39850,61751,17417,29732,14216,44334,1994,962,1032
39855,61757,17419,29736,14217,44337,1994,962,1032
39860,61768,17421,29742,14218,44343,1995,962,1033
39865,61772,17424,29743,14221,44348,1995,962,1033
39870,61782,17426,29747,14223,44356,1995,962,1033
39875,61788,17428,29751,14224,44359,1995,962,1033
39880,61799,17430,29758,14226,44367,1996,962,1034
39885,61803,17432,29759,14228,44371,1996,962,1034
39890,61813,17434,29763,14229,44378,1996,962,1034
39895,61819,17436,29767,14231,44383,1996,962,1034
39900,61830,17438,29769,14232,44391,1997,962,1035
39905,61834,17438,29769,14232,44396,1997,962,1035
39910,61844,17440,29775,14234,44403,1997,962,1035
39915,61850,17442,29777,14236,44408,1997,962,1035
39920,61861,17443,29783,14237,44416,1998,962,1036
39925,61865,17445,29783,14239,44420,1998,962,1036
39930,61875,17447,29789,14241,44428,1998,962,1036
39935,61881,17448,29791,14241,44433,1998,962,1036
39940,61892,17449,29795,14241,44440,1999,963,1036
39945,61896,17452,29797,14244,44444,1999,963,1036
39950,61906,17456,29803,14247,44448,1999,963,1036
39955,61912,17459,29803,14249,44453,1999,963,1036
39960,61923,17461,29809,14251,44459,2000,964,1036
39965,61927,17462,29810,14252,44465,2000,964,1036
39970,61937,17466,29816,14256,44470,2000,964,1036
39975,61943,17469,29820,14259,44473,2000,964,1036
39980,61954,17472,29826,14261,44478,2001,965,1036
39985,61958,17476,29828,14265,44482,2001,965,1036
39990,61968,17479,29836,14267,44489,2001,965,1036
39995,61974,17481,29840,14269,44493,2001,965,1036
40000,61985,17482,29844,14270,44501,2002,965,1037
40005,61989,17482,29846,14270,44506,2002,965,1037
40010,61999,17486,29848,14273,44513,2002,965,1037
40015,62005,17488,29852,14275,44515,2002,965,1037
40020,62016,17491,29859,14278,44521,2003,966,1037
40025,62020,17495,29861,14282,44525,2003,966,1037
40030,62030,17497,29863,14282,44532,2003,966,1037
40035,62036,17501,29866,14286,44535,2003,966,1037
40040,62047,17502,29872,14287,44542,2004,967,1037
40045,62051,17505,29873,14290,44546,2004,967,1037
40050,62061,17510,29880,14294,44550,2004,967,1037
40055,62067,17513,29884,14296,44551,2004,967,1037
40060,62078,17518,29890,14301,44558,2005,967,1038
40065,62082,17519,29892,14302,44562,2005,967,1038
40070,62092,17520,29898,14303,44572,2005,967,1038
40075,62098,17522,29902,14305,44575,2005,967,1038
40080,62109,17522,29908,14305,44584,2006,968,1038
40085,62113,17523,29910,14306,44589,2006,968,1038
40090,62123,17526,29915,14308,44597,2006,968,1038
40095,62129,17528,29918,14309,44600,2006,968,1038
40100,62140,17529,29926,14310,44607,2007,969,1038
40105,62144,17532,29928,14313,44611,2007,969,1038
40110,62154,17533,29932,14314,44621,2007,969,1038
40115,62160,17534,29933,14315,44626,2007,969,1038
40120,62171,17536,29938,14317,44633,2008,969,1039
40125,62175,17538,29939,14319,44637,2008,969,1039
40130,62185,17539,29943,14320,44645,2008,969,1039
40135,62191,17541,29946,14321,44650,2008,969,1039
40140,62202,17543,29951,14323,44657,2009,970,1039
40145,62206,17543,29953,14323,44663,2009,970,1039
40150,62216,17544,29959,14323,44672,2009,970,1039
40155,62222,17544,29963,14323,44678,2009,970,1039
40160,62233,17545,29965,14323,44687,2010,970,1040
40165,62237,17547,29968,14325,44690,2010,970,1040
40170,62247,17549,29971,14326,44698,2010,970,1040
40175,62253,17549,29973,14326,44704,2010,970,1040
40180,62264,17551,29979,14327,44710,2011,971,1040
40185,62268,17553,29979,14329,44715,2011,971,1040
40190,62278,17555,29982,14330,44723,2011,971,1040
40195,62284,17555,29987,14330,44728,2011,971,1040
40200,62295,17559,29990,14333,44735,2012,972,1040
40205,62299,17560,29991,14334,44739,2012,972,1040
40210,62309,17563,29998,14335,44745,2012,972,1040
40215,62315,17564,30001,14336,44750,2012,972,1040
40220,62326,17566,30005,14338,44759,2013,972,1041
40225,62330,17568,30006,14340,44762,2013,972,1041
40230,62340,17571,30012,14342,44768,2013,972,1041
40235,62346,17572,30013,14343,44773,2013,972,1041
40240,62357,17575,30019,14345,44778,2014,972,1042
40245,62361,17578,30021,14348,44782,2014,972,1042
40250,62371,17584,30026,14353,44786,2014,972,1042
40255,62377,17586,30028,14354,44789,2014,972,1042
40260,62388,17590,30033,14357,44795,2015,973,1042
40265,62392,17593,30033,14360,44799,2015,973,1042
40270,62402,17599,30040,14365,44801,2015,973,1042
40275,62408,17602,30042,14368,44805,2015,973,1042
40280,62419,17607,30047,14372,44810,2016,973,1043
40285,62423,17609,30047,14374,44814,2016,973,1043
40290,62433,17613,30052,14377,44818,2016,973,1043
40295,62439,17617,30055,14380,44820,2016,973,1043
40300,62450,17623,30061,14385,44823,2017,973,1044
40305,62454,17627,30062,14389,44827,2017,973,1044
40310,62464,17629,30066,14391,44834,2017,973,1044
40315,62470,17631,30067,14392,44838,2017,973,1044
40320,62481,17633,30073,14394,44846,2018,973,1045
40325,62485,17633,30074,14394,44852,2018,973,1045
40330,62495,17635,30083,14396,44859,2018,973,1045
40335,62501,17637,30085,14397,44863,2018,973,1045
40340,62512,17637,30090,14397,44873,2019,973,1046
40345,62516,17638,30091,14398,44878,2019,973,1046
40350,62526,17639,30095,14398,44886,2019,973,1046
40355,62532,17642,30100,14401,44888,2019,973,1046
40360,62543,17642,30106,14401,44899,2020,974,1046
40365,62547,17643,30108,14402,44903,2020,974,1046
40370,62557,17645,30115,14404,44912,2020,974,1046
40375,62563,17646,30119,14405,44916,2020,974,1046
40380,62574,17646,30123,14405,44926,2021,974,1047
40385,62578,17647,30125,14406,44931,2021,974,1047
40390,62588,17648,30130,14406,44940,2021,974,1047
40395,62594,17649,30131,14406,44945,2021,974,1047
40400,62605,17649,30136,14406,44954,2022,975,1047
40405,62609,17649,30138,14406,44959,2022,975,1047
40410,62619,17651,30141,14407,44968,2022,975,1047
40415,62625,17652,30143,14408,44973,2022,975,1047
40420,62636,17653,30147,14409,44981,2023,976,1047
40425,62640,17654,30150,14410,44986,2023,976,1047
40430,62650,17657,30154,14412,44993,2023,976,1047
40435,62656,17658,30156,14412,44997,2023,976,1047
40440,62667,17663,30161,14417,45003,2024,976,1048
40445,62671,17664,30163,14418,45007,2024,976,1048
40450,62681,17666,30166,14418,45014,2024,976,1048
40455,62687,17668,30170,14419,45018,2024,976,1048
40460,62698,17672,30177,14423,45024,2025,977,1048
40465,62702,17675,30179,14426,45027,2025,977,1048
40470,62712,17679,30187,14430,45033,2025,977,1048
40475,62718,17680,30190,14430,45038,2025,977,1048
40480,62729,17682,30195,14431,45045,2026,978,1048
40485,62733,17684,30197,14433,45049,2026,978,1048
40490,62743,17687,30201,14434,45054,2026,978,1048
40495,62749,17691,30205,14438,45058,2026,978,1048
40500,62760,17694,30211,14441,45063,2027,979,1048
40505,62764,17697,30212,14444,45067,2027,979,1048
40510,62774,17701,30216,14447,45072,2027,979,1048
40515,62780,17703,30217,14449,45077,2027,979,1048
40520,62791,17706,30222,14452,45082,2028,979,1049
40525,62795,17710,30225,14456,45084,2028,979,1049
40530,62805,17716,30229,14460,45088,2028,979,1049
40535,62811,17720,30231,14463,45091,2028,979,1049
40540,62822,17721,30236,14464,45099,2029,980,1049
40545,62826,17722,30237,14465,45104,2029,980,1049
40550,62836,17726,30242,14469,45110,2029,980,1049
40555,62842,17727,30243,14469,45114,2029,980,1049
40560,62853,17730,30249,14472,45120,2030,981,1049
40565,62857,17733,30253,14475,45122,2030,981,1049
40570,62867,17739,30257,14479,45128,2030,981,1049
40575,62873,17740,30260,14480,45131,2030,981,1049
40580,62884,17743,30264,14483,45139,2031,982,1049
40585,62888,17744,30264,14484,45144,2031,982,1049
40590,62898,17745,30267,14485,45153,2031,982,1049
40595,62904,17746,30270,14485,45157,2031,982,1049
40600,62915,17746,30274,14485,45167,2032,982,1050
40605,62919,17747,30276,14486,45172,2032,982,1050
40610,62929,17749,30279,14487,45180,2032,982,1050
40615,62935,17750,30283,14488,45183,2032,982,1050
40620,62946,17750,30285,14488,45194,2033,982,1051
40625,62950,17751,30287,14489,45199,2033,982,1051
40630,62960,17753,30292,14490,45206,2033,982,1051
40635,62966,17755,30294,14491,45210,2033,982,1051
40640,62977,17756,30300,14492,45219,2034,983,1051
40645,62981,17759,30303,14495,45221,2034,983,1051
40650,62991,17762,30309,14498,45228,2034,983,1051
40655,62997,17765,30313,14500,45231,2034,983,1051
40660,63008,17766,30317,14501,45241,2035,984,1051
40665,63012,17766,30319,14501,45245,2035,984,1051
40670,63022,17768,30322,14502,45254,2035,984,1051
40675,63028,17768,30325,14502,45259,2035,984,1051
40680,63039,17770,30331,14503,45267,2036,984,1052
40685,63043,17772,30333,14505,45271,2036,984,1052
40690,63053,17774,30336,14506,45279,2036,984,1052
40695,63059,17774,30340,14506,45284,2036,984,1052
40700,63070,17777,30347,14509,45290,2037,985,1052
40705,63074,17780,30349,14512,45294,2037,985,1052
40710,63084,17782,30353,14513,45302,2037,985,1052
40715,63090,17782,30354,14513,45308,2037,985,1052
40720,63101,17784,30362,14515,45313,2038,985,1053
40725,63105,17787,30364,14518,45317,2038,985,1053
40730,63115,17790,30370,14520,45325,2038,985,1053
40735,63121,17790,30372,14520,45330,2038,985,1053
40740,63132,17793,30378,14523,45336,2039,986,1053
40745,63136,17795,30379,14525,45341,2039,986,1053
40750,63146,17799,30383,14528,45346,2039,986,1053
40755,63152,17800,30387,14529,45352,2039,986,1053
40760,63163,17803,30397,14532,45356,2040,987,1053
40765,63167,17807,30400,14536,45359,2040,987,1053
40770,63177,17811,30405,14540,45366,2040,987,1053
40775,63183,17812,30407,14540,45370,2040,987,1053
40780,63194,17815,30413,14543,45375,2041,988,1053
40785,63198,17819,30415,14547,45379,2041,988,1053
40790,63208,17821,30418,14548,45386,2041,988,1053
40795,63214,17823,30418,14549,45391,2041,988,1053
40800,63225,17826,30421,14551,45397,2042,988,1054
40805,63229,17828,30423,14553,45401,2042,988,1054
40810,63239,17831,30428,14556,45407,2042,988,1054
40815,63245,17834,30429,14558,45411,2042,988,1054
40820,63256,17838,30437,14562,45415,2043,989,1054
40825,63260,17841,30438,14565,45418,2043,989,1054
40830,63270,17845,30442,14568,45425,2043,989,1054
40835,63276,17847,30444,14569,45428,2043,989,1054
40840,63287,17850,30447,14572,45436,2044,990,1054
40845,63291,17850,30449,14572,45440,2044,990,1054
40850,63301,17854,30454,14575,45447,2044,990,1054
40855,63307,17855,30456,14575,45452,2044,990,1054
40860,63318,17857,30461,14577,45459,2045,991,1054
40865,63322,17859,30464,14579,45462,2045,991,1054
40870,63332,17864,30469,14583,45467,2045,991,1054
40875,63338,17867,30472,14586,45470,2045,991,1054
40880,63349,17869,30477,14588,45478,2046,992,1054
40885,63353,17871,30479,14590,45482,2046,992,1054
40890,63363,17872,30482,14590,45491,2046,992,1054
40895,63369,17873,30484,14590,45494,2046,992,1054
40900,63380,17873,30490,14590,45504,2047,993,1054
40905,63384,17874,30492,14591,45509,2047,993,1054
40910,63394,17876,30497,14593,45517,2047,993,1054
40915,63400,17879,30501,14595,45520,2047,993,1054
40920,63411,17880,30507,14596,45528,2048,993,1055
40925,63415,17881,30509,14597,45534,2048,993,1055
40930,63425,17882,30514,14598,45542,2048,993,1055
40935,63431,17884,30517,14600,45547,2048,993,1055
40940,63442,17886,30521,14601,45555,2049,993,1056
40945,63446,17888,30524,14603,45557,2049,993,1056
40950,63456,17891,30530,14606,45564,2049,993,1056
40955,63462,17893,30534,14608,45569,2049,993,1056
40960,63473,17896,30537,14610,45576,2050,993,1057
40965,63477,17897,30538,14611,45580,2050,993,1057
40970,63487,17900,30543,14613,45587,2050,993,1057
40975,63493,17901,30547,14613,45592,2050,993,1057
40980,63504,17903,30554,14615,45599,2051,993,1058
40985,63508,17906,30556,14618,45602,2051,993,1058
40990,63518,17909,30564,14620,45608,2051,993,1058
40995,63524,17911,30566,14622,45612,2051,993,1058
41000,63535,17912,30567,14622,45622,2052,993,1059
41005,63539,17914,30570,14624,45625,2052,993,1059
41010,63549,17917,30573,14625,45632,2052,993,1059
41015,63555,17918,30577,14626,45637,2052,993,1059
41020,63566,17921,30583,14629,45643,2053,993,1060
41025,63570,17923,30585,14631,45646,2053,993,1060
41030,63580,17926,30590,14633,45654,2053,993,1060
41035,63586,17927,30593,14633,45658,2053,993,1060
41040,63597,17929,30597,14635,45665,2054,993,1061
41045,63601,17931,30599,14637,45670,2054,993,1061
41050,63611,17934,30607,14639,45676,2054,993,1061
41055,63617,17936,30610,14640,45680,2054,993,1061
41060,63628,17937,30613,14641,45689,2055,994,1061
41065,63632,17937,30615,14641,45694,2055,994,1061
41070,63642,17941,30619,14643,45700,2055,994,1061
41075,63648,17943,30620,14645,45705,2055,994,1061
41080,63659,17945,30623,14647,45714,2056,994,1062
41085,63663,17945,30624,14647,45718,2056,994,1062
41090,63673,17948,30630,14649,45724,2056,994,1062
41095,63679,17951,30634,14652,45727,2056,994,1062
41100,63690,17953,30639,14654,45736,2057,995,1062
41105,63694,17954,30640,14655,45740,2057,995,1062
41110,63704,17956,30645,14656,45747,2057,995,1062
41115,63710,17958,30647,14657,45752,2057,995,1062
41120,63721,17959,30651,14658,45760,2058,995,1063
41125,63725,17960,30652,14659,45764,2058,995,1063
41130,63735,17963,30661,14662,45771,2058,995,1063
41135,63741,17965,30662,14664,45776,2058,995,1063
41140,63752,17968,30667,14667,45783,2059,996,1063
41145,63756,17970,30670,14669,45784,2059,996,1063
41150,63766,17976,30677,14675,45789,2059,996,1063
41155,63772,17978,30680,14676,45791,2059,996,1063
41160,63783,17984,30686,14682,45797,2060,997,1063
41165,63787,17986,30688,14684,45799,2060,997,1063
41170,63797,17992,30693,14689,45804,2060,997,1063
41175,63803,17994,30694,14690,45808,2060,997,1063
41180,63814,17996,30699,14691,45817,2061,998,1063
41185,63818,17997,30702,14692,45820,2061,998,1063
41190,63828,17998,30707,14692,45829,2061,998,1063
41195,63834,18001,30712,14695,45832,2061,998,1063
41200,63845,18002,30718,14696,45840,2062,998,1064
41205,63849,18005,30721,14699,45843,2062,998,1064
41210,63859,18006,30724,14699,45851,2062,998,1064
41215,63865,18009,30725,14701,45856,2062,998,1064
41220,63876,18011,30732,14702,45862,2063,998,1065
41225,63880,18013,30735,14704,45866,2063,998,1065
41230,63890,18015,30738,14705,45874,2063,998,1065
41235,63896,18017,30741,14707,45879,2063,998,1065
41240,63907,18019,30747,14708,45886,2064,998,1066
41245,63911,18022,30749,14711,45888,2064,998,1066
41250,63921,18024,30754,14712,45895,2064,998,1066
41255,63927,18027,30756,14715,45900,2064,998,1066
41260,63938,18029,30763,14716,45907,2065,999,1066
41265,63942,18031,30765,14718,45911,2065,999,1066
41270,63952,18034,30771,14721,45916,2065,999,1066
41275,63958,18037,30773,14723,45921,2065,999,1066
41280,63969,18038,30780,14724,45927,2066,1000,1066
41285,63973,18042,30782,14728,45931,2066,1000,1066
41290,63983,18046,30787,14731,45937,2066,1000,1066
41295,63989,18046,30789,14731,45943,2066,1000,1066
41300,64000,18047,30792,14731,45952,2067,1001,1066
41305,64004,18049,30796,14733,45955,2067,1001,1066
41310,64014,18052,30802,14735,45962,2067,1001,1066
41315,64020,18052,30804,14735,45968,2067,1001,1066
41320,64031,18056,30812,14739,45973,2068,1002,1066
41325,64035,18059,30815,14742,45976,2068,1002,1066
41330,64045,18061,30820,14743,45983,2068,1002,1066
41335,64051,18062,30821,14744,45989,2068,1002,1066
41340,64062,18065,30825,14746,45996,2069,1002,1067
41345,64066,18066,30827,14747,46000,2069,1002,1067
41350,64076,18068,30834,14749,46008,2069,1002,1067
41355,64082,18068,30837,14749,46013,2069,1002,1067
41360,64093,18071,30844,14752,46020,2070,1003,1067
41365,64097,18074,30846,14755,46022,2070,1003,1067
41370,64107,18078,30851,14759,46029,2070,1003,1067
41375,64113,18078,30853,14759,46033,2070,1003,1067
41380,64124,18080,30859,14761,46042,2071,1004,1067
41385,64128,18081,30862,14762,46045,2071,1004,1067
41390,64138,18087,30869,14767,46050,2071,1004,1067
41395,64144,18091,30871,14770,46053,2071,1004,1067
41400,64155,18094,30879,14773,46058,2072,1004,1068
41405,64159,18096,30880,14775,46063,2072,1004,1068
41410,64169,18097,30884,14776,46072,2072,1004,1068
41415,64175,18099,30887,14778,46075,2072,1004,1068
41420,64186,18099,30894,14778,46085,2073,1005,1068
41425,64190,18100,30897,14779,46089,2073,1005,1068
41430,64200,18101,30901,14779,46099,2073,1005,1068
41435,64206,18102,30904,14780,46102,2073,1005,1068
41440,64217,18102,30909,14780,46114,2074,1006,1068
41445,64221,18102,30911,14780,46118,2074,1006,1068
41450,64231,18103,30915,14781,46126,2074,1006,1068
41455,64237,18106,30916,14783,46130,2074,1006,1068
41460,64248,18109,30922,14786,46138,2075,1007,1068
41465,64252,18111,30924,14788,46141,2075,1007,1068
41470,64262,18112,30928,14789,46149,2075,1007,1068
41475,64268,18114,30929,14790,46153,2075,1007,1068
41480,64279,18117,30934,14792,46160,2076,1007,1069
41485,64283,18119,30935,14794,46164,2076,1007,1069
41490,64293,18121,30940,14795,46171,2076,1007,1069
41495,64299,18124,30944,14797,46174,2076,1007,1069
41500,64310,18127,30951,14800,46182,2077,1007,1070
41505,64314,18128,30953,14801,46185,2077,1007,1070
41510,64324,18130,30958,14802,46193,2077,1007,1070
41515,64330,18132,30961,14803,46197,2077,1007,1070
41520,64341,18134,30964,14804,46204,2078,1007,1071
41525,64345,18138,30967,14808,46207,2078,1007,1071
41530,64355,18142,30973,14811,46212,2078,1007,1071
41535,64361,18144,30975,14813,46217,2078,1007,1071
41540,64372,18146,30981,14814,46222,2079,1007,1072
41545,64376,18149,30983,14817,46227,2079,1007,1072
41550,64386,18153,30988,14820,46232,2079,1007,1072
41555,64392,18155,30990,14822,46237,2079,1007,1072
41560,64403,18157,30995,14824,46244,2080,1008,1072
41565,64407,18160,30998,14827,46247,2080,1008,1072
41570,64417,18164,31003,14830,46252,2080,1008,1072
41575,64423,18166,31006,14831,46257,2080,1008,1072
41580,64434,18169,31013,14834,46262,2081,1009,1072
41585,64438,18172,31014,14837,46266,2081,1009,1072
41590,64448,18174,31019,14839,46273,2081,1009,1072
41595,64454,18176,31023,14841,46277,2081,1009,1072
41600,64465,18180,31029,14845,46285,2082,1010,1072
41605,64469,18181,31032,14846,46287,2082,1010,1072
41610,64479,18185,31037,14848,46294,2082,1010,1072
41615,64485,18187,31040,14849,46296,2082,1010,1072
41620,64496,18191,31045,14853,46303,2083,1011,1072
41625,64500,18192,31047,14854,46307,2083,1011,1072
41630,64510,18196,31053,14857,46313,2083,1011,1072
41635,64516,18199,31056,14859,46315,2083,1011,1072
41640,64527,18201,31060,14861,46324,2084,1011,1073
41645,64531,18203,31064,14863,46326,2084,1011,1073
41650,64541,18209,31071,14868,46332,2084,1011,1073
41655,64547,18209,31074,14868,46337,2084,1011,1073
41660,64558,18209,31078,14868,46348,2085,1012,1073
41665,64562,18209,31081,14868,46352,2085,1012,1073
41670,64572,18210,31086,14868,46362,2085,1012,1073
41675,64578,18210,31090,14868,46367,2085,1012,1073
41680,64589,18210,31097,14868,46378,2086,1012,1074
41685,64593,18210,31098,14868,46383,2086,1012,1074
41690,64603,18211,31100,14868,46392,2086,1012,1074
41695,64609,18211,31102,14868,46397,2086,1012,1074
41700,64620,18212,31106,14868,46408,2087,1012,1075
41705,64624,18212,31108,14868,46411,2087,1012,1075
41710,64634,18214,31114,14870,46419,2087,1012,1075
41715,64640,18215,31116,14871,46425,2087,1012,1075
41720,64651,18217,31123,14872,46432,2088,1013,1075
41725,64655,18218,31125,14873,46436,2088,1013,1075
41730,64665,18220,31130,14875,46445,2088,1013,1075
41735,64671,18220,31132,14875,46451,2088,1013,1075
41740,64682,18221,31138,14876,46459,2089,1013,1076
41745,64686,18224,31141,14879,46461,2089,1013,1076
41750,64696,18228,31149,14882,46467,2089,1013,1076
41755,64702,18230,31150,14883,46472,2089,1013,1076
41760,64713,18234,31159,14887,46475,2090,1014,1076
41765,64717,18237,31160,14890,46480,2090,1014,1076
41770,64727,18241,31166,14894,46485,2090,1014,1076
41775,64733,18244,31171,14897,46489,2090,1014,1076
41780,64744,18247,31179,14900,46494,2091,1015,1076
41785,64748,18250,31181,14903,46498,2091,1015,1076
41790,64758,18253,31185,14905,46504,2091,1015,1076
41795,64764,18256,31188,14908,46508,2091,1015,1076
41800,64775,18258,31194,14910,46514,2092,1016,1076
41805,64779,18261,31195,14913,46518,2092,1016,1076
41810,64789,18263,31198,14914,46526,2092,1016,1076
41815,64795,18265,31200,14916,46530,2092,1016,1076
41820,64806,18266,31204,14917,46537,2093,1016,1077
41825,64810,18268,31207,14919,46541,2093,1016,1077
41830,64820,18272,31213,14923,46547,2093,1016,1077
41835,64826,18275,31218,14926,46551,2093,1016,1077
41840,64837,18278,31222,14929,46559,2094,1016,1078
41845,64841,18278,31224,14929,46562,2094,1016,1078
41850,64851,18281,31231,14932,46569,2094,1016,1078
41855,64857,18283,31233,14934,46574,2094,1016,1078
41860,64868,18286,31239,14937,46579,2095,1016,1079
41865,64872,18288,31240,14939,46583,2095,1016,1079
41870,64882,18292,31245,14943,46589,2095,1016,1079
41875,64888,18295,31247,14945,46592,2095,1016,1079
41880,64899,18298,31254,14948,46599,2096,1017,1079
41885,64903,18301,31257,14951,46601,2096,1017,1079
41890,64913,18306,31264,14956,46607,2096,1017,1079
41895,64919,18308,31268,14958,46609,2096,1017,1079
41900,64930,18309,31274,14959,46619,2097,1018,1079
41905,64934,18310,31275,14960,46623,2097,1018,1079
41910,64944,18311,31279,14960,46632,2097,1018,1079
41915,64950,18314,31282,14963,46635,2097,1018,1079
41920,64961,18317,31286,14965,46643,2098,1018,1080
41925,64965,18317,31287,14965,46648,2098,1018,1080
41930,64975,18320,31291,14967,46655,2098,1018,1080
41935,64981,18322,31295,14968,46658,2098,1018,1080
41940,64992,18323,31300,14969,46668,2099,1019,1080
41945,64996,18324,31302,14970,46671,2099,1019,1080
41950,65006,18327,31308,14973,46677,2099,1019,1080
41955,65012,18331,31311,14977,46681,2099,1019,1080
41960,65023,18332,31316,14978,46689,2100,1020,1080
41965,65027,18333,31318,14979,46693,2100,1020,1080
41970,65037,18334,31322,14980,46703,2100,1020,1080
41975,65043,18334,31325,14980,46709,2100,1020,1080
41980,65054,18335,31330,14981,46717,2101,1021,1080
41985,65058,18337,31331,14983,46721,2101,1021,1080
41990,65068,18339,31335,14984,46728,2101,1021,1080
41995,65074,18340,31337,14985,46734,2101,1021,1080
42000,65085,18341,31339,14986,46743,2102,1021,1081
42005,65089,18342,31340,14987,46747,2102,1021,1081
42010,65099,18345,31345,14989,46754,2102,1021,1081
42015,65105,18345,31348,14989,46760,2102,1021,1081
42020,65116,18346,31350,14990,46770,2103,1021,1082
42025,65120,18347,31354,14991,46773,2103,1021,1082
42030,65130,18350,31360,14994,46779,2103,1021,1082
42035,65136,18351,31362,14995,46785,2103,1021,1082
42040,65147,18353,31368,14996,46791,2104,1021,1083
42045,65151,18355,31369,14998,46796,2104,1021,1083
42050,65161,18357,31375,14999,46804,2104,1021,1083
42055,65167,18357,31378,14999,46809,2104,1021,1083
42060,65178,18360,31382,15001,46817,2105,1022,1083
42065,65182,18361,31383,15002,46821,2105,1022,1083
42070,65192,18366,31388,15005,46825,2105,1022,1083
42075,65198,18368,31391,15006,46829,2105,1022,1083
42080,65209,18373,31396,15010,46834,2106,1022,1084
42085,65213,18375,31399,15012,46837,2106,1022,1084
42090,65223,18379,31403,15014,46844,2106,1022,1084
42095,65229,18380,31407,15015,46848,2106,1022,1084
42100,65240,18384,31412,15019,46854,2107,1022,1085
42105,65244,18387,31415,15022,46855,2107,1022,1085
42110,65254,18396,31422,15030,46857,2107,1022,1085
42115,65260,18398,31422,15031,46862,2107,1022,1085
42120,65271,18400,31426,15032,46868,2108,1023,1085
42125,65275,18402,31427,15034,46872,2108,1023,1085
42130,65285,18409,31434,15040,46874,2108,1023,1085
42135,65291,18414,31440,15045,46874,2108,1023,1085
42140,65302,18420,31445,15050,46881,2109,1023,1086
42145,65306,18420,31448,15050,46885,2109,1023,1086
42150,65316,18421,31453,15050,46894,2109,1023,1086
42155,65322,18424,31457,15053,46897,2109,1023,1086
42160,65333,18425,31462,15054,46907,2110,1024,1086
42165,65337,18425,31462,15054,46912,2110,1024,1086
42170,65347,18427,31466,15055,46920,2110,1024,1086
42175,65353,18428,31468,15056,46925,2110,1024,1086
42180,65364,18428,31472,15056,46933,2111,1024,1087
42185,65368,18429,31474,15057,46938,2111,1024,1087
42190,65378,18430,31479,15057,46947,2111,1024,1087
42195,65384,18433,31483,15060,46950,2111,1024,1087
42200,65395,18433,31490,15060,46961,2112,1025,1087
42205,65399,18433,31491,15060,46965,2112,1025,1087
42210,65409,18434,31498,15060,46974,2112,1025,1087
42215,65415,18437,31503,15062,46978,2112,1025,1087
42220,65426,18437,31509,15062,46986,2113,1025,1088
42225,65430,18438,31511,15063,46992,2113,1025,1088
42230,65440,18440,31518,15065,46999,2113,1025,1088
42235,65446,18443,31522,15068,47003,2113,1025,1088
42240,65457,18444,31526,15069,47012,2114,1026,1088
42245,65461,18444,31526,15069,47017,2114,1026,1088
42250,65471,18448,31533,15072,47023,2114,1026,1088
42255,65477,18449,31536,15072,47027,2114,1026,1088
42260,65488,18451,31540,15074,47036,2115,1027,1088
42265,65492,18453,31542,15076,47039,2115,1027,1088
42270,65502,18455,31545,15076,47047,2115,1027,1088
42275,65508,18456,31548,15076,47051,2115,1027,1088
42280,65519,18458,31552,15077,47059,2116,1028,1088
42285,65523,18460,31555,15079,47062,2116,1028,1088
42290,65533,18463,31560,15080,47070,2116,1028,1088
42295,65539,18464,31562,15081,47075,2116,1028,1088
42300,65550,18466,31567,15082,47082,2117,1029,1088
42305,65554,18469,31570,15085,47084,2117,1029,1088
42310,65564,18472,31575,15086,47092,2117,1029,1088
42315,65570,18474,31579,15087,47094,2117,1029,1088
42320,65581,18478,31583,15091,47102,2118,1030,1088
42325,65585,18479,31585,15092,47106,2118,1030,1088
42330,65595,18481,31591,15093,47114,2118,1030,1088
42335,65601,18482,31595,15094,47116,2118,1030,1088
42340,65612,18487,31603,15099,47122,2119,1031,1088
42345,65616,18490,31604,15102,47125,2119,1031,1088
42350,65626,18495,31608,15105,47130,2119,1031,1088
42355,65632,18497,31611,15107,47133,2119,1031,1088
42360,65643,18504,31618,15113,47137,2120,1032,1088
42365,65647,18507,31620,15116,47139,2120,1032,1088
42370,65657,18512,31625,15121,47144,2120,1032,1088
42375,65663,18514,31627,15122,47147,2120,1032,1088
42380,65674,18519,31633,15127,47153,2121,1033,1088
42385,65678,18521,31635,15129,47155,2121,1033,1088
42390,65688,18528,31641,15135,47159,2121,1033,1088
42395,65694,18531,31645,15138,47162,2121,1033,1088
42400,65705,18532,31650,15139,47171,2122,1033,1089
42405,65709,18534,31653,15141,47174,2122,1033,1089
42410,65719,18536,31659,15143,47182,2122,1033,1089
42415,65725,18538,31661,15145,47187,2122,1033,1089
42420,65736,18539,31663,15145,47195,2123,1033,1090
42425,65740,18541,31665,15147,47199,2123,1033,1090
42430,65750,18543,31667,15149,47207,2123,1033,1090
42435,65756,18545,31671,15151,47211,2123,1033,1090
42440,65767,18547,31676,15153,47218,2124,1034,1090
42445,65771,18548,31679,15154,47222,2124,1034,1090
42450,65781,18550,31683,15156,47230,2124,1034,1090
42455,65787,18552,31687,15158,47235,2124,1034,1090
42460,65798,18553,31692,15158,47242,2125,1035,1090
42465,65802,18554,31695,15159,47247,2125,1035,1090
42470,65812,18558,31702,15163,47252,2125,1035,1090
42475,65818,18561,31705,15165,47256,2125,1035,1090
42480,65829,18564,31708,15167,47264,2126,1035,1091
42485,65833,18565,31710,15168,47268,2126,1035,1091
42490,65843,18566,31716,15168,47276,2126,1035,1091
42495,65849,18568,31717,15169,47281,2126,1035,1091
42500,65860,18569,31723,15170,47289,2127,1036,1091
42505,65864,18569,31727,15170,47294,2127,1036,1091
42510,65874,18571,31733,15172,47303,2127,1036,1091
42515,65880,18571,31738,15172,47307,2127,1036,1091
42520,65891,18574,31744,15175,47314,2128,1037,1091
42525,65895,18576,31746,15177,47318,2128,1037,1091
42530,65905,18581,31752,15181,47324,2128,1037,1091
42535,65911,18581,31752,15181,47330,2128,1037,1091
42540,65922,18581,31756,15181,47340,2129,1037,1092
42545,65926,18581,31757,15181,47345,2129,1037,1092
42550,65936,18583,31757,15181,47353,2129,1037,1092
42555,65942,18583,31758,15181,47358,2129,1037,1092
42560,65953,18586,31767,15184,47365,2130,1038,1092
42565,65957,18587,31770,15185,47369,2130,1038,1092
42570,65967,18590,31773,15186,47377,2130,1038,1092
42575,65973,18590,31779,15186,47382,2130,1038,1092
42580,65984,18591,31785,15187,47390,2131,1038,1093
42585,65988,18592,31787,15188,47395,2131,1038,1093
42590,65998,18596,31792,15190,47402,2131,1038,1093
42595,66004,18596,31793,15190,47408,2131,1038,1093
42600,66015,18599,31799,15192,47413,2132,1039,1093
42605,66019,18601,31800,15194,47417,2132,1039,1093
42610,66029,18605,31805,15198,47422,2132,1039,1093
42615,66035,18608,31808,15200,47426,2132,1039,1093
42620,66046,18612,31813,15204,47431,2133,1039,1094
42625,66050,18614,31816,15206,47435,2133,1039,1094
42630,66060,18618,31821,15210,47442,2133,1039,1094
42635,66066,18619,31824,15211,47446,2133,1039,1094
42640,66077,18622,31827,15213,47454,2134,1040,1094
42645,66081,18624,31828,15215,47457,2134,1040,1094
42650,66091,18627,31833,15217,47464,2134,1040,1094
42655,66097,18629,31837,15218,47467,2134,1040,1094
42660,66108,18630,31844,15219,47475,2135,1041,1094
42665,66112,18633,31847,15222,47478,2135,1041,1094
42670,66122,18636,31850,15224,47486,2135,1041,1094
42675,66128,18638,31852,15225,47489,2135,1041,1094
42680,66139,18640,31859,15227,47496,2136,1041,1095
42685,66143,18642,31860,15229,47501,2136,1041,1095
42690,66153,18645,31866,15232,47508,2136,1041,1095
42695,66159,18647,31869,15233,47512,2136,1041,1095
42700,66170,18648,31871,15234,47520,2137,1041,1096
42705,66174,18649,31873,15235,47525,2137,1041,1096
42710,66184,18650,31876,15235,47532,2137,1041,1096
42715,66190,18653,31878,15237,47536,2137,1041,1096
42720,66201,18655,31882,15239,47544,2138,1042,1096
42725,66205,18656,31883,15240,47549,2138,1042,1096
42730,66215,18659,31887,15242,47556,2138,1042,1096
42735,66221,18660,31890,15243,47560,2138,1042,1096
42740,66232,18662,31895,15244,47567,2139,1043,1096
42745,66236,18664,31897,15246,47572,2139,1043,1096
42750,66246,18668,31903,15250,47577,2139,1043,1096
42755,66252,18670,31905,15251,47582,2139,1043,1096
42760,66263,18672,31912,15253,47587,2140,1044,1096
42765,66267,18674,31913,15255,47593,2140,1044,1096
42770,66277,18677,31920,15257,47599,2140,1044,1096
42775,66283,18680,31924,15259,47602,2140,1044,1096
42780,66294,18683,31929,15262,47609,2141,1045,1096
42785,66298,18684,31932,15263,47614,2141,1045,1096
42790,66308,18686,31937,15264,47621,2141,1045,1096
42795,66314,18688,31941,15266,47625,2141,1045,1096
42800,66325,18690,31946,15268,47632,2142,1045,1097
42805,66329,18692,31948,15270,47637,2142,1045,1097
42810,66339,18694,31951,15271,47645,2142,1045,1097
42815,66345,18695,31953,15271,47649,2142,1045,1097
42820,66356,18698,31956,15274,47657,2143,1046,1097
42825,66360,18698,31957,15274,47662,2143,1046,1097
42830,66370,18701,31963,15275,47668,2143,1046,1097
42835,66376,18703,31966,15276,47672,2143,1046,1097
42840,66387,18704,31970,15277,47682,2144,1046,1098
42845,66391,18705,31972,15278,47686,2144,1046,1098
42850,66401,18707,31977,15279,47693,2144,1046,1098
42855,66407,18709,31978,15280,47698,2144,1046,1098
42860,66418,18711,31983,15282,47705,2145,1046,1099
42865,66422,18713,31985,15284,47709,2145,1046,1099
42870,66432,18716,31989,15286,47715,2145,1046,1099
42875,66438,18718,31992,15288,47719,2145,1046,1099
42880,66449,18724,31999,15293,47722,2146,1046,1100
42885,66453,18727,32000,15296,47725,2146,1046,1100
42890,66463,18733,32004,15300,47729,2146,1046,1100
42895,66469,18736,32007,15303,47732,2146,1046,1100
42900,66480,18741,32014,15308,47735,2147,1046,1101
42905,66484,18744,32017,15311,47739,2147,1046,1101
42910,66494,18746,32021,15313,47748,2147,1046,1101
42915,66500,18747,32021,15313,47753,2147,1046,1101
42920,66511,18750,32029,15316,47759,2148,1047,1101
42925,66515,18751,32032,15317,47764,2148,1047,1101
42930,66525,18754,32036,15319,47771,2148,1047,1101
42935,66531,18756,32038,15320,47774,2148,1047,1101
42940,66542,18757,32042,15320,47784,2149,1048,1101
42945,66546,18757,32042,15320,47789,2149,1048,1101
42950,66556,18760,32046,15322,47796,2149,1048,1101
42955,66562,18761,32048,15322,47800,2149,1048,1101
42960,66573,18764,32053,15324,47808,2150,1049,1101
42965,66577,18764,32056,15324,47812,2150,1049,1101
42970,66587,18768,32061,15328,47819,2150,1049,1101
42975,66593,18769,32064,15329,47824,2150,1049,1101
42980,66604,18771,32069,15330,47831,2151,1049,1102
42985,66608,18773,32071,15332,47835,2151,1049,1102
42990,66618,18776,32076,15335,47841,2151,1049,1102
42995,66624,18779,32079,15337,47845,2151,1049,1102
43000,66635,18782,32084,15340,47851,2152,1050,1102
43005,66639,18784,32087,15342,47854,2152,1050,1102
43010,66649,18786,32091,15344,47863,2152,1050,1102
43015,66655,18788,32095,15345,47866,2152,1050,1102
43020,66666,18792,32100,15348,47871,2153,1050,1103
43025,66670,18795,32101,15351,47875,2153,1050,1103
43030,66680,18798,32106,15352,47881,2153,1050,1103
43035,66686,18799,32111,15353,47886,2153,1050,1103
43040,66697,18803,32119,15357,47892,2154,1051,1103
43045,66701,18804,32120,15358,47897,2154,1051,1103
43050,66711,18806,32127,15359,47905,2154,1051,1103
43055,66717,18806,32129,15359,47911,2154,1051,1103
43060,66728,18807,32135,15360,47919,2155,1052,1103
43065,66732,18808,32135,15361,47924,2155,1052,1103
43070,66742,18810,32140,15362,47932,2155,1052,1103
43075,66748,18810,32144,15362,47937,2155,1052,1103
43080,66759,18812,32146,15364,47946,2156,1052,1104
43085,66763,18813,32148,15365,47950,2156,1052,1104
43090,66773,18815,32153,15366,47958,2156,1052,1104
43095,66779,18815,32157,15366,47963,2156,1052,1104
43100,66790,18817,32161,15368,47972,2157,1052,1105
43105,66794,18818,32163,15369,47976,2157,1052,1105
43110,66804,18820,32170,15371,47984,2157,1052,1105
43115,66810,18820,32173,15371,47989,2157,1052,1105
43120,66821,18821,32178,15372,47998,2158,1053,1105
43125,66825,18823,32179,15374,48002,2158,1053,1105
43130,66835,18825,32184,15376,48010,2158,1053,1105
43135,66841,18827,32189,15378,48012,2158,1053,1105
43140,66852,18831,32195,15382,48019,2159,1054,1105
43145,66856,18833,32197,15384,48022,2159,1054,1105
43150,66866,18839,32203,15389,48027,2159,1054,1105
43155,66872,18840,32206,15390,48031,2159,1054,1105
43160,66883,18841,32210,15391,48039,2160,1054,1106
43165,66887,18843,32212,15393,48044,2160,1054,1106
43170,66897,18845,32217,15395,48052,2160,1054,1106
43175,66903,18847,32221,15396,48055,2160,1054,1106
43180,66914,18848,32222,15396,48064,2161,1054,1107
43185,66918,18850,32224,15398,48068,2161,1054,1107
43190,66928,18853,32230,15401,48074,2161,1054,1107
43195,66934,18856,32232,15403,48077,2161,1054,1107
43200,66945,18859,32240,15406,48084,2162,1054,1108
43205,66949,18860,32241,15407,48088,2162,1054,1108
43210,66959,18861,32243,15407,48098,2162,1054,1108
43215,66965,18862,32246,15408,48102,2162,1054,1108
43220,66976,18865,32255,15410,48107,2163,1055,1108
43225,66980,18869,32257,15414,48111,2163,1055,1108
43230,66990,18871,32261,15415,48119,2163,1055,1108
43235,66996,18872,32263,15415,48123,2163,1055,1108
43240,67007,18874,32272,15417,48129,2164,1056,1108
43245,67011,18876,32273,15419,48134,2164,1056,1108
43250,67021,18879,32277,15421,48140,2164,1056,1108
43255,67027,18883,32280,15424,48142,2164,1056,1108
43260,67038,18888,32288,15428,48146,2165,1056,1109
43265,67042,18891,32290,15431,48151,2165,1056,1109
43270,67052,18895,32296,15434,48157,2165,1056,1109
43275,67058,18896,32300,15435,48162,2165,1056,1109
43280,67069,18897,32305,15436,48171,2166,1057,1109
43285,67073,18898,32308,15437,48175,2166,1057,1109
43290,67083,18900,32312,15438,48183,2166,1057,1109
43295,67089,18902,32315,15439,48186,2166,1057,1109
43300,67100,18904,32322,15441,48194,2167,1058,1109
43305,67104,18905,32323,15442,48199,2167,1058,1109
43310,67114,18908,32328,15444,48206,2167,1058,1109
43315,67120,18909,32329,15445,48211,2167,1058,1109
43320,67131,18909,32332,15445,48221,2168,1058,1110
43325,67135,18910,32333,15446,48225,2168,1058,1110
43330,67145,18912,32342,15448,48233,2168,1058,1110
43335,67151,18913,32345,15449,48238,2168,1058,1110
43340,67162,18914,32351,15450,48246,2169,1059,1110
43345,67166,18915,32354,15451,48251,2169,1059,1110
43350,67176,18917,32361,15452,48259,2169,1059,1110
43355,67182,18918,32364,15453,48263,2169,1059,1110
43360,67193,18921,32370,15456,48271,2170,1060,1110
43365,67197,18921,32372,15456,48274,2170,1060,1110
43370,67207,18927,32377,15460,48280,2170,1060,1110
43375,67213,18929,32378,15461,48284,2170,1060,1110
43380,67224,18930,32383,15462,48291,2171,1061,1110
43385,67228,18934,32384,15466,48294,2171,1061,1110
43390,67238,18938,32389,15469,48299,2171,1061,1110
43395,67244,18940,32391,15470,48303,2171,1061,1110
43400,67255,18944,32394,15474,48311,2172,1061,1111
43405,67259,18946,32398,15476,48311,2172,1061,1111
43410,67269,18952,32405,15482,48317,2172,1061,1111
43415,67275,18953,32406,15482,48321,2172,1061,1111
43420,67286,18956,32408,15484,48329,2173,1061,1112
43425,67290,18957,32410,15485,48333,2173,1061,1112
43430,67300,18959,32418,15486,48340,2173,1061,1112
43435,67306,18962,32422,15489,48343,2173,1061,1112
43440,67317,18963,32427,15490,48352,2174,1061,1113
43445,67321,18965,32429,15492,48355,2174,1061,1113
43450,67331,18966,32434,15493,48364,2174,1061,1113
43455,67337,18969,32437,15495,48368,2174,1061,1113
43460,67348,18971,32444,15497,48375,2175,1062,1113
43465,67352,18973,32447,15499,48378,2175,1062,1113
43470,67362,18974,32449,15499,48388,2175,1062,1113
43475,67368,18975,32453,15500,48392,2175,1062,1113
43480,67379,18976,32457,15500,48401,2176,1063,1113
43485,67383,18977,32457,15501,48406,2176,1063,1113
43490,67393,18979,32463,15502,48414,2176,1063,1113
43495,67399,18981,32466,15504,48418,2176,1063,1113
43500,67410,18983,32471,15505,48425,2177,1064,1113
43505,67414,18984,32472,15506,48430,2177,1064,1113
43510,67424,18986,32477,15508,48438,2177,1064,1113
43515,67430,18987,32479,15508,48443,2177,1064,1113
43520,67441,18990,32486,15510,48450,2178,1065,1113
43525,67445,18990,32487,15510,48455,2178,1065,1113
43530,67455,18994,32492,15513,48461,2178,1065,1113
43535,67461,18995,32495,15514,48466,2178,1065,1113
43540,67472,18996,32500,15514,48471,2179,1065,1114
43545,67476,19000,32502,15518,48476,2179,1065,1114
43550,67486,19003,32507,15520,48482,2179,1065,1114
43555,67492,19005,32511,15522,48486,2179,1065,1114
43560,67503,19008,32514,15524,48494,2180,1066,1114
43565,67507,19010,32515,15526,48497,2180,1066,1114
43570,67517,19014,32520,15529,48502,2180,1066,1114
43575,67523,19017,32523,15532,48506,2180,1066,1114
43580,67534,19019,32528,15534,48513,2181,1067,1114
43585,67538,19022,32530,15537,48515,2181,1067,1114
43590,67548,19028,32534,15541,48519,2181,1067,1114
43595,67554,19031,32537,15543,48521,2181,1067,1114
43600,67565,19037,32544,15548,48524,2182,1067,1115
43605,67569,19043,32546,15554,48526,2182,1067,1115
43610,67579,19048,32552,15558,48531,2182,1067,1115
43615,67585,19051,32556,15561,48533,2182,1067,1115
43620,67596,19054,32564,15564,48540,2183,1068,1115
43625,67600,19056,32565,15566,48544,2183,1068,1115
43630,67610,19060,32572,15570,48550,2183,1068,1115
43635,67616,19062,32576,15571,48553,2183,1068,1115
43640,67627,19063,32582,15572,48563,2184,1068,1116
43645,67631,19064,32586,15573,48566,2184,1068,1116
43650,67641,19065,32589,15573,48576,2184,1068,1116
43655,67647,19067,32593,15575,48580,2184,1068,1116
43660,67658,19067,32596,15575,48591,2185,1069,1116
43665,67662,19067,32597,15575,48595,2185,1069,1116
43670,67672,19069,32601,15576,48602,2185,1069,1116
43675,67678,19072,32605,15578,48606,2185,1069,1116
43680,67689,19072,32610,15578,48617,2186,1069,1117
43685,67693,19072,32612,15578,48621,2186,1069,1117
43690,67703,19073,32612,15578,48630,2186,1069,1117
43695,67709,19074,32615,15578,48635,2186,1069,1117
43700,67720,19074,32618,15578,48646,2187,1069,1118
43705,67724,19074,32620,15578,48650,2187,1069,1118
43710,67734,19077,32627,15581,48656,2187,1069,1118
43715,67740,19080,32632,15583,48659,2187,1069,1118
43720,67751,19081,32636,15584,48668,2188,1069,1119
43725,67755,19083,32638,15586,48671,2188,1069,1119
43730,67765,19084,32642,15587,48680,2188,1069,1119
43735,67771,19086,32645,15588,48685,2188,1069,1119
43740,67782,19087,32649,15588,48692,2189,1069,1120
43745,67786,19090,32651,15591,48696,2189,1069,1120
43750,67796,19092,32656,15593,48703,2189,1069,1120
43755,67802,19094,32659,15595,48708,2189,1069,1120
43760,67813,19097,32664,15597,48713,2190,1069,1121
43765,67817,19099,32665,15599,48717,2190,1069,1121
43770,67827,19104,32668,15603,48723,2190,1069,1121
43775,67833,19106,32672,15605,48727,2190,1069,1121
43780,67844,19107,32675,15605,48735,2191,1070,1121
43785,67848,19110,32678,15608,48737,2191,1070,1121
43790,67858,19113,32681,15610,48745,2191,1070,1121
43795,67864,19114,32684,15610,48749,2191,1070,1121
43800,67875,19117,32687,15613,48757,2192,1070,1122
43805,67879,19119,32690,15615,48759,2192,1070,1122
43810,67889,19124,32696,15619,48764,2192,1070,1122
43815,67895,19126,32698,15621,48769,2192,1070,1122
43820,67906,19131,32707,15626,48772,2193,1071,1122
43825,67910,19135,32709,15630,48775,2193,1071,1122
43830,67920,19140,32715,15634,48779,2193,1071,1122
43835,67926,19142,32718,15635,48783,2193,1071,1122
43840,67937,19145,32725,15638,48788,2194,1072,1122
43845,67941,19149,32726,15642,48791,2194,1072,1122
43850,67951,19152,32727,15643,48798,2194,1072,1122
43855,67957,19155,32730,15645,48800,2194,1072,1122
43860,67968,19159,32735,15648,48805,2195,1072,1123
43865,67972,19163,32736,15652,48809,2195,1072,1123
43870,67982,19165,32742,15653,48817,2195,1072,1123
43875,67988,19165,32745,15653,48823,2195,1072,1123
43880,67999,19167,32752,15654,48830,2196,1072,1124
43885,68003,19169,32754,15656,48834,2196,1072,1124
43890,68013,19171,32759,15657,48841,2196,1072,1124
43895,68019,19172,32764,15658,48846,2196,1072,1124
43900,68030,19174,32768,15660,48856,2197,1072,1125
43905,68034,19175,32770,15661,48859,2197,1072,1125
43910,68044,19176,32775,15661,48868,2197,1072,1125
43915,68050,19176,32777,15661,48874,2197,1072,1125
43920,68061,19176,32782,15661,48884,2198,1073,1125
43925,68065,19176,32784,15661,48889,2198,1073,1125
43930,68075,19177,32790,15662,48898,2198,1073,1125
43935,68081,19177,32792,15662,48903,2198,1073,1125
43940,68092,19177,32795,15662,48913,2199,1073,1126
43945,68096,19177,32797,15662,48918,2199,1073,1126
43950,68106,19178,32799,15662,48928,2199,1073,1126
43955,68112,19178,32802,15662,48933,2199,1073,1126
43960,68123,19179,32808,15663,48943,2200,1074,1126
43965,68127,19180,32811,15664,48946,2200,1074,1126
43970,68137,19181,32815,15665,48956,2200,1074,1126
43975,68143,19182,32817,15665,48959,2200,1074,1126
43980,68154,19184,32820,15667,48968,2201,1074,1127
43985,68158,19185,32822,15668,48973,2201,1074,1127
43990,68168,19187,32827,15668,48980,2201,1074,1127
43995,68174,19190,32832,15671,48983,2201,1074,1127
44000,68185,19193,32841,15674,48990,2202,1075,1127
44005,68189,19195,32842,15676,48994,2202,1075,1127
44010,68199,19198,32845,15678,49001,2202,1075,1127
44015,68205,19199,32846,15678,49006,2202,1075,1127
44020,68216,19201,32850,15679,49013,2203,1076,1127
44025,68220,19202,32852,15680,49018,2203,1076,1127
44030,68230,19206,32859,15684,49023,2203,1076,1127
44035,68236,19208,32860,15685,49028,2203,1076,1127
44040,68247,19211,32865,15688,49034,2204,1076,1128
44045,68251,19213,32868,15690,49038,2204,1076,1128
44050,68261,19217,32875,15694,49042,2204,1076,1128
44055,68267,19220,32877,15696,49046,2204,1076,1128
44060,68278,19223,32883,15699,49052,2205,1077,1128
44065,68282,19227,32884,15703,49055,2205,1077,1128
44070,68292,19231,32887,15705,49061,2205,1077,1128
44075,68298,19233,32888,15706,49065,2205,1077,1128
44080,68309,19236,32894,15708,49070,2206,1078,1128
44085,68313,19239,32896,15711,49074,2206,1078,1128
44090,68323,19242,32901,15713,49080,2206,1078,1128
44095,68329,19244,32903,15714,49083,2206,1078,1128
44100,68340,19250,32907,15719,49089,2207,1078,1129
44105,68344,19252,32909,15721,49091,2207,1078,1129
44110,68354,19258,32914,15727,49096,2207,1078,1129
44115,68360,19260,32916,15728,49099,2207,1078,1129
44120,68371,19263,32918,15730,49107,2208,1078,1130
44125,68375,19265,32920,15732,49109,2208,1078,1130
44130,68385,19271,32925,15737,49114,2208,1078,1130
44135,68391,19272,32927,15738,49118,2208,1078,1130
44140,68402,19277,32933,15743,49124,2209,1078,1131
44145,68406,19279,32936,15745,49125,2209,1078,1131
44150,68416,19284,32940,15748,49131,2209,1078,1131
44155,68422,19286,32941,15750,49136,2209,1078,1131
44160,68433,19286,32947,15750,49146,2210,1079,1131
44165,68437,19286,32951,15750,49150,2210,1079,1131
44170,68447,19287,32957,15751,49160,2210,1079,1131
44175,68453,19288,32961,15752,49163,2210,1079,1131
44180,68464,19288,32966,15752,49175,2211,1080,1131
44185,68468,19288,32968,15752,49179,2211,1080,1131
44190,68478,19289,32975,15752,49189,2211,1080,1131
44195,68484,19290,32978,15753,49194,2211,1080,1131
44200,68495,19291,32983,15754,49203,2212,1080,1132
44205,68499,19291,32984,15754,49208,2212,1080,1132
44210,68509,19293,32990,15756,49216,2212,1080,1132
44215,68515,19295,32994,15758,49220,2212,1080,1132
44220,68526,19295,32999,15758,49229,2213,1080,1133
44225,68530,19296,33001,15759,49234,2213,1080,1133
44230,68540,19297,33003,15759,49243,2213,1080,1133
44235,68546,19298,33006,15759,49247,2213,1080,1133
44240,68557,19299,33011,15760,49256,2214,1080,1134
44245,68561,19300,33012,15761,49261,2214,1080,1134
44250,68571,19302,33018,15762,49268,2214,1080,1134
44255,68577,19304,33019,15763,49273,2214,1080,1134
44260,68588,19305,33024,15764,49281,2215,1081,1134
44265,68592,19307,33024,15766,49285,2215,1081,1134
44270,68602,19310,33027,15767,49291,2215,1081,1134
44275,68608,19313,33031,15769,49293,2215,1081,1134
44280,68619,19316,33037,15772,49300,2216,1082,1134
44285,68623,19318,33039,15774,49304,2216,1082,1134
44290,68633,19321,33043,15776,49311,2216,1082,1134
44295,68639,19324,33047,15779,49315,2216,1082,1134
44300,68650,19326,33052,15780,49321,2217,1083,1134
44305,68654,19330,33055,15784,49323,2217,1083,1134
44310,68664,19334,33058,15786,49329,2217,1083,1134
44315,68670,19337,33063,15789,49333,2217,1083,1134
44320,68681,19340,33066,15791,49340,2218,1083,1135
44325,68685,19342,33068,15793,49343,2218,1083,1135
44330,68695,19344,33073,15795,49349,2218,1083,1135
44335,68701,19348,33077,15799,49353,2218,1083,1135
44340,68712,19352,33084,15802,49357,2219,1084,1135
44345,68716,19357,33088,15807,49358,2219,1084,1135
44350,68726,19362,33092,15811,49363,2219,1084,1135
44355,68732,19365,33097,15814,49366,2219,1084,1135
44360,68743,19368,33100,15817,49373,2220,1084,1136
44365,68747,19371,33103,15820,49376,2220,1084,1136
44370,68757,19375,33109,15824,49381,2220,1084,1136
44375,68763,19378,33112,15826,49384,2220,1084,1136
44380,68774,19382,33117,15829,49388,2221,1084,1137
44385,68778,19384,33119,15831,49393,2221,1084,1137
44390,68788,19387,33121,15832,49401,2221,1084,1137
44395,68794,19389,33123,15833,49404,2221,1084,1137
44400,68805,19391,33129,15835,49413,2222,1085,1137
44405,68809,19391,33131,15835,49417,2222,1085,1137
44410,68819,19395,33136,15837,49424,2222,1085,1137
44415,68825,19396,33138,15838,49429,2222,1085,1137
44420,68836,19396,33144,15838,49439,2223,1085,1138
44425,68840,19396,33146,15838,49443,2223,1085,1138
44430,68850,19400,33150,15841,49450,2223,1085,1138
44435,68856,19401,33152,15842,49454,2223,1085,1138
44440,68867,19404,33157,15845,49460,2224,1085,1139
44445,68871,19406,33159,15847,49464,2224,1085,1139
44450,68881,19409,33162,15850,49472,2224,1085,1139
44455,68887,19409,33165,15850,49477,2224,1085,1139
44460,68898,19409,33170,15850,49488,2225,1086,1139
44465,68902,19409,33172,15850,49493,2225,1086,1139
44470,68912,19410,33178,15851,49502,2225,1086,1139
44475,68918,19410,33180,15851,49508,2225,1086,1139
44480,68929,19410,33185,15851,49518,2226,1087,1139
44485,68933,19410,33187,15851,49523,2226,1087,1139
44490,68943,19411,33191,15851,49531,2226,1087,1139
44495,68949,19412,33193,15852,49535,2226,1087,1139
44500,68960,19414,33198,15854,49544,2227,1088,1139
44505,68964,19415,33199,15855,49548,2227,1088,1139
44510,68974,19416,33201,15855,49558,2227,1088,1139
44515,68980,19417,33202,15855,49562,2227,1088,1139
44520,68991,19418,33210,15855,49569,2228,1089,1139
44525,68995,19421,33212,15858,49573,2228,1089,1139
44530,69005,19424,33216,15860,49580,2228,1089,1139
44535,69011,19426,33217,15862,49585,2228,1089,1139
44540,69022,19428,33221,15863,49592,2229,1089,1140
44545,69026,19431,33223,15866,49594,2229,1089,1140
44550,69036,19432,33224,15866,49603,2229,1089,1140
44555,69042,19434,33227,15867,49606,2229,1089,1140
44560,69053,19438,33232,15870,49612,2230,1089,1141
44565,69057,19440,33235,15872,49616,2230,1089,1141
44570,69067,19443,33238,15874,49624,2230,1089,1141
44575,69073,19445,33240,15875,49628,2230,1089,1141
44580,69084,19447,33243,15877,49636,2231,1090,1141
44585,69088,19447,33245,15877,49640,2231,1090,1141
44590,69098,19450,33249,15880,49648,2231,1090,1141
44595,69104,19452,33251,15881,49651,2231,1090,1141
44600,69115,19454,33256,15883,49659,2232,1091,1141
44605,69119,19456,33258,15885,49663,2232,1091,1141
44610,69129,19458,33261,15886,49670,2232,1091,1141
44615,69135,19461,33264,15888,49673,2232,1091,1141
44620,69146,19465,33273,15892,49677,2233,1092,1141
44625,69150,19470,33276,15897,49680,2233,1092,1141
44630,69160,19474,33282,15900,49685,2233,1092,1141
44635,69166,19476,33286,15901,49689,2233,1092,1141
44640,69177,19479,33290,15903,49694,2234,1092,1142
44645,69181,19481,33290,15905,49700,2234,1092,1142
44650,69191,19484,33294,15907,49706,2234,1092,1142
44655,69197,19486,33297,15908,49710,2234,1092,1142
44660,69208,19491,33302,15912,49715,2235,1093,1142
44665,69212,19492,33304,15913,49720,2235,1093,1142
44670,69222,19496,33309,15916,49725,2235,1093,1142
44675,69228,19498,33314,15918,49730,2235,1093,1142
44680,69239,19502,33321,15922,49734,2236,1093,1143
44685,69243,19505,33324,15925,49737,2236,1093,1143
44690,69253,19509,33327,15928,49744,2236,1093,1143
44695,69259,19510,33329,15928,49749,2236,1093,1143
44700,69270,19512,33335,15929,49755,2237,1094,1143
44705,69274,19515,33336,15932,49759,2237,1094,1143
44710,69284,19519,33339,15934,49765,2237,1094,1143
44715,69290,19520,33340,15934,49769,2237,1094,1143
44720,69301,19523,33346,15937,49776,2238,1095,1143
44725,69305,19524,33346,15938,49781,2238,1095,1143
44730,69315,19525,33351,15938,49790,2238,1095,1143
44735,69321,19526,33353,15938,49794,2238,1095,1143
44740,69332,19527,33359,15939,49803,2239,1095,1144
44745,69336,19527,33362,15939,49808,2239,1095,1144
44750,69346,19528,33368,15940,49817,2239,1095,1144
44755,69352,19530,33371,15942,49821,2239,1095,1144
44760,69363,19531,33376,15943,49830,2240,1095,1145
44765,69367,19531,33379,15943,49836,2240,1095,1145
44770,69377,19532,33383,15944,49845,2240,1095,1145
44775,69383,19533,33384,15944,49850,2240,1095,1145
44780,69394,19533,33388,15944,49860,2241,1096,1145
44785,69398,19533,33391,15944,49864,2241,1096,1145
44790,69408,19534,33396,15945,49874,2241,1096,1145
44795,69414,19536,33399,15947,49877,2241,1096,1145
44800,69425,19536,33401,15947,49888,2242,1096,1146
44805,69429,19536,33402,15947,49893,2242,1096,1146
44810,69439,19539,33407,15949,49900,2242,1096,1146
44815,69445,19541,33411,15950,49903,2242,1096,1146
44820,69456,19544,33417,15952,49910,2243,1096,1147
44825,69460,19544,33417,15952,49916,2243,1096,1147
44830,69470,19548,33421,15955,49921,2243,1096,1147
44835,69476,19551,33423,15957,49925,2243,1096,1147
44840,69487,19553,33428,15958,49930,2244,1096,1148
44845,69491,19556,33430,15961,49934,2244,1096,1148
44850,69501,19560,33436,15963,49940,2244,1096,1148
44855,69507,19562,33441,15965,49943,2244,1096,1148
44860,69518,19565,33448,15968,49949,2245,1097,1148
44865,69522,19567,33450,15970,49955,2245,1097,1148
44870,69532,19570,33454,15973,49962,2245,1097,1148
44875,69538,19571,33456,15974,49967,2245,1097,1148
44880,69549,19572,33458,15974,49975,2246,1097,1149
44885,69553,19574,33459,15976,49979,2246,1097,1149
44890,69563,19577,33467,15979,49984,2246,1097,1149
44895,69569,19581,33470,15982,49987,2246,1097,1149
44900,69580,19583,33475,15984,49993,2247,1098,1149
44905,69584,19586,33476,15987,49998,2247,1098,1149
44910,69594,19590,33481,15990,50004,2247,1098,1149
44915,69600,19592,33483,15991,50007,2247,1098,1149
44920,69611,19594,33484,15992,50015,2248,1098,1150
44925,69615,19596,33486,15994,50019,2248,1098,1150
44930,69625,19600,33490,15996,50024,2248,1098,1150
44935,69631,19603,33493,15998,50028,2248,1098,1150
44940,69642,19605,33498,16000,50035,2249,1099,1150
44945,69646,19609,33502,16004,50036,2249,1099,1150
44950,69656,19613,33505,16006,50042,2249,1099,1150
44955,69662,19615,33508,16008,50047,2249,1099,1150
44960,69673,19617,33513,16010,50053,2250,1099,1151
44965,69677,19620,33516,16013,50056,2250,1099,1151
44970,69687,19626,33521,16018,50060,2250,1099,1151
44975,69693,19630,33524,16021,50062,2250,1099,1151
44980,69704,19632,33528,16023,50070,2251,1099,1152
44985,69708,19634,33531,16025,50073,2251,1099,1152
44990,69718,19639,33536,16029,50079,2251,1099,1152
44995,69724,19641,33538,16031,50083,2251,1099,1152
45000,69735,19644,33545,16034,50087,2252,1099,1153
45005,69739,19647,33546,16037,50091,2252,1099,1153
45010,69749,19652,33550,16041,50097,2252,1099,1153
45015,69755,19655,33553,16044,50100,2252,1099,1153
45020,69766,19656,33559,16045,50109,2253,1099,1154
45025,69770,19656,33559,16045,50114,2253,1099,1154
45030,69780,19658,33566,16047,50122,2253,1099,1154
45035,69786,19660,33570,16049,50125,2253,1099,1154
45040,69797,19660,33574,16049,50135,2254,1099,1155
45045,69801,19660,33576,16049,50140,2254,1099,1155
45050,69811,19662,33581,16050,50148,2254,1099,1155
45055,69817,19664,33584,16051,50152,2254,1099,1155
45060,69828,19664,33589,16051,50162,2255,1099,1156
45065,69832,19664,33590,16051,50168,2255,1099,1156
45070,69842,19665,33592,16052,50177,2255,1099,1156
45075,69848,19667,33596,16054,50181,2255,1099,1156
45080,69859,19670,33603,16057,50187,2256,1100,1156
45085,69863,19672,33604,16059,50190,2256,1100,1156
45090,69873,19674,33607,16061,50198,2256,1100,1156
45095,69879,19677,33612,16064,50202,2256,1100,1156
45100,69890,19678,33614,16064,50211,2257,1100,1157
45105,69894,19680,33617,16066,50214,2257,1100,1157
45110,69904,19683,33625,16069,50220,2257,1100,1157
45115,69910,19684,33629,16070,50226,2257,1100,1157
45120,69921,19685,33634,16071,50235,2258,1100,1158
45125,69925,19687,33636,16073,50238,2258,1100,1158
45130,69935,19689,33640,16074,50246,2258,1100,1158
45135,69941,19689,33644,16074,50252,2258,1100,1158
45140,69952,19691,33651,16076,50257,2259,1101,1158
45145,69956,19694,33653,16079,50262,2259,1101,1158
45150,69966,19696,33656,16080,50269,2259,1101,1158
45155,69972,19697,33661,16081,50274,2259,1101,1158
45160,69983,19702,33667,16085,50279,2260,1101,1159
45165,69987,19706,33671,16089,50280,2260,1101,1159
45170,69997,19711,33677,16092,50286,2260,1101,1159
45175,70003,19711,33681,16092,50291,2260,1101,1159
45180,70014,19714,33686,16094,50297,2261,1102,1159
45185,70018,19715,33687,16095,50303,2261,1102,1159
45190,70028,19717,33690,16096,50310,2261,1102,1159
45195,70034,19718,33693,16097,50316,2261,1102,1159
45200,70045,19720,33698,16098,50320,2262,1102,1160
45205,70049,19726,33702,16104,50321,2262,1102,1160
45210,70059,19733,33707,16110,50325,2262,1102,1160
45215,70065,19736,33711,16113,50327,2262,1102,1160
45220,70076,19741,33717,16118,50331,2263,1102,1161
45225,70080,19743,33718,16120,50337,2263,1102,1161
45230,70090,19745,33722,16122,50345,2263,1102,1161
45235,70096,19746,33725,16123,50349,2263,1102,1161
45240,70107,19747,33733,16124,50357,2264,1102,1162
45245,70111,19748,33735,16125,50363,2264,1102,1162
45250,70121,19749,33738,16126,50372,2264,1102,1162
45255,70127,19750,33739,16126,50376,2264,1102,1162
45260,70138,19751,33746,16127,50385,2265,1102,1163
45265,70142,19751,33748,16127,50390,2265,1102,1163
45270,70152,19752,33753,16128,50400,2265,1102,1163
45275,70158,19753,33756,16128,50403,2265,1102,1163
45280,70169,19753,33763,16128,50414,2266,1103,1163
45285,70173,19753,33765,16128,50419,2266,1103,1163
45290,70183,19754,33770,16128,50429,2266,1103,1163
45295,70189,19755,33771,16128,50434,2266,1103,1163
45300,70200,19755,33775,16128,50444,2267,1104,1163
45305,70204,19755,33777,16128,50448,2267,1104,1163
45310,70214,19756,33781,16129,50458,2267,1104,1163
45315,70220,19757,33783,16129,50463,2267,1104,1163
45320,70231,19758,33790,16130,50472,2268,1105,1163
45325,70235,19758,33791,16130,50477,2268,1105,1163
45330,70245,19759,33797,16131,50486,2268,1105,1163
45335,70251,19760,33799,16132,50491,2268,1105,1163
45340,70262,19764,33805,16136,50497,2269,1105,1164
45345,70266,19765,33805,16137,50501,2269,1105,1164
45350,70276,19767,33807,16137,50508,2269,1105,1164
45355,70282,19770,33810,16139,50512,2269,1105,1164
45360,70293,19772,33814,16140,50518,2270,1106,1164
45365,70297,19774,33815,16142,50523,2270,1106,1164
45370,70307,19776,33819,16143,50529,2270,1106,1164
45375,70313,19779,33821,16146,50534,2270,1106,1164
45380,70324,19782,33827,16148,50540,2271,1107,1164
45385,70328,19785,33829,16151,50543,2271,1107,1164
45390,70338,19789,33834,16154,50547,2271,1107,1164
45395,70344,19792,33835,16156,50551,2271,1107,1164
45400,70355,19795,33839,16158,50557,2272,1107,1165
45405,70359,19799,33841,16162,50559,2272,1107,1165
45410,70369,19804,33846,16167,50564,2272,1107,1165
45415,70375,19808,33851,16171,50565,2272,1107,1165
45420,70386,19812,33856,16175,50571,2273,1107,1166
45425,70390,19815,33858,16178,50573,2273,1107,1166
45430,70400,19821,33862,16183,50578,2273,1107,1166
45435,70406,19825,33865,16187,50581,2273,1107,1166
45440,70417,19828,33869,16189,50586,2274,1107,1167
45445,70421,19831,33872,16192,50588,2274,1107,1167
45450,70431,19837,33875,16196,50593,2274,1107,1167
45455,70437,19840,33877,16198,50597,2274,1107,1167
45460,70448,19842,33884,16200,50604,2275,1108,1167
45465,70452,19843,33887,16201,50608,2275,1108,1167
45470,70462,19845,33891,16202,50617,2275,1108,1167
45475,70468,19846,33892,16202,50622,2275,1108,1167
45480,70479,19848,33899,16203,50628,2276,1109,1167
45485,70483,19851,33899,16206,50632,2276,1109,1167
45490,70493,19854,33906,16209,50637,2276,1109,1167
45495,70499,19857,33909,16211,50642,2276,1109,1167
45500,70510,19858,33912,16211,50649,2277,1109,1168
45505,70514,19860,33914,16213,50654,2277,1109,1168
45510,70524,19862,33918,16214,50662,2277,1109,1168
45515,70530,19863,33921,16214,50667,2277,1109,1168
45520,70541,19866,33929,16216,50671,2278,1110,1168
45525,70545,19869,33931,16219,50676,2278,1110,1168
45530,70555,19870,33936,16220,50684,2278,1110,1168
45535,70561,19873,33940,16222,50688,2278,1110,1168
45540,70572,19873,33945,16222,50697,2279,1110,1169
45545,70576,19874,33946,16223,50702,2279,1110,1169
45550,70586,19875,33951,16223,50710,2279,1110,1169
45555,70592,19877,33954,16224,50715,2279,1110,1169
45560,70603,19879,33961,16226,50721,2280,1111,1169
45565,70607,19881,33962,16228,50726,2280,1111,1169
45570,70617,19883,33968,16230,50734,2280,1111,1169
45575,70623,19885,33971,16231,50738,2280,1111,1169
45580,70634,19886,33975,16232,50746,2281,1112,1169
45585,70638,19887,33975,16233,50751,2281,1112,1169
45590,70648,19890,33980,16235,50757,2281,1112,1169
45595,70654,19892,33981,16237,50762,2281,1112,1169
45600,70665,19894,33986,16239,50769,2282,1112,1170
45605,70669,19895,33987,16240,50774,2282,1112,1170
45610,70679,19899,33991,16243,50780,2282,1112,1170
45615,70685,19901,33993,16245,50784,2282,1112,1170
45620,70696,19903,33998,16247,50791,2283,1112,1171
45625,70700,19906,34000,16250,50794,2283,1112,1171
45630,70710,19912,34006,16254,50796,2283,1112,1171
45635,70716,19916,34008,16257,50799,2283,1112,1171
45640,70727,19919,34011,16259,50807,2284,1113,1171
45645,70731,19921,34014,16261,50808,2284,1113,1171
45650,70741,19926,34017,16265,50815,2284,1113,1171
45655,70747,19927,34019,16265,50820,2284,1113,1171
45660,70758,19929,34023,16266,50828,2285,1114,1171
45665,70762,19931,34026,16268,50830,2285,1114,1171
45670,70772,19933,34031,16269,50837,2285,1114,1171
45675,70778,19937,34035,16272,50840,2285,1114,1171
45680,70789,19939,34041,16273,50847,2286,1114,1172
45685,70793,19941,34043,16275,50851,2286,1114,1172
45690,70803,19943,34044,16276,50860,2286,1114,1172
45695,70809,19944,34048,16277,50864,2286,1114,1172
45700,70820,19945,34054,16278,50873,2287,1114,1173
45705,70824,19947,34057,16280,50876,2287,1114,1173
45710,70834,19949,34063,16282,50883,2287,1114,1173
45715,70840,19952,34066,16285,50887,2287,1114,1173
45720,70851,19954,34073,16287,50893,2288,1114,1174
45725,70855,19958,34076,16291,50897,2288,1114,1174
45730,70865,19961,34082,16294,50902,2288,1114,1174
45735,70871,19964,34085,16296,50907,2288,1114,1174
45740,70882,19966,34090,16298,50915,2289,1115,1174
45745,70886,19967,34094,16299,50919,2289,1115,1174
45750,70896,19969,34098,16300,50926,2289,1115,1174
45755,70902,19971,34101,16302,50931,2289,1115,1174
45760,70913,19973,34104,16304,50940,2290,1115,1175
45765,70917,19974,34106,16305,50943,2290,1115,1175
45770,70927,19977,34110,16308,50950,2290,1115,1175
45775,70933,19978,34114,16309,50954,2290,1115,1175
45780,70944,19982,34122,16313,50959,2291,1116,1175
45785,70948,19984,34123,16315,50964,2291,1116,1175
45790,70958,19986,34128,16316,50972,2291,1116,1175
45795,70964,19986,34129,16316,50978,2291,1116,1175
45800,70975,19988,34136,16318,50985,2292,1117,1175
45805,70979,19989,34139,16319,50990,2292,1117,1175
45810,70989,19991,34144,16319,50998,2292,1117,1175
45815,70995,19991,34147,16319,51003,2292,1117,1175
45820,71006,19993,34153,16321,51011,2293,1117,1176
45825,71010,19993,34154,16321,51017,2293,1117,1176
45830,71020,19996,34157,16322,51024,2293,1117,1176
45835,71026,19997,34160,16323,51028,2293,1117,1176
45840,71037,19999,34164,16325,51038,2294,1118,1176
45845,71041,20000,34167,16326,51039,2294,1118,1176
45850,71051,20007,34173,16332,51044,2294,1118,1176
45855,71057,20008,34176,16333,51048,2294,1118,1176
45860,71068,20011,34180,16336,51057,2295,1118,1177
45865,71072,20011,34182,16336,51061,2295,1118,1177
45870,71082,20012,34187,16337,51070,2295,1118,1177
45875,71088,20012,34188,16337,51075,2295,1118,1177
45880,71099,20013,34192,16337,51085,2296,1118,1178
45885,71103,20014,34194,16338,51088,2296,1118,1178
45890,71113,20015,34198,16338,51096,2296,1118,1178
45895,71119,20019,34201,16342,51099,2296,1118,1178
45900,71130,20021,34206,16344,51108,2297,1119,1178
45905,71134,20023,34209,16346,51111,2297,1119,1178
45910,71144,20026,34217,16349,51116,2297,1119,1178
45915,71150,20029,34221,16351,51120,2297,1119,1178
45920,71161,20031,34228,16352,51128,2298,1120,1178
45925,71165,20034,34231,16355,51131,2298,1120,1178
45930,71175,20037,34236,16358,51136,2298,1120,1178
45935,71181,20041,34238,16362,51140,2298,1120,1178
45940,71192,20043,34242,16363,51148,2299,1121,1178
45945,71196,20044,34244,16364,51151,2299,1121,1178
45950,71206,20047,34250,16366,51157,2299,1121,1178
45955,71212,20051,34255,16370,51160,2299,1121,1178
45960,71223,20052,34261,16371,51169,2300,1122,1178
45965,71227,20054,34262,16373,51173,2300,1122,1178
45970,71237,20057,34265,16374,51180,2300,1122,1178
45975,71243,20059,34266,16375,51184,2300,1122,1178
45980,71254,20061,34273,16376,51188,2301,1123,1178
45985,71258,20066,34277,16381,51191,2301,1123,1178
45990,71268,20071,34283,16385,51196,2301,1123,1178
45995,71274,20073,34286,16387,51200,2301,1123,1178
46000,71285,20078,34293,16391,51204,2302,1124,1178
46005,71289,20081,34296,16394,51207,2302,1124,1178
46010,71299,20086,34300,16397,51212,2302,1124,1178
46015,71305,20089,34302,16400,51216,2302,1124,1178
46020,71316,20091,34308,16402,51223,2303,1125,1178
46025,71320,20092,34308,16403,51228,2303,1125,1178
46030,71330,20094,34313,16404,51236,2303,1125,1178
46035,71336,20094,34317,16404,51242,2303,1125,1178
46040,71347,20094,34321,16404,51252,2304,1125,1179
46045,71351,20095,34324,16405,51255,2304,1125,1179
46050,71361,20098,34331,16408,51263,2304,1125,1179
46055,71367,20098,34334,16408,51269,2304,1125,1179
46060,71378,20098,34339,16408,51279,2305,1126,1179
46065,71382,20100,34341,16410,51282,2305,1126,1179
46070,71392,20102,34344,16410,51290,2305,1126,1179
46075,71398,20102,34348,16410,51295,2305,1126,1179
46080,71409,20103,34351,16411,51305,2306,1127,1179
46085,71413,20104,34352,16412,51309,2306,1127,1179
46090,71423,20106,34354,16413,51317,2306,1127,1179
46095,71429,20106,34355,16413,51323,2306,1127,1179
46100,71440,20107,34361,16414,51332,2307,1127,1180
46105,71444,20107,34363,16414,51337,2307,1127,1180
46110,71454,20110,34367,16417,51344,2307,1127,1180
46115,71460,20110,34371,16417,51349,2307,1127,1180
46120,71471,20114,34376,16420,51356,2308,1128,1180
46125,71475,20115,34377,16421,51359,2308,1128,1180
46130,71485,20121,34382,16426,51363,2308,1128,1180
46135,71491,20124,34385,16428,51365,2308,1128,1180
46140,71502,20128,34391,16432,51370,2309,1128,1181
46145,71506,20132,34393,16436,51373,2309,1128,1181
46150,71516,20134,34398,16438,51381,2309,1128,1181
46155,71522,20136,34402,16440,51385,2309,1128,1181
46160,71533,20138,34409,16441,51393,2310,1129,1181
46165,71537,20140,34411,16443,51396,2310,1129,1181
46170,71547,20141,34413,16443,51405,2310,1129,1181
46175,71553,20143,34414,16444,51410,2310,1129,1181
46180,71564,20146,34424,16447,51416,2311,1130,1181
46185,71568,20148,34426,16449,51420,2311,1130,1181
46190,71578,20149,34430,16450,51429,2311,1130,1181
46195,71584,20150,34431,16450,51434,2311,1130,1181
46200,71595,20152,34435,16451,51442,2312,1130,1182
46205,71599,20152,34437,16451,51446,2312,1130,1182
46210,71609,20154,34445,16453,51454,2312,1130,1182
46215,71615,20156,34450,16455,51459,2312,1130,1182
46220,71626,20158,34456,16457,51466,2313,1130,1183
46225,71630,20159,34457,16458,51471,2313,1130,1183
46230,71640,20160,34460,16459,51480,2313,1130,1183
46235,71646,20161,34461,16459,51485,2313,1130,1183
46240,71657,20164,34467,16462,51491,2314,1130,1184
46245,71661,20166,34470,16464,51495,2314,1130,1184
46250,71671,20168,34473,16465,51502,2314,1130,1184
46255,71677,20171,34475,16467,51505,2314,1130,1184
46260,71688,20175,34481,16471,51511,2315,1130,1185
46265,71692,20177,34483,16473,51515,2315,1130,1185
46270,71702,20180,34486,16475,51522,2315,1130,1185
46275,71708,20182,34489,16477,51526,2315,1130,1185
46280,71719,20184,34494,16478,51533,2316,1131,1185
46285,71723,20186,34497,16480,51537,2316,1131,1185
46290,71733,20190,34500,16482,51542,2316,1131,1185
46295,71739,20192,34501,16483,51547,2316,1131,1185
46300,71750,20195,34506,16486,51554,2317,1132,1185
46305,71754,20196,34507,16487,51558,2317,1132,1185
46310,71764,20199,34510,16488,51565,2317,1132,1185
46315,71770,20200,34513,16489,51570,2317,1132,1185
46320,71781,20202,34519,16491,51576,2318,1132,1186
46325,71785,20205,34522,16494,51579,2318,1132,1186
46330,71795,20209,34527,16496,51585,2318,1132,1186
46335,71801,20211,34529,16497,51590,2318,1132,1186
46340,71812,20212,34532,16498,51599,2319,1132,1187
46345,71816,20212,34534,16498,51602,2319,1132,1187
46350,71826,20219,34540,16505,51607,2319,1132,1187
46355,71832,20221,34542,16506,51610,2319,1132,1187
46360,71843,20222,34549,16507,51617,2320,1133,1187
46365,71847,20226,34550,16511,51621,2320,1133,1187
46370,71857,20229,34554,16513,51627,2320,1133,1187
46375,71863,20231,34556,16514,51630,2320,1133,1187
46380,71874,20235,34562,16518,51638,2321,1134,1187
46385,71878,20236,34565,16519,51641,2321,1134,1187
46390,71888,20240,34569,16522,51647,2321,1134,1187
46395,71894,20242,34573,16524,51650,2321,1134,1187
46400,71905,20243,34579,16525,51659,2322,1134,1188
46405,71909,20244,34580,16526,51665,2322,1134,1188
46410,71919,20246,34585,16528,51672,2322,1134,1188
46415,71925,20248,34587,16529,51676,2322,1134,1188
46420,71936,20251,34594,16532,51683,2323,1134,1189
46425,71940,20252,34595,16533,51687,2323,1134,1189
46430,71950,20253,34599,16534,51695,2323,1134,1189
46435,71956,20257,34602,16538,51699,2323,1134,1189
46440,71967,20260,34608,16540,51705,2324,1134,1190
46445,71971,20261,34611,16541,51710,2324,1134,1190
46450,71981,20264,34618,16544,51716,2324,1134,1190
46455,71987,20267,34621,16547,51720,2324,1134,1190
46460,71998,20268,34623,16547,51729,2325,1134,1191
46465,72002,20269,34624,16548,51733,2325,1134,1191
46470,72012,20272,34628,16551,51740,2325,1134,1191
46475,72018,20273,34630,16552,51745,2325,1134,1191
46480,72029,20274,34634,16553,51753,2326,1134,1192
46485,72033,20275,34635,16554,51758,2326,1134,1192
46490,72043,20277,34641,16555,51764,2326,1134,1192
46495,72049,20280,34643,16558,51769,2326,1134,1192
46500,72060,20283,34647,16560,51775,2327,1134,1193
46505,72064,20285,34649,16562,51779,2327,1134,1193
46510,72074,20287,34652,16563,51786,2327,1134,1193
46515,72080,20289,34655,16564,51790,2327,1134,1193
46520,72091,20294,34663,16569,51794,2328,1134,1194
46525,72095,20296,34664,16571,51798,2328,1134,1194
46530,72105,20301,34670,16575,51804,2328,1134,1194
46535,72111,20301,34671,16575,51810,2328,1134,1194
46540,72122,20303,34677,16576,51815,2329,1134,1195
46545,72126,20307,34680,16580,51817,2329,1134,1195
46550,72136,20313,34684,16584,51822,2329,1134,1195
46555,72142,20314,34685,16585,51827,2329,1134,1195
46560,72153,20316,34689,16587,51836,2330,1134,1196
46565,72157,20319,34693,16590,51836,2330,1134,1196
46570,72167,20325,34698,16594,51841,2330,1134,1196
46575,72173,20326,34700,16595,51845,2330,1134,1196
46580,72184,20331,34707,16600,51850,2331,1135,1196
46585,72188,20333,34708,16602,51855,2331,1135,1196
46590,72198,20334,34714,16603,51864,2331,1135,1196
46595,72204,20334,34717,16603,51869,2331,1135,1196
46600,72215,20334,34722,16603,51881,2332,1136,1196
46605,72219,20334,34723,16603,51885,2332,1136,1196
46610,72229,20335,34728,16604,51894,2332,1136,1196
46615,72235,20335,34730,16604,51900,2332,1136,1196
46620,72246,20335,34736,16604,51911,2333,1137,1196
46625,72250,20335,34738,16604,51914,2333,1137,1196
46630,72260,20336,34744,16604,51923,2333,1137,1196
46635,72266,20339,34747,16607,51926,2333,1137,1196
46640,72277,20339,34752,16607,51936,2334,1137,1197
46645,72281,20340,34755,16608,51941,2334,1137,1197
46650,72291,20341,34758,16609,51950,2334,1137,1197
46655,72297,20342,34763,16610,51954,2334,1137,1197
46660,72308,20343,34770,16611,51963,2335,1137,1198
46665,72312,20344,34774,16612,51967,2335,1137,1198
46670,72322,20346,34782,16614,51975,2335,1137,1198
46675,72328,20348,34783,16615,51979,2335,1137,1198
46680,72339,20349,34788,16616,51988,2336,1137,1199
46685,72343,20350,34788,16617,51993,2336,1137,1199
46690,72353,20353,34793,16620,52000,2336,1137,1199
46695,72359,20354,34794,16620,52005,2336,1137,1199
46700,72370,20355,34799,16621,52012,2337,1137,1200
46705,72374,20359,34803,16625,52014,2337,1137,1200
46710,72384,20363,34810,16628,52019,2337,1137,1200
46715,72390,20367,34813,16632,52022,2337,1137,1200
46720,72401,20370,34818,16635,52029,2338,1138,1200
46725,72405,20371,34820,16636,52033,2338,1138,1200
46730,72415,20376,34825,16639,52039,2338,1138,1200
46735,72421,20378,34828,16640,52042,2338,1138,1200
46740,72432,20383,34834,16645,52047,2339,1138,1201
46745,72436,20385,34835,16647,52050,2339,1138,1201
46750,72446,20389,34840,16650,52056,2339,1138,1201
46755,72452,20391,34842,16651,52060,2339,1138,1201
46760,72463,20395,34849,16654,52064,2340,1139,1201
46765,72467,20400,34851,16659,52066,2340,1139,1201
46770,72477,20405,34858,16663,52071,2340,1139,1201
46775,72483,20408,34862,16666,52074,2340,1139,1201
46780,72494,20412,34867,16670,52080,2341,1139,1202
46785,72498,20414,34869,16672,52083,2341,1139,1202
46790,72508,20419,34874,16675,52088,2341,1139,1202
46795,72514,20421,34878,16676,52092,2341,1139,1202
46800,72525,20426,34886,16680,52095,2342,1140,1202
46805,72529,20430,34888,16684,52099,2342,1140,1202
46810,72539,20433,34894,16686,52106,2342,1140,1202
46815,72545,20435,34896,16687,52109,2342,1140,1202
46820,72556,20438,34902,16690,52115,2343,1140,1203
46825,72560,20439,34904,16691,52120,2343,1140,1203
46830,72570,20442,34907,16693,52127,2343,1140,1203
46835,72576,20445,34911,16696,52130,2343,1140,1203
46840,72587,20446,34914,16697,52137,2344,1140,1204
46845,72591,20449,34915,16700,52141,2344,1140,1204
46850,72601,20452,34919,16702,52149,2344,1140,1204
46855,72607,20454,34923,16704,52151,2344,1140,1204
46860,72618,20454,34927,16704,52163,2345,1140,1205
46865,72622,20454,34928,16704,52168,2345,1140,1205
46870,72632,20455,34931,16704,52177,2345,1140,1205
46875,72638,20455,34935,16704,52181,2345,1140,1205
46880,72649,20455,34942,16704,52193,2346,1141,1205
46885,72653,20455,34944,16704,52198,2346,1141,1205
46890,72663,20456,34949,16704,52207,2346,1141,1205
46895,72669,20456,34953,16704,52212,2346,1141,1205
46900,72680,20456,34955,16704,52223,2347,1141,1206
46905,72684,20456,34958,16704,52227,2347,1141,1206
46910,72694,20458,34965,16706,52235,2347,1141,1206
46915,72700,20459,34969,16707,52241,2347,1141,1206
46920,72711,20461,34976,16708,52248,2348,1142,1206
46925,72715,20462,34978,16709,52252,2348,1142,1206
46930,72725,20465,34985,16711,52259,2348,1142,1206
46935,72731,20466,34988,16712,52264,2348,1142,1206
46940,72742,20467,34996,16713,52272,2349,1142,1207
46945,72746,20470,34999,16716,52275,2349,1142,1207
46950,72756,20473,35004,16718,52283,2349,1142,1207
46955,72762,20473,35006,16718,52288,2349,1142,1207
46960,72773,20477,35012,16722,52293,2350,1143,1207
46965,72777,20478,35015,16723,52298,2350,1143,1207
46970,72787,20482,35024,16727,52304,2350,1143,1207
46975,72793,20484,35027,16729,52308,2350,1143,1207
46980,72804,20487,35034,16731,52314,2351,1144,1207
46985,72808,20490,35037,16734,52318,2351,1144,1207
46990,72818,20493,35040,16735,52324,2351,1144,1207
46995,72824,20495,35042,16736,52328,2351,1144,1207
47000,72835,20497,35048,16738,52335,2352,1145,1207
47005,72839,20498,35051,16739,52341,2352,1145,1207
47010,72849,20500,35056,16740,52349,2352,1145,1207
47015,72855,20501,35058,16741,52354,2352,1145,1207
47020,72866,20503,35063,16743,52361,2353,1145,1208
47025,72870,20503,35065,16743,52367,2353,1145,1208
47030,72880,20505,35070,16744,52375,2353,1145,1208
47035,72886,20506,35071,16744,52379,2353,1145,1208
47040,72897,20509,35077,16747,52386,2354,1145,1209
47045,72901,20509,35079,16747,52392,2354,1145,1209
47050,72911,20511,35084,16747,52400,2354,1145,1209
47055,72917,20513,35088,16748,52403,2354,1145,1209
47060,72928,20517,35096,16752,52408,2355,1146,1209
47065,72932,20519,35098,16754,52412,2355,1146,1209
47070,72942,20522,35101,16756,52420,2355,1146,1209
47075,72948,20523,35103,16757,52425,2355,1146,1209
47080,72959,20523,35107,16757,52433,2356,1146,1210
47085,72963,20526,35109,16760,52436,2356,1146,1210
47090,72973,20530,35111,16763,52443,2356,1146,1210
47095,72979,20532,35116,16765,52444,2356,1146,1210
47100,72990,20537,35122,16770,52449,2357,1146,1211
47105,72994,20540,35123,16773,52454,2357,1146,1211
47110,73004,20543,35129,16776,52460,2357,1146,1211
47115,73010,20545,35129,16777,52465,2357,1146,1211
47120,73021,20546,35135,16778,52471,2358,1147,1211
47125,73025,20549,35136,16781,52476,2358,1147,1211
47130,73035,20552,35140,16783,52481,2358,1147,1211
47135,73041,20556,35144,16787,52483,2358,1147,1211
47140,73052,20557,35152,16788,52491,2359,1148,1211
47145,73056,20561,35155,16792,52494,2359,1148,1211
47150,73066,20564,35159,16794,52502,2359,1148,1211
47155,73072,20565,35162,16794,52505,2359,1148,1211
47160,73083,20567,35165,16796,52515,2360,1148,1212
47165,73087,20568,35165,16797,52519,2360,1148,1212
47170,73097,20572,35172,16801,52524,2360,1148,1212
47175,73103,20574,35174,16802,52528,2360,1148,1212
47180,73114,20575,35179,16802,52537,2361,1148,1213
47185,73118,20576,35180,16803,52542,2361,1148,1213
47190,73128,20579,35186,16805,52548,2361,1148,1213
47195,73134,20581,35189,16806,52553,2361,1148,1213
47200,73145,20583,35194,16808,52560,2362,1148,1214
47205,73149,20585,35196,16810,52564,2362,1148,1214
47210,73159,20587,35200,16812,52571,2362,1148,1214
47215,73165,20590,35204,16815,52575,2362,1148,1214
47220,73176,20592,35211,16817,52582,2363,1149,1214
47225,73180,20593,35213,16818,52587,2363,1149,1214
47230,73190,20595,35216,16818,52594,2363,1149,1214
47235,73196,20598,35219,16821,52598,2363,1149,1214
47240,73207,20599,35226,16822,52604,2364,1149,1215
47245,73211,20601,35227,16824,52610,2364,1149,1215
47250,73221,20604,35231,16825,52617,2364,1149,1215
47255,73227,20605,35234,16826,52622,2364,1149,1215
47260,73238,20605,35239,16826,52630,2365,1150,1215
47265,73242,20607,35241,16828,52635,2365,1150,1215
47270,73252,20609,35247,16830,52643,2365,1150,1215
47275,73258,20610,35248,16830,52648,2365,1150,1215
47280,73269,20611,35254,16831,52655,2366,1151,1215
47285,73273,20613,35256,16833,52660,2366,1151,1215
47290,73283,20616,35262,16835,52667,2366,1151,1215
47295,73289,20618,35265,16836,52670,2366,1151,1215
47300,73300,20619,35268,16837,52678,2367,1151,1216
47305,73304,20621,35270,16839,52682,2367,1151,1216
47310,73314,20627,35276,16844,52686,2367,1151,1216
47315,73320,20631,35279,16847,52689,2367,1151,1216
47320,73331,20634,35283,16849,52695,2368,1151,1217
47325,73335,20636,35286,16851,52698,2368,1151,1217
47330,73345,20641,35292,16856,52702,2368,1151,1217
47335,73351,20644,35294,16859,52707,2368,1151,1217
47340,73362,20647,35301,16862,52713,2369,1152,1217
47345,73366,20650,35303,16865,52716,2369,1152,1217
47350,73376,20654,35307,16868,52721,2369,1152,1217
47355,73382,20656,35308,16870,52726,2369,1152,1217
47360,73393,20661,35316,16875,52729,2370,1153,1217
47365,73397,20664,35318,16878,52733,2370,1153,1217
47370,73407,20668,35321,16881,52739,2370,1153,1217
47375,73413,20670,35324,16883,52743,2370,1153,1217
47380,73424,20671,35328,16883,52749,2371,1153,1218
47385,73428,20674,35329,16886,52753,2371,1153,1218
47390,73438,20678,35333,16888,52758,2371,1153,1218
47395,73444,20683,35338,16893,52759,2371,1153,1218
47400,73455,20685,35343,16895,52766,2372,1153,1219
47405,73459,20687,35345,16897,52771,2372,1153,1219
47410,73469,20690,35350,16900,52778,2372,1153,1219
47415,73475,20692,35354,16902,52781,2372,1153,1219
47420,73486,20694,35359,16903,52789,2373,1153,1220
47425,73490,20698,35362,16907,52792,2373,1153,1220
47430,73500,20700,35367,16909,52800,2373,1153,1220
47435,73506,20702,35371,16911,52804,2373,1153,1220
47440,73517,20703,35376,16912,52813,2374,1154,1220
47445,73521,20704,35378,16913,52817,2374,1154,1220
47450,73531,20706,35382,16914,52825,2374,1154,1220
47455,73537,20708,35386,16915,52828,2374,1154,1220
47460,73548,20711,35396,16918,52834,2375,1155,1220
47465,73552,20712,35399,16919,52840,2375,1155,1220
47470,73562,20714,35404,16920,52848,2375,1155,1220
47475,73568,20716,35405,16921,52852,2375,1155,1220
47480,73579,20716,35412,16921,52861,2376,1156,1220
47485,73583,20716,35414,16921,52867,2376,1156,1220
47490,73593,20717,35419,16922,52876,2376,1156,1220
47495,73599,20717,35422,16922,52881,2376,1156,1220
47500,73610,20717,35428,16922,52891,2377,1157,1220
47505,73614,20717,35430,16922,52897,2377,1157,1220
47510,73624,20719,35436,16923,52905,2377,1157,1220
47515,73630,20719,35438,16923,52911,2377,1157,1220
47520,73641,20720,35446,16924,52919,2378,1158,1220
47525,73645,20721,35449,16925,52923,2378,1158,1220
47530,73655,20723,35452,16925,52932,2378,1158,1220
47535,73661,20723,35457,16925,52938,2378,1158,1220
47540,73672,20724,35463,16926,52946,2379,1159,1220
47545,73676,20724,35465,16926,52952,2379,1159,1220
47550,73686,20726,35471,16927,52960,2379,1159,1220
47555,73692,20726,35471,16927,52966,2379,1159,1220
47560,73703,20728,35475,16929,52974,2380,1159,1221
47565,73707,20729,35476,16930,52978,2380,1159,1221
47570,73717,20731,35480,16932,52986,2380,1159,1221
47575,73723,20731,35482,16932,52992,2380,1159,1221
47580,73734,20734,35487,16935,52998,2381,1160,1221
47585,73738,20736,35490,16937,53001,2381,1160,1221
47590,73748,20739,35493,16939,53008,2381,1160,1221
47595,73754,20742,35498,16942,53011,2381,1160,1221
47600,73765,20745,35501,16944,53018,2382,1160,1222
47605,73769,20746,35502,16945,53022,2382,1160,1222
47610,73779,20749,35505,16947,53029,2382,1160,1222
47615,73785,20752,35508,16949,53033,2382,1160,1222
47620,73796,20756,35514,16953,53037,2383,1160,1223
47625,73800,20759,35517,16956,53040,2383,1160,1223
47630,73810,20764,35523,16961,53045,2383,1160,1223
47635,73816,20767,35526,16964,53049,2383,1160,1223
47640,73827,20769,35531,16966,53056,2384,1161,1223
47645,73831,20773,35535,16970,53056,2384,1161,1223
47650,73841,20780,35539,16975,53060,2384,1161,1223
47655,73847,20783,35542,16977,53062,2384,1161,1223
47660,73858,20787,35546,16981,53068,2385,1161,1224
47665,73862,20789,35546,16983,53073,2385,1161,1224
47670,73872,20790,35548,16983,53082,2385,1161,1224
47675,73878,20792,35553,16985,53084,2385,1161,1224
47680,73889,20794,35561,16987,53092,2386,1162,1224
47685,73893,20797,35563,16990,53095,2386,1162,1224
47690,73903,20799,35566,16991,53103,2386,1162,1224
47695,73909,20802,35570,16994,53106,2386,1162,1224
47700,73920,20804,35575,16996,53114,2387,1163,1224
47705,73924,20804,35577,16996,53120,2387,1163,1224
47710,73934,20806,35583,16998,53126,2387,1163,1224
47715,73940,20809,35585,17001,53131,2387,1163,1224
47720,73951,20812,35589,17003,53137,2388,1164,1224
47725,73955,20813,35590,17004,53142,2388,1164,1224
47730,73965,20815,35594,17005,53150,2388,1164,1224
47735,73971,20817,35596,17007,53154,2388,1164,1224
47740,73982,20819,35601,17008,53160,2389,1164,1225
47745,73986,20822,35604,17011,53163,2389,1164,1225
47750,73996,20826,35610,17015,53169,2389,1164,1225
47755,74002,20829,35614,17017,53173,2389,1164,1225
47760,74013,20831,35617,17018,53181,2390,1164,1226
47765,74017,20832,35619,17019,53185,2390,1164,1226
47770,74027,20834,35625,17020,53192,2390,1164,1226
47775,74033,20837,35629,17022,53194,2390,1164,1226
47780,74044,20839,35636,17024,53202,2391,1165,1226
47785,74048,20841,35638,17026,53206,2391,1165,1226
47790,74058,20844,35641,17028,53213,2391,1165,1226
47795,74064,20846,35644,17029,53216,2391,1165,1226
47800,74075,20849,35651,17032,53223,2392,1165,1227
47805,74079,20850,35653,17033,53229,2392,1165,1227
47810,74089,20852,35660,17034,53236,2392,1165,1227
47815,74095,20854,35660,17035,53241,2392,1165,1227
47820,74106,20857,35665,17038,53248,2393,1165,1228
47825,74110,20858,35666,17039,53252,2393,1165,1228
47830,74120,20860,35671,17041,53260,2393,1165,1228
47835,74126,20860,35674,17041,53265,2393,1165,1228
47840,74137,20861,35677,17042,53274,2394,1165,1229
47845,74141,20862,35678,17043,53279,2394,1165,1229
47850,74151,20864,35683,17045,53287,2394,1165,1229
47855,74157,20864,35686,17045,53293,2394,1165,1229
47860,74168,20864,35693,17045,53301,2395,1166,1229
47865,74172,20866,35695,17047,53306,2395,1166,1229
47870,74182,20869,35700,17050,53313,2395,1166,1229
47875,74188,20869,35704,17050,53318,2395,1166,1229
47880,74199,20873,35709,17053,53323,2396,1166,1230
47885,74203,20876,35710,17056,53327,2396,1166,1230
47890,74213,20879,35712,17057,53333,2396,1166,1230
47895,74219,20880,35716,17058,53339,2396,1166,1230
47900,74230,20882,35719,17059,53347,2397,1167,1230
47905,74234,20883,35721,17060,53351,2397,1167,1230
47910,74244,20886,35726,17061,53357,2397,1167,1230
47915,74250,20887,35726,17062,53363,2397,1167,1230
47920,74261,20890,35732,17065,53369,2398,1167,1231
47925,74265,20891,35733,17066,53373,2398,1167,1231
47930,74275,20897,35738,17072,53378,2398,1167,1231
47935,74281,20899,35740,17073,53381,2398,1167,1231
47940,74292,20904,35746,17077,53385,2399,1167,1232
47945,74296,20908,35748,17081,53387,2399,1167,1232
47950,74306,20911,35749,17082,53395,2399,1167,1232
47955,74312,20912,35750,17082,53399,2399,1167,1232
47960,74323,20917,35756,17086,53405,2400,1167,1233
47965,74327,20918,35757,17087,53409,2400,1167,1233
47970,74337,20921,35761,17089,53416,2400,1167,1233
47975,74343,20922,35764,17090,53421,2400,1167,1233
47980,74354,20925,35771,17092,53428,2401,1168,1233
47985,74358,20927,35774,17094,53430,2401,1168,1233
47990,74368,20929,35780,17096,53439,2401,1168,1233
47995,74374,20930,35784,17096,53442,2401,1168,1233
48000,74385,20931,35791,17097,53452,2402,1169,1233
48005,74389,20931,35793,17097,53457,2402,1169,1233
48010,74399,20932,35796,17097,53467,2402,1169,1233
48015,74405,20933,35800,17097,53470,2402,1169,1233
48020,74416,20934,35805,17098,53482,2403,1169,1234
48025,74420,20934,35807,17098,53486,2403,1169,1234
48030,74430,20935,35812,17099,53495,2403,1169,1234
48035,74436,20936,35816,17100,53499,2403,1169,1234
48040,74447,20937,35822,17101,53509,2404,1170,1234
48045,74451,20937,35825,17101,53514,2404,1170,1234
48050,74461,20939,35833,17103,53521,2404,1170,1234
48055,74467,20941,35835,17105,53526,2404,1170,1234
48060,74478,20942,35840,17106,53535,2405,1170,1235
48065,74482,20942,35844,17106,53539,2405,1170,1235
48070,74492,20945,35851,17108,53546,2405,1170,1235
48075,74498,20947,35852,17109,53551,2405,1170,1235
48080,74509,20947,35857,17109,53561,2406,1170,1236
48085,74513,20948,35859,17110,53565,2406,1170,1236
48090,74523,20950,35867,17112,53571,2406,1170,1236
48095,74529,20953,35869,17114,53575,2406,1170,1236
48100,74540,20955,35874,17116,53581,2407,1170,1237
48105,74544,20959,35877,17120,53585,2407,1170,1237
48110,74554,20963,35880,17122,53591,2407,1170,1237
48115,74560,20965,35882,17123,53595,2407,1170,1237
48120,74571,20967,35886,17125,53603,2408,1170,1238
48125,74575,20969,35888,17127,53606,2408,1170,1238
48130,74585,20972,35893,17130,53612,2408,1170,1238
48135,74591,20974,35896,17132,53617,2408,1170,1238
48140,74602,20975,35900,17132,53623,2409,1170,1239
48145,74606,20978,35900,17135,53628,2409,1170,1239
48150,74616,20982,35906,17137,53633,2409,1170,1239
48155,74622,20984,35908,17139,53638,2409,1170,1239
48160,74633,20988,35913,17142,53643,2410,1170,1240
48165,74637,20990,35916,17144,53646,2410,1170,1240
48170,74647,20994,35919,17146,53651,2410,1170,1240
48175,74653,20997,35922,17149,53656,2410,1170,1240
48180,74664,21001,35929,17152,53660,2411,1171,1240
48185,74668,21005,35932,17156,53661,2411,1171,1240
48190,74678,21010,35937,17161,53666,2411,1171,1240
48195,74684,21015,35941,17165,53667,2411,1171,1240
48200,74695,21019,35945,17168,53673,2412,1171,1241
48205,74699,21023,35949,17172,53674,2412,1171,1241
48210,74709,21030,35954,17177,53679,2412,1171,1241
48215,74715,21032,35958,17178,53680,2412,1171,1241
48220,74726,21036,35964,17182,53689,2413,1172,1241
48225,74730,21037,35965,17183,53692,2413,1172,1241
48230,74740,21043,35971,17187,53696,2413,1172,1241
48235,74746,21045,35973,17188,53699,2413,1172,1241
48240,74757,21047,35977,17190,53710,2414,1172,1242
48245,74761,21047,35979,17190,53714,2414,1172,1242
48250,74771,21049,35984,17191,53722,2414,1172,1242
48255,74777,21050,35987,17192,53727,2414,1172,1242
48260,74788,21051,35991,17193,53737,2415,1172,1243
48265,74792,21051,35993,17193,53740,2415,1172,1243
48270,74802,21052,35999,17194,53749,2415,1172,1243
48275,74808,21054,36002,17195,53754,2415,1172,1243
48280,74819,21055,36008,17196,53763,2416,1172,1244
48285,74823,21055,36010,17196,53768,2416,1172,1244
48290,74833,21056,36015,17197,53776,2416,1172,1244
48295,74839,21059,36018,17199,53780,2416,1172,1244
48300,74850,21059,36021,17199,53791,2417,1172,1245
48305,74854,21059,36022,17199,53795,2417,1172,1245
48310,74864,21061,36028,17200,53802,2417,1172,1245
48315,74870,21063,36031,17202,53807,2417,1172,1245
48320,74881,21065,36037,17204,53813,2418,1172,1246
48325,74885,21067,36040,17206,53818,2418,1172,1246
48330,74895,21068,36042,17207,53827,2418,1172,1246
48335,74901,21070,36043,17208,53831,2418,1172,1246
48340,74912,21071,36047,17208,53840,2419,1173,1246
48345,74916,21073,36050,17210,53842,2419,1173,1246
48350,74926,21078,36057,17214,53847,2419,1173,1246
48355,74932,21081,36061,17217,53850,2419,1173,1246
48360,74943,21085,36065,17220,53857,2420,1174,1246
48365,74947,21088,36068,17223,53859,2420,1174,1246
48370,74957,21092,36074,17225,53864,2420,1174,1246
48375,74963,21095,36077,17227,53867,2420,1174,1246
48380,74974,21098,36083,17229,53872,2421,1175,1246
48385,74978,21102,36085,17233,53874,2421,1175,1246
48390,74988,21109,36090,17238,53879,2421,1175,1246
48395,74994,21109,36091,17238,53884,2421,1175,1246
48400,75005,21111,36096,17239,53891,2422,1176,1246
48405,75009,21116,36098,17244,53893,2422,1176,1246
48410,75019,21120,36104,17248,53899,2422,1176,1246
48415,75025,21121,36107,17249,53904,2422,1176,1246
48420,75036,21125,36112,17252,53910,2423,1176,1247
48425,75040,21128,36114,17255,53912,2423,1176,1247
48430,75050,21129,36119,17256,53920,2423,1176,1247
48435,75056,21130,36123,17257,53924,2423,1176,1247
48440,75067,21132,36130,17259,53932,2424,1176,1248
48445,75071,21134,36130,17261,53937,2424,1176,1248
48450,75081,21136,36134,17262,53944,2424,1176,1248
48455,75087,21137,36137,17263,53948,2424,1176,1248
48460,75098,21137,36144,17263,53959,2425,1177,1248
48465,75102,21137,36146,17263,53964,2425,1177,1248
48470,75112,21138,36151,17263,53974,2425,1177,1248
48475,75118,21138,36153,17263,53980,2425,1177,1248
48480,75129,21138,36157,17263,53989,2426,1178,1248
48485,75133,21139,36158,17264,53994,2426,1178,1248
48490,75143,21141,36163,17265,54001,2426,1178,1248
48495,75149,21144,36167,17268,54005,2426,1178,1248
48500,75160,21145,36173,17269,54013,2427,1179,1248
48505,75164,21146,36175,17270,54017,2427,1179,1248
48510,75174,21147,36177,17270,54027,2427,1179,1248
48515,75180,21149,36180,17271,54031,2427,1179,1248
48520,75191,21150,36187,17272,54041,2428,1180,1248
48525,75195,21150,36189,17272,54044,2428,1180,1248
48530,75205,21151,36194,17272,54054,2428,1180,1248
48535,75211,21153,36197,17273,54058,2428,1180,1248
48540,75222,21155,36203,17275,54066,2429,1181,1248
48545,75226,21155,36205,17275,54071,2429,1181,1248
48550,75236,21157,36208,17275,54078,2429,1181,1248
48555,75242,21160,36212,17278,54082,2429,1181,1248
48560,75253,21162,36217,17280,54089,2430,1182,1248
48565,75257,21163,36218,17281,54094,2430,1182,1248
48570,75267,21167,36222,17284,54100,2430,1182,1248
48575,75273,21169,36227,17286,54104,2430,1182,1248
48580,75284,21173,36236,17289,54106,2431,1183,1248
48585,75288,21179,36240,17295,54108,2431,1183,1248
48590,75298,21184,36246,17300,54114,2431,1183,1248
48595,75304,21186,36249,17302,54117,2431,1183,1248
48600,75315,21190,36252,17305,54124,2432,1183,1249
48605,75319,21193,36255,17308,54125,2432,1183,1249
48610,75329,21198,36261,17312,54130,2432,1183,1249
48615,75335,21200,36266,17314,54134,2432,1183,1249
48620,75346,21203,36271,17317,54140,2433,1183,1250
48625,75350,21207,36274,17321,54142,2433,1183,1250
48630,75360,21212,36279,17325,54148,2433,1183,1250
48635,75366,21214,36283,17327,54150,2433,1183,1250
48640,75377,21219,36290,17331,54154,2434,1183,1251
48645,75381,21224,36291,17336,54157,2434,1183,1251
48650,75391,21229,36297,17340,54161,2434,1183,1251
48655,75397,21230,36299,17341,54166,2434,1183,1251
48660,75408,21234,36304,17344,54174,2435,1184,1251
48665,75412,21234,36306,17344,54176,2435,1184,1251
48670,75422,21237,36310,17346,54184,2435,1184,1251
48675,75428,21238,36312,17347,54190,2435,1184,1251
48680,75439,21238,36318,17347,54200,2436,1184,1252
48685,75443,21238,36321,17347,54204,2436,1184,1252
48690,75453,21239,36325,17347,54214,2436,1184,1252
48695,75459,21239,36327,17347,54220,2436,1184,1252
48700,75470,21239,36332,17347,54229,2437,1185,1252
48705,75474,21239,36334,17347,54234,2437,1185,1252
48710,75484,21240,36337,17348,54244,2437,1185,1252
48715,75490,21240,36338,17348,54250,2437,1185,1252
48720,75501,21240,36347,17348,54259,2438,1186,1252
48725,75505,21240,36347,17348,54265,2438,1186,1252
48730,75515,21241,36351,17348,54274,2438,1186,1252
48735,75521,21241,36353,17348,54280,2438,1186,1252
48740,75532,21241,36357,17348,54289,2439,1186,1253
48745,75536,21241,36358,17348,54295,2439,1186,1253
48750,75546,21242,36365,17349,54304,2439,1186,1253
48755,75552,21243,36368,17349,54308,2439,1186,1253
48760,75563,21244,36373,17350,54319,2440,1186,1254
48765,75567,21244,36377,17350,54322,2440,1186,1254
48770,75577,21245,36383,17350,54332,2440,1186,1254
48775,75583,21246,36386,17350,54336,2440,1186,1254
48780,75594,21250,36390,17354,54343,2441,1186,1255
48785,75598,21250,36393,17354,54348,2441,1186,1255
48790,75608,21255,36398,17357,54352,2441,1186,1255
48795,75614,21257,36399,17358,54357,2441,1186,1255
48800,75625,21259,36406,17359,54361,2442,1187,1255
48805,75629,21264,36407,17364,54365,2442,1187,1255
48810,75639,21267,36412,17366,54370,2442,1187,1255
48815,75645,21271,36415,17370,54374,2442,1187,1255
48820,75656,21272,36420,17371,54380,2443,1187,1256
48825,75660,21275,36421,17374,54385,2443,1187,1256
48830,75670,21277,36424,17375,54392,2443,1187,1256
48835,75676,21280,36428,17378,54395,2443,1187,1256
48840,75687,21285,36434,17382,54399,2444,1187,1257
48845,75691,21290,36436,17387,54401,2444,1187,1257
48850,75701,21294,36440,17389,54407,2444,1187,1257
48855,75707,21295,36440,17389,54412,2444,1187,1257
48860,75718,21299,36443,17392,54419,2445,1187,1258
48865,75722,21301,36447,17394,54420,2445,1187,1258
48870,75732,21306,36452,17397,54424,2445,1187,1258
48875,75738,21310,36456,17400,54426,2445,1187,1258
48880,75749,21315,36461,17405,54433,2446,1188,1258
48885,75753,21318,36464,17408,54434,2446,1188,1258
48890,75763,21324,36468,17412,54438,2446,1188,1258
48895,75769,21327,36470,17414,54441,2446,1188,1258
48900,75780,21331,36477,17418,54446,2447,1189,1258
48905,75784,21335,36480,17422,54448,2447,1189,1258
48910,75794,21337,36486,17423,54457,2447,1189,1258
48915,75800,21338,36489,17424,54462,2447,1189,1258
48920,75811,21339,36496,17425,54470,2448,1190,1258
48925,75815,21340,36498,17426,54474,2448,1190,1258
48930,75825,21342,36503,17427,54483,2448,1190,1258
48935,75831,21343,36506,17428,54488,2448,1190,1258
48940,75842,21343,36508,17428,54498,2449,1190,1259
48945,75846,21344,36509,17429,54502,2449,1190,1259
48950,75856,21345,36514,17429,54510,2449,1190,1259
48955,75862,21347,36516,17431,54515,2449,1190,1259
48960,75873,21347,36523,17431,54524,2450,1191,1259
48965,75877,21347,36524,17431,54530,2450,1191,1259
48970,75887,21348,36527,17431,54539,2450,1191,1259
48975,75893,21349,36529,17432,54543,2450,1191,1259
48980,75904,21350,36533,17433,54553,2451,1191,1260
48985,75908,21350,36535,17433,54557,2451,1191,1260
48990,75918,21352,36539,17434,54566,2451,1191,1260
48995,75924,21353,36541,17434,54571,2451,1191,1260
49000,75935,21354,36544,17435,54581,2452,1191,1261
49005,75939,21354,36547,17435,54584,2452,1191,1261
49010,75949,21359,36552,17439,54589,2452,1191,1261
49015,75955,21361,36555,17441,54592,2452,1191,1261
49020,75966,21364,36558,17443,54600,2453,1191,1262
49025,75970,21366,36560,17445,54603,2453,1191,1262
49030,75980,21370,36565,17448,54609,2453,1191,1262
49035,75986,21372,36568,17449,54613,2453,1191,1262
49040,75997,21376,36575,17453,54619,2454,1192,1262
49045,76001,21379,36578,17456,54622,2454,1192,1262
49050,76011,21384,36583,17460,54626,2454,1192,1262
49055,76017,21387,36584,17462,54630,2454,1192,1262
49060,76028,21389,36588,17463,54639,2455,1193,1262
49065,76032,21389,36589,17463,54643,2455,1193,1262
49070,76042,21392,36591,17464,54650,2455,1193,1262
49075,76048,21392,36592,17464,54656,2455,1193,1262
49080,76059,21393,36596,17464,54664,2456,1194,1262
49085,76063,21396,36597,17467,54667,2456,1194,1262
49090,76073,21401,36601,17470,54671,2456,1194,1262
49095,76079,21402,36604,17471,54676,2456,1194,1262
49100,76090,21405,36608,17474,54683,2457,1194,1263
49105,76094,21407,36610,17476,54686,2457,1194,1263
49110,76104,21410,36615,17478,54694,2457,1194,1263
49115,76110,21410,36619,17478,54700,2457,1194,1263
49120,76121,21411,36625,17478,54707,2458,1195,1263
49125,76125,21415,36628,17482,54709,2458,1195,1263
49130,76135,21418,36630,17483,54717,2458,1195,1263
49135,76141,21418,36633,17483,54723,2458,1195,1263
49140,76152,21419,36640,17484,54730,2459,1196,1263
49145,76156,21422,36642,17487,54733,2459,1196,1263
49150,76166,21425,36647,17490,54741,2459,1196,1263
49155,76172,21425,36649,17490,54746,2459,1196,1263
49160,76183,21428,36656,17493,54752,2460,1197,1263
49165,76187,21431,36658,17496,54756,2460,1197,1263
49170,76197,21434,36663,17499,54762,2460,1197,1263
49175,76203,21437,36665,17501,54766,2460,1197,1263
49180,76214,21440,36670,17504,54772,2461,1197,1264
49185,76218,21442,36670,17506,54776,2461,1197,1264
49190,76228,21444,36675,17508,54783,2461,1197,1264
49195,76234,21447,36680,17511,54784,2461,1197,1264
49200,76245,21453,36687,17516,54788,2462,1198,1264
49205,76249,21457,36689,17520,54791,2462,1198,1264
49210,76259,21459,36694,17522,54798,2462,1198,1264
49215,76265,21463,36698,17526,54801,2462,1198,1264
49220,76276,21464,36703,17527,54810,2463,1199,1264
49225,76280,21466,36705,17529,54814,2463,1199,1264
49230,76290,21467,36709,17530,54821,2463,1199,1264
49235,76296,21470,36710,17532,54825,2463,1199,1264
49240,76307,21472,36714,17534,54835,2464,1199,1265
49245,76311,21473,36715,17535,54838,2464,1199,1265
49250,76321,21475,36717,17536,54846,2464,1199,1265
49255,76327,21476,36721,17537,54851,2464,1199,1265
49260,76338,21478,36726,17538,54858,2465,1199,1266
49265,76342,21479,36728,17539,54863,2465,1199,1266
49270,76352,21480,36735,17539,54871,2465,1199,1266
49275,76358,21482,36737,17540,54875,2465,1199,1266
49280,76369,21483,36744,17541,54884,2466,1200,1266
49285,76373,21484,36747,17542,54889,2466,1200,1266
49290,76383,21485,36752,17543,54898,2466,1200,1266
49295,76389,21486,36755,17543,54902,2466,1200,1266
49300,76400,21486,36759,17543,54914,2467,1200,1267
49305,76404,21486,36761,17543,54918,2467,1200,1267
49310,76414,21488,36764,17545,54926,2467,1200,1267
49315,76420,21489,36764,17545,54931,2467,1200,1267
49320,76431,21490,36768,17546,54939,2468,1201,1267
49325,76435,21491,36769,17547,54943,2468,1201,1267
49330,76445,21497,36776,17552,54947,2468,1201,1267
49335,76451,21500,36778,17554,54951,2468,1201,1267
49340,76462,21501,36781,17555,54959,2469,1202,1267
49345,76466,21502,36783,17556,54963,2469,1202,1267
49350,76476,21505,36788,17557,54971,2469,1202,1267
49355,76482,21507,36792,17559,54973,2469,1202,1267
49360,76493,21510,36799,17562,54980,2470,1203,1267
49365,76497,21511,36800,17563,54986,2470,1203,1267
49370,76507,21515,36806,17565,54990,2470,1203,1267
49375,76513,21518,36809,17568,54994,2470,1203,1267
49380,76524,21522,36816,17572,54999,2471,1204,1267
49385,76528,21525,36819,17575,55002,2471,1204,1267
49390,76538,21528,36824,17577,55009,2471,1204,1267
49395,76544,21531,36827,17579,55012,2471,1204,1267
49400,76555,21533,36833,17580,55019,2472,1205,1267
49405,76559,21535,36834,17582,55024,2472,1205,1267
49410,76569,21538,36838,17584,55030,2472,1205,1267
49415,76575,21539,36842,17585,55034,2472,1205,1267
49420,76586,21542,36848,17587,55041,2473,1205,1268
49425,76590,21545,36851,17590,55044,2473,1205,1268
49430,76600,21549,36854,17592,55051,2473,1205,1268
49435,76606,21550,36856,17593,55055,2473,1205,1268
49440,76617,21552,36857,17594,55063,2474,1205,1269
49445,76621,21553,36859,17595,55067,2474,1205,1269
49450,76631,21556,36861,17597,55075,2474,1205,1269
49455,76637,21556,36863,17597,55081,2474,1205,1269
49460,76648,21558,36870,17598,55087,2475,1206,1269
49465,76652,21561,36871,17601,55091,2475,1206,1269
49470,76662,21564,36878,17604,55098,2475,1206,1269
49475,76668,21564,36881,17604,55103,2475,1206,1269
49480,76679,21567,36884,17606,55110,2476,1206,1270
49485,76683,21570,36888,17609,55112,2476,1206,1270
49490,76693,21573,36894,17610,55120,2476,1206,1270
49495,76699,21573,36896,17610,55125,2476,1206,1270
49500,76710,21575,36900,17612,55134,2477,1206,1271
49505,76714,21576,36902,17613,55138,2477,1206,1271
49510,76724,21579,36906,17614,55144,2477,1206,1271
49515,76730,21581,36910,17616,55148,2477,1206,1271
49520,76741,21584,36916,17619,55153,2478,1206,1272
49525,76745,21587,36919,17622,55157,2478,1206,1272
49530,76755,21590,36924,17624,55164,2478,1206,1272
49535,76761,21593,36927,17627,55168,2478,1206,1272
49540,76772,21594,36931,17628,55176,2479,1206,1273
49545,76776,21596,36934,17630,55178,2479,1206,1273
49550,76786,21598,36938,17632,55188,2479,1206,1273
49555,76792,21600,36943,17634,55191,2479,1206,1273
49560,76803,21601,36951,17635,55200,2480,1207,1273
49565,76807,21602,36953,17636,55205,2480,1207,1273
49570,76817,21603,36959,17636,55214,2480,1207,1273
49575,76823,21604,36963,17637,55218,2480,1207,1273
49580,76834,21604,36967,17637,55228,2481,1208,1273
49585,76838,21604,36970,17637,55233,2481,1208,1273
49590,76848,21606,36975,17638,55241,2481,1208,1273
49595,76854,21608,36980,17640,55244,2481,1208,1273
49600,76865,21610,36986,17641,55252,2482,1208,1274
49605,76869,21612,36986,17643,55257,2482,1208,1274
49610,76879,21614,36993,17645,55265,2482,1208,1274
49615,76885,21615,36996,17646,55269,2482,1208,1274
49620,76896,21616,37001,17647,55278,2483,1208,1275
49625,76900,21617,37003,17648,55282,2483,1208,1275
49630,76910,21618,37009,17649,55291,2483,1208,1275
49635,76916,21620,37011,17650,55296,2483,1208,1275
49640,76927,21621,37012,17650,55304,2484,1208,1276
49645,76931,21622,37015,17651,55308,2484,1208,1276
49650,76941,21625,37020,17653,55316,2484,1208,1276
49655,76947,21626,37024,17654,55320,2484,1208,1276
49660,76958,21629,37029,17657,55326,2485,1208,1277
49665,76962,21630,37031,17658,55331,2485,1208,1277
49670,76972,21633,37035,17660,55338,2485,1208,1277
49675,76978,21635,37037,17662,55342,2485,1208,1277
49680,76989,21637,37043,17663,55348,2486,1209,1277
49685,76993,21640,37047,17666,55353,2486,1209,1277
49690,77003,21642,37050,17667,55361,2486,1209,1277
49695,77009,21643,37052,17668,55366,2486,1209,1277
49700,77020,21646,37058,17671,55371,2487,1209,1278
49705,77024,21649,37060,17674,55375,2487,1209,1278
49710,77034,21652,37066,17676,55381,2487,1209,1278
49715,77040,21654,37068,17677,55386,2487,1209,1278
49720,77051,21657,37073,17680,55391,2488,1209,1279
49725,77055,21659,37073,17682,55396,2488,1209,1279
49730,77065,21662,37076,17684,55403,2488,1209,1279
49735,77071,21664,37077,17685,55407,2488,1209,1279
49740,77082,21666,37083,17687,55413,2489,1210,1279
49745,77086,21670,37084,17691,55416,2489,1210,1279
49750,77096,21673,37090,17694,55421,2489,1210,1279
49755,77102,21676,37094,17696,55425,2489,1210,1279
49760,77113,21679,37099,17698,55431,2490,1211,1279
49765,77117,21682,37101,17701,55434,2490,1211,1279
49770,77127,21686,37106,17703,55439,2490,1211,1279
49775,77133,21689,37108,17705,55443,2490,1211,1279
49780,77144,21694,37113,17709,55449,2491,1212,1279
49785,77148,21695,37115,17710,55451,2491,1212,1279
49790,77158,21703,37120,17716,55454,2491,1212,1279
49795,77164,21706,37122,17718,55457,2491,1212,1279
49800,77175,21711,37128,17723,55462,2492,1212,1280
49805,77179,21713,37132,17725,55464,2492,1212,1280
49810,77189,21717,37135,17728,55471,2492,1212,1280
49815,77195,21719,37137,17730,55476,2492,1212,1280
49820,77206,21719,37141,17730,55485,2493,1212,1281
49825,77210,21719,37143,17730,55490,2493,1212,1281
49830,77220,21720,37145,17730,55499,2493,1212,1281
49835,77226,21722,37146,17732,55504,2493,1212,1281
49840,77237,21722,37151,17732,55512,2494,1213,1281
49845,77241,21723,37152,17733,55518,2494,1213,1281
49850,77251,21725,37157,17735,55526,2494,1213,1281
49855,77257,21726,37158,17735,55531,2494,1213,1281
49860,77268,21726,37161,17735,55541,2495,1213,1282
49865,77272,21726,37162,17735,55546,2495,1213,1282
49870,77282,21728,37166,17736,55553,2495,1213,1282
49875,77288,21731,37169,17739,55556,2495,1213,1282
49880,77299,21731,37173,17739,55566,2496,1213,1283
49885,77303,21731,37173,17739,55572,2496,1213,1283
49890,77313,21733,37179,17740,55579,2496,1213,1283
49895,77319,21736,37182,17742,55582,2496,1213,1283
49900,77330,21737,37190,17743,55592,2497,1213,1284
49905,77334,21737,37191,17743,55597,2497,1213,1284
49910,77344,21740,37196,17745,55603,2497,1213,1284
49915,77350,21742,37198,17747,55607,2497,1213,1284
49920,77361,21744,37203,17748,55614,2498,1214,1284
49925,77365,21746,37206,17750,55618,2498,1214,1284
49930,77375,21748,37209,17751,55626,2498,1214,1284
49935,77381,21751,37213,17754,55629,2498,1214,1284
49940,77392,21754,37215,17756,55636,2499,1214,1285
49945,77396,21755,37218,17757,55640,2499,1214,1285
49950,77406,21760,37223,17760,55645,2499,1214,1285
49955,77412,21762,37228,17762,55649,2499,1214,1285
49960,77423,21766,37234,17765,55654,2500,1214,1286
49965,77427,21770,37236,17769,55657,2500,1214,1286
49970,77437,21774,37241,17772,55662,2500,1214,1286
49975,77443,21777,37243,17774,55666,2500,1214,1286
49980,77454,21781,37248,17777,55670,2501,1214,1287
49985,77458,21783,37250,17779,55675,2501,1214,1287
49990,77468,21787,37257,17782,55680,2501,1214,1287
49995,77474,21789,37258,17783,55685,2501,1214,1287
50000,77485,21789,37263,17783,55693,2502,1215,1287
50005,77489,21790,37264,17784,55699,2502,1215,1287
50010,77499,21792,37265,17785,55707,2502,1215,1287
50015,77505,21794,37269,17787,55710,2502,1215,1287
50020,77516,21796,37271,17789,55719,2503,1215,1288
50025,77520,21796,37273,17789,55723,2503,1215,1288
50030,77530,21799,37279,17792,55730,2503,1215,1288
50035,77536,21802,37285,17795,55733,2503,1215,1288
50040,77547,21805,37294,17798,55738,2504,1215,1289
50045,77551,21808,37296,17801,55743,2504,1215,1289
50050,77561,21810,37300,17802,55750,2504,1215,1289
50055,77567,21813,37303,17805,55754,2504,1215,1289
50060,77578,21815,37309,17807,55761,2505,1215,1290
50065,77582,21817,37311,17809,55764,2505,1215,1290
50070,77592,21822,37316,17813,55770,2505,1215,1290
50075,77598,21824,37318,17814,55773,2505,1215,1290
50080,77609,21826,37327,17816,55779,2506,1216,1290
50085,77613,21830,37331,17820,55781,2506,1216,1290
50090,77623,21836,37339,17825,55786,2506,1216,1290
50095,77629,21838,37341,17826,55790,2506,1216,1290
50100,77640,21841,37350,17829,55796,2507,1217,1290
50105,77644,21843,37354,17831,55800,2507,1217,1290
50110,77654,21844,37359,17832,55809,2507,1217,1290
50115,77660,21845,37362,17833,55814,2507,1217,1290
50120,77671,21847,37367,17834,55822,2508,1218,1290
50125,77675,21848,37367,17835,55827,2508,1218,1290
50130,77685,21849,37371,17835,55835,2508,1218,1290
50135,77691,21850,37375,17836,55840,2508,1218,1290
50140,77702,21851,37381,17837,55849,2509,1218,1291
50145,77706,21854,37382,17840,55852,2509,1218,1291
50150,77716,21856,37388,17841,55859,2509,1218,1291
50155,77722,21857,37392,17842,55865,2509,1218,1291
50160,77733,21859,37395,17843,55873,2510,1219,1291
50165,77737,21860,37399,17844,55876,2510,1219,1291
50170,77747,21862,37404,17846,55884,2510,1219,1291
50175,77753,21863,37410,17847,55889,2510,1219,1291
50180,77764,21864,37414,17848,55898,2511,1219,1292
50185,77768,21866,37417,17850,55901,2511,1219,1292
50190,77778,21869,37423,17852,55909,2511,1219,1292
50195,77784,21869,37427,17852,55915,2511,1219,1292
50200,77795,21872,37436,17854,55920,2512,1220,1292
50205,77799,21874,37439,17856,55925,2512,1220,1292
50210,77809,21876,37443,17856,55932,2512,1220,1292
50215,77815,21878,37445,17858,55937,2512,1220,1292
50220,77826,21879,37449,17859,55946,2513,1221,1292
50225,77830,21879,37450,17859,55950,2513,1221,1292
50230,77840,21883,37457,17862,55956,2513,1221,1292
50235,77846,21885,37461,17864,55960,2513,1221,1292
50240,77857,21888,37463,17867,55968,2514,1221,1293
50245,77861,21888,37463,17867,55973,2514,1221,1293
50250,77871,21890,37468,17868,55980,2514,1221,1293
50255,77877,21893,37471,17871,55984,2514,1221,1293
50260,77888,21894,37475,17872,55992,2515,1221,1294
50265,77892,21895,37476,17873,55997,2515,1221,1294
50270,77902,21897,37477,17873,56005,2515,1221,1294
50275,77908,21898,37480,17874,56009,2515,1221,1294
50280,77919,21900,37485,17876,56016,2516,1221,1295
50285,77923,21901,37487,17877,56022,2516,1221,1295
50290,77933,21903,37488,17878,56030,2516,1221,1295
50295,77939,21904,37489,17879,56035,2516,1221,1295
50300,77950,21905,37492,17880,56043,2517,1221,1296
50305,77954,21906,37493,17881,56048,2517,1221,1296
50310,77964,21912,37500,17887,56051,2517,1221,1296
50315,77970,21915,37502,17889,56054,2517,1221,1296
50320,77981,21919,37506,17893,56060,2518,1221,1297
50325,77985,21920,37506,17894,56065,2518,1221,1297
50330,77995,21925,37511,17898,56069,2518,1221,1297
50335,78001,21928,37514,17900,56071,2518,1221,1297
50340,78012,21934,37519,17906,56076,2519,1221,1298
50345,78016,21937,37521,17909,56079,2519,1221,1298
50350,78026,21942,37526,17913,56083,2519,1221,1298
50355,78032,21945,37528,17915,56086,2519,1221,1298
50360,78043,21949,37533,17918,56091,2520,1222,1298
50365,78047,21952,37535,17921,56095,2520,1222,1298
50370,78057,21955,37539,17924,56101,2520,1222,1298
50375,78063,21957,37541,17925,56105,2520,1222,1298
50380,78074,21959,37546,17926,56114,2521,1223,1298
50385,78078,21960,37547,17927,56117,2521,1223,1298
50390,78088,21962,37549,17928,56126,2521,1223,1298
50395,78094,21964,37554,17930,56128,2521,1223,1298
50400,78105,21966,37559,17932,56137,2522,1224,1298
50405,78109,21967,37560,17933,56142,2522,1224,1298
50410,78119,21969,37567,17935,56148,2522,1224,1298
50415,78125,21972,37568,17937,56153,2522,1224,1298
50420,78136,21974,37571,17938,56160,2523,1224,1299
50425,78140,21976,37575,17940,56163,2523,1224,1299
50430,78150,21978,37579,17941,56170,2523,1224,1299
50435,78156,21982,37583,17945,56173,2523,1224,1299
50440,78167,21983,37587,17945,56181,2524,1224,1300
50445,78171,21986,37589,17948,56184,2524,1224,1300
50450,78181,21990,37596,17952,56191,2524,1224,1300
50455,78187,21992,37601,17954,56194,2524,1224,1300
50460,78198,21992,37606,17954,56204,2525,1224,1301
50465,78202,21992,37608,17954,56209,2525,1224,1301
50470,78212,21995,37611,17956,56217,2525,1224,1301
50475,78218,21997,37614,17958,56220,2525,1224,1301
50480,78229,21998,37620,17959,56228,2526,1225,1301
50485,78233,22000,37623,17961,56233,2526,1225,1301
50490,78243,22002,37629,17963,56241,2526,1225,1301
50495,78249,22004,37634,17965,56245,2526,1225,1301
50500,78260,22006,37640,17967,56251,2527,1226,1301
50505,78264,22007,37642,17968,56257,2527,1226,1301
50510,78274,22009,37646,17969,56264,2527,1226,1301
50515,78280,22011,37647,17970,56269,2527,1226,1301
50520,78291,22011,37649,17970,56278,2528,1226,1302
50525,78295,22012,37651,17971,56282,2528,1226,1302
50530,78305,22015,37656,17973,56290,2528,1226,1302
50535,78311,22016,37659,17973,56294,2528,1226,1302
50540,78322,22020,37668,17977,56299,2529,1227,1302
50545,78326,22022,37672,17979,56303,2529,1227,1302
50550,78336,22025,37679,17981,56310,2529,1227,1302
50555,78342,22027,37682,17983,56314,2529,1227,1302
50560,78353,22030,37689,17985,56318,2530,1228,1302
50565,78357,22035,37692,17990,56321,2530,1228,1302
50570,78367,22039,37698,17993,56328,2530,1228,1302
50575,78373,22040,37702,17994,56332,2530,1228,1302
50580,78384,22044,37707,17997,56337,2531,1228,1303
50585,78388,22047,37709,18000,56341,2531,1228,1303
50590,78398,22049,37715,18002,56348,2531,1228,1303
50595,78404,22052,37716,18004,56352,2531,1228,1303
50600,78415,22054,37719,18005,56359,2532,1228,1304
50605,78419,22056,37719,18007,56363,2532,1228,1304
50610,78429,22059,37724,18009,56370,2532,1228,1304
50615,78435,22060,37727,18010,56374,2532,1228,1304
50620,78446,22063,37731,18012,56380,2533,1228,1305
50625,78450,22067,37732,18016,56383,2533,1228,1305
50630,78460,22070,37737,18017,56390,2533,1228,1305
50635,78466,22072,37739,18018,56394,2533,1228,1305
50640,78477,22075,37743,18020,56401,2534,1229,1305
50645,78481,22078,37746,18023,56403,2534,1229,1305
50650,78491,22079,37749,18024,56412,2534,1229,1305
50655,78497,22079,37753,18024,56417,2534,1229,1305
50660,78508,22081,37759,18025,56426,2535,1230,1305
50665,78512,22082,37761,18026,56430,2535,1230,1305
50670,78522,22084,37765,18027,56438,2535,1230,1305
50675,78528,22084,37767,18027,56444,2535,1230,1305
50680,78539,22086,37770,18028,56453,2536,1230,1306
50685,78543,22087,37772,18029,56455,2536,1230,1306
50690,78553,22090,37776,18032,56463,2536,1230,1306
50695,78559,22090,37778,18032,56469,2536,1230,1306
50700,78570,22092,37783,18033,56477,2537,1231,1306
50705,78574,22092,37784,18033,56481,2537,1231,1306
50710,78584,22094,37789,18035,56489,2537,1231,1306
50715,78590,22095,37791,18036,56494,2537,1231,1306
50720,78601,22096,37795,18037,56503,2538,1231,1307
50725,78605,22098,37797,18039,56506,2538,1231,1307
50730,78615,22101,37803,18041,56513,2538,1231,1307
50735,78621,22102,37806,18042,56519,2538,1231,1307
50740,78632,22103,37811,18042,56528,2539,1232,1307
50745,78636,22105,37814,18044,56531,2539,1232,1307
50750,78646,22107,37819,18046,56538,2539,1232,1307
50755,78652,22109,37821,18048,56542,2539,1232,1307
50760,78663,22111,37826,18050,56550,2540,1232,1308
50765,78667,22112,37828,18051,56554,2540,1232,1308
50770,78677,22115,37834,18054,56561,2540,1232,1308
50775,78683,22117,37837,18056,56565,2540,1232,1308
50780,78694,22117,37840,18056,56577,2541,1232,1309
50785,78698,22117,37842,18056,56581,2541,1232,1309
50790,78708,22119,37845,18056,56588,2541,1232,1309
50795,78714,22121,37847,18057,56592,2541,1232,1309
50800,78725,22123,37851,18059,56600,2542,1233,1309
50805,78729,22124,37853,18060,56604,2542,1233,1309
50810,78739,22126,37857,18061,56613,2542,1233,1309
50815,78745,22127,37860,18062,56617,2542,1233,1309
50820,78756,22128,37867,18063,56625,2543,1234,1309
50825,78760,22130,37870,18065,56630,2543,1234,1309
50830,78770,22132,37876,18066,56637,2543,1234,1309
50835,78776,22134,37878,18067,56642,2543,1234,1309
50840,78787,22136,37885,18069,56648,2544,1235,1309
50845,78791,22139,37888,18072,56652,2544,1235,1309
50850,78801,22143,37893,18074,56657,2544,1235,1309
50855,78807,22145,37896,18076,56661,2544,1235,1309
50860,78818,22150,37902,18080,56665,2545,1235,1310
50865,78822,22154,37905,18084,56667,2545,1235,1310
50870,78832,22157,37908,18085,56673,2545,1235,1310
50875,78838,22160,37910,18088,56678,2545,1235,1310
50880,78849,22163,37915,18091,56684,2546,1235,1311
50885,78853,22165,37916,18093,56687,2546,1235,1311
50890,78863,22168,37920,18096,56695,2546,1235,1311
50895,78869,22170,37921,18097,56699,2546,1235,1311
50900,78880,22174,37926,18100,56705,2547,1236,1311
50905,78884,22176,37928,18102,56707,2547,1236,1311
50910,78894,22180,37934,18105,56713,2547,1236,1311
50915,78900,22183,37938,18107,56716,2547,1236,1311
50920,78911,22187,37943,18110,56722,2548,1237,1311
50925,78915,22189,37945,18112,56725,2548,1237,1311
50930,78925,22194,37948,18115,56730,2548,1237,1311
50935,78931,22196,37949,18116,56734,2548,1237,1311
50940,78942,22199,37953,18118,56740,2549,1237,1312
50945,78946,22202,37955,18121,56743,2549,1237,1312
50950,78956,22205,37960,18123,56750,2549,1237,1312
50955,78962,22208,37965,18126,56753,2549,1237,1312
50960,78973,22210,37971,18127,56761,2550,1238,1312
50965,78977,22212,37974,18129,56764,2550,1238,1312
50970,78987,22215,37979,18132,56772,2550,1238,1312
50975,78993,22217,37983,18134,56775,2550,1238,1312
50980,79004,22219,37990,18135,56781,2551,1239,1312
50985,79008,22223,37993,18139,56784,2551,1239,1312
50990,79018,22226,37999,18141,56790,2551,1239,1312
50995,79024,22229,38001,18143,56795,2551,1239,1312
51000,79035,22231,38006,18144,56802,2552,1240,1312
51005,79039,22232,38008,18145,56806,2552,1240,1312
51010,79049,22233,38011,18146,56816,2552,1240,1312
51015,79055,22233,38016,18146,56821,2552,1240,1312
51020,79066,22233,38020,18146,56833,2553,1240,1313
51025,79070,22233,38022,18146,56837,2553,1240,1313
51030,79080,22234,38027,18146,56846,2553,1240,1313
51035,79086,22234,38032,18146,56851,2553,1240,1313
51040,79097,22234,38036,18146,56862,2554,1240,1314
51045,79101,22234,38036,18146,56867,2554,1240,1314
51050,79111,22236,38044,18148,56875,2554,1240,1314
51055,79117,22236,38047,18148,56880,2554,1240,1314
51060,79128,22238,38051,18150,56890,2555,1240,1315
51065,79132,22238,38055,18150,56894,2555,1240,1315
51070,79142,22240,38059,18150,56902,2555,1240,1315
51075,79148,22240,38062,18150,56908,2555,1240,1315
51080,79159,22241,38065,18151,56918,2556,1240,1316
51085,79163,22241,38067,18151,56922,2556,1240,1316
51090,79173,22243,38073,18153,56930,2556,1240,1316
51095,79179,22243,38077,18153,56935,2556,1240,1316
51100,79190,22245,38082,18155,56944,2557,1240,1317
51105,79194,22246,38086,18156,56947,2557,1240,1317
51110,79204,22250,38091,18159,56953,2557,1240,1317
51115,79210,22252,38094,18160,56957,2557,1240,1317
51120,79221,22255,38097,18162,56964,2558,1240,1318
51125,79225,22257,38099,18164,56967,2558,1240,1318
51130,79235,22261,38105,18166,56972,2558,1240,1318
51135,79241,22265,38108,18170,56975,2558,1240,1318
51140,79252,22267,38110,18172,56984,2559,1240,1319
51145,79256,22268,38113,18173,56986,2559,1240,1319
51150,79266,22276,38119,18180,56989,2559,1240,1319
51155,79272,22279,38122,18182,56991,2559,1240,1319
51160,79283,22283,38126,18185,56998,2560,1241,1319
51165,79287,22286,38129,18188,56999,2560,1241,1319
51170,79297,22292,38134,18192,57004,2560,1241,1319
51175,79303,22294,38134,18193,57009,2560,1241,1319
51180,79314,22296,38141,18194,57014,2561,1242,1319
51185,79318,22299,38142,18197,57019,2561,1242,1319
51190,79328,22301,38145,18198,57026,2561,1242,1319
51195,79334,22303,38148,18199,57030,2561,1242,1319
51200,79345,22304,38152,18200,57039,2562,1243,1319
51205,79349,22307,38154,18203,57042,2562,1243,1319
51210,79359,22310,38161,18206,57048,2562,1243,1319
51215,79365,22313,38163,18208,57051,2562,1243,1319
51220,79376,22316,38169,18210,57059,2563,1243,1320
51225,79380,22318,38173,18212,57061,2563,1243,1320
51230,79390,22319,38179,18213,57070,2563,1243,1320
51235,79396,22322,38183,18216,57074,2563,1243,1320
51240,79407,22323,38186,18216,57083,2564,1244,1320
51245,79411,22325,38188,18218,57085,2564,1244,1320
51250,79421,22327,38192,18220,57093,2564,1244,1320
51255,79427,22330,38197,18223,57096,2564,1244,1320
51260,79438,22332,38202,18224,57104,2565,1245,1320
51265,79442,22334,38205,18226,57108,2565,1245,1320
51270,79452,22336,38210,18227,57116,2565,1245,1320
51275,79458,22337,38212,18228,57121,2565,1245,1320
51280,79469,22338,38216,18229,57130,2566,1245,1321
51285,79473,22339,38219,18230,57134,2566,1245,1321
51290,79483,22342,38223,18232,57141,2566,1245,1321
51295,79489,22344,38226,18233,57144,2566,1245,1321
51300,79500,22345,38231,18234,57153,2567,1246,1321
51305,79504,22346,38232,18235,57158,2567,1246,1321
51310,79514,22348,38237,18236,57166,2567,1246,1321
51315,79520,22349,38239,18236,57171,2567,1246,1321
51320,79531,22350,38242,18237,57181,2568,1246,1322
51325,79535,22350,38243,18237,57185,2568,1246,1322
51330,79545,22352,38248,18237,57193,2568,1246,1322
51335,79551,22353,38252,18237,57197,2568,1246,1322
51340,79562,22357,38259,18241,57204,2569,1247,1322
51345,79566,22358,38259,18242,57208,2569,1247,1322
51350,79576,22360,38262,18243,57216,2569,1247,1322
51355,79582,22361,38266,18244,57220,2569,1247,1322
51360,79593,22363,38270,18246,57229,2570,1248,1322
51365,79597,22363,38271,18246,57234,2570,1248,1322
51370,79607,22367,38276,18249,57239,2570,1248,1322
51375,79613,22369,38276,18250,57244,2570,1248,1322
51380,79624,22371,38283,18252,57249,2571,1248,1323
51385,79628,22375,38284,18256,57252,2571,1248,1323
51390,79638,22380,38288,18260,57258,2571,1248,1323
51395,79644,22381,38290,18261,57263,2571,1248,1323
51400,79655,22385,38298,18264,57267,2572,1249,1323
51405,79659,22389,38300,18268,57269,2572,1249,1323
51410,79669,22395,38305,18273,57273,2572,1249,1323
51415,79675,22398,38308,18276,57276,2572,1249,1323
51420,79686,22403,38312,18281,57283,2573,1249,1324
51425,79690,22404,38314,18282,57286,2573,1249,1324
51430,79700,22407,38318,18284,57293,2573,1249,1324
51435,79706,22408,38319,18284,57297,2573,1249,1324
51440,79717,22411,38326,18287,57304,2574,1250,1324
51445,79721,22414,38327,18290,57307,2574,1250,1324
51450,79731,22416,38333,18291,57314,2574,1250,1324
51455,79737,22419,38336,18294,57317,2574,1250,1324
51460,79748,22422,38341,18296,57324,2575,1250,1325
51465,79752,22425,38344,18299,57326,2575,1250,1325
51470,79762,22428,38352,18301,57332,2575,1250,1325
51475,79768,22431,38356,18304,57336,2575,1250,1325
51480,79779,22434,38362,18306,57342,2576,1250,1326
51485,79783,22435,38365,18307,57348,2576,1250,1326
51490,79793,22437,38372,18308,57355,2576,1250,1326
51495,79799,22439,38375,18310,57360,2576,1250,1326
51500,79810,22440,38382,18311,57367,2577,1251,1326
51505,79814,22441,38383,18312,57373,2577,1251,1326
51510,79824,22442,38387,18312,57382,2577,1251,1326
51515,79830,22444,38389,18314,57386,2577,1251,1326
51520,79841,22444,38392,18314,57396,2578,1251,1327
51525,79845,22445,38394,18315,57399,2578,1251,1327
51530,79855,22448,38398,18318,57407,2578,1251,1327
51535,79861,22450,38400,18319,57410,2578,1251,1327
51540,79872,22451,38405,18320,57419,2579,1252,1327
51545,79876,22452,38407,18321,57424,2579,1252,1327
51550,79886,22454,38412,18322,57432,2579,1252,1327
51555,79892,22454,38416,18322,57437,2579,1252,1327
51560,79903,22456,38419,18324,57445,2580,1252,1328
51565,79907,22456,38421,18324,57450,2580,1252,1328
51570,79917,22458,38425,18324,57459,2580,1252,1328
51575,79923,22458,38428,18324,57465,2580,1252,1328
51580,79934,22459,38434,18325,57473,2581,1253,1328
51585,79938,22460,38437,18326,57477,2581,1253,1328
51590,79948,22464,38441,18329,57483,2581,1253,1328
51595,79954,22465,38443,18330,57489,2581,1253,1328
51600,79965,22467,38447,18332,57496,2582,1253,1329
51605,79969,22469,38449,18334,57500,2582,1253,1329
51610,79979,22472,38452,18336,57507,2582,1253,1329
51615,79985,22472,38455,18336,57513,2582,1253,1329
51620,79996,22475,38460,18339,57520,2583,1253,1330
51625,80000,22476,38462,18340,57523,2583,1253,1330
51630,80010,22479,38467,18341,57530,2583,1253,1330
51635,80016,22480,38470,18342,57536,2583,1253,1330
51640,80027,22483,38476,18345,57541,2584,1253,1331
51645,80031,22485,38477,18347,57546,2584,1253,1331
51650,80041,22488,38481,18350,57552,2584,1253,1331
51655,80047,22490,38482,18352,57557,2584,1253,1331
51660,80058,22493,38487,18355,57563,2585,1254,1331
51665,80062,22495,38488,18357,57567,2585,1254,1331
51670,80072,22499,38492,18359,57573,2585,1254,1331
51675,80078,22501,38496,18360,57575,2585,1254,1331
51680,80089,22507,38502,18366,57579,2586,1254,1332
51685,80093,22509,38502,18368,57584,2586,1254,1332
51690,80103,22516,38510,18374,57585,2586,1254,1332
51695,80109,22519,38512,18377,57589,2586,1254,1332
51700,80120,22522,38516,18379,57595,2587,1254,1333
51705,80124,22525,38516,18382,57599,2587,1254,1333
51710,80134,22529,38521,18385,57604,2587,1254,1333
51715,80140,22531,38525,18387,57608,2587,1254,1333
51720,80151,22533,38529,18388,57615,2588,1254,1334
51725,80155,22534,38531,18389,57621,2588,1254,1334
51730,80165,22535,38536,18390,57630,2588,1254,1334
51735,80171,22537,38540,18392,57633,2588,1254,1334
51740,80182,22537,38545,18392,57643,2589,1255,1334
51745,80186,22537,38548,18392,57648,2589,1255,1334
51750,80196,22538,38552,18392,57657,2589,1255,1334
51755,80202,22541,38555,18395,57660,2589,1255,1334
51760,80213,22542,38561,18396,57668,2590,1255,1335
51765,80217,22543,38565,18397,57673,2590,1255,1335
51770,80227,22544,38568,18398,57682,2590,1255,1335
51775,80233,22546,38572,18400,57686,2590,1255,1335
51780,80244,22547,38579,18401,57695,2591,1256,1335
51785,80248,22548,38580,18402,57700,2591,1256,1335
51790,80258,22549,38584,18403,57709,2591,1256,1335
51795,80264,22550,38589,18404,57713,2591,1256,1335
51800,80275,22550,38596,18404,57723,2592,1257,1335
51805,80279,22551,38598,18405,57728,2592,1257,1335
51810,80289,22552,38602,18406,57736,2592,1257,1335
51815,80295,22554,38603,18407,57740,2592,1257,1335
51820,80306,22554,38610,18407,57748,2593,1258,1335
51825,80310,22556,38612,18409,57754,2593,1258,1335
51830,80320,22560,38619,18413,57760,2593,1258,1335
51835,80326,22562,38621,18415,57764,2593,1258,1335
51840,80337,22564,38627,18417,57770,2594,1259,1335
51845,80341,22568,38628,18421,57773,2594,1259,1335
51850,80351,22570,38631,18421,57779,2594,1259,1335
51855,80357,22574,38635,18425,57782,2594,1259,1335
51860,80368,22577,38641,18428,57789,2595,1260,1335
51865,80372,22580,38644,18431,57792,2595,1260,1335
51870,80382,22583,38648,18433,57798,2595,1260,1335
51875,80388,22586,38652,18436,57802,2595,1260,1335
51880,80399,22589,38658,18438,57806,2596,1260,1336
51885,80403,22593,38660,18442,57809,2596,1260,1336
51890,80413,22598,38667,18447,57814,2596,1260,1336
51895,80419,22601,38669,18449,57818,2596,1260,1336
51900,80430,22603,38671,18450,57825,2597,1260,1337
51905,80434,22605,38674,18452,57828,2597,1260,1337
51910,80444,22609,38679,18454,57834,2597,1260,1337
51915,80450,22610,38682,18455,57839,2597,1260,1337
51920,80461,22614,38688,18458,57845,2598,1261,1337
51925,80465,22617,38690,18461,57848,2598,1261,1337
51930,80475,22620,38695,18464,57855,2598,1261,1337
51935,80481,22621,38698,18465,57859,2598,1261,1337
51940,80492,22623,38701,18466,57866,2599,1261,1338
51945,80496,22626,38703,18469,57869,2599,1261,1338
51950,80506,22634,38712,18477,57872,2599,1261,1338
51955,80512,22634,38714,18477,57877,2599,1261,1338
51960,80523,22636,38717,18478,57885,2600,1261,1339
51965,80527,22638,38718,18480,57888,2600,1261,1339
51970,80537,22642,38724,18484,57894,2600,1261,1339
51975,80543,22643,38726,18485,57899,2600,1261,1339
51980,80554,22645,38730,18486,57907,2601,1261,1340
51985,80558,22647,38732,18488,57911,2601,1261,1340
51990,80568,22648,38737,18488,57920,2601,1261,1340
51995,80574,22648,38741,18488,57925,2601,1261,1340
52000,80585,22648,38743,18488,57936,2602,1261,1341
52005,80589,22648,38745,18488,57941,2602,1261,1341
52010,80599,22649,38750,18488,57950,2602,1261,1341
52015,80605,22650,38754,18489,57953,2602,1261,1341
52020,80616,22650,38758,18489,57965,2603,1261,1342
52025,80620,22650,38759,18489,57970,2603,1261,1342
52030,80630,22651,38761,18489,57979,2603,1261,1342
52035,80636,22652,38764,18490,57984,2603,1261,1342
52040,80647,22653,38770,18491,57993,2604,1262,1342
52045,80651,22653,38772,18491,57998,2604,1262,1342
52050,80661,22654,38778,18492,58007,2604,1262,1342
52055,80667,22655,38781,18493,58012,2604,1262,1342
52060,80678,22655,38787,18493,58022,2605,1263,1342
52065,80682,22655,38790,18493,58026,2605,1263,1342
52070,80692,22657,38795,18495,58035,2605,1263,1342
52075,80698,22659,38799,18496,58038,2605,1263,1342
52080,80709,22659,38805,18496,58047,2606,1264,1342
52085,80713,22661,38806,18498,58052,2606,1264,1342
52090,80723,22663,38810,18499,58058,2606,1264,1342
52095,80729,22667,38813,18502,58061,2606,1264,1342
52100,80740,22671,38819,18505,58067,2607,1265,1342
52105,80744,22672,38821,18506,58072,2607,1265,1342
52110,80754,22676,38828,18510,58077,2607,1265,1342
52115,80760,22678,38831,18512,58081,2607,1265,1342
52120,80771,22681,38835,18514,58086,2608,1265,1343
52125,80775,22685,38837,18518,58090,2608,1265,1343
52130,80785,22688,38842,18519,58095,2608,1265,1343
52135,80791,22692,38847,18523,58098,2608,1265,1343
52140,80802,22695,38854,18526,58103,2609,1266,1343
52145,80806,22697,38855,18528,58109,2609,1266,1343
52150,80816,22699,38858,18529,58117,2609,1266,1343
52155,80822,22700,38861,18530,58121,2609,1266,1343
52160,80833,22705,38867,18534,58125,2610,1267,1343
52165,80837,22708,38870,18537,58128,2610,1267,1343
52170,80847,22713,38877,18542,58132,2610,1267,1343
52175,80853,22717,38880,18546,58136,2610,1267,1343
52180,80864,22720,38885,18549,58142,2611,1268,1343
52185,80868,22722,38887,18551,58146,2611,1268,1343
52190,80878,22724,38890,18551,58153,2611,1268,1343
52195,80884,22727,38892,18553,58156,2611,1268,1343
52200,80895,22732,38899,18557,58160,2612,1269,1343
52205,80899,22736,38900,18561,58163,2612,1269,1343
52210,80909,22740,38906,18565,58167,2612,1269,1343
52215,80915,22745,38912,18570,58167,2612,1269,1343
52220,80926,22752,38917,18576,58171,2613,1269,1344
52225,80930,22754,38919,18578,58175,2613,1269,1344
52230,80940,22758,38925,18581,58181,2613,1269,1344
52235,80946,22760,38927,18582,58185,2613,1269,1344
52240,80957,22762,38934,18584,58192,2614,1270,1344
52245,80961,22765,38936,18587,58196,2614,1270,1344
52250,80971,22768,38943,18590,58202,2614,1270,1344
52255,80977,22771,38945,18592,58206,2614,1270,1344
52260,80988,22772,38949,18593,58212,2615,1270,1345
52265,80992,22774,38950,18595,58217,2615,1270,1345
52270,81002,22775,38954,18596,58227,2615,1270,1345
52275,81008,22775,38958,18596,58232,2615,1270,1345
52280,81019,22775,38963,18596,58242,2616,1270,1346
52285,81023,22775,38965,18596,58248,2616,1270,1346
52290,81033,22776,38970,18596,58257,2616,1270,1346
52295,81039,22776,38973,18596,58263,2616,1270,1346
52300,81050,22776,38978,18596,58272,2617,1271,1346
52305,81054,22776,38981,18596,58278,2617,1271,1346
52310,81064,22777,38986,18596,58287,2617,1271,1346
52315,81070,22777,38990,18596,58293,2617,1271,1346
52320,81081,22777,38993,18596,58303,2618,1272,1346
52325,81085,22777,38994,18596,58308,2618,1272,1346
52330,81095,22779,38997,18596,58316,2618,1272,1346
52335,81101,22779,39001,18596,58322,2618,1272,1346
52340,81112,22779,39001,18596,58332,2619,1272,1347
52345,81116,22779,39004,18596,58337,2619,1272,1347
52350,81126,22781,39011,18597,58345,2619,1272,1347
52355,81132,22781,39013,18597,58350,2619,1272,1347
52360,81143,22783,39020,18599,58359,2620,1273,1347
52365,81147,22783,39021,18599,58364,2620,1273,1347
52370,81157,22786,39027,18601,58370,2620,1273,1347
52375,81163,22788,39028,18602,58375,2620,1273,1347
52380,81174,22790,39033,18604,58382,2621,1274,1347
52385,81178,22794,39035,18608,58384,2621,1274,1347
52390,81188,22798,39039,18611,58389,2621,1274,1347
52395,81194,22801,39044,18614,58393,2621,1274,1347
52400,81205,22805,39049,18617,58398,2622,1275,1347
52405,81209,22806,39050,18618,58402,2622,1275,1347
52410,81219,22812,39056,18623,58405,2622,1275,1347
52415,81225,22817,39062,18628,58405,2622,1275,1347
52420,81236,22824,39067,18634,58409,2623,1275,1348
52425,81240,22827,39070,18637,58411,2623,1275,1348
52430,81250,22833,39072,18641,58417,2623,1275,1348
52435,81256,22836,39077,18644,58418,2623,1275,1348
52440,81267,22839,39080,18646,58425,2624,1275,1349
52445,81271,22842,39082,18649,58428,2624,1275,1349
52450,81281,22845,39088,18651,58435,2624,1275,1349
52455,81287,22848,39091,18654,58438,2624,1275,1349
52460,81298,22850,39094,18655,58447,2625,1275,1350
52465,81302,22850,39094,18655,58452,2625,1275,1350
52470,81312,22852,39097,18656,58459,2625,1275,1350
52475,81318,22854,39099,18657,58464,2625,1275,1350
52480,81329,22854,39104,18657,58472,2626,1276,1350
52485,81333,22855,39105,18658,58478,2626,1276,1350
52490,81343,22856,39111,18658,58487,2626,1276,1350
52495,81349,22858,39113,18659,58491,2626,1276,1350
52500,81360,22859,39121,18660,58498,2627,1277,1350
52505,81364,22860,39124,18661,58503,2627,1277,1350
52510,81374,22861,39127,18661,58513,2627,1277,1350
52515,81380,22862,39129,18661,58518,2627,1277,1350
52520,81391,22863,39137,18662,58526,2628,1278,1350
52525,81395,22863,39138,18662,58532,2628,1278,1350
52530,81405,22864,39144,18663,58541,2628,1278,1350
52535,81411,22865,39147,18663,58546,2628,1278,1350
52540,81422,22866,39154,18664,58554,2629,1279,1350
52545,81426,22866,39156,18664,58560,2629,1279,1350
52550,81436,22868,39161,18664,58568,2629,1279,1350
52555,81442,22869,39163,18664,58573,2629,1279,1350
52560,81453,22870,39167,18665,58582,2630,1280,1350
52565,81457,22870,39168,18665,58586,2630,1280,1350
52570,81467,22873,39175,18667,58594,2630,1280,1350
52575,81473,22874,39179,18668,58598,2630,1280,1350
52580,81484,22876,39182,18669,58605,2631,1281,1350
52585,81488,22878,39184,18671,58610,2631,1281,1350
52590,81498,22880,39187,18671,58618,2631,1281,1350
52595,81504,22881,39189,18672,58623,2631,1281,1350
52600,81515,22883,39194,18673,58629,2632,1282,1350
52605,81519,22884,39195,18674,58634,2632,1282,1350
52610,81529,22889,39200,18678,58638,2632,1282,1350
52615,81535,22892,39202,18680,58642,2632,1282,1350
52620,81546,22897,39210,18685,58645,2633,1282,1351
52625,81550,22903,39213,18691,58646,2633,1282,1351
52630,81560,22910,39218,18697,58650,2633,1282,1351
52635,81566,22913,39223,18700,58651,2633,1282,1351
52640,81577,22919,39229,18705,58655,2634,1283,1351
52645,81581,22922,39230,18708,58659,2634,1283,1351
52650,81591,22928,39238,18713,58661,2634,1283,1351
52655,81597,22932,39241,18716,58664,2634,1283,1351
52660,81608,22933,39247,18716,58671,2635,1284,1351
52665,81612,22936,39249,18719,58675,2635,1284,1351
52670,81622,22938,39254,18721,58683,2635,1284,1351
52675,81628,22940,39255,18722,58687,2635,1284,1351
52680,81639,22942,39261,18723,58693,2636,1284,1352
52685,81643,22946,39265,18727,58696,2636,1284,1352
52690,81653,22947,39268,18728,58705,2636,1284,1352
52695,81659,22950,39272,18730,58708,2636,1284,1352
52700,81670,22952,39275,18731,58717,2637,1284,1353
52705,81674,22954,39279,18733,58719,2637,1284,1353
52710,81684,22956,39285,18735,58728,2637,1284,1353
52715,81690,22957,39285,18735,58733,2637,1284,1353
52720,81701,22957,39292,18735,58741,2638,1285,1353
52725,81705,22958,39294,18736,58746,2638,1285,1353
52730,81715,22960,39300,18737,58755,2638,1285,1353
52735,81721,22962,39304,18739,58759,2638,1285,1353
52740,81732,22963,39312,18740,58766,2639,1286,1353
52745,81736,22964,39316,18741,58772,2639,1286,1353
52750,81746,22965,39322,18741,58781,2639,1286,1353
52755,81752,22966,39325,18741,58785,2639,1286,1353
52760,81763,22969,39332,18744,58790,2640,1286,1354
52765,81767,22971,39333,18746,58796,2640,1286,1354
52770,81777,22973,39336,18747,58804,2640,1286,1354
52775,81783,22974,39340,18748,58808,2640,1286,1354
52780,81794,22976,39342,18750,58817,2641,1286,1355
52785,81798,22976,39344,18750,58822,2641,1286,1355
52790,81808,22979,39350,18751,58829,2641,1286,1355
52795,81814,22981,39351,18752,58833,2641,1286,1355
52800,81825,22983,39358,18754,58839,2642,1286,1356
52805,81829,22984,39359,18755,58844,2642,1286,1356
52810,81839,22988,39364,18758,58849,2642,1286,1356
52815,81845,22991,39367,18760,58853,2642,1286,1356
52820,81856,22996,39374,18765,58857,2643,1286,1357
52825,81860,22998,39376,18767,58861,2643,1286,1357
52830,81870,23004,39382,18772,58865,2643,1286,1357
52835,81876,23007,39384,18774,58869,2643,1286,1357
52840,81887,23010,39387,18776,58876,2644,1287,1357
52845,81891,23010,39387,18776,58881,2644,1287,1357
52850,81901,23017,39394,18782,58883,2644,1287,1357
52855,81907,23020,39396,18785,58887,2644,1287,1357
52860,81918,23024,39402,18788,58891,2645,1287,1358
52865,81922,23029,39405,18793,58892,2645,1287,1358
52870,81932,23036,39411,18799,58895,2645,1287,1358
52875,81938,23039,39413,18802,58899,2645,1287,1358
52880,81949,23042,39420,18804,58903,2646,1288,1358
52885,81953,23046,39423,18808,58907,2646,1288,1358
52890,81963,23049,39430,18810,58913,2646,1288,1358
52895,81969,23051,39432,18811,58916,2646,1288,1358
52900,81980,23052,39435,18811,58926,2647,1289,1358
52905,81984,23053,39436,18812,58930,2647,1289,1358
52910,81994,23056,39443,18814,58936,2647,1289,1358
52915,82000,23059,39444,18816,58941,2647,1289,1358
52920,82011,23061,39449,18817,58947,2648,1289,1359
52925,82015,23063,39451,18819,58952,2648,1289,1359
52930,82025,23064,39456,18820,58961,2648,1289,1359
52935,82031,23064,39460,18820,58966,2648,1289,1359
52940,82042,23064,39465,18820,58977,2649,1290,1359
52945,82046,23064,39467,18820,58981,2649,1290,1359
52950,82056,23065,39473,18821,58991,2649,1290,1359
52955,82062,23065,39478,18821,58996,2649,1290,1359
52960,82073,23065,39483,18821,59007,2650,1290,1360
52965,82077,23065,39486,18821,59011,2650,1290,1360
52970,82087,23066,39492,18821,59021,2650,1290,1360
52975,82093,23066,39498,18821,59027,2650,1290,1360
52980,82104,23066,39499,18821,59037,2651,1290,1361
52985,82108,23066,39503,18821,59042,2651,1290,1361
52990,82118,23067,39508,18822,59051,2651,1290,1361
52995,82124,23067,39513,18822,59056,2651,1290,1361
53000,82135,23068,39518,18823,59064,2652,1291,1361
53005,82139,23069,39519,18824,59070,2652,1291,1361
53010,82149,23071,39522,18824,59078,2652,1291,1361
53015,82155,23071,39528,18824,59083,2652,1291,1361
53020,82166,23073,39535,18826,59091,2653,1292,1361
53025,82170,23074,39536,18827,59096,2653,1292,1361
53030,82180,23078,39541,18830,59102,2653,1292,1361
53035,82186,23080,39543,18831,59106,2653,1292,1361
53040,82197,23082,39547,18832,59112,2654,1292,1362
53045,82201,23085,39550,18835,59115,2654,1292,1362
53050,82211,23088,39554,18836,59123,2654,1292,1362
53055,82217,23089,39557,18837,59128,2654,1292,1362
53060,82228,23092,39561,18839,59135,2655,1292,1363
53065,82232,23093,39563,18840,59138,2655,1292,1363
53070,82242,23096,39569,18842,59146,2655,1292,1363
53075,82248,23097,39570,18843,59151,2655,1292,1363
53080,82259,23099,39578,18845,59156,2656,1293,1363
53085,82263,23105,39580,18851,59158,2656,1293,1363
53090,82273,23108,39584,18854,59165,2656,1293,1363
53095,82279,23110,39587,18855,59168,2656,1293,1363
53100,82290,23115,39595,18859,59173,2657,1294,1363
53105,82294,23118,39597,18862,59175,2657,1294,1363
53110,82304,23122,39604,18866,59182,2657,1294,1363
53115,82310,23123,39609,18867,59185,2657,1294,1363
53120,82321,23125,39615,18868,59194,2658,1294,1364
53125,82325,23127,39618,18870,59197,2658,1294,1364
53130,82335,23128,39621,18870,59207,2658,1294,1364
53135,82341,23129,39625,18871,59210,2658,1294,1364
53140,82352,23130,39629,18872,59221,2659,1294,1365
53145,82356,23132,39631,18874,59223,2659,1294,1365
53150,82366,23134,39636,18876,59231,2659,1294,1365
53155,82372,23137,39639,18878,59235,2659,1294,1365
53160,82383,23140,39645,18880,59241,2660,1294,1366
53165,82387,23142,39646,18882,59245,2660,1294,1366
53170,82397,23145,39652,18885,59250,2660,1294,1366
53175,82403,23148,39653,18887,59255,2660,1294,1366
53180,82414,23150,39660,18889,59262,2661,1295,1366
53185,82418,23151,39661,18890,59266,2661,1295,1366
53190,82428,23153,39664,18892,59275,2661,1295,1366
53195,82434,23154,39665,18892,59280,2661,1295,1366
53200,82445,23156,39672,18893,59286,2662,1296,1366
53205,82449,23159,39675,18896,59289,2662,1296,1366
53210,82459,23161,39681,18898,59297,2662,1296,1366
53215,82465,23164,39686,18901,59300,2662,1296,1366
53220,82476,23166,39691,18902,59306,2663,1296,1367
53225,82480,23169,39693,18905,59311,2663,1296,1367
53230,82490,23171,39699,18907,59318,2663,1296,1367
53235,82496,23173,39700,18908,59323,2663,1296,1367
53240,82507,23174,39705,18909,59332,2664,1297,1367
53245,82511,23174,39707,18909,59337,2664,1297,1367
53250,82521,23176,39713,18910,59344,2664,1297,1367
53255,82527,23178,39715,18911,59349,2664,1297,1367
53260,82538,23181,39719,18914,59357,2665,1298,1367
53265,82542,23181,39719,18914,59361,2665,1298,1367
53270,82552,23183,39726,18916,59368,2665,1298,1367
53275,82558,23186,39729,18918,59371,2665,1298,1367
53280,82569,23190,39736,18922,59377,2666,1298,1368
53285,82573,23192,39738,18924,59381,2666,1298,1368
53290,82583,23194,39743,18926,59388,2666,1298,1368
53295,82589,23196,39747,18928,59392,2666,1298,1368
53300,82600,23198,39750,18930,59401,2667,1298,1369
53305,82604,23200,39753,18932,59403,2667,1298,1369
53310,82614,23204,39755,18934,59409,2667,1298,1369
53315,82620,23206,39759,18936,59413,2667,1298,1369
53320,82631,23208,39763,18938,59422,2668,1299,1369
53325,82635,23209,39765,18939,59424,2668,1299,1369
53330,82645,23215,39770,18944,59429,2668,1299,1369
53335,82651,23217,39773,18946,59432,2668,1299,1369
53340,82662,23222,39778,18951,59438,2669,1299,1370
53345,82666,23224,39782,18953,59442,2669,1299,1370
53350,82676,23226,39788,18955,59449,2669,1299,1370
53355,82682,23228,39790,18956,59453,2669,1299,1370
53360,82693,23230,39797,18957,59462,2670,1300,1370
53365,82697,23231,39797,18958,59466,2670,1300,1370
53370,82707,23234,39802,18960,59472,2670,1300,1370
53375,82713,23237,39805,18962,59475,2670,1300,1370
53380,82724,23238,39810,18962,59483,2671,1301,1370
53385,82728,23241,39812,18965,59487,2671,1301,1370
53390,82738,23245,39818,18969,59493,2671,1301,1370
53395,82744,23246,39820,18969,59497,2671,1301,1370
53400,82755,23248,39822,18970,59506,2672,1301,1371
53405,82759,23250,39825,18972,59509,2672,1301,1371
53410,82769,23253,39830,18974,59515,2672,1301,1371
53415,82775,23255,39833,18976,59520,2672,1301,1371
53420,82786,23257,39840,18977,59527,2673,1302,1371
53425,82790,23260,39843,18980,59530,2673,1302,1371
53430,82800,23262,39845,18982,59538,2673,1302,1371
53435,82806,23264,39849,18984,59542,2673,1302,1371
53440,82817,23265,39854,18984,59550,2674,1302,1372
53445,82821,23268,39858,18987,59551,2674,1302,1372
53450,82831,23273,39864,18992,59558,2674,1302,1372
53455,82837,23274,39867,18992,59562,2674,1302,1372
53460,82848,23275,39871,18993,59573,2675,1303,1372
53465,82852,23275,39873,18993,59577,2675,1303,1372
53470,82862,23278,39878,18995,59584,2675,1303,1372
53475,82868,23280,39883,18997,59586,2675,1303,1372
53480,82879,23281,39888,18998,59595,2676,1304,1372
53485,82883,23282,39891,18999,59601,2676,1304,1372
53490,82893,23285,39897,19001,59607,2676,1304,1372
53495,82899,23287,39900,19002,59611,2676,1304,1372
53500,82910,23288,39905,19003,59620,2677,1304,1373
53505,82914,23289,39905,19004,59625,2677,1304,1373
53510,82924,23292,39912,19006,59631,2677,1304,1373
53515,82930,23294,39914,19008,59636,2677,1304,1373
53520,82941,23295,39918,19009,59643,2678,1304,1374
53525,82945,23296,39921,19010,59649,2678,1304,1374
53530,82955,23299,39927,19012,59656,2678,1304,1374
53535,82961,23301,39931,19013,59659,2678,1304,1374
53540,82972,23302,39936,19014,59668,2679,1304,1375
53545,82976,23304,39937,19016,59672,2679,1304,1375
53550,82986,23307,39944,19018,59679,2679,1304,1375
53555,82992,23308,39945,19018,59684,2679,1304,1375
53560,83003,23311,39949,19020,59690,2680,1304,1376
53565,83007,23315,39953,19024,59691,2680,1304,1376
53570,83017,23319,39956,19027,59697,2680,1304,1376
53575,83023,23321,39958,19029,59702,2680,1304,1376
53580,83034,23324,39965,19031,59706,2681,1305,1376
53585,83038,23330,39968,19037,59707,2681,1305,1376
53590,83048,23334,39970,19039,59714,2681,1305,1376
53595,83054,23335,39974,19040,59718,2681,1305,1376
53600,83065,23341,39982,19045,59721,2682,1305,1377
53605,83069,23344,39984,19048,59725,2682,1305,1377
53610,83079,23347,39988,19051,59732,2682,1305,1377
53615,83085,23347,39992,19051,59737,2682,1305,1377
53620,83096,23351,39998,19054,59743,2683,1305,1378
53625,83100,23353,40000,19056,59745,2683,1305,1378
53630,83110,23360,40007,19063,59750,2683,1305,1378
53635,83116,23361,40010,19064,59754,2683,1305,1378
53640,83127,23363,40015,19065,59764,2684,1306,1378
53645,83131,23363,40016,19065,59767,2684,1306,1378
53650,83141,23365,40018,19066,59776,2684,1306,1378
53655,83147,23365,40019,19066,59781,2684,1306,1378
53660,83158,23366,40022,19066,59790,2685,1307,1378
53665,83162,23369,40024,19069,59793,2685,1307,1378
53670,83172,23370,40028,19070,59802,2685,1307,1378
53675,83178,23370,40032,19070,59806,2685,1307,1378
53680,83189,23372,40038,19072,59816,2686,1308,1378
53685,83193,23374,40041,19074,59818,2686,1308,1378
53690,83203,23376,40047,19076,59827,2686,1308,1378
53695,83209,23376,40050,19076,59832,2686,1308,1378
53700,83220,23377,40055,19076,59842,2687,1308,1379
53705,83224,23379,40058,19078,59844,2687,1308,1379
53710,83234,23381,40063,19080,59852,2687,1308,1379
53715,83240,23383,40065,19081,59857,2687,1308,1379
53720,83251,23385,40072,19083,59864,2688,1308,1380
53725,83255,23387,40073,19085,59868,2688,1308,1380
53730,83265,23390,40079,19088,59875,2688,1308,1380
53735,83271,23392,40082,19090,59879,2688,1308,1380
53740,83282,23393,40087,19091,59887,2689,1308,1381
53745,83286,23395,40088,19093,59891,2689,1308,1381
53750,83296,23400,40092,19096,59896,2689,1308,1381
53755,83302,23402,40097,19097,59899,2689,1308,1381
53760,83313,23406,40104,19101,59903,2690,1308,1382
53765,83317,23409,40107,19104,59908,2690,1308,1382
53770,83327,23411,40109,19105,59916,2690,1308,1382
53775,83333,23412,40112,19106,59920,2690,1308,1382
53780,83344,23414,40117,19108,59929,2691,1308,1383
53785,83348,23414,40119,19108,59933,2691,1308,1383
53790,83358,23417,40125,19111,59941,2691,1308,1383
53795,83364,23418,40129,19112,59946,2691,1308,1383
53800,83375,23418,40131,19112,59957,2692,1308,1384
53805,83379,23418,40134,19112,59960,2692,1308,1384
53810,83389,23421,40139,19114,59968,2692,1308,1384
53815,83395,23423,40142,19115,59971,2692,1308,1384
53820,83406,23426,40148,19118,59979,2693,1308,1385
53825,83410,23427,40151,19119,59981,2693,1308,1385
53830,83420,23432,40154,19123,59988,2693,1308,1385
53835,83426,23434,40157,19125,59991,2693,1308,1385
53840,83437,23435,40162,19126,60000,2694,1309,1385
53845,83441,23437,40165,19128,60002,2694,1309,1385
53850,83451,23443,40168,19133,60008,2694,1309,1385
53855,83457,23444,40171,19134,60012,2694,1309,1385
53860,83468,23444,40174,19134,60023,2695,1309,1386
53865,83472,23444,40176,19134,60027,2695,1309,1386
53870,83482,23446,40181,19136,60035,2695,1309,1386
53875,83488,23448,40184,19138,60040,2695,1309,1386
53880,83499,23450,40187,19139,60049,2696,1310,1386
53885,83503,23451,40188,19140,60052,2696,1310,1386
53890,83513,23454,40193,19143,60058,2696,1310,1386
53895,83519,23456,40196,19144,60062,2696,1310,1386
53900,83530,23458,40203,19145,60069,2697,1311,1386
53905,83534,23461,40204,19148,60073,2697,1311,1386
53910,83544,23464,40211,19151,60079,2697,1311,1386
53915,83550,23467,40213,19153,60083,2697,1311,1386
53920,83561,23470,40220,19156,60089,2698,1311,1387
53925,83565,23473,40223,19159,60092,2698,1311,1387
53930,83575,23475,40227,19161,60099,2698,1311,1387
53935,83581,23477,40228,19162,60104,2698,1311,1387
53940,83592,23479,40232,19164,60113,2699,1312,1387
53945,83596,23480,40234,19165,60116,2699,1312,1387
53950,83606,23483,40240,19167,60121,2699,1312,1387
53955,83612,23487,40243,19171,60125,2699,1312,1387
53960,83623,23490,40249,19174,60132,2700,1313,1387
53965,83627,23491,40252,19175,60136,2700,1313,1387
53970,83637,23495,40258,19178,60141,2700,1313,1387
53975,83643,23497,40260,19180,60146,2700,1313,1387
53980,83654,23500,40264,19183,60152,2701,1313,1388
53985,83658,23502,40266,19185,60156,2701,1313,1388
53990,83668,23506,40271,19188,60161,2701,1313,1388
53995,83674,23508,40275,19190,60165,2701,1313,1388
54000,83685,23513,40282,19194,60168,2702,1313,1389
54005,83689,23515,40283,19196,60174,2702,1313,1389
54010,83699,23518,40288,19198,60180,2702,1313,1389
54015,83705,23520,40292,19200,60185,2702,1313,1389
54020,83716,23522,40298,19202,60191,2703,1313,1390
54025,83720,23525,40301,19205,60193,2703,1313,1390
54030,83730,23531,40305,19209,60199,2703,1313,1390
54035,83736,23534,40309,19211,60200,2703,1313,1390
54040,83747,23537,40311,19214,60208,2704,1313,1391
54045,83751,23539,40314,19216,60211,2704,1313,1391
54050,83761,23543,40317,19218,60217,2704,1313,1391
54055,83767,23545,40319,19219,60220,2704,1313,1391
54060,83778,23548,40321,19222,60228,2705,1313,1392
54065,83782,23548,40325,19222,60233,2705,1313,1392
54070,83792,23550,40327,19223,60242,2705,1313,1392
54075,83798,23551,40329,19224,60246,2705,1313,1392
54080,83809,23552,40333,19225,60255,2706,1314,1392
54085,83813,23553,40334,19226,60260,2706,1314,1392
54090,83823,23555,40341,19228,60267,2706,1314,1392
54095,83829,23557,40343,19229,60271,2706,1314,1392
54100,83840,23558,40347,19230,60281,2707,1315,1392
54105,83844,23558,40349,19230,60286,2707,1315,1392
54110,83854,23560,40353,19232,60292,2707,1315,1392
54115,83860,23563,40354,19235,60297,2707,1315,1392
54120,83871,23566,40359,19237,60302,2708,1315,1393
54125,83875,23567,40362,19238,60307,2708,1315,1393
54130,83885,23570,40368,19240,60314,2708,1315,1393
54135,83891,23571,40373,19241,60319,2708,1315,1393
54140,83902,23572,40376,19242,60328,2709,1315,1394
54145,83906,23573,40377,19243,60333,2709,1315,1394
54150,83916,23575,40383,19244,60340,2709,1315,1394
54155,83922,23576,40386,19245,60345,2709,1315,1394
54160,83933,23577,40389,19245,60354,2710,1315,1395
54165,83937,23578,40391,19246,60359,2710,1315,1395
54170,83947,23580,40395,19247,60366,2710,1315,1395
54175,83953,23581,40400,19248,60371,2710,1315,1395
54180,83964,23585,40408,19252,60377,2711,1316,1395
54185,83968,23588,40410,19255,60380,2711,1316,1395
54190,83978,23590,40413,19256,60387,2711,1316,1395
54195,83984,23591,40416,19257,60393,2711,1316,1395
54200,83995,23594,40424,19260,60399,2712,1317,1395
54205,83999,23597,40426,19263,60402,2712,1317,1395
54210,84009,23599,40430,19263,60410,2712,1317,1395
54215,84015,23599,40433,19263,60415,2712,1317,1395
54220,84026,23602,40440,19266,60421,2713,1318,1395
54225,84030,23604,40441,19268,60425,2713,1318,1395
54230,84040,23610,40448,19273,60430,2713,1318,1395
54235,84046,23612,40449,19274,60434,2713,1318,1395
54240,84057,23614,40453,19275,60440,2714,1318,1396
54245,84061,23616,40453,19277,60445,2714,1318,1396
54250,84071,23618,40460,19278,60453,2714,1318,1396
54255,84077,23619,40463,19278,60458,2714,1318,1396
54260,84088,23621,40470,19280,60464,2715,1318,1397
54265,84092,23624,40473,19283,60466,2715,1318,1397
54270,84102,23630,40477,19288,60472,2715,1318,1397
54275,84108,23632,40478,19289,60476,2715,1318,1397
54280,84119,23632,40482,19289,60484,2716,1319,1397
54285,84123,23635,40484,19292,60487,2716,1319,1397
54290,84133,23639,40490,19296,60494,2716,1319,1397
54295,84139,23640,40493,19297,60498,2716,1319,1397
54300,84150,23640,40495,19297,60509,2717,1319,1398
54305,84154,23640,40498,19297,60513,2717,1319,1398
54310,84164,23641,40504,19297,60523,2717,1319,1398
54315,84170,23642,40509,19298,60527,2717,1319,1398
54320,84181,23642,40516,19298,60538,2718,1320,1398
54325,84185,23642,40518,19298,60542,2718,1320,1398
54330,84195,23643,40525,19298,60552,2718,1320,1398
54335,84201,23644,40527,19298,60556,2718,1320,1398
54340,84212,23645,40533,19299,60565,2719,1321,1398
54345,84216,23645,40537,19299,60570,2719,1321,1398
54350,84226,23646,40540,19300,60580,2719,1321,1398
54355,84232,23647,40542,19300,60585,2719,1321,1398
54360,84243,23648,40545,19300,60593,2720,1322,1398
54365,84247,23650,40547,19302,60597,2720,1322,1398
54370,84257,23653,40554,19304,60602,2720,1322,1398
54375,84263,23657,40558,19307,60606,2720,1322,1398
54380,84274,23659,40563,19308,60611,2721,1322,1399
54385,84278,23661,40564,19310,60617,2721,1322,1399
54390,84288,23665,40571,19313,60621,2721,1322,1399
54395,84294,23669,40575,19316,60625,2721,1322,1399
54400,84305,23672,40581,19319,60630,2722,1322,1400
54405,84309,23675,40583,19322,60634,2722,1322,1400
54410,84319,23678,40587,19325,60641,2722,1322,1400
54415,84325,23680,40591,19326,60644,2722,1322,1400
54420,84336,23682,40594,19328,60652,2723,1323,1400
54425,84340,23684,40596,19330,60656,2723,1323,1400
54430,84350,23688,40601,19333,60662,2723,1323,1400
54435,84356,23690,40604,19334,60665,2723,1323,1400
54440,84367,23693,40608,19336,60671,2724,1323,1401
54445,84371,23695,40609,19338,60676,2724,1323,1401
54450,84381,23698,40614,19340,60681,2724,1323,1401
54455,84387,23701,40616,19342,60686,2724,1323,1401
54460,84398,23704,40621,19344,60692,2725,1324,1401
54465,84402,23705,40621,19345,60697,2725,1324,1401
54470,84412,23708,40627,19348,60702,2725,1324,1401
54475,84418,23712,40631,19352,60704,2725,1324,1401
54480,84429,23718,40638,19358,60710,2726,1325,1401
54485,84433,23719,40640,19359,60713,2726,1325,1401
54490,84443,23723,40643,19362,60719,2726,1325,1401
54495,84449,23725,40646,19364,60723,2726,1325,1401
54500,84460,23728,40653,19366,60727,2727,1326,1401
54505,84464,23735,40657,19373,60727,2727,1326,1401
54510,84474,23743,40664,19381,60730,2727,1326,1401
54515,84480,23746,40667,19384,60733,2727,1326,1401
54520,84491,23747,40671,19385,60741,2728,1327,1401
54525,84495,23749,40672,19387,60746,2728,1327,1401
54530,84505,23753,40677,19390,60752,2728,1327,1401
54535,84511,23755,40678,19391,60756,2728,1327,1401
54540,84522,23758,40684,19394,60761,2729,1328,1401
54545,84526,23759,40684,19395,60767,2729,1328,1401
54550,84536,23761,40686,19396,60775,2729,1328,1401
54555,84542,23763,40690,19398,60777,2729,1328,1401
54560,84553,23764,40696,19399,60788,2730,1328,1402
54565,84557,23764,40698,19399,60792,2730,1328,1402
54570,84567,23765,40701,19400,60801,2730,1328,1402
54575,84573,23768,40706,19403,60803,2730,1328,1402
54580,84584,23768,40712,19403,60814,2731,1329,1402
54585,84588,23769,40713,19404,60819,2731,1329,1402
54590,84598,23771,40720,19405,60826,2731,1329,1402
54595,84604,23773,40722,19406,60830,2731,1329,1402
54600,84615,23774,40728,19407,60839,2732,1329,1403
54605,84619,23774,40731,19407,60844,2732,1329,1403
54610,84629,23775,40737,19407,60854,2732,1329,1403
54615,84635,23775,40739,19407,60860,2732,1329,1403
54620,84646,23777,40742,19408,60868,2733,1330,1403
54625,84650,23777,40743,19408,60872,2733,1330,1403
54630,84660,23779,40746,19410,60881,2733,1330,1403
54635,84666,23779,40749,19410,60886,2733,1330,1403
54640,84677,23781,40754,19411,60894,2734,1330,1404
54645,84681,23784,40757,19414,60897,2734,1330,1404
54650,84691,23787,40762,19416,60903,2734,1330,1404
54655,84697,23788,40767,19417,60908,2734,1330,1404
54660,84708,23791,40777,19420,60913,2735,1331,1404
54665,84712,23794,40778,19423,60918,2735,1331,1404
54670,84722,23797,40785,19425,60924,2735,1331,1404
54675,84728,23798,40787,19426,60930,2735,1331,1404
54680,84739,23800,40791,19427,60936,2736,1331,1405
54685,84743,23802,40794,19429,60941,2736,1331,1405
54690,84753,23806,40800,19433,60947,2736,1331,1405
54695,84759,23806,40803,19433,60953,2736,1331,1405
54700,84770,23809,40808,19435,60960,2737,1331,1406
54705,84774,23811,40811,19437,60962,2737,1331,1406
54710,84784,23815,40818,19441,60968,2737,1331,1406
54715,84790,23817,40820,19442,60972,2737,1331,1406
54720,84801,23823,40828,19447,60975,2738,1332,1406
54725,84805,23825,40829,19449,60980,2738,1332,1406
54730,84815,23827,40834,19451,60988,2738,1332,1406
54735,84821,23829,40836,19452,60991,2738,1332,1406
54740,84832,23832,40842,19455,60999,2739,1333,1406
54745,84836,23833,40844,19456,61003,2739,1333,1406
54750,84846,23835,40848,19457,61010,2739,1333,1406
54755,84852,23838,40850,19459,61014,2739,1333,1406
54760,84863,23840,40854,19461,61021,2740,1333,1407
54765,84867,23840,40855,19461,61026,2740,1333,1407
54770,84877,23844,40857,19463,61033,2740,1333,1407
54775,84883,23846,40859,19464,61036,2740,1333,1407
54780,84894,23850,40864,19468,61042,2741,1333,1408
54785,84898,23852,40866,19470,61046,2741,1333,1408
54790,84908,23856,40869,19472,61051,2741,1333,1408
54795,84914,23859,40872,19475,61054,2741,1333,1408
54800,84925,23860,40877,19476,61063,2742,1333,1409
54805,84929,23860,40878,19476,61069,2742,1333,1409
54810,84939,23862,40882,19477,61077,2742,1333,1409
54815,84945,23863,40885,19477,61081,2742,1333,1409
54820,84956,23864,40889,19478,61090,2743,1333,1410
54825,84960,23864,40890,19478,61096,2743,1333,1410
54830,84970,23866,40894,19479,61103,2743,1333,1410
54835,84976,23869,40896,19481,61107,2743,1333,1410
54840,84987,23871,40902,19482,61112,2744,1334,1410
54845,84991,23873,40903,19484,61117,2744,1334,1410
54850,85001,23875,40906,19485,61126,2744,1334,1410
54855,85007,23876,40910,19486,61131,2744,1334,1410
54860,85018,23877,40915,19486,61138,2745,1334,1411
54865,85022,23879,40918,19488,61142,2745,1334,1411
54870,85032,23881,40923,19490,61150,2745,1334,1411
54875,85038,23883,40925,19491,61154,2745,1334,1411
54880,85049,23885,40931,19493,61162,2746,1335,1411
54885,85053,23886,40933,19494,61166,2746,1335,1411
54890,85063,23887,40937,19494,61175,2746,1335,1411
54895,85069,23889,40941,19495,61180,2746,1335,1411
54900,85080,23892,40950,19498,61186,2747,1336,1411
54905,85084,23894,40953,19500,61190,2747,1336,1411
54910,85094,23897,40958,19502,61197,2747,1336,1411
54915,85100,23898,40960,19503,61202,2747,1336,1411
54920,85111,23899,40964,19503,61210,2748,1337,1411
54925,85115,23901,40966,19505,61214,2748,1337,1411
54930,85125,23903,40968,19507,61222,2748,1337,1411
54935,85131,23904,40971,19508,61227,2748,1337,1411
54940,85142,23905,40977,19509,61234,2749,1338,1411
54945,85146,23907,40979,19511,61239,2749,1338,1411
54950,85156,23910,40982,19512,61246,2749,1338,1411
54955,85162,23911,40984,19513,61250,2749,1338,1411
54960,85173,23916,40991,19518,61255,2750,1339,1411
54965,85177,23920,40994,19522,61257,2750,1339,1411
54970,85187,23924,40999,19526,61263,2750,1339,1411
54975,85193,23925,41002,19526,61267,2750,1339,1411
54980,85204,23931,41008,19531,61270,2751,1339,1412
54985,85208,23933,41009,19533,61275,2751,1339,1412
54990,85218,23936,41015,19536,61281,2751,1339,1412
54995,85224,23940,41019,19540,61283,2751,1339,1412
55000,85235,23946,41027,19545,61284,2752,1339,1413
55005,85239,23952,41029,19551,61287,2752,1339,1413
55010,85249,23959,41035,19557,61290,2752,1339,1413
55015,85255,23961,41037,19558,61293,2752,1339,1413
55020,85266,23965,41043,19562,61298,2753,1339,1414
55025,85270,23968,41045,19565,61301,2753,1339,1414
55030,85280,23972,41047,19568,61308,2753,1339,1414
55035,85286,23974,41049,19569,61311,2753,1339,1414
55040,85297,23976,41056,19571,61318,2754,1340,1414
55045,85301,23978,41057,19573,61323,2754,1340,1414
55050,85311,23980,41063,19574,61331,2754,1340,1414
55055,85317,23981,41066,19574,61334,2754,1340,1414
55060,85328,23982,41075,19575,61343,2755,1341,1414
55065,85332,23984,41077,19577,61348,2755,1341,1414
55070,85342,23985,41083,19578,61356,2755,1341,1414
55075,85348,23988,41087,19581,61359,2755,1341,1414
55080,85359,23988,41094,19581,61369,2756,1342,1414
55085,85363,23988,41097,19581,61374,2756,1342,1414
55090,85373,23989,41101,19581,61384,2756,1342,1414
55095,85379,23989,41106,19581,61389,2756,1342,1414
55100,85390,23989,41111,19581,61400,2757,1343,1414
55105,85394,23989,41112,19581,61405,2757,1343,1414
55110,85404,23990,41119,19581,61414,2757,1343,1414
55115,85410,23990,41119,19581,61420,2757,1343,1414
55120,85421,23990,41124,19581,61430,2758,1344,1414
55125,85425,23990,41125,19581,61435,2758,1344,1414
55130,85435,23991,41128,19582,61444,2758,1344,1414
55135,85441,23991,41131,19582,61450,2758,1344,1414
55140,85452,23992,41135,19582,61459,2759,1345,1414
55145,85456,23993,41138,19583,61463,2759,1345,1414
55150,85466,23996,41142,19585,61470,2759,1345,1414
55155,85472,23996,41144,19585,61476,2759,1345,1414
55160,85483,23998,41149,19587,61485,2760,1345,1415
55165,85487,23998,41152,19587,61488,2760,1345,1415
55170,85497,24001,41155,19589,61496,2760,1345,1415
55175,85503,24001,41159,19589,61501,2760,1345,1415
55180,85514,24003,41162,19590,61509,2761,1345,1416
55185,85518,24004,41164,19591,61513,2761,1345,1416
55190,85528,24009,41167,19594,61519,2761,1345,1416
55195,85534,24010,41169,19595,61524,2761,1345,1416
55200,85545,24014,41173,19598,61531,2762,1345,1417
55205,85549,24014,41174,19598,61535,2762,1345,1417
55210,85559,24018,41178,19601,61541,2762,1345,1417
55215,85565,24020,41181,19603,61544,2762,1345,1417
55220,85576,24022,41182,19604,61554,2763,1346,1417
55225,85580,24023,41185,19605,61556,2763,1346,1417
55230,85590,24028,41189,19609,61562,2763,1346,1417
55235,85596,24030,41192,19610,61565,2763,1346,1417
55240,85607,24033,41195,19613,61574,2764,1346,1418
55245,85611,24034,41196,19614,61577,2764,1346,1418
55250,85621,24036,41199,19615,61584,2764,1346,1418
55255,85627,24039,41202,19618,61587,2764,1346,1418
55260,85638,24045,41207,19623,61593,2765,1346,1419
55265,85642,24046,41209,19624,61595,2765,1346,1419
55270,85652,24051,41213,19627,61601,2765,1346,1419
55275,85658,24053,41217,19628,61603,2765,1346,1419
55280,85669,24055,41223,19629,61611,2766,1347,1419
55285,85673,24057,41226,19631,61616,2766,1347,1419
55290,85683,24059,41231,19632,61623,2766,1347,1419
55295,85689,24062,41235,19635,61626,2766,1347,1419
55300,85700,24064,41240,19637,61635,2767,1347,1420
55305,85704,24064,41242,19637,61639,2767,1347,1420
55310,85714,24068,41247,19641,61646,2767,1347,1420
55315,85720,24069,41248,19641,61650,2767,1347,1420
55320,85731,24071,41253,19642,61658,2768,1348,1420
55325,85735,24073,41254,19644,61662,2768,1348,1420
55330,85745,24076,41262,19646,61667,2768,1348,1420
55335,85751,24079,41265,19649,61672,2768,1348,1420
55340,85762,24080,41268,19649,61681,2769,1349,1420
55345,85766,24081,41268,19650,61685,2769,1349,1420
55350,85776,24085,41275,19653,61689,2769,1349,1420
55355,85782,24089,41279,19656,61692,2769,1349,1420
55360,85793,24090,41284,19656,61701,2770,1349,1421
55365,85797,24092,41285,19658,61705,2770,1349,1421
55370,85807,24093,41289,19659,61713,2770,1349,1421
55375,85813,24095,41293,19661,61718,2770,1349,1421
55380,85824,24097,41297,19663,61725,2771,1349,1422
55385,85828,24099,41299,19665,61729,2771,1349,1422
55390,85838,24102,41302,19666,61734,2771,1349,1422
55395,85844,24105,41304,19668,61739,2771,1349,1422
55400,85855,24108,41309,19671,61746,2772,1349,1423
55405,85859,24109,41311,19672,61750,2772,1349,1423
55410,85869,24111,41314,19672,61757,2772,1349,1423
55415,85875,24114,41317,19674,61761,2772,1349,1423
55420,85886,24116,41321,19675,61768,2773,1350,1423
55425,85890,24119,41325,19678,61770,2773,1350,1423
55430,85900,24122,41327,19680,61778,2773,1350,1423
55435,85906,24124,41330,19681,61782,2773,1350,1423
55440,85917,24128,41333,19684,61789,2774,1350,1424
55445,85921,24128,41335,19684,61792,2774,1350,1424
55450,85931,24132,41339,19688,61799,2774,1350,1424
55455,85937,24134,41342,19689,61803,2774,1350,1424
55460,85948,24138,41350,19693,61807,2775,1351,1424
55465,85952,24140,41350,19695,61812,2775,1351,1424
55470,85962,24143,41354,19697,61818,2775,1351,1424
55475,85968,24145,41357,19699,61822,2775,1351,1424
55480,85979,24148,41360,19701,61830,2776,1352,1424
55485,85983,24149,41362,19702,61833,2776,1352,1424
55490,85993,24153,41366,19705,61839,2776,1352,1424
55495,85999,24155,41370,19707,61842,2776,1352,1424
55500,86010,24160,41377,19712,61849,2777,1353,1424
55505,86014,24162,41379,19714,61851,2777,1353,1424
55510,86024,24164,41383,19715,61859,2777,1353,1424
55515,86030,24165,41388,19716,61863,2777,1353,1424
55520,86041,24166,41392,19716,61875,2778,1353,1425
55525,86045,24166,41395,19716,61878,2778,1353,1425
55530,86055,24168,41400,19717,61886,2778,1353,1425
55535,86061,24169,41405,19718,61890,2778,1353,1425
55540,86072,24171,41412,19719,61901,2779,1354,1425
55545,86076,24171,41415,19719,61905,2779,1354,1425
55550,86086,24173,41419,19721,61913,2779,1354,1425
55555,86092,24173,41422,19721,61918,2779,1354,1425
55560,86103,24175,41429,19722,61927,2780,1355,1425
55565,86107,24175,41431,19722,61932,2780,1355,1425
55570,86117,24177,41435,19723,61940,2780,1355,1425
55575,86123,24178,41439,19723,61944,2780,1355,1425
55580,86134,24179,41443,19723,61954,2781,1355,1426
55585,86138,24179,41444,19723,61959,2781,1355,1426
55590,86148,24180,41448,19723,61968,2781,1355,1426
55595,86154,24181,41450,19724,61973,2781,1355,1426
55600,86165,24182,41452,19724,61983,2782,1356,1426
55605,86169,24182,41453,19724,61987,2782,1356,1426
55610,86179,24184,41457,19725,61994,2782,1356,1426
55615,86185,24187,41460,19727,61998,2782,1356,1426
55620,86196,24189,41466,19729,62004,2783,1356,1427
55625,86200,24192,41467,19732,62008,2783,1356,1427
55630,86210,24194,41470,19734,62016,2783,1356,1427
55635,86216,24196,41475,19736,62019,2783,1356,1427
55640,86227,24201,41484,19741,62022,2784,1356,1428
55645,86231,24204,41488,19744,62027,2784,1356,1428
55650,86241,24207,41493,19746,62032,2784,1356,1428
55655,86247,24210,41495,19748,62037,2784,1356,1428
55660,86258,24214,41501,19751,62041,2785,1356,1429
55665,86262,24217,41503,19754,62045,2785,1356,1429
55670,86272,24219,41507,19755,62052,2785,1356,1429
55675,86278,24222,41510,19757,62056,2785,1356,1429
55680,86289,24225,41514,19759,62063,2786,1357,1429
55685,86293,24227,41518,19761,62064,2786,1357,1429
55690,86303,24235,41523,19767,62067,2786,1357,1429
55695,86309,24239,41527,19770,62068,2786,1357,1429
55700,86320,24244,41532,19774,62073,2787,1357,1430
55705,86324,24248,41534,19778,62075,2787,1357,1430
55710,86334,24254,41537,19782,62080,2787,1357,1430
55715,86340,24257,41543,19785,62080,2787,1357,1430
55720,86351,24260,41548,19787,62089,2788,1357,1431
55725,86355,24261,41548,19788,62094,2788,1357,1431
55730,86365,24264,41555,19791,62099,2788,1357,1431
55735,86371,24268,41558,19795,62103,2788,1357,1431
55740,86382,24270,41562,19797,62110,2789,1357,1432
55745,86386,24271,41563,19798,62114,2789,1357,1432
55750,86396,24273,41569,19800,62122,2789,1357,1432
55755,86402,24274,41572,19801,62128,2789,1357,1432
55760,86413,24276,41577,19802,62136,2790,1358,1432
55765,86417,24276,41580,19802,62140,2790,1358,1432
55770,86427,24279,41585,19805,62148,2790,1358,1432
55775,86433,24279,41589,19805,62154,2790,1358,1432
55780,86444,24281,41595,19806,62161,2791,1359,1432
55785,86448,24281,41596,19806,62167,2791,1359,1432
55790,86458,24283,41599,19807,62175,2791,1359,1432
55795,86464,24283,41600,19807,62181,2791,1359,1432
55800,86475,24285,41604,19808,62190,2792,1360,1432
55805,86479,24285,41606,19808,62194,2792,1360,1432
55810,86489,24286,41607,19808,62203,2792,1360,1432
55815,86495,24286,41609,19808,62209,2792,1360,1432
55820,86506,24287,41613,19809,62217,2793,1360,1433
55825,86510,24288,41614,19810,62222,2793,1360,1433
55830,86520,24291,41621,19813,62228,2793,1360,1433
55835,86526,24292,41622,19814,62234,2793,1360,1433
55840,86537,24295,41627,19816,62242,2794,1360,1434
55845,86541,24295,41630,19816,62246,2794,1360,1434
55850,86551,24298,41633,19819,62253,2794,1360,1434
55855,86557,24299,41637,19820,62257,2794,1360,1434
55860,86568,24304,41643,19824,62262,2795,1361,1434
55865,86572,24305,41646,19825,62266,2795,1361,1434
55870,86582,24308,41649,19826,62273,2795,1361,1434
55875,86588,24310,41651,19827,62277,2795,1361,1434
55880,86599,24316,41655,19832,62283,2796,1361,1435
55885,86603,24316,41657,19832,62285,2796,1361,1435
55890,86613,24324,41663,19839,62289,2796,1361,1435
55895,86619,24326,41667,19841,62291,2796,1361,1435
55900,86630,24331,41675,19846,62297,2797,1362,1435
55905,86634,24334,41678,19849,62299,2797,1362,1435
55910,86644,24337,41683,19851,62306,2797,1362,1435
55915,86650,24340,41687,19853,62308,2797,1362,1435
55920,86661,24341,41689,19853,62319,2798,1362,1436
55925,86665,24342,41692,19854,62322,2798,1362,1436
55930,86675,24344,41695,19855,62331,2798,1362,1436
55935,86681,24346,41698,19857,62335,2798,1362,1436
55940,86692,24346,41702,19857,62345,2799,1363,1436
55945,86696,24347,41704,19858,62348,2799,1363,1436
55950,86706,24349,41709,19859,62356,2799,1363,1436
55955,86712,24352,41712,19861,62360,2799,1363,1436
55960,86723,24353,41720,19862,62367,2800,1363,1437
55965,86727,24356,41720,19865,62371,2800,1363,1437
55970,86737,24358,41723,19866,62378,2800,1363,1437
55975,86743,24361,41726,19869,62382,2800,1363,1437
55980,86754,24362,41733,19870,62390,2801,1364,1437
55985,86758,24364,41735,19872,62394,2801,1364,1437
55990,86768,24366,41740,19873,62402,2801,1364,1437
55995,86774,24368,41744,19874,62405,2801,1364,1437
56000,86785,24369,41751,19875,62413,2802,1364,1438
56005,86789,24371,41753,19877,62417,2802,1364,1438
56010,86799,24372,41758,19877,62427,2802,1364,1438
56015,86805,24372,41759,19877,62433,2802,1364,1438
56020,86816,24373,41762,19878,62443,2803,1364,1439
56025,86820,24374,41764,19879,62446,2803,1364,1439
56030,86830,24377,41770,19880,62452,2803,1364,1439
56035,86836,24378,41774,19881,62457,2803,1364,1439
56040,86847,24382,41780,19884,62464,2804,1365,1439
56045,86851,24383,41782,19885,62467,2804,1365,1439
56050,86861,24386,41785,19887,62475,2804,1365,1439
56055,86867,24386,41789,19887,62480,2804,1365,1439
56060,86878,24389,41793,19889,62488,2805,1365,1440
56065,86882,24390,41796,19890,62491,2805,1365,1440
56070,86892,24394,41799,19893,62498,2805,1365,1440
56075,86898,24394,41801,19893,62504,2805,1365,1440
56080,86909,24396,41807,19895,62513,2806,1366,1440
56085,86913,24396,41809,19895,62517,2806,1366,1440
56090,86923,24399,41813,19896,62523,2806,1366,1440
56095,86929,24400,41816,19897,62529,2806,1366,1440
56100,86940,24403,41825,19899,62535,2807,1367,1440
56105,86944,24404,41826,19900,62540,2807,1367,1440
56110,86954,24408,41832,19903,62546,2807,1367,1440
56115,86960,24410,41835,19905,62550,2807,1367,1440
56120,86971,24412,41837,19906,62559,2808,1367,1441
56125,86975,24413,41840,19907,62561,2808,1367,1441
56130,86985,24419,41844,19911,62565,2808,1367,1441
56135,86991,24421,41845,19912,62569,2808,1367,1441
56140,87002,24426,41852,19916,62575,2809,1368,1441
56145,87006,24428,41854,19918,62578,2809,1368,1441
56150,87016,24432,41859,19921,62582,2809,1368,1441
56155,87022,24436,41863,19925,62584,2809,1368,1441
56160,87033,24442,41870,19930,62589,2810,1369,1441
56165,87037,24443,41873,19931,62593,2810,1369,1441
56170,87047,24445,41876,19933,62602,2810,1369,1441
56175,87053,24447,41879,19935,62605,2810,1369,1441
56180,87064,24449,41884,19937,62613,2811,1369,1442
56185,87068,24450,41885,19938,62618,2811,1369,1442
56190,87078,24452,41890,19940,62625,2811,1369,1442
56195,87084,24454,41893,19941,62629,2811,1369,1442
56200,87095,24456,41896,19942,62639,2812,1369,1443
56205,87099,24456,41900,19942,62642,2812,1369,1443
56210,87109,24458,41905,19944,62650,2812,1369,1443
56215,87115,24461,41909,19947,62653,2812,1369,1443
56220,87126,24463,41914,19948,62661,2813,1370,1443
56225,87130,24465,41918,19950,62664,2813,1370,1443
56230,87140,24467,41923,19952,62672,2813,1370,1443
56235,87146,24470,41927,19955,62676,2813,1370,1443
56240,87157,24471,41930,19956,62686,2814,1371,1443
56245,87161,24471,41934,19956,62689,2814,1371,1443
56250,87171,24474,41938,19958,62697,2814,1371,1443
56255,87177,24475,41940,19958,62702,2814,1371,1443
56260,87188,24477,41947,19960,62708,2815,1372,1443
56265,87192,24479,41950,19962,62712,2815,1372,1443
56270,87202,24482,41954,19963,62719,2815,1372,1443
56275,87208,24484,41956,19964,62724,2815,1372,1443
56280,87219,24486,41960,19965,62732,2816,1373,1443
56285,87223,24487,41962,19966,62736,2816,1373,1443
56290,87233,24491,41967,19969,62740,2816,1373,1443
56295,87239,24495,41970,19973,62744,2816,1373,1443
56300,87250,24498,41977,19976,62750,2817,1374,1443
56305,87254,24500,41979,19978,62754,2817,1374,1443
56310,87264,24503,41985,19980,62759,2817,1374,1443
56315,87270,24506,41987,19982,62763,2817,1374,1443
56320,87281,24510,41993,19985,62769,2818,1375,1443
56325,87285,24512,41995,19987,62773,2818,1375,1443
56330,87295,24516,42004,19990,62778,2818,1375,1443
56335,87301,24517,42005,19991,62784,2818,1375,1443
56340,87312,24519,42010,19992,62790,2819,1375,1444
56345,87316,24520,42011,19993,62796,2819,1375,1444
56350,87326,24522,42017,19995,62803,2819,1375,1444
56355,87332,24523,42021,19996,62809,2819,1375,1444
56360,87343,24525,42028,19998,62816,2820,1376,1444
56365,87347,24527,42032,20000,62819,2820,1376,1444
56370,87357,24531,42034,20002,62826,2820,1376,1444
56375,87363,24531,42036,20002,62832,2820,1376,1444
56380,87374,24534,42045,20004,62838,2821,1377,1444
56385,87378,24536,42045,20006,62842,2821,1377,1444
56390,87388,24541,42051,20010,62847,2821,1377,1444
56395,87394,24542,42053,20011,62851,2821,1377,1444
56400,87405,24545,42057,20014,62859,2822,1377,1445
56405,87409,24547,42058,20016,62862,2822,1377,1445
56410,87419,24553,42065,20021,62866,2822,1377,1445
56415,87425,24554,42069,20022,62869,2822,1377,1445
56420,87436,24559,42076,20027,62876,2823,1378,1445
56425,87440,24559,42077,20027,62881,2823,1378,1445
56430,87450,24561,42081,20029,62889,2823,1378,1445
56435,87456,24562,42083,20030,62893,2823,1378,1445
56440,87467,24565,42089,20033,62902,2824,1378,1446
56445,87471,24565,42091,20033,62906,2824,1378,1446
56450,87481,24566,42095,20034,62913,2824,1378,1446
56455,87487,24569,42099,20037,62916,2824,1378,1446
56460,87498,24571,42105,20038,62925,2825,1378,1447
56465,87502,24573,42108,20040,62928,2825,1378,1447
56470,87512,24575,42112,20042,62937,2825,1378,1447
56475,87518,24576,42114,20042,62941,2825,1378,1447
56480,87529,24576,42119,20042,62951,2826,1379,1447
56485,87533,24577,42122,20043,62955,2826,1379,1447
56490,87543,24578,42130,20044,62964,2826,1379,1447
56495,87549,24581,42135,20047,62967,2826,1379,1447
56500,87560,24582,42140,20048,62978,2827,1379,1448
56505,87564,24582,42142,20048,62982,2827,1379,1448
56510,87574,24583,42147,20049,62991,2827,1379,1448
56515,87580,24585,42152,20051,62995,2827,1379,1448
56520,87591,24585,42157,20051,63004,2828,1380,1448
56525,87595,24586,42157,20052,63009,2828,1380,1448
56530,87605,24588,42162,20053,63016,2828,1380,1448
56535,87611,24590,42166,20055,63021,2828,1380,1448
56540,87622,24592,42170,20057,63029,2829,1381,1448
56545,87626,24593,42172,20058,63033,2829,1381,1448
56550,87636,24596,42179,20059,63040,2829,1381,1448
56555,87642,24597,42180,20059,63045,2829,1381,1448
56560,87653,24597,42183,20059,63055,2830,1381,1449
56565,87657,24599,42184,20061,63058,2830,1381,1449
56570,87667,24604,42191,20066,63063,2830,1381,1449
56575,87673,24606,42195,20068,63067,2830,1381,1449
56580,87684,24609,42201,20071,63073,2831,1382,1449
56585,87688,24612,42203,20074,63076,2831,1382,1449
56590,87698,24616,42208,20077,63081,2831,1382,1449
56595,87704,24619,42209,20079,63085,2831,1382,1449
56600,87715,24623,42214,20082,63090,2832,1382,1450
56605,87719,24626,42217,20085,63092,2832,1382,1450
56610,87729,24632,42221,20090,63097,2832,1382,1450
56615,87735,24634,42225,20092,63099,2832,1382,1450
56620,87746,24637,42229,20095,63106,2833,1382,1451
56625,87750,24641,42231,20099,63109,2833,1382,1451
56630,87760,24646,42238,20104,63112,2833,1382,1451
56635,87766,24651,42242,20108,63113,2833,1382,1451
56640,87777,24657,42250,20114,63117,2834,1383,1451
56645,87781,24660,42251,20117,63120,2834,1383,1451
56650,87791,24664,42257,20121,63126,2834,1383,1451
56655,87797,24666,42261,20122,63129,2834,1383,1451
56660,87808,24669,42267,20124,63136,2835,1383,1452
56665,87812,24671,42271,20126,63140,2835,1383,1452
56670,87822,24674,42277,20129,63147,2835,1383,1452
56675,87828,24677,42279,20131,63151,2835,1383,1452
56680,87839,24680,42287,20134,63158,2836,1383,1453
56685,87843,24680,42289,20134,63162,2836,1383,1453
56690,87853,24682,42294,20135,63170,2836,1383,1453
56695,87859,24683,42297,20136,63176,2836,1383,1453
56700,87870,24685,42301,20137,63185,2837,1383,1454
56705,87874,24685,42304,20137,63188,2837,1383,1454
56710,87884,24688,42309,20140,63196,2837,1383,1454
56715,87890,24688,42312,20140,63202,2837,1383,1454
56720,87901,24688,42317,20140,63213,2838,1384,1454
56725,87905,24688,42318,20140,63217,2838,1384,1454
56730,87915,24689,42322,20141,63226,2838,1384,1454
56735,87921,24689,42323,20141,63232,2838,1384,1454
56740,87932,24689,42328,20141,63243,2839,1385,1454
56745,87936,24689,42329,20141,63247,2839,1385,1454
56750,87946,24691,42335,20141,63255,2839,1385,1454
56755,87952,24691,42336,20141,63261,2839,1385,1454
56760,87963,24692,42341,20142,63269,2840,1385,1455
56765,87967,24693,42344,20143,63274,2840,1385,1455
56770,87977,24695,42350,20145,63282,2840,1385,1455
56775,87983,24695,42355,20145,63287,2840,1385,1455
56780,87994,24696,42361,20146,63296,2841,1385,1456
56785,87998,24697,42363,20147,63301,2841,1385,1456
56790,88008,24699,42369,20149,63309,2841,1385,1456
56795,88014,24700,42369,20149,63314,2841,1385,1456
56800,88025,24701,42373,20150,63324,2842,1386,1456
56805,88029,24701,42374,20150,63328,2842,1386,1456
56810,88039,24706,42380,20153,63332,2842,1386,1456
56815,88045,24710,42382,20156,63335,2842,1386,1456
56820,88056,24713,42388,20158,63339,2843,1386,1457
56825,88060,24717,42390,20162,63342,2843,1386,1457
56830,88070,24723,42395,20167,63346,2843,1386,1457
56835,88076,24726,42397,20169,63349,2843,1386,1457
56840,88087,24730,42401,20172,63355,2844,1386,1458
56845,88091,24732,42402,20174,63358,2844,1386,1458
56850,88101,24739,42407,20180,63362,2844,1386,1458
56855,88107,24741,42409,20182,63366,2844,1386,1458
56860,88118,24744,42416,20184,63370,2845,1387,1458
56865,88122,24749,42420,20189,63371,2845,1387,1458
56870,88132,24755,42425,20195,63376,2845,1387,1458
56875,88138,24757,42425,20196,63381,2845,1387,1458
56880,88149,24759,42426,20197,63390,2846,1387,1459
56885,88153,24759,42427,20197,63394,2846,1387,1459
56890,88163,24761,42431,20198,63401,2846,1387,1459
56895,88169,24764,42436,20201,63404,2846,1387,1459
56900,88180,24765,42442,20201,63412,2847,1388,1459
56905,88184,24767,42444,20203,63416,2847,1388,1459
56910,88194,24770,42448,20205,63424,2847,1388,1459
56915,88200,24771,42450,20205,63428,2847,1388,1459
56920,88211,24773,42456,20207,63436,2848,1388,1460
56925,88215,24774,42457,20208,63440,2848,1388,1460
56930,88225,24776,42461,20210,63448,2848,1388,1460
56935,88231,24777,42463,20211,63454,2848,1388,1460
56940,88242,24779,42467,20212,63462,2849,1388,1461
56945,88246,24779,42470,20212,63467,2849,1388,1461
56950,88256,24781,42476,20213,63474,2849,1388,1461
56955,88262,24782,42478,20214,63480,2849,1388,1461
56960,88273,24783,42483,20214,63489,2850,1389,1461
56965,88277,24783,42484,20214,63494,2850,1389,1461
56970,88287,24784,42485,20214,63503,2850,1389,1461
56975,88293,24784,42490,20214,63509,2850,1389,1461
56980,88304,24785,42496,20214,63518,2851,1389,1462
56985,88308,24785,42496,20214,63523,2851,1389,1462
56990,88318,24787,42505,20215,63531,2851,1389,1462
56995,88324,24787,42507,20215,63537,2851,1389,1462
57000,88335,24789,42513,20217,63546,2852,1390,1462
57005,88339,24789,42516,20217,63550,2852,1390,1462
57010,88349,24791,42521,20217,63558,2852,1390,1462
57015,88355,24791,42523,20217,63564,2852,1390,1462
57020,88366,24794,42531,20220,63570,2853,1390,1463
57025,88370,24795,42533,20221,63574,2853,1390,1463
57030,88380,24798,42540,20224,63582,2853,1390,1463
57035,88386,24799,42545,20225,63586,2853,1390,1463
57040,88397,24802,42548,20227,63594,2854,1390,1464
57045,88401,24803,42549,20228,63597,2854,1390,1464
57050,88411,24807,42553,20232,63604,2854,1390,1464
57055,88417,24808,42554,20232,63608,2854,1390,1464
57060,88428,24812,42560,20236,63614,2855,1390,1465
57065,88432,24814,42562,20238,63617,2855,1390,1465
57070,88442,24819,42565,20241,63622,2855,1390,1465
57075,88448,24822,42567,20243,63625,2855,1390,1465
57080,88459,24825,42571,20246,63633,2856,1390,1466
57085,88463,24827,42574,20248,63635,2856,1390,1466
57090,88473,24830,42578,20250,63643,2856,1390,1466
57095,88479,24831,42583,20251,63646,2856,1390,1466
57100,88490,24833,42588,20253,63656,2857,1390,1467
57105,88494,24833,42590,20253,63660,2857,1390,1467
57110,88504,24837,42595,20256,63666,2857,1390,1467
57115,88510,24840,42598,20258,63669,2857,1390,1467
57120,88521,24841,42603,20259,63678,2858,1391,1467
57125,88525,24842,42606,20260,63683,2858,1391,1467
57130,88535,24844,42612,20262,63690,2858,1391,1467
57135,88541,24847,42616,20264,63694,2858,1391,1467
57140,88552,24850,42620,20267,63702,2859,1391,1468
57145,88556,24850,42622,20267,63706,2859,1391,1468
57150,88566,24852,42626,20268,63714,2859,1391,1468
57155,88572,24854,42629,20270,63718,2859,1391,1468
57160,88583,24856,42635,20272,63726,2860,1391,1469
57165,88587,24857,42637,20273,63730,2860,1391,1469
57170,88597,24860,42641,20276,63737,2860,1391,1469
57175,88603,24861,42643,20277,63742,2860,1391,1469
57180,88614,24862,42649,20278,63750,2861,1391,1470
57185,88618,24864,42650,20280,63754,2861,1391,1470
57190,88628,24868,42656,20283,63759,2861,1391,1470
57195,88634,24871,42660,20286,63762,2861,1391,1470
57200,88645,24874,42665,20288,63768,2862,1392,1470
57205,88649,24877,42666,20291,63772,2862,1392,1470
57210,88659,24881,42670,20293,63777,2862,1392,1470
57215,88665,24884,42673,20296,63781,2862,1392,1470
57220,88676,24886,42677,20297,63788,2863,1392,1471
57225,88680,24888,42678,20299,63792,2863,1392,1471
57230,88690,24892,42682,20301,63796,2863,1392,1471
57235,88696,24895,42683,20304,63801,2863,1392,1471
57240,88707,24898,42690,20306,63805,2864,1393,1471
57245,88711,24903,42692,20311,63807,2864,1393,1471
57250,88721,24910,42697,20316,63811,2864,1393,1471
57255,88727,24911,42702,20316,63815,2864,1393,1471
57260,88738,24916,42708,20320,63822,2865,1393,1472
57265,88742,24916,42709,20320,63826,2865,1393,1472
57270,88752,24919,42716,20322,63832,2865,1393,1472
57275,88758,24921,42719,20323,63836,2865,1393,1472
57280,88769,24926,42725,20328,63842,2866,1393,1473
57285,88773,24928,42727,20330,63844,2866,1393,1473
57290,88783,24932,42730,20332,63851,2866,1393,1473
57295,88789,24933,42731,20332,63856,2866,1393,1473
57300,88800,24937,42735,20335,63863,2867,1394,1473
57305,88804,24937,42735,20335,63867,2867,1394,1473
57310,88814,24940,42741,20336,63873,2867,1394,1473
57315,88820,24942,42744,20338,63878,2867,1394,1473
57320,88831,24946,42752,20342,63884,2868,1395,1473
57325,88835,24947,42755,20343,63887,2868,1395,1473
57330,88845,24951,42759,20346,63893,2868,1395,1473
57335,88851,24953,42760,20348,63898,2868,1395,1473
57340,88862,24955,42762,20349,63907,2869,1395,1474
57345,88866,24956,42765,20350,63909,2869,1395,1474
57350,88876,24960,42771,20353,63914,2869,1395,1474
57355,88882,24964,42774,20356,63917,2869,1395,1474
57360,88893,24968,42780,20360,63923,2870,1395,1475
57365,88897,24969,42780,20361,63928,2870,1395,1475
57370,88907,24972,42786,20363,63933,2870,1395,1475
57375,88913,24976,42789,20367,63937,2870,1395,1475
57380,88924,24979,42794,20369,63944,2871,1395,1476
57385,88928,24980,42796,20370,63948,2871,1395,1476
57390,88938,24983,42800,20372,63954,2871,1395,1476
57395,88944,24985,42803,20374,63958,2871,1395,1476
57400,88955,24987,42808,20375,63966,2872,1396,1476
57405,88959,24988,42809,20376,63970,2872,1396,1476
57410,88969,24992,42814,20380,63977,2872,1396,1476
57415,88975,24994,42818,20382,63980,2872,1396,1476
57420,88986,24996,42820,20383,63989,2873,1396,1477
57425,88990,24996,42822,20383,63993,2873,1396,1477
57430,89000,24997,42827,20384,64003,2873,1396,1477
57435,89006,24997,42829,20384,64008,2873,1396,1477
57440,89017,24997,42834,20384,64020,2874,1397,1477
57445,89021,24997,42836,20384,64024,2874,1397,1477
57450,89031,24998,42840,20385,64033,2874,1397,1477
57455,89037,24998,42842,20385,64038,2874,1397,1477
57460,89048,24998,42851,20385,64048,2875,1398,1477
57465,89052,24998,42853,20385,64053,2875,1398,1477
57470,89062,25000,42859,20387,64062,2875,1398,1477
57475,89068,25000,42862,20387,64067,2875,1398,1477
57480,89079,25001,42866,20388,64077,2876,1398,1478
57485,89083,25001,42866,20388,64082,2876,1398,1478
57490,89093,25003,42870,20390,64090,2876,1398,1478
57495,89099,25003,42873,20390,64095,2876,1398,1478
57500,89110,25005,42878,20392,64103,2877,1398,1479
57505,89114,25006,42879,20393,64107,2877,1398,1479
57510,89124,25008,42885,20395,64116,2877,1398,1479
57515,89130,25008,42887,20395,64122,2877,1398,1479
57520,89141,25008,42892,20395,64132,2878,1398,1480
57525,89145,25008,42894,20395,64137,2878,1398,1480
57530,89155,25010,42900,20397,64144,2878,1398,1480
57535,89161,25013,42903,20399,64147,2878,1398,1480
57540,89172,25017,42906,20402,64155,2879,1399,1480
57545,89176,25018,42910,20403,64157,2879,1399,1480
57550,89186,25023,42915,20407,64162,2879,1399,1480
57555,89192,25025,42919,20409,64166,2879,1399,1480
57560,89203,25029,42925,20413,64172,2880,1400,1480
57565,89207,25031,42928,20415,64176,2880,1400,1480
57570,89217,25034,42931,20416,64182,2880,1400,1480
57575,89223,25037,42936,20418,64185,2880,1400,1480
57580,89234,25041,42942,20422,64192,2881,1400,1481
57585,89238,25043,42945,20424,64194,2881,1400,1481
57590,89248,25046,42949,20426,64202,2881,1400,1481
57595,89254,25047,42954,20427,64207,2881,1400,1481
57600,89265,25050,42959,20430,64215,2882,1401,1481
57605,89269,25050,42961,20430,64218,2882,1401,1481
57610,89279,25053,42964,20432,64226,2882,1401,1481
57615,89285,25055,42967,20433,64228,2882,1401,1481
57620,89296,25061,42972,20439,64235,2883,1401,1482
57625,89300,25061,42974,20439,64239,2883,1401,1482
57630,89310,25062,42977,20439,64248,2883,1401,1482
57635,89316,25063,42980,20439,64252,2883,1401,1482
57640,89327,25065,42984,20440,64262,2884,1402,1482
57645,89331,25065,42985,20440,64265,2884,1402,1482
57650,89341,25066,42989,20440,64275,2884,1402,1482
57655,89347,25067,42992,20441,64279,2884,1402,1482
57660,89358,25070,42995,20443,64288,2885,1403,1482
57665,89362,25070,42997,20443,64292,2885,1403,1482
57670,89372,25071,43000,20443,64301,2885,1403,1482
57675,89378,25072,43004,20444,64306,2885,1403,1482
57680,89389,25075,43009,20446,64313,2886,1403,1483
57685,89393,25076,43010,20447,64316,2886,1403,1483
57690,89403,25077,43016,20447,64324,2886,1403,1483
57695,89409,25080,43018,20449,64329,2886,1403,1483
57700,89420,25082,43023,20450,64336,2887,1404,1483
57705,89424,25083,43024,20451,64340,2887,1404,1483
57710,89434,25085,43029,20453,64349,2887,1404,1483
57715,89440,25086,43031,20454,64353,2887,1404,1483
57720,89451,25087,43035,20455,64362,2888,1404,1484
57725,89455,25089,43038,20457,64365,2888,1404,1484
57730,89465,25092,43041,20458,64372,2888,1404,1484
57735,89471,25095,43045,20460,64375,2888,1404,1484
57740,89482,25097,43050,20462,64383,2889,1404,1485
57745,89486,25099,43052,20464,64387,2889,1404,1485
57750,89496,25101,43057,20466,64394,2889,1404,1485
57755,89502,25104,43062,20469,64397,2889,1404,1485
57760,89513,25108,43071,20472,64400,2890,1405,1485
57765,89517,25112,43074,20476,64405,2890,1405,1485
57770,89527,25115,43079,20478,64411,2890,1405,1485
57775,89533,25117,43082,20479,64415,2890,1405,1485
57780,89544,25122,43090,20484,64418,2891,1405,1486
57785,89548,25124,43094,20486,64424,2891,1405,1486
57790,89558,25126,43100,20487,64432,2891,1405,1486
57795,89564,25126,43102,20487,64437,2891,1405,1486
57800,89575,25130,43108,20490,64444,2892,1406,1486
57805,89579,25130,43110,20490,64449,2892,1406,1486
57810,89589,25132,43115,20491,64457,2892,1406,1486
57815,89595,25132,43119,20491,64463,2892,1406,1486
57820,89606,25134,43126,20493,64471,2893,1407,1486
57825,89610,25135,43129,20494,64474,2893,1407,1486
57830,89620,25138,43135,20495,64482,2893,1407,1486
57835,89626,25138,43138,20495,64488,2893,1407,1486
57840,89637,25140,43142,20497,64496,2894,1407,1487
57845,89641,25141,43144,20498,64499,2894,1407,1487
57850,89651,25145,43148,20501,64506,2894,1407,1487
57855,89657,25146,43152,20502,64509,2894,1407,1487
57860,89668,25149,43158,20504,64517,2895,1408,1487
57865,89672,25152,43160,20507,64520,2895,1408,1487
57870,89682,25156,43165,20510,64526,2895,1408,1487
57875,89688,25156,43167,20510,64530,2895,1408,1487
57880,89699,25161,43172,20514,64537,2896,1408,1488
57885,89703,25162,43174,20515,64540,2896,1408,1488
57890,89713,25163,43176,20515,64550,2896,1408,1488
57895,89719,25164,43180,20515,64553,2896,1408,1488
57900,89730,25166,43186,20516,64564,2897,1409,1488
57905,89734,25166,43187,20516,64567,2897,1409,1488
57910,89744,25167,43193,20517,64577,2897,1409,1488
57915,89750,25168,43194,20517,64582,2897,1409,1488
57920,89761,25171,43201,20519,64588,2898,1410,1488
57925,89765,25173,43203,20521,64592,2898,1410,1488
57930,89775,25175,43209,20523,64598,2898,1410,1488
57935,89781,25178,43211,20526,64603,2898,1410,1488
57940,89792,25181,43221,20529,64607,2899,1411,1488
57945,89796,25184,43223,20532,64612,2899,1411,1488
57950,89806,25187,43228,20534,64618,2899,1411,1488
57955,89812,25190,43232,20537,64622,2899,1411,1488
57960,89823,25192,43237,20539,64630,2900,1412,1488
57965,89827,25192,43238,20539,64635,2900,1412,1488
57970,89837,25193,43243,20539,64643,2900,1412,1488
57975,89843,25195,43243,20540,64648,2900,1412,1488
57980,89854,25198,43247,20542,64656,2901,1413,1488
57985,89858,25198,43250,20542,64660,2901,1413,1488
57990,89868,25202,43257,20546,64665,2901,1413,1488
57995,89874,25204,43259,20547,64669,2901,1413,1488
58000,89885,25209,43266,20551,64674,2902,1414,1488
58005,89889,25210,43266,20552,64679,2902,1414,1488
58010,89899,25212,43268,20553,64687,2902,1414,1488
58015,89905,25212,43273,20553,64691,2902,1414,1488
58020,89916,25215,43279,20555,64700,2903,1415,1488
58025,89920,25215,43281,20555,64704,2903,1415,1488
58030,89930,25217,43286,20557,64713,2903,1415,1488
58035,89936,25217,43290,20557,64717,2903,1415,1488
58040,89947,25221,43298,20561,64725,2904,1416,1488
58045,89951,25221,43299,20561,64729,2904,1416,1488
58050,89961,25223,43303,20562,64738,2904,1416,1488
58055,89967,25223,43307,20562,64742,2904,1416,1488
58060,89978,25225,43310,20563,64753,2905,1417,1488
58065,89982,25225,43312,20563,64757,2905,1417,1488
58070,89992,25227,43314,20564,64765,2905,1417,1488
58075,89998,25227,43316,20564,64771,2905,1417,1488
58080,90009,25231,43325,20568,64777,2906,1418,1488
58085,90013,25232,43326,20569,64780,2906,1418,1488
58090,90023,25237,43333,20573,64786,2906,1418,1488
58095,90029,25237,43337,20573,64790,2906,1418,1488
58100,90040,25240,43340,20575,64799,2907,1418,1489
58105,90044,25242,43342,20577,64801,2907,1418,1489
58110,90054,25246,43346,20581,64808,2907,1418,1489
58115,90060,25248,43348,20582,64811,2907,1418,1489
58120,90071,25251,43353,20585,64820,2908,1419,1489
58125,90075,25251,43355,20585,64823,2908,1419,1489
58130,90085,25254,43360,20588,64831,2908,1419,1489
58135,90091,25256,43364,20590,64833,2908,1419,1489
58140,90102,25260,43370,20594,64842,2909,1419,1490
58145,90106,25260,43372,20594,64846,2909,1419,1490
58150,90116,25261,43379,20595,64855,2909,1419,1490
58155,90122,25262,43382,20596,64860,2909,1419,1490
58160,90133,25264,43387,20597,64869,2910,1420,1490
58165,90137,25264,43389,20597,64873,2910,1420,1490
58170,90147,25265,43396,20598,64882,2910,1420,1490
58175,90153,25266,43401,20599,64886,2910,1420,1490
58180,90164,25268,43406,20601,64896,2911,1421,1490
58185,90168,25268,43407,20601,64900,2911,1421,1490
58190,90178,25269,43409,20601,64909,2911,1421,1490
58195,90184,25270,43412,20602,64914,2911,1421,1490
58200,90195,25271,43417,20603,64924,2912,1422,1490
58205,90199,25271,43419,20603,64927,2912,1422,1490
58210,90209,25273,43422,20604,64935,2912,1422,1490
58215,90215,25275,43423,20606,64940,2912,1422,1490
58220,90226,25276,43427,20607,64950,2913,1422,1491
58225,90230,25276,43429,20607,64953,2913,1422,1491
58230,90240,25277,43432,20607,64962,2913,1422,1491
58235,90246,25279,43433,20608,64966,2913,1422,1491
58240,90257,25280,43435,20608,64975,2914,1422,1492
58245,90261,25281,43437,20609,64979,2914,1422,1492
58250,90271,25283,43440,20609,64988,2914,1422,1492
58255,90277,25285,43445,20611,64992,2914,1422,1492
58260,90288,25289,43450,20614,64997,2915,1422,1493
58265,90292,25291,43451,20616,65001,2915,1422,1493
58270,90302,25295,43457,20619,65006,2915,1422,1493
58275,90308,25298,43460,20622,65010,2915,1422,1493
58280,90319,25300,43464,20623,65016,2916,1422,1494
58285,90323,25303,43467,20626,65020,2916,1422,1494
58290,90333,25307,43473,20629,65025,2916,1422,1494
58295,90339,25310,43475,20631,65029,2916,1422,1494
58300,90350,25312,43482,20633,65034,2917,1422,1495
58305,90354,25315,43482,20636,65039,2917,1422,1495
58310,90364,25318,43485,20637,65046,2917,1422,1495
58315,90370,25320,43487,20638,65049,2917,1422,1495
58320,90381,25323,43490,20640,65057,2918,1422,1496
58325,90385,25324,43490,20641,65061,2918,1422,1496
58330,90395,25326,43496,20642,65069,2918,1422,1496
58335,90401,25327,43498,20643,65074,2918,1422,1496
58340,90412,25329,43502,20644,65081,2919,1422,1497
58345,90416,25331,43505,20646,65084,2919,1422,1497
58350,90426,25334,43512,20649,65092,2919,1422,1497
58355,90432,25335,43516,20650,65096,2919,1422,1497
58360,90443,25339,43521,20654,65103,2920,1423,1497
58365,90447,25340,43524,20655,65105,2920,1423,1497
58370,90457,25344,43530,20659,65113,2920,1423,1497
58375,90463,25345,43531,20659,65117,2920,1423,1497
58380,90474,25350,43538,20664,65123,2921,1423,1498
58385,90478,25352,43540,20666,65125,2921,1423,1498
58390,90488,25357,43545,20670,65131,2921,1423,1498
58395,90494,25359,43549,20672,65134,2921,1423,1498
58400,90505,25364,43555,20677,65140,2922,1423,1499
58405,90509,25366,43558,20679,65141,2922,1423,1499
58410,90519,25368,43563,20680,65151,2922,1423,1499
58415,90525,25369,43566,20680,65155,2922,1423,1499
58420,90536,25371,43571,20682,65164,2923,1423,1500
58425,90540,25371,43574,20682,65168,2923,1423,1500
58430,90550,25374,43581,20684,65175,2923,1423,1500
58435,90556,25376,43583,20685,65179,2923,1423,1500
58440,90567,25378,43587,20686,65188,2924,1424,1500
58445,90571,25379,43588,20687,65192,2924,1424,1500
58450,90581,25381,43594,20689,65199,2924,1424,1500
58455,90587,25383,43596,20691,65203,2924,1424,1500
58460,90598,25384,43600,20692,65213,2925,1424,1501
58465,90602,25385,43601,20693,65217,2925,1424,1501
58470,90612,25386,43604,20694,65225,2925,1424,1501
58475,90618,25389,43606,20696,65228,2925,1424,1501
58480,90629,25392,43612,20697,65235,2926,1424,1502
58485,90633,25394,43613,20699,65239,2926,1424,1502
58490,90643,25396,43617,20701,65246,2926,1424,1502
58495,90649,25399,43620,20703,65249,2926,1424,1502
58500,90660,25401,43627,20705,65257,2927,1424,1503
58505,90664,25401,43629,20705,65263,2927,1424,1503
58510,90674,25402,43637,20706,65272,2927,1424,1503
58515,90680,25402,43639,20706,65277,2927,1424,1503
58520,90691,25404,43643,20708,65287,2928,1424,1504
58525,90695,25404,43645,20708,65291,2928,1424,1504
58530,90705,25406,43649,20709,65299,2928,1424,1504
58535,90711,25406,43652,20709,65304,2928,1424,1504
58540,90722,25409,43659,20711,65310,2929,1424,1505
58545,90726,25410,43661,20712,65315,2929,1424,1505
58550,90736,25414,43666,20716,65322,2929,1424,1505
58555,90742,25415,43670,20717,65325,2929,1424,1505
58560,90753,25421,43673,20721,65332,2930,1424,1506
58565,90757,25421,43674,20721,65336,2930,1424,1506
58570,90767,25423,43678,20721,65344,2930,1424,1506
58575,90773,25423,43681,20721,65349,2930,1424,1506
58580,90784,25427,43686,20725,65357,2931,1425,1506
58585,90788,25428,43688,20726,65360,2931,1425,1506
58590,90798,25430,43692,20727,65368,2931,1425,1506
58595,90804,25430,43695,20727,65373,2931,1425,1506
58600,90815,25433,43700,20729,65380,2932,1425,1507
58605,90819,25435,43702,20731,65384,2932,1425,1507
58610,90829,25437,43707,20731,65392,2932,1425,1507
58615,90835,25438,43711,20731,65396,2932,1425,1507
58620,90846,25442,43716,20735,65404,2933,1425,1508
58625,90850,25443,43717,20736,65407,2933,1425,1508
58630,90860,25445,43718,20736,65415,2933,1425,1508
58635,90866,25446,43721,20737,65420,2933,1425,1508
58640,90877,25449,43725,20738,65426,2934,1426,1508
58645,90881,25450,43726,20739,65431,2934,1426,1508
58650,90891,25452,43731,20741,65439,2934,1426,1508
58655,90897,25453,43733,20741,65443,2934,1426,1508
58660,90908,25457,43740,20745,65450,2935,1427,1508
58665,90912,25459,43743,20747,65452,2935,1427,1508
58670,90922,25462,43744,20748,65460,2935,1427,1508
58675,90928,25464,43746,20750,65464,2935,1427,1508
58680,90939,25468,43755,20754,65467,2936,1428,1508
58685,90943,25473,43756,20759,65470,2936,1428,1508
58690,90953,25475,43761,20760,65476,2936,1428,1508
58695,90959,25479,43764,20764,65480,2936,1428,1508
58700,90970,25482,43770,20766,65485,2937,1428,1509
58705,90974,25484,43772,20768,65489,2937,1428,1509
58710,90984,25485,43775,20768,65499,2937,1428,1509
58715,90990,25486,43776,20769,65504,2937,1428,1509
58720,91001,25489,43783,20771,65509,2938,1428,1510
58725,91005,25491,43784,20773,65513,2938,1428,1510
58730,91015,25492,43788,20774,65522,2938,1428,1510
58735,91021,25494,43791,20776,65526,2938,1428,1510
58740,91032,25496,43795,20776,65534,2939,1428,1511
58745,91036,25497,43798,20777,65538,2939,1428,1511
58750,91046,25500,43804,20780,65546,2939,1428,1511
58755,91052,25501,43806,20781,65551,2939,1428,1511
58760,91063,25504,43813,20783,65556,2940,1428,1512
58765,91067,25506,43815,20785,65560,2940,1428,1512
58770,91077,25509,43820,20787,65567,2940,1428,1512
58775,91083,25511,43825,20789,65571,2940,1428,1512
58780,91094,25514,43831,20791,65579,2941,1429,1512
58785,91098,25514,43832,20791,65584,2941,1429,1512
58790,91108,25516,43837,20793,65591,2941,1429,1512
58795,91114,25518,43838,20794,65595,2941,1429,1512
58800,91125,25520,43844,20795,65603,2942,1430,1512
58805,91129,25522,43847,20797,65607,2942,1430,1512
58810,91139,25524,43851,20798,65615,2942,1430,1512
58815,91145,25524,43856,20798,65620,2942,1430,1512
58820,91156,25527,43862,20800,65627,2943,1431,1512
58825,91160,25528,43864,20801,65632,2943,1431,1512
58830,91170,25530,43866,20801,65640,2943,1431,1512
58835,91176,25530,43869,20801,65646,2943,1431,1512
58840,91187,25532,43873,20802,65654,2944,1432,1512
58845,91191,25533,43877,20803,65658,2944,1432,1512
58850,91201,25535,43880,20804,65666,2944,1432,1512
58855,91207,25535,43885,20804,65671,2944,1432,1512
58860,91218,25539,43892,20807,65678,2945,1433,1512
58865,91222,25540,43893,20808,65682,2945,1433,1512
58870,91232,25542,43896,20809,65690,2945,1433,1512
58875,91238,25542,43901,20809,65695,2945,1433,1512
58880,91249,25547,43907,20813,65702,2946,1434,1512
58885,91253,25548,43910,20814,65704,2946,1434,1512
58890,91263,25551,43917,20817,65712,2946,1434,1512
58895,91269,25551,43923,20817,65717,2946,1434,1512
58900,91280,25556,43931,20822,65723,2947,1435,1512
58905,91284,25556,43933,20822,65727,2947,1435,1512
58910,91294,25561,43939,20827,65733,2947,1435,1512
58915,91300,25563,43942,20828,65736,2947,1435,1512
58920,91311,25567,43946,20831,65743,2948,1436,1512
58925,91315,25569,43948,20833,65746,2948,1436,1512
58930,91325,25574,43955,20838,65750,2948,1436,1512
58935,91331,25577,43958,20841,65753,2948,1436,1512
58940,91342,25582,43965,20846,65759,2949,1437,1512
58945,91346,25583,43967,20847,65763,2949,1437,1512
58950,91356,25585,43970,20848,65769,2949,1437,1512
58955,91362,25589,43974,20851,65772,2949,1437,1512
58960,91373,25592,43979,20852,65778,2950,1437,1513
58965,91377,25594,43980,20854,65782,2950,1437,1513
58970,91387,25597,43986,20857,65789,2950,1437,1513
58975,91393,25600,43989,20859,65791,2950,1437,1513
58980,91404,25602,43995,20860,65799,2951,1437,1514
58985,91408,25604,43995,20862,65804,2951,1437,1514
58990,91418,25605,44001,20862,65813,2951,1437,1514
58995,91424,25605,44003,20862,65818,2951,1437,1514
59000,91435,25607,44007,20862,65827,2952,1437,1515
59005,91439,25607,44009,20862,65832,2952,1437,1515
59010,91449,25608,44012,20863,65841,2952,1437,1515
59015,91455,25608,44014,20863,65846,2952,1437,1515
59020,91466,25610,44019,20864,65856,2953,1438,1515
59025,91470,25610,44022,20864,65859,2953,1438,1515
59030,91480,25611,44030,20865,65869,2953,1438,1515
59035,91486,25611,44035,20865,65874,2953,1438,1515
59040,91497,25613,44041,20866,65884,2954,1439,1515
59045,91501,25613,44042,20866,65888,2954,1439,1515
59050,91511,25615,44047,20868,65896,2954,1439,1515
59055,91517,25615,44049,20868,65902,2954,1439,1515
59060,91528,25617,44054,20869,65910,2955,1439,1516
59065,91532,25617,44056,20869,65915,2955,1439,1516
59070,91542,25619,44061,20870,65923,2955,1439,1516
59075,91548,25619,44065,20870,65929,2955,1439,1516
59080,91559,25622,44072,20873,65937,2956,1440,1516
59085,91563,25622,44074,20873,65941,2956,1440,1516
59090,91573,25626,44078,20876,65946,2956,1440,1516
59095,91579,25628,44080,20878,65951,2956,1440,1516
59100,91590,25631,44084,20879,65956,2957,1440,1517
59105,91594,25633,44085,20881,65961,2957,1440,1517
59110,91604,25636,44091,20883,65966,2957,1440,1517
59115,91610,25640,44094,20886,65969,2957,1440,1517
59120,91621,25645,44100,20889,65972,2958,1440,1518
59125,91625,25648,44101,20892,65977,2958,1440,1518
59130,91635,25651,44105,20894,65984,2958,1440,1518
59135,91641,25652,44109,20895,65988,2958,1440,1518
59140,91652,25656,44114,20898,65993,2959,1440,1519
59145,91656,25660,44116,20902,65996,2959,1440,1519
59150,91666,25664,44120,20905,66001,2959,1440,1519
59155,91672,25668,44124,20909,66003,2959,1440,1519
59160,91683,25674,44128,20913,66008,2960,1440,1520
59165,91687,25675,44129,20914,66012,2960,1440,1520
59170,91697,25678,44136,20917,66019,2960,1440,1520
59175,91703,25678,44140,20917,66023,2960,1440,1520
59180,91714,25682,44141,20919,66032,2961,1440,1521
59185,91718,25682,44142,20919,66036,2961,1440,1521
59190,91728,25686,44144,20921,66042,2961,1440,1521
59195,91734,25686,44146,20921,66046,2961,1440,1521
59200,91745,25692,44154,20926,66052,2962,1441,1521
59205,91749,25693,44157,20927,66054,2962,1441,1521
59210,91759,25697,44162,20930,66062,2962,1441,1521
59215,91765,25697,44165,20930,66068,2962,1441,1521
59220,91776,25699,44172,20932,66076,2963,1442,1521
59225,91780,25699,44174,20932,66080,2963,1442,1521
59230,91790,25700,44178,20932,66090,2963,1442,1521
59235,91796,25700,44182,20932,66094,2963,1442,1521
59240,91807,25702,44188,20934,66104,2964,1442,1522
59245,91811,25702,44190,20934,66109,2964,1442,1522
59250,91821,25703,44197,20935,66118,2964,1442,1522
59255,91827,25703,44202,20935,66122,2964,1442,1522
59260,91838,25705,44205,20936,66132,2965,1442,1523
59265,91842,25705,44208,20936,66136,2965,1442,1523
59270,91852,25706,44211,20936,66146,2965,1442,1523
59275,91858,25707,44212,20937,66151,2965,1442,1523
59280,91869,25709,44215,20937,66157,2966,1442,1524
59285,91873,25711,44217,20939,66162,2966,1442,1524
59290,91883,25713,44222,20941,66169,2966,1442,1524
59295,91889,25716,44225,20944,66173,2966,1442,1524
59300,91900,25718,44229,20944,66179,2967,1442,1525
59305,91904,25720,44233,20946,66183,2967,1442,1525
59310,91914,25723,44239,20949,66191,2967,1442,1525
59315,91920,25725,44245,20951,66194,2967,1442,1525
59320,91931,25727,44247,20951,66201,2968,1442,1526
59325,91935,25729,44250,20953,66205,2968,1442,1526
59330,91945,25732,44255,20955,66211,2968,1442,1526
59335,91951,25735,44257,20958,66216,2968,1442,1526
59340,91962,25737,44262,20958,66221,2969,1443,1526
59345,91966,25740,44263,20961,66225,2969,1443,1526
59350,91976,25743,44268,20963,66232,2969,1443,1526
59355,91982,25745,44271,20964,66236,2969,1443,1526
59360,91993,25748,44275,20966,66243,2970,1443,1527
59365,91997,25749,44275,20967,66248,2970,1443,1527
59370,92007,25752,44280,20969,66254,2970,1443,1527
59375,92013,25753,44284,20970,66260,2970,1443,1527
59380,92024,25756,44288,20973,66267,2971,1443,1528
59385,92028,25756,44289,20973,66272,2971,1443,1528
59390,92038,25758,44295,20974,66280,2971,1443,1528
59395,92044,25758,44300,20974,66285,2971,1443,1528
59400,92055,25763,44304,20978,66291,2972,1443,1529
59405,92059,25764,44305,20979,66295,2972,1443,1529
59410,92069,25766,44309,20979,66303,2972,1443,1529
59415,92075,25766,44310,20979,66308,2972,1443,1529
59420,92086,25769,44315,20981,66316,2973,1444,1529
59425,92090,25769,44317,20981,66320,2973,1444,1529
59430,92100,25772,44321,20983,66328,2973,1444,1529
59435,92106,25772,44321,20983,66334,2973,1444,1529
59440,92117,25775,44327,20985,66341,2974,1444,1530
59445,92121,25775,44329,20985,66345,2974,1444,1530
59450,92131,25778,44333,20986,66353,2974,1444,1530
59455,92137,25778,44336,20986,66358,2974,1444,1530
59460,92148,25782,44340,20989,66364,2975,1444,1531
59465,92152,25783,44340,20990,66369,2975,1444,1531
59470,92162,25786,44343,20992,66376,2975,1444,1531
59475,92168,25786,44346,20992,66381,2975,1444,1531
59480,92179,25790,44352,20995,66388,2976,1445,1531
59485,92183,25791,44356,20996,66389,2976,1445,1531
59490,92193,25798,44361,21001,66393,2976,1445,1531
59495,92199,25801,44363,21004,66397,2976,1445,1531
59500,92210,25805,44369,21007,66401,2977,1446,1531
59505,92214,25808,44371,21010,66404,2977,1446,1531
59510,92224,25813,44374,21013,66410,2977,1446,1531
59515,92230,25815,44375,21014,66414,2977,1446,1531
59520,92241,25820,44380,21017,66419,2978,1446,1532
59525,92245,25821,44380,21018,66424,2978,1446,1532
59530,92255,25822,44384,21018,66432,2978,1446,1532
59535,92261,25824,44384,21019,66437,2978,1446,1532
59540,92272,25826,44390,21021,66443,2979,1447,1532
59545,92276,25828,44393,21023,66447,2979,1447,1532
59550,92286,25829,44396,21023,66455,2979,1447,1532
59555,92292,25833,44398,21027,66459,2979,1447,1532
59560,92303,25836,44405,21029,66464,2980,1448,1532
59565,92307,25838,44409,21031,66468,2980,1448,1532
59570,92317,25840,44416,21033,66476,2980,1448,1532
59575,92323,25843,44418,21035,66479,2980,1448,1532
59580,92334,25846,44423,21036,66484,2981,1448,1533
59585,92338,25848,44425,21038,66490,2981,1448,1533
59590,92348,25849,44429,21038,66499,2981,1448,1533
59595,92354,25849,44432,21038,66505,2981,1448,1533
59600,92365,25851,44436,21038,66513,2982,1448,1534
59605,92369,25851,44439,21038,66517,2982,1448,1534
59610,92379,25852,44444,21039,66527,2982,1448,1534
59615,92385,25852,44446,21039,66532,2982,1448,1534
59620,92396,25854,44452,21040,66541,2983,1448,1535
59625,92400,25854,44453,21040,66546,2983,1448,1535
59630,92410,25856,44459,21042,66554,2983,1448,1535
59635,92416,25856,44462,21042,66559,2983,1448,1535
59640,92427,25858,44465,21042,66568,2984,1448,1536
59645,92431,25858,44466,21042,66573,2984,1448,1536
59650,92441,25860,44470,21042,66581,2984,1448,1536
59655,92447,25860,44473,21042,66586,2984,1448,1536
59660,92458,25864,44477,21044,66593,2985,1448,1537
59665,92462,25864,44478,21044,66597,2985,1448,1537
59670,92472,25866,44481,21045,66606,2985,1448,1537
59675,92478,25866,44483,21045,66611,2985,1448,1537
59680,92489,25869,44488,21046,66619,2986,1448,1538
59685,92493,25870,44491,21047,66621,2986,1448,1538
59690,92503,25876,44496,21051,66627,2986,1448,1538
59695,92509,25877,44500,21052,66630,2986,1448,1538
59700,92520,25884,44507,21057,66634,2987,1449,1538
59705,92524,25886,44510,21059,66638,2987,1449,1538
59710,92534,25888,44514,21060,66646,2987,1449,1538
59715,92540,25889,44514,21060,66651,2987,1449,1538
59720,92551,25893,44520,21063,66657,2988,1449,1539
59725,92555,25893,44522,21063,66661,2988,1449,1539
59730,92565,25897,44528,21065,66666,2988,1449,1539
59735,92571,25901,44532,21069,66670,2988,1449,1539
59740,92582,25904,44538,21071,66675,2989,1450,1539
59745,92586,25906,44538,21073,66680,2989,1450,1539
59750,92596,25909,44543,21075,66686,2989,1450,1539
59755,92602,25911,44545,21076,66690,2989,1450,1539
59760,92613,25914,44550,21079,66697,2990,1451,1539
59765,92617,25916,44552,21081,66701,2990,1451,1539
59770,92627,25919,44558,21083,66707,2990,1451,1539
59775,92633,25921,44559,21084,66712,2990,1451,1539
59780,92644,25922,44561,21084,66720,2991,1452,1539
59785,92648,25923,44561,21085,66725,2991,1452,1539
59790,92658,25925,44564,21085,66732,2991,1452,1539
59795,92664,25928,44566,21088,66736,2991,1452,1539
59800,92675,25930,44574,21090,66741,2992,1453,1539
59805,92679,25934,44575,21094,66744,2992,1453,1539
59810,92689,25937,44580,21097,66750,2992,1453,1539
59815,92695,25941,44583,21100,66752,2992,1453,1539
59820,92706,25944,44587,21102,66761,2993,1454,1539
59825,92710,25944,44588,21102,66766,2993,1454,1539
59830,92720,25946,44592,21104,66774,2993,1454,1539
59835,92726,25947,44593,21104,66779,2993,1454,1539
59840,92737,25949,44597,21105,66787,2994,1454,1540
59845,92741,25949,44599,21105,66792,2994,1454,1540
59850,92751,25951,44604,21107,66800,2994,1454,1540
59855,92757,25952,44606,21107,66804,2994,1454,1540
59860,92768,25954,44611,21109,66812,2995,1455,1540
59865,92772,25955,44612,21110,66817,2995,1455,1540
59870,92782,25957,44617,21111,66824,2995,1455,1540
59875,92788,25958,44621,21112,66830,2995,1455,1540
59880,92799,25959,44625,21112,66839,2996,1455,1541
59885,92803,25959,44626,21112,66844,2996,1455,1541
59890,92813,25960,44629,21112,66853,2996,1455,1541
59895,92819,25960,44630,21112,66858,2996,1455,1541
59900,92830,25961,44637,21113,66867,2997,1455,1542
59905,92834,25961,44639,21113,66873,2997,1455,1542
59910,92844,25962,44645,21114,66882,2997,1455,1542
59915,92850,25962,44646,21114,66887,2997,1455,1542
59920,92861,25963,44650,21114,66897,2998,1455,1543
59925,92865,25963,44651,21114,66901,2998,1455,1543
59930,92875,25966,44655,21116,66909,2998,1455,1543
59935,92881,25966,44659,21116,66913,2998,1455,1543
59940,92892,25971,44663,21121,66920,2999,1455,1544
59945,92896,25972,44666,21122,66922,2999,1455,1544
59950,92906,25975,44670,21125,66931,2999,1455,1544
59955,92912,25975,44674,21125,66936,2999,1455,1544
59960,92923,25976,44678,21125,66946,3000,1456,1544
59965,92927,25976,44680,21125,66951,3000,1456,1544
59970,92937,25978,44681,21126,66959,3000,1456,1544
59975,92943,25978,44686,21126,66964,3000,1456,1544
59980,92954,25980,44691,21128,66973,3001,1457,1544
59985,92958,25980,44694,21128,66977,3001,1457,1544
59990,92968,25982,44701,21130,66986,3001,1457,1544
59995,92974,25983,44703,21131,66991,3001,1457,1544
60000,92985,25984,44705,21131,67000,3002,1457,1545
60005,92989,25984,44707,21131,67004,3002,1457,1545
60010,92999,25986,44710,21131,67013,3002,1457,1545
60015,93005,25987,44712,21131,67018,3002,1457,1545
60020,93016,25988,44716,21131,67025,3003,1458,1545
60025,93020,25990,44717,21133,67030,3003,1458,1545
60030,93030,25992,44722,21134,67037,3003,1458,1545
60035,93036,25994,44723,21135,67042,3003,1458,1545
60040,93047,25996,44728,21136,67048,3004,1459,1545
60045,93051,25998,44729,21138,67053,3004,1459,1545
60050,93061,26001,44735,21140,67059,3004,1459,1545
60055,93067,26004,44738,21143,67063,3004,1459,1545
60060,93078,26007,44744,21146,67068,3005,1459,1546
60065,93082,26009,44745,21148,67070,3005,1459,1546
60070,93092,26016,44751,21151,67074,3005,1459,1546
60075,93098,26021,44756,21156,67075,3005,1459,1546
60080,93109,26027,44762,21162,67080,3006,1460,1546
60085,93113,26028,44763,21162,67083,3006,1460,1546
60090,93123,26034,44769,21165,67088,3006,1460,1546
60095,93129,26037,44772,21166,67090,3006,1460,1546
60100,93140,26042,44777,21169,67093,3007,1460,1547
60105,93144,26047,44778,21173,67095,3007,1460,1547
60110,93154,26052,44780,21176,67102,3007,1460,1547
60115,93160,26054,44783,21178,67104,3007,1460,1547
60120,93171,26060,44791,21182,67107,3008,1461,1547
60125,93175,26062,44793,21184,67110,3008,1461,1547
60130,93185,26068,44798,21187,67116,3008,1461,1547
60135,93191,26070,44799,21187,67119,3008,1461,1547
60140,93202,26074,44805,21189,67126,3009,1462,1547
60145,93206,26075,44808,21190,67127,3009,1462,1547
60150,93216,26082,44812,21193,67133,3009,1462,1547
60155,93222,26084,44814,21195,67136,3009,1462,1547
60160,93233,26088,44819,21196,67143,3010,1463,1547
60165,93237,26089,44821,21197,67144,3010,1463,1547
60170,93247,26096,44824,21200,67150,3010,1463,1547
60175,93253,26098,44828,21202,67153,3010,1463,1547
60180,93264,26102,44835,21204,67160,3011,1463,1548
60185,93268,26103,44837,21205,67162,3011,1463,1548
60190,93278,26109,44842,21209,67169,3011,1463,1548
60195,93284,26109,44845,21209,67172,3011,1463,1548
60200,93295,26113,44851,21211,67181,3012,1464,1548
60205,93299,26114,44854,21212,67183,3012,1464,1548
60210,93309,26119,44859,21216,67189,3012,1464,1548
60215,93315,26120,44863,21216,67192,3012,1464,1548
60220,93326,26124,44868,21217,67201,3013,1465,1548
60225,93330,26125,44870,21217,67203,3013,1465,1548
60230,93340,26131,44874,21221,67207,3013,1465,1548
60235,93346,26134,44875,21222,67209,3013,1465,1548
60240,93357,26140,44883,21226,67214,3014,1466,1548
60245,93361,26143,44886,21228,67215,3014,1466,1548
60250,93371,26149,44889,21231,67220,3014,1466,1548
60255,93377,26153,44893,21235,67221,3014,1466,1548
60260,93388,26157,44899,21237,67228,3015,1467,1548
60265,93392,26160,44900,21240,67230,3015,1467,1548
60270,93402,26166,44907,21244,67234,3015,1467,1548
60275,93408,26169,44911,21247,67236,3015,1467,1548
60280,93419,26175,44918,21252,67242,3016,1468,1548
60285,93423,26177,44920,21254,67244,3016,1468,1548
60290,93433,26183,44923,21256,67248,3016,1468,1548
60295,93439,26186,44925,21258,67251,3016,1468,1548
60300,93450,26190,44929,21260,67257,3017,1469,1548
60305,93454,26192,44932,21261,67260,3017,1469,1548
60310,93464,26197,44938,21266,67267,3017,1469,1548
60315,93470,26197,44943,21266,67270,3017,1469,1548
60320,93481,26200,44950,21269,67280,3018,1470,1548
60325,93485,26201,44953,21270,67282,3018,1470,1548
60330,93495,26205,44957,21274,67290,3018,1470,1548
60335,93501,26205,44959,21274,67294,3018,1470,1548
60340,93512,26208,44967,21277,67304,3019,1470,1549
60345,93516,26208,44969,21277,67307,3019,1470,1549
60350,93526,26211,44973,21279,67315,3019,1470,1549
60355,93532,26211,44977,21279,67318,3019,1470,1549
60360,93543,26215,44985,21283,67328,3020,1471,1549
60365,93547,26215,44988,21283,67330,3020,1471,1549
60370,93557,26219,44994,21287,67337,3020,1471,1549
60375,93563,26220,44997,21288,67340,3020,1471,1549
60380,93574,26224,45002,21291,67350,3021,1472,1549
60385,93578,26224,45005,21291,67351,3021,1472,1549
60390,93588,26229,45009,21295,67358,3021,1472,1549
60395,93594,26230,45013,21296,67361,3021,1472,1549
60400,93605,26234,45019,21299,67371,3022,1472,1550
60405,93609,26234,45020,21299,67374,3022,1472,1550
60410,93619,26238,45025,21301,67380,3022,1472,1550
60415,93625,26240,45028,21303,67383,3022,1472,1550
60420,93636,26244,45033,21306,67392,3023,1473,1550
60425,93640,26244,45034,21306,67396,3023,1473,1550
60430,93650,26246,45037,21306,67403,3023,1473,1550
60435,93656,26248,45039,21307,67406,3023,1473,1550
60440,93667,26251,45045,21309,67413,3024,1473,1551
60445,93671,26254,45048,21312,67415,3024,1473,1551
60450,93681,26258,45053,21314,67420,3024,1473,1551
60455,93687,26263,45058,21319,67421,3024,1473,1551
60460,93698,26266,45063,21322,67432,3025,1474,1551
60465,93702,26266,45065,21322,67434,3025,1474,1551
60470,93712,26271,45070,21325,67438,3025,1474,1551
60475,93718,26275,45072,21329,67441,3025,1474,1551
60480,93729,26278,45078,21332,67449,3026,1474,1552
60485,93733,26280,45081,21334,67451,3026,1474,1552
60490,93743,26284,45085,21338,67458,3026,1474,1552
60495,93749,26287,45089,21341,67460,3026,1474,1552
60500,93760,26289,45095,21343,67470,3027,1475,1552
60505,93764,26290,45097,21344,67473,3027,1475,1552
60510,93774,26292,45101,21344,67479,3027,1475,1552
60515,93780,26295,45103,21347,67483,3027,1475,1552
60520,93791,26296,45107,21348,67494,3028,1476,1552
60525,93795,26297,45110,21349,67496,3028,1476,1552
60530,93805,26299,45117,21350,67503,3028,1476,1552
60535,93811,26302,45120,21352,67506,3028,1476,1552
60540,93822,26304,45126,21353,67516,3029,1476,1553
60545,93826,26306,45128,21355,67520,3029,1476,1553
60550,93836,26308,45132,21356,67525,3029,1476,1553
60555,93842,26311,45134,21358,67528,3029,1476,1553
60560,93853,26313,45136,21359,67539,3030,1476,1554
60565,93857,26313,45137,21359,67544,3030,1476,1554
60570,93867,26315,45142,21360,67550,3030,1476,1554
60575,93873,26319,45147,21364,67551,3030,1476,1554
60580,93884,26320,45155,21365,67563,3031,1476,1555
60585,93888,26320,45157,21365,67567,3031,1476,1555
60590,93898,26322,45165,21367,67576,3031,1476,1555
60595,93904,26322,45170,21367,67580,3031,1476,1555
60600,93915,26324,45173,21368,67590,3032,1476,1556
60605,93919,26324,45173,21368,67595,3032,1476,1556
60610,93929,26326,45180,21370,67602,3032,1476,1556
60615,93935,26326,45184,21370,67607,3032,1476,1556
60620,93946,26328,45189,21370,67617,3033,1477,1556
60625,93950,26328,45191,21370,67621,3033,1477,1556
60630,93960,26330,45195,21371,67630,3033,1477,1556
60635,93966,26330,45198,21371,67635,3033,1477,1556
60640,93977,26332,45204,21372,67644,3034,1477,1557
60645,93981,26332,45206,21372,67648,3034,1477,1557
60650,93991,26334,45211,21373,67656,3034,1477,1557
60655,93997,26334,45214,21373,67661,3034,1477,1557
60660,94008,26336,45221,21374,67671,3035,1477,1558
60665,94012,26336,45223,21374,67675,3035,1477,1558
60670,94022,26338,45227,21375,67683,3035,1477,1558
60675,94028,26338,45230,21375,67688,3035,1477,1558
60680,94039,26340,45237,21375,67698,3036,1478,1558
60685,94043,26340,45239,21375,67701,3036,1478,1558
60690,94053,26345,45242,21378,67708,3036,1478,1558
60695,94059,26346,45243,21378,67712,3036,1478,1558
60700,94070,26350,45250,21381,67719,3037,1478,1559
60705,94074,26350,45252,21381,67724,3037,1478,1559
60710,94084,26352,45258,21382,67732,3037,1478,1559
60715,94090,26353,45260,21382,67736,3037,1478,1559
60720,94101,26355,45267,21383,67745,3038,1479,1559
60725,94105,26355,45270,21383,67749,3038,1479,1559
60730,94115,26357,45275,21384,67757,3038,1479,1559
60735,94121,26360,45278,21386,67759,3038,1479,1559
60740,94132,26363,45283,21388,67768,3039,1479,1560
60745,94136,26363,45284,21388,67773,3039,1479,1560
60750,94146,26365,45289,21389,67780,3039,1479,1560
60755,94152,26367,45293,21391,67784,3039,1479,1560
60760,94163,26370,45297,21394,67792,3040,1479,1561
60765,94167,26370,45301,21394,67796,3040,1479,1561
60770,94177,26372,45304,21395,67804,3040,1479,1561
60775,94183,26375,45307,21398,67807,3040,1479,1561
60780,94194,26378,45314,21400,67814,3041,1480,1561
60785,94198,26379,45315,21401,67818,3041,1480,1561
60790,94208,26381,45319,21402,67827,3041,1480,1561
60795,94214,26382,45321,21403,67830,3041,1480,1561
60800,94225,26387,45327,21406,67836,3042,1481,1561
60805,94229,26388,45328,21407,67841,3042,1481,1561
60810,94239,26390,45333,21408,67847,3042,1481,1561
60815,94245,26394,45335,21411,67849,3042,1481,1561
60820,94256,26398,45341,21414,67857,3043,1482,1561
60825,94260,26399,45343,21415,67860,3043,1482,1561
60830,94270,26403,45351,21419,67865,3043,1482,1561
60835,94276,26406,45354,21422,67867,3043,1482,1561
60840,94287,26411,45357,21425,67875,3044,1483,1561
60845,94291,26412,45359,21426,67878,3044,1483,1561
60850,94301,26415,45365,21429,67885,3044,1483,1561
60855,94307,26418,45368,21432,67887,3044,1483,1561
60860,94318,26422,45376,21435,67893,3045,1484,1561
60865,94322,26424,45378,21437,67897,3045,1484,1561
60870,94332,26428,45383,21440,67903,3045,1484,1561
60875,94338,26431,45388,21443,67904,3045,1484,1561
60880,94349,26436,45393,21448,67910,3046,1484,1562
60885,94353,26438,45394,21450,67914,3046,1484,1562
60890,94363,26442,45400,21452,67918,3046,1484,1562
60895,94369,26446,45402,21455,67920,3046,1484,1562
60900,94380,26450,45406,21457,67928,3047,1484,1563
60905,94384,26452,45408,21459,67930,3047,1484,1563
60910,94394,26457,45413,21462,67937,3047,1484,1563
60915,94400,26457,45418,21462,67940,3047,1484,1563
60920,94411,26460,45422,21463,67949,3048,1484,1564
60925,94415,26461,45424,21463,67952,3048,1484,1564
60930,94425,26465,45429,21465,67960,3048,1484,1564
60935,94431,26465,45432,21465,67965,3048,1484,1564
60940,94442,26467,45436,21466,67974,3049,1485,1564
60945,94446,26467,45439,21466,67978,3049,1485,1564
60950,94456,26469,45448,21468,67987,3049,1485,1564
60955,94462,26469,45452,21468,67992,3049,1485,1564
60960,94473,26471,45457,21469,68001,3050,1485,1565
60965,94477,26471,45460,21469,68006,3050,1485,1565
60970,94487,26473,45463,21469,68014,3050,1485,1565
60975,94493,26473,45468,21469,68018,3050,1485,1565
60980,94504,26475,45469,21469,68028,3051,1485,1566
60985,94508,26475,45472,21469,68032,3051,1485,1566
60990,94518,26477,45473,21469,68041,3051,1485,1566
60995,94524,26477,45476,21469,68045,3051,1485,1566
61000,94535,26479,45484,21470,68055,3052,1486,1566
61005,94539,26479,45487,21470,68059,3052,1486,1566
61010,94549,26481,45491,21472,68068,3052,1486,1566
61015,94555,26482,45493,21473,68072,3052,1486,1566
61020,94566,26485,45500,21474,68080,3053,1486,1567
61025,94570,26485,45500,21474,68085,3053,1486,1567
61030,94580,26487,45505,21475,68093,3053,1486,1567
61035,94586,26488,45508,21476,68096,3053,1486,1567
61040,94597,26490,45516,21476,68105,3054,1487,1567
61045,94601,26491,45519,21477,68109,3054,1487,1567
61050,94611,26493,45523,21478,68118,3054,1487,1567
61055,94617,26494,45527,21478,68120,3054,1487,1567
61060,94628,26497,45528,21480,68129,3055,1487,1568
61065,94632,26498,45529,21480,68133,3055,1487,1568
61070,94642,26501,45534,21482,68140,3055,1487,1568
61075,94648,26503,45539,21484,68142,3055,1487,1568
61080,94659,26507,45544,21486,68150,3056,1487,1569
61085,94663,26508,45548,21486,68154,3056,1487,1569
61090,94673,26511,45551,21489,68162,3056,1487,1569
61095,94679,26512,45554,21489,68165,3056,1487,1569
61100,94690,26514,45560,21491,68174,3057,1487,1570
61105,94694,26515,45561,21491,68179,3057,1487,1570
61110,94704,26517,45566,21491,68185,3057,1487,1570
61115,94710,26520,45568,21494,68188,3057,1487,1570
61120,94721,26523,45572,21495,68196,3058,1487,1571
61125,94725,26525,45574,21497,68199,3058,1487,1571
61130,94735,26528,45579,21499,68207,3058,1487,1571
61135,94741,26530,45582,21500,68210,3058,1487,1571
61140,94752,26533,45589,21502,68216,3059,1488,1571
61145,94756,26535,45592,21504,68221,3059,1488,1571
61150,94766,26537,45597,21505,68229,3059,1488,1571
61155,94772,26538,45599,21506,68233,3059,1488,1571
61160,94783,26540,45604,21507,68241,3060,1489,1571
61165,94787,26542,45606,21508,68245,3060,1489,1571
61170,94797,26544,45613,21510,68252,3060,1489,1571
61175,94803,26547,45617,21513,68255,3060,1489,1571
61180,94814,26549,45621,21514,68262,3061,1490,1571
61185,94818,26552,45623,21516,68265,3061,1490,1571
61190,94828,26556,45630,21520,68271,3061,1490,1571
61195,94834,26558,45634,21522,68274,3061,1490,1571
61200,94845,26561,45641,21525,68282,3062,1491,1571
61205,94849,26563,45643,21527,68284,3062,1491,1571
61210,94859,26567,45645,21529,68292,3062,1491,1571
61215,94865,26568,45648,21530,68295,3062,1491,1571
61220,94876,26571,45653,21531,68303,3063,1492,1571
61225,94880,26573,45654,21532,68306,3063,1492,1571
61230,94890,26576,45658,21535,68314,3063,1492,1571
61235,94896,26578,45664,21537,68315,3063,1492,1571
61240,94907,26583,45669,21541,68323,3064,1492,1572
61245,94911,26584,45672,21542,68325,3064,1492,1572
61250,94921,26589,45679,21546,68329,3064,1492,1572
61255,94927,26593,45681,21549,68332,3064,1492,1572
61260,94938,26597,45687,21551,68339,3065,1492,1573
61265,94942,26599,45690,21552,68341,3065,1492,1573
61270,94952,26603,45696,21556,68347,3065,1492,1573
61275,94958,26606,45699,21559,68350,3065,1492,1573
61280,94969,26610,45706,21562,68357,3066,1492,1574
61285,94973,26611,45708,21562,68360,3066,1492,1574
61290,94983,26615,45714,21566,68367,3066,1492,1574
61295,94989,26617,45720,21568,68370,3066,1492,1574
61300,95000,26621,45726,21572,68377,3067,1493,1574
61305,95004,26622,45728,21572,68380,3067,1493,1574
61310,95014,26626,45732,21575,68388,3067,1493,1574
61315,95020,26627,45735,21575,68391,3067,1493,1574
61320,95031,26630,45737,21577,68400,3068,1493,1575
61325,95035,26631,45739,21578,68403,3068,1493,1575
61330,95045,26635,45746,21582,68408,3068,1493,1575
61335,95051,26638,45750,21585,68412,3068,1493,1575
61340,95062,26640,45757,21587,68420,3069,1493,1576
61345,95066,26641,45758,21587,68424,3069,1493,1576
61350,95076,26644,45766,21589,68430,3069,1493,1576
61355,95082,26647,45768,21591,68433,3069,1493,1576
61360,95093,26651,45774,21594,68441,3070,1493,1577
61365,95097,26652,45775,21595,68444,3070,1493,1577
61370,95107,26655,45780,21597,68452,3070,1493,1577
61375,95113,26656,45785,21598,68455,3070,1493,1577
61380,95124,26659,45789,21600,68464,3071,1493,1578
61385,95128,26660,45791,21601,68467,3071,1493,1578
61390,95138,26663,45794,21603,68475,3071,1493,1578
61395,95144,26665,45797,21604,68478,3071,1493,1578
61400,95155,26668,45802,21607,68487,3072,1494,1578
61405,95159,26668,45804,21607,68491,3072,1494,1578
61410,95169,26670,45809,21608,68498,3072,1494,1578
61415,95175,26673,45811,21610,68502,3072,1494,1578
61420,95186,26674,45815,21611,68511,3073,1494,1579
61425,95190,26675,45816,21612,68515,3073,1494,1579
61430,95200,26677,45818,21612,68523,3073,1494,1579
61435,95206,26678,45820,21612,68527,3073,1494,1579
61440,95217,26681,45826,21614,68535,3074,1495,1579
61445,95221,26682,45827,21615,68539,3074,1495,1579
61450,95231,26684,45830,21615,68546,3074,1495,1579
61455,95237,26686,45832,21616,68550,3074,1495,1579
61460,95248,26689,45837,21619,68558,3075,1496,1579
61465,95252,26690,45838,21620,68562,3075,1496,1579
61470,95262,26692,45847,21622,68568,3075,1496,1579
61475,95268,26696,45850,21625,68570,3075,1496,1579
61480,95279,26698,45854,21627,68581,3076,1496,1580
61485,95283,26698,45856,21627,68585,3076,1496,1580
61490,95293,26700,45863,21628,68592,3076,1496,1580
61495,95299,26701,45867,21629,68596,3076,1496,1580
61500,95310,26703,45875,21631,68605,3077,1497,1580
61505,95314,26704,45878,21632,68608,3077,1497,1580
61510,95324,26708,45881,21635,68615,3077,1497,1580
61515,95330,26709,45883,21636,68620,3077,1497,1580
61520,95341,26711,45888,21637,68629,3078,1498,1580
61525,95345,26711,45889,21637,68633,3078,1498,1580
61530,95355,26714,45892,21639,68641,3078,1498,1580
61535,95361,26714,45895,21639,68646,3078,1498,1580
61540,95372,26715,45898,21639,68656,3079,1499,1580
61545,95376,26715,45899,21639,68660,3079,1499,1580
61550,95386,26718,45905,21642,68667,3079,1499,1580
61555,95392,26719,45907,21643,68672,3079,1499,1580
61560,95403,26721,45914,21645,68681,3080,1500,1580
61565,95407,26722,45917,21646,68683,3080,1500,1580
61570,95417,26726,45921,21648,68691,3080,1500,1580
61575,95423,26726,45923,21648,68696,3080,1500,1580
61580,95434,26728,45930,21650,68704,3081,1500,1581
61585,95438,26729,45933,21651,68707,3081,1500,1581
61590,95448,26733,45937,21653,68714,3081,1500,1581
61595,95454,26735,45939,21654,68718,3081,1500,1581
61600,95465,26737,45948,21655,68725,3082,1501,1581
61605,95469,26740,45952,21658,68726,3082,1501,1581
61610,95479,26745,45959,21663,68732,3082,1501,1581
61615,95485,26748,45963,21666,68735,3082,1501,1581
61620,95496,26752,45967,21670,68744,3083,1501,1582
61625,95500,26752,45969,21670,68746,3083,1501,1582
61630,95510,26756,45973,21672,68751,3083,1501,1582
61635,95516,26760,45977,21675,68754,3083,1501,1582
61640,95527,26763,45981,21677,68763,3084,1502,1582
61645,95531,26764,45983,21678,68767,3084,1502,1582
61650,95541,26766,45987,21679,68774,3084,1502,1582
61655,95547,26769,45990,21681,68776,3084,1502,1582
61660,95558,26772,45995,21683,68785,3085,1502,1583
61665,95562,26773,45997,21684,68788,3085,1502,1583
61670,95572,26775,46003,21685,68795,3085,1502,1583
61675,95578,26779,46006,21688,68799,3085,1502,1583
61680,95589,26780,46011,21688,68808,3086,1502,1584
61685,95593,26781,46013,21689,68812,3086,1502,1584
61690,95603,26783,46019,21690,68819,3086,1502,1584
61695,95609,26785,46022,21692,68823,3086,1502,1584
61700,95620,26788,46028,21694,68832,3087,1503,1584
61705,95624,26788,46031,21694,68835,3087,1503,1584
61710,95634,26790,46036,21696,68844,3087,1503,1584
61715,95640,26791,46036,21696,68849,3087,1503,1584
61720,95651,26793,46043,21698,68857,3088,1503,1585
61725,95655,26794,46046,21699,68860,3088,1503,1585
61730,95665,26796,46050,21700,68869,3088,1503,1585
61735,95671,26798,46055,21702,68871,3088,1503,1585
61740,95682,26801,46063,21704,68878,3089,1503,1586
61745,95686,26803,46065,21706,68881,3089,1503,1586
61750,95696,26807,46069,21708,68889,3089,1503,1586
61755,95702,26808,46072,21709,68894,3089,1503,1586
61760,95713,26810,46078,21711,68901,3090,1503,1587
61765,95717,26811,46081,21712,68903,3090,1503,1587
61770,95727,26816,46085,21716,68911,3090,1503,1587
61775,95733,26817,46088,21717,68916,3090,1503,1587
61780,95744,26819,46093,21718,68925,3091,1504,1587
61785,95748,26819,46095,21718,68928,3091,1504,1587
61790,95758,26823,46100,21722,68934,3091,1504,1587
61795,95764,26825,46104,21724,68936,3091,1504,1587
61800,95775,26828,46112,21727,68946,3092,1505,1587
61805,95779,26829,46115,21728,68948,3092,1505,1587
61810,95789,26833,46118,21731,68956,3092,1505,1587
61815,95795,26834,46121,21731,68960,3092,1505,1587
61820,95806,26837,46128,21733,68967,3093,1505,1588
61825,95810,26838,46130,21734,68971,3093,1505,1588
61830,95820,26842,46136,21736,68977,3093,1505,1588
61835,95826,26844,46140,21738,68981,3093,1505,1588
61840,95837,26846,46146,21740,68991,3094,1505,1589
61845,95841,26846,46147,21740,68994,3094,1505,1589
61850,95851,26849,46153,21743,69001,3094,1505,1589
61855,95857,26851,46157,21745,69005,3094,1505,1589
61860,95868,26853,46160,21746,69014,3095,1505,1590
61865,95872,26854,46162,21747,69018,3095,1505,1590
61870,95882,26856,46167,21748,69026,3095,1505,1590
61875,95888,26857,46171,21748,69030,3095,1505,1590
61880,95899,26859,46176,21750,69040,3096,1505,1591
61885,95903,26859,46180,21750,69043,3096,1505,1591
61890,95913,26862,46186,21752,69051,3096,1505,1591
61895,95919,26863,46189,21752,69056,3096,1505,1591
61900,95930,26864,46193,21752,69065,3097,1505,1592
61905,95934,26865,46195,21753,69069,3097,1505,1592
61910,95944,26867,46200,21754,69077,3097,1505,1592
61915,95950,26868,46201,21754,69081,3097,1505,1592
61920,95961,26871,46206,21757,69090,3098,1506,1592
61925,95965,26871,46208,21757,69093,3098,1506,1592
61930,95975,26874,46214,21759,69100,3098,1506,1592
61935,95981,26877,46216,21762,69104,3098,1506,1592
61940,95992,26878,46219,21762,69112,3099,1506,1593
61945,95996,26880,46220,21764,69115,3099,1506,1593
61950,96006,26883,46224,21765,69122,3099,1506,1593
61955,96012,26885,46226,21766,69126,3099,1506,1593
61960,96023,26888,46232,21768,69134,3100,1507,1593
61965,96027,26889,46233,21769,69137,3100,1507,1593
61970,96037,26892,46235,21772,69145,3100,1507,1593
61975,96043,26893,46237,21772,69149,3100,1507,1593
61980,96054,26895,46245,21774,69157,3101,1507,1594
61985,96058,26897,46246,21776,69161,3101,1507,1594
61990,96068,26900,46253,21778,69166,3101,1507,1594
61995,96074,26902,46254,21779,69171,3101,1507,1594
62000,96085,26905,46259,21781,69179,3102,1508,1594
62005,96089,26906,46261,21782,69183,3102,1508,1594
62010,96099,26907,46269,21783,69190,3102,1508,1594
62015,96105,26910,46271,21786,69195,3102,1508,1594
62020,96116,26912,46278,21788,69203,3103,1509,1594
62025,96120,26913,46279,21789,69207,3103,1509,1594
62030,96130,26914,46284,21789,69214,3103,1509,1594
62035,96136,26916,46286,21791,69219,3103,1509,1594
62040,96147,26919,46291,21793,69227,3104,1510,1594
62045,96151,26920,46292,21794,69230,3104,1510,1594
62050,96161,26921,46295,21794,69240,3104,1510,1594
62055,96167,26923,46299,21795,69243,3104,1510,1594
62060,96178,26925,46305,21796,69253,3105,1511,1594
62065,96182,26925,46307,21796,69256,3105,1511,1594
62070,96192,26926,46312,21797,69266,3105,1511,1594
62075,96198,26926,46317,21797,69270,3105,1511,1594
62080,96209,26927,46320,21797,69282,3106,1511,1595
62085,96213,26927,46322,21797,69285,3106,1511,1595
62090,96223,26928,46328,21797,69294,3106,1511,1595
62095,96229,26928,46330,21797,69300,3106,1511,1595
62100,96240,26929,46332,21797,69310,3107,1511,1596
62105,96244,26929,46334,21797,69313,3107,1511,1596
62110,96254,26933,46339,21801,69321,3107,1511,1596
62115,96260,26933,46342,21801,69326,3107,1511,1596
62120,96271,26934,46347,21802,69337,3108,1512,1596
62125,96275,26934,46349,21802,69341,3108,1512,1596
62130,96285,26936,46351,21802,69349,3108,1512,1596
62135,96291,26936,46353,21802,69355,3108,1512,1596
62140,96302,26937,46358,21802,69365,3109,1513,1596
62145,96306,26937,46361,21802,69368,3109,1513,1596
62150,96316,26939,46365,21802,69377,3109,1513,1596
62155,96322,26939,46368,21802,69382,3109,1513,1596
62160,96333,26941,46374,21804,69392,3110,1513,1597
62165,96337,26941,46377,21804,69395,3110,1513,1597
62170,96347,26943,46380,21804,69404,3110,1513,1597
62175,96353,26944,46383,21804,69407,3110,1513,1597
62180,96364,26948,46388,21807,69414,3111,1513,1598
62185,96368,26950,46390,21809,69417,3111,1513,1598
62190,96378,26952,46394,21810,69425,3111,1513,1598
62195,96384,26954,46396,21811,69429,3111,1513,1598
62200,96395,26956,46401,21813,69438,3112,1513,1599
62205,96399,26957,46404,21814,69442,3112,1513,1599
62210,96409,26959,46407,21816,69450,3112,1513,1599
62215,96415,26960,46410,21817,69453,3112,1513,1599
62220,96426,26964,46417,21821,69460,3113,1513,1600
62225,96430,26966,46418,21823,69463,3113,1513,1600
62230,96440,26968,46424,21824,69470,3113,1513,1600
62235,96446,26971,46426,21826,69475,3113,1513,1600
62240,96457,26973,46435,21828,69483,3114,1514,1600
62245,96461,26973,46438,21828,69487,3114,1514,1600
62250,96471,26975,46443,21829,69496,3114,1514,1600
62255,96477,26976,46444,21829,69501,3114,1514,1600
62260,96488,26978,46449,21830,69509,3115,1514,1601
62265,96492,26978,46452,21830,69513,3115,1514,1601
62270,96502,26980,46457,21830,69521,3115,1514,1601
62275,96508,26982,46459,21832,69525,3115,1514,1601
62280,96519,26984,46465,21833,69534,3116,1515,1601
62285,96523,26984,46468,21833,69538,3116,1515,1601
62290,96533,26986,46471,21833,69546,3116,1515,1601
62295,96539,26988,46475,21834,69550,3116,1515,1601
62300,96550,26991,46481,21836,69559,3117,1515,1602
62305,96554,26991,46484,21836,69562,3117,1515,1602
62310,96564,26993,46488,21838,69571,3117,1515,1602
62315,96570,26994,46492,21838,69575,3117,1515,1602
62320,96581,26997,46498,21841,69583,3118,1516,1602
62325,96585,26997,46500,21841,69587,3118,1516,1602
62330,96595,26999,46505,21842,69595,3118,1516,1602
62335,96601,27001,46507,21844,69600,3118,1516,1602
62340,96612,27003,46516,21846,69609,3119,1517,1602
62345,96616,27003,46518,21846,69612,3119,1517,1602
62350,96626,27005,46522,21846,69620,3119,1517,1602
62355,96632,27007,46525,21848,69624,3119,1517,1602
62360,96643,27010,46532,21851,69633,3120,1517,1603
62365,96647,27010,46534,21851,69636,3120,1517,1603
62370,96657,27012,46540,21852,69645,3120,1517,1603
62375,96663,27014,46545,21854,69649,3120,1517,1603
62380,96674,27015,46550,21854,69659,3121,1517,1604
62385,96678,27015,46553,21854,69661,3121,1517,1604
62390,96688,27017,46560,21856,69670,3121,1517,1604
62395,96694,27020,46565,21859,69674,3121,1517,1604
62400,96705,27021,46571,21860,69684,3122,1517,1605
62405,96709,27021,46572,21860,69687,3122,1517,1605
62410,96719,27023,46577,21860,69695,3122,1517,1605
62415,96725,27026,46582,21863,69699,3122,1517,1605
62420,96736,27027,46586,21863,69709,3123,1518,1605
62425,96740,27027,46586,21863,69713,3123,1518,1605
62430,96750,27029,46590,21863,69718,3123,1518,1605
62435,96756,27033,46592,21866,69721,3123,1518,1605
62440,96767,27037,46595,21869,69730,3124,1518,1606
62445,96771,27037,46596,21869,69733,3124,1518,1606
62450,96781,27040,46599,21871,69740,3124,1518,1606
62455,96787,27042,46601,21872,69743,3124,1518,1606
62460,96798,27045,46605,21875,69751,3125,1518,1607
62465,96802,27046,46607,21876,69755,3125,1518,1607
62470,96812,27048,46613,21877,69763,3125,1518,1607
62475,96818,27048,46616,21877,69769,3125,1518,1607
62480,96829,27049,46620,21877,69778,3126,1519,1607
62485,96833,27049,46622,21877,69782,3126,1519,1607
62490,96843,27051,46627,21879,69791,3126,1519,1607
62495,96849,27051,46630,21879,69797,3126,1519,1607
62500,96860,27052,46633,21879,69808,3127,1520,1607
62505,96864,27052,46635,21879,69810,3127,1520,1607
62510,96874,27054,46641,21880,69818,3127,1520,1607
62515,96880,27054,46644,21880,69825,3127,1520,1607
62520,96891,27055,46651,21880,69836,3128,1521,1607
62525,96895,27055,46653,21880,69839,3128,1521,1607
62530,96905,27057,46658,21880,69848,3128,1521,1607
62535,96911,27057,46661,21880,69854,3128,1521,1607
62540,96922,27058,46670,21880,69863,3129,1522,1607
62545,96926,27058,46673,21880,69866,3129,1522,1607
62550,96936,27060,46679,21882,69876,3129,1522,1607
62555,96942,27060,46681,21882,69881,3129,1522,1607
62560,96953,27062,46687,21884,69890,3130,1523,1607
62565,96957,27062,46688,21884,69894,3130,1523,1607
62570,96967,27064,46696,21886,69902,3130,1523,1607
62575,96973,27066,46700,21888,69907,3130,1523,1607
62580,96984,27068,46705,21890,69916,3131,1523,1608
62585,96988,27068,46707,21890,69919,3131,1523,1608
62590,96998,27070,46711,21890,69928,3131,1523,1608
62595,97004,27071,46714,21891,69933,3131,1523,1608
62600,97015,27072,46718,21891,69942,3132,1523,1609
62605,97019,27072,46721,21891,69945,3132,1523,1609
62610,97029,27074,46725,21892,69954,3132,1523,1609
62615,97035,27076,46728,21893,69958,3132,1523,1609
62620,97046,27079,46732,21896,69967,3133,1523,1610
62625,97050,27079,46733,21896,69971,3133,1523,1610
62630,97060,27081,46741,21897,69976,3133,1523,1610
62635,97066,27085,46743,21900,69980,3133,1523,1610
62640,97077,27088,46750,21903,69988,3134,1524,1610
62645,97081,27089,46753,21904,69990,3134,1524,1610
62650,97091,27093,46755,21906,69996,3134,1524,1610
62655,97097,27097,46759,21910,69999,3134,1524,1610
62660,97108,27099,46765,21911,70007,3135,1525,1610
62665,97112,27101,46768,21913,70009,3135,1525,1610
62670,97122,27105,46771,21916,70015,3135,1525,1610
62675,97128,27109,46776,21920,70016,3135,1525,1610
62680,97139,27111,46780,21922,70028,3136,1525,1611
62685,97143,27111,46782,21922,70031,3136,1525,1611
62690,97153,27113,46787,21923,70040,3136,1525,1611
62695,97159,27113,46791,21923,70045,3136,1525,1611
62700,97170,27115,46795,21925,70055,3137,1525,1612
62705,97174,27115,46799,21925,70057,3137,1525,1612
62710,97184,27117,46803,21925,70067,3137,1525,1612
62715,97190,27117,46804,21925,70073,3137,1525,1612
62720,97201,27118,46809,21926,70083,3138,1525,1613
62725,97205,27118,46811,21926,70085,3138,1525,1613
62730,97215,27120,46818,21927,70095,3138,1525,1613
62735,97221,27120,46821,21927,70101,3138,1525,1613
62740,97232,27121,46826,21928,70111,3139,1526,1613
62745,97236,27121,46830,21928,70113,3139,1526,1613
62750,97246,27123,46835,21929,70123,3139,1526,1613
62755,97252,27123,46836,21929,70129,3139,1526,1613
62760,97263,27124,46842,21930,70139,3140,1527,1613
62765,97267,27124,46843,21930,70143,3140,1527,1613
62770,97277,27126,46847,21930,70151,3140,1527,1613
62775,97283,27126,46851,21930,70157,3140,1527,1613
62780,97294,27127,46856,21930,70167,3141,1528,1613
62785,97298,27127,46858,21930,70170,3141,1528,1613
62790,97308,27129,46861,21931,70179,3141,1528,1613
62795,97314,27130,46863,21931,70183,3141,1528,1613
62800,97325,27133,46869,21933,70190,3142,1528,1614
62805,97329,27134,46872,21934,70192,3142,1528,1614
62810,97339,27139,46877,21937,70198,3142,1528,1614
62815,97345,27143,46880,21941,70201,3142,1528,1614
62820,97356,27145,46886,21942,70209,3143,1528,1615
62825,97360,27146,46889,21943,70213,3143,1528,1615
62830,97370,27149,46895,21946,70220,3143,1528,1615
62835,97376,27152,46901,21949,70223,3143,1528,1615
62840,97387,27154,46907,21950,70231,3144,1528,1616
62845,97391,27155,46911,21951,70236,3144,1528,1616
62850,97401,27157,46918,21952,70243,3144,1528,1616
62855,97407,27160,46923,21955,70246,3144,1528,1616
62860,97418,27162,46928,21956,70253,3145,1529,1616
62865,97422,27164,46930,21958,70258,3145,1529,1616
62870,97432,27166,46934,21959,70265,3145,1529,1616
62875,97438,27168,46936,21960,70269,3145,1529,1616
62880,97449,27171,46942,21962,70276,3146,1529,1617
62885,97453,27172,46943,21963,70281,3146,1529,1617
62890,97463,27174,46949,21964,70288,3146,1529,1617
62895,97469,27177,46952,21967,70292,3146,1529,1617
62900,97480,27178,46958,21968,70302,3147,1530,1617
62905,97484,27178,46959,21968,70306,3147,1530,1617
62910,97494,27180,46965,21970,70314,3147,1530,1617
62915,97500,27180,46968,21970,70320,3147,1530,1617
62920,97511,27181,46976,21970,70328,3148,1531,1617
62925,97515,27181,46977,21970,70334,3148,1531,1617
62930,97525,27183,46980,21970,70342,3148,1531,1617
62935,97531,27183,46981,21970,70348,3148,1531,1617
62940,97542,27184,46985,21970,70357,3149,1531,1618
62945,97546,27184,46987,21970,70362,3149,1531,1618
62950,97556,27186,46990,21971,70370,3149,1531,1618
62955,97562,27186,46994,21971,70374,3149,1531,1618
62960,97573,27188,47000,21971,70383,3150,1531,1619
62965,97577,27188,47004,21971,70385,3150,1531,1619
62970,97587,27190,47008,21973,70397,3150,1531,1619
62975,97593,27190,47009,21973,70402,3150,1531,1619
62980,97604,27192,47014,21973,70412,3151,1531,1620
62985,97608,27192,47016,21973,70415,3151,1531,1620
62990,97618,27194,47019,21973,70424,3151,1531,1620
62995,97624,27194,47023,21973,70429,3151,1531,1620
63000,97635,27196,47027,21974,70438,3152,1532,1620
63005,97639,27196,47030,21974,70442,3152,1532,1620
63010,97649,27198,47036,21976,70450,3152,1532,1620
63015,97655,27200,47039,21977,70454,3152,1532,1620
63020,97666,27202,47044,21979,70464,3153,1532,1621
63025,97670,27202,47045,21979,70468,3153,1532,1621
63030,97680,27204,47051,21980,70475,3153,1532,1621
63035,97686,27206,47054,21981,70479,3153,1532,1621
63040,97697,27209,47060,21983,70488,3154,1533,1621
63045,97701,27209,47061,21983,70491,3154,1533,1621
63050,97711,27211,47067,21985,70500,3154,1533,1621
63055,97717,27212,47069,21985,70504,3154,1533,1621
63060,97728,27215,47072,21987,70513,3155,1534,1621
63065,97732,27215,47073,21987,70517,3155,1534,1621
63070,97742,27217,47077,21987,70524,3155,1534,1621
63075,97748,27219,47080,21988,70528,3155,1534,1621
63080,97759,27221,47083,21989,70538,3156,1534,1622
63085,97763,27221,47086,21989,70541,3156,1534,1622
63090,97773,27223,47090,21990,70550,3156,1534,1622
63095,97779,27224,47092,21990,70554,3156,1534,1622
63100,97790,27226,47096,21991,70564,3157,1534,1623
63105,97794,27226,47097,21991,70567,3157,1534,1623
63110,97804,27229,47101,21992,70575,3157,1534,1623
63115,97810,27230,47104,21993,70578,3157,1534,1623
63120,97821,27233,47109,21995,70587,3158,1534,1624
63125,97825,27233,47112,21995,70589,3158,1534,1624
63130,97835,27238,47118,21999,70595,3158,1534,1624
63135,97841,27242,47123,22003,70596,3158,1534,1624
63140,97852,27246,47127,22005,70606,3159,1535,1624
63145,97856,27246,47129,22005,70608,3159,1535,1624
63150,97866,27250,47134,22007,70614,3159,1535,1624
63155,97872,27254,47139,22011,70617,3159,1535,1624
63160,97883,27257,47144,22013,70625,3160,1535,1625
63165,97887,27257,47148,22013,70630,3160,1535,1625
63170,97897,27259,47157,22015,70637,3160,1535,1625
63175,97903,27261,47159,22017,70641,3160,1535,1625
63180,97914,27264,47164,22019,70649,3161,1535,1626
63185,97918,27264,47166,22019,70654,3161,1535,1626
63190,97928,27266,47170,22021,70660,3161,1535,1626
63195,97934,27270,47176,22025,70663,3161,1535,1626
63200,97945,27272,47179,22026,70673,3162,1535,1627
63205,97949,27272,47180,22026,70677,3162,1535,1627
63210,97959,27274,47186,22027,70683,3162,1535,1627
63215,97965,27277,47190,22029,70687,3162,1535,1627
63220,97976,27279,47197,22031,70694,3163,1536,1627
63225,97980,27281,47200,22033,70699,3163,1536,1627
63230,97990,27283,47206,22034,70706,3163,1536,1627
63235,97996,27285,47208,22036,70710,3163,1536,1627
63240,98007,27287,47212,22036,70718,3164,1537,1627
63245,98011,27288,47213,22037,70723,3164,1537,1627
63250,98021,27290,47218,22037,70731,3164,1537,1627
63255,98027,27290,47218,22037,70736,3164,1537,1627
63260,98038,27292,47224,22037,70746,3165,1538,1627
63265,98042,27292,47226,22037,70750,3165,1538,1627
63270,98052,27294,47228,22038,70758,3165,1538,1627
63275,98058,27294,47231,22038,70762,3165,1538,1627
63280,98069,27296,47238,22038,70771,3166,1539,1627
63285,98073,27296,47241,22038,70776,3166,1539,1627
63290,98083,27298,47246,22040,70785,3166,1539,1627
63295,98089,27298,47250,22040,70789,3166,1539,1627
63300,98100,27300,47257,22041,70799,3167,1540,1627
63305,98104,27300,47259,22041,70804,3167,1540,1627
63310,98114,27302,47262,22041,70812,3167,1540,1627
63315,98120,27302,47266,22041,70817,3167,1540,1627
63320,98131,27304,47272,22042,70825,3168,1540,1628
63325,98135,27304,47275,22042,70831,3168,1540,1628
63330,98145,27306,47280,22043,70839,3168,1540,1628
63335,98151,27306,47282,22043,70844,3168,1540,1628
63340,98162,27308,47290,22044,70853,3169,1541,1628
63345,98166,27308,47293,22044,70858,3169,1541,1628
63350,98176,27310,47300,22046,70865,3169,1541,1628
63355,98182,27312,47301,22047,70869,3169,1541,1628
63360,98193,27315,47309,22049,70877,3170,1541,1629
63365,98197,27315,47310,22049,70882,3170,1541,1629
63370,98207,27317,47315,22050,70890,3170,1541,1629
63375,98213,27318,47318,22050,70894,3170,1541,1629
63380,98224,27321,47325,22051,70902,3171,1542,1629
63385,98228,27321,47325,22051,70907,3171,1542,1629
63390,98238,27323,47329,22051,70914,3171,1542,1629
63395,98244,27325,47330,22053,70918,3171,1542,1629
63400,98255,27328,47335,22054,70927,3172,1542,1630
63405,98259,27328,47337,22054,70930,3172,1542,1630
63410,98269,27330,47341,22055,70939,3172,1542,1630
63415,98275,27332,47343,22056,70942,3172,1542,1630
63420,98286,27335,47348,22058,70950,3173,1543,1630
63425,98290,27335,47349,22058,70954,3173,1543,1630
63430,98300,27337,47357,22060,70962,3173,1543,1630
63435,98306,27340,47361,22062,70965,3173,1543,1630
63440,98317,27342,47365,22064,70975,3174,1543,1631
63445,98321,27342,47365,22064,70979,3174,1543,1631
63450,98331,27344,47369,22065,70986,3174,1543,1631
63455,98337,27347,47372,22067,70989,3174,1543,1631
63460,98348,27349,47378,22067,70999,3175,1543,1632
63465,98352,27349,47380,22067,71002,3175,1543,1632
63470,98362,27352,47386,22069,71008,3175,1543,1632
63475,98368,27356,47389,22072,71010,3175,1543,1632
63480,98379,27359,47394,22074,71019,3176,1544,1632
63485,98383,27359,47398,22074,71020,3176,1544,1632
63490,98393,27365,47403,22079,71025,3176,1544,1632
63495,98399,27370,47408,22084,71027,3176,1544,1632
63500,98410,27373,47415,22087,71035,3177,1544,1633
63505,98414,27373,47417,22087,71039,3177,1544,1633
63510,98424,27375,47422,22087,71048,3177,1544,1633
63515,98430,27375,47422,22087,71054,3177,1544,1633
63520,98441,27377,47427,22088,71064,3178,1544,1634
63525,98445,27377,47430,22088,71068,3178,1544,1634
63530,98455,27379,47435,22088,71076,3178,1544,1634
63535,98461,27379,47438,22088,71081,3178,1544,1634
63540,98472,27381,47445,22089,71089,3179,1544,1635
63545,98476,27381,47447,22089,71095,3179,1544,1635
63550,98486,27383,47451,22089,71103,3179,1544,1635
63555,98492,27383,47453,22089,71108,3179,1544,1635
63560,98503,27385,47458,22090,71118,3180,1544,1636
63565,98507,27385,47461,22090,71122,3180,1544,1636
63570,98517,27387,47468,22092,71130,3180,1544,1636
63575,98523,27387,47470,22092,71135,3180,1544,1636
63580,98534,27389,47476,22093,71144,3181,1545,1636
63585,98538,27389,47477,22093,71149,3181,1545,1636
63590,98548,27391,47481,22094,71157,3181,1545,1636
63595,98554,27391,47484,22094,71162,3181,1545,1636
63600,98565,27393,47491,22096,71171,3182,1545,1637
63605,98569,27393,47493,22096,71176,3182,1545,1637
63610,98579,27395,47499,22098,71183,3182,1545,1637
63615,98585,27397,47502,22099,71187,3182,1545,1637
63620,98596,27400,47505,22101,71195,3183,1545,1638
63625,98600,27400,47505,22101,71200,3183,1545,1638
63630,98610,27402,47510,22102,71207,3183,1545,1638
63635,98616,27404,47512,22104,71210,3183,1545,1638
63640,98627,27407,47518,22106,71219,3184,1546,1638
63645,98631,27408,47519,22107,71222,3184,1546,1638
63650,98641,27411,47522,22109,71229,3184,1546,1638
63655,98647,27414,47525,22112,71232,3184,1546,1638
63660,98658,27416,47529,22112,71241,3185,1547,1638
63665,98662,27417,47531,22113,71244,3185,1547,1638
63670,98672,27420,47538,22116,71250,3185,1547,1638
63675,98678,27423,47540,22118,71254,3185,1547,1638
63680,98689,27426,47545,22119,71261,3186,1547,1639
63685,98693,27426,47547,22119,71266,3186,1547,1639
63690,98703,27428,47553,22120,71275,3186,1547,1639
63695,98709,27429,47557,22121,71279,3186,1547,1639
63700,98720,27432,47564,22124,71288,3187,1548,1639
63705,98724,27432,47565,22124,71291,3187,1548,1639
63710,98734,27434,47571,22125,71299,3187,1548,1639
63715,98740,27436,47573,22127,71303,3187,1548,1639
63720,98751,27439,47580,22129,71311,3188,1549,1639
63725,98755,27439,47581,22129,71316,3188,1549,1639
63730,98765,27441,47586,22131,71324,3188,1549,1639
63735,98771,27442,47587,22131,71328,3188,1549,1639
63740,98782,27445,47593,22133,71337,3189,1549,1640
63745,98786,27445,47594,22133,71341,3189,1549,1640
63750,98796,27447,47595,22134,71349,3189,1549,1640
63755,98802,27448,47599,22135,71353,3189,1549,1640
63760,98813,27450,47603,22135,71363,3190,1549,1641
63765,98817,27450,47605,22135,71366,3190,1549,1641
63770,98827,27452,47608,22135,71375,3190,1549,1641
63775,98833,27453,47611,22136,71379,3190,1549,1641
63780,98844,27455,47613,22137,71389,3191,1549,1642
63785,98848,27455,47615,22137,71391,3191,1549,1642
63790,98858,27457,47620,22139,71401,3191,1549,1642
63795,98864,27459,47625,22140,71403,3191,1549,1642
63800,98875,27463,47630,22144,71411,3192,1549,1643
63805,98879,27463,47633,22144,71413,3192,1549,1643
63810,98889,27468,47636,22148,71420,3192,1549,1643
63815,98895,27470,47639,22150,71424,3192,1549,1643
63820,98906,27473,47645,22152,71432,3193,1550,1643
63825,98910,27473,47647,22152,71437,3193,1550,1643
63830,98920,27475,47653,22153,71444,3193,1550,1643
63835,98926,27478,47655,22156,71447,3193,1550,1643
63840,98937,27480,47659,22157,71456,3194,1551,1643
63845,98941,27480,47662,22157,71461,3194,1551,1643
63850,98951,27482,47667,22159,71468,3194,1551,1643
63855,98957,27485,47669,22161,71471,3194,1551,1643
63860,98968,27488,47674,22162,71478,3195,1551,1644
63865,98972,27489,47674,22163,71483,3195,1551,1644
63870,98982,27491,47679,22164,71489,3195,1551,1644
63875,98988,27495,47683,22168,71492,3195,1551,1644
63880,98999,27497,47686,22168,71501,3196,1551,1645
63885,99003,27497,47687,22168,71506,3196,1551,1645
63890,99013,27499,47692,22168,71513,3196,1551,1645
63895,99019,27501,47692,22169,71517,3196,1551,1645
63900,99030,27504,47700,22171,71524,3197,1551,1646
63905,99034,27505,47703,22172,71529,3197,1551,1646
63910,99044,27507,47709,22173,71537,3197,1551,1646
63915,99050,27507,47711,22173,71541,3197,1551,1646
63920,99061,27509,47717,22174,71550,3198,1551,1647
63925,99065,27509,47719,22174,71554,3198,1551,1647
63930,99075,27511,47722,22175,71564,3198,1551,1647
63935,99081,27511,47724,22175,71569,3198,1551,1647
63940,99092,27513,47729,22175,71577,3199,1552,1647
63945,99096,27513,47730,22175,71582,3199,1552,1647
63950,99106,27515,47732,22175,71590,3199,1552,1647
63955,99112,27515,47733,22175,71596,3199,1552,1647
63960,99123,27517,47740,22176,71605,3200,1552,1648
63965,99127,27517,47741,22176,71609,3200,1552,1648
63970,99137,27519,47746,22176,71617,3200,1552,1648
63975,99143,27519,47749,22176,71623,3200,1552,1648
63980,99154,27521,47755,22176,71631,3201,1553,1648
63985,99158,27521,47758,22176,71636,3201,1553,1648
63990,99168,27523,47767,22177,71645,3201,1553,1648
63995,99174,27523,47769,22177,71650,3201,1553,1648
64000,99185,27525,47773,22177,71658,3202,1554,1648
64005,99189,27525,47774,22177,71664,3202,1554,1648
64010,99199,27527,47781,22179,71671,3202,1554,1648
64015,99205,27529,47785,22181,71675,3202,1554,1648
64020,99216,27531,47788,22182,71684,3203,1554,1649
64025,99220,27531,47791,22182,71688,3203,1554,1649
64030,99230,27533,47797,22182,71697,3203,1554,1649
64035,99236,27534,47802,22183,71701,3203,1554,1649
64040,99247,27536,47809,22185,71710,3204,1554,1650
64045,99251,27536,47810,22185,71715,3204,1554,1650
64050,99261,27538,47816,22187,71723,3204,1554,1650
64055,99267,27539,47819,22187,71727,3204,1554,1650
64060,99278,27541,47822,22188,71736,3205,1554,1651
64065,99282,27541,47824,22188,71741,3205,1554,1651
64070,99292,27543,47829,22189,71749,3205,1554,1651
64075,99298,27544,47833,22189,71753,3205,1554,1651
64080,99309,27547,47840,22192,71761,3206,1554,1652
64085,99313,27547,47843,22192,71766,3206,1554,1652
64090,99323,27549,47849,22193,71774,3206,1554,1652
64095,99329,27551,47854,22195,71777,3206,1554,1652
64100,99340,27554,47862,22197,71785,3207,1555,1652
64105,99344,27554,47863,22197,71790,3207,1555,1652
64110,99354,27556,47867,22199,71798,3207,1555,1652
64115,99360,27558,47870,22200,71800,3207,1555,1652
64120,99371,27562,47875,22202,71807,3208,1556,1652
64125,99375,27563,47876,22203,71812,3208,1556,1652
64130,99385,27565,47879,22203,71818,3208,1556,1652
64135,99391,27569,47883,22207,71820,3208,1556,1652
64140,99402,27572,47888,22208,71827,3209,1556,1653
64145,99406,27574,47890,22210,71832,3209,1556,1653
64150,99416,27576,47894,22211,71840,3209,1556,1653
64155,99422,27577,47896,22212,71843,3209,1556,1653
64160,99433,27581,47902,22214,71850,3210,1557,1653
64165,99437,27582,47904,22215,71854,3210,1557,1653
64170,99447,27585,47910,22217,71860,3210,1557,1653
64175,99453,27589,47912,22221,71863,3210,1557,1653
64180,99464,27591,47918,22221,71870,3211,1558,1653
64185,99468,27593,47921,22223,71873,3211,1558,1653
64190,99478,27596,47925,22225,71881,3211,1558,1653
64195,99484,27599,47929,22228,71884,3211,1558,1653
64200,99495,27601,47933,22229,71891,3212,1559,1653
64205,99499,27602,47934,22230,71895,3212,1559,1653
64210,99509,27604,47939,22231,71905,3212,1559,1653
64215,99515,27604,47943,22231,71910,3212,1559,1653
64220,99526,27606,47947,22232,71918,3213,1560,1653
64225,99530,27606,47948,22232,71923,3213,1560,1653
64230,99540,27608,47953,22232,71932,3213,1560,1653
64235,99546,27608,47956,22232,71937,3213,1560,1653
64240,99557,27610,47960,22233,71946,3214,1561,1653
64245,99561,27610,47962,22233,71949,3214,1561,1653
64250,99571,27612,47965,22233,71959,3214,1561,1653
64255,99577,27612,47969,22233,71964,3214,1561,1653
64260,99588,27614,47973,22233,71973,3215,1562,1653
64265,99592,27614,47976,22233,71976,3215,1562,1653
64270,99602,27616,47979,22233,71986,3215,1562,1653
64275,99608,27616,47981,22233,71991,3215,1562,1653
64280,99619,27618,47985,22234,72000,3216,1562,1654
64285,99623,27618,47986,22234,72004,3216,1562,1654
64290,99633,27620,47993,22234,72013,3216,1562,1654
64295,99639,27620,47995,22234,72018,3216,1562,1654
64300,99650,27622,48001,22234,72027,3217,1563,1654
64305,99654,27622,48002,22234,72031,3217,1563,1654
64310,99664,27624,48006,22234,72039,3217,1563,1654
64315,99670,27626,48010,22235,72043,3217,1563,1654
64320,99681,27628,48017,22237,72052,3218,1564,1654
64325,99685,27628,48019,22237,72056,3218,1564,1654
64330,99695,27630,48025,22239,72064,3218,1564,1654
64335,99701,27632,48026,22240,72068,3218,1564,1654
64340,99712,27635,48034,22243,72076,3219,1564,1655
64345,99716,27635,48037,22243,72080,3219,1564,1655
64350,99726,27637,48041,22244,72089,3219,1564,1655
64355,99732,27638,48044,22244,72093,3219,1564,1655
64360,99743,27641,48049,22246,72101,3220,1564,1656
64365,99747,27641,48050,22246,72105,3220,1564,1656
64370,99757,27643,48053,22247,72113,3220,1564,1656
64375,99763,27645,48057,22249,72117,3220,1564,1656
64380,99774,27648,48065,22251,72125,3221,1565,1656
64385,99778,27648,48068,22251,72129,3221,1565,1656
64390,99788,27650,48073,22252,72138,3221,1565,1656
64395,99794,27652,48074,22253,72141,3221,1565,1656
64400,99805,27655,48078,22255,72149,3222,1565,1657
64405,99809,27655,48081,22255,72153,3222,1565,1657
64410,99819,27657,48086,22257,72162,3222,1565,1657
64415,99825,27658,48089,22257,72166,3222,1565,1657
64420,99836,27660,48095,22258,72175,3223,1566,1657
64425,99840,27660,48097,22258,72179,3223,1566,1657
64430,99850,27662,48103,22260,72187,3223,1566,1657
64435,99856,27664,48105,22262,72191,3223,1566,1657
64440,99867,27666,48112,22263,72198,3224,1567,1657
64445,99871,27668,48114,22265,72201,3224,1567,1657
64450,99881,27672,48120,22269,72208,3224,1567,1657
64455,99887,27674,48122,22271,72211,3224,1567,1657
64460,99898,27677,48125,22272,72219,3225,1567,1658
64465,99902,27678,48127,22273,72223,3225,1567,1658
64470,99912,27681,48129,22274,72230,3225,1567,1658
64475,99918,27684,48130,22276,72233,3225,1567,1658
64480,99929,27687,48133,22278,72241,3226,1567,1659
64485,99933,27687,48133,22278,72246,3226,1567,1659
64490,99943,27689,48136,22278,72253,3226,1567,1659
64495,99949,27691,48137,22279,72256,3226,1567,1659
64500,99960,27694,48143,22281,72264,3227,1567,1660
64505,99964,27695,48146,22282,72267,3227,1567,1660
64510,99974,27699,48150,22285,72274,3227,1567,1660
64515,99980,27701,48152,22286,72277,3227,1567,1660
64520,99991,27704,48157,22287,72285,3228,1568,1660
64525,99995,27705,48160,22288,72287,3228,1568,1660
64530,100005,27710,48165,22292,72294,3228,1568,1660
64535,100011,27710,48167,22292,72300,3228,1568,1660
64540,100022,27712,48171,22293,72308,3229,1568,1661
64545,100026,27712,48173,22293,72312,3229,1568,1661
64550,100036,27714,48180,22295,72322,3229,1568,1661
64555,100042,27714,48183,22295,72327,3229,1568,1661
64560,100053,27716,48186,22296,72336,3230,1569,1661
64565,100057,27716,48186,22296,72341,3230,1569,1661
64570,100067,27718,48192,22297,72349,3230,1569,1661
64575,100073,27718,48193,22297,72354,3230,1569,1661
64580,100084,27720,48198,22298,72364,3231,1569,1662
64585,100088,27720,48200,22298,72367,3231,1569,1662
64590,100098,27722,48204,22299,72376,3231,1569,1662
64595,100104,27722,48208,22299,72381,3231,1569,1662
64600,100115,27724,48216,22301,72390,3232,1570,1662
64605,100119,27724,48218,22301,72394,3232,1570,1662
64610,100129,27726,48224,22302,72403,3232,1570,1662
64615,100135,27726,48228,22302,72408,3232,1570,1662
64620,100146,27728,48235,22302,72417,3233,1570,1663
64625,100150,27728,48237,22302,72422,3233,1570,1663
64630,100160,27730,48241,22302,72430,3233,1570,1663
64635,100166,27730,48244,22302,72435,3233,1570,1663
64640,100177,27733,48249,22304,72443,3234,1570,1664
64645,100181,27733,48252,22304,72448,3234,1570,1664
64650,100191,27735,48259,22305,72455,3234,1570,1664
64655,100197,27738,48263,22308,72458,3234,1570,1664
64660,100208,27740,48267,22310,72466,3235,1570,1665
64665,100212,27742,48268,22312,72469,3235,1570,1665
64670,100222,27745,48272,22313,72474,3235,1570,1665
64675,100228,27749,48274,22316,72477,3235,1570,1665
64680,100239,27752,48278,22318,72486,3236,1570,1666
64685,100243,27752,48278,22318,72491,3236,1570,1666
64690,100253,27754,48283,22319,72499,3236,1570,1666
64695,100259,27755,48286,22319,72501,3236,1570,1666
64700,100270,27757,48290,22319,72512,3237,1571,1666
64705,100274,27757,48291,22319,72516,3237,1571,1666
64710,100284,27759,48296,22321,72525,3237,1571,1666
64715,100290,27760,48299,22321,72528,3237,1571,1666
64720,100301,27762,48305,22322,72539,3238,1572,1666
64725,100305,27762,48309,22322,72542,3238,1572,1666
64730,100315,27764,48312,22323,72551,3238,1572,1666
64735,100321,27765,48316,22324,72555,3238,1572,1666
64740,100332,27767,48321,22325,72564,3239,1573,1666
64745,100336,27767,48323,22325,72569,3239,1573,1666
64750,100346,27769,48328,22326,72576,3239,1573,1666
64755,100352,27771,48329,22327,72579,3239,1573,1666
64760,100363,27773,48332,22328,72589,3240,1573,1667
64765,100367,27773,48333,22328,72594,3240,1573,1667
64770,100377,27775,48338,22329,72602,3240,1573,1667
64775,100383,27776,48339,22330,72606,3240,1573,1667
64780,100394,27778,48344,22331,72616,3241,1573,1668
64785,100398,27778,48345,22331,72620,3241,1573,1668
64790,100408,27780,48351,22332,72627,3241,1573,1668
64795,100414,27782,48355,22334,72631,3241,1573,1668
64800,100425,27785,48362,22337,72640,3242,1574,1668
64805,100429,27785,48364,22337,72643,3242,1574,1668
64810,100439,27787,48370,22339,72651,3242,1574,1668
64815,100445,27790,48374,22341,72654,3242,1574,1668
64820,100456,27792,48380,22342,72663,3243,1575,1668
64825,100460,27792,48381,22342,72668,3243,1575,1668
64830,100470,27794,48388,22344,72675,3243,1575,1668
64835,100476,27796,48389,22345,72679,3243,1575,1668
64840,100487,27798,48396,22346,72688,3244,1575,1669
64845,100491,27798,48398,22346,72693,3244,1575,1669
64850,100501,27800,48399,22346,72701,3244,1575,1669
64855,100507,27802,48404,22348,72704,3244,1575,1669
64860,100518,27805,48407,22349,72712,3245,1575,1670
64865,100522,27805,48410,22349,72717,3245,1575,1670
64870,100532,27807,48415,22349,72724,3245,1575,1670
64875,100538,27810,48418,22352,72727,3245,1575,1670
64880,100549,27813,48425,22354,72735,3246,1576,1670
64885,100553,27814,48428,22355,72739,3246,1576,1670
64890,100563,27816,48435,22356,72746,3246,1576,1670
64895,100569,27818,48438,22357,72750,3246,1576,1670
64900,100580,27821,48444,22360,72758,3247,1576,1671
64905,100584,27821,48446,22360,72763,3247,1576,1671
64910,100594,27823,48451,22362,72771,3247,1576,1671
64915,100600,27825,48454,22364,72774,3247,1576,1671
64920,100611,27827,48458,22365,72784,3248,1576,1672
64925,100615,27827,48459,22365,72788,3248,1576,1672
64930,100625,27829,48462,22366,72795,3248,1576,1672
64935,100631,27832,48465,22369,72797,3248,1576,1672
64940,100642,27835,48468,22371,72807,3249,1576,1673
64945,100646,27835,48469,22371,72811,3249,1576,1673
64950,100656,27837,48475,22372,72816,3249,1576,1673
64955,100662,27841,48478,22376,72820,3249,1576,1673
64960,100673,27844,48485,22379,72826,3250,1576,1674
64965,100677,27846,48487,22381,72828,3250,1576,1674
64970,100687,27851,48493,22386,72835,3250,1576,1674
64975,100693,27853,48495,22387,72838,3250,1576,1674
64980,100704,27857,48499,22391,72846,3251,1576,1675
64985,100708,27858,48500,22392,72850,3251,1576,1675
64990,100718,27860,48504,22393,72858,3251,1576,1675
64995,100724,27860,48506,22393,72861,3251,1576,1675
65000,100735,27862,48509,22393,72873,3252,1577,1675
65005,100739,27862,48511,22393,72875,3252,1577,1675
65010,100749,27864,48518,22394,72884,3252,1577,1675
65015,100755,27864,48519,22394,72890,3252,1577,1675
65020,100766,27866,48523,22394,72900,3253,1578,1675
65025,100770,27866,48524,22394,72904,3253,1578,1675
65030,100780,27868,48530,22394,72911,3253,1578,1675
65035,100786,27868,48531,22394,72917,3253,1578,1675
65040,100797,27870,48535,22394,72927,3254,1578,1676
65045,100801,27870,48537,22394,72930,3254,1578,1676
65050,100811,27872,48542,22395,72939,3254,1578,1676
65055,100817,27872,48544,22395,72944,3254,1578,1676
65060,100828,27874,48547,22396,72954,3255,1579,1676
65065,100832,27874,48548,22396,72957,3255,1579,1676
65070,100842,27876,48552,22396,72966,3255,1579,1676
65075,100848,27876,48555,22396,72970,3255,1579,1676
65080,100859,27878,48559,22397,72980,3256,1580,1676
65085,100863,27878,48562,22397,72984,3256,1580,1676
65090,100873,27880,48566,22397,72992,3256,1580,1676
65095,100879,27882,48567,22399,72996,3256,1580,1676
65100,100890,27884,48571,22399,73006,3257,1580,1677
65105,100894,27884,48573,22399,73009,3257,1580,1677
65110,100904,27886,48575,22399,73017,3257,1580,1677
65115,100910,27888,48578,22401,73021,3257,1580,1677
65120,100921,27890,48586,22401,73029,3258,1581,1677
65125,100925,27890,48588,22401,73035,3258,1581,1677
65130,100935,27892,48593,22402,73043,3258,1581,1677
65135,100941,27893,48596,22403,73047,3258,1581,1677
65140,100952,27895,48603,22403,73057,3259,1582,1677
65145,100956,27895,48606,22403,73060,3259,1582,1677
65150,100966,27897,48610,22404,73069,3259,1582,1677
65155,100972,27898,48613,22404,73073,3259,1582,1677
65160,100983,27900,48617,22405,73082,3260,1582,1678
65165,100987,27900,48619,22405,73086,3260,1582,1678
65170,100997,27902,48624,22405,73095,3260,1582,1678
65175,101003,27903,48627,22406,73099,3260,1582,1678
65180,101014,27905,48633,22408,73108,3261,1583,1678
65185,101018,27905,48636,22408,73113,3261,1583,1678
65190,101028,27907,48640,22409,73121,3261,1583,1678
65195,101034,27908,48645,22409,73125,3261,1583,1678
65200,101045,27910,48649,22411,73135,3262,1584,1678
65205,101049,27910,48652,22411,73139,3262,1584,1678
65210,101059,27912,48656,22413,73147,3262,1584,1678
65215,101065,27913,48657,22413,73151,3262,1584,1678
65220,101076,27916,48665,22416,73159,3263,1584,1679
65225,101080,27916,48665,22416,73164,3263,1584,1679
65230,101090,27918,48670,22416,73172,3263,1584,1679
65235,101096,27919,48671,22416,73176,3263,1584,1679
65240,101107,27921,48675,22416,73185,3264,1584,1680
65245,101111,27922,48677,22417,73189,3264,1584,1680
65250,101121,27924,48682,22417,73197,3264,1584,1680
65255,101127,27925,48683,22418,73201,3264,1584,1680
65260,101138,27927,48687,22418,73211,3265,1584,1681
65265,101142,27927,48690,22418,73215,3265,1584,1681
65270,101152,27929,48694,22418,73223,3265,1584,1681
65275,101158,27930,48695,22419,73227,3265,1584,1681
65280,101169,27932,48699,22419,73237,3266,1584,1682
65285,101173,27932,48700,22419,73241,3266,1584,1682
65290,101183,27934,48704,22420,73248,3266,1584,1682
65295,101189,27936,48708,22422,73251,3266,1584,1682
65300,101200,27939,48714,22424,73259,3267,1584,1683
65305,101204,27941,48716,22426,73262,3267,1584,1683
65310,101214,27944,48722,22428,73270,3267,1584,1683
65315,101220,27946,48726,22429,73271,3267,1584,1683
65320,101231,27951,48733,22433,73279,3268,1584,1684
65325,101235,27951,48735,22433,73281,3268,1584,1684
65330,101245,27956,48742,22438,73289,3268,1584,1684
65335,101251,27957,48746,22439,73291,3268,1584,1684
65340,101262,27962,48750,22444,73299,3269,1584,1685
65345,101266,27962,48753,22444,73302,3269,1584,1685
65350,101276,27966,48756,22447,73310,3269,1584,1685
65355,101282,27968,48759,22448,73312,3269,1584,1685
65360,101293,27971,48764,22451,73321,3270,1585,1685
65365,101297,27971,48766,22451,73325,3270,1585,1685
65370,101307,27974,48773,22454,73331,3270,1585,1685
65375,101313,27977,48776,22456,73334,3270,1585,1685
65380,101324,27981,48782,22460,73342,3271,1586,1685
65385,101328,27982,48785,22461,73345,3271,1586,1685
65390,101338,27985,48789,22463,73353,3271,1586,1685
65395,101344,27986,48793,22464,73356,3271,1586,1685
65400,101355,27989,48797,22466,73364,3272,1586,1686
65405,101359,27990,48799,22467,73369,3272,1586,1686
65410,101369,27992,48805,22467,73377,3272,1586,1686
65415,101375,27993,48808,22468,73381,3272,1586,1686
65420,101386,27995,48810,22469,73391,3273,1586,1687
65425,101390,27995,48811,22469,73395,3273,1586,1687
65430,101400,27997,48817,22470,73403,3273,1586,1687
65435,101406,27998,48818,22470,73407,3273,1586,1687
65440,101417,28000,48825,22470,73416,3274,1586,1688
65445,101421,28000,48827,22470,73421,3274,1586,1688
65450,101431,28002,48831,22470,73429,3274,1586,1688
65455,101437,28003,48833,22470,73433,3274,1586,1688
65460,101448,28006,48840,22472,73441,3275,1586,1689
65465,101452,28006,48842,22472,73446,3275,1586,1689
65470,101462,28008,48846,22473,73454,3275,1586,1689
65475,101468,28009,48848,22473,73458,3275,1586,1689
65480,101479,28011,48853,22473,73468,3276,1587,1689
65485,101483,28011,48854,22473,73472,3276,1587,1689
65490,101493,28013,48860,22474,73480,3276,1587,1689
65495,101499,28014,48865,22475,73484,3276,1587,1689
65500,101510,28016,48870,22476,73493,3277,1587,1690
65505,101514,28016,48872,22476,73498,3277,1587,1690
65510,101524,28018,48876,22478,73506,3277,1587,1690
65515,101530,28020,48881,22480,73509,3277,1587,1690
65520,101541,28022,48888,22482,73519,3278,1588,1690
65525,101545,28022,48889,22482,73523,3278,1588,1690
65530,101555,28024,48893,22482,73531,3278,1588,1690
65535,101561,28025,48896,22483,73535,3278,1588,1690
65540,101572,28028,48906,22485,73543,3279,1589,1690
65545,101576,28028,48909,22485,73548,3279,1589,1690
65550,101586,28030,48914,22486,73556,3279,1589,1690
65555,101592,28032,48915,22487,73559,3279,1589,1690
65560,101603,28034,48919,22487,73569,3280,1589,1691
65565,101607,28034,48920,22487,73573,3280,1589,1691
65570,101617,28036,48922,22487,73580,3280,1589,1691
65575,101623,28038,48925,22489,73583,3280,1589,1691
65580,101634,28041,48931,22491,73592,3281,1590,1691
65585,101638,28041,48931,22491,73596,3281,1590,1691
65590,101648,28044,48935,22492,73604,3281,1590,1691
65595,101654,28045,48939,22493,73606,3281,1590,1691
65600,101665,28050,48946,22496,73613,3282,1590,1692
65605,101669,28051,48948,22497,73615,3282,1590,1692
65610,101679,28056,48952,22502,73623,3282,1590,1692
65615,101685,28057,48954,22503,73627,3282,1590,1692
65620,101696,28059,48958,22504,73637,3283,1591,1692
65625,101700,28059,48961,22504,73639,3283,1591,1692
65630,101710,28063,48965,22507,73646,3283,1591,1692
65635,101716,28066,48970,22509,73647,3283,1591,1692
65640,101727,28071,48976,22513,73655,3284,1592,1692
65645,101731,28072,48978,22514,73658,3284,1592,1692
65650,101741,28074,48984,22515,73667,3284,1592,1692
65655,101747,28074,48987,22515,73671,3284,1592,1692
65660,101758,28076,48994,22516,73682,3285,1592,1693
65665,101762,28076,48994,22516,73686,3285,1592,1693
65670,101772,28078,48996,22517,73694,3285,1592,1693
65675,101778,28078,49000,22517,73698,3285,1592,1693
65680,101789,28080,49007,22517,73708,3286,1593,1693
65685,101793,28080,49009,22517,73712,3286,1593,1693
65690,101803,28082,49016,22519,73721,3286,1593,1693
65695,101809,28082,49020,22519,73724,3286,1593,1693
65700,101820,28084,49026,22520,73735,3287,1594,1693
65705,101824,28084,49028,22520,73740,3287,1594,1693
65710,101834,28086,49033,22521,73748,3287,1594,1693
65715,101840,28086,49034,22521,73753,3287,1594,1693
65720,101851,28088,49040,22522,73763,3288,1595,1693
65725,101855,28088,49043,22522,73767,3288,1595,1693
65730,101865,28090,49051,22523,73775,3288,1595,1693
65735,101871,28090,49054,22523,73780,3288,1595,1693
65740,101882,28092,49061,22524,73790,3289,1596,1693
65745,101886,28092,49061,22524,73794,3289,1596,1693
65750,101896,28094,49066,22526,73802,3289,1596,1693
65755,101902,28095,49069,22526,73806,3289,1596,1693
65760,101913,28098,49074,22528,73815,3290,1596,1694
65765,101917,28098,49076,22528,73819,3290,1596,1694
65770,101927,28100,49082,22529,73827,3290,1596,1694
65775,101933,28101,49084,22529,73831,3290,1596,1694
65780,101944,28104,49091,22531,73839,3291,1597,1694
65785,101948,28104,49093,22531,73844,3291,1597,1694
65790,101958,28106,49096,22531,73852,3291,1597,1694
65795,101964,28107,49099,22532,73856,3291,1597,1694
65800,101975,28109,49105,22532,73865,3292,1598,1694
65805,101979,28109,49108,22532,73870,3292,1598,1694
65810,101989,28111,49114,22534,73878,3292,1598,1694
65815,101995,28113,49117,22536,73881,3292,1598,1694
65820,102006,28115,49126,22537,73888,3293,1599,1694
65825,102010,28117,49128,22539,73891,3293,1599,1694
65830,102020,28121,49136,22543,73898,3293,1599,1694
65835,102026,28123,49138,22545,73902,3293,1599,1694
65840,102037,28125,49145,22547,73910,3294,1600,1694
65845,102041,28126,49148,22548,73912,3294,1600,1694
65850,102051,28131,49149,22551,73919,3294,1600,1694
65855,102057,28133,49150,22552,73922,3294,1600,1694
65860,102068,28136,49153,22553,73931,3295,1601,1694
65865,102072,28137,49154,22554,73934,3295,1601,1694
65870,102082,28140,49161,22557,73941,3295,1601,1694
65875,102088,28142,49162,22558,73944,3295,1601,1694
65880,102099,28146,49165,22561,73953,3296,1601,1695
65885,102103,28146,49165,22561,73957,3296,1601,1695
65890,102113,28148,49167,22561,73965,3296,1601,1695
65895,102119,28149,49169,22562,73968,3296,1601,1695
65900,102130,28152,49173,22563,73977,3297,1602,1695
65905,102134,28153,49175,22564,73981,3297,1602,1695
65910,102144,28155,49183,22565,73989,3297,1602,1695
65915,102150,28156,49185,22565,73993,3297,1602,1695
65920,102161,28158,49189,22567,74001,3298,1602,1696
65925,102165,28159,49191,22568,74006,3298,1602,1696
65930,102175,28161,49195,22570,74014,3298,1602,1696
65935,102181,28162,49197,22570,74017,3298,1602,1696
65940,102192,28166,49203,22573,74026,3299,1602,1697
65945,102196,28166,49204,22573,74030,3299,1602,1697
65950,102206,28168,49212,22575,74038,3299,1602,1697
65955,102212,28169,49213,22575,74041,3299,1602,1697
65960,102223,28173,49219,22578,74049,3300,1602,1698
65965,102227,28173,49221,22578,74054,3300,1602,1698
65970,102237,28175,49224,22579,74062,3300,1602,1698
65975,102243,28176,49225,22579,74066,3300,1602,1698
65980,102254,28179,49231,22580,74073,3301,1602,1699
65985,102258,28180,49232,22581,74076,3301,1602,1699
65990,102268,28184,49236,22584,74083,3301,1602,1699
65995,102274,28186,49237,22585,74086,3301,1602,1699
66000,102285,28189,49239,22587,74096,3302,1602,1700
66005,102289,28189,49241,22587,74099,3302,1602,1700
66010,102299,28191,49245,22589,74108,3302,1602,1700
66015,102305,28191,49247,22589,74113,3302,1602,1700
66020,102316,28193,49251,22590,74122,3303,1603,1700
66025,102320,28193,49251,22590,74127,3303,1603,1700
66030,102330,28195,49258,22591,74135,3303,1603,1700
66035,102336,28195,49260,22591,74140,3303,1603,1700
66040,102347,28197,49267,22591,74149,3304,1604,1700
66045,102351,28197,49269,22591,74154,3304,1604,1700
66050,102361,28199,49274,22592,74162,3304,1604,1700
66055,102367,28199,49277,22592,74167,3304,1604,1700
66060,102378,28201,49282,22594,74175,3305,1604,1701
66065,102382,28201,49284,22594,74181,3305,1604,1701
66070,102392,28203,49288,22595,74189,3305,1604,1701
66075,102398,28203,49291,22595,74194,3305,1604,1701
66080,102409,28205,49294,22595,74203,3306,1604,1702
66085,102413,28205,49297,22595,74207,3306,1604,1702
66090,102423,28207,49304,22597,74216,3306,1604,1702
66095,102429,28207,49309,22597,74221,3306,1604,1702
66100,102440,28209,49314,22598,74230,3307,1604,1703
66105,102444,28209,49315,22598,74235,3307,1604,1703
66110,102454,28211,49322,22599,74243,3307,1604,1703
66115,102460,28213,49325,22600,74246,3307,1604,1703
66120,102471,28216,49331,22602,74254,3308,1604,1704
66125,102475,28216,49333,22602,74259,3308,1604,1704
66130,102485,28218,49336,22602,74267,3308,1604,1704
66135,102491,28220,49339,22604,74270,3308,1604,1704
66140,102502,28222,49347,22606,74280,3309,1604,1705
66145,102506,28222,49347,22606,74284,3309,1604,1705
66150,102516,28224,49350,22606,74292,3309,1604,1705
66155,102522,28226,49351,22607,74295,3309,1604,1705
66160,102533,28229,49359,22609,74304,3310,1605,1705
66165,102537,28229,49362,22609,74308,3310,1605,1705
66170,102547,28231,49368,22610,74316,3310,1605,1705
66175,102553,28233,49370,22612,74319,3310,1605,1705
66180,102564,28236,49374,22614,74327,3311,1605,1706
66185,102568,28236,49376,22614,74332,3311,1605,1706
66190,102578,28238,49383,22615,74340,3311,1605,1706
66195,102584,28239,49384,22616,74344,3311,1605,1706
66200,102595,28242,49390,22618,74353,3312,1606,1706
66205,102599,28242,49391,22618,74357,3312,1606,1706
66210,102609,28244,49398,22620,74365,3312,1606,1706
66215,102615,28245,49400,22620,74368,3312,1606,1706
66220,102626,28248,49402,22622,74378,3313,1606,1707
66225,102630,28248,49402,22622,74382,3313,1606,1707
66230,102640,28250,49408,22623,74388,3313,1606,1707
66235,102646,28254,49410,22627,74391,3313,1606,1707
66240,102657,28257,49417,22629,74399,3314,1606,1708
66245,102661,28258,49420,22630,74401,3314,1606,1708
66250,102671,28262,49423,22633,74408,3314,1606,1708
66255,102677,28265,49429,22636,74409,3314,1606,1708
66260,102688,28269,49436,22640,74417,3315,1607,1708
66265,102692,28270,49438,22641,74420,3315,1607,1708
66270,102702,28274,49442,22644,74426,3315,1607,1708
66275,102708,28278,49444,22647,74428,3315,1607,1708
66280,102719,28280,49448,22647,74438,3316,1607,1709
66285,102723,28280,49450,22647,74442,3316,1607,1709
66290,102733,28282,49456,22649,74451,3316,1607,1709
66295,102739,28283,49457,22650,74455,3316,1607,1709
66300,102750,28285,49463,22651,74464,3317,1607,1710
66305,102754,28285,49465,22651,74468,3317,1607,1710
66310,102764,28287,49470,22652,74477,3317,1607,1710
66315,102770,28288,49473,22653,74480,3317,1607,1710
66320,102781,28290,49481,22654,74489,3318,1608,1710
66325,102785,28290,49484,22654,74495,3318,1608,1710
66330,102795,28292,49491,22656,74503,3318,1608,1710
66335,102801,28293,49492,22657,74507,3318,1608,1710
66340,102812,28295,49498,22658,74517,3319,1608,1711
66345,102816,28295,49499,22658,74521,3319,1608,1711
66350,102826,28297,49507,22660,74529,3319,1608,1711
66355,102832,28298,49508,22660,74533,3319,1608,1711
66360,102843,28300,49514,22661,74542,3320,1609,1711
66365,102847,28300,49517,22661,74547,3320,1609,1711
66370,102857,28302,49522,22662,74555,3320,1609,1711
66375,102863,28303,49528,22663,74559,3320,1609,1711
66380,102874,28305,49535,22665,74569,3321,1610,1711
66385,102878,28305,49538,22665,74573,3321,1610,1711
66390,102888,28307,49543,22665,74581,3321,1610,1711
66395,102894,28308,49546,22665,74585,3321,1610,1711
66400,102905,28310,49550,22666,74594,3322,1611,1711
66405,102909,28310,49551,22666,74599,3322,1611,1711
66410,102919,28312,49557,22667,74607,3322,1611,1711
66415,102925,28314,49560,22669,74610,3322,1611,1711
66420,102936,28316,49565,22670,74619,3323,1611,1712
66425,102940,28316,49567,22670,74623,3323,1611,1712
66430,102950,28318,49573,22672,74632,3323,1611,1712
66435,102956,28319,49574,22672,74635,3323,1611,1712
66440,102967,28322,49580,22673,74643,3324,1611,1713
66445,102971,28323,49583,22674,74645,3324,1611,1713
66450,102981,28328,49585,22677,74653,3324,1611,1713
66455,102987,28329,49589,22678,74656,3324,1611,1713
66460,102998,28333,49593,22681,74664,3325,1612,1713
66465,103002,28334,49593,22682,74668,3325,1612,1713
66470,103012,28336,49596,22683,74675,3325,1612,1713
66475,103018,28339,49600,22685,74677,3325,1612,1713
66480,103029,28343,49604,22688,74686,3326,1613,1713
66485,103033,28343,49604,22688,74690,3326,1613,1713
66490,103043,28345,49608,22689,74698,3326,1613,1713
66495,103049,28347,49614,22691,74699,3326,1613,1713
66500,103060,28352,49619,22696,74706,3327,1613,1714
66505,103064,28353,49622,22697,74709,3327,1613,1714
66510,103074,28355,49626,22698,74719,3327,1613,1714
66515,103080,28355,49630,22698,74722,3327,1613,1714
66520,103091,28357,49635,22700,74734,3328,1613,1715
66525,103095,28357,49637,22700,74738,3328,1613,1715
66530,103105,28359,49641,22702,74746,3328,1613,1715
66535,103111,28359,49645,22702,74750,3328,1613,1715
66540,103122,28361,49649,22703,74760,3329,1614,1715
66545,103126,28361,49650,22703,74765,3329,1614,1715
66550,103136,28363,49656,22704,74773,3329,1614,1715
66555,103142,28363,49659,22704,74778,3329,1614,1715
66560,103153,28365,49665,22705,74788,3330,1615,1715
66565,103157,28365,49667,22705,74792,3330,1615,1715
66570,103167,28367,49670,22707,74800,3330,1615,1715
66575,103173,28367,49674,22707,74805,3330,1615,1715
66580,103184,28369,49680,22709,74814,3331,1615,1716
66585,103188,28369,49681,22709,74819,3331,1615,1716
66590,103198,28371,49686,22710,74827,3331,1615,1716
66595,103204,28371,49689,22710,74832,3331,1615,1716
66600,103215,28373,49693,22711,74842,3332,1615,1717
66605,103219,28373,49694,22711,74846,3332,1615,1717
66610,103229,28375,49697,22713,74854,3332,1615,1717
66615,103235,28376,49702,22713,74858,3332,1615,1717
66620,103246,28378,49708,22715,74867,3333,1616,1717
66625,103250,28378,49711,22715,74872,3333,1616,1717
66630,103260,28380,49716,22716,74880,3333,1616,1717
66635,103266,28381,49720,22717,74883,3333,1616,1717
66640,103277,28385,49725,22721,74891,3334,1616,1718
66645,103281,28385,49727,22721,74896,3334,1616,1718
66650,103291,28387,49731,22722,74904,3334,1616,1718
66655,103297,28388,49734,22723,74907,3334,1616,1718
66660,103308,28392,49742,22725,74914,3335,1617,1718
66665,103312,28393,49744,22726,74917,3335,1617,1718
66670,103322,28397,49749,22729,74923,3335,1617,1718
66675,103328,28400,49753,22732,74927,3335,1617,1718
66680,103339,28403,49757,22734,74936,3336,1618,1718
66685,103343,28403,49759,22734,74940,3336,1618,1718
66690,103353,28405,49765,22736,74948,3336,1618,1718
66695,103359,28406,49767,22736,74952,3336,1618,1718
66700,103370,28409,49775,22738,74961,3337,1619,1718
66705,103374,28409,49777,22738,74964,3337,1619,1718
66710,103384,28411,49783,22739,74973,3337,1619,1718
66715,103390,28412,49785,22739,74977,3337,1619,1718
66720,103401,28414,49790,22740,74987,3338,1619,1719
66725,103405,28414,49791,22740,74990,3338,1619,1719
66730,103415,28416,49794,22741,74999,3338,1619,1719
66735,103421,28418,49797,22742,75002,3338,1619,1719
66740,103432,28421,49803,22744,75010,3339,1619,1720
66745,103436,28421,49805,22744,75015,3339,1619,1720
66750,103446,28423,49806,22744,75023,3339,1619,1720
66755,103452,28424,49809,22745,75027,3339,1619,1720
66760,103463,28427,49818,22748,75035,3340,1620,1720
66765,103467,28427,49821,22748,75039,3340,1620,1720
66770,103477,28429,49825,22748,75048,3340,1620,1720
66775,103483,28431,49828,22749,75050,3340,1620,1720
66780,103494,28434,49831,22750,75058,3341,1620,1721
66785,103498,28436,49834,22752,75062,3341,1620,1721
66790,103508,28438,49839,22753,75070,3341,1620,1721
66795,103514,28439,49841,22754,75074,3341,1620,1721
66800,103525,28441,49847,22755,75083,3342,1621,1721
66805,103529,28442,49850,22756,75087,3342,1621,1721
66810,103539,28444,49854,22758,75095,3342,1621,1721
66815,103545,28445,49855,22759,75099,3342,1621,1721
66820,103556,28447,49861,22759,75108,3343,1622,1721
66825,103560,28447,49862,22759,75113,3343,1622,1721
66830,103570,28449,49868,22759,75121,3343,1622,1721
66835,103576,28450,49871,22760,75124,3343,1622,1721
66840,103587,28454,49876,22763,75132,3344,1622,1722
66845,103591,28455,49879,22764,75136,3344,1622,1722
66850,103601,28457,49886,22765,75144,3344,1622,1722
66855,103607,28459,49889,22767,75147,3344,1622,1722
66860,103618,28462,49894,22770,75155,3345,1622,1723
66865,103622,28463,49896,22771,75159,3345,1622,1723
66870,103632,28465,49900,22772,75167,3345,1622,1723
66875,103638,28466,49903,22773,75170,3345,1622,1723
66880,103649,28469,49906,22774,75179,3346,1622,1724
66885,103653,28469,49908,22774,75184,3346,1622,1724
66890,103663,28471,49916,22776,75191,3346,1622,1724
66895,103669,28473,49917,22777,75194,3346,1622,1724
66900,103680,28476,49922,22779,75203,3347,1623,1724
66905,103684,28477,49923,22780,75207,3347,1623,1724
66910,103694,28479,49927,22781,75214,3347,1623,1724
66915,103700,28482,49929,22784,75217,3347,1623,1724
66920,103711,28484,49934,22785,75225,3348,1623,1725
66925,103715,28485,49936,22786,75228,3348,1623,1725
66930,103725,28489,49939,22788,75235,3348,1623,1725
66935,103731,28491,49943,22790,75237,3348,1623,1725
66940,103742,28495,49948,22793,75247,3349,1624,1725
66945,103746,28495,49950,22793,75250,3349,1624,1725
66950,103756,28498,49955,22794,75257,3349,1624,1725
66955,103762,28500,49957,22795,75260,3349,1624,1725
66960,103773,28504,49964,22799,75268,3350,1625,1725
66965,103777,28504,49966,22799,75271,3350,1625,1725
66970,103787,28506,49969,22799,75281,3350,1625,1725
66975,103793,28506,49974,22799,75285,3350,1625,1725
66980,103804,28508,49978,22801,75296,3351,1625,1726
66985,103808,28508,49980,22801,75299,3351,1625,1726
66990,103818,28510,49983,22803,75308,3351,1625,1726
66995,103824,28510,49986,22803,75312,3351,1625,1726
67000,103835,28512,49993,22804,75322,3352,1626,1726
67005,103839,28512,49995,22804,75326,3352,1626,1726
67010,103849,28514,50000,22805,75335,3352,1626,1726
67015,103855,28514,50004,22805,75340,3352,1626,1726
67020,103866,28516,50009,22807,75349,3353,1626,1727
67025,103870,28516,50009,22807,75354,3353,1626,1727
67030,103880,28518,50015,22809,75362,3353,1626,1727
67035,103886,28518,50018,22809,75367,3353,1626,1727
67040,103897,28520,50022,22810,75376,3354,1626,1728
67045,103901,28520,50024,22810,75381,3354,1626,1728
67050,103911,28522,50026,22810,75389,3354,1626,1728
67055,103917,28522,50028,22810,75394,3354,1626,1728
67060,103928,28524,50031,22812,75404,3355,1626,1729
67065,103932,28524,50033,22812,75407,3355,1626,1729
67070,103942,28526,50038,22813,75416,3355,1626,1729
67075,103948,28527,50044,22814,75420,3355,1626,1729
67080,103959,28529,50053,22816,75429,3356,1627,1729
67085,103963,28529,50055,22816,75434,3356,1627,1729
67090,103973,28531,50060,22817,75442,3356,1627,1729
67095,103979,28532,50060,22817,75446,3356,1627,1729
67100,103990,28534,50066,22817,75455,3357,1627,1730
67105,103994,28534,50067,22817,75460,3357,1627,1730
67110,104004,28536,50074,22818,75468,3357,1627,1730
67115,104010,28537,50077,22818,75472,3357,1627,1730
67120,104021,28540,50085,22821,75480,3358,1628,1730
67125,104025,28540,50087,22821,75485,3358,1628,1730
67130,104035,28542,50093,22822,75493,3358,1628,1730
67135,104041,28544,50096,22823,75496,3358,1628,1730
67140,104052,28546,50102,22824,75506,3359,1629,1730
67145,104056,28546,50103,22824,75510,3359,1629,1730
67150,104066,28548,50106,22825,75518,3359,1629,1730
67155,104072,28550,50108,22826,75521,3359,1629,1730
67160,104083,28552,50114,22827,75530,3360,1629,1731
67165,104087,28553,50116,22828,75534,3360,1629,1731
67170,104097,28555,50120,22830,75542,3360,1629,1731
67175,104103,28556,50124,22831,75545,3360,1629,1731
67180,104114,28559,50129,22834,75554,3361,1629,1732
67185,104118,28560,50131,22835,75558,3361,1629,1732
67190,104128,28562,50136,22836,75565,3361,1629,1732
67195,104134,28565,50137,22838,75568,3361,1629,1732
67200,104145,28567,50140,22838,75577,3362,1629,1733
67205,104149,28568,50142,22839,75580,3362,1629,1733
67210,104159,28571,50147,22841,75587,3362,1629,1733
67215,104165,28573,50151,22843,75590,3362,1629,1733
67220,104176,28577,50158,22846,75598,3363,1630,1733
67225,104180,28578,50161,22847,75601,3363,1630,1733
67230,104190,28581,50166,22849,75609,3363,1630,1733
67235,104196,28583,50167,22850,75612,3363,1630,1733
67240,104207,28586,50173,22852,75620,3364,1631,1733
67245,104211,28586,50174,22852,75623,3364,1631,1733
67250,104221,28590,50178,22855,75631,3364,1631,1733
67255,104227,28592,50180,22856,75633,3364,1631,1733
67260,104238,28595,50183,22857,75643,3365,1632,1733
67265,104242,28595,50185,22857,75646,3365,1632,1733
67270,104252,28598,50188,22858,75653,3365,1632,1733
67275,104258,28601,50191,22861,75656,3365,1632,1733
67280,104269,28603,50194,22861,75665,3366,1632,1734
67285,104273,28603,50196,22861,75668,3366,1632,1734
67290,104283,28607,50200,22863,75674,3366,1632,1734
67295,104289,28611,50204,22866,75676,3366,1632,1734
67300,104300,28615,50210,22869,75683,3367,1633,1734
67305,104304,28615,50211,22869,75688,3367,1633,1734
67310,104314,28617,50217,22869,75697,3367,1633,1734
67315,104320,28617,50218,22869,75702,3367,1633,1734
67320,104331,28619,50224,22869,75710,3368,1634,1734
67325,104335,28619,50227,22869,75716,3368,1634,1734
67330,104345,28621,50232,22870,75724,3368,1634,1734
67335,104351,28621,50234,22870,75729,3368,1634,1734
67340,104362,28623,50240,22872,75737,3369,1634,1735
67345,104366,28623,50242,22872,75743,3369,1634,1735
67350,104376,28625,50248,22873,75751,3369,1634,1735
67355,104382,28625,50251,22873,75756,3369,1634,1735
67360,104393,28627,50256,22875,75766,3370,1634,1736
67365,104397,28627,50258,22875,75770,3370,1634,1736
67370,104407,28629,50263,22877,75778,3370,1634,1736
67375,104413,28629,50266,22877,75783,3370,1634,1736
67380,104424,28631,50268,22877,75792,3371,1634,1737
67385,104428,28631,50270,22877,75797,3371,1634,1737
67390,104438,28633,50272,22877,75805,3371,1634,1737
67395,104444,28633,50274,22877,75810,3371,1634,1737
67400,104455,28635,50277,22879,75820,3372,1634,1738
67405,104459,28635,50279,22879,75824,3372,1634,1738
67410,104469,28637,50281,22879,75832,3372,1634,1738
67415,104475,28638,50283,22879,75836,3372,1634,1738
67420,104486,28640,50291,22880,75845,3373,1635,1738
67425,104490,28640,50292,22880,75850,3373,1635,1738
67430,104500,28642,50297,22882,75858,3373,1635,1738
67435,104506,28644,50301,22884,75861,3373,1635,1738
67440,104517,28646,50305,22886,75871,3374,1635,1739
67445,104521,28646,50308,22886,75874,3374,1635,1739
67450,104531,28648,50315,22888,75883,3374,1635,1739
67455,104537,28650,50318,22890,75886,3374,1635,1739
67460,104548,28653,50325,22892,75894,3375,1635,1740
67465,104552,28653,50326,22892,75899,3375,1635,1740
67470,104562,28655,50332,22893,75907,3375,1635,1740
67475,104568,28657,50336,22895,75910,3375,1635,1740
67480,104579,28659,50338,22895,75919,3376,1635,1741
67485,104583,28659,50341,22895,75923,3376,1635,1741
67490,104593,28662,50346,22897,75930,3376,1635,1741
67495,104599,28664,50347,22899,75934,3376,1635,1741
67500,104610,28667,50352,22901,75942,3377,1636,1741
67505,104614,28668,50353,22902,75945,3377,1636,1741
67510,104624,28671,50357,22903,75951,3377,1636,1741
67515,104630,28674,50359,22905,75955,3377,1636,1741
67520,104641,28677,50362,22905,75964,3378,1636,1742
67525,104645,28677,50365,22905,75967,3378,1636,1742
67530,104655,28680,50370,22907,75975,3378,1636,1742
67535,104661,28680,50374,22907,75979,3378,1636,1742
67540,104672,28684,50379,22909,75986,3379,1636,1743
67545,104676,28685,50382,22910,75989,3379,1636,1743
67550,104686,28689,50386,22913,75997,3379,1636,1743
67555,104692,28689,50390,22913,76001,3379,1636,1743
67560,104703,28693,50395,22916,76009,3380,1636,1744
67565,104707,28693,50398,22916,76012,3380,1636,1744
67570,104717,28697,50404,22918,76019,3380,1636,1744
67575,104723,28699,50406,22920,76022,3380,1636,1744
67580,104734,28703,50412,22922,76030,3381,1637,1744
67585,104738,28703,50415,22922,76033,3381,1637,1744
67590,104748,28707,50420,22926,76040,3381,1637,1744
67595,104754,28709,50424,22928,76043,3381,1637,1744
67600,104765,28713,50426,22930,76052,3382,1637,1745
67605,104769,28713,50428,22930,76055,3382,1637,1745
67610,104779,28715,50434,22932,76064,3382,1637,1745
67615,104785,28715,50437,22932,76069,3382,1637,1745
67620,104796,28717,50444,22933,76078,3383,1638,1745
67625,104800,28717,50446,22933,76082,3383,1638,1745
67630,104810,28719,50449,22935,76091,3383,1638,1745
67635,104816,28719,50451,22935,76096,3383,1638,1745
67640,104827,28721,50454,22936,76106,3384,1639,1745
67645,104831,28721,50456,22936,76110,3384,1639,1745
67650,104841,28723,50463,22938,76118,3384,1639,1745
67655,104847,28723,50467,22938,76123,3384,1639,1745
67660,104858,28725,50471,22940,76133,3385,1639,1746
67665,104862,28725,50473,22940,76136,3385,1639,1746
67670,104872,28727,50477,22941,76145,3385,1639,1746
67675,104878,28727,50480,22941,76150,3385,1639,1746
67680,104889,28729,50485,22941,76159,3386,1640,1746
67685,104893,28729,50486,22941,76164,3386,1640,1746
67690,104903,28731,50491,22942,76172,3386,1640,1746
67695,104909,28731,50493,22942,76177,3386,1640,1746
67700,104920,28733,50497,22943,76187,3387,1640,1747
67705,104924,28733,50498,22943,76191,3387,1640,1747
67710,104934,28735,50500,22945,76199,3387,1640,1747
67715,104940,28736,50502,22946,76203,3387,1640,1747
67720,104951,28739,50506,22948,76212,3388,1640,1748
67725,104955,28739,50508,22948,76214,3388,1640,1748
67730,104965,28743,50511,22950,76221,3388,1640,1748
67735,104971,28744,50514,22951,76225,3388,1640,1748
67740,104982,28748,50517,22953,76233,3389,1641,1748
67745,104986,28748,50520,22953,76238,3389,1641,1748
67750,104996,28750,50525,22955,76245,3389,1641,1748
67755,105002,28751,50528,22956,76249,3389,1641,1748
67760,105013,28755,50534,22959,76258,3390,1642,1748
67765,105017,28755,50536,22959,76262,3390,1642,1748
67770,105027,28757,50541,22960,76270,3390,1642,1748
67775,105033,28758,50542,22961,76274,3390,1642,1748
67780,105044,28761,50547,22962,76282,3391,1643,1748
67785,105048,28762,50549,22963,76286,3391,1643,1748
67790,105058,28764,50554,22964,76293,3391,1643,1748
67795,105064,28765,50556,22965,76297,3391,1643,1748
67800,105075,28769,50558,22966,76305,3392,1643,1749
67805,105079,28770,50562,22967,76309,3392,1643,1749
67810,105089,28772,50566,22969,76316,3392,1643,1749
67815,105095,28774,50570,22971,76319,3392,1643,1749
67820,105106,28778,50574,22973,76326,3393,1643,1750
67825,105110,28780,50578,22975,76330,3393,1643,1750
67830,105120,28782,50582,22976,76337,3393,1643,1750
67835,105126,28784,50584,22978,76340,3393,1643,1750
67840,105137,28788,50588,22981,76347,3394,1643,1751
67845,105141,28788,50591,22981,76352,3394,1643,1751
67850,105151,28790,50598,22982,76361,3394,1643,1751
67855,105157,28790,50600,22982,76366,3394,1643,1751
67860,105168,28793,50602,22984,76374,3395,1643,1752
67865,105172,28793,50602,22984,76379,3395,1643,1752
67870,105182,28795,50607,22986,76387,3395,1643,1752
67875,105188,28795,50610,22986,76392,3395,1643,1752
67880,105199,28798,50613,22986,76400,3396,1643,1753
67885,105203,28798,50614,22986,76405,3396,1643,1753
67890,105213,28800,50620,22988,76413,3396,1643,1753
67895,105219,28800,50621,22988,76418,3396,1643,1753
67900,105230,28803,50625,22989,76426,3397,1643,1754
67905,105234,28803,50627,22989,76430,3397,1643,1754
67910,105244,28805,50632,22991,76439,3397,1643,1754
67915,105250,28805,50637,22991,76444,3397,1643,1754
67920,105261,28808,50644,22991,76453,3398,1644,1754
67925,105265,28808,50645,22991,76457,3398,1644,1754
67930,105275,28810,50652,22992,76465,3398,1644,1754
67935,105281,28810,50654,22992,76470,3398,1644,1754
67940,105292,28813,50658,22993,76479,3399,1644,1755
67945,105296,28813,50659,22993,76483,3399,1644,1755
67950,105306,28815,50662,22994,76491,3399,1644,1755
67955,105312,28815,50663,22994,76496,3399,1644,1755
67960,105323,28818,50668,22995,76505,3400,1644,1756
67965,105327,28818,50670,22995,76508,3400,1644,1756
67970,105337,28820,50673,22996,76517,3400,1644,1756
67975,105343,28821,50677,22997,76521,3400,1644,1756
67980,105354,28824,50681,22998,76530,3401,1644,1757
67985,105358,28824,50683,22998,76533,3401,1644,1757
67990,105368,28826,50690,22999,76542,3401,1644,1757
67995,105374,28827,50694,23000,76546,3401,1644,1757
68000,105385,28830,50699,23003,76555,3402,1644,1758
68005,105389,28830,50700,23003,76558,3402,1644,1758
68010,105399,28832,50709,23005,76567,3402,1644,1758
68015,105405,28833,50713,23006,76570,3402,1644,1758
68020,105416,28837,50718,23008,76578,3403,1645,1758
68025,105420,28837,50721,23008,76581,3403,1645,1758
68030,105430,28841,50726,23011,76587,3403,1645,1758
68035,105436,28844,50730,23014,76589,3403,1645,1758
68040,105447,28849,50737,23016,76596,3404,1646,1758
68045,105451,28850,50740,23017,76599,3404,1646,1758
68050,105461,28854,50746,23020,76605,3404,1646,1758
68055,105467,28856,50749,23022,76610,3404,1646,1758
68060,105478,28859,50755,23025,76618,3405,1646,1759
68065,105482,28859,50759,23025,76623,3405,1646,1759
68070,105492,28861,50763,23026,76631,3405,1646,1759
68075,105498,28861,50765,23026,76636,3405,1646,1759
68080,105509,28863,50772,23028,76644,3406,1646,1760
68085,105513,28864,50773,23029,76649,3406,1646,1760
68090,105523,28866,50779,23030,76656,3406,1646,1760
68095,105529,28867,50782,23031,76660,3406,1646,1760
68100,105540,28870,50790,23033,76668,3407,1647,1760
68105,105544,28871,50790,23034,76673,3407,1647,1760
68110,105554,28873,50792,23034,76680,3407,1647,1760
68115,105560,28874,50794,23035,76685,3407,1647,1760
68120,105571,28876,50800,23036,76694,3408,1647,1761
68125,105575,28876,50802,23036,76699,3408,1647,1761
68130,105585,28878,50805,23037,76707,3408,1647,1761
68135,105591,28878,50807,23037,76712,3408,1647,1761
68140,105602,28879,50813,23037,76722,3409,1648,1761
68145,105606,28879,50814,23037,76727,3409,1648,1761
68150,105616,28881,50819,23038,76735,3409,1648,1761
68155,105622,28881,50823,23038,76740,3409,1648,1761
68160,105633,28882,50826,23038,76750,3410,1648,1762
68165,105637,28882,50828,23038,76754,3410,1648,1762
68170,105647,28884,50832,23038,76763,3410,1648,1762
68175,105653,28884,50837,23038,76768,3410,1648,1762
68180,105664,28886,50844,23039,76778,3411,1648,1763
68185,105668,28886,50848,23039,76781,3411,1648,1763
68190,105678,28888,50855,23040,76790,3411,1648,1763
68195,105684,28888,50857,23040,76796,3411,1648,1763
68200,105695,28889,50862,23040,76805,3412,1649,1763
68205,105699,28889,50863,23040,76810,3412,1649,1763
68210,105709,28891,50866,23041,76818,3412,1649,1763
68215,105715,28891,50870,23041,76823,3412,1649,1763
68220,105726,28893,50878,23043,76832,3413,1650,1763
68225,105730,28893,50880,23043,76836,3413,1650,1763
68230,105740,28895,50884,23043,76845,3413,1650,1763
68235,105746,28896,50887,23044,76849,3413,1650,1763
68240,105757,28898,50891,23046,76859,3414,1650,1764
68245,105761,28898,50893,23046,76863,3414,1650,1764
68250,105771,28900,50897,23048,76871,3414,1650,1764
68255,105777,28901,50899,23049,76875,3414,1650,1764
68260,105788,28903,50904,23051,76885,3415,1651,1764
68265,105792,28903,50906,23051,76888,3415,1651,1764
68270,105802,28905,50912,23053,76897,3415,1651,1764
68275,105808,28906,50915,23054,76901,3415,1651,1764
68280,105819,28909,50923,23057,76907,3416,1652,1764
68285,105823,28911,50926,23059,76909,3416,1652,1764
68290,105833,28916,50930,23063,76917,3416,1652,1764
68295,105839,28917,50933,23064,76920,3416,1652,1764
68300,105850,28920,50938,23066,76929,3417,1652,1765
68305,105854,28920,50939,23066,76932,3417,1652,1765
68310,105864,28924,50944,23068,76938,3417,1652,1765
68315,105870,28926,50945,23070,76944,3417,1652,1765
68320,105881,28928,50950,23071,76952,3418,1653,1765
68325,105885,28928,50954,23071,76956,3418,1653,1765
68330,105895,28930,50957,23072,76965,3418,1653,1765
68335,105901,28930,50960,23072,76970,3418,1653,1765
68340,105912,28932,50966,23074,76980,3419,1654,1765
68345,105916,28932,50969,23074,76983,3419,1654,1765
68350,105926,28934,50972,23075,76992,3419,1654,1765
68355,105932,28934,50977,23075,76998,3419,1654,1765
68360,105943,28936,50983,23076,77006,3420,1655,1765
68365,105947,28936,50986,23076,77011,3420,1655,1765
68370,105957,28938,50991,23077,77019,3420,1655,1765
68375,105963,28938,50995,23077,77024,3420,1655,1765
68380,105974,28941,51001,23080,77032,3421,1656,1765
68385,105978,28941,51002,23080,77037,3421,1656,1765
68390,105988,28943,51006,23080,77045,3421,1656,1765
68395,105994,28943,51010,23080,77050,3421,1656,1765
68400,106005,28946,51015,23082,77058,3422,1657,1765
68405,106009,28946,51016,23082,77063,3422,1657,1765
68410,106019,28948,51020,23083,77071,3422,1657,1765
68415,106025,28949,51023,23084,77076,3422,1657,1765
68420,106036,28950,51026,23085,77086,3423,1657,1766
68425,106040,28950,51028,23085,77090,3423,1657,1766
68430,106050,28952,51035,23087,77098,3423,1657,1766
68435,106056,28952,51037,23087,77103,3423,1657,1766
68440,106067,28954,51042,23088,77113,3424,1657,1767
68445,106071,28954,51044,23088,77117,3424,1657,1767
68450,106081,28956,51047,23088,77125,3424,1657,1767
68455,106087,28956,51049,23088,77130,3424,1657,1767
68460,106098,28959,51057,23091,77136,3425,1658,1767
68465,106102,28961,51059,23093,77141,3425,1658,1767
68470,106112,28963,51068,23095,77148,3425,1658,1767
68475,106118,28964,51071,23096,77153,3425,1658,1767
68480,106129,28966,51076,23098,77161,3426,1659,1767
68485,106133,28967,51077,23099,77166,3426,1659,1767
68490,106143,28969,51082,23100,77173,3426,1659,1767
68495,106149,28971,51086,23102,77177,3426,1659,1767
68500,106160,28974,51090,23104,77185,3427,1660,1767
68505,106164,28975,51090,23105,77189,3427,1660,1767
68510,106174,28977,51095,23105,77197,3427,1660,1767
68515,106180,28978,51097,23106,77202,3427,1660,1767
68520,106191,28980,51104,23108,77210,3428,1661,1767
68525,106195,28981,51105,23109,77213,3428,1661,1767
68530,106205,28984,51110,23111,77220,3428,1661,1767
68535,106211,28986,51113,23113,77224,3428,1661,1767
68540,106222,28988,51116,23114,77233,3429,1661,1768
68545,106226,28989,51120,23115,77235,3429,1661,1768
68550,106236,28990,51125,23116,77246,3429,1661,1768
68555,106242,28990,51128,23116,77252,3429,1661,1768
68560,106253,28991,51134,23116,77262,3430,1662,1768
68565,106257,28991,51136,23116,77266,3430,1662,1768
68570,106267,28992,51141,23117,77275,3430,1662,1768
68575,106273,28992,51147,23117,77279,3430,1662,1768
68580,106284,28993,51152,23117,77290,3431,1662,1769
68585,106288,28993,51154,23117,77294,3431,1662,1769
68590,106298,28994,51159,23118,77304,3431,1662,1769
68595,106304,28994,51164,23118,77308,3431,1662,1769
68600,106315,28995,51169,23119,77319,3432,1663,1769
68605,106319,28995,51170,23119,77323,3432,1663,1769
68610,106329,28996,51175,23120,77333,3432,1663,1769
68615,106335,28996,51177,23120,77339,3432,1663,1769
68620,106346,28997,51178,23121,77349,3433,1663,1770
68625,106350,28997,51181,23121,77353,3433,1663,1770
68630,106360,28998,51186,23122,77362,3433,1663,1770
68635,106366,28998,51188,23122,77368,3433,1663,1770
68640,106377,28999,51193,23123,77378,3434,1663,1771
68645,106381,28999,51193,23123,77382,3434,1663,1771
68650,106391,29001,51198,23125,77390,3434,1663,1771
68655,106397,29001,51201,23125,77395,3434,1663,1771
68660,106408,29003,51207,23126,77404,3434,1663,1771
68665,106412,29003,51208,23126,77409,3434,1663,1771
68670,106422,29005,51211,23126,77417,3434,1663,1771
68675,106428,29005,51215,23126,77422,3434,1663,1771
68680,106439,29007,51220,23127,77431,3434,1663,1771
68685,106443,29007,51220,23127,77436,3434,1663,1771
68690,106453,29009,51223,23128,77444,3434,1663,1771
68695,106459,29009,51225,23128,77450,3434,1663,1771
68700,106470,29010,51229,23128,77459,3434,1663,1771
68705,106474,29010,51229,23128,77464,3434,1663,1771
68710,106484,29012,51236,23130,77472,3434,1663,1771
68715,106490,29012,51238,23130,77477,3434,1663,1771
68720,106501,29014,51240,23131,77487,3434,1663,1771
68725,106505,29014,51242,23131,77491,3434,1663,1771
68730,106515,29016,51245,23131,77499,3434,1663,1771
68735,106521,29016,51249,23131,77504,3434,1663,1771
68740,106532,29018,51256,23133,77514,3434,1663,1771
68745,106536,29018,51258,23133,77518,3434,1663,1771
68750,106546,29020,51263,23134,77526,3434,1663,1771
68755,106552,29021,51264,23135,77531,3434,1663,1771
68760,106563,29022,51269,23135,77540,3434,1663,1771
68765,106567,29023,51270,23136,77544,3434,1663,1771
68770,106577,29025,51274,23137,77552,3434,1663,1771
68775,106583,29026,51279,23138,77555,3434,1663,1771
68780,106594,29030,51284,23141,77563,3434,1663,1771
68785,106598,29031,51287,23142,77566,3434,1663,1771
68790,106608,29034,51292,23143,77573,3434,1663,1771
68795,106614,29036,51293,23145,77578,3434,1663,1771
68800,106625,29038,51297,23146,77587,3434,1663,1771
68805,106629,29038,51299,23146,77590,3434,1663,1771
68810,106639,29041,51305,23148,77597,3434,1663,1771
68815,106645,29043,51309,23150,77600,3434,1663,1771
68820,106656,29047,51314,23154,77609,3434,1663,1771
68825,106660,29047,51316,23154,77613,3434,1663,1771
68830,106670,29049,51318,23154,77621,3434,1663,1771
68835,106676,29049,51321,23154,77626,3434,1663,1771
68840,106687,29051,51328,23156,77636,3434,1663,1771
68845,106691,29051,51330,23156,77640,3434,1663,1771
68850,106701,29053,51335,23158,77648,3434,1663,1771
68855,106707,29053,51338,23158,77653,3434,1663,1771
68860,106718,29055,51342,23160,77663,3434,1663,1771
68865,106722,29055,51345,23160,77667,3434,1663,1771
68870,106732,29057,51350,23161,77675,3434,1663,1771
68875,106738,29058,51353,23162,77679,3434,1663,1771
68880,106749,29060,51356,23164,77689,3434,1663,1771
68885,106753,29060,51357,23164,77693,3434,1663,1771
68890,106763,29062,51360,23164,77701,3434,1663,1771
68895,106769,29062,51362,23164,77707,3434,1663,1771
68900,106780,29063,51364,23164,77717,3434,1663,1771
68905,106784,29063,51366,23164,77721,3434,1663,1771
68910,106794,29065,51372,23164,77729,3434,1663,1771
68915,106800,29066,51375,23165,77734,3434,1663,1771
68920,106811,29067,51381,23166,77744,3434,1663,1771
68925,106815,29067,51382,23166,77748,3434,1663,1771
68930,106825,29069,51386,23166,77756,3434,1663,1771
68935,106831,29069,51388,23166,77761,3434,1663,1771
68940,106842,29072,51396,23168,77769,3434,1663,1771
68945,106846,29073,51398,23169,77773,3434,1663,1771
68950,106856,29075,51402,23170,77780,3434,1663,1771
68955,106862,29077,51405,23172,77785,3434,1663,1771
68960,106873,29079,51412,23173,77792,3434,1663,1771
68965,106877,29081,51413,23175,77796,3434,1663,1771
68970,106887,29083,51417,23177,77804,3434,1663,1771
68975,106893,29083,51419,23177,77810,3434,1663,1771
68980,106904,29085,51423,23178,77818,3434,1663,1771
68985,106908,29086,51425,23179,77821,3434,1663,1771
68990,106918,29089,51433,23182,77828,3434,1663,1771
68995,106924,29091,51438,23184,77832,3434,1663,1771
69000,106935,29093,51444,23186,77841,3434,1663,1771
69005,106939,29094,51446,23187,77844,3434,1663,1771
69010,106949,29095,51450,23188,77854,3434,1663,1771
69015,106955,29095,51454,23188,77859,3434,1663,1771
69020,106966,29096,51459,23189,77870,3434,1663,1771
69025,106970,29096,51463,23189,77873,3434,1663,1771
69030,106980,29097,51468,23189,77883,3434,1663,1771
69035,106986,29097,51469,23189,77889,3434,1663,1771
69040,106997,29098,51473,23189,77899,3434,1663,1771
69045,107001,29098,51475,23189,77902,3434,1663,1771
69050,107011,29099,51482,23190,77912,3434,1663,1771
69055,107017,29099,51484,23190,77918,3434,1663,1771
69060,107028,29100,51490,23190,77928,3434,1663,1771
69065,107032,29100,51493,23190,77931,3434,1663,1771
69070,107042,29101,51498,23191,77941,3434,1663,1771
69075,107048,29101,51500,23191,77947,3434,1663,1771
69080,107059,29102,51506,23192,77957,3434,1663,1771
69085,107063,29102,51509,23192,77960,3434,1663,1771
69090,107073,29103,51515,23193,77970,3434,1663,1771
69095,107079,29103,51518,23193,77975,3434,1663,1771
69100,107090,29104,51525,23194,77986,3434,1663,1771
69105,107094,29104,51528,23194,77989,3434,1663,1771
69110,107104,29107,51531,23196,77997,3434,1663,1771
69115,107110,29108,51535,23197,78002,3434,1663,1771
69120,107121,29110,51540,23198,78010,3434,1663,1771
69125,107125,29111,51541,23199,78014,3434,1663,1771
69130,107135,29113,51548,23201,78022,3434,1663,1771
69135,107141,29113,51550,23201,78027,3434,1663,1771
69140,107152,29115,51555,23203,78036,3434,1663,1771
69145,107156,29116,51557,23204,78040,3434,1663,1771
69150,107166,29118,51561,23205,78047,3434,1663,1771
69155,107172,29120,51566,23207,78051,3434,1663,1771
69160,107183,29123,51574,23209,78058,3434,1663,1771
69165,107187,29125,51576,23211,78062,3434,1663,1771
69170,107197,29127,51580,23212,78070,3434,1663,1771
69175,107203,29128,51585,23213,78074,3434,1663,1771
69180,107214,29131,51589,23215,78083,3434,1663,1771
69185,107218,29131,51591,23215,78086,3434,1663,1771
69190,107228,29134,51596,23217,78093,3434,1663,1771
69195,107234,29136,51598,23219,78097,3434,1663,1771
69200,107245,29139,51604,23221,78105,3434,1663,1771
69205,107249,29139,51605,23221,78110,3434,1663,1771
69210,107259,29140,51612,23222,78119,3434,1663,1771
69215,107265,29140,51615,23222,78124,3434,1663,1771
69220,107276,29141,51620,23222,78135,3434,1663,1771
69225,107280,29141,51621,23222,78139,3434,1663,1771
69230,107290,29142,51626,23222,78148,3434,1663,1771
69235,107296,29142,51628,23222,78154,3434,1663,1771
69240,107307,29143,51633,23223,78164,3434,1663,1771
69245,107311,29143,51634,23223,78168,3434,1663,1771
69250,107321,29144,51636,23223,78177,3434,1663,1771
69255,107327,29144,51640,23223,78182,3434,1663,1771
69260,107338,29145,51646,23224,78193,3434,1663,1771
69265,107342,29145,51647,23224,78197,3434,1663,1771
69270,107352,29146,51652,23225,78206,3434,1663,1771
69275,107358,29146,51655,23225,78211,3434,1663,1771
69280,107369,29147,51662,23226,78221,3434,1663,1771
69285,107373,29147,51665,23226,78225,3434,1663,1771
69290,107383,29148,51669,23226,78235,3434,1663,1771
69295,107389,29148,51674,23226,78240,3434,1663,1771
69300,107400,29149,51682,23227,78251,3434,1663,1771
69305,107404,29149,51684,23227,78255,3434,1663,1771
69310,107414,29151,51691,23229,78263,3434,1663,1771
69315,107420,29151,51692,23229,78269,3434,1663,1771
69320,107431,29152,51697,23230,78278,3434,1663,1771
69325,107435,29152,51700,23230,78283,3434,1663,1771
69330,107445,29154,51704,23231,78291,3434,1663,1771
69335,107451,29154,51707,23231,78296,3434,1663,1771
69340,107462,29156,51711,23232,78305,3434,1663,1771
69345,107466,29156,51711,23232,78310,3434,1663,1771
69350,107476,29158,51716,23233,78318,3434,1663,1771
69355,107482,29158,51719,23233,78323,3434,1663,1771
69360,107493,29160,51721,23234,78333,3434,1663,1771
69365,107497,29160,51723,23234,78337,3434,1663,1771
69370,107507,29162,51726,23234,78345,3434,1663,1771
69375,107513,29162,51727,23234,78350,3434,1663,1771
69380,107524,29164,51732,23235,78360,3434,1663,1771
69385,107528,29164,51734,23235,78364,3434,1663,1771
69390,107538,29166,51738,23237,78372,3434,1663,1771
69395,107544,29166,51742,23237,78377,3434,1663,1771
69400,107555,29169,51748,23240,78386,3434,1663,1771
69405,107559,29169,51749,23240,78390,3434,1663,1771
69410,107569,29171,51754,23242,78398,3434,1663,1771
69415,107575,29171,51758,23242,78403,3434,1663,1771
69420,107586,29174,51767,23245,78411,3434,1663,1771
69425,107590,29175,51769,23246,78414,3434,1663,1771
69430,107600,29178,51774,23248,78422,3434,1663,1771
69435,107606,29178,51777,23248,78426,3434,1663,1771
69440,107617,29181,51782,23251,78436,3434,1663,1771
69445,107621,29181,51783,23251,78440,3434,1663,1771
69450,107631,29183,51786,23252,78448,3434,1663,1771
69455,107637,29183,51791,23252,78452,3434,1663,1771
69460,107648,29187,51797,23256,78460,3434,1663,1771
69465,107652,29188,51799,23257,78463,3434,1663,1771
69470,107662,29191,51802,23259,78471,3434,1663,1771
69475,107668,29191,51805,23259,78475,3434,1663,1771
69480,107679,29194,51812,23261,78485,3434,1663,1771
69485,107683,29194,51814,23261,78488,3434,1663,1771
69490,107693,29197,51817,23262,78496,3434,1663,1771
69495,107699,29198,51819,23263,78500,3434,1663,1771
69500,107710,29200,51824,23264,78510,3434,1663,1771
69505,107714,29200,51824,23264,78514,3434,1663,1771
69510,107724,29202,51831,23265,78522,3434,1663,1771
69515,107730,29202,51834,23265,78527,3434,1663,1771
69520,107741,29205,51840,23268,78536,3434,1663,1771
69525,107745,29205,51843,23268,78539,3434,1663,1771
69530,107755,29208,51847,23270,78547,3434,1663,1771
69535,107761,29208,51848,23270,78553,3434,1663,1771
69540,107772,29209,51852,23271,78562,3434,1663,1771
69545,107776,29210,51853,23272,78566,3434,1663,1771
69550,107786,29212,51859,23272,78574,3434,1663,1771
69555,107792,29213,51862,23273,78579,3434,1663,1771
69560,107803,29214,51866,23273,78589,3434,1663,1771
69565,107807,29214,51868,23273,78593,3434,1663,1771
69570,107817,29216,51873,23273,78601,3434,1663,1771
69575,107823,29217,51877,23274,78605,3434,1663,1771
69580,107834,29220,51883,23277,78614,3434,1663,1771
69585,107838,29220,51884,23277,78618,3434,1663,1771
69590,107848,29222,51888,23277,78626,3434,1663,1771
69595,107854,29222,51889,23277,78632,3434,1663,1771
69600,107865,29224,51895,23279,78641,3434,1663,1771
69605,107869,29224,51895,23279,78645,3434,1663,1771
69610,107879,29226,51900,23280,78653,3434,1663,1771
69615,107885,29226,51902,23280,78659,3434,1663,1771
69620,107896,29228,51908,23282,78668,3434,1663,1771
69625,107900,29228,51910,23282,78672,3434,1663,1771
69630,107910,29230,51915,23283,78680,3434,1663,1771
69635,107916,29231,51919,23284,78684,3434,1663,1771
69640,107927,29233,51923,23285,78694,3434,1663,1771
69645,107931,29233,51924,23285,78698,3434,1663,1771
69650,107941,29235,51930,23287,78706,3434,1663,1771
69655,107947,29235,51933,23287,78711,3434,1663,1771
69660,107958,29237,51939,23288,78721,3434,1663,1771
