source,gentime, athop, hopcount,priority, reachedTime
2,3,2,2,1, 5
1,6,1,1,0, 7
4,6,4,4,1, 10
3,7,3,3,1, 10
5,7,3,3,1, 10
6,10,2,2,1, 12
7,12,1,1,1, 13
8,16,1,1,1, 17
11,14,4,4,0, 18
9,17,2,2,0, 19
16,19,2,2,0, 21
14,19,3,3,0, 22
17,19,3,3,1, 22
13,19,4,4,0, 23
15,21,2,2,0, 23
12,20,5,5,1, 25
2,23,2,2,1, 25
1,26,1,1,0, 27
20,23,6,6,0, 29
4,26,4,4,1, 30
22,26,4,4,0, 30
3,27,3,3,0, 30
5,27,3,3,0, 30
24,29,1,1,0, 30
19,26,5,5,1, 31
23,28,3,3,1, 31
21,27,5,5,1, 32
6,30,2,2,1, 32
7,32,1,1,0, 33
27,32,4,4,1, 36
30,33,3,3,1, 36
25,35,2,2,1, 37
8,36,1,1,0, 37
11,34,4,4,0, 38
31,36,2,2,1, 38
28,34,5,5,0, 39
9,37,2,2,1, 39
26,37,3,3,0, 40
16,39,2,2,1, 41
29,38,4,4,0, 42
14,39,3,3,0, 42
17,39,3,3,0, 42
13,39,4,4,0, 43
15,41,2,2,1, 43
12,40,5,5,1, 45
2,43,2,2,1, 45
1,46,1,1,0, 47
20,43,6,6,1, 49
4,46,4,4,0, 50
22,46,4,4,1, 50
3,47,3,3,0, 50
5,47,3,3,0, 50
24,49,1,1,0, 50
19,46,5,5,1, 51
23,48,3,3,0, 51
21,47,5,5,1, 52
6,50,2,2,0, 52
7,52,1,1,1, 53
27,52,4,4,0, 56
30,53,3,3,1, 56
25,55,2,2,0, 57
8,56,1,1,0, 57
11,54,4,4,0, 58
31,56,2,2,1, 58
28,54,5,5,0, 59
9,57,2,2,1, 59
26,57,3,3,1, 60
16,59,2,2,0, 61
29,58,4,4,0, 62
14,59,3,3,0, 62
17,59,3,3,0, 62
13,59,4,4,1, 63
15,61,2,2,0, 63
12,60,5,5,0, 65
2,63,2,2,0, 65
18,63,4,4,1, 67
1,66,1,1,0, 67
20,63,6,6,0, 69
4,66,4,4,0, 70
22,66,4,4,1, 70
3,67,3,3,1, 70
5,67,3,3,1, 70
24,69,1,1,1, 70
19,66,5,5,1, 71
23,68,3,3,0, 71
21,67,5,5,0, 72
6,70,2,2,1, 72
7,72,1,1,0, 73
27,72,4,4,1, 76
30,73,3,3,0, 76
25,75,2,2,0, 77
8,76,1,1,1, 77
11,74,4,4,0, 78
31,76,2,2,0, 78
28,74,5,5,0, 79
9,77,2,2,1, 79
26,77,3,3,0, 80
16,79,2,2,1, 81
29,78,4,4,1, 82
14,79,3,3,0, 82
17,79,3,3,0, 82
13,79,4,4,0, 83
15,81,2,2,1, 83
12,80,5,5,1, 85
2,83,2,2,1, 85
18,83,4,4,1, 87
1,86,1,1,1, 87
20,83,6,6,1, 89
4,86,4,4,1, 90
22,86,4,4,0, 90
3,87,3,3,0, 90
5,87,3,3,0, 90
24,89,1,1,1, 90
19,86,5,5,0, 91
23,88,3,3,1, 91
21,87,5,5,1, 92
6,90,2,2,0, 92
7,92,1,1,1, 93
27,92,4,4,0, 96
30,93,3,3,1, 96
25,95,2,2,1, 97
8,96,1,1,0, 97
11,94,4,4,0, 98
31,96,2,2,0, 98
28,94,5,5,1, 99
9,97,2,2,1, 99
26,97,3,3,0, 100
16,99,2,2,1, 101
29,98,4,4,1, 102
14,99,3,3,0, 102
17,99,3,3,0, 102
13,99,4,4,1, 103
15,101,2,2,0, 103
12,100,5,5,0, 105
2,103,2,2,1, 105
18,103,4,4,1, 107
1,106,1,1,1, 107
20,103,6,6,0, 109
4,106,4,4,0, 110
22,106,4,4,0, 110
3,107,3,3,1, 110
5,107,3,3,0, 110
24,109,1,1,1, 110
19,106,5,5,1, 111
23,108,3,3,0, 111
21,107,5,5,1, 112
6,110,2,2,0, 112
7,112,1,1,1, 113
27,112,4,4,1, 116
30,113,3,3,1, 116
25,115,2,2,0, 117
8,116,1,1,1, 117
11,114,4,4,0, 118
31,116,2,2,0, 118
28,114,5,5,1, 119
26,117,3,3,1, 120
16,119,2,2,1, 121
29,118,4,4,1, 122
14,119,3,3,0, 122
17,119,3,3,1, 122
13,119,4,4,1, 123
15,121,2,2,0, 123
2,123,2,2,1, 125
18,123,4,4,1, 127
1,126,1,1,1, 127
20,123,6,6,1, 129
4,126,4,4,1, 130
22,126,4,4,1, 130
5,127,3,3,0, 130
24,129,1,1,1, 130
23,128,3,3,1, 131
21,127,5,5,1, 132
6,130,2,2,0, 132
7,132,1,1,0, 133
30,133,3,3,0, 136
8,136,1,1,1, 137
11,134,4,4,1, 138
31,136,2,2,0, 138
16,139,2,2,1, 141
29,138,4,4,1, 142
14,139,3,3,1, 142
13,139,4,4,1, 143
15,141,2,2,1, 143
12,140,5,5,1, 145
18,143,4,4,1, 147
1,146,1,1,0, 147
20,143,6,6,1, 149
22,146,4,4,1, 150
5,147,3,3,0, 150
24,149,1,1,0, 150
19,146,5,5,1, 151
23,148,3,3,0, 151
21,147,5,5,0, 152
6,150,2,2,1, 152
7,152,1,1,0, 153
27,152,4,4,1, 156
30,153,3,3,0, 156
25,155,2,2,1, 157
8,156,1,1,0, 157
11,154,4,4,1, 158
31,156,2,2,0, 158
16,159,2,2,0, 161
29,158,4,4,0, 162
14,159,3,3,0, 162
13,159,4,4,1, 163
15,161,2,2,0, 163
12,160,5,5,1, 165
2,163,2,2,1, 165
18,163,4,4,1, 167
1,166,1,1,0, 167
4,166,4,4,1, 170
22,166,4,4,0, 170
5,167,3,3,0, 170
24,169,1,1,0, 170
19,166,5,5,1, 171
23,168,3,3,1, 171
21,167,5,5,1, 172
6,170,2,2,1, 172
7,172,1,1,0, 173
27,172,4,4,1, 176
30,173,3,3,0, 176
8,176,1,1,1, 177
11,174,4,4,1, 178
31,176,2,2,0, 178
28,174,5,5,1, 179
26,177,3,3,1, 180
16,179,2,2,1, 181
29,178,4,4,1, 182
14,179,3,3,1, 182
17,179,3,3,1, 182
13,179,4,4,1, 183
15,181,2,2,0, 183
12,180,5,5,1, 185
18,183,4,4,1, 187
1,186,1,1,0, 187
22,186,4,4,0, 190
3,187,3,3,1, 190
5,187,3,3,1, 190
24,189,1,1,1, 190
19,186,5,5,1, 191
23,188,3,3,1, 191
21,187,5,5,0, 192
6,190,2,2,0, 192
7,192,1,1,0, 193
30,193,3,3,0, 196
25,195,2,2,1, 197
8,196,1,1,1, 197
31,196,2,2,0, 198
9,197,2,2,1, 199
16,199,2,2,1, 201
29,198,4,4,0, 202
14,199,3,3,1, 202
17,199,3,3,1, 202
13,199,4,4,0, 203
15,201,2,2,0, 203
1,206,1,1,1, 207
20,203,6,6,1, 209
4,206,4,4,1, 210
22,206,4,4,1, 210
3,207,3,3,1, 210
5,207,3,3,0, 210
24,209,1,1,0, 210
23,208,3,3,0, 211
21,207,5,5,1, 212
6,210,2,2,1, 212
7,212,1,1,1, 213
30,213,3,3,1, 216
8,216,1,1,1, 217
31,216,2,2,0, 218
16,219,2,2,1, 221
29,218,4,4,0, 222
14,219,3,3,0, 222
13,219,4,4,0, 223
15,221,2,2,0, 223
22,226,4,4,1, 230
5,227,3,3,0, 230
24,229,1,1,1, 230
23,228,3,3,1, 231
21,227,5,5,1, 232
6,230,2,2,1, 232
7,232,1,1,1, 233
30,233,3,3,0, 236
8,236,1,1,0, 237
31,236,2,2,1, 238
16,239,2,2,0, 241
29,238,4,4,1, 242
14,239,3,3,1, 242
13,239,4,4,1, 243
22,246,4,4,1, 250
5,247,3,3,1, 250
24,249,1,1,0, 250
6,250,2,2,1, 252
7,252,1,1,1, 253
30,253,3,3,1, 256
8,256,1,1,0, 257
31,256,2,2,1, 258
16,259,2,2,1, 261
29,258,4,4,1, 262
14,259,3,3,1, 262
13,259,4,4,1, 263
22,266,4,4,1, 270
5,267,3,3,0, 270
24,269,1,1,1, 270
23,268,3,3,1, 271
21,267,5,5,1, 272
6,270,2,2,0, 272
7,272,1,1,0, 273
30,273,3,3,0, 276
8,276,1,1,1, 277
31,276,2,2,1, 278
29,278,4,4,0, 282
13,279,4,4,1, 283
22,286,4,4,1, 290
5,287,3,3,0, 290
24,289,1,1,1, 290
23,288,3,3,1, 291
6,290,2,2,0, 292
7,292,1,1,0, 293
30,293,3,3,0, 296
8,296,1,1,1, 297
31,296,2,2,0, 298
16,299,2,2,1, 301
29,298,4,4,0, 302
13,299,4,4,1, 303
15,301,2,2,1, 303
22,306,4,4,1, 310
5,307,3,3,0, 310
24,309,1,1,0, 310
21,307,5,5,1, 312
6,310,2,2,0, 312
7,312,1,1,0, 313
30,313,3,3,0, 316
8,316,1,1,0, 317
31,316,2,2,0, 318
9,317,2,2,1, 319
16,319,2,2,1, 321
29,318,4,4,0, 322
15,321,2,2,1, 323
1,326,1,1,0, 327
4,326,4,4,1, 330
22,326,4,4,1, 330
24,329,1,1,0, 330
21,327,5,5,1, 332
7,332,1,1,0, 333
30,333,3,3,1, 336
25,335,2,2,1, 337
8,336,1,1,1, 337
11,334,4,4,1, 338
31,336,2,2,1, 338
26,337,3,3,1, 340
14,339,3,3,1, 342
13,339,4,4,1, 343
12,340,5,5,1, 345
18,343,4,4,1, 347
1,346,1,1,0, 347
5,347,3,3,1, 350
24,349,1,1,0, 350
23,348,3,3,1, 351
6,350,2,2,1, 352
7,352,1,1,0, 353
25,355,2,2,1, 357
8,356,1,1,0, 357
31,356,2,2,1, 358
28,354,5,5,1, 359
9,357,2,2,1, 359
26,357,3,3,1, 360
13,359,4,4,1, 363
15,361,2,2,1, 363
1,366,1,1,0, 367
5,367,3,3,1, 370
24,369,1,1,0, 370
7,372,1,1,1, 373
8,376,1,1,0, 377
31,376,2,2,1, 378
9,377,2,2,1, 379
29,378,4,4,1, 382
17,379,3,3,1, 382
1,386,1,1,1, 387
22,386,4,4,1, 390
24,389,1,1,0, 390
21,387,5,5,1, 392
6,390,2,2,1, 392
7,392,1,1,1, 393
30,393,3,3,1, 396
25,395,2,2,1, 397
8,396,1,1,1, 397
31,396,2,2,1, 398
9,397,2,2,1, 399
16,399,2,2,1, 401
29,398,4,4,1, 402
14,399,3,3,1, 402
1,406,1,1,0, 407
5,407,3,3,1, 410
24,409,1,1,0, 410
23,408,3,3,1, 411
21,407,5,5,1, 412
7,412,1,1,0, 413
30,413,3,3,1, 416
25,415,2,2,1, 417
8,416,1,1,1, 417
29,418,4,4,1, 422
14,419,3,3,1, 422
17,419,3,3,1, 422
13,419,4,4,1, 423
15,421,2,2,1, 423
1,426,1,1,0, 427
22,426,4,4,1, 430
5,427,3,3,1, 430
24,429,1,1,1, 430
6,430,2,2,1, 432
7,432,1,1,0, 433
25,435,2,2,1, 437
8,436,1,1,1, 437
31,436,2,2,1, 438
9,437,2,2,1, 439
13,439,4,4,1, 443
15,441,2,2,1, 443
1,446,1,1,1, 447
22,446,4,4,1, 450
5,447,3,3,1, 450
24,449,1,1,0, 450
23,448,3,3,1, 451
6,450,2,2,1, 452
7,452,1,1,0, 453
25,455,2,2,1, 457
8,456,1,1,1, 457
31,456,2,2,1, 458
9,457,2,2,1, 459
16,459,2,2,1, 461
29,458,4,4,1, 462
13,459,4,4,1, 463
18,463,4,4,1, 467
1,466,1,1,0, 467
20,463,6,6,1, 469
5,467,3,3,1, 470
24,469,1,1,0, 470
19,466,5,5,1, 471
23,468,3,3,1, 471
21,467,5,5,1, 472
6,470,2,2,1, 472
7,472,1,1,1, 473
27,472,4,4,1, 476
30,473,3,3,1, 476
25,475,2,2,1, 477
8,476,1,1,1, 477
9,477,2,2,1, 479
26,477,3,3,1, 480
24,489,1,1,1, 490
7,492,1,1,0, 493
30,493,3,3,1, 496
31,496,2,2,1, 498
5,507,3,3,1, 510
24,509,1,1,1, 510
7,512,1,1,0, 513
29,518,4,4,1, 522
5,527,3,3,1, 530
24,529,1,1,0, 530
6,530,2,2,1, 532
7,532,1,1,0, 533
29,538,4,4,1, 542
24,549,1,1,0, 550
7,552,1,1,1, 553
31,556,2,2,1, 558
24,569,1,1,0, 570
7,572,1,1,0, 573
30,573,3,3,1, 576
29,578,4,4,1, 582
1,586,1,1,0, 587
22,586,4,4,1, 590
5,587,3,3,1, 590
24,589,1,1,1, 590
23,588,3,3,1, 591
7,592,1,1,0, 593
30,593,3,3,1, 596
8,596,1,1,0, 597
31,596,2,2,1, 598
9,597,2,2,1, 599
29,598,4,4,1, 602
14,599,3,3,1, 602
13,599,4,4,1, 603
1,606,1,1,1, 607
5,607,3,3,1, 610
24,609,1,1,0, 610
7,612,1,1,1, 613
30,613,3,3,1, 616
25,615,2,2,1, 617
8,616,1,1,1, 617
31,616,2,2,1, 618
16,619,2,2,1, 621
29,618,4,4,1, 622
17,619,3,3,1, 622
15,621,2,2,1, 623
1,626,1,1,1, 627
5,627,3,3,1, 630
24,629,1,1,0, 630
23,628,3,3,1, 631
6,630,2,2,1, 632
7,632,1,1,1, 633
30,633,3,3,1, 636
8,636,1,1,0, 637
31,636,2,2,1, 638
9,637,2,2,1, 639
1,646,1,1,1, 647
24,649,1,1,0, 650
23,648,3,3,1, 651
21,647,5,5,1, 652
7,652,1,1,1, 653
25,655,2,2,1, 657
8,656,1,1,0, 657
31,656,2,2,1, 658
26,657,3,3,1, 660
16,659,2,2,1, 661
29,658,4,4,1, 662
13,659,4,4,1, 663
1,666,1,1,1, 667
24,669,1,1,1, 670
7,672,1,1,1, 673
25,675,2,2,1, 677
8,676,1,1,0, 677
11,674,4,4,1, 678
31,676,2,2,1, 678
9,677,2,2,1, 679
16,679,2,2,1, 681
29,678,4,4,1, 682
14,679,3,3,1, 682
17,679,3,3,1, 682
2,683,2,2,1, 685
1,686,1,1,0, 687
20,683,6,6,1, 689
22,686,4,4,1, 690
3,687,3,3,1, 690
24,689,1,1,0, 690
21,687,5,5,1, 692
7,692,1,1,1, 693
25,695,2,2,1, 697
8,696,1,1,1, 697
11,694,4,4,1, 698
31,696,2,2,1, 698
28,694,5,5,1, 699
9,697,2,2,1, 699
26,697,3,3,1, 700
14,699,3,3,1, 702
17,699,3,3,1, 702
13,699,4,4,1, 703
2,703,2,2,1, 705
1,706,1,1,0, 707
20,703,6,6,1, 709
22,706,4,4,1, 710
3,707,3,3,1, 710
5,707,3,3,1, 710
24,709,1,1,0, 710
23,708,3,3,1, 711
7,712,1,1,0, 713
8,716,1,1,1, 717
9,717,2,2,1, 719
26,717,3,3,1, 720
29,718,4,4,1, 722
15,721,2,2,1, 723
24,729,1,1,0, 730
21,727,5,5,1, 732
6,730,2,2,1, 732
7,732,1,1,1, 733
30,733,3,3,1, 736
8,736,1,1,0, 737
14,739,3,3,1, 742
15,741,2,2,1, 743
22,746,4,4,1, 750
24,749,1,1,0, 750
23,748,3,3,1, 751
21,747,5,5,1, 752
24,769,1,1,0, 770
24,789,1,1,0, 790
24,809,1,1,1, 810
1,826,1,1,1, 827
24,829,1,1,0, 830
1,846,1,1,0, 847
24,849,1,1,0, 850
6,850,2,2,1, 852
7,852,1,1,0, 853
30,853,3,3,1, 856
25,855,2,2,1, 857
8,856,1,1,1, 857
31,856,2,2,1, 858
29,858,4,4,1, 862
17,859,3,3,1, 862
13,859,4,4,1, 863
1,866,1,1,1, 867
24,869,1,1,0, 870
23,868,3,3,1, 871
6,870,2,2,1, 872
7,872,1,1,0, 873
30,873,3,3,1, 876
25,875,2,2,1, 877
8,876,1,1,0, 877
31,876,2,2,1, 878
29,878,4,4,1, 882
14,879,3,3,1, 882
13,879,4,4,1, 883
1,886,1,1,1, 887
22,886,4,4,1, 890
5,887,3,3,1, 890
24,889,1,1,1, 890
6,890,2,2,1, 892
7,892,1,1,0, 893
8,896,1,1,1, 897
31,896,2,2,1, 898
9,897,2,2,1, 899
14,899,3,3,1, 902
17,899,3,3,1, 902
13,899,4,4,1, 903
2,903,2,2,1, 905
18,903,4,4,1, 907
1,906,1,1,0, 907
5,907,3,3,1, 910
24,909,1,1,1, 910
7,912,1,1,1, 913
8,916,1,1,1, 917
9,917,2,2,1, 919
26,917,3,3,1, 920
16,919,2,2,1, 921
29,918,4,4,1, 922
2,923,2,2,1, 925
18,923,4,4,1, 927
1,926,1,1,1, 927
5,927,3,3,1, 930
24,929,1,1,0, 930
6,930,2,2,1, 932
7,932,1,1,0, 933
30,933,3,3,1, 936
25,935,2,2,1, 937
8,936,1,1,0, 937
9,937,2,2,1, 939
26,937,3,3,1, 940
16,939,2,2,1, 941
29,938,4,4,1, 942
2,943,2,2,1, 945
1,946,1,1,0, 947
24,949,1,1,1, 950
6,950,2,2,1, 952
7,952,1,1,0, 953
30,953,3,3,1, 956
25,955,2,2,1, 957
8,956,1,1,0, 957
9,957,2,2,1, 959
26,957,3,3,1, 960
29,958,4,4,1, 962
1,966,1,1,1, 967
3,967,3,3,1, 970
24,969,1,1,0, 970
23,968,3,3,1, 971
21,967,5,5,1, 972
6,970,2,2,1, 972
7,972,1,1,1, 973
30,973,3,3,1, 976
25,975,2,2,1, 977
8,976,1,1,1, 977
11,974,4,4,1, 978
31,976,2,2,1, 978
9,977,2,2,1, 979
16,979,2,2,1, 981
29,978,4,4,1, 982
13,979,4,4,1, 983
15,981,2,2,1, 983
12,980,5,5,1, 985
2,983,2,2,1, 985
18,983,4,4,1, 987
1,986,1,1,1, 987
4,986,4,4,1, 990
22,986,4,4,1, 990
24,989,1,1,0, 990
21,987,5,5,1, 992
8,996,1,1,0, 997
15,1001,2,2,1, 1003
24,1009,1,1,0, 1010
8,1016,1,1,0, 1017
16,1019,2,2,1, 1021
13,1019,4,4,1, 1023
15,1021,2,2,1, 1023
24,1029,1,1,0, 1030
21,1027,5,5,1, 1032
8,1036,1,1,1, 1037
13,1039,4,4,1, 1043
15,1041,2,2,1, 1043
24,1049,1,1,0, 1050
8,1056,1,1,1, 1057
15,1061,2,2,1, 1063
24,1069,1,1,1, 1070
21,1067,5,5,1, 1072
8,1076,1,1,0, 1077
16,1079,2,2,1, 1081
14,1079,3,3,1, 1082
13,1079,4,4,1, 1083
15,1081,2,2,1, 1083
5,1087,3,3,1, 1090
24,1089,1,1,1, 1090
6,1090,2,2,1, 1092
7,1092,1,1,1, 1093
8,1096,1,1,0, 1097
31,1096,2,2,1, 1098
9,1097,2,2,1, 1099
16,1099,2,2,1, 1101
29,1098,4,4,1, 1102
1,1106,1,1,1, 1107
22,1106,4,4,1, 1110
5,1107,3,3,1, 1110
24,1109,1,1,0, 1110
7,1112,1,1,0, 1113
30,1113,3,3,1, 1116
8,1116,1,1,1, 1117
9,1117,2,2,1, 1119
16,1119,2,2,1, 1121
29,1118,4,4,1, 1122
13,1119,4,4,1, 1123
1,1126,1,1,0, 1127
24,1129,1,1,1, 1130
6,1130,2,2,1, 1132
7,1132,1,1,0, 1133
25,1135,2,2,1, 1137
9,1137,2,2,1, 1139
29,1138,4,4,1, 1142
17,1139,3,3,1, 1142
1,1146,1,1,0, 1147
5,1147,3,3,1, 1150
24,1149,1,1,0, 1150
7,1152,1,1,0, 1153
30,1153,3,3,1, 1156
1,1166,1,1,0, 1167
5,1167,3,3,1, 1170
24,1169,1,1,0, 1170
7,1172,1,1,1, 1173
25,1175,2,2,1, 1177
9,1177,2,2,1, 1179
26,1177,3,3,1, 1180
2,1183,2,2,1, 1185
18,1183,4,4,1, 1187
1,1186,1,1,0, 1187
5,1187,3,3,1, 1190
24,1189,1,1,0, 1190
7,1192,1,1,1, 1193
25,1195,2,2,1, 1197
31,1196,2,2,1, 1198
17,1199,3,3,1, 1202
2,1203,2,2,1, 1205
18,1203,4,4,1, 1207
1,1206,1,1,1, 1207
5,1207,3,3,1, 1210
24,1209,1,1,1, 1210
6,1210,2,2,1, 1212
7,1212,1,1,0, 1213
31,1216,2,2,1, 1218
26,1217,3,3,1, 1220
29,1218,4,4,1, 1222
1,1226,1,1,0, 1227
22,1226,4,4,1, 1230
24,1229,1,1,0, 1230
23,1228,3,3,1, 1231
21,1227,5,5,1, 1232
6,1230,2,2,1, 1232
7,1232,1,1,0, 1233
8,1236,1,1,1, 1237
9,1237,2,2,1, 1239
26,1237,3,3,1, 1240
16,1239,2,2,1, 1241
29,1238,4,4,1, 1242
14,1239,3,3,1, 1242
17,1239,3,3,1, 1242
13,1239,4,4,1, 1243
15,1241,2,2,1, 1243
18,1243,4,4,1, 1247
1,1246,1,1,0, 1247
20,1243,6,6,1, 1249
22,1246,4,4,1, 1250
3,1247,3,3,1, 1250
5,1247,3,3,1, 1250
24,1249,1,1,1, 1250
21,1247,5,5,1, 1252
6,1250,2,2,1, 1252
7,1252,1,1,1, 1253
27,1252,4,4,1, 1256
30,1253,3,3,1, 1256
25,1255,2,2,1, 1257
8,1256,1,1,1, 1257
28,1254,5,5,1, 1259
26,1257,3,3,1, 1260
29,1258,4,4,1, 1262
13,1259,4,4,1, 1263
15,1261,2,2,1, 1263
18,1263,4,4,1, 1267
5,1267,3,3,1, 1270
24,1269,1,1,1, 1270
7,1272,1,1,0, 1273
30,1273,3,3,1, 1276
8,1276,1,1,0, 1277
31,1276,2,2,1, 1278
29,1278,4,4,1, 1282
14,1279,3,3,1, 1282
13,1279,4,4,1, 1283
22,1286,4,4,1, 1290
24,1289,1,1,0, 1290
8,1296,1,1,0, 1297
13,1299,4,4,1, 1303
24,1309,1,1,0, 1310
8,1316,1,1,1, 1317
16,1319,2,2,1, 1321
14,1319,3,3,1, 1322
13,1319,4,4,1, 1323
22,1326,4,4,1, 1330
24,1329,1,1,1, 1330
23,1328,3,3,1, 1331
21,1327,5,5,1, 1332
8,1336,1,1,0, 1337
13,1339,4,4,1, 1343
22,1346,4,4,1, 1350
24,1349,1,1,0, 1350
8,1356,1,1,1, 1357
14,1359,3,3,1, 1362
13,1359,4,4,1, 1363
24,1369,1,1,0, 1370
25,1375,2,2,1, 1377
1,1386,1,1,0, 1387
24,1389,1,1,0, 1390
7,1392,1,1,1, 1393
25,1395,2,2,1, 1397
31,1396,2,2,1, 1398
9,1397,2,2,1, 1399
1,1406,1,1,1, 1407
24,1409,1,1,0, 1410
7,1412,1,1,0, 1413
31,1416,2,2,1, 1418
1,1426,1,1,1, 1427
24,1429,1,1,0, 1430
7,1432,1,1,1, 1433
25,1435,2,2,1, 1437
2,1443,2,2,1, 1445
1,1446,1,1,0, 1447
24,1449,1,1,1, 1450
7,1452,1,1,0, 1453
31,1456,2,2,1, 1458
9,1457,2,2,1, 1459
26,1457,3,3,1, 1460
17,1459,3,3,1, 1462
12,1460,5,5,1, 1465
2,1463,2,2,1, 1465
18,1463,4,4,1, 1467
1,1466,1,1,1, 1467
20,1463,6,6,1, 1469
24,1469,1,1,1, 1470
19,1466,5,5,1, 1471
7,1472,1,1,0, 1473
27,1472,4,4,1, 1476
8,1476,1,1,0, 1477
31,1476,2,2,1, 1478
28,1474,5,5,1, 1479
16,1479,2,2,1, 1481
14,1479,3,3,1, 1482
15,1481,2,2,1, 1483
18,1483,4,4,1, 1487
1,1486,1,1,0, 1487
20,1483,6,6,1, 1489
22,1486,4,4,1, 1490
24,1489,1,1,1, 1490
21,1487,5,5,1, 1492
6,1490,2,2,1, 1492
7,1492,1,1,1, 1493
27,1492,4,4,1, 1496
8,1496,1,1,0, 1497
11,1494,4,4,1, 1498
31,1496,2,2,1, 1498
16,1499,2,2,1, 1501
13,1499,4,4,1, 1503
2,1503,2,2,1, 1505
1,1506,1,1,0, 1507
4,1506,4,4,1, 1510
22,1506,4,4,1, 1510
24,1509,1,1,0, 1510
21,1507,5,5,1, 1512
7,1512,1,1,1, 1513
30,1513,3,3,1, 1516
25,1515,2,2,1, 1517
8,1516,1,1,1, 1517
9,1517,2,2,1, 1519
16,1519,2,2,1, 1521
29,1518,4,4,1, 1522
14,1519,3,3,1, 1522
13,1519,4,4,1, 1523
15,1521,2,2,1, 1523
12,1520,5,5,1, 1525
2,1523,2,2,1, 1525
24,1529,1,1,1, 1530
7,1532,1,1,0, 1533
8,1536,1,1,1, 1537
31,1536,2,2,1, 1538
16,1539,2,2,1, 1541
29,1538,4,4,1, 1542
14,1539,3,3,1, 1542
15,1541,2,2,1, 1543
5,1547,3,3,1, 1550
24,1549,1,1,1, 1550
23,1548,3,3,1, 1551
6,1550,2,2,1, 1552
7,1552,1,1,0, 1553
8,1556,1,1,1, 1557
31,1556,2,2,1, 1558
16,1559,2,2,1, 1561
13,1559,4,4,1, 1563
15,1561,2,2,1, 1563
5,1567,3,3,1, 1570
24,1569,1,1,0, 1570
6,1570,2,2,1, 1572
7,1572,1,1,0, 1573
30,1573,3,3,1, 1576
29,1578,4,4,1, 1582
24,1589,1,1,0, 1590
7,1592,1,1,0, 1593
30,1593,3,3,1, 1596
24,1609,1,1,0, 1610
6,1610,2,2,1, 1612
7,1612,1,1,1, 1613
30,1613,3,3,1, 1616
5,1627,3,3,1, 1630
24,1629,1,1,1, 1630
6,1630,2,2,1, 1632
7,1632,1,1,0, 1633
30,1633,3,3,1, 1636
25,1635,2,2,1, 1637
31,1636,2,2,1, 1638
1,1646,1,1,1, 1647
5,1647,3,3,1, 1650
24,1649,1,1,0, 1650
7,1652,1,1,0, 1653
30,1653,3,3,1, 1656
31,1656,2,2,1, 1658
29,1658,4,4,1, 1662
2,1663,2,2,1, 1665
18,1663,4,4,1, 1667
1,1666,1,1,1, 1667
5,1667,3,3,1, 1670
24,1669,1,1,0, 1670
21,1667,5,5,1, 1672
7,1672,1,1,0, 1673
30,1673,3,3,1, 1676
25,1675,2,2,1, 1677
8,1676,1,1,0, 1677
31,1676,2,2,1, 1678
9,1677,2,2,1, 1679
26,1677,3,3,1, 1680
16,1679,2,2,1, 1681
14,1679,3,3,1, 1682
1,1686,1,1,0, 1687
20,1683,6,6,1, 1689
22,1686,4,4,1, 1690
24,1689,1,1,0, 1690
19,1686,5,5,1, 1691
23,1688,3,3,1, 1691
21,1687,5,5,1, 1692
7,1692,1,1,0, 1693
30,1693,3,3,1, 1696
25,1695,2,2,1, 1697
8,1696,1,1,0, 1697
28,1694,5,5,1, 1699
9,1697,2,2,1, 1699
26,1697,3,3,1, 1700
16,1699,2,2,1, 1701
14,1699,3,3,1, 1702
17,1699,3,3,1, 1702
13,1699,4,4,1, 1703
2,1703,2,2,1, 1705
1,1706,1,1,1, 1707
4,1706,4,4,1, 1710
3,1707,3,3,1, 1710
24,1709,1,1,1, 1710
19,1706,5,5,1, 1711
23,1708,3,3,1, 1711
21,1707,5,5,1, 1712
7,1712,1,1,1, 1713
25,1715,2,2,1, 1717
8,1716,1,1,0, 1717
31,1716,2,2,1, 1718
9,1717,2,2,1, 1719
26,1717,3,3,1, 1720
16,1719,2,2,1, 1721
14,1719,3,3,1, 1722
17,1719,3,3,1, 1722
13,1719,4,4,1, 1723
15,1721,2,2,1, 1723
18,1723,4,4,1, 1727
24,1729,1,1,1, 1730
6,1730,2,2,1, 1732
7,1732,1,1,0, 1733
30,1733,3,3,1, 1736
8,1736,1,1,1, 1737
31,1736,2,2,1, 1738
15,1741,2,2,1, 1743
24,1749,1,1,1, 1750
23,1748,3,3,1, 1751
21,1747,5,5,1, 1752
7,1752,1,1,0, 1753
30,1753,3,3,1, 1756
8,1756,1,1,1, 1757
31,1756,2,2,1, 1758
16,1759,2,2,1, 1761
22,1766,4,4,1, 1770
5,1767,3,3,1, 1770
24,1769,1,1,0, 1770
23,1768,3,3,1, 1771
7,1772,1,1,0, 1773
30,1773,3,3,1, 1776
8,1776,1,1,0, 1777
31,1776,2,2,1, 1778
29,1778,4,4,1, 1782
13,1779,4,4,1, 1783
15,1781,2,2,1, 1783
24,1789,1,1,1, 1790
6,1790,2,2,1, 1792
7,1792,1,1,1, 1793
30,1793,3,3,1, 1796
29,1798,4,4,1, 1802
24,1809,1,1,1, 1810
24,1829,1,1,0, 1830
25,1835,2,2,1, 1837
17,1839,3,3,1, 1842
1,1846,1,1,1, 1847
24,1849,1,1,1, 1850
9,1857,2,2,1, 1859
1,1866,1,1,0, 1867
24,1869,1,1,0, 1870
9,1877,2,2,1, 1879
17,1879,3,3,1, 1882
1,1886,1,1,0, 1887
24,1889,1,1,0, 1890
21,1887,5,5,1, 1892
8,1896,1,1,1, 1897
16,1899,2,2,1, 1901
17,1899,3,3,1, 1902
15,1901,2,2,1, 1903
1,1906,1,1,0, 1907
24,1909,1,1,0, 1910
6,1910,2,2,1, 1912
7,1912,1,1,0, 1913
30,1913,3,3,1, 1916
25,1915,2,2,1, 1917
8,1916,1,1,1, 1917
17,1919,3,3,1, 1922
15,1921,2,2,1, 1923
2,1923,2,2,1, 1925
1,1926,1,1,1, 1927
24,1929,1,1,1, 1930
23,1928,3,3,1, 1931
21,1927,5,5,1, 1932
6,1930,2,2,1, 1932
7,1932,1,1,0, 1933
30,1933,3,3,1, 1936
25,1935,2,2,1, 1937
8,1936,1,1,0, 1937
26,1937,3,3,1, 1940
16,1939,2,2,1, 1941
14,1939,3,3,1, 1942
17,1939,3,3,1, 1942
13,1939,4,4,1, 1943
15,1941,2,2,1, 1943
1,1946,1,1,0, 1947
22,1946,4,4,1, 1950
5,1947,3,3,1, 1950
24,1949,1,1,0, 1950
23,1948,3,3,1, 1951
7,1952,1,1,1, 1953
30,1953,3,3,1, 1956
8,1956,1,1,0, 1957
16,1959,2,2,1, 1961
17,1959,3,3,1, 1962
1,1966,1,1,0, 1967
24,1969,1,1,0, 1970
23,1968,3,3,1, 1971
21,1967,5,5,1, 1972
7,1972,1,1,0, 1973
25,1975,2,2,1, 1977
8,1976,1,1,1, 1977
26,1977,3,3,1, 1980
14,1979,3,3,1, 1982
13,1979,4,4,1, 1983
15,1981,2,2,1, 1983
18,1983,4,4,1, 1987
1,1986,1,1,0, 1987
22,1986,4,4,1, 1990
24,1989,1,1,0, 1990
7,1992,1,1,1, 1993
30,1993,3,3,1, 1996
8,1996,1,1,0, 1997
9,1997,2,2,1, 1999
26,1997,3,3,1, 2000
29,1998,4,4,1, 2002
15,2001,2,2,1, 2003
2,2003,2,2,1, 2005
1,2006,1,1,1, 2007
22,2006,4,4,1, 2010
24,2009,1,1,0, 2010
21,2007,5,5,1, 2012
6,2010,2,2,1, 2012
7,2012,1,1,0, 2013
8,2016,1,1,0, 2017
26,2017,3,3,1, 2020
16,2019,2,2,1, 2021
29,2018,4,4,1, 2022
14,2019,3,3,1, 2022
12,2020,5,5,1, 2025
2,2023,2,2,1, 2025
1,2026,1,1,0, 2027
4,2026,4,4,1, 2030
24,2029,1,1,0, 2030
19,2026,5,5,1, 2031
6,2030,2,2,1, 2032
7,2032,1,1,1, 2033
27,2032,4,4,1, 2036
30,2033,3,3,1, 2036
31,2036,2,2,1, 2038
9,2037,2,2,1, 2039
12,2040,5,5,1, 2045
1,2046,1,1,1, 2047
24,2049,1,1,0, 2050
6,2050,2,2,1, 2052
7,2052,1,1,1, 2053
30,2053,3,3,1, 2056
25,2055,2,2,1, 2057
11,2054,4,4,1, 2058
2,2063,2,2,1, 2065
18,2063,4,4,1, 2067
1,2066,1,1,1, 2067
5,2067,3,3,1, 2070
24,2069,1,1,1, 2070
19,2066,5,5,1, 2071
7,2072,1,1,0, 2073
24,2089,1,1,0, 2090
6,2090,2,2,1, 2092
7,2092,1,1,0, 2093
30,2093,3,3,1, 2096
31,2096,2,2,1, 2098
5,2107,3,3,1, 2110
24,2109,1,1,1, 2110
7,2112,1,1,1, 2113
30,2113,3,3,1, 2116
24,2129,1,1,0, 2130
23,2128,3,3,1, 2131
21,2127,5,5,1, 2132
6,2130,2,2,1, 2132
7,2132,1,1,0, 2133
30,2133,3,3,1, 2136
8,2136,1,1,0, 2137
31,2136,2,2,1, 2138
16,2139,2,2,1, 2141
29,2138,4,4,1, 2142
15,2141,2,2,1, 2143
5,2147,3,3,1, 2150
24,2149,1,1,0, 2150
23,2148,3,3,1, 2151
21,2147,5,5,1, 2152
7,2152,1,1,1, 2153
30,2153,3,3,1, 2156
8,2156,1,1,0, 2157
31,2156,2,2,1, 2158
14,2159,3,3,1, 2162
15,2161,2,2,1, 2163
22,2166,4,4,1, 2170
24,2169,1,1,0, 2170
23,2168,3,3,1, 2171
21,2167,5,5,1, 2172
7,2172,1,1,0, 2173
8,2176,1,1,1, 2177
31,2176,2,2,1, 2178
9,2177,2,2,1, 2179
16,2179,2,2,1, 2181
14,2179,3,3,1, 2182
17,2179,3,3,1, 2182
15,2181,2,2,1, 2183
1,2186,1,1,1, 2187
22,2186,4,4,1, 2190
24,2189,1,1,1, 2190
23,2188,3,3,1, 2191
21,2187,5,5,1, 2192
7,2192,1,1,1, 2193
25,2195,2,2,1, 2197
8,2196,1,1,1, 2197
9,2197,2,2,1, 2199
16,2199,2,2,1, 2201
14,2199,3,3,1, 2202
17,2199,3,3,1, 2202
15,2201,2,2,1, 2203
1,2206,1,1,1, 2207
22,2206,4,4,1, 2210
24,2209,1,1,0, 2210
7,2212,1,1,1, 2213
25,2215,2,2,1, 2217
31,2216,2,2,1, 2218
26,2217,3,3,1, 2220
17,2219,3,3,1, 2222
12,2220,5,5,1, 2225
2,2223,2,2,1, 2225
1,2226,1,1,0, 2227
20,2223,6,6,1, 2229
4,2226,4,4,1, 2230
3,2227,3,3,1, 2230
24,2229,1,1,0, 2230
7,2232,1,1,0, 2233
11,2234,4,4,1, 2238
9,2237,2,2,1, 2239
12,2240,5,5,1, 2245
2,2243,2,2,1, 2245
1,2246,1,1,0, 2247
24,2249,1,1,0, 2250
19,2246,5,5,1, 2251
7,2252,1,1,1, 2253
27,2252,4,4,1, 2256
11,2254,4,4,1, 2258
31,2256,2,2,1, 2258
9,2257,2,2,1, 2259
24,2269,1,1,1, 2270
7,2272,1,1,1, 2273
31,2276,2,2,1, 2278
29,2278,4,4,1, 2282
24,2289,1,1,0, 2290
7,2292,1,1,0, 2293
30,2293,3,3,1, 2296
31,2296,2,2,1, 2298
5,2307,3,3,1, 2310
24,2309,1,1,1, 2310
7,2312,1,1,1, 2313
30,2313,3,3,1, 2316
8,2316,1,1,1, 2317
29,2318,4,4,1, 2322
13,2319,4,4,1, 2323
24,2329,1,1,0, 2330
23,2328,3,3,1, 2331
7,2332,1,1,1, 2333
8,2336,1,1,1, 2337
14,2339,3,3,1, 2342
5,2347,3,3,1, 2350
24,2349,1,1,0, 2350
23,2348,3,3,1, 2351
21,2347,5,5,1, 2352
6,2350,2,2,1, 2352
7,2352,1,1,0, 2353
8,2356,1,1,1, 2357
31,2356,2,2,1, 2358
14,2359,3,3,1, 2362
15,2361,2,2,1, 2363
1,2366,1,1,1, 2367
5,2367,3,3,1, 2370
24,2369,1,1,0, 2370
6,2370,2,2,1, 2372
7,2372,1,1,1, 2373
8,2376,1,1,1, 2377
9,2377,2,2,1, 2379
16,2379,2,2,1, 2381
14,2379,3,3,1, 2382
13,2379,4,4,1, 2383
15,2381,2,2,1, 2383
1,2386,1,1,1, 2387
24,2389,1,1,1, 2390
23,2388,3,3,1, 2391
7,2392,1,1,0, 2393
30,2393,3,3,1, 2396
8,2396,1,1,1, 2397
31,2396,2,2,1, 2398
16,2399,2,2,1, 2401
17,2399,3,3,1, 2402
15,2401,2,2,1, 2403
1,2406,1,1,1, 2407
22,2406,4,4,1, 2410
5,2407,3,3,1, 2410
24,2409,1,1,1, 2410
7,2412,1,1,0, 2413
30,2413,3,3,1, 2416
25,2415,2,2,1, 2417
8,2416,1,1,0, 2417
9,2417,2,2,1, 2419
26,2417,3,3,1, 2420
16,2419,2,2,1, 2421
29,2418,4,4,1, 2422
15,2421,2,2,1, 2423
18,2423,4,4,1, 2427
1,2426,1,1,1, 2427
5,2427,3,3,1, 2430
24,2429,1,1,0, 2430
7,2432,1,1,1, 2433
30,2433,3,3,1, 2436
25,2435,2,2,1, 2437
8,2436,1,1,0, 2437
26,2437,3,3,1, 2440
14,2439,3,3,1, 2442
17,2439,3,3,1, 2442
13,2439,4,4,1, 2443
2,2443,2,2,1, 2445
18,2443,4,4,1, 2447
1,2446,1,1,0, 2447
4,2446,4,4,1, 2450
3,2447,3,3,1, 2450
24,2449,1,1,1, 2450
23,2448,3,3,1, 2451
21,2447,5,5,1, 2452
7,2452,1,1,1, 2453
8,2456,1,1,1, 2457
31,2456,2,2,1, 2458
26,2457,3,3,1, 2460
16,2459,2,2,1, 2461
17,2459,3,3,1, 2462
13,2459,4,4,1, 2463
2,2463,2,2,1, 2465
1,2466,1,1,1, 2467
20,2463,6,6,1, 2469
22,2466,4,4,1, 2470
3,2467,3,3,1, 2470
5,2467,3,3,1, 2470
24,2469,1,1,0, 2470
19,2466,5,5,1, 2471
23,2468,3,3,1, 2471
7,2472,1,1,1, 2473
30,2473,3,3,1, 2476
11,2474,4,4,1, 2478
9,2477,2,2,1, 2479
29,2478,4,4,1, 2482
17,2479,3,3,1, 2482
12,2480,5,5,1, 2485
5,2487,3,3,1, 2490
24,2489,1,1,1, 2490
6,2490,2,2,1, 2492
7,2492,1,1,0, 2493
30,2493,3,3,1, 2496
24,2509,1,1,1, 2510
24,2529,1,1,1, 2530
24,2549,1,1,1, 2550
24,2569,1,1,0, 2570
8,2576,1,1,0, 2577
14,2579,3,3,1, 2582
15,2581,2,2,1, 2583
1,2586,1,1,1, 2587
24,2589,1,1,1, 2590
25,2595,2,2,1, 2597
8,2596,1,1,1, 2597
17,2599,3,3,1, 2602
1,2606,1,1,0, 2607
22,2606,4,4,1, 2610
5,2607,3,3,1, 2610
24,2609,1,1,1, 2610
23,2608,3,3,1, 2611
21,2607,5,5,1, 2612
6,2610,2,2,1, 2612
7,2612,1,1,0, 2613
30,2613,3,3,1, 2616
8,2616,1,1,1, 2617
31,2616,2,2,1, 2618
9,2617,2,2,1, 2619
26,2617,3,3,1, 2620
16,2619,2,2,1, 2621
15,2621,2,2,1, 2623
2,2623,2,2,1, 2625
18,2623,4,4,1, 2627
1,2626,1,1,1, 2627
24,2629,1,1,1, 2630
7,2632,1,1,0, 2633
8,2636,1,1,1, 2637
31,2636,2,2,1, 2638
26,2637,3,3,1, 2640
16,2639,2,2,1, 2641
29,2638,4,4,1, 2642
13,2639,4,4,1, 2643
15,2641,2,2,1, 2643
2,2643,2,2,1, 2645
1,2646,1,1,1, 2647
24,2649,1,1,0, 2650
7,2652,1,1,0, 2653
30,2653,3,3,1, 2656
25,2655,2,2,1, 2657
8,2656,1,1,0, 2657
9,2657,2,2,1, 2659
16,2659,2,2,1, 2661
17,2659,3,3,1, 2662
15,2661,2,2,1, 2663
2,2663,2,2,1, 2665
1,2666,1,1,1, 2667
5,2667,3,3,1, 2670
24,2669,1,1,0, 2670
23,2668,3,3,1, 2671
6,2670,2,2,1, 2672
7,2672,1,1,1, 2673
25,2675,2,2,1, 2677
8,2676,1,1,1, 2677
31,2676,2,2,1, 2678
26,2677,3,3,1, 2680
29,2678,4,4,1, 2682
14,2679,3,3,1, 2682
17,2679,3,3,1, 2682
2,2683,2,2,1, 2685
18,2683,4,4,1, 2687
1,2686,1,1,0, 2687
4,2686,4,4,1, 2690
3,2687,3,3,1, 2690
24,2689,1,1,1, 2690
7,2692,1,1,1, 2693
25,2695,2,2,1, 2697
8,2696,1,1,1, 2697
16,2699,2,2,1, 2701
14,2699,3,3,1, 2702
13,2699,4,4,1, 2703
15,2701,2,2,1, 2703
2,2703,2,2,1, 2705
18,2703,4,4,1, 2707
1,2706,1,1,1, 2707
22,2706,4,4,1, 2710
24,2709,1,1,1, 2710
23,2708,3,3,1, 2711
21,2707,5,5,1, 2712
7,2712,1,1,1, 2713
30,2713,3,3,1, 2716
25,2715,2,2,1, 2717
8,2716,1,1,1, 2717
11,2714,4,4,1, 2718
31,2716,2,2,1, 2718
16,2719,2,2,1, 2721
29,2718,4,4,1, 2722
13,2719,4,4,1, 2723
24,2729,1,1,1, 2730
7,2732,1,1,0, 2733
31,2736,2,2,1, 2738
5,2747,3,3,1, 2750
24,2749,1,1,0, 2750
6,2750,2,2,1, 2752
7,2752,1,1,1, 2753
5,2767,3,3,1, 2770
24,2769,1,1,1, 2770
7,2772,1,1,0, 2773
30,2773,3,3,1, 2776
5,2787,3,3,1, 2790
24,2789,1,1,0, 2790
6,2790,2,2,1, 2792
7,2792,1,1,0, 2793
29,2798,4,4,1, 2802
5,2807,3,3,1, 2810
24,2809,1,1,0, 2810
7,2812,1,1,1, 2813
30,2813,3,3,1, 2816
29,2818,4,4,1, 2822
1,2826,1,1,1, 2827
24,2829,1,1,0, 2830
23,2828,3,3,1, 2831
7,2832,1,1,1, 2833
25,2835,2,2,1, 2837
8,2836,1,1,1, 2837
31,2836,2,2,1, 2838
9,2837,2,2,1, 2839
14,2839,3,3,1, 2842
1,2846,1,1,0, 2847
24,2849,1,1,0, 2850
21,2847,5,5,1, 2852
7,2852,1,1,1, 2853
25,2855,2,2,1, 2857
8,2856,1,1,0, 2857
9,2857,2,2,1, 2859
14,2859,3,3,1, 2862
13,2859,4,4,1, 2863
15,2861,2,2,1, 2863
1,2866,1,1,0, 2867
24,2869,1,1,1, 2870
7,2872,1,1,0, 2873
8,2876,1,1,1, 2877
9,2877,2,2,1, 2879
14,2879,3,3,1, 2882
17,2879,3,3,1, 2882
15,2881,2,2,1, 2883
1,2886,1,1,0, 2887
22,2886,4,4,1, 2890
24,2889,1,1,0, 2890
23,2888,3,3,1, 2891
7,2892,1,1,1, 2893
8,2896,1,1,0, 2897
26,2897,3,3,1, 2900
16,2899,2,2,1, 2901
13,2899,4,4,1, 2903
1,2906,1,1,1, 2907
24,2909,1,1,1, 2910
23,2908,3,3,1, 2911
21,2907,5,5,1, 2912
7,2912,1,1,0, 2913
8,2916,1,1,0, 2917
9,2917,2,2,1, 2919
16,2919,2,2,1, 2921
14,2919,3,3,1, 2922
17,2919,3,3,1, 2922
13,2919,4,4,1, 2923
15,2921,2,2,1, 2923
1,2926,1,1,0, 2927
4,2926,4,4,1, 2930
22,2926,4,4,1, 2930
3,2927,3,3,1, 2930
5,2927,3,3,1, 2930
24,2929,1,1,1, 2930
21,2927,5,5,1, 2932
7,2932,1,1,1, 2933
25,2935,2,2,1, 2937
8,2936,1,1,0, 2937
31,2936,2,2,1, 2938
28,2934,5,5,1, 2939
26,2937,3,3,1, 2940
29,2938,4,4,1, 2942
15,2941,2,2,1, 2943
12,2940,5,5,1, 2945
1,2946,1,1,1, 2947
4,2946,4,4,1, 2950
22,2946,4,4,1, 2950
3,2947,3,3,1, 2950
5,2947,3,3,1, 2950
24,2949,1,1,0, 2950
23,2948,3,3,1, 2951
21,2947,5,5,1, 2952
6,2950,2,2,1, 2952
7,2952,1,1,1, 2953
27,2952,4,4,1, 2956
30,2953,3,3,1, 2956
25,2955,2,2,1, 2957
9,2957,2,2,1, 2959
12,2960,5,5,1, 2965
2,2963,2,2,1, 2965
1,2966,1,1,1, 2967
5,2967,3,3,1, 2970
24,2969,1,1,0, 2970
7,2972,1,1,1, 2973
27,2972,4,4,1, 2976
28,2974,5,5,1, 2979
9,2977,2,2,1, 2979
26,2977,3,3,1, 2980
29,2978,4,4,1, 2982
2,2983,2,2,1, 2985
24,2989,1,1,1, 2990
6,2990,2,2,1, 2992
7,2992,1,1,1, 2993
24,3009,1,1,1, 3010
7,3012,1,1,1, 3013
5,3027,3,3,1, 3030
24,3029,1,1,0, 3030
6,3030,2,2,1, 3032
7,3032,1,1,0, 3033
30,3033,3,3,1, 3036
31,3036,2,2,1, 3038
29,3038,4,4,1, 3042
24,3049,1,1,1, 3050
6,3050,2,2,1, 3052
7,3052,1,1,1, 3053
8,3056,1,1,1, 3057
31,3056,2,2,1, 3058
16,3059,2,2,1, 3061
14,3059,3,3,1, 3062
13,3059,4,4,1, 3063
15,3061,2,2,1, 3063
5,3067,3,3,1, 3070
24,3069,1,1,1, 3070
23,3068,3,3,1, 3071
21,3067,5,5,1, 3072
6,3070,2,2,1, 3072
7,3072,1,1,0, 3073
8,3076,1,1,0, 3077
31,3076,2,2,1, 3078
1,3086,1,1,1, 3087
22,3086,4,4,1, 3090
5,3087,3,3,1, 3090
24,3089,1,1,1, 3090
6,3090,2,2,1, 3092
7,3092,1,1,0, 3093
30,3093,3,3,1, 3096
25,3095,2,2,1, 3097
8,3096,1,1,1, 3097
31,3096,2,2,1, 3098
29,3098,4,4,1, 3102
17,3099,3,3,1, 3102
15,3101,2,2,1, 3103
1,3106,1,1,0, 3107
5,3107,3,3,1, 3110
24,3109,1,1,0, 3110
7,3112,1,1,0, 3113
25,3115,2,2,1, 3117
8,3116,1,1,1, 3117
31,3116,2,2,1, 3118
9,3117,2,2,1, 3119
1,3126,1,1,0, 3127
22,3126,4,4,1, 3130
24,3129,1,1,0, 3130
23,3128,3,3,1, 3131
21,3127,5,5,1, 3132
8,3136,1,1,1, 3137
16,3139,2,2,1, 3141
14,3139,3,3,1, 3142
17,3139,3,3,1, 3142
1,3146,1,1,0, 3147
24,3149,1,1,0, 3150
21,3147,5,5,1, 3152
8,3156,1,1,0, 3157
13,3159,4,4,1, 3163
15,3161,2,2,1, 3163
2,3163,2,2,1, 3165
18,3163,4,4,1, 3167
1,3166,1,1,0, 3167
22,3166,4,4,1, 3170
24,3169,1,1,0, 3170
21,3167,5,5,1, 3172
25,3175,2,2,1, 3177
8,3176,1,1,0, 3177
26,3177,3,3,1, 3180
14,3179,3,3,1, 3182
13,3179,4,4,1, 3183
2,3183,2,2,1, 3185
18,3183,4,4,1, 3187
1,3186,1,1,1, 3187
22,3186,4,4,1, 3190
24,3189,1,1,0, 3190
23,3188,3,3,1, 3191
8,3196,1,1,1, 3197
9,3197,2,2,1, 3199
26,3197,3,3,1, 3200
16,3199,2,2,1, 3201
17,3199,3,3,1, 3202
1,3206,1,1,0, 3207
24,3209,1,1,0, 3210
25,3215,2,2,1, 3217
8,3216,1,1,1, 3217
9,3217,2,2,1, 3219
16,3219,2,2,1, 3221
12,3220,5,5,1, 3225
1,3226,1,1,1, 3227
20,3223,6,6,1, 3229
4,3226,4,4,1, 3230
3,3227,3,3,1, 3230
24,3229,1,1,1, 3230
21,3227,5,5,1, 3232
7,3232,1,1,1, 3233
27,3232,4,4,1, 3236
25,3235,2,2,1, 3237
8,3236,1,1,0, 3237
11,3234,4,4,1, 3238
31,3236,2,2,1, 3238
28,3234,5,5,1, 3239
9,3237,2,2,1, 3239
26,3237,3,3,1, 3240
16,3239,2,2,1, 3241
5,3247,3,3,1, 3250
24,3249,1,1,1, 3250
6,3250,2,2,1, 3252
7,3252,1,1,0, 3253
30,3253,3,3,1, 3256
31,3256,2,2,1, 3258
29,3258,4,4,1, 3262
5,3267,3,3,1, 3270
24,3269,1,1,0, 3270
6,3270,2,2,1, 3272
7,3272,1,1,1, 3273
30,3273,3,3,1, 3276
24,3289,1,1,0, 3290
7,3292,1,1,1, 3293
29,3298,4,4,1, 3302
5,3307,3,3,1, 3310
24,3309,1,1,0, 3310
7,3312,1,1,1, 3313
30,3313,3,3,1, 3316
31,3316,2,2,1, 3318
5,3327,3,3,1, 3330
24,3329,1,1,0, 3330
6,3330,2,2,1, 3332
7,3332,1,1,1, 3333
30,3333,3,3,1, 3336
29,3338,4,4,1, 3342
1,3346,1,1,0, 3347
22,3346,4,4,1, 3350
5,3347,3,3,1, 3350
24,3349,1,1,1, 3350
23,3348,3,3,1, 3351
21,3347,5,5,1, 3352
6,3350,2,2,1, 3352
7,3352,1,1,1, 3353
30,3353,3,3,1, 3356
25,3355,2,2,1, 3357
8,3356,1,1,1, 3357
9,3357,2,2,1, 3359
14,3359,3,3,1, 3362
13,3359,4,4,1, 3363
15,3361,2,2,1, 3363
1,3366,1,1,1, 3367
22,3366,4,4,1, 3370
24,3369,1,1,1, 3370
7,3372,1,1,0, 3373
8,3376,1,1,0, 3377
9,3377,2,2,1, 3379
16,3379,2,2,1, 3381
1,3386,1,1,1, 3387
24,3389,1,1,1, 3390
23,3388,3,3,1, 3391
7,3392,1,1,0, 3393
8,3396,1,1,1, 3397
31,3396,2,2,1, 3398
9,3397,2,2,1, 3399
16,3399,2,2,1, 3401
17,3399,3,3,1, 3402
13,3399,4,4,1, 3403
15,3401,2,2,1, 3403
1,3406,1,1,1, 3407
22,3406,4,4,1, 3410
24,3409,1,1,1, 3410
23,3408,3,3,1, 3411
21,3407,5,5,1, 3412
7,3412,1,1,0, 3413
8,3416,1,1,1, 3417
11,3414,4,4,1, 3418
31,3416,2,2,1, 3418
9,3417,2,2,1, 3419
2,3423,2,2,1, 3425
18,3423,4,4,1, 3427
1,3426,1,1,1, 3427
22,3426,4,4,1, 3430
3,3427,3,3,1, 3430
24,3429,1,1,1, 3430
7,3432,1,1,0, 3433
27,3432,4,4,1, 3436
25,3435,2,2,1, 3437
8,3436,1,1,0, 3437
31,3436,2,2,1, 3438
26,3437,3,3,1, 3440
14,3439,3,3,1, 3442
15,3441,2,2,1, 3443
1,3446,1,1,0, 3447
22,3446,4,4,1, 3450
3,3447,3,3,1, 3450
24,3449,1,1,1, 3450
19,3446,5,5,1, 3451
7,3452,1,1,1, 3453
25,3455,2,2,1, 3457
8,3456,1,1,0, 3457
11,3454,4,4,1, 3458
9,3457,2,2,1, 3459
26,3457,3,3,1, 3460
14,3459,3,3,1, 3462
17,3459,3,3,1, 3462
18,3463,4,4,1, 3467
1,3466,1,1,0, 3467
4,3466,4,4,1, 3470
24,3469,1,1,0, 3470
23,3468,3,3,1, 3471
21,3467,5,5,1, 3472
6,3470,2,2,1, 3472
7,3472,1,1,0, 3473
30,3473,3,3,1, 3476
8,3476,1,1,1, 3477
26,3477,3,3,1, 3480
15,3481,2,2,1, 3483
5,3487,3,3,1, 3490
24,3489,1,1,0, 3490
6,3490,2,2,1, 3492
7,3492,1,1,1, 3493
8,3496,1,1,0, 3497
13,3499,4,4,1, 3503
22,3506,4,4,1, 3510
24,3509,1,1,1, 3510
21,3507,5,5,1, 3512
6,3510,2,2,1, 3512
7,3512,1,1,0, 3513
30,3513,3,3,1, 3516
8,3516,1,1,0, 3517
16,3519,2,2,1, 3521
29,3518,4,4,1, 3522
13,3519,4,4,1, 3523
24,3529,1,1,0, 3530
6,3530,2,2,1, 3532
7,3532,1,1,0, 3533
30,3533,3,3,1, 3536
24,3549,1,1,1, 3550
6,3550,2,2,1, 3552
7,3552,1,1,0, 3553
30,3553,3,3,1, 3556
29,3558,4,4,1, 3562
24,3569,1,1,0, 3570
7,3572,1,1,0, 3573
1,3586,1,1,1, 3587
5,3587,3,3,1, 3590
24,3589,1,1,0, 3590
7,3592,1,1,0, 3593
31,3596,2,2,1, 3598
9,3597,2,2,1, 3599
17,3599,3,3,1, 3602
1,3606,1,1,0, 3607
5,3607,3,3,1, 3610
24,3609,1,1,0, 3610
6,3610,2,2,1, 3612
7,3612,1,1,1, 3613
30,3613,3,3,1, 3616
29,3618,4,4,1, 3622
2,3623,2,2,1, 3625
18,3623,4,4,1, 3627
1,3626,1,1,1, 3627
24,3629,1,1,0, 3630
21,3627,5,5,1, 3632
7,3632,1,1,1, 3633
30,3633,3,3,1, 3636
25,3635,2,2,1, 3637
8,3636,1,1,1, 3637
31,3636,2,2,1, 3638
16,3639,2,2,1, 3641
29,3638,4,4,1, 3642
14,3639,3,3,1, 3642
17,3639,3,3,1, 3642
15,3641,2,2,1, 3643
18,3643,4,4,1, 3647
1,3646,1,1,1, 3647
24,3649,1,1,0, 3650
23,3648,3,3,1, 3651
7,3652,1,1,0, 3653
8,3656,1,1,1, 3657
9,3657,2,2,1, 3659
29,3658,4,4,1, 3662
17,3659,3,3,1, 3662
13,3659,4,4,1, 3663
18,3663,4,4,1, 3667
1,3666,1,1,0, 3667
22,3666,4,4,1, 3670
24,3669,1,1,1, 3670
21,3667,5,5,1, 3672
6,3670,2,2,1, 3672
7,3672,1,1,0, 3673
25,3675,2,2,1, 3677
8,3676,1,1,0, 3677
16,3679,2,2,1, 3681
14,3679,3,3,1, 3682
17,3679,3,3,1, 3682
13,3679,4,4,1, 3683
1,3686,1,1,1, 3687
24,3689,1,1,0, 3690
23,3688,3,3,1, 3691
21,3687,5,5,1, 3692
6,3690,2,2,1, 3692
7,3692,1,1,0, 3693
25,3695,2,2,1, 3697
8,3696,1,1,0, 3697
31,3696,2,2,1, 3698
9,3697,2,2,1, 3699
16,3699,2,2,1, 3701
13,3699,4,4,1, 3703
1,3706,1,1,1, 3707
22,3706,4,4,1, 3710
3,3707,3,3,1, 3710
5,3707,3,3,1, 3710
24,3709,1,1,0, 3710
23,3708,3,3,1, 3711
21,3707,5,5,1, 3712
7,3712,1,1,0, 3713
27,3712,4,4,1, 3716
25,3715,2,2,1, 3717
8,3716,1,1,1, 3717
9,3717,2,2,1, 3719
16,3719,2,2,1, 3721
14,3719,3,3,1, 3722
12,3720,5,5,1, 3725
18,3723,4,4,1, 3727
1,3726,1,1,0, 3727
3,3727,3,3,1, 3730
5,3727,3,3,1, 3730
24,3729,1,1,0, 3730
19,3726,5,5,1, 3731
6,3730,2,2,1, 3732
7,3732,1,1,0, 3733
27,3732,4,4,1, 3736
30,3733,3,3,1, 3736
25,3735,2,2,1, 3737
11,3734,4,4,1, 3738
24,3749,1,1,0, 3750
24,3769,1,1,1, 3770
24,3789,1,1,0, 3790
24,3809,1,1,1, 3810
24,3829,1,1,0, 3830
8,3836,1,1,1, 3837
16,3839,2,2,1, 3841
13,3839,4,4,1, 3843
1,3846,1,1,1, 3847
22,3846,4,4,1, 3850
5,3847,3,3,1, 3850
24,3849,1,1,0, 3850
23,3848,3,3,1, 3851
7,3852,1,1,1, 3853
8,3856,1,1,0, 3857
31,3856,2,2,1, 3858
9,3857,2,2,1, 3859
16,3859,2,2,1, 3861
29,3858,4,4,1, 3862
14,3859,3,3,1, 3862
17,3859,3,3,1, 3862
13,3859,4,4,1, 3863
1,3866,1,1,1, 3867
22,3866,4,4,1, 3870
24,3869,1,1,1, 3870
6,3870,2,2,1, 3872
7,3872,1,1,1, 3873
30,3873,3,3,1, 3876
25,3875,2,2,1, 3877
8,3876,1,1,1, 3877
9,3877,2,2,1, 3879
16,3879,2,2,1, 3881
29,3878,4,4,1, 3882
14,3879,3,3,1, 3882
13,3879,4,4,1, 3883
1,3886,1,1,0, 3887
5,3887,3,3,1, 3890
24,3889,1,1,0, 3890
6,3890,2,2,1, 3892
7,3892,1,1,1, 3893
25,3895,2,2,1, 3897
8,3896,1,1,1, 3897
9,3897,2,2,1, 3899
15,3901,2,2,1, 3903
2,3903,2,2,1, 3905
1,3906,1,1,1, 3907
5,3907,3,3,1, 3910
24,3909,1,1,1, 3910
7,3912,1,1,0, 3913
25,3915,2,2,1, 3917
8,3916,1,1,1, 3917
31,3916,2,2,1, 3918
9,3917,2,2,1, 3919
16,3919,2,2,1, 3921
14,3919,3,3,1, 3922
17,3919,3,3,1, 3922
13,3919,4,4,1, 3923
1,3926,1,1,0, 3927
22,3926,4,4,1, 3930
5,3927,3,3,1, 3930
24,3929,1,1,0, 3930
23,3928,3,3,1, 3931
6,3930,2,2,1, 3932
7,3932,1,1,1, 3933
25,3935,2,2,1, 3937
8,3936,1,1,0, 3937
29,3938,4,4,1, 3942
12,3940,5,5,1, 3945
2,3943,2,2,1, 3945
18,3943,4,4,1, 3947
1,3946,1,1,0, 3947
3,3947,3,3,1, 3950
5,3947,3,3,1, 3950
24,3949,1,1,0, 3950
6,3950,2,2,1, 3952
7,3952,1,1,1, 3953
25,3955,2,2,1, 3957
8,3956,1,1,0, 3957
11,3954,4,4,1, 3958
31,3956,2,2,1, 3958
28,3954,5,5,1, 3959
14,3959,3,3,1, 3962
13,3959,4,4,1, 3963
15,3961,2,2,1, 3963
18,3963,4,4,1, 3967
1,3966,1,1,0, 3967
4,3966,4,4,1, 3970
22,3966,4,4,1, 3970
3,3967,3,3,1, 3970
5,3967,3,3,1, 3970
24,3969,1,1,1, 3970
23,3968,3,3,1, 3971
21,3967,5,5,1, 3972
6,3970,2,2,1, 3972
7,3972,1,1,1, 3973
30,3973,3,3,1, 3976
25,3975,2,2,1, 3977
8,3976,1,1,1, 3977
11,3974,4,4,1, 3978
31,3976,2,2,1, 3978
28,3974,5,5,1, 3979
26,3977,3,3,1, 3980
13,3979,4,4,1, 3983
22,3986,4,4,1, 3990
24,3989,1,1,0, 3990
23,3988,3,3,1, 3991
6,3990,2,2,1, 3992
7,3992,1,1,1, 3993
31,3996,2,2,1, 3998
29,3998,4,4,1, 4002
5,4007,3,3,1, 4010
24,4009,1,1,1, 4010
6,4010,2,2,1, 4012
7,4012,1,1,1, 4013
31,4016,2,2,1, 4018
24,4029,1,1,1, 4030
24,4049,1,1,0, 4050
24,4069,1,1,1, 4070
1,4086,1,1,0, 4087
24,4089,1,1,0, 4090
25,4095,2,2,1, 4097
8,4096,1,1,0, 4097
13,4099,4,4,1, 4103
15,4101,2,2,1, 4103
1,4106,1,1,0, 4107
22,4106,4,4,1, 4110
24,4109,1,1,1, 4110
23,4108,3,3,1, 4111
25,4115,2,2,1, 4117
8,4116,1,1,0, 4117
9,4117,2,2,1, 4119
14,4119,3,3,1, 4122
13,4119,4,4,1, 4123
1,4126,1,1,1, 4127
24,4129,1,1,1, 4130
21,4127,5,5,1, 4132
7,4132,1,1,0, 4133
30,4133,3,3,1, 4136
25,4135,2,2,1, 4137
8,4136,1,1,1, 4137
31,4136,2,2,1, 4138
9,4137,2,2,1, 4139
16,4139,2,2,1, 4141
14,4139,3,3,1, 4142
13,4139,4,4,1, 4143
15,4141,2,2,1, 4143
18,4143,4,4,1, 4147
1,4146,1,1,0, 4147
24,4149,1,1,1, 4150
21,4147,5,5,1, 4152
7,4152,1,1,0, 4153
25,4155,2,2,1, 4157
8,4156,1,1,1, 4157
31,4156,2,2,1, 4158
16,4159,2,2,1, 4161
14,4159,3,3,1, 4162
15,4161,2,2,1, 4163
2,4163,2,2,1, 4165
1,4166,1,1,0, 4167
22,4166,4,4,1, 4170
5,4167,3,3,1, 4170
24,4169,1,1,1, 4170
21,4167,5,5,1, 4172
7,4172,1,1,0, 4173
8,4176,1,1,1, 4177
29,4178,4,4,1, 4182
13,4179,4,4,1, 4183
2,4183,2,2,1, 4185
1,4186,1,1,1, 4187
20,4183,6,6,1, 4189
22,4186,4,4,1, 4190
5,4187,3,3,1, 4190
24,4189,1,1,1, 4190
19,4186,5,5,1, 4191
6,4190,2,2,1, 4192
7,4192,1,1,0, 4193
30,4193,3,3,1, 4196
8,4196,1,1,0, 4197
11,4194,4,4,1, 4198
26,4197,3,3,1, 4200
16,4199,2,2,1, 4201
14,4199,3,3,1, 4202
17,4199,3,3,1, 4202
15,4201,2,2,1, 4203
2,4203,2,2,1, 4205
18,4203,4,4,1, 4207
1,4206,1,1,0, 4207
20,4203,6,6,1, 4209
4,4206,4,4,1, 4210
3,4207,3,3,1, 4210
5,4207,3,3,1, 4210
24,4209,1,1,0, 4210
19,4206,5,5,1, 4211
6,4210,2,2,1, 4212
7,4212,1,1,1, 4213
25,4215,2,2,1, 4217
31,4216,2,2,1, 4218
28,4214,5,5,1, 4219
26,4217,3,3,1, 4220
29,4218,4,4,1, 4222
5,4227,3,3,1, 4230
24,4229,1,1,1, 4230
7,4232,1,1,1, 4233
29,4238,4,4,1, 4242
24,4249,1,1,0, 4250
7,4252,1,1,1, 4253
30,4253,3,3,1, 4256
31,4256,2,2,1, 4258
29,4258,4,4,1, 4262
24,4269,1,1,0, 4270
7,4272,1,1,0, 4273
24,4289,1,1,0, 4290
7,4292,1,1,1, 4293
31,4296,2,2,1, 4298
22,4306,4,4,1, 4310
24,4309,1,1,1, 4310
21,4307,5,5,1, 4312
7,4312,1,1,1, 4313
8,4316,1,1,0, 4317
14,4319,3,3,1, 4322
13,4319,4,4,1, 4323
15,4321,2,2,1, 4323
1,4326,1,1,1, 4327
22,4326,4,4,1, 4330
24,4329,1,1,1, 4330
23,4328,3,3,1, 4331
7,4332,1,1,1, 4333
8,4336,1,1,0, 4337
31,4336,2,2,1, 4338
9,4337,2,2,1, 4339
16,4339,2,2,1, 4341
15,4341,2,2,1, 4343
1,4346,1,1,1, 4347
22,4346,4,4,1, 4350
24,4349,1,1,0, 4350
7,4352,1,1,0, 4353
25,4355,2,2,1, 4357
8,4356,1,1,1, 4357
16,4359,2,2,1, 4361
17,4359,3,3,1, 4362
13,4359,4,4,1, 4363
18,4363,4,4,1, 4367
1,4366,1,1,1, 4367
22,4366,4,4,1, 4370
5,4367,3,3,1, 4370
24,4369,1,1,1, 4370
23,4368,3,3,1, 4371
6,4370,2,2,1, 4372
7,4372,1,1,0, 4373
30,4373,3,3,1, 4376
25,4375,2,2,1, 4377
8,4376,1,1,1, 4377
16,4379,2,2,1, 4381
29,4378,4,4,1, 4382
15,4381,2,2,1, 4383
18,4383,4,4,1, 4387
1,4386,1,1,1, 4387
5,4387,3,3,1, 4390
24,4389,1,1,1, 4390
23,4388,3,3,1, 4391
6,4390,2,2,1, 4392
7,4392,1,1,1, 4393
25,4395,2,2,1, 4397
8,4396,1,1,1, 4397
31,4396,2,2,1, 4398
29,4398,4,4,1, 4402
14,4399,3,3,1, 4402
17,4399,3,3,1, 4402
1,4406,1,1,0, 4407
22,4406,4,4,1, 4410
24,4409,1,1,1, 4410
23,4408,3,3,1, 4411
21,4407,5,5,1, 4412
6,4410,2,2,1, 4412
7,4412,1,1,0, 4413
30,4413,3,3,1, 4416
25,4415,2,2,1, 4417
31,4416,2,2,1, 4418
9,4417,2,2,1, 4419
26,4417,3,3,1, 4420
17,4419,3,3,1, 4422
1,4426,1,1,0, 4427
24,4429,1,1,1, 4430
6,4430,2,2,1, 4432
7,4432,1,1,1, 4433
26,4437,3,3,1, 4440
29,4438,4,4,1, 4442
17,4439,3,3,1, 4442
1,4446,1,1,1, 4447
5,4447,3,3,1, 4450
24,4449,1,1,0, 4450
7,4452,1,1,0, 4453
25,4455,2,2,1, 4457
26,4457,3,3,1, 4460
17,4459,3,3,1, 4462
12,4460,5,5,1, 4465
2,4463,2,2,1, 4465
18,4463,4,4,1, 4467
1,4466,1,1,0, 4467
24,4469,1,1,1, 4470
19,4466,5,5,1, 4471
7,4472,1,1,1, 4473
26,4477,3,3,1, 4480
29,4478,4,4,1, 4482
17,4479,3,3,1, 4482
12,4480,5,5,1, 4485
2,4483,2,2,1, 4485
18,4483,4,4,1, 4487
1,4486,1,1,1, 4487
20,4483,6,6,1, 4489
24,4489,1,1,1, 4490
6,4490,2,2,1, 4492
7,4492,1,1,0, 4493
31,4496,2,2,1, 4498
29,4498,4,4,1, 4502
24,4509,1,1,0, 4510
7,4512,1,1,0, 4513
30,4513,3,3,1, 4516
8,4516,1,1,1, 4517
29,4518,4,4,1, 4522
14,4519,3,3,1, 4522
22,4526,4,4,1, 4530
5,4527,3,3,1, 4530
24,4529,1,1,0, 4530
23,4528,3,3,1, 4531
7,4532,1,1,0, 4533
8,4536,1,1,1, 4537
16,4539,2,2,1, 4541
29,4538,4,4,1, 4542
14,4539,3,3,1, 4542
22,4546,4,4,1, 4550
24,4549,1,1,0, 4550
23,4548,3,3,1, 4551
7,4552,1,1,1, 4553
8,4556,1,1,0, 4557
16,4559,2,2,1, 4561
29,4558,4,4,1, 4562
13,4559,4,4,1, 4563
15,4561,2,2,1, 4563
24,4569,1,1,1, 4570
7,4572,1,1,0, 4573
8,4576,1,1,1, 4577
22,4586,4,4,1, 4590
24,4589,1,1,0, 4590
23,4588,3,3,1, 4591
6,4590,2,2,1, 4592
7,4592,1,1,1, 4593
30,4593,3,3,1, 4596
8,4596,1,1,0, 4597
16,4599,2,2,1, 4601
29,4598,4,4,1, 4602
14,4599,3,3,1, 4602
17,4599,3,3,1, 4602
1,4606,1,1,1, 4607
5,4607,3,3,1, 4610
24,4609,1,1,0, 4610
23,4608,3,3,1, 4611
6,4610,2,2,1, 4612
7,4612,1,1,0, 4613
8,4616,1,1,1, 4617
31,4616,2,2,1, 4618
14,4619,3,3,1, 4622
17,4619,3,3,1, 4622
15,4621,2,2,1, 4623
1,4626,1,1,1, 4627
5,4627,3,3,1, 4630
24,4629,1,1,1, 4630
23,4628,3,3,1, 4631
21,4627,5,5,1, 4632
7,4632,1,1,0, 4633
30,4633,3,3,1, 4636
25,4635,2,2,1, 4637
8,4636,1,1,0, 4637
14,4639,3,3,1, 4642
17,4639,3,3,1, 4642
15,4641,2,2,1, 4643
1,4646,1,1,1, 4647
22,4646,4,4,1, 4650
24,4649,1,1,1, 4650
21,4647,5,5,1, 4652
7,4652,1,1,1, 4653
30,4653,3,3,1, 4656
25,4655,2,2,1, 4657
8,4656,1,1,1, 4657
31,4656,2,2,1, 4658
9,4657,2,2,1, 4659
29,4658,4,4,1, 4662
17,4659,3,3,1, 4662
18,4663,4,4,1, 4667
1,4666,1,1,0, 4667
5,4667,3,3,1, 4670
24,4669,1,1,0, 4670
7,4672,1,1,1, 4673
25,4675,2,2,1, 4677
8,4676,1,1,1, 4677
31,4676,2,2,1, 4678
17,4679,3,3,1, 4682
13,4679,4,4,1, 4683
15,4681,2,2,1, 4683
18,4683,4,4,1, 4687
1,4686,1,1,0, 4687
22,4686,4,4,1, 4690
24,4689,1,1,0, 4690
26,4697,3,3,1, 4700
1,4706,1,1,1, 4707
20,4703,6,6,1, 4709
4,4706,4,4,1, 4710
3,4707,3,3,1, 4710
24,4709,1,1,0, 4710
19,4706,5,5,1, 4711
27,4712,4,4,1, 4716
25,4715,2,2,1, 4717
28,4714,5,5,1, 4719
17,4719,3,3,1, 4722
1,4726,1,1,1, 4727
4,4726,4,4,1, 4730
3,4727,3,3,1, 4730
24,4729,1,1,0, 4730
19,4726,5,5,1, 4731
25,4735,2,2,1, 4737
11,4734,4,4,1, 4738
28,4734,5,5,1, 4739
17,4739,3,3,1, 4742
24,4749,1,1,1, 4750
24,4769,1,1,1, 4770
24,4789,1,1,1, 4790
7,4792,1,1,0, 4793
8,4796,1,1,1, 4797
16,4799,2,2,1, 4801
29,4798,4,4,1, 4802
14,4799,3,3,1, 4802
15,4801,2,2,1, 4803
22,4806,4,4,1, 4810
5,4807,3,3,1, 4810
24,4809,1,1,0, 4810
21,4807,5,5,1, 4812
6,4810,2,2,1, 4812
7,4812,1,1,1, 4813
30,4813,3,3,1, 4816
8,4816,1,1,1, 4817
16,4819,2,2,1, 4821
14,4819,3,3,1, 4822
13,4819,4,4,1, 4823
22,4826,4,4,1, 4830
24,4829,1,1,1, 4830
23,4828,3,3,1, 4831
21,4827,5,5,1, 4832
7,4832,1,1,0, 4833
8,4836,1,1,1, 4837
31,4836,2,2,1, 4838
16,4839,2,2,1, 4841
14,4839,3,3,1, 4842
15,4841,2,2,1, 4843
1,4846,1,1,1, 4847
22,4846,4,4,1, 4850
24,4849,1,1,0, 4850
21,4847,5,5,1, 4852
7,4852,1,1,0, 4853
8,4856,1,1,0, 4857
9,4857,2,2,1, 4859
14,4859,3,3,1, 4862
17,4859,3,3,1, 4862
15,4861,2,2,1, 4863
18,4863,4,4,1, 4867
1,4866,1,1,0, 4867
24,4869,1,1,0, 4870
7,4872,1,1,1, 4873
25,4875,2,2,1, 4877
1,4886,1,1,0, 4887
24,4889,1,1,1, 4890
7,4892,1,1,1, 4893
31,4896,2,2,1, 4898
17,4899,3,3,1, 4902
2,4903,2,2,1, 4905
18,4903,4,4,1, 4907
1,4906,1,1,0, 4907
24,4909,1,1,1, 4910
19,4906,5,5,1, 4911
7,4912,1,1,1, 4913
27,4912,4,4,1, 4916
25,4915,2,2,1, 4917
11,4914,4,4,1, 4918
9,4917,2,2,1, 4919
26,4917,3,3,1, 4920
12,4920,5,5,1, 4925
18,4923,4,4,1, 4927
1,4926,1,1,1, 4927
3,4927,3,3,1, 4930
5,4927,3,3,1, 4930
24,4929,1,1,0, 4930
19,4926,5,5,1, 4931
7,4932,1,1,0, 4933
27,4932,4,4,1, 4936
31,4936,2,2,1, 4938
9,4937,2,2,1, 4939
26,4937,3,3,1, 4940
12,4940,5,5,1, 4945
18,4943,4,4,1, 4947
24,4949,1,1,1, 4950
7,4952,1,1,0, 4953
30,4953,3,3,1, 4956
29,4958,4,4,1, 4962
22,4966,4,4,1, 4970
24,4969,1,1,1, 4970
21,4967,5,5,1, 4972
6,4970,2,2,1, 4972
7,4972,1,1,1, 4973
30,4973,3,3,1, 4976
8,4976,1,1,1, 4977
31,4976,2,2,1, 4978
16,4979,2,2,1, 4981
29,4978,4,4,1, 4982
14,4979,3,3,1, 4982
13,4979,4,4,1, 4983
24,4989,1,1,1, 4990
23,4988,3,3,1, 4991
21,4987,5,5,1, 4992
6,4990,2,2,1, 4992
7,4992,1,1,0, 4993
30,4993,3,3,1, 4996
8,4996,1,1,0, 4997
31,4996,2,2,1, 4998
14,4999,3,3,1, 5002
5,5007,3,3,1, 5010
24,5009,1,1,0, 5010
23,5008,3,3,1, 5011
21,5007,5,5,1, 5012
7,5012,1,1,0, 5013
8,5016,1,1,1, 5017
16,5019,2,2,1, 5021
29,5018,4,4,1, 5022
13,5019,4,4,1, 5023
24,5029,1,1,1, 5030
23,5028,3,3,1, 5031
21,5027,5,5,1, 5032
7,5032,1,1,0, 5033
8,5036,1,1,0, 5037
13,5039,4,4,1, 5043
5,5047,3,3,1, 5050
24,5049,1,1,0, 5050
23,5048,3,3,1, 5051
21,5047,5,5,1, 5052
7,5052,1,1,1, 5053
30,5053,3,3,1, 5056
8,5056,1,1,1, 5057
31,5056,2,2,1, 5058
9,5057,2,2,1, 5059
16,5059,2,2,1, 5061
14,5059,3,3,1, 5062
17,5059,3,3,1, 5062
13,5059,4,4,1, 5063
15,5061,2,2,1, 5063
1,5066,1,1,0, 5067
5,5067,3,3,1, 5070
24,5069,1,1,0, 5070
7,5072,1,1,1, 5073
25,5075,2,2,1, 5077
11,5074,4,4,1, 5078
31,5076,2,2,1, 5078
9,5077,2,2,1, 5079
26,5077,3,3,1, 5080
29,5078,4,4,1, 5082
2,5083,2,2,1, 5085
1,5086,1,1,0, 5087
24,5089,1,1,0, 5090
6,5090,2,2,1, 5092
7,5092,1,1,0, 5093
25,5095,2,2,1, 5097
26,5097,3,3,1, 5100
29,5098,4,4,1, 5102
2,5103,2,2,1, 5105
18,5103,4,4,1, 5107
1,5106,1,1,1, 5107
5,5107,3,3,1, 5110
24,5109,1,1,0, 5110
6,5110,2,2,1, 5112
7,5112,1,1,1, 5113
30,5113,3,3,1, 5116
25,5115,2,2,1, 5117
9,5117,2,2,1, 5119
18,5123,4,4,1, 5127
1,5126,1,1,1, 5127
5,5127,3,3,1, 5130
24,5129,1,1,1, 5130
7,5132,1,1,0, 5133
30,5133,3,3,1, 5136
25,5135,2,2,1, 5137
31,5136,2,2,1, 5138
9,5137,2,2,1, 5139
18,5143,4,4,1, 5147
1,5146,1,1,0, 5147
5,5147,3,3,1, 5150
24,5149,1,1,0, 5150
7,5152,1,1,0, 5153
25,5155,2,2,1, 5157
31,5156,2,2,1, 5158
9,5157,2,2,1, 5159
17,5159,3,3,1, 5162
1,5166,1,1,0, 5167
5,5167,3,3,1, 5170
24,5169,1,1,0, 5170
23,5168,3,3,1, 5171
21,5167,5,5,1, 5172
7,5172,1,1,1, 5173
8,5176,1,1,0, 5177
17,5179,3,3,1, 5182
2,5183,2,2,1, 5185
18,5183,4,4,1, 5187
1,5186,1,1,1, 5187
22,5186,4,4,1, 5190
5,5187,3,3,1, 5190
24,5189,1,1,1, 5190
6,5190,2,2,1, 5192
7,5192,1,1,0, 5193
27,5192,4,4,1, 5196
8,5196,1,1,0, 5197
31,5196,2,2,1, 5198
28,5194,5,5,1, 5199
29,5198,4,4,1, 5202
17,5199,3,3,1, 5202
15,5201,2,2,1, 5203
22,5206,4,4,1, 5210
24,5209,1,1,1, 5210
6,5210,2,2,1, 5212
7,5212,1,1,1, 5213
30,5213,3,3,1, 5216
8,5216,1,1,0, 5217
29,5218,4,4,1, 5222
13,5219,4,4,1, 5223
22,5226,4,4,1, 5230
24,5229,1,1,0, 5230
21,5227,5,5,1, 5232
7,5232,1,1,0, 5233
8,5236,1,1,0, 5237
16,5239,2,2,1, 5241
14,5239,3,3,1, 5242
13,5239,4,4,1, 5243
15,5241,2,2,1, 5243
22,5246,4,4,1, 5250
24,5249,1,1,0, 5250
23,5248,3,3,1, 5251
21,5247,5,5,1, 5252
7,5252,1,1,1, 5253
8,5256,1,1,0, 5257
31,5256,2,2,1, 5258
16,5259,2,2,1, 5261
13,5259,4,4,1, 5263
5,5267,3,3,1, 5270
24,5269,1,1,1, 5270
23,5268,3,3,1, 5271
7,5272,1,1,1, 5273
30,5273,3,3,1, 5276
8,5276,1,1,0, 5277
31,5276,2,2,1, 5278
16,5279,2,2,1, 5281
14,5279,3,3,1, 5282
15,5281,2,2,1, 5283
24,5289,1,1,1, 5290
23,5288,3,3,1, 5291
7,5292,1,1,0, 5293
8,5296,1,1,1, 5297
14,5299,3,3,1, 5302
13,5299,4,4,1, 5303
1,5306,1,1,0, 5307
24,5309,1,1,0, 5310
7,5312,1,1,0, 5313
25,5315,2,2,1, 5317
31,5316,2,2,1, 5318
9,5317,2,2,1, 5319
29,5318,4,4,1, 5322
17,5319,3,3,1, 5322
1,5326,1,1,1, 5327
24,5329,1,1,0, 5330
6,5330,2,2,1, 5332
7,5332,1,1,0, 5333
9,5337,2,2,1, 5339
29,5338,4,4,1, 5342
17,5339,3,3,1, 5342
1,5346,1,1,0, 5347
24,5349,1,1,1, 5350
6,5350,2,2,1, 5352
7,5352,1,1,1, 5353
31,5356,2,2,1, 5358
29,5358,4,4,1, 5362
1,5366,1,1,1, 5367
24,5369,1,1,1, 5370
7,5372,1,1,1, 5373
31,5376,2,2,1, 5378
9,5377,2,2,1, 5379
1,5386,1,1,0, 5387
24,5389,1,1,0, 5390
6,5390,2,2,1, 5392
7,5392,1,1,1, 5393
30,5393,3,3,1, 5396
28,5394,5,5,1, 5399
9,5397,2,2,1, 5399
29,5398,4,4,1, 5402
12,5400,5,5,1, 5405
2,5403,2,2,1, 5405
18,5403,4,4,1, 5407
1,5406,1,1,1, 5407
24,5409,1,1,1, 5410
19,5406,5,5,1, 5411
7,5412,1,1,1, 5413
27,5412,4,4,1, 5416
8,5416,1,1,1, 5417
11,5414,4,4,1, 5418
31,5416,2,2,1, 5418
26,5417,3,3,1, 5420
16,5419,2,2,1, 5421
14,5419,3,3,1, 5422
17,5419,3,3,1, 5422
15,5421,2,2,1, 5423
2,5423,2,2,1, 5425
18,5423,4,4,1, 5427
1,5426,1,1,0, 5427
4,5426,4,4,1, 5430
3,5427,3,3,1, 5430
24,5429,1,1,0, 5430
19,5426,5,5,1, 5431
23,5428,3,3,1, 5431
6,5430,2,2,1, 5432
7,5432,1,1,0, 5433
25,5435,2,2,1, 5437
8,5436,1,1,1, 5437
31,5436,2,2,1, 5438
28,5434,5,5,1, 5439
16,5439,2,2,1, 5441
17,5439,3,3,1, 5442
15,5441,2,2,1, 5443
12,5440,5,5,1, 5445
24,5449,1,1,1, 5450
23,5448,3,3,1, 5451
21,5447,5,5,1, 5452
6,5450,2,2,1, 5452
7,5452,1,1,1, 5453
30,5453,3,3,1, 5456
8,5456,1,1,0, 5457
16,5459,2,2,1, 5461
29,5458,4,4,1, 5462
13,5459,4,4,1, 5463
22,5466,4,4,1, 5470
24,5469,1,1,1, 5470
23,5468,3,3,1, 5471
8,5476,1,1,0, 5477
14,5479,3,3,1, 5482
15,5481,2,2,1, 5483
22,5486,4,4,1, 5490
24,5489,1,1,0, 5490
23,5488,3,3,1, 5491
8,5496,1,1,0, 5497
16,5499,2,2,1, 5501
15,5501,2,2,1, 5503
22,5506,4,4,1, 5510
24,5509,1,1,0, 5510
23,5508,3,3,1, 5511
8,5516,1,1,0, 5517
14,5519,3,3,1, 5522
13,5519,4,4,1, 5523
24,5529,1,1,1, 5530
24,5549,1,1,0, 5550
25,5555,2,2,1, 5557
17,5559,3,3,1, 5562
1,5566,1,1,0, 5567
5,5567,3,3,1, 5570
24,5569,1,1,1, 5570
7,5572,1,1,0, 5573
25,5575,2,2,1, 5577
31,5576,2,2,1, 5578
26,5577,3,3,1, 5580
29,5578,4,4,1, 5582
17,5579,3,3,1, 5582
18,5583,4,4,1, 5587
1,5586,1,1,0, 5587
24,5589,1,1,0, 5590
6,5590,2,2,1, 5592
7,5592,1,1,1, 5593
30,5593,3,3,1, 5596
9,5597,2,2,1, 5599
26,5597,3,3,1, 5600
2,5603,2,2,1, 5605
1,5606,1,1,0, 5607
24,5609,1,1,1, 5610
19,5606,5,5,1, 5611
6,5610,2,2,1, 5612
7,5612,1,1,0, 5613
11,5614,4,4,1, 5618
31,5616,2,2,1, 5618
9,5617,2,2,1, 5619
26,5617,3,3,1, 5620
2,5623,2,2,1, 5625
18,5623,4,4,1, 5627
1,5626,1,1,1, 5627
5,5627,3,3,1, 5630
24,5629,1,1,0, 5630
19,5626,5,5,1, 5631
7,5632,1,1,1, 5633
8,5636,1,1,0, 5637
9,5637,2,2,1, 5639
14,5639,3,3,1, 5642
15,5641,2,2,1, 5643
1,5646,1,1,0, 5647
4,5646,4,4,1, 5650
24,5649,1,1,0, 5650
19,5646,5,5,1, 5651
6,5650,2,2,1, 5652
7,5652,1,1,0, 5653
30,5653,3,3,1, 5656
8,5656,1,1,1, 5657
9,5657,2,2,1, 5659
14,5659,3,3,1, 5662
13,5659,4,4,1, 5663
12,5660,5,5,1, 5665
18,5663,4,4,1, 5667
1,5666,1,1,0, 5667
4,5666,4,4,1, 5670
24,5669,1,1,1, 5670
6,5670,2,2,1, 5672
7,5672,1,1,1, 5673
30,5673,3,3,1, 5676
8,5676,1,1,1, 5677
31,5676,2,2,1, 5678
29,5678,4,4,1, 5682
14,5679,3,3,1, 5682
15,5681,2,2,1, 5683
24,5689,1,1,0, 5690
7,5692,1,1,0, 5693
8,5696,1,1,1, 5697
31,5696,2,2,1, 5698
14,5699,3,3,1, 5702
13,5699,4,4,1, 5703
5,5707,3,3,1, 5710
24,5709,1,1,0, 5710
6,5710,2,2,1, 5712
7,5712,1,1,0, 5713
8,5716,1,1,0, 5717
29,5718,4,4,1, 5722
14,5719,3,3,1, 5722
24,5729,1,1,1, 5730
7,5732,1,1,0, 5733
8,5736,1,1,0, 5737
16,5739,2,2,1, 5741
29,5738,4,4,1, 5742
14,5739,3,3,1, 5742
24,5749,1,1,0, 5750
6,5750,2,2,1, 5752
7,5752,1,1,0, 5753
8,5756,1,1,1, 5757
29,5758,4,4,1, 5762
14,5759,3,3,1, 5762
15,5761,2,2,1, 5763
22,5766,4,4,1, 5770
24,5769,1,1,1, 5770
21,5767,5,5,1, 5772
7,5772,1,1,1, 5773
30,5773,3,3,1, 5776
8,5776,1,1,0, 5777
9,5777,2,2,1, 5779
29,5778,4,4,1, 5782
1,5786,1,1,1, 5787
5,5787,3,3,1, 5790
24,5789,1,1,0, 5790
23,5788,3,3,1, 5791
7,5792,1,1,1, 5793
25,5795,2,2,1, 5797
8,5796,1,1,0, 5797
31,5796,2,2,1, 5798
16,5799,2,2,1, 5801
13,5799,4,4,1, 5803
1,5806,1,1,0, 5807
22,5806,4,4,1, 5810
24,5809,1,1,1, 5810
7,5812,1,1,0, 5813
8,5816,1,1,1, 5817
9,5817,2,2,1, 5819
26,5817,3,3,1, 5820
16,5819,2,2,1, 5821
29,5818,4,4,1, 5822
14,5819,3,3,1, 5822
17,5819,3,3,1, 5822
18,5823,4,4,1, 5827
1,5826,1,1,0, 5827
24,5829,1,1,1, 5830
23,5828,3,3,1, 5831
21,5827,5,5,1, 5832
6,5830,2,2,1, 5832
7,5832,1,1,1, 5833
25,5835,2,2,1, 5837
8,5836,1,1,1, 5837
26,5837,3,3,1, 5840
14,5839,3,3,1, 5842
15,5841,2,2,1, 5843
2,5843,2,2,1, 5845
18,5843,4,4,1, 5847
1,5846,1,1,1, 5847
24,5849,1,1,1, 5850
21,5847,5,5,1, 5852
6,5850,2,2,1, 5852
7,5852,1,1,0, 5853
30,5853,3,3,1, 5856
25,5855,2,2,1, 5857
8,5856,1,1,0, 5857
31,5856,2,2,1, 5858
26,5857,3,3,1, 5860
29,5858,4,4,1, 5862
17,5859,3,3,1, 5862
2,5863,2,2,1, 5865
18,5863,4,4,1, 5867
1,5866,1,1,1, 5867
5,5867,3,3,1, 5870
24,5869,1,1,1, 5870
23,5868,3,3,1, 5871
21,5867,5,5,1, 5872
6,5870,2,2,1, 5872
7,5872,1,1,1, 5873
30,5873,3,3,1, 5876
25,5875,2,2,1, 5877
8,5876,1,1,1, 5877
16,5879,2,2,1, 5881
17,5879,3,3,1, 5882
15,5881,2,2,1, 5883
12,5880,5,5,1, 5885
2,5883,2,2,1, 5885
1,5886,1,1,1, 5887
4,5886,4,4,1, 5890
3,5887,3,3,1, 5890
24,5889,1,1,1, 5890
19,5886,5,5,1, 5891
23,5888,3,3,1, 5891
6,5890,2,2,1, 5892
7,5892,1,1,0, 5893
27,5892,4,4,1, 5896
25,5895,2,2,1, 5897
8,5896,1,1,1, 5897
31,5896,2,2,1, 5898
29,5898,4,4,1, 5902
14,5899,3,3,1, 5902
15,5901,2,2,1, 5903
5,5907,3,3,1, 5910
24,5909,1,1,0, 5910
6,5910,2,2,1, 5912
24,5929,1,1,1, 5930
24,5949,1,1,1, 5950
24,5969,1,1,1, 5970
24,5989,1,1,0, 5990
1,6006,1,1,0, 6007
24,6009,1,1,0, 6010
8,6016,1,1,1, 6017
16,6019,2,2,1, 6021
29,6018,4,4,1, 6022
1,6026,1,1,1, 6027
22,6026,4,4,1, 6030
24,6029,1,1,0, 6030
7,6032,1,1,1, 6033
30,6033,3,3,1, 6036
8,6036,1,1,0, 6037
16,6039,2,2,1, 6041
29,6038,4,4,1, 6042
17,6039,3,3,1, 6042
13,6039,4,4,1, 6043
1,6046,1,1,1, 6047
24,6049,1,1,0, 6050
23,6048,3,3,1, 6051
21,6047,5,5,1, 6052
6,6050,2,2,1, 6052
7,6052,1,1,0, 6053
8,6056,1,1,1, 6057
26,6057,3,3,1, 6060
16,6059,2,2,1, 6061
15,6061,2,2,1, 6063
18,6063,4,4,1, 6067
1,6066,1,1,0, 6067
22,6066,4,4,1, 6070
24,6069,1,1,1, 6070
23,6068,3,3,1, 6071
7,6072,1,1,0, 6073
30,6073,3,3,1, 6076
25,6075,2,2,1, 6077
8,6076,1,1,0, 6077
16,6079,2,2,1, 6081
29,6078,4,4,1, 6082
14,6079,3,3,1, 6082
15,6081,2,2,1, 6083
18,6083,4,4,1, 6087
1,6086,1,1,0, 6087
24,6089,1,1,1, 6090
23,6088,3,3,1, 6091
6,6090,2,2,1, 6092
7,6092,1,1,1, 6093
30,6093,3,3,1, 6096
8,6096,1,1,0, 6097
26,6097,3,3,1, 6100
16,6099,2,2,1, 6101
29,6098,4,4,1, 6102
14,6099,3,3,1, 6102
17,6099,3,3,1, 6102
13,6099,4,4,1, 6103
15,6101,2,2,1, 6103
18,6103,4,4,1, 6107
1,6106,1,1,0, 6107
20,6103,6,6,1, 6109
22,6106,4,4,1, 6110
3,6107,3,3,1, 6110
5,6107,3,3,1, 6110
24,6109,1,1,0, 6110
19,6106,5,5,1, 6111
23,6108,3,3,1, 6111
21,6107,5,5,1, 6112
7,6112,1,1,1, 6113
25,6115,2,2,1, 6117
8,6116,1,1,1, 6117
11,6114,4,4,1, 6118
31,6116,2,2,1, 6118
28,6114,5,5,1, 6119
9,6117,2,2,1, 6119
26,6117,3,3,1, 6120
29,6118,4,4,1, 6122
13,6119,4,4,1, 6123
1,6126,1,1,1, 6127
20,6123,6,6,1, 6129
4,6126,4,4,1, 6130
24,6129,1,1,0, 6130
19,6126,5,5,1, 6131
7,6132,1,1,1, 6133
27,6132,4,4,1, 6136
25,6135,2,2,1, 6137
11,6134,4,4,1, 6138
31,6136,2,2,1, 6138
28,6134,5,5,1, 6139
26,6137,3,3,1, 6140
24,6149,1,1,0, 6150
7,6152,1,1,1, 6153
31,6156,2,2,1, 6158
24,6169,1,1,1, 6170
7,6172,1,1,0, 6173
24,6189,1,1,1, 6190
7,6192,1,1,0, 6193
31,6196,2,2,1, 6198
24,6209,1,1,1, 6210
7,6212,1,1,1, 6213
22,6226,4,4,1, 6230
24,6229,1,1,0, 6230
23,6228,3,3,1, 6231
21,6227,5,5,1, 6232
7,6232,1,1,0, 6233
8,6236,1,1,1, 6237
29,6238,4,4,1, 6242
14,6239,3,3,1, 6242
13,6239,4,4,1, 6243
15,6241,2,2,1, 6243
1,6246,1,1,1, 6247
24,6249,1,1,1, 6250
23,6248,3,3,1, 6251
21,6247,5,5,1, 6252
6,6250,2,2,1, 6252
7,6252,1,1,0, 6253
8,6256,1,1,1, 6257
9,6257,2,2,1, 6259
16,6259,2,2,1, 6261
17,6259,3,3,1, 6262
15,6261,2,2,1, 6263
1,6266,1,1,1, 6267
5,6267,3,3,1, 6270
24,6269,1,1,1, 6270
21,6267,5,5,1, 6272
7,6272,1,1,0, 6273
8,6276,1,1,1, 6277
9,6277,2,2,1, 6279
26,6277,3,3,1, 6280
16,6279,2,2,1, 6281
14,6279,3,3,1, 6282
17,6279,3,3,1, 6282
18,6283,4,4,1, 6287
1,6286,1,1,1, 6287
5,6287,3,3,1, 6290
24,6289,1,1,1, 6290
23,6288,3,3,1, 6291
6,6290,2,2,1, 6292
7,6292,1,1,1, 6293
30,6293,3,3,1, 6296
8,6296,1,1,1, 6297
11,6294,4,4,1, 6298
26,6297,3,3,1, 6300
16,6299,2,2,1, 6301
14,6299,3,3,1, 6302
17,6299,3,3,1, 6302
13,6299,4,4,1, 6303
15,6301,2,2,1, 6303
12,6300,5,5,1, 6305
18,6303,4,4,1, 6307
1,6306,1,1,0, 6307
4,6306,4,4,1, 6310
5,6307,3,3,1, 6310
24,6309,1,1,1, 6310
21,6307,5,5,1, 6312
6,6310,2,2,1, 6312
7,6312,1,1,0, 6313
27,6312,4,4,1, 6316
25,6315,2,2,1, 6317
8,6316,1,1,0, 6317
11,6314,4,4,1, 6318
9,6317,2,2,1, 6319
16,6319,2,2,1, 6321
14,6319,3,3,1, 6322
18,6323,4,4,1, 6327
1,6326,1,1,1, 6327
4,6326,4,4,1, 6330
5,6327,3,3,1, 6330
24,6329,1,1,0, 6330
19,6326,5,5,1, 6331
6,6330,2,2,1, 6332
7,6332,1,1,0, 6333
27,6332,4,4,1, 6336
25,6335,2,2,1, 6337
28,6334,5,5,1, 6339
29,6338,4,4,1, 6342
5,6347,3,3,1, 6350
24,6349,1,1,0, 6350
6,6350,2,2,1, 6352
7,6352,1,1,0, 6353
31,6356,2,2,1, 6358
5,6367,3,3,1, 6370
24,6369,1,1,0, 6370
6,6370,2,2,1, 6372
7,6372,1,1,1, 6373
30,6373,3,3,1, 6376
31,6376,2,2,1, 6378
5,6387,3,3,1, 6390
24,6389,1,1,1, 6390
7,6392,1,1,0, 6393
31,6396,2,2,1, 6398
29,6398,4,4,1, 6402
5,6407,3,3,1, 6410
24,6409,1,1,0, 6410
6,6410,2,2,1, 6412
7,6412,1,1,1, 6413
24,6429,1,1,1, 6430
6,6430,2,2,1, 6432
7,6432,1,1,0, 6433
30,6433,3,3,1, 6436
8,6436,1,1,0, 6437
31,6436,2,2,1, 6438
14,6439,3,3,1, 6442
13,6439,4,4,1, 6443
15,6441,2,2,1, 6443
1,6446,1,1,1, 6447
24,6449,1,1,1, 6450
7,6452,1,1,1, 6453
8,6456,1,1,1, 6457
16,6459,2,2,1, 6461
1,6466,1,1,1, 6467
5,6467,3,3,1, 6470
24,6469,1,1,1, 6470
7,6472,1,1,0, 6473
30,6473,3,3,1, 6476
8,6476,1,1,0, 6477
31,6476,2,2,1, 6478
9,6477,2,2,1, 6479
26,6477,3,3,1, 6480
29,6478,4,4,1, 6482
14,6479,3,3,1, 6482
13,6479,4,4,1, 6483
15,6481,2,2,1, 6483
2,6483,2,2,1, 6485
1,6486,1,1,1, 6487
24,6489,1,1,0, 6490
23,6488,3,3,1, 6491
7,6492,1,1,0, 6493
25,6495,2,2,1, 6497
8,6496,1,1,1, 6497
31,6496,2,2,1, 6498
9,6497,2,2,1, 6499
17,6499,3,3,1, 6502
15,6501,2,2,1, 6503
18,6503,4,4,1, 6507
1,6506,1,1,1, 6507
5,6507,3,3,1, 6510
24,6509,1,1,0, 6510
7,6512,1,1,0, 6513
25,6515,2,2,1, 6517
8,6516,1,1,1, 6517
31,6516,2,2,1, 6518
9,6517,2,2,1, 6519
16,6519,2,2,1, 6521
29,6518,4,4,1, 6522
13,6519,4,4,1, 6523
1,6526,1,1,0, 6527
24,6529,1,1,1, 6530
7,6532,1,1,0, 6533
30,6533,3,3,1, 6536
8,6536,1,1,1, 6537
31,6536,2,2,1, 6538
28,6534,5,5,1, 6539
9,6537,2,2,1, 6539
16,6539,2,2,1, 6541
29,6538,4,4,1, 6542
14,6539,3,3,1, 6542
13,6539,4,4,1, 6543
15,6541,2,2,1, 6543
12,6540,5,5,1, 6545
18,6543,4,4,1, 6547
1,6546,1,1,0, 6547
20,6543,6,6,1, 6549
4,6546,4,4,1, 6550
22,6546,4,4,1, 6550
3,6547,3,3,1, 6550
24,6549,1,1,1, 6550
19,6546,5,5,1, 6551
21,6547,5,5,1, 6552
8,6556,1,1,0, 6557
11,6554,4,4,1, 6558
9,6557,2,2,1, 6559
26,6557,3,3,1, 6560
14,6559,3,3,1, 6562
17,6559,3,3,1, 6562
2,6563,2,2,1, 6565
18,6563,4,4,1, 6567
1,6566,1,1,0, 6567
20,6563,6,6,1, 6569
24,6569,1,1,1, 6570
8,6576,1,1,1, 6577
16,6579,2,2,1, 6581
15,6581,2,2,1, 6583
24,6589,1,1,0, 6590
21,6587,5,5,1, 6592
8,6596,1,1,1, 6597
14,6599,3,3,1, 6602
13,6599,4,4,1, 6603
22,6606,4,4,1, 6610
24,6609,1,1,1, 6610
8,6616,1,1,1, 6617
16,6619,2,2,1, 6621
13,6619,4,4,1, 6623
15,6621,2,2,1, 6623
22,6626,4,4,1, 6630
24,6629,1,1,0, 6630
8,6636,1,1,1, 6637
13,6639,4,4,1, 6643
24,6649,1,1,1, 6650
23,6648,3,3,1, 6651
21,6647,5,5,1, 6652
7,6652,1,1,0, 6653
8,6656,1,1,0, 6657
31,6656,2,2,1, 6658
16,6659,2,2,1, 6661
29,6658,4,4,1, 6662
24,6669,1,1,1, 6670
6,6670,2,2,1, 6672
7,6672,1,1,1, 6673
31,6676,2,2,1, 6678
1,6686,1,1,1, 6687
24,6689,1,1,0, 6690
7,6692,1,1,1, 6693
31,6696,2,2,1, 6698
29,6698,4,4,1, 6702
17,6699,3,3,1, 6702
1,6706,1,1,1, 6707
5,6707,3,3,1, 6710
24,6709,1,1,1, 6710
6,6710,2,2,1, 6712
7,6712,1,1,1, 6713
30,6713,3,3,1, 6716
25,6715,2,2,1, 6717
31,6716,2,2,1, 6718
26,6717,3,3,1, 6720
29,6718,4,4,1, 6722
17,6719,3,3,1, 6722
1,6726,1,1,0, 6727
5,6727,3,3,1, 6730
24,6729,1,1,0, 6730
7,6732,1,1,1, 6733
30,6733,3,3,1, 6736
31,6736,2,2,1, 6738
9,6737,2,2,1, 6739
26,6737,3,3,1, 6740
29,6738,4,4,1, 6742
1,6746,1,1,1, 6747
24,6749,1,1,0, 6750
6,6750,2,2,1, 6752
7,6752,1,1,0, 6753
9,6757,2,2,1, 6759
29,6758,4,4,1, 6762
17,6759,3,3,1, 6762
2,6763,2,2,1, 6765
1,6766,1,1,1, 6767
3,6767,3,3,1, 6770
5,6767,3,3,1, 6770
24,6769,1,1,1, 6770
23,6768,3,3,1, 6771
7,6772,1,1,1, 6773
27,6772,4,4,1, 6776
8,6776,1,1,0, 6777
31,6776,2,2,1, 6778
9,6777,2,2,1, 6779
29,6778,4,4,1, 6782
13,6779,4,4,1, 6783
15,6781,2,2,1, 6783
1,6786,1,1,1, 6787
4,6786,4,4,1, 6790
3,6787,3,3,1, 6790
24,6789,1,1,1, 6790
23,6788,3,3,1, 6791
6,6790,2,2,1, 6792
7,6792,1,1,1, 6793
27,6792,4,4,1, 6796
8,6796,1,1,1, 6797
28,6794,5,5,1, 6799
16,6799,2,2,1, 6801
14,6799,3,3,1, 6802
15,6801,2,2,1, 6803
2,6803,2,2,1, 6805
18,6803,4,4,1, 6807
1,6806,1,1,0, 6807
4,6806,4,4,1, 6810
22,6806,4,4,1, 6810
3,6807,3,3,1, 6810
5,6807,3,3,1, 6810
24,6809,1,1,1, 6810
21,6807,5,5,1, 6812
7,6812,1,1,1, 6813
27,6812,4,4,1, 6816
30,6813,3,3,1, 6816
25,6815,2,2,1, 6817
8,6816,1,1,1, 6817
28,6814,5,5,1, 6819
9,6817,2,2,1, 6819
26,6817,3,3,1, 6820
14,6819,3,3,1, 6822
13,6819,4,4,1, 6823
15,6821,2,2,1, 6823
24,6829,1,1,0, 6830
21,6827,5,5,1, 6832
7,6832,1,1,0, 6833
8,6836,1,1,1, 6837
16,6839,2,2,1, 6841
29,6838,4,4,1, 6842
22,6846,4,4,1, 6850
24,6849,1,1,0, 6850
6,6850,2,2,1, 6852
7,6852,1,1,1, 6853
30,6853,3,3,1, 6856
8,6856,1,1,0, 6857
31,6856,2,2,1, 6858
16,6859,2,2,1, 6861
13,6859,4,4,1, 6863
15,6861,2,2,1, 6863
22,6866,4,4,1, 6870
5,6867,3,3,1, 6870
24,6869,1,1,1, 6870
23,6868,3,3,1, 6871
6,6870,2,2,1, 6872
7,6872,1,1,1, 6873
8,6876,1,1,0, 6877
14,6879,3,3,1, 6882
22,6886,4,4,1, 6890
5,6887,3,3,1, 6890
24,6889,1,1,0, 6890
23,6888,3,3,1, 6891
6,6890,2,2,1, 6892
7,6892,1,1,1, 6893
30,6893,3,3,1, 6896
8,6896,1,1,0, 6897
24,6909,1,1,0, 6910
1,6926,1,1,0, 6927
24,6929,1,1,1, 6930
9,6937,2,2,1, 6939
17,6939,3,3,1, 6942
1,6946,1,1,0, 6947
24,6949,1,1,1, 6950
9,6957,2,2,1, 6959
26,6957,3,3,1, 6960
2,6963,2,2,1, 6965
1,6966,1,1,1, 6967
24,6969,1,1,1, 6970
9,6977,2,2,1, 6979
17,6979,3,3,1, 6982
18,6983,4,4,1, 6987
1,6986,1,1,1, 6987
24,6989,1,1,0, 6990
25,6995,2,2,1, 6997
9,6997,2,2,1, 6999
29,6998,4,4,1, 7002
2,7003,2,2,1, 7005
1,7006,1,1,1, 7007
24,7009,1,1,0, 7010
7,7012,1,1,0, 7013
30,7013,3,3,1, 7016
8,7016,1,1,0, 7017
31,7016,2,2,1, 7018
16,7019,2,2,1, 7021
29,7018,4,4,1, 7022
17,7019,3,3,1, 7022
13,7019,4,4,1, 7023
12,7020,5,5,1, 7025
2,7023,2,2,1, 7025
1,7026,1,1,0, 7027
20,7023,6,6,1, 7029
4,7026,4,4,1, 7030
3,7027,3,3,1, 7030
24,7029,1,1,0, 7030
19,7026,5,5,1, 7031
7,7032,1,1,1, 7033
27,7032,4,4,1, 7036
25,7035,2,2,1, 7037
8,7036,1,1,1, 7037
9,7037,2,2,1, 7039
16,7039,2,2,1, 7041
14,7039,3,3,1, 7042
17,7039,3,3,1, 7042
15,7041,2,2,1, 7043
2,7043,2,2,1, 7045
24,7049,1,1,0, 7050
23,7048,3,3,1, 7051
21,7047,5,5,1, 7052
7,7052,1,1,0, 7053
8,7056,1,1,1, 7057
16,7059,2,2,1, 7061
22,7066,4,4,1, 7070
24,7069,1,1,1, 7070
23,7068,3,3,1, 7071
7,7072,1,1,0, 7073
8,7076,1,1,1, 7077
31,7076,2,2,1, 7078
16,7079,2,2,1, 7081
13,7079,4,4,1, 7083
15,7081,2,2,1, 7083
22,7086,4,4,1, 7090
24,7089,1,1,1, 7090
23,7088,3,3,1, 7091
7,7092,1,1,0, 7093
8,7096,1,1,1, 7097
31,7096,2,2,1, 7098
15,7101,2,2,1, 7103
22,7106,4,4,1, 7110
24,7109,1,1,1, 7110
21,7107,5,5,1, 7112
7,7112,1,1,1, 7113
8,7116,1,1,1, 7117
31,7116,2,2,1, 7118
14,7119,3,3,1, 7122
13,7119,4,4,1, 7123
5,7127,3,3,1, 7130
24,7129,1,1,0, 7130
23,7128,3,3,1, 7131
21,7127,5,5,1, 7132
7,7132,1,1,0, 7133
8,7136,1,1,0, 7137
31,7136,2,2,1, 7138
29,7138,4,4,1, 7142
1,7146,1,1,0, 7147
5,7147,3,3,1, 7150
24,7149,1,1,0, 7150
6,7150,2,2,1, 7152
7,7152,1,1,0, 7153
25,7155,2,2,1, 7157
9,7157,2,2,1, 7159
1,7166,1,1,0, 7167
5,7167,3,3,1, 7170
24,7169,1,1,1, 7170
6,7170,2,2,1, 7172
7,7172,1,1,1, 7173
30,7173,3,3,1, 7176
29,7178,4,4,1, 7182
17,7179,3,3,1, 7182
1,7186,1,1,1, 7187
24,7189,1,1,1, 7190
6,7190,2,2,1, 7192
7,7192,1,1,1, 7193
25,7195,2,2,1, 7197
29,7198,4,4,1, 7202
17,7199,3,3,1, 7202
1,7206,1,1,1, 7207
20,7203,6,6,1, 7209
4,7206,4,4,1, 7210
24,7209,1,1,1, 7210
19,7206,5,5,1, 7211
7,7212,1,1,1, 7213
27,7212,4,4,1, 7216
30,7213,3,3,1, 7216
11,7214,4,4,1, 7218
9,7217,2,2,1, 7219
26,7217,3,3,1, 7220
2,7223,2,2,1, 7225
1,7226,1,1,1, 7227
5,7227,3,3,1, 7230
24,7229,1,1,1, 7230
19,7226,5,5,1, 7231
7,7232,1,1,0, 7233
27,7232,4,4,1, 7236
25,7235,2,2,1, 7237
11,7234,4,4,1, 7238
28,7234,5,5,1, 7239
9,7237,2,2,1, 7239
17,7239,3,3,1, 7242
2,7243,2,2,1, 7245
18,7243,4,4,1, 7247
1,7246,1,1,0, 7247
22,7246,4,4,1, 7250
5,7247,3,3,1, 7250
24,7249,1,1,1, 7250
19,7246,5,5,1, 7251
23,7248,3,3,1, 7251
21,7247,5,5,1, 7252
6,7250,2,2,1, 7252
7,7252,1,1,0, 7253
30,7253,3,3,1, 7256
8,7256,1,1,1, 7257
16,7259,2,2,1, 7261
29,7258,4,4,1, 7262
14,7259,3,3,1, 7262
13,7259,4,4,1, 7263
5,7267,3,3,1, 7270
24,7269,1,1,1, 7270
6,7270,2,2,1, 7272
7,7272,1,1,1, 7273
8,7276,1,1,1, 7277
16,7279,2,2,1, 7281
29,7278,4,4,1, 7282
14,7279,3,3,1, 7282
13,7279,4,4,1, 7283
22,7286,4,4,1, 7290
24,7289,1,1,1, 7290
6,7290,2,2,1, 7292
7,7292,1,1,1, 7293
8,7296,1,1,0, 7297
31,7296,2,2,1, 7298
29,7298,4,4,1, 7302
5,7307,3,3,1, 7310
24,7309,1,1,1, 7310
23,7308,3,3,1, 7311
6,7310,2,2,1, 7312
7,7312,1,1,1, 7313
8,7316,1,1,0, 7317
16,7319,2,2,1, 7321
29,7318,4,4,1, 7322
5,7327,3,3,1, 7330
24,7329,1,1,0, 7330
23,7328,3,3,1, 7331
7,7332,1,1,0, 7333
8,7336,1,1,1, 7337
15,7341,2,2,1, 7343
22,7346,4,4,1, 7350
5,7347,3,3,1, 7350
24,7349,1,1,0, 7350
7,7352,1,1,1, 7353
30,7353,3,3,1, 7356
8,7356,1,1,0, 7357
9,7357,2,2,1, 7359
16,7359,2,2,1, 7361
29,7358,4,4,1, 7362
1,7366,1,1,0, 7367
22,7366,4,4,1, 7370
24,7369,1,1,0, 7370
6,7370,2,2,1, 7372
7,7372,1,1,1, 7373
8,7376,1,1,1, 7377
9,7377,2,2,1, 7379
26,7377,3,3,1, 7380
16,7379,2,2,1, 7381
18,7383,4,4,1, 7387
1,7386,1,1,1, 7387
24,7389,1,1,1, 7390
23,7388,3,3,1, 7391
6,7390,2,2,1, 7392
7,7392,1,1,0, 7393
30,7393,3,3,1, 7396
25,7395,2,2,1, 7397
8,7396,1,1,0, 7397
31,7396,2,2,1, 7398
26,7397,3,3,1, 7400
13,7399,4,4,1, 7403
18,7403,4,4,1, 7407
1,7406,1,1,0, 7407
22,7406,4,4,1, 7410
5,7407,3,3,1, 7410
24,7409,1,1,1, 7410
23,7408,3,3,1, 7411
6,7410,2,2,1, 7412
7,7412,1,1,0, 7413
30,7413,3,3,1, 7416
8,7416,1,1,1, 7417
28,7414,5,5,1, 7419
26,7417,3,3,1, 7420
16,7419,2,2,1, 7421
13,7419,4,4,1, 7423
15,7421,2,2,1, 7423
2,7423,2,2,1, 7425
18,7423,4,4,1, 7427
1,7426,1,1,1, 7427
4,7426,4,4,1, 7430
22,7426,4,4,1, 7430
24,7429,1,1,1, 7430
8,7436,1,1,0, 7437
28,7434,5,5,1, 7439
9,7437,2,2,1, 7439
16,7439,2,2,1, 7441
2,7443,2,2,1, 7445
1,7446,1,1,1, 7447
4,7446,4,4,1, 7450
3,7447,3,3,1, 7450
24,7449,1,1,0, 7450
25,7455,2,2,1, 7457
28,7454,5,5,1, 7459
1,7466,1,1,0, 7467
20,7463,6,6,1, 7469
4,7466,4,4,1, 7470
24,7469,1,1,0, 7470
19,7466,5,5,1, 7471
11,7474,4,4,1, 7478
24,7489,1,1,0, 7490
24,7509,1,1,0, 7510
29,7518,4,4,1, 7522
24,7529,1,1,1, 7530
7,7532,1,1,1, 7533
22,7546,4,4,1, 7550
5,7547,3,3,1, 7550
24,7549,1,1,1, 7550
23,7548,3,3,1, 7551
7,7552,1,1,0, 7553
8,7556,1,1,0, 7557
29,7558,4,4,1, 7562
14,7559,3,3,1, 7562
5,7567,3,3,1, 7570
24,7569,1,1,0, 7570
23,7568,3,3,1, 7571
21,7567,5,5,1, 7572
6,7570,2,2,1, 7572
7,7572,1,1,0, 7573
8,7576,1,1,0, 7577
16,7579,2,2,1, 7581
29,7578,4,4,1, 7582
13,7579,4,4,1, 7583
15,7581,2,2,1, 7583
1,7586,1,1,1, 7587
24,7589,1,1,1, 7590
23,7588,3,3,1, 7591
21,7587,5,5,1, 7592
7,7592,1,1,1, 7593
30,7593,3,3,1, 7596
8,7596,1,1,1, 7597
31,7596,2,2,1, 7598
16,7599,2,2,1, 7601
1,7606,1,1,0, 7607
22,7606,4,4,1, 7610
24,7609,1,1,0, 7610
23,7608,3,3,1, 7611
7,7612,1,1,1, 7613
25,7615,2,2,1, 7617
8,7616,1,1,1, 7617
26,7617,3,3,1, 7620
16,7619,2,2,1, 7621
15,7621,2,2,1, 7623
2,7623,2,2,1, 7625
1,7626,1,1,1, 7627
24,7629,1,1,0, 7630
7,7632,1,1,1, 7633
30,7633,3,3,1, 7636
8,7636,1,1,0, 7637
31,7636,2,2,1, 7638
9,7637,2,2,1, 7639
26,7637,3,3,1, 7640
14,7639,3,3,1, 7642
13,7639,4,4,1, 7643
15,7641,2,2,1, 7643
2,7643,2,2,1, 7645
18,7643,4,4,1, 7647
1,7646,1,1,1, 7647
22,7646,4,4,1, 7650
24,7649,1,1,0, 7650
6,7650,2,2,1, 7652
7,7652,1,1,1, 7653
25,7655,2,2,1, 7657
8,7656,1,1,1, 7657
9,7657,2,2,1, 7659
14,7659,3,3,1, 7662
17,7659,3,3,1, 7662
15,7661,2,2,1, 7663
2,7663,2,2,1, 7665
18,7663,4,4,1, 7667
1,7666,1,1,0, 7667
22,7666,4,4,1, 7670
5,7667,3,3,1, 7670
24,7669,1,1,0, 7670
23,7668,3,3,1, 7671
7,7672,1,1,0, 7673
25,7675,2,2,1, 7677
8,7676,1,1,1, 7677
11,7674,4,4,1, 7678
31,7676,2,2,1, 7678
26,7677,3,3,1, 7680
29,7678,4,4,1, 7682
17,7679,3,3,1, 7682
2,7683,2,2,1, 7685
18,7683,4,4,1, 7687
1,7686,1,1,1, 7687
5,7687,3,3,1, 7690
24,7689,1,1,1, 7690
6,7690,2,2,1, 7692
7,7692,1,1,0, 7693
11,7694,4,4,1, 7698
9,7697,2,2,1, 7699
26,7697,3,3,1, 7700
29,7698,4,4,1, 7702
17,7699,3,3,1, 7702
2,7703,2,2,1, 7705
18,7703,4,4,1, 7707
24,7709,1,1,0, 7710
6,7710,2,2,1, 7712
7,7712,1,1,0, 7713
30,7713,3,3,1, 7716
5,7727,3,3,1, 7730
24,7729,1,1,1, 7730
6,7730,2,2,1, 7732
7,7732,1,1,0, 7733
29,7738,4,4,1, 7742
24,7749,1,1,0, 7750
7,7752,1,1,0, 7753
30,7753,3,3,1, 7756
31,7756,2,2,1, 7758
29,7758,4,4,1, 7762
5,7767,3,3,1, 7770
24,7769,1,1,0, 7770
6,7770,2,2,1, 7772
7,7772,1,1,1, 7773
31,7776,2,2,1, 7778
29,7778,4,4,1, 7782
24,7789,1,1,1, 7790
21,7787,5,5,1, 7792
6,7790,2,2,1, 7792
7,7792,1,1,1, 7793
30,7793,3,3,1, 7796
8,7796,1,1,0, 7797
31,7796,2,2,1, 7798
29,7798,4,4,1, 7802
13,7799,4,4,1, 7803
22,7806,4,4,1, 7810
24,7809,1,1,1, 7810
21,7807,5,5,1, 7812
6,7810,2,2,1, 7812
7,7812,1,1,1, 7813
30,7813,3,3,1, 7816
25,7815,2,2,1, 7817
8,7816,1,1,1, 7817
17,7819,3,3,1, 7822
13,7819,4,4,1, 7823
15,7821,2,2,1, 7823
1,7826,1,1,1, 7827
24,7829,1,1,1, 7830
23,7828,3,3,1, 7831
21,7827,5,5,1, 7832
8,7836,1,1,1, 7837
9,7837,2,2,1, 7839
14,7839,3,3,1, 7842
17,7839,3,3,1, 7842
13,7839,4,4,1, 7843
1,7846,1,1,0, 7847
22,7846,4,4,1, 7850
24,7849,1,1,1, 7850
25,7855,2,2,1, 7857
8,7856,1,1,0, 7857
16,7859,2,2,1, 7861
14,7859,3,3,1, 7862
17,7859,3,3,1, 7862
15,7861,2,2,1, 7863
1,7866,1,1,0, 7867
22,7866,4,4,1, 7870
24,7869,1,1,0, 7870
21,7867,5,5,1, 7872
25,7875,2,2,1, 7877
8,7876,1,1,1, 7877
16,7879,2,2,1, 7881
1,7886,1,1,1, 7887
22,7886,4,4,1, 7890
24,7889,1,1,0, 7890
25,7895,2,2,1, 7897
8,7896,1,1,1, 7897
9,7897,2,2,1, 7899
26,7897,3,3,1, 7900
16,7899,2,2,1, 7901
14,7899,3,3,1, 7902
1,7906,1,1,1, 7907
22,7906,4,4,1, 7910
24,7909,1,1,1, 7910
23,7908,3,3,1, 7911
8,7916,1,1,0, 7917
9,7917,2,2,1, 7919
14,7919,3,3,1, 7922
17,7919,3,3,1, 7922
1,7926,1,1,0, 7927
24,7929,1,1,1, 7930
7,7932,1,1,1, 7933
26,7937,3,3,1, 7940
2,7943,2,2,1, 7945
1,7946,1,1,0, 7947
24,7949,1,1,1, 7950
7,7952,1,1,0, 7953
26,7957,3,3,1, 7960
2,7963,2,2,1, 7965
1,7966,1,1,1, 7967
20,7963,6,6,1, 7969
5,7967,3,3,1, 7970
24,7969,1,1,1, 7970
19,7966,5,5,1, 7971
7,7972,1,1,1, 7973
25,7975,2,2,1, 7977
31,7976,2,2,1, 7978
28,7974,5,5,1, 7979
9,7977,2,2,1, 7979
17,7979,3,3,1, 7982
1,7986,1,1,0, 7987
24,7989,1,1,1, 7990
6,7990,2,2,1, 7992
7,7992,1,1,0, 7993
30,7993,3,3,1, 7996
25,7995,2,2,1, 7997
28,7994,5,5,1, 7999
29,7998,4,4,1, 8002
1,8006,1,1,0, 8007
3,8007,3,3,1, 8010
5,8007,3,3,1, 8010
24,8009,1,1,0, 8010
7,8012,1,1,0, 8013
11,8014,4,4,1, 8018
31,8016,2,2,1, 8018
9,8017,2,2,1, 8019
12,8020,5,5,1, 8025
2,8023,2,2,1, 8025
1,8026,1,1,0, 8027
24,8029,1,1,1, 8030
19,8026,5,5,1, 8031
23,8028,3,3,1, 8031
6,8030,2,2,1, 8032
7,8032,1,1,0, 8033
30,8033,3,3,1, 8036
8,8036,1,1,1, 8037
31,8036,2,2,1, 8038
16,8039,2,2,1, 8041
17,8039,3,3,1, 8042
22,8046,4,4,1, 8050
24,8049,1,1,0, 8050
23,8048,3,3,1, 8051
21,8047,5,5,1, 8052
6,8050,2,2,1, 8052
7,8052,1,1,1, 8053
8,8056,1,1,0, 8057
15,8061,2,2,1, 8063
22,8066,4,4,1, 8070
24,8069,1,1,1, 8070
21,8067,5,5,1, 8072
7,8072,1,1,1, 8073
8,8076,1,1,0, 8077
31,8076,2,2,1, 8078
16,8079,2,2,1, 8081
13,8079,4,4,1, 8083
24,8089,1,1,1, 8090
23,8088,3,3,1, 8091
6,8090,2,2,1, 8092
7,8092,1,1,1, 8093
8,8096,1,1,1, 8097
31,8096,2,2,1, 8098
16,8099,2,2,1, 8101
14,8099,3,3,1, 8102
22,8106,4,4,1, 8110
24,8109,1,1,0, 8110
23,8108,3,3,1, 8111
7,8112,1,1,0, 8113
8,8116,1,1,1, 8117
31,8116,2,2,1, 8118
16,8119,2,2,1, 8121
29,8118,4,4,1, 8122
22,8126,4,4,1, 8130
5,8127,3,3,1, 8130
24,8129,1,1,0, 8130
23,8128,3,3,1, 8131
21,8127,5,5,1, 8132
6,8130,2,2,1, 8132
7,8132,1,1,0, 8133
8,8136,1,1,0, 8137
29,8138,4,4,1, 8142
13,8139,4,4,1, 8143
15,8141,2,2,1, 8143
1,8146,1,1,0, 8147
22,8146,4,4,1, 8150
5,8147,3,3,1, 8150
24,8149,1,1,1, 8150
23,8148,3,3,1, 8151
7,8152,1,1,1, 8153
8,8156,1,1,0, 8157
31,8156,2,2,1, 8158
9,8157,2,2,1, 8159
16,8159,2,2,1, 8161
17,8159,3,3,1, 8162
1,8166,1,1,0, 8167
5,8167,3,3,1, 8170
24,8169,1,1,1, 8170
7,8172,1,1,0, 8173
30,8173,3,3,1, 8176
17,8179,3,3,1, 8182
1,8186,1,1,0, 8187
24,8189,1,1,0, 8190
6,8190,2,2,1, 8192
7,8192,1,1,0, 8193
30,8193,3,3,1, 8196
31,8196,2,2,1, 8198
29,8198,4,4,1, 8202
1,8206,1,1,0, 8207
24,8209,1,1,1, 8210
7,8212,1,1,1, 8213
30,8213,3,3,1, 8216
1,8226,1,1,0, 8227
5,8227,3,3,1, 8230
24,8229,1,1,0, 8230
7,8232,1,1,0, 8233
2,8243,2,2,1, 8245
18,8243,4,4,1, 8247
1,8246,1,1,1, 8247
5,8247,3,3,1, 8250
24,8249,1,1,1, 8250
7,8252,1,1,0, 8253
9,8257,2,2,1, 8259
26,8257,3,3,1, 8260
29,8258,4,4,1, 8262
12,8260,5,5,1, 8265
2,8263,2,2,1, 8265
1,8266,1,1,1, 8267
20,8263,6,6,1, 8269
4,8266,4,4,1, 8270
5,8267,3,3,1, 8270
24,8269,1,1,0, 8270
23,8268,3,3,1, 8271
21,8267,5,5,1, 8272
7,8272,1,1,1, 8273
30,8273,3,3,1, 8276
8,8276,1,1,0, 8277
28,8274,5,5,1, 8279
9,8277,2,2,1, 8279
26,8277,3,3,1, 8280
29,8278,4,4,1, 8282
17,8279,3,3,1, 8282
15,8281,2,2,1, 8283
18,8283,4,4,1, 8287
1,8286,1,1,0, 8287
20,8283,6,6,1, 8289
4,8286,4,4,1, 8290
22,8286,4,4,1, 8290
3,8287,3,3,1, 8290
24,8289,1,1,1, 8290
19,8286,5,5,1, 8291
23,8288,3,3,1, 8291
6,8290,2,2,1, 8292
7,8292,1,1,0, 8293
30,8293,3,3,1, 8296
8,8296,1,1,1, 8297
31,8296,2,2,1, 8298
9,8297,2,2,1, 8299
16,8299,2,2,1, 8301
14,8299,3,3,1, 8302
17,8299,3,3,1, 8302
15,8301,2,2,1, 8303
12,8300,5,5,1, 8305
18,8303,4,4,1, 8307
1,8306,1,1,0, 8307
4,8306,4,4,1, 8310
22,8306,4,4,1, 8310
24,8309,1,1,1, 8310
21,8307,5,5,1, 8312
6,8310,2,2,1, 8312
7,8312,1,1,1, 8313
25,8315,2,2,1, 8317
8,8316,1,1,1, 8317
11,8314,4,4,1, 8318
16,8319,2,2,1, 8321
13,8319,4,4,1, 8323
15,8321,2,2,1, 8323
5,8327,3,3,1, 8330
24,8329,1,1,0, 8330
23,8328,3,3,1, 8331
7,8332,1,1,1, 8333
30,8333,3,3,1, 8336
8,8336,1,1,0, 8337
31,8336,2,2,1, 8338
13,8339,4,4,1, 8343
15,8341,2,2,1, 8343
24,8349,1,1,0, 8350
23,8348,3,3,1, 8351
7,8352,1,1,0, 8353
30,8353,3,3,1, 8356
8,8356,1,1,1, 8357
31,8356,2,2,1, 8358
29,8358,4,4,1, 8362
14,8359,3,3,1, 8362
15,8361,2,2,1, 8363
5,8367,3,3,1, 8370
24,8369,1,1,1, 8370
23,8368,3,3,1, 8371
21,8367,5,5,1, 8372
7,8372,1,1,1, 8373
8,8376,1,1,1, 8377
31,8376,2,2,1, 8378
14,8379,3,3,1, 8382
24,8389,1,1,0, 8390
24,8409,1,1,0, 8410
1,8426,1,1,0, 8427
24,8429,1,1,0, 8430
25,8435,2,2,1, 8437
17,8439,3,3,1, 8442
1,8446,1,1,0, 8447
24,8449,1,1,0, 8450
25,8455,2,2,1, 8457
9,8457,2,2,1, 8459
17,8459,3,3,1, 8462
1,8466,1,1,1, 8467
24,8469,1,1,0, 8470
25,8475,2,2,1, 8477
26,8477,3,3,1, 8480
17,8479,3,3,1, 8482
2,8483,2,2,1, 8485
1,8486,1,1,0, 8487
24,8489,1,1,0, 8490
7,8492,1,1,0, 8493
30,8493,3,3,1, 8496
8,8496,1,1,0, 8497
31,8496,2,2,1, 8498
26,8497,3,3,1, 8500
29,8498,4,4,1, 8502
15,8501,2,2,1, 8503
12,8500,5,5,1, 8505
1,8506,1,1,0, 8507
20,8503,6,6,1, 8509
22,8506,4,4,1, 8510
24,8509,1,1,1, 8510
19,8506,5,5,1, 8511
23,8508,3,3,1, 8511
6,8510,2,2,1, 8512
7,8512,1,1,1, 8513
8,8516,1,1,1, 8517
11,8514,4,4,1, 8518
31,8516,2,2,1, 8518
28,8514,5,5,1, 8519
9,8517,2,2,1, 8519
26,8517,3,3,1, 8520
17,8519,3,3,1, 8522
15,8521,2,2,1, 8523
2,8523,2,2,1, 8525
18,8523,4,4,1, 8527
1,8526,1,1,0, 8527
22,8526,4,4,1, 8530
3,8527,3,3,1, 8530
24,8529,1,1,0, 8530
21,8527,5,5,1, 8532
7,8532,1,1,1, 8533
30,8533,3,3,1, 8536
8,8536,1,1,1, 8537
31,8536,2,2,1, 8538
29,8538,4,4,1, 8542
15,8541,2,2,1, 8543
22,8546,4,4,1, 8550
5,8547,3,3,1, 8550
24,8549,1,1,1, 8550
23,8548,3,3,1, 8551
6,8550,2,2,1, 8552
7,8552,1,1,0, 8553
8,8556,1,1,0, 8557
31,8556,2,2,1, 8558
29,8558,4,4,1, 8562
14,8559,3,3,1, 8562
22,8566,4,4,1, 8570
5,8567,3,3,1, 8570
24,8569,1,1,0, 8570
7,8572,1,1,0, 8573
8,8576,1,1,1, 8577
29,8578,4,4,1, 8582
13,8579,4,4,1, 8583
15,8581,2,2,1, 8583
24,8589,1,1,1, 8590
21,8587,5,5,1, 8592
7,8592,1,1,1, 8593
8,8596,1,1,1, 8597
15,8601,2,2,1, 8603
24,8609,1,1,1, 8610
23,8608,3,3,1, 8611
21,8607,5,5,1, 8612
7,8612,1,1,0, 8613
8,8616,1,1,1, 8617
16,8619,2,2,1, 8621
14,8619,3,3,1, 8622
13,8619,4,4,1, 8623
15,8621,2,2,1, 8623
22,8626,4,4,1, 8630
24,8629,1,1,1, 8630
7,8632,1,1,0, 8633
25,8635,2,2,1, 8637
8,8636,1,1,0, 8637
9,8637,2,2,1, 8639
16,8639,2,2,1, 8641
17,8639,3,3,1, 8642
1,8646,1,1,0, 8647
24,8649,1,1,1, 8650
7,8652,1,1,1, 8653
25,8655,2,2,1, 8657
8,8656,1,1,0, 8657
31,8656,2,2,1, 8658
9,8657,2,2,1, 8659
17,8659,3,3,1, 8662
13,8659,4,4,1, 8663
1,8666,1,1,1, 8667
22,8666,4,4,1, 8670
24,8669,1,1,1, 8670
23,8668,3,3,1, 8671
21,8667,5,5,1, 8672
7,8672,1,1,0, 8673
25,8675,2,2,1, 8677
8,8676,1,1,0, 8677
31,8676,2,2,1, 8678
14,8679,3,3,1, 8682
17,8679,3,3,1, 8682
13,8679,4,4,1, 8683
1,8686,1,1,0, 8687
5,8687,3,3,1, 8690
24,8689,1,1,0, 8690
7,8692,1,1,0, 8693
31,8696,2,2,1, 8698
26,8697,3,3,1, 8700
29,8698,4,4,1, 8702
2,8703,2,2,1, 8705
18,8703,4,4,1, 8707
1,8706,1,1,0, 8707
24,8709,1,1,0, 8710
7,8712,1,1,0, 8713
31,8716,2,2,1, 8718
9,8717,2,2,1, 8719
2,8723,2,2,1, 8725
18,8723,4,4,1, 8727
1,8726,1,1,1, 8727
24,8729,1,1,1, 8730
7,8732,1,1,1, 8733
31,8736,2,2,1, 8738
9,8737,2,2,1, 8739
17,8739,3,3,1, 8742
12,8740,5,5,1, 8745
2,8743,2,2,1, 8745
18,8743,4,4,1, 8747
1,8746,1,1,1, 8747
20,8743,6,6,1, 8749
4,8746,4,4,1, 8750
5,8747,3,3,1, 8750
24,8749,1,1,0, 8750
19,8746,5,5,1, 8751
7,8752,1,1,0, 8753
27,8752,4,4,1, 8756
30,8753,3,3,1, 8756
31,8756,2,2,1, 8758
9,8757,2,2,1, 8759
5,8767,3,3,1, 8770
24,8769,1,1,0, 8770
6,8770,2,2,1, 8772
7,8772,1,1,1, 8773
30,8773,3,3,1, 8776
31,8776,2,2,1, 8778
24,8789,1,1,1, 8790
7,8792,1,1,0, 8793
30,8793,3,3,1, 8796
8,8796,1,1,0, 8797
31,8796,2,2,1, 8798
13,8799,4,4,1, 8803
15,8801,2,2,1, 8803
24,8809,1,1,0, 8810
7,8812,1,1,1, 8813
8,8816,1,1,1, 8817
31,8816,2,2,1, 8818
16,8819,2,2,1, 8821
14,8819,3,3,1, 8822
15,8821,2,2,1, 8823
24,8829,1,1,1, 8830
6,8830,2,2,1, 8832
7,8832,1,1,0, 8833
8,8836,1,1,0, 8837
16,8839,2,2,1, 8841
29,8838,4,4,1, 8842
13,8839,4,4,1, 8843
5,8847,3,3,1, 8850
24,8849,1,1,0, 8850
21,8847,5,5,1, 8852
7,8852,1,1,0, 8853
30,8853,3,3,1, 8856
8,8856,1,1,0, 8857
14,8859,3,3,1, 8862
1,8866,1,1,1, 8867
24,8869,1,1,0, 8870
7,8872,1,1,1, 8873
30,8873,3,3,1, 8876
25,8875,2,2,1, 8877
8,8876,1,1,0, 8877
16,8879,2,2,1, 8881
29,8878,4,4,1, 8882
17,8879,3,3,1, 8882
13,8879,4,4,1, 8883
1,8886,1,1,0, 8887
24,8889,1,1,0, 8890
23,8888,3,3,1, 8891
6,8890,2,2,1, 8892
7,8892,1,1,1, 8893
8,8896,1,1,0, 8897
16,8899,2,2,1, 8901
29,8898,4,4,1, 8902
17,8899,3,3,1, 8902
13,8899,4,4,1, 8903
15,8901,2,2,1, 8903
18,8903,4,4,1, 8907
1,8906,1,1,0, 8907
22,8906,4,4,1, 8910
24,8909,1,1,1, 8910
21,8907,5,5,1, 8912
7,8912,1,1,0, 8913
30,8913,3,3,1, 8916
25,8915,2,2,1, 8917
8,8916,1,1,1, 8917
31,8916,2,2,1, 8918
9,8917,2,2,1, 8919
26,8917,3,3,1, 8920
15,8921,2,2,1, 8923
2,8923,2,2,1, 8925
18,8923,4,4,1, 8927
1,8926,1,1,1, 8927
22,8926,4,4,1, 8930
5,8927,3,3,1, 8930
24,8929,1,1,0, 8930
21,8927,5,5,1, 8932
6,8930,2,2,1, 8932
7,8932,1,1,0, 8933
30,8933,3,3,1, 8936
8,8936,1,1,0, 8937
31,8936,2,2,1, 8938
26,8937,3,3,1, 8940
29,8938,4,4,1, 8942
14,8939,3,3,1, 8942
17,8939,3,3,1, 8942
13,8939,4,4,1, 8943
2,8943,2,2,1, 8945
1,8946,1,1,0, 8947
4,8946,4,4,1, 8950
24,8949,1,1,0, 8950
21,8947,5,5,1, 8952
6,8950,2,2,1, 8952
7,8952,1,1,1, 8953
8,8956,1,1,1, 8957
31,8956,2,2,1, 8958
16,8959,2,2,1, 8961
2,8963,2,2,1, 8965
1,8966,1,1,0, 8967
4,8966,4,4,1, 8970
22,8966,4,4,1, 8970
3,8967,3,3,1, 8970
24,8969,1,1,0, 8970
21,8967,5,5,1, 8972
7,8972,1,1,0, 8973
8,8976,1,1,0, 8977
11,8974,4,4,1, 8978
28,8974,5,5,1, 8979
9,8977,2,2,1, 8979
16,8979,2,2,1, 8981
13,8979,4,4,1, 8983
1,8986,1,1,1, 8987
4,8986,4,4,1, 8990
5,8987,3,3,1, 8990
24,8989,1,1,0, 8990
19,8986,5,5,1, 8991
7,8992,1,1,0, 8993
27,8992,4,4,1, 8996
9,8997,2,2,1, 8999
26,8997,3,3,1, 9000
5,9007,3,3,1, 9010
24,9009,1,1,1, 9010
7,9012,1,1,0, 9013
5,9027,3,3,1, 9030
24,9029,1,1,0, 9030
7,9032,1,1,1, 9033
31,9036,2,2,1, 9038
29,9038,4,4,1, 9042
24,9049,1,1,0, 9050
6,9050,2,2,1, 9052
7,9052,1,1,0, 9053
30,9053,3,3,1, 9056
31,9056,2,2,1, 9058
24,9069,1,1,0, 9070
7,9072,1,1,0, 9073
30,9073,3,3,1, 9076
31,9076,2,2,1, 9078
22,9086,4,4,1, 9090
24,9089,1,1,1, 9090
23,9088,3,3,1, 9091
21,9087,5,5,1, 9092
8,9096,1,1,1, 9097
16,9099,2,2,1, 9101
13,9099,4,4,1, 9103
15,9101,2,2,1, 9103
1,9106,1,1,1, 9107
24,9109,1,1,1, 9110
8,9116,1,1,0, 9117
14,9119,3,3,1, 9122
13,9119,4,4,1, 9123
1,9126,1,1,1, 9127
22,9126,4,4,1, 9130
24,9129,1,1,0, 9130
25,9135,2,2,1, 9137
8,9136,1,1,0, 9137
13,9139,4,4,1, 9143
1,9146,1,1,0, 9147
22,9146,4,4,1, 9150
24,9149,1,1,1, 9150
23,9148,3,3,1, 9151
8,9156,1,1,0, 9157
26,9157,3,3,1, 9160
17,9159,3,3,1, 9162
1,9166,1,1,1, 9167
24,9169,1,1,1, 9170
19,9166,5,5,1, 9171
23,9168,3,3,1, 9171
21,9167,5,5,1, 9172
25,9175,2,2,1, 9177
8,9176,1,1,0, 9177
9,9177,2,2,1, 9179
26,9177,3,3,1, 9180
29,9178,4,4,1, 9182
15,9181,2,2,1, 9183
2,9183,2,2,1, 9185
1,9186,1,1,0, 9187
4,9186,4,4,1, 9190
22,9186,4,4,1, 9190
3,9187,3,3,1, 9190
5,9187,3,3,1, 9190
24,9189,1,1,0, 9190
19,9186,5,5,1, 9191
21,9187,5,5,1, 9192
7,9192,1,1,0, 9193
30,9193,3,3,1, 9196
8,9196,1,1,0, 9197
31,9196,2,2,1, 9198
9,9197,2,2,1, 9199
26,9197,3,3,1, 9200
16,9199,2,2,1, 9201
29,9198,4,4,1, 9202
14,9199,3,3,1, 9202
17,9199,3,3,1, 9202
13,9199,4,4,1, 9203
15,9201,2,2,1, 9203
2,9203,2,2,1, 9205
1,9206,1,1,0, 9207
20,9203,6,6,1, 9209
22,9206,4,4,1, 9210
24,9209,1,1,1, 9210
23,9208,3,3,1, 9211
21,9207,5,5,1, 9212
7,9212,1,1,1, 9213
27,9212,4,4,1, 9216
30,9213,3,3,1, 9216
25,9215,2,2,1, 9217
11,9214,4,4,1, 9218
31,9216,2,2,1, 9218
28,9214,5,5,1, 9219
9,9217,2,2,1, 9219
17,9219,3,3,1, 9222
2,9223,2,2,1, 9225
24,9229,1,1,1, 9230
6,9230,2,2,1, 9232
7,9232,1,1,0, 9233
5,9247,3,3,1, 9250
24,9249,1,1,1, 9250
6,9250,2,2,1, 9252
7,9252,1,1,0, 9253
30,9253,3,3,1, 9256
31,9256,2,2,1, 9258
5,9267,3,3,1, 9270
24,9269,1,1,0, 9270
7,9272,1,1,0, 9273
5,9287,3,3,1, 9290
24,9289,1,1,1, 9290
6,9290,2,2,1, 9292
7,9292,1,1,1, 9293
24,9309,1,1,0, 9310
6,9310,2,2,1, 9312
7,9312,1,1,0, 9313
8,9316,1,1,1, 9317
16,9319,2,2,1, 9321
29,9318,4,4,1, 9322
14,9319,3,3,1, 9322
13,9319,4,4,1, 9323
24,9329,1,1,1, 9330
23,9328,3,3,1, 9331
21,9327,5,5,1, 9332
7,9332,1,1,1, 9333
30,9333,3,3,1, 9336
8,9336,1,1,1, 9337
31,9336,2,2,1, 9338
9,9337,2,2,1, 9339
17,9339,3,3,1, 9342
13,9339,4,4,1, 9343
15,9341,2,2,1, 9343
1,9346,1,1,0, 9347
22,9346,4,4,1, 9350
5,9347,3,3,1, 9350
24,9349,1,1,0, 9350
23,9348,3,3,1, 9351
6,9350,2,2,1, 9352
7,9352,1,1,0, 9353
25,9355,2,2,1, 9357
8,9356,1,1,0, 9357
9,9357,2,2,1, 9359
16,9359,2,2,1, 9361
14,9359,3,3,1, 9362
15,9361,2,2,1, 9363
1,9366,1,1,1, 9367
22,9366,4,4,1, 9370
24,9369,1,1,1, 9370
21,9367,5,5,1, 9372
7,9372,1,1,0, 9373
8,9376,1,1,1, 9377
26,9377,3,3,1, 9380
29,9378,4,4,1, 9382
14,9379,3,3,1, 9382
15,9381,2,2,1, 9383
1,9386,1,1,0, 9387
24,9389,1,1,1, 9390
21,9387,5,5,1, 9392
7,9392,1,1,1, 9393
25,9395,2,2,1, 9397
8,9396,1,1,1, 9397
31,9396,2,2,1, 9398
26,9397,3,3,1, 9400
16,9399,2,2,1, 9401
29,9398,4,4,1, 9402
14,9399,3,3,1, 9402
17,9399,3,3,1, 9402
15,9401,2,2,1, 9403
2,9403,2,2,1, 9405
1,9406,1,1,0, 9407
22,9406,4,4,1, 9410
24,9409,1,1,0, 9410
23,9408,3,3,1, 9411
6,9410,2,2,1, 9412
7,9412,1,1,1, 9413
25,9415,2,2,1, 9417
8,9416,1,1,1, 9417
31,9416,2,2,1, 9418
26,9417,3,3,1, 9420
16,9419,2,2,1, 9421
17,9419,3,3,1, 9422
2,9423,2,2,1, 9425
18,9423,4,4,1, 9427
1,9426,1,1,1, 9427
20,9423,6,6,1, 9429
4,9426,4,4,1, 9430
24,9429,1,1,1, 9430
19,9426,5,5,1, 9431
7,9432,1,1,1, 9433
27,9432,4,4,1, 9436
25,9435,2,2,1, 9437
11,9434,4,4,1, 9438
28,9434,5,5,1, 9439
17,9439,3,3,1, 9442
1,9446,1,1,0, 9447
20,9443,6,6,1, 9449
24,9449,1,1,0, 9450
6,9450,2,2,1, 9452
7,9452,1,1,0, 9453
5,9467,3,3,1, 9470
24,9469,1,1,1, 9470
7,9472,1,1,0, 9473
30,9473,3,3,1, 9476
31,9476,2,2,1, 9478
24,9489,1,1,0, 9490
7,9492,1,1,0, 9493
31,9496,2,2,1, 9498
29,9498,4,4,1, 9502
24,9509,1,1,1, 9510
6,9510,2,2,1, 9512
7,9512,1,1,0, 9513
30,9513,3,3,1, 9516
31,9516,2,2,1, 9518
29,9518,4,4,1, 9522
24,9529,1,1,1, 9530
21,9527,5,5,1, 9532
6,9530,2,2,1, 9532
7,9532,1,1,1, 9533
30,9533,3,3,1, 9536
8,9536,1,1,1, 9537
31,9536,2,2,1, 9538
29,9538,4,4,1, 9542
13,9539,4,4,1, 9543
15,9541,2,2,1, 9543
22,9546,4,4,1, 9550
24,9549,1,1,1, 9550
8,9556,1,1,1, 9557
9,9557,2,2,1, 9559
13,9559,4,4,1, 9563
15,9561,2,2,1, 9563
1,9566,1,1,0, 9567
24,9569,1,1,1, 9570
23,9568,3,3,1, 9571
21,9567,5,5,1, 9572
25,9575,2,2,1, 9577
8,9576,1,1,1, 9577
17,9579,3,3,1, 9582
1,9586,1,1,0, 9587
24,9589,1,1,1, 9590
23,9588,3,3,1, 9591
25,9595,2,2,1, 9597
8,9596,1,1,0, 9597
9,9597,2,2,1, 9599
14,9599,3,3,1, 9602
17,9599,3,3,1, 9602
15,9601,2,2,1, 9603
1,9606,1,1,0, 9607
24,9609,1,1,0, 9610
8,9616,1,1,1, 9617
9,9617,2,2,1, 9619
14,9619,3,3,1, 9622
17,9619,3,3,1, 9622
1,9626,1,1,1, 9627
22,9626,4,4,1, 9630
24,9629,1,1,0, 9630
23,9628,3,3,1, 9631
8,9636,1,1,0, 9637
9,9637,2,2,1, 9639
26,9637,3,3,1, 9640
15,9641,2,2,1, 9643
18,9643,4,4,1, 9647
1,9646,1,1,1, 9647
24,9649,1,1,1, 9650
23,9648,3,3,1, 9651
7,9652,1,1,1, 9653
27,9652,4,4,1, 9656
25,9655,2,2,1, 9657
8,9656,1,1,1, 9657
28,9654,5,5,1, 9659
26,9657,3,3,1, 9660
17,9659,3,3,1, 9662
15,9661,2,2,1, 9663
12,9660,5,5,1, 9665
18,9663,4,4,1, 9667
1,9666,1,1,0, 9667
3,9667,3,3,1, 9670
5,9667,3,3,1, 9670
24,9669,1,1,0, 9670
19,9666,5,5,1, 9671
6,9670,2,2,1, 9672
7,9672,1,1,1, 9673
27,9672,4,4,1, 9676
30,9673,3,3,1, 9676
8,9676,1,1,1, 9677
31,9676,2,2,1, 9678
28,9674,5,5,1, 9679
9,9677,2,2,1, 9679
14,9679,3,3,1, 9682
13,9679,4,4,1, 9683
2,9683,2,2,1, 9685
1,9686,1,1,0, 9687
22,9686,4,4,1, 9690
24,9689,1,1,0, 9690
21,9687,5,5,1, 9692
7,9692,1,1,0, 9693
27,9692,4,4,1, 9696
8,9696,1,1,1, 9697
31,9696,2,2,1, 9698
14,9699,3,3,1, 9702
15,9701,2,2,1, 9703
5,9707,3,3,1, 9710
24,9709,1,1,0, 9710
23,9708,3,3,1, 9711
6,9710,2,2,1, 9712
7,9712,1,1,0, 9713
8,9716,1,1,0, 9717
16,9719,2,2,1, 9721
29,9718,4,4,1, 9722
14,9719,3,3,1, 9722
13,9719,4,4,1, 9723
24,9729,1,1,1, 9730
6,9730,2,2,1, 9732
7,9732,1,1,1, 9733
31,9736,2,2,1, 9738
24,9749,1,1,0, 9750
7,9752,1,1,1, 9753
30,9753,3,3,1, 9756
31,9756,2,2,1, 9758
29,9758,4,4,1, 9762
24,9769,1,1,1, 9770
6,9770,2,2,1, 9772
7,9772,1,1,0, 9773
30,9773,3,3,1, 9776
29,9778,4,4,1, 9782
24,9789,1,1,1, 9790
7,9792,1,1,1, 9793
30,9793,3,3,1, 9796
31,9796,2,2,1, 9798
9,9797,2,2,1, 9799
17,9799,3,3,1, 9802
1,9806,1,1,1, 9807
24,9809,1,1,0, 9810
7,9812,1,1,1, 9813
1,9826,1,1,1, 9827
22,9826,4,4,1, 9830
24,9829,1,1,1, 9830
23,9828,3,3,1, 9831
21,9827,5,5,1, 9832
7,9832,1,1,1, 9833
25,9835,2,2,1, 9837
8,9836,1,1,1, 9837
31,9836,2,2,1, 9838
9,9837,2,2,1, 9839
17,9839,3,3,1, 9842
1,9846,1,1,1, 9847
5,9847,3,3,1, 9850
24,9849,1,1,1, 9850
23,9848,3,3,1, 9851
21,9847,5,5,1, 9852
6,9850,2,2,1, 9852
7,9852,1,1,1, 9853
8,9856,1,1,1, 9857
14,9859,3,3,1, 9862
13,9859,4,4,1, 9863
2,9863,2,2,1, 9865
1,9866,1,1,1, 9867
24,9869,1,1,0, 9870
23,9868,3,3,1, 9871
7,9872,1,1,0, 9873
8,9876,1,1,0, 9877
26,9877,3,3,1, 9880
17,9879,3,3,1, 9882
15,9881,2,2,1, 9883
1,9886,1,1,0, 9887
20,9883,6,6,1, 9889
4,9886,4,4,1, 9890
3,9887,3,3,1, 9890
5,9887,3,3,1, 9890
24,9889,1,1,1, 9890
19,9886,5,5,1, 9891
21,9887,5,5,1, 9892
6,9890,2,2,1, 9892
7,9892,1,1,1, 9893
25,9895,2,2,1, 9897
8,9896,1,1,0, 9897
31,9896,2,2,1, 9898
28,9894,5,5,1, 9899
9,9897,2,2,1, 9899
16,9899,2,2,1, 9901
17,9899,3,3,1, 9902
13,9899,4,4,1, 9903
15,9901,2,2,1, 9903
2,9903,2,2,1, 9905
1,9906,1,1,0, 9907
22,9906,4,4,1, 9910
24,9909,1,1,1, 9910
19,9906,5,5,1, 9911
21,9907,5,5,1, 9912
6,9910,2,2,1, 9912
7,9912,1,1,1, 9913
30,9913,3,3,1, 9916
25,9915,2,2,1, 9917
8,9916,1,1,1, 9917
28,9914,5,5,1, 9919
16,9919,2,2,1, 9921
29,9918,4,4,1, 9922
14,9919,3,3,1, 9922
17,9919,3,3,1, 9922
15,9921,2,2,1, 9923
12,9920,5,5,1, 9925
2,9923,2,2,1, 9925
18,9923,4,4,1, 9927
24,9929,1,1,1, 9930
21,9927,5,5,1, 9932
7,9932,1,1,0, 9933
8,9936,1,1,1, 9937
16,9939,2,2,1, 9941
14,9939,3,3,1, 9942
13,9939,4,4,1, 9943
22,9946,4,4,1, 9950
5,9947,3,3,1, 9950
24,9949,1,1,1, 9950
6,9950,2,2,1, 9952
7,9952,1,1,0, 9953
30,9953,3,3,1, 9956
24,9969,1,1,0, 9970
6,9970,2,2,1, 9972
7,9972,1,1,1, 9973
30,9973,3,3,1, 9976
24,9989,1,1,0, 9990
7,9992,1,1,0, 9993
30,9993,3,3,1, 9996
31,9996,2,2,1, 9998
24,10009,1,1,0, 10010
7,10012,1,1,1, 10013
31,10016,2,2,1, 10018
29,10018,4,4,1, 10022
5,10027,3,3,1, 10030
24,10029,1,1,1, 10030
7,10032,1,1,0, 10033
25,10035,2,2,1, 10037
9,10037,2,2,1, 10039
29,10038,4,4,1, 10042
17,10039,3,3,1, 10042
1,10046,1,1,0, 10047
24,10049,1,1,1, 10050
21,10047,5,5,1, 10052
7,10052,1,1,1, 10053
25,10055,2,2,1, 10057
8,10056,1,1,1, 10057
9,10057,2,2,1, 10059
16,10059,2,2,1, 10061
29,10058,4,4,1, 10062
17,10059,3,3,1, 10062
13,10059,4,4,1, 10063
1,10066,1,1,0, 10067
24,10069,1,1,0, 10070
23,10068,3,3,1, 10071
21,10067,5,5,1, 10072
7,10072,1,1,0, 10073
30,10073,3,3,1, 10076
8,10076,1,1,1, 10077
31,10076,2,2,1, 10078
9,10077,2,2,1, 10079
16,10079,2,2,1, 10081
14,10079,3,3,1, 10082
17,10079,3,3,1, 10082
15,10081,2,2,1, 10083
2,10083,2,2,1, 10085
1,10086,1,1,0, 10087
22,10086,4,4,1, 10090
24,10089,1,1,1, 10090
21,10087,5,5,1, 10092
6,10090,2,2,1, 10092
7,10092,1,1,1, 10093
30,10093,3,3,1, 10096
25,10095,2,2,1, 10097
8,10096,1,1,0, 10097
31,10096,2,2,1, 10098
26,10097,3,3,1, 10100
16,10099,2,2,1, 10101
29,10098,4,4,1, 10102
14,10099,3,3,1, 10102
17,10099,3,3,1, 10102
13,10099,4,4,1, 10103
18,10103,4,4,1, 10107
1,10106,1,1,1, 10107
22,10106,4,4,1, 10110
5,10107,3,3,1, 10110
24,10109,1,1,1, 10110
7,10112,1,1,1, 10113
30,10113,3,3,1, 10116
25,10115,2,2,1, 10117
8,10116,1,1,0, 10117
9,10117,2,2,1, 10119
26,10117,3,3,1, 10120
16,10119,2,2,1, 10121
14,10119,3,3,1, 10122
17,10119,3,3,1, 10122
15,10121,2,2,1, 10123
12,10120,5,5,1, 10125
2,10123,2,2,1, 10125
18,10123,4,4,1, 10127
1,10126,1,1,1, 10127
20,10123,6,6,1, 10129
4,10126,4,4,1, 10130
22,10126,4,4,1, 10130
24,10129,1,1,1, 10130
27,10132,4,4,1, 10136
8,10136,1,1,0, 10137
16,10139,2,2,1, 10141
22,10146,4,4,1, 10150
24,10149,1,1,1, 10150
8,10156,1,1,1, 10157
16,10159,2,2,1, 10161
14,10159,3,3,1, 10162
24,10169,1,1,0, 10170
24,10189,1,1,0, 10190
24,10209,1,1,0, 10210
29,10218,4,4,1, 10222
24,10229,1,1,1, 10230
7,10232,1,1,0, 10233
30,10233,3,3,1, 10236
31,10236,2,2,1, 10238
29,10238,4,4,1, 10242
1,10246,1,1,0, 10247
5,10247,3,3,1, 10250
24,10249,1,1,1, 10250
6,10250,2,2,1, 10252
7,10252,1,1,0, 10253
25,10255,2,2,1, 10257
9,10257,2,2,1, 10259
1,10266,1,1,1, 10267
5,10267,3,3,1, 10270
24,10269,1,1,0, 10270
6,10270,2,2,1, 10272
7,10272,1,1,1, 10273
30,10273,3,3,1, 10276
25,10275,2,2,1, 10277
8,10276,1,1,0, 10277
31,10276,2,2,1, 10278
13,10279,4,4,1, 10283
18,10283,4,4,1, 10287
1,10286,1,1,0, 10287
24,10289,1,1,1, 10290
6,10290,2,2,1, 10292
7,10292,1,1,0, 10293
30,10293,3,3,1, 10296
8,10296,1,1,0, 10297
16,10299,2,2,1, 10301
29,10298,4,4,1, 10302
17,10299,3,3,1, 10302
1,10306,1,1,1, 10307
20,10303,6,6,1, 10309
3,10307,3,3,1, 10310
5,10307,3,3,1, 10310
24,10309,1,1,1, 10310
21,10307,5,5,1, 10312
7,10312,1,1,0, 10313
27,10312,4,4,1, 10316
30,10313,3,3,1, 10316
25,10315,2,2,1, 10317
8,10316,1,1,1, 10317
31,10316,2,2,1, 10318
9,10317,2,2,1, 10319
16,10319,2,2,1, 10321
14,10319,3,3,1, 10322
17,10319,3,3,1, 10322
13,10319,4,4,1, 10323
15,10321,2,2,1, 10323
12,10320,5,5,1, 10325
2,10323,2,2,1, 10325
1,10326,1,1,1, 10327
20,10323,6,6,1, 10329
4,10326,4,4,1, 10330
22,10326,4,4,1, 10330
3,10327,3,3,1, 10330
5,10327,3,3,1, 10330
24,10329,1,1,1, 10330
19,10326,5,5,1, 10331
21,10327,5,5,1, 10332
7,10332,1,1,0, 10333
8,10336,1,1,1, 10337
31,10336,2,2,1, 10338
28,10334,5,5,1, 10339
9,10337,2,2,1, 10339
16,10339,2,2,1, 10341
14,10339,3,3,1, 10342
17,10339,3,3,1, 10342
15,10341,2,2,1, 10343
12,10340,5,5,1, 10345
1,10346,1,1,0, 10347
20,10343,6,6,1, 10349
22,10346,4,4,1, 10350
5,10347,3,3,1, 10350
24,10349,1,1,0, 10350
23,10348,3,3,1, 10351
21,10347,5,5,1, 10352
6,10350,2,2,1, 10352
7,10352,1,1,1, 10353
8,10356,1,1,1, 10357
13,10359,4,4,1, 10363
15,10361,2,2,1, 10363
22,10366,4,4,1, 10370
24,10369,1,1,0, 10370
21,10367,5,5,1, 10372
6,10370,2,2,1, 10372
7,10372,1,1,0, 10373
30,10373,3,3,1, 10376
8,10376,1,1,1, 10377
31,10376,2,2,1, 10378
15,10381,2,2,1, 10383
22,10386,4,4,1, 10390
5,10387,3,3,1, 10390
24,10389,1,1,1, 10390
23,10388,3,3,1, 10391
6,10390,2,2,1, 10392
7,10392,1,1,1, 10393
30,10393,3,3,1, 10396
8,10396,1,1,0, 10397
16,10399,2,2,1, 10401
13,10399,4,4,1, 10403
24,10409,1,1,1, 10410
24,10429,1,1,0, 10430
24,10449,1,1,1, 10450
17,10459,3,3,1, 10462
1,10466,1,1,1, 10467
24,10469,1,1,0, 10470
25,10475,2,2,1, 10477
9,10477,2,2,1, 10479
1,10486,1,1,1, 10487
24,10489,1,1,1, 10490
25,10495,2,2,1, 10497
29,10498,4,4,1, 10502
17,10499,3,3,1, 10502
2,10503,2,2,1, 10505
18,10503,4,4,1, 10507
1,10506,1,1,1, 10507
24,10509,1,1,0, 10510
21,10507,5,5,1, 10512
7,10512,1,1,0, 10513
8,10516,1,1,0, 10517
31,10516,2,2,1, 10518
26,10517,3,3,1, 10520
16,10519,2,2,1, 10521
14,10519,3,3,1, 10522
15,10521,2,2,1, 10523
2,10523,2,2,1, 10525
18,10523,4,4,1, 10527
1,10526,1,1,1, 10527
22,10526,4,4,1, 10530
24,10529,1,1,0, 10530
19,10526,5,5,1, 10531
23,10528,3,3,1, 10531
7,10532,1,1,1, 10533
27,10532,4,4,1, 10536
25,10535,2,2,1, 10537
8,10536,1,1,1, 10537
31,10536,2,2,1, 10538
9,10537,2,2,1, 10539
16,10539,2,2,1, 10541
14,10539,3,3,1, 10542
13,10539,4,4,1, 10543
15,10541,2,2,1, 10543
1,10546,1,1,0, 10547
4,10546,4,4,1, 10550
22,10546,4,4,1, 10550
3,10547,3,3,1, 10550
24,10549,1,1,0, 10550
19,10546,5,5,1, 10551
21,10547,5,5,1, 10552
7,10552,1,1,1, 10553
27,10552,4,4,1, 10556
25,10555,2,2,1, 10557
8,10556,1,1,0, 10557
11,10554,4,4,1, 10558
16,10559,2,2,1, 10561
17,10559,3,3,1, 10562
18,10563,4,4,1, 10567
1,10566,1,1,1, 10567
20,10563,6,6,1, 10569
24,10569,1,1,0, 10570
21,10567,5,5,1, 10572
7,10572,1,1,1, 10573
8,10576,1,1,0, 10577
31,10576,2,2,1, 10578
16,10579,2,2,1, 10581
15,10581,2,2,1, 10583
24,10589,1,1,1, 10590
21,10587,5,5,1, 10592
7,10592,1,1,1, 10593
8,10596,1,1,0, 10597
31,10596,2,2,1, 10598
14,10599,3,3,1, 10602
13,10599,4,4,1, 10603
22,10606,4,4,1, 10610
5,10607,3,3,1, 10610
24,10609,1,1,1, 10610
23,10608,3,3,1, 10611
21,10607,5,5,1, 10612
7,10612,1,1,1, 10613
8,10616,1,1,0, 10617
31,10616,2,2,1, 10618
29,10618,4,4,1, 10622
14,10619,3,3,1, 10622
24,10629,1,1,1, 10630
7,10632,1,1,0, 10633
30,10633,3,3,1, 10636
31,10636,2,2,1, 10638
29,10638,4,4,1, 10642
24,10649,1,1,0, 10650
6,10650,2,2,1, 10652
7,10652,1,1,0, 10653
5,10667,3,3,1, 10670
24,10669,1,1,1, 10670
6,10670,2,2,1, 10672
7,10672,1,1,0, 10673
30,10673,3,3,1, 10676
29,10678,4,4,1, 10682
1,10686,1,1,1, 10687
5,10687,3,3,1, 10690
24,10689,1,1,0, 10690
7,10692,1,1,1, 10693
30,10693,3,3,1, 10696
31,10696,2,2,1, 10698
9,10697,2,2,1, 10699
1,10706,1,1,0, 10707
5,10707,3,3,1, 10710
24,10709,1,1,0, 10710
7,10712,1,1,0, 10713
30,10713,3,3,1, 10716
2,10723,2,2,1, 10725
18,10723,4,4,1, 10727
1,10726,1,1,0, 10727
5,10727,3,3,1, 10730
24,10729,1,1,0, 10730
23,10728,3,3,1, 10731
6,10730,2,2,1, 10732
7,10732,1,1,1, 10733
8,10736,1,1,0, 10737
31,10736,2,2,1, 10738
9,10737,2,2,1, 10739
16,10739,2,2,1, 10741
29,10738,4,4,1, 10742
14,10739,3,3,1, 10742
15,10741,2,2,1, 10743
1,10746,1,1,1, 10747
5,10747,3,3,1, 10750
24,10749,1,1,1, 10750
6,10750,2,2,1, 10752
7,10752,1,1,0, 10753
8,10756,1,1,0, 10757
9,10757,2,2,1, 10759
26,10757,3,3,1, 10760
16,10759,2,2,1, 10761
29,10758,4,4,1, 10762
14,10759,3,3,1, 10762
2,10763,2,2,1, 10765
1,10766,1,1,0, 10767
5,10767,3,3,1, 10770
24,10769,1,1,1, 10770
23,10768,3,3,1, 10771
21,10767,5,5,1, 10772
7,10772,1,1,0, 10773
25,10775,2,2,1, 10777
8,10776,1,1,0, 10777
31,10776,2,2,1, 10778
28,10774,5,5,1, 10779
9,10777,2,2,1, 10779
26,10777,3,3,1, 10780
29,10778,4,4,1, 10782
14,10779,3,3,1, 10782
1,10786,1,1,1, 10787
24,10789,1,1,0, 10790
19,10786,5,5,1, 10791
21,10787,5,5,1, 10792
7,10792,1,1,0, 10793
27,10792,4,4,1, 10796
30,10793,3,3,1, 10796
8,10796,1,1,0, 10797
28,10794,5,5,1, 10799
9,10797,2,2,1, 10799
14,10799,3,3,1, 10802
17,10799,3,3,1, 10802
1,10806,1,1,1, 10807
22,10806,4,4,1, 10810
5,10807,3,3,1, 10810
24,10809,1,1,0, 10810
19,10806,5,5,1, 10811
7,10812,1,1,0, 10813
30,10813,3,3,1, 10816
8,10816,1,1,0, 10817
11,10814,4,4,1, 10818
26,10817,3,3,1, 10820
16,10819,2,2,1, 10821
29,10818,4,4,1, 10822
17,10819,3,3,1, 10822
15,10821,2,2,1, 10823
2,10823,2,2,1, 10825
18,10823,4,4,1, 10827
1,10826,1,1,1, 10827
20,10823,6,6,1, 10829
5,10827,3,3,1, 10830
24,10829,1,1,0, 10830
7,10832,1,1,0, 10833
27,10832,4,4,1, 10836
30,10833,3,3,1, 10836
25,10835,2,2,1, 10837
8,10836,1,1,0, 10837
31,10836,2,2,1, 10838
16,10839,2,2,1, 10841
14,10839,3,3,1, 10842
24,10849,1,1,1, 10850
23,10848,3,3,1, 10851
6,10850,2,2,1, 10852
7,10852,1,1,0, 10853
8,10856,1,1,0, 10857
31,10856,2,2,1, 10858
16,10859,2,2,1, 10861
14,10859,3,3,1, 10862
22,10866,4,4,1, 10870
24,10869,1,1,0, 10870
21,10867,5,5,1, 10872
8,10876,1,1,1, 10877
14,10879,3,3,1, 10882
15,10881,2,2,1, 10883
22,10886,4,4,1, 10890
24,10889,1,1,0, 10890
8,10896,1,1,0, 10897
16,10899,2,2,1, 10901
14,10899,3,3,1, 10902
24,10909,1,1,1, 10910
24,10929,1,1,1, 10930
1,10946,1,1,0, 10947
24,10949,1,1,1, 10950
25,10955,2,2,1, 10957
9,10957,2,2,1, 10959
1,10966,1,1,1, 10967
5,10967,3,3,1, 10970
24,10969,1,1,1, 10970
7,10972,1,1,1, 10973
25,10975,2,2,1, 10977
18,10983,4,4,1, 10987
1,10986,1,1,1, 10987
24,10989,1,1,0, 10990
7,10992,1,1,0, 10993
30,10993,3,3,1, 10996
31,10996,2,2,1, 10998
26,10997,3,3,1, 11000
17,10999,3,3,1, 11002
18,11003,4,4,1, 11007
1,11006,1,1,1, 11007
5,11007,3,3,1, 11010
24,11009,1,1,0, 11010
23,11008,3,3,1, 11011
21,11007,5,5,1, 11012
7,11012,1,1,1, 11013
30,11013,3,3,1, 11016
25,11015,2,2,1, 11017
8,11016,1,1,1, 11017
31,11016,2,2,1, 11018
9,11017,2,2,1, 11019
29,11018,4,4,1, 11022
14,11019,3,3,1, 11022
13,11019,4,4,1, 11023
18,11023,4,4,1, 11027
1,11026,1,1,1, 11027
24,11029,1,1,1, 11030
6,11030,2,2,1, 11032
7,11032,1,1,1, 11033
25,11035,2,2,1, 11037
8,11036,1,1,1, 11037
31,11036,2,2,1, 11038
28,11034,5,5,1, 11039
9,11037,2,2,1, 11039
26,11037,3,3,1, 11040
16,11039,2,2,1, 11041
13,11039,4,4,1, 11043
15,11041,2,2,1, 11043
18,11043,4,4,1, 11047
1,11046,1,1,0, 11047
20,11043,6,6,1, 11049
22,11046,4,4,1, 11050
3,11047,3,3,1, 11050
24,11049,1,1,1, 11050
19,11046,5,5,1, 11051
21,11047,5,5,1, 11052
6,11050,2,2,1, 11052
7,11052,1,1,1, 11053
30,11053,3,3,1, 11056
8,11056,1,1,1, 11057
11,11054,4,4,1, 11058
9,11057,2,2,1, 11059
26,11057,3,3,1, 11060
16,11059,2,2,1, 11061
17,11059,3,3,1, 11062
2,11063,2,2,1, 11065
5,11067,3,3,1, 11070
24,11069,1,1,0, 11070
23,11068,3,3,1, 11071
7,11072,1,1,0, 11073
30,11073,3,3,1, 11076
8,11076,1,1,1, 11077
16,11079,2,2,1, 11081
14,11079,3,3,1, 11082
15,11081,2,2,1, 11083
5,11087,3,3,1, 11090
24,11089,1,1,0, 11090
23,11088,3,3,1, 11091
21,11087,5,5,1, 11092
6,11090,2,2,1, 11092
7,11092,1,1,1, 11093
30,11093,3,3,1, 11096
8,11096,1,1,0, 11097
14,11099,3,3,1, 11102
15,11101,2,2,1, 11103
24,11109,1,1,1, 11110
7,11112,1,1,1, 11113
8,11116,1,1,0, 11117
22,11126,4,4,1, 11130
24,11129,1,1,1, 11130
21,11127,5,5,1, 11132
7,11132,1,1,1, 11133
8,11136,1,1,0, 11137
16,11139,2,2,1, 11141
14,11139,3,3,1, 11142
15,11141,2,2,1, 11143
24,11149,1,1,1, 11150
7,11152,1,1,1, 11153
8,11156,1,1,1, 11157
31,11156,2,2,1, 11158
13,11159,4,4,1, 11163
15,11161,2,2,1, 11163
1,11166,1,1,1, 11167
24,11169,1,1,0, 11170
7,11172,1,1,0, 11173
9,11177,2,2,1, 11179
17,11179,3,3,1, 11182
1,11186,1,1,1, 11187
24,11189,1,1,0, 11190
7,11192,1,1,0, 11193
25,11195,2,2,1, 11197
31,11196,2,2,1, 11198
9,11197,2,2,1, 11199
29,11198,4,4,1, 11202
1,11206,1,1,1, 11207
5,11207,3,3,1, 11210
24,11209,1,1,0, 11210
7,11212,1,1,1, 11213
26,11217,3,3,1, 11220
1,11226,1,1,0, 11227
5,11227,3,3,1, 11230
24,11229,1,1,0, 11230
7,11232,1,1,0, 11233
30,11233,3,3,1, 11236
31,11236,2,2,1, 11238
9,11237,2,2,1, 11239
29,11238,4,4,1, 11242
18,11243,4,4,1, 11247
1,11246,1,1,0, 11247
24,11249,1,1,1, 11250
6,11250,2,2,1, 11252
7,11252,1,1,0, 11253
31,11256,2,2,1, 11258
29,11258,4,4,1, 11262
17,11259,3,3,1, 11262
18,11263,4,4,1, 11267
1,11266,1,1,0, 11267
5,11267,3,3,1, 11270
24,11269,1,1,0, 11270
23,11268,3,3,1, 11271
7,11272,1,1,0, 11273
25,11275,2,2,1, 11277
8,11276,1,1,0, 11277
31,11276,2,2,1, 11278
17,11279,3,3,1, 11282
13,11279,4,4,1, 11283
2,11283,2,2,1, 11285
1,11286,1,1,1, 11287
22,11286,4,4,1, 11290
3,11287,3,3,1, 11290
5,11287,3,3,1, 11290
24,11289,1,1,1, 11290
21,11287,5,5,1, 11292
6,11290,2,2,1, 11292
7,11292,1,1,1, 11293
27,11292,4,4,1, 11296
30,11293,3,3,1, 11296
25,11295,2,2,1, 11297
8,11296,1,1,0, 11297
31,11296,2,2,1, 11298
26,11297,3,3,1, 11300
29,11298,4,4,1, 11302
15,11301,2,2,1, 11303
2,11303,2,2,1, 11305
18,11303,4,4,1, 11307
1,11306,1,1,0, 11307
22,11306,4,4,1, 11310
3,11307,3,3,1, 11310
24,11309,1,1,1, 11310
19,11306,5,5,1, 11311
23,11308,3,3,1, 11311
6,11310,2,2,1, 11312
7,11312,1,1,1, 11313
8,11316,1,1,0, 11317
28,11314,5,5,1, 11319
9,11317,2,2,1, 11319
26,11317,3,3,1, 11320
29,11318,4,4,1, 11322
15,11321,2,2,1, 11323
2,11323,2,2,1, 11325
18,11323,4,4,1, 11327
1,11326,1,1,0, 11327
20,11323,6,6,1, 11329
4,11326,4,4,1, 11330
24,11329,1,1,0, 11330
21,11327,5,5,1, 11332
6,11330,2,2,1, 11332
7,11332,1,1,1, 11333
8,11336,1,1,1, 11337
29,11338,4,4,1, 11342
14,11339,3,3,1, 11342
15,11341,2,2,1, 11343
22,11346,4,4,1, 11350
5,11347,3,3,1, 11350
24,11349,1,1,1, 11350
6,11350,2,2,1, 11352
7,11352,1,1,1, 11353
8,11356,1,1,1, 11357
15,11361,2,2,1, 11363
5,11367,3,3,1, 11370
24,11369,1,1,1, 11370
21,11367,5,5,1, 11372
6,11370,2,2,1, 11372
7,11372,1,1,1, 11373
30,11373,3,3,1, 11376
8,11376,1,1,0, 11377
22,11386,4,4,1, 11390
24,11389,1,1,1, 11390
21,11387,5,5,1, 11392
8,11396,1,1,0, 11397
16,11399,2,2,1, 11401
14,11399,3,3,1, 11402
13,11399,4,4,1, 11403
22,11406,4,4,1, 11410
24,11409,1,1,0, 11410
8,11416,1,1,1, 11417
13,11419,4,4,1, 11423
24,11429,1,1,1, 11430
23,11428,3,3,1, 11431
21,11427,5,5,1, 11432
25,11435,2,2,1, 11437
8,11436,1,1,0, 11437
14,11439,3,3,1, 11442
17,11439,3,3,1, 11442
13,11439,4,4,1, 11443
1,11446,1,1,1, 11447
22,11446,4,4,1, 11450
24,11449,1,1,1, 11450
23,11448,3,3,1, 11451
8,11456,1,1,0, 11457
9,11457,2,2,1, 11459
14,11459,3,3,1, 11462
17,11459,3,3,1, 11462
1,11466,1,1,1, 11467
24,11469,1,1,1, 11470
25,11475,2,2,1, 11477
31,11476,2,2,1, 11478
29,11478,4,4,1, 11482
1,11486,1,1,0, 11487
24,11489,1,1,0, 11490
6,11490,2,2,1, 11492
7,11492,1,1,0, 11493
26,11497,3,3,1, 11500
2,11503,2,2,1, 11505
18,11503,4,4,1, 11507
1,11506,1,1,0, 11507
5,11507,3,3,1, 11510
24,11509,1,1,0, 11510
6,11510,2,2,1, 11512
7,11512,1,1,0, 11513
31,11516,2,2,1, 11518
29,11518,4,4,1, 11522
12,11520,5,5,1, 11525
2,11523,2,2,1, 11525
18,11523,4,4,1, 11527
1,11526,1,1,0, 11527
20,11523,6,6,1, 11529
3,11527,3,3,1, 11530
5,11527,3,3,1, 11530
24,11529,1,1,0, 11530
19,11526,5,5,1, 11531
6,11530,2,2,1, 11532
7,11532,1,1,0, 11533
27,11532,4,4,1, 11536
30,11533,3,3,1, 11536
25,11535,2,2,1, 11537
28,11534,5,5,1, 11539
9,11537,2,2,1, 11539
26,11537,3,3,1, 11540
12,11540,5,5,1, 11545
18,11543,4,4,1, 11547
1,11546,1,1,1, 11547
20,11543,6,6,1, 11549
3,11547,3,3,1, 11550
5,11547,3,3,1, 11550
24,11549,1,1,0, 11550
6,11550,2,2,1, 11552
7,11552,1,1,1, 11553
29,11558,4,4,1, 11562
22,11566,4,4,1, 11570
24,11569,1,1,0, 11570
7,11572,1,1,1, 11573
8,11576,1,1,0, 11577
31,11576,2,2,1, 11578
16,11579,2,2,1, 11581
29,11578,4,4,1, 11582
14,11579,3,3,1, 11582
22,11586,4,4,1, 11590
24,11589,1,1,1, 11590
21,11587,5,5,1, 11592
6,11590,2,2,1, 11592
7,11592,1,1,1, 11593
8,11596,1,1,1, 11597
29,11598,4,4,1, 11602
13,11599,4,4,1, 11603
15,11601,2,2,1, 11603
5,11607,3,3,1, 11610
24,11609,1,1,0, 11610
6,11610,2,2,1, 11612
7,11612,1,1,1, 11613
30,11613,3,3,1, 11616
8,11616,1,1,0, 11617
31,11616,2,2,1, 11618
16,11619,2,2,1, 11621
29,11618,4,4,1, 11622
13,11619,4,4,1, 11623
15,11621,2,2,1, 11623
22,11626,4,4,1, 11630
24,11629,1,1,1, 11630
23,11628,3,3,1, 11631
21,11627,5,5,1, 11632
7,11632,1,1,1, 11633
8,11636,1,1,0, 11637
16,11639,2,2,1, 11641
29,11638,4,4,1, 11642
14,11639,3,3,1, 11642
24,11649,1,1,1, 11650
21,11647,5,5,1, 11652
6,11650,2,2,1, 11652
7,11652,1,1,0, 11653
30,11653,3,3,1, 11656
25,11655,2,2,1, 11657
8,11656,1,1,1, 11657
14,11659,3,3,1, 11662
17,11659,3,3,1, 11662
13,11659,4,4,1, 11663
15,11661,2,2,1, 11663
1,11666,1,1,1, 11667
5,11667,3,3,1, 11670
24,11669,1,1,0, 11670
23,11668,3,3,1, 11671
21,11667,5,5,1, 11672
6,11670,2,2,1, 11672
7,11672,1,1,1, 11673
8,11676,1,1,0, 11677
29,11678,4,4,1, 11682
17,11679,3,3,1, 11682
1,11686,1,1,0, 11687
22,11686,4,4,1, 11690
24,11689,1,1,0, 11690
21,11687,5,5,1, 11692
7,11692,1,1,1, 11693
27,11692,4,4,1, 11696
30,11693,3,3,1, 11696
8,11696,1,1,0, 11697
11,11694,4,4,1, 11698
31,11696,2,2,1, 11698
28,11694,5,5,1, 11699
26,11697,3,3,1, 11700
16,11699,2,2,1, 11701
18,11703,4,4,1, 11707
1,11706,1,1,0, 11707
24,11709,1,1,0, 11710
25,11715,2,2,1, 11717
9,11717,2,2,1, 11719
2,11723,2,2,1, 11725
18,11723,4,4,1, 11727
1,11726,1,1,0, 11727
24,11729,1,1,0, 11730
9,11737,2,2,1, 11739
17,11739,3,3,1, 11742
1,11746,1,1,0, 11747
24,11749,1,1,0, 11750
25,11755,2,2,1, 11757
9,11757,2,2,1, 11759
2,11763,2,2,1, 11765
1,11766,1,1,0, 11767
24,11769,1,1,0, 11770
26,11777,3,3,1, 11780
2,11783,2,2,1, 11785
18,11783,4,4,1, 11787
1,11786,1,1,0, 11787
24,11789,1,1,0, 11790
25,11795,2,2,1, 11797
17,11799,3,3,1, 11802
12,11800,5,5,1, 11805
1,11806,1,1,0, 11807
20,11803,6,6,1, 11809
4,11806,4,4,1, 11810
24,11809,1,1,0, 11810
7,11812,1,1,1, 11813
8,11816,1,1,0, 11817
26,11817,3,3,1, 11820
14,11819,3,3,1, 11822
17,11819,3,3,1, 11822
13,11819,4,4,1, 11823
24,11829,1,1,1, 11830
7,11832,1,1,1, 11833
8,11836,1,1,0, 11837
31,11836,2,2,1, 11838
29,11838,4,4,1, 11842
15,11841,2,2,1, 11843
24,11849,1,1,1, 11850
7,11852,1,1,1, 11853
8,11856,1,1,0, 11857
31,11856,2,2,1, 11858
29,11858,4,4,1, 11862
14,11859,3,3,1, 11862
13,11859,4,4,1, 11863
15,11861,2,2,1, 11863
24,11869,1,1,1, 11870
7,11872,1,1,1, 11873
8,11876,1,1,0, 11877
31,11876,2,2,1, 11878
16,11879,2,2,1, 11881
14,11879,3,3,1, 11882
15,11881,2,2,1, 11883
24,11889,1,1,0, 11890
23,11888,3,3,1, 11891
21,11887,5,5,1, 11892
6,11890,2,2,1, 11892
7,11892,1,1,1, 11893
8,11896,1,1,1, 11897
16,11899,2,2,1, 11901
29,11898,4,4,1, 11902
14,11899,3,3,1, 11902
15,11901,2,2,1, 11903
24,11909,1,1,1, 11910
23,11908,3,3,1, 11911
7,11912,1,1,0, 11913
30,11913,3,3,1, 11916
8,11916,1,1,1, 11917
29,11918,4,4,1, 11922
14,11919,3,3,1, 11922
15,11921,2,2,1, 11923
1,11926,1,1,1, 11927
22,11926,4,4,1, 11930
24,11929,1,1,0, 11930
7,11932,1,1,1, 11933
30,11933,3,3,1, 11936
8,11936,1,1,0, 11937
31,11936,2,2,1, 11938
9,11937,2,2,1, 11939
16,11939,2,2,1, 11941
15,11941,2,2,1, 11943
1,11946,1,1,0, 11947
5,11947,3,3,1, 11950
24,11949,1,1,0, 11950
23,11948,3,3,1, 11951
21,11947,5,5,1, 11952
6,11950,2,2,1, 11952
7,11952,1,1,1, 11953
25,11955,2,2,1, 11957
8,11956,1,1,0, 11957
31,11956,2,2,1, 11958
16,11959,2,2,1, 11961
14,11959,3,3,1, 11962
17,11959,3,3,1, 11962
1,11966,1,1,1, 11967
22,11966,4,4,1, 11970
24,11969,1,1,1, 11970
21,11967,5,5,1, 11972
7,11972,1,1,0, 11973
30,11973,3,3,1, 11976
29,11978,4,4,1, 11982
1,11986,1,1,1, 11987
5,11987,3,3,1, 11990
24,11989,1,1,0, 11990
6,11990,2,2,1, 11992
7,11992,1,1,1, 11993
30,11993,3,3,1, 11996
11,11994,4,4,1, 11998
28,11994,5,5,1, 11999
9,11997,2,2,1, 11999
26,11997,3,3,1, 12000
17,11999,3,3,1, 12002
1,12006,1,1,1, 12007
20,12003,6,6,1, 12009
3,12007,3,3,1, 12010
5,12007,3,3,1, 12010
24,12009,1,1,0, 12010
7,12012,1,1,0, 12013
27,12012,4,4,1, 12016
30,12013,3,3,1, 12016
26,12017,3,3,1, 12020
17,12019,3,3,1, 12022
2,12023,2,2,1, 12025
18,12023,4,4,1, 12027
1,12026,1,1,0, 12027
20,12023,6,6,1, 12029
24,12029,1,1,1, 12030
7,12032,1,1,1, 12033
27,12032,4,4,1, 12036
26,12037,3,3,1, 12040
17,12039,3,3,1, 12042
12,12040,5,5,1, 12045
18,12043,4,4,1, 12047
1,12046,1,1,1, 12047
20,12043,6,6,1, 12049
24,12049,1,1,0, 12050
7,12052,1,1,1, 12053
24,12069,1,1,0, 12070
7,12072,1,1,0, 12073
8,12076,1,1,0, 12077
14,12079,3,3,1, 12082
24,12089,1,1,0, 12090
23,12088,3,3,1, 12091
21,12087,5,5,1, 12092
7,12092,1,1,1, 12093
8,12096,1,1,1, 12097
31,12096,2,2,1, 12098
16,12099,2,2,1, 12101
14,12099,3,3,1, 12102
15,12101,2,2,1, 12103
24,12109,1,1,0, 12110
23,12108,3,3,1, 12111
21,12107,5,5,1, 12112
7,12112,1,1,0, 12113
8,12116,1,1,0, 12117
16,12119,2,2,1, 12121
14,12119,3,3,1, 12122
15,12121,2,2,1, 12123
22,12126,4,4,1, 12130
24,12129,1,1,0, 12130
6,12130,2,2,1, 12132
7,12132,1,1,1, 12133
8,12136,1,1,0, 12137
31,12136,2,2,1, 12138
29,12138,4,4,1, 12142
14,12139,3,3,1, 12142
13,12139,4,4,1, 12143
22,12146,4,4,1, 12150
24,12149,1,1,1, 12150
21,12147,5,5,1, 12152
7,12152,1,1,0, 12153
8,12156,1,1,0, 12157
14,12159,3,3,1, 12162
17,12159,3,3,1, 12162
2,12163,2,2,1, 12165
18,12163,4,4,1, 12167
1,12166,1,1,1, 12167
22,12166,4,4,1, 12170
5,12167,3,3,1, 12170
24,12169,1,1,0, 12170
21,12167,5,5,1, 12172
6,12170,2,2,1, 12172
7,12172,1,1,1, 12173
30,12173,3,3,1, 12176
8,12176,1,1,0, 12177
31,12176,2,2,1, 12178
9,12177,2,2,1, 12179
29,12178,4,4,1, 12182
14,12179,3,3,1, 12182
15,12181,2,2,1, 12183
2,12183,2,2,1, 12185
1,12186,1,1,0, 12187
22,12186,4,4,1, 12190
24,12189,1,1,1, 12190
6,12190,2,2,1, 12192
7,12192,1,1,1, 12193
30,12193,3,3,1, 12196
25,12195,2,2,1, 12197
31,12196,2,2,1, 12198
9,12197,2,2,1, 12199
2,12203,2,2,1, 12205
1,12206,1,1,1, 12207
24,12209,1,1,1, 12210
7,12212,1,1,0, 12213
25,12215,2,2,1, 12217
31,12216,2,2,1, 12218
12,12220,5,5,1, 12225
18,12223,4,4,1, 12227
1,12226,1,1,0, 12227
4,12226,4,4,1, 12230
24,12229,1,1,0, 12230
19,12226,5,5,1, 12231
7,12232,1,1,0, 12233
27,12232,4,4,1, 12236
30,12233,3,3,1, 12236
25,12235,2,2,1, 12237
11,12234,4,4,1, 12238
28,12234,5,5,1, 12239
9,12237,2,2,1, 12239
26,12237,3,3,1, 12240
1,12246,1,1,0, 12247
3,12247,3,3,1, 12250
5,12247,3,3,1, 12250
24,12249,1,1,1, 12250
6,12250,2,2,1, 12252
7,12252,1,1,0, 12253
30,12253,3,3,1, 12256
11,12254,4,4,1, 12258
31,12256,2,2,1, 12258
28,12254,5,5,1, 12259
24,12269,1,1,0, 12270
6,12270,2,2,1, 12272
7,12272,1,1,0, 12273
29,12278,4,4,1, 12282
5,12287,3,3,1, 12290
24,12289,1,1,1, 12290
6,12290,2,2,1, 12292
7,12292,1,1,1, 12293
8,12296,1,1,1, 12297
29,12298,4,4,1, 12302
14,12299,3,3,1, 12302
5,12307,3,3,1, 12310
24,12309,1,1,0, 12310
7,12312,1,1,0, 12313
8,12316,1,1,0, 12317
31,12316,2,2,1, 12318
29,12318,4,4,1, 12322
14,12319,3,3,1, 12322
13,12319,4,4,1, 12323
5,12327,3,3,1, 12330
24,12329,1,1,1, 12330
6,12330,2,2,1, 12332
7,12332,1,1,0, 12333
30,12333,3,3,1, 12336
8,12336,1,1,0, 12337
31,12336,2,2,1, 12338
29,12338,4,4,1, 12342
14,12339,3,3,1, 12342
13,12339,4,4,1, 12343
24,12349,1,1,1, 12350
6,12350,2,2,1, 12352
7,12352,1,1,0, 12353
30,12353,3,3,1, 12356
8,12356,1,1,1, 12357
14,12359,3,3,1, 12362
1,12366,1,1,0, 12367
22,12366,4,4,1, 12370
24,12369,1,1,0, 12370
21,12367,5,5,1, 12372
25,12375,2,2,1, 12377
8,12376,1,1,0, 12377
14,12379,3,3,1, 12382
15,12381,2,2,1, 12383
1,12386,1,1,1, 12387
22,12386,4,4,1, 12390
24,12389,1,1,1, 12390
21,12387,5,5,1, 12392
25,12395,2,2,1, 12397
8,12396,1,1,0, 12397
9,12397,2,2,1, 12399
14,12399,3,3,1, 12402
17,12399,3,3,1, 12402
13,12399,4,4,1, 12403
2,12403,2,2,1, 12405
1,12406,1,1,1, 12407
24,12409,1,1,1, 12410
25,12415,2,2,1, 12417
8,12416,1,1,0, 12417
16,12419,2,2,1, 12421
14,12419,3,3,1, 12422
13,12419,4,4,1, 12423
1,12426,1,1,0, 12427
24,12429,1,1,0, 12430
25,12435,2,2,1, 12437
8,12436,1,1,0, 12437
9,12437,2,2,1, 12439
26,12437,3,3,1, 12440
16,12439,2,2,1, 12441
2,12443,2,2,1, 12445
18,12443,4,4,1, 12447
1,12446,1,1,1, 12447
24,12449,1,1,0, 12450
23,12448,3,3,1, 12451
8,12456,1,1,0, 12457
26,12457,3,3,1, 12460
16,12459,2,2,1, 12461
17,12459,3,3,1, 12462
15,12461,2,2,1, 12463
2,12463,2,2,1, 12465
1,12466,1,1,0, 12467
22,12466,4,4,1, 12470
5,12467,3,3,1, 12470
24,12469,1,1,0, 12470
21,12467,5,5,1, 12472
6,12470,2,2,1, 12472
7,12472,1,1,0, 12473
30,12473,3,3,1, 12476
25,12475,2,2,1, 12477
8,12476,1,1,0, 12477
28,12474,5,5,1, 12479
9,12477,2,2,1, 12479
26,12477,3,3,1, 12480
17,12479,3,3,1, 12482
12,12480,5,5,1, 12485
2,12483,2,2,1, 12485
18,12483,4,4,1, 12487
1,12486,1,1,1, 12487
20,12483,6,6,1, 12489
22,12486,4,4,1, 12490
24,12489,1,1,1, 12490
21,12487,5,5,1, 12492
6,12490,2,2,1, 12492
7,12492,1,1,0, 12493
30,12493,3,3,1, 12496
8,12496,1,1,0, 12497
31,12496,2,2,1, 12498
16,12499,2,2,1, 12501
13,12499,4,4,1, 12503
22,12506,4,4,1, 12510
5,12507,3,3,1, 12510
24,12509,1,1,0, 12510
23,12508,3,3,1, 12511
7,12512,1,1,0, 12513
31,12516,2,2,1, 12518
24,12529,1,1,1, 12530
7,12532,1,1,0, 12533
31,12536,2,2,1, 12538
29,12538,4,4,1, 12542
5,12547,3,3,1, 12550
24,12549,1,1,0, 12550
7,12552,1,1,1, 12553
30,12553,3,3,1, 12556
31,12556,2,2,1, 12558
24,12569,1,1,0, 12570
6,12570,2,2,1, 12572
7,12572,1,1,0, 12573
30,12573,3,3,1, 12576
24,12589,1,1,1, 12590
7,12592,1,1,0, 12593
31,12596,2,2,1, 12598
9,12597,2,2,1, 12599
29,12598,4,4,1, 12602
17,12599,3,3,1, 12602
1,12606,1,1,1, 12607
24,12609,1,1,0, 12610
6,12610,2,2,1, 12612
7,12612,1,1,1, 12613
30,12613,3,3,1, 12616
8,12616,1,1,0, 12617
16,12619,2,2,1, 12621
29,12618,4,4,1, 12622
17,12619,3,3,1, 12622
13,12619,4,4,1, 12623
15,12621,2,2,1, 12623
1,12626,1,1,0, 12627
24,12629,1,1,1, 12630
21,12627,5,5,1, 12632
7,12632,1,1,0, 12633
25,12635,2,2,1, 12637
8,12636,1,1,0, 12637
31,12636,2,2,1, 12638
26,12637,3,3,1, 12640
17,12639,3,3,1, 12642
15,12641,2,2,1, 12643
18,12643,4,4,1, 12647
1,12646,1,1,0, 12647
5,12647,3,3,1, 12650
24,12649,1,1,0, 12650
23,12648,3,3,1, 12651
7,12652,1,1,0, 12653
8,12656,1,1,1, 12657
31,12656,2,2,1, 12658
9,12657,2,2,1, 12659
16,12659,2,2,1, 12661
18,12663,4,4,1, 12667
1,12666,1,1,0, 12667
24,12669,1,1,0, 12670
21,12667,5,5,1, 12672
7,12672,1,1,1, 12673
30,12673,3,3,1, 12676
25,12675,2,2,1, 12677
8,12676,1,1,0, 12677
9,12677,2,2,1, 12679
26,12677,3,3,1, 12680
16,12679,2,2,1, 12681
29,12678,4,4,1, 12682
14,12679,3,3,1, 12682
17,12679,3,3,1, 12682
15,12681,2,2,1, 12683
1,12686,1,1,0, 12687
22,12686,4,4,1, 12690
24,12689,1,1,1, 12690
23,12688,3,3,1, 12691
7,12692,1,1,0, 12693
27,12692,4,4,1, 12696
30,12693,3,3,1, 12696
8,12696,1,1,1, 12697
11,12694,4,4,1, 12698
26,12697,3,3,1, 12700
16,12699,2,2,1, 12701
29,12698,4,4,1, 12702
17,12699,3,3,1, 12702
15,12701,2,2,1, 12703
1,12706,1,1,0, 12707
3,12707,3,3,1, 12710
5,12707,3,3,1, 12710
24,12709,1,1,0, 12710
7,12712,1,1,1, 12713
27,12712,4,4,1, 12716
8,12716,1,1,1, 12717
11,12714,4,4,1, 12718
28,12714,5,5,1, 12719
9,12717,2,2,1, 12719
26,12717,3,3,1, 12720
16,12719,2,2,1, 12721
13,12719,4,4,1, 12723
5,12727,3,3,1, 12730
24,12729,1,1,1, 12730
21,12727,5,5,1, 12732
6,12730,2,2,1, 12732
7,12732,1,1,0, 12733
30,12733,3,3,1, 12736
8,12736,1,1,0, 12737
16,12739,2,2,1, 12741
29,12738,4,4,1, 12742
13,12739,4,4,1, 12743
15,12741,2,2,1, 12743
22,12746,4,4,1, 12750
5,12747,3,3,1, 12750
24,12749,1,1,1, 12750
23,12748,3,3,1, 12751
21,12747,5,5,1, 12752
7,12752,1,1,1, 12753
30,12753,3,3,1, 12756
31,12756,2,2,1, 12758
29,12758,4,4,1, 12762
24,12769,1,1,1, 12770
24,12789,1,1,1, 12790
24,12809,1,1,1, 12810
1,12826,1,1,1, 12827
24,12829,1,1,1, 12830
17,12839,3,3,1, 12842
1,12846,1,1,0, 12847
24,12849,1,1,1, 12850
25,12855,2,2,1, 12857
8,12856,1,1,0, 12857
14,12859,3,3,1, 12862
13,12859,4,4,1, 12863
15,12861,2,2,1, 12863
1,12866,1,1,1, 12867
24,12869,1,1,0, 12870
21,12867,5,5,1, 12872
7,12872,1,1,1, 12873
8,12876,1,1,1, 12877
31,12876,2,2,1, 12878
26,12877,3,3,1, 12880
14,12879,3,3,1, 12882
15,12881,2,2,1, 12883
18,12883,4,4,1, 12887
1,12886,1,1,0, 12887
24,12889,1,1,0, 12890
7,12892,1,1,1, 12893
25,12895,2,2,1, 12897
8,12896,1,1,1, 12897
31,12896,2,2,1, 12898
14,12899,3,3,1, 12902
13,12899,4,4,1, 12903
18,12903,4,4,1, 12907
1,12906,1,1,0, 12907
24,12909,1,1,0, 12910
7,12912,1,1,1, 12913
25,12915,2,2,1, 12917
8,12916,1,1,1, 12917
31,12916,2,2,1, 12918
16,12919,2,2,1, 12921
17,12919,3,3,1, 12922
15,12921,2,2,1, 12923
1,12926,1,1,1, 12927
22,12926,4,4,1, 12930
24,12929,1,1,0, 12930
21,12927,5,5,1, 12932
7,12932,1,1,1, 12933
8,12936,1,1,0, 12937
31,12936,2,2,1, 12938
26,12937,3,3,1, 12940
14,12939,3,3,1, 12942
17,12939,3,3,1, 12942
18,12943,4,4,1, 12947
1,12946,1,1,1, 12947
20,12943,6,6,1, 12949
5,12947,3,3,1, 12950
24,12949,1,1,1, 12950
23,12948,3,3,1, 12951
21,12947,5,5,1, 12952
6,12950,2,2,1, 12952
7,12952,1,1,0, 12953
27,12952,4,4,1, 12956
30,12953,3,3,1, 12956
25,12955,2,2,1, 12957
8,12956,1,1,1, 12957
11,12954,4,4,1, 12958
28,12954,5,5,1, 12959
26,12957,3,3,1, 12960
14,12959,3,3,1, 12962
13,12959,4,4,1, 12963
15,12961,2,2,1, 12963
12,12960,5,5,1, 12965
18,12963,4,4,1, 12967
1,12966,1,1,0, 12967
22,12966,4,4,1, 12970
3,12967,3,3,1, 12970
5,12967,3,3,1, 12970
24,12969,1,1,1, 12970
19,12966,5,5,1, 12971
6,12970,2,2,1, 12972
7,12972,1,1,0, 12973
25,12975,2,2,1, 12977
8,12976,1,1,0, 12977
11,12974,4,4,1, 12978
31,12976,2,2,1, 12978
28,12974,5,5,1, 12979
9,12977,2,2,1, 12979
26,12977,3,3,1, 12980
16,12979,2,2,1, 12981
14,12979,3,3,1, 12982
13,12979,4,4,1, 12983
15,12981,2,2,1, 12983
24,12989,1,1,0, 12990
7,12992,1,1,1, 12993
8,12996,1,1,0, 12997
16,12999,2,2,1, 13001
14,12999,3,3,1, 13002
13,12999,4,4,1, 13003
24,13009,1,1,0, 13010
7,13012,1,1,1, 13013
30,13013,3,3,1, 13016
31,13016,2,2,1, 13018
5,13027,3,3,1, 13030
24,13029,1,1,1, 13030
7,13032,1,1,1, 13033
30,13033,3,3,1, 13036
31,13036,2,2,1, 13038
29,13038,4,4,1, 13042
24,13049,1,1,1, 13050
7,13052,1,1,1, 13053
31,13056,2,2,1, 13058
24,13069,1,1,0, 13070
7,13072,1,1,0, 13073
31,13076,2,2,1, 13078
1,13086,1,1,1, 13087
24,13089,1,1,0, 13090
7,13092,1,1,1, 13093
1,13106,1,1,1, 13107
24,13109,1,1,0, 13110
23,13108,3,3,1, 13111
21,13107,5,5,1, 13112
6,13110,2,2,1, 13112
7,13112,1,1,1, 13113
30,13113,3,3,1, 13116
8,13116,1,1,0, 13117
9,13117,2,2,1, 13119
16,13119,2,2,1, 13121
29,13118,4,4,1, 13122
15,13121,2,2,1, 13123
18,13123,4,4,1, 13127
1,13126,1,1,1, 13127
24,13129,1,1,1, 13130
23,13128,3,3,1, 13131
21,13127,5,5,1, 13132
7,13132,1,1,0, 13133
30,13133,3,3,1, 13136
8,13136,1,1,1, 13137
29,13138,4,4,1, 13142
14,13139,3,3,1, 13142
17,13139,3,3,1, 13142
2,13143,2,2,1, 13145
1,13146,1,1,1, 13147
24,13149,1,1,0, 13150
23,13148,3,3,1, 13151
21,13147,5,5,1, 13152
6,13150,2,2,1, 13152
7,13152,1,1,1, 13153
30,13153,3,3,1, 13156
8,13156,1,1,0, 13157
31,13156,2,2,1, 13158
26,13157,3,3,1, 13160
16,13159,2,2,1, 13161
29,13158,4,4,1, 13162
14,13159,3,3,1, 13162
17,13159,3,3,1, 13162
15,13161,2,2,1, 13163
2,13163,2,2,1, 13165
1,13166,1,1,0, 13167
22,13166,4,4,1, 13170
24,13169,1,1,1, 13170
23,13168,3,3,1, 13171
21,13167,5,5,1, 13172
6,13170,2,2,1, 13172
7,13172,1,1,0, 13173
30,13173,3,3,1, 13176
8,13176,1,1,0, 13177
26,13177,3,3,1, 13180
16,13179,2,2,1, 13181
29,13178,4,4,1, 13182
14,13179,3,3,1, 13182
17,13179,3,3,1, 13182
15,13181,2,2,1, 13183
1,13186,1,1,0, 13187
4,13186,4,4,1, 13190
5,13187,3,3,1, 13190
24,13189,1,1,1, 13190
19,13186,5,5,1, 13191
23,13188,3,3,1, 13191
7,13192,1,1,0, 13193
30,13193,3,3,1, 13196
8,13196,1,1,0, 13197
11,13194,4,4,1, 13198
28,13194,5,5,1, 13199
26,13197,3,3,1, 13200
29,13198,4,4,1, 13202
17,13199,3,3,1, 13202
13,13199,4,4,1, 13203
2,13203,2,2,1, 13205
18,13203,4,4,1, 13207
1,13206,1,1,0, 13207
4,13206,4,4,1, 13210
22,13206,4,4,1, 13210
24,13209,1,1,0, 13210
7,13212,1,1,0, 13213
27,13212,4,4,1, 13216
30,13213,3,3,1, 13216
25,13215,2,2,1, 13217
11,13214,4,4,1, 13218
31,13216,2,2,1, 13218
28,13214,5,5,1, 13219
9,13217,2,2,1, 13219
2,13223,2,2,1, 13225
18,13223,4,4,1, 13227
1,13226,1,1,1, 13227
5,13227,3,3,1, 13230
24,13229,1,1,1, 13230
19,13226,5,5,1, 13231
7,13232,1,1,1, 13233
30,13233,3,3,1, 13236
31,13236,2,2,1, 13238
29,13238,4,4,1, 13242
5,13247,3,3,1, 13250
24,13249,1,1,0, 13250
7,13252,1,1,1, 13253
30,13253,3,3,1, 13256
5,13267,3,3,1, 13270
24,13269,1,1,1, 13270
6,13270,2,2,1, 13272
24,13289,1,1,0, 13290
24,13309,1,1,1, 13310
21,13307,5,5,1, 13312
8,13316,1,1,1, 13317
16,13319,2,2,1, 13321
14,13319,3,3,1, 13322
13,13319,4,4,1, 13323
24,13329,1,1,0, 13330
21,13327,5,5,1, 13332
8,13336,1,1,1, 13337
14,13339,3,3,1, 13342
17,13339,3,3,1, 13342
1,13346,1,1,0, 13347
22,13346,4,4,1, 13350
24,13349,1,1,0, 13350
23,13348,3,3,1, 13351
8,13356,1,1,0, 13357
17,13359,3,3,1, 13362
1,13366,1,1,1, 13367
22,13366,4,4,1, 13370
24,13369,1,1,0, 13370
21,13367,5,5,1, 13372
25,13375,2,2,1, 13377
8,13376,1,1,1, 13377
26,13377,3,3,1, 13380
14,13379,3,3,1, 13382
18,13383,4,4,1, 13387
1,13386,1,1,1, 13387
22,13386,4,4,1, 13390
24,13389,1,1,1, 13390
23,13388,3,3,1, 13391
7,13392,1,1,1, 13393
25,13395,2,2,1, 13397
8,13396,1,1,1, 13397
17,13399,3,3,1, 13402
15,13401,2,2,1, 13403
18,13403,4,4,1, 13407
1,13406,1,1,1, 13407
24,13409,1,1,0, 13410
7,13412,1,1,0, 13413
8,13416,1,1,0, 13417
9,13417,2,2,1, 13419
15,13421,2,2,1, 13423
12,13420,5,5,1, 13425
1,13426,1,1,0, 13427
20,13423,6,6,1, 13429
3,13427,3,3,1, 13430
24,13429,1,1,1, 13430
19,13426,5,5,1, 13431
7,13432,1,1,1, 13433
25,13435,2,2,1, 13437
8,13436,1,1,1, 13437
11,13434,4,4,1, 13438
9,13437,2,2,1, 13439
14,13439,3,3,1, 13442
13,13439,4,4,1, 13443
12,13440,5,5,1, 13445
18,13443,4,4,1, 13447
1,13446,1,1,0, 13447
20,13443,6,6,1, 13449
4,13446,4,4,1, 13450
24,13449,1,1,1, 13450
7,13452,1,1,1, 13453
8,13456,1,1,1, 13457
11,13454,4,4,1, 13458
28,13454,5,5,1, 13459
17,13459,3,3,1, 13462
13,13459,4,4,1, 13463
15,13461,2,2,1, 13463
24,13469,1,1,1, 13470
7,13472,1,1,1, 13473
8,13476,1,1,1, 13477
13,13479,4,4,1, 13483
15,13481,2,2,1, 13483
24,13489,1,1,0, 13490
7,13492,1,1,0, 13493
8,13496,1,1,1, 13497
31,13496,2,2,1, 13498
29,13498,4,4,1, 13502
14,13499,3,3,1, 13502
13,13499,4,4,1, 13503
15,13501,2,2,1, 13503
24,13509,1,1,1, 13510
23,13508,3,3,1, 13511
21,13507,5,5,1, 13512
7,13512,1,1,0, 13513
8,13516,1,1,1, 13517
31,13516,2,2,1, 13518
24,13529,1,1,1, 13530
23,13528,3,3,1, 13531
6,13530,2,2,1, 13532
7,13532,1,1,0, 13533
8,13536,1,1,0, 13537
16,13539,2,2,1, 13541
14,13539,3,3,1, 13542
13,13539,4,4,1, 13543
5,13547,3,3,1, 13550
24,13549,1,1,0, 13550
23,13548,3,3,1, 13551
7,13552,1,1,0, 13553
8,13556,1,1,1, 13557
29,13558,4,4,1, 13562
1,13566,1,1,0, 13567
24,13569,1,1,0, 13570
7,13572,1,1,0, 13573
30,13573,3,3,1, 13576
25,13575,2,2,1, 13577
9,13577,2,2,1, 13579
1,13586,1,1,1, 13587
24,13589,1,1,1, 13590
6,13590,2,2,1, 13592
7,13592,1,1,1, 13593
30,13593,3,3,1, 13596
25,13595,2,2,1, 13597
1,13606,1,1,1, 13607
5,13607,3,3,1, 13610
24,13609,1,1,0, 13610
6,13610,2,2,1, 13612
7,13612,1,1,0, 13613
30,13613,3,3,1, 13616
25,13615,2,2,1, 13617
31,13616,2,2,1, 13618
26,13617,3,3,1, 13620
1,13626,1,1,0, 13627
24,13629,1,1,0, 13630
6,13630,2,2,1, 13632
7,13632,1,1,1, 13633
30,13633,3,3,1, 13636
26,13637,3,3,1, 13640
17,13639,3,3,1, 13642
2,13643,2,2,1, 13645
18,13643,4,4,1, 13647
1,13646,1,1,1, 13647
4,13646,4,4,1, 13650
5,13647,3,3,1, 13650
24,13649,1,1,0, 13650
19,13646,5,5,1, 13651
7,13652,1,1,0, 13653
11,13654,4,4,1, 13658
9,13657,2,2,1, 13659
26,13657,3,3,1, 13660
17,13659,3,3,1, 13662
1,13666,1,1,0, 13667
4,13666,4,4,1, 13670
24,13669,1,1,0, 13670
19,13666,5,5,1, 13671
21,13667,5,5,1, 13672
7,13672,1,1,0, 13673
30,13673,3,3,1, 13676
25,13675,2,2,1, 13677
8,13676,1,1,1, 13677
11,13674,4,4,1, 13678
31,13676,2,2,1, 13678
29,13678,4,4,1, 13682
14,13679,3,3,1, 13682
13,13679,4,4,1, 13683
12,13680,5,5,1, 13685
1,13686,1,1,0, 13687
5,13687,3,3,1, 13690
24,13689,1,1,0, 13690
19,13686,5,5,1, 13691
23,13688,3,3,1, 13691
21,13687,5,5,1, 13692
7,13692,1,1,1, 13693
30,13693,3,3,1, 13696
25,13695,2,2,1, 13697
8,13696,1,1,0, 13697
31,13696,2,2,1, 13698
9,13697,2,2,1, 13699
26,13697,3,3,1, 13700
29,13698,4,4,1, 13702
14,13699,3,3,1, 13702
13,13699,4,4,1, 13703
15,13701,2,2,1, 13703
22,13706,4,4,1, 13710
5,13707,3,3,1, 13710
24,13709,1,1,1, 13710
6,13710,2,2,1, 13712
7,13712,1,1,1, 13713
8,13716,1,1,1, 13717
31,13716,2,2,1, 13718
16,13719,2,2,1, 13721
29,13718,4,4,1, 13722
13,13719,4,4,1, 13723
15,13721,2,2,1, 13723
22,13726,4,4,1, 13730
24,13729,1,1,1, 13730
6,13730,2,2,1, 13732
7,13732,1,1,0, 13733
30,13733,3,3,1, 13736
8,13736,1,1,0, 13737
14,13739,3,3,1, 13742
22,13746,4,4,1, 13750
5,13747,3,3,1, 13750
24,13749,1,1,1, 13750
6,13750,2,2,1, 13752
7,13752,1,1,0, 13753
8,13756,1,1,1, 13757
31,13756,2,2,1, 13758
29,13758,4,4,1, 13762
14,13759,3,3,1, 13762
5,13767,3,3,1, 13770
24,13769,1,1,0, 13770
7,13772,1,1,1, 13773
8,13776,1,1,0, 13777
31,13776,2,2,1, 13778
16,13779,2,2,1, 13781
22,13786,4,4,1, 13790
24,13789,1,1,1, 13790
7,13792,1,1,1, 13793
30,13793,3,3,1, 13796
8,13796,1,1,0, 13797
31,13796,2,2,1, 13798
16,13799,2,2,1, 13801
29,13798,4,4,1, 13802
1,13806,1,1,1, 13807
22,13806,4,4,1, 13810
24,13809,1,1,0, 13810
23,13808,3,3,1, 13811
21,13807,5,5,1, 13812
7,13812,1,1,1, 13813
8,13816,1,1,0, 13817
31,13816,2,2,1, 13818
9,13817,2,2,1, 13819
29,13818,4,4,1, 13822
17,13819,3,3,1, 13822
13,13819,4,4,1, 13823
1,13826,1,1,1, 13827
24,13829,1,1,0, 13830
6,13830,2,2,1, 13832
7,13832,1,1,0, 13833
8,13836,1,1,0, 13837
31,13836,2,2,1, 13838
9,13837,2,2,1, 13839
16,13839,2,2,1, 13841
14,13839,3,3,1, 13842
17,13839,3,3,1, 13842
13,13839,4,4,1, 13843
1,13846,1,1,1, 13847
5,13847,3,3,1, 13850
24,13849,1,1,1, 13850
23,13848,3,3,1, 13851
6,13850,2,2,1, 13852
7,13852,1,1,1, 13853
30,13853,3,3,1, 13856
8,13856,1,1,0, 13857
31,13856,2,2,1, 13858
9,13857,2,2,1, 13859
26,13857,3,3,1, 13860
16,13859,2,2,1, 13861
29,13858,4,4,1, 13862
17,13859,3,3,1, 13862
2,13863,2,2,1, 13865
18,13863,4,4,1, 13867
1,13866,1,1,1, 13867
24,13869,1,1,1, 13870
7,13872,1,1,1, 13873
31,13876,2,2,1, 13878
26,13877,3,3,1, 13880
29,13878,4,4,1, 13882
2,13883,2,2,1, 13885
18,13883,4,4,1, 13887
1,13886,1,1,0, 13887
24,13889,1,1,0, 13890
7,13892,1,1,0, 13893
9,13897,2,2,1, 13899
29,13898,4,4,1, 13902
2,13903,2,2,1, 13905
1,13906,1,1,0, 13907
5,13907,3,3,1, 13910
24,13909,1,1,0, 13910
7,13912,1,1,1, 13913
25,13915,2,2,1, 13917
11,13914,4,4,1, 13918
31,13916,2,2,1, 13918
28,13914,5,5,1, 13919
9,13917,2,2,1, 13919
29,13918,4,4,1, 13922
18,13923,4,4,1, 13927
1,13926,1,1,1, 13927
20,13923,6,6,1, 13929
4,13926,4,4,1, 13930
3,13927,3,3,1, 13930
24,13929,1,1,1, 13930
19,13926,5,5,1, 13931
11,13934,4,4,1, 13938
28,13934,5,5,1, 13939
24,13949,1,1,1, 13950
24,13969,1,1,0, 13970
8,13976,1,1,1, 13977
14,13979,3,3,1, 13982
15,13981,2,2,1, 13983
22,13986,4,4,1, 13990
24,13989,1,1,1, 13990
23,13988,3,3,1, 13991
21,13987,5,5,1, 13992
8,13996,1,1,0, 13997
14,13999,3,3,1, 14002
13,13999,4,4,1, 14003
15,14001,2,2,1, 14003
22,14006,4,4,1, 14010
24,14009,1,1,1, 14010
8,14016,1,1,1, 14017
14,14019,3,3,1, 14022
15,14021,2,2,1, 14023
24,14029,1,1,1, 14030
23,14028,3,3,1, 14031
7,14032,1,1,0, 14033
8,14036,1,1,0, 14037
31,14036,2,2,1, 14038
29,14038,4,4,1, 14042
14,14039,3,3,1, 14042
13,14039,4,4,1, 14043
1,14046,1,1,1, 14047
22,14046,4,4,1, 14050
24,14049,1,1,1, 14050
23,14048,3,3,1, 14051
21,14047,5,5,1, 14052
7,14052,1,1,1, 14053
8,14056,1,1,1, 14057
31,14056,2,2,1, 14058
16,14059,2,2,1, 14061
14,14059,3,3,1, 14062
17,14059,3,3,1, 14062
1,14066,1,1,1, 14067
5,14067,3,3,1, 14070
24,14069,1,1,0, 14070
7,14072,1,1,1, 14073
8,14076,1,1,0, 14077
26,14077,3,3,1, 14080
17,14079,3,3,1, 14082
1,14086,1,1,1, 14087
22,14086,4,4,1, 14090
5,14087,3,3,1, 14090
24,14089,1,1,0, 14090
23,14088,3,3,1, 14091
7,14092,1,1,1, 14093
30,14093,3,3,1, 14096
25,14095,2,2,1, 14097
8,14096,1,1,1, 14097
28,14094,5,5,1, 14099
9,14097,2,2,1, 14099
26,14097,3,3,1, 14100
16,14099,2,2,1, 14101
29,14098,4,4,1, 14102
17,14099,3,3,1, 14102
13,14099,4,4,1, 14103
15,14101,2,2,1, 14103
2,14103,2,2,1, 14105
18,14103,4,4,1, 14107
1,14106,1,1,1, 14107
20,14103,6,6,1, 14109
5,14107,3,3,1, 14110
24,14109,1,1,1, 14110
19,14106,5,5,1, 14111
6,14110,2,2,1, 14112
7,14112,1,1,0, 14113
25,14115,2,2,1, 14117
11,14114,4,4,1, 14118
28,14114,5,5,1, 14119
9,14117,2,2,1, 14119
26,14117,3,3,1, 14120
29,14118,4,4,1, 14122
12,14120,5,5,1, 14125
1,14126,1,1,0, 14127
4,14126,4,4,1, 14130
5,14127,3,3,1, 14130
24,14129,1,1,0, 14130
19,14126,5,5,1, 14131
6,14130,2,2,1, 14132
7,14132,1,1,0, 14133
30,14133,3,3,1, 14136
25,14135,2,2,1, 14137
11,14134,4,4,1, 14138
31,14136,2,2,1, 14138
24,14149,1,1,1, 14150
6,14150,2,2,1, 14152
7,14152,1,1,1, 14153
24,14169,1,1,0, 14170
7,14172,1,1,1, 14173
30,14173,3,3,1, 14176
5,14187,3,3,1, 14190
24,14189,1,1,1, 14190
7,14192,1,1,1, 14193
29,14198,4,4,1, 14202
22,14206,4,4,1, 14210
5,14207,3,3,1, 14210
24,14209,1,1,1, 14210
21,14207,5,5,1, 14212
7,14212,1,1,0, 14213
30,14213,3,3,1, 14216
8,14216,1,1,0, 14217
31,14216,2,2,1, 14218
14,14219,3,3,1, 14222
13,14219,4,4,1, 14223
15,14221,2,2,1, 14223
22,14226,4,4,1, 14230
24,14229,1,1,0, 14230
23,14228,3,3,1, 14231
6,14230,2,2,1, 14232
7,14232,1,1,0, 14233
8,14236,1,1,0, 14237
31,14236,2,2,1, 14238
16,14239,2,2,1, 14241
13,14239,4,4,1, 14243
15,14241,2,2,1, 14243
1,14246,1,1,0, 14247
22,14246,4,4,1, 14250
24,14249,1,1,0, 14250
23,14248,3,3,1, 14251
6,14250,2,2,1, 14252
7,14252,1,1,0, 14253
8,14256,1,1,0, 14257
31,14256,2,2,1, 14258
13,14259,4,4,1, 14263
15,14261,2,2,1, 14263
18,14263,4,4,1, 14267
1,14266,1,1,1, 14267
24,14269,1,1,0, 14270
23,14268,3,3,1, 14271
7,14272,1,1,1, 14273
8,14276,1,1,0, 14277
31,14276,2,2,1, 14278
9,14277,2,2,1, 14279
16,14279,2,2,1, 14281
29,14278,4,4,1, 14282
14,14279,3,3,1, 14282
17,14279,3,3,1, 14282
15,14281,2,2,1, 14283
1,14286,1,1,0, 14287
24,14289,1,1,1, 14290
21,14287,5,5,1, 14292
7,14292,1,1,0, 14293
25,14295,2,2,1, 14297
8,14296,1,1,0, 14297
26,14297,3,3,1, 14300
14,14299,3,3,1, 14302
1,14306,1,1,0, 14307
4,14306,4,4,1, 14310
3,14307,3,3,1, 14310
24,14309,1,1,0, 14310
19,14306,5,5,1, 14311
6,14310,2,2,1, 14312
7,14312,1,1,0, 14313
30,14313,3,3,1, 14316
11,14314,4,4,1, 14318
9,14317,2,2,1, 14319
17,14319,3,3,1, 14322
18,14323,4,4,1, 14327
1,14326,1,1,0, 14327
5,14327,3,3,1, 14330
24,14329,1,1,0, 14330
7,14332,1,1,0, 14333
11,14334,4,4,1, 14338
31,14336,2,2,1, 14338
28,14334,5,5,1, 14339
9,14337,2,2,1, 14339
26,14337,3,3,1, 14340
29,14338,4,4,1, 14342
12,14340,5,5,1, 14345
1,14346,1,1,1, 14347
3,14347,3,3,1, 14350
24,14349,1,1,0, 14350
19,14346,5,5,1, 14351
7,14352,1,1,1, 14353
30,14353,3,3,1, 14356
25,14355,2,2,1, 14357
11,14354,4,4,1, 14358
9,14357,2,2,1, 14359
29,14358,4,4,1, 14362
2,14363,2,2,1, 14365
1,14366,1,1,0, 14367
3,14367,3,3,1, 14370
24,14369,1,1,1, 14370
7,14372,1,1,0, 14373
31,14376,2,2,1, 14378
29,14378,4,4,1, 14382
24,14389,1,1,1, 14390
6,14390,2,2,1, 14392
7,14392,1,1,0, 14393
5,14407,3,3,1, 14410
24,14409,1,1,0, 14410
21,14407,5,5,1, 14412
6,14410,2,2,1, 14412
7,14412,1,1,1, 14413
30,14413,3,3,1, 14416
8,14416,1,1,0, 14417
29,14418,4,4,1, 14422
14,14419,3,3,1, 14422
5,14427,3,3,1, 14430
24,14429,1,1,0, 14430
7,14432,1,1,1, 14433
8,14436,1,1,1, 14437
29,14438,4,4,1, 14442
22,14446,4,4,1, 14450
24,14449,1,1,1, 14450
23,14448,3,3,1, 14451
6,14450,2,2,1, 14452
7,14452,1,1,0, 14453
30,14453,3,3,1, 14456
8,14456,1,1,1, 14457
16,14459,2,2,1, 14461
14,14459,3,3,1, 14462
15,14461,2,2,1, 14463
24,14469,1,1,0, 14470
21,14467,5,5,1, 14472
8,14476,1,1,1, 14477
16,14479,2,2,1, 14481
17,14479,3,3,1, 14482
1,14486,1,1,0, 14487
22,14486,4,4,1, 14490
24,14489,1,1,0, 14490
8,14496,1,1,0, 14497
16,14499,2,2,1, 14501
14,14499,3,3,1, 14502
17,14499,3,3,1, 14502
1,14506,1,1,1, 14507
22,14506,4,4,1, 14510
24,14509,1,1,0, 14510
8,14516,1,1,0, 14517
17,14519,3,3,1, 14522
13,14519,4,4,1, 14523
2,14523,2,2,1, 14525
1,14526,1,1,0, 14527
22,14526,4,4,1, 14530
24,14529,1,1,0, 14530
8,14536,1,1,0, 14537
9,14537,2,2,1, 14539
16,14539,2,2,1, 14541
14,14539,3,3,1, 14542
17,14539,3,3,1, 14542
1,14546,1,1,1, 14547
24,14549,1,1,0, 14550
21,14547,5,5,1, 14552
25,14555,2,2,1, 14557
8,14556,1,1,1, 14557
9,14557,2,2,1, 14559
26,14557,3,3,1, 14560
14,14559,3,3,1, 14562
13,14559,4,4,1, 14563
1,14566,1,1,0, 14567
22,14566,4,4,1, 14570
5,14567,3,3,1, 14570
24,14569,1,1,1, 14570
23,14568,3,3,1, 14571
7,14572,1,1,0, 14573
30,14573,3,3,1, 14576
25,14575,2,2,1, 14577
8,14576,1,1,1, 14577
16,14579,2,2,1, 14581
29,14578,4,4,1, 14582
17,14579,3,3,1, 14582
13,14579,4,4,1, 14583
15,14581,2,2,1, 14583
2,14583,2,2,1, 14585
18,14583,4,4,1, 14587
1,14586,1,1,1, 14587
24,14589,1,1,0, 14590
23,14588,3,3,1, 14591
7,14592,1,1,1, 14593
25,14595,2,2,1, 14597
8,14596,1,1,0, 14597
9,14597,2,2,1, 14599
17,14599,3,3,1, 14602
15,14601,2,2,1, 14603
12,14600,5,5,1, 14605
2,14603,2,2,1, 14605
1,14606,1,1,0, 14607
4,14606,4,4,1, 14610
22,14606,4,4,1, 14610
3,14607,3,3,1, 14610
24,14609,1,1,0, 14610
19,14606,5,5,1, 14611
21,14607,5,5,1, 14612
7,14612,1,1,1, 14613
25,14615,2,2,1, 14617
8,14616,1,1,0, 14617
11,14614,4,4,1, 14618
31,14616,2,2,1, 14618
28,14614,5,5,1, 14619
9,14617,2,2,1, 14619
16,14619,2,2,1, 14621
14,14619,3,3,1, 14622
17,14619,3,3,1, 14622
18,14623,4,4,1, 14627
24,14629,1,1,0, 14630
7,14632,1,1,1, 14633
24,14649,1,1,0, 14650
7,14652,1,1,0, 14653
24,14669,1,1,0, 14670
7,14672,1,1,1, 14673
31,14676,2,2,1, 14678
5,14687,3,3,1, 14690
24,14689,1,1,1, 14690
6,14690,2,2,1, 14692
7,14692,1,1,1, 14693
30,14693,3,3,1, 14696
29,14698,4,4,1, 14702
24,14709,1,1,1, 14710
7,14712,1,1,1, 14713
30,14713,3,3,1, 14716
29,14718,4,4,1, 14722
5,14727,3,3,1, 14730
24,14729,1,1,0, 14730
23,14728,3,3,1, 14731
21,14727,5,5,1, 14732
7,14732,1,1,0, 14733
30,14733,3,3,1, 14736
25,14735,2,2,1, 14737
8,14736,1,1,0, 14737
9,14737,2,2,1, 14739
16,14739,2,2,1, 14741
17,14739,3,3,1, 14742
13,14739,4,4,1, 14743
15,14741,2,2,1, 14743
1,14746,1,1,1, 14747
24,14749,1,1,0, 14750
21,14747,5,5,1, 14752
7,14752,1,1,0, 14753
30,14753,3,3,1, 14756
25,14755,2,2,1, 14757
8,14756,1,1,1, 14757
9,14757,2,2,1, 14759
29,14758,4,4,1, 14762
14,14759,3,3,1, 14762
13,14759,4,4,1, 14763
1,14766,1,1,1, 14767
5,14767,3,3,1, 14770
24,14769,1,1,1, 14770
21,14767,5,5,1, 14772
7,14772,1,1,1, 14773
25,14775,2,2,1, 14777
8,14776,1,1,1, 14777
9,14777,2,2,1, 14779
14,14779,3,3,1, 14782
17,14779,3,3,1, 14782
15,14781,2,2,1, 14783
1,14786,1,1,1, 14787
24,14789,1,1,1, 14790
21,14787,5,5,1, 14792
6,14790,2,2,1, 14792
7,14792,1,1,0, 14793
30,14793,3,3,1, 14796
8,14796,1,1,1, 14797
16,14799,2,2,1, 14801
29,14798,4,4,1, 14802
17,14799,3,3,1, 14802
15,14801,2,2,1, 14803
1,14806,1,1,1, 14807
5,14807,3,3,1, 14810
24,14809,1,1,1, 14810
21,14807,5,5,1, 14812
6,14810,2,2,1, 14812
7,14812,1,1,1, 14813
25,14815,2,2,1, 14817
8,14816,1,1,0, 14817
31,14816,2,2,1, 14818
9,14817,2,2,1, 14819
16,14819,2,2,1, 14821
29,14818,4,4,1, 14822
14,14819,3,3,1, 14822
13,14819,4,4,1, 14823
15,14821,2,2,1, 14823
1,14826,1,1,0, 14827
24,14829,1,1,1, 14830
6,14830,2,2,1, 14832
7,14832,1,1,1, 14833
30,14833,3,3,1, 14836
25,14835,2,2,1, 14837
8,14836,1,1,1, 14837
31,14836,2,2,1, 14838
29,14838,4,4,1, 14842
14,14839,3,3,1, 14842
17,14839,3,3,1, 14842
15,14841,2,2,1, 14843
2,14843,2,2,1, 14845
1,14846,1,1,1, 14847
22,14846,4,4,1, 14850
24,14849,1,1,0, 14850
7,14852,1,1,1, 14853
8,14856,1,1,1, 14857
31,14856,2,2,1, 14858
9,14857,2,2,1, 14859
26,14857,3,3,1, 14860
17,14859,3,3,1, 14862
13,14859,4,4,1, 14863
15,14861,2,2,1, 14863
2,14863,2,2,1, 14865
1,14866,1,1,1, 14867
22,14866,4,4,1, 14870
5,14867,3,3,1, 14870
24,14869,1,1,0, 14870
7,14872,1,1,1, 14873
25,14875,2,2,1, 14877
8,14876,1,1,1, 14877
11,14874,4,4,1, 14878
31,14876,2,2,1, 14878
29,14878,4,4,1, 14882
13,14879,4,4,1, 14883
18,14883,4,4,1, 14887
1,14886,1,1,1, 14887
24,14889,1,1,0, 14890
19,14886,5,5,1, 14891
7,14892,1,1,0, 14893
30,14893,3,3,1, 14896
25,14895,2,2,1, 14897
31,14896,2,2,1, 14898
26,14897,3,3,1, 14900
29,14898,4,4,1, 14902
12,14900,5,5,1, 14905
1,14906,1,1,0, 14907
4,14906,4,4,1, 14910
3,14907,3,3,1, 14910
5,14907,3,3,1, 14910
24,14909,1,1,0, 14910
6,14910,2,2,1, 14912
7,14912,1,1,0, 14913
31,14916,2,2,1, 14918
29,14918,4,4,1, 14922
5,14927,3,3,1, 14930
24,14929,1,1,0, 14930
6,14930,2,2,1, 14932
7,14932,1,1,0, 14933
30,14933,3,3,1, 14936
31,14936,2,2,1, 14938
24,14949,1,1,0, 14950
24,14969,1,1,0, 14970
24,14989,1,1,1, 14990
23,14988,3,3,1, 14991
8,14996,1,1,1, 14997
24,15009,1,1,0, 15010
23,15008,3,3,1, 15011
21,15007,5,5,1, 15012
25,15015,2,2,1, 15017
8,15016,1,1,0, 15017
16,15019,2,2,1, 15021
14,15019,3,3,1, 15022
17,15019,3,3,1, 15022
13,15019,4,4,1, 15023
1,15026,1,1,1, 15027
22,15026,4,4,1, 15030
24,15029,1,1,1, 15030
23,15028,3,3,1, 15031
21,15027,5,5,1, 15032
8,15036,1,1,1, 15037
17,15039,3,3,1, 15042
15,15041,2,2,1, 15043
1,15046,1,1,0, 15047
22,15046,4,4,1, 15050
24,15049,1,1,0, 15050
7,15052,1,1,0, 15053
8,15056,1,1,1, 15057
9,15057,2,2,1, 15059
29,15058,4,4,1, 15062
17,15059,3,3,1, 15062
13,15059,4,4,1, 15063
15,15061,2,2,1, 15063
1,15066,1,1,1, 15067
22,15066,4,4,1, 15070
24,15069,1,1,0, 15070
23,15068,3,3,1, 15071
7,15072,1,1,0, 15073
8,15076,1,1,0, 15077
14,15079,3,3,1, 15082
1,15086,1,1,1, 15087
24,15089,1,1,0, 15090
21,15087,5,5,1, 15092
7,15092,1,1,0, 15093
8,15096,1,1,0, 15097
31,15096,2,2,1, 15098
16,15099,2,2,1, 15101
14,15099,3,3,1, 15102
13,15099,4,4,1, 15103
18,15103,4,4,1, 15107
1,15106,1,1,0, 15107
24,15109,1,1,1, 15110
23,15108,3,3,1, 15111
7,15112,1,1,1, 15113
8,15116,1,1,0, 15117
9,15117,2,2,1, 15119
26,15117,3,3,1, 15120
14,15119,3,3,1, 15122
17,15119,3,3,1, 15122
2,15123,2,2,1, 15125
1,15126,1,1,1, 15127
24,15129,1,1,1, 15130
7,15132,1,1,0, 15133
31,15136,2,2,1, 15138
26,15137,3,3,1, 15140
17,15139,3,3,1, 15142
18,15143,4,4,1, 15147
1,15146,1,1,0, 15147
24,15149,1,1,0, 15150
7,15152,1,1,1, 15153
2,15163,2,2,1, 15165
1,15166,1,1,0, 15167
20,15163,6,6,1, 15169
5,15167,3,3,1, 15170
24,15169,1,1,0, 15170
19,15166,5,5,1, 15171
6,15170,2,2,1, 15172
7,15172,1,1,1, 15173
30,15173,3,3,1, 15176
26,15177,3,3,1, 15180
29,15178,4,4,1, 15182
17,15179,3,3,1, 15182
12,15180,5,5,1, 15185
2,15183,2,2,1, 15185
18,15183,4,4,1, 15187
1,15186,1,1,0, 15187
3,15187,3,3,1, 15190
5,15187,3,3,1, 15190
24,15189,1,1,0, 15190
7,15192,1,1,0, 15193
27,15192,4,4,1, 15196
30,15193,3,3,1, 15196
28,15194,5,5,1, 15199
17,15199,3,3,1, 15202
12,15200,5,5,1, 15205
2,15203,2,2,1, 15205
1,15206,1,1,0, 15207
4,15206,4,4,1, 15210
5,15207,3,3,1, 15210
24,15209,1,1,1, 15210
6,15210,2,2,1, 15212
7,15212,1,1,0, 15213
25,15215,2,2,1, 15217
11,15214,4,4,1, 15218
22,15226,4,4,1, 15230
24,15229,1,1,1, 15230
21,15227,5,5,1, 15232
6,15230,2,2,1, 15232
7,15232,1,1,1, 15233
30,15233,3,3,1, 15236
8,15236,1,1,1, 15237
16,15239,2,2,1, 15241
29,15238,4,4,1, 15242
24,15249,1,1,0, 15250
23,15248,3,3,1, 15251
21,15247,5,5,1, 15252
6,15250,2,2,1, 15252
7,15252,1,1,0, 15253
30,15253,3,3,1, 15256
8,15256,1,1,0, 15257
31,15256,2,2,1, 15258
29,15258,4,4,1, 15262
13,15259,4,4,1, 15263
15,15261,2,2,1, 15263
24,15269,1,1,0, 15270
23,15268,3,3,1, 15271
6,15270,2,2,1, 15272
7,15272,1,1,1, 15273
8,15276,1,1,0, 15277
16,15279,2,2,1, 15281
14,15279,3,3,1, 15282
15,15281,2,2,1, 15283
22,15286,4,4,1, 15290
24,15289,1,1,0, 15290
7,15292,1,1,1, 15293
8,15296,1,1,1, 15297
16,15299,2,2,1, 15301
29,15298,4,4,1, 15302
14,15299,3,3,1, 15302
13,15299,4,4,1, 15303
22,15306,4,4,1, 15310
5,15307,3,3,1, 15310
24,15309,1,1,0, 15310
23,15308,3,3,1, 15311
6,15310,2,2,1, 15312
7,15312,1,1,0, 15313
30,15313,3,3,1, 15316
8,15316,1,1,1, 15317
13,15319,4,4,1, 15323
1,15326,1,1,1, 15327
24,15329,1,1,0, 15330
7,15332,1,1,0, 15333
30,15333,3,3,1, 15336
8,15336,1,1,1, 15337
13,15339,4,4,1, 15343
1,15346,1,1,0, 15347
24,15349,1,1,0, 15350
7,15352,1,1,0, 15353
30,15353,3,3,1, 15356
25,15355,2,2,1, 15357
8,15356,1,1,1, 15357
26,15357,3,3,1, 15360
14,15359,3,3,1, 15362
15,15361,2,2,1, 15363
12,15360,5,5,1, 15365
2,15363,2,2,1, 15365
1,15366,1,1,0, 15367
5,15367,3,3,1, 15370
24,15369,1,1,0, 15370
7,15372,1,1,1, 15373
25,15375,2,2,1, 15377
8,15376,1,1,1, 15377
31,15376,2,2,1, 15378
9,15377,2,2,1, 15379
14,15379,3,3,1, 15382
13,15379,4,4,1, 15383
15,15381,2,2,1, 15383
1,15386,1,1,0, 15387
5,15387,3,3,1, 15390
24,15389,1,1,1, 15390
6,15390,2,2,1, 15392
7,15392,1,1,1, 15393
8,15396,1,1,1, 15397
26,15397,3,3,1, 15400
14,15399,3,3,1, 15402
17,15399,3,3,1, 15402
2,15403,2,2,1, 15405
1,15406,1,1,1, 15407
24,15409,1,1,1, 15410
7,15412,1,1,1, 15413
30,15413,3,3,1, 15416
25,15415,2,2,1, 15417
8,15416,1,1,0, 15417
31,15416,2,2,1, 15418
9,15417,2,2,1, 15419
16,15419,2,2,1, 15421
29,15418,4,4,1, 15422
14,15419,3,3,1, 15422
17,15419,3,3,1, 15422
1,15426,1,1,1, 15427
5,15427,3,3,1, 15430
24,15429,1,1,0, 15430
6,15430,2,2,1, 15432
7,15432,1,1,1, 15433
30,15433,3,3,1, 15436
8,15436,1,1,1, 15437
31,15436,2,2,1, 15438
9,15437,2,2,1, 15439
26,15437,3,3,1, 15440
16,15439,2,2,1, 15441
14,15439,3,3,1, 15442
15,15441,2,2,1, 15443
18,15443,4,4,1, 15447
1,15446,1,1,0, 15447
5,15447,3,3,1, 15450
24,15449,1,1,1, 15450
7,15452,1,1,1, 15453
30,15453,3,3,1, 15456
25,15455,2,2,1, 15457
31,15456,2,2,1, 15458
29,15458,4,4,1, 15462
17,15459,3,3,1, 15462
18,15463,4,4,1, 15467
1,15466,1,1,0, 15467
5,15467,3,3,1, 15470
24,15469,1,1,0, 15470
7,15472,1,1,0, 15473
27,15472,4,4,1, 15476
25,15475,2,2,1, 15477
2,15483,2,2,1, 15485
18,15483,4,4,1, 15487
1,15486,1,1,1, 15487
20,15483,6,6,1, 15489
4,15486,4,4,1, 15490
3,15487,3,3,1, 15490
24,15489,1,1,0, 15490
19,15486,5,5,1, 15491
6,15490,2,2,1, 15492
7,15492,1,1,1, 15493
30,15493,3,3,1, 15496
24,15509,1,1,1, 15510
7,15512,1,1,0, 15513
30,15513,3,3,1, 15516
31,15516,2,2,1, 15518
5,15527,3,3,1, 15530
24,15529,1,1,0, 15530
7,15532,1,1,1, 15533
31,15536,2,2,1, 15538
24,15549,1,1,0, 15550
23,15548,3,3,1, 15551
21,15547,5,5,1, 15552
6,15550,2,2,1, 15552
7,15552,1,1,0, 15553
8,15556,1,1,1, 15557
31,15556,2,2,1, 15558
16,15559,2,2,1, 15561
22,15566,4,4,1, 15570
5,15567,3,3,1, 15570
24,15569,1,1,1, 15570
6,15570,2,2,1, 15572
7,15572,1,1,0, 15573
8,15576,1,1,0, 15577
31,15576,2,2,1, 15578
14,15579,3,3,1, 15582
24,15589,1,1,0, 15590
21,15587,5,5,1, 15592
6,15590,2,2,1, 15592
7,15592,1,1,1, 15593
8,15596,1,1,0, 15597
31,15596,2,2,1, 15598
17,15599,3,3,1, 15602
13,15599,4,4,1, 15603
1,15606,1,1,1, 15607
22,15606,4,4,1, 15610
24,15609,1,1,1, 15610
23,15608,3,3,1, 15611
21,15607,5,5,1, 15612
8,15616,1,1,1, 15617
9,15617,2,2,1, 15619
16,15619,2,2,1, 15621
14,15619,3,3,1, 15622
17,15619,3,3,1, 15622
13,15619,4,4,1, 15623
1,15626,1,1,0, 15627
24,15629,1,1,1, 15630
8,15636,1,1,1, 15637
9,15637,2,2,1, 15639
14,15639,3,3,1, 15642
13,15639,4,4,1, 15643
2,15643,2,2,1, 15645
1,15646,1,1,0, 15647
24,15649,1,1,0, 15650
23,15648,3,3,1, 15651
21,15647,5,5,1, 15652
27,15652,4,4,1, 15656
8,15656,1,1,1, 15657
28,15654,5,5,1, 15659
26,15657,3,3,1, 15660
14,15659,3,3,1, 15662
13,15659,4,4,1, 15663
12,15660,5,5,1, 15665
18,15663,4,4,1, 15667
1,15666,1,1,0, 15667
22,15666,4,4,1, 15670
24,15669,1,1,0, 15670
23,15668,3,3,1, 15671
21,15667,5,5,1, 15672
25,15675,2,2,1, 15677
8,15676,1,1,1, 15677
14,15679,3,3,1, 15682
17,15679,3,3,1, 15682
1,15686,1,1,1, 15687
22,15686,4,4,1, 15690
24,15689,1,1,1, 15690
21,15687,5,5,1, 15692
25,15695,2,2,1, 15697
8,15696,1,1,0, 15697
16,15699,2,2,1, 15701
17,15699,3,3,1, 15702
18,15703,4,4,1, 15707
1,15706,1,1,0, 15707
5,15707,3,3,1, 15710
24,15709,1,1,1, 15710
6,15710,2,2,1, 15712
7,15712,1,1,1, 15713
25,15715,2,2,1, 15717
9,15717,2,2,1, 15719
1,15726,1,1,1, 15727
5,15727,3,3,1, 15730
24,15729,1,1,1, 15730
7,15732,1,1,1, 15733
30,15733,3,3,1, 15736
31,15736,2,2,1, 15738
26,15737,3,3,1, 15740
29,15738,4,4,1, 15742
17,15739,3,3,1, 15742
18,15743,4,4,1, 15747
1,15746,1,1,0, 15747
5,15747,3,3,1, 15750
24,15749,1,1,1, 15750
6,15750,2,2,1, 15752
7,15752,1,1,1, 15753
18,15763,4,4,1, 15767
1,15766,1,1,0, 15767
5,15767,3,3,1, 15770
24,15769,1,1,0, 15770
7,15772,1,1,0, 15773
30,15773,3,3,1, 15776
11,15774,4,4,1, 15778
26,15777,3,3,1, 15780
2,15783,2,2,1, 15785
1,15786,1,1,0, 15787
20,15783,6,6,1, 15789
4,15786,4,4,1, 15790
3,15787,3,3,1, 15790
24,15789,1,1,0, 15790
7,15792,1,1,1, 15793
27,15792,4,4,1, 15796
31,15796,2,2,1, 15798
29,15798,4,4,1, 15802
24,15809,1,1,1, 15810
23,15808,3,3,1, 15811
6,15810,2,2,1, 15812
7,15812,1,1,1, 15813
30,15813,3,3,1, 15816
8,15816,1,1,0, 15817
16,15819,2,2,1, 15821
29,15818,4,4,1, 15822
13,15819,4,4,1, 15823
5,15827,3,3,1, 15830
24,15829,1,1,0, 15830
23,15828,3,3,1, 15831
21,15827,5,5,1, 15832
7,15832,1,1,0, 15833
30,15833,3,3,1, 15836
8,15836,1,1,0, 15837
31,15836,2,2,1, 15838
16,15839,2,2,1, 15841
29,15838,4,4,1, 15842
15,15841,2,2,1, 15843
22,15846,4,4,1, 15850
24,15849,1,1,0, 15850
23,15848,3,3,1, 15851
21,15847,5,5,1, 15852
7,15852,1,1,0, 15853
8,15856,1,1,1, 15857
15,15861,2,2,1, 15863
22,15866,4,4,1, 15870
24,15869,1,1,1, 15870
23,15868,3,3,1, 15871
7,15872,1,1,0, 15873
8,15876,1,1,1, 15877
15,15881,2,2,1, 15883
24,15889,1,1,1, 15890
23,15888,3,3,1, 15891
21,15887,5,5,1, 15892
7,15892,1,1,1, 15893
8,15896,1,1,0, 15897
31,15896,2,2,1, 15898
17,15899,3,3,1, 15902
1,15906,1,1,0, 15907
22,15906,4,4,1, 15910
24,15909,1,1,0, 15910
7,15912,1,1,1, 15913
25,15915,2,2,1, 15917
8,15916,1,1,0, 15917
31,15916,2,2,1, 15918
1,15926,1,1,0, 15927
22,15926,4,4,1, 15930
24,15929,1,1,0, 15930
21,15927,5,5,1, 15932
7,15932,1,1,0, 15933
25,15935,2,2,1, 15937
8,15936,1,1,0, 15937
9,15937,2,2,1, 15939
16,15939,2,2,1, 15941
14,15939,3,3,1, 15942
15,15941,2,2,1, 15943
1,15946,1,1,1, 15947
20,15943,6,6,1, 15949
4,15946,4,4,1, 15950
22,15946,4,4,1, 15950
3,15947,3,3,1, 15950
5,15947,3,3,1, 15950
24,15949,1,1,0, 15950
19,15946,5,5,1, 15951
23,15948,3,3,1, 15951
7,15952,1,1,1, 15953
27,15952,4,4,1, 15956
25,15955,2,2,1, 15957
8,15956,1,1,1, 15957
9,15957,2,2,1, 15959
26,15957,3,3,1, 15960
16,15959,2,2,1, 15961
14,15959,3,3,1, 15962
17,15959,3,3,1, 15962
2,15963,2,2,1, 15965
1,15966,1,1,0, 15967
24,15969,1,1,1, 15970
7,15972,1,1,1, 15973
30,15973,3,3,1, 15976
31,15976,2,2,1, 15978
26,15977,3,3,1, 15980
29,15978,4,4,1, 15982
17,15979,3,3,1, 15982
18,15983,4,4,1, 15987
1,15986,1,1,1, 15987
5,15987,3,3,1, 15990
24,15989,1,1,0, 15990
7,15992,1,1,0, 15993
25,15995,2,2,1, 15997
31,15996,2,2,1, 15998
9,15997,2,2,1, 15999
26,15997,3,3,1, 16000
29,15998,4,4,1, 16002
2,16003,2,2,1, 16005
24,16009,1,1,0, 16010
7,16012,1,1,1, 16013
31,16016,2,2,1, 16018
5,16027,3,3,1, 16030
24,16029,1,1,1, 16030
6,16030,2,2,1, 16032
7,16032,1,1,1, 16033
31,16036,2,2,1, 16038
29,16038,4,4,1, 16042
24,16049,1,1,1, 16050
6,16050,2,2,1, 16052
7,16052,1,1,0, 16053
31,16056,2,2,1, 16058
29,16058,4,4,1, 16062
5,16067,3,3,1, 16070
24,16069,1,1,1, 16070
23,16068,3,3,1, 16071
21,16067,5,5,1, 16072
7,16072,1,1,0, 16073
8,16076,1,1,1, 16077
16,16079,2,2,1, 16081
29,16078,4,4,1, 16082
13,16079,4,4,1, 16083
24,16089,1,1,0, 16090
21,16087,5,5,1, 16092
7,16092,1,1,1, 16093
8,16096,1,1,1, 16097
14,16099,3,3,1, 16102
18,16103,4,4,1, 16107
1,16106,1,1,1, 16107
4,16106,4,4,1, 16110
5,16107,3,3,1, 16110
24,16109,1,1,1, 16110
23,16108,3,3,1, 16111
6,16110,2,2,1, 16112
7,16112,1,1,1, 16113
30,16113,3,3,1, 16116
25,16115,2,2,1, 16117
8,16116,1,1,1, 16117
16,16119,2,2,1, 16121
29,16118,4,4,1, 16122
14,16119,3,3,1, 16122
17,16119,3,3,1, 16122
2,16123,2,2,1, 16125
1,16126,1,1,0, 16127
22,16126,4,4,1, 16130
24,16129,1,1,0, 16130
21,16127,5,5,1, 16132
7,16132,1,1,1, 16133
27,16132,4,4,1, 16136
8,16136,1,1,0, 16137
11,16134,4,4,1, 16138
16,16139,2,2,1, 16141
15,16141,2,2,1, 16143
12,16140,5,5,1, 16145
1,16146,1,1,0, 16147
24,16149,1,1,0, 16150
21,16147,5,5,1, 16152
7,16152,1,1,1, 16153
30,16153,3,3,1, 16156
8,16156,1,1,1, 16157
31,16156,2,2,1, 16158
13,16159,4,4,1, 16163
15,16161,2,2,1, 16163
12,16160,5,5,1, 16165
1,16166,1,1,0, 16167
20,16163,6,6,1, 16169
4,16166,4,4,1, 16170
24,16169,1,1,1, 16170
23,16168,3,3,1, 16171
6,16170,2,2,1, 16172
7,16172,1,1,1, 16173
8,16176,1,1,1, 16177
31,16176,2,2,1, 16178
9,16177,2,2,1, 16179
13,16179,4,4,1, 16183
1,16186,1,1,0, 16187
22,16186,4,4,1, 16190
24,16189,1,1,1, 16190
21,16187,5,5,1, 16192
6,16190,2,2,1, 16192
7,16192,1,1,1, 16193
30,16193,3,3,1, 16196
8,16196,1,1,0, 16197
16,16199,2,2,1, 16201
29,16198,4,4,1, 16202
14,16199,3,3,1, 16202
1,16206,1,1,0, 16207
5,16207,3,3,1, 16210
24,16209,1,1,1, 16210
6,16210,2,2,1, 16212
9,16217,2,2,1, 16219
17,16219,3,3,1, 16222
1,16226,1,1,1, 16227
24,16229,1,1,0, 16230
17,16239,3,3,1, 16242
1,16246,1,1,0, 16247
24,16249,1,1,1, 16250
1,16266,1,1,1, 16267
24,16269,1,1,1, 16270
25,16275,2,2,1, 16277
26,16277,3,3,1, 16280
17,16279,3,3,1, 16282
2,16283,2,2,1, 16285
1,16286,1,1,1, 16287
24,16289,1,1,1, 16290
9,16297,2,2,1, 16299
26,16297,3,3,1, 16300
17,16299,3,3,1, 16302
2,16303,2,2,1, 16305
1,16306,1,1,1, 16307
24,16309,1,1,1, 16310
21,16307,5,5,1, 16312
25,16315,2,2,1, 16317
8,16316,1,1,0, 16317
26,16317,3,3,1, 16320
16,16319,2,2,1, 16321
29,16318,4,4,1, 16322
14,16319,3,3,1, 16322
13,16319,4,4,1, 16323
1,16326,1,1,0, 16327
24,16329,1,1,0, 16330
21,16327,5,5,1, 16332
6,16330,2,2,1, 16332
7,16332,1,1,0, 16333
8,16336,1,1,1, 16337
31,16336,2,2,1, 16338
29,16338,4,4,1, 16342
15,16341,2,2,1, 16343
2,16343,2,2,1, 16345
18,16343,4,4,1, 16347
1,16346,1,1,1, 16347
24,16349,1,1,0, 16350
23,16348,3,3,1, 16351
6,16350,2,2,1, 16352
7,16352,1,1,1, 16353
8,16356,1,1,0, 16357
11,16354,4,4,1, 16358
9,16357,2,2,1, 16359
26,16357,3,3,1, 16360
16,16359,2,2,1, 16361
14,16359,3,3,1, 16362
17,16359,3,3,1, 16362
13,16359,4,4,1, 16363
12,16360,5,5,1, 16365
1,16366,1,1,1, 16367
3,16367,3,3,1, 16370
24,16369,1,1,1, 16370
19,16366,5,5,1, 16371
23,16368,3,3,1, 16371
6,16370,2,2,1, 16372
7,16372,1,1,0, 16373
30,16373,3,3,1, 16376
8,16376,1,1,0, 16377
31,16376,2,2,1, 16378
14,16379,3,3,1, 16382
22,16386,4,4,1, 16390
24,16389,1,1,0, 16390
21,16387,5,5,1, 16392
6,16390,2,2,1, 16392
7,16392,1,1,1, 16393
8,16396,1,1,0, 16397
16,16399,2,2,1, 16401
14,16399,3,3,1, 16402
15,16401,2,2,1, 16403
24,16409,1,1,0, 16410
23,16408,3,3,1, 16411
7,16412,1,1,0, 16413
30,16413,3,3,1, 16416
8,16416,1,1,0, 16417
31,16416,2,2,1, 16418
14,16419,3,3,1, 16422
24,16429,1,1,0, 16430
23,16428,3,3,1, 16431
6,16430,2,2,1, 16432
7,16432,1,1,1, 16433
30,16433,3,3,1, 16436
8,16436,1,1,0, 16437
31,16436,2,2,1, 16438
29,16438,4,4,1, 16442
14,16439,3,3,1, 16442
15,16441,2,2,1, 16443
5,16447,3,3,1, 16450
24,16449,1,1,0, 16450
23,16448,3,3,1, 16451
21,16447,5,5,1, 16452
7,16452,1,1,0, 16453
5,16467,3,3,1, 16470
24,16469,1,1,0, 16470
6,16470,2,2,1, 16472
7,16472,1,1,0, 16473
25,16475,2,2,1, 16477
9,16477,2,2,1, 16479
29,16478,4,4,1, 16482
1,16486,1,1,1, 16487
5,16487,3,3,1, 16490
24,16489,1,1,0, 16490
7,16492,1,1,0, 16493
30,16493,3,3,1, 16496
9,16497,2,2,1, 16499
17,16499,3,3,1, 16502
1,16506,1,1,0, 16507
24,16509,1,1,1, 16510
7,16512,1,1,0, 16513
31,16516,2,2,1, 16518
9,16517,2,2,1, 16519
29,16518,4,4,1, 16522
17,16519,3,3,1, 16522
1,16526,1,1,1, 16527
24,16529,1,1,0, 16530
6,16530,2,2,1, 16532
7,16532,1,1,1, 16533
30,16533,3,3,1, 16536
31,16536,2,2,1, 16538
29,16538,4,4,1, 16542
1,16546,1,1,1, 16547
5,16547,3,3,1, 16550
24,16549,1,1,1, 16550
7,16552,1,1,1, 16553
31,16556,2,2,1, 16558
16,16559,2,2,1, 16561
29,16558,4,4,1, 16562
14,16559,3,3,1, 16562
17,16559,3,3,1, 16562
1,16566,1,1,0, 16567
22,16566,4,4,1, 16570
24,16569,1,1,0, 16570
21,16567,5,5,1, 16572
25,16575,2,2,1, 16577
8,16576,1,1,1, 16577
16,16579,2,2,1, 16581
14,16579,3,3,1, 16582
13,16579,4,4,1, 16583
2,16583,2,2,1, 16585
18,16583,4,4,1, 16587
1,16586,1,1,0, 16587
22,16586,4,4,1, 16590
24,16589,1,1,0, 16590
23,16588,3,3,1, 16591
21,16587,5,5,1, 16592
8,16596,1,1,1, 16597
26,16597,3,3,1, 16600
16,16599,2,2,1, 16601
14,16599,3,3,1, 16602
13,16599,4,4,1, 16603
1,16606,1,1,0, 16607
24,16609,1,1,0, 16610
23,16608,3,3,1, 16611
21,16607,5,5,1, 16612
25,16615,2,2,1, 16617
8,16616,1,1,0, 16617
18,16623,4,4,1, 16627
1,16626,1,1,0, 16627
24,16629,1,1,0, 16630
8,16636,1,1,1, 16637
26,16637,3,3,1, 16640
2,16643,2,2,1, 16645
18,16643,4,4,1, 16647
1,16646,1,1,0, 16647
24,16649,1,1,1, 16650
25,16655,2,2,1, 16657
8,16656,1,1,1, 16657
26,16657,3,3,1, 16660
14,16659,3,3,1, 16662
17,16659,3,3,1, 16662
13,16659,4,4,1, 16663
2,16663,2,2,1, 16665
18,16663,4,4,1, 16667
1,16666,1,1,0, 16667
20,16663,6,6,1, 16669
24,16669,1,1,0, 16670
6,16670,2,2,1, 16672
7,16672,1,1,0, 16673
25,16675,2,2,1, 16677
8,16676,1,1,0, 16677
31,16676,2,2,1, 16678
28,16674,5,5,1, 16679
9,16677,2,2,1, 16679
26,16677,3,3,1, 16680
17,16679,3,3,1, 16682
13,16679,4,4,1, 16683
12,16680,5,5,1, 16685
1,16686,1,1,0, 16687
20,16683,6,6,1, 16689
24,16689,1,1,0, 16690
6,16690,2,2,1, 16692
7,16692,1,1,0, 16693
8,16696,1,1,1, 16697
15,16701,2,2,1, 16703
24,16709,1,1,0, 16710
7,16712,1,1,0, 16713
8,16716,1,1,0, 16717
31,16716,2,2,1, 16718
29,16718,4,4,1, 16722
14,16719,3,3,1, 16722
15,16721,2,2,1, 16723
22,16726,4,4,1, 16730
24,16729,1,1,0, 16730
23,16728,3,3,1, 16731
6,16730,2,2,1, 16732
7,16732,1,1,0, 16733
30,16733,3,3,1, 16736
8,16736,1,1,0, 16737
31,16736,2,2,1, 16738
16,16739,2,2,1, 16741
14,16739,3,3,1, 16742
13,16739,4,4,1, 16743
5,16747,3,3,1, 16750
24,16749,1,1,0, 16750
21,16747,5,5,1, 16752
7,16752,1,1,1, 16753
30,16753,3,3,1, 16756
8,16756,1,1,1, 16757
31,16756,2,2,1, 16758
13,16759,4,4,1, 16763
15,16761,2,2,1, 16763
24,16769,1,1,1, 16770
7,16772,1,1,1, 16773
24,16789,1,1,1, 16790
7,16792,1,1,1, 16793
30,16793,3,3,1, 16796
25,16795,2,2,1, 16797
31,16796,2,2,1, 16798
9,16797,2,2,1, 16799
17,16799,3,3,1, 16802
1,16806,1,1,1, 16807
24,16809,1,1,0, 16810
6,16810,2,2,1, 16812
7,16812,1,1,1, 16813
25,16815,2,2,1, 16817
31,16816,2,2,1, 16818
9,16817,2,2,1, 16819
17,16819,3,3,1, 16822
1,16826,1,1,0, 16827
5,16827,3,3,1, 16830
24,16829,1,1,0, 16830
6,16830,2,2,1, 16832
7,16832,1,1,1, 16833
30,16833,3,3,1, 16836
31,16836,2,2,1, 16838
26,16837,3,3,1, 16840
29,16838,4,4,1, 16842
17,16839,3,3,1, 16842
2,16843,2,2,1, 16845
1,16846,1,1,0, 16847
24,16849,1,1,0, 16850
7,16852,1,1,1, 16853
25,16855,2,2,1, 16857
31,16856,2,2,1, 16858
29,16858,4,4,1, 16862
2,16863,2,2,1, 16865
1,16866,1,1,0, 16867
24,16869,1,1,0, 16870
23,16868,3,3,1, 16871
21,16867,5,5,1, 16872
7,16872,1,1,0, 16873
25,16875,2,2,1, 16877
8,16876,1,1,0, 16877
9,16877,2,2,1, 16879
26,16877,3,3,1, 16880
16,16879,2,2,1, 16881
13,16879,4,4,1, 16883
15,16881,2,2,1, 16883
1,16886,1,1,0, 16887
20,16883,6,6,1, 16889
4,16886,4,4,1, 16890
22,16886,4,4,1, 16890
24,16889,1,1,1, 16890
19,16886,5,5,1, 16891
7,16892,1,1,0, 16893
8,16896,1,1,0, 16897
11,16894,4,4,1, 16898
28,16894,5,5,1, 16899
16,16899,2,2,1, 16901
14,16899,3,3,1, 16902
17,16899,3,3,1, 16902
13,16899,4,4,1, 16903
12,16900,5,5,1, 16905
18,16903,4,4,1, 16907
22,16906,4,4,1, 16910
5,16907,3,3,1, 16910
24,16909,1,1,0, 16910
23,16908,3,3,1, 16911
6,16910,2,2,1, 16912
7,16912,1,1,1, 16913
8,16916,1,1,1, 16917
16,16919,2,2,1, 16921
13,16919,4,4,1, 16923
15,16921,2,2,1, 16923
22,16926,4,4,1, 16930
5,16927,3,3,1, 16930
24,16929,1,1,0, 16930
6,16930,2,2,1, 16932
7,16932,1,1,0, 16933
8,16936,1,1,0, 16937
31,16936,2,2,1, 16938
29,16938,4,4,1, 16942
14,16939,3,3,1, 16942
24,16949,1,1,1, 16950
23,16948,3,3,1, 16951
7,16952,1,1,1, 16953
8,16956,1,1,1, 16957
31,16956,2,2,1, 16958
29,16958,4,4,1, 16962
15,16961,2,2,1, 16963
22,16966,4,4,1, 16970
5,16967,3,3,1, 16970
24,16969,1,1,0, 16970
23,16968,3,3,1, 16971
7,16972,1,1,0, 16973
8,16976,1,1,1, 16977
31,16976,2,2,1, 16978
16,16979,2,2,1, 16981
22,16986,4,4,1, 16990
5,16987,3,3,1, 16990
24,16989,1,1,0, 16990
7,16992,1,1,1, 16993
8,16996,1,1,1, 16997
31,16996,2,2,1, 16998
29,16998,4,4,1, 17002
14,16999,3,3,1, 17002
22,17006,4,4,1, 17010
24,17009,1,1,0, 17010
6,17010,2,2,1, 17012
7,17012,1,1,1, 17013
30,17013,3,3,1, 17016
8,17016,1,1,0, 17017
31,17016,2,2,1, 17018
17,17019,3,3,1, 17022
15,17021,2,2,1, 17023
1,17026,1,1,1, 17027
5,17027,3,3,1, 17030
24,17029,1,1,0, 17030
23,17028,3,3,1, 17031
6,17030,2,2,1, 17032
8,17036,1,1,1, 17037
16,17039,2,2,1, 17041
2,17043,2,2,1, 17045
18,17043,4,4,1, 17047
1,17046,1,1,1, 17047
24,17049,1,1,0, 17050
25,17055,2,2,1, 17057
9,17057,2,2,1, 17059
26,17057,3,3,1, 17060
17,17059,3,3,1, 17062
18,17063,4,4,1, 17067
1,17066,1,1,1, 17067
24,17069,1,1,0, 17070
25,17075,2,2,1, 17077
26,17077,3,3,1, 17080
17,17079,3,3,1, 17082
12,17080,5,5,1, 17085
1,17086,1,1,0, 17087
3,17087,3,3,1, 17090
24,17089,1,1,1, 17090
27,17092,4,4,1, 17096
25,17095,2,2,1, 17097
28,17094,5,5,1, 17099
9,17097,2,2,1, 17099
12,17100,5,5,1, 17105
18,17103,4,4,1, 17107
1,17106,1,1,1, 17107
20,17103,6,6,1, 17109
24,17109,1,1,0, 17110
19,17106,5,5,1, 17111
24,17129,1,1,1, 17130
30,17133,3,3,1, 17136
31,17136,2,2,1, 17138
24,17149,1,1,0, 17150
23,17148,3,3,1, 17151
6,17150,2,2,1, 17152
7,17152,1,1,1, 17153
8,17156,1,1,1, 17157
16,17159,2,2,1, 17161
29,17158,4,4,1, 17162
15,17161,2,2,1, 17163
22,17166,4,4,1, 17170
5,17167,3,3,1, 17170
24,17169,1,1,0, 17170
6,17170,2,2,1, 17172
7,17172,1,1,0, 17173
30,17173,3,3,1, 17176
8,17176,1,1,1, 17177
31,17176,2,2,1, 17178
15,17181,2,2,1, 17183
22,17186,4,4,1, 17190
5,17187,3,3,1, 17190
24,17189,1,1,0, 17190
23,17188,3,3,1, 17191
6,17190,2,2,1, 17192
7,17192,1,1,1, 17193
8,17196,1,1,1, 17197
31,17196,2,2,1, 17198
22,17206,4,4,1, 17210
24,17209,1,1,1, 17210
7,17212,1,1,0, 17213
30,17213,3,3,1, 17216
8,17216,1,1,0, 17217
9,17217,2,2,1, 17219
16,17219,2,2,1, 17221
29,17218,4,4,1, 17222
17,17219,3,3,1, 17222
15,17221,2,2,1, 17223
1,17226,1,1,1, 17227
24,17229,1,1,0, 17230
21,17227,5,5,1, 17232
6,17230,2,2,1, 17232
7,17232,1,1,0, 17233
30,17233,3,3,1, 17236
8,17236,1,1,1, 17237
31,17236,2,2,1, 17238
9,17237,2,2,1, 17239
16,17239,2,2,1, 17241
1,17246,1,1,1, 17247
5,17247,3,3,1, 17250
24,17249,1,1,1, 17250
6,17250,2,2,1, 17252
7,17252,1,1,0, 17253
25,17255,2,2,1, 17257
8,17256,1,1,1, 17257
9,17257,2,2,1, 17259
16,17259,2,2,1, 17261
14,17259,3,3,1, 17262
15,17261,2,2,1, 17263
18,17263,4,4,1, 17267
1,17266,1,1,0, 17267
5,17267,3,3,1, 17270
24,17269,1,1,0, 17270
23,17268,3,3,1, 17271
6,17270,2,2,1, 17272
7,17272,1,1,0, 17273
30,17273,3,3,1, 17276
25,17275,2,2,1, 17277
8,17276,1,1,1, 17277
31,17276,2,2,1, 17278
9,17277,2,2,1, 17279
26,17277,3,3,1, 17280
16,17279,2,2,1, 17281
14,17279,3,3,1, 17282
17,17279,3,3,1, 17282
13,17279,4,4,1, 17283
15,17281,2,2,1, 17283
2,17283,2,2,1, 17285
1,17286,1,1,0, 17287
5,17287,3,3,1, 17290
24,17289,1,1,0, 17290
23,17288,3,3,1, 17291
21,17287,5,5,1, 17292
6,17290,2,2,1, 17292
7,17292,1,1,1, 17293
8,17296,1,1,0, 17297
31,17296,2,2,1, 17298
26,17297,3,3,1, 17300
16,17299,2,2,1, 17301
14,17299,3,3,1, 17302
17,17299,3,3,1, 17302
2,17303,2,2,1, 17305
1,17306,1,1,1, 17307
24,17309,1,1,1, 17310
17,17319,3,3,1, 17322
18,17323,4,4,1, 17327
1,17326,1,1,0, 17327
20,17323,6,6,1, 17329
4,17326,4,4,1, 17330
3,17327,3,3,1, 17330
24,17329,1,1,1, 17330
19,17326,5,5,1, 17331
27,17332,4,4,1, 17336
25,17335,2,2,1, 17337
28,17334,5,5,1, 17339
24,17349,1,1,1, 17350
24,17369,1,1,0, 17370
24,17389,1,1,1, 17390
24,17409,1,1,1, 17410
23,17408,3,3,1, 17411
7,17412,1,1,0, 17413
8,17416,1,1,1, 17417
16,17419,2,2,1, 17421
13,17419,4,4,1, 17423
15,17421,2,2,1, 17423
24,17429,1,1,1, 17430
21,17427,5,5,1, 17432
7,17432,1,1,1, 17433
8,17436,1,1,0, 17437
16,17439,2,2,1, 17441
15,17441,2,2,1, 17443
1,17446,1,1,1, 17447
5,17447,3,3,1, 17450
24,17449,1,1,0, 17450
6,17450,2,2,1, 17452
7,17452,1,1,1, 17453
30,17453,3,3,1, 17456
8,17456,1,1,1, 17457
9,17457,2,2,1, 17459
29,17458,4,4,1, 17462
14,17459,3,3,1, 17462
17,17459,3,3,1, 17462
15,17461,2,2,1, 17463
1,17466,1,1,1, 17467
22,17466,4,4,1, 17470
5,17467,3,3,1, 17470
24,17469,1,1,0, 17470
21,17467,5,5,1, 17472
6,17470,2,2,1, 17472
7,17472,1,1,0, 17473
30,17473,3,3,1, 17476
8,17476,1,1,0, 17477
31,17476,2,2,1, 17478
9,17477,2,2,1, 17479
16,17479,2,2,1, 17481
29,17478,4,4,1, 17482
13,17479,4,4,1, 17483
1,17486,1,1,0, 17487
24,17489,1,1,0, 17490
23,17488,3,3,1, 17491
21,17487,5,5,1, 17492
7,17492,1,1,1, 17493
30,17493,3,3,1, 17496
25,17495,2,2,1, 17497
8,17496,1,1,0, 17497
31,17496,2,2,1, 17498
9,17497,2,2,1, 17499
29,17498,4,4,1, 17502
14,17499,3,3,1, 17502
17,17499,3,3,1, 17502
13,17499,4,4,1, 17503
15,17501,2,2,1, 17503
1,17506,1,1,1, 17507
24,17509,1,1,0, 17510
23,17508,3,3,1, 17511
21,17507,5,5,1, 17512
6,17510,2,2,1, 17512
7,17512,1,1,1, 17513
30,17513,3,3,1, 17516
8,17516,1,1,1, 17517
11,17514,4,4,1, 17518
31,17516,2,2,1, 17518
29,17518,4,4,1, 17522
14,17519,3,3,1, 17522
17,17519,3,3,1, 17522
12,17520,5,5,1, 17525
1,17526,1,1,0, 17527
22,17526,4,4,1, 17530
5,17527,3,3,1, 17530
24,17529,1,1,1, 17530
23,17528,3,3,1, 17531
21,17527,5,5,1, 17532
7,17532,1,1,0, 17533
25,17535,2,2,1, 17537
31,17536,2,2,1, 17538
9,17537,2,2,1, 17539
26,17537,3,3,1, 17540
29,17538,4,4,1, 17542
17,17539,3,3,1, 17542
2,17543,2,2,1, 17545
18,17543,4,4,1, 17547
1,17546,1,1,0, 17547
24,17549,1,1,0, 17550
7,17552,1,1,1, 17553
9,17557,2,2,1, 17559
2,17563,2,2,1, 17565
18,17563,4,4,1, 17567
1,17566,1,1,1, 17567
5,17567,3,3,1, 17570
24,17569,1,1,0, 17570
6,17570,2,2,1, 17572
7,17572,1,1,0, 17573
31,17576,2,2,1, 17578
29,17578,4,4,1, 17582
17,17579,3,3,1, 17582
2,17583,2,2,1, 17585
1,17586,1,1,1, 17587
24,17589,1,1,0, 17590
6,17590,2,2,1, 17592
7,17592,1,1,0, 17593
30,17593,3,3,1, 17596
31,17596,2,2,1, 17598
26,17597,3,3,1, 17600
29,17598,4,4,1, 17602
17,17599,3,3,1, 17602
18,17603,4,4,1, 17607
1,17606,1,1,1, 17607
5,17607,3,3,1, 17610
24,17609,1,1,0, 17610
6,17610,2,2,1, 17612
7,17612,1,1,1, 17613
30,17613,3,3,1, 17616
17,17619,3,3,1, 17622
2,17623,2,2,1, 17625
1,17626,1,1,0, 17627
24,17629,1,1,1, 17630
19,17626,5,5,1, 17631
27,17632,4,4,1, 17636
25,17635,2,2,1, 17637
8,17636,1,1,1, 17637
15,17641,2,2,1, 17643
24,17649,1,1,1, 17650
23,17648,3,3,1, 17651
8,17656,1,1,0, 17657
16,17659,2,2,1, 17661
24,17669,1,1,0, 17670
23,17668,3,3,1, 17671
8,17676,1,1,1, 17677
13,17679,4,4,1, 17683
15,17681,2,2,1, 17683
22,17686,4,4,1, 17690
24,17689,1,1,1, 17690
8,17696,1,1,1, 17697
15,17701,2,2,1, 17703
24,17709,1,1,0, 17710
21,17707,5,5,1, 17712
8,17716,1,1,0, 17717
22,17726,4,4,1, 17730
24,17729,1,1,0, 17730
7,17732,1,1,1, 17733
8,17736,1,1,0, 17737
16,17739,2,2,1, 17741
14,17739,3,3,1, 17742
15,17741,2,2,1, 17743
1,17746,1,1,1, 17747
5,17747,3,3,1, 17750
24,17749,1,1,0, 17750
21,17747,5,5,1, 17752
6,17750,2,2,1, 17752
7,17752,1,1,0, 17753
30,17753,3,3,1, 17756
8,17756,1,1,0, 17757
31,17756,2,2,1, 17758
29,17758,4,4,1, 17762
14,17759,3,3,1, 17762
17,17759,3,3,1, 17762
1,17766,1,1,1, 17767
24,17769,1,1,0, 17770
21,17767,5,5,1, 17772
7,17772,1,1,0, 17773
8,17776,1,1,0, 17777
16,17779,2,2,1, 17781
29,17778,4,4,1, 17782
17,17779,3,3,1, 17782
15,17781,2,2,1, 17783
1,17786,1,1,0, 17787
22,17786,4,4,1, 17790
5,17787,3,3,1, 17790
24,17789,1,1,0, 17790
6,17790,2,2,1, 17792
7,17792,1,1,0, 17793
30,17793,3,3,1, 17796
8,17796,1,1,1, 17797
1,17806,1,1,0, 17807
5,17807,3,3,1, 17810
24,17809,1,1,0, 17810
23,17808,3,3,1, 17811
21,17807,5,5,1, 17812
7,17812,1,1,0, 17813
25,17815,2,2,1, 17817
8,17816,1,1,1, 17817
31,17816,2,2,1, 17818
26,17817,3,3,1, 17820
29,17818,4,4,1, 17822
14,17819,3,3,1, 17822
1,17826,1,1,1, 17827
24,17829,1,1,1, 17830
21,17827,5,5,1, 17832
7,17832,1,1,1, 17833
8,17836,1,1,1, 17837
26,17837,3,3,1, 17840
2,17843,2,2,1, 17845
1,17846,1,1,1, 17847
24,17849,1,1,1, 17850
21,17847,5,5,1, 17852
7,17852,1,1,1, 17853
8,17856,1,1,0, 17857
31,17856,2,2,1, 17858
26,17857,3,3,1, 17860
16,17859,2,2,1, 17861
13,17859,4,4,1, 17863
15,17861,2,2,1, 17863
2,17863,2,2,1, 17865
18,17863,4,4,1, 17867
1,17866,1,1,0, 17867
20,17863,6,6,1, 17869
22,17866,4,4,1, 17870
24,17869,1,1,1, 17870
21,17867,5,5,1, 17872
7,17872,1,1,1, 17873
27,17872,4,4,1, 17876
25,17875,2,2,1, 17877
8,17876,1,1,0, 17877
11,17874,4,4,1, 17878
28,17874,5,5,1, 17879
14,17879,3,3,1, 17882
12,17880,5,5,1, 17885
2,17883,2,2,1, 17885
1,17886,1,1,1, 17887
4,17886,4,4,1, 17890
24,17889,1,1,0, 17890
7,17892,1,1,0, 17893
27,17892,4,4,1, 17896
9,17897,2,2,1, 17899
18,17903,4,4,1, 17907
1,17906,1,1,0, 17907
20,17903,6,6,1, 17909
3,17907,3,3,1, 17910
24,17909,1,1,1, 17910
7,17912,1,1,0, 17913
27,17912,4,4,1, 17916
25,17915,2,2,1, 17917
11,17914,4,4,1, 17918
28,17914,5,5,1, 17919
12,17920,5,5,1, 17925
2,17923,2,2,1, 17925
5,17927,3,3,1, 17930
24,17929,1,1,0, 17930
6,17930,2,2,1, 17932
7,17932,1,1,1, 17933
30,17933,3,3,1, 17936
31,17936,2,2,1, 17938
24,17949,1,1,0, 17950
6,17950,2,2,1, 17952
7,17952,1,1,1, 17953
31,17956,2,2,1, 17958
5,17967,3,3,1, 17970
24,17969,1,1,1, 17970
6,17970,2,2,1, 17972
7,17972,1,1,0, 17973
30,17973,3,3,1, 17976
29,17978,4,4,1, 17982
5,17987,3,3,1, 17990
24,17989,1,1,1, 17990
23,17988,3,3,1, 17991
7,17992,1,1,1, 17993
8,17996,1,1,0, 17997
31,17996,2,2,1, 17998
13,17999,4,4,1, 18003
22,18006,4,4,1, 18010
5,18007,3,3,1, 18010
24,18009,1,1,0, 18010
23,18008,3,3,1, 18011
21,18007,5,5,1, 18012
6,18010,2,2,1, 18012
7,18012,1,1,0, 18013
8,18016,1,1,0, 18017
31,18016,2,2,1, 18018
16,18019,2,2,1, 18021
14,18019,3,3,1, 18022
5,18027,3,3,1, 18030
24,18029,1,1,0, 18030
23,18028,3,3,1, 18031
21,18027,5,5,1, 18032
7,18032,1,1,0, 18033
30,18033,3,3,1, 18036
8,18036,1,1,1, 18037
9,18037,2,2,1, 18039
16,18039,2,2,1, 18041
17,18039,3,3,1, 18042
15,18041,2,2,1, 18043
18,18043,4,4,1, 18047
1,18046,1,1,1, 18047
22,18046,4,4,1, 18050
24,18049,1,1,1, 18050
23,18048,3,3,1, 18051
7,18052,1,1,1, 18053
8,18056,1,1,1, 18057
9,18057,2,2,1, 18059
29,18058,4,4,1, 18062
14,18059,3,3,1, 18062
17,18059,3,3,1, 18062
13,18059,4,4,1, 18063
12,18060,5,5,1, 18065
2,18063,2,2,1, 18065
1,18066,1,1,1, 18067
5,18067,3,3,1, 18070
24,18069,1,1,0, 18070
21,18067,5,5,1, 18072
6,18070,2,2,1, 18072
7,18072,1,1,0, 18073
8,18076,1,1,0, 18077
11,18074,4,4,1, 18078
31,18076,2,2,1, 18078
26,18077,3,3,1, 18080
16,18079,2,2,1, 18081
29,18078,4,4,1, 18082
14,18079,3,3,1, 18082
15,18081,2,2,1, 18083
1,18086,1,1,1, 18087
4,18086,4,4,1, 18090
22,18086,4,4,1, 18090
24,18089,1,1,0, 18090
19,18086,5,5,1, 18091
21,18087,5,5,1, 18092
6,18090,2,2,1, 18092
7,18092,1,1,0, 18093
27,18092,4,4,1, 18096
8,18096,1,1,1, 18097
31,18096,2,2,1, 18098
28,18094,5,5,1, 18099
16,18099,2,2,1, 18101
17,18099,3,3,1, 18102
12,18100,5,5,1, 18105
2,18103,2,2,1, 18105
18,18103,4,4,1, 18107
1,18106,1,1,0, 18107
20,18103,6,6,1, 18109
3,18107,3,3,1, 18110
5,18107,3,3,1, 18110
24,18109,1,1,1, 18110
19,18106,5,5,1, 18111
7,18112,1,1,1, 18113
30,18113,3,3,1, 18116
31,18116,2,2,1, 18118
29,18118,4,4,1, 18122
2,18123,2,2,1, 18125
1,18126,1,1,1, 18127
4,18126,4,4,1, 18130
24,18129,1,1,1, 18130
7,18132,1,1,0, 18133
30,18133,3,3,1, 18136
31,18136,2,2,1, 18138
29,18138,4,4,1, 18142
24,18149,1,1,0, 18150
7,18152,1,1,0, 18153
29,18158,4,4,1, 18162
24,18169,1,1,1, 18170
6,18170,2,2,1, 18172
7,18172,1,1,0, 18173
31,18176,2,2,1, 18178
24,18189,1,1,1, 18190
22,18206,4,4,1, 18210
24,18209,1,1,0, 18210
21,18207,5,5,1, 18212
8,18216,1,1,1, 18217
14,18219,3,3,1, 18222
22,18226,4,4,1, 18230
24,18229,1,1,1, 18230
23,18228,3,3,1, 18231
25,18235,2,2,1, 18237
8,18236,1,1,1, 18237
9,18237,2,2,1, 18239
16,18239,2,2,1, 18241
13,18239,4,4,1, 18243
1,18246,1,1,1, 18247
22,18246,4,4,1, 18250
24,18249,1,1,0, 18250
23,18248,3,3,1, 18251
25,18255,2,2,1, 18257
8,18256,1,1,1, 18257
16,18259,2,2,1, 18261
14,18259,3,3,1, 18262
13,18259,4,4,1, 18263
1,18266,1,1,1, 18267
22,18266,4,4,1, 18270
24,18269,1,1,1, 18270
21,18267,5,5,1, 18272
25,18275,2,2,1, 18277
8,18276,1,1,0, 18277
15,18281,2,2,1, 18283
1,18286,1,1,0, 18287
22,18286,4,4,1, 18290
24,18289,1,1,1, 18290
6,18290,2,2,1, 18292
7,18292,1,1,0, 18293
8,18296,1,1,0, 18297
26,18297,3,3,1, 18300
16,18299,2,2,1, 18301
2,18303,2,2,1, 18305
1,18306,1,1,1, 18307
5,18307,3,3,1, 18310
24,18309,1,1,0, 18310
7,18312,1,1,0, 18313
30,18313,3,3,1, 18316
8,18316,1,1,0, 18317
31,18316,2,2,1, 18318
9,18317,2,2,1, 18319
26,18317,3,3,1, 18320
16,18319,2,2,1, 18321
18,18323,4,4,1, 18327
1,18326,1,1,1, 18327
24,18329,1,1,0, 18330
7,18332,1,1,0, 18333
30,18333,3,3,1, 18336
25,18335,2,2,1, 18337
8,18336,1,1,0, 18337
31,18336,2,2,1, 18338
9,18337,2,2,1, 18339
17,18339,3,3,1, 18342
13,18339,4,4,1, 18343
2,18343,2,2,1, 18345
18,18343,4,4,1, 18347
1,18346,1,1,1, 18347
5,18347,3,3,1, 18350
24,18349,1,1,1, 18350
6,18350,2,2,1, 18352
7,18352,1,1,1, 18353
30,18353,3,3,1, 18356
8,18356,1,1,0, 18357
11,18354,4,4,1, 18358
31,18356,2,2,1, 18358
9,18357,2,2,1, 18359
29,18358,4,4,1, 18362
14,18359,3,3,1, 18362
17,18359,3,3,1, 18362
13,18359,4,4,1, 18363
2,18363,2,2,1, 18365
18,18363,4,4,1, 18367
1,18366,1,1,1, 18367
3,18367,3,3,1, 18370
5,18367,3,3,1, 18370
24,18369,1,1,1, 18370
21,18367,5,5,1, 18372
6,18370,2,2,1, 18372
7,18372,1,1,0, 18373
27,18372,4,4,1, 18376
30,18373,3,3,1, 18376
8,18376,1,1,0, 18377
31,18376,2,2,1, 18378
28,18374,5,5,1, 18379
26,18377,3,3,1, 18380
29,18378,4,4,1, 18382
13,18379,4,4,1, 18383
12,18380,5,5,1, 18385
18,18383,4,4,1, 18387
24,18389,1,1,1, 18390
7,18392,1,1,0, 18393
30,18393,3,3,1, 18396
8,18396,1,1,1, 18397
31,18396,2,2,1, 18398
16,18399,2,2,1, 18401
14,18399,3,3,1, 18402
15,18401,2,2,1, 18403
22,18406,4,4,1, 18410
24,18409,1,1,1, 18410
23,18408,3,3,1, 18411
21,18407,5,5,1, 18412
7,18412,1,1,1, 18413
8,18416,1,1,1, 18417
31,18416,2,2,1, 18418
16,18419,2,2,1, 18421
5,18427,3,3,1, 18430
24,18429,1,1,0, 18430
7,18432,1,1,1, 18433
24,18449,1,1,1, 18450
7,18452,1,1,1, 18453
5,18467,3,3,1, 18470
24,18469,1,1,0, 18470
6,18470,2,2,1, 18472
7,18472,1,1,1, 18473
31,18476,2,2,1, 18478
5,18487,3,3,1, 18490
24,18489,1,1,0, 18490
7,18492,1,1,0, 18493
30,18493,3,3,1, 18496
25,18495,2,2,1, 18497
1,18506,1,1,1, 18507
24,18509,1,1,0, 18510
7,18512,1,1,0, 18513
30,18513,3,3,1, 18516
25,18515,2,2,1, 18517
1,18526,1,1,1, 18527
22,18526,4,4,1, 18530
24,18529,1,1,1, 18530
21,18527,5,5,1, 18532
7,18532,1,1,0, 18533
30,18533,3,3,1, 18536
8,18536,1,1,1, 18537
31,18536,2,2,1, 18538
16,18539,2,2,1, 18541
13,18539,4,4,1, 18543
15,18541,2,2,1, 18543
2,18543,2,2,1, 18545
18,18543,4,4,1, 18547
1,18546,1,1,1, 18547
5,18547,3,3,1, 18550
24,18549,1,1,1, 18550
6,18550,2,2,1, 18552
7,18552,1,1,1, 18553
30,18553,3,3,1, 18556
8,18556,1,1,0, 18557
31,18556,2,2,1, 18558
26,18557,3,3,1, 18560
14,18559,3,3,1, 18562
15,18561,2,2,1, 18563
2,18563,2,2,1, 18565
18,18563,4,4,1, 18567
1,18566,1,1,0, 18567
22,18566,4,4,1, 18570
5,18567,3,3,1, 18570
24,18569,1,1,0, 18570
6,18570,2,2,1, 18572
7,18572,1,1,1, 18573
30,18573,3,3,1, 18576
8,18576,1,1,0, 18577
9,18577,2,2,1, 18579
14,18579,3,3,1, 18582
15,18581,2,2,1, 18583
12,18580,5,5,1, 18585
2,18583,2,2,1, 18585
1,18586,1,1,1, 18587
20,18583,6,6,1, 18589
4,18586,4,4,1, 18590
22,18586,4,4,1, 18590
24,18589,1,1,1, 18590
21,18587,5,5,1, 18592
27,18592,4,4,1, 18596
8,18596,1,1,0, 18597
11,18594,4,4,1, 18598
16,18599,2,2,1, 18601
17,18599,3,3,1, 18602
15,18601,2,2,1, 18603
12,18600,5,5,1, 18605
1,18606,1,1,1, 18607
22,18606,4,4,1, 18610
24,18609,1,1,0, 18610
23,18608,3,3,1, 18611
21,18607,5,5,1, 18612
27,18612,4,4,1, 18616
8,18616,1,1,0, 18617
14,18619,3,3,1, 18622
13,18619,4,4,1, 18623
12,18620,5,5,1, 18625
2,18623,2,2,1, 18625
18,18623,4,4,1, 18627
1,18626,1,1,1, 18627
4,18626,4,4,1, 18630
24,18629,1,1,1, 18630
27,18632,4,4,1, 18636
8,18636,1,1,0, 18637
11,18634,4,4,1, 18638
28,18634,5,5,1, 18639
26,18637,3,3,1, 18640
16,18639,2,2,1, 18641
14,18639,3,3,1, 18642
17,18639,3,3,1, 18642
13,18639,4,4,1, 18643
22,18646,4,4,1, 18650
24,18649,1,1,0, 18650
23,18648,3,3,1, 18651
24,18669,1,1,1, 18670
5,18687,3,3,1, 18690
24,18689,1,1,1, 18690
6,18690,2,2,1, 18692
7,18692,1,1,1, 18693
24,18709,1,1,0, 18710
7,18712,1,1,0, 18713
24,18729,1,1,0, 18730
7,18732,1,1,0, 18733
31,18736,2,2,1, 18738
1,18746,1,1,0, 18747
24,18749,1,1,0, 18750
6,18750,2,2,1, 18752
7,18752,1,1,0, 18753
30,18753,3,3,1, 18756
25,18755,2,2,1, 18757
8,18756,1,1,1, 18757
9,18757,2,2,1, 18759
16,18759,2,2,1, 18761
14,18759,3,3,1, 18762
15,18761,2,2,1, 18763
1,18766,1,1,1, 18767
5,18767,3,3,1, 18770
24,18769,1,1,0, 18770
23,18768,3,3,1, 18771
6,18770,2,2,1, 18772
7,18772,1,1,0, 18773
30,18773,3,3,1, 18776
8,18776,1,1,1, 18777
31,18776,2,2,1, 18778
9,18777,2,2,1, 18779
17,18779,3,3,1, 18782
1,18786,1,1,1, 18787
5,18787,3,3,1, 18790
24,18789,1,1,0, 18790
21,18787,5,5,1, 18792
6,18790,2,2,1, 18792
7,18792,1,1,1, 18793
25,18795,2,2,1, 18797
8,18796,1,1,1, 18797
31,18796,2,2,1, 18798
26,18797,3,3,1, 18800
29,18798,4,4,1, 18802
17,18799,3,3,1, 18802
13,18799,4,4,1, 18803
15,18801,2,2,1, 18803
18,18803,4,4,1, 18807
1,18806,1,1,1, 18807
22,18806,4,4,1, 18810
24,18809,1,1,0, 18810
7,18812,1,1,1, 18813
25,18815,2,2,1, 18817
8,18816,1,1,0, 18817
31,18816,2,2,1, 18818
26,18817,3,3,1, 18820
15,18821,2,2,1, 18823
2,18823,2,2,1, 18825
18,18823,4,4,1, 18827
1,18826,1,1,1, 18827
3,18827,3,3,1, 18830
5,18827,3,3,1, 18830
24,18829,1,1,0, 18830
19,18826,5,5,1, 18831
7,18832,1,1,1, 18833
27,18832,4,4,1, 18836
30,18833,3,3,1, 18836
25,18835,2,2,1, 18837
8,18836,1,1,0, 18837
11,18834,4,4,1, 18838
31,18836,2,2,1, 18838
9,18837,2,2,1, 18839
29,18838,4,4,1, 18842
14,18839,3,3,1, 18842
13,18839,4,4,1, 18843
1,18846,1,1,1, 18847
22,18846,4,4,1, 18850
3,18847,3,3,1, 18850
24,18849,1,1,1, 18850
23,18848,3,3,1, 18851
7,18852,1,1,0, 18853
25,18855,2,2,1, 18857
8,18856,1,1,1, 18857
31,18856,2,2,1, 18858
9,18857,2,2,1, 18859
26,18857,3,3,1, 18860
16,18859,2,2,1, 18861
14,18859,3,3,1, 18862
13,18859,4,4,1, 18863
15,18861,2,2,1, 18863
24,18869,1,1,0, 18870
21,18867,5,5,1, 18872
7,18872,1,1,0, 18873
8,18876,1,1,0, 18877
31,18876,2,2,1, 18878
16,18879,2,2,1, 18881
15,18881,2,2,1, 18883
24,18889,1,1,0, 18890
23,18888,3,3,1, 18891
7,18892,1,1,1, 18893
8,18896,1,1,1, 18897
31,18896,2,2,1, 18898
16,18899,2,2,1, 18901
14,18899,3,3,1, 18902
22,18906,4,4,1, 18910
24,18909,1,1,0, 18910
23,18908,3,3,1, 18911
7,18912,1,1,1, 18913
24,18929,1,1,1, 18930
7,18932,1,1,1, 18933
24,18949,1,1,0, 18950
6,18950,2,2,1, 18952
7,18952,1,1,0, 18953
29,18958,4,4,1, 18962
1,18966,1,1,0, 18967
5,18967,3,3,1, 18970
24,18969,1,1,1, 18970
7,18972,1,1,0, 18973
29,18978,4,4,1, 18982
17,18979,3,3,1, 18982
1,18986,1,1,0, 18987
5,18987,3,3,1, 18990
24,18989,1,1,1, 18990
6,18990,2,2,1, 18992
7,18992,1,1,0, 18993
25,18995,2,2,1, 18997
31,18996,2,2,1, 18998
17,18999,3,3,1, 19002
1,19006,1,1,1, 19007
24,19009,1,1,1, 19010
6,19010,2,2,1, 19012
7,19012,1,1,1, 19013
30,19013,3,3,1, 19016
31,19016,2,2,1, 19018
9,19017,2,2,1, 19019
26,19017,3,3,1, 19020
16,19019,2,2,1, 19021
29,19018,4,4,1, 19022
14,19019,3,3,1, 19022
18,19023,4,4,1, 19027
1,19026,1,1,0, 19027
22,19026,4,4,1, 19030
5,19027,3,3,1, 19030
24,19029,1,1,0, 19030
21,19027,5,5,1, 19032
6,19030,2,2,1, 19032
7,19032,1,1,1, 19033
25,19035,2,2,1, 19037
8,19036,1,1,0, 19037
31,19036,2,2,1, 19038
16,19039,2,2,1, 19041
29,19038,4,4,1, 19042
14,19039,3,3,1, 19042
17,19039,3,3,1, 19042
15,19041,2,2,1, 19043
18,19043,4,4,1, 19047
1,19046,1,1,1, 19047
5,19047,3,3,1, 19050
24,19049,1,1,1, 19050
23,19048,3,3,1, 19051
21,19047,5,5,1, 19052
7,19052,1,1,0, 19053
8,19056,1,1,1, 19057
31,19056,2,2,1, 19058
9,19057,2,2,1, 19059
26,19057,3,3,1, 19060
16,19059,2,2,1, 19061
29,19058,4,4,1, 19062
14,19059,3,3,1, 19062
13,19059,4,4,1, 19063
15,19061,2,2,1, 19063
2,19063,2,2,1, 19065
1,19066,1,1,0, 19067
22,19066,4,4,1, 19070
24,19069,1,1,1, 19070
21,19067,5,5,1, 19072
7,19072,1,1,0, 19073
8,19076,1,1,1, 19077
31,19076,2,2,1, 19078
9,19077,2,2,1, 19079
29,19078,4,4,1, 19082
14,19079,3,3,1, 19082
13,19079,4,4,1, 19083
18,19083,4,4,1, 19087
1,19086,1,1,0, 19087
22,19086,4,4,1, 19090
24,19089,1,1,1, 19090
19,19086,5,5,1, 19091
6,19090,2,2,1, 19092
7,19092,1,1,0, 19093
27,19092,4,4,1, 19096
30,19093,3,3,1, 19096
8,19096,1,1,1, 19097
11,19094,4,4,1, 19098
31,19096,2,2,1, 19098
16,19099,2,2,1, 19101
18,19103,4,4,1, 19107
1,19106,1,1,1, 19107
20,19103,6,6,1, 19109
4,19106,4,4,1, 19110
3,19107,3,3,1, 19110
24,19109,1,1,0, 19110
23,19108,3,3,1, 19111
27,19112,4,4,1, 19116
25,19115,2,2,1, 19117
8,19116,1,1,0, 19117
11,19114,4,4,1, 19118
16,19119,2,2,1, 19121
17,19119,3,3,1, 19122
1,19126,1,1,0, 19127
4,19126,4,4,1, 19130
3,19127,3,3,1, 19130
24,19129,1,1,0, 19130
19,19126,5,5,1, 19131
24,19149,1,1,1, 19150
24,19169,1,1,1, 19170
24,19189,1,1,1, 19190
5,19207,3,3,1, 19210
24,19209,1,1,1, 19210
6,19210,2,2,1, 19212
7,19212,1,1,0, 19213
29,19218,4,4,1, 19222
5,19227,3,3,1, 19230
24,19229,1,1,1, 19230
21,19227,5,5,1, 19232
7,19232,1,1,1, 19233
25,19235,2,2,1, 19237
8,19236,1,1,1, 19237
31,19236,2,2,1, 19238
16,19239,2,2,1, 19241
14,19239,3,3,1, 19242
17,19239,3,3,1, 19242
13,19239,4,4,1, 19243
1,19246,1,1,0, 19247
22,19246,4,4,1, 19250
5,19247,3,3,1, 19250
24,19249,1,1,1, 19250
21,19247,5,5,1, 19252
7,19252,1,1,0, 19253
30,19253,3,3,1, 19256
25,19255,2,2,1, 19257
8,19256,1,1,1, 19257
31,19256,2,2,1, 19258
26,19257,3,3,1, 19260
29,19258,4,4,1, 19262
14,19259,3,3,1, 19262
13,19259,4,4,1, 19263
15,19261,2,2,1, 19263
2,19263,2,2,1, 19265
18,19263,4,4,1, 19267
1,19266,1,1,0, 19267
24,19269,1,1,0, 19270
21,19267,5,5,1, 19272
7,19272,1,1,0, 19273
30,19273,3,3,1, 19276
8,19276,1,1,0, 19277
31,19276,2,2,1, 19278
9,19277,2,2,1, 19279
16,19279,2,2,1, 19281
17,19279,3,3,1, 19282
15,19281,2,2,1, 19283
18,19283,4,4,1, 19287
1,19286,1,1,0, 19287
5,19287,3,3,1, 19290
24,19289,1,1,0, 19290
7,19292,1,1,0, 19293
30,19293,3,3,1, 19296
25,19295,2,2,1, 19297
8,19296,1,1,0, 19297
31,19296,2,2,1, 19298
26,19297,3,3,1, 19300
16,19299,2,2,1, 19301
29,19298,4,4,1, 19302
13,19299,4,4,1, 19303
2,19303,2,2,1, 19305
1,19306,1,1,1, 19307
22,19306,4,4,1, 19310
5,19307,3,3,1, 19310
24,19309,1,1,1, 19310
21,19307,5,5,1, 19312
7,19312,1,1,1, 19313
30,19313,3,3,1, 19316
25,19315,2,2,1, 19317
8,19316,1,1,0, 19317
31,19316,2,2,1, 19318
9,19317,2,2,1, 19319
16,19319,2,2,1, 19321
17,19319,3,3,1, 19322
15,19321,2,2,1, 19323
1,19326,1,1,0, 19327
4,19326,4,4,1, 19330
24,19329,1,1,1, 19330
19,19326,5,5,1, 19331
23,19328,3,3,1, 19331
7,19332,1,1,0, 19333
27,19332,4,4,1, 19336
25,19335,2,2,1, 19337
8,19336,1,1,1, 19337
31,19336,2,2,1, 19338
28,19334,5,5,1, 19339
26,19337,3,3,1, 19340
16,19339,2,2,1, 19341
29,19338,4,4,1, 19342
14,19339,3,3,1, 19342
13,19339,4,4,1, 19343
15,19341,2,2,1, 19343
12,19340,5,5,1, 19345
2,19343,2,2,1, 19345
5,19347,3,3,1, 19350
24,19349,1,1,1, 19350
6,19350,2,2,1, 19352
7,19352,1,1,1, 19353
30,19353,3,3,1, 19356
29,19358,4,4,1, 19362
24,19369,1,1,0, 19370
6,19370,2,2,1, 19372
7,19372,1,1,0, 19373
30,19373,3,3,1, 19376
29,19378,4,4,1, 19382
24,19389,1,1,0, 19390
24,19409,1,1,0, 19410
24,19429,1,1,1, 19430
24,19449,1,1,0, 19450
23,19448,3,3,1, 19451
21,19447,5,5,1, 19452
25,19455,2,2,1, 19457
8,19456,1,1,0, 19457
9,19457,2,2,1, 19459
13,19459,4,4,1, 19463
1,19466,1,1,0, 19467
24,19469,1,1,0, 19470
23,19468,3,3,1, 19471
25,19475,2,2,1, 19477
8,19476,1,1,0, 19477
14,19479,3,3,1, 19482
15,19481,2,2,1, 19483
1,19486,1,1,1, 19487
5,19487,3,3,1, 19490
24,19489,1,1,0, 19490
23,19488,3,3,1, 19491
7,19492,1,1,1, 19493
30,19493,3,3,1, 19496
25,19495,2,2,1, 19497
8,19496,1,1,0, 19497
9,19497,2,2,1, 19499
29,19498,4,4,1, 19502
14,19499,3,3,1, 19502
1,19506,1,1,0, 19507
22,19506,4,4,1, 19510
24,19509,1,1,0, 19510
21,19507,5,5,1, 19512
6,19510,2,2,1, 19512
7,19512,1,1,0, 19513
8,19516,1,1,1, 19517
31,19516,2,2,1, 19518
16,19519,2,2,1, 19521
14,19519,3,3,1, 19522
17,19519,3,3,1, 19522
13,19519,4,4,1, 19523
18,19523,4,4,1, 19527
1,19526,1,1,0, 19527
5,19527,3,3,1, 19530
24,19529,1,1,1, 19530
23,19528,3,3,1, 19531
6,19530,2,2,1, 19532
7,19532,1,1,0, 19533
27,19532,4,4,1, 19536
30,19533,3,3,1, 19536
25,19535,2,2,1, 19537
8,19536,1,1,1, 19537
31,19536,2,2,1, 19538
15,19541,2,2,1, 19543
12,19540,5,5,1, 19545
2,19543,2,2,1, 19545
18,19543,4,4,1, 19547
1,19546,1,1,0, 19547
3,19547,3,3,1, 19550
24,19549,1,1,1, 19550
21,19547,5,5,1, 19552
6,19550,2,2,1, 19552
7,19552,1,1,0, 19553
27,19552,4,4,1, 19556
25,19555,2,2,1, 19557
8,19556,1,1,1, 19557
11,19554,4,4,1, 19558
9,19557,2,2,1, 19559
16,19559,2,2,1, 19561
13,19559,4,4,1, 19563
18,19563,4,4,1, 19567
1,19566,1,1,0, 19567
22,19566,4,4,1, 19570
3,19567,3,3,1, 19570
24,19569,1,1,1, 19570
19,19566,5,5,1, 19571
23,19568,3,3,1, 19571
7,19572,1,1,0, 19573
27,19572,4,4,1, 19576
30,19573,3,3,1, 19576
8,19576,1,1,1, 19577
11,19574,4,4,1, 19578
9,19577,2,2,1, 19579
26,19577,3,3,1, 19580
16,19579,2,2,1, 19581
29,19578,4,4,1, 19582
17,19579,3,3,1, 19582
15,19581,2,2,1, 19583
5,19587,3,3,1, 19590
24,19589,1,1,0, 19590
7,19592,1,1,0, 19593
8,19596,1,1,1, 19597
31,19596,2,2,1, 19598
16,19599,2,2,1, 19601
14,19599,3,3,1, 19602
5,19607,3,3,1, 19610
24,19609,1,1,1, 19610
21,19607,5,5,1, 19612
7,19612,1,1,0, 19613
30,19613,3,3,1, 19616
8,19616,1,1,0, 19617
31,19616,2,2,1, 19618
16,19619,2,2,1, 19621
14,19619,3,3,1, 19622
5,19627,3,3,1, 19630
24,19629,1,1,0, 19630
6,19630,2,2,1, 19632
7,19632,1,1,1, 19633
29,19638,4,4,1, 19642
24,19649,1,1,1, 19650
7,19652,1,1,0, 19653
31,19656,2,2,1, 19658
5,19667,3,3,1, 19670
24,19669,1,1,1, 19670
6,19670,2,2,1, 19672
7,19672,1,1,0, 19673
30,19673,3,3,1, 19676
29,19678,4,4,1, 19682
5,19687,3,3,1, 19690
24,19689,1,1,0, 19690
7,19692,1,1,1, 19693
25,19695,2,2,1, 19697
17,19699,3,3,1, 19702
1,19706,1,1,1, 19707
5,19707,3,3,1, 19710
24,19709,1,1,1, 19710
7,19712,1,1,1, 19713
31,19716,2,2,1, 19718
9,19717,2,2,1, 19719
26,19717,3,3,1, 19720
18,19723,4,4,1, 19727
1,19726,1,1,1, 19727
5,19727,3,3,1, 19730
24,19729,1,1,1, 19730
7,19732,1,1,1, 19733
30,19733,3,3,1, 19736
25,19735,2,2,1, 19737
8,19736,1,1,1, 19737
31,19736,2,2,1, 19738
9,19737,2,2,1, 19739
16,19739,2,2,1, 19741
29,19738,4,4,1, 19742
14,19739,3,3,1, 19742
13,19739,4,4,1, 19743
15,19741,2,2,1, 19743
2,19743,2,2,1, 19745
18,19743,4,4,1, 19747
1,19746,1,1,1, 19747
22,19746,4,4,1, 19750
24,19749,1,1,1, 19750
23,19748,3,3,1, 19751
27,19752,4,4,1, 19756
25,19755,2,2,1, 19757
8,19756,1,1,1, 19757
11,19754,4,4,1, 19758
9,19757,2,2,1, 19759
26,19757,3,3,1, 19760
16,19759,2,2,1, 19761
17,19759,3,3,1, 19762
12,19760,5,5,1, 19765
18,19763,4,4,1, 19767
1,19766,1,1,0, 19767
20,19763,6,6,1, 19769
3,19767,3,3,1, 19770
24,19769,1,1,0, 19770
19,19766,5,5,1, 19771
23,19768,3,3,1, 19771
21,19767,5,5,1, 19772
25,19775,2,2,1, 19777
8,19776,1,1,1, 19777
28,19774,5,5,1, 19779
16,19779,2,2,1, 19781
14,19779,3,3,1, 19782
22,19786,4,4,1, 19790
24,19789,1,1,0, 19790
23,19788,3,3,1, 19791
21,19787,5,5,1, 19792
8,19796,1,1,1, 19797
13,19799,4,4,1, 19803
15,19801,2,2,1, 19803
24,19809,1,1,0, 19810
23,19808,3,3,1, 19811
21,19807,5,5,1, 19812
8,19816,1,1,0, 19817
14,19819,3,3,1, 19822
13,19819,4,4,1, 19823
22,19826,4,4,1, 19830
24,19829,1,1,0, 19830
24,19849,1,1,1, 19850
7,19852,1,1,1, 19853
31,19856,2,2,1, 19858
29,19858,4,4,1, 19862
24,19869,1,1,1, 19870
7,19872,1,1,1, 19873
30,19873,3,3,1, 19876
31,19876,2,2,1, 19878
29,19878,4,4,1, 19882
1,19886,1,1,0, 19887
24,19889,1,1,1, 19890
7,19892,1,1,0, 19893
30,19893,3,3,1, 19896
9,19897,2,2,1, 19899
29,19898,4,4,1, 19902
1,19906,1,1,1, 19907
24,19909,1,1,0, 19910
6,19910,2,2,1, 19912
7,19912,1,1,1, 19913
30,19913,3,3,1, 19916
9,19917,2,2,1, 19919
26,19917,3,3,1, 19920
2,19923,2,2,1, 19925
1,19926,1,1,0, 19927
24,19929,1,1,1, 19930
21,19927,5,5,1, 19932
7,19932,1,1,0, 19933
25,19935,2,2,1, 19937
8,19936,1,1,1, 19937
9,19937,2,2,1, 19939
26,19937,3,3,1, 19940
14,19939,3,3,1, 19942
15,19941,2,2,1, 19943
18,19943,4,4,1, 19947
1,19946,1,1,0, 19947
22,19946,4,4,1, 19950
24,19949,1,1,1, 19950
23,19948,3,3,1, 19951
21,19947,5,5,1, 19952
7,19952,1,1,1, 19953
8,19956,1,1,1, 19957
31,19956,2,2,1, 19958
9,19957,2,2,1, 19959
26,19957,3,3,1, 19960
29,19958,4,4,1, 19962
14,19959,3,3,1, 19962
13,19959,4,4,1, 19963
1,19966,1,1,1, 19967
5,19967,3,3,1, 19970
24,19969,1,1,0, 19970
23,19968,3,3,1, 19971
6,19970,2,2,1, 19972
7,19972,1,1,1, 19973
25,19975,2,2,1, 19977
8,19976,1,1,1, 19977
29,19978,4,4,1, 19982
17,19979,3,3,1, 19982
2,19983,2,2,1, 19985
18,19983,4,4,1, 19987
1,19986,1,1,0, 19987
20,19983,6,6,1, 19989
4,19986,4,4,1, 19990
24,19989,1,1,0, 19990
19,19986,5,5,1, 19991
23,19988,3,3,1, 19991
7,19992,1,1,0, 19993
27,19992,4,4,1, 19996
30,19993,3,3,1, 19996
25,19995,2,2,1, 19997
8,19996,1,1,0, 19997
31,19996,2,2,1, 19998
28,19994,5,5,1, 19999
9,19997,2,2,1, 19999
26,19997,3,3,1, 20000
14,19999,3,3,1, 20002
15,20001,2,2,1, 20003
2,20003,2,2,1, 20005
22,20006,4,4,1, 20010
5,20007,3,3,1, 20010
24,20009,1,1,0, 20010
23,20008,3,3,1, 20011
6,20010,2,2,1, 20012
7,20012,1,1,1, 20013
8,20016,1,1,1, 20017
31,20016,2,2,1, 20018
16,20019,2,2,1, 20021
29,20018,4,4,1, 20022
15,20021,2,2,1, 20023
22,20026,4,4,1, 20030
5,20027,3,3,1, 20030
24,20029,1,1,0, 20030
23,20028,3,3,1, 20031
7,20032,1,1,1, 20033
8,20036,1,1,1, 20037
16,20039,2,2,1, 20041
29,20038,4,4,1, 20042
24,20049,1,1,1, 20050
21,20047,5,5,1, 20052
7,20052,1,1,0, 20053
8,20056,1,1,1, 20057
31,20056,2,2,1, 20058
15,20061,2,2,1, 20063
24,20069,1,1,1, 20070
23,20068,3,3,1, 20071
7,20072,1,1,1, 20073
8,20076,1,1,0, 20077
31,20076,2,2,1, 20078
16,20079,2,2,1, 20081
14,20079,3,3,1, 20082
15,20081,2,2,1, 20083
24,20089,1,1,0, 20090
21,20087,5,5,1, 20092
7,20092,1,1,1, 20093
8,20096,1,1,1, 20097
31,20096,2,2,1, 20098
14,20099,3,3,1, 20102
1,20106,1,1,0, 20107
24,20109,1,1,1, 20110
7,20112,1,1,1, 20113
17,20119,3,3,1, 20122
1,20126,1,1,0, 20127
24,20129,1,1,0, 20130
7,20132,1,1,0, 20133
31,20136,2,2,1, 20138
9,20137,2,2,1, 20139
17,20139,3,3,1, 20142
1,20146,1,1,0, 20147
24,20149,1,1,0, 20150
7,20152,1,1,0, 20153
31,20156,2,2,1, 20158
17,20159,3,3,1, 20162
1,20166,1,1,1, 20167
24,20169,1,1,0, 20170
6,20170,2,2,1, 20172
7,20172,1,1,1, 20173
25,20175,2,2,1, 20177
17,20179,3,3,1, 20182
2,20183,2,2,1, 20185
18,20183,4,4,1, 20187
1,20186,1,1,0, 20187
5,20187,3,3,1, 20190
24,20189,1,1,1, 20190
6,20190,2,2,1, 20192
7,20192,1,1,0, 20193
25,20195,2,2,1, 20197
31,20196,2,2,1, 20198
9,20197,2,2,1, 20199
29,20198,4,4,1, 20202
1,20206,1,1,0, 20207
4,20206,4,4,1, 20210
22,20206,4,4,1, 20210
24,20209,1,1,1, 20210
21,20207,5,5,1, 20212
6,20210,2,2,1, 20212
7,20212,1,1,1, 20213
25,20215,2,2,1, 20217
8,20216,1,1,1, 20217
16,20219,2,2,1, 20221
17,20219,3,3,1, 20222
13,20219,4,4,1, 20223
15,20221,2,2,1, 20223
12,20220,5,5,1, 20225
1,20226,1,1,0, 20227
4,20226,4,4,1, 20230
22,20226,4,4,1, 20230
24,20229,1,1,1, 20230
19,20226,5,5,1, 20231
21,20227,5,5,1, 20232
6,20230,2,2,1, 20232
7,20232,1,1,0, 20233
27,20232,4,4,1, 20236
8,20236,1,1,0, 20237
9,20237,2,2,1, 20239
26,20237,3,3,1, 20240
16,20239,2,2,1, 20241
14,20239,3,3,1, 20242
17,20239,3,3,1, 20242
13,20239,4,4,1, 20243
15,20241,2,2,1, 20243
2,20243,2,2,1, 20245
1,20246,1,1,0, 20247
20,20243,6,6,1, 20249
5,20247,3,3,1, 20250
24,20249,1,1,0, 20250
19,20246,5,5,1, 20251
23,20248,3,3,1, 20251
6,20250,2,2,1, 20252
7,20252,1,1,0, 20253
30,20253,3,3,1, 20256
25,20255,2,2,1, 20257
8,20256,1,1,0, 20257
11,20254,4,4,1, 20258
14,20259,3,3,1, 20262
17,20259,3,3,1, 20262
22,20266,4,4,1, 20270
5,20267,3,3,1, 20270
24,20269,1,1,1, 20270
23,20268,3,3,1, 20271
7,20272,1,1,1, 20273
30,20273,3,3,1, 20276
8,20276,1,1,0, 20277
29,20278,4,4,1, 20282
14,20279,3,3,1, 20282
5,20287,3,3,1, 20290
24,20289,1,1,0, 20290
6,20290,2,2,1, 20292
7,20292,1,1,1, 20293
30,20293,3,3,1, 20296
8,20296,1,1,1, 20297
31,20296,2,2,1, 20298
16,20299,2,2,1, 20301
14,20299,3,3,1, 20302
5,20307,3,3,1, 20310
24,20309,1,1,1, 20310
23,20308,3,3,1, 20311
21,20307,5,5,1, 20312
6,20310,2,2,1, 20312
7,20312,1,1,1, 20313
30,20313,3,3,1, 20316
8,20316,1,1,1, 20317
31,20316,2,2,1, 20318
16,20319,2,2,1, 20321
29,20318,4,4,1, 20322
24,20329,1,1,0, 20330
8,20336,1,1,1, 20337
15,20341,2,2,1, 20343
22,20346,4,4,1, 20350
24,20349,1,1,1, 20350
23,20348,3,3,1, 20351
1,20366,1,1,1, 20367
24,20369,1,1,0, 20370
25,20375,2,2,1, 20377
9,20377,2,2,1, 20379
1,20386,1,1,1, 20387
24,20389,1,1,1, 20390
25,20395,2,2,1, 20397
9,20397,2,2,1, 20399
17,20399,3,3,1, 20402
1,20406,1,1,0, 20407
24,20409,1,1,1, 20410
25,20415,2,2,1, 20417
17,20419,3,3,1, 20422
1,20426,1,1,1, 20427
24,20429,1,1,1, 20430
7,20432,1,1,0, 20433
31,20436,2,2,1, 20438
9,20437,2,2,1, 20439
26,20437,3,3,1, 20440
17,20439,3,3,1, 20442
18,20443,4,4,1, 20447
1,20446,1,1,1, 20447
4,20446,4,4,1, 20450
24,20449,1,1,1, 20450
7,20452,1,1,1, 20453
8,20456,1,1,0, 20457
9,20457,2,2,1, 20459
26,20457,3,3,1, 20460
14,20459,3,3,1, 20462
15,20461,2,2,1, 20463
1,20466,1,1,0, 20467
20,20463,6,6,1, 20469
5,20467,3,3,1, 20470
24,20469,1,1,1, 20470
19,20466,5,5,1, 20471
6,20470,2,2,1, 20472
7,20472,1,1,1, 20473
30,20473,3,3,1, 20476
8,20476,1,1,1, 20477
11,20474,4,4,1, 20478
31,20476,2,2,1, 20478
28,20474,5,5,1, 20479
9,20477,2,2,1, 20479
26,20477,3,3,1, 20480
29,20478,4,4,1, 20482
14,20479,3,3,1, 20482
17,20479,3,3,1, 20482
15,20481,2,2,1, 20483
2,20483,2,2,1, 20485
1,20486,1,1,0, 20487
20,20483,6,6,1, 20489
24,20489,1,1,1, 20490
6,20490,2,2,1, 20492
7,20492,1,1,1, 20493
8,20496,1,1,1, 20497
5,20507,3,3,1, 20510
24,20509,1,1,0, 20510
6,20510,2,2,1, 20512
7,20512,1,1,1, 20513
30,20513,3,3,1, 20516
8,20516,1,1,1, 20517
15,20521,2,2,1, 20523
5,20527,3,3,1, 20530
24,20529,1,1,0, 20530
7,20532,1,1,1, 20533
8,20536,1,1,0, 20537
31,20536,2,2,1, 20538
13,20539,4,4,1, 20543
5,20547,3,3,1, 20550
24,20549,1,1,1, 20550
7,20552,1,1,1, 20553
30,20553,3,3,1, 20556
8,20556,1,1,0, 20557
31,20556,2,2,1, 20558
29,20558,4,4,1, 20562
14,20559,3,3,1, 20562
13,20559,4,4,1, 20563
5,20567,3,3,1, 20570
24,20569,1,1,0, 20570
7,20572,1,1,1, 20573
30,20573,3,3,1, 20576
8,20576,1,1,0, 20577
31,20576,2,2,1, 20578
16,20579,2,2,1, 20581
5,20587,3,3,1, 20590
24,20589,1,1,0, 20590
23,20588,3,3,1, 20591
6,20590,2,2,1, 20592
7,20592,1,1,0, 20593
8,20596,1,1,1, 20597
31,20596,2,2,1, 20598
9,20597,2,2,1, 20599
14,20599,3,3,1, 20602
1,20606,1,1,0, 20607
5,20607,3,3,1, 20610
24,20609,1,1,1, 20610
23,20608,3,3,1, 20611
21,20607,5,5,1, 20612
7,20612,1,1,0, 20613
30,20613,3,3,1, 20616
8,20616,1,1,0, 20617
9,20617,2,2,1, 20619
29,20618,4,4,1, 20622
14,20619,3,3,1, 20622
17,20619,3,3,1, 20622
15,20621,2,2,1, 20623
2,20623,2,2,1, 20625
18,20623,4,4,1, 20627
1,20626,1,1,0, 20627
24,20629,1,1,1, 20630
21,20627,5,5,1, 20632
6,20630,2,2,1, 20632
7,20632,1,1,0, 20633
25,20635,2,2,1, 20637
8,20636,1,1,0, 20637
31,20636,2,2,1, 20638
9,20637,2,2,1, 20639
26,20637,3,3,1, 20640
29,20638,4,4,1, 20642
14,20639,3,3,1, 20642
13,20639,4,4,1, 20643
15,20641,2,2,1, 20643
2,20643,2,2,1, 20645
1,20646,1,1,0, 20647
22,20646,4,4,1, 20650
24,20649,1,1,0, 20650
23,20648,3,3,1, 20651
21,20647,5,5,1, 20652
6,20650,2,2,1, 20652
7,20652,1,1,0, 20653
30,20653,3,3,1, 20656
8,20656,1,1,0, 20657
9,20657,2,2,1, 20659
26,20657,3,3,1, 20660
14,20659,3,3,1, 20662
2,20663,2,2,1, 20665
1,20666,1,1,0, 20667
24,20669,1,1,0, 20670
23,20668,3,3,1, 20671
21,20667,5,5,1, 20672
25,20675,2,2,1, 20677
8,20676,1,1,0, 20677
9,20677,2,2,1, 20679
26,20677,3,3,1, 20680
16,20679,2,2,1, 20681
17,20679,3,3,1, 20682
13,20679,4,4,1, 20683
15,20681,2,2,1, 20683
1,20686,1,1,1, 20687
4,20686,4,4,1, 20690
3,20687,3,3,1, 20690
24,20689,1,1,0, 20690
19,20686,5,5,1, 20691
27,20692,4,4,1, 20696
8,20696,1,1,0, 20697
11,20694,4,4,1, 20698
28,20694,5,5,1, 20699
9,20697,2,2,1, 20699
16,20699,2,2,1, 20701
14,20699,3,3,1, 20702
13,20699,4,4,1, 20703
24,20709,1,1,0, 20710
24,20729,1,1,0, 20730
24,20749,1,1,1, 20750
5,20767,3,3,1, 20770
24,20769,1,1,0, 20770
7,20772,1,1,0, 20773
30,20773,3,3,1, 20776
31,20776,2,2,1, 20778
24,20789,1,1,0, 20790
6,20790,2,2,1, 20792
7,20792,1,1,1, 20793
30,20793,3,3,1, 20796
29,20798,4,4,1, 20802
1,20806,1,1,1, 20807
24,20809,1,1,0, 20810
23,20808,3,3,1, 20811
6,20810,2,2,1, 20812
7,20812,1,1,0, 20813
30,20813,3,3,1, 20816
25,20815,2,2,1, 20817
8,20816,1,1,0, 20817
31,20816,2,2,1, 20818
9,20817,2,2,1, 20819
16,20819,2,2,1, 20821
29,20818,4,4,1, 20822
14,20819,3,3,1, 20822
1,20826,1,1,1, 20827
22,20826,4,4,1, 20830
5,20827,3,3,1, 20830
24,20829,1,1,0, 20830
23,20828,3,3,1, 20831
21,20827,5,5,1, 20832
6,20830,2,2,1, 20832
7,20832,1,1,0, 20833
25,20835,2,2,1, 20837
8,20836,1,1,1, 20837
31,20836,2,2,1, 20838
9,20837,2,2,1, 20839
26,20837,3,3,1, 20840
16,20839,2,2,1, 20841
13,20839,4,4,1, 20843
1,20846,1,1,0, 20847
24,20849,1,1,1, 20850
21,20847,5,5,1, 20852
6,20850,2,2,1, 20852
7,20852,1,1,1, 20853
30,20853,3,3,1, 20856
8,20856,1,1,1, 20857
16,20859,2,2,1, 20861
13,20859,4,4,1, 20863
1,20866,1,1,0, 20867
22,20866,4,4,1, 20870
3,20867,3,3,1, 20870
24,20869,1,1,0, 20870
19,20866,5,5,1, 20871
21,20867,5,5,1, 20872
7,20872,1,1,1, 20873
25,20875,2,2,1, 20877
8,20876,1,1,1, 20877
9,20877,2,2,1, 20879
26,20877,3,3,1, 20880
17,20879,3,3,1, 20882
2,20883,2,2,1, 20885
18,20883,4,4,1, 20887
1,20886,1,1,0, 20887
20,20883,6,6,1, 20889
3,20887,3,3,1, 20890
24,20889,1,1,0, 20890
21,20887,5,5,1, 20892
6,20890,2,2,1, 20892
7,20892,1,1,0, 20893
8,20896,1,1,1, 20897
11,20894,4,4,1, 20898
28,20894,5,5,1, 20899
9,20897,2,2,1, 20899
16,20899,2,2,1, 20901
29,20898,4,4,1, 20902
13,20899,4,4,1, 20903
18,20903,4,4,1, 20907
1,20906,1,1,0, 20907
22,20906,4,4,1, 20910
3,20907,3,3,1, 20910
24,20909,1,1,1, 20910
19,20906,5,5,1, 20911
23,20908,3,3,1, 20911
21,20907,5,5,1, 20912
6,20910,2,2,1, 20912
7,20912,1,1,0, 20913
8,20916,1,1,1, 20917
29,20918,4,4,1, 20922
14,20919,3,3,1, 20922
13,20919,4,4,1, 20923
22,20926,4,4,1, 20930
5,20927,3,3,1, 20930
24,20929,1,1,1, 20930
23,20928,3,3,1, 20931
7,20932,1,1,0, 20933
5,20947,3,3,1, 20950
24,20949,1,1,1, 20950
6,20950,2,2,1, 20952
7,20952,1,1,0, 20953
29,20958,4,4,1, 20962
24,20969,1,1,0, 20970
6,20970,2,2,1, 20972
7,20972,1,1,1, 20973
30,20973,3,3,1, 20976
31,20976,2,2,1, 20978
29,20978,4,4,1, 20982
5,20987,3,3,1, 20990
24,20989,1,1,0, 20990
6,20990,2,2,1, 20992
7,20992,1,1,1, 20993
31,20996,2,2,1, 20998
29,20998,4,4,1, 21002
24,21009,1,1,1, 21010
25,21015,2,2,1, 21017
9,21017,2,2,1, 21019
17,21019,3,3,1, 21022
1,21026,1,1,0, 21027
24,21029,1,1,0, 21030
8,21036,1,1,0, 21037
16,21039,2,2,1, 21041
14,21039,3,3,1, 21042
17,21039,3,3,1, 21042
15,21041,2,2,1, 21043
2,21043,2,2,1, 21045
1,21046,1,1,0, 21047
22,21046,4,4,1, 21050
24,21049,1,1,0, 21050
21,21047,5,5,1, 21052
25,21055,2,2,1, 21057
8,21056,1,1,0, 21057
26,21057,3,3,1, 21060
16,21059,2,2,1, 21061
13,21059,4,4,1, 21063
15,21061,2,2,1, 21063
2,21063,2,2,1, 21065
1,21066,1,1,1, 21067
24,21069,1,1,0, 21070
21,21067,5,5,1, 21072
8,21076,1,1,1, 21077
14,21079,3,3,1, 21082
2,21083,2,2,1, 21085
18,21083,4,4,1, 21087
1,21086,1,1,1, 21087
22,21086,4,4,1, 21090
3,21087,3,3,1, 21090
24,21089,1,1,1, 21090
27,21092,4,4,1, 21096
8,21096,1,1,1, 21097
28,21094,5,5,1, 21099
14,21099,3,3,1, 21102
13,21099,4,4,1, 21103
15,21101,2,2,1, 21103
1,21106,1,1,1, 21107
4,21106,4,4,1, 21110
24,21109,1,1,0, 21110
6,21110,2,2,1, 21112
7,21112,1,1,0, 21113
27,21112,4,4,1, 21116
8,21116,1,1,1, 21117
26,21117,3,3,1, 21120
29,21118,4,4,1, 21122
14,21119,3,3,1, 21122
17,21119,3,3,1, 21122
13,21119,4,4,1, 21123
15,21121,2,2,1, 21123
18,21123,4,4,1, 21127
1,21126,1,1,1, 21127
20,21123,6,6,1, 21129
4,21126,4,4,1, 21130
22,21126,4,4,1, 21130
5,21127,3,3,1, 21130
24,21129,1,1,0, 21130
19,21126,5,5,1, 21131
21,21127,5,5,1, 21132
7,21132,1,1,0, 21133
27,21132,4,4,1, 21136
8,21136,1,1,0, 21137
31,21136,2,2,1, 21138
26,21137,3,3,1, 21140
13,21139,4,4,1, 21143
5,21147,3,3,1, 21150
24,21149,1,1,0, 21150
23,21148,3,3,1, 21151
21,21147,5,5,1, 21152
7,21152,1,1,0, 21153
30,21153,3,3,1, 21156
8,21156,1,1,0, 21157
31,21156,2,2,1, 21158
16,21159,2,2,1, 21161
5,21167,3,3,1, 21170
24,21169,1,1,0, 21170
7,21172,1,1,1, 21173
29,21178,4,4,1, 21182
24,21189,1,1,1, 21190
7,21192,1,1,1, 21193
31,21196,2,2,1, 21198
24,21209,1,1,0, 21210
7,21212,1,1,1, 21213
31,21216,2,2,1, 21218
24,21229,1,1,1, 21230
7,21232,1,1,1, 21233
1,21246,1,1,0, 21247
24,21249,1,1,1, 21250
7,21252,1,1,0, 21253
25,21255,2,2,1, 21257
31,21256,2,2,1, 21258
9,21257,2,2,1, 21259
17,21259,3,3,1, 21262
1,21266,1,1,1, 21267
24,21269,1,1,1, 21270
23,21268,3,3,1, 21271
21,21267,5,5,1, 21272
7,21272,1,1,0, 21273
25,21275,2,2,1, 21277
8,21276,1,1,1, 21277
26,21277,3,3,1, 21280
14,21279,3,3,1, 21282
15,21281,2,2,1, 21283
2,21283,2,2,1, 21285
18,21283,4,4,1, 21287
1,21286,1,1,1, 21287
5,21287,3,3,1, 21290
24,21289,1,1,1, 21290
23,21288,3,3,1, 21291
21,21287,5,5,1, 21292
6,21290,2,2,1, 21292
7,21292,1,1,0, 21293
8,21296,1,1,1, 21297
31,21296,2,2,1, 21298
9,21297,2,2,1, 21299
29,21298,4,4,1, 21302
13,21299,4,4,1, 21303
15,21301,2,2,1, 21303
18,21303,4,4,1, 21307
1,21306,1,1,1, 21307
22,21306,4,4,1, 21310
24,21309,1,1,0, 21310
7,21312,1,1,0, 21313
8,21316,1,1,1, 21317
16,21319,2,2,1, 21321
29,21318,4,4,1, 21322
14,21319,3,3,1, 21322
15,21321,2,2,1, 21323
18,21323,4,4,1, 21327
1,21326,1,1,0, 21327
20,21323,6,6,1, 21329
4,21326,4,4,1, 21330
24,21329,1,1,1, 21330
23,21328,3,3,1, 21331
6,21330,2,2,1, 21332
7,21332,1,1,1, 21333
30,21333,3,3,1, 21336
25,21335,2,2,1, 21337
8,21336,1,1,1, 21337
31,21336,2,2,1, 21338
9,21337,2,2,1, 21339
26,21337,3,3,1, 21340
16,21339,2,2,1, 21341
29,21338,4,4,1, 21342
14,21339,3,3,1, 21342
12,21340,5,5,1, 21345
2,21343,2,2,1, 21345
1,21346,1,1,1, 21347
22,21346,4,4,1, 21350
5,21347,3,3,1, 21350
24,21349,1,1,1, 21350
19,21346,5,5,1, 21351
21,21347,5,5,1, 21352
7,21352,1,1,0, 21353
25,21355,2,2,1, 21357
8,21356,1,1,1, 21357
28,21354,5,5,1, 21359
29,21358,4,4,1, 21362
17,21359,3,3,1, 21362
13,21359,4,4,1, 21363
15,21361,2,2,1, 21363
2,21363,2,2,1, 21365
1,21366,1,1,0, 21367
20,21363,6,6,1, 21369
22,21366,4,4,1, 21370
5,21367,3,3,1, 21370
24,21369,1,1,0, 21370
23,21368,3,3,1, 21371
21,21367,5,5,1, 21372
7,21372,1,1,1, 21373
30,21373,3,3,1, 21376
31,21376,2,2,1, 21378
24,21389,1,1,0, 21390
6,21390,2,2,1, 21392
7,21392,1,1,1, 21393
30,21393,3,3,1, 21396
24,21409,1,1,1, 21410
6,21410,2,2,1, 21412
7,21412,1,1,0, 21413
24,21429,1,1,1, 21430
7,21432,1,1,1, 21433
30,21433,3,3,1, 21436
5,21447,3,3,1, 21450
24,21449,1,1,1, 21450
7,21452,1,1,1, 21453
30,21453,3,3,1, 21456
31,21456,2,2,1, 21458
24,21469,1,1,0, 21470
6,21470,2,2,1, 21472
7,21472,1,1,0, 21473
30,21473,3,3,1, 21476
8,21476,1,1,0, 21477
31,21476,2,2,1, 21478
16,21479,2,2,1, 21481
17,21479,3,3,1, 21482
13,21479,4,4,1, 21483
1,21486,1,1,1, 21487
24,21489,1,1,0, 21490
23,21488,3,3,1, 21491
7,21492,1,1,1, 21493
30,21493,3,3,1, 21496
25,21495,2,2,1, 21497
8,21496,1,1,0, 21497
16,21499,2,2,1, 21501
14,21499,3,3,1, 21502
17,21499,3,3,1, 21502
1,21506,1,1,0, 21507
22,21506,4,4,1, 21510
24,21509,1,1,1, 21510
23,21508,3,3,1, 21511
21,21507,5,5,1, 21512
7,21512,1,1,0, 21513
30,21513,3,3,1, 21516
25,21515,2,2,1, 21517
8,21516,1,1,0, 21517
31,21516,2,2,1, 21518
26,21517,3,3,1, 21520
14,21519,3,3,1, 21522
15,21521,2,2,1, 21523
2,21523,2,2,1, 21525
1,21526,1,1,1, 21527
22,21526,4,4,1, 21530
5,21527,3,3,1, 21530
24,21529,1,1,1, 21530
7,21532,1,1,1, 21533
8,21536,1,1,0, 21537
31,21536,2,2,1, 21538
9,21537,2,2,1, 21539
26,21537,3,3,1, 21540
13,21539,4,4,1, 21543
18,21543,4,4,1, 21547
1,21546,1,1,0, 21547
22,21546,4,4,1, 21550
5,21547,3,3,1, 21550
24,21549,1,1,0, 21550
23,21548,3,3,1, 21551
7,21552,1,1,1, 21553
8,21556,1,1,0, 21557
31,21556,2,2,1, 21558
9,21557,2,2,1, 21559
29,21558,4,4,1, 21562
17,21559,3,3,1, 21562
13,21559,4,4,1, 21563
15,21561,2,2,1, 21563
2,21563,2,2,1, 21565
18,21563,4,4,1, 21567
1,21566,1,1,1, 21567
20,21563,6,6,1, 21569
24,21569,1,1,0, 21570
19,21566,5,5,1, 21571
6,21570,2,2,1, 21572
7,21572,1,1,1, 21573
30,21573,3,3,1, 21576
8,21576,1,1,0, 21577
11,21574,4,4,1, 21578
31,21576,2,2,1, 21578
9,21577,2,2,1, 21579
26,21577,3,3,1, 21580
14,21579,3,3,1, 21582
13,21579,4,4,1, 21583
12,21580,5,5,1, 21585
18,21583,4,4,1, 21587
1,21586,1,1,0, 21587
4,21586,4,4,1, 21590
3,21587,3,3,1, 21590
5,21587,3,3,1, 21590
24,21589,1,1,1, 21590
19,21586,5,5,1, 21591
7,21592,1,1,1, 21593
8,21596,1,1,1, 21597
29,21598,4,4,1, 21602
14,21599,3,3,1, 21602
13,21599,4,4,1, 21603
15,21601,2,2,1, 21603
5,21607,3,3,1, 21610
24,21609,1,1,1, 21610
6,21610,2,2,1, 21612
8,21616,1,1,1, 21617
14,21619,3,3,1, 21622
24,21629,1,1,0, 21630
8,21636,1,1,1, 21637
14,21639,3,3,1, 21642
24,21649,1,1,1, 21650
8,21656,1,1,1, 21657
22,21666,4,4,1, 21670
24,21669,1,1,1, 21670
8,21676,1,1,0, 21677
16,21679,2,2,1, 21681
13,21679,4,4,1, 21683
22,21686,4,4,1, 21690
24,21689,1,1,0, 21690
23,21688,3,3,1, 21691
21,21687,5,5,1, 21692
25,21695,2,2,1, 21697
8,21696,1,1,1, 21697
13,21699,4,4,1, 21703
1,21706,1,1,0, 21707
22,21706,4,4,1, 21710
24,21709,1,1,0, 21710
8,21716,1,1,0, 21717
31,21716,2,2,1, 21718
26,21717,3,3,1, 21720
16,21719,2,2,1, 21721
2,21723,2,2,1, 21725
1,21726,1,1,0, 21727
24,21729,1,1,0, 21730
6,21730,2,2,1, 21732
7,21732,1,1,1, 21733
25,21735,2,2,1, 21737
9,21737,2,2,1, 21739
17,21739,3,3,1, 21742
2,21743,2,2,1, 21745
18,21743,4,4,1, 21747
1,21746,1,1,1, 21747
24,21749,1,1,1, 21750
6,21750,2,2,1, 21752
7,21752,1,1,1, 21753
30,21753,3,3,1, 21756
11,21754,4,4,1, 21758
17,21759,3,3,1, 21762
12,21760,5,5,1, 21765
1,21766,1,1,1, 21767
20,21763,6,6,1, 21769
24,21769,1,1,0, 21770
7,21772,1,1,1, 21773
27,21772,4,4,1, 21776
30,21773,3,3,1, 21776
31,21776,2,2,1, 21778
28,21774,5,5,1, 21779
17,21779,3,3,1, 21782
12,21780,5,5,1, 21785
18,21783,4,4,1, 21787
1,21786,1,1,0, 21787
3,21787,3,3,1, 21790
24,21789,1,1,1, 21790
19,21786,5,5,1, 21791
6,21790,2,2,1, 21792
7,21792,1,1,1, 21793
11,21794,4,4,1, 21798
31,21796,2,2,1, 21798
29,21798,4,4,1, 21802
17,21799,3,3,1, 21802
18,21803,4,4,1, 21807
1,21806,1,1,0, 21807
3,21807,3,3,1, 21810
5,21807,3,3,1, 21810
24,21809,1,1,0, 21810
6,21810,2,2,1, 21812
7,21812,1,1,0, 21813
5,21827,3,3,1, 21830
24,21829,1,1,1, 21830
21,21827,5,5,1, 21832
6,21830,2,2,1, 21832
7,21832,1,1,1, 21833
8,21836,1,1,0, 21837
16,21839,2,2,1, 21841
29,21838,4,4,1, 21842
14,21839,3,3,1, 21842
15,21841,2,2,1, 21843
5,21847,3,3,1, 21850
24,21849,1,1,1, 21850
6,21850,2,2,1, 21852
7,21852,1,1,1, 21853
30,21853,3,3,1, 21856
8,21856,1,1,0, 21857
31,21856,2,2,1, 21858
16,21859,2,2,1, 21861
14,21859,3,3,1, 21862
13,21859,4,4,1, 21863
22,21866,4,4,1, 21870
24,21869,1,1,0, 21870
23,21868,3,3,1, 21871
7,21872,1,1,1, 21873
8,21876,1,1,0, 21877
16,21879,2,2,1, 21881
14,21879,3,3,1, 21882
15,21881,2,2,1, 21883
5,21887,3,3,1, 21890
24,21889,1,1,1, 21890
23,21888,3,3,1, 21891
21,21887,5,5,1, 21892
7,21892,1,1,0, 21893
30,21893,3,3,1, 21896
8,21896,1,1,0, 21897
31,21896,2,2,1, 21898
16,21899,2,2,1, 21901
29,21898,4,4,1, 21902
15,21901,2,2,1, 21903
24,21909,1,1,1, 21910
21,21907,5,5,1, 21912
6,21910,2,2,1, 21912
7,21912,1,1,0, 21913
30,21913,3,3,1, 21916
8,21916,1,1,1, 21917
9,21917,2,2,1, 21919
16,21919,2,2,1, 21921
14,21919,3,3,1, 21922
17,21919,3,3,1, 21922
13,21919,4,4,1, 21923
1,21926,1,1,1, 21927
22,21926,4,4,1, 21930
24,21929,1,1,0, 21930
7,21932,1,1,0, 21933
31,21936,2,2,1, 21938
17,21939,3,3,1, 21942
1,21946,1,1,0, 21947
24,21949,1,1,1, 21950
7,21952,1,1,1, 21953
25,21955,2,2,1, 21957
11,21954,4,4,1, 21958
28,21954,5,5,1, 21959
9,21957,2,2,1, 21959
26,21957,3,3,1, 21960
1,21966,1,1,0, 21967
24,21969,1,1,0, 21970
6,21970,2,2,1, 21972
7,21972,1,1,0, 21973
30,21973,3,3,1, 21976
2,21983,2,2,1, 21985
1,21986,1,1,1, 21987
5,21987,3,3,1, 21990
24,21989,1,1,0, 21990
6,21990,2,2,1, 21992
7,21992,1,1,1, 21993
30,21993,3,3,1, 21996
17,21999,3,3,1, 22002
2,22003,2,2,1, 22005
18,22003,4,4,1, 22007
1,22006,1,1,0, 22007
5,22007,3,3,1, 22010
24,22009,1,1,1, 22010
6,22010,2,2,1, 22012
7,22012,1,1,1, 22013
30,22013,3,3,1, 22016
31,22016,2,2,1, 22018
9,22017,2,2,1, 22019
26,22017,3,3,1, 22020
29,22018,4,4,1, 22022
17,22019,3,3,1, 22022
18,22023,4,4,1, 22027
1,22026,1,1,0, 22027
24,22029,1,1,1, 22030
25,22035,2,2,1, 22037
8,22036,1,1,1, 22037
9,22037,2,2,1, 22039
16,22039,2,2,1, 22041
14,22039,3,3,1, 22042
2,22043,2,2,1, 22045
18,22043,4,4,1, 22047
1,22046,1,1,0, 22047
22,22046,4,4,1, 22050
24,22049,1,1,1, 22050
25,22055,2,2,1, 22057
8,22056,1,1,0, 22057
9,22057,2,2,1, 22059
26,22057,3,3,1, 22060
16,22059,2,2,1, 22061
14,22059,3,3,1, 22062
17,22059,3,3,1, 22062
13,22059,4,4,1, 22063
15,22061,2,2,1, 22063
2,22063,2,2,1, 22065
1,22066,1,1,1, 22067
20,22063,6,6,1, 22069
24,22069,1,1,0, 22070
21,22067,5,5,1, 22072
8,22076,1,1,1, 22077
16,22079,2,2,1, 22081
13,22079,4,4,1, 22083
22,22086,4,4,1, 22090
24,22089,1,1,1, 22090
23,22088,3,3,1, 22091
21,22087,5,5,1, 22092
8,22096,1,1,1, 22097
14,22099,3,3,1, 22102
13,22099,4,4,1, 22103
15,22101,2,2,1, 22103
24,22109,1,1,0, 22110
21,22107,5,5,1, 22112
8,22116,1,1,1, 22117
16,22119,2,2,1, 22121
14,22119,3,3,1, 22122
24,22129,1,1,0, 22130
23,22128,3,3,1, 22131
21,22127,5,5,1, 22132
7,22132,1,1,0, 22133
8,22136,1,1,1, 22137
16,22139,2,2,1, 22141
14,22139,3,3,1, 22142
24,22149,1,1,0, 22150
7,22152,1,1,0, 22153
24,22169,1,1,1, 22170
7,22172,1,1,0, 22173
25,22175,2,2,1, 22177
17,22179,3,3,1, 22182
1,22186,1,1,0, 22187
24,22189,1,1,0, 22190
7,22192,1,1,1, 22193
31,22196,2,2,1, 22198
9,22197,2,2,1, 22199
17,22199,3,3,1, 22202
1,22206,1,1,0, 22207
24,22209,1,1,1, 22210
6,22210,2,2,1, 22212
7,22212,1,1,0, 22213
30,22213,3,3,1, 22216
9,22217,2,2,1, 22219
17,22219,3,3,1, 22222
1,22226,1,1,0, 22227
5,22227,3,3,1, 22230
24,22229,1,1,1, 22230
6,22230,2,2,1, 22232
7,22232,1,1,0, 22233
31,22236,2,2,1, 22238
26,22237,3,3,1, 22240
29,22238,4,4,1, 22242
2,22243,2,2,1, 22245
18,22243,4,4,1, 22247
1,22246,1,1,1, 22247
5,22247,3,3,1, 22250
24,22249,1,1,0, 22250
6,22250,2,2,1, 22252
7,22252,1,1,0, 22253
25,22255,2,2,1, 22257
8,22256,1,1,1, 22257
31,22256,2,2,1, 22258
9,22257,2,2,1, 22259
29,22258,4,4,1, 22262
17,22259,3,3,1, 22262
15,22261,2,2,1, 22263
18,22263,4,4,1, 22267
1,22266,1,1,1, 22267
24,22269,1,1,0, 22270
21,22267,5,5,1, 22272
7,22272,1,1,0, 22273
30,22273,3,3,1, 22276
25,22275,2,2,1, 22277
8,22276,1,1,1, 22277
16,22279,2,2,1, 22281
14,22279,3,3,1, 22282
17,22279,3,3,1, 22282
13,22279,4,4,1, 22283
2,22283,2,2,1, 22285
1,22286,1,1,0, 22287
22,22286,4,4,1, 22290
24,22289,1,1,1, 22290
23,22288,3,3,1, 22291
6,22290,2,2,1, 22292
7,22292,1,1,1, 22293
30,22293,3,3,1, 22296
25,22295,2,2,1, 22297
8,22296,1,1,1, 22297
31,22296,2,2,1, 22298
16,22299,2,2,1, 22301
13,22299,4,4,1, 22303
2,22303,2,2,1, 22305
1,22306,1,1,0, 22307
24,22309,1,1,0, 22310
21,22307,5,5,1, 22312
6,22310,2,2,1, 22312
7,22312,1,1,1, 22313
25,22315,2,2,1, 22317
8,22316,1,1,0, 22317
9,22317,2,2,1, 22319
16,22319,2,2,1, 22321
14,22319,3,3,1, 22322
15,22321,2,2,1, 22323
12,22320,5,5,1, 22325
1,22326,1,1,1, 22327
20,22323,6,6,1, 22329
4,22326,4,4,1, 22330
5,22327,3,3,1, 22330
24,22329,1,1,1, 22330
19,22326,5,5,1, 22331
7,22332,1,1,0, 22333
25,22335,2,2,1, 22337
8,22336,1,1,0, 22337
31,22336,2,2,1, 22338
14,22339,3,3,1, 22342
5,22347,3,3,1, 22350
24,22349,1,1,1, 22350
6,22350,2,2,1, 22352
7,22352,1,1,0, 22353
8,22356,1,1,0, 22357
31,22356,2,2,1, 22358
16,22359,2,2,1, 22361
14,22359,3,3,1, 22362
15,22361,2,2,1, 22363
22,22366,4,4,1, 22370
24,22369,1,1,1, 22370
23,22368,3,3,1, 22371
21,22367,5,5,1, 22372
6,22370,2,2,1, 22372
7,22372,1,1,0, 22373
30,22373,3,3,1, 22376
8,22376,1,1,0, 22377
14,22379,3,3,1, 22382
13,22379,4,4,1, 22383
24,22389,1,1,0, 22390
23,22388,3,3,1, 22391
21,22387,5,5,1, 22392
6,22390,2,2,1, 22392
7,22392,1,1,1, 22393
29,22398,4,4,1, 22402
24,22409,1,1,0, 22410
6,22410,2,2,1, 22412
7,22412,1,1,0, 22413
30,22413,3,3,1, 22416
29,22418,4,4,1, 22422
5,22427,3,3,1, 22430
24,22429,1,1,0, 22430
7,22432,1,1,1, 22433
30,22433,3,3,1, 22436
29,22438,4,4,1, 22442
17,22439,3,3,1, 22442
1,22446,1,1,1, 22447
24,22449,1,1,0, 22450
7,22452,1,1,0, 22453
30,22453,3,3,1, 22456
31,22456,2,2,1, 22458
17,22459,3,3,1, 22462
1,22466,1,1,0, 22467
24,22469,1,1,1, 22470
6,22470,2,2,1, 22472
7,22472,1,1,1, 22473
30,22473,3,3,1, 22476
25,22475,2,2,1, 22477
31,22476,2,2,1, 22478
9,22477,2,2,1, 22479
1,22486,1,1,0, 22487
5,22487,3,3,1, 22490
24,22489,1,1,1, 22490
7,22492,1,1,1, 22493
8,22496,1,1,0, 22497
9,22497,2,2,1, 22499
26,22497,3,3,1, 22500
16,22499,2,2,1, 22501
14,22499,3,3,1, 22502
13,22499,4,4,1, 22503
15,22501,2,2,1, 22503
18,22503,4,4,1, 22507
1,22506,1,1,0, 22507
24,22509,1,1,1, 22510
7,22512,1,1,0, 22513
8,22516,1,1,0, 22517
26,22517,3,3,1, 22520
17,22519,3,3,1, 22522
18,22523,4,4,1, 22527
1,22526,1,1,1, 22527
22,22526,4,4,1, 22530
5,22527,3,3,1, 22530
24,22529,1,1,0, 22530
21,22527,5,5,1, 22532
7,22532,1,1,1, 22533
30,22533,3,3,1, 22536
8,22536,1,1,1, 22537
26,22537,3,3,1, 22540
17,22539,3,3,1, 22542
2,22543,2,2,1, 22545
1,22546,1,1,1, 22547
4,22546,4,4,1, 22550
22,22546,4,4,1, 22550
3,22547,3,3,1, 22550
5,22547,3,3,1, 22550
24,22549,1,1,0, 22550
23,22548,3,3,1, 22551
6,22550,2,2,1, 22552
7,22552,1,1,0, 22553
30,22553,3,3,1, 22556
8,22556,1,1,1, 22557
11,22554,4,4,1, 22558
28,22554,5,5,1, 22559
17,22559,3,3,1, 22562
13,22559,4,4,1, 22563
15,22561,2,2,1, 22563
2,22563,2,2,1, 22565
1,22566,1,1,1, 22567
20,22563,6,6,1, 22569
4,22566,4,4,1, 22570
5,22567,3,3,1, 22570
24,22569,1,1,1, 22570
7,22572,1,1,0, 22573
27,22572,4,4,1, 22576
8,22576,1,1,0, 22577
11,22574,4,4,1, 22578
16,22579,2,2,1, 22581
29,22578,4,4,1, 22582
13,22579,4,4,1, 22583
22,22586,4,4,1, 22590
24,22589,1,1,1, 22590
23,22588,3,3,1, 22591
7,22592,1,1,0, 22593
30,22593,3,3,1, 22596
8,22596,1,1,0, 22597
31,22596,2,2,1, 22598
13,22599,4,4,1, 22603
22,22606,4,4,1, 22610
5,22607,3,3,1, 22610
24,22609,1,1,0, 22610
6,22610,2,2,1, 22612
7,22612,1,1,0, 22613
8,22616,1,1,1, 22617
31,22616,2,2,1, 22618
14,22619,3,3,1, 22622
24,22629,1,1,1, 22630
23,22628,3,3,1, 22631
21,22627,5,5,1, 22632
8,22636,1,1,1, 22637
16,22639,2,2,1, 22641
14,22639,3,3,1, 22642
13,22639,4,4,1, 22643
24,22649,1,1,0, 22650
8,22656,1,1,1, 22657
14,22659,3,3,1, 22662
24,22669,1,1,1, 22670
8,22676,1,1,0, 22677
16,22679,2,2,1, 22681
14,22679,3,3,1, 22682
15,22681,2,2,1, 22683
1,22686,1,1,1, 22687
24,22689,1,1,1, 22690
25,22695,2,2,1, 22697
9,22697,2,2,1, 22699
17,22699,3,3,1, 22702
1,22706,1,1,1, 22707
24,22709,1,1,0, 22710
25,22715,2,2,1, 22717
26,22717,3,3,1, 22720
29,22718,4,4,1, 22722
17,22719,3,3,1, 22722
18,22723,4,4,1, 22727
1,22726,1,1,0, 22727
5,22727,3,3,1, 22730
24,22729,1,1,0, 22730
7,22732,1,1,0, 22733
31,22736,2,2,1, 22738
29,22738,4,4,1, 22742
2,22743,2,2,1, 22745
1,22746,1,1,1, 22747
24,22749,1,1,0, 22750
6,22750,2,2,1, 22752
7,22752,1,1,1, 22753
25,22755,2,2,1, 22757
11,22754,4,4,1, 22758
28,22754,5,5,1, 22759
26,22757,3,3,1, 22760
2,22763,2,2,1, 22765
18,22763,4,4,1, 22767
1,22766,1,1,0, 22767
20,22763,6,6,1, 22769
4,22766,4,4,1, 22770
24,22769,1,1,1, 22770
19,22766,5,5,1, 22771
7,22772,1,1,0, 22773
11,22774,4,4,1, 22778
31,22776,2,2,1, 22778
9,22777,2,2,1, 22779
26,22777,3,3,1, 22780
29,22778,4,4,1, 22782
12,22780,5,5,1, 22785
1,22786,1,1,0, 22787
20,22783,6,6,1, 22789
24,22789,1,1,0, 22790
21,22787,5,5,1, 22792
6,22790,2,2,1, 22792
7,22792,1,1,1, 22793
30,22793,3,3,1, 22796
8,22796,1,1,0, 22797
31,22796,2,2,1, 22798
29,22798,4,4,1, 22802
13,22799,4,4,1, 22803
22,22806,4,4,1, 22810
5,22807,3,3,1, 22810
24,22809,1,1,1, 22810
7,22812,1,1,1, 22813
8,22816,1,1,0, 22817
22,22826,4,4,1, 22830
5,22827,3,3,1, 22830
24,22829,1,1,0, 22830
23,22828,3,3,1, 22831
21,22827,5,5,1, 22832
6,22830,2,2,1, 22832
7,22832,1,1,1, 22833
8,22836,1,1,1, 22837
14,22839,3,3,1, 22842
13,22839,4,4,1, 22843
15,22841,2,2,1, 22843
5,22847,3,3,1, 22850
24,22849,1,1,1, 22850
7,22852,1,1,1, 22853
30,22853,3,3,1, 22856
8,22856,1,1,1, 22857
31,22856,2,2,1, 22858
14,22859,3,3,1, 22862
15,22861,2,2,1, 22863
24,22869,1,1,1, 22870
21,22867,5,5,1, 22872
7,22872,1,1,0, 22873
30,22873,3,3,1, 22876
8,22876,1,1,0, 22877
31,22876,2,2,1, 22878
29,22878,4,4,1, 22882
22,22886,4,4,1, 22890
24,22889,1,1,0, 22890
23,22888,3,3,1, 22891
7,22892,1,1,1, 22893
30,22893,3,3,1, 22896
8,22896,1,1,1, 22897
31,22896,2,2,1, 22898
9,22897,2,2,1, 22899
16,22899,2,2,1, 22901
29,22898,4,4,1, 22902
14,22899,3,3,1, 22902
13,22899,4,4,1, 22903
15,22901,2,2,1, 22903
1,22906,1,1,0, 22907
22,22906,4,4,1, 22910
24,22909,1,1,0, 22910
6,22910,2,2,1, 22912
7,22912,1,1,0, 22913
30,22913,3,3,1, 22916
25,22915,2,2,1, 22917
8,22916,1,1,1, 22917
31,22916,2,2,1, 22918
9,22917,2,2,1, 22919
16,22919,2,2,1, 22921
29,22918,4,4,1, 22922
14,22919,3,3,1, 22922
13,22919,4,4,1, 22923
1,22926,1,1,0, 22927
24,22929,1,1,0, 22930
23,22928,3,3,1, 22931
25,22935,2,2,1, 22937
8,22936,1,1,1, 22937
26,22937,3,3,1, 22940
14,22939,3,3,1, 22942
18,22943,4,4,1, 22947
1,22946,1,1,0, 22947
24,22949,1,1,1, 22950
21,22947,5,5,1, 22952
25,22955,2,2,1, 22957
8,22956,1,1,1, 22957
17,22959,3,3,1, 22962
13,22959,4,4,1, 22963
1,22966,1,1,1, 22967
22,22966,4,4,1, 22970
24,22969,1,1,0, 22970
21,22967,5,5,1, 22972
25,22975,2,2,1, 22977
8,22976,1,1,0, 22977
9,22977,2,2,1, 22979
26,22977,3,3,1, 22980
17,22979,3,3,1, 22982
2,22983,2,2,1, 22985
18,22983,4,4,1, 22987
1,22986,1,1,1, 22987
24,22989,1,1,1, 22990
25,22995,2,2,1, 22997
2,23003,2,2,1, 23005
18,23003,4,4,1, 23007
1,23006,1,1,0, 23007
24,23009,1,1,0, 23010
9,23017,2,2,1, 23019
26,23017,3,3,1, 23020
12,23020,5,5,1, 23025
18,23023,4,4,1, 23027
1,23026,1,1,1, 23027
4,23026,4,4,1, 23030
3,23027,3,3,1, 23030
24,23029,1,1,0, 23030
7,23032,1,1,0, 23033
11,23034,4,4,1, 23038
29,23038,4,4,1, 23042
17,23039,3,3,1, 23042
5,23047,3,3,1, 23050
24,23049,1,1,0, 23050
7,23052,1,1,0, 23053
30,23053,3,3,1, 23056
29,23058,4,4,1, 23062
5,23067,3,3,1, 23070
24,23069,1,1,1, 23070
6,23070,2,2,1, 23072
7,23072,1,1,1, 23073
29,23078,4,4,1, 23082
22,23086,4,4,1, 23090
5,23087,3,3,1, 23090
24,23089,1,1,1, 23090
7,23092,1,1,0, 23093
30,23093,3,3,1, 23096
8,23096,1,1,1, 23097
31,23096,2,2,1, 23098
16,23099,2,2,1, 23101
14,23099,3,3,1, 23102
22,23106,4,4,1, 23110
24,23109,1,1,0, 23110
21,23107,5,5,1, 23112
7,23112,1,1,0, 23113
8,23116,1,1,0, 23117
31,23116,2,2,1, 23118
13,23119,4,4,1, 23123
15,23121,2,2,1, 23123
22,23126,4,4,1, 23130
24,23129,1,1,1, 23130
7,23132,1,1,1, 23133
8,23136,1,1,0, 23137
16,23139,2,2,1, 23141
14,23139,3,3,1, 23142
1,23146,1,1,1, 23147
22,23146,4,4,1, 23150
24,23149,1,1,1, 23150
21,23147,5,5,1, 23152
7,23152,1,1,1, 23153
8,23156,1,1,0, 23157
31,23156,2,2,1, 23158
9,23157,2,2,1, 23159
16,23159,2,2,1, 23161
17,23159,3,3,1, 23162
1,23166,1,1,1, 23167
22,23166,4,4,1, 23170
24,23169,1,1,1, 23170
23,23168,3,3,1, 23171
7,23172,1,1,0, 23173
25,23175,2,2,1, 23177
8,23176,1,1,0, 23177
16,23179,2,2,1, 23181
17,23179,3,3,1, 23182
13,23179,4,4,1, 23183
15,23181,2,2,1, 23183
1,23186,1,1,0, 23187
24,23189,1,1,1, 23190
7,23192,1,1,0, 23193
8,23196,1,1,0, 23197
31,23196,2,2,1, 23198
9,23197,2,2,1, 23199
29,23198,4,4,1, 23202
14,23199,3,3,1, 23202
17,23199,3,3,1, 23202
13,23199,4,4,1, 23203
1,23206,1,1,1, 23207
22,23206,4,4,1, 23210
24,23209,1,1,1, 23210
6,23210,2,2,1, 23212
7,23212,1,1,1, 23213
27,23212,4,4,1, 23216
30,23213,3,3,1, 23216
8,23216,1,1,1, 23217
11,23214,4,4,1, 23218
31,23216,2,2,1, 23218
26,23217,3,3,1, 23220
16,23219,2,2,1, 23221
29,23218,4,4,1, 23222
15,23221,2,2,1, 23223
2,23223,2,2,1, 23225
18,23223,4,4,1, 23227
1,23226,1,1,0, 23227
3,23227,3,3,1, 23230
24,23229,1,1,0, 23230
19,23226,5,5,1, 23231
6,23230,2,2,1, 23232
7,23232,1,1,0, 23233
27,23232,4,4,1, 23236
25,23235,2,2,1, 23237
9,23237,2,2,1, 23239
26,23237,3,3,1, 23240
29,23238,4,4,1, 23242
2,23243,2,2,1, 23245
18,23243,4,4,1, 23247
1,23246,1,1,0, 23247
3,23247,3,3,1, 23250
24,23249,1,1,1, 23250
7,23252,1,1,0, 23253
30,23253,3,3,1, 23256
11,23254,4,4,1, 23258
29,23258,4,4,1, 23262
17,23259,3,3,1, 23262
18,23263,4,4,1, 23267
5,23267,3,3,1, 23270
24,23269,1,1,0, 23270
6,23270,2,2,1, 23272
7,23272,1,1,1, 23273
30,23273,3,3,1, 23276
5,23287,3,3,1, 23290
24,23289,1,1,1, 23290
6,23290,2,2,1, 23292
7,23292,1,1,1, 23293
31,23296,2,2,1, 23298
5,23307,3,3,1, 23310
24,23309,1,1,1, 23310
7,23312,1,1,0, 23313
30,23313,3,3,1, 23316
31,23316,2,2,1, 23318
22,23326,4,4,1, 23330
24,23329,1,1,0, 23330
23,23328,3,3,1, 23331
21,23327,5,5,1, 23332
6,23330,2,2,1, 23332
7,23332,1,1,1, 23333
8,23336,1,1,1, 23337
31,23336,2,2,1, 23338
16,23339,2,2,1, 23341
29,23338,4,4,1, 23342
15,23341,2,2,1, 23343
22,23346,4,4,1, 23350
5,23347,3,3,1, 23350
24,23349,1,1,0, 23350
7,23352,1,1,0, 23353
8,23356,1,1,1, 23357
31,23356,2,2,1, 23358
29,23358,4,4,1, 23362
15,23361,2,2,1, 23363
5,23367,3,3,1, 23370
24,23369,1,1,0, 23370
23,23368,3,3,1, 23371
6,23370,2,2,1, 23372
8,23376,1,1,1, 23377
9,23377,2,2,1, 23379
16,23379,2,2,1, 23381
13,23379,4,4,1, 23383
1,23386,1,1,0, 23387
22,23386,4,4,1, 23390
24,23389,1,1,0, 23390
21,23387,5,5,1, 23392
8,23396,1,1,0, 23397
9,23397,2,2,1, 23399
16,23399,2,2,1, 23401
14,23399,3,3,1, 23402
15,23401,2,2,1, 23403
1,23406,1,1,1, 23407
24,23409,1,1,1, 23410
23,23408,3,3,1, 23411
21,23407,5,5,1, 23412
25,23415,2,2,1, 23417
8,23416,1,1,1, 23417
9,23417,2,2,1, 23419
26,23417,3,3,1, 23420
16,23419,2,2,1, 23421
13,23419,4,4,1, 23423
2,23423,2,2,1, 23425
18,23423,4,4,1, 23427
1,23426,1,1,0, 23427
24,23429,1,1,0, 23430
23,23428,3,3,1, 23431
25,23435,2,2,1, 23437
8,23436,1,1,1, 23437
2,23443,2,2,1, 23445
18,23443,4,4,1, 23447
1,23446,1,1,0, 23447
22,23446,4,4,1, 23450
24,23449,1,1,0, 23450
23,23448,3,3,1, 23451
25,23455,2,2,1, 23457
8,23456,1,1,0, 23457
14,23459,3,3,1, 23462
2,23463,2,2,1, 23465
1,23466,1,1,0, 23467
24,23469,1,1,0, 23470
25,23475,2,2,1, 23477
9,23477,2,2,1, 23479
2,23483,2,2,1, 23485
1,23486,1,1,1, 23487
20,23483,6,6,1, 23489
4,23486,4,4,1, 23490
5,23487,3,3,1, 23490
24,23489,1,1,0, 23490
19,23486,5,5,1, 23491
6,23490,2,2,1, 23492
7,23492,1,1,0, 23493
25,23495,2,2,1, 23497
26,23497,3,3,1, 23500
12,23500,5,5,1, 23505
1,23506,1,1,1, 23507
20,23503,6,6,1, 23509
4,23506,4,4,1, 23510
24,23509,1,1,0, 23510
6,23510,2,2,1, 23512
7,23512,1,1,0, 23513
27,23512,4,4,1, 23516
30,23513,3,3,1, 23516
25,23515,2,2,1, 23517
29,23518,4,4,1, 23522
24,23529,1,1,1, 23530
7,23532,1,1,0, 23533
31,23536,2,2,1, 23538
24,23549,1,1,1, 23550
7,23552,1,1,0, 23553
30,23553,3,3,1, 23556
31,23556,2,2,1, 23558
29,23558,4,4,1, 23562
5,23567,3,3,1, 23570
24,23569,1,1,1, 23570
23,23568,3,3,1, 23571
6,23570,2,2,1, 23572
7,23572,1,1,1, 23573
8,23576,1,1,0, 23577
14,23579,3,3,1, 23582
13,23579,4,4,1, 23583
15,23581,2,2,1, 23583
22,23586,4,4,1, 23590
24,23589,1,1,0, 23590
23,23588,3,3,1, 23591
7,23592,1,1,1, 23593
30,23593,3,3,1, 23596
8,23596,1,1,0, 23597
31,23596,2,2,1, 23598
29,23598,4,4,1, 23602
14,23599,3,3,1, 23602
22,23606,4,4,1, 23610
24,23609,1,1,1, 23610
6,23610,2,2,1, 23612
7,23612,1,1,0, 23613
8,23616,1,1,1, 23617
16,23619,2,2,1, 23621
29,23618,4,4,1, 23622
13,23619,4,4,1, 23623
15,23621,2,2,1, 23623
1,23626,1,1,1, 23627
22,23626,4,4,1, 23630
24,23629,1,1,1, 23630
21,23627,5,5,1, 23632
7,23632,1,1,1, 23633
25,23635,2,2,1, 23637
8,23636,1,1,0, 23637
17,23639,3,3,1, 23642
13,23639,4,4,1, 23643
15,23641,2,2,1, 23643
1,23646,1,1,1, 23647
5,23647,3,3,1, 23650
24,23649,1,1,0, 23650
7,23652,1,1,1, 23653
25,23655,2,2,1, 23657
8,23656,1,1,1, 23657
9,23657,2,2,1, 23659
16,23659,2,2,1, 23661
29,23658,4,4,1, 23662
17,23659,3,3,1, 23662
1,23666,1,1,1, 23667
22,23666,4,4,1, 23670
24,23669,1,1,0, 23670
7,23672,1,1,1, 23673
30,23673,3,3,1, 23676
8,23676,1,1,0, 23677
31,23676,2,2,1, 23678
9,23677,2,2,1, 23679
29,23678,4,4,1, 23682
14,23679,3,3,1, 23682
17,23679,3,3,1, 23682
13,23679,4,4,1, 23683
1,23686,1,1,1, 23687
22,23686,4,4,1, 23690
5,23687,3,3,1, 23690
24,23689,1,1,0, 23690
23,23688,3,3,1, 23691
7,23692,1,1,1, 23693
30,23693,3,3,1, 23696
25,23695,2,2,1, 23697
8,23696,1,1,0, 23697
26,23697,3,3,1, 23700
16,23699,2,2,1, 23701
1,23706,1,1,0, 23707
24,23709,1,1,1, 23710
23,23708,3,3,1, 23711
7,23712,1,1,1, 23713
8,23716,1,1,1, 23717
31,23716,2,2,1, 23718
9,23717,2,2,1, 23719
16,23719,2,2,1, 23721
13,23719,4,4,1, 23723
18,23723,4,4,1, 23727
1,23726,1,1,0, 23727
24,23729,1,1,0, 23730
7,23732,1,1,1, 23733
25,23735,2,2,1, 23737
9,23737,2,2,1, 23739
26,23737,3,3,1, 23740
2,23743,2,2,1, 23745
18,23743,4,4,1, 23747
1,23746,1,1,1, 23747
20,23743,6,6,1, 23749
4,23746,4,4,1, 23750
3,23747,3,3,1, 23750
24,23749,1,1,1, 23750
19,23746,5,5,1, 23751
7,23752,1,1,0, 23753
25,23755,2,2,1, 23757
11,23754,4,4,1, 23758
28,23754,5,5,1, 23759
26,23757,3,3,1, 23760
24,23769,1,1,1, 23770
7,23772,1,1,0, 23773
24,23789,1,1,1, 23790
7,23792,1,1,1, 23793
31,23796,2,2,1, 23798
24,23809,1,1,0, 23810
7,23812,1,1,0, 23813
31,23816,2,2,1, 23818
22,23826,4,4,1, 23830
5,23827,3,3,1, 23830
24,23829,1,1,1, 23830
6,23830,2,2,1, 23832
7,23832,1,1,0, 23833
8,23836,1,1,0, 23837
22,23846,4,4,1, 23850
24,23849,1,1,1, 23850
7,23852,1,1,1, 23853
8,23856,1,1,1, 23857
31,23856,2,2,1, 23858
14,23859,3,3,1, 23862
15,23861,2,2,1, 23863
1,23866,1,1,1, 23867
24,23869,1,1,1, 23870
7,23872,1,1,0, 23873
8,23876,1,1,1, 23877
9,23877,2,2,1, 23879
14,23879,3,3,1, 23882
15,23881,2,2,1, 23883
1,23886,1,1,1, 23887
22,23886,4,4,1, 23890
5,23887,3,3,1, 23890
24,23889,1,1,0, 23890
6,23890,2,2,1, 23892
7,23892,1,1,0, 23893
30,23893,3,3,1, 23896
8,23896,1,1,1, 23897
16,23899,2,2,1, 23901
14,23899,3,3,1, 23902
17,23899,3,3,1, 23902
15,23901,2,2,1, 23903
1,23906,1,1,1, 23907
24,23909,1,1,0, 23910
21,23907,5,5,1, 23912
7,23912,1,1,0, 23913
25,23915,2,2,1, 23917
8,23916,1,1,0, 23917
31,23916,2,2,1, 23918
9,23917,2,2,1, 23919
29,23918,4,4,1, 23922
14,23919,3,3,1, 23922
13,23919,4,4,1, 23923
15,23921,2,2,1, 23923
2,23923,2,2,1, 23925
18,23923,4,4,1, 23927
1,23926,1,1,1, 23927
24,23929,1,1,1, 23930
23,23928,3,3,1, 23931
21,23927,5,5,1, 23932
6,23930,2,2,1, 23932
7,23932,1,1,1, 23933
8,23936,1,1,0, 23937
31,23936,2,2,1, 23938
9,23937,2,2,1, 23939
14,23939,3,3,1, 23942
2,23943,2,2,1, 23945
1,23946,1,1,0, 23947
22,23946,4,4,1, 23950
5,23947,3,3,1, 23950
24,23949,1,1,1, 23950
6,23950,2,2,1, 23952
7,23952,1,1,0, 23953
8,23956,1,1,1, 23957
31,23956,2,2,1, 23958
9,23957,2,2,1, 23959
26,23957,3,3,1, 23960
29,23958,4,4,1, 23962
17,23959,3,3,1, 23962
1,23966,1,1,0, 23967
22,23966,4,4,1, 23970
3,23967,3,3,1, 23970
24,23969,1,1,1, 23970
6,23970,2,2,1, 23972
7,23972,1,1,1, 23973
30,23973,3,3,1, 23976
8,23976,1,1,0, 23977
11,23974,4,4,1, 23978
9,23977,2,2,1, 23979
26,23977,3,3,1, 23980
29,23978,4,4,1, 23982
14,23979,3,3,1, 23982
17,23979,3,3,1, 23982
18,23983,4,4,1, 23987
1,23986,1,1,1, 23987
22,23986,4,4,1, 23990
24,23989,1,1,0, 23990
23,23988,3,3,1, 23991
7,23992,1,1,1, 23993
8,23996,1,1,1, 23997
14,23999,3,3,1, 24002
17,23999,3,3,1, 24002
15,24001,2,2,1, 24003
2,24003,2,2,1, 24005
1,24006,1,1,1, 24007
3,24007,3,3,1, 24010
24,24009,1,1,1, 24010
7,24012,1,1,1, 24013
8,24016,1,1,0, 24017
17,24019,3,3,1, 24022
13,24019,4,4,1, 24023
1,24026,1,1,1, 24027
22,24026,4,4,1, 24030
24,24029,1,1,1, 24030
21,24027,5,5,1, 24032
7,24032,1,1,1, 24033
27,24032,4,4,1, 24036
8,24036,1,1,1, 24037
11,24034,4,4,1, 24038
26,24037,3,3,1, 24040
16,24039,2,2,1, 24041
17,24039,3,3,1, 24042
13,24039,4,4,1, 24043
18,24043,4,4,1, 24047
1,24046,1,1,0, 24047
5,24047,3,3,1, 24050
24,24049,1,1,0, 24050
23,24048,3,3,1, 24051
21,24047,5,5,1, 24052
7,24052,1,1,0, 24053
27,24052,4,4,1, 24056
30,24053,3,3,1, 24056
25,24055,2,2,1, 24057
8,24056,1,1,0, 24057
31,24056,2,2,1, 24058
16,24059,2,2,1, 24061
24,24069,1,1,1, 24070
7,24072,1,1,1, 24073
30,24073,3,3,1, 24076
29,24078,4,4,1, 24082
24,24089,1,1,1, 24090
6,24090,2,2,1, 24092
7,24092,1,1,1, 24093
31,24096,2,2,1, 24098
5,24107,3,3,1, 24110
24,24109,1,1,1, 24110
7,24112,1,1,1, 24113
31,24116,2,2,1, 24118
5,24127,3,3,1, 24130
24,24129,1,1,1, 24130
6,24130,2,2,1, 24132
7,24132,1,1,0, 24133
31,24136,2,2,1, 24138
5,24147,3,3,1, 24150
24,24149,1,1,0, 24150
6,24150,2,2,1, 24152
7,24152,1,1,0, 24153
29,24158,4,4,1, 24162
17,24159,3,3,1, 24162
1,24166,1,1,1, 24167
22,24166,4,4,1, 24170
24,24169,1,1,0, 24170
21,24167,5,5,1, 24172
7,24172,1,1,1, 24173
30,24173,3,3,1, 24176
25,24175,2,2,1, 24177
8,24176,1,1,1, 24177
9,24177,2,2,1, 24179
29,24178,4,4,1, 24182
13,24179,4,4,1, 24183
1,24186,1,1,0, 24187
22,24186,4,4,1, 24190
24,24189,1,1,0, 24190
6,24190,2,2,1, 24192
7,24192,1,1,0, 24193
25,24195,2,2,1, 24197
8,24196,1,1,0, 24197
14,24199,3,3,1, 24202
1,24206,1,1,1, 24207
24,24209,1,1,1, 24210
7,24212,1,1,0, 24213
30,24213,3,3,1, 24216
8,24216,1,1,0, 24217
11,24214,4,4,1, 24218
9,24217,2,2,1, 24219
16,24219,2,2,1, 24221
29,24218,4,4,1, 24222
12,24220,5,5,1, 24225
1,24226,1,1,0, 24227
20,24223,6,6,1, 24229
4,24226,4,4,1, 24230
22,24226,4,4,1, 24230
5,24227,3,3,1, 24230
24,24229,1,1,0, 24230
19,24226,5,5,1, 24231
21,24227,5,5,1, 24232
6,24230,2,2,1, 24232
7,24232,1,1,1, 24233
30,24233,3,3,1, 24236
25,24235,2,2,1, 24237
8,24236,1,1,1, 24237
31,24236,2,2,1, 24238
28,24234,5,5,1, 24239
26,24237,3,3,1, 24240
29,24238,4,4,1, 24242
14,24239,3,3,1, 24242
13,24239,4,4,1, 24243
15,24241,2,2,1, 24243
2,24243,2,2,1, 24245
18,24243,4,4,1, 24247
1,24246,1,1,0, 24247
20,24243,6,6,1, 24249
4,24246,4,4,1, 24250
24,24249,1,1,1, 24250
6,24250,2,2,1, 24252
7,24252,1,1,0, 24253
27,24252,4,4,1, 24256
25,24255,2,2,1, 24257
8,24256,1,1,1, 24257
11,24254,4,4,1, 24258
31,24256,2,2,1, 24258
16,24259,2,2,1, 24261
14,24259,3,3,1, 24262
13,24259,4,4,1, 24263
15,24261,2,2,1, 24263
22,24266,4,4,1, 24270
24,24269,1,1,0, 24270
21,24267,5,5,1, 24272
6,24270,2,2,1, 24272
7,24272,1,1,0, 24273
8,24276,1,1,1, 24277
16,24279,2,2,1, 24281
29,24278,4,4,1, 24282
13,24279,4,4,1, 24283
15,24281,2,2,1, 24283
5,24287,3,3,1, 24290
24,24289,1,1,0, 24290
21,24287,5,5,1, 24292
7,24292,1,1,1, 24293
8,24296,1,1,1, 24297
14,24299,3,3,1, 24302
24,24309,1,1,1, 24310
23,24308,3,3,1, 24311
21,24307,5,5,1, 24312
6,24310,2,2,1, 24312
7,24312,1,1,1, 24313
8,24316,1,1,1, 24317
16,24319,2,2,1, 24321
29,24318,4,4,1, 24322
5,24327,3,3,1, 24330
24,24329,1,1,0, 24330
7,24332,1,1,0, 24333
5,24347,3,3,1, 24350
24,24349,1,1,1, 24350
6,24350,2,2,1, 24352
7,24352,1,1,0, 24353
31,24356,2,2,1, 24358
17,24359,3,3,1, 24362
1,24366,1,1,1, 24367
24,24369,1,1,0, 24370
9,24377,2,2,1, 24379
26,24377,3,3,1, 24380
17,24379,3,3,1, 24382
2,24383,2,2,1, 24385
18,24383,4,4,1, 24387
1,24386,1,1,0, 24387
20,24383,6,6,1, 24389
4,24386,4,4,1, 24390
3,24387,3,3,1, 24390
24,24389,1,1,0, 24390
19,24386,5,5,1, 24391
17,24399,3,3,1, 24402
1,24406,1,1,0, 24407
24,24409,1,1,0, 24410
25,24415,2,2,1, 24417
1,24426,1,1,1, 24427
22,24426,4,4,1, 24430
24,24429,1,1,1, 24430
25,24435,2,2,1, 24437
8,24436,1,1,0, 24437
9,24437,2,2,1, 24439
15,24441,2,2,1, 24443
1,24446,1,1,1, 24447
22,24446,4,4,1, 24450
24,24449,1,1,1, 24450
8,24456,1,1,0, 24457
29,24458,4,4,1, 24462
17,24459,3,3,1, 24462
1,24466,1,1,0, 24467
5,24467,3,3,1, 24470
24,24469,1,1,0, 24470
23,24468,3,3,1, 24471
6,24470,2,2,1, 24472
7,24472,1,1,1, 24473
30,24473,3,3,1, 24476
8,24476,1,1,0, 24477
16,24479,2,2,1, 24481
14,24479,3,3,1, 24482
17,24479,3,3,1, 24482
1,24486,1,1,0, 24487
22,24486,4,4,1, 24490
24,24489,1,1,1, 24490
23,24488,3,3,1, 24491
21,24487,5,5,1, 24492
7,24492,1,1,0, 24493
8,24496,1,1,0, 24497
31,24496,2,2,1, 24498
16,24499,2,2,1, 24501
29,24498,4,4,1, 24502
14,24499,3,3,1, 24502
15,24501,2,2,1, 24503
18,24503,4,4,1, 24507
1,24506,1,1,0, 24507
22,24506,4,4,1, 24510
24,24509,1,1,1, 24510
21,24507,5,5,1, 24512
7,24512,1,1,0, 24513
25,24515,2,2,1, 24517
8,24516,1,1,0, 24517
26,24517,3,3,1, 24520
29,24518,4,4,1, 24522
14,24519,3,3,1, 24522
17,24519,3,3,1, 24522
13,24519,4,4,1, 24523
1,24526,1,1,0, 24527
22,24526,4,4,1, 24530
5,24527,3,3,1, 24530
24,24529,1,1,1, 24530
21,24527,5,5,1, 24532
7,24532,1,1,0, 24533
8,24536,1,1,1, 24537
31,24536,2,2,1, 24538
26,24537,3,3,1, 24540
16,24539,2,2,1, 24541
14,24539,3,3,1, 24542
15,24541,2,2,1, 24543
2,24543,2,2,1, 24545
18,24543,4,4,1, 24547
1,24546,1,1,1, 24547
22,24546,4,4,1, 24550
5,24547,3,3,1, 24550
24,24549,1,1,1, 24550
6,24550,2,2,1, 24552
7,24552,1,1,1, 24553
30,24553,3,3,1, 24556
25,24555,2,2,1, 24557
8,24556,1,1,1, 24557
31,24556,2,2,1, 24558
16,24559,2,2,1, 24561
15,24561,2,2,1, 24563
2,24563,2,2,1, 24565
18,24563,4,4,1, 24567
1,24566,1,1,0, 24567
22,24566,4,4,1, 24570
5,24567,3,3,1, 24570
24,24569,1,1,0, 24570
23,24568,3,3,1, 24571
7,24572,1,1,0, 24573
25,24575,2,2,1, 24577
31,24576,2,2,1, 24578
9,24577,2,2,1, 24579
26,24577,3,3,1, 24580
17,24579,3,3,1, 24582
2,24583,2,2,1, 24585
5,24587,3,3,1, 24590
24,24589,1,1,0, 24590
6,24590,2,2,1, 24592
7,24592,1,1,0, 24593
29,24598,4,4,1, 24602
5,24607,3,3,1, 24610
24,24609,1,1,1, 24610
7,24612,1,1,0, 24613
31,24616,2,2,1, 24618
5,24627,3,3,1, 24630
24,24629,1,1,1, 24630
7,24632,1,1,1, 24633
30,24633,3,3,1, 24636
31,24636,2,2,1, 24638
24,24649,1,1,1, 24650
7,24652,1,1,0, 24653
29,24658,4,4,1, 24662
24,24669,1,1,1, 24670
7,24672,1,1,1, 24673
30,24673,3,3,1, 24676
8,24676,1,1,1, 24677
16,24679,2,2,1, 24681
14,24679,3,3,1, 24682
13,24679,4,4,1, 24683
15,24681,2,2,1, 24683
5,24687,3,3,1, 24690
24,24689,1,1,1, 24690
6,24690,2,2,1, 24692
7,24692,1,1,1, 24693
30,24693,3,3,1, 24696
8,24696,1,1,1, 24697
31,24696,2,2,1, 24698
14,24699,3,3,1, 24702
1,24706,1,1,1, 24707
22,24706,4,4,1, 24710
5,24707,3,3,1, 24710
24,24709,1,1,0, 24710
23,24708,3,3,1, 24711
7,24712,1,1,0, 24713
30,24713,3,3,1, 24716
8,24716,1,1,0, 24717
16,24719,2,2,1, 24721
29,24718,4,4,1, 24722
17,24719,3,3,1, 24722
13,24719,4,4,1, 24723
1,24726,1,1,0, 24727
22,24726,4,4,1, 24730
24,24729,1,1,0, 24730
23,24728,3,3,1, 24731
21,24727,5,5,1, 24732
25,24735,2,2,1, 24737
8,24736,1,1,1, 24737
16,24739,2,2,1, 24741
13,24739,4,4,1, 24743
15,24741,2,2,1, 24743
1,24746,1,1,0, 24747
22,24746,4,4,1, 24750
24,24749,1,1,1, 24750
25,24755,2,2,1, 24757
8,24756,1,1,0, 24757
9,24757,2,2,1, 24759
16,24759,2,2,1, 24761
14,24759,3,3,1, 24762
15,24761,2,2,1, 24763
18,24763,4,4,1, 24767
1,24766,1,1,0, 24767
24,24769,1,1,1, 24770
21,24767,5,5,1, 24772
25,24775,2,2,1, 24777
8,24776,1,1,0, 24777
9,24777,2,2,1, 24779
14,24779,3,3,1, 24782
18,24783,4,4,1, 24787
1,24786,1,1,1, 24787
24,24789,1,1,1, 24790
9,24797,2,2,1, 24799
17,24799,3,3,1, 24802
1,24806,1,1,0, 24807
24,24809,1,1,1, 24810
27,24812,4,4,1, 24816
25,24815,2,2,1, 24817
11,24814,4,4,1, 24818
9,24817,2,2,1, 24819
26,24817,3,3,1, 24820
1,24826,1,1,0, 24827
5,24827,3,3,1, 24830
24,24829,1,1,0, 24830
6,24830,2,2,1, 24832
7,24832,1,1,1, 24833
31,24836,2,2,1, 24838
17,24839,3,3,1, 24842
1,24846,1,1,0, 24847
4,24846,4,4,1, 24850
3,24847,3,3,1, 24850
5,24847,3,3,1, 24850
24,24849,1,1,1, 24850
7,24852,1,1,0, 24853
30,24853,3,3,1, 24856
11,24854,4,4,1, 24858
31,24856,2,2,1, 24858
9,24857,2,2,1, 24859
29,24858,4,4,1, 24862
17,24859,3,3,1, 24862
2,24863,2,2,1, 24865
1,24866,1,1,1, 24867
4,24866,4,4,1, 24870
3,24867,3,3,1, 24870
24,24869,1,1,0, 24870
19,24866,5,5,1, 24871
6,24870,2,2,1, 24872
7,24872,1,1,1, 24873
28,24874,5,5,1, 24879
17,24879,3,3,1, 24882
2,24883,2,2,1, 24885
18,24883,4,4,1, 24887
1,24886,1,1,0, 24887
20,24883,6,6,1, 24889
22,24886,4,4,1, 24890
24,24889,1,1,1, 24890
21,24887,5,5,1, 24892
6,24890,2,2,1, 24892
7,24892,1,1,0, 24893
30,24893,3,3,1, 24896
8,24896,1,1,1, 24897
29,24898,4,4,1, 24902
22,24906,4,4,1, 24910
24,24909,1,1,1, 24910
23,24908,3,3,1, 24911
7,24912,1,1,1, 24913
8,24916,1,1,1, 24917
31,24916,2,2,1, 24918
15,24921,2,2,1, 24923
22,24926,4,4,1, 24930
5,24927,3,3,1, 24930
24,24929,1,1,1, 24930
23,24928,3,3,1, 24931
21,24927,5,5,1, 24932
7,24932,1,1,0, 24933
30,24933,3,3,1, 24936
8,24936,1,1,0, 24937
16,24939,2,2,1, 24941
29,24938,4,4,1, 24942
14,24939,3,3,1, 24942
22,24946,4,4,1, 24950
5,24947,3,3,1, 24950
24,24949,1,1,0, 24950
23,24948,3,3,1, 24951
21,24947,5,5,1, 24952
6,24950,2,2,1, 24952
7,24952,1,1,1, 24953
30,24953,3,3,1, 24956
8,24956,1,1,0, 24957
16,24959,2,2,1, 24961
15,24961,2,2,1, 24963
24,24969,1,1,0, 24970
21,24967,5,5,1, 24972
7,24972,1,1,0, 24973
8,24976,1,1,1, 24977
31,24976,2,2,1, 24978
14,24979,3,3,1, 24982
22,24986,4,4,1, 24990
24,24989,1,1,1, 24990
23,24988,3,3,1, 24991
7,24992,1,1,1, 24993
8,24996,1,1,1, 24997
31,24996,2,2,1, 24998
16,24999,2,2,1, 25001
17,24999,3,3,1, 25002
1,25006,1,1,1, 25007
22,25006,4,4,1, 25010
24,25009,1,1,0, 25010
23,25008,3,3,1, 25011
7,25012,1,1,0, 25013
25,25015,2,2,1, 25017
8,25016,1,1,1, 25017
31,25016,2,2,1, 25018
9,25017,2,2,1, 25019
16,25019,2,2,1, 25021
14,25019,3,3,1, 25022
1,25026,1,1,0, 25027
24,25029,1,1,0, 25030
7,25032,1,1,0, 25033
25,25035,2,2,1, 25037
1,25046,1,1,0, 25047
24,25049,1,1,1, 25050
7,25052,1,1,1, 25053
31,25056,2,2,1, 25058
2,25063,2,2,1, 25065
18,25063,4,4,1, 25067
1,25066,1,1,1, 25067
5,25067,3,3,1, 25070
24,25069,1,1,0, 25070
7,25072,1,1,0, 25073
25,25075,2,2,1, 25077
31,25076,2,2,1, 25078
26,25077,3,3,1, 25080
29,25078,4,4,1, 25082
17,25079,3,3,1, 25082
1,25086,1,1,1, 25087
5,25087,3,3,1, 25090
24,25089,1,1,0, 25090
6,25090,2,2,1, 25092
7,25092,1,1,0, 25093
9,25097,2,2,1, 25099
29,25098,4,4,1, 25102
17,25099,3,3,1, 25102
2,25103,2,2,1, 25105
18,25103,4,4,1, 25107
1,25106,1,1,0, 25107
24,25109,1,1,0, 25110
6,25110,2,2,1, 25112
7,25112,1,1,0, 25113
26,25117,3,3,1, 25120
29,25118,4,4,1, 25122
17,25119,3,3,1, 25122
1,25126,1,1,0, 25127
4,25126,4,4,1, 25130
22,25126,4,4,1, 25130
5,25127,3,3,1, 25130
24,25129,1,1,0, 25130
19,25126,5,5,1, 25131
23,25128,3,3,1, 25131
21,25127,5,5,1, 25132
7,25132,1,1,1, 25133
30,25133,3,3,1, 25136
25,25135,2,2,1, 25137
8,25136,1,1,0, 25137
31,25136,2,2,1, 25138
9,25137,2,2,1, 25139
26,25137,3,3,1, 25140
16,25139,2,2,1, 25141
17,25139,3,3,1, 25142
13,25139,4,4,1, 25143
12,25140,5,5,1, 25145
2,25143,2,2,1, 25145
1,25146,1,1,0, 25147
22,25146,4,4,1, 25150
3,25147,3,3,1, 25150
24,25149,1,1,0, 25150
23,25148,3,3,1, 25151
6,25150,2,2,1, 25152
7,25152,1,1,1, 25153
8,25156,1,1,1, 25157
29,25158,4,4,1, 25162
15,25161,2,2,1, 25163
22,25166,4,4,1, 25170
24,25169,1,1,1, 25170
23,25168,3,3,1, 25171
21,25167,5,5,1, 25172
7,25172,1,1,0, 25173
30,25173,3,3,1, 25176
8,25176,1,1,1, 25177
15,25181,2,2,1, 25183
22,25186,4,4,1, 25190
5,25187,3,3,1, 25190
24,25189,1,1,0, 25190
23,25188,3,3,1, 25191
6,25190,2,2,1, 25192
7,25192,1,1,1, 25193
8,25196,1,1,1, 25197
16,25199,2,2,1, 25201
29,25198,4,4,1, 25202
14,25199,3,3,1, 25202
15,25201,2,2,1, 25203
5,25207,3,3,1, 25210
24,25209,1,1,1, 25210
23,25208,3,3,1, 25211
21,25207,5,5,1, 25212
7,25212,1,1,1, 25213
30,25213,3,3,1, 25216
8,25216,1,1,1, 25217
31,25216,2,2,1, 25218
14,25219,3,3,1, 25222
24,25229,1,1,0, 25230
24,25249,1,1,0, 25250
9,25257,2,2,1, 25259
1,25266,1,1,0, 25267
24,25269,1,1,0, 25270
25,25275,2,2,1, 25277
17,25279,3,3,1, 25282
1,25286,1,1,0, 25287
24,25289,1,1,0, 25290
25,25295,2,2,1, 25297
9,25297,2,2,1, 25299
18,25303,4,4,1, 25307
1,25306,1,1,1, 25307
24,25309,1,1,1, 25310
25,25315,2,2,1, 25317
29,25318,4,4,1, 25322
2,25323,2,2,1, 25325
1,25326,1,1,0, 25327
24,25329,1,1,0, 25330
23,25328,3,3,1, 25331
6,25330,2,2,1, 25332
7,25332,1,1,1, 25333
25,25335,2,2,1, 25337
8,25336,1,1,0, 25337
14,25339,3,3,1, 25342
17,25339,3,3,1, 25342
13,25339,4,4,1, 25343
1,25346,1,1,1, 25347
4,25346,4,4,1, 25350
22,25346,4,4,1, 25350
24,25349,1,1,0, 25350
19,25346,5,5,1, 25351
23,25348,3,3,1, 25351
21,25347,5,5,1, 25352
6,25350,2,2,1, 25352
7,25352,1,1,0, 25353
27,25352,4,4,1, 25356
8,25356,1,1,0, 25357
31,25356,2,2,1, 25358
28,25354,5,5,1, 25359
26,25357,3,3,1, 25360
16,25359,2,2,1, 25361
29,25358,4,4,1, 25362
15,25361,2,2,1, 25363
12,25360,5,5,1, 25365
2,25363,2,2,1, 25365
18,25363,4,4,1, 25367
1,25366,1,1,1, 25367
3,25367,3,3,1, 25370
5,25367,3,3,1, 25370
24,25369,1,1,0, 25370
19,25366,5,5,1, 25371
6,25370,2,2,1, 25372
7,25372,1,1,1, 25373
30,25373,3,3,1, 25376
8,25376,1,1,1, 25377
31,25376,2,2,1, 25378
28,25374,5,5,1, 25379
9,25377,2,2,1, 25379
16,25379,2,2,1, 25381
29,25378,4,4,1, 25382
13,25379,4,4,1, 25383
15,25381,2,2,1, 25383
18,25383,4,4,1, 25387
1,25386,1,1,1, 25387
20,25383,6,6,1, 25389
24,25389,1,1,1, 25390
23,25388,3,3,1, 25391
21,25387,5,5,1, 25392
6,25390,2,2,1, 25392
7,25392,1,1,1, 25393
30,25393,3,3,1, 25396
8,25396,1,1,1, 25397
31,25396,2,2,1, 25398
29,25398,4,4,1, 25402
14,25399,3,3,1, 25402
13,25399,4,4,1, 25403
15,25401,2,2,1, 25403
22,25406,4,4,1, 25410
5,25407,3,3,1, 25410
24,25409,1,1,0, 25410
23,25408,3,3,1, 25411
7,25412,1,1,1, 25413
30,25413,3,3,1, 25416
8,25416,1,1,0, 25417
16,25419,2,2,1, 25421
22,25426,4,4,1, 25430
24,25429,1,1,0, 25430
23,25428,3,3,1, 25431
7,25432,1,1,0, 25433
30,25433,3,3,1, 25436
8,25436,1,1,0, 25437
31,25436,2,2,1, 25438
29,25438,4,4,1, 25442
14,25439,3,3,1, 25442
15,25441,2,2,1, 25443
24,25449,1,1,0, 25450
7,25452,1,1,0, 25453
31,25456,2,2,1, 25458
24,25469,1,1,1, 25470
7,25472,1,1,1, 25473
24,25489,1,1,1, 25490
7,25492,1,1,1, 25493
9,25497,2,2,1, 25499
17,25499,3,3,1, 25502
1,25506,1,1,1, 25507
24,25509,1,1,0, 25510
7,25512,1,1,1, 25513
25,25515,2,2,1, 25517
31,25516,2,2,1, 25518
26,25517,3,3,1, 25520
18,25523,4,4,1, 25527
1,25526,1,1,1, 25527
24,25529,1,1,1, 25530
7,25532,1,1,1, 25533
25,25535,2,2,1, 25537
1,25546,1,1,0, 25547
24,25549,1,1,1, 25550
7,25552,1,1,1, 25553
30,25553,3,3,1, 25556
8,25556,1,1,1, 25557
9,25557,2,2,1, 25559
14,25559,3,3,1, 25562
13,25559,4,4,1, 25563
15,25561,2,2,1, 25563
2,25563,2,2,1, 25565
1,25566,1,1,0, 25567
4,25566,4,4,1, 25570
22,25566,4,4,1, 25570
5,25567,3,3,1, 25570
24,25569,1,1,1, 25570
19,25566,5,5,1, 25571
23,25568,3,3,1, 25571
6,25570,2,2,1, 25572
7,25572,1,1,1, 25573
27,25572,4,4,1, 25576
30,25573,3,3,1, 25576
8,25576,1,1,1, 25577
11,25574,4,4,1, 25578
28,25574,5,5,1, 25579
13,25579,4,4,1, 25583
15,25581,2,2,1, 25583
12,25580,5,5,1, 25585
2,25583,2,2,1, 25585
1,25586,1,1,1, 25587
4,25586,4,4,1, 25590
22,25586,4,4,1, 25590
3,25587,3,3,1, 25590
5,25587,3,3,1, 25590
24,25589,1,1,0, 25590
19,25586,5,5,1, 25591
23,25588,3,3,1, 25591
7,25592,1,1,1, 25593
8,25596,1,1,0, 25597
11,25594,4,4,1, 25598
28,25594,5,5,1, 25599
9,25597,2,2,1, 25599
26,25597,3,3,1, 25600
16,25599,2,2,1, 25601
29,25598,4,4,1, 25602
13,25599,4,4,1, 25603
15,25601,2,2,1, 25603
24,25609,1,1,0, 25610
23,25608,3,3,1, 25611
7,25612,1,1,0, 25613
8,25616,1,1,0, 25617
31,25616,2,2,1, 25618
14,25619,3,3,1, 25622
13,25619,4,4,1, 25623
15,25621,2,2,1, 25623
5,25627,3,3,1, 25630
24,25629,1,1,1, 25630
21,25627,5,5,1, 25632
6,25630,2,2,1, 25632
7,25632,1,1,1, 25633
8,25636,1,1,0, 25637
31,25636,2,2,1, 25638
16,25639,2,2,1, 25641
14,25639,3,3,1, 25642
5,25647,3,3,1, 25650
24,25649,1,1,1, 25650
21,25647,5,5,1, 25652
7,25652,1,1,0, 25653
8,25656,1,1,0, 25657
29,25658,4,4,1, 25662
14,25659,3,3,1, 25662
13,25659,4,4,1, 25663
24,25669,1,1,1, 25670
23,25668,3,3,1, 25671
7,25672,1,1,1, 25673
8,25676,1,1,1, 25677
16,25679,2,2,1, 25681
5,25687,3,3,1, 25690
24,25689,1,1,1, 25690
6,25690,2,2,1, 25692
7,25692,1,1,0, 25693
30,25693,3,3,1, 25696
29,25698,4,4,1, 25702
1,25706,1,1,1, 25707
5,25707,3,3,1, 25710
24,25709,1,1,0, 25710
6,25710,2,2,1, 25712
7,25712,1,1,0, 25713
30,25713,3,3,1, 25716
31,25716,2,2,1, 25718
29,25718,4,4,1, 25722
1,25726,1,1,0, 25727
5,25727,3,3,1, 25730
24,25729,1,1,1, 25730
7,25732,1,1,0, 25733
26,25737,3,3,1, 25740
29,25738,4,4,1, 25742
17,25739,3,3,1, 25742
18,25743,4,4,1, 25747
1,25746,1,1,0, 25747
24,25749,1,1,1, 25750
25,25755,2,2,1, 25757
11,25754,4,4,1, 25758
18,25763,4,4,1, 25767
1,25766,1,1,0, 25767
24,25769,1,1,1, 25770
25,25775,2,2,1, 25777
28,25774,5,5,1, 25779
26,25777,3,3,1, 25780
2,25783,2,2,1, 25785
1,25786,1,1,0, 25787
4,25786,4,4,1, 25790
22,25786,4,4,1, 25790
24,25789,1,1,1, 25790
8,25796,1,1,0, 25797
11,25794,4,4,1, 25798
28,25794,5,5,1, 25799
26,25797,3,3,1, 25800
17,25799,3,3,1, 25802
13,25799,4,4,1, 25803
15,25801,2,2,1, 25803
1,25806,1,1,1, 25807
20,25803,6,6,1, 25809
4,25806,4,4,1, 25810
24,25809,1,1,0, 25810
25,25815,2,2,1, 25817
8,25816,1,1,0, 25817
11,25814,4,4,1, 25818
26,25817,3,3,1, 25820
16,25819,2,2,1, 25821
17,25819,3,3,1, 25822
15,25821,2,2,1, 25823
12,25820,5,5,1, 25825
18,25823,4,4,1, 25827
24,25829,1,1,0, 25830
23,25828,3,3,1, 25831
8,25836,1,1,1, 25837
14,25839,3,3,1, 25842
13,25839,4,4,1, 25843
15,25841,2,2,1, 25843
5,25847,3,3,1, 25850
24,25849,1,1,1, 25850
23,25848,3,3,1, 25851
21,25847,5,5,1, 25852
6,25850,2,2,1, 25852
7,25852,1,1,1, 25853
30,25853,3,3,1, 25856
8,25856,1,1,1, 25857
31,25856,2,2,1, 25858
29,25858,4,4,1, 25862
13,25859,4,4,1, 25863
5,25867,3,3,1, 25870
24,25869,1,1,1, 25870
6,25870,2,2,1, 25872
7,25872,1,1,0, 25873
8,25876,1,1,0, 25877
13,25879,4,4,1, 25883
24,25889,1,1,0, 25890
23,25888,3,3,1, 25891
6,25890,2,2,1, 25892
7,25892,1,1,0, 25893
8,25896,1,1,0, 25897
31,25896,2,2,1, 25898
29,25898,4,4,1, 25902
14,25899,3,3,1, 25902
13,25899,4,4,1, 25903
15,25901,2,2,1, 25903
22,25906,4,4,1, 25910
24,25909,1,1,0, 25910
6,25910,2,2,1, 25912
7,25912,1,1,0, 25913
30,25913,3,3,1, 25916
8,25916,1,1,1, 25917
16,25919,2,2,1, 25921
29,25918,4,4,1, 25922
14,25919,3,3,1, 25922
13,25919,4,4,1, 25923
22,25926,4,4,1, 25930
5,25927,3,3,1, 25930
24,25929,1,1,0, 25930
6,25930,2,2,1, 25932
7,25932,1,1,0, 25933
25,25935,2,2,1, 25937
8,25936,1,1,1, 25937
9,25937,2,2,1, 25939
16,25939,2,2,1, 25941
29,25938,4,4,1, 25942
17,25939,3,3,1, 25942
13,25939,4,4,1, 25943
1,25946,1,1,1, 25947
24,25949,1,1,1, 25950
23,25948,3,3,1, 25951
7,25952,1,1,1, 25953
25,25955,2,2,1, 25957
8,25956,1,1,0, 25957
16,25959,2,2,1, 25961
2,25963,2,2,1, 25965
18,25963,4,4,1, 25967
1,25966,1,1,0, 25967
24,25969,1,1,0, 25970
7,25972,1,1,0, 25973
30,25973,3,3,1, 25976
25,25975,2,2,1, 25977
31,25976,2,2,1, 25978
26,25977,3,3,1, 25980
29,25978,4,4,1, 25982
2,25983,2,2,1, 25985
1,25986,1,1,0, 25987
24,25989,1,1,0, 25990
7,25992,1,1,0, 25993
25,25995,2,2,1, 25997
26,25997,3,3,1, 26000
2,26003,2,2,1, 26005
1,26006,1,1,0, 26007
20,26003,6,6,1, 26009
24,26009,1,1,1, 26010
7,26012,1,1,1, 26013
27,26012,4,4,1, 26016
11,26014,4,4,1, 26018
31,26016,2,2,1, 26018
28,26014,5,5,1, 26019
17,26019,3,3,1, 26022
2,26023,2,2,1, 26025
1,26026,1,1,1, 26027
24,26029,1,1,0, 26030
19,26026,5,5,1, 26031
7,26032,1,1,0, 26033
25,26035,2,2,1, 26037
28,26034,5,5,1, 26039
9,26037,2,2,1, 26039
24,26049,1,1,1, 26050
7,26052,1,1,0, 26053
22,26066,4,4,1, 26070
24,26069,1,1,1, 26070
23,26068,3,3,1, 26071
7,26072,1,1,1, 26073
8,26076,1,1,0, 26077
31,26076,2,2,1, 26078
16,26079,2,2,1, 26081
22,26086,4,4,1, 26090
24,26089,1,1,1, 26090
7,26092,1,1,1, 26093
8,26096,1,1,0, 26097
16,26099,2,2,1, 26101
29,26098,4,4,1, 26102
15,26101,2,2,1, 26103
24,26109,1,1,1, 26110
21,26107,5,5,1, 26112
6,26110,2,2,1, 26112
7,26112,1,1,0, 26113
30,26113,3,3,1, 26116
8,26116,1,1,1, 26117
16,26119,2,2,1, 26121
29,26118,4,4,1, 26122
14,26119,3,3,1, 26122
13,26119,4,4,1, 26123
15,26121,2,2,1, 26123
24,26129,1,1,0, 26130
7,26132,1,1,1, 26133
30,26133,3,3,1, 26136
8,26136,1,1,0, 26137
16,26139,2,2,1, 26141
29,26138,4,4,1, 26142
14,26139,3,3,1, 26142
13,26139,4,4,1, 26143
1,26146,1,1,1, 26147
5,26147,3,3,1, 26150
24,26149,1,1,1, 26150
7,26152,1,1,1, 26153
8,26156,1,1,0, 26157
31,26156,2,2,1, 26158
29,26158,4,4,1, 26162
17,26159,3,3,1, 26162
13,26159,4,4,1, 26163
1,26166,1,1,0, 26167
24,26169,1,1,0, 26170
7,26172,1,1,1, 26173
25,26175,2,2,1, 26177
8,26176,1,1,0, 26177
16,26179,2,2,1, 26181
29,26178,4,4,1, 26182
17,26179,3,3,1, 26182
13,26179,4,4,1, 26183
15,26181,2,2,1, 26183
1,26186,1,1,1, 26187
22,26186,4,4,1, 26190
5,26187,3,3,1, 26190
24,26189,1,1,1, 26190
6,26190,2,2,1, 26192
7,26192,1,1,0, 26193
30,26193,3,3,1, 26196
8,26196,1,1,1, 26197
17,26199,3,3,1, 26202
13,26199,4,4,1, 26203
1,26206,1,1,0, 26207
22,26206,4,4,1, 26210
5,26207,3,3,1, 26210
24,26209,1,1,1, 26210
23,26208,3,3,1, 26211
7,26212,1,1,0, 26213
30,26213,3,3,1, 26216
25,26215,2,2,1, 26217
8,26216,1,1,0, 26217
31,26216,2,2,1, 26218
9,26217,2,2,1, 26219
26,26217,3,3,1, 26220
16,26219,2,2,1, 26221
29,26218,4,4,1, 26222
15,26221,2,2,1, 26223
2,26223,2,2,1, 26225
18,26223,4,4,1, 26227
1,26226,1,1,0, 26227
24,26229,1,1,0, 26230
6,26230,2,2,1, 26232
7,26232,1,1,0, 26233
8,26236,1,1,1, 26237
11,26234,4,4,1, 26238
31,26236,2,2,1, 26238
16,26239,2,2,1, 26241
29,26238,4,4,1, 26242
14,26239,3,3,1, 26242
17,26239,3,3,1, 26242
13,26239,4,4,1, 26243
1,26246,1,1,0, 26247
4,26246,4,4,1, 26250
5,26247,3,3,1, 26250
24,26249,1,1,0, 26250
7,26252,1,1,0, 26253
30,26253,3,3,1, 26256
11,26254,4,4,1, 26258
9,26257,2,2,1, 26259
2,26263,2,2,1, 26265
18,26263,4,4,1, 26267
1,26266,1,1,0, 26267
20,26263,6,6,1, 26269
4,26266,4,4,1, 26270
24,26269,1,1,0, 26270
11,26274,4,4,1, 26278
12,26280,5,5,1, 26285
2,26283,2,2,1, 26285
18,26283,4,4,1, 26287
1,26286,1,1,0, 26287
4,26286,4,4,1, 26290
3,26287,3,3,1, 26290
24,26289,1,1,0, 26290
24,26309,1,1,1, 26310
24,26329,1,1,0, 26330
24,26349,1,1,1, 26350
23,26348,3,3,1, 26351
8,26356,1,1,1, 26357
14,26359,3,3,1, 26362
13,26359,4,4,1, 26363
15,26361,2,2,1, 26363
22,26366,4,4,1, 26370
5,26367,3,3,1, 26370
24,26369,1,1,0, 26370
23,26368,3,3,1, 26371
6,26370,2,2,1, 26372
7,26372,1,1,1, 26373
8,26376,1,1,0, 26377
14,26379,3,3,1, 26382
13,26379,4,4,1, 26383
15,26381,2,2,1, 26383
24,26389,1,1,0, 26390
23,26388,3,3,1, 26391
21,26387,5,5,1, 26392
6,26390,2,2,1, 26392
7,26392,1,1,0, 26393
30,26393,3,3,1, 26396
25,26395,2,2,1, 26397
8,26396,1,1,0, 26397
31,26396,2,2,1, 26398
17,26399,3,3,1, 26402
1,26406,1,1,1, 26407
5,26407,3,3,1, 26410
24,26409,1,1,1, 26410
23,26408,3,3,1, 26411
7,26412,1,1,0, 26413
25,26415,2,2,1, 26417
8,26416,1,1,0, 26417
31,26416,2,2,1, 26418
17,26419,3,3,1, 26422
15,26421,2,2,1, 26423
2,26423,2,2,1, 26425
18,26423,4,4,1, 26427
1,26426,1,1,1, 26427
22,26426,4,4,1, 26430
24,26429,1,1,0, 26430
21,26427,5,5,1, 26432
6,26430,2,2,1, 26432
7,26432,1,1,0, 26433
30,26433,3,3,1, 26436
8,26436,1,1,0, 26437
16,26439,2,2,1, 26441
29,26438,4,4,1, 26442
2,26443,2,2,1, 26445
1,26446,1,1,1, 26447
22,26446,4,4,1, 26450
24,26449,1,1,0, 26450
21,26447,5,5,1, 26452
7,26452,1,1,0, 26453
25,26455,2,2,1, 26457
8,26456,1,1,1, 26457
31,26456,2,2,1, 26458
9,26457,2,2,1, 26459
16,26459,2,2,1, 26461
29,26458,4,4,1, 26462
13,26459,4,4,1, 26463
2,26463,2,2,1, 26465
1,26466,1,1,1, 26467
22,26466,4,4,1, 26470
24,26469,1,1,0, 26470
21,26467,5,5,1, 26472
7,26472,1,1,0, 26473
25,26475,2,2,1, 26477
8,26476,1,1,0, 26477
31,26476,2,2,1, 26478
9,26477,2,2,1, 26479
26,26477,3,3,1, 26480
16,26479,2,2,1, 26481
29,26478,4,4,1, 26482
17,26479,3,3,1, 26482
15,26481,2,2,1, 26483
2,26483,2,2,1, 26485
1,26486,1,1,1, 26487
24,26489,1,1,1, 26490
6,26490,2,2,1, 26492
7,26492,1,1,0, 26493
30,26493,3,3,1, 26496
25,26495,2,2,1, 26497
9,26497,2,2,1, 26499
26,26497,3,3,1, 26500
12,26500,5,5,1, 26505
2,26503,2,2,1, 26505
18,26503,4,4,1, 26507
1,26506,1,1,0, 26507
20,26503,6,6,1, 26509
24,26509,1,1,1, 26510
6,26510,2,2,1, 26512
7,26512,1,1,1, 26513
30,26513,3,3,1, 26516
5,26527,3,3,1, 26530
24,26529,1,1,1, 26530
7,26532,1,1,0, 26533
30,26533,3,3,1, 26536
31,26536,2,2,1, 26538
29,26538,4,4,1, 26542
24,26549,1,1,1, 26550
7,26552,1,1,0, 26553
30,26553,3,3,1, 26556
31,26556,2,2,1, 26558
5,26567,3,3,1, 26570
24,26569,1,1,0, 26570
6,26570,2,2,1, 26572
7,26572,1,1,1, 26573
30,26573,3,3,1, 26576
31,26576,2,2,1, 26578
5,26587,3,3,1, 26590
24,26589,1,1,1, 26590
21,26587,5,5,1, 26592
6,26590,2,2,1, 26592
7,26592,1,1,0, 26593
30,26593,3,3,1, 26596
8,26596,1,1,1, 26597
14,26599,3,3,1, 26602
13,26599,4,4,1, 26603
15,26601,2,2,1, 26603
22,26606,4,4,1, 26610
24,26609,1,1,1, 26610
8,26616,1,1,1, 26617
15,26621,2,2,1, 26623
1,26626,1,1,1, 26627
24,26629,1,1,1, 26630
25,26635,2,2,1, 26637
8,26636,1,1,0, 26637
17,26639,3,3,1, 26642
1,26646,1,1,0, 26647
22,26646,4,4,1, 26650
24,26649,1,1,1, 26650
23,26648,3,3,1, 26651
8,26656,1,1,0, 26657
9,26657,2,2,1, 26659
13,26659,4,4,1, 26663
1,26666,1,1,1, 26667
24,26669,1,1,0, 26670
23,26668,3,3,1, 26671
25,26675,2,2,1, 26677
8,26676,1,1,1, 26677
9,26677,2,2,1, 26679
16,26679,2,2,1, 26681
17,26679,3,3,1, 26682
13,26679,4,4,1, 26683
18,26683,4,4,1, 26687
1,26686,1,1,1, 26687
24,26689,1,1,0, 26690
21,26687,5,5,1, 26692
8,26696,1,1,1, 26697
26,26697,3,3,1, 26700
17,26699,3,3,1, 26702
13,26699,4,4,1, 26703
18,26703,4,4,1, 26707
1,26706,1,1,0, 26707
22,26706,4,4,1, 26710
5,26707,3,3,1, 26710
24,26709,1,1,0, 26710
23,26708,3,3,1, 26711
21,26707,5,5,1, 26712
6,26710,2,2,1, 26712
7,26712,1,1,0, 26713
8,26716,1,1,1, 26717
11,26714,4,4,1, 26718
9,26717,2,2,1, 26719
14,26719,3,3,1, 26722
2,26723,2,2,1, 26725
1,26726,1,1,1, 26727
3,26727,3,3,1, 26730
24,26729,1,1,0, 26730
21,26727,5,5,1, 26732
7,26732,1,1,1, 26733
30,26733,3,3,1, 26736
25,26735,2,2,1, 26737
8,26736,1,1,0, 26737
11,26734,4,4,1, 26738
31,26736,2,2,1, 26738
28,26734,5,5,1, 26739
16,26739,2,2,1, 26741
14,26739,3,3,1, 26742
15,26741,2,2,1, 26743
18,26743,4,4,1, 26747
1,26746,1,1,0, 26747
24,26749,1,1,0, 26750
19,26746,5,5,1, 26751
23,26748,3,3,1, 26751
7,26752,1,1,1, 26753
27,26752,4,4,1, 26756
30,26753,3,3,1, 26756
8,26756,1,1,0, 26757
28,26754,5,5,1, 26759
26,26757,3,3,1, 26760
14,26759,3,3,1, 26762
1,26766,1,1,0, 26767
22,26766,4,4,1, 26770
24,26769,1,1,0, 26770
19,26766,5,5,1, 26771
23,26768,3,3,1, 26771
7,26772,1,1,0, 26773
27,26772,4,4,1, 26776
30,26773,3,3,1, 26776
25,26775,2,2,1, 26777
8,26776,1,1,1, 26777
16,26779,2,2,1, 26781
17,26779,3,3,1, 26782
15,26781,2,2,1, 26783
5,26787,3,3,1, 26790
24,26789,1,1,0, 26790
6,26790,2,2,1, 26792
7,26792,1,1,0, 26793
30,26793,3,3,1, 26796
31,26796,2,2,1, 26798
29,26798,4,4,1, 26802
5,26807,3,3,1, 26810
24,26809,1,1,0, 26810
7,26812,1,1,1, 26813
24,26829,1,1,1, 26830
7,26832,1,1,1, 26833
29,26838,4,4,1, 26842
24,26849,1,1,1, 26850
6,26850,2,2,1, 26852
7,26852,1,1,1, 26853
30,26853,3,3,1, 26856
31,26856,2,2,1, 26858
29,26858,4,4,1, 26862
5,26867,3,3,1, 26870
24,26869,1,1,1, 26870
7,26872,1,1,0, 26873
31,26876,2,2,1, 26878
1,26886,1,1,0, 26887
22,26886,4,4,1, 26890
24,26889,1,1,1, 26890
23,26888,3,3,1, 26891
21,26887,5,5,1, 26892
6,26890,2,2,1, 26892
7,26892,1,1,0, 26893
8,26896,1,1,0, 26897
31,26896,2,2,1, 26898
29,26898,4,4,1, 26902
17,26899,3,3,1, 26902
13,26899,4,4,1, 26903
1,26906,1,1,1, 26907
22,26906,4,4,1, 26910
24,26909,1,1,0, 26910
21,26907,5,5,1, 26912
7,26912,1,1,1, 26913
8,26916,1,1,1, 26917
31,26916,2,2,1, 26918
16,26919,2,2,1, 26921
17,26919,3,3,1, 26922
13,26919,4,4,1, 26923
15,26921,2,2,1, 26923
2,26923,2,2,1, 26925
1,26926,1,1,0, 26927
22,26926,4,4,1, 26930
5,26927,3,3,1, 26930
24,26929,1,1,0, 26930
21,26927,5,5,1, 26932
6,26930,2,2,1, 26932
7,26932,1,1,1, 26933
30,26933,3,3,1, 26936
8,26936,1,1,1, 26937
9,26937,2,2,1, 26939
26,26937,3,3,1, 26940
16,26939,2,2,1, 26941
14,26939,3,3,1, 26942
15,26941,2,2,1, 26943
1,26946,1,1,1, 26947
22,26946,4,4,1, 26950
24,26949,1,1,1, 26950
21,26947,5,5,1, 26952
7,26952,1,1,0, 26953
30,26953,3,3,1, 26956
8,26956,1,1,0, 26957
31,26956,2,2,1, 26958
9,26957,2,2,1, 26959
13,26959,4,4,1, 26963
18,26963,4,4,1, 26967
1,26966,1,1,1, 26967
22,26966,4,4,1, 26970
5,26967,3,3,1, 26970
24,26969,1,1,1, 26970
7,26972,1,1,1, 26973
25,26975,2,2,1, 26977
8,26976,1,1,0, 26977
13,26979,4,4,1, 26983
15,26981,2,2,1, 26983
2,26983,2,2,1, 26985
18,26983,4,4,1, 26987
1,26986,1,1,1, 26987
20,26983,6,6,1, 26989
5,26987,3,3,1, 26990
24,26989,1,1,0, 26990
19,26986,5,5,1, 26991
6,26990,2,2,1, 26992
7,26992,1,1,0, 26993
25,26995,2,2,1, 26997
8,26996,1,1,0, 26997
31,26996,2,2,1, 26998
28,26994,5,5,1, 26999
26,26997,3,3,1, 27000
17,26999,3,3,1, 27002
15,27001,2,2,1, 27003
12,27000,5,5,1, 27005
18,27003,4,4,1, 27007
1,27006,1,1,0, 27007
20,27003,6,6,1, 27009
4,27006,4,4,1, 27010
3,27007,3,3,1, 27010
24,27009,1,1,0, 27010
19,27006,5,5,1, 27011
21,27007,5,5,1, 27012
7,27012,1,1,1, 27013
27,27012,4,4,1, 27016
8,27016,1,1,1, 27017
28,27014,5,5,1, 27019
16,27019,2,2,1, 27021
14,27019,3,3,1, 27022
24,27029,1,1,0, 27030
7,27032,1,1,0, 27033
24,27049,1,1,1, 27050
6,27050,2,2,1, 27052
7,27052,1,1,1, 27053
31,27056,2,2,1, 27058
29,27058,4,4,1, 27062
5,27067,3,3,1, 27070
24,27069,1,1,0, 27070
6,27070,2,2,1, 27072
7,27072,1,1,0, 27073
24,27089,1,1,1, 27090
6,27090,2,2,1, 27092
7,27092,1,1,1, 27093
29,27098,4,4,1, 27102
24,27109,1,1,0, 27110
6,27110,2,2,1, 27112
7,27112,1,1,1, 27113
29,27118,4,4,1, 27122
1,27126,1,1,0, 27127
24,27129,1,1,1, 27130
23,27128,3,3,1, 27131
7,27132,1,1,0, 27133
8,27136,1,1,1, 27137
31,27136,2,2,1, 27138
29,27138,4,4,1, 27142
17,27139,3,3,1, 27142
2,27143,2,2,1, 27145
1,27146,1,1,1, 27147
24,27149,1,1,1, 27150
23,27148,3,3,1, 27151
21,27147,5,5,1, 27152
6,27150,2,2,1, 27152
7,27152,1,1,1, 27153
8,27156,1,1,1, 27157
9,27157,2,2,1, 27159
26,27157,3,3,1, 27160
2,27163,2,2,1, 27165
1,27166,1,1,1, 27167
24,27169,1,1,1, 27170
21,27167,5,5,1, 27172
7,27172,1,1,0, 27173
25,27175,2,2,1, 27177
8,27176,1,1,1, 27177
9,27177,2,2,1, 27179
26,27177,3,3,1, 27180
16,27179,2,2,1, 27181
13,27179,4,4,1, 27183
15,27181,2,2,1, 27183
1,27186,1,1,1, 27187
24,27189,1,1,0, 27190
23,27188,3,3,1, 27191
7,27192,1,1,1, 27193
30,27193,3,3,1, 27196
8,27196,1,1,1, 27197
31,27196,2,2,1, 27198
14,27199,3,3,1, 27202
17,27199,3,3,1, 27202
13,27199,4,4,1, 27203
1,27206,1,1,0, 27207
20,27203,6,6,1, 27209
4,27206,4,4,1, 27210
5,27207,3,3,1, 27210
24,27209,1,1,0, 27210
19,27206,5,5,1, 27211
23,27208,3,3,1, 27211
6,27210,2,2,1, 27212
7,27212,1,1,1, 27213
8,27216,1,1,0, 27217
11,27214,4,4,1, 27218
31,27216,2,2,1, 27218
28,27214,5,5,1, 27219
16,27219,2,2,1, 27221
14,27219,3,3,1, 27222
17,27219,3,3,1, 27222
13,27219,4,4,1, 27223
15,27221,2,2,1, 27223
12,27220,5,5,1, 27225
2,27223,2,2,1, 27225
18,27223,4,4,1, 27227
1,27226,1,1,1, 27227
20,27223,6,6,1, 27229
22,27226,4,4,1, 27230
3,27227,3,3,1, 27230
24,27229,1,1,1, 27230
23,27228,3,3,1, 27231
21,27227,5,5,1, 27232
6,27230,2,2,1, 27232
7,27232,1,1,1, 27233
30,27233,3,3,1, 27236
8,27236,1,1,1, 27237
9,27237,2,2,1, 27239
29,27238,4,4,1, 27242
14,27239,3,3,1, 27242
17,27239,3,3,1, 27242
15,27241,2,2,1, 27243
22,27246,4,4,1, 27250
24,27249,1,1,1, 27250
23,27248,3,3,1, 27251
21,27247,5,5,1, 27252
8,27256,1,1,1, 27257
14,27259,3,3,1, 27262
13,27259,4,4,1, 27263
24,27269,1,1,0, 27270
24,27289,1,1,0, 27290
24,27309,1,1,0, 27310
24,27329,1,1,0, 27330
1,27346,1,1,1, 27347
24,27349,1,1,1, 27350
7,27352,1,1,0, 27353
25,27355,2,2,1, 27357
31,27356,2,2,1, 27358
17,27359,3,3,1, 27362
1,27366,1,1,1, 27367
5,27367,3,3,1, 27370
24,27369,1,1,1, 27370
6,27370,2,2,1, 27372
7,27372,1,1,0, 27373
30,27373,3,3,1, 27376
25,27375,2,2,1, 27377
8,27376,1,1,0, 27377
9,27377,2,2,1, 27379
29,27378,4,4,1, 27382
17,27379,3,3,1, 27382
13,27379,4,4,1, 27383
1,27386,1,1,1, 27387
22,27386,4,4,1, 27390
24,27389,1,1,0, 27390
6,27390,2,2,1, 27392
7,27392,1,1,0, 27393
25,27395,2,2,1, 27397
8,27396,1,1,0, 27397
31,27396,2,2,1, 27398
9,27397,2,2,1, 27399
26,27397,3,3,1, 27400
16,27399,2,2,1, 27401
29,27398,4,4,1, 27402
14,27399,3,3,1, 27402
17,27399,3,3,1, 27402
13,27399,4,4,1, 27403
18,27403,4,4,1, 27407
1,27406,1,1,0, 27407
4,27406,4,4,1, 27410
3,27407,3,3,1, 27410
24,27409,1,1,1, 27410
23,27408,3,3,1, 27411
21,27407,5,5,1, 27412
6,27410,2,2,1, 27412
7,27412,1,1,1, 27413
8,27416,1,1,1, 27417
31,27416,2,2,1, 27418
28,27414,5,5,1, 27419
13,27419,4,4,1, 27423
2,27423,2,2,1, 27425
1,27426,1,1,0, 27427
4,27426,4,4,1, 27430
5,27427,3,3,1, 27430
24,27429,1,1,0, 27430
19,27426,5,5,1, 27431
23,27428,3,3,1, 27431
6,27430,2,2,1, 27432
7,27432,1,1,1, 27433
27,27432,4,4,1, 27436
8,27436,1,1,1, 27437
28,27434,5,5,1, 27439
26,27437,3,3,1, 27440
14,27439,3,3,1, 27442
17,27439,3,3,1, 27442
15,27441,2,2,1, 27443
2,27443,2,2,1, 27445
24,27449,1,1,1, 27450
23,27448,3,3,1, 27451
21,27447,5,5,1, 27452
6,27450,2,2,1, 27452
7,27452,1,1,1, 27453
30,27453,3,3,1, 27456
8,27456,1,1,1, 27457
29,27458,4,4,1, 27462
14,27459,3,3,1, 27462
22,27466,4,4,1, 27470
24,27469,1,1,0, 27470
7,27472,1,1,1, 27473
30,27473,3,3,1, 27476
8,27476,1,1,0, 27477
16,27479,2,2,1, 27481
29,27478,4,4,1, 27482
13,27479,4,4,1, 27483
15,27481,2,2,1, 27483
5,27487,3,3,1, 27490
24,27489,1,1,1, 27490
6,27490,2,2,1, 27492
7,27492,1,1,1, 27493
30,27493,3,3,1, 27496
8,27496,1,1,1, 27497
24,27509,1,1,0, 27510
21,27507,5,5,1, 27512
7,27512,1,1,0, 27513
8,27516,1,1,0, 27517
29,27518,4,4,1, 27522
14,27519,3,3,1, 27522
13,27519,4,4,1, 27523
15,27521,2,2,1, 27523
24,27529,1,1,1, 27530
21,27527,5,5,1, 27532
6,27530,2,2,1, 27532
7,27532,1,1,0, 27533
8,27536,1,1,1, 27537
31,27536,2,2,1, 27538
14,27539,3,3,1, 27542
13,27539,4,4,1, 27543
24,27549,1,1,0, 27550
23,27548,3,3,1, 27551
21,27547,5,5,1, 27552
7,27552,1,1,0, 27553
8,27556,1,1,0, 27557
31,27556,2,2,1, 27558
1,27566,1,1,1, 27567
22,27566,4,4,1, 27570
5,27567,3,3,1, 27570
24,27569,1,1,0, 27570
21,27567,5,5,1, 27572
6,27570,2,2,1, 27572
7,27572,1,1,0, 27573
8,27576,1,1,0, 27577
31,27576,2,2,1, 27578
9,27577,2,2,1, 27579
16,27579,2,2,1, 27581
29,27578,4,4,1, 27582
15,27581,2,2,1, 27583
1,27586,1,1,1, 27587
24,27589,1,1,0, 27590
6,27590,2,2,1, 27592
7,27592,1,1,1, 27593
17,27599,3,3,1, 27602
2,27603,2,2,1, 27605
1,27606,1,1,0, 27607
5,27607,3,3,1, 27610
24,27609,1,1,1, 27610
7,27612,1,1,1, 27613
25,27615,2,2,1, 27617
31,27616,2,2,1, 27618
26,27617,3,3,1, 27620
18,27623,4,4,1, 27627
1,27626,1,1,0, 27627
24,27629,1,1,0, 27630
7,27632,1,1,1, 27633
30,27633,3,3,1, 27636
25,27635,2,2,1, 27637
26,27637,3,3,1, 27640
29,27638,4,4,1, 27642
17,27639,3,3,1, 27642
2,27643,2,2,1, 27645
1,27646,1,1,0, 27647
20,27643,6,6,1, 27649
3,27647,3,3,1, 27650
24,27649,1,1,0, 27650
7,27652,1,1,1, 27653
27,27652,4,4,1, 27656
25,27655,2,2,1, 27657
11,27654,4,4,1, 27658
31,27656,2,2,1, 27658
9,27657,2,2,1, 27659
26,27657,3,3,1, 27660
17,27659,3,3,1, 27662
12,27660,5,5,1, 27665
1,27666,1,1,1, 27667
4,27666,4,4,1, 27670
3,27667,3,3,1, 27670
5,27667,3,3,1, 27670
24,27669,1,1,1, 27670
6,27670,2,2,1, 27672
7,27672,1,1,1, 27673
28,27674,5,5,1, 27679
9,27677,2,2,1, 27679
17,27679,3,3,1, 27682
12,27680,5,5,1, 27685
22,27686,4,4,1, 27690
5,27687,3,3,1, 27690
24,27689,1,1,0, 27690
7,27692,1,1,1, 27693
8,27696,1,1,0, 27697
31,27696,2,2,1, 27698
29,27698,4,4,1, 27702
13,27699,4,4,1, 27703
22,27706,4,4,1, 27710
5,27707,3,3,1, 27710
24,27709,1,1,0, 27710
23,27708,3,3,1, 27711
21,27707,5,5,1, 27712
7,27712,1,1,0, 27713
8,27716,1,1,1, 27717
16,27719,2,2,1, 27721
14,27719,3,3,1, 27722
13,27719,4,4,1, 27723
15,27721,2,2,1, 27723
22,27726,4,4,1, 27730
24,27729,1,1,0, 27730
23,27728,3,3,1, 27731
21,27727,5,5,1, 27732
8,27736,1,1,0, 27737
16,27739,2,2,1, 27741
24,27749,1,1,1, 27750
21,27747,5,5,1, 27752
8,27756,1,1,0, 27757
16,27759,2,2,1, 27761
14,27759,3,3,1, 27762
15,27761,2,2,1, 27763
22,27766,4,4,1, 27770
24,27769,1,1,1, 27770
23,27768,3,3,1, 27771
21,27767,5,5,1, 27772
8,27776,1,1,0, 27777
16,27779,2,2,1, 27781
24,27789,1,1,0, 27790
1,27806,1,1,1, 27807
24,27809,1,1,1, 27810
17,27819,3,3,1, 27822
1,27826,1,1,0, 27827
24,27829,1,1,0, 27830
7,27832,1,1,0, 27833
9,27837,2,2,1, 27839
26,27837,3,3,1, 27840
29,27838,4,4,1, 27842
2,27843,2,2,1, 27845
1,27846,1,1,0, 27847
24,27849,1,1,0, 27850
6,27850,2,2,1, 27852
7,27852,1,1,0, 27853
30,27853,3,3,1, 27856
25,27855,2,2,1, 27857
18,27863,4,4,1, 27867
1,27866,1,1,1, 27867
5,27867,3,3,1, 27870
24,27869,1,1,1, 27870
6,27870,2,2,1, 27872
7,27872,1,1,0, 27873
30,27873,3,3,1, 27876
9,27877,2,2,1, 27879
26,27877,3,3,1, 27880
2,27883,2,2,1, 27885
18,27883,4,4,1, 27887
1,27886,1,1,0, 27887
22,27886,4,4,1, 27890
5,27887,3,3,1, 27890
24,27889,1,1,0, 27890
21,27887,5,5,1, 27892
6,27890,2,2,1, 27892
7,27892,1,1,0, 27893
30,27893,3,3,1, 27896
25,27895,2,2,1, 27897
8,27896,1,1,1, 27897
17,27899,3,3,1, 27902
1,27906,1,1,0, 27907
20,27903,6,6,1, 27909
4,27906,4,4,1, 27910
24,27909,1,1,0, 27910
21,27907,5,5,1, 27912
7,27912,1,1,1, 27913
8,27916,1,1,0, 27917
11,27914,4,4,1, 27918
26,27917,3,3,1, 27920
16,27919,2,2,1, 27921
29,27918,4,4,1, 27922
14,27919,3,3,1, 27922
13,27919,4,4,1, 27923
15,27921,2,2,1, 27923
12,27920,5,5,1, 27925
18,27923,4,4,1, 27927
1,27926,1,1,1, 27927
3,27927,3,3,1, 27930
5,27927,3,3,1, 27930
24,27929,1,1,1, 27930
23,27928,3,3,1, 27931
21,27927,5,5,1, 27932
7,27932,1,1,1, 27933
30,27933,3,3,1, 27936
25,27935,2,2,1, 27937
8,27936,1,1,0, 27937
11,27934,4,4,1, 27938
28,27934,5,5,1, 27939
9,27937,2,2,1, 27939
26,27937,3,3,1, 27940
14,27939,3,3,1, 27942
15,27941,2,2,1, 27943
12,27940,5,5,1, 27945
18,27943,4,4,1, 27947
1,27946,1,1,1, 27947
4,27946,4,4,1, 27950
22,27946,4,4,1, 27950
5,27947,3,3,1, 27950
24,27949,1,1,0, 27950
19,27946,5,5,1, 27951
23,27948,3,3,1, 27951
21,27947,5,5,1, 27952
6,27950,2,2,1, 27952
7,27952,1,1,0, 27953
30,27953,3,3,1, 27956
8,27956,1,1,0, 27957
31,27956,2,2,1, 27958
16,27959,2,2,1, 27961
14,27959,3,3,1, 27962
13,27959,4,4,1, 27963
15,27961,2,2,1, 27963
24,27969,1,1,1, 27970
23,27968,3,3,1, 27971
6,27970,2,2,1, 27972
7,27972,1,1,1, 27973
8,27976,1,1,0, 27977
14,27979,3,3,1, 27982
13,27979,4,4,1, 27983
24,27989,1,1,0, 27990
7,27992,1,1,0, 27993
30,27993,3,3,1, 27996
8,27996,1,1,0, 27997
31,27996,2,2,1, 27998
14,27999,3,3,1, 28002
24,28009,1,1,0, 28010
6,28010,2,2,1, 28012
7,28012,1,1,0, 28013
8,28016,1,1,0, 28017
16,28019,2,2,1, 28021
29,28018,4,4,1, 28022
14,28019,3,3,1, 28022
5,28027,3,3,1, 28030
24,28029,1,1,0, 28030
6,28030,2,2,1, 28032
7,28032,1,1,1, 28033
30,28033,3,3,1, 28036
29,28038,4,4,1, 28042
24,28049,1,1,0, 28050
6,28050,2,2,1, 28052
7,28052,1,1,0, 28053
30,28053,3,3,1, 28056
31,28056,2,2,1, 28058
9,28057,2,2,1, 28059
1,28066,1,1,1, 28067
5,28067,3,3,1, 28070
24,28069,1,1,0, 28070
6,28070,2,2,1, 28072
7,28072,1,1,1, 28073
9,28077,2,2,1, 28079
29,28078,4,4,1, 28082
17,28079,3,3,1, 28082
2,28083,2,2,1, 28085
18,28083,4,4,1, 28087
1,28086,1,1,0, 28087
24,28089,1,1,1, 28090
25,28095,2,2,1, 28097
26,28097,3,3,1, 28100
17,28099,3,3,1, 28102
18,28103,4,4,1, 28107
1,28106,1,1,1, 28107
24,28109,1,1,1, 28110
25,28115,2,2,1, 28117
9,28117,2,2,1, 28119
26,28117,3,3,1, 28120
18,28123,4,4,1, 28127
1,28126,1,1,1, 28127
24,28129,1,1,1, 28130
21,28127,5,5,1, 28132
8,28136,1,1,1, 28137
17,28139,3,3,1, 28142
15,28141,2,2,1, 28143
2,28143,2,2,1, 28145
18,28143,4,4,1, 28147
1,28146,1,1,1, 28147
24,28149,1,1,0, 28150
19,28146,5,5,1, 28151
23,28148,3,3,1, 28151
27,28152,4,4,1, 28156
8,28156,1,1,0, 28157
11,28154,4,4,1, 28158
9,28157,2,2,1, 28159
26,28157,3,3,1, 28160
16,28159,2,2,1, 28161
14,28159,3,3,1, 28162
17,28159,3,3,1, 28162
13,28159,4,4,1, 28163
15,28161,2,2,1, 28163
22,28166,4,4,1, 28170
24,28169,1,1,1, 28170
8,28176,1,1,1, 28177
16,28179,2,2,1, 28181
14,28179,3,3,1, 28182
5,28187,3,3,1, 28190
24,28189,1,1,1, 28190
6,28190,2,2,1, 28192
7,28192,1,1,0, 28193
8,28196,1,1,1, 28197
16,28199,2,2,1, 28201
29,28198,4,4,1, 28202
14,28199,3,3,1, 28202
13,28199,4,4,1, 28203
22,28206,4,4,1, 28210
24,28209,1,1,0, 28210
23,28208,3,3,1, 28211
6,28210,2,2,1, 28212
7,28212,1,1,0, 28213
8,28216,1,1,0, 28217
29,28218,4,4,1, 28222
13,28219,4,4,1, 28223
22,28226,4,4,1, 28230
24,28229,1,1,1, 28230
23,28228,3,3,1, 28231
7,28232,1,1,1, 28233
30,28233,3,3,1, 28236
8,28236,1,1,0, 28237
31,28236,2,2,1, 28238
29,28238,4,4,1, 28242
15,28241,2,2,1, 28243
22,28246,4,4,1, 28250
24,28249,1,1,0, 28250
7,28252,1,1,1, 28253
8,28256,1,1,0, 28257
15,28261,2,2,1, 28263
1,28266,1,1,1, 28267
5,28267,3,3,1, 28270
24,28269,1,1,0, 28270
23,28268,3,3,1, 28271
21,28267,5,5,1, 28272
7,28272,1,1,0, 28273
8,28276,1,1,1, 28277
31,28276,2,2,1, 28278
16,28279,2,2,1, 28281
29,28278,4,4,1, 28282
13,28279,4,4,1, 28283
1,28286,1,1,0, 28287
24,28289,1,1,0, 28290
6,28290,2,2,1, 28292
7,28292,1,1,1, 28293
31,28296,2,2,1, 28298
9,28297,2,2,1, 28299
1,28306,1,1,0, 28307
24,28309,1,1,0, 28310
7,28312,1,1,0, 28313
30,28313,3,3,1, 28316
9,28317,2,2,1, 28319
26,28317,3,3,1, 28320
29,28318,4,4,1, 28322
17,28319,3,3,1, 28322
18,28323,4,4,1, 28327
1,28326,1,1,0, 28327
5,28327,3,3,1, 28330
24,28329,1,1,1, 28330
7,28332,1,1,0, 28333
30,28333,3,3,1, 28336
17,28339,3,3,1, 28342
1,28346,1,1,0, 28347
24,28349,1,1,0, 28350
6,28350,2,2,1, 28352
7,28352,1,1,0, 28353
9,28357,2,2,1, 28359
29,28358,4,4,1, 28362
2,28363,2,2,1, 28365
1,28366,1,1,1, 28367
4,28366,4,4,1, 28370
24,28369,1,1,1, 28370
7,28372,1,1,1, 28373
11,28374,4,4,1, 28378
28,28374,5,5,1, 28379
17,28379,3,3,1, 28382
12,28380,5,5,1, 28385
2,28383,2,2,1, 28385
1,28386,1,1,1, 28387
3,28387,3,3,1, 28390
5,28387,3,3,1, 28390
24,28389,1,1,0, 28390
19,28386,5,5,1, 28391
23,28388,3,3,1, 28391
21,28387,5,5,1, 28392
6,28390,2,2,1, 28392
7,28392,1,1,0, 28393
27,28392,4,4,1, 28396
25,28395,2,2,1, 28397
8,28396,1,1,1, 28397
28,28394,5,5,1, 28399
9,28397,2,2,1, 28399
16,28399,2,2,1, 28401
29,28398,4,4,1, 28402
13,28399,4,4,1, 28403
1,28406,1,1,0, 28407
20,28403,6,6,1, 28409
5,28407,3,3,1, 28410
24,28409,1,1,0, 28410
19,28406,5,5,1, 28411
23,28408,3,3,1, 28411
6,28410,2,2,1, 28412
7,28412,1,1,1, 28413
30,28413,3,3,1, 28416
8,28416,1,1,1, 28417
11,28414,4,4,1, 28418
31,28416,2,2,1, 28418
26,28417,3,3,1, 28420
16,28419,2,2,1, 28421
29,28418,4,4,1, 28422
14,28419,3,3,1, 28422
15,28421,2,2,1, 28423
1,28426,1,1,0, 28427
20,28423,6,6,1, 28429
4,28426,4,4,1, 28430
22,28426,4,4,1, 28430
24,28429,1,1,0, 28430
19,28426,5,5,1, 28431
23,28428,3,3,1, 28431
6,28430,2,2,1, 28432
7,28432,1,1,1, 28433
8,28436,1,1,0, 28437
16,28439,2,2,1, 28441
29,28438,4,4,1, 28442
24,28449,1,1,0, 28450
7,28452,1,1,1, 28453
8,28456,1,1,1, 28457
13,28459,4,4,1, 28463
15,28461,2,2,1, 28463
5,28467,3,3,1, 28470
24,28469,1,1,1, 28470
7,28472,1,1,1, 28473
30,28473,3,3,1, 28476
8,28476,1,1,0, 28477
31,28476,2,2,1, 28478
29,28478,4,4,1, 28482
14,28479,3,3,1, 28482
24,28489,1,1,0, 28490
6,28490,2,2,1, 28492
7,28492,1,1,1, 28493
30,28493,3,3,1, 28496
8,28496,1,1,0, 28497
31,28496,2,2,1, 28498
13,28499,4,4,1, 28503
15,28501,2,2,1, 28503
24,28509,1,1,0, 28510
8,28516,1,1,1, 28517
14,28519,3,3,1, 28522
13,28519,4,4,1, 28523
24,28529,1,1,1, 28530
8,28536,1,1,1, 28537
17,28539,3,3,1, 28542
15,28541,2,2,1, 28543
1,28546,1,1,0, 28547
24,28549,1,1,0, 28550
23,28548,3,3,1, 28551
8,28556,1,1,0, 28557
16,28559,2,2,1, 28561
14,28559,3,3,1, 28562
15,28561,2,2,1, 28563
12,28560,5,5,1, 28565
2,28563,2,2,1, 28565
18,28563,4,4,1, 28567
1,28566,1,1,1, 28567
20,28563,6,6,1, 28569
4,28566,4,4,1, 28570
24,28569,1,1,0, 28570
19,28566,5,5,1, 28571
21,28567,5,5,1, 28572
27,28572,4,4,1, 28576
8,28576,1,1,0, 28577
28,28574,5,5,1, 28579
9,28577,2,2,1, 28579
26,28577,3,3,1, 28580
16,28579,2,2,1, 28581
17,28579,3,3,1, 28582
15,28581,2,2,1, 28583
12,28580,5,5,1, 28585
2,28583,2,2,1, 28585
18,28583,4,4,1, 28587
1,28586,1,1,0, 28587
20,28583,6,6,1, 28589
24,28589,1,1,0, 28590
19,28586,5,5,1, 28591
27,28592,4,4,1, 28596
25,28595,2,2,1, 28597
8,28596,1,1,0, 28597
16,28599,2,2,1, 28601
22,28606,4,4,1, 28610
24,28609,1,1,1, 28610
6,28610,2,2,1, 28612
7,28612,1,1,1, 28613
8,28616,1,1,0, 28617
31,28616,2,2,1, 28618
16,28619,2,2,1, 28621
13,28619,4,4,1, 28623
5,28627,3,3,1, 28630
24,28629,1,1,0, 28630
7,28632,1,1,0, 28633
30,28633,3,3,1, 28636
31,28636,2,2,1, 28638
29,28638,4,4,1, 28642
5,28647,3,3,1, 28650
24,28649,1,1,0, 28650
6,28650,2,2,1, 28652
7,28652,1,1,1, 28653
31,28656,2,2,1, 28658
29,28658,4,4,1, 28662
24,28669,1,1,0, 28670
6,28670,2,2,1, 28672
7,28672,1,1,1, 28673
24,28689,1,1,1, 28690
6,28690,2,2,1, 28692
7,28692,1,1,1, 28693
30,28693,3,3,1, 28696
17,28699,3,3,1, 28702
1,28706,1,1,0, 28707
24,28709,1,1,1, 28710
7,28712,1,1,1, 28713
9,28717,2,2,1, 28719
17,28719,3,3,1, 28722
2,28723,2,2,1, 28725
1,28726,1,1,1, 28727
5,28727,3,3,1, 28730
24,28729,1,1,0, 28730
21,28727,5,5,1, 28732
7,28732,1,1,1, 28733
30,28733,3,3,1, 28736
25,28735,2,2,1, 28737
8,28736,1,1,1, 28737
9,28737,2,2,1, 28739
26,28737,3,3,1, 28740
29,28738,4,4,1, 28742
14,28739,3,3,1, 28742
18,28743,4,4,1, 28747
1,28746,1,1,1, 28747
24,28749,1,1,1, 28750
6,28750,2,2,1, 28752
7,28752,1,1,0, 28753
27,28752,4,4,1, 28756
8,28756,1,1,0, 28757
11,28754,4,4,1, 28758
31,28756,2,2,1, 28758
26,28757,3,3,1, 28760
13,28759,4,4,1, 28763
15,28761,2,2,1, 28763
1,28766,1,1,0, 28767
3,28767,3,3,1, 28770
5,28767,3,3,1, 28770
24,28769,1,1,0, 28770
23,28768,3,3,1, 28771
21,28767,5,5,1, 28772
7,28772,1,1,1, 28773
27,28772,4,4,1, 28776
8,28776,1,1,0, 28777
11,28774,4,4,1, 28778
9,28777,2,2,1, 28779
26,28777,3,3,1, 28780
14,28779,3,3,1, 28782
17,28779,3,3,1, 28782
15,28781,2,2,1, 28783
12,28780,5,5,1, 28785
2,28783,2,2,1, 28785
18,28783,4,4,1, 28787
1,28786,1,1,1, 28787
4,28786,4,4,1, 28790
22,28786,4,4,1, 28790
5,28787,3,3,1, 28790
24,28789,1,1,0, 28790
21,28787,5,5,1, 28792
6,28790,2,2,1, 28792
7,28792,1,1,0, 28793
30,28793,3,3,1, 28796
8,28796,1,1,0, 28797
15,28801,2,2,1, 28803
22,28806,4,4,1, 28810
5,28807,3,3,1, 28810
24,28809,1,1,0, 28810
23,28808,3,3,1, 28811
7,28812,1,1,1, 28813
30,28813,3,3,1, 28816
8,28816,1,1,0, 28817
31,28816,2,2,1, 28818
14,28819,3,3,1, 28822
15,28821,2,2,1, 28823
22,28826,4,4,1, 28830
24,28829,1,1,0, 28830
23,28828,3,3,1, 28831
7,28832,1,1,1, 28833
8,28836,1,1,1, 28837
16,28839,2,2,1, 28841
15,28841,2,2,1, 28843
5,28847,3,3,1, 28850
24,28849,1,1,1, 28850
7,28852,1,1,1, 28853
30,28853,3,3,1, 28856
8,28856,1,1,0, 28857
31,28856,2,2,1, 28858
16,28859,2,2,1, 28861
14,28859,3,3,1, 28862
15,28861,2,2,1, 28863
22,28866,4,4,1, 28870
24,28869,1,1,0, 28870
21,28867,5,5,1, 28872
6,28870,2,2,1, 28872
7,28872,1,1,0, 28873
30,28873,3,3,1, 28876
29,28878,4,4,1, 28882
5,28887,3,3,1, 28890
24,28889,1,1,0, 28890
7,28892,1,1,1, 28893
25,28895,2,2,1, 28897
9,28897,2,2,1, 28899
1,28906,1,1,1, 28907
24,28909,1,1,0, 28910
7,28912,1,1,0, 28913
31,28916,2,2,1, 28918
29,28918,4,4,1, 28922
1,28926,1,1,1, 28927
5,28927,3,3,1, 28930
24,28929,1,1,0, 28930
7,28932,1,1,1, 28933
30,28933,3,3,1, 28936
9,28937,2,2,1, 28939
26,28937,3,3,1, 28940
18,28943,4,4,1, 28947
1,28946,1,1,1, 28947
24,28949,1,1,0, 28950
7,28952,1,1,1, 28953
9,28957,2,2,1, 28959
29,28958,4,4,1, 28962
17,28959,3,3,1, 28962
18,28963,4,4,1, 28967
1,28966,1,1,1, 28967
5,28967,3,3,1, 28970
24,28969,1,1,1, 28970
7,28972,1,1,1, 28973
8,28976,1,1,0, 28977
26,28977,3,3,1, 28980
29,28978,4,4,1, 28982
14,28979,3,3,1, 28982
15,28981,2,2,1, 28983
1,28986,1,1,1, 28987
22,28986,4,4,1, 28990
5,28987,3,3,1, 28990
24,28989,1,1,0, 28990
6,28990,2,2,1, 28992
25,28995,2,2,1, 28997
8,28996,1,1,0, 28997
16,28999,2,2,1, 29001
13,28999,4,4,1, 29003
15,29001,2,2,1, 29003
2,29003,2,2,1, 29005
18,29003,4,4,1, 29007
1,29006,1,1,0, 29007
22,29006,4,4,1, 29010
24,29009,1,1,1, 29010
23,29008,3,3,1, 29011
21,29007,5,5,1, 29012
27,29012,4,4,1, 29016
8,29016,1,1,0, 29017
11,29014,4,4,1, 29018
28,29014,5,5,1, 29019
9,29017,2,2,1, 29019
16,29019,2,2,1, 29021
14,29019,3,3,1, 29022
2,29023,2,2,1, 29025
18,29023,4,4,1, 29027
1,29026,1,1,1, 29027
20,29023,6,6,1, 29029
3,29027,3,3,1, 29030
24,29029,1,1,1, 29030
19,29026,5,5,1, 29031
21,29027,5,5,1, 29032
25,29035,2,2,1, 29037
8,29036,1,1,0, 29037
9,29037,2,2,1, 29039
26,29037,3,3,1, 29040
16,29039,2,2,1, 29041
17,29039,3,3,1, 29042
22,29046,4,4,1, 29050
24,29049,1,1,1, 29050
23,29048,3,3,1, 29051
8,29056,1,1,0, 29057
16,29059,2,2,1, 29061
14,29059,3,3,1, 29062
22,29066,4,4,1, 29070
24,29069,1,1,0, 29070
23,29068,3,3,1, 29071
21,29067,5,5,1, 29072
8,29076,1,1,0, 29077
24,29089,1,1,0, 29090
21,29087,5,5,1, 29092
30,29093,3,3,1, 29096
8,29096,1,1,1, 29097
31,29096,2,2,1, 29098
16,29099,2,2,1, 29101
29,29098,4,4,1, 29102
14,29099,3,3,1, 29102
5,29107,3,3,1, 29110
24,29109,1,1,1, 29110
6,29110,2,2,1, 29112
7,29112,1,1,0, 29113
30,29113,3,3,1, 29116
24,29129,1,1,0, 29130
7,29132,1,1,1, 29133
1,29146,1,1,1, 29147
24,29149,1,1,1, 29150
7,29152,1,1,1, 29153
25,29155,2,2,1, 29157
31,29156,2,2,1, 29158
1,29166,1,1,0, 29167
24,29169,1,1,1, 29170
7,29172,1,1,0, 29173
31,29176,2,2,1, 29178
9,29177,2,2,1, 29179
17,29179,3,3,1, 29182
1,29186,1,1,0, 29187
24,29189,1,1,0, 29190
7,29192,1,1,1, 29193
31,29196,2,2,1, 29198
9,29197,2,2,1, 29199
1,29206,1,1,1, 29207
24,29209,1,1,0, 29210
7,29212,1,1,0, 29213
8,29216,1,1,0, 29217
31,29216,2,2,1, 29218
26,29217,3,3,1, 29220
16,29219,2,2,1, 29221
29,29218,4,4,1, 29222
17,29219,3,3,1, 29222
13,29219,4,4,1, 29223
15,29221,2,2,1, 29223
2,29223,2,2,1, 29225
18,29223,4,4,1, 29227
1,29226,1,1,0, 29227
24,29229,1,1,0, 29230
23,29228,3,3,1, 29231
21,29227,5,5,1, 29232
7,29232,1,1,0, 29233
8,29236,1,1,0, 29237
31,29236,2,2,1, 29238
26,29237,3,3,1, 29240
29,29238,4,4,1, 29242
14,29239,3,3,1, 29242
13,29239,4,4,1, 29243
1,29246,1,1,0, 29247
5,29247,3,3,1, 29250
24,29249,1,1,0, 29250
21,29247,5,5,1, 29252
7,29252,1,1,0, 29253
25,29255,2,2,1, 29257
8,29256,1,1,1, 29257
26,29257,3,3,1, 29260
16,29259,2,2,1, 29261
29,29258,4,4,1, 29262
14,29259,3,3,1, 29262
13,29259,4,4,1, 29263
15,29261,2,2,1, 29263
2,29263,2,2,1, 29265
1,29266,1,1,1, 29267
22,29266,4,4,1, 29270
5,29267,3,3,1, 29270
24,29269,1,1,0, 29270
23,29268,3,3,1, 29271
21,29267,5,5,1, 29272
6,29270,2,2,1, 29272
7,29272,1,1,1, 29273
30,29273,3,3,1, 29276
25,29275,2,2,1, 29277
8,29276,1,1,1, 29277
31,29276,2,2,1, 29278
28,29274,5,5,1, 29279
15,29281,2,2,1, 29283
18,29283,4,4,1, 29287
1,29286,1,1,1, 29287
4,29286,4,4,1, 29290
22,29286,4,4,1, 29290
3,29287,3,3,1, 29290
24,29289,1,1,0, 29290
19,29286,5,5,1, 29291
23,29288,3,3,1, 29291
7,29292,1,1,1, 29293
27,29292,4,4,1, 29296
8,29296,1,1,1, 29297
31,29296,2,2,1, 29298
9,29297,2,2,1, 29299
14,29299,3,3,1, 29302
17,29299,3,3,1, 29302
13,29299,4,4,1, 29303
15,29301,2,2,1, 29303
2,29303,2,2,1, 29305
1,29306,1,1,1, 29307
3,29307,3,3,1, 29310
24,29309,1,1,1, 29310
19,29306,5,5,1, 29311
6,29310,2,2,1, 29312
7,29312,1,1,0, 29313
25,29315,2,2,1, 29317
31,29316,2,2,1, 29318
28,29314,5,5,1, 29319
29,29318,4,4,1, 29322
24,29329,1,1,1, 29330
7,29332,1,1,0, 29333
30,29333,3,3,1, 29336
5,29347,3,3,1, 29350
24,29349,1,1,0, 29350
7,29352,1,1,1, 29353
31,29356,2,2,1, 29358
29,29358,4,4,1, 29362
24,29369,1,1,1, 29370
7,29372,1,1,0, 29373
31,29376,2,2,1, 29378
24,29389,1,1,0, 29390
6,29390,2,2,1, 29392
7,29392,1,1,1, 29393
30,29393,3,3,1, 29396
29,29398,4,4,1, 29402
5,29407,3,3,1, 29410
24,29409,1,1,1, 29410
23,29408,3,3,1, 29411
21,29407,5,5,1, 29412
7,29412,1,1,1, 29413
30,29413,3,3,1, 29416
8,29416,1,1,0, 29417
16,29419,2,2,1, 29421
14,29419,3,3,1, 29422
1,29426,1,1,0, 29427
22,29426,4,4,1, 29430
5,29427,3,3,1, 29430
24,29429,1,1,1, 29430
23,29428,3,3,1, 29431
21,29427,5,5,1, 29432
7,29432,1,1,1, 29433
30,29433,3,3,1, 29436
8,29436,1,1,1, 29437
29,29438,4,4,1, 29442
17,29439,3,3,1, 29442
13,29439,4,4,1, 29443
15,29441,2,2,1, 29443
1,29446,1,1,1, 29447
22,29446,4,4,1, 29450
24,29449,1,1,0, 29450
23,29448,3,3,1, 29451
7,29452,1,1,1, 29453
8,29456,1,1,0, 29457
9,29457,2,2,1, 29459
29,29458,4,4,1, 29462
14,29459,3,3,1, 29462
17,29459,3,3,1, 29462
1,29466,1,1,1, 29467
22,29466,4,4,1, 29470
5,29467,3,3,1, 29470
24,29469,1,1,0, 29470
23,29468,3,3,1, 29471
7,29472,1,1,1, 29473
30,29473,3,3,1, 29476
8,29476,1,1,0, 29477
9,29477,2,2,1, 29479
13,29479,4,4,1, 29483
2,29483,2,2,1, 29485
1,29486,1,1,1, 29487
24,29489,1,1,0, 29490
21,29487,5,5,1, 29492
7,29492,1,1,0, 29493
30,29493,3,3,1, 29496
8,29496,1,1,0, 29497
9,29497,2,2,1, 29499
16,29499,2,2,1, 29501
15,29501,2,2,1, 29503
2,29503,2,2,1, 29505
18,29503,4,4,1, 29507
1,29506,1,1,0, 29507
22,29506,4,4,1, 29510
5,29507,3,3,1, 29510
24,29509,1,1,0, 29510
23,29508,3,3,1, 29511
7,29512,1,1,1, 29513
25,29515,2,2,1, 29517
8,29516,1,1,0, 29517
16,29519,2,2,1, 29521
29,29518,4,4,1, 29522
17,29519,3,3,1, 29522
15,29521,2,2,1, 29523
18,29523,4,4,1, 29527
1,29526,1,1,0, 29527
24,29529,1,1,0, 29530
7,29532,1,1,1, 29533
30,29533,3,3,1, 29536
31,29536,2,2,1, 29538
26,29537,3,3,1, 29540
17,29539,3,3,1, 29542
12,29540,5,5,1, 29545
2,29543,2,2,1, 29545
18,29543,4,4,1, 29547
1,29546,1,1,0, 29547
20,29543,6,6,1, 29549
3,29547,3,3,1, 29550
24,29549,1,1,1, 29550
19,29546,5,5,1, 29551
6,29550,2,2,1, 29552
7,29552,1,1,0, 29553
27,29552,4,4,1, 29556
30,29553,3,3,1, 29556
25,29555,2,2,1, 29557
28,29554,5,5,1, 29559
9,29557,2,2,1, 29559
17,29559,3,3,1, 29562
12,29560,5,5,1, 29565
18,29563,4,4,1, 29567
24,29569,1,1,0, 29570
6,29570,2,2,1, 29572
7,29572,1,1,1, 29573
30,29573,3,3,1, 29576
29,29578,4,4,1, 29582
24,29589,1,1,0, 29590
24,29609,1,1,0, 29610
24,29629,1,1,1, 29630
21,29627,5,5,1, 29632
8,29636,1,1,1, 29637
16,29639,2,2,1, 29641
15,29641,2,2,1, 29643
22,29646,4,4,1, 29650
24,29649,1,1,0, 29650
8,29656,1,1,1, 29657
16,29659,2,2,1, 29661
13,29659,4,4,1, 29663
24,29669,1,1,1, 29670
25,29675,2,2,1, 29677
8,29676,1,1,0, 29677
14,29679,3,3,1, 29682
17,29679,3,3,1, 29682
1,29686,1,1,0, 29687
22,29686,4,4,1, 29690
24,29689,1,1,1, 29690
23,29688,3,3,1, 29691
21,29687,5,5,1, 29692
7,29692,1,1,0, 29693
8,29696,1,1,1, 29697
9,29697,2,2,1, 29699
17,29699,3,3,1, 29702
13,29699,4,4,1, 29703
1,29706,1,1,0, 29707
22,29706,4,4,1, 29710
24,29709,1,1,1, 29710
21,29707,5,5,1, 29712
7,29712,1,1,0, 29713
8,29716,1,1,0, 29717
31,29716,2,2,1, 29718
26,29717,3,3,1, 29720
17,29719,3,3,1, 29722
15,29721,2,2,1, 29723
1,29726,1,1,0, 29727
22,29726,4,4,1, 29730
24,29729,1,1,0, 29730
7,29732,1,1,0, 29733
25,29735,2,2,1, 29737
8,29736,1,1,0, 29737
14,29739,3,3,1, 29742
17,29739,3,3,1, 29742
18,29743,4,4,1, 29747
1,29746,1,1,1, 29747
5,29747,3,3,1, 29750
24,29749,1,1,0, 29750
6,29750,2,2,1, 29752
7,29752,1,1,0, 29753
30,29753,3,3,1, 29756
8,29756,1,1,1, 29757
31,29756,2,2,1, 29758
16,29759,2,2,1, 29761
14,29759,3,3,1, 29762
17,29759,3,3,1, 29762
13,29759,4,4,1, 29763
2,29763,2,2,1, 29765
18,29763,4,4,1, 29767
1,29766,1,1,0, 29767
20,29763,6,6,1, 29769
4,29766,4,4,1, 29770
24,29769,1,1,0, 29770
23,29768,3,3,1, 29771
7,29772,1,1,1, 29773
30,29773,3,3,1, 29776
25,29775,2,2,1, 29777
8,29776,1,1,0, 29777
11,29774,4,4,1, 29778
28,29774,5,5,1, 29779
9,29777,2,2,1, 29779
16,29779,2,2,1, 29781
14,29779,3,3,1, 29782
15,29781,2,2,1, 29783
2,29783,2,2,1, 29785
1,29786,1,1,1, 29787
4,29786,4,4,1, 29790
3,29787,3,3,1, 29790
24,29789,1,1,1, 29790
23,29788,3,3,1, 29791
7,29792,1,1,1, 29793
25,29795,2,2,1, 29797
8,29796,1,1,0, 29797
31,29796,2,2,1, 29798
28,29794,5,5,1, 29799
9,29797,2,2,1, 29799
2,29803,2,2,1, 29805
18,29803,4,4,1, 29807
24,29809,1,1,1, 29810
23,29808,3,3,1, 29811
6,29810,2,2,1, 29812
7,29812,1,1,1, 29813
8,29816,1,1,0, 29817
31,29816,2,2,1, 29818
16,29819,2,2,1, 29821
29,29818,4,4,1, 29822
24,29829,1,1,0, 29830
7,29832,1,1,0, 29833
30,29833,3,3,1, 29836
31,29836,2,2,1, 29838
29,29838,4,4,1, 29842
5,29847,3,3,1, 29850
24,29849,1,1,1, 29850
7,29852,1,1,0, 29853
30,29853,3,3,1, 29856
29,29858,4,4,1, 29862
5,29867,3,3,1, 29870
24,29869,1,1,1, 29870
6,29870,2,2,1, 29872
7,29872,1,1,1, 29873
30,29873,3,3,1, 29876
31,29876,2,2,1, 29878
24,29889,1,1,0, 29890
7,29892,1,1,1, 29893
31,29896,2,2,1, 29898
29,29898,4,4,1, 29902
5,29907,3,3,1, 29910
24,29909,1,1,1, 29910
7,29912,1,1,0, 29913
31,29916,2,2,1, 29918
1,29926,1,1,0, 29927
24,29929,1,1,0, 29930
23,29928,3,3,1, 29931
21,29927,5,5,1, 29932
7,29932,1,1,0, 29933
8,29936,1,1,1, 29937
16,29939,2,2,1, 29941
29,29938,4,4,1, 29942
1,29946,1,1,0, 29947
22,29946,4,4,1, 29950
24,29949,1,1,0, 29950
21,29947,5,5,1, 29952
7,29952,1,1,1, 29953
8,29956,1,1,0, 29957
9,29957,2,2,1, 29959
26,29957,3,3,1, 29960
16,29959,2,2,1, 29961
2,29963,2,2,1, 29965
1,29966,1,1,1, 29967
22,29966,4,4,1, 29970
5,29967,3,3,1, 29970
24,29969,1,1,1, 29970
6,29970,2,2,1, 29972
7,29972,1,1,0, 29973
30,29973,3,3,1, 29976
25,29975,2,2,1, 29977
8,29976,1,1,1, 29977
31,29976,2,2,1, 29978
9,29977,2,2,1, 29979
26,29977,3,3,1, 29980
16,29979,2,2,1, 29981
29,29978,4,4,1, 29982
14,29979,3,3,1, 29982
17,29979,3,3,1, 29982
1,29986,1,1,1, 29987
24,29989,1,1,0, 29990
23,29988,3,3,1, 29991
7,29992,1,1,0, 29993
30,29993,3,3,1, 29996
8,29996,1,1,1, 29997
11,29994,4,4,1, 29998
16,29999,2,2,1, 30001
2,30003,2,2,1, 30005
18,30003,4,4,1, 30007
1,30006,1,1,1, 30007
20,30003,6,6,1, 30009
4,30006,4,4,1, 30010
22,30006,4,4,1, 30010
24,30009,1,1,1, 30010
23,30008,3,3,1, 30011
21,30007,5,5,1, 30012
7,30012,1,1,0, 30013
25,30015,2,2,1, 30017
8,30016,1,1,1, 30017
31,30016,2,2,1, 30018
29,30018,4,4,1, 30022
12,30020,5,5,1, 30025
2,30023,2,2,1, 30025
1,30026,1,1,1, 30027
20,30023,6,6,1, 30029
24,30029,1,1,0, 30030
19,30026,5,5,1, 30031
7,30032,1,1,0, 30033
27,30032,4,4,1, 30036
25,30035,2,2,1, 30037
8,30036,1,1,0, 30037
9,30037,2,2,1, 30039
26,30037,3,3,1, 30040
14,30039,3,3,1, 30042
18,30043,4,4,1, 30047
1,30046,1,1,0, 30047
3,30047,3,3,1, 30050
5,30047,3,3,1, 30050
24,30049,1,1,1, 30050
6,30050,2,2,1, 30052
7,30052,1,1,0, 30053
25,30055,2,2,1, 30057
8,30056,1,1,1, 30057
28,30054,5,5,1, 30059
26,30057,3,3,1, 30060
29,30058,4,4,1, 30062
14,30059,3,3,1, 30062
5,30067,3,3,1, 30070
24,30069,1,1,0, 30070
6,30070,2,2,1, 30072
7,30072,1,1,0, 30073
8,30076,1,1,1, 30077
15,30081,2,2,1, 30083
5,30087,3,3,1, 30090
24,30089,1,1,0, 30090
7,30092,1,1,1, 30093
30,30093,3,3,1, 30096
8,30096,1,1,0, 30097
31,30096,2,2,1, 30098
15,30101,2,2,1, 30103
24,30109,1,1,0, 30110
6,30110,2,2,1, 30112
7,30112,1,1,0, 30113
8,30116,1,1,1, 30117
16,30119,2,2,1, 30121
29,30118,4,4,1, 30122
14,30119,3,3,1, 30122
24,30129,1,1,1, 30130
21,30127,5,5,1, 30132
6,30130,2,2,1, 30132
7,30132,1,1,0, 30133
8,30136,1,1,1, 30137
16,30139,2,2,1, 30141
14,30139,3,3,1, 30142
13,30139,4,4,1, 30143
15,30141,2,2,1, 30143
24,30149,1,1,1, 30150
23,30148,3,3,1, 30151
21,30147,5,5,1, 30152
6,30150,2,2,1, 30152
7,30152,1,1,0, 30153
30,30153,3,3,1, 30156
8,30156,1,1,0, 30157
16,30159,2,2,1, 30161
14,30159,3,3,1, 30162
15,30161,2,2,1, 30163
1,30166,1,1,0, 30167
5,30167,3,3,1, 30170
24,30169,1,1,1, 30170
6,30170,2,2,1, 30172
7,30172,1,1,0, 30173
30,30173,3,3,1, 30176
8,30176,1,1,0, 30177
31,30176,2,2,1, 30178
9,30177,2,2,1, 30179
16,30179,2,2,1, 30181
15,30181,2,2,1, 30183
1,30186,1,1,1, 30187
24,30189,1,1,1, 30190
26,30197,3,3,1, 30200
17,30199,3,3,1, 30202
2,30203,2,2,1, 30205
1,30206,1,1,0, 30207
24,30209,1,1,1, 30210
17,30219,3,3,1, 30222
2,30223,2,2,1, 30225
1,30226,1,1,0, 30227
24,30229,1,1,1, 30230
9,30237,2,2,1, 30239
26,30237,3,3,1, 30240
17,30239,3,3,1, 30242
12,30240,5,5,1, 30245
2,30243,2,2,1, 30245
18,30243,4,4,1, 30247
1,30246,1,1,1, 30247
20,30243,6,6,1, 30249
24,30249,1,1,0, 30250
25,30255,2,2,1, 30257
17,30259,3,3,1, 30262
18,30263,4,4,1, 30267
1,30266,1,1,1, 30267
20,30263,6,6,1, 30269
24,30269,1,1,1, 30270
27,30272,4,4,1, 30276
25,30275,2,2,1, 30277
28,30274,5,5,1, 30279
26,30277,3,3,1, 30280
12,30280,5,5,1, 30285
18,30283,4,4,1, 30287
5,30287,3,3,1, 30290
24,30289,1,1,0, 30290
23,30288,3,3,1, 30291
6,30290,2,2,1, 30292
7,30292,1,1,1, 30293
30,30293,3,3,1, 30296
8,30296,1,1,1, 30297
13,30299,4,4,1, 30303
15,30301,2,2,1, 30303
24,30309,1,1,1, 30310
21,30307,5,5,1, 30312
6,30310,2,2,1, 30312
7,30312,1,1,1, 30313
8,30316,1,1,0, 30317
31,30316,2,2,1, 30318
16,30319,2,2,1, 30321
14,30319,3,3,1, 30322
15,30321,2,2,1, 30323
24,30329,1,1,0, 30330
23,30328,3,3,1, 30331
21,30327,5,5,1, 30332
7,30332,1,1,1, 30333
30,30333,3,3,1, 30336
8,30336,1,1,1, 30337
16,30339,2,2,1, 30341
13,30339,4,4,1, 30343
5,30347,3,3,1, 30350
24,30349,1,1,1, 30350
6,30350,2,2,1, 30352
7,30352,1,1,0, 30353
8,30356,1,1,1, 30357
13,30359,4,4,1, 30363
5,30367,3,3,1, 30370
24,30369,1,1,1, 30370
6,30370,2,2,1, 30372
7,30372,1,1,0, 30373
30,30373,3,3,1, 30376
8,30376,1,1,0, 30377
16,30379,2,2,1, 30381
14,30379,3,3,1, 30382
15,30381,2,2,1, 30383
5,30387,3,3,1, 30390
24,30389,1,1,0, 30390
23,30388,3,3,1, 30391
21,30387,5,5,1, 30392
6,30390,2,2,1, 30392
7,30392,1,1,1, 30393
30,30393,3,3,1, 30396
8,30396,1,1,0, 30397
31,30396,2,2,1, 30398
14,30399,3,3,1, 30402
15,30401,2,2,1, 30403
1,30406,1,1,1, 30407
24,30409,1,1,1, 30410
23,30408,3,3,1, 30411
6,30410,2,2,1, 30412
7,30412,1,1,0, 30413
25,30415,2,2,1, 30417
8,30416,1,1,0, 30417
31,30416,2,2,1, 30418
9,30417,2,2,1, 30419
16,30419,2,2,1, 30421
17,30419,3,3,1, 30422
13,30419,4,4,1, 30423
1,30426,1,1,0, 30427
5,30427,3,3,1, 30430
24,30429,1,1,0, 30430
6,30430,2,2,1, 30432
7,30432,1,1,0, 30433
27,30432,4,4,1, 30436
11,30434,4,4,1, 30438
28,30434,5,5,1, 30439
1,30446,1,1,1, 30447
20,30443,6,6,1, 30449
3,30447,3,3,1, 30450
24,30449,1,1,0, 30450
19,30446,5,5,1, 30451
7,30452,1,1,1, 30453
11,30454,4,4,1, 30458
31,30456,2,2,1, 30458
9,30457,2,2,1, 30459
12,30460,5,5,1, 30465
1,30466,1,1,1, 30467
4,30466,4,4,1, 30470
3,30467,3,3,1, 30470
5,30467,3,3,1, 30470
24,30469,1,1,0, 30470
19,30466,5,5,1, 30471
7,30472,1,1,1, 30473
27,30472,4,4,1, 30476
30,30473,3,3,1, 30476
25,30475,2,2,1, 30477
11,30474,4,4,1, 30478
28,30474,5,5,1, 30479
9,30477,2,2,1, 30479
17,30479,3,3,1, 30482
5,30487,3,3,1, 30490
24,30489,1,1,1, 30490
6,30490,2,2,1, 30492
7,30492,1,1,0, 30493
30,30493,3,3,1, 30496
24,30509,1,1,0, 30510
6,30510,2,2,1, 30512
7,30512,1,1,0, 30513
31,30516,2,2,1, 30518
29,30518,4,4,1, 30522
22,30526,4,4,1, 30530
24,30529,1,1,1, 30530
21,30527,5,5,1, 30532
7,30532,1,1,0, 30533
8,30536,1,1,0, 30537
31,30536,2,2,1, 30538
29,30538,4,4,1, 30542
14,30539,3,3,1, 30542
13,30539,4,4,1, 30543
5,30547,3,3,1, 30550
24,30549,1,1,1, 30550
21,30547,5,5,1, 30552
6,30550,2,2,1, 30552
7,30552,1,1,1, 30553
8,30556,1,1,0, 30557
31,30556,2,2,1, 30558
16,30559,2,2,1, 30561
13,30559,4,4,1, 30563
15,30561,2,2,1, 30563
22,30566,4,4,1, 30570
24,30569,1,1,1, 30570
23,30568,3,3,1, 30571
21,30567,5,5,1, 30572
8,30576,1,1,1, 30577
15,30581,2,2,1, 30583
1,30586,1,1,1, 30587
22,30586,4,4,1, 30590
24,30589,1,1,0, 30590
23,30588,3,3,1, 30591
21,30587,5,5,1, 30592
8,30596,1,1,0, 30597
14,30599,3,3,1, 30602
1,30606,1,1,1, 30607
22,30606,4,4,1, 30610
24,30609,1,1,0, 30610
23,30608,3,3,1, 30611
8,30616,1,1,0, 30617
14,30619,3,3,1, 30622
1,30626,1,1,0, 30627
24,30629,1,1,0, 30630
23,30628,3,3,1, 30631
21,30627,5,5,1, 30632
25,30635,2,2,1, 30637
8,30636,1,1,1, 30637
9,30637,2,2,1, 30639
1,30646,1,1,0, 30647
22,30646,4,4,1, 30650
24,30649,1,1,1, 30650
25,30655,2,2,1, 30657
8,30656,1,1,1, 30657
14,30659,3,3,1, 30662
17,30659,3,3,1, 30662
2,30663,2,2,1, 30665
1,30666,1,1,0, 30667
24,30669,1,1,0, 30670
7,30672,1,1,0, 30673
9,30677,2,2,1, 30679
26,30677,3,3,1, 30680
2,30683,2,2,1, 30685
18,30683,4,4,1, 30687
1,30686,1,1,0, 30687
24,30689,1,1,0, 30690
7,30692,1,1,1, 30693
26,30697,3,3,1, 30700
2,30703,2,2,1, 30705
1,30706,1,1,1, 30707
24,30709,1,1,1, 30710
6,30710,2,2,1, 30712
7,30712,1,1,0, 30713
25,30715,2,2,1, 30717
9,30717,2,2,1, 30719
26,30717,3,3,1, 30720
17,30719,3,3,1, 30722
2,30723,2,2,1, 30725
18,30723,4,4,1, 30727
1,30726,1,1,0, 30727
24,30729,1,1,1, 30730
6,30730,2,2,1, 30732
7,30732,1,1,1, 30733
30,30733,3,3,1, 30736
31,30736,2,2,1, 30738
9,30737,2,2,1, 30739
26,30737,3,3,1, 30740
17,30739,3,3,1, 30742
2,30743,2,2,1, 30745
18,30743,4,4,1, 30747
1,30746,1,1,0, 30747
4,30746,4,4,1, 30750
24,30749,1,1,1, 30750
19,30746,5,5,1, 30751
7,30752,1,1,0, 30753
30,30753,3,3,1, 30756
25,30755,2,2,1, 30757
31,30756,2,2,1, 30758
29,30758,4,4,1, 30762
12,30760,5,5,1, 30765
18,30763,4,4,1, 30767
5,30767,3,3,1, 30770
24,30769,1,1,1, 30770
23,30768,3,3,1, 30771
6,30770,2,2,1, 30772
7,30772,1,1,1, 30773
30,30773,3,3,1, 30776
8,30776,1,1,1, 30777
14,30779,3,3,1, 30782
13,30779,4,4,1, 30783
24,30789,1,1,0, 30790
23,30788,3,3,1, 30791
21,30787,5,5,1, 30792
6,30790,2,2,1, 30792
7,30792,1,1,0, 30793
30,30793,3,3,1, 30796
8,30796,1,1,0, 30797
29,30798,4,4,1, 30802
13,30799,4,4,1, 30803
15,30801,2,2,1, 30803
5,30807,3,3,1, 30810
24,30809,1,1,1, 30810
7,30812,1,1,0, 30813
8,30816,1,1,1, 30817
31,30816,2,2,1, 30818
29,30818,4,4,1, 30822
13,30819,4,4,1, 30823
24,30829,1,1,0, 30830
6,30830,2,2,1, 30832
7,30832,1,1,1, 30833
30,30833,3,3,1, 30836
8,30836,1,1,1, 30837
31,30836,2,2,1, 30838
13,30839,4,4,1, 30843
15,30841,2,2,1, 30843
22,30846,4,4,1, 30850
5,30847,3,3,1, 30850
24,30849,1,1,0, 30850
23,30848,3,3,1, 30851
7,30852,1,1,1, 30853
30,30853,3,3,1, 30856
8,30856,1,1,1, 30857
31,30856,2,2,1, 30858
13,30859,4,4,1, 30863
22,30866,4,4,1, 30870
24,30869,1,1,0, 30870
23,30868,3,3,1, 30871
21,30867,5,5,1, 30872
6,30870,2,2,1, 30872
7,30872,1,1,1, 30873
8,30876,1,1,1, 30877
31,30876,2,2,1, 30878
16,30879,2,2,1, 30881
13,30879,4,4,1, 30883
15,30881,2,2,1, 30883
1,30886,1,1,0, 30887
24,30889,1,1,0, 30890
23,30888,3,3,1, 30891
6,30890,2,2,1, 30892
7,30892,1,1,1, 30893
8,30896,1,1,0, 30897
9,30897,2,2,1, 30899
14,30899,3,3,1, 30902
13,30899,4,4,1, 30903
1,30906,1,1,0, 30907
22,30906,4,4,1, 30910
5,30907,3,3,1, 30910
24,30909,1,1,1, 30910
7,30912,1,1,0, 30913
25,30915,2,2,1, 30917
8,30916,1,1,0, 30917
31,30916,2,2,1, 30918
18,30923,4,4,1, 30927
1,30926,1,1,0, 30927
22,30926,4,4,1, 30930
24,30929,1,1,0, 30930
23,30928,3,3,1, 30931
21,30927,5,5,1, 30932
7,30932,1,1,1, 30933
30,30933,3,3,1, 30936
8,30936,1,1,1, 30937
9,30937,2,2,1, 30939
26,30937,3,3,1, 30940
16,30939,2,2,1, 30941
18,30943,4,4,1, 30947
1,30946,1,1,0, 30947
20,30943,6,6,1, 30949
4,30946,4,4,1, 30950
3,30947,3,3,1, 30950
24,30949,1,1,1, 30950
6,30950,2,2,1, 30952
7,30952,1,1,0, 30953
25,30955,2,2,1, 30957
11,30954,4,4,1, 30958
28,30954,5,5,1, 30959
9,30957,2,2,1, 30959
1,30966,1,1,1, 30967
20,30963,6,6,1, 30969
4,30966,4,4,1, 30970
5,30967,3,3,1, 30970
24,30969,1,1,1, 30970
6,30970,2,2,1, 30972
7,30972,1,1,0, 30973
27,30972,4,4,1, 30976
30,30973,3,3,1, 30976
28,30974,5,5,1, 30979
29,30978,4,4,1, 30982
17,30979,3,3,1, 30982
1,30986,1,1,1, 30987
20,30983,6,6,1, 30989
4,30986,4,4,1, 30990
5,30987,3,3,1, 30990
24,30989,1,1,0, 30990
19,30986,5,5,1, 30991
7,30992,1,1,1, 30993
27,30992,4,4,1, 30996
30,30993,3,3,1, 30996
11,30994,4,4,1, 30998
29,30998,4,4,1, 31002
2,31003,2,2,1, 31005
18,31003,4,4,1, 31007
24,31009,1,1,1, 31010
6,31010,2,2,1, 31012
7,31012,1,1,0, 31013
30,31013,3,3,1, 31016
31,31016,2,2,1, 31018
24,31029,1,1,1, 31030
22,31046,4,4,1, 31050
24,31049,1,1,1, 31050
8,31056,1,1,1, 31057
14,31059,3,3,1, 31062
15,31061,2,2,1, 31063
22,31066,4,4,1, 31070
24,31069,1,1,0, 31070
23,31068,3,3,1, 31071
8,31076,1,1,1, 31077
13,31079,4,4,1, 31083
22,31086,4,4,1, 31090
24,31089,1,1,0, 31090
23,31088,3,3,1, 31091
21,31087,5,5,1, 31092
8,31096,1,1,1, 31097
22,31106,4,4,1, 31110
24,31109,1,1,0, 31110
8,31116,1,1,0, 31117
9,31117,2,2,1, 31119
16,31119,2,2,1, 31121
17,31119,3,3,1, 31122
1,31126,1,1,0, 31127
22,31126,4,4,1, 31130
24,31129,1,1,0, 31130
21,31127,5,5,1, 31132
6,31130,2,2,1, 31132
7,31132,1,1,0, 31133
30,31133,3,3,1, 31136
25,31135,2,2,1, 31137
8,31136,1,1,1, 31137
11,31134,4,4,1, 31138
31,31136,2,2,1, 31138
28,31134,5,5,1, 31139
29,31138,4,4,1, 31142
17,31139,3,3,1, 31142
12,31140,5,5,1, 31145
2,31143,2,2,1, 31145
1,31146,1,1,0, 31147
20,31143,6,6,1, 31149
4,31146,4,4,1, 31150
3,31147,3,3,1, 31150
24,31149,1,1,0, 31150
19,31146,5,5,1, 31151
7,31152,1,1,1, 31153
27,31152,4,4,1, 31156
30,31153,3,3,1, 31156
25,31155,2,2,1, 31157
8,31156,1,1,0, 31157
11,31154,4,4,1, 31158
28,31154,5,5,1, 31159
9,31157,2,2,1, 31159
26,31157,3,3,1, 31160
17,31159,3,3,1, 31162
24,31169,1,1,1, 31170
7,31172,1,1,1, 31173
8,31176,1,1,0, 31177
31,31176,2,2,1, 31178
29,31178,4,4,1, 31182
13,31179,4,4,1, 31183
24,31189,1,1,1, 31190
7,31192,1,1,1, 31193
8,31196,1,1,0, 31197
14,31199,3,3,1, 31202
5,31207,3,3,1, 31210
24,31209,1,1,1, 31210
7,31212,1,1,0, 31213
8,31216,1,1,1, 31217
29,31218,4,4,1, 31222
14,31219,3,3,1, 31222
5,31227,3,3,1, 31230
24,31229,1,1,0, 31230
6,31230,2,2,1, 31232
7,31232,1,1,0, 31233
8,31236,1,1,1, 31237
14,31239,3,3,1, 31242
5,31247,3,3,1, 31250
24,31249,1,1,1, 31250
23,31248,3,3,1, 31251
21,31247,5,5,1, 31252
6,31250,2,2,1, 31252
7,31252,1,1,0, 31253
8,31256,1,1,0, 31257
16,31259,2,2,1, 31261
14,31259,3,3,1, 31262
15,31261,2,2,1, 31263
1,31266,1,1,1, 31267
22,31266,4,4,1, 31270
5,31267,3,3,1, 31270
24,31269,1,1,0, 31270
23,31268,3,3,1, 31271
7,31272,1,1,0, 31273
30,31273,3,3,1, 31276
25,31275,2,2,1, 31277
8,31276,1,1,0, 31277
31,31276,2,2,1, 31278
16,31279,2,2,1, 31281
13,31279,4,4,1, 31283
15,31281,2,2,1, 31283
1,31286,1,1,0, 31287
22,31286,4,4,1, 31290
24,31289,1,1,1, 31290
21,31287,5,5,1, 31292
7,31292,1,1,1, 31293
8,31296,1,1,1, 31297
31,31296,2,2,1, 31298
13,31299,4,4,1, 31303
15,31301,2,2,1, 31303
1,31306,1,1,1, 31307
24,31309,1,1,0, 31310
23,31308,3,3,1, 31311
7,31312,1,1,1, 31313
8,31316,1,1,1, 31317
31,31316,2,2,1, 31318
26,31317,3,3,1, 31320
13,31319,4,4,1, 31323
15,31321,2,2,1, 31323
18,31323,4,4,1, 31327
1,31326,1,1,0, 31327
24,31329,1,1,1, 31330
23,31328,3,3,1, 31331
21,31327,5,5,1, 31332
7,31332,1,1,1, 31333
31,31336,2,2,1, 31338
9,31337,2,2,1, 31339
2,31343,2,2,1, 31345
18,31343,4,4,1, 31347
1,31346,1,1,0, 31347
24,31349,1,1,0, 31350
7,31352,1,1,0, 31353
27,31352,4,4,1, 31356
9,31357,2,2,1, 31359
26,31357,3,3,1, 31360
2,31363,2,2,1, 31365
18,31363,4,4,1, 31367
1,31366,1,1,1, 31367
4,31366,4,4,1, 31370
24,31369,1,1,0, 31370
19,31366,5,5,1, 31371
7,31372,1,1,1, 31373
25,31375,2,2,1, 31377
11,31374,4,4,1, 31378
31,31376,2,2,1, 31378
9,31377,2,2,1, 31379
26,31377,3,3,1, 31380
17,31379,3,3,1, 31382
18,31383,4,4,1, 31387
1,31386,1,1,1, 31387
20,31383,6,6,1, 31389
3,31387,3,3,1, 31390
5,31387,3,3,1, 31390
24,31389,1,1,0, 31390
6,31390,2,2,1, 31392
7,31392,1,1,0, 31393
25,31395,2,2,1, 31397
11,31394,4,4,1, 31398
28,31394,5,5,1, 31399
29,31398,4,4,1, 31402
2,31403,2,2,1, 31405
24,31409,1,1,1, 31410
7,31412,1,1,1, 31413
30,31413,3,3,1, 31416
31,31416,2,2,1, 31418
5,31427,3,3,1, 31430
24,31429,1,1,1, 31430
6,31430,2,2,1, 31432
7,31432,1,1,1, 31433
30,31433,3,3,1, 31436
31,31436,2,2,1, 31438
16,31439,2,2,1, 31441
14,31439,3,3,1, 31442
15,31441,2,2,1, 31443
22,31446,4,4,1, 31450
24,31449,1,1,1, 31450
23,31448,3,3,1, 31451
6,31450,2,2,1, 31452
7,31452,1,1,1, 31453
8,31456,1,1,1, 31457
31,31456,2,2,1, 31458
16,31459,2,2,1, 31461
13,31459,4,4,1, 31463
22,31466,4,4,1, 31470
24,31469,1,1,1, 31470
23,31468,3,3,1, 31471
6,31470,2,2,1, 31472
7,31472,1,1,0, 31473
30,31473,3,3,1, 31476
8,31476,1,1,1, 31477
16,31479,2,2,1, 31481
29,31478,4,4,1, 31482
15,31481,2,2,1, 31483
24,31489,1,1,0, 31490
23,31488,3,3,1, 31491
7,31492,1,1,0, 31493
8,31496,1,1,0, 31497
29,31498,4,4,1, 31502
15,31501,2,2,1, 31503
5,31507,3,3,1, 31510
24,31509,1,1,1, 31510
6,31510,2,2,1, 31512
7,31512,1,1,1, 31513
25,31515,2,2,1, 31517
8,31516,1,1,1, 31517
9,31517,2,2,1, 31519
14,31519,3,3,1, 31522
17,31519,3,3,1, 31522
2,31523,2,2,1, 31525
18,31523,4,4,1, 31527
1,31526,1,1,0, 31527
5,31527,3,3,1, 31530
24,31529,1,1,0, 31530
21,31527,5,5,1, 31532
7,31532,1,1,0, 31533
8,31536,1,1,0, 31537
14,31539,3,3,1, 31542
2,31543,2,2,1, 31545
1,31546,1,1,1, 31547
24,31549,1,1,1, 31550
23,31548,3,3,1, 31551
21,31547,5,5,1, 31552
7,31552,1,1,0, 31553
25,31555,2,2,1, 31557
8,31556,1,1,0, 31557
26,31557,3,3,1, 31560
16,31559,2,2,1, 31561
17,31559,3,3,1, 31562
1,31566,1,1,0, 31567
5,31567,3,3,1, 31570
24,31569,1,1,0, 31570
23,31568,3,3,1, 31571
21,31567,5,5,1, 31572
7,31572,1,1,1, 31573
25,31575,2,2,1, 31577
8,31576,1,1,1, 31577
31,31576,2,2,1, 31578
26,31577,3,3,1, 31580
16,31579,2,2,1, 31581
29,31578,4,4,1, 31582
17,31579,3,3,1, 31582
13,31579,4,4,1, 31583
2,31583,2,2,1, 31585
18,31583,4,4,1, 31587
1,31586,1,1,0, 31587
24,31589,1,1,0, 31590
7,31592,1,1,0, 31593
30,31593,3,3,1, 31596
31,31596,2,2,1, 31598
9,31597,2,2,1, 31599
17,31599,3,3,1, 31602
2,31603,2,2,1, 31605
1,31606,1,1,0, 31607
24,31609,1,1,0, 31610
7,31612,1,1,0, 31613
25,31615,2,2,1, 31617
29,31618,4,4,1, 31622
17,31619,3,3,1, 31622
2,31623,2,2,1, 31625
1,31626,1,1,0, 31627
4,31626,4,4,1, 31630
3,31627,3,3,1, 31630
5,31627,3,3,1, 31630
24,31629,1,1,1, 31630
19,31626,5,5,1, 31631
6,31630,2,2,1, 31632
7,31632,1,1,1, 31633
30,31633,3,3,1, 31636
31,31636,2,2,1, 31638
24,31649,1,1,1, 31650
7,31652,1,1,1, 31653
30,31653,3,3,1, 31656
29,31658,4,4,1, 31662
24,31669,1,1,0, 31670
6,31670,2,2,1, 31672
7,31672,1,1,0, 31673
31,31676,2,2,1, 31678
5,31687,3,3,1, 31690
24,31689,1,1,1, 31690
21,31687,5,5,1, 31692
7,31692,1,1,1, 31693
30,31693,3,3,1, 31696
8,31696,1,1,0, 31697
31,31696,2,2,1, 31698
16,31699,2,2,1, 31701
29,31698,4,4,1, 31702
14,31699,3,3,1, 31702
24,31709,1,1,0, 31710
21,31707,5,5,1, 31712
8,31716,1,1,0, 31717
16,31719,2,2,1, 31721
13,31719,4,4,1, 31723
15,31721,2,2,1, 31723
22,31726,4,4,1, 31730
24,31729,1,1,1, 31730
23,31728,3,3,1, 31731
21,31727,5,5,1, 31732
25,31735,2,2,1, 31737
8,31736,1,1,0, 31737
17,31739,3,3,1, 31742
15,31741,2,2,1, 31743
1,31746,1,1,1, 31747
24,31749,1,1,0, 31750
25,31755,2,2,1, 31757
8,31756,1,1,1, 31757
9,31757,2,2,1, 31759
1,31766,1,1,1, 31767
22,31766,4,4,1, 31770
24,31769,1,1,0, 31770
23,31768,3,3,1, 31771
8,31776,1,1,1, 31777
9,31777,2,2,1, 31779
16,31779,2,2,1, 31781
17,31779,3,3,1, 31782
1,31786,1,1,0, 31787
24,31789,1,1,1, 31790
21,31787,5,5,1, 31792
25,31795,2,2,1, 31797
8,31796,1,1,1, 31797
16,31799,2,2,1, 31801
14,31799,3,3,1, 31802
13,31799,4,4,1, 31803
1,31806,1,1,1, 31807
24,31809,1,1,0, 31810
21,31807,5,5,1, 31812
7,31812,1,1,1, 31813
30,31813,3,3,1, 31816
8,31816,1,1,0, 31817
26,31817,3,3,1, 31820
14,31819,3,3,1, 31822
13,31819,4,4,1, 31823
15,31821,2,2,1, 31823
18,31823,4,4,1, 31827
1,31826,1,1,1, 31827
24,31829,1,1,0, 31830
21,31827,5,5,1, 31832
6,31830,2,2,1, 31832
7,31832,1,1,1, 31833
25,31835,2,2,1, 31837
8,31836,1,1,0, 31837
13,31839,4,4,1, 31843
2,31843,2,2,1, 31845
18,31843,4,4,1, 31847
1,31846,1,1,0, 31847
4,31846,4,4,1, 31850
24,31849,1,1,1, 31850
19,31846,5,5,1, 31851
21,31847,5,5,1, 31852
7,31852,1,1,1, 31853
30,31853,3,3,1, 31856
25,31855,2,2,1, 31857
8,31856,1,1,0, 31857
11,31854,4,4,1, 31858
31,31856,2,2,1, 31858
9,31857,2,2,1, 31859
26,31857,3,3,1, 31860
13,31859,4,4,1, 31863
12,31860,5,5,1, 31865
2,31863,2,2,1, 31865
18,31863,4,4,1, 31867
1,31866,1,1,1, 31867
20,31863,6,6,1, 31869
3,31867,3,3,1, 31870
5,31867,3,3,1, 31870
24,31869,1,1,1, 31870
23,31868,3,3,1, 31871
6,31870,2,2,1, 31872
7,31872,1,1,0, 31873
30,31873,3,3,1, 31876
8,31876,1,1,1, 31877
14,31879,3,3,1, 31882
13,31879,4,4,1, 31883
5,31887,3,3,1, 31890
24,31889,1,1,0, 31890
7,31892,1,1,0, 31893
30,31893,3,3,1, 31896
31,31896,2,2,1, 31898
5,31907,3,3,1, 31910
24,31909,1,1,1, 31910
6,31910,2,2,1, 31912
7,31912,1,1,0, 31913
5,31927,3,3,1, 31930
24,31929,1,1,0, 31930
6,31930,2,2,1, 31932
7,31932,1,1,0, 31933
30,31933,3,3,1, 31936
5,31947,3,3,1, 31950
24,31949,1,1,1, 31950
7,31952,1,1,1, 31953
29,31958,4,4,1, 31962
24,31969,1,1,0, 31970
7,31972,1,1,1, 31973
30,31973,3,3,1, 31976
25,31975,2,2,1, 31977
31,31976,2,2,1, 31978
9,31977,2,2,1, 31979
29,31978,4,4,1, 31982
17,31979,3,3,1, 31982
1,31986,1,1,0, 31987
24,31989,1,1,0, 31990
21,31987,5,5,1, 31992
7,31992,1,1,1, 31993
25,31995,2,2,1, 31997
8,31996,1,1,1, 31997
29,31998,4,4,1, 32002
14,31999,3,3,1, 32002
18,32003,4,4,1, 32007
1,32006,1,1,1, 32007
22,32006,4,4,1, 32010
5,32007,3,3,1, 32010
24,32009,1,1,0, 32010
23,32008,3,3,1, 32011
21,32007,5,5,1, 32012
6,32010,2,2,1, 32012
7,32012,1,1,1, 32013
8,32016,1,1,1, 32017
9,32017,2,2,1, 32019
13,32019,4,4,1, 32023
18,32023,4,4,1, 32027
1,32026,1,1,1, 32027
22,32026,4,4,1, 32030
5,32027,3,3,1, 32030
24,32029,1,1,0, 32030
6,32030,2,2,1, 32032
7,32032,1,1,1, 32033
30,32033,3,3,1, 32036
8,32036,1,1,0, 32037
16,32039,2,2,1, 32041
15,32041,2,2,1, 32043
18,32043,4,4,1, 32047
1,32046,1,1,0, 32047
22,32046,4,4,1, 32050
5,32047,3,3,1, 32050
24,32049,1,1,1, 32050
7,32052,1,1,0, 32053
30,32053,3,3,1, 32056
8,32056,1,1,1, 32057
31,32056,2,2,1, 32058
26,32057,3,3,1, 32060
16,32059,2,2,1, 32061
29,32058,4,4,1, 32062
17,32059,3,3,1, 32062
13,32059,4,4,1, 32063
15,32061,2,2,1, 32063
2,32063,2,2,1, 32065
1,32066,1,1,1, 32067
5,32067,3,3,1, 32070
24,32069,1,1,1, 32070
19,32066,5,5,1, 32071
23,32068,3,3,1, 32071
7,32072,1,1,1, 32073
27,32072,4,4,1, 32076
8,32076,1,1,1, 32077
31,32076,2,2,1, 32078
9,32077,2,2,1, 32079
29,32078,4,4,1, 32082
14,32079,3,3,1, 32082
13,32079,4,4,1, 32083
15,32081,2,2,1, 32083
1,32086,1,1,0, 32087
5,32087,3,3,1, 32090
24,32089,1,1,0, 32090
19,32086,5,5,1, 32091
21,32087,5,5,1, 32092
6,32090,2,2,1, 32092
7,32092,1,1,1, 32093
8,32096,1,1,0, 32097
11,32094,4,4,1, 32098
9,32097,2,2,1, 32099
16,32099,2,2,1, 32101
29,32098,4,4,1, 32102
17,32099,3,3,1, 32102
2,32103,2,2,1, 32105
1,32106,1,1,1, 32107
24,32109,1,1,0, 32110
23,32108,3,3,1, 32111
21,32107,5,5,1, 32112
25,32115,2,2,1, 32117
8,32116,1,1,0, 32117
9,32117,2,2,1, 32119
15,32121,2,2,1, 32123
2,32123,2,2,1, 32125
18,32123,4,4,1, 32127
1,32126,1,1,1, 32127
3,32127,3,3,1, 32130
24,32129,1,1,0, 32130
23,32128,3,3,1, 32131
21,32127,5,5,1, 32132
8,32136,1,1,1, 32137
24,32149,1,1,0, 32150
8,32156,1,1,1, 32157
24,32169,1,1,0, 32170
21,32167,5,5,1, 32172
8,32176,1,1,0, 32177
22,32186,4,4,1, 32190
24,32189,1,1,0, 32190
8,32196,1,1,0, 32197
16,32199,2,2,1, 32201
13,32199,4,4,1, 32203
24,32209,1,1,0, 32210
23,32208,3,3,1, 32211
21,32207,5,5,1, 32212
7,32212,1,1,1, 32213
8,32216,1,1,1, 32217
31,32216,2,2,1, 32218
16,32219,2,2,1, 32221
24,32229,1,1,1, 32230
7,32232,1,1,1, 32233
31,32236,2,2,1, 32238
17,32239,3,3,1, 32242
1,32246,1,1,0, 32247
24,32249,1,1,0, 32250
7,32252,1,1,0, 32253
31,32256,2,2,1, 32258
9,32257,2,2,1, 32259
17,32259,3,3,1, 32262
1,32266,1,1,0, 32267
24,32269,1,1,0, 32270
6,32270,2,2,1, 32272
7,32272,1,1,1, 32273
30,32273,3,3,1, 32276
25,32275,2,2,1, 32277
29,32278,4,4,1, 32282
1,32286,1,1,1, 32287
5,32287,3,3,1, 32290
24,32289,1,1,0, 32290
7,32292,1,1,0, 32293
26,32297,3,3,1, 32300
29,32298,4,4,1, 32302
18,32303,4,4,1, 32307
1,32306,1,1,1, 32307
24,32309,1,1,0, 32310
7,32312,1,1,0, 32313
31,32316,2,2,1, 32318
9,32317,2,2,1, 32319
26,32317,3,3,1, 32320
29,32318,4,4,1, 32322
2,32323,2,2,1, 32325
18,32323,4,4,1, 32327
1,32326,1,1,0, 32327
5,32327,3,3,1, 32330
24,32329,1,1,0, 32330
23,32328,3,3,1, 32331
7,32332,1,1,1, 32333
8,32336,1,1,1, 32337
9,32337,2,2,1, 32339
26,32337,3,3,1, 32340
17,32339,3,3,1, 32342
2,32343,2,2,1, 32345
1,32346,1,1,0, 32347
24,32349,1,1,1, 32350
23,32348,3,3,1, 32351
21,32347,5,5,1, 32352
7,32352,1,1,1, 32353
25,32355,2,2,1, 32357
8,32356,1,1,1, 32357
31,32356,2,2,1, 32358
16,32359,2,2,1, 32361
14,32359,3,3,1, 32362
13,32359,4,4,1, 32363
15,32361,2,2,1, 32363
12,32360,5,5,1, 32365
18,32363,4,4,1, 32367
1,32366,1,1,0, 32367
5,32367,3,3,1, 32370
24,32369,1,1,1, 32370
19,32366,5,5,1, 32371
23,32368,3,3,1, 32371
7,32372,1,1,1, 32373
27,32372,4,4,1, 32376
8,32376,1,1,1, 32377
11,32374,4,4,1, 32378
31,32376,2,2,1, 32378
28,32374,5,5,1, 32379
17,32379,3,3,1, 32382
12,32380,5,5,1, 32385
18,32383,4,4,1, 32387
1,32386,1,1,0, 32387
4,32386,4,4,1, 32390
5,32387,3,3,1, 32390
24,32389,1,1,0, 32390
23,32388,3,3,1, 32391
7,32392,1,1,1, 32393
8,32396,1,1,1, 32397
11,32394,4,4,1, 32398
31,32396,2,2,1, 32398
28,32394,5,5,1, 32399
13,32399,4,4,1, 32403
24,32409,1,1,1, 32410
21,32407,5,5,1, 32412
7,32412,1,1,1, 32413
30,32413,3,3,1, 32416
8,32416,1,1,1, 32417
31,32416,2,2,1, 32418
29,32418,4,4,1, 32422
13,32419,4,4,1, 32423
15,32421,2,2,1, 32423
22,32426,4,4,1, 32430
5,32427,3,3,1, 32430
24,32429,1,1,1, 32430
21,32427,5,5,1, 32432
6,32430,2,2,1, 32432
7,32432,1,1,1, 32433
30,32433,3,3,1, 32436
8,32436,1,1,1, 32437
31,32436,2,2,1, 32438
29,32438,4,4,1, 32442
13,32439,4,4,1, 32443
15,32441,2,2,1, 32443
22,32446,4,4,1, 32450
24,32449,1,1,0, 32450
21,32447,5,5,1, 32452
6,32450,2,2,1, 32452
7,32452,1,1,0, 32453
30,32453,3,3,1, 32456
8,32456,1,1,0, 32457
31,32456,2,2,1, 32458
15,32461,2,2,1, 32463
22,32466,4,4,1, 32470
5,32467,3,3,1, 32470
24,32469,1,1,1, 32470
23,32468,3,3,1, 32471
21,32467,5,5,1, 32472
7,32472,1,1,0, 32473
8,32476,1,1,1, 32477
31,32476,2,2,1, 32478
14,32479,3,3,1, 32482
5,32487,3,3,1, 32490
24,32489,1,1,1, 32490
7,32492,1,1,0, 32493
8,32496,1,1,1, 32497
31,32496,2,2,1, 32498
13,32499,4,4,1, 32503
15,32501,2,2,1, 32503
1,32506,1,1,0, 32507
5,32507,3,3,1, 32510
24,32509,1,1,0, 32510
21,32507,5,5,1, 32512
6,32510,2,2,1, 32512
7,32512,1,1,0, 32513
30,32513,3,3,1, 32516
8,32516,1,1,1, 32517
9,32517,2,2,1, 32519
17,32519,3,3,1, 32522
1,32526,1,1,0, 32527
5,32527,3,3,1, 32530
24,32529,1,1,0, 32530
7,32532,1,1,1, 32533
30,32533,3,3,1, 32536
25,32535,2,2,1, 32537
31,32536,2,2,1, 32538
9,32537,2,2,1, 32539
26,32537,3,3,1, 32540
18,32543,4,4,1, 32547
1,32546,1,1,1, 32547
24,32549,1,1,1, 32550
9,32557,2,2,1, 32559
17,32559,3,3,1, 32562
12,32560,5,5,1, 32565
18,32563,4,4,1, 32567
1,32566,1,1,0, 32567
20,32563,6,6,1, 32569
4,32566,4,4,1, 32570
24,32569,1,1,0, 32570
19,32566,5,5,1, 32571
27,32572,4,4,1, 32576
11,32574,4,4,1, 32578
28,32574,5,5,1, 32579
12,32580,5,5,1, 32585
18,32583,4,4,1, 32587
1,32586,1,1,0, 32587
24,32589,1,1,1, 32590
11,32594,4,4,1, 32598
28,32594,5,5,1, 32599
26,32597,3,3,1, 32600
24,32609,1,1,1, 32610
22,32626,4,4,1, 32630
24,32629,1,1,0, 32630
23,32628,3,3,1, 32631
8,32636,1,1,1, 32637
22,32646,4,4,1, 32650
24,32649,1,1,0, 32650
23,32648,3,3,1, 32651
7,32652,1,1,1, 32653
30,32653,3,3,1, 32656
8,32656,1,1,0, 32657
16,32659,2,2,1, 32661
29,32658,4,4,1, 32662
14,32659,3,3,1, 32662
13,32659,4,4,1, 32663
15,32661,2,2,1, 32663
22,32666,4,4,1, 32670
24,32669,1,1,1, 32670
21,32667,5,5,1, 32672
7,32672,1,1,0, 32673
8,32676,1,1,0, 32677
14,32679,3,3,1, 32682
24,32689,1,1,1, 32690
23,32688,3,3,1, 32691
7,32692,1,1,0, 32693
8,32696,1,1,1, 32697
31,32696,2,2,1, 32698
29,32698,4,4,1, 32702
14,32699,3,3,1, 32702
13,32699,4,4,1, 32703
1,32706,1,1,0, 32707
5,32707,3,3,1, 32710
24,32709,1,1,1, 32710
23,32708,3,3,1, 32711
21,32707,5,5,1, 32712
7,32712,1,1,1, 32713
25,32715,2,2,1, 32717
8,32716,1,1,0, 32717
29,32718,4,4,1, 32722
14,32719,3,3,1, 32722
17,32719,3,3,1, 32722
15,32721,2,2,1, 32723
1,32726,1,1,0, 32727
22,32726,4,4,1, 32730
24,32729,1,1,1, 32730
23,32728,3,3,1, 32731
21,32727,5,5,1, 32732
7,32732,1,1,1, 32733
30,32733,3,3,1, 32736
25,32735,2,2,1, 32737
8,32736,1,1,0, 32737
9,32737,2,2,1, 32739
16,32739,2,2,1, 32741
14,32739,3,3,1, 32742
1,32746,1,1,0, 32747
5,32747,3,3,1, 32750
24,32749,1,1,0, 32750
6,32750,2,2,1, 32752
7,32752,1,1,1, 32753
1,32766,1,1,0, 32767
5,32767,3,3,1, 32770
24,32769,1,1,0, 32770
6,32770,2,2,1, 32772
7,32772,1,1,0, 32773
17,32779,3,3,1, 32782
18,32783,4,4,1, 32787
1,32786,1,1,1, 32787
5,32787,3,3,1, 32790
24,32789,1,1,1, 32790
6,32790,2,2,1, 32792
7,32792,1,1,1, 32793
30,32793,3,3,1, 32796
11,32794,4,4,1, 32798
31,32796,2,2,1, 32798
28,32794,5,5,1, 32799
9,32797,2,2,1, 32799
26,32797,3,3,1, 32800
29,32798,4,4,1, 32802
2,32803,2,2,1, 32805
18,32803,4,4,1, 32807
1,32806,1,1,0, 32807
20,32803,6,6,1, 32809
4,32806,4,4,1, 32810
3,32807,3,3,1, 32810
24,32809,1,1,0, 32810
7,32812,1,1,0, 32813
27,32812,4,4,1, 32816
30,32813,3,3,1, 32816
25,32815,2,2,1, 32817
11,32814,4,4,1, 32818
9,32817,2,2,1, 32819
26,32817,3,3,1, 32820
29,32818,4,4,1, 32822
18,32823,4,4,1, 32827
1,32826,1,1,0, 32827
20,32823,6,6,1, 32829
4,32826,4,4,1, 32830
3,32827,3,3,1, 32830
24,32829,1,1,1, 32830
7,32832,1,1,1, 32833
22,32846,4,4,1, 32850
24,32849,1,1,0, 32850
23,32848,3,3,1, 32851
7,32852,1,1,0, 32853
8,32856,1,1,0, 32857
14,32859,3,3,1, 32862
13,32859,4,4,1, 32863
22,32866,4,4,1, 32870
24,32869,1,1,1, 32870
23,32868,3,3,1, 32871
7,32872,1,1,0, 32873
8,32876,1,1,0, 32877
31,32876,2,2,1, 32878
16,32879,2,2,1, 32881
24,32889,1,1,1, 32890
7,32892,1,1,1, 32893
8,32896,1,1,1, 32897
16,32899,2,2,1, 32901
15,32901,2,2,1, 32903
22,32906,4,4,1, 32910
24,32909,1,1,0, 32910
23,32908,3,3,1, 32911
7,32912,1,1,0, 32913
8,32916,1,1,1, 32917
13,32919,4,4,1, 32923
22,32926,4,4,1, 32930
24,32929,1,1,0, 32930
21,32927,5,5,1, 32932
6,32930,2,2,1, 32932
7,32932,1,1,0, 32933
8,32936,1,1,0, 32937
31,32936,2,2,1, 32938
14,32939,3,3,1, 32942
17,32939,3,3,1, 32942
13,32939,4,4,1, 32943
15,32941,2,2,1, 32943
2,32943,2,2,1, 32945
1,32946,1,1,1, 32947
24,32949,1,1,1, 32950
21,32947,5,5,1, 32952
6,32950,2,2,1, 32952
7,32952,1,1,0, 32953
30,32953,3,3,1, 32956
8,32956,1,1,1, 32957
31,32956,2,2,1, 32958
9,32957,2,2,1, 32959
16,32959,2,2,1, 32961
14,32959,3,3,1, 32962
15,32961,2,2,1, 32963
18,32963,4,4,1, 32967
1,32966,1,1,0, 32967
5,32967,3,3,1, 32970
24,32969,1,1,1, 32970
23,32968,3,3,1, 32971
21,32967,5,5,1, 32972
6,32970,2,2,1, 32972
7,32972,1,1,0, 32973
8,32976,1,1,0, 32977
9,32977,2,2,1, 32979
26,32977,3,3,1, 32980
17,32979,3,3,1, 32982
13,32979,4,4,1, 32983
15,32981,2,2,1, 32983
1,32986,1,1,0, 32987
5,32987,3,3,1, 32990
24,32989,1,1,1, 32990
7,32992,1,1,0, 32993
25,32995,2,2,1, 32997
29,32998,4,4,1, 33002
17,32999,3,3,1, 33002
1,33006,1,1,1, 33007
5,33007,3,3,1, 33010
24,33009,1,1,1, 33010
6,33010,2,2,1, 33012
7,33012,1,1,1, 33013
30,33013,3,3,1, 33016
31,33016,2,2,1, 33018
29,33018,4,4,1, 33022
17,33019,3,3,1, 33022
2,33023,2,2,1, 33025
18,33023,4,4,1, 33027
1,33026,1,1,1, 33027
24,33029,1,1,0, 33030
7,33032,1,1,1, 33033
11,33034,4,4,1, 33038
31,33036,2,2,1, 33038
9,33037,2,2,1, 33039
17,33039,3,3,1, 33042
18,33043,4,4,1, 33047
1,33046,1,1,1, 33047
4,33046,4,4,1, 33050
3,33047,3,3,1, 33050
5,33047,3,3,1, 33050
24,33049,1,1,1, 33050
7,33052,1,1,0, 33053
27,33052,4,4,1, 33056
25,33055,2,2,1, 33057
28,33054,5,5,1, 33059
26,33057,3,3,1, 33060
17,33059,3,3,1, 33062
5,33067,3,3,1, 33070
24,33069,1,1,1, 33070
7,33072,1,1,1, 33073
30,33073,3,3,1, 33076
29,33078,4,4,1, 33082
24,33089,1,1,0, 33090
7,33092,1,1,1, 33093
8,33096,1,1,0, 33097
31,33096,2,2,1, 33098
16,33099,2,2,1, 33101
5,33107,3,3,1, 33110
24,33109,1,1,1, 33110
21,33107,5,5,1, 33112
6,33110,2,2,1, 33112
7,33112,1,1,1, 33113
8,33116,1,1,1, 33117
16,33119,2,2,1, 33121
29,33118,4,4,1, 33122
13,33119,4,4,1, 33123
15,33121,2,2,1, 33123
22,33126,4,4,1, 33130
5,33127,3,3,1, 33130
24,33129,1,1,0, 33130
21,33127,5,5,1, 33132
6,33130,2,2,1, 33132
7,33132,1,1,0, 33133
30,33133,3,3,1, 33136
8,33136,1,1,1, 33137
13,33139,4,4,1, 33143
15,33141,2,2,1, 33143
24,33149,1,1,1, 33150
23,33148,3,3,1, 33151
21,33147,5,5,1, 33152
6,33150,2,2,1, 33152
7,33152,1,1,0, 33153
30,33153,3,3,1, 33156
8,33156,1,1,0, 33157
29,33158,4,4,1, 33162
14,33159,3,3,1, 33162
13,33159,4,4,1, 33163
1,33166,1,1,1, 33167
22,33166,4,4,1, 33170
24,33169,1,1,1, 33170
23,33168,3,3,1, 33171
21,33167,5,5,1, 33172
7,33172,1,1,1, 33173
8,33176,1,1,1, 33177
16,33179,2,2,1, 33181
29,33178,4,4,1, 33182
14,33179,3,3,1, 33182
15,33181,2,2,1, 33183
1,33186,1,1,1, 33187
5,33187,3,3,1, 33190
24,33189,1,1,0, 33190
6,33190,2,2,1, 33192
7,33192,1,1,1, 33193
30,33193,3,3,1, 33196
8,33196,1,1,0, 33197
31,33196,2,2,1, 33198
29,33198,4,4,1, 33202
14,33199,3,3,1, 33202
13,33199,4,4,1, 33203
1,33206,1,1,0, 33207
5,33207,3,3,1, 33210
24,33209,1,1,1, 33210
7,33212,1,1,0, 33213
8,33216,1,1,1, 33217
29,33218,4,4,1, 33222
13,33219,4,4,1, 33223
15,33221,2,2,1, 33223
1,33226,1,1,1, 33227
24,33229,1,1,1, 33230
6,33230,2,2,1, 33232
7,33232,1,1,0, 33233
8,33236,1,1,0, 33237
31,33236,2,2,1, 33238
9,33237,2,2,1, 33239
26,33237,3,3,1, 33240
12,33240,5,5,1, 33245
1,33246,1,1,0, 33247
20,33243,6,6,1, 33249
24,33249,1,1,1, 33250
8,33256,1,1,1, 33257
9,33257,2,2,1, 33259
13,33259,4,4,1, 33263
12,33260,5,5,1, 33265
2,33263,2,2,1, 33265
18,33263,4,4,1, 33267
1,33266,1,1,0, 33267
20,33263,6,6,1, 33269
3,33267,3,3,1, 33270
24,33269,1,1,0, 33270
27,33272,4,4,1, 33276
8,33276,1,1,1, 33277
11,33274,4,4,1, 33278
26,33277,3,3,1, 33280
14,33279,3,3,1, 33282
12,33280,5,5,1, 33285
2,33283,2,2,1, 33285
1,33286,1,1,0, 33287
20,33283,6,6,1, 33289
22,33286,4,4,1, 33290
24,33289,1,1,0, 33290
19,33286,5,5,1, 33291
23,33288,3,3,1, 33291
27,33292,4,4,1, 33296
25,33295,2,2,1, 33297
8,33296,1,1,1, 33297
11,33294,4,4,1, 33298
28,33294,5,5,1, 33299
9,33297,2,2,1, 33299
16,33299,2,2,1, 33301
14,33299,3,3,1, 33302
24,33309,1,1,0, 33310
24,33329,1,1,0, 33330
24,33349,1,1,0, 33350
7,33352,1,1,1, 33353
31,33356,2,2,1, 33358
24,33369,1,1,1, 33370
7,33372,1,1,0, 33373
31,33376,2,2,1, 33378
29,33378,4,4,1, 33382
24,33389,1,1,1, 33390
7,33392,1,1,1, 33393
31,33396,2,2,1, 33398
29,33398,4,4,1, 33402
1,33406,1,1,1, 33407
22,33406,4,4,1, 33410
24,33409,1,1,1, 33410
23,33408,3,3,1, 33411
6,33410,2,2,1, 33412
7,33412,1,1,1, 33413
25,33415,2,2,1, 33417
8,33416,1,1,0, 33417
16,33419,2,2,1, 33421
29,33418,4,4,1, 33422
13,33419,4,4,1, 33423
1,33426,1,1,1, 33427
24,33429,1,1,1, 33430
6,33430,2,2,1, 33432
7,33432,1,1,0, 33433
25,33435,2,2,1, 33437
8,33436,1,1,1, 33437
26,33437,3,3,1, 33440
17,33439,3,3,1, 33442
13,33439,4,4,1, 33443
2,33443,2,2,1, 33445
1,33446,1,1,1, 33447
5,33447,3,3,1, 33450
24,33449,1,1,0, 33450
23,33448,3,3,1, 33451
21,33447,5,5,1, 33452
7,33452,1,1,1, 33453
30,33453,3,3,1, 33456
8,33456,1,1,0, 33457
31,33456,2,2,1, 33458
9,33457,2,2,1, 33459
26,33457,3,3,1, 33460
16,33459,2,2,1, 33461
29,33458,4,4,1, 33462
14,33459,3,3,1, 33462
13,33459,4,4,1, 33463
2,33463,2,2,1, 33465
1,33466,1,1,0, 33467
20,33463,6,6,1, 33469
4,33466,4,4,1, 33470
3,33467,3,3,1, 33470
5,33467,3,3,1, 33470
24,33469,1,1,1, 33470
19,33466,5,5,1, 33471
7,33472,1,1,0, 33473
8,33476,1,1,0, 33477
11,33474,4,4,1, 33478
31,33476,2,2,1, 33478
28,33474,5,5,1, 33479
14,33479,3,3,1, 33482
13,33479,4,4,1, 33483
15,33481,2,2,1, 33483
2,33483,2,2,1, 33485
1,33486,1,1,0, 33487
4,33486,4,4,1, 33490
3,33487,3,3,1, 33490
24,33489,1,1,0, 33490
23,33488,3,3,1, 33491
7,33492,1,1,1, 33493
27,33492,4,4,1, 33496
30,33493,3,3,1, 33496
8,33496,1,1,0, 33497
11,33494,4,4,1, 33498
16,33499,2,2,1, 33501
29,33498,4,4,1, 33502
13,33499,4,4,1, 33503
15,33501,2,2,1, 33503
12,33500,5,5,1, 33505
2,33503,2,2,1, 33505
5,33507,3,3,1, 33510
24,33509,1,1,1, 33510
7,33512,1,1,0, 33513
30,33513,3,3,1, 33516
8,33516,1,1,0, 33517
16,33519,2,2,1, 33521
13,33519,4,4,1, 33523
15,33521,2,2,1, 33523
5,33527,3,3,1, 33530
24,33529,1,1,1, 33530
21,33527,5,5,1, 33532
6,33530,2,2,1, 33532
7,33532,1,1,1, 33533
8,33536,1,1,1, 33537
31,33536,2,2,1, 33538
29,33538,4,4,1, 33542
24,33549,1,1,0, 33550
21,33547,5,5,1, 33552
7,33552,1,1,0, 33553
8,33556,1,1,1, 33557
31,33556,2,2,1, 33558
14,33559,3,3,1, 33562
24,33569,1,1,0, 33570
23,33568,3,3,1, 33571
21,33567,5,5,1, 33572
7,33572,1,1,0, 33573
8,33576,1,1,0, 33577
16,33579,2,2,1, 33581
24,33589,1,1,1, 33590
7,33592,1,1,1, 33593
24,33609,1,1,1, 33610
7,33612,1,1,1, 33613
31,33616,2,2,1, 33618
1,33626,1,1,0, 33627
24,33629,1,1,0, 33630
7,33632,1,1,0, 33633
31,33636,2,2,1, 33638
18,33643,4,4,1, 33647
1,33646,1,1,0, 33647
24,33649,1,1,1, 33650
6,33650,2,2,1, 33652
7,33652,1,1,1, 33653
27,33652,4,4,1, 33656
11,33654,4,4,1, 33658
31,33656,2,2,1, 33658
9,33657,2,2,1, 33659
26,33657,3,3,1, 33660
17,33659,3,3,1, 33662
12,33660,5,5,1, 33665
18,33663,4,4,1, 33667
1,33666,1,1,1, 33667
24,33669,1,1,1, 33670
6,33670,2,2,1, 33672
7,33672,1,1,0, 33673
27,33672,4,4,1, 33676
25,33675,2,2,1, 33677
11,33674,4,4,1, 33678
31,33676,2,2,1, 33678
9,33677,2,2,1, 33679
12,33680,5,5,1, 33685
2,33683,2,2,1, 33685
18,33683,4,4,1, 33687
1,33686,1,1,1, 33687
3,33687,3,3,1, 33690
5,33687,3,3,1, 33690
24,33689,1,1,0, 33690
21,33687,5,5,1, 33692
7,33692,1,1,1, 33693
30,33693,3,3,1, 33696
8,33696,1,1,1, 33697
31,33696,2,2,1, 33698
16,33699,2,2,1, 33701
29,33698,4,4,1, 33702
14,33699,3,3,1, 33702
15,33701,2,2,1, 33703
12,33700,5,5,1, 33705
2,33703,2,2,1, 33705
18,33703,4,4,1, 33707
1,33706,1,1,0, 33707
20,33703,6,6,1, 33709
4,33706,4,4,1, 33710
3,33707,3,3,1, 33710
5,33707,3,3,1, 33710
24,33709,1,1,1, 33710
19,33706,5,5,1, 33711
23,33708,3,3,1, 33711
21,33707,5,5,1, 33712
6,33710,2,2,1, 33712
7,33712,1,1,0, 33713
27,33712,4,4,1, 33716
30,33713,3,3,1, 33716
8,33716,1,1,1, 33717
15,33721,2,2,1, 33723
22,33726,4,4,1, 33730
5,33727,3,3,1, 33730
24,33729,1,1,0, 33730
23,33728,3,3,1, 33731
21,33727,5,5,1, 33732
6,33730,2,2,1, 33732
7,33732,1,1,0, 33733
8,33736,1,1,1, 33737
16,33739,2,2,1, 33741
29,33738,4,4,1, 33742
14,33739,3,3,1, 33742
13,33739,4,4,1, 33743
15,33741,2,2,1, 33743
22,33746,4,4,1, 33750
5,33747,3,3,1, 33750
24,33749,1,1,0, 33750
23,33748,3,3,1, 33751
21,33747,5,5,1, 33752
6,33750,2,2,1, 33752
7,33752,1,1,0, 33753
30,33753,3,3,1, 33756
8,33756,1,1,1, 33757
31,33756,2,2,1, 33758
29,33758,4,4,1, 33762
13,33759,4,4,1, 33763
22,33766,4,4,1, 33770
24,33769,1,1,1, 33770
23,33768,3,3,1, 33771
7,33772,1,1,1, 33773
8,33776,1,1,0, 33777
16,33779,2,2,1, 33781
14,33779,3,3,1, 33782
5,33787,3,3,1, 33790
24,33789,1,1,0, 33790
6,33790,2,2,1, 33792
7,33792,1,1,0, 33793
30,33793,3,3,1, 33796
24,33809,1,1,1, 33810
9,33817,2,2,1, 33819
1,33826,1,1,0, 33827
24,33829,1,1,0, 33830
17,33839,3,3,1, 33842
1,33846,1,1,0, 33847
24,33849,1,1,0, 33850
25,33855,2,2,1, 33857
26,33857,3,3,1, 33860
17,33859,3,3,1, 33862
1,33866,1,1,1, 33867
24,33869,1,1,1, 33870
9,33877,2,2,1, 33879
26,33877,3,3,1, 33880
17,33879,3,3,1, 33882
1,33886,1,1,1, 33887
22,33886,4,4,1, 33890
24,33889,1,1,0, 33890
27,33892,4,4,1, 33896
8,33896,1,1,0, 33897
11,33894,4,4,1, 33898
28,33894,5,5,1, 33899
16,33899,2,2,1, 33901
14,33899,3,3,1, 33902
17,33899,3,3,1, 33902
13,33899,4,4,1, 33903
15,33901,2,2,1, 33903
12,33900,5,5,1, 33905
1,33906,1,1,0, 33907
24,33909,1,1,0, 33910
21,33907,5,5,1, 33912
7,33912,1,1,1, 33913
8,33916,1,1,0, 33917
11,33914,4,4,1, 33918
31,33916,2,2,1, 33918
14,33919,3,3,1, 33922
13,33919,4,4,1, 33923
12,33920,5,5,1, 33925
1,33926,1,1,0, 33927
20,33923,6,6,1, 33929
4,33926,4,4,1, 33930
22,33926,4,4,1, 33930
5,33927,3,3,1, 33930
24,33929,1,1,0, 33930
19,33926,5,5,1, 33931
23,33928,3,3,1, 33931
6,33930,2,2,1, 33932
7,33932,1,1,0, 33933
8,33936,1,1,1, 33937
31,33936,2,2,1, 33938
16,33939,2,2,1, 33941
29,33938,4,4,1, 33942
14,33939,3,3,1, 33942
13,33939,4,4,1, 33943
15,33941,2,2,1, 33943
18,33943,4,4,1, 33947
1,33946,1,1,0, 33947
4,33946,4,4,1, 33950
22,33946,4,4,1, 33950
3,33947,3,3,1, 33950
5,33947,3,3,1, 33950
24,33949,1,1,1, 33950
23,33948,3,3,1, 33951
7,33952,1,1,1, 33953
8,33956,1,1,1, 33957
11,33954,4,4,1, 33958
31,33956,2,2,1, 33958
28,33954,5,5,1, 33959
16,33959,2,2,1, 33961
15,33961,2,2,1, 33963
12,33960,5,5,1, 33965
18,33963,4,4,1, 33967
5,33967,3,3,1, 33970
24,33969,1,1,0, 33970
21,33967,5,5,1, 33972
7,33972,1,1,0, 33973
8,33976,1,1,0, 33977
16,33979,2,2,1, 33981
29,33978,4,4,1, 33982
13,33979,4,4,1, 33983
24,33989,1,1,0, 33990
6,33990,2,2,1, 33992
7,33992,1,1,0, 33993
31,33996,2,2,1, 33998
5,34007,3,3,1, 34010
24,34009,1,1,1, 34010
7,34012,1,1,0, 34013
31,34016,2,2,1, 34018
5,34027,3,3,1, 34030
24,34029,1,1,0, 34030
7,34032,1,1,1, 34033
31,34036,2,2,1, 34038
24,34049,1,1,1, 34050
6,34050,2,2,1, 34052
7,34052,1,1,1, 34053
31,34056,2,2,1, 34058
24,34069,1,1,1, 34070
6,34070,2,2,1, 34072
7,34072,1,1,1, 34073
30,34073,3,3,1, 34076
25,34075,2,2,1, 34077
29,34078,4,4,1, 34082
17,34079,3,3,1, 34082
1,34086,1,1,0, 34087
5,34087,3,3,1, 34090
24,34089,1,1,0, 34090
7,34092,1,1,0, 34093
25,34095,2,2,1, 34097
8,34096,1,1,1, 34097
31,34096,2,2,1, 34098
16,34099,2,2,1, 34101
14,34099,3,3,1, 34102
17,34099,3,3,1, 34102
15,34101,2,2,1, 34103
2,34103,2,2,1, 34105
18,34103,4,4,1, 34107
1,34106,1,1,1, 34107
22,34106,4,4,1, 34110
24,34109,1,1,0, 34110
21,34107,5,5,1, 34112
7,34112,1,1,1, 34113
25,34115,2,2,1, 34117
8,34116,1,1,1, 34117
9,34117,2,2,1, 34119
16,34119,2,2,1, 34121
17,34119,3,3,1, 34122
13,34119,4,4,1, 34123
15,34121,2,2,1, 34123
1,34126,1,1,0, 34127
20,34123,6,6,1, 34129
4,34126,4,4,1, 34130
22,34126,4,4,1, 34130
5,34127,3,3,1, 34130
24,34129,1,1,0, 34130
19,34126,5,5,1, 34131
23,34128,3,3,1, 34131
6,34130,2,2,1, 34132
7,34132,1,1,1, 34133
25,34135,2,2,1, 34137
8,34136,1,1,1, 34137
11,34134,4,4,1, 34138
31,34136,2,2,1, 34138
28,34134,5,5,1, 34139
9,34137,2,2,1, 34139
29,34138,4,4,1, 34142
15,34141,2,2,1, 34143
12,34140,5,5,1, 34145
2,34143,2,2,1, 34145
18,34143,4,4,1, 34147
24,34149,1,1,0, 34150
6,34150,2,2,1, 34152
7,34152,1,1,0, 34153
30,34153,3,3,1, 34156
8,34156,1,1,0, 34157
29,34158,4,4,1, 34162
14,34159,3,3,1, 34162
15,34161,2,2,1, 34163
22,34166,4,4,1, 34170
5,34167,3,3,1, 34170
24,34169,1,1,0, 34170
6,34170,2,2,1, 34172
7,34172,1,1,0, 34173
30,34173,3,3,1, 34176
8,34176,1,1,0, 34177
31,34176,2,2,1, 34178
16,34179,2,2,1, 34181
29,34178,4,4,1, 34182
22,34186,4,4,1, 34190
24,34189,1,1,1, 34190
21,34187,5,5,1, 34192
6,34190,2,2,1, 34192
7,34192,1,1,1, 34193
30,34193,3,3,1, 34196
8,34196,1,1,1, 34197
16,34199,2,2,1, 34201
14,34199,3,3,1, 34202
13,34199,4,4,1, 34203
15,34201,2,2,1, 34203
22,34206,4,4,1, 34210
24,34209,1,1,0, 34210
23,34208,3,3,1, 34211
8,34216,1,1,1, 34217
16,34219,2,2,1, 34221
24,34229,1,1,0, 34230
24,34249,1,1,0, 34250
9,34257,2,2,1, 34259
17,34259,3,3,1, 34262
1,34266,1,1,0, 34267
24,34269,1,1,0, 34270
25,34275,2,2,1, 34277
1,34286,1,1,1, 34287
24,34289,1,1,1, 34290
29,34298,4,4,1, 34302
1,34306,1,1,1, 34307
5,34307,3,3,1, 34310
24,34309,1,1,0, 34310
7,34312,1,1,0, 34313
27,34312,4,4,1, 34316
30,34313,3,3,1, 34316
9,34317,2,2,1, 34319
29,34318,4,4,1, 34322
17,34319,3,3,1, 34322
1,34326,1,1,0, 34327
5,34327,3,3,1, 34330
24,34329,1,1,0, 34330
23,34328,3,3,1, 34331
7,34332,1,1,1, 34333
27,34332,4,4,1, 34336
30,34333,3,3,1, 34336
8,34336,1,1,1, 34337
11,34334,4,4,1, 34338
28,34334,5,5,1, 34339
14,34339,3,3,1, 34342
17,34339,3,3,1, 34342
13,34339,4,4,1, 34343
15,34341,2,2,1, 34343
12,34340,5,5,1, 34345
2,34343,2,2,1, 34345
18,34343,4,4,1, 34347
1,34346,1,1,1, 34347
20,34343,6,6,1, 34349
22,34346,4,4,1, 34350
3,34347,3,3,1, 34350
5,34347,3,3,1, 34350
24,34349,1,1,0, 34350
23,34348,3,3,1, 34351
6,34350,2,2,1, 34352
7,34352,1,1,1, 34353
27,34352,4,4,1, 34356
8,34356,1,1,1, 34357
28,34354,5,5,1, 34359
9,34357,2,2,1, 34359
26,34357,3,3,1, 34360
16,34359,2,2,1, 34361
29,34358,4,4,1, 34362
12,34360,5,5,1, 34365
18,34363,4,4,1, 34367
1,34366,1,1,1, 34367
20,34363,6,6,1, 34369
5,34367,3,3,1, 34370
24,34369,1,1,0, 34370
19,34366,5,5,1, 34371
23,34368,3,3,1, 34371
21,34367,5,5,1, 34372
6,34370,2,2,1, 34372
7,34372,1,1,0, 34373
30,34373,3,3,1, 34376
8,34376,1,1,0, 34377
16,34379,2,2,1, 34381
14,34379,3,3,1, 34382
13,34379,4,4,1, 34383
24,34389,1,1,1, 34390
23,34388,3,3,1, 34391
7,34392,1,1,0, 34393
8,34396,1,1,0, 34397
31,34396,2,2,1, 34398
14,34399,3,3,1, 34402
15,34401,2,2,1, 34403
24,34409,1,1,0, 34410
21,34407,5,5,1, 34412
7,34412,1,1,1, 34413
8,34416,1,1,1, 34417
31,34416,2,2,1, 34418
16,34419,2,2,1, 34421
14,34419,3,3,1, 34422
13,34419,4,4,1, 34423
15,34421,2,2,1, 34423
22,34426,4,4,1, 34430
24,34429,1,1,0, 34430
23,34428,3,3,1, 34431
21,34427,5,5,1, 34432
7,34432,1,1,1, 34433
8,34436,1,1,0, 34437
16,34439,2,2,1, 34441
24,34449,1,1,0, 34450
7,34452,1,1,0, 34453
31,34456,2,2,1, 34458
24,34469,1,1,1, 34470
7,34472,1,1,0, 34473
1,34486,1,1,1, 34487
5,34487,3,3,1, 34490
24,34489,1,1,1, 34490
7,34492,1,1,0, 34493
27,34492,4,4,1, 34496
30,34493,3,3,1, 34496
25,34495,2,2,1, 34497
11,34494,4,4,1, 34498
26,34497,3,3,1, 34500
17,34499,3,3,1, 34502
12,34500,5,5,1, 34505
2,34503,2,2,1, 34505
1,34506,1,1,1, 34507
24,34509,1,1,0, 34510
7,34512,1,1,0, 34513
30,34513,3,3,1, 34516
25,34515,2,2,1, 34517
31,34516,2,2,1, 34518
26,34517,3,3,1, 34520
29,34518,4,4,1, 34522
17,34519,3,3,1, 34522
2,34523,2,2,1, 34525
1,34526,1,1,1, 34527
24,34529,1,1,1, 34530
7,34532,1,1,1, 34533
25,34535,2,2,1, 34537
29,34538,4,4,1, 34542
2,34543,2,2,1, 34545
1,34546,1,1,0, 34547
24,34549,1,1,1, 34550
6,34550,2,2,1, 34552
7,34552,1,1,0, 34553
8,34556,1,1,1, 34557
9,34557,2,2,1, 34559
14,34559,3,3,1, 34562
13,34559,4,4,1, 34563
18,34563,4,4,1, 34567
1,34566,1,1,1, 34567
24,34569,1,1,1, 34570
6,34570,2,2,1, 34572
7,34572,1,1,1, 34573
8,34576,1,1,0, 34577
31,34576,2,2,1, 34578
13,34579,4,4,1, 34583
2,34583,2,2,1, 34585
1,34586,1,1,1, 34587
24,34589,1,1,0, 34590
7,34592,1,1,0, 34593
8,34596,1,1,1, 34597
31,34596,2,2,1, 34598
26,34597,3,3,1, 34600
17,34599,3,3,1, 34602
13,34599,4,4,1, 34603
15,34601,2,2,1, 34603
1,34606,1,1,0, 34607
24,34609,1,1,1, 34610
21,34607,5,5,1, 34612
7,34612,1,1,0, 34613
8,34616,1,1,1, 34617
31,34616,2,2,1, 34618
28,34614,5,5,1, 34619
9,34617,2,2,1, 34619
26,34617,3,3,1, 34620
16,34619,2,2,1, 34621
29,34618,4,4,1, 34622
14,34619,3,3,1, 34622
13,34619,4,4,1, 34623
15,34621,2,2,1, 34623
12,34620,5,5,1, 34625
2,34623,2,2,1, 34625
18,34623,4,4,1, 34627
1,34626,1,1,1, 34627
20,34623,6,6,1, 34629
22,34626,4,4,1, 34630
24,34629,1,1,0, 34630
7,34632,1,1,0, 34633
8,34636,1,1,0, 34637
31,34636,2,2,1, 34638
16,34639,2,2,1, 34641
13,34639,4,4,1, 34643
15,34641,2,2,1, 34643
5,34647,3,3,1, 34650
24,34649,1,1,1, 34650
23,34648,3,3,1, 34651
6,34650,2,2,1, 34652
7,34652,1,1,1, 34653
8,34656,1,1,0, 34657
29,34658,4,4,1, 34662
13,34659,4,4,1, 34663
15,34661,2,2,1, 34663
22,34666,4,4,1, 34670
5,34667,3,3,1, 34670
24,34669,1,1,1, 34670
6,34670,2,2,1, 34672
7,34672,1,1,0, 34673
30,34673,3,3,1, 34676
8,34676,1,1,0, 34677
16,34679,2,2,1, 34681
29,34678,4,4,1, 34682
5,34687,3,3,1, 34690
24,34689,1,1,1, 34690
23,34688,3,3,1, 34691
6,34690,2,2,1, 34692
7,34692,1,1,0, 34693
30,34693,3,3,1, 34696
8,34696,1,1,1, 34697
31,34696,2,2,1, 34698
16,34699,2,2,1, 34701
15,34701,2,2,1, 34703
22,34706,4,4,1, 34710
24,34709,1,1,1, 34710
23,34708,3,3,1, 34711
6,34710,2,2,1, 34712
7,34712,1,1,0, 34713
8,34716,1,1,0, 34717
16,34719,2,2,1, 34721
15,34721,2,2,1, 34723
5,34727,3,3,1, 34730
24,34729,1,1,0, 34730
21,34727,5,5,1, 34732
6,34730,2,2,1, 34732
7,34732,1,1,0, 34733
30,34733,3,3,1, 34736
8,34736,1,1,0, 34737
9,34737,2,2,1, 34739
16,34739,2,2,1, 34741
29,34738,4,4,1, 34742
1,34746,1,1,0, 34747
5,34747,3,3,1, 34750
24,34749,1,1,1, 34750
6,34750,2,2,1, 34752
7,34752,1,1,0, 34753
31,34756,2,2,1, 34758
9,34757,2,2,1, 34759
29,34758,4,4,1, 34762
17,34759,3,3,1, 34762
1,34766,1,1,1, 34767
24,34769,1,1,0, 34770
9,34777,2,2,1, 34779
2,34783,2,2,1, 34785
1,34786,1,1,0, 34787
24,34789,1,1,0, 34790
9,34797,2,2,1, 34799
17,34799,3,3,1, 34802
1,34806,1,1,0, 34807
4,34806,4,4,1, 34810
24,34809,1,1,1, 34810
19,34806,5,5,1, 34811
11,34814,4,4,1, 34818
9,34817,2,2,1, 34819
26,34817,3,3,1, 34820
18,34823,4,4,1, 34827
1,34826,1,1,0, 34827
20,34823,6,6,1, 34829
24,34829,1,1,1, 34830
9,34837,2,2,1, 34839
26,34837,3,3,1, 34840
2,34843,2,2,1, 34845
1,34846,1,1,0, 34847
20,34843,6,6,1, 34849
22,34846,4,4,1, 34850
3,34847,3,3,1, 34850
24,34849,1,1,0, 34850
19,34846,5,5,1, 34851
23,34848,3,3,1, 34851
27,34852,4,4,1, 34856
8,34856,1,1,0, 34857
26,34857,3,3,1, 34860
14,34859,3,3,1, 34862
17,34859,3,3,1, 34862
24,34869,1,1,0, 34870
7,34872,1,1,1, 34873
30,34873,3,3,1, 34876
8,34876,1,1,0, 34877
31,34876,2,2,1, 34878
13,34879,4,4,1, 34883
15,34881,2,2,1, 34883
5,34887,3,3,1, 34890
24,34889,1,1,1, 34890
21,34887,5,5,1, 34892
6,34890,2,2,1, 34892
7,34892,1,1,0, 34893
8,34896,1,1,1, 34897
31,34896,2,2,1, 34898
16,34899,2,2,1, 34901
29,34898,4,4,1, 34902
14,34899,3,3,1, 34902
13,34899,4,4,1, 34903
22,34906,4,4,1, 34910
5,34907,3,3,1, 34910
24,34909,1,1,1, 34910
7,34912,1,1,1, 34913
8,34916,1,1,0, 34917
31,34916,2,2,1, 34918
29,34918,4,4,1, 34922
14,34919,3,3,1, 34922
22,34926,4,4,1, 34930
5,34927,3,3,1, 34930
24,34929,1,1,1, 34930
23,34928,3,3,1, 34931
21,34927,5,5,1, 34932
7,34932,1,1,0, 34933
8,34936,1,1,1, 34937
31,34936,2,2,1, 34938
29,34938,4,4,1, 34942
13,34939,4,4,1, 34943
5,34947,3,3,1, 34950
24,34949,1,1,0, 34950
23,34948,3,3,1, 34951
6,34950,2,2,1, 34952
7,34952,1,1,1, 34953
8,34956,1,1,1, 34957
16,34959,2,2,1, 34961
29,34958,4,4,1, 34962
14,34959,3,3,1, 34962
1,34966,1,1,0, 34967
5,34967,3,3,1, 34970
24,34969,1,1,0, 34970
21,34967,5,5,1, 34972
7,34972,1,1,0, 34973
25,34975,2,2,1, 34977
8,34976,1,1,1, 34977
31,34976,2,2,1, 34978
16,34979,2,2,1, 34981
14,34979,3,3,1, 34982
15,34981,2,2,1, 34983
1,34986,1,1,1, 34987
22,34986,4,4,1, 34990
5,34987,3,3,1, 34990
24,34989,1,1,0, 34990
6,34990,2,2,1, 34992
7,34992,1,1,1, 34993
30,34993,3,3,1, 34996
25,34995,2,2,1, 34997
8,34996,1,1,0, 34997
31,34996,2,2,1, 34998
16,34999,2,2,1, 35001
13,34999,4,4,1, 35003
1,35006,1,1,1, 35007
5,35007,3,3,1, 35010
24,35009,1,1,1, 35010
6,35010,2,2,1, 35012
7,35012,1,1,0, 35013
26,35017,3,3,1, 35020
29,35018,4,4,1, 35022
17,35019,3,3,1, 35022
18,35023,4,4,1, 35027
1,35026,1,1,0, 35027
24,35029,1,1,1, 35030
6,35030,2,2,1, 35032
7,35032,1,1,1, 35033
25,35035,2,2,1, 35037
29,35038,4,4,1, 35042
2,35043,2,2,1, 35045
1,35046,1,1,0, 35047
24,35049,1,1,0, 35050
9,35057,2,2,1, 35059
1,35066,1,1,0, 35067
24,35069,1,1,0, 35070
25,35075,2,2,1, 35077
9,35077,2,2,1, 35079
1,35086,1,1,0, 35087
20,35083,6,6,1, 35089
24,35089,1,1,1, 35090
27,35092,4,4,1, 35096
11,35094,4,4,1, 35098
28,35094,5,5,1, 35099
17,35099,3,3,1, 35102
1,35106,1,1,1, 35107
3,35107,3,3,1, 35110
24,35109,1,1,1, 35110
19,35106,5,5,1, 35111
23,35108,3,3,1, 35111
21,35107,5,5,1, 35112
27,35112,4,4,1, 35116
8,35116,1,1,0, 35117
14,35119,3,3,1, 35122
17,35119,3,3,1, 35122
13,35119,4,4,1, 35123
15,35121,2,2,1, 35123
1,35126,1,1,0, 35127
24,35129,1,1,1, 35130
21,35127,5,5,1, 35132
25,35135,2,2,1, 35137
8,35136,1,1,1, 35137
11,35134,4,4,1, 35138
9,35137,2,2,1, 35139
26,35137,3,3,1, 35140
14,35139,3,3,1, 35142
17,35139,3,3,1, 35142
15,35141,2,2,1, 35143
2,35143,2,2,1, 35145
1,35146,1,1,0, 35147
20,35143,6,6,1, 35149
5,35147,3,3,1, 35150
24,35149,1,1,1, 35150
23,35148,3,3,1, 35151
21,35147,5,5,1, 35152
6,35150,2,2,1, 35152
7,35152,1,1,0, 35153
8,35156,1,1,1, 35157
16,35159,2,2,1, 35161
29,35158,4,4,1, 35162
14,35159,3,3,1, 35162
13,35159,4,4,1, 35163
24,35169,1,1,0, 35170
21,35167,5,5,1, 35172
6,35170,2,2,1, 35172
7,35172,1,1,1, 35173
8,35176,1,1,0, 35177
31,35176,2,2,1, 35178
13,35179,4,4,1, 35183
22,35186,4,4,1, 35190
24,35189,1,1,1, 35190
23,35188,3,3,1, 35191
6,35190,2,2,1, 35192
7,35192,1,1,1, 35193
30,35193,3,3,1, 35196
8,35196,1,1,0, 35197
14,35199,3,3,1, 35202
24,35209,1,1,0, 35210
23,35208,3,3,1, 35211
21,35207,5,5,1, 35212
7,35212,1,1,0, 35213
30,35213,3,3,1, 35216
8,35216,1,1,1, 35217
14,35219,3,3,1, 35222
15,35221,2,2,1, 35223
22,35226,4,4,1, 35230
5,35227,3,3,1, 35230
24,35229,1,1,1, 35230
23,35228,3,3,1, 35231
7,35232,1,1,1, 35233
31,35236,2,2,1, 35238
5,35247,3,3,1, 35250
24,35249,1,1,1, 35250
7,35252,1,1,0, 35253
30,35253,3,3,1, 35256
31,35256,2,2,1, 35258
1,35266,1,1,1, 35267
5,35267,3,3,1, 35270
24,35269,1,1,0, 35270
7,35272,1,1,1, 35273
30,35273,3,3,1, 35276
25,35275,2,2,1, 35277
31,35276,2,2,1, 35278
29,35278,4,4,1, 35282
17,35279,3,3,1, 35282
1,35286,1,1,0, 35287
24,35289,1,1,0, 35290
7,35292,1,1,1, 35293
25,35295,2,2,1, 35297
9,35297,2,2,1, 35299
1,35306,1,1,1, 35307
24,35309,1,1,0, 35310
7,35312,1,1,0, 35313
31,35316,2,2,1, 35318
1,35326,1,1,0, 35327
24,35329,1,1,1, 35330
7,35332,1,1,0, 35333
8,35336,1,1,0, 35337
31,35336,2,2,1, 35338
9,35337,2,2,1, 35339
16,35339,2,2,1, 35341
14,35339,3,3,1, 35342
1,35346,1,1,0, 35347
22,35346,4,4,1, 35350
24,35349,1,1,1, 35350
21,35347,5,5,1, 35352
7,35352,1,1,0, 35353
25,35355,2,2,1, 35357
8,35356,1,1,0, 35357
31,35356,2,2,1, 35358
9,35357,2,2,1, 35359
16,35359,2,2,1, 35361
14,35359,3,3,1, 35362
1,35366,1,1,0, 35367
22,35366,4,4,1, 35370
24,35369,1,1,0, 35370
21,35367,5,5,1, 35372
7,35372,1,1,0, 35373
8,35376,1,1,1, 35377
26,35377,3,3,1, 35380
16,35379,2,2,1, 35381
14,35379,3,3,1, 35382
17,35379,3,3,1, 35382
13,35379,4,4,1, 35383
2,35383,2,2,1, 35385
1,35386,1,1,0, 35387
20,35383,6,6,1, 35389
3,35387,3,3,1, 35390
5,35387,3,3,1, 35390
24,35389,1,1,1, 35390
19,35386,5,5,1, 35391
6,35390,2,2,1, 35392
7,35392,1,1,0, 35393
30,35393,3,3,1, 35396
8,35396,1,1,0, 35397
31,35396,2,2,1, 35398
28,35394,5,5,1, 35399
26,35397,3,3,1, 35400
29,35398,4,4,1, 35402
14,35399,3,3,1, 35402
17,35399,3,3,1, 35402
13,35399,4,4,1, 35403
2,35403,2,2,1, 35405
18,35403,4,4,1, 35407
1,35406,1,1,1, 35407
20,35403,6,6,1, 35409
4,35406,4,4,1, 35410
5,35407,3,3,1, 35410
24,35409,1,1,1, 35410
21,35407,5,5,1, 35412
7,35412,1,1,1, 35413
30,35413,3,3,1, 35416
25,35415,2,2,1, 35417
8,35416,1,1,1, 35417
31,35416,2,2,1, 35418
28,35414,5,5,1, 35419
9,35417,2,2,1, 35419
16,35419,2,2,1, 35421
29,35418,4,4,1, 35422
17,35419,3,3,1, 35422
15,35421,2,2,1, 35423
2,35423,2,2,1, 35425
18,35423,4,4,1, 35427
1,35426,1,1,1, 35427
4,35426,4,4,1, 35430
22,35426,4,4,1, 35430
24,35429,1,1,1, 35430
6,35430,2,2,1, 35432
7,35432,1,1,1, 35433
30,35433,3,3,1, 35436
8,35436,1,1,0, 35437
31,35436,2,2,1, 35438
29,35438,4,4,1, 35442
14,35439,3,3,1, 35442
24,35449,1,1,0, 35450
23,35448,3,3,1, 35451
21,35447,5,5,1, 35452
7,35452,1,1,1, 35453
8,35456,1,1,0, 35457
29,35458,4,4,1, 35462
14,35459,3,3,1, 35462
15,35461,2,2,1, 35463
5,35467,3,3,1, 35470
24,35469,1,1,1, 35470
7,35472,1,1,1, 35473
30,35473,3,3,1, 35476
31,35476,2,2,1, 35478
29,35478,4,4,1, 35482
24,35489,1,1,1, 35490
6,35490,2,2,1, 35492
7,35492,1,1,1, 35493
30,35493,3,3,1, 35496
24,35509,1,1,1, 35510
24,35529,1,1,0, 35530
17,35539,3,3,1, 35542
1,35546,1,1,0, 35547
24,35549,1,1,0, 35550
1,35566,1,1,0, 35567
24,35569,1,1,0, 35570
23,35568,3,3,1, 35571
21,35567,5,5,1, 35572
8,35576,1,1,0, 35577
16,35579,2,2,1, 35581
17,35579,3,3,1, 35582
1,35586,1,1,1, 35587
22,35586,4,4,1, 35590
24,35589,1,1,1, 35590
8,35596,1,1,1, 35597
9,35597,2,2,1, 35599
15,35601,2,2,1, 35603
1,35606,1,1,1, 35607
24,35609,1,1,0, 35610
23,35608,3,3,1, 35611
6,35610,2,2,1, 35612
7,35612,1,1,0, 35613
25,35615,2,2,1, 35617
8,35616,1,1,0, 35617
9,35617,2,2,1, 35619
26,35617,3,3,1, 35620
16,35619,2,2,1, 35621
14,35619,3,3,1, 35622
17,35619,3,3,1, 35622
13,35619,4,4,1, 35623
12,35620,5,5,1, 35625
2,35623,2,2,1, 35625
18,35623,4,4,1, 35627
1,35626,1,1,0, 35627
3,35627,3,3,1, 35630
24,35629,1,1,1, 35630
7,35632,1,1,0, 35633
27,35632,4,4,1, 35636
8,35636,1,1,0, 35637
11,35634,4,4,1, 35638
31,35636,2,2,1, 35638
28,35634,5,5,1, 35639
9,35637,2,2,1, 35639
26,35637,3,3,1, 35640
29,35638,4,4,1, 35642
2,35643,2,2,1, 35645
1,35646,1,1,0, 35647
4,35646,4,4,1, 35650
22,35646,4,4,1, 35650
24,35649,1,1,1, 35650
7,35652,1,1,0, 35653
30,35653,3,3,1, 35656
8,35656,1,1,0, 35657
11,35654,4,4,1, 35658
31,35656,2,2,1, 35658
9,35657,2,2,1, 35659
14,35659,3,3,1, 35662
17,35659,3,3,1, 35662
1,35666,1,1,1, 35667
3,35667,3,3,1, 35670
5,35667,3,3,1, 35670
24,35669,1,1,1, 35670
23,35668,3,3,1, 35671
21,35667,5,5,1, 35672
6,35670,2,2,1, 35672
7,35672,1,1,0, 35673
30,35673,3,3,1, 35676
25,35675,2,2,1, 35677
8,35676,1,1,1, 35677
31,35676,2,2,1, 35678
9,35677,2,2,1, 35679
26,35677,3,3,1, 35680
29,35678,4,4,1, 35682
14,35679,3,3,1, 35682
13,35679,4,4,1, 35683
15,35681,2,2,1, 35683
22,35686,4,4,1, 35690
24,35689,1,1,0, 35690
7,35692,1,1,1, 35693
8,35696,1,1,1, 35697
14,35699,3,3,1, 35702
15,35701,2,2,1, 35703
24,35709,1,1,0, 35710
23,35708,3,3,1, 35711
21,35707,5,5,1, 35712
7,35712,1,1,0, 35713
30,35713,3,3,1, 35716
8,35716,1,1,0, 35717
31,35716,2,2,1, 35718
29,35718,4,4,1, 35722
15,35721,2,2,1, 35723
24,35729,1,1,0, 35730
23,35728,3,3,1, 35731
7,35732,1,1,1, 35733
8,35736,1,1,0, 35737
31,35736,2,2,1, 35738
16,35739,2,2,1, 35741
14,35739,3,3,1, 35742
22,35746,4,4,1, 35750
5,35747,3,3,1, 35750
24,35749,1,1,0, 35750
6,35750,2,2,1, 35752
7,35752,1,1,0, 35753
30,35753,3,3,1, 35756
8,35756,1,1,0, 35757
31,35756,2,2,1, 35758
15,35761,2,2,1, 35763
5,35767,3,3,1, 35770
24,35769,1,1,0, 35770
7,35772,1,1,1, 35773
30,35773,3,3,1, 35776
1,35786,1,1,1, 35787
24,35789,1,1,0, 35790
7,35792,1,1,0, 35793
25,35795,2,2,1, 35797
9,35797,2,2,1, 35799
1,35806,1,1,0, 35807
24,35809,1,1,1, 35810
7,35812,1,1,1, 35813
31,35816,2,2,1, 35818
26,35817,3,3,1, 35820
17,35819,3,3,1, 35822
2,35823,2,2,1, 35825
1,35826,1,1,0, 35827
24,35829,1,1,0, 35830
7,35832,1,1,0, 35833
25,35835,2,2,1, 35837
31,35836,2,2,1, 35838
9,35837,2,2,1, 35839
2,35843,2,2,1, 35845
18,35843,4,4,1, 35847
1,35846,1,1,0, 35847
24,35849,1,1,0, 35850
7,35852,1,1,0, 35853
31,35856,2,2,1, 35858
9,35857,2,2,1, 35859
26,35857,3,3,1, 35860
2,35863,2,2,1, 35865
1,35866,1,1,0, 35867
24,35869,1,1,0, 35870
23,35868,3,3,1, 35871
7,35872,1,1,0, 35873
8,35876,1,1,1, 35877
26,35877,3,3,1, 35880
16,35879,2,2,1, 35881
17,35879,3,3,1, 35882
13,35879,4,4,1, 35883
15,35881,2,2,1, 35883
2,35883,2,2,1, 35885
1,35886,1,1,1, 35887
22,35886,4,4,1, 35890
24,35889,1,1,0, 35890
23,35888,3,3,1, 35891
21,35887,5,5,1, 35892
7,35892,1,1,1, 35893
25,35895,2,2,1, 35897
8,35896,1,1,1, 35897
31,35896,2,2,1, 35898
26,35897,3,3,1, 35900
16,35899,2,2,1, 35901
2,35903,2,2,1, 35905
18,35903,4,4,1, 35907
1,35906,1,1,0, 35907
5,35907,3,3,1, 35910
24,35909,1,1,1, 35910
21,35907,5,5,1, 35912
6,35910,2,2,1, 35912
7,35912,1,1,0, 35913
30,35913,3,3,1, 35916
8,35916,1,1,1, 35917
28,35914,5,5,1, 35919
9,35917,2,2,1, 35919
26,35917,3,3,1, 35920
29,35918,4,4,1, 35922
13,35919,4,4,1, 35923
2,35923,2,2,1, 35925
18,35923,4,4,1, 35927
1,35926,1,1,0, 35927
22,35926,4,4,1, 35930
3,35927,3,3,1, 35930
24,35929,1,1,1, 35930
6,35930,2,2,1, 35932
7,35932,1,1,0, 35933
8,35936,1,1,1, 35937
31,35936,2,2,1, 35938
14,35939,3,3,1, 35942
13,35939,4,4,1, 35943
15,35941,2,2,1, 35943
24,35949,1,1,0, 35950
21,35947,5,5,1, 35952
6,35950,2,2,1, 35952
7,35952,1,1,0, 35953
8,35956,1,1,0, 35957
31,35956,2,2,1, 35958
29,35958,4,4,1, 35962
13,35959,4,4,1, 35963
5,35967,3,3,1, 35970
24,35969,1,1,0, 35970
6,35970,2,2,1, 35972
7,35972,1,1,0, 35973
30,35973,3,3,1, 35976
8,35976,1,1,0, 35977
31,35976,2,2,1, 35978
29,35978,4,4,1, 35982
15,35981,2,2,1, 35983
22,35986,4,4,1, 35990
24,35989,1,1,0, 35990
21,35987,5,5,1, 35992
7,35992,1,1,1, 35993
30,35993,3,3,1, 35996
8,35996,1,1,1, 35997
31,35996,2,2,1, 35998
16,35999,2,2,1, 36001
29,35998,4,4,1, 36002
22,36006,4,4,1, 36010
24,36009,1,1,1, 36010
23,36008,3,3,1, 36011
21,36007,5,5,1, 36012
7,36012,1,1,0, 36013
8,36016,1,1,0, 36017
16,36019,2,2,1, 36021
24,36029,1,1,0, 36030
6,36030,2,2,1, 36032
7,36032,1,1,0, 36033
30,36033,3,3,1, 36036
29,36038,4,4,1, 36042
1,36046,1,1,0, 36047
5,36047,3,3,1, 36050
24,36049,1,1,1, 36050
6,36050,2,2,1, 36052
7,36052,1,1,1, 36053
9,36057,2,2,1, 36059
29,36058,4,4,1, 36062
1,36066,1,1,1, 36067
24,36069,1,1,1, 36070
25,36075,2,2,1, 36077
9,36077,2,2,1, 36079
17,36079,3,3,1, 36082
1,36086,1,1,0, 36087
24,36089,1,1,0, 36090
1,36106,1,1,1, 36107
24,36109,1,1,0, 36110
26,36117,3,3,1, 36120
1,36126,1,1,0, 36127
24,36129,1,1,0, 36130
23,36128,3,3,1, 36131
25,36135,2,2,1, 36137
8,36136,1,1,0, 36137
9,36137,2,2,1, 36139
16,36139,2,2,1, 36141
14,36139,3,3,1, 36142
15,36141,2,2,1, 36143
18,36143,4,4,1, 36147
1,36146,1,1,0, 36147
24,36149,1,1,0, 36150
8,36156,1,1,1, 36157
9,36157,2,2,1, 36159
17,36159,3,3,1, 36162
18,36163,4,4,1, 36167
1,36166,1,1,0, 36167
5,36167,3,3,1, 36170
24,36169,1,1,0, 36170
6,36170,2,2,1, 36172
7,36172,1,1,0, 36173
30,36173,3,3,1, 36176
25,36175,2,2,1, 36177
8,36176,1,1,1, 36177
26,36177,3,3,1, 36180
2,36183,2,2,1, 36185
1,36186,1,1,1, 36187
20,36183,6,6,1, 36189
22,36186,4,4,1, 36190
24,36189,1,1,0, 36190
19,36186,5,5,1, 36191
21,36187,5,5,1, 36192
7,36192,1,1,0, 36193
27,36192,4,4,1, 36196
30,36193,3,3,1, 36196
25,36195,2,2,1, 36197
8,36196,1,1,0, 36197
11,36194,4,4,1, 36198
31,36196,2,2,1, 36198
28,36194,5,5,1, 36199
14,36199,3,3,1, 36202
13,36199,4,4,1, 36203
15,36201,2,2,1, 36203
12,36200,5,5,1, 36205
1,36206,1,1,1, 36207
20,36203,6,6,1, 36209
4,36206,4,4,1, 36210
22,36206,4,4,1, 36210
5,36207,3,3,1, 36210
24,36209,1,1,0, 36210
23,36208,3,3,1, 36211
6,36210,2,2,1, 36212
7,36212,1,1,1, 36213
8,36216,1,1,0, 36217
11,36214,4,4,1, 36218
31,36216,2,2,1, 36218
28,36214,5,5,1, 36219
9,36217,2,2,1, 36219
29,36218,4,4,1, 36222
13,36219,4,4,1, 36223
15,36221,2,2,1, 36223
1,36226,1,1,0, 36227
20,36223,6,6,1, 36229
24,36229,1,1,0, 36230
19,36226,5,5,1, 36231
7,36232,1,1,1, 36233
8,36236,1,1,0, 36237
16,36239,2,2,1, 36241
14,36239,3,3,1, 36242
15,36241,2,2,1, 36243
22,36246,4,4,1, 36250
5,36247,3,3,1, 36250
24,36249,1,1,0, 36250
23,36248,3,3,1, 36251
21,36247,5,5,1, 36252
7,36252,1,1,1, 36253
30,36253,3,3,1, 36256
8,36256,1,1,1, 36257
29,36258,4,4,1, 36262
13,36259,4,4,1, 36263
15,36261,2,2,1, 36263
22,36266,4,4,1, 36270
5,36267,3,3,1, 36270
24,36269,1,1,1, 36270
6,36270,2,2,1, 36272
7,36272,1,1,1, 36273
8,36276,1,1,0, 36277
16,36279,2,2,1, 36281
24,36289,1,1,0, 36290
23,36288,3,3,1, 36291
21,36287,5,5,1, 36292
7,36292,1,1,0, 36293
30,36293,3,3,1, 36296
8,36296,1,1,0, 36297
16,36299,2,2,1, 36301
29,36298,4,4,1, 36302
14,36299,3,3,1, 36302
5,36307,3,3,1, 36310
24,36309,1,1,1, 36310
7,36312,1,1,1, 36313
30,36313,3,3,1, 36316
5,36327,3,3,1, 36330
24,36329,1,1,0, 36330
7,36332,1,1,1, 36333
30,36333,3,3,1, 36336
29,36338,4,4,1, 36342
1,36346,1,1,1, 36347
5,36347,3,3,1, 36350
24,36349,1,1,0, 36350
7,36352,1,1,1, 36353
31,36356,2,2,1, 36358
9,36357,2,2,1, 36359
29,36358,4,4,1, 36362
17,36359,3,3,1, 36362
1,36366,1,1,1, 36367
24,36369,1,1,0, 36370
7,36372,1,1,1, 36373
17,36379,3,3,1, 36382
18,36383,4,4,1, 36387
1,36386,1,1,0, 36387
24,36389,1,1,1, 36390
7,36392,1,1,1, 36393
25,36395,2,2,1, 36397
9,36397,2,2,1, 36399
2,36403,2,2,1, 36405
1,36406,1,1,0, 36407
4,36406,4,4,1, 36410
24,36409,1,1,0, 36410
7,36412,1,1,0, 36413
25,36415,2,2,1, 36417
8,36416,1,1,0, 36417
11,36414,4,4,1, 36418
31,36416,2,2,1, 36418
28,36414,5,5,1, 36419
9,36417,2,2,1, 36419
26,36417,3,3,1, 36420
14,36419,3,3,1, 36422
12,36420,5,5,1, 36425
2,36423,2,2,1, 36425
18,36423,4,4,1, 36427
1,36426,1,1,0, 36427
20,36423,6,6,1, 36429
3,36427,3,3,1, 36430
24,36429,1,1,1, 36430
19,36426,5,5,1, 36431
7,36432,1,1,0, 36433
8,36436,1,1,1, 36437
11,36434,4,4,1, 36438
9,36437,2,2,1, 36439
26,36437,3,3,1, 36440
14,36439,3,3,1, 36442
17,36439,3,3,1, 36442
24,36449,1,1,0, 36450
7,36452,1,1,0, 36453
8,36456,1,1,1, 36457
31,36456,2,2,1, 36458
13,36459,4,4,1, 36463
5,36467,3,3,1, 36470
24,36469,1,1,0, 36470
6,36470,2,2,1, 36472
7,36472,1,1,0, 36473
30,36473,3,3,1, 36476
8,36476,1,1,1, 36477
31,36476,2,2,1, 36478
14,36479,3,3,1, 36482
13,36479,4,4,1, 36483
22,36486,4,4,1, 36490
24,36489,1,1,1, 36490
23,36488,3,3,1, 36491
7,36492,1,1,1, 36493
8,36496,1,1,0, 36497
16,36499,2,2,1, 36501
14,36499,3,3,1, 36502
24,36509,1,1,1, 36510
23,36508,3,3,1, 36511
21,36507,5,5,1, 36512
7,36512,1,1,1, 36513
30,36513,3,3,1, 36516
8,36516,1,1,1, 36517
16,36519,2,2,1, 36521
14,36519,3,3,1, 36522
15,36521,2,2,1, 36523
5,36527,3,3,1, 36530
24,36529,1,1,1, 36530
23,36528,3,3,1, 36531
6,36530,2,2,1, 36532
7,36532,1,1,1, 36533
8,36536,1,1,0, 36537
16,36539,2,2,1, 36541
14,36539,3,3,1, 36542
13,36539,4,4,1, 36543
5,36547,3,3,1, 36550
24,36549,1,1,0, 36550
23,36548,3,3,1, 36551
21,36547,5,5,1, 36552
7,36552,1,1,1, 36553
30,36553,3,3,1, 36556
8,36556,1,1,0, 36557
29,36558,4,4,1, 36562
13,36559,4,4,1, 36563
1,36566,1,1,0, 36567
5,36567,3,3,1, 36570
24,36569,1,1,1, 36570
23,36568,3,3,1, 36571
6,36570,2,2,1, 36572
7,36572,1,1,1, 36573
30,36573,3,3,1, 36576
25,36575,2,2,1, 36577
8,36576,1,1,1, 36577
31,36576,2,2,1, 36578
9,36577,2,2,1, 36579
16,36579,2,2,1, 36581
29,36578,4,4,1, 36582
14,36579,3,3,1, 36582
1,36586,1,1,1, 36587
22,36586,4,4,1, 36590
5,36587,3,3,1, 36590
24,36589,1,1,1, 36590
23,36588,3,3,1, 36591
6,36590,2,2,1, 36592
7,36592,1,1,0, 36593
25,36595,2,2,1, 36597
8,36596,1,1,1, 36597
31,36596,2,2,1, 36598
16,36599,2,2,1, 36601
14,36599,3,3,1, 36602
18,36603,4,4,1, 36607
1,36606,1,1,1, 36607
24,36609,1,1,0, 36610
9,36617,2,2,1, 36619
26,36617,3,3,1, 36620
17,36619,3,3,1, 36622
2,36623,2,2,1, 36625
1,36626,1,1,0, 36627
3,36627,3,3,1, 36630
24,36629,1,1,1, 36630
19,36626,5,5,1, 36631
27,36632,4,4,1, 36636
9,36637,2,2,1, 36639
26,36637,3,3,1, 36640
2,36643,2,2,1, 36645
1,36646,1,1,1, 36647
24,36649,1,1,1, 36650
19,36646,5,5,1, 36651
9,36657,2,2,1, 36659
17,36659,3,3,1, 36662
1,36666,1,1,0, 36667
4,36666,4,4,1, 36670
3,36667,3,3,1, 36670
24,36669,1,1,0, 36670
26,36677,3,3,1, 36680
12,36680,5,5,1, 36685
2,36683,2,2,1, 36685
18,36683,4,4,1, 36687
1,36686,1,1,1, 36687
4,36686,4,4,1, 36690
24,36689,1,1,0, 36690
28,36694,5,5,1, 36699
9,36697,2,2,1, 36699
26,36697,3,3,1, 36700
5,36707,3,3,1, 36710
24,36709,1,1,0, 36710
23,36708,3,3,1, 36711
7,36712,1,1,0, 36713
8,36716,1,1,0, 36717
14,36719,3,3,1, 36722
5,36727,3,3,1, 36730
24,36729,1,1,1, 36730
6,36730,2,2,1, 36732
7,36732,1,1,0, 36733
8,36736,1,1,0, 36737
31,36736,2,2,1, 36738
29,36738,4,4,1, 36742
13,36739,4,4,1, 36743
24,36749,1,1,0, 36750
21,36747,5,5,1, 36752
6,36750,2,2,1, 36752
7,36752,1,1,1, 36753
8,36756,1,1,1, 36757
31,36756,2,2,1, 36758
29,36758,4,4,1, 36762
22,36766,4,4,1, 36770
5,36767,3,3,1, 36770
24,36769,1,1,0, 36770
21,36767,5,5,1, 36772
7,36772,1,1,0, 36773
8,36776,1,1,0, 36777
31,36776,2,2,1, 36778
16,36779,2,2,1, 36781
15,36781,2,2,1, 36783
22,36786,4,4,1, 36790
24,36789,1,1,0, 36790
7,36792,1,1,0, 36793
30,36793,3,3,1, 36796
8,36796,1,1,1, 36797
31,36796,2,2,1, 36798
29,36798,4,4,1, 36802
15,36801,2,2,1, 36803
1,36806,1,1,1, 36807
24,36809,1,1,0, 36810
23,36808,3,3,1, 36811
6,36810,2,2,1, 36812
7,36812,1,1,1, 36813
8,36816,1,1,1, 36817
31,36816,2,2,1, 36818
9,36817,2,2,1, 36819
16,36819,2,2,1, 36821
29,36818,4,4,1, 36822
13,36819,4,4,1, 36823
15,36821,2,2,1, 36823
1,36826,1,1,0, 36827
22,36826,4,4,1, 36830
24,36829,1,1,0, 36830
21,36827,5,5,1, 36832
6,36830,2,2,1, 36832
7,36832,1,1,1, 36833
8,36836,1,1,1, 36837
11,36834,4,4,1, 36838
31,36836,2,2,1, 36838
14,36839,3,3,1, 36842
13,36839,4,4,1, 36843
15,36841,2,2,1, 36843
2,36843,2,2,1, 36845
1,36846,1,1,1, 36847
4,36846,4,4,1, 36850
3,36847,3,3,1, 36850
24,36849,1,1,0, 36850
19,36846,5,5,1, 36851
21,36847,5,5,1, 36852
6,36850,2,2,1, 36852
7,36852,1,1,1, 36853
25,36855,2,2,1, 36857
8,36856,1,1,0, 36857
11,36854,4,4,1, 36858
9,36857,2,2,1, 36859
26,36857,3,3,1, 36860
16,36859,2,2,1, 36861
29,36858,4,4,1, 36862
13,36859,4,4,1, 36863
2,36863,2,2,1, 36865
18,36863,4,4,1, 36867
1,36866,1,1,0, 36867
22,36866,4,4,1, 36870
3,36867,3,3,1, 36870
5,36867,3,3,1, 36870
24,36869,1,1,1, 36870
19,36866,5,5,1, 36871
23,36868,3,3,1, 36871
6,36870,2,2,1, 36872
7,36872,1,1,0, 36873
25,36875,2,2,1, 36877
8,36876,1,1,0, 36877
31,36876,2,2,1, 36878
9,36877,2,2,1, 36879
14,36879,3,3,1, 36882
13,36879,4,4,1, 36883
12,36880,5,5,1, 36885
1,36886,1,1,1, 36887
3,36887,3,3,1, 36890
5,36887,3,3,1, 36890
24,36889,1,1,1, 36890
19,36886,5,5,1, 36891
21,36887,5,5,1, 36892
6,36890,2,2,1, 36892
7,36892,1,1,0, 36893
30,36893,3,3,1, 36896
8,36896,1,1,0, 36897
26,36897,3,3,1, 36900
1,36906,1,1,0, 36907
20,36903,6,6,1, 36909
24,36909,1,1,1, 36910
7,36912,1,1,1, 36913
31,36916,2,2,1, 36918
5,36927,3,3,1, 36930
24,36929,1,1,0, 36930
7,36932,1,1,1, 36933
29,36938,4,4,1, 36942
24,36949,1,1,1, 36950
7,36952,1,1,0, 36953
30,36953,3,3,1, 36956
5,36967,3,3,1, 36970
24,36969,1,1,1, 36970
7,36972,1,1,0, 36973
30,36973,3,3,1, 36976
24,36989,1,1,0, 36990
24,37009,1,1,0, 37010
23,37008,3,3,1, 37011
21,37007,5,5,1, 37012
25,37015,2,2,1, 37017
8,37016,1,1,1, 37017
28,37014,5,5,1, 37019
9,37017,2,2,1, 37019
16,37019,2,2,1, 37021
13,37019,4,4,1, 37023
15,37021,2,2,1, 37023
12,37020,5,5,1, 37025
2,37023,2,2,1, 37025
1,37026,1,1,0, 37027
20,37023,6,6,1, 37029
22,37026,4,4,1, 37030
24,37029,1,1,0, 37030
19,37026,5,5,1, 37031
23,37028,3,3,1, 37031
8,37036,1,1,0, 37037
11,37034,4,4,1, 37038
28,37034,5,5,1, 37039
9,37037,2,2,1, 37039
13,37039,4,4,1, 37043
1,37046,1,1,0, 37047
24,37049,1,1,0, 37050
23,37048,3,3,1, 37051
21,37047,5,5,1, 37052
25,37055,2,2,1, 37057
8,37056,1,1,1, 37057
14,37059,3,3,1, 37062
13,37059,4,4,1, 37063
1,37066,1,1,0, 37067
22,37066,4,4,1, 37070
24,37069,1,1,0, 37070
8,37076,1,1,1, 37077
31,37076,2,2,1, 37078
16,37079,2,2,1, 37081
29,37078,4,4,1, 37082
14,37079,3,3,1, 37082
15,37081,2,2,1, 37083
1,37086,1,1,1, 37087
24,37089,1,1,1, 37090
23,37088,3,3,1, 37091
21,37087,5,5,1, 37092
7,37092,1,1,1, 37093
8,37096,1,1,0, 37097
31,37096,2,2,1, 37098
9,37097,2,2,1, 37099
13,37099,4,4,1, 37103
1,37106,1,1,1, 37107
24,37109,1,1,1, 37110
23,37108,3,3,1, 37111
21,37107,5,5,1, 37112
7,37112,1,1,1, 37113
8,37116,1,1,0, 37117
9,37117,2,2,1, 37119
15,37121,2,2,1, 37123
1,37126,1,1,0, 37127
22,37126,4,4,1, 37130
24,37129,1,1,0, 37130
7,37132,1,1,1, 37133
25,37135,2,2,1, 37137
18,37143,4,4,1, 37147
1,37146,1,1,0, 37147
24,37149,1,1,1, 37150
7,37152,1,1,0, 37153
25,37155,2,2,1, 37157
9,37157,2,2,1, 37159
26,37157,3,3,1, 37160
2,37163,2,2,1, 37165
1,37166,1,1,0, 37167
24,37169,1,1,0, 37170
7,37172,1,1,1, 37173
25,37175,2,2,1, 37177
31,37176,2,2,1, 37178
9,37177,2,2,1, 37179
26,37177,3,3,1, 37180
1,37186,1,1,0, 37187
24,37189,1,1,0, 37190
7,37192,1,1,0, 37193
25,37195,2,2,1, 37197
1,37206,1,1,1, 37207
4,37206,4,4,1, 37210
24,37209,1,1,0, 37210
19,37206,5,5,1, 37211
7,37212,1,1,1, 37213
27,37212,4,4,1, 37216
30,37213,3,3,1, 37216
28,37214,5,5,1, 37219
29,37218,4,4,1, 37222
17,37219,3,3,1, 37222
12,37220,5,5,1, 37225
5,37227,3,3,1, 37230
24,37229,1,1,0, 37230
6,37230,2,2,1, 37232
7,37232,1,1,0, 37233
30,37233,3,3,1, 37236
8,37236,1,1,0, 37237
29,37238,4,4,1, 37242
13,37239,4,4,1, 37243
15,37241,2,2,1, 37243
24,37249,1,1,0, 37250
23,37248,3,3,1, 37251
6,37250,2,2,1, 37252
7,37252,1,1,0, 37253
30,37253,3,3,1, 37256
8,37256,1,1,1, 37257
31,37256,2,2,1, 37258
16,37259,2,2,1, 37261
29,37258,4,4,1, 37262
22,37266,4,4,1, 37270
24,37269,1,1,0, 37270
7,37272,1,1,1, 37273
30,37273,3,3,1, 37276
8,37276,1,1,0, 37277
15,37281,2,2,1, 37283
5,37287,3,3,1, 37290
24,37289,1,1,1, 37290
6,37290,2,2,1, 37292
7,37292,1,1,1, 37293
8,37296,1,1,1, 37297
31,37296,2,2,1, 37298
29,37298,4,4,1, 37302
13,37299,4,4,1, 37303
5,37307,3,3,1, 37310
24,37309,1,1,1, 37310
21,37307,5,5,1, 37312
6,37310,2,2,1, 37312
7,37312,1,1,0, 37313
30,37313,3,3,1, 37316
8,37316,1,1,0, 37317
29,37318,4,4,1, 37322
13,37319,4,4,1, 37323
15,37321,2,2,1, 37323
1,37326,1,1,0, 37327
5,37327,3,3,1, 37330
24,37329,1,1,0, 37330
23,37328,3,3,1, 37331
21,37327,5,5,1, 37332
7,37332,1,1,1, 37333
25,37335,2,2,1, 37337
8,37336,1,1,0, 37337
31,37336,2,2,1, 37338
9,37337,2,2,1, 37339
14,37339,3,3,1, 37342
2,37343,2,2,1, 37345
1,37346,1,1,1, 37347
22,37346,4,4,1, 37350
24,37349,1,1,0, 37350
23,37348,3,3,1, 37351
21,37347,5,5,1, 37352
6,37350,2,2,1, 37352
7,37352,1,1,0, 37353
25,37355,2,2,1, 37357
8,37356,1,1,1, 37357
31,37356,2,2,1, 37358
9,37357,2,2,1, 37359
29,37358,4,4,1, 37362
15,37361,2,2,1, 37363
1,37366,1,1,1, 37367
24,37369,1,1,0, 37370
23,37368,3,3,1, 37371
21,37367,5,5,1, 37372
7,37372,1,1,1, 37373
30,37373,3,3,1, 37376
25,37375,2,2,1, 37377
8,37376,1,1,0, 37377
31,37376,2,2,1, 37378
28,37374,5,5,1, 37379
9,37377,2,2,1, 37379
26,37377,3,3,1, 37380
1,37386,1,1,1, 37387
20,37383,6,6,1, 37389
4,37386,4,4,1, 37390
3,37387,3,3,1, 37390
24,37389,1,1,1, 37390
23,37388,3,3,1, 37391
21,37387,5,5,1, 37392
7,37392,1,1,1, 37393
27,37392,4,4,1, 37396
8,37396,1,1,0, 37397
11,37394,4,4,1, 37398
31,37396,2,2,1, 37398
13,37399,4,4,1, 37403
1,37406,1,1,0, 37407
22,37406,4,4,1, 37410
24,37409,1,1,1, 37410
23,37408,3,3,1, 37411
6,37410,2,2,1, 37412
7,37412,1,1,1, 37413
8,37416,1,1,0, 37417
31,37416,2,2,1, 37418
17,37419,3,3,1, 37422
13,37419,4,4,1, 37423
1,37426,1,1,1, 37427
22,37426,4,4,1, 37430
5,37427,3,3,1, 37430
24,37429,1,1,0, 37430
21,37427,5,5,1, 37432
6,37430,2,2,1, 37432
7,37432,1,1,1, 37433
25,37435,2,2,1, 37437
8,37436,1,1,1, 37437
31,37436,2,2,1, 37438
29,37438,4,4,1, 37442
17,37439,3,3,1, 37442
13,37439,4,4,1, 37443
1,37446,1,1,1, 37447
24,37449,1,1,1, 37450
7,37452,1,1,1, 37453
30,37453,3,3,1, 37456
31,37456,2,2,1, 37458
17,37459,3,3,1, 37462
1,37466,1,1,0, 37467
5,37467,3,3,1, 37470
24,37469,1,1,1, 37470
6,37470,2,2,1, 37472
7,37472,1,1,1, 37473
25,37475,2,2,1, 37477
31,37476,2,2,1, 37478
17,37479,3,3,1, 37482
1,37486,1,1,1, 37487
5,37487,3,3,1, 37490
24,37489,1,1,0, 37490
7,37492,1,1,0, 37493
25,37495,2,2,1, 37497
29,37498,4,4,1, 37502
2,37503,2,2,1, 37505
18,37503,4,4,1, 37507
1,37506,1,1,1, 37507
24,37509,1,1,0, 37510
25,37515,2,2,1, 37517
1,37526,1,1,0, 37527
24,37529,1,1,0, 37530
9,37537,2,2,1, 37539
26,37537,3,3,1, 37540
2,37543,2,2,1, 37545
1,37546,1,1,0, 37547
22,37546,4,4,1, 37550
24,37549,1,1,0, 37550
23,37548,3,3,1, 37551
25,37555,2,2,1, 37557
8,37556,1,1,1, 37557
9,37557,2,2,1, 37559
17,37559,3,3,1, 37562
13,37559,4,4,1, 37563
15,37561,2,2,1, 37563
2,37563,2,2,1, 37565
1,37566,1,1,0, 37567
24,37569,1,1,1, 37570
23,37568,3,3,1, 37571
25,37575,2,2,1, 37577
8,37576,1,1,0, 37577
26,37577,3,3,1, 37580
16,37579,2,2,1, 37581
13,37579,4,4,1, 37583
15,37581,2,2,1, 37583
22,37586,4,4,1, 37590
24,37589,1,1,1, 37590
8,37596,1,1,1, 37597
13,37599,4,4,1, 37603
5,37607,3,3,1, 37610
24,37609,1,1,1, 37610
21,37607,5,5,1, 37612
6,37610,2,2,1, 37612
7,37612,1,1,1, 37613
30,37613,3,3,1, 37616
8,37616,1,1,1, 37617
31,37616,2,2,1, 37618
16,37619,2,2,1, 37621
29,37618,4,4,1, 37622
14,37619,3,3,1, 37622
13,37619,4,4,1, 37623
24,37629,1,1,0, 37630
21,37627,5,5,1, 37632
6,37630,2,2,1, 37632
7,37632,1,1,1, 37633
30,37633,3,3,1, 37636
8,37636,1,1,0, 37637
29,37638,4,4,1, 37642
15,37641,2,2,1, 37643
22,37646,4,4,1, 37650
24,37649,1,1,0, 37650
23,37648,3,3,1, 37651
6,37650,2,2,1, 37652
7,37652,1,1,1, 37653
30,37653,3,3,1, 37656
8,37656,1,1,1, 37657
31,37656,2,2,1, 37658
16,37659,2,2,1, 37661
29,37658,4,4,1, 37662
13,37659,4,4,1, 37663
22,37666,4,4,1, 37670
24,37669,1,1,0, 37670
23,37668,3,3,1, 37671
21,37667,5,5,1, 37672
7,37672,1,1,0, 37673
30,37673,3,3,1, 37676
8,37676,1,1,1, 37677
16,37679,2,2,1, 37681
1,37686,1,1,1, 37687
5,37687,3,3,1, 37690
24,37689,1,1,0, 37690
7,37692,1,1,0, 37693
31,37696,2,2,1, 37698
9,37697,2,2,1, 37699
29,37698,4,4,1, 37702
1,37706,1,1,1, 37707
5,37707,3,3,1, 37710
24,37709,1,1,1, 37710
6,37710,2,2,1, 37712
7,37712,1,1,0, 37713
25,37715,2,2,1, 37717
9,37717,2,2,1, 37719
17,37719,3,3,1, 37722
1,37726,1,1,1, 37727
24,37729,1,1,0, 37730
7,37732,1,1,0, 37733
9,37737,2,2,1, 37739
29,37738,4,4,1, 37742
17,37739,3,3,1, 37742
1,37746,1,1,1, 37747
5,37747,3,3,1, 37750
24,37749,1,1,1, 37750
6,37750,2,2,1, 37752
7,37752,1,1,0, 37753
30,37753,3,3,1, 37756
25,37755,2,2,1, 37757
9,37757,2,2,1, 37759
29,37758,4,4,1, 37762
2,37763,2,2,1, 37765
18,37763,4,4,1, 37767
1,37766,1,1,0, 37767
5,37767,3,3,1, 37770
24,37769,1,1,0, 37770
7,37772,1,1,0, 37773
31,37776,2,2,1, 37778
9,37777,2,2,1, 37779
26,37777,3,3,1, 37780
18,37783,4,4,1, 37787
1,37786,1,1,1, 37787
20,37783,6,6,1, 37789
3,37787,3,3,1, 37790
24,37789,1,1,1, 37790
23,37788,3,3,1, 37791
21,37787,5,5,1, 37792
27,37792,4,4,1, 37796
25,37795,2,2,1, 37797
8,37796,1,1,0, 37797
28,37794,5,5,1, 37799
9,37797,2,2,1, 37799
16,37799,2,2,1, 37801
15,37801,2,2,1, 37803
12,37800,5,5,1, 37805
1,37806,1,1,1, 37807
22,37806,4,4,1, 37810
24,37809,1,1,0, 37810
8,37816,1,1,0, 37817
9,37817,2,2,1, 37819
16,37819,2,2,1, 37821
13,37819,4,4,1, 37823
15,37821,2,2,1, 37823
12,37820,5,5,1, 37825
1,37826,1,1,0, 37827
22,37826,4,4,1, 37830
3,37827,3,3,1, 37830
24,37829,1,1,1, 37830
19,37826,5,5,1, 37831
21,37827,5,5,1, 37832
27,37832,4,4,1, 37836
8,37836,1,1,0, 37837
16,37839,2,2,1, 37841
13,37839,4,4,1, 37843
22,37846,4,4,1, 37850
24,37849,1,1,1, 37850
21,37847,5,5,1, 37852
8,37856,1,1,0, 37857
15,37861,2,2,1, 37863
24,37869,1,1,1, 37870
21,37867,5,5,1, 37872
8,37876,1,1,1, 37877
16,37879,2,2,1, 37881
14,37879,3,3,1, 37882
13,37879,4,4,1, 37883
22,37886,4,4,1, 37890
24,37889,1,1,1, 37890
23,37888,3,3,1, 37891
21,37887,5,5,1, 37892
7,37892,1,1,0, 37893
24,37909,1,1,0, 37910
7,37912,1,1,0, 37913
24,37929,1,1,0, 37930
7,37932,1,1,1, 37933
30,37933,3,3,1, 37936
31,37936,2,2,1, 37938
17,37939,3,3,1, 37942
1,37946,1,1,0, 37947
5,37947,3,3,1, 37950
24,37949,1,1,1, 37950
7,37952,1,1,1, 37953
29,37958,4,4,1, 37962
17,37959,3,3,1, 37962
1,37966,1,1,1, 37967
24,37969,1,1,0, 37970
6,37970,2,2,1, 37972
7,37972,1,1,1, 37973
30,37973,3,3,1, 37976
25,37975,2,2,1, 37977
9,37977,2,2,1, 37979
17,37979,3,3,1, 37982
1,37986,1,1,0, 37987
5,37987,3,3,1, 37990
24,37989,1,1,0, 37990
7,37992,1,1,1, 37993
30,37993,3,3,1, 37996
8,37996,1,1,1, 37997
31,37996,2,2,1, 37998
9,37997,2,2,1, 37999
29,37998,4,4,1, 38002
14,37999,3,3,1, 38002
15,38001,2,2,1, 38003
2,38003,2,2,1, 38005
18,38003,4,4,1, 38007
1,38006,1,1,1, 38007
24,38009,1,1,1, 38010
21,38007,5,5,1, 38012
6,38010,2,2,1, 38012
7,38012,1,1,1, 38013
25,38015,2,2,1, 38017
8,38016,1,1,0, 38017
9,38017,2,2,1, 38019
26,38017,3,3,1, 38020
16,38019,2,2,1, 38021
29,38018,4,4,1, 38022
17,38019,3,3,1, 38022
15,38021,2,2,1, 38023
1,38026,1,1,0, 38027
24,38029,1,1,1, 38030
21,38027,5,5,1, 38032
7,38032,1,1,1, 38033
25,38035,2,2,1, 38037
8,38036,1,1,1, 38037
9,38037,2,2,1, 38039
16,38039,2,2,1, 38041
29,38038,4,4,1, 38042
17,38039,3,3,1, 38042
13,38039,4,4,1, 38043
1,38046,1,1,0, 38047
22,38046,4,4,1, 38050
5,38047,3,3,1, 38050
24,38049,1,1,0, 38050
7,38052,1,1,0, 38053
30,38053,3,3,1, 38056
8,38056,1,1,0, 38057
9,38057,2,2,1, 38059
26,38057,3,3,1, 38060
29,38058,4,4,1, 38062
14,38059,3,3,1, 38062
13,38059,4,4,1, 38063
15,38061,2,2,1, 38063
18,38063,4,4,1, 38067
1,38066,1,1,0, 38067
4,38066,4,4,1, 38070
5,38067,3,3,1, 38070
24,38069,1,1,0, 38070
19,38066,5,5,1, 38071
21,38067,5,5,1, 38072
7,38072,1,1,1, 38073
30,38073,3,3,1, 38076
25,38075,2,2,1, 38077
8,38076,1,1,1, 38077
11,38074,4,4,1, 38078
28,38074,5,5,1, 38079
9,38077,2,2,1, 38079
16,38079,2,2,1, 38081
17,38079,3,3,1, 38082
5,38087,3,3,1, 38090
24,38089,1,1,1, 38090
23,38088,3,3,1, 38091
21,38087,5,5,1, 38092
7,38092,1,1,0, 38093
8,38096,1,1,1, 38097
29,38098,4,4,1, 38102
14,38099,3,3,1, 38102
13,38099,4,4,1, 38103
15,38101,2,2,1, 38103
24,38109,1,1,1, 38110
23,38108,3,3,1, 38111
7,38112,1,1,0, 38113
8,38116,1,1,0, 38117
29,38118,4,4,1, 38122
14,38119,3,3,1, 38122
15,38121,2,2,1, 38123
22,38126,4,4,1, 38130
5,38127,3,3,1, 38130
24,38129,1,1,0, 38130
21,38127,5,5,1, 38132
7,38132,1,1,1, 38133
30,38133,3,3,1, 38136
8,38136,1,1,1, 38137
31,38136,2,2,1, 38138
29,38138,4,4,1, 38142
22,38146,4,4,1, 38150
5,38147,3,3,1, 38150
24,38149,1,1,0, 38150
6,38150,2,2,1, 38152
7,38152,1,1,1, 38153
8,38156,1,1,1, 38157
31,38156,2,2,1, 38158
16,38159,2,2,1, 38161
29,38158,4,4,1, 38162
14,38159,3,3,1, 38162
5,38167,3,3,1, 38170
24,38169,1,1,0, 38170
7,38172,1,1,1, 38173
1,38186,1,1,0, 38187
24,38189,1,1,1, 38190
6,38190,2,2,1, 38192
7,38192,1,1,0, 38193
31,38196,2,2,1, 38198
9,38197,2,2,1, 38199
17,38199,3,3,1, 38202
1,38206,1,1,0, 38207
24,38209,1,1,0, 38210
7,38212,1,1,0, 38213
29,38218,4,4,1, 38222
17,38219,3,3,1, 38222
1,38226,1,1,0, 38227
5,38227,3,3,1, 38230
24,38229,1,1,0, 38230
7,38232,1,1,0, 38233
31,38236,2,2,1, 38238
9,38237,2,2,1, 38239
1,38246,1,1,0, 38247
24,38249,1,1,0, 38250
6,38250,2,2,1, 38252
7,38252,1,1,0, 38253
9,38257,2,2,1, 38259
1,38266,1,1,0, 38267
20,38263,6,6,1, 38269
22,38266,4,4,1, 38270
5,38267,3,3,1, 38270
24,38269,1,1,1, 38270
19,38266,5,5,1, 38271
23,38268,3,3,1, 38271
7,38272,1,1,1, 38273
27,38272,4,4,1, 38276
30,38273,3,3,1, 38276
25,38275,2,2,1, 38277
8,38276,1,1,1, 38277
28,38274,5,5,1, 38279
26,38277,3,3,1, 38280
29,38278,4,4,1, 38282
15,38281,2,2,1, 38283
12,38280,5,5,1, 38285
18,38283,4,4,1, 38287
1,38286,1,1,1, 38287
4,38286,4,4,1, 38290
22,38286,4,4,1, 38290
3,38287,3,3,1, 38290
24,38289,1,1,1, 38290
21,38287,5,5,1, 38292
6,38290,2,2,1, 38292
7,38292,1,1,1, 38293
8,38296,1,1,1, 38297
11,38294,4,4,1, 38298
28,38294,5,5,1, 38299
16,38299,2,2,1, 38301
29,38298,4,4,1, 38302
17,38299,3,3,1, 38302
13,38299,4,4,1, 38303
2,38303,2,2,1, 38305
18,38303,4,4,1, 38307
1,38306,1,1,0, 38307
22,38306,4,4,1, 38310
24,38309,1,1,1, 38310
6,38310,2,2,1, 38312
7,38312,1,1,0, 38313
27,38312,4,4,1, 38316
8,38316,1,1,0, 38317
11,38314,4,4,1, 38318
31,38316,2,2,1, 38318
28,38314,5,5,1, 38319
16,38319,2,2,1, 38321
17,38319,3,3,1, 38322
1,38326,1,1,0, 38327
4,38326,4,4,1, 38330
24,38329,1,1,1, 38330
6,38330,2,2,1, 38332
7,38332,1,1,0, 38333
8,38336,1,1,1, 38337
31,38336,2,2,1, 38338
16,38339,2,2,1, 38341
29,38338,4,4,1, 38342
14,38339,3,3,1, 38342
22,38346,4,4,1, 38350
24,38349,1,1,1, 38350
21,38347,5,5,1, 38352
6,38350,2,2,1, 38352
7,38352,1,1,0, 38353
30,38353,3,3,1, 38356
8,38356,1,1,0, 38357
16,38359,2,2,1, 38361
15,38361,2,2,1, 38363
24,38369,1,1,0, 38370
8,38376,1,1,1, 38377
13,38379,4,4,1, 38383
15,38381,2,2,1, 38383
24,38389,1,1,0, 38390
23,38388,3,3,1, 38391
21,38387,5,5,1, 38392
8,38396,1,1,0, 38397
16,38399,2,2,1, 38401
14,38399,3,3,1, 38402
22,38406,4,4,1, 38410
24,38409,1,1,0, 38410
23,38408,3,3,1, 38411
24,38429,1,1,1, 38430
25,38435,2,2,1, 38437
11,38434,4,4,1, 38438
28,38434,5,5,1, 38439
26,38437,3,3,1, 38440
17,38439,3,3,1, 38442
12,38440,5,5,1, 38445
2,38443,2,2,1, 38445
18,38443,4,4,1, 38447
1,38446,1,1,1, 38447
24,38449,1,1,1, 38450
1,38466,1,1,0, 38467
5,38467,3,3,1, 38470
24,38469,1,1,0, 38470
6,38470,2,2,1, 38472
7,38472,1,1,0, 38473
30,38473,3,3,1, 38476
25,38475,2,2,1, 38477
31,38476,2,2,1, 38478
9,38477,2,2,1, 38479
29,38478,4,4,1, 38482
1,38486,1,1,0, 38487
5,38487,3,3,1, 38490
24,38489,1,1,0, 38490
7,38492,1,1,0, 38493
31,38496,2,2,1, 38498
29,38498,4,4,1, 38502
1,38506,1,1,1, 38507
24,38509,1,1,1, 38510
7,38512,1,1,1, 38513
25,38515,2,2,1, 38517
8,38516,1,1,1, 38517
31,38516,2,2,1, 38518
16,38519,2,2,1, 38521
14,38519,3,3,1, 38522
1,38526,1,1,1, 38527
24,38529,1,1,1, 38530
7,38532,1,1,0, 38533
8,38536,1,1,1, 38537
9,38537,2,2,1, 38539
16,38539,2,2,1, 38541
14,38539,3,3,1, 38542
17,38539,3,3,1, 38542
13,38539,4,4,1, 38543
15,38541,2,2,1, 38543
1,38546,1,1,0, 38547
22,38546,4,4,1, 38550
24,38549,1,1,0, 38550
7,38552,1,1,1, 38553
25,38555,2,2,1, 38557
8,38556,1,1,0, 38557
16,38559,2,2,1, 38561
17,38559,3,3,1, 38562
2,38563,2,2,1, 38565
18,38563,4,4,1, 38567
1,38566,1,1,1, 38567
22,38566,4,4,1, 38570
24,38569,1,1,0, 38570
23,38568,3,3,1, 38571
21,38567,5,5,1, 38572
7,38572,1,1,0, 38573
25,38575,2,2,1, 38577
8,38576,1,1,0, 38577
16,38579,2,2,1, 38581
17,38579,3,3,1, 38582
15,38581,2,2,1, 38583
2,38583,2,2,1, 38585
1,38586,1,1,1, 38587
22,38586,4,4,1, 38590
24,38589,1,1,1, 38590
23,38588,3,3,1, 38591
21,38587,5,5,1, 38592
7,38592,1,1,0, 38593
8,38596,1,1,1, 38597
26,38597,3,3,1, 38600
14,38599,3,3,1, 38602
15,38601,2,2,1, 38603
2,38603,2,2,1, 38605
1,38606,1,1,0, 38607
5,38607,3,3,1, 38610
24,38609,1,1,0, 38610
21,38607,5,5,1, 38612
7,38612,1,1,0, 38613
30,38613,3,3,1, 38616
25,38615,2,2,1, 38617
8,38616,1,1,1, 38617
31,38616,2,2,1, 38618
9,38617,2,2,1, 38619
26,38617,3,3,1, 38620
16,38619,2,2,1, 38621
13,38619,4,4,1, 38623
15,38621,2,2,1, 38623
1,38626,1,1,0, 38627
5,38627,3,3,1, 38630
24,38629,1,1,0, 38630
7,38632,1,1,1, 38633
25,38635,2,2,1, 38637
9,38637,2,2,1, 38639
26,38637,3,3,1, 38640
12,38640,5,5,1, 38645
18,38643,4,4,1, 38647
1,38646,1,1,0, 38647
24,38649,1,1,0, 38650
7,38652,1,1,1, 38653
27,38652,4,4,1, 38656
24,38669,1,1,0, 38670
7,38672,1,1,1, 38673
30,38673,3,3,1, 38676
24,38689,1,1,0, 38690
7,38692,1,1,0, 38693
31,38696,2,2,1, 38698
5,38707,3,3,1, 38710
24,38709,1,1,0, 38710
6,38710,2,2,1, 38712
7,38712,1,1,1, 38713
29,38718,4,4,1, 38722
5,38727,3,3,1, 38730
24,38729,1,1,1, 38730
23,38728,3,3,1, 38731
7,38732,1,1,1, 38733
30,38733,3,3,1, 38736
8,38736,1,1,0, 38737
16,38739,2,2,1, 38741
14,38739,3,3,1, 38742
13,38739,4,4,1, 38743
15,38741,2,2,1, 38743
5,38747,3,3,1, 38750
24,38749,1,1,1, 38750
23,38748,3,3,1, 38751
21,38747,5,5,1, 38752
7,38752,1,1,1, 38753
30,38753,3,3,1, 38756
8,38756,1,1,1, 38757
31,38756,2,2,1, 38758
29,38758,4,4,1, 38762
14,38759,3,3,1, 38762
13,38759,4,4,1, 38763
15,38761,2,2,1, 38763
1,38766,1,1,1, 38767
24,38769,1,1,1, 38770
21,38767,5,5,1, 38772
7,38772,1,1,0, 38773
30,38773,3,3,1, 38776
8,38776,1,1,1, 38777
9,38777,2,2,1, 38779
29,38778,4,4,1, 38782
17,38779,3,3,1, 38782
1,38786,1,1,1, 38787
22,38786,4,4,1, 38790
5,38787,3,3,1, 38790
24,38789,1,1,1, 38790
23,38788,3,3,1, 38791
21,38787,5,5,1, 38792
6,38790,2,2,1, 38792
7,38792,1,1,0, 38793
8,38796,1,1,0, 38797
31,38796,2,2,1, 38798
9,38797,2,2,1, 38799
29,38798,4,4,1, 38802
14,38799,3,3,1, 38802
1,38806,1,1,1, 38807
22,38806,4,4,1, 38810
24,38809,1,1,0, 38810
23,38808,3,3,1, 38811
21,38807,5,5,1, 38812
6,38810,2,2,1, 38812
7,38812,1,1,0, 38813
8,38816,1,1,0, 38817
31,38816,2,2,1, 38818
26,38817,3,3,1, 38820
16,38819,2,2,1, 38821
29,38818,4,4,1, 38822
14,38819,3,3,1, 38822
13,38819,4,4,1, 38823
2,38823,2,2,1, 38825
1,38826,1,1,0, 38827
24,38829,1,1,1, 38830
7,38832,1,1,0, 38833
31,38836,2,2,1, 38838
26,38837,3,3,1, 38840
18,38843,4,4,1, 38847
1,38846,1,1,1, 38847
5,38847,3,3,1, 38850
24,38849,1,1,1, 38850
6,38850,2,2,1, 38852
7,38852,1,1,0, 38853
31,38856,2,2,1, 38858
26,38857,3,3,1, 38860
17,38859,3,3,1, 38862
18,38863,4,4,1, 38867
1,38866,1,1,1, 38867
4,38866,4,4,1, 38870
3,38867,3,3,1, 38870
5,38867,3,3,1, 38870
24,38869,1,1,0, 38870
19,38866,5,5,1, 38871
7,38872,1,1,1, 38873
27,38872,4,4,1, 38876
25,38875,2,2,1, 38877
28,38874,5,5,1, 38879
17,38879,3,3,1, 38882
12,38880,5,5,1, 38885
2,38883,2,2,1, 38885
1,38886,1,1,1, 38887
4,38886,4,4,1, 38890
24,38889,1,1,0, 38890
7,38892,1,1,0, 38893
30,38893,3,3,1, 38896
26,38897,3,3,1, 38900
17,38899,3,3,1, 38902
12,38900,5,5,1, 38905
2,38903,2,2,1, 38905
1,38906,1,1,0, 38907
20,38903,6,6,1, 38909
5,38907,3,3,1, 38910
24,38909,1,1,0, 38910
6,38910,2,2,1, 38912
7,38912,1,1,1, 38913
30,38913,3,3,1, 38916
29,38918,4,4,1, 38922
24,38929,1,1,0, 38930
21,38927,5,5,1, 38932
6,38930,2,2,1, 38932
7,38932,1,1,0, 38933
8,38936,1,1,1, 38937
31,38936,2,2,1, 38938
14,38939,3,3,1, 38942
15,38941,2,2,1, 38943
22,38946,4,4,1, 38950
5,38947,3,3,1, 38950
24,38949,1,1,1, 38950
6,38950,2,2,1, 38952
7,38952,1,1,1, 38953
8,38956,1,1,1, 38957
29,38958,4,4,1, 38962
14,38959,3,3,1, 38962
13,38959,4,4,1, 38963
22,38966,4,4,1, 38970
5,38967,3,3,1, 38970
24,38969,1,1,0, 38970
6,38970,2,2,1, 38972
7,38972,1,1,0, 38973
30,38973,3,3,1, 38976
8,38976,1,1,0, 38977
14,38979,3,3,1, 38982
13,38979,4,4,1, 38983
15,38981,2,2,1, 38983
24,38989,1,1,0, 38990
23,38988,3,3,1, 38991
8,38996,1,1,0, 38997
15,39001,2,2,1, 39003
24,39009,1,1,0, 39010
23,39008,3,3,1, 39011
8,39016,1,1,0, 39017
9,39017,2,2,1, 39019
15,39021,2,2,1, 39023
1,39026,1,1,0, 39027
24,39029,1,1,0, 39030
25,39035,2,2,1, 39037
8,39036,1,1,0, 39037
26,39037,3,3,1, 39040
13,39039,4,4,1, 39043
18,39043,4,4,1, 39047
1,39046,1,1,0, 39047
24,39049,1,1,1, 39050
23,39048,3,3,1, 39051
21,39047,5,5,1, 39052
25,39055,2,2,1, 39057
8,39056,1,1,0, 39057
9,39057,2,2,1, 39059
26,39057,3,3,1, 39060
16,39059,2,2,1, 39061
14,39059,3,3,1, 39062
13,39059,4,4,1, 39063
2,39063,2,2,1, 39065
18,39063,4,4,1, 39067
1,39066,1,1,1, 39067
24,39069,1,1,1, 39070
21,39067,5,5,1, 39072
25,39075,2,2,1, 39077
8,39076,1,1,1, 39077
11,39074,4,4,1, 39078
26,39077,3,3,1, 39080
14,39079,3,3,1, 39082
17,39079,3,3,1, 39082
13,39079,4,4,1, 39083
2,39083,2,2,1, 39085
18,39083,4,4,1, 39087
1,39086,1,1,0, 39087
4,39086,4,4,1, 39090
5,39087,3,3,1, 39090
24,39089,1,1,1, 39090
19,39086,5,5,1, 39091
23,39088,3,3,1, 39091
7,39092,1,1,1, 39093
27,39092,4,4,1, 39096
8,39096,1,1,1, 39097
14,39099,3,3,1, 39102
17,39099,3,3,1, 39102
15,39101,2,2,1, 39103
1,39106,1,1,1, 39107
24,39109,1,1,0, 39110
19,39106,5,5,1, 39111
23,39108,3,3,1, 39111
6,39110,2,2,1, 39112
7,39112,1,1,1, 39113
30,39113,3,3,1, 39116
8,39116,1,1,0, 39117
11,39114,4,4,1, 39118
31,39116,2,2,1, 39118
9,39117,2,2,1, 39119
29,39118,4,4,1, 39122
5,39127,3,3,1, 39130
24,39129,1,1,0, 39130
7,39132,1,1,1, 39133
30,39133,3,3,1, 39136
31,39136,2,2,1, 39138
5,39147,3,3,1, 39150
24,39149,1,1,0, 39150
7,39152,1,1,1, 39153
29,39158,4,4,1, 39162
5,39167,3,3,1, 39170
24,39169,1,1,0, 39170
6,39170,2,2,1, 39172
7,39172,1,1,0, 39173
29,39178,4,4,1, 39182
24,39189,1,1,1, 39190
7,39192,1,1,1, 39193
31,39196,2,2,1, 39198
24,39209,1,1,1, 39210
7,39212,1,1,1, 39213
31,39216,2,2,1, 39218
1,39226,1,1,0, 39227
24,39229,1,1,0, 39230
7,39232,1,1,0, 39233
8,39236,1,1,1, 39237
9,39237,2,2,1, 39239
14,39239,3,3,1, 39242
13,39239,4,4,1, 39243
1,39246,1,1,1, 39247
24,39249,1,1,1, 39250
7,39252,1,1,1, 39253
25,39255,2,2,1, 39257
8,39256,1,1,0, 39257
31,39256,2,2,1, 39258
26,39257,3,3,1, 39260
2,39263,2,2,1, 39265
1,39266,1,1,1, 39267
24,39269,1,1,0, 39270
7,39272,1,1,0, 39273
25,39275,2,2,1, 39277
8,39276,1,1,1, 39277
26,39277,3,3,1, 39280
17,39279,3,3,1, 39282
15,39281,2,2,1, 39283
2,39283,2,2,1, 39285
18,39283,4,4,1, 39287
1,39286,1,1,0, 39287
24,39289,1,1,1, 39290
7,39292,1,1,1, 39293
30,39293,3,3,1, 39296
8,39296,1,1,1, 39297
9,39297,2,2,1, 39299
26,39297,3,3,1, 39300
14,39299,3,3,1, 39302
17,39299,3,3,1, 39302
13,39299,4,4,1, 39303
15,39301,2,2,1, 39303
12,39300,5,5,1, 39305
1,39306,1,1,0, 39307
4,39306,4,4,1, 39310
22,39306,4,4,1, 39310
5,39307,3,3,1, 39310
24,39309,1,1,0, 39310
19,39306,5,5,1, 39311
7,39312,1,1,0, 39313
30,39313,3,3,1, 39316
25,39315,2,2,1, 39317
8,39316,1,1,1, 39317
31,39316,2,2,1, 39318
26,39317,3,3,1, 39320
29,39318,4,4,1, 39322
1,39326,1,1,0, 39327
4,39326,4,4,1, 39330
24,39329,1,1,0, 39330
23,39328,3,3,1, 39331
6,39330,2,2,1, 39332
7,39332,1,1,0, 39333
25,39335,2,2,1, 39337
8,39336,1,1,1, 39337
11,39334,4,4,1, 39338
28,39334,5,5,1, 39339
9,39337,2,2,1, 39339
16,39339,2,2,1, 39341
15,39341,2,2,1, 39343
22,39346,4,4,1, 39350
5,39347,3,3,1, 39350
24,39349,1,1,0, 39350
23,39348,3,3,1, 39351
21,39347,5,5,1, 39352
7,39352,1,1,1, 39353
8,39356,1,1,0, 39357
16,39359,2,2,1, 39361
29,39358,4,4,1, 39362
14,39359,3,3,1, 39362
13,39359,4,4,1, 39363
22,39366,4,4,1, 39370
24,39369,1,1,1, 39370
7,39372,1,1,0, 39373
30,39373,3,3,1, 39376
8,39376,1,1,0, 39377
16,39379,2,2,1, 39381
29,39378,4,4,1, 39382
13,39379,4,4,1, 39383
24,39389,1,1,1, 39390
23,39388,3,3,1, 39391
21,39387,5,5,1, 39392
7,39392,1,1,0, 39393
30,39393,3,3,1, 39396
8,39396,1,1,0, 39397
31,39396,2,2,1, 39398
29,39398,4,4,1, 39402
22,39406,4,4,1, 39410
24,39409,1,1,1, 39410
23,39408,3,3,1, 39411
7,39412,1,1,1, 39413
30,39413,3,3,1, 39416
8,39416,1,1,0, 39417
22,39426,4,4,1, 39430
24,39429,1,1,0, 39430
23,39428,3,3,1, 39431
21,39427,5,5,1, 39432
6,39430,2,2,1, 39432
7,39432,1,1,0, 39433
8,39436,1,1,1, 39437
14,39439,3,3,1, 39442
13,39439,4,4,1, 39443
1,39446,1,1,0, 39447
24,39449,1,1,0, 39450
6,39450,2,2,1, 39452
7,39452,1,1,0, 39453
30,39453,3,3,1, 39456
8,39456,1,1,0, 39457
16,39459,2,2,1, 39461
29,39458,4,4,1, 39462
17,39459,3,3,1, 39462
15,39461,2,2,1, 39463
1,39466,1,1,0, 39467
24,39469,1,1,0, 39470
23,39468,3,3,1, 39471
21,39467,5,5,1, 39472
6,39470,2,2,1, 39472
7,39472,1,1,1, 39473
25,39475,2,2,1, 39477
31,39476,2,2,1, 39478
29,39478,4,4,1, 39482
1,39486,1,1,0, 39487
24,39489,1,1,0, 39490
6,39490,2,2,1, 39492
7,39492,1,1,0, 39493
9,39497,2,2,1, 39499
29,39498,4,4,1, 39502
1,39506,1,1,0, 39507
5,39507,3,3,1, 39510
24,39509,1,1,1, 39510
6,39510,2,2,1, 39512
7,39512,1,1,0, 39513
31,39516,2,2,1, 39518
26,39517,3,3,1, 39520
17,39519,3,3,1, 39522
2,39523,2,2,1, 39525
18,39523,4,4,1, 39527
1,39526,1,1,0, 39527
24,39529,1,1,1, 39530
7,39532,1,1,1, 39533
30,39533,3,3,1, 39536
25,39535,2,2,1, 39537
31,39536,2,2,1, 39538
26,39537,3,3,1, 39540
17,39539,3,3,1, 39542
1,39546,1,1,0, 39547
4,39546,4,4,1, 39550
5,39547,3,3,1, 39550
24,39549,1,1,1, 39550
19,39546,5,5,1, 39551
7,39552,1,1,0, 39553
27,39552,4,4,1, 39556
30,39553,3,3,1, 39556
25,39555,2,2,1, 39557
28,39554,5,5,1, 39559
9,39557,2,2,1, 39559
29,39558,4,4,1, 39562
17,39559,3,3,1, 39562
2,39563,2,2,1, 39565
1,39566,1,1,1, 39567
5,39567,3,3,1, 39570
24,39569,1,1,0, 39570
19,39566,5,5,1, 39571
6,39570,2,2,1, 39572
7,39572,1,1,1, 39573
25,39575,2,2,1, 39577
8,39576,1,1,0, 39577
11,39574,4,4,1, 39578
28,39574,5,5,1, 39579
9,39577,2,2,1, 39579
26,39577,3,3,1, 39580
16,39579,2,2,1, 39581
29,39578,4,4,1, 39582
13,39579,4,4,1, 39583
15,39581,2,2,1, 39583
18,39583,4,4,1, 39587
1,39586,1,1,1, 39587
4,39586,4,4,1, 39590
22,39586,4,4,1, 39590
5,39587,3,3,1, 39590
24,39589,1,1,1, 39590
21,39587,5,5,1, 39592
6,39590,2,2,1, 39592
7,39592,1,1,1, 39593
8,39596,1,1,1, 39597
13,39599,4,4,1, 39603
24,39609,1,1,0, 39610
8,39616,1,1,0, 39617
16,39619,2,2,1, 39621
14,39619,3,3,1, 39622
13,39619,4,4,1, 39623
22,39626,4,4,1, 39630
24,39629,1,1,0, 39630
23,39628,3,3,1, 39631
21,39627,5,5,1, 39632
8,39636,1,1,1, 39637
13,39639,4,4,1, 39643
24,39649,1,1,0, 39650
8,39656,1,1,0, 39657
16,39659,2,2,1, 39661
13,39659,4,4,1, 39663
15,39661,2,2,1, 39663
22,39666,4,4,1, 39670
24,39669,1,1,1, 39670
23,39668,3,3,1, 39671
8,39676,1,1,0, 39677
14,39679,3,3,1, 39682
22,39686,4,4,1, 39690
24,39689,1,1,0, 39690
21,39687,5,5,1, 39692
8,39696,1,1,0, 39697
9,39697,2,2,1, 39699
16,39699,2,2,1, 39701
14,39699,3,3,1, 39702
17,39699,3,3,1, 39702
1,39706,1,1,1, 39707
24,39709,1,1,1, 39710
6,39710,2,2,1, 39712
7,39712,1,1,1, 39713
25,39715,2,2,1, 39717
17,39719,3,3,1, 39722
1,39726,1,1,1, 39727
5,39727,3,3,1, 39730
24,39729,1,1,1, 39730
6,39730,2,2,1, 39732
7,39732,1,1,1, 39733
30,39733,3,3,1, 39736
31,39736,2,2,1, 39738
17,39739,3,3,1, 39742
18,39743,4,4,1, 39747
1,39746,1,1,1, 39747
5,39747,3,3,1, 39750
24,39749,1,1,1, 39750
7,39752,1,1,1, 39753
31,39756,2,2,1, 39758
9,39757,2,2,1, 39759
26,39757,3,3,1, 39760
18,39763,4,4,1, 39767
1,39766,1,1,1, 39767
24,39769,1,1,1, 39770
7,39772,1,1,0, 39773
25,39775,2,2,1, 39777
31,39776,2,2,1, 39778
26,39777,3,3,1, 39780
17,39779,3,3,1, 39782
2,39783,2,2,1, 39785
1,39786,1,1,0, 39787
24,39789,1,1,1, 39790
6,39790,2,2,1, 39792
7,39792,1,1,1, 39793
12,39800,5,5,1, 39805
1,39806,1,1,1, 39807
20,39803,6,6,1, 39809
22,39806,4,4,1, 39810
3,39807,3,3,1, 39810
5,39807,3,3,1, 39810
24,39809,1,1,0, 39810
19,39806,5,5,1, 39811
21,39807,5,5,1, 39812
7,39812,1,1,0, 39813
25,39815,2,2,1, 39817
8,39816,1,1,1, 39817
11,39814,4,4,1, 39818
31,39816,2,2,1, 39818
29,39818,4,4,1, 39822
17,39819,3,3,1, 39822
12,39820,5,5,1, 39825
1,39826,1,1,0, 39827
22,39826,4,4,1, 39830
3,39827,3,3,1, 39830
24,39829,1,1,1, 39830
19,39826,5,5,1, 39831
7,39832,1,1,1, 39833
30,39833,3,3,1, 39836
25,39835,2,2,1, 39837
8,39836,1,1,1, 39837
11,39834,4,4,1, 39838
31,39836,2,2,1, 39838
29,39838,4,4,1, 39842
15,39841,2,2,1, 39843
24,39849,1,1,0, 39850
7,39852,1,1,0, 39853
30,39853,3,3,1, 39856
8,39856,1,1,0, 39857
16,39859,2,2,1, 39861
29,39858,4,4,1, 39862
14,39859,3,3,1, 39862
15,39861,2,2,1, 39863
22,39866,4,4,1, 39870
24,39869,1,1,1, 39870
7,39872,1,1,0, 39873
30,39873,3,3,1, 39876
8,39876,1,1,1, 39877
16,39879,2,2,1, 39881
14,39879,3,3,1, 39882
13,39879,4,4,1, 39883
22,39886,4,4,1, 39890
24,39889,1,1,0, 39890
21,39887,5,5,1, 39892
7,39892,1,1,1, 39893
8,39896,1,1,0, 39897
31,39896,2,2,1, 39898
24,39909,1,1,1, 39910
23,39908,3,3,1, 39911
21,39907,5,5,1, 39912
7,39912,1,1,1, 39913
8,39916,1,1,1, 39917
14,39919,3,3,1, 39922
13,39919,4,4,1, 39923
22,39926,4,4,1, 39930
24,39929,1,1,1, 39930
7,39932,1,1,0, 39933
8,39936,1,1,0, 39937
29,39938,4,4,1, 39942
17,39939,3,3,1, 39942
15,39941,2,2,1, 39943
1,39946,1,1,0, 39947
22,39946,4,4,1, 39950
24,39949,1,1,1, 39950
23,39948,3,3,1, 39951
21,39947,5,5,1, 39952
6,39950,2,2,1, 39952
7,39952,1,1,0, 39953
8,39956,1,1,1, 39957
31,39956,2,2,1, 39958
14,39959,3,3,1, 39962
1,39966,1,1,1, 39967
22,39966,4,4,1, 39970
5,39967,3,3,1, 39970
24,39969,1,1,1, 39970
21,39967,5,5,1, 39972
7,39972,1,1,1, 39973
30,39973,3,3,1, 39976
25,39975,2,2,1, 39977
8,39976,1,1,0, 39977
26,39977,3,3,1, 39980
14,39979,3,3,1, 39982
17,39979,3,3,1, 39982
13,39979,4,4,1, 39983
2,39983,2,2,1, 39985
1,39986,1,1,1, 39987
5,39987,3,3,1, 39990
24,39989,1,1,0, 39990
7,39992,1,1,1, 39993
30,39993,3,3,1, 39996
26,39997,3,3,1, 40000
1,40006,1,1,1, 40007
20,40003,6,6,1, 40009
3,40007,3,3,1, 40010
24,40009,1,1,0, 40010
7,40012,1,1,1, 40013
30,40013,3,3,1, 40016
25,40015,2,2,1, 40017
11,40014,4,4,1, 40018
9,40017,2,2,1, 40019
29,40018,4,4,1, 40022
17,40019,3,3,1, 40022
12,40020,5,5,1, 40025
2,40023,2,2,1, 40025
1,40026,1,1,0, 40027
24,40029,1,1,0, 40030
6,40030,2,2,1, 40032
7,40032,1,1,1, 40033
27,40032,4,4,1, 40036
30,40033,3,3,1, 40036
31,40036,2,2,1, 40038
29,40038,4,4,1, 40042
12,40040,5,5,1, 40045
2,40043,2,2,1, 40045
1,40046,1,1,1, 40047
3,40047,3,3,1, 40050
5,40047,3,3,1, 40050
24,40049,1,1,0, 40050
19,40046,5,5,1, 40051
6,40050,2,2,1, 40052
7,40052,1,1,0, 40053
30,40053,3,3,1, 40056
25,40055,2,2,1, 40057
11,40054,4,4,1, 40058
31,40056,2,2,1, 40058
28,40054,5,5,1, 40059
26,40057,3,3,1, 40060
29,40058,4,4,1, 40062
24,40069,1,1,1, 40070
7,40072,1,1,1, 40073
30,40073,3,3,1, 40076
29,40078,4,4,1, 40082
22,40086,4,4,1, 40090
24,40089,1,1,0, 40090
23,40088,3,3,1, 40091
7,40092,1,1,0, 40093
30,40093,3,3,1, 40096
8,40096,1,1,1, 40097
29,40098,4,4,1, 40102
14,40099,3,3,1, 40102
15,40101,2,2,1, 40103
24,40109,1,1,1, 40110
7,40112,1,1,1, 40113
8,40116,1,1,1, 40117
31,40116,2,2,1, 40118
29,40118,4,4,1, 40122
13,40119,4,4,1, 40123
24,40129,1,1,1, 40130
6,40130,2,2,1, 40132
7,40132,1,1,0, 40133
8,40136,1,1,1, 40137
31,40136,2,2,1, 40138
24,40149,1,1,0, 40150
8,40156,1,1,0, 40157
13,40159,4,4,1, 40163
15,40161,2,2,1, 40163
1,40166,1,1,1, 40167
24,40169,1,1,0, 40170
8,40176,1,1,0, 40177
9,40177,2,2,1, 40179
14,40179,3,3,1, 40182
13,40179,4,4,1, 40183
1,40186,1,1,1, 40187
24,40189,1,1,0, 40190
25,40195,2,2,1, 40197
8,40196,1,1,0, 40197
9,40197,2,2,1, 40199
16,40199,2,2,1, 40201
2,40203,2,2,1, 40205
1,40206,1,1,0, 40207
22,40206,4,4,1, 40210
24,40209,1,1,0, 40210
21,40207,5,5,1, 40212
25,40215,2,2,1, 40217
8,40216,1,1,1, 40217
13,40219,4,4,1, 40223
2,40223,2,2,1, 40225
1,40226,1,1,0, 40227
22,40226,4,4,1, 40230
24,40229,1,1,1, 40230
21,40227,5,5,1, 40232
25,40235,2,2,1, 40237
8,40236,1,1,0, 40237
16,40239,2,2,1, 40241
14,40239,3,3,1, 40242
17,40239,3,3,1, 40242
15,40241,2,2,1, 40243
18,40243,4,4,1, 40247
1,40246,1,1,0, 40247
4,40246,4,4,1, 40250
5,40247,3,3,1, 40250
24,40249,1,1,1, 40250
19,40246,5,5,1, 40251
6,40250,2,2,1, 40252
7,40252,1,1,0, 40253
25,40255,2,2,1, 40257
8,40256,1,1,0, 40257
11,40254,4,4,1, 40258
26,40257,3,3,1, 40260
14,40259,3,3,1, 40262
17,40259,3,3,1, 40262
13,40259,4,4,1, 40263
1,40266,1,1,0, 40267
4,40266,4,4,1, 40270
22,40266,4,4,1, 40270
5,40267,3,3,1, 40270
24,40269,1,1,1, 40270
23,40268,3,3,1, 40271
21,40267,5,5,1, 40272
6,40270,2,2,1, 40272
7,40272,1,1,1, 40273
8,40276,1,1,0, 40277
11,40274,4,4,1, 40278
31,40276,2,2,1, 40278
26,40277,3,3,1, 40280
16,40279,2,2,1, 40281
17,40279,3,3,1, 40282
13,40279,4,4,1, 40283
1,40286,1,1,0, 40287
5,40287,3,3,1, 40290
24,40289,1,1,1, 40290
19,40286,5,5,1, 40291
21,40287,5,5,1, 40292
6,40290,2,2,1, 40292
7,40292,1,1,0, 40293
30,40293,3,3,1, 40296
8,40296,1,1,0, 40297
11,40294,4,4,1, 40298
31,40296,2,2,1, 40298
28,40294,5,5,1, 40299
9,40297,2,2,1, 40299
16,40299,2,2,1, 40301
29,40298,4,4,1, 40302
14,40299,3,3,1, 40302
17,40299,3,3,1, 40302
15,40301,2,2,1, 40303
22,40306,4,4,1, 40310
24,40309,1,1,1, 40310
6,40310,2,2,1, 40312
7,40312,1,1,0, 40313
8,40316,1,1,1, 40317
16,40319,2,2,1, 40321
5,40327,3,3,1, 40330
24,40329,1,1,1, 40330
6,40330,2,2,1, 40332
7,40332,1,1,0, 40333
29,40338,4,4,1, 40342
24,40349,1,1,0, 40350
6,40350,2,2,1, 40352
7,40352,1,1,1, 40353
30,40353,3,3,1, 40356
29,40358,4,4,1, 40362
5,40367,3,3,1, 40370
24,40369,1,1,1, 40370
7,40372,1,1,1, 40373
29,40378,4,4,1, 40382
24,40389,1,1,0, 40390
7,40392,1,1,0, 40393
1,40406,1,1,1, 40407
24,40409,1,1,0, 40410
7,40412,1,1,1, 40413
9,40417,2,2,1, 40419
17,40419,3,3,1, 40422
1,40426,1,1,0, 40427
24,40429,1,1,1, 40430
23,40428,3,3,1, 40431
7,40432,1,1,0, 40433
25,40435,2,2,1, 40437
8,40436,1,1,1, 40437
31,40436,2,2,1, 40438
9,40437,2,2,1, 40439
16,40439,2,2,1, 40441
15,40441,2,2,1, 40443
1,40446,1,1,0, 40447
24,40449,1,1,0, 40450
21,40447,5,5,1, 40452
7,40452,1,1,0, 40453
25,40455,2,2,1, 40457
8,40456,1,1,1, 40457
9,40457,2,2,1, 40459
16,40459,2,2,1, 40461
17,40459,3,3,1, 40462
13,40459,4,4,1, 40463
15,40461,2,2,1, 40463
1,40466,1,1,1, 40467
22,40466,4,4,1, 40470
24,40469,1,1,1, 40470
23,40468,3,3,1, 40471
7,40472,1,1,0, 40473
8,40476,1,1,0, 40477
9,40477,2,2,1, 40479
13,40479,4,4,1, 40483
15,40481,2,2,1, 40483
1,40486,1,1,0, 40487
24,40489,1,1,0, 40490
23,40488,3,3,1, 40491
21,40487,5,5,1, 40492
6,40490,2,2,1, 40492
7,40492,1,1,1, 40493
30,40493,3,3,1, 40496
8,40496,1,1,1, 40497
31,40496,2,2,1, 40498
9,40497,2,2,1, 40499
29,40498,4,4,1, 40502
14,40499,3,3,1, 40502
2,40503,2,2,1, 40505
1,40506,1,1,0, 40507
22,40506,4,4,1, 40510
24,40509,1,1,1, 40510
23,40508,3,3,1, 40511
6,40510,2,2,1, 40512
7,40512,1,1,1, 40513
8,40516,1,1,1, 40517
26,40517,3,3,1, 40520
16,40519,2,2,1, 40521
29,40518,4,4,1, 40522
14,40519,3,3,1, 40522
15,40521,2,2,1, 40523
2,40523,2,2,1, 40525
1,40526,1,1,0, 40527
20,40523,6,6,1, 40529
22,40526,4,4,1, 40530
5,40527,3,3,1, 40530
24,40529,1,1,0, 40530
23,40528,3,3,1, 40531
21,40527,5,5,1, 40532
7,40532,1,1,0, 40533
27,40532,4,4,1, 40536
30,40533,3,3,1, 40536
31,40536,2,2,1, 40538
29,40538,4,4,1, 40542
1,40546,1,1,1, 40547
3,40547,3,3,1, 40550
5,40547,3,3,1, 40550
24,40549,1,1,1, 40550
7,40552,1,1,0, 40553
25,40555,2,2,1, 40557
31,40556,2,2,1, 40558
26,40557,3,3,1, 40560
29,40558,4,4,1, 40562
17,40559,3,3,1, 40562
2,40563,2,2,1, 40565
18,40563,4,4,1, 40567
1,40566,1,1,0, 40567
20,40563,6,6,1, 40569
3,40567,3,3,1, 40570
24,40569,1,1,0, 40570
19,40566,5,5,1, 40571
7,40572,1,1,1, 40573
25,40575,2,2,1, 40577
11,40574,4,4,1, 40578
26,40577,3,3,1, 40580
29,40578,4,4,1, 40582
24,40589,1,1,1, 40590
7,40592,1,1,0, 40593
29,40598,4,4,1, 40602
5,40607,3,3,1, 40610
24,40609,1,1,0, 40610
7,40612,1,1,1, 40613
29,40618,4,4,1, 40622
5,40627,3,3,1, 40630
24,40629,1,1,0, 40630
6,40630,2,2,1, 40632
7,40632,1,1,0, 40633
31,40636,2,2,1, 40638
29,40638,4,4,1, 40642
13,40639,4,4,1, 40643
15,40641,2,2,1, 40643
22,40646,4,4,1, 40650
5,40647,3,3,1, 40650
24,40649,1,1,1, 40650
6,40650,2,2,1, 40652
7,40652,1,1,0, 40653
30,40653,3,3,1, 40656
8,40656,1,1,1, 40657
22,40666,4,4,1, 40670
24,40669,1,1,0, 40670
8,40676,1,1,0, 40677
16,40679,2,2,1, 40681
14,40679,3,3,1, 40682
13,40679,4,4,1, 40683
1,40686,1,1,0, 40687
24,40689,1,1,1, 40690
8,40696,1,1,1, 40697
9,40697,2,2,1, 40699
16,40699,2,2,1, 40701
17,40699,3,3,1, 40702
13,40699,4,4,1, 40703
15,40701,2,2,1, 40703
1,40706,1,1,1, 40707
24,40709,1,1,0, 40710
8,40716,1,1,1, 40717
16,40719,2,2,1, 40721
14,40719,3,3,1, 40722
17,40719,3,3,1, 40722
13,40719,4,4,1, 40723
1,40726,1,1,0, 40727
22,40726,4,4,1, 40730
24,40729,1,1,1, 40730
25,40735,2,2,1, 40737
8,40736,1,1,1, 40737
16,40739,2,2,1, 40741
14,40739,3,3,1, 40742
17,40739,3,3,1, 40742
1,40746,1,1,1, 40747
22,40746,4,4,1, 40750
24,40749,1,1,0, 40750
23,40748,3,3,1, 40751
21,40747,5,5,1, 40752
8,40756,1,1,1, 40757
9,40757,2,2,1, 40759
26,40757,3,3,1, 40760
14,40759,3,3,1, 40762
17,40759,3,3,1, 40762
13,40759,4,4,1, 40763
15,40761,2,2,1, 40763
18,40763,4,4,1, 40767
1,40766,1,1,1, 40767
5,40767,3,3,1, 40770
24,40769,1,1,1, 40770
7,40772,1,1,0, 40773
25,40775,2,2,1, 40777
8,40776,1,1,1, 40777
31,40776,2,2,1, 40778
29,40778,4,4,1, 40782
14,40779,3,3,1, 40782
17,40779,3,3,1, 40782
2,40783,2,2,1, 40785
1,40786,1,1,1, 40787
24,40789,1,1,0, 40790
6,40790,2,2,1, 40792
7,40792,1,1,0, 40793
8,40796,1,1,0, 40797
31,40796,2,2,1, 40798
9,40797,2,2,1, 40799
29,40798,4,4,1, 40802
2,40803,2,2,1, 40805
1,40806,1,1,1, 40807
24,40809,1,1,1, 40810
23,40808,3,3,1, 40811
21,40807,5,5,1, 40812
7,40812,1,1,0, 40813
30,40813,3,3,1, 40816
8,40816,1,1,1, 40817
9,40817,2,2,1, 40819
26,40817,3,3,1, 40820
16,40819,2,2,1, 40821
14,40819,3,3,1, 40822
17,40819,3,3,1, 40822
13,40819,4,4,1, 40823
18,40823,4,4,1, 40827
1,40826,1,1,1, 40827
22,40826,4,4,1, 40830
24,40829,1,1,0, 40830
7,40832,1,1,0, 40833
30,40833,3,3,1, 40836
25,40835,2,2,1, 40837
31,40836,2,2,1, 40838
26,40837,3,3,1, 40840
18,40843,4,4,1, 40847
1,40846,1,1,1, 40847
5,40847,3,3,1, 40850
24,40849,1,1,0, 40850
7,40852,1,1,0, 40853
31,40856,2,2,1, 40858
26,40857,3,3,1, 40860
29,40858,4,4,1, 40862
2,40863,2,2,1, 40865
18,40863,4,4,1, 40867
1,40866,1,1,0, 40867
4,40866,4,4,1, 40870
24,40869,1,1,1, 40870
19,40866,5,5,1, 40871
6,40870,2,2,1, 40872
7,40872,1,1,1, 40873
30,40873,3,3,1, 40876
25,40875,2,2,1, 40877
9,40877,2,2,1, 40879
12,40880,5,5,1, 40885
2,40883,2,2,1, 40885
24,40889,1,1,0, 40890
7,40892,1,1,0, 40893
29,40898,4,4,1, 40902
5,40907,3,3,1, 40910
24,40909,1,1,1, 40910
6,40910,2,2,1, 40912
7,40912,1,1,0, 40913
30,40913,3,3,1, 40916
31,40916,2,2,1, 40918
29,40918,4,4,1, 40922
24,40929,1,1,1, 40930
21,40927,5,5,1, 40932
7,40932,1,1,1, 40933
8,40936,1,1,0, 40937
16,40939,2,2,1, 40941
13,40939,4,4,1, 40943
15,40941,2,2,1, 40943
22,40946,4,4,1, 40950
24,40949,1,1,1, 40950
23,40948,3,3,1, 40951
21,40947,5,5,1, 40952
7,40952,1,1,1, 40953
8,40956,1,1,0, 40957
31,40956,2,2,1, 40958
16,40959,2,2,1, 40961
14,40959,3,3,1, 40962
22,40966,4,4,1, 40970
24,40969,1,1,0, 40970
23,40968,3,3,1, 40971
7,40972,1,1,0, 40973
8,40976,1,1,1, 40977
31,40976,2,2,1, 40978
14,40979,3,3,1, 40982
13,40979,4,4,1, 40983
15,40981,2,2,1, 40983
22,40986,4,4,1, 40990
24,40989,1,1,0, 40990
23,40988,3,3,1, 40991
21,40987,5,5,1, 40992
7,40992,1,1,1, 40993
8,40996,1,1,0, 40997
14,40999,3,3,1, 41002
15,41001,2,2,1, 41003
1,41006,1,1,0, 41007
22,41006,4,4,1, 41010
24,41009,1,1,0, 41010
7,41012,1,1,1, 41013
8,41016,1,1,1, 41017
9,41017,2,2,1, 41019
16,41019,2,2,1, 41021
14,41019,3,3,1, 41022
17,41019,3,3,1, 41022
1,41026,1,1,0, 41027
5,41027,3,3,1, 41030
24,41029,1,1,1, 41030
7,41032,1,1,0, 41033
25,41035,2,2,1, 41037
31,41036,2,2,1, 41038
29,41038,4,4,1, 41042
17,41039,3,3,1, 41042
1,41046,1,1,0, 41047
5,41047,3,3,1, 41050
24,41049,1,1,1, 41050
6,41050,2,2,1, 41052
7,41052,1,1,0, 41053
25,41055,2,2,1, 41057
18,41063,4,4,1, 41067
1,41066,1,1,0, 41067
5,41067,3,3,1, 41070
24,41069,1,1,0, 41070
6,41070,2,2,1, 41072
7,41072,1,1,1, 41073
31,41076,2,2,1, 41078
9,41077,2,2,1, 41079
1,41086,1,1,1, 41087
5,41087,3,3,1, 41090
24,41089,1,1,0, 41090
6,41090,2,2,1, 41092
7,41092,1,1,1, 41093
30,41093,3,3,1, 41096
25,41095,2,2,1, 41097
26,41097,3,3,1, 41100
29,41098,4,4,1, 41102
1,41106,1,1,0, 41107
24,41109,1,1,1, 41110
6,41110,2,2,1, 41112
7,41112,1,1,0, 41113
31,41116,2,2,1, 41118
17,41119,3,3,1, 41122
18,41123,4,4,1, 41127
1,41126,1,1,1, 41127
24,41129,1,1,1, 41130
6,41130,2,2,1, 41132
7,41132,1,1,1, 41133
8,41136,1,1,1, 41137
31,41136,2,2,1, 41138
26,41137,3,3,1, 41140
17,41139,3,3,1, 41142
2,41143,2,2,1, 41145
18,41143,4,4,1, 41147
1,41146,1,1,1, 41147
20,41143,6,6,1, 41149
4,41146,4,4,1, 41150
24,41149,1,1,1, 41150
19,41146,5,5,1, 41151
6,41150,2,2,1, 41152
7,41152,1,1,0, 41153
25,41155,2,2,1, 41157
8,41156,1,1,1, 41157
11,41154,4,4,1, 41158
31,41156,2,2,1, 41158
28,41154,5,5,1, 41159
26,41157,3,3,1, 41160
14,41159,3,3,1, 41162
17,41159,3,3,1, 41162
18,41163,4,4,1, 41167
1,41166,1,1,1, 41167
20,41163,6,6,1, 41169
3,41167,3,3,1, 41170
24,41169,1,1,0, 41170
19,41166,5,5,1, 41171
6,41170,2,2,1, 41172
7,41172,1,1,0, 41173
25,41175,2,2,1, 41177
8,41176,1,1,0, 41177
15,41181,2,2,1, 41183
24,41189,1,1,0, 41190
6,41190,2,2,1, 41192
7,41192,1,1,1, 41193
30,41193,3,3,1, 41196
8,41196,1,1,1, 41197
29,41198,4,4,1, 41202
13,41199,4,4,1, 41203
15,41201,2,2,1, 41203
24,41209,1,1,0, 41210
21,41207,5,5,1, 41212
6,41210,2,2,1, 41212
7,41212,1,1,0, 41213
8,41216,1,1,0, 41217
16,41219,2,2,1, 41221
29,41218,4,4,1, 41222
13,41219,4,4,1, 41223
22,41226,4,4,1, 41230
24,41229,1,1,0, 41230
6,41230,2,2,1, 41232
7,41232,1,1,1, 41233
8,41236,1,1,0, 41237
16,41239,2,2,1, 41241
14,41239,3,3,1, 41242
13,41239,4,4,1, 41243
15,41241,2,2,1, 41243
5,41247,3,3,1, 41250
24,41249,1,1,0, 41250
21,41247,5,5,1, 41252
6,41250,2,2,1, 41252
7,41252,1,1,1, 41253
8,41256,1,1,0, 41257
16,41259,2,2,1, 41261
14,41259,3,3,1, 41262
15,41261,2,2,1, 41263
22,41266,4,4,1, 41270
5,41267,3,3,1, 41270
24,41269,1,1,1, 41270
21,41267,5,5,1, 41272
6,41270,2,2,1, 41272
7,41272,1,1,0, 41273
8,41276,1,1,1, 41277
29,41278,4,4,1, 41282
14,41279,3,3,1, 41282
13,41279,4,4,1, 41283
15,41281,2,2,1, 41283
1,41286,1,1,1, 41287
22,41286,4,4,1, 41290
24,41289,1,1,0, 41290
23,41288,3,3,1, 41291
8,41296,1,1,0, 41297
13,41299,4,4,1, 41303
15,41301,2,2,1, 41303
1,41306,1,1,0, 41307
22,41306,4,4,1, 41310
24,41309,1,1,1, 41310
8,41316,1,1,1, 41317
9,41317,2,2,1, 41319
26,41317,3,3,1, 41320
16,41319,2,2,1, 41321
14,41319,3,3,1, 41322
15,41321,2,2,1, 41323
2,41323,2,2,1, 41325
1,41326,1,1,1, 41327
24,41329,1,1,0, 41330
21,41327,5,5,1, 41332
8,41336,1,1,0, 41337
9,41337,2,2,1, 41339
16,41339,2,2,1, 41341
17,41339,3,3,1, 41342
1,41346,1,1,1, 41347
24,41349,1,1,1, 41350
28,41354,5,5,1, 41359
9,41357,2,2,1, 41359
26,41357,3,3,1, 41360
17,41359,3,3,1, 41362
12,41360,5,5,1, 41365
2,41363,2,2,1, 41365
18,41363,4,4,1, 41367
1,41366,1,1,1, 41367
24,41369,1,1,1, 41370
19,41366,5,5,1, 41371
11,41374,4,4,1, 41378
28,41374,5,5,1, 41379
17,41379,3,3,1, 41382
18,41383,4,4,1, 41387
1,41386,1,1,1, 41387
20,41383,6,6,1, 41389
4,41386,4,4,1, 41390
24,41389,1,1,0, 41390
19,41386,5,5,1, 41391
6,41390,2,2,1, 41392
7,41392,1,1,0, 41393
27,41392,4,4,1, 41396
30,41393,3,3,1, 41396
31,41396,2,2,1, 41398
9,41397,2,2,1, 41399
26,41397,3,3,1, 41400
29,41398,4,4,1, 41402
17,41399,3,3,1, 41402
24,41409,1,1,1, 41410
7,41412,1,1,1, 41413
30,41413,3,3,1, 41416
29,41418,4,4,1, 41422
24,41429,1,1,0, 41430
7,41432,1,1,1, 41433
24,41449,1,1,1, 41450
21,41447,5,5,1, 41452
6,41450,2,2,1, 41452
7,41452,1,1,0, 41453
8,41456,1,1,1, 41457
31,41456,2,2,1, 41458
16,41459,2,2,1, 41461
13,41459,4,4,1, 41463
15,41461,2,2,1, 41463
24,41469,1,1,1, 41470
6,41470,2,2,1, 41472
7,41472,1,1,0, 41473
8,41476,1,1,0, 41477
31,41476,2,2,1, 41478
16,41479,2,2,1, 41481
14,41479,3,3,1, 41482
13,41479,4,4,1, 41483
5,41487,3,3,1, 41490
24,41489,1,1,0, 41490
6,41490,2,2,1, 41492
7,41492,1,1,0, 41493
30,41493,3,3,1, 41496
8,41496,1,1,1, 41497
31,41496,2,2,1, 41498
16,41499,2,2,1, 41501
13,41499,4,4,1, 41503
22,41506,4,4,1, 41510
24,41509,1,1,0, 41510
21,41507,5,5,1, 41512
7,41512,1,1,0, 41513
25,41515,2,2,1, 41517
8,41516,1,1,0, 41517
29,41518,4,4,1, 41522
14,41519,3,3,1, 41522
13,41519,4,4,1, 41523
15,41521,2,2,1, 41523
1,41526,1,1,1, 41527
22,41526,4,4,1, 41530
5,41527,3,3,1, 41530
24,41529,1,1,0, 41530
6,41530,2,2,1, 41532
7,41532,1,1,1, 41533
8,41536,1,1,0, 41537
9,41537,2,2,1, 41539
29,41538,4,4,1, 41542
17,41539,3,3,1, 41542
13,41539,4,4,1, 41543
1,41546,1,1,1, 41547
5,41547,3,3,1, 41550
24,41549,1,1,0, 41550
23,41548,3,3,1, 41551
21,41547,5,5,1, 41552
7,41552,1,1,1, 41553
8,41556,1,1,1, 41557
16,41559,2,2,1, 41561
17,41559,3,3,1, 41562
15,41561,2,2,1, 41563
2,41563,2,2,1, 41565
1,41566,1,1,1, 41567
22,41566,4,4,1, 41570
5,41567,3,3,1, 41570
24,41569,1,1,0, 41570
21,41567,5,5,1, 41572
7,41572,1,1,0, 41573
8,41576,1,1,1, 41577
31,41576,2,2,1, 41578
9,41577,2,2,1, 41579
29,41578,4,4,1, 41582
17,41579,3,3,1, 41582
13,41579,4,4,1, 41583
1,41586,1,1,1, 41587
24,41589,1,1,1, 41590
6,41590,2,2,1, 41592
7,41592,1,1,1, 41593
25,41595,2,2,1, 41597
31,41596,2,2,1, 41598
9,41597,2,2,1, 41599
26,41597,3,3,1, 41600
2,41603,2,2,1, 41605
18,41603,4,4,1, 41607
1,41606,1,1,0, 41607
5,41607,3,3,1, 41610
24,41609,1,1,0, 41610
7,41612,1,1,0, 41613
30,41613,3,3,1, 41616
25,41615,2,2,1, 41617
31,41616,2,2,1, 41618
28,41614,5,5,1, 41619
9,41617,2,2,1, 41619
17,41619,3,3,1, 41622
18,41623,4,4,1, 41627
1,41626,1,1,0, 41627
5,41627,3,3,1, 41630
24,41629,1,1,1, 41630
6,41630,2,2,1, 41632
7,41632,1,1,0, 41633
30,41633,3,3,1, 41636
11,41634,4,4,1, 41638
28,41634,5,5,1, 41639
29,41638,4,4,1, 41642
2,41643,2,2,1, 41645
18,41643,4,4,1, 41647
1,41646,1,1,1, 41647
20,41643,6,6,1, 41649
3,41647,3,3,1, 41650
24,41649,1,1,0, 41650
19,41646,5,5,1, 41651
24,41669,1,1,0, 41670
24,41689,1,1,0, 41690
8,41696,1,1,0, 41697
24,41709,1,1,1, 41710
23,41708,3,3,1, 41711
21,41707,5,5,1, 41712
8,41716,1,1,0, 41717
16,41719,2,2,1, 41721
14,41719,3,3,1, 41722
24,41729,1,1,1, 41730
23,41728,3,3,1, 41731
8,41736,1,1,1, 41737
14,41739,3,3,1, 41742
13,41739,4,4,1, 41743
15,41741,2,2,1, 41743
22,41746,4,4,1, 41750
5,41747,3,3,1, 41750
24,41749,1,1,0, 41750
23,41748,3,3,1, 41751
21,41747,5,5,1, 41752
7,41752,1,1,0, 41753
8,41756,1,1,1, 41757
31,41756,2,2,1, 41758
9,41757,2,2,1, 41759
16,41759,2,2,1, 41761
29,41758,4,4,1, 41762
14,41759,3,3,1, 41762
17,41759,3,3,1, 41762
1,41766,1,1,1, 41767
22,41766,4,4,1, 41770
24,41769,1,1,1, 41770
23,41768,3,3,1, 41771
21,41767,5,5,1, 41772
7,41772,1,1,1, 41773
30,41773,3,3,1, 41776
8,41776,1,1,1, 41777
9,41777,2,2,1, 41779
16,41779,2,2,1, 41781
29,41778,4,4,1, 41782
14,41779,3,3,1, 41782
13,41779,4,4,1, 41783
1,41786,1,1,0, 41787
22,41786,4,4,1, 41790
24,41789,1,1,1, 41790
6,41790,2,2,1, 41792
7,41792,1,1,1, 41793
30,41793,3,3,1, 41796
8,41796,1,1,1, 41797
16,41799,2,2,1, 41801
29,41798,4,4,1, 41802
14,41799,3,3,1, 41802
13,41799,4,4,1, 41803
1,41806,1,1,1, 41807
24,41809,1,1,0, 41810
7,41812,1,1,1, 41813
30,41813,3,3,1, 41816
26,41817,3,3,1, 41820
17,41819,3,3,1, 41822
2,41823,2,2,1, 41825
18,41823,4,4,1, 41827
1,41826,1,1,1, 41827
5,41827,3,3,1, 41830
24,41829,1,1,1, 41830
6,41830,2,2,1, 41832
7,41832,1,1,1, 41833
30,41833,3,3,1, 41836
31,41836,2,2,1, 41838
9,41837,2,2,1, 41839
26,41837,3,3,1, 41840
18,41843,4,4,1, 41847
1,41846,1,1,1, 41847
24,41849,1,1,1, 41850
6,41850,2,2,1, 41852
7,41852,1,1,1, 41853
31,41856,2,2,1, 41858
9,41857,2,2,1, 41859
26,41857,3,3,1, 41860
17,41859,3,3,1, 41862
12,41860,5,5,1, 41865
18,41863,4,4,1, 41867
1,41866,1,1,1, 41867
4,41866,4,4,1, 41870
24,41869,1,1,1, 41870
6,41870,2,2,1, 41872
7,41872,1,1,0, 41873
30,41873,3,3,1, 41876
11,41874,4,4,1, 41878
9,41877,2,2,1, 41879
26,41877,3,3,1, 41880
29,41878,4,4,1, 41882
17,41879,3,3,1, 41882
2,41883,2,2,1, 41885
18,41883,4,4,1, 41887
1,41886,1,1,1, 41887
4,41886,4,4,1, 41890
5,41887,3,3,1, 41890
24,41889,1,1,1, 41890
7,41892,1,1,1, 41893
30,41893,3,3,1, 41896
31,41896,2,2,1, 41898
29,41898,4,4,1, 41902
24,41909,1,1,0, 41910
21,41907,5,5,1, 41912
7,41912,1,1,1, 41913
30,41913,3,3,1, 41916
8,41916,1,1,0, 41917
31,41916,2,2,1, 41918
16,41919,2,2,1, 41921
22,41926,4,4,1, 41930
24,41929,1,1,0, 41930
23,41928,3,3,1, 41931
7,41932,1,1,0, 41933
30,41933,3,3,1, 41936
8,41936,1,1,1, 41937
13,41939,4,4,1, 41943
22,41946,4,4,1, 41950
5,41947,3,3,1, 41950
24,41949,1,1,1, 41950
21,41947,5,5,1, 41952
6,41950,2,2,1, 41952
7,41952,1,1,1, 41953
30,41953,3,3,1, 41956
8,41956,1,1,1, 41957
14,41959,3,3,1, 41962
24,41969,1,1,1, 41970
8,41976,1,1,1, 41977
14,41979,3,3,1, 41982
15,41981,2,2,1, 41983
22,41986,4,4,1, 41990
24,41989,1,1,0, 41990
21,41987,5,5,1, 41992
8,41996,1,1,1, 41997
17,41999,3,3,1, 42002
1,42006,1,1,0, 42007
22,42006,4,4,1, 42010
24,42009,1,1,1, 42010
8,42016,1,1,1, 42017
15,42021,2,2,1, 42023
1,42026,1,1,1, 42027
22,42026,4,4,1, 42030
24,42029,1,1,1, 42030
21,42027,5,5,1, 42032
8,42036,1,1,0, 42037
9,42037,2,2,1, 42039
14,42039,3,3,1, 42042
17,42039,3,3,1, 42042
1,42046,1,1,0, 42047
24,42049,1,1,1, 42050
25,42055,2,2,1, 42057
8,42056,1,1,0, 42057
26,42057,3,3,1, 42060
2,42063,2,2,1, 42065
1,42066,1,1,0, 42067
22,42066,4,4,1, 42070
5,42067,3,3,1, 42070
24,42069,1,1,0, 42070
23,42068,3,3,1, 42071
6,42070,2,2,1, 42072
7,42072,1,1,0, 42073
25,42075,2,2,1, 42077
8,42076,1,1,0, 42077
31,42076,2,2,1, 42078
9,42077,2,2,1, 42079
16,42079,2,2,1, 42081
29,42078,4,4,1, 42082
15,42081,2,2,1, 42083
18,42083,4,4,1, 42087
1,42086,1,1,0, 42087
22,42086,4,4,1, 42090
24,42089,1,1,0, 42090
7,42092,1,1,1, 42093
25,42095,2,2,1, 42097
8,42096,1,1,1, 42097
31,42096,2,2,1, 42098
9,42097,2,2,1, 42099
14,42099,3,3,1, 42102
17,42099,3,3,1, 42102
15,42101,2,2,1, 42103
18,42103,4,4,1, 42107
1,42106,1,1,1, 42107
20,42103,6,6,1, 42109
4,42106,4,4,1, 42110
22,42106,4,4,1, 42110
3,42107,3,3,1, 42110
24,42109,1,1,0, 42110
19,42106,5,5,1, 42111
23,42108,3,3,1, 42111
21,42107,5,5,1, 42112
7,42112,1,1,0, 42113
8,42116,1,1,0, 42117
31,42116,2,2,1, 42118
29,42118,4,4,1, 42122
17,42119,3,3,1, 42122
1,42126,1,1,0, 42127
20,42123,6,6,1, 42129
22,42126,4,4,1, 42130
5,42127,3,3,1, 42130
24,42129,1,1,1, 42130
19,42126,5,5,1, 42131
23,42128,3,3,1, 42131
21,42127,5,5,1, 42132
6,42130,2,2,1, 42132
7,42132,1,1,1, 42133
27,42132,4,4,1, 42136
30,42133,3,3,1, 42136
25,42135,2,2,1, 42137
8,42136,1,1,0, 42137
11,42134,4,4,1, 42138
31,42136,2,2,1, 42138
28,42134,5,5,1, 42139
16,42139,2,2,1, 42141
24,42149,1,1,0, 42150
6,42150,2,2,1, 42152
7,42152,1,1,1, 42153
30,42153,3,3,1, 42156
31,42156,2,2,1, 42158
5,42167,3,3,1, 42170
24,42169,1,1,0, 42170
7,42172,1,1,1, 42173
29,42178,4,4,1, 42182
24,42189,1,1,0, 42190
6,42190,2,2,1, 42192
7,42192,1,1,1, 42193
30,42193,3,3,1, 42196
24,42209,1,1,0, 42210
6,42210,2,2,1, 42212
7,42212,1,1,0, 42213
30,42213,3,3,1, 42216
29,42218,4,4,1, 42222
5,42227,3,3,1, 42230
24,42229,1,1,1, 42230
6,42230,2,2,1, 42232
7,42232,1,1,1, 42233
30,42233,3,3,1, 42236
31,42236,2,2,1, 42238
1,42246,1,1,0, 42247
22,42246,4,4,1, 42250
24,42249,1,1,1, 42250
23,42248,3,3,1, 42251
7,42252,1,1,0, 42253
25,42255,2,2,1, 42257
8,42256,1,1,1, 42257
13,42259,4,4,1, 42263
15,42261,2,2,1, 42263
1,42266,1,1,0, 42267
24,42269,1,1,0, 42270
7,42272,1,1,0, 42273
25,42275,2,2,1, 42277
8,42276,1,1,0, 42277
17,42279,3,3,1, 42282
15,42281,2,2,1, 42283
18,42283,4,4,1, 42287
1,42286,1,1,0, 42287
24,42289,1,1,0, 42290
7,42292,1,1,1, 42293
8,42296,1,1,0, 42297
26,42297,3,3,1, 42300
14,42299,3,3,1, 42302
15,42301,2,2,1, 42303
2,42303,2,2,1, 42305
18,42303,4,4,1, 42307
1,42306,1,1,0, 42307
24,42309,1,1,0, 42310
7,42312,1,1,0, 42313
27,42312,4,4,1, 42316
25,42315,2,2,1, 42317
8,42316,1,1,1, 42317
11,42314,4,4,1, 42318
31,42316,2,2,1, 42318
15,42321,2,2,1, 42323
1,42326,1,1,1, 42327
24,42329,1,1,0, 42330
7,42332,1,1,1, 42333
25,42335,2,2,1, 42337
8,42336,1,1,1, 42337
11,42334,4,4,1, 42338
28,42334,5,5,1, 42339
9,42337,2,2,1, 42339
14,42339,3,3,1, 42342
17,42339,3,3,1, 42342
13,42339,4,4,1, 42343
18,42343,4,4,1, 42347
1,42346,1,1,0, 42347
3,42347,3,3,1, 42350
5,42347,3,3,1, 42350
24,42349,1,1,0, 42350
6,42350,2,2,1, 42352
7,42352,1,1,1, 42353
25,42355,2,2,1, 42357
8,42356,1,1,0, 42357
31,42356,2,2,1, 42358
28,42354,5,5,1, 42359
9,42357,2,2,1, 42359
26,42357,3,3,1, 42360
16,42359,2,2,1, 42361
14,42359,3,3,1, 42362
13,42359,4,4,1, 42363
15,42361,2,2,1, 42363
1,42366,1,1,1, 42367
20,42363,6,6,1, 42369
22,42366,4,4,1, 42370
24,42369,1,1,1, 42370
23,42368,3,3,1, 42371
21,42367,5,5,1, 42372
7,42372,1,1,0, 42373
25,42375,2,2,1, 42377
8,42376,1,1,1, 42377
31,42376,2,2,1, 42378
28,42374,5,5,1, 42379
16,42379,2,2,1, 42381
29,42378,4,4,1, 42382
13,42379,4,4,1, 42383
18,42383,4,4,1, 42387
1,42386,1,1,1, 42387
20,42383,6,6,1, 42389
22,42386,4,4,1, 42390
5,42387,3,3,1, 42390
24,42389,1,1,0, 42390
23,42388,3,3,1, 42391
21,42387,5,5,1, 42392
7,42392,1,1,1, 42393
30,42393,3,3,1, 42396
8,42396,1,1,1, 42397
29,42398,4,4,1, 42402
15,42401,2,2,1, 42403
5,42407,3,3,1, 42410
24,42409,1,1,1, 42410
21,42407,5,5,1, 42412
7,42412,1,1,1, 42413
8,42416,1,1,0, 42417
29,42418,4,4,1, 42422
15,42421,2,2,1, 42423
5,42427,3,3,1, 42430
24,42429,1,1,1, 42430
7,42432,1,1,1, 42433
30,42433,3,3,1, 42436
8,42436,1,1,1, 42437
31,42436,2,2,1, 42438
29,42438,4,4,1, 42442
24,42449,1,1,1, 42450
23,42448,3,3,1, 42451
21,42447,5,5,1, 42452
7,42452,1,1,1, 42453
8,42456,1,1,0, 42457
29,42458,4,4,1, 42462
22,42466,4,4,1, 42470
5,42467,3,3,1, 42470
24,42469,1,1,1, 42470
23,42468,3,3,1, 42471
21,42467,5,5,1, 42472
6,42470,2,2,1, 42472
7,42472,1,1,0, 42473
8,42476,1,1,0, 42477
31,42476,2,2,1, 42478
16,42479,2,2,1, 42481
15,42481,2,2,1, 42483
24,42489,1,1,0, 42490
6,42490,2,2,1, 42492
7,42492,1,1,0, 42493
31,42496,2,2,1, 42498
1,42506,1,1,1, 42507
24,42509,1,1,1, 42510
25,42515,2,2,1, 42517
28,42514,5,5,1, 42519
9,42517,2,2,1, 42519
17,42519,3,3,1, 42522
12,42520,5,5,1, 42525
18,42523,4,4,1, 42527
1,42526,1,1,1, 42527
4,42526,4,4,1, 42530
24,42529,1,1,0, 42530
19,42526,5,5,1, 42531
1,42546,1,1,0, 42547
24,42549,1,1,0, 42550
25,42555,2,2,1, 42557
9,42557,2,2,1, 42559
26,42557,3,3,1, 42560
2,42563,2,2,1, 42565
18,42563,4,4,1, 42567
1,42566,1,1,0, 42567
24,42569,1,1,0, 42570
25,42575,2,2,1, 42577
17,42579,3,3,1, 42582
18,42583,4,4,1, 42587
1,42586,1,1,0, 42587
24,42589,1,1,0, 42590
23,42588,3,3,1, 42591
8,42596,1,1,0, 42597
9,42597,2,2,1, 42599
26,42597,3,3,1, 42600
29,42598,4,4,1, 42602
13,42599,4,4,1, 42603
18,42603,4,4,1, 42607
1,42606,1,1,1, 42607
22,42606,4,4,1, 42610
24,42609,1,1,1, 42610
21,42607,5,5,1, 42612
6,42610,2,2,1, 42612
7,42612,1,1,0, 42613
25,42615,2,2,1, 42617
8,42616,1,1,1, 42617
31,42616,2,2,1, 42618
26,42617,3,3,1, 42620
17,42619,3,3,1, 42622
2,42623,2,2,1, 42625
18,42623,4,4,1, 42627
1,42626,1,1,1, 42627
22,42626,4,4,1, 42630
24,42629,1,1,1, 42630
7,42632,1,1,1, 42633
25,42635,2,2,1, 42637
8,42636,1,1,0, 42637
31,42636,2,2,1, 42638
13,42639,4,4,1, 42643
15,42641,2,2,1, 42643
22,42646,4,4,1, 42650
5,42647,3,3,1, 42650
24,42649,1,1,0, 42650
7,42652,1,1,0, 42653
30,42653,3,3,1, 42656
8,42656,1,1,1, 42657
14,42659,3,3,1, 42662
13,42659,4,4,1, 42663
15,42661,2,2,1, 42663
22,42666,4,4,1, 42670
24,42669,1,1,0, 42670
23,42668,3,3,1, 42671
7,42672,1,1,0, 42673
30,42673,3,3,1, 42676
8,42676,1,1,1, 42677
16,42679,2,2,1, 42681
29,42678,4,4,1, 42682
14,42679,3,3,1, 42682
5,42687,3,3,1, 42690
24,42689,1,1,1, 42690
23,42688,3,3,1, 42691
7,42692,1,1,0, 42693
30,42693,3,3,1, 42696
8,42696,1,1,1, 42697
14,42699,3,3,1, 42702
24,42709,1,1,0, 42710
21,42707,5,5,1, 42712
6,42710,2,2,1, 42712
7,42712,1,1,0, 42713
8,42716,1,1,1, 42717
16,42719,2,2,1, 42721
15,42721,2,2,1, 42723
22,42726,4,4,1, 42730
5,42727,3,3,1, 42730
24,42729,1,1,0, 42730
7,42732,1,1,1, 42733
8,42736,1,1,0, 42737
31,42736,2,2,1, 42738
14,42739,3,3,1, 42742
15,42741,2,2,1, 42743
1,42746,1,1,1, 42747
22,42746,4,4,1, 42750
5,42747,3,3,1, 42750
24,42749,1,1,1, 42750
21,42747,5,5,1, 42752
7,42752,1,1,0, 42753
8,42756,1,1,1, 42757
31,42756,2,2,1, 42758
29,42758,4,4,1, 42762
14,42759,3,3,1, 42762
1,42766,1,1,0, 42767
5,42767,3,3,1, 42770
24,42769,1,1,1, 42770
6,42770,2,2,1, 42772
7,42772,1,1,0, 42773
30,42773,3,3,1, 42776
25,42775,2,2,1, 42777
31,42776,2,2,1, 42778
9,42777,2,2,1, 42779
29,42778,4,4,1, 42782
1,42786,1,1,0, 42787
24,42789,1,1,1, 42790
6,42790,2,2,1, 42792
7,42792,1,1,1, 42793
25,42795,2,2,1, 42797
26,42797,3,3,1, 42800
29,42798,4,4,1, 42802
17,42799,3,3,1, 42802
1,42806,1,1,0, 42807
24,42809,1,1,1, 42810
7,42812,1,1,0, 42813
25,42815,2,2,1, 42817
31,42816,2,2,1, 42818
26,42817,3,3,1, 42820
1,42826,1,1,0, 42827
5,42827,3,3,1, 42830
24,42829,1,1,0, 42830
6,42830,2,2,1, 42832
7,42832,1,1,0, 42833
25,42835,2,2,1, 42837
2,42843,2,2,1, 42845
1,42846,1,1,1, 42847
24,42849,1,1,0, 42850
6,42850,2,2,1, 42852
7,42852,1,1,0, 42853
31,42856,2,2,1, 42858
26,42857,3,3,1, 42860
17,42859,3,3,1, 42862
2,42863,2,2,1, 42865
1,42866,1,1,0, 42867
24,42869,1,1,1, 42870
23,42868,3,3,1, 42871
6,42870,2,2,1, 42872
7,42872,1,1,1, 42873
8,42876,1,1,0, 42877
31,42876,2,2,1, 42878
28,42874,5,5,1, 42879
9,42877,2,2,1, 42879
26,42877,3,3,1, 42880
16,42879,2,2,1, 42881
17,42879,3,3,1, 42882
13,42879,4,4,1, 42883
12,42880,5,5,1, 42885
18,42883,4,4,1, 42887
1,42886,1,1,0, 42887
4,42886,4,4,1, 42890
3,42887,3,3,1, 42890
24,42889,1,1,0, 42890
19,42886,5,5,1, 42891
21,42887,5,5,1, 42892
7,42892,1,1,1, 42893
30,42893,3,3,1, 42896
8,42896,1,1,1, 42897
11,42894,4,4,1, 42898
9,42897,2,2,1, 42899
26,42897,3,3,1, 42900
16,42899,2,2,1, 42901
14,42899,3,3,1, 42902
17,42899,3,3,1, 42902
15,42901,2,2,1, 42903
5,42907,3,3,1, 42910
24,42909,1,1,1, 42910
7,42912,1,1,0, 42913
8,42916,1,1,1, 42917
31,42916,2,2,1, 42918
16,42919,2,2,1, 42921
15,42921,2,2,1, 42923
22,42926,4,4,1, 42930
5,42927,3,3,1, 42930
24,42929,1,1,0, 42930
7,42932,1,1,0, 42933
30,42933,3,3,1, 42936
8,42936,1,1,0, 42937
22,42946,4,4,1, 42950
24,42949,1,1,0, 42950
23,42948,3,3,1, 42951
7,42952,1,1,0, 42953
8,42956,1,1,0, 42957
31,42956,2,2,1, 42958
16,42959,2,2,1, 42961
22,42966,4,4,1, 42970
5,42967,3,3,1, 42970
24,42969,1,1,1, 42970
23,42968,3,3,1, 42971
7,42972,1,1,1, 42973
8,42976,1,1,0, 42977
16,42979,2,2,1, 42981
29,42978,4,4,1, 42982
15,42981,2,2,1, 42983
22,42986,4,4,1, 42990
24,42989,1,1,1, 42990
23,42988,3,3,1, 42991
6,42990,2,2,1, 42992
7,42992,1,1,0, 42993
30,42993,3,3,1, 42996
8,42996,1,1,1, 42997
31,42996,2,2,1, 42998
16,42999,2,2,1, 43001
14,42999,3,3,1, 43002
15,43001,2,2,1, 43003
1,43006,1,1,1, 43007
24,43009,1,1,1, 43010
7,43012,1,1,0, 43013
30,43013,3,3,1, 43016
25,43015,2,2,1, 43017
8,43016,1,1,0, 43017
31,43016,2,2,1, 43018
9,43017,2,2,1, 43019
29,43018,4,4,1, 43022
17,43019,3,3,1, 43022
15,43021,2,2,1, 43023
1,43026,1,1,0, 43027
24,43029,1,1,0, 43030
23,43028,3,3,1, 43031
21,43027,5,5,1, 43032
25,43035,2,2,1, 43037
8,43036,1,1,1, 43037
9,43037,2,2,1, 43039
16,43039,2,2,1, 43041
17,43039,3,3,1, 43042
1,43046,1,1,1, 43047
24,43049,1,1,0, 43050
9,43057,2,2,1, 43059
17,43059,3,3,1, 43062
1,43066,1,1,1, 43067
24,43069,1,1,0, 43070
25,43075,2,2,1, 43077
26,43077,3,3,1, 43080
2,43083,2,2,1, 43085
1,43086,1,1,0, 43087
24,43089,1,1,1, 43090
25,43095,2,2,1, 43097
26,43097,3,3,1, 43100
2,43103,2,2,1, 43105
1,43106,1,1,1, 43107
24,43109,1,1,1, 43110
25,43115,2,2,1, 43117
17,43119,3,3,1, 43122
2,43123,2,2,1, 43125
1,43126,1,1,1, 43127
24,43129,1,1,1, 43130
7,43132,1,1,1, 43133
30,43133,3,3,1, 43136
25,43135,2,2,1, 43137
31,43136,2,2,1, 43138
28,43134,5,5,1, 43139
9,43137,2,2,1, 43139
17,43139,3,3,1, 43142
2,43143,2,2,1, 43145
1,43146,1,1,1, 43147
20,43143,6,6,1, 43149
22,43146,4,4,1, 43150
5,43147,3,3,1, 43150
24,43149,1,1,0, 43150
23,43148,3,3,1, 43151
7,43152,1,1,1, 43153
8,43156,1,1,1, 43157
14,43159,3,3,1, 43162
15,43161,2,2,1, 43163
5,43167,3,3,1, 43170
24,43169,1,1,1, 43170
7,43172,1,1,0, 43173
30,43173,3,3,1, 43176
8,43176,1,1,0, 43177
14,43179,3,3,1, 43182
15,43181,2,2,1, 43183
5,43187,3,3,1, 43190
24,43189,1,1,1, 43190
23,43188,3,3,1, 43191
21,43187,5,5,1, 43192
7,43192,1,1,0, 43193
30,43193,3,3,1, 43196
8,43196,1,1,1, 43197
31,43196,2,2,1, 43198
16,43199,2,2,1, 43201
13,43199,4,4,1, 43203
24,43209,1,1,0, 43210
7,43212,1,1,1, 43213
8,43216,1,1,0, 43217
31,43216,2,2,1, 43218
16,43219,2,2,1, 43221
29,43218,4,4,1, 43222
14,43219,3,3,1, 43222
13,43219,4,4,1, 43223
15,43221,2,2,1, 43223
24,43229,1,1,0, 43230
23,43228,3,3,1, 43231
7,43232,1,1,0, 43233
8,43236,1,1,1, 43237
31,43236,2,2,1, 43238
29,43238,4,4,1, 43242
14,43239,3,3,1, 43242
22,43246,4,4,1, 43250
24,43249,1,1,0, 43250
23,43248,3,3,1, 43251
21,43247,5,5,1, 43252
6,43250,2,2,1, 43252
7,43252,1,1,0, 43253
30,43253,3,3,1, 43256
25,43255,2,2,1, 43257
8,43256,1,1,0, 43257
31,43256,2,2,1, 43258
9,43257,2,2,1, 43259
16,43259,2,2,1, 43261
29,43258,4,4,1, 43262
14,43259,3,3,1, 43262
13,43259,4,4,1, 43263
1,43266,1,1,1, 43267
22,43266,4,4,1, 43270
24,43269,1,1,0, 43270
23,43268,3,3,1, 43271
7,43272,1,1,1, 43273
31,43276,2,2,1, 43278
17,43279,3,3,1, 43282
1,43286,1,1,1, 43287
24,43289,1,1,0, 43290
7,43292,1,1,0, 43293
30,43293,3,3,1, 43296
25,43295,2,2,1, 43297
9,43297,2,2,1, 43299
29,43298,4,4,1, 43302
1,43306,1,1,1, 43307
5,43307,3,3,1, 43310
24,43309,1,1,0, 43310
7,43312,1,1,1, 43313
29,43318,4,4,1, 43322
1,43326,1,1,1, 43327
24,43329,1,1,1, 43330
7,43332,1,1,1, 43333
26,43337,3,3,1, 43340
2,43343,2,2,1, 43345
1,43346,1,1,1, 43347
24,43349,1,1,0, 43350
7,43352,1,1,1, 43353
25,43355,2,2,1, 43357
31,43356,2,2,1, 43358
9,43357,2,2,1, 43359
18,43363,4,4,1, 43367
1,43366,1,1,0, 43367
20,43363,6,6,1, 43369
4,43366,4,4,1, 43370
24,43369,1,1,0, 43370
19,43366,5,5,1, 43371
7,43372,1,1,0, 43373
27,43372,4,4,1, 43376
8,43376,1,1,1, 43377
14,43379,3,3,1, 43382
13,43379,4,4,1, 43383
15,43381,2,2,1, 43383
12,43380,5,5,1, 43385
1,43386,1,1,1, 43387
24,43389,1,1,0, 43390
19,43386,5,5,1, 43391
23,43388,3,3,1, 43391
21,43387,5,5,1, 43392
7,43392,1,1,0, 43393
8,43396,1,1,1, 43397
11,43394,4,4,1, 43398
31,43396,2,2,1, 43398
26,43397,3,3,1, 43400
15,43401,2,2,1, 43403
2,43403,2,2,1, 43405
18,43403,4,4,1, 43407
1,43406,1,1,1, 43407
20,43403,6,6,1, 43409
3,43407,3,3,1, 43410
24,43409,1,1,1, 43410
19,43406,5,5,1, 43411
7,43412,1,1,0, 43413
8,43416,1,1,0, 43417
28,43414,5,5,1, 43419
26,43417,3,3,1, 43420
13,43419,4,4,1, 43423
5,43427,3,3,1, 43430
24,43429,1,1,0, 43430
6,43430,2,2,1, 43432
7,43432,1,1,1, 43433
30,43433,3,3,1, 43436
8,43436,1,1,1, 43437
14,43439,3,3,1, 43442
15,43441,2,2,1, 43443
24,43449,1,1,1, 43450
6,43450,2,2,1, 43452
7,43452,1,1,0, 43453
30,43453,3,3,1, 43456
8,43456,1,1,1, 43457
31,43456,2,2,1, 43458
29,43458,4,4,1, 43462
13,43459,4,4,1, 43463
24,43469,1,1,0, 43470
7,43472,1,1,1, 43473
8,43476,1,1,0, 43477
14,43479,3,3,1, 43482
5,43487,3,3,1, 43490
24,43489,1,1,0, 43490
7,43492,1,1,1, 43493
30,43493,3,3,1, 43496
8,43496,1,1,0, 43497
16,43499,2,2,1, 43501
29,43498,4,4,1, 43502
22,43506,4,4,1, 43510
24,43509,1,1,1, 43510
7,43512,1,1,0, 43513
8,43516,1,1,0, 43517
31,43516,2,2,1, 43518
16,43519,2,2,1, 43521
1,43526,1,1,0, 43527
5,43527,3,3,1, 43530
24,43529,1,1,1, 43530
23,43528,3,3,1, 43531
7,43532,1,1,1, 43533
8,43536,1,1,0, 43537
29,43538,4,4,1, 43542
14,43539,3,3,1, 43542
17,43539,3,3,1, 43542
13,43539,4,4,1, 43543
1,43546,1,1,0, 43547
24,43549,1,1,1, 43550
23,43548,3,3,1, 43551
21,43547,5,5,1, 43552
7,43552,1,1,1, 43553
25,43555,2,2,1, 43557
8,43556,1,1,0, 43557
26,43557,3,3,1, 43560
29,43558,4,4,1, 43562
15,43561,2,2,1, 43563
1,43566,1,1,0, 43567
5,43567,3,3,1, 43570
24,43569,1,1,1, 43570
23,43568,3,3,1, 43571
21,43567,5,5,1, 43572
7,43572,1,1,1, 43573
30,43573,3,3,1, 43576
8,43576,1,1,1, 43577
26,43577,3,3,1, 43580
14,43579,3,3,1, 43582
13,43579,4,4,1, 43583
15,43581,2,2,1, 43583
1,43586,1,1,0, 43587
20,43583,6,6,1, 43589
22,43586,4,4,1, 43590
3,43587,3,3,1, 43590
5,43587,3,3,1, 43590
24,43589,1,1,0, 43590
21,43587,5,5,1, 43592
7,43592,1,1,0, 43593
27,43592,4,4,1, 43596
25,43595,2,2,1, 43597
8,43596,1,1,0, 43597
11,43594,4,4,1, 43598
31,43596,2,2,1, 43598
26,43597,3,3,1, 43600
16,43599,2,2,1, 43601
29,43598,4,4,1, 43602
14,43599,3,3,1, 43602
17,43599,3,3,1, 43602
15,43601,2,2,1, 43603
12,43600,5,5,1, 43605
2,43603,2,2,1, 43605
1,43606,1,1,0, 43607
4,43606,4,4,1, 43610
3,43607,3,3,1, 43610
24,43609,1,1,1, 43610
19,43606,5,5,1, 43611
7,43612,1,1,1, 43613
27,43612,4,4,1, 43616
30,43613,3,3,1, 43616
25,43615,2,2,1, 43617
31,43616,2,2,1, 43618
9,43617,2,2,1, 43619
17,43619,3,3,1, 43622
12,43620,5,5,1, 43625
1,43626,1,1,1, 43627
4,43626,4,4,1, 43630
5,43627,3,3,1, 43630
24,43629,1,1,1, 43630
7,43632,1,1,0, 43633
30,43633,3,3,1, 43636
31,43636,2,2,1, 43638
29,43638,4,4,1, 43642
24,43649,1,1,0, 43650
7,43652,1,1,1, 43653
30,43653,3,3,1, 43656
5,43667,3,3,1, 43670
24,43669,1,1,0, 43670
6,43670,2,2,1, 43672
7,43672,1,1,0, 43673
30,43673,3,3,1, 43676
24,43689,1,1,0, 43690
7,43692,1,1,0, 43693
5,43707,3,3,1, 43710
24,43709,1,1,1, 43710
23,43708,3,3,1, 43711
21,43707,5,5,1, 43712
7,43712,1,1,0, 43713
30,43713,3,3,1, 43716
8,43716,1,1,1, 43717
29,43718,4,4,1, 43722
13,43719,4,4,1, 43723
24,43729,1,1,1, 43730
21,43727,5,5,1, 43732
7,43732,1,1,0, 43733
8,43736,1,1,0, 43737
29,43738,4,4,1, 43742
17,43739,3,3,1, 43742
15,43741,2,2,1, 43743
1,43746,1,1,1, 43747
24,43749,1,1,1, 43750
6,43750,2,2,1, 43752
7,43752,1,1,1, 43753
8,43756,1,1,0, 43757
31,43756,2,2,1, 43758
9,43757,2,2,1, 43759
14,43759,3,3,1, 43762
17,43759,3,3,1, 43762
18,43763,4,4,1, 43767
1,43766,1,1,1, 43767
22,43766,4,4,1, 43770
5,43767,3,3,1, 43770
24,43769,1,1,0, 43770
7,43772,1,1,1, 43773
30,43773,3,3,1, 43776
8,43776,1,1,0, 43777
29,43778,4,4,1, 43782
14,43779,3,3,1, 43782
2,43783,2,2,1, 43785
18,43783,4,4,1, 43787
1,43786,1,1,1, 43787
24,43789,1,1,0, 43790
7,43792,1,1,0, 43793
25,43795,2,2,1, 43797
8,43796,1,1,1, 43797
9,43797,2,2,1, 43799
13,43799,4,4,1, 43803
2,43803,2,2,1, 43805
18,43803,4,4,1, 43807
1,43806,1,1,1, 43807
22,43806,4,4,1, 43810
24,43809,1,1,0, 43810
23,43808,3,3,1, 43811
6,43810,2,2,1, 43812
7,43812,1,1,1, 43813
8,43816,1,1,1, 43817
31,43816,2,2,1, 43818
9,43817,2,2,1, 43819
26,43817,3,3,1, 43820
16,43819,2,2,1, 43821
29,43818,4,4,1, 43822
14,43819,3,3,1, 43822
15,43821,2,2,1, 43823
2,43823,2,2,1, 43825
1,43826,1,1,0, 43827
22,43826,4,4,1, 43830
5,43827,3,3,1, 43830
24,43829,1,1,1, 43830
23,43828,3,3,1, 43831
21,43827,5,5,1, 43832
7,43832,1,1,0, 43833
25,43835,2,2,1, 43837
8,43836,1,1,1, 43837
31,43836,2,2,1, 43838
14,43839,3,3,1, 43842
17,43839,3,3,1, 43842
13,43839,4,4,1, 43843
12,43840,5,5,1, 43845
18,43843,4,4,1, 43847
1,43846,1,1,0, 43847
24,43849,1,1,0, 43850
6,43850,2,2,1, 43852
7,43852,1,1,0, 43853
30,43853,3,3,1, 43856
25,43855,2,2,1, 43857
8,43856,1,1,0, 43857
11,43854,4,4,1, 43858
26,43857,3,3,1, 43860
14,43859,3,3,1, 43862
17,43859,3,3,1, 43862
13,43859,4,4,1, 43863
12,43860,5,5,1, 43865
24,43869,1,1,0, 43870
23,43868,3,3,1, 43871
8,43876,1,1,0, 43877
16,43879,2,2,1, 43881
14,43879,3,3,1, 43882
15,43881,2,2,1, 43883
22,43886,4,4,1, 43890
24,43889,1,1,0, 43890
21,43887,5,5,1, 43892
8,43896,1,1,1, 43897
16,43899,2,2,1, 43901
15,43901,2,2,1, 43903
24,43909,1,1,0, 43910
24,43929,1,1,1, 43930
24,43949,1,1,0, 43950
31,43956,2,2,1, 43958
29,43958,4,4,1, 43962
24,43969,1,1,1, 43970
7,43972,1,1,0, 43973
25,43975,2,2,1, 43977
31,43976,2,2,1, 43978
29,43978,4,4,1, 43982
1,43986,1,1,0, 43987
24,43989,1,1,0, 43990
6,43990,2,2,1, 43992
7,43992,1,1,1, 43993
30,43993,3,3,1, 43996
25,43995,2,2,1, 43997
31,43996,2,2,1, 43998
9,43997,2,2,1, 43999
29,43998,4,4,1, 44002
17,43999,3,3,1, 44002
1,44006,1,1,0, 44007
24,44009,1,1,1, 44010
23,44008,3,3,1, 44011
7,44012,1,1,0, 44013
8,44016,1,1,0, 44017
16,44019,2,2,1, 44021
13,44019,4,4,1, 44023
1,44026,1,1,1, 44027
22,44026,4,4,1, 44030
5,44027,3,3,1, 44030
24,44029,1,1,1, 44030
21,44027,5,5,1, 44032
7,44032,1,1,0, 44033
8,44036,1,1,1, 44037
31,44036,2,2,1, 44038
16,44039,2,2,1, 44041
14,44039,3,3,1, 44042
13,44039,4,4,1, 44043
1,44046,1,1,1, 44047
22,44046,4,4,1, 44050
5,44047,3,3,1, 44050
24,44049,1,1,1, 44050
21,44047,5,5,1, 44052
6,44050,2,2,1, 44052
7,44052,1,1,0, 44053
25,44055,2,2,1, 44057
8,44056,1,1,1, 44057
9,44057,2,2,1, 44059
14,44059,3,3,1, 44062
17,44059,3,3,1, 44062
13,44059,4,4,1, 44063
2,44063,2,2,1, 44065
1,44066,1,1,0, 44067
22,44066,4,4,1, 44070
5,44067,3,3,1, 44070
24,44069,1,1,0, 44070
7,44072,1,1,0, 44073
30,44073,3,3,1, 44076
8,44076,1,1,0, 44077
26,44077,3,3,1, 44080
16,44079,2,2,1, 44081
29,44078,4,4,1, 44082
14,44079,3,3,1, 44082
2,44083,2,2,1, 44085
1,44086,1,1,0, 44087
24,44089,1,1,1, 44090
23,44088,3,3,1, 44091
6,44090,2,2,1, 44092
7,44092,1,1,0, 44093
25,44095,2,2,1, 44097
8,44096,1,1,0, 44097
11,44094,4,4,1, 44098
9,44097,2,2,1, 44099
26,44097,3,3,1, 44100
16,44099,2,2,1, 44101
29,44098,4,4,1, 44102
15,44101,2,2,1, 44103
18,44103,4,4,1, 44107
1,44106,1,1,1, 44107
4,44106,4,4,1, 44110
22,44106,4,4,1, 44110
24,44109,1,1,1, 44110
19,44106,5,5,1, 44111
7,44112,1,1,0, 44113
27,44112,4,4,1, 44116
25,44115,2,2,1, 44117
8,44116,1,1,0, 44117
31,44116,2,2,1, 44118
17,44119,3,3,1, 44122
2,44123,2,2,1, 44125
18,44123,4,4,1, 44127
1,44126,1,1,0, 44127
4,44126,4,4,1, 44130
22,44126,4,4,1, 44130
24,44129,1,1,1, 44130
19,44126,5,5,1, 44131
7,44132,1,1,1, 44133
25,44135,2,2,1, 44137
8,44136,1,1,1, 44137
31,44136,2,2,1, 44138
26,44137,3,3,1, 44140
16,44139,2,2,1, 44141
13,44139,4,4,1, 44143
15,44141,2,2,1, 44143
18,44143,4,4,1, 44147
1,44146,1,1,0, 44147
20,44143,6,6,1, 44149
24,44149,1,1,0, 44150
23,44148,3,3,1, 44151
21,44147,5,5,1, 44152
7,44152,1,1,1, 44153
24,44169,1,1,1, 44170
7,44172,1,1,1, 44173
24,44189,1,1,0, 44190
7,44192,1,1,1, 44193
31,44196,2,2,1, 44198
5,44207,3,3,1, 44210
24,44209,1,1,1, 44210
7,44212,1,1,1, 44213
30,44213,3,3,1, 44216
29,44218,4,4,1, 44222
24,44229,1,1,0, 44230
7,44232,1,1,0, 44233
31,44236,2,2,1, 44238
29,44238,4,4,1, 44242
5,44247,3,3,1, 44250
24,44249,1,1,0, 44250
6,44250,2,2,1, 44252
7,44252,1,1,0, 44253
8,44256,1,1,1, 44257
14,44259,3,3,1, 44262
17,44259,3,3,1, 44262
1,44266,1,1,0, 44267
5,44267,3,3,1, 44270
24,44269,1,1,0, 44270
21,44267,5,5,1, 44272
7,44272,1,1,0, 44273
30,44273,3,3,1, 44276
25,44275,2,2,1, 44277
8,44276,1,1,1, 44277
16,44279,2,2,1, 44281
29,44278,4,4,1, 44282
14,44279,3,3,1, 44282
1,44286,1,1,0, 44287
24,44289,1,1,1, 44290
23,44288,3,3,1, 44291
6,44290,2,2,1, 44292
7,44292,1,1,1, 44293
30,44293,3,3,1, 44296
8,44296,1,1,0, 44297
31,44296,2,2,1, 44298
29,44298,4,4,1, 44302
13,44299,4,4,1, 44303
15,44301,2,2,1, 44303
2,44303,2,2,1, 44305
18,44303,4,4,1, 44307
1,44306,1,1,0, 44307
24,44309,1,1,0, 44310
23,44308,3,3,1, 44311
21,44307,5,5,1, 44312
7,44312,1,1,1, 44313
30,44313,3,3,1, 44316
8,44316,1,1,0, 44317
31,44316,2,2,1, 44318
16,44319,2,2,1, 44321
29,44318,4,4,1, 44322
15,44321,2,2,1, 44323
1,44326,1,1,1, 44327
24,44329,1,1,1, 44330
21,44327,5,5,1, 44332
6,44330,2,2,1, 44332
7,44332,1,1,1, 44333
30,44333,3,3,1, 44336
8,44336,1,1,0, 44337
9,44337,2,2,1, 44339
26,44337,3,3,1, 44340
16,44339,2,2,1, 44341
29,44338,4,4,1, 44342
14,44339,3,3,1, 44342
13,44339,4,4,1, 44343
15,44341,2,2,1, 44343
2,44343,2,2,1, 44345
18,44343,4,4,1, 44347
1,44346,1,1,0, 44347
22,44346,4,4,1, 44350
5,44347,3,3,1, 44350
24,44349,1,1,1, 44350
21,44347,5,5,1, 44352
7,44352,1,1,1, 44353
30,44353,3,3,1, 44356
25,44355,2,2,1, 44357
8,44356,1,1,1, 44357
9,44357,2,2,1, 44359
29,44358,4,4,1, 44362
15,44361,2,2,1, 44363
2,44363,2,2,1, 44365
1,44366,1,1,1, 44367
22,44366,4,4,1, 44370
24,44369,1,1,1, 44370
23,44368,3,3,1, 44371
21,44367,5,5,1, 44372
7,44372,1,1,0, 44373
30,44373,3,3,1, 44376
25,44375,2,2,1, 44377
8,44376,1,1,0, 44377
9,44377,2,2,1, 44379
16,44379,2,2,1, 44381
29,44378,4,4,1, 44382
17,44379,3,3,1, 44382
18,44383,4,4,1, 44387
1,44386,1,1,0, 44387
24,44389,1,1,0, 44390
7,44392,1,1,0, 44393
30,44393,3,3,1, 44396
25,44395,2,2,1, 44397
31,44396,2,2,1, 44398
18,44403,4,4,1, 44407
1,44406,1,1,0, 44407
4,44406,4,4,1, 44410
24,44409,1,1,0, 44410
27,44412,4,4,1, 44416
18,44423,4,4,1, 44427
1,44426,1,1,1, 44427
24,44429,1,1,0, 44430
19,44426,5,5,1, 44431
27,44432,4,4,1, 44436
28,44434,5,5,1, 44439
9,44437,2,2,1, 44439
26,44437,3,3,1, 44440
17,44439,3,3,1, 44442
12,44440,5,5,1, 44445
1,44446,1,1,1, 44447
20,44443,6,6,1, 44449
24,44449,1,1,1, 44450
24,44469,1,1,1, 44470
24,44489,1,1,0, 44490
21,44487,5,5,1, 44492
8,44496,1,1,1, 44497
16,44499,2,2,1, 44501
29,44498,4,4,1, 44502
24,44509,1,1,0, 44510
7,44512,1,1,0, 44513
8,44516,1,1,0, 44517
29,44518,4,4,1, 44522
14,44519,3,3,1, 44522
13,44519,4,4,1, 44523
22,44526,4,4,1, 44530
24,44529,1,1,0, 44530
23,44528,3,3,1, 44531
6,44530,2,2,1, 44532
7,44532,1,1,1, 44533
8,44536,1,1,0, 44537
31,44536,2,2,1, 44538
29,44538,4,4,1, 44542
13,44539,4,4,1, 44543
15,44541,2,2,1, 44543
24,44549,1,1,0, 44550
6,44550,2,2,1, 44552
7,44552,1,1,0, 44553
25,44555,2,2,1, 44557
8,44556,1,1,0, 44557
9,44557,2,2,1, 44559
16,44559,2,2,1, 44561
29,44558,4,4,1, 44562
14,44559,3,3,1, 44562
1,44566,1,1,1, 44567
24,44569,1,1,0, 44570
23,44568,3,3,1, 44571
7,44572,1,1,0, 44573
30,44573,3,3,1, 44576
8,44576,1,1,1, 44577
31,44576,2,2,1, 44578
1,44586,1,1,1, 44587
5,44587,3,3,1, 44590
24,44589,1,1,1, 44590
7,44592,1,1,0, 44593
30,44593,3,3,1, 44596
25,44595,2,2,1, 44597
8,44596,1,1,1, 44597
17,44599,3,3,1, 44602
13,44599,4,4,1, 44603
1,44606,1,1,0, 44607
24,44609,1,1,1, 44610
21,44607,5,5,1, 44612
7,44612,1,1,0, 44613
30,44613,3,3,1, 44616
25,44615,2,2,1, 44617
8,44616,1,1,1, 44617
9,44617,2,2,1, 44619
16,44619,2,2,1, 44621
29,44618,4,4,1, 44622
17,44619,3,3,1, 44622
13,44619,4,4,1, 44623
15,44621,2,2,1, 44623
2,44623,2,2,1, 44625
1,44626,1,1,1, 44627
22,44626,4,4,1, 44630
5,44627,3,3,1, 44630
24,44629,1,1,0, 44630
6,44630,2,2,1, 44632
7,44632,1,1,0, 44633
25,44635,2,2,1, 44637
8,44636,1,1,0, 44637
31,44636,2,2,1, 44638
14,44639,3,3,1, 44642
17,44639,3,3,1, 44642
1,44646,1,1,1, 44647
24,44649,1,1,0, 44650
23,44648,3,3,1, 44651
21,44647,5,5,1, 44652
7,44652,1,1,0, 44653
25,44655,2,2,1, 44657
8,44656,1,1,0, 44657
9,44657,2,2,1, 44659
26,44657,3,3,1, 44660
16,44659,2,2,1, 44661
2,44663,2,2,1, 44665
1,44666,1,1,0, 44667
22,44666,4,4,1, 44670
24,44669,1,1,1, 44670
23,44668,3,3,1, 44671
21,44667,5,5,1, 44672
7,44672,1,1,1, 44673
8,44676,1,1,1, 44677
9,44677,2,2,1, 44679
26,44677,3,3,1, 44680
16,44679,2,2,1, 44681
17,44679,3,3,1, 44682
13,44679,4,4,1, 44683
15,44681,2,2,1, 44683
18,44683,4,4,1, 44687
1,44686,1,1,1, 44687
24,44689,1,1,0, 44690
23,44688,3,3,1, 44691
7,44692,1,1,0, 44693
8,44696,1,1,0, 44697
26,44697,3,3,1, 44700
14,44699,3,3,1, 44702
12,44700,5,5,1, 44705
2,44703,2,2,1, 44705
1,44706,1,1,0, 44707
3,44707,3,3,1, 44710
24,44709,1,1,0, 44710
19,44706,5,5,1, 44711
7,44712,1,1,0, 44713
25,44715,2,2,1, 44717
31,44716,2,2,1, 44718
26,44717,3,3,1, 44720
17,44719,3,3,1, 44722
24,44729,1,1,0, 44730
7,44732,1,1,0, 44733
31,44736,2,2,1, 44738
24,44749,1,1,1, 44750
6,44750,2,2,1, 44752
7,44752,1,1,1, 44753
31,44756,2,2,1, 44758
24,44769,1,1,1, 44770
7,44772,1,1,0, 44773
24,44789,1,1,1, 44790
7,44792,1,1,1, 44793
30,44793,3,3,1, 44796
22,44806,4,4,1, 44810
5,44807,3,3,1, 44810
24,44809,1,1,0, 44810
7,44812,1,1,0, 44813
30,44813,3,3,1, 44816
8,44816,1,1,0, 44817
31,44816,2,2,1, 44818
16,44819,2,2,1, 44821
1,44826,1,1,0, 44827
5,44827,3,3,1, 44830
24,44829,1,1,1, 44830
23,44828,3,3,1, 44831
6,44830,2,2,1, 44832
7,44832,1,1,0, 44833
30,44833,3,3,1, 44836
8,44836,1,1,0, 44837
31,44836,2,2,1, 44838
29,44838,4,4,1, 44842
14,44839,3,3,1, 44842
13,44839,4,4,1, 44843
1,44846,1,1,0, 44847
22,44846,4,4,1, 44850
24,44849,1,1,0, 44850
23,44848,3,3,1, 44851
21,44847,5,5,1, 44852
7,44852,1,1,1, 44853
25,44855,2,2,1, 44857
8,44856,1,1,1, 44857
16,44859,2,2,1, 44861
29,44858,4,4,1, 44862
14,44859,3,3,1, 44862
1,44866,1,1,1, 44867
5,44867,3,3,1, 44870
24,44869,1,1,1, 44870
7,44872,1,1,1, 44873
8,44876,1,1,0, 44877
17,44879,3,3,1, 44882
13,44879,4,4,1, 44883
1,44886,1,1,1, 44887
24,44889,1,1,1, 44890
23,44888,3,3,1, 44891
21,44887,5,5,1, 44892
6,44890,2,2,1, 44892
7,44892,1,1,0, 44893
30,44893,3,3,1, 44896
25,44895,2,2,1, 44897
8,44896,1,1,1, 44897
14,44899,3,3,1, 44902
17,44899,3,3,1, 44902
15,44901,2,2,1, 44903
1,44906,1,1,1, 44907
5,44907,3,3,1, 44910
24,44909,1,1,0, 44910
23,44908,3,3,1, 44911
7,44912,1,1,0, 44913
30,44913,3,3,1, 44916
25,44915,2,2,1, 44917
8,44916,1,1,0, 44917
14,44919,3,3,1, 44922
2,44923,2,2,1, 44925
1,44926,1,1,0, 44927
22,44926,4,4,1, 44930
5,44927,3,3,1, 44930
24,44929,1,1,0, 44930
6,44930,2,2,1, 44932
7,44932,1,1,0, 44933
30,44933,3,3,1, 44936
8,44936,1,1,1, 44937
16,44939,2,2,1, 44941
29,44938,4,4,1, 44942
13,44939,4,4,1, 44943
15,44941,2,2,1, 44943
2,44943,2,2,1, 44945
18,44943,4,4,1, 44947
1,44946,1,1,0, 44947
5,44947,3,3,1, 44950
24,44949,1,1,0, 44950
21,44947,5,5,1, 44952
7,44952,1,1,1, 44953
8,44956,1,1,1, 44957
16,44959,2,2,1, 44961
14,44959,3,3,1, 44962
13,44959,4,4,1, 44963
2,44963,2,2,1, 44965
1,44966,1,1,1, 44967
20,44963,6,6,1, 44969
4,44966,4,4,1, 44970
3,44967,3,3,1, 44970
5,44967,3,3,1, 44970
24,44969,1,1,0, 44970
6,44970,2,2,1, 44972
7,44972,1,1,0, 44973
27,44972,4,4,1, 44976
30,44973,3,3,1, 44976
25,44975,2,2,1, 44977
26,44977,3,3,1, 44980
29,44978,4,4,1, 44982
2,44983,2,2,1, 44985
1,44986,1,1,1, 44987
20,44983,6,6,1, 44989
3,44987,3,3,1, 44990
24,44989,1,1,0, 44990
19,44986,5,5,1, 44991
7,44992,1,1,1, 44993
27,44992,4,4,1, 44996
31,44996,2,2,1, 44998
9,44997,2,2,1, 44999
26,44997,3,3,1, 45000
29,44998,4,4,1, 45002
17,44999,3,3,1, 45002
12,45000,5,5,1, 45005
18,45003,4,4,1, 45007
1,45006,1,1,0, 45007
4,45006,4,4,1, 45010
5,45007,3,3,1, 45010
24,45009,1,1,1, 45010
7,45012,1,1,1, 45013
27,45012,4,4,1, 45016
30,45013,3,3,1, 45016
9,45017,2,2,1, 45019
5,45027,3,3,1, 45030
24,45029,1,1,1, 45030
7,45032,1,1,1, 45033
30,45033,3,3,1, 45036
5,45047,3,3,1, 45050
24,45049,1,1,0, 45050
6,45050,2,2,1, 45052
7,45052,1,1,0, 45053
24,45069,1,1,1, 45070
7,45072,1,1,1, 45073
30,45073,3,3,1, 45076
8,45076,1,1,1, 45077
31,45076,2,2,1, 45078
16,45079,2,2,1, 45081
29,45078,4,4,1, 45082
13,45079,4,4,1, 45083
24,45089,1,1,1, 45090
23,45088,3,3,1, 45091
6,45090,2,2,1, 45092
7,45092,1,1,1, 45093
30,45093,3,3,1, 45096
8,45096,1,1,0, 45097
13,45099,4,4,1, 45103
15,45101,2,2,1, 45103
22,45106,4,4,1, 45110
24,45109,1,1,1, 45110
23,45108,3,3,1, 45111
21,45107,5,5,1, 45112
8,45116,1,1,1, 45117
13,45119,4,4,1, 45123
15,45121,2,2,1, 45123
1,45126,1,1,0, 45127
24,45129,1,1,1, 45130
8,45136,1,1,1, 45137
16,45139,2,2,1, 45141
14,45139,3,3,1, 45142
17,45139,3,3,1, 45142
15,45141,2,2,1, 45143
1,45146,1,1,1, 45147
24,45149,1,1,0, 45150
21,45147,5,5,1, 45152
25,45155,2,2,1, 45157
8,45156,1,1,0, 45157
9,45157,2,2,1, 45159
26,45157,3,3,1, 45160
16,45159,2,2,1, 45161
17,45159,3,3,1, 45162
13,45159,4,4,1, 45163
15,45161,2,2,1, 45163
2,45163,2,2,1, 45165
18,45163,4,4,1, 45167
1,45166,1,1,0, 45167
22,45166,4,4,1, 45170
24,45169,1,1,0, 45170
23,45168,3,3,1, 45171
25,45175,2,2,1, 45177
8,45176,1,1,0, 45177
9,45177,2,2,1, 45179
14,45179,3,3,1, 45182
1,45186,1,1,0, 45187
24,45189,1,1,1, 45190
21,45187,5,5,1, 45192
8,45196,1,1,0, 45197
26,45197,3,3,1, 45200
29,45198,4,4,1, 45202
14,45199,3,3,1, 45202
17,45199,3,3,1, 45202
15,45201,2,2,1, 45203
12,45200,5,5,1, 45205
2,45203,2,2,1, 45205
18,45203,4,4,1, 45207
1,45206,1,1,1, 45207
20,45203,6,6,1, 45209
3,45207,3,3,1, 45210
24,45209,1,1,0, 45210
19,45206,5,5,1, 45211
23,45208,3,3,1, 45211
6,45210,2,2,1, 45212
7,45212,1,1,1, 45213
30,45213,3,3,1, 45216
25,45215,2,2,1, 45217
8,45216,1,1,1, 45217
11,45214,4,4,1, 45218
26,45217,3,3,1, 45220
16,45219,2,2,1, 45221
14,45219,3,3,1, 45222
17,45219,3,3,1, 45222
5,45227,3,3,1, 45230
24,45229,1,1,1, 45230
7,45232,1,1,1, 45233
31,45236,2,2,1, 45238
29,45238,4,4,1, 45242
24,45249,1,1,1, 45250
7,45252,1,1,0, 45253
31,45256,2,2,1, 45258
24,45269,1,1,1, 45270
7,45272,1,1,0, 45273
24,45289,1,1,0, 45290
7,45292,1,1,0, 45293
24,45309,1,1,1, 45310
7,45312,1,1,0, 45313
31,45316,2,2,1, 45318
24,45329,1,1,1, 45330
7,45332,1,1,1, 45333
8,45336,1,1,1, 45337
31,45336,2,2,1, 45338
9,45337,2,2,1, 45339
16,45339,2,2,1, 45341
13,45339,4,4,1, 45343
1,45346,1,1,0, 45347
24,45349,1,1,0, 45350
6,45350,2,2,1, 45352
7,45352,1,1,0, 45353
30,45353,3,3,1, 45356
8,45356,1,1,0, 45357
9,45357,2,2,1, 45359
14,45359,3,3,1, 45362
17,45359,3,3,1, 45362
1,45366,1,1,1, 45367
24,45369,1,1,0, 45370
21,45367,5,5,1, 45372
6,45370,2,2,1, 45372
7,45372,1,1,1, 45373
8,45376,1,1,0, 45377
9,45377,2,2,1, 45379
16,45379,2,2,1, 45381
14,45379,3,3,1, 45382
15,45381,2,2,1, 45383
2,45383,2,2,1, 45385
1,45386,1,1,1, 45387
5,45387,3,3,1, 45390
24,45389,1,1,0, 45390
23,45388,3,3,1, 45391
21,45387,5,5,1, 45392
6,45390,2,2,1, 45392
7,45392,1,1,0, 45393
25,45395,2,2,1, 45397
8,45396,1,1,0, 45397
26,45397,3,3,1, 45400
14,45399,3,3,1, 45402
17,45399,3,3,1, 45402
13,45399,4,4,1, 45403
15,45401,2,2,1, 45403
18,45403,4,4,1, 45407
1,45406,1,1,1, 45407
3,45407,3,3,1, 45410
24,45409,1,1,1, 45410
19,45406,5,5,1, 45411
6,45410,2,2,1, 45412
7,45412,1,1,1, 45413
27,45412,4,4,1, 45416
30,45413,3,3,1, 45416
25,45415,2,2,1, 45417
8,45416,1,1,1, 45417
31,45416,2,2,1, 45418
28,45414,5,5,1, 45419
29,45418,4,4,1, 45422
13,45419,4,4,1, 45423
12,45420,5,5,1, 45425
18,45423,4,4,1, 45427
1,45426,1,1,1, 45427
20,45423,6,6,1, 45429
22,45426,4,4,1, 45430
24,45429,1,1,0, 45430
23,45428,3,3,1, 45431
6,45430,2,2,1, 45432
7,45432,1,1,1, 45433
27,45432,4,4,1, 45436
30,45433,3,3,1, 45436
8,45436,1,1,0, 45437
9,45437,2,2,1, 45439
16,45439,2,2,1, 45441
29,45438,4,4,1, 45442
17,45439,3,3,1, 45442
15,45441,2,2,1, 45443
18,45443,4,4,1, 45447
1,45446,1,1,0, 45447
20,45443,6,6,1, 45449
3,45447,3,3,1, 45450
5,45447,3,3,1, 45450
24,45449,1,1,0, 45450
21,45447,5,5,1, 45452
7,45452,1,1,0, 45453
30,45453,3,3,1, 45456
8,45456,1,1,1, 45457
31,45456,2,2,1, 45458
15,45461,2,2,1, 45463
5,45467,3,3,1, 45470
24,45469,1,1,0, 45470
7,45472,1,1,0, 45473
8,45476,1,1,0, 45477
31,45476,2,2,1, 45478
29,45478,4,4,1, 45482
14,45479,3,3,1, 45482
13,45479,4,4,1, 45483
22,45486,4,4,1, 45490
24,45489,1,1,1, 45490
23,45488,3,3,1, 45491
21,45487,5,5,1, 45492
6,45490,2,2,1, 45492
7,45492,1,1,0, 45493
8,45496,1,1,0, 45497
14,45499,3,3,1, 45502
15,45501,2,2,1, 45503
5,45507,3,3,1, 45510
24,45509,1,1,0, 45510
7,45512,1,1,0, 45513
8,45516,1,1,0, 45517
31,45516,2,2,1, 45518
16,45519,2,2,1, 45521
29,45518,4,4,1, 45522
14,45519,3,3,1, 45522
13,45519,4,4,1, 45523
24,45529,1,1,1, 45530
6,45530,2,2,1, 45532
7,45532,1,1,0, 45533
30,45533,3,3,1, 45536
29,45538,4,4,1, 45542
24,45549,1,1,0, 45550
6,45550,2,2,1, 45552
7,45552,1,1,0, 45553
31,45556,2,2,1, 45558
9,45557,2,2,1, 45559
29,45558,4,4,1, 45562
2,45563,2,2,1, 45565
1,45566,1,1,1, 45567
24,45569,1,1,1, 45570
7,45572,1,1,0, 45573
30,45573,3,3,1, 45576
9,45577,2,2,1, 45579
17,45579,3,3,1, 45582
1,45586,1,1,0, 45587
4,45586,4,4,1, 45590
24,45589,1,1,1, 45590
6,45590,2,2,1, 45592
7,45592,1,1,1, 45593
31,45596,2,2,1, 45598
26,45597,3,3,1, 45600
17,45599,3,3,1, 45602
1,45606,1,1,0, 45607
5,45607,3,3,1, 45610
24,45609,1,1,1, 45610
19,45606,5,5,1, 45611
7,45612,1,1,1, 45613
27,45612,4,4,1, 45616
9,45617,2,2,1, 45619
26,45617,3,3,1, 45620
17,45619,3,3,1, 45622
12,45620,5,5,1, 45625
2,45623,2,2,1, 45625
1,45626,1,1,0, 45627
4,45626,4,4,1, 45630
3,45627,3,3,1, 45630
5,45627,3,3,1, 45630
24,45629,1,1,0, 45630
19,45626,5,5,1, 45631
21,45627,5,5,1, 45632
6,45630,2,2,1, 45632
7,45632,1,1,0, 45633
30,45633,3,3,1, 45636
8,45636,1,1,0, 45637
11,45634,4,4,1, 45638
16,45639,2,2,1, 45641
17,45639,3,3,1, 45642
2,45643,2,2,1, 45645
18,45643,4,4,1, 45647
1,45646,1,1,0, 45647
20,45643,6,6,1, 45649
24,45649,1,1,1, 45650
23,45648,3,3,1, 45651
7,45652,1,1,0, 45653
8,45656,1,1,0, 45657
31,45656,2,2,1, 45658
14,45659,3,3,1, 45662
15,45661,2,2,1, 45663
24,45669,1,1,0, 45670
23,45668,3,3,1, 45671
21,45667,5,5,1, 45672
6,45670,2,2,1, 45672
7,45672,1,1,0, 45673
30,45673,3,3,1, 45676
8,45676,1,1,0, 45677
16,45679,2,2,1, 45681
29,45678,4,4,1, 45682
14,45679,3,3,1, 45682
24,45689,1,1,0, 45690
23,45688,3,3,1, 45691
7,45692,1,1,1, 45693
8,45696,1,1,1, 45697
13,45699,4,4,1, 45703
15,45701,2,2,1, 45703
5,45707,3,3,1, 45710
24,45709,1,1,1, 45710
21,45707,5,5,1, 45712
6,45710,2,2,1, 45712
7,45712,1,1,1, 45713
8,45716,1,1,1, 45717
16,45719,2,2,1, 45721
29,45718,4,4,1, 45722
14,45719,3,3,1, 45722
13,45719,4,4,1, 45723
15,45721,2,2,1, 45723
22,45726,4,4,1, 45730
24,45729,1,1,1, 45730
23,45728,3,3,1, 45731
21,45727,5,5,1, 45732
6,45730,2,2,1, 45732
7,45732,1,1,0, 45733
8,45736,1,1,1, 45737
16,45739,2,2,1, 45741
14,45739,3,3,1, 45742
5,45747,3,3,1, 45750
24,45749,1,1,0, 45750
6,45750,2,2,1, 45752
7,45752,1,1,1, 45753
31,45756,2,2,1, 45758
26,45757,3,3,1, 45760
2,45763,2,2,1, 45765
1,45766,1,1,1, 45767
5,45767,3,3,1, 45770
24,45769,1,1,1, 45770
7,45772,1,1,1, 45773
25,45775,2,2,1, 45777
31,45776,2,2,1, 45778
9,45777,2,2,1, 45779
26,45777,3,3,1, 45780
29,45778,4,4,1, 45782
17,45779,3,3,1, 45782
1,45786,1,1,0, 45787
24,45789,1,1,1, 45790
9,45797,2,2,1, 45799
26,45797,3,3,1, 45800
2,45803,2,2,1, 45805
1,45806,1,1,0, 45807
24,45809,1,1,0, 45810
25,45815,2,2,1, 45817
9,45817,2,2,1, 45819
1,45826,1,1,0, 45827
24,45829,1,1,0, 45830
19,45826,5,5,1, 45831
27,45832,4,4,1, 45836
28,45834,5,5,1, 45839
26,45837,3,3,1, 45840
2,45843,2,2,1, 45845
18,45843,4,4,1, 45847
1,45846,1,1,1, 45847
20,45843,6,6,1, 45849
4,45846,4,4,1, 45850
22,45846,4,4,1, 45850
24,45849,1,1,0, 45850
23,45848,3,3,1, 45851
27,45852,4,4,1, 45856
8,45856,1,1,1, 45857
28,45854,5,5,1, 45859
16,45859,2,2,1, 45861
24,45869,1,1,1, 45870
8,45876,1,1,0, 45877
14,45879,3,3,1, 45882
24,45889,1,1,0, 45890
21,45887,5,5,1, 45892
6,45890,2,2,1, 45892
7,45892,1,1,1, 45893
30,45893,3,3,1, 45896
8,45896,1,1,1, 45897
31,45896,2,2,1, 45898
13,45899,4,4,1, 45903
15,45901,2,2,1, 45903
22,45906,4,4,1, 45910
5,45907,3,3,1, 45910
24,45909,1,1,1, 45910
21,45907,5,5,1, 45912
6,45910,2,2,1, 45912
7,45912,1,1,0, 45913
8,45916,1,1,0, 45917
31,45916,2,2,1, 45918
29,45918,4,4,1, 45922
14,45919,3,3,1, 45922
15,45921,2,2,1, 45923
22,45926,4,4,1, 45930
24,45929,1,1,1, 45930
23,45928,3,3,1, 45931
21,45927,5,5,1, 45932
6,45930,2,2,1, 45932
7,45932,1,1,1, 45933
30,45933,3,3,1, 45936
8,45936,1,1,0, 45937
31,45936,2,2,1, 45938
29,45938,4,4,1, 45942
22,45946,4,4,1, 45950
24,45949,1,1,0, 45950
23,45948,3,3,1, 45951
21,45947,5,5,1, 45952
6,45950,2,2,1, 45952
7,45952,1,1,1, 45953
30,45953,3,3,1, 45956
8,45956,1,1,1, 45957
17,45959,3,3,1, 45962
13,45959,4,4,1, 45963
1,45966,1,1,0, 45967
22,45966,4,4,1, 45970
24,45969,1,1,0, 45970
7,45972,1,1,0, 45973
30,45973,3,3,1, 45976
8,45976,1,1,0, 45977
31,45976,2,2,1, 45978
29,45978,4,4,1, 45982
14,45979,3,3,1, 45982
17,45979,3,3,1, 45982
13,45979,4,4,1, 45983
15,45981,2,2,1, 45983
1,45986,1,1,1, 45987
22,45986,4,4,1, 45990
5,45987,3,3,1, 45990
24,45989,1,1,0, 45990
23,45988,3,3,1, 45991
21,45987,5,5,1, 45992
7,45992,1,1,1, 45993
25,45995,2,2,1, 45997
8,45996,1,1,0, 45997
31,45996,2,2,1, 45998
9,45997,2,2,1, 45999
16,45999,2,2,1, 46001
29,45998,4,4,1, 46002
13,45999,4,4,1, 46003
2,46003,2,2,1, 46005
1,46006,1,1,0, 46007
20,46003,6,6,1, 46009
4,46006,4,4,1, 46010
5,46007,3,3,1, 46010
24,46009,1,1,0, 46010
6,46010,2,2,1, 46012
7,46012,1,1,1, 46013
30,46013,3,3,1, 46016
31,46016,2,2,1, 46018
26,46017,3,3,1, 46020
17,46019,3,3,1, 46022
1,46026,1,1,1, 46027
24,46029,1,1,0, 46030
2,46043,2,2,1, 46045
18,46043,4,4,1, 46047
1,46046,1,1,1, 46047
24,46049,1,1,1, 46050
17,46059,3,3,1, 46062
2,46063,2,2,1, 46065
1,46066,1,1,0, 46067
24,46069,1,1,0, 46070
25,46075,2,2,1, 46077
17,46079,3,3,1, 46082
1,46086,1,1,0, 46087
24,46089,1,1,1, 46090
9,46097,2,2,1, 46099
1,46106,1,1,1, 46107
24,46109,1,1,1, 46110
23,46108,3,3,1, 46111
8,46116,1,1,0, 46117
28,46114,5,5,1, 46119
9,46117,2,2,1, 46119
26,46117,3,3,1, 46120
14,46119,3,3,1, 46122
1,46126,1,1,0, 46127
20,46123,6,6,1, 46129
4,46126,4,4,1, 46130
24,46129,1,1,1, 46130
19,46126,5,5,1, 46131
23,46128,3,3,1, 46131
6,46130,2,2,1, 46132
7,46132,1,1,0, 46133
30,46133,3,3,1, 46136
25,46135,2,2,1, 46137
8,46136,1,1,1, 46137
11,46134,4,4,1, 46138
31,46136,2,2,1, 46138
29,46138,4,4,1, 46142
14,46139,3,3,1, 46142
17,46139,3,3,1, 46142
12,46140,5,5,1, 46145
22,46146,4,4,1, 46150
24,46149,1,1,1, 46150
21,46147,5,5,1, 46152
7,46152,1,1,1, 46153
8,46156,1,1,0, 46157
31,46156,2,2,1, 46158
14,46159,3,3,1, 46162
13,46159,4,4,1, 46163
24,46169,1,1,0, 46170
21,46167,5,5,1, 46172
7,46172,1,1,0, 46173
8,46176,1,1,1, 46177
31,46176,2,2,1, 46178
16,46179,2,2,1, 46181
13,46179,4,4,1, 46183
15,46181,2,2,1, 46183
24,46189,1,1,1, 46190
7,46192,1,1,0, 46193
8,46196,1,1,0, 46197
16,46199,2,2,1, 46201
24,46209,1,1,1, 46210
23,46208,3,3,1, 46211
21,46207,5,5,1, 46212
7,46212,1,1,1, 46213
8,46216,1,1,1, 46217
16,46219,2,2,1, 46221
13,46219,4,4,1, 46223
24,46229,1,1,1, 46230
7,46232,1,1,0, 46233
8,46236,1,1,1, 46237
31,46236,2,2,1, 46238
16,46239,2,2,1, 46241
14,46239,3,3,1, 46242
15,46241,2,2,1, 46243
5,46247,3,3,1, 46250
24,46249,1,1,0, 46250
6,46250,2,2,1, 46252
7,46252,1,1,0, 46253
30,46253,3,3,1, 46256
25,46255,2,2,1, 46257
8,46256,1,1,1, 46257
31,46256,2,2,1, 46258
9,46257,2,2,1, 46259
29,46258,4,4,1, 46262
15,46261,2,2,1, 46263
1,46266,1,1,1, 46267
24,46269,1,1,0, 46270
23,46268,3,3,1, 46271
7,46272,1,1,1, 46273
30,46273,3,3,1, 46276
8,46276,1,1,0, 46277
31,46276,2,2,1, 46278
13,46279,4,4,1, 46283
15,46281,2,2,1, 46283
1,46286,1,1,0, 46287
22,46286,4,4,1, 46290
24,46289,1,1,0, 46290
23,46288,3,3,1, 46291
21,46287,5,5,1, 46292
7,46292,1,1,0, 46293
8,46296,1,1,1, 46297
31,46296,2,2,1, 46298
9,46297,2,2,1, 46299
14,46299,3,3,1, 46302
1,46306,1,1,0, 46307
5,46307,3,3,1, 46310
24,46309,1,1,0, 46310
7,46312,1,1,1, 46313
31,46316,2,2,1, 46318
9,46317,2,2,1, 46319
29,46318,4,4,1, 46322
17,46319,3,3,1, 46322
2,46323,2,2,1, 46325
18,46323,4,4,1, 46327
1,46326,1,1,0, 46327
5,46327,3,3,1, 46330
24,46329,1,1,0, 46330
6,46330,2,2,1, 46332
7,46332,1,1,0, 46333
31,46336,2,2,1, 46338
18,46343,4,4,1, 46347
1,46346,1,1,1, 46347
20,46343,6,6,1, 46349
4,46346,4,4,1, 46350
5,46347,3,3,1, 46350
24,46349,1,1,1, 46350
19,46346,5,5,1, 46351
7,46352,1,1,0, 46353
27,46352,4,4,1, 46356
25,46355,2,2,1, 46357
29,46358,4,4,1, 46362
17,46359,3,3,1, 46362
12,46360,5,5,1, 46365
2,46363,2,2,1, 46365
1,46366,1,1,0, 46367
24,46369,1,1,1, 46370
19,46366,5,5,1, 46371
6,46370,2,2,1, 46372
7,46372,1,1,0, 46373
25,46375,2,2,1, 46377
11,46374,4,4,1, 46378
31,46376,2,2,1, 46378
26,46377,3,3,1, 46380
2,46383,2,2,1, 46385
1,46386,1,1,1, 46387
20,46383,6,6,1, 46389
4,46386,4,4,1, 46390
24,46389,1,1,0, 46390
6,46390,2,2,1, 46392
7,46392,1,1,1, 46393
31,46396,2,2,1, 46398
29,46398,4,4,1, 46402
22,46406,4,4,1, 46410
24,46409,1,1,1, 46410
6,46410,2,2,1, 46412
7,46412,1,1,0, 46413
8,46416,1,1,1, 46417
31,46416,2,2,1, 46418
16,46419,2,2,1, 46421
13,46419,4,4,1, 46423
24,46429,1,1,1, 46430
21,46427,5,5,1, 46432
6,46430,2,2,1, 46432
7,46432,1,1,1, 46433
30,46433,3,3,1, 46436
8,46436,1,1,0, 46437
31,46436,2,2,1, 46438
16,46439,2,2,1, 46441
29,46438,4,4,1, 46442
5,46447,3,3,1, 46450
24,46449,1,1,1, 46450
23,46448,3,3,1, 46451
6,46450,2,2,1, 46452
7,46452,1,1,1, 46453
30,46453,3,3,1, 46456
8,46456,1,1,0, 46457
13,46459,4,4,1, 46463
22,46466,4,4,1, 46470
24,46469,1,1,1, 46470
23,46468,3,3,1, 46471
7,46472,1,1,1, 46473
8,46476,1,1,1, 46477
29,46478,4,4,1, 46482
24,46489,1,1,0, 46490
23,46488,3,3,1, 46491
21,46487,5,5,1, 46492
6,46490,2,2,1, 46492
7,46492,1,1,1, 46493
8,46496,1,1,0, 46497
31,46496,2,2,1, 46498
16,46499,2,2,1, 46501
14,46499,3,3,1, 46502
15,46501,2,2,1, 46503
1,46506,1,1,0, 46507
24,46509,1,1,1, 46510
6,46510,2,2,1, 46512
7,46512,1,1,0, 46513
25,46515,2,2,1, 46517
8,46516,1,1,1, 46517
31,46516,2,2,1, 46518
9,46517,2,2,1, 46519
26,46517,3,3,1, 46520
14,46519,3,3,1, 46522
13,46519,4,4,1, 46523
18,46523,4,4,1, 46527
1,46526,1,1,1, 46527
22,46526,4,4,1, 46530
24,46529,1,1,0, 46530
23,46528,3,3,1, 46531
8,46536,1,1,0, 46537
9,46537,2,2,1, 46539
14,46539,3,3,1, 46542
17,46539,3,3,1, 46542
13,46539,4,4,1, 46543
2,46543,2,2,1, 46545
18,46543,4,4,1, 46547
1,46546,1,1,0, 46547
20,46543,6,6,1, 46549
3,46547,3,3,1, 46550
24,46549,1,1,0, 46550
19,46546,5,5,1, 46551
21,46547,5,5,1, 46552
8,46556,1,1,1, 46557
11,46554,4,4,1, 46558
13,46559,4,4,1, 46563
15,46561,2,2,1, 46563
2,46563,2,2,1, 46565
18,46563,4,4,1, 46567
1,46566,1,1,0, 46567
20,46563,6,6,1, 46569
22,46566,4,4,1, 46570
24,46569,1,1,0, 46570
19,46566,5,5,1, 46571
21,46567,5,5,1, 46572
25,46575,2,2,1, 46577
8,46576,1,1,1, 46577
28,46574,5,5,1, 46579
9,46577,2,2,1, 46579
16,46579,2,2,1, 46581
14,46579,3,3,1, 46582
17,46579,3,3,1, 46582
24,46589,1,1,1, 46590
24,46609,1,1,1, 46610
24,46629,1,1,0, 46630
6,46630,2,2,1, 46632
7,46632,1,1,1, 46633
30,46633,3,3,1, 46636
29,46638,4,4,1, 46642
24,46649,1,1,1, 46650
7,46652,1,1,1, 46653
31,46656,2,2,1, 46658
29,46658,4,4,1, 46662
5,46667,3,3,1, 46670
24,46669,1,1,1, 46670
6,46670,2,2,1, 46672
7,46672,1,1,0, 46673
31,46676,2,2,1, 46678
29,46678,4,4,1, 46682
1,46686,1,1,1, 46687
22,46686,4,4,1, 46690
24,46689,1,1,1, 46690
7,46692,1,1,0, 46693
8,46696,1,1,1, 46697
29,46698,4,4,1, 46702
17,46699,3,3,1, 46702
13,46699,4,4,1, 46703
15,46701,2,2,1, 46703
1,46706,1,1,1, 46707
22,46706,4,4,1, 46710
24,46709,1,1,0, 46710
23,46708,3,3,1, 46711
21,46707,5,5,1, 46712
6,46710,2,2,1, 46712
7,46712,1,1,1, 46713
30,46713,3,3,1, 46716
25,46715,2,2,1, 46717
8,46716,1,1,1, 46717
31,46716,2,2,1, 46718
29,46718,4,4,1, 46722
1,46726,1,1,0, 46727
22,46726,4,4,1, 46730
5,46727,3,3,1, 46730
24,46729,1,1,0, 46730
23,46728,3,3,1, 46731
7,46732,1,1,0, 46733
30,46733,3,3,1, 46736
25,46735,2,2,1, 46737
8,46736,1,1,1, 46737
31,46736,2,2,1, 46738
9,46737,2,2,1, 46739
26,46737,3,3,1, 46740
29,46738,4,4,1, 46742
13,46739,4,4,1, 46743
18,46743,4,4,1, 46747
1,46746,1,1,0, 46747
5,46747,3,3,1, 46750
24,46749,1,1,1, 46750
21,46747,5,5,1, 46752
7,46752,1,1,0, 46753
25,46755,2,2,1, 46757
8,46756,1,1,0, 46757
9,46757,2,2,1, 46759
16,46759,2,2,1, 46761
29,46758,4,4,1, 46762
14,46759,3,3,1, 46762
17,46759,3,3,1, 46762
13,46759,4,4,1, 46763
15,46761,2,2,1, 46763
18,46763,4,4,1, 46767
1,46766,1,1,1, 46767
5,46767,3,3,1, 46770
24,46769,1,1,0, 46770
23,46768,3,3,1, 46771
21,46767,5,5,1, 46772
7,46772,1,1,1, 46773
30,46773,3,3,1, 46776
25,46775,2,2,1, 46777
8,46776,1,1,1, 46777
31,46776,2,2,1, 46778
9,46777,2,2,1, 46779
13,46779,4,4,1, 46783
2,46783,2,2,1, 46785
18,46783,4,4,1, 46787
1,46786,1,1,0, 46787
22,46786,4,4,1, 46790
24,46789,1,1,0, 46790
23,46788,3,3,1, 46791
21,46787,5,5,1, 46792
7,46792,1,1,0, 46793
25,46795,2,2,1, 46797
8,46796,1,1,0, 46797
9,46797,2,2,1, 46799
26,46797,3,3,1, 46800
16,46799,2,2,1, 46801
29,46798,4,4,1, 46802
14,46799,3,3,1, 46802
13,46799,4,4,1, 46803
2,46803,2,2,1, 46805
1,46806,1,1,0, 46807
5,46807,3,3,1, 46810
24,46809,1,1,1, 46810
7,46812,1,1,0, 46813
30,46813,3,3,1, 46816
25,46815,2,2,1, 46817
9,46817,2,2,1, 46819
26,46817,3,3,1, 46820
17,46819,3,3,1, 46822
18,46823,4,4,1, 46827
1,46826,1,1,1, 46827
24,46829,1,1,0, 46830
6,46830,2,2,1, 46832
7,46832,1,1,1, 46833
30,46833,3,3,1, 46836
25,46835,2,2,1, 46837
29,46838,4,4,1, 46842
17,46839,3,3,1, 46842
12,46840,5,5,1, 46845
18,46843,4,4,1, 46847
5,46847,3,3,1, 46850
24,46849,1,1,0, 46850
7,46852,1,1,1, 46853
30,46853,3,3,1, 46856
24,46869,1,1,0, 46870
24,46889,1,1,0, 46890
24,46909,1,1,1, 46910
23,46908,3,3,1, 46911
21,46907,5,5,1, 46912
8,46916,1,1,0, 46917
16,46919,2,2,1, 46921
14,46919,3,3,1, 46922
22,46926,4,4,1, 46930
24,46929,1,1,0, 46930
23,46928,3,3,1, 46931
21,46927,5,5,1, 46932
8,46936,1,1,1, 46937
14,46939,3,3,1, 46942
13,46939,4,4,1, 46943
15,46941,2,2,1, 46943
22,46946,4,4,1, 46950
24,46949,1,1,0, 46950
23,46948,3,3,1, 46951
25,46955,2,2,1, 46957
8,46956,1,1,1, 46957
9,46957,2,2,1, 46959
16,46959,2,2,1, 46961
17,46959,3,3,1, 46962
1,46966,1,1,1, 46967
22,46966,4,4,1, 46970
24,46969,1,1,1, 46970
23,46968,3,3,1, 46971
21,46967,5,5,1, 46972
7,46972,1,1,1, 46973
8,46976,1,1,0, 46977
31,46976,2,2,1, 46978
9,46977,2,2,1, 46979
17,46979,3,3,1, 46982
13,46979,4,4,1, 46983
15,46981,2,2,1, 46983
1,46986,1,1,0, 46987
24,46989,1,1,0, 46990
23,46988,3,3,1, 46991
21,46987,5,5,1, 46992
7,46992,1,1,0, 46993
25,46995,2,2,1, 46997
9,46997,2,2,1, 46999
17,46999,3,3,1, 47002
1,47006,1,1,1, 47007
24,47009,1,1,0, 47010
7,47012,1,1,1, 47013
31,47016,2,2,1, 47018
9,47017,2,2,1, 47019
1,47026,1,1,1, 47027
24,47029,1,1,0, 47030
7,47032,1,1,0, 47033
25,47035,2,2,1, 47037
31,47036,2,2,1, 47038
26,47037,3,3,1, 47040
1,47046,1,1,0, 47047
24,47049,1,1,0, 47050
7,47052,1,1,0, 47053
30,47053,3,3,1, 47056
25,47055,2,2,1, 47057
31,47056,2,2,1, 47058
9,47057,2,2,1, 47059
26,47057,3,3,1, 47060
17,47059,3,3,1, 47062
2,47063,2,2,1, 47065
18,47063,4,4,1, 47067
1,47066,1,1,0, 47067
24,47069,1,1,1, 47070
7,47072,1,1,1, 47073
29,47078,4,4,1, 47082
17,47079,3,3,1, 47082
2,47083,2,2,1, 47085
18,47083,4,4,1, 47087
1,47086,1,1,0, 47087
4,47086,4,4,1, 47090
24,47089,1,1,1, 47090
7,47092,1,1,1, 47093
27,47092,4,4,1, 47096
25,47095,2,2,1, 47097
11,47094,4,4,1, 47098
31,47096,2,2,1, 47098
28,47094,5,5,1, 47099
9,47097,2,2,1, 47099
29,47098,4,4,1, 47102
14,47099,3,3,1, 47102
15,47101,2,2,1, 47103
22,47106,4,4,1, 47110
5,47107,3,3,1, 47110
24,47109,1,1,1, 47110
21,47107,5,5,1, 47112
7,47112,1,1,0, 47113
8,47116,1,1,1, 47117
29,47118,4,4,1, 47122
14,47119,3,3,1, 47122
15,47121,2,2,1, 47123
5,47127,3,3,1, 47130
24,47129,1,1,0, 47130
23,47128,3,3,1, 47131
21,47127,5,5,1, 47132
6,47130,2,2,1, 47132
7,47132,1,1,1, 47133
30,47133,3,3,1, 47136
8,47136,1,1,1, 47137
29,47138,4,4,1, 47142
14,47139,3,3,1, 47142
13,47139,4,4,1, 47143
15,47141,2,2,1, 47143
22,47146,4,4,1, 47150
24,47149,1,1,0, 47150
23,47148,3,3,1, 47151
7,47152,1,1,0, 47153
8,47156,1,1,1, 47157
31,47156,2,2,1, 47158
13,47159,4,4,1, 47163
22,47166,4,4,1, 47170
5,47167,3,3,1, 47170
24,47169,1,1,1, 47170
23,47168,3,3,1, 47171
6,47170,2,2,1, 47172
7,47172,1,1,0, 47173
8,47176,1,1,0, 47177
13,47179,4,4,1, 47183
22,47186,4,4,1, 47190
24,47189,1,1,0, 47190
23,47188,3,3,1, 47191
21,47187,5,5,1, 47192
7,47192,1,1,0, 47193
8,47196,1,1,1, 47197
16,47199,2,2,1, 47201
29,47198,4,4,1, 47202
13,47199,4,4,1, 47203
1,47206,1,1,1, 47207
24,47209,1,1,1, 47210
6,47210,2,2,1, 47212
7,47212,1,1,1, 47213
30,47213,3,3,1, 47216
31,47216,2,2,1, 47218
9,47217,2,2,1, 47219
17,47219,3,3,1, 47222
1,47226,1,1,0, 47227
24,47229,1,1,0, 47230
6,47230,2,2,1, 47232
7,47232,1,1,1, 47233
30,47233,3,3,1, 47236
9,47237,2,2,1, 47239
29,47238,4,4,1, 47242
17,47239,3,3,1, 47242
1,47246,1,1,0, 47247
5,47247,3,3,1, 47250
24,47249,1,1,0, 47250
7,47252,1,1,1, 47253
17,47259,3,3,1, 47262
2,47263,2,2,1, 47265
1,47266,1,1,1, 47267
24,47269,1,1,1, 47270
7,47272,1,1,0, 47273
31,47276,2,2,1, 47278
29,47278,4,4,1, 47282
17,47279,3,3,1, 47282
1,47286,1,1,1, 47287
5,47287,3,3,1, 47290
24,47289,1,1,0, 47290
7,47292,1,1,0, 47293
30,47293,3,3,1, 47296
25,47295,2,2,1, 47297
29,47298,4,4,1, 47302
17,47299,3,3,1, 47302
18,47303,4,4,1, 47307
1,47306,1,1,0, 47307
5,47307,3,3,1, 47310
24,47309,1,1,1, 47310
19,47306,5,5,1, 47311
23,47308,3,3,1, 47311
21,47307,5,5,1, 47312
7,47312,1,1,0, 47313
27,47312,4,4,1, 47316
30,47313,3,3,1, 47316
8,47316,1,1,0, 47317
9,47317,2,2,1, 47319
16,47319,2,2,1, 47321
17,47319,3,3,1, 47322
2,47323,2,2,1, 47325
18,47323,4,4,1, 47327
1,47326,1,1,1, 47327
5,47327,3,3,1, 47330
24,47329,1,1,1, 47330
19,47326,5,5,1, 47331
21,47327,5,5,1, 47332
6,47330,2,2,1, 47332
7,47332,1,1,1, 47333
8,47336,1,1,1, 47337
26,47337,3,3,1, 47340
16,47339,2,2,1, 47341
29,47338,4,4,1, 47342
13,47339,4,4,1, 47343
15,47341,2,2,1, 47343
1,47346,1,1,1, 47347
5,47347,3,3,1, 47350
24,47349,1,1,0, 47350
19,47346,5,5,1, 47351
21,47347,5,5,1, 47352
7,47352,1,1,1, 47353
8,47356,1,1,1, 47357
31,47356,2,2,1, 47358
9,47357,2,2,1, 47359
26,47357,3,3,1, 47360
16,47359,2,2,1, 47361
14,47359,3,3,1, 47362
17,47359,3,3,1, 47362
2,47363,2,2,1, 47365
1,47366,1,1,1, 47367
24,47369,1,1,0, 47370
19,47366,5,5,1, 47371
23,47368,3,3,1, 47371
7,47372,1,1,1, 47373
27,47372,4,4,1, 47376
8,47376,1,1,0, 47377
29,47378,4,4,1, 47382
14,47379,3,3,1, 47382
17,47379,3,3,1, 47382
18,47383,4,4,1, 47387
1,47386,1,1,0, 47387
5,47387,3,3,1, 47390
24,47389,1,1,0, 47390
21,47387,5,5,1, 47392
6,47390,2,2,1, 47392
7,47392,1,1,1, 47393
27,47392,4,4,1, 47396
30,47393,3,3,1, 47396
8,47396,1,1,1, 47397
31,47396,2,2,1, 47398
29,47398,4,4,1, 47402
14,47399,3,3,1, 47402
22,47406,4,4,1, 47410
24,47409,1,1,1, 47410
23,47408,3,3,1, 47411
21,47407,5,5,1, 47412
7,47412,1,1,1, 47413
8,47416,1,1,0, 47417
16,47419,2,2,1, 47421
29,47418,4,4,1, 47422
14,47419,3,3,1, 47422
13,47419,4,4,1, 47423
15,47421,2,2,1, 47423
5,47427,3,3,1, 47430
24,47429,1,1,1, 47430
7,47432,1,1,1, 47433
30,47433,3,3,1, 47436
8,47436,1,1,1, 47437
13,47439,4,4,1, 47443
24,47449,1,1,0, 47450
23,47448,3,3,1, 47451
7,47452,1,1,0, 47453
30,47453,3,3,1, 47456
8,47456,1,1,1, 47457
31,47456,2,2,1, 47458
16,47459,2,2,1, 47461
14,47459,3,3,1, 47462
5,47467,3,3,1, 47470
24,47469,1,1,0, 47470
7,47472,1,1,0, 47473
30,47473,3,3,1, 47476
24,47489,1,1,1, 47490
1,47506,1,1,1, 47507
24,47509,1,1,0, 47510
9,47517,2,2,1, 47519
17,47519,3,3,1, 47522
1,47526,1,1,0, 47527
24,47529,1,1,0, 47530
9,47537,2,2,1, 47539
1,47546,1,1,1, 47547
24,47549,1,1,0, 47550
9,47557,2,2,1, 47559
26,47557,3,3,1, 47560
2,47563,2,2,1, 47565
1,47566,1,1,1, 47567
24,47569,1,1,1, 47570
8,47576,1,1,1, 47577
26,47577,3,3,1, 47580
16,47579,2,2,1, 47581
17,47579,3,3,1, 47582
2,47583,2,2,1, 47585
18,47583,4,4,1, 47587
1,47586,1,1,1, 47587
24,47589,1,1,0, 47590
6,47590,2,2,1, 47592
7,47592,1,1,1, 47593
30,47593,3,3,1, 47596
25,47595,2,2,1, 47597
8,47596,1,1,0, 47597
31,47596,2,2,1, 47598
13,47599,4,4,1, 47603
18,47603,4,4,1, 47607
1,47606,1,1,0, 47607
24,47609,1,1,1, 47610
21,47607,5,5,1, 47612
7,47612,1,1,0, 47613
30,47613,3,3,1, 47616
8,47616,1,1,1, 47617
9,47617,2,2,1, 47619
26,47617,3,3,1, 47620
16,47619,2,2,1, 47621
14,47619,3,3,1, 47622
17,47619,3,3,1, 47622
15,47621,2,2,1, 47623
18,47623,4,4,1, 47627
1,47626,1,1,1, 47627
22,47626,4,4,1, 47630
5,47627,3,3,1, 47630
24,47629,1,1,1, 47630
6,47630,2,2,1, 47632
7,47632,1,1,1, 47633
30,47633,3,3,1, 47636
8,47636,1,1,1, 47637
26,47637,3,3,1, 47640
17,47639,3,3,1, 47642
13,47639,4,4,1, 47643
15,47641,2,2,1, 47643
2,47643,2,2,1, 47645
18,47643,4,4,1, 47647
1,47646,1,1,0, 47647
20,47643,6,6,1, 47649
3,47647,3,3,1, 47650
24,47649,1,1,0, 47650
19,47646,5,5,1, 47651
23,47648,3,3,1, 47651
21,47647,5,5,1, 47652
7,47652,1,1,0, 47653
30,47653,3,3,1, 47656
8,47656,1,1,1, 47657
11,47654,4,4,1, 47658
28,47654,5,5,1, 47659
16,47659,2,2,1, 47661
14,47659,3,3,1, 47662
17,47659,3,3,1, 47662
24,47669,1,1,0, 47670
7,47672,1,1,1, 47673
30,47673,3,3,1, 47676
8,47676,1,1,1, 47677
31,47676,2,2,1, 47678
29,47678,4,4,1, 47682
13,47679,4,4,1, 47683
15,47681,2,2,1, 47683
22,47686,4,4,1, 47690
24,47689,1,1,0, 47690
21,47687,5,5,1, 47692
7,47692,1,1,1, 47693
30,47693,3,3,1, 47696
8,47696,1,1,1, 47697
16,47699,2,2,1, 47701
24,47709,1,1,1, 47710
23,47708,3,3,1, 47711
21,47707,5,5,1, 47712
6,47710,2,2,1, 47712
7,47712,1,1,1, 47713
8,47716,1,1,0, 47717
31,47716,2,2,1, 47718
16,47719,2,2,1, 47721
15,47721,2,2,1, 47723
5,47727,3,3,1, 47730
24,47729,1,1,0, 47730
7,47732,1,1,1, 47733
30,47733,3,3,1, 47736
8,47736,1,1,0, 47737
31,47736,2,2,1, 47738
29,47738,4,4,1, 47742
14,47739,3,3,1, 47742
15,47741,2,2,1, 47743
22,47746,4,4,1, 47750
5,47747,3,3,1, 47750
24,47749,1,1,1, 47750
23,47748,3,3,1, 47751
6,47750,2,2,1, 47752
7,47752,1,1,0, 47753
30,47753,3,3,1, 47756
8,47756,1,1,0, 47757
31,47756,2,2,1, 47758
13,47759,4,4,1, 47763
1,47766,1,1,0, 47767
24,47769,1,1,1, 47770
6,47770,2,2,1, 47772
7,47772,1,1,0, 47773
30,47773,3,3,1, 47776
25,47775,2,2,1, 47777
9,47777,2,2,1, 47779
29,47778,4,4,1, 47782
17,47779,3,3,1, 47782
1,47786,1,1,0, 47787
5,47787,3,3,1, 47790
24,47789,1,1,1, 47790
6,47790,2,2,1, 47792
7,47792,1,1,0, 47793
25,47795,2,2,1, 47797
31,47796,2,2,1, 47798
9,47797,2,2,1, 47799
17,47799,3,3,1, 47802
1,47806,1,1,0, 47807
24,47809,1,1,1, 47810
6,47810,2,2,1, 47812
7,47812,1,1,0, 47813
31,47816,2,2,1, 47818
9,47817,2,2,1, 47819
26,47817,3,3,1, 47820
2,47823,2,2,1, 47825
1,47826,1,1,1, 47827
24,47829,1,1,1, 47830
25,47835,2,2,1, 47837
17,47839,3,3,1, 47842
1,47846,1,1,1, 47847
24,47849,1,1,1, 47850
17,47859,3,3,1, 47862
2,47863,2,2,1, 47865
1,47866,1,1,1, 47867
22,47866,4,4,1, 47870
24,47869,1,1,1, 47870
25,47875,2,2,1, 47877
8,47876,1,1,0, 47877
26,47877,3,3,1, 47880
16,47879,2,2,1, 47881
17,47879,3,3,1, 47882
13,47879,4,4,1, 47883
15,47881,2,2,1, 47883
1,47886,1,1,0, 47887
22,47886,4,4,1, 47890
24,47889,1,1,0, 47890
21,47887,5,5,1, 47892
8,47896,1,1,0, 47897
16,47899,2,2,1, 47901
2,47903,2,2,1, 47905
1,47906,1,1,0, 47907
24,47909,1,1,0, 47910
23,47908,3,3,1, 47911
21,47907,5,5,1, 47912
8,47916,1,1,1, 47917
26,47917,3,3,1, 47920
16,47919,2,2,1, 47921
17,47919,3,3,1, 47922
1,47926,1,1,1, 47927
20,47923,6,6,1, 47929
4,47926,4,4,1, 47930
22,47926,4,4,1, 47930
24,47929,1,1,1, 47930
19,47926,5,5,1, 47931
7,47932,1,1,0, 47933
30,47933,3,3,1, 47936
8,47936,1,1,0, 47937
11,47934,4,4,1, 47938
9,47937,2,2,1, 47939
26,47937,3,3,1, 47940
16,47939,2,2,1, 47941
29,47938,4,4,1, 47942
14,47939,3,3,1, 47942
13,47939,4,4,1, 47943
15,47941,2,2,1, 47943
1,47946,1,1,0, 47947
20,47943,6,6,1, 47949
24,47949,1,1,0, 47950
7,47952,1,1,0, 47953
25,47955,2,2,1, 47957
8,47956,1,1,0, 47957
31,47956,2,2,1, 47958
9,47957,2,2,1, 47959
16,47959,2,2,1, 47961
15,47961,2,2,1, 47963
22,47966,4,4,1, 47970
24,47969,1,1,0, 47970
23,47968,3,3,1, 47971
7,47972,1,1,1, 47973
8,47976,1,1,0, 47977
31,47976,2,2,1, 47978
16,47979,2,2,1, 47981
13,47979,4,4,1, 47983
15,47981,2,2,1, 47983
22,47986,4,4,1, 47990
24,47989,1,1,1, 47990
7,47992,1,1,0, 47993
31,47996,2,2,1, 47998
24,48009,1,1,0, 48010
7,48012,1,1,0, 48013
31,48016,2,2,1, 48018
24,48029,1,1,1, 48030
7,48032,1,1,1, 48033
31,48036,2,2,1, 48038
5,48047,3,3,1, 48050
24,48049,1,1,1, 48050
6,48050,2,2,1, 48052
7,48052,1,1,1, 48053
31,48056,2,2,1, 48058
1,48066,1,1,1, 48067
5,48067,3,3,1, 48070
24,48069,1,1,0, 48070
6,48070,2,2,1, 48072
7,48072,1,1,0, 48073
17,48079,3,3,1, 48082
1,48086,1,1,1, 48087
24,48089,1,1,1, 48090
21,48087,5,5,1, 48092
6,48090,2,2,1, 48092
7,48092,1,1,0, 48093
25,48095,2,2,1, 48097
8,48096,1,1,1, 48097
14,48099,3,3,1, 48102
17,48099,3,3,1, 48102
13,48099,4,4,1, 48103
15,48101,2,2,1, 48103
1,48106,1,1,0, 48107
22,48106,4,4,1, 48110
5,48107,3,3,1, 48110
24,48109,1,1,0, 48110
7,48112,1,1,0, 48113
30,48113,3,3,1, 48116
8,48116,1,1,1, 48117
31,48116,2,2,1, 48118
13,48119,4,4,1, 48123
15,48121,2,2,1, 48123
1,48126,1,1,1, 48127
24,48129,1,1,1, 48130
23,48128,3,3,1, 48131
21,48127,5,5,1, 48132
7,48132,1,1,1, 48133
8,48136,1,1,0, 48137
29,48138,4,4,1, 48142
14,48139,3,3,1, 48142
13,48139,4,4,1, 48143
1,48146,1,1,0, 48147
5,48147,3,3,1, 48150
24,48149,1,1,0, 48150
23,48148,3,3,1, 48151
21,48147,5,5,1, 48152
7,48152,1,1,1, 48153
8,48156,1,1,0, 48157
31,48156,2,2,1, 48158
9,48157,2,2,1, 48159
26,48157,3,3,1, 48160
29,48158,4,4,1, 48162
15,48161,2,2,1, 48163
18,48163,4,4,1, 48167
1,48166,1,1,0, 48167
5,48167,3,3,1, 48170
24,48169,1,1,0, 48170
21,48167,5,5,1, 48172
6,48170,2,2,1, 48172
7,48172,1,1,1, 48173
8,48176,1,1,0, 48177
31,48176,2,2,1, 48178
26,48177,3,3,1, 48180
16,48179,2,2,1, 48181
14,48179,3,3,1, 48182
13,48179,4,4,1, 48183
15,48181,2,2,1, 48183
12,48180,5,5,1, 48185
18,48183,4,4,1, 48187
1,48186,1,1,1, 48187
20,48183,6,6,1, 48189
5,48187,3,3,1, 48190
24,48189,1,1,1, 48190
21,48187,5,5,1, 48192
6,48190,2,2,1, 48192
7,48192,1,1,0, 48193
27,48192,4,4,1, 48196
30,48193,3,3,1, 48196
25,48195,2,2,1, 48197
8,48196,1,1,0, 48197
28,48194,5,5,1, 48199
16,48199,2,2,1, 48201
14,48199,3,3,1, 48202
13,48199,4,4,1, 48203
12,48200,5,5,1, 48205
2,48203,2,2,1, 48205
18,48203,4,4,1, 48207
1,48206,1,1,0, 48207
20,48203,6,6,1, 48209
3,48207,3,3,1, 48210
5,48207,3,3,1, 48210
24,48209,1,1,0, 48210
19,48206,5,5,1, 48211
7,48212,1,1,0, 48213
27,48212,4,4,1, 48216
25,48215,2,2,1, 48217
11,48214,4,4,1, 48218
31,48216,2,2,1, 48218
28,48214,5,5,1, 48219
12,48220,5,5,1, 48225
18,48223,4,4,1, 48227
1,48226,1,1,0, 48227
4,48226,4,4,1, 48230
5,48227,3,3,1, 48230
24,48229,1,1,0, 48230
19,48226,5,5,1, 48231
6,48230,2,2,1, 48232
7,48232,1,1,0, 48233
11,48234,4,4,1, 48238
28,48234,5,5,1, 48239
5,48247,3,3,1, 48250
24,48249,1,1,0, 48250
7,48252,1,1,1, 48253
31,48256,2,2,1, 48258
24,48269,1,1,1, 48270
6,48270,2,2,1, 48272
7,48272,1,1,0, 48273
31,48276,2,2,1, 48278
24,48289,1,1,1, 48290
6,48290,2,2,1, 48292
7,48292,1,1,0, 48293
30,48293,3,3,1, 48296
5,48307,3,3,1, 48310
24,48309,1,1,0, 48310
6,48310,2,2,1, 48312
7,48312,1,1,1, 48313
8,48316,1,1,1, 48317
31,48316,2,2,1, 48318
29,48318,4,4,1, 48322
14,48319,3,3,1, 48322
24,48329,1,1,1, 48330
7,48332,1,1,0, 48333
30,48333,3,3,1, 48336
8,48336,1,1,0, 48337
13,48339,4,4,1, 48343
2,48343,2,2,1, 48345
18,48343,4,4,1, 48347
1,48346,1,1,1, 48347
22,48346,4,4,1, 48350
5,48347,3,3,1, 48350
24,48349,1,1,0, 48350
6,48350,2,2,1, 48352
7,48352,1,1,1, 48353
30,48353,3,3,1, 48356
25,48355,2,2,1, 48357
8,48356,1,1,0, 48357
31,48356,2,2,1, 48358
16,48359,2,2,1, 48361
14,48359,3,3,1, 48362
15,48361,2,2,1, 48363
2,48363,2,2,1, 48365
1,48366,1,1,0, 48367
22,48366,4,4,1, 48370
24,48369,1,1,0, 48370
23,48368,3,3,1, 48371
6,48370,2,2,1, 48372
7,48372,1,1,0, 48373
30,48373,3,3,1, 48376
25,48375,2,2,1, 48377
8,48376,1,1,0, 48377
16,48379,2,2,1, 48381
14,48379,3,3,1, 48382
17,48379,3,3,1, 48382
13,48379,4,4,1, 48383
12,48380,5,5,1, 48385
18,48383,4,4,1, 48387
1,48386,1,1,0, 48387
20,48383,6,6,1, 48389
4,48386,4,4,1, 48390
3,48387,3,3,1, 48390
24,48389,1,1,0, 48390
23,48388,3,3,1, 48391
8,48396,1,1,0, 48397
28,48394,5,5,1, 48399
14,48399,3,3,1, 48402
17,48399,3,3,1, 48402
13,48399,4,4,1, 48403
15,48401,2,2,1, 48403
2,48403,2,2,1, 48405
1,48406,1,1,1, 48407
24,48409,1,1,1, 48410
19,48406,5,5,1, 48411
23,48408,3,3,1, 48411
27,48412,4,4,1, 48416
8,48416,1,1,0, 48417
9,48417,2,2,1, 48419
26,48417,3,3,1, 48420
16,48419,2,2,1, 48421
14,48419,3,3,1, 48422
15,48421,2,2,1, 48423
2,48423,2,2,1, 48425
24,48429,1,1,1, 48430
21,48427,5,5,1, 48432
8,48436,1,1,1, 48437
16,48439,2,2,1, 48441
14,48439,3,3,1, 48442
13,48439,4,4,1, 48443
24,48449,1,1,0, 48450
23,48448,3,3,1, 48451
21,48447,5,5,1, 48452
24,48469,1,1,0, 48470
29,48478,4,4,1, 48482
5,48487,3,3,1, 48490
24,48489,1,1,0, 48490
6,48490,2,2,1, 48492
7,48492,1,1,1, 48493
30,48493,3,3,1, 48496
31,48496,2,2,1, 48498
29,48498,4,4,1, 48502
24,48509,1,1,0, 48510
7,48512,1,1,0, 48513
30,48513,3,3,1, 48516
31,48516,2,2,1, 48518
24,48529,1,1,0, 48530
7,48532,1,1,0, 48533
30,48533,3,3,1, 48536
31,48536,2,2,1, 48538
9,48537,2,2,1, 48539
1,48546,1,1,0, 48547
24,48549,1,1,0, 48550
6,48550,2,2,1, 48552
7,48552,1,1,1, 48553
30,48553,3,3,1, 48556
8,48556,1,1,1, 48557
9,48557,2,2,1, 48559
29,48558,4,4,1, 48562
1,48566,1,1,0, 48567
22,48566,4,4,1, 48570
5,48567,3,3,1, 48570
24,48569,1,1,1, 48570
7,48572,1,1,1, 48573
30,48573,3,3,1, 48576
8,48576,1,1,0, 48577
31,48576,2,2,1, 48578
9,48577,2,2,1, 48579
16,48579,2,2,1, 48581
29,48578,4,4,1, 48582
14,48579,3,3,1, 48582
17,48579,3,3,1, 48582
13,48579,4,4,1, 48583
15,48581,2,2,1, 48583
2,48583,2,2,1, 48585
18,48583,4,4,1, 48587
1,48586,1,1,1, 48587
5,48587,3,3,1, 48590
24,48589,1,1,1, 48590
23,48588,3,3,1, 48591
7,48592,1,1,1, 48593
30,48593,3,3,1, 48596
25,48595,2,2,1, 48597
8,48596,1,1,0, 48597
31,48596,2,2,1, 48598
16,48599,2,2,1, 48601
14,48599,3,3,1, 48602
15,48601,2,2,1, 48603
2,48603,2,2,1, 48605
18,48603,4,4,1, 48607
1,48606,1,1,0, 48607
22,48606,4,4,1, 48610
24,48609,1,1,1, 48610
23,48608,3,3,1, 48611
21,48607,5,5,1, 48612
7,48612,1,1,1, 48613
25,48615,2,2,1, 48617
8,48616,1,1,1, 48617
31,48616,2,2,1, 48618
14,48619,3,3,1, 48622
13,48619,4,4,1, 48623
15,48621,2,2,1, 48623
2,48623,2,2,1, 48625
18,48623,4,4,1, 48627
1,48626,1,1,0, 48627
5,48627,3,3,1, 48630
24,48629,1,1,1, 48630
23,48628,3,3,1, 48631
7,48632,1,1,1, 48633
30,48633,3,3,1, 48636
25,48635,2,2,1, 48637
8,48636,1,1,0, 48637
11,48634,4,4,1, 48638
31,48636,2,2,1, 48638
26,48637,3,3,1, 48640
14,48639,3,3,1, 48642
17,48639,3,3,1, 48642
13,48639,4,4,1, 48643
12,48640,5,5,1, 48645
2,48643,2,2,1, 48645
1,48646,1,1,1, 48647
4,48646,4,4,1, 48650
24,48649,1,1,0, 48650
19,48646,5,5,1, 48651
23,48648,3,3,1, 48651
21,48647,5,5,1, 48652
8,48656,1,1,0, 48657
28,48654,5,5,1, 48659
26,48657,3,3,1, 48660
16,48659,2,2,1, 48661
18,48663,4,4,1, 48667
24,48669,1,1,0, 48670
23,48668,3,3,1, 48671
21,48667,5,5,1, 48672
24,48689,1,1,0, 48690
24,48709,1,1,1, 48710
24,48729,1,1,0, 48730
24,48749,1,1,1, 48750
7,48752,1,1,0, 48753
31,48756,2,2,1, 48758
24,48769,1,1,0, 48770
7,48772,1,1,0, 48773
25,48775,2,2,1, 48777
8,48776,1,1,1, 48777
31,48776,2,2,1, 48778
9,48777,2,2,1, 48779
1,48786,1,1,0, 48787
22,48786,4,4,1, 48790
5,48787,3,3,1, 48790
24,48789,1,1,0, 48790
23,48788,3,3,1, 48791
21,48787,5,5,1, 48792
7,48792,1,1,0, 48793
8,48796,1,1,0, 48797
31,48796,2,2,1, 48798
29,48798,4,4,1, 48802
14,48799,3,3,1, 48802
17,48799,3,3,1, 48802
13,48799,4,4,1, 48803
15,48801,2,2,1, 48803
1,48806,1,1,1, 48807
24,48809,1,1,0, 48810
23,48808,3,3,1, 48811
21,48807,5,5,1, 48812
6,48810,2,2,1, 48812
7,48812,1,1,1, 48813
30,48813,3,3,1, 48816
8,48816,1,1,1, 48817
29,48818,4,4,1, 48822
14,48819,3,3,1, 48822
17,48819,3,3,1, 48822
1,48826,1,1,0, 48827
24,48829,1,1,1, 48830
21,48827,5,5,1, 48832
7,48832,1,1,1, 48833
30,48833,3,3,1, 48836
25,48835,2,2,1, 48837
8,48836,1,1,0, 48837
31,48836,2,2,1, 48838
9,48837,2,2,1, 48839
26,48837,3,3,1, 48840
29,48838,4,4,1, 48842
14,48839,3,3,1, 48842
17,48839,3,3,1, 48842
15,48841,2,2,1, 48843
2,48843,2,2,1, 48845
1,48846,1,1,0, 48847
22,48846,4,4,1, 48850
5,48847,3,3,1, 48850
24,48849,1,1,0, 48850
7,48852,1,1,0, 48853
8,48856,1,1,0, 48857
31,48856,2,2,1, 48858
26,48857,3,3,1, 48860
16,48859,2,2,1, 48861
15,48861,2,2,1, 48863
2,48863,2,2,1, 48865
18,48863,4,4,1, 48867
1,48866,1,1,0, 48867
22,48866,4,4,1, 48870
5,48867,3,3,1, 48870
24,48869,1,1,0, 48870
21,48867,5,5,1, 48872
6,48870,2,2,1, 48872
7,48872,1,1,0, 48873
30,48873,3,3,1, 48876
25,48875,2,2,1, 48877
8,48876,1,1,1, 48877
31,48876,2,2,1, 48878
28,48874,5,5,1, 48879
9,48877,2,2,1, 48879
17,48879,3,3,1, 48882
15,48881,2,2,1, 48883
2,48883,2,2,1, 48885
1,48886,1,1,0, 48887
20,48883,6,6,1, 48889
22,48886,4,4,1, 48890
24,48889,1,1,0, 48890
19,48886,5,5,1, 48891
23,48888,3,3,1, 48891
6,48890,2,2,1, 48892
7,48892,1,1,0, 48893
30,48893,3,3,1, 48896
8,48896,1,1,1, 48897
31,48896,2,2,1, 48898
28,48894,5,5,1, 48899
9,48897,2,2,1, 48899
14,48899,3,3,1, 48902
17,48899,3,3,1, 48902
15,48901,2,2,1, 48903
12,48900,5,5,1, 48905
5,48907,3,3,1, 48910
24,48909,1,1,0, 48910
7,48912,1,1,1, 48913
31,48916,2,2,1, 48918
29,48918,4,4,1, 48922
5,48927,3,3,1, 48930
24,48929,1,1,0, 48930
7,48932,1,1,1, 48933
29,48938,4,4,1, 48942
24,48949,1,1,0, 48950
6,48950,2,2,1, 48952
7,48952,1,1,1, 48953
24,48969,1,1,0, 48970
7,48972,1,1,1, 48973
31,48976,2,2,1, 48978
5,48987,3,3,1, 48990
24,48989,1,1,0, 48990
7,48992,1,1,0, 48993
31,48996,2,2,1, 48998
1,49006,1,1,0, 49007
22,49006,4,4,1, 49010
5,49007,3,3,1, 49010
24,49009,1,1,1, 49010
23,49008,3,3,1, 49011
6,49010,2,2,1, 49012
7,49012,1,1,1, 49013
25,49015,2,2,1, 49017
8,49016,1,1,0, 49017
9,49017,2,2,1, 49019
29,49018,4,4,1, 49022
14,49019,3,3,1, 49022
1,49026,1,1,1, 49027
5,49027,3,3,1, 49030
24,49029,1,1,0, 49030
23,49028,3,3,1, 49031
21,49027,5,5,1, 49032
7,49032,1,1,0, 49033
8,49036,1,1,1, 49037
31,49036,2,2,1, 49038
9,49037,2,2,1, 49039
16,49039,2,2,1, 49041
29,49038,4,4,1, 49042
17,49039,3,3,1, 49042
15,49041,2,2,1, 49043
1,49046,1,1,1, 49047
22,49046,4,4,1, 49050
5,49047,3,3,1, 49050
24,49049,1,1,0, 49050
23,49048,3,3,1, 49051
21,49047,5,5,1, 49052
7,49052,1,1,0, 49053
30,49053,3,3,1, 49056
8,49056,1,1,0, 49057
16,49059,2,2,1, 49061
1,49066,1,1,0, 49067
24,49069,1,1,0, 49070
19,49066,5,5,1, 49071
8,49076,1,1,0, 49077
14,49079,3,3,1, 49082
12,49080,5,5,1, 49085
2,49083,2,2,1, 49085
1,49086,1,1,0, 49087
4,49086,4,4,1, 49090
24,49089,1,1,0, 49090
19,49086,5,5,1, 49091
23,49088,3,3,1, 49091
21,49087,5,5,1, 49092
25,49095,2,2,1, 49097
8,49096,1,1,1, 49097
9,49097,2,2,1, 49099
14,49099,3,3,1, 49102
13,49099,4,4,1, 49103
18,49103,4,4,1, 49107
1,49106,1,1,0, 49107
24,49109,1,1,1, 49110
8,49116,1,1,0, 49117
14,49119,3,3,1, 49122
17,49119,3,3,1, 49122
13,49119,4,4,1, 49123
15,49121,2,2,1, 49123
18,49123,4,4,1, 49127
1,49126,1,1,0, 49127
24,49129,1,1,0, 49130
8,49136,1,1,1, 49137
17,49139,3,3,1, 49142
13,49139,4,4,1, 49143
2,49143,2,2,1, 49145
18,49143,4,4,1, 49147
1,49146,1,1,1, 49147
24,49149,1,1,1, 49150
25,49155,2,2,1, 49157
8,49156,1,1,1, 49157
26,49157,3,3,1, 49160
17,49159,3,3,1, 49162
13,49159,4,4,1, 49163
2,49163,2,2,1, 49165
1,49166,1,1,1, 49167
5,49167,3,3,1, 49170
24,49169,1,1,1, 49170
6,49170,2,2,1, 49172
7,49172,1,1,0, 49173
30,49173,3,3,1, 49176
8,49176,1,1,1, 49177
31,49176,2,2,1, 49178
26,49177,3,3,1, 49180
29,49178,4,4,1, 49182
14,49179,3,3,1, 49182
1,49186,1,1,1, 49187
24,49189,1,1,1, 49190
6,49190,2,2,1, 49192
7,49192,1,1,1, 49193
30,49193,3,3,1, 49196
25,49195,2,2,1, 49197
8,49196,1,1,0, 49197
11,49194,4,4,1, 49198
31,49196,2,2,1, 49198
28,49194,5,5,1, 49199
26,49197,3,3,1, 49200
29,49198,4,4,1, 49202
14,49199,3,3,1, 49202
13,49199,4,4,1, 49203
12,49200,5,5,1, 49205
24,49209,1,1,1, 49210
23,49208,3,3,1, 49211
21,49207,5,5,1, 49212
6,49210,2,2,1, 49212
7,49212,1,1,1, 49213
30,49213,3,3,1, 49216
8,49216,1,1,1, 49217
29,49218,4,4,1, 49222
13,49219,4,4,1, 49223
24,49229,1,1,1, 49230
21,49227,5,5,1, 49232
6,49230,2,2,1, 49232
7,49232,1,1,0, 49233
8,49236,1,1,1, 49237
16,49239,2,2,1, 49241
15,49241,2,2,1, 49243
24,49249,1,1,0, 49250
23,49248,3,3,1, 49251
7,49252,1,1,1, 49253
8,49256,1,1,0, 49257
31,49256,2,2,1, 49258
14,49259,3,3,1, 49262
24,49269,1,1,0, 49270
6,49270,2,2,1, 49272
7,49272,1,1,0, 49273
31,49276,2,2,1, 49278
29,49278,4,4,1, 49282
24,49289,1,1,1, 49290
7,49292,1,1,0, 49293
1,49306,1,1,1, 49307
24,49309,1,1,1, 49310
7,49312,1,1,0, 49313
26,49317,3,3,1, 49320
29,49318,4,4,1, 49322
1,49326,1,1,1, 49327
20,49323,6,6,1, 49329
4,49326,4,4,1, 49330
3,49327,3,3,1, 49330
5,49327,3,3,1, 49330
24,49329,1,1,0, 49330
6,49330,2,2,1, 49332
7,49332,1,1,0, 49333
30,49333,3,3,1, 49336
31,49336,2,2,1, 49338
29,49338,4,4,1, 49342
1,49346,1,1,0, 49347
5,49347,3,3,1, 49350
24,49349,1,1,0, 49350
7,49352,1,1,1, 49353
30,49353,3,3,1, 49356
25,49355,2,2,1, 49357
31,49356,2,2,1, 49358
9,49357,2,2,1, 49359
17,49359,3,3,1, 49362
1,49366,1,1,0, 49367
22,49366,4,4,1, 49370
24,49369,1,1,0, 49370
23,49368,3,3,1, 49371
21,49367,5,5,1, 49372
6,49370,2,2,1, 49372
7,49372,1,1,1, 49373
25,49375,2,2,1, 49377
8,49376,1,1,1, 49377
9,49377,2,2,1, 49379
16,49379,2,2,1, 49381
29,49378,4,4,1, 49382
17,49379,3,3,1, 49382
15,49381,2,2,1, 49383
1,49386,1,1,1, 49387
24,49389,1,1,0, 49390
23,49388,3,3,1, 49391
6,49390,2,2,1, 49392
7,49392,1,1,0, 49393
30,49393,3,3,1, 49396
8,49396,1,1,0, 49397
16,49399,2,2,1, 49401
17,49399,3,3,1, 49402
15,49401,2,2,1, 49403
1,49406,1,1,1, 49407
22,49406,4,4,1, 49410
24,49409,1,1,0, 49410
21,49407,5,5,1, 49412
25,49415,2,2,1, 49417
8,49416,1,1,0, 49417
9,49417,2,2,1, 49419
14,49419,3,3,1, 49422
13,49419,4,4,1, 49423
15,49421,2,2,1, 49423
1,49426,1,1,0, 49427
22,49426,4,4,1, 49430
24,49429,1,1,0, 49430
23,49428,3,3,1, 49431
27,49432,4,4,1, 49436
25,49435,2,2,1, 49437
8,49436,1,1,0, 49437
17,49439,3,3,1, 49442
18,49443,4,4,1, 49447
1,49446,1,1,1, 49447
24,49449,1,1,0, 49450
8,49456,1,1,0, 49457
16,49459,2,2,1, 49461
14,49459,3,3,1, 49462
13,49459,4,4,1, 49463
15,49461,2,2,1, 49463
1,49466,1,1,1, 49467
22,49466,4,4,1, 49470
24,49469,1,1,1, 49470
25,49475,2,2,1, 49477
8,49476,1,1,0, 49477
16,49479,2,2,1, 49481
14,49479,3,3,1, 49482
15,49481,2,2,1, 49483
2,49483,2,2,1, 49485
18,49483,4,4,1, 49487
1,49486,1,1,0, 49487
24,49489,1,1,0, 49490
25,49495,2,2,1, 49497
9,49497,2,2,1, 49499
2,49503,2,2,1, 49505
1,49506,1,1,0, 49507
5,49507,3,3,1, 49510
24,49509,1,1,0, 49510
6,49510,2,2,1, 49512
7,49512,1,1,1, 49513
25,49515,2,2,1, 49517
9,49517,2,2,1, 49519
26,49517,3,3,1, 49520
29,49518,4,4,1, 49522
17,49519,3,3,1, 49522
2,49523,2,2,1, 49525
18,49523,4,4,1, 49527
1,49526,1,1,0, 49527
24,49529,1,1,1, 49530
6,49530,2,2,1, 49532
7,49532,1,1,1, 49533
30,49533,3,3,1, 49536
31,49536,2,2,1, 49538
17,49539,3,3,1, 49542
2,49543,2,2,1, 49545
18,49543,4,4,1, 49547
24,49549,1,1,1, 49550
7,49552,1,1,1, 49553
30,49553,3,3,1, 49556
31,49556,2,2,1, 49558
29,49558,4,4,1, 49562
24,49569,1,1,0, 49570
7,49572,1,1,1, 49573
24,49589,1,1,0, 49590
23,49588,3,3,1, 49591
21,49587,5,5,1, 49592
7,49592,1,1,1, 49593
8,49596,1,1,0, 49597
31,49596,2,2,1, 49598
14,49599,3,3,1, 49602
13,49599,4,4,1, 49603
24,49609,1,1,1, 49610
23,49608,3,3,1, 49611
7,49612,1,1,1, 49613
8,49616,1,1,1, 49617
14,49619,3,3,1, 49622
24,49629,1,1,1, 49630
21,49627,5,5,1, 49632
7,49632,1,1,0, 49633
8,49636,1,1,0, 49637
14,49639,3,3,1, 49642
22,49646,4,4,1, 49650
24,49649,1,1,0, 49650
23,49648,3,3,1, 49651
7,49652,1,1,1, 49653
25,49655,2,2,1, 49657
8,49656,1,1,1, 49657
9,49657,2,2,1, 49659
17,49659,3,3,1, 49662
1,49666,1,1,1, 49667
24,49669,1,1,0, 49670
23,49668,3,3,1, 49671
6,49670,2,2,1, 49672
7,49672,1,1,1, 49673
8,49676,1,1,0, 49677
31,49676,2,2,1, 49678
14,49679,3,3,1, 49682
17,49679,3,3,1, 49682
15,49681,2,2,1, 49683
1,49686,1,1,0, 49687
24,49689,1,1,1, 49690
7,49692,1,1,1, 49693
8,49696,1,1,1, 49697
31,49696,2,2,1, 49698
16,49699,2,2,1, 49701
29,49698,4,4,1, 49702
13,49699,4,4,1, 49703
15,49701,2,2,1, 49703
1,49706,1,1,0, 49707
24,49709,1,1,1, 49710
23,49708,3,3,1, 49711
6,49710,2,2,1, 49712
7,49712,1,1,0, 49713
8,49716,1,1,1, 49717
31,49716,2,2,1, 49718
9,49717,2,2,1, 49719
14,49719,3,3,1, 49722
17,49719,3,3,1, 49722
1,49726,1,1,1, 49727
5,49727,3,3,1, 49730
24,49729,1,1,0, 49730
7,49732,1,1,0, 49733
30,49733,3,3,1, 49736
8,49736,1,1,1, 49737
26,49737,3,3,1, 49740
14,49739,3,3,1, 49742
17,49739,3,3,1, 49742
13,49739,4,4,1, 49743
15,49741,2,2,1, 49743
1,49746,1,1,1, 49747
5,49747,3,3,1, 49750
24,49749,1,1,1, 49750
21,49747,5,5,1, 49752
6,49750,2,2,1, 49752
7,49752,1,1,0, 49753
25,49755,2,2,1, 49757
8,49756,1,1,0, 49757
9,49757,2,2,1, 49759
17,49759,3,3,1, 49762
13,49759,4,4,1, 49763
15,49761,2,2,1, 49763
18,49763,4,4,1, 49767
1,49766,1,1,0, 49767
22,49766,4,4,1, 49770
24,49769,1,1,0, 49770
21,49767,5,5,1, 49772
6,49770,2,2,1, 49772
7,49772,1,1,0, 49773
25,49775,2,2,1, 49777
8,49776,1,1,0, 49777
31,49776,2,2,1, 49778
9,49777,2,2,1, 49779
26,49777,3,3,1, 49780
13,49779,4,4,1, 49783
18,49783,4,4,1, 49787
1,49786,1,1,0, 49787
20,49783,6,6,1, 49789
4,49786,4,4,1, 49790
22,49786,4,4,1, 49790
3,49787,3,3,1, 49790
5,49787,3,3,1, 49790
24,49789,1,1,0, 49790
21,49787,5,5,1, 49792
7,49792,1,1,0, 49793
27,49792,4,4,1, 49796
8,49796,1,1,1, 49797
11,49794,4,4,1, 49798
9,49797,2,2,1, 49799
26,49797,3,3,1, 49800
16,49799,2,2,1, 49801
29,49798,4,4,1, 49802
2,49803,2,2,1, 49805
18,49803,4,4,1, 49807
1,49806,1,1,1, 49807
20,49803,6,6,1, 49809
24,49809,1,1,0, 49810
6,49810,2,2,1, 49812
7,49812,1,1,1, 49813
24,49829,1,1,0, 49830
6,49830,2,2,1, 49832
7,49832,1,1,1, 49833
29,49838,4,4,1, 49842
5,49847,3,3,1, 49850
24,49849,1,1,1, 49850
7,49852,1,1,0, 49853
5,49867,3,3,1, 49870
24,49869,1,1,0, 49870
6,49870,2,2,1, 49872
7,49872,1,1,1, 49873
30,49873,3,3,1, 49876
5,49887,3,3,1, 49890
24,49889,1,1,0, 49890
6,49890,2,2,1, 49892
7,49892,1,1,0, 49893
30,49893,3,3,1, 49896
31,49896,2,2,1, 49898
22,49906,4,4,1, 49910
24,49909,1,1,0, 49910
23,49908,3,3,1, 49911
21,49907,5,5,1, 49912
7,49912,1,1,1, 49913
8,49916,1,1,0, 49917
16,49919,2,2,1, 49921
14,49919,3,3,1, 49922
15,49921,2,2,1, 49923
1,49926,1,1,1, 49927
24,49929,1,1,0, 49930
6,49930,2,2,1, 49932
7,49932,1,1,1, 49933
30,49933,3,3,1, 49936
25,49935,2,2,1, 49937
8,49936,1,1,0, 49937
16,49939,2,2,1, 49941
17,49939,3,3,1, 49942
1,49946,1,1,0, 49947
22,49946,4,4,1, 49950
5,49947,3,3,1, 49950
24,49949,1,1,0, 49950
23,49948,3,3,1, 49951
6,49950,2,2,1, 49952
7,49952,1,1,1, 49953
25,49955,2,2,1, 49957
8,49956,1,1,0, 49957
9,49957,2,2,1, 49959
16,49959,2,2,1, 49961
29,49958,4,4,1, 49962
14,49959,3,3,1, 49962
13,49959,4,4,1, 49963
15,49961,2,2,1, 49963
1,49966,1,1,1, 49967
22,49966,4,4,1, 49970
24,49969,1,1,0, 49970
23,49968,3,3,1, 49971
6,49970,2,2,1, 49972
7,49972,1,1,0, 49973
30,49973,3,3,1, 49976
8,49976,1,1,0, 49977
31,49976,2,2,1, 49978
26,49977,3,3,1, 49980
16,49979,2,2,1, 49981
17,49979,3,3,1, 49982
15,49981,2,2,1, 49983
1,49986,1,1,0, 49987
22,49986,4,4,1, 49990
24,49989,1,1,1, 49990
23,49988,3,3,1, 49991
21,49987,5,5,1, 49992
7,49992,1,1,0, 49993
17,49999,3,3,1, 50002
1,50006,1,1,1, 50007
24,50009,1,1,0, 50010
7,50012,1,1,1, 50013
30,50013,3,3,1, 50016
25,50015,2,2,1, 50017
26,50017,3,3,1, 50020
18,50023,4,4,1, 50027
1,50026,1,1,1, 50027
24,50029,1,1,1, 50030
6,50030,2,2,1, 50032
7,50032,1,1,1, 50033
30,50033,3,3,1, 50036
25,50035,2,2,1, 50037
31,50036,2,2,1, 50038
9,50037,2,2,1, 50039
29,50038,4,4,1, 50042
17,50039,3,3,1, 50042
2,50043,2,2,1, 50045
1,50046,1,1,0, 50047
24,50049,1,1,1, 50050
6,50050,2,2,1, 50052
7,50052,1,1,1, 50053
30,50053,3,3,1, 50056
31,50056,2,2,1, 50058
26,50057,3,3,1, 50060
29,50058,4,4,1, 50062
2,50063,2,2,1, 50065
18,50063,4,4,1, 50067
1,50066,1,1,0, 50067
3,50067,3,3,1, 50070
5,50067,3,3,1, 50070
24,50069,1,1,1, 50070
7,50072,1,1,0, 50073
27,50072,4,4,1, 50076
11,50074,4,4,1, 50078
31,50076,2,2,1, 50078
29,50078,4,4,1, 50082
17,50079,3,3,1, 50082
12,50080,5,5,1, 50085
2,50083,2,2,1, 50085
18,50083,4,4,1, 50087
1,50086,1,1,0, 50087
20,50083,6,6,1, 50089
4,50086,4,4,1, 50090
5,50087,3,3,1, 50090
24,50089,1,1,1, 50090
6,50090,2,2,1, 50092
7,50092,1,1,0, 50093
8,50096,1,1,1, 50097
31,50096,2,2,1, 50098
16,50099,2,2,1, 50101
29,50098,4,4,1, 50102
15,50101,2,2,1, 50103
24,50109,1,1,1, 50110
21,50107,5,5,1, 50112
8,50116,1,1,0, 50117
16,50119,2,2,1, 50121
14,50119,3,3,1, 50122
24,50129,1,1,0, 50130
21,50127,5,5,1, 50132
8,50136,1,1,1, 50137
14,50139,3,3,1, 50142
13,50139,4,4,1, 50143
15,50141,2,2,1, 50143
24,50149,1,1,0, 50150
23,50148,3,3,1, 50151
21,50147,5,5,1, 50152
8,50156,1,1,0, 50157
16,50159,2,2,1, 50161
15,50161,2,2,1, 50163
24,50169,1,1,1, 50170
23,50168,3,3,1, 50171
21,50167,5,5,1, 50172
8,50176,1,1,1, 50177
14,50179,3,3,1, 50182
15,50181,2,2,1, 50183
22,50186,4,4,1, 50190
24,50189,1,1,0, 50190
23,50188,3,3,1, 50191
8,50196,1,1,0, 50197
9,50197,2,2,1, 50199
16,50199,2,2,1, 50201
14,50199,3,3,1, 50202
17,50199,3,3,1, 50202
1,50206,1,1,0, 50207
24,50209,1,1,0, 50210
6,50210,2,2,1, 50212
7,50212,1,1,1, 50213
9,50217,2,2,1, 50219
18,50223,4,4,1, 50227
1,50226,1,1,0, 50227
5,50227,3,3,1, 50230
24,50229,1,1,1, 50230
6,50230,2,2,1, 50232
7,50232,1,1,1, 50233
25,50235,2,2,1, 50237
31,50236,2,2,1, 50238
26,50237,3,3,1, 50240
1,50246,1,1,1, 50247
24,50249,1,1,0, 50250
6,50250,2,2,1, 50252
7,50252,1,1,1, 50253
30,50253,3,3,1, 50256
9,50257,2,2,1, 50259
17,50259,3,3,1, 50262
1,50266,1,1,0, 50267
24,50269,1,1,0, 50270
7,50272,1,1,1, 50273
25,50275,2,2,1, 50277
26,50277,3,3,1, 50280
29,50278,4,4,1, 50282
1,50286,1,1,0, 50287
24,50289,1,1,1, 50290
7,50292,1,1,1, 50293
9,50297,2,2,1, 50299
17,50299,3,3,1, 50302
1,50306,1,1,1, 50307
4,50306,4,4,1, 50310
22,50306,4,4,1, 50310
3,50307,3,3,1, 50310
24,50309,1,1,1, 50310
23,50308,3,3,1, 50311
6,50310,2,2,1, 50312
7,50312,1,1,0, 50313
30,50313,3,3,1, 50316
8,50316,1,1,1, 50317
31,50316,2,2,1, 50318
28,50314,5,5,1, 50319
16,50319,2,2,1, 50321
14,50319,3,3,1, 50322
1,50326,1,1,1, 50327
4,50326,4,4,1, 50330
22,50326,4,4,1, 50330
3,50327,3,3,1, 50330
24,50329,1,1,0, 50330
6,50330,2,2,1, 50332
7,50332,1,1,0, 50333
30,50333,3,3,1, 50336
8,50336,1,1,1, 50337
11,50334,4,4,1, 50338
31,50336,2,2,1, 50338
28,50334,5,5,1, 50339
26,50337,3,3,1, 50340
16,50339,2,2,1, 50341
15,50341,2,2,1, 50343
12,50340,5,5,1, 50345
2,50343,2,2,1, 50345
1,50346,1,1,0, 50347
4,50346,4,4,1, 50350
3,50347,3,3,1, 50350
24,50349,1,1,1, 50350
23,50348,3,3,1, 50351
6,50350,2,2,1, 50352
7,50352,1,1,0, 50353
30,50353,3,3,1, 50356
8,50356,1,1,0, 50357
31,50356,2,2,1, 50358
28,50354,5,5,1, 50359
9,50357,2,2,1, 50359
29,50358,4,4,1, 50362
17,50359,3,3,1, 50362
15,50361,2,2,1, 50363
22,50366,4,4,1, 50370
24,50369,1,1,1, 50370
23,50368,3,3,1, 50371
6,50370,2,2,1, 50372
7,50372,1,1,0, 50373
8,50376,1,1,0, 50377
16,50379,2,2,1, 50381
13,50379,4,4,1, 50383
22,50386,4,4,1, 50390
24,50389,1,1,0, 50390
7,50392,1,1,1, 50393
30,50393,3,3,1, 50396
8,50396,1,1,1, 50397
16,50399,2,2,1, 50401
29,50398,4,4,1, 50402
24,50409,1,1,1, 50410
23,50408,3,3,1, 50411
21,50407,5,5,1, 50412
6,50410,2,2,1, 50412
7,50412,1,1,0, 50413
8,50416,1,1,0, 50417
16,50419,2,2,1, 50421
29,50418,4,4,1, 50422
15,50421,2,2,1, 50423
5,50427,3,3,1, 50430
24,50429,1,1,0, 50430
21,50427,5,5,1, 50432
6,50430,2,2,1, 50432
7,50432,1,1,1, 50433
30,50433,3,3,1, 50436
8,50436,1,1,0, 50437
14,50439,3,3,1, 50442
13,50439,4,4,1, 50443
15,50441,2,2,1, 50443
22,50446,4,4,1, 50450
5,50447,3,3,1, 50450
24,50449,1,1,1, 50450
23,50448,3,3,1, 50451
7,50452,1,1,1, 50453
30,50453,3,3,1, 50456
1,50466,1,1,1, 50467
5,50467,3,3,1, 50470
24,50469,1,1,0, 50470
7,50472,1,1,1, 50473
30,50473,3,3,1, 50476
9,50477,2,2,1, 50479
29,50478,4,4,1, 50482
17,50479,3,3,1, 50482
1,50486,1,1,1, 50487
24,50489,1,1,1, 50490
7,50492,1,1,1, 50493
30,50493,3,3,1, 50496
31,50496,2,2,1, 50498
9,50497,2,2,1, 50499
17,50499,3,3,1, 50502
1,50506,1,1,1, 50507
24,50509,1,1,0, 50510
6,50510,2,2,1, 50512
7,50512,1,1,0, 50513
2,50523,2,2,1, 50525
18,50523,4,4,1, 50527
1,50526,1,1,1, 50527
24,50529,1,1,0, 50530
7,50532,1,1,0, 50533
25,50535,2,2,1, 50537
31,50536,2,2,1, 50538
9,50537,2,2,1, 50539
26,50537,3,3,1, 50540
17,50539,3,3,1, 50542
2,50543,2,2,1, 50545
18,50543,4,4,1, 50547
1,50546,1,1,1, 50547
24,50549,1,1,0, 50550
6,50550,2,2,1, 50552
7,50552,1,1,1, 50553
25,50555,2,2,1, 50557
8,50556,1,1,0, 50557
26,50557,3,3,1, 50560
29,50558,4,4,1, 50562
14,50559,3,3,1, 50562
17,50559,3,3,1, 50562
15,50561,2,2,1, 50563
2,50563,2,2,1, 50565
18,50563,4,4,1, 50567
1,50566,1,1,0, 50567
5,50567,3,3,1, 50570
24,50569,1,1,1, 50570
7,50572,1,1,1, 50573
25,50575,2,2,1, 50577
8,50576,1,1,0, 50577
9,50577,2,2,1, 50579
26,50577,3,3,1, 50580
29,50578,4,4,1, 50582
15,50581,2,2,1, 50583
2,50583,2,2,1, 50585
1,50586,1,1,1, 50587
24,50589,1,1,1, 50590
6,50590,2,2,1, 50592
7,50592,1,1,0, 50593
30,50593,3,3,1, 50596
8,50596,1,1,0, 50597
9,50597,2,2,1, 50599
14,50599,3,3,1, 50602
13,50599,4,4,1, 50603
1,50606,1,1,1, 50607
5,50607,3,3,1, 50610
24,50609,1,1,0, 50610
7,50612,1,1,1, 50613
8,50616,1,1,0, 50617
11,50614,4,4,1, 50618
9,50617,2,2,1, 50619
29,50618,4,4,1, 50622
14,50619,3,3,1, 50622
17,50619,3,3,1, 50622
15,50621,2,2,1, 50623
1,50626,1,1,0, 50627
5,50627,3,3,1, 50630
24,50629,1,1,0, 50630
7,50632,1,1,0, 50633
27,50632,4,4,1, 50636
8,50636,1,1,0, 50637
31,50636,2,2,1, 50638
16,50639,2,2,1, 50641
14,50639,3,3,1, 50642
15,50641,2,2,1, 50643
2,50643,2,2,1, 50645
24,50649,1,1,1, 50650
8,50656,1,1,0, 50657
16,50659,2,2,1, 50661
13,50659,4,4,1, 50663
22,50666,4,4,1, 50670
24,50669,1,1,0, 50670
8,50676,1,1,0, 50677
16,50679,2,2,1, 50681
15,50681,2,2,1, 50683
22,50686,4,4,1, 50690
24,50689,1,1,1, 50690
23,50688,3,3,1, 50691
8,50696,1,1,0, 50697
16,50699,2,2,1, 50701
22,50706,4,4,1, 50710
24,50709,1,1,1, 50710
21,50707,5,5,1, 50712
8,50716,1,1,1, 50717
14,50719,3,3,1, 50722
15,50721,2,2,1, 50723
22,50726,4,4,1, 50730
24,50729,1,1,0, 50730
23,50728,3,3,1, 50731
21,50727,5,5,1, 50732
8,50736,1,1,0, 50737
14,50739,3,3,1, 50742
15,50741,2,2,1, 50743
1,50746,1,1,1, 50747
24,50749,1,1,1, 50750
6,50750,2,2,1, 50752
7,50752,1,1,1, 50753
31,50756,2,2,1, 50758
9,50757,2,2,1, 50759
17,50759,3,3,1, 50762
1,50766,1,1,1, 50767
5,50767,3,3,1, 50770
24,50769,1,1,1, 50770
6,50770,2,2,1, 50772
7,50772,1,1,1, 50773
1,50786,1,1,0, 50787
24,50789,1,1,0, 50790
6,50790,2,2,1, 50792
7,50792,1,1,0, 50793
25,50795,2,2,1, 50797
9,50797,2,2,1, 50799
29,50798,4,4,1, 50802
1,50806,1,1,1, 50807
24,50809,1,1,0, 50810
7,50812,1,1,1, 50813
31,50816,2,2,1, 50818
29,50818,4,4,1, 50822
17,50819,3,3,1, 50822
1,50826,1,1,1, 50827
24,50829,1,1,0, 50830
6,50830,2,2,1, 50832
7,50832,1,1,0, 50833
31,50836,2,2,1, 50838
26,50837,3,3,1, 50840
29,50838,4,4,1, 50842
17,50839,3,3,1, 50842
2,50843,2,2,1, 50845
1,50846,1,1,0, 50847
22,50846,4,4,1, 50850
5,50847,3,3,1, 50850
24,50849,1,1,0, 50850
21,50847,5,5,1, 50852
7,50852,1,1,1, 50853
25,50855,2,2,1, 50857
8,50856,1,1,0, 50857
31,50856,2,2,1, 50858
9,50857,2,2,1, 50859
26,50857,3,3,1, 50860
17,50859,3,3,1, 50862
13,50859,4,4,1, 50863
15,50861,2,2,1, 50863
2,50863,2,2,1, 50865
18,50863,4,4,1, 50867
1,50866,1,1,0, 50867
24,50869,1,1,0, 50870
21,50867,5,5,1, 50872
6,50870,2,2,1, 50872
7,50872,1,1,1, 50873
8,50876,1,1,1, 50877
31,50876,2,2,1, 50878
16,50879,2,2,1, 50881
17,50879,3,3,1, 50882
13,50879,4,4,1, 50883
18,50883,4,4,1, 50887
1,50886,1,1,1, 50887
24,50889,1,1,1, 50890
7,50892,1,1,0, 50893
30,50893,3,3,1, 50896
8,50896,1,1,0, 50897
31,50896,2,2,1, 50898
9,50897,2,2,1, 50899
26,50897,3,3,1, 50900
14,50899,3,3,1, 50902
15,50901,2,2,1, 50903
18,50903,4,4,1, 50907
1,50906,1,1,0, 50907
5,50907,3,3,1, 50910
24,50909,1,1,1, 50910
21,50907,5,5,1, 50912
7,50912,1,1,0, 50913
30,50913,3,3,1, 50916
25,50915,2,2,1, 50917
8,50916,1,1,0, 50917
31,50916,2,2,1, 50918
26,50917,3,3,1, 50920
29,50918,4,4,1, 50922
2,50923,2,2,1, 50925
18,50923,4,4,1, 50927
1,50926,1,1,0, 50927
24,50929,1,1,0, 50930
19,50926,5,5,1, 50931
23,50928,3,3,1, 50931
6,50930,2,2,1, 50932
7,50932,1,1,0, 50933
25,50935,2,2,1, 50937
8,50936,1,1,0, 50937
9,50937,2,2,1, 50939
29,50938,4,4,1, 50942
17,50939,3,3,1, 50942
13,50939,4,4,1, 50943
22,50946,4,4,1, 50950
24,50949,1,1,0, 50950
23,50948,3,3,1, 50951
21,50947,5,5,1, 50952
7,50952,1,1,1, 50953
30,50953,3,3,1, 50956
8,50956,1,1,0, 50957
31,50956,2,2,1, 50958
29,50958,4,4,1, 50962
13,50959,4,4,1, 50963
22,50966,4,4,1, 50970
24,50969,1,1,1, 50970
23,50968,3,3,1, 50971
7,50972,1,1,1, 50973
30,50973,3,3,1, 50976
8,50976,1,1,0, 50977
16,50979,2,2,1, 50981
29,50978,4,4,1, 50982
14,50979,3,3,1, 50982
13,50979,4,4,1, 50983
15,50981,2,2,1, 50983
5,50987,3,3,1, 50990
24,50989,1,1,0, 50990
23,50988,3,3,1, 50991
21,50987,5,5,1, 50992
6,50990,2,2,1, 50992
7,50992,1,1,0, 50993
8,50996,1,1,0, 50997
31,50996,2,2,1, 50998
13,50999,4,4,1, 51003
24,51009,1,1,1, 51010
24,51029,1,1,0, 51030
1,51046,1,1,1, 51047
24,51049,1,1,1, 51050
25,51055,2,2,1, 51057
9,51057,2,2,1, 51059
1,51066,1,1,0, 51067
24,51069,1,1,0, 51070
9,51077,2,2,1, 51079
1,51086,1,1,1, 51087
24,51089,1,1,1, 51090
25,51095,2,2,1, 51097
9,51097,2,2,1, 51099
2,51103,2,2,1, 51105
18,51103,4,4,1, 51107
1,51106,1,1,1, 51107
22,51106,4,4,1, 51110
24,51109,1,1,0, 51110
6,51110,2,2,1, 51112
7,51112,1,1,0, 51113
25,51115,2,2,1, 51117
8,51116,1,1,0, 51117
9,51117,2,2,1, 51119
17,51119,3,3,1, 51122
15,51121,2,2,1, 51123
18,51123,4,4,1, 51127
1,51126,1,1,0, 51127
5,51127,3,3,1, 51130
24,51129,1,1,0, 51130
21,51127,5,5,1, 51132
6,51130,2,2,1, 51132
7,51132,1,1,1, 51133
30,51133,3,3,1, 51136
25,51135,2,2,1, 51137
8,51136,1,1,1, 51137
15,51141,2,2,1, 51143
18,51143,4,4,1, 51147
1,51146,1,1,1, 51147
20,51143,6,6,1, 51149
4,51146,4,4,1, 51150
5,51147,3,3,1, 51150
24,51149,1,1,0, 51150
19,51146,5,5,1, 51151
23,51148,3,3,1, 51151
6,51150,2,2,1, 51152
7,51152,1,1,0, 51153
30,51153,3,3,1, 51156
25,51155,2,2,1, 51157
8,51156,1,1,0, 51157
11,51154,4,4,1, 51158
26,51157,3,3,1, 51160
29,51158,4,4,1, 51162
14,51159,3,3,1, 51162
15,51161,2,2,1, 51163
18,51163,4,4,1, 51167
1,51166,1,1,0, 51167
20,51163,6,6,1, 51169
4,51166,4,4,1, 51170
5,51167,3,3,1, 51170
24,51169,1,1,0, 51170
6,51170,2,2,1, 51172
7,51172,1,1,0, 51173
8,51176,1,1,0, 51177
31,51176,2,2,1, 51178
29,51178,4,4,1, 51182
14,51179,3,3,1, 51182
13,51179,4,4,1, 51183
22,51186,4,4,1, 51190
24,51189,1,1,0, 51190
21,51187,5,5,1, 51192
7,51192,1,1,0, 51193
8,51196,1,1,1, 51197
14,51199,3,3,1, 51202
13,51199,4,4,1, 51203
15,51201,2,2,1, 51203
22,51206,4,4,1, 51210
24,51209,1,1,1, 51210
23,51208,3,3,1, 51211
21,51207,5,5,1, 51212
7,51212,1,1,0, 51213
30,51213,3,3,1, 51216
8,51216,1,1,0, 51217
31,51216,2,2,1, 51218
16,51219,2,2,1, 51221
14,51219,3,3,1, 51222
15,51221,2,2,1, 51223
24,51229,1,1,1, 51230
21,51227,5,5,1, 51232
7,51232,1,1,1, 51233
30,51233,3,3,1, 51236
8,51236,1,1,0, 51237
29,51238,4,4,1, 51242
15,51241,2,2,1, 51243
22,51246,4,4,1, 51250
24,51249,1,1,1, 51250
6,51250,2,2,1, 51252
7,51252,1,1,1, 51253
30,51253,3,3,1, 51256
8,51256,1,1,0, 51257
31,51256,2,2,1, 51258
14,51259,3,3,1, 51262
13,51259,4,4,1, 51263
5,51267,3,3,1, 51270
24,51269,1,1,0, 51270
7,51272,1,1,1, 51273
9,51277,2,2,1, 51279
17,51279,3,3,1, 51282
1,51286,1,1,0, 51287
5,51287,3,3,1, 51290
24,51289,1,1,1, 51290
7,51292,1,1,0, 51293
30,51293,3,3,1, 51296
25,51295,2,2,1, 51297
29,51298,4,4,1, 51302
1,51306,1,1,0, 51307
24,51309,1,1,1, 51310
7,51312,1,1,0, 51313
31,51316,2,2,1, 51318
1,51326,1,1,0, 51327
24,51329,1,1,0, 51330
7,51332,1,1,0, 51333
25,51335,2,2,1, 51337
31,51336,2,2,1, 51338
9,51337,2,2,1, 51339
26,51337,3,3,1, 51340
17,51339,3,3,1, 51342
1,51346,1,1,0, 51347
24,51349,1,1,1, 51350
7,51352,1,1,1, 51353
25,51355,2,2,1, 51357
26,51357,3,3,1, 51360
1,51366,1,1,0, 51367
4,51366,4,4,1, 51370
24,51369,1,1,1, 51370
19,51366,5,5,1, 51371
21,51367,5,5,1, 51372
7,51372,1,1,0, 51373
8,51376,1,1,1, 51377
16,51379,2,2,1, 51381
14,51379,3,3,1, 51382
17,51379,3,3,1, 51382
13,51379,4,4,1, 51383
12,51380,5,5,1, 51385
18,51383,4,4,1, 51387
1,51386,1,1,0, 51387
4,51386,4,4,1, 51390
24,51389,1,1,1, 51390
23,51388,3,3,1, 51391
7,51392,1,1,1, 51393
8,51396,1,1,0, 51397
9,51397,2,2,1, 51399
26,51397,3,3,1, 51400
16,51399,2,2,1, 51401
17,51399,3,3,1, 51402
13,51399,4,4,1, 51403
15,51401,2,2,1, 51403
12,51400,5,5,1, 51405
18,51403,4,4,1, 51407
1,51406,1,1,0, 51407
5,51407,3,3,1, 51410
24,51409,1,1,1, 51410
19,51406,5,5,1, 51411
23,51408,3,3,1, 51411
6,51410,2,2,1, 51412
7,51412,1,1,1, 51413
27,51412,4,4,1, 51416
25,51415,2,2,1, 51417
8,51416,1,1,1, 51417
31,51416,2,2,1, 51418
9,51417,2,2,1, 51419
26,51417,3,3,1, 51420
15,51421,2,2,1, 51423
22,51426,4,4,1, 51430
24,51429,1,1,0, 51430
23,51428,3,3,1, 51431
7,51432,1,1,0, 51433
8,51436,1,1,1, 51437
31,51436,2,2,1, 51438
16,51439,2,2,1, 51441
29,51438,4,4,1, 51442
13,51439,4,4,1, 51443
15,51441,2,2,1, 51443
24,51449,1,1,0, 51450
23,51448,3,3,1, 51451
21,51447,5,5,1, 51452
7,51452,1,1,1, 51453
30,51453,3,3,1, 51456
8,51456,1,1,0, 51457
31,51456,2,2,1, 51458
16,51459,2,2,1, 51461
29,51458,4,4,1, 51462
13,51459,4,4,1, 51463
15,51461,2,2,1, 51463
22,51466,4,4,1, 51470
5,51467,3,3,1, 51470
24,51469,1,1,0, 51470
21,51467,5,5,1, 51472
6,51470,2,2,1, 51472
7,51472,1,1,1, 51473
8,51476,1,1,0, 51477
31,51476,2,2,1, 51478
16,51479,2,2,1, 51481
14,51479,3,3,1, 51482
5,51487,3,3,1, 51490
24,51489,1,1,0, 51490
6,51490,2,2,1, 51492
7,51492,1,1,1, 51493
31,51496,2,2,1, 51498
29,51498,4,4,1, 51502
24,51509,1,1,0, 51510
7,51512,1,1,1, 51513
30,51513,3,3,1, 51516
29,51518,4,4,1, 51522
1,51526,1,1,1, 51527
5,51527,3,3,1, 51530
24,51529,1,1,1, 51530
7,51532,1,1,0, 51533
30,51533,3,3,1, 51536
31,51536,2,2,1, 51538
17,51539,3,3,1, 51542
1,51546,1,1,0, 51547
24,51549,1,1,1, 51550
25,51555,2,2,1, 51557
9,51557,2,2,1, 51559
1,51566,1,1,0, 51567
24,51569,1,1,0, 51570
9,51577,2,2,1, 51579
2,51583,2,2,1, 51585
18,51583,4,4,1, 51587
1,51586,1,1,0, 51587
22,51586,4,4,1, 51590
24,51589,1,1,1, 51590
21,51587,5,5,1, 51592
8,51596,1,1,1, 51597
9,51597,2,2,1, 51599
13,51599,4,4,1, 51603
2,51603,2,2,1, 51605
1,51606,1,1,1, 51607
22,51606,4,4,1, 51610
24,51609,1,1,0, 51610
8,51616,1,1,1, 51617
9,51617,2,2,1, 51619
26,51617,3,3,1, 51620
2,51623,2,2,1, 51625
18,51623,4,4,1, 51627
1,51626,1,1,0, 51627
24,51629,1,1,0, 51630
21,51627,5,5,1, 51632
8,51636,1,1,1, 51637
26,51637,3,3,1, 51640
16,51639,2,2,1, 51641
17,51639,3,3,1, 51642
13,51639,4,4,1, 51643
1,51646,1,1,1, 51647
24,51649,1,1,1, 51650
23,51648,3,3,1, 51651
6,51650,2,2,1, 51652
7,51652,1,1,1, 51653
8,51656,1,1,1, 51657
26,51657,3,3,1, 51660
16,51659,2,2,1, 51661
14,51659,3,3,1, 51662
15,51661,2,2,1, 51663
1,51666,1,1,0, 51667
22,51666,4,4,1, 51670
24,51669,1,1,0, 51670
23,51668,3,3,1, 51671
7,51672,1,1,0, 51673
30,51673,3,3,1, 51676
25,51675,2,2,1, 51677
8,51676,1,1,1, 51677
28,51674,5,5,1, 51679
9,51677,2,2,1, 51679
26,51677,3,3,1, 51680
16,51679,2,2,1, 51681
29,51678,4,4,1, 51682
17,51679,3,3,1, 51682
1,51686,1,1,1, 51687
4,51686,4,4,1, 51690
22,51686,4,4,1, 51690
3,51687,3,3,1, 51690
24,51689,1,1,0, 51690
19,51686,5,5,1, 51691
23,51688,3,3,1, 51691
21,51687,5,5,1, 51692
6,51690,2,2,1, 51692
7,51692,1,1,1, 51693
25,51695,2,2,1, 51697
8,51696,1,1,0, 51697
16,51699,2,2,1, 51701
17,51699,3,3,1, 51702
13,51699,4,4,1, 51703
12,51700,5,5,1, 51705
1,51706,1,1,0, 51707
22,51706,4,4,1, 51710
3,51707,3,3,1, 51710
24,51709,1,1,1, 51710
21,51707,5,5,1, 51712
7,51712,1,1,1, 51713
8,51716,1,1,0, 51717
31,51716,2,2,1, 51718
14,51719,3,3,1, 51722
24,51729,1,1,1, 51730
7,51732,1,1,1, 51733
30,51733,3,3,1, 51736
24,51749,1,1,0, 51750
6,51750,2,2,1, 51752
7,51752,1,1,1, 51753
30,51753,3,3,1, 51756
31,51756,2,2,1, 51758
29,51758,4,4,1, 51762
24,51769,1,1,1, 51770
6,51770,2,2,1, 51772
7,51772,1,1,1, 51773
31,51776,2,2,1, 51778
29,51778,4,4,1, 51782
24,51789,1,1,1, 51790
7,51792,1,1,1, 51793
29,51798,4,4,1, 51802
24,51809,1,1,1, 51810
6,51810,2,2,1, 51812
7,51812,1,1,0, 51813
29,51818,4,4,1, 51822
17,51819,3,3,1, 51822
1,51826,1,1,1, 51827
5,51827,3,3,1, 51830
24,51829,1,1,1, 51830
23,51828,3,3,1, 51831
7,51832,1,1,1, 51833
30,51833,3,3,1, 51836
8,51836,1,1,1, 51837
31,51836,2,2,1, 51838
29,51838,4,4,1, 51842
14,51839,3,3,1, 51842
13,51839,4,4,1, 51843
15,51841,2,2,1, 51843
1,51846,1,1,0, 51847
24,51849,1,1,0, 51850
21,51847,5,5,1, 51852
6,51850,2,2,1, 51852
7,51852,1,1,1, 51853
30,51853,3,3,1, 51856
25,51855,2,2,1, 51857
8,51856,1,1,1, 51857
9,51857,2,2,1, 51859
29,51858,4,4,1, 51862
13,51859,4,4,1, 51863
15,51861,2,2,1, 51863
1,51866,1,1,0, 51867
5,51867,3,3,1, 51870
24,51869,1,1,1, 51870
6,51870,2,2,1, 51872
7,51872,1,1,1, 51873
30,51873,3,3,1, 51876
8,51876,1,1,0, 51877
26,51877,3,3,1, 51880
16,51879,2,2,1, 51881
29,51878,4,4,1, 51882
17,51879,3,3,1, 51882
13,51879,4,4,1, 51883
2,51883,2,2,1, 51885
18,51883,4,4,1, 51887
1,51886,1,1,1, 51887
5,51887,3,3,1, 51890
24,51889,1,1,1, 51890
23,51888,3,3,1, 51891
6,51890,2,2,1, 51892
7,51892,1,1,0, 51893
30,51893,3,3,1, 51896
8,51896,1,1,0, 51897
16,51899,2,2,1, 51901
29,51898,4,4,1, 51902
2,51903,2,2,1, 51905
18,51903,4,4,1, 51907
1,51906,1,1,0, 51907
24,51909,1,1,0, 51910
23,51908,3,3,1, 51911
21,51907,5,5,1, 51912
25,51915,2,2,1, 51917
8,51916,1,1,0, 51917
9,51917,2,2,1, 51919
16,51919,2,2,1, 51921
17,51919,3,3,1, 51922
13,51919,4,4,1, 51923
2,51923,2,2,1, 51925
1,51926,1,1,1, 51927
24,51929,1,1,1, 51930
23,51928,3,3,1, 51931
27,51932,4,4,1, 51936
25,51935,2,2,1, 51937
8,51936,1,1,0, 51937
14,51939,3,3,1, 51942
17,51939,3,3,1, 51942
2,51943,2,2,1, 51945
1,51946,1,1,1, 51947
20,51943,6,6,1, 51949
4,51946,4,4,1, 51950
22,51946,4,4,1, 51950
3,51947,3,3,1, 51950
24,51949,1,1,1, 51950
19,51946,5,5,1, 51951
23,51948,3,3,1, 51951
8,51956,1,1,0, 51957
28,51954,5,5,1, 51959
17,51959,3,3,1, 51962
13,51959,4,4,1, 51963
1,51966,1,1,1, 51967
20,51963,6,6,1, 51969
4,51966,4,4,1, 51970
24,51969,1,1,1, 51970
21,51967,5,5,1, 51972
8,51976,1,1,0, 51977
16,51979,2,2,1, 51981
14,51979,3,3,1, 51982
13,51979,4,4,1, 51983
24,51989,1,1,0, 51990
24,52009,1,1,0, 52010
7,52012,1,1,1, 52013
24,52029,1,1,0, 52030
7,52032,1,1,1, 52033
31,52036,2,2,1, 52038
24,52049,1,1,1, 52050
7,52052,1,1,1, 52053
5,52067,3,3,1, 52070
24,52069,1,1,1, 52070
7,52072,1,1,0, 52073
30,52073,3,3,1, 52076
29,52078,4,4,1, 52082
17,52079,3,3,1, 52082
1,52086,1,1,0, 52087
24,52089,1,1,1, 52090
21,52087,5,5,1, 52092
6,52090,2,2,1, 52092
7,52092,1,1,0, 52093
30,52093,3,3,1, 52096
8,52096,1,1,0, 52097
31,52096,2,2,1, 52098
9,52097,2,2,1, 52099
16,52099,2,2,1, 52101
14,52099,3,3,1, 52102
1,52106,1,1,1, 52107
22,52106,4,4,1, 52110
5,52107,3,3,1, 52110
24,52109,1,1,1, 52110
6,52110,2,2,1, 52112
7,52112,1,1,1, 52113
25,52115,2,2,1, 52117
8,52116,1,1,0, 52117
16,52119,2,2,1, 52121
29,52118,4,4,1, 52122
14,52119,3,3,1, 52122
17,52119,3,3,1, 52122
15,52121,2,2,1, 52123
1,52126,1,1,0, 52127
5,52127,3,3,1, 52130
24,52129,1,1,0, 52130
21,52127,5,5,1, 52132
6,52130,2,2,1, 52132
7,52132,1,1,1, 52133
30,52133,3,3,1, 52136
25,52135,2,2,1, 52137
8,52136,1,1,1, 52137
16,52139,2,2,1, 52141
29,52138,4,4,1, 52142
17,52139,3,3,1, 52142
1,52146,1,1,0, 52147
24,52149,1,1,1, 52150
7,52152,1,1,1, 52153
25,52155,2,2,1, 52157
8,52156,1,1,0, 52157
31,52156,2,2,1, 52158
26,52157,3,3,1, 52160
16,52159,2,2,1, 52161
29,52158,4,4,1, 52162
17,52159,3,3,1, 52162
2,52163,2,2,1, 52165
18,52163,4,4,1, 52167
1,52166,1,1,1, 52167
5,52167,3,3,1, 52170
24,52169,1,1,1, 52170
23,52168,3,3,1, 52171
21,52167,5,5,1, 52172
6,52170,2,2,1, 52172
7,52172,1,1,1, 52173
30,52173,3,3,1, 52176
8,52176,1,1,1, 52177
26,52177,3,3,1, 52180
16,52179,2,2,1, 52181
17,52179,3,3,1, 52182
2,52183,2,2,1, 52185
1,52186,1,1,0, 52187
24,52189,1,1,0, 52190
6,52190,2,2,1, 52192
7,52192,1,1,0, 52193
30,52193,3,3,1, 52196
25,52195,2,2,1, 52197
8,52196,1,1,0, 52197
9,52197,2,2,1, 52199
26,52197,3,3,1, 52200
16,52199,2,2,1, 52201
29,52198,4,4,1, 52202
14,52199,3,3,1, 52202
13,52199,4,4,1, 52203
15,52201,2,2,1, 52203
1,52206,1,1,1, 52207
22,52206,4,4,1, 52210
3,52207,3,3,1, 52210
24,52209,1,1,1, 52210
21,52207,5,5,1, 52212
6,52210,2,2,1, 52212
7,52212,1,1,1, 52213
27,52212,4,4,1, 52216
30,52213,3,3,1, 52216
25,52215,2,2,1, 52217
8,52216,1,1,0, 52217
11,52214,4,4,1, 52218
31,52216,2,2,1, 52218
28,52214,5,5,1, 52219
9,52217,2,2,1, 52219
16,52219,2,2,1, 52221
17,52219,3,3,1, 52222
15,52221,2,2,1, 52223
22,52226,4,4,1, 52230
5,52227,3,3,1, 52230
24,52229,1,1,0, 52230
23,52228,3,3,1, 52231
6,52230,2,2,1, 52232
7,52232,1,1,0, 52233
8,52236,1,1,1, 52237
31,52236,2,2,1, 52238
29,52238,4,4,1, 52242
13,52239,4,4,1, 52243
15,52241,2,2,1, 52243
22,52246,4,4,1, 52250
5,52247,3,3,1, 52250
24,52249,1,1,1, 52250
21,52247,5,5,1, 52252
7,52252,1,1,0, 52253
30,52253,3,3,1, 52256
8,52256,1,1,1, 52257
29,52258,4,4,1, 52262
14,52259,3,3,1, 52262
24,52269,1,1,1, 52270
24,52289,1,1,0, 52290
24,52309,1,1,0, 52310
1,52326,1,1,0, 52327
24,52329,1,1,0, 52330
1,52346,1,1,1, 52347
24,52349,1,1,0, 52350
25,52355,2,2,1, 52357
9,52357,2,2,1, 52359
1,52366,1,1,0, 52367
24,52369,1,1,1, 52370
23,52368,3,3,1, 52371
21,52367,5,5,1, 52372
7,52372,1,1,0, 52373
8,52376,1,1,1, 52377
9,52377,2,2,1, 52379
14,52379,3,3,1, 52382
13,52379,4,4,1, 52383
15,52381,2,2,1, 52383
2,52383,2,2,1, 52385
1,52386,1,1,0, 52387
22,52386,4,4,1, 52390
24,52389,1,1,1, 52390
23,52388,3,3,1, 52391
21,52387,5,5,1, 52392
7,52392,1,1,1, 52393
30,52393,3,3,1, 52396
8,52396,1,1,0, 52397
31,52396,2,2,1, 52398
9,52397,2,2,1, 52399
16,52399,2,2,1, 52401
14,52399,3,3,1, 52402
18,52403,4,4,1, 52407
1,52406,1,1,1, 52407
4,52406,4,4,1, 52410
22,52406,4,4,1, 52410
3,52407,3,3,1, 52410
24,52409,1,1,0, 52410
21,52407,5,5,1, 52412
6,52410,2,2,1, 52412
7,52412,1,1,1, 52413
27,52412,4,4,1, 52416
30,52413,3,3,1, 52416
25,52415,2,2,1, 52417
8,52416,1,1,0, 52417
11,52414,4,4,1, 52418
28,52414,5,5,1, 52419
9,52417,2,2,1, 52419
26,52417,3,3,1, 52420
16,52419,2,2,1, 52421
14,52419,3,3,1, 52422
15,52421,2,2,1, 52423
12,52420,5,5,1, 52425
18,52423,4,4,1, 52427
1,52426,1,1,0, 52427
20,52423,6,6,1, 52429
22,52426,4,4,1, 52430
24,52429,1,1,0, 52430
19,52426,5,5,1, 52431
7,52432,1,1,1, 52433
27,52432,4,4,1, 52436
30,52433,3,3,1, 52436
25,52435,2,2,1, 52437
8,52436,1,1,0, 52437
28,52434,5,5,1, 52439
14,52439,3,3,1, 52442
17,52439,3,3,1, 52442
13,52439,4,4,1, 52443
22,52446,4,4,1, 52450
5,52447,3,3,1, 52450
24,52449,1,1,0, 52450
21,52447,5,5,1, 52452
7,52452,1,1,1, 52453
30,52453,3,3,1, 52456
8,52456,1,1,0, 52457
16,52459,2,2,1, 52461
5,52467,3,3,1, 52470
24,52469,1,1,0, 52470
6,52470,2,2,1, 52472
7,52472,1,1,0, 52473
29,52478,4,4,1, 52482
24,52489,1,1,0, 52490
7,52492,1,1,0, 52493
30,52493,3,3,1, 52496
31,52496,2,2,1, 52498
29,52498,4,4,1, 52502
24,52509,1,1,0, 52510
7,52512,1,1,0, 52513
31,52516,2,2,1, 52518
24,52529,1,1,1, 52530
7,52532,1,1,0, 52533
31,52536,2,2,1, 52538
1,52546,1,1,0, 52547
24,52549,1,1,0, 52550
7,52552,1,1,0, 52553
31,52556,2,2,1, 52558
18,52563,4,4,1, 52567
1,52566,1,1,1, 52567
24,52569,1,1,0, 52570
7,52572,1,1,1, 52573
25,52575,2,2,1, 52577
8,52576,1,1,0, 52577
14,52579,3,3,1, 52582
2,52583,2,2,1, 52585
1,52586,1,1,0, 52587
24,52589,1,1,0, 52590
7,52592,1,1,1, 52593
8,52596,1,1,0, 52597
9,52597,2,2,1, 52599
17,52599,3,3,1, 52602
18,52603,4,4,1, 52607
1,52606,1,1,1, 52607
22,52606,4,4,1, 52610
24,52609,1,1,0, 52610
23,52608,3,3,1, 52611
21,52607,5,5,1, 52612
6,52610,2,2,1, 52612
7,52612,1,1,0, 52613
25,52615,2,2,1, 52617
8,52616,1,1,1, 52617
9,52617,2,2,1, 52619
26,52617,3,3,1, 52620
16,52619,2,2,1, 52621
14,52619,3,3,1, 52622
17,52619,3,3,1, 52622
13,52619,4,4,1, 52623
15,52621,2,2,1, 52623
12,52620,5,5,1, 52625
2,52623,2,2,1, 52625
18,52623,4,4,1, 52627
1,52626,1,1,1, 52627
3,52627,3,3,1, 52630
5,52627,3,3,1, 52630
24,52629,1,1,0, 52630
19,52626,5,5,1, 52631
23,52628,3,3,1, 52631
7,52632,1,1,1, 52633
27,52632,4,4,1, 52636
30,52633,3,3,1, 52636
25,52635,2,2,1, 52637
8,52636,1,1,0, 52637
11,52634,4,4,1, 52638
31,52636,2,2,1, 52638
9,52637,2,2,1, 52639
16,52639,2,2,1, 52641
14,52639,3,3,1, 52642
17,52639,3,3,1, 52642
15,52641,2,2,1, 52643
1,52646,1,1,1, 52647
4,52646,4,4,1, 52650
22,52646,4,4,1, 52650
5,52647,3,3,1, 52650
24,52649,1,1,0, 52650
23,52648,3,3,1, 52651
21,52647,5,5,1, 52652
6,52650,2,2,1, 52652
7,52652,1,1,0, 52653
30,52653,3,3,1, 52656
8,52656,1,1,0, 52657
29,52658,4,4,1, 52662
14,52659,3,3,1, 52662
13,52659,4,4,1, 52663
5,52667,3,3,1, 52670
24,52669,1,1,1, 52670
6,52670,2,2,1, 52672
7,52672,1,1,0, 52673
8,52676,1,1,0, 52677
16,52679,2,2,1, 52681
29,52678,4,4,1, 52682
14,52679,3,3,1, 52682
13,52679,4,4,1, 52683
15,52681,2,2,1, 52683
24,52689,1,1,1, 52690
21,52687,5,5,1, 52692
7,52692,1,1,0, 52693
30,52693,3,3,1, 52696
8,52696,1,1,0, 52697
16,52699,2,2,1, 52701
13,52699,4,4,1, 52703
15,52701,2,2,1, 52703
5,52707,3,3,1, 52710
24,52709,1,1,1, 52710
7,52712,1,1,0, 52713
29,52718,4,4,1, 52722
5,52727,3,3,1, 52730
24,52729,1,1,0, 52730
7,52732,1,1,1, 52733
30,52733,3,3,1, 52736
31,52736,2,2,1, 52738
29,52738,4,4,1, 52742
24,52749,1,1,0, 52750
7,52752,1,1,0, 52753
25,52755,2,2,1, 52757
31,52756,2,2,1, 52758
9,52757,2,2,1, 52759
29,52758,4,4,1, 52762
17,52759,3,3,1, 52762
1,52766,1,1,1, 52767
24,52769,1,1,0, 52770
7,52772,1,1,1, 52773
25,52775,2,2,1, 52777
9,52777,2,2,1, 52779
1,52786,1,1,0, 52787
5,52787,3,3,1, 52790
24,52789,1,1,0, 52790
7,52792,1,1,0, 52793
30,52793,3,3,1, 52796
31,52796,2,2,1, 52798
26,52797,3,3,1, 52800
17,52799,3,3,1, 52802
18,52803,4,4,1, 52807
1,52806,1,1,0, 52807
24,52809,1,1,1, 52810
23,52808,3,3,1, 52811
21,52807,5,5,1, 52812
6,52810,2,2,1, 52812
7,52812,1,1,0, 52813
25,52815,2,2,1, 52817
8,52816,1,1,1, 52817
9,52817,2,2,1, 52819
26,52817,3,3,1, 52820
16,52819,2,2,1, 52821
17,52819,3,3,1, 52822
13,52819,4,4,1, 52823
18,52823,4,4,1, 52827
1,52826,1,1,0, 52827
22,52826,4,4,1, 52830
5,52827,3,3,1, 52830
24,52829,1,1,1, 52830
23,52828,3,3,1, 52831
6,52830,2,2,1, 52832
7,52832,1,1,0, 52833
30,52833,3,3,1, 52836
8,52836,1,1,0, 52837
31,52836,2,2,1, 52838
16,52839,2,2,1, 52841
1,52846,1,1,0, 52847
22,52846,4,4,1, 52850
3,52847,3,3,1, 52850
5,52847,3,3,1, 52850
24,52849,1,1,1, 52850
19,52846,5,5,1, 52851
23,52848,3,3,1, 52851
6,52850,2,2,1, 52852
7,52852,1,1,1, 52853
27,52852,4,4,1, 52856
8,52856,1,1,0, 52857
31,52856,2,2,1, 52858
9,52857,2,2,1, 52859
26,52857,3,3,1, 52860
14,52859,3,3,1, 52862
13,52859,4,4,1, 52863
15,52861,2,2,1, 52863
12,52860,5,5,1, 52865
2,52863,2,2,1, 52865
18,52863,4,4,1, 52867
1,52866,1,1,0, 52867
22,52866,4,4,1, 52870
5,52867,3,3,1, 52870
24,52869,1,1,1, 52870
19,52866,5,5,1, 52871
23,52868,3,3,1, 52871
21,52867,5,5,1, 52872
7,52872,1,1,1, 52873
30,52873,3,3,1, 52876
8,52876,1,1,0, 52877
9,52877,2,2,1, 52879
26,52877,3,3,1, 52880
29,52878,4,4,1, 52882
14,52879,3,3,1, 52882
17,52879,3,3,1, 52882
15,52881,2,2,1, 52883
5,52887,3,3,1, 52890
24,52889,1,1,0, 52890
23,52888,3,3,1, 52891
21,52887,5,5,1, 52892
7,52892,1,1,0, 52893
8,52896,1,1,0, 52897
14,52899,3,3,1, 52902
5,52907,3,3,1, 52910
24,52909,1,1,0, 52910
23,52908,3,3,1, 52911
21,52907,5,5,1, 52912
6,52910,2,2,1, 52912
7,52912,1,1,0, 52913
8,52916,1,1,0, 52917
16,52919,2,2,1, 52921
29,52918,4,4,1, 52922
14,52919,3,3,1, 52922
24,52929,1,1,1, 52930
24,52949,1,1,1, 52950
24,52969,1,1,0, 52970
24,52989,1,1,1, 52990
25,52995,2,2,1, 52997
17,52999,3,3,1, 53002
1,53006,1,1,0, 53007
24,53009,1,1,0, 53010
25,53015,2,2,1, 53017
9,53017,2,2,1, 53019
2,53023,2,2,1, 53025
1,53026,1,1,0, 53027
5,53027,3,3,1, 53030
24,53029,1,1,1, 53030
23,53028,3,3,1, 53031
7,53032,1,1,0, 53033
30,53033,3,3,1, 53036
8,53036,1,1,0, 53037
26,53037,3,3,1, 53040
14,53039,3,3,1, 53042
13,53039,4,4,1, 53043
2,53043,2,2,1, 53045
18,53043,4,4,1, 53047
1,53046,1,1,0, 53047
24,53049,1,1,0, 53050
7,53052,1,1,1, 53053
8,53056,1,1,0, 53057
9,53057,2,2,1, 53059
26,53057,3,3,1, 53060
2,53063,2,2,1, 53065
18,53063,4,4,1, 53067
1,53066,1,1,0, 53067
24,53069,1,1,1, 53070
7,53072,1,1,1, 53073
8,53076,1,1,1, 53077
31,53076,2,2,1, 53078
14,53079,3,3,1, 53082
17,53079,3,3,1, 53082
13,53079,4,4,1, 53083
15,53081,2,2,1, 53083
12,53080,5,5,1, 53085
2,53083,2,2,1, 53085
1,53086,1,1,1, 53087
24,53089,1,1,1, 53090
19,53086,5,5,1, 53091
7,53092,1,1,0, 53093
27,53092,4,4,1, 53096
25,53095,2,2,1, 53097
8,53096,1,1,0, 53097
31,53096,2,2,1, 53098
9,53097,2,2,1, 53099
26,53097,3,3,1, 53100
14,53099,3,3,1, 53102
15,53101,2,2,1, 53103
12,53100,5,5,1, 53105
18,53103,4,4,1, 53107
1,53106,1,1,1, 53107
4,53106,4,4,1, 53110
24,53109,1,1,1, 53110
7,53112,1,1,1, 53113
8,53116,1,1,0, 53117
31,53116,2,2,1, 53118
13,53119,4,4,1, 53123
15,53121,2,2,1, 53123
24,53129,1,1,0, 53130
7,53132,1,1,1, 53133
8,53136,1,1,1, 53137
14,53139,3,3,1, 53142
15,53141,2,2,1, 53143
24,53149,1,1,1, 53150
23,53148,3,3,1, 53151
21,53147,5,5,1, 53152
7,53152,1,1,0, 53153
30,53153,3,3,1, 53156
8,53156,1,1,0, 53157
31,53156,2,2,1, 53158
16,53159,2,2,1, 53161
14,53159,3,3,1, 53162
13,53159,4,4,1, 53163
22,53166,4,4,1, 53170
24,53169,1,1,1, 53170
23,53168,3,3,1, 53171
21,53167,5,5,1, 53172
6,53170,2,2,1, 53172
7,53172,1,1,0, 53173
8,53176,1,1,1, 53177
16,53179,2,2,1, 53181
13,53179,4,4,1, 53183
24,53189,1,1,1, 53190
23,53188,3,3,1, 53191
7,53192,1,1,0, 53193
8,53196,1,1,0, 53197
31,53196,2,2,1, 53198
29,53198,4,4,1, 53202
13,53199,4,4,1, 53203
15,53201,2,2,1, 53203
24,53209,1,1,1, 53210
23,53208,3,3,1, 53211
21,53207,5,5,1, 53212
7,53212,1,1,1, 53213
30,53213,3,3,1, 53216
8,53216,1,1,0, 53217
9,53217,2,2,1, 53219
29,53218,4,4,1, 53222
17,53219,3,3,1, 53222
13,53219,4,4,1, 53223
1,53226,1,1,1, 53227
24,53229,1,1,1, 53230
6,53230,2,2,1, 53232
7,53232,1,1,0, 53233
9,53237,2,2,1, 53239
1,53246,1,1,0, 53247
24,53249,1,1,1, 53250
6,53250,2,2,1, 53252
7,53252,1,1,0, 53253
31,53256,2,2,1, 53258
9,53257,2,2,1, 53259
26,53257,3,3,1, 53260
1,53266,1,1,1, 53267
24,53269,1,1,1, 53270
6,53270,2,2,1, 53272
7,53272,1,1,0, 53273
30,53273,3,3,1, 53276
25,53275,2,2,1, 53277
31,53276,2,2,1, 53278
9,53277,2,2,1, 53279
26,53277,3,3,1, 53280
17,53279,3,3,1, 53282
2,53283,2,2,1, 53285
1,53286,1,1,1, 53287
24,53289,1,1,1, 53290
6,53290,2,2,1, 53292
7,53292,1,1,1, 53293
25,53295,2,2,1, 53297
9,53297,2,2,1, 53299
17,53299,3,3,1, 53302
2,53303,2,2,1, 53305
18,53303,4,4,1, 53307
1,53306,1,1,0, 53307
5,53307,3,3,1, 53310
24,53309,1,1,0, 53310
6,53310,2,2,1, 53312
7,53312,1,1,1, 53313
25,53315,2,2,1, 53317
31,53316,2,2,1, 53318
29,53318,4,4,1, 53322
18,53323,4,4,1, 53327
1,53326,1,1,0, 53327
20,53323,6,6,1, 53329
4,53326,4,4,1, 53330
24,53329,1,1,1, 53330
19,53326,5,5,1, 53331
21,53327,5,5,1, 53332
7,53332,1,1,1, 53333
25,53335,2,2,1, 53337
8,53336,1,1,1, 53337
28,53334,5,5,1, 53339
9,53337,2,2,1, 53339
26,53337,3,3,1, 53340
13,53339,4,4,1, 53343
15,53341,2,2,1, 53343
5,53347,3,3,1, 53350
24,53349,1,1,1, 53350
21,53347,5,5,1, 53352
7,53352,1,1,0, 53353
8,53356,1,1,0, 53357
31,53356,2,2,1, 53358
13,53359,4,4,1, 53363
22,53366,4,4,1, 53370
5,53367,3,3,1, 53370
24,53369,1,1,0, 53370
21,53367,5,5,1, 53372
7,53372,1,1,0, 53373
30,53373,3,3,1, 53376
8,53376,1,1,0, 53377
29,53378,4,4,1, 53382
14,53379,3,3,1, 53382
13,53379,4,4,1, 53383
22,53386,4,4,1, 53390
5,53387,3,3,1, 53390
24,53389,1,1,1, 53390
23,53388,3,3,1, 53391
7,53392,1,1,0, 53393
8,53396,1,1,0, 53397
16,53399,2,2,1, 53401
14,53399,3,3,1, 53402
15,53401,2,2,1, 53403
22,53406,4,4,1, 53410
5,53407,3,3,1, 53410
24,53409,1,1,0, 53410
6,53410,2,2,1, 53412
7,53412,1,1,1, 53413
8,53416,1,1,0, 53417
16,53419,2,2,1, 53421
14,53419,3,3,1, 53422
13,53419,4,4,1, 53423
15,53421,2,2,1, 53423
24,53429,1,1,1, 53430
23,53428,3,3,1, 53431
7,53432,1,1,1, 53433
30,53433,3,3,1, 53436
8,53436,1,1,0, 53437
29,53438,4,4,1, 53442
13,53439,4,4,1, 53443
15,53441,2,2,1, 53443
18,53443,4,4,1, 53447
1,53446,1,1,1, 53447
22,53446,4,4,1, 53450
5,53447,3,3,1, 53450
24,53449,1,1,1, 53450
7,53452,1,1,0, 53453
9,53457,2,2,1, 53459
1,53466,1,1,0, 53467
5,53467,3,3,1, 53470
24,53469,1,1,1, 53470
7,53472,1,1,1, 53473
30,53473,3,3,1, 53476
25,53475,2,2,1, 53477
29,53478,4,4,1, 53482
1,53486,1,1,1, 53487
5,53487,3,3,1, 53490
24,53489,1,1,0, 53490
6,53490,2,2,1, 53492
7,53492,1,1,0, 53493
31,53496,2,2,1, 53498
29,53498,4,4,1, 53502
1,53506,1,1,0, 53507
5,53507,3,3,1, 53510
24,53509,1,1,1, 53510
6,53510,2,2,1, 53512
7,53512,1,1,1, 53513
31,53516,2,2,1, 53518
17,53519,3,3,1, 53522
1,53526,1,1,0, 53527
5,53527,3,3,1, 53530
24,53529,1,1,1, 53530
7,53532,1,1,0, 53533
30,53533,3,3,1, 53536
25,53535,2,2,1, 53537
29,53538,4,4,1, 53542
17,53539,3,3,1, 53542
1,53546,1,1,0, 53547
5,53547,3,3,1, 53550
24,53549,1,1,1, 53550
7,53552,1,1,0, 53553
8,53556,1,1,0, 53557
9,53557,2,2,1, 53559
26,53557,3,3,1, 53560
29,53558,4,4,1, 53562
13,53559,4,4,1, 53563
15,53561,2,2,1, 53563
2,53563,2,2,1, 53565
18,53563,4,4,1, 53567
1,53566,1,1,1, 53567
5,53567,3,3,1, 53570
24,53569,1,1,0, 53570
6,53570,2,2,1, 53572
7,53572,1,1,1, 53573
8,53576,1,1,0, 53577
31,53576,2,2,1, 53578
26,53577,3,3,1, 53580
29,53578,4,4,1, 53582
14,53579,3,3,1, 53582
17,53579,3,3,1, 53582
13,53579,4,4,1, 53583
15,53581,2,2,1, 53583
2,53583,2,2,1, 53585
18,53583,4,4,1, 53587
1,53586,1,1,0, 53587
5,53587,3,3,1, 53590
24,53589,1,1,0, 53590
7,53592,1,1,1, 53593
25,53595,2,2,1, 53597
8,53596,1,1,0, 53597
31,53596,2,2,1, 53598
9,53597,2,2,1, 53599
26,53597,3,3,1, 53600
16,53599,2,2,1, 53601
14,53599,3,3,1, 53602
17,53599,3,3,1, 53602
2,53603,2,2,1, 53605
1,53606,1,1,1, 53607
24,53609,1,1,1, 53610
23,53608,3,3,1, 53611
8,53616,1,1,0, 53617
28,53614,5,5,1, 53619
9,53617,2,2,1, 53619
26,53617,3,3,1, 53620
17,53619,3,3,1, 53622
12,53620,5,5,1, 53625
18,53623,4,4,1, 53627
1,53626,1,1,1, 53627
20,53623,6,6,1, 53629
4,53626,4,4,1, 53630
3,53627,3,3,1, 53630
24,53629,1,1,1, 53630
23,53628,3,3,1, 53631
27,53632,4,4,1, 53636
8,53636,1,1,0, 53637
16,53639,2,2,1, 53641
24,53649,1,1,0, 53650
23,53648,3,3,1, 53651
8,53656,1,1,0, 53657
14,53659,3,3,1, 53662
13,53659,4,4,1, 53663
15,53661,2,2,1, 53663
24,53669,1,1,1, 53670
8,53676,1,1,1, 53677
16,53679,2,2,1, 53681
13,53679,4,4,1, 53683
15,53681,2,2,1, 53683
24,53689,1,1,1, 53690
23,53688,3,3,1, 53691
8,53696,1,1,0, 53697
14,53699,3,3,1, 53702
15,53701,2,2,1, 53703
5,53707,3,3,1, 53710
24,53709,1,1,1, 53710
21,53707,5,5,1, 53712
7,53712,1,1,0, 53713
8,53716,1,1,1, 53717
16,53719,2,2,1, 53721
29,53718,4,4,1, 53722
14,53719,3,3,1, 53722
22,53726,4,4,1, 53730
5,53727,3,3,1, 53730
24,53729,1,1,1, 53730
7,53732,1,1,1, 53733
30,53733,3,3,1, 53736
8,53736,1,1,1, 53737
29,53738,4,4,1, 53742
13,53739,4,4,1, 53743
1,53746,1,1,0, 53747
22,53746,4,4,1, 53750
5,53747,3,3,1, 53750
24,53749,1,1,0, 53750
23,53748,3,3,1, 53751
7,53752,1,1,0, 53753
30,53753,3,3,1, 53756
25,53755,2,2,1, 53757
8,53756,1,1,1, 53757
31,53756,2,2,1, 53758
9,53757,2,2,1, 53759
29,53758,4,4,1, 53762
17,53759,3,3,1, 53762
13,53759,4,4,1, 53763
1,53766,1,1,0, 53767
24,53769,1,1,1, 53770
7,53772,1,1,1, 53773
25,53775,2,2,1, 53777
9,53777,2,2,1, 53779
18,53783,4,4,1, 53787
1,53786,1,1,1, 53787
24,53789,1,1,1, 53790
7,53792,1,1,1, 53793
18,53803,4,4,1, 53807
1,53806,1,1,0, 53807
24,53809,1,1,1, 53810
7,53812,1,1,0, 53813
27,53812,4,4,1, 53816
11,53814,4,4,1, 53818
31,53816,2,2,1, 53818
26,53817,3,3,1, 53820
17,53819,3,3,1, 53822
18,53823,4,4,1, 53827
1,53826,1,1,1, 53827
20,53823,6,6,1, 53829
4,53826,4,4,1, 53830
24,53829,1,1,0, 53830
7,53832,1,1,1, 53833
27,53832,4,4,1, 53836
25,53835,2,2,1, 53837
12,53840,5,5,1, 53845
2,53843,2,2,1, 53845
18,53843,4,4,1, 53847
1,53846,1,1,0, 53847
20,53843,6,6,1, 53849
4,53846,4,4,1, 53850
24,53849,1,1,1, 53850
19,53846,5,5,1, 53851
7,53852,1,1,1, 53853
22,53866,4,4,1, 53870
24,53869,1,1,1, 53870
21,53867,5,5,1, 53872
7,53872,1,1,1, 53873
8,53876,1,1,0, 53877
16,53879,2,2,1, 53881
15,53881,2,2,1, 53883
22,53886,4,4,1, 53890
5,53887,3,3,1, 53890
24,53889,1,1,1, 53890
21,53887,5,5,1, 53892
7,53892,1,1,0, 53893
8,53896,1,1,0, 53897
16,53899,2,2,1, 53901
29,53898,4,4,1, 53902
13,53899,4,4,1, 53903
15,53901,2,2,1, 53903
5,53907,3,3,1, 53910
24,53909,1,1,1, 53910
23,53908,3,3,1, 53911
6,53910,2,2,1, 53912
7,53912,1,1,0, 53913
30,53913,3,3,1, 53916
8,53916,1,1,1, 53917
31,53916,2,2,1, 53918
16,53919,2,2,1, 53921
29,53918,4,4,1, 53922
13,53919,4,4,1, 53923
15,53921,2,2,1, 53923
5,53927,3,3,1, 53930
24,53929,1,1,1, 53930
6,53930,2,2,1, 53932
7,53932,1,1,0, 53933
8,53936,1,1,1, 53937
31,53936,2,2,1, 53938
15,53941,2,2,1, 53943
22,53946,4,4,1, 53950
5,53947,3,3,1, 53950
24,53949,1,1,0, 53950
21,53947,5,5,1, 53952
6,53950,2,2,1, 53952
7,53952,1,1,1, 53953
30,53953,3,3,1, 53956
8,53956,1,1,1, 53957
31,53956,2,2,1, 53958
16,53959,2,2,1, 53961
29,53958,4,4,1, 53962
1,53966,1,1,1, 53967
22,53966,4,4,1, 53970
5,53967,3,3,1, 53970
24,53969,1,1,0, 53970
21,53967,5,5,1, 53972
7,53972,1,1,1, 53973
8,53976,1,1,1, 53977
9,53977,2,2,1, 53979
16,53979,2,2,1, 53981
17,53979,3,3,1, 53982
2,53983,2,2,1, 53985
1,53986,1,1,0, 53987
5,53987,3,3,1, 53990
24,53989,1,1,1, 53990
23,53988,3,3,1, 53991
21,53987,5,5,1, 53992
7,53992,1,1,1, 53993
25,53995,2,2,1, 53997
8,53996,1,1,0, 53997
31,53996,2,2,1, 53998
26,53997,3,3,1, 54000
16,53999,2,2,1, 54001
29,53998,4,4,1, 54002
14,53999,3,3,1, 54002
1,54006,1,1,0, 54007
5,54007,3,3,1, 54010
24,54009,1,1,1, 54010
6,54010,2,2,1, 54012
7,54012,1,1,1, 54013
9,54017,2,2,1, 54019
26,54017,3,3,1, 54020
29,54018,4,4,1, 54022
12,54020,5,5,1, 54025
2,54023,2,2,1, 54025
18,54023,4,4,1, 54027
1,54026,1,1,0, 54027
20,54023,6,6,1, 54029
4,54026,4,4,1, 54030
3,54027,3,3,1, 54030
24,54029,1,1,0, 54030
7,54032,1,1,0, 54033
27,54032,4,4,1, 54036
30,54033,3,3,1, 54036
25,54035,2,2,1, 54037
28,54034,5,5,1, 54039
26,54037,3,3,1, 54040
29,54038,4,4,1, 54042
2,54043,2,2,1, 54045
1,54046,1,1,0, 54047
20,54043,6,6,1, 54049
24,54049,1,1,0, 54050
19,54046,5,5,1, 54051
6,54050,2,2,1, 54052
7,54052,1,1,0, 54053
11,54054,4,4,1, 54058
28,54054,5,5,1, 54059
26,54057,3,3,1, 54060
5,54067,3,3,1, 54070
24,54069,1,1,0, 54070
7,54072,1,1,1, 54073
31,54076,2,2,1, 54078
29,54078,4,4,1, 54082
5,54087,3,3,1, 54090
24,54089,1,1,1, 54090
6,54090,2,2,1, 54092
7,54092,1,1,0, 54093
31,54096,2,2,1, 54098
5,54107,3,3,1, 54110
24,54109,1,1,1, 54110
21,54107,5,5,1, 54112
6,54110,2,2,1, 54112
7,54112,1,1,1, 54113
8,54116,1,1,0, 54117
31,54116,2,2,1, 54118
16,54119,2,2,1, 54121
14,54119,3,3,1, 54122
22,54126,4,4,1, 54130
24,54129,1,1,0, 54130
23,54128,3,3,1, 54131
21,54127,5,5,1, 54132
8,54136,1,1,1, 54137
15,54141,2,2,1, 54143
22,54146,4,4,1, 54150
24,54149,1,1,0, 54150
21,54147,5,5,1, 54152
8,54156,1,1,0, 54157
14,54159,3,3,1, 54162
1,54166,1,1,0, 54167
24,54169,1,1,1, 54170
21,54167,5,5,1, 54172
25,54175,2,2,1, 54177
8,54176,1,1,1, 54177
9,54177,2,2,1, 54179
16,54179,2,2,1, 54181
17,54179,3,3,1, 54182
13,54179,4,4,1, 54183
15,54181,2,2,1, 54183
1,54186,1,1,1, 54187
24,54189,1,1,0, 54190
21,54187,5,5,1, 54192
8,54196,1,1,1, 54197
9,54197,2,2,1, 54199
16,54199,2,2,1, 54201
17,54199,3,3,1, 54202
13,54199,4,4,1, 54203
2,54203,2,2,1, 54205
1,54206,1,1,0, 54207
24,54209,1,1,0, 54210
25,54215,2,2,1, 54217
8,54216,1,1,1, 54217
9,54217,2,2,1, 54219
14,54219,3,3,1, 54222
13,54219,4,4,1, 54223
18,54223,4,4,1, 54227
1,54226,1,1,0, 54227
22,54226,4,4,1, 54230
5,54227,3,3,1, 54230
24,54229,1,1,1, 54230
23,54228,3,3,1, 54231
7,54232,1,1,0, 54233
30,54233,3,3,1, 54236
8,54236,1,1,0, 54237
9,54237,2,2,1, 54239
29,54238,4,4,1, 54242
14,54239,3,3,1, 54242
1,54246,1,1,0, 54247
24,54249,1,1,1, 54250
7,54252,1,1,0, 54253
31,54256,2,2,1, 54258
9,54257,2,2,1, 54259
17,54259,3,3,1, 54262
12,54260,5,5,1, 54265
2,54263,2,2,1, 54265
18,54263,4,4,1, 54267
1,54266,1,1,0, 54267
20,54263,6,6,1, 54269
4,54266,4,4,1, 54270
24,54269,1,1,1, 54270
19,54266,5,5,1, 54271
7,54272,1,1,0, 54273
27,54272,4,4,1, 54276
17,54279,3,3,1, 54282
12,54280,5,5,1, 54285
2,54283,2,2,1, 54285
18,54283,4,4,1, 54287
1,54286,1,1,1, 54287
4,54286,4,4,1, 54290
24,54289,1,1,1, 54290
7,54292,1,1,1, 54293
24,54309,1,1,0, 54310
7,54312,1,1,1, 54313
24,54329,1,1,0, 54330
7,54332,1,1,0, 54333
31,54336,2,2,1, 54338
24,54349,1,1,1, 54350
7,54352,1,1,0, 54353
8,54356,1,1,0, 54357
14,54359,3,3,1, 54362
13,54359,4,4,1, 54363
22,54366,4,4,1, 54370
5,54367,3,3,1, 54370
24,54369,1,1,0, 54370
21,54367,5,5,1, 54372
6,54370,2,2,1, 54372
7,54372,1,1,0, 54373
30,54373,3,3,1, 54376
8,54376,1,1,0, 54377
31,54376,2,2,1, 54378
29,54378,4,4,1, 54382
14,54379,3,3,1, 54382
22,54386,4,4,1, 54390
5,54387,3,3,1, 54390
24,54389,1,1,0, 54390
23,54388,3,3,1, 54391
21,54387,5,5,1, 54392
6,54390,2,2,1, 54392
7,54392,1,1,0, 54393
30,54393,3,3,1, 54396
8,54396,1,1,1, 54397
31,54396,2,2,1, 54398
16,54399,2,2,1, 54401
29,54398,4,4,1, 54402
14,54399,3,3,1, 54402
13,54399,4,4,1, 54403
1,54406,1,1,1, 54407
24,54409,1,1,1, 54410
23,54408,3,3,1, 54411
7,54412,1,1,0, 54413
30,54413,3,3,1, 54416
25,54415,2,2,1, 54417
8,54416,1,1,1, 54417
29,54418,4,4,1, 54422
15,54421,2,2,1, 54423
1,54426,1,1,0, 54427
22,54426,4,4,1, 54430
24,54429,1,1,1, 54430
23,54428,3,3,1, 54431
7,54432,1,1,0, 54433
30,54433,3,3,1, 54436
25,54435,2,2,1, 54437
8,54436,1,1,0, 54437
31,54436,2,2,1, 54438
29,54438,4,4,1, 54442
17,54439,3,3,1, 54442
1,54446,1,1,1, 54447
5,54447,3,3,1, 54450
24,54449,1,1,0, 54450
21,54447,5,5,1, 54452
6,54450,2,2,1, 54452
7,54452,1,1,0, 54453
8,54456,1,1,0, 54457
26,54457,3,3,1, 54460
16,54459,2,2,1, 54461
17,54459,3,3,1, 54462
1,54466,1,1,1, 54467
24,54469,1,1,1, 54470
23,54468,3,3,1, 54471
21,54467,5,5,1, 54472
6,54470,2,2,1, 54472
7,54472,1,1,1, 54473
30,54473,3,3,1, 54476
25,54475,2,2,1, 54477
8,54476,1,1,1, 54477
11,54474,4,4,1, 54478
31,54476,2,2,1, 54478
9,54477,2,2,1, 54479
16,54479,2,2,1, 54481
13,54479,4,4,1, 54483
18,54483,4,4,1, 54487
1,54486,1,1,1, 54487
3,54487,3,3,1, 54490
24,54489,1,1,0, 54490
6,54490,2,2,1, 54492
7,54492,1,1,1, 54493
25,54495,2,2,1, 54497
8,54496,1,1,0, 54497
9,54497,2,2,1, 54499
29,54498,4,4,1, 54502
14,54499,3,3,1, 54502
17,54499,3,3,1, 54502
13,54499,4,4,1, 54503
15,54501,2,2,1, 54503
12,54500,5,5,1, 54505
2,54503,2,2,1, 54505
18,54503,4,4,1, 54507
1,54506,1,1,1, 54507
20,54503,6,6,1, 54509
22,54506,4,4,1, 54510
5,54507,3,3,1, 54510
24,54509,1,1,1, 54510
19,54506,5,5,1, 54511
23,54508,3,3,1, 54511
6,54510,2,2,1, 54512
7,54512,1,1,1, 54513
30,54513,3,3,1, 54516
25,54515,2,2,1, 54517
17,54519,3,3,1, 54522
12,54520,5,5,1, 54525
1,54526,1,1,0, 54527
3,54527,3,3,1, 54530
5,54527,3,3,1, 54530
24,54529,1,1,1, 54530
7,54532,1,1,0, 54533
30,54533,3,3,1, 54536
31,54536,2,2,1, 54538
9,54537,2,2,1, 54539
26,54537,3,3,1, 54540
17,54539,3,3,1, 54542
5,54547,3,3,1, 54550
24,54549,1,1,0, 54550
7,54552,1,1,1, 54553
30,54553,3,3,1, 54556
31,54556,2,2,1, 54558
24,54569,1,1,1, 54570
6,54570,2,2,1, 54572
7,54572,1,1,1, 54573
30,54573,3,3,1, 54576
29,54578,4,4,1, 54582
5,54587,3,3,1, 54590
24,54589,1,1,0, 54590
6,54590,2,2,1, 54592
7,54592,1,1,0, 54593
31,54596,2,2,1, 54598
24,54609,1,1,0, 54610
8,54616,1,1,0, 54617
16,54619,2,2,1, 54621
24,54629,1,1,1, 54630
23,54628,3,3,1, 54631
8,54636,1,1,0, 54637
16,54639,2,2,1, 54641
14,54639,3,3,1, 54642
13,54639,4,4,1, 54643
15,54641,2,2,1, 54643
1,54646,1,1,1, 54647
24,54649,1,1,0, 54650
23,54648,3,3,1, 54651
21,54647,5,5,1, 54652
25,54655,2,2,1, 54657
8,54656,1,1,1, 54657
16,54659,2,2,1, 54661
14,54659,3,3,1, 54662
17,54659,3,3,1, 54662
13,54659,4,4,1, 54663
1,54666,1,1,1, 54667
24,54669,1,1,0, 54670
23,54668,3,3,1, 54671
21,54667,5,5,1, 54672
8,54676,1,1,0, 54677
16,54679,2,2,1, 54681
17,54679,3,3,1, 54682
15,54681,2,2,1, 54683
1,54686,1,1,1, 54687
22,54686,4,4,1, 54690
24,54689,1,1,1, 54690
23,54688,3,3,1, 54691
8,54696,1,1,0, 54697
9,54697,2,2,1, 54699
16,54699,2,2,1, 54701
13,54699,4,4,1, 54703
2,54703,2,2,1, 54705
18,54703,4,4,1, 54707
1,54706,1,1,1, 54707
22,54706,4,4,1, 54710
24,54709,1,1,1, 54710
6,54710,2,2,1, 54712
7,54712,1,1,0, 54713
25,54715,2,2,1, 54717
8,54716,1,1,0, 54717
31,54716,2,2,1, 54718
9,54717,2,2,1, 54719
26,54717,3,3,1, 54720
16,54719,2,2,1, 54721
29,54718,4,4,1, 54722
17,54719,3,3,1, 54722
1,54726,1,1,1, 54727
24,54729,1,1,1, 54730
7,54732,1,1,0, 54733
30,54733,3,3,1, 54736
25,54735,2,2,1, 54737
31,54736,2,2,1, 54738
9,54737,2,2,1, 54739
2,54743,2,2,1, 54745
1,54746,1,1,0, 54747
24,54749,1,1,1, 54750
6,54750,2,2,1, 54752
7,54752,1,1,0, 54753
30,54753,3,3,1, 54756
31,54756,2,2,1, 54758
9,54757,2,2,1, 54759
18,54763,4,4,1, 54767
1,54766,1,1,0, 54767
5,54767,3,3,1, 54770
24,54769,1,1,0, 54770
7,54772,1,1,0, 54773
27,54772,4,4,1, 54776
11,54774,4,4,1, 54778
31,54776,2,2,1, 54778
9,54777,2,2,1, 54779
26,54777,3,3,1, 54780
12,54780,5,5,1, 54785
2,54783,2,2,1, 54785
1,54786,1,1,0, 54787
3,54787,3,3,1, 54790
5,54787,3,3,1, 54790
24,54789,1,1,0, 54790
6,54790,2,2,1, 54792
7,54792,1,1,1, 54793
27,54792,4,4,1, 54796
25,54795,2,2,1, 54797
5,54807,3,3,1, 54810
24,54809,1,1,0, 54810
7,54812,1,1,0, 54813
31,54816,2,2,1, 54818
5,54827,3,3,1, 54830
24,54829,1,1,0, 54830
21,54827,5,5,1, 54832
7,54832,1,1,0, 54833
30,54833,3,3,1, 54836
8,54836,1,1,0, 54837
16,54839,2,2,1, 54841
29,54838,4,4,1, 54842
14,54839,3,3,1, 54842
22,54846,4,4,1, 54850
24,54849,1,1,0, 54850
7,54852,1,1,1, 54853
8,54856,1,1,0, 54857
14,54859,3,3,1, 54862
15,54861,2,2,1, 54863
22,54866,4,4,1, 54870
24,54869,1,1,1, 54870
21,54867,5,5,1, 54872
7,54872,1,1,0, 54873
8,54876,1,1,1, 54877
31,54876,2,2,1, 54878
14,54879,3,3,1, 54882
24,54889,1,1,0, 54890
21,54887,5,5,1, 54892
7,54892,1,1,0, 54893
8,54896,1,1,1, 54897
31,54896,2,2,1, 54898
16,54899,2,2,1, 54901
14,54899,3,3,1, 54902
15,54901,2,2,1, 54903
1,54906,1,1,0, 54907
22,54906,4,4,1, 54910
24,54909,1,1,1, 54910
7,54912,1,1,1, 54913
8,54916,1,1,0, 54917
14,54919,3,3,1, 54922
13,54919,4,4,1, 54923
1,54926,1,1,1, 54927
24,54929,1,1,1, 54930
7,54932,1,1,1, 54933
8,54936,1,1,1, 54937
17,54939,3,3,1, 54942
15,54941,2,2,1, 54943
1,54946,1,1,0, 54947
22,54946,4,4,1, 54950
24,54949,1,1,0, 54950
7,54952,1,1,1, 54953
25,54955,2,2,1, 54957
8,54956,1,1,1, 54957
31,54956,2,2,1, 54958
26,54957,3,3,1, 54960
16,54959,2,2,1, 54961
17,54959,3,3,1, 54962
13,54959,4,4,1, 54963
15,54961,2,2,1, 54963
2,54963,2,2,1, 54965
1,54966,1,1,1, 54967
22,54966,4,4,1, 54970
5,54967,3,3,1, 54970
24,54969,1,1,1, 54970
7,54972,1,1,0, 54973
25,54975,2,2,1, 54977
8,54976,1,1,0, 54977
31,54976,2,2,1, 54978
9,54977,2,2,1, 54979
26,54977,3,3,1, 54980
16,54979,2,2,1, 54981
29,54978,4,4,1, 54982
14,54979,3,3,1, 54982
1,54986,1,1,1, 54987
5,54987,3,3,1, 54990
24,54989,1,1,1, 54990
6,54990,2,2,1, 54992
7,54992,1,1,1, 54993
27,54992,4,4,1, 54996
30,54993,3,3,1, 54996
25,54995,2,2,1, 54997
8,54996,1,1,0, 54997
31,54996,2,2,1, 54998
9,54997,2,2,1, 54999
26,54997,3,3,1, 55000
16,54999,2,2,1, 55001
29,54998,4,4,1, 55002
14,54999,3,3,1, 55002
17,54999,3,3,1, 55002
15,55001,2,2,1, 55003
12,55000,5,5,1, 55005
2,55003,2,2,1, 55005
1,55006,1,1,1, 55007
4,55006,4,4,1, 55010
3,55007,3,3,1, 55010
5,55007,3,3,1, 55010
24,55009,1,1,0, 55010
19,55006,5,5,1, 55011
23,55008,3,3,1, 55011
7,55012,1,1,0, 55013
30,55013,3,3,1, 55016
8,55016,1,1,1, 55017
11,55014,4,4,1, 55018
31,55016,2,2,1, 55018
16,55019,2,2,1, 55021
29,55018,4,4,1, 55022
17,55019,3,3,1, 55022
13,55019,4,4,1, 55023
18,55023,4,4,1, 55027
1,55026,1,1,1, 55027
3,55027,3,3,1, 55030
24,55029,1,1,0, 55030
7,55032,1,1,0, 55033
27,55032,4,4,1, 55036
11,55034,4,4,1, 55038
31,55036,2,2,1, 55038
14,55039,3,3,1, 55042
13,55039,4,4,1, 55043
5,55047,3,3,1, 55050
24,55049,1,1,0, 55050
7,55052,1,1,0, 55053
31,55056,2,2,1, 55058
14,55059,3,3,1, 55062
13,55059,4,4,1, 55063
24,55069,1,1,1, 55070
6,55070,2,2,1, 55072
7,55072,1,1,1, 55073
30,55073,3,3,1, 55076
24,55089,1,1,0, 55090
24,55109,1,1,0, 55110
24,55129,1,1,1, 55130
8,55136,1,1,0, 55137
17,55139,3,3,1, 55142
1,55146,1,1,1, 55147
24,55149,1,1,0, 55150
23,55148,3,3,1, 55151
8,55156,1,1,1, 55157
9,55157,2,2,1, 55159
18,55163,4,4,1, 55167
1,55166,1,1,0, 55167
24,55169,1,1,1, 55170
25,55175,2,2,1, 55177
8,55176,1,1,0, 55177
17,55179,3,3,1, 55182
18,55183,4,4,1, 55187
1,55186,1,1,0, 55187
22,55186,4,4,1, 55190
24,55189,1,1,0, 55190
23,55188,3,3,1, 55191
7,55192,1,1,1, 55193
8,55196,1,1,0, 55197
31,55196,2,2,1, 55198
26,55197,3,3,1, 55200
16,55199,2,2,1, 55201
1,55206,1,1,0, 55207
4,55206,4,4,1, 55210
22,55206,4,4,1, 55210
24,55209,1,1,1, 55210
7,55212,1,1,1, 55213
27,55212,4,4,1, 55216
8,55216,1,1,0, 55217
28,55214,5,5,1, 55219
2,55223,2,2,1, 55225
1,55226,1,1,1, 55227
20,55223,6,6,1, 55229
4,55226,4,4,1, 55230
24,55229,1,1,0, 55230
23,55228,3,3,1, 55231
7,55232,1,1,0, 55233
27,55232,4,4,1, 55236
25,55235,2,2,1, 55237
8,55236,1,1,1, 55237
31,55236,2,2,1, 55238
2,55243,2,2,1, 55245
1,55246,1,1,0, 55247
24,55249,1,1,1, 55250
21,55247,5,5,1, 55252
7,55252,1,1,1, 55253
27,55252,4,4,1, 55256
25,55255,2,2,1, 55257
8,55256,1,1,0, 55257
31,55256,2,2,1, 55258
9,55257,2,2,1, 55259
26,55257,3,3,1, 55260
16,55259,2,2,1, 55261
2,55263,2,2,1, 55265
1,55266,1,1,0, 55267
20,55263,6,6,1, 55269
22,55266,4,4,1, 55270
24,55269,1,1,0, 55270
23,55268,3,3,1, 55271
7,55272,1,1,0, 55273
30,55273,3,3,1, 55276
8,55276,1,1,0, 55277
16,55279,2,2,1, 55281
29,55278,4,4,1, 55282
13,55279,4,4,1, 55283
24,55289,1,1,0, 55290
23,55288,3,3,1, 55291
6,55290,2,2,1, 55292
7,55292,1,1,1, 55293
30,55293,3,3,1, 55296
8,55296,1,1,1, 55297
31,55296,2,2,1, 55298
22,55306,4,4,1, 55310
5,55307,3,3,1, 55310
24,55309,1,1,1, 55310
23,55308,3,3,1, 55311
7,55312,1,1,0, 55313
8,55316,1,1,0, 55317
16,55319,2,2,1, 55321
29,55318,4,4,1, 55322
14,55319,3,3,1, 55322
5,55327,3,3,1, 55330
24,55329,1,1,0, 55330
23,55328,3,3,1, 55331
21,55327,5,5,1, 55332
6,55330,2,2,1, 55332
7,55332,1,1,1, 55333
8,55336,1,1,0, 55337
13,55339,4,4,1, 55343
22,55346,4,4,1, 55350
5,55347,3,3,1, 55350
24,55349,1,1,0, 55350
23,55348,3,3,1, 55351
21,55347,5,5,1, 55352
6,55350,2,2,1, 55352
7,55352,1,1,0, 55353
30,55353,3,3,1, 55356
8,55356,1,1,0, 55357
29,55358,4,4,1, 55362
14,55359,3,3,1, 55362
24,55369,1,1,1, 55370
6,55370,2,2,1, 55372
7,55372,1,1,1, 55373
8,55376,1,1,1, 55377
9,55377,2,2,1, 55379
17,55379,3,3,1, 55382
13,55379,4,4,1, 55383
1,55386,1,1,0, 55387
5,55387,3,3,1, 55390
24,55389,1,1,0, 55390
21,55387,5,5,1, 55392
6,55390,2,2,1, 55392
7,55392,1,1,0, 55393
8,55396,1,1,1, 55397
31,55396,2,2,1, 55398
16,55399,2,2,1, 55401
29,55398,4,4,1, 55402
1,55406,1,1,0, 55407
24,55409,1,1,0, 55410
21,55407,5,5,1, 55412
7,55412,1,1,0, 55413
30,55413,3,3,1, 55416
8,55416,1,1,0, 55417
9,55417,2,2,1, 55419
14,55419,3,3,1, 55422
13,55419,4,4,1, 55423
2,55423,2,2,1, 55425
18,55423,4,4,1, 55427
1,55426,1,1,0, 55427
24,55429,1,1,1, 55430
7,55432,1,1,0, 55433
30,55433,3,3,1, 55436
8,55436,1,1,0, 55437
31,55436,2,2,1, 55438
9,55437,2,2,1, 55439
16,55439,2,2,1, 55441
18,55443,4,4,1, 55447
1,55446,1,1,1, 55447
22,55446,4,4,1, 55450
24,55449,1,1,1, 55450
7,55452,1,1,0, 55453
30,55453,3,3,1, 55456
8,55456,1,1,1, 55457
31,55456,2,2,1, 55458
9,55457,2,2,1, 55459
16,55459,2,2,1, 55461
29,55458,4,4,1, 55462
17,55459,3,3,1, 55462
1,55466,1,1,1, 55467
24,55469,1,1,0, 55470
19,55466,5,5,1, 55471
21,55467,5,5,1, 55472
27,55472,4,4,1, 55476
25,55475,2,2,1, 55477
8,55476,1,1,0, 55477
16,55479,2,2,1, 55481
2,55483,2,2,1, 55485
1,55486,1,1,1, 55487
20,55483,6,6,1, 55489
3,55487,3,3,1, 55490
24,55489,1,1,0, 55490
21,55487,5,5,1, 55492
27,55492,4,4,1, 55496
25,55495,2,2,1, 55497
8,55496,1,1,1, 55497
11,55494,4,4,1, 55498
9,55497,2,2,1, 55499
16,55499,2,2,1, 55501
12,55500,5,5,1, 55505
2,55503,2,2,1, 55505
18,55503,4,4,1, 55507
24,55509,1,1,0, 55510
21,55507,5,5,1, 55512
8,55516,1,1,0, 55517
22,55526,4,4,1, 55530
24,55529,1,1,0, 55530
21,55527,5,5,1, 55532
8,55536,1,1,0, 55537
16,55539,2,2,1, 55541
22,55546,4,4,1, 55550
24,55549,1,1,1, 55550
8,55556,1,1,0, 55557
16,55559,2,2,1, 55561
24,55569,1,1,0, 55570
23,55568,3,3,1, 55571
7,55572,1,1,0, 55573
8,55576,1,1,0, 55577
24,55589,1,1,0, 55590
7,55592,1,1,1, 55593
8,55596,1,1,0, 55597
24,55609,1,1,0, 55610
23,55608,3,3,1, 55611
6,55610,2,2,1, 55612
7,55612,1,1,0, 55613
30,55613,3,3,1, 55616
8,55616,1,1,1, 55617
16,55619,2,2,1, 55621
14,55619,3,3,1, 55622
17,55619,3,3,1, 55622
13,55619,4,4,1, 55623
1,55626,1,1,1, 55627
24,55629,1,1,1, 55630
7,55632,1,1,1, 55633
30,55633,3,3,1, 55636
25,55635,2,2,1, 55637
8,55636,1,1,1, 55637
31,55636,2,2,1, 55638
9,55637,2,2,1, 55639
16,55639,2,2,1, 55641
29,55638,4,4,1, 55642
17,55639,3,3,1, 55642
13,55639,4,4,1, 55643
1,55646,1,1,0, 55647
5,55647,3,3,1, 55650
24,55649,1,1,1, 55650
21,55647,5,5,1, 55652
6,55650,2,2,1, 55652
7,55652,1,1,0, 55653
8,55656,1,1,0, 55657
9,55657,2,2,1, 55659
26,55657,3,3,1, 55660
16,55659,2,2,1, 55661
29,55658,4,4,1, 55662
17,55659,3,3,1, 55662
13,55659,4,4,1, 55663
1,55666,1,1,0, 55667
24,55669,1,1,1, 55670
6,55670,2,2,1, 55672
7,55672,1,1,0, 55673
30,55673,3,3,1, 55676
8,55676,1,1,0, 55677
31,55676,2,2,1, 55678
26,55677,3,3,1, 55680
29,55678,4,4,1, 55682
2,55683,2,2,1, 55685
18,55683,4,4,1, 55687
1,55686,1,1,0, 55687
20,55683,6,6,1, 55689
4,55686,4,4,1, 55690
22,55686,4,4,1, 55690
24,55689,1,1,0, 55690
19,55686,5,5,1, 55691
23,55688,3,3,1, 55691
21,55687,5,5,1, 55692
7,55692,1,1,0, 55693
27,55692,4,4,1, 55696
30,55693,3,3,1, 55696
8,55696,1,1,0, 55697
11,55694,4,4,1, 55698
31,55696,2,2,1, 55698
28,55694,5,5,1, 55699
16,55699,2,2,1, 55701
14,55699,3,3,1, 55702
17,55699,3,3,1, 55702
13,55699,4,4,1, 55703
2,55703,2,2,1, 55705
18,55703,4,4,1, 55707
1,55706,1,1,0, 55707
4,55706,4,4,1, 55710
22,55706,4,4,1, 55710
5,55707,3,3,1, 55710
24,55709,1,1,0, 55710
7,55712,1,1,1, 55713
27,55712,4,4,1, 55716
30,55713,3,3,1, 55716
25,55715,2,2,1, 55717
8,55716,1,1,0, 55717
31,55716,2,2,1, 55718
14,55719,3,3,1, 55722
22,55726,4,4,1, 55730
24,55729,1,1,1, 55730
23,55728,3,3,1, 55731
21,55727,5,5,1, 55732
6,55730,2,2,1, 55732
7,55732,1,1,1, 55733
30,55733,3,3,1, 55736
8,55736,1,1,1, 55737
31,55736,2,2,1, 55738
14,55739,3,3,1, 55742
22,55746,4,4,1, 55750
24,55749,1,1,1, 55750
21,55747,5,5,1, 55752
8,55756,1,1,0, 55757
16,55759,2,2,1, 55761
22,55766,4,4,1, 55770
24,55769,1,1,1, 55770
23,55768,3,3,1, 55771
8,55776,1,1,0, 55777
16,55779,2,2,1, 55781
24,55789,1,1,0, 55790
23,55788,3,3,1, 55791
8,55796,1,1,0, 55797
16,55799,2,2,1, 55801
24,55809,1,1,0, 55810
8,55816,1,1,1, 55817
17,55819,3,3,1, 55822
1,55826,1,1,1, 55827
24,55829,1,1,1, 55830
23,55828,3,3,1, 55831
21,55827,5,5,1, 55832
8,55836,1,1,0, 55837
9,55837,2,2,1, 55839
16,55839,2,2,1, 55841
1,55846,1,1,1, 55847
22,55846,4,4,1, 55850
24,55849,1,1,1, 55850
7,55852,1,1,1, 55853
25,55855,2,2,1, 55857
8,55856,1,1,0, 55857
31,55856,2,2,1, 55858
26,55857,3,3,1, 55860
16,55859,2,2,1, 55861
17,55859,3,3,1, 55862
18,55863,4,4,1, 55867
1,55866,1,1,0, 55867
24,55869,1,1,0, 55870
21,55867,5,5,1, 55872
7,55872,1,1,0, 55873
8,55876,1,1,0, 55877
11,55874,4,4,1, 55878
31,55876,2,2,1, 55878
9,55877,2,2,1, 55879
26,55877,3,3,1, 55880
16,55879,2,2,1, 55881
18,55883,4,4,1, 55887
1,55886,1,1,1, 55887
20,55883,6,6,1, 55889
4,55886,4,4,1, 55890
22,55886,4,4,1, 55890
3,55887,3,3,1, 55890
24,55889,1,1,0, 55890
19,55886,5,5,1, 55891
7,55892,1,1,1, 55893
27,55892,4,4,1, 55896
25,55895,2,2,1, 55897
8,55896,1,1,1, 55897
28,55894,5,5,1, 55899
9,55897,2,2,1, 55899
26,55897,3,3,1, 55900
17,55899,3,3,1, 55902
12,55900,5,5,1, 55905
2,55903,2,2,1, 55905
22,55906,4,4,1, 55910
24,55909,1,1,0, 55910
23,55908,3,3,1, 55911
21,55907,5,5,1, 55912
7,55912,1,1,0, 55913
30,55913,3,3,1, 55916
8,55916,1,1,0, 55917
13,55919,4,4,1, 55923
5,55927,3,3,1, 55930
24,55929,1,1,0, 55930
7,55932,1,1,1, 55933
30,55933,3,3,1, 55936
13,55939,4,4,1, 55943
5,55947,3,3,1, 55950
24,55949,1,1,0, 55950
6,55950,2,2,1, 55952
7,55952,1,1,0, 55953
30,55953,3,3,1, 55956
31,55956,2,2,1, 55958
29,55958,4,4,1, 55962
14,55959,3,3,1, 55962
13,55959,4,4,1, 55963
5,55967,3,3,1, 55970
24,55969,1,1,0, 55970
6,55970,2,2,1, 55972
7,55972,1,1,1, 55973
30,55973,3,3,1, 55976
31,55976,2,2,1, 55978
29,55978,4,4,1, 55982
13,55979,4,4,1, 55983
5,55987,3,3,1, 55990
24,55989,1,1,0, 55990
7,55992,1,1,0, 55993
30,55993,3,3,1, 55996
31,55996,2,2,1, 55998
29,55998,4,4,1, 56002
14,55999,3,3,1, 56002
24,56009,1,1,0, 56010
9,56017,2,2,1, 56019
2,56023,2,2,1, 56025
1,56026,1,1,0, 56027
24,56029,1,1,0, 56030
23,56028,3,3,1, 56031
21,56027,5,5,1, 56032
25,56035,2,2,1, 56037
8,56036,1,1,0, 56037
26,56037,3,3,1, 56040
16,56039,2,2,1, 56041
17,56039,3,3,1, 56042
18,56043,4,4,1, 56047
1,56046,1,1,0, 56047
24,56049,1,1,1, 56050
25,56055,2,2,1, 56057
8,56056,1,1,0, 56057
9,56057,2,2,1, 56059
2,56063,2,2,1, 56065
18,56063,4,4,1, 56067
1,56066,1,1,1, 56067
22,56066,4,4,1, 56070
24,56069,1,1,0, 56070
8,56076,1,1,1, 56077
9,56077,2,2,1, 56079
1,56086,1,1,0, 56087
24,56089,1,1,0, 56090
23,56088,3,3,1, 56091
21,56087,5,5,1, 56092
8,56096,1,1,0, 56097
9,56097,2,2,1, 56099
16,56099,2,2,1, 56101
17,56099,3,3,1, 56102
1,56106,1,1,0, 56107
22,56106,4,4,1, 56110
24,56109,1,1,1, 56110
23,56108,3,3,1, 56111
7,56112,1,1,1, 56113
27,56112,4,4,1, 56116
8,56116,1,1,0, 56117
9,56117,2,2,1, 56119
2,56123,2,2,1, 56125
18,56123,4,4,1, 56127
1,56126,1,1,0, 56127
3,56127,3,3,1, 56130
24,56129,1,1,0, 56130
19,56126,5,5,1, 56131
23,56128,3,3,1, 56131
21,56127,5,5,1, 56132
7,56132,1,1,0, 56133
8,56136,1,1,0, 56137
11,56134,4,4,1, 56138
31,56136,2,2,1, 56138
26,56137,3,3,1, 56140
16,56139,2,2,1, 56141
12,56140,5,5,1, 56145
2,56143,2,2,1, 56145
1,56146,1,1,0, 56147
22,56146,4,4,1, 56150
5,56147,3,3,1, 56150
24,56149,1,1,1, 56150
21,56147,5,5,1, 56152
6,56150,2,2,1, 56152
7,56152,1,1,1, 56153
30,56153,3,3,1, 56156
25,56155,2,2,1, 56157
8,56156,1,1,0, 56157
11,56154,4,4,1, 56158
31,56156,2,2,1, 56158
9,56157,2,2,1, 56159
16,56159,2,2,1, 56161
13,56159,4,4,1, 56163
5,56167,3,3,1, 56170
24,56169,1,1,1, 56170
7,56172,1,1,1, 56173
30,56173,3,3,1, 56176
8,56176,1,1,1, 56177
16,56179,2,2,1, 56181
29,56178,4,4,1, 56182
5,56187,3,3,1, 56190
24,56189,1,1,1, 56190
6,56190,2,2,1, 56192
7,56192,1,1,0, 56193
8,56196,1,1,0, 56197
31,56196,2,2,1, 56198
24,56209,1,1,1, 56210
23,56208,3,3,1, 56211
21,56207,5,5,1, 56212
7,56212,1,1,1, 56213
30,56213,3,3,1, 56216
8,56216,1,1,0, 56217
16,56219,2,2,1, 56221
14,56219,3,3,1, 56222
13,56219,4,4,1, 56223
24,56229,1,1,1, 56230
23,56228,3,3,1, 56231
6,56230,2,2,1, 56232
7,56232,1,1,1, 56233
30,56233,3,3,1, 56236
8,56236,1,1,1, 56237
22,56246,4,4,1, 56250
24,56249,1,1,0, 56250
23,56248,3,3,1, 56251
7,56252,1,1,0, 56253
8,56256,1,1,1, 56257
31,56256,2,2,1, 56258
29,56258,4,4,1, 56262
13,56259,4,4,1, 56263
1,56266,1,1,0, 56267
5,56267,3,3,1, 56270
24,56269,1,1,0, 56270
6,56270,2,2,1, 56272
7,56272,1,1,0, 56273
8,56276,1,1,0, 56277
9,56277,2,2,1, 56279
14,56279,3,3,1, 56282
1,56286,1,1,0, 56287
22,56286,4,4,1, 56290
5,56287,3,3,1, 56290
24,56289,1,1,1, 56290
21,56287,5,5,1, 56292
6,56290,2,2,1, 56292
7,56292,1,1,1, 56293
30,56293,3,3,1, 56296
8,56296,1,1,1, 56297
9,56297,2,2,1, 56299
16,56299,2,2,1, 56301
29,56298,4,4,1, 56302
13,56299,4,4,1, 56303
1,56306,1,1,0, 56307
24,56309,1,1,1, 56310
23,56308,3,3,1, 56311
21,56307,5,5,1, 56312
6,56310,2,2,1, 56312
7,56312,1,1,0, 56313
25,56315,2,2,1, 56317
8,56316,1,1,0, 56317
31,56316,2,2,1, 56318
16,56319,2,2,1, 56321
17,56319,3,3,1, 56322
2,56323,2,2,1, 56325
1,56326,1,1,0, 56327
22,56326,4,4,1, 56330
24,56329,1,1,1, 56330
23,56328,3,3,1, 56331
21,56327,5,5,1, 56332
8,56336,1,1,0, 56337
26,56337,3,3,1, 56340
17,56339,3,3,1, 56342
1,56346,1,1,1, 56347
24,56349,1,1,1, 56350
21,56347,5,5,1, 56352
8,56356,1,1,1, 56357
26,56357,3,3,1, 56360
17,56359,3,3,1, 56362
2,56363,2,2,1, 56365
18,56363,4,4,1, 56367
1,56366,1,1,0, 56367
24,56369,1,1,0, 56370
23,56368,3,3,1, 56371
8,56376,1,1,0, 56377
26,56377,3,3,1, 56380
16,56379,2,2,1, 56381
17,56379,3,3,1, 56382
12,56380,5,5,1, 56385
1,56386,1,1,1, 56387
4,56386,4,4,1, 56390
22,56386,4,4,1, 56390
24,56389,1,1,0, 56390
23,56388,3,3,1, 56391
27,56392,4,4,1, 56396
8,56396,1,1,1, 56397
28,56394,5,5,1, 56399
16,56399,2,2,1, 56401
12,56400,5,5,1, 56405
2,56403,2,2,1, 56405
1,56406,1,1,0, 56407
4,56406,4,4,1, 56410
22,56406,4,4,1, 56410
3,56407,3,3,1, 56410
24,56409,1,1,1, 56410
23,56408,3,3,1, 56411
27,56412,4,4,1, 56416
8,56416,1,1,1, 56417
11,56414,4,4,1, 56418
28,56414,5,5,1, 56419
26,56417,3,3,1, 56420
16,56419,2,2,1, 56421
22,56426,4,4,1, 56430
24,56429,1,1,1, 56430
7,56432,1,1,1, 56433
8,56436,1,1,1, 56437
31,56436,2,2,1, 56438
16,56439,2,2,1, 56441
24,56449,1,1,1, 56450
21,56447,5,5,1, 56452
6,56450,2,2,1, 56452
7,56452,1,1,1, 56453
8,56456,1,1,0, 56457
16,56459,2,2,1, 56461
14,56459,3,3,1, 56462
13,56459,4,4,1, 56463
5,56467,3,3,1, 56470
24,56469,1,1,1, 56470
7,56472,1,1,0, 56473
29,56478,4,4,1, 56482
24,56489,1,1,1, 56490
6,56490,2,2,1, 56492
7,56492,1,1,1, 56493
30,56493,3,3,1, 56496
31,56496,2,2,1, 56498
24,56509,1,1,1, 56510
7,56512,1,1,1, 56513
30,56513,3,3,1, 56516
13,56519,4,4,1, 56523
1,56526,1,1,1, 56527
24,56529,1,1,0, 56530
6,56530,2,2,1, 56532
7,56532,1,1,1, 56533
31,56536,2,2,1, 56538
9,56537,2,2,1, 56539
14,56539,3,3,1, 56542
1,56546,1,1,0, 56547
5,56547,3,3,1, 56550
24,56549,1,1,0, 56550
7,56552,1,1,0, 56553
17,56559,3,3,1, 56562
2,56563,2,2,1, 56565
1,56566,1,1,1, 56567
22,56566,4,4,1, 56570
5,56567,3,3,1, 56570
24,56569,1,1,1, 56570
23,56568,3,3,1, 56571
7,56572,1,1,1, 56573
30,56573,3,3,1, 56576
8,56576,1,1,1, 56577
9,56577,2,2,1, 56579
16,56579,2,2,1, 56581
14,56579,3,3,1, 56582
17,56579,3,3,1, 56582
2,56583,2,2,1, 56585
1,56586,1,1,1, 56587
22,56586,4,4,1, 56590
24,56589,1,1,0, 56590
23,56588,3,3,1, 56591
21,56587,5,5,1, 56592
7,56592,1,1,0, 56593
30,56593,3,3,1, 56596
8,56596,1,1,0, 56597
9,56597,2,2,1, 56599
26,56597,3,3,1, 56600
16,56599,2,2,1, 56601
29,56598,4,4,1, 56602
13,56599,4,4,1, 56603
2,56603,2,2,1, 56605
18,56603,4,4,1, 56607
1,56606,1,1,0, 56607
22,56606,4,4,1, 56610
24,56609,1,1,1, 56610
19,56606,5,5,1, 56611
23,56608,3,3,1, 56611
7,56612,1,1,1, 56613
27,56612,4,4,1, 56616
25,56615,2,2,1, 56617
8,56616,1,1,1, 56617
28,56614,5,5,1, 56619
17,56619,3,3,1, 56622
13,56619,4,4,1, 56623
12,56620,5,5,1, 56625
2,56623,2,2,1, 56625
1,56626,1,1,1, 56627
4,56626,4,4,1, 56630
24,56629,1,1,1, 56630
19,56626,5,5,1, 56631
23,56628,3,3,1, 56631
21,56627,5,5,1, 56632
6,56630,2,2,1, 56632
7,56632,1,1,0, 56633
27,56632,4,4,1, 56636
30,56633,3,3,1, 56636
8,56636,1,1,1, 56637
11,56634,4,4,1, 56638
31,56636,2,2,1, 56638
28,56634,5,5,1, 56639
26,56637,3,3,1, 56640
16,56639,2,2,1, 56641
29,56638,4,4,1, 56642
14,56639,3,3,1, 56642
17,56639,3,3,1, 56642
22,56646,4,4,1, 56650
5,56647,3,3,1, 56650
24,56649,1,1,1, 56650
23,56648,3,3,1, 56651
21,56647,5,5,1, 56652
7,56652,1,1,0, 56653
8,56656,1,1,0, 56657
31,56656,2,2,1, 56658
16,56659,2,2,1, 56661
29,56658,4,4,1, 56662
14,56659,3,3,1, 56662
5,56667,3,3,1, 56670
24,56669,1,1,1, 56670
23,56668,3,3,1, 56671
21,56667,5,5,1, 56672
7,56672,1,1,0, 56673
30,56673,3,3,1, 56676
8,56676,1,1,1, 56677
31,56676,2,2,1, 56678
16,56679,2,2,1, 56681
24,56689,1,1,0, 56690
23,56688,3,3,1, 56691
21,56687,5,5,1, 56692
8,56696,1,1,0, 56697
16,56699,2,2,1, 56701
22,56706,4,4,1, 56710
24,56709,1,1,1, 56710
23,56708,3,3,1, 56711
24,56729,1,1,1, 56730
1,56746,1,1,0, 56747
24,56749,1,1,0, 56750
9,56757,2,2,1, 56759
17,56759,3,3,1, 56762
1,56766,1,1,1, 56767
24,56769,1,1,1, 56770
25,56775,2,2,1, 56777
17,56779,3,3,1, 56782
1,56786,1,1,1, 56787
24,56789,1,1,1, 56790
7,56792,1,1,0, 56793
31,56796,2,2,1, 56798
1,56806,1,1,0, 56807
3,56807,3,3,1, 56810
5,56807,3,3,1, 56810
24,56809,1,1,0, 56810
19,56806,5,5,1, 56811
6,56810,2,2,1, 56812
7,56812,1,1,0, 56813
27,56812,4,4,1, 56816
30,56813,3,3,1, 56816
8,56816,1,1,0, 56817
9,56817,2,2,1, 56819
16,56819,2,2,1, 56821
29,56818,4,4,1, 56822
14,56819,3,3,1, 56822
17,56819,3,3,1, 56822
13,56819,4,4,1, 56823
1,56826,1,1,0, 56827
20,56823,6,6,1, 56829
5,56827,3,3,1, 56830
24,56829,1,1,1, 56830
19,56826,5,5,1, 56831
23,56828,3,3,1, 56831
6,56830,2,2,1, 56832
7,56832,1,1,0, 56833
30,56833,3,3,1, 56836
25,56835,2,2,1, 56837
8,56836,1,1,0, 56837
31,56836,2,2,1, 56838
16,56839,2,2,1, 56841
14,56839,3,3,1, 56842
13,56839,4,4,1, 56843
1,56846,1,1,1, 56847
20,56843,6,6,1, 56849
4,56846,4,4,1, 56850
22,56846,4,4,1, 56850
5,56847,3,3,1, 56850
24,56849,1,1,0, 56850
23,56848,3,3,1, 56851
7,56852,1,1,1, 56853
27,56852,4,4,1, 56856
8,56856,1,1,0, 56857
31,56856,2,2,1, 56858
26,56857,3,3,1, 56860
14,56859,3,3,1, 56862
17,56859,3,3,1, 56862
13,56859,4,4,1, 56863
12,56860,5,5,1, 56865
2,56863,2,2,1, 56865
18,56863,4,4,1, 56867
1,56866,1,1,1, 56867
20,56863,6,6,1, 56869
22,56866,4,4,1, 56870
24,56869,1,1,1, 56870
19,56866,5,5,1, 56871
6,56870,2,2,1, 56872
7,56872,1,1,0, 56873
8,56876,1,1,0, 56877
16,56879,2,2,1, 56881
22,56886,4,4,1, 56890
24,56889,1,1,0, 56890
6,56890,2,2,1, 56892
7,56892,1,1,1, 56893
30,56893,3,3,1, 56896
8,56896,1,1,0, 56897
14,56899,3,3,1, 56902
13,56899,4,4,1, 56903
5,56907,3,3,1, 56910
24,56909,1,1,0, 56910
23,56908,3,3,1, 56911
7,56912,1,1,0, 56913
8,56916,1,1,1, 56917
31,56916,2,2,1, 56918
29,56918,4,4,1, 56922
24,56929,1,1,1, 56930
23,56928,3,3,1, 56931
21,56927,5,5,1, 56932
8,56936,1,1,0, 56937
16,56939,2,2,1, 56941
24,56949,1,1,0, 56950
23,56948,3,3,1, 56951
21,56947,5,5,1, 56952
8,56956,1,1,0, 56957
24,56969,1,1,0, 56970
8,56976,1,1,0, 56977
1,56986,1,1,0, 56987
24,56989,1,1,1, 56990
8,56996,1,1,1, 56997
9,56997,2,2,1, 56999
1,57006,1,1,0, 57007
24,57009,1,1,0, 57010
8,57016,1,1,1, 57017
9,57017,2,2,1, 57019
26,57017,3,3,1, 57020
17,57019,3,3,1, 57022
18,57023,4,4,1, 57027
1,57026,1,1,1, 57027
24,57029,1,1,1, 57030
7,57032,1,1,1, 57033
25,57035,2,2,1, 57037
8,57036,1,1,0, 57037
9,57037,2,2,1, 57039
17,57039,3,3,1, 57042
1,57046,1,1,1, 57047
20,57043,6,6,1, 57049
24,57049,1,1,1, 57050
19,57046,5,5,1, 57051
7,57052,1,1,0, 57053
8,57056,1,1,1, 57057
31,57056,2,2,1, 57058
28,57054,5,5,1, 57059
26,57057,3,3,1, 57060
17,57059,3,3,1, 57062
12,57060,5,5,1, 57065
1,57066,1,1,0, 57067
20,57063,6,6,1, 57069
22,57066,4,4,1, 57070
24,57069,1,1,0, 57070
19,57066,5,5,1, 57071
21,57067,5,5,1, 57072
7,57072,1,1,0, 57073
27,57072,4,4,1, 57076
25,57075,2,2,1, 57077
8,57076,1,1,1, 57077
31,57076,2,2,1, 57078
17,57079,3,3,1, 57082
2,57083,2,2,1, 57085
22,57086,4,4,1, 57090
24,57089,1,1,0, 57090
23,57088,3,3,1, 57091
7,57092,1,1,1, 57093
8,57096,1,1,1, 57097
16,57099,2,2,1, 57101
22,57106,4,4,1, 57110
5,57107,3,3,1, 57110
24,57109,1,1,0, 57110
23,57108,3,3,1, 57111
21,57107,5,5,1, 57112
7,57112,1,1,0, 57113
30,57113,3,3,1, 57116
8,57116,1,1,1, 57117
13,57119,4,4,1, 57123
5,57127,3,3,1, 57130
24,57129,1,1,1, 57130
21,57127,5,5,1, 57132
7,57132,1,1,0, 57133
30,57133,3,3,1, 57136
8,57136,1,1,1, 57137
31,57136,2,2,1, 57138
16,57139,2,2,1, 57141
24,57149,1,1,0, 57150
23,57148,3,3,1, 57151
7,57152,1,1,1, 57153
30,57153,3,3,1, 57156
8,57156,1,1,1, 57157
16,57159,2,2,1, 57161
29,57158,4,4,1, 57162
5,57167,3,3,1, 57170
24,57169,1,1,1, 57170
23,57168,3,3,1, 57171
7,57172,1,1,1, 57173
8,57176,1,1,1, 57177
14,57179,3,3,1, 57182
13,57179,4,4,1, 57183
1,57186,1,1,0, 57187
5,57187,3,3,1, 57190
24,57189,1,1,1, 57190
23,57188,3,3,1, 57191
21,57187,5,5,1, 57192
7,57192,1,1,1, 57193
30,57193,3,3,1, 57196
25,57195,2,2,1, 57197
8,57196,1,1,0, 57197
31,57196,2,2,1, 57198
29,57198,4,4,1, 57202
17,57199,3,3,1, 57202
13,57199,4,4,1, 57203
1,57206,1,1,0, 57207
22,57206,4,4,1, 57210
5,57207,3,3,1, 57210
24,57209,1,1,0, 57210
6,57210,2,2,1, 57212
7,57212,1,1,1, 57213
30,57213,3,3,1, 57216
8,57216,1,1,0, 57217
16,57219,2,2,1, 57221
29,57218,4,4,1, 57222
13,57219,4,4,1, 57223
1,57226,1,1,0, 57227
22,57226,4,4,1, 57230
24,57229,1,1,0, 57230
23,57228,3,3,1, 57231
21,57227,5,5,1, 57232
6,57230,2,2,1, 57232
7,57232,1,1,1, 57233
8,57236,1,1,0, 57237
31,57236,2,2,1, 57238
9,57237,2,2,1, 57239
29,57238,4,4,1, 57242
14,57239,3,3,1, 57242
13,57239,4,4,1, 57243
12,57240,5,5,1, 57245
2,57243,2,2,1, 57245
1,57246,1,1,0, 57247
20,57243,6,6,1, 57249
4,57246,4,4,1, 57250
22,57246,4,4,1, 57250
3,57247,3,3,1, 57250
24,57249,1,1,0, 57250
19,57246,5,5,1, 57251
7,57252,1,1,0, 57253
25,57255,2,2,1, 57257
8,57256,1,1,0, 57257
31,57256,2,2,1, 57258
9,57257,2,2,1, 57259
26,57257,3,3,1, 57260
1,57266,1,1,0, 57267
24,57269,1,1,1, 57270
23,57268,3,3,1, 57271
21,57267,5,5,1, 57272
7,57272,1,1,0, 57273
25,57275,2,2,1, 57277
8,57276,1,1,1, 57277
9,57277,2,2,1, 57279
26,57277,3,3,1, 57280
16,57279,2,2,1, 57281
17,57279,3,3,1, 57282
2,57283,2,2,1, 57285
18,57283,4,4,1, 57287
1,57286,1,1,0, 57287
24,57289,1,1,0, 57290
23,57288,3,3,1, 57291
7,57292,1,1,0, 57293
8,57296,1,1,0, 57297
31,57296,2,2,1, 57298
9,57297,2,2,1, 57299
16,57299,2,2,1, 57301
1,57306,1,1,0, 57307
24,57309,1,1,0, 57310
23,57308,3,3,1, 57311
21,57307,5,5,1, 57312
7,57312,1,1,1, 57313
8,57316,1,1,1, 57317
31,57316,2,2,1, 57318
9,57317,2,2,1, 57319
26,57317,3,3,1, 57320
2,57323,2,2,1, 57325
18,57323,4,4,1, 57327
1,57326,1,1,0, 57327
22,57326,4,4,1, 57330
24,57329,1,1,1, 57330
21,57327,5,5,1, 57332
7,57332,1,1,1, 57333
8,57336,1,1,0, 57337
9,57337,2,2,1, 57339
2,57343,2,2,1, 57345
18,57343,4,4,1, 57347
1,57346,1,1,0, 57347
22,57346,4,4,1, 57350
24,57349,1,1,1, 57350
21,57347,5,5,1, 57352
6,57350,2,2,1, 57352
7,57352,1,1,0, 57353
30,57353,3,3,1, 57356
8,57356,1,1,1, 57357
11,57354,4,4,1, 57358
31,57356,2,2,1, 57358
16,57359,2,2,1, 57361
13,57359,4,4,1, 57363
22,57366,4,4,1, 57370
5,57367,3,3,1, 57370
24,57369,1,1,0, 57370
21,57367,5,5,1, 57372
6,57370,2,2,1, 57372
7,57372,1,1,1, 57373
30,57373,3,3,1, 57376
8,57376,1,1,0, 57377
31,57376,2,2,1, 57378
16,57379,2,2,1, 57381
13,57379,4,4,1, 57383
5,57387,3,3,1, 57390
24,57389,1,1,0, 57390
23,57388,3,3,1, 57391
21,57387,5,5,1, 57392
7,57392,1,1,1, 57393
8,57396,1,1,0, 57397
16,57399,2,2,1, 57401
14,57399,3,3,1, 57402
22,57406,4,4,1, 57410
5,57407,3,3,1, 57410
24,57409,1,1,1, 57410
23,57408,3,3,1, 57411
7,57412,1,1,1, 57413
30,57413,3,3,1, 57416
8,57416,1,1,0, 57417
16,57419,2,2,1, 57421
24,57429,1,1,1, 57430
24,57449,1,1,1, 57450
1,57466,1,1,1, 57467
24,57469,1,1,1, 57470
25,57475,2,2,1, 57477
1,57486,1,1,1, 57487
24,57489,1,1,1, 57490
25,57495,2,2,1, 57497
9,57497,2,2,1, 57499
17,57499,3,3,1, 57502
1,57506,1,1,1, 57507
24,57509,1,1,1, 57510
1,57526,1,1,1, 57527
24,57529,1,1,1, 57530
6,57530,2,2,1, 57532
7,57532,1,1,0, 57533
30,57533,3,3,1, 57536
25,57535,2,2,1, 57537
8,57536,1,1,0, 57537
26,57537,3,3,1, 57540
16,57539,2,2,1, 57541
2,57543,2,2,1, 57545
18,57543,4,4,1, 57547
1,57546,1,1,1, 57547
22,57546,4,4,1, 57550
5,57547,3,3,1, 57550
24,57549,1,1,0, 57550
6,57550,2,2,1, 57552
7,57552,1,1,1, 57553
25,57555,2,2,1, 57557
8,57556,1,1,1, 57557
31,57556,2,2,1, 57558
26,57557,3,3,1, 57560
17,57559,3,3,1, 57562
2,57563,2,2,1, 57565
1,57566,1,1,0, 57567
22,57566,4,4,1, 57570
24,57569,1,1,0, 57570
6,57570,2,2,1, 57572
7,57572,1,1,0, 57573
30,57573,3,3,1, 57576
25,57575,2,2,1, 57577
8,57576,1,1,1, 57577
9,57577,2,2,1, 57579
26,57577,3,3,1, 57580
17,57579,3,3,1, 57582
2,57583,2,2,1, 57585
18,57583,4,4,1, 57587
1,57586,1,1,1, 57587
24,57589,1,1,0, 57590
7,57592,1,1,1, 57593
8,57596,1,1,1, 57597
31,57596,2,2,1, 57598
9,57597,2,2,1, 57599
18,57603,4,4,1, 57607
1,57606,1,1,1, 57607
24,57609,1,1,0, 57610
7,57612,1,1,0, 57613
27,57612,4,4,1, 57616
25,57615,2,2,1, 57617
8,57616,1,1,1, 57617
31,57616,2,2,1, 57618
28,57614,5,5,1, 57619
9,57617,2,2,1, 57619
26,57617,3,3,1, 57620
24,57629,1,1,0, 57630
7,57632,1,1,0, 57633
8,57636,1,1,0, 57637
31,57636,2,2,1, 57638
24,57649,1,1,0, 57650
7,57652,1,1,1, 57653
8,57656,1,1,0, 57657
31,57656,2,2,1, 57658
16,57659,2,2,1, 57661
24,57669,1,1,0, 57670
7,57672,1,1,1, 57673
8,57676,1,1,0, 57677
31,57676,2,2,1, 57678
16,57679,2,2,1, 57681
13,57679,4,4,1, 57683
24,57689,1,1,0, 57690
21,57687,5,5,1, 57692
6,57690,2,2,1, 57692
7,57692,1,1,0, 57693
8,57696,1,1,0, 57697
16,57699,2,2,1, 57701
29,57698,4,4,1, 57702
5,57707,3,3,1, 57710
24,57709,1,1,1, 57710
7,57712,1,1,1, 57713
8,57716,1,1,1, 57717
29,57718,4,4,1, 57722
13,57719,4,4,1, 57723
1,57726,1,1,0, 57727
5,57727,3,3,1, 57730
24,57729,1,1,0, 57730
21,57727,5,5,1, 57732
7,57732,1,1,0, 57733
30,57733,3,3,1, 57736
8,57736,1,1,1, 57737
16,57739,2,2,1, 57741
29,57738,4,4,1, 57742
13,57739,4,4,1, 57743
1,57746,1,1,1, 57747
24,57749,1,1,1, 57750
6,57750,2,2,1, 57752
7,57752,1,1,1, 57753
30,57753,3,3,1, 57756
25,57755,2,2,1, 57757
8,57756,1,1,0, 57757
9,57757,2,2,1, 57759
16,57759,2,2,1, 57761
29,57758,4,4,1, 57762
14,57759,3,3,1, 57762
17,57759,3,3,1, 57762
13,57759,4,4,1, 57763
1,57766,1,1,1, 57767
22,57766,4,4,1, 57770
24,57769,1,1,0, 57770
21,57767,5,5,1, 57772
7,57772,1,1,0, 57773
25,57775,2,2,1, 57777
8,57776,1,1,1, 57777
31,57776,2,2,1, 57778
9,57777,2,2,1, 57779
16,57779,2,2,1, 57781
29,57778,4,4,1, 57782
14,57779,3,3,1, 57782
1,57786,1,1,1, 57787
24,57789,1,1,0, 57790
25,57795,2,2,1, 57797
8,57796,1,1,0, 57797
9,57797,2,2,1, 57799
16,57799,2,2,1, 57801
1,57806,1,1,0, 57807
24,57809,1,1,1, 57810
8,57816,1,1,1, 57817
9,57817,2,2,1, 57819
17,57819,3,3,1, 57822
18,57823,4,4,1, 57827
1,57826,1,1,0, 57827
24,57829,1,1,0, 57830
8,57836,1,1,1, 57837
9,57837,2,2,1, 57839
17,57839,3,3,1, 57842
1,57846,1,1,0, 57847
20,57843,6,6,1, 57849
24,57849,1,1,1, 57850
19,57846,5,5,1, 57851
27,57852,4,4,1, 57856
8,57856,1,1,0, 57857
11,57854,4,4,1, 57858
28,57854,5,5,1, 57859
17,57859,3,3,1, 57862
12,57860,5,5,1, 57865
2,57863,2,2,1, 57865
1,57866,1,1,0, 57867
4,57866,4,4,1, 57870
24,57869,1,1,1, 57870
19,57866,5,5,1, 57871
25,57875,2,2,1, 57877
8,57876,1,1,0, 57877
28,57874,5,5,1, 57879
26,57877,3,3,1, 57880
16,57879,2,2,1, 57881
17,57879,3,3,1, 57882
24,57889,1,1,0, 57890
7,57892,1,1,0, 57893
8,57896,1,1,0, 57897
31,57896,2,2,1, 57898
24,57909,1,1,1, 57910
7,57912,1,1,0, 57913
8,57916,1,1,0, 57917
31,57916,2,2,1, 57918
16,57919,2,2,1, 57921
14,57919,3,3,1, 57922
13,57919,4,4,1, 57923
22,57926,4,4,1, 57930
24,57929,1,1,1, 57930
21,57927,5,5,1, 57932
6,57930,2,2,1, 57932
7,57932,1,1,1, 57933
8,57936,1,1,1, 57937
31,57936,2,2,1, 57938
16,57939,2,2,1, 57941
29,57938,4,4,1, 57942
14,57939,3,3,1, 57942
13,57939,4,4,1, 57943
22,57946,4,4,1, 57950
5,57947,3,3,1, 57950
24,57949,1,1,0, 57950
6,57950,2,2,1, 57952
7,57952,1,1,1, 57953
30,57953,3,3,1, 57956
8,57956,1,1,1, 57957
31,57956,2,2,1, 57958
24,57969,1,1,0, 57970
21,57967,5,5,1, 57972
7,57972,1,1,0, 57973
8,57976,1,1,0, 57977
31,57976,2,2,1, 57978
16,57979,2,2,1, 57981
1,57986,1,1,1, 57987
22,57986,4,4,1, 57990
5,57987,3,3,1, 57990
24,57989,1,1,1, 57990
21,57987,5,5,1, 57992
7,57992,1,1,0, 57993
25,57995,2,2,1, 57997
8,57996,1,1,0, 57997
31,57996,2,2,1, 57998
9,57997,2,2,1, 57999
16,57999,2,2,1, 58001
17,57999,3,3,1, 58002
1,58006,1,1,0, 58007
24,58009,1,1,1, 58010
25,58015,2,2,1, 58017
8,58016,1,1,0, 58017
9,58017,2,2,1, 58019
1,58026,1,1,1, 58027
24,58029,1,1,1, 58030
25,58035,2,2,1, 58037
8,58036,1,1,1, 58037
9,58037,2,2,1, 58039
16,58039,2,2,1, 58041
1,58046,1,1,1, 58047
24,58049,1,1,0, 58050
25,58055,2,2,1, 58057
8,58056,1,1,0, 58057
1,58066,1,1,1, 58067
24,58069,1,1,0, 58070
8,58076,1,1,1, 58077
9,58077,2,2,1, 58079
26,58077,3,3,1, 58080
16,58079,2,2,1, 58081
17,58079,3,3,1, 58082
18,58083,4,4,1, 58087
1,58086,1,1,0, 58087
3,58087,3,3,1, 58090
24,58089,1,1,1, 58090
19,58086,5,5,1, 58091
25,58095,2,2,1, 58097
8,58096,1,1,0, 58097
11,58094,4,4,1, 58098
17,58099,3,3,1, 58102
2,58103,2,2,1, 58105
18,58103,4,4,1, 58107
1,58106,1,1,1, 58107
24,58109,1,1,1, 58110
19,58106,5,5,1, 58111
7,58112,1,1,0, 58113
27,58112,4,4,1, 58116
25,58115,2,2,1, 58117
8,58116,1,1,1, 58117
31,58116,2,2,1, 58118
18,58123,4,4,1, 58127
1,58126,1,1,1, 58127
24,58129,1,1,1, 58130
7,58132,1,1,1, 58133
27,58132,4,4,1, 58136
25,58135,2,2,1, 58137
8,58136,1,1,1, 58137
11,58134,4,4,1, 58138
16,58139,2,2,1, 58141
24,58149,1,1,1, 58150
7,58152,1,1,1, 58153
8,58156,1,1,0, 58157
31,58156,2,2,1, 58158
24,58169,1,1,1, 58170
7,58172,1,1,1, 58173
8,58176,1,1,1, 58177
31,58176,2,2,1, 58178
24,58189,1,1,0, 58190
7,58192,1,1,1, 58193
8,58196,1,1,1, 58197
22,58206,4,4,1, 58210
24,58209,1,1,0, 58210
6,58210,2,2,1, 58212
7,58212,1,1,1, 58213
8,58216,1,1,1, 58217
24,58229,1,1,0, 58230
21,58227,5,5,1, 58232
7,58232,1,1,0, 58233
8,58236,1,1,0, 58237
13,58239,4,4,1, 58243
1,58246,1,1,0, 58247
24,58249,1,1,0, 58250
7,58252,1,1,1, 58253
30,58253,3,3,1, 58256
8,58256,1,1,0, 58257
31,58256,2,2,1, 58258
9,58257,2,2,1, 58259
16,58259,2,2,1, 58261
17,58259,3,3,1, 58262
13,58259,4,4,1, 58263
1,58266,1,1,0, 58267
22,58266,4,4,1, 58270
5,58267,3,3,1, 58270
24,58269,1,1,1, 58270
21,58267,5,5,1, 58272
7,58272,1,1,1, 58273
30,58273,3,3,1, 58276
8,58276,1,1,0, 58277
16,58279,2,2,1, 58281
29,58278,4,4,1, 58282
14,58279,3,3,1, 58282
13,58279,4,4,1, 58283
1,58286,1,1,0, 58287
22,58286,4,4,1, 58290
5,58287,3,3,1, 58290
24,58289,1,1,1, 58290
21,58287,5,5,1, 58292
7,58292,1,1,0, 58293
30,58293,3,3,1, 58296
8,58296,1,1,1, 58297
16,58299,2,2,1, 58301
29,58298,4,4,1, 58302
17,58299,3,3,1, 58302
13,58299,4,4,1, 58303
1,58306,1,1,0, 58307
22,58306,4,4,1, 58310
24,58309,1,1,0, 58310
7,58312,1,1,0, 58313
30,58313,3,3,1, 58316
25,58315,2,2,1, 58317
8,58316,1,1,0, 58317
16,58319,2,2,1, 58321
13,58319,4,4,1, 58323
1,58326,1,1,0, 58327
24,58329,1,1,1, 58330
7,58332,1,1,1, 58333
8,58336,1,1,0, 58337
31,58336,2,2,1, 58338
17,58339,3,3,1, 58342
2,58343,2,2,1, 58345
18,58343,4,4,1, 58347
1,58346,1,1,1, 58347
24,58349,1,1,1, 58350
7,58352,1,1,1, 58353
8,58356,1,1,1, 58357
11,58354,4,4,1, 58358
31,58356,2,2,1, 58358
9,58357,2,2,1, 58359
17,58359,3,3,1, 58362
18,58363,4,4,1, 58367
1,58366,1,1,1, 58367
20,58363,6,6,1, 58369
24,58369,1,1,1, 58370
7,58372,1,1,0, 58373
8,58376,1,1,1, 58377
31,58376,2,2,1, 58378
28,58374,5,5,1, 58379
9,58377,2,2,1, 58379
16,58379,2,2,1, 58381
12,58380,5,5,1, 58385
2,58383,2,2,1, 58385
1,58386,1,1,1, 58387
20,58383,6,6,1, 58389
4,58386,4,4,1, 58390
24,58389,1,1,0, 58390
19,58386,5,5,1, 58391
7,58392,1,1,1, 58393
27,58392,4,4,1, 58396
25,58395,2,2,1, 58397
8,58396,1,1,1, 58397
31,58396,2,2,1, 58398
9,58397,2,2,1, 58399
26,58397,3,3,1, 58400
17,58399,3,3,1, 58402
2,58403,2,2,1, 58405
18,58403,4,4,1, 58407
24,58409,1,1,0, 58410
7,58412,1,1,0, 58413
8,58416,1,1,1, 58417
16,58419,2,2,1, 58421
22,58426,4,4,1, 58430
5,58427,3,3,1, 58430
24,58429,1,1,0, 58430
6,58430,2,2,1, 58432
7,58432,1,1,0, 58433
8,58436,1,1,0, 58437
31,58436,2,2,1, 58438
13,58439,4,4,1, 58443
5,58447,3,3,1, 58450
24,58449,1,1,1, 58450
6,58450,2,2,1, 58452
7,58452,1,1,1, 58453
8,58456,1,1,1, 58457
14,58459,3,3,1, 58462
24,58469,1,1,1, 58470
6,58470,2,2,1, 58472
7,58472,1,1,0, 58473
30,58473,3,3,1, 58476
8,58476,1,1,0, 58477
31,58476,2,2,1, 58478
16,58479,2,2,0, 58481
14,58479,3,3,1, 58482
13,58479,4,4,1, 58483
22,58486,4,4,1, 58490
24,58489,1,1,1, 58490
6,58490,2,2,1, 58492
7,58492,1,1,0, 58493
30,58493,3,3,1, 58496
8,58496,1,1,1, 58497
16,58499,2,2,1, 58501
24,58509,1,1,1, 58510
8,58516,1,1,1, 58517
16,58519,2,2,1, 58521
1,58526,1,1,1, 58527
24,58529,1,1,0, 58530
8,58536,1,1,1, 58537
9,58537,2,2,1, 58539
16,58539,2,2,0, 58541
17,58539,3,3,1, 58542
18,58543,4,4,1, 58547
1,58546,1,1,1, 58547
4,58546,4,4,1, 58550
24,58549,1,1,1, 58550
27,58552,4,4,1, 58556
8,58556,1,1,0, 58557
11,58554,4,4,1, 58558
28,58554,5,5,1, 58559
9,58557,2,2,1, 58559
26,58557,3,3,1, 58560
16,58559,2,2,0, 58561
1,58566,1,1,0, 58567
24,58569,1,1,0, 58570
25,58575,2,2,1, 58577
8,58576,1,1,1, 58577
26,58577,3,3,1, 58580
16,58579,2,2,1, 58581
2,58583,2,2,1, 58585
1,58586,1,1,1, 58587
24,58589,1,1,0, 58590
25,58595,2,2,1, 58597
8,58596,1,1,1, 58597
16,58599,2,2,0, 58601
17,58599,3,3,1, 58602
2,58603,2,2,1, 58605
1,58606,1,1,0, 58607
24,58609,1,1,0, 58610
7,58612,1,1,0, 58613
25,58615,2,2,1, 58617
8,58616,1,1,1, 58617
9,58617,2,2,1, 58619
16,58619,2,2,1, 58621
2,58623,2,2,1, 58625
1,58626,1,1,0, 58627
24,58629,1,1,0, 58630
7,58632,1,1,1, 58633
8,58636,1,1,0, 58637
31,58636,2,2,1, 58638
16,58639,2,2,0, 58641
17,58639,3,3,1, 58642
1,58646,1,1,1, 58647
24,58649,1,1,1, 58650
7,58652,1,1,0, 58653
25,58655,2,2,1, 58657
8,58656,1,1,1, 58657
31,58656,2,2,1, 58658
16,58659,2,2,1, 58661
17,58659,3,3,1, 58662
2,58663,2,2,1, 58665
18,58663,4,4,1, 58667
1,58666,1,1,0, 58667
24,58669,1,1,0, 58670
7,58672,1,1,1, 58673
27,58672,4,4,1, 58676
8,58676,1,1,1, 58677
31,58676,2,2,1, 58678
9,58677,2,2,1, 58679
16,58679,2,2,1, 58681
29,58678,4,4,1, 58682
14,58679,3,3,1, 58682
17,58679,3,3,1, 58682
13,58679,4,4,1, 58683
2,58683,2,2,1, 58685
22,58686,4,4,1, 58690
24,58689,1,1,0, 58690
21,58687,5,5,1, 58692
6,58690,2,2,1, 58692
7,58692,1,1,1, 58693
30,58693,3,3,1, 58696
8,58696,1,1,1, 58697
31,58696,2,2,1, 58698
16,58699,2,2,0, 58701
29,58698,4,4,1, 58702
13,58699,4,4,1, 58703
24,58709,1,1,0, 58710
7,58712,1,1,1, 58713
8,58716,1,1,1, 58717
31,58716,2,2,1, 58718
16,58719,2,2,0, 58721
29,58718,4,4,1, 58722
14,58719,3,3,1, 58722
24,58729,1,1,1, 58730
6,58730,2,2,1, 58732
7,58732,1,1,1, 58733
8,58736,1,1,0, 58737
16,58739,2,2,0, 58741
14,58739,3,3,1, 58742
22,58746,4,4,1, 58750
5,58747,3,3,1, 58750
24,58749,1,1,1, 58750
7,58752,1,1,1, 58753
8,58756,1,1,0, 58757
31,58756,2,2,1, 58758
16,58759,2,2,1, 58761
14,58759,3,3,1, 58762
13,58759,4,4,1, 58763
22,58766,4,4,1, 58770
5,58767,3,3,1, 58770
24,58769,1,1,0, 58770
21,58767,5,5,1, 58772
7,58772,1,1,1, 58773
8,58776,1,1,0, 58777
31,58776,2,2,1, 58778
16,58779,2,2,1, 58781
5,58787,3,3,1, 58790
24,58789,1,1,1, 58790
6,58790,2,2,1, 58792
7,58792,1,1,0, 58793
8,58796,1,1,0, 58797
16,58799,2,2,1, 58801
29,58798,4,4,1, 58802
17,58799,3,3,1, 58802
1,58806,1,1,1, 58807
24,58809,1,1,0, 58810
25,58815,2,2,1, 58817
8,58816,1,1,1, 58817
16,58819,2,2,0, 58821
17,58819,3,3,1, 58822
1,58826,1,1,0, 58827
24,58829,1,1,0, 58830
8,58836,1,1,1, 58837
16,58839,2,2,0, 58841
17,58839,3,3,1, 58842
1,58846,1,1,1, 58847
24,58849,1,1,0, 58850
25,58855,2,2,1, 58857
8,58856,1,1,0, 58857
9,58857,2,2,1, 58859
16,58859,2,2,1, 58861
17,58859,3,3,1, 58862
1,58866,1,1,1, 58867
24,58869,1,1,0, 58870
25,58875,2,2,1, 58877
8,58876,1,1,1, 58877
9,58877,2,2,1, 58879
26,58877,3,3,1, 58880
16,58879,2,2,0, 58881
2,58883,2,2,1, 58885
18,58883,4,4,1, 58887
1,58886,1,1,1, 58887
24,58889,1,1,1, 58890
25,58895,2,2,1, 58897
8,58896,1,1,1, 58897
9,58897,2,2,1, 58899
26,58897,3,3,1, 58900
16,58899,2,2,1, 58901
18,58903,4,4,1, 58907
1,58906,1,1,1, 58907
3,58907,3,3,1, 58910
24,58909,1,1,1, 58910
19,58906,5,5,1, 58911
7,58912,1,1,0, 58913
27,58912,4,4,1, 58916
8,58916,1,1,1, 58917
28,58914,5,5,1, 58919
26,58917,3,3,1, 58920
16,58919,2,2,0, 58921
29,58918,4,4,1, 58922
2,58923,2,2,1, 58925
1,58926,1,1,1, 58927
22,58926,4,4,1, 58930
5,58927,3,3,1, 58930
24,58929,1,1,1, 58930
19,58926,5,5,1, 58931
21,58927,5,5,1, 58932
7,58932,1,1,1, 58933
30,58933,3,3,1, 58936
25,58935,2,2,1, 58937
8,58936,1,1,1, 58937
31,58936,2,2,1, 58938
9,58937,2,2,1, 58939
16,58939,2,2,1, 58941
29,58938,4,4,1, 58942
5,58947,3,3,1, 58950
24,58949,1,1,0, 58950
21,58947,5,5,1, 58952
6,58950,2,2,1, 58952
7,58952,1,1,0, 58953
30,58953,3,3,1, 58956
8,58956,1,1,0, 58957
31,58956,2,2,1, 58958
16,58959,2,2,0, 58961
29,58958,4,4,1, 58962
14,58959,3,3,1, 58962
22,58966,4,4,1, 58970
5,58967,3,3,1, 58970
24,58969,1,1,1, 58970
6,58970,2,2,1, 58972
7,58972,1,1,0, 58973
30,58973,3,3,1, 58976
8,58976,1,1,1, 58977
16,58979,2,2,0, 58981
29,58978,4,4,1, 58982
14,58979,3,3,1, 58982
24,58989,1,1,0, 58990
8,58996,1,1,0, 58997
16,58999,2,2,0, 59001
24,59009,1,1,1, 59010
8,59016,1,1,1, 59017
16,59019,2,2,0, 59021
24,59029,1,1,1, 59030
8,59036,1,1,1, 59037
16,59039,2,2,0, 59041
1,59046,1,1,1, 59047
24,59049,1,1,1, 59050
8,59056,1,1,1, 59057
16,59059,2,2,0, 59061
1,59066,1,1,1, 59067
24,59069,1,1,0, 59070
8,59076,1,1,1, 59077
9,59077,2,2,1, 59079
16,59079,2,2,1, 59081
1,59086,1,1,1, 59087
22,59086,4,4,1, 59090
5,59087,3,3,1, 59090
24,59089,1,1,0, 59090
21,59087,5,5,1, 59092
7,59092,1,1,1, 59093
8,59096,1,1,0, 59097
31,59096,2,2,1, 59098
16,59099,2,2,0, 59101
14,59099,3,3,1, 59102
17,59099,3,3,1, 59102
1,59106,1,1,1, 59107
22,59106,4,4,1, 59110
24,59109,1,1,0, 59110
21,59107,5,5,1, 59112
6,59110,2,2,1, 59112
7,59112,1,1,0, 59113
30,59113,3,3,1, 59116
25,59115,2,2,1, 59117
8,59116,1,1,0, 59117
9,59117,2,2,1, 59119
26,59117,3,3,1, 59120
16,59119,2,2,0, 59121
29,59118,4,4,1, 59122
14,59119,3,3,1, 59122
17,59119,3,3,1, 59122
1,59126,1,1,0, 59127
22,59126,4,4,1, 59130
24,59129,1,1,1, 59130
7,59132,1,1,1, 59133
25,59135,2,2,1, 59137
8,59136,1,1,1, 59137
26,59137,3,3,1, 59140
16,59139,2,2,0, 59141
29,59138,4,4,1, 59142
14,59139,3,3,1, 59142
17,59139,3,3,1, 59142
2,59143,2,2,1, 59145
1,59146,1,1,1, 59147
22,59146,4,4,1, 59150
24,59149,1,1,0, 59150
19,59146,5,5,1, 59151
6,59150,2,2,1, 59152
7,59152,1,1,1, 59153
27,59152,4,4,1, 59156
30,59153,3,3,1, 59156
25,59155,2,2,1, 59157
8,59156,1,1,0, 59157
31,59156,2,2,1, 59158
9,59157,2,2,1, 59159
26,59157,3,3,1, 59160
16,59159,2,2,0, 59161
14,59159,3,3,1, 59162
1,59166,1,1,1, 59167
4,59166,4,4,1, 59170
24,59169,1,1,1, 59170
25,59175,2,2,1, 59177
8,59176,1,1,0, 59177
28,59174,5,5,1, 59179
16,59179,2,2,0, 59181
1,59186,1,1,0, 59187
3,59187,3,3,1, 59190
24,59189,1,1,0, 59190
19,59186,5,5,1, 59191
25,59195,2,2,1, 59197
8,59196,1,1,1, 59197
11,59194,4,4,1, 59198
9,59197,2,2,1, 59199
26,59197,3,3,1, 59200
16,59199,2,2,0, 59201
17,59199,3,3,1, 59202
18,59203,4,4,1, 59207
1,59206,1,1,0, 59207
20,59203,6,6,1, 59209
24,59209,1,1,1, 59210
8,59216,1,1,1, 59217
16,59219,2,2,1, 59221
24,59229,1,1,0, 59230
8,59236,1,1,1, 59237
16,59239,2,2,1, 59241
24,59249,1,1,1, 59250
8,59256,1,1,0, 59257
16,59259,2,2,1, 59261
24,59269,1,1,0, 59270
7,59272,1,1,1, 59273
8,59276,1,1,0, 59277
16,59279,2,2,0, 59281
29,59278,4,4,1, 59282
14,59279,3,3,1, 59282
5,59287,3,3,1, 59290
24,59289,1,1,1, 59290
6,59290,2,2,1, 59292
7,59292,1,1,1, 59293
30,59293,3,3,1, 59296
8,59296,1,1,0, 59297
16,59299,2,2,0, 59301
14,59299,3,3,1, 59302
13,59299,4,4,1, 59303
22,59306,4,4,1, 59310
5,59307,3,3,1, 59310
24,59309,1,1,1, 59310
7,59312,1,1,1, 59313
30,59313,3,3,1, 59316
8,59316,1,1,0, 59317
16,59319,2,2,0, 59321
14,59319,3,3,1, 59322
13,59319,4,4,1, 59323
1,59326,1,1,0, 59327
5,59327,3,3,1, 59330
24,59329,1,1,1, 59330
21,59327,5,5,1, 59332
6,59330,2,2,1, 59332
7,59332,1,1,1, 59333
8,59336,1,1,0, 59337
16,59339,2,2,0, 59341
29,59338,4,4,1, 59342
17,59339,3,3,1, 59342
13,59339,4,4,1, 59343
1,59346,1,1,1, 59347
5,59347,3,3,1, 59350
24,59349,1,1,0, 59350
21,59347,5,5,1, 59352
7,59352,1,1,0, 59353
25,59355,2,2,1, 59357
8,59356,1,1,0, 59357
16,59359,2,2,1, 59361
29,59358,4,4,1, 59362
1,59366,1,1,1, 59367
22,59366,4,4,1, 59370
24,59369,1,1,0, 59370
6,59370,2,2,1, 59372
8,59376,1,1,1, 59377
9,59377,2,2,1, 59379
16,59379,2,2,1, 59381
1,59386,1,1,0, 59387
24,59389,1,1,1, 59390
25,59395,2,2,1, 59397
8,59396,1,1,1, 59397
9,59397,2,2,1, 59399
26,59397,3,3,1, 59400
16,59399,2,2,0, 59401
2,59403,2,2,1, 59405
1,59406,1,1,0, 59407
24,59409,1,1,0, 59410
25,59415,2,2,1, 59417
8,59416,1,1,1, 59417
16,59419,2,2,0, 59421
18,59423,4,4,1, 59427
1,59426,1,1,1, 59427
24,59429,1,1,0, 59430
8,59436,1,1,1, 59437
9,59437,2,2,1, 59439
16,59439,2,2,0, 59441
18,59443,4,4,1, 59447
1,59446,1,1,0, 59447
24,59449,1,1,0, 59450
8,59456,1,1,1, 59457
11,59454,4,4,1, 59458
26,59457,3,3,1, 59460
16,59459,2,2,0, 59461
17,59459,3,3,1, 59462
1,59466,1,1,0, 59467
3,59467,3,3,1, 59470
24,59469,1,1,1, 59470
8,59476,1,1,1, 59477
28,59474,5,5,1, 59479
9,59477,2,2,1, 59479
16,59479,2,2,0, 59481
2,59483,2,2,1, 59485
12,59480,5,7,1, 59487
18,59483,4,4,1, 59487
1,59486,1,1,0, 59487
20,59483,6,6,1, 59489
22,59486,4,4,1, 59490
5,59487,3,3,1, 59490
24,59489,1,1,0, 59490
21,59487,5,5,1, 59492
6,59490,2,2,1, 59492
7,59492,1,1,1, 59493
8,59496,1,1,1, 59497
28,59494,5,5,1, 59499
9,59497,2,2,1, 59499
16,59499,2,2,0, 59501
29,59498,4,4,1, 59502
17,59499,3,3,1, 59502
13,59499,4,4,1, 59503
18,59503,4,4,1, 59507
1,59506,1,1,0, 59507
20,59503,6,6,1, 59509
24,59509,1,1,0, 59510
19,59506,5,5,1, 59511
6,59510,2,2,1, 59512
7,59512,1,1,0, 59513
25,59515,2,2,1, 59517
8,59516,1,1,0, 59517
31,59516,2,2,1, 59518
9,59517,2,2,1, 59519
16,59519,2,2,0, 59521
14,59519,3,3,1, 59522
24,59529,1,1,0, 59530
21,59527,5,5,1, 59532
7,59532,1,1,0, 59533
8,59536,1,1,1, 59537
16,59539,2,2,1, 59541
29,59538,4,4,1, 59542
13,59539,4,4,1, 59543
24,59549,1,1,0, 59550
21,59547,5,5,1, 59552
6,59550,2,2,1, 59552
7,59552,1,1,1, 59553
30,59553,3,3,1, 59556
8,59556,1,1,0, 59557
31,59556,2,2,1, 59558
16,59559,2,2,1, 59561
14,59559,3,3,1, 59562
13,59559,4,4,1, 59563
5,59567,3,3,1, 59570
24,59569,1,1,1, 59570
21,59567,5,5,1, 59572
7,59572,1,1,0, 59573
30,59573,3,3,1, 59576
8,59576,1,1,0, 59577
31,59576,2,2,1, 59578
16,59579,2,2,0, 59581
29,59578,4,4,1, 59582
14,59579,3,3,1, 59582
24,59589,1,1,0, 59590
8,59596,1,1,0, 59597
16,59599,2,2,0, 59601
24,59609,1,1,1, 59610
8,59616,1,1,0, 59617
16,59619,2,2,1, 59621
1,59626,1,1,1, 59627
24,59629,1,1,1, 59630
8,59636,1,1,0, 59637
16,59639,2,2,0, 59641
1,59646,1,1,0, 59647
24,59649,1,1,0, 59650
25,59655,2,2,1, 59657
8,59656,1,1,0, 59657
9,59657,2,2,1, 59659
16,59659,2,2,0, 59661
1,59666,1,1,1, 59667
24,59669,1,1,0, 59670
8,59676,1,1,0, 59677
9,59677,2,2,1, 59679
16,59679,2,2,0, 59681
2,59683,2,2,1, 59685
12,59680,5,7,1, 59687
1,59686,1,1,0, 59687
20,59683,6,6,1, 59689
3,59687,3,3,1, 59690
24,59689,1,1,0, 59690
19,59686,5,5,1, 59691
7,59692,1,1,1, 59693
25,59695,2,2,1, 59697
8,59696,1,1,0, 59697
11,59694,4,4,1, 59698
31,59696,2,2,1, 59698
9,59697,2,2,1, 59699
26,59697,3,3,1, 59700
16,59699,2,2,0, 59701
17,59699,3,3,1, 59702
2,59703,2,2,1, 59705
1,59706,1,1,1, 59707
24,59709,1,1,0, 59710
7,59712,1,1,0, 59713
8,59716,1,1,0, 59717
31,59716,2,2,1, 59718
9,59717,2,2,1, 59719
26,59717,3,3,1, 59720
18,59723,4,4,1, 59727
1,59726,1,1,0, 59727
22,59726,4,4,1, 59730
24,59729,1,1,0, 59730
21,59727,5,5,1, 59732
6,59730,2,2,1, 59732
7,59732,1,1,1, 59733
30,59733,3,3,1, 59736
8,59736,1,1,0, 59737
31,59736,2,2,1, 59738
9,59737,2,2,1, 59739
29,59738,4,4,1, 59742
17,59739,3,3,1, 59742
1,59746,1,1,1, 59747
22,59746,4,4,1, 59750
24,59749,1,1,0, 59750
6,59750,2,2,1, 59752
7,59752,1,1,0, 59753
25,59755,2,2,1, 59757
8,59756,1,1,1, 59757
9,59757,2,2,1, 59759
14,59759,3,3,1, 59762
2,59763,2,2,1, 59765
1,59766,1,1,0, 59767
22,59766,4,4,1, 59770
24,59769,1,1,1, 59770
6,59770,2,2,1, 59772
7,59772,1,1,0, 59773
8,59776,1,1,0, 59777
14,59779,3,3,1, 59782
1,59786,1,1,0, 59787
24,59789,1,1,0, 59790
6,59790,2,2,1, 59792
7,59792,1,1,1, 59793
30,59793,3,3,1, 59796
8,59796,1,1,1, 59797
31,59796,2,2,1, 59798
29,59798,4,4,1, 59802
17,59799,3,3,1, 59802
13,59799,4,4,1, 59803
2,59803,2,2,1, 59805
12,59800,5,7,1, 59807
1,59806,1,1,1, 59807
24,59809,1,1,1, 59810
21,59807,5,5,1, 59812
6,59810,2,2,1, 59812
7,59812,1,1,0, 59813
27,59812,4,4,1, 59816
25,59815,2,2,1, 59817
8,59816,1,1,0, 59817
11,59814,4,4,1, 59818
22,59826,4,4,1, 59830
24,59829,1,1,1, 59830
7,59832,1,1,0, 59833
8,59836,1,1,0, 59837
31,59836,2,2,1, 59838
22,59846,4,4,1, 59850
24,59849,1,1,1, 59850
7,59852,1,1,0, 59853
8,59856,1,1,1, 59857
31,59856,2,2,1, 59858
29,59858,4,4,1, 59862
5,59867,3,3,1, 59870
24,59869,1,1,0, 59870
21,59867,5,5,1, 59872
8,59876,1,1,0, 59877
24,59889,1,1,0, 59890
8,59896,1,1,1, 59897
24,59909,1,1,1, 59910
8,59916,1,1,0, 59917
12,59920,5,7,1, 59927
1,59926,1,1,1, 59927
24,59929,1,1,0, 59930
8,59936,1,1,1, 59937
11,59934,4,4,1, 59938
28,59934,5,5,1, 59939
9,59937,2,2,1, 59939
26,59937,3,3,1, 59940
2,59943,2,2,1, 59945
12,59940,5,7,1, 59947
1,59946,1,1,1, 59947
24,59949,1,1,1, 59950
8,59956,1,1,0, 59957
1,59966,1,1,1, 59967
24,59969,1,1,0, 59970
25,59975,2,2,1, 59977
8,59976,1,1,1, 59977
1,59986,1,1,1, 59987
24,59989,1,1,1, 59990
7,59992,1,1,1, 59993
8,59996,1,1,0, 59997
1,60006,1,1,0, 60007
24,60009,1,1,0, 60010
7,60012,1,1,0, 60013
8,60016,1,1,0, 60017
29,60018,4,4,1, 60022
13,60019,4,4,1, 60023
1,60026,1,1,0, 60027
24,60029,1,1,1, 60030
21,60027,5,5,1, 60032
7,60032,1,1,0, 60033
8,60036,1,1,0, 60037
31,60036,2,2,1, 60038
14,60039,3,3,1, 60042
17,60039,3,3,1, 60042
1,60046,1,1,0, 60047
22,60046,4,4,1, 60050
24,60049,1,1,1, 60050
6,60050,2,2,1, 60052
7,60052,1,1,1, 60053
30,60053,3,3,1, 60056
8,60056,1,1,1, 60057
9,60057,2,2,1, 60059
26,60057,3,3,1, 60060
29,60058,4,4,1, 60062
13,60059,4,4,1, 60063
12,60060,5,7,0, 60067
18,60063,4,4,0, 60067
1,60066,1,1,1, 60067
20,60063,6,6,0, 60069
22,60066,4,4,1, 60070
24,60069,1,1,0, 60070
19,60066,5,5,1, 60071
21,60067,5,5,1, 60072
6,60070,2,2,1, 60072
7,60072,1,1,1, 60073
27,60072,4,4,1, 60076
30,60073,3,3,1, 60076
25,60075,2,2,1, 60077
8,60076,1,1,1, 60077
31,60076,2,2,1, 60078
28,60074,5,5,1, 60079
9,60077,2,2,1, 60079
26,60077,3,3,1, 60080
17,60079,3,3,0, 60082
18,60083,4,4,0, 60087
1,60086,1,1,1, 60087
20,60083,6,6,0, 60089
22,60086,4,4,1, 60090
24,60089,1,1,1, 60090
19,60086,5,5,0, 60091
21,60087,5,5,1, 60092
7,60092,1,1,0, 60093
27,60092,4,4,0, 60096
25,60095,2,2,1, 60097
8,60096,1,1,0, 60097
28,60094,5,5,1, 60099
9,60097,2,2,0, 60099
26,60097,3,3,1, 60100
29,60098,4,4,1, 60102
14,60099,3,3,1, 60102
17,60099,3,3,0, 60102
13,60099,4,4,1, 60103
12,60100,5,5,1, 60105
18,60103,4,4,0, 60107
1,60106,1,1,1, 60107
20,60103,6,6,1, 60109
24,60109,1,1,1, 60110
19,60106,5,5,0, 60111
7,60112,1,1,1, 60113
27,60112,4,4,1, 60116
25,60115,2,2,0, 60117
8,60116,1,1,0, 60117
31,60116,2,2,1, 60118
28,60114,5,5,1, 60119
9,60117,2,2,1, 60119
26,60117,3,3,1, 60120
29,60118,4,4,1, 60122
17,60119,3,3,1, 60122
2,60123,2,4,0, 60127
18,60123,4,4,1, 60127
1,60126,1,1,0, 60127
20,60123,6,6,1, 60129
24,60129,1,1,0, 60130
19,60126,5,5,1, 60131
3,60127,3,5,0, 60132
27,60132,4,4,0, 60136
25,60135,2,2,1, 60137
8,60136,1,1,0, 60137
9,60137,2,2,0, 60139
26,60137,3,3,1, 60140
17,60139,3,3,1, 60142
12,60140,5,7,1, 60147
2,60143,2,4,1, 60147
18,60143,4,4,0, 60147
1,60146,1,1,0, 60147
20,60143,6,6,1, 60149
24,60149,1,1,0, 60150
19,60146,5,5,0, 60151
3,60147,3,5,1, 60152
27,60152,4,4,1, 60156
25,60155,2,2,1, 60157
8,60156,1,1,0, 60157
9,60157,2,2,0, 60159
26,60157,3,3,0, 60160
17,60159,3,3,1, 60162
12,60160,5,7,1, 60167
2,60163,2,4,1, 60167
18,60163,4,4,0, 60167
1,60166,1,1,1, 60167
20,60163,6,6,0, 60169
24,60169,1,1,0, 60170
19,60166,5,5,0, 60171
3,60167,3,5,1, 60172
27,60172,4,4,1, 60176
25,60175,2,2,0, 60177
8,60176,1,1,1, 60177
9,60177,2,2,1, 60179
26,60177,3,3,0, 60180
17,60179,3,3,1, 60182
12,60180,5,7,0, 60187
18,60183,4,4,1, 60187
1,60186,1,1,1, 60187
20,60183,6,6,1, 60189
24,60189,1,1,0, 60190
19,60186,5,5,1, 60191
25,60195,2,2,0, 60197
8,60196,1,1,1, 60197
27,60192,4,6,1, 60198
9,60197,2,2,0, 60199
17,60199,3,3,1, 60202
18,60203,4,4,1, 60207
1,60206,1,1,0, 60207
20,60203,6,6,1, 60209
24,60209,1,1,1, 60210
19,60206,5,5,1, 60211
3,60207,3,7,0, 60214
25,60215,2,2,0, 60217
8,60216,1,1,0, 60217
27,60212,4,6,1, 60218
9,60217,2,2,0, 60219
17,60219,3,3,0, 60222
18,60223,4,4,1, 60227
1,60226,1,1,1, 60227
20,60223,6,6,1, 60229
22,60226,4,4,1, 60230
24,60229,1,1,0, 60230
19,60226,5,5,0, 60231
21,60227,5,5,1, 60232
7,60232,1,1,0, 60233
3,60227,3,7,0, 60234
25,60235,2,2,0, 60237
8,60236,1,1,1, 60237
27,60232,4,6,0, 60238
31,60236,2,2,1, 60238
28,60234,5,5,1, 60239
9,60237,2,2,1, 60239
29,60238,4,4,1, 60242
14,60239,3,3,1, 60242
17,60239,3,3,0, 60242
18,60243,4,4,1, 60247
1,60246,1,1,0, 60247
20,60243,6,6,1, 60249
24,60249,1,1,0, 60250
2,60243,2,8,1, 60251
19,60246,5,5,0, 60251
21,60247,5,5,1, 60252
7,60252,1,1,1, 60253
3,60247,3,7,1, 60254
30,60253,3,3,1, 60256
25,60255,2,2,1, 60257
8,60256,1,1,1, 60257
27,60252,4,6,0, 60258
9,60257,2,2,0, 60259
29,60258,4,4,1, 60262
17,60259,3,3,1, 60262
13,60259,4,4,1, 60263
18,60263,4,4,0, 60267
1,60266,1,1,1, 60267
20,60263,6,6,0, 60269
22,60266,4,4,1, 60270
24,60269,1,1,1, 60270
19,60266,5,5,1, 60271
21,60267,5,5,1, 60272
7,60272,1,1,1, 60273
3,60267,3,7,1, 60274
25,60275,2,2,1, 60277
8,60276,1,1,0, 60277
27,60272,4,6,1, 60278
31,60276,2,2,1, 60278
28,60274,5,5,1, 60279
9,60277,2,2,1, 60279
17,60279,3,3,1, 60282
13,60279,4,4,1, 60283
18,60283,4,4,1, 60287
1,60286,1,1,0, 60287
20,60283,6,6,0, 60289
22,60286,4,4,1, 60290
24,60289,1,1,0, 60290
19,60286,5,5,0, 60291
21,60287,5,5,1, 60292
7,60292,1,1,1, 60293
3,60287,3,7,0, 60294
25,60295,2,2,1, 60297
8,60296,1,1,0, 60297
31,60296,2,2,1, 60298
9,60297,2,2,0, 60299
29,60298,4,4,1, 60302
17,60299,3,3,0, 60302
1,60306,1,1,1, 60307
20,60303,6,6,1, 60309
24,60309,1,1,1, 60310
2,60303,2,8,1, 60311
19,60306,5,5,1, 60311
25,60315,2,2,1, 60317
8,60316,1,1,1, 60317
27,60312,4,6,1, 60318
17,60319,3,3,1, 60322
18,60323,4,4,1, 60327
1,60326,1,1,1, 60327
24,60329,1,1,1, 60330
2,60323,2,8,1, 60331
25,60335,2,2,1, 60337
8,60336,1,1,1, 60337
9,60337,2,2,1, 60339
1,60346,1,1,1, 60347
24,60349,1,1,0, 60350
2,60343,2,8,1, 60351
25,60355,2,2,1, 60357
8,60356,1,1,1, 60357
27,60352,4,6,1, 60358
9,60357,2,2,1, 60359
1,60366,1,1,1, 60367
20,60363,6,6,1, 60369
24,60369,1,1,1, 60370
2,60363,2,8,1, 60371
3,60367,3,7,1, 60374
25,60375,2,2,1, 60377
8,60376,1,1,0, 60377
27,60372,4,6,1, 60378
9,60377,2,2,1, 60379
18,60383,4,4,1, 60387
1,60386,1,1,0, 60387
20,60383,6,6,1, 60389
24,60389,1,1,1, 60390
2,60383,2,8,1, 60391
3,60387,3,7,1, 60394
25,60395,2,2,0, 60397
8,60396,1,1,1, 60397
27,60392,4,6,1, 60398
9,60397,2,2,1, 60399
1,60406,1,1,0, 60407
24,60409,1,1,0, 60410
2,60403,2,8,1, 60411
19,60406,5,5,1, 60411
7,60412,1,1,1, 60413
3,60407,3,7,1, 60414
25,60415,2,2,1, 60417
8,60416,1,1,0, 60417
31,60416,2,2,1, 60418
9,60417,2,2,1, 60419
1,60426,1,1,0, 60427
24,60429,1,1,0, 60430
7,60432,1,1,0, 60433
3,60427,3,7,1, 60434
25,60435,2,2,0, 60437
8,60436,1,1,1, 60437
9,60437,2,2,1, 60439
29,60438,4,4,1, 60442
17,60439,3,3,1, 60442
13,60439,4,4,1, 60443
18,60443,4,4,1, 60447
1,60446,1,1,0, 60447
20,60443,6,6,1, 60449
24,60449,1,1,0, 60450
21,60447,5,5,1, 60452
6,60450,2,2,1, 60452
7,60452,1,1,1, 60453
3,60447,3,7,1, 60454
30,60453,3,3,1, 60456
25,60455,2,2,1, 60457
8,60456,1,1,1, 60457
27,60452,4,6,1, 60458
18,60463,4,4,1, 60467
1,60466,1,1,0, 60467
20,60463,6,6,1, 60469
24,60469,1,1,0, 60470
19,60466,5,5,1, 60471
21,60467,5,5,1, 60472
6,60470,2,2,1, 60472
7,60472,1,1,1, 60473
3,60467,3,7,1, 60474
25,60475,2,2,1, 60477
8,60476,1,1,1, 60477
31,60476,2,2,1, 60478
17,60479,3,3,1, 60482
13,60479,4,6,1, 60485
18,60483,4,4,1, 60487
1,60486,1,1,1, 60487
20,60483,6,6,1, 60489
24,60489,1,1,1, 60490
6,60490,2,2,1, 60492
7,60492,1,1,1, 60493
30,60493,3,3,1, 60496
25,60495,2,2,1, 60497
28,60494,5,5,1, 60499
13,60499,4,6,1, 60505
1,60506,1,1,0, 60507
24,60509,1,1,0, 60510
21,60507,5,5,1, 60512
6,60510,2,2,1, 60512
7,60512,1,1,1, 60513
25,60515,2,2,1, 60517
13,60519,4,6,1, 60525
1,60526,1,1,0, 60527
24,60529,1,1,1, 60530
21,60527,5,5,1, 60532
6,60530,2,2,1, 60532
7,60532,1,1,0, 60533
25,60535,2,2,0, 60537
28,60534,5,5,1, 60539
29,60538,4,4,1, 60542
13,60539,4,6,1, 60545
1,60546,1,1,1, 60547
24,60549,1,1,0, 60550
21,60547,5,5,1, 60552
6,60550,2,2,1, 60552
7,60552,1,1,0, 60553
25,60555,2,2,0, 60557
28,60554,5,5,1, 60559
1,60566,1,1,0, 60567
24,60569,1,1,1, 60570
21,60567,5,5,1, 60572
6,60570,2,2,1, 60572
7,60572,1,1,1, 60573
30,60573,3,3,1, 60576
25,60575,2,2,1, 60577
1,60586,1,1,1, 60587
24,60589,1,1,1, 60590
25,60595,2,2,1, 60597
8,60596,1,1,0, 60597
1,60606,1,1,1, 60607
24,60609,1,1,1, 60610
25,60615,2,2,0, 60617
8,60616,1,1,0, 60617
1,60626,1,1,1, 60627
24,60629,1,1,0, 60630
25,60635,2,2,0, 60637
8,60636,1,1,1, 60637
1,60646,1,1,0, 60647
24,60649,1,1,1, 60650
25,60655,2,2,0, 60657
8,60656,1,1,1, 60657
1,60666,1,1,1, 60667
24,60669,1,1,0, 60670
25,60675,2,2,0, 60677
8,60676,1,1,0, 60677
1,60686,1,1,0, 60687
20,60683,6,6,1, 60689
24,60689,1,1,0, 60690
2,60683,2,8,1, 60691
19,60686,5,5,1, 60691
7,60692,1,1,0, 60693
25,60695,2,2,1, 60697
8,60696,1,1,0, 60697
31,60696,2,2,1, 60698
9,60697,2,2,1, 60699
1,60706,1,1,1, 60707
24,60709,1,1,0, 60710
7,60712,1,1,0, 60713
25,60715,2,2,0, 60717
8,60716,1,1,1, 60717
1,60726,1,1,1, 60727
24,60729,1,1,0, 60730
6,60730,2,2,1, 60732
7,60732,1,1,0, 60733
30,60733,3,3,1, 60736
25,60735,2,2,0, 60737
8,60736,1,1,1, 60737
28,60734,5,5,1, 60739
1,60746,1,1,1, 60747
24,60749,1,1,0, 60750
21,60747,5,5,1, 60752
7,60752,1,1,1, 60753
25,60755,2,2,1, 60757
8,60756,1,1,1, 60757
9,60757,2,2,1, 60759
1,60766,1,1,1, 60767
24,60769,1,1,0, 60770
21,60767,5,5,1, 60772
7,60772,1,1,1, 60773
30,60773,3,3,1, 60776
25,60775,2,2,1, 60777
8,60776,1,1,0, 60777
9,60777,2,2,1, 60779
29,60778,4,4,1, 60782
1,60786,1,1,1, 60787
24,60789,1,1,0, 60790
7,60792,1,1,1, 60793
25,60795,2,2,0, 60797
8,60796,1,1,0, 60797
27,60792,4,6,1, 60798
31,60796,2,2,1, 60798
9,60797,2,2,1, 60799
17,60799,3,3,1, 60802
1,60806,1,1,1, 60807
24,60809,1,1,0, 60810
21,60807,5,5,1, 60812
7,60812,1,1,0, 60813
3,60807,3,7,1, 60814
30,60813,3,3,1, 60816
25,60815,2,2,0, 60817
8,60816,1,1,1, 60817
31,60816,2,2,1, 60818
28,60814,5,5,1, 60819
13,60819,4,6,1, 60825
1,60826,1,1,1, 60827
24,60829,1,1,1, 60830
2,60823,2,8,1, 60831
19,60826,5,5,1, 60831
21,60827,5,5,1, 60832
6,60830,2,2,1, 60832
7,60832,1,1,1, 60833
25,60835,2,2,0, 60837
8,60836,1,1,0, 60837
27,60832,4,6,1, 60838
28,60834,5,5,1, 60839
9,60837,2,2,1, 60839
13,60839,4,6,1, 60845
1,60846,1,1,1, 60847
24,60849,1,1,1, 60850
19,60846,5,5,1, 60851
21,60847,5,5,1, 60852
7,60852,1,1,1, 60853
30,60853,3,3,1, 60856
25,60855,2,2,0, 60857
8,60856,1,1,1, 60857
31,60856,2,2,1, 60858
28,60854,5,5,1, 60859
29,60858,4,4,1, 60862
17,60859,3,3,1, 60862
1,60866,1,1,1, 60867
20,60863,6,6,1, 60869
24,60869,1,1,0, 60870
19,60866,5,5,1, 60871
7,60872,1,1,1, 60873
3,60867,3,7,1, 60874
30,60873,3,3,1, 60876
25,60875,2,2,1, 60877
8,60876,1,1,1, 60877
27,60872,4,6,1, 60878
31,60876,2,2,1, 60878
28,60874,5,5,1, 60879
29,60878,4,4,1, 60882
17,60879,3,3,1, 60882
1,60886,1,1,0, 60887
24,60889,1,1,0, 60890
2,60883,2,8,1, 60891
19,60886,5,5,1, 60891
21,60887,5,5,1, 60892
6,60890,2,2,1, 60892
7,60892,1,1,0, 60893
3,60887,3,7,1, 60894
25,60895,2,2,0, 60897
8,60896,1,1,0, 60897
27,60892,4,6,1, 60898
28,60894,5,5,1, 60899
17,60899,3,3,1, 60902
13,60899,4,6,1, 60905
18,60903,4,4,1, 60907
1,60906,1,1,0, 60907
20,60903,6,6,1, 60909
24,60909,1,1,0, 60910
19,60906,5,5,1, 60911
25,60915,2,2,0, 60917
8,60916,1,1,0, 60917
27,60912,4,6,1, 60918
17,60919,3,3,0, 60922
18,60923,4,4,1, 60927
1,60926,1,1,0, 60927
20,60923,6,6,1, 60929
24,60929,1,1,0, 60930
25,60935,2,2,1, 60937
8,60936,1,1,0, 60937
1,60946,1,1,1, 60947
24,60949,1,1,1, 60950
25,60955,2,2,1, 60957
8,60956,1,1,0, 60957
1,60966,1,1,0, 60967
24,60969,1,1,0, 60970
25,60975,2,2,0, 60977
8,60976,1,1,0, 60977
1,60986,1,1,0, 60987
24,60989,1,1,0, 60990
25,60995,2,2,0, 60997
8,60996,1,1,1, 60997
1,61006,1,1,1, 61007
24,61009,1,1,1, 61010
7,61012,1,1,1, 61013
25,61015,2,2,0, 61017
8,61016,1,1,0, 61017
31,61016,2,2,1, 61018
1,61026,1,1,0, 61027
24,61029,1,1,1, 61030
7,61032,1,1,1, 61033
25,61035,2,2,0, 61037
8,61036,1,1,0, 61037
17,61039,3,3,1, 61042
1,61046,1,1,0, 61047
24,61049,1,1,1, 61050
7,61052,1,1,0, 61053
25,61055,2,2,1, 61057
8,61056,1,1,0, 61057
27,61052,4,6,1, 61058
17,61059,3,3,0, 61062
1,61066,1,1,0, 61067
24,61069,1,1,1, 61070
2,61063,2,8,1, 61071
7,61072,1,1,1, 61073
3,61067,3,7,1, 61074
25,61075,2,2,0, 61077
8,61076,1,1,0, 61077
27,61072,4,6,1, 61078
31,61076,2,2,1, 61078
17,61079,3,3,0, 61082
18,61083,4,4,1, 61087
1,61086,1,1,1, 61087
24,61089,1,1,1, 61090
7,61092,1,1,0, 61093
25,61095,2,2,1, 61097
8,61096,1,1,1, 61097
17,61099,3,3,0, 61102
1,61106,1,1,0, 61107
24,61109,1,1,0, 61110
21,61107,5,5,1, 61112
6,61110,2,2,1, 61112
7,61112,1,1,1, 61113
25,61115,2,2,0, 61117
8,61116,1,1,0, 61117
28,61114,5,5,1, 61119
17,61119,3,3,1, 61122
13,61119,4,6,1, 61125
18,61123,4,4,1, 61127
1,61126,1,1,1, 61127
24,61129,1,1,0, 61130
7,61132,1,1,0, 61133
30,61133,3,3,1, 61136
25,61135,2,2,1, 61137
8,61136,1,1,0, 61137
31,61136,2,2,1, 61138
29,61138,4,4,1, 61142
17,61139,3,3,1, 61142
1,61146,1,1,0, 61147
24,61149,1,1,1, 61150
7,61152,1,1,1, 61153
25,61155,2,2,0, 61157
8,61156,1,1,1, 61157
17,61159,3,3,0, 61162
13,61159,4,6,1, 61165
1,61166,1,1,1, 61167
24,61169,1,1,1, 61170
21,61167,5,5,1, 61172
7,61172,1,1,1, 61173
30,61173,3,3,1, 61176
25,61175,2,2,1, 61177
8,61176,1,1,0, 61177
29,61178,4,4,1, 61182
17,61179,3,3,0, 61182
13,61179,4,6,1, 61185
18,61183,4,4,1, 61187
1,61186,1,1,1, 61187
24,61189,1,1,1, 61190
19,61186,5,5,1, 61191
6,61190,2,2,1, 61192
7,61192,1,1,1, 61193
25,61195,2,2,1, 61197
8,61196,1,1,1, 61197
27,61192,4,6,1, 61198
17,61199,3,3,1, 61202
13,61199,4,6,1, 61205
18,61203,4,4,1, 61207
1,61206,1,1,0, 61207
24,61209,1,1,0, 61210
2,61203,2,8,1, 61211
7,61212,1,1,1, 61213
25,61215,2,2,0, 61217
8,61216,1,1,0, 61217
28,61214,5,5,1, 61219
29,61218,4,4,1, 61222
17,61219,3,3,0, 61222
1,61226,1,1,1, 61227
24,61229,1,1,1, 61230
2,61223,2,8,1, 61231
7,61232,1,1,1, 61233
30,61233,3,3,1, 61236
25,61235,2,2,1, 61237
8,61236,1,1,0, 61237
27,61232,4,6,1, 61238
31,61236,2,2,1, 61238
28,61234,5,5,1, 61239
17,61239,3,3,1, 61242
18,61243,4,4,1, 61247
1,61246,1,1,0, 61247
20,61243,6,6,1, 61249
24,61249,1,1,1, 61250
19,61246,5,5,1, 61251
21,61247,5,5,1, 61252
6,61250,2,2,1, 61252
7,61252,1,1,0, 61253
3,61247,3,7,1, 61254
25,61255,2,2,0, 61257
8,61256,1,1,0, 61257
31,61256,2,2,1, 61258
28,61254,5,5,1, 61259
29,61258,4,4,1, 61262
17,61259,3,3,0, 61262
1,61266,1,1,1, 61267
20,61263,6,6,1, 61269
24,61269,1,1,1, 61270
2,61263,2,8,1, 61271
21,61267,5,5,1, 61272
7,61272,1,1,1, 61273
3,61267,3,7,1, 61274
25,61275,2,2,0, 61277
8,61276,1,1,1, 61277
31,61276,2,2,1, 61278
28,61274,5,5,1, 61279
17,61279,3,3,0, 61282
18,61283,4,4,1, 61287
1,61286,1,1,1, 61287
24,61289,1,1,1, 61290
2,61283,2,8,1, 61291
6,61290,2,2,1, 61292
7,61292,1,1,1, 61293
25,61295,2,2,1, 61297
8,61296,1,1,1, 61297
27,61292,4,6,1, 61298
31,61296,2,2,1, 61298
17,61299,3,3,0, 61302
1,61306,1,1,1, 61307
20,61303,6,6,1, 61309
24,61309,1,1,0, 61310
2,61303,2,8,1, 61311
7,61312,1,1,0, 61313
25,61315,2,2,0, 61317
8,61316,1,1,1, 61317
27,61312,4,6,1, 61318
17,61319,3,3,1, 61322
18,61323,4,4,1, 61327
1,61326,1,1,1, 61327
24,61329,1,1,1, 61330
19,61326,5,5,1, 61331
6,61330,2,2,1, 61332
7,61332,1,1,1, 61333
3,61327,3,7,1, 61334
25,61335,2,2,1, 61337
8,61336,1,1,1, 61337
17,61339,3,3,0, 61342
18,61343,4,4,1, 61347
1,61346,1,1,0, 61347
24,61349,1,1,1, 61350
6,61350,2,2,1, 61352
7,61352,1,1,0, 61353
3,61347,3,7,1, 61354
25,61355,2,2,0, 61357
8,61356,1,1,1, 61357
27,61352,4,6,1, 61358
31,61356,2,2,1, 61358
17,61359,3,3,1, 61362
1,61366,1,1,1, 61367
20,61363,6,6,1, 61369
24,61369,1,1,0, 61370
7,61372,1,1,1, 61373
25,61375,2,2,1, 61377
8,61376,1,1,0, 61377
27,61372,4,6,1, 61378
17,61379,3,3,1, 61382
18,61383,4,4,1, 61387
1,61386,1,1,0, 61387
24,61389,1,1,1, 61390
7,61392,1,1,0, 61393
30,61393,3,3,1, 61396
8,61396,1,1,1, 61397
31,61396,2,2,1, 61398
28,61394,5,5,1, 61399
1,61406,1,1,0, 61407
24,61409,1,1,1, 61410
6,61410,2,2,1, 61412
7,61412,1,1,0, 61413
30,61413,3,3,1, 61416
8,61416,1,1,1, 61417
29,61418,4,4,1, 61422
1,61426,1,1,0, 61427
24,61429,1,1,0, 61430
7,61432,1,1,0, 61433
25,61435,2,2,1, 61437
8,61436,1,1,0, 61437
31,61436,2,2,1, 61438
13,61439,4,6,1, 61445
1,61446,1,1,0, 61447
24,61449,1,1,0, 61450
6,61450,2,2,1, 61452
7,61452,1,1,0, 61453
8,61456,1,1,1, 61457
31,61456,2,2,1, 61458
28,61454,5,5,1, 61459
29,61458,4,4,1, 61462
1,61466,1,1,1, 61467
24,61469,1,1,1, 61470
21,61467,5,5,1, 61472
6,61470,2,2,1, 61472
7,61472,1,1,0, 61473
30,61473,3,3,1, 61476
25,61475,2,2,1, 61477
8,61476,1,1,1, 61477
1,61486,1,1,1, 61487
24,61489,1,1,0, 61490
3,61487,3,7,1, 61494
8,61496,1,1,1, 61497
27,61492,4,6,1, 61498
17,61499,3,3,1, 61502
18,61503,4,4,1, 61507
1,61506,1,1,0, 61507
24,61509,1,1,1, 61510
2,61503,2,8,1, 61511
3,61507,3,7,1, 61514
25,61515,2,2,1, 61517
8,61516,1,1,0, 61517
1,61526,1,1,0, 61527
24,61529,1,1,1, 61530
2,61523,2,8,1, 61531
8,61536,1,1,0, 61537
18,61543,4,4,1, 61547
1,61546,1,1,1, 61547
24,61549,1,1,1, 61550
3,61547,3,7,1, 61554
25,61555,2,2,1, 61557
8,61556,1,1,1, 61557
17,61559,3,3,1, 61562
18,61563,4,4,1, 61567
1,61566,1,1,0, 61567
24,61569,1,1,0, 61570
2,61563,2,8,1, 61571
8,61576,1,1,1, 61577
27,61572,4,6,1, 61578
17,61579,3,3,1, 61582
18,61583,4,4,1, 61587
1,61586,1,1,0, 61587
20,61583,6,6,1, 61589
24,61589,1,1,0, 61590
21,61587,5,5,1, 61592
7,61592,1,1,0, 61593
8,61596,1,1,0, 61597
27,61592,4,6,1, 61598
29,61598,4,4,1, 61602
17,61599,3,3,1, 61602
13,61599,4,6,1, 61605
18,61603,4,4,1, 61607
1,61606,1,1,1, 61607
20,61603,6,6,1, 61609
24,61609,1,1,1, 61610
2,61603,2,8,1, 61611
21,61607,5,5,1, 61612
7,61612,1,1,1, 61613
3,61607,3,7,1, 61614
8,61616,1,1,1, 61617
27,61612,4,6,1, 61618
31,61616,2,2,1, 61618
28,61614,5,5,1, 61619
1,61626,1,1,0, 61627
20,61623,6,6,1, 61629
24,61629,1,1,0, 61630
2,61623,2,8,1, 61631
21,61627,5,5,1, 61632
6,61630,2,2,1, 61632
7,61632,1,1,0, 61633
3,61627,3,7,1, 61634
25,61635,2,2,1, 61637
8,61636,1,1,0, 61637
28,61634,5,5,1, 61639
29,61638,4,4,1, 61642
1,61646,1,1,1, 61647
24,61649,1,1,0, 61650
6,61650,2,2,1, 61652
7,61652,1,1,0, 61653
30,61653,3,3,1, 61656
25,61655,2,2,1, 61657
8,61656,1,1,0, 61657
28,61654,5,5,1, 61659
29,61658,4,4,1, 61662
1,61666,1,1,0, 61667
24,61669,1,1,1, 61670
21,61667,5,5,1, 61672
6,61670,2,2,1, 61672
7,61672,1,1,0, 61673
30,61673,3,3,1, 61676
8,61676,1,1,0, 61677
29,61678,4,4,1, 61682
1,61686,1,1,0, 61687
24,61689,1,1,1, 61690
21,61687,5,5,1, 61692
7,61692,1,1,1, 61693
25,61695,2,2,1, 61697
8,61696,1,1,0, 61697
31,61696,2,2,1, 61698
1,61706,1,1,1, 61707
24,61709,1,1,1, 61710
7,61712,1,1,0, 61713
8,61716,1,1,1, 61717
31,61716,2,2,1, 61718
13,61719,4,6,1, 61725
1,61726,1,1,0, 61727
24,61729,1,1,1, 61730
7,61732,1,1,1, 61733
30,61733,3,3,1, 61736
25,61735,2,2,1, 61737
8,61736,1,1,0, 61737
28,61734,5,5,1, 61739
29,61738,4,4,1, 61742
17,61739,3,3,1, 61742
18,61743,4,4,1, 61747
1,61746,1,1,0, 61747
20,61743,6,6,1, 61749
24,61749,1,1,0, 61750
7,61752,1,1,1, 61753
8,61756,1,1,1, 61757
31,61756,2,2,1, 61758
17,61759,3,3,1, 61762
18,61763,4,4,1, 61767
1,61766,1,1,0, 61767
20,61763,6,6,1, 61769
24,61769,1,1,1, 61770
2,61763,2,8,1, 61771
7,61772,1,1,1, 61773
8,61776,1,1,0, 61777
31,61776,2,2,1, 61778
18,61783,4,4,1, 61787
1,61786,1,1,1, 61787
24,61789,1,1,1, 61790
19,61786,5,5,1, 61791
7,61792,1,1,1, 61793
3,61787,3,7,1, 61794
25,61795,2,2,1, 61797
8,61796,1,1,1, 61797
27,61792,4,6,1, 61798
17,61799,3,3,1, 61802
1,61806,1,1,1, 61807
20,61803,6,6,1, 61809
24,61809,1,1,0, 61810
2,61803,2,8,1, 61811
7,61812,1,1,0, 61813
8,61816,1,1,0, 61817
27,61812,4,6,1, 61818
31,61816,2,2,1, 61818
17,61819,3,3,1, 61822
1,61826,1,1,0, 61827
20,61823,6,6,1, 61829
24,61829,1,1,0, 61830
19,61826,5,5,1, 61831
7,61832,1,1,1, 61833
3,61827,3,7,1, 61834
25,61835,2,2,1, 61837
8,61836,1,1,1, 61837
18,61843,4,4,1, 61847
1,61846,1,1,1, 61847
24,61849,1,1,1, 61850
6,61850,2,2,1, 61852
7,61852,1,1,1, 61853
25,61855,2,2,1, 61857
8,61856,1,1,0, 61857
17,61859,3,3,1, 61862
1,61866,1,1,0, 61867
24,61869,1,1,1, 61870
7,61872,1,1,0, 61873
25,61875,2,2,1, 61877
8,61876,1,1,1, 61877
18,61883,4,4,1, 61887
1,61886,1,1,1, 61887
24,61889,1,1,0, 61890
7,61892,1,1,0, 61893
8,61896,1,1,0, 61897
17,61899,3,3,1, 61902
1,61906,1,1,1, 61907
24,61909,1,1,0, 61910
7,61912,1,1,0, 61913
25,61915,2,2,1, 61917
8,61916,1,1,1, 61917
31,61916,2,2,1, 61918
18,61923,4,4,1, 61927
1,61926,1,1,1, 61927
24,61929,1,1,0, 61930
21,61927,5,5,1, 61932
7,61932,1,1,1, 61933
30,61933,3,3,1, 61936
8,61936,1,1,0, 61937
17,61939,3,3,1, 61942
13,61939,4,6,1, 61945
18,61943,4,4,1, 61947
1,61946,1,1,0, 61947
24,61949,1,1,0, 61950
6,61950,2,2,1, 61952
7,61952,1,1,0, 61953
8,61956,1,1,0, 61957
27,61952,4,6,1, 61958
31,61956,2,2,1, 61958
13,61959,4,6,1, 61965
1,61966,1,1,1, 61967
24,61969,1,1,1, 61970
2,61963,2,8,1, 61971
7,61972,1,1,0, 61973
25,61975,2,2,1, 61977
8,61976,1,1,1, 61977
17,61979,3,3,1, 61982
13,61979,4,6,1, 61985
1,61986,1,1,1, 61987
24,61989,1,1,0, 61990
19,61986,5,5,1, 61991
21,61987,5,5,1, 61992
7,61992,1,1,0, 61993
8,61996,1,1,0, 61997
31,61996,2,2,1, 61998
28,61994,5,5,1, 61999
29,61998,4,4,1, 62002
1,62006,1,1,1, 62007
21,62007,5,5,1, 62012
6,62010,2,2,1, 62012
7,62012,1,1,1, 62013
8,62016,1,1,1, 62017
31,62016,2,2,1, 62018
13,62019,4,6,1, 62025
1,62026,1,1,0, 62027
21,62027,5,5,1, 62032
7,62032,1,1,1, 62033
8,62036,1,1,0, 62037
31,62036,2,2,1, 62038
28,62034,5,5,1, 62039
29,62038,4,4,1, 62042
1,62046,1,1,0, 62047
7,62052,1,1,0, 62053
30,62053,3,3,1, 62056
8,62056,1,1,0, 62057
31,62056,2,2,1, 62058
1,62066,1,1,1, 62067
8,62076,1,1,0, 62077
1,62086,1,1,0, 62087
8,62096,1,1,0, 62097
1,62106,1,1,1, 62107
20,62103,6,6,1, 62109
24,62109,1,1,1, 62110
2,62103,2,8,1, 62111
8,62116,1,1,1, 62117
1,62126,1,1,0, 62127
24,62129,1,1,0, 62130
8,62136,1,1,0, 62137
1,62146,1,1,0, 62147
24,62149,1,1,0, 62150
25,62155,2,2,1, 62157
8,62156,1,1,1, 62157
1,62166,1,1,0, 62167
24,62169,1,1,0, 62170
7,62172,1,1,0, 62173
25,62175,2,2,1, 62177
8,62176,1,1,0, 62177
31,62176,2,2,1, 62178
28,62174,5,5,1, 62179
29,62178,4,4,1, 62182
13,62179,4,6,1, 62185
1,62186,1,1,0, 62187
24,62189,1,1,1, 62190
21,62187,5,5,1, 62192
7,62192,1,1,0, 62193
25,62195,2,2,1, 62197
8,62196,1,1,1, 62197
29,62198,4,4,1, 62202
1,62206,1,1,1, 62207
24,62209,1,1,1, 62210
7,62212,1,1,1, 62213
8,62216,1,1,1, 62217
27,62212,4,6,1, 62218
31,62216,2,2,1, 62218
28,62214,5,5,1, 62219
29,62218,4,4,1, 62222
13,62219,4,6,1, 62225
1,62226,1,1,0, 62227
24,62229,1,1,1, 62230
21,62227,5,5,1, 62232
7,62232,1,1,0, 62233
3,62227,3,7,1, 62234
8,62236,1,1,1, 62237
31,62236,2,2,1, 62238
1,62246,1,1,1, 62247
24,62249,1,1,0, 62250
7,62252,1,1,0, 62253
8,62256,1,1,0, 62257
31,62256,2,2,1, 62258
1,62266,1,1,0, 62267
24,62269,1,1,0, 62270
6,62270,2,2,1, 62272
7,62272,1,1,1, 62273
25,62275,2,2,1, 62277
8,62276,1,1,0, 62277
1,62286,1,1,0, 62287
24,62289,1,1,0, 62290
6,62290,2,2,1, 62292
7,62292,1,1,0, 62293
25,62295,2,2,1, 62297
8,62296,1,1,0, 62297
31,62296,2,2,1, 62298
1,62306,1,1,1, 62307
24,62309,1,1,1, 62310
7,62312,1,1,0, 62313
25,62315,2,2,1, 62317
8,62316,1,1,1, 62317
31,62316,2,2,1, 62318
1,62326,1,1,1, 62327
24,62329,1,1,0, 62330
6,62330,2,2,1, 62332
7,62332,1,1,1, 62333
8,62336,1,1,1, 62337
31,62336,2,2,1, 62338
1,62346,1,1,0, 62347
24,62349,1,1,0, 62350
6,62350,2,2,1, 62352
7,62352,1,1,1, 62353
25,62355,2,2,1, 62357
8,62356,1,1,1, 62357
31,62356,2,2,1, 62358
1,62366,1,1,0, 62367
24,62369,1,1,1, 62370
7,62372,1,1,1, 62373
30,62373,3,3,1, 62376
8,62376,1,1,0, 62377
1,62386,1,1,1, 62387
24,62389,1,1,1, 62390
6,62390,2,2,1, 62392
7,62392,1,1,1, 62393
30,62393,3,3,1, 62396
8,62396,1,1,1, 62397
1,62406,1,1,0, 62407
24,62409,1,1,0, 62410
6,62410,2,2,1, 62412
7,62412,1,1,1, 62413
30,62413,3,3,1, 62416
8,62416,1,1,0, 62417
1,62426,1,1,0, 62427
24,62429,1,1,0, 62430
21,62427,5,5,1, 62432
6,62430,2,2,1, 62432
7,62432,1,1,0, 62433
3,62427,3,7,1, 62434
25,62435,2,2,1, 62437
8,62436,1,1,0, 62437
27,62432,4,6,1, 62438
31,62436,2,2,1, 62438
1,62446,1,1,1, 62447
24,62449,1,1,0, 62450
2,62443,2,8,1, 62451
7,62452,1,1,0, 62453
3,62447,3,7,1, 62454
8,62456,1,1,1, 62457
27,62452,4,6,1, 62458
28,62454,5,5,1, 62459
29,62458,4,4,1, 62462
1,62466,1,1,1, 62467
24,62469,1,1,0, 62470
8,62476,1,1,0, 62477
1,62486,1,1,1, 62487
24,62489,1,1,1, 62490
8,62496,1,1,0, 62497
1,62506,1,1,1, 62507
24,62509,1,1,0, 62510
8,62516,1,1,0, 62517
1,62526,1,1,0, 62527
24,62529,1,1,0, 62530
8,62536,1,1,0, 62537
1,62546,1,1,1, 62547
24,62549,1,1,1, 62550
25,62555,2,2,1, 62557
8,62556,1,1,1, 62557
1,62566,1,1,1, 62567
24,62569,1,1,1, 62570
6,62570,2,2,1, 62572
7,62572,1,1,1, 62573
8,62576,1,1,1, 62577
31,62576,2,2,1, 62578
1,62586,1,1,0, 62587
24,62589,1,1,0, 62590
7,62592,1,1,1, 62593
8,62596,1,1,0, 62597
1,62606,1,1,0, 62607
24,62609,1,1,1, 62610
6,62610,2,2,1, 62612
7,62612,1,1,0, 62613
25,62615,2,2,1, 62617
8,62616,1,1,1, 62617
31,62616,2,2,1, 62618
1,62626,1,1,1, 62627
24,62629,1,1,0, 62630
6,62630,2,2,1, 62632
19,62626,5,7,1, 62633
7,62632,1,1,0, 62633
3,62627,3,7,1, 62634
8,62636,1,1,1, 62637
27,62632,4,6,1, 62638
31,62636,2,2,1, 62638
13,62639,4,6,1, 62645
1,62646,1,1,0, 62647
24,62649,1,1,0, 62650
2,62643,2,8,1, 62651
18,62643,4,8,1, 62651
21,62647,5,5,1, 62652
7,62652,1,1,1, 62653
3,62647,3,7,1, 62654
30,62653,3,3,1, 62656
8,62656,1,1,0, 62657
28,62654,5,5,1, 62659
29,62658,4,4,1, 62662
13,62659,4,6,1, 62665
1,62666,1,1,0, 62667
20,62663,6,6,1, 62669
24,62669,1,1,1, 62670
18,62663,4,8,1, 62671
21,62667,5,5,1, 62672
6,62670,2,2,1, 62672
7,62672,1,1,1, 62673
30,62673,3,3,1, 62676
25,62675,2,2,1, 62677
8,62676,1,1,1, 62677
1,62686,1,1,0, 62687
24,62689,1,1,1, 62690
25,62695,2,2,1, 62697
8,62696,1,1,1, 62697
1,62706,1,1,0, 62707
24,62709,1,1,0, 62710
8,62716,1,1,1, 62717
1,62726,1,1,0, 62727
24,62729,1,1,1, 62730
8,62736,1,1,1, 62737
1,62746,1,1,0, 62747
24,62749,1,1,1, 62750
8,62756,1,1,1, 62757
1,62766,1,1,0, 62767
24,62769,1,1,0, 62770
8,62776,1,1,0, 62777
1,62786,1,1,1, 62787
24,62789,1,1,0, 62790
7,62792,1,1,0, 62793
25,62795,2,2,1, 62797
8,62796,1,1,0, 62797
31,62796,2,2,1, 62798
13,62799,4,6,1, 62805
1,62806,1,1,0, 62807
17,62799,3,9,1, 62808
20,62803,6,6,1, 62809
24,62809,1,1,0, 62810
2,62803,2,8,1, 62811
19,62806,5,7,1, 62813
7,62812,1,1,1, 62813
3,62807,3,7,1, 62814
30,62813,3,3,1, 62816
25,62815,2,2,1, 62817
8,62816,1,1,0, 62817
13,62819,4,6,1, 62825
1,62826,1,1,1, 62827
17,62819,3,9,1, 62828
24,62829,1,1,1, 62830
6,62830,2,2,1, 62832
7,62832,1,1,1, 62833
30,62833,3,3,1, 62836
25,62835,2,2,1, 62837
8,62836,1,1,0, 62837
29,62838,4,4,1, 62842
1,62846,1,1,0, 62847
24,62849,1,1,1, 62850
21,62847,5,5,1, 62852
7,62852,1,1,1, 62853
30,62853,3,3,1, 62856
25,62855,2,2,1, 62857
8,62856,1,1,0, 62857
29,62858,4,4,1, 62862
13,62859,4,6,1, 62865
1,62866,1,1,1, 62867
24,62869,1,1,0, 62870
6,62870,2,2,1, 62872
7,62872,1,1,0, 62873
25,62875,2,2,1, 62877
8,62876,1,1,0, 62877
31,62876,2,2,1, 62878
29,62878,4,4,1, 62882
1,62886,1,1,1, 62887
24,62889,1,1,0, 62890
21,62887,5,5,1, 62892
7,62892,1,1,1, 62893
30,62893,3,3,1, 62896
8,62896,1,1,1, 62897
1,62906,1,1,1, 62907
24,62909,1,1,1, 62910
8,62916,1,1,0, 62917
1,62926,1,1,0, 62927
24,62929,1,1,0, 62930
8,62936,1,1,0, 62937
1,62946,1,1,0, 62947
24,62949,1,1,1, 62950
25,62955,2,2,0, 62957
8,62956,1,1,0, 62957
1,62966,1,1,1, 62967
24,62969,1,1,1, 62970
25,62975,2,2,0, 62977
8,62976,1,1,0, 62977
1,62986,1,1,0, 62987
24,62989,1,1,0, 62990
25,62995,2,2,1, 62997
8,62996,1,1,0, 62997
1,63006,1,1,1, 63007
24,63009,1,1,1, 63010
6,63010,2,2,1, 63012
7,63012,1,1,0, 63013
25,63015,2,2,1, 63017
8,63016,1,1,1, 63017
1,63026,1,1,1, 63027
24,63029,1,1,0, 63030
6,63030,2,2,1, 63032
7,63032,1,1,0, 63033
25,63035,2,2,1, 63037
8,63036,1,1,0, 63037
31,63036,2,2,1, 63038
1,63046,1,1,1, 63047
24,63049,1,1,1, 63050
7,63052,1,1,0, 63053
25,63055,2,2,1, 63057
8,63056,1,1,0, 63057
31,63056,2,2,1, 63058
1,63066,1,1,0, 63067
24,63069,1,1,0, 63070
6,63070,2,2,1, 63072
7,63072,1,1,0, 63073
25,63075,2,2,1, 63077
8,63076,1,1,0, 63077
1,63086,1,1,1, 63087
24,63089,1,1,0, 63090
7,63092,1,1,0, 63093
25,63095,2,2,1, 63097
8,63096,1,1,0, 63097
1,63106,1,1,0, 63107
24,63109,1,1,0, 63110
2,63103,2,8,1, 63111
7,63112,1,1,1, 63113
25,63115,2,2,1, 63117
8,63116,1,1,0, 63117
28,63114,5,5,1, 63119
1,63126,1,1,1, 63127
17,63119,3,9,1, 63128
24,63129,1,1,0, 63130
2,63123,2,8,1, 63131
18,63123,4,8,1, 63131
21,63127,5,5,1, 63132
19,63126,5,7,1, 63133
7,63132,1,1,1, 63133
30,63133,3,3,1, 63136
25,63135,2,2,0, 63137
8,63136,1,1,0, 63137
27,63132,4,6,1, 63138
28,63134,5,5,1, 63139
1,63146,1,1,0, 63147
24,63149,1,1,0, 63150
2,63143,2,8,1, 63151
18,63143,4,8,1, 63151
21,63147,5,5,1, 63152
19,63146,5,7,1, 63153
7,63152,1,1,1, 63153
30,63153,3,3,1, 63156
25,63155,2,2,1, 63157
8,63156,1,1,0, 63157
31,63156,2,2,1, 63158
1,63166,1,1,1, 63167
24,63169,1,1,1, 63170
21,63167,5,5,1, 63172
7,63172,1,1,1, 63173
25,63175,2,2,0, 63177
8,63176,1,1,1, 63177
31,63176,2,2,1, 63178
1,63186,1,1,1, 63187
24,63189,1,1,1, 63190
21,63187,5,5,1, 63192
6,63190,2,2,1, 63192
7,63192,1,1,1, 63193
30,63193,3,3,1, 63196
25,63195,2,2,1, 63197
8,63196,1,1,0, 63197
1,63206,1,1,1, 63207
24,63209,1,1,0, 63210
21,63207,5,5,1, 63212
6,63210,2,2,1, 63212
7,63212,1,1,0, 63213
25,63215,2,2,1, 63217
8,63216,1,1,1, 63217
29,63218,4,4,1, 63222
13,63219,4,6,1, 63225
1,63226,1,1,0, 63227
24,63229,1,1,1, 63230
21,63227,5,5,1, 63232
7,63232,1,1,1, 63233
25,63235,2,2,0, 63237
8,63236,1,1,0, 63237
29,63238,4,4,1, 63242
1,63246,1,1,0, 63247
24,63249,1,1,0, 63250
25,63255,2,2,0, 63257
8,63256,1,1,0, 63257
1,63266,1,1,1, 63267
24,63269,1,1,0, 63270
25,63275,2,2,0, 63277
8,63276,1,1,0, 63277
1,63286,1,1,1, 63287
24,63289,1,1,1, 63290
25,63295,2,2,1, 63297
8,63296,1,1,0, 63297
1,63306,1,1,0, 63307
24,63309,1,1,0, 63310
25,63315,2,2,1, 63317
8,63316,1,1,0, 63317
1,63326,1,1,0, 63327
24,63329,1,1,1, 63330
25,63335,2,2,0, 63337
8,63336,1,1,1, 63337
1,63346,1,1,1, 63347
24,63349,1,1,1, 63350
6,63350,2,2,1, 63352
7,63352,1,1,0, 63353
25,63355,2,2,0, 63357
8,63356,1,1,1, 63357
31,63356,2,2,1, 63358
1,63366,1,1,0, 63367
24,63369,1,1,1, 63370
7,63372,1,1,0, 63373
25,63375,2,2,0, 63377
8,63376,1,1,0, 63377
31,63376,2,2,1, 63378
1,63386,1,1,0, 63387
24,63389,1,1,0, 63390
6,63390,2,2,1, 63392
7,63392,1,1,1, 63393
25,63395,2,2,0, 63397
8,63396,1,1,0, 63397
31,63396,2,2,1, 63398
1,63406,1,1,0, 63407
24,63409,1,1,1, 63410
7,63412,1,1,0, 63413
30,63413,3,3,1, 63416
25,63415,2,2,0, 63417
8,63416,1,1,1, 63417
31,63416,2,2,1, 63418
1,63426,1,1,1, 63427
24,63429,1,1,1, 63430
6,63430,2,2,1, 63432
7,63432,1,1,0, 63433
30,63433,3,3,1, 63436
25,63435,2,2,1, 63437
8,63436,1,1,1, 63437
1,63446,1,1,0, 63447
24,63449,1,1,1, 63450
6,63450,2,2,1, 63452
7,63452,1,1,0, 63453
30,63453,3,3,1, 63456
25,63455,2,2,0, 63457
8,63456,1,1,0, 63457
1,63466,1,1,1, 63467
24,63469,1,1,0, 63470
2,63463,2,8,1, 63471
21,63467,5,5,1, 63472
7,63472,1,1,0, 63473
3,63467,3,7,1, 63474
30,63473,3,3,1, 63476
25,63475,2,2,0, 63477
8,63476,1,1,1, 63477
28,63474,5,5,1, 63479
1,63486,1,1,1, 63487
17,63479,3,9,1, 63488
20,63483,6,6,1, 63489
24,63489,1,1,0, 63490
2,63483,2,8,1, 63491
18,63483,4,8,1, 63491
6,63490,2,2,1, 63492
19,63486,5,7,1, 63493
7,63492,1,1,1, 63493
3,63487,3,7,1, 63494
30,63493,3,3,1, 63496
25,63495,2,2,1, 63497
8,63496,1,1,1, 63497
31,63496,2,2,1, 63498
1,63506,1,1,0, 63507
24,63509,1,1,0, 63510
25,63515,2,2,0, 63517
8,63516,1,1,1, 63517
1,63526,1,1,0, 63527
24,63529,1,1,0, 63530
25,63535,2,2,1, 63537
8,63536,1,1,0, 63537
1,63546,1,1,0, 63547
24,63549,1,1,0, 63550
25,63555,2,2,0, 63557
8,63556,1,1,1, 63557
1,63566,1,1,1, 63567
24,63569,1,1,1, 63570
25,63575,2,2,1, 63577
8,63576,1,1,0, 63577
1,63586,1,1,0, 63587
24,63589,1,1,1, 63590
25,63595,2,2,1, 63597
8,63596,1,1,1, 63597
1,63606,1,1,1, 63607
24,63609,1,1,1, 63610
21,63607,5,5,1, 63612
7,63612,1,1,0, 63613
25,63615,2,2,1, 63617
8,63616,1,1,0, 63617
31,63616,2,2,1, 63618
1,63626,1,1,0, 63627
24,63629,1,1,1, 63630
6,63630,2,2,1, 63632
7,63632,1,1,1, 63633
25,63635,2,2,0, 63637
8,63636,1,1,1, 63637
27,63632,4,6,1, 63638
29,63638,4,4,1, 63642
1,63646,1,1,1, 63647
24,63649,1,1,0, 63650
2,63643,2,8,1, 63651
19,63646,5,7,1, 63653
7,63652,1,1,1, 63653
30,63653,3,3,1, 63656
25,63655,2,2,0, 63657
8,63656,1,1,0, 63657
29,63658,4,4,1, 63662
1,63666,1,1,1, 63667
20,63663,6,6,1, 63669
24,63669,1,1,1, 63670
21,63667,5,5,1, 63672
6,63670,2,2,1, 63672
7,63672,1,1,0, 63673
25,63675,2,2,0, 63677
8,63676,1,1,0, 63677
31,63676,2,2,1, 63678
1,63686,1,1,1, 63687
24,63689,1,1,0, 63690
7,63692,1,1,1, 63693
25,63695,2,2,1, 63697
8,63696,1,1,1, 63697
31,63696,2,2,1, 63698
1,63706,1,1,1, 63707
24,63709,1,1,0, 63710
6,63710,2,2,1, 63712
7,63712,1,1,1, 63713
25,63715,2,2,1, 63717
8,63716,1,1,0, 63717
31,63716,2,2,1, 63718
1,63726,1,1,1, 63727
24,63729,1,1,1, 63730
7,63732,1,1,0, 63733
25,63735,2,2,0, 63737
8,63736,1,1,1, 63737
31,63736,2,2,1, 63738
1,63746,1,1,1, 63747
24,63749,1,1,0, 63750
7,63752,1,1,1, 63753
25,63755,2,2,0, 63757
8,63756,1,1,0, 63757
1,63766,1,1,0, 63767
24,63769,1,1,0, 63770
7,63772,1,1,1, 63773
25,63775,2,2,1, 63777
8,63776,1,1,0, 63777
1,63786,1,1,1, 63787
24,63789,1,1,1, 63790
7,63792,1,1,0, 63793
30,63793,3,3,1, 63796
25,63795,2,2,1, 63797
8,63796,1,1,1, 63797
31,63796,2,2,1, 63798
28,63794,5,5,1, 63799
1,63806,1,1,0, 63807
17,63799,3,9,1, 63808
20,63803,6,6,1, 63809
24,63809,1,1,1, 63810
2,63803,2,8,1, 63811
6,63810,2,2,1, 63812
7,63812,1,1,1, 63813
25,63815,2,2,1, 63817
8,63816,1,1,0, 63817
31,63816,2,2,1, 63818
1,63826,1,1,0, 63827
24,63829,1,1,1, 63830
21,63827,5,5,1, 63832
7,63832,1,1,1, 63833
30,63833,3,3,1, 63836
25,63835,2,2,0, 63837
8,63836,1,1,1, 63837
1,63846,1,1,1, 63847
24,63849,1,1,1, 63850
6,63850,2,2,1, 63852
7,63852,1,1,0, 63853
30,63853,3,3,1, 63856
25,63855,2,2,0, 63857
8,63856,1,1,0, 63857
31,63856,2,2,1, 63858
29,63858,4,4,1, 63862
1,63866,1,1,1, 63867
24,63869,1,1,0, 63870
21,63867,5,5,1, 63872
6,63870,2,2,1, 63872
7,63872,1,1,1, 63873
30,63873,3,3,1, 63876
25,63875,2,2,0, 63877
8,63876,1,1,0, 63877
1,63886,1,1,0, 63887
24,63889,1,1,0, 63890
21,63887,5,5,1, 63892
7,63892,1,1,0, 63893
25,63895,2,2,0, 63897
8,63896,1,1,1, 63897
31,63896,2,2,1, 63898
29,63898,4,4,1, 63902
1,63906,1,1,0, 63907
24,63909,1,1,1, 63910
25,63915,2,2,1, 63917
8,63916,1,1,0, 63917
1,63926,1,1,1, 63927
24,63929,1,1,0, 63930
25,63935,2,2,0, 63937
8,63936,1,1,0, 63937
1,63946,1,1,0, 63947
24,63949,1,1,0, 63950
25,63955,2,2,0, 63957
8,63956,1,1,1, 63957
1,63966,1,1,0, 63967
24,63969,1,1,0, 63970
25,63975,2,2,0, 63977
8,63976,1,1,0, 63977
1,63986,1,1,0, 63987
24,63989,1,1,1, 63990
25,63995,2,2,0, 63997
8,63996,1,1,0, 63997
1,64006,1,1,1, 64007
24,64009,1,1,1, 64010
6,64010,2,2,1, 64012
7,64012,1,1,1, 64013
25,64015,2,2,1, 64017
8,64016,1,1,0, 64017
1,64026,1,1,0, 64027
24,64029,1,1,0, 64030
7,64032,1,1,1, 64033
25,64035,2,2,1, 64037
8,64036,1,1,1, 64037
1,64046,1,1,1, 64047
24,64049,1,1,1, 64050
7,64052,1,1,0, 64053
25,64055,2,2,1, 64057
8,64056,1,1,0, 64057
1,64066,1,1,1, 64067
24,64069,1,1,0, 64070
7,64072,1,1,0, 64073
25,64075,2,2,1, 64077
8,64076,1,1,1, 64077
31,64076,2,2,1, 64078
1,64086,1,1,0, 64087
24,64089,1,1,1, 64090
7,64092,1,1,1, 64093
30,64093,3,3,1, 64096
25,64095,2,2,1, 64097
8,64096,1,1,0, 64097
31,64096,2,2,1, 64098
1,64106,1,1,1, 64107
24,64109,1,1,1, 64110
7,64112,1,1,0, 64113
30,64113,3,3,1, 64116
25,64115,2,2,0, 64117
8,64116,1,1,0, 64117
31,64116,2,2,1, 64118
28,64114,5,5,1, 64119
29,64118,4,4,1, 64122
1,64126,1,1,0, 64127
24,64129,1,1,0, 64130
6,64130,2,2,1, 64132
7,64132,1,1,1, 64133
3,64127,3,7,1, 64134
30,64133,3,3,1, 64136
25,64135,2,2,0, 64137
8,64136,1,1,0, 64137
27,64132,4,6,1, 64138
29,64138,4,4,1, 64142
13,64139,4,6,1, 64145
1,64146,1,1,0, 64147
24,64149,1,1,1, 64150
7,64152,1,1,1, 64153
25,64155,2,2,0, 64157
8,64156,1,1,0, 64157
31,64156,2,2,1, 64158
28,64154,5,5,1, 64159
29,64158,4,4,1, 64162
1,64166,1,1,1, 64167
24,64169,1,1,0, 64170
18,64163,4,8,1, 64171
21,64167,5,5,1, 64172
6,64170,2,2,1, 64172
7,64172,1,1,1, 64173
30,64173,3,3,1, 64176
25,64175,2,2,0, 64177
8,64176,1,1,0, 64177
29,64178,4,4,1, 64182
13,64179,4,6,1, 64185
1,64186,1,1,1, 64187
20,64183,6,6,1, 64189
24,64189,1,1,0, 64190
19,64186,5,7,1, 64193
7,64192,1,1,1, 64193
30,64193,3,3,1, 64196
25,64195,2,2,0, 64197
8,64196,1,1,1, 64197
29,64198,4,4,1, 64202
1,64206,1,1,1, 64207
24,64209,1,1,0, 64210
25,64215,2,2,1, 64217
8,64216,1,1,0, 64217
1,64226,1,1,0, 64227
24,64229,1,1,0, 64230
25,64235,2,2,1, 64237
8,64236,1,1,0, 64237
1,64246,1,1,0, 64247
24,64249,1,1,0, 64250
25,64255,2,2,0, 64257
8,64256,1,1,0, 64257
1,64266,1,1,0, 64267
24,64269,1,1,0, 64270
25,64275,2,2,1, 64277
8,64276,1,1,0, 64277
1,64286,1,1,0, 64287
24,64289,1,1,0, 64290
25,64295,2,2,0, 64297
8,64296,1,1,0, 64297
1,64306,1,1,0, 64307
24,64309,1,1,0, 64310
6,64310,2,2,1, 64312
7,64312,1,1,0, 64313
25,64315,2,2,1, 64317
8,64316,1,1,1, 64317
1,64326,1,1,1, 64327
24,64329,1,1,1, 64330
6,64330,2,2,1, 64332
7,64332,1,1,0, 64333
25,64335,2,2,1, 64337
8,64336,1,1,1, 64337
31,64336,2,2,1, 64338
1,64346,1,1,1, 64347
24,64349,1,1,0, 64350
7,64352,1,1,0, 64353
25,64355,2,2,1, 64357
8,64356,1,1,0, 64357
31,64356,2,2,1, 64358
1,64366,1,1,0, 64367
24,64369,1,1,1, 64370
6,64370,2,2,1, 64372
7,64372,1,1,1, 64373
25,64375,2,2,1, 64377
8,64376,1,1,0, 64377
31,64376,2,2,1, 64378
1,64386,1,1,1, 64387
24,64389,1,1,0, 64390
7,64392,1,1,0, 64393
30,64393,3,3,1, 64396
25,64395,2,2,0, 64397
8,64396,1,1,1, 64397
31,64396,2,2,1, 64398
1,64406,1,1,1, 64407
24,64409,1,1,1, 64410
7,64412,1,1,0, 64413
25,64415,2,2,1, 64417
8,64416,1,1,0, 64417
1,64426,1,1,1, 64427
24,64429,1,1,1, 64430
6,64430,2,2,1, 64432
7,64432,1,1,1, 64433
25,64435,2,2,0, 64437
8,64436,1,1,1, 64437
29,64438,4,4,1, 64442
13,64439,4,6,1, 64445
1,64446,1,1,1, 64447
17,64439,3,9,1, 64448
24,64449,1,1,1, 64450
18,64443,4,8,1, 64451
19,64446,5,7,1, 64453
7,64452,1,1,1, 64453
25,64455,2,2,0, 64457
8,64456,1,1,0, 64457
27,64452,4,8,1, 64460
29,64458,4,4,1, 64462
1,64466,1,1,0, 64467
20,64463,6,6,1, 64469
24,64469,1,1,0, 64470
6,64470,2,2,1, 64472
7,64472,1,1,0, 64473
30,64473,3,3,1, 64476
25,64475,2,2,0, 64477
8,64476,1,1,1, 64477
31,64476,2,2,1, 64478
1,64486,1,1,0, 64487
24,64489,1,1,0, 64490
21,64487,5,5,1, 64492
7,64492,1,1,0, 64493
25,64495,2,2,0, 64497
8,64496,1,1,1, 64497
27,64492,4,8,1, 64500
13,64499,4,6,1, 64505
1,64506,1,1,0, 64507
17,64499,3,9,1, 64508
24,64509,1,1,1, 64510
18,64503,4,8,1, 64511
21,64507,5,5,1, 64512
7,64512,1,1,0, 64513
25,64515,2,2,0, 64517
8,64516,1,1,0, 64517
28,64514,5,5,1, 64519
29,64518,4,4,1, 64522
1,64526,1,1,0, 64527
17,64519,3,9,1, 64528
20,64523,6,6,1, 64529
24,64529,1,1,1, 64530
18,64523,4,8,1, 64531
25,64535,2,2,1, 64537
8,64536,1,1,0, 64537
1,64546,1,1,1, 64547
24,64549,1,1,1, 64550
25,64555,2,2,1, 64557
8,64556,1,1,0, 64557
1,64566,1,1,0, 64567
24,64569,1,1,1, 64570
25,64575,2,2,0, 64577
8,64576,1,1,1, 64577
1,64586,1,1,0, 64587
24,64589,1,1,1, 64590
25,64595,2,2,1, 64597
8,64596,1,1,1, 64597
1,64606,1,1,0, 64607
24,64609,1,1,1, 64610
25,64615,2,2,0, 64617
8,64616,1,1,0, 64617
1,64626,1,1,0, 64627
24,64629,1,1,0, 64630
25,64635,2,2,1, 64637
8,64636,1,1,0, 64637
31,64636,2,2,1, 64638
1,64646,1,1,1, 64647
24,64649,1,1,0, 64650
6,64650,2,2,1, 64652
7,64652,1,1,1, 64653
30,64653,3,3,1, 64656
25,64655,2,2,1, 64657
8,64656,1,1,1, 64657
29,64658,4,4,1, 64662
13,64659,4,6,1, 64665
1,64666,1,1,0, 64667
20,64663,6,6,1, 64669
24,64669,1,1,0, 64670
21,64667,5,5,1, 64672
6,64670,2,2,1, 64672
19,64666,5,7,1, 64673
7,64672,1,1,0, 64673
25,64675,2,2,1, 64677
8,64676,1,1,0, 64677
27,64672,4,8,1, 64680
1,64686,1,1,1, 64687
24,64689,1,1,0, 64690
7,64692,1,1,0, 64693
25,64695,2,2,0, 64697
8,64696,1,1,0, 64697
1,64706,1,1,1, 64707
24,64709,1,1,1, 64710
7,64712,1,1,0, 64713
25,64715,2,2,0, 64717
8,64716,1,1,1, 64717
1,64726,1,1,1, 64727
24,64729,1,1,0, 64730
7,64732,1,1,1, 64733
25,64735,2,2,1, 64737
8,64736,1,1,0, 64737
1,64746,1,1,1, 64747
24,64749,1,1,0, 64750
6,64750,2,2,1, 64752
7,64752,1,1,0, 64753
25,64755,2,2,0, 64757
8,64756,1,1,1, 64757
1,64766,1,1,1, 64767
24,64769,1,1,0, 64770
7,64772,1,1,1, 64773
25,64775,2,2,0, 64777
8,64776,1,1,1, 64777
1,64786,1,1,0, 64787
24,64789,1,1,1, 64790
6,64790,2,2,1, 64792
7,64792,1,1,1, 64793
25,64795,2,2,1, 64797
8,64796,1,1,1, 64797
31,64796,2,2,1, 64798
1,64806,1,1,1, 64807
24,64809,1,1,1, 64810
6,64810,2,2,1, 64812
7,64812,1,1,0, 64813
30,64813,3,3,1, 64816
25,64815,2,2,0, 64817
8,64816,1,1,1, 64817
1,64826,1,1,1, 64827
24,64829,1,1,1, 64830
6,64830,2,2,1, 64832
7,64832,1,1,0, 64833
25,64835,2,2,0, 64837
8,64836,1,1,1, 64837
1,64846,1,1,0, 64847
24,64849,1,1,0, 64850
7,64852,1,1,1, 64853
30,64853,3,3,1, 64856
25,64855,2,2,0, 64857
8,64856,1,1,0, 64857
31,64856,2,2,1, 64858
1,64866,1,1,0, 64867
24,64869,1,1,0, 64870
6,64870,2,2,1, 64872
7,64872,1,1,1, 64873
30,64873,3,3,1, 64876
25,64875,2,2,1, 64877
8,64876,1,1,0, 64877
31,64876,2,2,1, 64878
29,64878,4,4,1, 64882
1,64886,1,1,1, 64887
24,64889,1,1,0, 64890
6,64890,2,2,1, 64892
7,64892,1,1,0, 64893
25,64895,2,2,1, 64897
8,64896,1,1,1, 64897
31,64896,2,2,1, 64898
1,64906,1,1,1, 64907
24,64909,1,1,1, 64910
7,64912,1,1,1, 64913
30,64913,3,3,1, 64916
25,64915,2,2,0, 64917
8,64916,1,1,1, 64917
1,64926,1,1,1, 64927
24,64929,1,1,0, 64930
21,64927,5,5,1, 64932
7,64932,1,1,1, 64933
30,64933,3,3,1, 64936
25,64935,2,2,0, 64937
8,64936,1,1,1, 64937
27,64932,4,8,1, 64940
1,64946,1,1,0, 64947
24,64949,1,1,1, 64950
21,64947,5,5,1, 64952
6,64950,2,2,1, 64952
19,64946,5,7,1, 64953
7,64952,1,1,1, 64953
25,64955,2,2,1, 64957
8,64956,1,1,1, 64957
31,64956,2,2,1, 64958
29,64958,4,4,1, 64962
13,64959,4,6,1, 64965
1,64966,1,1,1, 64967
17,64959,3,9,1, 64968
20,64963,6,6,1, 64969
24,64969,1,1,1, 64970
18,64963,4,8,1, 64971
21,64967,5,5,1, 64972
7,64972,1,1,0, 64973
25,64975,2,2,1, 64977
8,64976,1,1,1, 64977
31,64976,2,2,1, 64978
28,64974,5,5,1, 64979
29,64978,4,4,1, 64982
1,64986,1,1,1, 64987
24,64989,1,1,0, 64990
25,64995,2,2,0, 64997
8,64996,1,1,0, 64997
1,65006,1,1,0, 65007
24,65009,1,1,1, 65010
25,65015,2,2,0, 65017
8,65016,1,1,0, 65017
1,65026,1,1,0, 65027
24,65029,1,1,0, 65030
25,65035,2,2,0, 65037
8,65036,1,1,0, 65037
1,65046,1,1,1, 65047
24,65049,1,1,0, 65050
25,65055,2,2,1, 65057
8,65056,1,1,0, 65057
1,65066,1,1,0, 65067
24,65069,1,1,0, 65070
25,65075,2,2,1, 65077
8,65076,1,1,0, 65077
1,65086,1,1,0, 65087
24,65089,1,1,0, 65090
6,65090,2,2,1, 65092
7,65092,1,1,1, 65093
25,65095,2,2,0, 65097
8,65096,1,1,0, 65097
1,65106,1,1,0, 65107
24,65109,1,1,0, 65110
6,65110,2,2,1, 65112
7,65112,1,1,1, 65113
25,65115,2,2,0, 65117
8,65116,1,1,0, 65117
1,65126,1,1,0, 65127
24,65129,1,1,1, 65130
7,65132,1,1,1, 65133
25,65135,2,2,0, 65137
8,65136,1,1,0, 65137
1,65146,1,1,1, 65147
24,65149,1,1,0, 65150
7,65152,1,1,0, 65153
25,65155,2,2,1, 65157
8,65156,1,1,0, 65157
1,65166,1,1,0, 65167
24,65169,1,1,0, 65170
7,65172,1,1,1, 65173
25,65175,2,2,1, 65177
8,65176,1,1,1, 65177
1,65186,1,1,0, 65187
24,65189,1,1,1, 65190
7,65192,1,1,0, 65193
25,65195,2,2,1, 65197
8,65196,1,1,1, 65197
1,65206,1,1,1, 65207
24,65209,1,1,1, 65210
7,65212,1,1,0, 65213
25,65215,2,2,1, 65217
8,65216,1,1,1, 65217
31,65216,2,2,1, 65218
1,65226,1,1,0, 65227
24,65229,1,1,0, 65230
7,65232,1,1,0, 65233
25,65235,2,2,0, 65237
8,65236,1,1,0, 65237
29,65238,4,4,1, 65242
1,65246,1,1,0, 65247
24,65249,1,1,0, 65250
7,65252,1,1,1, 65253
25,65255,2,2,0, 65257
8,65256,1,1,0, 65257
1,65266,1,1,0, 65267
24,65269,1,1,0, 65270
7,65272,1,1,1, 65273
25,65275,2,2,0, 65277
8,65276,1,1,0, 65277
1,65286,1,1,0, 65287
24,65289,1,1,1, 65290
21,65287,5,5,1, 65292
7,65292,1,1,1, 65293
25,65295,2,2,1, 65297
8,65296,1,1,0, 65297
27,65292,4,8,1, 65300
29,65298,4,4,1, 65302
13,65299,4,6,1, 65305
1,65306,1,1,0, 65307
20,65303,6,6,1, 65309
24,65309,1,1,1, 65310
7,65312,1,1,0, 65313
30,65313,3,3,1, 65316
25,65315,2,2,0, 65317
8,65316,1,1,1, 65317
31,65316,2,2,1, 65318
28,65314,5,5,1, 65319
27,65312,4,8,1, 65320
1,65326,1,1,1, 65327
17,65319,3,9,1, 65328
20,65323,6,6,1, 65329
24,65329,1,1,1, 65330
18,65323,4,8,1, 65331
7,65332,1,1,1, 65333
25,65335,2,2,1, 65337
8,65336,1,1,1, 65337
31,65336,2,2,1, 65338
28,65334,5,5,1, 65339
27,65332,4,8,1, 65340
1,65346,1,1,1, 65347
17,65339,3,9,1, 65348
20,65343,6,6,1, 65349
24,65349,1,1,0, 65350
7,65352,1,1,0, 65353
30,65353,3,3,1, 65356
25,65355,2,2,1, 65357
8,65356,1,1,1, 65357
27,65352,4,8,1, 65360
1,65366,1,1,1, 65367
17,65359,3,9,1, 65368
24,65369,1,1,1, 65370
21,65367,5,5,1, 65372
19,65366,5,7,1, 65373
7,65372,1,1,0, 65373
25,65375,2,2,1, 65377
8,65376,1,1,1, 65377
31,65376,2,2,1, 65378
28,65374,5,5,1, 65379
29,65378,4,4,1, 65382
1,65386,1,1,1, 65387
20,65383,6,6,1, 65389
24,65389,1,1,0, 65390
7,65392,1,1,1, 65393
25,65395,2,2,1, 65397
8,65396,1,1,0, 65397
27,65392,4,8,1, 65400
29,65398,4,4,1, 65402
1,65406,1,1,0, 65407
24,65409,1,1,0, 65410
7,65412,1,1,1, 65413
25,65415,2,2,1, 65417
8,65416,1,1,0, 65417
1,65426,1,1,1, 65427
24,65429,1,1,0, 65430
7,65432,1,1,0, 65433
25,65435,2,2,0, 65437
8,65436,1,1,0, 65437
1,65446,1,1,0, 65447
24,65449,1,1,0, 65450
7,65452,1,1,0, 65453
25,65455,2,2,0, 65457
8,65456,1,1,1, 65457
31,65456,2,2,1, 65458
1,65466,1,1,1, 65467
24,65469,1,1,0, 65470
7,65472,1,1,0, 65473
25,65475,2,2,0, 65477
8,65476,1,1,0, 65477
1,65486,1,1,0, 65487
24,65489,1,1,1, 65490
7,65492,1,1,1, 65493
25,65495,2,2,0, 65497
8,65496,1,1,1, 65497
1,65506,1,1,1, 65507
24,65509,1,1,1, 65510
7,65512,1,1,1, 65513
30,65513,3,3,1, 65516
25,65515,2,2,1, 65517
8,65516,1,1,1, 65517
1,65526,1,1,0, 65527
24,65529,1,1,0, 65530
7,65532,1,1,1, 65533
25,65535,2,2,0, 65537
8,65536,1,1,1, 65537
31,65536,2,2,1, 65538
1,65546,1,1,1, 65547
24,65549,1,1,0, 65550
7,65552,1,1,0, 65553
30,65553,3,3,1, 65556
25,65555,2,2,0, 65557
8,65556,1,1,0, 65557
1,65566,1,1,0, 65567
24,65569,1,1,0, 65570
19,65566,5,7,1, 65573
7,65572,1,1,1, 65573
25,65575,2,2,1, 65577
8,65576,1,1,0, 65577
28,65574,5,5,1, 65579
1,65586,1,1,0, 65587
17,65579,3,9,1, 65588
24,65589,1,1,0, 65590
7,65592,1,1,1, 65593
25,65595,2,2,0, 65597
8,65596,1,1,0, 65597
31,65596,2,2,1, 65598
28,65594,5,5,1, 65599
27,65592,4,8,1, 65600
29,65598,4,4,1, 65602
1,65606,1,1,1, 65607
17,65599,3,9,1, 65608
20,65603,6,6,1, 65609
24,65609,1,1,1, 65610
18,65603,4,8,1, 65611
7,65612,1,1,1, 65613
25,65615,2,2,0, 65617
8,65616,1,1,1, 65617
1,65626,1,1,0, 65627
20,65623,6,6,1, 65629
24,65629,1,1,1, 65630
18,65623,4,8,1, 65631
19,65626,5,7,1, 65633
7,65632,1,1,0, 65633
30,65633,3,3,1, 65636
25,65635,2,2,1, 65637
8,65636,1,1,0, 65637
31,65636,2,2,1, 65638
28,65634,5,5,1, 65639
27,65632,4,8,1, 65640
29,65638,4,4,1, 65642
1,65646,1,1,1, 65647
24,65649,1,1,0, 65650
25,65655,2,2,0, 65657
8,65656,1,1,1, 65657
1,65666,1,1,1, 65667
24,65669,1,1,0, 65670
25,65675,2,2,0, 65677
8,65676,1,1,0, 65677
1,65686,1,1,1, 65687
24,65689,1,1,1, 65690
25,65695,2,2,0, 65697
8,65696,1,1,1, 65697
1,65706,1,1,1, 65707
24,65709,1,1,0, 65710
25,65715,2,2,0, 65717
8,65716,1,1,1, 65717
1,65726,1,1,0, 65727
24,65729,1,1,1, 65730
25,65735,2,2,0, 65737
8,65736,1,1,1, 65737
1,65746,1,1,1, 65747
24,65749,1,1,1, 65750
7,65752,1,1,0, 65753
25,65755,2,2,1, 65757
8,65756,1,1,0, 65757
31,65756,2,2,1, 65758
1,65766,1,1,1, 65767
24,65769,1,1,0, 65770
7,65772,1,1,0, 65773
25,65775,2,2,1, 65777
8,65776,1,1,0, 65777
31,65776,2,2,1, 65778
1,65786,1,1,0, 65787
24,65789,1,1,0, 65790
7,65792,1,1,1, 65793
25,65795,2,2,0, 65797
8,65796,1,1,0, 65797
1,65806,1,1,1, 65807
24,65809,1,1,1, 65810
7,65812,1,1,1, 65813
30,65813,3,3,1, 65816
25,65815,2,2,0, 65817
8,65816,1,1,1, 65817
29,65818,4,4,1, 65822
13,65819,4,6,1, 65825
1,65826,1,1,1, 65827
17,65819,3,9,1, 65828
20,65823,6,6,1, 65829
24,65829,1,1,1, 65830
21,65827,5,5,1, 65832
7,65832,1,1,1, 65833
25,65835,2,2,1, 65837
8,65836,1,1,1, 65837
13,65839,4,6,1, 65845
1,65846,1,1,0, 65847
17,65839,3,9,1, 65848
20,65843,6,6,1, 65849
24,65849,1,1,0, 65850
18,65843,4,8,1, 65851
21,65847,5,5,1, 65852
7,65852,1,1,0, 65853
25,65855,2,2,0, 65857
8,65856,1,1,0, 65857
28,65854,5,5,1, 65859
13,65859,4,6,1, 65865
1,65866,1,1,1, 65867
24,65869,1,1,1, 65870
18,65863,4,8,1, 65871
21,65867,5,5,1, 65872
7,65872,1,1,0, 65873
25,65875,2,2,0, 65877
8,65876,1,1,1, 65877
31,65876,2,2,1, 65878
28,65874,5,5,1, 65879
1,65886,1,1,0, 65887
24,65889,1,1,0, 65890
7,65892,1,1,1, 65893
25,65895,2,2,0, 65897
8,65896,1,1,0, 65897
28,65894,5,5,1, 65899
29,65898,4,4,1, 65902
1,65906,1,1,0, 65907
24,65909,1,1,1, 65910
7,65912,1,1,0, 65913
25,65915,2,2,1, 65917
8,65916,1,1,1, 65917
29,65918,4,4,1, 65922
1,65926,1,1,1, 65927
24,65929,1,1,1, 65930
7,65932,1,1,0, 65933
25,65935,2,2,0, 65937
8,65936,1,1,1, 65937
31,65936,2,2,1, 65938
28,65934,5,5,1, 65939
1,65946,1,1,1, 65947
24,65949,1,1,1, 65950
7,65952,1,1,0, 65953
25,65955,2,2,0, 65957
8,65956,1,1,1, 65957
31,65956,2,2,1, 65958
28,65954,5,5,1, 65959
1,65966,1,1,0, 65967
24,65969,1,1,1, 65970
7,65972,1,1,0, 65973
25,65975,2,2,0, 65977
8,65976,1,1,0, 65977
31,65976,2,2,1, 65978
29,65978,4,4,1, 65982
1,65986,1,1,0, 65987
17,65979,3,9,1, 65988
20,65983,6,6,1, 65989
24,65989,1,1,1, 65990
21,65987,5,5,1, 65992
7,65992,1,1,0, 65993
25,65995,2,2,0, 65997
8,65996,1,1,1, 65997
27,65992,4,8,1, 66000
1,66006,1,1,1, 66007
24,66009,1,1,1, 66010
25,66015,2,2,1, 66017
8,66016,1,1,0, 66017
1,66026,1,1,0, 66027
24,66029,1,1,1, 66030
25,66035,2,2,0, 66037
8,66036,1,1,0, 66037
1,66046,1,1,1, 66047
24,66049,1,1,0, 66050
25,66055,2,2,1, 66057
8,66056,1,1,1, 66057
1,66066,1,1,0, 66067
24,66069,1,1,1, 66070
25,66075,2,2,0, 66077
8,66076,1,1,0, 66077
1,66086,1,1,1, 66087
24,66089,1,1,1, 66090
25,66095,2,2,1, 66097
8,66096,1,1,0, 66097
1,66106,1,1,1, 66107
24,66109,1,1,0, 66110
7,66112,1,1,0, 66113
30,66113,3,3,1, 66116
25,66115,2,2,1, 66117
8,66116,1,1,0, 66117
31,66116,2,2,1, 66118
1,66126,1,1,0, 66127
24,66129,1,1,0, 66130
7,66132,1,1,1, 66133
30,66133,3,3,1, 66136
25,66135,2,2,1, 66137
8,66136,1,1,1, 66137
1,66146,1,1,0, 66147
24,66149,1,1,0, 66150
7,66152,1,1,0, 66153
30,66153,3,3,1, 66156
25,66155,2,2,0, 66157
8,66156,1,1,1, 66157
31,66156,2,2,1, 66158
1,66166,1,1,1, 66167
24,66169,1,1,0, 66170
7,66172,1,1,1, 66173
30,66173,3,3,1, 66176
25,66175,2,2,0, 66177
8,66176,1,1,1, 66177
31,66176,2,2,1, 66178
1,66186,1,1,0, 66187
24,66189,1,1,1, 66190
7,66192,1,1,1, 66193
25,66195,2,2,0, 66197
8,66196,1,1,1, 66197
31,66196,2,2,1, 66198
1,66206,1,1,1, 66207
24,66209,1,1,1, 66210
7,66212,1,1,0, 66213
25,66215,2,2,1, 66217
8,66216,1,1,0, 66217
28,66214,5,5,1, 66219
1,66226,1,1,1, 66227
24,66229,1,1,0, 66230
21,66227,5,5,1, 66232
19,66226,5,7,1, 66233
7,66232,1,1,1, 66233
30,66233,3,3,1, 66236
25,66235,2,2,0, 66237
8,66236,1,1,1, 66237
31,66236,2,2,1, 66238
13,66239,4,6,1, 66245
1,66246,1,1,1, 66247
20,66243,6,6,1, 66249
24,66249,1,1,0, 66250
18,66243,4,8,1, 66251
19,66246,5,7,1, 66253
7,66252,1,1,1, 66253
30,66253,3,3,1, 66256
25,66255,2,2,1, 66257
8,66256,1,1,1, 66257
28,66254,5,5,1, 66259
27,66252,4,8,1, 66260
13,66259,4,6,1, 66265
1,66266,1,1,1, 66267
17,66259,3,9,1, 66268
20,66263,6,6,1, 66269
24,66269,1,1,0, 66270
21,66267,5,5,1, 66272
19,66266,5,7,1, 66273
7,66272,1,1,0, 66273
30,66273,3,3,1, 66276
25,66275,2,2,0, 66277
8,66276,1,1,0, 66277
1,66286,1,1,1, 66287
24,66289,1,1,1, 66290
7,66292,1,1,1, 66293
25,66295,2,2,0, 66297
8,66296,1,1,1, 66297
1,66306,1,1,0, 66307
24,66309,1,1,1, 66310
7,66312,1,1,1, 66313
25,66315,2,2,0, 66317
8,66316,1,1,1, 66317
1,66326,1,1,1, 66327
24,66329,1,1,1, 66330
7,66332,1,1,1, 66333
25,66335,2,2,0, 66337
8,66336,1,1,1, 66337
1,66346,1,1,1, 66347
24,66349,1,1,1, 66350
7,66352,1,1,0, 66353
25,66355,2,2,0, 66357
8,66356,1,1,1, 66357
1,66366,1,1,1, 66367
24,66369,1,1,0, 66370
7,66372,1,1,1, 66373
25,66375,2,2,1, 66377
8,66376,1,1,1, 66377
1,66386,1,1,0, 66387
24,66389,1,1,0, 66390
7,66392,1,1,0, 66393
25,66395,2,2,1, 66397
8,66396,1,1,0, 66397
1,66406,1,1,1, 66407
24,66409,1,1,0, 66410
7,66412,1,1,1, 66413
30,66413,3,3,1, 66416
25,66415,2,2,0, 66417
8,66416,1,1,1, 66417
1,66426,1,1,1, 66427
24,66429,1,1,1, 66430
7,66432,1,1,0, 66433
25,66435,2,2,0, 66437
8,66436,1,1,0, 66437
28,66434,5,5,1, 66439
29,66438,4,4,1, 66442
1,66446,1,1,0, 66447
17,66439,3,9,1, 66448
20,66443,6,6,1, 66449
24,66449,1,1,0, 66450
18,66443,4,8,1, 66451
7,66452,1,1,1, 66453
25,66455,2,2,1, 66457
8,66456,1,1,0, 66457
31,66456,2,2,1, 66458
28,66454,5,5,1, 66459
13,66459,4,6,1, 66465
1,66466,1,1,0, 66467
24,66469,1,1,1, 66470
19,66466,5,7,1, 66473
7,66472,1,1,0, 66473
30,66473,3,3,1, 66476
25,66475,2,2,1, 66477
8,66476,1,1,0, 66477
31,66476,2,2,1, 66478
28,66474,5,5,1, 66479
1,66486,1,1,1, 66487
24,66489,1,1,0, 66490
7,66492,1,1,1, 66493
30,66493,3,3,1, 66496
25,66495,2,2,1, 66497
8,66496,1,1,1, 66497
31,66496,2,2,1, 66498
28,66494,5,5,1, 66499
27,66492,4,8,1, 66500
29,66498,4,4,1, 66502
1,66506,1,1,0, 66507
24,66509,1,1,1, 66510
25,66515,2,2,1, 66517
8,66516,1,1,1, 66517
1,66526,1,1,1, 66527
24,66529,1,1,1, 66530
25,66535,2,2,1, 66537
8,66536,1,1,0, 66537
1,66546,1,1,1, 66547
24,66549,1,1,0, 66550
25,66555,2,2,1, 66557
8,66556,1,1,0, 66557
1,66566,1,1,1, 66567
24,66569,1,1,1, 66570
25,66575,2,2,1, 66577
8,66576,1,1,1, 66577
1,66586,1,1,0, 66587
24,66589,1,1,1, 66590
25,66595,2,2,0, 66597
8,66596,1,1,1, 66597
1,66606,1,1,1, 66607
24,66609,1,1,1, 66610
7,66612,1,1,0, 66613
25,66615,2,2,1, 66617
8,66616,1,1,1, 66617
1,66626,1,1,0, 66627
24,66629,1,1,1, 66630
7,66632,1,1,1, 66633
25,66635,2,2,1, 66637
8,66636,1,1,1, 66637
31,66636,2,2,1, 66638
28,66634,5,5,1, 66639
1,66646,1,1,0, 66647
24,66649,1,1,1, 66650
7,66652,1,1,1, 66653
25,66655,2,2,0, 66657
8,66656,1,1,0, 66657
31,66656,2,2,1, 66658
28,66654,5,5,1, 66659
13,66659,4,6,1, 66665
1,66666,1,1,1, 66667
17,66659,3,9,1, 66668
20,66663,6,6,1, 66669
24,66669,1,1,0, 66670
21,66667,5,5,1, 66672
19,66666,5,7,1, 66673
7,66672,1,1,1, 66673
25,66675,2,2,1, 66677
8,66676,1,1,0, 66677
31,66676,2,2,1, 66678
1,66686,1,1,1, 66687
24,66689,1,1,1, 66690
7,66692,1,1,0, 66693
25,66695,2,2,1, 66697
8,66696,1,1,0, 66697
31,66696,2,2,1, 66698
1,66706,1,1,1, 66707
24,66709,1,1,0, 66710
7,66712,1,1,0, 66713
25,66715,2,2,1, 66717
8,66716,1,1,0, 66717
1,66726,1,1,0, 66727
24,66729,1,1,1, 66730
7,66732,1,1,0, 66733
30,66733,3,3,1, 66736
25,66735,2,2,0, 66737
8,66736,1,1,1, 66737
31,66736,2,2,1, 66738
1,66746,1,1,0, 66747
24,66749,1,1,0, 66750
7,66752,1,1,1, 66753
25,66755,2,2,1, 66757
8,66756,1,1,1, 66757
31,66756,2,2,1, 66758
1,66766,1,1,0, 66767
24,66769,1,1,0, 66770
7,66772,1,1,0, 66773
30,66773,3,3,1, 66776
25,66775,2,2,0, 66777
8,66776,1,1,0, 66777
27,66772,4,8,1, 66780
29,66778,4,4,1, 66782
13,66779,4,6,1, 66785
1,66786,1,1,1, 66787
24,66789,1,1,0, 66790
7,66792,1,1,1, 66793
25,66795,2,2,0, 66797
8,66796,1,1,1, 66797
29,66798,4,4,1, 66802
1,66806,1,1,1, 66807
24,66809,1,1,1, 66810
7,66812,1,1,1, 66813
25,66815,2,2,0, 66817
8,66816,1,1,0, 66817
1,66826,1,1,0, 66827
24,66829,1,1,0, 66830
7,66832,1,1,1, 66833
25,66835,2,2,0, 66837
8,66836,1,1,1, 66837
31,66836,2,2,1, 66838
28,66834,5,5,1, 66839
29,66838,4,4,1, 66842
1,66846,1,1,0, 66847
24,66849,1,1,1, 66850
7,66852,1,1,1, 66853
30,66853,3,3,1, 66856
25,66855,2,2,1, 66857
8,66856,1,1,1, 66857
31,66856,2,2,1, 66858
29,66858,4,4,1, 66862
1,66866,1,1,1, 66867
24,66869,1,1,0, 66870
7,66872,1,1,1, 66873
25,66875,2,2,0, 66877
8,66876,1,1,0, 66877
28,66874,5,5,1, 66879
1,66886,1,1,1, 66887
24,66889,1,1,1, 66890
21,66887,5,5,1, 66892
7,66892,1,1,0, 66893
25,66895,2,2,0, 66897
8,66896,1,1,1, 66897
27,66892,4,8,1, 66900
29,66898,4,4,1, 66902
1,66906,1,1,1, 66907
24,66909,1,1,0, 66910
21,66907,5,5,1, 66912
7,66912,1,1,1, 66913
30,66913,3,3,1, 66916
25,66915,2,2,0, 66917
8,66916,1,1,1, 66917
29,66918,4,4,1, 66922
1,66926,1,1,0, 66927
17,66919,3,9,1, 66928
24,66929,1,1,0, 66930
18,66923,4,8,1, 66931
19,66926,5,7,1, 66933
7,66932,1,1,1, 66933
25,66935,2,2,1, 66937
8,66936,1,1,0, 66937
28,66934,5,5,1, 66939
27,66932,4,8,1, 66940
1,66946,1,1,0, 66947
20,66943,6,6,1, 66949
24,66949,1,1,0, 66950
19,66946,5,7,1, 66953
7,66952,1,1,0, 66953
25,66955,2,2,1, 66957
8,66956,1,1,1, 66957
31,66956,2,2,1, 66958
27,66952,4,8,1, 66960
1,66966,1,1,0, 66967
24,66969,1,1,0, 66970
25,66975,2,2,1, 66977
8,66976,1,1,1, 66977
1,66986,1,1,1, 66987
24,66989,1,1,1, 66990
25,66995,2,2,0, 66997
8,66996,1,1,1, 66997
1,67006,1,1,1, 67007
24,67009,1,1,0, 67010
25,67015,2,2,1, 67017
8,67016,1,1,1, 67017
1,67026,1,1,1, 67027
24,67029,1,1,1, 67030
25,67035,2,2,1, 67037
8,67036,1,1,0, 67037
1,67046,1,1,0, 67047
24,67049,1,1,0, 67050
25,67055,2,2,1, 67057
8,67056,1,1,1, 67057
1,67066,1,1,0, 67067
24,67069,1,1,1, 67070
7,67072,1,1,1, 67073
25,67075,2,2,1, 67077
8,67076,1,1,1, 67077
1,67086,1,1,1, 67087
24,67089,1,1,0, 67090
7,67092,1,1,0, 67093
25,67095,2,2,0, 67097
8,67096,1,1,0, 67097
1,67106,1,1,0, 67107
24,67109,1,1,1, 67110
7,67112,1,1,0, 67113
25,67115,2,2,1, 67117
8,67116,1,1,1, 67117
31,67116,2,2,1, 67118
1,67126,1,1,0, 67127
24,67129,1,1,1, 67130
7,67132,1,1,0, 67133
30,67133,3,3,1, 67136
25,67135,2,2,1, 67137
8,67136,1,1,0, 67137
1,67146,1,1,0, 67147
24,67149,1,1,1, 67150
7,67152,1,1,0, 67153
30,67153,3,3,1, 67156
25,67155,2,2,1, 67157
8,67156,1,1,0, 67157
29,67158,4,4,1, 67162
1,67166,1,1,1, 67167
24,67169,1,1,1, 67170
7,67172,1,1,1, 67173
25,67175,2,2,1, 67177
8,67176,1,1,1, 67177
28,67174,5,5,1, 67179
29,67178,4,4,1, 67182
1,67186,1,1,0, 67187
24,67189,1,1,1, 67190
19,67186,5,7,1, 67193
7,67192,1,1,0, 67193
30,67193,3,3,1, 67196
25,67195,2,2,0, 67197
8,67196,1,1,0, 67197
29,67198,4,4,1, 67202
1,67206,1,1,1, 67207
20,67203,6,6,1, 67209
24,67209,1,1,0, 67210
19,67206,5,7,1, 67213
7,67212,1,1,1, 67213
25,67215,2,2,1, 67217
8,67216,1,1,0, 67217
31,67216,2,2,1, 67218
28,67214,5,5,1, 67219
13,67219,4,6,1, 67225
1,67226,1,1,0, 67227
24,67229,1,1,1, 67230
18,67223,4,8,1, 67231
7,67232,1,1,0, 67233
30,67233,3,3,1, 67236
25,67235,2,2,0, 67237
8,67236,1,1,1, 67237
31,67236,2,2,1, 67238
1,67246,1,1,0, 67247
17,67239,3,9,1, 67248
24,67249,1,1,1, 67250
18,67243,4,8,1, 67251
7,67252,1,1,0, 67253
30,67253,3,3,1, 67256
25,67255,2,2,0, 67257
8,67256,1,1,0, 67257
27,67252,4,8,1, 67260
1,67266,1,1,0, 67267
20,67263,6,6,1, 67269
24,67269,1,1,0, 67270
19,67266,5,7,1, 67273
7,67272,1,1,1, 67273
30,67273,3,3,1, 67276
25,67275,2,2,0, 67277
8,67276,1,1,0, 67277
1,67286,1,1,0, 67287
17,67279,3,9,1, 67288
24,67289,1,1,0, 67290
18,67283,4,8,1, 67291
21,67287,5,5,1, 67292
19,67286,5,7,1, 67293
7,67292,1,1,0, 67293
30,67293,3,3,1, 67296
25,67295,2,2,1, 67297
8,67296,1,1,0, 67297
31,67296,2,2,1, 67298
27,67292,4,8,1, 67300
1,67306,1,1,0, 67307
24,67309,1,1,0, 67310
25,67315,2,2,0, 67317
8,67316,1,1,0, 67317
1,67326,1,1,1, 67327
24,67329,1,1,0, 67330
25,67335,2,2,1, 67337
8,67336,1,1,1, 67337
1,67346,1,1,0, 67347
24,67349,1,1,1, 67350
25,67355,2,2,1, 67357
8,67356,1,1,1, 67357
1,67366,1,1,1, 67367
24,67369,1,1,1, 67370
25,67375,2,2,0, 67377
8,67376,1,1,0, 67377
1,67386,1,1,0, 67387
24,67389,1,1,0, 67390
25,67395,2,2,1, 67397
8,67396,1,1,1, 67397
1,67406,1,1,0, 67407
24,67409,1,1,0, 67410
7,67412,1,1,0, 67413
25,67415,2,2,0, 67417
8,67416,1,1,1, 67417
1,67426,1,1,1, 67427
24,67429,1,1,1, 67430
7,67432,1,1,1, 67433
30,67433,3,3,1, 67436
25,67435,2,2,1, 67437
8,67436,1,1,1, 67437
1,67446,1,1,1, 67447
24,67449,1,1,1, 67450
7,67452,1,1,1, 67453
30,67453,3,3,1, 67456
25,67455,2,2,0, 67457
8,67456,1,1,1, 67457
31,67456,2,2,1, 67458
1,67466,1,1,1, 67467
24,67469,1,1,0, 67470
7,67472,1,1,1, 67473
30,67473,3,3,1, 67476
25,67475,2,2,0, 67477
8,67476,1,1,0, 67477
1,67486,1,1,1, 67487
24,67489,1,1,0, 67490
18,67483,4,8,1, 67491
21,67487,5,5,1, 67492
7,67492,1,1,1, 67493
25,67495,2,2,0, 67497
8,67496,1,1,1, 67497
31,67496,2,2,1, 67498
13,67499,4,6,1, 67505
1,67506,1,1,0, 67507
24,67509,1,1,0, 67510
18,67503,4,8,1, 67511
21,67507,5,5,1, 67512
19,67506,5,7,1, 67513
7,67512,1,1,0, 67513
25,67515,2,2,0, 67517
8,67516,1,1,0, 67517
31,67516,2,2,0, 67518
1,67526,1,1,0, 67527
20,67523,6,6,1, 67529
24,67529,1,1,1, 67530
25,67535,2,2,1, 67537
8,67536,1,1,0, 67537
31,67536,2,2,0, 67538
28,67534,5,5,1, 67539
29,67538,4,4,1, 67542
1,67546,1,1,1, 67547
17,67539,3,9,1, 67548
20,67543,6,6,1, 67549
24,67549,1,1,0, 67550
25,67555,2,2,1, 67557
8,67556,1,1,1, 67557
31,67556,2,2,0, 67558
27,67552,4,8,1, 67560
1,67566,1,1,0, 67567
17,67559,3,9,1, 67568
24,67569,1,1,0, 67570
18,67563,4,8,1, 67571
19,67566,5,7,1, 67573
30,67573,3,3,1, 67576
25,67575,2,2,0, 67577
8,67576,1,1,0, 67577
31,67576,2,2,1, 67578
28,67574,5,5,1, 67579
1,67586,1,1,1, 67587
17,67579,3,9,1, 67588
24,67589,1,1,1, 67590
18,67583,4,8,1, 67591
19,67586,5,7,1, 67593
30,67593,3,3,1, 67596
25,67595,2,2,1, 67597
8,67596,1,1,0, 67597
31,67596,2,2,0, 67598
28,67594,5,5,1, 67599
1,67606,1,1,1, 67607
24,67609,1,1,1, 67610
25,67615,2,2,0, 67617
8,67616,1,1,1, 67617
1,67626,1,1,1, 67627
24,67629,1,1,1, 67630
25,67635,2,2,1, 67637
8,67636,1,1,0, 67637
1,67646,1,1,1, 67647
24,67649,1,1,1, 67650
25,67655,2,2,1, 67657
8,67656,1,1,1, 67657
1,67666,1,1,0, 67667
24,67669,1,1,1, 67670
25,67675,2,2,0, 67677
8,67676,1,1,0, 67677
1,67686,1,1,0, 67687
24,67689,1,1,1, 67690
25,67695,2,2,0, 67697
8,67696,1,1,1, 67697
1,67706,1,1,1, 67707
24,67709,1,1,1, 67710
30,67713,3,3,1, 67716
25,67715,2,2,1, 67717
8,67716,1,1,1, 67717
31,67716,2,2,0, 67718
1,67726,1,1,0, 67727
20,67723,6,6,1, 67729
24,67729,1,1,0, 67730
18,67723,4,8,1, 67731
19,67726,5,7,1, 67733
25,67735,2,2,1, 67737
8,67736,1,1,0, 67737
31,67736,2,2,0, 67738
27,67732,4,8,1, 67740
1,67746,1,1,1, 67747
24,67749,1,1,1, 67750
21,67747,5,5,1, 67752
25,67755,2,2,0, 67757
8,67756,1,1,1, 67757
31,67756,2,2,1, 67758
28,67754,5,5,1, 67759
1,67766,1,1,1, 67767
24,67769,1,1,0, 67770
30,67773,3,3,1, 67776
25,67775,2,2,0, 67777
8,67776,1,1,0, 67777
31,67776,2,2,1, 67778
13,67779,4,6,1, 67785
1,67786,1,1,1, 67787
24,67789,1,1,0, 67790
21,67787,5,5,1, 67792
25,67795,2,2,0, 67797
8,67796,1,1,0, 67797
31,67796,2,2,0, 67798
28,67794,5,5,1, 67799
29,67798,4,4,1, 67802
1,67806,1,1,1, 67807
24,67809,1,1,1, 67810
21,67807,5,5,1, 67812
30,67813,3,3,1, 67816
25,67815,2,2,0, 67817
8,67816,1,1,0, 67817
31,67816,2,2,1, 67818
28,67814,5,5,1, 67819
29,67818,4,4,1, 67822
13,67819,4,6,1, 67825
1,67826,1,1,0, 67827
24,67829,1,1,1, 67830
21,67827,5,5,1, 67832
30,67833,3,3,1, 67836
25,67835,2,2,0, 67837
8,67836,1,1,1, 67837
31,67836,2,2,1, 67838
28,67834,5,5,1, 67839
1,67846,1,1,0, 67847
24,67849,1,1,1, 67850
25,67855,2,2,1, 67857
8,67856,1,1,0, 67857
31,67856,2,2,1, 67858
1,67866,1,1,1, 67867
24,67869,1,1,1, 67870
25,67875,2,2,0, 67877
8,67876,1,1,0, 67877
31,67876,2,2,0, 67878
1,67886,1,1,1, 67887
24,67889,1,1,1, 67890
25,67895,2,2,0, 67897
8,67896,1,1,1, 67897
31,67896,2,2,0, 67898
1,67906,1,1,1, 67907
24,67909,1,1,1, 67910
25,67915,2,2,0, 67917
8,67916,1,1,0, 67917
31,67916,2,2,0, 67918
1,67926,1,1,0, 67927
24,67929,1,1,1, 67930
25,67935,2,2,0, 67937
8,67936,1,1,1, 67937
31,67936,2,2,0, 67938
1,67946,1,1,1, 67947
24,67949,1,1,0, 67950
25,67955,2,2,1, 67957
8,67956,1,1,0, 67957
31,67956,2,2,0, 67958
1,67966,1,1,0, 67967
24,67969,1,1,1, 67970
30,67973,3,3,1, 67976
25,67975,2,2,0, 67977
8,67976,1,1,0, 67977
31,67976,2,2,1, 67978
1,67986,1,1,0, 67987
24,67989,1,1,1, 67990
30,67993,3,3,1, 67996
25,67995,2,2,1, 67997
8,67996,1,1,1, 67997
31,67996,2,2,1, 67998
1,68006,1,1,1, 68007
24,68009,1,1,1, 68010
30,68013,3,3,1, 68016
25,68015,2,2,1, 68017
8,68016,1,1,0, 68017
31,68016,2,2,0, 68018
27,68012,4,8,1, 68020
1,68026,1,1,0, 68027
17,68019,3,9,1, 68028
24,68029,1,1,1, 68030
18,68023,4,8,1, 68031
21,68027,5,5,1, 68032
19,68026,5,7,1, 68033
30,68033,3,3,1, 68036
25,68035,2,2,0, 68037
8,68036,1,1,0, 68037
31,68036,2,2,0, 68038
28,68034,5,5,1, 68039
27,68032,4,8,1, 68040
29,68038,4,4,1, 68042
1,68046,1,1,0, 68047
17,68039,3,9,1, 68048
20,68043,6,6,1, 68049
24,68049,1,1,1, 68050
21,68047,5,5,1, 68052
19,68046,5,7,1, 68053
8,68056,1,1,1, 68057
31,68056,2,2,1, 68058
28,68054,5,5,1, 68059
1,68066,1,1,1, 68067
24,68069,1,1,0, 68070
25,68075,2,2,1, 68077
8,68076,1,1,1, 68077
29,68078,4,4,1, 68082
1,68086,1,1,0, 68087
24,68089,1,1,1, 68090
21,68087,5,5,1, 68092
25,68095,2,2,1, 68097
8,68096,1,1,0, 68097
28,68094,5,5,1, 68099
29,68098,4,4,1, 68102
1,68106,1,1,0, 68107
24,68109,1,1,0, 68110
21,68107,5,5,1, 68112
8,68116,1,1,0, 68117
28,68114,5,5,1, 68119
1,68126,1,1,0, 68127
24,68129,1,1,1, 68130
8,68136,1,1,0, 68137
1,68146,1,1,0, 68147
24,68149,1,1,1, 68150
8,68156,1,1,0, 68157
1,68166,1,1,0, 68167
24,68169,1,1,0, 68170
25,68175,2,2,1, 68177
8,68176,1,1,0, 68177
1,68186,1,1,1, 68187
24,68189,1,1,0, 68190
8,68196,1,1,0, 68197
1,68206,1,1,1, 68207
24,68209,1,1,0, 68210
25,68215,2,2,1, 68217
8,68216,1,1,1, 68217
1,68226,1,1,0, 68227
24,68229,1,1,0, 68230
30,68233,3,3,1, 68236
25,68235,2,2,1, 68237
8,68236,1,1,1, 68237
1,68246,1,1,1, 68247
24,68249,1,1,1, 68250
30,68253,3,3,1, 68256
25,68255,2,2,1, 68257
8,68256,1,1,1, 68257
1,68266,1,1,1, 68267
24,68269,1,1,1, 68270
30,68273,3,3,1, 68276
25,68275,2,2,1, 68277
8,68276,1,1,1, 68277
31,68276,2,2,1, 68278
29,68278,4,4,1, 68282
13,68279,4,6,1, 68285
1,68286,1,1,1, 68287
17,68279,3,9,1, 68288
20,68283,6,6,1, 68289
24,68289,1,1,0, 68290
18,68283,4,8,1, 68291
30,68293,3,3,1, 68296
8,68296,1,1,0, 68297
28,68294,5,5,1, 68299
27,68292,4,8,1, 68300
1,68306,1,1,0, 68307
17,68299,3,9,1, 68308
24,68309,1,1,0, 68310
18,68303,4,8,1, 68311
21,68307,5,5,1, 68312
19,68306,5,7,1, 68313
8,68316,1,1,0, 68317
31,68316,2,2,1, 68318
1,68326,1,1,1, 68327
24,68329,1,1,0, 68330
8,68336,1,1,1, 68337
31,68336,2,2,1, 68338
1,68346,1,1,0, 68347
24,68349,1,1,1, 68350
8,68356,1,1,0, 68357
31,68356,2,2,1, 68358
1,68366,1,1,0, 68367
24,68369,1,1,1, 68370
25,68375,2,2,1, 68377
8,68376,1,1,1, 68377
31,68376,2,2,1, 68378
1,68386,1,1,0, 68387
24,68389,1,1,0, 68390
25,68395,2,2,1, 68397
8,68396,1,1,0, 68397
31,68396,2,2,1, 68398
1,68406,1,1,1, 68407
24,68409,1,1,0, 68410
30,68413,3,3,1, 68416
8,68416,1,1,1, 68417
1,68426,1,1,1, 68427
24,68429,1,1,1, 68430
25,68435,2,2,1, 68437
8,68436,1,1,0, 68437
1,68446,1,1,0, 68447
24,68449,1,1,0, 68450
25,68455,2,2,1, 68457
8,68456,1,1,1, 68457
31,68456,2,2,1, 68458
29,68458,4,4,1, 68462
13,68459,4,6,1, 68465
1,68466,1,1,1, 68467
24,68469,1,1,1, 68470
21,68467,5,5,1, 68472
8,68476,1,1,1, 68477
28,68474,5,5,1, 68479
13,68479,4,6,1, 68485
1,68486,1,1,1, 68487
24,68489,1,1,0, 68490
21,68487,5,5,1, 68492
30,68493,3,3,1, 68496
8,68496,1,1,0, 68497
31,68496,2,2,1, 68498
28,68494,5,5,1, 68499
29,68498,4,4,1, 68502
1,68506,1,1,0, 68507
24,68509,1,1,0, 68510
30,68513,3,3,1, 68516
8,68516,1,1,1, 68517
31,68516,2,2,1, 68518
29,68518,4,4,1, 68522
1,68526,1,1,1, 68527
20,68523,6,6,1, 68529
24,68529,1,1,0, 68530
19,68526,5,7,1, 68533
30,68533,3,3,1, 68536
25,68535,2,2,1, 68537
8,68536,1,1,0, 68537
29,68538,4,4,1, 68542
1,68546,1,1,1, 68547
8,68556,1,1,0, 68557
1,68566,1,1,1, 68567
8,68576,1,1,0, 68577
1,68586,1,1,1, 68587
8,68596,1,1,1, 68597
1,68606,1,1,1, 68607
8,68616,1,1,1, 68617
1,68626,1,1,1, 68627
8,68636,1,1,1, 68637
1,68646,1,1,1, 68647
24,68649,1,1,1, 68650
25,68655,2,2,1, 68657
8,68656,1,1,0, 68657
1,68666,1,1,0, 68667
24,68669,1,1,0, 68670
25,68675,2,2,1, 68677
8,68676,1,1,0, 68677
1,68686,1,1,1, 68687
24,68689,1,1,0, 68690
8,68696,1,1,0, 68697
1,68706,1,1,1, 68707
24,68709,1,1,1, 68710
25,68715,2,2,1, 68717
8,68716,1,1,0, 68717
1,68726,1,1,0, 68727
24,68729,1,1,0, 68730
25,68735,2,2,1, 68737
8,68736,1,1,1, 68737
1,68746,1,1,0, 68747
24,68749,1,1,1, 68750
30,68753,3,3,1, 68756
8,68756,1,1,0, 68757
13,68759,4,6,1, 68765
1,68766,1,1,1, 68767
24,68769,1,1,0, 68770
30,68773,3,3,1, 68776
25,68775,2,2,1, 68777
8,68776,1,1,0, 68777
31,68776,2,2,1, 68778
28,68774,5,5,1, 68779
13,68779,4,6,1, 68785
1,68786,1,1,0, 68787
20,68783,6,6,1, 68789
24,68789,1,1,0, 68790
21,68787,5,5,1, 68792
30,68793,3,3,1, 68796
8,68796,1,1,0, 68797
31,68796,2,2,1, 68798
1,68806,1,1,1, 68807
20,68803,6,6,1, 68809
24,68809,1,1,0, 68810
21,68807,5,5,1, 68812
30,68813,3,3,1, 68816
25,68815,2,2,1, 68817
8,68816,1,1,1, 68817
31,68816,2,2,1, 68818
28,68814,5,5,1, 68819
1,68826,1,1,0, 68827
24,68829,1,1,0, 68830
25,68835,2,2,1, 68837
8,68836,1,1,1, 68837
1,68846,1,1,1, 68847
24,68849,1,1,1, 68850
25,68855,2,2,1, 68857
8,68856,1,1,1, 68857
1,68866,1,1,1, 68867
24,68869,1,1,0, 68870
30,68873,3,3,1, 68876
25,68875,2,2,1, 68877
8,68876,1,1,1, 68877
1,68886,1,1,0, 68887
24,68889,1,1,0, 68890
8,68896,1,1,0, 68897
1,68906,1,1,0, 68907
24,68909,1,1,0, 68910
30,68913,3,3,1, 68916
8,68916,1,1,1, 68917
1,68926,1,1,0, 68927
24,68929,1,1,0, 68930
25,68935,2,2,1, 68937
8,68936,1,1,0, 68937
31,68936,2,2,1, 68938
29,68938,4,4,1, 68942
1,68946,1,1,1, 68947
24,68949,1,1,0, 68950
21,68947,5,5,1, 68952
30,68953,3,3,1, 68956
8,68956,1,1,0, 68957
31,68956,2,2,1, 68958
29,68958,4,4,1, 68962
13,68959,4,6,1, 68965
1,68966,1,1,1, 68967
24,68969,1,1,1, 68970
8,68976,1,1,0, 68977
31,68976,2,2,1, 68978
13,68979,4,6,1, 68985
1,68986,1,1,1, 68987
20,68983,6,6,1, 68989
24,68989,1,1,1, 68990
21,68987,5,5,1, 68992
30,68993,3,3,1, 68996
25,68995,2,2,1, 68997
8,68996,1,1,1, 68997
29,68998,4,4,1, 69002
1,69006,1,1,1, 69007
8,69016,1,1,1, 69017
1,69026,1,1,0, 69027
8,69036,1,1,0, 69037
1,69046,1,1,1, 69047
8,69056,1,1,0, 69057
1,69066,1,1,1, 69067
8,69076,1,1,1, 69077
1,69086,1,1,1, 69087
8,69096,1,1,1, 69097
1,69106,1,1,0, 69107
20,69103,6,6,1, 69109
24,69109,1,1,1, 69110
30,69113,3,3,1, 69116
8,69116,1,1,0, 69117
31,69116,2,2,1, 69118
29,69118,4,4,1, 69122
1,69126,1,1,1, 69127
24,69129,1,1,1, 69130
25,69135,2,2,1, 69137
8,69136,1,1,1, 69137
13,69139,4,6,1, 69145
1,69146,1,1,1, 69147
24,69149,1,1,0, 69150
21,69147,5,5,1, 69152
30,69153,3,3,1, 69156
25,69155,2,2,1, 69157
8,69156,1,1,0, 69157
31,69156,2,2,1, 69158
29,69158,4,4,1, 69162
13,69159,4,6,1, 69165
1,69166,1,1,0, 69167
24,69169,1,1,1, 69170
30,69173,3,3,1, 69176
25,69175,2,2,1, 69177
8,69176,1,1,0, 69177
31,69176,2,2,1, 69178
1,69186,1,1,1, 69187
20,69183,6,6,1, 69189
24,69189,1,1,0, 69190
21,69187,5,5,1, 69192
30,69193,3,3,1, 69196
8,69196,1,1,0, 69197
31,69196,2,2,1, 69198
28,69194,5,5,1, 69199
1,69206,1,1,1, 69207
8,69216,1,1,0, 69217
1,69226,1,1,0, 69227
8,69236,1,1,1, 69237
1,69246,1,1,0, 69247
8,69256,1,1,1, 69257
1,69266,1,1,1, 69267
8,69276,1,1,1, 69277
1,69286,1,1,0, 69287
8,69296,1,1,1, 69297
1,69306,1,1,1, 69307
24,69309,1,1,1, 69310
8,69316,1,1,1, 69317
1,69326,1,1,1, 69327
24,69329,1,1,0, 69330
25,69335,2,2,1, 69337
8,69336,1,1,0, 69337
1,69346,1,1,1, 69347
24,69349,1,1,0, 69350
25,69355,2,2,1, 69357
8,69356,1,1,0, 69357
1,69366,1,1,0, 69367
24,69369,1,1,0, 69370
25,69375,2,2,1, 69377
8,69376,1,1,0, 69377
1,69386,1,1,1, 69387
24,69389,1,1,1, 69390
25,69395,2,2,1, 69397
8,69396,1,1,1, 69397
31,69396,2,2,1, 69398
1,69406,1,1,1, 69407
24,69409,1,1,1, 69410
25,69415,2,2,1, 69417
8,69416,1,1,1, 69417
31,69416,2,2,1, 69418
29,69418,4,4,1, 69422
1,69426,1,1,1, 69427
20,69423,6,6,1, 69429
24,69429,1,1,0, 69430
25,69435,2,2,1, 69437
8,69436,1,1,1, 69437
28,69434,5,5,1, 69439
1,69446,1,1,1, 69447
24,69449,1,1,0, 69450
25,69455,2,2,1, 69457
8,69456,1,1,1, 69457
31,69456,2,2,1, 69458
28,69454,5,5,1, 69459
29,69458,4,4,1, 69462
1,69466,1,1,0, 69467
20,69463,6,6,1, 69469
24,69469,1,1,1, 69470
25,69475,2,2,1, 69477
8,69476,1,1,0, 69477
28,69474,5,5,1, 69479
1,69486,1,1,0, 69487
20,69483,6,6,1, 69489
24,69489,1,1,0, 69490
30,69493,3,3,1, 69496
25,69495,2,2,1, 69497
8,69496,1,1,0, 69497
1,69506,1,1,1, 69507
24,69509,1,1,0, 69510
8,69516,1,1,1, 69517
31,69516,2,2,1, 69518
28,69514,5,5,1, 69519
1,69526,1,1,1, 69527
20,69523,6,6,1, 69529
24,69529,1,1,0, 69530
8,69536,1,1,1, 69537
29,69538,4,4,1, 69542
1,69546,1,1,0, 69547
24,69549,1,1,0, 69550
30,69553,3,3,1, 69556
8,69556,1,1,0, 69557
1,69566,1,1,0, 69567
24,69569,1,1,0, 69570
30,69573,3,3,1, 69576
25,69575,2,2,1, 69577
8,69576,1,1,1, 69577
31,69576,2,2,1, 69578
1,69586,1,1,0, 69587
24,69589,1,1,0, 69590
8,69596,1,1,1, 69597
31,69596,2,2,1, 69598
1,69606,1,1,1, 69607
24,69609,1,1,0, 69610
8,69616,1,1,1, 69617
31,69616,2,2,1, 69618
1,69626,1,1,0, 69627
24,69629,1,1,1, 69630
30,69633,3,3,1, 69636
25,69635,2,2,1, 69637
8,69636,1,1,0, 69637
1,69646,1,1,1, 69647
24,69649,1,1,1, 69650
25,69655,2,2,1, 69657
8,69656,1,1,0, 69657
