Time,  Packets Generated,  Packets Reached,High Priority Packets Generated, High Priority Packets reached, Packet Dropped, Packet Dropped due to Faulty Node, High Prio Packet Dropped due to Faulty Node, Low Prio Packet Dropped due to Faulty Node 
5,1,1,1,1,0,0,0,0
10,7,4,6,3,3,3,3,0
15,15,7,9,3,7,7,6,1
20,31,14,16,8,15,15,8,7
25,50,23,26,12,25,25,13,12
30,74,35,36,18,37,37,17,20
35,102,47,46,22,52,52,24,28
40,133,60,64,27,70,70,35,35
45,164,73,81,32,88,88,46,42
50,195,86,96,42,106,106,54,52
55,226,99,110,49,124,124,61,63
60,257,112,125,53,142,142,70,72
65,288,121,140,60,163,157,79,78
70,319,131,157,68,183,172,86,86
75,350,142,173,76,203,187,94,93
80,381,149,188,83,229,203,102,101
85,412,153,202,87,257,227,115,112
90,443,156,213,90,286,247,121,126
95,474,158,226,92,314,269,130,139
100,505,160,237,93,345,292,142,150
105,536,163,250,96,371,310,149,161
110,567,165,259,98,400,330,156,174
115,598,170,278,102,427,350,172,178
120,629,174,292,105,453,371,182,189
125,660,175,310,106,485,381,187,194
130,691,175,329,106,516,389,193,196
135,722,175,347,106,547,397,198,199
140,753,175,363,106,578,405,203,202
145,784,175,377,106,609,412,208,204
150,815,175,385,106,640,419,209,210
155,846,175,398,106,671,426,211,215
160,877,175,412,106,702,433,217,216
165,908,175,427,106,733,439,218,221
170,939,175,442,106,764,445,222,223
175,970,175,460,106,795,451,225,226
180,1001,175,473,106,826,456,228,228
185,1032,175,488,106,857,459,229,230
190,1063,177,505,107,884,462,229,233
195,1094,181,518,111,912,464,229,235
200,1125,183,536,113,940,466,231,235
205,1156,187,552,117,967,468,232,236
210,1187,191,569,121,996,470,234,236
215,1218,192,583,122,1025,472,235,237
220,1249,194,596,123,1053,474,235,239
225,1280,197,612,126,1081,476,237,239
230,1311,199,624,128,1112,478,238,240
235,1342,199,635,128,1143,480,240,240
240,1373,199,653,128,1174,482,240,242
245,1404,199,668,128,1205,486,241,245
250,1435,199,684,128,1236,489,244,245
255,1466,199,699,128,1267,491,245,246
260,1497,199,713,128,1298,493,246,247
265,1528,199,730,128,1329,495,247,248
270,1559,199,744,128,1360,497,248,249
275,1590,199,756,128,1391,498,249,249
280,1621,199,772,128,1422,499,249,250
285,1652,199,786,128,1453,501,251,250
290,1683,201,806,130,1482,504,253,251
295,1714,203,819,131,1511,507,254,253
300,1745,204,833,132,1541,510,257,253
305,1776,206,845,133,1569,513,258,255
310,1807,208,859,134,1598,516,259,257
315,1838,210,875,135,1628,519,261,258
320,1869,211,891,135,1658,522,262,260
325,1900,212,905,136,1688,525,262,263
330,1931,214,927,138,1717,528,265,263
335,1962,215,942,139,1747,531,268,263
340,1993,215,954,139,1778,533,268,265
345,2024,215,967,139,1809,535,268,267
350,2055,217,986,141,1838,538,269,269
355,2086,219,1001,142,1866,542,271,271
360,2117,222,1017,145,1894,547,275,272
365,2148,222,1033,145,1926,550,276,274
370,2179,222,1049,145,1957,553,278,275
375,2210,222,1065,145,1988,556,280,276
380,2241,222,1080,145,2019,559,280,279
385,2272,222,1097,145,2050,562,281,281
390,2303,222,1111,145,2081,565,282,283
395,2334,222,1123,145,2112,568,283,285
400,2365,222,1139,145,2143,571,285,286
405,2396,222,1157,145,2174,574,287,287
410,2427,222,1175,145,2205,577,289,288
415,2458,222,1186,145,2236,580,289,291
420,2489,222,1197,145,2267,583,291,292
425,2520,226,1215,148,2293,587,294,293
430,2551,229,1226,149,2322,589,295,294
435,2582,234,1245,152,2348,590,296,294
440,2613,238,1258,155,2375,591,296,295
445,2644,241,1276,158,2403,592,296,296
450,2675,245,1289,161,2430,593,297,296
455,2706,248,1302,163,2458,594,298,296
460,2737,250,1316,163,2487,595,298,297
465,2768,251,1329,163,2517,596,299,297
470,2799,252,1350,164,2547,598,301,297
475,2830,252,1363,164,2578,599,302,297
480,2861,252,1380,164,2609,600,302,298
485,2892,252,1395,164,2640,605,303,302
490,2923,252,1409,164,2671,608,304,304
495,2954,252,1421,164,2702,610,305,305
500,2985,252,1438,164,2733,612,306,306
505,3016,252,1454,164,2764,614,306,308
510,3047,252,1464,164,2795,616,307,309
515,3078,252,1477,164,2826,618,308,310
520,3109,252,1491,164,2857,620,308,312
525,3140,252,1507,164,2888,622,308,314
530,3171,252,1517,164,2919,624,309,315
535,3202,252,1530,164,2950,626,310,316
540,3233,252,1547,164,2981,628,312,316
545,3264,252,1565,164,3012,633,316,317
550,3295,252,1581,164,3043,636,317,319
555,3326,252,1602,164,3074,638,319,319
560,3357,252,1618,164,3105,640,320,320
565,3388,254,1642,165,3134,642,321,321
570,3419,256,1660,166,3163,644,323,321
575,3450,258,1673,168,3192,646,323,323
580,3481,261,1686,171,3220,648,323,325
585,3512,262,1696,171,3250,650,323,327
590,3543,265,1711,174,3277,652,324,328
595,3574,268,1720,175,3306,654,324,330
600,3605,272,1733,178,3332,657,326,331
605,3636,274,1748,180,3362,658,327,331
610,3667,275,1763,181,3392,659,328,331
615,3698,276,1779,182,3422,660,329,331
620,3729,277,1794,182,3452,661,329,332
625,3760,278,1806,183,3482,662,330,332
630,3791,279,1820,183,3512,663,331,332
635,3822,280,1836,183,3542,664,331,333
640,3853,281,1856,183,3572,665,332,333
645,3884,282,1878,184,3602,666,333,333
650,3915,283,1890,184,3632,668,334,334
655,3946,284,1901,185,3662,670,334,336
660,3977,285,1919,186,3692,672,334,338
665,4008,287,1936,186,3721,674,336,338
670,4039,289,1954,187,3750,676,337,339
675,4070,291,1967,188,3779,678,338,340
680,4101,293,1980,190,3808,680,339,341
685,4132,295,1997,190,3837,682,340,342
690,4163,297,2009,190,3866,684,342,342
695,4194,299,2026,191,3895,686,344,342
700,4225,301,2040,193,3924,688,344,344
705,4256,304,2057,195,3952,690,344,346
710,4287,307,2071,197,3980,694,346,348
715,4318,312,2087,201,4006,699,348,351
720,4349,315,2105,204,4034,704,351,353
725,4380,315,2123,204,4065,707,351,356
730,4411,315,2138,204,4096,708,351,357
735,4442,315,2150,204,4127,709,351,358
740,4473,315,2167,204,4158,710,352,358
745,4504,315,2182,204,4189,711,352,359
750,4535,315,2200,204,4220,712,352,360
755,4566,315,2217,204,4251,713,352,361
760,4597,315,2232,204,4282,714,352,362
765,4628,315,2244,204,4313,715,352,363
770,4659,315,2262,204,4343,716,352,364
775,4690,315,2274,204,4373,717,353,364
780,4721,315,2290,204,4405,718,354,364
785,4752,315,2307,204,4437,719,354,365
790,4783,315,2321,204,4468,720,355,365
795,4814,315,2337,204,4499,721,355,366
800,4845,315,2350,204,4530,722,355,367
805,4876,315,2362,204,4561,723,355,368
810,4907,315,2378,204,4592,724,356,368
815,4938,315,2398,204,4623,725,357,368
820,4969,316,2409,205,4653,726,357,369
825,5000,318,2426,207,4679,730,358,372
830,5031,327,2443,215,4703,740,366,374
835,5062,332,2460,219,4729,749,370,379
840,5093,340,2473,225,4753,758,375,383
845,5124,341,2489,225,4783,760,376,384
850,5155,342,2506,226,4813,762,378,384
855,5186,343,2525,226,4843,763,379,384
860,5217,344,2540,226,4873,764,379,385
865,5248,345,2553,227,4903,765,379,386
870,5279,346,2572,227,4933,766,379,387
875,5310,347,2586,227,4963,767,380,387
880,5341,348,2604,228,4993,768,381,387
885,5372,349,2615,228,5023,769,381,388
890,5403,350,2627,229,5053,770,381,389
895,5434,351,2640,229,5083,771,381,390
900,5465,352,2655,229,5113,772,381,391
905,5496,353,2668,230,5143,774,383,391
910,5527,354,2681,230,5173,776,384,392
915,5558,355,2696,230,5203,777,384,393
920,5589,356,2710,230,5233,778,384,394
925,5620,357,2723,230,5263,779,385,394
930,5651,358,2737,231,5293,780,385,395
935,5682,359,2751,231,5323,781,386,395
940,5713,360,2764,232,5353,782,387,395
945,5744,361,2778,233,5383,784,388,396
950,5775,362,2792,233,5413,787,390,397
955,5806,363,2809,233,5442,791,394,397
960,5837,367,2825,236,5468,795,397,398
965,5868,370,2843,238,5498,801,401,400
970,5899,370,2861,238,5529,805,404,401
975,5930,370,2875,238,5560,807,405,402
980,5961,370,2890,238,5591,809,405,404
985,5992,370,2911,238,5622,811,406,405
990,6023,370,2926,238,5653,813,408,405
995,6054,370,2939,238,5684,815,409,406
1000,6085,370,2953,238,5715,817,410,407
1005,6116,370,2965,238,5746,819,412,407
1010,6147,370,2986,238,5777,821,414,407
1015,6178,370,3002,238,5808,823,416,407
1020,6209,370,3017,238,5838,825,416,409
1025,6240,370,3032,238,5870,827,417,410
1030,6271,370,3047,238,5901,829,419,410
1035,6302,370,3060,238,5932,831,419,412
1040,6333,370,3081,238,5963,833,420,413
1045,6364,370,3100,238,5994,835,421,414
1050,6395,370,3114,238,6025,837,422,415
1055,6426,370,3128,238,6056,839,424,415
1060,6457,370,3139,238,6087,841,424,417
1065,6488,370,3152,238,6118,844,424,420
1070,6519,373,3171,240,6145,849,428,421
1075,6550,377,3182,243,6173,856,430,426
1080,6581,380,3199,246,6200,863,434,429
1085,6612,382,3211,247,6230,867,437,430
1090,6643,383,3226,247,6260,867,437,430
1095,6674,383,3237,247,6291,867,437,430
1100,6705,383,3254,247,6322,867,437,430
1105,6736,383,3265,247,6353,867,437,430
1110,6767,383,3282,247,6384,867,437,430
1115,6798,383,3301,247,6415,867,437,430
1120,6829,383,3318,247,6446,867,437,430
1125,6860,383,3333,247,6477,867,437,430
1130,6891,383,3347,247,6508,867,437,430
1135,6922,383,3359,247,6539,867,437,430
1140,6953,383,3375,247,6570,867,437,430
1145,6984,383,3390,247,6601,868,438,430
1150,7015,383,3403,247,6632,868,438,430
1155,7046,383,3419,247,6663,868,438,430
1160,7077,383,3431,247,6694,868,438,430
1165,7108,383,3444,247,6725,868,438,430
1170,7139,383,3462,247,6756,868,438,430
1175,7170,383,3477,247,6787,868,438,430
1180,7201,383,3497,247,6818,868,438,430
1185,7232,383,3508,247,6849,870,440,430
1190,7263,385,3523,249,6878,876,443,433
1195,7294,386,3543,250,6907,882,448,434
1200,7325,391,3558,254,6932,892,455,437
1205,7356,395,3578,257,6961,895,458,437
1210,7387,396,3602,257,6991,897,459,438
1215,7418,397,3616,258,7021,899,460,439
1220,7449,398,3636,259,7051,901,461,440
1225,7480,399,3656,259,7081,903,463,440
1230,7511,400,3668,260,7111,905,463,442
1235,7542,401,3679,260,7141,907,465,442
1240,7573,402,3690,260,7171,909,465,444
1245,7604,403,3705,260,7201,911,467,444
1250,7635,404,3719,261,7231,914,469,445
1255,7666,405,3732,262,7261,917,470,447
1260,7697,406,3754,263,7291,920,471,449
1265,7728,407,3775,264,7320,922,473,449
1270,7759,408,3789,265,7350,924,473,451
1275,7790,409,3800,266,7380,926,473,453
1280,7821,410,3813,267,7411,928,473,455
1285,7852,411,3833,268,7441,930,474,456
1290,7883,412,3845,268,7471,932,475,457
1295,7914,413,3864,269,7501,934,477,457
1300,7945,414,3879,270,7531,936,479,457
1305,7976,415,3891,270,7560,939,481,458
1310,8007,416,3902,270,7590,947,484,463
1315,8038,418,3914,271,7618,955,487,468
1320,8069,422,3926,274,7646,967,493,474
1325,8100,424,3939,276,7676,972,494,478
1330,8131,427,3958,279,7704,976,496,480
1335,8162,429,3976,281,7733,980,498,482
1340,8193,432,3991,283,7761,984,498,486
1345,8224,432,4007,283,7792,987,500,487
1350,8255,432,4018,283,7823,989,500,489
1355,8286,432,4033,283,7854,991,501,490
1360,8317,432,4051,283,7885,993,502,491
1365,8348,432,4062,283,7916,995,502,493
1370,8379,432,4076,283,7947,997,503,494
1375,8410,432,4091,283,7978,999,505,494
1380,8441,432,4108,283,8009,1001,506,495
1385,8472,432,4121,283,8040,1004,507,497
1390,8503,432,4140,283,8071,1007,509,498
1395,8534,432,4155,283,8102,1010,510,500
1400,8565,432,4172,283,8133,1013,512,501
1405,8596,432,4189,283,8164,1016,514,502
1410,8627,432,4206,283,8195,1019,516,503
1415,8658,432,4223,283,8226,1021,517,504
1420,8689,432,4239,283,8257,1023,517,506
1425,8720,433,4251,284,8287,1026,518,508
1430,8751,434,4261,284,8316,1031,521,510
1435,8782,435,4280,285,8344,1036,526,510
1440,8813,436,4294,285,8375,1041,526,515
1445,8844,441,4307,289,8402,1046,528,518
1450,8875,445,4318,291,8429,1049,528,521
1455,8906,449,4332,293,8456,1051,528,523
1460,8937,453,4351,297,8484,1053,530,523
1465,8968,453,4362,297,8515,1053,530,523
1470,8999,453,4373,297,8546,1053,530,523
1475,9030,453,4389,297,8577,1053,530,523
1480,9061,453,4407,297,8608,1053,530,523
1485,9092,453,4427,297,8639,1053,530,523
1490,9123,453,4446,297,8670,1053,530,523
1495,9154,453,4459,297,8701,1053,530,523
1500,9185,453,4474,297,8732,1053,530,523
1505,9216,453,4489,297,8763,1053,530,523
1510,9247,453,4506,297,8794,1053,530,523
1515,9278,453,4523,297,8825,1053,530,523
1520,9309,453,4533,297,8856,1053,530,523
1525,9340,453,4546,297,8887,1053,530,523
1530,9371,453,4560,297,8918,1053,530,523
1535,9402,453,4574,297,8949,1053,530,523
1540,9433,453,4589,297,8980,1053,530,523
1545,9464,453,4612,297,9010,1056,532,524
1550,9495,453,4630,297,9041,1062,536,526
1555,9526,453,4648,297,9073,1070,542,528
1560,9557,453,4662,297,9103,1076,543,533
1565,9588,456,4679,299,9132,1079,544,535
1570,9619,459,4699,301,9159,1082,546,536
1575,9650,463,4715,303,9186,1085,548,537
1580,9681,466,4733,306,9215,1088,549,539
1585,9712,468,4747,306,9243,1091,549,542
1590,9743,471,4763,308,9271,1094,550,544
1595,9774,474,4780,311,9300,1097,553,544
1600,9805,476,4794,312,9328,1100,556,544
1605,9836,479,4805,313,9357,1103,557,546
1610,9867,481,4821,313,9386,1106,559,547
1615,9898,483,4839,314,9414,1109,561,548
1620,9929,486,4856,317,9442,1112,563,549
1625,9960,488,4868,318,9472,1114,564,550
1630,9991,489,4878,319,9502,1116,564,552
1635,10022,490,4892,319,9532,1118,565,553
1640,10053,491,4906,319,9562,1120,566,554
1645,10084,492,4922,320,9592,1122,568,554
1650,10115,493,4934,321,9622,1124,568,556
1655,10146,494,4954,322,9652,1126,569,557
1660,10177,495,4970,323,9681,1128,570,558
1665,10208,496,4981,323,9712,1133,573,560
1670,10239,498,4996,325,9740,1138,573,565
1675,10270,498,5010,325,9772,1144,574,570
1680,10301,498,5023,325,9803,1150,575,575
1685,10332,500,5043,326,9832,1154,578,576
1690,10363,502,5058,327,9861,1157,579,578
1695,10394,504,5080,328,9890,1160,582,578
1700,10425,505,5099,329,9920,1163,582,581
1705,10456,505,5109,329,9951,1166,582,584
1710,10487,505,5123,329,9982,1169,583,586
1715,10518,505,5137,329,10013,1172,584,588
1720,10549,505,5157,329,10044,1174,586,588
1725,10580,505,5173,329,10075,1176,588,588
1730,10611,505,5185,329,10106,1178,588,590
1735,10642,505,5203,329,10137,1180,590,590
1740,10673,505,5215,329,10168,1182,592,590
1745,10704,507,5231,331,10195,1185,593,592
1750,10735,512,5247,335,10221,1188,594,594
1755,10766,517,5261,338,10247,1191,595,596
1760,10797,521,5278,340,10275,1194,596,598
1765,10828,524,5295,342,10304,1197,599,598
1770,10859,526,5305,343,10333,1200,599,601
1775,10890,528,5323,345,10362,1203,601,602
1780,10921,531,5342,347,10388,1206,602,604
1785,10952,536,5361,351,10414,1212,605,607
1790,10983,539,5378,354,10443,1218,607,611
1795,11014,540,5398,355,10474,1223,610,613
1800,11045,541,5412,355,10504,1228,611,617
1805,11076,541,5426,355,10535,1230,612,618
1810,11107,541,5440,355,10566,1232,612,620
1815,11138,541,5456,355,10597,1234,613,621
1820,11169,541,5473,355,10628,1236,613,623
1825,11200,541,5486,355,10659,1238,614,624
1830,11231,541,5503,355,10690,1240,615,625
1835,11262,541,5524,355,10721,1242,617,625
1840,11293,541,5540,355,10752,1244,618,626
1845,11324,541,5554,355,10783,1246,619,627
1850,11355,541,5566,355,10814,1248,621,627
1855,11386,541,5577,355,10845,1250,622,628
1860,11417,541,5592,355,10876,1252,623,629
1865,11448,541,5606,355,10907,1254,625,629
1870,11479,541,5621,355,10938,1256,626,630
1875,11510,541,5635,355,10969,1258,627,631
1880,11541,541,5644,355,11000,1260,628,632
1885,11572,541,5653,355,11031,1262,628,634
1890,11603,541,5666,355,11062,1265,629,636
1895,11634,541,5680,355,11093,1269,630,639
1900,11665,541,5693,355,11124,1274,633,641
1905,11696,541,5705,355,11155,1280,635,645
1910,11727,542,5721,356,11185,1291,644,647
1915,11758,544,5741,357,11214,1304,655,649
1920,11789,547,5754,359,11242,1312,659,653
1925,11820,549,5765,359,11271,1314,659,655
1930,11851,554,5780,363,11297,1316,660,656
1935,11882,559,5799,367,11323,1318,662,656
1940,11913,563,5817,370,11350,1320,663,657
1945,11944,566,5833,373,11378,1322,665,657
1950,11975,569,5847,375,11406,1324,665,659
1955,12006,569,5862,375,11437,1326,667,659
1960,12037,569,5880,375,11468,1328,668,660
1965,12068,569,5895,375,11499,1329,669,660
1970,12099,569,5914,375,11530,1330,670,660
1975,12130,569,5930,375,11561,1331,670,661
1980,12161,569,5944,375,11592,1332,670,662
1985,12192,569,5959,375,11623,1333,671,662
1990,12223,569,5974,375,11654,1334,671,663
1995,12254,569,5989,375,11685,1335,671,664
2000,12285,569,5997,375,11716,1336,671,665
2005,12316,569,6007,375,11747,1337,671,666
2010,12347,569,6022,375,11778,1338,671,667
2015,12378,569,6031,375,11809,1339,671,668
2020,12409,569,6040,375,11840,1342,672,670
2025,12440,569,6051,375,11870,1347,673,674
2030,12471,569,6065,375,11902,1353,675,678
2035,12502,569,6080,375,11932,1359,676,683
2040,12533,569,6092,375,11963,1365,677,688
2045,12564,572,6106,376,11992,1368,677,691
2050,12595,575,6121,377,12020,1370,677,693
2055,12626,578,6138,379,12048,1371,677,694
2060,12657,581,6153,381,12076,1373,677,696
2065,12688,584,6168,382,12104,1375,677,698
2070,12719,588,6179,384,12131,1378,677,701
2075,12750,592,6189,386,12158,1380,677,703
2080,12781,596,6202,388,12185,1382,677,705
2085,12812,599,6218,391,12213,1384,677,707
2090,12843,602,6234,393,12241,1386,678,708
2095,12874,604,6253,395,12270,1388,679,709
2100,12905,606,6267,397,12299,1390,679,711
2105,12936,606,6280,397,12330,1391,680,711
2110,12967,606,6296,397,12361,1392,681,711
2115,12998,606,6317,397,12392,1393,681,712
2120,13029,606,6334,397,12423,1394,682,712
2125,13060,606,6354,397,12454,1395,683,712
2130,13091,606,6367,397,12485,1396,684,712
2135,13122,606,6378,397,12516,1397,685,712
2140,13153,606,6391,397,12547,1398,685,713
2145,13184,606,6408,397,12578,1399,685,714
2150,13215,606,6421,397,12608,1401,686,715
2155,13246,606,6435,397,12640,1405,687,718
2160,13277,606,6446,397,12671,1409,689,720
2165,13308,607,6464,397,12700,1412,690,722
2170,13339,609,6481,398,12729,1415,692,723
2175,13370,611,6497,400,12758,1418,695,723
2180,13401,613,6513,402,12788,1420,697,723
2185,13432,614,6531,402,12818,1422,699,723
2190,13463,616,6546,404,12846,1424,700,724
2195,13494,620,6560,407,12874,1426,701,725
2200,13525,623,6577,410,12902,1428,702,726
2205,13556,625,6594,411,12931,1430,703,727
2210,13587,628,6614,414,12959,1433,706,727
2215,13618,630,6626,415,12988,1436,708,728
2220,13649,633,6639,418,13016,1439,710,729
2225,13680,636,6653,420,13044,1443,711,732
2230,13711,636,6668,420,13075,1446,712,734
2235,13742,636,6677,420,13106,1448,714,734
2240,13773,636,6688,420,13137,1450,714,736
2245,13804,636,6708,420,13168,1452,716,736
2250,13835,636,6723,420,13199,1454,717,737
2255,13866,636,6734,420,13230,1456,717,739
2260,13897,636,6744,420,13261,1458,717,741
2265,13928,636,6756,420,13292,1460,717,743
2270,13959,636,6770,420,13323,1463,717,746
2275,13990,636,6784,420,13354,1465,718,747
2280,14021,636,6797,420,13385,1467,719,748
2285,14052,636,6807,420,13416,1469,719,750
2290,14083,636,6823,420,13447,1472,721,751
2295,14114,636,6838,420,13478,1475,723,752
2300,14145,636,6854,420,13509,1478,725,753
2305,14176,636,6865,420,13540,1481,726,755
2310,14207,636,6877,420,13571,1484,727,757
2315,14238,636,6890,420,13602,1487,727,760
2320,14269,636,6911,420,13633,1490,728,762
2325,14300,636,6928,420,13664,1493,730,763
2330,14331,636,6944,420,13695,1496,732,764
2335,14362,638,6955,420,13723,1500,735,765
2340,14393,642,6968,422,13750,1505,738,767
2345,14424,644,6980,424,13780,1506,738,768
2350,14455,646,6999,426,13809,1507,738,769
2355,14486,647,7013,427,13839,1508,738,770
2360,14517,649,7025,428,13868,1509,738,771
2365,14548,650,7040,428,13898,1510,738,772
2370,14579,652,7058,429,13927,1511,738,773
2375,14610,654,7076,430,13956,1512,739,773
2380,14641,655,7087,430,13986,1513,739,774
2385,14672,656,7101,431,14016,1514,739,775
2390,14703,657,7113,432,14046,1516,740,776
2395,14734,658,7130,433,14076,1520,742,778
2400,14765,659,7146,434,14106,1521,742,779
2405,14796,659,7167,434,14137,1522,743,779
2410,14827,659,7182,434,14168,1523,744,779
2415,14858,659,7195,434,14199,1525,746,779
2420,14889,659,7206,434,14230,1527,748,779
2425,14920,659,7220,434,14261,1529,749,780
2430,14951,659,7234,434,14292,1531,750,781
2435,14982,659,7250,434,14323,1533,752,781
2440,15013,659,7261,434,14354,1535,752,783
2445,15044,659,7275,434,14385,1538,755,783
2450,15075,662,7295,437,14412,1542,758,784
2455,15106,664,7308,438,14440,1546,758,788
2460,15137,668,7325,441,14468,1549,759,790
2465,15168,671,7347,444,14497,1552,761,791
2470,15199,672,7356,445,14527,1555,761,794
2475,15230,672,7372,445,14558,1558,763,795
2480,15261,672,7384,445,14589,1561,764,797
2485,15292,672,7393,445,14620,1563,764,799
2490,15323,672,7409,445,14651,1565,765,800
2495,15354,672,7425,445,14682,1567,766,801
2500,15385,672,7444,445,14713,1570,769,801
2505,15416,672,7457,445,14744,1574,771,803
2510,15447,672,7471,445,14775,1579,773,806
2515,15478,672,7484,445,14806,1582,773,809
2520,15509,672,7500,445,14837,1584,774,810
2525,15540,674,7515,447,14866,1587,777,810
2530,15571,676,7532,449,14895,1590,780,810
2535,15602,678,7550,450,14924,1593,781,812
2540,15633,679,7570,451,14954,1595,782,813
2545,15664,679,7589,451,14985,1597,784,813
2550,15695,679,7608,451,15016,1599,785,814
2555,15726,679,7623,451,15047,1601,786,815
2560,15757,679,7639,451,15078,1603,787,816
2565,15788,679,7654,451,15109,1606,789,817
2570,15819,679,7667,451,15140,1610,790,820
2575,15850,679,7686,451,15171,1614,793,821
2580,15881,680,7703,452,15201,1618,796,822
2585,15912,682,7715,452,15229,1621,798,823
2590,15943,685,7725,455,15258,1623,798,825
2595,15974,686,7742,455,15288,1624,799,825
2600,16005,687,7762,456,15318,1625,799,826
2605,16036,688,7781,456,15348,1626,800,826
2610,16067,689,7798,457,15378,1627,800,827
2615,16098,690,7813,457,15408,1629,800,829
2620,16129,691,7833,458,15438,1631,801,830
2625,16160,693,7853,459,15467,1633,803,830
2630,16191,695,7864,461,15496,1635,804,831
2635,16222,697,7881,462,15525,1637,806,831
2640,16253,699,7894,464,15554,1639,808,831
2645,16284,700,7909,465,15584,1642,809,833
2650,16315,702,7926,466,15613,1644,811,833
2655,16346,704,7941,468,15642,1646,812,834
2660,16377,704,7957,468,15673,1648,814,834
2665,16408,704,7973,468,15704,1650,815,835
2670,16439,704,7987,468,15735,1652,815,837
2675,16470,704,8003,468,15766,1654,816,838
2680,16501,704,8016,468,15797,1656,817,839
2685,16532,704,8028,468,15828,1658,817,841
2690,16563,704,8046,468,15859,1661,818,843
2695,16594,704,8058,468,15890,1664,819,845
2700,16625,706,8072,469,15918,1667,821,846
2705,16656,709,8086,470,15947,1669,822,847
2710,16687,712,8103,472,15975,1671,822,849
2715,16718,714,8112,472,16004,1673,822,851
2720,16749,718,8121,474,16031,1675,822,853
2725,16780,720,8136,475,16060,1678,824,854
2730,16811,723,8150,476,16088,1680,825,855
2735,16842,727,8167,479,16115,1682,827,855
2740,16873,729,8179,480,16144,1683,828,855
2745,16904,731,8196,481,16173,1684,828,856
2750,16935,733,8212,482,16202,1686,830,856
2755,16966,735,8226,483,16231,1689,830,859
2760,16997,737,8241,484,16260,1693,832,861
2765,17028,737,8255,484,16291,1693,832,861
2770,17059,737,8272,484,16322,1693,832,861
2775,17090,737,8291,484,16353,1693,832,861
2780,17121,737,8308,484,16384,1693,832,861
2785,17152,737,8319,484,16415,1693,832,861
2790,17183,737,8340,484,16446,1693,832,861
2795,17214,737,8355,484,16477,1693,832,861
2800,17245,737,8366,484,16508,1693,832,861
2805,17276,737,8379,484,16539,1693,832,861
2810,17307,737,8390,484,16570,1693,832,861
2815,17338,737,8409,484,16601,1694,833,861
2820,17369,737,8419,484,16632,1696,834,862
2825,17400,737,8429,484,16663,1698,834,864
2830,17431,737,8444,484,16694,1700,835,865
2835,17462,737,8458,484,16725,1702,837,865
2840,17493,737,8475,484,16756,1704,838,866
2845,17524,737,8489,484,16787,1706,839,867
2850,17555,737,8503,484,16818,1708,840,868
2855,17586,737,8522,484,16849,1710,842,868
2860,17617,737,8537,484,16880,1712,842,870
2865,17648,738,8550,484,16910,1715,844,871
2870,17679,742,8568,488,16935,1721,846,875
2875,17710,746,8580,492,16962,1727,847,880
2880,17741,752,8594,497,16989,1731,849,882
2885,17772,755,8607,500,17017,1733,850,883
2890,17803,757,8620,502,17046,1735,850,885
2895,17834,759,8634,503,17075,1737,851,886
2900,17865,760,8652,503,17105,1739,853,886
2905,17896,762,8669,504,17134,1741,855,886
2910,17927,764,8683,506,17163,1743,855,888
2915,17958,765,8700,506,17193,1745,856,889
2920,17989,765,8719,506,17224,1747,857,890
2925,18020,765,8737,506,17255,1749,858,891
2930,18051,765,8756,506,17286,1751,859,892
2935,18082,765,8772,506,17317,1753,860,893
2940,18113,765,8784,506,17348,1755,860,895
2945,18144,765,8799,506,17379,1757,862,895
2950,18175,765,8811,506,17410,1759,863,896
2955,18206,765,8830,506,17441,1761,864,897
2960,18237,765,8846,506,17472,1763,864,899
2965,18268,765,8861,506,17503,1765,866,899
2970,18299,765,8874,506,17534,1767,866,901
2975,18330,765,8889,506,17565,1770,868,902
2980,18361,765,8905,506,17596,1773,869,904
2985,18392,765,8925,506,17627,1777,872,905
2990,18423,766,8945,507,17655,1782,875,907
2995,18454,769,8963,510,17683,1786,877,909
3000,18485,773,8976,513,17711,1789,877,912
3005,18516,775,8990,514,17741,1791,879,912
3010,18547,777,9002,515,17770,1793,880,913
3015,18578,777,9022,515,17801,1795,880,915
3020,18609,777,9036,515,17832,1797,880,917
3025,18640,777,9047,515,17863,1799,881,918
3030,18671,777,9067,515,17894,1801,883,918
3035,18702,777,9079,515,17925,1803,883,920
3040,18733,777,9097,515,17956,1805,884,921
3045,18764,777,9113,515,17987,1807,886,921
3050,18795,777,9126,515,18018,1809,887,922
3055,18826,777,9140,515,18049,1811,887,924
3060,18857,777,9158,515,18080,1813,888,925
3065,18888,779,9178,517,18109,1820,893,927
3070,18919,781,9192,518,18138,1825,896,929
3075,18950,782,9208,518,18167,1830,899,931
3080,18981,785,9223,520,18195,1835,901,934
3085,19012,787,9232,522,18225,1840,905,935
3090,19043,788,9248,523,18255,1845,908,937
3095,19074,789,9261,524,18285,1850,910,940
3100,19105,791,9280,526,18314,1855,913,942
3105,19136,791,9298,526,18345,1858,913,945
3110,19167,791,9310,526,18376,1860,915,945
3115,19198,791,9329,526,18407,1862,916,946
3120,19229,792,9342,527,18437,1864,917,947
3125,19260,796,9356,530,18464,1864,917,947
3130,19291,799,9369,532,18492,1864,917,947
3135,19322,801,9382,532,18521,1864,917,947
3140,19353,805,9399,535,18548,1864,917,947
3145,19384,809,9415,538,18575,1864,917,947
3150,19415,812,9429,539,18603,1864,917,947
3155,19446,813,9445,540,18633,1864,917,947
3160,19477,813,9460,540,18664,1864,917,947
3165,19508,813,9475,540,18695,1864,917,947
3170,19539,813,9491,540,18726,1865,918,947
3175,19570,813,9507,540,18757,1868,920,948
3180,19601,813,9523,540,18788,1869,920,949
3185,19632,813,9535,540,18819,1869,920,949
3190,19663,813,9550,540,18850,1869,920,949
3195,19694,813,9566,540,18881,1869,920,949
3200,19725,813,9579,540,18912,1869,920,949
3205,19756,813,9600,540,18943,1870,920,950
3210,19787,813,9614,540,18974,1871,921,950
3215,19818,813,9631,540,19005,1873,923,950
3220,19849,813,9646,540,19036,1875,923,952
3225,19880,813,9663,540,19067,1876,923,953
3230,19911,813,9677,540,19098,1879,924,955
3235,19942,813,9692,540,19129,1881,924,957
3240,19973,813,9703,540,19160,1884,926,958
3245,20004,813,9716,540,19191,1887,928,959
3250,20035,813,9732,540,19222,1890,928,962
3255,20066,813,9750,540,19253,1892,930,962
3260,20097,816,9768,543,19281,1894,932,962
3265,20128,819,9777,545,19309,1896,932,964
3270,20159,822,9792,547,19337,1898,932,966
3275,20190,825,9803,548,19365,1900,932,968
3280,20221,829,9821,550,19392,1903,934,969
3285,20252,832,9833,551,19419,1909,935,974
3290,20283,835,9845,553,19448,1915,936,979
3295,20314,838,9856,554,19476,1919,937,982
3300,20345,840,9870,554,19505,1921,938,983
3305,20376,841,9885,554,19535,1924,939,985
3310,20407,842,9901,555,19565,1926,939,987
3315,20438,843,9916,556,19595,1928,939,989
3320,20469,844,9932,557,19625,1930,941,989
3325,20500,845,9947,557,19655,1933,942,991
3330,20531,846,9963,558,19685,1937,943,994
3335,20562,847,9975,558,19715,1941,945,996
3340,20593,849,9988,560,19744,1945,945,1000
3345,20624,851,10012,561,19773,1949,947,1002
3350,20655,853,10026,562,19802,1953,947,1006
3355,20686,855,10041,563,19830,1956,949,1007
3360,20717,857,10052,564,19859,1959,950,1009
3365,20748,858,10068,565,19890,1962,953,1009
3370,20779,858,10080,565,19921,1965,954,1011
3375,20810,858,10096,565,19952,1968,956,1012
3380,20841,858,10113,565,19983,1971,957,1014
3385,20872,858,10130,565,20014,1974,958,1016
3390,20903,858,10145,565,20045,1977,959,1018
3395,20934,858,10161,565,20076,1980,961,1019
3400,20965,858,10170,565,20107,1985,963,1022
3405,20996,858,10187,565,20138,1990,964,1026
3410,21027,858,10197,565,20169,1996,968,1028
3415,21058,858,10212,565,20200,1999,970,1029
3420,21089,858,10228,565,20231,2002,971,1031
3425,21120,858,10240,565,20262,2005,972,1033
3430,21151,858,10256,565,20293,2007,973,1034
3435,21182,858,10268,565,20324,2009,974,1035
3440,21213,858,10282,565,20355,2011,975,1036
3445,21244,858,10301,565,20386,2013,976,1037
3450,21275,858,10316,565,20417,2015,977,1038
3455,21306,858,10330,565,20448,2017,978,1039
3460,21337,858,10342,565,20479,2019,979,1040
3465,21368,858,10356,565,20510,2021,980,1041
3470,21399,860,10374,566,20539,2023,980,1043
3475,21430,862,10386,568,20568,2025,980,1045
3480,21461,864,10404,570,20597,2027,980,1047
3485,21492,867,10423,572,20625,2030,981,1049
3490,21523,870,10433,573,20653,2032,982,1050
3495,21554,874,10449,576,20680,2034,983,1051
3500,21585,877,10469,577,20708,2036,984,1052
3505,21616,879,10488,578,20737,2038,985,1053
3510,21647,879,10502,578,20768,2040,986,1054
3515,21678,879,10517,578,20799,2044,988,1056
3520,21709,879,10535,578,20830,2048,989,1059
3525,21740,879,10547,578,20861,2053,989,1064
3530,21771,879,10562,578,20892,2056,990,1066
3535,21802,879,10573,578,20923,2060,991,1069
3540,21833,879,10588,578,20954,2063,992,1071
3545,21864,879,10608,578,20985,2066,994,1072
3550,21895,879,10626,578,21016,2068,994,1074
3555,21926,879,10641,578,21047,2070,995,1075
3560,21957,879,10659,578,21078,2072,997,1075
3565,21988,879,10673,578,21109,2074,998,1076
3570,22019,879,10686,578,21140,2076,998,1078
3575,22050,879,10699,578,21171,2078,998,1080
3580,22081,879,10712,578,21202,2079,998,1081
3585,22112,879,10726,578,21233,2080,999,1081
3590,22143,879,10739,578,21264,2082,999,1083
3595,22174,879,10750,578,21295,2084,999,1085
3600,22205,879,10764,578,21326,2086,1001,1085
3605,22236,881,10777,580,21355,2089,1001,1088
3610,22267,884,10789,581,21382,2092,1001,1091
3615,22298,887,10803,583,21410,2094,1002,1092
3620,22329,890,10818,584,21438,2096,1003,1093
3625,22360,893,10829,586,21467,2097,1003,1094
3630,22391,895,10847,587,21495,2098,1004,1094
3635,22422,898,10864,589,21524,2100,1005,1095
3640,22453,900,10879,589,21553,2103,1008,1095
3645,22484,903,10890,590,21581,2105,1008,1097
3650,22515,906,10904,593,21609,2107,1008,1099
3655,22546,909,10920,595,21637,2109,1009,1100
3660,22577,913,10935,599,21664,2111,1010,1101
3665,22608,915,10951,601,21693,2113,1011,1102
3670,22639,917,10968,601,21722,2114,1012,1102
3675,22670,920,10983,603,21750,2115,1013,1102
3680,22701,921,10998,603,21780,2116,1014,1102
3685,22732,922,11011,603,21810,2117,1014,1103
3690,22763,923,11026,604,21840,2118,1015,1103
3695,22794,924,11042,605,21870,2119,1015,1104
3700,22825,925,11057,606,21900,2120,1016,1104
3705,22856,926,11074,607,21930,2121,1017,1104
3710,22887,927,11093,608,21960,2122,1018,1104
3715,22918,928,11108,608,21990,2124,1019,1105
3720,22949,929,11126,609,22020,2127,1021,1106
3725,22980,931,11140,611,22049,2128,1022,1106
3730,23011,933,11157,612,22078,2129,1022,1107
3735,23042,935,11173,614,22107,2130,1023,1107
3740,23073,936,11187,615,22137,2131,1024,1107
3745,23104,937,11202,615,22167,2133,1025,1108
3750,23135,938,11217,616,22197,2136,1026,1110
3755,23166,939,11233,616,22227,2139,1026,1113
3760,23197,940,11241,616,22257,2142,1026,1116
3765,23228,941,11258,616,22287,2145,1028,1117
3770,23259,942,11267,616,22316,2149,1029,1120
3775,23290,943,11288,617,22347,2154,1031,1123
3780,23321,944,11300,617,22377,2159,1033,1126
3785,23352,946,11316,619,22406,2162,1034,1128
3790,23383,948,11326,621,22435,2165,1034,1131
3795,23414,949,11340,621,22465,2168,1035,1133
3800,23445,950,11359,621,22495,2171,1035,1136
3805,23476,951,11371,621,22525,2174,1036,1138
3810,23507,953,11388,623,22554,2177,1036,1141
3815,23538,953,11404,623,22585,2180,1038,1142
3820,23569,953,11421,623,22616,2183,1039,1144
3825,23600,953,11436,623,22647,2185,1040,1145
3830,23631,953,11450,623,22678,2190,1043,1147
3835,23662,953,11464,623,22709,2195,1046,1149
3840,23693,953,11477,623,22740,2198,1046,1152
3845,23724,955,11493,625,22769,2200,1048,1152
3850,23755,956,11503,626,22799,2202,1048,1154
3855,23786,957,11512,627,22829,2204,1050,1154
3860,23817,960,11529,629,22857,2206,1051,1155
3865,23848,962,11547,631,22886,2208,1051,1157
3870,23879,964,11566,632,22915,2210,1052,1158
3875,23910,964,11584,632,22946,2212,1052,1160
3880,23941,964,11600,632,22977,2214,1054,1160
3885,23972,964,11612,632,23008,2216,1056,1160
3890,24003,964,11632,632,23039,2220,1059,1161
3895,24034,964,11648,632,23070,2223,1060,1163
3900,24065,964,11662,632,23101,2226,1062,1164
3905,24096,964,11675,632,23132,2228,1062,1166
3910,24127,964,11687,632,23163,2230,1063,1167
3915,24158,964,11698,632,23194,2232,1063,1169
3920,24189,965,11710,632,23224,2234,1063,1171
3925,24220,966,11725,633,23254,2236,1064,1172
3930,24251,967,11738,633,23284,2238,1064,1174
3935,24282,968,11751,633,23314,2240,1066,1174
3940,24313,969,11767,633,23344,2243,1068,1175
3945,24344,970,11785,633,23374,2248,1070,1178
3950,24375,971,11801,633,23404,2253,1073,1180
3955,24406,972,11818,634,23434,2258,1075,1183
3960,24437,973,11828,635,23464,2263,1077,1186
3965,24468,974,11842,636,23494,2266,1079,1187
3970,24499,975,11857,637,23524,2269,1080,1189
3975,24530,976,11874,638,23554,2272,1081,1191
3980,24561,978,11892,638,23583,2275,1083,1192
3985,24592,980,11903,638,23612,2278,1085,1193
3990,24623,982,11916,638,23641,2281,1087,1194
3995,24654,984,11929,639,23670,2285,1089,1196
4000,24685,986,11938,640,23699,2290,1092,1198
4005,24716,989,11957,642,23726,2295,1096,1199
4010,24747,994,11972,646,23752,2299,1097,1202
4015,24778,998,11987,650,23778,2302,1099,1203
4020,24809,1004,12005,655,23804,2305,1102,1203
4025,24840,1006,12022,657,23834,2308,1105,1203
4030,24871,1006,12039,657,23865,2311,1107,1204
4035,24902,1006,12049,657,23896,2314,1107,1207
4040,24933,1006,12063,657,23927,2317,1109,1208
4045,24964,1006,12077,657,23958,2320,1111,1209
4050,24995,1006,12087,657,23989,2323,1111,1212
4055,25026,1006,12095,657,24020,2326,1111,1215
4060,25057,1006,12111,657,24051,2329,1112,1217
4065,25088,1006,12124,657,24082,2333,1113,1220
4070,25119,1006,12142,657,24113,2338,1115,1223
4075,25150,1006,12155,657,24144,2344,1119,1225
4080,25181,1006,12173,657,24175,2350,1121,1229
4085,25212,1007,12186,657,24205,2353,1121,1232
4090,25243,1008,12201,658,24235,2355,1123,1232
4095,25274,1009,12215,658,24265,2356,1123,1233
4100,25305,1010,12225,658,24295,2357,1124,1233
4105,25336,1011,12238,659,24325,2358,1124,1234
4110,25367,1012,12253,659,24355,2360,1126,1234
4115,25398,1014,12263,660,24384,2362,1126,1236
4120,25429,1015,12278,661,24414,2364,1127,1237
4125,25460,1016,12288,661,24444,2366,1127,1239
4130,25491,1017,12302,661,24473,2368,1129,1239
4135,25522,1021,12315,663,24501,2369,1130,1239
4140,25553,1023,12330,665,24530,2370,1130,1240
4145,25584,1024,12343,665,24560,2372,1130,1242
4150,25615,1025,12360,666,24590,2374,1130,1244
4155,25646,1028,12376,668,24618,2376,1130,1246
4160,25677,1031,12394,670,24646,2378,1132,1246
4165,25708,1034,12414,673,24674,2380,1133,1247
4170,25739,1038,12427,677,24701,2382,1134,1248
4175,25770,1039,12439,677,24731,2384,1135,1249
4180,25801,1042,12456,679,24759,2386,1137,1249
4185,25832,1043,12473,680,24789,2388,1139,1249
4190,25863,1043,12488,680,24820,2392,1141,1251
4195,25894,1043,12498,680,24851,2396,1142,1254
4200,25925,1043,12514,680,24882,2399,1144,1255
4205,25956,1043,12529,680,24913,2401,1145,1256
4210,25987,1043,12543,680,24944,2403,1145,1258
4215,26018,1043,12561,680,24975,2405,1147,1258
4220,26049,1043,12578,680,25006,2407,1149,1258
4225,26080,1043,12592,680,25037,2409,1149,1260
4230,26111,1043,12606,680,25068,2411,1150,1261
4235,26142,1043,12616,680,25099,2415,1151,1264
4240,26173,1043,12627,680,25130,2419,1152,1267
4245,26204,1043,12648,680,25161,2424,1156,1268
4250,26235,1043,12666,680,25192,2428,1159,1269
4255,26266,1044,12684,681,25220,2432,1161,1271
4260,26297,1048,12700,685,25247,2436,1162,1274
4265,26328,1051,12714,688,25277,2437,1163,1274
4270,26359,1052,12731,689,25307,2438,1164,1274
4275,26390,1053,12742,690,25337,2439,1165,1274
4280,26421,1054,12761,691,25367,2440,1166,1274
4285,26452,1055,12776,692,25397,2441,1167,1274
4290,26483,1056,12791,692,25427,2442,1167,1275
4295,26514,1059,12808,695,25455,2444,1168,1276
4300,26545,1061,12824,695,25484,2448,1170,1278
4305,26576,1066,12836,700,25510,2453,1171,1282
4310,26607,1068,12852,700,25539,2458,1174,1284
4315,26638,1071,12867,702,25567,2463,1177,1286
4320,26669,1074,12881,704,25595,2465,1177,1288
4325,26700,1074,12898,704,25626,2468,1178,1290
4330,26731,1074,12912,704,25657,2471,1181,1290
4335,26762,1074,12929,704,25688,2474,1184,1290
4340,26793,1074,12946,704,25719,2477,1185,1292
4345,26824,1074,12962,704,25750,2480,1186,1294
4350,26855,1074,12987,704,25781,2483,1189,1294
4355,26886,1074,13000,704,25812,2486,1190,1296
4360,26917,1074,13013,704,25843,2489,1191,1298
4365,26948,1074,13029,704,25874,2493,1192,1301
4370,26979,1074,13046,704,25905,2497,1194,1303
4375,27010,1074,13062,704,25936,2501,1196,1305
4380,27041,1074,13079,704,25967,2504,1198,1306
4385,27072,1074,13099,704,25998,2506,1198,1308
4390,27103,1074,13115,704,26029,2508,1199,1309
4395,27134,1074,13133,704,26060,2510,1200,1310
4400,27165,1074,13150,704,26091,2512,1201,1311
4405,27196,1074,13162,704,26122,2514,1202,1312
4410,27227,1074,13175,704,26153,2516,1203,1313
4415,27258,1074,13195,704,26184,2518,1203,1315
4420,27289,1074,13213,704,26215,2522,1206,1316
4425,27320,1074,13229,704,26246,2527,1209,1318
4430,27351,1076,13239,705,26273,2532,1210,1322
4435,27382,1080,13257,707,26299,2539,1216,1323
4440,27413,1085,13269,711,26326,2544,1219,1325
4445,27444,1089,13280,713,26355,2545,1220,1325
4450,27475,1092,13291,715,26383,2546,1220,1326
4455,27506,1094,13305,715,26412,2547,1220,1327
4460,27537,1098,13318,718,26439,2548,1221,1327
4465,27568,1102,13333,721,26466,2549,1222,1327
4470,27599,1104,13345,722,26495,2550,1223,1327
4475,27630,1105,13355,722,26525,2551,1223,1328
4480,27661,1105,13367,722,26556,2552,1224,1328
4485,27692,1105,13384,722,26587,2553,1224,1329
4490,27723,1105,13395,722,26618,2555,1224,1331
4495,27754,1105,13406,722,26649,2556,1224,1332
4500,27785,1105,13427,722,26680,2557,1225,1332
4505,27816,1105,13436,722,26711,2558,1225,1333
4510,27847,1105,13451,722,26742,2559,1226,1333
4515,27878,1105,13465,722,26773,2560,1227,1333
4520,27909,1105,13484,722,26804,2561,1228,1333
4525,27940,1105,13500,722,26835,2562,1229,1333
4530,27971,1105,13515,722,26866,2563,1229,1334
4535,28002,1105,13528,722,26897,2564,1230,1334
4540,28033,1105,13542,722,26928,2567,1231,1336
4545,28064,1105,13559,722,26959,2570,1232,1338
4550,28095,1105,13570,722,26990,2575,1235,1340
4555,28126,1105,13580,722,27021,2580,1236,1344
4560,28157,1105,13595,722,27052,2583,1238,1345
4565,28188,1107,13610,724,27079,2586,1239,1347
4570,28219,1111,13626,728,27107,2589,1240,1349
4575,28250,1115,13643,730,27134,2592,1241,1351
4580,28281,1119,13655,733,27161,2596,1242,1354
4585,28312,1122,13673,736,27189,2600,1245,1355
4590,28343,1125,13680,738,27217,2605,1245,1360
4595,28374,1128,13693,740,27244,2611,1248,1363
4600,28405,1132,13705,743,27273,2615,1251,1364
4605,28436,1135,13719,746,27301,2619,1252,1367
4610,28467,1137,13736,747,27330,2623,1254,1369
4615,28498,1140,13751,750,27358,2626,1257,1369
4620,28529,1142,13770,750,27387,2629,1259,1370
4625,28560,1142,13784,750,27418,2633,1260,1373
4630,28591,1142,13796,750,27449,2636,1261,1375
4635,28622,1142,13815,750,27480,2639,1263,1376
4640,28653,1142,13824,750,27511,2642,1264,1378
4645,28684,1142,13837,750,27542,2644,1266,1378
4650,28715,1142,13853,750,27573,2646,1266,1380
4655,28746,1142,13872,750,27604,2648,1267,1381
4660,28777,1142,13887,750,27635,2650,1268,1382
4665,28808,1142,13902,750,27666,2652,1268,1384
4670,28839,1142,13915,750,27697,2654,1268,1386
4675,28870,1142,13930,750,27728,2656,1269,1387
4680,28901,1142,13941,750,27759,2658,1270,1388
4685,28932,1142,13956,750,27790,2660,1271,1389
4690,28963,1142,13973,750,27821,2662,1273,1389
4695,28994,1142,13985,750,27852,2664,1274,1390
4700,29025,1142,13993,750,27883,2667,1275,1392
4705,29056,1142,14006,750,27914,2670,1276,1394
4710,29087,1142,14022,750,27945,2673,1277,1396
4715,29118,1142,14038,750,27976,2677,1280,1397
4720,29149,1142,14053,750,28007,2681,1282,1399
4725,29180,1142,14069,750,28038,2685,1286,1399
4730,29211,1146,14085,753,28064,2691,1288,1403
4735,29242,1150,14106,757,28090,2697,1292,1405
4740,29273,1154,14122,760,28117,2703,1295,1408
4745,29304,1156,14136,762,28148,2706,1297,1409
4750,29335,1156,14148,762,28179,2709,1299,1410
4755,29366,1156,14161,762,28210,2712,1299,1413
4760,29397,1156,14175,762,28241,2715,1300,1415
4765,29428,1156,14189,762,28272,2718,1301,1417
4770,29459,1156,14209,762,28303,2721,1303,1418
4775,29490,1156,14223,762,28334,2724,1305,1419
4780,29521,1156,14242,762,28365,2727,1306,1421
4785,29552,1156,14260,762,28396,2730,1307,1423
4790,29583,1156,14275,762,28427,2733,1308,1425
4795,29614,1156,14288,762,28458,2736,1311,1425
4800,29645,1156,14306,762,28489,2739,1313,1426
4805,29676,1158,14326,764,28518,2744,1316,1428
4810,29707,1159,14341,765,28548,2748,1318,1430
4815,29738,1160,14355,765,28578,2752,1320,1432
4820,29769,1162,14371,767,28607,2756,1321,1435
4825,29800,1164,14392,768,28636,2759,1324,1435
4830,29831,1166,14407,769,28665,2762,1325,1437
4835,29862,1167,14423,769,28695,2765,1327,1438
4840,29893,1167,14436,769,28726,2768,1329,1439
4845,29924,1167,14453,769,28757,2771,1331,1440
4850,29955,1168,14467,769,28787,2774,1333,1441
4855,29986,1169,14485,770,28817,2777,1334,1443
4860,30017,1170,14500,770,28847,2780,1337,1443
4865,30048,1172,14517,772,28876,2782,1337,1445
4870,30079,1173,14529,772,28906,2784,1337,1447
4875,30110,1174,14548,773,28936,2786,1337,1449
4880,30141,1175,14560,774,28966,2788,1338,1450
4885,30172,1176,14571,775,28996,2790,1339,1451
4890,30203,1178,14588,776,29025,2792,1341,1451
4895,30234,1180,14599,777,29054,2794,1341,1453
4900,30265,1182,14616,779,29083,2796,1343,1453
4905,30296,1183,14629,779,29113,2798,1345,1453
4910,30327,1184,14643,780,29143,2801,1346,1455
4915,30358,1185,14657,780,29173,2804,1347,1457
4920,30389,1187,14671,781,29202,2807,1349,1458
4925,30420,1188,14688,781,29232,2811,1350,1461
4930,30451,1189,14703,781,29262,2814,1352,1462
4935,30482,1190,14716,782,29292,2817,1354,1463
4940,30513,1192,14730,783,29321,2820,1356,1464
4945,30544,1196,14747,786,29348,2823,1356,1467
4950,30575,1199,14763,787,29376,2827,1360,1467
4955,30606,1203,14786,790,29403,2832,1365,1467
4960,30637,1206,14801,791,29431,2837,1369,1468
4965,30668,1211,14819,794,29456,2842,1373,1469
4970,30699,1215,14836,798,29484,2845,1375,1470
4975,30730,1217,14847,800,29513,2848,1376,1472
4980,30761,1219,14859,802,29542,2851,1376,1475
4985,30792,1220,14879,803,29572,2854,1379,1475
4990,30823,1221,14895,803,29602,2857,1380,1477
4995,30854,1223,14909,804,29631,2860,1380,1480
5000,30885,1225,14923,805,29660,2863,1381,1482
5005,30916,1227,14938,806,29689,2866,1383,1483
5010,30947,1229,14954,808,29718,2869,1385,1484
5015,30978,1229,14969,808,29749,2872,1387,1485
5020,31009,1229,14989,808,29780,2875,1390,1485
5025,31040,1229,15003,808,29811,2878,1393,1485
5030,31071,1229,15019,808,29842,2882,1395,1487
5035,31102,1229,15030,808,29873,2886,1396,1490
5040,31133,1229,15046,808,29904,2890,1396,1494
5045,31164,1232,15058,810,29932,2894,1396,1498
5050,31195,1234,15069,811,29961,2896,1396,1500
5055,31226,1235,15075,811,29991,2898,1396,1502
5060,31257,1236,15092,811,30021,2900,1397,1503
5065,31288,1236,15112,811,30052,2902,1399,1503
5070,31319,1236,15126,811,30083,2905,1400,1505
5075,31350,1236,15141,811,30114,2909,1401,1508
5080,31381,1236,15155,811,30145,2913,1404,1509
5085,31412,1236,15170,811,30176,2917,1408,1509
5090,31443,1236,15183,811,30207,2921,1410,1511
5095,31474,1236,15202,811,30238,2924,1413,1511
5100,31505,1236,15216,811,30269,2927,1415,1512
5105,31536,1238,15229,812,30298,2928,1415,1513
5110,31567,1240,15242,813,30326,2929,1415,1514
5115,31598,1243,15257,815,30354,2930,1415,1515
5120,31629,1246,15273,818,30382,2931,1416,1515
5125,31660,1249,15284,820,30410,2933,1416,1517
5130,31691,1251,15298,821,30439,2935,1418,1517
5135,31722,1254,15316,824,30468,2937,1418,1519
5140,31753,1254,15334,824,30499,2939,1418,1521
5145,31784,1254,15351,824,30530,2941,1419,1522
5150,31815,1254,15359,824,30561,2943,1419,1524
5155,31846,1254,15376,824,30592,2946,1421,1525
5160,31877,1254,15389,824,30623,2949,1422,1527
5165,31908,1257,15406,825,30651,2951,1423,1528
5170,31939,1259,15420,826,30680,2953,1424,1529
5175,31970,1261,15437,826,30709,2955,1426,1529
5180,32001,1264,15454,829,30737,2957,1426,1531
5185,32032,1268,15467,832,30764,2959,1427,1532
5190,32063,1271,15483,834,30792,2961,1427,1534
5195,32094,1275,15500,838,30819,2964,1430,1534
5200,32125,1277,15513,839,30848,2967,1433,1534
5205,32156,1279,15529,840,30877,2971,1435,1536
5210,32187,1282,15542,842,30905,2976,1437,1539
5215,32218,1285,15557,843,30933,2981,1439,1542
5220,32249,1287,15573,845,30962,2986,1443,1543
5225,32280,1287,15592,845,30993,2990,1445,1545
5230,32311,1287,15605,845,31024,2992,1445,1547
5235,32342,1287,15618,845,31055,2994,1447,1547
5240,32373,1287,15630,845,31086,2995,1447,1548
5245,32404,1287,15647,845,31117,2996,1448,1548
5250,32435,1287,15666,845,31148,2997,1448,1549
5255,32466,1287,15682,845,31179,2998,1449,1549
5260,32497,1287,15702,845,31210,2999,1449,1550
5265,32528,1287,15722,845,31241,3000,1449,1551
5270,32559,1287,15741,845,31272,3001,1450,1551
5275,32590,1287,15748,845,31303,3002,1450,1552
5280,32621,1287,15761,845,31334,3003,1451,1552
5285,32652,1288,15774,845,31364,3004,1451,1553
5290,32683,1289,15787,845,31394,3005,1452,1553
5295,32714,1290,15798,846,31423,3006,1452,1554
5300,32745,1292,15814,847,31452,3007,1453,1554
5305,32776,1294,15829,848,31482,3008,1454,1554
5310,32807,1295,15846,849,31511,3010,1455,1555
5315,32838,1297,15865,851,31540,3012,1456,1556
5320,32869,1299,15877,853,31570,3014,1457,1557
5325,32900,1300,15893,854,31599,3016,1458,1558
5330,32931,1303,15905,856,31627,3019,1458,1561
5335,32962,1306,15923,858,31655,3023,1460,1563
5340,32993,1310,15942,860,31683,3028,1463,1565
5345,33024,1311,15951,861,31713,3030,1464,1566
5350,33055,1313,15969,862,31742,3033,1466,1567
5355,33086,1314,15983,862,31772,3036,1467,1569
5360,33117,1316,16000,864,31801,3039,1467,1572
5365,33148,1319,16016,866,31829,3042,1468,1574
5370,33179,1322,16026,868,31857,3045,1470,1575
5375,33210,1323,16041,868,31887,3048,1472,1576
5380,33241,1323,16058,868,31918,3051,1474,1577
5385,33272,1323,16068,868,31949,3054,1474,1580
5390,33303,1323,16086,868,31980,3056,1476,1580
5395,33334,1323,16102,868,32011,3058,1478,1580
5400,33365,1323,16118,868,32042,3060,1478,1582
5405,33396,1323,16133,868,32073,3062,1479,1583
5410,33427,1323,16152,868,32104,3064,1480,1584
5415,33458,1323,16168,868,32135,3066,1481,1585
5420,33489,1323,16192,868,32166,3068,1483,1585
5425,33520,1323,16208,868,32197,3070,1483,1587
5430,33551,1323,16223,868,32228,3072,1484,1588
5435,33582,1323,16236,868,32259,3074,1485,1589
5440,33613,1323,16255,868,32290,3076,1486,1590
5445,33644,1323,16268,868,32320,3079,1487,1592
5450,33675,1323,16283,868,32352,3086,1489,1597
5455,33706,1323,16299,868,32383,3091,1492,1599
5460,33737,1324,16314,869,32413,3094,1492,1602
5465,33768,1327,16329,871,32441,3096,1493,1603
5470,33799,1329,16343,873,32469,3098,1495,1603
5475,33830,1332,16359,876,32497,3100,1496,1604
5480,33861,1336,16379,879,32524,3102,1497,1605
5485,33892,1341,16392,883,32550,3104,1497,1607
5490,33923,1345,16407,886,32578,3106,1498,1608
5495,33954,1348,16423,888,32606,3108,1498,1610
5500,33985,1353,16438,893,32632,3110,1499,1611
5505,34016,1356,16456,895,32659,3112,1501,1611
5510,34047,1359,16464,897,32688,3115,1501,1614
5515,34078,1360,16479,898,32718,3118,1501,1617
5520,34109,1361,16497,898,32748,3121,1502,1619
5525,34140,1361,16513,898,32779,3122,1503,1619
5530,34171,1361,16531,898,32810,3123,1504,1619
5535,34202,1361,16548,898,32841,3124,1504,1620
5540,34233,1361,16565,898,32872,3125,1504,1621
5545,34264,1361,16583,898,32903,3126,1504,1622
5550,34295,1361,16596,898,32934,3127,1505,1622
5555,34326,1361,16609,898,32965,3130,1507,1623
5560,34357,1361,16626,898,32996,3134,1510,1624
5565,34388,1361,16642,898,33027,3138,1511,1627
5570,34419,1361,16657,898,33058,3139,1512,1627
5575,34450,1361,16673,898,33089,3140,1512,1628
5580,34481,1361,16691,898,33120,3141,1513,1628
5585,34512,1361,16705,898,33151,3142,1514,1628
5590,34543,1361,16722,898,33182,3143,1514,1629
5595,34574,1361,16734,898,33213,3144,1514,1630
5600,34605,1361,16748,898,33244,3145,1514,1631
5605,34636,1361,16761,898,33275,3146,1515,1631
5610,34667,1362,16780,898,33305,3147,1516,1631
5615,34698,1363,16792,899,33335,3148,1516,1632
5620,34729,1364,16807,900,33365,3149,1517,1632
5625,34760,1365,16819,901,33395,3152,1519,1633
5630,34791,1370,16834,905,33420,3156,1520,1636
5635,34822,1374,16851,907,33448,3160,1523,1637
5640,34853,1379,16868,910,33473,3164,1525,1639
5645,34884,1380,16880,911,33504,3167,1526,1641
5650,34915,1380,16894,911,33535,3169,1527,1642
5655,34946,1380,16908,911,33566,3170,1527,1643
5660,34977,1380,16920,911,33597,3171,1527,1644
5665,35008,1380,16936,911,33628,3173,1528,1645
5670,35039,1380,16952,911,33658,3177,1531,1646
5675,35070,1380,16965,911,33690,3181,1533,1648
5680,35101,1380,16985,911,33721,3184,1534,1650
5685,35132,1380,16994,911,33752,3187,1535,1652
5690,35163,1380,17013,911,33783,3190,1537,1653
5695,35194,1380,17029,911,33814,3193,1539,1654
5700,35225,1380,17043,911,33845,3196,1539,1657
5705,35256,1382,17061,913,33874,3200,1542,1658
5710,35287,1384,17073,914,33903,3204,1543,1661
5715,35318,1385,17088,914,33933,3208,1546,1662
5720,35349,1387,17098,915,33962,3211,1546,1665
5725,35380,1389,17114,916,33991,3214,1549,1665
5730,35411,1390,17131,917,34021,3217,1550,1667
5735,35442,1391,17145,918,34051,3220,1552,1668
5740,35473,1393,17160,919,34080,3223,1554,1669
5745,35504,1395,17177,920,34109,3227,1556,1671
5750,35535,1397,17193,921,34138,3230,1558,1672
5755,35566,1399,17207,922,34167,3233,1561,1672
5760,35597,1400,17224,923,34197,3235,1562,1673
5765,35628,1402,17238,924,34226,3237,1564,1673
5770,35659,1404,17251,925,34255,3239,1565,1674
5775,35690,1404,17264,925,34286,3241,1566,1675
5780,35721,1404,17279,925,34317,3244,1567,1677
5785,35752,1404,17297,925,34348,3247,1569,1678
5790,35783,1404,17312,925,34379,3250,1572,1678
5795,35814,1404,17327,925,34410,3253,1574,1679
5800,35845,1404,17341,925,34441,3255,1574,1681
5805,35876,1404,17360,925,34472,3257,1574,1683
5810,35907,1404,17376,925,34503,3260,1577,1683
5815,35938,1404,17390,925,34534,3263,1577,1686
5820,35969,1404,17410,925,34565,3267,1579,1688
5825,36000,1404,17427,925,34596,3270,1581,1689
5830,36031,1404,17440,925,34627,3273,1583,1690
5835,36062,1404,17457,925,34658,3276,1585,1691
5840,36093,1404,17476,925,34689,3279,1586,1693
5845,36124,1404,17493,925,34720,3281,1587,1694
5850,36155,1404,17511,925,34751,3283,1588,1695
5855,36186,1404,17520,925,34782,3286,1588,1698
5860,36217,1404,17536,925,34813,3290,1590,1700
5865,36248,1404,17553,925,34844,3295,1592,1703
5870,36279,1405,17573,926,34874,3300,1595,1705
5875,36310,1406,17589,927,34904,3304,1598,1706
5880,36341,1409,17600,928,34932,3308,1601,1707
5885,36372,1412,17614,930,34960,3310,1602,1708
5890,36403,1412,17630,930,34991,3312,1603,1709
5895,36434,1412,17647,930,35022,3314,1604,1710
5900,36465,1412,17658,930,35053,3316,1605,1711
5905,36496,1412,17671,930,35084,3318,1606,1712
5910,36527,1412,17687,930,35115,3320,1607,1713
5915,36558,1412,17700,930,35146,3322,1608,1714
5920,36589,1412,17713,930,35177,3324,1608,1716
5925,36620,1412,17728,930,35208,3326,1609,1717
5930,36651,1412,17740,930,35239,3329,1611,1718
5935,36682,1412,17753,930,35270,3333,1613,1720
5940,36713,1412,17769,930,35301,3336,1615,1721
5945,36744,1412,17782,930,35332,3339,1616,1723
5950,36775,1412,17797,930,35363,3342,1618,1724
5955,36806,1412,17815,930,35394,3345,1621,1724
5960,36837,1412,17826,930,35425,3348,1623,1725
5965,36868,1412,17840,930,35456,3351,1625,1726
5970,36899,1412,17855,930,35487,3355,1626,1729
5975,36930,1412,17869,930,35518,3360,1629,1731
5980,36961,1412,17883,930,35549,3364,1630,1734
5985,36992,1412,17895,930,35580,3368,1631,1737
5990,37023,1414,17909,931,35608,3373,1634,1739
5995,37054,1418,17926,934,35635,3379,1636,1743
6000,37085,1421,17944,937,35664,3383,1639,1744
6005,37116,1423,17959,938,35693,3385,1639,1746
6010,37147,1425,17971,939,35722,3387,1640,1747
6015,37178,1426,17983,939,35752,3389,1641,1748
6020,37209,1427,17993,939,35782,3391,1642,1749
6025,37240,1429,18007,941,35811,3393,1642,1751
6030,37271,1431,18022,943,35840,3395,1643,1752
6035,37302,1432,18039,943,35870,3397,1645,1752
6040,37333,1432,18056,943,35901,3398,1646,1752
6045,37364,1432,18078,943,35931,3401,1648,1753
6050,37395,1432,18093,943,35963,3404,1649,1755
6055,37426,1432,18109,943,35994,3406,1650,1756
6060,37457,1432,18126,943,36025,3408,1652,1756
6065,37488,1432,18136,943,36056,3409,1652,1757
6070,37519,1432,18143,943,36087,3410,1652,1758
6075,37550,1432,18161,943,36118,3411,1652,1759
6080,37581,1432,18179,943,36149,3413,1653,1760
6085,37612,1432,18194,943,36180,3415,1654,1761
6090,37643,1432,18207,943,36211,3417,1654,1763
6095,37674,1432,18223,943,36242,3419,1655,1764
6100,37705,1432,18236,943,36273,3423,1656,1767
6105,37736,1432,18253,943,36304,3428,1659,1769
6110,37767,1434,18268,945,36332,3432,1660,1772
6115,37798,1436,18284,947,36362,3436,1662,1774
6120,37829,1438,18299,948,36390,3439,1663,1776
6125,37860,1441,18314,951,36419,3441,1664,1777
6130,37891,1443,18328,952,36448,3443,1665,1778
6135,37922,1444,18343,952,36478,3445,1666,1779
6140,37953,1446,18357,954,36507,3447,1666,1781
6145,37984,1450,18372,956,36534,3449,1668,1781
6150,38015,1452,18389,958,36563,3451,1668,1783
6155,38046,1454,18409,959,36592,3455,1670,1785
6160,38077,1456,18424,960,36620,3459,1672,1787
6165,38108,1458,18441,962,36650,3464,1674,1790
6170,38139,1460,18457,964,36679,3468,1675,1793
6175,38170,1462,18474,966,36708,3472,1677,1795
6180,38201,1463,18486,967,36738,3476,1678,1798
6185,38232,1465,18499,968,36767,3480,1680,1800
6190,38263,1466,18516,969,36797,3483,1681,1802
6195,38294,1466,18528,969,36828,3486,1682,1804
6200,38325,1466,18544,969,36859,3489,1684,1805
6205,38356,1466,18558,969,36890,3491,1685,1806
6210,38387,1466,18573,969,36921,3493,1687,1806
6215,38418,1466,18587,969,36952,3495,1688,1807
6220,38449,1466,18605,969,36983,3498,1690,1808
6225,38480,1466,18613,969,37014,3501,1691,1810
6230,38511,1466,18625,969,37045,3506,1693,1813
6235,38542,1466,18639,969,37076,3511,1694,1817
6240,38573,1466,18655,969,37107,3514,1696,1818
6245,38604,1467,18670,970,37137,3517,1697,1820
6250,38635,1468,18683,970,37167,3519,1699,1820
6255,38666,1469,18697,970,37197,3521,1699,1822
6260,38697,1471,18710,971,37226,3523,1700,1823
6265,38728,1472,18725,971,37256,3525,1700,1825
6270,38759,1474,18745,973,37285,3527,1702,1825
6275,38790,1475,18759,974,37315,3529,1704,1825
6280,38821,1477,18771,975,37344,3531,1704,1827
6285,38852,1478,18789,975,37374,3533,1706,1827
6290,38883,1481,18809,978,37402,3536,1707,1829
6295,38914,1484,18823,981,37430,3540,1709,1831
6300,38945,1487,18840,984,37458,3543,1710,1833
6305,38976,1491,18856,988,37485,3547,1712,1835
6310,39007,1493,18871,989,37514,3550,1713,1837
6315,39038,1495,18889,990,37543,3552,1715,1837
6320,39069,1496,18904,990,37573,3554,1715,1839
6325,39100,1498,18920,992,37602,3556,1716,1840
6330,39131,1500,18933,993,37631,3558,1717,1841
6335,39162,1502,18949,995,37660,3560,1718,1842
6340,39193,1505,18966,997,37688,3563,1720,1843
6345,39224,1506,18984,998,37718,3566,1723,1843
6350,39255,1507,18996,999,37748,3570,1725,1845
6355,39286,1509,19011,1001,37777,3574,1726,1848
6360,39317,1510,19029,1001,37807,3578,1729,1849
6365,39348,1511,19049,1002,37837,3582,1731,1851
6370,39379,1512,19067,1002,37866,3584,1733,1851
6375,39410,1514,19081,1004,37896,3586,1734,1852
6380,39441,1515,19095,1004,37926,3588,1735,1853
6385,39472,1516,19110,1004,37956,3590,1737,1853
6390,39503,1517,19128,1005,37986,3592,1738,1854
6395,39534,1518,19147,1005,38016,3594,1739,1855
6400,39565,1519,19163,1005,38046,3595,1740,1855
6405,39596,1520,19174,1006,38076,3596,1740,1856
6410,39627,1521,19192,1007,38106,3598,1740,1858
6415,39658,1522,19208,1007,38136,3600,1740,1860
6420,39689,1524,19224,1008,38165,3601,1741,1860
6425,39720,1525,19239,1009,38195,3602,1742,1860
6430,39751,1525,19255,1009,38226,3603,1743,1860
6435,39782,1525,19266,1009,38257,3604,1743,1861
6440,39813,1525,19279,1009,38288,3605,1743,1862
6445,39844,1525,19298,1009,38319,3606,1743,1863
6450,39875,1525,19309,1009,38350,3607,1743,1864
6455,39906,1525,19325,1009,38381,3608,1744,1864
6460,39937,1525,19336,1009,38412,3609,1745,1864
6465,39968,1525,19347,1009,38443,3611,1745,1866
6470,39999,1525,19358,1009,38474,3614,1746,1868
6475,40030,1525,19371,1009,38505,3619,1748,1871
6480,40061,1525,19395,1009,38536,3624,1753,1871
6485,40092,1527,19407,1010,38565,3627,1755,1872
6490,40123,1529,19420,1011,38594,3630,1757,1873
6495,40154,1530,19437,1012,38623,3632,1758,1874
6500,40185,1531,19451,1013,38654,3634,1759,1875
6505,40216,1531,19462,1013,38685,3636,1759,1877
6510,40247,1531,19477,1013,38716,3638,1760,1878
6515,40278,1531,19491,1013,38747,3639,1760,1879
6520,40309,1531,19506,1013,38778,3640,1760,1880
6525,40340,1531,19520,1013,38809,3641,1760,1881
6530,40371,1532,19537,1013,38839,3644,1763,1881
6535,40402,1533,19550,1013,38869,3647,1765,1882
6540,40433,1535,19561,1014,38898,3649,1766,1883
6545,40464,1537,19575,1015,38927,3651,1766,1885
6550,40495,1538,19593,1016,38957,3653,1767,1886
6555,40526,1539,19606,1017,38987,3655,1767,1888
6560,40557,1540,19615,1018,39017,3657,1769,1888
6565,40588,1541,19632,1019,39047,3659,1769,1890
6570,40619,1542,19647,1020,39077,3661,1771,1890
6575,40650,1543,19659,1020,39107,3663,1772,1891
6580,40681,1544,19670,1021,39137,3665,1772,1893
6585,40712,1545,19681,1022,39167,3668,1773,1895
6590,40743,1546,19696,1022,39197,3671,1775,1896
6595,40774,1547,19712,1022,39226,3677,1777,1900
6600,40805,1549,19729,1023,39255,3683,1782,1901
6605,40836,1551,19739,1024,39285,3684,1782,1902
6610,40867,1555,19757,1027,39312,3685,1783,1902
6615,40898,1558,19773,1030,39340,3686,1784,1902
6620,40929,1560,19790,1031,39369,3688,1785,1903
6625,40960,1564,19804,1033,39396,3690,1786,1904
6630,40991,1567,19818,1034,39424,3692,1787,1905
6635,41022,1571,19834,1037,39451,3694,1789,1905
6640,41053,1574,19855,1040,39479,3697,1792,1905
6645,41084,1576,19872,1041,39508,3700,1793,1907
6650,41115,1578,19890,1042,39537,3703,1793,1910
6655,41146,1581,19908,1044,39565,3706,1795,1911
6660,41177,1583,19926,1046,39594,3709,1797,1912
6665,41208,1586,19946,1049,39622,3710,1798,1912
6670,41239,1588,19962,1051,39651,3711,1798,1913
6675,41270,1588,19975,1051,39682,3712,1798,1914
6680,41301,1588,19990,1051,39713,3713,1799,1914
6685,41332,1588,20004,1051,39744,3713,1799,1914
6690,41363,1588,20021,1051,39775,3713,1799,1914
6695,41394,1588,20035,1051,39806,3713,1799,1914
6700,41425,1588,20046,1051,39837,3713,1799,1914
6705,41456,1588,20057,1051,39868,3717,1801,1916
6710,41487,1588,20065,1051,39899,3721,1802,1919
6715,41518,1588,20080,1051,39930,3725,1804,1921
6720,41549,1588,20095,1051,39961,3729,1804,1925
6725,41580,1588,20111,1051,39992,3731,1805,1926
6730,41611,1588,20133,1051,40023,3733,1806,1927
6735,41642,1588,20150,1051,40054,3735,1807,1928
6740,41673,1588,20162,1051,40085,3737,1807,1930
6745,41704,1588,20179,1051,40116,3739,1807,1932
6750,41735,1588,20198,1051,40147,3742,1808,1934
6755,41766,1588,20215,1051,40178,3745,1808,1937
6760,41797,1588,20226,1051,40209,3748,1811,1937
6765,41828,1588,20240,1051,40240,3752,1814,1938
6770,41859,1589,20255,1052,40270,3755,1815,1940
6775,41890,1590,20270,1053,40300,3758,1817,1941
6780,41921,1592,20285,1053,40329,3761,1818,1943
6785,41952,1593,20299,1053,40359,3763,1820,1943
6790,41983,1595,20311,1055,40388,3765,1820,1945
6795,42014,1597,20328,1057,40417,3767,1821,1946
6800,42045,1599,20340,1058,40446,3769,1821,1948
6805,42076,1599,20357,1058,40477,3771,1821,1950
6810,42107,1599,20369,1058,40508,3773,1822,1951
6815,42138,1599,20383,1058,40539,3775,1822,1953
6820,42169,1599,20397,1058,40570,3777,1822,1955
6825,42200,1599,20417,1058,40601,3781,1825,1956
6830,42231,1599,20436,1058,40632,3786,1826,1960
6835,42262,1599,20450,1058,40663,3791,1829,1962
6840,42293,1599,20466,1058,40694,3796,1832,1964
6845,42324,1599,20480,1058,40725,3798,1833,1965
6850,42355,1599,20497,1058,40756,3799,1834,1965
6855,42386,1599,20510,1058,40787,3800,1834,1966
6860,42417,1599,20524,1058,40818,3801,1834,1967
6865,42448,1599,20537,1058,40849,3802,1834,1968
6870,42479,1599,20554,1058,40880,3803,1835,1968
6875,42510,1599,20567,1058,40911,3804,1835,1969
6880,42541,1599,20585,1058,40942,3805,1835,1970
6885,42572,1600,20599,1059,40972,3806,1836,1970
6890,42603,1601,20620,1060,41002,3810,1839,1971
6895,42634,1602,20626,1060,41032,3814,1840,1974
6900,42665,1603,20645,1061,41062,3818,1842,1976
6905,42696,1606,20657,1064,41090,3822,1843,1979
6910,42727,1609,20672,1066,41118,3826,1845,1981
6915,42758,1610,20687,1066,41148,3828,1845,1983
6920,42789,1610,20703,1066,41179,3830,1846,1984
6925,42820,1610,20719,1066,41210,3832,1848,1984
6930,42851,1610,20737,1066,41241,3834,1849,1985
6935,42882,1610,20754,1066,41272,3836,1849,1987
6940,42913,1610,20763,1066,41303,3838,1849,1989
6945,42944,1610,20779,1066,41334,3840,1849,1991
6950,42975,1610,20792,1066,41365,3845,1851,1994
6955,43006,1610,20800,1066,41396,3850,1853,1997
6960,43037,1610,20818,1066,41427,3855,1855,2000
6965,43068,1610,20831,1066,41458,3855,1855,2000
6970,43099,1610,20845,1066,41489,3855,1855,2000
6975,43130,1610,20856,1066,41520,3855,1855,2000
6980,43161,1610,20868,1066,41551,3855,1855,2000
6985,43192,1610,20884,1066,41582,3855,1855,2000
6990,43223,1610,20899,1066,41613,3855,1855,2000
6995,43254,1610,20906,1066,41644,3855,1855,2000
7000,43285,1610,20926,1066,41675,3855,1855,2000
7005,43316,1610,20941,1066,41706,3855,1855,2000
7010,43347,1611,20956,1067,41736,3855,1855,2000
7015,43378,1612,20968,1068,41766,3858,1857,2001
7020,43409,1614,20977,1069,41795,3861,1858,2003
7025,43440,1617,20995,1071,41823,3866,1861,2005
7030,43471,1620,21013,1074,41851,3869,1863,2006
7035,43502,1622,21023,1075,41880,3872,1863,2009
7040,43533,1622,21042,1075,41911,3874,1865,2009
7045,43564,1622,21058,1075,41942,3876,1867,2009
7050,43595,1622,21073,1075,41973,3878,1868,2010
7055,43626,1622,21089,1075,42004,3880,1869,2011
7060,43657,1622,21109,1075,42035,3882,1870,2012
7065,43688,1622,21124,1075,42066,3884,1872,2012
7070,43719,1622,21136,1075,42097,3887,1874,2013
7075,43750,1622,21151,1075,42128,3890,1875,2015
7080,43781,1622,21166,1075,42159,3893,1877,2016
7085,43812,1622,21183,1075,42190,3896,1879,2017
7090,43843,1622,21199,1075,42221,3899,1879,2020
7095,43874,1622,21211,1075,42252,3902,1879,2023
7100,43905,1622,21225,1075,42283,3904,1880,2024
7105,43936,1622,21234,1075,42314,3906,1880,2026
7110,43967,1622,21245,1075,42345,3908,1880,2028
7115,43998,1622,21262,1075,42376,3910,1881,2029
7120,44029,1622,21277,1075,42407,3912,1881,2031
7125,44060,1622,21290,1075,42438,3914,1881,2033
7130,44091,1624,21305,1077,42466,3918,1882,2036
7135,44122,1626,21322,1078,42496,3923,1886,2037
7140,44153,1629,21339,1080,42524,3929,1889,2040
7145,44184,1630,21358,1081,42554,3930,1890,2040
7150,44215,1632,21376,1083,42583,3931,1891,2040
7155,44246,1633,21386,1083,42613,3932,1891,2041
7160,44277,1635,21405,1084,42642,3933,1892,2041
7165,44308,1636,21419,1084,42672,3934,1893,2041
7170,44339,1637,21432,1084,42702,3935,1894,2041
7175,44370,1639,21450,1086,42731,3936,1895,2041
7180,44401,1641,21473,1088,42760,3937,1896,2041
7185,44432,1643,21487,1089,42789,3938,1897,2041
7190,44463,1643,21505,1089,42820,3940,1899,2041
7195,44494,1643,21519,1089,42851,3942,1899,2043
7200,44525,1643,21536,1089,42882,3943,1899,2044
7205,44556,1643,21550,1089,42913,3945,1901,2044
7210,44587,1643,21562,1089,42944,3946,1901,2045
7215,44618,1643,21577,1089,42975,3947,1902,2045
7220,44649,1643,21591,1089,43006,3948,1903,2045
7225,44680,1643,21604,1089,43037,3949,1903,2046
7230,44711,1643,21617,1089,43068,3950,1903,2047
7235,44742,1643,21629,1089,43099,3951,1903,2048
7240,44773,1643,21641,1089,43130,3952,1903,2049
7245,44804,1643,21651,1089,43161,3954,1903,2051
7250,44835,1644,21666,1090,43190,3957,1904,2053
7255,44866,1646,21675,1092,43220,3961,1905,2056
7260,44897,1647,21693,1093,43249,3965,1908,2057
7265,44928,1648,21707,1094,43280,3968,1909,2059
7270,44959,1648,21728,1094,43311,3972,1912,2060
7275,44990,1648,21745,1094,43342,3976,1916,2060
7280,45021,1648,21764,1094,43373,3980,1919,2061
7285,45052,1648,21775,1094,43404,3984,1920,2064
7290,45083,1648,21786,1094,43435,3987,1920,2067
7295,45114,1648,21800,1094,43466,3990,1920,2070
7300,45145,1648,21813,1094,43497,3993,1920,2073
7305,45176,1648,21828,1094,43528,3997,1922,2075
7310,45207,1648,21841,1094,43559,4002,1923,2079
7315,45238,1648,21860,1094,43590,4007,1924,2083
7320,45269,1648,21872,1094,43621,4012,1926,2086
7325,45300,1649,21886,1094,43651,4014,1927,2087
7330,45331,1651,21898,1095,43680,4016,1929,2087
7335,45362,1653,21920,1096,43709,4018,1931,2087
7340,45393,1655,21934,1098,43738,4020,1932,2088
7345,45424,1657,21951,1099,43767,4022,1934,2088
7350,45455,1659,21965,1101,43796,4024,1935,2089
7355,45486,1659,21976,1101,43827,4025,1935,2090
7360,45517,1659,21992,1101,43858,4026,1935,2091
7365,45548,1659,22008,1101,43889,4027,1936,2091
7370,45579,1660,22025,1101,43919,4028,1937,2091
7375,45610,1663,22044,1103,43947,4029,1937,2092
7380,45641,1666,22062,1106,43975,4030,1937,2093
7385,45672,1668,22074,1107,44004,4032,1937,2095
7390,45703,1669,22085,1108,44034,4034,1937,2097
7395,45734,1671,22100,1109,44063,4036,1939,2097
7400,45765,1672,22112,1109,44093,4038,1940,2098
7405,45796,1672,22132,1109,44124,4040,1942,2098
7410,45827,1672,22147,1109,44155,4042,1943,2099
7415,45858,1672,22164,1109,44186,4044,1945,2099
7420,45889,1672,22183,1109,44217,4046,1945,2101
7425,45920,1672,22201,1109,44248,4050,1948,2102
7430,45951,1672,22220,1109,44279,4055,1952,2103
7435,45982,1672,22234,1109,44310,4060,1953,2107
7440,46013,1672,22249,1109,44341,4065,1954,2111
7445,46044,1673,22263,1109,44370,4069,1956,2113
7450,46075,1675,22274,1110,44400,4073,1958,2115
7455,46106,1676,22288,1110,44430,4075,1959,2116
7460,46137,1677,22305,1111,44460,4077,1961,2116
7465,46168,1678,22320,1112,44490,4079,1962,2117
7470,46199,1679,22338,1113,44520,4081,1964,2117
7475,46230,1680,22353,1114,44550,4083,1965,2118
7480,46261,1681,22370,1115,44580,4085,1966,2119
7485,46292,1682,22388,1116,44610,4087,1967,2120
7490,46323,1683,22403,1117,44640,4090,1969,2121
7495,46354,1685,22421,1118,44669,4093,1971,2122
7500,46385,1686,22435,1119,44699,4096,1972,2124
7505,46416,1689,22448,1120,44727,4099,1973,2126
7510,46447,1691,22467,1121,44756,4102,1974,2128
7515,46478,1693,22479,1122,44785,4105,1975,2130
7520,46509,1695,22492,1123,44814,4108,1977,2131
7525,46540,1697,22507,1124,44843,4111,1978,2133
7530,46571,1699,22521,1125,44872,4114,1981,2133
7535,46602,1703,22539,1128,44899,4117,1984,2133
7540,46633,1703,22551,1128,44930,4120,1986,2134
7545,46664,1703,22566,1128,44961,4123,1988,2135
7550,46695,1703,22583,1128,44992,4126,1989,2137
7555,46726,1703,22599,1128,45023,4130,1990,2140
7560,46757,1703,22614,1128,45054,4134,1993,2141
7565,46788,1703,22632,1128,45085,4138,1994,2144
7570,46819,1703,22641,1128,45116,4142,1994,2148
7575,46850,1703,22655,1128,45147,4146,1995,2151
7580,46881,1703,22669,1128,45178,4150,1998,2152
7585,46912,1703,22686,1128,45209,4154,2001,2153
7590,46943,1703,22704,1128,45240,4158,2004,2154
7595,46974,1703,22722,1128,45271,4162,2007,2155
7600,47005,1703,22739,1128,45302,4165,2009,2156
7605,47036,1703,22749,1128,45333,4168,2010,2158
7610,47067,1704,22764,1128,45363,4170,2011,2159
7615,47098,1705,22779,1128,45393,4172,2011,2161
7620,47129,1706,22794,1129,45423,4174,2013,2161
7625,47160,1707,22805,1129,45453,4177,2013,2164
7630,47191,1709,22816,1130,45482,4180,2014,2166
7635,47222,1710,22835,1131,45512,4183,2016,2167
7640,47253,1711,22851,1132,45542,4186,2017,2169
7645,47284,1713,22862,1134,45571,4189,2018,2171
7650,47315,1715,22876,1135,45600,4192,2020,2172
7655,47346,1717,22890,1136,45629,4196,2022,2174
7660,47377,1720,22904,1139,45657,4200,2023,2177
7665,47408,1723,22917,1141,45685,4204,2025,2179
7670,47439,1726,22927,1143,45713,4208,2027,2181
7675,47470,1730,22940,1146,45740,4212,2028,2184
7680,47501,1734,22956,1149,45767,4216,2030,2186
7685,47532,1736,22965,1150,45796,4218,2030,2188
7690,47563,1736,22975,1150,45827,4219,2030,2189
7695,47594,1736,22990,1150,45858,4219,2030,2189
7700,47625,1736,23008,1150,45889,4219,2030,2189
7705,47656,1736,23023,1150,45920,4219,2030,2189
7710,47687,1736,23041,1150,45951,4219,2030,2189
7715,47718,1736,23059,1150,45982,4219,2030,2189
7720,47749,1736,23077,1150,46013,4219,2030,2189
7725,47780,1736,23093,1150,46044,4219,2030,2189
7730,47811,1736,23110,1150,46075,4219,2030,2189
7735,47842,1736,23127,1150,46106,4219,2030,2189
7740,47873,1736,23140,1150,46137,4219,2030,2189
7745,47904,1738,23149,1151,46166,4221,2030,2191
7750,47935,1740,23161,1152,46194,4222,2031,2191
7755,47966,1743,23178,1155,46223,4223,2032,2191
7760,47997,1745,23192,1156,46252,4224,2032,2192
7765,48028,1747,23206,1158,46281,4225,2032,2193
7770,48059,1748,23224,1158,46311,4226,2032,2194
7775,48090,1748,23236,1158,46342,4226,2032,2194
7780,48121,1748,23254,1158,46373,4226,2032,2194
7785,48152,1748,23273,1158,46404,4228,2034,2194
7790,48183,1749,23290,1159,46434,4231,2035,2196
7795,48214,1750,23300,1159,46464,4234,2036,2198
7800,48245,1751,23314,1159,46494,4237,2037,2200
7805,48276,1753,23331,1160,46523,4239,2038,2201
7810,48307,1754,23343,1160,46553,4241,2040,2201
7815,48338,1755,23359,1161,46583,4243,2041,2202
7820,48369,1757,23374,1162,46612,4245,2041,2204
7825,48400,1759,23385,1163,46641,4247,2041,2206
7830,48431,1761,23400,1164,46670,4249,2042,2207
7835,48462,1763,23417,1165,46699,4251,2043,2208
7840,48493,1764,23432,1166,46729,4253,2044,2209
7845,48524,1765,23448,1167,46759,4255,2044,2211
7850,48555,1766,23464,1168,46789,4258,2045,2213
7855,48586,1767,23475,1169,46819,4261,2047,2214
7860,48617,1768,23490,1169,46849,4264,2049,2215
7865,48648,1770,23505,1170,46878,4268,2052,2216
7870,48679,1773,23523,1172,46905,4271,2053,2218
7875,48710,1777,23538,1176,46932,4275,2054,2221
7880,48741,1782,23556,1179,46958,4279,2056,2223
7885,48772,1785,23571,1182,46986,4282,2057,2225
7890,48803,1787,23582,1183,47015,4285,2059,2226
7895,48834,1789,23599,1184,47045,4288,2061,2227
7900,48865,1790,23608,1184,47075,4291,2062,2229
7905,48896,1791,23620,1184,47105,4295,2065,2230
7910,48927,1792,23632,1184,47135,4299,2066,2233
7915,48958,1794,23649,1186,47164,4303,2068,2235
7920,48989,1795,23657,1187,47194,4307,2070,2237
7925,49020,1796,23679,1188,47224,4311,2073,2238
7930,49051,1797,23694,1188,47254,4315,2075,2240
7935,49082,1798,23710,1188,47284,4319,2078,2241
7940,49113,1800,23730,1190,47313,4323,2080,2243
7945,49144,1801,23743,1190,47343,4327,2081,2246
7950,49175,1801,23763,1190,47374,4330,2083,2247
7955,49206,1801,23775,1190,47405,4333,2086,2247
7960,49237,1801,23793,1190,47436,4336,2088,2248
7965,49268,1801,23807,1190,47467,4339,2089,2250
7970,49299,1801,23821,1190,47498,4343,2089,2254
7975,49330,1801,23833,1190,47529,4346,2092,2254
7980,49361,1801,23848,1190,47560,4349,2094,2255
7985,49392,1801,23865,1190,47591,4353,2097,2256
7990,49423,1801,23883,1190,47622,4357,2099,2258
7995,49454,1801,23895,1190,47653,4361,2102,2259
8000,49485,1801,23909,1190,47684,4364,2103,2261
8005,49516,1801,23924,1190,47715,4367,2104,2263
8010,49547,1801,23939,1190,47746,4370,2106,2264
8015,49578,1801,23951,1190,47777,4373,2109,2264
8020,49609,1801,23969,1190,47808,4376,2111,2265
8025,49640,1801,23982,1190,47839,4379,2112,2267
8030,49671,1803,24000,1191,47868,4382,2114,2268
8035,49702,1804,24017,1192,47898,4385,2114,2271
8040,49733,1807,24031,1195,47926,4388,2114,2274
8045,49764,1808,24044,1196,47956,4390,2115,2275
8050,49795,1809,24060,1196,47986,4392,2116,2276
8055,49826,1810,24074,1197,48016,4394,2118,2276
8060,49857,1811,24086,1197,48046,4396,2120,2276
8065,49888,1812,24097,1197,48076,4398,2122,2276
8070,49919,1813,24113,1197,48106,4400,2122,2278
8075,49950,1814,24129,1197,48136,4402,2123,2279
8080,49981,1815,24148,1198,48166,4405,2124,2281
8085,50012,1816,24159,1199,48196,4408,2126,2282
8090,50043,1817,24170,1200,48226,4411,2127,2284
8095,50074,1818,24184,1200,48256,4415,2128,2287
8100,50105,1819,24195,1200,48286,4420,2130,2290
8105,50136,1820,24208,1200,48316,4423,2130,2293
8110,50167,1821,24225,1201,48346,4425,2131,2294
8115,50198,1822,24236,1201,48376,4427,2132,2295
8120,50229,1823,24250,1202,48406,4428,2132,2296
8125,50260,1825,24270,1203,48435,4429,2133,2296
8130,50291,1827,24288,1205,48464,4430,2134,2296
8135,50322,1828,24303,1205,48494,4431,2135,2296
8140,50353,1830,24317,1206,48523,4432,2135,2297
8145,50384,1832,24333,1208,48552,4433,2136,2297
8150,50415,1835,24350,1210,48580,4434,2137,2297
8155,50446,1837,24364,1211,48609,4436,2138,2298
8160,50477,1839,24381,1213,48638,4438,2139,2299
8165,50508,1841,24396,1214,48667,4441,2140,2301
8170,50539,1842,24405,1214,48697,4444,2141,2303
8175,50570,1844,24418,1215,48726,4447,2141,2306
8180,50601,1846,24430,1216,48755,4449,2142,2307
8185,50632,1847,24448,1217,48785,4451,2143,2308
8190,50663,1848,24462,1217,48815,4453,2144,2309
8195,50694,1849,24478,1218,48845,4455,2145,2310
8200,50725,1850,24496,1218,48875,4457,2146,2311
8205,50756,1851,24512,1219,48905,4459,2146,2313
8210,50787,1852,24522,1219,48935,4462,2147,2315
8215,50818,1853,24543,1219,48965,4465,2149,2316
8220,50849,1854,24559,1220,48995,4468,2151,2317
8225,50880,1855,24576,1220,49025,4470,2152,2318
8230,50911,1856,24588,1220,49055,4472,2152,2320
8235,50942,1857,24600,1221,49085,4474,2152,2322
8240,50973,1858,24615,1221,49115,4476,2154,2322
8245,51004,1859,24631,1221,49145,4478,2155,2323
8250,51035,1860,24642,1222,49175,4480,2155,2325
8255,51066,1862,24661,1224,49204,4482,2155,2327
8260,51097,1864,24677,1224,49233,4484,2156,2328
8265,51128,1867,24689,1226,49261,4487,2157,2330
8270,51159,1868,24703,1226,49291,4491,2159,2332
8275,51190,1871,24722,1228,49319,4496,2162,2334
8280,51221,1873,24738,1229,49348,4503,2168,2335
8285,51252,1873,24749,1229,49379,4504,2168,2336
8290,51283,1873,24767,1229,49410,4505,2169,2336
8295,51314,1873,24782,1229,49441,4506,2169,2337
8300,51345,1873,24799,1229,49472,4507,2170,2337
8305,51376,1873,24811,1229,49503,4508,2171,2337
8310,51407,1873,24824,1229,49534,4509,2172,2337
8315,51438,1873,24843,1229,49565,4510,2172,2338
8320,51469,1873,24855,1229,49596,4511,2172,2339
8325,51500,1873,24870,1229,49627,4512,2172,2340
8330,51531,1873,24880,1229,49658,4514,2172,2342
8335,51562,1873,24894,1229,49689,4516,2173,2343
8340,51593,1873,24909,1229,49720,4518,2173,2345
8345,51624,1873,24922,1229,49751,4520,2174,2346
8350,51655,1873,24936,1229,49782,4522,2176,2346
8355,51686,1873,24951,1229,49813,4523,2176,2347
8360,51717,1873,24963,1229,49844,4524,2176,2348
8365,51748,1873,24979,1229,49875,4525,2176,2349
8370,51779,1873,24996,1229,49906,4526,2177,2349
8375,51810,1873,25011,1229,49937,4527,2178,2349
8380,51841,1873,25031,1229,49968,4528,2178,2350
8385,51872,1873,25046,1229,49999,4530,2178,2352
8390,51903,1875,25057,1230,50028,4533,2179,2354
8395,51934,1878,25072,1232,50056,4537,2182,2355
8400,51965,1880,25088,1233,50085,4541,2184,2357
8405,51996,1882,25103,1234,50114,4543,2184,2359
8410,52027,1885,25118,1236,50142,4545,2186,2359
8415,52058,1886,25134,1236,50172,4547,2187,2360
8420,52089,1888,25152,1238,50201,4549,2188,2361
8425,52120,1890,25160,1239,50230,4551,2189,2362
8430,52151,1890,25173,1239,50261,4553,2190,2363
8435,52182,1890,25188,1239,50292,4555,2192,2363
8440,52213,1890,25200,1239,50323,4557,2193,2364
8445,52244,1890,25220,1239,50354,4559,2194,2365
8450,52275,1890,25235,1239,50385,4561,2195,2366
8455,52306,1890,25258,1239,50416,4564,2197,2367
8460,52337,1890,25269,1239,50447,4567,2199,2368
8465,52368,1890,25283,1239,50478,4571,2201,2370
8470,52399,1890,25298,1239,50509,4575,2203,2372
8475,52430,1890,25311,1239,50540,4579,2204,2375
8480,52461,1890,25324,1239,50571,4583,2207,2376
8485,52492,1890,25340,1239,50602,4586,2207,2379
8490,52523,1890,25351,1239,50633,4589,2207,2382
8495,52554,1890,25362,1239,50664,4592,2207,2385
8500,52585,1890,25375,1239,50695,4596,2208,2388
8505,52616,1890,25392,1239,50726,4599,2209,2390
8510,52647,1891,25403,1240,50756,4603,2212,2391
8515,52678,1893,25418,1241,50785,4607,2213,2394
8520,52709,1895,25428,1242,50814,4610,2214,2396
8525,52740,1896,25439,1242,50844,4611,2214,2397
8530,52771,1898,25458,1244,50873,4612,2214,2398
8535,52802,1899,25473,1245,50903,4613,2215,2398
8540,52833,1900,25488,1245,50933,4614,2216,2398
8545,52864,1902,25504,1246,50962,4615,2217,2398
8550,52895,1904,25522,1248,50991,4616,2217,2399
8555,52926,1905,25536,1248,51021,4617,2218,2399
8560,52957,1905,25549,1248,51052,4618,2218,2400
8565,52988,1905,25562,1248,51083,4619,2218,2401
8570,53019,1905,25579,1248,51114,4620,2218,2402
8575,53050,1905,25599,1248,51145,4621,2218,2403
8580,53081,1905,25613,1248,51176,4622,2219,2403
8585,53112,1905,25629,1248,51207,4624,2219,2405
8590,53143,1905,25640,1248,51238,4626,2219,2407
8595,53174,1905,25654,1248,51269,4628,2220,2408
8600,53205,1905,25666,1248,51300,4630,2221,2409
8605,53236,1905,25687,1248,51331,4632,2222,2410
8610,53267,1905,25701,1248,51362,4633,2223,2410
8615,53298,1905,25715,1248,51393,4634,2224,2410
8620,53329,1905,25732,1248,51424,4636,2226,2410
8625,53360,1905,25749,1248,51455,4638,2228,2410
8630,53391,1908,25762,1251,51483,4641,2229,2412
8635,53422,1911,25773,1253,51510,4644,2230,2414
8640,53453,1914,25786,1255,51538,4647,2231,2416
8645,53484,1917,25802,1258,51567,4649,2232,2417
8650,53515,1919,25821,1260,51596,4651,2234,2417
8655,53546,1921,25835,1261,51625,4653,2234,2419
8660,53577,1921,25853,1261,51656,4655,2234,2421
8665,53608,1921,25864,1261,51687,4657,2234,2423
8670,53639,1921,25876,1261,51718,4659,2234,2425
8675,53670,1921,25895,1261,51749,4661,2236,2425
8680,53701,1921,25913,1261,51780,4663,2237,2426
8685,53732,1921,25931,1261,51811,4665,2239,2426
8690,53763,1921,25951,1261,51842,4667,2240,2427
8695,53794,1921,25966,1261,51873,4669,2241,2428
8700,53825,1921,25982,1261,51904,4671,2243,2428
8705,53856,1922,25994,1261,51933,4673,2244,2429
8710,53887,1924,26011,1262,51963,4676,2245,2431
8715,53918,1924,26021,1262,51994,4678,2246,2432
8720,53949,1924,26034,1262,52025,4680,2247,2433
8725,53980,1924,26045,1262,52056,4682,2247,2435
8730,54011,1924,26058,1262,52087,4684,2247,2437
8735,54042,1924,26072,1262,52118,4685,2248,2437
8740,54073,1924,26087,1262,52149,4687,2248,2439
8745,54104,1924,26105,1262,52180,4689,2250,2439
8750,54135,1924,26119,1262,52211,4691,2251,2440
8755,54166,1924,26135,1262,52242,4693,2253,2440
8760,54197,1924,26149,1262,52273,4695,2254,2441
8765,54228,1927,26165,1264,52301,4697,2255,2442
8770,54259,1929,26177,1265,52329,4699,2256,2443
8775,54290,1932,26191,1266,52358,4701,2258,2443
8780,54321,1936,26203,1269,52385,4703,2258,2445
8785,54352,1940,26220,1272,52412,4705,2259,2446
8790,54383,1945,26231,1277,52438,4707,2259,2448
8795,54414,1948,26243,1279,52466,4709,2259,2450
8800,54445,1952,26257,1282,52493,4711,2260,2451
8805,54476,1954,26273,1284,52522,4713,2261,2452
8810,54507,1954,26287,1284,52553,4715,2262,2453
8815,54538,1954,26303,1284,52584,4718,2263,2455
8820,54569,1954,26314,1284,52615,4721,2264,2457
8825,54600,1954,26328,1284,52646,4723,2265,2458
8830,54631,1954,26341,1284,52677,4726,2267,2459
8835,54662,1954,26355,1284,52708,4729,2270,2459
8840,54693,1954,26373,1284,52739,4733,2273,2460
8845,54724,1954,26385,1284,52770,4737,2274,2463
8850,54755,1954,26399,1284,52801,4741,2275,2466
8855,54786,1954,26412,1284,52832,4745,2277,2468
8860,54817,1954,26422,1284,52863,4749,2277,2472
8865,54848,1954,26438,1284,52894,4753,2279,2474
8870,54879,1954,26457,1284,52925,4757,2283,2474
8875,54910,1954,26474,1284,52956,4760,2285,2475
8880,54941,1954,26483,1284,52987,4763,2285,2478
8885,54972,1955,26506,1284,53016,4767,2289,2478
8890,55003,1957,26523,1286,53045,4770,2289,2481
8895,55034,1959,26539,1287,53074,4774,2292,2482
8900,55065,1961,26554,1289,53104,4778,2295,2483
8905,55096,1962,26571,1289,53134,4781,2296,2485
8910,55127,1964,26586,1290,53163,4784,2297,2487
8915,55158,1967,26601,1291,53191,4787,2298,2489
8920,55189,1969,26610,1292,53220,4790,2300,2490
8925,55220,1973,26626,1296,53247,4793,2301,2492
8930,55251,1977,26636,1299,53274,4796,2301,2495
8935,55282,1980,26651,1300,53302,4799,2303,2496
8940,55313,1986,26670,1306,53327,4802,2305,2497
8945,55344,1986,26684,1306,53358,4804,2306,2498
8950,55375,1986,26695,1306,53389,4806,2307,2499
8955,55406,1986,26709,1306,53420,4808,2307,2501
8960,55437,1986,26725,1306,53451,4810,2309,2501
8965,55468,1986,26742,1306,53482,4811,2310,2501
8970,55499,1986,26758,1306,53513,4812,2311,2501
8975,55530,1986,26771,1306,53544,4814,2311,2503
8980,55561,1986,26787,1306,53575,4817,2313,2504
8985,55592,1986,26798,1306,53606,4820,2313,2507
8990,55623,1986,26817,1306,53637,4823,2314,2509
8995,55654,1986,26829,1306,53668,4826,2316,2510
9000,55685,1986,26840,1306,53699,4829,2317,2512
9005,55716,1986,26851,1306,53730,4831,2318,2513
9010,55747,1986,26863,1306,53761,4833,2320,2513
9015,55778,1986,26881,1306,53792,4835,2322,2513
9020,55809,1986,26895,1306,53823,4837,2323,2514
9025,55840,1986,26911,1306,53854,4838,2323,2515
9030,55871,1986,26924,1306,53885,4839,2323,2516
9035,55902,1986,26943,1306,53916,4840,2324,2516
9040,55933,1986,26951,1306,53947,4841,2324,2517
9045,55964,1986,26967,1306,53977,4842,2324,2518
9050,55995,1989,26980,1308,54006,4844,2325,2519
9055,56026,1991,26992,1308,54035,4846,2326,2520
9060,56057,1993,27002,1308,54064,4849,2329,2520
9065,56088,1997,27015,1311,54091,4852,2331,2521
9070,56119,1999,27031,1312,54120,4854,2331,2523
9075,56150,2001,27040,1314,54149,4856,2331,2525
9080,56181,2002,27054,1314,54179,4858,2332,2526
9085,56212,2003,27074,1315,54209,4860,2333,2527
9090,56243,2005,27087,1317,54238,4862,2334,2528
9095,56274,2007,27106,1318,54267,4864,2334,2530
9100,56305,2008,27116,1318,54297,4866,2334,2532
9105,56336,2010,27131,1319,54326,4868,2334,2534
9110,56367,2011,27145,1320,54356,4871,2336,2535
9115,56398,2012,27162,1320,54386,4874,2337,2537
9120,56429,2013,27179,1321,54416,4877,2338,2539
9125,56460,2013,27198,1321,54447,4879,2339,2540
9130,56491,2013,27213,1321,54478,4880,2339,2541
9135,56522,2013,27230,1321,54509,4881,2340,2541
9140,56553,2013,27245,1321,54540,4882,2340,2542
9145,56584,2013,27260,1321,54571,4883,2340,2543
9150,56615,2013,27277,1321,54602,4884,2340,2544
9155,56646,2013,27293,1321,54633,4885,2340,2545
9160,56677,2013,27312,1321,54664,4886,2341,2545
9165,56708,2013,27328,1321,54695,4887,2342,2545
9170,56739,2013,27339,1321,54726,4890,2343,2547
9175,56770,2014,27356,1322,54756,4893,2343,2550
9180,56801,2015,27372,1323,54786,4896,2344,2552
9185,56832,2017,27385,1325,54815,4900,2344,2556
9190,56863,2019,27401,1327,54844,4904,2347,2557
9195,56894,2022,27414,1329,54872,4906,2348,2558
9200,56925,2026,27428,1332,54899,4908,2348,2560
9205,56956,2028,27439,1333,54928,4910,2349,2561
9210,56987,2030,27452,1334,54957,4912,2349,2563
9215,57018,2032,27463,1334,54986,4914,2350,2564
9220,57049,2034,27476,1334,55015,4916,2350,2566
9225,57080,2037,27490,1337,55043,4918,2350,2568
9230,57111,2040,27505,1339,55071,4921,2352,2569
9235,57142,2043,27520,1341,55099,4924,2355,2569
9240,57173,2045,27532,1342,55128,4927,2356,2571
9245,57204,2045,27542,1342,55159,4930,2356,2574
9250,57235,2045,27557,1342,55190,4933,2357,2576
9255,57266,2045,27574,1342,55221,4936,2359,2577
9260,57297,2045,27591,1342,55252,4938,2361,2577
9265,57328,2045,27604,1342,55283,4940,2362,2578
9270,57359,2045,27618,1342,55314,4942,2364,2578
9275,57390,2045,27635,1342,55345,4944,2364,2580
9280,57421,2045,27649,1342,55376,4946,2366,2580
9285,57452,2045,27661,1342,55407,4948,2367,2581
9290,57483,2045,27683,1342,55438,4951,2367,2584
9295,57514,2045,27694,1342,55469,4954,2367,2587
9300,57545,2045,27702,1342,55500,4959,2368,2591
9305,57576,2045,27718,1342,55531,4960,2369,2591
9310,57607,2045,27733,1342,55562,4961,2369,2592
9315,57638,2045,27743,1342,55593,4962,2369,2593
9320,57669,2045,27753,1342,55624,4963,2369,2594
9325,57700,2045,27772,1342,55655,4964,2369,2595
9330,57731,2045,27787,1342,55686,4965,2369,2596
9335,57762,2045,27801,1342,55717,4966,2369,2597
9340,57793,2045,27815,1342,55748,4967,2369,2598
9345,57824,2045,27831,1342,55779,4968,2369,2599
9350,57855,2047,27844,1343,55808,4969,2369,2600
9355,57886,2052,27861,1347,55834,4970,2369,2601
9360,57917,2055,27876,1349,55861,4972,2369,2603
9365,57948,2057,27889,1350,55891,4975,2370,2605
9370,57979,2057,27900,1350,55922,4977,2370,2607
9375,58010,2057,27918,1350,55953,4979,2372,2607
9380,58041,2057,27938,1350,55984,4981,2373,2608
9385,58072,2057,27956,1350,56015,4983,2375,2608
9390,58103,2057,27969,1350,56046,4985,2376,2609
9395,58134,2057,27982,1350,56077,4987,2378,2609
9400,58165,2057,27996,1350,56108,4989,2378,2611
9405,58196,2057,28011,1350,56139,4991,2379,2612
9410,58227,2057,28028,1350,56170,4995,2381,2614
9415,58258,2057,28045,1350,56201,5000,2384,2616
9420,58289,2057,28065,1350,56232,5003,2386,2617
9425,58320,2058,28080,1350,56262,5004,2387,2617
9430,58351,2060,28099,1351,56291,5005,2388,2617
9435,58382,2062,28116,1352,56320,5006,2388,2618
9440,58413,2063,28128,1352,56350,5007,2388,2619
9445,58444,2065,28146,1354,56379,5008,2389,2619
9450,58475,2066,28158,1354,56409,5009,2389,2620
9455,58506,2067,28178,1355,56439,5010,2390,2620
9460,58537,2068,28194,1355,56469,5011,2390,2621
9465,58568,2069,28211,1355,56499,5012,2391,2621
9470,58599,2070,28222,1355,56529,5013,2391,2622
9475,58630,2072,28235,1356,56558,5014,2391,2623
9480,58661,2074,28251,1358,56587,5015,2391,2624
9485,58692,2075,28261,1358,56617,5017,2391,2626
9490,58723,2078,28276,1361,56645,5019,2391,2628
9495,58754,2078,28290,1361,56676,5020,2392,2628
9500,58785,2078,28301,1361,56707,5021,2393,2628
9505,58816,2078,28317,1361,56738,5022,2394,2628
9510,58847,2078,28331,1361,56769,5023,2394,2629
9515,58878,2078,28347,1361,56800,5024,2394,2630
9520,58909,2078,28364,1361,56831,5025,2395,2630
9525,58940,2078,28379,1361,56862,5026,2395,2631
9530,58971,2078,28392,1361,56893,5030,2396,2634
9535,59002,2078,28409,1361,56924,5034,2398,2636
9540,59033,2078,28422,1361,56955,5036,2400,2636
9545,59064,2078,28434,1361,56986,5038,2402,2636
9550,59095,2078,28454,1361,57017,5040,2404,2636
9555,59126,2078,28466,1361,57048,5042,2405,2637
9560,59157,2078,28483,1361,57079,5044,2406,2638
9565,59188,2078,28494,1361,57110,5046,2406,2640
9570,59219,2078,28506,1361,57141,5048,2407,2641
9575,59250,2078,28519,1361,57172,5050,2408,2642
9580,59281,2078,28532,1361,57203,5052,2409,2643
9585,59312,2078,28549,1361,57234,5054,2411,2643
9590,59343,2080,28564,1362,57263,5057,2412,2645
9595,59374,2082,28577,1363,57292,5060,2413,2647
9600,59405,2084,28590,1364,57321,5063,2415,2648
9605,59436,2087,28604,1365,57349,5065,2417,2648
9610,59467,2089,28619,1367,57378,5067,2417,2650
9615,59498,2089,28635,1367,57409,5069,2419,2650
9620,59529,2089,28652,1367,57440,5071,2420,2651
9625,59560,2089,28669,1367,57471,5072,2421,2651
9630,59591,2089,28689,1367,57502,5073,2421,2652
9635,59622,2089,28707,1367,57533,5074,2422,2652
9640,59653,2089,28722,1367,57564,5075,2422,2653
9645,59684,2089,28740,1367,57595,5077,2424,2653
9650,59715,2089,28754,1367,57626,5079,2424,2655
9655,59746,2089,28771,1367,57657,5081,2425,2656
9660,59777,2089,28785,1367,57688,5083,2426,2657
9665,59808,2089,28802,1367,57719,5086,2427,2659
9670,59839,2089,28816,1367,57750,5089,2428,2661
9675,59870,2089,28830,1367,57781,5092,2429,2663
9680,59901,2089,28837,1367,57812,5095,2430,2665
9685,59932,2089,28854,1367,57843,5098,2431,2667
9690,59963,2089,28863,1367,57874,5101,2431,2670
9695,59994,2089,28879,1367,57905,5103,2432,2671
9700,60025,2089,28893,1367,57936,5105,2434,2671
9705,60056,2089,28913,1367,57967,5107,2436,2671
9710,60087,2089,28927,1367,57998,5112,2438,2674
9715,60118,2091,28944,1369,58027,5118,2442,2676
9720,60149,2094,28957,1370,58054,5124,2444,2680
9725,60180,2099,28971,1375,58081,5127,2445,2682
9730,60211,2103,28987,1377,58108,5130,2446,2684
9735,60242,2105,29003,1378,58137,5133,2449,2684
9740,60273,2107,29014,1380,58166,5136,2449,2687
9745,60304,2111,29031,1383,58193,5139,2450,2689
9750,60335,2115,29047,1385,58220,5142,2453,2689
9755,60366,2119,29064,1388,58247,5145,2454,2691
9760,60397,2120,29078,1389,58277,5148,2454,2694
9765,60428,2120,29095,1389,58308,5151,2455,2696
9770,60459,2120,29112,1389,58339,5154,2457,2697
9775,60490,2120,29124,1389,58370,5156,2458,2698
9780,60521,2120,29142,1389,58401,5158,2460,2698
9785,60552,2120,29159,1389,58432,5160,2462,2698
9790,60583,2120,29172,1389,58463,5162,2463,2699
9795,60614,2120,29184,1389,58494,5165,2464,2701
9800,60645,2120,29199,1389,58525,5168,2464,2704
9805,60676,2120,29218,1389,58556,5171,2465,2706
9810,60707,2120,29234,1389,58587,5174,2468,2706
9815,60738,2120,29253,1389,58618,5177,2470,2707
9820,60769,2120,29270,1389,58649,5180,2472,2708
9825,60800,2120,29286,1389,58680,5185,2474,2711
9830,60831,2120,29305,1389,58711,5191,2477,2714
9835,60862,2120,29319,1389,58742,5197,2481,2716
9840,60893,2120,29331,1389,58773,5200,2482,2718
9845,60924,2122,29346,1391,58801,5201,2482,2719
9850,60955,2124,29357,1393,58830,5202,2482,2720
9855,60986,2128,29372,1397,58858,5203,2483,2720
9860,61017,2131,29387,1399,58885,5204,2484,2720
9865,61048,2136,29401,1403,58912,5205,2484,2721
9870,61079,2137,29412,1403,58942,5206,2484,2722
9875,61110,2139,29427,1404,58971,5207,2485,2722
9880,61141,2141,29437,1406,59000,5209,2487,2722
9885,61172,2143,29452,1407,59029,5211,2489,2722
9890,61203,2146,29466,1410,59057,5213,2490,2723
9895,61234,2148,29480,1412,59086,5215,2491,2724
9900,61265,2149,29494,1412,59116,5217,2492,2725
9905,61296,2149,29509,1412,59147,5220,2493,2727
9910,61327,2149,29527,1412,59178,5222,2494,2728
9915,61358,2149,29544,1412,59209,5224,2495,2729
9920,61389,2149,29555,1412,59240,5226,2497,2729
9925,61420,2149,29573,1412,59271,5228,2498,2730
9930,61451,2149,29586,1412,59302,5230,2499,2731
9935,61482,2149,29602,1412,59333,5232,2500,2732
9940,61513,2149,29618,1412,59364,5237,2504,2733
9945,61544,2149,29632,1412,59395,5242,2508,2734
9950,61575,2149,29651,1412,59426,5247,2511,2736
9955,61606,2149,29667,1412,59457,5253,2514,2739
9960,61637,2149,29681,1412,59488,5256,2516,2740
9965,61668,2149,29694,1412,59519,5260,2517,2743
9970,61699,2151,29709,1414,59548,5264,2520,2744
9975,61730,2153,29724,1416,59577,5268,2522,2746
9980,61761,2155,29737,1418,59605,5271,2524,2747
9985,61792,2158,29754,1420,59633,5274,2525,2749
9990,61823,2161,29769,1422,59661,5277,2528,2749
9995,61854,2163,29780,1423,59690,5280,2529,2751
10000,61885,2166,29792,1425,59719,5283,2531,2752
10005,61916,2169,29806,1428,59746,5286,2531,2755
10010,61947,2173,29821,1431,59774,5289,2532,2757
10015,61978,2174,29842,1432,59804,5292,2533,2759
10020,62009,2176,29854,1433,59833,5294,2534,2760
10025,62040,2177,29867,1434,59863,5296,2534,2762
10030,62071,2179,29887,1436,59892,5298,2535,2763
10035,62102,2181,29903,1437,59921,5300,2537,2763
10040,62133,2183,29920,1438,59950,5302,2537,2765
10045,62164,2185,29935,1439,59979,5304,2537,2767
10050,62195,2186,29948,1440,60009,5306,2538,2768
10055,62226,2187,29964,1440,60039,5308,2540,2768
10060,62257,2188,29974,1441,60069,5313,2543,2770
10065,62288,2190,29988,1443,60098,5318,2545,2773
10070,62319,2191,30003,1443,60128,5323,2547,2776
10075,62350,2192,30014,1444,60158,5325,2548,2777
10080,62381,2192,30029,1444,60189,5328,2551,2777
10085,62412,2192,30044,1444,60220,5331,2552,2779
10090,62443,2192,30057,1444,60251,5334,2553,2781
10095,62474,2192,30069,1444,60282,5337,2553,2784
10100,62505,2192,30087,1444,60313,5340,2555,2785
10105,62536,2192,30102,1444,60344,5342,2556,2786
10110,62567,2192,30121,1444,60375,5344,2557,2787
10115,62598,2192,30134,1444,60406,5346,2557,2789
10120,62629,2193,30144,1445,60436,5348,2557,2791
10125,62660,2194,30160,1446,60466,5351,2560,2791
10130,62691,2195,30172,1446,60496,5354,2562,2792
10135,62722,2196,30191,1447,60526,5357,2564,2793
10140,62753,2197,30208,1448,60556,5360,2565,2795
10145,62784,2200,30219,1450,60584,5363,2565,2798
10150,62815,2204,30232,1452,60611,5366,2566,2800
10155,62846,2206,30246,1454,60640,5368,2567,2801
10160,62877,2209,30261,1456,60668,5370,2569,2801
10165,62908,2211,30271,1457,60697,5372,2569,2803
10170,62939,2212,30284,1457,60727,5374,2570,2804
10175,62970,2214,30296,1458,60756,5378,2571,2807
10180,63001,2217,30315,1461,60784,5383,2575,2808
10185,63032,2217,30326,1461,60815,5387,2578,2809
10190,63063,2217,30342,1461,60846,5390,2580,2810
10195,63094,2217,30357,1461,60877,5391,2581,2810
10200,63125,2217,30374,1461,60908,5392,2581,2811
10205,63156,2217,30391,1461,60939,5393,2582,2811
10210,63187,2217,30409,1461,60970,5394,2583,2811
10215,63218,2217,30420,1461,61001,5395,2583,2812
10220,63249,2217,30432,1461,61032,5396,2583,2813
10225,63280,2217,30446,1461,61063,5397,2584,2813
10230,63311,2217,30458,1461,61094,5398,2585,2813
10235,63342,2217,30473,1461,61125,5399,2586,2813
10240,63373,2217,30485,1461,61156,5400,2587,2813
10245,63404,2217,30503,1461,61187,5401,2587,2814
10250,63435,2217,30518,1461,61218,5403,2589,2814
10255,63466,2217,30535,1461,61249,5406,2591,2815
10260,63497,2217,30550,1461,61280,5409,2593,2816
10265,63528,2219,30566,1462,61309,5411,2593,2818
10270,63559,2222,30580,1463,61337,5413,2594,2819
10275,63590,2226,30594,1465,61364,5415,2595,2820
10280,63621,2229,30610,1466,61392,5417,2596,2821
10285,63652,2231,30622,1468,61421,5419,2597,2822
10290,63683,2234,30636,1469,61449,5421,2598,2823
10295,63714,2237,30648,1471,61477,5426,2599,2827
10300,63745,2240,30665,1473,61505,5431,2602,2829
10305,63776,2242,30683,1474,61534,5437,2606,2831
10310,63807,2243,30696,1474,61564,5443,2611,2832
10315,63838,2244,30714,1474,61594,5446,2614,2832
10320,63869,2245,30727,1475,61624,5449,2616,2833
10325,63900,2247,30743,1477,61653,5451,2617,2834
10330,63931,2249,30758,1479,61682,5453,2617,2836
10335,63962,2251,30775,1480,61711,5455,2618,2837
10340,63993,2253,30790,1482,61740,5457,2618,2839
10345,64024,2254,30807,1483,61770,5459,2619,2840
10350,64055,2256,30822,1484,61799,5461,2619,2842
10355,64086,2257,30840,1484,61829,5463,2619,2844
10360,64117,2259,30854,1485,61858,5465,2620,2845
10365,64148,2260,30874,1486,61888,5467,2621,2846
10370,64179,2262,30889,1487,61917,5469,2621,2848
10375,64210,2262,30905,1487,61948,5471,2622,2849
10380,64241,2262,30919,1487,61979,5473,2622,2851
10385,64272,2263,30930,1488,62009,5475,2622,2853
10390,64303,2264,30948,1488,62039,5477,2623,2854
10395,64334,2265,30961,1488,62069,5479,2625,2854
10400,64365,2266,30977,1488,62099,5481,2626,2855
10405,64396,2267,30991,1488,62129,5483,2627,2856
10410,64427,2268,31009,1489,62159,5485,2627,2858
10415,64458,2269,31027,1490,62189,5489,2629,2860
10420,64489,2270,31042,1491,62219,5494,2632,2862
10425,64520,2271,31056,1492,62249,5499,2635,2864
10430,64551,2272,31075,1492,62279,5504,2639,2865
10435,64582,2273,31093,1493,62309,5506,2641,2865
10440,64613,2274,31105,1493,62339,5508,2642,2866
10445,64644,2277,31117,1494,62367,5509,2643,2866
10450,64675,2281,31135,1497,62394,5510,2643,2867
10455,64706,2284,31153,1499,62422,5511,2643,2868
10460,64737,2288,31174,1502,62449,5512,2643,2869
10465,64768,2290,31189,1504,62478,5513,2643,2870
10470,64799,2292,31201,1506,62507,5514,2643,2871
10475,64830,2293,31221,1506,62537,5515,2643,2872
10480,64861,2294,31236,1506,62567,5516,2643,2873
10485,64892,2295,31249,1506,62596,5517,2643,2874
10490,64923,2297,31270,1508,62626,5519,2643,2876
10495,64954,2299,31283,1510,62655,5521,2643,2878
10500,64985,2299,31298,1510,62686,5522,2644,2878
10505,65016,2299,31313,1510,62717,5525,2646,2879
10510,65047,2299,31326,1510,62748,5528,2648,2880
10515,65078,2299,31338,1510,62779,5531,2650,2881
10520,65109,2299,31350,1510,62810,5534,2650,2884
10525,65140,2299,31364,1510,62841,5537,2651,2886
10530,65171,2299,31379,1510,62872,5539,2652,2887
10535,65202,2299,31393,1510,62903,5542,2653,2889
10540,65233,2299,31410,1510,62934,5546,2654,2892
10545,65264,2299,31423,1510,62965,5549,2654,2895
10550,65295,2299,31442,1510,62996,5552,2657,2895
10555,65326,2299,31460,1510,63027,5556,2660,2896
10560,65357,2299,31469,1510,63058,5558,2660,2898
10565,65388,2299,31486,1510,63089,5560,2660,2900
10570,65419,2301,31504,1512,63118,5562,2661,2901
10575,65450,2303,31523,1514,63147,5564,2661,2903
10580,65481,2304,31537,1514,63177,5566,2662,2904
10585,65512,2306,31548,1516,63206,5568,2663,2905
10590,65543,2307,31563,1516,63236,5570,2664,2906
10595,65574,2309,31581,1517,63265,5572,2666,2906
10600,65605,2311,31597,1518,63294,5574,2667,2907
10605,65636,2313,31614,1520,63322,5576,2669,2907
10610,65667,2317,31629,1524,63350,5578,2670,2908
10615,65698,2321,31648,1528,63376,5580,2672,2908
10620,65729,2325,31662,1530,63404,5582,2672,2910
10625,65760,2325,31674,1530,63435,5583,2672,2911
10630,65791,2325,31688,1530,63466,5584,2673,2911
10635,65822,2325,31706,1530,63497,5585,2674,2911
10640,65853,2325,31718,1530,63528,5586,2675,2911
10645,65884,2325,31740,1530,63559,5588,2677,2911
10650,65915,2325,31753,1530,63590,5590,2679,2911
10655,65946,2325,31761,1530,63621,5592,2679,2913
10660,65977,2325,31781,1530,63652,5594,2680,2914
10665,66008,2325,31795,1530,63683,5596,2681,2915
10670,66039,2325,31811,1530,63714,5598,2683,2915
10675,66070,2325,31825,1530,63745,5600,2685,2915
10680,66101,2325,31840,1530,63776,5602,2686,2916
10685,66132,2325,31855,1530,63807,5604,2687,2917
10690,66163,2325,31870,1530,63838,5606,2688,2918
10695,66194,2325,31879,1530,63869,5607,2689,2918
10700,66225,2325,31892,1530,63900,5608,2689,2919
10705,66256,2325,31908,1530,63931,5609,2690,2919
10710,66287,2325,31926,1530,63962,5610,2690,2920
10715,66318,2325,31942,1530,63993,5611,2691,2920
10720,66349,2325,31955,1530,64024,5612,2691,2921
10725,66380,2325,31967,1530,64055,5614,2692,2922
10730,66411,2327,31980,1531,64083,5618,2693,2925
10735,66442,2331,31995,1533,64110,5621,2693,2928
10740,66473,2335,32010,1536,64138,5623,2694,2929
10745,66504,2339,32025,1538,64165,5626,2695,2931
10750,66535,2341,32040,1540,64194,5629,2697,2932
10755,66566,2343,32050,1542,64223,5632,2698,2934
10760,66597,2345,32066,1544,64252,5634,2700,2934
10765,66628,2345,32081,1544,64283,5636,2701,2935
10770,66659,2345,32098,1544,64314,5638,2703,2935
10775,66690,2345,32114,1544,64345,5640,2704,2936
10780,66721,2345,32131,1544,64376,5642,2704,2938
10785,66752,2345,32146,1544,64407,5644,2705,2939
10790,66783,2345,32158,1544,64438,5646,2706,2940
10795,66814,2345,32173,1544,64469,5648,2707,2941
10800,66845,2345,32191,1544,64500,5650,2708,2942
10805,66876,2345,32207,1544,64531,5652,2709,2943
10810,66907,2345,32221,1544,64562,5654,2711,2943
10815,66938,2345,32236,1544,64593,5656,2712,2944
10820,66969,2345,32248,1544,64624,5659,2713,2946
10825,67000,2345,32267,1544,64655,5662,2715,2947
10830,67031,2345,32283,1544,64686,5665,2716,2949
10835,67062,2345,32302,1544,64717,5669,2718,2951
10840,67093,2345,32318,1544,64748,5675,2721,2954
10845,67124,2345,32330,1544,64779,5681,2724,2957
10850,67155,2345,32347,1544,64810,5687,2727,2960
10855,67186,2346,32367,1545,64840,5691,2728,2963
10860,67217,2347,32379,1546,64870,5696,2730,2966
10865,67248,2350,32394,1549,64898,5699,2730,2969
10870,67279,2353,32407,1550,64926,5702,2732,2970
10875,67310,2356,32424,1552,64954,5705,2734,2971
10880,67341,2359,32440,1553,64982,5708,2735,2973
10885,67372,2361,32454,1555,65011,5710,2737,2973
10890,67403,2364,32467,1557,65039,5712,2738,2974
10895,67434,2368,32482,1560,65066,5714,2739,2975
10900,67465,2371,32495,1562,65094,5716,2740,2976
10905,67496,2374,32512,1564,65122,5718,2742,2976
10910,67527,2376,32525,1565,65151,5720,2742,2978
10915,67558,2380,32539,1569,65178,5722,2743,2979
10920,67589,2380,32559,1569,65209,5724,2744,2980
10925,67620,2380,32579,1569,65240,5726,2745,2981
10930,67651,2380,32593,1569,65271,5728,2747,2981
10935,67682,2380,32608,1569,65302,5730,2749,2981
10940,67713,2380,32617,1569,65333,5732,2751,2981
10945,67744,2380,32634,1569,65364,5734,2753,2981
10950,67775,2380,32646,1569,65395,5736,2754,2982
10955,67806,2380,32661,1569,65426,5739,2754,2985
10960,67837,2380,32672,1569,65457,5742,2756,2986
10965,67868,2380,32686,1569,65488,5747,2758,2989
10970,67899,2380,32702,1569,65519,5751,2760,2991
10975,67930,2380,32720,1569,65550,5755,2762,2993
10980,67961,2380,32731,1569,65581,5758,2764,2994
10985,67992,2380,32747,1569,65612,5761,2766,2995
10990,68023,2380,32766,1569,65643,5764,2768,2996
10995,68054,2380,32778,1569,65674,5767,2769,2998
11000,68085,2380,32793,1569,65705,5770,2770,3000
11005,68116,2380,32805,1569,65736,5773,2771,3002
11010,68147,2380,32818,1569,65767,5776,2773,3003
11015,68178,2380,32836,1569,65798,5778,2775,3003
11020,68209,2381,32846,1570,65828,5780,2775,3005
11025,68240,2384,32862,1573,65856,5782,2776,3006
11030,68271,2387,32879,1575,65884,5784,2778,3006
11035,68302,2390,32889,1578,65912,5786,2778,3008
11040,68333,2393,32905,1580,65940,5788,2779,3009
11045,68364,2395,32917,1580,65969,5791,2781,3010
11050,68395,2397,32930,1580,65998,5793,2783,3010
11055,68426,2399,32942,1581,66027,5795,2783,3012
11060,68457,2402,32963,1584,66055,5796,2784,3012
11065,68488,2404,32981,1586,66084,5797,2785,3012
11070,68519,2406,32995,1587,66113,5799,2787,3012
11075,68550,2408,33007,1588,66142,5801,2788,3013
11080,68581,2410,33021,1588,66170,5803,2788,3015
11085,68612,2414,33032,1591,66198,5805,2790,3015
11090,68643,2417,33048,1593,66226,5807,2790,3017
11095,68674,2419,33064,1595,66255,5809,2790,3019
11100,68705,2421,33079,1595,66283,5811,2790,3021
11105,68736,2424,33099,1598,66312,5815,2793,3022
11110,68767,2424,33113,1598,66343,5817,2794,3023
11115,68798,2424,33124,1598,66374,5819,2796,3023
11120,68829,2424,33140,1598,66405,5821,2797,3024
11125,68860,2424,33155,1598,66436,5823,2798,3025
11130,68891,2424,33167,1598,66467,5825,2799,3026
11135,68922,2424,33182,1598,66498,5827,2799,3028
11140,68953,2424,33195,1598,66529,5829,2800,3029
11145,68984,2424,33204,1598,66560,5831,2800,3031
11150,69015,2424,33219,1598,66591,5834,2800,3034
11155,69046,2424,33229,1598,66622,5837,2801,3036
11160,69077,2424,33242,1598,66653,5841,2803,3038
11165,69108,2426,33253,1600,66682,5843,2805,3038
11170,69139,2427,33267,1601,66712,5845,2807,3038
11175,69170,2429,33287,1603,66741,5847,2808,3039
11180,69201,2430,33299,1603,66771,5849,2809,3040
11185,69232,2432,33317,1605,66800,5851,2809,3042
11190,69263,2434,33330,1606,66829,5853,2810,3043
11195,69294,2435,33342,1607,66859,5855,2811,3044
11200,69325,2436,33355,1608,66889,5857,2812,3045
11205,69356,2438,33373,1609,66917,5859,2813,3046
11210,69387,2440,33385,1610,66947,5861,2815,3046
11215,69418,2442,33401,1612,66976,5864,2816,3048
11220,69449,2444,33414,1613,67005,5867,2817,3050
11225,69480,2445,33424,1613,67035,5869,2817,3052
11230,69511,2447,33443,1615,67064,5870,2818,3052
11235,69542,2449,33456,1616,67093,5871,2818,3053
11240,69573,2450,33471,1617,67123,5872,2819,3053
11245,69604,2452,33483,1618,67152,5873,2820,3053
11250,69635,2454,33494,1619,67181,5874,2820,3054
11255,69666,2455,33509,1620,67211,5875,2820,3055
11260,69697,2457,33525,1622,67240,5876,2821,3055
11265,69728,2458,33541,1623,67270,5877,2821,3056
11270,69759,2460,33556,1624,67299,5879,2822,3057
11275,69790,2460,33571,1624,67330,5884,2826,3058
11280,69821,2460,33585,1624,67361,5888,2828,3060
11285,69852,2461,33599,1624,67391,5890,2829,3061
11290,69883,2463,33613,1626,67420,5892,2829,3063
11295,69914,2466,33632,1628,67448,5894,2830,3064
11300,69945,2467,33646,1628,67478,5896,2831,3065
11305,69976,2469,33664,1630,67507,5898,2831,3067
11310,70007,2471,33683,1631,67536,5900,2832,3068
11315,70038,2473,33694,1633,67565,5902,2832,3070
11320,70069,2475,33713,1634,67594,5904,2834,3070
11325,70100,2476,33728,1634,67624,5906,2834,3072
11330,70131,2477,33742,1634,67653,5908,2835,3073
11335,70162,2479,33757,1635,67683,5911,2836,3075
11340,70193,2479,33773,1635,67714,5915,2838,3077
11345,70224,2479,33785,1635,67745,5919,2840,3079
11350,70255,2479,33802,1635,67776,5921,2841,3080
11355,70286,2479,33811,1635,67807,5923,2841,3082
11360,70317,2479,33823,1635,67838,5925,2841,3084
11365,70348,2479,33836,1635,67869,5927,2842,3085
11370,70379,2479,33853,1635,67900,5929,2844,3085
11375,70410,2479,33866,1635,67931,5931,2845,3086
11380,70441,2480,33881,1635,67961,5933,2847,3086
11385,70472,2481,33894,1635,67991,5935,2848,3087
11390,70503,2483,33910,1637,68020,5938,2849,3089
11395,70534,2485,33922,1638,68049,5941,2850,3091
11400,70565,2487,33942,1640,68078,5944,2853,3091
11405,70596,2488,33957,1641,68108,5947,2854,3093
11410,70627,2490,33973,1642,68137,5950,2854,3096
11415,70658,2491,33983,1642,68167,5953,2855,3098
11420,70689,2493,33996,1644,68196,5956,2855,3101
11425,70720,2494,34008,1644,68226,5959,2856,3103
11430,70751,2495,34021,1644,68256,5962,2858,3104
11435,70782,2497,34036,1645,68285,5965,2860,3105
11440,70813,2499,34051,1646,68314,5968,2862,3106
11445,70844,2501,34068,1647,68343,5972,2865,3107
11450,70875,2505,34087,1650,68370,5977,2867,3110
11455,70906,2509,34104,1653,68396,5983,2871,3112
11460,70937,2511,34117,1654,68425,5987,2873,3114
11465,70968,2514,34133,1657,68454,5990,2873,3117
11470,70999,2516,34149,1659,68483,5993,2875,3118
11475,71030,2517,34162,1659,68513,5996,2875,3121
11480,71061,2519,34178,1661,68542,5999,2876,3123
11485,71092,2520,34190,1661,68572,6002,2878,3124
11490,71123,2522,34204,1662,68601,6005,2880,3125
11495,71154,2523,34224,1663,68631,6008,2883,3125
11500,71185,2524,34239,1664,68661,6011,2884,3127
11505,71216,2526,34258,1666,68690,6014,2887,3127
11510,71247,2527,34267,1667,68720,6017,2889,3128
11515,71278,2529,34288,1669,68749,6020,2892,3128
11520,71309,2530,34304,1670,68779,6023,2892,3131
11525,71340,2530,34319,1670,68810,6026,2893,3133
11530,71371,2530,34335,1670,68841,6029,2894,3135
11535,71402,2530,34349,1670,68872,6031,2895,3136
11540,71433,2530,34358,1670,68903,6033,2895,3138
11545,71464,2530,34374,1670,68934,6035,2895,3140
11550,71495,2530,34387,1670,68965,6038,2897,3141
11555,71526,2530,34404,1670,68996,6041,2898,3143
11560,71557,2530,34418,1670,69027,6046,2899,3147
11565,71588,2531,34433,1671,69057,6051,2900,3151
11570,71619,2533,34452,1672,69086,6056,2905,3151
11575,71650,2534,34463,1673,69116,6061,2907,3154
11580,71681,2536,34479,1674,69145,6064,2910,3154
11585,71712,2538,34491,1674,69174,6065,2910,3155
11590,71743,2540,34504,1676,69203,6066,2910,3156
11595,71774,2543,34516,1678,69231,6067,2910,3157
11600,71805,2545,34530,1678,69260,6068,2910,3158
11605,71836,2548,34542,1680,69288,6069,2911,3158
11610,71867,2551,34559,1683,69316,6070,2912,3158
11615,71898,2552,34575,1684,69346,6071,2912,3159
11620,71929,2553,34591,1684,69376,6072,2912,3160
11625,71960,2554,34604,1684,69406,6073,2912,3161
11630,71991,2555,34621,1684,69436,6074,2913,3161
11635,72022,2556,34632,1684,69466,6075,2913,3162
11640,72053,2557,34644,1684,69496,6076,2913,3163
11645,72084,2558,34659,1684,69526,6077,2914,3163
11650,72115,2559,34672,1684,69556,6078,2914,3164
11655,72146,2560,34687,1684,69586,6079,2914,3165
11660,72177,2561,34702,1684,69616,6080,2915,3165
11665,72208,2562,34720,1685,69646,6081,2916,3165
11670,72239,2563,34733,1686,69676,6082,2917,3165
11675,72270,2564,34749,1687,69706,6084,2917,3167
11680,72301,2565,34766,1687,69736,6088,2918,3170
11685,72332,2566,34785,1687,69766,6092,2920,3172
11690,72363,2568,34796,1688,69794,6097,2922,3175
11695,72394,2570,34815,1689,69824,6102,2926,3176
11700,72425,2570,34832,1689,69855,6106,2930,3176
11705,72456,2570,34843,1689,69886,6109,2933,3176
11710,72487,2570,34865,1689,69917,6112,2936,3176
11715,72518,2571,34880,1690,69947,6114,2938,3176
11720,72549,2573,34898,1692,69976,6116,2939,3177
11725,72580,2575,34911,1693,70005,6118,2941,3177
11730,72611,2576,34926,1693,70035,6120,2942,3178
11735,72642,2577,34939,1694,70065,6122,2943,3179
11740,72673,2578,34955,1694,70095,6124,2944,3180
11745,72704,2580,34971,1695,70124,6126,2945,3181
11750,72735,2582,34992,1696,70153,6128,2946,3182
11755,72766,2584,35008,1698,70182,6130,2948,3182
11760,72797,2586,35029,1699,70211,6132,2949,3183
11765,72828,2588,35044,1701,70240,6134,2950,3184
11770,72859,2590,35061,1702,70269,6136,2950,3186
11775,72890,2592,35073,1703,70298,6138,2951,3187
11780,72921,2594,35092,1704,70327,6140,2952,3188
11785,72952,2595,35103,1705,70357,6142,2953,3189
11790,72983,2596,35118,1706,70387,6145,2955,3190
11795,73014,2597,35130,1706,70417,6150,2955,3195
11800,73045,2600,35146,1708,70445,6156,2957,3199
11805,73076,2603,35164,1711,70473,6161,2959,3202
11810,73107,2605,35176,1712,70501,6164,2960,3204
11815,73138,2608,35191,1714,70530,6167,2962,3205
11820,73169,2610,35207,1715,70559,6171,2963,3208
11825,73200,2611,35221,1716,70589,6173,2964,3209
11830,73231,2612,35235,1716,70619,6175,2965,3210
11835,73262,2613,35249,1717,70649,6177,2965,3212
11840,73293,2614,35265,1718,70679,6179,2966,3213
11845,73324,2615,35280,1718,70709,6180,2967,3213
11850,73355,2616,35296,1718,70739,6181,2968,3213
11855,73386,2617,35312,1719,70769,6182,2968,3214
11860,73417,2618,35324,1720,70799,6183,2968,3215
11865,73448,2619,35340,1720,70829,6184,2969,3215
11870,73479,2620,35354,1720,70859,6185,2970,3215
11875,73510,2621,35373,1720,70889,6186,2971,3215
11880,73541,2622,35390,1721,70919,6187,2972,3215
11885,73572,2623,35407,1722,70949,6188,2973,3215
11890,73603,2623,35425,1722,70980,6189,2973,3216
11895,73634,2623,35441,1722,71011,6190,2974,3216
11900,73665,2623,35460,1722,71042,6191,2974,3217
11905,73696,2623,35473,1722,71073,6192,2975,3217
11910,73727,2623,35484,1722,71104,6196,2977,3219
11915,73758,2623,35499,1722,71135,6201,2981,3220
11920,73789,2623,35511,1722,71166,6205,2983,3222
11925,73820,2623,35528,1722,71197,6208,2984,3224
11930,73851,2623,35543,1722,71228,6211,2985,3226
11935,73882,2625,35557,1723,71257,6214,2986,3228
11940,73913,2627,35571,1725,71286,6217,2987,3230
11945,73944,2629,35586,1726,71315,6219,2989,3230
11950,73975,2631,35598,1727,71344,6221,2989,3232
11955,74006,2635,35615,1729,71371,6223,2991,3232
11960,74037,2636,35632,1729,71401,6225,2993,3232
11965,74068,2638,35647,1731,71430,6227,2994,3233
11970,74099,2639,35664,1731,71460,6229,2994,3235
11975,74130,2640,35675,1731,71490,6231,2995,3236
11980,74161,2641,35687,1731,71520,6233,2995,3238
11985,74192,2643,35705,1733,71549,6235,2996,3239
11990,74223,2644,35716,1733,71579,6237,2996,3241
11995,74254,2646,35729,1735,71608,6239,2996,3243
12000,74285,2648,35742,1736,71637,6242,2996,3246
12005,74316,2648,35753,1736,71668,6246,2997,3249
12010,74347,2648,35767,1736,71699,6249,2998,3251
12015,74378,2648,35786,1736,71730,6252,3000,3252
12020,74409,2648,35803,1736,71761,6256,3001,3255
12025,74440,2648,35818,1736,71792,6261,3002,3259
12030,74471,2648,35836,1736,71823,6266,3005,3261
12035,74502,2648,35854,1736,71854,6270,3007,3263
12040,74533,2648,35870,1736,71885,6274,3010,3264
12045,74564,2648,35885,1736,71916,6276,3010,3266
12050,74595,2648,35896,1736,71947,6278,3011,3267
12055,74626,2648,35911,1736,71978,6280,3011,3269
12060,74657,2648,35924,1736,72009,6282,3012,3270
12065,74688,2650,35941,1738,72038,6284,3014,3270
12070,74719,2653,35960,1741,72066,6286,3016,3270
12075,74750,2656,35975,1743,72094,6288,3017,3271
12080,74781,2658,35991,1744,72123,6290,3018,3272
12085,74812,2660,36005,1745,72152,6292,3020,3272
12090,74843,2660,36020,1745,72183,6294,3021,3273
12095,74874,2660,36034,1745,72214,6296,3022,3274
12100,74905,2660,36043,1745,72245,6298,3023,3275
12105,74936,2660,36062,1745,72276,6300,3025,3275
12110,74967,2660,36077,1745,72307,6303,3027,3276
12115,74998,2660,36091,1745,72338,6306,3029,3277
12120,75029,2661,36109,1746,72367,6309,3029,3280
12125,75060,2663,36126,1747,72397,6315,3031,3284
12130,75091,2663,36139,1747,72428,6318,3032,3286
12135,75122,2663,36154,1747,72459,6321,3034,3287
12140,75153,2663,36169,1747,72490,6323,3034,3289
12145,75184,2663,36184,1747,72521,6325,3035,3290
12150,75215,2663,36201,1747,72552,6327,3035,3292
12155,75246,2663,36214,1747,72583,6329,3035,3294
12160,75277,2663,36229,1747,72614,6331,3036,3295
12165,75308,2663,36250,1747,72645,6333,3038,3295
12170,75339,2663,36268,1747,72676,6335,3040,3295
12175,75370,2663,36285,1747,72707,6337,3042,3295
12180,75401,2663,36301,1747,72738,6339,3042,3297
12185,75432,2663,36313,1747,72769,6341,3044,3297
12190,75463,2663,36328,1747,72800,6343,3045,3298
12195,75494,2663,36341,1747,72831,6345,3045,3300
12200,75525,2663,36354,1747,72862,6347,3046,3301
12205,75556,2663,36371,1747,72893,6349,3046,3303
12210,75587,2663,36389,1747,72924,6351,3048,3303
12215,75618,2663,36400,1747,72955,6353,3049,3304
12220,75649,2663,36416,1747,72986,6355,3049,3306
12225,75680,2663,36431,1747,73017,6357,3051,3306
12230,75711,2664,36442,1747,73047,6360,3051,3309
12235,75742,2668,36459,1749,73074,6365,3055,3310
12240,75773,2672,36473,1752,73101,6370,3057,3313
12245,75804,2674,36491,1753,73130,6370,3057,3313
12250,75835,2674,36507,1753,73161,6370,3057,3313
12255,75866,2674,36519,1753,73192,6370,3057,3313
12260,75897,2674,36531,1753,73223,6370,3057,3313
12265,75928,2674,36544,1753,73254,6370,3057,3313
12270,75959,2674,36556,1753,73285,6370,3057,3313
12275,75990,2674,36571,1753,73316,6370,3057,3313
12280,76021,2674,36585,1753,73347,6370,3057,3313
12285,76052,2674,36593,1753,73378,6370,3057,3313
12290,76083,2674,36606,1753,73409,6370,3057,3313
12295,76114,2674,36619,1753,73440,6370,3057,3313
12300,76145,2674,36635,1753,73471,6370,3057,3313
12305,76176,2674,36651,1753,73502,6370,3057,3313
12310,76207,2674,36668,1753,73533,6370,3057,3313
12315,76238,2674,36682,1753,73564,6370,3057,3313
12320,76269,2674,36700,1753,73595,6370,3057,3313
12325,76300,2674,36712,1753,73626,6370,3057,3313
12330,76331,2674,36723,1753,73657,6370,3057,3313
12335,76362,2674,36739,1753,73688,6370,3057,3313
12340,76393,2674,36757,1753,73719,6370,3057,3313
12345,76424,2674,36765,1753,73750,6373,3057,3316
12350,76455,2677,36779,1756,73778,6379,3061,3318
12355,76486,2679,36795,1757,73806,6386,3065,3321
12360,76517,2684,36812,1762,73832,6391,3067,3324
12365,76548,2686,36828,1763,73862,6394,3069,3325
12370,76579,2687,36844,1763,73892,6397,3070,3327
12375,76610,2689,36856,1765,73921,6400,3072,3328
12380,76641,2690,36864,1765,73951,6403,3073,3330
12385,76672,2692,36882,1767,73980,6406,3075,3331
12390,76703,2692,36897,1767,74011,6409,3078,3331
12395,76734,2692,36912,1767,74042,6412,3080,3332
12400,76765,2692,36929,1767,74073,6415,3081,3334
12405,76796,2692,36947,1767,74104,6418,3083,3335
12410,76827,2692,36963,1767,74135,6421,3085,3336
12415,76858,2692,36982,1767,74166,6424,3088,3336
12420,76889,2692,36998,1767,74197,6427,3089,3338
12425,76920,2694,37011,1768,74226,6430,3091,3339
12430,76951,2696,37027,1769,74255,6433,3094,3339
12435,76982,2698,37039,1770,74284,6436,3095,3341
12440,77013,2700,37054,1772,74313,6439,3096,3343
12445,77044,2701,37071,1772,74343,6442,3098,3344
12450,77075,2702,37079,1772,74373,6445,3099,3346
12455,77106,2703,37095,1773,74403,6448,3101,3347
12460,77137,2704,37111,1774,74433,6452,3104,3348
12465,77168,2707,37125,1777,74460,6457,3106,3351
12470,77199,2708,37139,1778,74491,6462,3110,3352
12475,77230,2708,37148,1778,74522,6468,3111,3357
12480,77261,2708,37159,1778,74553,6470,3112,3358
12485,77292,2708,37170,1778,74584,6472,3113,3359
12490,77323,2708,37186,1778,74615,6474,3113,3361
12495,77354,2709,37199,1779,74645,6476,3114,3362
12500,77385,2710,37213,1779,74675,6478,3115,3363
12505,77416,2711,37230,1779,74705,6480,3117,3363
12510,77447,2712,37245,1780,74735,6482,3117,3365
12515,77478,2713,37258,1780,74765,6484,3117,3367
12520,77509,2714,37271,1781,74795,6486,3118,3368
12525,77540,2715,37288,1781,74825,6488,3120,3368
12530,77571,2716,37305,1782,74855,6490,3120,3370
12535,77602,2718,37320,1784,74884,6492,3121,3371
12540,77633,2720,37345,1786,74913,6494,3123,3371
12545,77664,2722,37363,1787,74942,6496,3124,3372
12550,77695,2723,37377,1787,74972,6498,3125,3373
12555,77726,2724,37392,1788,75002,6500,3126,3374
12560,77757,2726,37413,1789,75031,6502,3128,3374
12565,77788,2727,37430,1789,75061,6504,3128,3376
12570,77819,2727,37447,1789,75092,6506,3129,3377
12575,77850,2727,37463,1789,75123,6508,3131,3377
12580,77881,2728,37472,1789,75153,6512,3133,3379
12585,77912,2730,37481,1790,75182,6518,3135,3383
12590,77943,2732,37491,1791,75211,6524,3135,3389
12595,77974,2733,37504,1791,75241,6530,3139,3391
12600,78005,2734,37517,1791,75271,6536,3143,3393
12605,78036,2735,37530,1791,75301,6540,3145,3395
12610,78067,2736,37542,1792,75330,6544,3147,3397
12615,78098,2738,37556,1794,75359,6548,3148,3400
12620,78129,2740,37568,1796,75389,6551,3149,3402
12625,78160,2741,37584,1796,75418,6554,3151,3403
12630,78191,2743,37603,1797,75447,6557,3153,3404
12635,78222,2745,37616,1798,75476,6560,3154,3406
12640,78253,2747,37636,1800,75506,6563,3156,3407
12645,78284,2747,37647,1800,75537,6566,3156,3410
12650,78315,2747,37663,1800,75568,6569,3159,3410
12655,78346,2747,37683,1800,75599,6572,3161,3411
12660,78377,2747,37704,1800,75630,6575,3164,3411
12665,78408,2749,37717,1800,75659,6578,3164,3414
12670,78439,2753,37728,1803,75686,6581,3165,3416
12675,78470,2756,37740,1804,75714,6584,3166,3418
12680,78501,2760,37755,1807,75741,6586,3167,3419
12685,78532,2762,37769,1809,75770,6588,3169,3419
12690,78563,2764,37779,1809,75799,6590,3169,3421
12695,78594,2767,37793,1811,75827,6592,3169,3423
12700,78625,2770,37808,1812,75855,6594,3169,3425
12705,78656,2773,37824,1814,75883,6596,3170,3426
12710,78687,2777,37838,1816,75910,6598,3171,3427
12715,78718,2779,37848,1817,75939,6601,3172,3429
12720,78749,2779,37862,1817,75970,6603,3173,3430
12725,78780,2779,37881,1817,76001,6606,3175,3431
12730,78811,2779,37899,1817,76032,6609,3176,3433
12735,78842,2779,37912,1817,76063,6612,3178,3434
12740,78873,2779,37924,1817,76094,6615,3179,3436
12745,78904,2779,37940,1817,76125,6618,3181,3437
12750,78935,2779,37950,1817,76156,6620,3183,3437
12755,78966,2779,37967,1817,76187,6622,3185,3437
12760,78997,2779,37984,1817,76218,6624,3187,3437
12765,79028,2779,38002,1817,76249,6627,3188,3439
12770,79059,2779,38019,1817,76280,6630,3191,3439
12775,79090,2779,38034,1817,76311,6633,3192,3441
12780,79121,2779,38050,1817,76342,6636,3193,3443
12785,79152,2779,38064,1817,76373,6639,3195,3444
12790,79183,2779,38079,1817,76404,6642,3198,3444
12795,79214,2779,38095,1817,76435,6644,3200,3444
12800,79245,2779,38109,1817,76466,6646,3202,3444
12805,79276,2779,38123,1817,76497,6648,3204,3444
12810,79307,2779,38135,1817,76528,6650,3205,3445
12815,79338,2779,38149,1817,76559,6652,3207,3445
12820,79369,2781,38166,1819,76588,6655,3208,3447
12825,79400,2783,38184,1819,76617,6658,3211,3447
12830,79431,2786,38199,1821,76645,6662,3211,3451
12835,79462,2789,38214,1824,76673,6665,3213,3452
12840,79493,2792,38227,1825,76701,6668,3216,3452
12845,79524,2797,38242,1829,76727,6668,3216,3452
12850,79555,2801,38255,1831,76754,6668,3216,3452
12855,79586,2804,38268,1833,76782,6668,3216,3452
12860,79617,2805,38277,1834,76812,6668,3216,3452
12865,79648,2806,38292,1834,76842,6668,3216,3452
12870,79679,2807,38312,1835,76872,6668,3216,3452
12875,79710,2808,38322,1835,76902,6668,3216,3452
12880,79741,2809,38338,1836,76932,6668,3216,3452
12885,79772,2811,38358,1837,76961,6668,3216,3452
12890,79803,2812,38377,1837,76991,6669,3217,3452
12895,79834,2813,38391,1838,77021,6670,3217,3453
12900,79865,2815,38402,1839,77050,6671,3217,3454
12905,79896,2816,38417,1840,77080,6672,3218,3454
12910,79927,2819,38431,1842,77108,6673,3218,3455
12915,79958,2819,38445,1842,77139,6674,3218,3456
12920,79989,2819,38459,1842,77170,6675,3218,3457
12925,80020,2819,38472,1842,77201,6676,3219,3457
12930,80051,2819,38484,1842,77232,6677,3219,3458
12935,80082,2819,38499,1842,77263,6679,3220,3459
12940,80113,2819,38512,1842,77294,6680,3221,3459
12945,80144,2819,38527,1842,77325,6681,3221,3460
12950,80175,2819,38540,1842,77356,6684,3224,3460
12955,80206,2819,38558,1842,77387,6687,3225,3462
12960,80237,2822,38575,1845,77415,6690,3226,3464
12965,80268,2825,38592,1848,77443,6692,3227,3465
12970,80299,2827,38604,1850,77472,6694,3228,3466
12975,80330,2829,38623,1852,77501,6696,3229,3467
12980,80361,2831,38638,1854,77530,6698,3230,3468
12985,80392,2833,38653,1856,77559,6700,3231,3469
12990,80423,2835,38669,1857,77588,6702,3232,3470
12995,80454,2837,38684,1857,77617,6704,3234,3470
13000,80485,2839,38698,1859,77646,6706,3235,3471
13005,80516,2841,38714,1859,77675,6708,3235,3473
13010,80547,2843,38726,1860,77704,6710,3236,3474
13015,80578,2845,38742,1861,77733,6712,3238,3474
13020,80609,2847,38756,1861,77762,6714,3239,3475
13025,80640,2847,38767,1861,77793,6716,3239,3477
13030,80671,2847,38784,1861,77824,6718,3240,3478
13035,80702,2847,38800,1861,77855,6720,3242,3478
13040,80733,2847,38816,1861,77886,6722,3242,3480
13045,80764,2847,38831,1861,77917,6724,3244,3480
13050,80795,2847,38849,1861,77948,6726,3245,3481
13055,80826,2847,38863,1861,77979,6729,3246,3483
13060,80857,2847,38882,1861,78010,6732,3248,3484
13065,80888,2847,38894,1861,78041,6735,3249,3486
13070,80919,2847,38914,1861,78072,6738,3251,3487
13075,80950,2847,38930,1861,78103,6740,3252,3488
13080,80981,2847,38946,1861,78134,6742,3252,3490
13085,81012,2847,38960,1861,78165,6744,3253,3491
13090,81043,2847,38974,1861,78196,6746,3253,3493
13095,81074,2847,38990,1861,78227,6748,3254,3494
13100,81105,2847,39001,1861,78258,6750,3254,3496
13105,81136,2847,39016,1861,78289,6752,3255,3497
13110,81167,2847,39030,1861,78320,6754,3255,3499
13115,81198,2847,39046,1861,78351,6756,3255,3501
13120,81229,2847,39064,1861,78382,6758,3257,3501
13125,81260,2847,39077,1861,78413,6760,3259,3501
13130,81291,2850,39091,1863,78441,6763,3261,3502
13135,81322,2853,39101,1865,78468,6766,3263,3503
13140,81353,2857,39116,1868,78495,6770,3266,3504
13145,81384,2860,39132,1870,78524,6771,3266,3505
13150,81415,2861,39150,1871,78554,6773,3266,3507
13155,81446,2862,39164,1871,78584,6775,3268,3507
13160,81477,2863,39179,1872,78614,6777,3270,3507
13165,81508,2864,39190,1872,78644,6779,3271,3508
13170,81539,2865,39205,1872,78674,6781,3273,3508
13175,81570,2867,39225,1874,78703,6784,3275,3509
13180,81601,2869,39242,1875,78732,6787,3277,3510
13185,81632,2871,39256,1877,78761,6789,3278,3511
13190,81663,2871,39273,1877,78792,6791,3279,3512
13195,81694,2871,39287,1877,78823,6792,3280,3512
13200,81725,2871,39307,1877,78854,6793,3280,3513
13205,81756,2873,39328,1878,78883,6796,3282,3514
13210,81787,2876,39342,1879,78911,6799,3283,3516
13215,81818,2878,39353,1879,78940,6801,3283,3518
13220,81849,2879,39370,1879,78970,6803,3285,3518
13225,81880,2880,39385,1879,79000,6805,3286,3519
13230,81911,2881,39399,1880,79030,6807,3286,3521
13235,81942,2882,39415,1880,79060,6809,3287,3522
13240,81973,2883,39432,1881,79090,6811,3288,3523
13245,82004,2884,39445,1882,79119,6814,3289,3525
13250,82035,2886,39461,1883,79149,6817,3292,3525
13255,82066,2888,39480,1885,79177,6820,3292,3528
13260,82097,2892,39498,1888,79205,6823,3294,3529
13265,82128,2894,39513,1890,79234,6827,3297,3530
13270,82159,2894,39531,1890,79265,6830,3298,3532
13275,82190,2894,39544,1890,79296,6832,3298,3534
13280,82221,2894,39559,1890,79327,6834,3299,3535
13285,82252,2894,39572,1890,79358,6836,3300,3536
13290,82283,2894,39590,1890,79389,6838,3301,3537
13295,82314,2894,39611,1890,79420,6841,3304,3537
13300,82345,2894,39628,1890,79451,6844,3306,3538
13305,82376,2894,39642,1890,79482,6847,3307,3540
13310,82407,2894,39655,1890,79513,6851,3309,3542
13315,82438,2894,39668,1890,79544,6855,3309,3546
13320,82469,2894,39687,1890,79575,6858,3309,3549
13325,82500,2894,39702,1890,79606,6859,3309,3550
13330,82531,2894,39718,1890,79637,6860,3309,3551
13335,82562,2894,39733,1890,79668,6860,3309,3551
13340,82593,2894,39749,1890,79699,6860,3309,3551
13345,82624,2894,39760,1890,79730,6860,3309,3551
13350,82655,2894,39776,1890,79761,6860,3309,3551
13355,82686,2894,39793,1890,79792,6860,3309,3551
13360,82717,2894,39806,1890,79823,6860,3309,3551
13365,82748,2894,39820,1890,79854,6860,3309,3551
13370,82779,2894,39834,1890,79885,6861,3310,3551
13375,82810,2896,39851,1892,79913,6862,3310,3552
13380,82841,2901,39870,1896,79940,6864,3312,3552
13385,82872,2903,39883,1897,79969,6867,3314,3553
13390,82903,2906,39902,1900,79997,6870,3316,3554
13395,82934,2908,39915,1900,80026,6873,3317,3556
13400,82965,2910,39932,1901,80055,6876,3320,3556
13405,82996,2912,39947,1902,80084,6879,3321,3558
13410,83027,2912,39960,1902,80115,6882,3322,3560
13415,83058,2912,39977,1902,80146,6885,3324,3561
13420,83089,2912,39995,1902,80177,6889,3325,3564
13425,83120,2912,40012,1902,80208,6892,3328,3564
13430,83151,2912,40019,1902,80239,6896,3328,3568
13435,83182,2912,40034,1902,80270,6901,3330,3571
13440,83213,2912,40053,1902,80301,6906,3331,3575
13445,83244,2913,40068,1902,80331,6910,3331,3579
13450,83275,2914,40085,1902,80361,6912,3331,3581
13455,83306,2915,40100,1902,80391,6914,3333,3581
13460,83337,2916,40113,1902,80421,6916,3335,3581
13465,83368,2917,40130,1902,80451,6918,3336,3582
13470,83399,2918,40145,1902,80481,6920,3337,3583
13475,83430,2919,40158,1902,80511,6922,3339,3583
13480,83461,2920,40173,1903,80541,6924,3341,3583
13485,83492,2921,40185,1903,80571,6927,3341,3586
13490,83523,2923,40197,1905,80600,6930,3343,3587
13495,83554,2924,40217,1906,80629,6933,3345,3588
13500,83585,2926,40231,1907,80658,6936,3347,3589
13505,83616,2928,40246,1908,80688,6936,3347,3589
13510,83647,2929,40262,1908,80718,6936,3347,3589
13515,83678,2930,40277,1908,80748,6936,3347,3589
13520,83709,2932,40294,1910,80777,6936,3347,3589
13525,83740,2933,40310,1911,80807,6936,3347,3589
13530,83771,2936,40320,1913,80835,6937,3347,3590
13535,83802,2939,40330,1915,80863,6938,3348,3590
13540,83833,2941,40345,1916,80892,6939,3349,3590
13545,83864,2942,40355,1916,80922,6940,3349,3591
13550,83895,2946,40374,1919,80949,6943,3351,3592
13555,83926,2947,40386,1919,80979,6946,3352,3594
13560,83957,2947,40403,1919,81010,6947,3353,3594
13565,83988,2947,40419,1919,81041,6948,3353,3595
13570,84019,2947,40436,1919,81072,6948,3353,3595
13575,84050,2947,40450,1919,81103,6948,3353,3595
13580,84081,2947,40466,1919,81134,6948,3353,3595
13585,84112,2947,40478,1919,81165,6948,3353,3595
13590,84143,2947,40493,1919,81196,6948,3353,3595
13595,84174,2947,40511,1919,81227,6948,3353,3595
13600,84205,2947,40529,1919,81258,6948,3353,3595
13605,84236,2947,40542,1919,81289,6949,3354,3595
13610,84267,2947,40560,1919,81320,6953,3358,3595
13615,84298,2949,40577,1920,81349,6957,3361,3596
13620,84329,2950,40592,1920,81379,6960,3363,3597
13625,84360,2952,40605,1922,81408,6964,3365,3599
13630,84391,2953,40617,1922,81438,6967,3365,3602
13635,84422,2954,40634,1923,81468,6970,3366,3604
13640,84453,2955,40647,1924,81498,6973,3369,3604
13645,84484,2957,40667,1926,81527,6976,3371,3605
13650,84515,2959,40681,1928,81556,6979,3372,3607
13655,84546,2960,40693,1929,81586,6982,3372,3610
13660,84577,2962,40708,1930,81615,6985,3373,3612
13665,84608,2964,40724,1931,81644,6990,3375,3615
13670,84639,2967,40740,1933,81672,6995,3379,3616
13675,84670,2969,40751,1934,81701,7000,3380,3620
13680,84701,2971,40770,1936,81730,7003,3383,3620
13685,84732,2972,40787,1937,81760,7005,3383,3622
13690,84763,2974,40805,1938,81789,7007,3384,3623
13695,84794,2976,40823,1940,81818,7009,3386,3623
13700,84825,2977,40839,1941,81848,7011,3387,3624
13705,84856,2978,40852,1941,81878,7013,3387,3626
13710,84887,2979,40862,1942,81908,7015,3388,3627
13715,84918,2980,40874,1942,81938,7017,3389,3628
13720,84949,2982,40886,1943,81967,7019,3390,3629
13725,84980,2984,40897,1944,81996,7021,3391,3630
13730,85011,2986,40911,1945,82025,7024,3392,3632
13735,85042,2986,40928,1945,82056,7027,3393,3634
13740,85073,2986,40945,1945,82087,7030,3394,3636
13745,85104,2987,40960,1946,82117,7033,3395,3638
13750,85135,2988,40973,1947,82147,7035,3396,3639
13755,85166,2989,40987,1948,82177,7037,3398,3639
13760,85197,2990,41005,1949,82207,7039,3399,3640
13765,85228,2991,41022,1949,82237,7041,3400,3641
13770,85259,2992,41039,1949,82267,7043,3400,3643
13775,85290,2993,41052,1949,82297,7045,3401,3644
13780,85321,2994,41069,1950,82327,7048,3401,3647
13785,85352,2995,41089,1951,82357,7052,3402,3650
13790,85383,2996,41108,1952,82387,7058,3406,3652
13795,85414,2997,41120,1953,82417,7063,3409,3654
13800,85445,2998,41132,1954,82447,7068,3411,3657
13805,85476,3000,41147,1955,82476,7070,3412,3658
13810,85507,3000,41160,1955,82507,7072,3414,3658
13815,85538,3000,41171,1955,82538,7074,3415,3659
13820,85569,3000,41181,1955,82569,7076,3415,3661
13825,85600,3000,41194,1955,82600,7078,3416,3662
13830,85631,3000,41205,1955,82631,7080,3417,3663
13835,85662,3000,41217,1955,82662,7082,3418,3664
13840,85693,3000,41238,1955,82693,7084,3419,3665
13845,85724,3000,41249,1955,82724,7086,3419,3667
13850,85755,3000,41265,1955,82755,7088,3420,3668
13855,85786,3000,41281,1955,82786,7090,3421,3669
13860,85817,3000,41295,1955,82817,7092,3422,3670
13865,85848,3001,41307,1955,82846,7094,3423,3671
13870,85879,3003,41318,1956,82876,7096,3423,3673
13875,85910,3004,41332,1957,82906,7098,3424,3674
13880,85941,3005,41345,1957,82936,7100,3425,3675
13885,85972,3006,41357,1958,82966,7102,3426,3676
13890,86003,3007,41373,1959,82996,7104,3427,3677
13895,86034,3008,41390,1960,83026,7107,3429,3678
13900,86065,3009,41407,1960,83056,7110,3430,3680
13905,86096,3010,41425,1961,83086,7115,3433,3682
13910,86127,3013,41441,1964,83114,7121,3436,3685
13915,86158,3016,41450,1966,83142,7126,3438,3688
13920,86189,3018,41462,1967,83171,7130,3439,3691
13925,86220,3020,41479,1968,83200,7130,3439,3691
13930,86251,3023,41497,1970,83228,7130,3439,3691
13935,86282,3025,41512,1972,83257,7130,3439,3691
13940,86313,3027,41528,1973,83286,7130,3439,3691
13945,86344,3028,41545,1974,83316,7131,3439,3692
13950,86375,3029,41560,1974,83346,7132,3439,3693
13955,86406,3031,41573,1975,83375,7133,3439,3694
13960,86437,3033,41590,1977,83404,7134,3439,3695
13965,86468,3034,41601,1978,83434,7135,3439,3696
13970,86499,3035,41611,1978,83464,7136,3439,3697
13975,86530,3036,41624,1978,83494,7137,3439,3698
13980,86561,3038,41639,1980,83523,7138,3439,3699
13985,86592,3038,41654,1980,83554,7138,3439,3699
13990,86623,3038,41670,1980,83585,7138,3439,3699
13995,86654,3038,41688,1980,83616,7138,3439,3699
14000,86685,3038,41699,1980,83647,7138,3439,3699
14005,86716,3038,41716,1980,83678,7138,3439,3699
14010,86747,3038,41729,1980,83709,7138,3439,3699
14015,86778,3038,41747,1980,83740,7139,3440,3699
14020,86809,3038,41761,1980,83771,7140,3440,3700
14025,86840,3038,41776,1980,83802,7145,3443,3702
14030,86871,3038,41790,1980,83833,7150,3446,3704
14035,86902,3038,41804,1980,83864,7155,3448,3707
14040,86933,3039,41818,1981,83894,7160,3448,3712
14045,86964,3042,41836,1984,83922,7162,3448,3714
14050,86995,3045,41847,1985,83950,7164,3449,3715
14055,87026,3047,41865,1987,83979,7166,3450,3716
14060,87057,3049,41881,1989,84008,7168,3451,3717
14065,87088,3051,41895,1989,84037,7170,3452,3718
14070,87119,3053,41910,1989,84066,7172,3453,3719
14075,87150,3056,41929,1992,84094,7174,3455,3719
14080,87181,3058,41942,1993,84123,7176,3457,3719
14085,87212,3060,41958,1995,84152,7179,3458,3721
14090,87243,3064,41973,1998,84179,7182,3459,3723
14095,87274,3066,41988,2000,84208,7186,3462,3724
14100,87305,3070,42007,2004,84235,7190,3464,3726
14105,87336,3070,42023,2004,84266,7193,3465,3728
14110,87367,3070,42038,2004,84297,7195,3466,3729
14115,87398,3070,42054,2004,84328,7197,3466,3731
14120,87429,3070,42071,2004,84359,7199,3466,3733
14125,87460,3070,42086,2004,84390,7201,3467,3734
14130,87491,3070,42101,2004,84421,7203,3469,3734
14135,87522,3070,42116,2004,84452,7205,3471,3734
14140,87553,3070,42138,2004,84483,7207,3472,3735
14145,87584,3070,42154,2004,84514,7210,3474,3736
14150,87615,3070,42168,2004,84545,7214,3475,3739
14155,87646,3070,42182,2004,84576,7219,3476,3743
14160,87677,3070,42197,2004,84607,7222,3476,3746
14165,87708,3070,42211,2004,84638,7224,3476,3748
14170,87739,3070,42226,2004,84669,7226,3478,3748
14175,87770,3070,42245,2004,84700,7228,3478,3750
14180,87801,3070,42262,2004,84731,7230,3479,3751
14185,87832,3070,42282,2004,84762,7232,3480,3752
14190,87863,3070,42299,2004,84793,7234,3481,3753
14195,87894,3070,42315,2004,84824,7236,3483,3753
14200,87925,3070,42325,2004,84855,7238,3483,3755
14205,87956,3070,42338,2004,84886,7240,3483,3757
14210,87987,3073,42356,2005,84914,7242,3485,3757
14215,88018,3077,42370,2008,84941,7245,3485,3760
14220,88049,3081,42383,2011,84968,7248,3486,3762
14225,88080,3082,42398,2011,84998,7250,3487,3763
14230,88111,3082,42411,2011,85029,7252,3487,3765
14235,88142,3082,42425,2011,85060,7254,3487,3767
14240,88173,3082,42438,2011,85091,7255,3488,3767
14245,88204,3082,42454,2011,85122,7256,3489,3767
14250,88235,3082,42464,2011,85153,7257,3490,3767
14255,88266,3082,42480,2011,85184,7258,3490,3768
14260,88297,3082,42493,2011,85215,7260,3491,3769
14265,88328,3082,42510,2011,85246,7263,3491,3772
14270,88359,3082,42526,2011,85277,7266,3491,3775
14275,88390,3082,42546,2011,85308,7270,3495,3775
14280,88421,3082,42557,2011,85339,7273,3495,3778
14285,88452,3082,42569,2011,85370,7274,3495,3779
14290,88483,3082,42585,2011,85401,7275,3495,3780
14295,88514,3082,42600,2011,85432,7276,3495,3781
14300,88545,3082,42618,2011,85463,7277,3496,3781
14305,88576,3082,42632,2011,85494,7278,3496,3782
14310,88607,3082,42645,2011,85525,7280,3498,3782
14315,88638,3082,42661,2011,85556,7282,3499,3783
14320,88669,3082,42674,2011,85587,7284,3501,3783
14325,88700,3082,42685,2011,85618,7285,3501,3784
14330,88731,3085,42705,2014,85645,7286,3501,3785
14335,88762,3090,42722,2018,85671,7287,3501,3786
14340,88793,3093,42733,2020,85700,7288,3502,3786
14345,88824,3094,42748,2021,85730,7290,3502,3788
14350,88855,3097,42761,2024,85758,7292,3503,3789
14355,88886,3099,42777,2025,85787,7294,3504,3790
14360,88917,3101,42791,2026,85816,7296,3504,3792
14365,88948,3102,42804,2026,85846,7298,3506,3792
14370,88979,3104,42818,2028,85875,7300,3506,3794
14375,89010,3105,42831,2028,85905,7302,3506,3796
14380,89041,3105,42846,2028,85936,7305,3507,3798
14385,89072,3105,42864,2028,85967,7309,3510,3799
14390,89103,3105,42875,2028,85998,7314,3513,3801
14395,89134,3105,42889,2028,86029,7319,3516,3803
14400,89165,3105,42904,2028,86060,7323,3519,3804
14405,89196,3108,42922,2031,86088,7325,3520,3805
14410,89227,3109,42939,2032,86118,7327,3521,3806
14415,89258,3109,42957,2032,86149,7328,3521,3807
14420,89289,3109,42971,2032,86180,7329,3522,3807
14425,89320,3109,42981,2032,86211,7330,3523,3807
14430,89351,3109,42993,2032,86242,7331,3524,3807
14435,89382,3109,43007,2032,86273,7332,3525,3807
14440,89413,3109,43018,2032,86304,7333,3526,3807
14445,89444,3109,43032,2032,86335,7334,3526,3808
14450,89475,3111,43047,2034,86364,7335,3526,3809
14455,89506,3113,43064,2036,86393,7336,3527,3809
14460,89537,3115,43085,2038,86422,7338,3528,3810
14465,89568,3119,43104,2041,86449,7339,3529,3810
14470,89599,3122,43122,2043,86477,7340,3529,3811
14475,89630,3124,43140,2045,86506,7341,3530,3811
14480,89661,3126,43152,2046,86535,7342,3530,3812
14485,89692,3129,43169,2049,86562,7343,3530,3813
14490,89723,3132,43183,2050,86590,7344,3530,3814
14495,89754,3135,43196,2052,86618,7345,3530,3815
14500,89785,3138,43214,2055,86646,7347,3531,3816
14505,89816,3141,43235,2058,86675,7349,3533,3816
14510,89847,3143,43245,2059,86704,7351,3535,3816
14515,89878,3145,43261,2060,86733,7354,3537,3817
14520,89909,3147,43276,2061,86762,7358,3537,3821
14525,89940,3147,43294,2061,86793,7361,3538,3823
14530,89971,3147,43309,2061,86824,7364,3538,3826
14535,90002,3147,43320,2061,86855,7366,3539,3827
14540,90033,3147,43338,2061,86886,7368,3541,3827
14545,90064,3147,43350,2061,86917,7370,3542,3828
14550,90095,3147,43366,2061,86948,7371,3543,3828
14555,90126,3147,43384,2061,86979,7372,3543,3829
14560,90157,3147,43404,2061,87010,7373,3544,3829
14565,90188,3147,43414,2061,87041,7376,3545,3831
14570,90219,3147,43426,2061,87072,7379,3545,3834
14575,90250,3147,43433,2061,87103,7382,3546,3836
14580,90281,3147,43447,2061,87134,7385,3548,3837
14585,90312,3149,43460,2063,87163,7387,3548,3839
14590,90343,3152,43477,2066,87191,7389,3549,3840
14595,90374,3153,43488,2067,87221,7391,3550,3841
14600,90405,3154,43499,2068,87251,7393,3550,3843
14605,90436,3156,43519,2069,87280,7395,3551,3844
14610,90467,3158,43534,2070,87309,7397,3552,3845
14615,90498,3160,43553,2072,87338,7399,3553,3846
14620,90529,3162,43568,2073,87367,7401,3555,3846
14625,90560,3162,43584,2073,87398,7404,3558,3846
14630,90591,3162,43599,2073,87429,7407,3560,3847
14635,90622,3163,43609,2073,87459,7410,3560,3850
14640,90653,3165,43623,2074,87488,7413,3560,3853
14645,90684,3167,43641,2075,87516,7417,3562,3855
14650,90715,3169,43655,2076,87545,7421,3563,3858
14655,90746,3171,43672,2077,87574,7424,3564,3860
14660,90777,3173,43684,2078,87604,7427,3566,3861
14665,90808,3174,43696,2079,87634,7430,3567,3863
14670,90839,3175,43713,2079,87664,7433,3569,3864
14675,90870,3176,43722,2079,87694,7436,3569,3867
14680,90901,3177,43735,2080,87724,7439,3571,3868
14685,90932,3178,43749,2081,87754,7443,3572,3871
14690,90963,3179,43767,2082,87784,7447,3573,3874
14695,90994,3180,43780,2082,87814,7450,3573,3877
14700,91025,3181,43792,2082,87844,7453,3575,3878
14705,91056,3182,43808,2082,87874,7455,3576,3879
14710,91087,3185,43827,2085,87902,7457,3577,3880
14715,91118,3186,43839,2085,87932,7459,3578,3881
14720,91149,3189,43858,2087,87960,7461,3579,3882
14725,91180,3191,43870,2089,87989,7463,3579,3884
14730,91211,3194,43887,2091,88017,7465,3580,3885
14735,91242,3197,43904,2093,88045,7467,3582,3885
14740,91273,3198,43927,2094,88075,7469,3584,3885
14745,91304,3198,43944,2094,88106,7470,3584,3886
14750,91335,3198,43961,2094,88137,7472,3586,3886
14755,91366,3198,43975,2094,88168,7475,3588,3887
14760,91397,3198,43992,2094,88199,7478,3590,3888
14765,91428,3198,44004,2094,88230,7481,3592,3889
14770,91459,3198,44016,2094,88261,7483,3593,3890
14775,91490,3198,44038,2094,88292,7485,3594,3891
14780,91521,3198,44051,2094,88323,7488,3594,3894
14785,91552,3198,44069,2094,88354,7491,3596,3895
14790,91583,3198,44081,2094,88385,7494,3598,3896
14795,91614,3198,44096,2094,88416,7497,3599,3898
14800,91645,3198,44111,2094,88447,7500,3600,3900
14805,91676,3198,44127,2094,88478,7503,3601,3902
14810,91707,3198,44140,2094,88509,7506,3603,3903
14815,91738,3199,44150,2094,88538,7509,3604,3905
14820,91769,3202,44168,2097,88567,7512,3607,3905
14825,91800,3202,44185,2097,88598,7515,3609,3906
14830,91831,3202,44202,2097,88629,7518,3610,3908
14835,91862,3202,44213,2097,88660,7520,3610,3910
14840,91893,3202,44226,2097,88691,7522,3611,3911
14845,91924,3202,44245,2097,88722,7524,3613,3911
14850,91955,3204,44258,2099,88751,7526,3613,3913
14855,91986,3206,44272,2101,88780,7528,3614,3914
14860,92017,3208,44286,2102,88809,7530,3614,3916
14865,92048,3210,44303,2103,88838,7532,3615,3917
14870,92079,3211,44312,2103,88868,7535,3616,3919
14875,92110,3212,44323,2104,88898,7538,3618,3920
14880,92141,3214,44338,2106,88927,7541,3620,3921
14885,92172,3214,44348,2106,88958,7542,3620,3922
14890,92203,3214,44365,2106,88989,7543,3621,3922
14895,92234,3214,44377,2106,89020,7544,3622,3922
14900,92265,3214,44386,2106,89051,7545,3622,3923
14905,92296,3214,44401,2106,89082,7546,3623,3923
14910,92327,3214,44420,2106,89113,7547,3624,3923
14915,92358,3214,44435,2106,89144,7548,3625,3923
14920,92389,3214,44449,2106,89175,7549,3626,3923
14925,92420,3214,44463,2106,89206,7550,3626,3924
14930,92451,3215,44474,2106,89236,7552,3627,3925
14935,92482,3217,44485,2107,89264,7554,3627,3927
14940,92513,3221,44503,2110,89291,7556,3628,3928
14945,92544,3224,44517,2113,89320,7557,3628,3929
14950,92575,3226,44534,2114,89349,7558,3628,3930
14955,92606,3227,44547,2115,89379,7559,3629,3930
14960,92637,3227,44559,2115,89410,7560,3629,3931
14965,92668,3227,44568,2115,89441,7561,3629,3932
14970,92699,3227,44583,2115,89472,7562,3630,3932
14975,92730,3227,44594,2115,89503,7563,3630,3933
14980,92761,3227,44609,2115,89534,7564,3631,3933
14985,92792,3227,44622,2115,89565,7566,3633,3933
14990,92823,3228,44634,2115,89595,7569,3633,3936
14995,92854,3230,44646,2117,89624,7571,3633,3938
15000,92885,3232,44662,2119,89653,7573,3634,3939
15005,92916,3234,44674,2120,89682,7575,3635,3940
15010,92947,3236,44687,2121,89711,7577,3636,3941
15015,92978,3238,44703,2122,89740,7579,3637,3942
15020,93009,3240,44712,2123,89769,7581,3637,3944
15025,93040,3241,44724,2124,89799,7583,3638,3945
15030,93071,3242,44741,2124,89829,7585,3639,3946
15035,93102,3243,44760,2125,89859,7588,3640,3948
15040,93133,3244,44773,2125,89889,7591,3641,3950
15045,93164,3246,44786,2127,89918,7594,3641,3953
15050,93195,3246,44800,2127,89949,7598,3643,3955
15055,93226,3246,44814,2127,89980,7602,3645,3957
15060,93257,3247,44831,2128,90010,7606,3647,3959
15065,93288,3250,44846,2130,90038,7609,3648,3961
15070,93319,3253,44863,2133,90066,7612,3649,3963
15075,93350,3256,44878,2136,90094,7615,3650,3965
15080,93381,3258,44894,2138,90123,7618,3653,3965
15085,93412,3259,44914,2139,90153,7621,3655,3966
15090,93443,3260,44926,2140,90183,7624,3657,3967
15095,93474,3262,44946,2142,90212,7627,3658,3969
15100,93505,3263,44962,2143,90242,7630,3660,3970
15105,93536,3264,44980,2143,90272,7633,3661,3972
15110,93567,3266,44998,2145,90301,7637,3664,3973
15115,93598,3268,45017,2147,90330,7642,3667,3975
15120,93629,3269,45031,2147,90360,7646,3669,3977
15125,93660,3269,45041,2147,90391,7649,3670,3979
15130,93691,3269,45060,2147,90422,7652,3673,3979
15135,93722,3269,45074,2147,90453,7654,3675,3979
15140,93753,3269,45091,2147,90484,7656,3677,3979
15145,93784,3269,45103,2147,90515,7658,3679,3979
15150,93815,3269,45122,2147,90546,7660,3679,3981
15155,93846,3269,45134,2147,90577,7662,3680,3982
15160,93877,3269,45150,2147,90608,7664,3681,3983
15165,93908,3269,45172,2147,90639,7666,3683,3983
15170,93939,3270,45185,2148,90669,7669,3684,3985
15175,93970,3271,45201,2149,90699,7672,3685,3987
15180,94001,3272,45217,2149,90729,7675,3685,3990
15185,94032,3276,45233,2152,90756,7677,3687,3990
15190,94063,3280,45245,2156,90783,7679,3687,3992
15195,94094,3283,45261,2158,90811,7681,3689,3992
15200,94125,3286,45279,2161,90839,7683,3690,3993
15205,94156,3289,45295,2162,90867,7685,3691,3994
15210,94187,3292,45309,2163,90895,7687,3692,3995
15215,94218,3294,45323,2164,90924,7689,3692,3997
15220,94249,3295,45337,2164,90954,7692,3694,3998
15225,94280,3296,45355,2165,90984,7696,3696,4000
15230,94311,3298,45372,2167,91013,7700,3697,4003
15235,94342,3300,45390,2168,91042,7703,3698,4005
15240,94373,3302,45404,2169,91071,7706,3700,4006
15245,94404,3304,45419,2170,91100,7707,3700,4007
15250,94435,3305,45433,2170,91130,7708,3701,4007
15255,94466,3306,45454,2171,91160,7709,3702,4007
15260,94497,3307,45468,2171,91190,7710,3702,4008
15265,94528,3308,45479,2171,91220,7711,3702,4009
15270,94559,3309,45495,2172,91250,7712,3702,4010
15275,94590,3310,45510,2172,91280,7713,3702,4011
15280,94621,3311,45527,2173,91310,7714,3703,4011
15285,94652,3312,45541,2173,91339,7715,3703,4012
15290,94683,3314,45556,2174,91369,7716,3704,4012
15295,94714,3314,45569,2174,91400,7718,3704,4014
15300,94745,3314,45585,2174,91431,7720,3705,4015
15305,94776,3316,45601,2175,91460,7721,3705,4016
15310,94807,3318,45618,2177,91489,7722,3706,4016
15315,94838,3320,45636,2179,91518,7723,3707,4016
15320,94869,3322,45650,2181,91547,7724,3707,4017
15325,94900,3324,45666,2182,91576,7725,3708,4017
15330,94931,3326,45684,2183,91605,7726,3708,4018
15335,94962,3328,45703,2184,91634,7728,3709,4019
15340,94993,3329,45722,2185,91664,7730,3711,4019
15345,95024,3329,45736,2185,91695,7732,3712,4020
15350,95055,3329,45753,2185,91726,7735,3715,4020
15355,95086,3329,45770,2185,91757,7738,3717,4021
15360,95117,3329,45785,2185,91788,7742,3718,4024
15365,95148,3329,45801,2185,91819,7745,3719,4026
15370,95179,3329,45813,2185,91850,7748,3721,4027
15375,95210,3329,45821,2185,91881,7751,3722,4029
15380,95241,3329,45834,2185,91912,7754,3722,4032
15385,95272,3329,45852,2185,91943,7757,3724,4033
15390,95303,3329,45869,2185,91974,7760,3726,4034
15395,95334,3329,45885,2185,92005,7763,3729,4034
15400,95365,3329,45896,2185,92036,7766,3729,4037
15405,95396,3329,45909,2185,92067,7769,3732,4037
15410,95427,3330,45926,2186,92096,7772,3733,4039
15415,95458,3333,45941,2188,92124,7776,3735,4041
15420,95489,3336,45966,2191,92152,7780,3737,4043
15425,95520,3340,45978,2194,92180,7782,3737,4045
15430,95551,3341,45992,2194,92210,7783,3737,4046
15435,95582,3343,46007,2195,92239,7784,3738,4046
15440,95613,3344,46024,2195,92269,7785,3739,4046
15445,95644,3345,46039,2195,92299,7786,3740,4046
15450,95675,3346,46057,2196,92329,7787,3741,4046
15455,95706,3347,46075,2197,92359,7788,3742,4046
15460,95737,3348,46090,2198,92389,7789,3743,4046
15465,95768,3349,46107,2198,92419,7790,3744,4046
15470,95799,3350,46124,2198,92449,7792,3745,4047
15475,95830,3351,46142,2199,92479,7794,3745,4049
15480,95861,3352,46158,2199,92509,7796,3747,4049
15485,95892,3353,46174,2199,92538,7799,3747,4052
15490,95923,3355,46190,2200,92568,7802,3749,4053
15495,95954,3356,46205,2200,92597,7805,3750,4055
15500,95985,3358,46217,2202,92626,7808,3753,4055
15505,96016,3360,46229,2203,92655,7811,3754,4057
15510,96047,3362,46240,2205,92684,7814,3755,4059
15515,96078,3364,46255,2206,92714,7817,3757,4060
15520,96109,3364,46273,2206,92745,7819,3759,4060
15525,96140,3364,46288,2206,92776,7821,3761,4060
15530,96171,3364,46301,2206,92807,7824,3763,4061
15535,96202,3364,46317,2206,92838,7827,3764,4063
15540,96233,3364,46330,2206,92869,7832,3768,4064
15545,96264,3366,46343,2208,92898,7835,3768,4067
15550,96295,3367,46354,2208,92928,7838,3769,4069
15555,96326,3368,46372,2208,92958,7841,3771,4070
15560,96357,3370,46384,2209,92987,7844,3773,4071
15565,96388,3370,46398,2209,93018,7847,3774,4073
15570,96419,3370,46414,2209,93049,7850,3776,4074
15575,96450,3370,46430,2209,93080,7853,3777,4076
15580,96481,3370,46445,2209,93111,7855,3778,4077
15585,96512,3370,46459,2209,93142,7857,3779,4078
15590,96543,3370,46478,2209,93173,7859,3781,4078
15595,96574,3370,46496,2209,93204,7861,3783,4078
15600,96605,3370,46510,2209,93235,7863,3784,4079
15605,96636,3370,46528,2209,93266,7865,3785,4080
15610,96667,3370,46546,2209,93297,7867,3785,4082
15615,96698,3370,46568,2209,93328,7869,3786,4083
15620,96729,3370,46582,2209,93359,7872,3786,4086
15625,96760,3370,46594,2209,93390,7875,3787,4088
15630,96791,3370,46602,2209,93421,7878,3788,4090
15635,96822,3370,46616,2209,93452,7881,3790,4091
15640,96853,3370,46631,2209,93483,7884,3791,4093
15645,96884,3370,46647,2209,93514,7888,3793,4095
15650,96915,3373,46664,2212,93541,7894,3796,4098
15655,96946,3377,46684,2216,93569,7899,3801,4098
15660,96977,3379,46703,2218,93598,7902,3802,4100
15665,97008,3381,46715,2220,93627,7905,3804,4101
15670,97039,3383,46731,2221,93656,7907,3806,4101
15675,97070,3385,46746,2222,93685,7909,3806,4103
15680,97101,3386,46761,2223,93715,7911,3807,4104
15685,97132,3387,46778,2224,93745,7913,3809,4104
15690,97163,3388,46793,2224,93775,7915,3811,4104
15695,97194,3389,46806,2224,93805,7917,3812,4105
15700,97225,3390,46823,2225,93835,7919,3813,4106
15705,97256,3391,46838,2226,93865,7921,3814,4107
15710,97287,3392,46852,2227,93895,7923,3814,4109
15715,97318,3393,46865,2228,93925,7925,3816,4109
15720,97349,3394,46881,2229,93955,7927,3817,4110
15725,97380,3395,46902,2230,93985,7930,3820,4110
15730,97411,3396,46923,2230,94015,7931,3821,4110
15735,97442,3397,46939,2231,94045,7932,3822,4110
15740,97473,3398,46954,2231,94075,7933,3822,4111
15745,97504,3399,46971,2231,94105,7934,3822,4112
15750,97535,3400,46983,2232,94135,7935,3822,4113
15755,97566,3401,46996,2233,94165,7936,3822,4114
15760,97597,3402,47011,2234,94195,7938,3822,4116
15765,97628,3404,47024,2235,94223,7941,3824,4117
15770,97659,3408,47041,2239,94250,7944,3827,4117
15775,97690,3412,47057,2242,94277,7947,3830,4117
15780,97721,3416,47071,2245,94304,7950,3832,4118
15785,97752,3417,47082,2246,94335,7952,3833,4119
15790,97783,3417,47093,2246,94366,7954,3835,4119
15795,97814,3417,47106,2246,94397,7956,3836,4120
15800,97845,3417,47123,2246,94428,7958,3837,4121
15805,97876,3417,47141,2246,94459,7960,3839,4121
15810,97907,3417,47161,2246,94490,7962,3840,4122
15815,97938,3417,47177,2246,94521,7964,3841,4123
15820,97969,3417,47191,2246,94552,7966,3842,4124
15825,98000,3417,47209,2246,94583,7968,3843,4125
15830,98031,3417,47220,2246,94614,7972,3843,4129
15835,98062,3417,47232,2246,94645,7976,3845,4131
15840,98093,3417,47252,2246,94676,7980,3849,4131
15845,98124,3418,47268,2247,94706,7985,3850,4135
15850,98155,3420,47284,2248,94735,7989,3853,4136
15855,98186,3422,47304,2250,94764,7992,3855,4137
15860,98217,3422,47321,2250,94795,7995,3856,4139
15865,98248,3422,47332,2250,94826,7998,3857,4141
15870,98279,3422,47345,2250,94857,8002,3858,4144
15875,98310,3422,47363,2250,94888,8005,3860,4145
15880,98341,3422,47373,2250,94919,8008,3861,4147
15885,98372,3422,47391,2250,94950,8011,3862,4149
15890,98403,3424,47411,2252,94979,8014,3864,4150
15895,98434,3425,47424,2253,95009,8017,3864,4153
15900,98465,3427,47440,2254,95038,8020,3866,4154
15905,98496,3428,47456,2255,95068,8022,3867,4155
15910,98527,3429,47472,2255,95098,8024,3869,4155
15915,98558,3430,47487,2255,95128,8026,3871,4155
15920,98589,3431,47504,2255,95158,8028,3872,4156
15925,98620,3432,47515,2255,95188,8029,3872,4157
15930,98651,3433,47526,2255,95218,8030,3872,4158
15935,98682,3434,47541,2255,95248,8031,3872,4159
15940,98713,3435,47561,2256,95278,8032,3872,4160
15945,98744,3436,47575,2256,95308,8033,3873,4160
15950,98775,3437,47589,2257,95338,8035,3874,4161
15955,98806,3438,47600,2257,95368,8038,3876,4162
15960,98837,3439,47612,2257,95398,8043,3877,4166
15965,98868,3440,47627,2257,95428,8047,3880,4167
15970,98899,3441,47641,2257,95458,8049,3882,4167
15975,98930,3442,47656,2258,95488,8050,3882,4168
15980,98961,3443,47671,2259,95518,8051,3882,4169
15985,98992,3444,47684,2259,95548,8052,3882,4170
15990,99023,3445,47696,2259,95578,8053,3882,4171
15995,99054,3446,47714,2259,95608,8054,3883,4171
16000,99085,3447,47724,2259,95638,8055,3883,4172
16005,99116,3448,47736,2260,95668,8056,3883,4173
16010,99147,3449,47751,2260,95698,8057,3883,4174
16015,99178,3450,47769,2261,95728,8058,3883,4175
16020,99209,3451,47788,2262,95758,8059,3884,4175
16025,99240,3452,47805,2262,95788,8061,3885,4176
16030,99271,3453,47821,2262,95818,8063,3886,4177
16035,99302,3454,47837,2262,95848,8065,3887,4178
16040,99333,3455,47857,2262,95878,8067,3888,4179
16045,99364,3456,47872,2263,95908,8069,3888,4181
16050,99395,3457,47884,2264,95938,8071,3888,4183
16055,99426,3458,47898,2264,95968,8073,3888,4185
16060,99457,3459,47913,2265,95998,8075,3889,4186
16065,99488,3460,47930,2266,96028,8078,3890,4188
16070,99519,3464,47944,2270,96055,8083,3892,4191
16075,99550,3465,47958,2271,96085,8090,3897,4193
16080,99581,3468,47970,2273,96113,8098,3900,4198
16085,99612,3469,47983,2273,96143,8101,3902,4199
16090,99643,3469,47997,2273,96174,8102,3902,4200
16095,99674,3469,48012,2273,96205,8103,3902,4201
16100,99705,3469,48030,2273,96236,8104,3902,4202
16105,99736,3469,48047,2273,96267,8105,3903,4202
16110,99767,3469,48059,2273,96298,8106,3903,4203
16115,99798,3469,48076,2273,96329,8107,3904,4203
16120,99829,3469,48091,2273,96360,8108,3905,4203
16125,99860,3469,48106,2273,96391,8109,3905,4204
16130,99891,3469,48122,2273,96422,8110,3906,4204
16135,99922,3469,48133,2273,96453,8111,3906,4205
16140,99953,3469,48140,2273,96484,8112,3906,4206
16145,99984,3469,48153,2273,96515,8113,3907,4206
16150,100015,3469,48168,2273,96546,8114,3908,4206
16155,100046,3469,48183,2273,96577,8115,3908,4207
16160,100077,3469,48196,2273,96608,8116,3908,4208
16165,100108,3469,48210,2273,96639,8117,3909,4208
16170,100139,3469,48230,2273,96670,8118,3910,4208
16175,100170,3469,48246,2273,96701,8119,3910,4209
16180,100201,3471,48265,2274,96730,8120,3910,4210
16185,100232,3473,48276,2275,96759,8125,3911,4214
16190,100263,3474,48286,2275,96789,8132,3913,4219
16195,100294,3476,48302,2276,96817,8139,3918,4221
16200,100325,3482,48317,2281,96843,8145,3921,4224
16205,100356,3484,48330,2282,96872,8147,3921,4226
16210,100387,3486,48342,2283,96901,8149,3921,4228
16215,100418,3487,48359,2283,96931,8151,3922,4229
16220,100449,3490,48376,2285,96959,8153,3923,4230
16225,100480,3491,48391,2286,96989,8155,3923,4232
16230,100511,3491,48405,2286,97020,8157,3923,4234
16235,100542,3491,48420,2286,97051,8159,3925,4234
16240,100573,3491,48442,2286,97082,8161,3927,4234
16245,100604,3491,48457,2286,97113,8163,3928,4235
16250,100635,3491,48466,2286,97144,8165,3928,4237
16255,100666,3491,48481,2286,97175,8167,3929,4238
16260,100697,3491,48497,2286,97206,8169,3931,4238
16265,100728,3491,48507,2286,97237,8171,3931,4240
16270,100759,3491,48519,2286,97268,8173,3932,4241
16275,100790,3491,48533,2286,97299,8175,3932,4243
16280,100821,3491,48546,2286,97330,8177,3934,4243
16285,100852,3491,48556,2286,97361,8179,3935,4244
16290,100883,3491,48569,2286,97392,8181,3936,4245
16295,100914,3491,48580,2286,97423,8183,3937,4246
16300,100945,3491,48598,2286,97454,8185,3937,4248
16305,100976,3491,48615,2286,97485,8188,3939,4249
16310,101007,3492,48628,2286,97515,8193,3942,4251
16315,101038,3493,48647,2287,97544,8199,3947,4252
16320,101069,3495,48661,2289,97573,8203,3950,4253
16325,101100,3498,48672,2290,97602,8205,3950,4255
16330,101131,3500,48684,2291,97631,8208,3952,4256
16335,101162,3502,48697,2293,97660,8211,3954,4257
16340,101193,3505,48710,2295,97688,8214,3955,4259
16345,101224,3505,48730,2295,97719,8217,3956,4261
16350,101255,3505,48749,2295,97750,8220,3959,4261
16355,101286,3505,48760,2295,97781,8223,3960,4263
16360,101317,3505,48780,2295,97812,8225,3961,4264
16365,101348,3505,48794,2295,97843,8227,3962,4265
16370,101379,3505,48809,2295,97874,8229,3963,4266
16375,101410,3505,48820,2295,97905,8231,3963,4268
16380,101441,3505,48836,2295,97936,8233,3963,4270
16385,101472,3505,48849,2295,97967,8235,3963,4272
16390,101503,3505,48867,2295,97998,8237,3963,4274
16395,101534,3505,48883,2295,98029,8239,3965,4274
16400,101565,3505,48899,2295,98060,8241,3965,4276
16405,101596,3505,48917,2295,98091,8243,3965,4278
16410,101627,3505,48926,2295,98122,8245,3966,4279
16415,101658,3505,48942,2295,98153,8247,3966,4281
16420,101689,3505,48956,2295,98184,8250,3967,4283
16425,101720,3505,48972,2295,98215,8254,3970,4284
16430,101751,3505,48991,2295,98245,8260,3974,4286
16435,101782,3507,49001,2296,98275,8264,3975,4289
16440,101813,3508,49022,2297,98305,8267,3976,4291
16445,101844,3510,49036,2299,98334,8269,3976,4293
16450,101875,3513,49057,2302,98362,8271,3977,4294
16455,101906,3516,49071,2305,98390,8273,3978,4295
16460,101937,3518,49086,2306,98419,8275,3980,4295
16465,101968,3522,49099,2309,98446,8278,3981,4297
16470,101999,3527,49120,2314,98472,8281,3983,4298
16475,102030,3532,49140,2319,98498,8283,3984,4299
16480,102061,3536,49150,2323,98525,8285,3985,4300
16485,102092,3537,49165,2324,98555,8287,3986,4301
16490,102123,3538,49170,2324,98585,8290,3986,4304
16495,102154,3540,49186,2325,98614,8293,3988,4305
16500,102185,3541,49201,2325,98644,8296,3989,4307
16505,102216,3541,49216,2325,98675,8299,3990,4309
16510,102247,3541,49227,2325,98706,8302,3990,4312
16515,102278,3541,49239,2325,98737,8305,3991,4314
16520,102309,3541,49248,2325,98768,8308,3993,4315
16525,102340,3541,49263,2325,98799,8310,3993,4317
16530,102371,3541,49279,2325,98830,8312,3994,4318
16535,102402,3541,49293,2325,98861,8315,3995,4320
16540,102433,3541,49311,2325,98892,8320,4000,4320
16545,102464,3541,49328,2325,98923,8325,4003,4322
16550,102495,3541,49342,2325,98954,8330,4006,4324
16555,102526,3541,49354,2325,98985,8335,4007,4328
16560,102557,3541,49372,2325,99016,8338,4009,4329
16565,102588,3543,49388,2326,99044,8340,4010,4330
16570,102619,3545,49400,2328,99074,8342,4011,4331
16575,102650,3546,49414,2328,99103,8344,4012,4332
16580,102681,3549,49430,2330,99132,8346,4013,4333
16585,102712,3551,49446,2332,99160,8348,4013,4335
16590,102743,3553,49459,2333,99190,8349,4013,4336
16595,102774,3553,49476,2333,99221,8350,4013,4337
16600,102805,3553,49495,2333,99252,8351,4013,4338
16605,102836,3553,49509,2333,99283,8352,4013,4339
16610,102867,3555,49531,2334,99312,8353,4014,4339
16615,102898,3558,49547,2336,99340,8354,4015,4339
16620,102929,3560,49561,2337,99369,8355,4015,4340
16625,102960,3562,49576,2339,99398,8358,4018,4340
16630,102991,3562,49590,2339,99429,8360,4020,4340
16635,103022,3562,49601,2339,99460,8362,4020,4342
16640,103053,3562,49617,2339,99491,8364,4021,4343
16645,103084,3562,49633,2339,99522,8366,4021,4345
16650,103115,3562,49647,2339,99553,8368,4021,4347
16655,103146,3562,49661,2339,99584,8371,4022,4349
16660,103177,3562,49676,2339,99615,8374,4023,4351
16665,103208,3562,49692,2339,99646,8377,4024,4353
16670,103239,3562,49704,2339,99677,8380,4026,4354
16675,103270,3562,49722,2339,99708,8383,4027,4356
16680,103301,3562,49736,2339,99739,8386,4028,4358
16685,103332,3562,49755,2339,99770,8388,4028,4360
16690,103363,3562,49770,2339,99801,8390,4028,4362
16695,103394,3562,49787,2339,99831,8392,4030,4362
16700,103425,3564,49800,2340,99861,8393,4031,4362
16705,103456,3565,49812,2340,99890,8394,4031,4363
16710,103487,3567,49829,2342,99920,8395,4032,4363
16715,103518,3568,49843,2342,99950,8396,4033,4363
16720,103549,3569,49857,2343,99979,8397,4034,4363
16725,103580,3571,49874,2345,100009,8398,4034,4364
16730,103611,3572,49892,2345,100038,8400,4036,4364
16735,103642,3575,49904,2347,100066,8403,4037,4366
16740,103673,3578,49919,2348,100095,8406,4037,4369
16745,103704,3579,49932,2348,100125,8408,4037,4371
16750,103735,3580,49945,2348,100155,8410,4039,4371
16755,103766,3582,49961,2349,100184,8412,4040,4372
16760,103797,3584,49977,2351,100213,8414,4042,4372
16765,103828,3586,49989,2352,100242,8416,4043,4373
16770,103859,3589,50006,2355,100270,8418,4045,4373
16775,103890,3589,50020,2355,100301,8420,4046,4374
16780,103921,3589,50031,2355,100332,8422,4047,4375
16785,103952,3589,50047,2355,100363,8425,4049,4376
16790,103983,3589,50062,2355,100394,8428,4051,4377
16795,104014,3589,50080,2355,100425,8431,4052,4379
16800,104045,3589,50097,2355,100456,8434,4054,4380
16805,104076,3589,50110,2355,100487,8436,4056,4380
16810,104107,3589,50126,2355,100518,8438,4058,4380
16815,104138,3589,50138,2355,100549,8440,4059,4381
16820,104169,3589,50153,2355,100580,8442,4060,4382
16825,104200,3589,50171,2355,100611,8444,4060,4384
16830,104231,3589,50181,2355,100642,8446,4060,4386
16835,104262,3589,50192,2355,100673,8448,4060,4388
16840,104293,3589,50205,2355,100704,8450,4061,4389
16845,104324,3589,50218,2355,100735,8453,4062,4391
16850,104355,3592,50235,2358,100763,8457,4065,4392
16855,104386,3595,50253,2360,100790,8459,4066,4393
16860,104417,3597,50266,2361,100820,8462,4067,4395
16865,104448,3600,50275,2363,100848,8463,4068,4395
16870,104479,3604,50284,2365,100875,8464,4068,4396
16875,104510,3607,50302,2368,100903,8465,4069,4396
16880,104541,3609,50321,2369,100932,8466,4069,4397
16885,104572,3609,50336,2369,100963,8467,4069,4398
16890,104603,3609,50350,2369,100994,8468,4069,4399
16895,104634,3609,50359,2369,101025,8469,4069,4400
16900,104665,3609,50376,2369,101056,8470,4070,4400
16905,104696,3609,50393,2369,101087,8471,4071,4400
16910,104727,3609,50407,2369,101118,8473,4072,4401
16915,104758,3609,50424,2369,101149,8475,4074,4401
16920,104789,3609,50440,2369,101180,8477,4075,4402
16925,104820,3610,50451,2369,101210,8480,4077,4403
16930,104851,3610,50470,2369,101241,8482,4078,4404
16935,104882,3610,50482,2369,101272,8484,4079,4405
16940,104913,3610,50496,2369,101303,8486,4079,4407
16945,104944,3610,50505,2369,101334,8488,4080,4408
16950,104975,3610,50515,2369,101365,8491,4082,4409
16955,105006,3610,50531,2369,101396,8495,4083,4412
16960,105037,3610,50544,2369,101427,8500,4085,4415
16965,105068,3610,50557,2369,101458,8505,4087,4418
16970,105099,3610,50572,2369,101489,8511,4090,4421
16975,105130,3610,50586,2369,101520,8516,4093,4423
16980,105161,3611,50601,2369,101550,8521,4098,4423
16985,105192,3612,50611,2369,101580,8523,4098,4425
16990,105223,3614,50623,2370,101609,8525,4098,4427
16995,105254,3616,50638,2371,101638,8527,4099,4428
17000,105285,3616,50655,2371,101669,8529,4099,4430
17005,105316,3616,50664,2371,101700,8531,4100,4431
17010,105347,3616,50678,2371,101731,8533,4101,4432
17015,105378,3616,50697,2371,101762,8535,4103,4432
17020,105409,3616,50714,2371,101793,8537,4105,4432
17025,105440,3616,50731,2371,101824,8539,4106,4433
17030,105471,3616,50752,2371,101855,8541,4106,4435
17035,105502,3618,50767,2372,101884,8543,4108,4435
17040,105533,3620,50784,2373,101913,8545,4110,4435
17045,105564,3620,50795,2373,101944,8546,4110,4436
17050,105595,3620,50809,2373,101975,8547,4111,4436
17055,105626,3620,50824,2373,102006,8548,4111,4437
17060,105657,3620,50839,2373,102037,8549,4112,4437
17065,105688,3620,50857,2373,102068,8550,4113,4437
17070,105719,3620,50872,2373,102099,8551,4113,4438
17075,105750,3620,50889,2373,102130,8553,4114,4439
17080,105781,3620,50901,2373,102161,8555,4115,4440
17085,105812,3620,50917,2373,102192,8557,4117,4440
17090,105843,3620,50935,2373,102223,8560,4120,4440
17095,105874,3620,50946,2373,102254,8563,4121,4442
17100,105905,3621,50963,2374,102284,8567,4122,4445
17105,105936,3622,50979,2375,102314,8572,4125,4447
17110,105967,3623,50998,2376,102344,8576,4127,4449
17115,105998,3624,51012,2377,102374,8579,4129,4450
17120,106029,3625,51024,2378,102404,8581,4129,4452
17125,106060,3626,51039,2378,102434,8583,4131,4452
17130,106091,3627,51052,2378,102464,8585,4133,4452
17135,106122,3628,51073,2379,102494,8587,4134,4453
17140,106153,3629,51087,2380,102524,8589,4134,4455
17145,106184,3630,51100,2381,102554,8591,4134,4457
17150,106215,3632,51114,2382,102583,8593,4135,4458
17155,106246,3634,51130,2382,102612,8595,4137,4458
17160,106277,3637,51150,2384,102640,8597,4138,4459
17165,106308,3640,51166,2385,102668,8600,4141,4459
17170,106339,3642,51178,2387,102697,8603,4143,4460
17175,106370,3644,51192,2387,102726,8606,4145,4461
17180,106401,3646,51203,2387,102755,8610,4146,4464
17185,106432,3649,51216,2390,102783,8614,4147,4467
17190,106463,3651,51226,2391,102812,8618,4148,4470
17195,106494,3653,51239,2392,102841,8623,4152,4471
17200,106525,3656,51252,2393,102869,8628,4154,4474
17205,106556,3658,51265,2394,102898,8633,4156,4477
17210,106587,3661,51282,2397,102925,8638,4159,4479
17215,106618,3666,51295,2401,102951,8644,4163,4481
17220,106649,3671,51313,2404,102978,8649,4167,4482
17225,106680,3671,51324,2404,103009,8651,4168,4483
17230,106711,3671,51340,2404,103040,8652,4169,4483
17235,106742,3671,51354,2404,103071,8653,4170,4483
17240,106773,3671,51362,2404,103102,8654,4170,4484
17245,106804,3671,51378,2404,103133,8655,4170,4485
17250,106835,3671,51391,2404,103164,8656,4171,4485
17255,106866,3671,51407,2404,103195,8657,4171,4486
17260,106897,3671,51420,2404,103226,8658,4171,4487
17265,106928,3671,51440,2404,103257,8659,4172,4487
17270,106959,3671,51456,2404,103288,8660,4173,4487
17275,106990,3671,51469,2404,103319,8662,4174,4488
17280,107021,3671,51487,2404,103350,8663,4174,4489
17285,107052,3671,51504,2404,103381,8664,4175,4489
17290,107083,3671,51521,2404,103412,8665,4175,4490
17295,107114,3671,51536,2404,103443,8666,4175,4491
17300,107145,3671,51552,2404,103474,8667,4176,4491
17305,107176,3671,51568,2404,103505,8668,4177,4491
17310,107207,3671,51587,2404,103536,8669,4178,4491
17315,107238,3671,51601,2404,103567,8671,4179,4492
17320,107269,3671,51616,2404,103598,8673,4180,4493
17325,107300,3672,51631,2405,103628,8676,4181,4495
17330,107331,3673,51642,2406,103658,8683,4184,4499
17335,107362,3676,51657,2407,103686,8689,4186,4503
17340,107393,3681,51677,2411,103711,8693,4190,4503
17345,107424,3684,51693,2413,103740,8697,4193,4504
17350,107455,3686,51708,2415,103769,8701,4195,4506
17355,107486,3687,51719,2416,103799,8705,4197,4508
17360,107517,3689,51729,2417,103828,8709,4198,4511
17365,107548,3689,51745,2417,103859,8713,4199,4514
17370,107579,3689,51762,2417,103890,8716,4200,4516
17375,107610,3689,51780,2417,103921,8719,4202,4517
17380,107641,3689,51794,2417,103952,8722,4203,4519
17385,107672,3689,51807,2417,103983,8725,4204,4521
17390,107703,3689,51820,2417,104014,8728,4205,4523
17395,107734,3689,51836,2417,104045,8731,4207,4524
17400,107765,3689,51850,2417,104076,8734,4210,4524
17405,107796,3691,51864,2417,104105,8735,4210,4525
17410,107827,3693,51879,2417,104134,8736,4211,4525
17415,107858,3696,51892,2420,104162,8737,4211,4526
17420,107889,3699,51904,2422,104190,8738,4211,4527
17425,107920,3701,51920,2423,104219,8739,4212,4527
17430,107951,3702,51935,2424,104249,8740,4212,4528
17435,107982,3703,51952,2424,104279,8742,4213,4529
17440,108013,3704,51966,2425,104309,8746,4214,4532
17445,108044,3705,51976,2425,104339,8751,4217,4534
17450,108075,3706,51990,2425,104369,8755,4219,4536
17455,108106,3707,51999,2425,104399,8758,4220,4538
17460,108137,3709,52015,2427,104428,8761,4220,4541
17465,108168,3709,52030,2427,104459,8763,4221,4542
17470,108199,3709,52045,2427,104490,8765,4223,4542
17475,108230,3709,52068,2427,104521,8767,4223,4544
17480,108261,3709,52084,2427,104552,8769,4224,4545
17485,108292,3709,52098,2427,104583,8771,4225,4546
17490,108323,3709,52113,2427,104614,8773,4226,4547
17495,108354,3709,52126,2427,104645,8775,4226,4549
17500,108385,3709,52137,2427,104676,8777,4227,4550
17505,108416,3709,52152,2427,104707,8779,4228,4551
17510,108447,3709,52162,2427,104738,8781,4228,4553
17515,108478,3709,52183,2427,104769,8783,4229,4554
17520,108509,3709,52200,2427,104800,8785,4230,4555
17525,108540,3711,52211,2428,104829,8787,4231,4556
17530,108571,3712,52224,2428,104859,8789,4232,4557
17535,108602,3713,52240,2428,104889,8791,4232,4559
17540,108633,3714,52255,2428,104919,8793,4234,4559
17545,108664,3716,52272,2429,104948,8795,4235,4560
17550,108695,3717,52288,2430,104978,8798,4237,4561
17555,108726,3719,52302,2432,105007,8802,4238,4564
17560,108757,3720,52320,2433,105037,8807,4240,4567
17565,108788,3721,52340,2434,105067,8812,4245,4567
17570,108819,3723,52355,2435,105095,8816,4248,4568
17575,108850,3727,52375,2439,105122,8821,4251,4570
17580,108881,3732,52391,2443,105148,8826,4255,4571
17585,108912,3734,52405,2445,105178,8828,4257,4571
17590,108943,3735,52418,2446,105208,8830,4258,4572
17595,108974,3737,52431,2447,105237,8832,4259,4573
17600,109005,3738,52444,2447,105267,8834,4260,4574
17605,109036,3738,52457,2447,105298,8836,4260,4576
17610,109067,3738,52469,2447,105329,8838,4261,4577
17615,109098,3738,52485,2447,105360,8840,4261,4579
17620,109129,3738,52499,2447,105391,8842,4262,4580
17625,109160,3738,52517,2447,105422,8844,4264,4580
17630,109191,3738,52535,2447,105453,8846,4266,4580
17635,109222,3738,52550,2447,105484,8848,4267,4581
17640,109253,3738,52565,2447,105515,8850,4268,4582
17645,109284,3738,52578,2447,105546,8854,4269,4585
17650,109315,3738,52591,2447,105577,8856,4270,4586
17655,109346,3738,52598,2447,105608,8858,4270,4588
17660,109377,3738,52613,2447,105639,8860,4271,4589
17665,109408,3738,52627,2447,105670,8862,4272,4590
17670,109439,3738,52643,2447,105701,8865,4274,4591
17675,109470,3738,52655,2447,105732,8868,4275,4593
17680,109501,3738,52667,2447,105763,8871,4277,4594
17685,109532,3738,52685,2447,105794,8876,4280,4596
17690,109563,3738,52698,2447,105825,8881,4282,4599
17695,109594,3742,52721,2451,105852,8886,4286,4600
17700,109625,3745,52734,2453,105880,8891,4290,4601
17705,109656,3746,52751,2453,105910,8895,4291,4604
17710,109687,3748,52766,2455,105939,8898,4291,4607
17715,109718,3750,52779,2456,105968,8901,4292,4609
17720,109749,3751,52796,2457,105998,8904,4293,4611
17725,109780,3752,52816,2457,106028,8907,4293,4614
17730,109811,3753,52838,2458,106058,8910,4295,4615
17735,109842,3754,52854,2458,106088,8913,4296,4617
17740,109873,3755,52873,2459,106118,8916,4298,4618
17745,109904,3756,52885,2459,106148,8919,4298,4621
17750,109935,3757,52898,2459,106178,8922,4299,4623
17755,109966,3758,52911,2460,106208,8925,4300,4625
17760,109997,3759,52933,2460,106238,8928,4303,4625
17765,110028,3761,52953,2462,106267,8930,4304,4626
17770,110059,3763,52964,2464,106296,8932,4304,4628
17775,110090,3764,52977,2465,106326,8935,4306,4629
17780,110121,3766,52998,2466,106355,8938,4308,4630
17785,110152,3768,53014,2468,106384,8941,4309,4632
17790,110183,3768,53031,2468,106415,8944,4312,4632
17795,110214,3768,53044,2468,106446,8947,4312,4635
17800,110245,3768,53063,2468,106477,8950,4314,4636
17805,110276,3768,53077,2468,106508,8954,4315,4639
17810,110307,3770,53097,2469,106537,8960,4319,4641
17815,110338,3772,53115,2471,106566,8966,4322,4644
17820,110369,3774,53134,2473,106595,8972,4325,4647
17825,110400,3777,53152,2475,106623,8973,4326,4647
17830,110431,3780,53169,2476,106651,8973,4326,4647
17835,110462,3781,53186,2477,106681,8973,4326,4647
17840,110493,3782,53202,2477,106711,8973,4326,4647
17845,110524,3783,53216,2478,106741,8973,4326,4647
17850,110555,3785,53224,2479,106770,8973,4326,4647
17855,110586,3786,53237,2479,106800,8973,4326,4647
17860,110617,3786,53251,2479,106831,8973,4326,4647
17865,110648,3786,53261,2479,106862,8974,4326,4648
17870,110679,3786,53278,2479,106893,8975,4326,4649
17875,110710,3786,53295,2479,106924,8976,4326,4650
17880,110741,3786,53309,2479,106955,8977,4326,4651
17885,110772,3786,53323,2479,106986,8978,4326,4652
17890,110803,3786,53338,2479,107017,8979,4327,4652
17895,110834,3786,53357,2479,107048,8980,4327,4653
17900,110865,3786,53373,2479,107079,8981,4328,4653
17905,110896,3786,53389,2479,107110,8982,4329,4653
17910,110927,3786,53403,2479,107141,8983,4330,4653
17915,110958,3786,53418,2479,107172,8984,4330,4654
17920,110989,3786,53438,2479,107203,8985,4331,4654
17925,111020,3786,53452,2479,107234,8987,4333,4654
17930,111051,3786,53465,2479,107265,8991,4335,4656
17935,111082,3786,53476,2479,107296,8996,4336,4660
17940,111113,3787,53491,2479,107326,9001,4338,4663
17945,111144,3790,53499,2481,107354,9004,4338,4666
17950,111175,3793,53519,2482,107382,9007,4339,4668
17955,111206,3795,53538,2484,107411,9010,4340,4670
17960,111237,3798,53556,2486,107439,9013,4341,4672
17965,111268,3800,53568,2486,107468,9016,4343,4673
17970,111299,3803,53582,2487,107496,9018,4343,4675
17975,111330,3807,53595,2489,107523,9020,4343,4677
17980,111361,3811,53610,2492,107550,9022,4345,4677
17985,111392,3814,53627,2494,107578,9024,4347,4677
17990,111423,3818,53639,2497,107605,9026,4347,4679
17995,111454,3819,53652,2497,107635,9028,4348,4680
18000,111485,3820,53665,2498,107665,9030,4350,4680
18005,111516,3821,53680,2498,107695,9033,4351,4682
18010,111547,3822,53691,2499,107725,9036,4351,4685
18015,111578,3824,53705,2501,107754,9040,4353,4687
18020,111609,3825,53723,2502,107784,9044,4355,4689
18025,111640,3826,53737,2502,107814,9048,4357,4691
18030,111671,3828,53754,2504,107843,9052,4358,4694
18035,111702,3830,53775,2506,107872,9057,4362,4695
18040,111733,3830,53789,2506,107903,9062,4366,4696
18045,111764,3830,53805,2506,107934,9066,4367,4699
18050,111795,3830,53823,2506,107965,9071,4370,4701
18055,111826,3830,53837,2506,107996,9076,4372,4704
18060,111857,3830,53853,2506,108027,9079,4374,4705
18065,111888,3830,53870,2506,108058,9081,4375,4706
18070,111919,3830,53881,2506,108089,9084,4376,4708
18075,111950,3830,53895,2506,108120,9087,4378,4709
18080,111981,3830,53905,2506,108151,9090,4380,4710
18085,112012,3830,53927,2506,108182,9093,4381,4712
18090,112043,3830,53938,2506,108213,9096,4382,4714
18095,112074,3831,53954,2506,108243,9099,4383,4716
18100,112105,3832,53968,2506,108273,9102,4385,4717
18105,112136,3833,53983,2506,108303,9105,4387,4718
18110,112167,3834,53993,2506,108333,9109,4388,4721
18115,112198,3836,54010,2507,108362,9112,4388,4724
18120,112229,3838,54026,2508,108391,9114,4390,4724
18125,112260,3841,54043,2511,108419,9116,4391,4725
18130,112291,3842,54056,2512,108449,9118,4391,4727
18135,112322,3844,54072,2514,108478,9120,4392,4728
18140,112353,3846,54088,2515,108507,9122,4393,4729
18145,112384,3846,54099,2515,108538,9125,4393,4732
18150,112415,3846,54113,2515,108569,9128,4396,4732
18155,112446,3846,54130,2515,108600,9131,4398,4733
18160,112477,3846,54147,2515,108631,9136,4402,4734
18165,112508,3846,54160,2515,108662,9141,4406,4735
18170,112539,3847,54169,2516,108692,9147,4410,4737
18175,112570,3848,54187,2516,108721,9153,4413,4740
18180,112601,3850,54201,2518,108751,9159,4415,4744
18185,112632,3851,54217,2519,108781,9163,4418,4745
18190,112663,3851,54231,2519,108812,9165,4418,4747
18195,112694,3851,54247,2519,108843,9167,4420,4747
18200,112725,3851,54263,2519,108874,9169,4421,4748
18205,112756,3851,54277,2519,108905,9171,4421,4750
18210,112787,3851,54294,2519,108936,9173,4421,4752
18215,112818,3851,54305,2519,108967,9175,4422,4753
18220,112849,3851,54319,2519,108998,9177,4423,4754
18225,112880,3851,54334,2519,109029,9180,4424,4756
18230,112911,3851,54345,2519,109060,9183,4424,4759
18235,112942,3851,54357,2519,109091,9186,4425,4761
18240,112973,3851,54371,2519,109122,9189,4426,4763
18245,113004,3851,54393,2519,109153,9190,4427,4763
18250,113035,3852,54406,2519,109183,9191,4428,4763
18255,113066,3853,54417,2519,109213,9192,4428,4764
18260,113097,3854,54432,2520,109243,9192,4428,4764
18265,113128,3855,54446,2520,109273,9192,4428,4764
18270,113159,3856,54461,2520,109303,9192,4428,4764
18275,113190,3857,54474,2521,109333,9192,4428,4764
18280,113221,3858,54487,2522,109363,9192,4428,4764
18285,113252,3859,54501,2522,109393,9192,4428,4764
18290,113283,3863,54521,2525,109419,9193,4429,4764
18295,113314,3867,54539,2528,109446,9196,4431,4765
18300,113345,3872,54555,2531,109473,9199,4432,4767
18305,113376,3872,54569,2531,109504,9201,4433,4768
18310,113407,3872,54586,2531,109535,9203,4434,4769
18315,113438,3872,54603,2531,109566,9205,4435,4770
18320,113469,3872,54616,2531,109597,9207,4436,4771
18325,113500,3872,54628,2531,109628,9209,4437,4772
18330,113531,3872,54641,2531,109659,9211,4437,4774
18335,113562,3872,54659,2531,109690,9213,4438,4775
18340,113593,3872,54670,2531,109721,9215,4440,4775
18345,113624,3872,54689,2531,109752,9217,4441,4776
18350,113655,3872,54701,2531,109783,9219,4442,4777
18355,113686,3872,54714,2531,109814,9222,4443,4779
18360,113717,3872,54735,2531,109845,9226,4445,4781
18365,113748,3872,54748,2531,109876,9228,4445,4783
18370,113779,3872,54762,2531,109907,9230,4445,4785
18375,113810,3872,54777,2531,109938,9232,4445,4787
18380,113841,3872,54790,2531,109969,9234,4446,4788
18385,113872,3872,54805,2531,110000,9235,4447,4788
18390,113903,3872,54819,2531,110031,9236,4448,4788
18395,113934,3872,54837,2531,110062,9237,4448,4789
18400,113965,3872,54853,2531,110093,9238,4448,4790
18405,113996,3872,54864,2531,110123,9240,4449,4791
18410,114027,3876,54875,2534,110151,9243,4450,4793
18415,114058,3880,54894,2537,110178,9246,4453,4793
18420,114089,3883,54905,2538,110206,9249,4455,4794
18425,114120,3883,54917,2538,110237,9251,4455,4796
18430,114151,3883,54931,2538,110268,9253,4456,4797
18435,114182,3883,54944,2538,110299,9255,4456,4799
18440,114213,3883,54955,2538,110330,9257,4457,4800
18445,114244,3883,54971,2538,110361,9259,4458,4801
18450,114275,3883,54987,2538,110392,9261,4460,4801
18455,114306,3883,55000,2538,110423,9263,4460,4803
18460,114337,3883,55015,2538,110454,9265,4461,4804
18465,114368,3883,55027,2538,110485,9267,4463,4804
18470,114399,3883,55043,2538,110516,9269,4465,4804
18475,114430,3883,55062,2538,110547,9272,4468,4804
18480,114461,3883,55079,2538,110578,9275,4471,4804
18485,114492,3883,55093,2538,110609,9276,4471,4805
18490,114523,3883,55107,2538,110640,9278,4472,4806
18495,114554,3883,55119,2538,110671,9280,4472,4808
18500,114585,3883,55136,2538,110702,9282,4474,4808
18505,114616,3883,55152,2538,110733,9284,4474,4810
18510,114647,3883,55166,2538,110764,9286,4475,4811
18515,114678,3883,55185,2538,110795,9288,4476,4812
18520,114709,3883,55199,2538,110826,9290,4478,4812
18525,114740,3883,55213,2538,110856,9292,4478,4814
18530,114771,3887,55229,2540,110883,9294,4479,4815
18535,114802,3894,55247,2546,110907,9296,4479,4817
18540,114833,3899,55259,2550,110933,9298,4480,4818
18545,114864,3900,55275,2551,110964,9299,4481,4818
18550,114895,3900,55290,2551,110995,9300,4482,4818
18555,114926,3900,55305,2551,111026,9301,4483,4818
18560,114957,3900,55323,2551,111057,9302,4483,4819
18565,114988,3900,55334,2551,111088,9304,4485,4819
18570,115019,3900,55347,2551,111119,9306,4487,4819
18575,115050,3900,55364,2551,111150,9308,4489,4819
18580,115081,3900,55378,2551,111181,9310,4490,4820
18585,115112,3900,55392,2551,111212,9312,4491,4821
18590,115143,3900,55408,2551,111243,9314,4493,4821
18595,115174,3900,55423,2551,111274,9317,4495,4822
18600,115205,3900,55440,2551,111305,9320,4497,4823
18605,115236,3902,55455,2553,111333,9322,4497,4825
18610,115267,3905,55471,2556,111362,9324,4498,4826
18615,115298,3905,55483,2556,111393,9325,4498,4827
18620,115329,3905,55495,2556,111424,9326,4499,4827
18625,115360,3905,55510,2556,111455,9327,4499,4828
18630,115391,3905,55523,2556,111486,9328,4499,4829
18635,115422,3905,55536,2556,111517,9329,4500,4829
18640,115453,3905,55552,2556,111548,9330,4500,4830
18645,115484,3905,55567,2556,111579,9331,4501,4830
18650,115515,3906,55584,2557,111609,9333,4501,4832
18655,115546,3907,55600,2557,111639,9335,4502,4833
18660,115577,3908,55611,2557,111669,9337,4502,4835
18665,115608,3911,55626,2560,111697,9340,4504,4836
18670,115639,3915,55642,2563,111724,9343,4504,4839
18675,115670,3917,55660,2565,111753,9346,4506,4840
18680,115701,3920,55676,2568,111781,9349,4509,4840
18685,115732,3923,55689,2570,111809,9352,4510,4842
18690,115763,3927,55702,2573,111836,9355,4510,4845
18695,115794,3931,55716,2577,111863,9358,4511,4847
18700,115825,3934,55731,2579,111891,9361,4513,4848
18705,115856,3939,55748,2584,111917,9365,4515,4850
18710,115887,3940,55760,2584,111947,9371,4516,4855
18715,115918,3940,55780,2584,111978,9373,4517,4856
18720,115949,3940,55793,2584,112009,9375,4518,4857
18725,115980,3940,55813,2584,112040,9377,4518,4859
18730,116011,3940,55829,2584,112071,9379,4519,4860
18735,116042,3940,55840,2584,112102,9381,4520,4861
18740,116073,3940,55860,2584,112133,9383,4522,4861
18745,116104,3940,55879,2584,112164,9385,4523,4862
18750,116135,3940,55896,2584,112195,9387,4523,4864
18755,116166,3940,55908,2584,112226,9389,4523,4866
18760,116197,3940,55924,2584,112257,9391,4524,4867
18765,116228,3940,55944,2584,112288,9393,4525,4868
18770,116259,3940,55960,2584,112319,9395,4526,4869
18775,116290,3940,55974,2584,112350,9397,4527,4870
18780,116321,3940,55991,2584,112381,9399,4528,4871
18785,116352,3942,56004,2586,112410,9402,4530,4872
18790,116383,3944,56018,2588,112439,9405,4531,4874
18795,116414,3945,56034,2588,112469,9408,4532,4876
18800,116445,3946,56050,2588,112499,9411,4534,4877
18805,116476,3948,56066,2590,112528,9414,4536,4878
18810,116507,3950,56081,2592,112557,9416,4537,4879
18815,116538,3955,56096,2596,112583,9419,4539,4880
18820,116569,3959,56110,2599,112610,9424,4540,4884
18825,116600,3962,56123,2602,112638,9429,4541,4888
18830,116631,3964,56137,2604,112667,9434,4543,4891
18835,116662,3965,56155,2605,112697,9437,4544,4893
18840,116693,3968,56168,2607,112725,9440,4545,4895
18845,116724,3969,56178,2607,112755,9443,4546,4897
18850,116755,3970,56191,2608,112785,9446,4548,4898
18855,116786,3971,56205,2608,112815,9449,4548,4901
18860,116817,3974,56220,2610,112843,9452,4550,4902
18865,116848,3974,56232,2610,112874,9455,4551,4904
18870,116879,3974,56245,2610,112905,9457,4552,4905
18875,116910,3974,56260,2610,112936,9459,4553,4906
18880,116941,3974,56276,2610,112967,9461,4553,4908
18885,116972,3974,56286,2610,112998,9464,4554,4910
18890,117003,3974,56300,2610,113029,9467,4555,4912
18895,117034,3974,56315,2610,113060,9470,4557,4913
18900,117065,3974,56329,2610,113091,9473,4559,4914
18905,117096,3975,56344,2610,113121,9476,4562,4914
18910,117127,3976,56361,2610,113151,9480,4565,4915
18915,117158,3977,56377,2610,113180,9484,4566,4918
18920,117189,3979,56393,2612,113209,9488,4568,4920
18925,117220,3981,56408,2613,113239,9492,4570,4922
18930,117251,3982,56423,2614,113269,9496,4571,4925
18935,117282,3983,56438,2614,113299,9502,4575,4927
18940,117313,3984,56453,2615,113329,9507,4577,4930
18945,117344,3985,56467,2615,113359,9511,4579,4932
18950,117375,3986,56484,2615,113389,9515,4581,4934
18955,117406,3987,56499,2615,113419,9517,4581,4936
18960,117437,3988,56520,2615,113449,9519,4583,4936
18965,117468,3991,56532,2616,113477,9521,4584,4937
18970,117499,3994,56547,2618,113505,9523,4585,4938
18975,117530,3997,56561,2619,113533,9526,4588,4938
18980,117561,4001,56578,2622,113560,9529,4589,4940
18985,117592,4006,56592,2626,113586,9532,4589,4943
18990,117623,4009,56609,2628,113614,9535,4590,4945
18995,117654,4010,56623,2628,113644,9538,4591,4947
19000,117685,4011,56638,2628,113674,9541,4593,4948
19005,117716,4013,56655,2630,113703,9544,4594,4950
19010,117747,4015,56670,2631,113732,9547,4596,4951
19015,117778,4017,56681,2632,113761,9550,4597,4953
19020,117809,4019,56690,2633,113790,9553,4598,4955
19025,117840,4019,56703,2633,113821,9556,4599,4957
19030,117871,4019,56716,2633,113852,9559,4600,4959
19035,117902,4019,56734,2633,113883,9561,4601,4960
19040,117933,4019,56745,2633,113914,9563,4601,4962
19045,117964,4019,56763,2633,113945,9566,4602,4964
19050,117995,4019,56778,2633,113976,9569,4604,4965
19055,118026,4019,56789,2633,114007,9573,4604,4969
19060,118057,4019,56803,2633,114038,9578,4606,4972
19065,118088,4019,56816,2633,114069,9582,4607,4975
19070,118119,4019,56831,2633,114100,9586,4608,4978
19075,118150,4019,56846,2633,114131,9588,4609,4979
19080,118181,4019,56863,2633,114162,9590,4610,4980
19085,118212,4020,56880,2634,114192,9591,4610,4981
19090,118243,4021,56898,2635,114221,9592,4611,4981
19095,118274,4023,56911,2637,114251,9593,4611,4982
19100,118305,4024,56923,2637,114280,9594,4611,4983
19105,118336,4026,56941,2639,114309,9595,4612,4983
19110,118367,4028,56956,2640,114339,9596,4613,4983
19115,118398,4029,56972,2641,114369,9597,4613,4984
19120,118429,4030,56987,2641,114398,9598,4614,4984
19125,118460,4033,56999,2644,114427,9599,4615,4984
19130,118491,4036,57019,2647,114455,9601,4617,4984
19135,118522,4040,57038,2650,114482,9605,4620,4985
19140,118553,4043,57054,2652,114510,9609,4622,4987
19145,118584,4043,57072,2652,114541,9611,4624,4987
19150,118615,4043,57091,2652,114572,9613,4625,4988
19155,118646,4043,57106,2652,114603,9615,4625,4990
19160,118677,4043,57123,2652,114634,9617,4627,4990
19165,118708,4043,57140,2652,114665,9620,4630,4990
19170,118739,4043,57154,2652,114696,9623,4632,4991
19175,118770,4043,57168,2652,114727,9626,4634,4992
19180,118801,4043,57189,2652,114758,9629,4637,4992
19185,118832,4043,57204,2652,114789,9632,4638,4994
19190,118863,4043,57222,2652,114820,9635,4640,4995
19195,118894,4043,57235,2652,114851,9637,4640,4997
19200,118925,4043,57256,2652,114882,9639,4642,4997
19205,118956,4043,57275,2652,114913,9641,4644,4997
19210,118987,4043,57293,2652,114944,9643,4644,4999
19215,119018,4043,57309,2652,114975,9645,4644,5001
19220,119049,4043,57323,2652,115006,9647,4644,5003
19225,119080,4043,57339,2652,115037,9649,4645,5004
19230,119111,4043,57348,2652,115068,9651,4645,5006
19235,119142,4043,57366,2652,115099,9653,4647,5006
19240,119173,4043,57376,2652,115130,9655,4648,5007
19245,119204,4043,57395,2652,115161,9658,4649,5009
19250,119235,4047,57413,2654,115187,9664,4652,5012
19255,119266,4051,57424,2656,115214,9670,4656,5014
19260,119297,4056,57437,2660,115240,9675,4659,5016
19265,119328,4057,57452,2661,115271,9676,4660,5016
19270,119359,4057,57462,2661,115302,9677,4660,5017
19275,119390,4057,57477,2661,115333,9678,4660,5018
19280,119421,4057,57490,2661,115364,9679,4660,5019
19285,119452,4057,57506,2661,115395,9680,4661,5019
19290,119483,4057,57523,2661,115426,9681,4662,5019
19295,119514,4057,57539,2661,115457,9682,4663,5019
19300,119545,4057,57553,2661,115488,9683,4663,5020
19305,119576,4057,57569,2661,115519,9684,4663,5021
19310,119607,4057,57578,2661,115550,9685,4663,5022
19315,119638,4057,57588,2661,115581,9686,4663,5023
19320,119669,4057,57599,2661,115612,9687,4663,5024
19325,119700,4057,57618,2661,115643,9688,4664,5024
19330,119731,4057,57628,2661,115674,9689,4665,5024
19335,119762,4057,57645,2661,115705,9690,4666,5024
19340,119793,4057,57658,2661,115736,9691,4666,5025
19345,119824,4057,57673,2661,115767,9692,4667,5025
19350,119855,4057,57690,2661,115798,9693,4667,5026
19355,119886,4057,57703,2661,115829,9695,4667,5028
19360,119917,4057,57716,2661,115860,9697,4667,5030
19365,119948,4057,57730,2661,115891,9700,4669,5031
19370,119979,4061,57749,2664,115917,9704,4672,5032
19375,120010,4064,57763,2666,115946,9711,4675,5036
19380,120041,4066,57782,2667,115974,9716,4679,5037
19385,120072,4069,57802,2669,116003,9718,4680,5038
19390,120103,4069,57819,2669,116034,9719,4681,5038
19395,120134,4069,57829,2669,116065,9720,4682,5038
19400,120165,4069,57842,2669,116096,9721,4682,5039
19405,120196,4069,57852,2669,116127,9722,4682,5040
19410,120227,4069,57870,2669,116158,9723,4683,5040
19415,120258,4069,57882,2669,116189,9724,4683,5041
19420,120289,4069,57899,2669,116220,9725,4683,5042
19425,120320,4069,57912,2669,116251,9726,4683,5043
19430,120351,4069,57927,2669,116282,9727,4684,5043
19435,120382,4069,57938,2669,116313,9728,4684,5044
19440,120413,4069,57950,2669,116344,9729,4685,5044
19445,120444,4069,57968,2669,116375,9730,4686,5044
19450,120475,4069,57982,2669,116406,9731,4687,5044
19455,120506,4069,58001,2669,116437,9732,4688,5044
19460,120537,4069,58016,2669,116468,9733,4688,5045
19465,120568,4069,58028,2669,116499,9734,4689,5045
19470,120599,4069,58046,2669,116530,9735,4690,5045
19475,120630,4069,58058,2669,116561,9736,4690,5046
19480,120661,4069,58067,2669,116592,9738,4691,5047
19485,120692,4069,58074,2669,116623,9742,4691,5051
19490,120723,4071,58091,2670,116651,9747,4692,5055
19495,120754,4076,58100,2673,116677,9749,4692,5057
19500,120785,4080,58115,2677,116705,9751,4692,5059
19505,120816,4081,58126,2677,116735,9754,4692,5062
19510,120847,4083,58138,2679,116764,9757,4693,5064
19515,120878,4085,58154,2681,116793,9760,4695,5065
19520,120909,4089,58171,2684,116820,9763,4697,5066
19525,120940,4091,58186,2685,116849,9766,4697,5069
19530,120971,4091,58196,2685,116880,9768,4697,5071
19535,121002,4091,58215,2685,116911,9770,4698,5072
19540,121033,4091,58228,2685,116942,9772,4699,5073
19545,121064,4091,58239,2685,116973,9774,4701,5073
19550,121095,4091,58254,2685,117004,9776,4701,5075
19555,121126,4091,58271,2685,117035,9778,4702,5076
19560,121157,4091,58284,2685,117066,9780,4703,5077
19565,121188,4091,58297,2685,117097,9782,4704,5078
19570,121219,4091,58307,2685,117128,9784,4704,5080
19575,121250,4091,58322,2685,117159,9786,4705,5081
19580,121281,4091,58338,2685,117190,9788,4706,5082
19585,121312,4091,58358,2685,117221,9790,4707,5083
19590,121343,4091,58371,2685,117252,9792,4708,5084
19595,121374,4091,58388,2685,117283,9795,4710,5085
19600,121405,4091,58400,2685,117314,9798,4712,5086
19605,121436,4091,58419,2685,117345,9802,4716,5086
19610,121467,4092,58432,2685,117374,9807,4719,5088
19615,121498,4094,58447,2686,117404,9812,4723,5089
19620,121529,4095,58466,2687,117433,9817,4725,5092
19625,121560,4098,58484,2690,117462,9820,4727,5093
19630,121591,4099,58494,2691,117492,9823,4727,5096
19635,121622,4103,58510,2695,117519,9826,4729,5097
19640,121653,4106,58524,2698,117547,9828,4729,5099
19645,121684,4110,58540,2701,117574,9830,4729,5101
19650,121715,4113,58557,2703,117602,9832,4730,5102
19655,121746,4116,58567,2705,117630,9835,4732,5103
19660,121777,4118,58580,2706,117659,9838,4733,5105
19665,121808,4120,58598,2708,117688,9841,4734,5107
19670,121839,4121,58612,2708,117718,9844,4737,5107
19675,121870,4124,58625,2710,117746,9847,4739,5108
19680,121901,4126,58641,2711,117775,9850,4741,5109
19685,121932,4126,58657,2711,117806,9852,4742,5110
19690,121963,4126,58678,2711,117837,9854,4743,5111
19695,121994,4126,58695,2711,117868,9856,4745,5111
19700,122025,4126,58708,2711,117899,9858,4746,5112
19705,122056,4126,58720,2711,117930,9860,4747,5113
19710,122087,4126,58737,2711,117961,9862,4749,5113
19715,122118,4126,58750,2711,117992,9863,4749,5114
19720,122149,4126,58767,2711,118023,9864,4750,5114
19725,122180,4126,58783,2711,118054,9866,4751,5115
19730,122211,4126,58797,2711,118085,9870,4752,5118
19735,122242,4126,58812,2711,118116,9874,4755,5119
19740,122273,4126,58830,2711,118147,9877,4757,5120
19745,122304,4127,58842,2711,118176,9878,4757,5121
19750,122335,4129,58853,2713,118206,9879,4758,5121
19755,122366,4130,58867,2713,118236,9880,4758,5122
19760,122397,4131,58883,2713,118266,9882,4759,5123
19765,122428,4132,58897,2714,118296,9884,4761,5123
19770,122459,4134,58914,2716,118325,9886,4763,5123
19775,122490,4136,58930,2717,118354,9888,4764,5124
19780,122521,4137,58943,2717,118384,9890,4765,5125
19785,122552,4138,58957,2718,118414,9893,4767,5126
19790,122583,4139,58972,2718,118444,9896,4769,5127
19795,122614,4140,58983,2718,118474,9899,4770,5129
19800,122645,4141,58997,2719,118504,9901,4771,5130
19805,122676,4143,59014,2720,118533,9903,4772,5131
19810,122707,4144,59030,2720,118563,9905,4774,5131
19815,122738,4145,59046,2721,118593,9907,4774,5133
19820,122769,4146,59060,2721,118623,9909,4776,5133
19825,122800,4147,59075,2722,118653,9911,4777,5134
19830,122831,4148,59091,2722,118683,9913,4779,5134
19835,122862,4149,59104,2722,118713,9915,4780,5135
19840,122893,4150,59126,2723,118743,9917,4782,5135
19845,122924,4151,59142,2723,118773,9919,4783,5136
19850,122955,4152,59162,2724,118803,9923,4786,5137
19855,122986,4153,59172,2724,118833,9928,4788,5140
19860,123017,4154,59189,2725,118863,9933,4791,5142
19865,123048,4154,59202,2725,118894,9935,4791,5144
19870,123079,4154,59216,2725,118925,9936,4791,5145
19875,123110,4154,59232,2725,118956,9937,4791,5146
19880,123141,4154,59247,2725,118987,9938,4792,5146
19885,123172,4154,59261,2725,119018,9939,4792,5147
19890,123203,4154,59276,2725,119049,9940,4793,5147
19895,123234,4154,59288,2725,119080,9941,4793,5148
19900,123265,4154,59305,2725,119111,9943,4794,5149
19905,123296,4154,59322,2725,119142,9945,4795,5150
19910,123327,4155,59344,2726,119171,9947,4797,5150
19915,123358,4158,59365,2729,119200,9949,4797,5152
19920,123389,4160,59383,2731,119229,9951,4799,5152
19925,123420,4162,59394,2732,119258,9952,4799,5153
19930,123451,4163,59405,2732,119288,9953,4799,5154
19935,123482,4165,59423,2733,119317,9954,4800,5154
19940,123513,4167,59440,2735,119346,9956,4801,5155
19945,123544,4169,59454,2737,119375,9958,4802,5156
19950,123575,4170,59469,2737,119405,9960,4804,5156
19955,123606,4170,59486,2737,119436,9962,4805,5157
19960,123637,4170,59502,2737,119467,9964,4806,5158
19965,123668,4170,59514,2737,119498,9968,4807,5161
19970,123699,4170,59528,2737,119529,9973,4807,5166
19975,123730,4170,59541,2737,119560,9978,4810,5168
19980,123761,4170,59561,2737,119591,9983,4813,5170
19985,123792,4170,59578,2737,119622,9986,4815,5171
19990,123823,4170,59588,2737,119653,9989,4816,5173
19995,123854,4170,59605,2737,119684,9992,4817,5175
20000,123885,4170,59619,2737,119715,9994,4818,5176
20005,123916,4170,59631,2737,119746,9996,4818,5178
20010,123947,4170,59644,2737,119777,9998,4818,5180
20015,123978,4170,59653,2737,119808,10000,4819,5181
20020,124009,4170,59665,2737,119839,10002,4820,5182
20025,124040,4170,59681,2737,119870,10004,4821,5183
20030,124071,4171,59695,2738,119900,10006,4822,5184
20035,124102,4172,59703,2738,119930,10008,4822,5186
20040,124133,4173,59718,2738,119959,10010,4824,5186
20045,124164,4175,59737,2740,119989,10012,4826,5186
20050,124195,4176,59753,2740,120019,10014,4827,5187
20055,124226,4177,59766,2741,120049,10016,4827,5189
20060,124257,4181,59789,2745,120076,10018,4829,5189
20065,124288,4185,59803,2748,120103,10020,4830,5190
20070,124319,4188,59815,2750,120131,10022,4830,5192
20075,124350,4191,59833,2752,120159,10024,4831,5193
20080,124381,4194,59847,2753,120187,10027,4832,5195
20085,124412,4198,59867,2756,120214,10030,4833,5197
20090,124443,4202,59882,2760,120241,10036,4836,5200
20095,124474,4205,59893,2762,120269,10042,4836,5206
20100,124505,4207,59904,2764,120298,10048,4839,5209
20105,124536,4208,59921,2765,120328,10050,4839,5211
20110,124567,4209,59935,2765,120358,10053,4841,5212
20115,124598,4211,59953,2766,120387,10056,4844,5212
20120,124629,4212,59970,2766,120417,10059,4846,5213
20125,124660,4214,59987,2768,120446,10062,4847,5215
20130,124691,4215,60003,2769,120476,10065,4850,5215
20135,124722,4216,60017,2769,120506,10068,4852,5216
20140,124753,4217,60029,2769,120536,10071,4853,5218
20145,124784,4218,60042,2770,120565,10074,4856,5218
20150,124815,4220,60058,2771,120595,10077,4858,5219
20155,124846,4221,60071,2772,120625,10080,4860,5220
20160,124877,4223,60086,2773,120654,10083,4861,5222
20165,124908,4223,60102,2773,120685,10088,4862,5226
20170,124939,4223,60116,2773,120716,10090,4863,5227
20175,124970,4223,60135,2773,120747,10092,4863,5229
20180,125001,4223,60153,2773,120778,10094,4865,5229
20185,125032,4223,60170,2773,120809,10096,4865,5231
20190,125063,4223,60183,2773,120840,10098,4865,5233
20195,125094,4223,60196,2773,120871,10100,4867,5233
20200,125125,4223,60216,2773,120902,10102,4868,5234
20205,125156,4223,60236,2773,120933,10104,4869,5235
20210,125187,4223,60251,2773,120964,10106,4870,5236
20215,125218,4224,60267,2773,120994,10108,4872,5236
20220,125249,4226,60282,2774,121023,10110,4873,5237
20225,125280,4227,60292,2774,121053,10111,4873,5238
20230,125311,4228,60305,2775,121083,10112,4873,5239
20235,125342,4230,60320,2776,121112,10113,4874,5239
20240,125373,4232,60336,2777,121141,10114,4874,5240
20245,125404,4234,60354,2778,121170,10115,4874,5241
20250,125435,4236,60367,2779,121199,10116,4875,5241
20255,125466,4237,60384,2779,121229,10117,4876,5241
20260,125497,4239,60399,2781,121258,10118,4877,5241
20265,125528,4241,60414,2782,121287,10119,4877,5242
20270,125559,4243,60427,2783,121316,10122,4878,5244
20275,125590,4246,60445,2786,121344,10126,4882,5244
20280,125621,4248,60460,2787,121373,10130,4884,5246
20285,125652,4250,60475,2789,121402,10131,4885,5246
20290,125683,4252,60491,2791,121431,10132,4885,5247
20295,125714,4254,60507,2792,121460,10133,4885,5248
20300,125745,4255,60523,2792,121490,10135,4886,5249
20305,125776,4256,60533,2792,121520,10137,4887,5250
20310,125807,4258,60548,2793,121549,10139,4889,5250
20315,125838,4259,60568,2794,121579,10141,4891,5250
20320,125869,4260,60583,2795,121609,10143,4892,5251
20325,125900,4261,60598,2795,121639,10145,4894,5251
20330,125931,4263,60615,2796,121668,10148,4895,5253
20335,125962,4265,60632,2798,121697,10151,4897,5254
20340,125993,4267,60650,2799,121726,10154,4900,5254
20345,126024,4269,60667,2801,121755,10156,4901,5255
20350,126055,4270,60684,2802,121785,10158,4902,5256
20355,126086,4271,60696,2803,121815,10160,4902,5258
20360,126117,4272,60709,2803,121845,10162,4902,5260
20365,126148,4274,60721,2805,121874,10164,4902,5262
20370,126179,4276,60735,2807,121903,10166,4903,5263
20375,126210,4277,60745,2808,121933,10168,4904,5264
20380,126241,4278,60759,2809,121963,10170,4904,5266
20385,126272,4279,60773,2810,121993,10172,4904,5268
20390,126303,4280,60789,2811,122023,10175,4905,5270
20395,126334,4282,60805,2812,122052,10179,4907,5272
20400,126365,4282,60821,2812,122083,10184,4911,5273
20405,126396,4283,60836,2812,122112,10186,4912,5274
20410,126427,4285,60848,2813,122142,10188,4913,5275
20415,126458,4286,60862,2813,122171,10190,4915,5275
20420,126489,4288,60873,2814,122201,10192,4915,5277
20425,126520,4289,60888,2814,122230,10194,4916,5278
20430,126551,4291,60902,2816,122260,10196,4917,5279
20435,126582,4292,60918,2816,122289,10198,4918,5280
20440,126613,4294,60933,2818,122319,10200,4919,5281
20445,126644,4295,60953,2819,122348,10203,4922,5281
20450,126675,4297,60970,2821,122377,10206,4923,5283
20455,126706,4299,60989,2823,122407,10209,4925,5284
20460,126737,4300,60999,2823,122436,10212,4925,5287
20465,126768,4303,61014,2826,122465,10215,4927,5288
20470,126799,4306,61030,2829,122493,10218,4929,5289
20475,126830,4308,61044,2831,122522,10221,4931,5290
20480,126861,4308,61061,2831,122553,10224,4932,5292
20485,126892,4308,61075,2831,122584,10226,4933,5293
20490,126923,4308,61094,2831,122615,10228,4935,5293
20495,126954,4308,61109,2831,122646,10230,4937,5293
20500,126985,4308,61120,2831,122677,10232,4938,5294
20505,127016,4308,61135,2831,122708,10234,4939,5295
20510,127047,4308,61151,2831,122739,10237,4942,5295
20515,127078,4308,61172,2831,122770,10241,4945,5296
20520,127109,4308,61191,2831,122801,10245,4946,5299
20525,127140,4308,61205,2831,122832,10248,4948,5300
20530,127171,4308,61221,2831,122863,10250,4949,5301
20535,127202,4308,61236,2831,122894,10252,4950,5302
20540,127233,4308,61250,2831,122925,10254,4951,5303
20545,127264,4308,61264,2831,122956,10256,4951,5305
20550,127295,4308,61277,2831,122987,10258,4952,5306
20555,127326,4308,61295,2831,123018,10260,4952,5308
20560,127357,4308,61312,2831,123049,10262,4953,5309
20565,127388,4308,61326,2831,123080,10264,4954,5310
20570,127419,4309,61341,2832,123110,10266,4954,5312
20575,127450,4310,61359,2832,123139,10268,4955,5313
20580,127481,4312,61372,2833,123169,10270,4956,5314
20585,127512,4314,61386,2834,123198,10272,4957,5315
20590,127543,4316,61396,2834,123227,10274,4958,5316
20595,127574,4319,61407,2836,123255,10276,4958,5318
20600,127605,4322,61426,2837,123283,10278,4958,5320
20605,127636,4325,61443,2839,123311,10280,4960,5320
20610,127667,4330,61460,2843,123337,10282,4961,5321
20615,127698,4334,61473,2845,123364,10284,4961,5323
20620,127729,4337,61485,2847,123392,10286,4961,5325
20625,127760,4340,61500,2849,123420,10289,4961,5328
20630,127791,4342,61517,2850,123449,10292,4962,5330
20635,127822,4343,61529,2850,123479,10295,4964,5331
20640,127853,4343,61545,2850,123510,10297,4965,5332
20645,127884,4343,61555,2850,123541,10298,4965,5333
20650,127915,4343,61567,2850,123572,10299,4966,5333
20655,127946,4343,61583,2850,123603,10300,4967,5333
20660,127977,4343,61597,2850,123634,10301,4968,5333
20665,128008,4343,61611,2850,123665,10302,4968,5334
20670,128039,4343,61627,2850,123696,10303,4969,5334
20675,128070,4343,61640,2850,123727,10304,4969,5335
20680,128101,4343,61656,2850,123758,10305,4969,5336
20685,128132,4343,61674,2850,123789,10306,4970,5336
20690,128163,4343,61685,2850,123820,10310,4972,5338
20695,128194,4343,61700,2850,123851,10314,4974,5340
20700,128225,4343,61709,2850,123882,10318,4977,5341
20705,128256,4344,61726,2851,123911,10320,4977,5343
20710,128287,4346,61742,2852,123941,10322,4979,5343
20715,128318,4347,61760,2853,123970,10324,4981,5343
20720,128349,4349,61773,2855,124000,10326,4982,5344
20725,128380,4350,61785,2855,124030,10327,4982,5345
20730,128411,4351,61803,2856,124060,10328,4982,5346
20735,128442,4352,61816,2856,124090,10329,4982,5347
20740,128473,4353,61833,2856,124120,10331,4982,5349
20745,128504,4355,61848,2856,124149,10332,4982,5350
20750,128535,4358,61863,2858,124177,10333,4983,5350
20755,128566,4363,61877,2862,124203,10335,4984,5351
20760,128597,4366,61890,2863,124231,10337,4985,5352
20765,128628,4366,61909,2863,124262,10340,4987,5353
20770,128659,4366,61919,2863,124293,10343,4990,5353
20775,128690,4366,61932,2863,124324,10345,4990,5355
20780,128721,4366,61948,2863,124355,10347,4990,5357
20785,128752,4366,61962,2863,124386,10349,4990,5359
20790,128783,4366,61978,2863,124417,10351,4991,5360
20795,128814,4366,61991,2863,124448,10353,4993,5360
20800,128845,4366,62008,2863,124479,10355,4995,5360
20805,128876,4366,62021,2863,124510,10357,4996,5361
20810,128907,4366,62042,2863,124541,10359,4998,5361
20815,128938,4366,62054,2863,124572,10361,4998,5363
20820,128969,4366,62072,2863,124603,10363,5000,5363
20825,129000,4366,62083,2863,124634,10366,5000,5366
20830,129031,4366,62099,2863,124665,10369,5002,5367
20835,129062,4366,62114,2863,124696,10372,5004,5368
20840,129093,4366,62134,2863,124727,10375,5006,5369
20845,129124,4366,62150,2863,124758,10378,5008,5370
20850,129155,4366,62161,2863,124789,10381,5009,5372
20855,129186,4366,62177,2863,124820,10384,5011,5373
20860,129217,4366,62188,2863,124851,10387,5014,5373
20865,129248,4366,62202,2863,124881,10391,5015,5376
20870,129279,4369,62218,2865,124909,10397,5018,5379
20875,129310,4374,62233,2869,124936,10401,5021,5380
20880,129341,4376,62242,2870,124964,10405,5021,5384
20885,129372,4378,62254,2871,124994,10406,5021,5385
20890,129403,4379,62268,2871,125024,10408,5021,5387
20895,129434,4380,62287,2872,125054,10410,5022,5388
20900,129465,4382,62303,2874,125083,10412,5022,5390
20905,129496,4382,62318,2874,125114,10414,5022,5392
20910,129527,4382,62327,2874,125145,10416,5022,5394
20915,129558,4382,62342,2874,125176,10418,5024,5394
20920,129589,4382,62356,2874,125207,10420,5026,5394
20925,129620,4382,62370,2874,125238,10422,5027,5395
20930,129651,4382,62382,2874,125269,10424,5028,5396
20935,129682,4382,62400,2874,125300,10425,5029,5396
20940,129713,4382,62420,2874,125331,10426,5030,5396
20945,129744,4383,62431,2874,125361,10427,5030,5397
20950,129775,4384,62447,2875,125391,10428,5030,5398
20955,129806,4386,62463,2877,125420,10429,5031,5398
20960,129837,4387,62477,2877,125450,10430,5031,5399
20965,129868,4389,62495,2878,125479,10431,5032,5399
20970,129899,4391,62510,2879,125508,10432,5033,5399
20975,129930,4392,62526,2879,125538,10434,5034,5400
20980,129961,4393,62544,2880,125568,10437,5036,5401
20985,129992,4394,62558,2880,125597,10441,5038,5403
20990,130023,4398,62578,2884,125625,10446,5043,5403
20995,130054,4399,62597,2884,125655,10449,5046,5403
21000,130085,4400,62612,2884,125685,10451,5046,5405
21005,130116,4402,62629,2886,125714,10453,5047,5406
21010,130147,4404,62642,2887,125743,10455,5047,5408
21015,130178,4405,62657,2887,125773,10457,5048,5409
21020,130209,4407,62675,2888,125802,10459,5050,5409
21025,130240,4408,62689,2888,125832,10461,5051,5410
21030,130271,4410,62704,2889,125861,10463,5051,5412
21035,130302,4411,62720,2890,125891,10465,5053,5412
21040,130333,4412,62735,2891,125921,10467,5054,5413
21045,130364,4414,62753,2892,125950,10469,5056,5413
21050,130395,4415,62766,2893,125980,10471,5057,5414
21055,130426,4417,62778,2895,126009,10474,5058,5416
21060,130457,4418,62791,2895,126039,10477,5059,5418
21065,130488,4418,62806,2895,126070,10480,5061,5419
21070,130519,4418,62826,2895,126101,10483,5063,5420
21075,130550,4418,62837,2895,126132,10486,5064,5422
21080,130581,4418,62849,2895,126163,10489,5065,5424
21085,130612,4418,62866,2895,126194,10492,5067,5425
21090,130643,4418,62881,2895,126225,10495,5069,5426
21095,130674,4419,62895,2895,126255,10500,5070,5430
21100,130705,4421,62913,2897,126284,10506,5073,5433
21105,130736,4423,62928,2898,126313,10512,5076,5436
21110,130767,4425,62948,2900,126341,10519,5079,5440
21115,130798,4429,62962,2903,126368,10522,5079,5443
21120,130829,4432,62977,2906,126397,10525,5080,5445
21125,130860,4433,62994,2906,126427,10526,5080,5446
21130,130891,4434,63010,2907,126457,10527,5081,5446
21135,130922,4435,63028,2908,126487,10528,5082,5446
21140,130953,4436,63045,2909,126517,10529,5083,5446
21145,130984,4438,63064,2910,126546,10530,5084,5446
21150,131015,4439,63074,2911,126576,10531,5084,5447
21155,131046,4441,63090,2913,126605,10532,5084,5448
21160,131077,4442,63103,2914,126635,10533,5084,5449
21165,131108,4443,63119,2914,126665,10534,5085,5449
21170,131139,4444,63137,2915,126695,10535,5085,5450
21175,131170,4445,63155,2915,126725,10536,5086,5450
21180,131201,4446,63170,2916,126755,10537,5086,5451
21185,131232,4448,63190,2917,126784,10541,5089,5452
21190,131263,4448,63205,2917,126815,10543,5090,5453
21195,131294,4448,63217,2917,126846,10545,5091,5454
21200,131325,4448,63233,2917,126877,10547,5092,5455
21205,131356,4448,63241,2917,126908,10549,5092,5457
21210,131387,4448,63257,2917,126939,10551,5093,5458
21215,131418,4448,63271,2917,126970,10554,5096,5458
21220,131449,4448,63292,2917,127001,10557,5097,5460
21225,131480,4448,63302,2917,127032,10560,5097,5463
21230,131511,4449,63313,2918,127062,10564,5099,5465
21235,131542,4450,63329,2918,127092,10568,5102,5466
21240,131573,4451,63344,2918,127122,10572,5105,5467
21245,131604,4453,63358,2920,127151,10575,5106,5469
21250,131635,4454,63369,2920,127181,10578,5107,5471
21255,131666,4455,63386,2920,127211,10581,5109,5472
21260,131697,4456,63400,2921,127241,10584,5111,5473
21265,131728,4458,63415,2923,127270,10587,5112,5475
21270,131759,4459,63429,2923,127300,10590,5114,5476
21275,131790,4460,63449,2924,127330,10593,5117,5476
21280,131821,4462,63465,2925,127359,10596,5119,5477
21285,131852,4463,63478,2926,127389,10599,5119,5480
21290,131883,4464,63496,2926,127419,10604,5123,5481
21295,131914,4466,63506,2926,127448,10608,5124,5484
21300,131945,4469,63523,2928,127476,10612,5126,5486
21305,131976,4472,63537,2931,127504,10614,5127,5487
21310,132007,4474,63550,2931,127533,10617,5129,5488
21315,132038,4477,63569,2934,127561,10620,5130,5490
21320,132069,4479,63585,2935,127590,10623,5132,5491
21325,132100,4482,63604,2938,127618,10626,5135,5491
21330,132131,4486,63618,2942,127645,10629,5136,5493
21335,132162,4491,63637,2947,127671,10632,5138,5494
21340,132193,4493,63652,2948,127700,10635,5138,5497
21345,132224,4494,63668,2948,127730,10639,5140,5499
21350,132255,4496,63682,2949,127759,10642,5143,5499
21355,132286,4497,63696,2949,127789,10645,5144,5501
21360,132317,4497,63711,2949,127820,10648,5146,5502
21365,132348,4497,63725,2949,127851,10650,5147,5503
21370,132379,4497,63741,2949,127882,10652,5147,5505
21375,132410,4497,63755,2949,127913,10654,5147,5507
21380,132441,4497,63770,2949,127944,10656,5148,5508
21385,132472,4497,63784,2949,127975,10658,5149,5509
21390,132503,4497,63799,2949,128006,10660,5150,5510
21395,132534,4497,63817,2949,128037,10663,5153,5510
21400,132565,4497,63830,2949,128068,10665,5153,5512
21405,132596,4497,63845,2949,128099,10668,5156,5512
21410,132627,4497,63861,2949,128130,10672,5159,5513
21415,132658,4497,63875,2949,128161,10676,5161,5515
21420,132689,4497,63889,2949,128192,10680,5162,5518
21425,132720,4499,63905,2950,128220,10682,5163,5519
21430,132751,4502,63925,2953,128249,10684,5165,5519
21435,132782,4502,63937,2953,128280,10684,5165,5519
21440,132813,4502,63953,2953,128311,10684,5165,5519
21445,132844,4505,63973,2956,128339,10684,5165,5519
21450,132875,4507,63992,2957,128368,10684,5165,5519
21455,132906,4508,64002,2957,128398,10684,5165,5519
21460,132937,4511,64020,2960,128426,10684,5165,5519
21465,132968,4513,64035,2962,128455,10684,5165,5519
21470,132999,4515,64043,2963,128484,10685,5165,5520
21475,133030,4518,64054,2965,128512,10686,5165,5521
21480,133061,4521,64071,2968,128540,10687,5165,5522
21485,133092,4521,64089,2968,128571,10690,5166,5524
21490,133123,4521,64108,2968,128602,10692,5167,5525
21495,133154,4521,64126,2968,128633,10694,5168,5526
21500,133185,4521,64143,2968,128664,10696,5169,5527
21505,133216,4521,64162,2968,128695,10698,5169,5529
21510,133247,4521,64176,2968,128726,10700,5170,5530
21515,133278,4521,64193,2968,128757,10702,5170,5532
21520,133309,4521,64204,2968,128788,10704,5170,5534
21525,133340,4521,64222,2968,128819,10707,5172,5535
21530,133371,4521,64237,2968,128850,10710,5174,5536
21535,133402,4521,64248,2968,128881,10714,5176,5538
21540,133433,4522,64259,2968,128911,10718,5178,5540
21545,133464,4523,64276,2969,128941,10719,5179,5540
21550,133495,4524,64289,2970,128971,10720,5179,5541
21555,133526,4525,64306,2971,129001,10721,5180,5541
21560,133557,4526,64321,2971,129031,10722,5180,5542
21565,133588,4527,64335,2971,129061,10723,5181,5542
21570,133619,4528,64350,2971,129091,10724,5182,5542
21575,133650,4529,64365,2972,129121,10725,5183,5542
21580,133681,4530,64383,2973,129151,10726,5184,5542
21585,133712,4531,64395,2973,129181,10728,5184,5544
21590,133743,4533,64413,2975,129210,10730,5185,5545
21595,133774,4536,64427,2977,129237,10733,5187,5546
21600,133805,4541,64444,2981,129264,10736,5189,5547
21605,133836,4541,64458,2981,129295,10737,5190,5547
21610,133867,4541,64467,2981,129326,10738,5190,5548
21615,133898,4541,64488,2981,129357,10739,5191,5548
21620,133929,4541,64502,2981,129388,10740,5192,5548
21625,133960,4541,64521,2981,129419,10741,5192,5549
21630,133991,4541,64530,2981,129450,10742,5192,5550
21635,134022,4541,64545,2981,129481,10743,5192,5551
21640,134053,4541,64560,2981,129512,10744,5193,5551
21645,134084,4541,64573,2981,129543,10746,5194,5552
21650,134115,4541,64587,2981,129574,10748,5194,5554
21655,134146,4541,64600,2981,129605,10750,5195,5555
21660,134177,4541,64615,2981,129636,10752,5195,5557
21665,134208,4541,64632,2981,129667,10754,5197,5557
21670,134239,4541,64644,2981,129698,10756,5197,5559
21675,134270,4541,64659,2981,129729,10758,5198,5560
21680,134301,4541,64672,2981,129760,10760,5199,5561
21685,134332,4541,64686,2981,129791,10762,5200,5562
21690,134363,4541,64702,2981,129822,10765,5201,5564
21695,134394,4541,64712,2981,129853,10768,5203,5565
21700,134425,4541,64727,2981,129884,10771,5203,5568
21705,134456,4541,64741,2981,129915,10777,5206,5571
21710,134487,4544,64753,2983,129943,10782,5207,5575
21715,134518,4547,64766,2985,129971,10787,5209,5578
21720,134549,4549,64778,2985,129999,10791,5210,5581
21725,134580,4553,64795,2988,130027,10793,5211,5582
21730,134611,4553,64807,2988,130058,10794,5212,5582
21735,134642,4553,64824,2988,130089,10795,5212,5583
21740,134673,4553,64837,2988,130120,10796,5213,5583
21745,134704,4553,64853,2988,130151,10797,5213,5584
21750,134735,4553,64870,2988,130182,10798,5214,5584
21755,134766,4553,64884,2988,130213,10799,5214,5585
21760,134797,4553,64900,2988,130244,10800,5215,5585
21765,134828,4553,64917,2988,130275,10801,5215,5586
21770,134859,4553,64931,2988,130306,10802,5215,5587
21775,134890,4553,64946,2988,130337,10803,5215,5588
21780,134921,4553,64962,2988,130368,10804,5216,5588
21785,134952,4553,64976,2988,130399,10805,5216,5589
21790,134983,4553,64993,2988,130430,10806,5217,5589
21795,135014,4553,65007,2988,130461,10807,5218,5589
21800,135045,4553,65024,2988,130492,10808,5219,5589
21805,135076,4553,65037,2988,130523,10809,5220,5589
21810,135107,4553,65055,2988,130554,10811,5222,5589
21815,135138,4553,65071,2988,130585,10813,5222,5591
21820,135169,4553,65084,2988,130616,10816,5223,5593
21825,135200,4553,65100,2988,130647,10821,5225,5596
21830,135231,4556,65109,2990,130675,10827,5226,5601
21835,135262,4559,65127,2991,130702,10834,5230,5604
21840,135293,4563,65140,2994,130729,10840,5233,5607
21845,135324,4566,65152,2997,130758,10843,5234,5609
21850,135355,4568,65169,2998,130787,10846,5235,5611
21855,135386,4569,65181,2998,130817,10849,5236,5613
21860,135417,4571,65200,3000,130846,10852,5239,5613
21865,135448,4573,65212,3002,130875,10855,5240,5615
21870,135479,4574,65228,3002,130905,10858,5242,5616
21875,135510,4576,65241,3003,130934,10861,5245,5616
21880,135541,4578,65257,3004,130963,10864,5245,5619
21885,135572,4579,65269,3004,130993,10867,5245,5622
21890,135603,4579,65282,3004,131024,10870,5247,5623
21895,135634,4579,65293,3004,131055,10873,5247,5626
21900,135665,4579,65307,3004,131086,10876,5248,5628
21905,135696,4581,65323,3005,131115,10879,5250,5629
21910,135727,4583,65338,3006,131144,10882,5251,5631
21915,135758,4585,65355,3007,131173,10885,5252,5633
21920,135789,4586,65371,3007,131203,10888,5254,5634
21925,135820,4587,65387,3008,131233,10891,5256,5635
21930,135851,4589,65408,3010,131262,10894,5258,5636
21935,135882,4590,65425,3011,131292,10897,5258,5639
21940,135913,4591,65440,3012,131322,10901,5260,5641
21945,135944,4592,65454,3012,131351,10907,5263,5644
21950,135975,4594,65468,3013,131380,10914,5265,5649
21955,136006,4597,65485,3015,131409,10921,5271,5650
21960,136037,4597,65501,3015,131440,10924,5272,5652
21965,136068,4597,65519,3015,131471,10926,5274,5652
21970,136099,4597,65535,3015,131502,10928,5275,5653
21975,136130,4597,65551,3015,131533,10930,5275,5655
21980,136161,4597,65567,3015,131564,10932,5275,5657
21985,136192,4597,65578,3015,131595,10934,5277,5657
21990,136223,4597,65592,3015,131626,10936,5278,5658
21995,136254,4599,65608,3016,131655,10938,5278,5660
22000,136285,4600,65621,3016,131685,10940,5279,5661
22005,136316,4602,65634,3018,131714,10942,5279,5663
22010,136347,4604,65653,3019,131743,10944,5281,5663
22015,136378,4605,65663,3019,131773,10946,5281,5665
22020,136409,4607,65681,3021,131802,10948,5283,5665
22025,136440,4609,65695,3022,131831,10950,5284,5666
22030,136471,4612,65709,3024,131859,10952,5284,5668
22035,136502,4613,65723,3025,131889,10954,5285,5669
22040,136533,4615,65739,3027,131918,10956,5285,5671
22045,136564,4617,65762,3028,131947,10958,5286,5672
22050,136595,4617,65777,3028,131978,10961,5287,5674
22055,136626,4617,65794,3028,132009,10964,5289,5675
22060,136657,4617,65808,3028,132040,10967,5291,5676
22065,136688,4618,65816,3028,132070,10971,5292,5679
22070,136719,4619,65830,3028,132099,10975,5294,5681
22075,136750,4621,65849,3030,132129,10978,5297,5681
22080,136781,4622,65867,3030,132158,10982,5300,5682
22085,136812,4624,65881,3031,132188,10986,5304,5682
22090,136843,4625,65897,3032,132218,10990,5307,5683
22095,136874,4626,65914,3032,132248,10993,5310,5683
22100,136905,4627,65931,3033,132278,10995,5311,5684
22105,136936,4628,65949,3034,132308,10997,5312,5685
22110,136967,4629,65964,3034,132338,10999,5312,5687
22115,136998,4630,65975,3035,132368,11001,5312,5689
22120,137029,4631,65983,3035,132398,11003,5312,5691
22125,137060,4632,65993,3036,132428,11006,5312,5694
22130,137091,4633,66011,3036,132458,11011,5316,5695
22135,137122,4634,66022,3036,132488,11016,5317,5699
22140,137153,4635,66034,3036,132518,11021,5319,5702
22145,137184,4636,66054,3036,132548,11025,5322,5703
22150,137215,4637,66068,3036,132578,11029,5323,5706
22155,137246,4639,66082,3038,132607,11032,5323,5709
22160,137277,4642,66093,3039,132635,11034,5324,5710
22165,137308,4645,66110,3041,132663,11036,5325,5711
22170,137339,4647,66120,3042,132692,11038,5325,5713
22175,137370,4649,66138,3042,132721,11040,5326,5714
22180,137401,4652,66153,3045,132749,11042,5328,5714
22185,137432,4655,66167,3047,132776,11045,5330,5715
22190,137463,4658,66186,3050,132804,11048,5331,5717
22195,137494,4664,66206,3054,132830,11051,5333,5718
22200,137525,4667,66219,3056,132858,11054,5335,5719
22205,137556,4667,66230,3056,132889,11056,5335,5721
22210,137587,4667,66244,3056,132920,11058,5335,5723
22215,137618,4667,66262,3056,132951,11060,5337,5723
22220,137649,4667,66275,3056,132982,11062,5338,5724
22225,137680,4667,66288,3056,133013,11064,5338,5726
22230,137711,4667,66300,3056,133044,11066,5339,5727
22235,137742,4667,66316,3056,133075,11068,5340,5728
22240,137773,4667,66332,3056,133106,11070,5341,5729
22245,137804,4667,66348,3056,133137,11073,5344,5729
22250,137835,4667,66361,3056,133168,11076,5345,5731
22255,137866,4667,66375,3056,133199,11080,5347,5733
22260,137897,4667,66386,3056,133230,11085,5350,5735
22265,137928,4667,66402,3056,133261,11090,5353,5737
22270,137959,4667,66420,3056,133292,11092,5354,5738
22275,137990,4667,66438,3056,133323,11094,5355,5739
22280,138021,4667,66453,3056,133354,11096,5355,5741
22285,138052,4667,66470,3056,133385,11098,5357,5741
22290,138083,4667,66484,3056,133416,11100,5357,5743
22295,138114,4667,66499,3056,133447,11102,5358,5744
22300,138145,4667,66514,3056,133478,11106,5360,5746
22305,138176,4667,66529,3056,133509,11110,5363,5747
22310,138207,4668,66545,3057,133539,11114,5365,5749
22315,138238,4669,66554,3058,133569,11118,5366,5752
22320,138269,4672,66572,3059,133597,11122,5368,5754
22325,138300,4677,66590,3063,133623,11123,5369,5754
22330,138331,4681,66609,3066,133650,11124,5370,5754
22335,138362,4681,66623,3066,133681,11125,5371,5754
22340,138393,4681,66638,3066,133712,11126,5372,5754
22345,138424,4681,66654,3066,133743,11127,5373,5754
22350,138455,4681,66668,3066,133774,11128,5373,5755
22355,138486,4681,66680,3066,133805,11129,5373,5756
22360,138517,4681,66695,3066,133836,11130,5373,5757
22365,138548,4681,66710,3066,133867,11131,5374,5757
22370,138579,4681,66725,3066,133898,11132,5374,5758
22375,138610,4681,66739,3066,133929,11134,5375,5759
22380,138641,4681,66751,3066,133960,11137,5376,5761
22385,138672,4681,66766,3066,133991,11137,5376,5761
22390,138703,4681,66779,3066,134022,11137,5376,5761
22395,138734,4681,66794,3066,134053,11137,5376,5761
22400,138765,4681,66809,3066,134084,11137,5376,5761
22405,138796,4681,66820,3066,134115,11137,5376,5761
22410,138827,4681,66835,3066,134146,11137,5376,5761
22415,138858,4681,66849,3066,134177,11137,5376,5761
22420,138889,4681,66864,3066,134208,11138,5377,5761
22425,138920,4681,66884,3066,134239,11139,5378,5761
22430,138951,4681,66897,3066,134270,11143,5380,5763
22435,138982,4681,66915,3066,134301,11147,5382,5765
22440,139013,4684,66936,3069,134329,11151,5385,5766
22445,139044,4686,66952,3071,134358,11156,5389,5767
22450,139075,4688,66970,3072,134387,11158,5391,5767
22455,139106,4690,66983,3074,134416,11160,5392,5768
22460,139137,4691,66996,3074,134446,11162,5393,5769
22465,139168,4693,67009,3075,134475,11164,5393,5771
22470,139199,4694,67022,3075,134505,11166,5394,5772
22475,139230,4695,67039,3075,134535,11168,5395,5773
22480,139261,4696,67056,3076,134565,11170,5396,5774
22485,139292,4697,67069,3076,134595,11172,5397,5775
22490,139323,4698,67086,3077,134625,11174,5399,5775
22495,139354,4699,67103,3078,134655,11176,5400,5776
22500,139385,4700,67118,3078,134685,11178,5401,5777
22505,139416,4700,67137,3078,134716,11180,5402,5778
22510,139447,4700,67153,3078,134747,11182,5403,5779
22515,139478,4700,67171,3078,134778,11184,5403,5781
22520,139509,4700,67186,3078,134809,11186,5404,5782
22525,139540,4700,67202,3078,134840,11188,5405,5783
22530,139571,4700,67215,3078,134871,11190,5405,5785
22535,139602,4700,67226,3078,134902,11192,5405,5787
22540,139633,4700,67242,3078,134933,11194,5405,5789
22545,139664,4701,67259,3079,134963,11196,5407,5789
22550,139695,4703,67274,3080,134992,11200,5409,5791
22555,139726,4706,67291,3083,135020,11205,5411,5794
22560,139757,4709,67306,3085,135047,11210,5413,5797
22565,139788,4710,67318,3086,135078,11211,5413,5798
22570,139819,4710,67334,3086,135109,11212,5413,5799
22575,139850,4710,67349,3086,135140,11213,5414,5799
22580,139881,4710,67362,3086,135171,11214,5415,5799
22585,139912,4710,67374,3086,135202,11215,5415,5800
22590,139943,4710,67388,3086,135233,11216,5416,5800
22595,139974,4710,67406,3086,135264,11217,5417,5800
22600,140005,4710,67419,3086,135295,11218,5417,5801
22605,140036,4710,67435,3086,135326,11219,5418,5801
22610,140067,4710,67454,3086,135357,11220,5419,5801
22615,140098,4710,67469,3086,135388,11221,5420,5801
22620,140129,4710,67480,3086,135419,11222,5420,5802
22625,140160,4712,67493,3088,135448,11223,5420,5803
22630,140191,4713,67503,3088,135478,11224,5420,5804
22635,140222,4714,67522,3089,135508,11225,5420,5805
22640,140253,4716,67534,3091,135537,11226,5420,5806
22645,140284,4718,67545,3092,135566,11227,5420,5807
22650,140315,4720,67558,3093,135595,11228,5421,5807
22655,140346,4722,67568,3094,135624,11229,5422,5807
22660,140377,4723,67584,3095,135654,11232,5423,5809
22665,140408,4724,67600,3095,135684,11235,5425,5810
22670,140439,4727,67620,3097,135712,11239,5428,5811
22675,140470,4730,67636,3098,135740,11243,5429,5814
22680,140501,4732,67648,3099,135769,11245,5431,5814
22685,140532,4733,67655,3099,135799,11247,5431,5816
22690,140563,4735,67667,3100,135828,11249,5431,5818
22695,140594,4737,67684,3101,135857,11251,5432,5819
22700,140625,4738,67694,3102,135887,11253,5433,5820
22705,140656,4740,67709,3104,135916,11255,5434,5821
22710,140687,4741,67727,3105,135946,11257,5435,5822
22715,140718,4741,67744,3105,135977,11259,5436,5823
22720,140749,4741,67759,3105,136008,11261,5438,5823
22725,140780,4741,67771,3105,136039,11263,5439,5824
22730,140811,4741,67783,3105,136070,11266,5439,5827
22735,140842,4741,67797,3105,136101,11269,5440,5829
22740,140873,4741,67816,3105,136132,11272,5440,5832
22745,140904,4741,67832,3105,136163,11275,5441,5834
22750,140935,4741,67843,3105,136194,11278,5442,5836
22755,140966,4741,67857,3105,136225,11281,5444,5837
22760,140997,4741,67871,3105,136256,11284,5445,5839
22765,141028,4741,67889,3105,136287,11287,5448,5839
22770,141059,4741,67900,3105,136318,11290,5449,5841
22775,141090,4741,67914,3105,136349,11293,5451,5842
22780,141121,4741,67931,3105,136380,11298,5453,5845
22785,141152,4741,67941,3105,136411,11303,5454,5849
22790,141183,4742,67956,3106,136441,11308,5456,5852
22795,141214,4743,67965,3106,136471,11311,5457,5854
22800,141245,4744,67984,3107,136500,11314,5459,5855
22805,141276,4748,68002,3111,136528,11317,5461,5856
22810,141307,4749,68014,3111,136558,11320,5463,5857
22815,141338,4752,68025,3113,136586,11323,5465,5858
22820,141369,4754,68038,3114,136615,11326,5466,5860
22825,141400,4758,68056,3117,136642,11329,5467,5862
22830,141431,4759,68072,3118,136672,11332,5468,5864
22835,141462,4759,68088,3118,136703,11335,5470,5865
22840,141493,4759,68106,3118,136734,11338,5471,5867
22845,141524,4759,68118,3118,136765,11341,5473,5868
22850,141555,4759,68129,3118,136796,11344,5474,5870
22855,141586,4759,68138,3118,136827,11347,5474,5873
22860,141617,4759,68155,3118,136858,11350,5476,5874
22865,141648,4759,68169,3118,136889,11352,5476,5876
22870,141679,4759,68184,3118,136920,11355,5476,5879
22875,141710,4759,68196,3118,136951,11358,5478,5880
22880,141741,4759,68219,3118,136982,11360,5480,5880
22885,141772,4759,68232,3118,137013,11362,5481,5881
22890,141803,4759,68245,3118,137044,11364,5481,5883
22895,141834,4759,68261,3118,137075,11367,5483,5884
22900,141865,4759,68271,3118,137106,11371,5484,5887
22905,141896,4759,68286,3118,137137,11375,5487,5888
22910,141927,4761,68300,3119,137165,11378,5489,5889
22915,141958,4764,68314,3121,137194,11380,5491,5889
22920,141989,4765,68329,3122,137223,11382,5492,5890
22925,142020,4767,68347,3123,137253,11384,5492,5892
22930,142051,4767,68365,3123,137284,11386,5492,5894
22935,142082,4767,68379,3123,137315,11388,5494,5894
22940,142113,4769,68397,3125,137344,11390,5496,5894
22945,142144,4770,68416,3125,137374,11393,5498,5895
22950,142175,4771,68429,3125,137404,11396,5499,5897
22955,142206,4773,68441,3126,137433,11399,5501,5898
22960,142237,4774,68455,3127,137463,11402,5502,5900
22965,142268,4776,68466,3128,137492,11405,5503,5902
22970,142299,4778,68476,3129,137521,11408,5504,5904
22975,142330,4779,68490,3130,137551,11411,5506,5905
22980,142361,4781,68505,3132,137580,11414,5506,5908
22985,142392,4783,68516,3133,137609,11416,5506,5910
22990,142423,4784,68531,3134,137639,11418,5506,5912
22995,142454,4785,68542,3135,137669,11420,5506,5914
23000,142485,4786,68556,3136,137699,11422,5507,5915
23005,142516,4787,68570,3136,137729,11424,5508,5916
23010,142547,4788,68587,3137,137759,11427,5508,5919
23015,142578,4789,68601,3138,137789,11430,5510,5920
23020,142609,4790,68615,3139,137819,11433,5511,5922
23025,142640,4791,68633,3140,137849,11436,5513,5923
23030,142671,4793,68649,3141,137878,11440,5514,5926
23035,142702,4795,68667,3143,137906,11444,5516,5928
23040,142733,4798,68688,3145,137934,11448,5520,5928
23045,142764,4800,68702,3146,137964,11452,5521,5931
23050,142795,4801,68712,3147,137994,11456,5523,5933
23055,142826,4802,68729,3147,138024,11459,5524,5935
23060,142857,4803,68743,3147,138054,11462,5527,5935
23065,142888,4804,68755,3148,138084,11465,5529,5936
23070,142919,4805,68770,3149,138114,11468,5531,5937
23075,142950,4806,68782,3149,138144,11471,5533,5938
23080,142981,4807,68799,3150,138174,11474,5535,5939
23085,143012,4808,68815,3150,138204,11477,5537,5940
23090,143043,4809,68831,3150,138234,11480,5539,5941
23095,143074,4810,68841,3151,138264,11483,5540,5943
23100,143105,4811,68856,3151,138294,11486,5541,5945
23105,143136,4815,68870,3154,138321,11488,5541,5947
23110,143167,4818,68887,3157,138349,11490,5541,5949
23115,143198,4820,68905,3157,138378,11492,5543,5949
23120,143229,4821,68920,3158,138408,11494,5543,5951
23125,143260,4822,68932,3159,138438,11496,5543,5953
23130,143291,4823,68943,3160,138468,11498,5544,5954
23135,143322,4824,68957,3161,138498,11501,5544,5957
23140,143353,4825,68972,3161,138528,11504,5545,5959
23145,143384,4826,68984,3161,138558,11508,5548,5960
23150,143415,4827,68996,3162,138588,11512,5551,5961
23155,143446,4828,69012,3162,138618,11517,5553,5964
23160,143477,4829,69026,3162,138648,11522,5555,5967
23165,143508,4830,69041,3163,138678,11526,5558,5968
23170,143539,4831,69054,3163,138708,11530,5559,5971
23175,143570,4832,69070,3163,138738,11534,5563,5971
23180,143601,4833,69077,3163,138768,11538,5566,5972
23185,143632,4834,69093,3163,138798,11542,5568,5974
23190,143663,4835,69108,3164,138827,11545,5569,5976
23195,143694,4837,69117,3165,138856,11548,5570,5978
23200,143725,4839,69129,3166,138886,11551,5572,5979
23205,143756,4839,69139,3166,138917,11553,5573,5980
23210,143787,4839,69153,3166,138948,11556,5575,5981
23215,143818,4839,69170,3166,138979,11559,5576,5983
23220,143849,4839,69184,3166,139010,11562,5579,5983
23225,143880,4840,69198,3166,139040,11562,5579,5983
23230,143911,4842,69210,3167,139069,11562,5579,5983
23235,143942,4844,69226,3168,139098,11562,5579,5983
23240,143973,4845,69243,3168,139128,11562,5579,5983
23245,144004,4846,69258,3169,139158,11562,5579,5983
23250,144035,4847,69272,3169,139188,11562,5579,5983
23255,144066,4848,69288,3170,139218,11562,5579,5983
23260,144097,4849,69302,3170,139248,11562,5579,5983
23265,144128,4850,69311,3171,139278,11562,5579,5983
23270,144159,4851,69328,3171,139308,11562,5579,5983
23275,144190,4852,69342,3171,139338,11563,5580,5983
23280,144221,4853,69355,3171,139368,11564,5581,5983
23285,144252,4854,69367,3171,139398,11567,5582,5985
23290,144283,4855,69382,3171,139428,11568,5582,5986
23295,144314,4856,69402,3172,139458,11569,5583,5986
23300,144345,4857,69413,3173,139488,11571,5584,5987
23305,144376,4858,69425,3173,139518,11573,5585,5988
23310,144407,4859,69439,3174,139548,11574,5586,5988
23315,144438,4860,69451,3174,139578,11575,5587,5988
23320,144469,4861,69461,3175,139608,11576,5588,5988
23325,144500,4862,69472,3175,139637,11579,5590,5989
23330,144531,4866,69487,3178,139664,11582,5592,5990
23335,144562,4869,69501,3180,139692,11586,5593,5993
23340,144593,4872,69517,3182,139721,11590,5596,5994
23345,144624,4872,69534,3182,139752,11593,5597,5996
23350,144655,4872,69552,3182,139783,11595,5599,5996
23355,144686,4872,69571,3182,139814,11597,5600,5997
23360,144717,4872,69583,3182,139845,11599,5601,5998
23365,144748,4872,69598,3182,139876,11601,5602,5999
23370,144779,4872,69611,3182,139907,11603,5602,6001
23375,144810,4872,69623,3182,139938,11605,5603,6002
23380,144841,4872,69641,3182,139969,11607,5604,6003
23385,144872,4872,69656,3182,140000,11609,5605,6004
23390,144903,4872,69671,3182,140031,11612,5607,6005
23395,144934,4872,69687,3182,140062,11615,5609,6006
23400,144965,4872,69701,3182,140093,11618,5609,6009
23405,144996,4872,69716,3182,140124,11622,5612,6010
23410,145027,4872,69729,3182,140155,11626,5614,6012
23415,145058,4872,69749,3182,140186,11629,5615,6014
23420,145089,4872,69767,3182,140217,11632,5617,6015
23425,145120,4872,69780,3182,140248,11635,5620,6015
23430,145151,4872,69791,3182,140279,11638,5621,6017
23435,145182,4872,69804,3182,140310,11641,5621,6020
23440,145213,4872,69820,3182,140341,11643,5622,6021
23445,145244,4872,69835,3182,140372,11645,5623,6022
23450,145275,4874,69850,3184,140400,11649,5625,6024
23455,145306,4877,69859,3186,140429,11653,5627,6026
23460,145337,4882,69882,3191,140455,11658,5632,6026
23465,145368,4884,69895,3193,140484,11660,5632,6028
23470,145399,4884,69909,3193,140515,11662,5633,6029
23475,145430,4884,69926,3193,140546,11664,5634,6030
23480,145461,4884,69940,3193,140577,11666,5635,6031
23485,145492,4884,69950,3193,140608,11668,5636,6032
23490,145523,4884,69964,3193,140639,11670,5637,6033
23495,145554,4884,69985,3193,140670,11672,5639,6033
23500,145585,4884,70002,3193,140701,11674,5640,6034
23505,145616,4884,70020,3193,140732,11676,5640,6036
23510,145647,4884,70040,3193,140763,11678,5642,6036
23515,145678,4884,70057,3193,140794,11681,5643,6038
23520,145709,4884,70071,3193,140825,11684,5644,6040
23525,145740,4884,70082,3193,140856,11689,5645,6044
23530,145771,4884,70098,3193,140887,11694,5647,6047
23535,145802,4884,70117,3193,140918,11699,5651,6048
23540,145833,4884,70132,3193,140949,11702,5654,6048
23545,145864,4884,70149,3193,140980,11704,5655,6049
23550,145895,4884,70161,3193,141011,11706,5656,6050
23555,145926,4884,70172,3193,141042,11708,5657,6051
23560,145957,4884,70189,3193,141073,11710,5657,6053
23565,145988,4884,70205,3193,141104,11712,5658,6054
23570,146019,4885,70217,3193,141134,11715,5659,6056
23575,146050,4888,70226,3195,141162,11718,5659,6059
23580,146081,4893,70246,3200,141187,11721,5660,6061
23585,146112,4895,70259,3201,141217,11723,5661,6062
23590,146143,4897,70275,3202,141246,11725,5662,6063
23595,146174,4898,70285,3202,141276,11727,5664,6063
23600,146205,4899,70300,3202,141306,11729,5665,6064
23605,146236,4899,70314,3202,141337,11731,5667,6064
23610,146267,4899,70326,3202,141368,11733,5668,6065
23615,146298,4899,70341,3202,141399,11735,5669,6066
23620,146329,4899,70361,3202,141430,11737,5671,6066
23625,146360,4899,70373,3202,141461,11739,5673,6066
23630,146391,4899,70389,3202,141492,11741,5675,6066
23635,146422,4899,70404,3202,141523,11743,5676,6067
23640,146453,4899,70420,3202,141554,11747,5679,6068
23645,146484,4901,70431,3204,141583,11751,5679,6072
23650,146515,4902,70453,3205,141613,11754,5682,6072
23655,146546,4904,70468,3207,141642,11755,5683,6072
23660,146577,4906,70486,3208,141671,11756,5684,6072
23665,146608,4907,70502,3209,141701,11757,5685,6072
23670,146639,4909,70517,3211,141730,11758,5685,6073
23675,146670,4910,70535,3212,141760,11759,5686,6073
23680,146701,4912,70551,3214,141789,11760,5687,6073
23685,146732,4912,70568,3214,141820,11762,5687,6075
23690,146763,4912,70586,3214,141851,11764,5689,6075
23695,146794,4912,70596,3214,141882,11765,5690,6075
23700,146825,4912,70605,3214,141913,11766,5690,6076
23705,146856,4914,70620,3216,141942,11768,5690,6078
23710,146887,4915,70636,3216,141972,11770,5691,6079
23715,146918,4916,70653,3217,142002,11772,5692,6080
23720,146949,4918,70670,3218,142031,11774,5692,6082
23725,146980,4920,70688,3220,142060,11776,5693,6083
23730,147011,4921,70701,3221,142090,11778,5694,6084
23735,147042,4922,70720,3221,142120,11780,5696,6084
23740,147073,4923,70732,3222,142150,11782,5697,6085
23745,147104,4925,70749,3224,142179,11784,5698,6086
23750,147135,4926,70771,3225,142209,11787,5701,6086
23755,147166,4927,70787,3226,142239,11790,5702,6088
23760,147197,4928,70800,3226,142269,11793,5704,6089
23765,147228,4929,70813,3226,142299,11796,5705,6091
23770,147259,4931,70824,3227,142328,11799,5706,6093
23775,147290,4932,70838,3227,142358,11802,5706,6096
23780,147321,4934,70854,3229,142387,11805,5708,6097
23785,147352,4936,70870,3230,142416,11809,5709,6100
23790,147383,4936,70885,3230,142447,11812,5710,6102
23795,147414,4936,70901,3230,142478,11815,5711,6104
23800,147445,4936,70919,3230,142509,11818,5714,6104
23805,147476,4936,70930,3230,142540,11821,5716,6105
23810,147507,4936,70944,3230,142571,11825,5718,6107
23815,147538,4938,70961,3232,142600,11829,5719,6110
23820,147569,4939,70977,3233,142630,11833,5720,6113
23825,147600,4941,70991,3235,142659,11837,5721,6116
23830,147631,4942,71006,3236,142689,11840,5724,6116
23835,147662,4943,71017,3236,142719,11843,5724,6119
23840,147693,4945,71035,3237,142748,11846,5726,6120
23845,147724,4947,71053,3239,142777,11849,5728,6121
23850,147755,4948,71063,3239,142807,11852,5729,6123
23855,147786,4949,71079,3240,142837,11855,5731,6124
23860,147817,4952,71092,3242,142865,11858,5732,6126
23865,147848,4954,71110,3243,142894,11862,5735,6127
23870,147879,4956,71125,3245,142923,11866,5737,6129
23875,147910,4957,71138,3245,142953,11871,5740,6131
23880,147941,4957,71147,3245,142984,11874,5741,6133
23885,147972,4957,71161,3245,143015,11875,5742,6133
23890,148003,4957,71178,3245,143046,11876,5742,6134
23895,148034,4957,71194,3245,143077,11877,5742,6135
23900,148065,4957,71205,3245,143108,11878,5742,6136
23905,148096,4957,71221,3245,143139,11878,5742,6136
23910,148127,4957,71233,3245,143170,11878,5742,6136
23915,148158,4957,71246,3245,143201,11878,5742,6136
23920,148189,4957,71265,3245,143232,11878,5742,6136
23925,148220,4957,71282,3245,143263,11878,5742,6136
23930,148251,4958,71295,3246,143293,11878,5742,6136
23935,148282,4959,71314,3246,143323,11879,5743,6136
23940,148313,4961,71323,3247,143352,11880,5743,6137
23945,148344,4965,71343,3251,143378,11882,5745,6137
23950,148375,4968,71360,3253,143406,11884,5746,6138
23955,148406,4972,71378,3257,143433,11886,5748,6138
23960,148437,4975,71392,3259,143462,11888,5750,6138
23965,148468,4977,71403,3259,143491,11890,5751,6139
23970,148499,4980,71420,3261,143519,11893,5752,6141
23975,148530,4982,71435,3262,143547,11896,5754,6142
23980,148561,4984,71449,3263,143577,11899,5756,6143
23985,148592,4986,71469,3265,143606,11903,5758,6145
23990,148623,4988,71485,3267,143635,11907,5761,6146
23995,148654,4991,71504,3269,143663,11910,5763,6147
24000,148685,4992,71521,3270,143693,11914,5764,6150
24005,148716,4992,71534,3270,143724,11918,5765,6153
24010,148747,4992,71547,3270,143755,11922,5766,6156
24015,148778,4992,71560,3270,143786,11926,5767,6159
24020,148809,4992,71572,3270,143817,11930,5769,6161
24025,148840,4992,71589,3270,143848,11934,5772,6162
24030,148871,4992,71604,3270,143879,11936,5773,6163
24035,148902,4992,71619,3270,143910,11938,5773,6165
24040,148933,4992,71634,3270,143941,11940,5774,6166
24045,148964,4992,71653,3270,143972,11942,5775,6167
24050,148995,4992,71665,3270,144003,11944,5776,6168
24055,149026,4992,71680,3270,144034,11946,5776,6170
24060,149057,4992,71690,3270,144065,11948,5776,6172
24065,149088,4994,71706,3272,144093,11950,5778,6172
24070,149119,4996,71721,3273,144122,11951,5779,6172
24075,149150,4998,71739,3275,144151,11952,5780,6172
24080,149181,5000,71755,3276,144180,11953,5780,6173
24085,149212,5002,71770,3277,144209,11954,5781,6173
24090,149243,5004,71787,3279,144239,11955,5782,6173
24095,149274,5005,71799,3280,144268,11957,5782,6175
24100,149305,5007,71808,3282,144298,11959,5784,6175
24105,149336,5008,71818,3283,144327,11961,5784,6177
24110,149367,5010,71832,3284,144357,11963,5785,6178
24115,149398,5010,71849,3284,144388,11964,5786,6178
24120,149429,5010,71864,3284,144419,11965,5787,6178
24125,149460,5011,71877,3285,144449,11966,5787,6179
24130,149491,5011,71891,3285,144480,11969,5788,6181
24135,149522,5011,71906,3285,144511,11972,5789,6183
24140,149553,5011,71917,3285,144542,11975,5789,6186
24145,149584,5011,71933,3285,144573,11978,5790,6188
24150,149615,5011,71945,3285,144604,11981,5792,6189
24155,149646,5011,71960,3285,144635,11984,5793,6191
24160,149677,5011,71971,3285,144666,11986,5793,6193
24165,149708,5011,71980,3285,144697,11988,5794,6194
24170,149739,5011,71992,3285,144728,11990,5795,6195
24175,149770,5012,72007,3285,144758,11993,5798,6195
24180,149801,5013,72023,3286,144788,11995,5798,6197
24185,149832,5015,72040,3288,144817,11996,5799,6197
24190,149863,5016,72054,3288,144847,11997,5799,6198
24195,149894,5018,72069,3289,144876,11998,5799,6199
24200,149925,5020,72083,3290,144905,11999,5800,6199
24205,149956,5021,72101,3290,144935,12000,5801,6199
24210,149987,5022,72115,3291,144965,12001,5802,6199
24215,150018,5023,72127,3292,144995,12003,5802,6201
24220,150049,5024,72143,3292,145025,12005,5803,6202
24225,150080,5026,72156,3294,145054,12007,5803,6204
24230,150111,5028,72172,3296,145083,12009,5804,6205
24235,150142,5032,72193,3300,145110,12011,5805,6206
24240,150173,5033,72208,3301,145140,12013,5806,6207
24245,150204,5034,72226,3301,145170,12016,5807,6209
24250,150235,5035,72236,3301,145200,12018,5807,6211
24255,150266,5036,72248,3301,145230,12020,5808,6212
24260,150297,5037,72260,3301,145260,12022,5810,6212
24265,150328,5039,72280,3303,145289,12023,5810,6213
24270,150359,5040,72292,3303,145319,12024,5810,6214
24275,150390,5042,72312,3305,145348,12025,5810,6215
24280,150421,5044,72327,3307,145377,12027,5810,6217
24285,150452,5045,72345,3308,145407,12031,5812,6219
24290,150483,5046,72358,3309,145437,12035,5815,6220
24295,150514,5047,72374,3310,145467,12039,5818,6221
24300,150545,5048,72390,3310,145497,12042,5820,6222
24305,150576,5051,72403,3311,145525,12045,5820,6225
24310,150607,5053,72412,3311,145554,12048,5821,6227
24315,150638,5056,72428,3313,145582,12051,5822,6229
24320,150669,5059,72439,3314,145610,12055,5823,6232
24325,150700,5062,72449,3315,145638,12059,5824,6235
24330,150731,5063,72459,3315,145668,12063,5825,6238
24335,150762,5063,72469,3315,145699,12067,5826,6241
24340,150793,5063,72483,3315,145730,12070,5827,6243
24345,150824,5063,72499,3315,145761,12074,5828,6246
24350,150855,5063,72511,3315,145792,12077,5829,6248
24355,150886,5063,72528,3315,145823,12080,5831,6249
24360,150917,5063,72542,3315,145854,12083,5833,6250
24365,150948,5064,72559,3316,145884,12085,5834,6251
24370,150979,5065,72575,3316,145914,12086,5835,6251
24375,151010,5066,72595,3317,145944,12087,5836,6251
24380,151041,5067,72606,3318,145974,12089,5837,6252
24385,151072,5068,72621,3318,146004,12091,5838,6253
24390,151103,5069,72631,3319,146034,12093,5839,6254
24395,151134,5070,72643,3320,146064,12095,5840,6255
24400,151165,5071,72661,3321,146094,12097,5842,6255
24405,151196,5072,72680,3322,146124,12099,5842,6257
24410,151227,5073,72694,3323,146154,12101,5843,6258
24415,151258,5074,72712,3324,146184,12102,5844,6258
24420,151289,5075,72724,3325,146214,12103,5844,6259
24425,151320,5075,72742,3325,146245,12105,5846,6259
24430,151351,5076,72756,3326,146275,12107,5847,6260
24435,151382,5077,72772,3326,146305,12109,5848,6261
24440,151413,5078,72787,3327,146335,12111,5849,6262
24445,151444,5079,72802,3328,146365,12113,5851,6262
24450,151475,5080,72815,3329,146395,12115,5851,6264
24455,151506,5082,72831,3331,146424,12117,5852,6265
24460,151537,5084,72843,3332,146453,12119,5853,6266
24465,151568,5085,72855,3332,146483,12122,5854,6268
24470,151599,5086,72867,3332,146513,12126,5857,6269
24475,151630,5087,72882,3332,146543,12130,5860,6270
24480,151661,5090,72898,3335,146571,12134,5862,6272
24485,151692,5091,72913,3336,146600,12137,5864,6273
24490,151723,5093,72931,3338,146630,12138,5865,6273
24495,151754,5094,72952,3339,146660,12139,5866,6273
24500,151785,5095,72971,3339,146690,12140,5867,6273
24505,151816,5096,72983,3339,146720,12141,5868,6273
24510,151847,5097,73000,3339,146750,12142,5868,6274
24515,151878,5098,73018,3339,146780,12143,5868,6275
24520,151909,5099,73030,3339,146810,12144,5869,6275
24525,151940,5100,73049,3340,146840,12145,5870,6275
24530,151971,5101,73064,3341,146870,12147,5871,6276
24535,152002,5102,73085,3341,146900,12149,5871,6278
24540,152033,5103,73102,3341,146930,12151,5873,6278
24545,152064,5104,73120,3342,146960,12154,5876,6278
24550,152095,5105,73134,3343,146990,12156,5876,6280
24555,152126,5106,73146,3343,147020,12157,5877,6280
24560,152157,5107,73161,3343,147050,12158,5878,6280
24565,152188,5108,73171,3344,147080,12159,5878,6281
24570,152219,5109,73188,3345,147110,12160,5879,6281
24575,152250,5110,73202,3346,147140,12161,5879,6282
24580,152281,5111,73218,3347,147170,12162,5879,6283
24585,152312,5112,73227,3347,147200,12163,5879,6284
24590,152343,5114,73248,3349,147228,12166,5881,6285
24595,152374,5118,73262,3351,147256,12169,5882,6287
24600,152405,5120,73274,3353,147285,12172,5882,6290
24605,152436,5120,73289,3353,147316,12175,5885,6290
24610,152467,5120,73301,3353,147347,12177,5886,6291
24615,152498,5120,73316,3353,147378,12179,5888,6291
24620,152529,5120,73332,3353,147409,12181,5889,6292
24625,152560,5120,73350,3353,147440,12183,5890,6293
24630,152591,5120,73368,3353,147471,12185,5890,6295
24635,152622,5120,73384,3353,147502,12187,5892,6295
24640,152653,5120,73401,3353,147533,12189,5893,6296
24645,152684,5120,73416,3353,147564,12192,5894,6298
24650,152715,5120,73432,3353,147595,12196,5897,6299
24655,152746,5120,73448,3353,147626,12200,5901,6299
24660,152777,5120,73462,3353,147657,12205,5902,6303
24665,152808,5120,73473,3353,147688,12208,5902,6306
24670,152839,5120,73490,3353,147719,12209,5902,6307
24675,152870,5120,73506,3353,147750,12210,5903,6307
24680,152901,5120,73521,3353,147781,12211,5903,6308
24685,152932,5120,73537,3353,147812,12212,5904,6308
24690,152963,5120,73552,3353,147843,12214,5905,6309
24695,152994,5120,73561,3353,147874,12216,5906,6310
24700,153025,5120,73573,3353,147905,12218,5906,6312
24705,153056,5121,73588,3354,147935,12221,5908,6313
24710,153087,5123,73604,3356,147964,12223,5910,6313
24715,153118,5128,73621,3359,147990,12226,5913,6313
24720,153149,5130,73631,3359,148019,12229,5914,6315
24725,153180,5130,73650,3359,148050,12231,5916,6315
24730,153211,5130,73663,3359,148081,12232,5917,6315
24735,153242,5130,73679,3359,148112,12233,5917,6316
24740,153273,5130,73693,3359,148143,12234,5918,6316
24745,153304,5130,73705,3359,148174,12235,5918,6317
24750,153335,5130,73717,3359,148205,12236,5918,6318
24755,153366,5130,73730,3359,148236,12237,5918,6319
24760,153397,5130,73742,3359,148267,12238,5918,6320
24765,153428,5130,73758,3359,148298,12239,5918,6321
24770,153459,5130,73770,3359,148329,12242,5919,6323
24775,153490,5130,73784,3359,148360,12245,5921,6324
24780,153521,5130,73796,3359,148391,12248,5922,6326
24785,153552,5130,73812,3359,148422,12252,5925,6327
24790,153583,5130,73826,3359,148453,12254,5926,6328
24795,153614,5130,73844,3359,148484,12256,5927,6329
24800,153645,5130,73858,3359,148515,12257,5928,6329
24805,153676,5130,73872,3359,148546,12258,5929,6329
24810,153707,5130,73883,3359,148577,12259,5930,6329
24815,153738,5130,73902,3359,148608,12261,5932,6329
24820,153769,5130,73919,3359,148639,12263,5934,6329
24825,153800,5130,73928,3359,148669,12266,5935,6331
24830,153831,5134,73945,3363,148696,12270,5937,6333
24835,153862,5137,73958,3364,148724,12274,5941,6333
24840,153893,5142,73972,3367,148751,12278,5943,6335
24845,153924,5144,73989,3368,148780,12281,5945,6336
24850,153955,5144,73997,3368,148811,12284,5945,6339
24855,153986,5144,74010,3368,148842,12286,5946,6340
24860,154017,5144,74024,3368,148873,12288,5947,6341
24865,154048,5144,74039,3368,148904,12290,5948,6342
24870,154079,5144,74056,3368,148935,12292,5950,6342
24875,154110,5144,74066,3368,148966,12294,5952,6342
24880,154141,5144,74079,3368,148997,12296,5954,6342
24885,154172,5144,74097,3368,149028,12298,5956,6342
24890,154203,5144,74107,3368,149059,12301,5957,6344
24895,154234,5144,74120,3368,149090,12305,5958,6347
24900,154265,5144,74136,3368,149121,12310,5961,6349
24905,154296,5144,74153,3368,149152,12313,5963,6350
24910,154327,5144,74171,3368,149183,12316,5964,6352
24915,154358,5144,74188,3368,149214,12319,5966,6353
24920,154389,5144,74202,3368,149245,12321,5967,6354
24925,154420,5144,74213,3368,149276,12323,5969,6354
24930,154451,5144,74229,3368,149307,12324,5969,6355
24935,154482,5144,74241,3368,149338,12325,5970,6355
24940,154513,5144,74260,3368,149369,12326,5970,6356
24945,154544,5144,74270,3368,149400,12327,5970,6357
24950,154575,5146,74282,3369,149429,12330,5972,6358
24955,154606,5149,74299,3371,149456,12333,5974,6359
24960,154637,5154,74315,3375,149482,12336,5974,6362
24965,154668,5156,74330,3376,149512,12338,5976,6362
24970,154699,5157,74348,3377,149542,12340,5976,6364
24975,154730,5158,74364,3377,149572,12342,5977,6365
24980,154761,5159,74372,3378,149602,12345,5978,6367
24985,154792,5160,74385,3379,149632,12348,5978,6370
24990,154823,5162,74398,3381,149661,12351,5980,6371
24995,154854,5163,74414,3382,149691,12354,5982,6372
25000,154885,5166,74429,3385,149719,12357,5983,6374
25005,154916,5169,74444,3387,149747,12360,5984,6376
25010,154947,5170,74455,3387,149777,12364,5985,6379
25015,154978,5172,74473,3388,149806,12368,5986,6382
25020,155009,5172,74482,3388,149837,12373,5989,6384
25025,155040,5174,74495,3390,149866,12375,5991,6384
25030,155071,5175,74510,3391,149896,12377,5991,6386
25035,155102,5177,74522,3392,149925,12379,5992,6387
25040,155133,5179,74538,3393,149954,12381,5994,6387
25045,155164,5180,74553,3394,149984,12383,5995,6388
25050,155195,5180,74566,3394,150015,12385,5996,6389
25055,155226,5180,74585,3394,150046,12387,5997,6390
25060,155257,5180,74597,3394,150077,12389,5998,6391
25065,155288,5180,74610,3394,150108,12390,5998,6392
25070,155319,5180,74628,3394,150139,12391,5999,6392
25075,155350,5180,74640,3394,150170,12392,6000,6392
25080,155381,5180,74659,3394,150201,12393,6001,6392
25085,155412,5182,74673,3395,150230,12394,6001,6393
25090,155443,5184,74691,3396,150259,12395,6002,6393
25095,155474,5186,74713,3398,150288,12396,6002,6394
25100,155505,5187,74724,3399,150318,12397,6003,6394
25105,155536,5187,74737,3399,150349,12398,6004,6394
25110,155567,5187,74755,3399,150380,12399,6005,6394
25115,155598,5187,74773,3399,150411,12400,6005,6395
25120,155629,5187,74787,3399,150442,12401,6006,6395
25125,155660,5188,74801,3400,150472,12404,6008,6396
25130,155691,5189,74814,3400,150502,12407,6008,6399
25135,155722,5190,74828,3400,150532,12411,6011,6400
25140,155753,5191,74840,3400,150562,12417,6013,6404
25145,155784,5194,74854,3403,150590,12418,6013,6405
25150,155815,5197,74869,3405,150618,12419,6013,6406
25155,155846,5200,74885,3406,150646,12420,6013,6407
25160,155877,5203,74905,3409,150674,12421,6014,6407
25165,155908,5205,74918,3411,150703,12422,6014,6408
25170,155939,5209,74934,3414,150730,12423,6014,6409
25175,155970,5211,74953,3415,150759,12424,6014,6410
25180,156001,5215,74969,3419,150786,12425,6015,6410
25185,156032,5217,74988,3421,150815,12426,6015,6411
25190,156063,5220,75003,3423,150843,12428,6015,6413
25195,156094,5223,75021,3426,150871,12430,6016,6414
25200,156125,5226,75037,3427,150899,12432,6017,6415
25205,156156,5226,75049,3427,150930,12434,6018,6416
25210,156187,5226,75063,3427,150961,12436,6019,6417
25215,156218,5226,75080,3427,150992,12438,6021,6417
25220,156249,5226,75093,3427,151023,12440,6021,6419
25225,156280,5226,75106,3427,151054,12441,6021,6420
25230,156311,5226,75121,3427,151085,12442,6022,6420
25235,156342,5226,75138,3427,151116,12443,6022,6421
25240,156373,5226,75150,3427,151147,12444,6022,6422
25245,156404,5226,75165,3427,151178,12446,6023,6423
25250,156435,5226,75178,3427,151209,12449,6024,6425
25255,156466,5226,75192,3427,151240,12453,6027,6426
25260,156497,5226,75207,3427,151271,12457,6029,6428
25265,156528,5229,75218,3429,151299,12459,6030,6429
25270,156559,5232,75235,3431,151327,12461,6030,6431
25275,156590,5234,75251,3431,151356,12463,6032,6431
25280,156621,5237,75269,3432,151384,12465,6033,6432
25285,156652,5239,75279,3433,151413,12467,6034,6433
25290,156683,5241,75298,3434,151442,12469,6034,6435
25295,156714,5243,75315,3434,151471,12471,6036,6435
25300,156745,5245,75333,3436,151500,12473,6037,6436
25305,156776,5247,75352,3437,151529,12475,6038,6437
25310,156807,5249,75368,3438,151558,12477,6038,6439
25315,156838,5251,75390,3440,151587,12479,6040,6439
25320,156869,5254,75410,3443,151615,12481,6042,6439
25325,156900,5254,75428,3443,151646,12485,6043,6442
25330,156931,5254,75437,3443,151677,12487,6044,6443
25335,156962,5254,75448,3443,151708,12489,6045,6444
25340,156993,5254,75462,3443,151739,12491,6045,6446
25345,157024,5254,75476,3443,151770,12493,6045,6448
25350,157055,5254,75494,3443,151801,12495,6047,6448
25355,157086,5254,75509,3443,151832,12497,6049,6448
25360,157117,5254,75526,3443,151863,12500,6050,6450
25365,157148,5254,75538,3443,151894,12503,6050,6453
25370,157179,5254,75554,3443,151925,12506,6052,6454
25375,157210,5254,75568,3443,151956,12509,6053,6456
25380,157241,5254,75589,3443,151987,12513,6056,6457
25385,157272,5254,75606,3443,152018,12516,6056,6460
25390,157303,5254,75621,3443,152049,12517,6057,6460
25395,157334,5254,75632,3443,152080,12518,6057,6461
25400,157365,5254,75643,3443,152111,12519,6057,6462
25405,157396,5254,75658,3443,152142,12521,6059,6462
25410,157427,5254,75676,3443,152173,12523,6060,6463
25415,157458,5254,75695,3443,152204,12525,6060,6465
25420,157489,5254,75712,3443,152235,12527,6061,6466
25425,157520,5254,75729,3443,152265,12529,6062,6467
25430,157551,5257,75745,3445,152294,12531,6064,6467
25435,157582,5259,75759,3445,152323,12534,6067,6467
25440,157613,5262,75770,3446,152351,12537,6068,6469
25445,157644,5264,75782,3448,152380,12538,6068,6470
25450,157675,5266,75796,3450,152409,12539,6069,6470
25455,157706,5268,75810,3451,152438,12540,6069,6471
25460,157737,5269,75825,3451,152468,12542,6070,6472
25465,157768,5271,75845,3453,152497,12544,6071,6473
25470,157799,5272,75861,3453,152527,12545,6072,6473
25475,157830,5274,75874,3455,152556,12546,6072,6474
25480,157861,5277,75884,3457,152584,12547,6073,6474
25485,157892,5277,75898,3457,152615,12549,6074,6475
25490,157923,5277,75910,3457,152646,12552,6075,6477
25495,157954,5277,75929,3457,152677,12555,6076,6479
25500,157985,5277,75938,3457,152708,12558,6076,6482
25505,158016,5280,75954,3458,152736,12561,6079,6482
25510,158047,5282,75965,3458,152765,12564,6080,6484
25515,158078,5283,75979,3458,152795,12567,6082,6485
25520,158109,5284,75995,3458,152825,12569,6083,6486
25525,158140,5285,76016,3459,152855,12571,6084,6487
25530,158171,5287,76030,3461,152884,12573,6084,6489
25535,158202,5289,76043,3463,152913,12575,6084,6491
25540,158233,5290,76054,3464,152943,12577,6085,6492
25545,158264,5291,76070,3465,152973,12580,6087,6493
25550,158295,5292,76082,3466,153003,12583,6089,6494
25555,158326,5293,76094,3467,153032,12586,6092,6494
25560,158357,5295,76106,3468,153061,12590,6093,6497
25565,158388,5298,76121,3470,153090,12593,6095,6498
25570,158419,5299,76137,3470,153120,12596,6098,6498
25575,158450,5300,76155,3471,153150,12599,6099,6500
25580,158481,5301,76170,3471,153180,12601,6100,6501
25585,158512,5302,76183,3471,153210,12603,6101,6502
25590,158543,5303,76199,3472,153240,12605,6103,6502
25595,158574,5305,76214,3473,153269,12607,6103,6504
25600,158605,5306,76226,3473,153299,12609,6105,6504
25605,158636,5307,76238,3473,153329,12611,6107,6504
25610,158667,5308,76251,3474,153359,12614,6108,6506
25615,158698,5309,76266,3474,153389,12617,6109,6508
25620,158729,5310,76281,3474,153419,12620,6110,6510
25625,158760,5311,76293,3474,153448,12624,6110,6514
25630,158791,5313,76308,3475,153478,12627,6111,6516
25635,158822,5314,76321,3475,153507,12630,6113,6517
25640,158853,5316,76337,3477,153537,12633,6113,6520
25645,158884,5317,76353,3478,153567,12636,6114,6522
25650,158915,5318,76368,3479,153596,12639,6115,6524
25655,158946,5320,76381,3480,153626,12642,6117,6525
25660,158977,5321,76398,3480,153655,12646,6121,6525
25665,159008,5323,76411,3481,153684,12650,6122,6528
25670,159039,5326,76430,3483,153713,12654,6123,6531
25675,159070,5326,76453,3483,153744,12657,6125,6532
25680,159101,5326,76465,3483,153775,12660,6125,6535
25685,159132,5327,76478,3483,153805,12663,6126,6537
25690,159163,5330,76497,3486,153833,12666,6128,6538
25695,159194,5332,76513,3487,153862,12669,6129,6540
25700,159225,5333,76525,3487,153892,12672,6130,6542
25705,159256,5334,76544,3488,153922,12675,6132,6543
25710,159287,5336,76561,3490,153951,12678,6133,6545
25715,159318,5338,76579,3491,153980,12681,6135,6546
25720,159349,5339,76594,3491,154010,12684,6137,6547
25725,159380,5341,76607,3493,154039,12687,6138,6549
25730,159411,5342,76622,3494,154069,12690,6140,6550
25735,159442,5342,76639,3494,154100,12692,6141,6551
25740,159473,5342,76653,3494,154131,12694,6141,6553
25745,159504,5342,76669,3494,154162,12695,6141,6554
25750,159535,5342,76685,3494,154193,12696,6142,6554
25755,159566,5342,76696,3494,154224,12697,6143,6554
25760,159597,5342,76713,3494,154255,12698,6143,6555
25765,159628,5342,76727,3494,154286,12699,6143,6556
25770,159659,5342,76740,3494,154317,12700,6144,6556
25775,159690,5342,76754,3494,154348,12701,6145,6556
25780,159721,5342,76768,3494,154379,12703,6147,6556
25785,159752,5342,76781,3494,154410,12705,6148,6557
25790,159783,5343,76794,3495,154439,12709,6151,6558
25795,159814,5345,76810,3496,154469,12714,6153,6561
25800,159845,5346,76828,3497,154499,12717,6154,6563
25805,159876,5348,76838,3497,154528,12719,6154,6565
25810,159907,5351,76851,3498,154556,12721,6154,6567
25815,159938,5354,76865,3499,154584,12723,6154,6569
25820,159969,5357,76881,3500,154612,12725,6154,6571
25825,160000,5359,76893,3501,154641,12726,6154,6572
25830,160031,5362,76911,3504,154669,12727,6155,6572
25835,160062,5364,76925,3505,154698,12729,6156,6573
25840,160093,5368,76942,3508,154725,12731,6157,6574
25845,160124,5370,76959,3509,154754,12733,6157,6576
25850,160155,5372,76975,3511,154783,12736,6157,6579
25855,160186,5377,76990,3514,154809,12739,6158,6581
25860,160217,5382,77005,3518,154835,12742,6158,6584
25865,160248,5382,77016,3518,154866,12744,6160,6584
25870,160279,5382,77031,3518,154897,12746,6161,6585
25875,160310,5382,77048,3518,154928,12748,6161,6587
25880,160341,5382,77058,3518,154959,12750,6161,6589
25885,160372,5382,77074,3518,154990,12752,6162,6590
25890,160403,5382,77088,3518,155021,12754,6162,6592
25895,160434,5382,77100,3518,155052,12756,6162,6594
25900,160465,5382,77115,3518,155083,12758,6162,6596
25905,160496,5382,77134,3518,155114,12760,6163,6597
25910,160527,5382,77153,3518,155145,12763,6166,6597
25915,160558,5382,77170,3518,155176,12766,6168,6598
25920,160589,5382,77179,3518,155207,12768,6168,6600
25925,160620,5382,77193,3518,155238,12772,6169,6603
25930,160651,5382,77213,3518,155269,12776,6172,6604
25935,160682,5382,77226,3518,155300,12780,6174,6606
25940,160713,5382,77244,3518,155331,12784,6177,6607
25945,160744,5382,77259,3518,155362,12788,6179,6609
25950,160775,5382,77273,3518,155393,12790,6180,6610
25955,160806,5382,77289,3518,155424,12792,6181,6611
25960,160837,5382,77305,3518,155455,12794,6182,6612
25965,160868,5382,77318,3518,155486,12796,6182,6614
25970,160899,5384,77333,3519,155515,12798,6183,6615
25975,160930,5386,77345,3519,155544,12800,6184,6616
25980,160961,5389,77360,3521,155572,12802,6185,6617
25985,160992,5393,77374,3525,155599,12807,6187,6620
25990,161023,5395,77388,3527,155628,12810,6189,6621
25995,161054,5398,77405,3529,155656,12813,6191,6622
26000,161085,5402,77420,3531,155683,12816,6191,6625
26005,161116,5405,77430,3532,155711,12819,6193,6626
26010,161147,5409,77443,3534,155738,12822,6194,6628
26015,161178,5412,77456,3536,155766,12825,6196,6629
26020,161209,5416,77476,3540,155793,12828,6197,6631
26025,161240,5418,77489,3542,155822,12831,6198,6633
26030,161271,5418,77506,3542,155853,12833,6199,6634
26035,161302,5418,77521,3542,155884,12835,6200,6635
26040,161333,5418,77539,3542,155915,12837,6201,6636
26045,161364,5418,77559,3542,155946,12839,6202,6637
26050,161395,5418,77568,3542,155977,12841,6202,6639
26055,161426,5418,77582,3542,156008,12843,6202,6641
26060,161457,5418,77598,3542,156039,12845,6202,6643
26065,161488,5418,77612,3542,156070,12847,6202,6645
26070,161519,5418,77628,3542,156101,12849,6203,6646
26075,161550,5418,77641,3542,156132,12851,6205,6646
26080,161581,5418,77654,3542,156163,12853,6206,6647
26085,161612,5418,77665,3542,156194,12855,6206,6649
26090,161643,5418,77677,3542,156225,12860,6208,6652
26095,161674,5418,77692,3542,156256,12865,6212,6653
26100,161705,5418,77705,3542,156287,12870,6214,6656
26105,161736,5422,77722,3545,156314,12872,6215,6657
26110,161767,5425,77735,3547,156342,12874,6216,6658
26115,161798,5429,77752,3550,156369,12876,6217,6659
26120,161829,5432,77764,3551,156397,12877,6217,6660
26125,161860,5434,77779,3552,156426,12878,6218,6660
26130,161891,5436,77793,3553,156455,12880,6219,6661
26135,161922,5439,77808,3555,156483,12882,6219,6663
26140,161953,5442,77823,3556,156511,12884,6220,6664
26145,161984,5445,77840,3559,156539,12886,6222,6664
26150,162015,5448,77858,3562,156567,12888,6222,6666
26155,162046,5450,77871,3563,156596,12890,6223,6667
26160,162077,5453,77890,3566,156624,12892,6224,6668
26165,162108,5453,77910,3566,156655,12895,6225,6670
26170,162139,5453,77929,3566,156686,12898,6226,6672
26175,162170,5453,77945,3566,156717,12899,6226,6673
26180,162201,5453,77958,3566,156748,12900,6227,6673
26185,162232,5453,77976,3566,156779,12901,6228,6673
26190,162263,5453,77994,3566,156810,12902,6228,6674
26195,162294,5453,78010,3566,156841,12903,6229,6674
26200,162325,5453,78028,3566,156872,12904,6230,6674
26205,162356,5453,78039,3566,156903,12905,6230,6675
26210,162387,5453,78053,3566,156934,12906,6230,6676
26215,162418,5453,78067,3566,156965,12907,6230,6677
26220,162449,5453,78079,3566,156996,12908,6231,6677
26225,162480,5454,78097,3567,157026,12909,6232,6677
26230,162511,5455,78114,3568,157056,12910,6233,6677
26235,162542,5456,78126,3569,157086,12911,6234,6677
26240,162573,5457,78140,3569,157115,12912,6235,6677
26245,162604,5459,78155,3570,157145,12913,6235,6678
26250,162635,5460,78177,3571,157174,12914,6236,6678
26255,162666,5462,78197,3572,157203,12915,6237,6678
26260,162697,5464,78209,3573,157233,12916,6238,6678
26265,162728,5465,78223,3573,157262,12919,6239,6680
26270,162759,5469,78244,3577,157289,12925,6244,6681
26275,162790,5472,78258,3578,157317,12932,6247,6685
26280,162821,5478,78275,3582,157343,12937,6250,6687
26285,162852,5480,78289,3583,157372,12938,6251,6687
26290,162883,5480,78300,3583,157403,12939,6251,6688
26295,162914,5480,78320,3583,157434,12940,6252,6688
26300,162945,5480,78333,3583,157465,12941,6252,6689
26305,162976,5480,78345,3583,157496,12942,6252,6690
26310,163007,5480,78361,3583,157527,12943,6253,6690
26315,163038,5480,78378,3583,157558,12944,6253,6691
26320,163069,5480,78393,3583,157589,12945,6254,6691
26325,163100,5480,78406,3583,157620,12946,6254,6692
26330,163131,5480,78427,3583,157651,12947,6254,6693
26335,163162,5480,78442,3583,157682,12948,6254,6694
26340,163193,5480,78453,3583,157713,12949,6254,6695
26345,163224,5480,78469,3583,157744,12952,6257,6695
26350,163255,5480,78483,3583,157775,12954,6257,6697
26355,163286,5480,78501,3583,157806,12956,6258,6698
26360,163317,5480,78514,3583,157837,12958,6260,6698
26365,163348,5480,78531,3583,157868,12959,6261,6698
26370,163379,5480,78540,3583,157899,12960,6262,6698
26375,163410,5480,78557,3583,157930,12961,6263,6698
26380,163441,5480,78571,3583,157961,12963,6263,6700
26385,163472,5480,78590,3583,157992,12966,6266,6700
26390,163503,5480,78602,3583,158023,12969,6269,6700
26395,163534,5480,78618,3583,158054,12971,6271,6700
26400,163565,5481,78632,3584,158084,12973,6273,6700
26405,163596,5485,78649,3587,158111,12975,6274,6701
26410,163627,5489,78671,3591,158138,12978,6277,6701
26415,163658,5491,78690,3593,158167,12981,6278,6703
26420,163689,5492,78707,3594,158197,12984,6280,6704
26425,163720,5494,78722,3596,158226,12987,6282,6705
26430,163751,5496,78743,3598,158255,12990,6284,6706
26435,163782,5498,78760,3600,158284,12993,6286,6707
26440,163813,5500,78779,3601,158313,12996,6288,6708
26445,163844,5502,78791,3602,158342,12999,6290,6709
26450,163875,5502,78807,3602,158373,13002,6292,6710
26455,163906,5502,78823,3602,158404,13005,6294,6711
26460,163937,5502,78829,3602,158435,13008,6294,6714
26465,163968,5502,78845,3602,158466,13013,6299,6714
26470,163999,5502,78858,3602,158497,13015,6299,6716
26475,164030,5502,78873,3602,158528,13017,6300,6717
26480,164061,5502,78888,3602,158559,13019,6302,6717
26485,164092,5502,78899,3602,158590,13021,6303,6718
26490,164123,5502,78914,3602,158621,13023,6304,6719
26495,164154,5502,78932,3602,158652,13025,6305,6720
26500,164185,5502,78948,3602,158683,13027,6305,6722
26505,164216,5502,78964,3602,158714,13029,6305,6724
26510,164247,5502,78981,3602,158745,13031,6307,6724
26515,164278,5503,78995,3603,158775,13033,6309,6724
26520,164309,5504,79012,3603,158805,13035,6310,6725
26525,164340,5505,79024,3603,158835,13037,6311,6726
26530,164371,5507,79039,3604,158864,13039,6311,6728
26535,164402,5509,79052,3605,158893,13041,6313,6728
26540,164433,5511,79069,3606,158922,13043,6313,6730
26545,164464,5514,79086,3608,158950,13045,6313,6732
26550,164495,5518,79100,3611,158977,13047,6314,6733
26555,164526,5524,79118,3617,159002,13049,6315,6734
26560,164557,5526,79138,3617,159031,13051,6317,6734
26565,164588,5527,79153,3617,159061,13053,6319,6734
26570,164619,5528,79168,3618,159091,13057,6320,6737
26575,164650,5529,79181,3618,159121,13061,6322,6739
26580,164681,5531,79191,3619,159150,13066,6325,6741
26585,164712,5532,79207,3620,159180,13069,6326,6743
26590,164743,5534,79225,3622,159209,13072,6327,6745
26595,164774,5536,79239,3623,159238,13076,6329,6747
26600,164805,5537,79250,3623,159268,13080,6331,6749
26605,164836,5539,79261,3624,159297,13084,6332,6752
26610,164867,5540,79275,3624,159327,13088,6335,6753
26615,164898,5541,79290,3624,159357,13092,6337,6755
26620,164929,5542,79305,3625,159387,13096,6338,6758
26625,164960,5543,79318,3625,159417,13100,6339,6761
26630,164991,5545,79337,3626,159446,13104,6342,6762
26635,165022,5547,79348,3627,159475,13108,6343,6765
26640,165053,5548,79360,3628,159505,13112,6345,6767
26645,165084,5548,79375,3628,159536,13115,6345,6770
26650,165115,5548,79391,3628,159567,13117,6346,6771
26655,165146,5548,79411,3628,159598,13119,6348,6771
26660,165177,5548,79424,3628,159629,13121,6348,6773
26665,165208,5548,79437,3628,159660,13123,6348,6775
26670,165239,5550,79452,3630,159689,13125,6349,6776
26675,165270,5551,79470,3630,159719,13127,6351,6776
26680,165301,5554,79483,3633,159747,13129,6351,6778
26685,165332,5556,79500,3635,159776,13132,6354,6778
26690,165363,5557,79515,3636,159806,13136,6357,6779
26695,165394,5559,79533,3638,159835,13139,6359,6780
26700,165425,5561,79543,3639,159864,13142,6360,6782
26705,165456,5562,79553,3640,159894,13145,6360,6785
26710,165487,5564,79568,3641,159923,13148,6362,6786
26715,165518,5566,79581,3642,159952,13150,6362,6788
26720,165549,5566,79591,3642,159983,13152,6364,6788
26725,165580,5566,79605,3642,160014,13154,6364,6790
26730,165611,5566,79620,3642,160045,13156,6365,6791
26735,165642,5566,79632,3642,160076,13158,6365,6793
26740,165673,5566,79642,3642,160107,13160,6366,6794
26745,165704,5566,79658,3642,160138,13163,6367,6796
26750,165735,5566,79677,3642,160169,13167,6370,6797
26755,165766,5567,79694,3642,160199,13171,6372,6799
26760,165797,5568,79706,3642,160229,13175,6373,6802
26765,165828,5569,79719,3643,160259,13178,6375,6803
26770,165859,5571,79736,3645,160288,13181,6377,6804
26775,165890,5573,79753,3647,160317,13184,6379,6805
26780,165921,5576,79771,3650,160345,13187,6380,6807
26785,165952,5577,79787,3651,160375,13190,6382,6808
26790,165983,5579,79805,3653,160404,13193,6384,6809
26795,166014,5580,79820,3653,160434,13197,6387,6810
26800,166045,5583,79840,3656,160462,13201,6391,6810
26805,166076,5585,79855,3658,160491,13206,6395,6811
26810,166107,5588,79866,3660,160519,13211,6398,6813
26815,166138,5588,79878,3660,160550,13215,6400,6815
26820,166169,5589,79895,3660,160580,13217,6402,6815
26825,166200,5590,79911,3661,160610,13219,6403,6816
26830,166231,5592,79928,3663,160639,13221,6404,6817
26835,166262,5594,79943,3665,160668,13223,6405,6818
26840,166293,5596,79963,3667,160697,13224,6405,6819
26845,166324,5598,79981,3669,160726,13225,6406,6819
26850,166355,5599,79995,3670,160756,13226,6406,6820
26855,166386,5600,80010,3671,160786,13227,6406,6821
26860,166417,5601,80023,3672,160816,13228,6406,6822
26865,166448,5602,80038,3673,160846,13229,6406,6823
26870,166479,5603,80056,3673,160876,13231,6406,6825
26875,166510,5604,80069,3673,160906,13233,6407,6826
26880,166541,5605,80087,3674,160936,13235,6409,6826
26885,166572,5607,80101,3675,160965,13236,6410,6826
26890,166603,5609,80113,3677,160994,13237,6410,6827
26895,166634,5613,80129,3679,161021,13238,6411,6827
26900,166665,5616,80143,3682,161049,13239,6411,6828
26905,166696,5619,80157,3683,161077,13240,6411,6829
26910,166727,5622,80170,3685,161105,13241,6411,6830
26915,166758,5625,80189,3687,161133,13243,6412,6831
26920,166789,5627,80206,3688,161162,13246,6415,6831
26925,166820,5629,80222,3689,161191,13248,6415,6833
26930,166851,5630,80238,3689,161221,13251,6416,6835
26935,166882,5632,80250,3690,161250,13253,6416,6837
26940,166913,5633,80261,3690,161280,13255,6417,6838
26945,166944,5633,80276,3690,161311,13258,6418,6840
26950,166975,5633,80294,3690,161342,13261,6420,6841
26955,167006,5633,80309,3690,161373,13263,6421,6842
26960,167037,5633,80324,3690,161404,13265,6422,6843
26965,167068,5633,80341,3690,161435,13267,6422,6845
26970,167099,5633,80360,3690,161466,13268,6423,6845
26975,167130,5633,80373,3690,161497,13269,6423,6846
26980,167161,5633,80391,3690,161528,13270,6423,6847
26985,167192,5633,80404,3690,161559,13273,6423,6850
26990,167223,5633,80417,3690,161590,13276,6426,6850
26995,167254,5633,80437,3690,161621,13279,6428,6851
27000,167285,5633,80454,3690,161652,13282,6430,6852
27005,167316,5635,80466,3692,161681,13286,6430,6856
27010,167347,5638,80476,3693,161709,13290,6431,6859
27015,167378,5641,80485,3695,161737,13294,6432,6862
27020,167409,5643,80504,3696,161766,13298,6435,6863
27025,167440,5646,80519,3699,161794,13301,6437,6864
27030,167471,5648,80532,3700,161823,13304,6439,6865
27035,167502,5650,80546,3700,161852,13308,6440,6868
27040,167533,5652,80558,3700,161881,13312,6442,6870
27045,167564,5654,80572,3701,161910,13316,6445,6871
27050,167595,5656,80590,3702,161939,13320,6448,6872
27055,167626,5659,80604,3705,161967,13324,6449,6875
27060,167657,5663,80623,3708,161994,13328,6450,6878
27065,167688,5666,80634,3710,162022,13329,6451,6878
27070,167719,5669,80646,3711,162050,13330,6451,6879
27075,167750,5673,80661,3713,162077,13332,6451,6881
27080,167781,5675,80674,3714,162106,13333,6452,6881
27085,167812,5676,80691,3715,162136,13334,6452,6882
27090,167843,5677,80704,3715,162166,13335,6452,6883
27095,167874,5677,80723,3715,162197,13336,6453,6883
27100,167905,5677,80732,3715,162228,13337,6453,6884
27105,167936,5677,80749,3715,162259,13338,6453,6885
27110,167967,5677,80765,3715,162290,13340,6454,6886
27115,167998,5677,80777,3715,162321,13343,6455,6888
27120,168029,5677,80794,3715,162352,13345,6456,6889
27125,168060,5680,80808,3717,162380,13346,6457,6889
27130,168091,5682,80819,3718,162409,13347,6457,6890
27135,168122,5684,80833,3719,162438,13349,6458,6891
27140,168153,5687,80844,3721,162466,13351,6458,6893
27145,168184,5689,80858,3722,162495,13352,6458,6894
27150,168215,5691,80870,3723,162524,13353,6459,6894
27155,168246,5693,80888,3725,162553,13354,6460,6894
27160,168277,5695,80903,3726,162582,13355,6460,6895
27165,168308,5698,80919,3728,162610,13357,6461,6896
27170,168339,5701,80933,3730,162638,13360,6463,6897
27175,168370,5703,80947,3732,162667,13363,6463,6900
27180,168401,5705,80960,3733,162696,13367,6465,6902
27185,168432,5705,80976,3733,162727,13371,6466,6905
27190,168463,5705,80991,3733,162758,13374,6467,6907
27195,168494,5705,81012,3733,162789,13377,6469,6908
27200,168525,5705,81025,3733,162820,13379,6470,6909
27205,168556,5705,81041,3733,162851,13381,6472,6909
27210,168587,5705,81053,3733,162882,13383,6473,6910
27215,168618,5705,81069,3733,162913,13385,6473,6912
27220,168649,5705,81087,3733,162944,13388,6474,6914
27225,168680,5705,81106,3733,162975,13391,6475,6916
27230,168711,5705,81121,3733,163006,13395,6478,6917
27235,168742,5705,81126,3733,163037,13399,6480,6919
27240,168773,5705,81138,3733,163068,13403,6482,6921
27245,168804,5706,81153,3733,163097,13406,6483,6923
27250,168835,5708,81174,3735,163126,13409,6485,6924
27255,168866,5710,81186,3737,163156,13411,6486,6925
27260,168897,5711,81203,3738,163186,13413,6487,6926
27265,168928,5712,81224,3738,163216,13415,6487,6928
27270,168959,5713,81239,3738,163246,13417,6489,6928
27275,168990,5714,81252,3739,163276,13419,6490,6929
27280,169021,5715,81266,3740,163306,13421,6492,6929
27285,169052,5716,81281,3741,163336,13423,6492,6931
27290,169083,5717,81297,3742,163366,13427,6495,6932
27295,169114,5719,81313,3743,163395,13432,6496,6936
27300,169145,5721,81327,3745,163424,13438,6497,6941
27305,169176,5723,81341,3747,163453,13439,6497,6942
27310,169207,5724,81355,3748,163483,13440,6498,6942
27315,169238,5726,81372,3749,163512,13441,6498,6943
27320,169269,5727,81385,3749,163542,13442,6498,6944
27325,169300,5729,81401,3751,163571,13443,6499,6944
27330,169331,5731,81415,3752,163600,13444,6499,6945
27335,169362,5732,81427,3753,163630,13445,6500,6945
27340,169393,5734,81440,3754,163659,13446,6501,6945
27345,169424,5736,81454,3755,163688,13447,6502,6945
27350,169455,5736,81472,3755,163719,13449,6504,6945
27355,169486,5736,81490,3755,163750,13451,6505,6946
27360,169517,5736,81506,3755,163781,13453,6506,6947
27365,169548,5738,81520,3757,163810,13457,6510,6947
27370,169579,5738,81532,3757,163841,13460,6512,6948
27375,169610,5738,81547,3757,163872,13463,6514,6949
27380,169641,5738,81565,3757,163903,13465,6516,6949
27385,169672,5738,81575,3757,163934,13467,6516,6951
27390,169703,5738,81591,3757,163965,13469,6517,6952
27395,169734,5738,81607,3757,163996,13471,6518,6953
27400,169765,5738,81620,3757,164027,13473,6518,6955
27405,169796,5738,81636,3757,164058,13476,6520,6956
27410,169827,5739,81651,3757,164088,13479,6522,6957
27415,169858,5740,81666,3758,164118,13483,6524,6959
27420,169889,5741,81684,3758,164148,13487,6525,6962
27425,169920,5743,81695,3759,164177,13492,6527,6965
27430,169951,5745,81706,3760,164206,13496,6528,6968
27435,169982,5747,81724,3762,164235,13498,6529,6969
27440,170013,5750,81739,3764,164263,13500,6529,6971
27445,170044,5753,81754,3765,164291,13502,6530,6972
27450,170075,5756,81771,3767,164319,13504,6531,6973
27455,170106,5759,81789,3769,164347,13506,6532,6974
27460,170137,5761,81805,3770,164376,13508,6534,6974
27465,170168,5763,81820,3772,164405,13510,6535,6975
27470,170199,5765,81830,3773,164434,13513,6537,6976
27475,170230,5767,81848,3774,164463,13516,6538,6978
27480,170261,5770,81866,3776,164491,13519,6541,6978
27485,170292,5771,81883,3776,164521,13520,6541,6979
27490,170323,5772,81898,3776,164551,13521,6542,6979
27495,170354,5773,81915,3776,164581,13522,6542,6980
27500,170385,5774,81930,3777,164611,13523,6543,6980
27505,170416,5775,81945,3777,164641,13523,6543,6980
27510,170447,5776,81960,3777,164671,13523,6543,6980
27515,170478,5777,81975,3778,164701,13523,6543,6980
27520,170509,5778,81992,3779,164731,13523,6543,6980
27525,170540,5779,82010,3779,164760,13523,6543,6980
27530,170571,5780,82024,3780,164791,13523,6543,6980
27535,170602,5780,82034,3780,164822,13525,6544,6981
27540,170633,5780,82049,3780,164853,13527,6544,6983
27545,170664,5780,82062,3780,164884,13529,6544,6985
27550,170695,5780,82077,3780,164915,13530,6545,6985
27555,170726,5780,82097,3780,164946,13531,6545,6986
27560,170757,5780,82111,3780,164977,13531,6545,6986
27565,170788,5780,82125,3780,165008,13531,6545,6986
27570,170819,5780,82141,3780,165039,13531,6545,6986
27575,170850,5780,82165,3780,165070,13531,6545,6986
27580,170881,5780,82179,3780,165101,13531,6545,6986
27585,170912,5781,82193,3781,165131,13534,6545,6989
27590,170943,5783,82209,3783,165160,13537,6547,6990
27595,170974,5785,82221,3784,165189,13539,6547,6992
27600,171005,5787,82235,3786,165218,13541,6548,6993
27605,171036,5788,82251,3786,165248,13544,6550,6994
27610,171067,5789,82264,3786,165278,13547,6553,6994
27615,171098,5790,82279,3786,165308,13550,6554,6996
27620,171129,5792,82292,3788,165337,13553,6554,6999
27625,171160,5794,82308,3789,165366,13556,6556,7000
27630,171191,5795,82326,3790,165396,13559,6558,7001
27635,171222,5797,82337,3791,165425,13562,6559,7003
27640,171253,5800,82354,3793,165453,13565,6561,7004
27645,171284,5803,82374,3796,165481,13568,6563,7005
27650,171315,5806,82388,3798,165509,13572,6566,7006
27655,171346,5808,82403,3799,165538,13576,6568,7008
27660,171377,5809,82417,3799,165567,13581,6571,7010
27665,171408,5811,82430,3801,165596,13585,6574,7011
27670,171439,5813,82442,3803,165625,13588,6574,7014
27675,171470,5815,82455,3805,165655,13591,6575,7016
27680,171501,5815,82468,3805,165686,13593,6575,7018
27685,171532,5815,82484,3805,165717,13595,6576,7019
27690,171563,5815,82500,3805,165748,13597,6577,7020
27695,171594,5815,82518,3805,165779,13599,6579,7020
27700,171625,5815,82534,3805,165810,13602,6580,7022
27705,171656,5815,82551,3805,165841,13605,6582,7023
27710,171687,5815,82563,3805,165872,13608,6584,7024
27715,171718,5815,82575,3805,165903,13610,6585,7025
27720,171749,5815,82591,3805,165934,13612,6586,7026
27725,171780,5816,82604,3805,165964,13615,6588,7027
27730,171811,5819,82615,3807,165992,13617,6588,7029
27735,171842,5822,82630,3810,166020,13619,6589,7030
27740,171873,5824,82645,3811,166049,13621,6589,7032
27745,171904,5825,82661,3811,166079,13623,6591,7032
27750,171935,5828,82679,3813,166107,13625,6593,7032
27755,171966,5829,82692,3813,166137,13627,6593,7034
27760,171997,5829,82708,3813,166168,13629,6594,7035
27765,172028,5829,82722,3813,166199,13631,6596,7035
27770,172059,5829,82738,3813,166230,13634,6597,7037
27775,172090,5829,82753,3813,166261,13637,6600,7037
27780,172121,5830,82764,3813,166291,13640,6601,7039
27785,172152,5831,82779,3813,166320,13644,6603,7041
27790,172183,5834,82794,3815,166349,13647,6605,7042
27795,172214,5836,82812,3817,166378,13650,6606,7044
27800,172245,5837,82833,3817,166408,13652,6608,7044
27805,172276,5838,82848,3818,166438,13654,6609,7045
27810,172307,5839,82859,3819,166468,13656,6610,7046
27815,172338,5841,82874,3821,166497,13659,6613,7046
27820,172369,5842,82892,3821,166527,13663,6616,7047
27825,172400,5844,82907,3822,166556,13667,6617,7050
27830,172431,5846,82923,3824,166585,13672,6618,7054
27835,172462,5847,82940,3824,166615,13677,6620,7057
27840,172493,5849,82958,3825,166644,13682,6624,7058
27845,172524,5850,82974,3826,166674,13687,6626,7061
27850,172555,5851,82983,3826,166704,13690,6628,7062
27855,172586,5852,82994,3826,166734,13693,6628,7065
27860,172617,5854,83009,3828,166763,13696,6629,7067
27865,172648,5857,83024,3830,166791,13699,6631,7068
27870,172679,5860,83038,3832,166819,13702,6632,7070
27875,172710,5864,83051,3835,166846,13705,6633,7072
27880,172741,5866,83064,3836,166875,13708,6635,7073
27885,172772,5867,83080,3836,166905,13711,6636,7075
27890,172803,5869,83096,3837,166934,13715,6640,7075
27895,172834,5872,83111,3840,166962,13719,6641,7078
27900,172865,5874,83129,3842,166991,13723,6642,7081
27905,172896,5875,83142,3843,167021,13726,6644,7082
27910,172927,5875,83158,3843,167052,13729,6646,7083
27915,172958,5875,83175,3843,167083,13732,6647,7085
27920,172989,5875,83190,3843,167114,13735,6649,7086
27925,173020,5875,83207,3843,167145,13738,6652,7086
27930,173051,5875,83222,3843,167176,13740,6652,7088
27935,173082,5875,83242,3843,167207,13742,6653,7089
27940,173113,5875,83255,3843,167238,13744,6654,7090
27945,173144,5875,83270,3843,167269,13746,6655,7091
27950,173175,5875,83280,3843,167300,13750,6656,7094
27955,173206,5875,83295,3843,167331,13753,6657,7096
27960,173237,5875,83311,3843,167362,13756,6658,7098
27965,173268,5875,83324,3843,167393,13757,6658,7099
27970,173299,5875,83341,3843,167424,13758,6658,7100
27975,173330,5875,83353,3843,167455,13759,6658,7101
27980,173361,5875,83367,3843,167486,13760,6659,7101
27985,173392,5875,83379,3843,167517,13761,6660,7101
27990,173423,5875,83388,3843,167548,13762,6661,7101
27995,173454,5875,83398,3843,167579,13763,6662,7101
28000,173485,5875,83412,3843,167610,13764,6663,7101
28005,173516,5875,83430,3843,167641,13765,6663,7102
28010,173547,5876,83444,3844,167671,13768,6663,7105
28015,173578,5879,83457,3846,167699,13771,6664,7107
28020,173609,5882,83473,3848,167727,13774,6665,7109
28025,173640,5883,83484,3848,167757,13777,6665,7112
28030,173671,5885,83503,3850,167786,13779,6666,7113
28035,173702,5885,83516,3850,167817,13781,6667,7114
28040,173733,5885,83527,3850,167848,13782,6667,7115
28045,173764,5885,83539,3850,167879,13783,6667,7116
28050,173795,5885,83550,3850,167910,13784,6668,7116
28055,173826,5885,83567,3850,167941,13785,6668,7117
28060,173857,5885,83583,3850,167972,13786,6668,7118
28065,173888,5885,83596,3850,168003,13787,6668,7119
28070,173919,5885,83607,3850,168034,13789,6670,7119
28075,173950,5885,83618,3850,168065,13791,6670,7121
28080,173981,5885,83630,3850,168096,13793,6670,7123
28085,174012,5885,83644,3850,168127,13796,6672,7124
28090,174043,5885,83659,3850,168158,13799,6675,7124
28095,174074,5885,83672,3850,168189,13802,6678,7124
28100,174105,5885,83689,3850,168220,13804,6679,7125
28105,174136,5885,83701,3850,168251,13806,6679,7127
28110,174167,5885,83719,3850,168282,13808,6679,7129
28115,174198,5885,83732,3850,168313,13810,6680,7130
28120,174229,5885,83746,3850,168344,13812,6680,7132
28125,174260,5885,83766,3850,168375,13813,6680,7133
28130,174291,5887,83774,3851,168404,13815,6680,7135
28135,174322,5890,83786,3853,168432,13818,6681,7137
28140,174353,5892,83800,3854,168461,13822,6681,7141
28145,174384,5895,83815,3856,168489,13824,6682,7142
28150,174415,5896,83831,3856,168519,13826,6684,7142
28155,174446,5898,83846,3858,168548,13828,6684,7144
28160,174477,5898,83865,3858,168579,13829,6685,7144
28165,174508,5898,83878,3858,168610,13830,6686,7144
28170,174539,5898,83891,3858,168641,13831,6687,7144
28175,174570,5898,83909,3858,168672,13832,6688,7144
28180,174601,5898,83926,3858,168703,13833,6688,7145
28185,174632,5898,83943,3858,168734,13835,6689,7146
28190,174663,5898,83954,3858,168765,13837,6689,7148
28195,174694,5898,83968,3858,168796,13839,6689,7150
28200,174725,5898,83981,3858,168827,13842,6691,7151
28205,174756,5898,83993,3858,168858,13845,6693,7152
28210,174787,5898,84008,3858,168889,13848,6695,7153
28215,174818,5898,84021,3858,168920,13849,6695,7154
28220,174849,5898,84039,3858,168951,13850,6696,7154
28225,174880,5898,84053,3858,168982,13851,6697,7154
28230,174911,5898,84070,3858,169013,13852,6698,7154
28235,174942,5898,84086,3858,169044,13853,6698,7155
28240,174973,5898,84102,3858,169075,13854,6698,7156
28245,175004,5898,84115,3858,169106,13856,6699,7157
28250,175035,5899,84126,3858,169136,13858,6701,7157
28255,175066,5901,84140,3860,169165,13862,6702,7160
28260,175097,5904,84159,3863,169193,13866,6704,7162
28265,175128,5907,84173,3865,169221,13868,6704,7164
28270,175159,5911,84189,3868,169248,13870,6705,7165
28275,175190,5911,84200,3868,169279,13872,6705,7167
28280,175221,5911,84212,3868,169310,13874,6705,7169
28285,175252,5911,84221,3868,169341,13876,6706,7170
28290,175283,5911,84235,3868,169372,13878,6707,7171
28295,175314,5911,84257,3868,169403,13880,6708,7172
28300,175345,5911,84264,3868,169434,13882,6708,7174
28305,175376,5911,84283,3868,169465,13884,6708,7176
28310,175407,5911,84298,3868,169496,13887,6710,7177
28315,175438,5911,84311,3868,169527,13890,6713,7177
28320,175469,5911,84328,3868,169558,13895,6715,7180
28325,175500,5911,84339,3868,169589,13898,6716,7182
28330,175531,5911,84352,3868,169620,13900,6716,7184
28335,175562,5911,84367,3868,169651,13902,6716,7186
28340,175593,5911,84381,3868,169682,13904,6716,7188
28345,175624,5911,84393,3868,169713,13906,6716,7190
28350,175655,5911,84408,3868,169744,13908,6716,7192
28355,175686,5911,84421,3868,169775,13910,6718,7192
28360,175717,5911,84438,3868,169806,13912,6718,7194
28365,175748,5911,84454,3868,169837,13914,6718,7196
28370,175779,5912,84465,3868,169867,13917,6719,7198
28375,175810,5913,84483,3869,169896,13921,6722,7199
28380,175841,5918,84498,3873,169923,13925,6724,7201
28385,175872,5921,84511,3875,169951,13928,6725,7203
28390,175903,5924,84527,3877,169979,13931,6728,7203
28395,175934,5926,84538,3878,170008,13934,6730,7204
28400,175965,5926,84553,3878,170039,13937,6731,7206
28405,175996,5926,84574,3878,170070,13939,6732,7207
28410,176027,5926,84588,3878,170101,13941,6733,7208
28415,176058,5926,84603,3878,170132,13943,6734,7209
28420,176089,5926,84620,3878,170163,13945,6734,7211
28425,176120,5926,84634,3878,170194,13948,6737,7211
28430,176151,5926,84652,3878,170225,13952,6739,7213
28435,176182,5926,84672,3878,170256,13957,6743,7214
28440,176213,5926,84683,3878,170287,13961,6746,7215
28445,176244,5926,84700,3878,170318,13962,6747,7215
28450,176275,5926,84716,3878,170349,13963,6747,7216
28455,176306,5926,84726,3878,170380,13964,6748,7216
28460,176337,5926,84740,3878,170411,13965,6749,7216
28465,176368,5926,84749,3878,170442,13966,6750,7216
28470,176399,5926,84763,3878,170473,13967,6750,7217
28475,176430,5926,84781,3878,170504,13968,6751,7217
28480,176461,5926,84797,3878,170535,13969,6752,7217
28485,176492,5926,84806,3878,170566,13970,6752,7218
28490,176523,5928,84818,3879,170594,13972,6753,7219
28495,176554,5930,84830,3880,170624,13974,6753,7221
28500,176585,5931,84846,3880,170653,13976,6754,7222
28505,176616,5933,84865,3882,170683,13978,6755,7223
28510,176647,5936,84877,3884,170711,13980,6755,7225
28515,176678,5937,84887,3884,170741,13982,6755,7227
28520,176709,5940,84901,3886,170769,13984,6756,7228
28525,176740,5941,84918,3887,170799,13986,6758,7228
28530,176771,5941,84931,3887,170830,13988,6759,7229
28535,176802,5941,84951,3887,170861,13989,6760,7229
28540,176833,5941,84964,3887,170892,13991,6762,7229
28545,176864,5941,84983,3887,170923,13994,6763,7231
28550,176895,5941,85000,3887,170954,13999,6767,7232
28555,176926,5941,85015,3887,170985,14003,6770,7233
28560,176957,5941,85027,3887,171016,14005,6771,7234
28565,176988,5941,85039,3887,171047,14006,6771,7235
28570,177019,5941,85055,3887,171078,14007,6772,7235
28575,177050,5941,85070,3887,171109,14008,6773,7235
28580,177081,5941,85086,3887,171140,14009,6773,7236
28585,177112,5941,85098,3887,171171,14010,6774,7236
28590,177143,5941,85115,3887,171202,14011,6775,7236
28595,177174,5941,85131,3887,171233,14012,6775,7237
28600,177205,5941,85147,3887,171264,14013,6776,7237
28605,177236,5941,85166,3887,171295,14014,6776,7238
28610,177267,5942,85181,3888,171324,14016,6777,7239
28615,177298,5944,85192,3889,171354,14018,6777,7241
28620,177329,5945,85206,3890,171384,14020,6778,7242
28625,177360,5947,85222,3891,171413,14023,6780,7243
28630,177391,5949,85238,3893,171442,14025,6780,7245
28635,177422,5951,85255,3895,171471,14027,6782,7245
28640,177453,5955,85270,3897,171498,14029,6782,7247
28645,177484,5958,85284,3900,171526,14032,6784,7248
28650,177515,5961,85299,3903,171554,14035,6784,7251
28655,177546,5964,85317,3906,171582,14039,6786,7253
28660,177577,5965,85330,3907,171612,14045,6787,7258
28665,177608,5967,85341,3909,171641,14051,6788,7263
28670,177639,5969,85352,3911,171670,14057,6791,7266
28675,177670,5970,85365,3911,171700,14062,6792,7270
28680,177701,5973,85384,3913,171728,14065,6794,7271
28685,177732,5973,85400,3913,171759,14068,6795,7273
28690,177763,5973,85405,3913,171790,14070,6796,7274
28695,177794,5973,85422,3913,171821,14072,6796,7276
28700,177825,5973,85440,3913,171852,14074,6796,7278
28705,177856,5973,85458,3913,171883,14076,6798,7278
28710,177887,5973,85474,3913,171914,14078,6800,7278
28715,177918,5973,85485,3913,171945,14080,6801,7279
28720,177949,5973,85500,3913,171976,14082,6803,7279
28725,177980,5973,85517,3913,172007,14084,6804,7280
28730,178011,5973,85536,3913,172038,14086,6805,7281
28735,178042,5973,85547,3913,172069,14089,6808,7281
28740,178073,5973,85558,3913,172100,14092,6810,7282
28745,178104,5974,85572,3914,172130,14095,6812,7283
28750,178135,5975,85588,3914,172160,14098,6814,7284
28755,178166,5976,85608,3915,172190,14101,6817,7284
28760,178197,5978,85623,3917,172219,14104,6818,7286
28765,178228,5980,85640,3919,172248,14106,6818,7288
28770,178259,5981,85653,3919,172278,14108,6819,7289
28775,178290,5982,85665,3919,172308,14110,6820,7290
28780,178321,5983,85678,3920,172338,14112,6821,7291
28785,178352,5985,85693,3922,172367,14116,6823,7293
28790,178383,5986,85710,3922,172397,14120,6825,7295
28795,178414,5989,85729,3924,172425,14124,6828,7296
28800,178445,5991,85741,3925,172454,14127,6831,7296
28805,178476,5993,85754,3926,172483,14130,6832,7298
28810,178507,5995,85767,3927,172512,14132,6833,7299
28815,178538,5995,85780,3927,172543,14133,6833,7300
28820,178569,5995,85797,3927,172574,14134,6834,7300
28825,178600,5995,85812,3927,172605,14135,6834,7301
28830,178631,5995,85830,3927,172636,14136,6834,7302
28835,178662,5995,85848,3927,172667,14137,6835,7302
28840,178693,5995,85862,3927,172698,14138,6835,7303
28845,178724,5995,85877,3927,172729,14139,6835,7304
28850,178755,5995,85892,3927,172760,14140,6836,7304
28855,178786,5995,85910,3927,172791,14141,6837,7304
28860,178817,5995,85927,3927,172822,14142,6837,7305
28865,178848,5995,85940,3927,172853,14145,6838,7307
28870,178879,5995,85956,3927,172884,14148,6839,7309
28875,178910,5995,85969,3927,172915,14150,6839,7311
28880,178941,5995,85981,3927,172946,14152,6840,7312
28885,178972,5995,85996,3927,172977,14153,6840,7313
28890,179003,5995,86014,3927,173008,14154,6841,7313
28895,179034,5995,86030,3927,173039,14155,6841,7314
28900,179065,5995,86043,3927,173070,14157,6841,7316
28905,179096,5995,86055,3927,173101,14160,6843,7317
28910,179127,5996,86072,3928,173130,14163,6845,7318
28915,179158,5998,86091,3930,173160,14167,6847,7320
28920,179189,6000,86106,3932,173188,14170,6848,7322
28925,179220,6004,86122,3935,173216,14172,6848,7324
28930,179251,6005,86133,3936,173246,14174,6848,7326
28935,179282,6005,86147,3936,173277,14176,6849,7327
28940,179313,6005,86165,3936,173308,14178,6850,7328
28945,179344,6005,86176,3936,173339,14180,6851,7329
28950,179375,6005,86193,3936,173370,14182,6852,7330
28955,179406,6005,86207,3936,173401,14184,6852,7332
28960,179437,6005,86220,3936,173432,14186,6852,7334
28965,179468,6005,86239,3936,173463,14188,6854,7334
28970,179499,6005,86255,3936,173494,14190,6854,7336
28975,179530,6005,86274,3936,173525,14193,6856,7337
28980,179561,6005,86290,3936,173556,14196,6857,7339
28985,179592,6006,86305,3936,173586,14200,6860,7340
28990,179623,6007,86317,3937,173616,14202,6861,7341
28995,179654,6008,86330,3938,173646,14204,6863,7341
29000,179685,6009,86339,3938,173676,14206,6864,7342
29005,179716,6010,86354,3939,173706,14208,6864,7344
29010,179747,6011,86364,3939,173736,14210,6865,7345
29015,179778,6012,86380,3940,173766,14212,6865,7347
29020,179809,6013,86395,3941,173796,14214,6866,7348
29025,179840,6014,86407,3942,173826,14216,6867,7349
29030,179871,6016,86424,3943,173854,14219,6869,7350
29035,179902,6019,86444,3945,173882,14223,6871,7352
29040,179933,6022,86458,3948,173910,14227,6873,7354
29045,179964,6024,86472,3949,173940,14230,6874,7356
29050,179995,6026,86487,3951,173969,14233,6874,7359
29055,180026,6027,86501,3952,173999,14236,6875,7361
29060,180057,6028,86514,3952,174029,14239,6875,7364
29065,180088,6030,86526,3953,174058,14242,6876,7366
29070,180119,6031,86540,3953,174088,14245,6877,7368
29075,180150,6032,86553,3953,174118,14248,6879,7369
29080,180181,6033,86575,3954,174148,14251,6881,7370
29085,180212,6034,86589,3955,174178,14255,6884,7371
29090,180243,6036,86604,3957,174207,14260,6885,7375
29095,180274,6037,86614,3957,174237,14266,6887,7379
29100,180305,6039,86626,3959,174266,14272,6889,7383
29105,180336,6044,86637,3962,174292,14276,6890,7386
29110,180367,6046,86648,3962,174321,14280,6892,7388
29115,180398,6048,86664,3963,174350,14283,6894,7389
29120,180429,6050,86682,3965,174379,14286,6896,7390
29125,180460,6051,86695,3966,174409,14289,6897,7392
29130,180491,6053,86712,3967,174438,14292,6900,7392
29135,180522,6053,86730,3967,174469,14295,6901,7394
29140,180553,6053,86746,3967,174500,14297,6902,7395
29145,180584,6053,86761,3967,174531,14299,6904,7395
29150,180615,6053,86781,3967,174562,14302,6905,7397
29155,180646,6053,86794,3967,174593,14305,6907,7398
29160,180677,6053,86808,3967,174624,14308,6908,7400
29165,180708,6055,86825,3969,174653,14309,6908,7401
29170,180739,6055,86841,3969,174684,14310,6909,7401
29175,180770,6055,86854,3969,174715,14311,6909,7402
29180,180801,6055,86867,3969,174746,14312,6910,7402
29185,180832,6055,86881,3969,174777,14313,6911,7402
29190,180863,6055,86901,3969,174808,14314,6912,7402
29195,180894,6055,86915,3969,174839,14315,6912,7403
29200,180925,6055,86928,3969,174870,14316,6913,7403
29205,180956,6055,86941,3969,174901,14317,6913,7404
29210,180987,6055,86958,3969,174932,14320,6915,7405
29215,181018,6055,86971,3969,174963,14324,6917,7407
29220,181049,6055,86988,3969,174994,14327,6919,7408
29225,181080,6055,87004,3969,175025,14329,6921,7408
29230,181111,6055,87021,3969,175056,14331,6922,7409
29235,181142,6056,87037,3970,175086,14333,6923,7410
29240,181173,6058,87051,3972,175115,14334,6923,7411
29245,181204,6059,87071,3973,175145,14336,6925,7411
29250,181235,6060,87084,3973,175175,14338,6925,7413
29255,181266,6061,87102,3974,175205,14340,6927,7413
29260,181297,6062,87116,3975,175235,14342,6929,7413
29265,181328,6063,87130,3975,175265,14344,6929,7415
29270,181359,6064,87148,3976,175295,14346,6931,7415
29275,181390,6069,87161,3979,175320,14349,6932,7417
29280,181421,6074,87177,3983,175346,14352,6933,7419
29285,181452,6075,87193,3984,175377,14355,6935,7420
29290,181483,6075,87207,3984,175408,14357,6937,7420
29295,181514,6075,87225,3984,175439,14359,6939,7420
29300,181545,6075,87238,3984,175470,14361,6939,7422
29305,181576,6075,87250,3984,175501,14363,6939,7424
29310,181607,6075,87267,3984,175532,14365,6940,7425
29315,181638,6075,87279,3984,175563,14367,6940,7427
29320,181669,6075,87294,3984,175594,14370,6942,7428
29325,181700,6075,87308,3984,175625,14373,6945,7428
29330,181731,6075,87323,3984,175656,14377,6947,7430
29335,181762,6075,87338,3984,175687,14381,6949,7432
29340,181793,6075,87348,3984,175718,14385,6951,7434
29345,181824,6075,87364,3984,175749,14387,6951,7436
29350,181855,6075,87386,3984,175780,14389,6953,7436
29355,181886,6075,87399,3984,175811,14391,6954,7437
29360,181917,6075,87412,3984,175842,14393,6955,7438
29365,181948,6075,87425,3984,175873,14395,6955,7440
29370,181979,6075,87442,3984,175904,14396,6955,7441
29375,182010,6075,87455,3984,175935,14397,6955,7442
29380,182041,6075,87473,3984,175966,14398,6956,7442
29385,182072,6075,87484,3984,175997,14399,6956,7443
29390,182103,6078,87501,3987,176024,14400,6957,7443
29395,182134,6082,87516,3989,176051,14402,6958,7444
29400,182165,6088,87530,3994,176077,14404,6960,7444
29405,182196,6088,87546,3994,176108,14405,6960,7445
29410,182227,6088,87558,3994,176139,14406,6960,7446
29415,182258,6088,87574,3994,176170,14407,6961,7446
29420,182289,6088,87588,3994,176201,14408,6961,7447
29425,182320,6088,87604,3994,176232,14409,6962,7447
29430,182351,6088,87616,3994,176263,14410,6962,7448
29435,182382,6088,87631,3994,176294,14411,6963,7448
29440,182413,6088,87650,3994,176325,14412,6963,7449
29445,182444,6088,87660,3994,176356,14413,6963,7450
29450,182475,6088,87677,3994,176387,14414,6963,7451
29455,182506,6088,87699,3994,176418,14415,6964,7451
29460,182537,6088,87712,3994,176449,14416,6964,7452
29465,182568,6088,87731,3994,176480,14418,6965,7453
29470,182599,6088,87744,3994,176511,14420,6966,7454
29475,182630,6088,87758,3994,176542,14421,6967,7454
29480,182661,6088,87774,3994,176573,14422,6968,7454
29485,182692,6088,87787,3994,176604,14423,6969,7454
29490,182723,6088,87805,3994,176635,14425,6970,7455
29495,182754,6088,87825,3994,176666,14427,6972,7455
29500,182785,6088,87836,3994,176697,14429,6972,7457
29505,182816,6088,87851,3994,176728,14431,6974,7457
29510,182847,6090,87868,3996,176756,14435,6975,7460
29515,182878,6096,87888,4002,176782,14439,6976,7463
29520,182909,6099,87901,4003,176809,14443,6977,7466
29525,182940,6104,87921,4008,176836,14447,6980,7467
29530,182971,6108,87938,4010,176863,14451,6982,7469
29535,183002,6109,87951,4011,176893,14453,6983,7470
29540,183033,6109,87961,4011,176924,14455,6985,7470
29545,183064,6109,87975,4011,176955,14457,6985,7472
29550,183095,6109,87988,4011,176986,14459,6985,7474
29555,183126,6109,88004,4011,177017,14461,6986,7475
29560,183157,6109,88019,4011,177048,14463,6987,7476
29565,183188,6109,88030,4011,177079,14465,6988,7477
29570,183219,6109,88047,4011,177110,14467,6990,7477
29575,183250,6109,88064,4011,177141,14469,6992,7477
29580,183281,6109,88072,4011,177172,14472,6994,7478
29585,183312,6109,88089,4011,177203,14474,6995,7479
29590,183343,6109,88106,4011,177234,14475,6995,7480
29595,183374,6109,88122,4011,177265,14476,6995,7481
29600,183405,6109,88139,4011,177296,14477,6996,7481
29605,183436,6109,88155,4011,177327,14478,6997,7481
29610,183467,6109,88167,4011,177358,14479,6998,7481
29615,183498,6109,88179,4011,177389,14480,6999,7481
29620,183529,6109,88194,4011,177420,14481,7000,7481
29625,183560,6109,88211,4011,177451,14482,7001,7481
29630,183591,6109,88229,4011,177482,14484,7003,7481
29635,183622,6109,88240,4011,177513,14487,7004,7483
29640,183653,6111,88256,4013,177542,14489,7005,7484
29645,183684,6114,88277,4016,177570,14494,7008,7486
29650,183715,6118,88296,4019,177597,14499,7012,7487
29655,183746,6121,88310,4021,177625,14503,7014,7489
29660,183777,6126,88329,4026,177651,14506,7015,7491
29665,183808,6129,88344,4028,177679,14509,7016,7493
29670,183839,6131,88357,4030,177708,14512,7018,7494
29675,183870,6132,88373,4030,177738,14514,7020,7494
29680,183901,6133,88388,4030,177768,14516,7022,7494
29685,183932,6134,88404,4031,177798,14518,7023,7495
29690,183963,6135,88423,4032,177828,14520,7024,7496
29695,183994,6136,88435,4033,177858,14523,7025,7498
29700,184025,6137,88452,4034,177888,14526,7028,7498
29705,184056,6139,88463,4036,177917,14529,7029,7500
29710,184087,6139,88482,4036,177948,14531,7030,7501
29715,184118,6139,88495,4036,177979,14533,7030,7503
29720,184149,6139,88508,4036,178010,14535,7030,7505
29725,184180,6139,88525,4036,178041,14537,7031,7506
29730,184211,6139,88544,4036,178072,14539,7033,7506
29735,184242,6139,88557,4036,178103,14541,7034,7507
29740,184273,6139,88573,4036,178134,14543,7035,7508
29745,184304,6139,88589,4036,178165,14546,7038,7508
29750,184335,6139,88603,4036,178196,14549,7039,7510
29755,184366,6139,88614,4036,178227,14553,7041,7512
29760,184397,6139,88630,4036,178258,14557,7043,7514
29765,184428,6140,88640,4036,178288,14561,7045,7516
29770,184459,6141,88652,4036,178317,14565,7047,7518
29775,184490,6144,88669,4038,178346,14569,7049,7520
29780,184521,6146,88687,4039,178374,14573,7051,7522
29785,184552,6149,88705,4042,178403,14577,7053,7524
29790,184583,6151,88718,4043,178432,14581,7055,7526
29795,184614,6153,88733,4044,178461,14585,7057,7528
29800,184645,6155,88752,4045,178490,14588,7058,7530
29805,184676,6157,88764,4046,178519,14591,7059,7532
29810,184707,6160,88777,4049,178547,14596,7061,7535
29815,184738,6163,88792,4051,178574,14602,7064,7538
29820,184769,6169,88806,4056,178600,14606,7067,7539
29825,184800,6171,88817,4057,178629,14607,7067,7540
29830,184831,6172,88831,4057,178659,14608,7067,7541
29835,184862,6173,88845,4057,178689,14608,7067,7541
29840,184893,6174,88858,4057,178719,14608,7067,7541
29845,184924,6175,88876,4058,178749,14608,7067,7541
29850,184955,6176,88892,4059,178779,14608,7067,7541
29855,184986,6177,88911,4060,178809,14608,7067,7541
29860,185017,6178,88930,4061,178839,14608,7067,7541
29865,185048,6179,88947,4062,178869,14608,7067,7541
29870,185079,6180,88957,4062,178899,14608,7067,7541
29875,185110,6181,88972,4062,178929,14608,7067,7541
29880,185141,6182,88984,4063,178959,14608,7067,7541
29885,185172,6182,88996,4063,178990,14608,7067,7541
29890,185203,6182,89014,4063,179021,14608,7067,7541
29895,185234,6182,89029,4063,179052,14608,7067,7541
29900,185265,6182,89046,4063,179083,14609,7067,7542
29905,185296,6182,89064,4063,179114,14610,7067,7543
29910,185327,6182,89074,4063,179145,14611,7067,7544
29915,185358,6182,89089,4063,179176,14612,7067,7545
29920,185389,6182,89104,4063,179207,14615,7068,7547
29925,185420,6182,89121,4063,179238,14620,7073,7547
29930,185451,6182,89138,4063,179269,14625,7076,7549
29935,185482,6182,89154,4063,179300,14629,7077,7552
29940,185513,6183,89166,4064,179330,14633,7078,7555
29945,185544,6184,89180,4064,179360,14635,7079,7556
29950,185575,6185,89193,4064,179390,14637,7080,7557
29955,185606,6187,89206,4065,179419,14639,7080,7559
29960,185637,6188,89220,4065,179449,14641,7081,7560
29965,185668,6190,89238,4067,179478,14643,7082,7561
29970,185699,6192,89252,4068,179507,14645,7083,7562
29975,185730,6194,89271,4070,179536,14647,7083,7564
29980,185761,6196,89286,4072,179565,14649,7084,7565
29985,185792,6198,89302,4073,179594,14651,7085,7566
29990,185823,6200,89316,4074,179623,14653,7085,7568
29995,185854,6202,89331,4076,179652,14655,7086,7569
30000,185885,6205,89349,4079,179680,14657,7087,7570
30005,185916,6206,89362,4080,179710,14659,7087,7572
30010,185947,6208,89376,4082,179739,14661,7088,7573
30015,185978,6209,89391,4082,179769,14663,7090,7573
30020,186009,6210,89406,4082,179799,14665,7090,7575
30025,186040,6211,89414,4082,179829,14667,7091,7576
30030,186071,6212,89424,4082,179859,14670,7093,7577
30035,186102,6213,89439,4083,179889,14675,7096,7579
30040,186133,6215,89454,4084,179918,14680,7099,7581
30045,186164,6216,89470,4084,179948,14686,7103,7583
30050,186195,6218,89484,4085,179977,14691,7107,7584
30055,186226,6219,89493,4085,180007,14695,7109,7586
30060,186257,6221,89506,4086,180036,14699,7112,7587
30065,186288,6224,89519,4089,180064,14702,7113,7589
30070,186319,6226,89525,4090,180093,14705,7113,7592
30075,186350,6229,89538,4093,180121,14708,7115,7593
30080,186381,6231,89554,4095,180150,14711,7117,7594
30085,186412,6234,89571,4097,180178,14714,7119,7595
30090,186443,6236,89583,4098,180207,14717,7119,7598
30095,186474,6239,89600,4101,180235,14720,7119,7601
30100,186505,6240,89618,4102,180265,14723,7120,7603
30105,186536,6241,89623,4102,180295,14726,7120,7606
30110,186567,6243,89641,4103,180324,14729,7122,7607
30115,186598,6245,89655,4104,180353,14732,7124,7608
30120,186629,6246,89667,4104,180383,14735,7125,7610
30125,186660,6246,89686,4104,180414,14738,7127,7611
30130,186691,6246,89699,4104,180445,14741,7128,7613
30135,186722,6246,89714,4104,180476,14743,7130,7613
30140,186753,6246,89726,4104,180507,14745,7132,7613
30145,186784,6246,89743,4104,180538,14747,7134,7613
30150,186815,6246,89753,4104,180569,14750,7135,7615
30155,186846,6246,89765,4104,180600,14755,7135,7620
30160,186877,6246,89777,4104,180631,14759,7135,7624
30165,186908,6246,89789,4104,180662,14763,7136,7627
30170,186939,6246,89807,4104,180693,14767,7139,7628
30175,186970,6246,89823,4104,180724,14770,7141,7629
30180,187001,6246,89839,4104,180755,14773,7143,7630
30185,187032,6249,89852,4106,180783,14775,7144,7631
30190,187063,6252,89866,4108,180811,14777,7145,7632
30195,187094,6256,89878,4111,180838,14779,7146,7633
30200,187125,6260,89895,4114,180865,14781,7147,7634
30205,187156,6264,89910,4117,180892,14783,7148,7635
30210,187187,6268,89926,4120,180919,14785,7149,7636
30215,187218,6270,89943,4122,180948,14787,7150,7637
30220,187249,6273,89965,4125,180976,14789,7151,7638
30225,187280,6275,89989,4127,181005,14791,7152,7639
30230,187311,6275,90001,4127,181036,14793,7152,7641
30235,187342,6275,90013,4127,181067,14796,7154,7642
30240,187373,6275,90028,4127,181098,14799,7156,7643
30245,187404,6275,90038,4127,181129,14803,7157,7646
30250,187435,6275,90055,4127,181160,14807,7158,7649
30255,187466,6275,90070,4127,181191,14810,7160,7650
30260,187497,6275,90086,4127,181222,14813,7161,7652
30265,187528,6275,90106,4127,181253,14816,7163,7653
30270,187559,6275,90119,4127,181284,14819,7164,7655
30275,187590,6275,90138,4127,181315,14822,7166,7656
30280,187621,6275,90152,4127,181346,14825,7168,7657
30285,187652,6275,90172,4127,181377,14828,7170,7658
30290,187683,6275,90188,4127,181408,14831,7171,7660
30295,187714,6275,90202,4127,181439,14835,7174,7661
30300,187745,6275,90217,4127,181470,14839,7174,7665
30305,187776,6278,90233,4130,181498,14842,7176,7666
30310,187807,6280,90246,4131,181527,14845,7178,7667
30315,187838,6284,90260,4133,181554,14848,7178,7670
30320,187869,6287,90275,4134,181582,14851,7179,7672
30325,187900,6289,90286,4134,181611,14854,7180,7674
30330,187931,6292,90301,4136,181639,14857,7181,7676
30335,187962,6296,90319,4139,181666,14860,7183,7677
30340,187993,6299,90332,4141,181694,14863,7185,7678
30345,188024,6302,90344,4142,181722,14866,7185,7681
30350,188055,6304,90357,4144,181751,14868,7185,7683
30355,188086,6307,90378,4147,181779,14871,7188,7683
30360,188117,6307,90397,4147,181810,14874,7191,7683
30365,188148,6307,90415,4147,181841,14877,7193,7684
30370,188179,6307,90433,4147,181872,14880,7195,7685
30375,188210,6307,90450,4147,181903,14883,7195,7688
30380,188241,6307,90461,4147,181934,14886,7195,7691
30385,188272,6307,90478,4147,181965,14889,7196,7693
30390,188303,6307,90495,4147,181996,14891,7197,7694
30395,188334,6307,90509,4147,182027,14893,7197,7696
30400,188365,6307,90523,4147,182058,14895,7199,7696
30405,188396,6307,90538,4147,182089,14897,7199,7698
30410,188427,6307,90551,4147,182120,14899,7200,7699
30415,188458,6307,90567,4147,182151,14901,7200,7701
30420,188489,6307,90580,4147,182182,14904,7201,7703
30425,188520,6309,90598,4149,182211,14907,7203,7704
30430,188551,6310,90610,4150,182241,14910,7203,7707
30435,188582,6311,90626,4151,182271,14913,7204,7709
30440,188613,6313,90645,4153,182300,14916,7205,7711
30445,188644,6314,90657,4154,182330,14919,7205,7714
30450,188675,6315,90672,4155,182360,14922,7205,7717
30455,188706,6317,90690,4157,182389,14925,7207,7718
30460,188737,6319,90709,4158,182418,14928,7208,7720
30465,188768,6323,90725,4161,182445,14931,7209,7722
30470,188799,6325,90738,4162,182474,14934,7211,7723
30475,188830,6328,90758,4163,182502,14937,7214,7723
30480,188861,6330,90770,4163,182531,14940,7216,7724
30485,188892,6331,90783,4163,182561,14942,7217,7725
30490,188923,6332,90794,4164,182591,14944,7218,7726
30495,188954,6334,90813,4166,182620,14946,7218,7728
30500,188985,6335,90828,4167,182650,14948,7218,7730
30505,189016,6337,90841,4168,182679,14950,7220,7730
30510,189047,6339,90856,4170,182708,14952,7222,7730
30515,189078,6340,90875,4171,182738,14954,7224,7730
30520,189109,6341,90890,4172,182768,14956,7225,7731
30525,189140,6342,90900,4172,182798,14958,7226,7732
30530,189171,6342,90910,4172,182829,14960,7227,7733
30535,189202,6342,90925,4172,182860,14963,7228,7735
30540,189233,6342,90940,4172,182891,14966,7228,7738
30545,189264,6342,90952,4172,182922,14968,7229,7739
30550,189295,6342,90964,4172,182953,14970,7231,7739
30555,189326,6342,90985,4172,182984,14971,7232,7739
30560,189357,6342,91001,4172,183015,14972,7232,7740
30565,189388,6342,91016,4172,183046,14973,7232,7741
30570,189419,6342,91033,4172,183077,14974,7233,7741
30575,189450,6342,91052,4172,183108,14975,7234,7741
30580,189481,6342,91070,4172,183139,14976,7235,7741
30585,189512,6342,91086,4172,183170,14977,7236,7741
30590,189543,6343,91101,4173,183200,14978,7236,7742
30595,189574,6344,91117,4173,183230,14979,7237,7742
30600,189605,6345,91135,4173,183260,14980,7238,7742
30605,189636,6346,91146,4174,183290,14981,7238,7743
30610,189667,6347,91159,4175,183320,14982,7239,7743
30615,189698,6348,91177,4175,183350,14983,7239,7744
30620,189729,6349,91194,4175,183380,14984,7240,7744
30625,189760,6350,91213,4175,183410,14985,7241,7744
30630,189791,6351,91223,4175,183440,14986,7242,7744
30635,189822,6352,91237,4176,183470,14988,7244,7744
30640,189853,6353,91251,4177,183500,14990,7244,7746
30645,189884,6354,91264,4178,183529,14993,7245,7748
30650,189915,6356,91277,4180,183559,14997,7248,7749
30655,189946,6358,91290,4181,183587,15002,7250,7752
30660,189977,6361,91304,4182,183616,15007,7253,7754
30665,190008,6364,91316,4184,183644,15009,7253,7756
30670,190039,6368,91329,4186,183671,15011,7253,7758
30675,190070,6372,91344,4189,183698,15013,7254,7759
30680,190101,6377,91358,4194,183724,15015,7254,7761
30685,190132,6380,91370,4195,183752,15017,7255,7762
30690,190163,6384,91383,4198,183779,15019,7255,7764
30695,190194,6387,91397,4200,183807,15021,7256,7765
30700,190225,6390,91412,4202,183835,15023,7257,7766
30705,190256,6391,91426,4202,183865,15025,7257,7768
30710,190287,6391,91442,4202,183896,15026,7257,7769
30715,190318,6391,91450,4202,183927,15027,7257,7770
30720,190349,6391,91466,4202,183958,15028,7258,7770
30725,190380,6391,91483,4202,183989,15029,7258,7771
30730,190411,6391,91505,4202,184020,15030,7259,7771
30735,190442,6391,91518,4202,184051,15031,7259,7772
30740,190473,6391,91540,4202,184082,15032,7260,7772
30745,190504,6391,91556,4202,184113,15033,7260,7773
30750,190535,6391,91570,4202,184144,15035,7260,7775
30755,190566,6391,91585,4202,184175,15037,7261,7776
30760,190597,6391,91598,4202,184206,15039,7263,7776
30765,190628,6391,91615,4202,184237,15041,7264,7777
30770,190659,6391,91631,4202,184268,15045,7267,7778
30775,190690,6391,91649,4202,184299,15049,7270,7779
30780,190721,6391,91664,4202,184330,15053,7273,7780
30785,190752,6392,91681,4202,184360,15055,7274,7781
30790,190783,6393,91697,4203,184390,15057,7274,7783
30795,190814,6395,91715,4205,184419,15059,7275,7784
30800,190845,6397,91732,4206,184448,15061,7276,7785
30805,190876,6399,91748,4207,184477,15063,7277,7786
30810,190907,6402,91763,4210,184505,15066,7278,7788
30815,190938,6405,91776,4212,184533,15069,7280,7789
30820,190969,6409,91791,4215,184560,15072,7281,7791
30825,191000,6412,91811,4218,184588,15075,7282,7793
30830,191031,6414,91826,4219,184617,15078,7282,7796
30835,191062,6417,91836,4220,184645,15081,7283,7798
30840,191093,6421,91853,4224,184672,15084,7285,7799
30845,191124,6423,91869,4226,184701,15087,7288,7799
30850,191155,6425,91883,4227,184730,15090,7289,7801
30855,191186,6425,91896,4227,184761,15093,7290,7803
30860,191217,6425,91913,4227,184792,15096,7291,7805
30865,191248,6425,91930,4227,184823,15099,7292,7807
30870,191279,6425,91944,4227,184854,15102,7293,7809
30875,191310,6425,91966,4227,184885,15104,7295,7809
30880,191341,6425,91977,4227,184916,15106,7296,7810
30885,191372,6425,91993,4227,184947,15108,7296,7812
30890,191403,6425,92011,4227,184978,15111,7297,7814
30895,191434,6425,92027,4227,185009,15114,7299,7815
30900,191465,6425,92041,4227,185040,15117,7300,7817
30905,191496,6425,92053,4227,185071,15119,7300,7819
30910,191527,6425,92068,4227,185102,15121,7301,7820
30915,191558,6425,92084,4227,185133,15123,7301,7822
30920,191589,6425,92100,4227,185164,15124,7301,7823
30925,191620,6425,92116,4227,185195,15125,7301,7824
30930,191651,6425,92128,4227,185226,15126,7301,7825
30935,191682,6425,92138,4227,185257,15127,7302,7825
30940,191713,6425,92156,4227,185288,15128,7303,7825
30945,191744,6425,92170,4227,185319,15129,7304,7825
30950,191775,6426,92186,4228,185349,15131,7305,7826
30955,191806,6428,92200,4229,185378,15133,7305,7828
30960,191837,6431,92216,4230,185406,15136,7307,7829
30965,191868,6433,92231,4232,185435,15140,7309,7831
30970,191899,6437,92247,4235,185462,15144,7310,7834
30975,191930,6439,92263,4235,185491,15148,7313,7835
30980,191961,6442,92277,4238,185518,15152,7315,7837
30985,191992,6446,92292,4240,185546,15155,7318,7837
30990,192023,6448,92304,4241,185575,15157,7319,7838
30995,192054,6450,92323,4242,185604,15159,7321,7838
31000,192085,6452,92339,4244,185633,15161,7322,7839
31005,192116,6452,92351,4244,185664,15162,7322,7840
31010,192147,6452,92367,4244,185695,15163,7323,7840
31015,192178,6452,92378,4244,185726,15164,7323,7841
31020,192209,6452,92397,4244,185757,15166,7325,7841
31025,192240,6452,92413,4244,185788,15169,7327,7842
31030,192271,6452,92424,4244,185819,15172,7328,7844
31035,192302,6452,92436,4244,185850,15175,7329,7846
31040,192333,6452,92450,4244,185881,15178,7331,7847
31045,192364,6452,92468,4244,185912,15181,7333,7848
31050,192395,6452,92483,4244,185943,15184,7334,7850
31055,192426,6452,92496,4244,185974,15187,7337,7850
31060,192457,6452,92512,4244,186005,15190,7339,7851
31065,192488,6452,92532,4244,186036,15193,7342,7851
31070,192519,6452,92547,4244,186067,15195,7343,7852
31075,192550,6452,92560,4244,186098,15197,7343,7854
31080,192581,6452,92573,4244,186129,15199,7344,7855
31085,192612,6454,92585,4244,186158,15203,7347,7856
31090,192643,6459,92599,4248,186184,15207,7348,7859
31095,192674,6462,92613,4249,186212,15211,7350,7861
31100,192705,6467,92631,4253,186237,15215,7352,7863
31105,192736,6472,92644,4258,186264,15219,7352,7867
31110,192767,6475,92661,4261,186291,15223,7356,7867
31115,192798,6480,92675,4264,186318,15227,7357,7870
31120,192829,6480,92688,4264,186349,15229,7358,7871
31125,192860,6480,92706,4264,186380,15231,7359,7872
31130,192891,6480,92720,4264,186411,15233,7361,7872
31135,192922,6480,92733,4264,186442,15236,7361,7875
31140,192953,6480,92749,4264,186473,15239,7363,7876
31145,192984,6480,92766,4264,186504,15241,7365,7876
31150,193015,6480,92779,4264,186535,15243,7366,7877
31155,193046,6480,92798,4264,186566,15245,7367,7878
31160,193077,6480,92811,4264,186597,15247,7368,7879
31165,193108,6480,92828,4264,186628,15249,7370,7879
31170,193139,6480,92844,4264,186659,15251,7370,7881
31175,193170,6480,92860,4264,186690,15253,7370,7883
31180,193201,6480,92878,4264,186721,15255,7372,7883
31185,193232,6480,92897,4264,186752,15258,7373,7885
31190,193263,6480,92914,4264,186783,15261,7376,7885
31195,193294,6480,92928,4264,186814,15264,7376,7888
31200,193325,6480,92944,4264,186845,15267,7377,7890
31205,193356,6480,92962,4264,186876,15269,7378,7891
31210,193387,6480,92978,4264,186907,15271,7379,7892
31215,193418,6480,92992,4264,186938,15273,7380,7893
31220,193449,6480,93003,4264,186969,15275,7382,7893
31225,193480,6483,93017,4267,186996,15277,7382,7895
31230,193511,6488,93032,4270,187022,15281,7384,7897
31235,193542,6492,93044,4273,187049,15285,7386,7899
31240,193573,6495,93057,4275,187077,15289,7388,7901
31245,193604,6498,93069,4276,187106,15293,7390,7903
31250,193635,6502,93083,4280,187133,15297,7390,7907
31255,193666,6505,93102,4283,187160,15302,7392,7910
31260,193697,6508,93119,4286,187188,15308,7395,7913
31265,193728,6509,93134,4287,187219,15308,7395,7913
31270,193759,6509,93153,4287,187250,15308,7395,7913
31275,193790,6509,93170,4287,187281,15308,7395,7913
31280,193821,6509,93185,4287,187312,15308,7395,7913
31285,193852,6509,93198,4287,187343,15308,7395,7913
31290,193883,6509,93215,4287,187374,15308,7395,7913
31295,193914,6509,93229,4287,187405,15308,7395,7913
31300,193945,6509,93247,4287,187436,15308,7395,7913
31305,193976,6509,93258,4287,187467,15308,7395,7913
31310,194007,6509,93270,4287,187498,15309,7395,7914
31315,194038,6509,93281,4287,187529,15310,7395,7915
31320,194069,6509,93295,4287,187560,15311,7395,7916
31325,194100,6509,93313,4287,187591,15312,7395,7917
31330,194131,6509,93330,4287,187622,15313,7396,7917
31335,194162,6509,93343,4287,187653,15314,7396,7918
31340,194193,6509,93355,4287,187684,15316,7396,7920
31345,194224,6509,93364,4287,187715,15317,7396,7921
31350,194255,6509,93381,4287,187746,15318,7397,7921
31355,194286,6509,93395,4287,187777,15319,7398,7921
31360,194317,6509,93412,4287,187808,15320,7399,7921
31365,194348,6509,93431,4287,187839,15321,7400,7921
31370,194379,6510,93442,4288,187869,15324,7402,7922
31375,194410,6511,93455,4288,187899,15327,7404,7923
31380,194441,6514,93471,4289,187927,15329,7404,7925
31385,194472,6517,93487,4291,187955,15333,7407,7926
31390,194503,6521,93507,4295,187981,15337,7409,7928
31395,194534,6524,93521,4297,188010,15341,7411,7930
31400,194565,6527,93530,4298,188038,15345,7413,7932
31405,194596,6530,93546,4300,188065,15350,7415,7935
31410,194627,6534,93564,4303,188092,15355,7419,7936
31415,194658,6537,93578,4305,188121,15360,7421,7939
31420,194689,6538,93590,4306,188151,15364,7422,7942
31425,194720,6540,93607,4308,188180,15367,7423,7944
31430,194751,6541,93625,4309,188210,15370,7426,7944
31435,194782,6542,93642,4309,188240,15373,7428,7945
31440,194813,6544,93656,4310,188269,15376,7429,7947
31445,194844,6544,93667,4310,188300,15379,7431,7948
31450,194875,6544,93681,4310,188331,15382,7432,7950
31455,194906,6544,93695,4310,188362,15384,7432,7952
31460,194937,6544,93702,4310,188393,15386,7432,7954
31465,194968,6544,93713,4310,188424,15388,7432,7956
31470,194999,6544,93724,4310,188455,15390,7433,7957
31475,195030,6544,93737,4310,188486,15393,7434,7959
31480,195061,6544,93749,4310,188517,15396,7435,7961
31485,195092,6544,93761,4310,188548,15400,7436,7964
31490,195123,6544,93774,4310,188579,15403,7437,7966
31495,195154,6544,93788,4310,188610,15406,7438,7968
31500,195185,6544,93799,4310,188641,15408,7439,7969
31505,195216,6546,93817,4311,188670,15410,7439,7971
31510,195247,6547,93829,4311,188700,15412,7440,7972
31515,195278,6549,93847,4312,188729,15414,7441,7973
31520,195309,6550,93861,4313,188759,15416,7442,7974
31525,195340,6551,93876,4313,188789,15419,7443,7976
31530,195371,6552,93892,4314,188819,15423,7446,7977
31535,195402,6554,93905,4316,188848,15427,7446,7981
31540,195433,6556,93918,4318,188877,15431,7447,7984
31545,195464,6557,93932,4318,188906,15435,7448,7987
31550,195495,6561,93949,4322,188933,15440,7449,7991
31555,195526,6565,93967,4324,188961,15445,7451,7994
31560,195557,6569,93986,4326,188988,15449,7454,7995
31565,195588,6570,93998,4327,189018,15452,7456,7996
31570,195619,6572,94010,4328,189047,15455,7456,7999
31575,195650,6573,94022,4328,189077,15457,7458,7999
31580,195681,6573,94038,4328,189108,15459,7459,8000
31585,195712,6573,94055,4328,189139,15461,7459,8002
31590,195743,6573,94068,4328,189170,15464,7459,8005
31595,195774,6573,94081,4328,189201,15467,7461,8006
31600,195805,6573,94099,4328,189232,15470,7463,8007
31605,195836,6573,94113,4328,189263,15473,7464,8009
31610,195867,6573,94128,4328,189294,15475,7466,8009
31615,195898,6573,94151,4328,189325,15477,7468,8009
31620,195929,6573,94166,4328,189356,15479,7470,8009
31625,195960,6573,94181,4328,189387,15481,7470,8011
31630,195991,6573,94197,4328,189418,15483,7471,8012
31635,196022,6573,94218,4328,189449,15485,7473,8012
31640,196053,6573,94230,4328,189480,15487,7474,8013
31645,196084,6573,94243,4328,189511,15489,7475,8014
31650,196115,6573,94257,4328,189542,15491,7476,8015
31655,196146,6573,94268,4328,189573,15493,7476,8017
31660,196177,6573,94287,4328,189604,15495,7478,8017
31665,196208,6573,94304,4328,189635,15498,7479,8019
31670,196239,6573,94316,4328,189666,15503,7480,8023
31675,196270,6573,94329,4328,189697,15508,7483,8025
31680,196301,6578,94349,4332,189722,15513,7486,8027
31685,196332,6581,94364,4333,189751,15516,7489,8027
31690,196363,6585,94382,4335,189778,15519,7492,8027
31695,196394,6587,94396,4335,189807,15522,7494,8028
31700,196425,6590,94409,4337,189835,15525,7495,8030
31705,196456,6594,94425,4339,189862,15528,7497,8031
31710,196487,6596,94440,4340,189891,15532,7500,8032
31715,196518,6598,94455,4341,189920,15536,7502,8034
31720,196549,6598,94466,4341,189951,15540,7502,8038
31725,196580,6598,94477,4341,189982,15543,7502,8041
31730,196611,6598,94484,4341,190013,15546,7503,8043
31735,196642,6598,94496,4341,190044,15549,7503,8046
31740,196673,6598,94509,4341,190075,15551,7504,8047
31745,196704,6598,94523,4341,190106,15553,7505,8048
31750,196735,6598,94536,4341,190137,15555,7506,8049
31755,196766,6598,94551,4341,190168,15557,7508,8049
31760,196797,6598,94570,4341,190199,15559,7510,8049
31765,196828,6598,94587,4341,190230,15561,7511,8050
31770,196859,6598,94600,4341,190261,15563,7512,8051
31775,196890,6598,94610,4341,190292,15565,7512,8053
31780,196921,6598,94624,4341,190323,15567,7512,8055
31785,196952,6598,94636,4341,190354,15570,7514,8056
31790,196983,6598,94647,4341,190385,15573,7516,8057
31795,197014,6598,94665,4341,190416,15576,7518,8058
31800,197045,6598,94681,4341,190447,15579,7519,8060
31805,197076,6601,94694,4343,190474,15583,7521,8062
31810,197107,6603,94708,4345,190504,15586,7523,8063
31815,197138,6604,94719,4346,190534,15589,7525,8064
31820,197169,6606,94735,4347,190563,15592,7526,8066
31825,197200,6608,94752,4348,190592,15595,7528,8067
31830,197231,6610,94768,4350,190621,15599,7530,8069
31835,197262,6613,94780,4351,190649,15603,7532,8071
31840,197293,6615,94790,4352,190678,15607,7532,8075
31845,197324,6618,94804,4354,190706,15611,7533,8078
31850,197355,6621,94820,4357,190734,15615,7534,8081
31855,197386,6625,94835,4360,190761,15619,7536,8083
31860,197417,6629,94845,4363,190788,15623,7537,8086
31865,197448,6632,94860,4365,190816,15626,7539,8087
31870,197479,6633,94879,4365,190846,15629,7542,8087
31875,197510,6634,94894,4365,190876,15631,7543,8088
31880,197541,6635,94906,4365,190906,15633,7543,8090
31885,197572,6636,94920,4366,190936,15635,7543,8092
31890,197603,6637,94936,4366,190966,15638,7544,8094
31895,197634,6638,94952,4367,190996,15641,7546,8095
31900,197665,6639,94971,4367,191026,15644,7546,8098
31905,197696,6640,94990,4368,191056,15647,7548,8099
31910,197727,6641,95009,4368,191086,15650,7551,8099
31915,197758,6642,95025,4368,191115,15654,7555,8099
31920,197789,6645,95040,4370,191144,15657,7558,8099
31925,197820,6645,95054,4370,191175,15658,7559,8099
31930,197851,6645,95069,4370,191206,15659,7560,8099
31935,197882,6645,95080,4370,191237,15659,7560,8099
31940,197913,6645,95092,4370,191268,15659,7560,8099
31945,197944,6645,95111,4370,191299,15659,7560,8099
31950,197975,6645,95126,4370,191330,15659,7560,8099
31955,198006,6645,95139,4370,191361,15659,7560,8099
31960,198037,6645,95154,4370,191392,15659,7560,8099
31965,198068,6645,95169,4370,191423,15660,7560,8100
31970,198099,6645,95182,4370,191454,15661,7560,8101
31975,198130,6645,95199,4370,191485,15663,7561,8102
31980,198161,6646,95213,4371,191515,15665,7561,8104
31985,198192,6647,95230,4372,191545,15668,7562,8106
31990,198223,6649,95246,4373,191574,15670,7563,8107
31995,198254,6650,95258,4374,191604,15672,7563,8109
32000,198285,6651,95270,4374,191634,15674,7563,8111
32005,198316,6652,95285,4375,191664,15676,7563,8113
32010,198347,6653,95300,4376,191694,15678,7565,8113
32015,198378,6655,95311,4377,191723,15680,7565,8115
32020,198409,6657,95328,4379,191752,15683,7566,8117
32025,198440,6659,95347,4381,191781,15686,7567,8119
32030,198471,6662,95368,4383,191809,15689,7569,8120
32035,198502,6665,95380,4384,191837,15693,7571,8122
32040,198533,6667,95393,4386,191866,15697,7572,8125
32045,198564,6669,95409,4387,191894,15699,7574,8125
32050,198595,6671,95421,4389,191924,15701,7575,8126
32055,198626,6673,95433,4391,191953,15702,7576,8126
32060,198657,6675,95445,4392,191982,15703,7576,8127
32065,198688,6675,95459,4392,192013,15704,7577,8127
32070,198719,6675,95479,4392,192044,15704,7577,8127
32075,198750,6675,95496,4392,192075,15704,7577,8127
32080,198781,6675,95509,4392,192106,15704,7577,8127
32085,198812,6675,95525,4392,192137,15704,7577,8127
32090,198843,6675,95534,4392,192168,15706,7578,8128
32095,198874,6675,95547,4392,192199,15708,7579,8129
32100,198905,6675,95560,4392,192230,15710,7580,8130
32105,198936,6675,95576,4392,192261,15710,7580,8130
32110,198967,6675,95589,4392,192292,15710,7580,8130
32115,198998,6675,95600,4392,192323,15710,7580,8130
32120,199029,6675,95615,4392,192354,15710,7580,8130
32125,199060,6675,95634,4392,192385,15710,7580,8130
32130,199091,6675,95648,4392,192416,15710,7580,8130
32135,199122,6675,95668,4392,192447,15710,7580,8130
32140,199153,6675,95686,4392,192478,15710,7580,8130
32145,199184,6675,95698,4392,192509,15710,7580,8130
32150,199215,6676,95715,4393,192539,15713,7580,8133
32155,199246,6679,95730,4395,192567,15716,7580,8136
32160,199277,6682,95745,4397,192595,15719,7581,8138
32165,199308,6683,95765,4397,192625,15721,7583,8138
32170,199339,6684,95778,4398,192655,15723,7585,8138
32175,199370,6685,95794,4399,192685,15725,7585,8140
32180,199401,6686,95813,4399,192715,15727,7586,8141
32185,199432,6687,95832,4400,192745,15729,7587,8142
32190,199463,6688,95847,4401,192775,15731,7589,8142
32195,199494,6689,95863,4401,192805,15733,7590,8143
32200,199525,6690,95875,4401,192835,15735,7591,8144
32205,199556,6691,95886,4401,192865,15738,7592,8146
32210,199587,6693,95904,4403,192894,15741,7594,8147
32215,199618,6694,95920,4403,192924,15744,7596,8148
32220,199649,6696,95940,4405,192953,15747,7597,8150
32225,199680,6697,95955,4406,192983,15750,7599,8151
32230,199711,6698,95972,4407,193013,15753,7600,8153
32235,199742,6699,95985,4407,193043,15756,7601,8155
32240,199773,6700,96000,4407,193073,15759,7602,8157
32245,199804,6701,96012,4407,193103,15762,7604,8158
32250,199835,6702,96031,4408,193133,15765,7605,8160
32255,199866,6703,96047,4409,193163,15767,7605,8162
32260,199897,6704,96065,4410,193193,15769,7606,8163
32265,199928,6707,96077,4412,193221,15772,7608,8164
32270,199959,6710,96091,4414,193249,15775,7610,8165
32275,199990,6711,96106,4415,193278,15779,7614,8165
32280,200021,6714,96122,4418,193306,15782,7616,8166
32285,200052,6716,96138,4420,193336,15784,7617,8167
32290,200083,6718,96153,4422,193365,15786,7617,8169
32295,200114,6718,96166,4422,193396,15788,7618,8170
32300,200145,6718,96180,4422,193427,15790,7619,8171
32305,200176,6718,96197,4422,193458,15792,7620,8172
32310,200207,6718,96213,4422,193489,15794,7621,8173
32315,200238,6718,96232,4422,193520,15796,7623,8173
32320,200269,6718,96242,4422,193551,15798,7623,8175
32325,200300,6718,96258,4422,193582,15801,7624,8177
32330,200331,6718,96272,4422,193613,15804,7625,8179
32335,200362,6718,96284,4422,193644,15807,7626,8181
32340,200393,6718,96299,4422,193675,15810,7627,8183
32345,200424,6720,96313,4424,193704,15812,7628,8184
32350,200455,6722,96325,4425,193733,15814,7629,8185
32355,200486,6725,96338,4427,193761,15817,7631,8186
32360,200517,6727,96353,4428,193790,15820,7633,8187
32365,200548,6729,96364,4429,193819,15823,7635,8188
32370,200579,6731,96376,4430,193848,15826,7636,8190
32375,200610,6731,96395,4430,193879,15829,7638,8191
32380,200641,6731,96411,4430,193910,15833,7640,8193
32385,200672,6731,96425,4430,193941,15836,7642,8194
32390,200703,6731,96440,4430,193972,15839,7643,8196
32395,200734,6732,96452,4431,194002,15842,7643,8199
32400,200765,6733,96467,4432,194031,15845,7646,8199
32405,200796,6738,96484,4435,194057,15847,7648,8199
32410,200827,6741,96500,4437,194086,15849,7649,8200
32415,200858,6742,96515,4438,194116,15851,7650,8201
32420,200889,6743,96527,4438,194146,15852,7651,8201
32425,200920,6744,96550,4438,194176,15853,7652,8201
32430,200951,6745,96567,4438,194206,15854,7652,8202
32435,200982,6746,96578,4438,194236,15855,7653,8202
32440,201013,6747,96594,4438,194266,15856,7653,8203
32445,201044,6748,96613,4439,194296,15858,7655,8203
32450,201075,6749,96630,4439,194326,15860,7656,8204
32455,201106,6750,96649,4440,194356,15862,7657,8205
32460,201137,6751,96665,4441,194386,15864,7658,8206
32465,201168,6751,96687,4441,194417,15866,7659,8207
32470,201199,6751,96704,4441,194448,15868,7660,8208
32475,201230,6751,96723,4441,194479,15870,7661,8209
32480,201261,6751,96741,4441,194510,15872,7662,8210
32485,201292,6751,96758,4441,194541,15874,7662,8212
32490,201323,6751,96773,4441,194572,15876,7662,8214
32495,201354,6751,96789,4441,194603,15878,7664,8214
32500,201385,6751,96799,4441,194634,15880,7664,8216
32505,201416,6751,96812,4441,194665,15882,7665,8217
32510,201447,6751,96831,4441,194696,15884,7666,8218
32515,201478,6752,96844,4442,194726,15887,7668,8219
32520,201509,6754,96864,4443,194754,15890,7670,8220
32525,201540,6758,96883,4447,194782,15893,7672,8221
32530,201571,6759,96902,4448,194812,15896,7674,8222
32535,201602,6761,96920,4450,194841,15899,7675,8224
32540,201633,6763,96933,4452,194870,15901,7676,8225
32545,201664,6765,96950,4454,194899,15903,7677,8226
32550,201695,6766,96965,4454,194929,15905,7678,8227
32555,201726,6766,96977,4454,194960,15907,7679,8228
32560,201757,6766,96992,4454,194991,15909,7680,8229
32565,201788,6766,97008,4454,195022,15912,7682,8230
32570,201819,6767,97024,4454,195052,15915,7684,8231
32575,201850,6769,97041,4455,195081,15919,7684,8235
32580,201881,6770,97055,4456,195111,15923,7685,8238
32585,201912,6773,97067,4458,195139,15926,7687,8239
32590,201943,6776,97084,4460,195167,15928,7688,8240
32595,201974,6777,97098,4460,195197,15930,7690,8240
32600,202005,6779,97113,4462,195226,15932,7692,8240
32605,202036,6780,97130,4462,195256,15933,7693,8240
32610,202067,6783,97145,4464,195284,15934,7693,8241
32615,202098,6784,97158,4465,195314,15935,7694,8241
32620,202129,6786,97170,4466,195343,15936,7694,8242
32625,202160,6789,97187,4469,195371,15937,7694,8243
32630,202191,6790,97204,4469,195401,15939,7695,8244
32635,202222,6790,97215,4469,195432,15941,7696,8245
32640,202253,6790,97232,4469,195463,15943,7697,8246
32645,202284,6792,97248,4470,195492,15945,7699,8246
32650,202315,6793,97258,4470,195522,15948,7701,8247
32655,202346,6795,97272,4471,195550,15951,7702,8249
32660,202377,6799,97286,4474,195577,15955,7704,8251
32665,202408,6802,97304,4477,195606,15959,7707,8252
32670,202439,6803,97316,4478,195636,15962,7708,8254
32675,202470,6804,97327,4479,195666,15966,7709,8257
32680,202501,6807,97348,4482,195694,15969,7712,8257
32685,202532,6809,97359,4483,195723,15973,7714,8259
32690,202563,6810,97375,4484,195753,15978,7716,8262
32695,202594,6812,97397,4486,195782,15983,7718,8265
32700,202625,6812,97413,4486,195813,15988,7720,8268
32705,202656,6814,97431,4487,195842,15992,7723,8269
32710,202687,6816,97450,4488,195871,15995,7724,8271
32715,202718,6817,97462,4488,195901,15998,7726,8272
32720,202749,6818,97473,4488,195931,16001,7728,8273
32725,202780,6819,97489,4488,195961,16004,7729,8275
32730,202811,6821,97506,4490,195990,16007,7731,8276
32735,202842,6823,97520,4491,196019,16010,7731,8279
32740,202873,6825,97536,4492,196048,16013,7731,8282
32745,202904,6825,97552,4492,196079,16015,7733,8282
32750,202935,6825,97567,4492,196110,16017,7733,8284
32755,202966,6825,97585,4492,196141,16019,7733,8286
32760,202997,6825,97604,4492,196172,16022,7736,8286
32765,203028,6825,97619,4492,196203,16024,7737,8287
32770,203059,6825,97634,4492,196234,16026,7738,8288
32775,203090,6825,97644,4492,196265,16028,7738,8290
32780,203121,6825,97655,4492,196296,16031,7740,8291
32785,203152,6825,97668,4492,196327,16034,7742,8292
32790,203183,6825,97684,4492,196358,16037,7745,8292
32795,203214,6825,97700,4492,196389,16040,7748,8292
32800,203245,6825,97716,4492,196419,16043,7751,8292
32805,203276,6827,97732,4494,196448,16047,7751,8296
32810,203307,6829,97743,4496,196478,16053,7753,8300
32815,203338,6830,97758,4497,196508,16058,7756,8302
32820,203369,6831,97773,4498,196538,16062,7758,8304
32825,203400,6833,97783,4499,196567,16066,7758,8308
32830,203431,6835,97796,4500,196596,16070,7761,8309
32835,203462,6839,97812,4503,196623,16073,7762,8311
32840,203493,6842,97829,4504,196651,16076,7764,8312
32845,203524,6844,97839,4506,196680,16079,7765,8314
32850,203555,6845,97853,4506,196710,16081,7766,8315
32855,203586,6847,97871,4507,196739,16083,7767,8316
32860,203617,6847,97882,4507,196770,16085,7767,8318
32865,203648,6847,97902,4507,196801,16087,7769,8318
32870,203679,6847,97921,4507,196832,16089,7771,8318
32875,203710,6847,97937,4507,196863,16093,7772,8321
32880,203741,6847,97952,4507,196894,16097,7773,8324
32885,203772,6847,97964,4507,196925,16097,7773,8324
32890,203803,6847,97978,4507,196956,16097,7773,8324
32895,203834,6847,97993,4507,196987,16097,7773,8324
32900,203865,6847,98011,4507,197018,16097,7773,8324
32905,203896,6847,98023,4507,197049,16097,7773,8324
32910,203927,6847,98037,4507,197080,16097,7773,8324
32915,203958,6847,98049,4507,197111,16097,7773,8324
32920,203989,6847,98063,4507,197142,16098,7773,8325
32925,204020,6847,98076,4507,197173,16099,7773,8326
32930,204051,6847,98086,4507,197204,16100,7774,8326
32935,204082,6847,98105,4507,197235,16103,7776,8327
32940,204113,6847,98126,4507,197266,16106,7778,8328
32945,204144,6849,98143,4509,197295,16107,7779,8328
32950,204175,6852,98161,4510,197323,16108,7779,8329
32955,204206,6857,98180,4513,197349,16108,7779,8329
32960,204237,6860,98198,4516,197377,16108,7779,8329
32965,204268,6864,98213,4519,197404,16109,7779,8330
32970,204299,6868,98228,4522,197431,16110,7779,8331
32975,204330,6870,98242,4523,197460,16111,7779,8332
32980,204361,6872,98256,4524,197489,16112,7779,8333
32985,204392,6875,98271,4526,197517,16116,7783,8333
32990,204423,6878,98290,4528,197545,16120,7786,8334
32995,204454,6879,98305,4529,197575,16125,7788,8337
33000,204485,6880,98321,4530,197605,16129,7790,8339
33005,204516,6881,98335,4530,197635,16131,7791,8340
33010,204547,6881,98347,4530,197666,16133,7792,8341
33015,204578,6881,98363,4530,197697,16135,7794,8341
33020,204609,6881,98374,4530,197728,16137,7794,8343
33025,204640,6881,98389,4530,197759,16139,7795,8344
33030,204671,6881,98397,4530,197790,16141,7795,8346
33035,204702,6881,98412,4530,197821,16143,7796,8347
33040,204733,6881,98427,4530,197852,16145,7797,8348
33045,204764,6881,98441,4530,197883,16147,7798,8349
33050,204795,6881,98456,4530,197914,16150,7798,8352
33055,204826,6881,98476,4530,197945,16153,7799,8354
33060,204857,6881,98494,4530,197976,16156,7799,8357
33065,204888,6883,98509,4532,198005,16159,7801,8358
33070,204919,6885,98522,4534,198034,16162,7803,8359
33075,204950,6886,98537,4534,198064,16164,7804,8360
33080,204981,6889,98551,4535,198092,16166,7805,8361
33085,205012,6891,98567,4535,198121,16168,7807,8361
33090,205043,6894,98585,4536,198149,16170,7807,8363
33095,205074,6897,98601,4538,198177,16172,7808,8364
33100,205105,6899,98615,4539,198206,16174,7809,8365
33105,205136,6901,98628,4541,198235,16176,7809,8367
33110,205167,6903,98642,4542,198264,16180,7811,8369
33115,205198,6905,98654,4543,198293,16185,7813,8372
33120,205229,6906,98667,4543,198323,16190,7815,8375
33125,205260,6907,98687,4543,198353,16193,7817,8376
33130,205291,6910,98702,4545,198381,16197,7819,8378
33135,205322,6912,98715,4546,198410,16200,7821,8379
33140,205353,6915,98732,4548,198438,16203,7824,8379
33145,205384,6915,98746,4548,198469,16206,7825,8381
33150,205415,6915,98762,4548,198500,16209,7827,8382
33155,205446,6915,98772,4548,198531,16212,7829,8383
33160,205477,6915,98785,4548,198562,16215,7829,8386
33165,205508,6915,98803,4548,198593,16217,7831,8386
33170,205539,6915,98825,4548,198624,16219,7831,8388
33175,205570,6915,98839,4548,198655,16221,7832,8389
33180,205601,6915,98855,4548,198686,16223,7833,8390
33185,205632,6916,98871,4548,198715,16225,7835,8390
33190,205663,6919,98888,4551,198744,16227,7837,8390
33195,205694,6920,98906,4552,198773,16229,7839,8390
33200,205725,6923,98923,4555,198801,16231,7840,8391
33205,205756,6926,98938,4558,198829,16233,7840,8393
33210,205787,6928,98949,4559,198859,16235,7840,8395
33215,205818,6930,98966,4561,198887,16237,7841,8396
33220,205849,6931,98981,4562,198918,16239,7841,8398
33225,205880,6931,98996,4562,198949,16243,7843,8400
33230,205911,6931,99018,4562,198980,16248,7845,8403
33235,205942,6931,99030,4562,199011,16254,7846,8408
33240,205973,6931,99044,4562,199042,16258,7848,8410
33245,206004,6932,99057,4563,199072,16260,7849,8411
33250,206035,6933,99073,4564,199102,16261,7849,8412
33255,206066,6934,99088,4564,199132,16262,7849,8413
33260,206097,6935,99102,4564,199162,16263,7850,8413
33265,206128,6936,99116,4565,199192,16265,7851,8414
33270,206159,6938,99136,4567,199221,16267,7853,8414
33275,206190,6939,99147,4567,199251,16269,7853,8416
33280,206221,6940,99162,4567,199281,16271,7853,8418
33285,206252,6941,99178,4568,199311,16273,7854,8419
33290,206283,6942,99190,4569,199341,16275,7855,8420
33295,206314,6943,99204,4570,199371,16277,7856,8421
33300,206345,6944,99216,4570,199401,16279,7857,8422
33305,206376,6947,99233,4573,199429,16282,7857,8425
33310,206407,6949,99248,4574,199458,16285,7859,8426
33315,206438,6950,99263,4575,199488,16288,7861,8427
33320,206469,6951,99279,4575,199518,16291,7861,8430
33325,206500,6953,99293,4576,199547,16294,7861,8433
33330,206531,6956,99308,4579,199575,16297,7863,8434
33335,206562,6960,99324,4582,199602,16300,7864,8436
33340,206593,6962,99340,4584,199631,16305,7866,8439
33345,206624,6964,99355,4585,199659,16310,7868,8442
33350,206655,6966,99372,4586,199689,16317,7872,8445
33355,206686,6967,99385,4587,199718,16324,7876,8448
33360,206717,6970,99403,4589,199747,16331,7881,8450
33365,206748,6971,99414,4589,199777,16335,7883,8452
33370,206779,6971,99427,4589,199808,16338,7884,8454
33375,206810,6971,99442,4589,199839,16341,7885,8456
33380,206841,6971,99456,4589,199870,16343,7886,8457
33385,206872,6971,99473,4589,199901,16345,7887,8458
33390,206903,6971,99486,4589,199932,16347,7888,8459
33395,206934,6971,99501,4589,199963,16349,7889,8460
33400,206965,6971,99519,4589,199994,16351,7889,8462
33405,206996,6971,99532,4589,200025,16353,7890,8463
33410,207027,6971,99544,4589,200056,16355,7891,8464
33415,207058,6971,99563,4589,200087,16357,7893,8464
33420,207089,6971,99583,4589,200118,16359,7895,8464
33425,207120,6973,99596,4590,200147,16361,7895,8466
33430,207151,6974,99614,4590,200177,16363,7897,8466
33435,207182,6975,99631,4591,200207,16365,7899,8466
33440,207213,6976,99646,4592,200237,16367,7901,8466
33445,207244,6977,99658,4593,200267,16369,7902,8467
33450,207275,6978,99674,4593,200297,16371,7902,8469
33455,207306,6979,99691,4593,200327,16373,7903,8470
33460,207337,6980,99709,4594,200357,16375,7904,8471
33465,207368,6981,99725,4595,200387,16378,7907,8471
33470,207399,6982,99737,4595,200417,16383,7910,8473
33475,207430,6984,99748,4595,200445,16389,7912,8477
33480,207461,6988,99768,4598,200472,16396,7916,8480
33485,207492,6992,99786,4601,200500,16398,7917,8481
33490,207523,6996,99802,4604,200527,16399,7917,8482
33495,207554,7000,99818,4607,200554,16400,7918,8482
33500,207585,7000,99830,4607,200585,16401,7919,8482
33505,207616,7000,99841,4607,200616,16402,7920,8482
33510,207647,7000,99855,4607,200647,16403,7920,8483
33515,207678,7000,99868,4607,200678,16403,7920,8483
33520,207709,7000,99885,4607,200709,16403,7920,8483
33525,207740,7000,99902,4607,200740,16403,7920,8483
33530,207771,7000,99913,4607,200771,16403,7920,8483
33535,207802,7000,99928,4607,200802,16403,7920,8483
33540,207833,7000,99944,4607,200833,16403,7920,8483
33545,207864,7000,99960,4607,200864,16403,7920,8483
33550,207895,7000,99975,4607,200895,16403,7920,8483
33555,207926,7000,99993,4607,200926,16403,7920,8483
33560,207957,7000,100013,4607,200957,16403,7920,8483
33565,207988,7000,100028,4607,200988,16403,7920,8483
33570,208019,7000,100037,4607,201019,16403,7920,8483
33575,208050,7000,100053,4607,201050,16403,7920,8483
33580,208081,7000,100071,4607,201081,16403,7920,8483
33585,208112,7000,100089,4607,201112,16405,7921,8484
33590,208143,7000,100102,4607,201143,16411,7924,8487
33595,208174,7000,100116,4607,201174,16417,7927,8490
33600,208205,7001,100130,4608,201204,16423,7932,8491
33605,208236,7003,100145,4608,201233,16426,7934,8492
33610,208267,7006,100157,4610,201261,16429,7935,8494
33615,208298,7008,100173,4611,201290,16431,7936,8495
33620,208329,7012,100188,4615,201317,16433,7937,8496
33625,208360,7015,100202,4617,201345,16436,7938,8498
33630,208391,7019,100215,4619,201372,16439,7939,8500
33635,208422,7023,100231,4622,201399,16442,7940,8502
33640,208453,7026,100246,4624,201427,16445,7942,8503
33645,208484,7029,100262,4625,201455,16448,7943,8505
33650,208515,7033,100277,4627,201482,16451,7944,8507
33655,208546,7034,100290,4628,201512,16454,7944,8510
33660,208577,7035,100304,4629,201542,16457,7945,8512
33665,208608,7037,100321,4631,201571,16461,7948,8513
33670,208639,7039,100338,4632,201600,16465,7951,8514
33675,208670,7040,100353,4632,201630,16469,7952,8517
33680,208701,7042,100367,4634,201659,16473,7954,8519
33685,208732,7044,100382,4636,201688,16477,7956,8521
33690,208763,7046,100403,4637,201717,16481,7958,8523
33695,208794,7048,100419,4639,201746,16484,7959,8525
33700,208825,7050,100436,4640,201775,16487,7960,8527
33705,208856,7050,100453,4640,201806,16491,7962,8529
33710,208887,7050,100469,4640,201837,16495,7963,8532
33715,208918,7050,100483,4640,201868,16501,7965,8536
33720,208949,7050,100500,4640,201899,16507,7968,8539
33725,208980,7050,100512,4640,201930,16510,7970,8540
33730,209011,7050,100526,4640,201961,16512,7970,8542
33735,209042,7050,100544,4640,201992,16514,7971,8543
33740,209073,7050,100560,4640,202023,16516,7971,8545
33745,209104,7050,100577,4640,202054,16518,7973,8545
33750,209135,7050,100592,4640,202085,16520,7974,8546
33755,209166,7051,100608,4640,202115,16522,7974,8548
33760,209197,7052,100620,4641,202145,16524,7975,8549
33765,209228,7053,100634,4642,202175,16526,7975,8551
33770,209259,7054,100648,4642,202205,16528,7975,8553
33775,209290,7055,100667,4642,202235,16530,7976,8554
33780,209321,7056,100681,4643,202265,16532,7978,8554
33785,209352,7057,100698,4643,202295,16535,7979,8556
33790,209383,7059,100714,4644,202324,16537,7979,8558
33795,209414,7062,100728,4647,202352,16539,7980,8559
33800,209445,7065,100741,4650,202380,16541,7981,8560
33805,209476,7065,100762,4650,202411,16543,7982,8561
33810,209507,7065,100777,4650,202442,16545,7983,8562
33815,209538,7065,100793,4650,202473,16547,7984,8563
33820,209569,7065,100808,4650,202504,16549,7985,8564
33825,209600,7065,100827,4650,202535,16552,7988,8564
33830,209631,7066,100840,4650,202565,16556,7989,8567
33835,209662,7067,100850,4650,202595,16562,7990,8572
33840,209693,7068,100862,4650,202625,16568,7993,8575
33845,209724,7070,100880,4652,202654,16571,7995,8576
33850,209755,7071,100892,4653,202684,16573,7995,8578
33855,209786,7072,100906,4654,202714,16575,7997,8578
33860,209817,7073,100921,4655,202744,16577,7998,8579
33865,209848,7074,100942,4655,202774,16579,8000,8579
33870,209879,7075,100960,4656,202804,16581,8001,8580
33875,209910,7076,100971,4656,202834,16583,8001,8582
33880,209941,7077,100983,4657,202864,16585,8002,8583
33885,209972,7078,101001,4657,202894,16587,8003,8584
33890,210003,7079,101017,4658,202924,16590,8005,8585
33895,210034,7080,101030,4658,202953,16592,8005,8587
33900,210065,7082,101045,4659,202982,16594,8006,8588
33905,210096,7085,101066,4662,203011,16595,8006,8589
33910,210127,7087,101086,4664,203040,16595,8006,8589
33915,210158,7089,101102,4666,203069,16595,8006,8589
33920,210189,7092,101124,4669,203097,16596,8007,8589
33925,210220,7094,101140,4671,203126,16597,8007,8590
33930,210251,7097,101158,4673,203154,16598,8008,8590
33935,210282,7099,101171,4675,203183,16599,8008,8591
33940,210313,7102,101188,4677,203211,16600,8009,8591
33945,210344,7104,101204,4678,203240,16602,8011,8591
33950,210375,7104,101219,4678,203271,16605,8012,8593
33955,210406,7104,101232,4678,203302,16608,8014,8594
33960,210437,7104,101248,4678,203333,16611,8017,8594
33965,210468,7104,101262,4678,203364,16612,8018,8594
33970,210499,7104,101273,4678,203395,16613,8018,8595
33975,210530,7104,101290,4678,203426,16614,8019,8595
33980,210561,7104,101303,4678,203457,16615,8020,8595
33985,210592,7104,101318,4678,203488,16616,8021,8595
33990,210623,7104,101332,4678,203519,16617,8021,8596
33995,210654,7104,101346,4678,203550,16619,8021,8598
34000,210685,7104,101363,4678,203581,16621,8022,8599
34005,210716,7104,101375,4678,203612,16623,8024,8599
34010,210747,7105,101392,4679,203642,16625,8025,8600
34015,210778,7106,101407,4680,203672,16628,8026,8602
34020,210809,7107,101426,4681,203701,16631,8028,8603
34025,210840,7109,101445,4683,203731,16635,8031,8604
34030,210871,7110,101456,4684,203761,16639,8031,8608
34035,210902,7111,101471,4685,203791,16643,8033,8610
34040,210933,7113,101486,4686,203820,16647,8034,8613
34045,210964,7115,101505,4687,203849,16650,8036,8614
34050,210995,7117,101519,4689,203878,16653,8037,8616
34055,211026,7121,101535,4693,203905,16656,8040,8616
34060,211057,7123,101544,4693,203934,16659,8041,8618
34065,211088,7125,101556,4695,203963,16663,8043,8620
34070,211119,7126,101572,4696,203993,16667,8046,8621
34075,211150,7128,101588,4698,204022,16670,8048,8622
34080,211181,7130,101608,4700,204051,16672,8050,8622
34085,211212,7132,101625,4702,204080,16674,8052,8622
34090,211243,7135,101640,4704,204108,16676,8053,8623
34095,211274,7139,101655,4706,204135,16678,8055,8623
34100,211305,7141,101668,4708,204164,16681,8057,8624
34105,211336,7143,101684,4709,204193,16683,8059,8624
34110,211367,7144,101694,4709,204223,16685,8060,8625
34115,211398,7146,101710,4711,204252,16687,8062,8625
34120,211429,7148,101724,4712,204281,16689,8063,8626
34125,211460,7150,101735,4713,204310,16691,8064,8627
34130,211491,7150,101752,4713,204341,16693,8065,8628
34135,211522,7150,101763,4713,204372,16695,8067,8628
34140,211553,7150,101781,4713,204403,16697,8067,8630
34145,211584,7151,101797,4714,204433,16699,8069,8630
34150,211615,7152,101813,4715,204463,16701,8071,8630
34155,211646,7153,101824,4716,204493,16703,8071,8632
34160,211677,7154,101839,4717,204523,16705,8073,8632
34165,211708,7155,101852,4717,204553,16707,8074,8633
34170,211739,7156,101863,4718,204583,16709,8075,8634
34175,211770,7157,101880,4719,204613,16711,8077,8634
34180,211801,7158,101892,4720,204643,16716,8080,8636
34185,211832,7159,101905,4720,204673,16722,8083,8639
34190,211863,7160,101916,4720,204703,16728,8085,8643
34195,211894,7161,101931,4721,204733,16733,8088,8645
34200,211925,7162,101942,4721,204763,16738,8089,8649
34205,211956,7164,101956,4723,204792,16741,8090,8651
34210,211987,7166,101967,4724,204821,16744,8092,8652
34215,212018,7170,101983,4726,204848,16747,8093,8654
34220,212049,7173,101998,4728,204876,16750,8094,8656
34225,212080,7176,102009,4731,204904,16753,8094,8659
34230,212111,7178,102024,4732,204933,16756,8095,8661
34235,212142,7181,102038,4733,204961,16759,8097,8662
34240,212173,7185,102054,4735,204988,16762,8100,8662
34245,212204,7187,102064,4735,205016,16765,8101,8664
34250,212235,7191,102077,4738,205043,16769,8102,8667
34255,212266,7194,102092,4739,205072,16773,8102,8671
34260,212297,7194,102106,4739,205103,16777,8103,8674
34265,212328,7194,102120,4739,205134,16780,8106,8674
34270,212359,7194,102138,4739,205165,16782,8108,8674
34275,212390,7194,102154,4739,205196,16784,8108,8676
34280,212421,7194,102173,4739,205227,16786,8109,8677
34285,212452,7194,102186,4739,205258,16788,8110,8678
34290,212483,7194,102201,4739,205289,16790,8110,8680
34295,212514,7194,102221,4739,205320,16793,8111,8682
34300,212545,7194,102238,4739,205351,16796,8113,8683
34305,212576,7194,102254,4739,205382,16800,8117,8683
34310,212607,7194,102269,4739,205413,16804,8118,8686
34315,212638,7194,102282,4739,205444,16808,8119,8689
34320,212669,7194,102295,4739,205475,16812,8120,8692
34325,212700,7194,102311,4739,205506,16812,8120,8692
34330,212731,7194,102325,4739,205537,16812,8120,8692
34335,212762,7194,102345,4739,205568,16812,8120,8692
34340,212793,7194,102359,4739,205599,16812,8120,8692
34345,212824,7194,102376,4739,205630,16813,8121,8692
34350,212855,7194,102388,4739,205661,16814,8122,8692
34355,212886,7194,102398,4739,205692,16815,8123,8692
34360,212917,7197,102414,4740,205720,16816,8123,8693
34365,212948,7199,102428,4740,205749,16817,8123,8694
34370,212979,7201,102442,4742,205777,16819,8123,8696
34375,213010,7205,102463,4746,205804,16821,8124,8697
34380,213041,7209,102479,4748,205831,16823,8125,8698
34385,213072,7210,102495,4749,205862,16827,8127,8700
34390,213103,7210,102515,4749,205893,16829,8128,8701
34395,213134,7210,102529,4749,205924,16831,8129,8702
34400,213165,7210,102544,4749,205955,16833,8130,8703
34405,213196,7210,102559,4749,205986,16835,8131,8704
34410,213227,7210,102569,4749,206017,16837,8131,8706
34415,213258,7210,102588,4749,206048,16839,8132,8707
34420,213289,7210,102604,4749,206079,16841,8133,8708
34425,213320,7210,102619,4749,206110,16843,8134,8709
34430,213351,7210,102632,4749,206141,16846,8136,8710
34435,213382,7210,102648,4749,206172,16849,8138,8711
34440,213413,7210,102665,4749,206203,16852,8139,8713
34445,213444,7210,102680,4749,206234,16857,8140,8717
34450,213475,7210,102698,4749,206265,16862,8143,8719
34455,213506,7210,102712,4749,206296,16867,8144,8723
34460,213537,7210,102730,4749,206327,16871,8147,8724
34465,213568,7210,102749,4749,206358,16875,8150,8725
34470,213599,7210,102766,4749,206389,16879,8152,8727
34475,213630,7210,102782,4749,206420,16882,8155,8727
34480,213661,7210,102798,4749,206451,16885,8157,8728
34485,213692,7210,102811,4749,206482,16889,8158,8731
34490,213723,7213,102834,4751,206510,16893,8161,8732
34495,213754,7217,102847,4753,206537,16898,8165,8733
34500,213785,7222,102862,4757,206563,16903,8168,8735
34505,213816,7224,102877,4758,206592,16903,8168,8735
34510,213847,7226,102889,4759,206621,16903,8168,8735
34515,213878,7227,102902,4759,206651,16903,8168,8735
34520,213909,7227,102913,4759,206682,16903,8168,8735
34525,213940,7227,102933,4759,206713,16903,8168,8735
34530,213971,7227,102950,4759,206744,16903,8168,8735
34535,214002,7227,102962,4759,206775,16903,8168,8735
34540,214033,7227,102977,4759,206806,16903,8168,8735
34545,214064,7227,102990,4759,206837,16903,8168,8735
34550,214095,7227,103006,4759,206868,16903,8168,8735
34555,214126,7227,103022,4759,206899,16903,8168,8735
34560,214157,7227,103040,4759,206930,16904,8169,8735
34565,214188,7227,103054,4759,206961,16907,8172,8735
34570,214219,7227,103072,4759,206992,16910,8174,8736
34575,214250,7227,103083,4759,207023,16910,8174,8736
34580,214281,7227,103097,4759,207054,16910,8174,8736
34585,214312,7227,103113,4759,207085,16910,8174,8736
34590,214343,7227,103133,4759,207116,16910,8174,8736
34595,214374,7227,103152,4759,207147,16910,8174,8736
34600,214405,7227,103170,4759,207178,16910,8174,8736
34605,214436,7227,103188,4759,207209,16912,8176,8736
34610,214467,7228,103202,4759,207239,16917,8179,8738
34615,214498,7230,103215,4761,207267,16922,8180,8742
34620,214529,7234,103231,4764,207294,16927,8183,8744
34625,214560,7238,103250,4767,207322,16930,8184,8746
34630,214591,7240,103268,4769,207351,16933,8184,8749
34635,214622,7241,103277,4770,207381,16936,8185,8751
34640,214653,7243,103288,4771,207410,16939,8186,8753
34645,214684,7245,103304,4772,207439,16942,8187,8755
34650,214715,7247,103322,4774,207468,16945,8188,8757
34655,214746,7248,103342,4774,207498,16947,8189,8758
34660,214777,7248,103359,4774,207529,16949,8189,8760
34665,214808,7248,103377,4774,207560,16951,8189,8762
34670,214839,7248,103393,4774,207591,16953,8189,8764
34675,214870,7248,103405,4774,207622,16956,8191,8765
34680,214901,7248,103422,4774,207653,16960,8194,8766
34685,214932,7248,103441,4774,207684,16965,8196,8769
34690,214963,7248,103455,4774,207715,16968,8198,8770
34695,214994,7248,103465,4774,207746,16970,8199,8771
34700,215025,7248,103480,4774,207777,16972,8201,8771
34705,215056,7248,103498,4774,207808,16974,8203,8771
34710,215087,7248,103509,4774,207839,16976,8204,8772
34715,215118,7248,103530,4774,207870,16978,8205,8773
34720,215149,7248,103545,4774,207901,16980,8205,8775
34725,215180,7248,103561,4774,207932,16982,8207,8775
34730,215211,7248,103578,4774,207962,16986,8208,8778
34735,215242,7251,103591,4777,207990,16991,8210,8781
34740,215273,7254,103604,4779,208019,16996,8212,8784
34745,215304,7258,103617,4783,208046,16998,8213,8785
34750,215335,7260,103632,4783,208075,17000,8214,8786
34755,215366,7265,103647,4787,208101,17002,8216,8786
34760,215397,7268,103664,4789,208129,17004,8217,8787
34765,215428,7271,103679,4791,208157,17006,8219,8787
34770,215459,7274,103689,4793,208185,17008,8219,8789
34775,215490,7274,103704,4793,208216,17010,8220,8790
34780,215521,7274,103720,4793,208247,17012,8220,8792
34785,215552,7274,103731,4793,208278,17014,8221,8793
34790,215583,7274,103750,4793,208309,17016,8222,8794
34795,215614,7274,103767,4793,208340,17020,8225,8795
34800,215645,7274,103779,4793,208371,17024,8227,8797
34805,215676,7274,103793,4793,208402,17026,8228,8798
34810,215707,7274,103809,4793,208433,17028,8229,8799
34815,215738,7274,103827,4793,208464,17030,8230,8800
34820,215769,7274,103844,4793,208495,17032,8231,8801
34825,215800,7274,103856,4793,208526,17034,8232,8802
34830,215831,7274,103867,4793,208557,17036,8232,8804
34835,215862,7274,103882,4793,208588,17038,8232,8806
34840,215893,7274,103897,4793,208619,17040,8233,8807
34845,215924,7274,103913,4793,208650,17043,8235,8808
34850,215955,7274,103929,4793,208681,17046,8236,8810
34855,215986,7274,103945,4793,208712,17049,8238,8811
34860,216017,7275,103960,4794,208742,17053,8241,8812
34865,216048,7277,103978,4796,208771,17056,8244,8812
34870,216079,7279,103993,4797,208800,17059,8245,8814
34875,216110,7281,104014,4798,208829,17062,8248,8814
34880,216141,7284,104026,4799,208857,17065,8249,8816
34885,216172,7287,104043,4802,208885,17068,8250,8818
34890,216203,7288,104060,4802,208915,17071,8251,8820
34895,216234,7289,104074,4803,208945,17074,8253,8821
34900,216265,7291,104094,4804,208974,17077,8254,8823
34905,216296,7292,104107,4804,209004,17080,8256,8824
34910,216327,7294,104125,4805,209033,17085,8259,8826
34915,216358,7297,104143,4808,209061,17091,8263,8828
34920,216389,7299,104155,4809,209090,17097,8263,8834
34925,216420,7299,104176,4809,209121,17097,8263,8834
34930,216451,7299,104188,4809,209152,17097,8263,8834
34935,216482,7299,104205,4809,209183,17097,8263,8834
34940,216513,7299,104221,4809,209214,17097,8263,8834
34945,216544,7299,104240,4809,209245,17097,8263,8834
34950,216575,7299,104253,4809,209276,17097,8263,8834
34955,216606,7299,104264,4809,209307,17097,8263,8834
34960,216637,7299,104281,4809,209338,17097,8263,8834
34965,216668,7299,104291,4809,209369,17097,8263,8834
34970,216699,7299,104309,4809,209400,17097,8263,8834
34975,216730,7299,104325,4809,209431,17097,8263,8834
34980,216761,7299,104342,4809,209462,17097,8263,8834
34985,216792,7300,104357,4809,209491,17098,8263,8835
34990,216823,7302,104369,4810,209521,17099,8264,8835
34995,216854,7303,104385,4811,209550,17100,8264,8836
35000,216885,7305,104398,4812,209579,17101,8264,8837
35005,216916,7307,104413,4813,209608,17102,8264,8838
35010,216947,7309,104429,4815,209638,17103,8264,8839
35015,216978,7310,104439,4815,209668,17104,8264,8840
35020,217009,7311,104456,4816,209698,17105,8264,8841
35025,217040,7312,104470,4817,209727,17108,8264,8844
35030,217071,7315,104484,4818,209755,17113,8267,8846
35035,217102,7319,104495,4822,209783,17119,8269,8850
35040,217133,7323,104508,4826,209809,17122,8271,8851
35045,217164,7327,104527,4829,209837,17124,8272,8852
35050,217195,7330,104542,4832,209865,17126,8273,8853
35055,217226,7332,104559,4833,209894,17128,8274,8854
35060,217257,7336,104575,4836,209921,17130,8275,8855
35065,217288,7338,104592,4837,209950,17132,8277,8855
35070,217319,7339,104604,4838,209980,17134,8277,8857
35075,217350,7340,104621,4839,210010,17136,8278,8858
35080,217381,7341,104636,4840,210040,17138,8279,8859
35085,217412,7342,104648,4841,210070,17140,8279,8861
35090,217443,7343,104665,4841,210100,17142,8280,8862
35095,217474,7343,104676,4841,210131,17145,8282,8863
35100,217505,7343,104691,4841,210162,17148,8283,8865
35105,217536,7343,104704,4841,210193,17151,8283,8868
35110,217567,7343,104718,4841,210224,17154,8283,8871
35115,217598,7343,104731,4841,210255,17157,8285,8872
35120,217629,7343,104748,4841,210286,17160,8287,8873
35125,217660,7343,104767,4841,210317,17163,8289,8874
35130,217691,7343,104785,4841,210348,17166,8289,8877
35135,217722,7343,104800,4841,210379,17169,8291,8878
35140,217753,7343,104815,4841,210410,17174,8293,8881
35145,217784,7343,104825,4841,210441,17180,8294,8886
35150,217815,7343,104832,4841,210472,17186,8297,8889
35155,217846,7343,104848,4841,210503,17191,8299,8892
35160,217877,7343,104868,4841,210534,17196,8303,8893
35165,217908,7344,104883,4841,210564,17200,8306,8894
35170,217939,7346,104895,4842,210592,17204,8307,8897
35175,217970,7349,104914,4844,210620,17208,8308,8900
35180,218001,7353,104935,4847,210647,17212,8310,8902
35185,218032,7356,104947,4850,210676,17216,8311,8905
35190,218063,7359,104963,4852,210703,17220,8312,8908
35195,218094,7363,104978,4854,210731,17225,8316,8909
35200,218125,7364,104996,4854,210761,17230,8320,8910
35205,218156,7366,105014,4856,210790,17234,8321,8913
35210,218187,7368,105033,4858,210819,17237,8323,8914
35215,218218,7370,105050,4859,210848,17240,8325,8915
35220,218249,7372,105063,4861,210877,17243,8327,8916
35225,218280,7373,105076,4861,210907,17247,8327,8920
35230,218311,7375,105090,4862,210936,17251,8330,8921
35235,218342,7376,105109,4863,210966,17254,8332,8922
35240,218373,7379,105128,4865,210994,17257,8333,8924
35245,218404,7379,105139,4865,211025,17260,8334,8926
35250,218435,7379,105153,4865,211056,17262,8334,8928
35255,218466,7379,105167,4865,211087,17265,8335,8930
35260,218497,7379,105182,4865,211118,17268,8336,8932
35265,218528,7379,105199,4865,211149,17272,8338,8934
35270,218559,7379,105217,4865,211180,17276,8342,8934
35275,218590,7379,105230,4865,211211,17279,8342,8937
35280,218621,7379,105246,4865,211242,17282,8343,8939
35285,218652,7379,105259,4865,211273,17284,8343,8941
35290,218683,7379,105271,4865,211304,17286,8343,8943
35295,218714,7379,105282,4865,211335,17288,8345,8943
35300,218745,7380,105293,4866,211365,17290,8346,8944
35305,218776,7382,105307,4868,211394,17293,8347,8946
35310,218807,7384,105322,4870,211423,17296,8348,8948
35315,218838,7386,105338,4871,211452,17299,8349,8950
35320,218869,7387,105349,4871,211482,17302,8349,8953
35325,218900,7388,105365,4872,211511,17305,8350,8955
35330,218931,7390,105383,4874,211541,17309,8353,8956
35335,218962,7391,105401,4875,211571,17314,8356,8958
35340,218993,7392,105417,4875,211600,17319,8359,8960
35345,219024,7395,105433,4877,211629,17322,8360,8962
35350,219055,7398,105449,4878,211657,17325,8361,8964
35355,219086,7401,105462,4880,211685,17329,8362,8967
35360,219117,7405,105480,4884,211711,17333,8364,8969
35365,219148,7408,105494,4886,211740,17337,8366,8971
35370,219179,7412,105510,4889,211766,17341,8366,8975
35375,219210,7416,105524,4893,211794,17344,8366,8978
35380,219241,7417,105536,4893,211824,17347,8368,8979
35385,219272,7419,105552,4895,211853,17350,8369,8981
35390,219303,7421,105569,4897,211882,17353,8370,8983
35395,219334,7422,105582,4898,211912,17355,8370,8985
35400,219365,7424,105599,4899,211941,17357,8370,8987
35405,219396,7425,105620,4900,211971,17358,8371,8987
35410,219427,7426,105632,4900,212001,17359,8372,8987
35415,219458,7427,105644,4901,212031,17360,8373,8987
35420,219489,7428,105659,4901,212061,17361,8373,8988
35425,219520,7429,105678,4901,212091,17362,8374,8988
35430,219551,7430,105696,4902,212121,17363,8375,8988
35435,219582,7431,105708,4902,212151,17364,8376,8988
35440,219613,7432,105724,4903,212181,17366,8378,8988
35445,219644,7434,105741,4904,212210,17369,8380,8989
35450,219675,7436,105750,4905,212239,17372,8381,8991
35455,219706,7437,105765,4906,212269,17375,8381,8994
35460,219737,7437,105775,4906,212300,17378,8382,8996
35465,219768,7438,105787,4906,212330,17379,8382,8997
35470,219799,7439,105807,4906,212360,17380,8382,8998
35475,219830,7440,105827,4906,212390,17382,8383,8999
35480,219861,7441,105842,4906,212420,17384,8384,9000
35485,219892,7442,105855,4907,212450,17386,8384,9002
35490,219923,7443,105868,4907,212480,17388,8385,9003
35495,219954,7444,105886,4907,212510,17390,8387,9003
35500,219985,7446,105901,4909,212539,17392,8388,9004
35505,220016,7448,105912,4910,212568,17395,8390,9005
35510,220047,7450,105923,4912,212597,17398,8392,9006
35515,220078,7453,105939,4915,212625,17400,8394,9006
35520,220109,7455,105954,4916,212654,17402,8396,9006
35525,220140,7455,105971,4916,212685,17404,8398,9006
35530,220171,7455,105984,4916,212716,17406,8398,9008
35535,220202,7455,106000,4916,212747,17408,8399,9009
35540,220233,7455,106016,4916,212778,17410,8401,9009
35545,220264,7455,106032,4916,212809,17412,8403,9009
35550,220295,7455,106049,4916,212840,17414,8404,9010
35555,220326,7455,106062,4916,212871,17416,8405,9011
35560,220357,7456,106081,4917,212901,17418,8405,9013
35565,220388,7457,106096,4917,212931,17421,8406,9015
35570,220419,7459,106113,4919,212960,17425,8408,9017
35575,220450,7460,106129,4919,212990,17429,8410,9019
35580,220481,7462,106145,4920,213019,17433,8412,9021
35585,220512,7462,106163,4920,213050,17434,8412,9022
35590,220543,7462,106178,4920,213081,17435,8412,9023
35595,220574,7462,106191,4920,213112,17436,8412,9024
35600,220605,7462,106205,4920,213143,17437,8413,9024
35605,220636,7462,106221,4920,213174,17438,8413,9025
35610,220667,7462,106233,4920,213205,17439,8413,9026
35615,220698,7462,106246,4920,213236,17440,8413,9027
35620,220729,7462,106259,4920,213267,17443,8415,9028
35625,220760,7462,106276,4920,213298,17446,8417,9029
35630,220791,7464,106293,4921,213327,17448,8419,9029
35635,220822,7465,106304,4922,213357,17450,8419,9031
35640,220853,7468,106317,4924,213385,17451,8419,9032
35645,220884,7471,106334,4927,213412,17453,8420,9033
35650,220915,7475,106351,4931,213439,17455,8422,9033
35655,220946,7479,106363,4934,213467,17457,8423,9034
35660,220977,7482,106377,4935,213495,17459,8423,9036
35665,221008,7483,106393,4936,213525,17461,8423,9038
35670,221039,7483,106410,4936,213556,17463,8424,9039
35675,221070,7483,106422,4936,213587,17465,8424,9041
35680,221101,7483,106441,4936,213618,17467,8426,9041
35685,221132,7483,106461,4936,213649,17469,8427,9042
35690,221163,7483,106476,4936,213680,17472,8429,9043
35695,221194,7483,106490,4936,213711,17475,8431,9044
35700,221225,7483,106510,4936,213742,17478,8433,9045
35705,221256,7483,106526,4936,213773,17480,8433,9047
35710,221287,7483,106544,4936,213804,17482,8434,9048
35715,221318,7483,106561,4936,213835,17484,8436,9048
35720,221349,7483,106578,4936,213866,17486,8436,9050
35725,221380,7483,106592,4936,213897,17488,8437,9051
35730,221411,7483,106603,4936,213928,17490,8437,9053
35735,221442,7483,106621,4936,213959,17492,8439,9053
35740,221473,7483,106637,4936,213990,17495,8442,9053
35745,221504,7483,106651,4936,214021,17499,8444,9055
35750,221535,7483,106669,4936,214052,17503,8447,9056
35755,221566,7483,106682,4936,214083,17506,8447,9059
35760,221597,7483,106697,4936,214114,17508,8448,9060
35765,221628,7485,106711,4937,214143,17509,8448,9061
35770,221659,7488,106728,4939,214170,17510,8448,9062
35775,221690,7493,106744,4944,214197,17511,8449,9062
35780,221721,7496,106758,4945,214225,17512,8449,9063
35785,221752,7498,106773,4947,214254,17513,8449,9064
35790,221783,7501,106789,4949,214281,17514,8449,9065
35795,221814,7505,106807,4953,214309,17516,8449,9067
35800,221845,7508,106818,4954,214337,17518,8450,9068
35805,221876,7511,106830,4957,214365,17521,8452,9069
35810,221907,7513,106843,4958,214394,17524,8452,9072
35815,221938,7514,106858,4958,214424,17527,8453,9074
35820,221969,7516,106872,4959,214453,17530,8454,9076
35825,222000,7517,106883,4959,214483,17532,8455,9077
35830,222031,7519,106898,4960,214512,17533,8455,9078
35835,222062,7520,106911,4960,214542,17534,8455,9079
35840,222093,7522,106923,4961,214571,17535,8456,9079
35845,222124,7524,106935,4962,214600,17536,8456,9080
35850,222155,7526,106951,4963,214629,17537,8456,9081
35855,222186,7528,106968,4965,214658,17538,8457,9081
35860,222217,7528,106984,4965,214689,17539,8457,9082
35865,222248,7528,107000,4965,214720,17540,8457,9083
35870,222279,7528,107017,4965,214751,17542,8458,9084
35875,222310,7528,107030,4965,214782,17544,8458,9086
35880,222341,7528,107045,4965,214813,17546,8459,9087
35885,222372,7531,107066,4968,214841,17548,8461,9087
35890,222403,7531,107079,4968,214872,17550,8462,9088
35895,222434,7531,107091,4968,214903,17552,8463,9089
35900,222465,7531,107107,4968,214934,17554,8464,9090
35905,222496,7531,107119,4968,214965,17556,8464,9092
35910,222527,7531,107137,4968,214996,17558,8465,9093
35915,222558,7531,107152,4968,215027,17560,8465,9095
35920,222589,7531,107167,4968,215058,17562,8466,9096
35925,222620,7531,107183,4968,215089,17564,8468,9096
35930,222651,7531,107200,4968,215120,17569,8469,9100
35935,222682,7531,107215,4968,215151,17575,8471,9104
35940,222713,7531,107231,4968,215182,17580,8473,9107
35945,222744,7531,107248,4968,215213,17582,8475,9107
35950,222775,7531,107265,4968,215244,17584,8476,9108
35955,222806,7531,107281,4968,215275,17586,8478,9108
35960,222837,7531,107293,4968,215306,17588,8479,9109
35965,222868,7531,107306,4968,215337,17590,8480,9110
35970,222899,7531,107316,4968,215368,17592,8480,9112
35975,222930,7531,107330,4968,215399,17594,8480,9114
35980,222961,7531,107343,4968,215430,17596,8480,9116
35985,222992,7531,107357,4968,215461,17599,8481,9118
35990,223023,7532,107373,4969,215490,17601,8482,9119
35995,223054,7536,107389,4972,215517,17603,8483,9120
36000,223085,7540,107406,4974,215544,17605,8484,9121
36005,223116,7543,107427,4976,215573,17607,8485,9122
36010,223147,7544,107440,4977,215603,17609,8486,9123
36015,223178,7546,107453,4978,215632,17611,8487,9124
36020,223209,7547,107470,4979,215662,17613,8488,9125
36025,223240,7549,107485,4980,215691,17615,8489,9126
36030,223271,7550,107500,4980,215721,17617,8490,9127
36035,223302,7552,107512,4981,215750,17619,8492,9127
36040,223333,7554,107525,4982,215779,17622,8493,9129
36045,223364,7554,107543,4982,215810,17627,8494,9133
36050,223395,7554,107561,4982,215841,17632,8497,9135
36055,223426,7554,107577,4982,215872,17635,8498,9137
36060,223457,7554,107589,4982,215903,17637,8499,9138
36065,223488,7554,107603,4982,215934,17639,8499,9140
36070,223519,7554,107614,4982,215965,17641,8501,9140
36075,223550,7554,107627,4982,215996,17643,8503,9140
36080,223581,7554,107636,4982,216027,17645,8504,9141
36085,223612,7554,107655,4982,216058,17647,8505,9142
36090,223643,7554,107670,4982,216089,17649,8507,9142
36095,223674,7554,107682,4982,216120,17651,8507,9144
36100,223705,7554,107701,4982,216151,17653,8507,9146
36105,223736,7554,107719,4982,216182,17656,8508,9148
36110,223767,7555,107731,4982,216212,17660,8509,9151
36115,223798,7557,107748,4983,216241,17664,8512,9152
36120,223829,7558,107763,4984,216271,17668,8514,9154
36125,223860,7560,107779,4985,216299,17671,8515,9156
36130,223891,7562,107790,4986,216329,17674,8516,9158
36135,223922,7564,107807,4988,216357,17677,8517,9160
36140,223953,7566,107817,4989,216387,17680,8517,9163
36145,223984,7568,107831,4990,216415,17683,8517,9166
36150,224015,7571,107852,4992,216444,17685,8519,9166
36155,224046,7573,107867,4994,216473,17688,8521,9167
36160,224077,7575,107883,4995,216502,17693,8523,9170
36165,224108,7576,107896,4996,216532,17698,8526,9172
36170,224139,7577,107907,4996,216562,17702,8527,9175
36175,224170,7579,107921,4997,216591,17706,8529,9177
36180,224201,7580,107936,4997,216621,17709,8531,9178
36185,224232,7581,107948,4997,216651,17711,8532,9179
36190,224263,7582,107959,4997,216681,17713,8533,9180
36195,224294,7583,107975,4997,216711,17715,8535,9180
36200,224325,7584,107991,4998,216741,17717,8536,9181
36205,224356,7585,108008,4999,216771,17719,8536,9183
36210,224387,7586,108021,5000,216801,17721,8537,9184
36215,224418,7587,108033,5000,216831,17723,8538,9185
36220,224449,7588,108047,5001,216861,17725,8540,9185
36225,224480,7590,108063,5003,216890,17727,8541,9186
36230,224511,7591,108074,5003,216920,17729,8542,9187
36235,224542,7592,108090,5003,216950,17731,8544,9187
36240,224573,7593,108104,5004,216980,17733,8544,9189
36245,224604,7594,108122,5005,217010,17734,8544,9190
36250,224635,7596,108137,5007,217039,17735,8545,9190
36255,224666,7599,108149,5010,217066,17737,8545,9192
36260,224697,7603,108166,5014,217093,17740,8546,9194
36265,224728,7605,108179,5016,217122,17742,8547,9195
36270,224759,7608,108190,5018,217151,17745,8550,9195
36275,224790,7610,108205,5019,217180,17748,8551,9197
36280,224821,7613,108222,5021,217208,17751,8553,9198
36285,224852,7614,108233,5021,217238,17756,8554,9202
36290,224883,7616,108245,5023,217267,17760,8555,9205
36295,224914,7618,108262,5025,217296,17763,8556,9207
36300,224945,7619,108276,5026,217326,17766,8558,9208
36305,224976,7621,108291,5027,217355,17767,8558,9209
36310,225007,7621,108306,5027,217386,17768,8559,9209
36315,225038,7621,108325,5027,217417,17769,8560,9209
36320,225069,7621,108342,5027,217448,17769,8560,9209
36325,225100,7621,108359,5027,217479,17769,8560,9209
36330,225131,7621,108377,5027,217510,17769,8560,9209
36335,225162,7621,108387,5027,217541,17769,8560,9209
36340,225193,7621,108402,5027,217572,17769,8560,9209
36345,225224,7621,108414,5027,217603,17770,8561,9209
36350,225255,7621,108428,5027,217634,17771,8561,9210
36355,225286,7621,108446,5027,217665,17772,8562,9210
36360,225317,7621,108456,5027,217696,17773,8562,9211
36365,225348,7621,108472,5027,217727,17774,8562,9212
36370,225379,7622,108490,5027,217757,17775,8563,9212
36375,225410,7623,108501,5028,217787,17776,8563,9213
36380,225441,7625,108519,5030,217816,17777,8564,9213
36385,225472,7626,108529,5031,217846,17778,8564,9214
36390,225503,7628,108542,5033,217875,17779,8564,9215
36395,225534,7630,108554,5035,217904,17780,8565,9215
36400,225565,7631,108567,5035,217934,17782,8566,9216
36405,225596,7633,108582,5036,217963,17784,8566,9218
36410,225627,7636,108602,5039,217991,17789,8570,9219
36415,225658,7642,108621,5043,218016,17793,8570,9223
36420,225689,7646,108633,5046,218043,17797,8572,9225
36425,225720,7646,108654,5046,218074,17799,8574,9225
36430,225751,7646,108674,5046,218105,17801,8576,9225
36435,225782,7646,108687,5046,218136,17803,8577,9226
36440,225813,7646,108704,5046,218167,17805,8578,9227
36445,225844,7646,108718,5046,218198,17807,8579,9228
36450,225875,7646,108730,5046,218229,17809,8580,9229
36455,225906,7646,108744,5046,218260,17811,8580,9231
36460,225937,7646,108761,5046,218291,17813,8581,9232
36465,225968,7646,108774,5046,218322,17815,8583,9232
36470,225999,7646,108790,5046,218353,17817,8584,9233
36475,226030,7646,108807,5046,218384,17819,8585,9234
36480,226061,7646,108821,5046,218415,17821,8586,9235
36485,226092,7646,108836,5046,218446,17823,8587,9236
36490,226123,7646,108853,5046,218477,17825,8587,9238
36495,226154,7646,108869,5046,218508,17827,8588,9239
36500,226185,7646,108884,5046,218539,17829,8589,9240
36505,226216,7646,108901,5046,218570,17831,8591,9240
36510,226247,7646,108921,5046,218601,17833,8592,9241
36515,226278,7646,108935,5046,218632,17835,8593,9242
36520,226309,7646,108954,5046,218663,17837,8594,9243
36525,226340,7646,108969,5046,218694,17840,8594,9246
36530,226371,7648,108987,5048,218722,17844,8596,9248
36535,226402,7651,109001,5050,218751,17847,8597,9250
36540,226433,7654,109012,5051,218779,17849,8597,9252
36545,226464,7659,109033,5056,218805,17852,8599,9253
36550,226495,7660,109046,5057,218835,17854,8599,9255
36555,226526,7662,109065,5059,218864,17856,8601,9255
36560,226557,7664,109082,5061,218893,17858,8602,9256
36565,226588,7664,109094,5061,218924,17860,8603,9257
36570,226619,7664,109112,5061,218955,17862,8605,9257
36575,226650,7664,109128,5061,218986,17865,8606,9259
36580,226681,7664,109146,5061,219017,17867,8606,9261
36585,226712,7664,109162,5061,219048,17869,8607,9262
36590,226743,7664,109180,5061,219079,17871,8608,9263
36595,226774,7664,109196,5061,219110,17873,8609,9264
36600,226805,7664,109212,5061,219141,17875,8611,9264
36605,226836,7664,109227,5061,219172,17878,8613,9265
36610,226867,7664,109236,5061,219203,17881,8614,9267
36615,226898,7664,109242,5061,219234,17884,8614,9270
36620,226929,7664,109261,5061,219265,17886,8614,9272
36625,226960,7664,109273,5061,219296,17888,8615,9273
36630,226991,7664,109290,5061,219327,17890,8615,9275
36635,227022,7664,109305,5061,219358,17893,8617,9276
36640,227053,7664,109321,5061,219389,17896,8619,9277
36645,227084,7664,109331,5061,219420,17899,8619,9280
36650,227115,7664,109346,5061,219451,17902,8620,9282
36655,227146,7665,109368,5061,219481,17904,8621,9283
36660,227177,7667,109386,5063,219510,17906,8622,9284
36665,227208,7669,109403,5065,219539,17908,8623,9285
36670,227239,7671,109414,5066,219568,17910,8624,9286
36675,227270,7673,109430,5068,219597,17912,8625,9287
36680,227301,7677,109444,5071,219624,17914,8626,9288
36685,227332,7681,109460,5073,219651,17916,8628,9288
36690,227363,7686,109472,5078,219677,17918,8629,9289
36695,227394,7689,109486,5081,219705,17920,8631,9289
36700,227425,7693,109495,5084,219732,17922,8631,9291
36705,227456,7696,109514,5087,219760,17924,8632,9292
36710,227487,7698,109526,5088,219789,17926,8633,9293
36715,227518,7703,109540,5092,219815,17928,8634,9294
36720,227549,7704,109559,5093,219845,17931,8636,9295
36725,227580,7706,109577,5095,219874,17934,8638,9296
36730,227611,7707,109592,5096,219904,17937,8639,9298
36735,227642,7708,109601,5096,219934,17940,8640,9300
36740,227673,7710,109619,5097,219963,17943,8642,9301
36745,227704,7710,109632,5097,219994,17946,8642,9304
36750,227735,7710,109646,5097,220025,17948,8643,9305
36755,227766,7710,109661,5097,220056,17951,8644,9307
36760,227797,7710,109676,5097,220087,17954,8645,9309
36765,227828,7710,109688,5097,220118,17957,8646,9311
36770,227859,7710,109708,5097,220149,17961,8649,9312
36775,227890,7710,109722,5097,220180,17965,8651,9314
36780,227921,7710,109735,5097,220211,17969,8654,9315
36785,227952,7712,109750,5099,220240,17972,8656,9316
36790,227983,7714,109763,5100,220269,17975,8657,9318
36795,228014,7715,109778,5101,220299,17978,8659,9319
36800,228045,7715,109792,5101,220330,17980,8659,9321
36805,228076,7715,109808,5101,220361,17982,8660,9322
36810,228107,7715,109824,5101,220392,17984,8661,9323
36815,228138,7715,109841,5101,220423,17986,8662,9324
36820,228169,7716,109856,5102,220453,17988,8662,9326
36825,228200,7717,109875,5103,220483,17990,8664,9326
36830,228231,7718,109888,5103,220513,17992,8665,9327
36835,228262,7719,109900,5103,220543,17994,8666,9328
36840,228293,7721,109916,5105,220572,17996,8667,9329
36845,228324,7722,109931,5105,220602,17999,8668,9331
36850,228355,7724,109944,5107,220631,18003,8670,9333
36855,228386,7725,109957,5108,220661,18007,8672,9335
36860,228417,7727,109976,5110,220690,18010,8673,9337
36865,228448,7730,109993,5113,220718,18013,8676,9337
36870,228479,7731,110006,5113,220748,18016,8677,9339
36875,228510,7733,110024,5115,220777,18019,8678,9341
36880,228541,7735,110036,5116,220806,18022,8680,9342
36885,228572,7735,110055,5116,220837,18025,8683,9342
36890,228603,7735,110065,5116,220868,18028,8685,9343
36895,228634,7735,110078,5116,220899,18031,8686,9345
36900,228665,7736,110088,5116,220929,18034,8686,9348
36905,228696,7737,110099,5116,220959,18038,8689,9349
36910,228727,7740,110114,5118,220987,18042,8691,9351
36915,228758,7742,110131,5120,221016,18045,8693,9352
36920,228789,7744,110143,5122,221045,18048,8695,9353
36925,228820,7747,110155,5124,221073,18051,8695,9356
36930,228851,7749,110166,5125,221102,18054,8696,9358
36935,228882,7750,110179,5126,221132,18057,8698,9359
36940,228913,7752,110194,5127,221161,18060,8700,9360
36945,228944,7754,110209,5128,221190,18063,8702,9361
36950,228975,7754,110221,5128,221221,18066,8703,9363
36955,229006,7754,110235,5128,221252,18069,8703,9366
36960,229037,7754,110251,5128,221283,18072,8705,9367
36965,229068,7757,110266,5130,221311,18075,8705,9370
36970,229099,7759,110281,5132,221340,18078,8706,9372
36975,229130,7760,110293,5132,221370,18080,8708,9372
36980,229161,7761,110310,5132,221400,18082,8710,9372
36985,229192,7764,110324,5134,221428,18085,8712,9373
36990,229223,7766,110341,5136,221457,18088,8714,9374
36995,229254,7768,110355,5137,221486,18091,8714,9377
37000,229285,7769,110368,5138,221516,18093,8714,9379
37005,229316,7769,110387,5138,221547,18094,8715,9379
37010,229347,7769,110403,5138,221578,18095,8716,9379
37015,229378,7769,110417,5138,221609,18097,8716,9381
37020,229409,7769,110435,5138,221640,18099,8717,9382
37025,229440,7769,110448,5138,221671,18101,8718,9383
37030,229471,7769,110459,5138,221702,18102,8718,9384
37035,229502,7769,110478,5138,221733,18103,8718,9385
37040,229533,7769,110493,5138,221764,18104,8719,9385
37045,229564,7769,110507,5138,221795,18105,8719,9386
37050,229595,7769,110517,5138,221826,18106,8719,9387
37055,229626,7770,110535,5139,221856,18107,8720,9387
37060,229657,7772,110549,5141,221885,18108,8721,9387
37065,229688,7773,110565,5142,221915,18111,8724,9387
37070,229719,7775,110583,5144,221944,18114,8726,9388
37075,229750,7777,110596,5145,221973,18117,8727,9390
37080,229781,7779,110611,5146,222002,18121,8729,9392
37085,229812,7781,110625,5148,222031,18125,8730,9395
37090,229843,7782,110641,5148,222061,18129,8732,9397
37095,229874,7784,110656,5149,222090,18132,8733,9399
37100,229905,7786,110673,5150,222119,18135,8734,9401
37105,229936,7788,110685,5151,222148,18139,8736,9403
37110,229967,7790,110696,5153,222177,18143,8736,9407
37115,229998,7791,110710,5154,222207,18147,8737,9410
37120,230029,7792,110727,5154,222237,18150,8738,9412
37125,230060,7793,110743,5154,222267,18153,8739,9414
37130,230091,7795,110761,5156,222296,18156,8741,9415
37135,230122,7798,110776,5158,222324,18159,8743,9416
37140,230153,7801,110789,5160,222352,18163,8744,9419
37145,230184,7803,110805,5160,222381,18164,8745,9419
37150,230215,7806,110817,5161,222409,18165,8745,9420
37155,230246,7808,110832,5161,222438,18166,8745,9421
37160,230277,7809,110848,5161,222468,18167,8746,9421
37165,230308,7810,110864,5161,222498,18168,8746,9422
37170,230339,7811,110883,5161,222528,18169,8747,9422
37175,230370,7812,110897,5162,222558,18170,8748,9422
37180,230401,7813,110913,5162,222588,18171,8748,9423
37185,230432,7814,110926,5163,222618,18173,8749,9424
37190,230463,7815,110941,5163,222648,18175,8750,9425
37195,230494,7816,110959,5163,222678,18177,8751,9426
37200,230525,7817,110971,5163,222708,18179,8752,9427
37205,230556,7818,110986,5163,222738,18181,8754,9427
37210,230587,7819,111005,5164,222768,18183,8755,9428
37215,230618,7820,111016,5165,222798,18185,8756,9429
37220,230649,7821,111029,5165,222828,18187,8756,9431
37225,230680,7822,111045,5165,222858,18189,8758,9431
37230,230711,7823,111055,5165,222888,18191,8760,9431
37235,230742,7824,111071,5165,222918,18193,8761,9432
37240,230773,7825,111085,5166,222948,18195,8761,9434
37245,230804,7826,111099,5166,222978,18197,8762,9435
37250,230835,7828,111114,5167,223007,18199,8763,9436
37255,230866,7829,111128,5167,223037,18202,8765,9437
37260,230897,7830,111142,5168,223067,18206,8768,9438
37265,230928,7830,111164,5168,223098,18209,8770,9439
37270,230959,7830,111181,5168,223129,18212,8770,9442
37275,230990,7830,111198,5168,223160,18215,8772,9443
37280,231021,7830,111211,5168,223191,18217,8772,9445
37285,231052,7830,111229,5168,223222,18219,8772,9447
37290,231083,7830,111237,5168,223253,18221,8772,9449
37295,231114,7830,111251,5168,223284,18223,8772,9451
37300,231145,7830,111268,5168,223315,18225,8773,9452
37305,231176,7830,111281,5168,223346,18228,8774,9454
37310,231207,7830,111296,5168,223377,18231,8777,9454
37315,231238,7830,111309,5168,223408,18236,8779,9457
37320,231269,7830,111325,5168,223439,18241,8782,9459
37325,231300,7830,111341,5168,223470,18243,8783,9460
37330,231331,7830,111354,5168,223501,18245,8784,9461
37335,231362,7830,111367,5168,223532,18247,8784,9463
37340,231393,7830,111386,5168,223563,18249,8785,9464
37345,231424,7830,111401,5168,223594,18251,8786,9465
37350,231455,7830,111415,5168,223625,18253,8787,9466
37355,231486,7830,111434,5168,223656,18255,8788,9467
37360,231517,7830,111447,5168,223687,18257,8788,9469
37365,231548,7830,111462,5168,223718,18259,8789,9470
37370,231579,7832,111470,5169,223747,18261,8789,9472
37375,231610,7835,111479,5171,223775,18264,8790,9474
37380,231641,7839,111493,5173,223802,18267,8792,9475
37385,231672,7841,111505,5174,223831,18268,8792,9476
37390,231703,7842,111526,5175,223861,18268,8792,9476
37395,231734,7842,111538,5175,223892,18268,8792,9476
37400,231765,7842,111556,5175,223923,18268,8792,9476
37405,231796,7842,111570,5175,223954,18268,8792,9476
37410,231827,7842,111584,5175,223985,18268,8792,9476
37415,231858,7842,111600,5175,224016,18268,8792,9476
37420,231889,7842,111616,5175,224047,18268,8792,9476
37425,231920,7842,111633,5175,224078,18268,8792,9476
37430,231951,7842,111647,5175,224109,18270,8792,9478
37435,231982,7842,111663,5175,224140,18272,8792,9480
37440,232013,7842,111682,5175,224171,18274,8792,9482
37445,232044,7842,111697,5175,224202,18276,8794,9482
37450,232075,7842,111710,5175,224233,18277,8794,9483
37455,232106,7842,111724,5175,224264,18277,8794,9483
37460,232137,7842,111742,5175,224295,18277,8794,9483
37465,232168,7842,111760,5175,224326,18277,8794,9483
37470,232199,7842,111777,5175,224357,18277,8794,9483
37475,232230,7842,111789,5175,224388,18277,8794,9483
37480,232261,7842,111804,5175,224419,18277,8794,9483
37485,232292,7842,111819,5175,224450,18279,8796,9483
37490,232323,7843,111837,5175,224480,18282,8797,9485
37495,232354,7844,111850,5176,224509,18286,8799,9487
37500,232385,7849,111864,5180,224536,18290,8801,9489
37505,232416,7851,111879,5182,224565,18292,8802,9490
37510,232447,7853,111888,5183,224594,18294,8803,9491
37515,232478,7855,111897,5184,224623,18296,8803,9493
37520,232509,7857,111911,5185,224652,18298,8804,9494
37525,232540,7857,111929,5185,224683,18300,8805,9495
37530,232571,7857,111949,5185,224714,18302,8806,9496
37535,232602,7857,111961,5185,224745,18304,8806,9498
37540,232633,7857,111976,5185,224776,18306,8807,9499
37545,232664,7857,111996,5185,224807,18308,8807,9501
37550,232695,7857,112011,5185,224838,18311,8809,9502
37555,232726,7857,112027,5185,224869,18315,8811,9504
37560,232757,7857,112039,5185,224900,18319,8813,9506
37565,232788,7858,112056,5186,224930,18324,8815,9509
37570,232819,7860,112067,5187,224959,18329,8819,9510
37575,232850,7862,112088,5188,224988,18334,8823,9511
37580,232881,7864,112105,5190,225017,18339,8826,9513
37585,232912,7866,112117,5192,225046,18344,8826,9518
37590,232943,7866,112129,5192,225077,18348,8827,9521
37595,232974,7866,112143,5192,225108,18351,8828,9523
37600,233005,7866,112157,5192,225139,18354,8830,9524
37605,233036,7866,112168,5192,225170,18357,8831,9526
37610,233067,7866,112183,5192,225201,18360,8831,9529
37615,233098,7867,112194,5193,225231,18363,8832,9531
37620,233129,7868,112210,5194,225261,18365,8833,9532
37625,233160,7871,112222,5196,225289,18367,8833,9534
37630,233191,7874,112238,5198,225317,18369,8834,9535
37635,233222,7876,112249,5199,225346,18371,8835,9536
37640,233253,7878,112265,5200,225375,18373,8837,9536
37645,233284,7881,112280,5201,225403,18375,8837,9538
37650,233315,7884,112290,5204,225431,18377,8838,9539
37655,233346,7887,112305,5205,225459,18379,8839,9540
37660,233377,7890,112321,5206,225487,18381,8840,9541
37665,233408,7891,112335,5207,225517,18383,8842,9541
37670,233439,7892,112349,5207,225547,18385,8842,9543
37675,233470,7893,112363,5207,225577,18387,8843,9544
37680,233501,7894,112374,5207,225607,18389,8844,9545
37685,233532,7896,112387,5209,225636,18391,8844,9547
37690,233563,7897,112401,5209,225666,18393,8845,9548
37695,233594,7897,112414,5209,225697,18396,8847,9549
37700,233625,7897,112428,5209,225728,18400,8849,9551
37705,233656,7897,112438,5209,225759,18403,8851,9552
37710,233687,7897,112451,5209,225790,18406,8852,9554
37715,233718,7897,112463,5209,225821,18409,8853,9556
37720,233749,7897,112477,5209,225852,18411,8855,9556
37725,233780,7897,112492,5209,225883,18414,8857,9557
37730,233811,7897,112511,5209,225914,18418,8860,9558
37735,233842,7897,112523,5209,225945,18421,8862,9559
37740,233873,7897,112538,5209,225976,18423,8863,9560
37745,233904,7901,112560,5213,226003,18424,8864,9560
37750,233935,7903,112572,5215,226032,18425,8865,9560
37755,233966,7906,112589,5217,226060,18426,8866,9560
37760,233997,7909,112602,5219,226088,18427,8866,9561
37765,234028,7912,112619,5222,226116,18428,8866,9562
37770,234059,7916,112636,5225,226143,18429,8866,9563
37775,234090,7918,112649,5227,226172,18430,8866,9564
37780,234121,7919,112662,5227,226202,18431,8867,9564
37785,234152,7921,112678,5228,226231,18432,8867,9565
37790,234183,7923,112699,5230,226260,18433,8868,9565
37795,234214,7925,112716,5231,226289,18434,8869,9565
37800,234245,7926,112730,5232,226319,18435,8869,9566
37805,234276,7926,112743,5232,226350,18436,8869,9567
37810,234307,7926,112756,5232,226381,18437,8870,9567
37815,234338,7926,112772,5232,226412,18438,8870,9568
37820,234369,7926,112784,5232,226443,18440,8871,9569
37825,234400,7926,112795,5232,226474,18443,8872,9571
37830,234431,7926,112807,5232,226505,18446,8873,9573
37835,234462,7926,112817,5232,226536,18448,8873,9575
37840,234493,7926,112835,5232,226567,18451,8875,9576
37845,234524,7926,112843,5232,226598,18455,8876,9579
37850,234555,7926,112855,5232,226629,18459,8877,9582
37855,234586,7926,112872,5232,226660,18462,8880,9582
37860,234617,7926,112883,5232,226691,18464,8880,9584
37865,234648,7927,112900,5233,226721,18466,8882,9584
37870,234679,7928,112914,5233,226751,18468,8883,9585
37875,234710,7929,112930,5234,226781,18470,8885,9585
37880,234741,7930,112945,5234,226811,18472,8885,9587
37885,234772,7932,112962,5236,226840,18473,8885,9588
37890,234803,7933,112969,5236,226870,18474,8885,9589
37895,234834,7935,112981,5238,226899,18475,8886,9589
37900,234865,7937,112996,5239,226928,18476,8886,9590
37905,234896,7939,113012,5240,226957,18477,8886,9591
37910,234927,7942,113023,5242,226985,18478,8887,9591
37915,234958,7945,113042,5244,227013,18479,8888,9591
37920,234989,7948,113058,5246,227041,18480,8889,9591
37925,235020,7951,113069,5248,227069,18483,8890,9593
37930,235051,7953,113086,5249,227098,18485,8891,9594
37935,235082,7953,113099,5249,227129,18487,8891,9596
37940,235113,7953,113113,5249,227160,18490,8892,9598
37945,235144,7953,113128,5249,227191,18493,8895,9598
37950,235175,7953,113143,5249,227222,18496,8897,9599
37955,235206,7953,113160,5249,227253,18499,8900,9599
37960,235237,7953,113174,5249,227284,18503,8901,9602
37965,235268,7953,113183,5249,227315,18507,8902,9605
37970,235299,7953,113197,5249,227346,18510,8903,9607
37975,235330,7953,113211,5249,227377,18513,8905,9608
37980,235361,7953,113228,5249,227408,18518,8908,9610
37985,235392,7954,113243,5250,227437,18522,8911,9611
37990,235423,7955,113254,5251,227468,18524,8912,9612
37995,235454,7955,113267,5251,227499,18526,8913,9613
38000,235485,7955,113281,5251,227530,18528,8914,9614
38005,235516,7955,113296,5251,227561,18531,8916,9615
38010,235547,7955,113310,5251,227592,18534,8917,9617
38015,235578,7955,113323,5251,227623,18536,8918,9618
38020,235609,7955,113335,5251,227654,18538,8919,9619
38025,235640,7955,113353,5251,227685,18540,8920,9620
38030,235671,7955,113365,5251,227716,18542,8921,9621
38035,235702,7956,113387,5252,227746,18544,8922,9622
38040,235733,7957,113400,5253,227776,18546,8922,9624
38045,235764,7960,113418,5256,227804,18547,8922,9625
38050,235795,7963,113430,5258,227832,18548,8922,9626
38055,235826,7966,113449,5260,227860,18549,8923,9626
38060,235857,7970,113467,5263,227887,18549,8923,9626
38065,235888,7974,113478,5266,227914,18549,8923,9626
38070,235919,7976,113496,5268,227943,18549,8923,9626
38075,235950,7978,113515,5268,227972,18549,8923,9626
38080,235981,7980,113529,5269,228001,18549,8923,9626
38085,236012,7983,113547,5272,228029,18550,8924,9626
38090,236043,7984,113557,5272,228059,18551,8924,9627
38095,236074,7985,113571,5272,228089,18552,8925,9627
38100,236105,7985,113586,5272,228120,18553,8926,9627
38105,236136,7985,113605,5272,228151,18554,8926,9628
38110,236167,7985,113622,5272,228182,18556,8927,9629
38115,236198,7985,113638,5272,228213,18557,8927,9630
38120,236229,7985,113655,5272,228244,18558,8927,9631
38125,236260,7985,113668,5272,228275,18559,8928,9631
38130,236291,7985,113681,5272,228306,18559,8928,9631
38135,236322,7985,113697,5272,228337,18559,8928,9631
38140,236353,7985,113711,5272,228368,18559,8928,9631
38145,236384,7985,113724,5272,228399,18559,8928,9631
38150,236415,7985,113743,5272,228430,18561,8929,9632
38155,236446,7985,113756,5272,228461,18563,8930,9633
38160,236477,7985,113774,5272,228492,18565,8931,9634
38165,236508,7985,113791,5272,228523,18567,8932,9635
38170,236539,7985,113803,5272,228554,18569,8932,9637
38175,236570,7985,113819,5272,228585,18571,8934,9637
38180,236601,7985,113833,5272,228616,18573,8935,9638
38185,236632,7985,113846,5272,228647,18575,8936,9639
38190,236663,7986,113858,5273,228677,18578,8939,9639
38195,236694,7987,113874,5274,228707,18581,8939,9642
38200,236725,7988,113890,5275,228737,18584,8942,9642
38205,236756,7991,113905,5276,228765,18587,8944,9643
38210,236787,7995,113919,5279,228792,18592,8946,9646
38215,236818,7999,113938,5282,228819,18599,8949,9650
38220,236849,8003,113951,5285,228846,18606,8953,9653
38225,236880,8004,113959,5285,228876,18608,8953,9655
38230,236911,8004,113974,5285,228907,18610,8954,9656
38235,236942,8004,113993,5285,228938,18612,8954,9658
38240,236973,8004,114010,5285,228969,18614,8955,9659
38245,237004,8004,114026,5285,229000,18616,8956,9660
38250,237035,8004,114042,5285,229031,18618,8957,9661
38255,237066,8004,114061,5285,229062,18620,8957,9663
38260,237097,8004,114077,5285,229093,18622,8957,9665
38265,237128,8004,114093,5285,229124,18624,8958,9666
38270,237159,8004,114105,5285,229155,18626,8958,9668
38275,237190,8004,114117,5285,229186,18628,8958,9670
38280,237221,8004,114126,5285,229217,18630,8959,9671
38285,237252,8004,114138,5285,229248,18632,8959,9673
38290,237283,8004,114157,5285,229279,18634,8960,9674
38295,237314,8004,114173,5285,229310,18636,8961,9675
38300,237345,8004,114182,5285,229341,18638,8961,9677
38305,237376,8004,114196,5285,229372,18640,8963,9677
38310,237407,8004,114208,5285,229403,18642,8964,9678
38315,237438,8004,114222,5285,229434,18644,8965,9679
38320,237469,8004,114239,5285,229465,18646,8965,9681
38325,237500,8004,114254,5285,229496,18648,8966,9682
38330,237531,8007,114266,5286,229524,18654,8969,9685
38335,237562,8010,114279,5287,229552,18660,8971,9689
38340,237593,8012,114289,5288,229581,18665,8972,9693
38345,237624,8015,114306,5290,229609,18667,8973,9694
38350,237655,8015,114326,5290,229640,18669,8974,9695
38355,237686,8015,114341,5290,229671,18671,8974,9697
38360,237717,8015,114355,5290,229702,18673,8975,9698
38365,237748,8015,114369,5290,229733,18675,8977,9698
38370,237779,8015,114389,5290,229764,18677,8979,9698
38375,237810,8015,114405,5290,229795,18679,8979,9700
38380,237841,8015,114419,5290,229826,18681,8980,9701
38385,237872,8015,114436,5290,229857,18683,8981,9702
38390,237903,8015,114452,5290,229888,18685,8982,9703
38395,237934,8015,114468,5290,229919,18687,8983,9704
38400,237965,8015,114485,5290,229950,18689,8984,9705
38405,237996,8015,114498,5290,229981,18692,8984,9708
38410,238027,8015,114515,5290,230012,18695,8987,9708
38415,238058,8015,114527,5290,230043,18698,8988,9710
38420,238089,8015,114539,5290,230074,18701,8988,9713
38425,238120,8015,114553,5290,230105,18704,8989,9715
38430,238151,8015,114565,5290,230136,18707,8990,9717
38435,238182,8015,114583,5290,230167,18710,8992,9718
38440,238213,8015,114598,5290,230198,18714,8994,9720
38445,238244,8015,114616,5290,230229,18718,8995,9723
38450,238275,8016,114629,5290,230259,18723,8999,9724
38455,238306,8020,114643,5294,230285,18728,8999,9729
38460,238337,8025,114657,5297,230311,18731,9002,9729
38465,238368,8026,114672,5298,230342,18732,9002,9730
38470,238399,8026,114685,5298,230373,18733,9002,9731
38475,238430,8026,114696,5298,230404,18734,9002,9732
38480,238461,8026,114710,5298,230435,18735,9003,9732
38485,238492,8026,114721,5298,230466,18736,9004,9732
38490,238523,8026,114739,5298,230497,18737,9004,9733
38495,238554,8026,114754,5298,230528,18738,9004,9734
38500,238585,8026,114767,5298,230559,18739,9005,9734
38505,238616,8026,114781,5298,230590,18740,9006,9734
38510,238647,8026,114793,5298,230621,18741,9007,9734
38515,238678,8026,114809,5298,230652,18742,9007,9735
38520,238709,8026,114824,5298,230683,18743,9008,9735
38525,238740,8027,114838,5298,230713,18745,9010,9735
38530,238771,8029,114853,5300,230742,18747,9011,9736
38535,238802,8032,114866,5302,230770,18749,9012,9737
38540,238833,8034,114878,5303,230799,18751,9013,9738
38545,238864,8036,114892,5305,230828,18753,9014,9739
38550,238895,8038,114907,5306,230857,18756,9015,9741
38555,238926,8039,114924,5306,230887,18758,9017,9741
38560,238957,8039,114941,5306,230918,18762,9021,9741
38565,238988,8039,114956,5306,230949,18767,9025,9742
38570,239019,8041,114970,5307,230978,18772,9025,9747
38575,239050,8042,114986,5307,231008,18775,9028,9747
38580,239081,8044,115001,5308,231037,18778,9029,9749
38585,239112,8046,115014,5310,231066,18780,9030,9750
38590,239143,8047,115026,5311,231096,18781,9030,9751
38595,239174,8048,115041,5311,231126,18782,9031,9751
38600,239205,8049,115059,5311,231156,18783,9032,9751
38605,239236,8050,115070,5312,231186,18784,9032,9752
38610,239267,8051,115083,5312,231216,18785,9032,9753
38615,239298,8052,115098,5313,231246,18786,9032,9754
38620,239329,8054,115111,5314,231275,18787,9032,9755
38625,239360,8056,115125,5315,231304,18788,9032,9756
38630,239391,8058,115144,5316,231333,18789,9033,9756
38635,239422,8059,115155,5317,231363,18790,9033,9757
38640,239453,8061,115170,5318,231392,18791,9034,9757
38645,239484,8061,115189,5318,231423,18793,9035,9758
38650,239515,8061,115206,5318,231454,18795,9036,9759
38655,239546,8061,115224,5318,231485,18797,9038,9759
38660,239577,8061,115237,5318,231516,18799,9039,9760
38665,239608,8061,115258,5318,231547,18801,9041,9760
38670,239639,8061,115276,5318,231578,18803,9043,9760
38675,239670,8061,115287,5318,231609,18807,9046,9761
38680,239701,8061,115302,5318,231640,18811,9047,9764
38685,239732,8061,115316,5318,231671,18816,9051,9765
38690,239763,8063,115335,5319,231699,18821,9053,9768
38695,239794,8065,115352,5320,231728,18826,9057,9769
38700,239825,8067,115365,5321,231757,18830,9059,9771
38705,239856,8068,115377,5322,231788,18833,9061,9772
38710,239887,8068,115392,5322,231819,18836,9063,9773
38715,239918,8068,115406,5322,231850,18839,9065,9774
38720,239949,8068,115427,5322,231881,18842,9068,9774
38725,239980,8068,115441,5322,231912,18845,9070,9775
38730,240011,8068,115456,5322,231943,18848,9073,9775
38735,240042,8068,115475,5322,231974,18851,9076,9775
38740,240073,8068,115491,5322,232005,18854,9076,9778
38745,240104,8068,115502,5322,232036,18857,9077,9780
38750,240135,8068,115521,5322,232067,18860,9079,9781
38755,240166,8068,115529,5322,232098,18863,9081,9782
38760,240197,8068,115544,5322,232129,18866,9083,9783
38765,240228,8069,115562,5323,232158,18869,9085,9784
38770,240259,8071,115577,5324,232188,18872,9086,9786
38775,240290,8073,115596,5326,232217,18875,9088,9787
38780,240321,8075,115612,5327,232246,18878,9090,9788
38785,240352,8076,115628,5328,232276,18881,9093,9788
38790,240383,8077,115643,5329,232306,18886,9095,9791
38795,240414,8079,115655,5330,232335,18891,9097,9794
38800,240445,8080,115670,5330,232365,18896,9098,9798
38805,240476,8082,115689,5332,232394,18901,9102,9799
38810,240507,8083,115705,5333,232424,18905,9103,9802
38815,240538,8085,115722,5335,232453,18908,9105,9803
38820,240569,8086,115738,5336,232483,18911,9107,9804
38825,240600,8089,115751,5338,232511,18913,9109,9804
38830,240631,8093,115766,5342,232538,18915,9110,9805
38835,240662,8096,115780,5344,232566,18917,9112,9805
38840,240693,8099,115801,5347,232594,18919,9113,9806
38845,240724,8100,115812,5347,232624,18921,9114,9807
38850,240755,8100,115824,5347,232655,18923,9115,9808
38855,240786,8100,115839,5347,232686,18925,9116,9809
38860,240817,8100,115853,5347,232717,18927,9116,9811
38865,240848,8100,115871,5347,232748,18929,9118,9811
38870,240879,8100,115890,5347,232779,18931,9120,9811
38875,240910,8100,115902,5347,232810,18933,9122,9811
38880,240941,8100,115916,5347,232841,18935,9123,9812
38885,240972,8101,115935,5347,232871,18937,9124,9813
38890,241003,8102,115948,5347,232901,18939,9125,9814
38895,241034,8103,115965,5347,232931,18941,9127,9814
38900,241065,8104,115978,5347,232960,18943,9127,9816
38905,241096,8106,115995,5349,232989,18945,9128,9817
38910,241127,8108,116012,5351,233019,18947,9129,9818
38915,241158,8109,116027,5351,233048,18951,9130,9821
38920,241189,8111,116042,5352,233078,18956,9133,9823
38925,241220,8112,116059,5352,233107,18962,9136,9826
38930,241251,8115,116078,5355,233136,18966,9138,9828
38935,241282,8116,116091,5356,233166,18969,9139,9830
38940,241313,8116,116109,5356,233197,18972,9140,9832
38945,241344,8116,116124,5356,233228,18974,9142,9832
38950,241375,8116,116133,5356,233259,18976,9143,9833
38955,241406,8118,116148,5358,233288,18979,9144,9835
38960,241437,8120,116164,5360,233317,18982,9145,9837
38965,241468,8122,116181,5361,233346,18985,9147,9838
38970,241499,8124,116199,5363,233375,18988,9148,9840
38975,241530,8126,116215,5365,233404,18991,9151,9840
38980,241561,8129,116231,5367,233432,18994,9152,9842
38985,241592,8133,116241,5370,233459,18997,9152,9845
38990,241623,8136,116259,5372,233487,19000,9154,9846
38995,241654,8136,116274,5372,233518,19002,9155,9847
39000,241685,8136,116288,5372,233549,19004,9155,9849
39005,241716,8136,116305,5372,233580,19006,9156,9850
39010,241747,8136,116316,5372,233611,19008,9157,9851
39015,241778,8136,116335,5372,233642,19010,9159,9851
39020,241809,8136,116349,5372,233673,19012,9159,9853
39025,241840,8136,116362,5372,233704,19014,9160,9854
39030,241871,8136,116373,5372,233735,19016,9161,9855
39035,241902,8136,116387,5372,233766,19020,9163,9857
39040,241933,8137,116403,5372,233796,19025,9164,9861
39045,241964,8138,116418,5373,233826,19030,9166,9864
39050,241995,8139,116433,5374,233856,19034,9169,9865
39055,242026,8141,116446,5376,233884,19037,9170,9867
39060,242057,8143,116459,5377,233914,19039,9171,9868
39065,242088,8143,116475,5377,233945,19041,9172,9869
39070,242119,8143,116489,5377,233976,19043,9174,9869
39075,242150,8143,116503,5377,234007,19045,9175,9870
39080,242181,8143,116514,5377,234038,19047,9176,9871
39085,242212,8143,116530,5377,234069,19049,9177,9872
39090,242243,8143,116543,5377,234100,19051,9179,9872
39095,242274,8143,116558,5377,234131,19053,9181,9872
39100,242305,8144,116573,5377,234161,19055,9183,9872
39105,242336,8145,116584,5378,234191,19057,9183,9874
39110,242367,8146,116599,5379,234221,19059,9184,9875
39115,242398,8148,116615,5380,234250,19061,9184,9877
39120,242429,8150,116631,5382,234279,19063,9185,9878
39125,242460,8153,116649,5385,234307,19064,9185,9879
39130,242491,8156,116665,5388,234335,19065,9185,9880
39135,242522,8157,116675,5389,234365,19066,9185,9881
39140,242553,8157,116688,5389,234396,19067,9185,9882
39145,242584,8157,116699,5389,234427,19067,9185,9882
39150,242615,8157,116721,5389,234458,19067,9185,9882
39155,242646,8157,116735,5389,234489,19069,9186,9883
39160,242677,8157,116753,5389,234520,19072,9188,9884
39165,242708,8157,116767,5389,234551,19075,9190,9885
39170,242739,8158,116781,5389,234581,19078,9192,9886
39175,242770,8160,116799,5390,234610,19080,9192,9888
39180,242801,8161,116813,5391,234640,19083,9194,9889
39185,242832,8161,116829,5391,234671,19085,9194,9891
39190,242863,8161,116842,5391,234702,19086,9194,9892
39195,242894,8161,116858,5391,234733,19087,9195,9892
39200,242925,8161,116876,5391,234764,19088,9196,9892
39205,242956,8161,116893,5391,234795,19089,9197,9892
39210,242987,8161,116907,5391,234826,19090,9198,9892
39215,243018,8161,116922,5391,234857,19091,9199,9892
39220,243049,8161,116934,5391,234888,19092,9199,9893
39225,243080,8161,116951,5391,234919,19094,9199,9895
39230,243111,8161,116964,5391,234950,19096,9199,9897
39235,243142,8161,116977,5391,234981,19098,9199,9899
39240,243173,8162,116993,5392,235011,19100,9200,9900
39245,243204,8165,117006,5395,235039,19103,9201,9902
39250,243235,8167,117024,5397,235068,19106,9204,9902
39255,243266,8170,117040,5400,235096,19108,9204,9904
39260,243297,8172,117059,5401,235125,19110,9205,9905
39265,243328,8176,117074,5404,235152,19112,9206,9906
39270,243359,8179,117090,5407,235180,19114,9206,9908
39275,243390,8182,117107,5409,235208,19116,9206,9910
39280,243421,8184,117118,5410,235237,19118,9206,9912
39285,243452,8188,117135,5413,235264,19121,9207,9914
39290,243483,8191,117149,5415,235292,19126,9208,9918
39295,243514,8194,117166,5418,235320,19132,9211,9921
39300,243545,8197,117179,5420,235348,19137,9213,9924
39305,243576,8197,117192,5420,235379,19138,9213,9925
39310,243607,8197,117209,5420,235410,19139,9214,9925
39315,243638,8197,117223,5420,235441,19140,9215,9925
39320,243669,8197,117240,5420,235472,19141,9215,9926
39325,243700,8197,117253,5420,235503,19142,9215,9927
39330,243731,8197,117268,5420,235534,19143,9216,9927
39335,243762,8197,117285,5420,235565,19144,9217,9927
39340,243793,8197,117300,5420,235596,19145,9218,9927
39345,243824,8197,117311,5420,235627,19146,9219,9927
39350,243855,8197,117328,5420,235658,19147,9220,9927
39355,243886,8197,117347,5420,235689,19148,9220,9928
39360,243917,8197,117363,5420,235720,19149,9220,9929
39365,243948,8197,117379,5420,235751,19150,9221,9929
39370,243979,8197,117398,5420,235782,19151,9222,9929
39375,244010,8197,117413,5420,235813,19152,9223,9929
39380,244041,8197,117427,5420,235844,19153,9224,9929
39385,244072,8197,117440,5420,235875,19154,9225,9929
39390,244103,8197,117456,5420,235906,19155,9226,9929
39395,244134,8197,117468,5420,235937,19156,9227,9929
39400,244165,8197,117485,5420,235968,19157,9227,9930
39405,244196,8197,117501,5420,235999,19160,9228,9932
39410,244227,8199,117518,5421,236028,19165,9230,9935
39415,244258,8203,117532,5423,236054,19169,9232,9937
39420,244289,8208,117552,5427,236080,19172,9234,9938
39425,244320,8211,117566,5429,236109,19174,9235,9939
39430,244351,8212,117584,5430,236139,19176,9236,9940
39435,244382,8212,117600,5430,236170,19178,9236,9942
39440,244413,8212,117612,5430,236201,19180,9237,9943
39445,244444,8212,117626,5430,236232,19182,9239,9943
39450,244475,8212,117647,5430,236263,19184,9240,9944
39455,244506,8212,117658,5430,236294,19186,9240,9946
39460,244537,8212,117670,5430,236325,19188,9242,9946
39465,244568,8212,117685,5430,236356,19190,9243,9947
39470,244599,8212,117701,5430,236387,19192,9243,9949
39475,244630,8212,117716,5430,236418,19194,9245,9949
39480,244661,8212,117732,5430,236449,19196,9246,9950
39485,244692,8212,117752,5430,236480,19198,9247,9951
39490,244723,8212,117771,5430,236511,19200,9248,9952
39495,244754,8212,117782,5430,236542,19202,9249,9953
39500,244785,8212,117800,5430,236573,19204,9249,9955
39505,244816,8212,117816,5430,236604,19206,9250,9956
39510,244847,8212,117829,5430,236635,19209,9251,9958
39515,244878,8212,117838,5430,236666,19212,9253,9959
39520,244909,8212,117854,5430,236697,19216,9254,9962
39525,244940,8212,117870,5430,236728,19221,9258,9963
39530,244971,8213,117882,5430,236758,19226,9260,9966
39535,245002,8216,117897,5432,236785,19229,9261,9968
39540,245033,8221,117913,5436,236812,19231,9262,9969
39545,245064,8223,117925,5436,236841,19234,9264,9970
39550,245095,8226,117939,5437,236869,19237,9265,9972
39555,245126,8230,117953,5440,236896,19240,9267,9973
39560,245157,8234,117969,5442,236923,19243,9268,9975
39565,245188,8236,117985,5442,236952,19246,9269,9977
39570,245219,8238,117997,5443,236981,19249,9270,9979
39575,245250,8238,118010,5443,237012,19251,9272,9979
39580,245281,8238,118023,5443,237043,19253,9273,9980
39585,245312,8238,118041,5443,237074,19255,9275,9980
39590,245343,8238,118055,5443,237105,19257,9275,9982
39595,245374,8238,118073,5443,237136,19259,9276,9983
39600,245405,8238,118090,5443,237167,19261,9277,9984
39605,245436,8238,118104,5443,237198,19263,9278,9985
39610,245467,8238,118119,5443,237229,19265,9278,9987
39615,245498,8238,118132,5443,237260,19267,9279,9988
39620,245529,8238,118147,5443,237291,19269,9280,9989
39625,245560,8238,118162,5443,237322,19271,9281,9990
39630,245591,8238,118176,5443,237353,19273,9283,9990
39635,245622,8238,118195,5443,237384,19275,9285,9990
39640,245653,8238,118213,5443,237415,19279,9288,9991
39645,245684,8238,118230,5443,237446,19283,9290,9993
39650,245715,8238,118248,5443,237477,19289,9291,9998
39655,245746,8238,118258,5443,237508,19295,9294,10001
39660,245777,8238,118270,5443,237539,19300,9294,10006
39665,245808,8239,118287,5443,237569,19301,9295,10006
39670,245839,8240,118301,5443,237599,19302,9295,10007
39675,245870,8243,118313,5445,237627,19303,9295,10008
39680,245901,8247,118326,5449,237654,19304,9295,10009
39685,245932,8250,118342,5451,237682,19305,9295,10010
39690,245963,8254,118354,5454,237709,19306,9296,10010
39695,245994,8257,118371,5456,237737,19307,9297,10010
39700,246025,8260,118388,5457,237765,19308,9298,10010
39705,246056,8263,118404,5459,237793,19309,9298,10011
39710,246087,8266,118421,5462,237821,19311,9300,10011
39715,246118,8269,118434,5464,237849,19313,9300,10013
39720,246149,8273,118449,5467,237876,19315,9300,10015
39725,246180,8275,118461,5469,237905,19317,9300,10017
39730,246211,8276,118474,5469,237935,19319,9300,10019
39735,246242,8277,118487,5469,237965,19321,9301,10020
39740,246273,8278,118501,5470,237995,19323,9302,10021
39745,246304,8279,118511,5470,238025,19325,9302,10023
39750,246335,8280,118530,5471,238055,19327,9303,10024
39755,246366,8281,118541,5472,238085,19329,9303,10026
39760,246397,8282,118555,5472,238115,19332,9304,10028
39765,246428,8283,118563,5472,238145,19337,9306,10031
39770,246459,8284,118579,5473,238174,19344,9310,10034
39775,246490,8286,118593,5475,238203,19351,9312,10039
39780,246521,8288,118607,5476,238233,19357,9316,10041
39785,246552,8288,118625,5476,238264,19358,9317,10041
39790,246583,8288,118636,5476,238295,19359,9318,10041
39795,246614,8288,118652,5476,238326,19360,9318,10042
39800,246645,8288,118665,5476,238357,19361,9318,10043
39805,246676,8288,118678,5476,238388,19362,9319,10043
39810,246707,8288,118692,5476,238419,19363,9319,10044
39815,246738,8288,118708,5476,238450,19364,9319,10045
39820,246769,8288,118723,5476,238481,19365,9319,10046
39825,246800,8288,118738,5476,238512,19366,9319,10047
39830,246831,8289,118757,5477,238542,19367,9320,10047
39835,246862,8290,118775,5478,238572,19368,9321,10047
39840,246893,8291,118794,5479,238602,19369,9322,10047
39845,246924,8293,118810,5480,238631,19370,9323,10047
39850,246955,8295,118827,5482,238660,19371,9324,10047
39855,246986,8297,118839,5483,238689,19372,9325,10047
39860,247017,8299,118854,5485,238718,19373,9325,10048
39865,247048,8300,118866,5485,238748,19374,9325,10049
39870,247079,8303,118882,5487,238776,19375,9326,10049
39875,247110,8305,118898,5488,238805,19376,9326,10050
39880,247141,8305,118914,5488,238836,19377,9327,10050
39885,247172,8305,118931,5488,238867,19379,9328,10051
39890,247203,8305,118942,5488,238898,19383,9330,10053
39895,247234,8305,118955,5488,238929,19385,9331,10054
39900,247265,8305,118974,5488,238959,19387,9333,10054
39905,247296,8308,118991,5490,238988,19390,9335,10055
39910,247327,8310,119003,5491,239017,19392,9335,10057
39915,247358,8312,119018,5493,239046,19394,9337,10057
39920,247389,8315,119037,5494,239074,19396,9339,10057
39925,247420,8318,119054,5497,239102,19398,9340,10058
39930,247451,8320,119071,5498,239131,19400,9341,10059
39935,247482,8321,119090,5499,239161,19402,9342,10060
39940,247513,8322,119107,5499,239191,19404,9343,10061
39945,247544,8323,119121,5500,239221,19406,9344,10062
39950,247575,8324,119137,5501,239251,19408,9345,10063
39955,247606,8325,119154,5502,239281,19410,9346,10064
39960,247637,8326,119169,5502,239311,19412,9348,10064
39965,247668,8327,119183,5502,239341,19414,9349,10065
39970,247699,8328,119197,5503,239371,19416,9349,10067
39975,247730,8329,119211,5503,239401,19418,9349,10069
39980,247761,8330,119223,5504,239431,19420,9349,10071
39985,247792,8331,119239,5505,239461,19423,9351,10072
39990,247823,8332,119254,5505,239491,19426,9354,10072
39995,247854,8333,119270,5505,239521,19429,9356,10073
40000,247885,8335,119285,5507,239550,19433,9359,10074
40005,247916,8337,119301,5508,239579,19437,9361,10076
40010,247947,8339,119315,5510,239608,19440,9362,10078
40015,247978,8340,119330,5510,239637,19443,9364,10079
40020,248009,8343,119346,5512,239666,19446,9366,10080
40025,248040,8343,119363,5512,239697,19448,9368,10080
40030,248071,8343,119378,5512,239728,19450,9369,10081
40035,248102,8343,119398,5512,239759,19452,9370,10082
40040,248133,8344,119414,5513,239789,19454,9371,10083
40045,248164,8346,119433,5515,239818,19456,9373,10083
40050,248195,8347,119447,5515,239848,19458,9375,10083
40055,248226,8349,119463,5516,239877,19460,9376,10084
40060,248257,8351,119473,5518,239906,19462,9377,10085
40065,248288,8352,119487,5518,239936,19464,9379,10085
40070,248319,8354,119501,5519,239965,19466,9381,10085
40075,248350,8356,119513,5521,239994,19468,9381,10087
40080,248381,8358,119523,5523,240023,19470,9382,10088
40085,248412,8358,119536,5523,240054,19472,9383,10089
40090,248443,8358,119547,5523,240085,19474,9384,10090
40095,248474,8358,119565,5523,240116,19476,9384,10092
40100,248505,8358,119584,5523,240147,19478,9386,10092
40105,248536,8358,119594,5523,240178,19480,9386,10094
40110,248567,8358,119608,5523,240209,19482,9387,10095
40115,248598,8358,119626,5523,240240,19485,9390,10095
40120,248629,8358,119643,5523,240271,19488,9392,10096
40125,248660,8358,119653,5523,240302,19491,9393,10098
40130,248691,8358,119669,5523,240333,19495,9395,10100
40135,248722,8358,119684,5523,240364,19499,9398,10101
40140,248753,8360,119703,5525,240392,19503,9402,10101
40145,248784,8362,119717,5527,240422,19506,9404,10102
40150,248815,8363,119732,5527,240452,19508,9405,10103
40155,248846,8364,119746,5527,240482,19510,9406,10104
40160,248877,8365,119757,5527,240512,19512,9406,10106
40165,248908,8366,119769,5528,240542,19514,9406,10108
40170,248939,8367,119784,5529,240572,19516,9408,10108
40175,248970,8368,119798,5529,240602,19518,9409,10109
40180,249001,8369,119812,5530,240632,19520,9410,10110
40185,249032,8370,119827,5531,240662,19522,9410,10112
40190,249063,8372,119841,5532,240691,19525,9410,10115
40195,249094,8375,119853,5533,240719,19529,9411,10118
40200,249125,8377,119868,5533,240748,19533,9413,10120
40205,249156,8379,119880,5533,240777,19536,9414,10122
40210,249187,8382,119896,5535,240805,19539,9416,10123
40215,249218,8385,119906,5536,240833,19541,9417,10124
40220,249249,8388,119923,5538,240861,19543,9419,10124
40225,249280,8391,119936,5540,240889,19545,9419,10126
40230,249311,8392,119951,5540,240919,19547,9419,10128
40235,249342,8393,119971,5540,240949,19549,9420,10129
40240,249373,8394,119980,5540,240979,19551,9420,10131
40245,249404,8396,119998,5542,241008,19553,9421,10132
40250,249435,8397,120010,5542,241038,19557,9424,10133
40255,249466,8399,120020,5544,241067,19561,9425,10136
40260,249497,8401,120036,5545,241095,19565,9426,10139
40265,249528,8402,120050,5546,241126,19568,9428,10140
40270,249559,8402,120065,5546,241157,19570,9430,10140
40275,249590,8402,120083,5546,241188,19572,9430,10142
40280,249621,8402,120097,5546,241219,19574,9432,10142
40285,249652,8402,120111,5546,241250,19576,9434,10142
40290,249683,8402,120126,5546,241281,19578,9434,10144
40295,249714,8402,120143,5546,241312,19580,9435,10145
40300,249745,8402,120157,5546,241343,19582,9436,10146
40305,249776,8402,120169,5546,241374,19585,9437,10148
40310,249807,8402,120183,5546,241405,19588,9439,10149
40315,249838,8402,120198,5546,241436,19592,9443,10149
40320,249869,8402,120206,5546,241467,19596,9443,10153
40325,249900,8402,120224,5546,241498,19596,9443,10153
40330,249931,8402,120243,5546,241529,19596,9443,10153
40335,249962,8403,120256,5547,241559,19596,9443,10153
40340,249993,8404,120269,5547,241589,19596,9443,10153
40345,250024,8407,120287,5550,241617,19596,9443,10153
40350,250055,8409,120301,5551,241646,19596,9443,10153
40355,250086,8412,120321,5554,241674,19596,9443,10153
40360,250117,8413,120336,5554,241704,19596,9443,10153
40365,250148,8415,120352,5556,241733,19597,9444,10153
40370,250179,8418,120367,5558,241761,19598,9445,10153
40375,250210,8421,120380,5559,241788,19599,9445,10154
40380,250241,8424,120391,5561,241816,19600,9446,10154
40385,250272,8429,120405,5564,241843,19603,9448,10155
40390,250303,8431,120420,5565,241872,19606,9449,10157
40395,250334,8432,120436,5565,241901,19609,9450,10159
40400,250365,8434,120454,5567,241931,19612,9450,10162
40405,250396,8436,120470,5569,241959,19615,9450,10165
40410,250427,8438,120483,5571,241989,19618,9450,10168
40415,250458,8439,120495,5571,242018,19621,9450,10171
40420,250489,8441,120513,5573,242048,19624,9452,10172
40425,250520,8441,120532,5573,242079,19628,9455,10173
40430,250551,8441,120549,5573,242110,19633,9457,10176
40435,250582,8441,120560,5573,242141,19637,9458,10179
40440,250613,8441,120575,5573,242172,19640,9459,10181
40445,250644,8442,120592,5573,242202,19643,9462,10181
40450,250675,8442,120608,5573,242233,19646,9465,10181
40455,250706,8442,120621,5573,242264,19648,9467,10181
40460,250737,8442,120630,5573,242295,19650,9468,10182
40465,250768,8442,120649,5573,242326,19652,9469,10183
40470,250799,8442,120662,5573,242357,19654,9470,10184
40475,250830,8442,120675,5573,242388,19656,9470,10186
40480,250861,8442,120689,5573,242419,19658,9470,10188
40485,250892,8442,120702,5573,242450,19660,9471,10189
40490,250923,8442,120718,5573,242481,19662,9473,10189
40495,250954,8443,120737,5574,242511,19664,9474,10190
40500,250985,8446,120750,5577,242539,19666,9474,10192
40505,251016,8447,120763,5578,242569,19668,9475,10193
40510,251047,8449,120775,5580,242598,19670,9475,10195
40515,251078,8450,120786,5581,242628,19672,9476,10196
40520,251109,8451,120804,5582,242658,19674,9477,10197
40525,251140,8454,120823,5585,242686,19676,9477,10199
40530,251171,8455,120839,5586,242716,19679,9478,10201
40535,251202,8456,120848,5587,242746,19683,9480,10203
40540,251233,8457,120864,5587,242776,19686,9481,10205
40545,251264,8458,120880,5588,242806,19690,9483,10207
40550,251295,8459,120892,5588,242836,19694,9484,10210
40555,251326,8461,120910,5588,242865,19697,9487,10210
40560,251357,8464,120928,5589,242893,19701,9490,10211
40565,251388,8466,120945,5591,242922,19703,9492,10211
40570,251419,8468,120961,5593,242951,19705,9493,10212
40575,251450,8470,120980,5595,242980,19707,9494,10213
40580,251481,8471,120994,5595,243010,19709,9495,10214
40585,251512,8472,121008,5596,243040,19711,9495,10216
40590,251543,8473,121018,5597,243070,19713,9495,10218
40595,251574,8475,121032,5599,243099,19715,9495,10220
40600,251605,8477,121048,5600,243128,19717,9496,10221
40605,251636,8479,121058,5601,243157,19719,9497,10222
40610,251667,8482,121068,5603,243185,19721,9498,10223
40615,251698,8484,121081,5604,243214,19723,9499,10224
40620,251729,8485,121098,5604,243244,19725,9500,10225
40625,251760,8486,121117,5605,243274,19728,9502,10226
40630,251791,8489,121129,5607,243302,19731,9503,10228
40635,251822,8489,121146,5607,243333,19733,9504,10229
40640,251853,8489,121158,5607,243364,19735,9505,10230
40645,251884,8489,121175,5607,243395,19737,9507,10230
40650,251915,8489,121189,5607,243426,19739,9508,10231
40655,251946,8489,121206,5607,243457,19742,9510,10232
40660,251977,8489,121225,5607,243488,19745,9512,10233
40665,252008,8489,121244,5607,243519,19748,9514,10234
40670,252039,8489,121257,5607,243550,19751,9514,10237
40675,252070,8489,121272,5607,243581,19754,9514,10240
40680,252101,8489,121282,5607,243612,19757,9515,10242
40685,252132,8489,121298,5607,243643,19760,9517,10243
40690,252163,8489,121317,5607,243674,19763,9519,10244
40695,252194,8489,121334,5607,243705,19767,9520,10247
40700,252225,8489,121352,5607,243736,19771,9521,10250
40705,252256,8489,121366,5607,243767,19775,9524,10251
40710,252287,8489,121381,5607,243798,19779,9525,10254
40715,252318,8489,121391,5607,243829,19783,9525,10258
40720,252349,8489,121404,5607,243860,19787,9528,10259
40725,252380,8489,121416,5607,243891,19791,9530,10261
40730,252411,8489,121430,5607,243922,19796,9533,10263
40735,252442,8490,121441,5608,243952,19803,9533,10270
40740,252473,8493,121458,5610,243979,19808,9535,10273
40745,252504,8495,121469,5611,244009,19808,9535,10273
40750,252535,8497,121484,5612,244038,19808,9535,10273
40755,252566,8499,121501,5614,244067,19809,9536,10273
40760,252597,8501,121517,5616,244096,19810,9536,10274
40765,252628,8503,121534,5618,244125,19811,9537,10274
40770,252659,8503,121552,5618,244156,19812,9537,10275
40775,252690,8503,121566,5618,244187,19812,9537,10275
40780,252721,8503,121580,5618,244218,19812,9537,10275
40785,252752,8503,121597,5618,244249,19812,9537,10275
40790,252783,8503,121607,5618,244280,19812,9537,10275
40795,252814,8503,121621,5618,244311,19812,9537,10275
40800,252845,8503,121640,5618,244342,19812,9537,10275
40805,252876,8503,121659,5618,244373,19812,9537,10275
40810,252907,8503,121676,5618,244404,19812,9537,10275
40815,252938,8503,121691,5618,244435,19812,9537,10275
40820,252969,8503,121710,5618,244466,19812,9537,10275
40825,253000,8503,121727,5618,244497,19812,9537,10275
40830,253031,8503,121742,5618,244528,19812,9537,10275
40835,253062,8503,121753,5618,244559,19812,9537,10275
40840,253093,8503,121766,5618,244590,19812,9537,10275
40845,253124,8503,121782,5618,244621,19814,9537,10277
40850,253155,8504,121792,5619,244651,19817,9539,10278
40855,253186,8506,121802,5621,244680,19820,9540,10280
40860,253217,8508,121817,5622,244709,19823,9542,10281
40865,253248,8510,121829,5623,244738,19826,9543,10283
40870,253279,8512,121846,5624,244766,19829,9545,10284
40875,253310,8516,121862,5626,244794,19832,9546,10286
40880,253341,8519,121881,5629,244821,19835,9547,10288
40885,253372,8523,121892,5631,244849,19838,9550,10288
40890,253403,8525,121902,5633,244878,19841,9551,10290
40895,253434,8528,121917,5634,244906,19844,9554,10290
40900,253465,8530,121929,5636,244935,19846,9555,10291
40905,253496,8532,121941,5636,244964,19848,9556,10292
40910,253527,8535,121957,5638,244992,19852,9558,10294
40915,253558,8539,121971,5642,245019,19857,9560,10297
40920,253589,8544,121990,5646,245045,19862,9563,10299
40925,253620,8546,122004,5648,245074,19866,9566,10300
40930,253651,8546,122022,5648,245105,19869,9569,10300
40935,253682,8546,122033,5648,245136,19872,9570,10302
40940,253713,8546,122049,5648,245167,19875,9572,10303
40945,253744,8546,122063,5648,245198,19878,9573,10305
40950,253775,8546,122078,5648,245229,19880,9574,10306
40955,253806,8546,122096,5648,245260,19882,9575,10307
40960,253837,8546,122110,5648,245291,19884,9577,10307
40965,253868,8546,122127,5648,245322,19886,9578,10308
40970,253899,8546,122142,5648,245353,19888,9580,10308
40975,253930,8546,122157,5648,245384,19890,9580,10310
40980,253961,8546,122168,5648,245415,19892,9582,10310
40985,253992,8546,122180,5648,245446,19894,9583,10311
40990,254023,8546,122196,5648,245477,19896,9585,10311
40995,254054,8546,122212,5648,245508,19898,9586,10312
41000,254085,8546,122229,5648,245539,19901,9587,10314
41005,254116,8546,122246,5648,245570,19904,9588,10316
41010,254147,8546,122265,5648,245601,19907,9590,10317
41015,254178,8546,122280,5648,245632,19910,9592,10318
41020,254209,8546,122291,5648,245663,19913,9594,10319
41025,254240,8546,122306,5648,245694,19916,9596,10320
41030,254271,8548,122314,5649,245723,19920,9597,10323
41035,254302,8550,122325,5651,245752,19925,9598,10327
41040,254333,8554,122337,5654,245779,19931,9599,10332
41045,254364,8556,122352,5654,245808,19933,9601,10332
41050,254395,8558,122367,5656,245837,19935,9602,10333
41055,254426,8560,122378,5657,245866,19937,9602,10335
41060,254457,8563,122392,5659,245894,19939,9603,10336
41065,254488,8563,122410,5659,245925,19941,9603,10338
41070,254519,8563,122426,5659,245956,19943,9604,10339
41075,254550,8563,122443,5659,245987,19945,9606,10339
41080,254581,8563,122462,5659,246018,19947,9607,10340
41085,254612,8563,122474,5659,246049,19949,9608,10341
41090,254643,8563,122487,5659,246080,19952,9609,10343
41095,254674,8563,122502,5659,246111,19955,9611,10344
41100,254705,8563,122512,5659,246142,19958,9613,10345
41105,254736,8563,122529,5659,246173,19960,9614,10346
41110,254767,8563,122545,5659,246204,19962,9616,10346
41115,254798,8563,122556,5659,246235,19964,9617,10347
41120,254829,8563,122570,5659,246266,19966,9618,10348
41125,254860,8563,122582,5659,246297,19968,9619,10349
41130,254891,8563,122598,5659,246328,19970,9619,10351
41135,254922,8563,122618,5659,246359,19972,9620,10352
41140,254953,8563,122631,5659,246390,19974,9622,10352
41145,254984,8563,122646,5659,246421,19977,9622,10355
41150,255015,8565,122661,5661,246449,19982,9626,10356
41155,255046,8569,122676,5664,246476,19987,9628,10359
41160,255077,8572,122692,5667,246504,19992,9632,10360
41165,255108,8575,122707,5670,246533,19995,9633,10362
41170,255139,8577,122721,5671,246562,19999,9634,10365
41175,255170,8578,122739,5672,246592,20002,9637,10365
41180,255201,8579,122752,5673,246622,20005,9638,10367
41185,255232,8581,122764,5674,246651,20008,9638,10370
41190,255263,8582,122775,5674,246681,20011,9639,10372
41195,255294,8583,122793,5674,246711,20014,9640,10374
41200,255325,8584,122807,5674,246741,20017,9642,10375
41205,255356,8586,122824,5675,246770,20020,9643,10377
41210,255387,8587,122835,5675,246800,20024,9646,10378
41215,255418,8588,122849,5676,246830,20028,9649,10379
41220,255449,8590,122865,5678,246859,20031,9650,10381
41225,255480,8590,122874,5678,246890,20032,9650,10382
41230,255511,8590,122889,5678,246921,20033,9651,10382
41235,255542,8590,122905,5678,246952,20034,9652,10382
41240,255573,8590,122918,5678,246983,20034,9652,10382
41245,255604,8590,122935,5678,247014,20034,9652,10382
41250,255635,8590,122951,5678,247045,20034,9652,10382
41255,255666,8590,122967,5678,247076,20034,9652,10382
41260,255697,8590,122984,5678,247107,20034,9652,10382
41265,255728,8590,122996,5678,247138,20034,9652,10382
41270,255759,8590,123009,5678,247169,20035,9652,10383
41275,255790,8590,123022,5678,247200,20038,9653,10385
41280,255821,8590,123039,5678,247231,20041,9654,10387
41285,255852,8590,123054,5678,247262,20044,9656,10388
41290,255883,8590,123068,5678,247293,20046,9656,10390
41295,255914,8590,123084,5678,247324,20048,9658,10390
41300,255945,8590,123102,5678,247355,20050,9658,10392
41305,255976,8590,123122,5678,247386,20052,9659,10393
41310,256007,8590,123137,5678,247417,20052,9659,10393
41315,256038,8590,123150,5678,247448,20052,9659,10393
41320,256069,8590,123163,5678,247479,20052,9659,10393
41325,256100,8590,123174,5678,247510,20054,9660,10394
41330,256131,8592,123194,5679,247538,20056,9661,10395
41335,256162,8596,123212,5682,247566,20059,9663,10396
41340,256193,8598,123224,5682,247594,20061,9663,10398
41345,256224,8600,123234,5683,247624,20064,9666,10398
41350,256255,8603,123251,5686,247652,20066,9667,10399
41355,256286,8605,123271,5688,247681,20068,9669,10399
41360,256317,8605,123287,5688,247712,20070,9670,10400
41365,256348,8605,123299,5688,247743,20072,9670,10402
41370,256379,8605,123312,5688,247774,20074,9672,10402
41375,256410,8605,123332,5688,247805,20076,9673,10403
41380,256441,8605,123348,5688,247836,20078,9674,10404
41385,256472,8605,123366,5688,247867,20081,9676,10405
41390,256503,8605,123383,5688,247898,20085,9678,10407
41395,256534,8605,123398,5688,247929,20089,9679,10410
41400,256565,8605,123414,5688,247960,20093,9681,10412
41405,256596,8606,123427,5689,247990,20098,9685,10413
41410,256627,8608,123440,5691,248019,20102,9687,10415
41415,256658,8609,123449,5691,248049,20106,9689,10417
41420,256689,8611,123467,5693,248078,20109,9690,10419
41425,256720,8613,123482,5695,248107,20112,9693,10419
41430,256751,8614,123496,5695,248137,20115,9693,10422
41435,256782,8617,123511,5697,248165,20118,9694,10424
41440,256813,8617,123529,5697,248196,20121,9695,10426
41445,256844,8617,123541,5697,248227,20125,9698,10427
41450,256875,8617,123553,5697,248258,20128,9699,10429
41455,256906,8617,123562,5697,248289,20132,9701,10431
41460,256937,8618,123579,5698,248319,20134,9701,10433
41465,256968,8619,123593,5698,248349,20136,9703,10433
41470,256999,8621,123607,5699,248378,20138,9704,10434
41475,257030,8623,123621,5701,248407,20140,9705,10435
41480,257061,8627,123636,5705,248434,20142,9706,10436
41485,257092,8631,123654,5709,248461,20144,9706,10438
41490,257123,8633,123667,5711,248490,20146,9707,10439
41495,257154,8635,123680,5713,248519,20148,9707,10441
41500,257185,8635,123693,5713,248550,20150,9707,10443
41505,257216,8635,123711,5713,248581,20152,9708,10444
41510,257247,8635,123724,5713,248612,20155,9710,10445
41515,257278,8635,123741,5713,248643,20158,9711,10447
41520,257309,8635,123755,5713,248674,20162,9713,10449
41525,257340,8635,123766,5713,248705,20165,9713,10452
41530,257371,8635,123778,5713,248736,20168,9714,10454
41535,257402,8635,123789,5713,248767,20170,9714,10456
41540,257433,8635,123810,5713,248798,20172,9715,10457
41545,257464,8636,123824,5714,248828,20174,9715,10459
41550,257495,8638,123840,5716,248857,20176,9716,10460
41555,257526,8639,123857,5716,248887,20179,9717,10462
41560,257557,8641,123873,5717,248916,20183,9718,10465
41565,257588,8643,123889,5719,248944,20187,9720,10467
41570,257619,8646,123905,5721,248972,20191,9723,10468
41575,257650,8648,123917,5722,249001,20195,9725,10470
41580,257681,8651,123934,5725,249029,20200,9728,10472
41585,257712,8653,123951,5727,249059,20202,9729,10473
41590,257743,8653,123966,5727,249090,20204,9729,10475
41595,257774,8653,123985,5727,249121,20206,9731,10475
41600,257805,8654,123997,5727,249151,20209,9732,10477
41605,257836,8655,124014,5728,249181,20212,9734,10478
41610,257867,8657,124022,5730,249210,20215,9735,10480
41615,257898,8658,124037,5730,249240,20218,9736,10482
41620,257929,8659,124048,5730,249270,20221,9736,10485
41625,257960,8661,124057,5731,249299,20224,9737,10487
41630,257991,8662,124068,5732,249329,20227,9738,10489
41635,258022,8663,124087,5732,249359,20230,9740,10490
41640,258053,8665,124103,5734,249388,20233,9742,10491
41645,258084,8667,124117,5736,249417,20235,9743,10492
41650,258115,8669,124128,5738,249446,20237,9743,10494
41655,258146,8672,124146,5740,249474,20239,9744,10495
41660,258177,8675,124162,5742,249502,20241,9745,10496
41665,258208,8675,124180,5742,249533,20243,9747,10496
41670,258239,8675,124197,5742,249564,20245,9749,10496
41675,258270,8675,124209,5742,249595,20248,9750,10498
41680,258301,8675,124222,5742,249626,20251,9752,10499
41685,258332,8675,124234,5742,249657,20254,9754,10500
41690,258363,8675,124245,5742,249688,20260,9755,10505
41695,258394,8677,124263,5744,249717,20266,9758,10508
41700,258425,8679,124275,5746,249745,20268,9758,10510
41705,258456,8682,124294,5749,249774,20272,9759,10513
41710,258487,8683,124306,5749,249804,20275,9759,10516
41715,258518,8684,124323,5750,249834,20278,9761,10517
41720,258549,8685,124341,5751,249864,20281,9762,10519
41725,258580,8686,124362,5751,249894,20283,9763,10520
41730,258611,8687,124377,5752,249924,20285,9764,10521
41735,258642,8688,124391,5753,249954,20287,9764,10523
41740,258673,8689,124404,5754,249984,20289,9765,10524
41745,258704,8690,124418,5754,250014,20291,9765,10526
41750,258735,8691,124434,5755,250044,20293,9767,10526
41755,258766,8692,124450,5755,250074,20295,9769,10526
41760,258797,8693,124466,5756,250104,20297,9771,10526
41765,258828,8694,124478,5757,250134,20299,9772,10527
41770,258859,8696,124490,5759,250163,20301,9773,10528
41775,258890,8698,124513,5760,250192,20303,9775,10528
41780,258921,8700,124530,5762,250221,20305,9776,10529
41785,258952,8702,124544,5764,250250,20307,9776,10531
41790,258983,8704,124559,5766,250279,20309,9776,10533
41795,259014,8706,124579,5766,250308,20311,9777,10534
41800,259045,8708,124589,5766,250337,20317,9778,10539
41805,259076,8711,124602,5769,250364,20324,9780,10544
41810,259107,8716,124622,5773,250391,20331,9786,10545
41815,259138,8720,124637,5777,250418,20338,9789,10549
41820,259169,8722,124651,5778,250447,20342,9790,10552
41825,259200,8722,124664,5778,250478,20344,9791,10553
41830,259231,8722,124679,5778,250509,20346,9792,10554
41835,259262,8722,124695,5778,250540,20347,9792,10555
41840,259293,8722,124713,5778,250571,20348,9792,10556
41845,259324,8722,124729,5778,250602,20349,9792,10557
41850,259355,8722,124745,5778,250633,20350,9792,10558
41855,259386,8722,124756,5778,250664,20351,9793,10558
41860,259417,8722,124774,5778,250695,20352,9794,10558
41865,259448,8722,124790,5778,250726,20353,9795,10558
41870,259479,8722,124805,5778,250757,20354,9795,10559
41875,259510,8722,124822,5778,250788,20355,9795,10560
41880,259541,8722,124839,5778,250819,20356,9795,10561
41885,259572,8722,124851,5778,250850,20358,9795,10563
41890,259603,8722,124869,5778,250881,20360,9795,10565
41895,259634,8722,124886,5778,250912,20361,9796,10565
41900,259665,8722,124905,5778,250943,20362,9796,10566
41905,259696,8722,124921,5778,250974,20363,9796,10567
41910,259727,8722,124934,5778,251005,20364,9797,10567
41915,259758,8722,124949,5778,251036,20365,9798,10567
41920,259789,8722,124964,5778,251067,20369,9800,10569
41925,259820,8723,124977,5778,251097,20373,9803,10570
41930,259851,8725,124989,5779,251126,20378,9805,10573
41935,259882,8729,125008,5782,251153,20383,9808,10575
41940,259913,8734,125022,5786,251179,20386,9808,10578
41945,259944,8734,125033,5786,251210,20387,9808,10579
41950,259975,8734,125047,5786,251241,20388,9808,10580
41955,260006,8734,125065,5786,251272,20389,9809,10580
41960,260037,8734,125080,5786,251303,20390,9809,10581
41965,260068,8734,125097,5786,251334,20391,9809,10582
41970,260099,8734,125111,5786,251365,20392,9810,10582
41975,260130,8734,125129,5786,251396,20393,9811,10582
41980,260161,8734,125146,5786,251427,20394,9812,10582
41985,260192,8734,125162,5786,251458,20395,9813,10582
41990,260223,8734,125177,5786,251489,20396,9814,10582
41995,260254,8734,125194,5786,251520,20397,9815,10582
42000,260285,8734,125210,5786,251551,20398,9815,10583
42005,260316,8734,125223,5786,251582,20399,9816,10583
42010,260347,8734,125240,5786,251613,20400,9817,10583
42015,260378,8734,125260,5786,251644,20401,9818,10583
42020,260409,8734,125278,5786,251675,20402,9819,10583
42025,260440,8734,125296,5786,251706,20403,9819,10584
42030,260471,8734,125311,5786,251737,20404,9820,10584
42035,260502,8734,125325,5786,251768,20406,9820,10586
42040,260533,8734,125342,5786,251799,20410,9820,10590
42045,260564,8734,125357,5786,251830,20415,9821,10594
42050,260595,8736,125369,5787,251859,20423,9824,10599
42055,260626,8742,125386,5793,251884,20430,9828,10602
42060,260657,8746,125399,5796,251911,20435,9832,10603
42065,260688,8747,125415,5796,251941,20437,9833,10604
42070,260719,8748,125433,5797,251971,20439,9833,10606
42075,260750,8748,125450,5797,252002,20441,9835,10606
42080,260781,8748,125467,5797,252033,20443,9835,10608
42085,260812,8748,125482,5797,252064,20445,9836,10609
42090,260843,8748,125501,5797,252095,20447,9837,10610
42095,260874,8748,125517,5797,252126,20449,9838,10611
42100,260905,8748,125529,5797,252157,20451,9840,10611
42105,260936,8748,125544,5797,252188,20453,9842,10611
42110,260967,8748,125561,5797,252219,20455,9843,10612
42115,260998,8748,125574,5797,252250,20457,9843,10614
42120,261029,8748,125589,5797,252281,20459,9844,10615
42125,261060,8748,125606,5797,252312,20461,9845,10616
42130,261091,8748,125622,5797,252343,20463,9845,10618
42135,261122,8748,125637,5797,252374,20465,9846,10619
42140,261153,8748,125653,5797,252405,20467,9846,10621
42145,261184,8748,125671,5797,252436,20469,9848,10621
42150,261215,8748,125689,5797,252467,20471,9849,10622
42155,261246,8748,125703,5797,252498,20474,9850,10624
42160,261277,8748,125715,5797,252529,20479,9852,10627
42165,261308,8748,125731,5797,252560,20484,9854,10630
42170,261339,8749,125743,5798,252589,20491,9856,10635
42175,261370,8752,125755,5801,252617,20498,9859,10639
42180,261401,8757,125774,5805,252643,20503,9861,10642
42185,261432,8759,125787,5807,252673,20506,9862,10644
42190,261463,8761,125802,5808,252702,20509,9864,10645
42195,261494,8761,125817,5808,252733,20512,9865,10647
42200,261525,8761,125834,5808,252764,20515,9866,10649
42205,261556,8761,125849,5808,252795,20518,9868,10650
42210,261587,8761,125864,5808,252826,20521,9870,10651
42215,261618,8761,125879,5808,252857,20524,9872,10652
42220,261649,8761,125895,5808,252888,20527,9875,10652
42225,261680,8761,125911,5808,252919,20530,9876,10654
42230,261711,8761,125928,5808,252950,20533,9878,10655
42235,261742,8761,125941,5808,252981,20536,9879,10657
42240,261773,8761,125956,5808,253012,20539,9882,10657
42245,261804,8762,125978,5808,253042,20541,9883,10658
42250,261835,8763,125999,5808,253072,20543,9884,10659
42255,261866,8764,126018,5808,253102,20545,9885,10660
42260,261897,8765,126034,5809,253132,20547,9887,10660
42265,261928,8766,126052,5810,253162,20549,9887,10662
42270,261959,8767,126069,5810,253192,20551,9889,10662
42275,261990,8768,126087,5811,253222,20554,9892,10662
42280,262021,8769,126102,5811,253252,20558,9894,10664
42285,262052,8770,126118,5811,253282,20563,9896,10667
42290,262083,8771,126133,5811,253311,20568,9898,10670
42295,262114,8773,126151,5813,253341,20574,9901,10673
42300,262145,8776,126165,5815,253369,20578,9904,10674
42305,262176,8777,126177,5815,253399,20580,9905,10675
42310,262207,8779,126189,5817,253428,20581,9905,10676
42315,262238,8780,126205,5818,253458,20582,9906,10676
42320,262269,8781,126222,5819,253488,20583,9907,10676
42325,262300,8782,126239,5820,253518,20584,9908,10676
42330,262331,8784,126251,5822,253547,20585,9908,10677
42335,262362,8787,126273,5825,253575,20586,9908,10678
42340,262393,8789,126287,5827,253604,20587,9909,10678
42345,262424,8792,126300,5830,253632,20588,9910,10678
42350,262455,8795,126313,5833,253660,20589,9911,10678
42355,262486,8795,126331,5833,253691,20590,9912,10678
42360,262517,8795,126348,5833,253722,20592,9913,10679
42365,262548,8797,126361,5834,253750,20593,9913,10680
42370,262579,8800,126378,5837,253779,20594,9913,10681
42375,262610,8801,126397,5837,253809,20595,9914,10681
42380,262641,8803,126414,5839,253838,20596,9914,10682
42385,262672,8804,126435,5840,253868,20597,9915,10682
42390,262703,8804,126450,5840,253899,20599,9916,10683
42395,262734,8804,126465,5840,253930,20601,9917,10684
42400,262765,8804,126484,5840,253961,20604,9918,10686
42405,262796,8804,126499,5840,253992,20609,9919,10690
42410,262827,8804,126515,5840,254023,20614,9921,10693
42415,262858,8804,126531,5840,254054,20619,9924,10695
42420,262889,8804,126546,5840,254085,20624,9927,10697
42425,262920,8805,126555,5840,254115,20625,9928,10697
42430,262951,8806,126575,5841,254145,20626,9929,10697
42435,262982,8807,126589,5841,254175,20627,9930,10697
42440,263013,8808,126603,5841,254205,20628,9931,10697
42445,263044,8809,126621,5842,254235,20629,9931,10698
42450,263075,8810,126635,5842,254265,20630,9931,10699
42455,263106,8811,126654,5843,254295,20631,9932,10699
42460,263137,8814,126674,5846,254323,20632,9933,10699
42465,263168,8816,126689,5848,254352,20634,9934,10700
42470,263199,8819,126704,5850,254380,20636,9936,10700
42475,263230,8821,126719,5852,254408,20638,9936,10702
42480,263261,8825,126731,5855,254436,20640,9936,10704
42485,263292,8826,126747,5856,254466,20642,9937,10705
42490,263323,8828,126764,5857,254495,20644,9937,10707
42495,263354,8831,126783,5859,254523,20646,9939,10707
42500,263385,8834,126796,5862,254551,20648,9940,10708
42505,263416,8834,126812,5862,254582,20650,9941,10709
42510,263447,8834,126830,5862,254613,20652,9942,10710
42515,263478,8834,126846,5862,254644,20654,9944,10710
42520,263509,8834,126865,5862,254675,20656,9944,10712
42525,263540,8834,126887,5862,254706,20658,9945,10713
42530,263571,8834,126903,5862,254737,20660,9946,10714
42535,263602,8834,126914,5862,254768,20662,9946,10716
42540,263633,8834,126929,5862,254799,20664,9948,10716
42545,263664,8834,126942,5862,254830,20666,9949,10717
42550,263695,8834,126957,5862,254861,20668,9951,10717
42555,263726,8834,126971,5862,254892,20670,9951,10719
42560,263757,8834,126984,5862,254923,20672,9953,10719
42565,263788,8834,126998,5862,254954,20674,9954,10720
42570,263819,8834,127005,5862,254985,20676,9954,10722
42575,263850,8834,127020,5862,255016,20678,9956,10722
42580,263881,8834,127033,5862,255047,20680,9957,10723
42585,263912,8834,127046,5862,255078,20683,9958,10725
42590,263943,8835,127053,5862,255108,20688,9959,10729
42595,263974,8836,127066,5863,255138,20693,9961,10732
42600,264005,8837,127083,5863,255167,20698,9962,10736
42605,264036,8838,127096,5864,255198,20701,9963,10738
42610,264067,8839,127109,5864,255228,20704,9963,10741
42615,264098,8840,127127,5865,255258,20707,9965,10742
42620,264129,8841,127144,5866,255288,20710,9967,10743
42625,264160,8844,127157,5868,255316,20713,9969,10744
42630,264191,8847,127179,5871,255344,20716,9970,10746
42635,264222,8848,127193,5871,255374,20719,9971,10748
42640,264253,8849,127209,5871,255404,20722,9973,10749
42645,264284,8851,127227,5873,255433,20725,9976,10749
42650,264315,8854,127248,5876,255461,20728,9978,10750
42655,264346,8856,127261,5878,255490,20731,9979,10752
42660,264377,8859,127277,5881,255518,20734,9980,10754
42665,264408,8860,127289,5882,255548,20735,9981,10754
42670,264439,8861,127306,5883,255578,20736,9982,10754
42675,264470,8862,127315,5884,255608,20737,9983,10754
42680,264501,8863,127332,5885,255638,20738,9983,10755
42685,264532,8864,127346,5886,255668,20739,9984,10755
42690,264563,8865,127360,5886,255698,20740,9984,10756
42695,264594,8866,127377,5886,255728,20741,9984,10757
42700,264625,8867,127392,5887,255758,20742,9985,10757
42705,264656,8868,127411,5888,255788,20745,9987,10758
42710,264687,8870,127426,5889,255817,20749,9990,10759
42715,264718,8871,127440,5889,255846,20753,9992,10761
42720,264749,8873,127457,5890,255875,20757,9993,10764
42725,264780,8874,127471,5891,255906,20759,9994,10765
42730,264811,8874,127488,5891,255937,20761,9994,10767
42735,264842,8874,127500,5891,255968,20763,9996,10767
42740,264873,8874,127514,5891,255999,20765,9997,10768
42745,264904,8874,127529,5891,256030,20767,9998,10769
42750,264935,8874,127544,5891,256061,20769,9999,10770
42755,264966,8874,127554,5891,256092,20771,10000,10771
42760,264997,8874,127568,5891,256123,20773,10002,10771
42765,265028,8874,127577,5891,256154,20776,10003,10773
42770,265059,8874,127588,5891,256185,20780,10005,10775
42775,265090,8875,127601,5892,256215,20784,10005,10779
42780,265121,8876,127617,5892,256245,20789,10007,10782
42785,265152,8879,127639,5895,256273,20793,10009,10784
42790,265183,8880,127656,5896,256303,20796,10011,10785
42795,265214,8882,127669,5897,256332,20798,10012,10786
42800,265245,8884,127685,5899,256361,20800,10013,10787
42805,265276,8886,127695,5900,256390,20802,10013,10789
42810,265307,8887,127712,5900,256420,20804,10015,10789
42815,265338,8888,127725,5901,256450,20806,10015,10791
42820,265369,8891,127742,5904,256478,20808,10016,10792
42825,265400,8892,127755,5905,256508,20810,10016,10794
42830,265431,8893,127766,5905,256538,20813,10017,10796
42835,265462,8893,127782,5905,256569,20816,10018,10798
42840,265493,8893,127797,5905,256600,20819,10021,10798
42845,265524,8893,127810,5905,256631,20821,10022,10799
42850,265555,8893,127824,5905,256662,20822,10022,10800
42855,265586,8893,127838,5905,256693,20823,10023,10800
42860,265617,8893,127851,5905,256724,20824,10023,10801
42865,265648,8893,127868,5905,256755,20825,10023,10802
42870,265679,8893,127888,5905,256786,20826,10024,10802
42875,265710,8893,127901,5905,256817,20827,10024,10803
42880,265741,8893,127913,5905,256848,20828,10025,10803
42885,265772,8893,127935,5905,256879,20829,10026,10803
42890,265803,8895,127949,5906,256908,20832,10026,10806
42895,265834,8896,127966,5907,256938,20836,10029,10807
42900,265865,8898,127981,5909,256967,20840,10031,10809
42905,265896,8901,128001,5912,256995,20845,10034,10811
42910,265927,8903,128016,5914,257024,20850,10036,10814
42915,265958,8903,128030,5914,257055,20854,10037,10817
42920,265989,8903,128049,5914,257086,20857,10039,10818
42925,266020,8903,128067,5914,257117,20860,10040,10820
42930,266051,8903,128084,5914,257148,20863,10041,10822
42935,266082,8903,128103,5914,257179,20866,10043,10823
42940,266113,8903,128114,5914,257210,20869,10044,10825
42945,266144,8903,128129,5914,257241,20871,10044,10827
42950,266175,8904,128144,5914,257271,20874,10045,10829
42955,266206,8905,128156,5914,257301,20877,10046,10831
42960,266237,8906,128170,5915,257331,20880,10047,10833
42965,266268,8908,128188,5917,257360,20882,10048,10834
42970,266299,8909,128196,5917,257390,20884,10049,10835
42975,266330,8910,128209,5918,257420,20886,10049,10837
42980,266361,8912,128224,5919,257449,20888,10050,10838
42985,266392,8914,128247,5921,257478,20890,10051,10839
42990,266423,8915,128266,5921,257508,20892,10053,10839
42995,266454,8917,128281,5922,257537,20894,10054,10840
43000,266485,8918,128298,5923,257567,20896,10056,10840
43005,266516,8920,128315,5925,257596,20898,10057,10841
43010,266547,8922,128330,5927,257625,20900,10058,10842
43015,266578,8924,128338,5928,257654,20902,10059,10843
43020,266609,8927,128354,5929,257681,20905,10061,10844
43025,266640,8929,128370,5930,257711,20906,10061,10845
43030,266671,8931,128386,5931,257740,20907,10062,10845
43035,266702,8933,128403,5933,257769,20908,10062,10846
43040,266733,8935,128415,5934,257798,20909,10063,10846
43045,266764,8936,128431,5935,257828,20910,10063,10847
43050,266795,8938,128450,5937,257857,20912,10064,10848
43055,266826,8938,128464,5937,257888,20914,10065,10849
43060,266857,8938,128479,5937,257919,20916,10066,10850
43065,266888,8938,128495,5937,257950,20919,10068,10851
43070,266919,8938,128508,5937,257981,20923,10069,10854
43075,266950,8938,128524,5937,258012,20927,10072,10855
43080,266981,8938,128541,5937,258043,20929,10073,10856
43085,267012,8938,128556,5937,258074,20931,10074,10857
43090,267043,8938,128574,5937,258105,20932,10075,10857
43095,267074,8938,128590,5937,258136,20933,10075,10858
43100,267105,8938,128611,5937,258167,20934,10076,10858
43105,267136,8938,128625,5937,258198,20935,10076,10859
43110,267167,8938,128640,5937,258229,20936,10077,10859
43115,267198,8938,128655,5937,258260,20937,10077,10860
43120,267229,8938,128669,5937,258291,20938,10078,10860
43125,267260,8938,128685,5937,258322,20940,10078,10862
43130,267291,8938,128698,5937,258353,20942,10079,10863
43135,267322,8939,128710,5937,258383,20945,10080,10865
43140,267353,8941,128726,5939,258412,20948,10081,10867
43145,267384,8944,128738,5941,258440,20950,10083,10867
43150,267415,8947,128753,5943,258468,20952,10084,10868
43155,267446,8951,128767,5945,258495,20954,10085,10869
43160,267477,8956,128782,5950,258521,20956,10086,10870
43165,267508,8959,128795,5952,258549,20958,10087,10871
43170,267539,8962,128808,5954,258577,20960,10089,10871
43175,267570,8963,128818,5954,258607,20962,10090,10872
43180,267601,8964,128832,5955,258637,20966,10091,10875
43185,267632,8965,128847,5956,258667,20970,10092,10878
43190,267663,8967,128861,5957,258696,20974,10093,10881
43195,267694,8968,128879,5958,258726,20979,10096,10883
43200,267725,8968,128896,5958,258757,20982,10097,10885
43205,267756,8968,128915,5958,258788,20984,10098,10886
43210,267787,8968,128934,5958,258819,20986,10099,10887
43215,267818,8968,128948,5958,258850,20988,10099,10889
43220,267849,8968,128968,5958,258881,20990,10100,10890
43225,267880,8968,128983,5958,258912,20992,10100,10892
43230,267911,8968,128995,5958,258943,20994,10102,10892
43235,267942,8968,129010,5958,258974,20996,10103,10893
43240,267973,8968,129025,5958,259005,20998,10104,10894
43245,268004,8968,129039,5958,259036,21000,10105,10895
43250,268035,8968,129057,5958,259067,21002,10105,10897
43255,268066,8968,129070,5958,259098,21004,10106,10898
43260,268097,8968,129084,5958,259129,21007,10108,10899
43265,268128,8969,129101,5959,259159,21010,10110,10900
43270,268159,8970,129121,5960,259189,21012,10112,10900
43275,268190,8971,129134,5961,259219,21014,10112,10902
43280,268221,8972,129148,5962,259249,21016,10113,10903
43285,268252,8973,129165,5963,259279,21018,10113,10905
43290,268283,8974,129182,5964,259309,21020,10114,10906
43295,268314,8975,129199,5965,259339,21022,10115,10907
43300,268345,8976,129212,5966,259369,21026,10116,10910
43305,268376,8978,129227,5968,259398,21030,10117,10913
43310,268407,8983,129241,5972,259424,21035,10117,10918
43315,268438,8986,129255,5973,259452,21040,10120,10920
43320,268469,8989,129266,5974,259480,21043,10122,10921
43325,268500,8990,129283,5974,259510,21046,10122,10924
43330,268531,8990,129295,5974,259541,21048,10122,10926
43335,268562,8990,129307,5974,259572,21050,10123,10927
43340,268593,8990,129323,5974,259603,21052,10125,10927
43345,268624,8990,129342,5974,259634,21054,10125,10929
43350,268655,8990,129359,5974,259665,21056,10127,10929
43355,268686,8990,129372,5974,259696,21058,10128,10930
43360,268717,8990,129390,5974,259727,21060,10129,10931
43365,268748,8990,129408,5974,259758,21062,10130,10932
43370,268779,8990,129425,5974,259789,21064,10130,10934
43375,268810,8990,129437,5974,259820,21066,10131,10935
43380,268841,8990,129449,5974,259851,21068,10131,10937
43385,268872,8991,129467,5974,259880,21070,10132,10938
43390,268903,8993,129483,5976,259909,21072,10133,10939
43395,268934,8995,129499,5977,259939,21074,10133,10941
43400,268965,8996,129515,5977,259969,21076,10134,10942
43405,268996,8997,129533,5978,259999,21078,10135,10943
43410,269027,8998,129551,5978,260029,21080,10136,10944
43415,269058,8999,129562,5979,260058,21082,10137,10945
43420,269089,9001,129578,5980,260088,21086,10139,10947
43425,269120,9003,129595,5981,260116,21090,10140,10950
43430,269151,9007,129612,5984,260143,21096,10143,10953
43435,269182,9010,129624,5987,260172,21101,10144,10957
43440,269213,9013,129638,5989,260200,21104,10145,10959
43445,269244,9016,129650,5991,260228,21107,10145,10962
43450,269275,9018,129662,5993,260257,21110,10146,10964
43455,269306,9018,129682,5993,260288,21113,10149,10964
43460,269337,9018,129694,5993,260319,21116,10152,10964
43465,269368,9018,129709,5993,260350,21119,10155,10964
43470,269399,9018,129722,5993,260381,21122,10157,10965
43475,269430,9018,129736,5993,260412,21124,10158,10966
43480,269461,9018,129751,5993,260443,21126,10159,10967
43485,269492,9018,129765,5993,260474,21128,10160,10968
43490,269523,9018,129780,5993,260505,21130,10161,10969
43495,269554,9018,129793,5993,260536,21132,10163,10969
43500,269585,9018,129806,5993,260567,21134,10163,10971
43505,269616,9018,129823,5993,260598,21136,10164,10972
43510,269647,9018,129835,5993,260629,21138,10165,10973
43515,269678,9018,129849,5993,260660,21140,10166,10974
43520,269709,9018,129866,5993,260691,21142,10167,10975
43525,269740,9018,129879,5993,260722,21144,10167,10977
43530,269771,9018,129898,5993,260753,21146,10168,10978
43535,269802,9018,129910,5993,260784,21149,10169,10980
43540,269833,9018,129922,5993,260815,21154,10174,10980
43545,269864,9020,129934,5995,260844,21159,10175,10984
43550,269895,9022,129951,5996,260872,21163,10178,10985
43555,269926,9024,129964,5998,260901,21167,10180,10987
43560,269957,9029,129979,6002,260927,21171,10181,10990
43565,269988,9032,129995,6004,260956,21173,10182,10991
43570,270019,9032,130010,6004,260987,21175,10184,10991
43575,270050,9032,130017,6004,261018,21176,10184,10992
43580,270081,9032,130031,6004,261049,21177,10184,10993
43585,270112,9032,130047,6004,261080,21178,10184,10994
43590,270143,9032,130067,6004,261111,21179,10185,10994
43595,270174,9032,130082,6004,261142,21180,10186,10994
43600,270205,9032,130098,6004,261173,21181,10186,10995
43605,270236,9032,130113,6004,261204,21182,10186,10996
43610,270267,9032,130128,6004,261235,21183,10186,10997
43615,270298,9032,130140,6004,261266,21185,10186,10999
43620,270329,9032,130155,6004,261297,21187,10187,11000
43625,270360,9032,130167,6004,261328,21188,10187,11001
43630,270391,9032,130181,6004,261359,21189,10187,11002
43635,270422,9032,130192,6004,261390,21190,10187,11003
43640,270453,9032,130207,6004,261421,21191,10187,11004
43645,270484,9032,130221,6004,261452,21192,10188,11004
43650,270515,9032,130232,6004,261483,21195,10189,11006
43655,270546,9032,130245,6004,261514,21198,10190,11008
43660,270577,9032,130264,6004,261545,21201,10193,11008
43665,270608,9032,130278,6004,261575,21204,10194,11010
43670,270639,9034,130292,6006,261605,21206,10195,11011
43675,270670,9036,130303,6008,261633,21210,10196,11014
43680,270701,9041,130314,6011,261660,21214,10197,11017
43685,270732,9042,130324,6011,261690,21216,10198,11018
43690,270763,9045,130340,6013,261718,21218,10200,11018
43695,270794,9047,130348,6014,261747,21220,10200,11020
43700,270825,9049,130362,6016,261776,21222,10200,11022
43705,270856,9050,130377,6017,261806,21224,10200,11024
43710,270887,9051,130391,6018,261836,21226,10202,11024
43715,270918,9053,130407,6020,261865,21228,10203,11025
43720,270949,9054,130422,6021,261895,21230,10204,11026
43725,270980,9055,130435,6022,261925,21234,10207,11027
43730,271011,9055,130447,6022,261956,21238,10209,11029
43735,271042,9055,130465,6022,261987,21242,10212,11030
43740,271073,9055,130482,6022,262018,21246,10213,11033
43745,271104,9055,130493,6022,262049,21247,10214,11033
43750,271135,9055,130510,6022,262080,21248,10215,11033
43755,271166,9055,130523,6022,262111,21249,10215,11034
43760,271197,9055,130538,6022,262142,21250,10216,11034
43765,271228,9055,130558,6022,262173,21251,10217,11034
43770,271259,9055,130574,6022,262204,21252,10217,11035
43775,271290,9055,130593,6022,262235,21253,10217,11036
43780,271321,9055,130607,6022,262266,21254,10218,11036
43785,271352,9055,130620,6022,262297,21255,10219,11036
43790,271383,9056,130632,6022,262327,21257,10219,11038
43795,271414,9057,130647,6023,262357,21259,10221,11038
43800,271445,9058,130663,6024,262386,21261,10222,11039
43805,271476,9060,130677,6026,262415,21263,10224,11039
43810,271507,9062,130691,6027,262445,21265,10225,11040
43815,271538,9063,130703,6028,262475,21267,10225,11042
43820,271569,9064,130720,6028,262505,21268,10225,11043
43825,271600,9065,130736,6029,262535,21269,10226,11043
43830,271631,9066,130754,6030,262565,21270,10226,11044
43835,271662,9067,130771,6030,262595,21271,10227,11044
43840,271693,9068,130788,6031,262625,21272,10227,11045
43845,271724,9069,130805,6032,262655,21274,10228,11046
43850,271755,9072,130820,6035,262683,21279,10231,11048
43855,271786,9075,130837,6038,262711,21282,10232,11050
43860,271817,9078,130851,6040,262739,21284,10233,11051
43865,271848,9080,130864,6042,262768,21285,10233,11052
43870,271879,9082,130876,6044,262797,21286,10233,11053
43875,271910,9084,130894,6046,262826,21287,10233,11054
43880,271941,9085,130909,6046,262856,21288,10234,11054
43885,271972,9086,130924,6046,262886,21289,10235,11054
43890,272003,9088,130936,6048,262915,21290,10235,11055
43895,272034,9089,130950,6049,262945,21292,10235,11057
43900,272065,9091,130963,6051,262974,21294,10235,11059
43905,272096,9092,130973,6051,263004,21296,10235,11061
43910,272127,9093,130985,6051,263034,21298,10237,11061
43915,272158,9095,130999,6053,263063,21300,10237,11063
43920,272189,9097,131013,6055,263092,21302,10237,11065
43925,272220,9097,131026,6055,263123,21304,10238,11066
43930,272251,9097,131040,6055,263154,21306,10239,11067
43935,272282,9097,131055,6055,263185,21307,10239,11068
43940,272313,9097,131074,6055,263216,21308,10240,11068
43945,272344,9097,131088,6055,263247,21309,10241,11068
43950,272375,9097,131105,6055,263278,21310,10241,11069
43955,272406,9097,131119,6055,263309,21313,10243,11070
43960,272437,9097,131133,6055,263340,21316,10243,11073
43965,272468,9097,131147,6055,263371,21321,10246,11075
43970,272499,9098,131162,6056,263401,21326,10248,11078
43975,272530,9099,131176,6056,263431,21329,10249,11080
43980,272561,9100,131191,6056,263461,21332,10250,11082
43985,272592,9102,131208,6057,263490,21335,10252,11083
43990,272623,9105,131221,6058,263518,21338,10254,11084
43995,272654,9109,131239,6062,263545,21340,10255,11085
44000,272685,9113,131255,6065,263572,21342,10256,11086
44005,272716,9116,131268,6066,263600,21344,10256,11088
44010,272747,9118,131285,6067,263629,21346,10257,11089
44015,272778,9121,131300,6068,263657,21348,10259,11089
44020,272809,9123,131308,6069,263686,21350,10259,11091
44025,272840,9127,131324,6072,263713,21352,10260,11092
44030,272871,9129,131334,6073,263742,21354,10261,11093
44035,272902,9133,131353,6076,263769,21356,10261,11095
44040,272933,9135,131365,6076,263798,21358,10261,11097
44045,272964,9135,131375,6076,263829,21360,10262,11098
44050,272995,9135,131393,6076,263860,21363,10265,11098
44055,273026,9135,131410,6076,263891,21366,10267,11099
44060,273057,9135,131427,6076,263922,21369,10269,11100
44065,273088,9135,131445,6076,263953,21372,10271,11101
44070,273119,9135,131460,6076,263984,21375,10273,11102
44075,273150,9135,131475,6076,264015,21380,10278,11102
44080,273181,9135,131493,6076,264046,21385,10281,11104
44085,273212,9135,131513,6076,264077,21390,10284,11106
44090,273243,9135,131527,6076,264108,21395,10287,11108
44095,273274,9135,131539,6076,264139,21399,10290,11109
44100,273305,9135,131560,6076,264170,21403,10292,11111
44105,273336,9135,131572,6076,264201,21404,10293,11111
44110,273367,9135,131586,6076,264232,21405,10293,11112
44115,273398,9135,131603,6076,264263,21406,10294,11112
44120,273429,9135,131617,6076,264294,21407,10294,11113
44125,273460,9135,131627,6076,264325,21408,10294,11114
44130,273491,9135,131643,6076,264356,21409,10294,11115
44135,273522,9135,131661,6076,264387,21410,10294,11116
44140,273553,9135,131681,6076,264418,21411,10295,11116
44145,273584,9135,131698,6076,264449,21412,10296,11116
44150,273615,9136,131715,6076,264479,21413,10296,11117
44155,273646,9139,131732,6078,264507,21414,10296,11118
44160,273677,9142,131748,6080,264535,21416,10296,11120
44165,273708,9145,131766,6082,264562,21418,10297,11121
44170,273739,9149,131785,6086,264589,21420,10298,11122
44175,273770,9153,131803,6089,264616,21421,10298,11123
44180,273801,9156,131817,6092,264645,21422,10299,11123
44185,273832,9159,131830,6093,264672,21423,10300,11123
44190,273863,9164,131848,6097,264698,21424,10300,11124
44195,273894,9167,131861,6099,264727,21426,10301,11125
44200,273925,9169,131873,6100,264755,21428,10303,11125
44205,273956,9173,131892,6104,264782,21431,10305,11126
44210,273987,9178,131913,6108,264809,21436,10307,11129
44215,274018,9182,131930,6112,264836,21441,10311,11130
44220,274049,9185,131945,6115,264864,21446,10315,11131
44225,274080,9185,131963,6115,264895,21448,10316,11132
44230,274111,9185,131982,6115,264926,21450,10318,11132
44235,274142,9185,131996,6115,264957,21451,10318,11133
44240,274173,9185,132015,6115,264988,21452,10319,11133
44245,274204,9185,132028,6115,265019,21453,10319,11134
44250,274235,9185,132037,6115,265050,21454,10319,11135
44255,274266,9185,132049,6115,265081,21455,10320,11135
44260,274297,9185,132063,6115,265112,21456,10321,11135
44265,274328,9185,132080,6115,265143,21457,10322,11135
44270,274359,9185,132096,6115,265174,21458,10323,11135
44275,274390,9185,132106,6115,265205,21459,10324,11135
44280,274421,9185,132121,6115,265236,21460,10324,11136
44285,274452,9185,132135,6115,265267,21462,10325,11137
44290,274483,9185,132158,6115,265298,21464,10326,11138
44295,274514,9185,132176,6115,265329,21467,10327,11140
44300,274545,9185,132192,6115,265360,21470,10329,11141
44305,274576,9185,132210,6115,265391,21472,10331,11141
44310,274607,9185,132225,6115,265422,21474,10332,11142
44315,274638,9185,132241,6115,265453,21477,10333,11144
44320,274669,9185,132254,6115,265484,21480,10334,11146
44325,274700,9185,132264,6115,265515,21484,10335,11149
44330,274731,9185,132278,6115,265546,21488,10338,11150
44335,274762,9186,132295,6116,265576,21492,10340,11152
44340,274793,9187,132309,6116,265606,21497,10342,11155
44345,274824,9188,132326,6116,265635,21502,10345,11157
44350,274855,9190,132340,6118,265665,21507,10348,11159
44355,274886,9191,132352,6119,265694,21512,10349,11163
44360,274917,9193,132365,6120,265724,21516,10351,11165
44365,274948,9194,132374,6121,265754,21519,10352,11167
44370,274979,9195,132388,6121,265784,21522,10354,11168
44375,275010,9197,132400,6122,265813,21525,10355,11170
44380,275041,9198,132416,6123,265843,21528,10356,11172
44385,275072,9199,132427,6123,265873,21531,10359,11172
44390,275103,9203,132440,6126,265900,21534,10360,11174
44395,275134,9206,132453,6128,265928,21537,10360,11177
44400,275165,9211,132466,6132,265954,21540,10360,11180
44405,275196,9211,132486,6132,265985,21542,10362,11180
44410,275227,9211,132504,6132,266016,21544,10362,11182
44415,275258,9211,132521,6132,266047,21546,10363,11183
44420,275289,9211,132537,6132,266078,21548,10364,11184
44425,275320,9211,132549,6132,266109,21550,10365,11185
44430,275351,9211,132566,6132,266140,21552,10367,11185
44435,275382,9211,132581,6132,266171,21555,10368,11187
44440,275413,9211,132594,6132,266202,21558,10368,11190
44445,275444,9211,132610,6132,266233,21561,10368,11193
44450,275475,9211,132625,6132,266264,21564,10369,11195
44455,275506,9211,132640,6132,266295,21567,10371,11196
44460,275537,9211,132653,6132,266326,21570,10373,11197
44465,275568,9211,132667,6132,266357,21572,10373,11199
44470,275599,9211,132683,6132,266388,21573,10373,11200
44475,275630,9211,132694,6132,266419,21574,10373,11201
44480,275661,9211,132713,6132,266450,21574,10373,11201
44485,275692,9211,132726,6132,266481,21574,10373,11201
44490,275723,9211,132743,6132,266512,21574,10373,11201
44495,275754,9211,132755,6132,266543,21574,10373,11201
44500,275785,9211,132767,6132,266574,21574,10373,11201
44505,275816,9211,132781,6132,266604,21575,10373,11202
44510,275847,9216,132802,6136,266630,21576,10374,11202
44515,275878,9219,132811,6138,266659,21576,10374,11202
44520,275909,9222,132825,6141,266686,21576,10374,11202
44525,275940,9224,132843,6142,266716,21578,10375,11203
44530,275971,9226,132858,6144,266745,21580,10376,11204
44535,276002,9227,132872,6144,266775,21583,10379,11204
44540,276033,9230,132887,6147,266803,21586,10381,11205
44545,276064,9231,132899,6147,266833,21589,10382,11207
44550,276095,9231,132911,6147,266864,21592,10383,11209
44555,276126,9231,132929,6147,266895,21595,10385,11210
44560,276157,9231,132941,6147,266926,21598,10386,11212
44565,276188,9231,132956,6147,266957,21601,10387,11214
44570,276219,9231,132972,6147,266988,21604,10389,11215
44575,276250,9231,132983,6147,267019,21607,10390,11217
44580,276281,9231,133000,6147,267050,21610,10392,11218
44585,276312,9232,133016,6148,267080,21613,10392,11221
44590,276343,9233,133033,6148,267110,21615,10393,11222
44595,276374,9234,133044,6148,267140,21617,10394,11223
44600,276405,9235,133059,6149,267170,21619,10394,11225
44605,276436,9236,133074,6150,267200,21621,10395,11226
44610,276467,9237,133086,6151,267230,21623,10395,11228
44615,276498,9238,133103,6151,267260,21625,10396,11229
44620,276529,9239,133116,6152,267290,21627,10398,11229
44625,276560,9240,133129,6152,267320,21629,10400,11229
44630,276591,9241,133139,6152,267350,21633,10402,11231
44635,276622,9242,133160,6152,267379,21637,10404,11233
44640,276653,9244,133175,6153,267408,21641,10407,11234
44645,276684,9246,133187,6155,267438,21644,10408,11236
44650,276715,9248,133204,6156,267467,21647,10410,11237
44655,276746,9250,133218,6157,267495,21649,10410,11239
44660,276777,9253,133231,6159,267524,21650,10411,11239
44665,276808,9255,133245,6159,267552,21651,10411,11240
44670,276839,9258,133253,6161,267581,21652,10412,11240
44675,276870,9260,133267,6162,267610,21653,10412,11241
44680,276901,9261,133280,6162,267640,21654,10412,11242
44685,276932,9263,133290,6163,267669,21656,10413,11243
44690,276963,9265,133306,6164,267698,21658,10414,11244
44695,276994,9267,133319,6166,267727,21661,10414,11247
44700,277025,9268,133335,6166,267757,21664,10416,11248
44705,277056,9269,133342,6166,267787,21666,10416,11250
44710,277087,9270,133356,6167,267817,21668,10416,11252
44715,277118,9271,133367,6167,267847,21670,10416,11254
44720,277149,9273,133383,6169,267876,21672,10418,11254
44725,277180,9275,133398,6171,267905,21674,10418,11256
44730,277211,9277,133411,6173,267934,21676,10419,11257
44735,277242,9277,133431,6173,267965,21678,10421,11257
44740,277273,9277,133453,6173,267996,21680,10422,11258
44745,277304,9277,133468,6173,268027,21681,10423,11258
44750,277335,9277,133481,6173,268058,21682,10424,11258
44755,277366,9277,133496,6173,268089,21684,10424,11260
44760,277397,9277,133508,6173,268120,21687,10426,11261
44765,277428,9279,133519,6174,268149,21690,10428,11262
44770,277459,9280,133539,6175,268179,21693,10430,11263
44775,277490,9281,133556,6176,268209,21696,10432,11264
44780,277521,9283,133577,6178,268238,21699,10434,11265
44785,277552,9284,133588,6178,268268,21702,10435,11267
44790,277583,9286,133600,6179,268297,21705,10438,11267
44795,277614,9286,133623,6179,268328,21708,10441,11267
44800,277645,9286,133636,6179,268359,21710,10441,11269
44805,277676,9286,133650,6179,268390,21712,10442,11270
44810,277707,9287,133664,6179,268420,21715,10445,11270
44815,277738,9289,133678,6180,268448,21718,10446,11272
44820,277769,9292,133694,6182,268477,21721,10447,11274
44825,277800,9293,133709,6183,268507,21724,10449,11275
44830,277831,9295,133725,6184,268536,21727,10452,11275
44835,277862,9297,133739,6186,268565,21730,10453,11277
44840,277893,9298,133751,6187,268595,21733,10454,11279
44845,277924,9299,133764,6188,268625,21736,10456,11280
44850,277955,9301,133777,6189,268654,21739,10458,11281
44855,277986,9302,133791,6189,268684,21741,10460,11281
44860,278017,9303,133805,6189,268714,21743,10461,11282
44865,278048,9304,133822,6190,268744,21745,10462,11283
44870,278079,9305,133835,6190,268774,21747,10463,11284
44875,278110,9306,133844,6191,268804,21749,10464,11285
44880,278141,9307,133862,6192,268834,21751,10466,11285
44885,278172,9308,133874,6192,268864,21754,10466,11288
44890,278203,9310,133888,6194,268893,21757,10466,11291
44895,278234,9313,133904,6196,268921,21760,10468,11292
44900,278265,9316,133921,6197,268949,21764,10471,11293
44905,278296,9318,133943,6199,268978,21768,10474,11294
44910,278327,9319,133962,6200,269008,21772,10474,11298
44915,278358,9320,133973,6200,269038,21777,10475,11302
44920,278389,9321,133986,6200,269068,21782,10477,11305
44925,278420,9322,133995,6200,269098,21787,10480,11307
44930,278451,9323,134009,6201,269128,21792,10482,11310
44935,278482,9325,134023,6203,269157,21798,10483,11315
44940,278513,9326,134035,6204,269187,21802,10485,11317
44945,278544,9327,134048,6204,269217,21804,10486,11318
44950,278575,9328,134063,6205,269247,21806,10488,11318
44955,278606,9329,134081,6206,269277,21808,10488,11320
44960,278637,9332,134096,6209,269305,21810,10489,11321
44965,278668,9334,134111,6210,269334,21812,10490,11322
44970,278699,9336,134127,6211,269363,21814,10491,11323
44975,278730,9337,134140,6211,269393,21815,10492,11323
44980,278761,9337,134156,6211,269424,21816,10493,11323
44985,278792,9337,134171,6211,269455,21817,10493,11324
44990,278823,9337,134187,6211,269486,21818,10494,11324
44995,278854,9337,134205,6211,269517,21819,10494,11325
45000,278885,9337,134222,6211,269548,21820,10495,11325
45005,278916,9337,134233,6211,269579,21823,10496,11327
45010,278947,9337,134246,6211,269610,21824,10496,11328
45015,278978,9337,134265,6211,269641,21825,10497,11328
45020,279009,9337,134282,6211,269672,21826,10497,11329
45025,279040,9337,134292,6211,269703,21827,10497,11330
45030,279071,9337,134307,6211,269734,21828,10498,11330
45035,279102,9337,134319,6211,269765,21829,10498,11331
45040,279133,9337,134335,6211,269796,21831,10499,11332
45045,279164,9337,134348,6211,269827,21834,10501,11333
45050,279195,9338,134369,6211,269856,21838,10503,11335
45055,279226,9341,134385,6213,269884,21842,10504,11338
45060,279257,9344,134399,6215,269912,21845,10505,11340
45065,279288,9346,134417,6217,269942,21847,10506,11341
45070,279319,9347,134430,6218,269972,21849,10506,11343
45075,279350,9349,134445,6219,270001,21851,10506,11345
45080,279381,9350,134458,6219,270031,21853,10507,11346
45085,279412,9351,134471,6220,270061,21855,10508,11347
45090,279443,9353,134482,6221,270090,21857,10508,11349
45095,279474,9354,134497,6222,270120,21859,10510,11349
45100,279505,9356,134516,6223,270149,21861,10510,11351
45105,279536,9357,134527,6223,270179,21863,10510,11353
45110,279567,9358,134540,6224,270209,21865,10510,11355
45115,279598,9359,134553,6224,270239,21868,10511,11357
45120,279629,9360,134563,6225,270269,21872,10511,11361
45125,279660,9361,134580,6226,270299,21875,10512,11363
45130,279691,9362,134595,6226,270329,21878,10514,11364
45135,279722,9363,134607,6226,270359,21880,10516,11364
45140,279753,9364,134622,6226,270389,21882,10517,11365
45145,279784,9365,134634,6226,270419,21884,10518,11366
45150,279815,9367,134648,6228,270448,21886,10520,11366
45155,279846,9368,134660,6228,270478,21888,10520,11368
45160,279877,9370,134678,6230,270507,21890,10521,11369
45165,279908,9371,134695,6230,270537,21893,10523,11370
45170,279939,9372,134713,6231,270567,21896,10526,11370
45175,279970,9374,134725,6232,270596,21899,10527,11372
45180,280001,9376,134736,6233,270624,21902,10528,11374
45185,280032,9378,134746,6234,270654,21904,10528,11376
45190,280063,9378,134762,6234,270685,21906,10529,11377
45195,280094,9378,134778,6234,270716,21908,10531,11377
45200,280125,9378,134793,6234,270747,21910,10533,11377
45205,280156,9378,134810,6234,270778,21912,10534,11378
45210,280187,9378,134828,6234,270809,21914,10536,11378
45215,280218,9378,134843,6234,270840,21916,10536,11380
45220,280249,9378,134854,6234,270871,21918,10537,11381
45225,280280,9378,134868,6234,270902,21921,10538,11383
45230,280311,9378,134883,6234,270933,21924,10539,11385
45235,280342,9378,134896,6234,270964,21927,10539,11388
45240,280373,9378,134907,6234,270995,21931,10542,11389
45245,280404,9379,134925,6235,271025,21934,10544,11390
45250,280435,9380,134939,6235,271055,21937,10545,11392
45255,280466,9382,134955,6236,271084,21940,10547,11393
45260,280497,9383,134971,6236,271114,21942,10548,11394
45265,280528,9384,134988,6236,271144,21944,10549,11395
45270,280559,9385,135002,6237,271174,21946,10550,11396
45275,280590,9387,135016,6239,271203,21948,10550,11398
45280,280621,9389,135031,6240,271232,21950,10552,11398
45285,280652,9390,135046,6241,271262,21953,10554,11399
45290,280683,9392,135062,6242,271291,21956,10556,11400
45295,280714,9398,135078,6247,271316,21960,10558,11402
45300,280745,9401,135090,6248,271344,21964,10559,11405
45305,280776,9401,135106,6248,271375,21965,10559,11406
45310,280807,9401,135120,6248,271406,21966,10560,11406
45315,280838,9401,135129,6248,271437,21967,10561,11406
45320,280869,9401,135144,6248,271468,21968,10561,11407
45325,280900,9401,135157,6248,271499,21968,10561,11407
45330,280931,9401,135176,6248,271530,21968,10561,11407
45335,280962,9401,135194,6248,271561,21968,10561,11407
45340,280993,9401,135210,6248,271592,21968,10561,11407
45345,281024,9401,135225,6248,271623,21968,10561,11407
45350,281055,9401,135237,6248,271654,21969,10561,11408
45355,281086,9401,135252,6248,271685,21970,10561,11409
45360,281117,9401,135272,6248,271716,21972,10561,11411
45365,281148,9401,135291,6248,271747,21974,10562,11412
45370,281179,9401,135304,6248,271778,21975,10562,11413
45375,281210,9401,135319,6248,271809,21977,10563,11414
45380,281241,9401,135337,6248,271840,21979,10564,11415
45385,281272,9401,135352,6248,271871,21981,10566,11415
45390,281303,9401,135365,6248,271902,21983,10566,11417
45395,281334,9401,135380,6248,271933,21985,10568,11417
45400,281365,9401,135396,6248,271964,21987,10569,11418
45405,281396,9401,135414,6248,271995,21990,10570,11420
45410,281427,9402,135426,6248,272025,21992,10571,11421
45415,281458,9404,135435,6250,272054,21994,10572,11422
45420,281489,9408,135454,6254,272081,21996,10572,11424
45425,281520,9410,135470,6255,272110,21999,10573,11426
45430,281551,9410,135482,6255,272141,22001,10574,11427
45435,281582,9410,135495,6255,272172,22003,10575,11428
45440,281613,9410,135512,6255,272203,22005,10576,11429
45445,281644,9410,135530,6255,272234,22007,10577,11430
45450,281675,9410,135550,6255,272265,22009,10578,11431
45455,281706,9410,135564,6255,272296,22011,10579,11432
45460,281737,9410,135581,6255,272327,22013,10580,11433
45465,281768,9410,135597,6255,272358,22016,10580,11436
45470,281799,9410,135609,6255,272389,22019,10582,11437
45475,281830,9410,135628,6255,272420,22022,10584,11438
45480,281861,9410,135642,6255,272451,22025,10585,11440
45485,281892,9410,135657,6255,272482,22027,10587,11440
45490,281923,9410,135674,6255,272513,22029,10589,11440
45495,281954,9410,135690,6255,272544,22031,10590,11441
45500,281985,9410,135703,6255,272575,22033,10591,11442
45505,282016,9410,135715,6255,272606,22035,10592,11443
45510,282047,9410,135733,6255,272637,22037,10594,11443
45515,282078,9410,135744,6255,272668,22039,10594,11445
45520,282109,9410,135759,6255,272699,22041,10594,11447
45525,282140,9410,135772,6255,272730,22043,10594,11449
45530,282171,9412,135789,6256,272759,22046,10596,11450
45535,282202,9414,135804,6257,272788,22049,10599,11450
45540,282233,9419,135823,6262,272814,22052,10601,11451
45545,282264,9419,135839,6262,272845,22053,10601,11452
45550,282295,9419,135856,6262,272876,22054,10601,11453
45555,282326,9419,135866,6262,272907,22056,10601,11455
45560,282357,9419,135884,6262,272938,22057,10602,11455
45565,282388,9419,135901,6262,272969,22058,10602,11456
45570,282419,9419,135913,6262,273000,22059,10602,11457
45575,282450,9419,135929,6262,273031,22060,10603,11457
45580,282481,9419,135945,6262,273062,22061,10604,11457
45585,282512,9419,135958,6262,273093,22062,10604,11458
45590,282543,9419,135974,6262,273124,22064,10605,11459
45595,282574,9419,135995,6262,273155,22066,10606,11460
45600,282605,9419,136010,6262,273186,22068,10607,11461
45605,282636,9419,136028,6262,273217,22069,10607,11462
45610,282667,9419,136042,6262,273248,22070,10607,11463
45615,282698,9419,136059,6262,273279,22071,10608,11463
45620,282729,9419,136076,6262,273310,22072,10608,11464
45625,282760,9419,136092,6262,273341,22073,10608,11465
45630,282791,9419,136107,6262,273372,22074,10609,11465
45635,282822,9419,136121,6262,273403,22075,10609,11466
45640,282853,9419,136132,6262,273434,22076,10610,11466
45645,282884,9419,136144,6262,273465,22078,10611,11467
45650,282915,9421,136158,6263,273494,22084,10614,11470
45655,282946,9424,136174,6266,273521,22090,10616,11474
45660,282977,9428,136190,6269,273548,22095,10620,11475
45665,283008,9430,136204,6271,273578,22099,10623,11476
45670,283039,9432,136219,6273,273607,22103,10625,11478
45675,283070,9434,136234,6275,273636,22107,10628,11479
45680,283101,9435,136254,6276,273666,22110,10630,11480
45685,283132,9436,136266,6276,273696,22113,10632,11481
45690,283163,9438,136282,6278,273725,22116,10634,11482
45695,283194,9441,136295,6281,273753,22119,10636,11483
45700,283225,9443,136305,6282,273782,22122,10637,11485
45705,283256,9444,136320,6282,273812,22125,10639,11486
45710,283287,9445,136336,6283,273842,22129,10640,11489
45715,283318,9447,136352,6285,273871,22133,10640,11493
45720,283349,9447,136363,6285,273902,22137,10641,11496
45725,283380,9447,136382,6285,273933,22139,10643,11496
45730,283411,9447,136399,6285,273964,22141,10645,11496
45735,283442,9447,136413,6285,273995,22143,10646,11497
45740,283473,9447,136428,6285,274026,22145,10648,11497
45745,283504,9447,136440,6285,274057,22147,10649,11498
45750,283535,9447,136455,6285,274088,22149,10649,11500
45755,283566,9447,136463,6285,274119,22151,10650,11501
45760,283597,9447,136480,6285,274150,22154,10653,11501
45765,283628,9447,136495,6285,274181,22157,10654,11503
45770,283659,9448,136506,6286,274211,22162,10656,11506
45775,283690,9449,136520,6286,274240,22168,10657,11511
45780,283721,9452,136541,6289,274268,22174,10661,11513
45785,283752,9455,136552,6291,274297,22178,10663,11515
45790,283783,9457,136567,6292,274326,22181,10663,11518
45795,283814,9459,136584,6294,274355,22184,10665,11519
45800,283845,9461,136596,6295,274384,22187,10668,11519
45805,283876,9463,136610,6296,274413,22189,10669,11520
45810,283907,9465,136626,6297,274442,22191,10670,11521
45815,283938,9467,136642,6298,274471,22193,10671,11522
45820,283969,9469,136661,6299,274500,22195,10672,11523
45825,284000,9471,136672,6300,274529,22198,10674,11524
45830,284031,9473,136686,6301,274558,22201,10676,11525
45835,284062,9474,136699,6302,274588,22204,10677,11527
45840,284093,9475,136709,6302,274618,22207,10678,11529
45845,284124,9476,136724,6302,274648,22208,10678,11530
45850,284155,9477,136735,6302,274678,22209,10678,11531
45855,284186,9478,136751,6302,274708,22210,10679,11531
45860,284217,9479,136767,6303,274738,22211,10679,11532
45865,284248,9480,136780,6303,274768,22212,10679,11533
45870,284279,9481,136795,6304,274798,22213,10680,11533
45875,284310,9482,136814,6304,274828,22214,10681,11533
45880,284341,9483,136829,6305,274858,22215,10682,11533
45885,284372,9484,136843,6306,274887,22217,10684,11533
45890,284403,9485,136860,6307,274918,22220,10685,11535
45895,284434,9485,136876,6307,274949,22224,10687,11537
45900,284465,9485,136887,6307,274980,22227,10688,11539
45905,284496,9487,136903,6309,275009,22230,10690,11540
45910,284527,9489,136921,6311,275038,22233,10691,11542
45915,284558,9490,136937,6312,275068,22236,10694,11542
45920,284589,9491,136946,6312,275098,22238,10694,11544
45925,284620,9493,136967,6314,275127,22240,10696,11544
45930,284651,9495,136985,6316,275156,22242,10698,11544
45935,284682,9497,137000,6317,275185,22244,10699,11545
45940,284713,9497,137017,6317,275216,22246,10700,11546
45945,284744,9497,137036,6317,275247,22248,10700,11548
45950,284775,9497,137049,6317,275278,22249,10700,11549
45955,284806,9497,137063,6317,275309,22250,10700,11550
45960,284837,9497,137080,6317,275340,22251,10701,11550
45965,284868,9497,137094,6317,275371,22252,10701,11551
45970,284899,9497,137113,6317,275402,22253,10701,11552
45975,284930,9497,137128,6317,275433,22254,10702,11552
45980,284961,9497,137139,6317,275464,22255,10703,11552
45985,284992,9497,137150,6317,275495,22256,10703,11553
45990,285023,9497,137164,6317,275526,22258,10704,11554
45995,285054,9499,137175,6319,275555,22260,10705,11555
46000,285085,9501,137189,6321,275584,22263,10706,11557
46005,285116,9503,137201,6323,275613,22267,10708,11559
46010,285147,9505,137213,6324,275641,22273,10711,11562
46015,285178,9509,137225,6328,275669,22279,10714,11565
46020,285209,9510,137241,6329,275699,22285,10716,11569
46025,285240,9512,137258,6330,275728,22288,10718,11570
46030,285271,9514,137268,6331,275757,22290,10719,11571
46035,285302,9516,137285,6333,275786,22292,10720,11572
46040,285333,9517,137300,6334,275816,22294,10721,11573
46045,285364,9519,137311,6336,275845,22296,10722,11574
46050,285395,9519,137328,6336,275876,22298,10723,11575
46055,285426,9519,137345,6336,275907,22300,10725,11575
46060,285457,9519,137365,6336,275938,22302,10726,11576
46065,285488,9519,137379,6336,275969,22304,10727,11577
46070,285519,9519,137387,6336,276000,22306,10727,11579
46075,285550,9519,137404,6336,276031,22308,10728,11580
46080,285581,9519,137418,6336,276062,22310,10729,11581
46085,285612,9519,137434,6336,276093,22312,10730,11582
46090,285643,9519,137449,6336,276124,22314,10731,11583
46095,285674,9519,137463,6336,276155,22316,10733,11583
46100,285705,9519,137471,6336,276186,22318,10733,11585
46105,285736,9519,137483,6336,276217,22320,10733,11587
46110,285767,9519,137493,6336,276248,22322,10734,11588
46115,285798,9519,137510,6336,276279,22324,10735,11589
46120,285829,9519,137530,6336,276310,22326,10736,11590
46125,285860,9519,137545,6336,276341,22328,10737,11591
46130,285891,9522,137561,6338,276369,22334,10739,11595
46135,285922,9524,137576,6340,276398,22340,10743,11597
46140,285953,9527,137593,6343,276426,22347,10748,11599
46145,285984,9530,137608,6345,276454,22350,10749,11601
46150,286015,9531,137629,6346,276484,22352,10751,11601
46155,286046,9532,137644,6347,276514,22354,10751,11603
46160,286077,9534,137661,6349,276543,22356,10753,11603
46165,286108,9537,137676,6351,276571,22358,10755,11603
46170,286139,9540,137692,6353,276599,22360,10757,11603
46175,286170,9542,137706,6355,276628,22362,10758,11604
46180,286201,9543,137720,6356,276658,22363,10758,11605
46185,286232,9543,137733,6356,276689,22364,10759,11605
46190,286263,9543,137750,6356,276720,22365,10760,11605
46195,286294,9543,137762,6356,276751,22366,10760,11606
46200,286325,9543,137771,6356,276782,22367,10760,11607
46205,286356,9543,137791,6356,276813,22368,10760,11608
46210,286387,9543,137811,6356,276844,22369,10761,11608
46215,286418,9543,137825,6356,276875,22370,10762,11608
46220,286449,9543,137840,6356,276906,22371,10762,11609
46225,286480,9543,137851,6356,276937,22372,10762,11610
46230,286511,9543,137864,6356,276968,22373,10763,11610
46235,286542,9543,137879,6356,276999,22374,10763,11611
46240,286573,9543,137900,6356,277030,22375,10763,11612
46245,286604,9543,137917,6356,277061,22379,10764,11615
46250,286635,9543,137931,6356,277091,22383,10765,11618
46255,286666,9545,137948,6358,277121,22387,10767,11620
46260,286697,9546,137968,6358,277150,22391,10769,11622
46265,286728,9550,137986,6360,277178,22395,10772,11623
46270,286759,9553,138001,6361,277206,22398,10773,11625
46275,286790,9556,138020,6364,277234,22401,10774,11627
46280,286821,9559,138038,6367,277262,22403,10776,11627
46285,286852,9562,138053,6370,277290,22406,10778,11628
46290,286883,9566,138064,6372,277317,22409,10779,11630
46295,286914,9568,138084,6373,277346,22412,10782,11630
46300,286945,9570,138101,6374,277375,22415,10783,11632
46305,286976,9574,138118,6377,277402,22418,10784,11634
46310,287007,9578,138133,6379,277429,22421,10786,11635
46315,287038,9580,138149,6381,277458,22424,10787,11637
46320,287069,9581,138164,6381,277488,22427,10788,11639
46325,287100,9583,138178,6382,277517,22430,10790,11640
46330,287131,9583,138198,6382,277548,22433,10793,11640
46335,287162,9583,138210,6382,277579,22436,10793,11643
46340,287193,9583,138224,6382,277610,22439,10794,11645
46345,287224,9583,138244,6382,277641,22442,10797,11645
46350,287255,9583,138261,6382,277672,22445,10798,11647
46355,287286,9583,138279,6382,277703,22449,10800,11649
46360,287317,9583,138292,6382,277734,22453,10802,11651
46365,287348,9583,138306,6382,277765,22456,10805,11651
46370,287379,9583,138316,6382,277796,22459,10805,11654
46375,287410,9583,138327,6382,277827,22462,10805,11657
46380,287441,9583,138339,6382,277858,22465,10806,11659
46385,287472,9583,138355,6382,277889,22468,10807,11661
46390,287503,9583,138372,6382,277920,22471,10809,11662
46395,287534,9583,138388,6382,277951,22473,10809,11664
46400,287565,9583,138402,6382,277982,22475,10809,11666
46405,287596,9583,138415,6382,278013,22477,10811,11666
46410,287627,9583,138430,6382,278044,22479,10813,11666
46415,287658,9583,138442,6382,278075,22481,10815,11666
46420,287689,9584,138461,6383,278105,22482,10816,11666
46425,287720,9585,138476,6384,278135,22483,10816,11667
46430,287751,9586,138490,6385,278165,22484,10817,11667
46435,287782,9588,138507,6387,278194,22485,10818,11667
46440,287813,9591,138520,6389,278222,22486,10818,11668
46445,287844,9596,138537,6393,278248,22488,10820,11668
46450,287875,9599,138550,6395,278276,22490,10820,11670
46455,287906,9602,138562,6398,278304,22492,10821,11671
46460,287937,9605,138578,6401,278332,22494,10822,11672
46465,287968,9607,138591,6402,278361,22496,10822,11674
46470,287999,9609,138605,6404,278390,22499,10824,11675
46475,288030,9611,138617,6405,278419,22503,10826,11677
46480,288061,9612,138632,6406,278449,22508,10828,11680
46485,288092,9614,138642,6408,278477,22513,10830,11683
46490,288123,9617,138659,6410,278505,22518,10832,11686
46495,288154,9621,138673,6413,278533,22524,10834,11690
46500,288185,9623,138685,6414,278561,22530,10835,11695
46505,288216,9624,138695,6415,278592,22534,10837,11697
46510,288247,9624,138711,6415,278623,22536,10838,11698
46515,288278,9624,138724,6415,278654,22538,10839,11699
46520,288309,9624,138743,6415,278685,22540,10841,11699
46525,288340,9624,138760,6415,278716,22542,10842,11700
46530,288371,9624,138773,6415,278747,22544,10843,11701
46535,288402,9624,138786,6415,278778,22546,10844,11702
46540,288433,9624,138801,6415,278809,22548,10845,11703
46545,288464,9624,138819,6415,278840,22550,10847,11703
46550,288495,9624,138831,6415,278871,22552,10847,11705
46555,288526,9624,138844,6415,278902,22554,10847,11707
46560,288557,9624,138856,6415,278933,22556,10848,11708
46565,288588,9626,138870,6416,278962,22559,10850,11709
46570,288619,9628,138881,6416,278990,22562,10852,11710
46575,288650,9631,138893,6418,279019,22565,10853,11712
46580,288681,9635,138909,6422,279046,22568,10854,11714
46585,288712,9638,138924,6425,279073,22571,10856,11715
46590,288743,9641,138943,6427,279101,22574,10858,11716
46595,288774,9645,138958,6430,279129,22576,10859,11717
46600,288805,9647,138971,6432,279158,22578,10860,11718
46605,288836,9650,138986,6435,279186,22580,10861,11719
46610,288867,9652,138997,6436,279215,22584,10861,11723
46615,288898,9653,139012,6436,279245,22589,10865,11724
46620,288929,9653,139026,6436,279276,22592,10866,11726
46625,288960,9653,139042,6436,279307,22594,10867,11727
46630,288991,9653,139057,6436,279338,22596,10869,11727
46635,289022,9653,139081,6436,279369,22598,10871,11727
46640,289053,9653,139096,6436,279400,22600,10872,11728
46645,289084,9653,139110,6436,279431,22602,10872,11730
46650,289115,9653,139126,6436,279462,22604,10873,11731
46655,289146,9653,139142,6436,279493,22606,10875,11731
46660,289177,9653,139157,6436,279524,22608,10876,11732
46665,289208,9653,139176,6436,279555,22610,10876,11734
46670,289239,9653,139193,6436,279586,22612,10877,11735
46675,289270,9653,139208,6436,279617,22614,10877,11737
46680,289301,9653,139223,6436,279648,22616,10877,11739
46685,289332,9653,139241,6436,279679,22619,10880,11739
46690,289363,9653,139260,6436,279710,22622,10882,11740
46695,289394,9653,139281,6436,279741,22626,10886,11740
46700,289425,9655,139295,6438,279770,22630,10887,11743
46705,289456,9656,139309,6439,279800,22634,10890,11744
46710,289487,9657,139323,6440,279829,22637,10890,11747
46715,289518,9659,139338,6441,279859,22640,10892,11748
46720,289549,9662,139348,6442,279887,22645,10894,11751
46725,289580,9665,139362,6444,279915,22650,10898,11752
46730,289611,9670,139380,6448,279940,22654,10899,11755
46735,289642,9675,139392,6452,279966,22658,10900,11758
46740,289673,9680,139408,6457,279992,22662,10903,11759
46745,289704,9682,139423,6458,280022,22662,10903,11759
46750,289735,9683,139438,6459,280052,22662,10903,11759
46755,289766,9685,139453,6461,280081,22662,10903,11759
46760,289797,9687,139464,6463,280110,22662,10903,11759
46765,289828,9687,139479,6463,280141,22662,10903,11759
46770,289859,9687,139497,6463,280172,22662,10903,11759
46775,289890,9687,139513,6463,280203,22662,10903,11759
46780,289921,9687,139526,6463,280234,22662,10903,11759
46785,289952,9687,139542,6463,280265,22662,10903,11759
46790,289983,9687,139556,6463,280296,22662,10903,11759
46795,290014,9687,139568,6463,280327,22662,10903,11759
46800,290045,9687,139585,6463,280358,22662,10903,11759
46805,290076,9687,139598,6463,280389,22662,10903,11759
46810,290107,9687,139618,6463,280420,22662,10903,11759
46815,290138,9687,139629,6463,280451,22663,10903,11760
46820,290169,9687,139650,6463,280482,22664,10903,11761
46825,290200,9687,139671,6463,280513,22665,10904,11761
46830,290231,9687,139687,6463,280544,22666,10905,11761
46835,290262,9687,139699,6463,280575,22668,10905,11763
46840,290293,9687,139714,6463,280606,22670,10905,11765
46845,290324,9687,139731,6463,280637,22673,10905,11768
46850,290355,9688,139748,6464,280667,22679,10909,11770
46855,290386,9689,139763,6465,280697,22684,10912,11772
46860,290417,9691,139781,6467,280726,22688,10914,11774
46865,290448,9694,139795,6469,280754,22690,10915,11775
46870,290479,9695,139804,6470,280784,22692,10916,11776
46875,290510,9696,139825,6471,280814,22694,10917,11777
46880,290541,9697,139841,6472,280844,22696,10918,11778
46885,290572,9698,139856,6473,280874,22698,10919,11779
46890,290603,9699,139875,6474,280904,22700,10920,11780
46895,290634,9700,139894,6475,280934,22702,10921,11781
46900,290665,9701,139907,6475,280964,22704,10922,11782
46905,290696,9702,139918,6475,280994,22706,10923,11783
46910,290727,9703,139932,6475,281024,22708,10923,11785
46915,290758,9704,139948,6476,281054,22710,10924,11786
46920,290789,9706,139963,6477,281083,22712,10926,11786
46925,290820,9708,139978,6478,281112,22714,10927,11787
46930,290851,9709,139995,6479,281142,22716,10927,11789
46935,290882,9710,140009,6480,281172,22718,10928,11790
46940,290913,9711,140026,6481,281202,22720,10930,11790
46945,290944,9713,140042,6482,281231,22722,10931,11791
46950,290975,9714,140055,6482,281261,22724,10931,11793
46955,291006,9714,140068,6482,281292,22727,10932,11795
46960,291037,9714,140087,6482,281323,22730,10933,11797
46965,291068,9714,140106,6482,281354,22735,10935,11800
46970,291099,9714,140118,6482,281385,22742,10936,11806
46975,291130,9715,140130,6483,281415,22748,10937,11811
46980,291161,9718,140147,6486,281443,22752,10938,11814
46985,291192,9718,140161,6486,281474,22755,10940,11815
46990,291223,9718,140177,6486,281505,22757,10942,11815
46995,291254,9718,140190,6486,281536,22759,10943,11816
47000,291285,9718,140200,6486,281567,22761,10943,11818
47005,291316,9718,140216,6486,281598,22763,10944,11819
47010,291347,9718,140231,6486,281629,22765,10944,11821
47015,291378,9718,140249,6486,281660,22767,10946,11821
47020,291409,9718,140264,6486,281691,22769,10948,11821
47025,291440,9718,140276,6486,281722,22771,10948,11823
47030,291471,9718,140290,6486,281753,22773,10950,11823
47035,291502,9718,140309,6486,281784,22775,10952,11823
47040,291533,9718,140322,6486,281815,22777,10952,11825
47045,291564,9718,140342,6486,281846,22779,10954,11825
47050,291595,9718,140358,6486,281877,22781,10956,11825
47055,291626,9718,140373,6486,281908,22783,10956,11827
47060,291657,9718,140387,6486,281939,22785,10957,11828
47065,291688,9718,140402,6486,281970,22787,10958,11829
47070,291719,9718,140414,6486,282001,22789,10959,11830
47075,291750,9718,140431,6486,282032,22792,10961,11831
47080,291781,9718,140438,6486,282063,22797,10961,11836
47085,291812,9719,140452,6487,282093,22802,10963,11839
47090,291843,9721,140465,6489,282122,22809,10964,11845
47095,291874,9725,140479,6491,282149,22815,10968,11847
47100,291905,9727,140493,6492,282178,22821,10970,11851
47105,291936,9729,140508,6493,282207,22824,10972,11852
47110,291967,9731,140519,6495,282236,22827,10974,11853
47115,291998,9733,140531,6497,282265,22830,10975,11855
47120,292029,9734,140546,6497,282295,22833,10976,11857
47125,292060,9734,140563,6497,282326,22836,10978,11858
47130,292091,9734,140580,6497,282357,22838,10979,11859
47135,292122,9734,140600,6497,282388,22840,10980,11860
47140,292153,9734,140613,6497,282419,22842,10980,11862
47145,292184,9734,140627,6497,282450,22844,10981,11863
47150,292215,9734,140638,6497,282481,22846,10982,11864
47155,292246,9734,140651,6497,282512,22848,10982,11866
47160,292277,9734,140664,6497,282543,22850,10983,11867
47165,292308,9734,140677,6497,282574,22852,10985,11867
47170,292339,9734,140687,6497,282605,22854,10985,11869
47175,292370,9734,140701,6497,282636,22856,10986,11870
47180,292401,9734,140718,6497,282667,22858,10986,11872
47185,292432,9734,140736,6497,282698,22860,10988,11872
47190,292463,9734,140749,6497,282729,22862,10990,11872
47195,292494,9734,140766,6497,282760,22865,10991,11874
47200,292525,9734,140781,6497,282791,22868,10992,11876
47205,292556,9734,140798,6497,282822,22873,10994,11879
47210,292587,9735,140812,6497,282852,22880,10999,11881
47215,292618,9736,140821,6497,282882,22886,10999,11887
47220,292649,9738,140835,6498,282911,22892,11001,11891
47225,292680,9742,140848,6500,282938,22893,11002,11891
47230,292711,9747,140869,6504,282963,22894,11003,11891
47235,292742,9750,140879,6505,282992,22895,11004,11891
47240,292773,9753,140894,6507,283019,22896,11005,11891
47245,292804,9755,140908,6509,283049,22897,11005,11892
47250,292835,9757,140921,6510,283078,22898,11005,11893
47255,292866,9759,140939,6512,283107,22899,11005,11894
47260,292897,9759,140955,6512,283138,22900,11005,11895
47265,292928,9759,140967,6512,283169,22901,11005,11896
47270,292959,9759,140982,6512,283200,22902,11006,11896
47275,292990,9759,140999,6512,283231,22903,11007,11896
47280,293021,9759,141018,6512,283262,22904,11008,11896
47285,293052,9759,141031,6512,283293,22905,11009,11896
47290,293083,9759,141041,6512,283324,22905,11009,11896
47295,293114,9759,141059,6512,283355,22905,11009,11896
47300,293145,9759,141070,6512,283386,22905,11009,11896
47305,293176,9759,141081,6512,283417,22905,11009,11896
47310,293207,9759,141097,6512,283448,22905,11009,11896
47315,293238,9759,141109,6512,283479,22906,11009,11897
47320,293269,9759,141117,6512,283510,22907,11009,11898
47325,293300,9759,141134,6512,283541,22910,11011,11899
47330,293331,9759,141153,6512,283572,22916,11015,11901
47335,293362,9759,141167,6512,283603,22922,11017,11905
47340,293393,9759,141176,6512,283634,22928,11018,11910
47345,293424,9759,141191,6512,283665,22931,11018,11913
47350,293455,9759,141205,6512,283696,22934,11019,11915
47355,293486,9759,141222,6512,283727,22936,11020,11916
47360,293517,9760,141235,6512,283757,22938,11021,11917
47365,293548,9761,141250,6513,283787,22940,11023,11917
47370,293579,9762,141265,6514,283817,22942,11025,11917
47375,293610,9763,141280,6515,283847,22944,11026,11918
47380,293641,9764,141295,6515,283877,22946,11027,11919
47385,293672,9765,141315,6516,283907,22948,11028,11920
47390,293703,9768,141333,6517,283935,22950,11029,11921
47395,293734,9770,141347,6517,283964,22952,11030,11922
47400,293765,9773,141360,6520,283992,22954,11031,11923
47405,293796,9775,141377,6521,284020,22958,11035,11923
47410,293827,9779,141394,6524,284048,22961,11037,11924
47415,293858,9781,141404,6525,284077,22964,11038,11926
47420,293889,9783,141418,6526,284106,22967,11039,11928
47425,293920,9784,141428,6527,284136,22970,11041,11929
47430,293951,9785,141443,6527,284166,22973,11044,11929
47435,293982,9786,141460,6528,284196,22976,11046,11930
47440,294013,9788,141475,6529,284225,22979,11046,11933
47445,294044,9789,141489,6529,284255,22982,11046,11936
47450,294075,9789,141505,6529,284286,22985,11049,11936
47455,294106,9789,141525,6529,284317,22988,11050,11938
47460,294137,9789,141534,6529,284348,22991,11051,11940
47465,294168,9789,141548,6529,284379,22994,11052,11942
47470,294199,9789,141568,6529,284410,22997,11054,11943
47475,294230,9789,141584,6529,284441,23000,11057,11943
47480,294261,9789,141596,6529,284472,23003,11058,11945
47485,294292,9789,141612,6529,284503,23005,11060,11945
47490,294323,9789,141631,6529,284534,23007,11062,11945
47495,294354,9789,141648,6529,284565,23009,11063,11946
47500,294385,9789,141663,6529,284596,23011,11065,11946
47505,294416,9789,141678,6529,284627,23013,11066,11947
47510,294447,9789,141689,6529,284658,23015,11066,11949
47515,294478,9790,141705,6529,284688,23020,11069,11951
47520,294509,9791,141723,6530,284718,23025,11071,11954
47525,294540,9792,141743,6530,284747,23026,11072,11954
47530,294571,9796,141759,6533,284775,23027,11072,11955
47535,294602,9798,141771,6534,284804,23028,11072,11956
47540,294633,9800,141786,6536,284832,23029,11073,11956
47545,294664,9803,141801,6538,284861,23030,11074,11956
47550,294695,9804,141813,6538,284891,23031,11074,11957
47555,294726,9806,141826,6539,284920,23032,11074,11958
47560,294757,9806,141839,6539,284951,23032,11074,11958
47565,294788,9806,141851,6539,284982,23032,11074,11958
47570,294819,9807,141866,6540,285012,23032,11074,11958
47575,294850,9808,141877,6541,285042,23032,11074,11958
47580,294881,9810,141891,6543,285071,23032,11074,11958
47585,294912,9814,141907,6546,285098,23036,11077,11959
47590,294943,9817,141925,6549,285126,23039,11080,11959
47595,294974,9818,141939,6549,285156,23042,11081,11961
47600,295005,9819,141958,6550,285186,23044,11083,11961
47605,295036,9820,141974,6551,285216,23046,11085,11961
47610,295067,9821,141994,6552,285246,23048,11087,11961
47615,295098,9823,142008,6554,285275,23050,11087,11963
47620,295129,9824,142023,6555,285305,23052,11089,11963
47625,295160,9825,142042,6556,285335,23055,11092,11963
47630,295191,9827,142056,6557,285364,23059,11096,11963
47635,295222,9828,142071,6557,285394,23063,11098,11965
47640,295253,9829,142090,6558,285424,23067,11099,11968
47645,295284,9831,142105,6560,285453,23070,11101,11969
47650,295315,9831,142120,6560,285484,23073,11103,11970
47655,295346,9831,142140,6560,285515,23075,11104,11971
47660,295377,9831,142155,6560,285546,23077,11105,11972
47665,295408,9831,142164,6560,285577,23079,11106,11973
47670,295439,9831,142177,6560,285608,23081,11107,11974
47675,295470,9831,142197,6560,285639,23083,11108,11975
47680,295501,9831,142211,6560,285670,23085,11110,11975
47685,295532,9831,142229,6560,285701,23087,11112,11975
47690,295563,9831,142238,6560,285732,23089,11113,11976
47695,295594,9831,142250,6560,285763,23092,11115,11977
47700,295625,9832,142265,6560,285792,23096,11117,11979
47705,295656,9835,142278,6562,285821,23100,11119,11981
47710,295687,9838,142286,6563,285849,23103,11120,11983
47715,295718,9841,142299,6565,285877,23106,11122,11984
47720,295749,9844,142316,6567,285905,23108,11123,11985
47725,295780,9847,142330,6569,285933,23110,11124,11986
47730,295811,9850,142345,6572,285961,23112,11125,11987
47735,295842,9852,142361,6572,285990,23114,11127,11987
47740,295873,9856,142378,6574,286017,23116,11128,11988
47745,295904,9859,142389,6575,286045,23119,11129,11990
47750,295935,9862,142403,6576,286073,23122,11131,11991
47755,295966,9867,142420,6580,286099,23126,11133,11993
47760,295997,9869,142429,6581,286128,23131,11134,11997
47765,296028,9870,142439,6581,286158,23131,11134,11997
47770,296059,9871,142455,6581,286188,23131,11134,11997
47775,296090,9872,142473,6582,286218,23131,11134,11997
47780,296121,9873,142487,6583,286248,23131,11134,11997
47785,296152,9874,142501,6583,286278,23131,11134,11997
47790,296183,9875,142512,6584,286308,23131,11134,11997
47795,296214,9876,142528,6584,286338,23131,11134,11997
47800,296245,9877,142543,6584,286368,23131,11134,11997
47805,296276,9878,142562,6585,286397,23131,11134,11997
47810,296307,9879,142581,6586,286428,23131,11134,11997
47815,296338,9879,142597,6586,286459,23131,11134,11997
47820,296369,9879,142614,6586,286490,23131,11134,11997
47825,296400,9879,142632,6586,286521,23131,11134,11997
47830,296431,9879,142647,6586,286552,23131,11134,11997
47835,296462,9879,142660,6586,286583,23131,11134,11997
47840,296493,9879,142673,6586,286614,23131,11134,11997
47845,296524,9879,142691,6586,286645,23131,11134,11997
47850,296555,9879,142705,6586,286676,23131,11134,11997
47855,296586,9879,142721,6586,286707,23131,11134,11997
47860,296617,9879,142739,6586,286738,23131,11134,11997
47865,296648,9881,142752,6587,286767,23134,11134,12000
47870,296679,9882,142770,6588,286797,23138,11136,12002
47875,296710,9885,142788,6590,286825,23143,11139,12004
47880,296741,9887,142801,6591,286854,23146,11140,12006
47885,296772,9889,142818,6593,286883,23149,11143,12006
47890,296803,9891,142833,6595,286912,23152,11144,12008
47895,296834,9893,142845,6596,286941,23155,11144,12011
47900,296865,9894,142858,6596,286971,23158,11145,12013
47905,296896,9894,142873,6596,287002,23161,11147,12014
47910,296927,9894,142893,6596,287033,23164,11148,12016
47915,296958,9896,142906,6597,287062,23167,11151,12016
47920,296989,9898,142926,6598,287091,23170,11152,12018
47925,297020,9899,142943,6599,287121,23173,11155,12018
47930,297051,9900,142958,6599,287150,23177,11157,12020
47935,297082,9902,142971,6600,287179,23181,11161,12020
47940,297113,9905,142985,6602,287208,23185,11164,12021
47945,297144,9907,142992,6602,287237,23187,11165,12022
47950,297175,9911,143008,6605,287264,23189,11166,12023
47955,297206,9913,143022,6605,287293,23191,11166,12025
47960,297237,9914,143037,6606,287323,23193,11166,12027
47965,297268,9915,143049,6607,287353,23195,11168,12027
47970,297299,9916,143067,6608,287383,23197,11169,12028
47975,297330,9917,143081,6609,287413,23199,11169,12030
47980,297361,9918,143098,6610,287443,23202,11170,12032
47985,297392,9919,143112,6610,287473,23206,11172,12034
47990,297423,9920,143129,6610,287503,23209,11175,12034
47995,297454,9922,143140,6611,287532,23212,11177,12035
48000,297485,9923,143155,6612,287562,23215,11178,12037
48005,297516,9924,143172,6612,287592,23218,11179,12039
48010,297547,9924,143192,6612,287623,23221,11181,12040
48015,297578,9924,143205,6612,287654,23225,11181,12044
48020,297609,9924,143217,6612,287685,23229,11183,12046
48025,297640,9924,143234,6612,287716,23232,11184,12048
48030,297671,9924,143252,6612,287747,23235,11185,12050
48035,297702,9924,143264,6612,287778,23238,11187,12051
48040,297733,9924,143283,6612,287809,23241,11189,12052
48045,297764,9924,143302,6612,287840,23244,11191,12053
48050,297795,9924,143317,6612,287871,23247,11192,12055
48055,297826,9924,143330,6612,287902,23251,11192,12059
48060,297857,9924,143346,6612,287933,23255,11194,12061
48065,297888,9926,143362,6614,287961,23261,11196,12065
48070,297919,9930,143377,6616,287989,23267,11200,12067
48075,297950,9933,143395,6618,288017,23272,11205,12067
48080,297981,9935,143414,6619,288045,23275,11206,12069
48085,298012,9939,143430,6622,288073,23278,11208,12070
48090,298043,9941,143447,6623,288102,23281,11209,12072
48095,298074,9943,143460,6625,288131,23284,11209,12075
48100,298105,9946,143479,6628,288159,23287,11210,12077
48105,298136,9948,143495,6629,288188,23289,11210,12079
48110,298167,9950,143510,6631,288217,23291,11212,12079
48115,298198,9951,143522,6632,288247,23293,11213,12080
48120,298229,9952,143537,6633,288277,23295,11214,12081
48125,298260,9952,143551,6633,288308,23298,11217,12081
48130,298291,9952,143569,6633,288339,23300,11218,12082
48135,298322,9952,143579,6633,288370,23302,11219,12083
48140,298353,9952,143592,6633,288401,23304,11219,12085
48145,298384,9952,143609,6633,288432,23306,11220,12086
48150,298415,9952,143626,6633,288463,23308,11221,12087
48155,298446,9952,143644,6633,288494,23311,11223,12088
48160,298477,9952,143657,6633,288525,23314,11224,12090
48165,298508,9952,143670,6633,288556,23317,11226,12091
48170,298539,9952,143683,6633,288587,23320,11227,12093
48175,298570,9952,143702,6633,288618,23324,11230,12094
48180,298601,9952,143717,6633,288649,23328,11233,12095
48185,298632,9952,143732,6633,288680,23333,11236,12097
48190,298663,9953,143750,6633,288710,23336,11238,12098
48195,298694,9954,143762,6633,288740,23339,11239,12100
48200,298725,9955,143771,6634,288770,23342,11239,12103
48205,298756,9957,143785,6636,288798,23345,11241,12104
48210,298787,9960,143801,6638,288826,23349,11241,12108
48215,298818,9962,143818,6639,288855,23353,11244,12109
48220,298849,9964,143833,6641,288885,23357,11246,12111
48225,298880,9966,143849,6643,288914,23361,11248,12113
48230,298911,9969,143863,6646,288942,23364,11249,12115
48235,298942,9971,143876,6647,288970,23367,11250,12117
48240,298973,9976,143892,6650,288997,23370,11251,12119
48245,299004,9976,143905,6650,289028,23372,11252,12120
48250,299035,9976,143921,6650,289059,23373,11253,12120
48255,299066,9976,143930,6650,289090,23374,11253,12121
48260,299097,9976,143941,6650,289121,23375,11253,12122
48265,299128,9976,143955,6650,289152,23376,11253,12123
48270,299159,9976,143971,6650,289183,23377,11253,12124
48275,299190,9976,143985,6650,289214,23378,11253,12125
48280,299221,9976,143999,6650,289245,23379,11253,12126
48285,299252,9976,144014,6650,289276,23380,11254,12126
48290,299283,9976,144030,6650,289307,23381,11254,12127
48295,299314,9976,144047,6650,289338,23383,11256,12127
48300,299345,9976,144061,6650,289369,23385,11256,12129
48305,299376,9976,144083,6650,289400,23388,11257,12131
48310,299407,9976,144096,6650,289431,23389,11258,12131
48315,299438,9976,144108,6650,289462,23389,11258,12131
48320,299469,9976,144121,6650,289493,23389,11258,12131
48325,299500,9976,144134,6650,289524,23389,11258,12131
48330,299531,9976,144147,6650,289555,23390,11259,12131
48335,299562,9976,144166,6650,289586,23391,11259,12132
48340,299593,9976,144180,6650,289617,23392,11259,12133
48345,299624,9977,144194,6651,289647,23393,11260,12133
48350,299655,9980,144207,6653,289675,23396,11260,12136
48355,299686,9983,144223,6655,289703,23399,11262,12137
48360,299717,9985,144241,6657,289732,23402,11265,12137
48365,299748,9986,144254,6658,289762,23404,11266,12138
48370,299779,9988,144268,6660,289791,23406,11266,12140
48375,299810,9989,144282,6661,289821,23408,11268,12140
48380,299841,9990,144299,6661,289851,23410,11270,12140
48385,299872,9992,144314,6662,289880,23412,11271,12141
48390,299903,9993,144327,6662,289910,23414,11273,12141
48395,299934,9995,144343,6663,289939,23416,11274,12142
48400,299965,9996,144361,6663,289969,23418,11275,12143
48405,299996,9997,144374,6663,289999,23420,11276,12144
48410,300027,9998,144386,6663,290029,23423,11277,12146
48415,300058,9999,144399,6663,290059,23427,11280,12147
48420,300089,10001,144419,6664,290088,23431,11282,12149
48425,300120,10002,144426,6664,290118,23435,11282,12153
48430,300151,10003,144442,6665,290148,23439,11284,12155
48435,300182,10004,144453,6665,290178,23443,11286,12157
48440,300213,10005,144464,6665,290208,23447,11286,12161
48445,300244,10006,144477,6665,290238,23451,11287,12164
48450,300275,10007,144496,6666,290268,23455,11289,12166
48455,300306,10008,144511,6666,290298,23459,11291,12168
48460,300337,10009,144526,6667,290328,23463,11293,12170
48465,300368,10010,144545,6668,290358,23468,11294,12174
48470,300399,10012,144559,6669,290387,23474,11298,12176
48475,300430,10015,144572,6670,290415,23478,11301,12177
48480,300461,10016,144586,6671,290445,23482,11302,12180
48485,300492,10019,144601,6674,290473,23485,11303,12182
48490,300523,10021,144616,6675,290502,23488,11304,12184
48495,300554,10022,144630,6676,290532,23490,11304,12186
48500,300585,10022,144648,6676,290563,23492,11306,12186
48505,300616,10022,144661,6676,290594,23494,11306,12188
48510,300647,10022,144671,6676,290625,23496,11307,12189
48515,300678,10022,144690,6676,290656,23498,11307,12191
48520,300709,10022,144701,6676,290687,23500,11308,12192
48525,300740,10022,144717,6676,290718,23502,11310,12192
48530,300771,10022,144731,6676,290749,23504,11312,12192
48535,300802,10022,144743,6676,290780,23506,11313,12193
48540,300833,10022,144752,6676,290811,23508,11314,12194
48545,300864,10022,144763,6676,290842,23512,11316,12196
48550,300895,10022,144778,6676,290873,23515,11318,12197
48555,300926,10022,144795,6676,290904,23518,11321,12197
48560,300957,10022,144808,6676,290935,23520,11322,12198
48565,300988,10022,144818,6676,290966,23522,11322,12200
48570,301019,10022,144837,6676,290997,23524,11323,12201
48575,301050,10022,144852,6676,291028,23527,11324,12203
48580,301081,10022,144868,6676,291059,23530,11327,12203
48585,301112,10024,144883,6677,291088,23534,11330,12204
48590,301143,10028,144902,6680,291115,23538,11333,12205
48595,301174,10030,144920,6682,291144,23542,11336,12206
48600,301205,10033,144937,6684,291171,23546,11338,12208
48605,301236,10034,144956,6685,291202,23548,11339,12209
48610,301267,10034,144971,6685,291233,23549,11340,12209
48615,301298,10034,144985,6685,291264,23550,11341,12209
48620,301329,10034,144999,6685,291295,23551,11341,12210
48625,301360,10034,145015,6685,291326,23552,11342,12210
48630,301391,10034,145033,6685,291357,23553,11343,12210
48635,301422,10034,145047,6685,291388,23554,11344,12210
48640,301453,10034,145066,6685,291419,23555,11345,12210
48645,301484,10034,145081,6685,291450,23556,11346,12210
48650,301515,10034,145091,6685,291481,23558,11347,12211
48655,301546,10034,145105,6685,291512,23560,11348,12212
48660,301577,10034,145119,6685,291543,23563,11349,12214
48665,301608,10036,145130,6686,291572,23566,11350,12216
48670,301639,10038,145150,6688,291601,23569,11351,12218
48675,301670,10040,145165,6690,291630,23571,11352,12219
48680,301701,10042,145178,6691,291659,23573,11353,12220
48685,301732,10043,145193,6691,291689,23574,11353,12221
48690,301763,10044,145205,6691,291719,23575,11353,12222
48695,301794,10045,145218,6692,291749,23576,11353,12223
48700,301825,10047,145235,6694,291778,23578,11354,12224
48705,301856,10049,145252,6695,291807,23580,11356,12224
48710,301887,10050,145267,6695,291837,23584,11359,12225
48715,301918,10051,145276,6695,291867,23587,11360,12227
48720,301949,10054,145291,6698,291895,23590,11361,12229
48725,301980,10056,145309,6699,291924,23592,11362,12230
48730,302011,10056,145324,6699,291955,23594,11364,12230
48735,302042,10056,145335,6699,291986,23596,11365,12231
48740,302073,10056,145351,6699,292017,23598,11366,12232
48745,302104,10056,145364,6699,292048,23600,11366,12234
48750,302135,10056,145384,6699,292079,23602,11367,12235
48755,302166,10056,145401,6699,292110,23604,11367,12237
48760,302197,10056,145414,6699,292141,23606,11368,12238
48765,302228,10056,145422,6699,292172,23608,11369,12239
48770,302259,10056,145436,6699,292203,23610,11371,12239
48775,302290,10056,145454,6699,292234,23613,11371,12242
48780,302321,10056,145473,6699,292265,23616,11372,12244
48785,302352,10056,145492,6699,292296,23620,11374,12246
48790,302383,10056,145504,6699,292327,23624,11377,12247
48795,302414,10056,145521,6699,292358,23627,11378,12249
48800,302445,10056,145534,6699,292389,23630,11379,12251
48805,302476,10056,145551,6699,292420,23632,11380,12252
48810,302507,10056,145570,6699,292451,23635,11381,12254
48815,302538,10056,145586,6699,292482,23638,11382,12256
48820,302569,10056,145601,6699,292513,23643,11385,12258
48825,302600,10056,145610,6699,292544,23648,11386,12262
48830,302631,10057,145634,6700,292573,23653,11390,12263
48835,302662,10060,145645,6702,292601,23658,11392,12266
48840,302693,10064,145659,6704,292628,23662,11395,12267
48845,302724,10067,145670,6707,292657,23663,11395,12268
48850,302755,10069,145684,6708,292686,23664,11395,12269
48855,302786,10070,145695,6708,292716,23665,11396,12269
48860,302817,10071,145711,6709,292746,23666,11397,12269
48865,302848,10072,145728,6710,292776,23667,11398,12269
48870,302879,10074,145741,6712,292805,23668,11399,12269
48875,302910,10075,145758,6712,292835,23669,11399,12270
48880,302941,10076,145768,6712,292865,23670,11399,12271
48885,302972,10078,145788,6714,292894,23671,11400,12271
48890,303003,10078,145801,6714,292925,23672,11401,12271
48895,303034,10078,145818,6714,292956,23674,11402,12272
48900,303065,10078,145835,6714,292987,23676,11404,12272
48905,303096,10078,145854,6714,293018,23679,11406,12273
48910,303127,10078,145871,6714,293049,23682,11408,12274
48915,303158,10078,145884,6714,293080,23686,11409,12277
48920,303189,10078,145903,6714,293111,23688,11410,12278
48925,303220,10078,145915,6714,293142,23690,11411,12279
48930,303251,10078,145931,6714,293173,23693,11413,12280
48935,303282,10078,145940,6714,293204,23696,11414,12282
48940,303313,10078,145955,6714,293235,23699,11416,12283
48945,303344,10078,145972,6714,293266,23702,11417,12285
48950,303375,10080,145989,6715,293295,23705,11419,12286
48955,303406,10081,146004,6716,293325,23709,11421,12288
48960,303437,10083,146022,6718,293354,23713,11422,12291
48965,303468,10086,146037,6719,293382,23717,11425,12292
48970,303499,10087,146054,6719,293412,23720,11426,12294
48975,303530,10088,146065,6719,293442,23722,11427,12295
48980,303561,10089,146083,6719,293472,23724,11427,12297
48985,303592,10090,146100,6719,293502,23726,11429,12297
48990,303623,10091,146116,6720,293532,23728,11431,12297
48995,303654,10092,146130,6720,293562,23730,11432,12298
49000,303685,10093,146149,6721,293592,23732,11434,12298
49005,303716,10094,146161,6721,293622,23734,11435,12299
49010,303747,10095,146177,6721,293652,23736,11436,12300
49015,303778,10096,146190,6721,293682,23738,11437,12301
49020,303809,10097,146202,6722,293712,23742,11438,12304
49025,303840,10098,146219,6723,293742,23747,11441,12306
49030,303871,10099,146234,6723,293772,23749,11442,12307
49035,303902,10100,146252,6724,293802,23751,11444,12307
49040,303933,10101,146271,6725,293832,23753,11446,12307
49045,303964,10102,146289,6726,293862,23755,11447,12308
49050,303995,10103,146300,6726,293892,23757,11448,12309
49055,304026,10104,146315,6727,293922,23760,11450,12310
49060,304057,10105,146326,6728,293952,23763,11451,12312
49065,304088,10106,146340,6729,293982,23766,11453,12313
49070,304119,10108,146353,6731,294011,23769,11455,12314
49075,304150,10110,146370,6733,294039,23773,11457,12316
49080,304181,10114,146385,6736,294067,23777,11458,12319
49085,304212,10118,146399,6740,294094,23780,11459,12321
49090,304243,10118,146412,6740,294125,23783,11460,12323
49095,304274,10118,146424,6740,294156,23786,11462,12324
49100,304305,10118,146436,6740,294187,23788,11463,12325
49105,304336,10118,146451,6740,294218,23790,11463,12327
49110,304367,10118,146464,6740,294249,23792,11465,12327
49115,304398,10118,146476,6740,294280,23794,11466,12328
49120,304429,10118,146488,6740,294311,23796,11466,12330
49125,304460,10118,146505,6740,294342,23798,11467,12331
49130,304491,10118,146524,6740,294373,23802,11470,12332
49135,304522,10118,146538,6740,294404,23806,11472,12334
49140,304553,10118,146552,6740,294435,23810,11474,12336
49145,304584,10118,146568,6740,294466,23812,11475,12337
49150,304615,10118,146582,6740,294497,23814,11476,12338
49155,304646,10118,146597,6740,294528,23816,11477,12339
49160,304677,10118,146610,6740,294559,23818,11478,12340
49165,304708,10118,146629,6740,294590,23820,11480,12340
49170,304739,10118,146643,6740,294621,23822,11480,12342
49175,304770,10118,146661,6740,294652,23824,11482,12342
49180,304801,10118,146679,6740,294683,23826,11483,12343
49185,304832,10118,146697,6740,294714,23828,11485,12343
49190,304863,10119,146708,6740,294743,23831,11487,12344
49195,304894,10123,146723,6743,294771,23835,11489,12346
49200,304925,10127,146735,6745,294797,23839,11491,12348
49205,304956,10130,146755,6748,294826,23841,11493,12348
49210,304987,10130,146765,6748,294857,23843,11493,12350
49215,305018,10130,146777,6748,294888,23845,11493,12352
49220,305049,10130,146793,6748,294919,23847,11495,12352
49225,305080,10130,146806,6748,294950,23849,11496,12353
49230,305111,10130,146818,6748,294981,23851,11497,12354
49235,305142,10130,146833,6748,295012,23854,11500,12354
49240,305173,10130,146850,6748,295043,23857,11501,12356
49245,305204,10130,146867,6748,295074,23861,11503,12358
49250,305235,10130,146880,6748,295105,23866,11504,12362
49255,305266,10130,146892,6748,295136,23870,11506,12364
49260,305297,10130,146910,6748,295167,23874,11508,12366
49265,305328,10130,146927,6748,295198,23874,11508,12366
49270,305359,10130,146944,6748,295229,23874,11508,12366
49275,305390,10130,146958,6748,295260,23874,11508,12366
49280,305421,10130,146972,6748,295291,23874,11508,12366
49285,305452,10130,146990,6748,295322,23874,11508,12366
49290,305483,10130,147007,6748,295353,23874,11508,12366
49295,305514,10130,147022,6748,295384,23874,11508,12366
49300,305545,10130,147034,6748,295415,23874,11508,12366
49305,305576,10130,147052,6748,295446,23874,11508,12366
49310,305607,10132,147068,6748,295475,23874,11508,12366
49315,305638,10135,147084,6749,295503,23874,11508,12366
49320,305669,10138,147096,6751,295531,23874,11508,12366
49325,305700,10140,147104,6752,295560,23876,11509,12367
49330,305731,10143,147120,6754,295588,23878,11510,12368
49335,305762,10145,147136,6755,295617,23880,11511,12369
49340,305793,10147,147152,6757,295646,23882,11512,12370
49345,305824,10149,147171,6759,295675,23884,11513,12371
49350,305855,10151,147185,6760,295704,23886,11513,12373
49355,305886,10151,147201,6760,295735,23888,11515,12373
49360,305917,10151,147216,6760,295766,23890,11517,12373
49365,305948,10151,147230,6760,295797,23895,11520,12375
49370,305979,10151,147246,6760,295828,23900,11522,12378
49375,306010,10151,147262,6760,295859,23905,11525,12380
49380,306041,10151,147278,6760,295890,23907,11526,12381
49385,306072,10151,147293,6760,295921,23909,11527,12382
49390,306103,10151,147309,6760,295952,23911,11529,12382
49395,306134,10151,147323,6760,295983,23913,11530,12383
49400,306165,10151,147333,6760,296014,23915,11531,12384
49405,306196,10151,147349,6760,296045,23917,11532,12385
49410,306227,10151,147368,6760,296076,23919,11532,12387
49415,306258,10151,147382,6760,296107,23921,11532,12389
49420,306289,10151,147397,6760,296138,23923,11533,12390
49425,306320,10151,147412,6760,296168,23925,11534,12391
49430,306351,10155,147422,6764,296196,23927,11534,12393
49435,306382,10156,147431,6764,296226,23930,11536,12394
49440,306413,10157,147447,6765,296255,23933,11538,12395
49445,306444,10162,147462,6769,296282,23935,11539,12396
49450,306475,10164,147475,6770,296311,23937,11540,12397
49455,306506,10165,147493,6770,296341,23939,11542,12397
49460,306537,10166,147508,6770,296371,23941,11544,12397
49465,306568,10168,147525,6771,296400,23943,11545,12398
49470,306599,10169,147538,6772,296430,23946,11546,12400
49475,306630,10171,147552,6774,296459,23949,11547,12402
49480,306661,10172,147567,6774,296489,23954,11550,12404
49485,306692,10173,147586,6775,296519,23960,11555,12405
49490,306723,10175,147603,6777,296548,23966,11560,12406
49495,306754,10176,147623,6778,296578,23972,11565,12407
49500,306785,10178,147641,6779,296607,23978,11566,12412
49505,306816,10178,147655,6779,296638,23982,11569,12413
49510,306847,10178,147671,6779,296669,23985,11570,12415
49515,306878,10178,147683,6779,296700,23987,11570,12417
49520,306909,10178,147699,6779,296731,23989,11571,12418
49525,306940,10178,147715,6779,296762,23991,11573,12418
49530,306971,10178,147730,6779,296793,23994,11574,12420
49535,307002,10178,147750,6779,296824,23997,11577,12420
49540,307033,10178,147764,6779,296855,24000,11578,12422
49545,307064,10178,147783,6779,296886,24002,11580,12422
49550,307095,10178,147794,6779,296917,24004,11580,12424
49555,307126,10178,147811,6779,296947,24006,11582,12424
49560,307157,10180,147826,6781,296976,24008,11583,12425
49565,307188,10182,147844,6782,297006,24009,11583,12426
49570,307219,10184,147862,6784,297035,24010,11583,12427
49575,307250,10186,147879,6785,297064,24011,11584,12427
49580,307281,10187,147891,6785,297094,24011,11584,12427
49585,307312,10189,147905,6786,297123,24011,11584,12427
49590,307343,10190,147925,6787,297153,24011,11584,12427
49595,307374,10192,147941,6788,297182,24011,11584,12427
49600,307405,10193,147955,6788,297212,24011,11584,12427
49605,307436,10195,147970,6790,297241,24012,11584,12428
49610,307467,10198,147982,6791,297269,24014,11586,12428
49615,307498,10200,147993,6792,297298,24017,11587,12430
49620,307529,10203,148009,6793,297326,24020,11587,12433
49625,307560,10206,148025,6795,297354,24021,11587,12434
49630,307591,10208,148033,6796,297383,24023,11588,12435
49635,307622,10209,148045,6797,297413,24025,11589,12436
49640,307653,10210,148057,6797,297443,24027,11591,12436
49645,307684,10212,148076,6799,297472,24029,11593,12436
49650,307715,10213,148090,6800,297502,24031,11593,12438
49655,307746,10214,148107,6801,297532,24033,11594,12439
49660,307777,10215,148123,6802,297562,24035,11596,12439
49665,307808,10217,148135,6804,297591,24038,11596,12442
49670,307839,10219,148147,6806,297620,24042,11596,12446
49675,307870,10220,148161,6806,297650,24046,11597,12449
49680,307901,10220,148174,6806,297681,24050,11598,12452
49685,307932,10221,148191,6807,297711,24053,11599,12454
49690,307963,10222,148209,6808,297741,24056,11600,12456
49695,307994,10223,148222,6809,297771,24058,11600,12458
49700,308025,10224,148238,6809,297801,24060,11600,12460
49705,308056,10225,148259,6810,297831,24062,11601,12461
49710,308087,10226,148274,6810,297861,24064,11602,12462
49715,308118,10227,148291,6811,297891,24066,11604,12462
49720,308149,10228,148310,6812,297921,24068,11606,12462
49725,308180,10229,148321,6812,297951,24070,11607,12463
49730,308211,10230,148337,6813,297981,24072,11607,12465
49735,308242,10231,148353,6814,298011,24074,11609,12465
49740,308273,10232,148370,6815,298041,24076,11609,12467
49745,308304,10233,148384,6815,298071,24078,11610,12468
49750,308335,10234,148403,6816,298101,24080,11611,12469
49755,308366,10235,148418,6817,298131,24082,11612,12470
49760,308397,10236,148429,6818,298161,24084,11612,12472
49765,308428,10237,148444,6819,298191,24086,11612,12474
49770,308459,10238,148461,6820,298221,24088,11612,12476
49775,308490,10239,148477,6820,298251,24090,11613,12477
49780,308521,10240,148495,6820,298281,24092,11614,12478
49785,308552,10242,148513,6822,298310,24094,11616,12478
49790,308583,10245,148529,6823,298338,24098,11619,12479
49795,308614,10249,148543,6825,298365,24103,11622,12481
49800,308645,10251,148555,6826,298394,24107,11624,12483
49805,308676,10253,148569,6827,298423,24109,11624,12485
49810,308707,10254,148584,6827,298453,24111,11626,12485
49815,308738,10256,148597,6828,298482,24113,11626,12487
49820,308769,10257,148618,6829,298512,24115,11627,12488
49825,308800,10258,148634,6830,298542,24117,11628,12489
49830,308831,10259,148647,6831,298572,24119,11629,12490
49835,308862,10262,148661,6834,298600,24121,11630,12491
49840,308893,10263,148673,6834,298630,24123,11630,12493
49845,308924,10265,148690,6835,298659,24125,11630,12495
49850,308955,10266,148700,6836,298689,24127,11631,12496
49855,308986,10267,148713,6837,298719,24129,11632,12497
49860,309017,10270,148730,6839,298747,24131,11634,12497
49865,309048,10270,148746,6839,298778,24134,11636,12498
49870,309079,10270,148758,6839,298809,24137,11637,12500
49875,309110,10270,148775,6839,298840,24139,11638,12501
49880,309141,10270,148792,6839,298871,24141,11639,12502
49885,309172,10270,148803,6839,298902,24143,11639,12504
49890,309203,10270,148813,6839,298933,24145,11639,12506
49895,309234,10270,148828,6839,298964,24147,11640,12507
49900,309265,10271,148848,6840,298994,24151,11643,12508
49905,309296,10272,148861,6841,299024,24156,11646,12510
49910,309327,10273,148879,6842,299054,24162,11649,12513
49915,309358,10275,148893,6843,299083,24166,11651,12515
49920,309389,10277,148908,6844,299111,24170,11654,12516
49925,309420,10280,148925,6846,299140,24172,11656,12516
49930,309451,10281,148936,6847,299170,24174,11656,12518
49935,309482,10282,148951,6847,299200,24176,11656,12520
49940,309513,10283,148964,6847,299230,24178,11658,12520
49945,309544,10285,148986,6849,299259,24180,11660,12520
49950,309575,10285,149005,6849,299290,24182,11662,12520
49955,309606,10285,149025,6849,299321,24184,11663,12521
49960,309637,10285,149038,6849,299352,24186,11664,12522
49965,309668,10285,149054,6849,299383,24188,11665,12523
49970,309699,10286,149069,6850,299413,24190,11666,12524
49975,309730,10287,149085,6851,299443,24192,11667,12525
49980,309761,10288,149100,6852,299473,24194,11667,12527
49985,309792,10289,149110,6852,299503,24197,11668,12529
49990,309823,10291,149128,6853,299532,24200,11671,12529
49995,309854,10293,149141,6854,299561,24203,11672,12531
50000,309885,10294,149153,6855,299591,24206,11673,12533
50005,309916,10295,149165,6856,299621,24209,11675,12534
50010,309947,10297,149178,6857,299650,24212,11677,12535
50015,309978,10298,149188,6858,299680,24216,11679,12537
50020,310009,10301,149201,6860,299708,24221,11681,12540
50025,310040,10303,149215,6862,299737,24226,11682,12544
50030,310071,10306,149230,6864,299765,24232,11684,12548
50035,310102,10308,149245,6866,299794,24239,11687,12552
50040,310133,10308,149263,6866,299825,24244,11690,12554
50045,310164,10310,149279,6868,299854,24246,11692,12554
50050,310195,10312,149292,6870,299883,24248,11692,12556
50055,310226,10313,149304,6871,299913,24250,11694,12556
50060,310257,10314,149322,6872,299943,24252,11696,12556
50065,310288,10315,149337,6872,299973,24254,11696,12558
50070,310319,10316,149349,6872,300003,24256,11696,12560
50075,310350,10317,149361,6872,300033,24258,11698,12560
50080,310381,10318,149371,6872,300063,24260,11698,12562
50085,310412,10319,149385,6873,300093,24262,11699,12563
50090,310443,10320,149400,6874,300123,24264,11699,12565
50095,310474,10321,149419,6875,300153,24266,11701,12565
50100,310505,10322,149436,6876,300183,24268,11701,12567
50105,310536,10323,149453,6877,300213,24270,11703,12567
50110,310567,10324,149468,6877,300243,24272,11704,12568
50115,310598,10325,149485,6878,300273,24274,11705,12569
50120,310629,10326,149501,6878,300303,24276,11707,12569
50125,310660,10327,149517,6878,300333,24278,11707,12571
50130,310691,10328,149532,6878,300363,24280,11709,12571
50135,310722,10329,149547,6879,300393,24282,11710,12572
50140,310753,10331,149562,6879,300422,24286,11714,12572
50145,310784,10333,149575,6880,300451,24292,11716,12576
50150,310815,10335,149590,6881,300480,24298,11719,12579
50155,310846,10340,149602,6885,300505,24302,11720,12582
50160,310877,10345,149616,6890,300532,24306,11721,12585
50165,310908,10345,149633,6890,300563,24308,11721,12587
50170,310939,10345,149651,6890,300594,24310,11721,12589
50175,310970,10345,149666,6890,300625,24312,11721,12591
50180,311001,10345,149687,6890,300656,24313,11722,12591
50185,311032,10345,149698,6890,300687,24314,11723,12591
50190,311063,10345,149711,6890,300718,24315,11723,12592
50195,311094,10345,149727,6890,300749,24316,11724,12592
50200,311125,10345,149745,6890,300780,24317,11725,12592
50205,311156,10345,149758,6890,300811,24318,11725,12593
50210,311187,10345,149774,6890,300842,24319,11726,12593
50215,311218,10345,149789,6890,300873,24320,11726,12594
50220,311249,10345,149808,6890,300904,24321,11726,12595
50225,311280,10345,149823,6890,300935,24323,11728,12595
50230,311311,10345,149837,6890,300966,24325,11728,12597
50235,311342,10345,149847,6890,300997,24327,11729,12598
50240,311373,10345,149860,6890,301028,24329,11730,12599
50245,311404,10345,149878,6890,301059,24331,11730,12601
50250,311435,10345,149890,6890,301090,24333,11730,12603
50255,311466,10345,149903,6890,301121,24335,11731,12604
50260,311497,10345,149914,6890,301152,24338,11733,12605
50265,311528,10345,149930,6890,301183,24342,11734,12608
50270,311559,10348,149942,6892,301210,24347,11736,12611
50275,311590,10352,149962,6896,301237,24350,11739,12611
50280,311621,10356,149979,6899,301264,24353,11740,12613
50285,311652,10359,149998,6902,301293,24355,11741,12614
50290,311683,10360,150012,6902,301323,24357,11741,12616
50295,311714,10360,150029,6902,301354,24359,11741,12618
50300,311745,10360,150043,6902,301385,24361,11741,12620
50305,311776,10360,150060,6902,301416,24362,11741,12621
50310,311807,10360,150082,6902,301447,24363,11742,12621
50315,311838,10360,150094,6902,301478,24364,11742,12622
50320,311869,10360,150107,6902,301509,24365,11743,12622
50325,311900,10360,150125,6902,301540,24366,11744,12622
50330,311931,10360,150142,6902,301571,24367,11744,12623
50335,311962,10360,150158,6902,301602,24368,11744,12624
50340,311993,10360,150179,6902,301633,24369,11745,12624
50345,312024,10360,150193,6902,301664,24370,11745,12625
50350,312055,10360,150211,6902,301695,24372,11746,12626
50355,312086,10360,150226,6902,301726,24374,11746,12628
50360,312117,10360,150243,6902,301757,24376,11747,12629
50365,312148,10360,150259,6902,301788,24378,11749,12629
50370,312179,10360,150272,6902,301819,24381,11750,12631
50375,312210,10360,150289,6902,301850,24385,11752,12633
50380,312241,10360,150300,6902,301881,24389,11754,12635
50385,312272,10360,150318,6902,301912,24395,11757,12638
50390,312303,10361,150333,6902,301942,24400,11760,12640
50395,312334,10364,150351,6904,301970,24406,11764,12642
50400,312365,10367,150368,6906,301998,24410,11766,12644
50405,312396,10370,150376,6909,302026,24412,11766,12646
50410,312427,10373,150388,6910,302054,24414,11767,12647
50415,312458,10376,150405,6911,302082,24416,11767,12649
50420,312489,10379,150421,6914,302110,24418,11768,12650
50425,312520,10381,150434,6916,302139,24420,11769,12651
50430,312551,10384,150447,6918,302167,24422,11770,12652
50435,312582,10388,150462,6921,302194,24424,11771,12653
50440,312613,10392,150473,6923,302221,24426,11772,12654
50445,312644,10394,150488,6925,302250,24428,11773,12655
50450,312675,10395,150500,6925,302280,24430,11774,12656
50455,312706,10395,150513,6925,302311,24432,11775,12657
50460,312737,10395,150527,6925,302342,24434,11776,12658
50465,312768,10395,150538,6925,302373,24436,11778,12658
50470,312799,10395,150558,6925,302404,24438,11780,12658
50475,312830,10395,150576,6925,302435,24440,11782,12658
50480,312861,10395,150591,6925,302466,24442,11783,12659
50485,312892,10395,150603,6925,302497,24444,11784,12660
50490,312923,10395,150620,6925,302528,24447,11785,12662
50495,312954,10395,150631,6925,302559,24450,11786,12664
50500,312985,10395,150648,6925,302590,24453,11788,12665
50505,313016,10395,150662,6925,302621,24457,11790,12667
50510,313047,10395,150675,6925,302652,24462,11792,12670
50515,313078,10395,150689,6925,302683,24467,11794,12673
50520,313109,10395,150707,6925,302714,24472,11797,12675
50525,313140,10396,150721,6925,302744,24475,11799,12676
50530,313171,10397,150736,6925,302774,24478,11801,12677
50535,313202,10398,150751,6925,302804,24481,11803,12678
50540,313233,10399,150764,6925,302833,24484,11804,12680
50545,313264,10401,150780,6926,302863,24488,11807,12681
50550,313295,10403,150799,6928,302892,24492,11808,12684
50555,313326,10405,150814,6930,302921,24496,11810,12686
50560,313357,10407,150830,6931,302949,24500,11811,12689
50565,313388,10410,150848,6933,302977,24504,11811,12693
50570,313419,10413,150858,6935,303006,24508,11812,12696
50575,313450,10416,150873,6937,303034,24512,11813,12699
50580,313481,10419,150890,6939,303062,24516,11816,12700
50585,313512,10421,150907,6940,303091,24518,11817,12701
50590,313543,10422,150927,6940,303121,24519,11818,12701
50595,313574,10423,150939,6941,303151,24520,11819,12701
50600,313605,10425,150955,6943,303180,24521,11819,12702
50605,313636,10427,150972,6944,303209,24522,11820,12702
50610,313667,10428,150983,6945,303239,24523,11821,12702
50615,313698,10429,151003,6945,303269,24524,11821,12703
50620,313729,10430,151013,6945,303299,24525,11821,12704
50625,313760,10432,151026,6947,303328,24527,11822,12705
50630,313791,10433,151042,6947,303358,24530,11823,12707
50635,313822,10436,151056,6950,303386,24533,11823,12710
50640,313853,10438,151076,6952,303415,24534,11824,12710
50645,313884,10438,151093,6952,303446,24535,11824,12711
50650,313915,10438,151109,6952,303477,24536,11825,12711
50655,313946,10438,151125,6952,303508,24537,11826,12711
50660,313977,10438,151139,6952,303539,24538,11826,12712
50665,314008,10438,151156,6952,303570,24540,11827,12713
50670,314039,10438,151165,6952,303601,24541,11828,12713
50675,314070,10438,151183,6952,303632,24542,11828,12714
50680,314101,10438,151195,6952,303663,24543,11828,12715
50685,314132,10438,151211,6952,303694,24544,11829,12715
50690,314163,10440,151229,6954,303723,24547,11831,12716
50695,314194,10441,151241,6954,303753,24550,11831,12719
50700,314225,10443,151254,6956,303782,24553,11832,12721
50705,314256,10444,151267,6956,303812,24557,11834,12723
50710,314287,10445,151285,6956,303842,24561,11838,12723
50715,314318,10446,151302,6956,303872,24565,11840,12725
50720,314349,10447,151317,6956,303902,24568,11842,12726
50725,314380,10448,151328,6957,303932,24571,11844,12727
50730,314411,10449,151345,6957,303962,24574,11845,12729
50735,314442,10450,151360,6957,303992,24577,11847,12730
50740,314473,10451,151373,6957,304022,24580,11850,12730
50745,314504,10452,151387,6957,304052,24583,11851,12732
50750,314535,10454,151402,6959,304081,24584,11852,12732
50755,314566,10457,151418,6962,304109,24586,11852,12734
50760,314597,10460,151431,6964,304136,24588,11853,12735
50765,314628,10463,151442,6966,304164,24591,11854,12737
50770,314659,10466,151457,6968,304192,24594,11856,12738
50775,314690,10472,151471,6973,304218,24597,11857,12740
50780,314721,10475,151487,6976,304246,24600,11858,12742
50785,314752,10480,151504,6979,304271,24603,11860,12743
50790,314783,10485,151525,6983,304298,24606,11862,12744
50795,314814,10486,151544,6983,304328,24608,11863,12745
50800,314845,10488,151559,6985,304357,24610,11864,12746
50805,314876,10488,151570,6985,304388,24612,11864,12748
50810,314907,10488,151586,6985,304419,24614,11866,12748
50815,314938,10488,151598,6985,304450,24616,11867,12749
50820,314969,10488,151617,6985,304481,24619,11868,12751
50825,315000,10489,151632,6985,304511,24623,11869,12754
50830,315031,10490,151649,6986,304541,24627,11872,12755
50835,315062,10491,151660,6987,304571,24631,11873,12758
50840,315093,10492,151677,6987,304601,24635,11876,12759
50845,315124,10493,151699,6988,304631,24637,11877,12760
50850,315155,10494,151713,6989,304661,24640,11877,12763
50855,315186,10495,151727,6989,304691,24642,11877,12765
50860,315217,10496,151740,6989,304721,24644,11877,12767
50865,315248,10497,151751,6989,304751,24646,11877,12769
50870,315279,10498,151770,6990,304781,24648,11877,12771
50875,315310,10499,151790,6991,304811,24650,11879,12771
50880,315341,10500,151806,6992,304841,24652,11880,12772
50885,315372,10500,151820,6992,304872,24655,11881,12774
50890,315403,10500,151835,6992,304903,24657,11882,12775
50895,315434,10500,151852,6992,304934,24659,11884,12775
50900,315465,10501,151865,6993,304964,24661,11885,12776
50905,315496,10502,151878,6993,304994,24663,11886,12777
50910,315527,10503,151899,6994,305024,24666,11889,12777
50915,315558,10505,151918,6996,305053,24669,11890,12779
50920,315589,10507,151932,6998,305082,24672,11893,12779
50925,315620,10509,151944,6999,305111,24675,11894,12781
50930,315651,10510,151956,6999,305141,24679,11895,12784
50935,315682,10514,151969,7002,305168,24683,11895,12788
50940,315713,10517,151984,7005,305196,24687,11897,12790
50945,315744,10517,151997,7005,305227,24690,11899,12791
50950,315775,10517,152013,7005,305258,24693,11901,12792
50955,315806,10517,152026,7005,305289,24696,11903,12793
50960,315837,10517,152039,7005,305320,24699,11904,12795
50965,315868,10517,152051,7005,305351,24702,11906,12796
50970,315899,10517,152057,7005,305382,24705,11906,12799
50975,315930,10517,152077,7005,305413,24708,11908,12800
50980,315961,10517,152088,7005,305444,24711,11908,12803
50985,315992,10517,152098,7005,305475,24714,11910,12804
50990,316023,10517,152115,7005,305506,24718,11911,12807
50995,316054,10517,152130,7005,305537,24722,11915,12807
51000,316085,10517,152145,7005,305568,24726,11916,12810
51005,316116,10517,152160,7005,305599,24727,11917,12810
51010,316147,10517,152175,7005,305630,24728,11918,12810
51015,316178,10517,152186,7005,305661,24729,11919,12810
51020,316209,10517,152198,7005,305692,24730,11920,12810
51025,316240,10517,152211,7005,305723,24731,11920,12811
51030,316271,10517,152224,7005,305754,24732,11920,12812
51035,316302,10517,152234,7005,305785,24733,11920,12813
51040,316333,10517,152247,7005,305816,24734,11921,12813
51045,316364,10518,152267,7006,305846,24737,11922,12815
51050,316395,10520,152285,7006,305875,24741,11923,12818
51055,316426,10523,152294,7007,305903,24744,11923,12821
51060,316457,10527,152312,7010,305929,24747,11924,12823
51065,316488,10530,152327,7012,305958,24751,11927,12824
51070,316519,10532,152341,7013,305987,24755,11928,12827
51075,316550,10534,152353,7015,306016,24759,11929,12830
51080,316581,10537,152371,7017,306044,24762,11932,12830
51085,316612,10537,152386,7017,306075,24764,11933,12831
51090,316643,10537,152398,7017,306106,24766,11935,12831
51095,316674,10537,152413,7017,306137,24768,11936,12832
51100,316705,10537,152427,7017,306168,24770,11937,12833
51105,316736,10537,152440,7017,306199,24773,11938,12835
51110,316767,10537,152458,7017,306230,24775,11940,12835
51115,316798,10537,152475,7017,306261,24777,11942,12835
51120,316829,10537,152489,7017,306292,24779,11943,12836
51125,316860,10537,152506,7017,306323,24782,11944,12838
51130,316891,10537,152520,7017,306354,24784,11944,12840
51135,316922,10537,152537,7017,306385,24786,11945,12841
51140,316953,10537,152554,7017,306416,24788,11946,12842
51145,316984,10537,152569,7017,306447,24790,11946,12844
51150,317015,10537,152582,7017,306478,24792,11947,12845
51155,317046,10537,152597,7017,306509,24795,11949,12846
51160,317077,10537,152612,7017,306540,24798,11950,12848
51165,317108,10537,152624,7017,306571,24801,11950,12851
51170,317139,10538,152632,7017,306601,24804,11951,12853
51175,317170,10539,152645,7018,306631,24807,11953,12854
51180,317201,10540,152663,7019,306661,24810,11954,12856
51185,317232,10542,152676,7021,306690,24813,11955,12858
51190,317263,10544,152691,7023,306719,24814,11956,12858
51195,317294,10549,152711,7027,306745,24815,11956,12859
51200,317325,10551,152728,7028,306774,24816,11957,12859
51205,317356,10555,152740,7031,306801,24818,11957,12861
51210,317387,10558,152756,7033,306829,24820,11957,12863
51215,317418,10560,152768,7034,306858,24822,11957,12865
51220,317449,10562,152781,7036,306887,24824,11958,12866
51225,317480,10564,152792,7038,306916,24826,11960,12866
51230,317511,10566,152807,7040,306945,24829,11960,12869
51235,317542,10569,152824,7042,306973,24833,11960,12873
51240,317573,10570,152834,7042,307003,24837,11960,12877
51245,317604,10571,152848,7043,307033,24838,11960,12878
51250,317635,10573,152860,7044,307062,24839,11960,12879
51255,317666,10575,152875,7045,307091,24840,11961,12879
51260,317697,10576,152893,7046,307121,24841,11961,12880
51265,317728,10576,152911,7046,307152,24841,11961,12880
51270,317759,10576,152918,7046,307183,24841,11961,12880
51275,317790,10576,152932,7046,307214,24841,11961,12880
51280,317821,10576,152948,7046,307245,24841,11961,12880
51285,317852,10576,152960,7046,307276,24841,11961,12880
51290,317883,10576,152974,7046,307307,24841,11961,12880
51295,317914,10576,152987,7046,307338,24841,11961,12880
51300,317945,10576,153005,7046,307369,24841,11961,12880
51305,317976,10576,153015,7046,307400,24841,11961,12880
51310,318007,10576,153030,7046,307431,24841,11961,12880
51315,318038,10576,153042,7046,307462,24841,11961,12880
51320,318069,10576,153056,7046,307493,24841,11961,12880
51325,318100,10576,153070,7046,307524,24841,11961,12880
51330,318131,10576,153087,7046,307555,24841,11961,12880
51335,318162,10576,153097,7046,307586,24841,11961,12880
51340,318193,10576,153107,7046,307617,24841,11961,12880
51345,318224,10576,153119,7046,307648,24845,11964,12881
51350,318255,10576,153136,7046,307679,24851,11968,12883
51355,318286,10578,153153,7048,307708,24857,11970,12887
51360,318317,10580,153163,7049,307737,24861,11972,12889
51365,318348,10582,153182,7050,307766,24863,11974,12889
51370,318379,10584,153200,7050,307795,24865,11975,12890
51375,318410,10586,153214,7051,307824,24867,11976,12891
51380,318441,10589,153228,7053,307852,24869,11978,12891
51385,318472,10593,153241,7055,307879,24871,11978,12893
51390,318503,10596,153258,7056,307907,24873,11979,12894
51395,318534,10598,153268,7057,307936,24875,11980,12895
51400,318565,10601,153284,7058,307964,24877,11980,12897
51405,318596,10604,153300,7059,307992,24879,11982,12897
51410,318627,10608,153314,7062,308019,24882,11985,12897
51415,318658,10613,153334,7067,308045,24885,11988,12897
51420,318689,10615,153347,7068,308074,24888,11989,12899
51425,318720,10616,153364,7069,308104,24891,11991,12900
51430,318751,10616,153376,7069,308135,24894,11992,12902
51435,318782,10616,153388,7069,308166,24897,11994,12903
51440,318813,10616,153401,7069,308197,24900,11995,12905
51445,318844,10616,153418,7069,308228,24903,11997,12906
51450,318875,10616,153434,7069,308259,24906,11999,12907
51455,318906,10616,153451,7069,308290,24908,11999,12909
51460,318937,10616,153468,7069,308321,24912,12002,12910
51465,318968,10616,153481,7069,308352,24917,12004,12913
51470,318999,10616,153495,7069,308383,24922,12006,12916
51475,319030,10616,153508,7069,308414,24927,12007,12920
51480,319061,10616,153526,7069,308445,24931,12010,12921
51485,319092,10618,153545,7071,308474,24935,12013,12922
51490,319123,10618,153562,7071,308505,24937,12014,12923
51495,319154,10618,153580,7071,308536,24939,12015,12924
51500,319185,10618,153595,7071,308567,24941,12017,12924
51505,319216,10618,153612,7071,308598,24943,12018,12925
51510,319247,10618,153623,7071,308629,24946,12019,12927
51515,319278,10618,153635,7071,308660,24949,12019,12930
51520,319309,10618,153647,7071,308691,24952,12021,12931
51525,319340,10618,153666,7071,308722,24955,12023,12932
51530,319371,10618,153678,7071,308753,24957,12024,12933
51535,319402,10619,153688,7072,308783,24959,12024,12935
51540,319433,10620,153702,7073,308813,24962,12026,12936
51545,319464,10622,153721,7074,308842,24965,12028,12937
51550,319495,10624,153742,7076,308871,24968,12030,12938
51555,319526,10627,153755,7078,308899,24971,12032,12939
51560,319557,10629,153770,7079,308928,24974,12034,12940
51565,319588,10632,153791,7081,308956,24977,12037,12940
51570,319619,10634,153808,7082,308985,24979,12037,12942
51575,319650,10636,153824,7084,309014,24981,12039,12942
51580,319681,10636,153840,7084,309045,24984,12041,12943
51585,319712,10636,153854,7084,309076,24987,12043,12944
51590,319743,10637,153868,7084,309106,24991,12044,12947
51595,319774,10639,153884,7086,309135,24995,12046,12949
51600,319805,10640,153900,7087,309165,24998,12048,12950
51605,319836,10642,153918,7089,309194,25002,12052,12950
51610,319867,10644,153931,7091,309222,25006,12053,12953
51615,319898,10646,153939,7092,309252,25010,12054,12956
51620,319929,10648,153955,7093,309280,25014,12056,12958
51625,319960,10651,153970,7095,309309,25018,12060,12958
51630,319991,10653,153986,7097,309338,25022,12061,12961
51635,320022,10653,154007,7097,309369,25026,12064,12962
51640,320053,10653,154022,7097,309400,25029,12066,12963
51645,320084,10653,154039,7097,309431,25032,12066,12966
51650,320115,10653,154056,7097,309462,25035,12067,12968
51655,320146,10653,154071,7097,309493,25037,12068,12969
51660,320177,10653,154086,7097,309524,25039,12069,12970
51665,320208,10653,154102,7097,309555,25041,12069,12972
51670,320239,10653,154121,7097,309586,25043,12070,12973
51675,320270,10653,154135,7097,309617,25045,12070,12975
51680,320301,10653,154149,7097,309648,25047,12070,12977
51685,320332,10654,154168,7098,309678,25049,12072,12977
51690,320363,10655,154182,7098,309708,25051,12073,12978
51695,320394,10656,154202,7099,309738,25053,12075,12978
51700,320425,10657,154219,7099,309768,25056,12076,12980
51705,320456,10658,154239,7099,309798,25060,12079,12981
51710,320487,10659,154255,7099,309828,25065,12081,12984
51715,320518,10660,154279,7099,309858,25070,12085,12985
51720,320549,10661,154297,7099,309888,25072,12087,12985
51725,320580,10662,154311,7099,309918,25073,12088,12985
51730,320611,10663,154330,7099,309948,25074,12089,12985
51735,320642,10664,154345,7100,309977,25075,12089,12986
51740,320673,10668,154355,7103,310005,25077,12091,12986
51745,320704,10672,154366,7105,310031,25079,12091,12988
51750,320735,10677,154380,7110,310057,25081,12091,12990
51755,320766,10683,154393,7115,310082,25084,12091,12993
51760,320797,10687,154409,7117,310110,25087,12092,12995
51765,320828,10690,154424,7119,310138,25090,12093,12997
51770,320859,10692,154438,7121,310167,25093,12095,12998
51775,320890,10695,154450,7123,310195,25095,12095,13000
51780,320921,10696,154463,7124,310225,25097,12097,13000
51785,320952,10697,154482,7124,310255,25098,12098,13000
51790,320983,10698,154497,7124,310285,25099,12099,13000
51795,321014,10699,154507,7124,310315,25100,12099,13001
51800,321045,10700,154526,7125,310345,25101,12100,13001
51805,321076,10701,154543,7126,310375,25102,12101,13001
51810,321107,10702,154561,7126,310405,25103,12102,13001
51815,321138,10703,154574,7126,310435,25104,12103,13001
51820,321169,10704,154589,7127,310465,25107,12104,13003
51825,321200,10705,154603,7127,310495,25112,12106,13006
51830,321231,10706,154617,7127,310525,25117,12108,13009
51835,321262,10707,154629,7127,310555,25121,12108,13013
51840,321293,10708,154641,7127,310585,25124,12109,13015
51845,321324,10710,154651,7128,310614,25127,12109,13018
51850,321355,10713,154672,7130,310642,25129,12110,13019
51855,321386,10716,154689,7132,310670,25131,12110,13021
51860,321417,10718,154708,7134,310699,25133,12111,13022
51865,321448,10719,154720,7135,310729,25135,12111,13024
51870,321479,10721,154733,7136,310758,25137,12112,13025
51875,321510,10722,154751,7137,310788,25139,12112,13027
51880,321541,10723,154768,7138,310818,25141,12114,13027
51885,321572,10725,154780,7139,310847,25143,12114,13029
51890,321603,10726,154797,7139,310877,25145,12115,13030
51895,321634,10726,154814,7139,310908,25147,12116,13031
51900,321665,10726,154830,7139,310939,25148,12117,13031
51905,321696,10726,154850,7139,310970,25149,12118,13031
51910,321727,10726,154869,7139,311001,25150,12118,13032
51915,321758,10726,154885,7139,311032,25151,12119,13032
51920,321789,10726,154898,7139,311063,25152,12119,13033
51925,321820,10726,154916,7139,311094,25153,12120,13033
51930,321851,10726,154934,7139,311125,25154,12121,13033
51935,321882,10726,154952,7139,311156,25156,12122,13034
51940,321913,10726,154968,7139,311187,25160,12123,13037
51945,321944,10726,154982,7139,311218,25164,12125,13039
51950,321975,10726,154997,7139,311249,25170,12128,13042
51955,322006,10727,155018,7140,311279,25175,12131,13044
51960,322037,10728,155028,7141,311309,25180,12132,13048
51965,322068,10730,155043,7143,311338,25183,12133,13050
51970,322099,10733,155056,7146,311365,25186,12133,13053
51975,322130,10735,155073,7148,311395,25189,12135,13054
51980,322161,10737,155087,7150,311424,25192,12135,13057
51985,322192,10738,155103,7151,311454,25195,12138,13057
51990,322223,10740,155119,7152,311483,25198,12139,13059
51995,322254,10744,155136,7154,311510,25201,12139,13062
52000,322285,10746,155148,7156,311539,25204,12141,13063
52005,322316,10747,155165,7156,311569,25207,12142,13065
52010,322347,10749,155184,7157,311598,25210,12143,13067
52015,322378,10751,155196,7158,311627,25213,12144,13069
52020,322409,10752,155211,7159,311657,25216,12147,13069
52025,322440,10754,155228,7161,311686,25217,12148,13069
52030,322471,10757,155240,7162,311714,25218,12148,13070
52035,322502,10760,155251,7164,311742,25219,12148,13071
52040,322533,10762,155265,7165,311771,25220,12148,13072
52045,322564,10764,155282,7167,311800,25221,12148,13073
52050,322595,10766,155294,7167,311829,25222,12148,13074
52055,322626,10768,155307,7168,311858,25224,12149,13075
52060,322657,10770,155322,7169,311887,25226,12150,13076
52065,322688,10772,155337,7171,311916,25228,12152,13076
52070,322719,10774,155350,7172,311945,25231,12152,13079
52075,322750,10776,155367,7173,311974,25234,12153,13081
52080,322781,10778,155383,7173,312003,25237,12155,13082
52085,322812,10780,155398,7174,312032,25240,12157,13083
52090,322843,10781,155413,7175,312062,25243,12159,13084
52095,322874,10783,155430,7177,312091,25246,12160,13086
52100,322905,10783,155444,7177,312122,25249,12162,13087
52105,322936,10783,155459,7177,312153,25251,12163,13088
52110,322967,10783,155479,7177,312184,25253,12163,13090
52115,322998,10783,155494,7177,312215,25255,12164,13091
52120,323029,10783,155506,7177,312246,25257,12166,13091
52125,323060,10783,155521,7177,312277,25260,12168,13092
52130,323091,10783,155537,7177,312308,25263,12170,13093
52135,323122,10783,155552,7177,312339,25266,12172,13094
52140,323153,10783,155561,7177,312370,25269,12173,13096
52145,323184,10785,155575,7178,312399,25272,12175,13097
52150,323215,10788,155585,7180,312427,25275,12177,13098
52155,323246,10791,155601,7182,312455,25278,12177,13101
52160,323277,10795,155618,7184,312482,25281,12179,13102
52165,323308,10797,155634,7186,312511,25284,12180,13104
52170,323339,10800,155647,7188,312539,25287,12182,13105
52175,323370,10801,155660,7188,312569,25290,12184,13106
52180,323401,10802,155676,7189,312599,25293,12186,13107
52185,323432,10803,155692,7189,312629,25297,12187,13110
52190,323463,10804,155708,7189,312659,25301,12188,13113
52195,323494,10805,155725,7189,312689,25305,12190,13115
52200,323525,10806,155743,7189,312719,25309,12192,13117
52205,323556,10807,155756,7189,312749,25311,12193,13118
52210,323587,10808,155778,7189,312779,25313,12194,13119
52215,323618,10809,155793,7190,312809,25315,12196,13119
52220,323649,10810,155809,7191,312839,25317,12198,13119
52225,323680,10811,155826,7191,312869,25319,12200,13119
52230,323711,10812,155841,7192,312899,25321,12202,13119
52235,323742,10813,155856,7193,312929,25323,12203,13120
52240,323773,10814,155872,7193,312959,25326,12204,13122
52245,323804,10815,155890,7194,312988,25329,12207,13122
52250,323835,10818,155901,7196,313017,25331,12207,13124
52255,323866,10820,155917,7198,313045,25333,12207,13126
52260,323897,10822,155930,7200,313075,25335,12207,13128
52265,323928,10822,155946,7200,313106,25336,12207,13129
52270,323959,10822,155965,7200,313137,25337,12207,13130
52275,323990,10822,155980,7200,313168,25338,12207,13131
52280,324021,10823,155994,7201,313198,25339,12207,13132
52285,324052,10824,156008,7201,313228,25340,12208,13132
52290,324083,10825,156021,7202,313258,25341,12208,13133
52295,324114,10826,156033,7203,313288,25342,12209,13133
52300,324145,10827,156048,7203,313318,25343,12209,13134
52305,324176,10829,156063,7204,313347,25346,12211,13135
52310,324207,10832,156083,7206,313375,25349,12214,13135
52315,324238,10834,156100,7207,313404,25352,12216,13136
52320,324269,10836,156112,7209,313433,25355,12218,13137
52325,324300,10836,156127,7209,313464,25358,12219,13139
52330,324331,10836,156138,7209,313495,25360,12221,13139
52335,324362,10836,156150,7209,313526,25362,12223,13139
52340,324393,10836,156162,7209,313557,25364,12223,13141
52345,324424,10836,156180,7209,313588,25366,12225,13141
52350,324455,10836,156195,7209,313619,25368,12225,13143
52355,324486,10836,156210,7209,313650,25370,12227,13143
52360,324517,10836,156225,7209,313681,25372,12228,13144
52365,324548,10836,156238,7209,313712,25374,12228,13146
52370,324579,10837,156255,7210,313742,25377,12229,13148
52375,324610,10838,156267,7211,313771,25381,12232,13149
52380,324641,10841,156281,7214,313800,25385,12233,13152
52385,324672,10841,156296,7214,313831,25389,12234,13155
52390,324703,10841,156314,7214,313862,25391,12235,13156
52395,324734,10841,156328,7214,313893,25393,12237,13156
52400,324765,10841,156340,7214,313924,25395,12238,13157
52405,324796,10841,156356,7214,313955,25397,12239,13158
52410,324827,10841,156373,7214,313986,25399,12241,13158
52415,324858,10841,156391,7214,314017,25401,12243,13158
52420,324889,10841,156409,7214,314048,25403,12245,13158
52425,324920,10841,156419,7214,314079,25405,12245,13160
52430,324951,10842,156436,7214,314109,25408,12247,13161
52435,324982,10843,156447,7215,314139,25412,12248,13164
52440,325013,10844,156464,7216,314169,25415,12249,13166
52445,325044,10846,156480,7216,314198,25417,12251,13166
52450,325075,10850,156497,7219,314225,25418,12252,13166
52455,325106,10854,156516,7222,314252,25419,12253,13166
52460,325137,10857,156529,7225,314280,25420,12254,13166
52465,325168,10860,156546,7228,314308,25421,12255,13166
52470,325199,10864,156561,7231,314335,25422,12256,13166
52475,325230,10869,156575,7235,314361,25423,12256,13167
52480,325261,10872,156589,7237,314389,25424,12257,13167
52485,325292,10877,156606,7242,314415,25425,12257,13168
52490,325323,10878,156625,7242,314445,25427,12259,13168
52495,325354,10880,156641,7244,314474,25429,12261,13168
52500,325385,10880,156653,7244,314505,25431,12261,13170
52505,325416,10880,156666,7244,314536,25432,12261,13171
52510,325447,10880,156681,7244,314567,25433,12262,13171
52515,325478,10880,156695,7244,314598,25434,12262,13172
52520,325509,10880,156714,7244,314629,25435,12263,13172
52525,325540,10880,156726,7244,314660,25436,12263,13173
52530,325571,10880,156740,7244,314691,25437,12263,13174
52535,325602,10880,156757,7244,314722,25438,12264,13174
52540,325633,10880,156775,7244,314753,25439,12265,13174
52545,325664,10880,156791,7244,314784,25441,12267,13174
52550,325695,10880,156805,7244,314815,25445,12269,13176
52555,325726,10880,156818,7244,314846,25449,12270,13179
52560,325757,10880,156835,7244,314877,25453,12272,13181
52565,325788,10880,156849,7244,314908,25456,12273,13183
52570,325819,10880,156864,7244,314939,25458,12275,13183
52575,325850,10880,156877,7244,314970,25460,12275,13185
52580,325881,10880,156890,7244,315001,25462,12276,13186
52585,325912,10880,156907,7244,315032,25464,12276,13188
52590,325943,10881,156926,7244,315062,25466,12278,13188
52595,325974,10882,156946,7244,315092,25469,12279,13190
52600,326005,10884,156961,7244,315121,25472,12281,13191
52605,326036,10887,156979,7246,315149,25475,12284,13191
52610,326067,10890,156994,7249,315177,25478,12284,13194
52615,326098,10894,157009,7252,315203,25481,12285,13196
52620,326129,10900,157023,7257,315228,25484,12286,13198
52625,326160,10901,157037,7258,315259,25486,12286,13200
52630,326191,10901,157054,7258,315290,25488,12288,13200
52635,326222,10901,157070,7258,315321,25490,12290,13200
52640,326253,10901,157090,7258,315352,25492,12291,13201
52645,326284,10901,157106,7258,315383,25493,12292,13201
52650,326315,10901,157119,7258,315414,25494,12292,13202
52655,326346,10901,157137,7258,315445,25495,12292,13203
52660,326377,10901,157153,7258,315476,25496,12292,13204
52665,326408,10901,157165,7258,315507,25497,12293,13204
52670,326439,10901,157178,7258,315538,25498,12294,13204
52675,326470,10901,157190,7258,315569,25499,12294,13205
52680,326501,10901,157203,7258,315600,25500,12295,13205
52685,326532,10901,157219,7258,315631,25501,12295,13206
52690,326563,10901,157232,7258,315662,25502,12296,13206
52695,326594,10901,157248,7258,315693,25503,12297,13206
52700,326625,10901,157260,7258,315724,25504,12297,13207
52705,326656,10901,157270,7258,315755,25505,12297,13208
52710,326687,10901,157282,7258,315786,25506,12297,13209
52715,326718,10901,157299,7258,315817,25507,12297,13210
52720,326749,10901,157312,7258,315848,25508,12297,13211
52725,326780,10901,157326,7258,315879,25509,12297,13212
52730,326811,10904,157337,7259,315907,25516,12301,13215
52735,326842,10908,157353,7263,315933,25523,12303,13220
52740,326873,10912,157369,7266,315960,25528,12308,13220
52745,326904,10913,157381,7267,315991,25529,12308,13221
52750,326935,10913,157394,7267,316022,25530,12308,13222
52755,326966,10913,157411,7267,316053,25531,12309,13222
52760,326997,10913,157427,7267,316084,25532,12309,13223
52765,327028,10913,157447,7267,316115,25533,12309,13224
52770,327059,10913,157459,7267,316146,25534,12310,13224
52775,327090,10913,157473,7267,316177,25535,12311,13224
52780,327121,10913,157485,7267,316208,25536,12311,13225
52785,327152,10913,157499,7267,316239,25537,12311,13226
52790,327183,10913,157509,7267,316270,25538,12312,13226
52795,327214,10913,157523,7267,316301,25539,12313,13226
52800,327245,10913,157534,7267,316332,25540,12313,13227
52805,327276,10914,157544,7268,316362,25541,12314,13227
52810,327307,10915,157560,7269,316392,25542,12314,13228
52815,327338,10916,157575,7270,316422,25543,12315,13228
52820,327369,10917,157592,7271,316452,25544,12316,13228
52825,327400,10918,157607,7272,316482,25545,12317,13228
52830,327431,10919,157623,7272,316512,25546,12317,13229
52835,327462,10920,157634,7272,316542,25547,12317,13230
52840,327493,10921,157652,7273,316572,25549,12318,13231
52845,327524,10922,157664,7273,316602,25552,12319,13233
52850,327555,10924,157675,7275,316631,25557,12321,13236
52855,327586,10927,157690,7276,316659,25560,12324,13236
52860,327617,10930,157708,7279,316687,25562,12325,13237
52865,327648,10933,157726,7282,316715,25564,12326,13238
52870,327679,10935,157740,7283,316744,25566,12327,13239
52875,327710,10938,157754,7286,316772,25568,12328,13240
52880,327741,10940,157772,7288,316801,25570,12329,13241
52885,327772,10941,157786,7289,316831,25572,12330,13242
52890,327803,10943,157799,7291,316860,25574,12331,13243
52895,327834,10943,157815,7291,316891,25576,12332,13244
52900,327865,10943,157831,7291,316922,25578,12333,13245
52905,327896,10943,157848,7291,316953,25580,12334,13246
52910,327927,10943,157863,7291,316984,25582,12335,13247
52915,327958,10943,157877,7291,317015,25584,12337,13247
52920,327989,10943,157892,7291,317046,25587,12339,13248
52925,328020,10944,157913,7292,317075,25590,12341,13249
52930,328051,10946,157925,7294,317105,25592,12341,13251
52935,328082,10947,157938,7294,317135,25594,12341,13253
52940,328113,10948,157952,7294,317165,25596,12342,13254
52945,328144,10949,157967,7294,317195,25598,12342,13256
52950,328175,10950,157978,7294,317225,25601,12343,13258
52955,328206,10951,157993,7295,317255,25605,12345,13260
52960,328237,10952,158007,7295,317285,25611,12349,13262
52965,328268,10953,158027,7295,317315,25617,12353,13264
52970,328299,10955,158041,7297,317344,25623,12356,13267
52975,328330,10956,158058,7298,317374,25629,12360,13269
52980,328361,10957,158071,7298,317404,25632,12362,13270
52985,328392,10958,158087,7298,317434,25636,12364,13272
52990,328423,10959,158105,7299,317464,25638,12366,13272
52995,328454,10960,158116,7300,317494,25640,12367,13273
53000,328485,10961,158131,7301,317524,25642,12368,13274
53005,328516,10962,158148,7301,317554,25644,12369,13275
53010,328547,10963,158161,7302,317584,25646,12369,13277
53015,328578,10964,158179,7302,317614,25648,12370,13278
53020,328609,10965,158197,7303,317644,25650,12371,13279
53025,328640,10966,158210,7303,317674,25652,12372,13280
53030,328671,10967,158224,7303,317704,25654,12374,13280
53035,328702,10968,158237,7304,317734,25656,12376,13280
53040,328733,10969,158250,7305,317764,25658,12376,13282
53045,328764,10970,158264,7306,317794,25663,12379,13284
53050,328795,10971,158283,7307,317824,25665,12381,13284
53055,328826,10972,158294,7308,317854,25667,12382,13285
53060,328857,10973,158306,7308,317884,25669,12383,13286
53065,328888,10974,158323,7309,317914,25671,12383,13288
53070,328919,10975,158338,7310,317944,25673,12383,13290
53075,328950,10976,158355,7311,317974,25675,12384,13291
53080,328981,10977,158364,7311,318004,25677,12384,13293
53085,329012,10978,158384,7311,318034,25679,12384,13295
53090,329043,10981,158400,7313,318061,25682,12384,13298
53095,329074,10985,158415,7315,318088,25685,12387,13298
53100,329105,10987,158431,7316,318118,25688,12390,13298
53105,329136,10989,158446,7318,318147,25688,12390,13298
53110,329167,10990,158462,7319,318177,25688,12390,13298
53115,329198,10992,158481,7320,318206,25688,12390,13298
53120,329229,10993,158497,7321,318236,25688,12390,13298
53125,329260,10995,158510,7322,318265,25688,12390,13298
53130,329291,10995,158525,7322,318296,25688,12390,13298
53135,329322,10995,158539,7322,318327,25688,12390,13298
53140,329353,10995,158553,7322,318358,25688,12390,13298
53145,329384,10995,158568,7322,318389,25688,12390,13298
53150,329415,10995,158587,7322,318420,25690,12392,13298
53155,329446,10995,158605,7322,318451,25692,12393,13299
53160,329477,10995,158620,7322,318482,25695,12395,13300
53165,329508,10995,158634,7322,318513,25697,12395,13302
53170,329539,10995,158648,7322,318544,25697,12395,13302
53175,329570,10995,158661,7322,318575,25697,12395,13302
53180,329601,10995,158676,7322,318606,25697,12395,13302
53185,329632,10995,158692,7322,318637,25697,12395,13302
53190,329663,10995,158711,7322,318668,25698,12396,13302
53195,329694,10995,158726,7322,318699,25699,12397,13302
53200,329725,10995,158741,7322,318730,25699,12397,13302
53205,329756,10995,158754,7322,318761,25699,12397,13302
53210,329787,10997,158774,7324,318790,25702,12400,13302
53215,329818,10998,158785,7325,318820,25706,12401,13305
53220,329849,11001,158802,7328,318848,25710,12403,13307
53225,329880,11003,158819,7330,318877,25713,12404,13309
53230,329911,11006,158835,7331,318905,25716,12407,13309
53235,329942,11010,158849,7333,318932,25719,12409,13310
53240,329973,11012,158859,7334,318961,25722,12409,13313
53245,330004,11016,158873,7337,318988,25725,12410,13315
53250,330035,11018,158890,7339,319017,25728,12412,13316
53255,330066,11018,158907,7339,319048,25731,12414,13317
53260,330097,11018,158921,7339,319079,25733,12415,13318
53265,330128,11018,158934,7339,319110,25735,12416,13319
53270,330159,11018,158948,7339,319141,25739,12417,13322
53275,330190,11018,158968,7339,319172,25744,12420,13324
53280,330221,11018,158982,7339,319203,25749,12422,13327
53285,330252,11018,158994,7339,319234,25753,12424,13329
53290,330283,11018,159007,7339,319265,25755,12424,13331
53295,330314,11018,159017,7339,319296,25757,12424,13333
53300,330345,11018,159031,7339,319327,25759,12424,13335
53305,330376,11018,159045,7339,319358,25761,12425,13336
53310,330407,11018,159061,7339,319389,25763,12427,13336
53315,330438,11018,159075,7339,319420,25765,12428,13337
53320,330469,11018,159093,7339,319451,25767,12429,13338
53325,330500,11018,159109,7339,319482,25769,12431,13338
53330,330531,11018,159126,7339,319513,25773,12433,13340
53335,330562,11018,159138,7339,319544,25776,12435,13341
53340,330593,11018,159158,7339,319575,25779,12437,13342
53345,330624,11021,159173,7340,319602,25781,12439,13342
53350,330655,11026,159187,7345,319629,25783,12439,13344
53355,330686,11029,159205,7348,319656,25785,12440,13345
53360,330717,11034,159218,7351,319683,25787,12441,13346
53365,330748,11037,159231,7353,319710,25789,12443,13346
53370,330779,11041,159243,7356,319737,25791,12443,13348
53375,330810,11046,159255,7359,319764,25793,12444,13349
53380,330841,11050,159268,7362,319790,25795,12444,13351
53385,330872,11053,159287,7364,319818,25797,12446,13351
53390,330903,11057,159297,7366,319846,25801,12448,13353
53395,330934,11059,159310,7367,319875,25803,12449,13354
53400,330965,11061,159325,7369,319904,25805,12450,13355
53405,330996,11061,159339,7369,319935,25807,12450,13357
53410,331027,11061,159351,7369,319966,25809,12451,13358
53415,331058,11061,159367,7369,319997,25811,12451,13360
53420,331089,11061,159383,7369,320028,25813,12452,13361
53425,331120,11061,159400,7369,320059,25815,12453,13362
53430,331151,11061,159415,7369,320090,25817,12454,13363
53435,331182,11061,159434,7369,320121,25820,12455,13365
53440,331213,11061,159447,7369,320152,25823,12457,13366
53445,331244,11061,159464,7369,320183,25826,12458,13368
53450,331275,11061,159478,7369,320214,25829,12458,13371
53455,331306,11061,159492,7369,320245,25832,12459,13373
53460,331337,11061,159508,7369,320276,25835,12461,13374
53465,331368,11063,159523,7370,320305,25839,12463,13376
53470,331399,11064,159537,7371,320335,25842,12463,13379
53475,331430,11066,159551,7373,320364,25845,12466,13379
53480,331461,11068,159560,7374,320393,25848,12467,13381
53485,331492,11070,159573,7375,320422,25851,12468,13383
53490,331523,11070,159588,7375,320453,25854,12469,13385
53495,331554,11072,159607,7376,320482,25858,12473,13385
53500,331585,11074,159619,7378,320511,25863,12475,13388
53505,331616,11076,159631,7379,320540,25868,12477,13391
53510,331647,11078,159643,7381,320569,25873,12480,13393
53515,331678,11080,159661,7382,320598,25878,12482,13396
53520,331709,11081,159674,7382,320628,25883,12484,13399
53525,331740,11082,159689,7382,320658,25886,12486,13400
53530,331771,11083,159705,7383,320688,25888,12486,13402
53535,331802,11084,159722,7383,320718,25890,12487,13403
53540,331833,11085,159741,7383,320748,25892,12488,13404
53545,331864,11086,159758,7383,320778,25894,12489,13405
53550,331895,11087,159774,7383,320808,25896,12491,13405
53555,331926,11088,159790,7384,320838,25898,12493,13405
53560,331957,11089,159802,7385,320868,25900,12495,13405
53565,331988,11090,159820,7385,320898,25903,12498,13405
53570,332019,11091,159839,7386,320928,25906,12500,13406
53575,332050,11093,159858,7387,320957,25909,12503,13406
53580,332081,11094,159874,7387,320987,25912,12505,13407
53585,332112,11095,159888,7388,321017,25913,12505,13408
53590,332143,11097,159902,7389,321046,25914,12505,13409
53595,332174,11098,159918,7390,321076,25915,12505,13410
53600,332205,11099,159930,7390,321106,25916,12505,13411
53605,332236,11100,159941,7390,321136,25917,12506,13411
53610,332267,11102,159953,7391,321165,25918,12506,13412
53615,332298,11103,159967,7392,321195,25919,12507,13412
53620,332329,11105,159980,7393,321224,25920,12508,13412
53625,332360,11107,159996,7395,321253,25922,12510,13412
53630,332391,11108,160012,7396,321283,25926,12512,13414
53635,332422,11110,160026,7397,321312,25930,12513,13417
53640,332453,11111,160041,7398,321342,25934,12514,13420
53645,332484,11113,160060,7400,321371,25936,12515,13421
53650,332515,11113,160072,7400,321402,25937,12515,13422
53655,332546,11113,160089,7400,321433,25938,12516,13422
53660,332577,11113,160106,7400,321464,25939,12516,13423
53665,332608,11113,160123,7400,321495,25940,12517,13423
53670,332639,11113,160136,7400,321526,25941,12517,13424
53675,332670,11113,160148,7400,321557,25942,12518,13424
53680,332701,11113,160162,7400,321588,25943,12518,13425
53685,332732,11113,160178,7400,321619,25944,12519,13425
53690,332763,11113,160195,7400,321650,25945,12519,13426
53695,332794,11113,160213,7400,321681,25947,12520,13427
53700,332825,11113,160229,7400,321712,25950,12521,13429
53705,332856,11115,160243,7400,321740,25952,12522,13430
53710,332887,11118,160261,7403,321769,25954,12522,13432
53715,332918,11120,160274,7403,321797,25956,12522,13434
53720,332949,11123,160288,7405,321826,25958,12522,13436
53725,332980,11125,160299,7405,321855,25960,12524,13436
53730,333011,11127,160312,7406,321884,25962,12525,13437
53735,333042,11129,160327,7408,321912,25964,12526,13438
53740,333073,11132,160341,7409,321940,25966,12526,13440
53745,333104,11135,160358,7410,321969,25969,12526,13443
53750,333135,11138,160369,7412,321997,25973,12527,13446
53755,333166,11141,160386,7414,322024,25977,12530,13447
53760,333197,11146,160402,7418,322051,25982,12531,13451
53765,333228,11146,160415,7418,322082,25985,12534,13451
53770,333259,11146,160426,7418,322113,25987,12535,13452
53775,333290,11146,160447,7418,322144,25989,12536,13453
53780,333321,11146,160458,7418,322175,25991,12536,13455
53785,333352,11146,160473,7418,322206,25993,12536,13457
53790,333383,11146,160486,7418,322237,25995,12537,13458
53795,333414,11146,160503,7418,322268,25997,12538,13459
53800,333445,11146,160512,7418,322299,25999,12539,13460
53805,333476,11146,160527,7418,322330,26001,12540,13461
53810,333507,11146,160543,7418,322361,26003,12542,13461
53815,333538,11146,160558,7418,322392,26005,12543,13462
53820,333569,11146,160576,7418,322423,26007,12544,13463
53825,333600,11146,160590,7418,322454,26009,12545,13464
53830,333631,11146,160604,7418,322485,26011,12546,13465
53835,333662,11146,160622,7418,322516,26013,12548,13465
53840,333693,11146,160643,7418,322547,26015,12548,13467
53845,333724,11146,160654,7418,322578,26017,12550,13467
53850,333755,11146,160667,7418,322609,26020,12550,13470
53855,333786,11146,160685,7418,322640,26023,12553,13470
53860,333817,11146,160699,7418,322671,26026,12554,13472
53865,333848,11146,160709,7418,322702,26029,12554,13475
53870,333879,11148,160725,7419,322730,26036,12558,13478
53875,333910,11154,160739,7423,322756,26040,12560,13480
53880,333941,11157,160752,7424,322784,26044,12562,13482
53885,333972,11159,160768,7425,322813,26047,12564,13483
53890,334003,11159,160785,7425,322844,26049,12566,13483
53895,334034,11159,160803,7425,322875,26051,12566,13485
53900,334065,11159,160818,7425,322906,26053,12566,13487
53905,334096,11159,160830,7425,322937,26055,12566,13489
53910,334127,11159,160841,7425,322968,26057,12567,13490
53915,334158,11159,160857,7425,322999,26059,12567,13492
53920,334189,11159,160877,7425,323030,26061,12568,13493
53925,334220,11159,160893,7425,323061,26063,12568,13495
53930,334251,11159,160906,7425,323092,26065,12569,13496
53935,334282,11159,160920,7425,323123,26067,12570,13497
53940,334313,11159,160934,7425,323154,26069,12571,13498
53945,334344,11159,160945,7425,323185,26073,12573,13500
53950,334375,11159,160960,7425,323216,26075,12574,13501
53955,334406,11159,160969,7425,323247,26077,12574,13503
53960,334437,11159,160986,7425,323278,26079,12574,13505
53965,334468,11159,161003,7425,323309,26081,12574,13507
53970,334499,11159,161017,7425,323340,26083,12575,13508
53975,334530,11159,161032,7425,323371,26086,12577,13509
53980,334561,11159,161049,7425,323402,26089,12579,13510
53985,334592,11159,161067,7425,323432,26092,12580,13512
53990,334623,11162,161080,7426,323460,26095,12581,13514
53995,334654,11167,161095,7429,323487,26097,12581,13516
54000,334685,11169,161110,7430,323515,26099,12581,13518
54005,334716,11171,161125,7431,323545,26102,12583,13519
54010,334747,11172,161141,7431,323575,26105,12585,13520
54015,334778,11173,161154,7431,323605,26108,12588,13520
54020,334809,11175,161166,7433,323634,26111,12588,13523
54025,334840,11176,161179,7434,323664,26114,12589,13525
54030,334871,11176,161191,7434,323695,26117,12589,13528
54035,334902,11176,161202,7434,323726,26120,12590,13530
54040,334933,11176,161222,7434,323757,26122,12591,13531
54045,334964,11176,161239,7434,323788,26124,12592,13532
54050,334995,11176,161249,7434,323819,26127,12593,13534
54055,335026,11176,161266,7434,323850,26131,12596,13535
54060,335057,11176,161284,7434,323881,26135,12599,13536
54065,335088,11176,161297,7434,323912,26140,12601,13539
54070,335119,11176,161310,7434,323943,26145,12603,13542
54075,335150,11176,161326,7434,323974,26150,12606,13544
54080,335181,11176,161346,7434,324005,26155,12610,13545
54085,335212,11176,161367,7434,324036,26159,12614,13545
54090,335243,11176,161385,7434,324067,26162,12616,13546
54095,335274,11176,161398,7434,324098,26164,12616,13548
54100,335305,11176,161415,7434,324129,26166,12617,13549
54105,335336,11176,161429,7434,324160,26168,12617,13551
54110,335367,11177,161445,7434,324190,26170,12618,13552
54115,335398,11178,161459,7435,324220,26173,12619,13554
54120,335429,11179,161473,7435,324250,26176,12621,13555
54125,335460,11182,161484,7436,324278,26177,12621,13556
54130,335491,11186,161500,7438,324305,26178,12621,13557
54135,335522,11190,161513,7441,324332,26179,12621,13558
54140,335553,11194,161526,7444,324359,26180,12622,13558
54145,335584,11197,161538,7446,324387,26181,12622,13559
54150,335615,11200,161550,7448,324415,26182,12622,13560
54155,335646,11203,161564,7450,324443,26183,12623,13560
54160,335677,11208,161581,7454,324469,26184,12624,13560
54165,335708,11211,161595,7456,324497,26185,12625,13560
54170,335739,11216,161611,7460,324523,26186,12625,13561
54175,335770,11217,161630,7461,324553,26187,12625,13562
54180,335801,11218,161648,7461,324583,26188,12626,13562
54185,335832,11219,161661,7462,324613,26190,12628,13562
54190,335863,11219,161679,7462,324644,26193,12631,13562
54195,335894,11219,161697,7462,324675,26198,12634,13564
54200,335925,11219,161710,7462,324706,26204,12635,13569
54205,335956,11219,161724,7462,324737,26210,12637,13573
54210,335987,11219,161740,7462,324768,26215,12641,13574
54215,336018,11219,161756,7462,324799,26219,12642,13577
54220,336049,11219,161769,7462,324830,26222,12643,13579
54225,336080,11219,161786,7462,324861,26224,12645,13579
54230,336111,11219,161802,7462,324892,26227,12648,13579
54235,336142,11219,161820,7462,324923,26230,12651,13579
54240,336173,11219,161836,7462,324954,26232,12653,13579
54245,336204,11221,161850,7463,324983,26234,12654,13580
54250,336235,11222,161867,7464,325013,26236,12654,13582
54255,336266,11223,161879,7464,325043,26238,12655,13583
54260,336297,11224,161893,7464,325073,26240,12655,13585
54265,336328,11226,161912,7466,325102,26242,12656,13586
54270,336359,11227,161923,7466,325132,26244,12658,13586
54275,336390,11229,161938,7467,325161,26246,12659,13587
54280,336421,11231,161951,7469,325190,26248,12660,13588
54285,336452,11235,161961,7472,325217,26250,12660,13590
54290,336483,11237,161977,7473,325246,26252,12662,13590
54295,336514,11238,161990,7473,325276,26254,12663,13591
54300,336545,11239,162000,7474,325306,26256,12663,13593
54305,336576,11242,162019,7477,325334,26257,12664,13593
54310,336607,11245,162036,7479,325362,26258,12664,13594
54315,336638,11249,162055,7481,325389,26259,12665,13594
54320,336669,11252,162077,7483,325417,26262,12668,13594
54325,336700,11253,162092,7483,325447,26266,12669,13597
54330,336731,11254,162106,7483,325477,26270,12670,13600
54335,336762,11255,162120,7484,325507,26274,12673,13601
54340,336793,11256,162130,7484,325537,26276,12674,13602
54345,336824,11257,162146,7485,325566,26279,12675,13604
54350,336855,11258,162154,7486,325597,26282,12676,13606
54355,336886,11258,162167,7486,325628,26285,12676,13609
54360,336917,11258,162177,7486,325659,26288,12678,13610
54365,336948,11258,162197,7486,325690,26289,12678,13611
54370,336979,11258,162210,7486,325721,26290,12678,13612
54375,337010,11258,162223,7486,325752,26291,12678,13613
54380,337041,11258,162238,7486,325783,26292,12679,13613
54385,337072,11258,162254,7486,325814,26293,12680,13613
54390,337103,11258,162272,7486,325845,26294,12681,13613
54395,337134,11258,162286,7486,325876,26295,12682,13613
54400,337165,11258,162301,7486,325907,26296,12683,13613
54405,337196,11258,162316,7486,325938,26297,12684,13613
54410,337227,11258,162330,7486,325969,26299,12685,13614
54415,337258,11258,162346,7486,326000,26301,12687,13614
54420,337289,11258,162361,7486,326031,26303,12688,13615
54425,337320,11259,162376,7486,326061,26305,12689,13616
54430,337351,11260,162391,7487,326091,26307,12690,13617
54435,337382,11261,162403,7488,326121,26309,12690,13619
54440,337413,11262,162420,7488,326151,26313,12693,13620
54445,337444,11263,162431,7489,326181,26318,12693,13625
54450,337475,11265,162444,7490,326210,26323,12695,13628
54455,337506,11268,162457,7492,326238,26329,12697,13632
54460,337537,11271,162476,7494,326266,26334,12701,13633
54465,337568,11274,162494,7497,326294,26337,12702,13635
54470,337599,11276,162508,7498,326323,26340,12704,13636
54475,337630,11279,162524,7501,326351,26345,12707,13638
54480,337661,11281,162537,7502,326380,26349,12709,13640
54485,337692,11281,162554,7502,326411,26352,12711,13641
54490,337723,11281,162567,7502,326442,26354,12711,13643
54495,337754,11281,162583,7502,326473,26356,12712,13644
54500,337785,11281,162591,7502,326504,26358,12712,13646
54505,337816,11281,162607,7502,326535,26360,12713,13647
54510,337847,11281,162620,7502,326566,26362,12714,13648
54515,337878,11281,162634,7502,326597,26364,12716,13648
54520,337909,11281,162647,7502,326628,26366,12716,13650
54525,337940,11281,162661,7502,326659,26368,12717,13651
54530,337971,11281,162674,7502,326690,26370,12718,13652
54535,338002,11281,162688,7502,326721,26372,12718,13654
54540,338033,11281,162704,7502,326752,26374,12720,13654
54545,338064,11281,162721,7502,326783,26376,12722,13654
54550,338095,11281,162733,7502,326814,26378,12722,13656
54555,338126,11281,162749,7502,326845,26380,12724,13656
54560,338157,11281,162765,7502,326876,26383,12726,13657
54565,338188,11281,162780,7502,326907,26388,12729,13659
54570,338219,11281,162793,7502,326938,26393,12732,13661
54575,338250,11281,162805,7502,326969,26398,12734,13664
54580,338281,11281,162821,7502,327000,26402,12735,13667
54585,338312,11281,162842,7502,327031,26404,12736,13668
54590,338343,11283,162856,7503,327060,26407,12737,13670
54595,338374,11286,162870,7505,327088,26410,12739,13671
54600,338405,11290,162885,7508,327115,26414,12741,13673
54605,338436,11290,162896,7508,327146,26417,12742,13675
54610,338467,11290,162914,7508,327177,26420,12744,13676
54615,338498,11290,162925,7508,327208,26422,12744,13678
54620,338529,11290,162939,7508,327239,26424,12744,13680
54625,338560,11290,162955,7508,327270,26426,12746,13680
54630,338591,11290,162970,7508,327301,26428,12747,13681
54635,338622,11290,162986,7508,327332,26430,12748,13682
54640,338653,11290,163004,7508,327363,26432,12750,13682
54645,338684,11290,163021,7508,327394,26434,12751,13683
54650,338715,11290,163039,7508,327425,26436,12753,13683
54655,338746,11290,163059,7508,327456,26438,12754,13684
54660,338777,11290,163076,7508,327487,26440,12755,13685
54665,338808,11290,163092,7508,327518,26442,12756,13686
54670,338839,11290,163106,7508,327549,26444,12757,13687
54675,338870,11290,163122,7508,327580,26446,12759,13687
54680,338901,11290,163139,7508,327611,26449,12760,13689
54685,338932,11290,163150,7508,327642,26453,12762,13691
54690,338963,11290,163167,7508,327673,26459,12766,13693
54695,338994,11290,163181,7508,327704,26465,12769,13696
54700,339025,11290,163200,7508,327735,26470,12771,13699
54705,339056,11290,163221,7508,327766,26473,12773,13700
54710,339087,11292,163234,7509,327795,26477,12776,13701
54715,339118,11295,163248,7511,327823,26481,12778,13703
54720,339149,11298,163266,7512,327850,26485,12781,13704
54725,339180,11303,163284,7516,327877,26487,12781,13706
54730,339211,11306,163299,7518,327905,26489,12783,13706
54735,339242,11306,163314,7518,327936,26492,12785,13707
54740,339273,11306,163328,7518,327967,26494,12786,13708
54745,339304,11306,163348,7518,327998,26496,12787,13709
54750,339335,11306,163361,7518,328029,26498,12789,13709
54755,339366,11306,163378,7518,328060,26500,12790,13710
54760,339397,11306,163393,7518,328091,26502,12792,13710
54765,339428,11306,163405,7518,328122,26504,12793,13711
54770,339459,11306,163420,7518,328153,26506,12793,13713
54775,339490,11306,163432,7518,328184,26508,12793,13715
54780,339521,11306,163446,7518,328215,26510,12794,13716
54785,339552,11306,163458,7518,328246,26512,12794,13718
54790,339583,11306,163473,7518,328277,26514,12796,13718
54795,339614,11306,163492,7518,328308,26516,12798,13718
54800,339645,11306,163511,7518,328339,26519,12799,13720
54805,339676,11306,163524,7518,328370,26524,12801,13723
54810,339707,11306,163538,7518,328401,26529,12804,13725
54815,339738,11306,163555,7518,328432,26534,12806,13728
54820,339769,11306,163567,7518,328463,26538,12806,13732
54825,339800,11306,163579,7518,328494,26540,12807,13733
54830,339831,11306,163596,7518,328525,26542,12808,13734
54835,339862,11306,163611,7518,328556,26546,12810,13736
54840,339893,11308,163626,7518,328584,26550,12812,13738
54845,339924,11312,163641,7521,328612,26551,12813,13738
54850,339955,11315,163653,7523,328640,26552,12814,13738
54855,339986,11315,163669,7523,328671,26553,12815,13738
54860,340017,11315,163685,7523,328702,26554,12816,13738
54865,340048,11315,163699,7523,328733,26555,12817,13738
54870,340079,11315,163710,7523,328764,26556,12817,13739
54875,340110,11315,163726,7523,328795,26557,12817,13740
54880,340141,11315,163737,7523,328826,26558,12817,13741
54885,340172,11315,163750,7523,328857,26559,12818,13741
54890,340203,11315,163765,7523,328888,26560,12818,13742
54895,340234,11315,163778,7523,328919,26561,12818,13743
54900,340265,11315,163796,7523,328950,26562,12819,13743
54905,340296,11315,163811,7523,328981,26563,12820,13743
54910,340327,11315,163825,7523,329012,26564,12820,13744
54915,340358,11315,163840,7523,329043,26565,12821,13744
54920,340389,11315,163853,7523,329074,26567,12822,13745
54925,340420,11315,163866,7523,329105,26570,12824,13746
54930,340451,11315,163882,7523,329136,26574,12826,13748
54935,340482,11315,163896,7523,329167,26578,12828,13750
54940,340513,11315,163919,7523,329198,26581,12831,13750
54945,340544,11315,163934,7523,329229,26586,12832,13754
54950,340575,11315,163946,7523,329260,26589,12834,13755
54955,340606,11317,163961,7525,329289,26594,12837,13757
54960,340637,11319,163976,7526,329317,26599,12838,13761
54965,340668,11322,163990,7529,329346,26603,12841,13762
54970,340699,11324,164002,7531,329375,26607,12842,13765
54975,340730,11325,164016,7532,329405,26611,12845,13766
54980,340761,11325,164030,7532,329436,26613,12845,13768
54985,340792,11325,164045,7532,329467,26615,12846,13769
54990,340823,11325,164059,7532,329498,26617,12847,13770
54995,340854,11325,164068,7532,329529,26619,12849,13770
55000,340885,11325,164084,7532,329560,26621,12851,13770
55005,340916,11325,164101,7532,329591,26623,12852,13771
55010,340947,11325,164117,7532,329622,26625,12854,13771
55015,340978,11325,164129,7532,329653,26627,12855,13772
55020,341009,11325,164147,7532,329684,26629,12857,13772
55025,341040,11325,164156,7532,329715,26631,12857,13774
55030,341071,11325,164173,7532,329746,26633,12858,13775
55035,341102,11325,164189,7532,329777,26635,12858,13777
55040,341133,11325,164209,7532,329808,26637,12859,13778
55045,341164,11325,164225,7532,329839,26639,12860,13779
55050,341195,11325,164240,7532,329870,26641,12862,13779
55055,341226,11325,164253,7532,329901,26643,12862,13781
55060,341257,11325,164274,7532,329932,26645,12863,13782
55065,341288,11325,164286,7532,329963,26647,12864,13783
55070,341319,11326,164302,7533,329993,26649,12866,13783
55075,341350,11328,164316,7534,330021,26654,12870,13784
55080,341381,11332,164329,7537,330049,26660,12873,13787
55085,341412,11335,164342,7538,330077,26661,12874,13787
55090,341443,11336,164358,7539,330107,26662,12874,13788
55095,341474,11337,164373,7539,330137,26663,12875,13788
55100,341505,11339,164384,7540,330166,26664,12876,13788
55105,341536,11340,164400,7540,330196,26665,12876,13789
55110,341567,11341,164411,7540,330226,26666,12876,13790
55115,341598,11342,164428,7540,330256,26667,12876,13791
55120,341629,11343,164443,7541,330286,26668,12877,13791
55125,341660,11344,164460,7542,330316,26669,12878,13791
55130,341691,11345,164477,7543,330346,26670,12879,13791
55135,341722,11346,164495,7544,330376,26671,12880,13791
55140,341753,11347,164511,7545,330406,26672,12880,13792
55145,341784,11347,164525,7545,330437,26673,12881,13792
55150,341815,11347,164540,7545,330468,26674,12881,13793
55155,341846,11347,164551,7545,330499,26675,12881,13794
55160,341877,11347,164570,7545,330530,26676,12882,13794
55165,341908,11347,164585,7545,330561,26677,12882,13795
55170,341939,11347,164604,7545,330592,26678,12883,13795
55175,341970,11347,164621,7545,330623,26679,12883,13796
55180,342001,11347,164639,7545,330654,26680,12884,13796
55185,342032,11347,164657,7545,330685,26682,12886,13796
55190,342063,11347,164671,7545,330716,26687,12891,13796
55195,342094,11350,164685,7547,330744,26691,12892,13799
55200,342125,11352,164700,7548,330773,26696,12895,13801
55205,342156,11354,164712,7548,330802,26698,12896,13802
55210,342187,11355,164730,7548,330832,26700,12898,13802
55215,342218,11356,164742,7548,330862,26702,12898,13804
55220,342249,11357,164757,7549,330892,26704,12898,13806
55225,342280,11358,164772,7550,330922,26706,12899,13807
55230,342311,11359,164785,7550,330952,26708,12899,13809
55235,342342,11360,164801,7550,330982,26710,12901,13809
55240,342373,11361,164817,7550,331012,26712,12902,13810
55245,342404,11362,164832,7551,331042,26714,12903,13811
55250,342435,11363,164844,7552,331072,26716,12904,13812
55255,342466,11364,164862,7553,331102,26718,12905,13813
55260,342497,11365,164874,7553,331132,26720,12906,13814
55265,342528,11365,164884,7553,331163,26723,12907,13816
55270,342559,11365,164904,7553,331194,26726,12908,13818
55275,342590,11365,164920,7553,331225,26728,12908,13820
55280,342621,11365,164933,7553,331256,26730,12908,13822
55285,342652,11365,164952,7553,331287,26732,12909,13823
55290,342683,11365,164968,7553,331318,26734,12909,13825
55295,342714,11365,164977,7553,331349,26736,12909,13827
55300,342745,11365,164995,7553,331380,26739,12912,13827
55305,342776,11365,165016,7553,331411,26742,12914,13828
55310,342807,11366,165032,7553,331441,26744,12915,13829
55315,342838,11367,165051,7554,331471,26746,12916,13830
55320,342869,11368,165065,7554,331501,26748,12917,13831
55325,342900,11370,165075,7554,331530,26751,12919,13832
55330,342931,11372,165085,7555,331559,26754,12920,13834
55335,342962,11374,165101,7557,331587,26758,12922,13836
55340,342993,11377,165117,7558,331616,26762,12924,13838
55345,343024,11379,165128,7559,331645,26766,12925,13841
55350,343055,11381,165143,7561,331674,26769,12927,13842
55355,343086,11384,165159,7563,331702,26772,12929,13843
55360,343117,11386,165177,7565,331731,26775,12932,13843
55365,343148,11388,165190,7565,331759,26778,12932,13846
55370,343179,11391,165201,7566,331787,26781,12933,13848
55375,343210,11395,165217,7568,331815,26785,12934,13851
55380,343241,11397,165233,7569,331844,26789,12936,13853
55385,343272,11399,165249,7571,331873,26793,12939,13854
55390,343303,11402,165269,7573,331901,26797,12940,13857
55395,343334,11405,165279,7574,331929,26801,12943,13858
55400,343365,11408,165295,7576,331957,26803,12944,13859
55405,343396,11411,165312,7578,331985,26805,12946,13859
55410,343427,11413,165326,7579,332014,26808,12947,13861
55415,343458,11414,165340,7580,332044,26811,12948,13863
55420,343489,11416,165356,7582,332073,26814,12950,13864
55425,343520,11417,165370,7583,332103,26816,12951,13865
55430,343551,11417,165384,7583,332134,26818,12952,13866
55435,343582,11417,165397,7583,332165,26820,12954,13866
55440,343613,11417,165410,7583,332196,26822,12955,13867
55445,343644,11417,165423,7583,332227,26823,12956,13867
55450,343675,11417,165440,7583,332258,26824,12957,13867
55455,343706,11417,165452,7583,332289,26825,12957,13868
55460,343737,11417,165466,7583,332320,26826,12957,13869
55465,343768,11417,165483,7583,332351,26827,12958,13869
55470,343799,11417,165499,7583,332382,26828,12959,13869
55475,343830,11417,165513,7583,332413,26829,12959,13870
55480,343861,11417,165536,7583,332444,26830,12960,13870
55485,343892,11417,165551,7583,332475,26831,12960,13871
55490,343923,11417,165567,7583,332506,26832,12960,13872
55495,343954,11417,165576,7583,332537,26833,12960,13873
55500,343985,11417,165589,7583,332568,26834,12960,13874
55505,344016,11417,165606,7583,332599,26836,12961,13875
55510,344047,11417,165621,7583,332630,26838,12963,13875
55515,344078,11417,165629,7583,332661,26842,12963,13879
55520,344109,11417,165645,7583,332692,26845,12965,13880
55525,344140,11417,165658,7583,332723,26849,12967,13882
55530,344171,11417,165676,7583,332754,26852,12967,13885
55535,344202,11419,165692,7585,332783,26856,12971,13885
55540,344233,11420,165712,7585,332813,26860,12974,13886
55545,344264,11422,165724,7587,332841,26864,12976,13888
55550,344295,11427,165739,7591,332868,26868,12977,13891
55555,344326,11431,165754,7594,332895,26872,12980,13892
55560,344357,11435,165766,7597,332922,26876,12981,13895
55565,344388,11437,165784,7598,332951,26879,12982,13897
55570,344419,11437,165797,7598,332982,26881,12983,13898
55575,344450,11437,165809,7598,333013,26883,12983,13900
55580,344481,11437,165824,7598,333044,26885,12983,13902
55585,344512,11437,165835,7598,333075,26887,12984,13903
55590,344543,11437,165850,7598,333106,26889,12985,13904
55595,344574,11437,165861,7598,333137,26891,12986,13905
55600,344605,11437,165880,7598,333168,26893,12987,13906
55605,344636,11437,165889,7598,333199,26895,12988,13907
55610,344667,11437,165903,7598,333230,26897,12988,13909
55615,344698,11437,165920,7598,333261,26899,12990,13909
55620,344729,11437,165932,7598,333292,26901,12990,13911
55625,344760,11437,165949,7598,333323,26903,12990,13913
55630,344791,11437,165968,7598,333354,26905,12991,13914
55635,344822,11437,165981,7598,333385,26907,12993,13914
55640,344853,11437,165994,7598,333416,26910,12994,13916
55645,344884,11437,166009,7598,333447,26913,12997,13916
55650,344915,11437,166021,7598,333478,26916,12997,13919
55655,344946,11437,166036,7598,333509,26919,12999,13920
55660,344977,11437,166050,7598,333540,26922,13001,13921
55665,345008,11437,166062,7598,333571,26926,13003,13923
55670,345039,11439,166081,7600,333600,26931,13005,13926
55675,345070,11442,166093,7602,333628,26937,13007,13930
55680,345101,11447,166114,7606,333654,26944,13012,13932
55685,345132,11449,166130,7608,333683,26945,13013,13932
55690,345163,11450,166152,7609,333713,26946,13014,13932
55695,345194,11452,166169,7610,333742,26947,13015,13932
55700,345225,11453,166183,7611,333772,26948,13016,13932
55705,345256,11454,166197,7612,333802,26949,13017,13932
55710,345287,11457,166212,7614,333830,26950,13017,13933
55715,345318,11458,166228,7615,333860,26951,13018,13933
55720,345349,11459,166240,7616,333890,26952,13018,13934
55725,345380,11461,166253,7618,333919,26953,13018,13935
55730,345411,11461,166270,7618,333950,26954,13019,13935
55735,345442,11461,166278,7618,333981,26955,13019,13936
55740,345473,11461,166286,7618,334012,26956,13020,13936
55745,345504,11461,166299,7618,334043,26958,13022,13936
55750,345535,11461,166314,7618,334074,26960,13022,13938
55755,345566,11461,166329,7618,334105,26961,13023,13938
55760,345597,11461,166341,7618,334136,26962,13023,13939
55765,345628,11461,166357,7618,334167,26963,13023,13940
55770,345659,11461,166374,7618,334198,26964,13023,13941
55775,345690,11461,166396,7618,334229,26965,13024,13941
55780,345721,11461,166410,7618,334260,26966,13025,13941
55785,345752,11461,166423,7618,334291,26970,13027,13943
55790,345783,11462,166440,7619,334321,26976,13030,13946
55795,345814,11463,166455,7619,334351,26981,13034,13947
55800,345845,11464,166474,7620,334380,26987,13036,13951
55805,345876,11466,166482,7621,334410,26990,13037,13953
55810,345907,11468,166498,7622,334439,26993,13037,13956
55815,345938,11471,166512,7624,334467,26996,13038,13958
55820,345969,11473,166522,7626,334496,26999,13038,13961
55825,346000,11473,166537,7626,334527,27002,13041,13961
55830,346031,11473,166550,7626,334558,27004,13042,13962
55835,346062,11473,166564,7626,334589,27006,13043,13963
55840,346093,11473,166575,7626,334620,27008,13043,13965
55845,346124,11473,166594,7626,334651,27010,13043,13967
55850,346155,11474,166613,7626,334681,27012,13045,13967
55855,346186,11475,166624,7626,334711,27015,13046,13969
55860,346217,11476,166636,7627,334741,27018,13047,13971
55865,346248,11477,166649,7628,334771,27021,13050,13971
55870,346279,11478,166667,7629,334801,27024,13053,13971
55875,346310,11479,166684,7629,334831,27027,13055,13972
55880,346341,11480,166699,7630,334861,27030,13055,13975
55885,346372,11483,166714,7633,334889,27033,13058,13975
55890,346403,11484,166729,7633,334919,27036,13061,13975
55895,346434,11485,166747,7634,334949,27038,13062,13976
55900,346465,11487,166766,7635,334978,27040,13063,13977
55905,346496,11489,166779,7637,335007,27042,13064,13978
55910,346527,11491,166793,7638,335036,27046,13066,13980
55915,346558,11492,166804,7638,335066,27051,13068,13983
55920,346589,11493,166822,7639,335096,27056,13071,13985
55925,346620,11495,166841,7641,335125,27059,13073,13986
55930,346651,11497,166855,7643,335154,27062,13074,13988
55935,346682,11499,166871,7645,335183,27064,13074,13990
55940,346713,11501,166889,7647,335212,27066,13075,13991
55945,346744,11502,166906,7648,335242,27068,13076,13992
55950,346775,11504,166923,7650,335271,27070,13077,13993
55955,346806,11506,166934,7651,335300,27072,13077,13995
55960,346837,11508,166951,7652,335329,27074,13079,13995
55965,346868,11509,166965,7652,335359,27076,13080,13996
55970,346899,11511,166982,7653,335388,27078,13080,13998
55975,346930,11512,166999,7654,335418,27080,13082,13998
55980,346961,11512,167011,7654,335449,27082,13082,14000
55985,346992,11512,167019,7654,335480,27084,13083,14001
55990,347023,11512,167034,7654,335511,27086,13085,14001
55995,347054,11512,167051,7654,335542,27088,13086,14002
56000,347085,11512,167068,7654,335573,27090,13087,14003
56005,347116,11512,167081,7654,335604,27092,13089,14003
56010,347147,11512,167098,7654,335635,27093,13090,14003
56015,347178,11512,167115,7654,335666,27094,13090,14004
56020,347209,11512,167128,7654,335697,27095,13090,14005
56025,347240,11512,167142,7654,335728,27097,13090,14007
56030,347271,11513,167151,7655,335758,27102,13090,14012
56035,347302,11515,167164,7657,335787,27107,13090,14017
56040,347333,11516,167178,7657,335817,27113,13092,14021
56045,347364,11519,167190,7659,335845,27118,13094,14024
56050,347395,11522,167206,7661,335873,27122,13097,14025
56055,347426,11525,167225,7663,335900,27127,13101,14026
56060,347457,11530,167246,7667,335926,27131,13102,14029
56065,347488,11534,167259,7669,335953,27135,13102,14033
56070,347519,11537,167270,7671,335982,27139,13102,14037
56075,347550,11538,167281,7671,336012,27142,13103,14039
56080,347581,11540,167297,7672,336041,27144,13104,14040
56085,347612,11542,167314,7673,336070,27146,13105,14041
56090,347643,11544,167332,7675,336099,27148,13106,14042
56095,347674,11547,167344,7677,336127,27150,13107,14043
56100,347705,11549,167355,7678,336156,27152,13108,14044
56105,347736,11549,167364,7678,336187,27154,13108,14046
56110,347767,11549,167380,7678,336218,27157,13110,14047
56115,347798,11549,167397,7678,336249,27160,13112,14048
56120,347829,11549,167409,7678,336280,27163,13113,14050
56125,347860,11549,167423,7678,336311,27166,13113,14053
56130,347891,11549,167441,7678,336342,27169,13114,14055
56135,347922,11549,167460,7678,336373,27172,13117,14055
56140,347953,11549,167477,7678,336404,27175,13119,14056
56145,347984,11549,167490,7678,336435,27179,13121,14058
56150,348015,11549,167507,7678,336466,27184,13124,14060
56155,348046,11549,167520,7678,336497,27189,13127,14062
56160,348077,11549,167535,7678,336528,27195,13129,14066
56165,348108,11550,167549,7679,336558,27198,13130,14068
56170,348139,11551,167562,7679,336588,27200,13130,14070
56175,348170,11553,167573,7680,336617,27203,13132,14071
56180,348201,11556,167591,7683,336644,27206,13134,14072
56185,348232,11560,167604,7686,336672,27210,13134,14076
56190,348263,11562,167621,7687,336701,27213,13136,14077
56195,348294,11565,167633,7688,336729,27216,13137,14079
56200,348325,11567,167649,7689,336757,27219,13138,14081
56205,348356,11571,167665,7693,336785,27222,13140,14082
56210,348387,11574,167679,7694,336813,27225,13142,14083
56215,348418,11577,167697,7697,336841,27227,13143,14084
56220,348449,11578,167706,7698,336871,27229,13144,14085
56225,348480,11579,167724,7699,336901,27231,13146,14085
56230,348511,11580,167741,7699,336931,27233,13147,14086
56235,348542,11582,167753,7700,336960,27235,13147,14088
56240,348573,11583,167774,7701,336990,27237,13148,14089
56245,348604,11584,167790,7702,337020,27239,13149,14090
56250,348635,11586,167807,7704,337049,27241,13149,14092
56255,348666,11587,167821,7704,337079,27243,13150,14093
56260,348697,11588,167833,7705,337109,27245,13151,14094
56265,348728,11589,167846,7705,337139,27247,13152,14095
56270,348759,11590,167859,7706,337169,27251,13154,14097
56275,348790,11591,167872,7706,337199,27256,13156,14100
56280,348821,11593,167888,7708,337228,27260,13159,14101
56285,348852,11595,167904,7710,337257,27262,13160,14102
56290,348883,11596,167918,7710,337287,27265,13162,14103
56295,348914,11598,167934,7712,337316,27268,13163,14105
56300,348945,11599,167944,7713,337346,27271,13164,14107
56305,348976,11600,167961,7713,337376,27274,13164,14110
56310,349007,11601,167977,7713,337406,27277,13165,14112
56315,349038,11602,167995,7714,337436,27281,13168,14113
56320,349069,11603,168009,7715,337466,27285,13170,14115
56325,349100,11605,168023,7717,337495,27289,13171,14118
56330,349131,11608,168042,7719,337523,27293,13172,14121
56335,349162,11609,168055,7719,337553,27297,13176,14121
56340,349193,11611,168070,7721,337582,27301,13178,14123
56345,349224,11612,168087,7721,337612,27303,13180,14123
56350,349255,11613,168107,7721,337642,27305,13181,14124
56355,349286,11614,168119,7722,337672,27307,13182,14125
56360,349317,11616,168135,7724,337701,27309,13184,14125
56365,349348,11618,168152,7726,337730,27311,13185,14126
56370,349379,11619,168171,7727,337760,27313,13185,14128
56375,349410,11620,168184,7728,337790,27316,13186,14130
56380,349441,11621,168195,7728,337820,27320,13189,14131
56385,349472,11622,168213,7729,337850,27325,13190,14135
56390,349503,11624,168227,7730,337879,27331,13193,14138
56395,349534,11627,168239,7732,337907,27336,13195,14141
56400,349565,11629,168251,7733,337936,27341,13197,14144
56405,349596,11629,168268,7733,337967,27342,13197,14145
56410,349627,11629,168284,7733,337998,27343,13197,14146
56415,349658,11629,168296,7733,338029,27344,13198,14146
56420,349689,11629,168311,7733,338060,27345,13199,14146
56425,349720,11629,168325,7733,338091,27346,13200,14146
56430,349751,11630,168341,7734,338121,27347,13201,14146
56435,349782,11631,168356,7734,338151,27348,13201,14147
56440,349813,11632,168373,7734,338181,27349,13202,14147
56445,349844,11633,168384,7735,338211,27352,13203,14149
56450,349875,11634,168399,7736,338240,27356,13206,14150
56455,349906,11637,168408,7739,338269,27360,13208,14152
56460,349937,11638,168419,7739,338298,27364,13210,14154
56465,349968,11640,168433,7741,338328,27370,13213,14157
56470,349999,11642,168449,7742,338357,27376,13218,14158
56475,350030,11643,168466,7743,338387,27381,13221,14160
56480,350061,11645,168484,7744,338416,27386,13224,14162
56485,350092,11648,168502,7746,338444,27390,13227,14163
56490,350123,11651,168518,7748,338472,27394,13229,14165
56495,350154,11652,168529,7749,338502,27398,13231,14167
56500,350185,11652,168546,7749,338533,27401,13232,14169
56505,350216,11652,168559,7749,338564,27405,13235,14170
56510,350247,11652,168572,7749,338595,27409,13236,14173
56515,350278,11652,168584,7749,338626,27413,13238,14175
56520,350309,11652,168596,7749,338657,27416,13240,14176
56525,350340,11654,168616,7751,338685,27419,13243,14176
56530,350371,11656,168629,7752,338715,27422,13245,14177
56535,350402,11658,168645,7754,338744,27425,13246,14179
56540,350433,11660,168662,7755,338773,27428,13249,14179
56545,350464,11661,168679,7755,338803,27431,13252,14179
56550,350495,11662,168690,7755,338833,27433,13254,14179
56555,350526,11663,168704,7755,338863,27435,13254,14181
56560,350557,11664,168714,7755,338893,27437,13254,14183
56565,350588,11665,168730,7755,338923,27439,13255,14184
56570,350619,11666,168748,7755,338953,27441,13255,14186
56575,350650,11667,168760,7756,338983,27444,13256,14188
56580,350681,11668,168775,7757,339013,27447,13257,14190
56585,350712,11668,168791,7757,339044,27449,13258,14191
56590,350743,11668,168807,7757,339075,27452,13259,14193
56595,350774,11668,168823,7757,339106,27454,13261,14193
56600,350805,11668,168840,7757,339137,27455,13262,14193
56605,350836,11670,168852,7758,339166,27456,13262,14194
56610,350867,11673,168866,7760,339194,27457,13262,14195
56615,350898,11674,168877,7761,339224,27458,13262,14196
56620,350929,11676,168891,7763,339253,27460,13263,14197
56625,350960,11678,168905,7765,339282,27464,13266,14198
56630,350991,11680,168919,7767,339311,27469,13268,14201
56635,351022,11682,168938,7769,339340,27473,13271,14202
56640,351053,11684,168952,7771,339369,27477,13272,14205
56645,351084,11685,168966,7772,339399,27480,13274,14206
56650,351115,11685,168981,7772,339430,27482,13275,14207
56655,351146,11685,168997,7772,339461,27484,13276,14208
56660,351177,11685,169011,7772,339492,27486,13277,14209
56665,351208,11685,169023,7772,339523,27488,13277,14211
56670,351239,11685,169037,7772,339554,27490,13279,14211
56675,351270,11685,169054,7772,339585,27492,13281,14211
56680,351301,11685,169075,7772,339616,27494,13283,14211
56685,351332,11685,169090,7772,339647,27496,13284,14212
56690,351363,11685,169102,7772,339678,27498,13285,14213
56695,351394,11685,169118,7772,339709,27500,13287,14213
56700,351425,11685,169138,7772,339740,27502,13289,14213
56705,351456,11685,169152,7772,339771,27504,13290,14214
56710,351487,11685,169171,7772,339802,27506,13291,14215
56715,351518,11685,169185,7772,339833,27508,13292,14216
56720,351549,11685,169199,7772,339864,27510,13293,14217
56725,351580,11685,169213,7772,339895,27512,13295,14217
56730,351611,11685,169230,7772,339926,27514,13295,14219
56735,351642,11685,169242,7772,339957,27516,13297,14219
56740,351673,11685,169254,7772,339988,27518,13298,14220
56745,351704,11685,169265,7772,340019,27521,13298,14223
56750,351735,11686,169277,7773,340049,27526,13300,14226
56755,351766,11690,169291,7775,340076,27533,13304,14229
56760,351797,11693,169303,7777,340103,27538,13306,14232
56765,351828,11696,169320,7780,340132,27539,13307,14232
56770,351859,11696,169333,7780,340163,27540,13308,14232
56775,351890,11696,169346,7780,340194,27540,13308,14232
56780,351921,11696,169365,7780,340225,27540,13308,14232
56785,351952,11696,169382,7780,340256,27540,13308,14232
56790,351983,11696,169403,7780,340287,27540,13308,14232
56795,352014,11696,169417,7780,340318,27540,13308,14232
56800,352045,11696,169434,7780,340349,27540,13308,14232
56805,352076,11696,169449,7780,340380,27540,13308,14232
56810,352107,11696,169466,7780,340411,27540,13308,14232
56815,352138,11696,169482,7780,340442,27540,13308,14232
56820,352169,11696,169502,7780,340473,27540,13308,14232
56825,352200,11696,169516,7780,340504,27540,13308,14232
56830,352231,11696,169535,7780,340535,27540,13308,14232
56835,352262,11696,169549,7780,340566,27540,13308,14232
56840,352293,11696,169565,7780,340597,27540,13308,14232
56845,352324,11696,169582,7780,340628,27540,13308,14232
56850,352355,11696,169599,7780,340659,27540,13308,14232
56855,352386,11696,169613,7780,340690,27541,13309,14232
56860,352417,11696,169626,7780,340721,27544,13310,14234
56865,352448,11696,169641,7780,340751,27548,13311,14237
56870,352479,11699,169652,7782,340780,27551,13311,14240
56875,352510,11702,169665,7784,340808,27555,13314,14241
56880,352541,11706,169677,7787,340834,27558,13316,14242
56885,352572,11710,169695,7790,340862,27561,13317,14244
56890,352603,11714,169711,7793,340889,27564,13317,14247
56895,352634,11716,169723,7794,340918,27566,13318,14248
56900,352665,11718,169741,7795,340947,27568,13320,14248
56905,352696,11719,169758,7796,340977,27570,13321,14249
56910,352727,11721,169776,7797,341006,27572,13323,14249
56915,352758,11723,169795,7798,341035,27574,13325,14249
56920,352789,11724,169811,7799,341065,27576,13326,14250
56925,352820,11725,169825,7799,341095,27578,13326,14252
56930,352851,11727,169844,7801,341124,27580,13327,14253
56935,352882,11729,169865,7803,341153,27582,13328,14254
56940,352913,11731,169877,7805,341182,27584,13329,14255
56945,352944,11732,169894,7806,341212,27586,13330,14256
56950,352975,11732,169908,7806,341243,27588,13331,14257
56955,353006,11732,169926,7806,341274,27590,13332,14258
56960,353037,11732,169943,7806,341305,27592,13334,14258
56965,353068,11732,169960,7806,341336,27594,13336,14258
56970,353099,11732,169975,7806,341367,27598,13339,14259
56975,353130,11732,169990,7806,341398,27602,13341,14261
56980,353161,11732,170003,7806,341429,27606,13342,14264
56985,353192,11732,170015,7806,341460,27610,13344,14266
56990,353223,11732,170029,7806,341491,27614,13345,14269
56995,353254,11732,170044,7806,341522,27619,13347,14272
57000,353285,11732,170055,7806,341552,27623,13348,14275
57005,353316,11737,170073,7810,341579,27625,13350,14275
57010,353347,11738,170083,7811,341609,27627,13351,14276
57015,353378,11739,170098,7812,341639,27629,13353,14276
57020,353409,11740,170113,7812,341669,27631,13353,14278
57025,353440,11741,170126,7812,341699,27633,13353,14280
57030,353471,11742,170140,7812,341729,27635,13354,14281
57035,353502,11743,170157,7812,341759,27637,13354,14283
57040,353533,11744,170175,7812,341789,27639,13356,14283
57045,353564,11745,170194,7813,341819,27641,13358,14283
57050,353595,11746,170206,7813,341849,27643,13358,14285
57055,353626,11747,170221,7813,341879,27645,13359,14286
57060,353657,11748,170238,7814,341909,27647,13360,14287
57065,353688,11749,170254,7815,341939,27649,13361,14288
57070,353719,11750,170264,7816,341969,27651,13361,14290
57075,353750,11751,170277,7817,341999,27653,13362,14291
57080,353781,11752,170288,7817,342029,27655,13362,14293
57085,353812,11753,170303,7818,342059,27658,13363,14295
57090,353843,11754,170318,7819,342089,27661,13364,14297
57095,353874,11755,170331,7820,342119,27664,13365,14299
57100,353905,11756,170348,7820,342149,27667,13366,14301
57105,353936,11757,170359,7821,342178,27670,13366,14304
57110,353967,11759,170370,7822,342208,27676,13366,14310
57115,353998,11764,170392,7826,342233,27681,13370,14311
57120,354029,11769,170405,7830,342260,27687,13372,14315
57125,354060,11769,170422,7830,342291,27690,13375,14315
57130,354091,11769,170435,7830,342322,27692,13376,14316
57135,354122,11769,170446,7830,342353,27694,13377,14317
57140,354153,11769,170465,7830,342384,27696,13378,14318
57145,354184,11769,170477,7830,342415,27698,13379,14319
57150,354215,11769,170493,7830,342446,27700,13379,14321
57155,354246,11769,170509,7830,342477,27702,13381,14321
57160,354277,11769,170522,7830,342508,27704,13382,14322
57165,354308,11769,170536,7830,342539,27706,13382,14324
57170,354339,11769,170548,7830,342570,27708,13384,14324
57175,354370,11769,170568,7830,342601,27710,13386,14324
57180,354401,11769,170582,7830,342632,27712,13387,14325
57185,354432,11769,170595,7830,342663,27714,13388,14326
57190,354463,11769,170605,7830,342694,27716,13388,14328
57195,354494,11769,170619,7830,342725,27718,13390,14328
57200,354525,11769,170632,7830,342756,27720,13391,14329
57205,354556,11769,170641,7830,342787,27722,13392,14330
57210,354587,11769,170661,7830,342818,27725,13394,14331
57215,354618,11769,170680,7830,342849,27729,13397,14332
57220,354649,11769,170695,7830,342880,27733,13399,14334
57225,354680,11769,170709,7830,342911,27738,13400,14338
57230,354711,11771,170725,7830,342939,27744,13404,14340
57235,354742,11776,170740,7835,342966,27748,13405,14343
57240,354773,11780,170756,7839,342992,27752,13406,14346
57245,354804,11782,170772,7841,343022,27755,13407,14348
57250,354835,11784,170786,7842,343051,27758,13407,14351
57255,354866,11784,170799,7842,343082,27761,13409,14352
57260,354897,11784,170815,7842,343113,27764,13410,14354
57265,354928,11784,170833,7842,343144,27767,13412,14355
57270,354959,11784,170852,7842,343175,27770,13415,14355
57275,354990,11784,170868,7842,343206,27773,13416,14357
57280,355021,11784,170885,7842,343237,27776,13417,14359
57285,355052,11784,170902,7842,343268,27779,13418,14361
57290,355083,11784,170914,7842,343299,27782,13420,14362
57295,355114,11784,170931,7842,343330,27785,13422,14363
57300,355145,11784,170943,7842,343361,27788,13423,14365
57305,355176,11785,170956,7843,343391,27790,13424,14366
57310,355207,11788,170972,7845,343419,27792,13425,14367
57315,355238,11789,170987,7845,343449,27793,13425,14368
57320,355269,11791,171000,7847,343478,27794,13425,14369
57325,355300,11794,171017,7850,343506,27795,13425,14370
57330,355331,11794,171033,7850,343537,27795,13425,14370
57335,355362,11794,171050,7850,343568,27795,13425,14370
57340,355393,11794,171066,7850,343599,27795,13425,14370
57345,355424,11794,171081,7850,343630,27796,13426,14370
57350,355455,11794,171099,7850,343661,27798,13426,14372
57355,355486,11794,171112,7850,343692,27800,13427,14373
57360,355517,11795,171128,7850,343722,27802,13429,14373
57365,355548,11796,171142,7850,343752,27804,13429,14375
57370,355579,11797,171157,7850,343782,27806,13430,14376
57375,355610,11800,171174,7852,343810,27808,13431,14377
57380,355641,11802,171188,7854,343839,27810,13433,14377
57385,355672,11803,171198,7854,343869,27812,13433,14379
57390,355703,11805,171212,7856,343898,27814,13434,14380
57395,355734,11806,171224,7856,343928,27816,13435,14381
57400,355765,11807,171239,7857,343958,27818,13436,14382
57405,355796,11810,171251,7860,343986,27820,13437,14383
57410,355827,11812,171270,7862,344015,27822,13438,14384
57415,355858,11812,171288,7862,344046,27824,13440,14384
57420,355889,11812,171306,7862,344077,27826,13441,14385
57425,355920,11812,171321,7862,344108,27828,13443,14385
57430,355951,11812,171337,7862,344139,27830,13445,14385
57435,355982,11814,171353,7863,344168,27833,13447,14386
57440,356013,11816,171367,7865,344197,27836,13448,14388
57445,356044,11819,171384,7867,344225,27839,13450,14389
57450,356075,11820,171399,7867,344255,27843,13453,14390
57455,356106,11822,171415,7869,344284,27847,13456,14391
57460,356137,11824,171427,7871,344313,27851,13460,14391
57465,356168,11826,171441,7873,344342,27856,13464,14392
57470,356199,11827,171456,7873,344371,27862,13469,14393
57475,356230,11830,171469,7875,344400,27869,13471,14398
57480,356261,11832,171483,7877,344429,27875,13473,14402
57485,356292,11833,171495,7878,344459,27875,13473,14402
57490,356323,11835,171506,7880,344488,27875,13473,14402
57495,356354,11836,171518,7880,344518,27875,13473,14402
57500,356385,11837,171530,7881,344548,27875,13473,14402
57505,356416,11838,171547,7882,344578,27875,13473,14402
57510,356447,11839,171557,7882,344608,27875,13473,14402
57515,356478,11841,171575,7884,344637,27875,13473,14402
57520,356509,11842,171595,7884,344667,27875,13473,14402
57525,356540,11843,171612,7885,344697,27875,13473,14402
57530,356571,11843,171623,7885,344728,27875,13473,14402
57535,356602,11843,171640,7885,344759,27875,13473,14402
57540,356633,11843,171651,7885,344790,27875,13473,14402
57545,356664,11843,171663,7885,344821,27875,13473,14402
57550,356695,11843,171672,7885,344852,27875,13473,14402
57555,356726,11843,171688,7885,344883,27875,13473,14402
57560,356757,11843,171698,7885,344914,27875,13473,14402
57565,356788,11843,171714,7885,344945,27875,13473,14402
57570,356819,11843,171727,7885,344976,27875,13473,14402
57575,356850,11843,171743,7885,345007,27875,13473,14402
57580,356881,11843,171762,7885,345038,27876,13473,14403
57585,356912,11843,171781,7885,345069,27878,13474,14404
57590,356943,11844,171798,7885,345099,27883,13479,14404
57595,356974,11846,171812,7887,345128,27888,13479,14409
57600,357005,11847,171824,7888,345157,27892,13481,14411
57605,357036,11853,171840,7892,345183,27895,13482,14413
57610,357067,11857,171852,7894,345210,27898,13483,14415
57615,357098,11860,171868,7897,345238,27901,13484,14417
57620,357129,11863,171879,7899,345266,27904,13485,14419
57625,357160,11867,171893,7903,345293,27907,13485,14422
57630,357191,11871,171911,7905,345320,27910,13487,14423
57635,357222,11873,171926,7907,345349,27913,13488,14425
57640,357253,11874,171939,7908,345379,27916,13488,14428
57645,357284,11875,171951,7908,345409,27919,13490,14429
57650,357315,11876,171966,7909,345439,27922,13491,14431
57655,357346,11878,171980,7911,345468,27925,13492,14433
57660,357377,11879,171998,7912,345498,27928,13492,14436
57665,357408,11879,172010,7912,345529,27931,13492,14439
57670,357439,11879,172025,7912,345560,27934,13493,14441
57675,357470,11879,172038,7912,345591,27937,13493,14444
57680,357501,11879,172050,7912,345622,27939,13494,14445
57685,357532,11879,172059,7912,345653,27941,13495,14446
57690,357563,11879,172074,7912,345684,27944,13496,14448
57695,357594,11879,172089,7912,345715,27948,13498,14450
57700,357625,11879,172102,7912,345746,27952,13499,14453
57705,357656,11879,172119,7912,345777,27956,13501,14455
57710,357687,11879,172137,7912,345808,27959,13501,14458
57715,357718,11879,172146,7912,345839,27962,13501,14461
57720,357749,11879,172164,7912,345870,27965,13504,14461
57725,357780,11880,172181,7912,345900,27968,13507,14461
57730,357811,11881,172192,7913,345930,27971,13510,14461
57735,357842,11882,172205,7913,345960,27974,13511,14463
57740,357873,11883,172225,7914,345990,27976,13512,14464
57745,357904,11885,172241,7915,346019,27978,13512,14466
57750,357935,11887,172257,7917,346048,27980,13513,14467
57755,357966,11889,172269,7918,346077,27982,13515,14467
57760,357997,11891,172286,7919,346106,27984,13515,14469
57765,358028,11894,172303,7922,346134,27986,13516,14470
57770,358059,11897,172313,7924,346162,27988,13517,14471
57775,358090,11901,172324,7927,346189,27990,13518,14472
57780,358121,11903,172340,7928,346218,27993,13521,14472
57785,358152,11906,172353,7931,346246,27996,13523,14473
57790,358183,11906,172370,7931,346277,27999,13525,14474
57795,358214,11906,172380,7931,346308,28002,13526,14476
57800,358245,11906,172395,7931,346339,28004,13528,14476
57805,358276,11906,172407,7931,346370,28006,13530,14476
57810,358307,11906,172426,7931,346401,28009,13532,14477
57815,358338,11906,172437,7931,346432,28013,13534,14479
57820,358369,11906,172454,7931,346463,28017,13536,14481
57825,358400,11906,172473,7931,346494,28021,13537,14484
57830,358431,11906,172487,7931,346525,28024,13538,14486
57835,358462,11906,172495,7931,346556,28027,13539,14488
57840,358493,11906,172509,7931,346587,28030,13540,14490
57845,358524,11907,172517,7931,346617,28033,13542,14491
57850,358555,11908,172539,7931,346646,28036,13545,14491
57855,358586,11910,172553,7932,346675,28039,13547,14492
57860,358617,11912,172572,7933,346704,28042,13549,14493
57865,358648,11914,172589,7935,346734,28045,13551,14494
57870,358679,11915,172605,7935,346764,28048,13552,14496
57875,358710,11916,172615,7935,346794,28051,13553,14498
57880,358741,11917,172629,7935,346824,28053,13553,14500
57885,358772,11918,172641,7936,346854,28055,13553,14502
57890,358803,11919,172654,7937,346884,28057,13554,14503
57895,358834,11921,172672,7939,346913,28059,13556,14503
57900,358865,11924,172682,7941,346941,28061,13557,14504
57905,358896,11928,172701,7944,346968,28064,13559,14505
57910,358927,11929,172714,7944,346998,28067,13559,14508
57915,358958,11929,172728,7944,347029,28069,13559,14510
57920,358989,11929,172741,7944,347060,28071,13561,14510
57925,359020,11929,172756,7944,347091,28073,13561,14512
57930,359051,11929,172765,7944,347122,28077,13563,14514
57935,359082,11929,172781,7944,347153,28081,13565,14516
57940,359113,11929,172794,7944,347184,28085,13565,14520
57945,359144,11929,172809,7944,347215,28089,13568,14521
57950,359175,11929,172825,7944,347246,28092,13569,14523
57955,359206,11929,172845,7944,347277,28095,13571,14524
57960,359237,11929,172855,7944,347308,28097,13572,14525
57965,359268,11929,172871,7944,347339,28099,13574,14525
57970,359299,11929,172886,7944,347370,28101,13576,14525
57975,359330,11929,172900,7944,347401,28103,13576,14527
57980,359361,11929,172915,7944,347432,28105,13577,14528
57985,359392,11929,172928,7944,347463,28107,13577,14530
57990,359423,11929,172940,7944,347494,28109,13577,14532
57995,359454,11929,172959,7944,347525,28111,13578,14533
58000,359485,11929,172966,7944,347556,28113,13579,14534
58005,359516,11929,172980,7944,347587,28115,13580,14535
58010,359547,11930,173000,7944,347616,28118,13582,14536
58015,359578,11932,173015,7945,347645,28121,13582,14539
58020,359609,11935,173034,7947,347674,28124,13584,14540
58025,359640,11939,173048,7949,347701,28127,13585,14542
58030,359671,11943,173060,7953,347728,28129,13586,14543
58035,359702,11945,173081,7955,347757,28131,13588,14543
58040,359733,11946,173099,7956,347787,28133,13589,14544
58045,359764,11948,173112,7958,347816,28135,13590,14545
58050,359795,11950,173132,7959,347845,28138,13592,14546
58055,359826,11951,173142,7959,347875,28141,13592,14549
58060,359857,11952,173156,7959,347905,28145,13593,14552
58065,359888,11954,173167,7960,347934,28149,13593,14556
58070,359919,11955,173177,7960,347964,28153,13595,14558
58075,359950,11956,173196,7961,347994,28156,13597,14559
58080,359981,11957,173208,7961,348024,28159,13599,14560
58085,360012,11959,173222,7963,348053,28163,13600,14563
58090,360043,11961,173236,7965,348082,28167,13604,14563
58095,360074,11963,173251,7966,348111,28171,13607,14564
58100,360105,11963,173269,7966,348142,28174,13609,14565
58105,360136,11963,173283,7966,348173,28177,13610,14567
58110,360167,11963,173300,7966,348204,28180,13612,14568
58115,360198,11963,173311,7966,348235,28183,13613,14570
58120,360229,11963,173331,7966,348266,28186,13614,14572
58125,360260,11963,173343,7966,348297,28189,13614,14575
58130,360291,11963,173353,7966,348328,28191,13615,14576
58135,360322,11963,173373,7966,348359,28193,13617,14576
58140,360353,11963,173387,7966,348390,28195,13617,14578
58145,360384,11964,173405,7967,348420,28196,13618,14578
58150,360415,11965,173420,7968,348450,28196,13618,14578
58155,360446,11966,173433,7968,348480,28196,13618,14578
58160,360477,11968,173446,7969,348509,28196,13618,14578
58165,360508,11970,173464,7970,348538,28196,13618,14578
58170,360539,11972,173482,7971,348567,28196,13618,14578
58175,360570,11973,173497,7972,348597,28196,13618,14578
58180,360601,11975,173511,7974,348626,28196,13618,14578
58185,360632,11976,173526,7974,348656,28196,13618,14578
58190,360663,11978,173540,7975,348685,28198,13619,14579
58195,360694,11981,173560,7978,348713,28200,13620,14580
58200,360725,11984,173575,7981,348741,28203,13622,14581
58205,360756,11987,173590,7983,348769,28207,13624,14583
58210,360787,11989,173605,7985,348798,28211,13624,14587
58215,360818,11990,173621,7985,348828,28214,13626,14588
58220,360849,11992,173635,7986,348857,28217,13627,14590
58225,360880,11993,173647,7987,348887,28220,13629,14591
58230,360911,11994,173660,7987,348917,28223,13631,14592
58235,360942,11996,173677,7989,348946,28226,13633,14593
58240,360973,11997,173693,7990,348976,28229,13633,14596
58245,361004,11999,173703,7992,349005,28232,13635,14597
58250,361035,12001,173725,7994,349034,28235,13637,14598
58255,361066,12003,173741,7995,349063,28238,13638,14600
58260,361097,12005,173754,7996,349092,28241,13639,14602
58265,361128,12005,173768,7996,349123,28244,13640,14604
58270,361159,12005,173783,7996,349154,28246,13640,14606
58275,361190,12005,173796,7996,349185,28248,13642,14606
58280,361221,12005,173811,7996,349216,28250,13643,14607
58285,361252,12005,173824,7996,349247,28252,13645,14607
58290,361283,12005,173836,7996,349278,28254,13645,14609
58295,361314,12005,173856,7996,349309,28256,13646,14610
58300,361345,12005,173870,7996,349340,28258,13647,14611
58305,361376,12005,173885,7996,349371,28261,13649,14612
58310,361407,12006,173897,7997,349401,28264,13650,14614
58315,361438,12008,173910,7998,349430,28268,13650,14618
58320,361469,12010,173922,7999,349459,28273,13652,14621
58325,361500,12014,173937,8002,349486,28277,13653,14624
58330,361531,12017,173951,8003,349514,28281,13656,14625
58335,361562,12021,173968,8005,349541,28285,13658,14627
58340,361593,12024,173991,8007,349569,28289,13661,14628
58345,361624,12027,174004,8008,349597,28293,13663,14630
58350,361655,12028,174016,8008,349627,28296,13664,14632
58355,361686,12029,174028,8009,349657,28299,13665,14634
58360,361717,12030,174042,8010,349687,28302,13666,14636
58365,361748,12031,174055,8010,349717,28305,13667,14638
58370,361779,12032,174066,8010,349747,28309,13668,14641
58375,361810,12033,174082,8011,349777,28313,13669,14644
58380,361841,12034,174098,8011,349807,28317,13671,14646
58385,361872,12034,174115,8011,349838,28317,13671,14646
58390,361903,12034,174132,8011,349869,28317,13671,14646
58395,361934,12034,174151,8011,349900,28317,13671,14646
58400,361965,12034,174170,8011,349931,28317,13671,14646
58405,361996,12034,174185,8011,349962,28317,13671,14646
58410,362027,12034,174194,8011,349993,28317,13671,14646
58415,362058,12034,174214,8011,350024,28317,13671,14646
58420,362089,12034,174228,8011,350055,28317,13671,14646
58425,362120,12034,174244,8011,350086,28318,13672,14646
58430,362151,12034,174258,8011,350117,28319,13673,14646
58435,362182,12034,174271,8011,350148,28320,13674,14646
58440,362213,12034,174289,8011,350179,28321,13674,14647
58445,362244,12036,174302,8012,350208,28321,13674,14647
58450,362275,12037,174319,8012,350238,28321,13674,14647
58455,362306,12039,174334,8013,350267,28322,13675,14647
58460,362337,12043,174346,8016,350294,28323,13675,14648
58465,362368,12047,174356,8020,350321,28324,13675,14649
58470,362399,12051,174368,8022,350348,28325,13675,14650
58475,362430,12053,174382,8023,350377,28326,13676,14650
58480,362461,12057,174397,8026,350404,28326,13676,14650
58485,362492,12059,174407,8026,350433,28327,13676,14651
58490,362523,12062,174419,8029,350461,28330,13678,14652
58495,362554,12066,174436,8031,350488,28334,13681,14653
58500,362585,12069,174450,8033,350516,28337,13683,14654
58505,362616,12071,174463,8035,350545,28339,13683,14656
58510,362647,12071,174476,8035,350576,28341,13685,14656
58515,362678,12071,174489,8035,350607,28343,13686,14657
58520,362709,12071,174502,8035,350638,28345,13687,14658
58525,362740,12071,174516,8035,350669,28347,13688,14659
58530,362771,12071,174534,8035,350700,28349,13690,14659
58535,362802,12071,174549,8035,350731,28351,13692,14659
58540,362833,12071,174568,8035,350762,28353,13694,14659
58545,362864,12071,174589,8035,350793,28356,13697,14659
58550,362895,12071,174605,8035,350824,28359,13699,14660
58555,362926,12071,174624,8035,350855,28363,13700,14663
58560,362957,12071,174642,8035,350886,28367,13703,14664
58565,362988,12072,174657,8035,350915,28370,13706,14664
58570,363019,12074,174671,8037,350945,28373,13706,14667
58575,363050,12075,174683,8038,350974,28376,13706,14670
58580,363081,12077,174698,8040,351003,28379,13706,14673
58585,363112,12079,174712,8042,351032,28382,13708,14674
58590,363143,12081,174729,8044,351061,28385,13709,14676
58595,363174,12083,174740,8045,351090,28388,13710,14678
58600,363205,12085,174751,8047,351119,28391,13712,14679
58605,363236,12087,174767,8049,351149,28395,13714,14681
58610,363267,12089,174780,8050,351178,28398,13714,14684
58615,363298,12092,174793,8052,351206,28402,13714,14688
58620,363329,12095,174810,8055,351234,28406,13716,14690
58625,363360,12095,174826,8055,351265,28409,13718,14691
58630,363391,12095,174837,8055,351296,28412,13718,14694
58635,363422,12095,174850,8055,351327,28415,13719,14696
58640,363453,12095,174867,8055,351358,28418,13721,14697
58645,363484,12095,174886,8055,351389,28420,13723,14697
58650,363515,12095,174903,8055,351420,28422,13724,14698
58655,363546,12095,174922,8055,351451,28424,13725,14699
58660,363577,12095,174936,8055,351482,28426,13725,14701
58665,363608,12095,174951,8055,351513,28429,13726,14703
58670,363639,12095,174964,8055,351544,28433,13727,14706
58675,363670,12095,174983,8055,351575,28437,13728,14709
58680,363701,12095,174999,8055,351606,28440,13731,14709
58685,363732,12095,175014,8055,351637,28443,13733,14710
58690,363763,12095,175031,8055,351668,28446,13735,14711
58695,363794,12095,175045,8055,351699,28449,13736,14713
58700,363825,12095,175059,8055,351730,28452,13737,14715
58705,363856,12095,175073,8055,351761,28455,13738,14717
58710,363887,12095,175087,8055,351792,28457,13739,14718
58715,363918,12095,175101,8055,351823,28460,13739,14721
58720,363949,12096,175114,8056,351853,28463,13739,14724
58725,363980,12097,175122,8057,351883,28466,13740,14726
58730,364011,12100,175137,8058,351910,28470,13743,14727
58735,364042,12105,175157,8063,351936,28474,13746,14728
58740,364073,12109,175169,8065,351963,28478,13747,14731
58745,364104,12112,175178,8068,351992,28481,13748,14733
58750,364135,12114,175196,8070,352021,28483,13750,14733
58755,364166,12114,175208,8070,352052,28485,13751,14734
58760,364197,12114,175229,8070,352083,28487,13753,14734
58765,364228,12114,175243,8070,352114,28489,13753,14736
58770,364259,12114,175256,8070,352145,28491,13754,14737
58775,364290,12114,175270,8070,352176,28493,13756,14737
58780,364321,12114,175286,8070,352207,28496,13757,14739
58785,364352,12114,175301,8070,352238,28500,13758,14742
58790,364383,12114,175319,8070,352269,28504,13761,14743
58795,364414,12114,175334,8070,352300,28508,13761,14747
58800,364445,12114,175343,8070,352331,28511,13762,14749
58805,364476,12114,175357,8070,352362,28513,13763,14750
58810,364507,12114,175370,8070,352393,28515,13765,14750
58815,364538,12114,175385,8070,352424,28517,13765,14752
58820,364569,12114,175402,8070,352455,28519,13765,14754
58825,364600,12114,175420,8070,352486,28521,13765,14756
58830,364631,12114,175440,8070,352517,28523,13767,14756
58835,364662,12114,175458,8070,352548,28525,13768,14757
58840,364693,12114,175471,8070,352579,28527,13768,14759
58845,364724,12114,175487,8070,352610,28531,13769,14762
58850,364755,12114,175506,8070,352641,28534,13770,14764
58855,364786,12116,175521,8070,352669,28537,13772,14765
58860,364817,12119,175531,8071,352698,28541,13773,14768
58865,364848,12120,175545,8071,352728,28542,13774,14768
58870,364879,12122,175560,8072,352757,28543,13775,14768
58875,364910,12124,175576,8074,352786,28544,13776,14768
58880,364941,12125,175588,8075,352816,28545,13776,14769
58885,364972,12127,175605,8077,352845,28546,13776,14770
58890,365003,12128,175621,8077,352875,28547,13776,14771
58895,365034,12129,175633,8078,352905,28548,13776,14772
58900,365065,12130,175646,8078,352935,28549,13777,14772
58905,365096,12131,175666,8078,352965,28550,13777,14773
58910,365127,12132,175682,8078,352995,28553,13778,14775
58915,365158,12133,175693,8079,353025,28556,13778,14778
58920,365189,12134,175705,8080,353055,28559,13779,14780
58925,365220,12134,175721,8080,353086,28561,13780,14781
58930,365251,12134,175739,8080,353117,28562,13781,14781
58935,365282,12134,175752,8080,353148,28563,13782,14781
58940,365313,12134,175765,8080,353179,28564,13782,14782
58945,365344,12134,175783,8080,353210,28565,13783,14782
58950,365375,12134,175797,8080,353241,28566,13784,14782
58955,365406,12134,175810,8080,353272,28567,13785,14782
58960,365437,12134,175824,8080,353303,28568,13786,14782
58965,365468,12134,175838,8080,353334,28570,13787,14783
58970,365499,12136,175859,8081,353363,28572,13789,14783
58975,365530,12137,175878,8082,353393,28574,13790,14784
58980,365561,12138,175897,8083,353423,28576,13792,14784
58985,365592,12140,175909,8084,353452,28580,13795,14785
58990,365623,12141,175922,8085,353482,28583,13795,14788
58995,365654,12141,175941,8085,353513,28585,13796,14789
59000,365685,12141,175960,8085,353544,28587,13797,14790
59005,365716,12141,175979,8085,353575,28589,13797,14792
59010,365747,12141,175995,8085,353606,28591,13798,14793
59015,365778,12141,176010,8085,353637,28593,13799,14794
59020,365809,12141,176027,8085,353668,28595,13801,14794
59025,365840,12141,176042,8085,353699,28597,13802,14795
59030,365871,12141,176055,8085,353730,28599,13802,14797
59035,365902,12141,176072,8085,353761,28602,13804,14798
59040,365933,12141,176089,8085,353792,28605,13806,14799
59045,365964,12141,176104,8085,353823,28606,13806,14800
59050,365995,12141,176120,8085,353854,28607,13806,14801
59055,366026,12141,176128,8085,353885,28608,13806,14802
59060,366057,12141,176139,8085,353916,28609,13807,14802
59065,366088,12141,176149,8085,353947,28610,13808,14802
59070,366119,12141,176162,8085,353978,28611,13809,14802
59075,366150,12141,176177,8085,354009,28612,13810,14802
59080,366181,12141,176189,8085,354040,28613,13810,14803
59085,366212,12141,176204,8085,354071,28614,13810,14804
59090,366243,12142,176218,8086,354101,28615,13811,14804
59095,366274,12143,176233,8087,354131,28617,13812,14805
59100,366305,12146,176245,8089,354158,28619,13813,14806
59105,366336,12149,176262,8091,354187,28622,13814,14808
59110,366367,12149,176275,8091,354218,28625,13815,14810
59115,366398,12149,176292,8091,354249,28627,13816,14811
59120,366429,12149,176307,8091,354280,28629,13818,14811
59125,366460,12149,176322,8091,354311,28631,13819,14812
59130,366491,12149,176336,8091,354342,28633,13820,14813
59135,366522,12149,176350,8091,354373,28635,13821,14814
59140,366553,12149,176364,8091,354404,28637,13821,14816
59145,366584,12149,176379,8091,354435,28640,13823,14817
59150,366615,12149,176397,8091,354466,28645,13827,14818
59155,366646,12149,176410,8091,354497,28650,13830,14820
59160,366677,12149,176430,8091,354528,28655,13832,14823
59165,366708,12149,176443,8091,354559,28658,13833,14825
59170,366739,12149,176457,8091,354590,28659,13834,14825
59175,366770,12149,176468,8091,354621,28660,13834,14826
59180,366801,12149,176486,8091,354652,28661,13834,14827
59185,366832,12149,176500,8091,354683,28662,13835,14827
59190,366863,12149,176513,8091,354714,28664,13836,14828
59195,366894,12149,176533,8091,354745,28666,13838,14828
59200,366925,12149,176550,8091,354776,28668,13838,14830
59205,366956,12149,176568,8091,354807,28670,13839,14831
59210,366987,12151,176583,8091,354836,28672,13840,14832
59215,367018,12153,176591,8091,354865,28673,13840,14833
59220,367049,12158,176608,8094,354891,28674,13840,14834
59225,367080,12161,176620,8096,354919,28676,13841,14835
59230,367111,12163,176630,8098,354948,28678,13843,14835
59235,367142,12164,176644,8099,354978,28680,13843,14837
59240,367173,12165,176657,8100,355008,28683,13844,14839
59245,367204,12166,176669,8101,355038,28686,13846,14840
59250,367235,12168,176682,8103,355067,28689,13847,14842
59255,367266,12170,176698,8104,355096,28692,13848,14844
59260,367297,12172,176713,8105,355125,28695,13849,14846
59265,367328,12173,176728,8106,355155,28698,13849,14849
59270,367359,12173,176745,8106,355186,28704,13854,14850
59275,367390,12173,176755,8106,355217,28710,13858,14852
59280,367421,12173,176768,8106,355248,28715,13860,14855
59285,367452,12175,176787,8107,355277,28721,13863,14858
59290,367483,12175,176801,8107,355308,28726,13864,14862
59295,367514,12175,176821,8107,355339,28729,13866,14863
59300,367545,12175,176838,8107,355370,28731,13867,14864
59305,367576,12175,176852,8107,355401,28733,13867,14866
59310,367607,12175,176867,8107,355432,28735,13868,14867
59315,367638,12175,176883,8107,355463,28737,13868,14869
59320,367669,12175,176900,8107,355494,28739,13868,14871
59325,367700,12175,176914,8107,355525,28741,13869,14872
59330,367731,12176,176928,8107,355555,28743,13869,14874
59335,367762,12178,176943,8108,355584,28745,13870,14875
59340,367793,12180,176958,8110,355613,28747,13871,14876
59345,367824,12184,176975,8112,355639,28749,13873,14876
59350,367855,12188,176990,8114,355667,28751,13875,14876
59355,367886,12190,177008,8115,355696,28753,13876,14877
59360,367917,12191,177019,8115,355726,28754,13876,14878
59365,367948,12193,177034,8116,355755,28755,13876,14879
59370,367979,12195,177047,8117,355784,28756,13877,14879
59375,368010,12196,177066,8118,355814,28757,13877,14880
59380,368041,12196,177083,8118,355845,28758,13877,14881
59385,368072,12196,177093,8118,355876,28760,13877,14883
59390,368103,12196,177110,8118,355907,28762,13878,14884
59395,368134,12196,177131,8118,355938,28766,13881,14885
59400,368165,12196,177150,8118,355969,28771,13884,14887
59405,368196,12197,177168,8119,355999,28775,13885,14890
59410,368227,12198,177183,8119,356029,28779,13887,14892
59415,368258,12198,177202,8119,356060,28783,13891,14892
59420,368289,12198,177221,8119,356091,28787,13893,14894
59425,368320,12198,177229,8119,356122,28791,13895,14896
59430,368351,12198,177244,8119,356153,28795,13897,14898
59435,368382,12198,177263,8119,356184,28799,13900,14899
59440,368413,12198,177276,8119,356215,28802,13901,14901
59445,368444,12198,177297,8119,356246,28805,13904,14901
59450,368475,12198,177309,8119,356277,28807,13904,14903
59455,368506,12199,177326,8120,356307,28810,13905,14905
59460,368537,12200,177344,8120,356337,28813,13905,14908
59465,368568,12202,177359,8122,356366,28816,13908,14908
59470,368599,12205,177372,8123,356394,28819,13911,14908
59475,368630,12209,177384,8125,356421,28822,13912,14910
59480,368661,12211,177396,8127,356450,28823,13912,14911
59485,368692,12211,177415,8127,356481,28824,13912,14912
59490,368723,12211,177430,8127,356512,28825,13912,14913
59495,368754,12211,177444,8127,356543,28826,13913,14913
59500,368785,12211,177457,8127,356574,28827,13913,14914
59505,368816,12211,177469,8127,356605,28829,13913,14916
59510,368847,12211,177484,8127,356636,28831,13915,14916
59515,368878,12211,177497,8127,356667,28833,13916,14917
59520,368909,12211,177514,8127,356698,28835,13916,14919
59525,368940,12211,177527,8127,356729,28837,13918,14919
59530,368971,12211,177541,8127,356760,28838,13918,14920
59535,369002,12211,177554,8127,356791,28839,13918,14921
59540,369033,12211,177568,8127,356822,28840,13919,14921
59545,369064,12211,177585,8127,356853,28841,13919,14922
59550,369095,12211,177603,8127,356884,28843,13920,14923
59555,369126,12211,177618,8127,356915,28845,13922,14923
59560,369157,12211,177636,8127,356946,28847,13923,14924
59565,369188,12211,177646,8127,356977,28849,13924,14925
59570,369219,12211,177660,8127,357008,28851,13926,14925
59575,369250,12211,177674,8127,357039,28854,13929,14925
59580,369281,12211,177694,8127,357070,28857,13929,14928
59585,369312,12213,177708,8127,357098,28860,13930,14930
59590,369343,12216,177721,8129,357127,28863,13932,14931
59595,369374,12220,177738,8131,357153,28866,13933,14933
59600,369405,12225,177755,8135,357179,28870,13936,14934
59605,369436,12230,177775,8140,357206,28874,13938,14936
59610,369467,12233,177789,8141,357233,28878,13939,14939
59615,369498,12236,177805,8144,357261,28882,13942,14940
59620,369529,12239,177816,8147,357290,28886,13943,14943
59625,369560,12242,177827,8149,357318,28890,13945,14945
59630,369591,12245,177844,8152,357346,28896,13948,14948
59635,369622,12249,177859,8156,357373,28902,13950,14952
59640,369653,12251,177872,8158,357402,28908,13951,14957
59645,369684,12251,177887,8158,357433,28911,13951,14960
59650,369715,12251,177902,8158,357464,28914,13953,14961
59655,369746,12251,177913,8158,357495,28916,13954,14962
59660,369777,12251,177930,8158,357526,28918,13955,14963
59665,369808,12251,177944,8158,357557,28920,13957,14963
59670,369839,12251,177957,8158,357588,28922,13957,14965
59675,369870,12251,177973,8158,357619,28924,13958,14966
59680,369901,12251,177986,8158,357650,28927,13960,14967
59685,369932,12251,178003,8158,357681,28930,13962,14968
59690,369963,12251,178022,8158,357712,28933,13964,14969
59695,369994,12251,178035,8158,357743,28936,13966,14970
59700,370025,12251,178052,8158,357774,28938,13967,14971
59705,370056,12251,178067,8158,357805,28940,13968,14972
59710,370087,12251,178081,8158,357836,28942,13969,14973
59715,370118,12251,178095,8158,357867,28944,13970,14974
59720,370149,12251,178108,8158,357898,28946,13970,14976
59725,370180,12251,178124,8158,357929,28948,13971,14977
59730,370211,12251,178138,8158,357960,28950,13972,14978
59735,370242,12251,178155,8158,357991,28952,13972,14980
59740,370273,12251,178175,8158,358022,28953,13973,14980
59745,370304,12253,178196,8160,358051,28955,13973,14982
59750,370335,12256,178214,8162,358078,28957,13974,14983
59755,370366,12262,178229,8167,358103,28960,13974,14986
59760,370397,12268,178244,8172,358129,28963,13976,14987
59765,370428,12268,178258,8172,358160,28965,13976,14989
59770,370459,12268,178270,8172,358191,28967,13977,14990
59775,370490,12268,178285,8172,358222,28969,13978,14991
59780,370521,12268,178303,8172,358253,28971,13978,14993
59785,370552,12268,178317,8172,358284,28973,13978,14995
59790,370583,12268,178333,8172,358315,28975,13978,14997
59795,370614,12268,178352,8172,358346,28977,13980,14997
59800,370645,12268,178369,8172,358377,28979,13980,14999
59805,370676,12268,178380,8172,358408,28981,13981,15000
59810,370707,12268,178393,8172,358439,28983,13983,15000
59815,370738,12268,178408,8172,358470,28985,13984,15001
59820,370769,12268,178423,8172,358501,28987,13985,15002
59825,370800,12268,178433,8172,358532,28991,13986,15005
59830,370831,12268,178449,8172,358563,28995,13987,15008
59835,370862,12268,178458,8172,358594,28998,13987,15011
59840,370893,12268,178471,8172,358625,29002,13989,15013
59845,370924,12268,178490,8172,358656,29005,13990,15015
59850,370955,12268,178501,8172,358687,29008,13990,15018
59855,370986,12268,178514,8172,358718,29011,13992,15019
59860,371017,12268,178529,8172,358749,29013,13993,15020
59865,371048,12268,178545,8172,358780,29016,13995,15021
59870,371079,12272,178556,8175,358807,29020,13998,15022
59875,371110,12275,178570,8177,358835,29025,13999,15026
59880,371141,12277,178588,8177,358864,29029,14002,15027
59885,371172,12281,178607,8181,358890,29031,14003,15028
59890,371203,12285,178623,8184,358917,29033,14004,15029
59895,371234,12289,178637,8187,358945,29035,14005,15030
59900,371265,12290,178653,8188,358975,29037,14007,15030
59905,371296,12291,178663,8188,359005,29039,14008,15031
59910,371327,12292,178680,8189,359035,29041,14010,15031
59915,371358,12293,178697,8190,359065,29043,14011,15032
59920,371389,12294,178710,8191,359095,29045,14012,15033
59925,371420,12295,178724,8191,359125,29047,14012,15035
59930,371451,12296,178739,8191,359155,29049,14013,15036
59935,371482,12297,178755,8192,359185,29051,14014,15037
59940,371513,12298,178771,8193,359215,29053,14014,15039
59945,371544,12299,178791,8194,359245,29055,14015,15040
59950,371575,12300,178807,8194,359275,29057,14016,15041
59955,371606,12302,178821,8196,359304,29059,14018,15041
59960,371637,12304,178835,8197,359333,29061,14019,15042
59965,371668,12306,178848,8199,359362,29063,14020,15043
59970,371699,12307,178862,8200,359392,29065,14020,15045
59975,371730,12309,178880,8201,359421,29067,14022,15045
59980,371761,12310,178893,8202,359451,29069,14022,15047
59985,371792,12312,178909,8204,359480,29075,14027,15048
59990,371823,12312,178924,8204,359511,29082,14030,15052
59995,371854,12312,178938,8204,359542,29088,14033,15055
60000,371885,12312,178950,8204,359573,29091,14035,15056
60005,371916,12314,178964,8206,359602,29093,14036,15057
60010,371947,12315,178977,8207,359632,29095,14036,15059
60015,371978,12317,178993,8208,359661,29097,14037,15060
60020,372009,12319,179012,8209,359690,29099,14039,15060
60025,372040,12321,179028,8211,359719,29101,14039,15062
60030,372071,12323,179041,8213,359748,29103,14039,15064
60035,372102,12326,179054,8216,359776,29105,14040,15065
60040,372133,12327,179067,8217,359806,29107,14041,15066
60045,372164,12328,179084,8217,359836,29109,14043,15066
60050,372195,12328,179096,8217,359867,29111,14044,15067
60055,372226,12328,179112,8217,359898,29113,14045,15068
60060,372257,12328,179126,8217,359929,29115,14045,15070
60065,372288,12328,179143,8217,359960,29117,14046,15071
60070,372319,12328,179162,8217,359991,29119,14048,15071
60075,372350,12328,179177,8217,360022,29121,14050,15071
60080,372381,12328,179196,8217,360053,29123,14052,15071
60085,372412,12328,179213,8217,360084,29125,14053,15072
60090,372443,12328,179225,8217,360115,29127,14054,15073
60095,372474,12328,179240,8217,360146,29129,14055,15074
60100,372505,12328,179256,8217,360177,29135,14058,15077
60105,372536,12328,179273,8217,360208,29141,14061,15080
60110,372567,12330,179288,8219,360237,29146,14065,15081
60115,372598,12332,179305,8221,360266,29150,14067,15083
60120,372629,12333,179318,8222,360296,29154,14069,15085
60125,372660,12337,179334,8225,360323,29157,14071,15086
60130,372691,12340,179346,8226,360351,29160,14072,15088
60135,372722,12342,179364,8228,360380,29163,14073,15090
60140,372753,12344,179380,8228,360409,29166,14074,15092
60145,372784,12346,179393,8229,360438,29168,14075,15093
60150,372815,12348,179413,8231,360467,29170,14076,15094
60155,372846,12350,179432,8233,360496,29172,14077,15095
60160,372877,12352,179442,8234,360525,29174,14078,15096
60165,372908,12354,179453,8235,360554,29176,14079,15097
60170,372939,12357,179469,8237,360582,29178,14080,15098
60175,372970,12360,179483,8240,360609,29180,14080,15100
60180,373001,12363,179498,8242,360637,29182,14081,15101
60185,373032,12366,179515,8245,360666,29186,14084,15102
60190,373063,12367,179530,8246,360696,29190,14085,15105
60195,373094,12368,179543,8247,360726,29193,14086,15107
60200,373125,12370,179563,8248,360755,29196,14086,15110
60205,373156,12370,179581,8248,360786,29198,14088,15110
60210,373187,12370,179598,8248,360817,29199,14088,15111
60215,373218,12370,179611,8248,360848,29201,14088,15113
60220,373249,12370,179625,8248,360879,29203,14089,15114
60225,373280,12370,179637,8248,360910,29205,14089,15116
60230,373311,12370,179652,8248,360941,29208,14092,15116
60235,373342,12370,179667,8248,360972,29210,14093,15117
60240,373373,12370,179684,8248,361003,29212,14095,15117
60245,373404,12374,179694,8252,361030,29213,14096,15117
60250,373435,12379,179713,8255,361056,29214,14096,15118
60255,373466,12382,179728,8256,361084,29215,14096,15119
60260,373497,12383,179745,8256,361114,29216,14097,15119
60265,373528,12385,179764,8258,361143,29217,14098,15119
60270,373559,12385,179777,8258,361174,29218,14099,15119
60275,373590,12385,179794,8258,361205,29219,14100,15119
60280,373621,12385,179809,8258,361236,29220,14100,15120
60285,373652,12385,179828,8258,361267,29222,14102,15120
60290,373683,12385,179844,8258,361298,29224,14104,15120
60295,373714,12385,179858,8258,361329,29227,14105,15122
60300,373745,12385,179874,8258,361360,29230,14106,15124
60305,373776,12386,179887,8259,361390,29234,14109,15125
60310,373807,12387,179901,8259,361420,29237,14109,15128
60315,373838,12388,179922,8260,361450,29240,14111,15129
60320,373869,12389,179934,8261,361480,29242,14111,15131
60325,373900,12390,179951,8262,361510,29244,14111,15133
60330,373931,12391,179964,8262,361540,29246,14112,15134
60335,373962,12392,179980,8263,361570,29249,14112,15137
60340,373993,12393,179992,8263,361600,29252,14114,15138
60345,374024,12394,180010,8263,361630,29255,14115,15140
60350,374055,12395,180023,8264,361660,29258,14117,15141
60355,374086,12397,180039,8266,361689,29261,14118,15143
60360,374117,12398,180053,8266,361719,29265,14120,15145
60365,374148,12400,180068,8267,361748,29269,14123,15146
60370,374179,12402,180083,8268,361777,29272,14124,15148
60375,374210,12403,180101,8269,361807,29275,14125,15150
60380,374241,12404,180117,8270,361837,29278,14126,15152
60385,374272,12405,180125,8270,361867,29281,14126,15155
60390,374303,12407,180143,8271,361896,29284,14129,15155
60395,374334,12409,180161,8273,361925,29287,14130,15157
60400,374365,12410,180173,8273,361955,29290,14131,15159
60405,374396,12411,180190,8274,361985,29293,14132,15161
60410,374427,12413,180204,8276,362014,29297,14135,15162
60415,374458,12414,180216,8277,362044,29301,14136,15165
60420,374489,12415,180232,8278,362074,29305,14138,15167
60425,374520,12416,180245,8279,362104,29307,14139,15168
60430,374551,12419,180261,8281,362132,29309,14139,15170
60435,374582,12419,180274,8281,362163,29311,14139,15172
60440,374613,12419,180294,8281,362194,29313,14140,15173
60445,374644,12419,180312,8281,362225,29315,14142,15173
60450,374675,12419,180323,8281,362256,29317,14143,15174
60455,374706,12419,180343,8281,362287,29319,14145,15174
60460,374737,12419,180356,8281,362318,29321,14147,15174
60465,374768,12419,180372,8281,362349,29323,14147,15176
60470,374799,12419,180386,8281,362380,29325,14149,15176
60475,374830,12420,180392,8282,362410,29327,14149,15178
60480,374861,12422,180411,8284,362439,29329,14150,15179
60485,374892,12424,180423,8285,362468,29330,14150,15180
60490,374923,12427,180437,8287,362495,29331,14150,15181
60495,374954,12430,180450,8289,362524,29332,14151,15181
60500,374985,12433,180468,8291,362552,29333,14151,15182
60505,375016,12437,180485,8295,362578,29334,14152,15182
60510,375047,12441,180499,8298,362606,29335,14153,15182
60515,375078,12446,180518,8302,362632,29336,14153,15183
60520,375109,12447,180534,8303,362662,29337,14153,15184
60525,375140,12447,180551,8303,362693,29340,14155,15185
60530,375171,12447,180566,8303,362724,29345,14157,15188
60535,375202,12447,180578,8303,362755,29349,14157,15192
60540,375233,12447,180590,8303,362786,29350,14157,15193
60545,375264,12447,180608,8303,362817,29351,14157,15194
60550,375295,12447,180626,8303,362848,29352,14157,15195
60555,375326,12447,180636,8303,362879,29354,14157,15197
60560,375357,12447,180652,8303,362910,29355,14158,15197
60565,375388,12447,180670,8303,362941,29356,14159,15197
60570,375419,12447,180681,8303,362972,29357,14159,15198
60575,375450,12447,180692,8303,363003,29358,14160,15198
60580,375481,12447,180703,8303,363034,29359,14160,15199
60585,375512,12447,180721,8303,363065,29361,14161,15200
60590,375543,12447,180734,8303,363096,29363,14161,15202
60595,375574,12447,180748,8303,363127,29365,14161,15204
60600,375605,12447,180760,8303,363158,29367,14162,15205
60605,375636,12447,180772,8303,363189,29369,14162,15207
60610,375667,12447,180784,8303,363220,29371,14164,15207
60615,375698,12447,180792,8303,363251,29373,14165,15208
60620,375729,12447,180809,8303,363282,29375,14166,15209
60625,375760,12448,180822,8304,363312,29377,14167,15210
60630,375791,12450,180836,8306,363341,29379,14168,15211
60635,375822,12452,180851,8307,363369,29381,14169,15212
60640,375853,12456,180863,8309,363397,29385,14170,15215
60645,375884,12459,180879,8311,363425,29390,14174,15216
60650,375915,12462,180891,8313,363453,29395,14176,15219
60655,375946,12467,180908,8318,363479,29399,14178,15221
60660,375977,12473,180921,8323,363504,29403,14180,15223
60665,376008,12473,180934,8323,363535,29406,14180,15226
60670,376039,12473,180950,8323,363566,29408,14182,15226
60675,376070,12473,180961,8323,363597,29410,14182,15228
60680,376101,12473,180970,8323,363628,29412,14182,15230
60685,376132,12473,180988,8323,363659,29414,14184,15230
60690,376163,12473,181005,8323,363690,29416,14186,15230
60695,376194,12473,181015,8323,363721,29418,14187,15231
60700,376225,12473,181033,8323,363752,29420,14189,15231
60705,376256,12473,181051,8323,363783,29422,14191,15231
60710,376287,12473,181069,8323,363814,29424,14191,15233
60715,376318,12473,181081,8323,363845,29426,14192,15234
60720,376349,12473,181096,8323,363876,29428,14192,15236
60725,376380,12473,181114,8323,363907,29430,14192,15238
60730,376411,12473,181126,8323,363938,29432,14193,15239
60735,376442,12473,181141,8323,363969,29434,14194,15240
60740,376473,12473,181152,8323,364000,29436,14194,15242
60745,376504,12473,181172,8323,364031,29438,14194,15244
60750,376535,12473,181187,8323,364062,29440,14196,15244
60755,376566,12473,181204,8323,364093,29443,14198,15245
60760,376597,12473,181219,8323,364124,29447,14199,15248
60765,376628,12473,181234,8323,364155,29451,14201,15250
60770,376659,12475,181249,8323,364184,29456,14204,15252
60775,376690,12479,181263,8326,364210,29458,14205,15253
60780,376721,12485,181278,8331,364236,29460,14205,15255
60785,376752,12489,181292,8334,364263,29461,14206,15255
60790,376783,12490,181306,8334,364293,29462,14207,15255
60795,376814,12491,181321,8335,364323,29463,14207,15256
60800,376845,12493,181339,8336,364352,29465,14207,15258
60805,376876,12495,181355,8338,364381,29467,14208,15259
60810,376907,12497,181372,8339,364410,29469,14210,15259
60815,376938,12497,181385,8339,364441,29471,14210,15261
60820,376969,12497,181400,8339,364472,29473,14211,15262
60825,377000,12497,181411,8339,364503,29475,14211,15264
60830,377031,12497,181425,8339,364534,29476,14212,15264
60835,377062,12497,181436,8339,364565,29477,14212,15265
60840,377093,12497,181453,8339,364596,29478,14212,15266
60845,377124,12497,181468,8339,364627,29479,14212,15267
60850,377155,12497,181482,8339,364658,29480,14212,15268
60855,377186,12497,181496,8339,364689,29481,14212,15269
60860,377217,12497,181513,8339,364720,29482,14213,15269
60865,377248,12497,181530,8339,364751,29483,14213,15270
60870,377279,12497,181546,8339,364782,29485,14215,15270
60875,377310,12497,181558,8339,364813,29488,14217,15271
60880,377341,12497,181568,8339,364844,29492,14219,15273
60885,377372,12497,181583,8339,364875,29495,14220,15275
60890,377403,12497,181599,8339,364906,29500,14223,15277
60895,377434,12497,181608,8339,364937,29503,14224,15279
60900,377465,12499,181627,8341,364966,29506,14226,15280
60905,377496,12500,181643,8341,364996,29509,14228,15281
60910,377527,12502,181660,8343,365025,29512,14231,15281
60915,377558,12504,181679,8345,365054,29514,14232,15282
60920,377589,12506,181695,8345,365083,29516,14232,15284
60925,377620,12508,181708,8345,365112,29518,14233,15285
60930,377651,12510,181720,8346,365141,29520,14234,15286
60935,377682,12514,181736,8350,365168,29522,14235,15287
60940,377713,12518,181752,8352,365195,29524,14236,15288
60945,377744,12522,181770,8354,365222,29527,14238,15289
60950,377775,12525,181784,8356,365250,29530,14239,15291
60955,377806,12528,181798,8358,365278,29533,14242,15291
60960,377837,12531,181814,8360,365306,29536,14244,15292
60965,377868,12531,181832,8360,365337,29541,14246,15295
60970,377899,12531,181847,8360,365368,29543,14247,15296
60975,377930,12531,181860,8360,365399,29545,14248,15297
60980,377961,12531,181869,8360,365430,29547,14250,15297
60985,377992,12531,181882,8360,365461,29549,14250,15299
60990,378023,12531,181899,8360,365492,29551,14252,15299
60995,378054,12531,181913,8360,365523,29553,14253,15300
61000,378085,12531,181925,8360,365554,29555,14253,15302
61005,378116,12531,181935,8360,365585,29557,14255,15302
61010,378147,12531,181952,8360,365616,29559,14257,15302
61015,378178,12531,181966,8360,365647,29561,14258,15303
61020,378209,12531,181985,8360,365678,29563,14259,15304
61025,378240,12533,182002,8360,365706,29564,14259,15305
61030,378271,12537,182018,8363,365733,29565,14260,15305
61035,378302,12540,182035,8364,365761,29566,14260,15306
61040,378333,12543,182049,8366,365790,29567,14260,15307
61045,378364,12545,182061,8366,365818,29568,14260,15308
61050,378395,12548,182077,8367,365846,29569,14260,15309
61055,378426,12551,182091,8370,365875,29570,14260,15310
61060,378457,12553,182104,8370,365904,29571,14261,15310
61065,378488,12555,182121,8371,365933,29573,14262,15311
61070,378519,12557,182138,8373,365962,29575,14263,15312
61075,378550,12559,182155,8375,365991,29579,14265,15314
61080,378581,12562,182172,8377,366019,29583,14268,15315
61085,378612,12562,182188,8377,366050,29585,14269,15316
61090,378643,12562,182202,8377,366081,29588,14271,15317
61095,378674,12562,182221,8377,366112,29591,14273,15318
61100,378705,12562,182240,8377,366143,29594,14275,15319
61105,378736,12562,182257,8377,366174,29597,14276,15321
61110,378767,12562,182268,8377,366205,29600,14276,15324
61115,378798,12562,182283,8377,366236,29603,14277,15326
61120,378829,12562,182296,8377,366267,29606,14279,15327
61125,378860,12562,182313,8377,366298,29609,14280,15329
61130,378891,12562,182330,8377,366329,29611,14281,15330
61135,378922,12562,182344,8377,366360,29613,14281,15332
61140,378953,12562,182360,8377,366391,29615,14283,15332
61145,378984,12562,182368,8377,366422,29617,14284,15333
61150,379015,12562,182382,8377,366453,29619,14285,15334
61155,379046,12562,182398,8377,366484,29621,14285,15336
61160,379077,12562,182414,8377,366515,29623,14286,15337
61165,379108,12562,182431,8377,366546,29625,14288,15337
61170,379139,12562,182443,8377,366577,29627,14288,15339
61175,379170,12562,182458,8377,366608,29629,14288,15341
61180,379201,12562,182473,8377,366639,29631,14289,15342
61185,379232,12562,182486,8377,366670,29635,14292,15343
61190,379263,12565,182496,8378,366698,29640,14295,15345
61195,379294,12568,182513,8380,366726,29646,14299,15347
61200,379325,12571,182523,8381,366753,29649,14299,15350
61205,379356,12574,182534,8384,366782,29651,14299,15352
61210,379387,12575,182549,8385,366812,29653,14301,15352
61215,379418,12576,182562,8385,366842,29655,14302,15353
61220,379449,12578,182582,8386,366871,29657,14303,15354
61225,379480,12579,182598,8387,366901,29659,14305,15354
61230,379511,12580,182613,8387,366931,29661,14306,15355
61235,379542,12582,182623,8388,366960,29663,14306,15357
61240,379573,12584,182636,8389,366989,29665,14307,15358
61245,379604,12584,182653,8389,367020,29667,14309,15358
61250,379635,12584,182665,8389,367051,29669,14311,15358
61255,379666,12584,182679,8389,367082,29671,14312,15359
61260,379697,12584,182699,8389,367113,29673,14312,15361
61265,379728,12584,182714,8389,367144,29675,14313,15362
61270,379759,12584,182727,8389,367175,29677,14314,15363
61275,379790,12584,182740,8389,367206,29679,14314,15365
61280,379821,12584,182752,8389,367237,29681,14316,15365
61285,379852,12584,182768,8389,367268,29683,14316,15367
61290,379883,12584,182785,8389,367299,29685,14318,15367
61295,379914,12584,182804,8389,367330,29687,14319,15368
61300,379945,12584,182820,8389,367361,29691,14320,15371
61305,379976,12584,182832,8389,367392,29697,14323,15374
61310,380007,12586,182851,8391,367421,29703,14328,15375
61315,380038,12588,182860,8392,367450,29710,14329,15381
61320,380069,12589,182875,8392,367479,29716,14334,15382
61325,380100,12591,182897,8394,367509,29717,14335,15382
61330,380131,12592,182917,8395,367539,29718,14336,15382
61335,380162,12593,182930,8396,367569,29719,14336,15383
61340,380193,12594,182943,8396,367599,29720,14337,15383
61345,380224,12595,182959,8396,367629,29721,14337,15384
61350,380255,12596,182980,8397,367659,29722,14337,15385
61355,380286,12597,182995,8398,367689,29723,14338,15385
61360,380317,12598,183008,8398,367719,29724,14339,15385
61365,380348,12599,183026,8399,367749,29725,14339,15386
61370,380379,12600,183044,8399,367779,29726,14339,15387
61375,380410,12601,183059,8400,367809,29727,14339,15388
61380,380441,12602,183076,8400,367839,29728,14340,15388
61385,380472,12605,183090,8402,367867,29730,14340,15390
61390,380503,12605,183105,8402,367898,29731,14341,15390
61395,380534,12605,183124,8402,367929,29732,14342,15390
61400,380565,12605,183139,8402,367960,29733,14342,15391
61405,380596,12605,183154,8402,367991,29734,14343,15391
61410,380627,12605,183169,8402,368022,29735,14344,15391
61415,380658,12605,183183,8402,368053,29736,14345,15391
61420,380689,12605,183196,8402,368084,29738,14345,15393
61425,380720,12605,183205,8402,368115,29742,14348,15394
61430,380751,12605,183215,8402,368146,29747,14349,15398
61435,380782,12605,183229,8402,368177,29752,14352,15400
61440,380813,12605,183244,8402,368208,29756,14354,15402
61445,380844,12607,183256,8404,368237,29760,14356,15404
61450,380875,12610,183274,8406,368265,29763,14358,15405
61455,380906,12612,183290,8408,368294,29766,14360,15406
61460,380937,12613,183307,8409,368324,29769,14361,15408
61465,380968,12613,183317,8409,368355,29772,14362,15410
61470,380999,12613,183332,8409,368386,29775,14363,15412
61475,381030,12613,183348,8409,368417,29777,14364,15413
61480,381061,12613,183365,8409,368448,29779,14365,15414
61485,381092,12613,183379,8409,368479,29781,14366,15415
61490,381123,12613,183393,8409,368510,29784,14368,15416
61495,381154,12614,183406,8409,368540,29788,14371,15417
61500,381185,12615,183419,8410,368570,29792,14372,15420
61505,381216,12616,183432,8410,368599,29795,14374,15421
61510,381247,12619,183448,8412,368627,29798,14376,15422
61515,381278,12621,183463,8414,368657,29801,14379,15422
61520,381309,12622,183482,8414,368687,29804,14380,15424
61525,381340,12623,183499,8414,368717,29807,14382,15425
61530,381371,12625,183518,8415,368746,29810,14384,15426
61535,381402,12626,183537,8416,368776,29812,14385,15427
61540,381433,12627,183559,8417,368806,29814,14386,15428
61545,381464,12628,183576,8417,368836,29816,14388,15428
61550,381495,12629,183592,8418,368866,29821,14391,15430
61555,381526,12630,183607,8419,368896,29825,14392,15433
61560,381557,12631,183625,8420,368926,29827,14394,15433
61565,381588,12635,183641,8423,368953,29830,14396,15434
61570,381619,12637,183664,8425,368982,29833,14398,15435
61575,381650,12639,183678,8427,369011,29836,14401,15435
61580,381681,12644,183699,8432,369037,29838,14402,15436
61585,381712,12647,183710,8433,369065,29840,14404,15436
61590,381743,12649,183730,8433,369094,29842,14405,15437
61595,381774,12652,183748,8435,369122,29844,14407,15437
61600,381805,12654,183766,8435,369151,29846,14407,15439
61605,381836,12655,183779,8435,369181,29848,14407,15441
61610,381867,12657,183792,8437,369210,29850,14408,15442
61615,381898,12658,183808,8437,369240,29852,14409,15443
61620,381929,12659,183821,8437,369270,29854,14409,15445
61625,381960,12660,183838,8438,369300,29856,14410,15446
61630,381991,12662,183854,8440,369329,29858,14411,15447
61635,382022,12663,183873,8440,369359,29860,14412,15448
61640,382053,12664,183893,8441,369389,29862,14413,15449
61645,382084,12666,183907,8442,369418,29864,14414,15450
61650,382115,12668,183918,8443,369447,29867,14415,15452
61655,382146,12668,183934,8443,369478,29870,14416,15454
61660,382177,12668,183947,8443,369509,29876,14420,15456
61665,382208,12668,183965,8443,369540,29882,14422,15460
61670,382239,12668,183977,8443,369571,29885,14423,15462
61675,382270,12668,183993,8443,369602,29887,14425,15462
61680,382301,12668,184005,8443,369633,29889,14426,15463
61685,382332,12669,184017,8443,369663,29891,14428,15463
61690,382363,12671,184035,8445,369692,29894,14428,15466
61695,382394,12671,184048,8445,369723,29897,14430,15467
61700,382425,12671,184061,8445,369754,29900,14431,15469
61705,382456,12674,184078,8448,369782,29903,14434,15469
61710,382487,12675,184098,8449,369812,29906,14436,15470
61715,382518,12677,184113,8451,369841,29909,14438,15471
61720,382549,12678,184130,8451,369871,29911,14439,15472
61725,382580,12681,184144,8453,369899,29913,14440,15473
61730,382611,12683,184162,8455,369928,29915,14441,15474
61735,382642,12685,184175,8456,369957,29917,14442,15475
61740,382673,12686,184191,8456,369987,29919,14443,15476
61745,382704,12688,184207,8457,370016,29920,14443,15477
61750,382735,12688,184221,8457,370047,29921,14444,15477
61755,382766,12688,184240,8457,370078,29922,14444,15478
61760,382797,12688,184258,8457,370109,29923,14444,15479
61765,382828,12688,184275,8457,370140,29924,14445,15479
61770,382859,12688,184290,8457,370171,29928,14447,15481
61775,382890,12688,184304,8457,370202,29932,14449,15483
61780,382921,12688,184322,8457,370233,29936,14449,15487
61785,382952,12688,184340,8457,370264,29938,14451,15487
61790,382983,12688,184359,8457,370295,29940,14452,15488
61795,383014,12688,184371,8457,370326,29942,14453,15489
61800,383045,12689,184386,8458,370356,29944,14455,15489
61805,383076,12689,184401,8458,370387,29945,14456,15489
61810,383107,12689,184418,8458,370418,29946,14456,15490
61815,383138,12689,184435,8458,370449,29947,14457,15490
61820,383169,12689,184453,8458,370480,29948,14458,15490
61825,383200,12689,184465,8458,370511,29949,14458,15491
61830,383231,12689,184481,8458,370542,29950,14458,15492
61835,383262,12689,184493,8458,370573,29951,14458,15493
61840,383293,12689,184508,8458,370604,29952,14458,15494
61845,383324,12689,184524,8458,370635,29953,14458,15495
61850,383355,12689,184544,8458,370666,29955,14459,15496
61855,383386,12690,184554,8458,370696,29957,14461,15496
61860,383417,12691,184568,8459,370726,29959,14461,15498
61865,383448,12695,184588,8462,370752,29961,14463,15498
61870,383479,12698,184600,8464,370780,29963,14463,15500
61875,383510,12701,184616,8466,370809,29965,14464,15501
61880,383541,12703,184633,8466,370838,29968,14466,15502
61885,383572,12706,184648,8468,370866,29972,14468,15504
61890,383603,12709,184662,8470,370894,29976,14470,15506
61895,383634,12712,184680,8472,370922,29980,14471,15509
61900,383665,12715,184700,8474,370950,29984,14473,15511
61905,383696,12719,184716,8476,370977,29988,14473,15515
61910,383727,12722,184729,8477,371005,29993,14475,15518
61915,383758,12725,184745,8478,371033,29998,14478,15520
61920,383789,12728,184762,8479,371061,30002,14482,15520
61925,383820,12728,184776,8479,371092,30004,14483,15521
61930,383851,12728,184788,8479,371123,30006,14484,15522
61935,383882,12728,184802,8479,371154,30007,14485,15522
61940,383913,12728,184813,8479,371185,30008,14486,15522
61945,383944,12728,184828,8479,371216,30009,14486,15523
61950,383975,12728,184842,8479,371247,30010,14486,15524
61955,384006,12728,184857,8479,371278,30011,14486,15525
61960,384037,12728,184869,8479,371309,30012,14487,15525
61965,384068,12728,184882,8479,371340,30013,14488,15525
61970,384099,12728,184897,8479,371371,30014,14489,15525
61975,384130,12728,184913,8479,371402,30015,14490,15525
61980,384161,12728,184930,8479,371433,30016,14491,15525
61985,384192,12728,184942,8479,371464,30018,14493,15525
61990,384223,12728,184956,8479,371495,30020,14495,15525
61995,384254,12728,184975,8479,371526,30022,14496,15526
62000,384285,12728,184989,8479,371557,30024,14497,15527
62005,384316,12728,185006,8479,371588,30026,14498,15528
62010,384347,12728,185018,8479,371619,30029,14499,15530
62015,384378,12728,185037,8479,371650,30032,14502,15530
62020,384409,12728,185054,8479,371681,30036,14504,15532
62025,384440,12728,185071,8479,371712,30041,14506,15535
62030,384471,12730,185086,8480,371741,30045,14506,15539
62035,384502,12732,185100,8481,371770,30051,14508,15543
62040,384533,12734,185113,8482,371799,30056,14510,15546
62045,384564,12738,185125,8485,371826,30059,14512,15547
62050,384595,12742,185139,8487,371853,30062,14514,15548
62055,384626,12745,185155,8489,371881,30065,14516,15549
62060,384657,12748,185171,8491,371909,30068,14518,15550
62065,384688,12751,185182,8494,371937,30071,14518,15553
62070,384719,12753,185198,8494,371966,30074,14519,15555
62075,384750,12756,185213,8496,371994,30077,14521,15556
62080,384781,12758,185227,8497,372023,30080,14523,15557
62085,384812,12760,185240,8498,372052,30083,14525,15558
62090,384843,12760,185253,8498,372083,30086,14527,15559
62095,384874,12760,185268,8498,372114,30088,14528,15560
62100,384905,12760,185282,8498,372145,30090,14528,15562
62105,384936,12760,185297,8498,372176,30092,14530,15562
62110,384967,12760,185310,8498,372207,30094,14531,15563
62115,384998,12760,185324,8498,372238,30096,14532,15564
62120,385029,12760,185342,8498,372269,30098,14533,15565
62125,385060,12760,185356,8498,372300,30100,14534,15566
62130,385091,12760,185373,8498,372331,30103,14535,15568
62135,385122,12760,185389,8498,372362,30106,14536,15570
62140,385153,12760,185407,8498,372393,30109,14538,15571
62145,385184,12760,185423,8498,372424,30113,14540,15573
62150,385215,12760,185437,8498,372455,30118,14541,15577
62155,385246,12760,185457,8498,372486,30122,14543,15579
62160,385277,12760,185470,8498,372517,30127,14543,15584
62165,385308,12761,185487,8499,372547,30131,14544,15587
62170,385339,12763,185505,8501,372576,30133,14546,15587
62175,385370,12765,185519,8502,372605,30135,14546,15589
62180,385401,12767,185537,8503,372634,30137,14548,15589
62185,385432,12769,185548,8504,372663,30139,14548,15591
62190,385463,12772,185564,8506,372691,30141,14550,15591
62195,385494,12775,185577,8507,372719,30144,14551,15593
62200,385525,12778,185595,8510,372747,30147,14554,15593
62205,385556,12781,185611,8512,372775,30150,14556,15594
62210,385587,12783,185621,8513,372804,30153,14557,15596
62215,385618,12786,185633,8514,372832,30156,14558,15598
62220,385649,12788,185645,8515,372861,30159,14559,15600
62225,385680,12790,185659,8516,372890,30161,14559,15602
62230,385711,12790,185672,8516,372921,30162,14560,15602
62235,385742,12790,185686,8516,372952,30163,14560,15603
62240,385773,12790,185701,8516,372983,30164,14561,15603
62245,385804,12790,185717,8516,373014,30165,14562,15603
62250,385835,12790,185734,8516,373045,30166,14563,15603
62255,385866,12790,185753,8516,373076,30168,14564,15604
62260,385897,12790,185769,8516,373107,30170,14565,15605
62265,385928,12790,185785,8516,373138,30172,14565,15607
62270,385959,12790,185800,8516,373169,30175,14567,15608
62275,385990,12790,185813,8516,373200,30178,14568,15610
62280,386021,12790,185830,8516,373231,30181,14570,15611
62285,386052,12791,185842,8517,373261,30184,14571,15613
62290,386083,12792,185854,8518,373291,30187,14571,15616
62295,386114,12793,185870,8518,373321,30189,14571,15618
62300,386145,12794,185886,8519,373351,30191,14571,15620
62305,386176,12795,185901,8519,373381,30193,14571,15622
62310,386207,12796,185915,8519,373411,30195,14573,15622
62315,386238,12797,185929,8519,373441,30197,14574,15623
62320,386269,12798,185943,8520,373471,30199,14576,15623
62325,386300,12800,185954,8522,373500,30201,14577,15624
62330,386331,12801,185970,8522,373529,30204,14579,15625
62335,386362,12804,185983,8524,373557,30207,14580,15627
62340,386393,12807,185991,8526,373586,30210,14580,15630
62345,386424,12809,186005,8527,373615,30213,14582,15631
62350,386455,12811,186020,8528,373644,30215,14582,15633
62355,386486,12813,186030,8529,373673,30217,14584,15633
62360,386517,12815,186050,8531,373702,30219,14586,15633
62365,386548,12818,186066,8534,373730,30221,14587,15634
62370,386579,12818,186081,8534,373761,30223,14588,15635
62375,386610,12818,186098,8534,373792,30225,14589,15636
62380,386641,12818,186114,8534,373823,30227,14591,15636
62385,386672,12818,186135,8534,373854,30229,14592,15637
62390,386703,12818,186149,8534,373885,30231,14594,15637
62395,386734,12818,186159,8534,373916,30234,14595,15639
62400,386765,12818,186169,8534,373947,30237,14597,15640
62405,386796,12818,186185,8534,373978,30237,14597,15640
62410,386827,12818,186203,8534,374009,30237,14597,15640
62415,386858,12818,186216,8534,374040,30237,14597,15640
62420,386889,12818,186228,8534,374071,30237,14597,15640
62425,386920,12818,186242,8534,374102,30237,14597,15640
62430,386951,12818,186255,8534,374133,30238,14597,15641
62435,386982,12818,186271,8534,374164,30239,14597,15642
62440,387013,12818,186286,8534,374195,30240,14598,15642
62445,387044,12818,186302,8534,374226,30241,14599,15642
62450,387075,12820,186324,8535,374255,30243,14601,15642
62455,387106,12822,186342,8537,374284,30247,14603,15644
62460,387137,12824,186352,8538,374313,30251,14603,15648
62465,387168,12827,186369,8541,374341,30253,14605,15648
62470,387199,12828,186382,8541,374371,30255,14605,15650
62475,387230,12829,186393,8542,374401,30257,14606,15651
62480,387261,12831,186409,8543,374430,30259,14606,15653
62485,387292,12833,186424,8544,374459,30261,14606,15655
62490,387323,12834,186438,8545,374489,30263,14608,15655
62495,387354,12835,186449,8545,374519,30265,14610,15655
62500,387385,12836,186467,8546,374549,30267,14610,15657
62505,387416,12837,186477,8546,374579,30269,14610,15659
62510,387447,12839,186491,8547,374608,30271,14611,15660
62515,387478,12842,186508,8550,374636,30273,14613,15660
62520,387509,12844,186521,8551,374665,30275,14614,15661
62525,387540,12844,186539,8551,374696,30277,14616,15661
62530,387571,12844,186552,8551,374727,30279,14618,15661
62535,387602,12844,186564,8551,374758,30281,14618,15663
62540,387633,12844,186574,8551,374789,30283,14618,15665
62545,387664,12844,186585,8551,374820,30285,14620,15665
62550,387695,12844,186601,8551,374851,30287,14620,15667
62555,387726,12844,186622,8551,374882,30290,14622,15668
62560,387757,12844,186634,8551,374913,30293,14624,15669
62565,387788,12844,186650,8551,374944,30298,14626,15672
62570,387819,12845,186667,8552,374974,30305,14630,15675
62575,387850,12846,186682,8553,375003,30311,14631,15680
62580,387881,12849,186698,8555,375032,30317,14635,15682
62585,387912,12851,186711,8557,375061,30319,14636,15683
62590,387943,12853,186726,8558,375090,30321,14637,15684
62595,387974,12854,186740,8558,375120,30323,14637,15686
62600,388005,12855,186754,8558,375150,30325,14638,15687
62605,388036,12856,186763,8558,375180,30327,14639,15688
62610,388067,12857,186776,8559,375210,30329,14641,15688
62615,388098,12858,186791,8559,375240,30331,14641,15690
62620,388129,12859,186802,8559,375270,30333,14643,15690
62625,388160,12860,186818,8560,375300,30335,14643,15692
62630,388191,12861,186833,8561,375330,30337,14645,15692
62635,388222,12862,186850,8561,375360,30339,14647,15692
62640,388253,12863,186864,8561,375390,30341,14649,15692
62645,388284,12864,186879,8562,375420,30342,14649,15693
62650,388315,12865,186897,8563,375450,30343,14650,15693
62655,388346,12866,186908,8563,375480,30344,14650,15694
62660,388377,12867,186925,8564,375510,30345,14651,15694
62665,388408,12868,186937,8564,375540,30346,14651,15695
62670,388439,12869,186948,8564,375570,30347,14651,15696
62675,388470,12870,186963,8565,375600,30349,14652,15697
62680,388501,12871,186979,8565,375630,30352,14653,15699
62685,388532,12872,186995,8565,375660,30357,14656,15701
62690,388563,12874,187008,8567,375689,30362,14658,15704
62695,388594,12876,187025,8568,375718,30367,14662,15705
62700,388625,12879,187036,8570,375746,30371,14664,15707
62705,388656,12879,187050,8570,375777,30373,14665,15708
62710,388687,12879,187066,8570,375808,30374,14666,15708
62715,388718,12879,187080,8570,375839,30375,14667,15708
62720,388749,12879,187093,8570,375870,30376,14667,15709
62725,388780,12879,187104,8570,375901,30377,14668,15709
62730,388811,12879,187122,8570,375932,30378,14668,15710
62735,388842,12879,187138,8570,375963,30379,14668,15711
62740,388873,12879,187160,8570,375994,30380,14669,15711
62745,388904,12879,187174,8570,376025,30381,14670,15711
62750,388935,12880,187187,8570,376055,30382,14671,15711
62755,388966,12881,187199,8571,376085,30383,14671,15712
62760,388997,12882,187207,8572,376115,30384,14671,15713
62765,389028,12883,187219,8572,376145,30386,14673,15713
62770,389059,12885,187236,8574,376174,30388,14675,15713
62775,389090,12887,187255,8575,376203,30390,14676,15714
62780,389121,12889,187270,8577,376232,30392,14677,15715
62785,389152,12891,187288,8578,376261,30394,14678,15716
62790,389183,12893,187306,8580,376290,30396,14680,15716
62795,389214,12894,187323,8581,376320,30397,14680,15717
62800,389245,12894,187340,8581,376351,30399,14680,15719
62805,389276,12894,187359,8581,376382,30402,14683,15719
62810,389307,12894,187373,8581,376413,30407,14684,15723
62815,389338,12896,187387,8583,376442,30412,14686,15726
62820,389369,12897,187401,8584,376472,30416,14688,15728
62825,389400,12900,187416,8586,376500,30419,14690,15729
62830,389431,12902,187430,8586,376529,30422,14692,15730
62835,389462,12905,187447,8587,376557,30424,14693,15731
62840,389493,12907,187463,8587,376586,30426,14693,15733
62845,389524,12910,187481,8589,376614,30428,14694,15734
62850,389555,12912,187493,8589,376643,30430,14694,15736
62855,389586,12913,187504,8590,376673,30432,14695,15737
62860,389617,12914,187518,8590,376703,30434,14697,15737
62865,389648,12915,187537,8591,376733,30436,14697,15739
62870,389679,12916,187551,8592,376763,30438,14698,15740
62875,389710,12917,187569,8592,376793,30440,14699,15741
62880,389741,12918,187587,8593,376823,30442,14700,15742
62885,389772,12920,187599,8594,376852,30444,14700,15744
62890,389803,12922,187609,8595,376881,30446,14701,15745
62895,389834,12922,187622,8595,376912,30448,14701,15747
62900,389865,12922,187638,8595,376943,30450,14703,15747
62905,389896,12922,187651,8595,376974,30453,14704,15749
62910,389927,12922,187665,8595,377005,30456,14706,15750
62915,389958,12922,187682,8595,377036,30459,14708,15751
62920,389989,12922,187693,8595,377067,30463,14710,15753
62925,390020,12922,187707,8595,377098,30468,14712,15756
62930,390051,12922,187723,8595,377129,30474,14716,15758
62935,390082,12922,187736,8595,377160,30479,14719,15760
62940,390113,12922,187753,8595,377191,30482,14720,15762
62945,390144,12923,187767,8595,377221,30485,14722,15763
62950,390175,12925,187783,8596,377250,30487,14724,15763
62955,390206,12926,187798,8596,377280,30489,14725,15764
62960,390237,12928,187819,8596,377309,30491,14726,15765
62965,390268,12931,187836,8598,377337,30493,14728,15765
62970,390299,12934,187851,8600,377365,30495,14728,15767
62975,390330,12935,187862,8601,377395,30497,14728,15769
62980,390361,12936,187880,8602,377425,30499,14728,15771
62985,390392,12938,187897,8603,377454,30501,14729,15772
62990,390423,12939,187906,8603,377484,30503,14730,15773
62995,390454,12940,187917,8604,377514,30505,14731,15774
63000,390485,12942,187930,8605,377543,30507,14731,15776
63005,390516,12944,187941,8607,377572,30510,14731,15779
63010,390547,12947,187959,8610,377600,30512,14732,15780
63015,390578,12950,187981,8613,377628,30514,14733,15781
63020,390609,12950,187997,8613,377659,30516,14735,15781
63025,390640,12950,188017,8613,377690,30517,14736,15781
63030,390671,12950,188033,8613,377721,30518,14737,15781
63035,390702,12950,188054,8613,377752,30519,14738,15781
63040,390733,12950,188072,8613,377783,30520,14739,15781
63045,390764,12950,188082,8613,377814,30522,14741,15781
63050,390795,12950,188100,8613,377845,30523,14741,15782
63055,390826,12950,188114,8613,377876,30524,14742,15782
63060,390857,12950,188132,8613,377907,30526,14742,15784
63065,390888,12950,188143,8613,377938,30527,14743,15784
63070,390919,12950,188163,8613,377969,30528,14744,15784
63075,390950,12951,188177,8614,377999,30529,14744,15785
63080,390981,12952,188198,8615,378029,30530,14744,15786
63085,391012,12953,188212,8615,378059,30531,14744,15787
63090,391043,12954,188232,8616,378089,30532,14745,15787
63095,391074,12955,188244,8616,378119,30533,14745,15788
63100,391105,12956,188256,8617,378149,30534,14746,15788
63105,391136,12957,188272,8618,378179,30536,14747,15789
63110,391167,12958,188287,8618,378209,30539,14748,15791
63115,391198,12959,188301,8618,378239,30542,14748,15794
63120,391229,12960,188316,8619,378269,30545,14751,15794
63125,391260,12963,188332,8621,378297,30548,14752,15796
63130,391291,12966,188345,8624,378325,30551,14755,15796
63135,391322,12969,188364,8626,378353,30554,14757,15797
63140,391353,12972,188376,8628,378381,30557,14759,15798
63145,391384,12974,188394,8629,378410,30560,14762,15798
63150,391415,12977,188407,8630,378438,30563,14763,15800
63155,391446,12980,188422,8633,378466,30565,14764,15801
63160,391477,12983,188440,8636,378494,30567,14765,15802
63165,391508,12986,188456,8637,378522,30569,14767,15802
63170,391539,12990,188471,8640,378549,30571,14768,15803
63175,391570,12992,188492,8642,378577,30573,14769,15804
63180,391601,12997,188511,8645,378603,30575,14769,15806
63185,391632,12998,188524,8646,378634,30577,14769,15808
63190,391663,12998,188540,8646,378665,30579,14769,15810
63195,391694,12998,188556,8646,378696,30581,14771,15810
63200,391725,12998,188564,8646,378727,30582,14771,15811
63205,391756,12998,188582,8646,378758,30583,14771,15812
63210,391787,12998,188594,8646,378789,30584,14772,15812
63215,391818,12998,188611,8646,378820,30585,14772,15813
63220,391849,12998,188621,8646,378851,30586,14772,15814
63225,391880,12998,188638,8646,378882,30587,14772,15815
63230,391911,12998,188655,8646,378913,30588,14773,15815
63235,391942,12998,188669,8646,378944,30589,14774,15815
63240,391973,12998,188683,8646,378975,30590,14774,15816
63245,392004,12998,188702,8646,379006,30593,14776,15817
63250,392035,12998,188715,8646,379037,30595,14777,15818
63255,392066,12998,188727,8646,379068,30597,14777,15820
63260,392097,12998,188747,8646,379099,30599,14779,15820
63265,392128,12998,188764,8646,379130,30601,14780,15821
63270,392159,12998,188782,8646,379161,30603,14781,15822
63275,392190,12998,188801,8646,379192,30605,14781,15824
63280,392221,12998,188814,8646,379223,30607,14782,15825
63285,392252,12998,188833,8646,379254,30609,14784,15825
63290,392283,13000,188846,8646,379282,30612,14786,15826
63295,392314,13004,188863,8649,379309,30616,14787,15829
63300,392345,13010,188880,8653,379335,30620,14787,15833
63305,392376,13010,188901,8653,379366,30623,14789,15834
63310,392407,13010,188917,8653,379397,30625,14790,15835
63315,392438,13010,188926,8653,379428,30627,14790,15837
63320,392469,13010,188935,8653,379459,30629,14790,15839
63325,392500,13010,188951,8653,379490,30631,14791,15840
63330,392531,13010,188964,8653,379521,30633,14791,15842
63335,392562,13010,188976,8653,379552,30635,14793,15842
63340,392593,13010,188994,8653,379583,30637,14793,15844
63345,392624,13010,189009,8653,379614,30639,14793,15846
63350,392655,13010,189028,8653,379645,30641,14795,15846
63355,392686,13010,189043,8653,379676,30643,14795,15848
63360,392717,13010,189059,8653,379707,30645,14796,15849
63365,392748,13010,189072,8653,379738,30648,14796,15852
63370,392779,13010,189092,8653,379769,30651,14798,15853
63375,392810,13010,189106,8653,379800,30654,14800,15854
63380,392841,13010,189122,8653,379831,30657,14801,15856
63385,392872,13010,189136,8653,379862,30660,14801,15859
63390,392903,13010,189153,8653,379893,30663,14803,15860
63395,392934,13010,189166,8653,379924,30665,14803,15862
63400,392965,13010,189185,8653,379955,30667,14805,15862
63405,392996,13010,189204,8653,379986,30670,14808,15862
63410,393027,13012,189218,8653,380015,30675,14811,15864
63415,393058,13016,189239,8657,380041,30680,14813,15867
63420,393089,13021,189260,8661,380067,30684,14815,15869
63425,393120,13026,189274,8666,380094,30684,14815,15869
63430,393151,13026,189289,8666,380125,30684,14815,15869
63435,393182,13026,189301,8666,380156,30684,14815,15869
63440,393213,13026,189318,8666,380187,30684,14815,15869
63445,393244,13026,189333,8666,380218,30684,14815,15869
63450,393275,13026,189346,8666,380249,30684,14815,15869
63455,393306,13026,189357,8666,380280,30684,14815,15869
63460,393337,13026,189370,8666,380311,30684,14815,15869
63465,393368,13026,189387,8666,380342,30684,14815,15869
63470,393399,13026,189403,8666,380373,30684,14815,15869
63475,393430,13026,189414,8666,380404,30684,14815,15869
63480,393461,13026,189423,8666,380435,30684,14815,15869
63485,393492,13026,189438,8666,380466,30684,14815,15869
63490,393523,13026,189455,8666,380497,30684,14815,15869
63495,393554,13026,189471,8666,380528,30684,14815,15869
63500,393585,13026,189489,8666,380559,30684,14815,15869
63505,393616,13026,189508,8666,380590,30684,14815,15869
63510,393647,13026,189526,8666,380621,30685,14816,15869
63515,393678,13026,189540,8666,380652,30686,14817,15869
63520,393709,13026,189558,8666,380683,30688,14818,15870
63525,393740,13026,189571,8666,380714,30692,14821,15871
63530,393771,13027,189585,8667,380743,30699,14824,15875
63535,393802,13031,189606,8671,380770,30706,14829,15877
63540,393833,13034,189622,8674,380799,30711,14831,15880
63545,393864,13036,189636,8675,380828,30713,14831,15882
63550,393895,13038,189651,8676,380857,30715,14831,15884
63555,393926,13041,189667,8679,380885,30717,14833,15884
63560,393957,13044,189681,8681,380913,30719,14834,15885
63565,393988,13048,189694,8684,380940,30721,14834,15887
63570,394019,13050,189704,8684,380969,30723,14834,15889
63575,394050,13052,189715,8685,380998,30725,14834,15891
63580,394081,13055,189727,8686,381026,30727,14835,15892
63585,394112,13058,189739,8689,381054,30729,14836,15893
63590,394143,13061,189755,8691,381082,30731,14838,15893
63595,394174,13064,189771,8693,381110,30733,14839,15894
63600,394205,13067,189789,8696,381138,30735,14840,15895
63605,394236,13067,189803,8696,381169,30737,14840,15897
63610,394267,13067,189820,8696,381200,30739,14840,15899
63615,394298,13067,189835,8696,381231,30741,14840,15901
63620,394329,13067,189845,8696,381262,30743,14840,15903
63625,394360,13067,189858,8696,381293,30745,14841,15904
63630,394391,13067,189873,8696,381324,30747,14843,15904
63635,394422,13067,189885,8696,381355,30749,14845,15904
63640,394453,13067,189901,8696,381386,30753,14847,15906
63645,394484,13067,189921,8696,381417,30758,14851,15907
63650,394515,13067,189936,8696,381448,30763,14855,15908
63655,394546,13067,189953,8696,381479,30767,14857,15910
63660,394577,13067,189970,8696,381510,30771,14859,15912
63665,394608,13067,189983,8696,381541,30774,14859,15915
63670,394639,13067,189999,8696,381572,30777,14860,15917
63675,394670,13067,190014,8696,381603,30780,14860,15920
63680,394701,13067,190029,8696,381634,30783,14861,15922
63685,394732,13067,190046,8696,381665,30786,14862,15924
63690,394763,13067,190062,8696,381696,30789,14864,15925
63695,394794,13067,190079,8696,381727,30791,14865,15926
63700,394825,13067,190094,8696,381758,30793,14866,15927
63705,394856,13067,190110,8696,381789,30795,14866,15929
63710,394887,13069,190121,8697,381818,30797,14868,15929
63715,394918,13071,190136,8698,381847,30799,14869,15930
63720,394949,13073,190146,8699,381876,30801,14869,15932
63725,394980,13075,190161,8699,381905,30803,14871,15932
63730,395011,13077,190175,8699,381934,30805,14873,15932
63735,395042,13079,190194,8701,381963,30807,14873,15934
63740,395073,13081,190208,8701,381992,30809,14873,15936
63745,395104,13083,190227,8703,382021,30811,14873,15938
63750,395135,13085,190244,8705,382050,30813,14874,15939
63755,395166,13087,190259,8706,382079,30816,14876,15940
63760,395197,13091,190276,8709,382105,30821,14877,15944
63765,395228,13094,190289,8711,382134,30827,14881,15946
63770,395259,13098,190305,8714,382161,30832,14885,15947
63775,395290,13102,190319,8717,382187,30836,14887,15949
63780,395321,13107,190335,8722,382213,30840,14889,15951
63785,395352,13111,190347,8724,382241,30844,14890,15954
63790,395383,13114,190366,8727,382269,30847,14891,15956
63795,395414,13117,190380,8729,382297,30850,14892,15958
63800,395445,13117,190394,8729,382328,30853,14894,15959
63805,395476,13117,190408,8729,382359,30856,14895,15961
63810,395507,13117,190422,8729,382390,30858,14896,15962
63815,395538,13117,190435,8729,382421,30860,14896,15964
63820,395569,13117,190447,8729,382452,30862,14897,15965
63825,395600,13117,190464,8729,382483,30864,14898,15966
63830,395631,13117,190481,8729,382514,30866,14899,15967
63835,395662,13117,190500,8729,382545,30868,14901,15967
63840,395693,13117,190513,8729,382576,30870,14902,15968
63845,395724,13117,190527,8729,382607,30872,14904,15968
63850,395755,13117,190542,8729,382638,30874,14905,15969
63855,395786,13117,190558,8729,382669,30876,14905,15971
63860,395817,13117,190574,8729,382700,30878,14906,15972
63865,395848,13117,190591,8729,382731,30880,14908,15972
63870,395879,13117,190604,8729,382762,30884,14910,15974
63875,395910,13117,190620,8729,382793,30889,14913,15976
63880,395941,13117,190632,8729,382824,30894,14916,15978
63885,395972,13117,190651,8729,382855,30899,14921,15978
63890,396003,13117,190663,8729,382886,30904,14923,15981
63895,396034,13117,190680,8729,382917,30907,14925,15982
63900,396065,13120,190698,8732,382945,30910,14927,15983
63905,396096,13123,190711,8733,382973,30913,14930,15983
63910,396127,13125,190726,8734,383002,30916,14931,15985
63915,396158,13127,190742,8736,383031,30919,14934,15985
63920,396189,13130,190751,8738,383059,30922,14935,15987
63925,396220,13131,190765,8738,383089,30925,14936,15989
63930,396251,13133,190779,8739,383118,30928,14938,15990
63935,396282,13135,190797,8741,383147,30931,14940,15991
63940,396313,13137,190811,8742,383176,30934,14941,15993
63945,396344,13139,190829,8744,383205,30937,14942,15995
63950,396375,13142,190845,8747,383233,30940,14944,15996
63955,396406,13144,190862,8749,383262,30943,14945,15998
63960,396437,13144,190873,8749,383293,30945,14947,15998
63965,396468,13144,190887,8749,383324,30947,14947,16000
63970,396499,13144,190905,8749,383355,30949,14947,16002
63975,396530,13144,190921,8749,383386,30951,14949,16002
63980,396561,13144,190935,8749,383417,30953,14951,16002
63985,396592,13144,190949,8749,383448,30955,14951,16004
63990,396623,13144,190965,8749,383479,30958,14952,16006
63995,396654,13144,190978,8749,383510,30963,14953,16010
64000,396685,13144,190990,8749,383541,30968,14955,16013
64005,396716,13144,191004,8749,383572,30973,14956,16017
64010,396747,13144,191020,8749,383603,30978,14959,16019
64015,396778,13144,191037,8749,383634,30981,14961,16020
64020,396809,13144,191053,8749,383665,30984,14963,16021
64025,396840,13146,191072,8749,383694,30985,14964,16021
64030,396871,13149,191092,8751,383722,30985,14964,16021
64035,396902,13152,191104,8754,383750,30985,14964,16021
64040,396933,13155,191119,8755,383778,30985,14964,16021
64045,396964,13157,191135,8755,383807,30985,14964,16021
64050,396995,13159,191155,8757,383836,30985,14964,16021
64055,397026,13161,191168,8757,383865,30985,14964,16021
64060,397057,13163,191187,8758,383894,30985,14964,16021
64065,397088,13166,191203,8759,383922,30985,14964,16021
64070,397119,13168,191221,8760,383951,30986,14965,16021
64075,397150,13170,191233,8760,383980,30987,14965,16022
64080,397181,13173,191254,8762,384008,30988,14966,16022
64085,397212,13175,191268,8763,384037,30990,14968,16022
64090,397243,13176,191280,8764,384067,30992,14968,16024
64095,397274,13177,191295,8764,384097,30994,14968,16026
64100,397305,13178,191315,8765,384127,30996,14969,16027
64105,397336,13180,191328,8766,384156,30998,14971,16027
64110,397367,13181,191346,8767,384186,31001,14974,16027
64115,397398,13183,191362,8768,384215,31006,14977,16029
64120,397429,13184,191376,8769,384245,31011,14979,16032
64125,397460,13186,191388,8771,384274,31017,14983,16034
64130,397491,13187,191403,8771,384304,31023,14986,16037
64135,397522,13189,191416,8773,384333,31028,14987,16041
64140,397553,13189,191429,8773,384364,31031,14987,16044
64145,397584,13189,191447,8773,384395,31034,14989,16045
64150,397615,13189,191466,8773,384426,31036,14991,16045
64155,397646,13189,191483,8773,384457,31038,14992,16046
64160,397677,13189,191498,8773,384488,31040,14994,16046
64165,397708,13189,191514,8773,384519,31042,14994,16048
64170,397739,13189,191528,8773,384550,31044,14996,16048
64175,397770,13189,191543,8773,384581,31046,14998,16048
64180,397801,13189,191555,8773,384612,31048,14999,16049
64185,397832,13189,191568,8773,384643,31050,15000,16050
64190,397863,13190,191580,8773,384673,31052,15001,16051
64195,397894,13191,191591,8773,384703,31054,15001,16053
64200,397925,13192,191612,8774,384733,31056,15002,16054
64205,397956,13193,191627,8774,384763,31059,15003,16056
64210,397987,13195,191647,8776,384792,31062,15004,16058
64215,398018,13196,191657,8776,384822,31065,15004,16061
64220,398049,13198,191675,8778,384851,31068,15006,16062
64225,398080,13200,191684,8779,384880,31071,15006,16065
64230,398111,13201,191701,8779,384910,31074,15008,16066
64235,398142,13203,191715,8781,384939,31077,15011,16066
64240,398173,13204,191728,8781,384969,31080,15012,16068
64245,398204,13206,191746,8783,384998,31083,15014,16069
64250,398235,13209,191760,8785,385026,31086,15017,16069
64255,398266,13212,191773,8787,385054,31089,15017,16072
64260,398297,13215,191788,8788,385081,31092,15019,16073
64265,398328,13216,191801,8789,385112,31093,15020,16073
64270,398359,13216,191817,8789,385143,31094,15020,16074
64275,398390,13216,191832,8789,385174,31095,15021,16074
64280,398421,13216,191851,8789,385205,31096,15022,16074
64285,398452,13216,191868,8789,385236,31097,15022,16075
64290,398483,13216,191879,8789,385267,31098,15023,16075
64295,398514,13216,191897,8789,385298,31099,15023,16076
64300,398545,13216,191911,8789,385329,31100,15024,16076
64305,398576,13216,191925,8789,385360,31101,15025,16076
64310,398607,13216,191943,8789,385391,31103,15026,16077
64315,398638,13216,191959,8789,385422,31106,15028,16078
64320,398669,13216,191977,8789,385453,31109,15030,16079
64325,398700,13218,191996,8790,385482,31112,15031,16081
64330,398731,13223,192008,8793,385508,31114,15031,16083
64335,398762,13226,192025,8794,385536,31116,15031,16085
64340,398793,13229,192040,8796,385564,31118,15031,16087
64345,398824,13231,192053,8797,385593,31120,15031,16089
64350,398855,13233,192065,8797,385622,31122,15033,16089
64355,398886,13235,192083,8799,385651,31124,15034,16090
64360,398917,13238,192097,8800,385679,31126,15035,16091
64365,398948,13240,192112,8801,385708,31128,15037,16091
64370,398979,13243,192123,8804,385736,31131,15037,16094
64375,399010,13246,192134,8805,385764,31134,15038,16096
64380,399041,13248,192146,8806,385793,31136,15039,16097
64385,399072,13248,192161,8806,385824,31138,15040,16098
64390,399103,13248,192175,8806,385855,31140,15041,16099
64395,399134,13248,192190,8806,385886,31142,15043,16099
64400,399165,13248,192206,8806,385917,31144,15045,16099
64405,399196,13248,192217,8806,385948,31146,15045,16101
64410,399227,13248,192229,8806,385979,31148,15045,16103
64415,399258,13248,192243,8806,386010,31150,15046,16104
64420,399289,13248,192255,8806,386041,31152,15046,16106
64425,399320,13248,192271,8806,386072,31155,15047,16108
64430,399351,13248,192282,8806,386103,31160,15050,16110
64435,399382,13248,192297,8806,386134,31166,15053,16113
64440,399413,13248,192310,8806,386165,31170,15054,16116
64445,399444,13252,192326,8810,386192,31171,15055,16116
64450,399475,13256,192335,8813,386219,31172,15055,16117
64455,399506,13259,192349,8814,386247,31173,15056,16117
64460,399537,13264,192361,8817,386273,31174,15056,16118
64465,399568,13266,192374,8818,386302,31175,15057,16118
64470,399599,13268,192392,8819,386331,31176,15058,16118
64475,399630,13268,192406,8819,386362,31177,15059,16118
64480,399661,13268,192422,8819,386393,31179,15061,16118
64485,399692,13268,192434,8819,386424,31180,15061,16119
64490,399723,13268,192452,8819,386455,31181,15061,16120
64495,399754,13268,192468,8819,386486,31182,15061,16121
64500,399785,13268,192483,8819,386517,31183,15062,16121
64505,399816,13269,192496,8819,386547,31185,15063,16122
64510,399847,13271,192510,8820,386576,31186,15063,16123
64515,399878,13273,192524,8821,386605,31187,15063,16124
64520,399909,13273,192541,8821,386636,31188,15064,16124
64525,399940,13273,192553,8821,386667,31189,15064,16125
64530,399971,13273,192569,8821,386698,31190,15064,16126
64535,400002,13273,192580,8821,386729,31191,15064,16127
64540,400033,13273,192601,8821,386760,31192,15065,16127
64545,400064,13273,192615,8821,386791,31194,15065,16129
64550,400095,13273,192627,8821,386822,31199,15066,16133
64555,400126,13273,192644,8821,386853,31204,15068,16136
64560,400157,13273,192652,8821,386884,31208,15069,16139
64565,400188,13274,192664,8821,386914,31210,15069,16141
64570,400219,13276,192682,8822,386943,31212,15069,16143
64575,400250,13277,192699,8823,386973,31214,15070,16144
64580,400281,13278,192715,8823,387003,31216,15070,16146
64585,400312,13279,192726,8823,387033,31218,15070,16148
64590,400343,13281,192744,8825,387062,31220,15071,16149
64595,400374,13282,192762,8826,387092,31222,15071,16151
64600,400405,13283,192771,8827,387122,31224,15071,16153
64605,400436,13285,192784,8828,387151,31226,15071,16155
64610,400467,13287,192797,8829,387180,31229,15073,16156
64615,400498,13289,192810,8830,387209,31233,15076,16157
64620,400529,13291,192824,8832,387238,31237,15077,16160
64625,400560,13292,192834,8832,387268,31240,15078,16162
64630,400591,13294,192853,8834,387297,31242,15080,16162
64635,400622,13296,192865,8836,387326,31244,15080,16164
64640,400653,13297,192881,8836,387356,31246,15082,16164
64645,400684,13298,192897,8837,387386,31248,15082,16166
64650,400715,13300,192910,8838,387415,31250,15083,16167
64655,400746,13301,192926,8838,387445,31252,15083,16169
64660,400777,13301,192942,8838,387476,31254,15084,16170
64665,400808,13301,192956,8838,387507,31258,15085,16173
64670,400839,13301,192971,8838,387538,31262,15087,16175
64675,400870,13301,192985,8838,387569,31266,15088,16178
64680,400901,13301,192999,8838,387600,31270,15090,16180
64685,400932,13301,193016,8838,387631,31271,15091,16180
64690,400963,13301,193027,8838,387662,31272,15092,16180
64695,400994,13301,193044,8838,387693,31273,15093,16180
64700,401025,13301,193057,8838,387724,31274,15093,16181
64705,401056,13301,193068,8838,387755,31275,15093,16182
64710,401087,13301,193080,8838,387786,31276,15093,16183
64715,401118,13301,193091,8838,387817,31277,15094,16183
64720,401149,13301,193111,8838,387848,31278,15095,16183
64725,401180,13301,193125,8838,387878,31279,15096,16183
64730,401211,13303,193134,8839,387907,31281,15098,16183
64735,401242,13306,193154,8842,387935,31283,15098,16185
64740,401273,13309,193169,8844,387964,31286,15099,16187
64745,401304,13311,193185,8845,387993,31288,15101,16187
64750,401335,13312,193202,8845,388023,31290,15102,16188
64755,401366,13314,193213,8846,388052,31292,15102,16190
64760,401397,13314,193225,8846,388083,31294,15103,16191
64765,401428,13314,193240,8846,388114,31296,15103,16193
64770,401459,13314,193255,8846,388145,31298,15103,16195
64775,401490,13314,193270,8846,388176,31301,15105,16196
64780,401521,13314,193282,8846,388207,31304,15106,16198
64785,401552,13314,193296,8846,388238,31308,15106,16202
64790,401583,13314,193314,8846,388269,31312,15108,16204
64795,401614,13314,193323,8846,388300,31317,15110,16207
64800,401645,13314,193343,8846,388331,31322,15114,16208
64805,401676,13314,193357,8846,388362,31325,15114,16211
64810,401707,13314,193371,8846,388393,31327,15116,16211
64815,401738,13314,193386,8846,388424,31329,15118,16211
64820,401769,13314,193393,8846,388455,31331,15118,16213
64825,401800,13314,193408,8846,388486,31333,15119,16214
64830,401831,13314,193421,8846,388517,31335,15120,16215
64835,401862,13314,193432,8846,388548,31337,15121,16216
64840,401893,13314,193445,8846,388579,31339,15123,16216
64845,401924,13314,193464,8846,388609,31341,15124,16217
64850,401955,13317,193477,8848,388637,31344,15126,16218
64855,401986,13320,193493,8851,388665,31348,15128,16220
64860,402017,13325,193511,8855,388692,31352,15132,16220
64865,402048,13327,193524,8856,388721,31353,15132,16221
64870,402079,13327,193541,8856,388752,31354,15133,16221
64875,402110,13327,193551,8856,388783,31355,15134,16221
64880,402141,13327,193564,8856,388814,31356,15135,16221
64885,402172,13327,193580,8856,388845,31357,15136,16221
64890,402203,13327,193593,8856,388876,31358,15136,16222
64895,402234,13327,193609,8856,388907,31359,15137,16222
64900,402265,13327,193629,8856,388938,31360,15138,16222
64905,402296,13327,193645,8856,388969,31361,15138,16223
64910,402327,13327,193662,8856,389000,31363,15139,16224
64915,402358,13327,193674,8856,389031,31366,15139,16227
64920,402389,13327,193693,8856,389062,31368,15139,16229
64925,402420,13327,193709,8856,389093,31369,15139,16230
64930,402451,13327,193724,8856,389124,31370,15140,16230
64935,402482,13327,193736,8856,389155,31371,15140,16231
64940,402513,13327,193747,8856,389186,31372,15140,16232
64945,402544,13327,193762,8856,389217,31373,15140,16233
64950,402575,13327,193779,8856,389248,31374,15141,16233
64955,402606,13327,193793,8856,389279,31375,15141,16234
64960,402637,13327,193808,8856,389310,31376,15141,16235
64965,402668,13327,193826,8856,389341,31377,15141,16236
64970,402699,13330,193837,8858,389369,31378,15142,16236
64975,402730,13333,193851,8861,389396,31379,15143,16236
64980,402761,13338,193866,8865,389422,31380,15144,16236
64985,402792,13342,193881,8868,389450,31382,15144,16238
64990,402823,13344,193899,8870,389479,31384,15145,16239
64995,402854,13344,193918,8870,389510,31386,15146,16240
65000,402885,13344,193931,8870,389541,31388,15147,16241
65005,402916,13344,193941,8870,389572,31390,15148,16242
65010,402947,13344,193956,8870,389603,31392,15149,16243
65015,402978,13344,193969,8870,389634,31394,15150,16244
65020,403009,13344,193986,8870,389665,31396,15151,16245
65025,403040,13344,193999,8870,389696,31399,15152,16247
65030,403071,13344,194016,8870,389727,31403,15154,16249
65035,403102,13344,194032,8870,389758,31408,15157,16251
65040,403133,13344,194046,8870,389789,31412,15158,16254
65045,403164,13344,194060,8870,389820,31413,15159,16254
65050,403195,13344,194075,8870,389851,31413,15159,16254
65055,403226,13344,194088,8870,389882,31413,15159,16254
65060,403257,13344,194102,8870,389913,31413,15159,16254
65065,403288,13344,194114,8870,389944,31413,15159,16254
65070,403319,13344,194126,8870,389975,31413,15159,16254
65075,403350,13344,194142,8870,390006,31413,15159,16254
65080,403381,13344,194157,8870,390037,31413,15159,16254
65085,403412,13344,194173,8870,390068,31413,15159,16254
65090,403443,13345,194187,8870,390098,31413,15159,16254
65095,403474,13347,194194,8870,390127,31413,15159,16254
65100,403505,13351,194213,8873,390153,31413,15159,16254
65105,403536,13356,194227,8876,390180,31415,15161,16254
65110,403567,13360,194245,8880,390207,31417,15163,16254
65115,403598,13363,194260,8882,390235,31419,15163,16256
65120,403629,13364,194276,8883,390265,31421,15165,16256
65125,403660,13365,194292,8883,390295,31423,15166,16257
65130,403691,13366,194305,8884,390325,31425,15166,16259
65135,403722,13367,194323,8884,390355,31427,15168,16259
65140,403753,13369,194342,8886,390384,31429,15169,16260
65145,403784,13370,194356,8886,390414,31432,15171,16261
65150,403815,13371,194372,8886,390444,31436,15172,16264
65155,403846,13373,194388,8888,390473,31441,15176,16265
65160,403877,13374,194406,8888,390503,31446,15178,16268
65165,403908,13374,194421,8888,390534,31447,15179,16268
65170,403939,13374,194429,8888,390565,31448,15179,16269
65175,403970,13374,194444,8888,390596,31450,15180,16270
65180,404001,13374,194457,8888,390627,31452,15181,16271
65185,404032,13374,194472,8888,390658,31454,15183,16271
65190,404063,13374,194489,8888,390689,31456,15183,16273
65195,404094,13374,194508,8888,390720,31457,15184,16273
65200,404125,13374,194520,8888,390751,31458,15185,16273
65205,404156,13374,194531,8888,390782,31459,15185,16274
65210,404187,13374,194543,8888,390813,31460,15186,16274
65215,404218,13374,194560,8888,390844,31461,15186,16275
65220,404249,13375,194576,8889,390874,31462,15187,16275
65225,404280,13377,194593,8890,390903,31464,15189,16275
65230,404311,13380,194611,8893,390931,31466,15189,16277
65235,404342,13381,194621,8894,390961,31467,15190,16277
65240,404373,13384,194639,8896,390989,31468,15190,16278
65245,404404,13386,194650,8897,391018,31469,15191,16278
65250,404435,13387,194662,8897,391048,31470,15191,16279
65255,404466,13389,194672,8898,391077,31471,15191,16280
65260,404497,13392,194690,8900,391105,31472,15191,16281
65265,404528,13393,194711,8901,391135,31474,15192,16282
65270,404559,13393,194729,8901,391166,31476,15193,16283
65275,404590,13393,194743,8901,391197,31478,15194,16284
65280,404621,13393,194763,8901,391228,31479,15195,16284
65285,404652,13393,194775,8901,391259,31480,15195,16285
65290,404683,13393,194792,8901,391290,31481,15196,16285
65295,404714,13393,194808,8901,391321,31482,15197,16285
65300,404745,13393,194824,8901,391352,31483,15198,16285
65305,404776,13393,194838,8901,391383,31484,15199,16285
65310,404807,13393,194854,8901,391414,31485,15200,16285
65315,404838,13393,194866,8901,391445,31486,15200,16286
65320,404869,13393,194881,8901,391476,31487,15200,16287
65325,404900,13393,194896,8901,391507,31489,15201,16288
65330,404931,13394,194912,8902,391537,31493,15205,16288
65335,404962,13396,194930,8904,391565,31498,15209,16289
65340,404993,13398,194944,8906,391594,31503,15211,16292
65345,405024,13399,194964,8907,391625,31505,15213,16292
65350,405055,13399,194982,8907,391656,31507,15215,16292
65355,405086,13399,194996,8907,391687,31509,15216,16293
65360,405117,13399,195013,8907,391718,31511,15218,16293
65365,405148,13399,195030,8907,391749,31513,15220,16293
65370,405179,13399,195042,8907,391780,31515,15221,16294
65375,405210,13399,195054,8907,391811,31517,15223,16294
65380,405241,13399,195065,8907,391842,31519,15224,16295
65385,405272,13399,195080,8907,391873,31521,15225,16296
65390,405303,13399,195091,8907,391904,31523,15226,16297
65395,405334,13399,195105,8907,391935,31525,15226,16299
65400,405365,13399,195118,8907,391966,31527,15226,16301
65405,405396,13399,195132,8907,391997,31529,15226,16303
65410,405427,13399,195145,8907,392028,31531,15227,16304
65415,405458,13399,195162,8907,392059,31533,15229,16304
65420,405489,13399,195174,8907,392090,31535,15229,16306
65425,405520,13399,195191,8907,392121,31537,15229,16308
65430,405551,13399,195205,8907,392152,31539,15229,16310
65435,405582,13399,195223,8907,392183,31541,15230,16311
65440,405613,13399,195242,8907,392214,31543,15231,16312
65445,405644,13399,195256,8907,392245,31547,15234,16313
65450,405675,13403,195273,8910,392271,31553,15237,16316
65455,405706,13406,195286,8912,392300,31560,15240,16320
65460,405737,13411,195304,8917,392325,31567,15243,16324
65465,405768,13413,195321,8919,392355,31570,15245,16325
65470,405799,13414,195335,8919,392385,31573,15245,16328
65475,405830,13416,195353,8921,392414,31576,15247,16329
65480,405861,13416,195368,8921,392445,31579,15248,16331
65485,405892,13416,195380,8921,392476,31582,15249,16333
65490,405923,13416,195394,8921,392507,31585,15250,16335
65495,405954,13416,195409,8921,392538,31588,15252,16336
65500,405985,13416,195422,8921,392569,31591,15254,16337
65505,406016,13416,195439,8921,392600,31594,15255,16339
65510,406047,13416,195452,8921,392631,31597,15256,16341
65515,406078,13416,195467,8921,392662,31600,15258,16342
65520,406109,13416,195483,8921,392693,31603,15259,16344
65525,406140,13419,195498,8923,392721,31606,15261,16345
65530,406171,13421,195516,8924,392750,31609,15264,16345
65535,406202,13423,195533,8926,392779,31612,15265,16347
65540,406233,13424,195543,8926,392809,31615,15267,16348
65545,406264,13425,195556,8927,392839,31618,15269,16349
65550,406295,13428,195574,8930,392867,31621,15271,16350
65555,406326,13429,195588,8930,392897,31623,15272,16351
65560,406357,13429,195603,8930,392928,31625,15273,16352
65565,406388,13429,195615,8930,392959,31629,15275,16354
65570,406419,13429,195629,8930,392990,31634,15277,16357
65575,406450,13429,195641,8930,393021,31639,15281,16358
65580,406481,13429,195656,8930,393052,31642,15282,16360
65585,406512,13430,195673,8930,393082,31644,15282,16362
65590,406543,13431,195690,8930,393112,31647,15284,16363
65595,406574,13432,195709,8931,393142,31650,15287,16363
65600,406605,13433,195724,8931,393172,31652,15287,16365
65605,406636,13434,195740,8932,393202,31654,15288,16366
65610,406667,13435,195757,8933,393232,31656,15288,16368
65615,406698,13436,195767,8933,393262,31658,15288,16370
65620,406729,13437,195784,8933,393292,31660,15290,16370
65625,406760,13438,195794,8933,393322,31662,15291,16371
65630,406791,13439,195816,8934,393352,31665,15294,16371
65635,406822,13440,195834,8935,393382,31668,15296,16372
65640,406853,13441,195851,8935,393412,31671,15298,16373
65645,406884,13443,195862,8936,393441,31673,15299,16374
65650,406915,13444,195873,8937,393471,31675,15300,16375
65655,406946,13445,195887,8937,393501,31677,15301,16376
65660,406977,13446,195905,8938,393531,31678,15301,16377
65665,407008,13448,195919,8940,393560,31679,15301,16378
65670,407039,13452,195932,8943,393587,31680,15302,16378
65675,407070,13455,195945,8945,393615,31681,15302,16379
65680,407101,13457,195958,8946,393644,31684,15304,16380
65685,407132,13461,195976,8949,393671,31689,15308,16381
65690,407163,13464,195991,8951,393699,31694,15312,16382
65695,407194,13466,196007,8951,393728,31699,15317,16382
65700,407225,13471,196022,8955,393753,31704,15317,16387
65705,407256,13472,196040,8956,393784,31707,15318,16389
65710,407287,13472,196056,8956,393815,31709,15319,16390
65715,407318,13472,196069,8956,393846,31711,15319,16392
65720,407349,13472,196086,8956,393877,31713,15320,16393
65725,407380,13472,196099,8956,393908,31715,15321,16394
65730,407411,13472,196113,8956,393939,31717,15322,16395
65735,407442,13472,196133,8956,393970,31719,15322,16397
65740,407473,13472,196145,8956,394001,31721,15323,16398
65745,407504,13472,196157,8956,394032,31723,15323,16400
65750,407535,13472,196173,8956,394063,31725,15323,16402
65755,407566,13472,196189,8956,394094,31727,15324,16403
65760,407597,13472,196205,8956,394125,31729,15324,16405
65765,407628,13473,196214,8957,394155,31730,15324,16406
65770,407659,13474,196225,8958,394184,31731,15324,16407
65775,407690,13476,196241,8960,394213,31732,15325,16407
65780,407721,13478,196253,8961,394243,31733,15325,16408
65785,407752,13479,196268,8961,394272,31734,15325,16409
65790,407783,13481,196283,8962,394301,31735,15325,16410
65795,407814,13483,196297,8964,394330,31736,15325,16411
65800,407845,13485,196314,8966,394359,31737,15326,16411
65805,407876,13487,196334,8967,394389,31739,15327,16412
65810,407907,13488,196350,8968,394419,31744,15329,16415
65815,407938,13489,196366,8969,394449,31749,15330,16419
65820,407969,13490,196376,8969,394479,31751,15332,16419
65825,408000,13492,196389,8970,394508,31753,15332,16421
65830,408031,13494,196400,8971,394537,31755,15333,16422
65835,408062,13497,196420,8974,394565,31757,15335,16422
65840,408093,13501,196436,8977,394592,31759,15336,16423
65845,408124,13505,196452,8979,394619,31761,15337,16424
65850,408155,13509,196469,8982,394646,31763,15338,16425
65855,408186,13513,196483,8985,394673,31765,15338,16427
65860,408217,13516,196500,8987,394701,31767,15340,16427
65865,408248,13517,196514,8988,394731,31769,15340,16429
65870,408279,13519,196526,8990,394760,31772,15342,16430
65875,408310,13519,196540,8990,394791,31775,15343,16432
65880,408341,13519,196555,8990,394822,31777,15344,16433
65885,408372,13519,196571,8990,394853,31779,15346,16433
65890,408403,13519,196584,8990,394884,31781,15347,16434
65895,408434,13519,196592,8990,394915,31783,15348,16435
65900,408465,13519,196608,8990,394946,31785,15349,16436
65905,408496,13519,196626,8990,394977,31787,15350,16437
65910,408527,13519,196642,8990,395008,31789,15351,16438
65915,408558,13519,196659,8990,395039,31791,15353,16438
65920,408589,13519,196672,8990,395070,31793,15353,16440
65925,408620,13519,196691,8990,395101,31795,15355,16440
65930,408651,13519,196707,8990,395132,31801,15357,16444
65935,408682,13519,196721,8990,395163,31807,15359,16448
65940,408713,13519,196734,8990,395194,31811,15359,16452
65945,408744,13519,196750,8990,395225,31813,15361,16452
65950,408775,13519,196766,8990,395256,31815,15363,16452
65955,408806,13519,196779,8990,395287,31817,15363,16454
65960,408837,13519,196791,8990,395318,31819,15363,16456
65965,408868,13519,196807,8990,395349,31821,15364,16457
65970,408899,13520,196825,8990,395379,31823,15366,16457
65975,408930,13521,196835,8991,395409,31825,15366,16459
65980,408961,13523,196858,8993,395438,31828,15366,16462
65985,408992,13526,196872,8995,395466,31831,15368,16463
65990,409023,13529,196894,8998,395494,31834,15371,16463
65995,409054,13531,196910,8999,395523,31837,15373,16464
66000,409085,13534,196924,9001,395551,31840,15375,16465
66005,409116,13537,196940,9003,395579,31842,15375,16467
66010,409147,13539,196957,9004,395608,31844,15376,16468
66015,409178,13540,196975,9005,395638,31845,15376,16469
66020,409209,13541,196994,9005,395668,31846,15377,16469
66025,409240,13542,197005,9005,395698,31847,15378,16469
66030,409271,13543,197018,9006,395728,31848,15378,16470
66035,409302,13544,197033,9006,395758,31849,15379,16470
66040,409333,13545,197044,9006,395788,31850,15380,16470
66045,409364,13546,197064,9006,395818,31851,15381,16470
66050,409395,13546,197082,9006,395849,31853,15382,16471
66055,409426,13546,197095,9006,395880,31856,15383,16473
66060,409457,13546,197111,9006,395911,31859,15385,16474
66065,409488,13546,197123,9006,395942,31860,15385,16475
66070,409519,13546,197138,9006,395973,31861,15386,16475
66075,409550,13546,197158,9006,396004,31862,15387,16475
66080,409581,13546,197172,9006,396035,31863,15388,16475
66085,409612,13546,197184,9006,396066,31864,15388,16476
66090,409643,13546,197199,9006,396097,31865,15389,16476
66095,409674,13546,197214,9006,396128,31866,15389,16477
66100,409705,13546,197229,9006,396159,31867,15389,16478
66105,409736,13546,197239,9006,396190,31870,15390,16480
66110,409767,13547,197256,9006,396220,31873,15390,16483
66115,409798,13548,197266,9007,396250,31876,15390,16486
66120,409829,13550,197286,9008,396279,31879,15390,16489
66125,409860,13552,197297,9010,396308,31880,15390,16490
66130,409891,13556,197311,9013,396335,31881,15390,16491
66135,409922,13558,197327,9014,396364,31882,15390,16492
66140,409953,13561,197346,9017,396392,31883,15390,16493
66145,409984,13565,197364,9021,396419,31884,15390,16494
66150,410015,13568,197379,9022,396447,31885,15391,16494
66155,410046,13572,197394,9024,396474,31886,15391,16495
66160,410077,13576,197412,9027,396501,31888,15392,16496
66165,410108,13579,197427,9028,396529,31890,15394,16496
66170,410139,13580,197445,9028,396559,31892,15395,16497
66175,410170,13581,197460,9028,396589,31895,15396,16499
66180,410201,13583,197476,9030,396618,31898,15399,16499
66185,410232,13583,197485,9030,396649,31900,15399,16501
66190,410263,13583,197496,9030,396680,31902,15399,16503
66195,410294,13583,197511,9030,396711,31904,15400,16504
66200,410325,13583,197526,9030,396742,31905,15400,16505
66205,410356,13583,197543,9030,396773,31906,15400,16506
66210,410387,13583,197554,9030,396804,31907,15401,16506
66215,410418,13583,197567,9030,396835,31908,15402,16506
66220,410449,13583,197582,9030,396866,31909,15402,16507
66225,410480,13583,197597,9030,396897,31910,15402,16508
66230,410511,13583,197608,9030,396928,31912,15403,16509
66235,410542,13583,197620,9030,396959,31915,15404,16511
66240,410573,13583,197634,9030,396990,31918,15405,16513
66245,410604,13585,197645,9032,397019,31920,15405,16515
66250,410635,13587,197659,9034,397048,31922,15406,16516
66255,410666,13589,197671,9036,397077,31924,15407,16517
66260,410697,13590,197681,9037,397107,31926,15408,16518
66265,410728,13592,197693,9039,397136,31928,15409,16519
66270,410759,13593,197706,9040,397166,31930,15409,16521
66275,410790,13595,197716,9040,397195,31932,15409,16523
66280,410821,13597,197729,9041,397224,31935,15409,16526
66285,410852,13601,197742,9043,397251,31939,15411,16528
66290,410883,13604,197756,9044,397279,31941,15412,16529
66295,410914,13606,197774,9045,397307,31943,15414,16529
66300,410945,13609,197789,9047,397336,31946,15416,16530
66305,410976,13610,197810,9048,397366,31948,15418,16530
66310,411007,13611,197824,9048,397396,31950,15419,16531
66315,411038,13612,197835,9048,397426,31952,15420,16532
66320,411069,13613,197847,9048,397456,31954,15422,16532
66325,411100,13614,197864,9049,397486,31956,15424,16532
66330,411131,13615,197875,9049,397516,31958,15426,16532
66335,411162,13616,197890,9049,397546,31960,15427,16533
66340,411193,13617,197906,9049,397576,31962,15428,16534
66345,411224,13618,197922,9050,397606,31964,15428,16536
66350,411255,13619,197938,9051,397636,31966,15430,16536
66355,411286,13620,197952,9051,397666,31969,15431,16538
66360,411317,13621,197963,9051,397696,31972,15432,16540
66365,411348,13622,197977,9051,397726,31974,15432,16542
66370,411379,13623,197991,9052,397756,31976,15433,16543
66375,411410,13624,198005,9053,397786,31978,15435,16543
66380,411441,13625,198020,9054,397816,31980,15437,16543
66385,411472,13626,198033,9055,397846,31982,15439,16543
66390,411503,13627,198051,9055,397876,31984,15440,16544
66395,411534,13629,198064,9056,397905,31986,15442,16544
66400,411565,13631,198078,9057,397933,31990,15445,16545
66405,411596,13634,198094,9060,397962,31995,15449,16546
66410,411627,13637,198111,9062,397989,32000,15454,16546
66415,411658,13641,198125,9066,398016,32005,15455,16550
66420,411689,13646,198145,9070,398043,32010,15458,16552
66425,411720,13646,198155,9070,398074,32011,15458,16553
66430,411751,13646,198169,9070,398105,32012,15458,16554
66435,411782,13646,198186,9070,398136,32013,15459,16554
66440,411813,13646,198200,9070,398167,32014,15459,16555
66445,411844,13646,198211,9070,398198,32015,15460,16555
66450,411875,13646,198231,9070,398229,32016,15461,16555
66455,411906,13646,198247,9070,398260,32017,15461,16556
66460,411937,13646,198265,9070,398291,32018,15462,16556
66465,411968,13646,198278,9070,398322,32019,15463,16556
66470,411999,13646,198290,9070,398353,32020,15463,16557
66475,412030,13646,198311,9070,398384,32022,15465,16557
66480,412061,13646,198329,9070,398415,32024,15465,16559
66485,412092,13646,198343,9070,398446,32027,15467,16560
66490,412123,13646,198357,9070,398477,32029,15467,16562
66495,412154,13646,198373,9070,398508,32031,15469,16562
66500,412185,13646,198385,9070,398539,32033,15470,16563
66505,412216,13646,198406,9070,398570,32035,15471,16564
66510,412247,13646,198421,9070,398601,32038,15474,16564
66515,412278,13646,198430,9070,398632,32041,15475,16566
66520,412309,13646,198446,9070,398663,32044,15476,16568
66525,412340,13646,198461,9070,398694,32047,15478,16569
66530,412371,13648,198481,9072,398723,32052,15481,16571
66535,412402,13650,198498,9074,398752,32056,15484,16572
66540,412433,13654,198513,9078,398779,32060,15486,16574
66545,412464,13657,198526,9079,398807,32063,15488,16575
66550,412495,13660,198543,9081,398835,32066,15488,16578
66555,412526,13664,198561,9085,398862,32068,15490,16578
66560,412557,13666,198576,9086,398891,32070,15490,16580
66565,412588,13669,198591,9088,398919,32072,15491,16581
66570,412619,13671,198606,9089,398948,32074,15493,16581
66575,412650,13672,198621,9089,398978,32076,15494,16582
66580,412681,13674,198640,9091,399007,32078,15494,16584
66585,412712,13675,198654,9091,399037,32080,15494,16586
66590,412743,13676,198665,9092,399067,32082,15495,16587
66595,412774,13677,198681,9093,399097,32084,15496,16588
66600,412805,13679,198695,9094,399126,32086,15497,16589
66605,412836,13679,198706,9094,399157,32089,15497,16592
66610,412867,13679,198718,9094,399188,32092,15497,16595
66615,412898,13679,198735,9094,399219,32095,15498,16597
66620,412929,13679,198746,9094,399250,32097,15498,16599
66625,412960,13679,198758,9094,399281,32099,15499,16600
66630,412991,13679,198775,9094,399312,32101,15500,16601
66635,413022,13679,198785,9094,399343,32104,15501,16603
66640,413053,13679,198800,9094,399374,32107,15503,16604
66645,413084,13679,198810,9094,399405,32112,15504,16608
66650,413115,13679,198825,9094,399436,32117,15507,16610
66655,413146,13679,198843,9094,399467,32122,15510,16612
66660,413177,13679,198856,9094,399498,32128,15514,16614
66665,413208,13680,198872,9094,399528,32130,15515,16615
66670,413239,13681,198882,9095,399558,32132,15516,16616
66675,413270,13685,198901,9098,399585,32134,15518,16616
66680,413301,13687,198916,9100,399614,32136,15519,16617
66685,413332,13690,198925,9101,399642,32138,15519,16619
66690,413363,13693,198941,9103,399670,32140,15520,16620
66695,413394,13697,198956,9106,399697,32142,15521,16621
66700,413425,13699,198966,9107,399726,32144,15521,16623
66705,413456,13700,198981,9108,399756,32146,15522,16624
66710,413487,13702,198999,9109,399785,32148,15523,16625
66715,413518,13705,199016,9112,399813,32150,15524,16626
66720,413549,13707,199031,9113,399842,32153,15524,16629
66725,413580,13708,199043,9114,399872,32155,15524,16631
66730,413611,13708,199057,9114,399903,32156,15525,16631
66735,413642,13708,199068,9114,399934,32157,15525,16632
66740,413673,13708,199081,9114,399965,32158,15526,16632
66745,413704,13708,199095,9114,399996,32159,15526,16633
66750,413735,13708,199109,9114,400027,32160,15527,16633
66755,413766,13708,199127,9114,400058,32161,15527,16634
66760,413797,13708,199140,9114,400089,32162,15528,16634
66765,413828,13708,199157,9114,400120,32164,15529,16635
66770,413859,13708,199176,9114,400151,32167,15531,16636
66775,413890,13708,199192,9114,400182,32171,15533,16638
66780,413921,13708,199207,9114,400213,32175,15534,16641
66785,413952,13710,199222,9115,400242,32177,15536,16641
66790,413983,13711,199232,9115,400272,32178,15536,16642
66795,414014,13712,199250,9115,400302,32179,15537,16642
66800,414045,13713,199264,9115,400332,32180,15538,16642
66805,414076,13714,199281,9116,400362,32181,15538,16643
66810,414107,13716,199294,9117,400391,32182,15538,16644
66815,414138,13718,199309,9119,400420,32183,15538,16645
66820,414169,13719,199323,9119,400450,32184,15539,16645
66825,414200,13720,199340,9120,400480,32185,15540,16645
66830,414231,13721,199353,9120,400510,32187,15540,16647
66835,414262,13725,199372,9124,400537,32189,15541,16648
66840,414293,13729,199389,9128,400564,32191,15543,16648
66845,414324,13729,199402,9128,400595,32193,15543,16650
66850,414355,13729,199418,9128,400626,32195,15544,16651
66855,414386,13729,199434,9128,400657,32197,15544,16653
66860,414417,13729,199449,9128,400688,32199,15544,16655
66865,414448,13729,199460,9128,400719,32201,15544,16657
66870,414479,13729,199472,9128,400750,32203,15544,16659
66875,414510,13729,199488,9128,400781,32205,15546,16659
66880,414541,13729,199501,9128,400812,32207,15548,16659
66885,414572,13729,199520,9128,400843,32210,15551,16659
66890,414603,13729,199537,9128,400874,32213,15553,16660
66895,414634,13729,199556,9128,400905,32216,15554,16662
66900,414665,13729,199574,9128,400936,32219,15556,16663
66905,414696,13729,199589,9128,400967,32222,15558,16664
66910,414727,13729,199612,9128,400998,32225,15559,16666
66915,414758,13729,199626,9128,401029,32227,15560,16667
66920,414789,13729,199643,9128,401060,32229,15561,16668
66925,414820,13729,199665,9128,401091,32231,15562,16669
66930,414851,13729,199675,9128,401122,32233,15563,16670
66935,414882,13729,199692,9128,401153,32235,15564,16671
66940,414913,13729,199705,9128,401184,32237,15566,16671
66945,414944,13729,199722,9128,401215,32240,15567,16673
66950,414975,13732,199742,9131,401243,32244,15569,16675
66955,415006,13735,199758,9133,401271,32248,15570,16678
66960,415037,13738,199776,9135,401298,32251,15573,16678
66965,415068,13741,199796,9138,401327,32251,15573,16678
66970,415099,13743,199813,9140,401356,32251,15573,16678
66975,415130,13743,199828,9140,401387,32251,15573,16678
66980,415161,13743,199844,9140,401418,32251,15573,16678
66985,415192,13743,199861,9140,401449,32251,15573,16678
66990,415223,13743,199875,9140,401480,32251,15573,16678
66995,415254,13743,199886,9140,401511,32251,15573,16678
67000,415285,13743,199907,9140,401542,32251,15573,16678
67005,415316,13743,199921,9140,401573,32251,15573,16678
67010,415347,13743,199935,9140,401604,32251,15573,16678
67015,415378,13743,199953,9140,401635,32252,15573,16679
67020,415409,13743,199967,9140,401666,32253,15573,16680
67025,415440,13743,199981,9140,401697,32255,15573,16682
67030,415471,13743,199989,9140,401728,32256,15573,16683
67035,415502,13743,200001,9140,401759,32257,15574,16683
67040,415533,13743,200013,9140,401790,32258,15574,16684
67045,415564,13743,200025,9140,401821,32258,15574,16684
67050,415595,13743,200040,9140,401852,32259,15575,16684
67055,415626,13743,200054,9140,401883,32260,15575,16685
67060,415657,13743,200067,9140,401914,32262,15575,16687
67065,415688,13743,200083,9140,401945,32264,15576,16688
67070,415719,13744,200100,9141,401974,32268,15578,16690
67075,415750,13746,200113,9143,402004,32272,15580,16692
67080,415781,13748,200129,9144,402033,32277,15582,16695
67085,415812,13752,200148,9147,402060,32279,15582,16697
67090,415843,13754,200161,9148,402089,32281,15583,16698
67095,415874,13755,200175,9148,402119,32283,15584,16699
67100,415905,13757,200190,9149,402148,32285,15586,16699
67105,415936,13758,200209,9149,402178,32287,15587,16700
67110,415967,13760,200222,9150,402207,32289,15588,16701
67115,415998,13761,200236,9150,402237,32291,15589,16702
67120,416029,13762,200255,9151,402267,32293,15591,16702
67125,416060,13763,200265,9151,402297,32295,15592,16703
67130,416091,13765,200279,9153,402326,32297,15593,16704
67135,416122,13767,200294,9154,402355,32300,15595,16705
67140,416153,13769,200305,9156,402384,32303,15596,16707
67145,416184,13769,200317,9156,402415,32306,15598,16708
67150,416215,13769,200327,9156,402446,32309,15598,16711
67155,416246,13769,200338,9156,402477,32312,15599,16713
67160,416277,13769,200350,9156,402508,32315,15599,16716
67165,416308,13769,200363,9156,402539,32317,15599,16718
67170,416339,13769,200383,9156,402570,32319,15599,16720
67175,416370,13769,200396,9156,402601,32321,15600,16721
67180,416401,13769,200406,9156,402632,32323,15602,16721
67185,416432,13769,200420,9156,402663,32326,15603,16723
67190,416463,13769,200438,9156,402694,32331,15606,16725
67195,416494,13769,200458,9156,402724,32336,15610,16726
67200,416525,13771,200471,9158,402754,32340,15611,16729
67205,416556,13774,200488,9159,402782,32344,15615,16729
67210,416587,13777,200498,9160,402810,32347,15615,16732
67215,416618,13780,200515,9162,402838,32350,15617,16733
67220,416649,13782,200529,9163,402867,32353,15619,16734
67225,416680,13783,200542,9163,402897,32356,15621,16735
67230,416711,13784,200556,9164,402927,32359,15622,16737
67235,416742,13785,200571,9165,402957,32362,15623,16739
67240,416773,13786,200590,9166,402987,32365,15626,16739
67245,416804,13787,200600,9166,403017,32367,15627,16740
67250,416835,13788,200616,9166,403047,32370,15629,16741
67255,416866,13789,200631,9166,403077,32373,15630,16743
67260,416897,13790,200649,9167,403107,32376,15632,16744
67265,416928,13794,200667,9171,403134,32379,15634,16745
67270,416959,13796,200683,9172,403163,32382,15636,16746
67275,416990,13799,200697,9174,403191,32385,15638,16747
67280,417021,13801,200711,9176,403220,32388,15639,16749
67285,417052,13802,200723,9177,403250,32391,15639,16752
67290,417083,13804,200737,9178,403279,32393,15641,16752
67295,417114,13806,200751,9180,403308,32394,15642,16752
67300,417145,13808,200763,9182,403337,32395,15642,16753
67305,417176,13808,200772,9182,403368,32397,15643,16754
67310,417207,13808,200785,9182,403399,32400,15643,16757
67315,417238,13808,200802,9182,403430,32403,15645,16758
67320,417269,13808,200821,9182,403461,32405,15646,16759
67325,417300,13810,200835,9184,403490,32406,15646,16760
67330,417331,13810,200854,9184,403521,32407,15646,16761
67335,417362,13810,200867,9184,403552,32408,15646,16762
67340,417393,13810,200884,9184,403583,32409,15647,16762
67345,417424,13810,200897,9184,403614,32410,15647,16763
67350,417455,13810,200914,9184,403645,32412,15647,16765
67355,417486,13810,200928,9184,403676,32414,15649,16765
67360,417517,13810,200940,9184,403707,32416,15649,16767
67365,417548,13810,200955,9184,403738,32419,15651,16768
67370,417579,13810,200972,9184,403769,32422,15653,16769
67375,417610,13810,200982,9184,403800,32425,15653,16772
67380,417641,13810,200994,9184,403831,32428,15653,16775
67385,417672,13811,201009,9185,403861,32429,15654,16775
67390,417703,13812,201018,9185,403891,32431,15655,16776
67395,417734,13813,201032,9186,403921,32433,15655,16778
67400,417765,13814,201047,9186,403951,32435,15657,16778
67405,417796,13815,201066,9187,403981,32437,15658,16779
67410,417827,13816,201083,9187,404011,32439,15658,16781
67415,417858,13817,201097,9187,404041,32441,15659,16782
67420,417889,13818,201109,9188,404071,32443,15659,16784
67425,417920,13820,201126,9190,404100,32446,15661,16785
67430,417951,13822,201140,9191,404129,32449,15663,16786
67435,417982,13825,201158,9193,404157,32451,15663,16788
67440,418013,13830,201172,9197,404183,32453,15664,16789
67445,418044,13830,201183,9197,404214,32454,15664,16790
67450,418075,13830,201205,9197,404245,32454,15664,16790
67455,418106,13830,201213,9197,404276,32454,15664,16790
67460,418137,13830,201228,9197,404307,32454,15664,16790
67465,418168,13830,201241,9197,404338,32454,15664,16790
67470,418199,13830,201255,9197,404369,32454,15664,16790
67475,418230,13830,201268,9197,404400,32454,15664,16790
67480,418261,13830,201284,9197,404431,32454,15664,16790
67485,418292,13830,201296,9197,404462,32454,15664,16790
67490,418323,13830,201313,9197,404493,32455,15665,16790
67495,418354,13830,201331,9197,404524,32456,15666,16790
67500,418385,13830,201347,9197,404555,32457,15667,16790
67505,418416,13830,201363,9197,404586,32460,15668,16792
67510,418447,13830,201381,9197,404617,32463,15669,16794
67515,418478,13830,201396,9197,404648,32464,15669,16795
67520,418509,13830,201411,9197,404679,32464,15669,16795
67525,418540,13830,201422,9197,404710,32464,15669,16795
67530,418571,13830,201433,9197,404741,32464,15669,16795
67535,418602,13830,201450,9197,404772,32464,15669,16795
67540,418633,13830,201461,9197,404803,32464,15669,16795
67545,418664,13830,201481,9197,404834,32465,15670,16795
67550,418695,13834,201496,9201,404860,32467,15670,16797
67555,418726,13838,201512,9205,404887,32469,15671,16798
67560,418757,13842,201531,9208,404914,32471,15672,16799
67565,418788,13843,201549,9209,404945,32473,15674,16799
67570,418819,13843,201563,9209,404976,32475,15675,16800
67575,418850,13843,201577,9209,405007,32477,15677,16800
67580,418881,13843,201594,9209,405038,32479,15678,16801
67585,418912,13843,201610,9209,405069,32481,15679,16802
67590,418943,13843,201625,9209,405100,32482,15679,16803
67595,418974,13843,201639,9209,405131,32483,15680,16803
67600,419005,13843,201653,9209,405162,32484,15680,16804
67605,419036,13843,201665,9209,405193,32485,15681,16804
67610,419067,13843,201681,9209,405224,32486,15681,16805
67615,419098,13843,201695,9209,405255,32489,15683,16806
67620,419129,13843,201709,9209,405286,32492,15686,16806
67625,419160,13844,201722,9210,405316,32495,15688,16807
67630,419191,13846,201734,9211,405344,32498,15688,16810
67635,419222,13849,201753,9213,405373,32501,15690,16811
67640,419253,13850,201768,9214,405403,32503,15692,16811
67645,419284,13852,201783,9216,405432,32505,15694,16811
67650,419315,13854,201798,9218,405461,32507,15695,16812
67655,419346,13854,201819,9218,405492,32509,15696,16813
67660,419377,13854,201832,9218,405523,32510,15696,16814
67665,419408,13854,201845,9218,405554,32511,15696,16815
67670,419439,13856,201862,9220,405583,32512,15696,16816
67675,419470,13858,201880,9222,405612,32513,15697,16816
67680,419501,13859,201893,9222,405642,32514,15698,16816
67685,419532,13862,201906,9223,405670,32515,15699,16816
67690,419563,13865,201919,9225,405698,32517,15701,16816
67695,419594,13868,201929,9227,405726,32519,15702,16817
67700,419625,13872,201946,9230,405753,32521,15703,16818
67705,419656,13874,201957,9231,405782,32523,15704,16819
67710,419687,13875,201972,9231,405812,32525,15706,16819
67715,419718,13876,201983,9232,405842,32527,15706,16821
67720,419749,13877,201996,9233,405872,32528,15706,16822
67725,419780,13879,202013,9235,405901,32529,15707,16822
67730,419811,13880,202028,9236,405931,32530,15708,16822
67735,419842,13882,202040,9237,405960,32531,15708,16823
67740,419873,13883,202052,9238,405990,32533,15709,16824
67745,419904,13883,202065,9238,406021,32535,15711,16824
67750,419935,13883,202080,9238,406052,32537,15712,16825
67755,419966,13883,202096,9238,406083,32539,15713,16826
67760,419997,13883,202110,9238,406114,32543,15714,16829
67765,420028,13883,202122,9238,406145,32546,15715,16831
67770,420059,13883,202134,9238,406176,32549,15716,16833
67775,420090,13883,202147,9238,406207,32552,15717,16835
67780,420121,13883,202165,9238,406238,32555,15719,16836
67785,420152,13883,202180,9238,406269,32558,15720,16838
67790,420183,13883,202198,9238,406300,32560,15720,16840
67795,420214,13883,202215,9238,406331,32563,15722,16841
67800,420245,13883,202227,9238,406362,32565,15722,16843
67805,420276,13887,202246,9240,406389,32566,15722,16844
67810,420307,13890,202260,9241,406416,32567,15722,16845
67815,420338,13893,202277,9242,406444,32568,15722,16846
67820,420369,13898,202289,9246,406471,32569,15723,16846
67825,420400,13900,202305,9246,406500,32570,15723,16847
67830,420431,13901,202317,9246,406530,32571,15723,16848
67835,420462,13902,202328,9246,406560,32572,15724,16848
67840,420493,13904,202341,9248,406589,32573,15724,16849
67845,420524,13905,202356,9249,406619,32574,15724,16850
67850,420555,13906,202369,9250,406649,32575,15724,16851
67855,420586,13908,202383,9252,406678,32576,15724,16852
67860,420617,13910,202402,9254,406707,32578,15726,16852
67865,420648,13910,202417,9254,406738,32580,15727,16853
67870,420679,13910,202432,9254,406769,32582,15728,16854
67875,420710,13910,202444,9254,406800,32584,15729,16855
67880,420741,13910,202457,9254,406831,32586,15730,16856
67885,420772,13910,202470,9254,406862,32588,15730,16858
67890,420803,13910,202485,9254,406893,32589,15731,16858
67895,420834,13910,202498,9254,406924,32591,15731,16860
67900,420865,13910,202519,9254,406955,32593,15731,16862
67905,420896,13910,202537,9254,406986,32595,15732,16863
67910,420927,13910,202554,9254,407017,32597,15733,16864
67915,420958,13910,202568,9254,407048,32598,15733,16865
67920,420989,13910,202583,9254,407079,32599,15734,16865
67925,421020,13910,202597,9254,407110,32600,15735,16865
67930,421051,13910,202616,9254,407141,32601,15736,16865
67935,421082,13911,202627,9254,407171,32602,15737,16865
67940,421113,13912,202638,9255,407201,32603,15737,16866
67945,421144,13914,202653,9256,407230,32604,15737,16867
67950,421175,13917,202671,9259,407258,32605,15737,16868
67955,421206,13918,202684,9259,407288,32606,15737,16869
67960,421237,13920,202700,9261,407317,32607,15737,16870
67965,421268,13921,202716,9262,407347,32609,15738,16871
67970,421299,13926,202729,9265,407373,32611,15739,16872
67975,421330,13929,202743,9268,407401,32613,15740,16873
67980,421361,13931,202755,9268,407430,32615,15742,16873
67985,421392,13934,202768,9270,407458,32617,15744,16873
67990,421423,13936,202782,9271,407487,32620,15746,16874
67995,421454,13937,202796,9272,407517,32623,15747,16876
68000,421485,13937,202811,9272,407548,32625,15749,16876
68005,421516,13937,202822,9272,407579,32626,15750,16876
68010,421547,13937,202833,9272,407610,32627,15750,16877
68015,421578,13937,202851,9272,407641,32629,15752,16877
68020,421609,13937,202866,9272,407672,32631,15754,16877
68025,421640,13937,202878,9272,407703,32633,15754,16879
68030,421671,13937,202891,9272,407734,32635,15755,16880
68035,421702,13937,202904,9272,407765,32637,15755,16882
68040,421733,13937,202920,9272,407796,32638,15756,16882
68045,421764,13937,202936,9272,407827,32638,15756,16882
68050,421795,13937,202957,9272,407858,32638,15756,16882
68055,421826,13937,202976,9272,407889,32638,15756,16882
68060,421857,13937,202987,9272,407920,32638,15756,16882
68065,421888,13937,202999,9272,407951,32638,15756,16882
68070,421919,13937,203013,9272,407982,32638,15756,16882
68075,421950,13937,203021,9272,408013,32638,15756,16882
68080,421981,13937,203031,9272,408044,32638,15756,16882
68085,422012,13937,203044,9272,408075,32638,15756,16882
68090,422043,13939,203059,9274,408104,32638,15756,16882
68095,422074,13940,203074,9274,408134,32638,15756,16882
68100,422105,13945,203092,9278,408160,32638,15756,16882
68105,422136,13950,203109,9282,408186,32640,15757,16883
68110,422167,13951,203123,9283,408216,32643,15758,16885
68115,422198,13952,203139,9284,408246,32647,15758,16889
68120,422229,13953,203153,9284,408276,32650,15759,16891
68125,422260,13954,203168,9285,408306,32652,15759,16893
68130,422291,13955,203186,9286,408336,32654,15760,16894
68135,422322,13956,203203,9286,408366,32656,15761,16895
68140,422353,13957,203220,9286,408396,32659,15763,16896
68145,422384,13958,203237,9287,408426,32662,15765,16897
68150,422415,13959,203253,9287,408456,32665,15767,16898
68155,422446,13960,203266,9288,408486,32668,15768,16900
68160,422477,13961,203280,9288,408516,32670,15769,16901
68165,422508,13962,203297,9289,408545,32673,15770,16903
68170,422539,13964,203313,9290,408574,32675,15772,16903
68175,422570,13965,203331,9291,408605,32677,15772,16905
68180,422601,13965,203344,9291,408636,32678,15772,16906
68185,422632,13965,203356,9291,408667,32679,15772,16907
68190,422663,13965,203372,9291,408698,32680,15773,16907
68195,422694,13965,203384,9291,408729,32681,15773,16908
68200,422725,13965,203399,9291,408760,32682,15773,16909
68205,422756,13965,203409,9291,408791,32684,15774,16910
68210,422787,13966,203426,9291,408821,32686,15775,16911
68215,422818,13968,203442,9293,408850,32688,15775,16913
68220,422849,13969,203461,9294,408880,32690,15777,16913
68225,422880,13971,203479,9296,408909,32692,15778,16914
68230,422911,13974,203493,9298,408937,32693,15778,16915
68235,422942,13974,203507,9298,408968,32694,15778,16916
68240,422973,13974,203524,9298,408999,32695,15778,16917
68245,423004,13974,203544,9298,409030,32696,15779,16917
68250,423035,13974,203557,9298,409061,32697,15780,16917
68255,423066,13974,203571,9298,409092,32698,15780,16918
68260,423097,13974,203580,9298,409123,32700,15781,16919
68265,423128,13974,203597,9298,409154,32702,15782,16920
68270,423159,13974,203611,9298,409185,32704,15782,16922
68275,423190,13974,203625,9298,409216,32706,15784,16922
68280,423221,13975,203643,9299,409245,32708,15786,16922
68285,423252,13977,203657,9301,409275,32711,15787,16924
68290,423283,13978,203669,9302,409305,32713,15788,16925
68295,423314,13980,203685,9304,409334,32715,15789,16926
68300,423345,13981,203699,9305,409364,32717,15791,16926
68305,423376,13982,203708,9305,409394,32718,15791,16927
68310,423407,13983,203726,9306,409424,32719,15792,16927
68315,423438,13984,203741,9307,409454,32720,15792,16928
68320,423469,13985,203755,9307,409484,32720,15792,16928
68325,423500,13986,203767,9308,409514,32720,15792,16928
68330,423531,13987,203777,9308,409544,32720,15792,16928
68335,423562,13988,203793,9308,409574,32722,15793,16929
68340,423593,13990,203807,9310,409603,32724,15793,16931
68345,423624,13992,203822,9311,409632,32727,15795,16932
68350,423655,13995,203838,9312,409660,32729,15797,16932
68355,423686,13998,203847,9314,409688,32731,15798,16933
68360,423717,14002,203864,9317,409715,32733,15799,16934
68365,423748,14006,203880,9319,409742,32734,15800,16934
68370,423779,14010,203899,9323,409769,32735,15800,16935
68375,423810,14011,203911,9323,409799,32736,15800,16936
68380,423841,14012,203925,9324,409829,32736,15800,16936
68385,423872,14013,203939,9324,409858,32736,15800,16936
68390,423903,14014,203949,9325,409889,32736,15800,16936
68395,423934,14014,203968,9325,409920,32736,15800,16936
68400,423965,14014,203984,9325,409951,32736,15800,16936
68405,423996,14016,204000,9326,409980,32739,15802,16937
68410,424027,14016,204018,9326,410011,32740,15803,16937
68415,424058,14016,204034,9326,410042,32741,15803,16938
68420,424089,14016,204047,9326,410073,32742,15803,16939
68425,424120,14016,204065,9326,410104,32743,15803,16940
68430,424151,14016,204081,9326,410135,32744,15804,16940
68435,424182,14016,204099,9326,410166,32745,15804,16941
68440,424213,14016,204114,9326,410197,32746,15805,16941
68445,424244,14016,204130,9326,410228,32747,15806,16941
68450,424275,14016,204149,9326,410259,32747,15806,16941
68455,424306,14016,204165,9326,410290,32747,15806,16941
68460,424337,14016,204180,9326,410321,32747,15806,16941
68465,424368,14016,204191,9326,410352,32747,15806,16941
68470,424399,14016,204207,9326,410383,32747,15806,16941
68475,424430,14016,204220,9326,410414,32747,15806,16941
68480,424461,14017,204238,9327,410444,32747,15806,16941
68485,424492,14018,204251,9327,410474,32747,15806,16941
68490,424523,14019,204268,9328,410504,32747,15806,16941
68495,424554,14020,204281,9329,410534,32747,15806,16941
68500,424585,14022,204297,9330,410563,32747,15806,16941
68505,424616,14023,204309,9331,410593,32747,15806,16941
68510,424647,14025,204321,9332,410622,32749,15806,16943
68515,424678,14029,204338,9335,410649,32752,15808,16944
68520,424709,14033,204347,9337,410676,32755,15808,16947
68525,424740,14035,204364,9339,410705,32757,15809,16948
68530,424771,14035,204379,9339,410736,32757,15809,16948
68535,424802,14035,204393,9339,410767,32757,15809,16948
68540,424833,14035,204408,9339,410798,32757,15809,16948
68545,424864,14035,204426,9339,410829,32757,15809,16948
68550,424895,14035,204441,9339,410860,32757,15809,16948
68555,424926,14035,204458,9339,410891,32757,15809,16948
68560,424957,14035,204475,9339,410922,32757,15809,16948
68565,424988,14035,204489,9339,410953,32758,15810,16948
68570,425019,14035,204504,9339,410984,32759,15811,16948
68575,425050,14035,204521,9339,411015,32760,15811,16949
68580,425081,14035,204535,9339,411046,32761,15811,16950
68585,425112,14035,204542,9339,411077,32761,15811,16950
68590,425143,14035,204553,9339,411108,32761,15811,16950
68595,425174,14035,204569,9339,411139,32761,15811,16950
68600,425205,14035,204585,9339,411170,32761,15811,16950
68605,425236,14035,204601,9339,411201,32761,15811,16950
68610,425267,14035,204616,9339,411232,32761,15811,16950
68615,425298,14035,204627,9339,411263,32761,15811,16950
68620,425329,14035,204644,9339,411294,32761,15811,16950
68625,425360,14035,204662,9339,411324,32762,15812,16950
68630,425391,14039,204674,9342,411352,32765,15813,16952
68635,425422,14043,204693,9345,411378,32768,15814,16954
68640,425453,14046,204708,9346,411406,32771,15817,16954
68645,425484,14049,204721,9348,411435,32773,15818,16955
68650,425515,14049,204738,9348,411466,32773,15818,16955
68655,425546,14049,204755,9348,411497,32773,15818,16955
68660,425577,14049,204766,9348,411528,32773,15818,16955
68665,425608,14049,204786,9348,411559,32773,15818,16955
68670,425639,14049,204799,9348,411590,32773,15818,16955
68675,425670,14049,204812,9348,411621,32773,15818,16955
68680,425701,14049,204832,9348,411652,32773,15818,16955
68685,425732,14049,204846,9348,411683,32773,15818,16955
68690,425763,14049,204856,9348,411714,32773,15818,16955
68695,425794,14049,204869,9348,411745,32773,15818,16955
68700,425825,14049,204883,9348,411776,32773,15818,16955
68705,425856,14051,204900,9349,411805,32774,15819,16955
68710,425887,14053,204915,9350,411834,32775,15819,16956
68715,425918,14054,204933,9350,411864,32776,15820,16956
68720,425949,14056,204949,9352,411893,32777,15820,16957
68725,425980,14058,204961,9354,411922,32777,15820,16957
68730,426011,14059,204974,9354,411952,32777,15820,16957
68735,426042,14061,204993,9356,411981,32777,15820,16957
68740,426073,14062,205004,9357,412011,32777,15820,16957
68745,426104,14063,205015,9358,412041,32777,15820,16957
68750,426135,14065,205041,9360,412070,32778,15820,16958
68755,426166,14066,205058,9361,412100,32779,15821,16958
68760,426197,14067,205070,9361,412130,32780,15822,16958
68765,426228,14069,205088,9362,412159,32780,15822,16958
68770,426259,14072,205099,9363,412187,32780,15822,16958
68775,426290,14075,205110,9364,412215,32780,15822,16958
68780,426321,14078,205127,9366,412243,32780,15822,16958
68785,426352,14080,205141,9367,412272,32780,15822,16958
68790,426383,14082,205157,9369,412301,32780,15822,16958
68795,426414,14085,205172,9371,412329,32780,15822,16958
68800,426445,14088,205185,9372,412357,32780,15822,16958
68805,426476,14091,205200,9374,412385,32780,15822,16958
68810,426507,14093,205215,9374,412414,32780,15822,16958
68815,426538,14094,205229,9375,412444,32780,15822,16958
68820,426569,14095,205245,9376,412474,32780,15822,16958
68825,426600,14095,205257,9376,412505,32783,15824,16959
68830,426631,14095,205271,9376,412536,32784,15824,16960
68835,426662,14095,205285,9376,412567,32784,15824,16960
68840,426693,14095,205299,9376,412598,32784,15824,16960
68845,426724,14095,205315,9376,412629,32784,15824,16960
68850,426755,14095,205326,9376,412660,32784,15824,16960
68855,426786,14095,205339,9376,412691,32784,15824,16960
68860,426817,14095,205354,9376,412722,32785,15824,16961
68865,426848,14095,205371,9376,412753,32786,15825,16961
68870,426879,14095,205385,9376,412784,32787,15825,16962
68875,426910,14095,205402,9376,412815,32788,15825,16963
68880,426941,14095,205417,9376,412846,32789,15825,16964
68885,426972,14095,205429,9376,412877,32790,15826,16964
68890,427003,14095,205444,9376,412908,32790,15826,16964
68895,427034,14095,205455,9376,412939,32790,15826,16964
68900,427065,14095,205470,9376,412970,32790,15826,16964
68905,427096,14095,205482,9376,413001,32790,15826,16964
68910,427127,14095,205498,9376,413032,32790,15826,16964
68915,427158,14095,205511,9376,413063,32790,15826,16964
68920,427189,14095,205523,9376,413094,32790,15826,16964
68925,427220,14095,205534,9376,413125,32790,15826,16964
68930,427251,14097,205549,9378,413154,32792,15828,16964
68935,427282,14100,205566,9381,413182,32794,15830,16964
68940,427313,14102,205579,9382,413211,32796,15831,16965
68945,427344,14105,205594,9385,413239,32798,15832,16966
68950,427375,14107,205607,9385,413268,32800,15833,16967
68955,427406,14112,205622,9388,413294,32801,15833,16968
68960,427437,14114,205639,9389,413323,32802,15833,16969
68965,427468,14116,205653,9390,413352,32803,15834,16969
68970,427499,14118,205665,9390,413381,32803,15834,16969
68975,427530,14120,205676,9391,413410,32803,15834,16969
68980,427561,14124,205691,9395,413437,32803,15834,16969
68985,427592,14128,205708,9398,413464,32804,15834,16970
68990,427623,14132,205723,9401,413491,32807,15834,16973
68995,427654,14135,205735,9402,413519,32810,15834,16976
69000,427685,14138,205749,9404,413547,32813,15836,16977
69005,427716,14138,205762,9404,413578,32813,15836,16977
69010,427747,14138,205774,9404,413609,32813,15836,16977
69015,427778,14138,205795,9404,413640,32813,15836,16977
69020,427809,14138,205808,9404,413671,32813,15836,16977
69025,427840,14138,205824,9404,413702,32813,15836,16977
69030,427871,14138,205838,9404,413733,32813,15836,16977
69035,427902,14138,205848,9404,413764,32813,15836,16977
69040,427933,14138,205862,9404,413795,32813,15836,16977
69045,427964,14138,205872,9404,413826,32813,15836,16977
69050,427995,14138,205888,9404,413857,32813,15836,16977
69055,428026,14138,205903,9404,413888,32814,15836,16978
69060,428057,14138,205918,9404,413919,32815,15836,16979
69065,428088,14138,205934,9404,413950,32816,15837,16979
69070,428119,14138,205953,9404,413981,32817,15837,16980
69075,428150,14138,205968,9404,414012,32818,15838,16980
69080,428181,14138,205987,9404,414043,32820,15838,16982
69085,428212,14138,205998,9404,414074,32821,15839,16982
69090,428243,14138,206010,9404,414105,32822,15840,16982
69095,428274,14138,206024,9404,414136,32823,15841,16982
69100,428305,14138,206044,9404,414167,32824,15842,16982
69105,428336,14138,206061,9404,414198,32825,15843,16982
69110,428367,14141,206076,9406,414225,32826,15844,16982
69115,428398,14145,206091,9409,414253,32829,15846,16983
69120,428429,14149,206106,9413,414280,32832,15848,16984
69125,428460,14151,206122,9414,414309,32833,15848,16985
69130,428491,14153,206140,9416,414338,32834,15849,16985
69135,428522,14156,206154,9418,414366,32835,15849,16986
69140,428553,14159,206169,9421,414394,32836,15850,16986
69145,428584,14159,206184,9421,414425,32836,15850,16986
69150,428615,14159,206203,9421,414456,32836,15850,16986
69155,428646,14159,206220,9421,414487,32836,15850,16986
69160,428677,14159,206233,9421,414518,32836,15850,16986
69165,428708,14159,206252,9421,414549,32836,15850,16986
69170,428739,14159,206267,9421,414580,32836,15850,16986
69175,428770,14159,206286,9421,414611,32836,15850,16986
69180,428801,14159,206301,9421,414642,32836,15850,16986
69185,428832,14159,206313,9421,414673,32836,15850,16986
69190,428863,14159,206326,9421,414704,32837,15851,16986
69195,428894,14159,206345,9421,414735,32838,15852,16986
69200,428925,14159,206365,9421,414766,32839,15853,16986
69205,428956,14159,206376,9421,414797,32840,15853,16987
69210,428987,14159,206389,9421,414828,32842,15854,16988
69215,429018,14159,206404,9421,414859,32843,15854,16989
69220,429049,14159,206415,9421,414890,32844,15855,16989
69225,429080,14159,206431,9421,414920,32845,15855,16990
69230,429111,14161,206441,9423,414950,32848,15856,16992
69235,429142,14163,206456,9425,414978,32851,15857,16994
69240,429173,14166,206471,9428,415006,32853,15859,16994
69245,429204,14168,206479,9430,415036,32854,15860,16994
69250,429235,14172,206494,9432,415063,32855,15861,16994
69255,429266,14174,206507,9433,415092,32855,15861,16994
69260,429297,14178,206524,9437,415119,32856,15862,16994
69265,429328,14182,206540,9440,415146,32857,15863,16994
69270,429359,14183,206550,9441,415176,32858,15863,16995
69275,429390,14184,206560,9442,415206,32859,15863,16996
69280,429421,14185,206573,9443,415236,32860,15863,16997
69285,429452,14188,206585,9445,415264,32861,15863,16998
69290,429483,14190,206593,9447,415293,32862,15863,16999
69295,429514,14191,206608,9447,415323,32863,15864,16999
69300,429545,14192,206624,9448,415353,32864,15864,17000
69305,429576,14194,206637,9449,415382,32866,15865,17001
69310,429607,14194,206650,9449,415413,32867,15866,17001
69315,429638,14194,206659,9449,415444,32868,15866,17002
69320,429669,14194,206671,9449,415475,32869,15866,17003
69325,429700,14194,206683,9449,415506,32870,15867,17003
69330,429731,14194,206698,9449,415537,32871,15867,17004
69335,429762,14194,206718,9449,415568,32871,15867,17004
69340,429793,14194,206732,9449,415599,32871,15867,17004
69345,429824,14194,206744,9449,415630,32871,15867,17004
69350,429855,14194,206759,9449,415661,32871,15867,17004
69355,429886,14194,206773,9449,415692,32872,15867,17005
69360,429917,14194,206787,9449,415723,32873,15868,17005
69365,429948,14194,206807,9449,415754,32874,15869,17005
69370,429979,14196,206817,9451,415783,32875,15869,17006
69375,430010,14197,206834,9451,415812,32876,15870,17006
69380,430041,14199,206850,9452,415841,32877,15871,17006
69385,430072,14203,206865,9456,415869,32878,15871,17007
69390,430103,14205,206882,9458,415897,32879,15872,17007
69395,430134,14208,206897,9461,415926,32880,15872,17008
69400,430165,14210,206913,9462,415955,32881,15873,17008
69405,430196,14212,206928,9464,415984,32881,15873,17008
69410,430227,14213,206935,9465,416014,32883,15873,17010
69415,430258,14217,206949,9469,416041,32886,15875,17011
69420,430289,14220,206962,9470,416069,32887,15875,17012
69425,430320,14221,206980,9471,416099,32887,15875,17012
69430,430351,14222,206993,9471,416129,32887,15875,17012
69435,430382,14223,207009,9471,416159,32887,15875,17012
69440,430413,14224,207024,9471,416189,32887,15875,17012
69445,430444,14225,207043,9472,416219,32887,15875,17012
69450,430475,14226,207056,9473,416249,32887,15875,17012
69455,430506,14227,207071,9474,416279,32887,15875,17012
69460,430537,14228,207084,9475,416309,32887,15875,17012
69465,430568,14229,207099,9475,416339,32887,15875,17012
69470,430599,14230,207112,9475,416369,32887,15875,17012
69475,430630,14231,207130,9475,416399,32887,15875,17012
69480,430661,14232,207142,9475,416429,32887,15875,17012
69485,430692,14233,207157,9475,416459,32887,15875,17012
69490,430723,14234,207176,9476,416489,32887,15875,17012
69495,430754,14235,207193,9476,416519,32887,15875,17012
69500,430785,14236,207208,9476,416549,32887,15875,17012
69505,430816,14237,207224,9476,416579,32887,15875,17012
69510,430847,14238,207244,9477,416609,32887,15875,17012
69515,430878,14239,207260,9477,416639,32887,15875,17012
69520,430909,14240,207276,9477,416669,32887,15875,17012
69525,430940,14241,207292,9478,416699,32890,15877,17013
69530,430971,14243,207309,9479,416728,32894,15878,17016
69535,431002,14246,207319,9481,416755,32898,15880,17018
69540,431033,14249,207335,9483,416783,32899,15880,17019
69545,431064,14252,207353,9486,416812,32900,15880,17020
69550,431095,14254,207370,9487,416841,32901,15881,17020
69555,431126,14256,207383,9488,416870,32902,15882,17020
69560,431157,14257,207399,9489,416900,32902,15882,17020
69565,431188,14257,207417,9489,416931,32902,15882,17020
69570,431219,14257,207430,9489,416962,32902,15882,17020
69575,431250,14257,207446,9489,416993,32902,15882,17020
69580,431281,14257,207460,9489,417024,32902,15882,17020
69585,431312,14257,207477,9489,417055,32903,15883,17020
69590,431343,14257,207494,9489,417086,32904,15884,17020
69595,431374,14257,207511,9489,417117,32905,15884,17021
69600,431405,14257,207528,9489,417148,32906,15885,17021
69605,431436,14258,207546,9489,417178,32907,15886,17021
69610,431467,14260,207556,9490,417207,32908,15886,17022
69615,431498,14261,207573,9491,417237,32909,15886,17023
69620,431529,14262,207584,9491,417267,32910,15886,17024
69625,431560,14263,207601,9492,417297,32911,15887,17024
69630,431591,14265,207620,9493,417326,32912,15888,17024
69635,431622,14266,207636,9493,417356,32913,15888,17025
69640,431653,14267,207653,9493,417386,32916,15891,17025
69645,431684,14268,207666,9494,417416,32920,15894,17026
69650,431715,14270,207683,9496,417445,32924,15896,17028
69655,431746,14271,207701,9497,417475,32928,15898,17030
69660,431777,14273,207717,9499,417504,32932,15899,17033
69665,431808,14275,207736,9501,417533,32933,15900,17033
69670,431839,14277,207752,9502,417562,32934,15901,17033
69675,431870,14279,207765,9503,417591,32936,15901,17035
69680,431901,14281,207778,9505,417620,32938,15903,17035
69685,431932,14283,207797,9506,417649,32940,15904,17036
69690,431963,14284,207811,9507,417679,32942,15904,17038
69695,431994,14285,207829,9508,417709,32944,15906,17038
69700,432025,14286,207849,9509,417739,32946,15907,17039
69705,432056,14287,207860,9509,417769,32948,15908,17040
69710,432087,14289,207878,9510,417798,32950,15909,17041
69715,432118,14291,207891,9512,417827,32951,15910,17041
69720,432149,14292,207904,9513,417857,32952,15911,17041
69725,432180,14293,207913,9513,417887,32954,15912,17042
69730,432211,14294,207924,9513,417917,32954,15912,17042
69735,432242,14295,207939,9514,417947,32954,15912,17042
69740,432273,14296,207956,9514,417977,32954,15912,17042
69745,432304,14297,207976,9514,418007,32954,15912,17042
69750,432335,14298,207985,9514,418037,32954,15912,17042
69755,432366,14299,208002,9515,418067,32954,15912,17042
69760,432397,14300,208008,9515,418097,32954,15912,17042
69765,432428,14301,208023,9516,418127,32955,15913,17042
69770,432459,14302,208031,9516,418157,32956,15914,17042
69775,432490,14303,208044,9516,418187,32957,15914,17043
69780,432521,14305,208060,9518,418216,32958,15914,17044
69785,432552,14306,208073,9519,418246,32958,15914,17044
69790,432583,14307,208084,9519,418276,32958,15914,17044
69795,432614,14308,208101,9519,418306,32958,15914,17044
69800,432645,14310,208116,9521,418335,32958,15914,17044
69805,432676,14311,208132,9522,418365,32958,15914,17044
69810,432707,14312,208141,9522,418395,32958,15914,17044
69815,432738,14314,208160,9523,418424,32958,15914,17044
69820,432769,14316,208177,9525,418453,32958,15914,17044
69825,432800,14318,208189,9527,418482,32958,15914,17044
69830,432831,14319,208204,9527,418512,32959,15914,17045
69835,432862,14320,208221,9527,418542,32960,15915,17045
69840,432893,14321,208236,9528,418572,32961,15915,17046
69845,432924,14324,208251,9531,418600,32962,15916,17046
69850,432955,14325,208263,9531,418629,32962,15916,17046
69855,432986,14328,208279,9533,418658,32962,15916,17046
69860,433017,14330,208293,9535,418687,32962,15916,17046
69865,433048,14332,208307,9537,418716,32962,15916,17046
69870,433079,14333,208319,9538,418746,32963,15917,17046
69875,433110,14334,208337,9538,418776,32964,15918,17046
69880,433141,14336,208351,9539,418805,32965,15919,17046
69885,433172,14337,208366,9539,418835,32967,15920,17047
69890,433203,14337,208379,9539,418866,32968,15920,17048
69895,433234,14337,208393,9539,418897,32969,15921,17048
69900,433265,14337,208406,9539,418928,32970,15921,17049
69905,433296,14338,208421,9539,418958,32970,15921,17049
69910,433327,14339,208432,9539,418988,32970,15921,17049
69915,433358,14340,208454,9539,419018,32970,15921,17049
69920,433389,14341,208465,9539,419048,32970,15921,17049
69925,433420,14342,208479,9539,419078,32970,15921,17049
69930,433451,14343,208493,9540,419108,32970,15921,17049
69935,433482,14344,208510,9540,419138,32970,15921,17049
69940,433513,14345,208526,9541,419168,32970,15921,17049
69945,433544,14346,208535,9542,419198,32970,15921,17049
69950,433575,14347,208555,9543,419228,32971,15921,17050
69955,433606,14348,208569,9543,419258,32972,15922,17050
69960,433637,14349,208584,9544,419288,32973,15922,17051
69965,433668,14350,208602,9545,419318,32974,15922,17052
69970,433699,14351,208619,9545,419348,32975,15922,17053
69975,433730,14352,208634,9545,419378,32976,15922,17054
69980,433761,14353,208647,9545,419408,32977,15922,17055
69985,433792,14354,208666,9546,419438,32978,15922,17056
69990,433823,14356,208684,9547,419467,32979,15922,17057
69995,433854,14358,208697,9549,419496,32979,15922,17057
70000,433885,14361,208710,9551,419524,32979,15922,17057
70005,433916,14363,208722,9553,419553,32979,15922,17057
70010,433947,14367,208738,9555,419580,32981,15923,17058
70015,433978,14370,208752,9557,419608,32984,15925,17059
70020,434009,14374,208769,9560,419635,32988,15927,17061
70025,434040,14374,208784,9560,419666,32989,15927,17062
70030,434071,14374,208801,9560,419697,32989,15927,17062
70035,434102,14374,208816,9560,419728,32989,15927,17062
70040,434133,14374,208828,9560,419759,32989,15927,17062
70045,434164,14374,208843,9560,419790,32989,15927,17062
70050,434195,14374,208859,9560,419821,32989,15927,17062
70055,434226,14374,208875,9560,419852,32989,15927,17062
70060,434257,14374,208889,9560,419883,32989,15927,17062
70065,434288,14374,208902,9560,419914,32989,15927,17062
70070,434319,14374,208916,9560,419945,32989,15927,17062
70075,434350,14374,208932,9560,419976,32989,15927,17062
70080,434381,14374,208953,9560,420007,32989,15927,17062
70085,434412,14374,208970,9560,420038,32989,15927,17062
70090,434443,14374,208980,9560,420069,32989,15927,17062
70095,434474,14374,208993,9560,420100,32990,15928,17062
70100,434505,14374,209009,9560,420131,32991,15929,17062
70105,434536,14374,209023,9560,420162,32992,15930,17062
70110,434567,14374,209035,9560,420193,32993,15931,17062
70115,434598,14374,209050,9560,420224,32994,15932,17062
70120,434629,14374,209068,9560,420255,32995,15932,17063
70125,434660,14376,209080,9561,420284,32997,15934,17063
70130,434691,14378,209094,9562,420313,33000,15935,17065
70135,434722,14383,209109,9565,420338,33003,15936,17067
70140,434753,14388,209118,9568,420365,33005,15938,17067
70145,434784,14390,209134,9570,420394,33005,15938,17067
70150,434815,14392,209146,9572,420423,33005,15938,17067
70155,434846,14392,209163,9572,420454,33005,15938,17067
70160,434877,14392,209174,9572,420485,33005,15938,17067
70165,434908,14392,209186,9572,420516,33005,15938,17067
70170,434939,14392,209203,9572,420547,33005,15938,17067
70175,434970,14392,209220,9572,420578,33005,15938,17067
70180,435001,14392,209236,9572,420609,33005,15938,17067
70185,435032,14392,209257,9572,420640,33005,15938,17067
70190,435063,14392,209267,9572,420671,33005,15938,17067
70195,435094,14392,209282,9572,420702,33005,15938,17067
70200,435125,14392,209294,9572,420733,33005,15938,17067
70205,435156,14392,209304,9572,420764,33005,15938,17067
70210,435187,14392,209317,9572,420795,33005,15938,17067
70215,435218,14392,209329,9572,420826,33005,15938,17067
70220,435249,14392,209341,9572,420857,33005,15938,17067
70225,435280,14392,209357,9572,420888,33005,15938,17067
70230,435311,14392,209373,9572,420919,33006,15938,17068
70235,435342,14392,209391,9572,420950,33007,15939,17068
70240,435373,14392,209404,9572,420981,33009,15940,17069
70245,435404,14392,209416,9572,421012,33012,15941,17071
70250,435435,14394,209429,9574,421041,33015,15941,17074
70255,435466,14395,209441,9574,421070,33017,15941,17076
70260,435497,14399,209462,9578,421098,33018,15942,17076
70265,435528,14401,209478,9579,421127,33018,15942,17076
70270,435559,14403,209495,9579,421156,33018,15942,17076
70275,435590,14406,209513,9580,421184,33018,15942,17076
70280,435621,14410,209529,9584,421211,33018,15942,17076
70285,435652,14412,209541,9586,421240,33018,15942,17076
70290,435683,14415,209556,9588,421268,33018,15942,17076
70295,435714,14418,209573,9590,421296,33018,15942,17076
70300,435745,14421,209587,9591,421324,33018,15942,17076
70305,435776,14423,209599,9593,421353,33018,15942,17076
70310,435807,14426,209619,9596,421381,33018,15942,17076
70315,435838,14428,209637,9597,421410,33018,15942,17076
70320,435869,14430,209654,9598,421439,33018,15942,17076
70325,435900,14433,209669,9599,421467,33018,15942,17076
70330,435931,14434,209684,9600,421497,33018,15942,17076
70335,435962,14435,209698,9600,421527,33018,15942,17076
70340,435993,14436,209717,9601,421557,33018,15942,17076
70345,436024,14437,209734,9601,421587,33018,15942,17076
70350,436055,14438,209753,9601,421617,33018,15942,17076
70355,436086,14439,209768,9602,421647,33020,15943,17077
70360,436117,14440,209780,9602,421677,33022,15944,17078
70365,436148,14442,209798,9603,421706,33024,15945,17079
70370,436179,14442,209810,9603,421737,33028,15947,17081
70375,436210,14442,209824,9603,421768,33030,15947,17083
70380,436241,14442,209841,9603,421799,33030,15947,17083
70385,436272,14444,209854,9605,421828,33030,15947,17083
70390,436303,14447,209872,9607,421856,33030,15947,17083
70395,436334,14448,209883,9607,421886,33030,15947,17083
70400,436365,14449,209901,9608,421916,33030,15947,17083
70405,436396,14452,209919,9610,421944,33030,15947,17083
70410,436427,14452,209932,9610,421975,33030,15947,17083
70415,436458,14452,209945,9610,422006,33031,15948,17083
70420,436489,14452,209961,9610,422037,33032,15948,17084
70425,436520,14452,209978,9610,422068,33032,15948,17084
70430,436551,14452,209997,9610,422099,33032,15948,17084
70435,436582,14452,210017,9610,422130,33032,15948,17084
70440,436613,14452,210033,9610,422161,33032,15948,17084
70445,436644,14454,210046,9612,422190,33032,15948,17084
70450,436675,14455,210059,9612,422220,33032,15948,17084
70455,436706,14456,210076,9613,422250,33032,15948,17084
70460,436737,14458,210094,9614,422279,33032,15948,17084
70465,436768,14459,210109,9614,422309,33032,15948,17084
70470,436799,14460,210126,9615,422339,33032,15948,17084
70475,436830,14461,210142,9616,422369,33033,15948,17085
70480,436861,14462,210155,9616,422399,33036,15950,17086
70485,436892,14463,210168,9616,422428,33039,15951,17088
70490,436923,14465,210187,9617,422457,33040,15952,17088
70495,436954,14467,210201,9618,422486,33041,15953,17088
70500,436985,14469,210217,9620,422516,33042,15953,17089
70505,437016,14470,210230,9621,422545,33043,15954,17089
70510,437047,14472,210247,9622,422575,33044,15955,17089
70515,437078,14474,210262,9623,422603,33045,15955,17090
70520,437109,14478,210279,9626,422631,33046,15955,17091
70525,437140,14482,210293,9630,422658,33046,15955,17091
70530,437171,14485,210306,9632,422686,33046,15955,17091
70535,437202,14488,210321,9634,422714,33046,15955,17091
70540,437233,14491,210336,9636,422742,33046,15955,17091
70545,437264,14494,210351,9638,422770,33047,15956,17091
70550,437295,14498,210367,9640,422797,33048,15956,17092
70555,437326,14501,210388,9642,422825,33049,15957,17092
70560,437357,14504,210402,9644,422853,33050,15958,17092
70565,437388,14504,210416,9644,422884,33051,15958,17093
70570,437419,14504,210433,9644,422915,33052,15959,17093
70575,437450,14504,210453,9644,422946,33053,15960,17093
70580,437481,14504,210470,9644,422977,33054,15960,17094
70585,437512,14504,210487,9644,423008,33055,15960,17095
70590,437543,14504,210503,9644,423039,33058,15962,17096
70595,437574,14504,210521,9644,423070,33062,15964,17098
70600,437605,14504,210537,9644,423101,33065,15965,17100
70605,437636,14504,210550,9644,423132,33068,15968,17100
70610,437667,14504,210568,9644,423163,33071,15970,17101
70615,437698,14504,210580,9644,423194,33071,15970,17101
70620,437729,14504,210596,9644,423225,33071,15970,17101
70625,437760,14504,210614,9644,423256,33071,15970,17101
70630,437791,14504,210631,9644,423287,33071,15970,17101
70635,437822,14504,210648,9644,423318,33071,15970,17101
70640,437853,14504,210661,9644,423349,33071,15970,17101
70645,437884,14504,210677,9644,423380,33071,15970,17101
70650,437915,14504,210694,9644,423411,33071,15970,17101
70655,437946,14504,210713,9644,423442,33071,15970,17101
70660,437977,14504,210727,9644,423473,33071,15970,17101
70665,438008,14504,210743,9644,423503,33071,15970,17101
70670,438039,14506,210757,9646,423533,33071,15970,17101
70675,438070,14510,210772,9650,423559,33072,15971,17101
70680,438101,14514,210786,9652,423586,33073,15971,17102
70685,438132,14519,210799,9656,423613,33073,15971,17102
70690,438163,14519,210815,9656,423644,33073,15971,17102
70695,438194,14519,210829,9656,423675,33073,15971,17102
70700,438225,14519,210839,9656,423706,33073,15971,17102
70705,438256,14519,210854,9656,423737,33074,15972,17102
70710,438287,14519,210868,9656,423768,33075,15972,17103
70715,438318,14519,210886,9656,423799,33079,15974,17105
70720,438349,14519,210902,9656,423830,33083,15978,17105
70725,438380,14519,210918,9656,423861,33087,15980,17107
70730,438411,14519,210931,9656,423892,33091,15981,17110
70735,438442,14519,210946,9656,423923,33094,15984,17110
70740,438473,14519,210962,9656,423954,33097,15986,17111
70745,438504,14520,210975,9657,423984,33097,15986,17111
70750,438535,14521,210991,9658,424014,33097,15986,17111
70755,438566,14522,211009,9659,424044,33097,15986,17111
70760,438597,14523,211028,9660,424074,33097,15986,17111
70765,438628,14524,211042,9661,424104,33097,15986,17111
70770,438659,14525,211055,9661,424134,33097,15986,17111
70775,438690,14526,211070,9661,424164,33097,15986,17111
70780,438721,14527,211082,9661,424194,33097,15986,17111
70785,438752,14528,211096,9661,424224,33097,15986,17111
70790,438783,14530,211112,9663,424252,33098,15986,17112
70795,438814,14533,211130,9666,424280,33100,15987,17113
70800,438845,14536,211144,9668,424309,33102,15988,17114
70805,438876,14538,211161,9670,424338,33103,15988,17115
70810,438907,14539,211175,9671,424368,33104,15989,17115
70815,438938,14541,211195,9672,424397,33104,15989,17115
70820,438969,14543,211210,9673,424426,33104,15989,17115
70825,439000,14545,211225,9675,424455,33104,15989,17115
70830,439031,14546,211244,9676,424485,33104,15989,17115
70835,439062,14546,211259,9676,424516,33104,15989,17115
70840,439093,14546,211277,9676,424547,33104,15989,17115
70845,439124,14546,211295,9676,424578,33104,15989,17115
70850,439155,14546,211305,9676,424609,33104,15989,17115
70855,439186,14546,211318,9676,424640,33105,15990,17115
70860,439217,14546,211338,9676,424671,33106,15991,17115
70865,439248,14546,211348,9676,424702,33107,15992,17115
70870,439279,14546,211365,9676,424733,33107,15992,17115
70875,439310,14546,211380,9676,424764,33107,15992,17115
70880,439341,14546,211397,9676,424795,33107,15992,17115
70885,439372,14546,211412,9676,424826,33107,15992,17115
70890,439403,14546,211429,9676,424857,33107,15992,17115
70895,439434,14546,211445,9676,424888,33107,15992,17115
70900,439465,14546,211466,9676,424919,33107,15992,17115
70905,439496,14546,211483,9676,424950,33108,15993,17115
70910,439527,14547,211489,9676,424980,33110,15993,17117
70915,439558,14549,211506,9678,425009,33112,15994,17118
70920,439589,14550,211515,9679,425039,33114,15996,17118
70925,439620,14551,211529,9680,425069,33114,15996,17118
70930,439651,14552,211544,9680,425099,33114,15996,17118
70935,439682,14554,211559,9682,425128,33114,15996,17118
70940,439713,14557,211573,9684,425156,33114,15996,17118
70945,439744,14561,211590,9687,425183,33114,15996,17118
70950,439775,14564,211604,9688,425211,33114,15996,17118
70955,439806,14567,211621,9690,425239,33114,15996,17118
70960,439837,14569,211633,9692,425268,33114,15996,17118
70965,439868,14571,211649,9694,425297,33116,15998,17118
70970,439899,14574,211666,9696,425325,33118,15998,17120
70975,439930,14577,211682,9698,425353,33120,16000,17120
70980,439961,14580,211698,9700,425381,33121,16000,17121
70985,439992,14583,211711,9701,425408,33123,16000,17123
70990,440023,14586,211728,9703,425437,33125,16000,17125
70995,440054,14587,211735,9703,425467,33126,16000,17126
71000,440085,14589,211752,9704,425496,33127,16000,17127
71005,440116,14590,211768,9705,425526,33128,16001,17127
71010,440147,14590,211782,9705,425557,33129,16001,17128
71015,440178,14590,211799,9705,425588,33130,16002,17128
71020,440209,14590,211819,9705,425619,33131,16003,17128
71025,440240,14590,211829,9705,425650,33132,16004,17128
71030,440271,14590,211846,9705,425681,33132,16004,17128
71035,440302,14590,211856,9705,425712,33132,16004,17128
71040,440333,14590,211870,9705,425743,33132,16004,17128
71045,440364,14593,211887,9707,425771,33133,16005,17128
71050,440395,14595,211900,9708,425800,33134,16005,17129
71055,440426,14596,211917,9708,425830,33134,16005,17129
71060,440457,14596,211935,9708,425861,33134,16005,17129
71065,440488,14596,211948,9708,425892,33134,16005,17129
71070,440519,14596,211965,9708,425923,33134,16005,17129
71075,440550,14596,211986,9708,425954,33134,16005,17129
71080,440581,14596,211999,9708,425985,33135,16006,17129
71085,440612,14596,212013,9708,426016,33137,16008,17129
71090,440643,14596,212032,9708,426047,33139,16010,17129
71095,440674,14596,212046,9708,426078,33141,16010,17131
71100,440705,14597,212052,9709,426108,33143,16010,17133
71105,440736,14601,212070,9713,426135,33143,16010,17133
71110,440767,14604,212084,9715,426163,33143,16010,17133
71115,440798,14606,212096,9716,426191,33143,16010,17133
71120,440829,14609,212111,9718,426220,33143,16010,17133
71125,440860,14611,212128,9719,426249,33143,16010,17133
71130,440891,14613,212145,9720,426278,33143,16010,17133
71135,440922,14615,212162,9721,426307,33143,16010,17133
71140,440953,14617,212180,9722,426336,33143,16010,17133
71145,440984,14619,212193,9722,426365,33143,16010,17133
71150,441015,14621,212209,9722,426394,33143,16010,17133
71155,441046,14624,212226,9724,426422,33143,16010,17133
71160,441077,14628,212238,9727,426449,33143,16010,17133
71165,441108,14631,212259,9729,426477,33144,16011,17133
71170,441139,14633,212274,9730,426506,33145,16012,17133
71175,441170,14633,212289,9730,426537,33146,16012,17134
71180,441201,14633,212303,9730,426568,33147,16013,17134
71185,441232,14633,212316,9730,426599,33148,16014,17134
71190,441263,14633,212333,9730,426630,33149,16015,17134
71195,441294,14633,212346,9730,426661,33149,16015,17134
71200,441325,14633,212358,9730,426692,33149,16015,17134
71205,441356,14633,212375,9730,426723,33150,16016,17134
71210,441387,14633,212391,9730,426754,33152,16017,17135
71215,441418,14633,212406,9730,426785,33154,16018,17136
71220,441449,14633,212422,9730,426816,33155,16019,17136
71225,441480,14633,212439,9730,426847,33155,16019,17136
71230,441511,14633,212453,9730,426878,33155,16019,17136
71235,441542,14633,212469,9730,426909,33155,16019,17136
71240,441573,14633,212487,9730,426940,33155,16019,17136
71245,441604,14633,212502,9730,426971,33155,16019,17136
71250,441635,14633,212518,9730,427002,33155,16019,17136
71255,441666,14633,212532,9730,427033,33155,16019,17136
71260,441697,14633,212549,9730,427064,33155,16019,17136
71265,441728,14633,212563,9730,427095,33155,16019,17136
71270,441759,14633,212575,9730,427126,33155,16019,17136
71275,441790,14634,212585,9730,427156,33155,16019,17136
71280,441821,14637,212600,9733,427184,33155,16019,17136
71285,441852,14640,212615,9736,427212,33156,16019,17137
71290,441883,14643,212630,9737,427240,33157,16020,17137
71295,441914,14645,212643,9739,427269,33158,16021,17137
71300,441945,14647,212659,9739,427298,33160,16023,17137
71305,441976,14649,212673,9740,427327,33162,16023,17139
71310,442007,14651,212686,9741,427356,33164,16023,17141
71315,442038,14654,212702,9744,427384,33166,16025,17141
71320,442069,14656,212715,9746,427413,33169,16026,17143
71325,442100,14659,212734,9747,427441,33173,16029,17144
71330,442131,14662,212751,9749,427469,33178,16031,17147
71335,442162,14665,212767,9751,427497,33183,16034,17149
71340,442193,14667,212777,9751,427526,33186,16035,17151
71345,442224,14669,212791,9752,427555,33187,16035,17152
71350,442255,14670,212804,9752,427585,33188,16036,17152
71355,442286,14670,212817,9752,427616,33188,16036,17152
71360,442317,14670,212831,9752,427647,33188,16036,17152
71365,442348,14670,212846,9752,427678,33188,16036,17152
71370,442379,14670,212862,9752,427709,33188,16036,17152
71375,442410,14670,212878,9752,427740,33188,16036,17152
71380,442441,14670,212893,9752,427771,33188,16036,17152
71385,442472,14670,212907,9752,427802,33188,16036,17152
71390,442503,14670,212924,9752,427833,33188,16036,17152
71395,442534,14670,212939,9752,427864,33188,16036,17152
71400,442565,14670,212951,9752,427895,33188,16036,17152
71405,442596,14670,212968,9752,427926,33188,16036,17152
71410,442627,14670,212980,9752,427957,33188,16036,17152
71415,442658,14670,212991,9752,427988,33188,16036,17152
71420,442689,14670,213003,9752,428019,33188,16036,17152
71425,442720,14670,213021,9752,428050,33188,16036,17152
71430,442751,14670,213030,9752,428081,33188,16036,17152
71435,442782,14670,213045,9752,428112,33188,16036,17152
71440,442813,14670,213064,9752,428143,33189,16037,17152
71445,442844,14670,213077,9752,428174,33191,16039,17152
71450,442875,14670,213095,9752,428205,33194,16041,17153
71455,442906,14672,213107,9753,428234,33197,16041,17156
71460,442937,14674,213122,9753,428263,33199,16042,17157
71465,442968,14677,213138,9755,428291,33200,16043,17157
71470,442999,14680,213151,9757,428319,33201,16044,17157
71475,443030,14683,213168,9759,428347,33202,16044,17158
71480,443061,14685,213180,9760,428376,33203,16044,17159
71485,443092,14688,213198,9761,428403,33204,16045,17159
71490,443123,14692,213213,9764,428431,33205,16046,17159
71495,443154,14695,213224,9765,428458,33206,16047,17159
71500,443185,14698,213238,9768,428487,33207,16047,17160
71505,443216,14699,213253,9768,428517,33208,16048,17160
71510,443247,14700,213268,9769,428547,33209,16048,17161
71515,443278,14701,213278,9769,428577,33210,16048,17162
71520,443309,14702,213290,9769,428607,33210,16048,17162
71525,443340,14703,213307,9770,428637,33211,16049,17162
71530,443371,14703,213321,9770,428668,33212,16049,17163
71535,443402,14703,213338,9770,428699,33212,16049,17163
71540,443433,14703,213358,9770,428730,33212,16049,17163
71545,443464,14703,213373,9770,428761,33212,16049,17163
71550,443495,14703,213395,9770,428792,33212,16049,17163
71555,443526,14703,213405,9770,428823,33212,16049,17163
71560,443557,14703,213418,9770,428854,33214,16050,17164
71565,443588,14703,213433,9770,428885,33216,16051,17165
71570,443619,14703,213443,9770,428916,33217,16051,17166
71575,443650,14703,213455,9770,428947,33219,16052,17167
71580,443681,14703,213471,9770,428978,33221,16054,17167
71585,443712,14705,213485,9772,429007,33223,16054,17169
71590,443743,14707,213501,9773,429036,33225,16054,17171
71595,443774,14708,213513,9773,429066,33227,16054,17173
71600,443805,14709,213527,9773,429096,33228,16054,17174
71605,443836,14711,213539,9775,429125,33229,16055,17174
71610,443867,14712,213552,9776,429155,33230,16056,17174
71615,443898,14714,213568,9777,429184,33231,16057,17174
71620,443929,14716,213587,9779,429212,33232,16057,17175
71625,443960,14718,213602,9780,429242,33233,16057,17176
71630,443991,14718,213615,9780,429273,33235,16057,17178
71635,444022,14721,213624,9783,429301,33237,16058,17179
71640,444053,14723,213636,9785,429330,33239,16059,17180
71645,444084,14724,213653,9786,429360,33239,16059,17180
71650,444115,14725,213668,9787,429390,33239,16059,17180
71655,444146,14726,213684,9787,429420,33239,16059,17180
71660,444177,14727,213697,9787,429450,33239,16059,17180
71665,444208,14728,213713,9787,429480,33239,16059,17180
71670,444239,14729,213726,9788,429510,33239,16059,17180
71675,444270,14730,213739,9789,429540,33239,16059,17180
71680,444301,14731,213753,9789,429570,33239,16059,17180
71685,444332,14732,213765,9790,429600,33240,16060,17180
71690,444363,14733,213779,9790,429630,33241,16060,17181
71695,444394,14734,213788,9791,429660,33243,16061,17182
71700,444425,14735,213808,9792,429690,33245,16063,17182
71705,444456,14738,213822,9794,429718,33246,16064,17182
71710,444487,14741,213835,9796,429746,33247,16065,17182
71715,444518,14745,213851,9799,429773,33248,16065,17183
71720,444549,14748,213862,9800,429801,33250,16065,17185
71725,444580,14750,213876,9800,429830,33252,16067,17185
71730,444611,14752,213888,9800,429859,33254,16068,17186
71735,444642,14755,213907,9802,429887,33256,16070,17186
71740,444673,14758,213922,9804,429915,33258,16071,17187
71745,444704,14762,213933,9806,429942,33260,16073,17187
71750,444735,14765,213945,9807,429970,33261,16073,17188
71755,444766,14766,213964,9808,430000,33262,16074,17188
71760,444797,14768,213982,9809,430029,33263,16075,17188
71765,444828,14769,213995,9809,430059,33263,16075,17188
71770,444859,14770,214006,9809,430089,33263,16075,17188
71775,444890,14771,214019,9810,430119,33263,16075,17188
71780,444921,14772,214034,9811,430149,33263,16075,17188
71785,444952,14773,214050,9811,430179,33263,16075,17188
71790,444983,14774,214065,9812,430209,33263,16075,17188
71795,445014,14775,214081,9813,430239,33263,16075,17188
71800,445045,14776,214095,9813,430269,33263,16075,17188
71805,445076,14777,214111,9813,430299,33263,16075,17188
71810,445107,14778,214124,9814,430329,33266,16076,17190
71815,445138,14779,214141,9814,430359,33269,16079,17190
71820,445169,14780,214158,9814,430389,33272,16081,17191
71825,445200,14780,214169,9814,430420,33273,16081,17192
71830,445231,14780,214186,9814,430451,33274,16082,17192
71835,445262,14780,214201,9814,430482,33275,16082,17193
71840,445293,14780,214215,9814,430513,33275,16082,17193
71845,445324,14780,214228,9814,430544,33275,16082,17193
71850,445355,14780,214245,9814,430575,33275,16082,17193
71855,445386,14780,214260,9814,430606,33276,16082,17194
71860,445417,14781,214274,9814,430636,33277,16082,17195
71865,445448,14782,214288,9814,430666,33278,16082,17196
71870,445479,14783,214304,9815,430696,33279,16083,17196
71875,445510,14784,214321,9816,430726,33280,16084,17196
71880,445541,14785,214334,9817,430756,33281,16084,17197
71885,445572,14787,214348,9818,430785,33281,16084,17197
71890,445603,14788,214360,9818,430815,33281,16084,17197
71895,445634,14790,214374,9819,430844,33281,16084,17197
71900,445665,14791,214388,9819,430874,33281,16084,17197
71905,445696,14792,214402,9819,430904,33281,16084,17197
71910,445727,14794,214422,9821,430933,33281,16084,17197
71915,445758,14797,214437,9824,430961,33281,16084,17197
71920,445789,14799,214453,9826,430990,33281,16084,17197
71925,445820,14802,214470,9828,431018,33282,16085,17197
71930,445851,14804,214480,9829,431047,33285,16086,17199
71935,445882,14805,214494,9830,431077,33288,16087,17201
71940,445913,14806,214512,9831,431107,33288,16087,17201
71945,445944,14807,214529,9832,431136,33288,16087,17201
71950,445975,14809,214543,9833,431165,33288,16087,17201
71955,446006,14811,214556,9834,431195,33288,16087,17201
71960,446037,14812,214571,9834,431225,33288,16087,17201
71965,446068,14813,214587,9834,431255,33288,16087,17201
71970,446099,14814,214607,9835,431284,33288,16087,17201
71975,446130,14816,214621,9836,431313,33288,16087,17201
71980,446161,14818,214633,9837,431342,33288,16087,17201
71985,446192,14820,214651,9838,431372,33289,16087,17202
71990,446223,14822,214667,9840,431400,33291,16088,17203
71995,446254,14824,214675,9842,431430,33293,16088,17205
72000,446285,14826,214691,9843,431459,33295,16089,17206
72005,446316,14827,214700,9844,431489,33296,16089,17207
72010,446347,14828,214717,9845,431519,33297,16089,17208
72015,446378,14830,214730,9847,431548,33298,16089,17209
72020,446409,14831,214750,9848,431578,33299,16089,17210
72025,446440,14833,214766,9850,431607,33300,16090,17210
72030,446471,14834,214785,9851,431637,33301,16091,17210
72035,446502,14834,214805,9851,431668,33302,16092,17210
72040,446533,14834,214822,9851,431699,33305,16093,17212
72045,446564,14834,214839,9851,431730,33309,16096,17213
72050,446595,14834,214853,9851,431761,33312,16097,17215
72055,446626,14834,214863,9851,431792,33312,16097,17215
72060,446657,14834,214879,9851,431823,33312,16097,17215
72065,446688,14834,214897,9851,431854,33312,16097,17215
72070,446719,14834,214910,9851,431885,33312,16097,17215
72075,446750,14834,214929,9851,431916,33312,16097,17215
72080,446781,14834,214942,9851,431947,33312,16097,17215
72085,446812,14834,214958,9851,431978,33312,16097,17215
72090,446843,14834,214975,9851,432009,33312,16097,17215
72095,446874,14834,214984,9851,432040,33312,16097,17215
72100,446905,14834,215004,9851,432071,33312,16097,17215
72105,446936,14834,215017,9851,432102,33312,16097,17215
72110,446967,14835,215030,9852,432132,33313,16097,17216
72115,446998,14836,215047,9853,432161,33314,16098,17216
72120,447029,14838,215062,9855,432190,33315,16098,17217
72125,447060,14840,215075,9856,432220,33315,16098,17217
72130,447091,14842,215088,9857,432249,33315,16098,17217
72135,447122,14844,215103,9859,432278,33315,16098,17217
72140,447153,14848,215121,9863,432305,33315,16098,17217
72145,447184,14851,215135,9865,432333,33315,16098,17217
72150,447215,14853,215146,9866,432362,33315,16098,17217
72155,447246,14857,215163,9869,432389,33319,16100,17219
72160,447277,14862,215179,9873,432415,33323,16101,17222
72165,447308,14865,215197,9876,432443,33327,16103,17224
72170,447339,14868,215211,9879,432471,33331,16105,17226
72175,447370,14873,215229,9882,432497,33334,16107,17227
72180,447401,14877,215241,9884,432524,33335,16108,17227
72185,447432,14877,215264,9884,432555,33336,16109,17227
72190,447463,14877,215275,9884,432586,33337,16109,17228
72195,447494,14877,215287,9884,432617,33338,16109,17229
72200,447525,14877,215301,9884,432648,33339,16109,17230
72205,447556,14877,215316,9884,432679,33339,16109,17230
72210,447587,14877,215334,9884,432710,33339,16109,17230
72215,447618,14877,215349,9884,432741,33339,16109,17230
72220,447649,14877,215362,9884,432772,33339,16109,17230
72225,447680,14877,215374,9884,432803,33339,16109,17230
72230,447711,14877,215388,9884,432834,33340,16109,17231
72235,447742,14877,215402,9884,432865,33341,16109,17232
72240,447773,14877,215417,9884,432896,33342,16109,17233
72245,447804,14880,215432,9885,432923,33342,16109,17233
72250,447835,14884,215448,9888,432951,33342,16109,17233
72255,447866,14886,215466,9889,432980,33342,16109,17233
72260,447897,14889,215482,9891,433008,33342,16109,17233
72265,447928,14892,215495,9892,433036,33342,16109,17233
72270,447959,14895,215511,9893,433064,33342,16109,17233
72275,447990,14897,215522,9894,433093,33343,16110,17233
72280,448021,14899,215535,9894,433122,33346,16111,17235
72285,448052,14902,215547,9896,433150,33349,16112,17237
72290,448083,14903,215561,9897,433180,33352,16113,17239
72295,448114,14904,215575,9897,433210,33355,16116,17239
72300,448145,14905,215586,9897,433240,33357,16117,17240
72305,448176,14905,215605,9897,433271,33357,16117,17240
72310,448207,14905,215620,9897,433302,33357,16117,17240
72315,448238,14905,215633,9897,433333,33357,16117,17240
72320,448269,14905,215649,9897,433364,33357,16117,17240
72325,448300,14905,215665,9897,433395,33357,16117,17240
72330,448331,14905,215683,9897,433426,33357,16117,17240
72335,448362,14905,215699,9897,433457,33357,16117,17240
72340,448393,14905,215717,9897,433488,33357,16117,17240
72345,448424,14905,215737,9897,433519,33357,16117,17240
72350,448455,14905,215755,9897,433550,33357,16117,17240
72355,448486,14905,215769,9897,433581,33357,16117,17240
72360,448517,14905,215787,9897,433612,33357,16117,17240
72365,448548,14905,215805,9897,433643,33357,16117,17240
72370,448579,14905,215820,9897,433674,33357,16117,17240
72375,448610,14905,215835,9897,433705,33357,16117,17240
72380,448641,14905,215845,9897,433736,33357,16117,17240
72385,448672,14905,215859,9897,433767,33357,16117,17240
72390,448703,14905,215877,9897,433798,33357,16117,17240
72395,448734,14905,215887,9897,433829,33357,16117,17240
72400,448765,14905,215899,9897,433860,33358,16117,17241
72405,448796,14906,215913,9898,433890,33360,16119,17241
72410,448827,14908,215927,9899,433918,33363,16121,17242
72415,448858,14911,215941,9902,433946,33366,16121,17245
72420,448889,14916,215957,9905,433972,33368,16121,17247
72425,448920,14921,215972,9909,433999,33368,16121,17247
72430,448951,14923,215986,9910,434028,33368,16121,17247
72435,448982,14925,216002,9912,434057,33368,16121,17247
72440,449013,14926,216019,9912,434087,33368,16121,17247
72445,449044,14928,216037,9914,434116,33368,16121,17247
72450,449075,14930,216055,9915,434145,33369,16121,17248
72455,449106,14931,216069,9916,434175,33370,16122,17248
72460,449137,14933,216082,9918,434204,33371,16123,17248
72465,449168,14934,216097,9918,434234,33372,16123,17249
72470,449199,14934,216110,9918,434265,33373,16124,17249
72475,449230,14934,216129,9918,434296,33374,16125,17249
72480,449261,14934,216146,9918,434327,33375,16125,17250
72485,449292,14934,216160,9918,434358,33376,16125,17251
72490,449323,14934,216180,9918,434389,33377,16126,17251
72495,449354,14934,216197,9918,434420,33378,16127,17251
72500,449385,14934,216212,9918,434451,33378,16127,17251
72505,449416,14934,216230,9918,434482,33378,16127,17251
72510,449447,14934,216244,9918,434513,33378,16127,17251
72515,449478,14934,216260,9918,434544,33378,16127,17251
72520,449509,14934,216275,9918,434575,33378,16127,17251
72525,449540,14934,216286,9918,434606,33379,16127,17252
72530,449571,14935,216298,9918,434636,33382,16129,17253
72535,449602,14936,216312,9918,434666,33385,16130,17255
72540,449633,14937,216326,9919,434695,33387,16130,17257
72545,449664,14942,216348,9924,434722,33388,16131,17257
72550,449695,14947,216362,9927,434747,33389,16131,17258
72555,449726,14952,216377,9930,434774,33390,16132,17258
72560,449757,14956,216394,9932,434800,33391,16132,17259
72565,449788,14961,216412,9937,434827,33392,16132,17260
72570,449819,14963,216428,9938,434856,33393,16132,17261
72575,449850,14964,216437,9939,434886,33393,16132,17261
72580,449881,14967,216453,9941,434914,33393,16132,17261
72585,449912,14967,216467,9941,434945,33393,16132,17261
72590,449943,14967,216480,9941,434976,33393,16132,17261
72595,449974,14967,216500,9941,435007,33393,16132,17261
72600,450005,14967,216518,9941,435038,33393,16132,17261
72605,450036,14967,216531,9941,435069,33393,16132,17261
72610,450067,14967,216544,9941,435100,33393,16132,17261
72615,450098,14967,216558,9941,435131,33393,16132,17261
72620,450129,14967,216574,9941,435162,33393,16132,17261
72625,450160,14967,216585,9941,435193,33393,16132,17261
72630,450191,14967,216604,9941,435224,33393,16132,17261
72635,450222,14967,216617,9941,435255,33393,16132,17261
72640,450253,14967,216627,9941,435286,33394,16132,17262
72645,450284,14967,216645,9941,435317,33395,16133,17262
72650,450315,14967,216661,9941,435348,33398,16135,17263
72655,450346,14967,216677,9941,435379,33400,16135,17265
72660,450377,14967,216688,9941,435410,33402,16136,17266
72665,450408,14967,216705,9941,435441,33402,16136,17266
72670,450439,14967,216718,9941,435472,33402,16136,17266
72675,450470,14968,216734,9941,435502,33403,16136,17267
72680,450501,14970,216750,9943,435531,33404,16137,17267
72685,450532,14971,216766,9943,435561,33405,16137,17268
72690,450563,14972,216775,9943,435591,33406,16138,17268
72695,450594,14973,216795,9943,435621,33407,16139,17268
72700,450625,14975,216812,9945,435650,33408,16140,17268
72705,450656,14977,216833,9946,435679,33408,16140,17268
72710,450687,14980,216848,9949,435707,33408,16140,17268
72715,450718,14984,216866,9952,435733,33408,16140,17268
72720,450749,14989,216883,9957,435760,33408,16140,17268
72725,450780,14990,216894,9958,435790,33408,16140,17268
72730,450811,14991,216910,9958,435820,33408,16140,17268
72735,450842,14993,216924,9959,435849,33408,16140,17268
72740,450873,14994,216944,9959,435879,33408,16140,17268
72745,450904,14995,216952,9959,435909,33408,16140,17268
72750,450935,14996,216966,9959,435939,33408,16140,17268
72755,450966,14997,216977,9960,435969,33409,16140,17269
72760,450997,14999,216993,9962,435998,33410,16141,17269
72765,451028,14999,217004,9962,436029,33413,16142,17271
72770,451059,14999,217016,9962,436060,33416,16143,17273
72775,451090,14999,217032,9962,436091,33418,16144,17274
72780,451121,14999,217043,9962,436122,33420,16145,17275
72785,451152,14999,217058,9962,436153,33420,16145,17275
72790,451183,14999,217073,9962,436184,33420,16145,17275
72795,451214,14999,217087,9962,436215,33420,16145,17275
72800,451245,14999,217105,9962,436246,33420,16145,17275
72805,451276,14999,217121,9962,436277,33420,16145,17275
72810,451307,14999,217138,9962,436308,33420,16145,17275
72815,451338,14999,217150,9962,436339,33420,16145,17275
72820,451369,14999,217163,9962,436370,33420,16145,17275
72825,451400,14999,217179,9962,436401,33420,16145,17275
72830,451431,15000,217200,9963,436431,33421,16146,17275
72835,451462,15001,217215,9964,436461,33422,16147,17275
72840,451493,15002,217227,9965,436490,33423,16147,17276
72845,451524,15007,217246,9970,436517,33423,16147,17276
72850,451555,15010,217256,9972,436545,33423,16147,17276
72855,451586,15012,217268,9972,436574,33423,16147,17276
72860,451617,15015,217283,9974,436602,33423,16147,17276
72865,451648,15018,217293,9975,436630,33423,16147,17276
72870,451679,15020,217309,9977,436659,33423,16147,17276
72875,451710,15023,217330,9979,436687,33424,16147,17277
72880,451741,15026,217342,9980,436715,33425,16148,17277
72885,451772,15029,217357,9982,436743,33428,16149,17279
72890,451803,15032,217367,9984,436771,33431,16149,17282
72895,451834,15033,217380,9985,436801,33433,16150,17283
72900,451865,15035,217390,9986,436830,33435,16150,17285
72905,451896,15037,217401,9987,436859,33435,16150,17285
72910,451927,15037,217416,9987,436890,33435,16150,17285
72915,451958,15037,217432,9987,436921,33435,16150,17285
72920,451989,15037,217446,9987,436952,33435,16150,17285
72925,452020,15037,217460,9987,436983,33435,16150,17285
72930,452051,15037,217477,9987,437014,33435,16150,17285
72935,452082,15037,217491,9987,437045,33435,16150,17285
72940,452113,15037,217503,9987,437076,33435,16150,17285
72945,452144,15037,217522,9987,437107,33435,16150,17285
72950,452175,15037,217534,9987,437138,33436,16150,17286
72955,452206,15037,217547,9987,437169,33437,16150,17287
72960,452237,15037,217563,9987,437200,33438,16150,17288
72965,452268,15039,217586,9989,437229,33439,16151,17288
72970,452299,15042,217601,9991,437257,33440,16151,17289
72975,452330,15045,217617,9992,437285,33440,16151,17289
72980,452361,15047,217634,9993,437314,33440,16151,17289
72985,452392,15049,217647,9995,437343,33440,16151,17289
72990,452423,15051,217659,9995,437372,33440,16151,17289
72995,452454,15053,217671,9996,437401,33441,16152,17289
73000,452485,15056,217679,9997,437429,33442,16152,17290
73005,452516,15059,217692,9998,437457,33445,16153,17292
73010,452547,15061,217709,9999,437486,33448,16154,17294
73015,452578,15062,217720,9999,437516,33450,16154,17296
73020,452609,15064,217735,10001,437545,33450,16154,17296
73025,452640,15065,217750,10001,437575,33450,16154,17296
73030,452671,15067,217763,10002,437604,33450,16154,17296
73035,452702,15069,217775,10003,437633,33450,16154,17296
73040,452733,15071,217789,10004,437662,33450,16154,17296
73045,452764,15072,217799,10005,437692,33450,16154,17296
73050,452795,15073,217817,10005,437722,33450,16154,17296
73055,452826,15074,217833,10006,437752,33450,16154,17296
73060,452857,15075,217847,10007,437782,33450,16154,17296
73065,452888,15076,217861,10008,437811,33450,16154,17296
73070,452919,15078,217875,10010,437841,33450,16154,17296
73075,452950,15079,217889,10011,437871,33451,16154,17297
73080,452981,15080,217902,10012,437900,33452,16154,17298
73085,453012,15083,217918,10015,437929,33453,16154,17299
73090,453043,15084,217933,10016,437959,33454,16154,17300
73095,453074,15085,217946,10017,437989,33454,16154,17300
73100,453105,15087,217965,10019,438018,33454,16154,17300
73105,453136,15089,217981,10021,438047,33454,16154,17300
73110,453167,15091,217994,10022,438076,33454,16154,17300
73115,453198,15093,218010,10023,438105,33455,16154,17301
73120,453229,15093,218028,10023,438136,33458,16156,17302
73125,453260,15093,218045,10023,438167,33461,16157,17304
73130,453291,15093,218056,10023,438198,33463,16158,17305
73135,453322,15093,218068,10023,438229,33465,16158,17307
73140,453353,15093,218084,10023,438260,33465,16158,17307
73145,453384,15093,218097,10023,438291,33465,16158,17307
73150,453415,15093,218113,10023,438322,33465,16158,17307
73155,453446,15093,218123,10023,438353,33465,16158,17307
73160,453477,15093,218139,10023,438384,33465,16158,17307
73165,453508,15093,218155,10023,438415,33465,16158,17307
73170,453539,15093,218173,10023,438446,33465,16158,17307
73175,453570,15093,218184,10023,438477,33465,16158,17307
73180,453601,15093,218199,10023,438508,33465,16158,17307
73185,453632,15093,218218,10023,438539,33465,16158,17307
73190,453663,15093,218231,10023,438570,33465,16158,17307
73195,453694,15093,218249,10023,438601,33466,16159,17307
73200,453725,15095,218267,10024,438629,33467,16159,17308
73205,453756,15096,218282,10025,438660,33469,16160,17309
73210,453787,15096,218297,10025,438691,33469,16160,17309
73215,453818,15096,218309,10025,438722,33469,16160,17309
73220,453849,15097,218324,10025,438752,33469,16160,17309
73225,453880,15098,218341,10026,438782,33469,16160,17309
73230,453911,15099,218352,10027,438812,33470,16160,17310
73235,453942,15100,218368,10027,438842,33471,16160,17311
73240,453973,15101,218380,10027,438872,33474,16161,17313
73245,454004,15102,218393,10028,438902,33477,16162,17315
73250,454035,15103,218408,10028,438932,33480,16162,17318
73255,454066,15104,218418,10028,438962,33483,16163,17320
73260,454097,15105,218436,10029,438992,33486,16164,17322
73265,454128,15109,218450,10031,439019,33488,16164,17324
73270,454159,15112,218463,10034,439047,33489,16164,17325
73275,454190,15115,218480,10035,439075,33489,16164,17325
73280,454221,15118,218496,10037,439103,33489,16164,17325
73285,454252,15121,218513,10039,439131,33489,16164,17325
73290,454283,15124,218533,10042,439159,33489,16164,17325
73295,454314,15125,218548,10042,439189,33489,16164,17325
73300,454345,15126,218567,10043,439219,33489,16164,17325
73305,454376,15127,218578,10043,439248,33489,16164,17325
73310,454407,15131,218593,10047,439275,33490,16165,17325
73315,454438,15133,218605,10049,439305,33491,16165,17326
73320,454469,15136,218621,10051,439332,33492,16166,17326
73325,454500,15137,218634,10052,439363,33492,16166,17326
73330,454531,15137,218646,10052,439394,33492,16166,17326
73335,454562,15137,218661,10052,439425,33492,16166,17326
73340,454593,15137,218678,10052,439456,33492,16166,17326
73345,454624,15137,218695,10052,439487,33492,16166,17326
73350,454655,15137,218712,10052,439518,33492,16166,17326
73355,454686,15137,218723,10052,439549,33492,16166,17326
73360,454717,15137,218736,10052,439580,33492,16166,17326
73365,454748,15137,218754,10052,439611,33492,16166,17326
73370,454779,15137,218769,10052,439642,33493,16166,17327
73375,454810,15137,218788,10052,439673,33495,16167,17328
73380,454841,15137,218802,10052,439704,33496,16168,17328
73385,454872,15137,218819,10052,439735,33497,16168,17329
73390,454903,15137,218831,10052,439766,33498,16169,17329
73395,454934,15137,218844,10052,439797,33498,16169,17329
73400,454965,15138,218857,10052,439827,33498,16169,17329
73405,454996,15139,218870,10053,439857,33498,16169,17329
73410,455027,15140,218885,10053,439887,33498,16169,17329
73415,455058,15141,218901,10053,439917,33498,16169,17329
73420,455089,15142,218917,10053,439947,33498,16169,17329
73425,455120,15143,218933,10054,439977,33498,16169,17329
73430,455151,15144,218941,10054,440007,33498,16169,17329
73435,455182,15145,218954,10055,440037,33498,16169,17329
73440,455213,15148,218970,10057,440064,33499,16169,17330
73445,455244,15151,218988,10059,440093,33499,16169,17330
73450,455275,15152,219003,10060,440123,33499,16169,17330
73455,455306,15154,219017,10062,440152,33499,16169,17330
73460,455337,15156,219032,10063,440181,33499,16169,17330
73465,455368,15159,219044,10065,440209,33499,16169,17330
73470,455399,15159,219064,10065,440240,33499,16169,17330
73475,455430,15159,219077,10065,440271,33499,16169,17330
73480,455461,15159,219095,10065,440302,33499,16169,17330
73485,455492,15159,219111,10065,440333,33500,16170,17330
73490,455523,15159,219128,10065,440364,33502,16172,17330
73495,455554,15159,219148,10065,440395,33504,16174,17330
73500,455585,15159,219162,10065,440426,33505,16175,17330
73505,455616,15159,219173,10065,440457,33506,16176,17330
73510,455647,15159,219187,10065,440488,33506,16176,17330
73515,455678,15159,219204,10065,440519,33506,16176,17330
73520,455709,15159,219219,10065,440550,33506,16176,17330
73525,455740,15159,219237,10065,440581,33506,16176,17330
73530,455771,15159,219250,10065,440612,33506,16176,17330
73535,455802,15159,219263,10065,440643,33506,16176,17330
73540,455833,15159,219279,10065,440674,33506,16176,17330
73545,455864,15159,219293,10065,440705,33506,16176,17330
73550,455895,15160,219308,10065,440735,33506,16176,17330
73555,455926,15161,219318,10065,440765,33506,16176,17330
73560,455957,15162,219332,10066,440795,33506,16176,17330
73565,455988,15163,219347,10067,440825,33506,16176,17330
73570,456019,15165,219364,10069,440854,33506,16176,17330
73575,456050,15168,219381,10071,440882,33506,16176,17330
73580,456081,15171,219396,10072,440910,33506,16176,17330
73585,456112,15174,219412,10074,440938,33506,16176,17330
73590,456143,15176,219425,10075,440967,33506,16176,17330
73595,456174,15178,219437,10077,440996,33506,16176,17330
73600,456205,15179,219452,10078,441026,33507,16177,17330
73605,456236,15181,219469,10080,441055,33508,16177,17331
73610,456267,15184,219487,10083,441083,33511,16179,17332
73615,456298,15185,219501,10083,441113,33514,16181,17333
73620,456329,15187,219514,10084,441142,33517,16183,17334
73625,456360,15188,219531,10085,441172,33517,16183,17334
73630,456391,15190,219544,10087,441201,33517,16183,17334
73635,456422,15190,219562,10087,441232,33517,16183,17334
73640,456453,15190,219578,10087,441263,33517,16183,17334
73645,456484,15190,219591,10087,441294,33517,16183,17334
73650,456515,15190,219603,10087,441325,33518,16184,17334
73655,456546,15190,219616,10087,441356,33519,16184,17335
73660,456577,15190,219632,10087,441387,33520,16185,17335
73665,456608,15190,219643,10087,441418,33521,16186,17335
73670,456639,15190,219657,10087,441449,33522,16186,17336
73675,456670,15190,219670,10087,441480,33522,16186,17336
73680,456701,15190,219683,10087,441511,33522,16186,17336
73685,456732,15192,219696,10089,441539,33524,16187,17337
73690,456763,15195,219712,10092,441567,33526,16189,17337
73695,456794,15197,219727,10093,441597,33526,16189,17337
73700,456825,15198,219741,10094,441627,33526,16189,17337
73705,456856,15200,219758,10095,441656,33526,16189,17337
73710,456887,15201,219774,10096,441686,33526,16189,17337
73715,456918,15203,219794,10098,441715,33526,16189,17337
73720,456949,15205,219813,10100,441744,33526,16189,17337
73725,456980,15207,219827,10101,441773,33526,16189,17337
73730,457011,15208,219841,10102,441803,33526,16189,17337
73735,457042,15208,219856,10102,441834,33526,16189,17337
73740,457073,15210,219869,10103,441863,33526,16189,17337
73745,457104,15212,219883,10105,441892,33526,16189,17337
73750,457135,15214,219897,10107,441921,33526,16189,17337
73755,457166,15218,219909,10110,441948,33526,16189,17337
73760,457197,15221,219924,10113,441976,33526,16189,17337
73765,457228,15221,219942,10113,442007,33526,16189,17337
73770,457259,15221,219957,10113,442038,33526,16189,17337
73775,457290,15221,219975,10113,442069,33527,16190,17337
73780,457321,15221,219991,10113,442100,33528,16190,17338
73785,457352,15221,220005,10113,442131,33530,16191,17339
73790,457383,15221,220019,10113,442162,33533,16191,17342
73795,457414,15221,220033,10113,442193,33536,16192,17344
73800,457445,15221,220046,10113,442224,33540,16193,17347
73805,457476,15221,220065,10113,442255,33541,16194,17347
73810,457507,15221,220077,10113,442286,33541,16194,17347
73815,457538,15221,220092,10113,442317,33541,16194,17347
73820,457569,15221,220105,10113,442348,33541,16194,17347
73825,457600,15221,220123,10113,442379,33541,16194,17347
73830,457631,15221,220138,10113,442410,33541,16194,17347
73835,457662,15221,220154,10113,442441,33541,16194,17347
73840,457693,15222,220167,10113,442471,33541,16194,17347
73845,457724,15223,220182,10113,442501,33541,16194,17347
73850,457755,15224,220200,10114,442531,33541,16194,17347
73855,457786,15225,220217,10115,442561,33541,16194,17347
73860,457817,15226,220227,10115,442591,33541,16194,17347
73865,457848,15228,220244,10116,442620,33541,16194,17347
73870,457879,15230,220255,10116,442649,33541,16194,17347
73875,457910,15233,220270,10118,442677,33541,16194,17347
73880,457941,15235,220283,10119,442706,33541,16194,17347
73885,457972,15239,220302,10122,442733,33541,16194,17347
73890,458003,15243,220316,10125,442760,33541,16194,17347
73895,458034,15246,220331,10126,442788,33541,16194,17347
73900,458065,15249,220346,10128,442816,33541,16194,17347
73905,458096,15251,220361,10128,442845,33542,16195,17347
73910,458127,15255,220374,10132,442872,33543,16195,17348
73915,458158,15257,220386,10133,442901,33545,16197,17348
73920,458189,15259,220401,10134,442930,33547,16198,17349
73925,458220,15262,220419,10135,442958,33549,16198,17351
73930,458251,15264,220434,10137,442987,33551,16199,17352
73935,458282,15264,220453,10137,443018,33552,16200,17352
73940,458313,15264,220469,10137,443049,33553,16200,17353
73945,458344,15264,220489,10137,443080,33554,16200,17354
73950,458375,15264,220503,10137,443111,33554,16200,17354
73955,458406,15264,220520,10137,443142,33554,16200,17354
73960,458437,15264,220533,10137,443173,33554,16200,17354
73965,458468,15264,220548,10137,443204,33554,16200,17354
73970,458499,15264,220566,10137,443235,33554,16200,17354
73975,458530,15264,220581,10137,443266,33555,16200,17355
73980,458561,15264,220600,10137,443297,33556,16201,17355
73985,458592,15266,220616,10138,443326,33556,16201,17355
73990,458623,15268,220629,10140,443355,33556,16201,17355
73995,458654,15269,220639,10140,443385,33556,16201,17355
74000,458685,15270,220653,10140,443415,33556,16201,17355
74005,458716,15271,220664,10140,443445,33556,16201,17355
74010,458747,15272,220679,10141,443475,33556,16201,17355
74015,458778,15273,220696,10142,443505,33556,16201,17355
74020,458809,15275,220708,10143,443534,33556,16201,17355
74025,458840,15276,220723,10144,443564,33556,16201,17355
74030,458871,15279,220738,10146,443592,33556,16201,17355
74035,458902,15282,220756,10149,443620,33557,16202,17355
74040,458933,15285,220773,10151,443648,33558,16202,17356
74045,458964,15288,220792,10154,443676,33559,16202,17357
74050,458995,15290,220808,10156,443705,33561,16203,17358
74055,459026,15291,220818,10156,443735,33563,16203,17360
74060,459057,15292,220833,10157,443765,33564,16203,17361
74065,459088,15294,220854,10159,443794,33565,16204,17361
74070,459119,15296,220867,10160,443823,33566,16205,17361
74075,459150,15298,220880,10161,443852,33567,16205,17362
74080,459181,15299,220892,10162,443882,33568,16205,17363
74085,459212,15301,220908,10163,443911,33568,16205,17363
74090,459243,15303,220923,10164,443940,33568,16205,17363
74095,459274,15303,220935,10164,443971,33568,16205,17363
74100,459305,15303,220948,10164,444002,33568,16205,17363
74105,459336,15303,220968,10164,444033,33568,16205,17363
74110,459367,15303,220982,10164,444064,33568,16205,17363
74115,459398,15303,220999,10164,444095,33568,16205,17363
74120,459429,15303,221015,10164,444126,33568,16205,17363
74125,459460,15303,221030,10164,444157,33568,16205,17363
74130,459491,15303,221050,10164,444188,33568,16205,17363
74135,459522,15303,221061,10164,444219,33568,16205,17363
74140,459553,15303,221076,10164,444250,33568,16205,17363
74145,459584,15303,221088,10164,444281,33568,16205,17363
74150,459615,15304,221104,10164,444311,33568,16205,17363
74155,459646,15305,221114,10164,444341,33568,16205,17363
74160,459677,15306,221127,10164,444371,33569,16205,17364
74165,459708,15307,221139,10165,444401,33571,16205,17366
74170,459739,15308,221155,10165,444431,33572,16206,17366
74175,459770,15309,221170,10166,444461,33572,16206,17366
74180,459801,15310,221187,10166,444491,33572,16206,17366
74185,459832,15311,221202,10167,444521,33573,16206,17367
74190,459863,15312,221216,10167,444551,33574,16206,17368
74195,459894,15314,221228,10169,444580,33575,16206,17369
74200,459925,15318,221245,10171,444607,33576,16207,17369
74205,459956,15322,221261,10175,444634,33578,16207,17371
74210,459987,15326,221282,10178,444660,33580,16208,17372
74215,460018,15331,221298,10182,444686,33582,16208,17374
74220,460049,15335,221315,10185,444714,33584,16209,17375
74225,460080,15336,221331,10186,444744,33585,16210,17375
74230,460111,15336,221346,10186,444775,33586,16210,17376
74235,460142,15336,221363,10186,444806,33586,16210,17376
74240,460173,15336,221384,10186,444837,33586,16210,17376
74245,460204,15336,221395,10186,444868,33586,16210,17376
74250,460235,15336,221407,10186,444899,33586,16210,17376
74255,460266,15336,221423,10186,444930,33586,16210,17376
74260,460297,15336,221443,10186,444961,33586,16210,17376
74265,460328,15336,221456,10186,444992,33586,16210,17376
74270,460359,15336,221468,10186,445023,33586,16210,17376
74275,460390,15336,221484,10186,445054,33586,16210,17376
74280,460421,15336,221498,10186,445085,33587,16211,17376
74285,460452,15336,221512,10186,445116,33588,16211,17377
74290,460483,15336,221522,10186,445147,33589,16211,17378
74295,460514,15336,221539,10186,445178,33589,16211,17378
74300,460545,15336,221552,10186,445209,33589,16211,17378
74305,460576,15336,221569,10186,445240,33589,16211,17378
74310,460607,15336,221583,10186,445271,33589,16211,17378
74315,460638,15336,221596,10186,445302,33589,16211,17378
74320,460669,15336,221607,10186,445333,33589,16211,17378
74325,460700,15336,221618,10186,445364,33589,16211,17378
74330,460731,15337,221628,10186,445393,33589,16211,17378
74335,460762,15341,221641,10189,445420,33589,16211,17378
74340,460793,15346,221660,10192,445446,33589,16211,17378
74345,460824,15349,221673,10194,445475,33590,16212,17378
74350,460855,15351,221687,10196,445504,33591,16212,17379
74355,460886,15355,221696,10198,445531,33591,16212,17379
74360,460917,15359,221711,10200,445558,33591,16212,17379
74365,460948,15365,221723,10205,445583,33591,16212,17379
74370,460979,15370,221737,10208,445609,33591,16212,17379
74375,461010,15373,221755,10210,445637,33591,16212,17379
74380,461041,15373,221768,10210,445668,33591,16212,17379
74385,461072,15373,221782,10210,445699,33591,16212,17379
74390,461103,15373,221801,10210,445730,33593,16214,17379
74395,461134,15373,221821,10210,445761,33595,16215,17380
74400,461165,15373,221833,10210,445792,33597,16216,17381
74405,461196,15373,221846,10210,445823,33598,16217,17381
74410,461227,15373,221860,10210,445854,33598,16217,17381
74415,461258,15373,221872,10210,445885,33598,16217,17381
74420,461289,15373,221887,10210,445916,33598,16217,17381
74425,461320,15373,221903,10210,445947,33598,16217,17381
74430,461351,15373,221913,10210,445978,33598,16217,17381
74435,461382,15373,221928,10210,446009,33598,16217,17381
74440,461413,15373,221943,10210,446040,33598,16217,17381
74445,461444,15373,221951,10210,446071,33598,16217,17381
74450,461475,15373,221966,10210,446102,33598,16217,17381
74455,461506,15373,221976,10210,446133,33598,16217,17381
74460,461537,15373,221990,10210,446164,33598,16217,17381
74465,461568,15373,222001,10210,446195,33599,16218,17381
74470,461599,15373,222013,10210,446226,33600,16219,17381
74475,461630,15373,222028,10210,446257,33601,16220,17381
74480,461661,15375,222039,10211,446286,33602,16220,17382
74485,461692,15378,222057,10212,446314,33603,16220,17383
74490,461723,15381,222070,10213,446342,33603,16220,17383
74495,461754,15385,222084,10215,446369,33603,16220,17383
74500,461785,15388,222099,10217,446397,33603,16220,17383
74505,461816,15392,222116,10221,446424,33603,16220,17383
74510,461847,15395,222136,10223,446452,33606,16223,17383
74515,461878,15398,222147,10224,446480,33609,16224,17385
74520,461909,15402,222164,10228,446507,33611,16225,17386
74525,461940,15404,222177,10229,446536,33611,16225,17386
74530,461971,15405,222187,10229,446566,33611,16225,17386
74535,462002,15407,222202,10231,446595,33611,16225,17386
74540,462033,15408,222213,10231,446625,33611,16225,17386
74545,462064,15410,222227,10233,446654,33611,16225,17386
74550,462095,15412,222241,10234,446683,33611,16225,17386
74555,462126,15414,222256,10235,446712,33611,16225,17386
74560,462157,15415,222270,10236,446742,33611,16225,17386
74565,462188,15417,222284,10238,446771,33611,16225,17386
74570,462219,15418,222297,10238,446801,33611,16225,17386
74575,462250,15418,222314,10238,446832,33611,16225,17386
74580,462281,15418,222326,10238,446863,33611,16225,17386
74585,462312,15418,222339,10238,446894,33611,16225,17386
74590,462343,15418,222355,10238,446925,33612,16225,17387
74595,462374,15418,222372,10238,446956,33612,16225,17387
74600,462405,15418,222391,10238,446987,33612,16225,17387
74605,462436,15418,222404,10238,447018,33612,16225,17387
74610,462467,15418,222419,10238,447049,33612,16225,17387
74615,462498,15418,222434,10238,447080,33612,16225,17387
74620,462529,15418,222448,10238,447111,33612,16225,17387
74625,462560,15418,222462,10238,447142,33614,16226,17388
74630,462591,15421,222479,10240,447170,33617,16228,17389
74635,462622,15423,222494,10242,447199,33620,16230,17390
74640,462653,15425,222510,10244,447228,33623,16232,17391
74645,462684,15428,222524,10246,447255,33623,16232,17391
74650,462715,15431,222538,10247,447284,33623,16232,17391
74655,462746,15434,222556,10250,447312,33623,16232,17391
74660,462777,15437,222570,10252,447340,33623,16232,17391
74665,462808,15439,222584,10254,447369,33623,16232,17391
74670,462839,15442,222598,10256,447397,33623,16232,17391
74675,462870,15445,222614,10258,447425,33623,16232,17391
74680,462901,15447,222626,10259,447454,33623,16232,17391
74685,462932,15449,222637,10260,447483,33623,16232,17391
74690,462963,15452,222650,10262,447511,33623,16232,17391
74695,462994,15454,222663,10263,447540,33623,16232,17391
74700,463025,15458,222679,10267,447567,33623,16232,17391
74705,463056,15460,222694,10269,447596,33624,16232,17392
74710,463087,15460,222705,10269,447627,33625,16232,17393
74715,463118,15460,222721,10269,447658,33625,16232,17393
74720,463149,15460,222735,10269,447689,33625,16232,17393
74725,463180,15460,222752,10269,447720,33625,16232,17393
74730,463211,15460,222766,10269,447751,33625,16232,17393
74735,463242,15460,222779,10269,447782,33625,16232,17393
74740,463273,15460,222797,10269,447813,33625,16232,17393
74745,463304,15460,222812,10269,447844,33628,16233,17395
74750,463335,15460,222827,10269,447875,33631,16234,17397
74755,463366,15460,222844,10269,447906,33634,16235,17399
74760,463397,15460,222858,10269,447937,33637,16237,17400
74765,463428,15462,222873,10270,447966,33638,16238,17400
74770,463459,15463,222887,10271,447996,33638,16238,17400
74775,463490,15464,222904,10272,448026,33638,16238,17400
74780,463521,15465,222918,10273,448056,33638,16238,17400
74785,463552,15467,222930,10274,448085,33638,16238,17400
74790,463583,15469,222944,10276,448114,33638,16238,17400
74795,463614,15471,222960,10277,448143,33638,16238,17400
74800,463645,15472,222972,10278,448173,33638,16238,17400
74805,463676,15474,222984,10280,448202,33638,16238,17400
74810,463707,15476,222997,10282,448231,33638,16238,17400
74815,463738,15477,223013,10283,448261,33638,16238,17400
74820,463769,15479,223024,10284,448290,33638,16238,17400
74825,463800,15480,223043,10285,448320,33640,16240,17400
74830,463831,15483,223057,10287,448347,33642,16241,17401
74835,463862,15484,223073,10288,448378,33643,16241,17402
74840,463893,15484,223089,10288,448409,33644,16241,17403
74845,463924,15484,223106,10288,448440,33644,16241,17403
74850,463955,15484,223120,10288,448471,33644,16241,17403
74855,463986,15484,223133,10288,448502,33644,16241,17403
74860,464017,15484,223152,10288,448533,33644,16241,17403
74865,464048,15484,223166,10288,448564,33646,16242,17404
74870,464079,15484,223180,10288,448595,33649,16244,17405
74875,464110,15484,223191,10288,448626,33652,16246,17406
74880,464141,15484,223204,10288,448657,33654,16248,17406
74885,464172,15486,223223,10289,448686,33654,16248,17406
74890,464203,15488,223234,10290,448715,33654,16248,17406
74895,464234,15489,223248,10290,448745,33654,16248,17406
74900,464265,15491,223264,10292,448774,33654,16248,17406
74905,464296,15493,223279,10293,448803,33654,16248,17406
74910,464327,15495,223293,10295,448832,33654,16248,17406
74915,464358,15497,223305,10297,448861,33654,16248,17406
74920,464389,15498,223320,10297,448891,33654,16248,17406
74925,464420,15500,223333,10298,448920,33654,16248,17406
74930,464451,15502,223347,10300,448949,33654,16248,17406
74935,464482,15502,223365,10300,448980,33654,16248,17406
74940,464513,15504,223385,10302,449009,33654,16248,17406
74945,464544,15506,223399,10304,449038,33654,16248,17406
74950,464575,15507,223411,10305,449068,33655,16248,17407
74955,464606,15508,223422,10306,449098,33656,16248,17408
74960,464637,15509,223435,10307,449128,33657,16248,17409
74965,464668,15510,223450,10307,449158,33657,16248,17409
74970,464699,15511,223459,10308,449188,33657,16248,17409
74975,464730,15512,223473,10309,449218,33657,16248,17409
74980,464761,15513,223484,10309,449248,33658,16249,17409
74985,464792,15515,223502,10310,449277,33660,16251,17409
74990,464823,15517,223515,10311,449306,33662,16251,17411
74995,464854,15517,223532,10311,449337,33664,16252,17412
75000,464885,15517,223549,10311,449368,33665,16253,17412
75005,464916,15518,223567,10312,449398,33665,16253,17412
75010,464947,15518,223583,10312,449429,33665,16253,17412
75015,464978,15518,223597,10312,449460,33665,16253,17412
75020,465009,15518,223618,10312,449491,33665,16253,17412
75025,465040,15518,223628,10312,449522,33665,16253,17412
75030,465071,15518,223640,10312,449553,33665,16253,17412
75035,465102,15518,223655,10312,449584,33665,16253,17412
75040,465133,15518,223668,10312,449615,33665,16253,17412
75045,465164,15518,223679,10312,449646,33665,16253,17412
75050,465195,15519,223693,10312,449676,33665,16253,17412
75055,465226,15520,223709,10312,449706,33665,16253,17412
75060,465257,15521,223723,10312,449736,33665,16253,17412
75065,465288,15522,223741,10312,449766,33665,16253,17412
75070,465319,15524,223759,10313,449795,33665,16253,17412
75075,465350,15525,223770,10313,449825,33665,16253,17412
75080,465381,15526,223784,10314,449855,33665,16253,17412
75085,465412,15528,223802,10315,449884,33665,16253,17412
75090,465443,15530,223813,10317,449913,33665,16253,17412
75095,465474,15533,223831,10320,449941,33665,16253,17412
75100,465505,15535,223846,10321,449970,33666,16253,17413
75105,465536,15538,223863,10323,449998,33668,16254,17414
75110,465567,15540,223874,10323,450027,33671,16256,17415
75115,465598,15542,223889,10325,450056,33673,16258,17415
75120,465629,15545,223905,10327,450084,33675,16259,17416
75125,465660,15548,223921,10328,450111,33676,16259,17417
75130,465691,15552,223940,10332,450138,33677,16259,17418
75135,465722,15556,223955,10335,450166,33678,16259,17419
75140,465753,15560,223967,10339,450193,33678,16259,17419
75145,465784,15563,223983,10342,450221,33678,16259,17419
75150,465815,15566,224002,10345,450249,33678,16259,17419
75155,465846,15567,224021,10345,450279,33678,16259,17419
75160,465877,15567,224043,10345,450310,33678,16259,17419
75165,465908,15567,224057,10345,450341,33678,16259,17419
75170,465939,15567,224075,10345,450372,33678,16259,17419
75175,465970,15567,224083,10345,450403,33678,16259,17419
75180,466001,15567,224095,10345,450434,33678,16259,17419
75185,466032,15567,224114,10345,450465,33681,16261,17420
75190,466063,15567,224130,10345,450496,33683,16263,17420
75195,466094,15567,224145,10345,450527,33683,16263,17420
75200,466125,15567,224160,10345,450558,33683,16263,17420
75205,466156,15567,224174,10345,450589,33683,16263,17420
75210,466187,15567,224191,10345,450620,33683,16263,17420
75215,466218,15567,224211,10345,450651,33683,16263,17420
75220,466249,15567,224233,10345,450682,33683,16263,17420
75225,466280,15567,224246,10345,450713,33683,16263,17420
75230,466311,15567,224261,10345,450744,33683,16263,17420
75235,466342,15567,224274,10345,450775,33683,16263,17420
75240,466373,15567,224290,10345,450806,33684,16264,17420
75245,466404,15570,224307,10347,450834,33685,16265,17420
75250,466435,15572,224319,10349,450863,33686,16265,17421
75255,466466,15574,224336,10351,450892,33686,16265,17421
75260,466497,15577,224350,10353,450920,33686,16265,17421
75265,466528,15581,224366,10356,450947,33686,16265,17421
75270,466559,15584,224375,10357,450975,33686,16265,17421
75275,466590,15586,224389,10358,451004,33686,16265,17421
75280,466621,15590,224402,10360,451031,33686,16265,17421
75285,466652,15593,224417,10363,451059,33686,16265,17421
75290,466683,15595,224429,10364,451088,33687,16265,17422
75295,466714,15598,224446,10367,451116,33689,16266,17423
75300,466745,15600,224458,10368,451145,33691,16266,17425
75305,466776,15601,224473,10369,451175,33691,16266,17425
75310,466807,15603,224491,10371,451204,33691,16266,17425
75315,466838,15604,224504,10372,451234,33691,16266,17425
75320,466869,15606,224519,10374,451263,33691,16266,17425
75325,466900,15606,224531,10374,451294,33691,16266,17425
75330,466931,15606,224544,10374,451325,33691,16266,17425
75335,466962,15606,224561,10374,451356,33691,16266,17425
75340,466993,15606,224576,10374,451387,33691,16266,17425
75345,467024,15606,224596,10374,451418,33691,16266,17425
75350,467055,15606,224611,10374,451449,33691,16266,17425
75355,467086,15606,224625,10374,451480,33692,16266,17426
75360,467117,15606,224643,10374,451511,33692,16266,17426
75365,467148,15607,224655,10375,451541,33693,16267,17426
75370,467179,15607,224670,10375,451572,33693,16267,17426
75375,467210,15607,224686,10375,451603,33693,16267,17426
75380,467241,15607,224700,10375,451634,33693,16267,17426
75385,467272,15607,224716,10375,451665,33693,16267,17426
75390,467303,15609,224732,10376,451694,33693,16267,17426
75395,467334,15611,224750,10377,451723,33693,16267,17426
75400,467365,15612,224764,10378,451753,33693,16267,17426
75405,467396,15613,224774,10378,451783,33694,16268,17426
75410,467427,15614,224792,10379,451813,33695,16269,17426
75415,467458,15616,224809,10381,451842,33696,16269,17427
75420,467489,15618,224825,10383,451871,33697,16270,17427
75425,467520,15620,224841,10384,451900,33698,16270,17428
75430,467551,15621,224851,10384,451930,33699,16271,17428
75435,467582,15622,224866,10384,451960,33700,16271,17429
75440,467613,15624,224879,10385,451989,33701,16271,17430
75445,467644,15626,224900,10387,452018,33701,16271,17430
75450,467675,15627,224915,10388,452048,33701,16271,17430
75455,467706,15628,224928,10389,452078,33701,16271,17430
75460,467737,15629,224946,10389,452108,33702,16272,17430
75465,467768,15630,224962,10390,452138,33703,16272,17431
75470,467799,15633,224975,10391,452165,33707,16272,17435
75475,467830,15637,224991,10394,452193,33711,16273,17438
75480,467861,15641,225009,10397,452219,33715,16274,17441
75485,467892,15644,225022,10399,452248,33715,16274,17441
75490,467923,15645,225033,10400,452278,33715,16274,17441
75495,467954,15646,225053,10400,452308,33715,16274,17441
75500,467985,15648,225069,10402,452337,33715,16274,17441
75505,468016,15649,225077,10403,452367,33715,16274,17441
75510,468047,15651,225096,10405,452396,33715,16274,17441
75515,468078,15653,225108,10407,452425,33715,16274,17441
75520,468109,15655,225121,10408,452454,33715,16274,17441
75525,468140,15656,225133,10408,452484,33715,16274,17441
75530,468171,15657,225148,10408,452514,33715,16274,17441
75535,468202,15658,225165,10409,452544,33715,16274,17441
75540,468233,15659,225180,10409,452574,33715,16274,17441
75545,468264,15660,225197,10409,452604,33717,16274,17443
75550,468295,15661,225207,10410,452634,33717,16274,17443
75555,468326,15662,225217,10411,452664,33717,16274,17443
75560,468357,15663,225233,10412,452694,33717,16274,17443
75565,468388,15664,225247,10412,452724,33717,16274,17443
75570,468419,15665,225260,10413,452754,33717,16274,17443
75575,468450,15666,225272,10414,452784,33717,16274,17443
75580,468481,15667,225285,10414,452814,33717,16274,17443
75585,468512,15668,225301,10415,452843,33718,16274,17444
75590,468543,15670,225316,10416,452873,33719,16275,17444
75595,468574,15673,225335,10418,452901,33721,16276,17445
75600,468605,15676,225352,10421,452929,33722,16276,17446
75605,468636,15678,225369,10422,452958,33722,16276,17446
75610,468667,15679,225381,10423,452988,33722,16276,17446
75615,468698,15681,225399,10424,453017,33722,16276,17446
75620,468729,15682,225414,10424,453047,33722,16276,17446
75625,468760,15684,225431,10426,453076,33722,16276,17446
75630,468791,15686,225447,10427,453105,33722,16276,17446
75635,468822,15687,225461,10427,453135,33722,16276,17446
75640,468853,15688,225477,10427,453165,33722,16276,17446
75645,468884,15689,225492,10427,453195,33722,16276,17446
75650,468915,15690,225505,10428,453225,33722,16276,17446
75655,468946,15691,225518,10429,453255,33723,16277,17446
75660,468977,15692,225533,10430,453285,33725,16278,17447
75665,469008,15693,225547,10431,453315,33727,16278,17449
75670,469039,15694,225560,10432,453345,33729,16279,17450
75675,469070,15695,225570,10432,453375,33730,16279,17451
75680,469101,15696,225592,10433,453405,33730,16279,17451
75685,469132,15697,225604,10434,453435,33730,16279,17451
75690,469163,15698,225621,10434,453465,33730,16279,17451
75695,469194,15699,225638,10435,453495,33730,16279,17451
75700,469225,15701,225656,10436,453524,33730,16279,17451
75705,469256,15704,225670,10439,453552,33732,16280,17452
75710,469287,15707,225684,10440,453579,33734,16280,17454
75715,469318,15710,225696,10441,453608,33736,16281,17455
75720,469349,15711,225711,10442,453638,33737,16282,17455
75725,469380,15712,225728,10443,453668,33738,16283,17455
75730,469411,15714,225749,10445,453697,33738,16283,17455
75735,469442,15716,225768,10446,453726,33738,16283,17455
75740,469473,15717,225778,10446,453756,33738,16283,17455
75745,469504,15719,225790,10448,453785,33738,16283,17455
75750,469535,15720,225805,10449,453815,33738,16283,17455
75755,469566,15721,225818,10449,453845,33738,16283,17455
75760,469597,15722,225831,10450,453875,33738,16283,17455
75765,469628,15723,225841,10451,453905,33738,16283,17455
75770,469659,15724,225858,10452,453935,33738,16283,17455
75775,469690,15725,225874,10453,453965,33739,16283,17456
75780,469721,15726,225889,10453,453995,33741,16284,17457
75785,469752,15727,225898,10453,454025,33743,16285,17458
75790,469783,15728,225915,10453,454055,33744,16286,17458
75795,469814,15729,225931,10453,454085,33744,16286,17458
75800,469845,15730,225943,10453,454115,33744,16286,17458
75805,469876,15731,225952,10454,454145,33744,16286,17458
75810,469907,15732,225973,10454,454175,33744,16286,17458
75815,469938,15733,225988,10454,454205,33744,16286,17458
75820,469969,15734,226000,10455,454235,33744,16286,17458
75825,470000,15735,226012,10455,454265,33745,16287,17458
75830,470031,15738,226033,10456,454292,33746,16288,17458
75835,470062,15742,226045,10460,454319,33747,16288,17459
75840,470093,15746,226063,10463,454346,33748,16288,17460
75845,470124,15749,226080,10466,454375,33749,16288,17461
75850,470155,15751,226099,10468,454404,33749,16288,17461
75855,470186,15753,226118,10470,454433,33749,16288,17461
75860,470217,15754,226130,10470,454463,33749,16288,17461
75865,470248,15756,226143,10471,454492,33749,16288,17461
75870,470279,15757,226157,10471,454522,33749,16288,17461
75875,470310,15759,226171,10472,454551,33749,16288,17461
75880,470341,15760,226186,10472,454581,33749,16288,17461
75885,470372,15762,226202,10473,454610,33749,16288,17461
75890,470403,15763,226215,10474,454640,33749,16288,17461
75895,470434,15764,226229,10475,454670,33749,16288,17461
75900,470465,15765,226243,10475,454700,33749,16288,17461
75905,470496,15767,226258,10475,454729,33750,16288,17462
75910,470527,15769,226270,10477,454758,33751,16288,17463
75915,470558,15771,226287,10478,454787,33752,16288,17464
75920,470589,15773,226304,10478,454816,33753,16288,17465
75925,470620,15775,226322,10479,454845,33754,16289,17465
75930,470651,15777,226335,10479,454874,33755,16290,17465
75935,470682,15779,226349,10479,454903,33756,16290,17466
75940,470713,15781,226362,10480,454932,33756,16290,17466
75945,470744,15783,226378,10482,454961,33757,16290,17467
75950,470775,15784,226394,10483,454991,33759,16292,17467
75955,470806,15785,226407,10484,455021,33761,16292,17469
75960,470837,15786,226420,10484,455051,33761,16292,17469
75965,470868,15787,226432,10484,455081,33762,16293,17469
75970,470899,15787,226448,10484,455112,33762,16293,17469
75975,470930,15787,226462,10484,455143,33762,16293,17469
75980,470961,15787,226468,10484,455174,33762,16293,17469
75985,470992,15787,226486,10484,455205,33762,16293,17469
75990,471023,15787,226503,10484,455236,33762,16293,17469
75995,471054,15787,226515,10484,455267,33762,16293,17469
76000,471085,15787,226529,10484,455298,33762,16293,17469
76005,471116,15787,226548,10484,455329,33762,16293,17469
76010,471147,15787,226564,10484,455360,33762,16293,17469
76015,471178,15787,226581,10484,455391,33762,16293,17469
76020,471209,15787,226595,10484,455422,33762,16293,17469
76025,471240,15787,226612,10484,455453,33763,16293,17470
76030,471271,15787,226629,10484,455484,33763,16293,17470
76035,471302,15787,226643,10484,455515,33763,16293,17470
76040,471333,15787,226659,10484,455546,33764,16293,17471
76045,471364,15787,226674,10484,455577,33765,16294,17471
76050,471395,15787,226691,10484,455608,33766,16294,17472
76055,471426,15788,226710,10485,455638,33767,16295,17472
76060,471457,15789,226728,10485,455668,33770,16298,17472
76065,471488,15791,226742,10487,455697,33773,16300,17473
76070,471519,15792,226754,10487,455726,33777,16301,17476
76075,471550,15796,226769,10490,455753,33779,16302,17477
76080,471581,15800,226787,10493,455781,33780,16302,17478
76085,471612,15802,226797,10493,455810,33780,16302,17478
76090,471643,15806,226814,10496,455837,33780,16302,17478
76095,471674,15809,226828,10497,455865,33780,16302,17478
76100,471705,15811,226846,10499,455894,33780,16302,17478
76105,471736,15813,226861,10500,455923,33780,16302,17478
76110,471767,15814,226870,10501,455953,33780,16302,17478
76115,471798,15815,226891,10501,455983,33780,16302,17478
76120,471829,15817,226915,10503,456012,33780,16302,17478
76125,471860,15818,226928,10503,456042,33780,16302,17478
76130,471891,15819,226942,10504,456072,33781,16303,17478
76135,471922,15821,226953,10506,456101,33782,16303,17479
76140,471953,15823,226966,10507,456130,33783,16303,17480
76145,471984,15824,226978,10507,456160,33785,16303,17482
76150,472015,15825,226992,10507,456190,33787,16303,17484
76155,472046,15827,227007,10508,456219,33789,16303,17486
76160,472077,15829,227023,10509,456248,33791,16303,17488
76165,472108,15829,227039,10509,456279,33793,16304,17489
76170,472139,15829,227055,10509,456310,33795,16304,17491
76175,472170,15829,227069,10509,456341,33798,16306,17492
76180,472201,15829,227082,10509,456372,33802,16306,17496
76185,472232,15829,227094,10509,456403,33805,16307,17498
76190,472263,15829,227104,10509,456434,33806,16307,17499
76195,472294,15829,227113,10509,456465,33807,16308,17499
76200,472325,15829,227127,10509,456496,33808,16308,17500
76205,472356,15831,227143,10511,456525,33809,16309,17500
76210,472387,15833,227161,10512,456554,33810,16309,17501
76215,472418,15834,227176,10513,456584,33811,16310,17501
76220,472449,15835,227191,10513,456613,33812,16311,17501
76225,472480,15838,227207,10516,456641,33813,16312,17501
76230,472511,15841,227224,10518,456669,33814,16312,17502
76235,472542,15842,227241,10519,456700,33815,16313,17502
76240,472573,15842,227255,10519,456731,33816,16314,17502
76245,472604,15842,227269,10519,456762,33817,16315,17502
76250,472635,15842,227286,10519,456793,33818,16315,17503
76255,472666,15842,227300,10519,456824,33818,16315,17503
76260,472697,15842,227318,10519,456855,33818,16315,17503
76265,472728,15842,227338,10519,456886,33818,16315,17503
76270,472759,15843,227351,10520,456916,33818,16315,17503
76275,472790,15844,227362,10520,456946,33818,16315,17503
76280,472821,15845,227384,10520,456976,33818,16315,17503
76285,472852,15847,227399,10521,457005,33819,16316,17503
76290,472883,15849,227414,10522,457034,33821,16317,17504
76295,472914,15850,227437,10523,457064,33823,16318,17505
76300,472945,15852,227452,10524,457093,33825,16319,17506
76305,472976,15853,227467,10525,457123,33827,16320,17507
76310,473007,15855,227486,10526,457152,33831,16322,17509
76315,473038,15856,227499,10527,457182,33834,16322,17512
76320,473069,15858,227510,10529,457211,33837,16322,17515
76325,473100,15860,227521,10531,457240,33838,16322,17516
76330,473131,15862,227534,10532,457269,33838,16322,17516
76335,473162,15864,227547,10533,457298,33838,16322,17516
76340,473193,15865,227562,10533,457328,33838,16322,17516
76345,473224,15866,227577,10534,457358,33838,16322,17516
76350,473255,15868,227588,10535,457387,33838,16322,17516
76355,473286,15870,227603,10537,457416,33839,16322,17517
76360,473317,15871,227619,10537,457446,33840,16322,17518
76365,473348,15872,227633,10537,457476,33841,16323,17518
76370,473379,15874,227647,10539,457505,33842,16324,17518
76375,473410,15876,227661,10541,457534,33843,16324,17519
76380,473441,15878,227677,10543,457563,33844,16324,17520
76385,473472,15880,227695,10545,457591,33844,16324,17520
76390,473503,15883,227711,10547,457620,33844,16324,17520
76395,473534,15885,227731,10549,457649,33844,16324,17520
76400,473565,15886,227747,10550,457679,33844,16324,17520
76405,473596,15888,227765,10551,457708,33844,16324,17520
76410,473627,15888,227783,10551,457739,33844,16324,17520
76415,473658,15888,227796,10551,457770,33845,16324,17521
76420,473689,15888,227811,10551,457801,33846,16325,17521
76425,473720,15888,227827,10551,457832,33849,16327,17522
76430,473751,15888,227843,10551,457863,33851,16328,17523
76435,473782,15888,227862,10551,457894,33854,16330,17524
76440,473813,15888,227878,10551,457925,33855,16331,17524
76445,473844,15889,227895,10552,457955,33856,16332,17524
76450,473875,15891,227912,10553,457984,33857,16333,17524
76455,473906,15893,227931,10555,458013,33858,16333,17525
76460,473937,15895,227947,10557,458042,33859,16333,17526
76465,473968,15896,227962,10558,458072,33860,16333,17527
76470,473999,15898,227978,10559,458101,33861,16334,17527
76475,474030,15899,227992,10560,458131,33862,16334,17528
76480,474061,15900,228007,10561,458161,33863,16334,17529
76485,474092,15901,228020,10562,458191,33863,16334,17529
76490,474123,15902,228027,10562,458221,33863,16334,17529
76495,474154,15904,228037,10564,458250,33863,16334,17529
76500,474185,15906,228049,10566,458279,33863,16334,17529
76505,474216,15907,228064,10566,458309,33865,16335,17530
76510,474247,15908,228081,10566,458338,33865,16335,17530
76515,474278,15911,228099,10567,458367,33865,16335,17530
76520,474309,15913,228112,10568,458395,33865,16335,17530
76525,474340,15916,228124,10570,458424,33865,16335,17530
76530,474371,15919,228141,10571,458451,33865,16335,17530
76535,474402,15924,228153,10574,458478,33865,16335,17530
76540,474433,15927,228167,10577,458506,33865,16335,17530
76545,474464,15929,228177,10579,458535,33865,16335,17530
76550,474495,15931,228197,10581,458564,33865,16335,17530
76555,474526,15933,228214,10583,458593,33865,16335,17530
76560,474557,15937,228227,10586,458620,33865,16335,17530
76565,474588,15938,228238,10586,458650,33866,16335,17531
76570,474619,15940,228252,10588,458679,33866,16335,17531
76575,474650,15941,228264,10588,458709,33866,16335,17531
76580,474681,15943,228278,10589,458738,33866,16335,17531
76585,474712,15944,228294,10589,458768,33866,16335,17531
76590,474743,15945,228308,10590,458798,33866,16335,17531
76595,474774,15946,228322,10590,458828,33866,16335,17531
76600,474805,15947,228332,10591,458858,33866,16335,17531
76605,474836,15948,228345,10592,458888,33866,16335,17531
76610,474867,15949,228358,10592,458918,33867,16335,17532
76615,474898,15950,228371,10592,458948,33869,16337,17532
76620,474929,15951,228383,10593,458978,33871,16338,17533
76625,474960,15951,228395,10593,459009,33874,16339,17535
76630,474991,15951,228404,10593,459040,33876,16340,17536
76635,475022,15951,228419,10593,459071,33878,16341,17537
76640,475053,15951,228432,10593,459102,33878,16341,17537
76645,475084,15951,228447,10593,459133,33878,16341,17537
76650,475115,15951,228458,10593,459164,33878,16341,17537
76655,475146,15951,228470,10593,459195,33878,16341,17537
76660,475177,15951,228483,10593,459226,33878,16341,17537
76665,475208,15951,228501,10593,459257,33878,16341,17537
76670,475239,15952,228515,10594,459287,33878,16341,17537
76675,475270,15953,228530,10594,459317,33879,16341,17538
76680,475301,15954,228542,10595,459347,33880,16341,17539
76685,475332,15955,228555,10595,459377,33881,16341,17540
76690,475363,15956,228565,10595,459407,33882,16342,17540
76695,475394,15957,228583,10596,459437,33882,16342,17540
76700,475425,15959,228601,10598,459466,33882,16342,17540
76705,475456,15960,228613,10598,459496,33882,16342,17540
76710,475487,15961,228628,10599,459526,33882,16342,17540
76715,475518,15962,228645,10600,459556,33882,16342,17540
76720,475549,15963,228657,10601,459586,33882,16342,17540
76725,475580,15965,228667,10602,459615,33882,16342,17540
76730,475611,15969,228677,10604,459642,33883,16342,17541
76735,475642,15973,228692,10606,459669,33884,16343,17541
76740,475673,15977,228709,10610,459696,33885,16343,17542
76745,475704,15981,228725,10612,459723,33886,16344,17542
76750,475735,15984,228739,10615,459751,33887,16345,17542
76755,475766,15987,228755,10618,459779,33888,16345,17543
76760,475797,15990,228775,10620,459807,33889,16346,17543
76765,475828,15991,228790,10621,459837,33890,16346,17544
76770,475859,15992,228804,10621,459867,33890,16346,17544
76775,475890,15994,228816,10622,459896,33890,16346,17544
76780,475921,15995,228833,10622,459926,33890,16346,17544
76785,475952,15996,228851,10623,459956,33890,16346,17544
76790,475983,15997,228864,10624,459985,33890,16346,17544
76795,476014,15999,228878,10626,460015,33890,16346,17544
76800,476045,16000,228892,10627,460045,33890,16346,17544
76805,476076,16001,228909,10627,460075,33892,16346,17546
76810,476107,16002,228927,10628,460105,33893,16346,17547
76815,476138,16003,228942,10628,460135,33893,16346,17547
76820,476169,16004,228957,10629,460165,33893,16346,17547
76825,476200,16005,228972,10630,460195,33893,16346,17547
76830,476231,16006,228989,10631,460225,33893,16346,17547
76835,476262,16007,229004,10632,460255,33893,16346,17547
76840,476293,16008,229022,10632,460285,33893,16346,17547
76845,476324,16009,229042,10632,460315,33893,16346,17547
76850,476355,16010,229056,10632,460345,33893,16346,17547
76855,476386,16011,229075,10632,460375,33894,16346,17548
76860,476417,16012,229091,10632,460405,33896,16348,17548
76865,476448,16015,229106,10634,460433,33897,16349,17548
76870,476479,16017,229127,10636,460462,33898,16350,17548
76875,476510,16020,229143,10639,460490,33899,16350,17549
76880,476541,16023,229156,10641,460518,33899,16350,17549
76885,476572,16025,229171,10642,460547,33899,16350,17549
76890,476603,16027,229187,10644,460576,33899,16350,17549
76895,476634,16030,229203,10646,460604,33899,16350,17549
76900,476665,16033,229214,10647,460632,33899,16350,17549
76905,476696,16035,229231,10649,460661,33899,16350,17549
76910,476727,16036,229241,10649,460691,33899,16350,17549
76915,476758,16037,229254,10649,460721,33900,16351,17549
76920,476789,16039,229266,10650,460750,33901,16351,17550
76925,476820,16042,229282,10653,460778,33903,16351,17552
76930,476851,16043,229297,10653,460808,33903,16351,17552
76935,476882,16044,229308,10653,460838,33904,16352,17552
76940,476913,16045,229325,10653,460868,33904,16352,17552
76945,476944,16046,229338,10654,460898,33904,16352,17552
76950,476975,16047,229351,10655,460928,33904,16352,17552
76955,477006,16048,229366,10656,460958,33904,16352,17552
76960,477037,16049,229380,10656,460988,33904,16352,17552
76965,477068,16050,229391,10657,461018,33904,16352,17552
76970,477099,16051,229408,10658,461048,33904,16352,17552
76975,477130,16052,229424,10659,461078,33905,16352,17553
76980,477161,16053,229440,10659,461108,33907,16353,17554
76985,477192,16054,229453,10659,461138,33908,16354,17554
76990,477223,16056,229471,10661,461167,33909,16355,17554
76995,477254,16057,229487,10662,461197,33909,16355,17554
77000,477285,16057,229504,10662,461228,33909,16355,17554
77005,477316,16057,229519,10662,461259,33909,16355,17554
77010,477347,16057,229537,10662,461290,33909,16355,17554
77015,477378,16057,229554,10662,461321,33909,16355,17554
77020,477409,16057,229567,10662,461352,33909,16355,17554
77025,477440,16057,229583,10662,461383,33909,16355,17554
77030,477471,16057,229597,10662,461414,33910,16356,17554
77035,477502,16058,229609,10663,461444,33912,16356,17556
77040,477533,16059,229627,10664,461474,33914,16358,17556
77045,477564,16061,229641,10665,461503,33917,16359,17558
77050,477595,16063,229653,10667,461532,33919,16359,17560
77055,477626,16065,229664,10668,461561,33921,16360,17561
77060,477657,16066,229680,10669,461590,33922,16360,17562
77065,477688,16069,229693,10672,461619,33922,16360,17562
77070,477719,16071,229710,10674,461648,33922,16360,17562
77075,477750,16073,229727,10676,461677,33922,16360,17562
77080,477781,16073,229741,10676,461708,33922,16360,17562
77085,477812,16073,229750,10676,461739,33922,16360,17562
77090,477843,16073,229769,10676,461770,33922,16360,17562
77095,477874,16073,229783,10676,461801,33922,16360,17562
77100,477905,16074,229795,10677,461831,33923,16360,17563
77105,477936,16075,229809,10678,461861,33924,16361,17563
77110,477967,16076,229827,10679,461891,33925,16362,17563
77115,477998,16078,229844,10681,461920,33925,16362,17563
77120,478029,16079,229859,10682,461950,33925,16362,17563
77125,478060,16080,229872,10682,461980,33925,16362,17563
77130,478091,16081,229888,10683,462010,33925,16362,17563
77135,478122,16083,229900,10684,462039,33925,16362,17563
77140,478153,16085,229917,10685,462068,33925,16362,17563
77145,478184,16086,229934,10686,462098,33926,16363,17563
77150,478215,16088,229951,10687,462127,33928,16364,17564
77155,478246,16089,229964,10687,462157,33930,16364,17566
77160,478277,16091,229979,10689,462186,33933,16365,17568
77165,478308,16092,229988,10689,462216,33936,16367,17569
77170,478339,16094,230005,10691,462245,33937,16367,17570
77175,478370,16095,230019,10692,462275,33938,16368,17570
77180,478401,16098,230039,10695,462302,33939,16368,17571
77185,478432,16102,230051,10698,462330,33940,16368,17572
77190,478463,16104,230067,10699,462359,33941,16368,17573
77195,478494,16106,230080,10700,462388,33941,16368,17573
77200,478525,16108,230094,10702,462417,33941,16368,17573
77205,478556,16110,230106,10702,462446,33941,16368,17573
77210,478587,16112,230119,10703,462474,33941,16368,17573
77215,478618,16115,230131,10706,462503,33942,16368,17574
77220,478649,16118,230143,10707,462531,33943,16369,17574
77225,478680,16120,230155,10707,462560,33945,16369,17576
77230,478711,16122,230173,10707,462589,33947,16369,17578
77235,478742,16124,230189,10707,462617,33949,16371,17578
77240,478773,16127,230204,10708,462645,33950,16372,17578
77245,478804,16130,230218,10709,462673,33951,16373,17578
77250,478835,16133,230235,10711,462702,33952,16374,17578
77255,478866,16135,230249,10712,462730,33953,16374,17579
77260,478897,16138,230262,10714,462758,33954,16375,17579
77265,478928,16141,230272,10716,462787,33955,16375,17580
77270,478959,16143,230285,10717,462816,33957,16375,17582
77275,478990,16145,230301,10717,462845,33958,16375,17583
77280,479021,16147,230314,10717,462874,33959,16375,17584
77285,479052,16149,230323,10718,462903,33961,16375,17586
77290,479083,16151,230341,10720,462932,33962,16375,17587
77295,479114,16153,230353,10721,462961,33963,16375,17588
77300,479145,16156,230361,10722,462989,33964,16375,17589
77305,479176,16159,230372,10723,463017,33965,16375,17590
77310,479207,16161,230385,10724,463046,33966,16375,17591
77315,479238,16163,230405,10726,463075,33966,16375,17591
77320,479269,16165,230423,10728,463104,33966,16375,17591
77325,479300,16169,230441,10731,463131,33966,16375,17591
77330,479331,16171,230457,10731,463160,33966,16375,17591
77335,479362,16171,230474,10731,463191,33966,16375,17591
77340,479393,16171,230485,10731,463222,33967,16376,17591
77345,479424,16171,230501,10731,463253,33968,16376,17592
77350,479455,16171,230518,10731,463284,33969,16377,17592
77355,479486,16171,230535,10731,463315,33969,16377,17592
77360,479517,16171,230549,10731,463346,33969,16377,17592
77365,479548,16171,230566,10731,463377,33969,16377,17592
77370,479579,16171,230583,10731,463408,33969,16377,17592
77375,479610,16171,230599,10731,463439,33970,16377,17593
77380,479641,16171,230617,10731,463470,33971,16378,17593
77385,479672,16171,230635,10731,463501,33973,16380,17593
77390,479703,16171,230646,10731,463532,33976,16381,17595
77395,479734,16171,230662,10731,463563,33979,16383,17596
77400,479765,16171,230672,10731,463594,33982,16383,17599
77405,479796,16171,230691,10731,463625,33984,16385,17599
77410,479827,16171,230707,10731,463656,33985,16386,17599
77415,479858,16171,230720,10731,463687,33986,16386,17600
77420,479889,16171,230737,10731,463718,33987,16387,17600
77425,479920,16171,230755,10731,463749,33988,16387,17601
77430,479951,16171,230770,10731,463780,33989,16388,17601
77435,479982,16173,230785,10732,463809,33989,16388,17601
77440,480013,16175,230801,10733,463838,33989,16388,17601
77445,480044,16177,230817,10734,463867,33989,16388,17601
77450,480075,16179,230831,10734,463896,33989,16388,17601
77455,480106,16182,230850,10735,463924,33990,16389,17601
77460,480137,16186,230864,10738,463951,33991,16389,17602
77465,480168,16188,230876,10739,463980,33992,16389,17603
77470,480199,16190,230886,10739,464009,33993,16389,17604
77475,480230,16194,230901,10742,464036,33994,16390,17604
77480,480261,16197,230919,10744,464064,33995,16391,17604
77485,480292,16200,230939,10746,464092,33996,16391,17605
77490,480323,16204,230952,10750,464119,33996,16391,17605
77495,480354,16207,230965,10751,464147,33996,16391,17605
77500,480385,16210,230980,10752,464175,33996,16391,17605
77505,480416,16214,230997,10755,464202,33996,16391,17605
77510,480447,16216,231016,10756,464231,33998,16393,17605
77515,480478,16219,231034,10758,464259,34000,16395,17605
77520,480509,16222,231047,10759,464287,34002,16397,17605
77525,480540,16223,231067,10760,464317,34003,16398,17605
77530,480571,16224,231082,10761,464347,34003,16398,17605
77535,480602,16225,231093,10761,464377,34003,16398,17605
77540,480633,16226,231111,10761,464407,34003,16398,17605
77545,480664,16227,231127,10761,464437,34003,16398,17605
77550,480695,16228,231140,10761,464467,34003,16398,17605
77555,480726,16229,231156,10762,464497,34003,16398,17605
77560,480757,16230,231173,10763,464527,34003,16398,17605
77565,480788,16231,231186,10763,464557,34003,16398,17605
77570,480819,16232,231198,10763,464587,34003,16398,17605
77575,480850,16233,231214,10764,464617,34003,16398,17605
77580,480881,16234,231234,10764,464647,34003,16398,17605
77585,480912,16235,231248,10764,464677,34003,16398,17605
77590,480943,16236,231265,10764,464707,34003,16398,17605
77595,480974,16237,231284,10765,464737,34003,16398,17605
77600,481005,16238,231297,10765,464767,34003,16398,17605
77605,481036,16239,231311,10765,464797,34003,16398,17605
77610,481067,16240,231324,10766,464827,34003,16398,17605
77615,481098,16241,231338,10767,464857,34003,16398,17605
77620,481129,16242,231355,10767,464887,34003,16398,17605
77625,481160,16243,231367,10768,464917,34004,16398,17606
77630,481191,16246,231380,10769,464945,34006,16399,17607
77635,481222,16249,231397,10771,464972,34009,16401,17608
77640,481253,16252,231408,10773,465001,34010,16402,17608
77645,481284,16254,231426,10774,465030,34011,16403,17608
77650,481315,16256,231439,10776,465059,34012,16403,17609
77655,481346,16257,231453,10777,465089,34012,16403,17609
77660,481377,16259,231467,10779,465118,34012,16403,17609
77665,481408,16261,231483,10781,465147,34012,16403,17609
77670,481439,16262,231499,10782,465177,34012,16403,17609
77675,481470,16263,231510,10782,465207,34012,16403,17609
77680,481501,16264,231523,10782,465237,34012,16403,17609
77685,481532,16266,231541,10783,465266,34012,16403,17609
77690,481563,16268,231562,10784,465295,34012,16403,17609
77695,481594,16270,231575,10785,465324,34012,16403,17609
77700,481625,16271,231589,10785,465354,34012,16403,17609
77705,481656,16271,231601,10785,465385,34014,16403,17611
77710,481687,16271,231616,10785,465416,34015,16404,17611
77715,481718,16271,231629,10785,465447,34016,16405,17611
77720,481749,16271,231642,10785,465478,34016,16405,17611
77725,481780,16271,231659,10785,465509,34016,16405,17611
77730,481811,16271,231674,10785,465540,34016,16405,17611
77735,481842,16271,231687,10785,465571,34016,16405,17611
77740,481873,16271,231701,10785,465602,34017,16406,17611
77745,481904,16271,231716,10785,465633,34018,16407,17611
77750,481935,16272,231734,10786,465663,34019,16407,17612
77755,481966,16273,231745,10787,465693,34020,16407,17613
77760,481997,16274,231761,10787,465723,34021,16407,17614
77765,482028,16275,231772,10788,465753,34022,16408,17614
77770,482059,16276,231787,10789,465783,34023,16408,17615
77775,482090,16277,231801,10790,465813,34024,16409,17615
77780,482121,16278,231816,10790,465843,34024,16409,17615
77785,482152,16279,231832,10791,465873,34024,16409,17615
77790,482183,16280,231846,10791,465903,34024,16409,17615
77795,482214,16281,231861,10791,465933,34024,16409,17615
77800,482245,16282,231877,10792,465963,34024,16409,17615
77805,482276,16284,231890,10794,465992,34024,16409,17615
77810,482307,16286,231904,10796,466021,34025,16410,17615
77815,482338,16288,231920,10797,466050,34026,16411,17615
77820,482369,16290,231932,10798,466079,34028,16412,17616
77825,482400,16292,231950,10799,466108,34031,16413,17618
77830,482431,16294,231964,10801,466137,34031,16413,17618
77835,482462,16296,231984,10802,466166,34031,16413,17618
77840,482493,16298,231993,10803,466195,34031,16413,17618
77845,482524,16300,232006,10805,466224,34031,16413,17618
77850,482555,16302,232023,10807,466253,34031,16413,17618
77855,482586,16304,232039,10808,466282,34031,16413,17618
77860,482617,16306,232051,10809,466311,34031,16413,17618
77865,482648,16308,232065,10809,466340,34031,16413,17618
77870,482679,16311,232083,10810,466368,34031,16413,17618
77875,482710,16313,232098,10811,466397,34031,16413,17618
77880,482741,16316,232113,10813,466425,34031,16413,17618
77885,482772,16318,232129,10814,466453,34032,16414,17618
77890,482803,16321,232141,10816,466481,34033,16414,17619
77895,482834,16325,232156,10819,466509,34034,16415,17619
77900,482865,16328,232169,10822,466536,34035,16415,17620
77905,482896,16332,232184,10825,466564,34036,16415,17621
77910,482927,16335,232196,10826,466592,34037,16415,17622
77915,482958,16338,232211,10827,466620,34038,16415,17623
77920,482989,16341,232228,10830,466648,34038,16415,17623
77925,483020,16344,232247,10833,466676,34038,16415,17623
77930,483051,16348,232263,10835,466703,34039,16416,17623
77935,483082,16351,232278,10837,466731,34040,16417,17623
77940,483113,16354,232297,10840,466759,34041,16418,17623
77945,483144,16357,232315,10842,466787,34041,16418,17623
77950,483175,16360,232329,10844,466815,34041,16418,17623
77955,483206,16361,232342,10845,466845,34041,16418,17623
77960,483237,16362,232357,10846,466875,34041,16418,17623
77965,483268,16363,232373,10847,466905,34041,16418,17623
77970,483299,16364,232389,10847,466935,34041,16418,17623
77975,483330,16365,232404,10847,466965,34041,16418,17623
77980,483361,16366,232422,10847,466995,34041,16418,17623
77985,483392,16367,232435,10848,467025,34041,16418,17623
77990,483423,16368,232450,10848,467055,34041,16418,17623
77995,483454,16369,232468,10849,467085,34041,16418,17623
78000,483485,16370,232485,10850,467115,34041,16418,17623
78005,483516,16371,232499,10850,467145,34042,16418,17624
78010,483547,16372,232516,10851,467175,34043,16419,17624
78015,483578,16373,232532,10851,467205,34044,16419,17625
78020,483609,16374,232550,10851,467235,34046,16421,17625
78025,483640,16375,232565,10852,467265,34048,16422,17626
78030,483671,16376,232575,10852,467295,34049,16422,17627
78035,483702,16377,232590,10852,467325,34050,16423,17627
78040,483733,16378,232606,10853,467355,34051,16423,17628
78045,483764,16379,232620,10853,467385,34053,16425,17628
78050,483795,16380,232636,10854,467415,34055,16426,17629
78055,483826,16382,232652,10855,467444,34057,16426,17631
78060,483857,16383,232668,10855,467474,34057,16426,17631
78065,483888,16384,232679,10856,467504,34057,16426,17631
78070,483919,16385,232694,10857,467534,34057,16426,17631
78075,483950,16385,232711,10857,467565,34057,16426,17631
78080,483981,16385,232727,10857,467596,34057,16426,17631
78085,484012,16385,232746,10857,467627,34057,16426,17631
78090,484043,16385,232763,10857,467658,34057,16426,17631
78095,484074,16385,232777,10857,467689,34057,16426,17631
78100,484105,16385,232795,10857,467720,34057,16426,17631
78105,484136,16385,232810,10857,467751,34057,16426,17631
78110,484167,16385,232827,10857,467782,34057,16426,17631
78115,484198,16385,232843,10857,467813,34057,16426,17631
78120,484229,16385,232858,10857,467844,34057,16426,17631
78125,484260,16385,232874,10857,467875,34057,16426,17631
78130,484291,16385,232887,10857,467906,34057,16426,17631
78135,484322,16385,232904,10857,467937,34057,16426,17631
78140,484353,16385,232915,10857,467968,34057,16426,17631
78145,484384,16385,232927,10857,467999,34057,16426,17631
78150,484415,16385,232941,10857,468030,34057,16426,17631
78155,484446,16385,232958,10857,468060,34057,16426,17631
78160,484477,16388,232970,10859,468089,34059,16428,17631
78165,484508,16390,232982,10860,468118,34061,16429,17632
78170,484539,16392,232994,10862,468146,34064,16429,17635
78175,484570,16397,233008,10866,468173,34066,16429,17637
78180,484601,16401,233026,10870,468199,34068,16429,17639
78185,484632,16404,233041,10872,468228,34070,16429,17641
78190,484663,16406,233048,10873,468257,34071,16430,17641
78195,484694,16409,233060,10875,468285,34071,16430,17641
78200,484725,16412,233074,10877,468313,34071,16430,17641
78205,484756,16415,233095,10879,468341,34071,16430,17641
78210,484787,16417,233109,10881,468370,34071,16430,17641
78215,484818,16419,233125,10882,468399,34071,16430,17641
78220,484849,16422,233140,10884,468427,34071,16430,17641
78225,484880,16425,233158,10886,468455,34071,16430,17641
78230,484911,16428,233174,10887,468483,34071,16430,17641
78235,484942,16430,233191,10887,468512,34071,16430,17641
78240,484973,16433,233203,10889,468540,34071,16430,17641
78245,485004,16435,233217,10891,468569,34071,16430,17641
78250,485035,16437,233233,10891,468598,34071,16430,17641
78255,485066,16439,233243,10892,468627,34071,16430,17641
78260,485097,16441,233257,10892,468656,34071,16430,17641
78265,485128,16443,233277,10894,468685,34071,16430,17641
78270,485159,16446,233292,10895,468713,34071,16430,17641
78275,485190,16449,233306,10897,468741,34072,16430,17642
78280,485221,16451,233321,10897,468770,34073,16431,17642
78285,485252,16454,233331,10898,468798,34074,16432,17642
78290,485283,16456,233346,10899,468826,34077,16435,17642
78295,485314,16459,233365,10900,468855,34080,16438,17642
78300,485345,16461,233380,10901,468884,34083,16440,17643
78305,485376,16462,233391,10902,468914,34083,16440,17643
78310,485407,16463,233408,10903,468944,34083,16440,17643
78315,485438,16464,233423,10903,468974,34083,16440,17643
78320,485469,16465,233438,10904,469004,34083,16440,17643
78325,485500,16466,233450,10905,469034,34083,16440,17643
78330,485531,16467,233469,10906,469064,34083,16440,17643
78335,485562,16468,233482,10906,469094,34083,16440,17643
78340,485593,16469,233501,10907,469124,34083,16440,17643
78345,485624,16470,233517,10908,469154,34083,16440,17643
78350,485655,16471,233535,10909,469184,34083,16440,17643
78355,485686,16472,233553,10910,469214,34083,16440,17643
78360,485717,16473,233569,10910,469244,34083,16440,17643
78365,485748,16474,233589,10910,469274,34083,16440,17643
78370,485779,16475,233606,10911,469304,34083,16440,17643
78375,485810,16476,233623,10912,469334,34083,16440,17643
78380,485841,16477,233639,10913,469364,34083,16440,17643
78385,485872,16478,233652,10914,469394,34083,16440,17643
78390,485903,16479,233669,10915,469424,34083,16440,17643
78395,485934,16480,233684,10915,469454,34083,16440,17643
78400,485965,16481,233699,10916,469484,34083,16440,17643
78405,485996,16483,233714,10917,469513,34085,16441,17644
78410,486027,16485,233730,10918,469541,34089,16442,17647
78415,486058,16489,233745,10921,469568,34093,16443,17650
78420,486089,16493,233759,10923,469596,34094,16443,17651
78425,486120,16497,233775,10926,469623,34094,16443,17651
78430,486151,16499,233788,10927,469652,34094,16443,17651
78435,486182,16501,233803,10928,469681,34094,16443,17651
78440,486213,16503,233822,10929,469710,34094,16443,17651
78445,486244,16505,233841,10931,469739,34094,16443,17651
78450,486275,16505,233857,10931,469770,34094,16443,17651
78455,486306,16505,233875,10931,469801,34094,16443,17651
78460,486337,16505,233892,10931,469832,34094,16443,17651
78465,486368,16505,233908,10931,469863,34094,16443,17651
78470,486399,16505,233923,10931,469894,34094,16443,17651
78475,486430,16505,233934,10931,469925,34094,16443,17651
78480,486461,16505,233949,10931,469956,34094,16443,17651
78485,486492,16505,233969,10931,469987,34094,16443,17651
78490,486523,16505,233981,10931,470018,34094,16443,17651
78495,486554,16505,233994,10931,470049,34094,16443,17651
78500,486585,16505,234012,10931,470080,34094,16443,17651
78505,486616,16505,234030,10931,470111,34094,16443,17651
78510,486647,16505,234045,10931,470142,34094,16443,17651
78515,486678,16505,234060,10931,470173,34094,16443,17651
78520,486709,16505,234073,10931,470204,34096,16444,17652
78525,486740,16505,234092,10931,470235,34099,16446,17653
78530,486771,16505,234107,10931,470266,34103,16448,17655
78535,486802,16505,234122,10931,470296,34106,16449,17657
78540,486833,16507,234142,10932,470326,34107,16450,17657
78545,486864,16509,234155,10933,470355,34108,16450,17658
78550,486895,16510,234170,10934,470385,34108,16450,17658
78555,486926,16512,234183,10934,470414,34108,16450,17658
78560,486957,16515,234197,10936,470442,34108,16450,17658
78565,486988,16518,234215,10939,470470,34108,16450,17658
78570,487019,16520,234226,10939,470499,34108,16450,17658
78575,487050,16523,234240,10941,470527,34108,16450,17658
78580,487081,16525,234254,10942,470556,34108,16450,17658
78585,487112,16527,234269,10942,470585,34108,16450,17658
78590,487143,16529,234280,10943,470614,34108,16450,17658
78595,487174,16531,234292,10943,470643,34108,16450,17658
78600,487205,16533,234305,10945,470672,34108,16450,17658
78605,487236,16536,234324,10947,470700,34108,16450,17658
78610,487267,16539,234337,10949,470728,34108,16450,17658
78615,487298,16541,234353,10950,470757,34108,16450,17658
78620,487329,16543,234364,10951,470786,34108,16450,17658
78625,487360,16545,234381,10953,470815,34108,16450,17658
78630,487391,16546,234400,10953,470845,34108,16450,17658
78635,487422,16547,234414,10953,470875,34109,16450,17659
78640,487453,16548,234429,10953,470904,34112,16452,17660
78645,487484,16552,234440,10956,470932,34115,16454,17661
78650,487515,16555,234453,10959,470960,34119,16454,17665
78655,487546,16558,234473,10961,470988,34122,16456,17666
78660,487577,16561,234491,10964,471016,34125,16459,17666
78665,487608,16562,234510,10965,471046,34129,16461,17668
78670,487639,16564,234531,10967,471075,34133,16464,17669
78675,487670,16566,234550,10968,471104,34135,16466,17669
78680,487701,16568,234561,10969,471133,34136,16466,17670
78685,487732,16570,234575,10971,471162,34136,16466,17670
78690,487763,16572,234593,10973,471191,34136,16466,17670
78695,487794,16573,234604,10973,471221,34136,16466,17670
78700,487825,16574,234622,10974,471251,34136,16466,17670
78705,487856,16575,234634,10974,471281,34136,16466,17670
78710,487887,16577,234648,10975,471310,34136,16466,17670
78715,487918,16578,234658,10976,471340,34136,16466,17670
78720,487949,16579,234679,10977,471370,34136,16466,17670
78725,487980,16579,234690,10977,471401,34136,16466,17670
78730,488011,16579,234704,10977,471432,34136,16466,17670
78735,488042,16579,234719,10977,471463,34136,16466,17670
78740,488073,16579,234735,10977,471494,34136,16466,17670
78745,488104,16579,234755,10977,471525,34136,16466,17670
78750,488135,16579,234772,10977,471556,34136,16466,17670
78755,488166,16579,234782,10977,471587,34136,16466,17670
78760,488197,16579,234802,10977,471618,34136,16466,17670
78765,488228,16579,234818,10977,471649,34137,16466,17671
78770,488259,16581,234833,10978,471678,34138,16467,17671
78775,488290,16582,234849,10978,471708,34141,16470,17671
78780,488321,16583,234864,10978,471738,34144,16471,17673
78785,488352,16584,234881,10978,471768,34148,16473,17675
78790,488383,16585,234895,10979,471797,34152,16476,17676
78795,488414,16587,234905,10980,471827,34156,16476,17680
78800,488445,16588,234924,10981,471857,34160,16479,17681
78805,488476,16588,234941,10981,471888,34162,16479,17683
78810,488507,16588,234956,10981,471919,34163,16479,17684
78815,488538,16588,234969,10981,471950,34163,16479,17684
78820,488569,16588,234984,10981,471981,34163,16479,17684
78825,488600,16588,235002,10981,472012,34163,16479,17684
78830,488631,16589,235013,10981,472042,34163,16479,17684
78835,488662,16590,235027,10982,472072,34163,16479,17684
78840,488693,16591,235041,10983,472102,34163,16479,17684
78845,488724,16592,235056,10984,472132,34163,16479,17684
78850,488755,16593,235067,10984,472162,34163,16479,17684
78855,488786,16594,235082,10984,472192,34163,16479,17684
78860,488817,16595,235096,10985,472222,34163,16479,17684
78865,488848,16596,235113,10985,472252,34163,16479,17684
78870,488879,16597,235127,10985,472282,34163,16479,17684
78875,488910,16598,235144,10985,472312,34163,16479,17684
78880,488941,16599,235155,10985,472342,34163,16479,17684
78885,488972,16601,235167,10986,472371,34163,16479,17684
78890,489003,16604,235185,10988,472399,34164,16479,17685
78895,489034,16607,235202,10990,472427,34165,16480,17685
78900,489065,16611,235221,10994,472454,34166,16480,17686
78905,489096,16613,235238,10994,472483,34167,16480,17687
78910,489127,16615,235253,10996,472511,34167,16480,17687
78915,489158,16619,235265,10999,472538,34169,16480,17689
78920,489189,16623,235282,11002,472565,34171,16481,17690
78925,489220,16627,235294,11005,472593,34173,16481,17692
78930,489251,16630,235306,11007,472621,34175,16482,17693
78935,489282,16632,235321,11007,472650,34177,16484,17693
78940,489313,16634,235331,11007,472678,34179,16485,17694
78945,489344,16638,235345,11009,472706,34181,16485,17696
78950,489375,16642,235361,11013,472733,34182,16485,17697
78955,489406,16645,235373,11015,472761,34182,16485,17697
78960,489437,16649,235388,11017,472788,34182,16485,17697
78965,489468,16652,235406,11019,472816,34182,16485,17697
78970,489499,16655,235422,11020,472844,34182,16485,17697
78975,489530,16658,235436,11021,472872,34182,16485,17697
78980,489561,16661,235454,11023,472900,34182,16485,17697
78985,489592,16663,235465,11024,472929,34182,16485,17697
78990,489623,16665,235479,11025,472958,34182,16485,17697
78995,489654,16667,235493,11026,472987,34182,16485,17697
79000,489685,16669,235508,11027,473016,34182,16485,17697
79005,489716,16671,235518,11028,473045,34183,16485,17698
79010,489747,16671,235531,11028,473076,34185,16486,17699
79015,489778,16671,235548,11028,473107,34187,16488,17699
79020,489809,16671,235564,11028,473138,34187,16488,17699
79025,489840,16671,235575,11028,473169,34187,16488,17699
79030,489871,16671,235594,11028,473200,34187,16488,17699
79035,489902,16671,235607,11028,473231,34187,16488,17699
79040,489933,16671,235622,11028,473262,34187,16488,17699
79045,489964,16671,235638,11028,473292,34187,16488,17699
79050,489995,16673,235651,11029,473321,34188,16489,17699
79055,490026,16675,235662,11030,473351,34190,16490,17700
79060,490057,16676,235679,11031,473381,34192,16491,17701
79065,490088,16677,235695,11032,473411,34194,16492,17702
79070,490119,16678,235711,11032,473440,34196,16493,17703
79075,490150,16680,235723,11034,473469,34197,16493,17704
79080,490181,16682,235741,11036,473498,34198,16493,17705
79085,490212,16684,235754,11037,473528,34199,16493,17706
79090,490243,16684,235767,11037,473559,34199,16493,17706
79095,490274,16684,235779,11037,473590,34199,16493,17706
79100,490305,16684,235798,11037,473621,34199,16493,17706
79105,490336,16684,235810,11037,473652,34199,16493,17706
79110,490367,16684,235823,11037,473683,34199,16493,17706
79115,490398,16685,235840,11037,473713,34199,16493,17706
79120,490429,16687,235850,11038,473742,34201,16493,17708
79125,490460,16689,235866,11039,473771,34204,16493,17711
79130,490491,16692,235889,11041,473799,34206,16494,17712
79135,490522,16695,235901,11042,473827,34207,16495,17712
79140,490553,16698,235916,11045,473855,34208,16495,17713
79145,490584,16699,235928,11046,473885,34208,16495,17713
79150,490615,16700,235950,11047,473915,34208,16495,17713
79155,490646,16701,235964,11048,473945,34208,16495,17713
79160,490677,16702,235977,11048,473975,34208,16495,17713
79165,490708,16703,235994,11049,474005,34208,16495,17713
79170,490739,16704,236010,11049,474035,34208,16495,17713
79175,490770,16705,236023,11049,474065,34208,16495,17713
79180,490801,16706,236036,11049,474095,34208,16495,17713
79185,490832,16707,236053,11049,474125,34208,16495,17713
79190,490863,16708,236074,11050,474155,34208,16495,17713
79195,490894,16709,236090,11050,474185,34208,16495,17713
79200,490925,16710,236106,11051,474215,34208,16495,17713
79205,490956,16711,236123,11052,474245,34208,16495,17713
79210,490987,16712,236137,11052,474275,34208,16495,17713
79215,491018,16713,236149,11052,474305,34208,16495,17713
79220,491049,16714,236164,11053,474335,34208,16495,17713
79225,491080,16715,236181,11054,474365,34208,16495,17713
79230,491111,16716,236195,11054,474395,34208,16495,17713
79235,491142,16717,236208,11055,474425,34208,16495,17713
79240,491173,16718,236229,11055,474455,34208,16495,17713
79245,491204,16719,236240,11056,474485,34211,16496,17715
79250,491235,16722,236258,11057,474512,34214,16499,17715
79255,491266,16726,236278,11061,474540,34217,16500,17717
79260,491297,16730,236292,11065,474566,34220,16501,17719
79265,491328,16733,236306,11067,474595,34221,16502,17719
79270,491359,16736,236318,11069,474623,34222,16503,17719
79275,491390,16739,236338,11071,474651,34222,16503,17719
79280,491421,16742,236356,11073,474679,34222,16503,17719
79285,491452,16743,236375,11074,474709,34222,16503,17719
79290,491483,16744,236391,11075,474739,34222,16503,17719
79295,491514,16745,236405,11076,474769,34222,16503,17719
79300,491545,16746,236422,11076,474799,34222,16503,17719
79305,491576,16747,236437,11077,474829,34222,16503,17719
79310,491607,16748,236451,11078,474859,34222,16503,17719
79315,491638,16749,236466,11079,474889,34222,16503,17719
79320,491669,16750,236479,11079,474919,34222,16503,17719
79325,491700,16751,236494,11079,474949,34222,16503,17719
79330,491731,16752,236510,11079,474979,34222,16503,17719
79335,491762,16753,236529,11080,475009,34222,16503,17719
79340,491793,16754,236548,11081,475039,34222,16503,17719
79345,491824,16755,236555,11082,475069,34222,16503,17719
79350,491855,16756,236571,11083,475099,34222,16503,17719
79355,491886,16757,236583,11083,475129,34222,16503,17719
79360,491917,16758,236604,11084,475159,34223,16504,17719
79365,491948,16760,236620,11086,475188,34224,16504,17720
79370,491979,16762,236635,11087,475217,34227,16505,17722
79375,492010,16764,236653,11088,475246,34231,16508,17723
79380,492041,16765,236677,11089,475276,34234,16511,17723
79385,492072,16766,236694,11089,475306,34235,16512,17723
79390,492103,16769,236711,11092,475334,34235,16512,17723
79395,492134,16772,236725,11094,475362,34235,16512,17723
79400,492165,16775,236742,11096,475390,34235,16512,17723
79405,492196,16778,236755,11098,475418,34235,16512,17723
79410,492227,16781,236769,11101,475446,34235,16512,17723
79415,492258,16784,236786,11103,475474,34235,16512,17723
79420,492289,16787,236802,11105,475502,34235,16512,17723
79425,492320,16790,236817,11106,475530,34235,16512,17723
79430,492351,16792,236830,11106,475559,34235,16512,17723
79435,492382,16795,236845,11109,475587,34235,16512,17723
79440,492413,16797,236863,11109,475616,34235,16512,17723
79445,492444,16798,236880,11109,475646,34235,16512,17723
79450,492475,16799,236891,11109,475676,34235,16512,17723
79455,492506,16800,236904,11109,475706,34235,16512,17723
79460,492537,16801,236918,11110,475736,34235,16512,17723
79465,492568,16802,236933,11110,475766,34235,16512,17723
79470,492599,16803,236945,11111,475796,34235,16512,17723
79475,492630,16804,236959,11111,475826,34235,16512,17723
79480,492661,16805,236974,11111,475856,34235,16512,17723
79485,492692,16807,236990,11112,475885,34236,16512,17724
79490,492723,16810,237002,11114,475913,34240,16514,17726
79495,492754,16813,237020,11116,475940,34244,16517,17727
79500,492785,16816,237033,11118,475969,34247,16520,17727
79505,492816,16818,237048,11119,475998,34248,16521,17727
79510,492847,16821,237064,11121,476026,34249,16522,17727
79515,492878,16824,237077,11123,476054,34250,16522,17728
79520,492909,16827,237087,11125,476082,34251,16522,17729
79525,492940,16828,237101,11125,476112,34252,16523,17729
79530,492971,16829,237119,11126,476142,34252,16523,17729
79535,493002,16830,237136,11127,476172,34252,16523,17729
79540,493033,16831,237156,11128,476202,34252,16523,17729
79545,493064,16832,237162,11129,476232,34252,16523,17729
79550,493095,16833,237179,11130,476262,34252,16523,17729
79555,493126,16834,237192,11130,476292,34252,16523,17729
79560,493157,16835,237208,11130,476322,34252,16523,17729
79565,493188,16836,237218,11131,476352,34252,16523,17729
79570,493219,16837,237234,11132,476382,34252,16523,17729
79575,493250,16838,237251,11132,476412,34252,16523,17729
79580,493281,16839,237267,11133,476442,34252,16523,17729
79585,493312,16840,237285,11133,476472,34252,16523,17729
79590,493343,16841,237301,11134,476502,34252,16523,17729
79595,493374,16842,237314,11134,476532,34252,16523,17729
79600,493405,16843,237328,11135,476562,34253,16523,17730
79605,493436,16844,237344,11136,476592,34254,16523,17731
79610,493467,16845,237360,11137,476622,34257,16526,17731
79615,493498,16845,237373,11137,476653,34260,16527,17733
79620,493529,16845,237390,11137,476684,34262,16527,17735
79625,493560,16845,237402,11137,476715,34262,16527,17735
79630,493591,16846,237416,11137,476745,34262,16527,17735
79635,493622,16847,237423,11138,476775,34263,16527,17736
79640,493653,16848,237434,11139,476805,34264,16528,17736
79645,493684,16850,237450,11140,476834,34265,16529,17736
79650,493715,16851,237463,11140,476864,34266,16530,17736
79655,493746,16852,237480,11141,476893,34267,16531,17736
79660,493777,16855,237492,11143,476922,34268,16532,17736
79665,493808,16856,237508,11143,476951,34269,16532,17737
79670,493839,16859,237526,11145,476979,34270,16532,17738
79675,493870,16861,237544,11147,477008,34271,16533,17738
79680,493901,16863,237554,11148,477038,34272,16533,17739
79685,493932,16864,237570,11149,477068,34272,16533,17739
79690,493963,16865,237585,11150,477098,34272,16533,17739
79695,493994,16867,237597,11152,477127,34272,16533,17739
79700,494025,16868,237612,11152,477157,34272,16533,17739
79705,494056,16870,237629,11154,477186,34272,16533,17739
79710,494087,16871,237646,11155,477216,34272,16533,17739
79715,494118,16872,237660,11156,477246,34272,16533,17739
79720,494149,16875,237678,11157,477274,34273,16534,17739
79725,494180,16877,237692,11158,477303,34276,16537,17739
79730,494211,16880,237703,11160,477331,34279,16539,17740
79735,494242,16884,237717,11163,477358,34280,16539,17741
79740,494273,16888,237736,11167,477385,34281,16540,17741
79745,494304,16889,237750,11168,477415,34281,16540,17741
79750,494335,16890,237760,11168,477445,34281,16540,17741
79755,494366,16891,237776,11169,477475,34281,16540,17741
79760,494397,16892,237790,11169,477505,34281,16540,17741
79765,494428,16893,237805,11170,477535,34281,16540,17741
79770,494459,16894,237819,11170,477565,34281,16540,17741
79775,494490,16895,237837,11171,477595,34281,16540,17741
79780,494521,16896,237849,11172,477625,34281,16540,17741
79785,494552,16897,237864,11172,477655,34281,16540,17741
79790,494583,16898,237878,11172,477685,34282,16541,17741
79795,494614,16899,237890,11172,477715,34283,16541,17742
79800,494645,16900,237909,11173,477745,34284,16542,17742
79805,494676,16901,237930,11173,477775,34285,16543,17742
79810,494707,16902,237942,11173,477805,34286,16544,17742
79815,494738,16903,237955,11173,477835,34287,16545,17742
79820,494769,16904,237970,11173,477865,34287,16545,17742
79825,494800,16905,237985,11173,477895,34287,16545,17742
79830,494831,16906,238000,11173,477925,34287,16545,17742
79835,494862,16907,238014,11174,477955,34287,16545,17742
79840,494893,16908,238031,11174,477984,34287,16545,17742
79845,494924,16911,238047,11177,478013,34288,16545,17743
79850,494955,16914,238063,11179,478041,34291,16546,17745
79855,494986,16918,238076,11183,478068,34294,16546,17748
79860,495017,16922,238090,11187,478095,34296,16548,17748
79865,495048,16924,238103,11188,478124,34296,16548,17748
79870,495079,16927,238116,11189,478152,34296,16548,17748
79875,495110,16929,238130,11190,478181,34296,16548,17748
79880,495141,16932,238145,11192,478209,34296,16548,17748
79885,495172,16934,238161,11193,478238,34296,16548,17748
79890,495203,16936,238175,11195,478267,34296,16548,17748
79895,495234,16938,238188,11195,478296,34296,16548,17748
79900,495265,16940,238206,11196,478325,34296,16548,17748
79905,495296,16942,238221,11196,478354,34296,16548,17748
79910,495327,16945,238237,11197,478382,34296,16548,17748
79915,495358,16947,238251,11198,478411,34296,16548,17748
79920,495389,16950,238269,11200,478439,34297,16549,17748
79925,495420,16952,238287,11201,478468,34298,16550,17748
79930,495451,16955,238303,11203,478496,34299,16550,17749
79935,495482,16957,238322,11204,478525,34300,16550,17750
79940,495513,16960,238336,11206,478553,34301,16551,17750
79945,495544,16962,238351,11207,478582,34302,16551,17751
79950,495575,16963,238366,11207,478612,34302,16551,17751
79955,495606,16964,238378,11208,478642,34302,16551,17751
79960,495637,16965,238392,11208,478672,34302,16551,17751
79965,495668,16966,238406,11208,478702,34302,16551,17751
79970,495699,16967,238418,11209,478732,34304,16551,17753
79975,495730,16969,238436,11210,478761,34307,16553,17754
79980,495761,16971,238451,11212,478790,34310,16556,17754
79985,495792,16971,238466,11212,478821,34310,16556,17754
79990,495823,16971,238476,11212,478852,34310,16556,17754
79995,495854,16971,238493,11212,478883,34310,16556,17754
80000,495885,16971,238510,11212,478914,34310,16556,17754
80005,495916,16971,238524,11212,478945,34310,16556,17754
80010,495947,16971,238539,11212,478976,34310,16556,17754
80015,495978,16971,238553,11212,479007,34310,16556,17754
80020,496009,16971,238568,11212,479038,34310,16556,17754
80025,496040,16971,238585,11212,479069,34310,16556,17754
80030,496071,16971,238603,11212,479100,34310,16556,17754
80035,496102,16971,238618,11212,479131,34310,16556,17754
80040,496133,16971,238633,11212,479162,34310,16556,17754
80045,496164,16971,238647,11212,479193,34310,16556,17754
80050,496195,16971,238663,11212,479224,34310,16556,17754
80055,496226,16973,238680,11214,479253,34311,16556,17755
80060,496257,16974,238692,11215,479283,34312,16556,17756
80065,496288,16975,238704,11215,479313,34313,16556,17757
80070,496319,16976,238716,11215,479343,34314,16556,17758
80075,496350,16977,238730,11215,479373,34315,16556,17759
80080,496381,16978,238739,11215,479403,34316,16556,17760
80085,496412,16979,238750,11215,479433,34320,16557,17763
80090,496443,16981,238766,11217,479462,34324,16559,17765
80095,496474,16984,238781,11219,479490,34328,16560,17768
80100,496505,16987,238790,11221,479518,34331,16562,17769
80105,496536,16990,238811,11224,479545,34331,16562,17769
80110,496567,16993,238826,11226,479574,34331,16562,17769
80115,496598,16995,238840,11228,479603,34331,16562,17769
80120,496629,16997,238857,11229,479632,34331,16562,17769
80125,496660,16998,238873,11230,479662,34331,16562,17769
80130,496691,16999,238890,11230,479692,34331,16562,17769
80135,496722,17000,238906,11231,479722,34331,16562,17769
80140,496753,17001,238920,11231,479752,34331,16562,17769
80145,496784,17002,238930,11232,479782,34331,16562,17769
80150,496815,17003,238946,11232,479812,34331,16562,17769
80155,496846,17004,238951,11232,479842,34331,16562,17769
80160,496877,17005,238969,11232,479872,34331,16562,17769
80165,496908,17006,238988,11232,479902,34331,16562,17769
80170,496939,17007,239004,11232,479932,34331,16562,17769
80175,496970,17008,239021,11232,479962,34331,16562,17769
80180,497001,17009,239039,11233,479992,34331,16562,17769
80185,497032,17010,239055,11234,480022,34331,16562,17769
80190,497063,17011,239072,11235,480052,34331,16562,17769
80195,497094,17012,239093,11236,480082,34331,16562,17769
80200,497125,17013,239107,11237,480112,34332,16562,17770
80205,497156,17014,239118,11238,480142,34334,16563,17771
80210,497187,17015,239130,11238,480172,34338,16564,17774
80215,497218,17016,239144,11238,480201,34342,16566,17776
80220,497249,17019,239160,11240,480229,34346,16568,17778
80225,497280,17022,239172,11242,480257,34347,16568,17779
80230,497311,17027,239186,11246,480284,34348,16569,17779
80235,497342,17029,239199,11247,480313,34349,16570,17779
80240,497373,17032,239209,11248,480341,34350,16570,17780
80245,497404,17036,239225,11252,480368,34351,16571,17780
80250,497435,17039,239243,11254,480396,34351,16571,17780
80255,497466,17041,239257,11255,480425,34351,16571,17780
80260,497497,17044,239269,11258,480453,34351,16571,17780
80265,497528,17048,239286,11260,480480,34351,16571,17780
80270,497559,17050,239295,11260,480509,34351,16571,17780
80275,497590,17054,239311,11262,480536,34351,16571,17780
80280,497621,17056,239328,11264,480565,34351,16571,17780
80285,497652,17059,239346,11266,480593,34351,16571,17780
80290,497683,17061,239359,11267,480622,34351,16571,17780
80295,497714,17063,239374,11268,480651,34351,16571,17780
80300,497745,17065,239390,11268,480680,34351,16571,17780
80305,497776,17067,239406,11269,480709,34351,16571,17780
80310,497807,17070,239424,11271,480737,34351,16571,17780
80315,497838,17072,239434,11271,480766,34351,16571,17780
80320,497869,17074,239449,11272,480795,34351,16571,17780
80325,497900,17077,239467,11273,480823,34353,16572,17781
80330,497931,17079,239482,11275,480852,34356,16574,17782
80335,497962,17081,239502,11276,480881,34359,16577,17782
80340,497993,17081,239517,11276,480912,34359,16577,17782
80345,498024,17081,239528,11276,480943,34359,16577,17782
80350,498055,17082,239544,11276,480973,34360,16577,17783
80355,498086,17083,239557,11277,481002,34361,16577,17784
80360,498117,17085,239572,11278,481031,34362,16578,17784
80365,498148,17087,239593,11279,481060,34363,16578,17785
80370,498179,17088,239611,11280,481091,34364,16578,17786
80375,498210,17088,239627,11280,481122,34365,16579,17786
80380,498241,17088,239646,11280,481153,34366,16580,17786
80385,498272,17088,239656,11280,481184,34367,16580,17787
80390,498303,17088,239669,11280,481215,34368,16581,17787
80395,498334,17088,239683,11280,481246,34369,16581,17788
80400,498365,17088,239696,11280,481277,34369,16581,17788
80405,498396,17089,239713,11281,481307,34369,16581,17788
80410,498427,17090,239730,11282,481337,34369,16581,17788
80415,498458,17092,239744,11283,481366,34369,16581,17788
80420,498489,17093,239756,11283,481396,34369,16581,17788
80425,498520,17094,239766,11283,481426,34369,16581,17788
80430,498551,17096,239781,11285,481455,34369,16581,17788
80435,498582,17097,239798,11286,481485,34369,16581,17788
80440,498613,17099,239810,11287,481514,34372,16583,17789
80445,498644,17101,239824,11289,481543,34375,16584,17791
80450,498675,17103,239835,11290,481572,34378,16585,17793
80455,498706,17106,239852,11292,481600,34381,16587,17794
80460,498737,17107,239869,11293,481630,34383,16588,17795
80465,498768,17108,239884,11293,481660,34383,16588,17795
80470,498799,17109,239896,11294,481690,34383,16588,17795
80475,498830,17111,239912,11296,481719,34383,16588,17795
80480,498861,17113,239929,11298,481748,34383,16588,17795
80485,498892,17115,239946,11299,481777,34383,16588,17795
80490,498923,17116,239958,11299,481807,34383,16588,17795
80495,498954,17118,239971,11300,481836,34383,16588,17795
80500,498985,17120,239985,11301,481865,34384,16589,17795
80505,499016,17122,240004,11303,481894,34385,16589,17796
80510,499047,17124,240018,11304,481923,34386,16589,17797
80515,499078,17125,240036,11305,481953,34387,16589,17798
80520,499109,17127,240051,11306,481982,34388,16590,17798
80525,499140,17128,240062,11306,482012,34389,16590,17799
80530,499171,17129,240075,11306,482042,34390,16590,17800
80535,499202,17130,240093,11307,482072,34391,16591,17800
80540,499233,17131,240109,11307,482102,34391,16591,17800
80545,499264,17132,240123,11307,482132,34391,16591,17800
80550,499295,17133,240139,11307,482162,34391,16591,17800
80555,499326,17134,240154,11307,482192,34391,16591,17800
80560,499357,17136,240171,11309,482221,34392,16591,17801
80565,499388,17138,240189,11310,482250,34393,16592,17801
80570,499419,17140,240203,11311,482279,34396,16592,17804
80575,499450,17142,240217,11312,482308,34399,16593,17806
80580,499481,17144,240229,11314,482337,34402,16595,17807
80585,499512,17146,240247,11315,482366,34402,16595,17807
80590,499543,17148,240265,11317,482395,34402,16595,17807
80595,499574,17150,240280,11319,482424,34402,16595,17807
80600,499605,17152,240295,11321,482453,34402,16595,17807
80605,499636,17154,240312,11322,482482,34402,16595,17807
80610,499667,17156,240328,11323,482511,34402,16595,17807
80615,499698,17158,240347,11325,482540,34402,16595,17807
80620,499729,17160,240359,11325,482569,34402,16595,17807
80625,499760,17163,240377,11328,482597,34402,16595,17807
80630,499791,17165,240394,11330,482626,34402,16595,17807
80635,499822,17168,240412,11333,482654,34402,16595,17807
80640,499853,17170,240428,11335,482682,34402,16595,17807
80645,499884,17173,240447,11337,482711,34405,16597,17808
80650,499915,17175,240460,11338,482739,34407,16598,17809
80655,499946,17179,240479,11342,482767,34408,16598,17810
80660,499977,17181,240492,11343,482795,34409,16598,17811
80665,500008,17183,240503,11344,482824,34410,16599,17811
80670,500039,17185,240522,11346,482853,34411,16600,17811
80675,500070,17188,240535,11348,482882,34412,16600,17812
80680,500101,17188,240551,11348,482913,34413,16601,17812
80685,500132,17188,240565,11348,482944,34414,16601,17813
80690,500163,17188,240582,11348,482975,34415,16602,17813
80695,500194,17188,240599,11348,483006,34416,16603,17813
80700,500225,17188,240615,11348,483037,34416,16603,17813
80705,500256,17188,240625,11348,483068,34416,16603,17813
80710,500287,17188,240643,11348,483099,34416,16603,17813
80715,500318,17188,240655,11348,483130,34416,16603,17813
80720,500349,17188,240672,11348,483161,34416,16603,17813
80725,500380,17188,240689,11348,483192,34416,16603,17813
80730,500411,17188,240706,11348,483223,34416,16603,17813
80735,500442,17188,240720,11348,483254,34416,16603,17813
80740,500473,17188,240734,11348,483285,34416,16603,17813
80745,500504,17188,240750,11348,483316,34416,16603,17813
80750,500535,17188,240761,11348,483347,34417,16603,17814
80755,500566,17188,240775,11348,483378,34418,16603,17815
80760,500597,17188,240789,11348,483409,34420,16604,17816
80765,500628,17189,240809,11349,483439,34421,16605,17816
80770,500659,17191,240820,11349,483468,34422,16605,17817
80775,500690,17193,240836,11350,483497,34423,16606,17817
80780,500721,17195,240851,11351,483526,34424,16607,17817
80785,500752,17198,240864,11354,483553,34425,16607,17818
80790,500783,17201,240879,11356,483582,34425,16607,17818
80795,500814,17203,240892,11357,483610,34425,16607,17818
80800,500845,17207,240911,11361,483638,34426,16608,17818
80805,500876,17210,240920,11362,483666,34427,16608,17819
80810,500907,17214,240937,11364,483692,34428,16609,17819
80815,500938,17218,240953,11367,483720,34429,16609,17820
80820,500969,17221,240971,11369,483748,34430,16610,17820
80825,501000,17225,240986,11373,483775,34432,16612,17820
80830,501031,17228,240997,11376,483803,34433,16612,17821
80835,501062,17231,241014,11378,483831,34433,16612,17821
80840,501093,17234,241026,11380,483859,34433,16612,17821
80845,501124,17237,241043,11381,483887,34433,16612,17821
80850,501155,17240,241058,11382,483915,34433,16612,17821
80855,501186,17242,241069,11382,483944,34433,16612,17821
80860,501217,17244,241083,11382,483973,34433,16612,17821
80865,501248,17247,241097,11385,484001,34433,16612,17821
80870,501279,17250,241112,11388,484029,34434,16613,17821
80875,501310,17254,241131,11392,484056,34435,16614,17821
80880,501341,17256,241142,11394,484085,34436,16615,17821
80885,501372,17257,241161,11395,484115,34436,16615,17821
80890,501403,17258,241177,11396,484145,34436,16615,17821
80895,501434,17259,241190,11397,484175,34436,16615,17821
80900,501465,17260,241207,11398,484205,34436,16615,17821
80905,501496,17261,241222,11398,484235,34436,16615,17821
80910,501527,17262,241240,11399,484265,34436,16615,17821
80915,501558,17263,241251,11400,484295,34436,16615,17821
80920,501589,17264,241267,11400,484325,34436,16615,17821
80925,501620,17265,241280,11401,484355,34436,16615,17821
80930,501651,17266,241296,11402,484385,34437,16616,17821
80935,501682,17267,241310,11402,484415,34438,16617,17821
80940,501713,17268,241324,11402,484445,34439,16617,17822
80945,501744,17269,241343,11403,484475,34440,16618,17822
80950,501775,17270,241360,11404,484505,34441,16619,17822
80955,501806,17271,241377,11405,484535,34442,16619,17823
80960,501837,17272,241387,11405,484565,34443,16620,17823
80965,501868,17273,241405,11406,484595,34444,16621,17823
80970,501899,17274,241422,11407,484625,34444,16621,17823
80975,501930,17275,241437,11408,484655,34444,16621,17823
80980,501961,17276,241451,11408,484685,34444,16621,17823
80985,501992,17278,241465,11410,484713,34444,16621,17823
80990,502023,17283,241483,11415,484740,34445,16622,17823
80995,502054,17286,241498,11417,484767,34446,16623,17823
81000,502085,17289,241515,11419,484796,34447,16624,17823
81005,502116,17292,241530,11420,484824,34448,16624,17824
81010,502147,17295,241544,11421,484852,34448,16624,17824
81015,502178,17297,241563,11423,484881,34448,16624,17824
81020,502209,17299,241580,11425,484910,34448,16624,17824
81025,502240,17301,241591,11426,484939,34448,16624,17824
81030,502271,17301,241609,11426,484970,34448,16624,17824
81035,502302,17301,241627,11426,485001,34448,16624,17824
81040,502333,17301,241650,11426,485032,34448,16624,17824
81045,502364,17301,241669,11426,485063,34448,16624,17824
81050,502395,17301,241686,11426,485094,34448,16624,17824
81055,502426,17301,241705,11426,485125,34448,16624,17824
81060,502457,17301,241718,11426,485156,34448,16624,17824
81065,502488,17301,241734,11426,485187,34448,16624,17824
81070,502519,17301,241753,11426,485218,34449,16625,17824
81075,502550,17301,241769,11426,485249,34450,16625,17825
81080,502581,17301,241781,11426,485280,34451,16625,17826
81085,502612,17301,241795,11426,485311,34452,16626,17826
81090,502643,17301,241811,11426,485342,34453,16626,17827
81095,502674,17301,241827,11426,485373,34454,16627,17827
81100,502705,17301,241844,11426,485404,34455,16628,17827
81105,502736,17301,241859,11426,485435,34456,16629,17827
81110,502767,17302,241875,11426,485465,34458,16630,17828
81115,502798,17303,241895,11427,485494,34460,16631,17829
81120,502829,17306,241909,11430,485523,34460,16631,17829
81125,502860,17309,241925,11433,485551,34460,16631,17829
81130,502891,17312,241940,11434,485579,34460,16631,17829
81135,502922,17314,241956,11434,485608,34460,16631,17829
81140,502953,17316,241969,11436,485637,34460,16631,17829
81145,502984,17319,241986,11439,485665,34460,16631,17829
81150,503015,17322,242001,11441,485693,34460,16631,17829
81155,503046,17325,242010,11442,485721,34460,16631,17829
81160,503077,17328,242027,11444,485749,34460,16631,17829
81165,503108,17331,242045,11445,485777,34460,16631,17829
81170,503139,17334,242060,11448,485805,34460,16631,17829
81175,503170,17338,242077,11451,485832,34460,16631,17829
81180,503201,17340,242092,11452,485861,34460,16631,17829
81185,503232,17341,242103,11453,485891,34460,16631,17829
81190,503263,17343,242118,11454,485920,34460,16631,17829
81195,503294,17344,242134,11455,485950,34460,16631,17829
81200,503325,17346,242149,11457,485979,34460,16631,17829
81205,503356,17348,242164,11459,486008,34460,16631,17829
81210,503387,17349,242177,11459,486038,34460,16631,17829
81215,503418,17350,242194,11459,486068,34460,16631,17829
81220,503449,17351,242206,11459,486098,34461,16631,17830
81225,503480,17352,242226,11460,486128,34462,16632,17830
81230,503511,17353,242243,11460,486158,34463,16632,17831
81235,503542,17354,242261,11460,486188,34464,16632,17832
81240,503573,17355,242279,11460,486218,34465,16632,17833
81245,503604,17356,242292,11460,486248,34465,16632,17833
81250,503635,17357,242308,11461,486278,34465,16632,17833
81255,503666,17358,242320,11461,486308,34465,16632,17833
81260,503697,17359,242337,11462,486338,34465,16632,17833
81265,503728,17360,242350,11462,486368,34465,16632,17833
81270,503759,17361,242360,11462,486398,34465,16632,17833
81275,503790,17362,242382,11463,486428,34465,16632,17833
81280,503821,17363,242395,11463,486457,34465,16632,17833
81285,503852,17366,242405,11465,486486,34465,16632,17833
81290,503883,17368,242417,11466,486515,34465,16632,17833
81295,503914,17370,242434,11467,486543,34465,16632,17833
81300,503945,17373,242452,11469,486572,34465,16632,17833
81305,503976,17376,242466,11472,486600,34465,16632,17833
81310,504007,17379,242482,11474,486628,34465,16632,17833
81315,504038,17382,242498,11477,486656,34465,16632,17833
81320,504069,17385,242513,11480,486684,34465,16632,17833
81325,504100,17388,242533,11481,486712,34465,16632,17833
81330,504131,17392,242548,11484,486739,34465,16632,17833
81335,504162,17395,242564,11487,486767,34465,16632,17833
81340,504193,17397,242585,11488,486796,34465,16632,17833
81345,504224,17397,242602,11488,486827,34466,16632,17834
81350,504255,17397,242617,11488,486858,34467,16633,17834
81355,504286,17397,242635,11488,486889,34468,16633,17835
81360,504317,17397,242652,11488,486920,34469,16634,17835
81365,504348,17399,242671,11490,486949,34469,16634,17835
81370,504379,17400,242680,11490,486979,34469,16634,17835
81375,504410,17401,242692,11490,487009,34469,16634,17835
81380,504441,17403,242710,11491,487038,34469,16634,17835
81385,504472,17404,242718,11491,487068,34469,16634,17835
81390,504503,17406,242733,11493,487097,34469,16634,17835
81395,504534,17407,242747,11494,487127,34469,16634,17835
81400,504565,17407,242763,11494,487158,34469,16634,17835
81405,504596,17407,242776,11494,487189,34469,16634,17835
81410,504627,17407,242789,11494,487220,34469,16634,17835
81415,504658,17407,242800,11494,487251,34469,16634,17835
81420,504689,17407,242816,11494,487282,34469,16634,17835
81425,504720,17407,242833,11494,487313,34469,16634,17835
81430,504751,17407,242848,11494,487344,34469,16634,17835
81435,504782,17407,242867,11494,487375,34469,16634,17835
81440,504813,17407,242884,11494,487406,34469,16634,17835
81445,504844,17408,242901,11494,487436,34469,16634,17835
81450,504875,17409,242915,11494,487466,34469,16634,17835
81455,504906,17410,242929,11494,487496,34469,16634,17835
81460,504937,17411,242939,11495,487526,34469,16634,17835
81465,504968,17412,242952,11495,487556,34470,16634,17836
81470,504999,17413,242964,11496,487586,34471,16634,17837
81475,505030,17414,242975,11496,487616,34472,16635,17837
81480,505061,17416,242991,11498,487645,34473,16635,17838
81485,505092,17417,243006,11498,487675,34474,16635,17839
81490,505123,17419,243018,11499,487704,34475,16635,17840
81495,505154,17420,243032,11500,487734,34475,16635,17840
81500,505185,17423,243051,11503,487762,34475,16635,17840
81505,505216,17425,243066,11503,487791,34475,16635,17840
81510,505247,17428,243082,11506,487819,34475,16635,17840
81515,505278,17430,243095,11508,487848,34475,16635,17840
81520,505309,17433,243110,11510,487876,34475,16635,17840
81525,505340,17436,243127,11512,487904,34475,16635,17840
81530,505371,17438,243139,11514,487933,34475,16635,17840
81535,505402,17440,243148,11515,487962,34475,16635,17840
81540,505433,17442,243159,11516,487991,34475,16635,17840
81545,505464,17444,243172,11516,488019,34475,16635,17840
81550,505495,17448,243189,11518,488047,34475,16635,17840
81555,505526,17451,243207,11520,488074,34475,16635,17840
81560,505557,17454,243221,11522,488102,34475,16635,17840
81565,505588,17457,243239,11524,488131,34475,16635,17840
81570,505619,17460,243259,11525,488158,34475,16635,17840
81575,505650,17464,243272,11528,488186,34475,16635,17840
81580,505681,17465,243286,11528,488216,34475,16635,17840
81585,505712,17466,243302,11529,488246,34475,16635,17840
81590,505743,17467,243319,11530,488276,34475,16635,17840
81595,505774,17468,243340,11531,488306,34476,16636,17840
81600,505805,17469,243358,11532,488336,34477,16637,17840
81605,505836,17470,243377,11533,488366,34478,16638,17840
81610,505867,17471,243391,11534,488396,34479,16638,17841
81615,505898,17472,243406,11534,488426,34480,16639,17841
81620,505929,17473,243417,11534,488456,34480,16639,17841
81625,505960,17474,243436,11535,488486,34480,16639,17841
81630,505991,17475,243453,11535,488516,34480,16639,17841
81635,506022,17476,243464,11535,488546,34480,16639,17841
81640,506053,17477,243473,11535,488576,34480,16639,17841
81645,506084,17478,243486,11536,488606,34480,16639,17841
81650,506115,17479,243502,11537,488636,34480,16639,17841
81655,506146,17480,243516,11538,488666,34480,16639,17841
81660,506177,17482,243527,11540,488695,34480,16639,17841
81665,506208,17483,243542,11540,488725,34480,16639,17841
81670,506239,17485,243558,11541,488754,34480,16639,17841
81675,506270,17486,243574,11541,488784,34480,16639,17841
81680,506301,17488,243592,11542,488813,34480,16639,17841
81685,506332,17490,243604,11543,488842,34480,16639,17841
81690,506363,17492,243618,11545,488870,34480,16639,17841
81695,506394,17496,243632,11549,488898,34480,16639,17841
81700,506425,17498,243648,11549,488926,34480,16639,17841
81705,506456,17502,243661,11552,488954,34480,16639,17841
81710,506487,17504,243674,11553,488983,34480,16639,17841
81715,506518,17508,243687,11557,489010,34480,16639,17841
81720,506549,17510,243704,11557,489039,34481,16639,17842
81725,506580,17511,243718,11558,489069,34482,16640,17842
81730,506611,17512,243732,11558,489099,34483,16641,17842
81735,506642,17514,243747,11559,489128,34484,16641,17843
81740,506673,17515,243761,11560,489158,34484,16641,17843
81745,506704,17517,243775,11561,489187,34484,16641,17843
81750,506735,17518,243794,11561,489217,34484,16641,17843
81755,506766,17520,243809,11562,489246,34484,16641,17843
81760,506797,17522,243828,11564,489275,34484,16641,17843
81765,506828,17524,243842,11566,489304,34484,16641,17843
81770,506859,17525,243856,11566,489334,34484,16641,17843
81775,506890,17527,243869,11567,489363,34484,16641,17843
81780,506921,17528,243885,11568,489393,34484,16641,17843
81785,506952,17528,243902,11568,489424,34484,16641,17843
81790,506983,17528,243916,11568,489455,34484,16641,17843
81795,507014,17528,243929,11568,489486,34484,16641,17843
81800,507045,17528,243947,11568,489517,34484,16641,17843
81805,507076,17528,243964,11568,489548,34484,16641,17843
81810,507107,17528,243979,11568,489579,34484,16641,17843
81815,507138,17528,243999,11568,489610,34484,16641,17843
81820,507169,17528,244014,11568,489641,34484,16641,17843
81825,507200,17528,244026,11568,489672,34484,16641,17843
81830,507231,17529,244037,11568,489702,34484,16641,17843
81835,507262,17530,244047,11569,489732,34484,16641,17843
81840,507293,17532,244061,11571,489761,34484,16641,17843
81845,507324,17533,244071,11571,489791,34485,16641,17844
81850,507355,17534,244086,11571,489821,34486,16641,17845
81855,507386,17535,244098,11572,489851,34487,16641,17846
81860,507417,17536,244114,11572,489881,34488,16642,17846
81865,507448,17538,244128,11573,489910,34489,16642,17847
81870,507479,17540,244145,11574,489939,34490,16643,17847
81875,507510,17541,244160,11575,489969,34490,16643,17847
81880,507541,17543,244168,11577,489998,34490,16643,17847
81885,507572,17545,244188,11578,490027,34490,16643,17847
81890,507603,17547,244199,11579,490056,34490,16643,17847
81895,507634,17550,244213,11581,490084,34490,16643,17847
81900,507665,17553,244228,11583,490112,34490,16643,17847
81905,507696,17555,244245,11584,490141,34490,16643,17847
81910,507727,17557,244261,11586,490170,34490,16643,17847
81915,507758,17560,244278,11588,490198,34490,16643,17847
81920,507789,17563,244292,11590,490226,34490,16643,17847
81925,507820,17565,244306,11591,490255,34490,16643,17847
81930,507851,17568,244321,11593,490283,34490,16643,17847
81935,507882,17571,244334,11596,490311,34490,16643,17847
81940,507913,17574,244348,11598,490339,34490,16643,17847
81945,507944,17576,244362,11599,490368,34490,16643,17847
81950,507975,17579,244380,11601,490396,34490,16643,17847
81955,508006,17582,244394,11603,490424,34490,16643,17847
81960,508037,17585,244406,11605,490452,34490,16643,17847
81965,508068,17586,244415,11605,490482,34490,16643,17847
81970,508099,17587,244435,11606,490512,34490,16643,17847
81975,508130,17588,244450,11607,490542,34491,16644,17847
81980,508161,17589,244469,11608,490572,34492,16645,17847
81985,508192,17590,244482,11609,490602,34493,16645,17848
81990,508223,17591,244496,11609,490632,34494,16645,17849
81995,508254,17592,244512,11610,490662,34495,16646,17849
82000,508285,17593,244526,11611,490692,34495,16646,17849
82005,508316,17595,244541,11613,490721,34495,16646,17849
82010,508347,17596,244556,11614,490751,34495,16646,17849
82015,508378,17598,244573,11615,490780,34495,16646,17849
82020,508409,17600,244594,11616,490809,34495,16646,17849
82025,508440,17602,244604,11617,490838,34495,16646,17849
82030,508471,17604,244620,11619,490867,34495,16646,17849
82035,508502,17606,244636,11620,490896,34495,16646,17849
82040,508533,17607,244656,11621,490926,34495,16646,17849
82045,508564,17607,244666,11621,490957,34495,16646,17849
82050,508595,17607,244681,11621,490988,34495,16646,17849
82055,508626,17607,244701,11621,491019,34495,16646,17849
82060,508657,17607,244716,11621,491050,34495,16646,17849
82065,508688,17607,244728,11621,491081,34495,16646,17849
82070,508719,17608,244735,11621,491111,34495,16646,17849
82075,508750,17609,244752,11621,491141,34495,16646,17849
82080,508781,17611,244769,11623,491170,34495,16646,17849
82085,508812,17613,244786,11624,491199,34495,16646,17849
82090,508843,17615,244801,11626,491228,34495,16646,17849
82095,508874,17617,244818,11628,491257,34495,16646,17849
82100,508905,17618,244833,11629,491287,34496,16646,17850
82105,508936,17620,244849,11630,491316,34497,16646,17851
82110,508967,17622,244860,11631,491345,34498,16646,17852
82115,508998,17623,244876,11632,491375,34499,16646,17853
82120,509029,17625,244889,11633,491404,34500,16646,17854
82125,509060,17626,244904,11633,491433,34500,16646,17854
82130,509091,17629,244920,11636,491461,34500,16646,17854
82135,509122,17631,244939,11637,491491,34500,16646,17854
82140,509153,17633,244960,11639,491519,34500,16646,17854
82145,509184,17634,244973,11640,491550,34500,16646,17854
82150,509215,17635,244991,11641,491580,34500,16646,17854
82155,509246,17636,245004,11641,491610,34500,16646,17854
82160,509277,17637,245016,11641,491640,34500,16646,17854
82165,509308,17638,245032,11642,491670,34500,16646,17854
82170,509339,17639,245045,11642,491700,34500,16646,17854
82175,509370,17640,245061,11643,491730,34500,16646,17854
82180,509401,17641,245074,11644,491760,34500,16646,17854
82185,509432,17642,245093,11644,491790,34500,16646,17854
82190,509463,17643,245107,11644,491820,34500,16646,17854
82195,509494,17644,245120,11644,491850,34500,16646,17854
82200,509525,17645,245134,11644,491880,34500,16646,17854
82205,509556,17646,245147,11645,491910,34500,16646,17854
82210,509587,17647,245158,11645,491940,34500,16646,17854
82215,509618,17648,245171,11646,491970,34500,16646,17854
82220,509649,17650,245189,11647,491999,34500,16646,17854
82225,509680,17651,245208,11647,492029,34500,16646,17854
82230,509711,17652,245223,11647,492059,34500,16646,17854
82235,509742,17653,245234,11647,492089,34500,16646,17854
82240,509773,17654,245250,11647,492119,34500,16646,17854
82245,509804,17655,245261,11648,492149,34500,16646,17854
82250,509835,17657,245271,11649,492178,34501,16647,17854
82255,509866,17660,245285,11650,492206,34502,16647,17855
82260,509897,17663,245303,11653,492234,34503,16648,17855
82265,509928,17666,245322,11655,492261,34504,16648,17856
82270,509959,17670,245337,11657,492289,34505,16648,17857
82275,509990,17672,245352,11657,492317,34506,16649,17857
82280,510021,17675,245369,11659,492345,34506,16649,17857
82285,510052,17678,245383,11661,492374,34506,16649,17857
82290,510083,17679,245398,11662,492404,34506,16649,17857
82295,510114,17680,245413,11663,492434,34506,16649,17857
82300,510145,17681,245429,11664,492464,34506,16649,17857
82305,510176,17682,245439,11664,492494,34506,16649,17857
82310,510207,17683,245453,11664,492524,34506,16649,17857
82315,510238,17684,245469,11665,492554,34506,16649,17857
82320,510269,17685,245485,11665,492584,34506,16649,17857
82325,510300,17687,245501,11666,492613,34506,16649,17857
82330,510331,17689,245519,11667,492642,34506,16649,17857
82335,510362,17690,245536,11667,492672,34506,16649,17857
82340,510393,17691,245550,11668,492702,34506,16649,17857
82345,510424,17693,245569,11670,492731,34506,16649,17857
82350,510455,17695,245587,11672,492760,34506,16649,17857
82355,510486,17696,245602,11672,492790,34506,16649,17857
82360,510517,17697,245620,11673,492820,34506,16649,17857
82365,510548,17698,245632,11673,492850,34506,16649,17857
82370,510579,17699,245648,11674,492880,34506,16649,17857
82375,510610,17700,245664,11674,492910,34506,16649,17857
82380,510641,17701,245685,11674,492940,34507,16650,17857
82385,510672,17702,245698,11675,492970,34508,16650,17858
82390,510703,17705,245714,11677,492998,34509,16651,17858
82395,510734,17707,245729,11678,493027,34510,16652,17858
82400,510765,17709,245742,11679,493056,34510,16652,17858
82405,510796,17712,245758,11680,493084,34510,16652,17858
82410,510827,17715,245773,11683,493112,34510,16652,17858
82415,510858,17718,245790,11685,493140,34510,16652,17858
82420,510889,17720,245803,11685,493169,34510,16652,17858
82425,510920,17722,245815,11685,493198,34510,16652,17858
82430,510951,17724,245827,11686,493227,34510,16652,17858
82435,510982,17726,245837,11686,493255,34510,16652,17858
82440,511013,17730,245856,11689,493282,34510,16652,17858
82445,511044,17734,245871,11692,493310,34510,16652,17858
82450,511075,17735,245893,11693,493340,34510,16652,17858
82455,511106,17736,245903,11693,493370,34510,16652,17858
82460,511137,17737,245916,11694,493400,34510,16652,17858
82465,511168,17739,245930,11695,493429,34510,16652,17858
82470,511199,17741,245945,11696,493458,34510,16652,17858
82475,511230,17742,245957,11696,493488,34510,16652,17858
82480,511261,17743,245971,11697,493518,34510,16652,17858
82485,511292,17745,245985,11698,493547,34510,16652,17858
82490,511323,17746,245993,11698,493577,34510,16652,17858
82495,511354,17747,246009,11698,493607,34510,16652,17858
82500,511385,17748,246027,11698,493637,34511,16653,17858
82505,511416,17749,246040,11699,493667,34512,16653,17859
82510,511447,17750,246054,11699,493697,34513,16654,17859
82515,511478,17751,246070,11700,493727,34513,16654,17859
82520,511509,17752,246083,11700,493757,34513,16654,17859
82525,511540,17753,246099,11700,493787,34513,16654,17859
82530,511571,17754,246108,11700,493817,34513,16654,17859
82535,511602,17755,246125,11701,493847,34513,16654,17859
82540,511633,17756,246138,11701,493877,34513,16654,17859
82545,511664,17757,246155,11702,493907,34513,16654,17859
82550,511695,17758,246169,11703,493937,34513,16654,17859
82555,511726,17760,246187,11705,493966,34513,16654,17859
82560,511757,17762,246208,11707,493995,34513,16654,17859
82565,511788,17764,246225,11707,494024,34513,16654,17859
82570,511819,17767,246236,11708,494052,34513,16654,17859
82575,511850,17769,246252,11709,494081,34513,16654,17859
82580,511881,17771,246265,11710,494110,34513,16654,17859
82585,511912,17773,246279,11711,494139,34513,16654,17859
82590,511943,17775,246288,11712,494168,34513,16654,17859
82595,511974,17777,246301,11713,494197,34513,16654,17859
82600,512005,17779,246317,11715,494226,34513,16654,17859
82605,512036,17781,246331,11716,494254,34513,16654,17859
82610,512067,17784,246345,11717,494283,34513,16654,17859
82615,512098,17787,246359,11720,494311,34513,16654,17859
82620,512129,17789,246367,11721,494340,34514,16654,17860
82625,512160,17791,246380,11721,494369,34515,16654,17861
82630,512191,17793,246392,11721,494397,34516,16654,17862
82635,512222,17797,246407,11724,494425,34517,16654,17863
82640,512253,17800,246422,11726,494452,34517,16654,17863
82645,512284,17803,246437,11728,494480,34517,16654,17863
82650,512315,17805,246448,11730,494509,34517,16654,17863
82655,512346,17807,246461,11731,494539,34517,16654,17863
82660,512377,17808,246475,11732,494569,34517,16654,17863
82665,512408,17809,246487,11733,494599,34517,16654,17863
82670,512439,17810,246499,11734,494629,34517,16654,17863
82675,512470,17811,246518,11735,494658,34517,16654,17863
82680,512501,17813,246535,11736,494687,34517,16654,17863
82685,512532,17814,246549,11737,494718,34517,16654,17863
82690,512563,17814,246563,11737,494749,34517,16654,17863
82695,512594,17814,246578,11737,494780,34517,16654,17863
82700,512625,17814,246592,11737,494811,34517,16654,17863
82705,512656,17814,246612,11737,494842,34517,16654,17863
82710,512687,17814,246624,11737,494873,34517,16654,17863
82715,512718,17814,246640,11737,494904,34517,16654,17863
82720,512749,17814,246656,11737,494935,34517,16654,17863
82725,512780,17814,246665,11737,494966,34517,16654,17863
82730,512811,17814,246678,11737,494997,34517,16654,17863
82735,512842,17814,246690,11737,495028,34517,16654,17863
82740,512873,17814,246704,11737,495059,34517,16654,17863
82745,512904,17814,246716,11737,495090,34518,16655,17863
82750,512935,17814,246732,11737,495121,34519,16655,17864
82755,512966,17815,246750,11738,495151,34520,16656,17864
82760,512997,17816,246766,11739,495181,34520,16656,17864
82765,513028,17818,246777,11740,495210,34520,16656,17864
82770,513059,17819,246793,11740,495240,34520,16656,17864
82775,513090,17821,246813,11742,495269,34520,16656,17864
82780,513121,17823,246830,11744,495298,34520,16656,17864
82785,513152,17825,246843,11746,495327,34520,16656,17864
82790,513183,17827,246861,11746,495356,34520,16656,17864
82795,513214,17830,246881,11748,495383,34520,16656,17864
82800,513245,17834,246893,11750,495411,34520,16656,17864
82805,513276,17837,246907,11752,495438,34520,16656,17864
82810,513307,17841,246925,11755,495465,34520,16656,17864
82815,513338,17846,246937,11759,495492,34520,16656,17864
82820,513369,17849,246953,11761,495520,34520,16656,17864
82825,513400,17851,246967,11762,495549,34520,16656,17864
82830,513431,17854,246979,11764,495577,34520,16656,17864
82835,513462,17856,246993,11765,495606,34520,16656,17864
82840,513493,17857,247005,11766,495635,34520,16656,17864
82845,513524,17859,247020,11768,495665,34520,16656,17864
82850,513555,17860,247036,11768,495694,34520,16656,17864
82855,513586,17862,247053,11770,495723,34520,16656,17864
82860,513617,17864,247069,11771,495752,34521,16656,17865
82865,513648,17865,247086,11772,495783,34522,16657,17865
82870,513679,17865,247101,11772,495814,34523,16657,17866
82875,513710,17865,247114,11772,495845,34523,16657,17866
82880,513741,17865,247125,11772,495876,34523,16657,17866
82885,513772,17865,247139,11772,495907,34523,16657,17866
82890,513803,17865,247156,11772,495938,34523,16657,17866
82895,513834,17865,247172,11772,495969,34523,16657,17866
82900,513865,17865,247187,11772,496000,34523,16657,17866
82905,513896,17865,247202,11772,496031,34523,16657,17866
82910,513927,17865,247216,11772,496062,34523,16657,17866
82915,513958,17865,247229,11772,496093,34523,16657,17866
82920,513989,17865,247244,11772,496124,34523,16657,17866
82925,514020,17866,247258,11773,496154,34523,16657,17866
82930,514051,17866,247276,11773,496185,34523,16657,17866
82935,514082,17866,247294,11773,496216,34523,16657,17866
82940,514113,17867,247311,11773,496246,34523,16657,17866
82945,514144,17868,247330,11774,496276,34523,16657,17866
82950,514175,17870,247343,11775,496305,34523,16657,17866
82955,514206,17872,247355,11777,496334,34523,16657,17866
82960,514237,17874,247371,11778,496363,34523,16657,17866
82965,514268,17876,247388,11779,496392,34523,16657,17866
82970,514299,17878,247405,11780,496421,34523,16657,17866
82975,514330,17880,247420,11781,496450,34523,16657,17866
82980,514361,17881,247432,11782,496480,34524,16658,17866
82985,514392,17884,247443,11784,496508,34525,16658,17867
82990,514423,17888,247459,11786,496535,34526,16659,17867
82995,514454,17891,247479,11789,496563,34527,16659,17868
83000,514485,17895,247498,11792,496590,34527,16659,17868
83005,514516,17898,247512,11793,496618,34527,16659,17868
83010,514547,17900,247527,11793,496647,34527,16659,17868
83015,514578,17903,247545,11794,496675,34527,16659,17868
83020,514609,17906,247560,11796,496703,34527,16659,17868
83025,514640,17907,247571,11796,496733,34527,16659,17868
83030,514671,17908,247587,11796,496763,34527,16659,17868
83035,514702,17909,247602,11797,496793,34527,16659,17868
83040,514733,17911,247618,11798,496822,34527,16659,17868
83045,514764,17911,247636,11798,496853,34527,16659,17868
83050,514795,17911,247652,11798,496884,34527,16659,17868
83055,514826,17911,247664,11798,496915,34527,16659,17868
83060,514857,17911,247675,11798,496946,34527,16659,17868
83065,514888,17911,247692,11798,496977,34527,16659,17868
83070,514919,17911,247711,11798,497008,34527,16659,17868
83075,514950,17911,247723,11798,497039,34527,16659,17868
83080,514981,17911,247738,11798,497070,34527,16659,17868
83085,515012,17911,247756,11798,497101,34527,16659,17868
83090,515043,17912,247771,11799,497131,34527,16659,17868
83095,515074,17913,247788,11800,497161,34527,16659,17868
83100,515105,17914,247802,11800,497191,34528,16659,17869
83105,515136,17915,247814,11801,497221,34529,16659,17870
83110,515167,17917,247832,11802,497250,34530,16660,17870
83115,515198,17918,247846,11803,497280,34530,16660,17870
83120,515229,17918,247862,11803,497311,34530,16660,17870
83125,515260,17918,247880,11803,497342,34530,16660,17870
83130,515291,17919,247899,11803,497372,34530,16660,17870
83135,515322,17920,247913,11804,497402,34530,16660,17870
83140,515353,17921,247929,11805,497432,34530,16660,17870
83145,515384,17922,247949,11806,497462,34530,16660,17870
83150,515415,17923,247967,11807,497492,34530,16660,17870
83155,515446,17924,247984,11807,497522,34530,16660,17870
83160,515477,17926,248001,11808,497551,34530,16660,17870
83165,515508,17927,248018,11809,497581,34530,16660,17870
83170,515539,17928,248027,11810,497611,34530,16660,17870
83175,515570,17930,248042,11811,497640,34530,16660,17870
83180,515601,17931,248058,11811,497670,34530,16660,17870
83185,515632,17933,248078,11813,497699,34530,16660,17870
83190,515663,17935,248094,11815,497728,34530,16660,17870
83195,515694,17936,248107,11815,497758,34530,16660,17870
83200,515725,17937,248120,11815,497788,34530,16660,17870
83205,515756,17938,248135,11816,497818,34530,16660,17870
83210,515787,17939,248149,11816,497848,34530,16660,17870
83215,515818,17940,248165,11816,497878,34531,16660,17871
83220,515849,17941,248175,11816,497908,34532,16661,17871
83225,515880,17943,248191,11816,497937,34533,16662,17871
83230,515911,17945,248202,11816,497966,34534,16662,17872
83235,515942,17947,248217,11818,497995,34535,16663,17872
83240,515973,17950,248232,11820,498023,34535,16663,17872
83245,516004,17952,248254,11822,498052,34535,16663,17872
83250,516035,17955,248265,11825,498080,34535,16663,17872
83255,516066,17957,248281,11827,498109,34535,16663,17872
83260,516097,17960,248292,11828,498137,34535,16663,17872
83265,516128,17963,248303,11829,498165,34535,16663,17872
83270,516159,17965,248314,11830,498194,34535,16663,17872
83275,516190,17968,248331,11833,498222,34535,16663,17872
83280,516221,17969,248346,11834,498252,34535,16663,17872
83285,516252,17970,248361,11835,498282,34535,16663,17872
83290,516283,17971,248375,11836,498312,34535,16663,17872
83295,516314,17972,248389,11836,498342,34535,16663,17872
83300,516345,17973,248402,11836,498372,34535,16663,17872
83305,516376,17974,248420,11837,498402,34535,16663,17872
83310,516407,17975,248435,11838,498432,34535,16663,17872
83315,516438,17976,248452,11839,498462,34535,16663,17872
83320,516469,17977,248470,11839,498492,34535,16663,17872
83325,516500,17978,248484,11839,498522,34535,16663,17872
83330,516531,17979,248499,11840,498552,34535,16663,17872
83335,516562,17980,248521,11840,498582,34535,16663,17872
83340,516593,17982,248537,11842,498611,34535,16663,17872
83345,516624,17984,248550,11843,498640,34536,16663,17873
83350,516655,17986,248565,11845,498669,34537,16664,17873
83355,516686,17988,248581,11847,498698,34538,16665,17873
83360,516717,17989,248598,11847,498728,34538,16665,17873
83365,516748,17990,248609,11848,498758,34538,16665,17873
83370,516779,17991,248628,11848,498788,34538,16665,17873
83375,516810,17992,248641,11848,498818,34538,16665,17873
83380,516841,17993,248654,11848,498848,34538,16665,17873
83385,516872,17995,248671,11848,498877,34538,16665,17873
83390,516903,17997,248684,11848,498906,34538,16665,17873
83395,516934,17999,248704,11849,498935,34538,16665,17873
83400,516965,18002,248720,11851,498963,34538,16665,17873
83405,516996,18004,248737,11852,498992,34538,16665,17873
83410,517027,18006,248750,11854,499021,34538,16665,17873
83415,517058,18008,248764,11854,499050,34538,16665,17873
83420,517089,18010,248779,11856,499079,34538,16665,17873
83425,517120,18012,248793,11857,499108,34538,16665,17873
83430,517151,18015,248811,11859,499136,34538,16665,17873
83435,517182,18018,248824,11861,499164,34538,16665,17873
83440,517213,18021,248843,11862,499192,34538,16665,17873
83445,517244,18024,248861,11863,499220,34538,16665,17873
83450,517275,18025,248880,11863,499250,34538,16665,17873
83455,517306,18026,248894,11863,499280,34538,16665,17873
83460,517337,18027,248909,11863,499310,34538,16665,17873
83465,517368,18028,248921,11863,499340,34539,16665,17874
83470,517399,18030,248937,11864,499369,34540,16665,17875
83475,517430,18032,248951,11865,499398,34541,16666,17875
83480,517461,18033,248965,11865,499428,34542,16666,17876
83485,517492,18034,248983,11866,499458,34542,16666,17876
83490,517523,18035,248995,11866,499488,34542,16666,17876
83495,517554,18036,249009,11866,499518,34542,16666,17876
83500,517585,18037,249023,11866,499548,34542,16666,17876
83505,517616,18038,249035,11867,499578,34542,16666,17876
83510,517647,18039,249052,11868,499608,34542,16666,17876
83515,517678,18040,249068,11869,499638,34542,16666,17876
83520,517709,18041,249082,11869,499668,34542,16666,17876
83525,517740,18042,249099,11870,499698,34542,16666,17876
83530,517771,18043,249114,11871,499728,34542,16666,17876
83535,517802,18044,249124,11872,499758,34542,16666,17876
83540,517833,18045,249139,11873,499788,34542,16666,17876
83545,517864,18046,249152,11874,499818,34542,16666,17876
83550,517895,18047,249168,11874,499848,34542,16666,17876
83555,517926,18049,249185,11874,499877,34542,16666,17876
83560,517957,18051,249196,11875,499906,34542,16666,17876
83565,517988,18054,249214,11877,499934,34542,16666,17876
83570,518019,18056,249231,11879,499963,34542,16666,17876
83575,518050,18059,249246,11881,499991,34542,16666,17876
83580,518081,18061,249262,11883,500020,34542,16666,17876
83585,518112,18063,249278,11885,500049,34543,16666,17877
83590,518143,18065,249291,11885,500078,34544,16666,17878
83595,518174,18067,249305,11887,500107,34545,16667,17878
83600,518205,18069,249316,11888,500136,34546,16667,17879
83605,518236,18071,249329,11889,500165,34547,16668,17879
83610,518267,18073,249343,11889,500194,34548,16668,17880
83615,518298,18075,249360,11889,500223,34549,16668,17881
83620,518329,18077,249373,11891,500252,34549,16668,17881
83625,518360,18079,249383,11891,500281,34549,16668,17881
83630,518391,18081,249395,11891,500310,34549,16668,17881
83635,518422,18082,249409,11892,500340,34549,16668,17881
83640,518453,18083,249423,11892,500370,34549,16668,17881
83645,518484,18084,249436,11892,500400,34549,16668,17881
83650,518515,18085,249455,11893,500430,34549,16668,17881
83655,518546,18086,249473,11894,500460,34549,16668,17881
83660,518577,18087,249486,11894,500490,34549,16668,17881
83665,518608,18088,249505,11894,500520,34549,16668,17881
83670,518639,18089,249520,11895,500550,34549,16668,17881
83675,518670,18090,249537,11895,500580,34549,16668,17881
83680,518701,18091,249554,11896,500610,34549,16668,17881
83685,518732,18092,249570,11897,500640,34549,16668,17881
83690,518763,18093,249584,11897,500670,34549,16668,17881
83695,518794,18094,249597,11898,500700,34549,16668,17881
83700,518825,18095,249609,11898,500730,34549,16668,17881
83705,518856,18096,249619,11898,500760,34549,16668,17881
83710,518887,18097,249632,11898,500790,34549,16668,17881
83715,518918,18098,249651,11899,500820,34549,16668,17881
83720,518949,18099,249669,11899,500850,34550,16668,17882
83725,518980,18100,249683,11899,500880,34551,16668,17883
83730,519011,18101,249695,11900,500910,34552,16668,17884
83735,519042,18104,249715,11902,500938,34553,16669,17884
83740,519073,18107,249733,11905,500966,34554,16670,17884
83745,519104,18110,249754,11908,500994,34555,16671,17884
83750,519135,18112,249769,11909,501023,34555,16671,17884
83755,519166,18114,249782,11910,501052,34555,16671,17884
83760,519197,18117,249798,11913,501080,34555,16671,17884
83765,519228,18119,249810,11914,501109,34555,16671,17884
83770,519259,18121,249826,11915,501138,34555,16671,17884
83775,519290,18123,249840,11916,501167,34555,16671,17884
83780,519321,18125,249850,11917,501196,34555,16671,17884
83785,519352,18127,249866,11918,501225,34555,16671,17884
83790,519383,18129,249881,11919,501254,34555,16671,17884
83795,519414,18131,249896,11920,501283,34555,16671,17884
83800,519445,18133,249911,11920,501312,34555,16671,17884
83805,519476,18135,249924,11921,501341,34555,16671,17884
83810,519507,18137,249940,11922,501370,34555,16671,17884
83815,519538,18139,249955,11923,501399,34555,16671,17884
83820,519569,18141,249971,11924,501428,34555,16671,17884
83825,519600,18143,249986,11924,501457,34555,16671,17884
83830,519631,18145,249999,11925,501486,34555,16671,17884
83835,519662,18147,250014,11926,501515,34555,16671,17884
83840,519693,18149,250027,11926,501544,34555,16671,17884
83845,519724,18151,250040,11927,501573,34555,16671,17884
83850,519755,18153,250054,11928,501602,34555,16671,17884
83855,519786,18155,250069,11929,501631,34556,16672,17884
83860,519817,18157,250084,11929,501659,34557,16672,17885
83865,519848,18161,250101,11932,501687,34558,16673,17885
83870,519879,18162,250120,11932,501717,34559,16673,17886
83875,519910,18163,250137,11933,501747,34559,16673,17886
83880,519941,18164,250150,11934,501777,34559,16673,17886
83885,519972,18165,250167,11934,501807,34559,16673,17886
83890,520003,18166,250181,11935,501837,34559,16673,17886
83895,520034,18167,250198,11935,501867,34559,16673,17886
83900,520065,18168,250209,11935,501897,34559,16673,17886
83905,520096,18169,250227,11935,501927,34559,16673,17886
83910,520127,18170,250241,11935,501957,34559,16673,17886
83915,520158,18171,250256,11935,501987,34559,16673,17886
83920,520189,18172,250267,11936,502017,34559,16673,17886
83925,520220,18173,250284,11937,502047,34559,16673,17886
83930,520251,18174,250297,11938,502077,34559,16673,17886
83935,520282,18175,250307,11938,502107,34559,16673,17886
83940,520313,18176,250325,11938,502137,34559,16673,17886
83945,520344,18177,250336,11939,502167,34559,16673,17886
83950,520375,18178,250353,11939,502197,34559,16673,17886
83955,520406,18179,250365,11939,502227,34559,16673,17886
83960,520437,18180,250379,11940,502257,34559,16673,17886
83965,520468,18181,250398,11940,502287,34559,16673,17886
83970,520499,18182,250412,11940,502317,34559,16673,17886
83975,520530,18184,250424,11941,502346,34559,16673,17886
83980,520561,18186,250440,11942,502375,34560,16674,17886
83985,520592,18188,250458,11943,502404,34561,16674,17887
83990,520623,18191,250472,11945,502432,34562,16675,17887
83995,520654,18193,250487,11947,502460,34563,16675,17888
84000,520685,18197,250503,11950,502488,34563,16675,17888
84005,520716,18199,250518,11950,502516,34563,16675,17888
84010,520747,18202,250536,11952,502544,34563,16675,17888
84015,520778,18205,250547,11953,502573,34563,16675,17888
84020,520809,18207,250560,11953,502601,34563,16675,17888
84025,520840,18210,250573,11955,502629,34563,16675,17888
84030,520871,18213,250586,11957,502657,34563,16675,17888
84035,520902,18216,250599,11959,502686,34563,16675,17888
84040,520933,18218,250613,11960,502715,34563,16675,17888
84045,520964,18220,250625,11960,502744,34563,16675,17888
84050,520995,18223,250643,11963,502772,34563,16675,17888
84055,521026,18226,250658,11965,502800,34563,16675,17888
84060,521057,18228,250677,11966,502829,34563,16675,17888
84065,521088,18229,250693,11966,502859,34563,16675,17888
84070,521119,18230,250706,11966,502889,34563,16675,17888
84075,521150,18231,250720,11967,502919,34563,16675,17888
84080,521181,18232,250736,11968,502949,34563,16675,17888
84085,521212,18233,250750,11968,502979,34563,16675,17888
84090,521243,18234,250764,11969,503009,34563,16675,17888
84095,521274,18235,250784,11970,503039,34563,16675,17888
84100,521305,18236,250799,11970,503069,34563,16675,17888
84105,521336,18237,250815,11971,503099,34564,16675,17889
84110,521367,18238,250833,11972,503129,34565,16676,17889
84115,521398,18239,250851,11972,503159,34566,16676,17890
84120,521429,18240,250865,11972,503189,34567,16676,17891
84125,521460,18241,250882,11972,503219,34567,16676,17891
84130,521491,18242,250897,11973,503249,34567,16676,17891
84135,521522,18243,250914,11973,503279,34567,16676,17891
84140,521553,18244,250926,11973,503309,34567,16676,17891
84145,521584,18245,250944,11974,503339,34567,16676,17891
84150,521615,18246,250955,11974,503369,34567,16676,17891
84155,521646,18247,250970,11975,503399,34567,16676,17891
84160,521677,18248,250981,11976,503429,34567,16676,17891
84165,521708,18249,250997,11977,503459,34567,16676,17891
84170,521739,18251,251010,11977,503488,34567,16676,17891
84175,521770,18254,251025,11979,503516,34567,16676,17891
84180,521801,18257,251035,11981,503544,34567,16676,17891
84185,521832,18260,251052,11984,503572,34567,16676,17891
84190,521863,18262,251066,11984,503601,34567,16676,17891
84195,521894,18265,251081,11986,503629,34567,16676,17891
84200,521925,18268,251097,11988,503657,34567,16676,17891
84205,521956,18270,251112,11988,503686,34567,16676,17891
84210,521987,18272,251129,11990,503715,34567,16676,17891
84215,522018,18275,251145,11991,503742,34567,16676,17891
84220,522049,18278,251161,11992,503770,34567,16676,17891
84225,522080,18282,251180,11996,503797,34567,16676,17891
84230,522111,18285,251193,11997,503826,34568,16677,17891
84235,522142,18288,251210,11999,503853,34569,16678,17891
84240,522173,18291,251221,12001,503882,34570,16678,17892
84245,522204,18292,251233,12001,503912,34570,16678,17892
84250,522235,18293,251249,12002,503942,34570,16678,17892
84255,522266,18294,251266,12003,503972,34570,16678,17892
84260,522297,18295,251280,12003,504002,34570,16678,17892
84265,522328,18296,251297,12003,504032,34570,16678,17892
84270,522359,18297,251309,12003,504062,34570,16678,17892
84275,522390,18298,251326,12004,504092,34570,16678,17892
84280,522421,18299,251340,12004,504122,34570,16678,17892
84285,522452,18300,251351,12004,504152,34570,16678,17892
84290,522483,18301,251371,12005,504182,34570,16678,17892
84295,522514,18302,251384,12006,504212,34570,16678,17892
84300,522545,18303,251396,12006,504242,34570,16678,17892
84305,522576,18304,251415,12006,504272,34570,16678,17892
84310,522607,18305,251429,12006,504302,34570,16678,17892
84315,522638,18306,251443,12006,504332,34570,16678,17892
84320,522669,18307,251457,12007,504362,34570,16678,17892
84325,522700,18308,251476,12008,504392,34570,16678,17892
84330,522731,18309,251490,12009,504422,34570,16678,17892
84335,522762,18310,251513,12010,504452,34570,16678,17892
84340,522793,18311,251531,12011,504482,34570,16678,17892
84345,522824,18313,251548,12012,504511,34570,16678,17892
84350,522855,18315,251563,12013,504540,34571,16679,17892
84355,522886,18317,251581,12014,504569,34572,16680,17892
84360,522917,18320,251597,12016,504597,34573,16680,17893
84365,522948,18323,251612,12018,504625,34573,16680,17893
84370,522979,18325,251627,12018,504654,34573,16680,17893
84375,523010,18328,251644,12021,504682,34573,16680,17893
84380,523041,18331,251662,12024,504710,34573,16680,17893
84385,523072,18333,251679,12024,504739,34573,16680,17893
84390,523103,18336,251695,12025,504767,34573,16680,17893
84395,523134,18339,251714,12028,504795,34573,16680,17893
84400,523165,18342,251727,12030,504823,34573,16680,17893
84405,523196,18344,251740,12030,504852,34573,16680,17893
84410,523227,18347,251748,12032,504880,34573,16680,17893
84415,523258,18349,251760,12034,504908,34573,16680,17893
84420,523289,18352,251774,12036,504937,34573,16680,17893
84425,523320,18354,251794,12038,504966,34573,16680,17893
84430,523351,18355,251809,12038,504996,34573,16680,17893
84435,523382,18356,251819,12039,505026,34573,16680,17893
84440,523413,18357,251831,12039,505056,34573,16680,17893
84445,523444,18358,251839,12039,505086,34573,16680,17893
84450,523475,18359,251851,12039,505116,34573,16680,17893
84455,523506,18360,251866,12039,505146,34573,16680,17893
84460,523537,18361,251880,12039,505176,34573,16680,17893
84465,523568,18362,251896,12040,505206,34573,16680,17893
84470,523599,18363,251914,12040,505236,34574,16681,17893
84475,523630,18364,251929,12041,505266,34575,16682,17893
84480,523661,18365,251944,12042,505296,34576,16682,17894
84485,523692,18366,251958,12042,505326,34576,16682,17894
84490,523723,18367,251972,12043,505356,34576,16682,17894
84495,523754,18368,251985,12044,505386,34576,16682,17894
84500,523785,18369,251999,12044,505416,34576,16682,17894
84505,523816,18370,252013,12044,505446,34576,16682,17894
84510,523847,18371,252028,12045,505476,34576,16682,17894
84515,523878,18372,252043,12046,505506,34576,16682,17894
84520,523909,18373,252060,12047,505536,34576,16682,17894
84525,523940,18374,252077,12048,505566,34576,16682,17894
84530,523971,18375,252088,12049,505596,34576,16682,17894
84535,524002,18377,252101,12050,505625,34576,16682,17894
84540,524033,18379,252114,12050,505654,34576,16682,17894
84545,524064,18381,252129,12051,505683,34576,16682,17894
84550,524095,18383,252146,12052,505712,34576,16682,17894
84555,524126,18385,252165,12053,505741,34576,16682,17894
84560,524157,18387,252181,12054,505770,34576,16682,17894
84565,524188,18389,252196,12055,505799,34576,16682,17894
84570,524219,18391,252208,12055,505828,34576,16682,17894
84575,524250,18393,252219,12056,505857,34576,16682,17894
84580,524281,18395,252233,12057,505886,34576,16682,17894
84585,524312,18397,252250,12057,505915,34577,16682,17895
84590,524343,18399,252265,12058,505944,34578,16682,17896
84595,524374,18401,252274,12059,505973,34579,16682,17897
84600,524405,18403,252290,12060,506002,34580,16683,17897
84605,524436,18405,252303,12061,506030,34580,16683,17897
84610,524467,18408,252316,12062,506059,34580,16683,17897
84615,524498,18410,252335,12063,506088,34580,16683,17897
84620,524529,18412,252350,12063,506116,34580,16683,17897
84625,524560,18415,252362,12064,506144,34580,16683,17897
84630,524591,18418,252381,12066,506173,34580,16683,17897
84635,524622,18420,252392,12066,506201,34580,16683,17897
84640,524653,18423,252406,12069,506230,34580,16683,17897
84645,524684,18425,252425,12070,506258,34580,16683,17897
84650,524715,18428,252439,12072,506287,34580,16683,17897
84655,524746,18430,252451,12072,506315,34580,16683,17897
84660,524777,18433,252462,12073,506343,34580,16683,17897
84665,524808,18436,252475,12074,506372,34580,16683,17897
84670,524839,18438,252490,12074,506401,34580,16683,17897
84675,524870,18440,252501,12075,506429,34580,16683,17897
84680,524901,18443,252516,12078,506457,34580,16683,17897
84685,524932,18446,252532,12080,506486,34580,16683,17897
84690,524963,18448,252545,12081,506515,34580,16683,17897
84695,524994,18450,252561,12082,506544,34580,16683,17897
84700,525025,18452,252579,12082,506572,34580,16683,17897
84705,525056,18455,252590,12083,506601,34580,16683,17897
84710,525087,18457,252607,12083,506629,34581,16683,17898
84715,525118,18460,252623,12086,506658,34582,16683,17899
84720,525149,18462,252639,12087,506687,34583,16684,17899
84725,525180,18464,252649,12089,506716,34584,16684,17900
84730,525211,18465,252671,12090,506746,34585,16684,17901
84735,525242,18466,252686,12090,506776,34585,16684,17901
84740,525273,18467,252701,12091,506806,34585,16684,17901
84745,525304,18468,252716,12092,506836,34585,16684,17901
84750,525335,18469,252726,12092,506866,34585,16684,17901
84755,525366,18470,252743,12093,506896,34585,16684,17901
84760,525397,18471,252759,12094,506926,34585,16684,17901
84765,525428,18472,252774,12095,506956,34585,16684,17901
84770,525459,18473,252785,12095,506986,34585,16684,17901
84775,525490,18474,252800,12096,507016,34585,16684,17901
84780,525521,18475,252816,12097,507046,34585,16684,17901
84785,525552,18476,252830,12098,507076,34585,16684,17901
84790,525583,18477,252849,12099,507106,34585,16684,17901
84795,525614,18478,252866,12099,507136,34585,16684,17901
84800,525645,18479,252875,12099,507166,34585,16684,17901
84805,525676,18480,252887,12099,507196,34585,16684,17901
84810,525707,18481,252900,12099,507226,34585,16684,17901
84815,525738,18482,252913,12099,507256,34585,16684,17901
84820,525769,18483,252931,12100,507286,34585,16684,17901
84825,525800,18484,252950,12101,507316,34585,16684,17901
84830,525831,18486,252967,12102,507345,34585,16684,17901
84835,525862,18488,252977,12102,507374,34586,16685,17901
84840,525893,18490,252996,12102,507403,34587,16686,17901
84845,525924,18492,253009,12102,507432,34588,16687,17901
84850,525955,18494,253025,12103,507461,34589,16688,17901
84855,525986,18496,253041,12104,507490,34590,16689,17901
84860,526017,18498,253058,12105,507519,34590,16689,17901
84865,526048,18500,253076,12107,507548,34590,16689,17901
84870,526079,18502,253093,12107,507577,34590,16689,17901
84875,526110,18504,253108,12107,507606,34590,16689,17901
84880,526141,18506,253119,12108,507635,34590,16689,17901
84885,526172,18508,253131,12109,507664,34590,16689,17901
84890,526203,18510,253147,12110,507693,34590,16689,17901
84895,526234,18512,253158,12110,507722,34590,16689,17901
84900,526265,18514,253174,12111,507751,34590,16689,17901
84905,526296,18516,253192,12112,507780,34590,16689,17901
84910,526327,18518,253206,12114,507808,34590,16689,17901
84915,526358,18521,253222,12116,507836,34590,16689,17901
84920,526389,18524,253243,12118,507864,34590,16689,17901
84925,526420,18527,253257,12120,507893,34590,16689,17901
84930,526451,18529,253274,12120,507922,34590,16689,17901
84935,526482,18531,253289,12122,507950,34590,16689,17901
84940,526513,18534,253305,12123,507978,34590,16689,17901
84945,526544,18537,253322,12125,508006,34590,16689,17901
84950,526575,18540,253336,12127,508035,34590,16689,17901
84955,526606,18542,253347,12128,508064,34590,16689,17901
84960,526637,18544,253360,12130,508093,34590,16689,17901
84965,526668,18546,253379,12132,508121,34591,16690,17901
84970,526699,18549,253389,12133,508150,34592,16690,17902
84975,526730,18551,253408,12135,508178,34593,16691,17902
84980,526761,18554,253425,12138,508206,34594,16692,17902
84985,526792,18557,253444,12139,508234,34595,16692,17903
84990,526823,18560,253455,12141,508262,34595,16692,17903
84995,526854,18563,253468,12143,508291,34595,16692,17903
85000,526885,18565,253479,12143,508319,34595,16692,17903
85005,526916,18568,253494,12144,508348,34595,16692,17903
85010,526947,18569,253507,12145,508378,34595,16692,17903
85015,526978,18570,253520,12145,508408,34595,16692,17903
85020,527009,18571,253534,12145,508438,34595,16692,17903
85025,527040,18572,253547,12145,508468,34595,16692,17903
85030,527071,18573,253561,12146,508498,34595,16692,17903
85035,527102,18574,253577,12146,508528,34595,16692,17903
85040,527133,18575,253592,12146,508558,34595,16692,17903
85045,527164,18576,253608,12147,508588,34595,16692,17903
85050,527195,18577,253630,12148,508618,34595,16692,17903
85055,527226,18578,253648,12148,508648,34595,16692,17903
85060,527257,18579,253667,12148,508678,34595,16692,17903
85065,527288,18580,253682,12148,508708,34595,16692,17903
85070,527319,18581,253695,12148,508738,34595,16692,17903
85075,527350,18582,253709,12149,508768,34595,16692,17903
85080,527381,18583,253726,12149,508798,34595,16692,17903
85085,527412,18584,253737,12149,508828,34595,16692,17903
85090,527443,18585,253748,12149,508858,34595,16692,17903
85095,527474,18586,253759,12150,508888,34596,16693,17903
85100,527505,18587,253772,12150,508918,34597,16693,17904
85105,527536,18588,253787,12150,508948,34598,16694,17904
85110,527567,18590,253806,12152,508977,34599,16694,17905
85115,527598,18592,253823,12152,509006,34600,16695,17905
85120,527629,18594,253842,12152,509035,34601,16695,17906
85125,527660,18596,253855,12153,509064,34601,16695,17906
85130,527691,18598,253872,12155,509093,34601,16695,17906
85135,527722,18600,253887,12157,509122,34601,16695,17906
85140,527753,18602,253905,12158,509151,34601,16695,17906
85145,527784,18604,253922,12160,509180,34601,16695,17906
85150,527815,18606,253939,12162,509209,34601,16695,17906
85155,527846,18608,253956,12162,509238,34601,16695,17906
85160,527877,18610,253971,12162,509267,34601,16695,17906
85165,527908,18612,253985,12162,509296,34601,16695,17906
85170,527939,18614,254006,12163,509325,34601,16695,17906
85175,527970,18616,254024,12164,509354,34601,16695,17906
85180,528001,18618,254037,12166,509383,34601,16695,17906
85185,528032,18620,254048,12168,509412,34601,16695,17906
85190,528063,18622,254067,12169,509440,34601,16695,17906
85195,528094,18625,254083,12171,509469,34601,16695,17906
85200,528125,18627,254095,12172,509497,34601,16695,17906
85205,528156,18630,254106,12173,509526,34601,16695,17906
85210,528187,18632,254126,12174,509554,34601,16695,17906
85215,528218,18635,254143,12176,509583,34601,16695,17906
85220,528249,18637,254156,12177,509612,34601,16695,17906
85225,528280,18639,254170,12178,509641,34601,16695,17906
85230,528311,18641,254189,12180,509669,34602,16696,17906
85235,528342,18644,254201,12183,509698,34603,16696,17907
85240,528373,18646,254209,12183,509727,34604,16697,17907
85245,528404,18648,254223,12183,509755,34605,16697,17908
85250,528435,18651,254242,12185,509783,34606,16697,17909
85255,528466,18654,254258,12186,509811,34607,16697,17910
85260,528497,18657,254268,12188,509840,34608,16697,17911
85265,528528,18659,254288,12190,509868,34608,16697,17911
85270,528559,18662,254302,12192,509896,34608,16697,17911
85275,528590,18665,254317,12193,509924,34608,16697,17911
85280,528621,18668,254334,12194,509953,34608,16697,17911
85285,528652,18670,254350,12195,509982,34608,16697,17911
85290,528683,18672,254362,12197,510010,34608,16697,17911
85295,528714,18675,254379,12199,510038,34608,16697,17911
85300,528745,18678,254390,12201,510067,34608,16697,17911
85305,528776,18679,254408,12202,510097,34608,16697,17911
85310,528807,18680,254424,12202,510127,34608,16697,17911
85315,528838,18681,254439,12202,510157,34608,16697,17911
85320,528869,18682,254451,12203,510187,34608,16697,17911
85325,528900,18683,254469,12203,510217,34608,16697,17911
85330,528931,18684,254487,12203,510247,34608,16697,17911
85335,528962,18685,254499,12203,510277,34608,16697,17911
85340,528993,18686,254511,12203,510307,34608,16697,17911
85345,529024,18687,254524,12204,510337,34608,16697,17911
85350,529055,18688,254536,12205,510367,34608,16697,17911
85355,529086,18689,254550,12205,510397,34608,16697,17911
85360,529117,18690,254560,12205,510427,34608,16697,17911
85365,529148,18691,254574,12206,510457,34608,16697,17911
85370,529179,18692,254589,12207,510487,34609,16697,17912
85375,529210,18693,254604,12207,510517,34610,16697,17913
85380,529241,18694,254619,12208,510547,34611,16698,17913
85385,529272,18695,254633,12208,510577,34611,16698,17913
85390,529303,18696,254651,12209,510607,34611,16698,17913
85395,529334,18697,254666,12209,510637,34611,16698,17913
85400,529365,18698,254679,12209,510667,34611,16698,17913
85405,529396,18700,254692,12211,510696,34611,16698,17913
85410,529427,18702,254710,12212,510725,34611,16698,17913
85415,529458,18704,254724,12212,510754,34611,16698,17913
85420,529489,18706,254741,12213,510783,34611,16698,17913
85425,529520,18708,254752,12214,510812,34611,16698,17913
85430,529551,18710,254764,12215,510841,34611,16698,17913
85435,529582,18712,254778,12217,510870,34611,16698,17913
85440,529613,18714,254796,12217,510899,34611,16698,17913
85445,529644,18716,254816,12218,510928,34611,16698,17913
85450,529675,18718,254830,12220,510957,34611,16698,17913
85455,529706,18720,254848,12222,510986,34611,16698,17913
85460,529737,18722,254863,12224,511015,34611,16698,17913
85465,529768,18724,254883,12226,511044,34611,16698,17913
85470,529799,18726,254896,12228,511073,34611,16698,17913
85475,529830,18728,254908,12230,511102,34611,16698,17913
85480,529861,18730,254923,12231,511130,34611,16698,17913
85485,529892,18733,254938,12234,511158,34612,16699,17913
85490,529923,18736,254953,12236,511186,34613,16699,17914
85495,529954,18739,254968,12238,511214,34614,16700,17914
85500,529985,18742,254980,12239,511242,34615,16700,17915
85505,530016,18745,254992,12241,511270,34616,16700,17916
85510,530047,18748,255007,12243,511299,34616,16700,17916
85515,530078,18750,255025,12244,511328,34616,16700,17916
85520,530109,18752,255039,12244,511356,34616,16700,17916
85525,530140,18755,255052,12245,511385,34616,16700,17916
85530,530171,18757,255069,12246,511413,34616,16700,17916
85535,530202,18760,255087,12248,511442,34616,16700,17916
85540,530233,18762,255098,12248,511470,34616,16700,17916
85545,530264,18765,255110,12249,511499,34616,16700,17916
85550,530295,18767,255122,12249,511528,34616,16700,17916
85555,530326,18769,255134,12249,511557,34616,16700,17916
85560,530357,18771,255154,12250,511586,34616,16700,17916
85565,530388,18773,255171,12252,511614,34616,16700,17916
85570,530419,18776,255186,12254,511643,34616,16700,17916
85575,530450,18778,255202,12255,511671,34616,16700,17916
85580,530481,18781,255215,12257,511700,34616,16700,17916
85585,530512,18783,255226,12258,511729,34616,16700,17916
85590,530543,18785,255243,12259,511757,34616,16700,17916
85595,530574,18788,255252,12260,511786,34616,16700,17916
85600,530605,18789,255265,12260,511816,34616,16700,17916
85605,530636,18790,255282,12260,511846,34616,16700,17916
85610,530667,18791,255292,12260,511876,34616,16700,17916
85615,530698,18792,255305,12261,511906,34617,16700,17917
85620,530729,18793,255319,12261,511936,34618,16701,17917
85625,530760,18794,255334,12261,511966,34619,16701,17918
85630,530791,18795,255353,12262,511996,34619,16701,17918
85635,530822,18796,255368,12263,512026,34619,16701,17918
85640,530853,18797,255382,12264,512056,34619,16701,17918
85645,530884,18798,255396,12264,512086,34619,16701,17918
85650,530915,18799,255408,12265,512116,34619,16701,17918
85655,530946,18800,255427,12265,512146,34619,16701,17918
85660,530977,18801,255438,12265,512176,34619,16701,17918
85665,531008,18802,255451,12266,512206,34619,16701,17918
85670,531039,18803,255464,12266,512236,34619,16701,17918
85675,531070,18804,255477,12266,512266,34619,16701,17918
85680,531101,18805,255494,12266,512296,34619,16701,17918
85685,531132,18806,255509,12266,512326,34619,16701,17918
85690,531163,18807,255525,12267,512356,34619,16701,17918
85695,531194,18808,255545,12268,512386,34619,16701,17918
85700,531225,18810,255567,12269,512415,34619,16701,17918
85705,531256,18812,255583,12270,512444,34619,16701,17918
85710,531287,18814,255602,12270,512473,34619,16701,17918
85715,531318,18816,255615,12272,512502,34619,16701,17918
85720,531349,18818,255633,12273,512531,34619,16701,17918
85725,531380,18820,255649,12275,512560,34619,16701,17918
85730,531411,18822,255665,12276,512589,34619,16701,17918
85735,531442,18824,255680,12277,512618,34619,16701,17918
85740,531473,18826,255693,12278,512647,34619,16701,17918
85745,531504,18828,255710,12278,512676,34619,16701,17918
85750,531535,18830,255723,12280,512705,34619,16701,17918
85755,531566,18832,255736,12282,512734,34619,16701,17918
85760,531597,18834,255748,12282,512763,34619,16701,17918
85765,531628,18836,255765,12284,512792,34619,16701,17918
85770,531659,18838,255780,12285,512821,34619,16701,17918
85775,531690,18840,255798,12286,512850,34619,16701,17918
85780,531721,18842,255814,12287,512879,34619,16701,17918
85785,531752,18844,255827,12288,512907,34619,16701,17918
85790,531783,18847,255840,12291,512936,34619,16701,17918
85795,531814,18849,255855,12292,512965,34619,16701,17918
85800,531845,18851,255864,12293,512994,34619,16701,17918
85805,531876,18853,255879,12294,513022,34619,16701,17918
85810,531907,18856,255890,12297,513051,34619,16701,17918
85815,531938,18858,255904,12298,513080,34619,16701,17918
85820,531969,18860,255920,12299,513109,34619,16701,17918
85825,532000,18862,255938,12299,513137,34619,16701,17918
85830,532031,18865,255956,12301,513165,34619,16701,17918
85835,532062,18868,255971,12302,513193,34619,16701,17918
85840,532093,18871,255984,12304,513221,34619,16701,17918
85845,532124,18874,255995,12305,513250,34619,16701,17918
85850,532155,18876,256008,12305,513279,34619,16701,17918
85855,532186,18878,256023,12306,513307,34619,16701,17918
85860,532217,18881,256037,12307,513336,34619,16701,17918
85865,532248,18883,256054,12309,513365,34619,16701,17918
85870,532279,18885,256067,12311,513394,34619,16701,17918
85875,532310,18887,256081,12312,513422,34619,16701,17918
85880,532341,18890,256093,12313,513451,34619,16701,17918
85885,532372,18892,256110,12313,513480,34619,16701,17918
85890,532403,18894,256122,12314,513509,34619,16701,17918
85895,532434,18896,256137,12315,513538,34619,16701,17918
85900,532465,18898,256154,12317,513566,34619,16701,17918
85905,532496,18901,256171,12319,513594,34619,16701,17918
85910,532527,18904,256183,12321,513623,34619,16701,17918
85915,532558,18906,256200,12323,513652,34619,16701,17918
85920,532589,18908,256219,12324,513680,34619,16701,17918
85925,532620,18911,256232,12326,513708,34619,16701,17918
85930,532651,18913,256247,12328,513738,34619,16701,17918
85935,532682,18914,256266,12329,513768,34619,16701,17918
85940,532713,18915,256280,12329,513798,34619,16701,17918
85945,532744,18916,256297,12330,513828,34619,16701,17918
85950,532775,18917,256315,12330,513858,34619,16701,17918
85955,532806,18918,256330,12331,513888,34619,16701,17918
85960,532837,18919,256346,12332,513918,34619,16701,17918
85965,532868,18920,256361,12333,513948,34619,16701,17918
85970,532899,18921,256371,12333,513978,34619,16701,17918
85975,532930,18922,256388,12333,514008,34619,16701,17918
85980,532961,18923,256403,12334,514038,34619,16701,17918
85985,532992,18924,256419,12335,514068,34619,16701,17918
85990,533023,18925,256431,12336,514098,34619,16701,17918
85995,533054,18926,256451,12337,514128,34619,16701,17918
86000,533085,18927,256467,12337,514158,34619,16701,17918
86005,533116,18928,256482,12337,514188,34619,16701,17918
86010,533147,18929,256498,12338,514218,34619,16701,17918
86015,533178,18930,256514,12339,514248,34619,16701,17918
86020,533209,18931,256529,12340,514278,34619,16701,17918
86025,533240,18932,256546,12341,514308,34619,16701,17918
86030,533271,18933,256562,12341,514338,34619,16701,17918
86035,533302,18935,256580,12342,514367,34619,16701,17918
86040,533333,18937,256593,12344,514396,34619,16701,17918
86045,533364,18939,256607,12345,514425,34619,16701,17918
86050,533395,18941,256622,12347,514454,34619,16701,17918
86055,533426,18943,256636,12348,514483,34619,16701,17918
86060,533457,18945,256656,12350,514512,34619,16701,17918
86065,533488,18947,256675,12351,514541,34619,16701,17918
86070,533519,18949,256691,12352,514570,34619,16701,17918
86075,533550,18951,256704,12353,514599,34619,16701,17918
86080,533581,18953,256718,12355,514628,34619,16701,17918
86085,533612,18955,256734,12356,514657,34619,16701,17918
86090,533643,18957,256744,12356,514686,34619,16701,17918
86095,533674,18959,256761,12357,514715,34619,16701,17918
86100,533705,18961,256774,12359,514744,34619,16701,17918
86105,533736,18963,256791,12361,514773,34619,16701,17918
86110,533767,18965,256805,12363,514802,34619,16701,17918
86115,533798,18967,256820,12364,514830,34619,16701,17918
86120,533829,18970,256833,12365,514858,34619,16701,17918
86125,533860,18973,256850,12367,514886,34619,16701,17918
86130,533891,18976,256870,12370,514915,34619,16701,17918
86135,533922,18978,256884,12371,514943,34619,16701,17918
86140,533953,18981,256901,12372,514972,34619,16701,17918
86145,533984,18983,256915,12373,515001,34619,16701,17918
86150,534015,18985,256934,12374,515029,34619,16701,17918
86155,534046,18988,256945,12376,515058,34619,16701,17918
86160,534077,18990,256963,12378,515087,34619,16701,17918
86165,534108,18992,256979,12379,515115,34619,16701,17918
86170,534139,18995,256994,12381,515143,34619,16701,17918
86175,534170,18998,257011,12383,515172,34619,16701,17918
86180,534201,19000,257031,12385,515201,34619,16701,17918
86185,534232,19002,257046,12386,515230,34619,16701,17918
86190,534263,19004,257061,12386,515258,34619,16701,17918
86195,534294,19007,257077,12388,515286,34619,16701,17918
86200,534325,19010,257089,12389,515315,34619,16701,17918
86205,534356,19012,257102,12391,515344,34619,16701,17918
86210,534387,19014,257124,12393,515372,34619,16701,17918
86215,534418,19017,257140,12395,515401,34619,16701,17918
86220,534449,19019,257151,12396,515430,34619,16701,17918
86225,534480,19021,257167,12398,515458,34619,16701,17918
86230,534511,19024,257186,12400,515486,34619,16701,17918
86235,534542,19027,257200,12403,515515,34619,16701,17918
86240,534573,19028,257213,12404,515545,34619,16701,17918
86245,534604,19029,257226,12405,515575,34619,16701,17918
86250,534635,19030,257241,12405,515605,34619,16701,17918
86255,534666,19031,257254,12405,515635,34619,16701,17918
86260,534697,19032,257276,12406,515665,34619,16701,17918
86265,534728,19033,257288,12406,515695,34619,16701,17918
86270,534759,19034,257301,12406,515725,34619,16701,17918
86275,534790,19035,257312,12407,515755,34619,16701,17918
86280,534821,19036,257329,12407,515785,34619,16701,17918
86285,534852,19037,257347,12407,515815,34619,16701,17918
86290,534883,19038,257361,12407,515845,34619,16701,17918
86295,534914,19039,257374,12407,515875,34619,16701,17918
86300,534945,19040,257387,12407,515905,34619,16701,17918
86305,534976,19041,257402,12407,515935,34619,16701,17918
86310,535007,19042,257417,12407,515965,34619,16701,17918
86315,535038,19043,257433,12407,515995,34619,16701,17918
86320,535069,19044,257445,12407,516025,34619,16701,17918
86325,535100,19045,257458,12407,516055,34619,16701,17918
86330,535131,19046,257472,12407,516085,34619,16701,17918
86335,535162,19047,257489,12408,516115,34619,16701,17918
86340,535193,19049,257498,12409,516144,34619,16701,17918
86345,535224,19051,257513,12411,516173,34619,16701,17918
86350,535255,19053,257525,12412,516202,34619,16701,17918
86355,535286,19055,257536,12413,516231,34619,16701,17918
86360,535317,19057,257553,12413,516260,34619,16701,17918
86365,535348,19059,257570,12414,516289,34619,16701,17918
86370,535379,19061,257587,12415,516318,34619,16701,17918
86375,535410,19063,257605,12415,516347,34619,16701,17918
86380,535441,19065,257620,12417,516376,34619,16701,17918
86385,535472,19067,257631,12418,516405,34619,16701,17918
86390,535503,19069,257648,12418,516434,34619,16701,17918
86395,535534,19071,257665,12419,516463,34619,16701,17918
86400,535565,19073,257685,12420,516492,34619,16701,17918
86405,535596,19075,257701,12420,516520,34619,16701,17918
86410,535627,19078,257712,12421,516548,34619,16701,17918
86415,535658,19081,257724,12423,516577,34619,16701,17918
86420,535689,19083,257738,12424,516606,34619,16701,17918
86425,535720,19085,257752,12424,516634,34619,16701,17918
86430,535751,19088,257769,12427,516662,34619,16701,17918
86435,535782,19091,257790,12429,516690,34619,16701,17918
86440,535813,19094,257802,12431,516719,34619,16701,17918
