Time,  Packets Generated,  Packets Reached,High Priority Packets Generated, High Priority Packets reached, Packet Dropped, Packet Dropped due to Faulty Node, High Prio Packet Dropped due to Faulty Node, Low Prio Packet Dropped due to Faulty Node 
5,1,1,1,1,0,0,0,0
10,7,4,6,3,3,3,3,0
15,15,7,9,3,7,7,6,1
20,31,14,16,8,15,15,8,7
25,50,23,26,12,25,25,13,12
30,74,36,36,18,36,36,17,19
35,102,49,46,22,50,50,24,26
40,133,64,64,29,66,66,33,33
45,164,79,81,34,82,82,44,38
50,195,94,96,45,98,98,51,47
55,226,109,110,53,114,114,57,57
60,257,122,125,58,132,130,65,65
65,288,133,140,67,152,142,72,70
70,319,146,157,77,168,154,77,77
75,350,160,173,87,184,166,83,83
80,381,167,188,91,211,187,94,93
85,412,175,202,96,236,206,105,101
90,443,182,213,100,259,220,110,110
95,474,188,226,104,283,238,117,121
100,505,194,237,107,310,257,126,131
105,536,201,250,113,332,271,130,141
110,567,207,259,117,357,287,136,151
115,598,216,278,123,380,303,149,154
120,629,224,292,128,402,320,157,163
125,660,230,310,134,423,333,164,169
130,691,238,329,142,447,347,174,173
135,722,245,347,149,474,361,186,175
140,753,251,363,154,500,374,195,179
145,784,251,377,154,532,386,203,183
150,815,251,385,154,564,397,210,187
155,846,251,398,154,595,408,215,193
160,877,251,412,154,626,416,220,196
165,908,251,427,154,657,420,222,198
170,939,251,442,154,688,423,224,199
175,970,251,460,154,719,426,226,200
180,1001,251,473,154,750,427,226,201
185,1032,251,488,154,781,428,226,202
190,1063,252,505,154,811,429,226,203
195,1094,253,518,155,841,430,226,204
200,1125,254,536,156,871,431,227,204
205,1156,255,552,157,901,432,228,204
210,1187,256,569,158,931,433,229,204
215,1218,257,583,159,961,434,230,204
220,1249,258,596,159,991,435,230,205
225,1280,259,612,160,1021,436,231,205
230,1311,261,624,161,1050,437,231,206
235,1342,263,635,162,1079,438,232,206
240,1373,266,653,164,1107,439,232,207
245,1404,270,668,167,1133,440,233,207
250,1435,274,684,170,1161,441,234,207
255,1466,277,699,171,1188,442,234,208
260,1497,282,713,175,1214,444,235,209
265,1528,285,730,177,1242,450,239,211
270,1559,288,744,178,1270,456,245,211
275,1590,292,756,182,1298,462,248,214
280,1621,295,772,185,1325,469,252,217
285,1652,299,786,188,1353,478,258,220
290,1683,301,806,190,1381,487,264,223
295,1714,304,819,191,1410,496,270,226
300,1745,306,833,192,1439,506,277,229
305,1776,307,845,192,1468,510,279,231
310,1807,309,859,194,1497,512,280,232
315,1838,311,875,196,1527,514,282,232
320,1869,312,891,196,1556,516,284,232
325,1900,314,905,197,1585,519,285,234
330,1931,316,927,199,1614,522,288,234
335,1962,318,942,201,1643,524,290,234
340,1993,320,954,202,1672,526,290,236
345,2024,322,967,203,1701,528,290,238
350,2055,324,986,205,1730,532,292,240
355,2086,326,1001,207,1760,535,293,242
360,2117,326,1017,207,1791,538,295,243
365,2148,328,1033,208,1820,539,295,244
370,2179,332,1049,210,1847,540,296,244
375,2210,336,1065,212,1874,541,296,245
380,2241,340,1080,216,1901,542,296,246
385,2272,343,1097,218,1929,543,297,246
390,2303,343,1111,218,1960,544,298,246
395,2334,343,1123,218,1991,545,298,247
400,2365,343,1139,218,2022,546,299,247
405,2396,343,1157,218,2053,547,299,248
410,2427,343,1175,218,2084,552,303,249
415,2458,343,1186,218,2114,556,304,252
420,2489,343,1197,218,2145,561,308,253
425,2520,345,1215,220,2175,563,310,253
430,2551,347,1226,221,2204,565,311,254
435,2582,349,1245,223,2233,567,312,255
440,2613,350,1258,224,2263,569,312,257
445,2644,351,1276,225,2293,571,312,259
450,2675,352,1289,225,2323,573,314,259
455,2706,353,1302,225,2353,575,315,260
460,2737,354,1316,226,2383,577,315,262
465,2768,356,1329,228,2412,579,317,262
470,2799,356,1350,228,2443,582,319,263
475,2830,356,1363,228,2474,585,321,264
480,2861,359,1380,231,2502,588,322,266
485,2892,360,1395,232,2532,590,322,268
490,2923,361,1409,233,2562,591,323,268
495,2954,363,1421,233,2591,592,323,269
500,2985,365,1438,234,2620,593,323,270
505,3016,368,1454,237,2648,594,323,271
510,3047,370,1464,238,2677,595,323,272
515,3078,373,1477,240,2705,596,324,272
520,3109,375,1491,240,2734,597,324,273
525,3140,378,1507,243,2762,598,324,274
530,3171,381,1517,245,2790,600,324,276
535,3202,383,1530,246,2819,602,325,277
540,3233,386,1547,248,2846,604,326,278
545,3264,389,1565,250,2875,605,327,278
550,3295,391,1581,251,2904,607,328,279
555,3326,393,1602,251,2933,608,329,279
560,3357,395,1618,251,2962,609,329,280
565,3388,397,1642,252,2991,610,329,281
570,3419,399,1660,252,3020,611,330,281
575,3450,402,1673,253,3048,612,330,282
580,3481,405,1686,254,3076,613,330,283
585,3512,408,1696,255,3104,614,330,284
590,3543,414,1711,260,3127,617,331,286
595,3574,420,1720,263,3153,620,332,288
600,3605,427,1733,268,3176,623,333,290
605,3636,430,1748,270,3205,625,335,290
610,3667,431,1763,270,3236,627,337,290
615,3698,432,1779,270,3265,629,338,291
620,3729,433,1794,271,3296,631,338,293
625,3760,434,1806,272,3326,633,339,294
630,3791,435,1820,272,3355,635,340,295
635,3822,436,1836,272,3386,637,340,297
640,3853,437,1856,273,3416,639,342,297
645,3884,437,1878,273,3447,641,344,297
650,3915,437,1890,273,3478,643,345,298
655,3946,437,1901,273,3509,645,345,300
660,3977,437,1919,273,3540,647,345,302
665,4008,437,1936,273,3571,649,346,303
670,4039,437,1954,273,3602,651,347,304
675,4070,437,1967,273,3633,653,348,305
680,4101,437,1980,273,3664,655,349,306
685,4132,437,1997,273,3695,657,349,308
690,4163,437,2009,273,3726,660,351,309
695,4194,437,2026,273,3757,663,352,311
700,4225,437,2040,273,3788,666,354,312
705,4256,437,2057,273,3819,670,355,315
710,4287,437,2071,273,3850,674,357,317
715,4318,438,2087,273,3877,678,360,318
720,4349,445,2105,280,3902,681,361,320
725,4380,450,2123,284,3930,682,361,321
730,4411,453,2138,286,3958,683,361,322
735,4442,456,2150,287,3986,684,361,323
740,4473,459,2167,287,4014,685,362,323
745,4504,462,2182,289,4042,686,362,324
750,4535,465,2200,292,4070,687,362,325
755,4566,468,2217,294,4098,689,363,326
760,4597,471,2232,296,4126,691,364,327
765,4628,474,2244,296,4154,692,364,328
770,4659,477,2262,298,4182,693,364,329
775,4690,480,2274,298,4210,694,365,329
780,4721,483,2290,299,4238,695,366,329
785,4752,486,2307,302,4266,696,366,330
790,4783,489,2321,304,4294,697,367,330
795,4814,492,2337,306,4322,698,367,331
800,4845,495,2350,306,4350,699,367,332
805,4876,498,2362,307,4378,700,367,333
810,4907,501,2378,309,4406,702,368,334
815,4938,504,2398,311,4434,705,371,334
820,4969,507,2409,313,4462,708,372,336
825,5000,511,2426,316,4488,713,372,341
830,5031,515,2443,319,4516,719,377,342
835,5062,518,2460,321,4541,726,381,345
840,5093,524,2473,326,4566,733,383,350
845,5124,526,2489,328,4598,738,387,351
850,5155,526,2506,328,4629,742,391,351
855,5186,526,2525,328,4660,745,393,352
860,5217,526,2540,328,4691,748,393,355
865,5248,526,2553,328,4722,751,394,357
870,5279,526,2572,328,4753,754,395,359
875,5310,526,2586,328,4784,757,397,360
880,5341,526,2604,328,4815,760,399,361
885,5372,526,2615,328,4846,763,400,363
890,5403,526,2627,328,4877,766,401,365
895,5434,526,2640,328,4908,769,402,367
900,5465,526,2655,328,4939,772,404,368
905,5496,526,2668,328,4970,774,404,370
910,5527,526,2681,328,5001,776,405,371
915,5558,526,2696,328,5032,778,406,372
920,5589,526,2710,328,5063,779,406,373
925,5620,526,2723,328,5094,780,407,373
930,5651,526,2737,328,5125,781,408,373
935,5682,527,2751,329,5155,782,409,373
940,5713,530,2764,332,5183,783,409,374
945,5744,532,2778,334,5212,786,410,376
950,5775,535,2792,336,5240,789,413,376
955,5806,540,2809,339,5264,794,416,378
960,5837,547,2825,344,5288,800,420,380
965,5868,551,2843,346,5317,802,422,380
970,5899,553,2861,348,5346,804,424,380
975,5930,555,2875,349,5375,805,425,380
980,5961,557,2890,351,5404,806,425,381
985,5992,559,2911,353,5433,807,425,382
990,6023,561,2926,355,5462,808,426,382
995,6054,563,2939,356,5491,809,426,383
1000,6085,565,2953,358,5520,810,426,384
1005,6116,567,2965,358,5549,811,427,384
1010,6147,569,2986,360,5578,812,428,384
1015,6178,571,3002,361,5607,813,429,384
1020,6209,573,3017,361,5636,814,429,385
1025,6240,578,3032,364,5662,817,431,386
1030,6271,583,3047,368,5687,820,431,389
1035,6302,586,3060,370,5715,823,431,392
1040,6333,589,3081,373,5744,825,432,393
1045,6364,590,3100,373,5774,825,432,393
1050,6395,591,3114,373,5804,825,432,393
1055,6426,592,3128,373,5834,825,432,393
1060,6457,593,3139,373,5864,825,432,393
1065,6488,594,3152,373,5893,825,432,393
1070,6519,595,3171,374,5924,826,432,394
1075,6550,595,3182,374,5955,827,432,395
1080,6581,595,3199,374,5986,827,432,395
1085,6612,597,3211,375,6015,829,434,395
1090,6643,600,3226,377,6043,831,435,396
1095,6674,600,3237,377,6074,833,436,397
1100,6705,600,3254,377,6105,834,436,398
1105,6736,600,3265,377,6136,835,436,399
1110,6767,600,3282,377,6167,836,437,399
1115,6798,600,3301,377,6198,837,438,399
1120,6829,600,3318,377,6229,838,438,400
1125,6860,600,3333,377,6260,839,438,401
1130,6891,600,3347,377,6291,840,438,402
1135,6922,600,3359,377,6322,841,439,402
1140,6953,601,3375,377,6352,843,441,402
1145,6984,602,3390,378,6381,847,443,404
1150,7015,604,3403,379,6411,850,446,404
1155,7046,605,3419,380,6440,853,448,405
1160,7077,607,3431,382,6470,856,448,408
1165,7108,608,3444,382,6500,859,449,410
1170,7139,609,3462,382,6530,861,451,410
1175,7170,610,3477,383,6560,863,453,410
1180,7201,611,3497,384,6590,866,455,411
1185,7232,612,3508,385,6620,869,457,412
1190,7263,615,3523,387,6648,871,459,412
1195,7294,620,3543,392,6674,873,460,413
1200,7325,625,3558,396,6700,875,461,414
1205,7356,628,3578,398,6727,875,461,414
1210,7387,632,3602,401,6755,876,461,415
1215,7418,634,3616,402,6783,877,461,416
1220,7449,637,3636,404,6812,878,462,416
1225,7480,639,3656,405,6840,879,463,416
1230,7511,642,3668,407,6869,880,463,417
1235,7542,644,3679,407,6898,880,463,417
1240,7573,646,3690,407,6927,880,463,417
1245,7604,648,3705,407,6955,880,463,417
1250,7635,651,3719,409,6983,881,464,417
1255,7666,655,3732,412,7011,882,464,418
1260,7697,659,3754,416,7037,883,464,419
1265,7728,660,3775,417,7068,886,465,421
1270,7759,660,3789,417,7099,888,466,422
1275,7790,660,3800,417,7130,890,466,424
1280,7821,660,3813,417,7161,891,466,425
1285,7852,660,3833,417,7192,891,466,425
1290,7883,660,3845,417,7223,891,466,425
1295,7914,660,3864,417,7254,891,466,425
1300,7945,660,3879,417,7285,891,466,425
1305,7976,660,3891,417,7316,892,467,425
1310,8007,661,3902,417,7346,893,467,426
1315,8038,662,3914,417,7376,894,468,426
1320,8069,663,3926,417,7406,896,469,427
1325,8100,665,3939,419,7435,898,469,429
1330,8131,666,3958,420,7465,899,469,430
1335,8162,667,3976,420,7495,900,469,431
1340,8193,668,3991,420,7525,901,469,432
1345,8224,669,4007,421,7555,902,470,432
1350,8255,670,4018,421,7585,903,470,433
1355,8286,671,4033,421,7615,904,471,433
1360,8317,672,4051,421,7645,905,472,433
1365,8348,673,4062,421,7675,906,472,434
1370,8379,674,4076,421,7705,907,473,434
1375,8410,675,4091,422,7735,909,474,435
1380,8441,676,4108,422,7765,912,475,437
1385,8472,676,4121,422,7796,914,475,439
1390,8503,676,4140,422,7827,917,478,439
1395,8534,676,4155,422,7858,920,480,440
1400,8565,676,4172,422,7889,923,480,443
1405,8596,676,4189,422,7920,926,480,446
1410,8627,676,4206,422,7951,929,482,447
1415,8658,676,4223,422,7982,932,484,448
1420,8689,676,4239,422,8013,935,485,450
1425,8720,676,4251,422,8044,939,488,451
1430,8751,677,4261,422,8073,944,490,454
1435,8782,681,4280,426,8099,949,493,456
1440,8813,688,4294,431,8123,954,494,460
1445,8844,693,4307,434,8151,954,494,460
1450,8875,695,4318,435,8180,954,494,460
1455,8906,696,4332,435,8210,954,494,460
1460,8937,697,4351,435,8240,954,494,460
1465,8968,698,4362,435,8270,954,494,460
1470,8999,699,4373,436,8300,954,494,460
1475,9030,700,4389,436,8330,954,494,460
1480,9061,701,4407,436,8360,954,494,460
1485,9092,702,4427,436,8390,954,494,460
1490,9123,703,4446,436,8420,955,495,460
1495,9154,704,4459,436,8450,956,495,461
1500,9185,705,4474,436,8480,957,495,462
1505,9216,707,4489,438,8509,958,496,462
1510,9247,708,4506,438,8539,959,497,462
1515,9278,710,4523,439,8568,960,497,463
1520,9309,711,4533,439,8598,961,497,464
1525,9340,712,4546,439,8628,962,497,465
1530,9371,714,4560,440,8657,963,497,466
1535,9402,716,4574,442,8686,964,498,466
1540,9433,716,4589,442,8717,965,499,466
1545,9464,716,4612,442,8748,967,501,466
1550,9495,716,4630,442,8779,970,501,469
1555,9526,718,4648,444,8806,973,502,471
1560,9557,722,4662,448,8833,975,503,472
1565,9588,726,4679,451,8862,976,503,473
1570,9619,728,4699,452,8891,977,503,474
1575,9650,730,4715,452,8920,978,504,474
1580,9681,732,4733,454,8949,979,504,475
1585,9712,734,4747,454,8978,980,504,476
1590,9743,736,4763,455,9007,981,505,476
1595,9774,738,4780,457,9036,982,506,476
1600,9805,740,4794,458,9065,983,507,476
1605,9836,742,4805,458,9094,986,507,479
1610,9867,744,4821,458,9123,990,510,480
1615,9898,746,4839,459,9152,994,512,482
1620,9929,748,4856,461,9181,998,515,483
1625,9960,750,4868,462,9210,1002,517,485
1630,9991,751,4878,463,9240,1005,517,488
1635,10022,752,4892,463,9270,1008,519,489
1640,10053,753,4906,464,9300,1011,519,492
1645,10084,754,4922,464,9330,1013,520,493
1650,10115,755,4934,465,9360,1014,521,493
1655,10146,756,4954,466,9390,1015,521,494
1660,10177,757,4970,466,9420,1016,522,494
1665,10208,758,4981,466,9450,1017,522,495
1670,10239,760,4996,468,9479,1018,522,496
1675,10270,760,5010,468,9510,1019,523,496
1680,10301,760,5023,468,9541,1020,524,496
1685,10332,760,5043,468,9572,1021,525,496
1690,10363,760,5058,468,9603,1022,525,497
1695,10394,760,5080,468,9634,1023,526,497
1700,10425,760,5099,468,9665,1024,526,498
1705,10456,760,5109,468,9696,1025,526,499
1710,10487,760,5123,468,9727,1026,526,500
1715,10518,760,5137,468,9758,1027,526,501
1720,10549,760,5157,468,9789,1028,527,501
1725,10580,761,5173,469,9819,1030,528,502
1730,10611,763,5185,469,9848,1032,528,504
1735,10642,765,5203,471,9877,1034,529,505
1740,10673,767,5215,472,9905,1035,530,505
1745,10704,770,5231,474,9932,1039,533,506
1750,10735,777,5247,479,9956,1043,535,508
1755,10766,780,5261,481,9985,1047,537,510
1760,10797,782,5278,482,10015,1051,539,512
1765,10828,783,5295,482,10045,1055,542,513
1770,10859,784,5305,483,10075,1059,542,517
1775,10890,786,5323,485,10104,1063,545,518
1780,10921,788,5342,486,10133,1067,547,520
1785,10952,791,5361,488,10161,1071,547,524
1790,10983,794,5378,491,10189,1075,549,526
1795,11014,799,5398,495,10215,1079,552,527
1800,11045,802,5412,497,10243,1083,555,528
1805,11076,804,5426,498,10272,1085,556,529
1810,11107,805,5440,499,10302,1086,556,530
1815,11138,806,5456,499,10332,1087,556,531
1820,11169,807,5473,500,10362,1088,556,532
1825,11200,808,5486,500,10392,1089,556,533
1830,11231,809,5503,500,10422,1090,557,533
1835,11262,810,5524,501,10452,1091,558,533
1840,11293,811,5540,502,10482,1093,559,534
1845,11324,812,5554,502,10512,1094,559,535
1850,11355,813,5566,502,10542,1097,560,537
1855,11386,814,5577,502,10572,1100,561,539
1860,11417,817,5592,503,10600,1103,563,540
1865,11448,818,5606,504,10629,1104,564,540
1870,11479,820,5621,505,10659,1104,564,540
1875,11510,820,5635,505,10690,1104,564,540
1880,11541,820,5644,505,10721,1104,564,540
1885,11572,820,5653,505,10752,1104,564,540
1890,11603,820,5666,505,10783,1104,564,540
1895,11634,820,5680,505,10814,1104,564,540
1900,11665,820,5693,505,10845,1104,564,540
1905,11696,820,5705,505,10876,1104,564,540
1910,11727,822,5721,506,10905,1106,566,540
1915,11758,824,5741,507,10934,1108,566,542
1920,11789,827,5754,510,10962,1110,567,543
1925,11820,828,5765,510,10992,1112,568,544
1930,11851,829,5780,510,11022,1112,568,544
1935,11882,830,5799,511,11052,1112,568,544
1940,11913,831,5817,511,11082,1112,568,544
1945,11944,832,5833,512,11112,1112,568,544
1950,11975,833,5847,513,11142,1112,568,544
1955,12006,834,5862,513,11172,1112,568,544
1960,12037,835,5880,514,11202,1112,568,544
1965,12068,836,5895,514,11232,1112,568,544
1970,12099,839,5914,516,11259,1112,568,544
1975,12130,844,5930,520,11285,1113,568,545
1980,12161,850,5944,526,11310,1114,568,546
1985,12192,853,5959,528,11339,1116,569,547
1990,12223,854,5974,529,11368,1118,570,548
1995,12254,856,5989,530,11398,1120,570,550
2000,12285,857,5997,530,11427,1122,570,552
2005,12316,859,6007,531,11456,1124,570,554
2010,12347,861,6022,533,11486,1126,570,556
2015,12378,862,6031,534,11516,1128,571,557
2020,12409,863,6040,534,11546,1130,571,559
2025,12440,864,6051,534,11576,1132,572,560
2030,12471,866,6065,535,11605,1135,574,561
2035,12502,866,6080,535,11636,1138,575,563
2040,12533,866,6092,535,11667,1141,575,566
2045,12564,868,6106,536,11696,1143,575,568
2050,12595,870,6121,537,11725,1144,576,568
2055,12626,871,6138,537,11755,1145,576,569
2060,12657,873,6153,538,11784,1146,576,570
2065,12688,874,6168,538,11814,1147,577,570
2070,12719,876,6179,539,11843,1148,578,570
2075,12750,878,6189,540,11872,1149,578,571
2080,12781,879,6202,540,11902,1150,579,571
2085,12812,880,6218,541,11932,1151,579,572
2090,12843,883,6234,542,11960,1153,581,572
2095,12874,886,6253,544,11987,1156,583,573
2100,12905,890,6267,548,12015,1159,584,575
2105,12936,891,6280,549,12045,1163,584,579
2110,12967,892,6296,549,12075,1165,584,581
2115,12998,892,6317,549,12106,1166,584,582
2120,13029,892,6334,549,12137,1167,584,583
2125,13060,892,6354,549,12168,1168,585,583
2130,13091,892,6367,549,12199,1169,585,584
2135,13122,892,6378,549,12230,1170,585,585
2140,13153,892,6391,549,12261,1171,585,586
2145,13184,892,6408,549,12292,1172,585,587
2150,13215,892,6421,549,12323,1174,587,587
2155,13246,892,6435,549,12354,1177,588,589
2160,13277,892,6446,549,12385,1180,590,590
2165,13308,894,6464,550,12414,1182,591,591
2170,13339,895,6481,550,12444,1184,593,591
2175,13370,897,6497,552,12473,1186,594,592
2180,13401,899,6513,554,12502,1188,596,592
2185,13432,902,6531,556,12530,1190,597,593
2190,13463,903,6546,557,12560,1192,598,594
2195,13494,906,6560,560,12588,1194,598,596
2200,13525,907,6577,561,12618,1196,598,598
2205,13556,910,6594,563,12646,1198,599,599
2210,13587,911,6614,564,12675,1201,602,599
2215,13618,913,6626,565,12705,1203,603,600
2220,13649,918,6639,570,12731,1206,603,603
2225,13680,920,6653,571,12760,1207,603,604
2230,13711,921,6668,572,12790,1208,603,605
2235,13742,923,6677,573,12819,1209,604,605
2240,13773,924,6688,574,12849,1210,604,606
2245,13804,925,6708,575,12879,1211,605,606
2250,13835,926,6723,575,12909,1212,606,606
2255,13866,928,6734,577,12938,1213,606,607
2260,13897,929,6744,577,12968,1214,606,608
2265,13928,930,6756,578,12998,1215,606,609
2270,13959,932,6770,579,13027,1216,606,610
2275,13990,933,6784,579,13057,1217,606,611
2280,14021,934,6797,579,13087,1218,606,612
2285,14052,936,6807,581,13116,1219,606,613
2290,14083,936,6823,581,13147,1220,607,613
2295,14114,936,6838,581,13178,1221,608,613
2300,14145,936,6854,581,13209,1222,608,614
2305,14176,936,6865,581,13240,1223,608,615
2310,14207,937,6877,582,13270,1224,608,616
2315,14238,938,6890,582,13300,1225,608,617
2320,14269,939,6911,582,13330,1226,608,618
2325,14300,941,6928,583,13358,1229,608,621
2330,14331,946,6944,587,13385,1232,610,622
2335,14362,950,6955,590,13411,1236,612,624
2340,14393,953,6968,591,13439,1240,615,625
2345,14424,954,6980,592,13470,1240,615,625
2350,14455,954,6999,592,13501,1240,615,625
2355,14486,954,7013,592,13532,1240,615,625
2360,14517,954,7025,592,13563,1240,615,625
2365,14548,954,7040,592,13594,1240,615,625
2370,14579,954,7058,592,13625,1240,615,625
2375,14610,954,7076,592,13656,1240,615,625
2380,14641,954,7087,592,13687,1240,615,625
2385,14672,954,7101,592,13718,1240,615,625
2390,14703,954,7113,592,13749,1240,615,625
2395,14734,954,7130,592,13780,1240,615,625
2400,14765,954,7146,592,13811,1240,615,625
2405,14796,954,7167,592,13842,1240,615,625
2410,14827,954,7182,592,13873,1240,615,625
2415,14858,954,7195,592,13904,1240,615,625
2420,14889,954,7206,592,13935,1240,615,625
2425,14920,954,7220,592,13966,1240,615,625
2430,14951,954,7234,592,13997,1241,616,625
2435,14982,954,7250,592,14028,1242,617,625
2440,15013,954,7261,592,14059,1243,617,626
2445,15044,956,7275,594,14087,1246,619,627
2450,15075,963,7295,601,14111,1250,620,630
2455,15106,969,7308,604,14135,1256,623,633
2460,15137,977,7325,611,14159,1262,625,637
2465,15168,982,7347,616,14186,1265,627,638
2470,15199,984,7356,616,14215,1267,627,640
2475,15230,986,7372,617,14244,1269,628,641
2480,15261,988,7384,617,14273,1271,629,642
2485,15292,990,7393,617,14302,1273,629,644
2490,15323,992,7409,619,14331,1275,630,645
2495,15354,994,7425,621,14360,1276,630,646
2500,15385,996,7444,623,14389,1277,631,646
2505,15416,998,7457,623,14418,1278,631,647
2510,15447,1000,7471,624,14447,1279,631,648
2515,15478,1002,7484,624,14476,1280,631,649
2520,15509,1004,7500,626,14505,1281,631,650
2525,15540,1006,7515,628,14534,1282,632,650
2530,15571,1008,7532,630,14563,1283,633,650
2535,15602,1010,7550,630,14592,1284,633,651
2540,15633,1012,7570,632,14621,1285,633,652
2545,15664,1014,7589,634,14650,1286,634,652
2550,15695,1016,7608,635,14679,1288,636,652
2555,15726,1019,7623,636,14707,1290,637,653
2560,15757,1020,7639,637,14737,1292,638,654
2565,15788,1022,7654,639,14766,1295,639,656
2570,15819,1022,7667,639,14797,1300,640,660
2575,15850,1025,7686,641,14825,1305,643,662
2580,15881,1028,7703,644,14852,1311,646,665
2585,15912,1031,7715,646,14881,1316,651,665
2590,15943,1032,7725,647,14911,1320,653,667
2595,15974,1033,7742,647,14941,1322,654,668
2600,16005,1035,7762,649,14970,1324,655,669
2605,16036,1035,7781,649,15001,1325,655,670
2610,16067,1035,7798,649,15032,1326,655,671
2615,16098,1035,7813,649,15063,1327,655,672
2620,16129,1035,7833,649,15094,1328,656,672
2625,16160,1035,7853,649,15125,1329,657,672
2630,16191,1035,7864,649,15156,1330,657,673
2635,16222,1035,7881,649,15187,1331,657,674
2640,16253,1035,7894,649,15218,1332,658,674
2645,16284,1035,7909,649,15249,1333,659,674
2650,16315,1035,7926,649,15280,1334,660,674
2655,16346,1035,7941,649,15311,1335,660,675
2660,16377,1035,7957,649,15342,1336,661,675
2665,16408,1035,7973,649,15373,1337,661,676
2670,16439,1035,7987,649,15404,1338,661,677
2675,16470,1036,8003,649,15433,1339,662,677
2680,16501,1038,8016,650,15462,1340,663,677
2685,16532,1040,8028,651,15492,1341,663,678
2690,16563,1043,8046,652,15519,1343,663,680
2695,16594,1048,8058,655,15545,1347,666,681
2700,16625,1054,8072,659,15570,1351,669,682
2705,16656,1058,8086,661,15598,1355,671,684
2710,16687,1062,8103,664,15625,1360,671,689
2715,16718,1064,8112,664,15654,1365,674,691
2720,16749,1067,8121,665,15682,1370,677,693
2725,16780,1069,8136,666,15711,1375,680,695
2730,16811,1071,8150,666,15740,1379,683,696
2735,16842,1072,8167,667,15770,1383,685,698
2740,16873,1073,8179,668,15800,1387,686,701
2745,16904,1074,8196,668,15830,1391,687,704
2750,16935,1075,8212,668,15860,1394,689,705
2755,16966,1076,8226,668,15890,1397,690,707
2760,16997,1077,8241,669,15920,1400,691,709
2765,17028,1081,8255,671,15947,1401,692,709
2770,17059,1083,8272,672,15976,1402,693,709
2775,17090,1085,8291,673,16005,1403,693,710
2780,17121,1087,8308,673,16034,1404,694,710
2785,17152,1089,8319,674,16063,1404,694,710
2790,17183,1091,8340,674,16092,1404,694,710
2795,17214,1093,8355,674,16121,1404,694,710
2800,17245,1095,8366,676,16150,1404,694,710
2805,17276,1097,8379,676,16179,1404,694,710
2810,17307,1099,8390,676,16207,1405,694,711
2815,17338,1102,8409,679,16236,1406,694,712
2820,17369,1102,8419,679,16267,1407,695,712
2825,17400,1103,8429,679,16297,1407,695,712
2830,17431,1104,8444,679,16327,1407,695,712
2835,17462,1107,8458,682,16355,1407,695,712
2840,17493,1108,8475,683,16385,1407,695,712
2845,17524,1110,8489,684,16414,1407,695,712
2850,17555,1111,8503,684,16444,1408,695,713
2855,17586,1111,8522,684,16475,1409,696,713
2860,17617,1111,8537,684,16506,1410,697,713
2865,17648,1111,8550,684,16537,1411,697,714
2870,17679,1111,8568,684,16568,1413,698,715
2875,17710,1111,8580,684,16599,1415,698,717
2880,17741,1111,8594,684,16630,1418,700,718
2885,17772,1113,8607,686,16659,1421,700,721
2890,17803,1116,8620,688,16687,1424,701,723
2895,17834,1120,8634,690,16714,1428,704,724
2900,17865,1123,8652,692,16742,1432,708,724
2905,17896,1125,8669,694,16771,1435,710,725
2910,17927,1126,8683,694,16801,1438,711,727
2915,17958,1128,8700,694,16830,1441,712,729
2920,17989,1130,8719,695,16859,1444,715,729
2925,18020,1133,8737,697,16887,1446,715,731
2930,18051,1135,8756,699,16916,1447,715,732
2935,18082,1137,8772,699,16945,1448,716,732
2940,18113,1140,8784,700,16971,1450,716,734
2945,18144,1142,8799,702,17002,1451,717,734
2950,18175,1142,8811,702,17033,1452,718,734
2955,18206,1142,8830,702,17064,1453,718,735
2960,18237,1142,8846,702,17095,1454,718,736
2965,18268,1142,8861,702,17126,1455,719,736
2970,18299,1142,8874,702,17157,1456,719,737
2975,18330,1142,8889,702,17188,1457,719,738
2980,18361,1142,8905,702,17219,1458,719,739
2985,18392,1142,8925,702,17250,1459,720,739
2990,18423,1142,8945,702,17281,1460,720,740
2995,18454,1142,8963,702,17312,1462,720,742
3000,18485,1142,8976,702,17343,1464,721,743
3005,18516,1143,8990,703,17373,1466,722,744
3010,18547,1145,9002,704,17402,1468,724,744
3015,18578,1147,9022,706,17431,1470,725,745
3020,18609,1148,9036,707,17461,1472,725,747
3025,18640,1149,9047,707,17491,1474,726,748
3030,18671,1150,9067,707,17521,1476,727,749
3035,18702,1151,9079,708,17551,1478,727,751
3040,18733,1152,9097,708,17581,1480,728,752
3045,18764,1153,9113,708,17611,1482,729,753
3050,18795,1157,9126,710,17638,1485,729,756
3055,18826,1162,9140,714,17664,1489,730,759
3060,18857,1166,9158,715,17691,1492,733,759
3065,18888,1169,9178,717,17719,1495,734,761
3070,18919,1170,9192,718,17749,1498,734,764
3075,18950,1171,9208,719,17779,1501,736,765
3080,18981,1172,9223,719,17809,1503,737,766
3085,19012,1173,9232,720,17839,1505,738,767
3090,19043,1174,9248,720,17869,1506,739,767
3095,19074,1175,9261,721,17899,1507,740,767
3100,19105,1176,9280,721,17929,1508,740,768
3105,19136,1177,9298,721,17959,1509,740,769
3110,19167,1178,9310,722,17989,1510,741,769
3115,19198,1179,9329,723,18019,1511,741,770
3120,19229,1180,9342,724,18049,1513,742,771
3125,19260,1181,9356,725,18079,1516,742,774
3130,19291,1182,9369,725,18109,1519,744,775
3135,19322,1183,9382,726,18139,1521,745,776
3140,19353,1184,9399,727,18169,1523,747,776
3145,19384,1185,9415,728,18199,1525,747,778
3150,19415,1186,9429,728,18229,1527,747,780
3155,19446,1187,9445,728,18259,1529,747,782
3160,19477,1188,9460,728,18289,1531,749,782
3165,19508,1189,9475,729,18319,1533,750,783
3170,19539,1192,9491,730,18346,1536,752,784
3175,19570,1195,9507,733,18373,1539,753,786
3180,19601,1203,9523,739,18397,1543,755,788
3185,19632,1206,9535,740,18426,1546,758,788
3190,19663,1210,9550,742,18453,1550,759,791
3195,19694,1214,9566,744,18480,1554,760,794
3200,19725,1216,9579,746,18509,1558,764,794
3205,19756,1218,9600,748,18538,1561,767,794
3210,19787,1222,9614,751,18565,1564,767,797
3215,19818,1226,9631,753,18592,1567,770,797
3220,19849,1227,9646,753,18622,1570,773,797
3225,19880,1229,9663,755,18651,1573,774,799
3230,19911,1231,9677,756,18680,1576,776,800
3235,19942,1232,9692,756,18710,1580,778,802
3240,19973,1233,9703,756,18740,1584,779,805
3245,20004,1234,9716,757,18770,1585,780,805
3250,20035,1235,9732,757,18799,1586,781,805
3255,20066,1237,9750,759,18829,1587,782,805
3260,20097,1238,9768,760,18859,1588,783,805
3265,20128,1239,9777,760,18889,1589,783,806
3270,20159,1240,9792,760,18919,1589,783,806
3275,20190,1241,9803,760,18949,1589,783,806
3280,20221,1242,9821,761,18979,1589,783,806
3285,20252,1243,9833,761,19009,1590,784,806
3290,20283,1244,9845,761,19039,1591,784,807
3295,20314,1245,9856,761,19069,1592,784,808
3300,20345,1246,9870,761,19099,1593,785,808
3305,20376,1247,9885,761,19129,1596,786,810
3310,20407,1248,9901,762,19159,1599,787,812
3315,20438,1249,9916,763,19189,1602,789,813
3320,20469,1250,9932,764,19219,1605,791,814
3325,20500,1252,9947,765,19248,1607,793,814
3330,20531,1255,9963,767,19276,1609,794,815
3335,20562,1257,9975,768,19305,1611,796,815
3340,20593,1260,9988,770,19333,1613,797,816
3345,20624,1263,10012,771,19361,1615,798,817
3350,20655,1267,10026,774,19388,1617,798,819
3355,20686,1271,10041,776,19414,1620,799,821
3360,20717,1275,10052,778,19441,1623,800,823
3365,20748,1279,10068,781,19469,1626,802,824
3370,20779,1281,10080,781,19498,1628,804,824
3375,20810,1284,10096,783,19526,1629,804,825
3380,20841,1287,10113,785,19554,1630,805,825
3385,20872,1288,10130,786,19584,1631,805,826
3390,20903,1289,10145,787,19614,1632,805,827
3395,20934,1291,10161,789,19643,1633,806,827
3400,20965,1291,10170,789,19674,1634,806,828
3405,20996,1291,10187,789,19705,1635,806,829
3410,21027,1291,10197,789,19736,1636,807,829
3415,21058,1291,10212,789,19767,1637,807,830
3420,21089,1291,10228,789,19798,1638,807,831
3425,21120,1295,10240,792,19825,1639,808,831
3430,21151,1298,10256,794,19853,1640,808,832
3435,21182,1299,10268,794,19883,1640,808,832
3440,21213,1300,10282,794,19913,1640,808,832
3445,21244,1302,10301,795,19942,1640,808,832
3450,21275,1303,10316,796,19972,1640,808,832
3455,21306,1305,10330,797,20001,1640,808,832
3460,21337,1306,10342,798,20031,1640,808,832
3465,21368,1307,10356,799,20061,1640,808,832
3470,21399,1308,10374,800,20091,1640,808,832
3475,21430,1308,10386,800,20122,1642,810,832
3480,21461,1308,10404,800,20153,1644,812,832
3485,21492,1310,10423,801,20182,1646,814,832
3490,21523,1312,10433,802,20211,1647,814,833
3495,21554,1314,10449,804,20240,1648,814,834
3500,21585,1316,10469,805,20269,1649,815,834
3505,21616,1317,10488,806,20299,1650,815,835
3510,21647,1318,10502,807,20329,1651,816,835
3515,21678,1319,10517,807,20359,1652,817,835
3520,21709,1321,10535,808,20388,1653,817,836
3525,21740,1323,10547,809,20417,1654,817,837
3530,21771,1324,10562,809,20447,1657,818,839
3535,21802,1326,10573,810,20476,1659,818,841
3540,21833,1328,10588,811,20505,1661,818,843
3545,21864,1329,10608,812,20535,1664,820,844
3550,21895,1330,10626,812,20565,1667,822,845
3555,21926,1331,10641,813,20595,1670,823,847
3560,21957,1332,10659,814,20625,1673,825,848
3565,21988,1334,10673,815,20654,1676,826,850
3570,22019,1335,10686,815,20684,1679,827,852
3575,22050,1338,10699,818,20712,1682,828,854
3580,22081,1340,10712,820,20741,1685,829,856
3585,22112,1343,10726,823,20769,1688,830,858
3590,22143,1347,10739,825,20796,1693,831,862
3595,22174,1351,10750,828,20823,1698,835,863
3600,22205,1354,10764,831,20850,1703,836,867
3605,22236,1356,10777,833,20880,1707,838,869
3610,22267,1356,10789,833,20911,1710,838,872
3615,22298,1356,10803,833,20942,1711,839,872
3620,22329,1356,10818,833,20973,1712,839,873
3625,22360,1356,10829,833,21004,1713,839,874
3630,22391,1356,10847,833,21035,1714,840,874
3635,22422,1356,10864,833,21066,1715,841,874
3640,22453,1356,10879,833,21097,1716,842,874
3645,22484,1356,10890,833,21128,1717,842,875
3650,22515,1356,10904,833,21159,1718,842,876
3655,22546,1356,10920,833,21190,1719,842,877
3660,22577,1356,10935,833,21221,1720,842,878
3665,22608,1356,10951,833,21252,1721,843,878
3670,22639,1356,10968,833,21283,1722,843,879
3675,22670,1356,10983,833,21314,1723,844,879
3680,22701,1356,10998,833,21345,1724,844,880
3685,22732,1356,11011,833,21376,1725,844,881
3690,22763,1356,11026,833,21407,1726,844,882
3695,22794,1356,11042,833,21438,1727,845,882
3700,22825,1356,11057,833,21469,1728,845,883
3705,22856,1357,11074,834,21499,1729,846,883
3710,22887,1361,11093,838,21525,1731,846,885
3715,22918,1366,11108,840,21551,1734,848,886
3720,22949,1371,11126,844,21578,1739,853,886
3725,22980,1375,11140,848,21605,1740,854,886
3730,23011,1378,11157,850,21633,1741,854,887
3735,23042,1381,11173,853,21661,1742,854,888
3740,23073,1383,11187,854,21690,1743,854,889
3745,23104,1386,11202,856,21718,1744,855,889
3750,23135,1388,11217,858,21747,1745,856,889
3755,23166,1392,11233,860,21774,1746,857,889
3760,23197,1393,11241,860,21804,1746,857,889
3765,23228,1394,11258,860,21834,1746,857,889
3770,23259,1395,11267,860,21864,1746,857,889
3775,23290,1396,11288,861,21894,1746,857,889
3780,23321,1397,11300,862,21924,1746,857,889
3785,23352,1398,11316,863,21954,1746,857,889
3790,23383,1399,11326,864,21984,1746,857,889
3795,23414,1400,11340,864,22014,1746,857,889
3800,23445,1401,11359,864,22044,1746,857,889
3805,23476,1402,11371,864,22074,1746,857,889
3810,23507,1403,11388,865,22104,1746,857,889
3815,23538,1404,11404,865,22134,1746,857,889
3820,23569,1405,11421,866,22164,1746,857,889
3825,23600,1407,11436,867,22193,1748,857,891
3830,23631,1410,11450,869,22221,1751,859,892
3835,23662,1412,11464,870,22249,1755,862,893
3840,23693,1415,11477,872,22276,1759,863,896
3845,23724,1420,11493,877,22304,1762,865,897
3850,23755,1422,11503,878,22333,1765,866,899
3855,23786,1424,11512,880,22361,1768,868,900
3860,23817,1430,11529,885,22387,1771,869,902
3865,23848,1433,11547,887,22414,1774,871,903
3870,23879,1439,11566,892,22440,1777,871,906
3875,23910,1443,11584,894,22466,1780,873,907
3880,23941,1446,11600,896,22495,1782,874,908
3885,23972,1447,11612,897,22525,1784,875,909
3890,24003,1448,11632,898,22555,1786,877,909
3895,24034,1449,11648,899,22585,1788,877,911
3900,24065,1451,11662,900,22614,1790,878,912
3905,24096,1451,11675,900,22645,1791,878,913
3910,24127,1451,11687,900,22676,1792,878,914
3915,24158,1451,11698,900,22707,1793,878,915
3920,24189,1451,11710,900,22738,1794,878,916
3925,24220,1451,11725,900,22769,1795,878,917
3930,24251,1451,11738,900,22800,1796,878,918
3935,24282,1451,11751,900,22831,1797,879,918
3940,24313,1451,11767,900,22862,1798,879,919
3945,24344,1452,11785,900,22892,1799,880,919
3950,24375,1453,11801,900,22922,1800,880,920
3955,24406,1454,11818,901,22952,1802,882,920
3960,24437,1455,11828,902,22982,1804,883,921
3965,24468,1459,11842,906,23008,1808,884,924
3970,24499,1463,11857,910,23034,1812,884,928
3975,24530,1466,11874,913,23063,1814,885,929
3980,24561,1468,11892,915,23093,1816,885,931
3985,24592,1469,11903,915,23123,1818,886,932
3990,24623,1471,11916,915,23152,1819,887,932
3995,24654,1473,11929,916,23181,1820,887,933
4000,24685,1475,11938,917,23210,1821,887,934
4005,24716,1478,11957,919,23238,1822,888,934
4010,24747,1481,11972,920,23266,1824,888,936
4015,24778,1484,11987,923,23294,1826,889,937
4020,24809,1487,12005,925,23322,1828,890,938
4025,24840,1488,12022,926,23352,1830,892,938
4030,24871,1489,12039,927,23382,1832,894,938
4035,24902,1490,12049,927,23412,1835,894,941
4040,24933,1491,12063,928,23442,1838,896,942
4045,24964,1492,12077,928,23472,1841,899,942
4050,24995,1493,12087,928,23502,1844,899,945
4055,25026,1494,12095,928,23532,1847,899,948
4060,25057,1495,12111,929,23562,1849,899,950
4065,25088,1496,12124,930,23592,1851,899,952
4070,25119,1497,12142,930,23622,1853,900,953
4075,25150,1499,12155,930,23651,1857,902,955
4080,25181,1505,12173,935,23676,1860,904,956
4085,25212,1506,12186,936,23705,1862,905,957
4090,25243,1508,12201,937,23734,1863,905,958
4095,25274,1509,12215,938,23765,1864,905,959
4100,25305,1509,12225,938,23796,1865,905,960
4105,25336,1509,12238,938,23827,1866,906,960
4110,25367,1509,12253,938,23858,1867,906,961
4115,25398,1509,12263,938,23889,1868,906,962
4120,25429,1509,12278,938,23920,1869,907,962
4125,25460,1509,12288,938,23951,1870,907,963
4130,25491,1509,12302,938,23982,1871,908,963
4135,25522,1509,12315,938,24013,1872,908,964
4140,25553,1509,12330,938,24044,1873,909,964
4145,25584,1510,12343,938,24074,1875,909,966
4150,25615,1511,12360,939,24104,1876,909,967
4155,25646,1513,12376,940,24133,1877,909,968
4160,25677,1514,12394,940,24163,1878,910,968
4165,25708,1515,12414,941,24193,1879,911,968
4170,25739,1516,12427,942,24223,1880,911,969
4175,25770,1517,12439,942,24253,1881,912,969
4180,25801,1518,12456,942,24283,1882,913,969
4185,25832,1519,12473,943,24311,1883,914,969
4190,25863,1523,12488,946,24338,1887,915,972
4195,25894,1526,12498,948,24365,1891,916,975
4200,25925,1531,12514,953,24390,1895,917,978
4205,25956,1539,12529,959,24417,1895,917,978
4210,25987,1542,12543,961,24445,1895,917,978
4215,26018,1544,12561,963,24474,1895,917,978
4220,26049,1546,12578,964,24503,1895,917,978
4225,26080,1548,12592,964,24532,1895,917,978
4230,26111,1550,12606,965,24561,1895,917,978
4235,26142,1552,12616,967,24590,1895,917,978
4240,26173,1554,12627,968,24619,1895,917,978
4245,26204,1557,12648,971,24647,1895,917,978
4250,26235,1560,12666,974,24675,1896,918,978
4255,26266,1563,12684,976,24703,1897,919,978
4260,26297,1565,12700,976,24732,1898,919,979
4265,26328,1568,12714,978,24759,1898,919,979
4270,26359,1572,12731,981,24785,1898,919,979
4275,26390,1576,12742,984,24814,1898,919,979
4280,26421,1577,12761,985,24844,1898,919,979
4285,26452,1578,12776,985,24874,1898,919,979
4290,26483,1579,12791,986,24904,1898,919,979
4295,26514,1580,12808,987,24934,1899,920,979
4300,26545,1581,12824,987,24964,1900,920,980
4305,26576,1582,12836,988,24994,1901,920,981
4310,26607,1583,12852,988,25024,1903,921,982
4315,26638,1584,12867,988,25054,1905,922,983
4320,26669,1585,12881,988,25084,1907,922,985
4325,26700,1590,12898,991,25110,1911,924,987
4330,26731,1593,12912,993,25138,1916,927,989
4335,26762,1595,12929,995,25167,1918,929,989
4340,26793,1596,12946,995,25197,1919,929,990
4345,26824,1597,12962,995,25227,1920,929,991
4350,26855,1598,12987,996,25257,1921,930,991
4355,26886,1599,13000,996,25287,1922,931,991
4360,26917,1600,13013,997,25317,1923,931,992
4365,26948,1601,13029,997,25347,1925,931,994
4370,26979,1602,13046,997,25377,1927,932,995
4375,27010,1603,13062,998,25407,1930,934,996
4380,27041,1605,13079,999,25436,1933,937,996
4385,27072,1606,13099,1000,25466,1935,938,997
4390,27103,1606,13115,1000,25497,1937,938,999
4395,27134,1606,13133,1000,25528,1939,940,999
4400,27165,1606,13150,1000,25559,1941,940,1001
4405,27196,1606,13162,1000,25590,1943,941,1002
4410,27227,1606,13175,1000,25621,1945,943,1002
4415,27258,1606,13195,1000,25652,1947,944,1003
4420,27289,1606,13213,1000,25683,1948,945,1003
4425,27320,1606,13229,1000,25714,1949,945,1004
4430,27351,1606,13239,1000,25745,1950,945,1005
4435,27382,1607,13257,1001,25773,1953,947,1006
4440,27413,1610,13269,1004,25802,1956,947,1009
4445,27444,1614,13280,1006,25830,1959,948,1011
4450,27475,1617,13291,1008,25858,1961,950,1011
4455,27506,1621,13305,1009,25885,1963,950,1013
4460,27537,1625,13318,1011,25912,1964,951,1013
4465,27568,1628,13333,1012,25940,1965,951,1014
4470,27599,1632,13345,1014,25967,1966,951,1015
4475,27630,1635,13355,1014,25995,1967,951,1016
4480,27661,1638,13367,1014,26023,1968,951,1017
4485,27692,1641,13384,1017,26051,1969,952,1017
4490,27723,1645,13395,1019,26078,1970,952,1018
4495,27754,1648,13406,1020,26106,1971,953,1018
4500,27785,1651,13427,1021,26134,1972,954,1018
4505,27816,1653,13436,1021,26162,1974,955,1019
4510,27847,1658,13451,1024,26188,1976,957,1019
4515,27878,1662,13465,1026,26214,1978,959,1019
4520,27909,1667,13484,1031,26241,1981,962,1019
4525,27940,1672,13500,1034,26267,1984,963,1021
4530,27971,1675,13515,1036,26295,1987,964,1023
4535,28002,1678,13528,1038,26324,1990,966,1024
4540,28033,1680,13542,1038,26353,1992,967,1025
4545,28064,1683,13559,1039,26381,1994,968,1026
4550,28095,1684,13570,1039,26411,1998,968,1030
4555,28126,1684,13580,1039,26442,2000,969,1031
4560,28157,1684,13595,1039,26473,2003,971,1032
4565,28188,1684,13610,1039,26504,2006,971,1035
4570,28219,1684,13626,1039,26535,2008,972,1036
4575,28250,1684,13643,1039,26566,2009,972,1037
4580,28281,1684,13655,1039,26597,2010,972,1038
4585,28312,1684,13673,1039,26628,2011,972,1039
4590,28343,1684,13680,1039,26659,2012,972,1040
4595,28374,1684,13693,1039,26690,2013,972,1041
4600,28405,1684,13705,1039,26721,2014,973,1041
4605,28436,1684,13719,1039,26752,2015,974,1041
4610,28467,1684,13736,1039,26783,2016,975,1041
4615,28498,1685,13751,1040,26813,2017,976,1041
4620,28529,1687,13770,1041,26842,2018,977,1041
4625,28560,1691,13784,1044,26869,2019,977,1042
4630,28591,1693,13796,1045,26898,2020,977,1043
4635,28622,1696,13815,1047,26926,2021,978,1043
4640,28653,1699,13824,1049,26954,2023,979,1044
4645,28684,1702,13837,1051,26980,2025,980,1045
4650,28715,1710,13853,1058,27004,2027,980,1047
4655,28746,1715,13872,1062,27030,2029,982,1047
4660,28777,1721,13887,1067,27055,2031,984,1047
4665,28808,1728,13902,1072,27080,2035,985,1050
4670,28839,1732,13915,1075,27107,2040,986,1054
4675,28870,1737,13930,1079,27131,2045,987,1058
4680,28901,1743,13941,1084,27158,2050,988,1062
4685,28932,1743,13956,1084,27189,2051,989,1062
4690,28963,1743,13973,1084,27220,2052,990,1062
4695,28994,1743,13985,1084,27251,2053,990,1063
4700,29025,1743,13993,1084,27282,2054,990,1064
4705,29056,1743,14006,1084,27313,2055,990,1065
4710,29087,1743,14022,1084,27344,2056,990,1066
4715,29118,1743,14038,1084,27375,2057,990,1067
4720,29149,1743,14053,1084,27406,2058,991,1067
4725,29180,1743,14069,1084,27437,2059,992,1067
4730,29211,1743,14085,1084,27468,2060,992,1068
4735,29242,1743,14106,1084,27499,2062,993,1069
4740,29273,1743,14122,1084,27530,2064,994,1070
4745,29304,1748,14136,1088,27556,2067,994,1073
4750,29335,1752,14148,1090,27583,2070,996,1074
4755,29366,1757,14161,1093,27609,2072,996,1076
4760,29397,1761,14175,1095,27636,2074,997,1077
4765,29428,1765,14189,1098,27663,2076,999,1077
4770,29459,1767,14209,1099,27692,2076,999,1077
4775,29490,1769,14223,1100,27721,2076,999,1077
4780,29521,1772,14242,1101,27749,2076,999,1077
4785,29552,1775,14260,1103,27777,2076,999,1077
4790,29583,1778,14275,1105,27805,2077,1000,1077
4795,29614,1780,14288,1106,27834,2078,1000,1078
4800,29645,1782,14306,1107,27863,2079,1001,1078
4805,29676,1784,14326,1108,27892,2082,1003,1079
4810,29707,1787,14341,1110,27920,2084,1004,1080
4815,29738,1789,14355,1111,27949,2085,1005,1080
4820,29769,1791,14371,1113,27978,2086,1005,1081
4825,29800,1793,14392,1115,28007,2087,1006,1081
4830,29831,1795,14407,1117,28036,2088,1006,1082
4835,29862,1797,14423,1118,28065,2089,1007,1082
4840,29893,1799,14436,1119,28094,2090,1008,1082
4845,29924,1801,14453,1121,28123,2092,1009,1083
4850,29955,1804,14467,1123,28149,2094,1009,1085
4855,29986,1807,14485,1125,28178,2096,1009,1087
4860,30017,1808,14500,1126,28209,2098,1010,1088
4865,30048,1811,14517,1129,28237,2100,1010,1090
4870,30079,1813,14529,1130,28265,2102,1011,1091
4875,30110,1816,14548,1132,28293,2104,1012,1092
4880,30141,1818,14560,1134,28323,2106,1013,1093
4885,30172,1820,14571,1136,28352,2108,1014,1094
4890,30203,1821,14588,1137,28381,2112,1017,1095
4895,30234,1823,14599,1139,28411,2115,1018,1097
4900,30265,1824,14616,1140,28441,2117,1020,1097
4905,30296,1825,14629,1140,28471,2120,1022,1098
4910,30327,1826,14643,1140,28501,2124,1024,1100
4915,30358,1827,14657,1140,28531,2127,1025,1102
4920,30389,1828,14671,1141,28561,2129,1025,1104
4925,30420,1831,14688,1144,28589,2132,1026,1106
4930,30451,1834,14703,1147,28617,2135,1027,1108
4935,30482,1837,14716,1149,28645,2138,1028,1110
4940,30513,1839,14730,1150,28674,2141,1029,1112
4945,30544,1842,14747,1151,28702,2143,1029,1114
4950,30575,1845,14763,1153,28730,2145,1030,1115
4955,30606,1846,14786,1153,28760,2147,1032,1115
4960,30637,1847,14801,1153,28790,2148,1033,1115
4965,30668,1848,14819,1153,28819,2149,1034,1115
4970,30699,1852,14836,1157,28847,2150,1035,1115
4975,30730,1856,14847,1161,28874,2151,1036,1115
4980,30761,1858,14859,1163,28903,2152,1036,1116
4985,30792,1860,14879,1165,28931,2154,1037,1117
4990,30823,1862,14895,1166,28960,2156,1038,1118
4995,30854,1862,14909,1166,28992,2157,1038,1119
5000,30885,1862,14923,1166,29023,2159,1038,1121
5005,30916,1862,14938,1166,29054,2161,1040,1121
5010,30947,1862,14954,1166,29085,2163,1041,1122
5015,30978,1862,14969,1166,29116,2165,1042,1123
5020,31009,1862,14989,1166,29147,2166,1043,1123
5025,31040,1862,15003,1166,29178,2167,1044,1123
5030,31071,1862,15019,1166,29209,2168,1044,1124
5035,31102,1862,15030,1166,29240,2169,1044,1125
5040,31133,1862,15046,1166,29271,2170,1044,1126
5045,31164,1862,15058,1166,29302,2173,1044,1129
5050,31195,1862,15069,1166,29333,2175,1044,1131
5055,31226,1863,15075,1166,29363,2177,1044,1133
5060,31257,1864,15092,1167,29393,2179,1045,1134
5065,31288,1866,15112,1169,29422,2181,1046,1135
5070,31319,1868,15126,1171,29451,2183,1046,1137
5075,31350,1870,15141,1172,29480,2185,1046,1139
5080,31381,1871,15155,1173,29510,2187,1046,1141
5085,31412,1872,15170,1174,29540,2188,1047,1141
5090,31443,1875,15183,1175,29568,2189,1047,1142
5095,31474,1878,15202,1177,29596,2190,1048,1142
5100,31505,1883,15216,1181,29622,2193,1050,1143
5105,31536,1887,15229,1183,29649,2195,1051,1144
5110,31567,1890,15242,1184,29675,2197,1051,1146
5115,31598,1896,15257,1189,29700,2199,1052,1147
5120,31629,1900,15273,1193,29728,2202,1052,1150
5125,31660,1902,15284,1194,29758,2203,1052,1151
5130,31691,1903,15298,1195,29788,2204,1052,1152
5135,31722,1904,15316,1195,29818,2204,1052,1152
5140,31753,1905,15334,1195,29848,2204,1052,1152
5145,31784,1906,15351,1195,29878,2204,1052,1152
5150,31815,1907,15359,1195,29908,2204,1052,1152
5155,31846,1908,15376,1196,29938,2204,1052,1152
5160,31877,1909,15389,1197,29968,2204,1052,1152
5165,31908,1910,15406,1197,29998,2204,1052,1152
5170,31939,1911,15420,1197,30028,2204,1052,1152
5175,31970,1912,15437,1197,30058,2204,1052,1152
5180,32001,1913,15454,1198,30088,2204,1052,1152
5185,32032,1914,15467,1198,30118,2204,1052,1152
5190,32063,1915,15483,1199,30148,2204,1052,1152
5195,32094,1916,15500,1200,30178,2204,1052,1152
5200,32125,1917,15513,1200,30208,2204,1052,1152
5205,32156,1919,15529,1201,30237,2204,1052,1152
5210,32187,1922,15542,1203,30265,2207,1052,1155
5215,32218,1926,15557,1205,30292,2210,1054,1156
5220,32249,1929,15573,1208,30319,2213,1056,1157
5225,32280,1930,15592,1209,30350,2214,1057,1157
5230,32311,1933,15605,1212,30378,2215,1057,1158
5235,32342,1935,15618,1214,30407,2216,1057,1159
5240,32373,1937,15630,1216,30435,2218,1058,1160
5245,32404,1940,15647,1218,30463,2220,1060,1160
5250,32435,1945,15666,1223,30489,2222,1062,1160
5255,32466,1950,15682,1227,30516,2224,1062,1162
5260,32497,1950,15702,1227,30547,2226,1064,1162
5265,32528,1950,15722,1227,30578,2227,1065,1162
5270,32559,1950,15741,1227,30609,2228,1065,1163
5275,32590,1950,15748,1227,30640,2229,1066,1163
5280,32621,1950,15761,1227,30671,2230,1066,1164
5285,32652,1950,15774,1227,30702,2233,1068,1165
5290,32683,1950,15787,1227,30733,2235,1070,1165
5295,32714,1950,15798,1227,30764,2237,1071,1166
5300,32745,1950,15814,1227,30795,2239,1073,1166
5305,32776,1950,15829,1227,30826,2241,1074,1167
5310,32807,1950,15846,1227,30857,2243,1074,1169
5315,32838,1950,15865,1227,30888,2245,1075,1170
5320,32869,1950,15877,1227,30919,2247,1076,1171
5325,32900,1950,15893,1227,30950,2249,1077,1172
5330,32931,1952,15905,1228,30979,2252,1078,1174
5335,32962,1958,15923,1233,31004,2256,1080,1176
5340,32993,1965,15942,1238,31028,2259,1083,1176
5345,33024,1967,15951,1239,31057,2261,1083,1178
5350,33055,1969,15969,1240,31085,2262,1083,1179
5355,33086,1971,15983,1241,31114,2263,1084,1179
5360,33117,1973,16000,1243,31143,2264,1084,1180
5365,33148,1976,16016,1246,31170,2265,1084,1181
5370,33179,1979,16026,1248,31200,2266,1084,1182
5375,33210,1980,16041,1248,31229,2267,1085,1182
5380,33241,1982,16058,1250,31259,2268,1086,1182
5385,33272,1982,16068,1250,31290,2269,1086,1183
5390,33303,1982,16086,1250,31321,2269,1086,1183
5395,33334,1982,16102,1250,31352,2269,1086,1183
5400,33365,1982,16118,1250,31383,2269,1086,1183
5405,33396,1982,16133,1250,31414,2269,1086,1183
5410,33427,1982,16152,1250,31445,2269,1086,1183
5415,33458,1982,16168,1250,31476,2269,1086,1183
5420,33489,1982,16192,1250,31507,2269,1086,1183
5425,33520,1982,16208,1250,31538,2269,1086,1183
5430,33551,1982,16223,1250,31569,2270,1086,1184
5435,33582,1982,16236,1250,31600,2271,1086,1185
5440,33613,1982,16255,1250,31631,2273,1087,1186
5445,33644,1983,16268,1250,31660,2275,1088,1187
5450,33675,1986,16283,1253,31689,2278,1088,1190
5455,33706,1991,16299,1257,31715,2283,1090,1193
5460,33737,1996,16314,1260,31741,2289,1091,1198
5465,33768,1998,16329,1261,31770,2292,1092,1200
5470,33799,2000,16343,1263,31799,2295,1095,1200
5475,33830,2003,16359,1266,31827,2298,1097,1201
5480,33861,2005,16379,1267,31856,2299,1098,1201
5485,33892,2007,16392,1268,31885,2300,1098,1202
5490,33923,2009,16407,1269,31914,2302,1098,1204
5495,33954,2011,16423,1270,31943,2304,1099,1205
5500,33985,2013,16438,1272,31972,2306,1100,1206
5505,34016,2015,16456,1273,32001,2308,1102,1206
5510,34047,2017,16464,1273,32030,2310,1103,1207
5515,34078,2019,16479,1275,32059,2312,1103,1209
5520,34109,2021,16497,1275,32088,2314,1104,1210
5525,34140,2024,16513,1276,32116,2315,1105,1210
5530,34171,2027,16531,1278,32144,2316,1106,1210
5535,34202,2029,16548,1279,32173,2317,1106,1211
5540,34233,2031,16565,1280,32202,2318,1106,1212
5545,34264,2033,16583,1282,32231,2319,1106,1213
5550,34295,2035,16596,1283,32260,2320,1107,1213
5555,34326,2037,16609,1284,32289,2321,1108,1213
5560,34357,2039,16626,1285,32318,2322,1109,1213
5565,34388,2043,16642,1286,32345,2324,1109,1215
5570,34419,2048,16657,1289,32370,2327,1111,1216
5575,34450,2052,16673,1292,32397,2330,1113,1217
5580,34481,2058,16691,1298,32422,2335,1117,1218
5585,34512,2060,16705,1300,32452,2339,1119,1220
5590,34543,2061,16722,1301,32482,2342,1120,1222
5595,34574,2062,16734,1302,32512,2345,1121,1224
5600,34605,2063,16748,1303,32542,2348,1122,1226
5605,34636,2063,16761,1303,32573,2351,1125,1226
5610,34667,2063,16780,1303,32604,2354,1127,1227
5615,34698,2063,16792,1303,32635,2356,1128,1228
5620,34729,2063,16807,1303,32666,2358,1130,1228
5625,34760,2063,16819,1303,32697,2359,1131,1228
5630,34791,2063,16834,1303,32728,2360,1131,1229
5635,34822,2063,16851,1303,32759,2361,1132,1229
5640,34853,2063,16868,1303,32790,2362,1133,1229
5645,34884,2064,16880,1303,32819,2363,1134,1229
5650,34915,2066,16894,1305,32847,2364,1135,1229
5655,34946,2070,16908,1308,32875,2365,1135,1230
5660,34977,2072,16920,1310,32905,2366,1135,1231
5665,35008,2073,16936,1310,32935,2367,1136,1231
5670,35039,2074,16952,1310,32965,2368,1136,1232
5675,35070,2075,16965,1310,32995,2369,1137,1232
5680,35101,2077,16985,1312,33024,2370,1138,1232
5685,35132,2079,16994,1313,33053,2371,1138,1233
5690,35163,2082,17013,1315,33081,2372,1139,1233
5695,35194,2085,17029,1316,33109,2373,1140,1233
5700,35225,2088,17043,1318,33137,2375,1141,1234
5705,35256,2092,17061,1322,33164,2377,1141,1236
5710,35287,2096,17073,1325,33191,2379,1142,1237
5715,35318,2098,17088,1327,33220,2381,1143,1238
5720,35349,2099,17098,1327,33250,2383,1144,1239
5725,35380,2100,17114,1328,33280,2386,1146,1240
5730,35411,2101,17131,1328,33310,2388,1146,1242
5735,35442,2102,17145,1329,33340,2391,1147,1244
5740,35473,2103,17160,1330,33370,2394,1148,1246
5745,35504,2105,17177,1332,33399,2397,1149,1248
5750,35535,2107,17193,1334,33428,2400,1149,1251
5755,35566,2109,17207,1336,33457,2403,1151,1252
5760,35597,2111,17224,1338,33486,2406,1152,1254
5765,35628,2114,17238,1341,33514,2408,1154,1254
5770,35659,2116,17251,1342,33543,2410,1156,1254
5775,35690,2116,17264,1342,33574,2412,1157,1255
5780,35721,2116,17279,1342,33605,2414,1157,1257
5785,35752,2116,17297,1342,33636,2416,1158,1258
5790,35783,2116,17312,1342,33667,2418,1159,1259
5795,35814,2116,17327,1342,33698,2420,1160,1260
5800,35845,2116,17341,1342,33729,2422,1161,1261
5805,35876,2116,17360,1342,33760,2423,1161,1262
5810,35907,2116,17376,1342,33791,2424,1162,1262
5815,35938,2116,17390,1342,33822,2425,1162,1263
5820,35969,2116,17410,1342,33853,2427,1163,1264
5825,36000,2118,17427,1343,33881,2428,1163,1265
5830,36031,2121,17440,1344,33910,2428,1163,1265
5835,36062,2123,17457,1344,33938,2428,1163,1265
5840,36093,2126,17476,1346,33966,2428,1163,1265
5845,36124,2128,17493,1347,33996,2428,1163,1265
5850,36155,2129,17511,1347,34026,2428,1163,1265
5855,36186,2130,17520,1347,34056,2428,1163,1265
5860,36217,2131,17536,1347,34086,2428,1163,1265
5865,36248,2132,17553,1348,34116,2428,1163,1265
5870,36279,2133,17573,1348,34146,2429,1164,1265
5875,36310,2135,17589,1350,34174,2431,1164,1267
5880,36341,2138,17600,1351,34203,2434,1166,1268
5885,36372,2142,17614,1353,34230,2436,1167,1269
5890,36403,2145,17630,1356,34258,2438,1169,1269
5895,36434,2149,17647,1359,34285,2439,1170,1269
5900,36465,2152,17658,1360,34313,2439,1170,1269
5905,36496,2155,17671,1361,34341,2439,1170,1269
5910,36527,2158,17687,1363,34369,2439,1170,1269
5915,36558,2162,17700,1367,34396,2440,1170,1270
5920,36589,2166,17713,1368,34423,2441,1171,1270
5925,36620,2168,17728,1370,34452,2442,1172,1270
5930,36651,2170,17740,1372,34481,2444,1172,1272
5935,36682,2172,17753,1372,34510,2446,1173,1273
5940,36713,2177,17769,1377,34536,2447,1173,1274
5945,36744,2177,17782,1377,34567,2448,1173,1275
5950,36775,2177,17797,1377,34598,2449,1174,1275
5955,36806,2177,17815,1377,34629,2450,1175,1275
5960,36837,2177,17826,1377,34660,2451,1176,1275
5965,36868,2177,17840,1377,34691,2452,1177,1275
5970,36899,2177,17855,1377,34722,2453,1177,1276
5975,36930,2177,17869,1377,34753,2454,1177,1277
5980,36961,2177,17883,1377,34784,2455,1177,1278
5985,36992,2177,17895,1377,34815,2456,1178,1278
5990,37023,2177,17909,1377,34846,2459,1180,1279
5995,37054,2177,17926,1377,34877,2462,1181,1281
6000,37085,2177,17944,1377,34908,2466,1184,1282
6005,37116,2180,17959,1380,34935,2471,1185,1286
6010,37147,2183,17971,1383,34963,2476,1187,1289
6015,37178,2186,17983,1386,34991,2480,1189,1291
6020,37209,2187,17993,1387,35022,2484,1190,1294
6025,37240,2187,18007,1387,35053,2485,1190,1295
6030,37271,2187,18022,1387,35084,2486,1191,1295
6035,37302,2187,18039,1387,35115,2487,1192,1295
6040,37333,2187,18056,1387,35146,2488,1193,1295
6045,37364,2188,18078,1388,35176,2489,1194,1295
6050,37395,2190,18093,1389,35205,2491,1195,1296
6055,37426,2193,18109,1391,35233,2493,1196,1297
6060,37457,2195,18126,1393,35262,2495,1197,1298
6065,37488,2197,18136,1395,35291,2496,1197,1299
6070,37519,2200,18143,1396,35319,2497,1197,1300
6075,37550,2202,18161,1397,35348,2498,1197,1301
6080,37581,2205,18179,1400,35376,2499,1198,1301
6085,37612,2208,18194,1403,35404,2500,1199,1301
6090,37643,2210,18207,1405,35433,2501,1199,1302
6095,37674,2213,18223,1406,35461,2502,1200,1302
6100,37705,2215,18236,1407,35490,2503,1200,1303
6105,37736,2218,18253,1409,35518,2504,1200,1304
6110,37767,2221,18268,1410,35546,2506,1200,1306
6115,37798,2224,18284,1412,35574,2509,1202,1307
6120,37829,2225,18299,1413,35604,2512,1203,1309
6125,37860,2228,18314,1416,35631,2516,1205,1311
6130,37891,2233,18328,1419,35656,2520,1207,1313
6135,37922,2237,18343,1421,35683,2525,1212,1313
6140,37953,2243,18357,1426,35710,2530,1212,1318
6145,37984,2246,18372,1428,35737,2535,1215,1320
6150,38015,2249,18389,1430,35766,2540,1218,1322
6155,38046,2250,18409,1431,35796,2543,1221,1322
6160,38077,2251,18424,1432,35826,2546,1223,1323
6165,38108,2252,18441,1432,35856,2548,1224,1324
6170,38139,2253,18457,1432,35886,2549,1224,1325
6175,38170,2253,18474,1432,35917,2550,1225,1325
6180,38201,2253,18486,1432,35948,2551,1225,1326
6185,38232,2256,18499,1434,35976,2553,1227,1326
6190,38263,2258,18516,1436,36005,2555,1229,1326
6195,38294,2260,18528,1437,36034,2557,1230,1327
6200,38325,2263,18544,1440,36062,2559,1230,1329
6205,38356,2264,18558,1441,36092,2561,1231,1330
6210,38387,2264,18573,1441,36123,2562,1232,1330
6215,38418,2264,18587,1441,36154,2563,1233,1330
6220,38449,2264,18605,1441,36185,2564,1233,1331
6225,38480,2264,18613,1441,36216,2566,1233,1333
6230,38511,2264,18625,1441,36247,2568,1233,1335
6235,38542,2264,18639,1441,36278,2570,1234,1336
6240,38573,2264,18655,1441,36309,2572,1235,1337
6245,38604,2264,18670,1441,36340,2572,1235,1337
6250,38635,2264,18683,1441,36371,2572,1235,1337
6255,38666,2265,18697,1441,36401,2573,1236,1337
6260,38697,2266,18710,1441,36430,2574,1236,1338
6265,38728,2270,18725,1444,36457,2576,1236,1340
6270,38759,2274,18745,1448,36484,2579,1239,1340
6275,38790,2278,18759,1452,36511,2583,1242,1341
6280,38821,2282,18771,1454,36538,2587,1242,1345
6285,38852,2286,18789,1457,36564,2592,1245,1347
6290,38883,2289,18809,1459,36593,2597,1250,1347
6295,38914,2291,18823,1460,36622,2600,1252,1348
6300,38945,2293,18840,1462,36651,2603,1253,1350
6305,38976,2299,18856,1468,36677,2607,1254,1353
6310,39007,2301,18871,1469,36706,2609,1254,1355
6315,39038,2302,18889,1469,36736,2611,1256,1355
6320,39069,2304,18904,1470,36765,2613,1256,1357
6325,39100,2306,18920,1472,36794,2614,1257,1357
6330,39131,2308,18933,1473,36823,2615,1258,1357
6335,39162,2310,18949,1475,36852,2616,1258,1358
6340,39193,2312,18966,1476,36881,2617,1258,1359
6345,39224,2313,18984,1477,36911,2618,1259,1359
6350,39255,2314,18996,1478,36941,2619,1259,1360
6355,39286,2316,19011,1480,36970,2620,1259,1361
6360,39317,2317,19029,1480,37000,2621,1260,1361
6365,39348,2317,19049,1480,37031,2623,1262,1361
6370,39379,2317,19067,1480,37062,2625,1264,1361
6375,39410,2317,19081,1480,37093,2627,1265,1362
6380,39441,2317,19095,1480,37124,2629,1267,1362
6385,39472,2317,19110,1480,37155,2631,1267,1364
6390,39503,2317,19128,1480,37186,2632,1268,1364
6395,39534,2318,19147,1480,37215,2633,1269,1364
6400,39565,2320,19163,1481,37245,2634,1270,1364
6405,39596,2322,19174,1483,37274,2635,1270,1365
6410,39627,2325,19192,1486,37301,2638,1271,1367
6415,39658,2330,19208,1489,37325,2642,1273,1369
6420,39689,2336,19224,1494,37350,2646,1274,1372
6425,39720,2342,19239,1500,37378,2650,1276,1374
6430,39751,2344,19255,1501,37407,2653,1277,1376
6435,39782,2345,19266,1501,37437,2656,1277,1379
6440,39813,2346,19279,1501,37467,2658,1278,1380
6445,39844,2348,19298,1502,37496,2660,1279,1381
6450,39875,2349,19309,1502,37526,2662,1280,1382
6455,39906,2350,19325,1503,37556,2664,1282,1382
6460,39937,2351,19336,1504,37586,2666,1283,1383
6465,39968,2352,19347,1504,37616,2668,1283,1385
6470,39999,2353,19358,1505,37646,2670,1283,1387
6475,40030,2355,19371,1507,37675,2672,1284,1388
6480,40061,2357,19395,1509,37704,2674,1286,1388
6485,40092,2359,19407,1511,37733,2677,1288,1389
6490,40123,2361,19420,1513,37762,2681,1290,1391
6495,40154,2363,19437,1515,37791,2683,1292,1391
6500,40185,2366,19451,1518,37819,2684,1293,1391
6505,40216,2367,19462,1519,37849,2685,1294,1391
6510,40247,2367,19477,1519,37880,2685,1294,1391
6515,40278,2367,19491,1519,37911,2685,1294,1391
6520,40309,2367,19506,1519,37942,2685,1294,1391
6525,40340,2367,19520,1519,37973,2686,1295,1391
6530,40371,2368,19537,1520,38002,2687,1296,1391
6535,40402,2370,19550,1521,38030,2688,1297,1391
6540,40433,2373,19561,1523,38060,2689,1297,1392
6545,40464,2375,19575,1523,38088,2691,1299,1392
6550,40495,2378,19593,1526,38116,2693,1301,1392
6555,40526,2381,19606,1527,38145,2695,1302,1393
6560,40557,2383,19615,1528,38174,2697,1303,1394
6565,40588,2385,19632,1528,38203,2698,1304,1394
6570,40619,2387,19647,1530,38232,2699,1304,1395
6575,40650,2389,19659,1531,38261,2700,1305,1395
6580,40681,2391,19670,1531,38290,2701,1306,1395
6585,40712,2394,19681,1532,38318,2702,1306,1396
6590,40743,2396,19696,1533,38347,2704,1307,1397
6595,40774,2399,19712,1535,38375,2706,1308,1398
6600,40805,2402,19729,1537,38403,2710,1312,1398
6605,40836,2403,19739,1537,38433,2714,1314,1400
6610,40867,2406,19757,1540,38461,2716,1316,1400
6615,40898,2410,19773,1544,38488,2717,1317,1400
6620,40929,2412,19790,1545,38517,2718,1318,1400
6625,40960,2414,19804,1545,38546,2719,1319,1400
6630,40991,2416,19818,1546,38575,2720,1319,1401
6635,41022,2418,19834,1548,38604,2721,1319,1402
6640,41053,2420,19855,1549,38633,2723,1320,1403
6645,41084,2423,19872,1552,38661,2725,1321,1404
6650,41115,2426,19890,1554,38689,2727,1322,1405
6655,41146,2429,19908,1555,38717,2729,1322,1407
6660,41177,2431,19926,1556,38746,2731,1323,1408
6665,41208,2433,19946,1558,38775,2734,1326,1408
6670,41239,2436,19962,1560,38801,2736,1326,1410
6675,41270,2440,19975,1563,38829,2738,1327,1411
6680,41301,2441,19990,1564,38860,2739,1327,1412
6685,41332,2441,20004,1564,38891,2740,1327,1413
6690,41363,2441,20021,1564,38922,2741,1328,1413
6695,41394,2441,20035,1564,38953,2742,1329,1413
6700,41425,2441,20046,1564,38984,2744,1329,1415
6705,41456,2441,20057,1564,39015,2746,1330,1416
6710,41487,2441,20065,1564,39046,2749,1331,1418
6715,41518,2441,20080,1564,39077,2752,1331,1421
6720,41549,2441,20095,1564,39108,2755,1333,1422
6725,41580,2441,20111,1564,39139,2756,1334,1422
6730,41611,2441,20133,1564,39170,2757,1335,1422
6735,41642,2441,20150,1564,39201,2758,1336,1422
6740,41673,2441,20162,1564,39232,2759,1336,1423
6745,41704,2441,20179,1564,39263,2760,1336,1424
6750,41735,2441,20198,1564,39294,2761,1336,1425
6755,41766,2441,20215,1564,39325,2762,1336,1426
6760,41797,2441,20226,1564,39356,2763,1337,1426
6765,41828,2441,20240,1564,39387,2765,1339,1426
6770,41859,2443,20255,1565,39416,2768,1340,1428
6775,41890,2447,20270,1569,39442,2770,1342,1428
6780,41921,2451,20285,1572,39470,2772,1342,1430
6785,41952,2454,20299,1574,39498,2774,1343,1431
6790,41983,2458,20311,1576,39525,2777,1343,1434
6795,42014,2462,20328,1579,39552,2780,1343,1437
6800,42045,2465,20340,1580,39580,2783,1343,1440
6805,42076,2466,20357,1580,39610,2784,1343,1441
6810,42107,2467,20369,1581,39640,2785,1343,1442
6815,42138,2468,20383,1581,39670,2786,1343,1443
6820,42169,2469,20397,1581,39700,2787,1343,1444
6825,42200,2470,20417,1581,39730,2788,1344,1444
6830,42231,2471,20436,1581,39760,2790,1346,1444
6835,42262,2472,20450,1582,39790,2792,1347,1445
6840,42293,2473,20466,1583,39820,2794,1348,1446
6845,42324,2475,20480,1584,39849,2796,1348,1448
6850,42355,2477,20497,1585,39878,2798,1350,1448
6855,42386,2479,20510,1587,39907,2799,1350,1449
6860,42417,2480,20524,1588,39937,2800,1350,1450
6865,42448,2482,20537,1590,39966,2801,1350,1451
6870,42479,2482,20554,1590,39997,2802,1351,1451
6875,42510,2482,20567,1590,40028,2803,1351,1452
6880,42541,2482,20585,1590,40059,2804,1351,1453
6885,42572,2482,20599,1590,40090,2806,1353,1453
6890,42603,2483,20620,1591,40120,2808,1354,1454
6895,42634,2484,20626,1591,40150,2810,1354,1456
6900,42665,2485,20645,1592,40180,2812,1355,1457
6905,42696,2488,20657,1595,40207,2816,1356,1460
6910,42727,2492,20672,1598,40235,2820,1358,1462
6915,42758,2494,20687,1599,40264,2823,1359,1464
6920,42789,2497,20703,1602,40292,2825,1359,1466
6925,42820,2500,20719,1605,40320,2827,1361,1466
6930,42851,2502,20737,1606,40349,2829,1361,1468
6935,42882,2505,20754,1607,40377,2831,1361,1470
6940,42913,2507,20763,1607,40406,2833,1361,1472
6945,42944,2509,20779,1609,40435,2835,1361,1474
6950,42975,2510,20792,1609,40465,2837,1362,1475
6955,43006,2511,20800,1609,40495,2840,1363,1477
6960,43037,2512,20818,1610,40525,2843,1365,1478
6965,43068,2513,20831,1611,40555,2846,1366,1480
6970,43099,2514,20845,1611,40585,2848,1367,1481
6975,43130,2515,20856,1611,40615,2850,1369,1481
6980,43161,2516,20868,1611,40645,2852,1370,1482
6985,43192,2517,20884,1612,40675,2854,1371,1483
6990,43223,2518,20899,1612,40705,2856,1373,1483
6995,43254,2519,20906,1612,40735,2858,1373,1485
7000,43285,2520,20926,1612,40765,2860,1374,1486
7005,43316,2522,20941,1612,40794,2862,1376,1486
7010,43347,2524,20956,1613,40823,2864,1377,1487
7015,43378,2526,20968,1614,40851,2866,1379,1487
7020,43409,2529,20977,1617,40880,2867,1379,1488
7025,43440,2531,20995,1618,40909,2868,1380,1488
7030,43471,2532,21013,1619,40939,2869,1381,1488
7035,43502,2533,21023,1619,40969,2869,1381,1488
7040,43533,2534,21042,1619,40999,2869,1381,1488
7045,43564,2535,21058,1619,41029,2869,1381,1488
7050,43595,2536,21073,1619,41059,2869,1381,1488
7055,43626,2537,21089,1619,41089,2869,1381,1488
7060,43657,2538,21109,1620,41119,2869,1381,1488
7065,43688,2539,21124,1620,41149,2870,1381,1489
7070,43719,2540,21136,1621,41179,2872,1382,1490
7075,43750,2541,21151,1622,41209,2874,1384,1490
7080,43781,2542,21166,1622,41239,2876,1385,1491
7085,43812,2542,21183,1622,41270,2880,1387,1493
7090,43843,2542,21199,1622,41301,2881,1387,1494
7095,43874,2542,21211,1622,41332,2882,1387,1495
7100,43905,2542,21225,1622,41363,2883,1388,1495
7105,43936,2542,21234,1622,41394,2884,1388,1496
7110,43967,2542,21245,1622,41425,2885,1388,1497
7115,43998,2542,21262,1622,41456,2886,1388,1498
7120,44029,2542,21277,1622,41487,2887,1388,1499
7125,44060,2542,21290,1622,41518,2888,1388,1500
7130,44091,2545,21305,1624,41545,2889,1389,1500
7135,44122,2551,21322,1629,41571,2890,1390,1500
7140,44153,2556,21339,1632,41597,2891,1391,1500
7145,44184,2557,21358,1632,41627,2892,1392,1500
7150,44215,2558,21376,1633,41657,2893,1393,1500
7155,44246,2559,21386,1633,41687,2894,1393,1501
7160,44277,2560,21405,1633,41717,2895,1394,1501
7165,44308,2561,21419,1634,41747,2896,1395,1501
7170,44339,2562,21432,1635,41777,2897,1396,1501
7175,44370,2563,21450,1636,41807,2898,1397,1501
7180,44401,2564,21473,1637,41837,2899,1398,1501
7185,44432,2565,21487,1637,41867,2900,1399,1501
7190,44463,2566,21505,1638,41897,2903,1401,1502
7195,44494,2568,21519,1639,41926,2907,1401,1506
7200,44525,2569,21536,1640,41956,2911,1402,1509
7205,44556,2569,21550,1640,41987,2914,1404,1510
7210,44587,2569,21562,1640,42018,2916,1404,1512
7215,44618,2569,21577,1640,42049,2917,1405,1512
7220,44649,2569,21591,1640,42080,2918,1406,1512
7225,44680,2569,21604,1640,42111,2918,1406,1512
7230,44711,2569,21617,1640,42142,2918,1406,1512
7235,44742,2569,21629,1640,42173,2918,1406,1512
7240,44773,2569,21641,1640,42204,2918,1406,1512
7245,44804,2569,21651,1640,42235,2918,1406,1512
7250,44835,2571,21666,1642,42263,2920,1407,1513
7255,44866,2574,21675,1645,42292,2921,1407,1514
7260,44897,2578,21693,1648,42318,2922,1408,1514
7265,44928,2581,21707,1650,42347,2923,1409,1514
7270,44959,2582,21728,1651,42377,2924,1409,1515
7275,44990,2582,21745,1651,42408,2925,1410,1515
7280,45021,2582,21764,1651,42439,2926,1411,1515
7285,45052,2582,21775,1651,42470,2927,1411,1516
7290,45083,2582,21786,1651,42501,2927,1411,1516
7295,45114,2582,21800,1651,42532,2927,1411,1516
7300,45145,2582,21813,1651,42563,2927,1411,1516
7305,45176,2582,21828,1651,42594,2927,1411,1516
7310,45207,2582,21841,1651,42625,2929,1412,1517
7315,45238,2582,21860,1651,42656,2932,1413,1519
7320,45269,2582,21872,1651,42687,2935,1414,1521
7325,45300,2585,21886,1653,42715,2940,1416,1524
7330,45331,2589,21898,1656,42742,2944,1417,1527
7335,45362,2593,21920,1659,42769,2948,1420,1528
7340,45393,2595,21934,1661,42798,2951,1422,1529
7345,45424,2597,21951,1662,42827,2954,1423,1531
7350,45455,2598,21965,1663,42857,2957,1426,1531
7355,45486,2599,21976,1663,42887,2959,1426,1533
7360,45517,2600,21992,1663,42917,2961,1427,1534
7365,45548,2602,22008,1664,42946,2963,1428,1535
7370,45579,2603,22025,1665,42976,2965,1430,1535
7375,45610,2605,22044,1667,43005,2967,1432,1535
7380,45641,2605,22062,1667,43036,2968,1432,1536
7385,45672,2607,22074,1668,43065,2969,1432,1537
7390,45703,2608,22085,1669,43095,2970,1432,1538
7395,45734,2611,22100,1671,43123,2971,1433,1538
7400,45765,2611,22112,1671,43154,2972,1434,1538
7405,45796,2611,22132,1671,43185,2973,1435,1538
7410,45827,2611,22147,1671,43216,2974,1436,1538
7415,45858,2611,22164,1671,43247,2975,1437,1538
7420,45889,2611,22183,1671,43278,2976,1437,1539
7425,45920,2611,22201,1671,43309,2978,1439,1539
7430,45951,2612,22220,1672,43338,2981,1440,1541
7435,45982,2614,22234,1674,43367,2983,1441,1542
7440,46013,2616,22249,1675,43396,2986,1444,1542
7445,46044,2622,22263,1679,43422,2989,1447,1542
7450,46075,2626,22274,1682,43449,2991,1448,1543
7455,46106,2630,22288,1684,43476,2993,1450,1543
7460,46137,2634,22305,1688,43503,2995,1451,1544
7465,46168,2635,22320,1689,43533,2997,1451,1546
7470,46199,2636,22338,1690,43563,3000,1454,1546
7475,46230,2638,22353,1691,43592,3003,1456,1547
7480,46261,2638,22370,1691,43623,3007,1459,1548
7485,46292,2638,22388,1691,43654,3011,1462,1549
7490,46323,2638,22403,1691,43685,3015,1464,1551
7495,46354,2638,22421,1691,43716,3019,1465,1554
7500,46385,2638,22435,1691,43747,3022,1466,1556
7505,46416,2640,22448,1691,43776,3024,1467,1557
7510,46447,2642,22467,1692,43805,3026,1468,1558
7515,46478,2645,22479,1693,43833,3028,1469,1559
7520,46509,2647,22492,1694,43862,3030,1470,1560
7525,46540,2649,22507,1695,43891,3032,1470,1562
7530,46571,2652,22521,1697,43919,3034,1471,1563
7535,46602,2655,22539,1699,43947,3035,1472,1563
7540,46633,2657,22551,1700,43976,3036,1473,1563
7545,46664,2659,22566,1701,44005,3037,1473,1564
7550,46695,2662,22583,1703,44033,3039,1473,1566
7555,46726,2664,22599,1705,44062,3043,1473,1570
7560,46757,2666,22614,1706,44091,3047,1475,1572
7565,46788,2668,22632,1708,44119,3048,1475,1573
7570,46819,2670,22641,1709,44149,3049,1475,1574
7575,46850,2672,22655,1710,44177,3050,1475,1575
7580,46881,2675,22669,1713,44206,3051,1476,1575
7585,46912,2677,22686,1714,44235,3052,1477,1575
7590,46943,2677,22704,1714,44266,3053,1478,1575
7595,46974,2677,22722,1714,44297,3054,1479,1575
7600,47005,2677,22739,1714,44328,3055,1480,1575
7605,47036,2677,22749,1714,44359,3056,1480,1576
7610,47067,2677,22764,1714,44390,3058,1481,1577
7615,47098,2677,22779,1714,44421,3061,1482,1579
7620,47129,2677,22794,1714,44452,3064,1485,1579
7625,47160,2679,22805,1716,44481,3066,1485,1581
7630,47191,2681,22816,1717,44510,3067,1485,1582
7635,47222,2683,22835,1719,44539,3068,1485,1583
7640,47253,2684,22851,1719,44569,3069,1485,1584
7645,47284,2685,22862,1720,44599,3070,1485,1585
7650,47315,2686,22876,1720,44629,3071,1486,1585
7655,47346,2688,22890,1722,44658,3072,1487,1585
7660,47377,2690,22904,1723,44687,3073,1487,1586
7665,47408,2693,22917,1724,44715,3074,1487,1587
7670,47439,2695,22927,1724,44744,3079,1490,1589
7675,47470,2697,22940,1725,44772,3084,1491,1593
7680,47501,2701,22956,1728,44799,3089,1494,1595
7685,47532,2703,22965,1729,44829,3093,1494,1599
7690,47563,2705,22975,1729,44857,3096,1495,1601
7695,47594,2708,22990,1731,44885,3098,1495,1603
7700,47625,2711,23008,1733,44913,3100,1496,1604
7705,47656,2714,23023,1736,44942,3102,1497,1605
7710,47687,2716,23041,1737,44970,3104,1499,1605
7715,47718,2719,23059,1740,44998,3105,1499,1606
7720,47749,2722,23077,1742,45027,3106,1500,1606
7725,47780,2724,23093,1742,45056,3107,1501,1606
7730,47811,2726,23110,1743,45084,3109,1502,1607
7735,47842,2729,23127,1745,45112,3113,1505,1608
7740,47873,2732,23140,1747,45141,3116,1506,1610
7745,47904,2735,23149,1749,45169,3117,1506,1611
7750,47935,2737,23161,1749,45197,3118,1506,1612
7755,47966,2742,23178,1754,45224,3119,1507,1612
7760,47997,2745,23192,1755,45252,3119,1507,1612
7765,48028,2746,23206,1756,45282,3119,1507,1612
7770,48059,2747,23224,1756,45312,3119,1507,1612
7775,48090,2748,23236,1757,45341,3119,1507,1612
7780,48121,2750,23254,1759,45370,3119,1507,1612
7785,48152,2752,23273,1760,45399,3119,1507,1612
7790,48183,2755,23290,1762,45428,3119,1507,1612
7795,48214,2757,23300,1764,45456,3121,1508,1613
7800,48245,2759,23314,1765,45486,3125,1509,1616
7805,48276,2759,23331,1765,45517,3126,1510,1616
7810,48307,2759,23343,1765,45548,3127,1510,1617
7815,48338,2759,23359,1765,45579,3127,1510,1617
7820,48369,2759,23374,1765,45610,3127,1510,1617
7825,48400,2759,23385,1765,45641,3127,1510,1617
7830,48431,2759,23400,1765,45672,3127,1510,1617
7835,48462,2759,23417,1765,45703,3127,1510,1617
7840,48493,2759,23432,1765,45734,3127,1510,1617
7845,48524,2759,23448,1765,45765,3127,1510,1617
7850,48555,2761,23464,1766,45794,3130,1512,1618
7855,48586,2762,23475,1766,45823,3133,1513,1620
7860,48617,2765,23490,1769,45852,3135,1515,1620
7865,48648,2767,23505,1771,45881,3136,1516,1620
7870,48679,2771,23523,1773,45908,3137,1517,1620
7875,48710,2775,23538,1776,45935,3138,1517,1621
7880,48741,2778,23556,1778,45963,3139,1517,1622
7885,48772,2781,23571,1781,45991,3140,1517,1623
7890,48803,2784,23582,1782,46019,3141,1518,1623
7895,48834,2787,23599,1784,46047,3142,1518,1624
7900,48865,2790,23608,1785,46075,3143,1519,1624
7905,48896,2793,23620,1787,46103,3144,1519,1625
7910,48927,2796,23632,1788,46131,3146,1519,1627
7915,48958,2799,23649,1790,46159,3149,1521,1628
7920,48989,2803,23657,1794,46186,3153,1521,1632
7925,49020,2805,23679,1796,46215,3154,1521,1633
7930,49051,2806,23694,1797,46245,3155,1522,1633
7935,49082,2807,23710,1798,46275,3156,1523,1633
7940,49113,2808,23730,1798,46305,3157,1523,1634
7945,49144,2809,23743,1798,46335,3158,1523,1635
7950,49175,2810,23763,1799,46365,3159,1523,1636
7955,49206,2811,23775,1800,46395,3160,1524,1636
7960,49237,2812,23793,1800,46425,3162,1526,1636
7965,49268,2813,23807,1801,46455,3165,1527,1638
7970,49299,2815,23821,1802,46484,3168,1529,1639
7975,49330,2817,23833,1804,46513,3170,1531,1639
7980,49361,2819,23848,1806,46542,3171,1532,1639
7985,49392,2821,23865,1808,46571,3172,1533,1639
7990,49423,2823,23883,1810,46600,3173,1533,1640
7995,49454,2824,23895,1810,46630,3174,1534,1640
8000,49485,2826,23909,1812,46659,3175,1534,1641
8005,49516,2827,23924,1813,46689,3176,1534,1642
8010,49547,2829,23939,1815,46718,3177,1535,1642
8015,49578,2830,23951,1815,46748,3178,1536,1642
8020,49609,2832,23969,1816,46777,3179,1537,1642
8025,49640,2833,23982,1817,46807,3180,1538,1642
8030,49671,2838,24000,1821,46832,3183,1541,1642
8035,49702,2842,24017,1824,46860,3186,1543,1643
8040,49733,2845,24031,1827,46888,3190,1546,1644
8045,49764,2846,24044,1828,46918,3192,1547,1645
8050,49795,2847,24060,1828,46947,3194,1549,1645
8055,49826,2849,24074,1830,46977,3196,1550,1646
8060,49857,2850,24086,1830,47007,3197,1551,1646
8065,49888,2851,24097,1830,47037,3198,1552,1646
8070,49919,2852,24113,1830,47066,3199,1552,1647
8075,49950,2854,24129,1831,47096,3200,1553,1647
8080,49981,2855,24148,1832,47125,3201,1554,1647
8085,50012,2859,24159,1836,47153,3203,1556,1647
8090,50043,2862,24170,1838,47180,3206,1557,1649
8095,50074,2867,24184,1841,47206,3209,1558,1651
8100,50105,2871,24195,1843,47233,3212,1559,1653
8105,50136,2874,24208,1845,47262,3215,1559,1656
8110,50167,2878,24225,1848,47289,3218,1560,1658
8115,50198,2881,24236,1849,47317,3221,1561,1660
8120,50229,2884,24250,1852,47345,3224,1563,1661
8125,50260,2888,24270,1855,47372,3227,1566,1661
8130,50291,2891,24288,1858,47400,3231,1569,1662
8135,50322,2891,24303,1858,47431,3233,1569,1664
8140,50353,2891,24317,1858,47462,3235,1570,1665
8145,50384,2891,24333,1858,47493,3236,1571,1665
8150,50415,2891,24350,1858,47524,3237,1572,1665
8155,50446,2891,24364,1858,47555,3238,1573,1665
8160,50477,2891,24381,1858,47586,3241,1575,1666
8165,50508,2892,24396,1859,47616,3243,1576,1667
8170,50539,2893,24405,1859,47646,3245,1576,1669
8175,50570,2894,24418,1859,47676,3247,1576,1671
8180,50601,2895,24430,1859,47706,3249,1577,1672
8185,50632,2896,24448,1860,47736,3251,1579,1672
8190,50663,2897,24462,1861,47766,3253,1580,1673
8195,50694,2898,24478,1862,47796,3255,1580,1675
8200,50725,2899,24496,1862,47826,3257,1580,1677
8205,50756,2900,24512,1863,47856,3258,1580,1678
8210,50787,2901,24522,1863,47886,3259,1580,1679
8215,50818,2902,24543,1864,47916,3260,1581,1679
8220,50849,2903,24559,1865,47946,3261,1582,1679
8225,50880,2906,24576,1867,47973,3264,1583,1681
8230,50911,2909,24588,1869,48001,3266,1584,1682
8235,50942,2913,24600,1872,48029,3269,1585,1684
8240,50973,2916,24615,1874,48057,3272,1587,1685
8245,51004,2919,24631,1876,48085,3276,1589,1687
8250,51035,2922,24642,1878,48113,3280,1590,1690
8255,51066,2925,24661,1880,48141,3283,1592,1691
8260,51097,2927,24677,1880,48169,3286,1594,1692
8265,51128,2932,24689,1885,48196,3289,1594,1695
8270,51159,2934,24703,1886,48225,3294,1598,1696
8275,51190,2939,24722,1890,48251,3298,1600,1698
8280,51221,2940,24738,1891,48280,3302,1602,1700
8285,51252,2942,24749,1892,48310,3306,1603,1703
8290,51283,2943,24767,1893,48340,3310,1604,1706
8295,51314,2944,24782,1893,48370,3313,1605,1708
8300,51345,2945,24799,1893,48400,3314,1606,1708
8305,51376,2946,24811,1893,48430,3315,1607,1708
8310,51407,2947,24824,1893,48460,3316,1608,1708
8315,51438,2948,24843,1893,48490,3317,1608,1709
8320,51469,2949,24855,1893,48520,3318,1608,1710
8325,51500,2950,24870,1893,48550,3319,1608,1711
8330,51531,2951,24880,1893,48580,3320,1608,1712
8335,51562,2953,24894,1893,48609,3321,1609,1712
8340,51593,2955,24909,1894,48638,3322,1609,1713
8345,51624,2957,24922,1895,48667,3323,1610,1713
8350,51655,2959,24936,1896,48696,3324,1610,1714
8355,51686,2961,24951,1896,48725,3326,1610,1716
8360,51717,2963,24963,1897,48754,3328,1611,1717
8365,51748,2965,24979,1898,48783,3330,1612,1718
8370,51779,2967,24996,1900,48812,3332,1613,1719
8375,51810,2969,25011,1901,48841,3335,1614,1721
8380,51841,2971,25031,1901,48869,3338,1615,1723
8385,51872,2977,25046,1906,48894,3341,1617,1724
8390,51903,2983,25057,1910,48920,3345,1617,1728
8395,51934,2987,25072,1913,48946,3349,1620,1729
8400,51965,2993,25088,1917,48972,3354,1621,1733
8405,51996,2996,25103,1919,49000,3357,1621,1736
8410,52027,2999,25118,1921,49027,3361,1624,1737
8415,52058,3001,25134,1922,49057,3365,1628,1737
8420,52089,3001,25152,1922,49088,3367,1629,1738
8425,52120,3001,25160,1922,49119,3368,1630,1738
8430,52151,3001,25173,1922,49150,3369,1631,1738
8435,52182,3001,25188,1922,49181,3370,1632,1738
8440,52213,3001,25200,1922,49212,3371,1633,1738
8445,52244,3001,25220,1922,49243,3372,1634,1738
8450,52275,3001,25235,1922,49274,3374,1636,1738
8455,52306,3001,25258,1922,49305,3376,1637,1739
8460,52337,3001,25269,1922,49336,3377,1638,1739
8465,52368,3001,25283,1922,49367,3377,1638,1739
8470,52399,3001,25298,1922,49398,3377,1638,1739
8475,52430,3001,25311,1922,49429,3377,1638,1739
8480,52461,3001,25324,1922,49460,3377,1638,1739
8485,52492,3001,25340,1922,49491,3377,1638,1739
8490,52523,3001,25351,1922,49522,3377,1638,1739
8495,52554,3001,25362,1922,49553,3377,1638,1739
8500,52585,3001,25375,1922,49584,3377,1638,1739
8505,52616,3001,25392,1922,49615,3378,1639,1739
8510,52647,3001,25403,1922,49646,3379,1639,1740
8515,52678,3003,25418,1923,49674,3380,1640,1740
8520,52709,3007,25428,1924,49702,3381,1640,1741
8525,52740,3011,25439,1926,49728,3384,1641,1743
8530,52771,3018,25458,1931,49753,3387,1641,1746
8535,52802,3021,25473,1934,49781,3389,1642,1747
8540,52833,3025,25488,1937,49807,3391,1644,1747
8545,52864,3027,25504,1939,49837,3393,1645,1748
8550,52895,3028,25522,1940,49867,3394,1645,1749
8555,52926,3029,25536,1940,49897,3395,1646,1749
8560,52957,3030,25549,1940,49927,3396,1646,1750
8565,52988,3031,25562,1940,49956,3398,1647,1751
8570,53019,3033,25579,1942,49985,3402,1649,1753
8575,53050,3035,25599,1944,50015,3406,1651,1755
8580,53081,3036,25613,1944,50045,3410,1655,1755
8585,53112,3036,25629,1944,50076,3411,1655,1756
8590,53143,3036,25640,1944,50107,3412,1655,1757
8595,53174,3036,25654,1944,50138,3413,1655,1758
8600,53205,3036,25666,1944,50169,3414,1655,1759
8605,53236,3036,25687,1944,50200,3415,1656,1759
8610,53267,3036,25701,1944,50231,3416,1657,1759
8615,53298,3036,25715,1944,50262,3417,1658,1759
8620,53329,3036,25732,1944,50293,3418,1659,1759
8625,53360,3036,25749,1944,50324,3419,1660,1759
8630,53391,3036,25762,1944,50355,3420,1661,1759
8635,53422,3036,25773,1944,50386,3421,1662,1759
8640,53453,3037,25786,1944,50416,3423,1662,1761
8645,53484,3042,25802,1949,50442,3426,1662,1764
8650,53515,3048,25821,1954,50466,3429,1663,1766
8655,53546,3055,25835,1960,50491,3432,1664,1768
8660,53577,3062,25853,1967,50514,3435,1665,1770
8665,53608,3065,25864,1970,50543,3438,1665,1773
8670,53639,3066,25876,1971,50572,3441,1665,1776
8675,53670,3069,25895,1974,50601,3444,1667,1777
8680,53701,3069,25913,1974,50632,3447,1668,1779
8685,53732,3070,25931,1975,50662,3451,1672,1779
8690,53763,3071,25951,1975,50692,3455,1676,1779
8695,53794,3072,25966,1975,50722,3460,1678,1782
8700,53825,3073,25982,1976,50752,3464,1682,1782
8705,53856,3075,25994,1976,50781,3467,1683,1784
8710,53887,3077,26011,1976,50810,3470,1686,1784
8715,53918,3079,26021,1976,50839,3473,1687,1786
8720,53949,3081,26034,1977,50868,3476,1688,1788
8725,53980,3083,26045,1977,50897,3479,1689,1790
8730,54011,3085,26058,1978,50926,3482,1689,1793
8735,54042,3087,26072,1980,50955,3485,1691,1794
8740,54073,3089,26087,1980,50984,3488,1692,1796
8745,54104,3092,26105,1982,51012,3491,1693,1798
8750,54135,3094,26119,1982,51041,3494,1694,1800
8755,54166,3097,26135,1984,51068,3497,1696,1801
8760,54197,3100,26149,1986,51096,3500,1696,1804
8765,54228,3101,26165,1987,51127,3504,1699,1805
8770,54259,3101,26177,1987,51158,3505,1700,1805
8775,54290,3101,26191,1987,51189,3506,1700,1806
8780,54321,3101,26203,1987,51220,3507,1701,1806
8785,54352,3103,26220,1989,51249,3508,1702,1806
8790,54383,3106,26231,1992,51277,3509,1702,1807
8795,54414,3108,26243,1993,51306,3510,1702,1808
8800,54445,3110,26257,1995,51335,3511,1702,1809
8805,54476,3113,26273,1997,51363,3512,1703,1809
8810,54507,3115,26287,1999,51392,3514,1703,1811
8815,54538,3117,26303,2001,51421,3516,1704,1812
8820,54569,3119,26314,2002,51450,3518,1705,1813
8825,54600,3123,26328,2004,51477,3520,1706,1814
8830,54631,3127,26341,2006,51504,3522,1708,1814
8835,54662,3128,26355,2006,51534,3524,1710,1814
8840,54693,3129,26373,2006,51564,3526,1711,1815
8845,54724,3130,26385,2007,51594,3528,1712,1816
8850,54755,3131,26399,2008,51624,3530,1713,1817
8855,54786,3132,26412,2009,51654,3532,1714,1818
8860,54817,3133,26422,2009,51683,3534,1714,1820
8865,54848,3135,26438,2010,51712,3536,1715,1821
8870,54879,3137,26457,2011,51742,3539,1718,1821
8875,54910,3138,26474,2011,51772,3542,1720,1822
8880,54941,3139,26483,2012,51802,3546,1721,1825
8885,54972,3140,26506,2012,51832,3548,1722,1826
8890,55003,3141,26523,2012,51862,3549,1722,1827
8895,55034,3142,26539,2012,51892,3550,1723,1827
8900,55065,3143,26554,2012,51922,3551,1723,1828
8905,55096,3144,26571,2013,51952,3552,1723,1829
8910,55127,3145,26586,2013,51982,3553,1724,1829
8915,55158,3146,26601,2013,52012,3554,1724,1830
8920,55189,3147,26610,2013,52042,3555,1724,1831
8925,55220,3148,26626,2014,52072,3556,1725,1831
8930,55251,3149,26636,2014,52102,3557,1725,1832
8935,55282,3150,26651,2014,52132,3558,1725,1833
8940,55313,3152,26670,2016,52161,3559,1726,1833
8945,55344,3156,26684,2020,52188,3561,1727,1834
8950,55375,3159,26695,2022,52216,3563,1727,1836
8955,55406,3161,26709,2023,52245,3565,1729,1836
8960,55437,3164,26725,2026,52273,3567,1730,1837
8965,55468,3167,26742,2029,52301,3568,1730,1838
8970,55499,3170,26758,2030,52329,3568,1730,1838
8975,55530,3173,26771,2033,52357,3568,1730,1838
8980,55561,3176,26787,2034,52385,3568,1730,1838
8985,55592,3178,26798,2034,52413,3568,1730,1838
8990,55623,3184,26817,2039,52439,3569,1730,1839
8995,55654,3185,26829,2039,52469,3574,1731,1843
9000,55685,3186,26840,2039,52499,3579,1733,1846
9005,55716,3186,26851,2039,52530,3581,1733,1848
9010,55747,3186,26863,2039,52561,3583,1734,1849
9015,55778,3186,26881,2039,52592,3585,1734,1851
9020,55809,3186,26895,2039,52623,3586,1734,1852
9025,55840,3186,26911,2039,52654,3587,1734,1853
9030,55871,3186,26924,2039,52685,3588,1735,1853
9035,55902,3186,26943,2039,52716,3589,1736,1853
9040,55933,3186,26951,2039,52747,3590,1736,1854
9045,55964,3186,26967,2039,52778,3592,1736,1856
9050,55995,3186,26980,2039,52809,3594,1737,1857
9055,56026,3188,26992,2040,52838,3596,1739,1857
9060,56057,3189,27002,2040,52868,3598,1741,1857
9065,56088,3192,27015,2042,52896,3601,1741,1860
9070,56119,3196,27031,2045,52923,3604,1742,1862
9075,56150,3199,27040,2047,52951,3607,1742,1865
9080,56181,3200,27054,2048,52981,3610,1744,1866
9085,56212,3201,27074,2049,53011,3613,1746,1867
9090,56243,3202,27087,2050,53041,3616,1747,1869
9095,56274,3203,27106,2050,53071,3618,1748,1870
9100,56305,3205,27116,2050,53100,3620,1748,1872
9105,56336,3207,27131,2050,53129,3622,1749,1873
9110,56367,3210,27145,2052,53157,3626,1752,1874
9115,56398,3214,27162,2055,53184,3632,1754,1878
9120,56429,3219,27179,2060,53210,3639,1755,1884
9125,56460,3220,27198,2060,53239,3641,1756,1885
9130,56491,3222,27213,2062,53269,3643,1757,1886
9135,56522,3223,27230,2062,53298,3645,1758,1887
9140,56553,3225,27245,2064,53328,3646,1759,1887
9145,56584,3226,27260,2065,53357,3647,1759,1888
9150,56615,3228,27277,2067,53387,3648,1759,1889
9155,56646,3229,27293,2067,53417,3649,1759,1890
9160,56677,3230,27312,2067,53447,3650,1760,1890
9165,56708,3231,27328,2068,53477,3651,1760,1891
9170,56739,3232,27339,2068,53507,3652,1761,1891
9175,56770,3233,27356,2068,53537,3653,1761,1892
9180,56801,3234,27372,2069,53567,3654,1761,1893
9185,56832,3236,27385,2070,53595,3656,1761,1895
9190,56863,3239,27401,2072,53623,3658,1763,1895
9195,56894,3243,27414,2075,53651,3660,1764,1896
9200,56925,3246,27428,2076,53679,3662,1764,1898
9205,56956,3248,27439,2078,53708,3664,1764,1900
9210,56987,3251,27452,2079,53736,3666,1764,1902
9215,57018,3253,27463,2079,53765,3668,1766,1902
9220,57049,3255,27476,2079,53794,3670,1766,1904
9225,57080,3257,27490,2080,53823,3672,1766,1906
9230,57111,3260,27505,2083,53851,3675,1767,1908
9235,57142,3261,27520,2084,53881,3679,1770,1909
9240,57173,3263,27532,2086,53910,3684,1773,1911
9245,57204,3265,27542,2087,53939,3687,1774,1913
9250,57235,3266,27557,2088,53969,3690,1775,1915
9255,57266,3267,27574,2089,53999,3693,1777,1916
9260,57297,3268,27591,2089,54029,3696,1779,1917
9265,57328,3269,27604,2090,54059,3699,1782,1917
9270,57359,3270,27618,2090,54089,3701,1783,1918
9275,57390,3271,27635,2090,54119,3702,1783,1919
9280,57421,3272,27649,2090,54149,3703,1784,1919
9285,57452,3273,27661,2090,54179,3704,1785,1919
9290,57483,3274,27683,2091,54209,3705,1785,1920
9295,57514,3275,27694,2091,54239,3707,1786,1921
9300,57545,3276,27702,2091,54269,3709,1786,1923
9305,57576,3277,27718,2091,54299,3711,1787,1924
9310,57607,3278,27733,2091,54329,3713,1787,1926
9315,57638,3279,27743,2092,54359,3715,1787,1928
9320,57669,3280,27753,2092,54389,3716,1787,1929
9325,57700,3281,27772,2092,54419,3717,1787,1930
9330,57731,3282,27787,2092,54449,3718,1787,1931
9335,57762,3283,27801,2093,54479,3719,1787,1932
9340,57793,3284,27815,2093,54509,3720,1787,1933
9345,57824,3286,27831,2094,54537,3721,1787,1934
9350,57855,3289,27844,2096,54566,3723,1787,1936
9355,57886,3293,27861,2100,54593,3726,1787,1939
9360,57917,3298,27876,2104,54618,3729,1789,1940
9365,57948,3300,27889,2105,54647,3729,1789,1940
9370,57979,3302,27900,2106,54677,3729,1789,1940
9375,58010,3303,27918,2107,54706,3731,1790,1941
9380,58041,3305,27938,2108,54736,3733,1791,1942
9385,58072,3306,27956,2109,54765,3735,1792,1943
9390,58103,3308,27969,2111,54794,3737,1794,1943
9395,58134,3310,27982,2113,54824,3739,1794,1945
9400,58165,3311,27996,2113,54853,3741,1794,1947
9405,58196,3313,28011,2115,54883,3741,1794,1947
9410,58227,3313,28028,2115,54914,3741,1794,1947
9415,58258,3313,28045,2115,54945,3741,1794,1947
9420,58289,3313,28065,2115,54976,3741,1794,1947
9425,58320,3313,28080,2115,55007,3742,1795,1947
9430,58351,3313,28099,2115,55038,3743,1795,1948
9435,58382,3313,28116,2115,55069,3744,1795,1949
9440,58413,3313,28128,2115,55100,3745,1796,1949
9445,58444,3313,28146,2115,55131,3746,1797,1949
9450,58475,3313,28158,2115,55162,3747,1798,1949
9455,58506,3313,28178,2115,55193,3748,1799,1949
9460,58537,3313,28194,2115,55224,3749,1799,1950
9465,58568,3313,28211,2115,55255,3751,1801,1950
9470,58599,3314,28222,2115,55285,3754,1802,1952
9475,58630,3315,28235,2116,55315,3757,1803,1954
9480,58661,3317,28251,2118,55344,3760,1805,1955
9485,58692,3321,28261,2119,55371,3765,1806,1959
9490,58723,3328,28276,2125,55395,3770,1807,1963
9495,58754,3336,28290,2131,55418,3775,1809,1966
9500,58785,3338,28301,2132,55447,3779,1811,1968
9505,58816,3342,28317,2134,55474,3782,1813,1969
9510,58847,3344,28331,2135,55503,3785,1815,1970
9515,58878,3347,28347,2136,55531,3788,1817,1971
9520,58909,3352,28364,2140,55557,3791,1818,1973
9525,58940,3354,28379,2141,55586,3795,1819,1976
9530,58971,3356,28392,2143,55615,3797,1819,1978
9535,59002,3356,28409,2143,55646,3799,1821,1978
9540,59033,3356,28422,2143,55677,3801,1822,1979
9545,59064,3356,28434,2143,55708,3803,1823,1980
9550,59095,3356,28454,2143,55739,3805,1824,1981
9555,59126,3356,28466,2143,55770,3807,1824,1983
9560,59157,3356,28483,2143,55801,3809,1824,1985
9565,59188,3356,28494,2143,55832,3811,1824,1987
9570,59219,3356,28506,2143,55863,3813,1825,1988
9575,59250,3356,28519,2143,55894,3815,1826,1989
9580,59281,3356,28532,2143,55925,3817,1828,1989
9585,59312,3356,28549,2143,55956,3819,1830,1989
9590,59343,3356,28564,2143,55987,3822,1832,1990
9595,59374,3356,28577,2143,56018,3825,1833,1992
9600,59405,3356,28590,2143,56049,3828,1834,1994
9605,59436,3361,28604,2146,56075,3830,1835,1995
9610,59467,3365,28619,2148,56101,3832,1837,1995
9615,59498,3370,28635,2153,56128,3835,1840,1995
9620,59529,3376,28652,2156,56152,3838,1842,1996
9625,59560,3380,28669,2159,56179,3840,1843,1997
9630,59591,3384,28689,2162,56206,3842,1845,1997
9635,59622,3388,28707,2165,56233,3844,1847,1997
9640,59653,3390,28722,2166,56263,3846,1848,1998
9645,59684,3392,28740,2168,56292,3848,1849,1999
9650,59715,3394,28754,2169,56321,3850,1849,2001
9655,59746,3396,28771,2171,56350,3852,1850,2002
9660,59777,3396,28785,2171,56381,3853,1851,2002
9665,59808,3396,28802,2171,56412,3856,1853,2003
9670,59839,3396,28816,2171,56443,3858,1854,2004
9675,59870,3396,28830,2171,56474,3860,1855,2005
9680,59901,3396,28837,2171,56505,3862,1856,2006
9685,59932,3396,28854,2171,56536,3864,1857,2007
9690,59963,3396,28863,2171,56567,3866,1858,2008
9695,59994,3396,28879,2171,56598,3868,1859,2009
9700,60025,3396,28893,2171,56629,3870,1860,2010
9705,60056,3396,28913,2171,56660,3872,1861,2011
9710,60087,3396,28927,2171,56691,3875,1861,2014
9715,60118,3396,28944,2171,56722,3878,1864,2014
9720,60149,3396,28957,2171,56753,3881,1864,2017
9725,60180,3399,28971,2174,56780,3885,1866,2019
9730,60211,3400,28987,2175,56811,3887,1867,2020
9735,60242,3400,29003,2175,56842,3888,1868,2020
9740,60273,3401,29014,2175,56872,3889,1868,2021
9745,60304,3402,29031,2175,56902,3890,1868,2022
9750,60335,3403,29047,2176,56932,3891,1869,2022
9755,60366,3404,29064,2176,56962,3892,1869,2023
9760,60397,3405,29078,2176,56992,3893,1869,2024
9765,60428,3407,29095,2178,57021,3894,1869,2025
9770,60459,3409,29112,2178,57050,3896,1871,2025
9775,60490,3411,29124,2179,57079,3898,1871,2027
9780,60521,3414,29142,2182,57107,3900,1873,2027
9785,60552,3417,29159,2185,57135,3905,1877,2028
9790,60583,3418,29172,2185,57165,3909,1878,2031
9795,60614,3419,29184,2185,57195,3912,1879,2033
9800,60645,3420,29199,2185,57225,3913,1879,2034
9805,60676,3422,29218,2186,57254,3914,1880,2034
9810,60707,3424,29234,2188,57283,3915,1881,2034
9815,60738,3426,29253,2189,57312,3917,1883,2034
9820,60769,3427,29270,2189,57342,3919,1885,2034
9825,60800,3429,29286,2190,57371,3921,1886,2035
9830,60831,3430,29305,2191,57401,3923,1887,2036
9835,60862,3433,29319,2193,57428,3926,1888,2038
9840,60893,3435,29331,2194,57457,3928,1889,2039
9845,60924,3437,29346,2196,57486,3931,1889,2042
9850,60955,3439,29357,2198,57515,3934,1890,2044
9855,60986,3441,29372,2200,57545,3937,1891,2046
9860,61017,3442,29387,2200,57574,3940,1893,2047
9865,61048,3444,29401,2201,57604,3943,1894,2049
9870,61079,3445,29412,2201,57634,3946,1896,2050
9875,61110,3446,29427,2202,57663,3949,1898,2051
9880,61141,3448,29437,2204,57693,3952,1900,2052
9885,61172,3449,29452,2205,57723,3955,1903,2052
9890,61203,3453,29466,2208,57750,3959,1905,2054
9895,61234,3456,29480,2210,57777,3965,1909,2056
9900,61265,3460,29494,2213,57804,3971,1911,2060
9905,61296,3463,29509,2215,57833,3973,1912,2061
9910,61327,3465,29527,2217,57862,3975,1913,2062
9915,61358,3467,29544,2218,57891,3977,1914,2063
9920,61389,3469,29555,2220,57920,3979,1914,2065
9925,61420,3472,29573,2222,57948,3981,1915,2066
9930,61451,3474,29586,2224,57977,3983,1916,2067
9935,61482,3476,29602,2226,58006,3985,1917,2068
9940,61513,3479,29618,2228,58034,3988,1919,2069
9945,61544,3482,29632,2230,58062,3991,1920,2071
9950,61575,3486,29651,2233,58089,3993,1921,2072
9955,61606,3488,29667,2234,58118,3994,1921,2073
9960,61637,3490,29681,2236,58147,3995,1921,2074
9965,61668,3491,29694,2236,58177,3997,1922,2075
9970,61699,3493,29709,2238,58206,3998,1922,2076
9975,61730,3494,29724,2239,58236,3999,1922,2077
9980,61761,3496,29737,2241,58264,4000,1923,2077
9985,61792,3498,29754,2242,58294,4001,1923,2078
9990,61823,3499,29769,2242,58324,4002,1924,2078
9995,61854,3500,29780,2242,58354,4003,1924,2079
10000,61885,3501,29792,2242,58384,4004,1924,2080
10005,61916,3502,29806,2243,58414,4006,1924,2082
10010,61947,3502,29821,2243,58445,4010,1926,2084
10015,61978,3502,29842,2243,58476,4015,1930,2085
10020,62009,3502,29854,2243,58507,4018,1931,2087
10025,62040,3502,29867,2243,58538,4020,1931,2089
10030,62071,3502,29887,2243,58569,4022,1932,2090
10035,62102,3502,29903,2243,58600,4024,1933,2091
10040,62133,3502,29920,2243,58631,4026,1934,2092
10045,62164,3502,29935,2243,58662,4028,1934,2094
10050,62195,3502,29948,2243,58693,4030,1935,2095
10055,62226,3503,29964,2243,58723,4033,1937,2096
10060,62257,3504,29974,2244,58753,4036,1938,2098
10065,62288,3506,29988,2246,58782,4039,1939,2100
10070,62319,3508,30003,2247,58811,4042,1940,2102
10075,62350,3510,30014,2249,58840,4045,1941,2104
10080,62381,3513,30029,2251,58868,4048,1943,2105
10085,62412,3517,30044,2254,58894,4050,1943,2107
10090,62443,3521,30057,2256,58922,4053,1945,2108
10095,62474,3525,30069,2257,58949,4056,1946,2110
10100,62505,3529,30087,2260,58975,4059,1947,2112
10105,62536,3533,30102,2262,59002,4062,1950,2112
10110,62567,3538,30121,2266,59029,4065,1950,2115
10115,62598,3541,30134,2266,59056,4068,1951,2117
10120,62629,3547,30144,2270,59082,4072,1951,2121
10125,62660,3552,30160,2274,59107,4077,1953,2124
10130,62691,3557,30172,2277,59134,4083,1954,2129
10135,62722,3560,30191,2279,59162,4089,1960,2129
10140,62753,3565,30208,2283,59188,4095,1963,2132
10145,62784,3567,30219,2284,59217,4098,1963,2135
10150,62815,3567,30232,2284,59248,4100,1964,2136
10155,62846,3567,30246,2284,59279,4102,1965,2137
10160,62877,3567,30261,2284,59310,4104,1966,2138
10165,62908,3567,30271,2284,59341,4106,1967,2139
10170,62939,3567,30284,2284,59372,4108,1968,2140
10175,62970,3567,30296,2284,59403,4110,1969,2141
10180,63001,3567,30315,2284,59434,4110,1969,2141
10185,63032,3567,30326,2284,59465,4110,1969,2141
10190,63063,3567,30342,2284,59496,4110,1969,2141
10195,63094,3567,30357,2284,59527,4110,1969,2141
10200,63125,3567,30374,2284,59558,4110,1969,2141
10205,63156,3567,30391,2284,59589,4111,1970,2141
10210,63187,3567,30409,2284,59620,4112,1970,2142
10215,63218,3567,30420,2284,59651,4113,1970,2143
10220,63249,3567,30432,2284,59682,4114,1971,2143
10225,63280,3567,30446,2284,59713,4115,1972,2143
10230,63311,3567,30458,2284,59744,4116,1972,2144
10235,63342,3567,30473,2284,59775,4118,1974,2144
10240,63373,3567,30485,2284,59806,4120,1974,2146
10245,63404,3567,30503,2284,59837,4123,1976,2147
10250,63435,3568,30518,2285,59867,4127,1979,2148
10255,63466,3572,30535,2288,59894,4130,1980,2150
10260,63497,3576,30550,2290,59920,4132,1981,2151
10265,63528,3582,30566,2295,59946,4135,1982,2153
10270,63559,3586,30580,2297,59973,4137,1983,2154
10275,63590,3587,30594,2297,60003,4138,1983,2155
10280,63621,3587,30610,2297,60034,4139,1983,2156
10285,63652,3587,30622,2297,60065,4141,1984,2157
10290,63683,3587,30636,2297,60096,4143,1984,2159
10295,63714,3587,30648,2297,60127,4145,1984,2161
10300,63745,3587,30665,2297,60158,4147,1986,2161
10305,63776,3587,30683,2297,60189,4149,1988,2161
10310,63807,3587,30696,2297,60220,4151,1990,2161
10315,63838,3587,30714,2297,60251,4152,1991,2161
10320,63869,3587,30727,2297,60282,4153,1992,2161
10325,63900,3589,30743,2298,60310,4156,1993,2163
10330,63931,3591,30758,2299,60339,4158,1994,2164
10335,63962,3593,30775,2301,60369,4159,1994,2165
10340,63993,3594,30790,2301,60398,4160,1994,2166
10345,64024,3596,30807,2302,60427,4161,1995,2166
10350,64055,3598,30822,2303,60457,4162,1995,2167
10355,64086,3599,30840,2303,60486,4163,1995,2168
10360,64117,3600,30854,2304,60517,4165,1996,2169
10365,64148,3600,30874,2304,60548,4168,1999,2169
10370,64179,3600,30889,2304,60579,4171,2001,2170
10375,64210,3602,30905,2306,60608,4174,2003,2171
10380,64241,3606,30919,2310,60635,4178,2003,2175
10385,64272,3608,30930,2312,60664,4181,2004,2177
10390,64303,3611,30948,2314,60692,4183,2005,2178
10395,64334,3614,30961,2316,60720,4185,2006,2179
10400,64365,3616,30977,2317,60749,4187,2007,2180
10405,64396,3619,30991,2319,60777,4189,2008,2181
10410,64427,3622,31009,2321,60805,4191,2008,2183
10415,64458,3625,31027,2324,60833,4193,2008,2185
10420,64489,3628,31042,2326,60861,4195,2010,2185
10425,64520,3629,31056,2327,60891,4197,2011,2186
10430,64551,3630,31075,2327,60921,4199,2013,2186
10435,64582,3631,31093,2328,60951,4201,2014,2187
10440,64613,3632,31105,2328,60981,4203,2016,2187
10445,64644,3634,31117,2329,61010,4207,2018,2189
10450,64675,3636,31135,2331,61039,4211,2021,2190
10455,64706,3639,31153,2333,61067,4214,2023,2191
10460,64737,3641,31174,2335,61096,4217,2023,2194
10465,64768,3643,31189,2337,61125,4220,2025,2195
10470,64799,3645,31201,2339,61154,4223,2025,2198
10475,64830,3647,31221,2340,61183,4226,2027,2199
10480,64861,3647,31236,2340,61214,4229,2029,2200
10485,64892,3647,31249,2340,61245,4232,2030,2202
10490,64923,3648,31270,2340,61275,4233,2031,2202
10495,64954,3650,31283,2341,61304,4235,2032,2203
10500,64985,3652,31298,2343,61333,4237,2033,2204
10505,65016,3655,31313,2345,61361,4239,2034,2205
10510,65047,3659,31326,2348,61388,4240,2034,2206
10515,65078,3662,31338,2350,61416,4241,2034,2207
10520,65109,3663,31350,2350,61446,4242,2034,2208
10525,65140,3664,31364,2350,61476,4243,2035,2208
10530,65171,3665,31379,2350,61506,4244,2035,2209
10535,65202,3666,31393,2350,61536,4245,2035,2210
10540,65233,3667,31410,2350,61566,4246,2036,2210
10545,65264,3668,31423,2350,61596,4247,2037,2210
10550,65295,3669,31442,2350,61626,4248,2037,2211
10555,65326,3670,31460,2351,61656,4250,2039,2211
10560,65357,3671,31469,2351,61686,4252,2039,2213
10565,65388,3672,31486,2351,61716,4255,2041,2214
10570,65419,3673,31504,2352,61746,4258,2042,2216
10575,65450,3674,31523,2353,61776,4260,2043,2217
10580,65481,3675,31537,2353,61806,4262,2043,2219
10585,65512,3676,31548,2354,61836,4264,2044,2220
10590,65543,3677,31563,2354,61866,4266,2046,2220
10595,65574,3678,31581,2354,61896,4268,2048,2220
10600,65605,3679,31597,2354,61926,4271,2049,2222
10605,65636,3680,31614,2355,61956,4274,2051,2223
10610,65667,3682,31629,2357,61985,4278,2051,2227
10615,65698,3685,31648,2360,62013,4283,2054,2229
10620,65729,3689,31662,2361,62040,4289,2057,2232
10625,65760,3690,31674,2361,62070,4291,2058,2233
10630,65791,3691,31688,2362,62100,4293,2059,2234
10635,65822,3693,31706,2364,62129,4294,2060,2234
10640,65853,3694,31718,2365,62159,4294,2060,2234
10645,65884,3696,31740,2367,62188,4294,2060,2234
10650,65915,3698,31753,2368,62217,4294,2060,2234
10655,65946,3699,31761,2369,62246,4294,2060,2234
10660,65977,3702,31781,2372,62275,4294,2060,2234
10665,66008,3704,31795,2373,62303,4294,2060,2234
10670,66039,3707,31811,2376,62332,4294,2060,2234
10675,66070,3707,31825,2376,62363,4294,2060,2234
10680,66101,3707,31840,2376,62394,4294,2060,2234
10685,66132,3707,31855,2376,62425,4294,2060,2234
10690,66163,3707,31870,2376,62456,4294,2060,2234
10695,66194,3707,31879,2376,62487,4294,2060,2234
10700,66225,3707,31892,2376,62518,4294,2060,2234
10705,66256,3707,31908,2376,62549,4294,2060,2234
10710,66287,3707,31926,2376,62580,4294,2060,2234
10715,66318,3707,31942,2376,62611,4294,2060,2234
10720,66349,3707,31955,2376,62642,4294,2060,2234
10725,66380,3707,31967,2376,62673,4294,2060,2234
10730,66411,3710,31980,2378,62701,4295,2060,2235
10735,66442,3715,31995,2381,62727,4299,2061,2238
10740,66473,3718,32010,2383,62755,4306,2064,2242
10745,66504,3721,32025,2384,62782,4310,2065,2245
10750,66535,3724,32040,2386,62810,4314,2068,2246
10755,66566,3727,32050,2388,62839,4317,2068,2249
10760,66597,3729,32066,2389,62867,4320,2069,2251
10765,66628,3732,32081,2390,62896,4323,2071,2252
10770,66659,3735,32098,2392,62923,4326,2073,2253
10775,66690,3737,32114,2393,62952,4329,2075,2254
10780,66721,3740,32131,2395,62981,4332,2076,2256
10785,66752,3742,32146,2397,63009,4335,2076,2259
10790,66783,3745,32158,2399,63037,4337,2076,2261
10795,66814,3747,32173,2401,63067,4339,2077,2262
10800,66845,3748,32191,2402,63097,4341,2077,2264
10805,66876,3749,32207,2403,63127,4342,2077,2265
10810,66907,3750,32221,2404,63157,4343,2078,2265
10815,66938,3751,32236,2404,63186,4344,2079,2265
10820,66969,3753,32248,2406,63215,4345,2079,2266
10825,67000,3755,32267,2408,63244,4346,2080,2266
10830,67031,3757,32283,2410,63273,4347,2080,2267
10835,67062,3759,32302,2411,63303,4348,2081,2267
10840,67093,3760,32318,2412,63332,4349,2081,2268
10845,67124,3762,32330,2413,63361,4350,2082,2268
10850,67155,3764,32347,2414,63391,4351,2082,2269
10855,67186,3766,32367,2416,63420,4353,2083,2270
10860,67217,3767,32379,2416,63450,4357,2086,2271
10865,67248,3768,32394,2417,63480,4362,2088,2274
10870,67279,3770,32407,2418,63509,4366,2092,2274
10875,67310,3771,32424,2419,63539,4369,2095,2274
10880,67341,3773,32440,2420,63568,4370,2095,2275
10885,67372,3775,32454,2422,63597,4371,2096,2275
10890,67403,3776,32467,2422,63627,4373,2097,2276
10895,67434,3779,32482,2424,63655,4375,2097,2278
10900,67465,3781,32495,2425,63684,4377,2098,2279
10905,67496,3783,32512,2426,63713,4379,2099,2280
10910,67527,3785,32525,2427,63742,4381,2100,2281
10915,67558,3788,32539,2430,63770,4383,2100,2283
10920,67589,3790,32559,2430,63799,4385,2101,2284
10925,67620,3793,32579,2432,63827,4390,2105,2285
10930,67651,3794,32593,2432,63857,4395,2107,2288
10935,67682,3795,32608,2433,63887,4397,2109,2288
10940,67713,3796,32617,2433,63917,4399,2110,2289
10945,67744,3797,32634,2433,63947,4401,2112,2289
10950,67775,3798,32646,2433,63977,4403,2113,2290
10955,67806,3799,32661,2433,64007,4405,2113,2292
10960,67837,3800,32672,2433,64037,4406,2114,2292
10965,67868,3802,32686,2435,64066,4407,2115,2292
10970,67899,3805,32702,2436,64093,4408,2116,2292
10975,67930,3810,32720,2441,64120,4410,2117,2293
10980,67961,3814,32731,2445,64146,4412,2118,2294
10985,67992,3817,32747,2447,64174,4415,2119,2296
10990,68023,3821,32766,2449,64201,4417,2121,2296
10995,68054,3824,32778,2450,64230,4418,2121,2297
11000,68085,3826,32793,2451,64259,4419,2121,2298
11005,68116,3828,32805,2452,64288,4420,2121,2299
11010,68147,3830,32818,2453,64317,4421,2122,2299
11015,68178,3832,32836,2453,64345,4422,2123,2299
11020,68209,3835,32846,2455,64374,4423,2123,2300
11025,68240,3838,32862,2458,64402,4424,2124,2300
11030,68271,3841,32879,2460,64430,4425,2125,2300
11035,68302,3843,32889,2462,64458,4427,2125,2302
11040,68333,3847,32905,2465,64485,4429,2125,2304
11045,68364,3849,32917,2467,64515,4432,2127,2305
11050,68395,3850,32930,2468,64545,4435,2128,2307
11055,68426,3851,32942,2468,64575,4437,2129,2308
11060,68457,3852,32963,2469,64605,4439,2130,2309
11065,68488,3853,32981,2470,64635,4441,2131,2310
11070,68519,3854,32995,2471,64665,4443,2132,2311
11075,68550,3855,33007,2472,64695,4445,2133,2312
11080,68581,3856,33021,2472,64725,4447,2134,2313
11085,68612,3857,33032,2473,64755,4448,2134,2314
11090,68643,3858,33048,2473,64785,4451,2137,2314
11095,68674,3859,33064,2473,64815,4454,2139,2315
11100,68705,3860,33079,2473,64845,4458,2140,2318
11105,68736,3862,33099,2475,64874,4461,2142,2319
11110,68767,3864,33113,2476,64903,4464,2142,2322
11115,68798,3866,33124,2477,64932,4465,2143,2322
11120,68829,3868,33140,2478,64961,4466,2144,2322
11125,68860,3870,33155,2478,64989,4467,2145,2322
11130,68891,3873,33167,2480,65017,4468,2145,2323
11135,68922,3876,33182,2482,65046,4469,2145,2324
11140,68953,3878,33195,2483,65074,4470,2146,2324
11145,68984,3881,33204,2485,65102,4471,2146,2325
11150,69015,3884,33219,2488,65131,4472,2146,2326
11155,69046,3885,33229,2488,65161,4473,2146,2327
11160,69077,3888,33242,2489,65189,4475,2148,2327
11165,69108,3889,33253,2489,65219,4479,2151,2328
11170,69139,3890,33267,2490,65249,4482,2152,2330
11175,69170,3891,33287,2491,65279,4485,2154,2331
11180,69201,3893,33299,2492,65308,4487,2154,2333
11185,69232,3894,33317,2492,65338,4489,2155,2334
11190,69263,3895,33330,2493,65368,4491,2156,2335
11195,69294,3897,33342,2495,65397,4493,2156,2337
11200,69325,3898,33355,2496,65427,4495,2156,2339
11205,69356,3898,33373,2496,65458,4497,2156,2341
11210,69387,3898,33385,2496,65489,4498,2156,2342
11215,69418,3898,33401,2496,65520,4500,2157,2343
11220,69449,3898,33414,2496,65551,4504,2160,2344
11225,69480,3898,33424,2496,65582,4504,2160,2344
11230,69511,3898,33443,2496,65613,4504,2160,2344
11235,69542,3898,33456,2496,65644,4504,2160,2344
11240,69573,3898,33471,2496,65675,4504,2160,2344
11245,69604,3898,33483,2496,65706,4504,2160,2344
11250,69635,3898,33494,2496,65737,4504,2160,2344
11255,69666,3898,33509,2496,65768,4504,2160,2344
11260,69697,3898,33525,2496,65799,4504,2160,2344
11265,69728,3899,33541,2496,65828,4505,2160,2345
11270,69759,3903,33556,2498,65855,4506,2161,2345
11275,69790,3906,33571,2500,65884,4508,2162,2346
11280,69821,3911,33585,2503,65910,4510,2162,2348
11285,69852,3915,33599,2505,65937,4511,2162,2349
11290,69883,3919,33613,2508,65964,4512,2162,2350
11295,69914,3923,33632,2510,65990,4513,2163,2350
11300,69945,3927,33646,2512,66017,4514,2163,2351
11305,69976,3932,33664,2516,66043,4515,2163,2352
11310,70007,3936,33683,2520,66071,4517,2165,2352
11315,70038,3939,33694,2521,66098,4519,2166,2353
11320,70069,3941,33713,2523,66127,4521,2168,2353
11325,70100,3943,33728,2525,66156,4523,2168,2355
11330,70131,3944,33742,2526,66187,4527,2169,2358
11335,70162,3944,33757,2526,66218,4531,2170,2361
11340,70193,3944,33773,2526,66249,4535,2172,2363
11345,70224,3944,33785,2526,66280,4539,2174,2365
11350,70255,3944,33802,2526,66311,4543,2176,2367
11355,70286,3944,33811,2526,66342,4546,2177,2369
11360,70317,3944,33823,2526,66373,4549,2177,2372
11365,70348,3944,33836,2526,66404,4552,2178,2374
11370,70379,3944,33853,2526,66435,4555,2180,2375
11375,70410,3944,33866,2526,66466,4558,2181,2377
11380,70441,3944,33881,2526,66497,4561,2183,2378
11385,70472,3944,33894,2526,66528,4564,2184,2380
11390,70503,3944,33910,2526,66559,4568,2185,2383
11395,70534,3944,33922,2526,66590,4570,2186,2384
11400,70565,3944,33942,2526,66621,4572,2187,2385
11405,70596,3946,33957,2527,66650,4574,2188,2386
11410,70627,3950,33973,2529,66677,4575,2188,2387
11415,70658,3953,33983,2530,66705,4576,2188,2388
11420,70689,3956,33996,2531,66733,4577,2188,2389
11425,70720,3960,34008,2532,66760,4578,2188,2390
11430,70751,3964,34021,2535,66787,4579,2189,2390
11435,70782,3968,34036,2537,66814,4581,2191,2390
11440,70813,3973,34051,2540,66840,4583,2192,2391
11445,70844,3978,34068,2544,66866,4585,2193,2392
11450,70875,3981,34087,2546,66894,4587,2195,2392
11455,70906,3984,34104,2548,66921,4590,2197,2393
11460,70937,3987,34117,2549,66949,4592,2197,2395
11465,70968,3989,34133,2551,66978,4594,2197,2397
11470,70999,3992,34149,2554,67007,4596,2198,2398
11475,71030,3993,34162,2554,67037,4598,2199,2399
11480,71061,3993,34178,2554,67068,4599,2200,2399
11485,71092,3993,34190,2554,67099,4600,2201,2399
11490,71123,3993,34204,2554,67130,4601,2202,2399
11495,71154,3993,34224,2554,67161,4602,2203,2399
11500,71185,3993,34239,2554,67192,4604,2204,2400
11505,71216,3993,34258,2554,67223,4606,2205,2401
11510,71247,3993,34267,2554,67254,4609,2206,2403
11515,71278,3993,34288,2554,67285,4612,2208,2404
11520,71309,3993,34304,2554,67316,4615,2208,2407
11525,71340,3995,34319,2555,67345,4617,2209,2408
11530,71371,3998,34335,2557,67373,4618,2210,2408
11535,71402,4001,34349,2559,67401,4619,2210,2409
11540,71433,4002,34358,2559,67431,4620,2210,2410
11545,71464,4002,34374,2559,67462,4621,2210,2411
11550,71495,4003,34387,2560,67492,4622,2210,2412
11555,71526,4004,34404,2560,67522,4623,2210,2413
11560,71557,4005,34418,2560,67552,4624,2211,2413
11565,71588,4006,34433,2560,67582,4625,2211,2414
11570,71619,4007,34452,2561,67612,4626,2212,2414
11575,71650,4008,34463,2561,67642,4627,2213,2414
11580,71681,4010,34479,2562,67671,4628,2214,2414
11585,71712,4013,34491,2563,67698,4629,2215,2414
11590,71743,4016,34504,2565,67727,4629,2215,2414
11595,71774,4018,34516,2566,67756,4629,2215,2414
11600,71805,4020,34530,2566,67785,4629,2215,2414
11605,71836,4022,34542,2567,67814,4629,2215,2414
11610,71867,4024,34559,2569,67842,4629,2215,2414
11615,71898,4027,34575,2571,67870,4629,2215,2414
11620,71929,4030,34591,2572,67898,4629,2215,2414
11625,71960,4033,34604,2573,67926,4630,2215,2415
11630,71991,4036,34621,2575,67955,4632,2217,2415
11635,72022,4038,34632,2575,67984,4634,2218,2416
11640,72053,4040,34644,2575,68013,4637,2220,2417
11645,72084,4043,34659,2578,68041,4640,2222,2418
11650,72115,4045,34672,2580,68070,4641,2223,2418
11655,72146,4049,34687,2584,68097,4642,2224,2418
11660,72177,4051,34702,2586,68126,4643,2225,2418
11665,72208,4053,34720,2588,68155,4644,2225,2419
11670,72239,4054,34733,2588,68185,4645,2225,2420
11675,72270,4057,34749,2590,68213,4646,2226,2420
11680,72301,4059,34766,2591,68242,4647,2227,2420
11685,72332,4062,34785,2594,68270,4648,2228,2420
11690,72363,4064,34796,2596,68299,4649,2228,2421
11695,72394,4066,34815,2598,68328,4650,2229,2421
11700,72425,4067,34832,2598,68358,4653,2231,2422
11705,72456,4067,34843,2598,68389,4657,2235,2422
11710,72487,4067,34865,2598,68420,4661,2239,2422
11715,72518,4067,34880,2598,68451,4663,2240,2423
11720,72549,4067,34898,2598,68482,4664,2240,2424
11725,72580,4067,34911,2598,68513,4665,2241,2424
11730,72611,4067,34926,2598,68544,4666,2242,2424
11735,72642,4067,34939,2598,68575,4667,2242,2425
11740,72673,4067,34955,2598,68606,4668,2242,2426
11745,72704,4067,34971,2598,68637,4670,2243,2427
11750,72735,4068,34992,2599,68667,4673,2245,2428
11755,72766,4070,35008,2600,68696,4676,2247,2429
11760,72797,4073,35029,2602,68724,4679,2249,2430
11765,72828,4077,35044,2606,68751,4681,2250,2431
11770,72859,4081,35061,2609,68778,4683,2250,2433
11775,72890,4085,35073,2612,68804,4685,2250,2435
11780,72921,4091,35092,2617,68829,4687,2251,2436
11785,72952,4093,35103,2619,68859,4689,2252,2437
11790,72983,4094,35118,2619,68889,4691,2253,2438
11795,73014,4095,35130,2619,68919,4693,2253,2440
11800,73045,4096,35146,2620,68948,4695,2254,2441
11805,73076,4098,35164,2622,68978,4697,2255,2442
11810,73107,4100,35176,2623,69006,4699,2255,2444
11815,73138,4103,35191,2625,69035,4701,2256,2445
11820,73169,4104,35207,2626,69065,4705,2258,2447
11825,73200,4105,35221,2626,69095,4707,2259,2448
11830,73231,4106,35235,2627,69125,4708,2259,2449
11835,73262,4108,35249,2628,69154,4709,2259,2450
11840,73293,4110,35265,2630,69183,4710,2259,2451
11845,73324,4112,35280,2631,69212,4711,2260,2451
11850,73355,4114,35296,2632,69241,4712,2261,2451
11855,73386,4116,35312,2634,69270,4714,2261,2453
11860,73417,4119,35324,2636,69298,4716,2261,2455
11865,73448,4121,35340,2637,69327,4719,2263,2456
11870,73479,4124,35354,2639,69355,4722,2264,2458
11875,73510,4126,35373,2641,69384,4725,2266,2459
11880,73541,4126,35390,2641,69415,4728,2268,2460
11885,73572,4126,35407,2641,69446,4730,2269,2461
11890,73603,4127,35425,2641,69475,4732,2270,2462
11895,73634,4129,35441,2642,69505,4734,2271,2463
11900,73665,4130,35460,2642,69534,4736,2271,2465
11905,73696,4132,35473,2643,69563,4738,2273,2465
11910,73727,4134,35484,2644,69592,4740,2274,2466
11915,73758,4136,35499,2646,69622,4742,2276,2466
11920,73789,4138,35511,2647,69650,4743,2277,2466
11925,73820,4140,35528,2648,69679,4745,2279,2466
11930,73851,4144,35543,2651,69707,4748,2281,2467
11935,73882,4147,35557,2653,69734,4752,2283,2469
11940,73913,4154,35571,2660,69759,4756,2284,2472
11945,73944,4156,35586,2661,69788,4757,2285,2472
11950,73975,4158,35598,2662,69817,4758,2285,2473
11955,74006,4160,35615,2662,69846,4759,2286,2473
11960,74037,4162,35632,2663,69875,4760,2287,2473
11965,74068,4164,35647,2664,69904,4761,2287,2474
11970,74099,4166,35664,2664,69933,4762,2287,2475
11975,74130,4168,35675,2664,69962,4763,2287,2476
11980,74161,4170,35687,2664,69991,4764,2287,2477
11985,74192,4172,35705,2666,70020,4766,2288,2478
11990,74223,4174,35716,2667,70049,4768,2288,2480
11995,74254,4176,35729,2668,70078,4770,2288,2482
12000,74285,4178,35742,2668,70107,4772,2289,2483
12005,74316,4180,35753,2669,70136,4773,2289,2484
12010,74347,4182,35767,2669,70165,4773,2289,2484
12015,74378,4184,35786,2671,70194,4773,2289,2484
12020,74409,4186,35803,2673,70223,4774,2289,2485
12025,74440,4188,35818,2673,70252,4775,2289,2486
12030,74471,4190,35836,2674,70281,4776,2290,2486
12035,74502,4192,35854,2675,70310,4777,2291,2486
12040,74533,4194,35870,2675,70339,4778,2292,2486
12045,74564,4197,35885,2677,70367,4779,2292,2487
12050,74595,4199,35896,2678,70396,4782,2293,2489
12055,74626,4203,35911,2681,70422,4785,2295,2490
12060,74657,4209,35924,2685,70447,4788,2297,2491
12065,74688,4211,35941,2687,70477,4790,2299,2491
12070,74719,4213,35960,2689,70506,4791,2300,2491
12075,74750,4213,35975,2689,70537,4792,2301,2491
12080,74781,4213,35991,2689,70568,4793,2301,2492
12085,74812,4213,36005,2689,70599,4794,2302,2492
12090,74843,4213,36020,2689,70630,4795,2303,2492
12095,74874,4213,36034,2689,70661,4796,2303,2493
12100,74905,4213,36043,2689,70692,4797,2304,2493
12105,74936,4213,36062,2689,70723,4798,2305,2493
12110,74967,4213,36077,2689,70754,4800,2306,2494
12115,74998,4213,36091,2689,70785,4802,2307,2495
12120,75029,4213,36109,2689,70816,4804,2308,2496
12125,75060,4213,36126,2689,70847,4806,2308,2498
12130,75091,4213,36139,2689,70878,4807,2308,2499
12135,75122,4213,36154,2689,70909,4809,2309,2500
12140,75153,4213,36169,2689,70940,4811,2310,2501
12145,75184,4213,36184,2689,70971,4813,2311,2502
12150,75215,4213,36201,2689,71002,4816,2312,2504
12155,75246,4213,36214,2689,71033,4819,2313,2506
12160,75277,4213,36229,2689,71064,4822,2315,2507
12165,75308,4213,36250,2689,71095,4827,2320,2507
12170,75339,4217,36268,2691,71122,4832,2323,2509
12175,75370,4220,36285,2693,71149,4837,2326,2511
12180,75401,4226,36301,2697,71174,4842,2329,2513
12185,75432,4229,36313,2699,71203,4844,2331,2513
12190,75463,4232,36328,2700,71231,4846,2332,2514
12195,75494,4235,36341,2702,71259,4848,2332,2516
12200,75525,4238,36354,2705,71287,4850,2332,2518
12205,75556,4241,36371,2707,71315,4851,2332,2519
12210,75587,4243,36389,2708,71344,4852,2333,2519
12215,75618,4246,36400,2709,71372,4853,2334,2519
12220,75649,4249,36416,2711,71400,4854,2334,2520
12225,75680,4252,36431,2713,71428,4855,2335,2520
12230,75711,4253,36442,2713,71458,4857,2335,2522
12235,75742,4254,36459,2713,71488,4860,2338,2522
12240,75773,4255,36473,2713,71518,4863,2340,2523
12245,75804,4258,36491,2715,71546,4866,2340,2526
12250,75835,4261,36507,2718,71574,4869,2341,2528
12255,75866,4263,36519,2718,71602,4871,2342,2529
12260,75897,4266,36531,2721,71630,4872,2342,2530
12265,75928,4270,36544,2724,71658,4873,2342,2531
12270,75959,4272,36556,2724,71687,4874,2342,2532
12275,75990,4275,36571,2725,71715,4875,2342,2533
12280,76021,4277,36585,2726,71743,4876,2343,2533
12285,76052,4280,36593,2728,71772,4877,2344,2533
12290,76083,4284,36606,2731,71799,4879,2345,2534
12295,76114,4287,36619,2733,71827,4881,2347,2534
12300,76145,4288,36635,2734,71857,4883,2347,2536
12305,76176,4288,36651,2734,71888,4884,2348,2536
12310,76207,4288,36668,2734,71919,4885,2349,2536
12315,76238,4288,36682,2734,71950,4886,2350,2536
12320,76269,4288,36700,2734,71981,4887,2351,2536
12325,76300,4288,36712,2734,72012,4887,2351,2536
12330,76331,4289,36723,2735,72042,4887,2351,2536
12335,76362,4290,36739,2735,72072,4887,2351,2536
12340,76393,4291,36757,2736,72102,4887,2351,2536
12345,76424,4292,36765,2736,72132,4887,2351,2536
12350,76455,4293,36779,2736,72162,4888,2351,2537
12355,76486,4294,36795,2737,72192,4889,2351,2538
12360,76517,4296,36812,2739,72221,4891,2351,2540
12365,76548,4297,36828,2739,72251,4893,2353,2540
12370,76579,4299,36844,2741,72280,4895,2354,2541
12375,76610,4301,36856,2743,72309,4898,2357,2541
12380,76641,4302,36864,2743,72339,4901,2359,2542
12385,76672,4303,36882,2744,72369,4902,2359,2543
12390,76703,4304,36897,2745,72399,4903,2360,2543
12395,76734,4305,36912,2746,72429,4904,2360,2544
12400,76765,4307,36929,2747,72458,4905,2361,2544
12405,76796,4310,36947,2750,72485,4907,2363,2544
12410,76827,4314,36963,2753,72513,4910,2364,2546
12415,76858,4319,36982,2758,72538,4913,2366,2547
12420,76889,4324,36998,2761,72564,4916,2368,2548
12425,76920,4326,37011,2762,72594,4917,2369,2548
12430,76951,4327,37027,2762,72624,4918,2370,2548
12435,76982,4328,37039,2762,72654,4919,2371,2548
12440,77013,4329,37054,2762,72684,4920,2372,2548
12445,77044,4330,37071,2763,72714,4921,2373,2548
12450,77075,4331,37079,2763,72744,4922,2373,2549
12455,77106,4332,37095,2764,72774,4923,2373,2550
12460,77137,4333,37111,2765,72804,4924,2374,2550
12465,77168,4334,37125,2766,72834,4925,2375,2550
12470,77199,4335,37139,2767,72864,4926,2376,2550
12475,77230,4336,37148,2767,72894,4927,2376,2551
12480,77261,4337,37159,2767,72924,4928,2377,2551
12485,77292,4339,37170,2768,72953,4931,2379,2552
12490,77323,4342,37186,2769,72980,4934,2380,2554
12495,77354,4345,37199,2771,73008,4937,2381,2556
12500,77385,4348,37213,2773,73037,4939,2381,2558
12505,77416,4350,37230,2773,73065,4940,2382,2558
12510,77447,4353,37245,2775,73093,4941,2382,2559
12515,77478,4356,37258,2776,73122,4942,2382,2560
12520,77509,4358,37271,2778,73150,4943,2382,2561
12525,77540,4362,37288,2780,73178,4944,2383,2561
12530,77571,4364,37305,2780,73206,4945,2383,2562
12535,77602,4368,37320,2782,73234,4947,2384,2563
12540,77633,4373,37345,2787,73259,4949,2386,2563
12545,77664,4376,37363,2789,73288,4951,2387,2564
12550,77695,4377,37377,2790,73318,4952,2387,2565
12555,77726,4378,37392,2791,73348,4953,2387,2566
12560,77757,4379,37413,2792,73378,4954,2388,2566
12565,77788,4380,37430,2792,73408,4955,2388,2567
12570,77819,4381,37447,2792,73438,4956,2389,2567
12575,77850,4382,37463,2793,73468,4957,2390,2567
12580,77881,4383,37472,2793,73498,4958,2390,2568
12585,77912,4384,37481,2794,73528,4959,2390,2569
12590,77943,4385,37491,2794,73558,4960,2390,2570
12595,77974,4386,37504,2794,73588,4961,2390,2571
12600,78005,4387,37517,2794,73618,4963,2390,2573
12605,78036,4388,37530,2794,73648,4967,2390,2577
12610,78067,4389,37542,2794,73678,4969,2392,2577
12615,78098,4390,37556,2795,73708,4971,2392,2579
12620,78129,4391,37568,2795,73738,4972,2393,2579
12625,78160,4392,37584,2796,73768,4973,2394,2579
12630,78191,4393,37603,2797,73798,4974,2394,2580
12635,78222,4396,37616,2798,73826,4975,2395,2580
12640,78253,4398,37636,2799,73855,4976,2396,2580
12645,78284,4401,37647,2800,73883,4977,2396,2581
12650,78315,4405,37663,2803,73909,4980,2397,2583
12655,78346,4410,37683,2808,73935,4983,2399,2584
12660,78377,4413,37704,2810,73963,4986,2400,2586
12665,78408,4416,37717,2811,73992,4989,2401,2588
12670,78439,4419,37728,2813,74020,4992,2402,2590
12675,78470,4421,37740,2813,74049,4995,2403,2592
12680,78501,4424,37755,2815,74076,4997,2405,2592
12685,78532,4427,37769,2818,74104,4999,2406,2593
12690,78563,4430,37779,2819,74133,5001,2406,2595
12695,78594,4432,37793,2820,74162,5003,2406,2597
12700,78625,4435,37808,2821,74189,5005,2407,2598
12705,78656,4437,37824,2823,74219,5006,2408,2598
12710,78687,4438,37838,2823,74249,5007,2409,2598
12715,78718,4440,37848,2824,74278,5009,2409,2600
12720,78749,4442,37862,2826,74306,5012,2412,2600
12725,78780,4443,37881,2827,74337,5014,2413,2601
12730,78811,4443,37899,2827,74368,5015,2414,2601
12735,78842,4443,37912,2827,74399,5016,2414,2602
12740,78873,4443,37924,2827,74430,5017,2414,2603
12745,78904,4443,37940,2827,74461,5018,2414,2604
12750,78935,4443,37950,2827,74492,5019,2415,2604
12755,78966,4443,37967,2827,74523,5020,2416,2604
12760,78997,4444,37984,2828,74553,5021,2417,2604
12765,79028,4445,38002,2828,74583,5022,2418,2604
12770,79059,4447,38019,2830,74612,5023,2418,2605
12775,79090,4448,38034,2831,74642,5023,2418,2605
12780,79121,4450,38050,2833,74671,5023,2418,2605
12785,79152,4454,38064,2834,74697,5024,2419,2605
12790,79183,4461,38079,2839,74721,5025,2420,2605
12795,79214,4465,38095,2842,74749,5026,2421,2605
12800,79245,4467,38109,2843,74778,5027,2422,2605
12805,79276,4469,38123,2844,74807,5028,2423,2605
12810,79307,4472,38135,2845,74835,5029,2424,2605
12815,79338,4475,38149,2848,74863,5030,2425,2605
12820,79369,4477,38166,2849,74892,5031,2425,2606
12825,79400,4478,38184,2850,74922,5032,2426,2606
12830,79431,4479,38199,2850,74952,5035,2427,2608
12835,79462,4480,38214,2850,74982,5038,2429,2609
12840,79493,4481,38227,2851,75012,5041,2432,2609
12845,79524,4484,38242,2853,75039,5043,2433,2610
12850,79555,4489,38255,2857,75065,5044,2433,2611
12855,79586,4492,38268,2860,75093,5045,2433,2612
12860,79617,4494,38277,2861,75123,5046,2433,2613
12865,79648,4495,38292,2861,75152,5047,2434,2613
12870,79679,4496,38312,2862,75183,5048,2435,2613
12875,79710,4496,38322,2862,75214,5049,2436,2613
12880,79741,4496,38338,2862,75245,5050,2436,2614
12885,79772,4496,38358,2862,75276,5052,2436,2616
12890,79803,4496,38377,2862,75307,5054,2437,2617
12895,79834,4496,38391,2862,75338,5056,2438,2618
12900,79865,4496,38402,2862,75369,5058,2440,2618
12905,79896,4498,38417,2863,75398,5061,2442,2619
12910,79927,4500,38431,2865,75427,5064,2443,2621
12915,79958,4501,38445,2865,75457,5067,2445,2622
12920,79989,4503,38459,2867,75486,5069,2446,2623
12925,80020,4505,38472,2868,75515,5071,2448,2623
12930,80051,4506,38484,2869,75545,5073,2448,2625
12935,80082,4508,38499,2870,75574,5076,2449,2627
12940,80113,4509,38512,2870,75604,5079,2450,2629
12945,80144,4510,38527,2871,75634,5082,2450,2632
12950,80175,4513,38540,2873,75662,5085,2452,2633
12955,80206,4513,38558,2873,75693,5087,2454,2633
12960,80237,4513,38575,2873,75724,5089,2455,2634
12965,80268,4514,38592,2874,75753,5090,2455,2635
12970,80299,4516,38604,2876,75783,5091,2456,2635
12975,80330,4517,38623,2877,75813,5092,2457,2635
12980,80361,4518,38638,2878,75842,5093,2457,2636
12985,80392,4520,38653,2880,75871,5094,2458,2636
12990,80423,4522,38669,2881,75901,5095,2459,2636
12995,80454,4524,38684,2882,75930,5097,2461,2636
13000,80485,4526,38698,2884,75959,5099,2461,2638
13005,80516,4528,38714,2885,75988,5101,2462,2639
13010,80547,4531,38726,2887,76016,5103,2463,2640
13015,80578,4532,38742,2888,76046,5105,2464,2641
13020,80609,4533,38756,2889,76076,5107,2464,2643
13025,80640,4534,38767,2889,76106,5109,2464,2645
13030,80671,4535,38784,2889,76136,5111,2465,2646
13035,80702,4536,38800,2890,76166,5113,2466,2647
13040,80733,4537,38816,2890,76196,5115,2467,2648
13045,80764,4538,38831,2891,76226,5117,2469,2648
13050,80795,4539,38849,2892,76256,5119,2471,2648
13055,80826,4541,38863,2894,76285,5123,2471,2652
13060,80857,4542,38882,2894,76315,5126,2474,2652
13065,80888,4543,38894,2895,76345,5129,2476,2653
13070,80919,4545,38914,2897,76374,5132,2479,2653
13075,80950,4548,38930,2899,76402,5135,2480,2655
13080,80981,4551,38946,2901,76430,5137,2481,2656
13085,81012,4555,38960,2903,76457,5140,2481,2659
13090,81043,4558,38974,2903,76485,5143,2483,2660
13095,81074,4562,38990,2905,76512,5146,2485,2661
13100,81105,4565,39001,2906,76540,5148,2486,2662
13105,81136,4568,39016,2907,76568,5150,2486,2664
13110,81167,4571,39030,2909,76596,5152,2486,2666
13115,81198,4575,39046,2912,76623,5154,2487,2667
13120,81229,4579,39064,2915,76649,5156,2489,2667
13125,81260,4585,39077,2919,76674,5158,2491,2667
13130,81291,4591,39091,2923,76699,5160,2493,2667
13135,81322,4595,39101,2926,76726,5162,2493,2669
13140,81353,4599,39116,2929,76753,5164,2495,2669
13145,81384,4600,39132,2930,76784,5166,2495,2671
13150,81415,4600,39150,2930,76815,5167,2495,2672
13155,81446,4600,39164,2930,76846,5168,2496,2672
13160,81477,4600,39179,2930,76877,5169,2497,2672
13165,81508,4600,39190,2930,76908,5170,2497,2673
13170,81539,4600,39205,2930,76939,5171,2498,2673
13175,81570,4600,39225,2930,76970,5172,2499,2673
13180,81601,4600,39242,2930,77001,5174,2500,2674
13185,81632,4600,39256,2930,77032,5176,2501,2675
13190,81663,4600,39273,2930,77063,5178,2502,2676
13195,81694,4600,39287,2930,77094,5181,2503,2678
13200,81725,4600,39307,2930,77125,5185,2506,2679
13205,81756,4602,39328,2932,77154,5188,2508,2680
13210,81787,4603,39342,2932,77183,5191,2509,2682
13215,81818,4606,39353,2934,77211,5193,2509,2684
13220,81849,4607,39370,2935,77242,5195,2511,2684
13225,81880,4607,39385,2935,77273,5197,2513,2684
13230,81911,4607,39399,2935,77304,5199,2514,2685
13235,81942,4607,39415,2935,77335,5201,2515,2686
13240,81973,4607,39432,2935,77366,5203,2516,2687
13245,82004,4608,39445,2935,77395,5205,2517,2688
13250,82035,4611,39461,2938,77424,5208,2519,2689
13255,82066,4613,39480,2939,77452,5211,2521,2690
13260,82097,4616,39498,2941,77481,5213,2523,2690
13265,82128,4619,39513,2944,77509,5215,2525,2690
13270,82159,4622,39531,2947,77537,5217,2526,2691
13275,82190,4624,39544,2948,77565,5219,2527,2692
13280,82221,4628,39559,2951,77592,5221,2528,2693
13285,82252,4631,39572,2952,77621,5223,2529,2694
13290,82283,4634,39590,2955,77648,5225,2530,2695
13295,82314,4639,39611,2959,77675,5227,2532,2695
13300,82345,4642,39628,2962,77702,5229,2533,2696
13305,82376,4645,39642,2964,77731,5231,2534,2697
13310,82407,4647,39655,2966,77760,5235,2535,2700
13315,82438,4648,39668,2967,77790,5241,2535,2706
13320,82469,4651,39687,2970,77818,5247,2538,2709
13325,82500,4653,39702,2971,77847,5248,2539,2709
13330,82531,4654,39718,2972,77877,5248,2539,2709
13335,82562,4655,39733,2973,77907,5248,2539,2709
13340,82593,4657,39749,2974,77936,5248,2539,2709
13345,82624,4659,39760,2975,77965,5248,2539,2709
13350,82655,4661,39776,2977,77994,5248,2539,2709
13355,82686,4663,39793,2978,78023,5248,2539,2709
13360,82717,4664,39806,2979,78053,5248,2539,2709
13365,82748,4666,39820,2981,78082,5249,2539,2710
13370,82779,4666,39834,2981,78113,5250,2540,2710
13375,82810,4666,39851,2981,78144,5251,2540,2711
13380,82841,4666,39870,2981,78175,5252,2540,2712
13385,82872,4668,39883,2983,78204,5252,2540,2712
13390,82903,4670,39902,2984,78233,5252,2540,2712
13395,82934,4672,39915,2984,78262,5252,2540,2712
13400,82965,4674,39932,2985,78291,5252,2540,2712
13405,82996,4676,39947,2985,78320,5252,2540,2712
13410,83027,4678,39960,2985,78349,5252,2540,2712
13415,83058,4680,39977,2987,78378,5252,2540,2712
13420,83089,4682,39995,2987,78407,5252,2540,2712
13425,83120,4684,40012,2988,78435,5255,2542,2713
13430,83151,4688,40019,2990,78463,5260,2542,2718
13435,83182,4691,40034,2992,78490,5266,2545,2721
13440,83213,4694,40053,2994,78518,5272,2547,2725
13445,83244,4700,40068,2998,78543,5275,2547,2728
13450,83275,4705,40085,3001,78570,5277,2548,2729
13455,83306,4708,40100,3004,78598,5279,2550,2729
13460,83337,4710,40113,3006,78627,5281,2551,2730
13465,83368,4714,40130,3008,78654,5283,2552,2731
13470,83399,4719,40145,3011,78680,5285,2554,2731
13475,83430,4722,40158,3013,78708,5287,2555,2732
13480,83461,4723,40173,3014,78738,5288,2556,2732
13485,83492,4724,40185,3014,78768,5289,2556,2733
13490,83523,4725,40197,3015,78798,5291,2556,2735
13495,83554,4725,40217,3015,78829,5293,2557,2736
13500,83585,4725,40231,3015,78860,5295,2559,2736
13505,83616,4725,40246,3015,78891,5297,2560,2737
13510,83647,4725,40262,3015,78922,5299,2561,2738
13515,83678,4725,40277,3015,78953,5301,2561,2740
13520,83709,4725,40294,3015,78984,5302,2561,2741
13525,83740,4725,40310,3015,79015,5303,2562,2741
13530,83771,4725,40320,3015,79046,5304,2562,2742
13535,83802,4725,40330,3015,79077,5305,2563,2742
13540,83833,4726,40345,3016,79106,5306,2563,2743
13545,83864,4728,40355,3018,79136,5307,2563,2744
13550,83895,4730,40374,3019,79165,5312,2566,2746
13555,83926,4733,40386,3021,79193,5317,2570,2747
13560,83957,4734,40403,3021,79222,5322,2572,2750
13565,83988,4736,40419,3023,79252,5324,2573,2751
13570,84019,4737,40436,3024,79282,5326,2573,2753
13575,84050,4738,40450,3025,79312,5327,2574,2753
13580,84081,4739,40466,3025,79342,5328,2574,2754
13585,84112,4741,40478,3025,79371,5330,2575,2755
13590,84143,4743,40493,3026,79400,5332,2576,2756
13595,84174,4747,40511,3029,79426,5334,2578,2756
13600,84205,4753,40529,3035,79452,5336,2578,2758
13605,84236,4758,40542,3040,79478,5338,2579,2759
13610,84267,4763,40560,3045,79503,5340,2581,2759
13615,84298,4770,40577,3050,79528,5342,2582,2760
13620,84329,4775,40592,3054,79554,5345,2584,2761
13625,84360,4776,40605,3055,79584,5347,2584,2763
13630,84391,4777,40617,3055,79614,5349,2585,2764
13635,84422,4779,40634,3057,79643,5351,2586,2765
13640,84453,4781,40647,3059,79672,5352,2587,2765
13645,84484,4783,40667,3061,79701,5353,2588,2765
13650,84515,4785,40681,3062,79730,5354,2588,2766
13655,84546,4786,40693,3063,79760,5355,2588,2767
13660,84577,4786,40708,3063,79791,5356,2588,2768
13665,84608,4786,40724,3063,79822,5357,2588,2769
13670,84639,4786,40740,3063,79853,5358,2589,2769
13675,84670,4786,40751,3063,79884,5359,2589,2770
13680,84701,4786,40770,3063,79915,5360,2590,2770
13685,84732,4787,40787,3064,79945,5362,2591,2771
13690,84763,4788,40805,3064,79975,5364,2593,2771
13695,84794,4789,40823,3064,80005,5366,2594,2772
13700,84825,4790,40839,3065,80035,5368,2594,2774
13705,84856,4791,40852,3066,80065,5370,2594,2776
13710,84887,4792,40862,3066,80095,5372,2596,2776
13715,84918,4793,40874,3066,80125,5373,2596,2777
13720,84949,4794,40886,3066,80155,5374,2596,2778
13725,84980,4795,40897,3066,80185,5376,2597,2779
13730,85011,4796,40911,3067,80214,5378,2598,2780
13735,85042,4799,40928,3068,80242,5381,2598,2783
13740,85073,4802,40945,3070,80270,5384,2599,2785
13745,85104,4805,40960,3071,80299,5387,2599,2788
13750,85135,4808,40973,3073,80327,5389,2600,2789
13755,85166,4810,40987,3074,80356,5391,2601,2790
13760,85197,4813,41005,3077,80384,5393,2601,2792
13765,85228,4815,41022,3078,80413,5395,2602,2793
13770,85259,4820,41039,3081,80439,5399,2604,2795
13775,85290,4823,41052,3083,80467,5403,2606,2797
13780,85321,4826,41069,3086,80495,5407,2606,2801
13785,85352,4828,41089,3088,80524,5411,2607,2804
13790,85383,4831,41108,3091,80552,5415,2609,2806
13795,85414,4832,41120,3092,80582,5418,2611,2807
13800,85445,4832,41132,3092,80613,5420,2611,2809
13805,85476,4833,41147,3093,80642,5421,2612,2809
13810,85507,4835,41160,3094,80672,5422,2613,2809
13815,85538,4836,41171,3094,80701,5423,2614,2809
13820,85569,4838,41181,3095,80731,5424,2614,2810
13825,85600,4839,41194,3096,80761,5425,2614,2811
13830,85631,4840,41205,3096,80790,5426,2614,2812
13835,85662,4842,41217,3097,80820,5427,2614,2813
13840,85693,4843,41238,3098,80849,5428,2615,2813
13845,85724,4845,41249,3099,80879,5430,2615,2815
13850,85755,4846,41265,3100,80909,5432,2615,2817
13855,85786,4847,41281,3101,80938,5434,2616,2818
13860,85817,4849,41295,3102,80968,5436,2616,2820
13865,85848,4849,41307,3102,80999,5437,2617,2820
13870,85879,4849,41318,3102,81030,5437,2617,2820
13875,85910,4849,41332,3102,81061,5437,2617,2820
13880,85941,4849,41345,3102,81092,5437,2617,2820
13885,85972,4850,41357,3103,81122,5437,2617,2820
13890,86003,4851,41373,3104,81152,5437,2617,2820
13895,86034,4852,41390,3105,81182,5437,2617,2820
13900,86065,4854,41407,3107,81211,5438,2618,2820
13905,86096,4856,41425,3108,81240,5440,2619,2821
13910,86127,4859,41441,3111,81268,5443,2619,2824
13915,86158,4863,41450,3114,81295,5446,2620,2826
13920,86189,4865,41462,3114,81324,5449,2622,2827
13925,86220,4869,41479,3118,81351,5450,2623,2827
13930,86251,4872,41497,3120,81379,5451,2624,2827
13935,86282,4875,41512,3122,81407,5452,2624,2828
13940,86313,4878,41528,3123,81435,5453,2625,2828
13945,86344,4879,41545,3124,81465,5454,2626,2828
13950,86375,4880,41560,3124,81495,5455,2626,2829
13955,86406,4881,41573,3125,81525,5456,2626,2830
13960,86437,4882,41590,3126,81555,5457,2627,2830
13965,86468,4883,41601,3126,81585,5459,2627,2832
13970,86499,4884,41611,3127,81615,5460,2628,2832
13975,86530,4885,41624,3127,81645,5462,2629,2833
13980,86561,4886,41639,3128,81675,5464,2631,2833
13985,86592,4888,41654,3128,81704,5465,2632,2833
13990,86623,4890,41670,3129,81733,5466,2633,2833
13995,86654,4892,41688,3130,81762,5467,2633,2834
14000,86685,4894,41699,3131,81791,5468,2634,2834
14005,86716,4896,41716,3133,81820,5469,2634,2835
14010,86747,4898,41729,3135,81849,5471,2634,2837
14015,86778,4900,41747,3136,81878,5473,2634,2839
14020,86809,4902,41761,3136,81907,5475,2636,2839
14025,86840,4904,41776,3137,81935,5477,2637,2840
14030,86871,4907,41790,3139,81964,5479,2638,2841
14035,86902,4910,41804,3140,81992,5483,2640,2843
14040,86933,4912,41818,3142,82021,5488,2643,2845
14045,86964,4914,41836,3144,82050,5490,2643,2847
14050,86995,4915,41847,3144,82079,5492,2644,2848
14055,87026,4918,41865,3147,82108,5494,2645,2849
14060,87057,4920,41881,3149,82137,5496,2646,2850
14065,87088,4921,41895,3149,82166,5497,2646,2851
14070,87119,4923,41910,3150,82195,5498,2647,2851
14075,87150,4925,41929,3152,82224,5499,2648,2851
14080,87181,4928,41942,3155,82253,5500,2649,2851
14085,87212,4929,41958,3156,82282,5502,2649,2853
14090,87243,4932,41973,3159,82311,5504,2651,2853
14095,87274,4932,41988,3159,82342,5507,2652,2855
14100,87305,4932,42007,3159,82373,5510,2652,2858
14105,87336,4934,42023,3161,82402,5512,2654,2858
14110,87367,4935,42038,3162,82432,5514,2654,2860
14115,87398,4935,42054,3162,82463,5515,2654,2861
14120,87429,4935,42071,3162,82494,5515,2654,2861
14125,87460,4935,42086,3162,82525,5515,2654,2861
14130,87491,4935,42101,3162,82556,5515,2654,2861
14135,87522,4936,42116,3163,82585,5515,2654,2861
14140,87553,4939,42138,3165,82614,5515,2654,2861
14145,87584,4941,42154,3166,82642,5518,2655,2863
14150,87615,4944,42168,3168,82671,5521,2656,2865
14155,87646,4945,42182,3168,82700,5523,2658,2865
14160,87677,4948,42197,3170,82729,5524,2659,2865
14165,87708,4949,42211,3170,82758,5525,2659,2866
14170,87739,4951,42226,3172,82788,5526,2659,2867
14175,87770,4951,42245,3172,82819,5526,2659,2867
14180,87801,4951,42262,3172,82850,5526,2659,2867
14185,87832,4951,42282,3172,82881,5526,2659,2867
14190,87863,4951,42299,3172,82912,5526,2659,2867
14195,87894,4952,42315,3172,82941,5526,2659,2867
14200,87925,4954,42325,3174,82971,5526,2659,2867
14205,87956,4955,42338,3175,83001,5527,2659,2868
14210,87987,4956,42356,3175,83031,5528,2660,2868
14215,88018,4957,42370,3175,83061,5529,2660,2869
14220,88049,4960,42383,3177,83089,5532,2661,2871
14225,88080,4963,42398,3179,83117,5536,2663,2873
14230,88111,4966,42411,3180,83145,5539,2663,2876
14235,88142,4970,42425,3183,83172,5542,2666,2876
14240,88173,4973,42438,3184,83200,5545,2669,2876
14245,88204,4977,42454,3188,83227,5548,2670,2878
14250,88235,4979,42464,3188,83256,5551,2671,2880
14255,88266,4981,42480,3188,83285,5553,2673,2880
14260,88297,4984,42493,3191,83313,5556,2675,2881
14265,88328,4987,42510,3192,83341,5559,2676,2883
14270,88359,4990,42526,3194,83369,5561,2678,2883
14275,88390,4992,42546,3195,83398,5563,2679,2884
14280,88421,4994,42557,3195,83427,5565,2679,2886
14285,88452,4995,42569,3195,83457,5566,2679,2887
14290,88483,4996,42585,3196,83487,5567,2679,2888
14295,88514,4997,42600,3197,83517,5568,2679,2889
14300,88545,4998,42618,3198,83547,5569,2680,2889
14305,88576,4999,42632,3198,83577,5570,2680,2890
14310,88607,5000,42645,3198,83607,5571,2681,2890
14315,88638,5001,42661,3199,83637,5572,2681,2891
14320,88669,5002,42674,3200,83667,5573,2682,2891
14325,88700,5003,42685,3201,83697,5574,2682,2892
14330,88731,5005,42705,3203,83726,5575,2682,2893
14335,88762,5007,42722,3205,83755,5576,2682,2894
14340,88793,5007,42733,3205,83786,5577,2683,2894
14345,88824,5008,42748,3205,83815,5579,2683,2896
14350,88855,5010,42761,3206,83845,5581,2684,2897
14355,88886,5011,42777,3206,83874,5584,2686,2898
14360,88917,5014,42791,3208,83903,5586,2687,2899
14365,88948,5015,42804,3209,83932,5588,2688,2900
14370,88979,5018,42818,3211,83961,5590,2688,2902
14375,89010,5020,42831,3212,83989,5593,2688,2905
14380,89041,5022,42846,3213,84018,5596,2691,2905
14385,89072,5024,42864,3215,84047,5599,2692,2907
14390,89103,5027,42875,3217,84076,5603,2693,2910
14395,89134,5029,42889,3218,84104,5606,2694,2912
14400,89165,5032,42904,3220,84132,5607,2694,2913
14405,89196,5035,42922,3222,84161,5608,2695,2913
14410,89227,5037,42939,3223,84190,5609,2695,2914
14415,89258,5039,42957,3223,84219,5610,2696,2914
14420,89289,5041,42971,3225,84248,5611,2697,2914
14425,89320,5043,42981,3226,84277,5612,2697,2915
14430,89351,5045,42993,3228,84306,5613,2697,2916
14435,89382,5047,43007,3229,84335,5614,2698,2916
14440,89413,5049,43018,3230,84364,5615,2698,2917
14445,89444,5051,43032,3231,84393,5616,2698,2918
14450,89475,5053,43047,3232,84422,5617,2699,2918
14455,89506,5055,43064,3233,84451,5618,2700,2918
14460,89537,5057,43085,3235,84480,5619,2701,2918
14465,89568,5059,43104,3237,84509,5620,2702,2918
14470,89599,5061,43122,3238,84538,5621,2702,2919
14475,89630,5062,43140,3238,84568,5622,2703,2919
14480,89661,5063,43152,3238,84598,5623,2703,2920
14485,89692,5065,43169,3240,84627,5624,2703,2921
14490,89723,5066,43183,3240,84657,5625,2703,2922
14495,89754,5067,43196,3240,84687,5627,2704,2923
14500,89785,5068,43214,3240,84717,5630,2706,2924
14505,89816,5069,43235,3241,84747,5632,2708,2924
14510,89847,5069,43245,3241,84778,5635,2709,2926
14515,89878,5069,43261,3241,84809,5638,2710,2928
14520,89909,5069,43276,3241,84840,5640,2711,2929
14525,89940,5069,43294,3241,84871,5642,2712,2930
14530,89971,5069,43309,3241,84902,5644,2712,2932
14535,90002,5069,43320,3241,84933,5645,2713,2932
14540,90033,5069,43338,3241,84964,5646,2714,2932
14545,90064,5069,43350,3241,84995,5647,2715,2932
14550,90095,5069,43366,3241,85026,5648,2716,2932
14555,90126,5069,43384,3241,85057,5649,2716,2933
14560,90157,5069,43404,3241,85088,5650,2717,2933
14565,90188,5069,43414,3241,85119,5651,2717,2934
14570,90219,5072,43426,3243,85146,5652,2717,2935
14575,90250,5076,43433,3245,85174,5655,2719,2936
14580,90281,5080,43447,3248,85201,5658,2721,2937
14585,90312,5083,43460,3249,85229,5660,2721,2939
14590,90343,5086,43477,3250,85256,5662,2723,2939
14595,90374,5090,43488,3253,85283,5664,2724,2940
14600,90405,5094,43499,3255,85311,5666,2724,2942
14605,90436,5096,43519,3255,85340,5667,2725,2942
14610,90467,5098,43534,3255,85369,5668,2726,2942
14615,90498,5100,43553,3257,85397,5669,2726,2943
14620,90529,5103,43568,3259,85425,5670,2727,2943
14625,90560,5107,43584,3263,85453,5671,2728,2943
14630,90591,5109,43599,3264,85481,5673,2730,2943
14635,90622,5112,43609,3265,85509,5677,2732,2945
14640,90653,5114,43623,3267,85539,5681,2734,2947
14645,90684,5115,43641,3268,85569,5684,2735,2949
14650,90715,5116,43655,3268,85599,5687,2735,2952
14655,90746,5117,43672,3269,85629,5690,2736,2954
14660,90777,5118,43684,3269,85659,5693,2737,2956
14665,90808,5119,43696,3269,85689,5696,2739,2957
14670,90839,5120,43713,3270,85719,5699,2741,2958
14675,90870,5122,43722,3272,85748,5701,2741,2960
14680,90901,5123,43735,3272,85778,5703,2741,2962
14685,90932,5125,43749,3273,85807,5705,2742,2963
14690,90963,5125,43767,3273,85838,5709,2744,2965
14695,90994,5125,43780,3273,85869,5712,2745,2967
14700,91025,5125,43792,3273,85900,5715,2745,2970
14705,91056,5126,43808,3273,85930,5716,2746,2970
14710,91087,5127,43827,3273,85960,5717,2747,2970
14715,91118,5128,43839,3274,85990,5718,2747,2971
14720,91149,5129,43858,3275,86020,5719,2748,2971
14725,91180,5130,43870,3276,86050,5720,2748,2972
14730,91211,5131,43887,3277,86080,5721,2749,2972
14735,91242,5132,43904,3278,86110,5722,2749,2973
14740,91273,5133,43927,3279,86140,5723,2750,2973
14745,91304,5135,43944,3280,86169,5724,2751,2973
14750,91335,5137,43961,3282,86198,5726,2752,2974
14755,91366,5139,43975,3284,86227,5728,2753,2975
14760,91397,5141,43992,3284,86255,5730,2754,2976
14765,91428,5144,44004,3286,86283,5731,2754,2977
14770,91459,5147,44016,3287,86312,5732,2755,2977
14775,91490,5150,44038,3290,86339,5733,2755,2978
14780,91521,5153,44051,3292,86367,5735,2755,2980
14785,91552,5156,44069,3293,86395,5737,2756,2981
14790,91583,5159,44081,3295,86424,5739,2757,2982
14795,91614,5163,44096,3297,86450,5742,2759,2983
14800,91645,5169,44111,3301,86475,5745,2759,2986
14805,91676,5174,44127,3304,86501,5748,2761,2987
14810,91707,5180,44140,3308,86527,5752,2762,2990
14815,91738,5183,44150,3310,86554,5757,2763,2994
14820,91769,5188,44168,3314,86581,5762,2768,2994
14825,91800,5191,44185,3317,86609,5762,2768,2994
14830,91831,5193,44202,3319,86638,5762,2768,2994
14835,91862,5194,44213,3319,86668,5762,2768,2994
14840,91893,5196,44226,3320,86697,5762,2768,2994
14845,91924,5197,44245,3321,86727,5762,2768,2994
14850,91955,5198,44258,3322,86757,5762,2768,2994
14855,91986,5199,44272,3323,86787,5762,2768,2994
14860,92017,5200,44286,3323,86817,5762,2768,2994
14865,92048,5201,44303,3323,86847,5762,2768,2994
14870,92079,5202,44312,3323,86877,5763,2768,2995
14875,92110,5203,44323,3324,86907,5764,2769,2995
14880,92141,5204,44338,3325,86937,5765,2769,2996
14885,92172,5204,44348,3325,86968,5767,2770,2997
14890,92203,5204,44365,3325,86999,5769,2771,2998
14895,92234,5204,44377,3325,87030,5771,2772,2999
14900,92265,5204,44386,3325,87061,5773,2772,3001
14905,92296,5204,44401,3325,87092,5775,2774,3001
14910,92327,5204,44420,3325,87123,5777,2776,3001
14915,92358,5205,44435,3326,87153,5779,2777,3002
14920,92389,5206,44449,3326,87183,5781,2779,3002
14925,92420,5208,44463,3327,87212,5783,2780,3003
14930,92451,5211,44474,3329,87240,5786,2781,3005
14935,92482,5216,44485,3332,87266,5790,2781,3009
14940,92513,5221,44503,3336,87291,5794,2783,3011
14945,92544,5223,44517,3337,87321,5797,2783,3014
14950,92575,5224,44534,3337,87351,5799,2785,3014
14955,92606,5225,44547,3338,87381,5801,2786,3015
14960,92637,5226,44559,3338,87411,5803,2787,3016
14965,92668,5227,44568,3338,87441,5805,2788,3017
14970,92699,5228,44583,3339,87471,5807,2789,3018
14975,92730,5229,44594,3339,87501,5809,2789,3020
14980,92761,5230,44609,3340,87531,5811,2790,3021
14985,92792,5231,44622,3341,87561,5814,2792,3022
14990,92823,5232,44634,3341,87591,5817,2792,3025
14995,92854,5233,44646,3341,87621,5819,2793,3026
15000,92885,5234,44662,3341,87651,5821,2794,3027
15005,92916,5236,44674,3342,87680,5823,2795,3028
15010,92947,5237,44687,3343,87710,5825,2795,3030
15015,92978,5238,44703,3344,87740,5827,2796,3031
15020,93009,5239,44712,3344,87770,5829,2796,3033
15025,93040,5240,44724,3345,87800,5830,2797,3033
15030,93071,5241,44741,3346,87829,5831,2798,3033
15035,93102,5243,44760,3347,87858,5832,2798,3034
15040,93133,5245,44773,3349,87887,5833,2798,3035
15045,93164,5247,44786,3350,87916,5834,2798,3036
15050,93195,5251,44800,3354,87943,5838,2800,3038
15055,93226,5255,44814,3357,87971,5842,2800,3042
15060,93257,5257,44831,3359,88000,5846,2802,3044
15065,93288,5261,44846,3361,88027,5848,2804,3044
15070,93319,5262,44863,3361,88057,5848,2804,3044
15075,93350,5263,44878,3361,88087,5848,2804,3044
15080,93381,5264,44894,3362,88117,5848,2804,3044
15085,93412,5265,44914,3363,88147,5848,2804,3044
15090,93443,5266,44926,3364,88177,5848,2804,3044
15095,93474,5267,44946,3365,88207,5848,2804,3044
15100,93505,5268,44962,3366,88237,5848,2804,3044
15105,93536,5269,44980,3367,88267,5848,2804,3044
15110,93567,5270,44998,3368,88297,5848,2804,3044
15115,93598,5271,45017,3368,88327,5848,2804,3044
15120,93629,5272,45031,3369,88357,5848,2804,3044
15125,93660,5273,45041,3369,88387,5850,2805,3045
15130,93691,5274,45060,3370,88417,5852,2806,3046
15135,93722,5275,45074,3371,88447,5854,2808,3046
15140,93753,5276,45091,3372,88477,5856,2809,3047
15145,93784,5277,45103,3373,88507,5857,2810,3047
15150,93815,5278,45122,3373,88537,5858,2811,3047
15155,93846,5279,45134,3373,88567,5859,2812,3047
15160,93877,5280,45150,3374,88597,5860,2813,3047
15165,93908,5281,45172,3375,88627,5861,2814,3047
15170,93939,5284,45185,3376,88655,5864,2817,3047
15175,93970,5288,45201,3379,88681,5869,2821,3048
15180,94001,5293,45217,3381,88708,5874,2823,3051
15185,94032,5297,45233,3384,88734,5876,2824,3052
15190,94063,5302,45245,3389,88761,5877,2824,3053
15195,94094,5304,45261,3390,88790,5878,2825,3053
15200,94125,5305,45279,3391,88820,5879,2826,3053
15205,94156,5306,45295,3391,88850,5880,2827,3053
15210,94187,5308,45309,3392,88878,5881,2828,3053
15215,94218,5310,45323,3394,88908,5882,2828,3054
15220,94249,5310,45337,3394,88939,5883,2828,3055
15225,94280,5310,45355,3394,88970,5884,2828,3056
15230,94311,5310,45372,3394,89001,5885,2828,3057
15235,94342,5310,45390,3394,89032,5886,2828,3058
15240,94373,5310,45404,3394,89063,5887,2828,3059
15245,94404,5310,45419,3394,89094,5888,2829,3059
15250,94435,5310,45433,3394,89125,5889,2830,3059
15255,94466,5310,45454,3394,89156,5890,2831,3059
15260,94497,5310,45468,3394,89187,5891,2832,3059
15265,94528,5310,45479,3394,89218,5892,2833,3059
15270,94559,5310,45495,3394,89249,5893,2834,3059
15275,94590,5310,45510,3394,89280,5894,2834,3060
15280,94621,5310,45527,3394,89311,5895,2834,3061
15285,94652,5311,45541,3394,89341,5898,2835,3063
15290,94683,5312,45556,3395,89371,5903,2838,3065
15295,94714,5313,45569,3395,89401,5908,2840,3068
15300,94745,5315,45585,3397,89430,5912,2843,3069
15305,94776,5319,45601,3399,89457,5915,2843,3072
15310,94807,5322,45618,3402,89485,5918,2844,3074
15315,94838,5325,45636,3405,89513,5919,2845,3074
15320,94869,5327,45650,3406,89541,5920,2846,3074
15325,94900,5332,45666,3410,89567,5921,2846,3075
15330,94931,5335,45684,3411,89595,5922,2847,3075
15335,94962,5338,45703,3412,89623,5923,2847,3076
15340,94993,5341,45722,3414,89652,5924,2848,3076
15345,95024,5343,45736,3416,89681,5925,2848,3077
15350,95055,5345,45753,3416,89709,5926,2849,3077
15355,95086,5349,45770,3419,89737,5927,2850,3077
15360,95117,5352,45785,3420,89765,5928,2850,3078
15365,95148,5353,45801,3420,89794,5928,2850,3078
15370,95179,5355,45813,3422,89824,5928,2850,3078
15375,95210,5356,45821,3422,89854,5928,2850,3078
15380,95241,5357,45834,3423,89884,5928,2850,3078
15385,95272,5358,45852,3424,89914,5928,2850,3078
15390,95303,5359,45869,3424,89944,5928,2850,3078
15395,95334,5360,45885,3425,89974,5930,2850,3080
15400,95365,5361,45896,3426,90003,5933,2850,3083
15405,95396,5363,45909,3428,90033,5937,2851,3086
15410,95427,5365,45926,3430,90061,5940,2851,3089
15415,95458,5368,45941,3432,90089,5943,2852,3091
15420,95489,5370,45966,3434,90118,5946,2853,3093
15425,95520,5375,45978,3438,90145,5948,2854,3094
15430,95551,5376,45992,3439,90175,5949,2854,3095
15435,95582,5377,46007,3439,90205,5950,2855,3095
15440,95613,5378,46024,3440,90235,5951,2856,3095
15445,95644,5379,46039,3440,90265,5952,2857,3095
15450,95675,5380,46057,3441,90295,5953,2858,3095
15455,95706,5381,46075,3441,90325,5954,2859,3095
15460,95737,5382,46090,3441,90355,5955,2860,3095
15465,95768,5383,46107,3442,90385,5956,2861,3095
15470,95799,5384,46124,3442,90415,5957,2861,3096
15475,95830,5385,46142,3443,90445,5958,2861,3097
15480,95861,5386,46158,3444,90475,5959,2862,3097
15485,95892,5389,46174,3446,90502,5960,2862,3098
15490,95923,5393,46190,3448,90530,5961,2863,3098
15495,95954,5395,46205,3449,90558,5962,2863,3099
15500,95985,5398,46217,3451,90586,5963,2864,3099
15505,96016,5401,46229,3452,90614,5964,2865,3099
15510,96047,5404,46240,3455,90642,5965,2865,3100
15515,96078,5407,46255,3456,90671,5966,2865,3101
15520,96109,5408,46273,3457,90701,5968,2867,3101
15525,96140,5409,46288,3457,90731,5970,2868,3102
15530,96171,5411,46301,3459,90760,5974,2870,3104
15535,96202,5414,46317,3460,90788,5980,2874,3106
15540,96233,5417,46330,3461,90816,5986,2878,3108
15545,96264,5419,46343,3462,90845,5991,2880,3111
15550,96295,5421,46354,3463,90874,5996,2882,3114
15555,96326,5424,46372,3465,90901,6001,2885,3116
15560,96357,5426,46384,3466,90931,6006,2886,3120
15565,96388,5427,46398,3467,90961,6010,2886,3124
15570,96419,5428,46414,3467,90991,6014,2887,3127
15575,96450,5430,46430,3469,91020,6018,2889,3129
15580,96481,5432,46445,3471,91049,6022,2891,3131
15585,96512,5434,46459,3473,91078,6025,2891,3134
15590,96543,5437,46478,3476,91106,6027,2893,3134
15595,96574,5439,46496,3477,91135,6029,2895,3134
15600,96605,5440,46510,3478,91165,6031,2896,3135
15605,96636,5440,46528,3478,91196,6033,2897,3136
15610,96667,5440,46546,3478,91227,6035,2898,3137
15615,96698,5440,46568,3478,91258,6037,2900,3137
15620,96729,5440,46582,3478,91289,6039,2900,3139
15625,96760,5440,46594,3478,91320,6041,2901,3140
15630,96791,5440,46602,3478,91351,6043,2901,3142
15635,96822,5440,46616,3478,91382,6045,2903,3142
15640,96853,5440,46631,3478,91413,6047,2903,3144
15645,96884,5441,46647,3478,91442,6049,2903,3146
15650,96915,5443,46664,3479,91471,6051,2904,3147
15655,96946,5445,46684,3481,91501,6053,2906,3147
15660,96977,5447,46703,3482,91530,6054,2906,3148
15665,97008,5449,46715,3482,91559,6055,2906,3149
15670,97039,5451,46731,3483,91588,6056,2907,3149
15675,97070,5453,46746,3483,91617,6057,2908,3149
15680,97101,5455,46761,3484,91646,6058,2908,3150
15685,97132,5457,46778,3486,91675,6059,2909,3150
15690,97163,5460,46793,3488,91703,6060,2909,3151
15695,97194,5462,46806,3488,91732,6061,2910,3151
15700,97225,5464,46823,3488,91761,6062,2911,3151
15705,97256,5466,46838,3489,91790,6064,2911,3153
15710,97287,5469,46852,3491,91818,6066,2913,3153
15715,97318,5471,46865,3493,91847,6068,2913,3155
15720,97349,5473,46881,3494,91876,6070,2914,3156
15725,97380,5476,46902,3496,91904,6075,2917,3158
15730,97411,5479,46923,3498,91932,6080,2920,3160
15735,97442,5482,46939,3501,91960,6083,2922,3161
15740,97473,5484,46954,3501,91989,6086,2924,3162
15745,97504,5486,46971,3502,92018,6089,2927,3162
15750,97535,5488,46983,3503,92047,6091,2928,3163
15755,97566,5490,46996,3503,92076,6093,2928,3165
15760,97597,5492,47011,3503,92105,6095,2930,3165
15765,97628,5494,47024,3504,92133,6098,2931,3167
15770,97659,5497,47041,3507,92161,6100,2931,3169
15775,97690,5501,47057,3510,92188,6102,2932,3170
15780,97721,5505,47071,3513,92216,6104,2934,3170
15785,97752,5507,47082,3514,92245,6106,2934,3172
15790,97783,5508,47093,3514,92275,6108,2935,3173
15795,97814,5509,47106,3515,92305,6110,2935,3175
15800,97845,5510,47123,3515,92335,6112,2937,3175
15805,97876,5511,47141,3515,92365,6114,2939,3175
15810,97907,5512,47161,3515,92395,6116,2940,3176
15815,97938,5513,47177,3515,92425,6118,2941,3177
15820,97969,5514,47191,3515,92455,6120,2941,3179
15825,98000,5515,47209,3516,92485,6122,2942,3180
15830,98031,5516,47220,3516,92515,6124,2942,3182
15835,98062,5517,47232,3516,92545,6127,2944,3183
15840,98093,5518,47252,3517,92575,6129,2946,3183
15845,98124,5519,47268,3518,92605,6132,2947,3185
15850,98155,5520,47284,3519,92635,6135,2949,3186
15855,98186,5521,47304,3520,92665,6137,2951,3186
15860,98217,5522,47321,3520,92695,6139,2952,3187
15865,98248,5523,47332,3521,92725,6141,2952,3189
15870,98279,5524,47345,3522,92755,6142,2952,3190
15875,98310,5525,47363,3523,92785,6144,2954,3190
15880,98341,5526,47373,3523,92815,6146,2954,3192
15885,98372,5527,47391,3524,92844,6148,2954,3194
15890,98403,5533,47411,3529,92869,6150,2956,3194
15895,98434,5538,47424,3532,92896,6151,2956,3195
15900,98465,5541,47440,3534,92924,6152,2957,3195
15905,98496,5543,47456,3534,92953,6153,2958,3195
15910,98527,5546,47472,3536,92980,6154,2959,3195
15915,98558,5549,47487,3539,93008,6155,2960,3195
15920,98589,5552,47504,3542,93037,6156,2961,3195
15925,98620,5553,47515,3542,93066,6157,2961,3196
15930,98651,5555,47526,3543,93096,6158,2961,3197
15935,98682,5556,47541,3543,93126,6159,2961,3198
15940,98713,5558,47561,3545,93154,6160,2961,3199
15945,98744,5560,47575,3547,93184,6161,2962,3199
15950,98775,5561,47589,3547,93214,6162,2962,3200
15955,98806,5562,47600,3547,93243,6164,2963,3201
15960,98837,5564,47612,3549,93273,6166,2963,3203
15965,98868,5565,47627,3550,93303,6170,2966,3204
15970,98899,5566,47641,3551,93332,6174,2966,3208
15975,98930,5568,47656,3552,93362,6178,2967,3211
15980,98961,5569,47671,3552,93392,6182,2969,3213
15985,98992,5570,47684,3552,93422,6186,2972,3214
15990,99023,5571,47696,3552,93452,6191,2972,3219
15995,99054,5572,47714,3553,93482,6196,2973,3223
16000,99085,5573,47724,3553,93512,6202,2977,3225
16005,99116,5575,47736,3554,93541,6208,2979,3229
16010,99147,5577,47751,3555,93570,6213,2982,3231
16015,99178,5580,47769,3558,93598,6216,2983,3233
16020,99209,5582,47788,3560,93626,6218,2984,3234
16025,99240,5585,47805,3561,93655,6218,2984,3234
16030,99271,5588,47821,3563,93682,6218,2984,3234
16035,99302,5592,47837,3565,93709,6218,2984,3234
16040,99333,5594,47857,3566,93738,6218,2984,3234
16045,99364,5596,47872,3568,93768,6218,2984,3234
16050,99395,5597,47884,3569,93798,6218,2984,3234
16055,99426,5598,47898,3569,93827,6218,2984,3234
16060,99457,5600,47913,3571,93856,6218,2984,3234
16065,99488,5602,47930,3573,93886,6218,2984,3234
16070,99519,5603,47944,3574,93916,6218,2984,3234
16075,99550,5604,47958,3575,93946,6218,2984,3234
16080,99581,5605,47970,3576,93975,6218,2984,3234
16085,99612,5607,47983,3578,94005,6218,2984,3234
16090,99643,5608,47997,3578,94035,6218,2984,3234
16095,99674,5609,48012,3579,94065,6218,2984,3234
16100,99705,5610,48030,3580,94094,6218,2984,3234
16105,99736,5612,48047,3581,94123,6218,2984,3234
16110,99767,5614,48059,3582,94152,6219,2984,3235
16115,99798,5616,48076,3584,94182,6221,2986,3235
16120,99829,5618,48091,3585,94210,6224,2987,3237
16125,99860,5620,48106,3587,94240,6228,2989,3239
16130,99891,5620,48122,3587,94271,6233,2992,3241
16135,99922,5620,48133,3587,94302,6238,2993,3245
16140,99953,5621,48140,3587,94332,6241,2993,3248
16145,99984,5624,48153,3589,94360,6243,2994,3249
16150,100015,5626,48168,3590,94389,6245,2995,3250
16155,100046,5628,48183,3592,94418,6247,2996,3251
16160,100077,5631,48196,3593,94446,6249,2997,3252
16165,100108,5635,48210,3596,94473,6251,2998,3253
16170,100139,5640,48230,3600,94499,6253,3000,3253
16175,100170,5642,48246,3602,94528,6255,3001,3254
16180,100201,5644,48265,3604,94557,6257,3002,3255
16185,100232,5645,48276,3605,94587,6258,3002,3256
16190,100263,5648,48286,3607,94615,6259,3002,3257
16195,100294,5651,48302,3609,94643,6260,3003,3257
16200,100325,5651,48317,3609,94674,6261,3004,3257
16205,100356,5651,48330,3609,94705,6262,3004,3258
16210,100387,5651,48342,3609,94736,6263,3004,3259
16215,100418,5651,48359,3609,94767,6265,3005,3260
16220,100449,5651,48376,3609,94798,6266,3006,3260
16225,100480,5651,48391,3609,94829,6267,3006,3261
16230,100511,5652,48405,3609,94859,6268,3006,3262
16235,100542,5653,48420,3609,94889,6270,3008,3262
16240,100573,5654,48442,3610,94919,6273,3010,3263
16245,100604,5656,48457,3611,94948,6277,3012,3265
16250,100635,5657,48466,3611,94978,6282,3014,3268
16255,100666,5658,48481,3611,95007,6287,3016,3271
16260,100697,5662,48497,3614,95035,6292,3019,3273
16265,100728,5665,48507,3614,95063,6296,3021,3275
16270,100759,5668,48519,3615,95091,6299,3022,3277
16275,100790,5670,48533,3615,95120,6302,3023,3279
16280,100821,5672,48546,3616,95149,6304,3025,3279
16285,100852,5674,48556,3617,95178,6306,3025,3281
16290,100883,5676,48569,3617,95206,6309,3027,3282
16295,100914,5679,48580,3618,95234,6312,3029,3283
16300,100945,5682,48598,3620,95262,6315,3029,3286
16305,100976,5685,48615,3623,95290,6317,3030,3287
16310,101007,5688,48628,3625,95319,6319,3032,3287
16315,101038,5689,48647,3626,95349,6321,3034,3287
16320,101069,5690,48661,3627,95379,6323,3035,3288
16325,101100,5691,48672,3627,95409,6325,3036,3289
16330,101131,5693,48684,3628,95438,6327,3037,3290
16335,101162,5694,48697,3629,95468,6328,3038,3290
16340,101193,5696,48710,3630,95497,6329,3038,3291
16345,101224,5697,48730,3631,95527,6330,3038,3292
16350,101255,5697,48749,3631,95558,6331,3039,3292
16355,101286,5697,48760,3631,95589,6332,3039,3293
16360,101317,5697,48780,3631,95620,6333,3039,3294
16365,101348,5697,48794,3631,95651,6334,3039,3295
16370,101379,5697,48809,3631,95682,6337,3041,3296
16375,101410,5700,48820,3633,95710,6340,3042,3298
16380,101441,5702,48836,3634,95739,6344,3045,3299
16385,101472,5702,48849,3634,95770,6346,3045,3301
16390,101503,5702,48867,3634,95801,6347,3046,3301
16395,101534,5702,48883,3634,95832,6347,3046,3301
16400,101565,5702,48899,3634,95863,6347,3046,3301
16405,101596,5702,48917,3634,95894,6347,3046,3301
16410,101627,5703,48926,3635,95924,6347,3046,3301
16415,101658,5704,48942,3635,95954,6347,3046,3301
16420,101689,5705,48956,3635,95984,6347,3046,3301
16425,101720,5706,48972,3636,96014,6347,3046,3301
16430,101751,5707,48991,3636,96044,6348,3047,3301
16435,101782,5708,49001,3636,96074,6349,3048,3301
16440,101813,5709,49022,3636,96104,6350,3049,3301
16445,101844,5710,49036,3636,96134,6352,3049,3303
16450,101875,5711,49057,3636,96164,6354,3051,3303
16455,101906,5712,49071,3637,96194,6355,3051,3304
16460,101937,5713,49086,3638,96224,6356,3052,3304
16465,101968,5714,49099,3638,96254,6357,3053,3304
16470,101999,5715,49120,3638,96284,6358,3054,3304
16475,102030,5716,49140,3639,96314,6359,3054,3305
16480,102061,5717,49150,3639,96344,6360,3055,3305
16485,102092,5718,49165,3639,96374,6362,3057,3305
16490,102123,5722,49170,3640,96400,6365,3057,3308
16495,102154,5728,49186,3645,96426,6369,3059,3310
16500,102185,5734,49201,3648,96450,6374,3061,3313
16505,102216,5737,49216,3650,96479,6377,3062,3315
16510,102247,5739,49227,3651,96507,6379,3062,3317
16515,102278,5742,49239,3652,96536,6381,3063,3318
16520,102309,5743,49248,3652,96566,6382,3064,3318
16525,102340,5744,49263,3653,96596,6383,3064,3319
16530,102371,5745,49279,3654,96626,6384,3064,3320
16535,102402,5746,49293,3655,96656,6385,3064,3321
16540,102433,5747,49311,3655,96686,6386,3065,3321
16545,102464,5748,49328,3656,96716,6387,3065,3322
16550,102495,5749,49342,3656,96746,6389,3066,3323
16555,102526,5750,49354,3657,96776,6392,3067,3325
16560,102557,5751,49372,3658,96806,6395,3070,3325
16565,102588,5752,49388,3659,96836,6397,3071,3326
16570,102619,5754,49400,3660,96865,6399,3071,3328
16575,102650,5756,49414,3661,96894,6401,3072,3329
16580,102681,5757,49430,3662,96924,6403,3074,3329
16585,102712,5759,49446,3664,96953,6405,3075,3330
16590,102743,5760,49459,3664,96983,6407,3076,3331
16595,102774,5760,49476,3664,97014,6409,3076,3333
16600,102805,5760,49495,3664,97045,6411,3077,3334
16605,102836,5761,49509,3664,97075,6414,3078,3336
16610,102867,5763,49531,3666,97103,6417,3081,3336
16615,102898,5766,49547,3669,97131,6420,3083,3337
16620,102929,5769,49561,3671,97160,6422,3084,3338
16625,102960,5772,49576,3673,97188,6422,3084,3338
16630,102991,5777,49590,3676,97214,6422,3084,3338
16635,103022,5778,49601,3677,97244,6422,3084,3338
16640,103053,5779,49617,3678,97274,6422,3084,3338
16645,103084,5780,49633,3678,97304,6422,3084,3338
16650,103115,5781,49647,3678,97334,6422,3084,3338
16655,103146,5782,49661,3679,97364,6422,3084,3338
16660,103177,5783,49676,3680,97394,6422,3084,3338
16665,103208,5784,49692,3680,97424,6422,3084,3338
16670,103239,5785,49704,3680,97454,6422,3084,3338
16675,103270,5786,49722,3681,97484,6422,3084,3338
16680,103301,5787,49736,3681,97514,6422,3084,3338
16685,103332,5788,49755,3682,97544,6422,3084,3338
16690,103363,5789,49770,3683,97574,6422,3084,3338
16695,103394,5790,49787,3684,97604,6422,3084,3338
16700,103425,5791,49800,3684,97634,6422,3084,3338
16705,103456,5792,49812,3684,97664,6422,3084,3338
16710,103487,5793,49829,3685,97694,6423,3085,3338
16715,103518,5795,49843,3686,97723,6425,3086,3339
16720,103549,5797,49857,3688,97752,6427,3087,3340
16725,103580,5800,49874,3690,97780,6431,3088,3343
16730,103611,5803,49892,3692,97807,6437,3092,3345
16735,103642,5807,49904,3694,97834,6443,3096,3347
16740,103673,5811,49919,3695,97862,6446,3097,3349
16745,103704,5813,49932,3695,97890,6449,3098,3351
16750,103735,5816,49945,3697,97918,6452,3099,3353
16755,103766,5821,49961,3701,97944,6455,3100,3355
16760,103797,5825,49977,3705,97971,6458,3102,3356
16765,103828,5829,49989,3707,97999,6461,3105,3356
16770,103859,5829,50006,3707,98030,6464,3107,3357
16775,103890,5829,50020,3707,98061,6467,3108,3359
16780,103921,5829,50031,3707,98092,6469,3108,3361
16785,103952,5829,50047,3707,98123,6471,3110,3361
16790,103983,5829,50062,3707,98154,6473,3111,3362
16795,104014,5829,50080,3707,98185,6474,3111,3363
16800,104045,5829,50097,3707,98216,6475,3111,3364
16805,104076,5829,50110,3707,98247,6476,3111,3365
16810,104107,5829,50126,3707,98278,6477,3111,3366
16815,104138,5829,50138,3707,98309,6478,3111,3367
16820,104169,5829,50153,3707,98340,6479,3111,3368
16825,104200,5829,50171,3707,98371,6480,3112,3368
16830,104231,5829,50181,3707,98402,6481,3113,3368
16835,104262,5829,50192,3707,98433,6483,3113,3370
16840,104293,5829,50205,3707,98464,6486,3114,3372
16845,104324,5830,50218,3708,98494,6489,3115,3374
16850,104355,5832,50235,3710,98523,6492,3116,3376
16855,104386,5833,50253,3710,98552,6494,3117,3377
16860,104417,5835,50266,3711,98582,6496,3118,3378
16865,104448,5838,50275,3713,98610,6499,3119,3380
16870,104479,5842,50284,3714,98637,6502,3119,3383
16875,104510,5845,50302,3717,98665,6505,3121,3384
16880,104541,5849,50321,3718,98691,6508,3124,3384
16885,104572,5854,50336,3720,98718,6511,3125,3386
16890,104603,5857,50350,3721,98746,6514,3126,3388
16895,104634,5860,50359,3723,98774,6517,3128,3389
16900,104665,5864,50376,3726,98800,6520,3129,3391
16905,104696,5869,50393,3729,98826,6523,3130,3393
16910,104727,5873,50407,3730,98854,6526,3133,3393
16915,104758,5878,50424,3735,98880,6529,3135,3394
16920,104789,5883,50440,3737,98905,6532,3138,3394
16925,104820,5885,50451,3738,98935,6535,3139,3396
16930,104851,5886,50470,3738,98965,6538,3140,3398
16935,104882,5888,50482,3739,98994,6541,3143,3398
16940,104913,5890,50496,3740,99023,6543,3143,3400
16945,104944,5890,50505,3740,99054,6544,3143,3401
16950,104975,5890,50515,3740,99085,6546,3144,3402
16955,105006,5890,50531,3740,99116,6548,3145,3403
16960,105037,5890,50544,3740,99147,6551,3146,3405
16965,105068,5890,50557,3740,99178,6554,3148,3406
16970,105099,5890,50572,3740,99209,6558,3150,3408
16975,105130,5890,50586,3740,99240,6561,3152,3409
16980,105161,5890,50601,3740,99271,6563,3154,3409
16985,105192,5892,50611,3740,99300,6565,3154,3411
16990,105223,5895,50623,3741,99328,6567,3155,3412
16995,105254,5898,50638,3742,99356,6569,3157,3412
17000,105285,5900,50655,3744,99385,6571,3157,3414
17005,105316,5903,50664,3746,99413,6573,3158,3415
17010,105347,5905,50678,3746,99442,6575,3159,3416
17015,105378,5907,50697,3746,99471,6576,3160,3416
17020,105409,5909,50714,3746,99500,6577,3161,3416
17025,105440,5912,50731,3747,99528,6578,3162,3416
17030,105471,5915,50752,3748,99556,6579,3162,3417
17035,105502,5918,50767,3749,99584,6580,3163,3417
17040,105533,5921,50784,3750,99612,6581,3164,3417
17045,105564,5926,50795,3753,99638,6583,3164,3419
17050,105595,5929,50809,3754,99666,6586,3167,3419
17055,105626,5931,50824,3755,99695,6589,3168,3421
17060,105657,5933,50839,3756,99724,6592,3170,3422
17065,105688,5936,50857,3757,99752,6595,3173,3422
17070,105719,5938,50872,3759,99781,6598,3174,3424
17075,105750,5941,50889,3762,99809,6601,3177,3424
17080,105781,5943,50901,3763,99838,6603,3178,3425
17085,105812,5945,50917,3765,99867,6605,3180,3425
17090,105843,5947,50935,3766,99895,6608,3181,3427
17095,105874,5950,50946,3767,99924,6612,3183,3429
17100,105905,5952,50963,3768,99953,6616,3185,3431
17105,105936,5954,50979,3769,99982,6618,3186,3432
17110,105967,5955,50998,3769,100012,6620,3186,3434
17115,105998,5956,51012,3769,100042,6621,3186,3435
17120,106029,5958,51024,3770,100071,6622,3186,3436
17125,106060,5959,51039,3770,100101,6623,3187,3436
17130,106091,5961,51052,3772,100130,6624,3188,3436
17135,106122,5962,51073,3773,100160,6625,3189,3436
17140,106153,5964,51087,3775,100189,6626,3189,3437
17145,106184,5966,51100,3776,100218,6627,3189,3438
17150,106215,5968,51114,3777,100247,6628,3189,3439
17155,106246,5969,51130,3777,100277,6629,3190,3439
17160,106277,5969,51150,3777,100308,6630,3190,3440
17165,106308,5969,51166,3777,100339,6631,3191,3440
17170,106339,5969,51178,3777,100370,6632,3192,3440
17175,106370,5969,51192,3777,100401,6633,3193,3440
17180,106401,5969,51203,3777,100432,6634,3193,3441
17185,106432,5969,51216,3777,100463,6635,3193,3442
17190,106463,5969,51226,3777,100494,6636,3193,3443
17195,106494,5969,51239,3777,100525,6637,3193,3444
17200,106525,5969,51252,3777,100556,6638,3194,3444
17205,106556,5971,51265,3779,100585,6639,3195,3444
17210,106587,5973,51282,3781,100613,6642,3196,3446
17215,106618,5977,51295,3783,100640,6646,3199,3447
17220,106649,5981,51313,3786,100667,6650,3202,3448
17225,106680,5986,51324,3790,100693,6651,3202,3449
17230,106711,5988,51340,3792,100723,6652,3202,3450
17235,106742,5989,51354,3793,100753,6652,3202,3450
17240,106773,5990,51362,3793,100783,6652,3202,3450
17245,106804,5991,51378,3793,100812,6652,3202,3450
17250,106835,5993,51391,3795,100841,6652,3202,3450
17255,106866,5995,51407,3796,100871,6652,3202,3450
17260,106897,5996,51420,3796,100901,6652,3202,3450
17265,106928,5999,51440,3799,100928,6652,3202,3450
17270,106959,6004,51456,3803,100954,6654,3203,3451
17275,106990,6008,51469,3805,100982,6655,3204,3451
17280,107021,6012,51487,3807,101008,6656,3205,3451
17285,107052,6014,51504,3808,101038,6656,3205,3451
17290,107083,6016,51521,3809,101067,6656,3205,3451
17295,107114,6018,51536,3810,101096,6656,3205,3451
17300,107145,6019,51552,3810,101126,6656,3205,3451
17305,107176,6020,51568,3811,101156,6656,3205,3451
17310,107207,6022,51587,3813,101185,6656,3205,3451
17315,107238,6024,51601,3814,101214,6656,3205,3451
17320,107269,6024,51616,3814,101245,6656,3205,3451
17325,107300,6024,51631,3814,101276,6657,3206,3451
17330,107331,6024,51642,3814,101307,6660,3207,3453
17335,107362,6025,51657,3814,101337,6664,3208,3456
17340,107393,6026,51677,3814,101367,6667,3210,3457
17345,107424,6027,51693,3815,101397,6668,3211,3457
17350,107455,6028,51708,3816,101427,6669,3212,3457
17355,107486,6029,51719,3816,101457,6670,3212,3458
17360,107517,6030,51729,3816,101486,6671,3213,3458
17365,107548,6032,51745,3818,101515,6672,3213,3459
17370,107579,6034,51762,3819,101544,6673,3213,3460
17375,107610,6036,51780,3821,101573,6675,3213,3462
17380,107641,6038,51794,3822,101603,6677,3213,3464
17385,107672,6040,51807,3823,101631,6680,3215,3465
17390,107703,6043,51820,3826,101659,6682,3216,3466
17395,107734,6046,51836,3828,101688,6683,3216,3467
17400,107765,6048,51850,3830,101717,6684,3217,3467
17405,107796,6049,51864,3830,101747,6685,3217,3468
17410,107827,6051,51879,3831,101776,6686,3218,3468
17415,107858,6054,51892,3834,101804,6687,3218,3469
17420,107889,6055,51904,3835,101834,6688,3218,3470
17425,107920,6055,51920,3835,101865,6689,3219,3470
17430,107951,6055,51935,3835,101896,6690,3219,3471
17435,107982,6055,51952,3835,101927,6691,3219,3472
17440,108013,6055,51966,3835,101958,6693,3219,3474
17445,108044,6056,51976,3836,101988,6695,3220,3475
17450,108075,6058,51990,3838,102017,6699,3222,3477
17455,108106,6059,51999,3838,102047,6702,3224,3478
17460,108137,6060,52015,3838,102077,6704,3225,3479
17465,108168,6062,52030,3839,102106,6706,3226,3480
17470,108199,6064,52045,3841,102135,6708,3228,3480
17475,108230,6065,52068,3841,102165,6709,3228,3481
17480,108261,6066,52084,3841,102195,6710,3229,3481
17485,108292,6067,52098,3841,102225,6711,3230,3481
17490,108323,6068,52113,3841,102255,6712,3231,3481
17495,108354,6069,52126,3841,102285,6714,3231,3483
17500,108385,6070,52137,3842,102315,6717,3232,3485
17505,108416,6071,52152,3842,102345,6720,3235,3485
17510,108447,6073,52162,3843,102374,6723,3236,3487
17515,108478,6076,52183,3846,102401,6727,3239,3488
17520,108509,6079,52200,3848,102430,6730,3239,3491
17525,108540,6080,52211,3848,102460,6731,3240,3491
17530,108571,6082,52224,3848,102489,6732,3241,3491
17535,108602,6084,52240,3848,102518,6733,3241,3492
17540,108633,6086,52255,3848,102546,6734,3242,3492
17545,108664,6089,52272,3850,102575,6735,3243,3492
17550,108695,6091,52288,3852,102603,6736,3244,3492
17555,108726,6094,52302,3854,102632,6738,3245,3493
17560,108757,6096,52320,3855,102660,6741,3247,3494
17565,108788,6099,52340,3857,102688,6744,3250,3494
17570,108819,6102,52355,3859,102717,6747,3251,3496
17575,108850,6104,52375,3861,102746,6749,3252,3497
17580,108881,6106,52391,3862,102775,6751,3253,3498
17585,108912,6107,52405,3862,102805,6753,3255,3498
17590,108943,6108,52418,3862,102835,6755,3255,3500
17595,108974,6109,52431,3863,102865,6757,3256,3501
17600,109005,6110,52444,3864,102895,6759,3258,3501
17605,109036,6111,52457,3864,102925,6761,3258,3503
17610,109067,6113,52469,3865,102954,6763,3259,3504
17615,109098,6114,52485,3866,102984,6765,3260,3505
17620,109129,6115,52499,3867,103014,6768,3260,3508
17625,109160,6117,52517,3868,103043,6771,3263,3508
17630,109191,6120,52535,3871,103070,6775,3266,3509
17635,109222,6125,52550,3875,103096,6780,3268,3512
17640,109253,6129,52565,3878,103124,6785,3271,3514
17645,109284,6131,52578,3880,103153,6787,3272,3515
17650,109315,6132,52591,3880,103183,6788,3273,3515
17655,109346,6133,52598,3880,103213,6789,3273,3516
17660,109377,6134,52613,3880,103243,6790,3274,3516
17665,109408,6135,52627,3881,103273,6791,3275,3516
17670,109439,6136,52643,3882,103303,6792,3276,3516
17675,109470,6137,52655,3883,103333,6794,3277,3517
17680,109501,6138,52667,3884,103363,6796,3279,3517
17685,109532,6139,52685,3885,103393,6798,3280,3518
17690,109563,6140,52698,3885,103423,6799,3280,3519
17695,109594,6141,52721,3886,103453,6800,3281,3519
17700,109625,6142,52734,3887,103483,6801,3281,3520
17705,109656,6142,52751,3887,103514,6802,3281,3521
17710,109687,6142,52766,3887,103545,6803,3281,3522
17715,109718,6142,52779,3887,103576,6804,3282,3522
17720,109749,6142,52796,3887,103607,6805,3282,3523
17725,109780,6142,52816,3887,103638,6806,3282,3524
17730,109811,6142,52838,3887,103669,6807,3282,3525
17735,109842,6142,52854,3887,103700,6808,3282,3526
17740,109873,6142,52873,3887,103731,6809,3283,3526
17745,109904,6142,52885,3887,103762,6813,3283,3530
17750,109935,6144,52898,3887,103791,6817,3285,3532
17755,109966,6148,52911,3890,103817,6822,3288,3534
17760,109997,6154,52933,3896,103842,6826,3292,3534
17765,110028,6158,52953,3900,103869,6828,3293,3535
17770,110059,6160,52964,3902,103898,6829,3294,3535
17775,110090,6162,52977,3904,103928,6830,3294,3536
17780,110121,6163,52998,3904,103957,6830,3294,3536
17785,110152,6165,53014,3906,103987,6830,3294,3536
17790,110183,6166,53031,3906,104016,6831,3295,3536
17795,110214,6168,53044,3908,104046,6832,3296,3536
17800,110245,6168,53063,3908,104077,6833,3296,3537
17805,110276,6168,53077,3908,104108,6834,3296,3538
17810,110307,6168,53097,3908,104139,6834,3296,3538
17815,110338,6168,53115,3908,104170,6834,3296,3538
17820,110369,6168,53134,3908,104201,6834,3296,3538
17825,110400,6170,53152,3910,104230,6837,3296,3541
17830,110431,6171,53169,3911,104260,6840,3298,3542
17835,110462,6173,53186,3912,104289,6843,3299,3544
17840,110493,6175,53202,3914,104318,6846,3301,3545
17845,110524,6176,53216,3914,104348,6849,3303,3546
17850,110555,6177,53224,3914,104378,6852,3303,3549
17855,110586,6178,53237,3914,104408,6856,3305,3551
17860,110617,6180,53251,3915,104437,6860,3306,3554
17865,110648,6181,53261,3916,104467,6865,3307,3558
17870,110679,6185,53278,3920,104494,6869,3309,3560
17875,110710,6188,53295,3922,104522,6873,3311,3562
17880,110741,6190,53309,3924,104551,6876,3311,3565
17885,110772,6192,53323,3925,104579,6879,3312,3567
17890,110803,6196,53338,3929,104607,6882,3313,3569
17895,110834,6199,53357,3932,104635,6885,3315,3570
17900,110865,6202,53373,3933,104663,6888,3316,3572
17905,110896,6203,53389,3933,104692,6890,3316,3574
17910,110927,6205,53403,3935,104722,6892,3318,3574
17915,110958,6206,53418,3936,104751,6894,3319,3575
17920,110989,6208,53438,3938,104780,6896,3321,3575
17925,111020,6210,53452,3939,104809,6898,3321,3577
17930,111051,6212,53465,3941,104839,6899,3321,3578
17935,111082,6213,53476,3942,104869,6900,3322,3578
17940,111113,6214,53491,3943,104898,6901,3322,3579
17945,111144,6216,53499,3945,104928,6903,3322,3581
17950,111175,6217,53519,3945,104957,6905,3323,3582
17955,111206,6219,53538,3947,104986,6907,3324,3583
17960,111237,6221,53556,3948,105016,6909,3324,3585
17965,111268,6222,53568,3948,105046,6911,3325,3586
17970,111299,6223,53582,3948,105076,6913,3325,3588
17975,111330,6224,53595,3948,105106,6915,3325,3590
17980,111361,6226,53610,3950,105135,6918,3327,3591
17985,111392,6228,53627,3952,105163,6922,3330,3592
17990,111423,6230,53639,3953,105193,6927,3331,3596
17995,111454,6232,53652,3955,105222,6931,3332,3599
18000,111485,6233,53665,3956,105251,6935,3335,3600
18005,111516,6237,53680,3959,105279,6938,3337,3601
18010,111547,6239,53691,3960,105308,6941,3338,3603
18015,111578,6242,53705,3963,105336,6944,3339,3605
18020,111609,6244,53723,3965,105365,6947,3340,3607
18025,111640,6245,53737,3966,105395,6950,3341,3609
18030,111671,6246,53754,3966,105425,6952,3341,3611
18035,111702,6247,53775,3967,105455,6953,3342,3611
18040,111733,6248,53789,3967,105485,6954,3343,3611
18045,111764,6250,53805,3968,105514,6955,3343,3612
18050,111795,6252,53823,3969,105543,6957,3344,3613
18055,111826,6253,53837,3969,105573,6959,3345,3614
18060,111857,6255,53853,3970,105602,6961,3345,3616
18065,111888,6255,53870,3970,105633,6962,3345,3617
18070,111919,6255,53881,3970,105664,6963,3345,3618
18075,111950,6255,53895,3970,105695,6964,3346,3618
18080,111981,6255,53905,3970,105726,6964,3346,3618
18085,112012,6255,53927,3970,105757,6964,3346,3618
18090,112043,6255,53938,3970,105788,6964,3346,3618
18095,112074,6256,53954,3971,105818,6965,3346,3619
18100,112105,6257,53968,3972,105848,6966,3346,3620
18105,112136,6258,53983,3973,105878,6967,3347,3620
18110,112167,6260,53993,3975,105907,6968,3348,3620
18115,112198,6262,54010,3976,105936,6970,3350,3620
18120,112229,6264,54026,3977,105965,6972,3352,3620
18125,112260,6267,54043,3978,105992,6975,3353,3622
18130,112291,6273,54056,3982,106017,6978,3355,3623
18135,112322,6276,54072,3985,106046,6980,3356,3624
18140,112353,6278,54088,3985,106074,6982,3357,3625
18145,112384,6282,54099,3987,106101,6984,3357,3627
18150,112415,6285,54113,3989,106130,6986,3358,3628
18155,112446,6287,54130,3990,106159,6988,3359,3629
18160,112477,6290,54147,3993,106186,6990,3359,3631
18165,112508,6293,54160,3995,106215,6992,3360,3632
18170,112539,6294,54169,3996,106245,6994,3360,3634
18175,112570,6295,54187,3997,106275,6995,3361,3634
18180,112601,6296,54201,3998,106305,6997,3361,3636
18185,112632,6298,54217,3999,106334,6999,3362,3637
18190,112663,6299,54231,4000,106364,7001,3362,3639
18195,112694,6300,54247,4000,106394,7003,3364,3639
18200,112725,6301,54263,4001,106424,7005,3365,3640
18205,112756,6303,54277,4003,106453,7007,3365,3642
18210,112787,6305,54294,4005,106482,7009,3366,3643
18215,112818,6305,54305,4005,106513,7011,3368,3643
18220,112849,6305,54319,4005,106544,7013,3369,3644
18225,112880,6305,54334,4005,106575,7015,3370,3645
18230,112911,6305,54345,4005,106606,7018,3371,3647
18235,112942,6305,54357,4005,106637,7020,3372,3648
18240,112973,6306,54371,4005,106667,7022,3373,3649
18245,113004,6309,54393,4007,106695,7026,3375,3651
18250,113035,6312,54406,4010,106723,7028,3376,3652
18255,113066,6314,54417,4010,106752,7030,3378,3652
18260,113097,6315,54432,4010,106782,7031,3379,3652
18265,113128,6316,54446,4010,106812,7032,3379,3653
18270,113159,6317,54461,4011,106842,7033,3379,3654
18275,113190,6318,54474,4012,106872,7035,3380,3655
18280,113221,6319,54487,4012,106902,7037,3381,3656
18285,113252,6320,54501,4012,106932,7039,3381,3658
18290,113283,6322,54521,4013,106961,7041,3382,3659
18295,113314,6323,54539,4013,106991,7043,3384,3659
18300,113345,6325,54555,4015,107020,7045,3385,3660
18305,113376,6325,54569,4015,107051,7048,3386,3662
18310,113407,6325,54586,4015,107082,7050,3387,3663
18315,113438,6325,54603,4015,107113,7052,3388,3664
18320,113469,6325,54616,4015,107144,7054,3388,3666
18325,113500,6325,54628,4015,107175,7055,3389,3666
18330,113531,6325,54641,4015,107206,7056,3389,3667
18335,113562,6325,54659,4015,107237,7057,3390,3667
18340,113593,6325,54670,4015,107268,7058,3391,3667
18345,113624,6325,54689,4015,107299,7059,3392,3667
18350,113655,6325,54701,4015,107330,7062,3395,3667
18355,113686,6326,54714,4016,107360,7065,3395,3670
18360,113717,6328,54735,4018,107389,7068,3397,3671
18365,113748,6330,54748,4019,107417,7069,3397,3672
18370,113779,6334,54762,4021,107445,7069,3397,3672
18375,113810,6336,54777,4021,107474,7069,3397,3672
18380,113841,6338,54790,4021,107503,7069,3397,3672
18385,113872,6340,54805,4021,107532,7069,3397,3672
18390,113903,6342,54819,4021,107561,7069,3397,3672
18395,113934,6344,54837,4023,107590,7069,3397,3672
18400,113965,6346,54853,4023,107619,7069,3397,3672
18405,113996,6348,54864,4023,107648,7069,3397,3672
18410,114027,6350,54875,4024,107677,7069,3397,3672
18415,114058,6352,54894,4025,107706,7069,3397,3672
18420,114089,6354,54905,4025,107735,7069,3397,3672
18425,114120,6355,54917,4025,107765,7070,3398,3672
18430,114151,6356,54931,4025,107795,7071,3398,3673
18435,114182,6357,54944,4026,107825,7072,3399,3673
18440,114213,6358,54955,4026,107855,7073,3400,3673
18445,114244,6359,54971,4026,107885,7074,3400,3674
18450,114275,6360,54987,4026,107915,7075,3401,3674
18455,114306,6361,55000,4027,107945,7076,3401,3675
18460,114337,6362,55015,4028,107975,7077,3401,3676
18465,114368,6365,55027,4030,108002,7078,3402,3676
18470,114399,6369,55043,4033,108029,7083,3404,3679
18475,114430,6373,55062,4036,108056,7088,3407,3681
18480,114461,6378,55079,4041,108082,7092,3411,3681
18485,114492,6380,55093,4042,108112,7094,3411,3683
18490,114523,6381,55107,4043,108141,7096,3411,3685
18495,114554,6383,55119,4044,108171,7098,3413,3685
18500,114585,6385,55136,4046,108200,7100,3415,3685
18505,114616,6385,55152,4046,108231,7101,3415,3686
18510,114647,6385,55166,4046,108262,7102,3416,3686
18515,114678,6385,55185,4046,108293,7103,3416,3687
18520,114709,6385,55199,4046,108324,7104,3416,3688
18525,114740,6385,55213,4046,108354,7105,3416,3689
18530,114771,6387,55229,4047,108383,7106,3417,3689
18535,114802,6389,55247,4049,108412,7107,3418,3689
18540,114833,6391,55259,4050,108441,7108,3419,3689
18545,114864,6393,55275,4052,108471,7109,3420,3689
18550,114895,6395,55290,4053,108499,7110,3421,3689
18555,114926,6397,55305,4054,108528,7111,3422,3689
18560,114957,6400,55323,4057,108556,7112,3422,3690
18565,114988,6402,55334,4058,108585,7113,3423,3690
18570,115019,6404,55347,4060,108615,7115,3424,3691
18575,115050,6406,55364,4062,108644,7117,3425,3692
18580,115081,6407,55378,4063,108674,7121,3427,3694
18585,115112,6409,55392,4064,108703,7126,3432,3694
18590,115143,6411,55408,4065,108731,7132,3435,3697
18595,115174,6415,55423,4068,108759,7138,3438,3700
18600,115205,6418,55440,4071,108787,7140,3439,3701
18605,115236,6420,55455,4072,108816,7143,3440,3703
18610,115267,6424,55471,4074,108843,7146,3441,3705
18615,115298,6427,55483,4076,108871,7149,3443,3706
18620,115329,6430,55495,4078,108899,7152,3445,3707
18625,115360,6433,55510,4080,108927,7155,3445,3710
18630,115391,6436,55523,4082,108955,7158,3446,3712
18635,115422,6439,55536,4084,108983,7161,3448,3713
18640,115453,6442,55552,4086,109011,7164,3448,3716
18645,115484,6443,55567,4087,109041,7167,3449,3718
18650,115515,6444,55584,4087,109071,7169,3449,3720
18655,115546,6445,55600,4088,109101,7171,3449,3722
18660,115577,6446,55611,4088,109131,7173,3450,3723
18665,115608,6447,55626,4088,109161,7175,3452,3723
18670,115639,6449,55642,4089,109190,7176,3452,3724
18675,115670,6450,55660,4089,109220,7177,3453,3724
18680,115701,6451,55676,4090,109250,7178,3454,3724
18685,115732,6452,55689,4090,109280,7179,3454,3725
18690,115763,6453,55702,4090,109310,7180,3454,3726
18695,115794,6454,55716,4090,109340,7181,3454,3727
18700,115825,6456,55731,4092,109369,7186,3456,3730
18705,115856,6459,55748,4094,109396,7191,3459,3732
18710,115887,6462,55760,4096,109425,7195,3459,3736
18715,115918,6464,55780,4096,109454,7198,3461,3737
18720,115949,6466,55793,4097,109483,7199,3461,3738
18725,115980,6469,55813,4099,109511,7200,3461,3739
18730,116011,6470,55829,4099,109541,7201,3462,3739
18735,116042,6471,55840,4100,109571,7202,3462,3740
18740,116073,6472,55860,4101,109600,7203,3463,3740
18745,116104,6474,55879,4103,109629,7204,3463,3741
18750,116135,6476,55896,4104,109658,7205,3463,3742
18755,116166,6478,55908,4105,109688,7207,3463,3744
18760,116197,6479,55924,4106,109718,7209,3464,3745
18765,116228,6480,55944,4106,109748,7211,3465,3746
18770,116259,6481,55960,4106,109778,7213,3466,3747
18775,116290,6482,55974,4106,109808,7215,3467,3748
18780,116321,6483,55991,4106,109838,7217,3469,3748
18785,116352,6483,56004,4106,109869,7219,3470,3749
18790,116383,6483,56018,4106,109900,7221,3470,3751
18795,116414,6483,56034,4106,109931,7223,3470,3753
18800,116445,6483,56050,4106,109962,7224,3471,3753
18805,116476,6483,56066,4106,109993,7225,3472,3753
18810,116507,6483,56081,4106,110024,7227,3472,3755
18815,116538,6483,56096,4106,110055,7229,3473,3756
18820,116569,6483,56110,4106,110086,7233,3474,3759
18825,116600,6484,56123,4106,110115,7237,3476,3761
18830,116631,6486,56137,4108,110145,7242,3478,3764
18835,116662,6488,56155,4109,110173,7247,3480,3767
18840,116693,6493,56168,4112,110199,7251,3480,3771
18845,116724,6495,56178,4113,110229,7253,3481,3772
18850,116755,6496,56191,4114,110259,7255,3483,3772
18855,116786,6497,56205,4114,110289,7257,3483,3774
18860,116817,6498,56220,4114,110319,7259,3484,3775
18865,116848,6499,56232,4114,110349,7261,3484,3777
18870,116879,6500,56245,4115,110379,7263,3485,3778
18875,116910,6501,56260,4116,110409,7265,3486,3779
18880,116941,6502,56276,4116,110439,7267,3486,3781
18885,116972,6503,56286,4116,110469,7269,3487,3782
18890,117003,6504,56300,4117,110499,7270,3487,3783
18895,117034,6505,56315,4118,110529,7271,3487,3784
18900,117065,6506,56329,4118,110559,7273,3488,3785
18905,117096,6510,56344,4122,110586,7275,3489,3786
18910,117127,6513,56361,4125,110614,7277,3490,3787
18915,117158,6516,56377,4126,110641,7279,3491,3788
18920,117189,6520,56393,4128,110669,7281,3492,3789
18925,117220,6520,56408,4128,110700,7282,3492,3790
18930,117251,6520,56423,4128,110731,7283,3492,3791
18935,117282,6520,56438,4128,110762,7284,3493,3791
18940,117313,6520,56453,4128,110793,7286,3494,3792
18945,117344,6521,56467,4129,110823,7289,3495,3794
18950,117375,6523,56484,4130,110852,7293,3498,3795
18955,117406,6524,56499,4130,110882,7297,3500,3797
18960,117437,6525,56520,4130,110912,7301,3503,3798
18965,117468,6526,56532,4130,110942,7304,3505,3799
18970,117499,6527,56547,4130,110972,7306,3506,3800
18975,117530,6528,56561,4130,111002,7308,3508,3800
18980,117561,6529,56578,4130,111032,7309,3509,3800
18985,117592,6531,56592,4132,111061,7310,3509,3801
18990,117623,6533,56609,4133,111090,7311,3509,3802
18995,117654,6534,56623,4133,111120,7312,3509,3803
19000,117685,6535,56638,4134,111150,7313,3509,3804
19005,117716,6537,56655,4136,111179,7314,3509,3805
19010,117747,6538,56670,4136,111209,7315,3510,3805
19015,117778,6539,56681,4136,111239,7316,3511,3805
19020,117809,6540,56690,4137,111269,7317,3511,3806
19025,117840,6543,56703,4140,111297,7319,3512,3807
19030,117871,6546,56716,4142,111325,7321,3513,3808
19035,117902,6549,56734,4144,111353,7323,3513,3810
19040,117933,6552,56745,4145,111381,7325,3513,3812
19045,117964,6556,56763,4147,111408,7327,3514,3813
19050,117995,6559,56778,4149,111436,7329,3516,3813
19055,118026,6563,56789,4151,111463,7331,3517,3814
19060,118057,6565,56803,4151,111492,7333,3518,3815
19065,118088,6568,56816,4153,111520,7335,3518,3817
19070,118119,6572,56831,4155,111546,7339,3519,3820
19075,118150,6575,56846,4158,111575,7344,3522,3822
19080,118181,6576,56863,4158,111605,7346,3524,3822
19085,118212,6577,56880,4159,111635,7347,3525,3822
19090,118243,6578,56898,4160,111664,7348,3526,3822
19095,118274,6580,56911,4162,111694,7349,3526,3823
19100,118305,6581,56923,4162,111723,7350,3526,3824
19105,118336,6583,56941,4164,111752,7351,3526,3825
19110,118367,6585,56956,4165,111782,7352,3527,3825
19115,118398,6586,56972,4166,111812,7353,3527,3826
19120,118429,6587,56987,4166,111841,7354,3527,3827
19125,118460,6589,56999,4168,111871,7355,3527,3828
19130,118491,6590,57019,4169,111901,7357,3528,3829
19135,118522,6591,57038,4169,111930,7359,3529,3830
19140,118553,6593,57054,4171,111960,7361,3531,3830
19145,118584,6593,57072,4171,111991,7362,3532,3830
19150,118615,6593,57091,4171,112022,7363,3533,3830
19155,118646,6593,57106,4171,112053,7364,3533,3831
19160,118677,6593,57123,4171,112084,7365,3534,3831
19165,118708,6593,57140,4171,112115,7366,3535,3831
19170,118739,6593,57154,4171,112146,7367,3536,3831
19175,118770,6593,57168,4171,112177,7368,3536,3832
19180,118801,6593,57189,4171,112208,7372,3540,3832
19185,118832,6594,57204,4172,112237,7376,3542,3834
19190,118863,6596,57222,4174,112266,7381,3545,3836
19195,118894,6598,57235,4175,112296,7386,3547,3839
19200,118925,6600,57256,4177,112325,7391,3552,3839
19205,118956,6605,57275,4182,112351,7393,3554,3839
19210,118987,6609,57293,4184,112378,7395,3555,3840
19215,119018,6610,57309,4185,112408,7396,3556,3840
19220,119049,6612,57323,4186,112437,7397,3556,3841
19225,119080,6613,57339,4186,112467,7398,3556,3842
19230,119111,6614,57348,4186,112497,7399,3557,3842
19235,119142,6615,57366,4187,112527,7400,3558,3842
19240,119173,6616,57376,4188,112557,7401,3558,3843
19245,119204,6617,57395,4188,112587,7403,3560,3843
19250,119235,6619,57413,4188,112616,7404,3560,3844
19255,119266,6622,57424,4189,112644,7405,3560,3845
19260,119297,6624,57437,4190,112673,7406,3560,3846
19265,119328,6626,57452,4191,112702,7407,3561,3846
19270,119359,6627,57462,4191,112732,7408,3561,3847
19275,119390,6629,57477,4192,112761,7409,3561,3848
19280,119421,6630,57490,4193,112791,7410,3561,3849
19285,119452,6632,57506,4194,112820,7411,3562,3849
19290,119483,6634,57523,4195,112849,7412,3563,3849
19295,119514,6635,57539,4196,112879,7413,3564,3849
19300,119545,6637,57553,4197,112908,7414,3564,3850
19305,119576,6639,57569,4199,112937,7415,3564,3851
19310,119607,6640,57578,4199,112967,7416,3564,3852
19315,119638,6641,57588,4199,112997,7417,3564,3853
19320,119669,6642,57599,4200,113027,7418,3564,3854
19325,119700,6644,57618,4202,113056,7422,3567,3855
19330,119731,6646,57628,4203,113085,7425,3569,3856
19335,119762,6648,57645,4204,113114,7428,3572,3856
19340,119793,6650,57658,4206,113143,7431,3572,3859
19345,119824,6652,57673,4207,113172,7434,3573,3861
19350,119855,6654,57690,4209,113201,7437,3573,3864
19355,119886,6656,57703,4211,113230,7440,3573,3867
19360,119917,6658,57716,4211,113259,7443,3573,3870
19365,119948,6660,57730,4211,113288,7446,3574,3872
19370,119979,6662,57749,4212,113317,7451,3578,3873
19375,120010,6666,57763,4214,113344,7456,3580,3876
19380,120041,6669,57782,4215,113371,7461,3584,3877
19385,120072,6670,57802,4216,113402,7463,3585,3878
19390,120103,6670,57819,4216,113433,7465,3585,3880
19395,120134,6670,57829,4216,113464,7467,3585,3882
19400,120165,6670,57842,4216,113495,7469,3586,3883
19405,120196,6670,57852,4216,113526,7471,3587,3884
19410,120227,6670,57870,4216,113557,7473,3589,3884
19415,120258,6670,57882,4216,113588,7475,3589,3886
19420,120289,6670,57899,4216,113619,7477,3589,3888
19425,120320,6670,57912,4216,113650,7479,3590,3889
19430,120351,6670,57927,4216,113681,7482,3593,3889
19435,120382,6670,57938,4216,113712,7484,3595,3889
19440,120413,6670,57950,4216,113743,7486,3596,3890
19445,120444,6672,57968,4217,113772,7487,3597,3890
19450,120475,6675,57982,4219,113800,7488,3598,3890
19455,120506,6678,58001,4222,113828,7489,3598,3891
19460,120537,6679,58016,4223,113858,7490,3599,3891
19465,120568,6679,58028,4223,113889,7491,3599,3892
19470,120599,6679,58046,4223,113920,7492,3599,3893
19475,120630,6679,58058,4223,113951,7493,3599,3894
19480,120661,6679,58067,4223,113982,7494,3599,3895
19485,120692,6680,58074,4223,114012,7497,3600,3897
19490,120723,6684,58091,4226,114039,7500,3602,3898
19495,120754,6688,58100,4228,114066,7503,3602,3901
19500,120785,6691,58115,4230,114094,7507,3602,3905
19505,120816,6695,58126,4232,114121,7509,3603,3906
19510,120847,6697,58138,4232,114150,7510,3603,3907
19515,120878,6699,58154,4233,114179,7511,3604,3907
19520,120909,6701,58171,4235,114208,7512,3604,3908
19525,120940,6703,58186,4236,114237,7513,3605,3908
19530,120971,6706,58196,4237,114265,7514,3606,3908
19535,121002,6709,58215,4239,114293,7516,3607,3909
19540,121033,6712,58228,4241,114321,7518,3608,3910
19545,121064,6714,58239,4242,114349,7521,3608,3913
19550,121095,6717,58254,4244,114377,7524,3609,3915
19555,121126,6721,58271,4247,114405,7527,3611,3916
19560,121157,6723,58284,4249,114434,7530,3613,3917
19565,121188,6723,58297,4249,114465,7534,3614,3920
19570,121219,6723,58307,4249,114496,7537,3614,3923
19575,121250,6723,58322,4249,114527,7539,3615,3924
19580,121281,6723,58338,4249,114558,7541,3616,3925
19585,121312,6723,58358,4249,114589,7542,3616,3926
19590,121343,6723,58371,4249,114620,7543,3617,3926
19595,121374,6723,58388,4249,114651,7544,3618,3926
19600,121405,6723,58400,4249,114682,7545,3619,3926
19605,121436,6723,58419,4249,114713,7546,3620,3926
19610,121467,6723,58432,4249,114744,7548,3621,3927
19615,121498,6724,58447,4249,114774,7550,3623,3927
19620,121529,6726,58466,4250,114803,7553,3625,3928
19625,121560,6729,58484,4252,114830,7554,3626,3928
19630,121591,6732,58494,4253,114859,7555,3626,3929
19635,121622,6735,58510,4256,114887,7556,3627,3929
19640,121653,6738,58524,4258,114915,7557,3627,3930
19645,121684,6741,58540,4260,114942,7558,3627,3931
19650,121715,6743,58557,4261,114972,7559,3627,3932
19655,121746,6744,58567,4261,115002,7560,3627,3933
19660,121777,6745,58580,4261,115032,7561,3628,3933
19665,121808,6746,58598,4262,115062,7562,3628,3934
19670,121839,6747,58612,4262,115092,7564,3630,3934
19675,121870,6748,58625,4262,115122,7567,3631,3936
19680,121901,6749,58641,4262,115152,7570,3634,3936
19685,121932,6751,58657,4264,115181,7573,3635,3938
19690,121963,6751,58678,4264,115212,7575,3636,3939
19695,121994,6751,58695,4264,115243,7577,3638,3939
19700,122025,6751,58708,4264,115274,7579,3639,3940
19705,122056,6751,58720,4264,115305,7581,3640,3941
19710,122087,6751,58737,4264,115336,7582,3641,3941
19715,122118,6751,58750,4264,115367,7583,3641,3942
19720,122149,6751,58767,4264,115398,7584,3642,3942
19725,122180,6751,58783,4264,115429,7585,3643,3942
19730,122211,6752,58797,4264,115459,7587,3644,3943
19735,122242,6753,58812,4264,115489,7590,3646,3944
19740,122273,6755,58830,4266,115518,7593,3648,3945
19745,122304,6760,58842,4270,115543,7593,3648,3945
19750,122335,6764,58853,4274,115571,7593,3648,3945
19755,122366,6769,58867,4278,115597,7593,3648,3945
19760,122397,6773,58883,4280,115623,7593,3648,3945
19765,122428,6777,58897,4284,115650,7593,3648,3945
19770,122459,6781,58914,4286,115677,7593,3648,3945
19775,122490,6785,58930,4288,115705,7593,3648,3945
19780,122521,6788,58943,4288,115733,7593,3648,3945
19785,122552,6791,58957,4290,115761,7594,3649,3945
19790,122583,6794,58972,4292,115789,7596,3651,3945
19795,122614,6797,58983,4293,115817,7598,3651,3947
19800,122645,6801,58997,4296,115844,7599,3651,3948
19805,122676,6803,59014,4298,115872,7600,3651,3949
19810,122707,6806,59030,4301,115901,7601,3652,3949
19815,122738,6808,59046,4302,115929,7603,3652,3951
19820,122769,6811,59060,4305,115958,7605,3654,3951
19825,122800,6812,59075,4305,115988,7607,3656,3951
19830,122831,6813,59091,4306,116018,7609,3658,3951
19835,122862,6814,59104,4306,116048,7611,3660,3951
19840,122893,6815,59126,4307,116077,7613,3662,3951
19845,122924,6817,59142,4309,116107,7615,3662,3953
19850,122955,6818,59162,4310,116136,7618,3664,3954
19855,122986,6820,59172,4312,116165,7621,3664,3957
19860,123017,6822,59189,4314,116194,7624,3665,3959
19865,123048,6824,59202,4315,116224,7625,3665,3960
19870,123079,6825,59216,4315,116254,7626,3666,3960
19875,123110,6827,59232,4316,116283,7627,3666,3961
19880,123141,6828,59247,4317,116313,7628,3667,3961
19885,123172,6829,59261,4317,116343,7629,3668,3961
19890,123203,6831,59276,4319,116372,7630,3668,3962
19895,123234,6832,59288,4320,116402,7631,3668,3963
19900,123265,6832,59305,4320,116433,7633,3669,3964
19905,123296,6833,59322,4321,116463,7635,3671,3964
19910,123327,6835,59344,4323,116492,7638,3672,3966
19915,123358,6837,59365,4325,116521,7641,3675,3966
19920,123389,6839,59383,4327,116550,7644,3675,3969
19925,123420,6841,59394,4328,116579,7647,3676,3971
19930,123451,6842,59405,4328,116609,7649,3676,3973
19935,123482,6844,59423,4329,116638,7651,3678,3973
19940,123513,6845,59440,4330,116668,7653,3680,3973
19945,123544,6846,59454,4331,116698,7655,3681,3974
19950,123575,6847,59469,4331,116728,7657,3681,3976
19955,123606,6849,59486,4333,116757,7660,3683,3977
19960,123637,6851,59502,4334,116786,7663,3684,3979
19965,123668,6852,59514,4335,116816,7666,3685,3981
19970,123699,6854,59528,4336,116845,7671,3687,3984
19975,123730,6858,59541,4339,116872,7676,3689,3987
19980,123761,6862,59561,4341,116899,7681,3692,3989
19985,123792,6865,59578,4343,116926,7683,3693,3990
19990,123823,6867,59588,4345,116956,7685,3693,3992
19995,123854,6868,59605,4345,116985,7687,3694,3993
20000,123885,6870,59619,4346,117015,7688,3695,3993
20005,123916,6871,59631,4346,117044,7689,3695,3994
20010,123947,6873,59644,4347,117074,7690,3695,3995
20015,123978,6874,59653,4348,117104,7691,3695,3996
20020,124009,6875,59665,4348,117134,7692,3696,3996
20025,124040,6876,59681,4349,117164,7693,3696,3997
20030,124071,6877,59695,4350,117194,7695,3696,3999
20035,124102,6878,59703,4350,117224,7697,3697,4000
20040,124133,6879,59718,4351,117253,7699,3698,4001
20045,124164,6880,59737,4352,117284,7700,3698,4002
20050,124195,6880,59753,4352,117315,7701,3698,4003
20055,124226,6880,59766,4352,117346,7701,3698,4003
20060,124257,6880,59789,4352,117377,7701,3698,4003
20065,124288,6880,59803,4352,117408,7701,3698,4003
20070,124319,6880,59815,4352,117439,7701,3698,4003
20075,124350,6880,59833,4352,117470,7701,3698,4003
20080,124381,6880,59847,4352,117501,7701,3698,4003
20085,124412,6880,59867,4352,117532,7702,3699,4003
20090,124443,6882,59882,4354,117561,7703,3700,4003
20095,124474,6885,59893,4356,117589,7704,3701,4003
20100,124505,6888,59904,4359,117617,7706,3702,4004
20105,124536,6892,59921,4363,117644,7709,3704,4005
20110,124567,6895,59935,4364,117672,7711,3705,4006
20115,124598,6896,59953,4364,117702,7713,3707,4006
20120,124629,6897,59970,4364,117732,7714,3707,4007
20125,124660,6898,59987,4365,117762,7715,3708,4007
20130,124691,6899,60003,4366,117792,7716,3709,4007
20135,124722,6900,60017,4366,117822,7717,3709,4008
20140,124753,6901,60029,4366,117852,7718,3709,4009
20145,124784,6902,60042,4367,117882,7719,3710,4009
20150,124815,6903,60058,4367,117912,7721,3711,4010
20155,124846,6904,60071,4368,117942,7724,3711,4013
20160,124877,6905,60086,4368,117972,7727,3713,4014
20165,124908,6906,60102,4369,118002,7731,3714,4017
20170,124939,6907,60116,4369,118032,7733,3716,4017
20175,124970,6908,60135,4369,118062,7734,3716,4018
20180,125001,6909,60153,4370,118092,7735,3717,4018
20185,125032,6910,60170,4371,118122,7736,3717,4019
20190,125063,6911,60183,4372,118152,7737,3717,4020
20195,125094,6912,60196,4373,118182,7738,3718,4020
20200,125125,6913,60216,4374,118212,7739,3719,4020
20205,125156,6916,60236,4377,118239,7740,3719,4021
20210,125187,6920,60251,4381,118266,7741,3720,4021
20215,125218,6925,60267,4384,118293,7742,3721,4021
20220,125249,6927,60282,4384,118322,7743,3722,4021
20225,125280,6930,60292,4385,118350,7744,3722,4022
20230,125311,6932,60305,4386,118379,7745,3722,4023
20235,125342,6935,60320,4388,118407,7746,3722,4024
20240,125373,6938,60336,4389,118435,7747,3723,4024
20245,125404,6941,60354,4390,118462,7748,3723,4025
20250,125435,6945,60367,4393,118489,7749,3723,4026
20255,125466,6948,60384,4395,118517,7750,3724,4026
20260,125497,6951,60399,4398,118546,7751,3725,4026
20265,125528,6953,60414,4399,118575,7753,3726,4027
20270,125559,6953,60427,4399,118606,7756,3729,4027
20275,125590,6953,60445,4399,118637,7760,3731,4029
20280,125621,6953,60460,4399,118668,7764,3734,4030
20285,125652,6953,60475,4399,118699,7767,3734,4033
20290,125683,6953,60491,4399,118730,7769,3734,4035
20295,125714,6953,60507,4399,118761,7771,3735,4036
20300,125745,6953,60523,4399,118792,7771,3735,4036
20305,125776,6953,60533,4399,118823,7771,3735,4036
20310,125807,6953,60548,4399,118854,7771,3735,4036
20315,125838,6953,60568,4399,118885,7771,3735,4036
20320,125869,6953,60583,4399,118916,7771,3735,4036
20325,125900,6954,60598,4399,118945,7771,3735,4036
20330,125931,6957,60615,4401,118974,7771,3735,4036
20335,125962,6959,60632,4403,119002,7771,3735,4036
20340,125993,6963,60650,4406,119030,7771,3735,4036
20345,126024,6966,60667,4408,119058,7771,3735,4036
20350,126055,6969,60684,4411,119086,7771,3735,4036
20355,126086,6973,60696,4414,119113,7771,3735,4036
20360,126117,6976,60709,4415,119141,7771,3735,4036
20365,126148,6979,60721,4417,119169,7771,3735,4036
20370,126179,6981,60735,4418,119198,7771,3735,4036
20375,126210,6983,60745,4419,119227,7771,3735,4036
20380,126241,6985,60759,4421,119256,7772,3736,4036
20385,126272,6987,60773,4423,119285,7774,3737,4037
20390,126303,6989,60789,4425,119314,7778,3738,4040
20395,126334,6990,60805,4426,119344,7781,3739,4042
20400,126365,6991,60821,4427,119374,7785,3742,4043
20405,126396,6993,60836,4427,119403,7788,3744,4044
20410,126427,6995,60848,4428,119432,7790,3744,4046
20415,126458,6997,60862,4428,119461,7792,3745,4047
20420,126489,6999,60873,4428,119490,7794,3746,4048
20425,126520,7001,60888,4428,119519,7796,3746,4050
20430,126551,7003,60902,4429,119548,7799,3748,4051
20435,126582,7005,60918,4429,119577,7802,3750,4052
20440,126613,7007,60933,4431,119606,7805,3753,4052
20445,126644,7009,60953,4433,119634,7808,3756,4052
20450,126675,7012,60970,4436,119662,7811,3757,4054
20455,126706,7015,60989,4439,119691,7815,3760,4055
20460,126737,7017,60999,4439,119719,7819,3761,4058
20465,126768,7019,61014,4441,119749,7821,3763,4058
20470,126799,7021,61030,4443,119778,7823,3763,4060
20475,126830,7024,61044,4446,119806,7825,3765,4060
20480,126861,7026,61061,4448,119835,7827,3766,4061
20485,126892,7028,61075,4450,119864,7829,3768,4061
20490,126923,7029,61094,4450,119894,7831,3770,4061
20495,126954,7030,61109,4450,119924,7834,3773,4061
20500,126985,7031,61120,4451,119954,7837,3773,4064
20505,127016,7032,61135,4451,119984,7841,3773,4068
20510,127047,7033,61151,4451,120014,7846,3776,4070
20515,127078,7034,61172,4452,120044,7850,3779,4071
20520,127109,7035,61191,4452,120074,7853,3781,4072
20525,127140,7036,61205,4453,120103,7856,3783,4073
20530,127171,7037,61221,4454,120134,7859,3785,4074
20535,127202,7037,61236,4454,120165,7862,3786,4076
20540,127233,7037,61250,4454,120196,7865,3787,4078
20545,127264,7037,61264,4454,120227,7867,3787,4080
20550,127295,7037,61277,4454,120258,7869,3789,4080
20555,127326,7037,61295,4454,120289,7871,3790,4081
20560,127357,7037,61312,4454,120320,7873,3792,4081
20565,127388,7037,61326,4454,120351,7875,3794,4081
20570,127419,7038,61341,4455,120381,7878,3796,4082
20575,127450,7039,61359,4455,120410,7881,3799,4082
20580,127481,7041,61372,4456,120440,7884,3799,4085
20585,127512,7042,61386,4456,120470,7886,3800,4086
20590,127543,7043,61396,4456,120500,7887,3800,4087
20595,127574,7044,61407,4456,120530,7888,3800,4088
20600,127605,7045,61426,4456,120560,7889,3801,4088
20605,127636,7046,61443,4456,120590,7890,3802,4088
20610,127667,7047,61460,4456,120620,7891,3802,4089
20615,127698,7048,61473,4456,120650,7893,3802,4091
20620,127729,7049,61485,4456,120680,7895,3803,4092
20625,127760,7051,61500,4456,120709,7898,3803,4095
20630,127791,7054,61517,4457,120737,7901,3805,4096
20635,127822,7057,61529,4458,120765,7904,3806,4098
20640,127853,7060,61545,4459,120793,7906,3808,4098
20645,127884,7064,61555,4462,120820,7909,3809,4100
20650,127915,7068,61567,4465,120847,7912,3811,4101
20655,127946,7072,61583,4469,120874,7915,3812,4103
20660,127977,7076,61597,4471,120901,7918,3812,4106
20665,128008,7079,61611,4471,120929,7921,3814,4107
20670,128039,7084,61627,4474,120955,7924,3815,4109
20675,128070,7087,61640,4476,120983,7928,3817,4111
20680,128101,7089,61656,4478,121012,7932,3820,4112
20685,128132,7092,61674,4479,121039,7936,3822,4114
20690,128163,7097,61685,4482,121065,7941,3825,4116
20695,128194,7101,61700,4485,121093,7947,3827,4120
20700,128225,7105,61709,4487,121120,7952,3829,4123
20705,128256,7106,61726,4487,121150,7953,3829,4124
20710,128287,7108,61742,4488,121179,7954,3830,4124
20715,128318,7110,61760,4490,121208,7955,3831,4124
20720,128349,7111,61773,4491,121238,7956,3832,4124
20725,128380,7112,61785,4492,121268,7957,3833,4124
20730,128411,7113,61803,4492,121298,7958,3834,4124
20735,128442,7115,61816,4493,121327,7959,3834,4125
20740,128473,7115,61833,4493,121358,7961,3835,4126
20745,128504,7115,61848,4493,121389,7963,3836,4127
20750,128535,7115,61863,4493,121420,7964,3836,4128
20755,128566,7115,61877,4493,121451,7965,3836,4129
20760,128597,7115,61890,4493,121482,7965,3836,4129
20765,128628,7118,61909,4495,121510,7966,3837,4129
20770,128659,7119,61919,4496,121540,7967,3837,4130
20775,128690,7120,61932,4496,121570,7968,3837,4131
20780,128721,7121,61948,4496,121599,7968,3837,4131
20785,128752,7123,61962,4497,121628,7968,3837,4131
20790,128783,7125,61978,4499,121658,7968,3837,4131
20795,128814,7126,61991,4500,121688,7968,3837,4131
20800,128845,7127,62008,4501,121717,7969,3838,4131
20805,128876,7129,62021,4502,121746,7971,3839,4132
20810,128907,7131,62042,4504,121775,7974,3841,4133
20815,128938,7133,62054,4505,121804,7977,3842,4135
20820,128969,7137,62072,4509,121831,7980,3845,4135
20825,129000,7140,62083,4510,121860,7984,3845,4139
20830,129031,7143,62099,4512,121888,7987,3846,4141
20835,129062,7146,62114,4515,121916,7989,3847,4142
20840,129093,7147,62134,4516,121946,7991,3849,4142
20845,129124,7148,62150,4516,121976,7993,3850,4143
20850,129155,7149,62161,4517,122006,7995,3851,4144
20855,129186,7150,62177,4517,122036,7997,3852,4145
20860,129217,7151,62188,4518,122066,7999,3854,4145
20865,129248,7152,62202,4518,122096,8000,3854,4146
20870,129279,7153,62218,4518,122126,8001,3854,4147
20875,129310,7154,62233,4518,122156,8002,3855,4147
20880,129341,7155,62242,4518,122186,8004,3855,4149
20885,129372,7156,62254,4518,122216,8006,3855,4151
20890,129403,7157,62268,4518,122246,8008,3855,4153
20895,129434,7158,62287,4519,122276,8009,3855,4154
20900,129465,7159,62303,4520,122306,8010,3855,4155
20905,129496,7160,62318,4521,122336,8011,3855,4156
20910,129527,7161,62327,4521,122366,8012,3855,4157
20915,129558,7162,62342,4521,122396,8013,3856,4157
20920,129589,7163,62356,4521,122426,8014,3857,4157
20925,129620,7164,62370,4521,122456,8015,3858,4157
20930,129651,7167,62382,4522,122484,8018,3860,4158
20935,129682,7171,62400,4525,122511,8022,3862,4160
20940,129713,7177,62420,4529,122535,8026,3864,4162
20945,129744,7180,62431,4532,122564,8028,3864,4164
20950,129775,7182,62447,4533,122592,8031,3865,4166
20955,129806,7185,62463,4535,122621,8034,3868,4166
20960,129837,7188,62477,4536,122648,8037,3869,4168
20965,129868,7192,62495,4539,122675,8039,3870,4169
20970,129899,7194,62510,4540,122705,8041,3872,4169
20975,129930,7195,62526,4540,122735,8043,3873,4170
20980,129961,7196,62544,4540,122765,8045,3874,4171
20985,129992,7197,62558,4541,122795,8047,3876,4171
20990,130023,7199,62578,4543,122824,8049,3878,4171
20995,130054,7201,62597,4544,122853,8051,3879,4172
21000,130085,7203,62612,4545,122882,8054,3881,4173
21005,130116,7206,62629,4548,122910,8056,3881,4175
21010,130147,7207,62642,4548,122940,8057,3881,4176
21015,130178,7207,62657,4548,122971,8058,3881,4177
21020,130209,7207,62675,4548,123002,8059,3882,4177
21025,130240,7207,62689,4548,123033,8060,3883,4177
21030,130271,7207,62704,4548,123064,8061,3883,4178
21035,130302,7207,62720,4548,123095,8062,3884,4178
21040,130333,7207,62735,4548,123126,8063,3884,4179
21045,130364,7207,62753,4548,123157,8064,3885,4179
21050,130395,7208,62766,4548,123187,8065,3886,4179
21055,130426,7209,62778,4548,123217,8067,3888,4179
21060,130457,7211,62791,4549,123246,8069,3889,4180
21065,130488,7214,62806,4551,123273,8072,3892,4180
21070,130519,7219,62826,4555,123299,8073,3892,4181
21075,130550,7223,62837,4557,123327,8074,3892,4182
21080,130581,7226,62849,4560,123354,8075,3892,4183
21085,130612,7231,62866,4564,123380,8076,3892,4184
21090,130643,7235,62881,4567,123408,8077,3893,4184
21095,130674,7238,62895,4568,123435,8078,3893,4185
21100,130705,7242,62913,4570,123462,8079,3894,4185
21105,130736,7246,62928,4572,123490,8080,3895,4185
21110,130767,7250,62948,4575,123516,8082,3897,4185
21115,130798,7254,62962,4577,123543,8084,3897,4187
21120,130829,7259,62977,4580,123570,8086,3899,4187
21125,130860,7262,62994,4581,123598,8088,3900,4188
21130,130891,7265,63010,4584,123626,8090,3902,4188
21135,130922,7267,63028,4586,123655,8092,3903,4189
21140,130953,7269,63045,4588,123684,8094,3905,4189
21145,130984,7271,63064,4589,123713,8096,3906,4190
21150,131015,7273,63074,4590,123742,8098,3908,4190
21155,131046,7276,63090,4592,123770,8100,3909,4191
21160,131077,7278,63103,4593,123799,8102,3910,4192
21165,131108,7281,63119,4595,123827,8104,3911,4193
21170,131139,7283,63137,4596,123856,8109,3913,4196
21175,131170,7284,63155,4597,123886,8114,3916,4198
21180,131201,7285,63170,4597,123916,8119,3917,4202
21185,131232,7285,63190,4597,123947,8121,3918,4203
21190,131263,7285,63205,4597,123978,8122,3919,4203
21195,131294,7285,63217,4597,124009,8123,3919,4204
21200,131325,7285,63233,4597,124040,8124,3919,4205
21205,131356,7285,63241,4597,124071,8124,3919,4205
21210,131387,7285,63257,4597,124102,8124,3919,4205
21215,131418,7285,63271,4597,124133,8124,3919,4205
21220,131449,7285,63292,4597,124164,8124,3919,4205
21225,131480,7286,63302,4597,124194,8124,3919,4205
21230,131511,7287,63313,4598,124224,8124,3919,4205
21235,131542,7288,63329,4598,124254,8124,3919,4205
21240,131573,7289,63344,4598,124284,8124,3919,4205
21245,131604,7293,63358,4602,124311,8125,3919,4206
21250,131635,7296,63369,4603,124339,8126,3920,4206
21255,131666,7300,63386,4605,124366,8126,3920,4206
21260,131697,7305,63400,4610,124392,8126,3920,4206
21265,131728,7309,63415,4612,124418,8126,3920,4206
21270,131759,7314,63429,4616,124445,8126,3920,4206
21275,131790,7316,63449,4618,124474,8126,3920,4206
21280,131821,7318,63465,4618,124502,8126,3920,4206
21285,131852,7321,63478,4620,124530,8127,3920,4207
21290,131883,7326,63496,4624,124556,8130,3923,4207
21295,131914,7328,63506,4625,124586,8134,3924,4210
21300,131945,7330,63523,4626,124615,8138,3926,4212
21305,131976,7331,63537,4627,124645,8140,3927,4213
21310,132007,7333,63550,4628,124674,8142,3927,4215
21315,132038,7335,63569,4630,124703,8144,3928,4216
21320,132069,7336,63585,4630,124733,8146,3928,4218
21325,132100,7337,63604,4631,124763,8148,3930,4218
21330,132131,7339,63618,4633,124792,8150,3932,4218
21335,132162,7339,63637,4633,124823,8151,3933,4218
21340,132193,7339,63652,4633,124854,8152,3933,4219
21345,132224,7339,63668,4633,124885,8153,3934,4219
21350,132255,7339,63682,4633,124916,8154,3935,4219
21355,132286,7339,63696,4633,124947,8156,3935,4221
21360,132317,7339,63711,4633,124978,8158,3937,4221
21365,132348,7339,63725,4633,125009,8160,3938,4222
21370,132379,7339,63741,4633,125040,8162,3938,4224
21375,132410,7339,63755,4633,125071,8163,3938,4225
21380,132441,7341,63770,4634,125100,8164,3939,4225
21385,132472,7342,63784,4634,125130,8165,3940,4225
21390,132503,7343,63799,4635,125160,8166,3940,4226
21395,132534,7346,63817,4638,125188,8167,3941,4226
21400,132565,7349,63830,4639,125216,8168,3941,4227
21405,132596,7352,63845,4641,125244,8171,3944,4227
21410,132627,7354,63861,4643,125273,8176,3947,4229
21415,132658,7357,63875,4645,125301,8180,3949,4231
21420,132689,7359,63889,4646,125330,8182,3949,4233
21425,132720,7363,63905,4649,125356,8185,3951,4234
21430,132751,7368,63925,4653,125382,8188,3952,4236
21435,132782,7373,63937,4656,125409,8191,3953,4238
21440,132813,7376,63953,4657,125437,8194,3956,4238
21445,132844,7378,63973,4658,125465,8196,3957,4239
21450,132875,7381,63992,4660,125494,8197,3958,4239
21455,132906,7383,64002,4660,125523,8198,3958,4240
21460,132937,7385,64020,4661,125552,8199,3958,4241
21465,132968,7387,64035,4661,125580,8200,3958,4242
21470,132999,7390,64043,4662,125609,8201,3959,4242
21475,133030,7392,64054,4662,125638,8203,3960,4243
21480,133061,7394,64071,4663,125666,8205,3962,4243
21485,133092,7397,64089,4666,125695,8206,3962,4244
21490,133123,7398,64108,4667,125724,8207,3963,4244
21495,133154,7400,64126,4668,125754,8208,3963,4245
21500,133185,7401,64143,4668,125784,8209,3963,4246
21505,133216,7402,64162,4669,125813,8210,3963,4247
21510,133247,7404,64176,4670,125843,8211,3964,4247
21515,133278,7405,64193,4671,125872,8212,3964,4248
21520,133309,7407,64204,4672,125902,8214,3964,4250
21525,133340,7408,64222,4673,125932,8218,3967,4251
21530,133371,7410,64237,4674,125961,8221,3969,4252
21535,133402,7411,64248,4674,125991,8224,3969,4255
21540,133433,7412,64259,4674,126021,8226,3970,4256
21545,133464,7415,64276,4677,126049,8227,3971,4256
21550,133495,7417,64289,4677,126078,8229,3972,4257
21555,133526,7420,64306,4679,126106,8231,3974,4257
21560,133557,7424,64321,4682,126133,8233,3975,4258
21565,133588,7426,64335,4683,126162,8235,3977,4258
21570,133619,7429,64350,4685,126190,8237,3979,4258
21575,133650,7431,64365,4687,126219,8239,3980,4259
21580,133681,7435,64383,4690,126246,8241,3981,4260
21585,133712,7436,64395,4691,126276,8244,3982,4262
21590,133743,7437,64413,4691,126306,8248,3985,4263
21595,133774,7439,64427,4692,126335,8252,3987,4265
21600,133805,7440,64444,4692,126365,8256,3988,4268
21605,133836,7440,64458,4692,126396,8259,3990,4269
21610,133867,7440,64467,4692,126427,8261,3990,4271
21615,133898,7440,64488,4692,126458,8263,3992,4271
21620,133929,7440,64502,4692,126489,8265,3992,4273
21625,133960,7440,64521,4692,126520,8267,3993,4274
21630,133991,7440,64530,4692,126551,8269,3993,4276
21635,134022,7440,64545,4692,126582,8272,3994,4278
21640,134053,7440,64560,4692,126613,8275,3996,4279
21645,134084,7440,64573,4692,126644,8278,3998,4280
21650,134115,7440,64587,4692,126675,8281,4000,4281
21655,134146,7441,64600,4692,126705,8284,4003,4281
21660,134177,7443,64615,4693,126733,8287,4006,4281
21665,134208,7448,64632,4696,126759,8288,4006,4282
21670,134239,7452,64644,4699,126786,8289,4006,4283
21675,134270,7456,64659,4702,126814,8290,4007,4283
21680,134301,7458,64672,4703,126842,8291,4008,4283
21685,134332,7461,64686,4705,126871,8292,4008,4284
21690,134363,7463,64702,4705,126899,8293,4009,4284
21695,134394,7466,64712,4706,126928,8294,4009,4285
21700,134425,7469,64727,4708,126955,8295,4009,4286
21705,134456,7472,64741,4709,126983,8298,4011,4287
21710,134487,7476,64753,4712,127011,8301,4012,4289
21715,134518,7478,64766,4713,127040,8304,4014,4290
21720,134549,7480,64778,4713,127069,8307,4016,4291
21725,134580,7480,64795,4713,127100,8309,4016,4293
21730,134611,7480,64807,4713,127131,8311,4017,4294
21735,134642,7480,64824,4713,127162,8313,4017,4296
21740,134673,7480,64837,4713,127193,8315,4018,4297
21745,134704,7480,64853,4713,127224,8317,4019,4298
21750,134735,7480,64870,4713,127255,8319,4020,4299
21755,134766,7480,64884,4713,127286,8321,4021,4300
21760,134797,7480,64900,4713,127317,8323,4023,4300
21765,134828,7481,64917,4714,127346,8327,4025,4302
21770,134859,7483,64931,4715,127376,8331,4025,4306
21775,134890,7484,64946,4715,127406,8335,4026,4309
21780,134921,7485,64962,4715,127436,8339,4030,4309
21785,134952,7489,64976,4717,127463,8340,4030,4310
21790,134983,7492,64993,4719,127491,8341,4031,4310
21795,135014,7494,65007,4721,127520,8342,4032,4310
21800,135045,7497,65024,4723,127548,8344,4033,4311
21805,135076,7499,65037,4724,127577,8346,4035,4311
21810,135107,7502,65055,4725,127605,8348,4037,4311
21815,135138,7505,65071,4726,127633,8350,4037,4313
21820,135169,7508,65084,4727,127661,8352,4038,4314
21825,135200,7511,65100,4728,127689,8354,4039,4315
21830,135231,7514,65109,4729,127717,8356,4039,4317
21835,135262,7518,65127,4730,127744,8358,4040,4318
21840,135293,7522,65140,4732,127771,8360,4040,4320
21845,135324,7524,65152,4733,127800,8361,4041,4320
21850,135355,7526,65169,4733,127829,8363,4041,4322
21855,135386,7528,65181,4734,127858,8364,4042,4322
21860,135417,7530,65200,4736,127887,8365,4043,4322
21865,135448,7532,65212,4737,127916,8366,4044,4322
21870,135479,7534,65228,4737,127945,8367,4045,4322
21875,135510,7536,65241,4737,127974,8368,4045,4323
21880,135541,7538,65257,4738,128003,8369,4045,4324
21885,135572,7540,65269,4739,128032,8371,4045,4326
21890,135603,7542,65282,4739,128061,8374,4046,4328
21895,135634,7544,65293,4741,128090,8377,4049,4328
21900,135665,7546,65307,4743,128119,8378,4050,4328
21905,135696,7546,65323,4743,128150,8380,4051,4329
21910,135727,7546,65338,4743,128181,8381,4051,4330
21915,135758,7546,65355,4743,128212,8382,4052,4330
21920,135789,7546,65371,4743,128243,8383,4052,4331
21925,135820,7546,65387,4743,128274,8384,4053,4331
21930,135851,7546,65408,4743,128305,8385,4054,4331
21935,135882,7546,65425,4743,128336,8386,4054,4332
21940,135913,7546,65440,4743,128367,8387,4055,4332
21945,135944,7546,65454,4743,128398,8388,4056,4332
21950,135975,7546,65468,4743,128429,8389,4056,4333
21955,136006,7546,65485,4743,128460,8391,4057,4334
21960,136037,7546,65501,4743,128491,8393,4059,4334
21965,136068,7546,65519,4743,128522,8395,4061,4334
21970,136099,7546,65535,4743,128553,8397,4061,4336
21975,136130,7546,65551,4743,128584,8399,4062,4337
21980,136161,7546,65567,4743,128615,8401,4062,4339
21985,136192,7546,65578,4743,128646,8403,4063,4340
21990,136223,7546,65592,4743,128677,8405,4064,4341
21995,136254,7546,65608,4743,128708,8407,4065,4342
22000,136285,7546,65621,4743,128739,8411,4068,4343
22005,136316,7547,65634,4743,128769,8416,4070,4346
22010,136347,7553,65653,4748,128794,8422,4074,4348
22015,136378,7558,65663,4750,128819,8427,4075,4352
22020,136409,7565,65681,4757,128844,8430,4078,4352
22025,136440,7566,65695,4757,128874,8433,4080,4353
22030,136471,7567,65709,4757,128904,8436,4082,4354
22035,136502,7568,65723,4757,128933,8438,4084,4354
22040,136533,7570,65739,4759,128963,8440,4085,4355
22045,136564,7571,65762,4759,128993,8442,4086,4356
22050,136595,7572,65777,4759,129023,8443,4087,4356
22055,136626,7573,65794,4760,129053,8444,4088,4356
22060,136657,7574,65808,4760,129083,8445,4088,4357
22065,136688,7575,65816,4760,129113,8446,4088,4358
22070,136719,7576,65830,4760,129142,8447,4089,4358
22075,136750,7578,65849,4762,129172,8448,4090,4358
22080,136781,7579,65867,4762,129201,8449,4091,4358
22085,136812,7581,65881,4763,129231,8450,4092,4358
22090,136843,7582,65897,4764,129261,8451,4093,4358
22095,136874,7583,65914,4764,129291,8452,4094,4358
22100,136905,7584,65931,4765,129320,8453,4094,4359
22105,136936,7586,65949,4767,129349,8454,4094,4360
22110,136967,7588,65964,4768,129378,8455,4094,4361
22115,136998,7589,65975,4769,129409,8456,4094,4362
22120,137029,7589,65983,4769,129440,8459,4095,4364
22125,137060,7590,65993,4769,129470,8462,4095,4367
22130,137091,7594,66011,4773,129497,8467,4098,4369
22135,137122,7596,66022,4773,129525,8472,4101,4371
22140,137153,7600,66034,4776,129553,8477,4104,4373
22145,137184,7603,66054,4778,129581,8479,4105,4374
22150,137215,7605,66068,4778,129610,8481,4106,4375
22155,137246,7607,66082,4779,129639,8483,4107,4376
22160,137277,7610,66093,4780,129667,8485,4107,4378
22165,137308,7612,66110,4781,129696,8487,4109,4378
22170,137339,7614,66120,4783,129725,8489,4109,4380
22175,137370,7615,66138,4783,129755,8491,4111,4380
22180,137401,7616,66153,4784,129785,8493,4112,4381
22185,137432,7618,66167,4786,129814,8494,4113,4381
22190,137463,7620,66186,4788,129843,8495,4113,4382
22195,137494,7621,66206,4788,129873,8496,4113,4383
22200,137525,7622,66219,4789,129903,8497,4113,4384
22205,137556,7623,66230,4789,129933,8499,4114,4385
22210,137587,7624,66244,4790,129963,8501,4114,4387
22215,137618,7624,66262,4790,129994,8503,4116,4387
22220,137649,7624,66275,4790,130025,8504,4116,4388
22225,137680,7624,66288,4790,130056,8505,4116,4389
22230,137711,7624,66300,4790,130087,8506,4117,4389
22235,137742,7624,66316,4790,130118,8507,4117,4390
22240,137773,7624,66332,4790,130149,8508,4118,4390
22245,137804,7625,66348,4791,130179,8509,4119,4390
22250,137835,7627,66361,4792,130208,8514,4120,4394
22255,137866,7628,66375,4793,130238,8519,4121,4398
22260,137897,7630,66386,4794,130267,8523,4122,4401
22265,137928,7632,66402,4795,130296,8524,4122,4402
22270,137959,7634,66420,4797,130324,8525,4122,4403
22275,137990,7637,66438,4800,130353,8526,4122,4404
22280,138021,7639,66453,4800,130381,8527,4122,4405
22285,138052,7642,66470,4802,130409,8528,4123,4405
22290,138083,7645,66484,4803,130438,8530,4123,4407
22295,138114,7648,66499,4805,130466,8532,4125,4407
22300,138145,7651,66514,4807,130494,8534,4127,4407
22305,138176,7653,66529,4808,130522,8536,4128,4408
22310,138207,7657,66545,4811,130550,8538,4129,4409
22315,138238,7659,66554,4812,130579,8540,4129,4411
22320,138269,7661,66572,4812,130608,8543,4131,4412
22325,138300,7662,66590,4813,130638,8546,4133,4413
22330,138331,7663,66609,4813,130668,8549,4135,4414
22335,138362,7664,66623,4813,130698,8551,4136,4415
22340,138393,7665,66638,4813,130728,8553,4137,4416
22345,138424,7666,66654,4813,130758,8555,4137,4418
22350,138455,7667,66668,4813,130788,8557,4139,4418
22355,138486,7668,66680,4814,130818,8558,4139,4419
22360,138517,7669,66695,4815,130848,8559,4139,4420
22365,138548,7671,66710,4816,130877,8561,4140,4421
22370,138579,7675,66725,4819,130904,8563,4141,4422
22375,138610,7676,66739,4819,130934,8566,4143,4423
22380,138641,7678,66751,4820,130963,8568,4144,4424
22385,138672,7680,66766,4821,130992,8568,4144,4424
22390,138703,7682,66779,4822,131021,8568,4144,4424
22395,138734,7684,66794,4823,131050,8568,4144,4424
22400,138765,7687,66809,4825,131078,8568,4144,4424
22405,138796,7690,66820,4826,131106,8568,4144,4424
22410,138827,7692,66835,4828,131135,8568,4144,4424
22415,138858,7693,66849,4828,131165,8568,4144,4424
22420,138889,7694,66864,4828,131195,8568,4144,4424
22425,138920,7696,66884,4830,131224,8568,4144,4424
22430,138951,7697,66897,4831,131254,8568,4144,4424
22435,138982,7698,66915,4831,131284,8569,4144,4425
22440,139013,7700,66936,4833,131313,8571,4146,4425
22445,139044,7700,66952,4833,131344,8575,4150,4425
22450,139075,7700,66970,4833,131375,8579,4153,4426
22455,139106,7700,66983,4833,131406,8583,4155,4428
22460,139137,7700,66996,4833,131437,8587,4157,4430
22465,139168,7700,67009,4833,131468,8589,4157,4432
22470,139199,7700,67022,4833,131499,8591,4159,4432
22475,139230,7700,67039,4833,131530,8593,4161,4432
22480,139261,7700,67056,4833,131561,8595,4161,4434
22485,139292,7700,67069,4833,131592,8597,4162,4435
22490,139323,7701,67086,4834,131622,8602,4164,4438
22495,139354,7703,67103,4835,131650,8607,4166,4441
22500,139385,7706,67118,4838,131678,8610,4169,4441
22505,139416,7709,67137,4841,131707,8614,4171,4443
22510,139447,7711,67153,4842,131736,8615,4172,4443
22515,139478,7714,67171,4844,131764,8616,4172,4444
22520,139509,7715,67186,4844,131794,8617,4173,4444
22525,139540,7716,67202,4844,131824,8618,4174,4444
22530,139571,7717,67215,4844,131854,8619,4174,4445
22535,139602,7718,67226,4844,131884,8620,4174,4446
22540,139633,7719,67242,4844,131914,8621,4174,4447
22545,139664,7720,67259,4845,131944,8622,4175,4447
22550,139695,7721,67274,4846,131974,8623,4175,4448
22555,139726,7722,67291,4847,132004,8624,4175,4449
22560,139757,7723,67306,4848,132034,8625,4176,4449
22565,139788,7724,67318,4848,132063,8627,4176,4451
22570,139819,7726,67334,4850,132093,8629,4177,4452
22575,139850,7726,67349,4850,132124,8631,4178,4453
22580,139881,7726,67362,4850,132155,8633,4179,4454
22585,139912,7726,67374,4850,132186,8635,4180,4455
22590,139943,7726,67388,4850,132217,8637,4181,4456
22595,139974,7726,67406,4850,132248,8639,4183,4456
22600,140005,7726,67419,4850,132279,8642,4183,4459
22605,140036,7726,67435,4850,132310,8646,4186,4460
22610,140067,7726,67454,4850,132341,8651,4189,4462
22615,140098,7726,67469,4850,132372,8656,4192,4464
22620,140129,7726,67480,4850,132403,8661,4192,4469
22625,140160,7728,67493,4851,132432,8663,4194,4469
22630,140191,7730,67503,4852,132461,8665,4196,4469
22635,140222,7732,67522,4854,132490,8665,4196,4469
22640,140253,7734,67534,4856,132519,8665,4196,4469
22645,140284,7736,67545,4858,132548,8665,4196,4469
22650,140315,7738,67558,4858,132577,8665,4196,4469
22655,140346,7740,67568,4859,132606,8665,4196,4469
22660,140377,7743,67584,4861,132634,8665,4196,4469
22665,140408,7745,67600,4863,132663,8665,4196,4469
22670,140439,7747,67620,4864,132692,8665,4196,4469
22675,140470,7750,67636,4866,132720,8665,4196,4469
22680,140501,7755,67648,4869,132746,8665,4196,4469
22685,140532,7757,67655,4870,132775,8667,4196,4471
22690,140563,7758,67667,4870,132805,8668,4196,4472
22695,140594,7760,67684,4872,132834,8669,4197,4472
22700,140625,7762,67694,4874,132863,8670,4197,4473
22705,140656,7763,67709,4874,132893,8671,4197,4474
22710,140687,7764,67727,4875,132923,8672,4198,4474
22715,140718,7765,67744,4876,132953,8674,4200,4474
22720,140749,7766,67759,4876,132983,8676,4202,4474
22725,140780,7767,67771,4877,133013,8678,4203,4475
22730,140811,7769,67783,4878,133041,8680,4203,4477
22735,140842,7771,67797,4880,133070,8684,4204,4480
22740,140873,7773,67816,4881,133099,8688,4207,4481
22745,140904,7776,67832,4882,133128,8690,4209,4481
22750,140935,7778,67843,4883,133157,8691,4209,4482
22755,140966,7780,67857,4884,133186,8692,4209,4483
22760,140997,7782,67871,4886,133215,8693,4209,4484
22765,141028,7784,67889,4888,133244,8694,4210,4484
22770,141059,7786,67900,4888,133273,8695,4210,4485
22775,141090,7788,67914,4890,133302,8696,4211,4485
22780,141121,7790,67931,4891,133331,8697,4211,4486
22785,141152,7792,67941,4891,133360,8698,4212,4486
22790,141183,7794,67956,4892,133389,8699,4212,4487
22795,141214,7796,67965,4892,133418,8701,4213,4488
22800,141245,7799,67984,4895,133446,8703,4213,4490
22805,141276,7802,68002,4897,133474,8705,4214,4491
22810,141307,7804,68014,4898,133503,8707,4215,4492
22815,141338,7806,68025,4898,133531,8709,4215,4494
22820,141369,7809,68038,4900,133560,8711,4216,4495
22825,141400,7811,68056,4901,133588,8713,4217,4496
22830,141431,7814,68072,4903,133617,8715,4219,4496
22835,141462,7817,68088,4904,133644,8719,4221,4498
22840,141493,7821,68106,4906,133671,8722,4223,4499
22845,141524,7824,68118,4908,133700,8726,4225,4501
22850,141555,7825,68129,4908,133730,8729,4226,4503
22855,141586,7826,68138,4908,133760,8732,4226,4506
22860,141617,7826,68155,4908,133791,8735,4227,4508
22865,141648,7826,68169,4908,133822,8737,4227,4510
22870,141679,7826,68184,4908,133853,8738,4227,4511
22875,141710,7826,68196,4908,133884,8739,4228,4511
22880,141741,7826,68219,4908,133915,8740,4229,4511
22885,141772,7826,68232,4908,133946,8741,4230,4511
22890,141803,7826,68245,4908,133977,8742,4230,4512
22895,141834,7826,68261,4908,134008,8743,4231,4512
22900,141865,7826,68271,4908,134039,8744,4232,4512
22905,141896,7827,68286,4909,134069,8745,4232,4513
22910,141927,7828,68300,4910,134098,8746,4232,4514
22915,141958,7830,68314,4912,134128,8747,4233,4514
22920,141989,7831,68329,4913,134157,8748,4233,4515
22925,142020,7833,68347,4914,134186,8748,4233,4515
22930,142051,7835,68365,4915,134215,8748,4233,4515
22935,142082,7837,68379,4917,134244,8748,4233,4515
22940,142113,7839,68397,4919,134274,8748,4233,4515
22945,142144,7840,68416,4920,134303,8749,4234,4515
22950,142175,7842,68429,4921,134332,8751,4235,4516
22955,142206,7846,68441,4924,134360,8754,4237,4517
22960,142237,7848,68455,4926,134388,8757,4240,4517
22965,142268,7853,68466,4929,134414,8759,4241,4518
22970,142299,7858,68476,4932,134441,8761,4242,4519
22975,142330,7861,68490,4934,134469,8764,4244,4520
22980,142361,7865,68505,4937,134496,8767,4244,4523
22985,142392,7870,68516,4941,134522,8769,4244,4525
22990,142423,7873,68531,4944,134549,8771,4244,4527
22995,142454,7876,68542,4947,134578,8773,4245,4528
23000,142485,7879,68556,4949,134605,8775,4246,4529
23005,142516,7882,68570,4950,134633,8776,4247,4529
23010,142547,7885,68587,4953,134661,8777,4247,4530
23015,142578,7889,68601,4957,134688,8777,4247,4530
23020,142609,7893,68615,4960,134716,8777,4247,4530
23025,142640,7895,68633,4962,134745,8778,4248,4530
23030,142671,7896,68649,4963,134775,8779,4249,4530
23035,142702,7897,68667,4964,134805,8780,4250,4530
23040,142733,7898,68688,4965,134835,8781,4251,4530
23045,142764,7900,68702,4966,134864,8782,4252,4530
23050,142795,7902,68712,4967,134893,8783,4252,4531
23055,142826,7904,68729,4969,134922,8785,4252,4533
23060,142857,7906,68743,4970,134951,8787,4253,4534
23065,142888,7908,68755,4971,134980,8789,4253,4536
23070,142919,7910,68770,4972,135009,8791,4253,4538
23075,142950,7912,68782,4972,135038,8794,4255,4539
23080,142981,7913,68799,4973,135068,8797,4257,4540
23085,143012,7914,68815,4974,135098,8800,4257,4543
23090,143043,7915,68831,4975,135128,8803,4259,4544
23095,143074,7916,68841,4975,135158,8805,4259,4546
23100,143105,7917,68856,4975,135188,8807,4260,4547
23105,143136,7921,68870,4978,135215,8809,4260,4549
23110,143167,7924,68887,4980,135243,8810,4260,4550
23115,143198,7925,68905,4980,135273,8811,4261,4550
23120,143229,7926,68920,4981,135303,8813,4261,4552
23125,143260,7927,68932,4982,135333,8815,4261,4554
23130,143291,7928,68943,4983,135363,8817,4263,4554
23135,143322,7929,68957,4984,135393,8819,4264,4555
23140,143353,7930,68972,4984,135423,8821,4266,4555
23145,143384,7931,68984,4984,135453,8823,4267,4556
23150,143415,7932,68996,4985,135483,8824,4268,4556
23155,143446,7933,69012,4985,135513,8825,4269,4556
23160,143477,7934,69026,4985,135543,8826,4270,4556
23165,143508,7935,69041,4986,135573,8827,4271,4556
23170,143539,7936,69054,4986,135603,8828,4271,4557
23175,143570,7937,69070,4986,135633,8829,4272,4557
23180,143601,7938,69077,4986,135663,8830,4273,4557
23185,143632,7939,69093,4986,135693,8831,4273,4558
23190,143663,7940,69108,4987,135723,8832,4273,4559
23195,143694,7941,69117,4987,135753,8834,4273,4561
23200,143725,7942,69129,4987,135783,8836,4274,4562
23205,143756,7943,69139,4987,135813,8839,4275,4564
23210,143787,7945,69153,4987,135842,8844,4277,4567
23215,143818,7949,69170,4990,135869,8848,4279,4569
23220,143849,7951,69184,4992,135898,8852,4281,4571
23225,143880,7953,69198,4993,135926,8854,4282,4572
23230,143911,7956,69210,4994,135955,8856,4283,4573
23235,143942,7959,69226,4995,135983,8858,4283,4575
23240,143973,7961,69243,4995,136012,8860,4283,4577
23245,144004,7963,69258,4997,136041,8862,4284,4578
23250,144035,7965,69272,4997,136070,8865,4286,4579
23255,144066,7968,69288,5000,136097,8868,4288,4580
23260,144097,7972,69302,5002,136125,8871,4291,4580
23265,144128,7974,69311,5003,136153,8874,4292,4582
23270,144159,7978,69328,5006,136180,8877,4295,4582
23275,144190,7981,69342,5007,136209,8880,4296,4584
23280,144221,7984,69355,5008,136237,8883,4296,4587
23285,144252,7985,69367,5009,136267,8888,4299,4589
23290,144283,7985,69382,5009,136298,8891,4302,4589
23295,144314,7985,69402,5009,136329,8894,4304,4590
23300,144345,7985,69413,5009,136360,8895,4305,4590
23305,144376,7985,69425,5009,136391,8896,4306,4590
23310,144407,7985,69439,5009,136422,8897,4306,4591
23315,144438,7985,69451,5009,136453,8898,4306,4592
23320,144469,7985,69461,5009,136484,8899,4306,4593
23325,144500,7987,69472,5010,136512,8901,4307,4594
23330,144531,7991,69487,5014,136539,8903,4308,4595
23335,144562,7994,69501,5016,136567,8905,4308,4597
23340,144593,7997,69517,5018,136596,8906,4309,4597
23345,144624,7999,69534,5019,136625,8907,4310,4597
23350,144655,8000,69552,5020,136655,8908,4311,4597
23355,144686,8000,69571,5020,136686,8909,4312,4597
23360,144717,8000,69583,5020,136717,8910,4312,4598
23365,144748,8000,69598,5020,136748,8911,4312,4599
23370,144779,8000,69611,5020,136779,8912,4312,4600
23375,144810,8000,69623,5020,136810,8913,4312,4601
23380,144841,8000,69641,5020,136841,8914,4312,4602
23385,144872,8000,69656,5020,136872,8916,4313,4603
23390,144903,8000,69671,5020,136903,8919,4314,4605
23395,144934,8000,69687,5020,136934,8923,4316,4607
23400,144965,8000,69701,5020,136965,8929,4318,4611
23405,144996,8003,69716,5023,136993,8935,4322,4613
23410,145027,8005,69729,5025,137022,8938,4323,4615
23415,145058,8006,69749,5025,137052,8941,4325,4616
23420,145089,8008,69767,5027,137081,8943,4326,4617
23425,145120,8009,69780,5028,137111,8945,4328,4617
23430,145151,8010,69791,5029,137141,8947,4328,4619
23435,145182,8012,69804,5030,137170,8949,4328,4621
23440,145213,8013,69820,5031,137200,8951,4328,4623
23445,145244,8015,69835,5032,137229,8953,4329,4624
23450,145275,8017,69850,5033,137257,8954,4329,4625
23455,145306,8020,69859,5035,137286,8955,4329,4626
23460,145337,8024,69882,5039,137313,8956,4330,4626
23465,145368,8027,69895,5042,137341,8956,4330,4626
23470,145399,8030,69909,5045,137369,8956,4330,4626
23475,145430,8033,69926,5047,137397,8956,4330,4626
23480,145461,8036,69940,5049,137424,8956,4330,4626
23485,145492,8040,69950,5051,137452,8956,4330,4626
23490,145523,8041,69964,5051,137482,8956,4330,4626
23495,145554,8042,69985,5052,137512,8956,4330,4626
23500,145585,8043,70002,5053,137542,8956,4330,4626
23505,145616,8044,70020,5053,137571,8956,4330,4626
23510,145647,8046,70040,5055,137601,8957,4330,4627
23515,145678,8047,70057,5056,137631,8958,4331,4627
23520,145709,8048,70071,5056,137661,8960,4332,4628
23525,145740,8050,70082,5056,137690,8961,4333,4628
23530,145771,8054,70098,5058,137717,8962,4334,4628
23535,145802,8057,70117,5060,137745,8963,4334,4629
23540,145833,8058,70132,5061,137775,8963,4334,4629
23545,145864,8059,70149,5062,137805,8963,4334,4629
23550,145895,8060,70161,5062,137835,8964,4335,4629
23555,145926,8061,70172,5063,137865,8965,4335,4630
23560,145957,8062,70189,5063,137895,8966,4335,4631
23565,145988,8063,70205,5064,137925,8968,4335,4633
23570,146019,8064,70217,5065,137955,8970,4336,4634
23575,146050,8065,70226,5065,137985,8973,4337,4636
23580,146081,8066,70246,5066,138015,8976,4338,4638
23585,146112,8068,70259,5067,138044,8977,4338,4639
23590,146143,8070,70275,5069,138073,8978,4339,4639
23595,146174,8071,70285,5069,138103,8979,4340,4639
23600,146205,8072,70300,5069,138133,8980,4340,4640
23605,146236,8073,70314,5070,138163,8981,4341,4640
23610,146267,8074,70326,5071,138193,8982,4341,4641
23615,146298,8075,70341,5072,138223,8983,4341,4642
23620,146329,8076,70361,5073,138253,8984,4342,4642
23625,146360,8077,70373,5074,138283,8985,4343,4642
23630,146391,8078,70389,5075,138313,8986,4344,4642
23635,146422,8079,70404,5075,138342,8987,4344,4643
23640,146453,8081,70420,5076,138371,8989,4345,4644
23645,146484,8083,70431,5077,138401,8991,4346,4645
23650,146515,8084,70453,5078,138431,8993,4348,4645
23655,146546,8086,70468,5080,138459,8995,4348,4647
23660,146577,8089,70486,5082,138488,8997,4350,4647
23665,146608,8090,70502,5082,138518,8999,4352,4647
23670,146639,8092,70517,5084,138547,9001,4352,4649
23675,146670,8093,70535,5085,138576,9003,4354,4649
23680,146701,8095,70551,5087,138606,9006,4355,4651
23685,146732,8095,70568,5087,138637,9010,4359,4651
23690,146763,8096,70586,5087,138667,9013,4362,4651
23695,146794,8097,70596,5087,138697,9017,4364,4653
23700,146825,8100,70605,5089,138725,9021,4365,4656
23705,146856,8101,70620,5090,138755,9022,4365,4657
23710,146887,8102,70636,5090,138785,9023,4365,4658
23715,146918,8103,70653,5090,138815,9024,4366,4658
23720,146949,8104,70670,5091,138845,9025,4366,4659
23725,146980,8105,70688,5092,138875,9026,4367,4659
23730,147011,8106,70701,5093,138905,9027,4367,4660
23735,147042,8107,70720,5094,138935,9028,4368,4660
23740,147073,8108,70732,5094,138965,9029,4368,4661
23745,147104,8109,70749,5095,138995,9030,4368,4662
23750,147135,8110,70771,5095,139025,9031,4369,4662
23755,147166,8111,70787,5096,139055,9032,4369,4663
23760,147197,8112,70800,5097,139085,9033,4369,4664
23765,147228,8113,70813,5097,139115,9034,4369,4665
23770,147259,8114,70824,5098,139145,9035,4369,4666
23775,147290,8115,70838,5098,139175,9036,4369,4667
23780,147321,8116,70854,5099,139205,9037,4369,4668
23785,147352,8118,70870,5100,139234,9038,4369,4669
23790,147383,8120,70885,5101,139263,9039,4369,4670
23795,147414,8123,70901,5102,139291,9040,4369,4671
23800,147445,8126,70919,5105,139319,9041,4370,4671
23805,147476,8129,70930,5106,139347,9044,4371,4673
23810,147507,8134,70944,5109,139373,9049,4375,4674
23815,147538,8139,70961,5113,139399,9056,4379,4677
23820,147569,8143,70977,5115,139425,9061,4381,4680
23825,147600,8144,70991,5116,139456,9063,4382,4681
23830,147631,8144,71006,5116,139487,9064,4382,4682
23835,147662,8144,71017,5116,139518,9065,4382,4683
23840,147693,8144,71035,5116,139549,9066,4383,4683
23845,147724,8144,71053,5116,139580,9067,4384,4683
23850,147755,8144,71063,5116,139611,9068,4385,4683
23855,147786,8144,71079,5116,139642,9069,4386,4683
23860,147817,8144,71092,5116,139673,9070,4386,4684
23865,147848,8144,71110,5116,139704,9071,4387,4684
23870,147879,8144,71125,5116,139735,9072,4388,4684
23875,147910,8144,71138,5116,139766,9073,4389,4684
23880,147941,8144,71147,5116,139797,9074,4389,4685
23885,147972,8145,71161,5117,139826,9074,4389,4685
23890,148003,8147,71178,5119,139855,9074,4389,4685
23895,148034,8149,71194,5121,139884,9074,4389,4685
23900,148065,8151,71205,5122,139914,9074,4389,4685
23905,148096,8152,71221,5123,139943,9074,4389,4685
23910,148127,8154,71233,5124,139973,9074,4389,4685
23915,148158,8155,71246,5124,140003,9074,4389,4685
23920,148189,8156,71265,5124,140032,9075,4390,4685
23925,148220,8161,71282,5128,140059,9078,4392,4686
23930,148251,8166,71295,5132,140085,9082,4392,4690
23935,148282,8170,71314,5134,140111,9087,4394,4693
23940,148313,8175,71323,5138,140137,9093,4395,4698
23945,148344,8177,71343,5140,140167,9097,4397,4700
23950,148375,8178,71360,5141,140197,9100,4399,4701
23955,148406,8179,71378,5142,140227,9102,4400,4702
23960,148437,8180,71392,5142,140257,9104,4402,4702
23965,148468,8181,71403,5142,140287,9105,4402,4703
23970,148499,8182,71420,5143,140317,9106,4402,4704
23975,148530,8183,71435,5143,140347,9107,4402,4705
23980,148561,8184,71449,5143,140377,9108,4403,4705
23985,148592,8185,71469,5144,140407,9109,4403,4706
23990,148623,8186,71485,5145,140437,9110,4403,4707
23995,148654,8187,71504,5145,140467,9111,4404,4707
24000,148685,8188,71521,5146,140497,9112,4404,4708
24005,148716,8189,71534,5146,140527,9113,4404,4709
24010,148747,8190,71547,5147,140557,9114,4404,4710
24015,148778,8191,71560,5147,140587,9115,4404,4711
24020,148809,8192,71572,5147,140617,9116,4404,4712
24025,148840,8193,71589,5147,140647,9117,4405,4712
24030,148871,8194,71604,5147,140677,9118,4406,4712
24035,148902,8195,71619,5148,140707,9119,4406,4713
24040,148933,8196,71634,5149,140737,9120,4406,4714
24045,148964,8197,71653,5150,140766,9122,4407,4715
24050,148995,8202,71665,5152,140792,9125,4408,4717
24055,149026,8207,71680,5154,140819,9129,4411,4718
24060,149057,8213,71690,5159,140844,9132,4411,4721
24065,149088,8215,71706,5161,140872,9135,4414,4721
24070,149119,8219,71721,5164,140899,9138,4416,4722
24075,149150,8222,71739,5166,140927,9140,4418,4722
24080,149181,8225,71755,5169,140956,9142,4419,4723
24085,149212,8226,71770,5170,140986,9144,4420,4724
24090,149243,8227,71787,5171,141016,9146,4422,4724
24095,149274,8228,71799,5172,141046,9148,4422,4726
24100,149305,8229,71808,5172,141076,9150,4423,4727
24105,149336,8230,71818,5172,141106,9152,4424,4728
24110,149367,8231,71832,5172,141136,9154,4425,4729
24115,149398,8232,71849,5172,141166,9156,4426,4730
24120,149429,8233,71864,5172,141196,9158,4427,4731
24125,149460,8234,71877,5172,141226,9160,4427,4733
24130,149491,8236,71891,5173,141255,9162,4428,4734
24135,149522,8237,71906,5174,141285,9164,4429,4735
24140,149553,8239,71917,5175,141314,9166,4429,4737
24145,149584,8240,71933,5176,141344,9168,4430,4738
24150,149615,8241,71945,5177,141374,9170,4431,4739
24155,149646,8241,71960,5177,141405,9172,4431,4741
24160,149677,8241,71971,5177,141436,9175,4432,4743
24165,149708,8241,71980,5177,141467,9178,4432,4746
24170,149739,8242,71992,5178,141497,9181,4432,4749
24175,149770,8244,72007,5179,141526,9183,4434,4749
24180,149801,8245,72023,5180,141556,9184,4434,4750
24185,149832,8247,72040,5182,141585,9185,4434,4751
24190,149863,8249,72054,5183,141613,9186,4434,4752
24195,149894,8253,72069,5186,141640,9187,4434,4753
24200,149925,8256,72083,5189,141668,9188,4435,4753
24205,149956,8261,72101,5194,141694,9189,4435,4754
24210,149987,8264,72115,5196,141722,9190,4435,4755
24215,150018,8267,72127,5198,141751,9191,4435,4756
24220,150049,8270,72143,5201,141778,9192,4436,4756
24225,150080,8274,72156,5204,141805,9193,4437,4756
24230,150111,8278,72172,5208,141832,9194,4438,4756
24235,150142,8282,72193,5212,141860,9195,4439,4756
24240,150173,8283,72208,5213,141890,9196,4440,4756
24245,150204,8284,72226,5213,141919,9197,4441,4756
24250,150235,8286,72236,5214,141949,9198,4441,4757
24255,150266,8287,72248,5214,141979,9199,4441,4758
24260,150297,8288,72260,5214,142009,9200,4441,4759
24265,150328,8289,72280,5215,142039,9202,4441,4761
24270,150359,8290,72292,5215,142069,9204,4442,4762
24275,150390,8292,72312,5217,142098,9208,4445,4763
24280,150421,8292,72327,5217,142129,9212,4445,4767
24285,150452,8292,72345,5217,142160,9216,4449,4767
24290,150483,8292,72358,5217,142191,9219,4451,4768
24295,150514,8294,72374,5218,142220,9220,4452,4768
24300,150545,8295,72390,5219,142250,9221,4453,4768
24305,150576,8298,72403,5220,142278,9222,4453,4769
24310,150607,8300,72412,5220,142306,9223,4454,4769
24315,150638,8304,72428,5223,142334,9224,4455,4769
24320,150669,8307,72439,5225,142362,9225,4455,4770
24325,150700,8311,72449,5227,142389,9226,4456,4770
24330,150731,8314,72459,5228,142417,9227,4456,4771
24335,150762,8315,72469,5228,142447,9228,4456,4772
24340,150793,8316,72483,5229,142476,9229,4456,4773
24345,150824,8318,72499,5230,142506,9230,4456,4774
24350,150855,8319,72511,5231,142536,9231,4456,4775
24355,150886,8320,72528,5232,142565,9232,4456,4776
24360,150917,8321,72542,5233,142596,9233,4457,4776
24365,150948,8321,72559,5233,142627,9234,4457,4777
24370,150979,8321,72575,5233,142658,9236,4459,4777
24375,151010,8321,72595,5233,142689,9237,4460,4777
24380,151041,8321,72606,5233,142720,9238,4460,4778
24385,151072,8321,72621,5233,142751,9239,4460,4779
24390,151103,8321,72631,5233,142782,9241,4462,4779
24395,151134,8321,72643,5233,142813,9246,4465,4781
24400,151165,8321,72661,5233,142844,9251,4469,4782
24405,151196,8321,72680,5233,142875,9254,4470,4784
24410,151227,8322,72694,5234,142905,9256,4472,4784
24415,151258,8324,72712,5236,142934,9258,4474,4784
24420,151289,8325,72724,5237,142964,9260,4474,4786
24425,151320,8328,72742,5239,142991,9261,4474,4787
24430,151351,8333,72756,5243,143018,9262,4474,4788
24435,151382,8337,72772,5245,143045,9263,4475,4788
24440,151413,8341,72787,5249,143072,9264,4475,4789
24445,151444,8343,72802,5251,143101,9265,4475,4790
24450,151475,8345,72815,5251,143129,9266,4475,4791
24455,151506,8348,72831,5253,143157,9267,4476,4791
24460,151537,8351,72843,5254,143186,9267,4476,4791
24465,151568,8353,72855,5254,143214,9267,4476,4791
24470,151599,8356,72867,5256,143243,9267,4476,4791
24475,151630,8357,72882,5256,143273,9268,4476,4792
24480,151661,8358,72898,5256,143303,9269,4476,4793
24485,151692,8359,72913,5257,143333,9271,4477,4794
24490,151723,8360,72931,5258,143363,9273,4477,4796
24495,151754,8361,72952,5259,143393,9275,4478,4797
24500,151785,8362,72971,5260,143423,9277,4479,4798
24505,151816,8363,72983,5261,143453,9279,4480,4799
24510,151847,8364,73000,5261,143483,9282,4482,4800
24515,151878,8365,73018,5261,143513,9285,4484,4801
24520,151909,8366,73030,5262,143543,9288,4486,4802
24525,151940,8368,73049,5264,143572,9292,4489,4803
24530,151971,8370,73064,5266,143601,9298,4491,4807
24535,152002,8371,73085,5267,143631,9304,4495,4809
24540,152033,8371,73102,5267,143662,9309,4498,4811
24545,152064,8372,73120,5268,143691,9311,4500,4811
24550,152095,8375,73134,5271,143719,9312,4500,4812
24555,152126,8379,73146,5273,143747,9313,4501,4812
24560,152157,8381,73161,5273,143775,9315,4502,4813
24565,152188,8384,73171,5275,143803,9317,4502,4815
24570,152219,8387,73188,5277,143831,9319,4504,4815
24575,152250,8391,73202,5280,143858,9321,4504,4817
24580,152281,8395,73218,5284,143886,9323,4504,4819
24585,152312,8397,73227,5284,143915,9325,4504,4821
24590,152343,8399,73248,5286,143943,9327,4506,4821
24595,152374,8402,73262,5287,143972,9329,4506,4823
24600,152405,8404,73274,5289,144001,9331,4507,4824
24605,152436,8405,73289,5290,144031,9335,4510,4825
24610,152467,8406,73301,5290,144061,9339,4511,4828
24615,152498,8408,73316,5292,144090,9343,4513,4830
24620,152529,8410,73332,5294,144119,9347,4517,4830
24625,152560,8413,73350,5297,144147,9351,4517,4834
24630,152591,8416,73368,5299,144175,9355,4520,4835
24635,152622,8416,73384,5299,144206,9359,4524,4835
24640,152653,8416,73401,5299,144237,9362,4526,4836
24645,152684,8417,73416,5299,144267,9364,4526,4838
24650,152715,8418,73432,5300,144297,9368,4527,4841
24655,152746,8419,73448,5301,144326,9372,4528,4844
24660,152777,8421,73462,5303,144355,9376,4528,4848
24665,152808,8424,73473,5305,144384,9378,4528,4850
24670,152839,8426,73490,5305,144412,9379,4528,4851
24675,152870,8429,73506,5308,144441,9380,4528,4852
24680,152901,8431,73521,5308,144469,9381,4528,4853
24685,152932,8434,73537,5310,144497,9382,4529,4853
24690,152963,8437,73552,5312,144526,9383,4529,4854
24695,152994,8439,73561,5313,144555,9384,4529,4855
24700,153025,8441,73573,5314,144583,9385,4530,4855
24705,153056,8444,73588,5317,144612,9386,4530,4856
24710,153087,8447,73604,5320,144640,9387,4531,4856
24715,153118,8449,73621,5321,144669,9388,4532,4856
24720,153149,8452,73631,5323,144697,9389,4532,4857
24725,153180,8454,73650,5325,144726,9392,4534,4858
24730,153211,8456,73663,5327,144755,9394,4535,4859
24735,153242,8458,73679,5327,144784,9395,4535,4860
24740,153273,8461,73693,5329,144812,9397,4536,4861
24745,153304,8463,73705,5330,144841,9399,4537,4862
24750,153335,8466,73717,5331,144869,9402,4539,4863
24755,153366,8468,73730,5332,144898,9405,4541,4864
24760,153397,8470,73742,5333,144927,9408,4541,4867
24765,153428,8472,73758,5333,144956,9411,4541,4870
24770,153459,8475,73770,5335,144984,9414,4542,4872
24775,153490,8478,73784,5336,145012,9418,4544,4874
24780,153521,8481,73796,5337,145040,9422,4545,4877
24785,153552,8483,73812,5339,145068,9425,4545,4880
24790,153583,8486,73826,5340,145096,9426,4546,4880
24795,153614,8490,73844,5343,145124,9426,4546,4880
24800,153645,8492,73858,5345,145153,9426,4546,4880
24805,153676,8493,73872,5346,145183,9426,4546,4880
24810,153707,8494,73883,5346,145213,9426,4546,4880
24815,153738,8495,73902,5347,145243,9426,4546,4880
24820,153769,8496,73919,5347,145273,9426,4546,4880
24825,153800,8497,73928,5347,145303,9426,4546,4880
24830,153831,8498,73945,5348,145333,9426,4546,4880
24835,153862,8500,73958,5349,145362,9428,4548,4880
24840,153893,8501,73972,5349,145392,9430,4549,4881
24845,153924,8503,73989,5351,145421,9432,4550,4882
24850,153955,8504,73997,5351,145451,9434,4551,4883
24855,153986,8505,74010,5352,145481,9436,4551,4885
24860,154017,8506,74024,5352,145511,9438,4552,4886
24865,154048,8507,74039,5353,145541,9439,4553,4886
24870,154079,8509,74056,5355,145570,9440,4553,4887
24875,154110,8510,74066,5355,145600,9441,4553,4888
24880,154141,8511,74079,5355,145630,9442,4554,4888
24885,154172,8512,74097,5355,145660,9443,4554,4889
24890,154203,8513,74107,5355,145690,9445,4556,4889
24895,154234,8514,74120,5355,145720,9448,4556,4892
24900,154265,8515,74136,5355,145750,9452,4557,4895
24905,154296,8517,74153,5357,145779,9456,4560,4896
24910,154327,8520,74171,5360,145807,9459,4561,4898
24915,154358,8524,74188,5364,145834,9462,4562,4900
24920,154389,8527,74202,5366,145861,9465,4562,4903
24925,154420,8530,74213,5368,145890,9466,4563,4903
24930,154451,8531,74229,5368,145920,9467,4564,4903
24935,154482,8532,74241,5369,145950,9468,4564,4904
24940,154513,8533,74260,5369,145980,9469,4564,4905
24945,154544,8534,74270,5369,146010,9470,4564,4906
24950,154575,8535,74282,5370,146040,9471,4564,4907
24955,154606,8536,74299,5371,146069,9472,4565,4907
24960,154637,8538,74315,5372,146098,9473,4566,4907
24965,154668,8541,74330,5374,146127,9476,4569,4907
24970,154699,8543,74348,5375,146156,9477,4569,4908
24975,154730,8546,74364,5378,146184,9478,4569,4909
24980,154761,8548,74372,5378,146213,9479,4570,4909
24985,154792,8550,74385,5379,146242,9480,4570,4910
24990,154823,8553,74398,5382,146270,9481,4570,4911
24995,154854,8556,74414,5384,146298,9482,4570,4912
25000,154885,8559,74429,5385,146326,9483,4571,4912
25005,154916,8561,74444,5385,146355,9484,4571,4913
25010,154947,8564,74455,5387,146383,9485,4572,4913
25015,154978,8566,74473,5389,146412,9486,4572,4914
25020,155009,8569,74482,5391,146440,9488,4574,4914
25025,155040,8569,74495,5391,146471,9490,4575,4915
25030,155071,8570,74510,5392,146501,9492,4575,4917
25035,155102,8573,74522,5394,146529,9494,4576,4918
25040,155133,8574,74538,5394,146559,9496,4578,4918
25045,155164,8576,74553,5395,146588,9497,4578,4919
25050,155195,8578,74566,5397,146617,9498,4578,4920
25055,155226,8580,74585,5398,146646,9499,4578,4921
25060,155257,8583,74597,5401,146674,9500,4579,4921
25065,155288,8585,74610,5402,146703,9501,4579,4922
25070,155319,8587,74628,5403,146732,9503,4580,4923
25075,155350,8589,74640,5405,146761,9506,4582,4924
25080,155381,8591,74659,5407,146790,9510,4585,4925
25085,155412,8591,74673,5407,146821,9514,4588,4926
25090,155443,8591,74691,5407,146852,9518,4591,4927
25095,155474,8591,74713,5407,146883,9521,4593,4928
25100,155505,8591,74724,5407,146914,9524,4595,4929
25105,155536,8591,74737,5407,146945,9526,4597,4929
25110,155567,8591,74755,5407,146976,9527,4598,4929
25115,155598,8591,74773,5407,147007,9528,4598,4930
25120,155629,8591,74787,5407,147038,9529,4599,4930
25125,155660,8592,74801,5408,147068,9530,4600,4930
25130,155691,8594,74814,5409,147097,9531,4600,4931
25135,155722,8596,74828,5410,147126,9532,4601,4931
25140,155753,8598,74840,5410,147155,9533,4602,4931
25145,155784,8603,74854,5414,147181,9535,4602,4933
25150,155815,8608,74869,5417,147206,9537,4603,4934
25155,155846,8614,74885,5420,147231,9539,4603,4936
25160,155877,8620,74905,5426,147256,9541,4603,4938
25165,155908,8623,74918,5429,147285,9542,4604,4938
25170,155939,8625,74934,5430,147313,9543,4605,4938
25175,155970,8628,74953,5432,147341,9544,4606,4938
25180,156001,8631,74969,5435,147370,9545,4607,4938
25185,156032,8633,74988,5437,147398,9546,4608,4938
25190,156063,8636,75003,5439,147427,9548,4608,4940
25195,156094,8637,75021,5440,147457,9551,4610,4941
25200,156125,8638,75037,5440,147487,9554,4612,4942
25205,156156,8639,75049,5441,147517,9557,4613,4944
25210,156187,8640,75063,5441,147547,9560,4615,4945
25215,156218,8641,75080,5441,147577,9563,4616,4947
25220,156249,8642,75093,5441,147607,9565,4617,4948
25225,156280,8643,75106,5442,147637,9567,4619,4948
25230,156311,8644,75121,5443,147667,9569,4620,4949
25235,156342,8645,75138,5443,147697,9571,4620,4951
25240,156373,8646,75150,5444,147727,9573,4621,4952
25245,156404,8647,75165,5445,147757,9575,4622,4953
25250,156435,8648,75178,5446,147787,9577,4624,4953
25255,156466,8649,75192,5446,147817,9579,4626,4953
25260,156497,8651,75207,5447,147846,9581,4627,4954
25265,156528,8651,75218,5447,147877,9585,4629,4956
25270,156559,8653,75235,5448,147906,9588,4631,4957
25275,156590,8654,75251,5449,147936,9590,4632,4958
25280,156621,8655,75269,5450,147966,9592,4633,4959
25285,156652,8656,75279,5450,147996,9594,4634,4960
25290,156683,8658,75298,5451,148024,9596,4634,4962
25295,156714,8661,75315,5454,148052,9598,4635,4963
25300,156745,8666,75333,5459,148078,9599,4635,4964
25305,156776,8670,75352,5463,148106,9600,4635,4965
25310,156807,8673,75368,5465,148133,9601,4635,4966
25315,156838,8676,75390,5468,148161,9603,4637,4966
25320,156869,8681,75410,5473,148188,9605,4638,4967
25325,156900,8684,75428,5475,148216,9606,4639,4967
25330,156931,8687,75437,5475,148244,9606,4639,4967
25335,156962,8690,75448,5476,148272,9606,4639,4967
25340,156993,8693,75462,5477,148300,9606,4639,4967
25345,157024,8696,75476,5478,148328,9606,4639,4967
25350,157055,8699,75494,5480,148356,9606,4639,4967
25355,157086,8702,75509,5481,148384,9606,4639,4967
25360,157117,8705,75526,5481,148412,9606,4639,4967
25365,157148,8708,75538,5482,148440,9606,4639,4967
25370,157179,8711,75554,5483,148468,9607,4639,4968
25375,157210,8714,75568,5483,148496,9609,4641,4968
25380,157241,8718,75589,5487,148523,9611,4642,4969
25385,157272,8718,75606,5487,148554,9615,4644,4971
25390,157303,8718,75621,5487,148585,9616,4645,4971
25395,157334,8718,75632,5487,148616,9617,4645,4972
25400,157365,8718,75643,5487,148647,9618,4645,4973
25405,157396,8718,75658,5487,148678,9619,4646,4973
25410,157427,8718,75676,5487,148709,9620,4647,4973
25415,157458,8718,75695,5487,148740,9621,4647,4974
25420,157489,8718,75712,5487,148771,9622,4647,4975
25425,157520,8718,75729,5487,148802,9623,4647,4976
25430,157551,8718,75745,5487,148833,9624,4648,4976
25435,157582,8718,75759,5487,148864,9625,4649,4976
25440,157613,8718,75770,5487,148895,9626,4649,4977
25445,157644,8718,75782,5487,148926,9627,4649,4978
25450,157675,8718,75796,5487,148957,9628,4650,4978
25455,157706,8718,75810,5487,148988,9629,4650,4979
25460,157737,8718,75825,5487,149019,9630,4650,4980
25465,157768,8718,75845,5487,149050,9631,4651,4980
25470,157799,8718,75861,5487,149081,9632,4652,4980
25475,157830,8718,75874,5487,149112,9633,4652,4981
25480,157861,8718,75884,5487,149143,9634,4653,4981
25485,157892,8718,75898,5487,149173,9635,4654,4981
25490,157923,8724,75910,5491,149198,9641,4657,4984
25495,157954,8728,75929,5493,149225,9646,4659,4987
25500,157985,8732,75938,5494,149253,9650,4661,4989
25505,158016,8737,75954,5497,149279,9652,4662,4990
25510,158047,8740,75965,5497,149307,9654,4662,4992
25515,158078,8743,75979,5498,149335,9656,4664,4992
25520,158109,8748,75995,5501,149361,9658,4666,4992
25525,158140,8753,76016,5506,149387,9660,4667,4993
25530,158171,8757,76030,5509,149414,9662,4668,4994
25535,158202,8759,76043,5510,149443,9664,4669,4995
25540,158233,8762,76054,5513,149471,9666,4670,4996
25545,158264,8764,76070,5515,149500,9667,4671,4996
25550,158295,8766,76082,5516,149529,9668,4672,4996
25555,158326,8768,76094,5518,149558,9669,4673,4996
25560,158357,8770,76106,5518,149587,9670,4674,4996
25565,158388,8772,76121,5520,149616,9672,4676,4996
25570,158419,8774,76137,5522,149645,9673,4677,4996
25575,158450,8776,76155,5524,149674,9674,4677,4997
25580,158481,8778,76170,5524,149703,9675,4678,4997
25585,158512,8780,76183,5526,149732,9676,4678,4998
25590,158543,8782,76199,5527,149761,9677,4679,4998
25595,158574,8784,76214,5528,149790,9678,4679,4999
25600,158605,8786,76226,5529,149819,9679,4680,4999
25605,158636,8789,76238,5531,149847,9680,4681,4999
25610,158667,8792,76251,5532,149875,9683,4683,5000
25615,158698,8796,76266,5536,149902,9687,4684,5003
25620,158729,8800,76281,5538,149929,9690,4686,5004
25625,158760,8802,76293,5539,149958,9692,4687,5005
25630,158791,8804,76308,5541,149987,9694,4688,5006
25635,158822,8805,76321,5542,150017,9695,4689,5006
25640,158853,8806,76337,5542,150047,9697,4690,5007
25645,158884,8807,76353,5543,150077,9699,4691,5008
25650,158915,8808,76368,5543,150107,9701,4691,5010
25655,158946,8809,76381,5544,150137,9703,4693,5010
25660,158977,8811,76398,5545,150166,9705,4695,5010
25665,159008,8813,76411,5546,150195,9707,4696,5011
25670,159039,8816,76430,5548,150223,9709,4697,5012
25675,159070,8818,76453,5550,150252,9711,4699,5012
25680,159101,8818,76465,5550,150283,9713,4699,5014
25685,159132,8818,76478,5550,150314,9715,4700,5015
25690,159163,8818,76497,5550,150345,9717,4701,5016
25695,159194,8818,76513,5550,150376,9718,4702,5016
25700,159225,8818,76525,5550,150407,9719,4702,5017
25705,159256,8818,76544,5550,150438,9720,4702,5018
25710,159287,8818,76561,5550,150469,9720,4702,5018
25715,159318,8818,76579,5550,150500,9720,4702,5018
25720,159349,8818,76594,5550,150531,9721,4702,5019
25725,159380,8819,76607,5550,150561,9724,4704,5020
25730,159411,8820,76622,5551,150591,9727,4706,5021
25735,159442,8823,76639,5554,150619,9729,4707,5022
25740,159473,8826,76653,5556,150646,9731,4709,5022
25745,159504,8830,76669,5559,150674,9732,4710,5022
25750,159535,8834,76685,5563,150701,9733,4711,5022
25755,159566,8838,76696,5567,150728,9734,4711,5023
25760,159597,8840,76713,5567,150757,9735,4712,5023
25765,159628,8843,76727,5569,150785,9736,4712,5024
25770,159659,8845,76740,5570,150813,9737,4713,5024
25775,159690,8848,76754,5572,150842,9738,4714,5024
25780,159721,8850,76768,5574,150871,9739,4715,5024
25785,159752,8852,76781,5574,150900,9740,4716,5024
25790,159783,8854,76794,5575,150928,9741,4716,5025
25795,159814,8858,76810,5577,150956,9743,4717,5026
25800,159845,8860,76828,5579,150985,9746,4719,5027
25805,159876,8863,76838,5580,151013,9750,4719,5031
25810,159907,8866,76851,5581,151041,9754,4721,5033
25815,159938,8869,76865,5582,151069,9758,4724,5034
25820,159969,8872,76881,5583,151097,9761,4725,5036
25825,160000,8874,76893,5584,151125,9763,4726,5037
25830,160031,8877,76911,5587,151153,9765,4728,5037
25835,160062,8880,76925,5589,151182,9767,4729,5038
25840,160093,8883,76942,5591,151210,9770,4730,5040
25845,160124,8886,76959,5593,151238,9773,4732,5041
25850,160155,8886,76975,5593,151269,9777,4734,5043
25855,160186,8886,76990,5593,151300,9781,4737,5044
25860,160217,8886,77005,5593,151331,9784,4738,5046
25865,160248,8886,77016,5593,151362,9788,4739,5049
25870,160279,8886,77031,5593,151393,9789,4739,5050
25875,160310,8886,77048,5593,151424,9790,4739,5051
25880,160341,8886,77058,5593,151455,9791,4739,5052
25885,160372,8886,77074,5593,151486,9792,4739,5053
25890,160403,8886,77088,5593,151517,9793,4739,5054
25895,160434,8886,77100,5593,151548,9794,4739,5055
25900,160465,8887,77115,5593,151578,9795,4739,5056
25905,160496,8888,77134,5594,151608,9796,4740,5056
25910,160527,8889,77153,5595,151638,9797,4741,5056
25915,160558,8890,77170,5596,151668,9798,4742,5056
25920,160589,8891,77179,5597,151698,9799,4742,5057
25925,160620,8892,77193,5597,151728,9800,4743,5057
25930,160651,8893,77213,5598,151758,9802,4744,5058
25935,160682,8894,77226,5599,151788,9804,4745,5059
25940,160713,8895,77244,5600,151818,9806,4746,5060
25945,160744,8896,77259,5600,151848,9808,4746,5062
25950,160775,8898,77273,5601,151877,9810,4747,5063
25955,160806,8902,77289,5604,151904,9812,4748,5064
25960,160837,8906,77305,5606,151931,9814,4750,5064
25965,160868,8910,77318,5607,151958,9816,4751,5065
25970,160899,8914,77333,5610,151985,9822,4755,5067
25975,160930,8917,77345,5611,152013,9828,4757,5071
25980,160961,8921,77360,5614,152040,9834,4760,5074
25985,160992,8926,77374,5619,152066,9836,4761,5075
25990,161023,8928,77388,5621,152095,9838,4761,5077
25995,161054,8929,77405,5622,152125,9840,4762,5078
26000,161085,8931,77420,5623,152154,9842,4764,5078
26005,161116,8932,77430,5623,152184,9844,4764,5080
26010,161147,8934,77443,5624,152213,9845,4764,5081
26015,161178,8935,77456,5624,152243,9846,4765,5081
26020,161209,8937,77476,5626,152272,9847,4766,5081
26025,161240,8938,77489,5627,152302,9848,4766,5082
26030,161271,8940,77506,5629,152331,9849,4767,5082
26035,161302,8941,77521,5630,152361,9850,4768,5082
26040,161333,8942,77539,5631,152391,9851,4769,5082
26045,161364,8943,77559,5632,152421,9851,4769,5082
26050,161395,8943,77568,5632,152452,9851,4769,5082
26055,161426,8943,77582,5632,152483,9851,4769,5082
26060,161457,8943,77598,5632,152514,9851,4769,5082
26065,161488,8943,77612,5632,152545,9851,4769,5082
26070,161519,8943,77628,5632,152576,9851,4769,5082
26075,161550,8943,77641,5632,152607,9851,4769,5082
26080,161581,8943,77654,5632,152638,9851,4769,5082
26085,161612,8943,77665,5632,152669,9852,4770,5082
26090,161643,8943,77677,5632,152700,9855,4771,5084
26095,161674,8943,77692,5632,152731,9858,4773,5085
26100,161705,8945,77705,5634,152760,9859,4774,5085
26105,161736,8947,77722,5636,152789,9860,4775,5085
26110,161767,8949,77735,5637,152818,9862,4775,5087
26115,161798,8951,77752,5639,152847,9864,4776,5088
26120,161829,8951,77764,5639,152878,9866,4777,5089
26125,161860,8951,77779,5639,152909,9868,4779,5089
26130,161891,8951,77793,5639,152940,9870,4781,5089
26135,161922,8951,77808,5639,152971,9872,4782,5090
26140,161953,8951,77823,5639,153002,9874,4782,5092
26145,161984,8951,77840,5639,153033,9876,4784,5092
26150,162015,8952,77858,5640,153063,9878,4785,5093
26155,162046,8954,77871,5641,153092,9880,4785,5095
26160,162077,8956,77890,5643,153121,9882,4786,5096
26165,162108,8960,77910,5646,153148,9887,4790,5097
26170,162139,8965,77929,5650,153174,9891,4792,5099
26175,162170,8970,77945,5654,153200,9893,4794,5099
26180,162201,8970,77958,5654,153231,9895,4795,5100
26185,162232,8970,77976,5654,153262,9897,4795,5102
26190,162263,8970,77994,5654,153293,9899,4796,5103
26195,162294,8970,78010,5654,153324,9901,4797,5104
26200,162325,8970,78028,5654,153355,9904,4799,5105
26205,162356,8970,78039,5654,153386,9907,4800,5107
26210,162387,8971,78053,5654,153416,9909,4800,5109
26215,162418,8972,78067,5655,153446,9911,4801,5110
26220,162449,8974,78079,5656,153475,9913,4802,5111
26225,162480,8977,78097,5659,153503,9915,4803,5112
26230,162511,8979,78114,5660,153532,9917,4803,5114
26235,162542,8980,78126,5660,153562,9919,4804,5115
26240,162573,8982,78140,5661,153591,9921,4805,5116
26245,162604,8984,78155,5663,153620,9923,4806,5117
26250,162635,8985,78177,5664,153650,9924,4806,5118
26255,162666,8985,78197,5664,153681,9925,4807,5118
26260,162697,8985,78209,5664,153712,9926,4808,5118
26265,162728,8985,78223,5664,153743,9927,4809,5118
26270,162759,8985,78244,5664,153774,9929,4810,5119
26275,162790,8985,78258,5664,153805,9931,4811,5120
26280,162821,8986,78275,5664,153835,9935,4814,5121
26285,162852,8988,78289,5664,153863,9936,4815,5121
26290,162883,8992,78300,5666,153890,9937,4815,5122
26295,162914,8994,78320,5668,153919,9938,4816,5122
26300,162945,8996,78333,5669,153948,9939,4816,5123
26305,162976,8998,78345,5670,153978,9940,4816,5124
26310,163007,8999,78361,5670,154008,9943,4817,5126
26315,163038,9000,78378,5671,154037,9945,4817,5128
26320,163069,9002,78393,5673,154066,9947,4819,5128
26325,163100,9004,78406,5675,154096,9949,4819,5130
26330,163131,9006,78427,5677,154124,9951,4820,5131
26335,163162,9009,78442,5680,154152,9953,4820,5133
26340,163193,9011,78453,5682,154182,9955,4820,5135
26345,163224,9011,78469,5682,154213,9957,4822,5135
26350,163255,9011,78483,5682,154244,9960,4823,5137
26355,163286,9011,78501,5682,154275,9963,4825,5138
26360,163317,9012,78514,5682,154305,9965,4827,5138
26365,163348,9014,78531,5683,154334,9967,4829,5138
26370,163379,9015,78540,5683,154364,9969,4831,5138
26375,163410,9017,78557,5684,154393,9971,4833,5138
26380,163441,9018,78571,5685,154423,9973,4834,5139
26385,163472,9019,78590,5686,154453,9977,4838,5139
26390,163503,9021,78602,5687,154482,9981,4840,5141
26395,163534,9024,78618,5689,154510,9985,4842,5143
26400,163565,9026,78632,5690,154539,9989,4844,5145
26405,163596,9029,78649,5693,154567,9990,4844,5146
26410,163627,9032,78671,5696,154595,9990,4844,5146
26415,163658,9034,78690,5697,154624,9990,4844,5146
26420,163689,9037,78707,5699,154652,9990,4844,5146
26425,163720,9040,78722,5701,154680,9990,4844,5146
26430,163751,9041,78743,5702,154710,9990,4844,5146
26435,163782,9042,78760,5703,154740,9990,4844,5146
26440,163813,9043,78779,5703,154770,9990,4844,5146
26445,163844,9044,78791,5703,154800,9990,4844,5146
26450,163875,9045,78807,5704,154829,9991,4845,5146
26455,163906,9047,78823,5706,154858,9992,4845,5147
26460,163937,9049,78829,5707,154888,9993,4845,5148
26465,163968,9050,78845,5708,154917,9995,4846,5149
26470,163999,9053,78858,5710,154945,9997,4847,5150
26475,164030,9055,78873,5712,154974,9998,4847,5151
26480,164061,9057,78888,5713,155004,9998,4847,5151
26485,164092,9058,78899,5713,155034,9998,4847,5151
26490,164123,9059,78914,5714,155064,9998,4847,5151
26495,164154,9060,78932,5714,155093,9998,4847,5151
26500,164185,9062,78948,5715,155123,9998,4847,5151
26505,164216,9063,78964,5716,155153,9999,4848,5151
26510,164247,9065,78981,5716,155182,10002,4850,5152
26515,164278,9068,78995,5718,155210,10005,4852,5153
26520,164309,9071,79012,5720,155238,10008,4852,5156
26525,164340,9072,79024,5720,155268,10012,4854,5158
26530,164371,9075,79039,5721,155296,10016,4856,5160
26535,164402,9078,79052,5723,155324,10019,4858,5161
26540,164433,9080,79069,5724,155353,10022,4860,5162
26545,164464,9082,79086,5725,155381,10024,4861,5163
26550,164495,9086,79100,5728,155409,10026,4862,5164
26555,164526,9089,79118,5730,155437,10028,4863,5165
26560,164557,9091,79138,5732,155465,10030,4865,5165
26565,164588,9094,79153,5735,155493,10031,4866,5165
26570,164619,9096,79168,5736,155523,10032,4866,5166
26575,164650,9098,79181,5738,155552,10035,4867,5168
26580,164681,9099,79191,5739,155582,10038,4868,5170
26585,164712,9101,79207,5741,155610,10042,4870,5172
26590,164743,9104,79225,5744,155638,10043,4870,5173
26595,164774,9107,79239,5746,155667,10044,4870,5174
26600,164805,9108,79250,5746,155697,10045,4871,5174
26605,164836,9109,79261,5746,155726,10046,4871,5175
26610,164867,9111,79275,5747,155756,10047,4872,5175
26615,164898,9112,79290,5747,155786,10048,4872,5176
26620,164929,9113,79305,5748,155815,10049,4872,5177
26625,164960,9115,79318,5749,155845,10050,4872,5178
26630,164991,9115,79337,5749,155876,10051,4873,5178
26635,165022,9115,79348,5749,155907,10052,4873,5179
26640,165053,9115,79360,5749,155938,10054,4874,5180
26645,165084,9116,79375,5750,155968,10057,4876,5181
26650,165115,9117,79391,5750,155998,10060,4877,5183
26655,165146,9118,79411,5750,156028,10063,4880,5183
26660,165177,9119,79424,5750,156058,10066,4882,5184
26665,165208,9120,79437,5750,156088,10068,4882,5186
26670,165239,9121,79452,5751,156118,10071,4885,5186
26675,165270,9122,79470,5751,156148,10074,4888,5186
26680,165301,9123,79483,5752,156178,10077,4889,5188
26685,165332,9125,79500,5754,156207,10080,4892,5188
26690,165363,9127,79515,5756,156235,10085,4895,5190
26695,165394,9132,79533,5761,156262,10091,4897,5194
26700,165425,9135,79543,5762,156290,10097,4898,5199
26705,165456,9136,79553,5763,156320,10100,4899,5201
26710,165487,9137,79568,5764,156350,10102,4900,5202
26715,165518,9138,79581,5765,156380,10103,4900,5203
26720,165549,9139,79591,5765,156410,10104,4901,5203
26725,165580,9140,79605,5765,156440,10105,4901,5204
26730,165611,9141,79620,5766,156470,10106,4901,5205
26735,165642,9142,79632,5766,156500,10107,4901,5206
26740,165673,9143,79642,5766,156530,10108,4902,5206
26745,165704,9144,79658,5767,156560,10109,4902,5207
26750,165735,9145,79677,5767,156590,10110,4902,5208
26755,165766,9146,79694,5767,156620,10111,4902,5209
26760,165797,9147,79706,5767,156650,10112,4902,5210
26765,165828,9148,79719,5768,156680,10114,4902,5212
26770,165859,9149,79736,5769,156710,10117,4905,5212
26775,165890,9150,79753,5770,156740,10120,4907,5213
26780,165921,9151,79771,5771,156770,10123,4908,5215
26785,165952,9152,79787,5772,156800,10126,4910,5216
26790,165983,9153,79805,5773,156830,10129,4912,5217
26795,166014,9154,79820,5773,156860,10132,4914,5218
26800,166045,9155,79840,5774,156890,10135,4916,5219
26805,166076,9157,79855,5776,156919,10139,4918,5221
26810,166107,9161,79866,5779,156946,10143,4918,5225
26815,166138,9164,79878,5781,156974,10148,4920,5228
26820,166169,9168,79895,5784,157001,10151,4921,5230
26825,166200,9171,79911,5787,157029,10152,4921,5231
26830,166231,9173,79928,5788,157058,10154,4923,5231
26835,166262,9175,79943,5790,157087,10156,4924,5232
26840,166293,9179,79963,5793,157113,10158,4925,5233
26845,166324,9183,79981,5797,157141,10160,4926,5234
26850,166355,9185,79995,5799,157170,10162,4926,5236
26855,166386,9186,80010,5800,157200,10164,4927,5237
26860,166417,9187,80023,5801,157230,10166,4927,5239
26865,166448,9188,80038,5802,157260,10168,4927,5241
26870,166479,9189,80056,5802,157290,10170,4929,5241
26875,166510,9191,80069,5803,157319,10171,4929,5242
26880,166541,9191,80087,5803,157350,10172,4930,5242
26885,166572,9191,80101,5803,157381,10176,4930,5246
26890,166603,9191,80113,5803,157412,10179,4932,5247
26895,166634,9191,80129,5803,157443,10179,4932,5247
26900,166665,9191,80143,5803,157474,10179,4932,5247
26905,166696,9191,80157,5803,157505,10179,4932,5247
26910,166727,9191,80170,5803,157536,10179,4932,5247
26915,166758,9191,80189,5803,157567,10179,4932,5247
26920,166789,9191,80206,5803,157598,10179,4932,5247
26925,166820,9191,80222,5803,157628,10179,4932,5247
26930,166851,9194,80238,5805,157656,10180,4932,5248
26935,166882,9197,80250,5807,157685,10181,4932,5249
26940,166913,9199,80261,5808,157714,10182,4932,5250
26945,166944,9200,80276,5809,157744,10183,4932,5251
26950,166975,9201,80294,5810,157774,10184,4933,5251
26955,167006,9203,80309,5812,157803,10185,4933,5252
26960,167037,9205,80324,5812,157832,10186,4934,5252
26965,167068,9207,80341,5813,157861,10187,4934,5253
26970,167099,9209,80360,5813,157890,10188,4935,5253
26975,167130,9211,80373,5814,157919,10189,4935,5254
26980,167161,9213,80391,5816,157948,10190,4935,5255
26985,167192,9216,80404,5817,157976,10192,4936,5256
26990,167223,9219,80417,5820,158004,10195,4937,5258
26995,167254,9222,80437,5823,158032,10201,4942,5259
27000,167285,9225,80454,5825,158060,10208,4947,5261
27005,167316,9227,80466,5826,158089,10213,4948,5265
27010,167347,9229,80476,5827,158118,10216,4950,5266
27015,167378,9231,80485,5827,158147,10218,4951,5267
27020,167409,9233,80504,5828,158176,10219,4952,5267
27025,167440,9235,80519,5830,158205,10220,4952,5268
27030,167471,9237,80532,5832,158234,10221,4952,5269
27035,167502,9239,80546,5832,158263,10222,4952,5270
27040,167533,9241,80558,5832,158292,10223,4953,5270
27045,167564,9243,80572,5833,158321,10224,4953,5271
27050,167595,9246,80590,5835,158349,10225,4954,5271
27055,167626,9249,80604,5837,158377,10226,4954,5272
27060,167657,9253,80623,5839,158404,10227,4954,5273
27065,167688,9254,80634,5839,158434,10228,4955,5273
27070,167719,9256,80646,5840,158463,10229,4955,5274
27075,167750,9258,80661,5841,158492,10230,4956,5274
27080,167781,9258,80674,5841,158523,10231,4956,5275
27085,167812,9258,80691,5841,158554,10232,4956,5276
27090,167843,9258,80704,5841,158585,10233,4956,5277
27095,167874,9258,80723,5841,158616,10234,4957,5277
27100,167905,9258,80732,5841,158647,10235,4957,5278
27105,167936,9258,80749,5841,158678,10236,4958,5278
27110,167967,9258,80765,5841,158709,10237,4959,5278
27115,167998,9258,80777,5841,158740,10240,4960,5280
27120,168029,9258,80794,5841,158771,10244,4962,5282
27125,168060,9259,80808,5842,158801,10248,4964,5284
27130,168091,9260,80819,5842,158831,10253,4966,5287
27135,168122,9261,80833,5843,158861,10258,4968,5290
27140,168153,9262,80844,5843,158891,10261,4969,5292
27145,168184,9263,80858,5843,158921,10264,4970,5294
27150,168215,9264,80870,5844,158951,10268,4973,5295
27155,168246,9266,80888,5846,158980,10272,4977,5295
27160,168277,9267,80903,5846,159010,10276,4979,5297
27165,168308,9269,80919,5848,159039,10280,4981,5299
27170,168339,9273,80933,5851,159065,10282,4983,5299
27175,168370,9276,80947,5853,159093,10284,4984,5300
27180,168401,9280,80960,5856,159121,10286,4985,5301
27185,168432,9283,80976,5858,159148,10287,4986,5301
27190,168463,9288,80991,5862,159175,10288,4986,5302
27195,168494,9291,81012,5864,159203,10289,4987,5302
27200,168525,9293,81025,5865,159232,10290,4987,5303
27205,168556,9293,81041,5865,159263,10291,4988,5303
27210,168587,9293,81053,5865,159294,10292,4989,5303
27215,168618,9293,81069,5865,159325,10293,4989,5304
27220,168649,9293,81087,5865,159356,10294,4989,5305
27225,168680,9293,81106,5865,159387,10296,4991,5305
27230,168711,9293,81121,5865,159418,10298,4992,5306
27235,168742,9293,81126,5865,159449,10300,4992,5308
27240,168773,9293,81138,5865,159480,10304,4995,5309
27245,168804,9297,81153,5867,159506,10308,4998,5310
27250,168835,9300,81174,5870,159534,10312,5000,5312
27255,168866,9303,81186,5872,159563,10314,5001,5313
27260,168897,9306,81203,5874,159590,10316,5002,5314
27265,168928,9308,81224,5875,159619,10318,5003,5315
27270,168959,9310,81239,5877,159649,10320,5005,5315
27275,168990,9311,81252,5878,159679,10322,5005,5317
27280,169021,9313,81266,5880,159708,10324,5007,5317
27285,169052,9314,81281,5880,159737,10327,5009,5318
27290,169083,9316,81297,5882,159766,10330,5011,5319
27295,169114,9319,81313,5884,159794,10332,5012,5320
27300,169145,9320,81327,5885,159825,10334,5012,5322
27305,169176,9322,81341,5887,159854,10336,5012,5324
27310,169207,9323,81355,5888,159884,10338,5013,5325
27315,169238,9324,81372,5888,159914,10340,5014,5326
27320,169269,9326,81385,5889,159943,10341,5014,5327
27325,169300,9327,81401,5890,159973,10342,5015,5327
27330,169331,9329,81415,5891,160002,10343,5015,5328
27335,169362,9331,81427,5893,160031,10344,5016,5328
27340,169393,9333,81440,5894,160060,10345,5016,5329
27345,169424,9334,81454,5894,160090,10346,5016,5330
27350,169455,9336,81472,5896,160119,10347,5016,5331
27355,169486,9337,81490,5897,160149,10348,5016,5332
27360,169517,9338,81506,5898,160179,10350,5017,5333
27365,169548,9340,81520,5900,160208,10351,5017,5334
27370,169579,9343,81532,5903,160236,10353,5018,5335
27375,169610,9344,81547,5903,160266,10355,5019,5336
27380,169641,9346,81565,5904,160295,10356,5020,5336
27385,169672,9348,81575,5905,160323,10357,5021,5336
27390,169703,9350,81591,5907,160353,10358,5022,5336
27395,169734,9351,81607,5907,160382,10359,5023,5336
27400,169765,9353,81620,5909,160412,10360,5023,5337
27405,169796,9354,81636,5909,160442,10360,5023,5337
27410,169827,9355,81651,5909,160472,10361,5024,5337
27415,169858,9356,81666,5910,160501,10362,5025,5337
27420,169889,9358,81684,5911,160531,10363,5025,5338
27425,169920,9360,81695,5912,160559,10365,5025,5340
27430,169951,9363,81706,5914,160588,10367,5027,5340
27435,169982,9365,81724,5916,160616,10369,5027,5342
27440,170013,9368,81739,5918,160644,10371,5027,5344
27445,170044,9371,81754,5919,160672,10373,5028,5345
27450,170075,9374,81771,5921,160701,10375,5029,5346
27455,170106,9376,81789,5922,160729,10377,5031,5346
27460,170137,9379,81805,5924,160758,10379,5033,5346
27465,170168,9381,81820,5926,160786,10381,5033,5348
27470,170199,9384,81830,5928,160814,10383,5034,5349
27475,170230,9388,81848,5931,160841,10385,5034,5351
27480,170261,9393,81866,5935,160868,10387,5036,5351
27485,170292,9395,81883,5936,160897,10389,5038,5351
27490,170323,9396,81898,5937,160927,10392,5039,5353
27495,170354,9398,81915,5938,160956,10394,5040,5354
27500,170385,9399,81930,5938,160986,10396,5040,5356
27505,170416,9400,81945,5938,161016,10397,5040,5357
27510,170447,9401,81960,5938,161046,10398,5041,5357
27515,170478,9402,81975,5939,161076,10399,5041,5358
27520,170509,9404,81992,5941,161105,10400,5041,5359
27525,170540,9406,82010,5943,161134,10401,5041,5360
27530,170571,9407,82024,5944,161164,10404,5042,5362
27535,170602,9410,82034,5947,161192,10407,5042,5365
27540,170633,9413,82049,5949,161220,10410,5042,5368
27545,170664,9413,82062,5949,161251,10411,5042,5369
27550,170695,9413,82077,5949,161282,10412,5043,5369
27555,170726,9413,82097,5949,161313,10413,5044,5369
27560,170757,9413,82111,5949,161344,10414,5044,5370
27565,170788,9413,82125,5949,161375,10415,5045,5370
27570,170819,9413,82141,5949,161406,10416,5045,5371
27575,170850,9413,82165,5949,161437,10417,5045,5372
27580,170881,9413,82179,5949,161468,10418,5046,5372
27585,170912,9413,82193,5949,161499,10421,5047,5374
27590,170943,9415,82209,5951,161527,10424,5050,5374
27595,170974,9418,82221,5952,161556,10428,5051,5377
27600,171005,9420,82235,5954,161585,10432,5052,5380
27605,171036,9424,82251,5957,161612,10434,5054,5380
27610,171067,9427,82264,5958,161640,10435,5055,5380
27615,171098,9429,82279,5959,161668,10436,5055,5381
27620,171129,9432,82292,5961,161697,10437,5055,5382
27625,171160,9434,82308,5961,161725,10438,5056,5382
27630,171191,9437,82326,5963,161754,10439,5057,5382
27635,171222,9439,82337,5964,161783,10440,5057,5383
27640,171253,9441,82354,5966,161812,10441,5057,5384
27645,171284,9444,82374,5968,161840,10442,5058,5384
27650,171315,9447,82388,5971,161868,10445,5059,5386
27655,171346,9450,82403,5973,161896,10449,5060,5389
27660,171377,9452,82417,5975,161925,10453,5063,5390
27665,171408,9453,82430,5975,161955,10456,5065,5391
27670,171439,9455,82442,5977,161984,10459,5066,5393
27675,171470,9457,82455,5978,162013,10460,5066,5394
27680,171501,9458,82468,5978,162043,10461,5066,5395
27685,171532,9458,82484,5978,162074,10462,5066,5396
27690,171563,9458,82500,5978,162105,10463,5066,5397
27695,171594,9458,82518,5978,162136,10464,5067,5397
27700,171625,9458,82534,5978,162167,10465,5067,5398
27705,171656,9458,82551,5978,162198,10466,5068,5398
27710,171687,9458,82563,5978,162229,10469,5069,5400
27715,171718,9459,82575,5979,162259,10472,5069,5403
27720,171749,9460,82591,5979,162289,10474,5070,5404
27725,171780,9461,82604,5979,162319,10475,5070,5405
27730,171811,9462,82615,5979,162349,10476,5070,5406
27735,171842,9463,82630,5979,162379,10477,5071,5406
27740,171873,9464,82645,5980,162408,10478,5071,5407
27745,171904,9466,82661,5981,162438,10479,5072,5407
27750,171935,9467,82679,5982,162467,10480,5073,5407
27755,171966,9469,82692,5984,162496,10481,5073,5408
27760,171997,9471,82708,5986,162526,10482,5073,5409
27765,172028,9472,82722,5986,162556,10483,5074,5409
27770,172059,9474,82738,5986,162585,10485,5074,5411
27775,172090,9476,82753,5988,162614,10488,5075,5413
27780,172121,9478,82764,5989,162642,10492,5076,5416
27785,172152,9481,82779,5991,162671,10493,5076,5417
27790,172183,9484,82794,5993,162699,10494,5076,5418
27795,172214,9487,82812,5995,162727,10495,5076,5419
27800,172245,9488,82833,5996,162757,10496,5077,5419
27805,172276,9489,82848,5996,162787,10497,5078,5419
27810,172307,9490,82859,5996,162817,10498,5079,5419
27815,172338,9491,82874,5997,162847,10499,5080,5419
27820,172369,9492,82892,5998,162877,10501,5081,5420
27825,172400,9494,82907,5999,162906,10503,5082,5421
27830,172431,9497,82923,6000,162934,10506,5082,5424
27835,172462,9502,82940,6004,162960,10508,5083,5425
27840,172493,9504,82958,6006,162989,10510,5085,5425
27845,172524,9506,82974,6007,163018,10511,5085,5426
27850,172555,9508,82983,6007,163047,10512,5085,5427
27855,172586,9509,82994,6007,163076,10513,5085,5428
27860,172617,9511,83009,6009,163106,10514,5086,5428
27865,172648,9511,83024,6009,163137,10515,5086,5429
27870,172679,9511,83038,6009,163168,10516,5087,5429
27875,172710,9511,83051,6009,163199,10517,5087,5430
27880,172741,9511,83064,6009,163230,10517,5087,5430
27885,172772,9511,83080,6009,163261,10517,5087,5430
27890,172803,9511,83096,6009,163292,10518,5087,5431
27895,172834,9511,83111,6009,163323,10519,5087,5432
27900,172865,9511,83129,6009,163354,10521,5088,5433
27905,172896,9511,83142,6009,163385,10523,5088,5435
27910,172927,9511,83158,6009,163416,10524,5089,5435
27915,172958,9511,83175,6009,163447,10524,5089,5435
27920,172989,9511,83190,6009,163478,10524,5089,5435
27925,173020,9511,83207,6009,163509,10524,5089,5435
27930,173051,9511,83222,6009,163540,10524,5089,5435
27935,173082,9511,83242,6009,163571,10525,5090,5435
27940,173113,9511,83255,6009,163602,10526,5091,5435
27945,173144,9513,83270,6011,163631,10527,5092,5435
27950,173175,9514,83280,6011,163661,10529,5093,5436
27955,173206,9516,83295,6012,163690,10531,5094,5437
27960,173237,9521,83311,6015,163716,10533,5095,5438
27965,173268,9524,83324,6017,163744,10537,5095,5442
27970,173299,9526,83341,6018,163773,10539,5096,5443
27975,173330,9528,83353,6020,163801,10541,5096,5445
27980,173361,9531,83367,6022,163829,10543,5097,5446
27985,173392,9534,83379,6023,163858,10544,5098,5446
27990,173423,9536,83388,6024,163887,10545,5099,5446
27995,173454,9538,83398,6025,163916,10546,5100,5446
28000,173485,9540,83412,6025,163944,10547,5101,5446
28005,173516,9543,83430,6027,163973,10548,5101,5447
28010,173547,9544,83444,6028,164002,10550,5102,5448
28015,173578,9546,83457,6030,164032,10553,5102,5451
28020,173609,9547,83473,6031,164061,10556,5104,5452
28025,173640,9549,83484,6033,164091,10559,5105,5454
28030,173671,9550,83503,6033,164121,10562,5107,5455
28035,173702,9551,83516,6034,164150,10564,5108,5456
28040,173733,9553,83527,6035,164179,10566,5108,5458
28045,173764,9555,83539,6036,164208,10568,5108,5460
28050,173795,9558,83550,6038,164237,10569,5108,5461
28055,173826,9560,83567,6039,164266,10570,5109,5461
28060,173857,9562,83583,6040,164295,10571,5109,5462
28065,173888,9563,83596,6040,164325,10572,5110,5462
28070,173919,9565,83607,6041,164353,10574,5111,5463
28075,173950,9568,83618,6042,164382,10577,5113,5464
28080,173981,9571,83630,6043,164409,10580,5114,5466
28085,174012,9573,83644,6045,164439,10583,5116,5467
28090,174043,9575,83659,6047,164468,10585,5116,5469
28095,174074,9576,83672,6048,164498,10587,5118,5469
28100,174105,9577,83689,6048,164528,10588,5119,5469
28105,174136,9578,83701,6048,164558,10589,5119,5470
28110,174167,9579,83719,6048,164588,10590,5119,5471
28115,174198,9580,83732,6049,164618,10591,5120,5471
28120,174229,9581,83746,6049,164648,10592,5120,5472
28125,174260,9582,83766,6049,164678,10593,5121,5472
28130,174291,9583,83774,6049,164708,10594,5121,5473
28135,174322,9584,83786,6050,164738,10596,5122,5474
28140,174353,9585,83800,6050,164768,10598,5122,5476
28145,174384,9586,83815,6050,164798,10600,5123,5477
28150,174415,9587,83831,6050,164828,10601,5124,5477
28155,174446,9588,83846,6050,164858,10602,5124,5478
28160,174477,9589,83865,6051,164888,10603,5125,5478
28165,174508,9590,83878,6051,164918,10604,5126,5478
28170,174539,9591,83891,6051,164948,10605,5127,5478
28175,174570,9592,83909,6052,164978,10606,5128,5478
28180,174601,9593,83926,6052,165008,10607,5128,5479
28185,174632,9594,83943,6053,165037,10609,5129,5480
28190,174663,9597,83954,6055,165065,10613,5131,5482
28195,174694,9601,83968,6059,165093,10617,5131,5486
28200,174725,9603,83981,6060,165121,10621,5134,5487
28205,174756,9606,83993,6061,165150,10624,5136,5488
28210,174787,9608,84008,6061,165178,10627,5138,5489
28215,174818,9611,84021,6063,165206,10630,5138,5492
28220,174849,9614,84039,6064,165234,10633,5141,5492
28225,174880,9617,84053,6067,165263,10635,5142,5493
28230,174911,9619,84070,6069,165292,10637,5144,5493
28235,174942,9622,84086,6070,165319,10639,5144,5495
28240,174973,9626,84102,6074,165347,10641,5145,5496
28245,175004,9628,84115,6076,165376,10643,5145,5498
28250,175035,9631,84126,6077,165403,10645,5147,5498
28255,175066,9635,84140,6080,165431,10647,5148,5499
28260,175097,9638,84159,6083,165459,10649,5149,5500
28265,175128,9639,84173,6083,165489,10652,5151,5501
28270,175159,9639,84189,6083,165520,10653,5152,5501
28275,175190,9639,84200,6083,165551,10654,5152,5502
28280,175221,9639,84212,6083,165582,10655,5152,5503
28285,175252,9639,84221,6083,165613,10656,5153,5503
28290,175283,9639,84235,6083,165644,10657,5153,5504
28295,175314,9639,84257,6083,165675,10657,5153,5504
28300,175345,9639,84264,6083,165706,10657,5153,5504
28305,175376,9640,84283,6083,165735,10657,5153,5504
28310,175407,9642,84298,6085,165765,10657,5153,5504
28315,175438,9643,84311,6086,165794,10657,5153,5504
28320,175469,9646,84328,6088,165823,10657,5153,5504
28325,175500,9649,84339,6090,165850,10660,5154,5506
28330,175531,9653,84352,6092,165877,10663,5156,5507
28335,175562,9657,84367,6094,165904,10666,5157,5509
28340,175593,9661,84381,6097,165931,10669,5158,5511
28345,175624,9663,84393,6098,165961,10671,5159,5512
28350,175655,9663,84408,6098,165992,10673,5160,5513
28355,175686,9663,84421,6098,166023,10675,5162,5513
28360,175717,9663,84438,6098,166054,10676,5162,5514
28365,175748,9663,84454,6098,166085,10677,5162,5515
28370,175779,9663,84465,6098,166116,10679,5162,5517
28375,175810,9664,84483,6099,166146,10681,5164,5517
28380,175841,9665,84498,6099,166176,10683,5165,5518
28385,175872,9667,84511,6101,166205,10684,5165,5519
28390,175903,9669,84527,6102,166234,10685,5166,5519
28395,175934,9671,84538,6104,166263,10687,5167,5520
28400,175965,9672,84553,6105,166293,10689,5168,5521
28405,175996,9673,84574,6106,166323,10691,5170,5521
28410,176027,9674,84588,6107,166353,10693,5170,5523
28415,176058,9675,84603,6107,166383,10695,5171,5524
28420,176089,9676,84620,6108,166413,10697,5172,5525
28425,176120,9677,84634,6108,166443,10699,5173,5526
28430,176151,9678,84652,6109,166473,10701,5174,5527
28435,176182,9679,84672,6110,166503,10703,5175,5528
28440,176213,9680,84683,6110,166533,10705,5176,5529
28445,176244,9683,84700,6113,166560,10707,5177,5530
28450,176275,9687,84716,6115,166587,10709,5178,5531
28455,176306,9691,84726,6119,166615,10711,5179,5532
28460,176337,9694,84740,6120,166642,10714,5181,5533
28465,176368,9698,84749,6124,166670,10717,5182,5535
28470,176399,9701,84763,6124,166697,10720,5183,5537
28475,176430,9705,84781,6128,166724,10723,5184,5539
28480,176461,9708,84797,6131,166752,10726,5185,5541
28485,176492,9711,84806,6132,166780,10730,5186,5544
28490,176523,9714,84818,6134,166808,10735,5188,5547
28495,176554,9717,84830,6136,166837,10740,5190,5550
28500,176585,9720,84846,6139,166864,10745,5191,5554
28505,176616,9726,84865,6144,166890,10748,5192,5556
28510,176647,9729,84877,6146,166918,10749,5193,5556
28515,176678,9730,84887,6146,166948,10750,5194,5556
28520,176709,9732,84901,6147,166977,10751,5195,5556
28525,176740,9734,84918,6149,167006,10752,5196,5556
28530,176771,9737,84931,6152,167034,10753,5196,5557
28535,176802,9737,84951,6152,167065,10754,5197,5557
28540,176833,9737,84964,6152,167096,10755,5198,5557
28545,176864,9737,84983,6152,167127,10756,5199,5557
28550,176895,9737,85000,6152,167158,10757,5199,5558
28555,176926,9737,85015,6152,167189,10758,5200,5558
28560,176957,9737,85027,6152,167220,10759,5200,5559
28565,176988,9741,85039,6155,167247,10760,5200,5560
28570,177019,9745,85055,6159,167274,10761,5201,5560
28575,177050,9748,85070,6161,167302,10762,5202,5560
28580,177081,9752,85086,6163,167329,10763,5202,5561
28585,177112,9755,85098,6164,167357,10764,5203,5561
28590,177143,9757,85115,6164,167385,10765,5204,5561
28595,177174,9760,85131,6167,167413,10766,5204,5562
28600,177205,9763,85147,6170,167442,10768,5205,5563
28605,177236,9765,85166,6172,167470,10770,5205,5565
28610,177267,9767,85181,6174,167499,10774,5208,5566
28615,177298,9769,85192,6175,167529,10777,5209,5568
28620,177329,9770,85206,6176,167559,10780,5210,5570
28625,177360,9770,85222,6176,167590,10782,5211,5571
28630,177391,9770,85238,6176,167621,10784,5211,5573
28635,177422,9770,85255,6176,167652,10785,5212,5573
28640,177453,9770,85270,6176,167683,10786,5212,5574
28645,177484,9770,85284,6176,167714,10787,5212,5575
28650,177515,9770,85299,6176,167745,10788,5212,5576
28655,177546,9770,85317,6176,167776,10789,5213,5576
28660,177577,9770,85330,6176,167807,10790,5213,5577
28665,177608,9770,85341,6176,167838,10791,5213,5578
28670,177639,9770,85352,6176,167869,10792,5213,5579
28675,177670,9770,85365,6176,167900,10793,5213,5580
28680,177701,9770,85384,6176,167931,10795,5215,5580
28685,177732,9770,85400,6176,167962,10797,5215,5582
28690,177763,9770,85405,6176,167993,10799,5216,5583
28695,177794,9772,85422,6177,168022,10801,5217,5584
28700,177825,9774,85440,6178,168051,10803,5217,5586
28705,177856,9776,85458,6180,168080,10805,5218,5587
28710,177887,9778,85474,6182,168109,10807,5220,5587
28715,177918,9780,85485,6183,168138,10810,5220,5590
28720,177949,9783,85500,6185,168166,10814,5222,5592
28725,177980,9787,85517,6188,168193,10818,5224,5594
28730,178011,9792,85536,6192,168219,10822,5226,5596
28735,178042,9796,85547,6195,168246,10827,5229,5598
28740,178073,9799,85558,6195,168274,10831,5231,5600
28745,178104,9804,85572,6199,168300,10832,5231,5601
28750,178135,9808,85588,6201,168327,10834,5233,5601
28755,178166,9811,85608,6204,168355,10835,5234,5601
28760,178197,9815,85623,6208,168382,10836,5234,5602
28765,178228,9820,85640,6211,168408,10837,5234,5603
28770,178259,9823,85653,6212,168436,10838,5235,5603
28775,178290,9827,85665,6213,168463,10839,5235,5604
28780,178321,9830,85678,6215,168491,10840,5236,5604
28785,178352,9834,85693,6219,168518,10841,5236,5605
28790,178383,9836,85710,6219,168547,10842,5236,5606
28795,178414,9839,85729,6222,168575,10842,5236,5606
28800,178445,9841,85741,6224,168604,10842,5236,5606
28805,178476,9844,85754,6225,168632,10842,5236,5606
28810,178507,9847,85767,6226,168660,10842,5236,5606
28815,178538,9850,85780,6227,168688,10842,5236,5606
28820,178569,9853,85797,6228,168716,10842,5236,5606
28825,178600,9854,85812,6228,168746,10842,5236,5606
28830,178631,9855,85830,6229,168776,10842,5236,5606
28835,178662,9856,85848,6229,168806,10842,5236,5606
28840,178693,9857,85862,6229,168836,10842,5236,5606
28845,178724,9858,85877,6230,168866,10844,5236,5608
28850,178755,9860,85892,6232,168894,10849,5238,5611
28855,178786,9863,85910,6234,168923,10854,5242,5612
28860,178817,9865,85927,6236,168952,10858,5244,5614
28865,178848,9866,85940,6237,168982,10860,5245,5615
28870,178879,9868,85956,6239,169010,10862,5245,5617
28875,178910,9870,85969,6240,169040,10864,5245,5619
28880,178941,9871,85981,6240,169069,10866,5247,5619
28885,178972,9873,85996,6242,169099,10868,5247,5621
28890,179003,9875,86014,6242,169127,10870,5248,5622
28895,179034,9878,86030,6243,169156,10873,5249,5624
28900,179065,9879,86043,6243,169186,10875,5249,5626
28905,179096,9880,86055,6243,169216,10877,5250,5627
28910,179127,9881,86072,6243,169246,10879,5250,5629
28915,179158,9882,86091,6244,169276,10881,5250,5631
28920,179189,9883,86106,6245,169306,10883,5251,5632
28925,179220,9884,86122,6245,169336,10886,5253,5633
28930,179251,9885,86133,6246,169366,10889,5253,5636
28935,179282,9886,86147,6246,169396,10892,5255,5637
28940,179313,9887,86165,6247,169426,10895,5257,5638
28945,179344,9888,86176,6247,169456,10898,5259,5639
28950,179375,9889,86193,6247,169486,10900,5261,5639
28955,179406,9890,86207,6247,169516,10902,5262,5640
28960,179437,9891,86220,6247,169546,10904,5262,5642
28965,179468,9893,86239,6249,169574,10906,5264,5642
28970,179499,9896,86255,6251,169603,10909,5266,5643
28975,179530,9899,86274,6254,169630,10912,5269,5643
28980,179561,9903,86290,6257,169658,10915,5269,5646
28985,179592,9904,86305,6258,169687,10916,5270,5646
28990,179623,9906,86317,6260,169717,10917,5270,5647
28995,179654,9907,86330,6261,169746,10918,5271,5647
29000,179685,9908,86339,6262,169777,10919,5272,5647
29005,179716,9909,86354,6263,169807,10920,5272,5648
29010,179747,9910,86364,6263,169836,10921,5272,5649
29015,179778,9912,86380,6265,169865,10922,5272,5650
29020,179809,9915,86395,6268,169893,10923,5273,5650
29025,179840,9917,86407,6270,169923,10924,5273,5651
29030,179871,9918,86424,6270,169952,10925,5274,5651
29035,179902,9920,86444,6271,169981,10926,5275,5651
29040,179933,9922,86458,6273,170010,10927,5276,5651
29045,179964,9924,86472,6274,170040,10928,5276,5652
29050,179995,9925,86487,6274,170070,10929,5276,5653
29055,180026,9926,86501,6274,170100,10930,5277,5653
29060,180057,9927,86514,6275,170130,10931,5277,5654
29065,180088,9929,86526,6277,170159,10932,5277,5655
29070,180119,9930,86540,6278,170189,10933,5277,5656
29075,180150,9931,86553,6278,170219,10934,5277,5657
29080,180181,9932,86575,6279,170249,10935,5277,5658
29085,180212,9933,86589,6279,170279,10938,5279,5659
29090,180243,9936,86604,6282,170307,10941,5280,5661
29095,180274,9937,86614,6282,170337,10945,5281,5664
29100,180305,9939,86626,6284,170366,10948,5282,5666
29105,180336,9942,86637,6286,170394,10950,5283,5667
29110,180367,9944,86648,6286,170423,10952,5285,5667
29115,180398,9947,86664,6288,170451,10954,5287,5667
29120,180429,9949,86682,6290,170479,10956,5288,5668
29125,180460,9953,86695,6292,170507,10958,5288,5670
29130,180491,9956,86712,6294,170534,10960,5289,5671
29135,180522,9959,86730,6297,170563,10962,5289,5673
29140,180553,9960,86746,6298,170593,10963,5290,5673
29145,180584,9961,86761,6299,170623,10964,5291,5673
29150,180615,9962,86781,6299,170653,10967,5291,5676
29155,180646,9963,86794,6299,170683,10970,5294,5676
29160,180677,9964,86808,6300,170713,10973,5296,5677
29165,180708,9965,86825,6301,170743,10975,5297,5678
29170,180739,9967,86841,6303,170772,10976,5298,5678
29175,180770,9968,86854,6304,170802,10977,5299,5678
29180,180801,9968,86867,6304,170833,10978,5299,5679
29185,180832,9968,86881,6304,170864,10979,5299,5680
29190,180863,9968,86901,6304,170895,10980,5299,5681
29195,180894,9968,86915,6304,170926,10981,5300,5681
29200,180925,9968,86928,6304,170957,10983,5300,5683
29205,180956,9968,86941,6304,170988,10985,5301,5684
29210,180987,9969,86958,6305,171018,10987,5303,5684
29215,181018,9970,86971,6305,171048,10989,5304,5685
29220,181049,9971,86988,6305,171078,10991,5306,5685
29225,181080,9973,87004,6306,171106,10993,5308,5685
29230,181111,9975,87021,6307,171135,10994,5309,5685
29235,181142,9977,87037,6309,171165,10995,5310,5685
29240,181173,9979,87051,6311,171194,10996,5310,5686
29245,181204,9982,87071,6314,171221,10997,5311,5686
29250,181235,9985,87084,6315,171250,10998,5311,5687
29255,181266,9987,87102,6316,171279,10999,5312,5687
29260,181297,9990,87116,6318,171306,11000,5313,5687
29265,181328,9994,87130,6320,171333,11001,5313,5688
29270,181359,9998,87148,6323,171361,11004,5315,5689
29275,181390,10000,87161,6323,171389,11007,5316,5691
29280,181421,10004,87177,6327,171416,11011,5317,5694
29285,181452,10006,87193,6328,171446,11012,5318,5694
29290,181483,10008,87207,6330,171475,11013,5319,5694
29295,181514,10010,87225,6332,171504,11014,5320,5694
29300,181545,10012,87238,6333,171533,11015,5320,5695
29305,181576,10012,87250,6333,171564,11016,5320,5696
29310,181607,10012,87267,6333,171595,11017,5320,5697
29315,181638,10012,87279,6333,171626,11019,5320,5699
29320,181669,10012,87294,6333,171657,11021,5321,5700
29325,181700,10012,87308,6333,171688,11023,5323,5700
29330,181731,10012,87323,6333,171719,11027,5324,5703
29335,181762,10014,87338,6334,171748,11030,5326,5704
29340,181793,10015,87348,6334,171778,11033,5327,5706
29345,181824,10018,87364,6335,171806,11035,5327,5708
29350,181855,10023,87386,6339,171832,11037,5329,5708
29355,181886,10026,87399,6341,171860,11039,5330,5709
29360,181917,10032,87412,6345,171885,11041,5331,5710
29365,181948,10035,87425,6346,171913,11043,5332,5711
29370,181979,10038,87442,6347,171941,11045,5334,5711
29375,182010,10043,87455,6350,171967,11047,5335,5712
29380,182041,10046,87473,6353,171995,11049,5336,5713
29385,182072,10048,87484,6354,172024,11051,5338,5713
29390,182103,10050,87501,6356,172053,11053,5338,5715
29395,182134,10050,87516,6356,172084,11056,5341,5715
29400,182165,10050,87530,6356,172115,11059,5342,5717
29405,182196,10050,87546,6356,172146,11059,5342,5717
29410,182227,10050,87558,6356,172177,11059,5342,5717
29415,182258,10050,87574,6356,172208,11059,5342,5717
29420,182289,10050,87588,6356,172239,11059,5342,5717
29425,182320,10050,87604,6356,172270,11059,5342,5717
29430,182351,10050,87616,6356,172301,11059,5342,5717
29435,182382,10050,87631,6356,172332,11060,5342,5718
29440,182413,10050,87650,6356,172363,11061,5343,5718
29445,182444,10050,87660,6356,172394,11062,5343,5719
29450,182475,10050,87677,6356,172425,11062,5343,5719
29455,182506,10050,87699,6356,172456,11062,5343,5719
29460,182537,10050,87712,6356,172487,11062,5343,5719
29465,182568,10052,87731,6357,172515,11064,5343,5721
29470,182599,10056,87744,6359,172543,11066,5344,5722
29475,182630,10060,87758,6361,172569,11067,5345,5722
29480,182661,10065,87774,6365,172596,11067,5345,5722
29485,182692,10068,87787,6367,172624,11067,5345,5722
29490,182723,10070,87805,6368,172652,11067,5345,5722
29495,182754,10072,87825,6369,172682,11067,5345,5722
29500,182785,10074,87836,6369,172711,11067,5345,5722
29505,182816,10077,87851,6370,172739,11067,5345,5722
29510,182847,10080,87868,6372,172766,11068,5345,5723
29515,182878,10084,87888,6375,172794,11069,5345,5724
29520,182909,10086,87901,6375,172822,11070,5345,5725
29525,182940,10089,87921,6378,172850,11072,5346,5726
29530,182971,10092,87938,6379,172878,11073,5347,5726
29535,183002,10095,87951,6381,172906,11074,5348,5726
29540,183033,10098,87961,6383,172934,11075,5349,5726
29545,183064,10102,87975,6386,172962,11076,5349,5727
29550,183095,10104,87988,6387,172991,11078,5349,5729
29555,183126,10106,88004,6389,173019,11080,5349,5731
29560,183157,10110,88019,6393,173047,11082,5350,5732
29565,183188,10112,88030,6394,173076,11084,5350,5734
29570,183219,10115,88047,6396,173103,11086,5352,5734
29575,183250,10118,88064,6399,173131,11089,5355,5734
29580,183281,10122,88072,6403,173159,11093,5357,5736
29585,183312,10122,88089,6403,173190,11095,5358,5737
29590,183343,10122,88106,6403,173221,11097,5359,5738
29595,183374,10125,88122,6405,173249,11099,5360,5739
29600,183405,10126,88139,6405,173279,11101,5361,5740
29605,183436,10128,88155,6406,173308,11103,5361,5742
29610,183467,10129,88167,6407,173338,11105,5363,5742
29615,183498,10131,88179,6408,173367,11106,5364,5742
29620,183529,10132,88194,6408,173397,11107,5365,5742
29625,183560,10133,88211,6409,173427,11108,5366,5742
29630,183591,10134,88229,6410,173457,11111,5366,5745
29635,183622,10135,88240,6411,173487,11114,5366,5748
29640,183653,10136,88256,6412,173517,11117,5366,5751
29645,183684,10137,88277,6413,173547,11118,5366,5752
29650,183715,10138,88296,6414,173577,11119,5367,5752
29655,183746,10139,88310,6414,173607,11120,5368,5752
29660,183777,10140,88329,6415,173637,11121,5368,5753
29665,183808,10141,88344,6416,173667,11122,5368,5754
29670,183839,10142,88357,6417,173697,11123,5369,5754
29675,183870,10143,88373,6417,173727,11124,5370,5754
29680,183901,10144,88388,6417,173757,11125,5371,5754
29685,183932,10146,88404,6418,173786,11128,5374,5754
29690,183963,10150,88423,6420,173813,11132,5377,5755
29695,183994,10155,88435,6424,173839,11136,5378,5758
29700,184025,10158,88452,6427,173866,11140,5380,5760
29705,184056,10162,88463,6431,173893,11143,5381,5762
29710,184087,10166,88482,6435,173920,11146,5382,5764
29715,184118,10169,88495,6437,173948,11148,5382,5766
29720,184149,10172,88508,6439,173977,11151,5383,5768
29725,184180,10174,88525,6441,174006,11154,5384,5770
29730,184211,10177,88544,6443,174033,11157,5387,5770
29735,184242,10179,88557,6444,174063,11160,5390,5770
29740,184273,10180,88573,6445,174092,11163,5391,5772
29745,184304,10182,88589,6447,174122,11168,5393,5775
29750,184335,10182,88603,6447,174153,11172,5395,5777
29755,184366,10182,88614,6447,174184,11175,5396,5779
29760,184397,10182,88630,6447,174215,11177,5396,5781
29765,184428,10182,88640,6447,174246,11178,5396,5782
29770,184459,10182,88652,6447,174277,11179,5397,5782
29775,184490,10182,88669,6447,174308,11180,5397,5783
29780,184521,10182,88687,6447,174339,11181,5398,5783
29785,184552,10182,88705,6447,174370,11182,5399,5783
29790,184583,10182,88718,6447,174401,11183,5399,5784
29795,184614,10182,88733,6447,174432,11184,5400,5784
29800,184645,10182,88752,6447,174463,11185,5400,5785
29805,184676,10182,88764,6447,174494,11187,5401,5786
29810,184707,10183,88777,6448,174524,11189,5401,5788
29815,184738,10184,88792,6448,174554,11192,5403,5789
29820,184769,10186,88806,6449,174583,11195,5405,5790
29825,184800,10189,88817,6451,174611,11198,5406,5792
29830,184831,10191,88831,6452,174640,11200,5407,5793
29835,184862,10194,88845,6454,174668,11202,5407,5795
29840,184893,10197,88858,6456,174696,11204,5408,5796
29845,184924,10200,88876,6459,174724,11206,5409,5797
29850,184955,10204,88892,6462,174751,11209,5410,5799
29855,184986,10208,88911,6465,174778,11212,5412,5800
29860,185017,10210,88930,6465,174807,11215,5415,5800
29865,185048,10213,88947,6467,174834,11219,5417,5802
29870,185079,10216,88957,6468,174862,11223,5418,5805
29875,185110,10220,88972,6470,174889,11227,5420,5807
29880,185141,10223,88984,6471,174918,11231,5420,5811
29885,185172,10224,88996,6471,174948,11232,5420,5812
29890,185203,10226,89014,6473,174977,11232,5420,5812
29895,185234,10226,89029,6473,175008,11232,5420,5812
29900,185265,10226,89046,6473,175039,11232,5420,5812
29905,185296,10226,89064,6473,175070,11232,5420,5812
29910,185327,10226,89074,6473,175101,11232,5420,5812
29915,185358,10226,89089,6473,175132,11232,5420,5812
29920,185389,10226,89104,6473,175163,11232,5420,5812
29925,185420,10226,89121,6473,175194,11233,5421,5812
29930,185451,10226,89138,6473,175225,11234,5422,5812
29935,185482,10226,89154,6473,175256,11235,5423,5812
29940,185513,10226,89166,6473,175287,11235,5423,5812
29945,185544,10227,89180,6473,175317,11235,5423,5812
29950,185575,10228,89193,6474,175347,11235,5423,5812
29955,185606,10229,89206,6475,175377,11235,5423,5812
29960,185637,10231,89220,6476,175406,11235,5423,5812
29965,185668,10233,89238,6477,175435,11235,5423,5812
29970,185699,10234,89252,6478,175465,11236,5423,5813
29975,185730,10236,89271,6479,175494,11237,5424,5813
29980,185761,10237,89286,6480,175524,11238,5424,5814
29985,185792,10238,89302,6481,175554,11239,5425,5814
29990,185823,10239,89316,6481,175583,11241,5426,5815
29995,185854,10243,89331,6483,175611,11245,5428,5817
30000,185885,10246,89349,6485,175638,11249,5432,5817
30005,185916,10249,89362,6487,175667,11252,5433,5819
30010,185947,10251,89376,6488,175696,11254,5435,5819
30015,185978,10253,89391,6489,175724,11256,5436,5820
30020,186009,10256,89406,6490,175752,11258,5436,5822
30025,186040,10259,89414,6492,175781,11260,5436,5824
30030,186071,10261,89424,6493,175810,11262,5437,5825
30035,186102,10263,89439,6493,175839,11264,5438,5826
30040,186133,10265,89454,6493,175867,11267,5440,5827
30045,186164,10268,89470,6495,175895,11270,5442,5828
30050,186195,10271,89484,6497,175924,11273,5445,5828
30055,186226,10273,89493,6498,175953,11276,5446,5830
30060,186257,10276,89506,6500,175981,11279,5446,5833
30065,186288,10278,89519,6502,176010,11282,5447,5835
30070,186319,10281,89525,6504,176038,11284,5447,5837
30075,186350,10284,89538,6507,176065,11285,5447,5838
30080,186381,10288,89554,6511,176093,11286,5447,5839
30085,186412,10291,89571,6513,176121,11287,5448,5839
30090,186443,10294,89583,6515,176149,11288,5448,5840
30095,186474,10295,89600,6516,176179,11289,5448,5841
30100,186505,10296,89618,6517,176209,11290,5448,5842
30105,186536,10297,89623,6517,176239,11293,5448,5845
30110,186567,10297,89641,6517,176270,11297,5450,5847
30115,186598,10297,89655,6517,176301,11301,5451,5850
30120,186629,10297,89667,6517,176332,11303,5452,5851
30125,186660,10297,89686,6517,176363,11304,5453,5851
30130,186691,10297,89699,6517,176394,11305,5453,5852
30135,186722,10297,89714,6517,176425,11306,5454,5852
30140,186753,10297,89726,6517,176456,11307,5455,5852
30145,186784,10297,89743,6517,176487,11308,5456,5852
30150,186815,10297,89753,6517,176518,11309,5456,5853
30155,186846,10297,89765,6517,176549,11310,5456,5854
30160,186877,10297,89777,6517,176580,11311,5456,5855
30165,186908,10298,89789,6518,176610,11312,5456,5856
30170,186939,10299,89807,6519,176640,11314,5457,5857
30175,186970,10300,89823,6519,176669,11317,5459,5858
30180,187001,10302,89839,6521,176698,11320,5460,5860
30185,187032,10306,89852,6525,176726,11323,5461,5862
30190,187063,10308,89866,6526,176755,11326,5464,5862
30195,187094,10310,89878,6526,176784,11329,5466,5863
30200,187125,10312,89895,6527,176813,11332,5467,5865
30205,187156,10314,89910,6528,176842,11335,5467,5868
30210,187187,10317,89926,6529,176870,11337,5468,5869
30215,187218,10321,89943,6533,176897,11339,5469,5870
30220,187249,10325,89965,6537,176924,11341,5470,5871
30225,187280,10329,89989,6540,176951,11344,5473,5871
30230,187311,10333,90001,6542,176978,11347,5473,5874
30235,187342,10338,90013,6545,177004,11350,5475,5875
30240,187373,10342,90028,6548,177031,11352,5475,5877
30245,187404,10344,90038,6549,177059,11354,5475,5879
30250,187435,10347,90055,6551,177087,11355,5476,5879
30255,187466,10351,90070,6553,177114,11356,5477,5879
30260,187497,10355,90086,6557,177142,11357,5478,5879
30265,187528,10358,90106,6559,177169,11358,5479,5879
30270,187559,10361,90119,6561,177197,11359,5479,5880
30275,187590,10364,90138,6563,177226,11360,5480,5880
30280,187621,10366,90152,6565,177254,11361,5480,5881
30285,187652,10370,90172,6568,177282,11362,5481,5881
30290,187683,10371,90188,6568,177312,11362,5481,5881
30295,187714,10372,90202,6568,177341,11362,5481,5881
30300,187745,10375,90217,6570,177370,11362,5481,5881
30305,187776,10375,90233,6570,177401,11364,5481,5883
30310,187807,10375,90246,6570,177432,11365,5481,5884
30315,187838,10375,90260,6570,177463,11366,5481,5885
30320,187869,10375,90275,6570,177494,11367,5482,5885
30325,187900,10375,90286,6570,177525,11368,5483,5885
30330,187931,10375,90301,6570,177556,11369,5484,5885
30335,187962,10375,90319,6570,177587,11369,5484,5885
30340,187993,10375,90332,6570,177618,11369,5484,5885
30345,188024,10375,90344,6570,177649,11370,5484,5886
30350,188055,10375,90357,6570,177680,11373,5485,5888
30355,188086,10376,90378,6571,177710,11376,5487,5889
30360,188117,10377,90397,6572,177740,11379,5488,5891
30365,188148,10378,90415,6573,177770,11381,5489,5892
30370,188179,10379,90433,6573,177799,11383,5491,5892
30375,188210,10381,90450,6574,177829,11384,5491,5893
30380,188241,10382,90461,6574,177858,11385,5491,5894
30385,188272,10384,90478,6575,177888,11386,5492,5894
30390,188303,10385,90495,6575,177917,11388,5493,5895
30395,188334,10387,90509,6576,177947,11390,5494,5896
30400,188365,10388,90523,6577,177976,11392,5496,5896
30405,188396,10390,90538,6578,178006,11394,5496,5898
30410,188427,10394,90551,6581,178032,11397,5496,5901
30415,188458,10398,90567,6583,178059,11400,5498,5902
30420,188489,10402,90580,6585,178086,11404,5500,5904
30425,188520,10406,90598,6588,178114,11407,5502,5905
30430,188551,10408,90610,6590,178143,11410,5502,5908
30435,188582,10410,90626,6591,178172,11413,5505,5908
30440,188613,10413,90645,6593,178200,11416,5505,5911
30445,188644,10416,90657,6596,178228,11419,5506,5913
30450,188675,10419,90672,6598,178256,11422,5508,5914
30455,188706,10420,90690,6599,178286,11425,5511,5914
30460,188737,10421,90709,6599,178316,11428,5512,5916
30465,188768,10422,90725,6600,178346,11431,5513,5918
30470,188799,10423,90738,6600,178376,11435,5513,5922
30475,188830,10424,90758,6600,178406,11439,5517,5922
30480,188861,10425,90770,6600,178436,11443,5520,5923
30485,188892,10427,90783,6600,178464,11445,5521,5924
30490,188923,10430,90794,6601,178493,11446,5522,5924
30495,188954,10432,90813,6602,178522,11447,5522,5925
30500,188985,10434,90828,6603,178551,11448,5522,5926
30505,189016,10436,90841,6604,178580,11449,5523,5926
30510,189047,10438,90856,6605,178609,11450,5524,5926
30515,189078,10440,90875,6606,178637,11451,5525,5926
30520,189109,10443,90890,6607,178665,11452,5526,5926
30525,189140,10446,90900,6609,178694,11453,5527,5926
30530,189171,10448,90910,6610,178723,11454,5528,5926
30535,189202,10451,90925,6611,178750,11455,5528,5927
30540,189233,10455,90940,6614,178778,11456,5528,5928
30545,189264,10457,90952,6615,178807,11457,5528,5929
30550,189295,10458,90964,6616,178837,11458,5529,5929
30555,189326,10459,90985,6617,178867,11459,5530,5929
30560,189357,10460,91001,6617,178897,11461,5531,5930
30565,189388,10462,91016,6618,178926,11463,5532,5931
30570,189419,10464,91033,6620,178955,11465,5534,5931
30575,189450,10465,91052,6620,178985,11467,5536,5931
30580,189481,10467,91070,6621,179014,11469,5537,5932
30585,189512,10469,91086,6623,179043,11471,5538,5933
30590,189543,10471,91101,6625,179072,11474,5538,5936
30595,189574,10473,91117,6627,179101,11480,5541,5939
30600,189605,10473,91135,6627,179132,11485,5545,5940
30605,189636,10476,91146,6629,179160,11487,5546,5941
30610,189667,10479,91159,6631,179187,11489,5547,5942
30615,189698,10482,91177,6633,179215,11491,5548,5943
30620,189729,10484,91194,6634,179244,11493,5550,5943
30625,189760,10486,91213,6635,179273,11494,5551,5943
30630,189791,10488,91223,6636,179303,11495,5552,5943
30635,189822,10489,91237,6637,179333,11496,5553,5943
30640,189853,10490,91251,6638,179363,11497,5553,5944
30645,189884,10491,91264,6639,179392,11498,5553,5945
30650,189915,10493,91277,6641,179422,11499,5554,5945
30655,189946,10494,91290,6641,179451,11500,5554,5946
30660,189977,10496,91304,6642,179481,11501,5554,5947
30665,190008,10497,91316,6643,179511,11502,5554,5948
30670,190039,10498,91329,6643,179541,11503,5555,5948
30675,190070,10499,91344,6643,179571,11504,5556,5948
30680,190101,10500,91358,6644,179601,11505,5557,5948
30685,190132,10501,91370,6644,179631,11506,5557,5949
30690,190163,10502,91383,6644,179661,11507,5557,5950
30695,190194,10503,91397,6645,179691,11508,5557,5951
30700,190225,10504,91412,6646,179721,11509,5558,5951
30705,190256,10505,91426,6647,179751,11511,5559,5952
30710,190287,10507,91442,6648,179780,11516,5561,5955
30715,190318,10508,91450,6649,179810,11520,5562,5958
30720,190349,10510,91466,6650,179839,11522,5563,5959
30725,190380,10513,91483,6651,179867,11524,5565,5959
30730,190411,10514,91505,6652,179897,11525,5566,5959
30735,190442,10515,91518,6652,179927,11526,5567,5959
30740,190473,10516,91540,6653,179957,11527,5568,5959
30745,190504,10517,91556,6653,179987,11528,5568,5960
30750,190535,10518,91570,6653,180017,11529,5569,5960
30755,190566,10519,91585,6654,180047,11530,5570,5960
30760,190597,10520,91598,6655,180077,11531,5571,5960
30765,190628,10521,91615,6656,180107,11532,5571,5961
30770,190659,10522,91631,6656,180137,11533,5571,5962
30775,190690,10523,91649,6657,180167,11534,5572,5962
30780,190721,10524,91664,6658,180197,11535,5573,5962
30785,190752,10525,91681,6659,180227,11536,5574,5962
30790,190783,10526,91697,6659,180257,11536,5574,5962
30795,190814,10527,91715,6660,180287,11536,5574,5962
30800,190845,10528,91732,6661,180317,11536,5574,5962
30805,190876,10529,91748,6662,180347,11536,5574,5962
30810,190907,10530,91763,6663,180377,11536,5574,5962
30815,190938,10531,91776,6663,180407,11537,5575,5962
30820,190969,10532,91791,6664,180437,11539,5576,5963
30825,191000,10533,91811,6665,180466,11543,5578,5965
30830,191031,10537,91826,6667,180493,11547,5580,5967
30835,191062,10543,91836,6671,180519,11548,5581,5967
30840,191093,10547,91853,6675,180545,11549,5582,5967
30845,191124,10551,91869,6679,180573,11552,5584,5968
30850,191155,10552,91883,6680,180603,11554,5584,5970
30855,191186,10553,91896,6681,180633,11556,5584,5972
30860,191217,10554,91913,6681,180662,11557,5585,5972
30865,191248,10556,91930,6682,180692,11558,5586,5972
30870,191279,10557,91944,6682,180721,11559,5587,5972
30875,191310,10559,91966,6684,180750,11560,5588,5972
30880,191341,10561,91977,6686,180779,11561,5589,5972
30885,191372,10563,91993,6688,180809,11562,5589,5973
30890,191403,10564,92011,6688,180839,11564,5590,5974
30895,191434,10565,92027,6689,180868,11566,5592,5974
30900,191465,10567,92041,6690,180898,11568,5592,5976
30905,191496,10572,92053,6693,180924,11571,5592,5979
30910,191527,10575,92068,6694,180952,11574,5594,5980
30915,191558,10577,92084,6694,180981,11576,5595,5981
30920,191589,10580,92100,6696,181009,11578,5595,5983
30925,191620,10583,92116,6699,181037,11580,5596,5984
30930,191651,10585,92128,6701,181066,11582,5596,5986
30935,191682,10588,92138,6703,181094,11586,5598,5988
30940,191713,10591,92156,6705,181122,11591,5601,5990
30945,191744,10592,92170,6706,181152,11596,5603,5993
30950,191775,10593,92186,6707,181182,11598,5604,5994
30955,191806,10595,92200,6708,181211,11599,5604,5995
30960,191837,10595,92216,6708,181242,11600,5605,5995
30965,191868,10595,92231,6708,181273,11601,5606,5995
30970,191899,10595,92247,6708,181304,11602,5606,5996
30975,191930,10595,92263,6708,181335,11603,5607,5996
30980,191961,10595,92277,6708,181366,11604,5607,5997
30985,191992,10595,92292,6708,181397,11605,5608,5997
30990,192023,10595,92304,6708,181428,11606,5608,5998
30995,192054,10595,92323,6708,181459,11607,5609,5998
31000,192085,10595,92339,6708,181490,11608,5609,5999
31005,192116,10595,92351,6708,181521,11610,5609,6001
31010,192147,10596,92367,6709,181551,11612,5610,6002
31015,192178,10597,92378,6709,181581,11614,5611,6003
31020,192209,10598,92397,6710,181611,11616,5612,6004
31025,192240,10602,92413,6713,181638,11620,5614,6006
31030,192271,10606,92424,6715,181665,11624,5616,6008
31035,192302,10609,92436,6717,181693,11627,5617,6010
31040,192333,10611,92450,6719,181721,11630,5618,6012
31045,192364,10613,92468,6721,181750,11631,5618,6013
31050,192395,10615,92483,6723,181780,11632,5618,6014
31055,192426,10616,92496,6724,181810,11634,5619,6015
31060,192457,10617,92512,6724,181840,11636,5620,6016
31065,192488,10619,92532,6726,181869,11638,5622,6016
31070,192519,10621,92547,6727,181898,11640,5623,6017
31075,192550,10623,92560,6728,181926,11641,5623,6018
31080,192581,10626,92573,6730,181955,11642,5624,6018
31085,192612,10627,92585,6730,181985,11643,5625,6018
31090,192643,10629,92599,6731,182014,11644,5625,6019
31095,192674,10631,92613,6732,182043,11645,5626,6019
31100,192705,10633,92631,6733,182072,11646,5627,6019
31105,192736,10635,92644,6735,182101,11647,5628,6019
31110,192767,10636,92661,6736,182131,11648,5629,6019
31115,192798,10638,92675,6737,182160,11649,5629,6020
31120,192829,10640,92688,6738,182189,11651,5629,6022
31125,192860,10642,92706,6740,182218,11654,5631,6023
31130,192891,10644,92720,6742,182247,11657,5631,6026
31135,192922,10647,92733,6745,182275,11660,5634,6026
31140,192953,10650,92749,6746,182302,11662,5635,6027
31145,192984,10654,92766,6750,182330,11664,5637,6027
31150,193015,10655,92779,6750,182360,11666,5639,6027
31155,193046,10657,92798,6751,182389,11668,5641,6027
31160,193077,10658,92811,6751,182419,11670,5643,6027
31165,193108,10660,92828,6753,182448,11672,5644,6028
31170,193139,10662,92844,6754,182477,11674,5645,6029
31175,193170,10663,92860,6754,182506,11675,5645,6030
31180,193201,10664,92878,6755,182537,11677,5647,6030
31185,193232,10664,92897,6755,182568,11679,5649,6030
31190,193263,10665,92914,6755,182597,11680,5650,6030
31195,193294,10667,92928,6756,182626,11681,5650,6031
31200,193325,10670,92944,6759,182654,11682,5650,6032
31205,193356,10672,92962,6761,182684,11684,5650,6034
31210,193387,10673,92978,6762,182714,11686,5650,6036
31215,193418,10675,92992,6763,182743,11687,5651,6036
31220,193449,10676,93003,6763,182773,11688,5652,6036
31225,193480,10678,93017,6765,182802,11689,5652,6037
31230,193511,10680,93032,6766,182831,11690,5653,6037
31235,193542,10682,93044,6768,182860,11691,5654,6037
31240,193573,10683,93057,6769,182890,11692,5655,6037
31245,193604,10684,93069,6769,182920,11694,5656,6038
31250,193635,10685,93083,6770,182950,11697,5657,6040
31255,193666,10687,93102,6772,182979,11700,5659,6041
31260,193697,10689,93119,6774,183008,11703,5661,6042
31265,193728,10692,93134,6774,183036,11706,5662,6044
31270,193759,10695,93153,6776,183064,11708,5664,6044
31275,193790,10697,93170,6777,183093,11711,5666,6045
31280,193821,10700,93185,6779,183121,11714,5668,6046
31285,193852,10703,93198,6781,183149,11717,5671,6046
31290,193883,10706,93215,6782,183177,11720,5672,6048
31295,193914,10708,93229,6783,183206,11723,5674,6049
31300,193945,10711,93247,6784,183234,11726,5677,6049
31305,193976,10713,93258,6785,183262,11731,5681,6050
31310,194007,10716,93270,6786,183290,11736,5682,6054
31315,194038,10720,93281,6788,183318,11742,5684,6058
31320,194069,10721,93295,6788,183348,11747,5687,6060
31325,194100,10723,93313,6788,183376,11749,5688,6061
31330,194131,10728,93330,6792,183403,11751,5689,6062
31335,194162,10731,93343,6795,183430,11752,5690,6062
31340,194193,10734,93355,6797,183459,11753,5690,6063
31345,194224,10737,93364,6798,183486,11754,5690,6064
31350,194255,10741,93381,6801,183514,11755,5691,6064
31355,194286,10743,93395,6802,183543,11756,5692,6064
31360,194317,10746,93412,6803,183570,11757,5693,6064
31365,194348,10750,93431,6805,183598,11758,5693,6065
31370,194379,10752,93442,6807,183627,11759,5694,6065
31375,194410,10753,93455,6808,183657,11760,5694,6066
31380,194441,10754,93471,6808,183687,11761,5694,6067
31385,194472,10755,93487,6808,183717,11761,5694,6067
31390,194503,10756,93507,6809,183747,11761,5694,6067
31395,194534,10757,93521,6810,183777,11761,5694,6067
31400,194565,10758,93530,6810,183807,11761,5694,6067
31405,194596,10759,93546,6810,183837,11761,5694,6067
31410,194627,10760,93564,6811,183867,11761,5694,6067
31415,194658,10761,93578,6812,183897,11761,5694,6067
31420,194689,10762,93590,6813,183927,11761,5694,6067
31425,194720,10764,93607,6815,183956,11762,5695,6067
31430,194751,10766,93625,6817,183985,11764,5697,6067
31435,194782,10768,93642,6818,184013,11768,5700,6068
31440,194813,10770,93656,6819,184043,11772,5703,6069
31445,194844,10772,93667,6821,184071,11775,5704,6071
31450,194875,10774,93681,6822,184100,11778,5704,6074
31455,194906,10776,93695,6823,184129,11779,5704,6075
31460,194937,10778,93702,6824,184159,11780,5704,6076
31465,194968,10779,93713,6824,184188,11781,5704,6077
31470,194999,10781,93724,6826,184218,11782,5704,6078
31475,195030,10781,93737,6826,184249,11783,5704,6079
31480,195061,10781,93749,6826,184280,11784,5704,6080
31485,195092,10781,93761,6826,184311,11785,5705,6080
31490,195123,10782,93774,6826,184341,11786,5705,6081
31495,195154,10783,93788,6827,184371,11787,5705,6082
31500,195185,10784,93799,6827,184401,11788,5706,6082
31505,195216,10787,93817,6828,184429,11792,5709,6083
31510,195247,10789,93829,6828,184458,11795,5710,6085
31515,195278,10792,93847,6829,184486,11798,5713,6085
31520,195309,10794,93861,6830,184515,11801,5714,6087
31525,195340,10797,93876,6831,184543,11804,5716,6088
31530,195371,10800,93892,6834,184571,11806,5717,6089
31535,195402,10804,93905,6837,184598,11808,5717,6091
31540,195433,10807,93918,6840,184626,11810,5717,6093
31545,195464,10809,93932,6840,184655,11812,5718,6094
31550,195495,10814,93949,6844,184681,11815,5719,6096
31555,195526,10818,93967,6845,184708,11819,5719,6100
31560,195557,10825,93986,6850,184732,11823,5721,6102
31565,195588,10826,93998,6851,184761,11825,5722,6103
31570,195619,10828,94010,6852,184790,11826,5722,6104
31575,195650,10830,94022,6853,184820,11827,5723,6104
31580,195681,10831,94038,6853,184849,11828,5724,6104
31585,195712,10834,94055,6856,184877,11829,5724,6105
31590,195743,10837,94068,6858,184905,11830,5724,6106
31595,195774,10840,94081,6861,184934,11831,5725,6106
31600,195805,10842,94099,6863,184962,11832,5726,6106
31605,195836,10845,94113,6866,184991,11833,5726,6107
31610,195867,10845,94128,6866,185022,11834,5727,6107
31615,195898,10845,94151,6866,185053,11835,5728,6107
31620,195929,10845,94166,6866,185084,11836,5729,6107
31625,195960,10845,94181,6866,185115,11837,5729,6108
31630,195991,10845,94197,6866,185146,11838,5729,6109
31635,196022,10845,94218,6866,185177,11839,5730,6109
31640,196053,10845,94230,6866,185208,11840,5730,6110
31645,196084,10845,94243,6866,185239,11841,5731,6110
31650,196115,10845,94257,6866,185270,11842,5732,6110
31655,196146,10845,94268,6866,185301,11843,5732,6111
31660,196177,10845,94287,6866,185332,11844,5733,6111
31665,196208,10845,94304,6866,185363,11845,5733,6112
31670,196239,10847,94316,6866,185392,11847,5734,6113
31675,196270,10849,94329,6868,185421,11852,5736,6116
31680,196301,10852,94349,6871,185449,11856,5738,6118
31685,196332,10853,94364,6872,185479,11857,5738,6119
31690,196363,10854,94382,6873,185509,11858,5739,6119
31695,196394,10855,94396,6874,185539,11859,5740,6119
31700,196425,10856,94409,6875,185569,11860,5741,6119
31705,196456,10858,94425,6876,185598,11860,5741,6119
31710,196487,10859,94440,6877,185628,11860,5741,6119
31715,196518,10860,94455,6878,185658,11860,5741,6119
31720,196549,10861,94466,6878,185688,11860,5741,6119
31725,196580,10863,94477,6879,185717,11860,5741,6119
31730,196611,10865,94484,6879,185745,11860,5741,6119
31735,196642,10868,94496,6881,185774,11860,5741,6119
31740,196673,10870,94509,6882,185802,11860,5741,6119
31745,196704,10874,94523,6884,185829,11861,5742,6119
31750,196735,10876,94536,6885,185859,11862,5743,6119
31755,196766,10879,94551,6887,185887,11863,5744,6119
31760,196797,10881,94570,6889,185915,11864,5745,6119
31765,196828,10884,94587,6892,185943,11865,5745,6120
31770,196859,10886,94600,6894,185973,11866,5745,6121
31775,196890,10888,94610,6895,186001,11867,5745,6122
31780,196921,10890,94624,6897,186031,11868,5745,6123
31785,196952,10890,94636,6897,186062,11870,5745,6125
31790,196983,10891,94647,6898,186092,11873,5747,6126
31795,197014,10892,94665,6899,186122,11876,5749,6127
31800,197045,10893,94681,6899,186152,11879,5750,6129
31805,197076,10895,94694,6900,186181,11882,5751,6131
31810,197107,10897,94708,6901,186210,11885,5753,6132
31815,197138,10899,94719,6903,186239,11887,5753,6134
31820,197169,10902,94735,6906,186267,11889,5754,6135
31825,197200,10905,94752,6908,186295,11891,5756,6135
31830,197231,10907,94768,6910,186324,11893,5758,6135
31835,197262,10910,94780,6912,186352,11895,5758,6137
31840,197293,10912,94790,6912,186381,11897,5758,6139
31845,197324,10915,94804,6913,186409,11899,5759,6140
31850,197355,10917,94820,6914,186438,11901,5760,6141
31855,197386,10920,94835,6916,186466,11903,5762,6141
31860,197417,10923,94845,6918,186494,11905,5762,6143
31865,197448,10924,94860,6919,186524,11907,5763,6144
31870,197479,10925,94879,6920,186554,11909,5765,6144
31875,197510,10926,94894,6920,186584,11911,5766,6145
31880,197541,10927,94906,6920,186614,11913,5767,6146
31885,197572,10928,94920,6920,186644,11915,5767,6148
31890,197603,10929,94936,6920,186674,11916,5768,6148
31895,197634,10930,94952,6921,186704,11919,5769,6150
31900,197665,10931,94971,6921,186734,11921,5770,6151
31905,197696,10933,94990,6923,186762,11923,5771,6152
31910,197727,10936,95009,6925,186791,11924,5772,6152
31915,197758,10937,95025,6925,186820,11925,5773,6152
31920,197789,10939,95040,6926,186849,11927,5774,6153
31925,197820,10941,95054,6928,186879,11929,5775,6154
31930,197851,10942,95069,6929,186908,11931,5776,6155
31935,197882,10944,95080,6931,186937,11933,5776,6157
31940,197913,10946,95092,6932,186966,11935,5777,6158
31945,197944,10948,95111,6933,186995,11937,5777,6160
31950,197975,10950,95126,6934,187024,11939,5778,6161
31955,198006,10952,95139,6936,187053,11941,5778,6163
31960,198037,10954,95154,6937,187082,11943,5780,6163
31965,198068,10956,95169,6938,187111,11945,5782,6163
31970,198099,10959,95182,6940,187140,11948,5783,6165
31975,198130,10960,95199,6941,187170,11951,5783,6168
31980,198161,10961,95213,6942,187200,11954,5783,6171
31985,198192,10963,95230,6944,187229,11956,5783,6173
31990,198223,10964,95246,6944,187259,11958,5784,6174
31995,198254,10965,95258,6945,187289,11960,5785,6175
32000,198285,10966,95270,6945,187319,11962,5786,6176
32005,198316,10967,95285,6946,187349,11964,5787,6177
32010,198347,10968,95300,6947,187379,11966,5789,6177
32015,198378,10970,95311,6947,187407,11970,5790,6180
32020,198409,10975,95328,6951,187434,11974,5792,6182
32025,198440,10978,95347,6953,187462,11978,5794,6184
32030,198471,10982,95368,6955,187488,11982,5798,6184
32035,198502,10987,95380,6959,187515,11986,5800,6186
32040,198533,10989,95393,6960,187544,11989,5801,6188
32045,198564,10993,95409,6963,187571,11991,5802,6189
32050,198595,10995,95421,6964,187600,11992,5803,6189
32055,198626,10997,95433,6965,187629,11992,5803,6189
32060,198657,10999,95445,6965,187658,11992,5803,6189
32065,198688,11001,95459,6965,187687,11992,5803,6189
32070,198719,11004,95479,6967,187715,11992,5803,6189
32075,198750,11006,95496,6968,187744,11992,5803,6189
32080,198781,11007,95509,6969,187774,11992,5803,6189
32085,198812,11008,95525,6970,187804,11992,5803,6189
32090,198843,11009,95534,6970,187834,11994,5804,6190
32095,198874,11011,95547,6971,187863,11996,5805,6191
32100,198905,11013,95560,6972,187892,11998,5807,6191
32105,198936,11014,95576,6972,187922,11999,5807,6192
32110,198967,11015,95589,6972,187952,11999,5807,6192
32115,198998,11016,95600,6973,187982,11999,5807,6192
32120,199029,11017,95615,6973,188012,11999,5807,6192
32125,199060,11018,95634,6974,188042,11999,5807,6192
32130,199091,11019,95648,6975,188072,11999,5807,6192
32135,199122,11020,95668,6975,188102,11999,5807,6192
32140,199153,11021,95686,6975,188132,12000,5807,6193
32145,199184,11022,95698,6975,188162,12001,5808,6193
32150,199215,11025,95715,6976,188190,12004,5809,6195
32155,199246,11027,95730,6977,188218,12008,5809,6199
32160,199277,11030,95745,6979,188246,12011,5810,6201
32165,199308,11033,95765,6981,188275,12016,5814,6202
32170,199339,11035,95778,6983,188304,12019,5816,6203
32175,199370,11037,95794,6984,188333,12021,5816,6205
32180,199401,11040,95813,6985,188361,12023,5818,6205
32185,199432,11043,95832,6987,188389,12025,5820,6205
32190,199463,11046,95847,6990,188417,12027,5822,6205
32195,199494,11048,95863,6991,188446,12029,5823,6206
32200,199525,11051,95875,6993,188474,12031,5823,6208
32205,199556,11055,95886,6995,188501,12033,5824,6209
32210,199587,11059,95904,6999,188528,12036,5826,6210
32215,199618,11061,95920,7000,188557,12039,5827,6212
32220,199649,11063,95940,7001,188586,12042,5828,6214
32225,199680,11065,95955,7003,188615,12046,5831,6215
32230,199711,11067,95972,7005,188643,12049,5832,6217
32235,199742,11071,95985,7007,188671,12050,5832,6218
32240,199773,11074,96000,7009,188699,12051,5832,6219
32245,199804,11075,96012,7009,188729,12052,5833,6219
32250,199835,11076,96031,7010,188759,12053,5833,6220
32255,199866,11077,96047,7010,188788,12054,5833,6221
32260,199897,11079,96065,7012,188818,12055,5833,6222
32265,199928,11080,96077,7012,188848,12056,5833,6223
32270,199959,11081,96091,7012,188878,12057,5834,6223
32275,199990,11082,96106,7013,188907,12059,5835,6224
32280,200021,11084,96122,7015,188936,12061,5837,6224
32285,200052,11086,96138,7017,188966,12063,5839,6224
32290,200083,11087,96153,7018,188996,12065,5839,6226
32295,200114,11088,96166,7018,189026,12067,5840,6227
32300,200145,11089,96180,7018,189056,12069,5842,6227
32305,200176,11090,96197,7018,189086,12070,5843,6227
32310,200207,11091,96213,7018,189116,12071,5844,6227
32315,200238,11092,96232,7018,189146,12072,5845,6227
32320,200269,11093,96242,7018,189176,12073,5845,6228
32325,200300,11094,96258,7018,189206,12074,5845,6229
32330,200331,11095,96272,7018,189236,12076,5846,6230
32335,200362,11097,96284,7019,189265,12079,5848,6231
32340,200393,11099,96299,7020,189294,12083,5850,6233
32345,200424,11101,96313,7022,189323,12086,5851,6235
32350,200455,11103,96325,7023,189352,12089,5852,6237
32355,200486,11105,96338,7023,189381,12092,5854,6238
32360,200517,11107,96353,7023,189410,12095,5857,6238
32365,200548,11109,96364,7024,189439,12098,5858,6240
32370,200579,11112,96376,7026,189466,12101,5858,6243
32375,200610,11116,96395,7029,189494,12104,5860,6244
32380,200641,11119,96411,7030,189522,12107,5862,6245
32385,200672,11121,96425,7030,189551,12110,5864,6246
32390,200703,11123,96440,7030,189579,12113,5866,6247
32395,200734,11128,96452,7033,189606,12116,5866,6250
32400,200765,11130,96467,7034,189634,12121,5868,6253
32405,200796,11133,96484,7036,189663,12124,5870,6254
32410,200827,11135,96500,7037,189692,12127,5871,6256
32415,200858,11135,96515,7037,189723,12129,5872,6257
32420,200889,11135,96527,7037,189754,12131,5873,6258
32425,200920,11135,96550,7037,189785,12133,5875,6258
32430,200951,11135,96567,7037,189816,12134,5875,6259
32435,200982,11135,96578,7037,189847,12135,5876,6259
32440,201013,11135,96594,7037,189878,12136,5876,6260
32445,201044,11135,96613,7037,189909,12137,5877,6260
32450,201075,11136,96630,7038,189939,12138,5878,6260
32455,201106,11138,96649,7039,189968,12139,5879,6260
32460,201137,11139,96665,7039,189998,12140,5879,6261
32465,201168,11142,96687,7041,190026,12141,5880,6261
32470,201199,11144,96704,7042,190055,12142,5880,6262
32475,201230,11147,96723,7044,190082,12143,5881,6262
32480,201261,11150,96741,7046,190111,12143,5881,6262
32485,201292,11152,96758,7047,190139,12143,5881,6262
32490,201323,11154,96773,7048,190169,12143,5881,6262
32495,201354,11155,96789,7048,190199,12143,5881,6262
32500,201385,11156,96799,7048,190229,12143,5881,6262
32505,201416,11157,96812,7048,190259,12143,5881,6262
32510,201447,11159,96831,7050,190288,12143,5881,6262
32515,201478,11160,96844,7051,190318,12146,5882,6264
32520,201509,11162,96864,7052,190347,12149,5884,6265
32525,201540,11164,96883,7054,190376,12152,5885,6267
32530,201571,11165,96902,7055,190406,12153,5885,6268
32535,201602,11166,96920,7056,190436,12155,5885,6270
32540,201633,11167,96933,7057,190466,12157,5886,6271
32545,201664,11168,96950,7058,190496,12159,5887,6272
32550,201695,11169,96965,7058,190526,12162,5890,6272
32555,201726,11170,96977,7058,190556,12165,5892,6273
32560,201757,11171,96992,7058,190586,12168,5894,6274
32565,201788,11172,97008,7059,190616,12172,5896,6276
32570,201819,11174,97024,7060,190645,12176,5899,6277
32575,201850,11177,97041,7062,190673,12179,5900,6279
32580,201881,11179,97055,7063,190702,12182,5900,6282
32585,201912,11182,97067,7065,190730,12183,5901,6282
32590,201943,11183,97084,7066,190760,12184,5902,6282
32595,201974,11184,97098,7067,190789,12185,5902,6283
32600,202005,11186,97113,7069,190819,12186,5902,6284
32605,202036,11187,97130,7070,190849,12187,5903,6284
32610,202067,11188,97145,7070,190879,12188,5904,6284
32615,202098,11189,97158,7071,190908,12189,5904,6285
32620,202129,11191,97170,7072,190938,12190,5905,6285
32625,202160,11192,97187,7072,190968,12191,5905,6286
32630,202191,11193,97204,7072,190998,12192,5906,6286
32635,202222,11194,97215,7072,191027,12195,5908,6287
32640,202253,11196,97232,7073,191056,12198,5909,6289
32645,202284,11199,97248,7075,191085,12201,5912,6289
32650,202315,11200,97258,7075,191115,12204,5913,6291
32655,202346,11201,97272,7075,191144,12206,5915,6291
32660,202377,11204,97286,7077,191172,12208,5916,6292
32665,202408,11206,97304,7079,191202,12210,5918,6292
32670,202439,11207,97316,7080,191232,12212,5919,6293
32675,202470,11208,97327,7081,191262,12214,5919,6295
32680,202501,11210,97348,7083,191291,12216,5921,6295
32685,202532,11210,97359,7083,191322,12219,5922,6297
32690,202563,11210,97375,7083,191353,12222,5923,6299
32695,202594,11212,97397,7085,191382,12226,5925,6301
32700,202625,11214,97413,7086,191411,12230,5927,6303
32705,202656,11217,97431,7088,191439,12234,5929,6305
32710,202687,11220,97450,7090,191467,12238,5931,6307
32715,202718,11221,97462,7091,191497,12239,5932,6307
32720,202749,11222,97473,7091,191527,12240,5933,6307
32725,202780,11223,97489,7091,191557,12241,5934,6307
32730,202811,11224,97506,7092,191587,12242,5935,6307
32735,202842,11225,97520,7092,191617,12243,5935,6308
32740,202873,11226,97536,7092,191647,12244,5935,6309
32745,202904,11227,97552,7093,191677,12245,5936,6309
32750,202935,11228,97567,7093,191707,12246,5936,6310
32755,202966,11229,97585,7093,191737,12248,5937,6311
32760,202997,11230,97604,7094,191767,12250,5939,6311
32765,203028,11231,97619,7094,191797,12252,5940,6312
32770,203059,11232,97634,7094,191827,12255,5942,6313
32775,203090,11233,97644,7094,191857,12258,5943,6315
32780,203121,11234,97655,7095,191887,12261,5945,6316
32785,203152,11236,97668,7095,191916,12264,5946,6318
32790,203183,11239,97684,7097,191944,12265,5947,6318
32795,203214,11241,97700,7098,191973,12266,5948,6318
32800,203245,11243,97716,7100,192002,12268,5949,6319
32805,203276,11245,97732,7101,192030,12270,5950,6320
32810,203307,11248,97743,7103,192059,12272,5951,6321
32815,203338,11252,97758,7107,192085,12276,5952,6324
32820,203369,11255,97773,7109,192114,12281,5955,6326
32825,203400,11257,97783,7110,192142,12284,5955,6329
32830,203431,11260,97796,7112,192171,12287,5957,6330
32835,203462,11264,97812,7115,192198,12289,5958,6331
32840,203493,11269,97829,7118,192223,12291,5959,6332
32845,203524,11273,97839,7121,192251,12293,5959,6334
32850,203555,11277,97853,7124,192278,12295,5960,6335
32855,203586,11280,97871,7125,192305,12297,5960,6337
32860,203617,11284,97882,7128,192332,12299,5960,6339
32865,203648,11290,97902,7132,192358,12301,5962,6339
32870,203679,11293,97921,7134,192386,12303,5964,6339
32875,203710,11294,97937,7134,192416,12305,5965,6340
32880,203741,11295,97952,7134,192446,12307,5966,6341
32885,203772,11295,97964,7134,192477,12309,5966,6343
32890,203803,11295,97978,7134,192508,12312,5967,6345
32895,203834,11295,97993,7134,192539,12315,5967,6348
32900,203865,11295,98011,7134,192570,12318,5967,6351
32905,203896,11295,98023,7134,192601,12320,5968,6352
32910,203927,11295,98037,7134,192632,12322,5969,6353
32915,203958,11295,98049,7134,192663,12323,5969,6354
32920,203989,11295,98063,7134,192694,12324,5969,6355
32925,204020,11296,98076,7134,192724,12325,5969,6356
32930,204051,11297,98086,7135,192754,12325,5969,6356
32935,204082,11298,98105,7135,192784,12325,5969,6356
32940,204113,11299,98126,7136,192814,12326,5970,6356
32945,204144,11300,98143,7137,192844,12327,5971,6356
32950,204175,11301,98161,7137,192874,12328,5971,6357
32955,204206,11302,98180,7138,192903,12329,5972,6357
32960,204237,11304,98198,7139,192933,12330,5972,6358
32965,204268,11306,98213,7140,192962,12331,5973,6358
32970,204299,11308,98228,7141,192991,12332,5974,6358
32975,204330,11310,98242,7142,193020,12333,5974,6359
32980,204361,11312,98256,7143,193048,12334,5974,6360
32985,204392,11315,98271,7145,193077,12335,5975,6360
32990,204423,11319,98290,7147,193104,12337,5976,6361
32995,204454,11323,98305,7150,193130,12339,5977,6362
33000,204485,11328,98321,7153,193156,12341,5978,6363
33005,204516,11332,98335,7156,193183,12343,5978,6365
33010,204547,11335,98347,7158,193212,12346,5979,6367
33015,204578,11338,98363,7159,193240,12350,5981,6369
33020,204609,11340,98374,7159,193269,12353,5983,6370
33025,204640,11342,98389,7161,193297,12356,5985,6371
33030,204671,11345,98397,7162,193326,12359,5985,6374
33035,204702,11347,98412,7163,193355,12362,5987,6375
33040,204733,11350,98427,7165,193383,12364,5988,6376
33045,204764,11353,98441,7167,193411,12366,5989,6377
33050,204795,11356,98456,7169,193439,12368,5990,6378
33055,204826,11358,98476,7171,193467,12370,5991,6379
33060,204857,11362,98494,7175,193494,12372,5991,6381
33065,204888,11365,98509,7178,193523,12373,5991,6382
33070,204919,11367,98522,7180,193552,12374,5991,6383
33075,204950,11369,98537,7180,193581,12374,5991,6383
33080,204981,11371,98551,7181,193610,12374,5991,6383
33085,205012,11373,98567,7182,193639,12374,5991,6383
33090,205043,11375,98585,7182,193668,12374,5991,6383
33095,205074,11377,98601,7183,193697,12374,5991,6383
33100,205105,11379,98615,7184,193726,12374,5991,6383
33105,205136,11381,98628,7184,193755,12374,5991,6383
33110,205167,11383,98642,7185,193784,12374,5991,6383
33115,205198,11385,98654,7187,193813,12374,5991,6383
33120,205229,11387,98667,7188,193842,12375,5991,6384
33125,205260,11389,98687,7190,193871,12376,5992,6384
33130,205291,11391,98702,7191,193900,12377,5993,6384
33135,205322,11393,98715,7191,193929,12378,5993,6385
33140,205353,11395,98732,7192,193958,12380,5993,6387
33145,205384,11397,98746,7194,193987,12381,5993,6388
33150,205415,11400,98762,7197,194015,12382,5993,6389
33155,205446,11402,98772,7199,194044,12383,5993,6390
33160,205477,11405,98785,7200,194072,12384,5993,6391
33165,205508,11406,98803,7201,194102,12386,5995,6391
33170,205539,11409,98825,7203,194129,12388,5996,6392
33175,205570,11412,98839,7205,194158,12390,5997,6393
33180,205601,11416,98855,7208,194185,12392,5998,6394
33185,205632,11418,98871,7208,194213,12394,5999,6395
33190,205663,11419,98888,7209,194244,12395,6000,6395
33195,205694,11419,98906,7209,194275,12396,6001,6395
33200,205725,11419,98923,7209,194306,12397,6001,6396
33205,205756,11419,98938,7209,194337,12398,6001,6397
33210,205787,11419,98949,7209,194368,12399,6001,6398
33215,205818,11419,98966,7209,194399,12400,6001,6399
33220,205849,11419,98981,7209,194430,12401,6001,6400
33225,205880,11419,98996,7209,194461,12402,6002,6400
33230,205911,11419,99018,7209,194492,12403,6002,6401
33235,205942,11419,99030,7209,194523,12404,6002,6402
33240,205973,11419,99044,7209,194554,12405,6003,6402
33245,206004,11419,99057,7209,194585,12408,6004,6404
33250,206035,11419,99073,7209,194616,12411,6006,6405
33255,206066,11419,99088,7209,194647,12414,6006,6408
33260,206097,11419,99102,7209,194678,12417,6009,6408
33265,206128,11419,99116,7209,194709,12419,6011,6408
33270,206159,11419,99136,7209,194740,12421,6013,6408
33275,206190,11419,99147,7209,194771,12423,6013,6410
33280,206221,11420,99162,7209,194801,12425,6014,6411
33285,206252,11421,99178,7209,194831,12427,6015,6412
33290,206283,11423,99190,7210,194860,12428,6015,6413
33295,206314,11426,99204,7212,194887,12432,6017,6415
33300,206345,11432,99216,7215,194912,12436,6020,6416
33305,206376,11436,99233,7218,194940,12438,6020,6418
33310,206407,11438,99248,7218,194969,12439,6021,6418
33315,206438,11439,99263,7218,194999,12440,6022,6418
33320,206469,11440,99279,7219,195029,12441,6022,6419
33325,206500,11441,99293,7219,195059,12442,6022,6420
33330,206531,11442,99308,7220,195089,12443,6022,6421
33335,206562,11443,99324,7221,195119,12444,6022,6422
33340,206593,11444,99340,7222,195149,12445,6022,6423
33345,206624,11445,99355,7222,195179,12446,6023,6423
33350,206655,11446,99372,7222,195209,12447,6023,6424
33355,206686,11447,99385,7223,195239,12448,6023,6425
33360,206717,11448,99403,7223,195269,12449,6023,6426
33365,206748,11450,99414,7223,195298,12450,6024,6426
33370,206779,11452,99427,7223,195326,12451,6025,6426
33375,206810,11455,99442,7225,195355,12452,6026,6426
33380,206841,11457,99456,7226,195384,12453,6026,6427
33385,206872,11459,99473,7226,195413,12454,6027,6427
33390,206903,11461,99486,7227,195441,12456,6027,6429
33395,206934,11464,99501,7230,195469,12458,6028,6430
33400,206965,11467,99519,7231,195498,12460,6028,6432
33405,206996,11470,99532,7232,195526,12462,6030,6432
33410,207027,11473,99544,7235,195553,12467,6031,6436
33415,207058,11477,99563,7238,195580,12471,6033,6438
33420,207089,11482,99583,7243,195607,12475,6035,6440
33425,207120,11483,99596,7243,195637,12479,6037,6442
33430,207151,11484,99614,7243,195667,12482,6040,6442
33435,207182,11485,99631,7244,195697,12484,6042,6442
33440,207213,11486,99646,7245,195727,12486,6044,6442
33445,207244,11487,99658,7246,195757,12488,6044,6444
33450,207275,11488,99674,7246,195787,12490,6045,6445
33455,207306,11489,99691,7246,195817,12491,6045,6446
33460,207337,11491,99709,7248,195846,12492,6045,6447
33465,207368,11493,99725,7250,195875,12493,6046,6447
33470,207399,11494,99737,7250,195905,12494,6047,6447
33475,207430,11495,99748,7250,195935,12495,6047,6448
33480,207461,11496,99768,7250,195965,12496,6048,6448
33485,207492,11497,99786,7251,195995,12496,6048,6448
33490,207523,11499,99802,7253,196024,12496,6048,6448
33495,207554,11501,99818,7254,196053,12496,6048,6448
33500,207585,11502,99830,7254,196083,12496,6048,6448
33505,207616,11504,99841,7256,196112,12496,6048,6448
33510,207647,11505,99855,7257,196142,12496,6048,6448
33515,207678,11506,99868,7258,196172,12496,6048,6448
33520,207709,11509,99885,7259,196200,12496,6048,6448
33525,207740,11510,99902,7259,196229,12497,6048,6449
33530,207771,11514,99913,7261,196257,12500,6050,6450
33535,207802,11516,99928,7261,196286,12504,6052,6452
33540,207833,11520,99944,7264,196312,12506,6053,6453
33545,207864,11523,99960,7267,196341,12507,6054,6453
33550,207895,11525,99975,7269,196369,12507,6054,6453
33555,207926,11528,99993,7272,196397,12508,6055,6453
33560,207957,11531,100013,7274,196425,12509,6056,6453
33565,207988,11533,100028,7275,196454,12510,6056,6454
33570,208019,11535,100037,7276,196483,12511,6056,6455
33575,208050,11537,100053,7278,196512,12512,6056,6456
33580,208081,11539,100071,7280,196541,12513,6056,6457
33585,208112,11541,100089,7281,196571,12514,6056,6458
33590,208143,11542,100102,7281,196601,12516,6057,6459
33595,208174,11543,100116,7282,196631,12518,6057,6461
33600,208205,11544,100130,7283,196661,12520,6059,6461
33605,208236,11545,100145,7283,196691,12523,6061,6462
33610,208267,11546,100157,7283,196721,12525,6061,6464
33615,208298,11547,100173,7283,196751,12527,6062,6465
33620,208329,11548,100188,7284,196781,12529,6062,6467
33625,208360,11549,100202,7284,196811,12530,6062,6468
33630,208391,11550,100215,7284,196841,12531,6062,6469
33635,208422,11551,100231,7284,196871,12532,6062,6470
33640,208453,11552,100246,7284,196901,12533,6063,6470
33645,208484,11553,100262,7284,196931,12535,6064,6471
33650,208515,11554,100277,7284,196961,12538,6065,6473
33655,208546,11556,100290,7285,196990,12540,6065,6475
33660,208577,11557,100304,7286,197020,12542,6067,6475
33665,208608,11560,100321,7288,197048,12545,6068,6477
33670,208639,11563,100338,7290,197075,12547,6070,6477
33675,208670,11566,100353,7292,197103,12548,6070,6478
33680,208701,11570,100367,7295,197131,12549,6070,6479
33685,208732,11573,100382,7298,197158,12550,6070,6480
33690,208763,11577,100403,7302,197185,12551,6070,6481
33695,208794,11580,100419,7304,197214,12552,6070,6482
33700,208825,11582,100436,7305,197243,12553,6071,6482
33705,208856,11584,100453,7306,197271,12554,6071,6483
33710,208887,11587,100469,7309,197299,12556,6072,6484
33715,208918,11590,100483,7310,197328,12559,6073,6486
33720,208949,11592,100500,7312,197357,12562,6074,6488
33725,208980,11594,100512,7313,197385,12566,6077,6489
33730,209011,11595,100526,7314,197416,12571,6078,6493
33735,209042,11595,100544,7314,197447,12576,6082,6494
33740,209073,11595,100560,7314,197478,12579,6083,6496
33745,209104,11595,100577,7314,197509,12581,6085,6496
33750,209135,11595,100592,7314,197540,12583,6087,6496
33755,209166,11596,100608,7315,197570,12584,6087,6497
33760,209197,11597,100620,7316,197600,12585,6087,6498
33765,209228,11598,100634,7316,197630,12586,6087,6499
33770,209259,11600,100648,7317,197659,12588,6088,6500
33775,209290,11601,100667,7318,197689,12591,6091,6500
33780,209321,11602,100681,7318,197719,12594,6093,6501
33785,209352,11605,100698,7319,197747,12595,6093,6502
33790,209383,11608,100714,7320,197775,12596,6093,6503
33795,209414,11611,100728,7321,197803,12597,6094,6503
33800,209445,11614,100741,7323,197831,12598,6095,6503
33805,209476,11617,100762,7323,197859,12599,6096,6503
33810,209507,11620,100777,7323,197887,12600,6097,6503
33815,209538,11623,100793,7325,197915,12601,6097,6504
33820,209569,11626,100808,7326,197943,12602,6098,6504
33825,209600,11629,100827,7328,197971,12603,6099,6504
33830,209631,11632,100840,7329,197999,12604,6099,6505
33835,209662,11635,100850,7330,198026,12605,6099,6506
33840,209693,11640,100862,7334,198052,12607,6101,6506
33845,209724,11642,100880,7336,198082,12610,6103,6507
33850,209755,11643,100892,7336,198112,12612,6105,6507
33855,209786,11644,100906,7337,198142,12614,6105,6509
33860,209817,11645,100921,7337,198172,12616,6106,6510
33865,209848,11646,100942,7338,198202,12617,6107,6510
33870,209879,11647,100960,7339,198232,12618,6107,6511
33875,209910,11648,100971,7339,198262,12619,6108,6511
33880,209941,11649,100983,7339,198292,12620,6108,6512
33885,209972,11650,101001,7340,198322,12622,6110,6512
33890,210003,11651,101017,7341,198352,12625,6112,6513
33895,210034,11651,101030,7341,198383,12628,6112,6516
33900,210065,11651,101045,7341,198414,12631,6113,6518
33905,210096,11654,101066,7343,198442,12634,6115,6519
33910,210127,11656,101086,7345,198471,12637,6117,6520
33915,210158,11657,101102,7346,198501,12640,6119,6521
33920,210189,11659,101124,7347,198530,12643,6120,6523
33925,210220,11660,101140,7348,198560,12645,6121,6524
33930,210251,11661,101158,7349,198590,12647,6122,6525
33935,210282,11663,101171,7351,198619,12649,6122,6527
33940,210313,11665,101188,7352,198648,12651,6122,6529
33945,210344,11665,101204,7352,198679,12653,6124,6529
33950,210375,11667,101219,7354,198708,12655,6124,6531
33955,210406,11668,101232,7354,198738,12657,6125,6532
33960,210437,11670,101248,7355,198767,12659,6126,6533
33965,210468,11674,101262,7356,198793,12660,6127,6533
33970,210499,11677,101273,7358,198821,12661,6127,6534
33975,210530,11680,101290,7360,198849,12662,6128,6534
33980,210561,11683,101303,7362,198877,12663,6129,6534
33985,210592,11688,101318,7366,198904,12664,6130,6534
33990,210623,11688,101332,7366,198935,12665,6130,6535
33995,210654,11688,101346,7366,198966,12666,6130,6536
34000,210685,11688,101363,7366,198997,12667,6130,6537
34005,210716,11688,101375,7366,199028,12668,6131,6537
34010,210747,11688,101392,7366,199059,12669,6131,6538
34015,210778,11688,101407,7366,199090,12671,6132,6539
34020,210809,11688,101426,7366,199121,12673,6134,6539
34025,210840,11688,101445,7366,199152,12676,6137,6539
34030,210871,11688,101456,7366,199183,12678,6137,6541
34035,210902,11688,101471,7366,199214,12680,6138,6542
34040,210933,11688,101486,7366,199245,12682,6138,6544
34045,210964,11688,101505,7366,199276,12684,6139,6545
34050,210995,11688,101519,7366,199307,12687,6141,6546
34055,211026,11688,101535,7366,199338,12691,6142,6549
34060,211057,11688,101544,7366,199369,12695,6143,6552
34065,211088,11688,101556,7366,199400,12699,6145,6554
34070,211119,11688,101572,7366,199431,12703,6148,6555
34075,211150,11689,101588,7366,199461,12707,6148,6559
34080,211181,11692,101608,7369,199489,12711,6151,6560
34085,211212,11693,101625,7370,199519,12713,6153,6560
34090,211243,11695,101640,7370,199548,12715,6155,6560
34095,211274,11698,101655,7371,199576,12717,6156,6561
34100,211305,11701,101668,7374,199604,12719,6156,6563
34105,211336,11705,101684,7377,199631,12721,6158,6563
34110,211367,11708,101694,7377,199659,12723,6159,6564
34115,211398,11711,101710,7379,199687,12725,6161,6564
34120,211429,11714,101724,7381,199715,12727,6161,6566
34125,211460,11717,101735,7381,199743,12729,6163,6566
34130,211491,11720,101752,7383,199771,12732,6165,6567
34135,211522,11723,101763,7385,199799,12735,6167,6568
34140,211553,11727,101781,7387,199826,12737,6167,6570
34145,211584,11732,101797,7392,199852,12737,6167,6570
34150,211615,11736,101813,7395,199879,12737,6167,6570
34155,211646,11739,101824,7397,199907,12737,6167,6570
34160,211677,11744,101839,7402,199933,12737,6167,6570
34165,211708,11747,101852,7403,199961,12737,6167,6570
34170,211739,11753,101863,7409,199986,12738,6168,6570
34175,211770,11758,101880,7413,200011,12739,6169,6570
34180,211801,11762,101892,7416,200038,12740,6169,6571
34185,211832,11765,101905,7418,200066,12742,6169,6573
34190,211863,11771,101916,7422,200091,12745,6172,6573
34195,211894,11777,101931,7427,200116,12748,6173,6575
34200,211925,11783,101942,7431,200142,12751,6173,6578
34205,211956,11783,101956,7431,200173,12753,6174,6579
34210,211987,11783,101967,7431,200204,12753,6174,6579
34215,212018,11783,101983,7431,200235,12753,6174,6579
34220,212049,11783,101998,7431,200266,12753,6174,6579
34225,212080,11783,102009,7431,200297,12753,6174,6579
34230,212111,11783,102024,7431,200328,12753,6174,6579
34235,212142,11783,102038,7431,200359,12753,6174,6579
34240,212173,11783,102054,7431,200390,12754,6175,6579
34245,212204,11783,102064,7431,200421,12756,6176,6580
34250,212235,11783,102077,7431,200452,12759,6177,6582
34255,212266,11783,102092,7431,200483,12761,6178,6583
34260,212297,11783,102106,7431,200514,12763,6179,6584
34265,212328,11783,102120,7431,200545,12764,6180,6584
34270,212359,11783,102138,7431,200576,12765,6181,6584
34275,212390,11783,102154,7431,200607,12766,6181,6585
34280,212421,11783,102173,7431,200638,12767,6181,6586
34285,212452,11783,102186,7431,200669,12768,6181,6587
34290,212483,11784,102201,7431,200699,12769,6181,6588
34295,212514,11785,102221,7431,200729,12770,6181,6589
34300,212545,11786,102238,7432,200759,12771,6181,6590
34305,212576,11787,102254,7433,200788,12772,6182,6590
34310,212607,11790,102269,7434,200816,12774,6183,6591
34315,212638,11794,102282,7435,200843,12777,6185,6592
34320,212669,11799,102295,7438,200870,12780,6187,6593
34325,212700,11802,102311,7440,200898,12782,6187,6595
34330,212731,11804,102325,7440,200927,12784,6188,6596
34335,212762,11807,102345,7442,200955,12786,6189,6597
34340,212793,11809,102359,7444,200984,12787,6189,6598
34345,212824,11812,102376,7446,201012,12788,6189,6599
34350,212855,11814,102388,7446,201041,12789,6190,6599
34355,212886,11816,102398,7447,201070,12791,6191,6600
34360,212917,11818,102414,7447,201099,12793,6192,6601
34365,212948,11821,102428,7448,201127,12796,6193,6603
34370,212979,11824,102442,7451,201155,12799,6195,6604
34375,213010,11826,102463,7453,201184,12802,6197,6605
34380,213041,11828,102479,7453,201213,12804,6199,6605
34385,213072,11829,102495,7454,201243,12806,6200,6606
34390,213103,11830,102515,7455,201273,12808,6201,6607
34395,213134,11831,102529,7455,201303,12810,6202,6608
34400,213165,11832,102544,7456,201333,12811,6202,6609
34405,213196,11833,102559,7456,201363,12813,6204,6609
34410,213227,11834,102569,7456,201393,12815,6205,6610
34415,213258,11835,102588,7456,201423,12817,6206,6611
34420,213289,11836,102604,7457,201453,12819,6207,6612
34425,213320,11839,102619,7458,201481,12822,6208,6614
34430,213351,11841,102632,7459,201510,12826,6211,6615
34435,213382,11844,102648,7461,201537,12830,6212,6618
34440,213413,11848,102665,7464,201564,12833,6214,6619
34445,213444,11852,102680,7467,201592,12835,6215,6620
34450,213475,11854,102698,7469,201621,12837,6216,6621
34455,213506,11856,102712,7470,201650,12839,6217,6622
34460,213537,11858,102730,7472,201679,12841,6219,6622
34465,213568,11860,102749,7473,201708,12843,6221,6622
34470,213599,11862,102766,7474,201736,12845,6223,6622
34475,213630,11865,102782,7477,201765,12847,6224,6623
34480,213661,11868,102798,7480,201793,12850,6226,6624
34485,213692,11870,102811,7480,201821,12853,6228,6625
34490,213723,11874,102834,7484,201849,12856,6231,6625
34495,213754,11876,102847,7484,201878,12859,6232,6627
34500,213785,11879,102862,7486,201906,12862,6235,6627
34505,213816,11881,102877,7487,201935,12864,6236,6628
34510,213847,11882,102889,7487,201965,12866,6237,6629
34515,213878,11883,102902,7487,201995,12868,6238,6630
34520,213909,11884,102913,7487,202025,12870,6239,6631
34525,213940,11885,102933,7488,202055,12872,6241,6631
34530,213971,11886,102950,7489,202085,12874,6243,6631
34535,214002,11888,102962,7490,202114,12875,6243,6632
34540,214033,11890,102977,7491,202143,12877,6245,6632
34545,214064,11890,102990,7491,202173,12880,6245,6635
34550,214095,11893,103006,7494,202201,12884,6248,6636
34555,214126,11896,103022,7497,202229,12887,6248,6639
34560,214157,11898,103040,7499,202258,12888,6249,6639
34565,214188,11900,103054,7500,202288,12888,6249,6639
34570,214219,11902,103072,7502,202317,12888,6249,6639
34575,214250,11903,103083,7502,202347,12888,6249,6639
34580,214281,11904,103097,7503,202377,12888,6249,6639
34585,214312,11906,103113,7505,202406,12888,6249,6639
34590,214343,11908,103133,7506,202435,12888,6249,6639
34595,214374,11909,103152,7507,202465,12888,6249,6639
34600,214405,11909,103170,7507,202496,12889,6249,6640
34605,214436,11910,103188,7508,202526,12891,6250,6641
34610,214467,11911,103202,7509,202556,12893,6251,6642
34615,214498,11912,103215,7509,202586,12895,6252,6643
34620,214529,11913,103231,7509,202616,12896,6252,6644
34625,214560,11915,103250,7510,202645,12899,6253,6646
34630,214591,11917,103268,7511,202674,12902,6255,6647
34635,214622,11919,103277,7511,202703,12906,6256,6650
34640,214653,11921,103288,7511,202732,12909,6256,6653
34645,214684,11924,103304,7513,202760,12912,6258,6654
34650,214715,11927,103322,7516,202788,12915,6259,6656
34655,214746,11930,103342,7517,202816,12918,6262,6656
34660,214777,11933,103359,7518,202844,12923,6266,6657
34665,214808,11936,103377,7519,202872,12928,6268,6660
34670,214839,11940,103393,7522,202898,12933,6269,6664
34675,214870,11944,103405,7524,202925,12937,6271,6666
34680,214901,11947,103422,7526,202954,12940,6272,6668
34685,214932,11950,103441,7528,202982,12943,6273,6670
34690,214963,11953,103455,7531,203010,12944,6274,6670
34695,214994,11955,103465,7533,203039,12945,6275,6670
34700,215025,11957,103480,7534,203068,12946,6276,6670
34705,215056,11960,103498,7537,203096,12947,6277,6670
34710,215087,11962,103509,7539,203125,12948,6277,6671
34715,215118,11963,103530,7540,203155,12949,6277,6672
34720,215149,11965,103545,7542,203184,12951,6277,6674
34725,215180,11966,103561,7543,203214,12952,6278,6674
34730,215211,11966,103578,7543,203245,12953,6279,6674
34735,215242,11966,103591,7543,203276,12954,6280,6674
34740,215273,11966,103604,7543,203307,12956,6281,6675
34745,215304,11966,103617,7543,203338,12958,6281,6677
34750,215335,11966,103632,7543,203369,12960,6281,6679
34755,215366,11966,103647,7543,203400,12962,6283,6679
34760,215397,11966,103664,7543,203431,12964,6285,6679
34765,215428,11966,103679,7543,203462,12965,6286,6679
34770,215459,11966,103689,7543,203493,12966,6286,6680
34775,215490,11966,103704,7543,203524,12967,6287,6680
34780,215521,11967,103720,7544,203553,12970,6288,6682
34785,215552,11969,103731,7546,203583,12973,6288,6685
34790,215583,11970,103750,7547,203613,12976,6290,6686
34795,215614,11972,103767,7547,203641,12979,6292,6687
34800,215645,11975,103779,7550,203670,12980,6293,6687
34805,215676,11978,103793,7551,203697,12980,6293,6687
34810,215707,11982,103809,7554,203724,12980,6293,6687
34815,215738,11986,103827,7558,203751,12980,6293,6687
34820,215769,11989,103844,7561,203780,12980,6293,6687
34825,215800,11991,103856,7562,203809,12980,6293,6687
34830,215831,11993,103867,7562,203837,12981,6294,6687
34835,215862,11997,103882,7564,203864,12982,6295,6687
34840,215893,12001,103897,7566,203891,12983,6296,6687
34845,215924,12006,103913,7571,203917,12984,6297,6687
34850,215955,12009,103929,7573,203945,12985,6297,6688
34855,215986,12012,103945,7575,203974,12986,6298,6688
34860,216017,12014,103960,7577,204003,12987,6298,6689
34865,216048,12015,103978,7578,204033,12989,6300,6689
34870,216079,12016,103993,7578,204063,12991,6302,6689
34875,216110,12017,104014,7578,204093,12993,6304,6689
34880,216141,12018,104026,7578,204123,12995,6305,6690
34885,216172,12019,104043,7579,204153,12997,6306,6691
34890,216203,12020,104060,7579,204183,12999,6307,6692
34895,216234,12021,104074,7580,204213,13001,6308,6693
34900,216265,12022,104094,7580,204243,13005,6311,6694
34905,216296,12023,104107,7580,204273,13009,6314,6695
34910,216327,12026,104125,7582,204301,13013,6317,6696
34915,216358,12030,104143,7586,204328,13015,6318,6697
34920,216389,12033,104155,7588,204356,13016,6318,6698
34925,216420,12036,104176,7591,204384,13018,6319,6699
34930,216451,12037,104188,7591,204414,13019,6319,6700
34935,216482,12039,104205,7593,204443,13020,6320,6700
34940,216513,12040,104221,7594,204473,13021,6321,6700
34945,216544,12041,104240,7595,204503,13022,6322,6700
34950,216575,12042,104253,7596,204533,13023,6322,6701
34955,216606,12043,104264,7596,204563,13024,6322,6702
34960,216637,12044,104281,7597,204593,13025,6322,6703
34965,216668,12045,104291,7597,204623,13026,6322,6704
34970,216699,12046,104309,7597,204653,13027,6323,6704
34975,216730,12047,104325,7598,204682,13028,6323,6705
34980,216761,12049,104342,7599,204711,13029,6323,6706
34985,216792,12050,104357,7600,204742,13031,6325,6706
34990,216823,12050,104369,7600,204773,13033,6326,6707
34995,216854,12050,104385,7600,204804,13035,6327,6708
35000,216885,12050,104398,7600,204835,13037,6327,6710
35005,216916,12050,104413,7600,204866,13038,6327,6711
35010,216947,12050,104429,7600,204897,13039,6327,6712
35015,216978,12050,104439,7600,204928,13041,6327,6714
35020,217009,12050,104456,7600,204959,13043,6328,6715
35025,217040,12050,104470,7600,204990,13045,6329,6716
35030,217071,12051,104484,7600,205020,13047,6331,6716
35035,217102,12053,104495,7601,205049,13051,6332,6719
35040,217133,12057,104508,7605,205076,13055,6333,6722
35045,217164,12061,104527,7608,205103,13057,6335,6722
35050,217195,12061,104542,7608,205134,13057,6335,6722
35055,217226,12061,104559,7608,205165,13057,6335,6722
35060,217257,12061,104575,7608,205196,13057,6335,6722
35065,217288,12061,104592,7608,205227,13057,6335,6722
35070,217319,12061,104604,7608,205258,13057,6335,6722
35075,217350,12061,104621,7608,205289,13057,6335,6722
35080,217381,12061,104636,7608,205320,13057,6335,6722
35085,217412,12061,104648,7608,205351,13057,6335,6722
35090,217443,12061,104665,7608,205382,13057,6335,6722
35095,217474,12061,104676,7608,205413,13057,6335,6722
35100,217505,12061,104691,7608,205444,13058,6335,6723
35105,217536,12061,104704,7608,205475,13061,6336,6725
35110,217567,12061,104718,7608,205506,13062,6336,6726
35115,217598,12061,104731,7608,205537,13063,6337,6726
35120,217629,12061,104748,7608,205568,13064,6337,6727
35125,217660,12061,104767,7608,205599,13065,6338,6727
35130,217691,12061,104785,7608,205630,13066,6338,6728
35135,217722,12061,104800,7608,205661,13067,6339,6728
35140,217753,12061,104815,7608,205692,13068,6339,6729
35145,217784,12061,104825,7608,205723,13069,6339,6730
35150,217815,12063,104832,7609,205752,13074,6340,6734
35155,217846,12069,104848,7613,205776,13079,6343,6736
35160,217877,12074,104868,7618,205803,13082,6345,6737
35165,217908,12076,104883,7619,205832,13085,6347,6738
35170,217939,12078,104895,7619,205860,13088,6348,6740
35175,217970,12081,104914,7620,205888,13091,6350,6741
35180,218001,12084,104935,7622,205916,13093,6351,6742
35185,218032,12087,104947,7624,205945,13095,6352,6743
35190,218063,12088,104963,7624,205974,13097,6353,6744
35195,218094,12090,104978,7626,206004,13099,6354,6745
35200,218125,12091,104996,7627,206033,13101,6355,6746
35205,218156,12093,105014,7628,206063,13103,6355,6748
35210,218187,12094,105033,7629,206092,13106,6355,6751
35215,218218,12097,105050,7631,206120,13109,6357,6752
35220,218249,12099,105063,7633,206150,13112,6359,6753
35225,218280,12099,105076,7633,206181,13114,6360,6754
35230,218311,12099,105090,7633,206212,13116,6360,6756
35235,218342,12099,105109,7633,206243,13117,6361,6756
35240,218373,12099,105128,7633,206274,13118,6362,6756
35245,218404,12099,105139,7633,206305,13119,6363,6756
35250,218435,12099,105153,7633,206336,13120,6364,6756
35255,218466,12099,105167,7633,206367,13121,6365,6756
35260,218497,12099,105182,7633,206398,13124,6367,6757
35265,218528,12099,105199,7633,206429,13128,6368,6760
35270,218559,12102,105217,7636,206457,13132,6369,6763
35275,218590,12105,105230,7638,206485,13136,6371,6765
35280,218621,12109,105246,7641,206512,13141,6374,6767
35285,218652,12110,105259,7642,206542,13143,6374,6769
35290,218683,12111,105271,7643,206572,13144,6374,6770
35295,218714,12112,105282,7644,206602,13145,6375,6770
35300,218745,12113,105293,7644,206632,13146,6376,6770
35305,218776,12114,105307,7645,206662,13147,6377,6770
35310,218807,12115,105322,7646,206692,13148,6378,6770
35315,218838,12116,105338,7646,206722,13149,6378,6771
35320,218869,12117,105349,7646,206752,13150,6378,6772
35325,218900,12118,105365,7647,206782,13151,6379,6772
35330,218931,12119,105383,7648,206812,13152,6380,6772
35335,218962,12120,105401,7649,206842,13153,6380,6773
35340,218993,12121,105417,7649,206871,13154,6381,6773
35345,219024,12123,105433,7650,206901,13155,6382,6773
35350,219055,12124,105449,7650,206931,13156,6383,6773
35355,219086,12125,105462,7650,206961,13157,6383,6774
35360,219117,12126,105480,7651,206990,13158,6383,6775
35365,219148,12128,105494,7653,207020,13159,6384,6775
35370,219179,12129,105510,7653,207049,13160,6384,6776
35375,219210,12131,105524,7655,207078,13161,6384,6777
35380,219241,12133,105536,7657,207108,13162,6384,6778
35385,219272,12135,105552,7658,207137,13163,6385,6778
35390,219303,12140,105569,7663,207162,13167,6387,6780
35395,219334,12146,105582,7669,207187,13174,6388,6786
35400,219365,12151,105599,7673,207214,13181,6390,6791
35405,219396,12154,105620,7675,207242,13183,6392,6791
35410,219427,12156,105632,7677,207271,13185,6394,6791
35415,219458,12158,105644,7678,207300,13187,6395,6792
35420,219489,12160,105659,7679,207329,13189,6396,6793
35425,219520,12162,105678,7680,207358,13191,6397,6794
35430,219551,12164,105696,7681,207387,13193,6399,6794
35435,219582,12166,105708,7682,207416,13195,6399,6796
35440,219613,12169,105724,7684,207444,13197,6400,6797
35445,219644,12172,105741,7686,207472,13199,6401,6798
35450,219675,12174,105750,7686,207501,13201,6401,6800
35455,219706,12175,105765,7686,207531,13203,6402,6801
35460,219737,12176,105775,7686,207561,13205,6403,6802
35465,219768,12177,105787,7686,207591,13206,6404,6802
35470,219799,12178,105807,7686,207621,13207,6405,6802
35475,219830,12179,105827,7687,207651,13208,6406,6802
35480,219861,12180,105842,7687,207681,13209,6406,6803
35485,219892,12181,105855,7687,207711,13210,6407,6803
35490,219923,12182,105868,7688,207741,13211,6408,6803
35495,219954,12183,105886,7689,207771,13212,6408,6804
35500,219985,12184,105901,7690,207801,13213,6409,6804
35505,220016,12185,105912,7691,207830,13215,6409,6806
35510,220047,12187,105923,7693,207859,13219,6412,6807
35515,220078,12191,105939,7697,207887,13222,6414,6808
35520,220109,12192,105954,7697,207916,13224,6416,6808
35525,220140,12197,105971,7702,207943,13224,6416,6808
35530,220171,12201,105984,7705,207970,13224,6416,6808
35535,220202,12205,106000,7709,207996,13224,6416,6808
35540,220233,12209,106016,7711,208024,13224,6416,6808
35545,220264,12213,106032,7713,208051,13224,6416,6808
35550,220295,12215,106049,7714,208080,13224,6416,6808
35555,220326,12217,106062,7715,208108,13224,6416,6808
35560,220357,12219,106081,7717,208138,13224,6416,6808
35565,220388,12220,106096,7717,208168,13225,6417,6808
35570,220419,12222,106113,7719,208197,13226,6417,6809
35575,220450,12222,106129,7719,208228,13227,6418,6809
35580,220481,12222,106145,7719,208259,13228,6418,6810
35585,220512,12222,106163,7719,208290,13228,6418,6810
35590,220543,12222,106178,7719,208321,13228,6418,6810
35595,220574,12222,106191,7719,208352,13228,6418,6810
35600,220605,12222,106205,7719,208383,13228,6418,6810
35605,220636,12222,106221,7719,208414,13228,6418,6810
35610,220667,12222,106233,7719,208445,13229,6418,6811
35615,220698,12222,106246,7719,208476,13232,6419,6813
35620,220729,12223,106259,7719,208505,13236,6420,6816
35625,220760,12225,106276,7721,208534,13239,6422,6817
35630,220791,12229,106293,7724,208562,13242,6425,6817
35635,220822,12230,106304,7724,208592,13244,6425,6819
35640,220853,12232,106317,7725,208621,13246,6426,6820
35645,220884,12232,106334,7725,208652,13247,6427,6820
35650,220915,12232,106351,7725,208683,13248,6428,6820
35655,220946,12233,106363,7726,208713,13249,6429,6820
35660,220977,12234,106377,7726,208743,13250,6429,6821
35665,221008,12236,106393,7728,208772,13251,6429,6822
35670,221039,12238,106410,7729,208801,13252,6430,6822
35675,221070,12240,106422,7730,208830,13253,6430,6823
35680,221101,12243,106441,7732,208858,13254,6431,6823
35685,221132,12246,106461,7733,208886,13255,6431,6824
35690,221163,12248,106476,7733,208915,13256,6432,6824
35695,221194,12251,106490,7734,208943,13257,6433,6824
35700,221225,12254,106510,7736,208971,13258,6434,6824
35705,221256,12256,106526,7737,209000,13259,6434,6825
35710,221287,12258,106544,7739,209029,13260,6434,6826
35715,221318,12260,106561,7741,209058,13261,6435,6826
35720,221349,12262,106578,7742,209087,13262,6435,6827
35725,221380,12264,106592,7742,209116,13263,6435,6828
35730,221411,12266,106603,7743,209145,13266,6437,6829
35735,221442,12269,106621,7746,209173,13271,6439,6832
35740,221473,12271,106637,7748,209202,13276,6441,6835
35745,221504,12274,106651,7750,209230,13281,6444,6837
35750,221535,12279,106669,7754,209255,13285,6447,6838
35755,221566,12284,106682,7757,209281,13288,6449,6839
35760,221597,12289,106697,7761,209308,13290,6450,6840
35765,221628,12290,106711,7761,209338,13293,6451,6842
35770,221659,12291,106728,7761,209367,13296,6453,6843
35775,221690,12293,106744,7763,209397,13299,6454,6845
35780,221721,12294,106758,7763,209427,13302,6455,6847
35785,221752,12295,106773,7764,209457,13305,6456,6849
35790,221783,12296,106789,7764,209486,13308,6457,6851
35795,221814,12298,106807,7766,209516,13311,6458,6853
35800,221845,12298,106818,7766,209547,13313,6458,6855
35805,221876,12298,106830,7766,209578,13315,6459,6856
35810,221907,12298,106843,7766,209609,13317,6459,6858
35815,221938,12298,106858,7766,209640,13319,6460,6859
35820,221969,12298,106872,7766,209671,13321,6462,6859
35825,222000,12300,106883,7766,209699,13321,6462,6859
35830,222031,12303,106898,7767,209727,13321,6462,6859
35835,222062,12307,106911,7769,209755,13321,6462,6859
35840,222093,12309,106923,7769,209784,13321,6462,6859
35845,222124,12311,106935,7770,209813,13321,6462,6859
35850,222155,12314,106951,7772,209841,13321,6462,6859
35855,222186,12316,106968,7774,209870,13322,6463,6859
35860,222217,12318,106984,7775,209899,13323,6463,6860
35865,222248,12323,107000,7780,209924,13325,6464,6861
35870,222279,12325,107017,7781,209954,13328,6465,6863
35875,222310,12326,107030,7781,209983,13329,6465,6864
35880,222341,12328,107045,7782,210012,13330,6465,6865
35885,222372,12330,107066,7784,210042,13332,6466,6866
35890,222403,12331,107079,7784,210072,13334,6467,6867
35895,222434,12332,107091,7785,210101,13336,6467,6869
35900,222465,12334,107107,7787,210130,13338,6468,6870
35905,222496,12336,107119,7788,210159,13339,6468,6871
35910,222527,12339,107137,7790,210188,13340,6469,6871
35915,222558,12340,107152,7790,210218,13341,6469,6872
35920,222589,12341,107167,7790,210248,13342,6470,6872
35925,222620,12342,107183,7791,210277,13343,6471,6872
35930,222651,12343,107200,7792,210308,13344,6471,6873
35935,222682,12343,107215,7792,210339,13345,6472,6873
35940,222713,12343,107231,7792,210370,13347,6472,6875
35945,222744,12343,107248,7792,210401,13351,6475,6876
35950,222775,12343,107265,7792,210432,13354,6476,6878
35955,222806,12343,107281,7792,210463,13357,6478,6879
35960,222837,12343,107293,7792,210494,13360,6479,6881
35965,222868,12343,107306,7792,210525,13362,6480,6882
35970,222899,12343,107316,7792,210556,13364,6481,6883
35975,222930,12345,107330,7792,210585,13367,6483,6884
35980,222961,12348,107343,7794,210613,13372,6484,6888
35985,222992,12351,107357,7796,210641,13377,6486,6891
35990,223023,12353,107373,7798,210670,13382,6487,6895
35995,223054,12356,107389,7800,210698,13384,6489,6895
36000,223085,12358,107406,7800,210727,13386,6490,6896
36005,223116,12363,107427,7803,210752,13387,6491,6896
36010,223147,12367,107440,7805,210779,13388,6492,6896
36015,223178,12370,107453,7807,210807,13389,6492,6897
36020,223209,12374,107470,7811,210835,13390,6492,6898
36025,223240,12376,107485,7811,210864,13391,6493,6898
36030,223271,12378,107500,7812,210893,13392,6493,6899
36035,223302,12381,107512,7814,210920,13393,6494,6899
36040,223333,12385,107525,7816,210947,13394,6494,6900
36045,223364,12389,107543,7820,210974,13395,6494,6901
36050,223395,12391,107561,7822,211003,13396,6495,6901
36055,223426,12393,107577,7823,211033,13397,6496,6901
36060,223457,12394,107589,7823,211062,13398,6496,6902
36065,223488,12396,107603,7824,211092,13400,6496,6904
36070,223519,12397,107614,7824,211122,13402,6497,6905
36075,223550,12398,107627,7824,211151,13403,6498,6905
36080,223581,12400,107636,7825,211180,13403,6498,6905
36085,223612,12402,107655,7827,211210,13403,6498,6905
36090,223643,12403,107670,7828,211240,13403,6498,6905
36095,223674,12405,107682,7829,211269,13405,6499,6906
36100,223705,12405,107701,7829,211300,13408,6500,6908
36105,223736,12405,107719,7829,211331,13411,6502,6909
36110,223767,12405,107731,7829,211362,13414,6502,6912
36115,223798,12405,107748,7829,211393,13415,6503,6912
36120,223829,12406,107763,7830,211423,13415,6503,6912
36125,223860,12408,107779,7832,211452,13417,6503,6914
36130,223891,12409,107790,7833,211482,13419,6504,6915
36135,223922,12411,107807,7834,211511,13420,6504,6916
36140,223953,12413,107817,7835,211540,13421,6504,6917
36145,223984,12414,107831,7835,211570,13422,6504,6918
36150,224015,12415,107852,7836,211600,13423,6505,6918
36155,224046,12418,107867,7839,211628,13424,6505,6919
36160,224077,12421,107883,7840,211656,13425,6505,6920
36165,224108,12424,107896,7842,211684,13426,6505,6921
36170,224139,12426,107907,7843,211713,13427,6505,6922
36175,224170,12429,107921,7844,211741,13429,6506,6923
36180,224201,12431,107936,7844,211770,13432,6508,6924
36185,224232,12433,107948,7845,211799,13435,6509,6926
36190,224263,12435,107959,7845,211828,13438,6511,6927
36195,224294,12437,107975,7846,211857,13441,6513,6928
36200,224325,12439,107991,7848,211886,13444,6515,6929
36205,224356,12442,108008,7849,211914,13447,6516,6931
36210,224387,12445,108021,7852,211942,13450,6516,6934
36215,224418,12448,108033,7852,211970,13453,6518,6935
36220,224449,12451,108047,7854,211998,13458,6519,6939
36225,224480,12455,108063,7857,212024,13461,6522,6939
36230,224511,12460,108074,7859,212051,13465,6523,6942
36235,224542,12465,108090,7863,212076,13468,6525,6943
36240,224573,12472,108104,7869,212101,13471,6525,6946
36245,224604,12474,108122,7871,212130,13474,6526,6948
36250,224635,12476,108137,7873,212159,13475,6527,6948
36255,224666,12477,108149,7873,212188,13476,6527,6949
36260,224697,12479,108166,7875,212217,13477,6527,6950
36265,224728,12481,108179,7877,212246,13478,6527,6951
36270,224759,12482,108190,7878,212277,13479,6527,6952
36275,224790,12482,108205,7878,212308,13480,6528,6952
36280,224821,12482,108222,7878,212339,13481,6529,6952
36285,224852,12482,108233,7878,212370,13482,6530,6952
36290,224883,12482,108245,7878,212401,13483,6531,6952
36295,224914,12482,108262,7878,212432,13484,6532,6952
36300,224945,12482,108276,7878,212463,13485,6532,6953
36305,224976,12482,108291,7878,212494,13486,6532,6954
36310,225007,12482,108306,7878,212525,13487,6533,6954
36315,225038,12482,108325,7878,212556,13488,6534,6954
36320,225069,12482,108342,7878,212587,13489,6534,6955
36325,225100,12482,108359,7878,212618,13490,6535,6955
36330,225131,12482,108377,7878,212649,13491,6535,6956
36335,225162,12482,108387,7878,212680,13492,6535,6957
36340,225193,12482,108402,7878,212711,13495,6536,6959
36345,225224,12483,108414,7878,212741,13498,6538,6960
36350,225255,12485,108428,7880,212770,13504,6541,6963
36355,225286,12489,108446,7883,212797,13509,6543,6966
36360,225317,12491,108456,7884,212826,13513,6544,6969
36365,225348,12496,108472,7889,212852,13513,6544,6969
36370,225379,12500,108490,7892,212879,13514,6545,6969
36375,225410,12503,108501,7895,212907,13515,6546,6969
36380,225441,12507,108519,7898,212934,13516,6547,6969
36385,225472,12511,108529,7900,212961,13517,6548,6969
36390,225503,12513,108542,7902,212990,13518,6549,6969
36395,225534,12515,108554,7903,213019,13519,6550,6969
36400,225565,12517,108567,7903,213048,13520,6550,6970
36405,225596,12519,108582,7904,213077,13521,6551,6970
36410,225627,12521,108602,7905,213106,13522,6552,6970
36415,225658,12523,108621,7905,213135,13523,6552,6971
36420,225689,12525,108633,7906,213164,13524,6552,6972
36425,225720,12527,108654,7908,213193,13525,6552,6973
36430,225751,12529,108674,7909,213222,13526,6553,6973
36435,225782,12531,108687,7909,213251,13526,6553,6973
36440,225813,12533,108704,7909,213280,13526,6553,6973
36445,225844,12535,108718,7909,213309,13526,6553,6973
36450,225875,12537,108730,7910,213338,13526,6553,6973
36455,225906,12539,108744,7912,213367,13526,6553,6973
36460,225937,12541,108761,7913,213396,13527,6554,6973
36465,225968,12543,108774,7913,213425,13529,6555,6974
36470,225999,12547,108790,7915,213451,13531,6557,6974
36475,226030,12552,108807,7920,213478,13533,6558,6975
36480,226061,12556,108821,7923,213505,13535,6558,6977
36485,226092,12557,108836,7923,213534,13537,6559,6978
36490,226123,12559,108853,7924,213563,13538,6559,6979
36495,226154,12561,108869,7925,213592,13539,6560,6979
36500,226185,12563,108884,7926,213622,13540,6561,6979
36505,226216,12564,108901,7927,213651,13541,6562,6979
36510,226247,12566,108921,7928,213681,13542,6563,6979
36515,226278,12567,108935,7928,213711,13543,6564,6979
36520,226309,12568,108954,7928,213740,13544,6565,6979
36525,226340,12570,108969,7929,213769,13546,6565,6981
36530,226371,12572,108987,7930,213798,13548,6567,6981
36535,226402,12573,109001,7931,213829,13550,6568,6982
36540,226433,12573,109012,7931,213860,13552,6569,6983
36545,226464,12573,109033,7931,213891,13554,6570,6984
36550,226495,12573,109046,7931,213922,13556,6570,6986
36555,226526,12573,109065,7931,213953,13559,6572,6987
36560,226557,12573,109082,7931,213984,13562,6573,6989
36565,226588,12573,109094,7931,214015,13565,6575,6990
36570,226619,12573,109112,7931,214046,13568,6578,6990
36575,226650,12573,109128,7931,214077,13571,6578,6993
36580,226681,12573,109146,7931,214108,13574,6580,6994
36585,226712,12575,109162,7932,214137,13577,6582,6995
36590,226743,12578,109180,7934,214165,13580,6583,6997
36595,226774,12581,109196,7936,214192,13584,6585,6999
36600,226805,12585,109212,7940,214219,13588,6587,7001
36605,226836,12589,109227,7944,214246,13591,6588,7003
36610,226867,12592,109236,7945,214275,13593,6589,7004
36615,226898,12594,109242,7945,214304,13595,6589,7006
36620,226929,12596,109261,7947,214333,13597,6590,7007
36625,226960,12598,109273,7947,214361,13599,6591,7008
36630,226991,12601,109290,7949,214389,13601,6591,7010
36635,227022,12604,109305,7950,214418,13603,6592,7011
36640,227053,12606,109321,7950,214447,13605,6593,7012
36645,227084,12608,109331,7950,214476,13607,6594,7013
36650,227115,12610,109346,7951,214505,13609,6595,7014
36655,227146,12613,109368,7953,214533,13611,6595,7016
36660,227177,12616,109386,7956,214561,13613,6596,7017
36665,227208,12619,109403,7959,214589,13615,6597,7018
36670,227239,12620,109414,7960,214619,13617,6598,7019
36675,227270,12621,109430,7961,214649,13619,6600,7019
36680,227301,12622,109444,7962,214679,13621,6601,7020
36685,227332,12623,109460,7962,214709,13622,6602,7020
36690,227363,12624,109472,7963,214739,13623,6603,7020
36695,227394,12625,109486,7964,214769,13625,6604,7021
36700,227425,12626,109495,7965,214799,13627,6605,7022
36705,227456,12626,109514,7965,214830,13629,6607,7022
36710,227487,12627,109526,7966,214859,13631,6607,7024
36715,227518,12630,109540,7968,214887,13633,6609,7024
36720,227549,12633,109559,7971,214915,13635,6610,7025
36725,227580,12636,109577,7974,214944,13638,6612,7026
36730,227611,12639,109592,7977,214972,13641,6613,7028
36735,227642,12641,109601,7978,215001,13644,6613,7031
36740,227673,12643,109619,7979,215030,13647,6615,7032
36745,227704,12645,109632,7980,215059,13650,6616,7034
36750,227735,12648,109646,7983,215087,13653,6616,7037
36755,227766,12650,109661,7983,215116,13656,6618,7038
36760,227797,12652,109676,7984,215145,13659,6619,7040
36765,227828,12653,109688,7985,215175,13662,6620,7042
36770,227859,12654,109708,7986,215205,13665,6622,7043
36775,227890,12655,109722,7987,215235,13668,6624,7044
36780,227921,12656,109735,7987,215265,13670,6625,7045
36785,227952,12657,109750,7988,215295,13672,6626,7046
36790,227983,12658,109763,7989,215325,13674,6626,7048
36795,228014,12659,109778,7989,215355,13676,6627,7049
36800,228045,12661,109792,7990,215384,13678,6627,7051
36805,228076,12661,109808,7990,215415,13679,6628,7051
36810,228107,12662,109824,7990,215445,13680,6629,7051
36815,228138,12663,109841,7990,215475,13682,6631,7051
36820,228169,12665,109856,7992,215504,13685,6631,7054
36825,228200,12666,109875,7993,215534,13688,6632,7056
36830,228231,12669,109888,7995,215562,13691,6634,7057
36835,228262,12671,109900,7996,215591,13693,6634,7059
36840,228293,12672,109916,7996,215621,13695,6634,7061
36845,228324,12674,109931,7997,215649,13695,6634,7061
36850,228355,12678,109944,7999,215676,13695,6634,7061
36855,228386,12680,109957,8000,215705,13695,6634,7061
36860,228417,12682,109976,8001,215734,13696,6635,7061
36865,228448,12684,109993,8003,215764,13697,6636,7061
36870,228479,12684,110006,8003,215795,13697,6636,7061
36875,228510,12684,110024,8003,215826,13697,6636,7061
36880,228541,12684,110036,8003,215857,13698,6637,7061
36885,228572,12684,110055,8003,215888,13699,6637,7062
36890,228603,12684,110065,8003,215919,13700,6637,7063
36895,228634,12684,110078,8003,215950,13701,6638,7063
36900,228665,12684,110088,8003,215981,13702,6639,7063
36905,228696,12684,110099,8003,216012,13704,6640,7064
36910,228727,12684,110114,8003,216043,13705,6640,7065
36915,228758,12684,110131,8003,216074,13706,6640,7066
36920,228789,12684,110143,8003,216105,13707,6641,7066
36925,228820,12684,110155,8003,216136,13708,6641,7067
36930,228851,12684,110166,8003,216167,13709,6641,7068
36935,228882,12684,110179,8003,216198,13711,6641,7070
36940,228913,12684,110194,8003,216229,13713,6643,7070
36945,228944,12684,110209,8003,216260,13716,6644,7072
36950,228975,12685,110221,8003,216290,13720,6646,7074
36955,229006,12686,110235,8003,216320,13723,6648,7075
36960,229037,12689,110251,8005,216348,13725,6649,7076
36965,229068,12692,110266,8007,216375,13727,6649,7078
36970,229099,12696,110281,8011,216403,13730,6650,7080
36975,229130,12700,110293,8012,216430,13733,6652,7081
36980,229161,12704,110310,8015,216457,13736,6655,7081
36985,229192,12706,110324,8016,216485,13739,6656,7083
36990,229223,12709,110341,8018,216513,13742,6659,7083
36995,229254,12712,110355,8021,216542,13745,6659,7086
37000,229285,12714,110368,8021,216571,13747,6660,7087
37005,229316,12716,110387,8022,216600,13749,6662,7087
37010,229347,12718,110403,8023,216629,13751,6664,7087
37015,229378,12720,110417,8023,216657,13753,6664,7089
37020,229409,12724,110435,8025,216685,13755,6666,7089
37025,229440,12727,110448,8028,216713,13757,6667,7090
37030,229471,12729,110459,8030,216742,13759,6667,7092
37035,229502,12730,110478,8030,216772,13760,6667,7093
37040,229533,12732,110493,8032,216801,13761,6668,7093
37045,229564,12732,110507,8032,216832,13762,6668,7094
37050,229595,12732,110517,8032,216863,13763,6668,7095
37055,229626,12732,110535,8032,216894,13764,6669,7095
37060,229657,12732,110549,8032,216925,13765,6670,7095
37065,229688,12732,110565,8032,216956,13767,6671,7096
37070,229719,12732,110583,8032,216987,13769,6673,7096
37075,229750,12732,110596,8032,217018,13772,6676,7096
37080,229781,12732,110611,8032,217049,13775,6678,7097
37085,229812,12735,110625,8033,217077,13779,6679,7100
37090,229843,12738,110641,8035,217104,13781,6680,7101
37095,229874,12742,110656,8037,217132,13782,6680,7102
37100,229905,12745,110673,8039,217159,13784,6680,7104
37105,229936,12749,110685,8042,217187,13786,6680,7106
37110,229967,12750,110696,8042,217217,13788,6680,7108
37115,229998,12752,110710,8044,217246,13791,6681,7110
37120,230029,12754,110727,8045,217275,13794,6682,7112
37125,230060,12754,110743,8045,217306,13797,6683,7114
37130,230091,12756,110761,8047,217335,13800,6684,7116
37135,230122,12757,110776,8047,217365,13803,6687,7116
37140,230153,12759,110789,8048,217394,13806,6688,7118
37145,230184,12760,110805,8048,217424,13808,6689,7119
37150,230215,12761,110817,8048,217454,13810,6691,7119
37155,230246,12762,110832,8048,217484,13811,6692,7119
37160,230277,12763,110848,8048,217514,13812,6692,7120
37165,230308,12764,110864,8048,217544,13813,6692,7121
37170,230339,12765,110883,8048,217574,13814,6693,7121
37175,230370,12766,110897,8049,217604,13815,6693,7122
37180,230401,12767,110913,8049,217634,13816,6694,7122
37185,230432,12768,110926,8050,217664,13817,6694,7123
37190,230463,12769,110941,8050,217694,13819,6694,7125
37195,230494,12770,110959,8050,217724,13822,6695,7127
37200,230525,12771,110971,8050,217754,13825,6696,7129
37205,230556,12772,110986,8050,217784,13828,6698,7130
37210,230587,12774,111005,8052,217812,13831,6700,7131
37215,230618,12776,111016,8054,217841,13834,6701,7133
37220,230649,12778,111029,8055,217871,13835,6701,7134
37225,230680,12778,111045,8055,217902,13836,6702,7134
37230,230711,12779,111055,8056,217932,13837,6703,7134
37235,230742,12780,111071,8056,217961,13838,6704,7134
37240,230773,12782,111085,8057,217990,13839,6704,7135
37245,230804,12784,111099,8058,218020,13842,6706,7136
37250,230835,12787,111114,8060,218048,13845,6708,7137
37255,230866,12789,111128,8060,218077,13848,6710,7138
37260,230897,12792,111142,8063,218105,13852,6712,7140
37265,230928,12796,111164,8067,218132,13854,6714,7140
37270,230959,12800,111181,8070,218159,13856,6715,7141
37275,230990,12803,111198,8073,218187,13858,6717,7141
37280,231021,12806,111211,8076,218215,13860,6719,7141
37285,231052,12809,111229,8079,218243,13862,6720,7142
37290,231083,12812,111237,8081,218271,13864,6721,7143
37295,231114,12813,111251,8082,218301,13866,6722,7144
37300,231145,12815,111268,8083,218330,13868,6724,7144
37305,231176,12817,111281,8084,218359,13870,6725,7145
37310,231207,12817,111296,8084,218390,13872,6726,7146
37315,231238,12817,111309,8084,218421,13874,6726,7148
37320,231269,12817,111325,8084,218452,13877,6728,7149
37325,231300,12820,111341,8087,218480,13878,6728,7150
37330,231331,12822,111354,8087,218509,13879,6728,7151
37335,231362,12824,111367,8087,218538,13879,6728,7151
37340,231393,12826,111386,8088,218567,13879,6728,7151
37345,231424,12828,111401,8088,218596,13879,6728,7151
37350,231455,12830,111415,8090,218625,13879,6728,7151
37355,231486,12832,111434,8091,218654,13879,6728,7151
37360,231517,12834,111447,8092,218683,13879,6728,7151
37365,231548,12836,111462,8092,218712,13880,6729,7151
37370,231579,12838,111470,8092,218741,13881,6729,7152
37375,231610,12840,111479,8093,218770,13882,6729,7153
37380,231641,12842,111493,8094,218799,13883,6729,7154
37385,231672,12844,111505,8094,218828,13884,6730,7154
37390,231703,12846,111526,8096,218857,13885,6731,7154
37395,231734,12848,111538,8097,218886,13886,6731,7155
37400,231765,12850,111556,8098,218915,13887,6732,7155
37405,231796,12852,111570,8098,218944,13888,6732,7156
37410,231827,12854,111584,8100,218973,13890,6732,7158
37415,231858,12857,111600,8103,219001,13892,6732,7160
37420,231889,12860,111616,8104,219029,13894,6733,7161
37425,231920,12865,111633,8107,219055,13899,6735,7164
37430,231951,12868,111647,8109,219082,13904,6736,7168
37435,231982,12874,111663,8113,219108,13910,6738,7172
37440,232013,12877,111682,8115,219135,13915,6739,7176
37445,232044,12880,111697,8117,219164,13918,6741,7177
37450,232075,12883,111710,8120,219192,13921,6741,7180
37455,232106,12883,111724,8120,219223,13923,6742,7181
37460,232137,12883,111742,8120,219254,13925,6743,7182
37465,232168,12883,111760,8120,219285,13927,6745,7182
37470,232199,12883,111777,8120,219316,13929,6745,7184
37475,232230,12883,111789,8120,219347,13931,6745,7186
37480,232261,12883,111804,8120,219378,13932,6746,7186
37485,232292,12883,111819,8120,219409,13933,6747,7186
37490,232323,12883,111837,8120,219440,13934,6747,7187
37495,232354,12883,111850,8120,219471,13935,6747,7188
37500,232385,12883,111864,8120,219502,13936,6748,7188
37505,232416,12884,111879,8121,219532,13937,6749,7188
37510,232447,12886,111888,8122,219560,13938,6750,7188
37515,232478,12889,111897,8124,219589,13940,6750,7190
37520,232509,12891,111911,8125,219617,13942,6750,7192
37525,232540,12894,111929,8128,219646,13944,6751,7193
37530,232571,12894,111949,8128,219677,13946,6753,7193
37535,232602,12895,111961,8128,219707,13948,6753,7195
37540,232633,12896,111976,8128,219737,13950,6754,7196
37545,232664,12897,111996,8128,219766,13952,6755,7197
37550,232695,12899,112011,8129,219795,13955,6756,7199
37555,232726,12902,112027,8131,219823,13959,6758,7201
37560,232757,12905,112039,8134,219852,13963,6758,7205
37565,232788,12907,112056,8135,219881,13968,6760,7208
37570,232819,12910,112067,8137,219909,13972,6763,7209
37575,232850,12914,112088,8141,219936,13976,6765,7211
37580,232881,12917,112105,8143,219964,13980,6767,7213
37585,232912,12919,112117,8143,219993,13984,6767,7217
37590,232943,12922,112129,8144,220021,13988,6769,7219
37595,232974,12926,112143,8146,220048,13991,6770,7221
37600,233005,12929,112157,8148,220076,13994,6773,7221
37605,233036,12933,112168,8152,220103,13997,6774,7223
37610,233067,12936,112183,8154,220131,14000,6775,7225
37615,233098,12938,112194,8155,220160,14003,6777,7226
37620,233129,12941,112210,8157,220188,14006,6779,7227
37625,233160,12943,112222,8159,220217,14010,6780,7230
37630,233191,12946,112238,8161,220245,14012,6782,7230
37635,233222,12947,112249,8162,220275,14014,6783,7231
37640,233253,12949,112265,8164,220304,14016,6785,7231
37645,233284,12950,112280,8164,220334,14018,6786,7232
37650,233315,12951,112290,8165,220364,14021,6788,7233
37655,233346,12952,112305,8165,220394,14024,6791,7233
37660,233377,12953,112321,8165,220424,14027,6793,7234
37665,233408,12955,112335,8167,220453,14031,6794,7237
37670,233439,12957,112349,8168,220482,14034,6795,7239
37675,233470,12958,112363,8168,220511,14037,6795,7242
37680,233501,12960,112374,8169,220541,14040,6797,7243
37685,233532,12962,112387,8170,220570,14042,6797,7245
37690,233563,12965,112401,8171,220598,14043,6798,7245
37695,233594,12967,112414,8173,220626,14044,6798,7246
37700,233625,12969,112428,8174,220656,14045,6799,7246
37705,233656,12970,112438,8175,220686,14046,6799,7247
37710,233687,12971,112451,8175,220716,14047,6800,7247
37715,233718,12972,112463,8175,220745,14048,6800,7248
37720,233749,12974,112477,8177,220774,14049,6801,7248
37725,233780,12976,112492,8179,220804,14051,6801,7250
37730,233811,12977,112511,8180,220834,14054,6803,7251
37735,233842,12978,112523,8181,220864,14057,6805,7252
37740,233873,12979,112538,8182,220894,14060,6806,7254
37745,233904,12979,112560,8182,220925,14062,6807,7255
37750,233935,12979,112572,8182,220956,14065,6808,7257
37755,233966,12979,112589,8182,220987,14068,6811,7257
37760,233997,12979,112602,8182,221018,14069,6811,7258
37765,234028,12979,112619,8182,221049,14070,6811,7259
37770,234059,12979,112636,8182,221080,14071,6811,7260
37775,234090,12979,112649,8182,221111,14073,6811,7262
37780,234121,12979,112662,8182,221142,14075,6812,7263
37785,234152,12979,112678,8182,221173,14077,6813,7264
37790,234183,12981,112699,8183,221202,14081,6817,7264
37795,234214,12982,112716,8183,221232,14085,6821,7264
37800,234245,12985,112730,8185,221260,14089,6822,7267
37805,234276,12988,112743,8187,221288,14091,6823,7268
37810,234307,12989,112756,8188,221318,14091,6823,7268
37815,234338,12990,112772,8188,221348,14091,6823,7268
37820,234369,12991,112784,8188,221378,14091,6823,7268
37825,234400,12992,112795,8189,221408,14091,6823,7268
37830,234431,12993,112807,8190,221438,14091,6823,7268
37835,234462,12994,112817,8190,221468,14091,6823,7268
37840,234493,12995,112835,8191,221498,14091,6823,7268
37845,234524,12997,112843,8192,221527,14092,6823,7269
37850,234555,12999,112855,8192,221556,14093,6824,7269
37855,234586,13001,112872,8193,221585,14094,6825,7269
37860,234617,13003,112883,8193,221614,14096,6825,7271
37865,234648,13008,112900,8198,221640,14098,6825,7273
37870,234679,13012,112914,8201,221667,14100,6825,7275
37875,234710,13015,112930,8204,221695,14102,6826,7276
37880,234741,13019,112945,8206,221722,14104,6827,7277
37885,234772,13023,112962,8208,221749,14106,6828,7278
37890,234803,13027,112969,8210,221776,14109,6829,7280
37895,234834,13030,112981,8213,221804,14112,6830,7282
37900,234865,13033,112996,8214,221832,14115,6830,7285
37905,234896,13035,113012,8214,221860,14118,6832,7286
37910,234927,13039,113023,8218,221888,14120,6833,7287
37915,234958,13042,113042,8221,221916,14124,6836,7288
37920,234989,13045,113058,8223,221944,14128,6838,7290
37925,235020,13046,113069,8223,221974,14130,6838,7292
37930,235051,13047,113086,8224,222003,14132,6838,7294
37935,235082,13049,113099,8225,222033,14134,6839,7295
37940,235113,13050,113113,8225,222063,14136,6840,7296
37945,235144,13051,113128,8226,222092,14138,6842,7296
37950,235175,13053,113143,8227,222122,14140,6844,7296
37955,235206,13054,113160,8228,222151,14142,6846,7296
37960,235237,13055,113174,8229,222182,14144,6846,7298
37965,235268,13055,113183,8229,222213,14146,6846,7300
37970,235299,13055,113197,8229,222244,14147,6846,7301
37975,235330,13055,113211,8229,222275,14148,6847,7301
37980,235361,13055,113228,8229,222306,14149,6847,7302
37985,235392,13055,113243,8229,222337,14150,6847,7303
37990,235423,13055,113254,8229,222368,14151,6847,7304
37995,235454,13055,113267,8229,222399,14152,6847,7305
38000,235485,13055,113281,8229,222430,14153,6848,7305
38005,235516,13055,113296,8229,222461,14154,6849,7305
38010,235547,13055,113310,8229,222492,14156,6849,7307
38015,235578,13055,113323,8229,222523,14158,6850,7308
38020,235609,13055,113335,8229,222554,14160,6851,7309
38025,235640,13055,113353,8229,222584,14164,6851,7313
38030,235671,13059,113365,8233,222611,14168,6853,7315
38035,235702,13066,113387,8240,222636,14173,6857,7316
38040,235733,13069,113400,8242,222664,14175,6858,7317
38045,235764,13072,113418,8244,222691,14177,6860,7317
38050,235795,13074,113430,8246,222721,14178,6860,7318
38055,235826,13075,113449,8247,222750,14179,6861,7318
38060,235857,13077,113467,8248,222780,14180,6862,7318
38065,235888,13078,113478,8249,222810,14181,6862,7319
38070,235919,13079,113496,8250,222839,14182,6862,7320
38075,235950,13081,113515,8251,222869,14183,6863,7320
38080,235981,13082,113529,8251,222899,14184,6864,7320
38085,236012,13083,113547,8252,222929,14185,6864,7321
38090,236043,13084,113557,8252,222959,14186,6864,7322
38095,236074,13085,113571,8252,222989,14187,6865,7322
38100,236105,13086,113586,8253,223019,14188,6865,7323
38105,236136,13087,113605,8253,223048,14189,6865,7324
38110,236167,13088,113622,8254,223079,14190,6865,7325
38115,236198,13088,113638,8254,223110,14191,6866,7325
38120,236229,13088,113655,8254,223141,14193,6868,7325
38125,236260,13088,113668,8254,223172,14195,6870,7325
38130,236291,13088,113681,8254,223203,14197,6871,7326
38135,236322,13088,113697,8254,223234,14199,6872,7327
38140,236353,13088,113711,8254,223265,14202,6872,7330
38145,236384,13088,113724,8254,223296,14207,6873,7334
38150,236415,13091,113743,8257,223324,14213,6877,7336
38155,236446,13093,113756,8258,223353,14216,6878,7338
38160,236477,13097,113774,8261,223379,14220,6880,7340
38165,236508,13100,113791,8263,223407,14222,6880,7342
38170,236539,13103,113803,8266,223435,14223,6880,7343
38175,236570,13106,113819,8268,223464,14224,6880,7344
38180,236601,13109,113833,8270,223492,14225,6881,7344
38185,236632,13111,113846,8271,223521,14226,6881,7345
38190,236663,13113,113858,8273,223549,14227,6881,7346
38195,236694,13117,113874,8277,223577,14228,6881,7347
38200,236725,13118,113890,8278,223607,14229,6881,7348
38205,236756,13119,113905,8278,223637,14229,6881,7348
38210,236787,13120,113919,8279,223666,14229,6881,7348
38215,236818,13122,113938,8281,223695,14229,6881,7348
38220,236849,13124,113951,8282,223725,14229,6881,7348
38225,236880,13125,113959,8282,223755,14229,6881,7348
38230,236911,13126,113974,8283,223785,14229,6881,7348
38235,236942,13127,113993,8284,223814,14229,6881,7348
38240,236973,13129,114010,8285,223844,14229,6881,7348
38245,237004,13130,114026,8286,223874,14229,6881,7348
38250,237035,13131,114042,8286,223904,14229,6881,7348
38255,237066,13132,114061,8286,223934,14231,6883,7348
38260,237097,13133,114077,8286,223964,14234,6884,7350
38265,237128,13133,114093,8286,223995,14238,6887,7351
38270,237159,13134,114105,8286,224025,14241,6888,7353
38275,237190,13135,114117,8286,224054,14243,6888,7355
38280,237221,13137,114126,8287,224084,14245,6889,7356
38285,237252,13139,114138,8287,224113,14248,6890,7358
38290,237283,13141,114157,8287,224142,14251,6891,7360
38295,237314,13143,114173,8288,224171,14254,6892,7362
38300,237345,13145,114182,8289,224200,14257,6893,7364
38305,237376,13147,114196,8290,224229,14260,6895,7365
38310,237407,13149,114208,8291,224258,14263,6895,7368
38315,237438,13151,114222,8291,224287,14266,6896,7370
38320,237469,13153,114239,8292,224316,14269,6898,7371
38325,237500,13155,114254,8293,224345,14272,6900,7372
38330,237531,13157,114266,8294,224374,14275,6901,7374
38335,237562,13159,114279,8295,224403,14278,6902,7376
38340,237593,13162,114289,8297,224431,14281,6902,7379
38345,237624,13164,114306,8298,224460,14284,6903,7381
38350,237655,13167,114326,8301,224488,14287,6904,7383
38355,237686,13170,114341,8303,224516,14290,6904,7386
38360,237717,13173,114355,8306,224544,14293,6905,7388
38365,237748,13176,114369,8308,224572,14296,6906,7390
38370,237779,13180,114389,8310,224599,14300,6908,7392
38375,237810,13184,114405,8313,224626,14306,6909,7397
38380,237841,13187,114419,8314,224654,14312,6911,7401
38385,237872,13190,114436,8315,224681,14317,6914,7403
38390,237903,13195,114452,8319,224707,14320,6915,7405
38395,237934,13198,114468,8321,224736,14323,6917,7406
38400,237965,13200,114485,8323,224764,14325,6919,7406
38405,237996,13205,114498,8326,224791,14326,6919,7407
38410,238027,13209,114515,8329,224818,14327,6920,7407
38415,238058,13213,114527,8332,224845,14328,6921,7407
38420,238089,13216,114539,8334,224873,14329,6921,7408
38425,238120,13220,114553,8336,224900,14330,6922,7408
38430,238151,13223,114565,8337,224927,14331,6922,7409
38435,238182,13226,114583,8339,224956,14332,6923,7409
38440,238213,13227,114598,8340,224986,14333,6923,7410
38445,238244,13227,114616,8340,225017,14334,6923,7411
38450,238275,13227,114629,8340,225048,14335,6923,7412
38455,238306,13227,114643,8340,225079,14336,6923,7413
38460,238337,13227,114657,8340,225110,14337,6924,7413
38465,238368,13228,114672,8340,225140,14339,6925,7414
38470,238399,13228,114685,8340,225171,14340,6925,7415
38475,238430,13228,114696,8340,225202,14341,6925,7416
38480,238461,13228,114710,8340,225233,14342,6926,7416
38485,238492,13228,114721,8340,225264,14344,6927,7417
38490,238523,13228,114739,8340,225295,14346,6927,7419
38495,238554,13229,114754,8341,225325,14349,6928,7421
38500,238585,13230,114767,8341,225355,14352,6929,7423
38505,238616,13231,114781,8342,225385,14356,6930,7426
38510,238647,13232,114793,8342,225415,14360,6932,7428
38515,238678,13233,114809,8343,225445,14364,6934,7430
38520,238709,13235,114824,8345,225474,14368,6935,7433
38525,238740,13237,114838,8346,225503,14372,6936,7436
38530,238771,13240,114853,8348,225531,14375,6938,7437
38535,238802,13242,114866,8350,225560,14377,6938,7439
38540,238833,13245,114878,8352,225588,14379,6940,7439
38545,238864,13247,114892,8353,225617,14381,6942,7439
38550,238895,13248,114907,8354,225647,14383,6943,7440
38555,238926,13249,114924,8354,225677,14385,6945,7440
38560,238957,13250,114941,8354,225707,14387,6947,7440
38565,238988,13251,114956,8355,225737,14389,6949,7440
38570,239019,13253,114970,8356,225766,14390,6949,7441
38575,239050,13256,114986,8358,225793,14391,6950,7441
38580,239081,13261,115001,8361,225820,14392,6950,7442
38585,239112,13262,115014,8361,225850,14393,6950,7443
38590,239143,13263,115026,8361,225880,14394,6951,7443
38595,239174,13264,115041,8361,225909,14395,6951,7444
38600,239205,13266,115059,8362,225939,14396,6951,7445
38605,239236,13267,115070,8362,225969,14397,6952,7445
38610,239267,13268,115083,8362,225999,14398,6952,7446
38615,239298,13269,115098,8363,226028,14399,6953,7446
38620,239329,13271,115111,8364,226058,14400,6954,7446
38625,239360,13272,115125,8365,226088,14401,6955,7446
38630,239391,13273,115144,8366,226117,14404,6957,7447
38635,239422,13275,115155,8368,226147,14409,6958,7451
38640,239453,13276,115170,8368,226177,14413,6960,7453
38645,239484,13280,115189,8370,226204,14415,6961,7454
38650,239515,13284,115206,8374,226231,14417,6961,7456
38655,239546,13288,115224,8377,226258,14419,6963,7456
38660,239577,13291,115237,8379,226286,14421,6965,7456
38665,239608,13294,115258,8381,226314,14423,6966,7457
38670,239639,13298,115276,8384,226341,14426,6967,7459
38675,239670,13300,115287,8384,226370,14429,6970,7459
38680,239701,13304,115302,8386,226397,14432,6971,7461
38685,239732,13306,115316,8386,226426,14435,6974,7461
38690,239763,13310,115335,8388,226453,14438,6976,7462
38695,239794,13312,115352,8390,226482,14441,6977,7464
38700,239825,13313,115365,8390,226512,14444,6978,7466
38705,239856,13313,115377,8390,226543,14445,6978,7467
38710,239887,13313,115392,8390,226574,14445,6978,7467
38715,239918,13313,115406,8390,226605,14445,6978,7467
38720,239949,13313,115427,8390,226636,14445,6978,7467
38725,239980,13313,115441,8390,226667,14445,6978,7467
38730,240011,13313,115456,8390,226698,14445,6978,7467
38735,240042,13313,115475,8390,226729,14445,6978,7467
38740,240073,13313,115491,8390,226760,14446,6979,7467
38745,240104,13313,115502,8390,226791,14447,6979,7468
38750,240135,13313,115521,8390,226822,14449,6980,7469
38755,240166,13313,115529,8390,226853,14453,6980,7473
38760,240197,13313,115544,8390,226883,14456,6982,7474
38765,240228,13317,115562,8394,226910,14456,6982,7474
38770,240259,13319,115577,8395,226940,14456,6982,7474
38775,240290,13320,115596,8396,226969,14456,6982,7474
38780,240321,13322,115612,8397,226998,14456,6982,7474
38785,240352,13324,115628,8399,227028,14456,6982,7474
38790,240383,13324,115643,8399,227059,14456,6982,7474
38795,240414,13324,115655,8399,227090,14456,6982,7474
38800,240445,13325,115670,8399,227120,14456,6982,7474
38805,240476,13326,115689,8400,227150,14457,6983,7474
38810,240507,13328,115705,8402,227179,14459,6983,7476
38815,240538,13330,115722,8404,227208,14461,6985,7476
38820,240569,13331,115738,8405,227238,14463,6986,7477
38825,240600,13335,115751,8408,227265,14465,6987,7478
38830,240631,13338,115766,8411,227293,14467,6987,7480
38835,240662,13340,115780,8412,227322,14468,6988,7480
38840,240693,13342,115801,8414,227351,14469,6988,7481
38845,240724,13344,115812,8414,227380,14470,6988,7482
38850,240755,13346,115824,8415,227409,14471,6988,7483
38855,240786,13348,115839,8415,227438,14472,6988,7484
38860,240817,13350,115853,8416,227467,14474,6988,7486
38865,240848,13352,115871,8418,227496,14477,6991,7486
38870,240879,13353,115890,8419,227526,14481,6994,7487
38875,240910,13354,115902,8419,227556,14486,6996,7490
38880,240941,13355,115916,8420,227586,14488,6996,7492
38885,240972,13356,115935,8420,227616,14489,6996,7493
38890,241003,13357,115948,8421,227646,14490,6996,7494
38895,241034,13358,115965,8421,227676,14491,6997,7494
38900,241065,13359,115978,8422,227706,14492,6997,7495
38905,241096,13360,115995,8423,227736,14493,6998,7495
38910,241127,13361,116012,8424,227766,14494,6999,7495
38915,241158,13362,116027,8425,227796,14495,6999,7496
38920,241189,13363,116042,8426,227826,14496,7000,7496
38925,241220,13364,116059,8427,227856,14497,7001,7496
38930,241251,13365,116078,8428,227886,14498,7002,7496
38935,241282,13368,116091,8430,227913,14499,7002,7497
38940,241313,13374,116109,8435,227939,14501,7003,7498
38945,241344,13378,116124,8438,227966,14502,7004,7498
38950,241375,13381,116133,8440,227994,14503,7004,7499
38955,241406,13384,116148,8441,228021,14504,7004,7500
38960,241437,13388,116164,8444,228049,14505,7005,7500
38965,241468,13389,116181,8445,228078,14506,7006,7500
38970,241499,13390,116199,8446,228109,14507,7006,7501
38975,241530,13390,116215,8446,228140,14509,7007,7502
38980,241561,13390,116231,8446,228171,14513,7010,7503
38985,241592,13390,116241,8446,228202,14517,7011,7506
38990,241623,13390,116259,8446,228233,14523,7015,7508
38995,241654,13390,116274,8446,228264,14529,7018,7511
39000,241685,13390,116288,8446,228295,14533,7020,7513
39005,241716,13390,116305,8446,228326,14534,7021,7513
39010,241747,13390,116316,8446,228357,14535,7022,7513
39015,241778,13390,116335,8446,228388,14536,7023,7513
39020,241809,13390,116349,8446,228419,14537,7023,7514
39025,241840,13390,116362,8446,228450,14538,7023,7515
39030,241871,13390,116373,8446,228481,14539,7023,7516
39035,241902,13390,116387,8446,228512,14540,7023,7517
39040,241933,13390,116403,8446,228543,14541,7023,7518
39045,241964,13390,116418,8446,228574,14542,7023,7519
39050,241995,13391,116433,8446,228604,14543,7024,7519
39055,242026,13392,116446,8446,228634,14544,7025,7519
39060,242057,13393,116459,8446,228664,14545,7026,7519
39065,242088,13397,116475,8449,228691,14548,7027,7521
39070,242119,13401,116489,8453,228718,14551,7029,7522
39075,242150,13405,116503,8455,228745,14554,7030,7524
39080,242181,13408,116514,8455,228773,14555,7031,7524
39085,242212,13411,116530,8456,228801,14556,7031,7525
39090,242243,13414,116543,8458,228829,14557,7032,7525
39095,242274,13417,116558,8460,228857,14558,7033,7525
39100,242305,13420,116573,8462,228885,14559,7034,7525
39105,242336,13423,116584,8463,228913,14560,7034,7526
39110,242367,13427,116599,8465,228939,14564,7037,7527
39115,242398,13432,116615,8467,228966,14568,7038,7530
39120,242429,13436,116631,8470,228992,14572,7039,7533
39125,242460,13441,116649,8473,229018,14573,7040,7533
39130,242491,13445,116665,8477,229045,14574,7041,7533
39135,242522,13447,116675,8478,229075,14575,7042,7533
39140,242553,13448,116688,8479,229104,14576,7042,7534
39145,242584,13450,116699,8481,229134,14576,7042,7534
39150,242615,13451,116721,8482,229164,14576,7042,7534
39155,242646,13452,116735,8482,229193,14576,7042,7534
39160,242677,13454,116753,8484,229223,14576,7042,7534
39165,242708,13455,116767,8485,229253,14576,7042,7534
39170,242739,13456,116781,8485,229283,14576,7042,7534
39175,242770,13457,116799,8485,229313,14576,7042,7534
39180,242801,13458,116813,8486,229343,14577,7043,7534
39185,242832,13459,116829,8486,229373,14578,7043,7535
39190,242863,13460,116842,8486,229403,14579,7043,7536
39195,242894,13462,116858,8488,229432,14580,7044,7536
39200,242925,13463,116876,8489,229462,14581,7045,7536
39205,242956,13464,116893,8490,229492,14582,7045,7537
39210,242987,13466,116907,8492,229521,14584,7045,7539
39215,243018,13467,116922,8493,229551,14586,7046,7540
39220,243049,13468,116934,8493,229581,14586,7046,7540
39225,243080,13469,116951,8493,229611,14587,7047,7540
39230,243111,13470,116964,8493,229641,14590,7047,7543
39235,243142,13471,116977,8493,229671,14593,7048,7545
39240,243173,13472,116993,8493,229701,14595,7050,7545
39245,243204,13476,117006,8496,229728,14597,7050,7547
39250,243235,13479,117024,8499,229756,14599,7051,7548
39255,243266,13481,117040,8500,229785,14601,7051,7550
39260,243297,13484,117059,8502,229813,14603,7053,7550
39265,243328,13487,117074,8503,229841,14605,7055,7550
39270,243359,13489,117090,8504,229870,14607,7055,7552
39275,243390,13491,117107,8505,229899,14609,7056,7553
39280,243421,13492,117118,8505,229929,14611,7056,7555
39285,243452,13494,117135,8507,229957,14613,7056,7557
39290,243483,13496,117149,8508,229986,14615,7056,7559
39295,243514,13498,117166,8510,230016,14617,7057,7560
39300,243545,13499,117179,8510,230045,14618,7058,7560
39305,243576,13501,117192,8511,230074,14619,7058,7561
39310,243607,13503,117209,8513,230104,14620,7059,7561
39315,243638,13504,117223,8513,230133,14621,7060,7561
39320,243669,13506,117240,8514,230163,14623,7061,7562
39325,243700,13507,117253,8515,230192,14625,7062,7563
39330,243731,13509,117268,8517,230221,14627,7064,7563
39335,243762,13511,117285,8519,230250,14629,7066,7563
39340,243793,13513,117300,8521,230279,14631,7067,7564
39345,243824,13515,117311,8522,230309,14635,7069,7566
39350,243855,13516,117328,8522,230339,14639,7071,7568
39355,243886,13517,117347,8522,230368,14642,7071,7571
39360,243917,13519,117363,8524,230397,14645,7073,7572
39365,243948,13520,117379,8525,230428,14646,7074,7572
39370,243979,13520,117398,8525,230459,14647,7075,7572
39375,244010,13520,117413,8525,230490,14648,7076,7572
39380,244041,13521,117427,8525,230520,14649,7077,7572
39385,244072,13522,117440,8525,230550,14650,7078,7572
39390,244103,13524,117456,8526,230579,14651,7079,7572
39395,244134,13526,117468,8527,230608,14652,7080,7572
39400,244165,13528,117485,8528,230637,14654,7081,7573
39405,244196,13529,117501,8529,230667,14656,7082,7574
39410,244227,13531,117518,8530,230696,14658,7083,7575
39415,244258,13534,117532,8531,230724,14661,7085,7576
39420,244289,13537,117552,8533,230752,14664,7088,7576
39425,244320,13538,117566,8533,230782,14668,7090,7578
39430,244351,13539,117584,8534,230812,14670,7091,7579
39435,244382,13540,117600,8534,230842,14672,7091,7581
39440,244413,13541,117612,8535,230872,14673,7091,7582
39445,244444,13542,117626,8536,230902,14674,7092,7582
39450,244475,13543,117647,8536,230932,14675,7093,7582
39455,244506,13544,117658,8536,230962,14676,7093,7583
39460,244537,13545,117670,8537,230992,14677,7094,7583
39465,244568,13546,117685,8538,231022,14678,7094,7584
39470,244599,13547,117701,8538,231052,14680,7095,7585
39475,244630,13549,117716,8539,231081,14682,7097,7585
39480,244661,13551,117732,8539,231110,14684,7099,7585
39485,244692,13553,117752,8541,231139,14686,7100,7586
39490,244723,13554,117771,8541,231168,14687,7101,7586
39495,244754,13556,117782,8542,231198,14688,7102,7586
39500,244785,13557,117800,8542,231227,14689,7102,7587
39505,244816,13559,117816,8543,231257,14690,7102,7588
39510,244847,13560,117829,8543,231286,14691,7102,7589
39515,244878,13562,117838,8544,231316,14692,7103,7589
39520,244909,13563,117854,8544,231345,14693,7103,7590
39525,244940,13565,117870,8546,231375,14694,7104,7590
39530,244971,13566,117882,8547,231405,14695,7104,7591
39535,245002,13567,117897,8547,231434,14697,7106,7591
39540,245033,13569,117913,8548,231464,14701,7106,7595
39545,245064,13571,117925,8549,231492,14704,7106,7598
39550,245095,13572,117939,8550,231523,14707,7107,7600
39555,245126,13572,117953,8550,231554,14709,7109,7600
39560,245157,13572,117969,8550,231585,14711,7111,7600
39565,245188,13572,117985,8550,231616,14713,7113,7600
39570,245219,13572,117997,8550,231647,14715,7113,7602
39575,245250,13572,118010,8550,231678,14716,7114,7602
39580,245281,13572,118023,8550,231709,14717,7115,7602
39585,245312,13572,118041,8550,231740,14718,7116,7602
39590,245343,13574,118055,8552,231769,14721,7117,7604
39595,245374,13575,118073,8553,231799,14724,7119,7605
39600,245405,13577,118090,8554,231828,14727,7120,7607
39605,245436,13579,118104,8554,231857,14728,7120,7608
39610,245467,13582,118119,8556,231885,14729,7120,7609
39615,245498,13584,118132,8557,231913,14730,7120,7610
39620,245529,13587,118147,8559,231941,14731,7120,7611
39625,245560,13591,118162,8563,231969,14732,7121,7611
39630,245591,13593,118176,8564,231998,14733,7122,7611
39635,245622,13596,118195,8566,232025,14734,7123,7611
39640,245653,13598,118213,8568,232055,14735,7124,7611
39645,245684,13600,118230,8568,232084,14736,7125,7611
39650,245715,13603,118248,8570,232112,14737,7125,7612
39655,245746,13605,118258,8571,232141,14739,7126,7613
39660,245777,13607,118270,8572,232170,14742,7127,7615
39665,245808,13609,118287,8574,232199,14744,7128,7616
39670,245839,13611,118301,8575,232228,14745,7129,7616
39675,245870,13612,118313,8575,232258,14746,7129,7617
39680,245901,13614,118326,8576,232287,14747,7130,7617
39685,245932,13616,118342,8577,232316,14748,7131,7617
39690,245963,13618,118354,8579,232345,14749,7131,7618
39695,245994,13619,118371,8580,232375,14749,7131,7618
39700,246025,13620,118388,8581,232405,14749,7131,7618
39705,246056,13622,118404,8582,232434,14751,7133,7618
39710,246087,13624,118421,8584,232463,14754,7135,7619
39715,246118,13624,118434,8584,232494,14757,7136,7621
39720,246149,13624,118449,8584,232525,14758,7137,7621
39725,246180,13628,118461,8587,232552,14758,7137,7621
39730,246211,13631,118474,8589,232580,14758,7137,7621
39735,246242,13634,118487,8590,232608,14758,7137,7621
39740,246273,13636,118501,8592,232637,14758,7137,7621
39745,246304,13639,118511,8593,232665,14758,7137,7621
39750,246335,13642,118530,8595,232693,14758,7137,7621
39755,246366,13644,118541,8596,232721,14758,7137,7621
39760,246397,13646,118555,8597,232750,14758,7137,7621
39765,246428,13648,118563,8598,232780,14758,7137,7621
39770,246459,13649,118579,8599,232809,14761,7138,7623
39775,246490,13651,118593,8601,232838,14764,7139,7625
39780,246521,13653,118607,8602,232868,14766,7141,7625
39785,246552,13657,118625,8604,232895,14768,7143,7625
39790,246583,13659,118636,8604,232924,14770,7144,7626
39795,246614,13662,118652,8606,232951,14773,7144,7629
39800,246645,13665,118665,8609,232980,14776,7145,7631
39805,246676,13666,118678,8609,233010,14779,7146,7633
39810,246707,13667,118692,8610,233040,14782,7146,7636
39815,246738,13668,118708,8611,233070,14784,7147,7637
39820,246769,13669,118723,8612,233100,14788,7147,7641
39825,246800,13670,118738,8612,233130,14793,7149,7644
39830,246831,13671,118757,8613,233160,14798,7151,7647
39835,246862,13672,118775,8614,233190,14803,7154,7649
39840,246893,13673,118794,8615,233220,14807,7158,7649
39845,246924,13674,118810,8615,233250,14809,7160,7649
39850,246955,13675,118827,8616,233280,14811,7161,7650
39855,246986,13675,118839,8616,233311,14813,7163,7650
39860,247017,13675,118854,8616,233342,14815,7163,7652
39865,247048,13675,118866,8616,233373,14817,7163,7654
39870,247079,13675,118882,8616,233404,14819,7164,7655
39875,247110,13675,118898,8616,233435,14821,7165,7656
39880,247141,13675,118914,8616,233466,14823,7166,7657
39885,247172,13675,118931,8616,233497,14825,7168,7657
39890,247203,13675,118942,8616,233528,14827,7169,7658
39895,247234,13676,118955,8616,233558,14829,7170,7659
39900,247265,13677,118974,8616,233588,14830,7171,7659
39905,247296,13680,118991,8618,233616,14832,7173,7659
39910,247327,13683,119003,8619,233644,14834,7174,7660
39915,247358,13686,119018,8622,233672,14837,7176,7661
39920,247389,13690,119037,8624,233699,14840,7178,7662
39925,247420,13694,119054,8628,233726,14843,7179,7664
39930,247451,13698,119071,8631,233753,14846,7180,7666
39935,247482,13702,119090,8633,233780,14848,7181,7667
39940,247513,13705,119107,8634,233808,14850,7182,7668
39945,247544,13708,119121,8637,233836,14853,7183,7670
39950,247575,13712,119137,8639,233863,14857,7186,7671
39955,247606,13716,119154,8642,233890,14861,7187,7674
39960,247637,13720,119169,8645,233917,14864,7188,7676
39965,247668,13723,119183,8646,233944,14867,7189,7678
39970,247699,13727,119197,8649,233971,14870,7189,7681
39975,247730,13731,119211,8651,233999,14873,7191,7682
39980,247761,13733,119223,8653,234027,14876,7191,7685
39985,247792,13736,119239,8655,234056,14879,7191,7688
39990,247823,13738,119254,8655,234084,14882,7194,7688
39995,247854,13741,119270,8657,234112,14884,7195,7689
40000,247885,13744,119285,8659,234141,14887,7197,7690
40005,247916,13746,119301,8660,234170,14889,7198,7691
40010,247947,13747,119315,8661,234200,14891,7199,7692
40015,247978,13747,119330,8661,234231,14893,7201,7692
40020,248009,13747,119346,8661,234262,14895,7201,7694
40025,248040,13747,119363,8661,234293,14896,7202,7694
40030,248071,13747,119378,8661,234324,14897,7202,7695
40035,248102,13747,119398,8661,234355,14898,7203,7695
40040,248133,13747,119414,8661,234386,14900,7203,7697
40045,248164,13747,119433,8661,234417,14902,7204,7698
40050,248195,13747,119447,8661,234448,14904,7206,7698
40055,248226,13747,119463,8661,234479,14906,7208,7698
40060,248257,13747,119473,8661,234510,14908,7208,7700
40065,248288,13747,119487,8661,234541,14911,7210,7701
40070,248319,13748,119501,8662,234571,14914,7212,7702
40075,248350,13749,119513,8662,234601,14917,7213,7704
40080,248381,13750,119523,8662,234631,14918,7214,7704
40085,248412,13751,119536,8662,234660,14919,7215,7704
40090,248443,13753,119547,8663,234689,14920,7216,7704
40095,248474,13755,119565,8664,234719,14922,7217,7705
40100,248505,13756,119584,8665,234748,14924,7218,7706
40105,248536,13758,119594,8666,234777,14926,7218,7708
40110,248567,13761,119608,8669,234806,14928,7218,7710
40115,248598,13763,119626,8671,234835,14930,7220,7710
40120,248629,13766,119643,8673,234862,14932,7221,7711
40125,248660,13769,119653,8675,234890,14935,7222,7713
40130,248691,13772,119669,8677,234919,14939,7222,7717
40135,248722,13774,119684,8678,234948,14943,7226,7717
40140,248753,13778,119703,8681,234975,14947,7230,7717
40145,248784,13780,119717,8682,235004,14950,7231,7719
40150,248815,13784,119732,8685,235031,14953,7231,7722
40155,248846,13788,119746,8687,235058,14956,7232,7724
40160,248877,13791,119757,8688,235086,14958,7233,7725
40165,248908,13794,119769,8691,235114,14961,7234,7727
40170,248939,13797,119784,8694,235142,14964,7235,7729
40175,248970,13798,119798,8694,235172,14967,7236,7731
40180,249001,13799,119812,8695,235202,14971,7238,7733
40185,249032,13800,119827,8696,235232,14973,7239,7734
40190,249063,13801,119841,8696,235262,14975,7240,7735
40195,249094,13802,119853,8696,235292,14976,7241,7735
40200,249125,13803,119868,8696,235322,14977,7242,7735
40205,249156,13804,119880,8696,235352,14979,7242,7737
40210,249187,13805,119896,8697,235382,14980,7243,7737
40215,249218,13806,119906,8697,235412,14981,7243,7738
40220,249249,13807,119923,8697,235442,14982,7244,7738
40225,249280,13808,119936,8697,235472,14983,7244,7739
40230,249311,13809,119951,8697,235502,14984,7244,7740
40235,249342,13810,119971,8697,235532,14985,7244,7741
40240,249373,13811,119980,8697,235562,14986,7244,7742
40245,249404,13813,119998,8698,235590,14987,7245,7742
40250,249435,13816,120010,8700,235619,14989,7247,7742
40255,249466,13819,120020,8702,235647,14991,7249,7742
40260,249497,13822,120036,8704,235674,14993,7249,7744
40265,249528,13825,120050,8705,235703,14997,7252,7745
40270,249559,13827,120065,8706,235731,15000,7253,7747
40275,249590,13833,120083,8710,235757,15002,7255,7747
40280,249621,13837,120097,8713,235784,15004,7256,7748
40285,249652,13841,120111,8717,235810,15006,7257,7749
40290,249683,13847,120126,8721,235836,15008,7259,7749
40295,249714,13850,120143,8723,235864,15010,7260,7750
40300,249745,13851,120157,8723,235894,15013,7262,7751
40305,249776,13852,120169,8723,235924,15015,7263,7752
40310,249807,13853,120183,8724,235954,15017,7263,7754
40315,249838,13853,120198,8724,235985,15019,7265,7754
40320,249869,13853,120206,8724,236016,15020,7265,7755
40325,249900,13853,120224,8724,236047,15021,7265,7756
40330,249931,13853,120243,8724,236078,15022,7266,7756
40335,249962,13853,120256,8724,236109,15022,7266,7756
40340,249993,13853,120269,8724,236140,15022,7266,7756
40345,250024,13853,120287,8724,236171,15022,7266,7756
40350,250055,13853,120301,8724,236202,15022,7266,7756
40355,250086,13853,120321,8724,236233,15022,7266,7756
40360,250117,13853,120336,8724,236264,15022,7266,7756
40365,250148,13853,120352,8724,236295,15023,7266,7757
40370,250179,13854,120367,8725,236325,15025,7268,7757
40375,250210,13855,120380,8725,236355,15028,7270,7758
40380,250241,13856,120391,8726,236385,15031,7271,7760
40385,250272,13860,120405,8728,236412,15034,7274,7760
40390,250303,13861,120420,8728,236442,15037,7275,7762
40395,250334,13864,120436,8730,236469,15039,7275,7764
40400,250365,13868,120454,8733,236497,15041,7276,7765
40405,250396,13871,120470,8735,236524,15044,7278,7766
40410,250427,13875,120483,8738,236552,15047,7278,7769
40415,250458,13878,120495,8739,236579,15050,7280,7770
40420,250489,13881,120513,8742,236607,15053,7283,7770
40425,250520,13884,120532,8745,236635,15056,7285,7771
40430,250551,13887,120549,8747,236664,15059,7288,7771
40435,250582,13888,120560,8747,236693,15063,7291,7772
40440,250613,13891,120575,8750,236722,15067,7292,7775
40445,250644,13892,120592,8751,236752,15071,7294,7777
40450,250675,13894,120608,8753,236781,15074,7297,7777
40455,250706,13895,120621,8754,236811,15077,7298,7779
40460,250737,13896,120630,8755,236841,15080,7299,7781
40465,250768,13897,120649,8756,236871,15083,7301,7782
40470,250799,13898,120662,8756,236901,15086,7304,7782
40475,250830,13899,120675,8757,236931,15089,7306,7783
40480,250861,13899,120689,8757,236962,15092,7307,7785
40485,250892,13899,120702,8757,236993,15095,7308,7787
40490,250923,13900,120718,8758,237023,15097,7309,7788
40495,250954,13902,120737,8760,237052,15099,7311,7788
40500,250985,13905,120750,8763,237080,15101,7312,7789
40505,251016,13908,120763,8765,237108,15104,7313,7791
40510,251047,13910,120775,8766,237137,15107,7314,7793
40515,251078,13913,120786,8768,237165,15109,7314,7795
40520,251109,13915,120804,8770,237194,15111,7316,7795
40525,251140,13917,120823,8772,237223,15113,7317,7796
40530,251171,13919,120839,8774,237252,15115,7317,7798
40535,251202,13920,120848,8774,237282,15117,7318,7799
40540,251233,13923,120864,8777,237310,15119,7319,7800
40545,251264,13925,120880,8778,237339,15121,7320,7801
40550,251295,13925,120892,8778,237370,15123,7320,7803
40555,251326,13925,120910,8778,237401,15125,7322,7803
40560,251357,13925,120928,8778,237432,15127,7322,7805
40565,251388,13925,120945,8778,237463,15129,7324,7805
40570,251419,13925,120961,8778,237494,15131,7325,7806
40575,251450,13925,120980,8778,237524,15132,7325,7807
40580,251481,13927,120994,8780,237553,15133,7326,7807
40585,251512,13929,121008,8781,237583,15134,7326,7808
40590,251543,13930,121018,8781,237613,15135,7326,7809
40595,251574,13932,121032,8783,237641,15137,7326,7811
40600,251605,13934,121048,8785,237670,15139,7327,7812
40605,251636,13936,121058,8786,237700,15141,7328,7813
40610,251667,13937,121068,8787,237730,15143,7329,7814
40615,251698,13941,121081,8791,237757,15147,7330,7817
40620,251729,13943,121098,8793,237786,15151,7333,7818
40625,251760,13944,121117,8794,237816,15152,7334,7818
40630,251791,13945,121129,8794,237846,15153,7334,7819
40635,251822,13946,121146,8794,237876,15154,7334,7820
40640,251853,13947,121158,8794,237906,15155,7335,7820
40645,251884,13948,121175,8794,237936,15156,7336,7820
40650,251915,13950,121189,8796,237964,15157,7337,7820
40655,251946,13953,121206,8798,237993,15158,7337,7821
40660,251977,13955,121225,8800,238022,15159,7338,7821
40665,252008,13957,121244,8801,238050,15161,7340,7821
40670,252039,13960,121257,8804,238079,15163,7340,7823
40675,252070,13962,121272,8804,238108,15165,7341,7824
40680,252101,13964,121282,8805,238137,15167,7342,7825
40685,252132,13966,121298,8806,238166,15169,7343,7826
40690,252163,13969,121317,8808,238194,15171,7344,7827
40695,252194,13972,121334,8810,238222,15173,7345,7828
40700,252225,13975,121352,8812,238250,15175,7346,7829
40705,252256,13977,121366,8813,238279,15177,7347,7830
40710,252287,13979,121381,8814,238308,15179,7349,7830
40715,252318,13981,121391,8815,238337,15181,7349,7832
40720,252349,13983,121404,8815,238366,15182,7349,7833
40725,252380,13985,121416,8816,238395,15184,7350,7834
40730,252411,13988,121430,8817,238423,15190,7354,7836
40735,252442,13991,121441,8819,238451,15196,7354,7842
40740,252473,13997,121458,8823,238476,15202,7356,7846
40745,252504,13998,121469,8824,238506,15204,7358,7846
40750,252535,13999,121484,8824,238536,15205,7358,7847
40755,252566,14001,121501,8826,238565,15206,7359,7847
40760,252597,14002,121517,8827,238595,15207,7359,7848
40765,252628,14003,121534,8828,238625,15208,7359,7849
40770,252659,14004,121552,8828,238655,15209,7359,7850
40775,252690,14005,121566,8829,238685,15210,7359,7851
40780,252721,14007,121580,8831,238714,15211,7360,7851
40785,252752,14009,121597,8833,238743,15212,7360,7852
40790,252783,14009,121607,8833,238774,15213,7360,7853
40795,252814,14009,121621,8833,238805,15214,7361,7853
40800,252845,14009,121640,8833,238836,15215,7361,7854
40805,252876,14012,121659,8835,238864,15215,7361,7854
40810,252907,14015,121676,8837,238892,15215,7361,7854
40815,252938,14016,121691,8837,238922,15215,7361,7854
40820,252969,14016,121710,8837,238953,15215,7361,7854
40825,253000,14016,121727,8837,238984,15215,7361,7854
40830,253031,14016,121742,8837,239015,15215,7361,7854
40835,253062,14016,121753,8837,239046,15215,7361,7854
40840,253093,14016,121766,8837,239077,15215,7361,7854
40845,253124,14016,121782,8837,239108,15218,7362,7856
40850,253155,14017,121792,8838,239138,15224,7366,7858
40855,253186,14018,121802,8838,239168,15230,7369,7861
40860,253217,14020,121817,8840,239197,15236,7371,7865
40865,253248,14021,121829,8841,239227,15237,7371,7866
40870,253279,14022,121846,8841,239256,15238,7372,7866
40875,253310,14024,121862,8842,239286,15239,7372,7867
40880,253341,14025,121881,8843,239315,15240,7372,7868
40885,253372,14027,121892,8844,239345,15241,7373,7868
40890,253403,14028,121902,8845,239375,15242,7374,7868
40895,253434,14029,121917,8845,239405,15243,7375,7868
40900,253465,14030,121929,8846,239435,15244,7376,7868
40905,253496,14032,121941,8847,239464,15245,7376,7869
40910,253527,14034,121957,8849,239492,15246,7376,7870
40915,253558,14037,121971,8851,239520,15247,7376,7871
40920,253589,14040,121990,8853,239548,15248,7377,7871
40925,253620,14044,122004,8857,239576,15249,7378,7871
40930,253651,14046,122022,8859,239605,15250,7379,7871
40935,253682,14048,122033,8859,239634,15251,7379,7872
40940,253713,14052,122049,8862,239661,15252,7379,7873
40945,253744,14054,122063,8862,239690,15253,7380,7873
40950,253775,14058,122078,8864,239717,15254,7381,7873
40955,253806,14063,122096,8868,239743,15255,7381,7874
40960,253837,14066,122110,8871,239771,15256,7382,7874
40965,253868,14068,122127,8872,239800,15259,7384,7875
40970,253899,14070,122142,8874,239829,15265,7385,7880
40975,253930,14072,122157,8875,239858,15272,7388,7884
40980,253961,14073,122168,8876,239888,15278,7391,7887
40985,253992,14075,122180,8877,239917,15281,7392,7889
40990,254023,14077,122196,8878,239946,15284,7395,7889
40995,254054,14079,122212,8879,239975,15287,7396,7891
41000,254085,14082,122229,8882,240003,15290,7396,7894
41005,254116,14084,122246,8884,240032,15293,7397,7896
41010,254147,14085,122265,8885,240062,15296,7398,7898
41015,254178,14086,122280,8886,240092,15299,7400,7899
41020,254209,14087,122291,8887,240122,15302,7402,7900
41025,254240,14088,122306,8887,240152,15305,7403,7902
41030,254271,14089,122314,8887,240182,15306,7403,7903
41035,254302,14090,122325,8888,240212,15307,7404,7903
41040,254333,14091,122337,8888,240242,15308,7404,7904
41045,254364,14093,122352,8889,240271,15309,7405,7904
41050,254395,14093,122367,8889,240302,15310,7406,7904
41055,254426,14093,122378,8889,240333,15311,7406,7905
41060,254457,14093,122392,8889,240364,15312,7406,7906
41065,254488,14094,122410,8889,240394,15313,7406,7907
41070,254519,14095,122426,8889,240424,15314,7407,7907
41075,254550,14097,122443,8890,240453,15315,7408,7907
41080,254581,14099,122462,8891,240482,15317,7408,7909
41085,254612,14100,122474,8891,240512,15321,7410,7911
41090,254643,14101,122487,8892,240542,15325,7411,7914
41095,254674,14103,122502,8893,240571,15328,7413,7915
41100,254705,14105,122512,8894,240600,15331,7414,7917
41105,254736,14105,122529,8894,240631,15332,7415,7917
41110,254767,14105,122545,8894,240662,15333,7416,7917
41115,254798,14105,122556,8894,240693,15334,7417,7917
41120,254829,14105,122570,8894,240724,15335,7418,7917
41125,254860,14105,122582,8894,240755,15336,7419,7917
41130,254891,14105,122598,8894,240786,15338,7419,7919
41135,254922,14105,122618,8894,240817,15340,7421,7919
41140,254953,14105,122631,8894,240848,15342,7422,7920
41145,254984,14106,122646,8894,240877,15344,7423,7921
41150,255015,14110,122661,8898,240904,15346,7423,7923
41155,255046,14114,122676,8900,240931,15348,7424,7924
41160,255077,14118,122692,8904,240958,15350,7424,7926
41165,255108,14124,122707,8908,240984,15352,7426,7926
41170,255139,14125,122721,8909,241014,15354,7427,7927
41175,255170,14126,122739,8909,241044,15356,7428,7928
41180,255201,14127,122752,8909,241074,15358,7430,7928
41185,255232,14128,122764,8909,241104,15359,7430,7929
41190,255263,14129,122775,8909,241134,15360,7431,7929
41195,255294,14130,122793,8910,241164,15363,7432,7931
41200,255325,14131,122807,8910,241194,15366,7434,7932
41205,255356,14133,122824,8911,241223,15371,7437,7934
41210,255387,14135,122835,8911,241252,15376,7439,7937
41215,255418,14138,122849,8914,241280,15380,7441,7939
41220,255449,14141,122865,8917,241308,15384,7443,7941
41225,255480,14143,122874,8917,241337,15385,7443,7942
41230,255511,14147,122889,8919,241364,15386,7443,7943
41235,255542,14147,122905,8919,241395,15387,7443,7944
41240,255573,14147,122918,8919,241426,15387,7443,7944
41245,255604,14147,122935,8919,241457,15387,7443,7944
41250,255635,14147,122951,8919,241488,15387,7443,7944
41255,255666,14147,122967,8919,241519,15387,7443,7944
41260,255697,14147,122984,8919,241550,15387,7443,7944
41265,255728,14147,122996,8919,241581,15387,7443,7944
41270,255759,14147,123009,8919,241612,15387,7443,7944
41275,255790,14147,123022,8919,241643,15387,7443,7944
41280,255821,14147,123039,8919,241674,15387,7443,7944
41285,255852,14147,123054,8919,241705,15387,7443,7944
41290,255883,14147,123068,8919,241736,15387,7443,7944
41295,255914,14147,123084,8919,241767,15387,7443,7944
41300,255945,14147,123102,8919,241798,15387,7443,7944
41305,255976,14147,123122,8919,241829,15387,7443,7944
41310,256007,14147,123137,8919,241860,15387,7443,7944
41315,256038,14147,123150,8919,241891,15388,7444,7944
41320,256069,14147,123163,8919,241922,15389,7445,7944
41325,256100,14147,123174,8919,241953,15390,7445,7945
41330,256131,14150,123194,8921,241981,15394,7448,7946
41335,256162,14153,123212,8923,242009,15399,7452,7947
41340,256193,14157,123224,8924,242035,15405,7455,7950
41345,256224,14162,123234,8927,242062,15409,7458,7951
41350,256255,14166,123251,8929,242089,15412,7459,7953
41355,256286,14171,123271,8934,242115,15415,7461,7954
41360,256317,14172,123287,8934,242145,15418,7462,7956
41365,256348,14173,123299,8934,242175,15421,7463,7958
41370,256379,14174,123312,8935,242205,15423,7465,7958
41375,256410,14175,123332,8936,242235,15425,7466,7959
41380,256441,14176,123348,8936,242265,15427,7466,7961
41385,256472,14177,123366,8937,242295,15428,7466,7962
41390,256503,14178,123383,8937,242325,15429,7467,7962
41395,256534,14179,123398,8938,242355,15430,7467,7963
41400,256565,14180,123414,8938,242385,15431,7468,7963
41405,256596,14181,123427,8939,242415,15432,7469,7963
41410,256627,14182,123440,8940,242445,15433,7469,7964
41415,256658,14183,123449,8940,242475,15434,7470,7964
41420,256689,14184,123467,8941,242505,15435,7471,7964
41425,256720,14185,123482,8942,242535,15436,7472,7964
41430,256751,14186,123496,8942,242565,15437,7472,7965
41435,256782,14187,123511,8942,242595,15439,7472,7967
41440,256813,14188,123529,8942,242625,15441,7472,7969
41445,256844,14189,123541,8942,242655,15443,7473,7970
41450,256875,14190,123553,8943,242684,15446,7474,7972
41455,256906,14192,123562,8944,242714,15449,7475,7974
41460,256937,14193,123579,8945,242744,15452,7476,7976
41465,256968,14195,123593,8946,242772,15454,7478,7976
41470,256999,14198,123607,8947,242800,15455,7479,7976
41475,257030,14201,123621,8950,242829,15457,7480,7977
41480,257061,14204,123636,8952,242856,15459,7481,7978
41485,257092,14209,123654,8956,242882,15463,7481,7982
41490,257123,14212,123667,8958,242911,15467,7484,7983
41495,257154,14214,123680,8959,242939,15471,7484,7987
41500,257185,14218,123693,8962,242967,15475,7485,7990
41505,257216,14219,123711,8963,242997,15479,7487,7992
41510,257247,14220,123724,8964,243027,15483,7488,7995
41515,257278,14222,123741,8965,243056,15487,7489,7998
41520,257309,14223,123755,8965,243086,15490,7491,7999
41525,257340,14223,123766,8965,243117,15493,7491,8002
41530,257371,14223,123778,8965,243148,15495,7492,8003
41535,257402,14223,123789,8965,243179,15497,7493,8004
41540,257433,14223,123810,8965,243210,15499,7495,8004
41545,257464,14223,123824,8965,243241,15501,7496,8005
41550,257495,14223,123840,8965,243272,15503,7496,8007
41555,257526,14223,123857,8965,243303,15504,7496,8008
41560,257557,14224,123873,8965,243333,15505,7496,8009
41565,257588,14225,123889,8966,243363,15507,7498,8009
41570,257619,14227,123905,8967,243392,15510,7499,8011
41575,257650,14228,123917,8967,243422,15513,7500,8013
41580,257681,14229,123934,8968,243452,15515,7501,8014
41585,257712,14232,123951,8970,243480,15516,7501,8015
41590,257743,14235,123966,8971,243508,15517,7502,8015
41595,257774,14237,123985,8972,243537,15517,7502,8015
41600,257805,14239,123997,8973,243566,15517,7502,8015
41605,257836,14241,124014,8975,243595,15517,7502,8015
41610,257867,14243,124022,8976,243624,15517,7502,8015
41615,257898,14245,124037,8977,243653,15517,7502,8015
41620,257929,14247,124048,8977,243682,15517,7502,8015
41625,257960,14249,124057,8977,243711,15517,7502,8015
41630,257991,14251,124068,8977,243740,15519,7503,8016
41635,258022,14253,124087,8978,243769,15521,7505,8016
41640,258053,14255,124103,8979,243798,15523,7506,8017
41645,258084,14256,124117,8980,243828,15527,7506,8021
41650,258115,14257,124128,8980,243858,15530,7506,8024
41655,258146,14259,124146,8982,243887,15533,7507,8026
41660,258177,14261,124162,8984,243916,15535,7507,8028
41665,258208,14262,124180,8985,243946,15536,7508,8028
41670,258239,14264,124197,8987,243975,15537,7509,8028
41675,258270,14265,124209,8988,244005,15538,7509,8029
41680,258301,14266,124222,8989,244035,15539,7510,8029
41685,258332,14267,124234,8990,244065,15540,7510,8030
41690,258363,14270,124245,8991,244093,15543,7510,8033
41695,258394,14272,124263,8993,244122,15546,7511,8035
41700,258425,14274,124275,8994,244151,15548,7512,8036
41705,258456,14278,124294,8997,244178,15550,7513,8037
41710,258487,14281,124306,8998,244205,15551,7513,8038
41715,258518,14284,124323,9000,244233,15552,7513,8039
41720,258549,14289,124341,9005,244260,15553,7513,8040
41725,258580,14291,124362,9007,244289,15554,7513,8041
41730,258611,14292,124377,9007,244319,15555,7514,8041
41735,258642,14293,124391,9007,244349,15556,7514,8042
41740,258673,14294,124404,9007,244379,15557,7515,8042
41745,258704,14296,124418,9008,244408,15558,7515,8043
41750,258735,14297,124434,9009,244438,15560,7516,8044
41755,258766,14299,124450,9010,244467,15562,7518,8044
41760,258797,14301,124466,9011,244496,15565,7519,8046
41765,258828,14301,124478,9011,244527,15571,7521,8050
41770,258859,14301,124490,9011,244558,15575,7522,8053
41775,258890,14301,124513,9011,244589,15578,7525,8053
41780,258921,14301,124530,9011,244620,15581,7527,8054
41785,258952,14301,124544,9011,244651,15584,7527,8057
41790,258983,14301,124559,9011,244682,15587,7528,8059
41795,259014,14301,124579,9011,244713,15590,7531,8059
41800,259045,14302,124589,9011,244742,15593,7531,8062
41805,259076,14304,124602,9012,244771,15596,7532,8064
41810,259107,14306,124622,9014,244801,15599,7535,8064
41815,259138,14307,124637,9014,244831,15602,7537,8065
41820,259169,14309,124651,9015,244860,15604,7539,8065
41825,259200,14312,124664,9015,244888,15608,7541,8067
41830,259231,14315,124679,9016,244916,15610,7542,8068
41835,259262,14317,124695,9016,244945,15611,7542,8069
41840,259293,14319,124713,9016,244974,15612,7542,8070
41845,259324,14321,124729,9016,245003,15613,7542,8071
41850,259355,14323,124745,9016,245032,15614,7542,8072
41855,259386,14325,124756,9017,245061,15615,7543,8072
41860,259417,14327,124774,9019,245090,15616,7544,8072
41865,259448,14330,124790,9021,245117,15617,7545,8072
41870,259479,14334,124805,9023,245144,15619,7546,8073
41875,259510,14338,124822,9026,245171,15621,7547,8074
41880,259541,14342,124839,9030,245199,15623,7547,8076
41885,259572,14344,124851,9031,245228,15624,7547,8077
41890,259603,14344,124869,9031,245259,15625,7547,8078
41895,259634,14344,124886,9031,245290,15626,7548,8078
41900,259665,14344,124905,9031,245321,15627,7548,8079
41905,259696,14344,124921,9031,245352,15628,7548,8080
41910,259727,14344,124934,9031,245383,15629,7549,8080
41915,259758,14344,124949,9031,245414,15630,7550,8080
41920,259789,14344,124964,9031,245445,15632,7551,8081
41925,259820,14344,124977,9031,245476,15634,7553,8081
41930,259851,14344,124989,9031,245507,15636,7553,8083
41935,259882,14347,125008,9033,245535,15641,7557,8084
41940,259913,14349,125022,9034,245564,15647,7557,8090
41945,259944,14349,125033,9034,245595,15649,7558,8091
41950,259975,14349,125047,9034,245626,15650,7559,8091
41955,260006,14349,125065,9034,245657,15651,7560,8091
41960,260037,14349,125080,9034,245688,15652,7560,8092
41965,260068,14349,125097,9034,245719,15653,7560,8093
41970,260099,14349,125111,9034,245750,15653,7560,8093
41975,260130,14349,125129,9034,245781,15653,7560,8093
41980,260161,14349,125146,9034,245812,15653,7560,8093
41985,260192,14349,125162,9034,245843,15654,7561,8093
41990,260223,14349,125177,9034,245874,15655,7561,8094
41995,260254,14349,125194,9034,245905,15656,7562,8094
42000,260285,14349,125210,9034,245936,15657,7563,8094
42005,260316,14349,125223,9034,245967,15657,7563,8094
42010,260347,14349,125240,9034,245998,15657,7563,8094
42015,260378,14349,125260,9034,246029,15657,7563,8094
42020,260409,14349,125278,9034,246060,15657,7563,8094
42025,260440,14349,125296,9034,246091,15657,7563,8094
42030,260471,14349,125311,9034,246122,15657,7563,8094
42035,260502,14349,125325,9034,246153,15657,7563,8094
42040,260533,14349,125342,9034,246184,15657,7563,8094
42045,260564,14351,125357,9035,246213,15658,7563,8095
42050,260595,14355,125369,9038,246240,15662,7564,8098
42055,260626,14362,125386,9045,246264,15666,7567,8099
42060,260657,14367,125399,9049,246290,15670,7568,8102
42065,260688,14370,125415,9051,246318,15673,7569,8104
42070,260719,14373,125433,9053,246345,15676,7570,8106
42075,260750,14377,125450,9057,246372,15679,7572,8107
42080,260781,14382,125467,9061,246398,15682,7573,8109
42085,260812,14386,125482,9063,246426,15685,7576,8109
42090,260843,14390,125501,9065,246453,15688,7578,8110
42095,260874,14393,125517,9068,246480,15691,7579,8112
42100,260905,14398,125529,9072,246507,15694,7581,8113
42105,260936,14402,125544,9075,246534,15697,7583,8114
42110,260967,14404,125561,9076,246562,15700,7584,8116
42115,260998,14406,125574,9077,246592,15703,7585,8118
42120,261029,14407,125589,9077,246622,15706,7587,8119
42125,261060,14408,125606,9078,246652,15708,7588,8120
42130,261091,14409,125622,9079,246682,15710,7589,8121
42135,261122,14410,125637,9079,246712,15712,7591,8121
42140,261153,14411,125653,9080,246742,15713,7591,8122
42145,261184,14412,125671,9081,246772,15714,7592,8122
42150,261215,14413,125689,9082,246802,15715,7592,8123
42155,261246,14414,125703,9083,246832,15716,7592,8124
42160,261277,14415,125715,9083,246862,15717,7592,8125
42165,261308,14417,125731,9084,246891,15718,7592,8126
42170,261339,14417,125743,9084,246922,15722,7593,8129
42175,261370,14417,125755,9084,246953,15727,7595,8132
42180,261401,14417,125774,9084,246984,15730,7596,8134
42185,261432,14419,125787,9085,247013,15731,7596,8135
42190,261463,14421,125802,9086,247042,15732,7596,8136
42195,261494,14423,125817,9088,247071,15733,7596,8137
42200,261525,14425,125834,9089,247100,15734,7597,8137
42205,261556,14427,125849,9091,247129,15735,7598,8137
42210,261587,14429,125864,9093,247158,15736,7599,8137
42215,261618,14431,125879,9094,247187,15737,7600,8137
42220,261649,14433,125895,9096,247216,15738,7601,8137
42225,261680,14435,125911,9098,247245,15740,7602,8138
42230,261711,14437,125928,9100,247273,15742,7602,8140
42235,261742,14440,125941,9101,247302,15744,7604,8140
42240,261773,14441,125956,9102,247332,15746,7606,8140
42245,261804,14445,125978,9104,247358,15748,7606,8142
42250,261835,14449,125999,9106,247385,15750,7607,8143
42255,261866,14452,126018,9108,247414,15752,7608,8144
42260,261897,14454,126034,9109,247443,15754,7610,8144
42265,261928,14456,126052,9111,247471,15756,7611,8145
42270,261959,14459,126069,9113,247499,15758,7612,8146
42275,261990,14462,126087,9115,247527,15760,7613,8147
42280,262021,14466,126102,9117,247555,15763,7615,8148
42285,262052,14469,126118,9119,247582,15768,7619,8149
42290,262083,14472,126133,9120,247610,15774,7622,8152
42295,262114,14476,126151,9123,247638,15781,7625,8156
42300,262145,14478,126165,9125,247667,15785,7627,8158
42305,262176,14478,126177,9125,247698,15785,7627,8158
42310,262207,14478,126189,9125,247729,15785,7627,8158
42315,262238,14478,126205,9125,247760,15785,7627,8158
42320,262269,14478,126222,9125,247791,15785,7627,8158
42325,262300,14478,126239,9125,247822,15785,7627,8158
42330,262331,14478,126251,9125,247853,15785,7627,8158
42335,262362,14478,126273,9125,247884,15785,7627,8158
42340,262393,14478,126287,9125,247915,15785,7627,8158
42345,262424,14478,126300,9125,247946,15785,7627,8158
42350,262455,14478,126313,9125,247977,15785,7627,8158
42355,262486,14478,126331,9125,248008,15785,7627,8158
42360,262517,14478,126348,9125,248039,15785,7627,8158
42365,262548,14479,126361,9126,248069,15785,7627,8158
42370,262579,14480,126378,9126,248099,15785,7627,8158
42375,262610,14483,126397,9128,248127,15785,7627,8158
42380,262641,14485,126414,9130,248156,15785,7627,8158
42385,262672,14487,126435,9132,248185,15785,7627,8158
42390,262703,14489,126450,9134,248214,15785,7627,8158
42395,262734,14489,126465,9134,248245,15785,7627,8158
42400,262765,14489,126484,9134,248275,15788,7628,8160
42405,262796,14495,126499,9139,248300,15793,7629,8164
42410,262827,14500,126515,9144,248326,15799,7633,8166
42415,262858,14505,126531,9147,248352,15804,7634,8170
42420,262889,14510,126546,9150,248379,15806,7636,8170
42425,262920,14511,126555,9151,248409,15808,7638,8170
42430,262951,14513,126575,9153,248438,15809,7638,8171
42435,262982,14514,126589,9154,248468,15810,7638,8172
42440,263013,14515,126603,9155,248498,15811,7639,8172
42445,263044,14516,126621,9155,248528,15812,7639,8173
42450,263075,14517,126635,9155,248558,15813,7639,8174
42455,263106,14518,126654,9156,248588,15814,7640,8174
42460,263137,14519,126674,9157,248618,15815,7641,8174
42465,263168,14520,126689,9158,248648,15816,7642,8174
42470,263199,14521,126704,9159,248678,15817,7642,8175
42475,263230,14522,126719,9159,248708,15818,7643,8175
42480,263261,14523,126731,9159,248738,15819,7644,8175
42485,263292,14523,126747,9159,248769,15823,7646,8177
42490,263323,14523,126764,9159,248800,15825,7647,8178
42495,263354,14525,126783,9160,248829,15827,7649,8178
42500,263385,14527,126796,9162,248858,15829,7649,8180
42505,263416,14528,126812,9163,248888,15830,7650,8180
42510,263447,14529,126830,9164,248918,15831,7650,8181
42515,263478,14530,126846,9164,248948,15833,7652,8181
42520,263509,14531,126865,9165,248978,15835,7652,8183
42525,263540,14533,126887,9166,249007,15838,7654,8184
42530,263571,14535,126903,9166,249036,15842,7657,8185
42535,263602,14538,126914,9167,249064,15845,7658,8187
42540,263633,14540,126929,9167,249093,15848,7659,8189
42545,263664,14543,126942,9169,249121,15850,7660,8190
42550,263695,14546,126957,9171,249149,15852,7661,8191
42555,263726,14549,126971,9174,249177,15854,7661,8193
42560,263757,14551,126984,9175,249206,15856,7663,8193
42565,263788,14554,126998,9177,249234,15858,7664,8194
42570,263819,14557,127005,9178,249262,15860,7664,8196
42575,263850,14558,127020,9178,249292,15862,7665,8197
42580,263881,14559,127033,9178,249322,15864,7665,8199
42585,263912,14561,127046,9178,249351,15866,7666,8200
42590,263943,14563,127053,9179,249380,15868,7666,8202
42595,263974,14566,127066,9181,249408,15871,7667,8204
42600,264005,14568,127083,9181,249437,15874,7668,8206
42605,264036,14570,127096,9181,249465,15877,7670,8207
42610,264067,14573,127109,9182,249493,15880,7671,8209
42615,264098,14576,127127,9183,249521,15883,7674,8209
42620,264129,14579,127144,9184,249550,15886,7676,8210
42625,264160,14581,127157,9185,249579,15888,7677,8211
42630,264191,14583,127179,9186,249608,15890,7678,8212
42635,264222,14585,127193,9187,249636,15892,7679,8213
42640,264253,14589,127209,9190,249663,15893,7680,8213
42645,264284,14592,127227,9193,249692,15894,7681,8213
42650,264315,14593,127248,9194,249722,15896,7682,8214
42655,264346,14594,127261,9195,249752,15898,7682,8216
42660,264377,14595,127277,9196,249781,15899,7682,8217
42665,264408,14596,127289,9197,249812,15900,7682,8218
42670,264439,14596,127306,9197,249843,15901,7682,8219
42675,264470,14596,127315,9197,249874,15902,7682,8220
42680,264501,14596,127332,9197,249905,15903,7682,8221
42685,264532,14596,127346,9197,249936,15904,7682,8222
42690,264563,14596,127360,9197,249967,15905,7682,8223
42695,264594,14596,127377,9197,249998,15906,7683,8223
42700,264625,14596,127392,9197,250029,15907,7683,8224
42705,264656,14596,127411,9197,250060,15908,7683,8225
42710,264687,14596,127426,9197,250091,15910,7683,8227
42715,264718,14597,127440,9197,250121,15912,7684,8228
42720,264749,14599,127457,9198,250150,15914,7685,8229
42725,264780,14603,127471,9202,250177,15916,7686,8230
42730,264811,14606,127488,9204,250204,15917,7687,8230
42735,264842,14611,127500,9207,250231,15917,7687,8230
42740,264873,14613,127514,9208,250259,15917,7687,8230
42745,264904,14616,127529,9211,250288,15918,7687,8231
42750,264935,14618,127544,9213,250317,15919,7688,8231
42755,264966,14619,127554,9213,250347,15919,7688,8231
42760,264997,14621,127568,9215,250376,15919,7688,8231
42765,265028,14623,127577,9217,250405,15919,7688,8231
42770,265059,14625,127588,9219,250434,15921,7688,8233
42775,265090,14628,127601,9221,250462,15923,7688,8235
42780,265121,14631,127617,9222,250490,15926,7690,8236
42785,265152,14632,127639,9222,250520,15928,7692,8236
42790,265183,14633,127656,9223,250550,15930,7694,8236
42795,265214,14634,127669,9224,250580,15931,7695,8236
42800,265245,14635,127685,9225,250610,15932,7696,8236
42805,265276,14636,127695,9226,250640,15933,7696,8237
42810,265307,14637,127712,9227,250670,15934,7697,8237
42815,265338,14638,127725,9227,250700,15935,7697,8238
42820,265369,14639,127742,9228,250730,15936,7698,8238
42825,265400,14640,127755,9229,250760,15937,7698,8239
42830,265431,14641,127766,9229,250790,15939,7698,8241
42835,265462,14642,127782,9229,250820,15942,7701,8241
42840,265493,14643,127797,9230,250850,15945,7703,8242
42845,265524,14646,127810,9231,250878,15949,7707,8242
42850,265555,14649,127824,9233,250906,15952,7708,8244
42855,265586,14651,127838,9234,250935,15955,7709,8246
42860,265617,14653,127851,9236,250964,15956,7709,8247
42865,265648,14655,127868,9237,250993,15957,7709,8248
42870,265679,14657,127888,9237,251022,15958,7710,8248
42875,265710,14659,127901,9238,251051,15959,7710,8249
42880,265741,14661,127913,9239,251080,15960,7711,8249
42885,265772,14664,127935,9241,251107,15961,7712,8249
42890,265803,14667,127949,9243,251135,15963,7712,8251
42895,265834,14671,127966,9245,251163,15965,7714,8251
42900,265865,14674,127981,9247,251191,15966,7715,8251
42905,265896,14676,128001,9249,251220,15968,7716,8252
42910,265927,14678,128016,9251,251249,15970,7717,8253
42915,265958,14680,128030,9251,251277,15972,7717,8255
42920,265989,14683,128049,9253,251305,15974,7717,8257
42925,266020,14687,128067,9257,251333,15976,7718,8258
42930,266051,14688,128084,9258,251363,15978,7719,8259
42935,266082,14690,128103,9259,251392,15980,7721,8259
42940,266113,14692,128114,9260,251421,15982,7722,8260
42945,266144,14693,128129,9260,251451,15984,7723,8261
42950,266175,14694,128144,9260,251481,15987,7724,8263
42955,266206,14696,128156,9261,251510,15991,7725,8266
42960,266237,14697,128170,9262,251540,15995,7728,8267
42965,266268,14697,128188,9262,251571,15998,7729,8269
42970,266299,14697,128196,9262,251602,16000,7730,8270
42975,266330,14697,128209,9262,251633,16001,7730,8271
42980,266361,14697,128224,9262,251664,16002,7730,8272
42985,266392,14697,128247,9262,251695,16003,7730,8273
42990,266423,14698,128266,9263,251724,16004,7731,8273
42995,266454,14700,128281,9264,251754,16005,7731,8274
43000,266485,14702,128298,9265,251782,16006,7732,8274
43005,266516,14704,128315,9266,251812,16008,7733,8275
43010,266547,14706,128330,9268,251840,16010,7733,8277
43015,266578,14708,128338,9270,251870,16012,7734,8278
43020,266609,14709,128354,9270,251899,16014,7735,8279
43025,266640,14714,128370,9274,251926,16016,7736,8280
43030,266671,14718,128386,9276,251953,16017,7736,8281
43035,266702,14722,128403,9279,251980,16018,7736,8282
43040,266733,14725,128415,9280,252008,16019,7736,8283
43045,266764,14727,128431,9280,252037,16020,7737,8283
43050,266795,14729,128450,9281,252066,16021,7737,8284
43055,266826,14731,128464,9281,252095,16022,7737,8285
43060,266857,14734,128479,9283,252123,16022,7737,8285
43065,266888,14736,128495,9283,252152,16023,7738,8285
43070,266919,14739,128508,9286,252180,16025,7738,8287
43075,266950,14742,128524,9287,252208,16028,7740,8288
43080,266981,14744,128541,9289,252237,16031,7741,8290
43085,267012,14747,128556,9290,252265,16033,7741,8292
43090,267043,14749,128574,9291,252294,16035,7743,8292
43095,267074,14750,128590,9291,252324,16037,7743,8294
43100,267105,14751,128611,9292,252354,16039,7745,8294
43105,267136,14752,128625,9292,252384,16040,7745,8295
43110,267167,14753,128640,9292,252414,16041,7746,8295
43115,267198,14754,128655,9292,252444,16042,7746,8296
43120,267229,14755,128669,9293,252474,16043,7747,8296
43125,267260,14756,128685,9293,252504,16044,7747,8297
43130,267291,14757,128698,9293,252534,16046,7748,8298
43135,267322,14758,128710,9294,252564,16048,7748,8300
43140,267353,14759,128726,9294,252593,16050,7750,8300
43145,267384,14762,128738,9297,252622,16052,7751,8301
43150,267415,14764,128753,9298,252650,16054,7752,8302
43155,267446,14766,128767,9299,252680,16056,7753,8303
43160,267477,14766,128782,9299,252711,16058,7754,8304
43165,267508,14766,128795,9299,252742,16060,7756,8304
43170,267539,14766,128808,9299,252773,16062,7757,8305
43175,267570,14766,128818,9299,252804,16064,7758,8306
43180,267601,14766,128832,9299,252835,16066,7759,8307
43185,267632,14766,128847,9299,252866,16068,7760,8308
43190,267663,14766,128861,9299,252897,16070,7761,8309
43195,267694,14766,128879,9299,252928,16072,7762,8310
43200,267725,14766,128896,9299,252959,16075,7762,8313
43205,267756,14766,128915,9299,252990,16078,7763,8315
43210,267787,14766,128934,9299,253021,16081,7764,8317
43215,267818,14766,128948,9299,253052,16084,7765,8319
43220,267849,14766,128968,9299,253083,16087,7766,8321
43225,267880,14766,128983,9299,253114,16089,7767,8322
43230,267911,14766,128995,9299,253145,16091,7768,8323
43235,267942,14766,129010,9299,253176,16093,7768,8325
43240,267973,14766,129025,9299,253207,16095,7770,8325
43245,268004,14766,129039,9299,253238,16097,7770,8327
43250,268035,14769,129057,9300,253266,16099,7771,8328
43255,268066,14773,129070,9302,253293,16101,7773,8328
43260,268097,14776,129084,9304,253321,16103,7773,8330
43265,268128,14778,129101,9305,253349,16104,7773,8331
43270,268159,14781,129121,9308,253377,16105,7774,8331
43275,268190,14784,129134,9310,253406,16106,7775,8331
43280,268221,14786,129148,9312,253435,16107,7775,8332
43285,268252,14788,129165,9313,253463,16108,7776,8332
43290,268283,14791,129182,9316,253491,16109,7777,8332
43295,268314,14794,129199,9318,253519,16110,7778,8332
43300,268345,14797,129212,9320,253547,16111,7779,8332
43305,268376,14799,129227,9322,253576,16112,7779,8333
43310,268407,14801,129241,9324,253605,16114,7780,8334
43315,268438,14803,129255,9325,253635,16116,7782,8334
43320,268469,14804,129266,9325,253664,16117,7782,8335
43325,268500,14806,129283,9326,253694,16119,7783,8336
43330,268531,14807,129295,9326,253724,16121,7784,8337
43335,268562,14808,129307,9326,253754,16123,7785,8338
43340,268593,14809,129323,9327,253784,16125,7786,8339
43345,268624,14810,129342,9327,253814,16127,7787,8340
43350,268655,14811,129359,9328,253844,16130,7788,8342
43355,268686,14812,129372,9328,253874,16132,7789,8343
43360,268717,14813,129390,9329,253904,16134,7791,8343
43365,268748,14814,129408,9329,253934,16138,7794,8344
43370,268779,14818,129425,9332,253961,16142,7795,8347
43375,268810,14822,129437,9335,253988,16145,7798,8347
43380,268841,14826,129449,9337,254015,16146,7798,8348
43385,268872,14829,129467,9339,254043,16146,7798,8348
43390,268903,14832,129483,9341,254071,16146,7798,8348
43395,268934,14835,129499,9343,254099,16146,7798,8348
43400,268965,14837,129515,9345,254128,16146,7798,8348
43405,268996,14838,129533,9346,254158,16146,7798,8348
43410,269027,14839,129551,9347,254188,16146,7798,8348
43415,269058,14840,129562,9347,254218,16146,7798,8348
43420,269089,14841,129578,9348,254248,16147,7799,8348
43425,269120,14842,129595,9348,254278,16148,7799,8349
43430,269151,14843,129612,9349,254308,16149,7800,8349
43435,269182,14844,129624,9350,254338,16150,7801,8349
43440,269213,14845,129638,9350,254368,16151,7801,8350
43445,269244,14846,129650,9350,254398,16153,7802,8351
43450,269275,14847,129662,9351,254428,16154,7803,8351
43455,269306,14848,129682,9352,254458,16156,7804,8352
43460,269337,14849,129694,9352,254488,16157,7804,8353
43465,269368,14850,129709,9353,254518,16158,7804,8354
43470,269399,14851,129722,9353,254548,16159,7804,8355
43475,269430,14852,129736,9354,254578,16160,7805,8355
43480,269461,14853,129751,9354,254608,16162,7807,8355
43485,269492,14855,129765,9355,254637,16164,7809,8355
43490,269523,14855,129780,9355,254668,16168,7812,8356
43495,269554,14857,129793,9357,254697,16172,7813,8359
43500,269585,14859,129806,9358,254726,16176,7816,8360
43505,269616,14863,129823,9361,254752,16178,7817,8361
43510,269647,14866,129835,9364,254780,16180,7817,8363
43515,269678,14869,129849,9366,254809,16181,7817,8364
43520,269709,14872,129866,9368,254836,16182,7818,8364
43525,269740,14875,129879,9370,254865,16183,7818,8365
43530,269771,14877,129898,9372,254894,16184,7818,8366
43535,269802,14879,129910,9372,254922,16185,7818,8367
43540,269833,14883,129922,9376,254949,16186,7819,8367
43545,269864,14887,129934,9379,254977,16188,7819,8369
43550,269895,14888,129951,9380,255006,16190,7821,8369
43555,269926,14890,129964,9382,255035,16192,7821,8371
43560,269957,14892,129979,9383,255064,16195,7821,8374
43565,269988,14894,129995,9384,255094,16197,7821,8376
43570,270019,14895,130010,9384,255123,16199,7822,8377
43575,270050,14897,130017,9385,255152,16201,7822,8379
43580,270081,14898,130031,9386,255183,16203,7822,8381
43585,270112,14898,130047,9386,255214,16204,7822,8382
43590,270143,14898,130067,9386,255245,16205,7823,8382
43595,270174,14898,130082,9386,255276,16206,7824,8382
43600,270205,14899,130098,9387,255306,16207,7824,8383
43605,270236,14900,130113,9387,255336,16208,7824,8384
43610,270267,14901,130128,9388,255366,16212,7825,8387
43615,270298,14902,130140,9388,255396,16217,7826,8391
43620,270329,14904,130155,9390,255425,16222,7829,8393
43625,270360,14906,130167,9392,255454,16226,7830,8396
43630,270391,14909,130181,9395,255482,16229,7831,8398
43635,270422,14911,130192,9397,255511,16231,7832,8399
43640,270453,14912,130207,9398,255541,16233,7833,8400
43645,270484,14913,130221,9398,255571,16235,7835,8400
43650,270515,14915,130232,9399,255600,16237,7836,8401
43655,270546,14918,130245,9401,255628,16239,7837,8402
43660,270577,14919,130264,9402,255658,16241,7839,8402
43665,270608,14920,130278,9402,255688,16243,7840,8403
43670,270639,14921,130292,9403,255718,16245,7841,8404
43675,270670,14922,130303,9404,255748,16247,7841,8406
43680,270701,14923,130314,9404,255778,16248,7842,8406
43685,270732,14924,130324,9404,255808,16251,7843,8408
43690,270763,14925,130340,9405,255838,16253,7845,8408
43695,270794,14926,130348,9405,255868,16254,7845,8409
43700,270825,14927,130362,9405,255898,16255,7845,8410
43705,270856,14928,130377,9406,255928,16256,7845,8411
43710,270887,14929,130391,9407,255958,16257,7846,8411
43715,270918,14930,130407,9407,255988,16258,7846,8412
43720,270949,14931,130422,9408,256018,16259,7846,8413
43725,270980,14932,130435,9408,256048,16261,7847,8414
43730,271011,14934,130447,9410,256077,16263,7847,8416
43735,271042,14936,130465,9411,256106,16266,7848,8418
43740,271073,14938,130482,9412,256135,16269,7849,8420
43745,271104,14943,130493,9415,256161,16273,7850,8423
43750,271135,14948,130510,9419,256187,16275,7850,8425
43755,271166,14953,130523,9421,256212,16277,7851,8426
43760,271197,14956,130538,9424,256241,16279,7851,8428
43765,271228,14960,130558,9428,256267,16281,7853,8428
43770,271259,14964,130574,9430,256295,16283,7854,8429
43775,271290,14967,130593,9432,256322,16285,7856,8429
43780,271321,14971,130607,9435,256350,16288,7857,8431
43785,271352,14973,130620,9436,256379,16291,7858,8433
43790,271383,14975,130632,9437,256408,16295,7859,8436
43795,271414,14976,130647,9437,256438,16299,7860,8439
43800,271445,14977,130663,9437,256468,16303,7863,8440
43805,271476,14979,130677,9438,256497,16306,7864,8442
43810,271507,14980,130691,9438,256527,16309,7864,8445
43815,271538,14982,130703,9439,256556,16312,7865,8447
43820,271569,14984,130720,9441,256585,16314,7865,8449
43825,271600,14984,130736,9441,256616,16316,7866,8450
43830,271631,14984,130754,9441,256647,16318,7866,8452
43835,271662,14984,130771,9441,256678,16320,7868,8452
43840,271693,14984,130788,9441,256709,16322,7868,8454
43845,271724,14984,130805,9441,256740,16323,7869,8454
43850,271755,14984,130820,9441,256771,16324,7870,8454
43855,271786,14984,130837,9441,256802,16326,7871,8455
43860,271817,14984,130851,9441,256833,16328,7871,8457
43865,271848,14986,130864,9443,256861,16329,7871,8458
43870,271879,14989,130876,9446,256890,16329,7871,8458
43875,271910,14990,130894,9446,256920,16329,7871,8458
43880,271941,14991,130909,9446,256949,16329,7871,8458
43885,271972,14993,130924,9448,256978,16329,7871,8458
43890,272003,14995,130936,9449,257008,16329,7871,8458
43895,272034,14997,130950,9449,257037,16329,7871,8458
43900,272065,14999,130963,9451,257066,16329,7871,8458
43905,272096,15001,130973,9452,257095,16329,7871,8458
43910,272127,15003,130985,9452,257124,16329,7871,8458
43915,272158,15006,130999,9454,257151,16329,7871,8458
43920,272189,15010,131013,9456,257179,16329,7871,8458
43925,272220,15014,131026,9457,257206,16330,7871,8459
43930,272251,15019,131040,9459,257232,16331,7871,8460
43935,272282,15023,131055,9462,257259,16332,7871,8461
43940,272313,15026,131074,9465,257287,16333,7872,8461
43945,272344,15031,131088,9469,257313,16334,7873,8461
43950,272375,15036,131105,9472,257339,16336,7873,8463
43955,272406,15039,131119,9473,257367,16338,7874,8464
43960,272437,15041,131133,9474,257396,16340,7874,8466
43965,272468,15043,131147,9476,257425,16341,7874,8467
43970,272499,15046,131162,9478,257453,16344,7875,8469
43975,272530,15048,131176,9478,257482,16347,7877,8470
43980,272561,15050,131191,9478,257511,16350,7878,8472
43985,272592,15050,131208,9478,257542,16351,7878,8473
43990,272623,15050,131221,9478,257573,16352,7879,8473
43995,272654,15050,131239,9478,257604,16353,7879,8474
44000,272685,15050,131255,9478,257635,16354,7879,8475
44005,272716,15050,131268,9478,257666,16355,7879,8476
44010,272747,15050,131285,9478,257697,16356,7879,8477
44015,272778,15050,131300,9478,257728,16357,7880,8477
44020,272809,15050,131308,9478,257759,16358,7880,8478
44025,272840,15050,131324,9478,257790,16359,7880,8479
44030,272871,15050,131334,9478,257821,16360,7881,8479
44035,272902,15050,131353,9478,257852,16361,7881,8480
44040,272933,15050,131365,9478,257883,16362,7881,8481
44045,272964,15050,131375,9478,257914,16363,7882,8481
44050,272995,15050,131393,9478,257945,16364,7883,8481
44055,273026,15050,131410,9478,257976,16365,7884,8481
44060,273057,15050,131427,9478,258007,16367,7885,8482
44065,273088,15050,131445,9478,258038,16369,7887,8482
44070,273119,15050,131460,9478,258069,16371,7887,8484
44075,273150,15050,131475,9478,258100,16373,7889,8484
44080,273181,15050,131493,9478,258131,16375,7889,8486
44085,273212,15051,131513,9479,258161,16378,7891,8487
44090,273243,15054,131527,9482,258188,16382,7894,8488
44095,273274,15058,131539,9485,258215,16386,7897,8489
44100,273305,15065,131560,9489,258239,16390,7900,8490
44105,273336,15071,131572,9493,258265,16393,7900,8493
44110,273367,15075,131586,9495,258291,16395,7900,8495
44115,273398,15078,131603,9497,258319,16397,7901,8496
44120,273429,15084,131617,9502,258345,16399,7902,8497
44125,273460,15088,131627,9504,258372,16401,7902,8499
44130,273491,15091,131643,9507,258399,16403,7904,8499
44135,273522,15094,131661,9510,258427,16405,7905,8500
44140,273553,15096,131681,9512,258457,16406,7906,8500
44145,273584,15097,131698,9513,258487,16407,7906,8501
44150,273615,15098,131715,9513,258517,16408,7907,8501
44155,273646,15099,131732,9513,258547,16409,7907,8502
44160,273677,15100,131748,9514,258577,16410,7908,8502
44165,273708,15100,131766,9514,258608,16413,7910,8503
44170,273739,15100,131785,9514,258639,16414,7911,8503
44175,273770,15100,131803,9514,258670,16415,7912,8503
44180,273801,15100,131817,9514,258701,16416,7913,8503
44185,273832,15100,131830,9514,258732,16417,7913,8504
44190,273863,15100,131848,9514,258763,16418,7913,8505
44195,273894,15100,131861,9514,258794,16419,7913,8506
44200,273925,15100,131873,9514,258825,16420,7914,8506
44205,273956,15100,131892,9514,258856,16421,7914,8507
44210,273987,15100,131913,9514,258887,16423,7914,8509
44215,274018,15101,131930,9514,258917,16426,7915,8511
44220,274049,15102,131945,9515,258947,16429,7916,8513
44225,274080,15103,131963,9515,258977,16431,7917,8514
44230,274111,15104,131982,9515,259007,16432,7917,8515
44235,274142,15105,131996,9516,259037,16433,7917,8516
44240,274173,15107,132015,9517,259066,16434,7918,8516
44245,274204,15109,132028,9518,259095,16435,7918,8517
44250,274235,15111,132037,9519,259124,16436,7918,8518
44255,274266,15113,132049,9519,259153,16437,7919,8518
44260,274297,15116,132063,9521,259181,16438,7919,8519
44265,274328,15118,132080,9523,259210,16439,7920,8519
44270,274359,15123,132096,9526,259236,16440,7920,8520
44275,274390,15127,132106,9528,259263,16441,7921,8520
44280,274421,15132,132121,9530,259289,16442,7921,8521
44285,274452,15134,132135,9530,259317,16444,7922,8522
44290,274483,15138,132158,9533,259344,16446,7923,8523
44295,274514,15141,132176,9535,259372,16448,7925,8523
44300,274545,15144,132192,9538,259400,16450,7926,8524
44305,274576,15148,132210,9542,259427,16451,7927,8524
44310,274607,15150,132225,9544,259456,16452,7928,8524
44315,274638,15153,132241,9547,259485,16453,7928,8525
44320,274669,15155,132254,9549,259514,16454,7928,8526
44325,274700,15156,132264,9549,259544,16455,7928,8527
44330,274731,15157,132278,9549,259574,16456,7928,8528
44335,274762,15158,132295,9550,259603,16459,7929,8530
44340,274793,15160,132309,9551,259633,16462,7930,8532
44345,274824,15161,132326,9552,259663,16466,7932,8534
44350,274855,15162,132340,9552,259693,16469,7933,8536
44355,274886,15163,132352,9552,259723,16472,7935,8537
44360,274917,15164,132365,9553,259753,16475,7937,8538
44365,274948,15165,132374,9554,259783,16477,7938,8539
44370,274979,15166,132388,9554,259813,16480,7941,8539
44375,275010,15167,132400,9554,259843,16483,7942,8541
44380,275041,15168,132416,9554,259873,16485,7944,8541
44385,275072,15169,132427,9554,259903,16487,7945,8542
44390,275103,15170,132440,9554,259933,16489,7946,8543
44395,275134,15171,132453,9554,259963,16491,7947,8544
44400,275165,15172,132466,9554,259993,16493,7947,8546
44405,275196,15173,132486,9554,260023,16495,7949,8546
44410,275227,15174,132504,9555,260053,16497,7950,8547
44415,275258,15175,132521,9556,260083,16499,7951,8548
44420,275289,15176,132537,9556,260113,16501,7951,8550
44425,275320,15176,132549,9556,260144,16503,7952,8551
44430,275351,15176,132566,9556,260175,16505,7954,8551
44435,275382,15176,132581,9556,260206,16507,7955,8552
44440,275413,15176,132594,9556,260237,16509,7956,8553
44445,275444,15177,132610,9556,260267,16511,7957,8554
44450,275475,15179,132625,9558,260296,16514,7958,8556
44455,275506,15182,132640,9560,260324,16517,7961,8556
44460,275537,15185,132653,9562,260352,16520,7962,8558
44465,275568,15188,132667,9564,260380,16523,7963,8560
44470,275599,15192,132683,9568,260406,16526,7963,8563
44475,275630,15197,132694,9573,260433,16528,7965,8563
44480,275661,15198,132713,9573,260463,16530,7966,8564
44485,275692,15200,132726,9574,260491,16532,7967,8565
44490,275723,15203,132743,9576,260519,16534,7967,8567
44495,275754,15206,132755,9578,260548,16536,7968,8568
44500,275785,15207,132767,9579,260578,16538,7968,8570
44505,275816,15209,132781,9581,260606,16538,7968,8570
44510,275847,15213,132802,9585,260634,16538,7968,8570
44515,275878,15213,132811,9585,260665,16538,7968,8570
44520,275909,15213,132825,9585,260696,16538,7968,8570
44525,275940,15213,132843,9585,260727,16538,7968,8570
44530,275971,15213,132858,9585,260758,16538,7968,8570
44535,276002,15213,132872,9585,260789,16538,7968,8570
44540,276033,15213,132887,9585,260820,16538,7968,8570
44545,276064,15213,132899,9585,260851,16538,7968,8570
44550,276095,15213,132911,9585,260882,16538,7968,8570
44555,276126,15213,132929,9585,260913,16538,7968,8570
44560,276157,15213,132941,9585,260944,16538,7968,8570
44565,276188,15213,132956,9585,260975,16538,7968,8570
44570,276219,15215,132972,9586,261004,16540,7969,8571
44575,276250,15216,132983,9587,261034,16544,7970,8574
44580,276281,15218,133000,9588,261063,16548,7971,8577
44585,276312,15221,133016,9590,261091,16551,7972,8579
44590,276343,15224,133033,9591,261119,16554,7974,8580
44595,276374,15226,133044,9592,261148,16557,7976,8581
44600,276405,15229,133059,9593,261176,16560,7978,8582
44605,276436,15232,133074,9595,261204,16564,7979,8585
44610,276467,15235,133086,9596,261232,16569,7981,8588
44615,276498,15239,133103,9599,261259,16574,7984,8590
44620,276529,15242,133116,9602,261287,16579,7986,8593
44625,276560,15246,133129,9604,261313,16584,7990,8594
44630,276591,15252,133139,9607,261339,16587,7991,8596
44635,276622,15258,133160,9611,261363,16590,7993,8597
44640,276653,15262,133175,9614,261390,16593,7996,8597
44645,276684,15264,133187,9616,261420,16597,7997,8600
44650,276715,15266,133204,9617,261449,16599,7998,8601
44655,276746,15267,133218,9618,261478,16600,7998,8602
44660,276777,15270,133231,9621,261507,16601,7999,8602
44665,276808,15272,133245,9622,261535,16602,7999,8603
44670,276839,15274,133253,9624,261565,16603,8000,8603
44675,276870,15274,133267,9624,261596,16604,8000,8604
44680,276901,15274,133280,9624,261627,16605,8000,8605
44685,276932,15274,133290,9624,261658,16607,8000,8607
44690,276963,15274,133306,9624,261689,16609,8001,8608
44695,276994,15274,133319,9624,261720,16611,8002,8609
44700,277025,15274,133335,9624,261751,16613,8003,8610
44705,277056,15276,133342,9624,261780,16614,8003,8611
44710,277087,15278,133356,9625,261809,16615,8004,8611
44715,277118,15280,133367,9625,261838,16616,8005,8611
44720,277149,15283,133383,9628,261866,16617,8006,8611
44725,277180,15285,133398,9630,261895,16618,8007,8611
44730,277211,15286,133411,9631,261925,16620,8008,8612
44735,277242,15288,133431,9633,261954,16623,8008,8615
44740,277273,15290,133453,9635,261983,16626,8009,8617
44745,277304,15291,133468,9636,262013,16629,8010,8619
44750,277335,15293,133481,9638,262042,16633,8013,8620
44755,277366,15295,133496,9639,262071,16636,8016,8620
44760,277397,15296,133508,9640,262101,16639,8018,8621
44765,277428,15296,133519,9640,262132,16642,8020,8622
44770,277459,15296,133539,9640,262163,16645,8022,8623
44775,277490,15296,133556,9640,262194,16647,8022,8625
44780,277521,15297,133577,9640,262224,16649,8022,8627
44785,277552,15298,133588,9641,262254,16651,8023,8628
44790,277583,15300,133600,9642,262283,16653,8024,8629
44795,277614,15302,133623,9643,262312,16655,8026,8629
44800,277645,15304,133636,9645,262341,16656,8026,8630
44805,277676,15305,133650,9646,262371,16658,8027,8631
44810,277707,15306,133664,9646,262401,16660,8029,8631
44815,277738,15308,133678,9647,262429,16662,8030,8632
44820,277769,15312,133694,9650,262456,16664,8030,8634
44825,277800,15316,133709,9653,262484,16668,8032,8636
44830,277831,15318,133725,9654,262513,16672,8036,8636
44835,277862,15321,133739,9656,262540,16676,8038,8638
44840,277893,15324,133751,9658,262568,16680,8040,8640
44845,277924,15328,133764,9661,262596,16684,8042,8642
44850,277955,15329,133777,9662,262625,16687,8043,8644
44855,277986,15332,133791,9665,262653,16691,8044,8647
44860,278017,15335,133805,9667,262681,16694,8045,8649
44865,278048,15337,133822,9668,262711,16697,8048,8649
44870,278079,15337,133835,9668,262742,16701,8049,8652
44875,278110,15339,133844,9669,262771,16705,8049,8656
44880,278141,15340,133862,9670,262801,16708,8052,8656
44885,278172,15342,133874,9672,262830,16712,8053,8659
44890,278203,15343,133888,9673,262860,16715,8053,8662
44895,278234,15344,133904,9673,262890,16717,8055,8662
44900,278265,15347,133921,9675,262918,16719,8057,8662
44905,278296,15349,133943,9677,262947,16721,8059,8662
44910,278327,15351,133962,9679,262976,16723,8059,8664
44915,278358,15353,133973,9680,263005,16725,8059,8666
44920,278389,15354,133986,9680,263035,16727,8060,8667
44925,278420,15354,133995,9680,263066,16728,8061,8667
44930,278451,15354,134009,9680,263097,16729,8061,8668
44935,278482,15354,134023,9680,263128,16730,8061,8669
44940,278513,15354,134035,9680,263159,16731,8061,8670
44945,278544,15354,134048,9680,263190,16732,8062,8670
44950,278575,15354,134063,9680,263221,16733,8063,8670
44955,278606,15355,134081,9680,263251,16734,8063,8671
44960,278637,15356,134096,9681,263281,16735,8064,8671
44965,278668,15357,134111,9682,263311,16736,8064,8672
44970,278699,15358,134127,9682,263341,16737,8064,8673
44975,278730,15359,134140,9682,263371,16738,8065,8673
44980,278761,15360,134156,9683,263401,16740,8066,8674
44985,278792,15362,134171,9685,263430,16742,8067,8675
44990,278823,15365,134187,9688,263458,16746,8069,8677
44995,278854,15368,134205,9691,263485,16752,8073,8679
45000,278885,15371,134222,9693,263514,16758,8078,8680
45005,278916,15374,134233,9694,263541,16758,8078,8680
45010,278947,15378,134246,9696,263568,16758,8078,8680
45015,278978,15382,134265,9699,263596,16758,8078,8680
45020,279009,15385,134282,9701,263624,16758,8078,8680
45025,279040,15388,134292,9702,263652,16759,8078,8681
45030,279071,15391,134307,9704,263680,16760,8078,8682
45035,279102,15394,134319,9705,263708,16761,8079,8682
45040,279133,15397,134335,9708,263736,16762,8080,8682
45045,279164,15400,134348,9708,263763,16763,8081,8682
45050,279195,15404,134369,9709,263790,16764,8082,8682
45055,279226,15409,134385,9711,263816,16765,8082,8683
45060,279257,15413,134399,9714,263844,16766,8083,8683
45065,279288,15415,134417,9715,263873,16768,8084,8684
45070,279319,15418,134430,9717,263901,16770,8085,8685
45075,279350,15421,134445,9718,263929,16772,8085,8687
45080,279381,15422,134458,9719,263959,16774,8085,8689
45085,279412,15423,134471,9720,263989,16776,8085,8691
45090,279443,15424,134482,9720,264019,16778,8085,8693
45095,279474,15425,134497,9721,264049,16780,8087,8693
45100,279505,15426,134516,9721,264079,16781,8087,8694
45105,279536,15427,134527,9721,264109,16784,8088,8696
45110,279567,15429,134540,9722,264138,16788,8089,8699
45115,279598,15432,134553,9725,264166,16791,8089,8702
45120,279629,15434,134563,9726,264195,16792,8089,8703
45125,279660,15436,134580,9728,264224,16794,8090,8704
45130,279691,15436,134595,9728,264255,16795,8090,8705
45135,279722,15436,134607,9728,264286,16796,8091,8705
45140,279753,15436,134622,9728,264317,16797,8092,8705
45145,279784,15436,134634,9728,264348,16798,8093,8705
45150,279815,15436,134648,9728,264379,16799,8094,8705
45155,279846,15436,134660,9728,264410,16800,8094,8706
45160,279877,15436,134678,9728,264441,16801,8094,8707
45165,279908,15437,134695,9728,264471,16802,8094,8708
45170,279939,15438,134713,9729,264501,16803,8095,8708
45175,279970,15439,134725,9729,264531,16804,8096,8708
45180,280001,15440,134736,9729,264561,16805,8096,8709
45185,280032,15441,134746,9729,264591,16807,8097,8710
45190,280063,15442,134762,9729,264621,16809,8097,8712
45195,280094,15443,134778,9729,264651,16811,8098,8713
45200,280125,15444,134793,9729,264681,16813,8099,8714
45205,280156,15445,134810,9729,264711,16814,8100,8714
45210,280187,15446,134828,9730,264741,16815,8101,8714
45215,280218,15448,134843,9731,264770,16816,8101,8715
45220,280249,15449,134854,9731,264800,16818,8101,8717
45225,280280,15453,134868,9735,264827,16822,8101,8721
45230,280311,15456,134883,9736,264855,16827,8105,8722
45235,280342,15459,134896,9737,264883,16831,8106,8725
45240,280373,15464,134907,9740,264909,16835,8108,8727
45245,280404,15465,134925,9740,264939,16836,8108,8728
45250,280435,15466,134939,9740,264969,16837,8108,8729
45255,280466,15467,134955,9740,264999,16838,8109,8729
45260,280497,15468,134971,9740,265029,16839,8110,8729
45265,280528,15469,134988,9741,265059,16840,8110,8730
45270,280559,15470,135002,9742,265089,16841,8111,8730
45275,280590,15471,135016,9743,265119,16842,8111,8731
45280,280621,15472,135031,9744,265149,16843,8112,8731
45285,280652,15473,135046,9744,265179,16844,8112,8732
45290,280683,15474,135062,9745,265209,16845,8113,8732
45295,280714,15475,135078,9746,265239,16846,8113,8733
45300,280745,15476,135090,9746,265269,16847,8113,8734
45305,280776,15477,135106,9747,265299,16848,8114,8734
45310,280807,15478,135120,9748,265329,16849,8114,8735
45315,280838,15479,135129,9749,265359,16850,8114,8736
45320,280869,15480,135144,9750,265389,16851,8114,8737
45325,280900,15481,135157,9750,265419,16852,8114,8738
45330,280931,15482,135176,9750,265449,16853,8114,8739
45335,280962,15483,135194,9751,265479,16855,8115,8740
45340,280993,15485,135210,9753,265508,16857,8115,8742
45345,281024,15489,135225,9756,265535,16861,8115,8746
45350,281055,15493,135237,9758,265562,16867,8118,8749
45355,281086,15495,135252,9759,265591,16872,8121,8751
45360,281117,15499,135272,9763,265618,16877,8125,8752
45365,281148,15502,135291,9765,265646,16878,8125,8753
45370,281179,15504,135304,9766,265675,16879,8126,8753
45375,281210,15507,135319,9768,265702,16880,8126,8754
45380,281241,15511,135337,9770,265729,16881,8126,8755
45385,281272,15514,135352,9773,265758,16882,8127,8755
45390,281303,15514,135365,9773,265789,16882,8127,8755
45395,281334,15514,135380,9773,265820,16882,8127,8755
45400,281365,15514,135396,9773,265851,16882,8127,8755
45405,281396,15514,135414,9773,265882,16882,8127,8755
45410,281427,15514,135426,9773,265913,16882,8127,8755
45415,281458,15514,135435,9773,265944,16882,8127,8755
45420,281489,15514,135454,9773,265975,16882,8127,8755
45425,281520,15514,135470,9773,266006,16882,8127,8755
45430,281551,15514,135482,9773,266037,16882,8127,8755
45435,281582,15514,135495,9773,266068,16882,8127,8755
45440,281613,15514,135512,9773,266099,16882,8127,8755
45445,281644,15514,135530,9773,266130,16882,8127,8755
45450,281675,15514,135550,9773,266161,16883,8128,8755
45455,281706,15514,135564,9773,266191,16885,8130,8755
45460,281737,15516,135581,9775,266220,16887,8131,8756
45465,281768,15519,135597,9777,266249,16889,8133,8756
45470,281799,15520,135609,9778,266278,16891,8133,8758
45475,281830,15522,135628,9779,266308,16893,8134,8759
45480,281861,15523,135642,9779,266337,16895,8134,8761
45485,281892,15527,135657,9782,266364,16897,8135,8762
45490,281923,15532,135674,9785,266391,16899,8136,8763
45495,281954,15536,135690,9788,266417,16901,8137,8764
45500,281985,15542,135703,9792,266442,16903,8139,8764
45505,282016,15547,135715,9796,266469,16905,8141,8764
45510,282047,15549,135733,9797,266497,16907,8143,8764
45515,282078,15553,135744,9801,266525,16909,8144,8765
45520,282109,15555,135759,9802,266554,16911,8144,8767
45525,282140,15557,135772,9803,266583,16914,8145,8769
45530,282171,15558,135789,9804,266613,16917,8147,8770
45535,282202,15559,135804,9804,266643,16919,8148,8771
45540,282233,15560,135823,9805,266673,16921,8150,8771
45545,282264,15562,135839,9807,266702,16923,8152,8771
45550,282295,15564,135856,9809,266731,16925,8153,8772
45555,282326,15566,135866,9810,266760,16927,8154,8773
45560,282357,15567,135884,9811,266790,16929,8155,8774
45565,282388,15569,135901,9813,266819,16931,8155,8776
45570,282419,15569,135913,9813,266850,16934,8156,8778
45575,282450,15569,135929,9813,266881,16938,8158,8780
45580,282481,15569,135945,9813,266912,16942,8159,8783
45585,282512,15569,135958,9813,266943,16946,8159,8787
45590,282543,15569,135974,9813,266974,16949,8161,8788
45595,282574,15569,135995,9813,267005,16953,8163,8790
45600,282605,15569,136010,9813,267036,16957,8165,8792
45605,282636,15571,136028,9814,267065,16959,8166,8793
45610,282667,15574,136042,9816,267093,16961,8167,8794
45615,282698,15576,136059,9818,267122,16963,8169,8794
45620,282729,15580,136076,9820,267149,16965,8169,8796
45625,282760,15584,136092,9822,267176,16967,8170,8797
45630,282791,15588,136107,9824,267203,16968,8171,8797
45635,282822,15590,136121,9825,267232,16969,8171,8798
45640,282853,15592,136132,9826,267261,16970,8172,8798
45645,282884,15596,136144,9828,267288,16971,8172,8799
45650,282915,15599,136158,9831,267316,16972,8172,8800
45655,282946,15603,136174,9835,267343,16973,8172,8801
45660,282977,15606,136190,9836,267371,16974,8173,8801
45665,283008,15609,136204,9838,267399,16977,8175,8802
45670,283039,15612,136219,9841,267427,16980,8177,8803
45675,283070,15615,136234,9843,267455,16982,8178,8804
45680,283101,15617,136254,9845,267484,16984,8180,8804
45685,283132,15619,136266,9847,267513,16987,8181,8806
45690,283163,15623,136282,9850,267540,16989,8183,8806
45695,283194,15625,136295,9851,267569,16992,8183,8809
45700,283225,15627,136305,9852,267598,16995,8184,8811
45705,283256,15630,136320,9853,267626,16997,8186,8811
45710,283287,15633,136336,9855,267653,17000,8187,8813
45715,283318,15637,136352,9857,267681,17003,8187,8816
45720,283349,15639,136363,9858,267710,17006,8188,8818
45725,283380,15639,136382,9858,267741,17009,8190,8819
45730,283411,15639,136399,9858,267772,17010,8191,8819
45735,283442,15640,136413,9859,267802,17011,8192,8819
45740,283473,15642,136428,9860,267831,17012,8193,8819
45745,283504,15643,136440,9860,267861,17013,8193,8820
45750,283535,15645,136455,9862,267890,17014,8193,8821
45755,283566,15646,136463,9862,267920,17015,8194,8821
45760,283597,15648,136480,9863,267949,17016,8195,8821
45765,283628,15649,136495,9863,267979,17017,8195,8822
45770,283659,15650,136506,9863,268009,17018,8196,8822
45775,283690,15652,136520,9864,268038,17019,8196,8823
45780,283721,15653,136541,9864,268068,17020,8196,8824
45785,283752,15656,136552,9866,268095,17022,8197,8825
45790,283783,15658,136567,9868,268125,17024,8197,8827
45795,283814,15659,136584,9869,268155,17025,8197,8828
45800,283845,15660,136596,9869,268185,17027,8199,8828
45805,283876,15661,136610,9869,268215,17030,8202,8828
45810,283907,15662,136626,9869,268245,17032,8204,8828
45815,283938,15663,136642,9870,268275,17034,8205,8829
45820,283969,15664,136661,9871,268305,17036,8206,8830
45825,284000,15665,136672,9871,268335,17039,8208,8831
45830,284031,15667,136686,9872,268363,17044,8210,8834
45835,284062,15670,136699,9874,268392,17049,8211,8838
45840,284093,15672,136709,9875,268421,17054,8213,8841
45845,284124,15673,136724,9875,268450,17059,8214,8845
45850,284155,15675,136735,9876,268479,17061,8214,8847
45855,284186,15677,136751,9877,268508,17063,8216,8847
45860,284217,15679,136767,9879,268537,17065,8217,8848
45865,284248,15681,136780,9880,268567,17067,8217,8850
45870,284279,15682,136795,9881,268597,17069,8219,8850
45875,284310,15683,136814,9881,268626,17071,8220,8851
45880,284341,15685,136829,9883,268656,17073,8222,8851
45885,284372,15686,136843,9884,268685,17075,8224,8851
45890,284403,15690,136860,9887,268712,17077,8226,8851
45895,284434,15694,136876,9891,268740,17079,8227,8852
45900,284465,15696,136887,9891,268768,17081,8229,8852
45905,284496,15701,136903,9894,268795,17082,8230,8852
45910,284527,15704,136921,9896,268823,17083,8230,8853
45915,284558,15706,136937,9898,268852,17084,8230,8854
45920,284589,15707,136946,9898,268882,17085,8231,8854
45925,284620,15709,136967,9900,268911,17086,8232,8854
45930,284651,15711,136985,9902,268940,17087,8233,8854
45935,284682,15711,137000,9902,268971,17088,8233,8855
45940,284713,15711,137017,9902,269002,17089,8233,8856
45945,284744,15711,137036,9902,269033,17090,8233,8857
45950,284775,15712,137049,9902,269063,17092,8235,8857
45955,284806,15713,137063,9902,269093,17095,8236,8859
45960,284837,15716,137080,9904,269121,17098,8238,8860
45965,284868,15717,137094,9905,269151,17100,8239,8861
45970,284899,15719,137113,9906,269180,17101,8240,8861
45975,284930,15721,137128,9907,269209,17102,8240,8862
45980,284961,15722,137139,9907,269239,17103,8240,8863
45985,284992,15724,137150,9908,269268,17104,8240,8864
45990,285023,15726,137164,9910,269297,17105,8241,8864
45995,285054,15727,137175,9910,269327,17105,8241,8864
46000,285085,15728,137189,9911,269357,17105,8241,8864
46005,285116,15730,137201,9913,269386,17106,8241,8865
46010,285147,15731,137213,9913,269415,17109,8242,8867
46015,285178,15737,137225,9918,269441,17112,8243,8869
46020,285209,15738,137241,9919,269471,17114,8244,8870
46025,285240,15740,137258,9920,269500,17116,8245,8871
46030,285271,15742,137268,9920,269528,17118,8247,8871
46035,285302,15746,137285,9924,269556,17120,8247,8873
46040,285333,15749,137300,9926,269584,17122,8249,8873
46045,285364,15751,137311,9928,269613,17124,8249,8875
46050,285395,15754,137328,9931,269640,17126,8250,8876
46055,285426,15757,137345,9933,269669,17128,8252,8876
46060,285457,15760,137365,9935,269696,17130,8253,8877
46065,285488,15763,137379,9937,269724,17132,8254,8878
46070,285519,15766,137387,9938,269753,17135,8254,8881
46075,285550,15769,137404,9940,269781,17138,8256,8882
46080,285581,15771,137418,9942,269809,17141,8257,8884
46085,285612,15773,137434,9944,269839,17143,8259,8884
46090,285643,15774,137449,9945,269868,17145,8260,8885
46095,285674,15776,137463,9947,269897,17147,8261,8886
46100,285705,15778,137471,9949,269927,17149,8261,8888
46105,285736,15779,137483,9950,269956,17151,8262,8889
46110,285767,15781,137493,9951,269985,17153,8263,8890
46115,285798,15783,137510,9953,270015,17155,8264,8891
46120,285829,15784,137530,9954,270045,17157,8265,8892
46125,285860,15787,137545,9957,270073,17160,8266,8894
46130,285891,15790,137561,9959,270101,17163,8267,8896
46135,285922,15791,137576,9960,270131,17165,8268,8897
46140,285953,15793,137593,9961,270160,17167,8270,8897
46145,285984,15793,137608,9961,270191,17167,8270,8897
46150,286015,15793,137629,9961,270222,17167,8270,8897
46155,286046,15793,137644,9961,270253,17167,8270,8897
46160,286077,15793,137661,9961,270284,17167,8270,8897
46165,286108,15793,137676,9961,270315,17167,8270,8897
46170,286139,15793,137692,9961,270346,17167,8270,8897
46175,286170,15793,137706,9961,270377,17167,8270,8897
46180,286201,15793,137720,9961,270408,17167,8270,8897
46185,286232,15794,137733,9962,270438,17167,8270,8897
46190,286263,15795,137750,9963,270468,17167,8270,8897
46195,286294,15796,137762,9963,270498,17167,8270,8897
46200,286325,15797,137771,9963,270528,17167,8270,8897
46205,286356,15801,137791,9967,270554,17168,8270,8898
46210,286387,15806,137811,9971,270580,17169,8271,8898
46215,286418,15810,137825,9975,270607,17170,8272,8898
46220,286449,15814,137840,9978,270634,17171,8272,8899
46225,286480,15817,137851,9980,270662,17172,8272,8900
46230,286511,15820,137864,9981,270690,17173,8273,8900
46235,286542,15823,137879,9983,270718,17175,8274,8901
46240,286573,15826,137900,9986,270746,17178,8275,8903
46245,286604,15829,137917,9988,270774,17183,8278,8905
46250,286635,15832,137931,9991,270803,17190,8280,8910
46255,286666,15833,137948,9991,270833,17196,8285,8911
46260,286697,15834,137968,9991,270863,17200,8286,8914
46265,286728,15836,137986,9991,270892,17203,8288,8915
46270,286759,15838,138001,9991,270921,17206,8289,8917
46275,286790,15840,138020,9993,270950,17209,8291,8918
46280,286821,15842,138038,9995,270979,17212,8293,8919
46285,286852,15844,138053,9997,271008,17215,8296,8919
46290,286883,15846,138064,9997,271037,17218,8297,8921
46295,286914,15848,138084,9998,271066,17221,8300,8921
46300,286945,15851,138101,10000,271094,17224,8303,8921
46305,286976,15854,138118,10002,271122,17227,8304,8923
46310,287007,15857,138133,10003,271150,17230,8305,8925
46315,287038,15858,138149,10004,271180,17233,8306,8927
46320,287069,15860,138164,10006,271209,17236,8307,8929
46325,287100,15861,138178,10007,271239,17238,8308,8930
46330,287131,15862,138198,10008,271269,17240,8310,8930
46335,287162,15864,138210,10009,271298,17242,8310,8932
46340,287193,15865,138224,10009,271328,17244,8311,8933
46345,287224,15867,138244,10011,271357,17246,8313,8933
46350,287255,15868,138261,10011,271387,17248,8315,8933
46355,287286,15869,138279,10011,271417,17249,8315,8934
46360,287317,15870,138292,10011,271447,17251,8315,8936
46365,287348,15871,138306,10012,271477,17252,8316,8936
46370,287379,15873,138316,10013,271505,17254,8316,8938
46375,287410,15875,138327,10014,271535,17256,8317,8939
46380,287441,15876,138339,10014,271565,17258,8317,8941
46385,287472,15876,138355,10014,271596,17259,8317,8942
46390,287503,15876,138372,10014,271627,17259,8317,8942
46395,287534,15876,138388,10014,271658,17260,8317,8943
46400,287565,15876,138402,10014,271689,17260,8317,8943
46405,287596,15876,138415,10014,271720,17260,8317,8943
46410,287627,15876,138430,10014,271751,17260,8317,8943
46415,287658,15876,138442,10014,271782,17260,8317,8943
46420,287689,15876,138461,10014,271813,17260,8317,8943
46425,287720,15876,138476,10014,271844,17262,8319,8943
46430,287751,15878,138490,10015,271873,17264,8320,8944
46435,287782,15881,138507,10018,271900,17266,8320,8946
46440,287813,15884,138520,10020,271928,17268,8321,8947
46445,287844,15889,138537,10024,271954,17270,8322,8948
46450,287875,15894,138550,10027,271981,17272,8323,8949
46455,287906,15897,138562,10030,272008,17274,8325,8949
46460,287937,15901,138578,10034,272035,17276,8325,8951
46465,287968,15904,138591,10035,272063,17278,8327,8951
46470,287999,15907,138605,10038,272091,17280,8329,8951
46475,288030,15910,138617,10040,272120,17282,8330,8952
46480,288061,15913,138632,10043,272148,17284,8331,8953
46485,288092,15914,138642,10043,272177,17286,8332,8954
46490,288123,15916,138659,10044,272206,17290,8335,8955
46495,288154,15917,138673,10045,272237,17294,8335,8959
46500,288185,15917,138685,10045,272268,17297,8336,8961
46505,288216,15917,138695,10045,272299,17298,8337,8961
46510,288247,15917,138711,10045,272330,17299,8338,8961
46515,288278,15917,138724,10045,272361,17300,8338,8962
46520,288309,15917,138743,10045,272392,17301,8339,8962
46525,288340,15917,138760,10045,272423,17302,8340,8962
46530,288371,15917,138773,10045,272454,17303,8341,8962
46535,288402,15917,138786,10045,272485,17304,8342,8962
46540,288433,15917,138801,10045,272516,17305,8342,8963
46545,288464,15917,138819,10045,272547,17306,8343,8963
46550,288495,15917,138831,10045,272578,17307,8343,8964
46555,288526,15917,138844,10045,272609,17308,8343,8965
46560,288557,15917,138856,10045,272640,17309,8343,8966
46565,288588,15919,138870,10047,272669,17311,8343,8968
46570,288619,15921,138881,10048,272698,17313,8344,8969
46575,288650,15923,138893,10048,272727,17315,8346,8969
46580,288681,15927,138909,10051,272754,17317,8347,8970
46585,288712,15931,138924,10054,272781,17319,8348,8971
46590,288743,15934,138943,10056,272809,17321,8349,8972
46595,288774,15939,138958,10060,272835,17323,8349,8974
46600,288805,15944,138971,10065,272861,17325,8350,8975
46605,288836,15949,138986,10070,272886,17329,8351,8978
46610,288867,15955,138997,10074,272912,17333,8353,8980
46615,288898,15958,139012,10076,272940,17338,8355,8983
46620,288929,15963,139026,10080,272966,17342,8357,8985
46625,288960,15964,139042,10081,272995,17346,8359,8987
46630,288991,15966,139057,10082,273025,17349,8361,8988
46635,289022,15967,139081,10082,273054,17351,8363,8988
46640,289053,15969,139096,10084,273083,17353,8364,8989
46645,289084,15971,139110,10086,273113,17355,8365,8990
46650,289115,15972,139126,10086,273142,17357,8367,8990
46655,289146,15974,139142,10087,273171,17359,8369,8990
46660,289177,15976,139157,10089,273200,17361,8371,8990
46665,289208,15978,139176,10091,273229,17363,8372,8991
46670,289239,15981,139193,10093,273258,17365,8373,8992
46675,289270,15981,139208,10093,273289,17367,8374,8993
46680,289301,15981,139223,10093,273320,17369,8374,8995
46685,289332,15982,139241,10094,273350,17371,8375,8996
46690,289363,15983,139260,10095,273379,17373,8375,8998
46695,289394,15985,139281,10097,273408,17374,8376,8998
46700,289425,15987,139295,10098,273437,17375,8376,8999
46705,289456,15989,139309,10100,273467,17376,8377,8999
46710,289487,15990,139323,10100,273497,17377,8377,9000
46715,289518,15991,139338,10101,273527,17378,8378,9000
46720,289549,15992,139348,10101,273557,17379,8379,9000
46725,289580,15993,139362,10102,273587,17381,8380,9001
46730,289611,15995,139380,10102,273616,17383,8382,9001
46735,289642,15997,139392,10103,273645,17385,8382,9003
46740,289673,15999,139408,10105,273674,17387,8383,9004
46745,289704,16000,139423,10105,273704,17388,8384,9004
46750,289735,16001,139438,10106,273734,17389,8384,9005
46755,289766,16003,139453,10108,273763,17390,8385,9005
46760,289797,16005,139464,10110,273792,17391,8385,9006
46765,289828,16007,139479,10112,273821,17392,8386,9006
46770,289859,16009,139497,10114,273850,17393,8386,9007
46775,289890,16011,139513,10115,273879,17394,8386,9008
46780,289921,16012,139526,10116,273909,17395,8386,9009
46785,289952,16015,139542,10119,273937,17396,8386,9010
46790,289983,16018,139556,10122,273964,17399,8387,9012
46795,290014,16022,139568,10125,273992,17404,8389,9015
46800,290045,16025,139585,10126,274019,17409,8391,9018
46805,290076,16029,139598,10128,274047,17412,8392,9020
46810,290107,16032,139618,10131,274075,17414,8394,9020
46815,290138,16035,139629,10133,274103,17416,8394,9022
46820,290169,16038,139650,10136,274131,17418,8394,9024
46825,290200,16041,139671,10139,274159,17420,8395,9025
46830,290231,16042,139687,10139,274189,17422,8396,9026
46835,290262,16043,139699,10140,274219,17424,8397,9027
46840,290293,16044,139714,10140,274249,17425,8397,9028
46845,290324,16045,139731,10141,274279,17426,8397,9029
46850,290355,16046,139748,10142,274309,17428,8398,9030
46855,290386,16047,139763,10143,274339,17430,8400,9030
46860,290417,16048,139781,10144,274369,17432,8401,9031
46865,290448,16049,139795,10145,274399,17433,8402,9031
46870,290479,16050,139804,10145,274429,17434,8402,9032
46875,290510,16051,139825,10145,274459,17435,8403,9032
46880,290541,16052,139841,10145,274489,17436,8404,9032
46885,290572,16053,139856,10146,274519,17437,8405,9032
46890,290603,16054,139875,10146,274549,17438,8405,9033
46895,290634,16055,139894,10147,274579,17440,8406,9034
46900,290665,16056,139907,10147,274609,17442,8408,9034
46905,290696,16058,139918,10149,274638,17444,8408,9036
46910,290727,16060,139932,10151,274667,17448,8411,9037
46915,290758,16063,139948,10153,274694,17453,8414,9039
46920,290789,16067,139963,10155,274722,17458,8417,9041
46925,290820,16070,139978,10157,274750,17459,8418,9041
46930,290851,16071,139995,10158,274780,17460,8419,9041
46935,290882,16073,140009,10160,274808,17461,8419,9042
46940,290913,16077,140026,10164,274835,17462,8419,9043
46945,290944,16082,140042,10168,274861,17463,8419,9044
46950,290975,16086,140055,10170,274889,17464,8420,9044
46955,291006,16088,140068,10170,274917,17465,8420,9045
46960,291037,16093,140087,10174,274944,17466,8420,9046
46965,291068,16096,140106,10176,274971,17469,8421,9048
46970,291099,16100,140118,10178,274999,17472,8421,9051
46975,291130,16102,140130,10178,275028,17475,8422,9053
46980,291161,16104,140147,10178,275056,17478,8424,9054
46985,291192,16105,140161,10179,275087,17479,8425,9054
46990,291223,16105,140177,10179,275118,17480,8426,9054
46995,291254,16105,140190,10179,275149,17481,8427,9054
47000,291285,16105,140200,10179,275180,17482,8427,9055
47005,291316,16105,140216,10179,275211,17483,8427,9056
47010,291347,16105,140231,10179,275242,17484,8427,9057
47015,291378,16105,140249,10179,275273,17485,8428,9057
47020,291409,16105,140264,10179,275304,17486,8429,9057
47025,291440,16106,140276,10179,275334,17488,8429,9059
47030,291471,16107,140290,10180,275364,17491,8431,9060
47035,291502,16109,140309,10182,275393,17495,8433,9062
47040,291533,16110,140322,10183,275423,17499,8434,9065
47045,291564,16114,140342,10187,275450,17500,8435,9065
47050,291595,16118,140358,10189,275476,17501,8436,9065
47055,291626,16121,140373,10191,275504,17502,8436,9066
47060,291657,16125,140387,10193,275531,17503,8436,9067
47065,291688,16127,140402,10195,275561,17504,8437,9067
47070,291719,16128,140414,10195,275590,17505,8438,9067
47075,291750,16131,140431,10198,275618,17506,8438,9068
47080,291781,16132,140438,10199,275649,17507,8438,9069
47085,291812,16132,140452,10199,275680,17510,8440,9070
47090,291843,16132,140465,10199,275711,17513,8440,9073
47095,291874,16134,140479,10200,275740,17515,8441,9074
47100,291905,16136,140493,10202,275769,17517,8441,9076
47105,291936,16138,140508,10204,275798,17518,8441,9077
47110,291967,16140,140519,10206,275827,17519,8441,9078
47115,291998,16141,140531,10207,275857,17520,8441,9079
47120,292029,16142,140546,10207,275887,17521,8441,9080
47125,292060,16143,140563,10208,275917,17522,8442,9080
47130,292091,16144,140580,10209,275947,17523,8442,9081
47135,292122,16145,140600,10210,275977,17524,8442,9082
47140,292153,16146,140613,10210,276007,17525,8442,9083
47145,292184,16147,140627,10211,276037,17526,8442,9084
47150,292215,16148,140638,10211,276067,17530,8443,9087
47155,292246,16149,140651,10211,276097,17534,8445,9089
47160,292277,16150,140664,10211,276127,17538,8446,9092
47165,292308,16151,140677,10212,276157,17541,8448,9093
47170,292339,16154,140687,10213,276185,17544,8449,9095
47175,292370,16156,140701,10214,276214,17545,8449,9096
47180,292401,16158,140718,10214,276243,17546,8449,9097
47185,292432,16161,140736,10216,276270,17547,8450,9097
47190,292463,16165,140749,10218,276298,17548,8451,9097
47195,292494,16168,140766,10219,276325,17550,8451,9099
47200,292525,16173,140781,10222,276352,17552,8452,9100
47205,292556,16176,140798,10225,276380,17555,8453,9102
47210,292587,16179,140812,10226,276408,17559,8456,9103
47215,292618,16182,140821,10227,276436,17562,8456,9106
47220,292649,16186,140835,10228,276462,17565,8458,9107
47225,292680,16190,140848,10230,276490,17567,8459,9108
47230,292711,16194,140869,10233,276516,17569,8461,9108
47235,292742,16197,140879,10234,276545,17571,8461,9110
47240,292773,16200,140894,10236,276572,17573,8462,9111
47245,292804,16203,140908,10238,276601,17575,8462,9113
47250,292835,16206,140921,10239,276629,17577,8462,9115
47255,292866,16209,140939,10242,276656,17579,8463,9116
47260,292897,16215,140955,10247,276681,17581,8463,9118
47265,292928,16219,140967,10251,276709,17583,8463,9120
47270,292959,16223,140982,10254,276735,17585,8464,9121
47275,292990,16228,140999,10259,276762,17589,8467,9122
47280,293021,16231,141018,10262,276790,17594,8470,9124
47285,293052,16232,141031,10262,276820,17594,8470,9124
47290,293083,16233,141041,10263,276850,17594,8470,9124
47295,293114,16234,141059,10263,276880,17594,8470,9124
47300,293145,16235,141070,10263,276910,17594,8470,9124
47305,293176,16236,141081,10263,276940,17594,8470,9124
47310,293207,16237,141097,10264,276970,17594,8470,9124
47315,293238,16238,141109,10264,277000,17595,8470,9125
47320,293269,16239,141117,10265,277030,17596,8470,9126
47325,293300,16240,141134,10266,277060,17597,8470,9127
47330,293331,16241,141153,10267,277090,17599,8471,9128
47335,293362,16242,141167,10268,277120,17600,8471,9129
47340,293393,16243,141176,10268,277150,17601,8471,9130
47345,293424,16243,141191,10268,277181,17602,8471,9131
47350,293455,16243,141205,10268,277212,17603,8471,9132
47355,293486,16243,141222,10268,277243,17604,8471,9133
47360,293517,16243,141235,10268,277274,17605,8471,9134
47365,293548,16243,141250,10268,277305,17606,8472,9134
47370,293579,16243,141265,10268,277336,17607,8473,9134
47375,293610,16243,141280,10268,277367,17608,8473,9135
47380,293641,16244,141295,10268,277397,17609,8473,9136
47385,293672,16246,141315,10270,277426,17611,8474,9137
47390,293703,16249,141333,10271,277454,17615,8476,9139
47395,293734,16252,141347,10272,277482,17620,8478,9142
47400,293765,16254,141360,10274,277511,17625,8478,9147
47405,293796,16257,141377,10276,277538,17627,8479,9148
47410,293827,16262,141394,10280,277565,17629,8480,9149
47415,293858,16265,141404,10280,277592,17631,8480,9151
47420,293889,16270,141418,10283,277619,17633,8482,9151
47425,293920,16273,141428,10285,277647,17636,8483,9153
47430,293951,16276,141443,10287,277675,17639,8484,9155
47435,293982,16278,141460,10288,277703,17643,8487,9156
47440,294013,16282,141475,10291,277730,17647,8489,9158
47445,294044,16285,141489,10293,277758,17651,8491,9160
47450,294075,16288,141505,10294,277787,17654,8492,9162
47455,294106,16291,141525,10297,277815,17657,8494,9163
47460,294137,16293,141534,10297,277844,17660,8496,9164
47465,294168,16295,141548,10299,277873,17661,8496,9165
47470,294199,16297,141568,10300,277902,17662,8497,9165
47475,294230,16300,141584,10302,277930,17663,8498,9165
47480,294261,16302,141596,10303,277959,17664,8498,9166
47485,294292,16304,141612,10305,277988,17665,8499,9166
47490,294323,16306,141631,10307,278017,17666,8500,9166
47495,294354,16308,141648,10308,278046,17667,8500,9167
47500,294385,16310,141663,10310,278075,17668,8501,9167
47505,294416,16312,141678,10311,278104,17671,8502,9169
47510,294447,16314,141689,10312,278133,17675,8503,9172
47515,294478,16315,141705,10312,278163,17679,8506,9173
47520,294509,16316,141723,10312,278193,17683,8509,9174
47525,294540,16316,141743,10312,278224,17684,8509,9175
47530,294571,16316,141759,10312,278255,17685,8510,9175
47535,294602,16316,141771,10312,278286,17686,8511,9175
47540,294633,16316,141786,10312,278317,17687,8511,9176
47545,294664,16316,141801,10312,278348,17688,8511,9177
47550,294695,16316,141813,10312,278379,17689,8512,9177
47555,294726,16316,141826,10312,278410,17690,8512,9178
47560,294757,16316,141839,10312,278441,17691,8513,9178
47565,294788,16316,141851,10312,278472,17692,8513,9179
47570,294819,16317,141866,10313,278502,17694,8514,9180
47575,294850,16318,141877,10314,278532,17696,8514,9182
47580,294881,16319,141891,10315,278562,17699,8516,9183
47585,294912,16321,141907,10317,278591,17702,8517,9185
47590,294943,16323,141925,10319,278620,17704,8518,9186
47595,294974,16324,141939,10319,278650,17705,8519,9186
47600,295005,16327,141958,10322,278678,17706,8520,9186
47605,295036,16329,141974,10324,278707,17707,8521,9186
47610,295067,16329,141994,10324,278738,17708,8522,9186
47615,295098,16329,142008,10324,278769,17709,8522,9187
47620,295129,16329,142023,10324,278800,17710,8523,9187
47625,295160,16329,142042,10324,278831,17711,8524,9187
47630,295191,16330,142056,10325,278861,17712,8525,9187
47635,295222,16332,142071,10326,278890,17714,8526,9188
47640,295253,16334,142090,10327,278919,17716,8528,9188
47645,295284,16339,142105,10330,278945,17717,8529,9188
47650,295315,16342,142120,10331,278972,17718,8529,9189
47655,295346,16347,142140,10334,278998,17719,8530,9189
47660,295377,16352,142155,10337,279024,17720,8530,9190
47665,295408,16356,142164,10339,279052,17721,8531,9190
47670,295439,16357,142177,10340,279082,17722,8531,9191
47675,295470,16359,142197,10342,279110,17723,8531,9192
47680,295501,16362,142211,10345,279139,17724,8532,9192
47685,295532,16364,142229,10347,279168,17726,8533,9193
47690,295563,16366,142238,10349,279197,17728,8533,9195
47695,295594,16368,142250,10350,279226,17730,8535,9195
47700,295625,16369,142265,10351,279255,17732,8536,9196
47705,295656,16370,142278,10352,279286,17734,8537,9197
47710,295687,16370,142286,10352,279317,17738,8539,9199
47715,295718,16370,142299,10352,279348,17742,8542,9200
47720,295749,16370,142316,10352,279379,17746,8544,9202
47725,295780,16370,142330,10352,279410,17750,8545,9205
47730,295811,16370,142345,10352,279441,17754,8545,9209
47735,295842,16370,142361,10352,279472,17757,8548,9209
47740,295873,16370,142378,10352,279503,17760,8549,9211
47745,295904,16370,142389,10352,279534,17761,8549,9212
47750,295935,16370,142403,10352,279565,17763,8551,9212
47755,295966,16370,142420,10352,279596,17767,8552,9215
47760,295997,16370,142429,10352,279627,17771,8554,9217
47765,296028,16370,142439,10352,279658,17771,8554,9217
47770,296059,16372,142455,10353,279687,17771,8554,9217
47775,296090,16375,142473,10356,279715,17771,8554,9217
47780,296121,16378,142487,10359,279743,17771,8554,9217
47785,296152,16381,142501,10361,279771,17771,8554,9217
47790,296183,16384,142512,10364,279799,17771,8554,9217
47795,296214,16387,142528,10366,279827,17771,8554,9217
47800,296245,16389,142543,10366,279856,17771,8554,9217
47805,296276,16393,142562,10369,279883,17771,8554,9217
47810,296307,16398,142581,10373,279909,17771,8554,9217
47815,296338,16403,142597,10376,279935,17771,8554,9217
47820,296369,16407,142614,10379,279962,17771,8554,9217
47825,296400,16411,142632,10382,279989,17773,8555,9218
47830,296431,16413,142647,10383,280018,17775,8555,9220
47835,296462,16414,142660,10384,280048,17777,8556,9221
47840,296493,16415,142673,10384,280078,17780,8557,9223
47845,296524,16416,142691,10385,280108,17783,8558,9225
47850,296555,16417,142705,10385,280138,17786,8560,9226
47855,296586,16419,142721,10387,280167,17788,8562,9226
47860,296617,16421,142739,10389,280196,17789,8563,9226
47865,296648,16422,142752,10390,280226,17790,8564,9226
47870,296679,16424,142770,10392,280255,17793,8565,9228
47875,296710,16426,142788,10393,280284,17795,8566,9229
47880,296741,16428,142801,10395,280313,17797,8566,9231
47885,296772,16430,142818,10397,280341,17798,8567,9231
47890,296803,16432,142833,10399,280371,17799,8567,9232
47895,296834,16433,142845,10399,280401,17800,8567,9233
47900,296865,16434,142858,10399,280431,17801,8567,9234
47905,296896,16435,142873,10399,280461,17802,8567,9235
47910,296927,16436,142893,10399,280491,17803,8567,9236
47915,296958,16437,142906,10399,280521,17804,8568,9236
47920,296989,16438,142926,10400,280551,17805,8568,9237
47925,297020,16439,142943,10400,280581,17806,8569,9237
47930,297051,16440,142958,10401,280611,17807,8569,9238
47935,297082,16441,142971,10402,280641,17808,8570,9238
47940,297113,16442,142985,10402,280671,17809,8571,9238
47945,297144,16443,142992,10402,280701,17811,8571,9240
47950,297175,16444,143008,10402,280731,17814,8573,9241
47955,297206,16445,143022,10402,280761,17817,8574,9243
47960,297237,16446,143037,10402,280791,17820,8575,9245
47965,297268,16447,143049,10402,280821,17823,8576,9247
47970,297299,16448,143067,10402,280851,17825,8577,9248
47975,297330,16449,143081,10403,280881,17827,8578,9249
47980,297361,16450,143098,10404,280911,17829,8579,9250
47985,297392,16451,143112,10404,280941,17831,8580,9251
47990,297423,16453,143129,10406,280970,17835,8583,9252
47995,297454,16456,143140,10408,280998,17839,8585,9254
48000,297485,16459,143155,10410,281026,17842,8586,9256
48005,297516,16462,143172,10411,281054,17842,8586,9256
48010,297547,16465,143192,10413,281082,17842,8586,9256
48015,297578,16468,143205,10414,281109,17842,8586,9256
48020,297609,16471,143217,10416,281138,17842,8586,9256
48025,297640,16473,143234,10417,281167,17842,8586,9256
48030,297671,16476,143252,10418,281194,17842,8586,9256
48035,297702,16479,143264,10420,281223,17842,8586,9256
48040,297733,16481,143283,10422,281252,17842,8586,9256
48045,297764,16484,143302,10425,281279,17842,8586,9256
48050,297795,16487,143317,10427,281307,17842,8586,9256
48055,297826,16490,143330,10430,281336,17842,8586,9256
48060,297857,16491,143346,10430,281366,17842,8586,9256
48065,297888,16491,143362,10430,281397,17842,8586,9256
48070,297919,16491,143377,10430,281428,17843,8587,9256
48075,297950,16491,143395,10430,281459,17844,8587,9257
48080,297981,16491,143414,10430,281490,17845,8587,9258
48085,298012,16491,143430,10430,281521,17846,8588,9258
48090,298043,16491,143447,10430,281552,17848,8589,9259
48095,298074,16491,143460,10430,281583,17850,8589,9261
48100,298105,16491,143479,10430,281614,17853,8591,9262
48105,298136,16491,143495,10430,281645,17857,8591,9266
48110,298167,16492,143510,10431,281675,17860,8592,9268
48115,298198,16493,143522,10432,281705,17864,8593,9271
48120,298229,16494,143537,10433,281735,17868,8595,9273
48125,298260,16498,143551,10437,281762,17870,8596,9274
48130,298291,16502,143569,10439,281789,17872,8598,9274
48135,298322,16505,143579,10441,281817,17873,8598,9275
48140,298353,16508,143592,10442,281845,17874,8598,9276
48145,298384,16511,143609,10445,281873,17875,8598,9277
48150,298415,16514,143626,10447,281901,17876,8599,9277
48155,298446,16516,143644,10448,281930,17877,8600,9277
48160,298477,16518,143657,10448,281959,17878,8600,9278
48165,298508,16520,143670,10449,281988,17879,8601,9278
48170,298539,16522,143683,10449,282017,17880,8601,9279
48175,298570,16524,143702,10450,282046,17881,8602,9279
48180,298601,16526,143717,10451,282075,17882,8602,9280
48185,298632,16528,143732,10453,282104,17884,8604,9280
48190,298663,16529,143750,10454,282134,17885,8605,9280
48195,298694,16530,143762,10454,282164,17886,8606,9280
48200,298725,16532,143771,10456,282193,17887,8606,9281
48205,298756,16533,143785,10456,282223,17888,8607,9281
48210,298787,16535,143801,10458,282252,17890,8607,9283
48215,298818,16536,143818,10458,282282,17892,8609,9283
48220,298849,16538,143833,10460,282311,17894,8610,9284
48225,298880,16540,143849,10461,282340,17896,8611,9285
48230,298911,16540,143863,10461,282371,17898,8612,9286
48235,298942,16540,143876,10461,282402,17900,8612,9288
48240,298973,16540,143892,10461,282433,17903,8613,9290
48245,299004,16540,143905,10461,282464,17907,8614,9293
48250,299035,16540,143921,10461,282495,17910,8617,9293
48255,299066,16540,143930,10461,282526,17912,8617,9295
48260,299097,16540,143941,10461,282557,17914,8617,9297
48265,299128,16540,143955,10461,282588,17916,8618,9298
48270,299159,16540,143971,10461,282619,17918,8619,9299
48275,299190,16540,143985,10461,282650,17920,8619,9301
48280,299221,16540,143999,10461,282681,17922,8620,9302
48285,299252,16541,144014,10462,282711,17924,8621,9303
48290,299283,16544,144030,10464,282739,17929,8624,9305
48295,299314,16547,144047,10465,282767,17933,8627,9306
48300,299345,16552,144061,10468,282793,17936,8627,9309
48305,299376,16555,144083,10470,282820,17936,8627,9309
48310,299407,16558,144096,10472,282849,17936,8627,9309
48315,299438,16560,144108,10472,282877,17936,8627,9309
48320,299469,16563,144121,10474,282905,17936,8627,9309
48325,299500,16566,144134,10476,282934,17936,8627,9309
48330,299531,16568,144147,10476,282962,17936,8627,9309
48335,299562,16571,144166,10478,282991,17936,8627,9309
48340,299593,16573,144180,10478,283020,17936,8627,9309
48345,299624,16575,144194,10478,283049,17936,8627,9309
48350,299655,16577,144207,10479,283078,17937,8627,9310
48355,299686,16579,144223,10480,283107,17938,8628,9310
48360,299717,16581,144241,10482,283136,17939,8628,9311
48365,299748,16583,144254,10483,283165,17941,8628,9313
48370,299779,16586,144268,10485,283193,17943,8628,9315
48375,299810,16588,144282,10486,283222,17945,8630,9315
48380,299841,16590,144299,10487,283251,17947,8632,9315
48385,299872,16591,144314,10488,283281,17949,8633,9316
48390,299903,16592,144327,10489,283311,17951,8635,9316
48395,299934,16593,144343,10490,283341,17953,8635,9318
48400,299965,16594,144361,10491,283371,17956,8635,9321
48405,299996,16596,144374,10492,283400,17960,8636,9324
48410,300027,16597,144386,10493,283429,17964,8636,9328
48415,300058,16599,144399,10495,283459,17967,8638,9329
48420,300089,16600,144419,10496,283488,17969,8640,9329
48425,300120,16602,144426,10497,283517,17970,8640,9330
48430,300151,16604,144442,10498,283547,17971,8640,9331
48435,300182,16605,144453,10499,283577,17972,8640,9332
48440,300213,16606,144464,10499,283607,17973,8640,9333
48445,300244,16607,144477,10500,283637,17974,8640,9334
48450,300275,16608,144496,10501,283667,17975,8640,9335
48455,300306,16609,144511,10502,283697,17976,8640,9336
48460,300337,16610,144526,10502,283727,17977,8641,9336
48465,300368,16611,144545,10502,283756,17979,8641,9338
48470,300399,16613,144559,10504,283786,17981,8642,9339
48475,300430,16614,144572,10505,283816,17983,8643,9340
48480,300461,16615,144586,10505,283846,17985,8644,9341
48485,300492,16617,144601,10507,283875,17987,8645,9342
48490,300523,16619,144616,10507,283904,17989,8645,9344
48495,300554,16622,144630,10508,283931,17991,8646,9345
48500,300585,16626,144648,10511,283959,17993,8647,9346
48505,300616,16627,144661,10511,283989,17995,8647,9348
48510,300647,16628,144671,10511,284019,17998,8647,9351
48515,300678,16631,144690,10513,284047,18001,8649,9352
48520,300709,16634,144701,10514,284075,18005,8650,9355
48525,300740,16637,144717,10515,284103,18009,8654,9355
48530,300771,16641,144731,10517,284130,18013,8657,9356
48535,300802,16643,144743,10518,284159,18016,8658,9358
48540,300833,16647,144752,10520,284186,18018,8659,9359
48545,300864,16650,144763,10521,284214,18019,8660,9359
48550,300895,16653,144778,10523,284241,18020,8661,9359
48555,300926,16656,144795,10526,284270,18021,8662,9359
48560,300957,16657,144808,10527,284300,18022,8662,9360
48565,300988,16658,144818,10528,284330,18023,8662,9361
48570,301019,16659,144837,10528,284360,18024,8662,9362
48575,301050,16660,144852,10529,284390,18025,8663,9362
48580,301081,16661,144868,10530,284420,18026,8664,9362
48585,301112,16662,144883,10531,284450,18028,8665,9363
48590,301143,16663,144902,10532,284480,18030,8667,9363
48595,301174,16664,144920,10532,284510,18032,8668,9364
48600,301205,16665,144937,10533,284540,18034,8670,9364
48605,301236,16666,144956,10533,284570,18036,8671,9365
48610,301267,16667,144971,10533,284600,18038,8672,9366
48615,301298,16668,144985,10533,284630,18040,8672,9368
48620,301329,16669,144999,10533,284660,18041,8673,9368
48625,301360,16670,145015,10534,284690,18042,8674,9368
48630,301391,16671,145033,10535,284720,18043,8674,9369
48635,301422,16672,145047,10536,284750,18045,8675,9370
48640,301453,16673,145066,10536,284780,18048,8677,9371
48645,301484,16674,145081,10536,284810,18052,8677,9375
48650,301515,16676,145091,10538,284839,18056,8677,9379
48655,301546,16678,145105,10540,284868,18060,8680,9380
48660,301577,16682,145119,10543,284895,18064,8682,9382
48665,301608,16685,145130,10545,284923,18064,8682,9382
48670,301639,16687,145150,10546,284952,18064,8682,9382
48675,301670,16690,145165,10548,284980,18064,8682,9382
48680,301701,16692,145178,10548,285009,18064,8682,9382
48685,301732,16694,145193,10549,285038,18064,8682,9382
48690,301763,16696,145205,10550,285067,18064,8682,9382
48695,301794,16698,145218,10551,285096,18064,8682,9382
48700,301825,16700,145235,10552,285124,18064,8682,9382
48705,301856,16703,145252,10554,285152,18064,8682,9382
48710,301887,16706,145267,10556,285180,18065,8683,9382
48715,301918,16709,145276,10558,285209,18066,8684,9382
48720,301949,16711,145291,10559,285238,18068,8685,9383
48725,301980,16713,145309,10559,285267,18071,8687,9384
48730,302011,16715,145324,10561,285295,18074,8690,9384
48735,302042,16718,145335,10562,285324,18077,8691,9386
48740,302073,16720,145351,10564,285353,18080,8692,9388
48745,302104,16722,145364,10564,285381,18082,8693,9389
48750,302135,16725,145384,10567,285410,18084,8694,9390
48755,302166,16727,145401,10567,285439,18086,8694,9392
48760,302197,16730,145414,10568,285467,18088,8696,9392
48765,302228,16731,145422,10569,285497,18091,8698,9393
48770,302259,16734,145436,10572,285525,18096,8700,9396
48775,302290,16739,145454,10577,285551,18101,8702,9399
48780,302321,16744,145473,10581,285577,18106,8705,9401
48785,302352,16745,145492,10582,285607,18108,8705,9403
48790,302383,16746,145504,10582,285637,18109,8706,9403
48795,302414,16747,145521,10583,285667,18110,8707,9403
48800,302445,16748,145534,10584,285697,18111,8707,9404
48805,302476,16749,145551,10585,285727,18112,8707,9405
48810,302507,16750,145570,10586,285757,18113,8707,9406
48815,302538,16751,145586,10587,285787,18114,8708,9406
48820,302569,16752,145601,10587,285817,18115,8708,9407
48825,302600,16753,145610,10587,285847,18116,8708,9408
48830,302631,16754,145634,10588,285877,18118,8710,9408
48835,302662,16755,145645,10588,285907,18120,8710,9410
48840,302693,16756,145659,10588,285937,18122,8712,9410
48845,302724,16757,145670,10589,285967,18124,8713,9411
48850,302755,16758,145684,10589,285997,18126,8714,9412
48855,302786,16759,145695,10589,286027,18128,8715,9413
48860,302817,16760,145711,10590,286057,18130,8716,9414
48865,302848,16761,145728,10591,286087,18131,8717,9414
48870,302879,16762,145741,10592,286117,18132,8718,9414
48875,302910,16763,145758,10592,286147,18133,8718,9415
48880,302941,16764,145768,10592,286177,18134,8718,9416
48885,302972,16766,145788,10594,286205,18137,8720,9417
48890,303003,16770,145801,10597,286232,18142,8723,9419
48895,303034,16774,145818,10599,286259,18147,8726,9421
48900,303065,16778,145835,10602,286286,18151,8727,9424
48905,303096,16781,145854,10605,286315,18153,8728,9425
48910,303127,16782,145871,10605,286345,18155,8729,9426
48915,303158,16784,145884,10607,286374,18157,8730,9427
48920,303189,16786,145903,10609,286403,18158,8731,9427
48925,303220,16789,145915,10612,286431,18159,8731,9428
48930,303251,16790,145931,10613,286461,18160,8732,9428
48935,303282,16790,145940,10613,286492,18160,8732,9428
48940,303313,16790,145955,10613,286523,18160,8732,9428
48945,303344,16790,145972,10613,286554,18160,8732,9428
48950,303375,16790,145989,10613,286585,18160,8732,9428
48955,303406,16790,146004,10613,286616,18160,8732,9428
48960,303437,16790,146022,10613,286647,18160,8732,9428
48965,303468,16791,146037,10613,286677,18162,8733,9429
48970,303499,16793,146054,10615,286706,18163,8733,9430
48975,303530,16795,146065,10617,286735,18163,8733,9430
48980,303561,16796,146083,10617,286765,18163,8733,9430
48985,303592,16798,146100,10619,286794,18163,8733,9430
48990,303623,16799,146116,10620,286824,18163,8733,9430
48995,303654,16800,146130,10621,286854,18163,8733,9430
49000,303685,16802,146149,10623,286882,18164,8734,9430
49005,303716,16806,146161,10626,286910,18165,8735,9430
49010,303747,16809,146177,10628,286938,18166,8735,9431
49015,303778,16811,146190,10629,286967,18168,8736,9432
49020,303809,16812,146202,10630,286997,18171,8738,9433
49025,303840,16814,146219,10631,287026,18173,8739,9434
49030,303871,16816,146234,10632,287055,18175,8739,9436
49035,303902,16818,146252,10634,287084,18177,8740,9437
49040,303933,16820,146271,10635,287113,18179,8742,9437
49045,303964,16822,146289,10636,287142,18180,8743,9437
49050,303995,16824,146300,10636,287171,18181,8744,9437
49055,304026,16826,146315,10637,287200,18182,8745,9437
49060,304057,16828,146326,10638,287229,18183,8745,9438
49065,304088,16830,146340,10640,287258,18184,8746,9438
49070,304119,16832,146353,10642,287287,18186,8747,9439
49075,304150,16834,146370,10644,287316,18189,8749,9440
49080,304181,16836,146385,10645,287345,18193,8749,9444
49085,304212,16840,146399,10649,287372,18197,8750,9447
49090,304243,16843,146412,10649,287399,18201,8751,9450
49095,304274,16848,146424,10652,287425,18203,8753,9450
49100,304305,16851,146436,10654,287454,18205,8755,9450
49105,304336,16853,146451,10655,287482,18207,8756,9451
49110,304367,16856,146464,10657,287511,18209,8757,9452
49115,304398,16858,146476,10657,287540,18211,8758,9453
49120,304429,16860,146488,10658,287569,18212,8758,9454
49125,304460,16863,146505,10659,287596,18213,8758,9455
49130,304491,16867,146524,10663,287624,18214,8759,9455
49135,304522,16870,146538,10665,287652,18216,8761,9455
49140,304553,16871,146552,10665,287682,18218,8763,9455
49145,304584,16871,146568,10665,287713,18221,8765,9456
49150,304615,16871,146582,10665,287744,18223,8765,9458
49155,304646,16871,146597,10665,287775,18225,8767,9458
49160,304677,16871,146610,10665,287806,18227,8767,9460
49165,304708,16871,146629,10665,287837,18229,8769,9460
49170,304739,16871,146643,10665,287868,18231,8770,9461
49175,304770,16871,146661,10665,287899,18233,8771,9462
49180,304801,16871,146679,10665,287930,18235,8773,9462
49185,304832,16871,146697,10665,287961,18237,8774,9463
49190,304863,16871,146708,10665,287992,18239,8775,9464
49195,304894,16871,146723,10665,288023,18241,8776,9465
49200,304925,16872,146735,10665,288052,18244,8777,9467
49205,304956,16877,146755,10670,288079,18247,8780,9467
49210,304987,16879,146765,10670,288108,18249,8781,9468
49215,305018,16882,146777,10671,288136,18251,8782,9469
49220,305049,16885,146793,10673,288163,18252,8783,9469
49225,305080,16888,146806,10675,288191,18253,8784,9469
49230,305111,16892,146818,10679,288219,18254,8784,9470
49235,305142,16894,146833,10680,288248,18255,8785,9470
49240,305173,16897,146850,10683,288275,18256,8785,9471
49245,305204,16900,146867,10685,288304,18258,8786,9472
49250,305235,16901,146880,10686,288334,18261,8786,9475
49255,305266,16903,146892,10687,288363,18265,8788,9477
49260,305297,16905,146910,10689,288392,18269,8790,9479
49265,305328,16907,146927,10690,288421,18272,8791,9481
49270,305359,16909,146944,10691,288450,18274,8792,9482
49275,305390,16912,146958,10693,288478,18275,8792,9483
49280,305421,16915,146972,10695,288506,18276,8792,9484
49285,305452,16917,146990,10695,288535,18277,8793,9484
49290,305483,16919,147007,10695,288564,18278,8793,9485
49295,305514,16921,147022,10696,288593,18279,8794,9485
49300,305545,16924,147034,10698,288621,18280,8794,9486
49305,305576,16927,147052,10700,288649,18281,8795,9486
49310,305607,16930,147068,10701,288677,18282,8795,9487
49315,305638,16934,147084,10703,288704,18285,8797,9488
49320,305669,16938,147096,10706,288731,18289,8798,9491
49325,305700,16938,147104,10706,288762,18292,8799,9493
49330,305731,16938,147120,10706,288793,18294,8800,9494
49335,305762,16938,147136,10706,288824,18295,8800,9495
49340,305793,16938,147152,10706,288855,18296,8800,9496
49345,305824,16938,147171,10706,288886,18297,8801,9496
49350,305855,16939,147185,10706,288916,18298,8801,9497
49355,305886,16940,147201,10707,288946,18299,8802,9497
49360,305917,16941,147216,10708,288976,18300,8803,9497
49365,305948,16942,147230,10708,289006,18301,8803,9498
49370,305979,16943,147246,10709,289035,18302,8804,9498
49375,306010,16945,147262,10710,289065,18305,8807,9498
49380,306041,16946,147278,10710,289094,18308,8809,9499
49385,306072,16952,147293,10714,289120,18311,8811,9500
49390,306103,16957,147309,10718,289146,18314,8812,9502
49395,306134,16961,147323,10720,289172,18316,8813,9503
49400,306165,16965,147333,10722,289200,18318,8813,9505
49405,306196,16967,147349,10723,289229,18320,8815,9505
49410,306227,16970,147368,10724,289256,18322,8816,9506
49415,306258,16974,147382,10727,289284,18324,8816,9508
49420,306289,16975,147397,10728,289314,18326,8816,9510
49425,306320,16976,147412,10728,289343,18328,8818,9510
49430,306351,16978,147422,10729,289373,18332,8818,9514
49435,306382,16978,147431,10729,289404,18337,8819,9518
49440,306413,16978,147447,10729,289435,18341,8821,9520
49445,306444,16978,147462,10729,289466,18343,8823,9520
49450,306475,16978,147475,10729,289497,18345,8824,9521
49455,306506,16978,147493,10729,289528,18347,8826,9521
49460,306537,16978,147508,10729,289559,18349,8828,9521
49465,306568,16978,147525,10729,289590,18351,8830,9521
49470,306599,16978,147538,10729,289621,18353,8830,9523
49475,306630,16978,147552,10729,289652,18355,8831,9524
49480,306661,16978,147567,10729,289683,18357,8831,9526
49485,306692,16978,147586,10729,289714,18359,8833,9526
49490,306723,16978,147603,10729,289745,18361,8835,9526
49495,306754,16978,147623,10729,289776,18363,8837,9526
49500,306785,16978,147641,10729,289807,18364,8837,9527
49505,306816,16979,147655,10730,289837,18365,8837,9528
49510,306847,16982,147671,10733,289865,18366,8838,9528
49515,306878,16985,147683,10734,289893,18367,8838,9529
49520,306909,16988,147699,10736,289921,18368,8839,9529
49525,306940,16991,147715,10738,289949,18369,8840,9529
49530,306971,16994,147730,10739,289977,18371,8840,9531
49535,307002,16997,147750,10742,290005,18373,8842,9531
49540,307033,17001,147764,10745,290032,18375,8842,9533
49545,307064,17006,147783,10748,290058,18377,8844,9533
49550,307095,17009,147794,10750,290086,18383,8844,9539
49555,307126,17012,147811,10752,290113,18389,8848,9541
49560,307157,17016,147826,10755,290140,18394,8851,9543
49565,307188,17021,147844,10759,290167,18396,8853,9543
49570,307219,17025,147862,10762,290194,18398,8854,9544
49575,307250,17026,147879,10762,290224,18400,8856,9544
49580,307281,17027,147891,10762,290254,18400,8856,9544
49585,307312,17029,147905,10763,290283,18400,8856,9544
49590,307343,17031,147925,10765,290311,18400,8856,9544
49595,307374,17032,147941,10766,290342,18400,8856,9544
49600,307405,17032,147955,10766,290373,18400,8856,9544
49605,307436,17032,147970,10766,290404,18400,8856,9544
49610,307467,17032,147982,10766,290435,18400,8856,9544
49615,307498,17032,147993,10766,290466,18400,8856,9544
49620,307529,17032,148009,10766,290497,18400,8856,9544
49625,307560,17032,148025,10766,290528,18400,8856,9544
49630,307591,17032,148033,10766,290559,18400,8856,9544
49635,307622,17032,148045,10766,290590,18400,8856,9544
49640,307653,17032,148057,10766,290621,18400,8856,9544
49645,307684,17032,148076,10766,290652,18400,8856,9544
49650,307715,17032,148090,10766,290683,18400,8856,9544
49655,307746,17032,148107,10766,290714,18400,8856,9544
49660,307777,17032,148123,10766,290745,18401,8857,9544
49665,307808,17032,148135,10766,290776,18403,8857,9546
49670,307839,17034,148147,10768,290805,18406,8858,9548
49675,307870,17037,148161,10769,290833,18409,8859,9550
49680,307901,17041,148174,10771,290859,18413,8861,9552
49685,307932,17045,148191,10774,290887,18417,8863,9554
49690,307963,17049,148209,10778,290913,18421,8865,9556
49695,307994,17052,148222,10779,290942,18425,8866,9559
49700,308025,17056,148238,10781,290968,18429,8867,9562
49705,308056,17058,148259,10783,290998,18433,8870,9563
49710,308087,17059,148274,10783,291028,18436,8872,9564
49715,308118,17060,148291,10784,291057,18439,8874,9565
49720,308149,17062,148310,10786,291086,18441,8876,9565
49725,308180,17064,148321,10787,291116,18443,8876,9567
49730,308211,17065,148337,10788,291145,18445,8876,9569
49735,308242,17067,148353,10790,291174,18446,8877,9569
49740,308273,17069,148370,10792,291203,18447,8877,9570
49745,308304,17073,148384,10794,291231,18448,8877,9571
49750,308335,17077,148403,10797,291258,18449,8877,9572
49755,308366,17080,148418,10800,291286,18450,8877,9573
49760,308397,17083,148429,10802,291314,18451,8877,9574
49765,308428,17084,148444,10803,291344,18452,8877,9575
49770,308459,17085,148461,10804,291374,18453,8877,9576
49775,308490,17086,148477,10804,291404,18455,8879,9576
49780,308521,17088,148495,10805,291433,18458,8881,9577
49785,308552,17089,148513,10806,291463,18461,8884,9577
49790,308583,17091,148529,10807,291492,18463,8885,9578
49795,308614,17093,148543,10808,291521,18465,8887,9578
49800,308645,17095,148555,10810,291550,18467,8887,9580
49805,308676,17098,148569,10811,291578,18468,8887,9581
49810,308707,17101,148584,10813,291606,18470,8889,9581
49815,308738,17103,148597,10813,291634,18472,8891,9581
49820,308769,17106,148618,10816,291662,18474,8893,9581
49825,308800,17110,148634,10820,291690,18477,8895,9582
49830,308831,17112,148647,10822,291718,18480,8895,9585
49835,308862,17115,148661,10824,291747,18484,8896,9588
49840,308893,17117,148673,10824,291776,18488,8899,9589
49845,308924,17120,148690,10825,291803,18492,8901,9591
49850,308955,17123,148700,10827,291832,18496,8902,9594
49855,308986,17125,148713,10828,291860,18500,8904,9596
49860,309017,17128,148730,10830,291888,18503,8906,9597
49865,309048,17129,148746,10831,291919,18506,8907,9599
49870,309079,17129,148758,10831,291950,18509,8910,9599
49875,309110,17129,148775,10831,291981,18512,8911,9601
49880,309141,17129,148792,10831,292012,18515,8914,9601
49885,309172,17129,148803,10831,292043,18518,8915,9603
49890,309203,17129,148813,10831,292074,18522,8916,9606
49895,309234,17129,148828,10831,292105,18527,8917,9610
49900,309265,17129,148848,10831,292136,18531,8919,9612
49905,309296,17129,148861,10831,292167,18535,8921,9614
49910,309327,17132,148879,10834,292195,18539,8924,9615
49915,309358,17134,148893,10835,292224,18541,8925,9616
49920,309389,17136,148908,10836,292253,18543,8926,9617
49925,309420,17139,148925,10838,292281,18544,8926,9618
49930,309451,17141,148936,10839,292310,18544,8926,9618
49935,309482,17144,148951,10840,292338,18544,8926,9618
49940,309513,17146,148964,10841,292367,18544,8926,9618
49945,309544,17148,148986,10843,292396,18544,8926,9618
49950,309575,17150,149005,10845,292425,18544,8926,9618
49955,309606,17152,149025,10845,292454,18544,8926,9618
49960,309637,17154,149038,10847,292483,18544,8926,9618
49965,309668,17156,149054,10848,292512,18544,8926,9618
49970,309699,17159,149069,10849,292540,18544,8926,9618
49975,309730,17162,149085,10851,292568,18544,8926,9618
49980,309761,17165,149100,10852,292596,18544,8926,9618
49985,309792,17168,149110,10853,292624,18546,8926,9620
49990,309823,17172,149128,10855,292651,18548,8927,9621
49995,309854,17176,149141,10857,292678,18550,8928,9622
50000,309885,17179,149153,10858,292706,18552,8929,9623
50005,309916,17182,149165,10860,292734,18555,8931,9624
50010,309947,17186,149178,10863,292761,18558,8933,9625
50015,309978,17189,149188,10865,292789,18561,8934,9627
50020,310009,17194,149201,10867,292815,18564,8935,9629
50025,310040,17198,149215,10869,292841,18568,8937,9631
50030,310071,17205,149230,10873,292866,18573,8938,9635
50035,310102,17210,149245,10878,292892,18579,8942,9637
50040,310133,17215,149263,10882,292918,18583,8944,9639
50045,310164,17215,149279,10882,292949,18585,8945,9640
50050,310195,17215,149292,10882,292980,18587,8946,9641
50055,310226,17215,149304,10882,293011,18588,8947,9641
50060,310257,17215,149322,10882,293042,18589,8948,9641
50065,310288,17215,149337,10882,293073,18590,8948,9642
50070,310319,17215,149349,10882,293104,18591,8948,9643
50075,310350,17215,149361,10882,293135,18592,8949,9643
50080,310381,17215,149371,10882,293166,18593,8949,9644
50085,310412,17215,149385,10882,293197,18594,8950,9644
50090,310443,17215,149400,10882,293228,18595,8950,9645
50095,310474,17215,149419,10882,293259,18596,8951,9645
50100,310505,17215,149436,10882,293290,18597,8951,9646
50105,310536,17215,149453,10882,293321,18598,8952,9646
50110,310567,17215,149468,10882,293352,18599,8953,9646
50115,310598,17215,149485,10882,293383,18600,8953,9647
50120,310629,17215,149501,10882,293414,18602,8955,9647
50125,310660,17215,149517,10882,293445,18604,8955,9649
50130,310691,17215,149532,10882,293476,18606,8957,9649
50135,310722,17215,149547,10882,293507,18608,8959,9649
50140,310753,17215,149562,10882,293538,18610,8961,9649
50145,310784,17218,149575,10884,293566,18613,8962,9651
50150,310815,17221,149590,10886,293594,18617,8964,9653
50155,310846,17226,149602,10890,293620,18622,8965,9657
50160,310877,17230,149616,10893,293647,18626,8968,9658
50165,310908,17232,149633,10894,293675,18628,8968,9660
50170,310939,17235,149651,10896,293704,18630,8969,9661
50175,310970,17235,149666,10896,293735,18631,8970,9661
50180,311001,17235,149687,10896,293766,18632,8971,9661
50185,311032,17235,149698,10896,293797,18632,8971,9661
50190,311063,17235,149711,10896,293828,18632,8971,9661
50195,311094,17235,149727,10896,293859,18632,8971,9661
50200,311125,17235,149745,10896,293890,18632,8971,9661
50205,311156,17235,149758,10896,293921,18632,8971,9661
50210,311187,17235,149774,10896,293952,18632,8971,9661
50215,311218,17235,149789,10896,293983,18632,8971,9661
50220,311249,17235,149808,10896,294014,18632,8971,9661
50225,311280,17235,149823,10896,294045,18632,8971,9661
50230,311311,17235,149837,10896,294076,18632,8971,9661
50235,311342,17235,149847,10896,294107,18632,8971,9661
50240,311373,17235,149860,10896,294138,18632,8971,9661
50245,311404,17235,149878,10896,294169,18632,8971,9661
50250,311435,17235,149890,10896,294200,18632,8971,9661
50255,311466,17235,149903,10896,294231,18632,8971,9661
50260,311497,17235,149914,10896,294262,18632,8971,9661
50265,311528,17235,149930,10896,294293,18636,8972,9664
50270,311559,17238,149942,10898,294321,18640,8974,9666
50275,311590,17241,149962,10901,294349,18642,8976,9666
50280,311621,17245,149979,10903,294376,18643,8976,9667
50285,311652,17248,149998,10906,294404,18646,8979,9667
50290,311683,17251,150012,10907,294432,18649,8981,9668
50295,311714,17254,150029,10909,294460,18651,8982,9669
50300,311745,17256,150043,10909,294488,18653,8983,9670
50305,311776,17259,150060,10911,294517,18655,8985,9670
50310,311807,17262,150082,10914,294544,18657,8987,9670
50315,311838,17265,150094,10915,294572,18659,8988,9671
50320,311869,17269,150107,10918,294600,18660,8989,9671
50325,311900,17271,150125,10920,294629,18661,8989,9672
50330,311931,17274,150142,10921,294656,18662,8990,9672
50335,311962,17277,150158,10922,294684,18663,8991,9672
50340,311993,17280,150179,10925,294713,18664,8991,9673
50345,312024,17281,150193,10925,294742,18665,8992,9673
50350,312055,17283,150211,10926,294772,18666,8992,9674
50355,312086,17284,150226,10926,294802,18667,8992,9675
50360,312117,17285,150243,10926,294832,18668,8992,9676
50365,312148,17286,150259,10927,294862,18669,8993,9676
50370,312179,17287,150272,10927,294892,18671,8994,9677
50375,312210,17288,150289,10928,294922,18674,8995,9679
50380,312241,17289,150300,10929,294951,18678,8996,9682
50385,312272,17292,150318,10931,294980,18683,8998,9685
50390,312303,17293,150333,10932,295010,18687,9000,9687
50395,312334,17295,150351,10933,295039,18690,9001,9689
50400,312365,17297,150368,10934,295068,18692,9001,9691
50405,312396,17298,150376,10935,295098,18693,9001,9692
50410,312427,17299,150388,10935,295128,18694,9001,9693
50415,312458,17301,150405,10936,295157,18695,9001,9694
50420,312489,17303,150421,10938,295186,18696,9002,9694
50425,312520,17305,150434,10940,295215,18697,9003,9694
50430,312551,17306,150447,10941,295245,18698,9003,9695
50435,312582,17308,150462,10943,295274,18699,9003,9696
50440,312613,17311,150473,10945,295302,18700,9003,9697
50445,312644,17315,150488,10948,295329,18701,9003,9698
50450,312675,17318,150500,10950,295357,18702,9004,9698
50455,312706,17319,150513,10950,295387,18703,9004,9699
50460,312737,17320,150527,10951,295417,18704,9005,9699
50465,312768,17321,150538,10951,295447,18706,9007,9699
50470,312799,17322,150558,10951,295477,18708,9009,9699
50475,312830,17323,150576,10952,295507,18710,9011,9699
50480,312861,17324,150591,10953,295537,18711,9012,9699
50485,312892,17325,150603,10953,295567,18712,9012,9700
50490,312923,17327,150620,10954,295596,18714,9012,9702
50495,312954,17329,150631,10955,295625,18717,9012,9705
50500,312985,17331,150648,10957,295654,18721,9015,9706
50505,313016,17334,150662,10958,295682,18724,9016,9708
50510,313047,17336,150675,10959,295710,18728,9017,9711
50515,313078,17340,150689,10962,295737,18731,9018,9713
50520,313109,17343,150707,10965,295765,18734,9019,9715
50525,313140,17346,150721,10966,295794,18735,9020,9715
50530,313171,17348,150736,10967,295823,18736,9021,9715
50535,313202,17350,150751,10967,295852,18737,9022,9715
50540,313233,17352,150764,10969,295881,18738,9022,9716
50545,313264,17354,150780,10970,295910,18739,9022,9717
50550,313295,17356,150799,10972,295939,18740,9022,9718
50555,313326,17358,150814,10974,295968,18741,9023,9718
50560,313357,17360,150830,10975,295997,18742,9023,9719
50565,313388,17363,150848,10977,296025,18743,9023,9720
50570,313419,17365,150858,10977,296054,18744,9023,9721
50575,313450,17368,150873,10979,296082,18745,9024,9721
50580,313481,17370,150890,10981,296111,18746,9025,9721
50585,313512,17374,150907,10983,296138,18748,9026,9722
50590,313543,17376,150927,10984,296167,18750,9027,9723
50595,313574,17378,150939,10985,296195,18752,9028,9724
50600,313605,17381,150955,10987,296223,18754,9028,9726
50605,313636,17384,150972,10988,296251,18755,9028,9727
50610,313667,17387,150983,10991,296280,18756,9028,9728
50615,313698,17389,151003,10992,296308,18758,9029,9729
50620,313729,17392,151013,10993,296336,18760,9030,9730
50625,313760,17395,151026,10995,296365,18761,9030,9731
50630,313791,17398,151042,10996,296393,18763,9032,9731
50635,313822,17401,151056,10999,296421,18765,9033,9732
50640,313853,17403,151076,11001,296450,18767,9033,9734
50645,313884,17403,151093,11001,296481,18767,9033,9734
50650,313915,17403,151109,11001,296512,18767,9033,9734
50655,313946,17403,151125,11001,296543,18767,9033,9734
50660,313977,17403,151139,11001,296574,18767,9033,9734
50665,314008,17403,151156,11001,296605,18767,9033,9734
50670,314039,17403,151165,11001,296636,18767,9033,9734
50675,314070,17403,151183,11001,296667,18767,9033,9734
50680,314101,17403,151195,11001,296698,18767,9033,9734
50685,314132,17403,151211,11001,296729,18768,9033,9735
50690,314163,17403,151229,11001,296760,18769,9033,9736
50695,314194,17404,151241,11001,296790,18770,9034,9736
50700,314225,17405,151254,11001,296820,18771,9035,9736
50705,314256,17406,151267,11002,296850,18773,9035,9738
50710,314287,17407,151285,11003,296880,18775,9037,9738
50715,314318,17408,151302,11003,296910,18777,9039,9738
50720,314349,17409,151317,11004,296940,18779,9041,9738
50725,314380,17410,151328,11004,296970,18782,9043,9739
50730,314411,17411,151345,11004,297000,18785,9046,9739
50735,314442,17412,151360,11004,297030,18789,9049,9740
50740,314473,17413,151373,11005,297060,18793,9051,9742
50745,314504,17415,151387,11005,297088,18797,9053,9744
50750,314535,17419,151402,11009,297116,18802,9054,9748
50755,314566,17423,151418,11012,297143,18807,9058,9749
50760,314597,17428,151431,11015,297168,18811,9059,9752
50765,314628,17431,151442,11017,297196,18814,9060,9754
50770,314659,17434,151457,11019,297224,18817,9061,9756
50775,314690,17437,151471,11021,297253,18820,9063,9757
50780,314721,17439,151487,11023,297282,18823,9064,9759
50785,314752,17441,151504,11023,297310,18826,9066,9760
50790,314783,17444,151525,11025,297339,18829,9069,9760
50795,314814,17446,151544,11026,297367,18831,9070,9761
50800,314845,17450,151559,11030,297394,18833,9071,9762
50805,314876,17453,151570,11032,297422,18835,9072,9763
50810,314907,17457,151586,11035,297450,18837,9074,9763
50815,314938,17460,151598,11036,297477,18839,9075,9764
50820,314969,17463,151617,11038,297506,18841,9076,9765
50825,315000,17463,151632,11038,297537,18842,9076,9766
50830,315031,17463,151649,11038,297568,18843,9076,9767
50835,315062,17463,151660,11038,297599,18844,9076,9768
50840,315093,17463,151677,11038,297630,18845,9077,9768
50845,315124,17463,151699,11038,297661,18847,9078,9769
50850,315155,17463,151713,11038,297692,18849,9078,9771
50855,315186,17463,151727,11038,297723,18851,9079,9772
50860,315217,17463,151740,11038,297754,18854,9079,9775
50865,315248,17463,151751,11038,297785,18856,9080,9776
50870,315279,17465,151770,11039,297814,18858,9080,9778
50875,315310,17467,151790,11040,297843,18859,9081,9778
50880,315341,17468,151806,11040,297873,18860,9082,9778
50885,315372,17474,151820,11044,297898,18862,9083,9779
50890,315403,17479,151835,11048,297923,18864,9083,9781
50895,315434,17484,151852,11053,297949,18866,9085,9781
50900,315465,17488,151865,11056,297977,18868,9086,9782
50905,315496,17490,151878,11057,298006,18869,9087,9782
50910,315527,17492,151899,11059,298034,18870,9088,9782
50915,315558,17496,151918,11063,298061,18871,9088,9783
50920,315589,17499,151932,11066,298090,18872,9089,9783
50925,315620,17501,151944,11067,298119,18874,9091,9783
50930,315651,17503,151956,11068,298147,18875,9091,9784
50935,315682,17506,151969,11069,298176,18876,9091,9785
50940,315713,17508,151984,11071,298204,18877,9092,9785
50945,315744,17510,151997,11073,298234,18878,9093,9785
50950,315775,17511,152013,11074,298264,18879,9093,9786
50955,315806,17512,152026,11074,298294,18880,9093,9787
50960,315837,17513,152039,11074,298324,18881,9094,9787
50965,315868,17514,152051,11074,298354,18883,9095,9788
50970,315899,17515,152057,11074,298384,18885,9095,9790
50975,315930,17516,152077,11075,298414,18888,9096,9792
50980,315961,17517,152088,11075,298444,18891,9096,9795
50985,315992,17518,152098,11076,298474,18894,9097,9797
50990,316023,17519,152115,11077,298504,18896,9098,9798
50995,316054,17520,152130,11078,298534,18899,9099,9800
51000,316085,17523,152145,11079,298561,18902,9101,9801
51005,316116,17528,152160,11083,298588,18905,9103,9802
51010,316147,17532,152175,11085,298615,18907,9104,9803
51015,316178,17535,152186,11086,298643,18909,9106,9803
51020,316209,17538,152198,11088,298671,18911,9108,9803
51025,316240,17540,152211,11089,298700,18913,9109,9804
51030,316271,17542,152224,11090,298729,18915,9110,9805
51035,316302,17543,152234,11090,298759,18917,9111,9806
51040,316333,17544,152247,11090,298789,18920,9112,9808
51045,316364,17546,152267,11092,298818,18923,9115,9808
51050,316395,17547,152285,11093,298848,18926,9116,9810
51055,316426,17547,152294,11093,298879,18929,9116,9813
51060,316457,17547,152312,11093,298910,18932,9117,9815
51065,316488,17550,152327,11095,298938,18933,9118,9815
51070,316519,17551,152341,11096,298968,18933,9118,9815
51075,316550,17552,152353,11096,298998,18933,9118,9815
51080,316581,17553,152371,11096,299028,18933,9118,9815
51085,316612,17554,152386,11096,299057,18933,9118,9815
51090,316643,17556,152398,11097,299086,18934,9118,9816
51095,316674,17558,152413,11098,299116,18935,9119,9816
51100,316705,17559,152427,11098,299146,18936,9120,9816
51105,316736,17560,152440,11099,299176,18937,9120,9817
51110,316767,17561,152458,11100,299205,18938,9121,9817
51115,316798,17564,152475,11103,299234,18940,9122,9818
51120,316829,17564,152489,11103,299265,18941,9122,9819
51125,316860,17564,152506,11103,299296,18942,9122,9820
51130,316891,17564,152520,11103,299327,18943,9122,9821
51135,316922,17564,152537,11103,299358,18944,9123,9821
51140,316953,17564,152554,11103,299389,18944,9123,9821
51145,316984,17564,152569,11103,299420,18944,9123,9821
51150,317015,17564,152582,11103,299451,18944,9123,9821
51155,317046,17564,152597,11103,299482,18944,9123,9821
51160,317077,17564,152612,11103,299513,18944,9123,9821
51165,317108,17565,152624,11103,299543,18945,9124,9821
51170,317139,17566,152632,11104,299573,18946,9124,9822
51175,317170,17567,152645,11105,299603,18948,9124,9824
51180,317201,17569,152663,11107,299632,18950,9124,9826
51185,317232,17571,152676,11108,299661,18952,9124,9828
51190,317263,17573,152691,11109,299690,18954,9125,9829
51195,317294,17576,152711,11111,299718,18956,9125,9831
51200,317325,17578,152728,11111,299747,18958,9126,9832
51205,317356,17580,152740,11112,299776,18960,9127,9833
51210,317387,17582,152756,11113,299805,18962,9128,9834
51215,317418,17584,152768,11114,299834,18964,9128,9836
51220,317449,17586,152781,11116,299863,18967,9129,9838
51225,317480,17589,152792,11119,299890,18971,9130,9841
51230,317511,17593,152807,11123,299918,18975,9130,9845
51235,317542,17597,152824,11126,299944,18980,9131,9849
51240,317573,17600,152834,11128,299973,18985,9132,9853
51245,317604,17602,152848,11129,300002,18986,9132,9854
51250,317635,17605,152860,11131,300029,18987,9132,9855
51255,317666,17609,152875,11133,300057,18988,9133,9855
51260,317697,17612,152893,11135,300085,18989,9133,9856
51265,317728,17614,152911,11136,300113,18990,9133,9857
51270,317759,17617,152918,11137,300141,18991,9133,9858
51275,317790,17621,152932,11141,300168,18992,9133,9859
51280,317821,17625,152948,11143,300196,18993,9134,9859
51285,317852,17629,152960,11146,300223,18994,9134,9860
51290,317883,17632,152974,11148,300250,18995,9135,9860
51295,317914,17634,152987,11149,300279,18997,9137,9860
51300,317945,17637,153005,11151,300308,18999,9137,9862
51305,317976,17638,153015,11151,300338,19000,9137,9863
51310,318007,17639,153030,11152,300368,19001,9138,9863
51315,318038,17640,153042,11152,300398,19002,9139,9863
51320,318069,17641,153056,11152,300428,19003,9140,9863
51325,318100,17642,153070,11153,300458,19004,9141,9863
51330,318131,17643,153087,11153,300488,19005,9141,9864
51335,318162,17644,153097,11153,300518,19006,9141,9865
51340,318193,17645,153107,11154,300548,19007,9142,9865
51345,318224,17646,153119,11154,300578,19011,9146,9865
51350,318255,17647,153136,11154,300608,19016,9151,9865
51355,318286,17648,153153,11155,300638,19021,9155,9866
51360,318317,17649,153163,11155,300668,19025,9156,9869
51365,318348,17650,153182,11156,300698,19027,9158,9869
51370,318379,17652,153200,11157,300727,19030,9159,9871
51375,318410,17653,153214,11158,300757,19033,9161,9872
51380,318441,17654,153228,11159,300787,19036,9162,9874
51385,318472,17655,153241,11159,300817,19039,9163,9876
51390,318503,17657,153258,11160,300846,19042,9165,9877
51395,318534,17658,153268,11161,300876,19045,9166,9879
51400,318565,17660,153284,11161,300904,19047,9166,9881
51405,318596,17663,153300,11164,300933,19050,9168,9882
51410,318627,17668,153314,11168,300959,19053,9170,9883
51415,318658,17672,153334,11172,300985,19055,9171,9884
51420,318689,17675,153347,11174,301014,19057,9172,9885
51425,318720,17679,153364,11177,301041,19059,9173,9886
51430,318751,17682,153376,11178,301069,19061,9174,9887
51435,318782,17683,153388,11178,301099,19063,9175,9888
51440,318813,17684,153401,11178,301129,19065,9176,9889
51445,318844,17685,153418,11178,301159,19067,9177,9890
51450,318875,17686,153434,11179,301189,19068,9178,9890
51455,318906,17687,153451,11180,301219,19069,9178,9891
51460,318937,17688,153468,11181,301249,19070,9179,9891
51465,318968,17689,153481,11181,301279,19073,9180,9893
51470,318999,17690,153495,11182,301309,19076,9181,9895
51475,319030,17692,153508,11184,301338,19079,9181,9898
51480,319061,17693,153526,11185,301368,19082,9184,9898
51485,319092,17694,153545,11186,301397,19083,9184,9899
51490,319123,17696,153562,11187,301427,19084,9185,9899
51495,319154,17697,153580,11187,301456,19085,9186,9899
51500,319185,17699,153595,11189,301486,19087,9188,9899
51505,319216,17699,153612,11189,301517,19089,9188,9901
51510,319247,17699,153623,11189,301548,19091,9190,9901
51515,319278,17699,153635,11189,301579,19093,9190,9903
51520,319309,17699,153647,11189,301610,19095,9191,9904
51525,319340,17699,153666,11189,301641,19099,9194,9905
51530,319371,17700,153678,11190,301671,19103,9194,9909
51535,319402,17701,153688,11191,301701,19106,9195,9911
51540,319433,17702,153702,11192,301731,19109,9198,9911
51545,319464,17703,153721,11192,301761,19112,9199,9913
51550,319495,17704,153742,11193,301791,19115,9201,9914
51555,319526,17704,153755,11193,301822,19117,9203,9914
51560,319557,17704,153770,11193,301853,19119,9204,9915
51565,319588,17704,153791,11193,301884,19121,9205,9916
51570,319619,17704,153808,11193,301915,19123,9206,9917
51575,319650,17704,153824,11193,301946,19125,9207,9918
51580,319681,17704,153840,11193,301977,19127,9208,9919
51585,319712,17704,153854,11193,302008,19129,9209,9920
51590,319743,17706,153868,11194,302037,19132,9210,9922
51595,319774,17707,153884,11195,302067,19135,9211,9924
51600,319805,17709,153900,11197,302096,19138,9214,9924
51605,319836,17710,153918,11198,302126,19139,9215,9924
51610,319867,17711,153931,11199,302156,19140,9215,9925
51615,319898,17712,153939,11199,302186,19141,9215,9926
51620,319929,17713,153955,11199,302216,19142,9215,9927
51625,319960,17714,153970,11199,302246,19143,9216,9927
51630,319991,17715,153986,11200,302276,19144,9216,9928
51635,320022,17716,154007,11201,302306,19145,9217,9928
51640,320053,17717,154022,11201,302336,19146,9218,9928
51645,320084,17719,154039,11202,302365,19148,9218,9930
51650,320115,17721,154056,11203,302394,19150,9219,9931
51655,320146,17723,154071,11204,302423,19153,9221,9932
51660,320177,17725,154086,11204,302452,19156,9223,9933
51665,320208,17728,154102,11205,302480,19159,9224,9935
51670,320239,17730,154121,11207,302509,19162,9225,9937
51675,320270,17732,154135,11208,302538,19165,9225,9940
51680,320301,17734,154149,11208,302567,19168,9226,9942
51685,320332,17736,154168,11210,302596,19171,9227,9944
51690,320363,17739,154182,11213,302624,19174,9228,9946
51695,320394,17742,154202,11215,302652,19177,9231,9946
51700,320425,17745,154219,11217,302680,19180,9233,9947
51705,320456,17748,154239,11219,302707,19184,9237,9947
51710,320487,17753,154255,11222,302734,19189,9240,9949
51715,320518,17759,154279,11227,302758,19194,9244,9950
51720,320549,17763,154297,11230,302785,19198,9248,9950
51725,320580,17766,154311,11232,302814,19200,9249,9951
51730,320611,17768,154330,11233,302843,19202,9250,9952
51735,320642,17769,154345,11234,302873,19204,9252,9952
51740,320673,17771,154355,11235,302902,19206,9253,9953
51745,320704,17773,154366,11236,302931,19208,9253,9955
51750,320735,17773,154380,11236,302962,19209,9254,9955
51755,320766,17773,154393,11236,302993,19209,9254,9955
51760,320797,17773,154409,11236,303024,19209,9254,9955
51765,320828,17773,154424,11236,303055,19209,9254,9955
51770,320859,17773,154438,11236,303086,19209,9254,9955
51775,320890,17773,154450,11236,303117,19209,9254,9955
51780,320921,17773,154463,11236,303148,19209,9254,9955
51785,320952,17774,154482,11237,303177,19210,9255,9955
51790,320983,17776,154497,11239,303206,19211,9256,9955
51795,321014,17778,154507,11240,303236,19212,9256,9956
51800,321045,17779,154526,11241,303265,19213,9257,9956
51805,321076,17781,154543,11242,303295,19214,9258,9956
51810,321107,17782,154561,11243,303325,19215,9259,9956
51815,321138,17783,154574,11243,303355,19216,9260,9956
51820,321169,17784,154589,11244,303384,19217,9261,9956
51825,321200,17786,154603,11245,303414,19220,9263,9957
51830,321231,17788,154617,11246,303442,19223,9265,9958
51835,321262,17792,154629,11249,303469,19226,9265,9961
51840,321293,17795,154641,11251,303498,19229,9268,9961
51845,321324,17798,154651,11253,303526,19230,9269,9961
51850,321355,17801,154672,11255,303554,19231,9270,9961
51855,321386,17803,154689,11256,303583,19233,9271,9962
51860,321417,17805,154708,11258,303612,19235,9271,9964
51865,321448,17806,154720,11259,303642,19237,9271,9966
51870,321479,17807,154733,11259,303672,19239,9271,9968
51875,321510,17809,154751,11261,303701,19241,9272,9969
51880,321541,17809,154768,11261,303732,19243,9274,9969
51885,321572,17809,154780,11261,303763,19245,9276,9969
51890,321603,17809,154797,11261,303794,19248,9278,9970
51895,321634,17809,154814,11261,303825,19251,9280,9971
51900,321665,17809,154830,11261,303856,19253,9280,9973
51905,321696,17810,154850,11262,303886,19254,9281,9973
51910,321727,17811,154869,11262,303916,19255,9281,9974
51915,321758,17812,154885,11263,303946,19256,9282,9974
51920,321789,17813,154898,11263,303976,19257,9282,9975
51925,321820,17814,154916,11264,304006,19258,9283,9975
51930,321851,17815,154934,11265,304036,19259,9284,9975
51935,321882,17816,154952,11266,304066,19260,9284,9976
51940,321913,17817,154968,11266,304096,19261,9285,9976
51945,321944,17818,154982,11266,304125,19263,9286,9977
51950,321975,17822,154997,11270,304152,19266,9288,9978
51955,322006,17826,155018,11274,304179,19269,9290,9979
51960,322037,17830,155028,11277,304207,19272,9291,9981
51965,322068,17831,155043,11277,304237,19274,9291,9983
51970,322099,17832,155056,11278,304267,19276,9292,9984
51975,322130,17833,155073,11279,304297,19278,9294,9984
51980,322161,17834,155087,11279,304327,19280,9294,9986
51985,322192,17836,155103,11280,304356,19282,9296,9986
51990,322223,17838,155119,11282,304385,19284,9296,9988
51995,322254,17840,155136,11283,304414,19286,9296,9990
52000,322285,17842,155148,11285,304443,19288,9297,9991
52005,322316,17843,155165,11285,304473,19290,9299,9991
52010,322347,17845,155184,11286,304502,19292,9300,9992
52015,322378,17848,155196,11288,304530,19294,9301,9993
52020,322409,17848,155211,11288,304561,19296,9302,9994
52025,322440,17850,155228,11289,304590,19297,9302,9995
52030,322471,17851,155240,11289,304620,19297,9302,9995
52035,322502,17852,155251,11289,304650,19297,9302,9995
52040,322533,17854,155265,11290,304679,19297,9302,9995
52045,322564,17856,155282,11292,304708,19297,9302,9995
52050,322595,17858,155294,11293,304737,19297,9302,9995
52055,322626,17858,155307,11293,304768,19297,9302,9995
52060,322657,17858,155322,11293,304799,19297,9302,9995
52065,322688,17858,155337,11293,304830,19298,9302,9996
52070,322719,17860,155350,11294,304859,19301,9304,9997
52075,322750,17861,155367,11294,304889,19303,9304,9999
52080,322781,17862,155383,11294,304919,19305,9304,10001
52085,322812,17864,155398,11295,304948,19307,9304,10003
52090,322843,17865,155413,11296,304977,19308,9305,10003
52095,322874,17867,155430,11298,305007,19309,9306,10003
52100,322905,17868,155444,11299,305037,19310,9306,10004
52105,322936,17869,155459,11300,305066,19311,9306,10005
52110,322967,17871,155479,11302,305095,19312,9307,10005
52115,322998,17873,155494,11304,305124,19313,9308,10005
52120,323029,17875,155506,11305,305154,19314,9309,10005
52125,323060,17876,155521,11305,305184,19316,9310,10006
52130,323091,17877,155537,11305,305213,19319,9313,10006
52135,323122,17879,155552,11306,305243,19322,9313,10009
52140,323153,17880,155561,11306,305273,19325,9313,10012
52145,323184,17881,155575,11307,305303,19327,9314,10013
52150,323215,17882,155585,11307,305333,19329,9315,10014
52155,323246,17883,155601,11307,305363,19330,9315,10015
52160,323277,17884,155618,11307,305393,19331,9315,10016
52165,323308,17885,155634,11308,305423,19332,9316,10016
52170,323339,17886,155647,11309,305453,19333,9317,10016
52175,323370,17887,155660,11309,305483,19334,9317,10017
52180,323401,17888,155676,11310,305513,19335,9317,10018
52185,323432,17889,155692,11310,305543,19336,9317,10019
52190,323463,17892,155708,11311,305571,19339,9318,10021
52195,323494,17894,155725,11312,305600,19343,9320,10023
52200,323525,17898,155743,11315,305626,19347,9322,10025
52205,323556,17901,155756,11317,305654,19350,9324,10026
52210,323587,17904,155778,11319,305682,19352,9326,10026
52215,323618,17907,155793,11321,305711,19354,9327,10027
52220,323649,17909,155809,11322,305740,19356,9329,10027
52225,323680,17911,155826,11323,305769,19358,9331,10027
52230,323711,17913,155841,11324,305797,19359,9332,10027
52235,323742,17916,155856,11327,305826,19360,9332,10028
52240,323773,17918,155872,11327,305854,19361,9332,10029
52245,323804,17921,155890,11329,305882,19362,9332,10030
52250,323835,17924,155901,11331,305911,19363,9332,10031
52255,323866,17925,155917,11332,305941,19365,9332,10033
52260,323897,17926,155930,11332,305971,19367,9333,10034
52265,323928,17927,155946,11333,306001,19370,9334,10036
52270,323959,17929,155965,11335,306030,19373,9335,10038
52275,323990,17929,155980,11335,306061,19376,9336,10040
52280,324021,17929,155994,11335,306092,19379,9336,10043
52285,324052,17929,156008,11335,306123,19381,9336,10045
52290,324083,17929,156021,11335,306154,19383,9336,10047
52295,324114,17929,156033,11335,306185,19385,9336,10049
52300,324145,17929,156048,11335,306216,19386,9337,10049
52305,324176,17929,156063,11335,306247,19388,9339,10049
52310,324207,17931,156083,11337,306276,19390,9341,10049
52315,324238,17932,156100,11337,306306,19392,9342,10050
52320,324269,17933,156112,11338,306336,19394,9343,10051
52325,324300,17935,156127,11338,306365,19395,9344,10051
52330,324331,17937,156138,11340,306394,19396,9345,10051
52335,324362,17940,156150,11343,306422,19398,9346,10052
52340,324393,17943,156162,11344,306450,19400,9347,10053
52345,324424,17945,156180,11346,306479,19402,9348,10054
52350,324455,17947,156195,11348,306508,19404,9348,10056
52355,324486,17948,156210,11348,306538,19406,9350,10056
52360,324517,17949,156225,11348,306568,19408,9352,10056
52365,324548,17950,156238,11348,306598,19410,9352,10058
52370,324579,17951,156255,11349,306628,19412,9353,10059
52375,324610,17952,156267,11350,306658,19414,9353,10061
52380,324641,17953,156281,11351,306688,19416,9354,10062
52385,324672,17954,156296,11351,306718,19420,9355,10065
52390,324703,17956,156314,11353,306747,19423,9356,10067
52395,324734,17957,156328,11354,306777,19426,9358,10068
52400,324765,17958,156340,11355,306807,19430,9360,10070
52405,324796,17959,156356,11355,306837,19434,9362,10072
52410,324827,17960,156373,11356,306867,19438,9365,10073
52415,324858,17961,156391,11357,306897,19441,9367,10074
52420,324889,17962,156409,11358,306927,19443,9368,10075
52425,324920,17963,156419,11359,306957,19445,9368,10077
52430,324951,17965,156436,11360,306986,19447,9370,10077
52435,324982,17967,156447,11362,307015,19449,9371,10078
52440,325013,17970,156464,11364,307043,19451,9372,10079
52445,325044,17972,156480,11365,307071,19452,9373,10079
52450,325075,17977,156497,11370,307098,19453,9374,10079
52455,325106,17980,156516,11372,307126,19454,9375,10079
52460,325137,17982,156529,11373,307155,19455,9376,10079
52465,325168,17984,156546,11374,307184,19456,9377,10079
52470,325199,17987,156561,11376,307212,19457,9378,10079
52475,325230,17989,156575,11377,307241,19458,9378,10080
52480,325261,17990,156589,11378,307271,19459,9379,10080
52485,325292,17991,156606,11379,307301,19460,9379,10081
52490,325323,17992,156625,11380,307331,19462,9380,10082
52495,325354,17993,156641,11381,307361,19464,9381,10083
52500,325385,17994,156653,11381,307391,19466,9382,10084
52505,325416,17995,156666,11381,307421,19468,9382,10086
52510,325447,17996,156681,11382,307451,19470,9383,10087
52515,325478,17997,156695,11383,307481,19472,9384,10088
52520,325509,17998,156714,11384,307511,19474,9386,10088
52525,325540,17999,156726,11385,307541,19477,9386,10091
52530,325571,18000,156740,11385,307571,19479,9386,10093
52535,325602,18002,156757,11386,307600,19482,9388,10094
52540,325633,18003,156775,11386,307630,19485,9390,10095
52545,325664,18004,156791,11386,307660,19487,9391,10096
52550,325695,18007,156805,11389,307688,19490,9393,10097
52555,325726,18011,156818,11392,307714,19493,9394,10099
52560,325757,18013,156835,11393,307743,19496,9395,10101
52565,325788,18016,156849,11396,307772,19498,9395,10103
52570,325819,18017,156864,11396,307801,19500,9397,10103
52575,325850,18020,156877,11397,307830,19501,9397,10104
52580,325881,18023,156890,11399,307858,19502,9398,10104
52585,325912,18025,156907,11400,307886,19503,9398,10105
52590,325943,18029,156926,11404,307913,19504,9399,10105
52595,325974,18032,156946,11407,307942,19505,9399,10106
52600,326005,18033,156961,11408,307972,19506,9399,10107
52605,326036,18035,156979,11410,308000,19507,9400,10107
52610,326067,18038,156994,11412,308028,19508,9400,10108
52615,326098,18041,157009,11414,308056,19509,9401,10108
52620,326129,18043,157023,11415,308085,19510,9402,10108
52625,326160,18044,157037,11416,308116,19510,9402,10108
52630,326191,18044,157054,11416,308147,19510,9402,10108
52635,326222,18044,157070,11416,308178,19510,9402,10108
52640,326253,18044,157090,11416,308209,19510,9402,10108
52645,326284,18044,157106,11416,308240,19511,9402,10109
52650,326315,18044,157119,11416,308271,19513,9403,10110
52655,326346,18044,157137,11416,308302,19515,9404,10111
52660,326377,18044,157153,11416,308333,19517,9404,10113
52665,326408,18044,157165,11416,308364,19519,9404,10115
52670,326439,18045,157178,11417,308394,19523,9404,10119
52675,326470,18046,157190,11417,308424,19527,9407,10120
52680,326501,18048,157203,11418,308453,19530,9408,10122
52685,326532,18052,157219,11421,308480,19532,9408,10124
52690,326563,18057,157232,11424,308505,19534,9410,10124
52695,326594,18062,157248,11428,308532,19536,9411,10125
52700,326625,18064,157260,11428,308561,19538,9412,10126
52705,326656,18067,157270,11429,308589,19540,9413,10127
52710,326687,18069,157282,11430,308617,19542,9413,10129
52715,326718,18073,157299,11432,308645,19544,9415,10129
52720,326749,18075,157312,11433,308674,19546,9415,10131
52725,326780,18076,157326,11433,308703,19547,9416,10131
52730,326811,18078,157337,11434,308733,19548,9416,10132
52735,326842,18079,157353,11435,308762,19549,9416,10133
52740,326873,18081,157369,11436,308791,19550,9417,10133
52745,326904,18083,157381,11438,308821,19554,9417,10137
52750,326935,18084,157394,11439,308850,19556,9417,10139
52755,326966,18086,157411,11441,308879,19558,9418,10140
52760,326997,18088,157427,11443,308908,19560,9419,10141
52765,327028,18090,157447,11445,308937,19562,9419,10143
52770,327059,18092,157459,11447,308966,19564,9421,10143
52775,327090,18094,157473,11448,308995,19566,9423,10143
52780,327121,18096,157485,11449,309025,19568,9423,10145
52785,327152,18098,157499,11450,309054,19572,9424,10148
52790,327183,18098,157509,11450,309085,19576,9426,10150
52795,327214,18098,157523,11450,309116,19578,9427,10151
52800,327245,18099,157534,11450,309146,19579,9427,10152
52805,327276,18100,157544,11450,309176,19582,9428,10154
52810,327307,18101,157560,11450,309206,19585,9428,10157
52815,327338,18103,157575,11451,309235,19588,9430,10158
52820,327369,18105,157592,11453,309264,19591,9432,10159
52825,327400,18107,157607,11455,309293,19594,9435,10159
52830,327431,18110,157623,11456,309321,19597,9436,10161
52835,327462,18112,157634,11457,309350,19600,9437,10163
52840,327493,18115,157652,11459,309378,19603,9439,10164
52845,327524,18117,157664,11460,309407,19606,9440,10166
52850,327555,18119,157675,11462,309436,19610,9441,10169
52855,327586,18122,157690,11464,309464,19614,9444,10170
52860,327617,18125,157708,11466,309492,19618,9447,10171
52865,327648,18126,157726,11467,309522,19619,9447,10172
52870,327679,18127,157740,11467,309552,19620,9448,10172
52875,327710,18129,157754,11469,309581,19621,9448,10173
52880,327741,18131,157772,11471,309610,19622,9449,10173
52885,327772,18132,157786,11472,309640,19623,9450,10173
52890,327803,18133,157799,11473,309670,19624,9451,10173
52895,327834,18136,157815,11475,309698,19626,9451,10175
52900,327865,18140,157831,11477,309724,19630,9453,10177
52905,327896,18144,157848,11481,309751,19634,9456,10178
52910,327927,18149,157863,11484,309778,19638,9457,10181
52915,327958,18151,157877,11484,309806,19641,9458,10183
52920,327989,18153,157892,11486,309835,19641,9458,10183
52925,328020,18156,157913,11488,309863,19641,9458,10183
52930,328051,18159,157925,11490,309891,19641,9458,10183
52935,328082,18163,157938,11492,309918,19641,9458,10183
52940,328113,18165,157952,11493,309948,19641,9458,10183
52945,328144,18166,157967,11493,309978,19641,9458,10183
52950,328175,18167,157978,11494,310007,19641,9458,10183
52955,328206,18169,157993,11495,310036,19641,9458,10183
52960,328237,18171,158007,11497,310066,19641,9458,10183
52965,328268,18172,158027,11498,310095,19643,9460,10183
52970,328299,18174,158041,11499,310125,19646,9462,10184
52975,328330,18175,158058,11500,310155,19649,9464,10185
52980,328361,18176,158071,11501,310185,19652,9464,10188
52985,328392,18177,158087,11501,310215,19656,9466,10190
52990,328423,18178,158105,11502,310245,19660,9469,10191
52995,328454,18179,158116,11503,310275,19664,9470,10194
53000,328485,18180,158131,11504,310305,19668,9473,10195
53005,328516,18181,158148,11504,310335,19672,9474,10198
53010,328547,18182,158161,11505,310365,19674,9474,10200
53015,328578,18183,158179,11505,310395,19676,9475,10201
53020,328609,18184,158197,11506,310425,19679,9478,10201
53025,328640,18185,158210,11506,310455,19683,9480,10203
53030,328671,18186,158224,11506,310485,19687,9483,10204
53035,328702,18187,158237,11507,310515,19690,9484,10206
53040,328733,18188,158250,11508,310545,19693,9484,10209
53045,328764,18191,158264,11511,310573,19695,9485,10210
53050,328795,18195,158283,11514,310599,19696,9486,10210
53055,328826,18199,158294,11517,310627,19697,9486,10211
53060,328857,18203,158306,11519,310653,19698,9486,10212
53065,328888,18210,158323,11524,310677,19699,9486,10213
53070,328919,18214,158338,11527,310704,19700,9486,10214
53075,328950,18218,158355,11530,310731,19701,9486,10215
53080,328981,18221,158364,11532,310760,19702,9486,10216
53085,329012,18222,158384,11533,310790,19703,9486,10217
53090,329043,18223,158400,11533,310819,19705,9487,10218
53095,329074,18225,158415,11534,310848,19706,9488,10218
53100,329105,18227,158431,11535,310878,19707,9489,10218
53105,329136,18228,158446,11536,310908,19709,9489,10220
53110,329167,18229,158462,11537,310938,19711,9491,10220
53115,329198,18230,158481,11537,310967,19713,9493,10220
53120,329229,18232,158497,11539,310996,19715,9495,10220
53125,329260,18234,158510,11540,311026,19717,9495,10222
53130,329291,18235,158525,11541,311055,19719,9496,10223
53135,329322,18236,158539,11542,311086,19721,9497,10224
53140,329353,18236,158553,11542,311117,19723,9499,10224
53145,329384,18236,158568,11542,311148,19725,9500,10225
53150,329415,18236,158587,11542,311179,19729,9503,10226
53155,329446,18236,158605,11542,311210,19734,9506,10228
53160,329477,18236,158620,11542,311241,19739,9508,10231
53165,329508,18237,158634,11543,311271,19742,9509,10233
53170,329539,18239,158648,11544,311300,19744,9510,10234
53175,329570,18242,158661,11546,311328,19746,9510,10236
53180,329601,18244,158676,11548,311357,19748,9511,10237
53185,329632,18246,158692,11549,311386,19750,9513,10237
53190,329663,18248,158711,11551,311415,19752,9514,10238
53195,329694,18251,158726,11553,311443,19755,9516,10239
53200,329725,18253,158741,11554,311472,19758,9517,10241
53205,329756,18256,158754,11557,311500,19761,9518,10243
53210,329787,18258,158774,11559,311529,19765,9522,10243
53215,329818,18261,158785,11561,311557,19768,9523,10245
53220,329849,18263,158802,11562,311586,19771,9524,10247
53225,329880,18265,158819,11564,311615,19773,9525,10248
53230,329911,18267,158835,11565,311644,19775,9527,10248
53235,329942,18269,158849,11566,311673,19777,9528,10249
53240,329973,18272,158859,11568,311701,19779,9529,10250
53245,330004,18275,158873,11570,311729,19781,9531,10250
53250,330035,18278,158890,11572,311757,19783,9533,10250
53255,330066,18281,158907,11575,311785,19785,9535,10250
53260,330097,18284,158921,11577,311813,19787,9537,10250
53265,330128,18285,158934,11578,311843,19789,9538,10251
53270,330159,18287,158948,11579,311871,19790,9538,10252
53275,330190,18290,158968,11582,311899,19791,9539,10252
53280,330221,18292,158982,11583,311928,19793,9539,10254
53285,330252,18294,158994,11584,311958,19794,9540,10254
53290,330283,18295,159007,11585,311988,19795,9540,10255
53295,330314,18296,159017,11585,312017,19796,9540,10256
53300,330345,18299,159031,11588,312046,19797,9540,10257
53305,330376,18300,159045,11589,312075,19798,9540,10258
53310,330407,18302,159061,11590,312105,19799,9541,10258
53315,330438,18303,159075,11591,312134,19800,9542,10258
53320,330469,18304,159093,11592,312165,19801,9543,10258
53325,330500,18305,159109,11593,312195,19802,9544,10258
53330,330531,18307,159126,11594,312223,19803,9544,10259
53335,330562,18309,159138,11595,312253,19804,9545,10259
53340,330593,18311,159158,11597,312282,19805,9545,10260
53345,330624,18313,159173,11599,312310,19805,9545,10260
53350,330655,18315,159187,11600,312340,19805,9545,10260
53355,330686,18316,159205,11601,312369,19805,9545,10260
53360,330717,18318,159218,11603,312399,19805,9545,10260
53365,330748,18319,159231,11604,312428,19805,9545,10260
53370,330779,18320,159243,11605,312459,19806,9545,10261
53375,330810,18320,159255,11605,312490,19807,9546,10261
53380,330841,18320,159268,11605,312521,19808,9546,10262
53385,330872,18320,159287,11605,312552,19811,9548,10263
53390,330903,18321,159297,11605,312582,19814,9549,10265
53395,330934,18323,159310,11606,312611,19817,9550,10267
53400,330965,18324,159325,11607,312641,19819,9552,10267
53405,330996,18326,159339,11608,312670,19820,9552,10268
53410,331027,18328,159351,11610,312699,19821,9552,10269
53415,331058,18331,159367,11612,312727,19822,9552,10270
53420,331089,18333,159383,11613,312756,19823,9552,10271
53425,331120,18335,159400,11614,312785,19824,9552,10272
53430,331151,18337,159415,11615,312814,19825,9552,10273
53435,331182,18339,159434,11616,312843,19826,9552,10274
53440,331213,18341,159447,11618,312872,19827,9552,10275
53445,331244,18343,159464,11618,312901,19828,9553,10275
53450,331275,18345,159478,11619,312930,19829,9553,10276
53455,331306,18347,159492,11619,312959,19830,9553,10277
53460,331337,18350,159508,11621,312987,19831,9553,10278
53465,331368,18351,159523,11621,313017,19834,9554,10280
53470,331399,18351,159537,11621,313048,19836,9554,10282
53475,331430,18351,159551,11621,313079,19837,9555,10282
53480,331461,18351,159560,11621,313110,19838,9556,10282
53485,331492,18351,159573,11621,313141,19839,9557,10282
53490,331523,18351,159588,11621,313172,19840,9558,10282
53495,331554,18351,159607,11621,313203,19841,9559,10282
53500,331585,18351,159619,11621,313234,19842,9559,10283
53505,331616,18351,159631,11621,313265,19845,9560,10285
53510,331647,18353,159643,11623,313294,19848,9563,10285
53515,331678,18355,159661,11624,313323,19851,9565,10286
53520,331709,18356,159674,11625,313353,19854,9565,10289
53525,331740,18358,159689,11626,313382,19856,9566,10290
53530,331771,18360,159705,11628,313411,19858,9568,10290
53535,331802,18363,159722,11630,313439,19860,9569,10291
53540,331833,18366,159741,11632,313467,19863,9572,10291
53545,331864,18368,159758,11633,313496,19865,9573,10292
53550,331895,18370,159774,11634,313525,19866,9573,10293
53555,331926,18372,159790,11635,313554,19867,9574,10293
53560,331957,18375,159802,11638,313582,19868,9574,10294
53565,331988,18378,159820,11640,313610,19869,9575,10294
53570,332019,18382,159839,11643,313637,19871,9577,10294
53575,332050,18386,159858,11645,313663,19874,9580,10294
53580,332081,18391,159874,11648,313689,19877,9582,10295
53585,332112,18393,159888,11650,313719,19879,9582,10297
53590,332143,18394,159902,11651,313749,19881,9583,10298
53595,332174,18395,159918,11651,313779,19883,9584,10299
53600,332205,18396,159930,11651,313809,19885,9585,10300
53605,332236,18397,159941,11652,313839,19887,9586,10301
53610,332267,18398,159953,11652,313869,19889,9586,10303
53615,332298,18399,159967,11653,313899,19891,9588,10303
53620,332329,18401,159980,11654,313928,19892,9589,10303
53625,332360,18402,159996,11654,313958,19893,9590,10303
53630,332391,18403,160012,11655,313987,19894,9591,10303
53635,332422,18405,160026,11657,314016,19895,9591,10304
53640,332453,18407,160041,11658,314046,19896,9591,10305
53645,332484,18409,160060,11660,314075,19898,9592,10306
53650,332515,18410,160072,11661,314105,19900,9593,10307
53655,332546,18411,160089,11662,314135,19902,9594,10308
53660,332577,18412,160106,11662,314165,19904,9594,10310
53665,332608,18413,160123,11663,314195,19906,9596,10310
53670,332639,18414,160136,11663,314225,19908,9597,10311
53675,332670,18415,160148,11663,314255,19910,9599,10311
53680,332701,18416,160162,11663,314285,19912,9600,10312
53685,332732,18417,160178,11664,314315,19914,9602,10312
53690,332763,18420,160195,11666,314343,19919,9603,10316
53695,332794,18423,160213,11669,314371,19925,9606,10319
53700,332825,18425,160229,11669,314400,19930,9607,10323
53705,332856,18427,160243,11669,314428,19933,9608,10325
53710,332887,18430,160261,11672,314457,19936,9610,10326
53715,332918,18432,160274,11672,314485,19939,9611,10328
53720,332949,18435,160288,11674,314514,19941,9613,10328
53725,332980,18437,160299,11674,314543,19943,9614,10329
53730,333011,18439,160312,11675,314572,19945,9615,10330
53735,333042,18441,160327,11677,314600,19947,9616,10331
53740,333073,18445,160341,11679,314627,19949,9617,10332
53745,333104,18448,160358,11680,314656,19951,9619,10332
53750,333135,18451,160369,11682,314684,19953,9620,10333
53755,333166,18454,160386,11684,314711,19955,9621,10334
53760,333197,18458,160402,11686,314738,19957,9622,10335
53765,333228,18460,160415,11688,314768,19960,9623,10337
53770,333259,18461,160426,11689,314798,19962,9623,10339
53775,333290,18462,160447,11690,314828,19964,9624,10340
53780,333321,18463,160458,11690,314858,19966,9625,10341
53785,333352,18464,160473,11690,314888,19967,9625,10342
53790,333383,18465,160486,11690,314918,19968,9626,10342
53795,333414,18466,160503,11691,314948,19969,9626,10343
53800,333445,18467,160512,11692,314978,19971,9626,10345
53805,333476,18468,160527,11692,315008,19973,9628,10345
53810,333507,18469,160543,11693,315038,19975,9629,10346
53815,333538,18470,160558,11694,315068,19977,9629,10348
53820,333569,18471,160576,11695,315098,19979,9630,10349
53825,333600,18473,160590,11696,315127,19979,9630,10349
53830,333631,18474,160604,11697,315157,19979,9630,10349
53835,333662,18475,160622,11698,315187,19979,9630,10349
53840,333693,18477,160643,11699,315216,19979,9630,10349
53845,333724,18478,160654,11700,315246,19979,9630,10349
53850,333755,18479,160667,11700,315276,19979,9630,10349
53855,333786,18480,160685,11701,315306,19979,9630,10349
53860,333817,18481,160699,11702,315336,19979,9630,10349
53865,333848,18482,160709,11702,315366,19980,9631,10349
53870,333879,18484,160725,11704,315394,19983,9633,10350
53875,333910,18491,160739,11708,315419,19987,9635,10352
53880,333941,18494,160752,11709,315447,19991,9637,10354
53885,333972,18496,160768,11710,315476,19994,9639,10355
53890,334003,18498,160785,11710,315505,19997,9641,10356
53895,334034,18500,160803,11712,315534,20000,9643,10357
53900,334065,18502,160818,11713,315562,20003,9644,10359
53905,334096,18505,160830,11715,315591,20006,9645,10361
53910,334127,18507,160841,11715,315620,20009,9647,10362
53915,334158,18509,160857,11716,315649,20011,9648,10363
53920,334189,18511,160877,11717,315678,20013,9649,10364
53925,334220,18513,160893,11718,315707,20016,9649,10367
53930,334251,18515,160906,11719,315736,20019,9651,10368
53935,334282,18517,160920,11719,315765,20022,9654,10368
53940,334313,18519,160934,11720,315794,20025,9655,10370
53945,334344,18520,160945,11721,315824,20028,9657,10371
53950,334375,18522,160960,11723,315853,20031,9658,10373
53955,334406,18523,160969,11724,315883,20032,9658,10374
53960,334437,18525,160986,11726,315912,20033,9658,10375
53965,334468,18527,161003,11728,315941,20034,9658,10376
53970,334499,18529,161017,11729,315970,20035,9659,10376
53975,334530,18529,161032,11729,316001,20036,9659,10377
53980,334561,18529,161049,11729,316032,20037,9659,10378
53985,334592,18530,161067,11729,316061,20038,9660,10378
53990,334623,18532,161080,11730,316090,20039,9661,10378
53995,334654,18535,161095,11732,316119,20041,9662,10379
54000,334685,18536,161110,11732,316148,20043,9663,10380
54005,334716,18539,161125,11734,316177,20046,9664,10382
54010,334747,18542,161141,11736,316205,20049,9665,10384
54015,334778,18544,161154,11737,316234,20050,9666,10384
54020,334809,18546,161166,11738,316263,20051,9666,10385
54025,334840,18548,161179,11740,316292,20052,9666,10386
54030,334871,18551,161191,11742,316320,20053,9666,10387
54035,334902,18553,161202,11743,316349,20054,9666,10388
54040,334933,18556,161222,11745,316377,20055,9667,10388
54045,334964,18558,161239,11745,316406,20057,9669,10388
54050,334995,18560,161249,11746,316435,20060,9670,10390
54055,335026,18562,161266,11748,316464,20064,9673,10391
54060,335057,18564,161284,11750,316493,20068,9674,10394
54065,335088,18565,161297,11751,316523,20070,9675,10395
54070,335119,18566,161310,11751,316553,20072,9676,10396
54075,335150,18567,161326,11752,316583,20074,9676,10398
54080,335181,18569,161346,11754,316612,20076,9678,10398
54085,335212,18570,161367,11754,316642,20078,9680,10398
54090,335243,18572,161385,11755,316671,20080,9681,10399
54095,335274,18574,161398,11756,316700,20082,9682,10400
54100,335305,18574,161415,11756,316731,20084,9682,10402
54105,335336,18574,161429,11756,316762,20086,9683,10403
54110,335367,18576,161445,11757,316791,20088,9685,10403
54115,335398,18577,161459,11758,316821,20090,9687,10403
54120,335429,18579,161473,11759,316850,20094,9690,10404
54125,335460,18581,161484,11759,316879,20095,9690,10405
54130,335491,18582,161500,11760,316908,20095,9690,10405
54135,335522,18584,161513,11761,316937,20095,9690,10405
54140,335553,18586,161526,11762,316967,20095,9690,10405
54145,335584,18587,161538,11763,316996,20095,9690,10405
54150,335615,18588,161550,11764,317027,20095,9690,10405
54155,335646,18588,161564,11764,317058,20095,9690,10405
54160,335677,18588,161581,11764,317089,20095,9690,10405
54165,335708,18588,161595,11764,317120,20095,9690,10405
54170,335739,18588,161611,11764,317151,20096,9690,10406
54175,335770,18588,161630,11764,317182,20097,9691,10406
54180,335801,18588,161648,11764,317213,20098,9692,10406
54185,335832,18588,161661,11764,317244,20098,9692,10406
54190,335863,18588,161679,11764,317275,20098,9692,10406
54195,335894,18588,161697,11764,317306,20098,9692,10406
54200,335925,18588,161710,11764,317337,20098,9692,10406
54205,335956,18588,161724,11764,317368,20098,9692,10406
54210,335987,18588,161740,11764,317399,20098,9692,10406
54215,336018,18588,161756,11764,317430,20098,9692,10406
54220,336049,18588,161769,11764,317461,20098,9692,10406
54225,336080,18588,161786,11764,317492,20098,9692,10406
54230,336111,18589,161802,11765,317522,20100,9693,10407
54235,336142,18593,161820,11767,317548,20102,9694,10408
54240,336173,18598,161836,11771,317575,20104,9696,10408
54245,336204,18599,161850,11771,317604,20108,9697,10411
54250,336235,18601,161867,11772,317634,20110,9697,10413
54255,336266,18602,161879,11772,317664,20111,9698,10413
54260,336297,18603,161893,11772,317694,20112,9698,10414
54265,336328,18604,161912,11773,317723,20113,9698,10415
54270,336359,18606,161923,11775,317752,20114,9699,10415
54275,336390,18608,161938,11777,317782,20115,9699,10416
54280,336421,18608,161951,11777,317813,20116,9699,10417
54285,336452,18608,161961,11777,317844,20117,9699,10418
54290,336483,18608,161977,11777,317875,20119,9701,10418
54295,336514,18608,161990,11777,317906,20121,9702,10419
54300,336545,18608,162000,11777,317937,20123,9703,10420
54305,336576,18608,162019,11777,317968,20125,9704,10421
54310,336607,18608,162036,11777,317999,20127,9706,10421
54315,336638,18608,162055,11777,318030,20129,9707,10422
54320,336669,18608,162077,11777,318061,20131,9707,10424
54325,336700,18608,162092,11777,318092,20133,9708,10425
54330,336731,18608,162106,11777,318123,20135,9708,10427
54335,336762,18608,162120,11777,318154,20137,9710,10427
54340,336793,18608,162130,11777,318185,20139,9710,10429
54345,336824,18608,162146,11777,318216,20141,9711,10430
54350,336855,18610,162154,11778,318245,20145,9712,10433
54355,336886,18614,162167,11782,318272,20149,9713,10436
54360,336917,18616,162177,11784,318301,20153,9714,10439
54365,336948,18620,162197,11787,318328,20155,9716,10439
54370,336979,18624,162210,11790,318354,20157,9717,10440
54375,337010,18629,162223,11793,318381,20159,9717,10442
54380,337041,18632,162238,11796,318408,20162,9717,10445
54385,337072,18635,162254,11797,318437,20165,9719,10446
54390,337103,18637,162272,11799,318465,20167,9719,10448
54395,337134,18640,162286,11802,318493,20170,9719,10451
54400,337165,18643,162301,11803,318521,20173,9720,10453
54405,337196,18646,162316,11805,318550,20176,9723,10453
54410,337227,18648,162330,11805,318579,20179,9726,10453
54415,337258,18650,162346,11806,318608,20181,9727,10454
54420,337289,18653,162361,11808,318636,20183,9727,10456
54425,337320,18655,162376,11808,318664,20185,9728,10457
54430,337351,18658,162391,11810,318693,20187,9730,10457
54435,337382,18661,162403,11812,318720,20189,9730,10459
54440,337413,18664,162420,11814,318748,20191,9732,10459
54445,337444,18668,162431,11817,318776,20193,9732,10461
54450,337475,18670,162444,11817,318804,20194,9732,10462
54455,337506,18672,162457,11819,318834,20195,9733,10462
54460,337537,18673,162476,11820,318864,20196,9734,10462
54465,337568,18674,162494,11821,318893,20197,9734,10463
54470,337599,18675,162508,11822,318924,20201,9738,10463
54475,337630,18675,162524,11822,318955,20205,9740,10465
54480,337661,18675,162537,11822,318986,20206,9741,10465
54485,337692,18676,162554,11823,319016,20207,9742,10465
54490,337723,18677,162567,11823,319046,20208,9742,10466
54495,337754,18678,162583,11824,319076,20209,9742,10467
54500,337785,18679,162591,11824,319106,20210,9742,10468
54505,337816,18680,162607,11825,319136,20211,9742,10469
54510,337847,18682,162620,11827,319165,20212,9742,10470
54515,337878,18683,162634,11828,319195,20213,9743,10470
54520,337909,18685,162647,11829,319224,20215,9744,10471
54525,337940,18687,162661,11831,319253,20217,9744,10473
54530,337971,18689,162674,11832,319282,20219,9746,10473
54535,338002,18691,162688,11833,319311,20221,9747,10474
54540,338033,18692,162704,11834,319341,20223,9748,10475
54545,338064,18694,162721,11836,319370,20226,9750,10476
54550,338095,18695,162733,11836,319400,20230,9752,10478
54555,338126,18696,162749,11837,319430,20234,9755,10479
54560,338157,18697,162765,11837,319460,20236,9756,10480
54565,338188,18698,162780,11838,319490,20237,9756,10481
54570,338219,18699,162793,11839,319520,20238,9756,10482
54575,338250,18701,162805,11839,319549,20239,9757,10482
54580,338281,18703,162821,11840,319578,20241,9757,10484
54585,338312,18706,162842,11843,319606,20242,9758,10484
54590,338343,18710,162856,11845,319633,20243,9758,10485
54595,338374,18714,162870,11848,319660,20244,9759,10485
54600,338405,18718,162885,11850,319687,20244,9759,10485
54605,338436,18720,162896,11850,319716,20246,9759,10487
54610,338467,18722,162914,11852,319744,20248,9759,10489
54615,338498,18725,162925,11855,319773,20249,9759,10490
54620,338529,18727,162939,11857,319802,20250,9759,10491
54625,338560,18729,162955,11859,319830,20251,9760,10491
54630,338591,18732,162970,11860,319858,20252,9760,10492
54635,338622,18735,162986,11863,319886,20253,9761,10492
54640,338653,18738,163004,11864,319915,20254,9762,10492
54645,338684,18740,163021,11866,319943,20255,9763,10492
54650,338715,18743,163039,11868,319972,20256,9764,10492
54655,338746,18745,163059,11869,320001,20257,9764,10493
54660,338777,18747,163076,11871,320030,20259,9764,10495
54665,338808,18749,163092,11872,320059,20263,9767,10496
54670,338839,18752,163106,11873,320087,20267,9770,10497
54675,338870,18754,163122,11874,320116,20271,9773,10498
54680,338901,18756,163139,11875,320145,20275,9774,10501
54685,338932,18758,163150,11875,320174,20279,9776,10503
54690,338963,18761,163167,11877,320202,20283,9780,10503
54695,338994,18764,163181,11880,320230,20285,9780,10505
54700,339025,18765,163200,11881,320259,20288,9781,10507
54705,339056,18768,163221,11884,320288,20291,9783,10508
54710,339087,18769,163234,11884,320318,20294,9786,10508
54715,339118,18770,163248,11885,320348,20298,9788,10510
54720,339149,18771,163266,11886,320378,20302,9791,10511
54725,339180,18771,163284,11886,320409,20303,9791,10512
54730,339211,18771,163299,11886,320440,20304,9792,10512
54735,339242,18771,163314,11886,320471,20305,9792,10513
54740,339273,18771,163328,11886,320502,20306,9792,10514
54745,339304,18771,163348,11886,320533,20307,9792,10515
54750,339335,18771,163361,11886,320564,20308,9793,10515
54755,339366,18771,163378,11886,320595,20309,9794,10515
54760,339397,18771,163393,11886,320626,20310,9795,10515
54765,339428,18771,163405,11886,320657,20311,9795,10516
54770,339459,18773,163420,11888,320685,20312,9795,10517
54775,339490,18775,163432,11890,320714,20313,9795,10518
54780,339521,18777,163446,11892,320744,20314,9795,10519
54785,339552,18779,163458,11892,320773,20316,9796,10520
54790,339583,18781,163473,11893,320801,20318,9797,10521
54795,339614,18784,163492,11896,320829,20320,9798,10522
54800,339645,18787,163511,11898,320858,20322,9800,10522
54805,339676,18789,163524,11899,320887,20323,9801,10522
54810,339707,18791,163538,11899,320916,20324,9802,10522
54815,339738,18793,163555,11899,320945,20325,9803,10522
54820,339769,18795,163567,11899,320974,20326,9804,10522
54825,339800,18797,163579,11900,321003,20327,9804,10523
54830,339831,18801,163596,11902,321030,20328,9805,10523
54835,339862,18805,163611,11904,321057,20329,9805,10524
54840,339893,18808,163626,11904,321084,20330,9806,10524
54845,339924,18811,163641,11905,321113,20332,9808,10524
54850,339955,18813,163653,11905,321142,20333,9809,10524
54855,339986,18815,163669,11906,321171,20334,9810,10524
54860,340017,18817,163685,11906,321200,20335,9811,10524
54865,340048,18819,163699,11907,321229,20336,9812,10524
54870,340079,18821,163710,11908,321258,20337,9812,10525
54875,340110,18823,163726,11910,321287,20338,9812,10526
54880,340141,18825,163737,11912,321316,20339,9812,10527
54885,340172,18827,163750,11912,321345,20340,9813,10527
54890,340203,18830,163765,11914,321373,20341,9813,10528
54895,340234,18831,163778,11914,321403,20342,9813,10529
54900,340265,18832,163796,11914,321433,20343,9814,10529
54905,340296,18833,163811,11915,321463,20345,9816,10529
54910,340327,18834,163825,11916,321493,20346,9816,10530
54915,340358,18835,163840,11916,321523,20347,9817,10530
54920,340389,18836,163853,11917,321553,20348,9818,10530
54925,340420,18837,163866,11917,321583,20349,9818,10531
54930,340451,18838,163882,11917,321613,20350,9818,10532
54935,340482,18839,163896,11918,321643,20351,9819,10532
54940,340513,18840,163919,11918,321673,20352,9820,10532
54945,340544,18841,163934,11918,321703,20353,9820,10533
54950,340575,18843,163946,11920,321732,20358,9823,10535
54955,340606,18847,163961,11923,321759,20363,9825,10538
54960,340637,18849,163976,11924,321787,20368,9828,10540
54965,340668,18852,163990,11926,321816,20370,9829,10541
54970,340699,18854,164002,11927,321844,20372,9829,10543
54975,340730,18857,164016,11930,321872,20373,9829,10544
54980,340761,18859,164030,11931,321902,20374,9829,10545
54985,340792,18860,164045,11931,321931,20375,9830,10545
54990,340823,18861,164059,11932,321962,20376,9831,10545
54995,340854,18861,164068,11932,321993,20377,9832,10545
55000,340885,18861,164084,11932,322024,20378,9833,10545
55005,340916,18861,164101,11932,322055,20379,9833,10546
55010,340947,18861,164117,11932,322086,20381,9834,10547
55015,340978,18861,164129,11932,322117,20383,9836,10547
55020,341009,18861,164147,11932,322148,20385,9837,10548
55025,341040,18861,164156,11932,322179,20386,9838,10548
55030,341071,18861,164173,11932,322210,20387,9839,10548
55035,341102,18861,164189,11932,322241,20388,9840,10548
55040,341133,18861,164209,11932,322272,20388,9840,10548
55045,341164,18861,164225,11932,322303,20388,9840,10548
55050,341195,18861,164240,11932,322334,20388,9840,10548
55055,341226,18861,164253,11932,322365,20388,9840,10548
55060,341257,18861,164274,11932,322396,20388,9840,10548
55065,341288,18861,164286,11932,322427,20389,9840,10549
55070,341319,18861,164302,11932,322458,20391,9841,10550
55075,341350,18862,164316,11933,322487,20395,9842,10553
55080,341381,18866,164329,11936,322515,20398,9843,10555
55085,341412,18870,164342,11938,322542,20401,9843,10558
55090,341443,18875,164358,11942,322568,20404,9844,10560
55095,341474,18879,164373,11944,322595,20407,9844,10563
55100,341505,18882,164384,11946,322623,20409,9845,10564
55105,341536,18887,164400,11949,322649,20411,9847,10564
55110,341567,18890,164411,11949,322677,20413,9847,10566
55115,341598,18894,164428,11951,322704,20415,9849,10566
55120,341629,18898,164443,11955,322731,20417,9850,10567
55125,341660,18902,164460,11959,322758,20419,9851,10568
55130,341691,18907,164477,11964,322784,20421,9852,10569
55135,341722,18910,164495,11967,322812,20423,9853,10570
55140,341753,18912,164511,11968,322841,20424,9854,10570
55145,341784,18914,164525,11970,322870,20425,9854,10571
55150,341815,18915,164540,11971,322900,20426,9854,10572
55155,341846,18916,164551,11971,322930,20427,9854,10573
55160,341877,18917,164570,11971,322960,20428,9855,10573
55165,341908,18918,164585,11971,322990,20429,9856,10573
55170,341939,18919,164604,11972,323020,20430,9856,10574
55175,341970,18920,164621,11973,323050,20431,9856,10575
55180,342001,18921,164639,11974,323080,20432,9856,10576
55185,342032,18922,164657,11974,323110,20434,9857,10577
55190,342063,18924,164671,11976,323139,20438,9860,10578
55195,342094,18927,164685,11979,323166,20442,9861,10581
55200,342125,18929,164700,11980,323196,20445,9864,10581
55205,342156,18931,164712,11980,323225,20446,9865,10581
55210,342187,18933,164730,11981,323254,20447,9866,10581
55215,342218,18935,164742,11982,323282,20448,9866,10582
55220,342249,18938,164757,11984,323310,20449,9866,10583
55225,342280,18941,164772,11986,323339,20450,9867,10583
55230,342311,18943,164785,11986,323368,20451,9867,10584
55235,342342,18945,164801,11988,323397,20452,9868,10584
55240,342373,18947,164817,11990,323425,20454,9869,10585
55245,342404,18949,164832,11992,323455,20456,9870,10586
55250,342435,18950,164844,11993,323485,20458,9870,10588
55255,342466,18952,164862,11994,323514,20460,9872,10588
55260,342497,18953,164874,11994,323544,20462,9872,10590
55265,342528,18954,164884,11995,323574,20463,9872,10591
55270,342559,18955,164904,11996,323604,20464,9873,10591
55275,342590,18955,164920,11996,323635,20465,9874,10591
55280,342621,18955,164933,11996,323666,20466,9875,10591
55285,342652,18955,164952,11996,323697,20467,9876,10591
55290,342683,18955,164968,11996,323728,20468,9876,10592
55295,342714,18955,164977,11996,323759,20469,9876,10593
55300,342745,18955,164995,11996,323790,20469,9876,10593
55305,342776,18955,165016,11996,323821,20472,9879,10593
55310,342807,18956,165032,11997,323850,20474,9881,10593
55315,342838,18959,165051,12000,323878,20476,9882,10594
55320,342869,18961,165065,12001,323907,20476,9882,10594
55325,342900,18964,165075,12002,323936,20477,9882,10595
55330,342931,18966,165085,12003,323965,20478,9883,10595
55335,342962,18968,165101,12005,323994,20479,9884,10595
55340,342993,18970,165117,12005,324023,20480,9884,10596
55345,343024,18972,165128,12006,324052,20481,9884,10597
55350,343055,18975,165143,12009,324080,20482,9885,10597
55355,343086,18978,165159,12011,324108,20483,9886,10597
55360,343117,18981,165177,12014,324136,20484,9887,10597
55365,343148,18984,165190,12014,324164,20485,9887,10598
55370,343179,18987,165201,12014,324192,20486,9887,10599
55375,343210,18990,165217,12014,324220,20487,9887,10600
55380,343241,18993,165233,12015,324248,20488,9888,10600
55385,343272,18996,165249,12018,324276,20489,9889,10600
55390,343303,18999,165269,12020,324304,20490,9889,10601
55395,343334,19002,165279,12020,324332,20491,9890,10601
55400,343365,19005,165295,12022,324360,20492,9890,10602
55405,343396,19008,165312,12024,324388,20495,9891,10604
55410,343427,19011,165326,12025,324416,20498,9893,10605
55415,343458,19014,165340,12027,324444,20501,9893,10608
55420,343489,19017,165356,12029,324472,20504,9894,10610
55425,343520,19021,165370,12033,324499,20508,9896,10612
55430,343551,19028,165384,12039,324523,20514,9897,10617
55435,343582,19030,165397,12041,324552,20520,9899,10621
55440,343613,19031,165410,12041,324581,20523,9900,10623
55445,343644,19033,165423,12042,324611,20525,9901,10624
55450,343675,19034,165440,12042,324641,20526,9902,10624
55455,343706,19035,165452,12043,324670,20527,9902,10625
55460,343737,19036,165466,12044,324701,20528,9902,10626
55465,343768,19036,165483,12044,324732,20529,9903,10626
55470,343799,19036,165499,12044,324763,20530,9904,10626
55475,343830,19036,165513,12044,324794,20531,9904,10627
55480,343861,19036,165536,12044,324825,20532,9905,10627
55485,343892,19036,165551,12044,324856,20533,9905,10628
55490,343923,19036,165567,12044,324887,20534,9905,10629
55495,343954,19036,165576,12044,324918,20535,9905,10630
55500,343985,19036,165589,12044,324949,20536,9905,10631
55505,344016,19036,165606,12044,324980,20537,9905,10632
55510,344047,19036,165621,12044,325011,20538,9906,10632
55515,344078,19036,165629,12044,325042,20539,9906,10633
55520,344109,19036,165645,12044,325073,20540,9907,10633
55525,344140,19036,165658,12044,325104,20541,9907,10634
55530,344171,19036,165676,12044,325135,20542,9907,10635
55535,344202,19036,165692,12044,325166,20543,9908,10635
55540,344233,19037,165712,12044,325196,20545,9910,10635
55545,344264,19039,165724,12046,325224,20548,9910,10638
55550,344295,19043,165739,12049,325252,20553,9910,10643
55555,344326,19046,165754,12051,325280,20559,9912,10647
55560,344357,19049,165766,12053,325308,20563,9913,10650
55565,344388,19053,165784,12056,325335,20565,9914,10651
55570,344419,19056,165797,12058,325362,20567,9914,10653
55575,344450,19060,165809,12061,325389,20569,9915,10654
55580,344481,19064,165824,12062,325416,20571,9917,10654
55585,344512,19068,165835,12065,325444,20573,9917,10656
55590,344543,19070,165850,12065,325472,20575,9919,10656
55595,344574,19073,165861,12067,325501,20577,9921,10656
55600,344605,19074,165880,12068,325531,20579,9923,10656
55605,344636,19075,165889,12068,325561,20581,9923,10658
55610,344667,19076,165903,12069,325591,20583,9923,10660
55615,344698,19077,165920,12070,325621,20584,9923,10661
55620,344729,19078,165932,12070,325651,20585,9923,10662
55625,344760,19079,165949,12071,325681,20587,9924,10663
55630,344791,19080,165968,12071,325711,20589,9925,10664
55635,344822,19082,165981,12073,325740,20590,9926,10664
55640,344853,19083,165994,12074,325770,20591,9926,10665
55645,344884,19085,166009,12075,325799,20592,9927,10665
55650,344915,19086,166021,12075,325829,20593,9927,10666
55655,344946,19088,166036,12076,325858,20594,9928,10666
55660,344977,19088,166050,12076,325889,20596,9929,10667
55665,345008,19088,166062,12076,325920,20600,9930,10670
55670,345039,19088,166081,12076,325951,20605,9931,10674
55675,345070,19088,166093,12076,325982,20609,9931,10678
55680,345101,19088,166114,12076,326013,20612,9932,10680
55685,345132,19089,166130,12076,326043,20613,9932,10681
55690,345163,19090,166152,12077,326073,20614,9933,10681
55695,345194,19092,166169,12078,326102,20615,9933,10682
55700,345225,19094,166183,12080,326131,20616,9934,10682
55705,345256,19096,166197,12081,326160,20617,9935,10682
55710,345287,19098,166212,12081,326188,20618,9935,10683
55715,345318,19101,166228,12083,326217,20619,9936,10683
55720,345349,19104,166240,12084,326245,20621,9937,10684
55725,345380,19106,166253,12084,326273,20623,9937,10686
55730,345411,19109,166270,12086,326302,20625,9938,10687
55735,345442,19112,166278,12087,326330,20628,9938,10690
55740,345473,19115,166286,12090,326358,20631,9939,10692
55745,345504,19117,166299,12091,326386,20633,9940,10693
55750,345535,19121,166314,12093,326414,20635,9941,10694
55755,345566,19123,166329,12094,326443,20637,9941,10696
55760,345597,19125,166341,12094,326471,20639,9942,10697
55765,345628,19127,166357,12095,326500,20641,9942,10699
55770,345659,19129,166374,12097,326530,20642,9943,10699
55775,345690,19130,166396,12098,326559,20643,9944,10699
55780,345721,19132,166410,12100,326588,20645,9945,10700
55785,345752,19134,166423,12102,326618,20647,9947,10700
55790,345783,19136,166440,12104,326647,20650,9949,10701
55795,345814,19138,166455,12105,326676,20655,9953,10702
55800,345845,19141,166474,12107,326703,20659,9954,10705
55805,345876,19144,166482,12110,326732,20661,9955,10706
55810,345907,19147,166498,12111,326760,20661,9955,10706
55815,345938,19148,166512,12111,326790,20661,9955,10706
55820,345969,19149,166522,12111,326820,20661,9955,10706
55825,346000,19150,166537,12112,326850,20661,9955,10706
55830,346031,19151,166550,12112,326880,20661,9955,10706
55835,346062,19152,166564,12113,326910,20661,9955,10706
55840,346093,19153,166575,12113,326940,20661,9955,10706
55845,346124,19154,166594,12113,326970,20661,9955,10706
55850,346155,19155,166613,12113,327000,20662,9955,10707
55855,346186,19156,166624,12113,327030,20663,9956,10707
55860,346217,19157,166636,12114,327060,20664,9956,10708
55865,346248,19158,166649,12115,327090,20668,9959,10709
55870,346279,19159,166667,12116,327120,20672,9963,10709
55875,346310,19160,166684,12116,327150,20675,9964,10711
55880,346341,19161,166699,12117,327180,20678,9966,10712
55885,346372,19162,166714,12118,327210,20681,9968,10713
55890,346403,19163,166729,12118,327240,20684,9970,10714
55895,346434,19164,166747,12119,327270,20686,9971,10715
55900,346465,19165,166766,12119,327300,20688,9972,10716
55905,346496,19166,166779,12120,327330,20690,9973,10717
55910,346527,19168,166793,12121,327359,20692,9974,10718
55915,346558,19170,166804,12122,327388,20695,9974,10721
55920,346589,19175,166822,12126,327413,20697,9975,10722
55925,346620,19178,166841,12128,327442,20699,9976,10723
55930,346651,19179,166855,12128,327472,20701,9976,10725
55935,346682,19180,166871,12128,327502,20702,9976,10726
55940,346713,19181,166889,12128,327532,20703,9976,10727
55945,346744,19182,166906,12129,327562,20704,9976,10728
55950,346775,19183,166923,12129,327592,20705,9977,10728
55955,346806,19184,166934,12130,327622,20706,9977,10729
55960,346837,19185,166951,12130,327652,20707,9978,10729
55965,346868,19186,166965,12131,327682,20708,9979,10729
55970,346899,19187,166982,12131,327712,20709,9979,10730
55975,346930,19188,166999,12132,327742,20711,9980,10731
55980,346961,19189,167011,12133,327772,20713,9980,10733
55985,346992,19192,167019,12135,327800,20715,9981,10734
55990,347023,19195,167034,12137,327828,20717,9982,10735
55995,347054,19198,167051,12140,327856,20720,9983,10737
56000,347085,19199,167068,12140,327886,20722,9983,10739
56005,347116,19200,167081,12140,327916,20724,9984,10740
56010,347147,19201,167098,12140,327946,20726,9985,10741
56015,347178,19202,167115,12140,327976,20728,9986,10742
56020,347209,19203,167128,12141,328006,20730,9987,10743
56025,347240,19204,167142,12142,328036,20732,9987,10745
56030,347271,19206,167151,12143,328065,20734,9987,10747
56035,347302,19208,167164,12145,328094,20737,9987,10750
56040,347333,19209,167178,12145,328124,20740,9988,10752
56045,347364,19211,167190,12146,328153,20742,9990,10752
56050,347395,19215,167206,12149,328180,20744,9990,10754
56055,347426,19219,167225,12152,328206,20746,9992,10754
56060,347457,19224,167246,12156,328232,20747,9993,10754
56065,347488,19229,167259,12159,328258,20748,9994,10754
56070,347519,19233,167270,12162,328285,20749,9994,10755
56075,347550,19236,167281,12163,328314,20750,9995,10755
56080,347581,19237,167297,12163,328343,20751,9996,10755
56085,347612,19239,167314,12164,328372,20752,9997,10755
56090,347643,19241,167332,12166,328402,20752,9997,10755
56095,347674,19241,167344,12166,328433,20752,9997,10755
56100,347705,19241,167355,12166,328464,20753,9997,10756
56105,347736,19241,167364,12166,328495,20754,9997,10757
56110,347767,19241,167380,12166,328526,20755,9998,10757
56115,347798,19241,167397,12166,328557,20756,9998,10758
56120,347829,19241,167409,12166,328588,20757,9998,10759
56125,347860,19241,167423,12166,328619,20758,9998,10760
56130,347891,19241,167441,12166,328650,20759,9998,10761
56135,347922,19241,167460,12166,328681,20760,9999,10761
56140,347953,19241,167477,12166,328712,20761,9999,10762
56145,347984,19242,167490,12167,328742,20762,9999,10763
56150,348015,19243,167507,12168,328772,20765,9999,10766
56155,348046,19244,167520,12169,328802,20769,10000,10769
56160,348077,19245,167535,12169,328832,20774,10003,10771
56165,348108,19247,167549,12169,328861,20776,10004,10772
56170,348139,19249,167562,12169,328890,20778,10004,10774
56175,348170,19252,167573,12170,328918,20780,10004,10776
56180,348201,19255,167591,12172,328946,20782,10004,10778
56185,348232,19259,167604,12174,328973,20784,10005,10779
56190,348263,19263,167621,12177,329000,20786,10006,10780
56195,348294,19267,167633,12178,329027,20789,10006,10783
56200,348325,19270,167649,12180,329055,20792,10007,10785
56205,348356,19275,167665,12184,329081,20795,10009,10786
56210,348387,19280,167679,12187,329107,20797,10011,10786
56215,348418,19285,167697,12192,329132,20799,10013,10786
56220,348449,19289,167706,12194,329159,20801,10015,10786
56225,348480,19293,167724,12198,329186,20802,10015,10787
56230,348511,19296,167741,12200,329215,20803,10016,10787
56235,348542,19298,167753,12201,329243,20804,10016,10788
56240,348573,19302,167774,12205,329270,20805,10017,10788
56245,348604,19306,167790,12208,329297,20806,10017,10789
56250,348635,19310,167807,12212,329325,20807,10018,10789
56255,348666,19312,167821,12213,329354,20808,10019,10789
56260,348697,19312,167833,12213,329385,20809,10019,10790
56265,348728,19312,167846,12213,329416,20812,10019,10793
56270,348759,19312,167859,12213,329447,20817,10021,10796
56275,348790,19312,167872,12213,329478,20822,10022,10800
56280,348821,19312,167888,12213,329509,20826,10025,10801
56285,348852,19312,167904,12213,329540,20827,10025,10802
56290,348883,19312,167918,12213,329571,20828,10026,10802
56295,348914,19312,167934,12213,329602,20829,10027,10802
56300,348945,19312,167944,12213,329633,20830,10027,10803
56305,348976,19312,167961,12213,329664,20831,10027,10804
56310,349007,19312,167977,12213,329695,20832,10028,10804
56315,349038,19312,167995,12213,329726,20833,10029,10804
56320,349069,19312,168009,12213,329757,20834,10030,10804
56325,349100,19313,168023,12213,329786,20835,10030,10805
56330,349131,19315,168042,12214,329816,20836,10030,10806
56335,349162,19316,168055,12215,329846,20837,10031,10806
56340,349193,19317,168070,12215,329876,20839,10032,10807
56345,349224,19318,168087,12216,329906,20842,10035,10807
56350,349255,19319,168107,12217,329936,20845,10037,10808
56355,349286,19322,168119,12219,329964,20848,10039,10809
56360,349317,19324,168135,12221,329993,20851,10040,10811
56365,349348,19328,168152,12225,330020,20853,10040,10813
56370,349379,19331,168171,12227,330048,20855,10041,10814
56375,349410,19335,168184,12229,330075,20857,10041,10816
56380,349441,19338,168195,12231,330103,20859,10043,10816
56385,349472,19342,168213,12234,330130,20862,10044,10818
56390,349503,19347,168227,12237,330156,20865,10045,10820
56395,349534,19352,168239,12241,330182,20869,10047,10822
56400,349565,19357,168251,12244,330208,20873,10049,10824
56405,349596,19358,168268,12245,330238,20875,10049,10826
56410,349627,19359,168284,12245,330268,20876,10049,10827
56415,349658,19360,168296,12245,330298,20878,10050,10828
56420,349689,19361,168311,12245,330328,20880,10052,10828
56425,349720,19362,168325,12246,330358,20882,10053,10829
56430,349751,19363,168341,12247,330388,20884,10054,10830
56435,349782,19364,168356,12247,330418,20886,10054,10832
56440,349813,19365,168373,12247,330448,20888,10055,10833
56445,349844,19366,168384,12248,330478,20890,10056,10834
56450,349875,19367,168399,12249,330508,20892,10057,10835
56455,349906,19368,168408,12250,330538,20893,10058,10835
56460,349937,19369,168419,12250,330568,20894,10058,10836
56465,349968,19370,168433,12250,330598,20896,10059,10837
56470,349999,19371,168449,12251,330628,20898,10061,10837
56475,350030,19372,168466,12251,330658,20900,10063,10837
56480,350061,19373,168484,12252,330688,20902,10064,10838
56485,350092,19374,168502,12252,330718,20904,10066,10838
56490,350123,19375,168518,12252,330748,20906,10067,10839
56495,350154,19376,168529,12252,330778,20908,10069,10839
56500,350185,19377,168546,12253,330808,20910,10070,10840
56505,350216,19378,168559,12253,330838,20911,10071,10840
56510,350247,19382,168572,12255,330865,20913,10071,10842
56515,350278,19386,168584,12258,330891,20916,10071,10845
56520,350309,19389,168596,12260,330920,20920,10072,10848
56525,350340,19393,168616,12264,330947,20921,10072,10849
56530,350371,19394,168629,12265,330977,20922,10072,10850
56535,350402,19396,168645,12266,331006,20923,10073,10850
56540,350433,19399,168662,12268,331034,20924,10074,10850
56545,350464,19399,168679,12268,331065,20925,10075,10850
56550,350495,19399,168690,12268,331096,20926,10076,10850
56555,350526,19399,168704,12268,331127,20927,10076,10851
56560,350557,19399,168714,12268,331158,20928,10076,10852
56565,350588,19399,168730,12268,331189,20929,10077,10852
56570,350619,19399,168748,12268,331220,20929,10077,10852
56575,350650,19399,168760,12268,331251,20929,10077,10852
56580,350681,19399,168775,12268,331282,20929,10077,10852
56585,350712,19399,168791,12268,331313,20929,10077,10852
56590,350743,19399,168807,12268,331344,20929,10077,10852
56595,350774,19399,168823,12268,331375,20929,10077,10852
56600,350805,19399,168840,12268,331406,20929,10077,10852
56605,350836,19399,168852,12268,331437,20930,10078,10852
56610,350867,19399,168866,12268,331468,20931,10079,10852
56615,350898,19399,168877,12268,331499,20932,10080,10852
56620,350929,19399,168891,12268,331530,20933,10081,10852
56625,350960,19399,168905,12268,331560,20936,10081,10855
56630,350991,19402,168919,12271,331588,20939,10082,10857
56635,351022,19405,168938,12274,331616,20941,10082,10859
56640,351053,19408,168952,12275,331644,20942,10083,10859
56645,351084,19411,168966,12278,331672,20943,10083,10860
56650,351115,19417,168981,12283,331698,20944,10083,10861
56655,351146,19422,168997,12288,331724,20945,10083,10862
56660,351177,19426,169011,12290,331751,20946,10084,10862
56665,351208,19431,169023,12292,331777,20947,10084,10863
56670,351239,19434,169037,12294,331805,20949,10085,10864
56675,351270,19438,169054,12297,331831,20951,10087,10864
56680,351301,19442,169075,12301,331859,20953,10089,10864
56685,351332,19444,169090,12302,331888,20955,10090,10865
56690,351363,19446,169102,12303,331917,20958,10091,10867
56695,351394,19448,169118,12304,331946,20961,10093,10868
56700,351425,19451,169138,12307,331974,20965,10097,10868
56705,351456,19453,169152,12309,332003,20967,10099,10868
56710,351487,19453,169171,12309,332034,20969,10100,10869
56715,351518,19453,169185,12309,332065,20970,10100,10870
56720,351549,19453,169199,12309,332096,20971,10100,10871
56725,351580,19453,169213,12309,332127,20972,10101,10871
56730,351611,19453,169230,12309,332158,20973,10101,10872
56735,351642,19453,169242,12309,332189,20975,10102,10873
56740,351673,19453,169254,12309,332220,20978,10102,10876
56745,351704,19453,169265,12309,332251,20981,10102,10879
56750,351735,19453,169277,12309,332282,20984,10103,10881
56755,351766,19453,169291,12309,332313,20987,10105,10882
56760,351797,19453,169303,12309,332344,20990,10106,10884
56765,351828,19453,169320,12309,332375,20992,10108,10884
56770,351859,19454,169333,12309,332405,20994,10109,10885
56775,351890,19455,169346,12309,332435,20996,10109,10887
56780,351921,19456,169365,12310,332464,20998,10110,10888
56785,351952,19460,169382,12312,332491,21000,10110,10890
56790,351983,19464,169403,12315,332518,21002,10111,10891
56795,352014,19468,169417,12317,332545,21004,10112,10892
56800,352045,19472,169434,12320,332573,21006,10113,10893
56805,352076,19475,169449,12322,332600,21008,10114,10894
56810,352107,19479,169466,12326,332628,21011,10115,10896
56815,352138,19482,169482,12328,332655,21015,10117,10898
56820,352169,19487,169502,12333,332681,21018,10119,10899
56825,352200,19491,169516,12336,332708,21020,10120,10900
56830,352231,19495,169535,12340,332736,21022,10120,10902
56835,352262,19497,169549,12341,332765,21023,10120,10903
56840,352293,19501,169565,12345,332792,21024,10120,10904
56845,352324,19504,169582,12347,332820,21025,10121,10904
56850,352355,19506,169599,12348,332849,21026,10121,10905
56855,352386,19507,169613,12349,332879,21027,10122,10905
56860,352417,19508,169626,12350,332909,21028,10123,10905
56865,352448,19509,169641,12351,332939,21030,10124,10906
56870,352479,19510,169652,12351,332969,21032,10125,10907
56875,352510,19511,169665,12351,332999,21034,10126,10908
56880,352541,19512,169677,12352,333029,21036,10127,10909
56885,352572,19512,169695,12352,333060,21037,10128,10909
56890,352603,19512,169711,12352,333091,21038,10128,10910
56895,352634,19512,169723,12352,333122,21039,10129,10910
56900,352665,19512,169741,12352,333153,21040,10130,10910
56905,352696,19512,169758,12352,333184,21041,10131,10910
56910,352727,19512,169776,12352,333215,21042,10132,10910
56915,352758,19512,169795,12352,333246,21043,10133,10910
56920,352789,19512,169811,12352,333277,21045,10134,10911
56925,352820,19513,169825,12352,333306,21047,10135,10912
56930,352851,19515,169844,12354,333336,21050,10136,10914
56935,352882,19516,169865,12354,333366,21055,10141,10914
56940,352913,19517,169877,12355,333396,21060,10141,10919
56945,352944,19521,169894,12357,333422,21063,10143,10920
56950,352975,19525,169908,12360,333450,21066,10144,10922
56955,353006,19529,169926,12363,333477,21068,10146,10922
56960,353037,19534,169943,12368,333503,21070,10148,10922
56965,353068,19537,169960,12370,333531,21072,10149,10923
56970,353099,19539,169975,12371,333559,21074,10151,10923
56975,353130,19542,169990,12373,333588,21076,10152,10924
56980,353161,19544,170003,12375,333616,21077,10152,10925
56985,353192,19547,170015,12376,333645,21079,10153,10926
56990,353223,19549,170029,12378,333674,21082,10154,10928
56995,353254,19551,170044,12379,333703,21085,10154,10931
57000,353285,19554,170055,12380,333730,21088,10154,10934
57005,353316,19558,170073,12383,333758,21089,10154,10935
57010,353347,19561,170083,12386,333786,21090,10155,10935
57015,353378,19563,170098,12387,333815,21091,10155,10936
57020,353409,19565,170113,12388,333844,21092,10156,10936
57025,353440,19567,170126,12389,333873,21093,10157,10936
57030,353471,19569,170140,12391,333902,21094,10158,10936
57035,353502,19572,170157,12392,333930,21095,10158,10937
57040,353533,19575,170175,12394,333958,21096,10159,10937
57045,353564,19578,170194,12397,333986,21098,10160,10938
57050,353595,19582,170206,12400,334013,21099,10160,10939
57055,353626,19583,170221,12401,334043,21102,10162,10940
57060,353657,19584,170238,12402,334073,21105,10162,10943
57065,353688,19584,170254,12402,334104,21106,10163,10943
57070,353719,19584,170264,12402,334135,21107,10163,10944
57075,353750,19584,170277,12402,334166,21108,10163,10945
57080,353781,19584,170288,12402,334197,21109,10163,10946
57085,353812,19584,170303,12402,334228,21110,10163,10947
57090,353843,19584,170318,12402,334259,21111,10164,10947
57095,353874,19584,170331,12402,334290,21112,10164,10948
57100,353905,19584,170348,12402,334321,21113,10164,10949
57105,353936,19584,170359,12402,334352,21114,10164,10950
57110,353967,19585,170370,12402,334382,21115,10164,10951
57115,353998,19586,170392,12403,334411,21117,10166,10951
57120,354029,19588,170405,12405,334441,21119,10166,10953
57125,354060,19590,170422,12406,334470,21122,10168,10954
57130,354091,19591,170435,12406,334499,21125,10170,10955
57135,354122,19593,170446,12407,334528,21128,10172,10956
57140,354153,19595,170465,12409,334558,21130,10172,10958
57145,354184,19596,170477,12409,334587,21132,10172,10960
57150,354215,19598,170493,12410,334616,21134,10173,10961
57155,354246,19600,170509,12411,334646,21136,10174,10962
57160,354277,19601,170522,12411,334675,21138,10175,10963
57165,354308,19604,170536,12412,334704,21141,10177,10964
57170,354339,19607,170548,12413,334731,21146,10179,10967
57175,354370,19611,170568,12415,334758,21151,10183,10968
57180,354401,19615,170582,12417,334786,21155,10184,10971
57185,354432,19618,170595,12419,334814,21158,10185,10973
57190,354463,19620,170605,12419,334843,21161,10187,10974
57195,354494,19621,170619,12420,334873,21164,10188,10976
57200,354525,19622,170632,12421,334903,21167,10188,10979
57205,354556,19623,170641,12422,334933,21170,10189,10981
57210,354587,19624,170661,12423,334963,21173,10192,10981
57215,354618,19626,170680,12425,334992,21176,10195,10981
57220,354649,19628,170695,12426,335021,21179,10196,10983
57225,354680,19629,170709,12426,335051,21182,10197,10985
57230,354711,19631,170725,12428,335080,21186,10199,10987
57235,354742,19633,170740,12429,335109,21190,10200,10990
57240,354773,19635,170756,12430,335138,21194,10201,10993
57245,354804,19637,170772,12432,335166,21197,10203,10994
57250,354835,19639,170786,12433,335195,21198,10203,10995
57255,354866,19641,170799,12434,335224,21199,10203,10996
57260,354897,19643,170815,12436,335253,21200,10203,10997
57265,354928,19644,170833,12437,335284,21201,10203,10998
57270,354959,19644,170852,12437,335315,21202,10204,10998
57275,354990,19644,170868,12437,335346,21203,10204,10999
57280,355021,19644,170885,12437,335377,21204,10205,10999
57285,355052,19644,170902,12437,335408,21205,10205,11000
57290,355083,19644,170914,12437,335439,21206,10206,11000
57295,355114,19644,170931,12437,335470,21208,10207,11001
57300,355145,19645,170943,12438,335500,21210,10208,11002
57305,355176,19648,170956,12439,335527,21212,10209,11003
57310,355207,19653,170972,12442,335554,21214,10210,11004
57315,355238,19656,170987,12443,335582,21216,10211,11005
57320,355269,19659,171000,12444,335610,21218,10212,11006
57325,355300,19662,171017,12445,335638,21220,10213,11007
57330,355331,19666,171033,12447,335665,21222,10214,11008
57335,355362,19670,171050,12450,335692,21224,10215,11009
57340,355393,19673,171066,12452,335720,21226,10217,11009
57345,355424,19676,171081,12454,335748,21229,10219,11010
57350,355455,19678,171099,12456,335777,21234,10222,11012
57355,355486,19679,171112,12456,335807,21239,10223,11016
57360,355517,19680,171128,12457,335837,21243,10225,11018
57365,355548,19681,171142,12457,335867,21246,10226,11020
57370,355579,19682,171157,12457,335897,21250,10230,11020
57375,355610,19684,171174,12459,335926,21254,10231,11023
57380,355641,19686,171188,12461,335955,21254,10231,11023
57385,355672,19686,171198,12461,335986,21254,10231,11023
57390,355703,19686,171212,12461,336017,21254,10231,11023
57395,355734,19686,171224,12461,336048,21254,10231,11023
57400,355765,19686,171239,12461,336079,21254,10231,11023
57405,355796,19686,171251,12461,336110,21254,10231,11023
57410,355827,19686,171270,12461,336141,21254,10231,11023
57415,355858,19687,171288,12462,336171,21254,10231,11023
57420,355889,19688,171306,12463,336200,21254,10231,11023
57425,355920,19692,171321,12466,336228,21255,10232,11023
57430,355951,19695,171337,12468,336255,21256,10233,11023
57435,355982,19699,171353,12471,336282,21257,10233,11024
57440,356013,19702,171367,12473,336310,21258,10234,11024
57445,356044,19704,171384,12475,336339,21259,10234,11025
57450,356075,19706,171399,12476,336369,21260,10235,11025
57455,356106,19707,171415,12477,336399,21261,10236,11025
57460,356137,19709,171427,12478,336428,21263,10237,11026
57465,356168,19711,171441,12479,336457,21266,10239,11027
57470,356199,19714,171456,12481,336485,21269,10241,11028
57475,356230,19716,171469,12483,336514,21272,10241,11031
57480,356261,19719,171483,12485,336542,21277,10242,11035
57485,356292,19720,171495,12486,336572,21282,10244,11038
57490,356323,19721,171506,12487,336602,21287,10246,11041
57495,356354,19723,171518,12488,336631,21292,10247,11045
57500,356385,19725,171530,12490,336660,21296,10250,11046
57505,356416,19726,171547,12491,336690,21300,10252,11048
57510,356447,19728,171557,12492,336719,21304,10252,11052
57515,356478,19729,171575,12493,336749,21307,10252,11055
57520,356509,19730,171595,12493,336779,21308,10253,11055
57525,356540,19731,171612,12494,336809,21309,10253,11056
57530,356571,19732,171623,12494,336839,21310,10253,11057
57535,356602,19733,171640,12495,336869,21311,10254,11057
57540,356633,19734,171651,12495,336899,21312,10255,11057
57545,356664,19735,171663,12495,336929,21313,10256,11057
57550,356695,19737,171672,12496,336958,21314,10256,11058
57555,356726,19739,171688,12498,336987,21315,10256,11059
57560,356757,19741,171698,12498,337016,21316,10256,11060
57565,356788,19743,171714,12499,337045,21317,10257,11060
57570,356819,19745,171727,12500,337074,21318,10257,11061
57575,356850,19747,171743,12501,337103,21319,10258,11061
57580,356881,19749,171762,12502,337132,21321,10259,11062
57585,356912,19751,171781,12503,337161,21323,10260,11063
57590,356943,19755,171798,12506,337188,21325,10262,11063
57595,356974,19759,171812,12509,337215,21327,10262,11065
57600,357005,19762,171824,12511,337243,21329,10263,11066
57605,357036,19763,171840,12511,337272,21331,10265,11066
57610,357067,19765,171852,12513,337302,21333,10265,11068
57615,357098,19766,171868,12513,337331,21335,10265,11070
57620,357129,19768,171879,12514,337361,21338,10267,11071
57625,357160,19770,171893,12515,337390,21341,10268,11073
57630,357191,19771,171911,12515,337420,21343,10270,11073
57635,357222,19773,171926,12516,337449,21345,10271,11074
57640,357253,19774,171939,12516,337479,21347,10272,11075
57645,357284,19775,171951,12517,337509,21349,10273,11076
57650,357315,19776,171966,12517,337539,21352,10276,11076
57655,357346,19777,171980,12517,337568,21355,10278,11077
57660,357377,19780,171998,12519,337596,21358,10280,11078
57665,357408,19781,172010,12520,337627,21360,10282,11078
57670,357439,19781,172025,12520,337658,21362,10282,11080
57675,357470,19781,172038,12520,337689,21364,10283,11081
57680,357501,19781,172050,12520,337720,21366,10284,11082
57685,357532,19781,172059,12520,337751,21368,10284,11084
57690,357563,19781,172074,12520,337782,21370,10284,11086
57695,357594,19781,172089,12520,337813,21373,10286,11087
57700,357625,19781,172102,12520,337844,21375,10287,11088
57705,357656,19783,172119,12521,337873,21377,10288,11089
57710,357687,19787,172137,12524,337900,21379,10290,11089
57715,357718,19789,172146,12524,337929,21380,10291,11089
57720,357749,19793,172164,12528,337956,21381,10292,11089
57725,357780,19796,172181,12530,337984,21384,10295,11089
57730,357811,19799,172192,12532,338012,21387,10297,11090
57735,357842,19802,172205,12533,338040,21391,10300,11091
57740,357873,19805,172225,12535,338068,21394,10300,11094
57745,357904,19808,172241,12535,338096,21397,10301,11096
57750,357935,19812,172257,12538,338123,21400,10301,11099
57755,357966,19815,172269,12540,338151,21403,10304,11099
57760,357997,19818,172286,12541,338179,21406,10304,11102
57765,358028,19820,172303,12542,338208,21408,10305,11103
57770,358059,19822,172313,12544,338237,21410,10305,11105
57775,358090,19824,172324,12544,338266,21412,10307,11105
57780,358121,19826,172340,12545,338295,21414,10308,11106
57785,358152,19828,172353,12546,338324,21417,10308,11109
57790,358183,19831,172370,12548,338352,21420,10309,11111
57795,358214,19833,172380,12550,338381,21421,10309,11112
57800,358245,19835,172395,12552,338410,21422,10310,11112
57805,358276,19837,172407,12553,338439,21423,10311,11112
57810,358307,19839,172426,12553,338468,21424,10312,11112
57815,358338,19841,172437,12554,338497,21425,10312,11113
57820,358369,19843,172454,12555,338526,21426,10312,11114
57825,358400,19845,172473,12556,338555,21428,10312,11116
57830,358431,19849,172487,12558,338581,21430,10313,11117
57835,358462,19851,172495,12560,338611,21433,10314,11119
57840,358493,19851,172509,12560,338642,21437,10315,11122
57845,358524,19851,172517,12560,338673,21440,10316,11124
57850,358555,19851,172539,12560,338704,21443,10319,11124
57855,358586,19851,172553,12560,338735,21445,10321,11124
57860,358617,19851,172572,12560,338766,21447,10322,11125
57865,358648,19852,172589,12561,338796,21450,10323,11127
57870,358679,19853,172605,12561,338826,21452,10325,11127
57875,358710,19854,172615,12561,338856,21454,10326,11128
57880,358741,19855,172629,12561,338886,21456,10327,11129
57885,358772,19856,172641,12561,338916,21458,10327,11131
57890,358803,19857,172654,12562,338946,21460,10328,11132
57895,358834,19858,172672,12563,338976,21462,10329,11133
57900,358865,19859,172682,12564,339006,21465,10329,11136
57905,358896,19860,172701,12564,339036,21467,10331,11136
57910,358927,19861,172714,12564,339066,21469,10331,11138
57915,358958,19862,172728,12564,339096,21471,10331,11140
57920,358989,19863,172741,12565,339126,21473,10333,11140
57925,359020,19864,172756,12565,339156,21475,10333,11142
57930,359051,19865,172765,12565,339186,21477,10334,11143
57935,359082,19866,172781,12565,339216,21479,10334,11145
57940,359113,19869,172794,12566,339244,21481,10335,11146
57945,359144,19872,172809,12567,339271,21483,10335,11148
57950,359175,19879,172825,12571,339296,21487,10338,11149
57955,359206,19885,172845,12577,339320,21492,10339,11153
57960,359237,19891,172855,12581,339346,21496,10340,11156
57965,359268,19894,172871,12584,339374,21496,10340,11156
57970,359299,19896,172886,12585,339403,21496,10340,11156
57975,359330,19898,172900,12586,339432,21496,10340,11156
57980,359361,19900,172915,12586,339461,21496,10340,11156
57985,359392,19902,172928,12587,339490,21496,10340,11156
57990,359423,19904,172940,12588,339519,21496,10340,11156
57995,359454,19906,172959,12589,339548,21496,10340,11156
58000,359485,19908,172966,12590,339577,21496,10340,11156
58005,359516,19910,172980,12592,339606,21496,10340,11156
58010,359547,19912,173000,12593,339635,21497,10341,11156
58015,359578,19914,173015,12593,339664,21498,10341,11157
58020,359609,19916,173034,12594,339693,21499,10341,11158
58025,359640,19917,173048,12594,339723,21499,10341,11158
58030,359671,19918,173060,12595,339752,21499,10341,11158
58035,359702,19920,173081,12597,339782,21499,10341,11158
58040,359733,19922,173099,12599,339811,21499,10341,11158
58045,359764,19922,173112,12599,339842,21499,10341,11158
58050,359795,19922,173132,12599,339873,21500,10342,11158
58055,359826,19922,173142,12599,339904,21500,10342,11158
58060,359857,19922,173156,12599,339935,21500,10342,11158
58065,359888,19922,173167,12599,339966,21502,10342,11160
58070,359919,19923,173177,12599,339996,21506,10345,11161
58075,359950,19925,173196,12601,340025,21510,10347,11163
58080,359981,19926,173208,12601,340055,21514,10348,11166
58085,360012,19926,173222,12601,340086,21518,10350,11168
58090,360043,19926,173236,12601,340117,21521,10352,11169
58095,360074,19926,173251,12601,340148,21524,10353,11171
58100,360105,19926,173269,12601,340179,21526,10355,11171
58105,360136,19926,173283,12601,340210,21528,10357,11171
58110,360167,19926,173300,12601,340241,21530,10358,11172
58115,360198,19926,173311,12601,340272,21532,10359,11173
58120,360229,19926,173331,12601,340303,21534,10361,11173
58125,360260,19926,173343,12601,340334,21536,10361,11175
58130,360291,19926,173353,12601,340365,21538,10362,11176
58135,360322,19926,173373,12601,340396,21540,10363,11177
58140,360353,19926,173387,12601,340427,21542,10363,11179
58145,360384,19926,173405,12601,340458,21544,10364,11180
58150,360415,19926,173420,12601,340489,21546,10365,11181
58155,360446,19926,173433,12601,340520,21548,10365,11183
58160,360477,19926,173446,12601,340551,21549,10366,11183
58165,360508,19926,173464,12601,340582,21550,10367,11183
58170,360539,19926,173482,12601,340613,21551,10368,11183
58175,360570,19926,173497,12601,340644,21552,10369,11183
58180,360601,19926,173511,12601,340675,21553,10370,11183
58185,360632,19927,173526,12601,340704,21555,10372,11183
58190,360663,19933,173540,12606,340729,21557,10372,11185
58195,360694,19939,173560,12611,340754,21560,10374,11186
58200,360725,19944,173575,12614,340781,21563,10376,11187
58205,360756,19946,173590,12615,340809,21566,10378,11188
58210,360787,19949,173605,12618,340837,21569,10379,11190
58215,360818,19952,173621,12619,340866,21572,10381,11191
58220,360849,19954,173635,12619,340895,21575,10383,11192
58225,360880,19956,173647,12621,340923,21577,10383,11194
58230,360911,19959,173660,12623,340951,21579,10385,11194
58235,360942,19962,173677,12626,340980,21581,10387,11194
58240,360973,19964,173693,12628,341009,21583,10387,11196
58245,361004,19966,173703,12630,341038,21585,10387,11198
58250,361035,19968,173725,12632,341066,21587,10388,11199
58255,361066,19972,173741,12635,341093,21589,10389,11200
58260,361097,19975,173754,12636,341122,21592,10389,11203
58265,361128,19976,173768,12637,341152,21595,10390,11205
58270,361159,19977,173783,12637,341181,21597,10392,11205
58275,361190,19979,173796,12638,341211,21599,10393,11206
58280,361221,19980,173811,12638,341241,21601,10395,11206
58285,361252,19981,173824,12638,341271,21603,10396,11207
58290,361283,19982,173836,12638,341301,21604,10396,11208
58295,361314,19983,173856,12639,341331,21605,10396,11209
58300,361345,19984,173870,12639,341361,21607,10397,11210
58305,361376,19987,173885,12641,341389,21609,10398,11211
58310,361407,19988,173897,12641,341418,21612,10400,11212
58315,361438,19991,173910,12643,341446,21613,10400,11213
58320,361469,19993,173922,12645,341476,21613,10400,11213
58325,361500,19994,173937,12646,341505,21614,10400,11214
58330,361531,19996,173951,12648,341535,21616,10401,11215
58335,361562,19997,173968,12648,341565,21617,10401,11216
58340,361593,19998,173991,12649,341594,21618,10401,11217
58345,361624,20001,174004,12652,341623,21619,10402,11217
58350,361655,20003,174016,12653,341652,21620,10402,11218
58355,361686,20004,174028,12653,341682,21621,10402,11219
58360,361717,20005,174042,12653,341711,21622,10402,11220
58365,361748,20008,174055,12656,341740,21623,10402,11221
58370,361779,20011,174066,12657,341768,21625,10403,11222
58375,361810,20014,174082,12659,341796,21627,10404,11223
58380,361841,20015,174098,12660,341826,21629,10405,11224
58385,361872,20016,174115,12660,341856,21632,10407,11225
58390,361903,20017,174132,12660,341886,21634,10409,11225
58395,361934,20018,174151,12661,341916,21637,10411,11226
58400,361965,20019,174170,12662,341946,21640,10411,11229
58405,361996,20020,174185,12663,341976,21643,10413,11230
58410,362027,20021,174194,12663,342006,21646,10414,11232
58415,362058,20023,174214,12663,342035,21650,10417,11233
58420,362089,20025,174228,12665,342064,21654,10419,11235
58425,362120,20028,174244,12666,342092,21659,10422,11237
58430,362151,20031,174258,12668,342120,21664,10423,11241
58435,362182,20033,174271,12669,342149,21670,10423,11247
58440,362213,20036,174289,12671,342177,21675,10425,11250
58445,362244,20040,174302,12672,342204,21678,10425,11253
58450,362275,20043,174319,12673,342232,21681,10426,11255
58455,362306,20046,174334,12675,342259,21684,10429,11255
58460,362337,20051,174346,12678,342286,21687,10430,11257
58465,362368,20054,174356,12680,342314,21690,10430,11260
58470,362399,20056,174368,12681,342343,21693,10432,11261
58475,362430,20058,174382,12681,342371,21696,10434,11262
58480,362461,20062,174397,12683,342399,21699,10437,11262
58485,362492,20064,174407,12683,342427,21702,10439,11263
58490,362523,20068,174419,12687,342454,21706,10441,11265
58495,362554,20070,174436,12688,342484,21709,10443,11266
58500,362585,20072,174450,12690,342513,21712,10445,11267
58505,362616,20074,174463,12692,342542,21714,10445,11269
58510,362647,20074,174476,12692,342573,21716,10446,11270
58515,362678,20074,174489,12692,342604,21718,10447,11271
58520,362709,20074,174502,12692,342635,21720,10448,11272
58525,362740,20074,174516,12692,342666,21722,10448,11274
58530,362771,20074,174534,12692,342697,21723,10449,11274
58535,362802,20074,174549,12692,342728,21723,10449,11274
58540,362833,20074,174568,12692,342759,21723,10449,11274
58545,362864,20074,174589,12692,342790,21723,10449,11274
58550,362895,20074,174605,12692,342821,21725,10451,11274
58555,362926,20074,174624,12692,342852,21727,10452,11275
58560,362957,20074,174642,12692,342883,21730,10454,11276
58565,362988,20076,174657,12693,342912,21730,10454,11276
58570,363019,20081,174671,12697,342938,21730,10454,11276
58575,363050,20084,174683,12698,342966,21730,10454,11276
58580,363081,20089,174698,12702,342992,21730,10454,11276
58585,363112,20091,174712,12703,343021,21730,10454,11276
58590,363143,20094,174729,12705,343049,21730,10454,11276
58595,363174,20096,174740,12706,343078,21731,10454,11277
58600,363205,20099,174751,12708,343106,21732,10454,11278
58605,363236,20102,174767,12710,343134,21734,10455,11279
58610,363267,20105,174780,12711,343162,21736,10455,11281
58615,363298,20108,174793,12713,343190,21738,10456,11282
58620,363329,20110,174810,12715,343219,21740,10457,11283
58625,363360,20111,174826,12715,343249,21741,10458,11283
58630,363391,20112,174837,12715,343278,21743,10458,11285
58635,363422,20114,174850,12716,343308,21745,10458,11287
58640,363453,20115,174867,12716,343338,21748,10461,11287
58645,363484,20116,174886,12717,343367,21751,10462,11289
58650,363515,20118,174903,12719,343396,21754,10463,11291
58655,363546,20120,174922,12720,343425,21757,10464,11293
58660,363577,20122,174936,12722,343455,21760,10464,11296
58665,363608,20124,174951,12723,343483,21763,10466,11297
58670,363639,20126,174964,12725,343513,21769,10468,11301
58675,363670,20127,174983,12726,343543,21775,10470,11305
58680,363701,20128,174999,12727,343572,21779,10473,11306
58685,363732,20130,175014,12729,343602,21781,10473,11308
58690,363763,20133,175031,12731,343630,21782,10473,11309
58695,363794,20135,175045,12731,343659,21783,10473,11310
58700,363825,20138,175059,12733,343687,21784,10474,11310
58705,363856,20141,175073,12734,343715,21785,10474,11311
58710,363887,20143,175087,12736,343744,21786,10474,11312
58715,363918,20144,175101,12736,343774,21787,10474,11313
58720,363949,20145,175114,12736,343804,21788,10474,11314
58725,363980,20146,175122,12736,343834,21790,10476,11314
58730,364011,20147,175137,12736,343864,21792,10477,11315
58735,364042,20148,175157,12737,343894,21794,10479,11315
58740,364073,20149,175169,12737,343924,21796,10480,11316
58745,364104,20150,175178,12738,343954,21799,10482,11317
58750,364135,20152,175196,12740,343983,21802,10485,11317
58755,364166,20153,175208,12741,344013,21805,10485,11320
58760,364197,20154,175229,12742,344043,21808,10487,11321
58765,364228,20155,175243,12742,344073,21811,10488,11323
58770,364259,20156,175256,12742,344103,21814,10488,11326
58775,364290,20158,175270,12743,344132,21817,10489,11328
58780,364321,20160,175286,12744,344161,21822,10491,11331
58785,364352,20161,175301,12745,344191,21827,10494,11333
58790,364383,20165,175319,12747,344218,21832,10497,11335
58795,364414,20169,175334,12750,344245,21838,10498,11340
58800,364445,20173,175343,12753,344272,21842,10501,11341
58805,364476,20175,175357,12755,344301,21844,10501,11343
58810,364507,20178,175370,12757,344329,21845,10501,11344
58815,364538,20180,175385,12758,344357,21846,10501,11345
58820,364569,20183,175402,12759,344385,21847,10501,11346
58825,364600,20186,175420,12761,344413,21848,10502,11346
58830,364631,20188,175440,12763,344443,21849,10503,11346
58835,364662,20189,175458,12764,344472,21850,10504,11346
58840,364693,20191,175471,12765,344502,21851,10505,11346
58845,364724,20192,175487,12766,344531,21852,10505,11347
58850,364755,20193,175506,12767,344562,21853,10506,11347
58855,364786,20193,175521,12767,344593,21854,10507,11347
58860,364817,20193,175531,12767,344624,21855,10507,11348
58865,364848,20193,175545,12767,344655,21856,10508,11348
58870,364879,20193,175560,12767,344686,21857,10509,11348
58875,364910,20193,175576,12767,344717,21858,10510,11348
58880,364941,20193,175588,12767,344748,21859,10510,11349
58885,364972,20193,175605,12767,344779,21860,10510,11350
58890,365003,20193,175621,12767,344810,21862,10511,11351
58895,365034,20193,175633,12767,344841,21864,10511,11353
58900,365065,20193,175646,12767,344872,21868,10513,11355
58905,365096,20193,175666,12767,344903,21873,10516,11357
58910,365127,20194,175682,12767,344933,21879,10518,11361
58915,365158,20195,175693,12768,344963,21884,10518,11366
58920,365189,20197,175705,12770,344992,21888,10519,11369
58925,365220,20200,175721,12773,345020,21891,10520,11371
58930,365251,20202,175739,12774,345049,21894,10521,11373
58935,365282,20204,175752,12775,345078,21897,10521,11376
58940,365313,20206,175765,12776,345107,21899,10521,11378
58945,365344,20208,175783,12778,345136,21901,10522,11379
58950,365375,20211,175797,12779,345164,21903,10524,11379
58955,365406,20213,175810,12780,345193,21905,10526,11379
58960,365437,20216,175824,12781,345221,21907,10527,11380
58965,365468,20218,175838,12783,345250,21909,10527,11382
58970,365499,20220,175859,12784,345279,21911,10529,11382
58975,365530,20221,175878,12785,345309,21913,10531,11382
58980,365561,20222,175897,12786,345339,21914,10532,11382
58985,365592,20223,175909,12786,345369,21915,10533,11382
58990,365623,20224,175922,12787,345399,21916,10533,11383
58995,365654,20225,175941,12788,345429,21917,10534,11383
59000,365685,20226,175960,12789,345459,21918,10534,11384
59005,365716,20227,175979,12790,345489,21919,10534,11385
59010,365747,20228,175995,12790,345519,21920,10534,11386
59015,365778,20229,176010,12791,345549,21922,10534,11388
59020,365809,20230,176027,12792,345579,21925,10537,11388
59025,365840,20231,176042,12792,345609,21929,10537,11392
59030,365871,20234,176055,12794,345637,21934,10537,11397
59035,365902,20237,176072,12796,345665,21937,10539,11398
59040,365933,20241,176089,12799,345691,21938,10540,11398
59045,365964,20245,176104,12802,345719,21938,10540,11398
59050,365995,20247,176120,12804,345748,21938,10540,11398
59055,366026,20248,176128,12804,345778,21938,10540,11398
59060,366057,20249,176139,12804,345808,21938,10540,11398
59065,366088,20250,176149,12804,345838,21938,10540,11398
59070,366119,20251,176162,12804,345868,21938,10540,11398
59075,366150,20252,176177,12805,345898,21938,10540,11398
59080,366181,20253,176189,12805,345928,21939,10540,11399
59085,366212,20254,176204,12805,345958,21940,10541,11399
59090,366243,20255,176218,12805,345988,21942,10542,11400
59095,366274,20256,176233,12805,346018,21943,10542,11401
59100,366305,20257,176245,12805,346048,21944,10542,11402
59105,366336,20258,176262,12806,346078,21946,10542,11404
59110,366367,20260,176275,12808,346107,21948,10544,11404
59115,366398,20262,176292,12810,346136,21950,10546,11404
59120,366429,20262,176307,12810,346167,21952,10548,11404
59125,366460,20262,176322,12810,346198,21954,10549,11405
59130,366491,20262,176336,12810,346229,21956,10551,11405
59135,366522,20262,176350,12810,346260,21958,10551,11407
59140,366553,20262,176364,12810,346291,21962,10553,11409
59145,366584,20262,176379,12810,346322,21966,10555,11411
59150,366615,20264,176397,12812,346351,21970,10558,11412
59155,366646,20268,176410,12816,346377,21973,10559,11414
59160,366677,20273,176430,12821,346403,21974,10559,11415
59165,366708,20276,176443,12823,346431,21975,10560,11415
59170,366739,20279,176457,12826,346459,21976,10561,11415
59175,366770,20282,176468,12827,346488,21977,10561,11416
59180,366801,20284,176486,12828,346516,21978,10562,11416
59185,366832,20287,176500,12831,346545,21979,10562,11417
59190,366863,20289,176513,12832,346573,21980,10562,11418
59195,366894,20292,176533,12835,346601,21981,10562,11419
59200,366925,20294,176550,12836,346631,21982,10562,11420
59205,366956,20295,176568,12837,346661,21983,10562,11421
59210,366987,20296,176583,12837,346691,21984,10563,11421
59215,367018,20297,176591,12837,346721,21985,10563,11422
59220,367049,20298,176608,12837,346751,21986,10563,11423
59225,367080,20299,176620,12838,346781,21988,10564,11424
59230,367111,20300,176630,12839,346811,21991,10565,11426
59235,367142,20301,176644,12840,346841,21995,10566,11429
59240,367173,20302,176657,12841,346871,21999,10568,11431
59245,367204,20303,176669,12842,346901,22001,10569,11432
59250,367235,20304,176682,12843,346931,22003,10569,11434
59255,367266,20305,176698,12843,346961,22006,10571,11435
59260,367297,20306,176713,12843,346991,22011,10572,11439
59265,367328,20308,176728,12845,347020,22016,10575,11441
59270,367359,20309,176745,12846,347050,22021,10578,11443
59275,367390,20311,176755,12847,347079,22023,10579,11444
59280,367421,20314,176768,12849,347107,22025,10580,11445
59285,367452,20315,176787,12849,347136,22026,10580,11446
59290,367483,20317,176801,12850,347165,22027,10580,11447
59295,367514,20319,176821,12851,347194,22028,10581,11447
59300,367545,20321,176838,12853,347223,22029,10581,11448
59305,367576,20323,176852,12854,347253,22030,10581,11449
59310,367607,20324,176867,12855,347283,22031,10581,11450
59315,367638,20325,176883,12855,347313,22032,10581,11451
59320,367669,20326,176900,12855,347343,22033,10581,11452
59325,367700,20327,176914,12855,347373,22034,10582,11452
59330,367731,20328,176928,12855,347403,22035,10582,11453
59335,367762,20329,176943,12855,347433,22036,10583,11453
59340,367793,20330,176958,12856,347463,22037,10583,11454
59345,367824,20331,176975,12857,347493,22039,10584,11455
59350,367855,20332,176990,12858,347523,22041,10585,11456
59355,367886,20332,177008,12858,347554,22043,10586,11457
59360,367917,20332,177019,12858,347585,22045,10586,11459
59365,367948,20332,177034,12858,347616,22047,10586,11461
59370,367979,20332,177047,12858,347647,22049,10587,11462
59375,368010,20333,177066,12859,347677,22054,10590,11464
59380,368041,20334,177083,12860,347707,22059,10591,11468
59385,368072,20335,177093,12860,347737,22064,10593,11471
59390,368103,20338,177110,12863,347765,22070,10595,11475
59395,368134,20341,177131,12866,347793,22073,10597,11476
59400,368165,20343,177150,12867,347822,22076,10599,11477
59405,368196,20346,177168,12870,347849,22078,10600,11478
59410,368227,20349,177183,12871,347877,22080,10602,11478
59415,368258,20353,177202,12875,347905,22081,10603,11478
59420,368289,20356,177221,12877,347932,22082,10603,11479
59425,368320,20358,177229,12878,347962,22083,10604,11479
59430,368351,20359,177244,12879,347992,22084,10605,11479
59435,368382,20361,177263,12880,348021,22085,10605,11480
59440,368413,20361,177276,12880,348052,22086,10606,11480
59445,368444,20361,177297,12880,348083,22087,10606,11481
59450,368475,20361,177309,12880,348114,22087,10606,11481
59455,368506,20361,177326,12880,348145,22087,10606,11481
59460,368537,20361,177344,12880,348176,22087,10606,11481
59465,368568,20361,177359,12880,348207,22087,10606,11481
59470,368599,20361,177372,12880,348238,22087,10606,11481
59475,368630,20361,177384,12880,348269,22087,10606,11481
59480,368661,20361,177396,12880,348300,22087,10606,11481
59485,368692,20361,177415,12880,348331,22087,10606,11481
59490,368723,20361,177430,12880,348362,22088,10607,11481
59495,368754,20361,177444,12880,348393,22091,10607,11484
59500,368785,20361,177457,12880,348424,22095,10609,11486
59505,368816,20362,177469,12880,348453,22099,10611,11488
59510,368847,20364,177484,12882,348482,22104,10612,11492
59515,368878,20366,177497,12883,348511,22108,10614,11494
59520,368909,20370,177514,12886,348538,22111,10614,11497
59525,368940,20373,177527,12888,348567,22114,10616,11498
59530,368971,20375,177541,12889,348596,22117,10618,11499
59535,369002,20376,177554,12889,348626,22120,10620,11500
59540,369033,20377,177568,12889,348656,22123,10622,11501
59545,369064,20381,177585,12892,348683,22126,10624,11502
59550,369095,20385,177603,12896,348710,22129,10626,11503
59555,369126,20387,177618,12897,348739,22132,10627,11505
59560,369157,20390,177636,12900,348767,22135,10628,11507
59565,369188,20393,177646,12902,348795,22138,10630,11508
59570,369219,20397,177660,12905,348822,22141,10633,11508
59575,369250,20400,177674,12908,348850,22144,10634,11510
59580,369281,20403,177694,12911,348878,22147,10636,11511
59585,369312,20405,177708,12912,348907,22148,10636,11512
59590,369343,20407,177721,12913,348936,22149,10637,11512
59595,369374,20409,177738,12913,348965,22150,10637,11513
59600,369405,20411,177755,12915,348994,22151,10638,11513
59605,369436,20413,177775,12916,349023,22152,10638,11514
59610,369467,20415,177789,12916,349052,22153,10638,11515
59615,369498,20417,177805,12918,349081,22155,10640,11515
59620,369529,20419,177816,12919,349110,22159,10642,11517
59625,369560,20421,177827,12919,349139,22163,10644,11519
59630,369591,20423,177844,12921,349168,22167,10646,11521
59635,369622,20426,177859,12923,349196,22171,10649,11522
59640,369653,20429,177872,12925,349224,22175,10651,11524
59645,369684,20433,177887,12928,349251,22177,10652,11525
59650,369715,20436,177902,12931,349279,22178,10652,11526
59655,369746,20438,177913,12932,349308,22179,10653,11526
59660,369777,20441,177930,12935,349336,22180,10653,11527
59665,369808,20441,177944,12935,349367,22181,10654,11527
59670,369839,20441,177957,12935,349398,22182,10654,11528
59675,369870,20441,177973,12935,349429,22183,10655,11528
59680,369901,20441,177986,12935,349460,22184,10656,11528
59685,369932,20441,178003,12935,349491,22185,10657,11528
59690,369963,20441,178022,12935,349522,22187,10658,11529
59695,369994,20441,178035,12935,349553,22190,10659,11531
59700,370025,20441,178052,12935,349584,22193,10662,11531
59705,370056,20442,178067,12935,349614,22195,10663,11532
59710,370087,20443,178081,12936,349644,22197,10665,11532
59715,370118,20444,178095,12936,349674,22199,10667,11532
59720,370149,20445,178108,12937,349704,22201,10668,11533
59725,370180,20446,178124,12938,349734,22203,10668,11535
59730,370211,20447,178138,12938,349764,22205,10670,11535
59735,370242,20448,178155,12938,349794,22207,10671,11536
59740,370273,20449,178175,12938,349824,22209,10672,11537
59745,370304,20450,178196,12939,349854,22211,10673,11538
59750,370335,20451,178214,12940,349883,22212,10674,11538
59755,370366,20455,178229,12944,349910,22216,10676,11540
59760,370397,20459,178244,12948,349938,22220,10679,11541
59765,370428,20461,178258,12949,349967,22221,10679,11542
59770,370459,20464,178270,12951,349994,22222,10680,11542
59775,370490,20468,178285,12953,350022,22223,10680,11543
59780,370521,20472,178303,12955,350048,22224,10680,11544
59785,370552,20476,178317,12958,350076,22225,10680,11545
59790,370583,20480,178333,12962,350103,22226,10680,11546
59795,370614,20484,178352,12965,350130,22227,10681,11546
59800,370645,20486,178369,12966,350159,22228,10681,11547
59805,370676,20489,178380,12968,350187,22230,10682,11548
59810,370707,20490,178393,12968,350217,22232,10684,11548
59815,370738,20490,178408,12968,350248,22234,10684,11550
59820,370769,20490,178423,12968,350279,22235,10685,11550
59825,370800,20491,178433,12968,350309,22236,10685,11551
59830,370831,20492,178449,12968,350338,22237,10685,11552
59835,370862,20494,178458,12969,350367,22238,10685,11553
59840,370893,20496,178471,12971,350396,22239,10686,11553
59845,370924,20499,178490,12974,350425,22240,10687,11553
59850,370955,20500,178501,12975,350455,22241,10688,11553
59855,370986,20500,178514,12975,350486,22242,10688,11554
59860,371017,20500,178529,12975,350517,22242,10688,11554
59865,371048,20500,178545,12975,350548,22245,10690,11555
59870,371079,20500,178556,12975,350579,22248,10691,11557
59875,371110,20500,178570,12975,350610,22252,10692,11560
59880,371141,20500,178588,12975,350641,22255,10695,11560
59885,371172,20500,178607,12975,350672,22257,10696,11561
59890,371203,20500,178623,12975,350703,22259,10697,11562
59895,371234,20500,178637,12975,350734,22261,10698,11563
59900,371265,20501,178653,12976,350764,22263,10699,11564
59905,371296,20502,178663,12976,350794,22265,10700,11565
59910,371327,20503,178680,12977,350824,22267,10701,11566
59915,371358,20505,178697,12979,350853,22269,10701,11568
59920,371389,20508,178710,12981,350881,22272,10703,11569
59925,371420,20511,178724,12982,350909,22275,10705,11570
59930,371451,20514,178739,12984,350937,22278,10706,11572
59935,371482,20517,178755,12987,350965,22281,10708,11573
59940,371513,20520,178771,12990,350993,22284,10709,11575
59945,371544,20525,178791,12995,351018,22288,10711,11577
59950,371575,20529,178807,12998,351046,22289,10711,11578
59955,371606,20532,178821,13000,351074,22290,10712,11578
59960,371637,20534,178835,13000,351102,22291,10713,11578
59965,371668,20538,178848,13004,351130,22292,10713,11579
59970,371699,20541,178862,13006,351158,22294,10714,11580
59975,371730,20545,178880,13008,351185,22296,10716,11580
59980,371761,20549,178893,13012,351211,22299,10717,11582
59985,371792,20553,178909,13016,351239,22302,10720,11582
59990,371823,20557,178924,13018,351266,22306,10723,11583
59995,371854,20559,178938,13019,351294,22310,10726,11584
60000,371885,20563,178950,13022,351322,22314,10728,11586
60005,371916,20564,178964,13023,351352,22318,10730,11588
60010,371947,20565,178977,13023,351382,22320,10731,11589
60015,371978,20566,178993,13024,351412,22322,10731,11591
60020,372009,20567,179012,13025,351442,22324,10732,11592
60025,372040,20568,179028,13025,351472,22326,10733,11593
60030,372071,20569,179041,13025,351502,22328,10733,11595
60035,372102,20570,179054,13026,351532,22330,10733,11597
60040,372133,20571,179067,13027,351562,22332,10733,11599
60045,372164,20572,179084,13028,351592,22334,10735,11599
60050,372195,20573,179096,13028,351622,22338,10736,11602
60055,372226,20575,179112,13029,351651,22341,10737,11604
60060,372257,20578,179126,13030,351679,22344,10738,11606
60065,372288,20581,179143,13033,351707,22345,10738,11607
60070,372319,20581,179162,13033,351738,22346,10738,11608
60075,372350,20581,179177,13033,351769,22346,10738,11608
60080,372381,20581,179196,13033,351800,22346,10738,11608
60085,372412,20581,179213,13033,351831,22346,10738,11608
60090,372443,20581,179225,13033,351862,22346,10738,11608
60095,372474,20581,179240,13033,351893,22346,10738,11608
60100,372505,20581,179256,13033,351924,22346,10738,11608
60105,372536,20581,179273,13033,351955,22346,10738,11608
60110,372567,20581,179288,13033,351986,22346,10738,11608
60115,372598,20582,179305,13034,352016,22347,10739,11608
60120,372629,20583,179318,13035,352045,22348,10740,11608
60125,372660,20589,179334,13040,352071,22351,10740,11611
60130,372691,20594,179346,13043,352097,22353,10740,11613
60135,372722,20597,179364,13045,352125,22354,10741,11613
60140,372753,20598,179380,13045,352154,22355,10741,11614
60145,372784,20600,179393,13046,352184,22356,10742,11614
60150,372815,20601,179413,13047,352214,22357,10742,11615
60155,372846,20602,179432,13048,352244,22358,10742,11616
60160,372877,20603,179442,13049,352274,22359,10742,11617
60165,372908,20604,179453,13049,352304,22360,10743,11617
60170,372939,20606,179469,13051,352333,22362,10744,11618
60175,372970,20609,179483,13054,352360,22364,10744,11620
60180,373001,20612,179498,13056,352388,22366,10746,11620
60185,373032,20615,179515,13059,352417,22367,10746,11621
60190,373063,20616,179530,13060,352447,22368,10746,11622
60195,373094,20617,179543,13061,352477,22369,10747,11622
60200,373125,20619,179563,13062,352506,22370,10748,11622
60205,373156,20620,179581,13063,352536,22371,10749,11622
60210,373187,20621,179598,13063,352566,22372,10750,11622
60215,373218,20622,179611,13063,352596,22373,10751,11622
60220,373249,20623,179625,13064,352626,22374,10751,11623
60225,373280,20624,179637,13064,352656,22375,10751,11624
60230,373311,20626,179652,13066,352685,22377,10751,11626
60235,373342,20628,179667,13068,352714,22382,10752,11630
60240,373373,20631,179684,13071,352742,22387,10756,11631
60245,373404,20634,179694,13074,352770,22390,10757,11633
60250,373435,20637,179713,13075,352798,22391,10758,11633
60255,373466,20640,179728,13076,352826,22392,10758,11634
60260,373497,20641,179745,13077,352856,22392,10758,11634
60265,373528,20642,179764,13078,352886,22392,10758,11634
60270,373559,20643,179777,13079,352916,22392,10758,11634
60275,373590,20644,179794,13080,352946,22392,10758,11634
60280,373621,20645,179809,13080,352976,22392,10758,11634
60285,373652,20646,179828,13081,353006,22392,10758,11634
60290,373683,20647,179844,13082,353036,22392,10758,11634
60295,373714,20649,179858,13083,353065,22392,10758,11634
60300,373745,20651,179874,13084,353094,22392,10758,11634
60305,373776,20656,179887,13088,353120,22392,10758,11634
60310,373807,20661,179901,13090,353146,22392,10758,11634
60315,373838,20666,179922,13094,353172,22392,10758,11634
60320,373869,20668,179934,13095,353201,22392,10758,11634
60325,373900,20671,179951,13098,353229,22392,10758,11634
60330,373931,20674,179964,13099,353257,22392,10758,11634
60335,373962,20676,179980,13100,353286,22392,10758,11634
60340,373993,20678,179992,13100,353315,22392,10758,11634
60345,374024,20680,180010,13100,353344,22392,10758,11634
60350,374055,20682,180023,13102,353373,22394,10759,11635
60355,374086,20684,180039,13103,353401,22397,10760,11637
60360,374117,20686,180053,13105,353430,22400,10761,11639
60365,374148,20688,180068,13106,353460,22402,10763,11639
60370,374179,20689,180083,13106,353490,22404,10764,11640
60375,374210,20690,180101,13106,353520,22406,10766,11640
60380,374241,20691,180117,13107,353550,22408,10767,11641
60385,374272,20692,180125,13107,353580,22410,10767,11643
60390,374303,20693,180143,13108,353610,22412,10768,11644
60395,374334,20694,180161,13109,353640,22413,10768,11645
60400,374365,20695,180173,13110,353670,22414,10768,11646
60405,374396,20696,180190,13110,353700,22415,10769,11646
60410,374427,20697,180204,13111,353730,22416,10769,11647
60415,374458,20698,180216,13111,353760,22417,10770,11647
60420,374489,20699,180232,13112,353790,22418,10771,11647
60425,374520,20702,180245,13114,353818,22420,10771,11649
60430,374551,20706,180261,13116,353845,22422,10772,11650
60435,374582,20707,180274,13116,353875,22423,10772,11651
60440,374613,20710,180294,13118,353903,22424,10772,11652
60445,374644,20713,180312,13121,353931,22425,10773,11652
60450,374675,20715,180323,13123,353960,22426,10773,11653
60455,374706,20715,180343,13123,353991,22427,10774,11653
60460,374737,20715,180356,13123,354022,22428,10775,11653
60465,374768,20715,180372,13123,354053,22431,10776,11655
60470,374799,20715,180386,13123,354084,22433,10778,11655
60475,374830,20715,180392,13123,354115,22435,10778,11657
60480,374861,20715,180411,13123,354146,22437,10780,11657
60485,374892,20715,180423,13123,354177,22439,10780,11659
60490,374923,20715,180437,13123,354208,22441,10781,11660
60495,374954,20715,180450,13123,354239,22444,10782,11662
60500,374985,20715,180468,13123,354270,22447,10784,11663
60505,375016,20715,180485,13123,354301,22450,10787,11663
60510,375047,20715,180499,13123,354332,22453,10789,11664
60515,375078,20715,180518,13123,354363,22455,10790,11665
60520,375109,20715,180534,13123,354394,22457,10790,11667
60525,375140,20716,180551,13124,354424,22459,10791,11668
60530,375171,20717,180566,13124,354454,22461,10791,11670
60535,375202,20719,180578,13124,354482,22464,10791,11673
60540,375233,20722,180590,13125,354510,22467,10793,11674
60545,375264,20726,180608,13129,354537,22471,10794,11677
60550,375295,20730,180626,13133,354565,22474,10794,11680
60555,375326,20732,180636,13134,354594,22477,10794,11683
60560,375357,20734,180652,13136,354623,22479,10796,11683
60565,375388,20736,180670,13137,354652,22481,10797,11684
60570,375419,20738,180681,13139,354681,22484,10798,11686
60575,375450,20740,180692,13141,354710,22487,10799,11688
60580,375481,20741,180703,13141,354740,22489,10800,11689
60585,375512,20742,180721,13141,354770,22491,10801,11690
60590,375543,20743,180734,13142,354800,22493,10802,11691
60595,375574,20745,180748,13143,354829,22495,10803,11692
60600,375605,20747,180760,13145,354858,22496,10803,11693
60605,375636,20749,180772,13146,354887,22497,10803,11694
60610,375667,20749,180784,13146,354918,22498,10804,11694
60615,375698,20749,180792,13146,354949,22499,10805,11694
60620,375729,20749,180809,13146,354980,22500,10805,11695
60625,375760,20749,180822,13146,355011,22501,10805,11696
60630,375791,20749,180836,13146,355042,22502,10805,11697
60635,375822,20749,180851,13146,355073,22503,10805,11698
60640,375853,20749,180863,13146,355104,22504,10805,11699
60645,375884,20749,180879,13146,355135,22505,10806,11699
60650,375915,20750,180891,13147,355165,22509,10807,11702
60655,375946,20752,180908,13149,355194,22513,10810,11703
60660,375977,20755,180921,13152,355222,22516,10812,11704
60665,376008,20757,180934,13152,355251,22520,10812,11708
60670,376039,20758,180950,13153,355281,22524,10815,11709
60675,376070,20760,180961,13154,355310,22528,10815,11713
60680,376101,20762,180970,13155,355339,22532,10817,11715
60685,376132,20764,180988,13157,355367,22535,10818,11717
60690,376163,20766,181005,13159,355397,22536,10819,11717
60695,376194,20767,181015,13160,355427,22537,10819,11718
60700,376225,20768,181033,13161,355457,22538,10820,11718
60705,376256,20769,181051,13162,355486,22539,10821,11718
60710,376287,20771,181069,13163,355515,22540,10821,11719
60715,376318,20773,181081,13164,355545,22541,10822,11719
60720,376349,20774,181096,13164,355575,22542,10822,11720
60725,376380,20775,181114,13164,355604,22545,10824,11721
60730,376411,20777,181126,13165,355634,22548,10826,11722
60735,376442,20778,181141,13165,355663,22551,10828,11723
60740,376473,20780,181152,13166,355693,22554,10829,11725
60745,376504,20781,181172,13166,355723,22556,10830,11726
60750,376535,20782,181187,13167,355753,22558,10831,11727
60755,376566,20783,181204,13168,355783,22560,10832,11728
60760,376597,20784,181219,13168,355813,22562,10833,11729
60765,376628,20786,181234,13170,355842,22564,10834,11730
60770,376659,20789,181249,13171,355870,22566,10835,11731
60775,376690,20793,181263,13174,355896,22567,10836,11731
60780,376721,20798,181278,13178,355923,22568,10836,11732
60785,376752,20799,181292,13179,355953,22569,10836,11733
60790,376783,20800,181306,13179,355983,22570,10836,11734
60795,376814,20801,181321,13180,356013,22571,10836,11735
60800,376845,20802,181339,13180,356043,22572,10837,11735
60805,376876,20803,181355,13181,356073,22573,10837,11736
60810,376907,20804,181372,13181,356103,22574,10837,11737
60815,376938,20805,181385,13182,356133,22575,10837,11738
60820,376969,20806,181400,13182,356163,22576,10838,11738
60825,377000,20807,181411,13183,356193,22577,10838,11739
60830,377031,20808,181425,13184,356223,22579,10839,11740
60835,377062,20809,181436,13184,356253,22581,10839,11742
60840,377093,20810,181453,13185,356283,22582,10839,11743
60845,377124,20811,181468,13186,356313,22584,10840,11744
60850,377155,20813,181482,13187,356342,22585,10841,11744
60855,377186,20815,181496,13188,356371,22586,10842,11744
60860,377217,20817,181513,13190,356400,22587,10842,11745
60865,377248,20819,181530,13192,356429,22588,10842,11746
60870,377279,20821,181546,13194,356458,22589,10842,11747
60875,377310,20822,181558,13194,356488,22590,10842,11748
60880,377341,20824,181568,13195,356517,22591,10843,11748
60885,377372,20825,181583,13196,356547,22592,10843,11749
60890,377403,20829,181599,13200,356574,22593,10844,11749
60895,377434,20831,181608,13201,356603,22595,10844,11751
60900,377465,20834,181627,13204,356631,22597,10845,11752
60905,377496,20837,181643,13205,356658,22599,10846,11753
60910,377527,20841,181660,13208,356685,22601,10848,11753
60915,377558,20844,181679,13210,356714,22603,10850,11753
60920,377589,20846,181695,13210,356742,22605,10851,11754
60925,377620,20849,181708,13212,356771,22607,10852,11755
60930,377651,20852,181720,13215,356798,22609,10852,11757
60935,377682,20855,181736,13217,356827,22611,10853,11758
60940,377713,20858,181752,13218,356855,22613,10854,11759
60945,377744,20861,181770,13219,356882,22616,10856,11760
60950,377775,20864,181784,13221,356911,22622,10859,11763
60955,377806,20865,181798,13222,356941,22629,10863,11766
60960,377837,20866,181814,13223,356971,22635,10866,11769
60965,377868,20871,181832,13228,356997,22639,10867,11772
60970,377899,20874,181847,13230,357025,22641,10869,11772
60975,377930,20876,181860,13230,357054,22642,10869,11773
60980,377961,20878,181869,13230,357083,22643,10870,11773
60985,377992,20881,181882,13231,357111,22644,10871,11773
60990,378023,20882,181899,13231,357141,22644,10871,11773
60995,378054,20883,181913,13231,357171,22644,10871,11773
61000,378085,20884,181925,13231,357201,22644,10871,11773
61005,378116,20885,181935,13231,357231,22644,10871,11773
61010,378147,20886,181952,13231,357261,22644,10871,11773
61015,378178,20887,181966,13231,357291,22644,10871,11773
61020,378209,20888,181985,13231,357321,22644,10871,11773
61025,378240,20889,182002,13231,357350,22644,10871,11773
61030,378271,20891,182018,13232,357379,22644,10871,11773
61035,378302,20893,182035,13233,357408,22644,10871,11773
61040,378333,20895,182049,13235,357438,22644,10871,11773
61045,378364,20896,182061,13235,357467,22644,10871,11773
61050,378395,20898,182077,13236,357497,22644,10871,11773
61055,378426,20899,182091,13236,357526,22644,10871,11773
61060,378457,20901,182104,13238,357555,22645,10872,11773
61065,378488,20903,182121,13239,357584,22647,10873,11774
61070,378519,20905,182138,13241,357614,22650,10876,11774
61075,378550,20906,182155,13242,357644,22655,10879,11776
61080,378581,20907,182172,13242,357674,22659,10881,11778
61085,378612,20910,182188,13245,357702,22663,10882,11781
61090,378643,20913,182202,13248,357730,22666,10883,11783
61095,378674,20917,182221,13250,357757,22669,10884,11785
61100,378705,20921,182240,13253,357784,22672,10884,11788
61105,378736,20926,182257,13257,357810,22675,10887,11788
61110,378767,20928,182268,13258,357839,22678,10888,11790
61115,378798,20931,182283,13261,357867,22681,10888,11793
61120,378829,20935,182296,13264,357894,22684,10890,11794
61125,378860,20939,182313,13266,357921,22687,10891,11796
61130,378891,20942,182330,13269,357949,22690,10893,11797
61135,378922,20944,182344,13271,357978,22692,10894,11798
61140,378953,20946,182360,13272,358007,22694,10895,11799
61145,378984,20948,182368,13272,358035,22695,10895,11800
61150,379015,20952,182382,13275,358063,22696,10895,11801
61155,379046,20955,182398,13277,358091,22697,10895,11802
61160,379077,20958,182414,13279,358119,22698,10896,11802
61165,379108,20959,182431,13280,358149,22699,10897,11802
61170,379139,20960,182443,13280,358179,22700,10897,11803
61175,379170,20961,182458,13281,358209,22701,10897,11804
61180,379201,20962,182473,13282,358239,22702,10898,11804
61185,379232,20963,182486,13282,358269,22703,10899,11804
61190,379263,20964,182496,13282,358299,22706,10900,11806
61195,379294,20965,182513,13283,358329,22709,10902,11807
61200,379325,20966,182523,13283,358359,22713,10903,11810
61205,379356,20966,182534,13283,358390,22716,10904,11812
61210,379387,20966,182549,13283,358421,22718,10906,11812
61215,379418,20966,182562,13283,358452,22720,10908,11812
61220,379449,20966,182582,13283,358483,22722,10909,11813
61225,379480,20966,182598,13283,358514,22724,10910,11814
61230,379511,20966,182613,13283,358545,22726,10911,11815
61235,379542,20966,182623,13283,358576,22728,10912,11816
61240,379573,20966,182636,13283,358607,22730,10913,11817
61245,379604,20967,182653,13284,358637,22732,10915,11817
61250,379635,20968,182665,13285,358667,22735,10916,11819
61255,379666,20969,182679,13286,358696,22737,10916,11821
61260,379697,20972,182699,13288,358724,22739,10917,11822
61265,379728,20978,182714,13293,358750,22742,10918,11824
61270,379759,20982,182727,13295,358777,22744,10918,11826
61275,379790,20985,182740,13297,358804,22745,10918,11827
61280,379821,20988,182752,13298,358833,22746,10919,11827
61285,379852,20992,182768,13300,358859,22747,10919,11828
61290,379883,20996,182785,13303,358887,22748,10920,11828
61295,379914,21000,182804,13306,358913,22749,10921,11828
61300,379945,21005,182820,13309,358940,22750,10921,11829
61305,379976,21008,182832,13311,358968,22751,10921,11830
61310,380007,21010,182851,13313,358997,22754,10923,11831
61315,380038,21011,182860,13314,359027,22757,10923,11834
61320,380069,21012,182875,13315,359057,22760,10925,11835
61325,380100,21012,182897,13315,359088,22763,10928,11835
61330,380131,21012,182917,13315,359119,22765,10930,11835
61335,380162,21012,182930,13315,359150,22767,10931,11836
61340,380193,21012,182943,13315,359181,22768,10932,11836
61345,380224,21012,182959,13315,359212,22769,10933,11836
61350,380255,21012,182980,13315,359243,22770,10934,11836
61355,380286,21012,182995,13315,359274,22772,10935,11837
61360,380317,21012,183008,13315,359305,22774,10935,11839
61365,380348,21012,183026,13315,359336,22776,10936,11840
61370,380379,21012,183044,13315,359367,22779,10939,11840
61375,380410,21013,183059,13315,359396,22782,10939,11843
61380,380441,21016,183076,13317,359425,22785,10940,11845
61385,380472,21018,183090,13318,359453,22786,10940,11846
61390,380503,21021,183105,13320,359482,22787,10941,11846
61395,380534,21024,183124,13322,359509,22788,10942,11846
61400,380565,21027,183139,13325,359538,22789,10942,11847
61405,380596,21029,183154,13325,359567,22790,10943,11847
61410,380627,21031,183169,13326,359596,22791,10944,11847
61415,380658,21034,183183,13328,359623,22792,10945,11847
61420,380689,21037,183196,13329,359651,22793,10945,11848
61425,380720,21040,183205,13331,359680,22794,10946,11848
61430,380751,21042,183215,13331,359709,22797,10948,11849
61435,380782,21044,183229,13331,359738,22800,10951,11849
61440,380813,21046,183244,13332,359766,22804,10952,11852
61445,380844,21049,183256,13334,359794,22809,10953,11856
61450,380875,21052,183274,13336,359822,22813,10954,11859
61455,380906,21055,183290,13338,359851,22815,10954,11861
61460,380937,21057,183307,13340,359880,22817,10956,11861
61465,380968,21059,183317,13340,359909,22819,10957,11862
61470,380999,21061,183332,13341,359938,22821,10958,11863
61475,381030,21063,183348,13343,359966,22823,10959,11864
61480,381061,21066,183365,13346,359995,22825,10959,11866
61485,381092,21068,183379,13348,360024,22827,10961,11866
61490,381123,21071,183393,13349,360051,22830,10963,11867
61495,381154,21075,183406,13352,360079,22833,10966,11867
61500,381185,21076,183419,13353,360109,22836,10968,11868
61505,381216,21078,183432,13353,360138,22837,10969,11868
61510,381247,21082,183448,13356,360165,22838,10969,11869
61515,381278,21084,183463,13358,360194,22839,10970,11869
61520,381309,21086,183482,13359,360223,22840,10971,11869
61525,381340,21088,183499,13360,360252,22841,10971,11870
61530,381371,21090,183518,13361,360281,22842,10972,11870
61535,381402,21092,183537,13363,360310,22843,10972,11871
61540,381433,21094,183559,13365,360339,22844,10973,11871
61545,381464,21096,183576,13366,360368,22846,10974,11872
61550,381495,21098,183592,13368,360397,22848,10974,11874
61555,381526,21100,183607,13369,360426,22852,10976,11876
61560,381557,21102,183625,13371,360455,22855,10977,11878
61565,381588,21103,183641,13371,360485,22859,10978,11881
61570,381619,21104,183664,13372,360514,22860,10979,11881
61575,381650,21106,183678,13374,360544,22861,10980,11881
61580,381681,21106,183699,13374,360575,22862,10981,11881
61585,381712,21106,183710,13374,360606,22863,10982,11881
61590,381743,21106,183730,13374,360637,22864,10982,11882
61595,381774,21106,183748,13374,360668,22865,10983,11882
61600,381805,21107,183766,13374,360698,22866,10983,11883
61605,381836,21108,183779,13374,360728,22867,10983,11884
61610,381867,21109,183792,13374,360758,22869,10983,11886
61615,381898,21110,183808,13375,360788,22871,10983,11888
61620,381929,21111,183821,13375,360818,22873,10983,11890
61625,381960,21115,183838,13378,360845,22876,10984,11892
61630,381991,21119,183854,13382,360872,22879,10984,11895
61635,382022,21121,183873,13383,360901,22882,10985,11897
61640,382053,21123,183893,13385,360930,22885,10987,11898
61645,382084,21125,183907,13386,360959,22888,10988,11900
61650,382115,21127,183918,13387,360988,22891,10989,11902
61655,382146,21129,183934,13388,361017,22894,10992,11902
61660,382177,21131,183947,13389,361046,22897,10994,11903
61665,382208,21133,183965,13391,361075,22899,10996,11903
61670,382239,21135,183977,13393,361104,22903,10997,11906
61675,382270,21138,183993,13395,361132,22908,11000,11908
61680,382301,21141,184005,13397,361160,22913,11002,11911
61685,382332,21142,184017,13398,361190,22915,11003,11912
61690,382363,21143,184035,13399,361220,22916,11003,11913
61695,382394,21145,184048,13401,361249,22917,11004,11913
61700,382425,21146,184061,13401,361279,22918,11005,11913
61705,382456,21148,184078,13403,361308,22919,11006,11913
61710,382487,21149,184098,13404,361338,22920,11007,11913
61715,382518,21151,184113,13406,361367,22921,11008,11913
61720,382549,21152,184130,13406,361397,22922,11009,11913
61725,382580,21154,184144,13407,361426,22923,11010,11913
61730,382611,21154,184162,13407,361457,22924,11011,11913
61735,382642,21156,184175,13409,361486,22925,11011,11914
61740,382673,21157,184191,13409,361516,22926,11012,11914
61745,382704,21159,184207,13410,361545,22927,11012,11915
61750,382735,21160,184221,13411,361574,22928,11012,11916
61755,382766,21163,184240,13413,361603,22929,11012,11917
61760,382797,21164,184258,13413,361633,22930,11012,11918
61765,382828,21165,184275,13414,361663,22931,11012,11919
61770,382859,21166,184290,13415,361693,22933,11013,11920
61775,382890,21168,184304,13416,361722,22935,11014,11921
61780,382921,21170,184322,13417,361750,22937,11015,11922
61785,382952,21172,184340,13419,361780,22939,11016,11923
61790,382983,21174,184359,13421,361809,22944,11017,11927
61795,383014,21178,184371,13425,361836,22950,11018,11932
61800,383045,21179,184386,13426,361866,22954,11020,11934
61805,383076,21181,184401,13427,361895,22955,11021,11934
61810,383107,21184,184418,13428,361922,22956,11022,11934
61815,383138,21187,184435,13429,361951,22957,11023,11934
61820,383169,21189,184453,13430,361979,22958,11024,11934
61825,383200,21193,184465,13432,362007,22959,11024,11935
61830,383231,21196,184481,13433,362034,22960,11025,11935
61835,383262,21199,184493,13435,362063,22961,11025,11936
61840,383293,21200,184508,13436,362093,22962,11026,11936
61845,383324,21202,184524,13437,362122,22963,11027,11936
61850,383355,21203,184544,13438,362152,22964,11027,11937
61855,383386,21203,184554,13438,362183,22965,11028,11937
61860,383417,21203,184568,13438,362214,22966,11028,11938
61865,383448,21203,184588,13438,362245,22967,11029,11938
61870,383479,21203,184600,13438,362276,22968,11029,11939
61875,383510,21203,184616,13438,362307,22969,11029,11940
61880,383541,21203,184633,13438,362338,22970,11030,11940
61885,383572,21203,184648,13438,362369,22971,11030,11941
61890,383603,21203,184662,13438,362400,22972,11030,11942
61895,383634,21203,184680,13438,362431,22973,11030,11943
61900,383665,21203,184700,13438,362462,22974,11030,11944
61905,383696,21204,184716,13438,362491,22979,11031,11948
61910,383727,21207,184729,13441,362519,22984,11033,11951
61915,383758,21209,184745,13443,362549,22989,11036,11953
61920,383789,21210,184762,13444,362578,22993,11039,11954
61925,383820,21212,184776,13445,362607,22993,11039,11954
61930,383851,21214,184788,13447,362637,22993,11039,11954
61935,383882,21215,184802,13447,362667,22993,11039,11954
61940,383913,21218,184813,13448,362694,22993,11039,11954
61945,383944,21221,184828,13451,362722,22993,11039,11954
61950,383975,21223,184842,13452,362752,22993,11039,11954
61955,384006,21225,184857,13454,362780,22993,11039,11954
61960,384037,21229,184869,13456,362807,22993,11039,11954
61965,384068,21232,184882,13457,362835,22993,11039,11954
61970,384099,21236,184897,13461,362863,22993,11039,11954
61975,384130,21238,184913,13461,362892,22993,11039,11954
61980,384161,21241,184930,13464,362919,22993,11039,11954
61985,384192,21246,184942,13468,362946,22993,11039,11954
61990,384223,21250,184956,13470,362973,22993,11039,11954
61995,384254,21254,184975,13473,362999,22993,11039,11954
62000,384285,21258,184989,13477,363027,22993,11039,11954
62005,384316,21260,185006,13478,363056,22993,11039,11954
62010,384347,21262,185018,13480,363085,22994,11040,11954
62015,384378,21264,185037,13482,363114,22995,11041,11954
62020,384409,21267,185054,13485,363142,22998,11043,11955
62025,384440,21269,185071,13487,363171,23002,11045,11957
62030,384471,21269,185086,13487,363202,23007,11046,11961
62035,384502,21269,185100,13487,363233,23012,11049,11963
62040,384533,21269,185113,13487,363264,23014,11049,11965
62045,384564,21271,185125,13489,363293,23015,11049,11966
62050,384595,21272,185139,13490,363323,23016,11050,11966
62055,384626,21274,185155,13492,363352,23017,11051,11966
62060,384657,21275,185171,13493,363382,23018,11051,11967
62065,384688,21277,185182,13494,363411,23019,11051,11968
62070,384719,21278,185198,13495,363441,23020,11051,11969
62075,384750,21279,185213,13496,363471,23021,11052,11969
62080,384781,21280,185227,13497,363501,23022,11053,11969
62085,384812,21282,185240,13499,363530,23023,11054,11969
62090,384843,21283,185253,13499,363560,23024,11055,11969
62095,384874,21285,185268,13501,363589,23025,11055,11970
62100,384905,21286,185282,13501,363619,23026,11055,11971
62105,384936,21287,185297,13502,363649,23027,11056,11971
62110,384967,21289,185310,13504,363678,23028,11057,11971
62115,384998,21291,185324,13506,363707,23029,11057,11972
62120,385029,21293,185342,13508,363736,23030,11057,11973
62125,385060,21294,185356,13509,363766,23031,11057,11974
62130,385091,21295,185373,13509,363796,23033,11058,11975
62135,385122,21296,185389,13509,363826,23035,11060,11975
62140,385153,21297,185407,13510,363856,23038,11062,11976
62145,385184,21300,185423,13513,363884,23042,11064,11978
62150,385215,21302,185437,13514,363913,23046,11065,11981
62155,385246,21304,185457,13516,363942,23051,11069,11982
62160,385277,21307,185470,13519,363970,23056,11069,11987
62165,385308,21311,185487,13522,363996,23058,11069,11989
62170,385339,21315,185505,13525,364023,23059,11070,11989
62175,385370,21319,185519,13528,364050,23060,11070,11990
62180,385401,21322,185537,13530,364079,23061,11071,11990
62185,385432,21324,185548,13530,364108,23062,11071,11991
62190,385463,21327,185564,13532,364136,23063,11072,11991
62195,385494,21330,185577,13533,364164,23064,11073,11991
62200,385525,21333,185595,13536,364191,23065,11074,11991
62205,385556,21334,185611,13537,364222,23066,11075,11991
62210,385587,21334,185621,13537,364253,23068,11076,11992
62215,385618,21334,185633,13537,364284,23070,11077,11993
62220,385649,21334,185645,13537,364315,23072,11077,11995
62225,385680,21334,185659,13537,364346,23074,11077,11997
62230,385711,21334,185672,13537,364377,23075,11078,11997
62235,385742,21334,185686,13537,364408,23076,11078,11998
62240,385773,21334,185701,13537,364439,23077,11079,11998
62245,385804,21334,185717,13537,364470,23078,11080,11998
62250,385835,21334,185734,13537,364501,23079,11081,11998
62255,385866,21334,185753,13537,364532,23080,11081,11999
62260,385897,21334,185769,13537,364563,23081,11081,12000
62265,385928,21334,185785,13537,364594,23083,11081,12002
62270,385959,21336,185800,13539,364623,23085,11082,12003
62275,385990,21337,185813,13539,364653,23087,11083,12004
62280,386021,21339,185830,13540,364682,23089,11084,12005
62285,386052,21344,185842,13543,364708,23090,11084,12006
62290,386083,21347,185854,13545,364736,23091,11084,12007
62295,386114,21352,185870,13547,364762,23092,11084,12008
62300,386145,21357,185886,13551,364788,23093,11084,12009
62305,386176,21360,185901,13552,364816,23094,11084,12010
62310,386207,21364,185915,13555,364843,23095,11085,12010
62315,386238,21370,185929,13558,364868,23096,11086,12010
62320,386269,21373,185943,13561,364896,23097,11087,12010
62325,386300,21377,185954,13563,364923,23099,11088,12011
62330,386331,21381,185970,13565,364949,23102,11090,12012
62335,386362,21385,185983,13568,364976,23106,11091,12015
62340,386393,21388,185991,13570,365005,23110,11092,12018
62345,386424,21391,186005,13572,365032,23113,11093,12020
62350,386455,21393,186020,13574,365062,23115,11094,12021
62355,386486,21394,186030,13575,365091,23117,11095,12022
62360,386517,21396,186050,13577,365121,23119,11096,12023
62365,386548,21396,186066,13577,365152,23120,11097,12023
62370,386579,21396,186081,13577,365183,23121,11098,12023
62375,386610,21396,186098,13577,365214,23122,11099,12023
62380,386641,21396,186114,13577,365245,23123,11100,12023
62385,386672,21396,186135,13577,365276,23124,11101,12023
62390,386703,21396,186149,13577,365307,23125,11102,12023
62395,386734,21396,186159,13577,365338,23126,11103,12023
62400,386765,21396,186169,13577,365369,23127,11103,12024
62405,386796,21396,186185,13577,365400,23128,11104,12024
62410,386827,21396,186203,13577,365431,23129,11105,12024
62415,386858,21396,186216,13577,365462,23130,11105,12025
62420,386889,21396,186228,13577,365493,23131,11105,12026
62425,386920,21396,186242,13577,365524,23132,11106,12026
62430,386951,21396,186255,13577,365555,23133,11106,12027
62435,386982,21396,186271,13577,365585,23134,11107,12027
62440,387013,21398,186286,13579,365614,23135,11108,12027
62445,387044,21400,186302,13581,365644,23136,11109,12027
62450,387075,21401,186324,13581,365674,23138,11111,12027
62455,387106,21405,186342,13583,365701,23140,11113,12027
62460,387137,21409,186352,13585,365728,23142,11113,12029
62465,387168,21412,186369,13588,365756,23144,11114,12030
62470,387199,21414,186382,13588,365785,23147,11115,12032
62475,387230,21416,186393,13590,365814,23150,11117,12033
62480,387261,21418,186409,13590,365843,23152,11119,12033
62485,387292,21420,186424,13590,365872,23154,11120,12034
62490,387323,21422,186438,13591,365901,23156,11120,12036
62495,387354,21424,186449,13591,365930,23158,11121,12037
62500,387385,21426,186467,13593,365959,23160,11123,12037
62505,387416,21429,186477,13595,365987,23162,11125,12037
62510,387447,21431,186491,13595,366016,23164,11127,12037
62515,387478,21434,186508,13597,366044,23166,11127,12039
62520,387509,21437,186521,13598,366072,23167,11128,12039
62525,387540,21438,186539,13599,366102,23168,11129,12039
62530,387571,21439,186552,13599,366132,23169,11130,12039
62535,387602,21440,186564,13600,366162,23170,11130,12040
62540,387633,21441,186574,13600,366192,23171,11130,12041
62545,387664,21442,186585,13601,366222,23172,11131,12041
62550,387695,21443,186601,13602,366252,23173,11131,12042
62555,387726,21444,186622,13602,366282,23174,11132,12042
62560,387757,21445,186634,13603,366312,23175,11133,12042
62565,387788,21447,186650,13604,366340,23177,11133,12044
62570,387819,21450,186667,13607,366368,23179,11134,12045
62575,387850,21454,186682,13610,366395,23182,11135,12047
62580,387881,21459,186698,13614,366422,23185,11136,12049
62585,387912,21460,186711,13615,366452,23186,11136,12050
62590,387943,21461,186726,13615,366482,23187,11136,12051
62595,387974,21462,186740,13615,366512,23188,11136,12052
62600,388005,21463,186754,13615,366542,23189,11137,12052
62605,388036,21464,186763,13615,366572,23190,11137,12053
62610,388067,21465,186776,13616,366602,23191,11138,12053
62615,388098,21466,186791,13616,366632,23192,11138,12054
62620,388129,21467,186802,13616,366662,23193,11139,12054
62625,388160,21468,186818,13617,366692,23195,11140,12055
62630,388191,21469,186833,13618,366722,23197,11141,12056
62635,388222,21470,186850,13618,366752,23199,11143,12056
62640,388253,21471,186864,13618,366782,23202,11145,12057
62645,388284,21472,186879,13618,366812,23205,11145,12060
62650,388315,21474,186897,13620,366841,23208,11146,12062
62655,388346,21475,186908,13621,366871,23210,11147,12063
62660,388377,21475,186925,13621,366902,23212,11149,12063
62665,388408,21475,186937,13621,366933,23214,11149,12065
62670,388439,21475,186948,13621,366964,23216,11150,12066
62675,388470,21475,186963,13621,366995,23217,11150,12067
62680,388501,21475,186979,13621,367026,23218,11151,12067
62685,388532,21476,186995,13622,367056,23219,11151,12068
62690,388563,21478,187008,13624,367085,23222,11152,12070
62695,388594,21482,187025,13626,367112,23225,11153,12072
62700,388625,21486,187036,13628,367139,23228,11153,12075
62705,388656,21489,187050,13629,367166,23229,11153,12076
62710,388687,21492,187066,13632,367195,23230,11154,12076
62715,388718,21494,187080,13633,367224,23231,11155,12076
62720,388749,21496,187093,13633,367252,23232,11155,12077
62725,388780,21499,187104,13636,367281,23233,11155,12078
62730,388811,21501,187122,13637,367309,23234,11155,12079
62735,388842,21504,187138,13638,367337,23235,11155,12080
62740,388873,21507,187160,13641,367365,23236,11155,12081
62745,388904,21509,187174,13643,367395,23237,11156,12081
62750,388935,21510,187187,13643,367425,23238,11157,12081
62755,388966,21511,187199,13643,367455,23239,11158,12081
62760,388997,21512,187207,13644,367484,23241,11158,12083
62765,389028,21514,187219,13645,367514,23243,11158,12085
62770,389059,21515,187236,13646,367544,23245,11159,12086
62775,389090,21516,187255,13647,367574,23248,11161,12087
62780,389121,21517,187270,13648,367604,23251,11162,12089
62785,389152,21518,187288,13648,367634,23254,11164,12090
62790,389183,21519,187306,13648,367664,23257,11165,12092
62795,389214,21520,187323,13648,367694,23259,11165,12094
62800,389245,21521,187340,13649,367724,23260,11166,12094
62805,389276,21522,187359,13649,367754,23262,11168,12094
62810,389307,21523,187373,13650,367784,23265,11169,12096
62815,389338,21526,187387,13652,367812,23268,11170,12098
62820,389369,21528,187401,13653,367841,23271,11173,12098
62825,389400,21531,187416,13655,367869,23272,11173,12099
62830,389431,21532,187430,13655,367899,23273,11174,12099
62835,389462,21533,187447,13655,367929,23274,11175,12099
62840,389493,21534,187463,13655,367959,23275,11175,12100
62845,389524,21535,187481,13655,367989,23276,11176,12100
62850,389555,21536,187493,13655,368019,23277,11176,12101
62855,389586,21537,187504,13655,368049,23278,11177,12101
62860,389617,21538,187518,13656,368079,23279,11178,12101
62865,389648,21539,187537,13656,368109,23280,11178,12102
62870,389679,21540,187551,13656,368139,23281,11179,12102
62875,389710,21541,187569,13656,368169,23282,11180,12102
62880,389741,21542,187587,13657,368199,23283,11180,12103
62885,389772,21543,187599,13657,368229,23285,11180,12105
62890,389803,21544,187609,13658,368259,23287,11181,12106
62895,389834,21545,187622,13658,368289,23288,11181,12107
62900,389865,21546,187638,13659,368319,23289,11182,12107
62905,389896,21547,187651,13659,368349,23290,11182,12108
62910,389927,21548,187665,13660,368379,23291,11182,12109
62915,389958,21549,187682,13660,368409,23292,11183,12109
62920,389989,21550,187693,13661,368439,23293,11183,12110
62925,390020,21551,187707,13662,368469,23296,11183,12113
62930,390051,21555,187723,13666,368496,23300,11184,12116
62935,390082,21560,187736,13669,368521,23306,11186,12120
62940,390113,21565,187753,13674,368548,23312,11190,12122
62945,390144,21568,187767,13675,368576,23315,11193,12122
62950,390175,21572,187783,13677,368603,23318,11194,12124
62955,390206,21576,187798,13679,368629,23320,11195,12125
62960,390237,21581,187819,13682,368655,23321,11196,12125
62965,390268,21584,187836,13684,368684,23322,11197,12125
62970,390299,21586,187851,13685,368713,23323,11197,12126
62975,390330,21587,187862,13685,368743,23324,11197,12127
62980,390361,21588,187880,13685,368772,23324,11197,12127
62985,390392,21590,187897,13686,368802,23324,11197,12127
62990,390423,21591,187906,13686,368832,23324,11197,12127
62995,390454,21592,187917,13687,368862,23324,11197,12127
63000,390485,21593,187930,13688,368892,23324,11197,12127
63005,390516,21593,187941,13688,368923,23324,11197,12127
63010,390547,21593,187959,13688,368954,23324,11197,12127
63015,390578,21593,187981,13688,368985,23324,11197,12127
63020,390609,21593,187997,13688,369016,23324,11197,12127
63025,390640,21593,188017,13688,369047,23324,11197,12127
63030,390671,21593,188033,13688,369078,23324,11197,12127
63035,390702,21593,188054,13688,369109,23324,11197,12127
63040,390733,21593,188072,13688,369140,23324,11197,12127
63045,390764,21594,188082,13689,369170,23325,11198,12127
63050,390795,21595,188100,13689,369200,23329,11200,12129
63055,390826,21596,188114,13690,369230,23334,11202,12132
63060,390857,21597,188132,13691,369260,23340,11205,12135
63065,390888,21599,188143,13691,369288,23342,11206,12136
63070,390919,21604,188163,13695,369315,23344,11207,12137
63075,390950,21607,188177,13696,369343,23346,11208,12138
63080,390981,21611,188198,13699,369370,23348,11209,12139
63085,391012,21614,188212,13700,369397,23350,11209,12141
63090,391043,21617,188232,13703,369425,23352,11210,12142
63095,391074,21620,188244,13706,369453,23354,11210,12144
63100,391105,21623,188256,13708,369481,23356,11211,12145
63105,391136,21626,188272,13710,369509,23358,11212,12146
63110,391167,21630,188287,13713,369537,23360,11213,12147
63115,391198,21633,188301,13714,369565,23362,11213,12149
63120,391229,21636,188316,13716,369593,23364,11214,12150
63125,391260,21638,188332,13718,369622,23366,11216,12150
63130,391291,21640,188345,13720,369651,23368,11218,12150
63135,391322,21642,188364,13721,369680,23370,11220,12150
63140,391353,21642,188376,13721,369711,23372,11222,12150
63145,391384,21642,188394,13721,369742,23373,11223,12150
63150,391415,21642,188407,13721,369773,23374,11223,12151
63155,391446,21642,188422,13721,369804,23375,11224,12151
63160,391477,21642,188440,13721,369835,23376,11224,12152
63165,391508,21642,188456,13721,369866,23377,11225,12152
63170,391539,21642,188471,13721,369897,23379,11225,12154
63175,391570,21643,188492,13722,369926,23381,11226,12155
63180,391601,21646,188511,13724,369954,23383,11227,12156
63185,391632,21648,188524,13725,369984,23385,11229,12156
63190,391663,21648,188540,13725,370015,23386,11229,12157
63195,391694,21648,188556,13725,370046,23387,11230,12157
63200,391725,21648,188564,13725,370077,23388,11231,12157
63205,391756,21648,188582,13725,370108,23389,11231,12158
63210,391787,21648,188594,13725,370139,23390,11231,12159
63215,391818,21648,188611,13725,370170,23391,11232,12159
63220,391849,21648,188621,13725,370201,23392,11232,12160
63225,391880,21648,188638,13725,370232,23393,11232,12161
63230,391911,21648,188655,13725,370263,23395,11234,12161
63235,391942,21648,188669,13725,370294,23397,11234,12163
63240,391973,21648,188683,13725,370325,23399,11235,12164
63245,392004,21649,188702,13726,370355,23401,11236,12165
63250,392035,21650,188715,13726,370385,23403,11236,12167
63255,392066,21651,188727,13727,370415,23405,11236,12169
63260,392097,21652,188747,13727,370445,23407,11237,12170
63265,392128,21653,188764,13728,370475,23409,11239,12170
63270,392159,21654,188782,13728,370505,23411,11240,12171
63275,392190,21655,188801,13729,370535,23413,11240,12173
63280,392221,21656,188814,13729,370565,23415,11242,12173
63285,392252,21657,188833,13729,370595,23417,11244,12173
63290,392283,21661,188846,13730,370621,23422,11248,12174
63295,392314,21666,188863,13733,370647,23427,11252,12175
63300,392345,21671,188880,13735,370674,23431,11254,12177
63305,392376,21673,188901,13736,370703,23433,11256,12177
63310,392407,21675,188917,13737,370732,23435,11256,12179
63315,392438,21676,188926,13738,370762,23436,11256,12180
63320,392469,21677,188935,13738,370792,23437,11256,12181
63325,392500,21678,188951,13739,370822,23438,11257,12181
63330,392531,21679,188964,13739,370852,23439,11257,12182
63335,392562,21680,188976,13739,370882,23440,11258,12182
63340,392593,21681,188994,13740,370912,23441,11258,12183
63345,392624,21682,189009,13740,370942,23442,11258,12184
63350,392655,21683,189028,13741,370972,23444,11260,12184
63355,392686,21684,189043,13741,371002,23446,11260,12186
63360,392717,21685,189059,13741,371032,23448,11260,12188
63365,392748,21686,189072,13742,371062,23450,11260,12190
63370,392779,21687,189092,13742,371092,23452,11262,12190
63375,392810,21688,189106,13742,371122,23454,11264,12190
63380,392841,21689,189122,13742,371152,23456,11264,12192
63385,392872,21690,189136,13743,371182,23458,11264,12194
63390,392903,21691,189153,13744,371212,23461,11266,12195
63395,392934,21692,189166,13744,371242,23463,11267,12196
63400,392965,21693,189185,13744,371272,23465,11269,12196
63405,392996,21694,189204,13744,371302,23468,11272,12196
63410,393027,21697,189218,13745,371330,23472,11274,12198
63415,393058,21701,189239,13749,371356,23476,11275,12201
63420,393089,21707,189260,13753,371381,23480,11278,12202
63425,393120,21712,189274,13758,371408,23481,11278,12203
63430,393151,21712,189289,13758,371439,23482,11279,12203
63435,393182,21712,189301,13758,371470,23482,11279,12203
63440,393213,21712,189318,13758,371501,23482,11279,12203
63445,393244,21712,189333,13758,371532,23482,11279,12203
63450,393275,21712,189346,13758,371563,23482,11279,12203
63455,393306,21712,189357,13758,371594,23482,11279,12203
63460,393337,21712,189370,13758,371625,23482,11279,12203
63465,393368,21712,189387,13758,371656,23483,11280,12203
63470,393399,21712,189403,13758,371687,23484,11280,12204
63475,393430,21712,189414,13758,371718,23485,11280,12205
63480,393461,21712,189423,13758,371749,23486,11281,12205
63485,393492,21712,189438,13758,371780,23487,11282,12205
63490,393523,21712,189455,13758,371811,23488,11283,12205
63495,393554,21712,189471,13758,371842,23489,11284,12205
63500,393585,21712,189489,13758,371873,23490,11284,12206
63505,393616,21712,189508,13758,371904,23491,11285,12206
63510,393647,21712,189526,13758,371935,23492,11286,12206
63515,393678,21712,189540,13758,371966,23493,11287,12206
63520,393709,21712,189558,13758,371997,23495,11288,12207
63525,393740,21713,189571,13759,372027,23498,11288,12210
63530,393771,21716,189585,13762,372055,23501,11289,12212
63535,393802,21721,189606,13767,372080,23505,11291,12214
63540,393833,21726,189622,13771,372107,23509,11293,12216
63545,393864,21730,189636,13774,372134,23512,11295,12217
63550,393895,21733,189651,13776,372161,23514,11295,12219
63555,393926,21737,189667,13780,372189,23515,11296,12219
63560,393957,21738,189681,13780,372218,23516,11297,12219
63565,393988,21740,189694,13781,372248,23517,11297,12220
63570,394019,21741,189704,13781,372278,23518,11297,12221
63575,394050,21742,189715,13781,372307,23519,11297,12222
63580,394081,21743,189727,13782,372338,23520,11297,12223
63585,394112,21743,189739,13782,372369,23522,11297,12225
63590,394143,21743,189755,13782,372400,23524,11299,12225
63595,394174,21743,189771,13782,372431,23526,11300,12226
63600,394205,21743,189789,13782,372462,23527,11301,12226
63605,394236,21745,189803,13783,372491,23528,11301,12227
63610,394267,21746,189820,13783,372521,23529,11301,12228
63615,394298,21746,189835,13783,372552,23530,11301,12229
63620,394329,21746,189845,13783,372583,23531,11301,12230
63625,394360,21746,189858,13783,372614,23532,11301,12231
63630,394391,21746,189873,13783,372645,23533,11302,12231
63635,394422,21746,189885,13783,372676,23534,11303,12231
63640,394453,21746,189901,13783,372707,23537,11305,12232
63645,394484,21746,189921,13783,372738,23541,11309,12232
63650,394515,21747,189936,13783,372768,23544,11311,12233
63655,394546,21748,189953,13784,372798,23546,11312,12234
63660,394577,21749,189970,13784,372828,23548,11313,12235
63665,394608,21752,189983,13785,372856,23549,11314,12235
63670,394639,21753,189999,13786,372886,23549,11314,12235
63675,394670,21754,190014,13786,372916,23549,11314,12235
63680,394701,21755,190029,13787,372946,23549,11314,12235
63685,394732,21756,190046,13787,372976,23549,11314,12235
63690,394763,21757,190062,13788,373006,23549,11314,12235
63695,394794,21758,190079,13789,373036,23549,11314,12235
63700,394825,21759,190094,13789,373066,23550,11314,12236
63705,394856,21760,190110,13789,373096,23551,11314,12237
63710,394887,21761,190121,13789,373126,23553,11316,12237
63715,394918,21762,190136,13790,373156,23555,11317,12238
63720,394949,21764,190146,13791,373185,23557,11318,12239
63725,394980,21767,190161,13792,373213,23559,11319,12240
63730,395011,21771,190175,13794,373240,23561,11320,12241
63735,395042,21773,190194,13796,373269,23563,11321,12242
63740,395073,21777,190208,13798,373296,23565,11322,12243
63745,395104,21781,190227,13802,373323,23567,11323,12244
63750,395135,21785,190244,13806,373350,23570,11325,12245
63755,395166,21788,190259,13808,373378,23575,11327,12248
63760,395197,21789,190276,13808,373408,23579,11330,12249
63765,395228,21791,190289,13809,373437,23583,11332,12251
63770,395259,21793,190305,13810,373466,23588,11336,12252
63775,395290,21797,190319,13812,373492,23593,11339,12254
63780,395321,21802,190335,13816,373518,23597,11342,12255
63785,395352,21804,190347,13817,373548,23599,11343,12256
63790,395383,21805,190366,13818,373578,23601,11344,12257
63795,395414,21806,190380,13819,373608,23602,11345,12257
63800,395445,21807,190394,13819,373638,23603,11346,12257
63805,395476,21808,190408,13819,373668,23604,11347,12257
63810,395507,21809,190422,13819,373698,23605,11347,12258
63815,395538,21810,190435,13819,373728,23606,11347,12259
63820,395569,21811,190447,13819,373758,23607,11348,12259
63825,395600,21812,190464,13820,373788,23608,11348,12260
63830,395631,21813,190481,13821,373818,23609,11348,12261
63835,395662,21814,190500,13821,373848,23610,11349,12261
63840,395693,21815,190513,13821,373878,23611,11350,12261
63845,395724,21816,190527,13821,373908,23612,11351,12261
63850,395755,21817,190542,13821,373938,23613,11351,12262
63855,395786,21818,190558,13821,373968,23614,11351,12263
63860,395817,21819,190574,13822,373998,23616,11352,12264
63865,395848,21820,190591,13822,374028,23618,11353,12265
63870,395879,21821,190604,13822,374058,23620,11355,12265
63875,395910,21822,190620,13822,374088,23622,11356,12266
63880,395941,21823,190632,13822,374118,23624,11358,12266
63885,395972,21825,190651,13824,374147,23626,11360,12266
63890,396003,21830,190663,13826,374172,23631,11362,12269
63895,396034,21833,190680,13829,374200,23637,11364,12273
63900,396065,21839,190698,13835,374226,23643,11367,12276
63905,396096,21842,190711,13837,374254,23644,11368,12276
63910,396127,21845,190726,13838,374282,23644,11368,12276
63915,396158,21848,190742,13841,374310,23644,11368,12276
63920,396189,21850,190751,13843,374339,23644,11368,12276
63925,396220,21851,190765,13843,374369,23644,11368,12276
63930,396251,21852,190779,13844,374399,23644,11368,12276
63935,396282,21853,190797,13844,374429,23644,11368,12276
63940,396313,21854,190811,13844,374459,23644,11368,12276
63945,396344,21855,190829,13845,374489,23644,11368,12276
63950,396375,21856,190845,13845,374519,23644,11368,12276
63955,396406,21857,190862,13845,374549,23644,11368,12276
63960,396437,21858,190873,13845,374579,23644,11368,12276
63965,396468,21859,190887,13846,374609,23644,11368,12276
63970,396499,21860,190905,13846,374639,23644,11368,12276
63975,396530,21861,190921,13846,374669,23644,11368,12276
63980,396561,21862,190935,13847,374699,23644,11368,12276
63985,396592,21863,190949,13847,374729,23644,11368,12276
63990,396623,21864,190965,13847,374759,23644,11368,12276
63995,396654,21865,190978,13848,374789,23644,11368,12276
64000,396685,21866,190990,13849,374819,23644,11368,12276
64005,396716,21868,191004,13850,374848,23647,11368,12279
64010,396747,21870,191020,13850,374877,23653,11372,12281
64015,396778,21872,191037,13850,374906,23658,11375,12283
64020,396809,21876,191053,13853,374933,23662,11378,12284
64025,396840,21881,191072,13855,374959,23664,11380,12284
64030,396871,21886,191092,13859,374984,23667,11382,12285
64035,396902,21891,191104,13863,375011,23670,11383,12287
64040,396933,21893,191119,13864,375040,23673,11384,12289
64045,396964,21895,191135,13865,375069,23676,11386,12290
64050,396995,21895,191155,13865,375100,23678,11387,12291
64055,397026,21895,191168,13865,375131,23679,11388,12291
64060,397057,21895,191187,13865,375162,23680,11389,12291
64065,397088,21895,191203,13865,375193,23681,11390,12291
64070,397119,21895,191221,13865,375224,23682,11390,12292
64075,397150,21895,191233,13865,375255,23683,11390,12293
64080,397181,21895,191254,13865,375286,23684,11391,12293
64085,397212,21895,191268,13865,375317,23685,11392,12293
64090,397243,21895,191280,13865,375348,23686,11392,12294
64095,397274,21895,191295,13865,375379,23687,11392,12295
64100,397305,21895,191315,13865,375410,23688,11392,12296
64105,397336,21895,191328,13865,375441,23689,11393,12296
64110,397367,21895,191346,13865,375472,23690,11394,12296
64115,397398,21895,191362,13865,375503,23691,11395,12296
64120,397429,21895,191376,13865,375534,23693,11396,12297
64125,397460,21895,191388,13865,375565,23696,11398,12298
64130,397491,21895,191403,13865,375596,23701,11402,12299
64135,397522,21895,191416,13865,375627,23705,11404,12301
64140,397553,21896,191429,13866,375657,23709,11405,12304
64145,397584,21899,191447,13867,375685,23711,11406,12305
64150,397615,21902,191466,13869,375713,23713,11408,12305
64155,397646,21905,191483,13872,375741,23715,11408,12307
64160,397677,21909,191498,13874,375768,23717,11409,12308
64165,397708,21913,191514,13877,375795,23719,11409,12310
64170,397739,21916,191528,13878,375823,23722,11412,12310
64175,397770,21920,191543,13882,375850,23725,11413,12312
64180,397801,21923,191555,13883,375878,23728,11415,12313
64185,397832,21927,191568,13885,375905,23731,11415,12316
64190,397863,21930,191580,13886,375933,23734,11416,12318
64195,397894,21934,191591,13887,375960,23737,11417,12320
64200,397925,21938,191612,13891,375987,23740,11419,12321
64205,397956,21942,191627,13892,376014,23743,11421,12322
64210,397987,21947,191647,13895,376040,23746,11422,12324
64215,398018,21949,191657,13895,376069,23749,11423,12326
64220,398049,21951,191675,13896,376098,23752,11426,12326
64225,398080,21953,191684,13896,376127,23755,11427,12328
64230,398111,21956,191701,13898,376155,23758,11428,12330
64235,398142,21959,191715,13900,376183,23761,11430,12331
64240,398173,21962,191728,13902,376211,23763,11432,12331
64245,398204,21964,191746,13904,376240,23766,11435,12331
64250,398235,21967,191760,13906,376268,23772,11437,12335
64255,398266,21970,191773,13909,376296,23777,11439,12338
64260,398297,21972,191788,13910,376324,23782,11440,12342
64265,398328,21973,191801,13911,376355,23783,11440,12343
64270,398359,21973,191817,13911,376386,23784,11441,12343
64275,398390,21973,191832,13911,376417,23785,11441,12344
64280,398421,21973,191851,13911,376448,23786,11442,12344
64285,398452,21973,191868,13911,376479,23787,11442,12345
64290,398483,21973,191879,13911,376510,23788,11442,12346
64295,398514,21973,191897,13911,376541,23789,11443,12346
64300,398545,21973,191911,13911,376572,23790,11444,12346
64305,398576,21973,191925,13911,376603,23791,11444,12347
64310,398607,21973,191943,13911,376634,23792,11445,12347
64315,398638,21973,191959,13911,376665,23793,11445,12348
64320,398669,21973,191977,13911,376696,23794,11446,12348
64325,398700,21973,191996,13911,376727,23796,11448,12348
64330,398731,21973,192008,13911,376758,23798,11449,12349
64335,398762,21973,192025,13911,376789,23800,11451,12349
64340,398793,21973,192040,13911,376820,23802,11451,12351
64345,398824,21973,192053,13911,376851,23804,11452,12352
64350,398855,21973,192065,13911,376882,23806,11453,12353
64355,398886,21973,192083,13911,376913,23809,11455,12354
64360,398917,21973,192097,13911,376944,23812,11457,12355
64365,398948,21974,192112,13912,376974,23816,11457,12359
64370,398979,21979,192123,13916,377000,23821,11459,12362
64375,399010,21984,192134,13918,377026,23826,11461,12365
64380,399041,21988,192146,13920,377052,23831,11462,12369
64385,399072,21991,192161,13923,377080,23831,11462,12369
64390,399103,21994,192175,13926,377109,23831,11462,12369
64395,399134,21996,192190,13926,377138,23831,11462,12369
64400,399165,21998,192206,13926,377167,23831,11462,12369
64405,399196,22000,192217,13927,377196,23831,11462,12369
64410,399227,22002,192229,13927,377225,23831,11462,12369
64415,399258,22004,192243,13927,377254,23831,11462,12369
64420,399289,22006,192255,13927,377283,23831,11462,12369
64425,399320,22008,192271,13929,377312,23831,11462,12369
64430,399351,22010,192282,13929,377341,23831,11462,12369
64435,399382,22012,192297,13931,377370,23831,11462,12369
64440,399413,22014,192310,13933,377399,23831,11462,12369
64445,399444,22016,192326,13935,377428,23831,11462,12369
64450,399475,22018,192335,13936,377457,23831,11462,12369
64455,399506,22020,192349,13936,377486,23831,11462,12369
64460,399537,22022,192361,13936,377515,23831,11462,12369
64465,399568,22024,192374,13937,377544,23831,11462,12369
64470,399599,22026,192392,13938,377573,23831,11462,12369
64475,399630,22028,192406,13940,377602,23831,11462,12369
64480,399661,22030,192422,13941,377631,23831,11462,12369
64485,399692,22033,192434,13944,377659,23833,11462,12371
64490,399723,22037,192452,13946,377685,23838,11465,12373
64495,399754,22043,192468,13952,377710,23842,11466,12376
64500,399785,22048,192483,13956,377736,23846,11468,12378
64505,399816,22049,192496,13957,377767,23848,11468,12380
64510,399847,22049,192510,13957,377798,23849,11468,12381
64515,399878,22049,192524,13957,377829,23850,11468,12382
64520,399909,22049,192541,13957,377860,23851,11469,12382
64525,399940,22049,192553,13957,377891,23852,11469,12383
64530,399971,22049,192569,13957,377922,23853,11469,12384
64535,400002,22049,192580,13957,377953,23854,11469,12385
64540,400033,22049,192601,13957,377984,23855,11470,12385
64545,400064,22049,192615,13957,378015,23856,11470,12386
64550,400095,22049,192627,13957,378046,23857,11471,12386
64555,400126,22049,192644,13957,378077,23858,11471,12387
64560,400157,22049,192652,13957,378108,23859,11471,12388
64565,400188,22050,192664,13957,378138,23862,11472,12390
64570,400219,22051,192682,13957,378168,23865,11474,12391
64575,400250,22053,192699,13959,378197,23868,11475,12393
64580,400281,22055,192715,13960,378225,23870,11476,12394
64585,400312,22058,192726,13962,378254,23872,11476,12396
64590,400343,22059,192744,13963,378284,23873,11476,12397
64595,400374,22062,192762,13965,378311,23874,11476,12398
64600,400405,22064,192771,13967,378340,23875,11476,12399
64605,400436,22067,192784,13968,378369,23876,11476,12400
64610,400467,22071,192797,13970,378395,23880,11478,12402
64615,400498,22075,192810,13972,378423,23885,11479,12406
64620,400529,22079,192824,13975,378449,23889,11481,12408
64625,400560,22082,192834,13977,378478,23893,11481,12412
64630,400591,22085,192853,13980,378506,23896,11483,12413
64635,400622,22088,192865,13982,378534,23898,11484,12414
64640,400653,22090,192881,13983,378563,23900,11486,12414
64645,400684,22092,192897,13984,378592,23902,11487,12415
64650,400715,22095,192910,13985,378620,23904,11488,12416
64655,400746,22098,192926,13987,378648,23906,11488,12418
64660,400777,22101,192942,13989,378676,23908,11489,12419
64665,400808,22104,192956,13990,378704,23910,11489,12421
64670,400839,22106,192971,13992,378733,23912,11489,12423
64675,400870,22109,192985,13994,378761,23914,11490,12424
64680,400901,22112,192999,13996,378789,23916,11490,12426
64685,400932,22113,193016,13996,378819,23916,11490,12426
64690,400963,22114,193027,13996,378849,23916,11490,12426
64695,400994,22115,193044,13996,378879,23917,11490,12427
64700,401025,22117,193057,13996,378908,23918,11490,12428
64705,401056,22119,193068,13997,378937,23919,11490,12429
64710,401087,22121,193080,13997,378966,23920,11490,12430
64715,401118,22123,193091,13998,378995,23921,11490,12431
64720,401149,22125,193111,14000,379024,23922,11491,12431
64725,401180,22128,193125,14002,379051,23923,11491,12432
64730,401211,22131,193134,14004,379079,23923,11491,12432
64735,401242,22133,193154,14005,379108,23924,11492,12432
64740,401273,22135,193169,14007,379138,23927,11493,12434
64745,401304,22136,193185,14008,379167,23927,11493,12434
64750,401335,22139,193202,14010,379195,23927,11493,12434
64755,401366,22141,193213,14011,379224,23927,11493,12434
64760,401397,22143,193225,14013,379253,23927,11493,12434
64765,401428,22145,193240,14014,379282,23927,11493,12434
64770,401459,22147,193255,14015,379311,23927,11493,12434
64775,401490,22148,193270,14016,379342,23927,11493,12434
64780,401521,22148,193282,14016,379373,23927,11493,12434
64785,401552,22148,193296,14016,379404,23928,11494,12434
64790,401583,22149,193314,14016,379434,23930,11496,12434
64795,401614,22150,193323,14017,379464,23932,11497,12435
64800,401645,22152,193343,14018,379493,23934,11499,12435
64805,401676,22153,193357,14019,379523,23936,11499,12437
64810,401707,22155,193371,14021,379552,23938,11501,12437
64815,401738,22157,193386,14022,379581,23940,11502,12438
64820,401769,22158,193393,14022,379611,23942,11502,12440
64825,401800,22160,193408,14024,379640,23944,11504,12440
64830,401831,22161,193421,14024,379670,23947,11505,12442
64835,401862,22163,193432,14024,379699,23950,11505,12445
64840,401893,22165,193445,14025,379728,23953,11506,12447
64845,401924,22168,193464,14028,379755,23957,11509,12448
64850,401955,22171,193477,14030,379783,23962,11509,12453
64855,401986,22175,193493,14033,379810,23967,11512,12455
64860,402017,22179,193511,14036,379838,23971,11516,12455
64865,402048,22181,193524,14037,379867,23972,11516,12456
64870,402079,22185,193541,14041,379894,23973,11517,12456
64875,402110,22187,193551,14042,379923,23974,11518,12456
64880,402141,22190,193564,14043,379951,23975,11519,12456
64885,402172,22193,193580,14046,379979,23976,11520,12456
64890,402203,22195,193593,14046,380008,23977,11520,12457
64895,402234,22197,193609,14047,380037,23978,11521,12457
64900,402265,22199,193629,14049,380066,23979,11522,12457
64905,402296,22201,193645,14051,380095,23980,11522,12458
64910,402327,22203,193662,14053,380124,23981,11523,12458
64915,402358,22206,193674,14055,380152,23982,11523,12459
64920,402389,22209,193693,14058,380180,23983,11523,12460
64925,402420,22210,193709,14059,380210,23984,11524,12460
64930,402451,22211,193724,14060,380240,23985,11524,12461
64935,402482,22212,193736,14061,380270,23986,11524,12462
64940,402513,22213,193747,14062,380300,23987,11524,12463
64945,402544,22214,193762,14062,380330,23988,11524,12464
64950,402575,22215,193779,14063,380360,23989,11524,12465
64955,402606,22216,193793,14063,380390,23990,11525,12465
64960,402637,22217,193808,14063,380420,23992,11527,12465
64965,402668,22218,193826,14064,380450,23994,11529,12465
64970,402699,22219,193837,14065,380480,23999,11531,12468
64975,402730,22220,193851,14066,380509,24005,11532,12473
64980,402761,22224,193866,14069,380536,24009,11533,12476
64985,402792,22229,193881,14073,380563,24011,11534,12477
64990,402823,22232,193899,14075,380591,24013,11535,12478
64995,402854,22233,193918,14076,380621,24015,11537,12478
65000,402885,22235,193931,14078,380650,24017,11538,12479
65005,402916,22236,193941,14078,380680,24019,11538,12481
65010,402947,22237,193956,14079,380710,24021,11539,12482
65015,402978,22239,193969,14080,380739,24023,11539,12484
65020,403009,22241,193986,14082,380768,24025,11540,12485
65025,403040,22242,193999,14083,380798,24027,11540,12487
65030,403071,22244,194016,14084,380827,24029,11541,12488
65035,403102,22244,194032,14084,380858,24031,11542,12489
65040,403133,22244,194046,14084,380889,24033,11543,12490
65045,403164,22244,194060,14084,380920,24034,11543,12491
65050,403195,22244,194075,14084,380951,24035,11544,12491
65055,403226,22244,194088,14084,380982,24036,11544,12492
65060,403257,22244,194102,14084,381013,24037,11544,12493
65065,403288,22244,194114,14084,381044,24038,11544,12494
65070,403319,22244,194126,14084,381075,24039,11544,12495
65075,403350,22244,194142,14084,381106,24040,11544,12496
65080,403381,22244,194157,14084,381137,24041,11545,12496
65085,403412,22244,194173,14084,381167,24044,11547,12497
65090,403443,22246,194187,14086,381197,24049,11548,12501
65095,403474,22247,194194,14086,381227,24053,11548,12505
65100,403505,22251,194213,14088,381253,24055,11550,12505
65105,403536,22255,194227,14090,381281,24057,11552,12505
65110,403567,22258,194245,14093,381308,24059,11553,12506
65115,403598,22263,194260,14096,381335,24061,11555,12506
65120,403629,22267,194276,14100,381361,24063,11555,12508
65125,403660,22272,194292,14104,381387,24065,11557,12508
65130,403691,22277,194305,14107,381414,24067,11557,12510
65135,403722,22281,194323,14110,381440,24069,11557,12512
65140,403753,22284,194342,14113,381469,24070,11558,12512
65145,403784,22286,194356,14114,381498,24071,11559,12512
65150,403815,22288,194372,14115,381527,24072,11559,12513
65155,403846,22290,194388,14116,381556,24073,11560,12513
65160,403877,22292,194406,14116,381585,24074,11560,12514
65165,403908,22294,194421,14118,381614,24075,11560,12515
65170,403939,22296,194429,14118,381643,24076,11560,12516
65175,403970,22298,194444,14119,381672,24077,11560,12517
65180,404001,22300,194457,14119,381701,24077,11560,12517
65185,404032,22302,194472,14120,381730,24077,11560,12517
65190,404063,22304,194489,14121,381759,24077,11560,12517
65195,404094,22306,194508,14122,381788,24077,11560,12517
65200,404125,22308,194520,14122,381817,24078,11560,12518
65205,404156,22310,194531,14123,381846,24081,11560,12521
65210,404187,22312,194543,14124,381875,24083,11560,12523
65215,404218,22312,194560,14124,381906,24084,11561,12523
65220,404249,22312,194576,14124,381937,24085,11562,12523
65225,404280,22312,194593,14124,381968,24086,11563,12523
65230,404311,22312,194611,14124,381999,24087,11563,12524
65235,404342,22312,194621,14124,382030,24088,11564,12524
65240,404373,22313,194639,14124,382060,24089,11564,12525
65245,404404,22314,194650,14124,382090,24090,11565,12525
65250,404435,22315,194662,14125,382120,24091,11565,12526
65255,404466,22316,194672,14125,382150,24092,11565,12527
65260,404497,22317,194690,14126,382180,24093,11565,12528
65265,404528,22318,194711,14127,382209,24095,11566,12529
65270,404559,22321,194729,14130,382238,24098,11568,12530
65275,404590,22322,194743,14130,382267,24101,11569,12532
65280,404621,22325,194763,14132,382296,24105,11572,12533
65285,404652,22327,194775,14133,382325,24106,11572,12534
65290,404683,22329,194792,14134,382354,24107,11573,12534
65295,404714,22330,194808,14135,382384,24108,11574,12534
65300,404745,22331,194824,14135,382414,24109,11575,12534
65305,404776,22332,194838,14135,382444,24110,11576,12534
65310,404807,22334,194854,14136,382473,24111,11577,12534
65315,404838,22336,194866,14137,382502,24113,11578,12535
65320,404869,22338,194881,14138,382531,24115,11578,12537
65325,404900,22343,194896,14141,382557,24117,11578,12539
65330,404931,22348,194912,14145,382583,24121,11580,12541
65335,404962,22351,194930,14148,382611,24124,11581,12543
65340,404993,22355,194944,14152,382638,24126,11583,12543
65345,405024,22357,194964,14153,382667,24129,11586,12543
65350,405055,22360,194982,14155,382695,24130,11587,12543
65355,405086,22363,194996,14157,382723,24131,11588,12543
65360,405117,22365,195013,14157,382752,24132,11589,12543
65365,405148,22367,195030,14158,382781,24133,11590,12543
65370,405179,22369,195042,14159,382810,24134,11590,12544
65375,405210,22372,195054,14162,382838,24135,11591,12544
65380,405241,22375,195065,14163,382866,24136,11591,12545
65385,405272,22378,195080,14166,382894,24137,11592,12545
65390,405303,22381,195091,14168,382922,24139,11594,12545
65395,405334,22383,195105,14168,382950,24142,11594,12548
65400,405365,22386,195118,14170,382979,24146,11595,12551
65405,405396,22388,195132,14170,383007,24148,11596,12552
65410,405427,22391,195145,14173,383035,24150,11596,12554
65415,405458,22393,195162,14175,383064,24152,11597,12555
65420,405489,22394,195174,14176,383095,24154,11598,12556
65425,405520,22394,195191,14176,383126,24156,11599,12557
65430,405551,22394,195205,14176,383157,24158,11599,12559
65435,405582,22394,195223,14176,383188,24160,11600,12560
65440,405613,22394,195242,14176,383219,24162,11602,12560
65445,405644,22394,195256,14176,383250,24164,11603,12561
65450,405675,22394,195273,14176,383281,24166,11605,12561
65455,405706,22394,195286,14176,383312,24169,11606,12563
65460,405737,22394,195304,14176,383343,24172,11608,12564
65465,405768,22394,195321,14176,383374,24174,11609,12565
65470,405799,22394,195335,14176,383405,24176,11609,12567
65475,405830,22394,195353,14176,383436,24178,11610,12568
65480,405861,22394,195368,14176,383467,24179,11611,12568
65485,405892,22394,195380,14176,383498,24180,11611,12569
65490,405923,22394,195394,14176,383529,24181,11611,12570
65495,405954,22394,195409,14176,383560,24182,11612,12570
65500,405985,22394,195422,14176,383591,24183,11613,12570
65505,406016,22394,195439,14176,383622,24184,11614,12570
65510,406047,22395,195452,14177,383652,24186,11614,12572
65515,406078,22396,195467,14178,383682,24188,11615,12573
65520,406109,22398,195483,14180,383711,24189,11615,12574
65525,406140,22401,195498,14181,383739,24190,11615,12575
65530,406171,22404,195516,14183,383767,24191,11616,12575
65535,406202,22407,195533,14185,383795,24192,11616,12576
65540,406233,22410,195543,14187,383823,24194,11616,12578
65545,406264,22413,195556,14189,383851,24196,11618,12578
65550,406295,22416,195574,14191,383879,24198,11618,12580
65555,406326,22419,195588,14192,383907,24200,11619,12581
65560,406357,22423,195603,14195,383934,24202,11619,12583
65565,406388,22428,195615,14199,383959,24205,11620,12585
65570,406419,22434,195629,14203,383985,24208,11622,12586
65575,406450,22437,195641,14205,384012,24210,11623,12587
65580,406481,22441,195656,14208,384039,24212,11623,12589
65585,406512,22443,195673,14210,384068,24215,11624,12591
65590,406543,22445,195690,14211,384097,24218,11625,12593
65595,406574,22447,195709,14213,384127,24219,11626,12593
65600,406605,22448,195724,14214,384157,24220,11627,12593
65605,406636,22449,195740,14215,384186,24221,11627,12594
65610,406667,22451,195757,14216,384216,24222,11628,12594
65615,406698,22452,195767,14217,384246,24223,11628,12595
65620,406729,22453,195784,14218,384276,24225,11629,12596
65625,406760,22454,195794,14218,384306,24227,11630,12597
65630,406791,22455,195816,14219,384336,24229,11632,12597
65635,406822,22456,195834,14220,384366,24231,11633,12598
65640,406853,22457,195851,14221,384396,24233,11634,12599
65645,406884,22458,195862,14222,384426,24235,11634,12601
65650,406915,22459,195873,14223,384456,24236,11634,12602
65655,406946,22460,195887,14224,384486,24237,11635,12602
65660,406977,22461,195905,14224,384516,24238,11636,12602
65665,407008,22462,195919,14225,384546,24239,11637,12602
65670,407039,22463,195932,14225,384576,24240,11637,12603
65675,407070,22464,195945,14226,384606,24241,11637,12604
65680,407101,22465,195958,14226,384636,24242,11637,12605
65685,407132,22465,195976,14226,384667,24243,11637,12606
65690,407163,22466,195991,14227,384697,24245,11638,12607
65695,407194,22468,196007,14228,384725,24246,11638,12608
65700,407225,22474,196022,14233,384750,24247,11639,12608
65705,407256,22476,196040,14235,384780,24249,11639,12610
65710,407287,22478,196056,14236,384809,24250,11640,12610
65715,407318,22478,196069,14236,384840,24251,11640,12611
65720,407349,22478,196086,14236,384871,24252,11640,12612
65725,407380,22478,196099,14236,384902,24253,11641,12612
65730,407411,22478,196113,14236,384933,24254,11641,12613
65735,407442,22478,196133,14236,384964,24255,11641,12614
65740,407473,22478,196145,14236,384995,24256,11641,12615
65745,407504,22478,196157,14236,385026,24257,11641,12616
65750,407535,22478,196173,14236,385057,24259,11641,12618
65755,407566,22478,196189,14236,385088,24261,11642,12619
65760,407597,22478,196205,14236,385119,24263,11643,12620
65765,407628,22478,196214,14236,385150,24264,11643,12621
65770,407659,22478,196225,14236,385181,24265,11643,12622
65775,407690,22478,196241,14236,385212,24266,11644,12622
65780,407721,22478,196253,14236,385243,24267,11644,12623
65785,407752,22478,196268,14236,385274,24268,11644,12624
65790,407783,22478,196283,14236,385305,24269,11644,12625
65795,407814,22478,196297,14236,385336,24270,11644,12626
65800,407845,22478,196314,14236,385367,24271,11645,12626
65805,407876,22478,196334,14236,385398,24273,11646,12627
65810,407907,22481,196350,14238,385426,24277,11649,12628
65815,407938,22485,196366,14241,385453,24281,11650,12631
65820,407969,22489,196376,14243,385480,24284,11652,12632
65825,408000,22491,196389,14244,385509,24285,11652,12633
65830,408031,22494,196400,14246,385537,24286,11652,12634
65835,408062,22498,196420,14250,385564,24287,11653,12634
65840,408093,22502,196436,14253,385591,24288,11653,12635
65845,408124,22505,196452,14255,385619,24289,11653,12636
65850,408155,22508,196469,14257,385647,24290,11654,12636
65855,408186,22511,196483,14258,385675,24291,11654,12637
65860,408217,22513,196500,14259,385704,24292,11655,12637
65865,408248,22516,196514,14261,385732,24293,11655,12638
65870,408279,22518,196526,14263,385761,24294,11656,12638
65875,408310,22520,196540,14263,385790,24295,11657,12638
65880,408341,22522,196555,14264,385819,24296,11658,12638
65885,408372,22523,196571,14264,385849,24300,11660,12640
65890,408403,22524,196584,14264,385879,24303,11661,12642
65895,408434,22525,196592,14264,385909,24306,11662,12644
65900,408465,22526,196608,14264,385939,24309,11664,12645
65905,408496,22527,196626,14265,385969,24311,11666,12645
65910,408527,22528,196642,14265,385999,24313,11667,12646
65915,408558,22529,196659,14265,386029,24315,11668,12647
65920,408589,22530,196672,14265,386059,24317,11669,12648
65925,408620,22532,196691,14267,386088,24319,11671,12648
65930,408651,22534,196707,14268,386117,24320,11671,12649
65935,408682,22535,196721,14268,386147,24321,11671,12650
65940,408713,22536,196734,14268,386177,24322,11671,12651
65945,408744,22537,196750,14269,386207,24323,11672,12651
65950,408775,22540,196766,14272,386235,24324,11673,12651
65955,408806,22542,196779,14274,386264,24325,11673,12652
65960,408837,22543,196791,14275,386294,24326,11673,12653
65965,408868,22544,196807,14276,386324,24327,11673,12654
65970,408899,22546,196825,14277,386353,24328,11674,12654
65975,408930,22548,196835,14279,386382,24329,11674,12655
65980,408961,22551,196858,14282,386410,24330,11674,12656
65985,408992,22553,196872,14284,386439,24332,11674,12658
65990,409023,22557,196894,14288,386465,24334,11676,12658
65995,409054,22560,196910,14291,386494,24337,11677,12660
66000,409085,22562,196924,14293,386522,24340,11678,12662
66005,409116,22564,196940,14294,386552,24344,11681,12663
66010,409147,22565,196957,14295,386582,24347,11683,12664
66015,409178,22566,196975,14295,386611,24350,11685,12665
66020,409209,22568,196994,14297,386640,24352,11686,12666
66025,409240,22570,197005,14299,386669,24352,11686,12666
66030,409271,22572,197018,14300,386698,24352,11686,12666
66035,409302,22574,197033,14302,386727,24352,11686,12666
66040,409333,22577,197044,14304,386756,24352,11686,12666
66045,409364,22579,197064,14305,386784,24352,11686,12666
66050,409395,22581,197082,14307,386814,24352,11686,12666
66055,409426,22583,197095,14309,386843,24352,11686,12666
66060,409457,22584,197111,14309,386873,24352,11686,12666
66065,409488,22588,197123,14312,386900,24352,11686,12666
66070,409519,22591,197138,14314,386928,24352,11686,12666
66075,409550,22594,197158,14316,386956,24352,11686,12666
66080,409581,22597,197172,14318,386984,24352,11686,12666
66085,409612,22599,197184,14318,387013,24352,11686,12666
66090,409643,22601,197199,14319,387042,24352,11686,12666
66095,409674,22603,197214,14321,387071,24352,11686,12666
66100,409705,22605,197229,14321,387100,24353,11686,12667
66105,409736,22607,197239,14323,387129,24354,11686,12668
66110,409767,22610,197256,14325,387157,24357,11686,12671
66115,409798,22611,197266,14325,387187,24360,11687,12673
66120,409829,22612,197286,14326,387217,24364,11687,12677
66125,409860,22615,197297,14329,387244,24366,11687,12679
66130,409891,22619,197311,14331,387272,24369,11687,12682
66135,409922,22621,197327,14332,387301,24372,11689,12683
66140,409953,22622,197346,14332,387330,24374,11689,12685
66145,409984,22624,197364,14333,387360,24376,11690,12686
66150,410015,22624,197379,14333,387391,24378,11691,12687
66155,410046,22624,197394,14333,387422,24380,11691,12689
66160,410077,22624,197412,14333,387453,24382,11693,12689
66165,410108,22624,197427,14333,387484,24384,11695,12689
66170,410139,22624,197445,14333,387515,24386,11697,12689
66175,410170,22624,197460,14333,387546,24388,11699,12689
66180,410201,22624,197476,14333,387577,24390,11701,12689
66185,410232,22625,197485,14333,387607,24392,11702,12690
66190,410263,22626,197496,14334,387637,24394,11702,12692
66195,410294,22628,197511,14336,387666,24395,11702,12693
66200,410325,22630,197526,14337,387695,24396,11702,12694
66205,410356,22632,197543,14339,387724,24397,11702,12695
66210,410387,22633,197554,14340,387754,24398,11703,12695
66215,410418,22635,197567,14342,387783,24400,11704,12696
66220,410449,22638,197582,14345,387811,24402,11705,12697
66225,410480,22639,197597,14346,387841,24404,11705,12699
66230,410511,22639,197608,14346,387872,24406,11706,12700
66235,410542,22639,197620,14346,387903,24409,11706,12703
66240,410573,22640,197634,14346,387933,24413,11708,12705
66245,410604,22642,197645,14346,387962,24415,11709,12706
66250,410635,22644,197659,14348,387991,24417,11709,12708
66255,410666,22646,197671,14350,388019,24419,11709,12710
66260,410697,22649,197681,14352,388048,24421,11709,12712
66265,410728,22651,197693,14353,388076,24423,11710,12713
66270,410759,22654,197706,14354,388104,24424,11710,12714
66275,410790,22657,197716,14355,388132,24425,11710,12715
66280,410821,22660,197729,14356,388160,24426,11710,12716
66285,410852,22663,197742,14357,388189,24427,11710,12717
66290,410883,22665,197756,14358,388218,24428,11710,12718
66295,410914,22667,197774,14359,388246,24429,11711,12718
66300,410945,22670,197789,14361,388274,24430,11711,12719
66305,410976,22674,197810,14365,388302,24431,11712,12719
66310,411007,22674,197824,14365,388333,24432,11713,12719
66315,411038,22674,197835,14365,388364,24433,11713,12720
66320,411069,22674,197847,14365,388395,24434,11714,12720
66325,411100,22674,197864,14365,388426,24435,11715,12720
66330,411131,22674,197875,14365,388457,24436,11716,12720
66335,411162,22675,197890,14366,388487,24438,11716,12722
66340,411193,22677,197906,14367,388516,24440,11717,12723
66345,411224,22679,197922,14369,388545,24443,11718,12725
66350,411255,22681,197938,14371,388574,24446,11720,12726
66355,411286,22683,197952,14373,388603,24448,11720,12728
66360,411317,22685,197963,14374,388632,24449,11720,12729
66365,411348,22689,197977,14376,388659,24450,11720,12730
66370,411379,22692,197991,14379,388687,24453,11721,12732
66375,411410,22695,198005,14381,388715,24456,11722,12734
66380,411441,22698,198020,14383,388743,24459,11723,12736
66385,411472,22702,198033,14387,388769,24462,11725,12737
66390,411503,22707,198051,14390,388795,24465,11727,12738
66395,411534,22711,198064,14393,388823,24468,11728,12740
66400,411565,22714,198078,14395,388850,24471,11730,12741
66405,411596,22717,198094,14398,388879,24473,11732,12741
66410,411627,22718,198111,14398,388909,24475,11734,12741
66415,411658,22719,198125,14399,388939,24479,11735,12744
66420,411689,22720,198145,14399,388969,24481,11736,12745
66425,411720,22721,198155,14399,388999,24483,11736,12747
66430,411751,22722,198169,14400,389029,24485,11737,12748
66435,411782,22723,198186,14401,389059,24487,11738,12749
66440,411813,22724,198200,14402,389089,24489,11739,12750
66445,411844,22725,198211,14402,389119,24491,11741,12750
66450,411875,22726,198231,14402,389149,24493,11742,12751
66455,411906,22727,198247,14402,389179,24496,11743,12753
66460,411937,22728,198265,14402,389209,24499,11745,12754
66465,411968,22729,198278,14403,389239,24503,11747,12756
66470,411999,22730,198290,14403,389269,24507,11748,12759
66475,412030,22732,198311,14405,389298,24511,11750,12761
66480,412061,22732,198329,14405,389329,24513,11752,12761
66485,412092,22732,198343,14405,389360,24516,11754,12762
66490,412123,22732,198357,14405,389391,24517,11754,12763
66495,412154,22732,198373,14405,389422,24518,11755,12763
66500,412185,22733,198385,14405,389452,24519,11756,12763
66505,412216,22734,198406,14406,389482,24520,11756,12764
66510,412247,22736,198421,14408,389511,24521,11757,12764
66515,412278,22737,198430,14408,389541,24522,11757,12765
66520,412309,22739,198446,14410,389570,24523,11757,12766
66525,412340,22741,198461,14412,389598,24524,11758,12766
66530,412371,22747,198481,14417,389623,24525,11759,12766
66535,412402,22751,198498,14421,389651,24526,11760,12766
66540,412433,22756,198513,14425,389677,24527,11761,12766
66545,412464,22756,198526,14425,389708,24529,11762,12767
66550,412495,22756,198543,14425,389739,24531,11762,12769
66555,412526,22756,198561,14425,389770,24532,11763,12769
66560,412557,22756,198576,14425,389801,24533,11763,12770
66565,412588,22756,198591,14425,389832,24534,11763,12771
66570,412619,22756,198606,14425,389863,24535,11764,12771
66575,412650,22756,198621,14425,389894,24536,11765,12771
66580,412681,22756,198640,14425,389925,24538,11766,12772
66585,412712,22757,198654,14426,389955,24540,11766,12774
66590,412743,22758,198665,14426,389985,24543,11768,12775
66595,412774,22759,198681,14427,390015,24547,11771,12776
66600,412805,22760,198695,14428,390045,24550,11772,12778
66605,412836,22761,198706,14429,390075,24552,11772,12780
66610,412867,22763,198718,14431,390104,24552,11772,12780
66615,412898,22765,198735,14432,390133,24552,11772,12780
66620,412929,22766,198746,14432,390163,24552,11772,12780
66625,412960,22767,198758,14433,390193,24552,11772,12780
66630,412991,22768,198775,14433,390223,24552,11772,12780
66635,413022,22769,198785,14433,390253,24552,11772,12780
66640,413053,22770,198800,14434,390283,24552,11772,12780
66645,413084,22771,198810,14435,390312,24552,11772,12780
66650,413115,22774,198825,14437,390341,24552,11772,12780
66655,413146,22776,198843,14438,390369,24553,11772,12781
66660,413177,22779,198856,14441,390398,24554,11773,12781
66665,413208,22780,198872,14441,390427,24555,11774,12781
66670,413239,22782,198882,14443,390456,24556,11774,12782
66675,413270,22784,198901,14445,390485,24557,11775,12782
66680,413301,22786,198916,14447,390514,24558,11775,12783
66685,413332,22788,198925,14448,390544,24558,11775,12783
66690,413363,22789,198941,14449,390573,24558,11775,12783
66695,413394,22791,198956,14451,390602,24558,11775,12783
66700,413425,22793,198966,14453,390631,24558,11775,12783
66705,413456,22796,198981,14455,390660,24558,11775,12783
66710,413487,22800,198999,14457,390687,24561,11777,12784
66715,413518,22804,199016,14460,390714,24565,11779,12786
66720,413549,22809,199031,14464,390739,24569,11780,12789
66725,413580,22812,199043,14466,390768,24571,11780,12791
66730,413611,22812,199057,14466,390799,24573,11781,12792
66735,413642,22812,199068,14466,390830,24575,11783,12792
66740,413673,22812,199081,14466,390861,24576,11784,12792
66745,413704,22812,199095,14466,390892,24577,11785,12792
66750,413735,22812,199109,14466,390923,24578,11786,12792
66755,413766,22812,199127,14466,390954,24579,11786,12793
66760,413797,22812,199140,14466,390985,24580,11786,12794
66765,413828,22812,199157,14466,391016,24581,11787,12794
66770,413859,22812,199176,14466,391047,24582,11787,12795
66775,413890,22812,199192,14466,391078,24583,11787,12796
66780,413921,22812,199207,14466,391109,24584,11787,12797
66785,413952,22812,199222,14466,391140,24586,11789,12797
66790,413983,22812,199232,14466,391171,24588,11789,12799
66795,414014,22812,199250,14466,391202,24590,11790,12800
66800,414045,22812,199264,14466,391233,24592,11792,12800
66805,414076,22812,199281,14466,391264,24594,11792,12802
66810,414107,22812,199294,14466,391295,24597,11793,12804
66815,414138,22812,199309,14466,391326,24600,11794,12806
66820,414169,22812,199323,14466,391357,24602,11795,12807
66825,414200,22812,199340,14466,391388,24604,11796,12808
66830,414231,22814,199353,14468,391417,24608,11799,12809
66835,414262,22818,199372,14472,391444,24612,11803,12809
66840,414293,22822,199389,14476,391470,24616,11806,12810
66845,414324,22825,199402,14478,391498,24618,11806,12812
66850,414355,22828,199418,14479,391527,24620,11807,12813
66855,414386,22830,199434,14480,391556,24622,11807,12815
66860,414417,22832,199449,14481,391585,24623,11807,12816
66865,414448,22834,199460,14483,391613,24624,11807,12817
66870,414479,22837,199472,14486,391642,24625,11807,12818
66875,414510,22839,199488,14486,391670,24626,11808,12818
66880,414541,22842,199501,14487,391699,24627,11809,12818
66885,414572,22844,199520,14488,391727,24628,11810,12818
66890,414603,22847,199537,14489,391755,24629,11810,12819
66895,414634,22850,199556,14490,391783,24630,11810,12820
66900,414665,22853,199574,14492,391812,24631,11811,12820
66905,414696,22855,199589,14493,391841,24633,11812,12821
66910,414727,22857,199612,14495,391870,24634,11812,12822
66915,414758,22857,199626,14495,391901,24635,11813,12822
66920,414789,22857,199643,14495,391932,24636,11814,12822
66925,414820,22857,199665,14495,391963,24637,11815,12822
66930,414851,22857,199675,14495,391994,24638,11816,12822
66935,414882,22857,199692,14495,392025,24639,11816,12823
66940,414913,22857,199705,14495,392056,24640,11817,12823
66945,414944,22857,199722,14495,392087,24643,11819,12824
66950,414975,22858,199742,14495,392117,24646,11821,12825
66955,415006,22859,199758,14495,392147,24649,11822,12827
66960,415037,22860,199776,14496,392177,24652,11824,12828
66965,415068,22864,199796,14500,392204,24656,11826,12830
66970,415099,22869,199813,14505,392230,24658,11827,12831
66975,415130,22873,199828,14508,392257,24660,11828,12832
66980,415161,22874,199844,14509,392287,24662,11828,12834
66985,415192,22875,199861,14510,392317,24664,11829,12835
66990,415223,22877,199875,14511,392346,24666,11829,12837
66995,415254,22878,199886,14511,392376,24668,11831,12837
67000,415285,22879,199907,14512,392406,24670,11832,12838
67005,415316,22880,199921,14513,392436,24672,11832,12840
67010,415347,22881,199935,14514,392466,24675,11832,12843
67015,415378,22882,199953,14515,392496,24677,11833,12844
67020,415409,22883,199967,14516,392525,24678,11833,12845
67025,415440,22889,199981,14520,392551,24678,11833,12845
67030,415471,22892,199989,14521,392578,24678,11833,12845
67035,415502,22898,200001,14524,392604,24678,11833,12845
67040,415533,22901,200013,14525,392632,24678,11833,12845
67045,415564,22906,200025,14528,392658,24678,11833,12845
67050,415595,22911,200040,14530,392684,24678,11833,12845
67055,415626,22915,200054,14532,392711,24678,11833,12845
67060,415657,22918,200067,14533,392738,24678,11833,12845
67065,415688,22920,200083,14534,392768,24679,11834,12845
67070,415719,22922,200100,14535,392797,24681,11836,12845
67075,415750,22922,200113,14535,392828,24684,11836,12848
67080,415781,22922,200129,14535,392859,24687,11838,12849
67085,415812,22922,200148,14535,392890,24688,11838,12850
67090,415843,22922,200161,14535,392921,24689,11838,12851
67095,415874,22922,200175,14535,392952,24690,11838,12852
67100,415905,22922,200190,14535,392983,24691,11839,12852
67105,415936,22922,200209,14535,393014,24692,11840,12852
67110,415967,22922,200222,14535,393045,24693,11841,12852
67115,415998,22922,200236,14535,393076,24694,11842,12852
67120,416029,22922,200255,14535,393107,24696,11843,12853
67125,416060,22922,200265,14535,393138,24698,11843,12855
67130,416091,22922,200279,14535,393169,24702,11844,12858
67135,416122,22922,200294,14535,393200,24706,11846,12860
67140,416153,22922,200305,14535,393231,24710,11846,12864
67145,416184,22922,200317,14535,393262,24711,11847,12864
67150,416215,22922,200327,14535,393293,24712,11847,12865
67155,416246,22922,200338,14535,393324,24713,11847,12866
67160,416277,22923,200350,14535,393354,24714,11847,12867
67165,416308,22927,200363,14537,393381,24715,11847,12868
67170,416339,22929,200383,14539,393410,24716,11847,12869
67175,416370,22931,200396,14539,393439,24717,11848,12869
67180,416401,22933,200406,14540,393468,24718,11849,12869
67185,416432,22936,200420,14541,393496,24719,11850,12869
67190,416463,22939,200438,14543,393524,24721,11850,12871
67195,416494,22943,200458,14545,393551,24723,11852,12871
67200,416525,22947,200471,14548,393578,24725,11852,12873
67205,416556,22949,200488,14549,393607,24727,11853,12874
67210,416587,22952,200498,14550,393635,24729,11853,12876
67215,416618,22955,200515,14552,393663,24731,11855,12876
67220,416649,22958,200529,14554,393691,24733,11855,12878
67225,416680,22961,200542,14556,393719,24734,11855,12879
67230,416711,22963,200556,14557,393748,24735,11855,12880
67235,416742,22965,200571,14559,393777,24736,11855,12881
67240,416773,22967,200590,14560,393806,24737,11856,12881
67245,416804,22969,200600,14561,393835,24741,11858,12883
67250,416835,22971,200616,14563,393864,24746,11859,12887
67255,416866,22973,200631,14564,393893,24752,11863,12889
67260,416897,22975,200649,14566,393922,24756,11866,12890
67265,416928,22976,200667,14567,393951,24757,11866,12891
67270,416959,22978,200683,14569,393981,24758,11866,12892
67275,416990,22979,200697,14570,394011,24759,11866,12893
67280,417021,22980,200711,14570,394041,24760,11867,12893
67285,417052,22981,200723,14570,394071,24761,11867,12894
67290,417083,22982,200737,14571,394101,24762,11868,12894
67295,417114,22983,200751,14572,394131,24763,11869,12894
67300,417145,22984,200763,14572,394161,24764,11869,12895
67305,417176,22985,200772,14572,394190,24765,11869,12896
67310,417207,22989,200785,14575,394218,24766,11869,12897
67315,417238,22991,200802,14576,394247,24767,11869,12898
67320,417269,22994,200821,14578,394275,24768,11870,12898
67325,417300,22997,200835,14581,394303,24770,11871,12899
67330,417331,22999,200854,14582,394332,24772,11873,12899
67335,417362,23001,200867,14583,394361,24774,11873,12901
67340,417393,23003,200884,14584,394390,24776,11873,12903
67345,417424,23005,200897,14585,394419,24778,11873,12905
67350,417455,23007,200914,14587,394448,24780,11875,12905
67355,417486,23009,200928,14587,394477,24782,11876,12906
67360,417517,23011,200940,14588,394506,24785,11877,12908
67365,417548,23013,200955,14589,394535,24787,11878,12909
67370,417579,23015,200972,14590,394564,24790,11880,12910
67375,417610,23018,200982,14591,394592,24793,11881,12912
67380,417641,23020,200994,14593,394621,24796,11882,12914
67385,417672,23022,201009,14594,394650,24797,11882,12915
67390,417703,23023,201018,14595,394680,24798,11883,12915
67395,417734,23024,201032,14596,394710,24799,11883,12916
67400,417765,23025,201047,14596,394740,24800,11884,12916
67405,417796,23027,201066,14598,394769,24801,11885,12916
67410,417827,23029,201083,14599,394798,24802,11885,12917
67415,417858,23030,201097,14600,394828,24802,11885,12917
67420,417889,23031,201109,14601,394858,24802,11885,12917
67425,417920,23032,201126,14602,394888,24802,11885,12917
67430,417951,23033,201140,14602,394918,24802,11885,12917
67435,417982,23034,201158,14602,394947,24802,11885,12917
67440,418013,23036,201172,14603,394977,24802,11885,12917
67445,418044,23038,201183,14603,395006,24804,11886,12918
67450,418075,23040,201205,14605,395034,24806,11888,12918
67455,418106,23043,201213,14606,395063,24808,11889,12919
67460,418137,23045,201228,14607,395092,24810,11890,12920
67465,418168,23047,201241,14608,395121,24813,11892,12921
67470,418199,23049,201255,14610,395149,24816,11894,12922
67475,418230,23053,201268,14613,395176,24819,11895,12924
67480,418261,23056,201284,14616,395205,24823,11897,12926
67485,418292,23059,201296,14618,395233,24828,11898,12930
67490,418323,23062,201313,14619,395260,24834,11902,12932
67495,418354,23066,201331,14621,395288,24840,11906,12934
67500,418385,23067,201347,14621,395318,24845,11909,12936
67505,418416,23068,201363,14622,395348,24848,11910,12938
67510,418447,23070,201381,14624,395377,24851,11912,12939
67515,418478,23072,201396,14626,395406,24853,11912,12941
67520,418509,23072,201411,14626,395437,24855,11913,12942
67525,418540,23072,201422,14626,395468,24857,11913,12944
67530,418571,23072,201433,14626,395499,24859,11914,12945
67535,418602,23072,201450,14626,395530,24861,11914,12947
67540,418633,23073,201461,14626,395560,24862,11914,12948
67545,418664,23074,201481,14627,395590,24863,11914,12949
67550,418695,23076,201496,14629,395619,24864,11915,12949
67555,418726,23077,201512,14630,395649,24865,11916,12949
67560,418757,23078,201531,14630,395679,24866,11917,12949
67565,418788,23079,201549,14631,395709,24866,11917,12949
67570,418819,23080,201563,14631,395739,24866,11917,12949
67575,418850,23081,201577,14632,395769,24866,11917,12949
67580,418881,23082,201594,14632,395799,24866,11917,12949
67585,418912,23083,201610,14632,395829,24866,11917,12949
67590,418943,23084,201625,14633,395859,24866,11917,12949
67595,418974,23085,201639,14633,395889,24866,11917,12949
67600,419005,23086,201653,14633,395919,24867,11918,12949
67605,419036,23087,201665,14633,395949,24869,11919,12950
67610,419067,23088,201681,14634,395979,24872,11921,12951
67615,419098,23089,201695,14635,396009,24874,11922,12952
67620,419129,23090,201709,14636,396039,24876,11923,12953
67625,419160,23091,201722,14637,396069,24877,11924,12953
67630,419191,23092,201734,14637,396099,24878,11924,12954
67635,419222,23093,201753,14637,396129,24879,11924,12955
67640,419253,23094,201768,14638,396159,24880,11924,12956
67645,419284,23095,201783,14639,396189,24881,11925,12956
67650,419315,23096,201798,14640,396219,24882,11926,12956
67655,419346,23097,201819,14641,396249,24883,11926,12957
67660,419377,23098,201832,14641,396279,24884,11926,12958
67665,419408,23100,201845,14641,396308,24887,11928,12959
67670,419439,23106,201862,14645,396333,24892,11931,12961
67675,419470,23111,201880,14649,396358,24897,11935,12962
67680,419501,23114,201893,14651,396386,24900,11936,12964
67685,419532,23117,201906,14653,396415,24902,11937,12965
67690,419563,23117,201919,14653,396446,24902,11937,12965
67695,419594,23117,201929,14653,396477,24902,11937,12965
67700,419625,23117,201946,14653,396508,24902,11937,12965
67705,419656,23117,201957,14653,396539,24902,11937,12965
67710,419687,23117,201972,14653,396570,24902,11937,12965
67715,419718,23117,201983,14653,396601,24902,11937,12965
67720,419749,23117,201996,14653,396632,24902,11937,12965
67725,419780,23117,202013,14653,396663,24903,11937,12966
67730,419811,23117,202028,14653,396694,24904,11937,12967
67735,419842,23117,202040,14653,396725,24905,11937,12968
67740,419873,23117,202052,14653,396756,24906,11937,12969
67745,419904,23119,202065,14655,396785,24910,11939,12971
67750,419935,23120,202080,14655,396815,24914,11940,12974
67755,419966,23122,202096,14656,396844,24918,11944,12974
67760,419997,23124,202110,14657,396873,24921,11944,12977
67765,420028,23126,202122,14658,396902,24923,11946,12977
67770,420059,23128,202134,14660,396931,24925,11948,12977
67775,420090,23129,202147,14660,396961,24927,11949,12978
67780,420121,23130,202165,14661,396991,24930,11950,12980
67785,420152,23132,202180,14663,397019,24933,11952,12981
67790,420183,23134,202198,14665,397048,24936,11955,12981
67795,420214,23138,202215,14668,397075,24937,11956,12981
67800,420245,23142,202227,14670,397103,24938,11956,12982
67805,420276,23146,202246,14671,397130,24938,11956,12982
67810,420307,23150,202260,14672,397157,24938,11956,12982
67815,420338,23153,202277,14672,397185,24938,11956,12982
67820,420369,23157,202289,14675,397212,24938,11956,12982
67825,420400,23162,202305,14677,397238,24938,11956,12982
67830,420431,23165,202317,14678,397266,24938,11956,12982
67835,420462,23169,202328,14680,397293,24938,11956,12982
67840,420493,23172,202341,14681,397321,24938,11956,12982
67845,420524,23174,202356,14682,397350,24938,11956,12982
67850,420555,23176,202369,14683,397379,24938,11956,12982
67855,420586,23178,202383,14684,397408,24938,11956,12982
67860,420617,23180,202402,14686,397437,24938,11956,12982
67865,420648,23183,202417,14687,397465,24940,11957,12983
67870,420679,23185,202432,14688,397494,24942,11958,12984
67875,420710,23187,202444,14688,397523,24944,11958,12986
67880,420741,23189,202457,14689,397552,24945,11958,12987
67885,420772,23191,202470,14689,397581,24945,11958,12987
67890,420803,23193,202485,14690,397610,24945,11958,12987
67895,420834,23195,202498,14691,397639,24947,11959,12988
67900,420865,23197,202519,14692,397668,24949,11961,12988
67905,420896,23199,202537,14694,397696,24952,11963,12989
67910,420927,23201,202554,14695,397726,24955,11965,12990
67915,420958,23202,202568,14695,397756,24958,11968,12990
67920,420989,23204,202583,14696,397784,24961,11970,12991
67925,421020,23206,202597,14698,397814,24963,11970,12993
67930,421051,23207,202616,14698,397844,24964,11971,12993
67935,421082,23208,202627,14698,397874,24964,11971,12993
67940,421113,23209,202638,14699,397904,24964,11971,12993
67945,421144,23210,202653,14699,397934,24964,11971,12993
67950,421175,23212,202671,14701,397963,24964,11971,12993
67955,421206,23213,202684,14701,397993,24964,11971,12993
67960,421237,23215,202700,14703,398022,24964,11971,12993
67965,421268,23216,202716,14704,398052,24964,11971,12993
67970,421299,23217,202729,14704,398082,24964,11971,12993
67975,421330,23219,202743,14706,398111,24964,11971,12993
67980,421361,23220,202755,14706,398141,24964,11971,12993
67985,421392,23221,202768,14706,398171,24966,11971,12995
67990,421423,23221,202782,14706,398202,24966,11971,12995
67995,421454,23221,202796,14706,398233,24966,11971,12995
68000,421485,23221,202811,14706,398264,24966,11971,12995
68005,421516,23221,202822,14706,398295,24966,11971,12995
68010,421547,23221,202833,14706,398326,24966,11971,12995
68015,421578,23221,202851,14706,398357,24966,11971,12995
68020,421609,23221,202866,14706,398388,24966,11971,12995
68025,421640,23221,202878,14706,398419,24967,11971,12996
68030,421671,23222,202891,14706,398448,24970,11971,12999
68035,421702,23224,202904,14707,398478,24974,11973,13001
68040,421733,23225,202920,14708,398508,24977,11975,13002
68045,421764,23226,202936,14709,398538,24979,11977,13002
68050,421795,23228,202957,14711,398567,24981,11978,13003
68055,421826,23230,202976,14713,398596,24983,11978,13005
68060,421857,23231,202987,14714,398626,24985,11979,13006
68065,421888,23233,202999,14715,398655,24987,11979,13008
68070,421919,23234,203013,14716,398685,24989,11980,13009
68075,421950,23235,203021,14717,398715,24991,11980,13011
68080,421981,23236,203031,14717,398745,24993,11980,13013
68085,422012,23237,203044,14717,398775,24995,11980,13015
68090,422043,23241,203059,14719,398801,24998,11982,13016
68095,422074,23247,203074,14723,398827,25001,11983,13018
68100,422105,23254,203092,14729,398850,25004,11985,13019
68105,422136,23259,203109,14733,398877,25006,11986,13020
68110,422167,23262,203123,14736,398905,25008,11988,13020
68115,422198,23265,203139,14739,398933,25009,11989,13020
68120,422229,23266,203153,14739,398963,25009,11989,13020
68125,422260,23267,203168,14740,398993,25009,11989,13020
68130,422291,23268,203186,14741,399023,25009,11989,13020
68135,422322,23269,203203,14741,399053,25009,11989,13020
68140,422353,23270,203220,14741,399083,25010,11990,13020
68145,422384,23271,203237,14742,399113,25011,11991,13020
68150,422415,23272,203253,14742,399143,25013,11993,13020
68155,422446,23273,203266,14743,399173,25015,11994,13021
68160,422477,23274,203280,14743,399203,25017,11994,13023
68165,422508,23275,203297,14744,399233,25018,11994,13024
68170,422539,23276,203313,14744,399263,25019,11994,13025
68175,422570,23277,203331,14745,399293,25020,11994,13026
68180,422601,23278,203344,14746,399323,25021,11994,13027
68185,422632,23279,203356,14747,399353,25022,11994,13028
68190,422663,23280,203372,14747,399383,25023,11994,13029
68195,422694,23281,203384,14748,399413,25025,11996,13029
68200,422725,23282,203399,14748,399443,25027,11997,13030
68205,422756,23283,203409,14749,399472,25030,11998,13032
68210,422787,23287,203426,14752,399499,25033,12000,13033
68215,422818,23290,203442,14754,399528,25036,12000,13036
68220,422849,23291,203461,14755,399558,25037,12000,13037
68225,422880,23295,203479,14758,399584,25037,12000,13037
68230,422911,23300,203493,14761,399611,25037,12000,13037
68235,422942,23302,203507,14762,399640,25037,12000,13037
68240,422973,23305,203524,14763,399667,25037,12000,13037
68245,423004,23309,203544,14767,399694,25037,12000,13037
68250,423035,23313,203557,14770,399722,25037,12000,13037
68255,423066,23315,203571,14772,399751,25037,12000,13037
68260,423097,23316,203580,14772,399781,25037,12000,13037
68265,423128,23317,203597,14772,399811,25037,12000,13037
68270,423159,23319,203611,14774,399840,25038,12000,13038
68275,423190,23320,203625,14774,399870,25039,12000,13039
68280,423221,23321,203643,14774,399900,25040,12001,13039
68285,423252,23322,203657,14774,399930,25042,12003,13039
68290,423283,23324,203669,14775,399959,25043,12004,13039
68295,423314,23324,203685,14775,399990,25044,12004,13040
68300,423345,23324,203699,14775,400021,25045,12004,13041
68305,423376,23324,203708,14775,400052,25046,12004,13042
68310,423407,23324,203726,14775,400083,25047,12004,13043
68315,423438,23324,203741,14775,400114,25047,12004,13043
68320,423469,23324,203755,14775,400145,25049,12004,13045
68325,423500,23326,203767,14777,400174,25052,12004,13048
68330,423531,23328,203777,14778,400202,25055,12004,13051
68335,423562,23332,203793,14781,400230,25057,12005,13052
68340,423593,23333,203807,14782,400260,25057,12005,13052
68345,423624,23337,203822,14785,400286,25057,12005,13052
68350,423655,23342,203838,14788,400313,25057,12005,13052
68355,423686,23347,203847,14791,400339,25057,12005,13052
68360,423717,23351,203864,14794,400366,25057,12005,13052
68365,423748,23355,203880,14795,400393,25057,12005,13052
68370,423779,23359,203899,14799,400419,25057,12005,13052
68375,423810,23363,203911,14801,400446,25057,12005,13052
68380,423841,23367,203925,14804,400473,25057,12005,13052
68385,423872,23370,203939,14806,400501,25057,12005,13052
68390,423903,23373,203949,14807,400530,25057,12005,13052
68395,423934,23375,203968,14809,400558,25058,12006,13052
68400,423965,23378,203984,14811,400587,25059,12007,13052
68405,423996,23380,204000,14813,400616,25060,12008,13052
68410,424027,23382,204018,14814,400645,25060,12008,13052
68415,424058,23384,204034,14815,400674,25061,12009,13052
68420,424089,23386,204047,14817,400703,25062,12010,13052
68425,424120,23388,204065,14817,400732,25063,12011,13052
68430,424151,23390,204081,14818,400761,25064,12011,13053
68435,424182,23392,204099,14818,400790,25065,12011,13054
68440,424213,23394,204114,14818,400819,25069,12012,13057
68445,424244,23396,204130,14819,400848,25073,12012,13061
68450,424275,23399,204149,14821,400876,25077,12014,13063
68455,424306,23401,204165,14822,400905,25081,12017,13064
68460,424337,23402,204180,14822,400935,25085,12021,13064
68465,424368,23405,204191,14824,400963,25087,12022,13065
68470,424399,23408,204207,14826,400991,25089,12023,13066
68475,424430,23410,204220,14827,401020,25090,12024,13066
68480,424461,23411,204238,14828,401050,25090,12024,13066
68485,424492,23412,204251,14829,401080,25090,12024,13066
68490,424523,23413,204268,14830,401110,25090,12024,13066
68495,424554,23414,204281,14830,401140,25090,12024,13066
68500,424585,23415,204297,14831,401170,25090,12024,13066
68505,424616,23416,204309,14831,401200,25090,12024,13066
68510,424647,23417,204321,14832,401230,25090,12024,13066
68515,424678,23418,204338,14833,401260,25090,12024,13066
68520,424709,23419,204347,14833,401290,25090,12024,13066
68525,424740,23422,204364,14835,401318,25090,12024,13066
68530,424771,23425,204379,14837,401345,25090,12024,13066
68535,424802,23430,204393,14840,401372,25090,12024,13066
68540,424833,23433,204408,14842,401400,25090,12024,13066
68545,424864,23436,204426,14843,401428,25090,12024,13066
68550,424895,23439,204441,14846,401456,25090,12024,13066
68555,424926,23443,204458,14849,401482,25090,12024,13066
68560,424957,23447,204475,14853,401509,25090,12024,13066
68565,424988,23451,204489,14855,401537,25091,12025,13066
68570,425019,23455,204504,14859,401564,25094,12027,13067
68575,425050,23459,204521,14861,401591,25098,12030,13068
68580,425081,23462,204535,14863,401618,25103,12033,13070
68585,425112,23463,204542,14864,401649,25104,12033,13071
68590,425143,23463,204553,14864,401680,25105,12034,13071
68595,425174,23463,204569,14864,401711,25106,12035,13071
68600,425205,23463,204585,14864,401742,25107,12036,13071
68605,425236,23463,204601,14864,401773,25108,12037,13071
68610,425267,23463,204616,14864,401804,25109,12037,13072
68615,425298,23463,204627,14864,401835,25110,12037,13073
68620,425329,23463,204644,14864,401866,25111,12038,13073
68625,425360,23463,204662,14864,401897,25112,12039,13073
68630,425391,23463,204674,14864,401928,25113,12039,13074
68635,425422,23463,204693,14864,401959,25114,12039,13075
68640,425453,23463,204708,14864,401990,25115,12039,13076
68645,425484,23466,204721,14866,402018,25117,12039,13078
68650,425515,23469,204738,14867,402045,25119,12040,13079
68655,425546,23475,204755,14871,402071,25121,12041,13080
68660,425577,23476,204766,14872,402101,25123,12041,13082
68665,425608,23476,204786,14872,402132,25124,12042,13082
68670,425639,23476,204799,14872,402163,25125,12042,13083
68675,425670,23476,204812,14872,402194,25125,12042,13083
68680,425701,23476,204832,14872,402225,25125,12042,13083
68685,425732,23476,204846,14872,402256,25125,12042,13083
68690,425763,23476,204856,14872,402287,25128,12043,13085
68695,425794,23476,204869,14872,402318,25131,12044,13087
68700,425825,23478,204883,14874,402346,25133,12044,13089
68705,425856,23480,204900,14875,402376,25134,12045,13089
68710,425887,23481,204915,14875,402406,25134,12045,13089
68715,425918,23482,204933,14875,402436,25134,12045,13089
68720,425949,23483,204949,14876,402466,25134,12045,13089
68725,425980,23484,204961,14877,402496,25134,12045,13089
68730,426011,23485,204974,14877,402526,25134,12045,13089
68735,426042,23486,204993,14878,402556,25134,12045,13089
68740,426073,23487,205004,14879,402586,25134,12045,13089
68745,426104,23488,205015,14880,402616,25134,12045,13089
68750,426135,23489,205041,14881,402646,25134,12045,13089
68755,426166,23490,205058,14881,402676,25134,12045,13089
68760,426197,23491,205070,14881,402706,25134,12045,13089
68765,426228,23495,205088,14884,402733,25135,12046,13089
68770,426259,23499,205099,14885,402760,25136,12046,13090
68775,426290,23503,205110,14887,402787,25138,12046,13092
68780,426321,23506,205127,14889,402815,25140,12047,13093
68785,426352,23509,205141,14890,402843,25142,12049,13093
68790,426383,23512,205157,14892,402871,25144,12051,13093
68795,426414,23516,205172,14895,402898,25146,12053,13093
68800,426445,23520,205185,14897,402925,25149,12054,13095
68805,426476,23524,205200,14900,402951,25153,12056,13097
68810,426507,23529,205215,14903,402978,25158,12058,13100
68815,426538,23530,205229,14903,403008,25163,12063,13100
68820,426569,23531,205245,14904,403037,25166,12065,13101
68825,426600,23533,205257,14906,403067,25167,12065,13102
68830,426631,23534,205271,14907,403097,25168,12066,13102
68835,426662,23535,205285,14907,403126,25169,12066,13103
68840,426693,23537,205299,14908,403155,25170,12066,13104
68845,426724,23539,205315,14910,403184,25171,12067,13104
68850,426755,23542,205326,14913,403213,25172,12067,13105
68855,426786,23543,205339,14914,403243,25173,12068,13105
68860,426817,23543,205354,14914,403274,25174,12068,13106
68865,426848,23543,205371,14914,403305,25174,12068,13106
68870,426879,23543,205385,14914,403336,25174,12068,13106
68875,426910,23543,205402,14914,403367,25174,12068,13106
68880,426941,23543,205417,14914,403398,25174,12068,13106
68885,426972,23544,205429,14914,403428,25174,12068,13106
68890,427003,23545,205444,14914,403458,25174,12068,13106
68895,427034,23546,205455,14914,403488,25174,12068,13106
68900,427065,23548,205470,14915,403517,25174,12068,13106
68905,427096,23550,205482,14917,403546,25174,12068,13106
68910,427127,23551,205498,14918,403576,25174,12068,13106
68915,427158,23552,205511,14918,403606,25174,12068,13106
68920,427189,23553,205523,14919,403636,25175,12068,13107
68925,427220,23554,205534,14920,403666,25177,12069,13108
68930,427251,23556,205549,14921,403695,25181,12072,13109
68935,427282,23560,205566,14925,403722,25185,12073,13112
68940,427313,23562,205579,14926,403751,25189,12076,13113
68945,427344,23565,205594,14929,403779,25190,12076,13114
68950,427375,23567,205607,14929,403808,25191,12077,13114
68955,427406,23569,205622,14930,403837,25192,12077,13115
68960,427437,23571,205639,14931,403866,25193,12077,13116
68965,427468,23573,205653,14931,403895,25194,12078,13116
68970,427499,23576,205665,14933,403923,25195,12078,13117
68975,427530,23578,205676,14935,403952,25196,12078,13118
68980,427561,23580,205691,14936,403981,25197,12079,13118
68985,427592,23583,205708,14938,404008,25198,12080,13118
68990,427623,23586,205723,14940,404036,25199,12080,13119
68995,427654,23590,205735,14942,404064,25200,12080,13120
69000,427685,23592,205749,14944,404093,25201,12080,13121
69005,427716,23594,205762,14946,404121,25202,12080,13122
69010,427747,23598,205774,14949,404149,25202,12080,13122
69015,427778,23600,205795,14951,404178,25202,12080,13122
69020,427809,23600,205808,14951,404209,25202,12080,13122
69025,427840,23600,205824,14951,404240,25202,12080,13122
69030,427871,23600,205838,14951,404271,25202,12080,13122
69035,427902,23600,205848,14951,404302,25202,12080,13122
69040,427933,23600,205862,14951,404333,25203,12081,13122
69045,427964,23600,205872,14951,404364,25204,12081,13123
69050,427995,23600,205888,14951,404395,25206,12082,13124
69055,428026,23600,205903,14951,404426,25208,12082,13126
69060,428057,23600,205918,14951,404457,25210,12082,13128
69065,428088,23600,205934,14951,404488,25211,12083,13128
69070,428119,23600,205953,14951,404519,25212,12083,13129
69075,428150,23600,205968,14951,404550,25214,12084,13130
69080,428181,23600,205987,14951,404581,25215,12084,13131
69085,428212,23600,205998,14951,404612,25216,12085,13131
69090,428243,23600,206010,14951,404643,25217,12086,13131
69095,428274,23600,206024,14951,404674,25218,12087,13131
69100,428305,23600,206044,14951,404705,25219,12088,13131
69105,428336,23600,206061,14951,404736,25220,12089,13131
69110,428367,23602,206076,14952,404765,25223,12091,13132
69115,428398,23606,206091,14954,404792,25226,12091,13135
69120,428429,23611,206106,14959,404818,25229,12092,13137
69125,428460,23616,206122,14962,404843,25230,12092,13138
69130,428491,23621,206140,14966,404869,25231,12093,13138
69135,428522,23625,206154,14968,404896,25231,12093,13138
69140,428553,23627,206169,14969,404926,25231,12093,13138
69145,428584,23628,206184,14970,404955,25231,12093,13138
69150,428615,23630,206203,14972,404985,25231,12093,13138
69155,428646,23631,206220,14973,405014,25231,12093,13138
69160,428677,23633,206233,14975,405043,25231,12093,13138
69165,428708,23635,206252,14977,405073,25232,12094,13138
69170,428739,23636,206267,14977,405103,25233,12095,13138
69175,428770,23637,206286,14978,405133,25234,12096,13138
69180,428801,23638,206301,14978,405163,25236,12098,13138
69185,428832,23638,206313,14978,405194,25238,12098,13140
69190,428863,23638,206326,14978,405225,25240,12100,13140
69195,428894,23638,206345,14978,405256,25242,12102,13140
69200,428925,23638,206365,14978,405287,25244,12102,13142
69205,428956,23638,206376,14978,405318,25246,12102,13144
69210,428987,23638,206389,14978,405349,25248,12102,13146
69215,429018,23638,206404,14978,405380,25250,12102,13148
69220,429049,23638,206415,14978,405411,25252,12103,13149
69225,429080,23638,206431,14978,405442,25254,12103,13151
69230,429111,23638,206441,14978,405473,25257,12104,13153
69235,429142,23638,206456,14978,405504,25261,12104,13157
69240,429173,23640,206471,14980,405532,25263,12105,13158
69245,429204,23645,206479,14983,405559,25263,12105,13158
69250,429235,23649,206494,14984,405586,25263,12105,13158
69255,429266,23653,206507,14987,405613,25264,12105,13159
69260,429297,23658,206524,14991,405638,25265,12106,13159
69265,429328,23662,206540,14994,405665,25266,12107,13159
69270,429359,23665,206550,14996,405693,25267,12107,13160
69275,429390,23669,206560,15000,405721,25267,12107,13160
69280,429421,23672,206573,15003,405748,25267,12107,13160
69285,429452,23675,206585,15004,405777,25268,12108,13160
69290,429483,23677,206593,15005,405806,25269,12108,13161
69295,429514,23679,206608,15005,405834,25270,12109,13161
69300,429545,23683,206624,15008,405861,25271,12110,13161
69305,429576,23684,206637,15009,405892,25272,12111,13161
69310,429607,23684,206650,15009,405923,25272,12111,13161
69315,429638,23684,206659,15009,405954,25272,12111,13161
69320,429669,23684,206671,15009,405985,25272,12111,13161
69325,429700,23684,206683,15009,406016,25272,12111,13161
69330,429731,23684,206698,15009,406047,25272,12111,13161
69335,429762,23684,206718,15009,406078,25272,12111,13161
69340,429793,23684,206732,15009,406109,25273,12112,13161
69345,429824,23684,206744,15009,406140,25277,12112,13165
69350,429855,23684,206759,15009,406171,25281,12114,13167
69355,429886,23684,206773,15009,406202,25285,12116,13169
69360,429917,23684,206787,15009,406233,25289,12118,13171
69365,429948,23689,206807,15012,406259,25290,12119,13171
69370,429979,23693,206817,15015,406286,25291,12119,13172
69375,430010,23697,206834,15016,406312,25292,12120,13172
69380,430041,23702,206850,15019,406338,25293,12121,13172
69385,430072,23708,206865,15024,406364,25294,12122,13172
69390,430103,23712,206882,15026,406390,25295,12123,13172
69395,430134,23716,206897,15029,406417,25296,12124,13172
69400,430165,23719,206913,15031,406446,25297,12125,13172
69405,430196,23721,206928,15032,406474,25298,12126,13172
69410,430227,23725,206935,15035,406501,25300,12126,13174
69415,430258,23728,206949,15037,406529,25302,12128,13174
69420,430289,23730,206962,15038,406558,25304,12129,13175
69425,430320,23732,206980,15040,406588,25305,12130,13175
69430,430351,23733,206993,15041,406618,25305,12130,13175
69435,430382,23734,207009,15041,406648,25305,12130,13175
69440,430413,23735,207024,15042,406678,25305,12130,13175
69445,430444,23736,207043,15043,406708,25305,12130,13175
69450,430475,23737,207056,15043,406738,25305,12130,13175
69455,430506,23738,207071,15044,406767,25305,12130,13175
69460,430537,23740,207084,15045,406796,25305,12130,13175
69465,430568,23741,207099,15046,406827,25305,12130,13175
69470,430599,23741,207112,15046,406858,25308,12131,13177
69475,430630,23741,207130,15046,406889,25311,12132,13179
69480,430661,23741,207142,15046,406920,25313,12133,13180
69485,430692,23744,207157,15048,406948,25313,12133,13180
69490,430723,23746,207176,15050,406977,25313,12133,13180
69495,430754,23748,207193,15051,407006,25313,12133,13180
69500,430785,23750,207208,15052,407035,25313,12133,13180
69505,430816,23751,207224,15052,407065,25313,12133,13180
69510,430847,23754,207244,15055,407093,25313,12133,13180
69515,430878,23757,207260,15057,407121,25313,12133,13180
69520,430909,23760,207276,15058,407149,25313,12133,13180
69525,430940,23761,207292,15058,407179,25313,12133,13180
69530,430971,23762,207309,15059,407209,25314,12133,13181
69535,431002,23763,207319,15060,407239,25316,12134,13182
69540,431033,23764,207335,15061,407269,25317,12135,13182
69545,431064,23768,207353,15065,407296,25317,12135,13182
69550,431095,23772,207370,15068,407323,25317,12135,13182
69555,431126,23776,207383,15070,407350,25317,12135,13182
69560,431157,23780,207399,15074,407376,25317,12135,13182
69565,431188,23784,207417,15078,407403,25317,12135,13182
69570,431219,23787,207430,15080,407432,25317,12135,13182
69575,431250,23788,207446,15080,407462,25317,12135,13182
69580,431281,23789,207460,15081,407492,25318,12136,13182
69585,431312,23790,207477,15082,407522,25321,12139,13182
69590,431343,23791,207494,15082,407552,25325,12141,13184
69595,431374,23792,207511,15083,407581,25329,12145,13184
69600,431405,23794,207528,15084,407611,25333,12148,13185
69605,431436,23794,207546,15084,407642,25336,12150,13186
69610,431467,23794,207556,15084,407673,25339,12151,13188
69615,431498,23794,207573,15084,407704,25340,12152,13188
69620,431529,23794,207584,15084,407735,25340,12152,13188
69625,431560,23794,207601,15084,407766,25340,12152,13188
69630,431591,23794,207620,15084,407797,25340,12152,13188
69635,431622,23794,207636,15084,407828,25340,12152,13188
69640,431653,23794,207653,15084,407859,25340,12152,13188
69645,431684,23794,207666,15084,407890,25341,12153,13188
69650,431715,23795,207683,15085,407920,25342,12154,13188
69655,431746,23797,207701,15087,407949,25343,12154,13189
69660,431777,23798,207717,15088,407979,25344,12154,13190
69665,431808,23803,207736,15092,408005,25346,12155,13191
69670,431839,23806,207752,15094,408033,25348,12156,13192
69675,431870,23808,207765,15096,408062,25349,12157,13192
69680,431901,23810,207778,15098,408091,25349,12157,13192
69685,431932,23813,207797,15101,408119,25349,12157,13192
69690,431963,23815,207811,15103,408148,25349,12157,13192
69695,431994,23819,207829,15106,408175,25349,12157,13192
69700,432025,23823,207849,15109,408202,25349,12157,13192
69705,432056,23826,207860,15110,408230,25349,12157,13192
69710,432087,23828,207878,15112,408259,25349,12157,13192
69715,432118,23830,207891,15113,408287,25349,12157,13192
69720,432149,23832,207904,15114,408317,25350,12158,13192
69725,432180,23832,207913,15114,408348,25350,12158,13192
69730,432211,23832,207924,15114,408379,25350,12158,13192
69735,432242,23832,207939,15114,408410,25350,12158,13192
69740,432273,23832,207956,15114,408441,25350,12158,13192
69745,432304,23832,207976,15114,408472,25350,12158,13192
69750,432335,23832,207985,15114,408503,25350,12158,13192
69755,432366,23832,208002,15114,408534,25350,12158,13192
69760,432397,23832,208008,15114,408565,25350,12158,13192
69765,432428,23832,208023,15114,408596,25350,12158,13192
69770,432459,23832,208031,15114,408627,25351,12158,13193
69775,432490,23832,208044,15114,408658,25353,12158,13195
69780,432521,23833,208060,15114,408688,25356,12160,13196
69785,432552,23834,208073,15115,408718,25358,12161,13197
69790,432583,23835,208084,15115,408748,25360,12161,13199
69795,432614,23836,208101,15115,408778,25362,12162,13200
69800,432645,23837,208116,15116,408808,25364,12163,13201
69805,432676,23839,208132,15118,408837,25366,12163,13203
69810,432707,23841,208141,15119,408866,25368,12163,13205
69815,432738,23844,208160,15120,408893,25369,12164,13205
69820,432769,23848,208177,15124,408921,25370,12165,13205
69825,432800,23851,208189,15127,408949,25371,12165,13206
69830,432831,23854,208204,15128,408977,25372,12166,13206
69835,432862,23858,208221,15131,409003,25373,12167,13206
69840,432893,23864,208236,15136,409029,25374,12168,13206
69845,432924,23866,208251,15137,409058,25374,12168,13206
69850,432955,23869,208263,15138,409085,25374,12168,13206
69855,432986,23872,208279,15140,409113,25374,12168,13206
69860,433017,23876,208293,15143,409141,25374,12168,13206
69865,433048,23877,208307,15144,409170,25374,12168,13206
69870,433079,23879,208319,15146,409200,25374,12168,13206
69875,433110,23880,208337,15146,409230,25374,12168,13206
69880,433141,23881,208351,15146,409260,25374,12168,13206
69885,433172,23882,208366,15146,409290,25374,12168,13206
69890,433203,23883,208379,15147,409320,25375,12168,13207
69895,433234,23884,208393,15147,409350,25377,12170,13207
69900,433265,23885,208406,15147,409380,25379,12171,13208
69905,433296,23885,208421,15147,409411,25380,12171,13209
69910,433327,23885,208432,15147,409442,25381,12171,13210
69915,433358,23885,208454,15147,409473,25383,12173,13210
69920,433389,23885,208465,15147,409504,25385,12173,13212
69925,433420,23885,208479,15147,409535,25387,12173,13214
69930,433451,23885,208493,15147,409566,25390,12174,13216
69935,433482,23885,208510,15147,409597,25393,12176,13217
69940,433513,23885,208526,15147,409628,25396,12178,13218
69945,433544,23885,208535,15147,409659,25399,12178,13221
69950,433575,23885,208555,15147,409690,25400,12178,13222
69955,433606,23887,208569,15148,409719,25401,12178,13223
69960,433637,23888,208584,15149,409749,25402,12179,13223
69965,433668,23891,208602,15152,409776,25402,12179,13223
69970,433699,23894,208619,15154,409805,25402,12179,13223
69975,433730,23896,208634,15155,409834,25402,12179,13223
69980,433761,23898,208647,15156,409862,25402,12179,13223
69985,433792,23901,208666,15159,409890,25402,12179,13223
69990,433823,23903,208684,15161,409919,25402,12179,13223
69995,433854,23905,208697,15162,409948,25402,12179,13223
70000,433885,23907,208710,15163,409978,25402,12179,13223
70005,433916,23908,208722,15163,410007,25402,12179,13223
70010,433947,23910,208738,15165,410036,25403,12180,13223
70015,433978,23912,208752,15166,410066,25404,12181,13223
70020,434009,23913,208769,15167,410096,25405,12181,13224
70025,434040,23916,208784,15170,410123,25406,12181,13225
70030,434071,23919,208801,15172,410151,25407,12182,13225
70035,434102,23922,208816,15174,410180,25408,12182,13226
70040,434133,23923,208828,15174,410210,25409,12183,13226
70045,434164,23924,208843,15174,410240,25411,12184,13227
70050,434195,23925,208859,15174,410270,25413,12184,13229
70055,434226,23926,208875,15174,410300,25417,12186,13231
70060,434257,23927,208889,15175,410330,25420,12187,13233
70065,434288,23928,208902,15175,410360,25424,12188,13236
70070,434319,23929,208916,15175,410390,25429,12190,13239
70075,434350,23930,208932,15175,410420,25434,12194,13240
70080,434381,23932,208953,15177,410449,25438,12196,13242
70085,434412,23934,208970,15179,410478,25441,12198,13243
70090,434443,23936,208980,15181,410507,25444,12200,13244
70095,434474,23938,208993,15183,410536,25446,12201,13245
70100,434505,23939,209009,15183,410566,25446,12201,13245
70105,434536,23940,209023,15183,410596,25446,12201,13245
70110,434567,23941,209035,15183,410626,25446,12201,13245
70115,434598,23942,209050,15183,410656,25446,12201,13245
70120,434629,23943,209068,15184,410686,25446,12201,13245
70125,434660,23944,209080,15185,410716,25446,12201,13245
70130,434691,23945,209094,15185,410746,25446,12201,13245
70135,434722,23946,209109,15185,410776,25446,12201,13245
70140,434753,23948,209118,15185,410805,25446,12201,13245
70145,434784,23951,209134,15187,410832,25446,12201,13245
70150,434815,23955,209146,15190,410860,25446,12201,13245
70155,434846,23958,209163,15192,410888,25446,12201,13245
70160,434877,23960,209174,15192,410917,25446,12201,13245
70165,434908,23964,209186,15195,410943,25446,12201,13245
70170,434939,23968,209203,15199,410970,25446,12201,13245
70175,434970,23972,209220,15202,410997,25446,12201,13245
70180,435001,23975,209236,15205,411025,25447,12201,13246
70185,435032,23977,209257,15207,411055,25448,12201,13247
70190,435063,23979,209267,15207,411084,25451,12202,13249
70195,435094,23981,209282,15209,411113,25454,12204,13250
70200,435125,23984,209294,15210,411140,25458,12206,13252
70205,435156,23986,209304,15212,411170,25459,12206,13253
70210,435187,23988,209317,15213,411199,25460,12206,13254
70215,435218,23991,209329,15215,411227,25461,12206,13255
70220,435249,23992,209341,15215,411257,25462,12207,13255
70225,435280,23993,209357,15216,411287,25463,12208,13255
70230,435311,23994,209373,15217,411317,25464,12209,13255
70235,435342,23996,209391,15219,411346,25465,12210,13255
70240,435373,23998,209404,15221,411375,25466,12211,13255
70245,435404,24000,209416,15222,411404,25467,12211,13256
70250,435435,24000,209429,15222,411435,25468,12211,13257
70255,435466,24000,209441,15222,411466,25469,12211,13258
70260,435497,24000,209462,15222,411497,25469,12211,13258
70265,435528,24001,209478,15222,411527,25470,12211,13259
70270,435559,24003,209495,15223,411556,25471,12212,13259
70275,435590,24004,209513,15223,411586,25472,12213,13259
70280,435621,24006,209529,15225,411615,25472,12213,13259
70285,435652,24008,209541,15227,411644,25472,12213,13259
70290,435683,24010,209556,15228,411673,25472,12213,13259
70295,435714,24012,209573,15229,411702,25472,12213,13259
70300,435745,24014,209587,15229,411731,25472,12213,13259
70305,435776,24016,209599,15230,411760,25473,12213,13260
70310,435807,24020,209619,15234,411787,25475,12214,13261
70315,435838,24022,209637,15236,411816,25477,12215,13262
70320,435869,24025,209654,15239,411844,25479,12216,13263
70325,435900,24029,209669,15240,411871,25480,12217,13263
70330,435931,24032,209684,15242,411899,25481,12217,13264
70335,435962,24036,209698,15244,411926,25482,12217,13265
70340,435993,24039,209717,15246,411954,25483,12217,13266
70345,436024,24043,209734,15248,411981,25484,12217,13267
70350,436055,24047,209753,15250,412008,25485,12217,13268
70355,436086,24050,209768,15252,412036,25486,12217,13269
70360,436117,24053,209780,15254,412064,25488,12218,13270
70365,436148,24057,209798,15257,412090,25489,12218,13271
70370,436179,24061,209810,15259,412118,25490,12219,13271
70375,436210,24064,209824,15260,412145,25491,12219,13272
70380,436241,24068,209841,15263,412173,25493,12220,13273
70385,436272,24069,209854,15264,412203,25495,12221,13274
70390,436303,24070,209872,15264,412233,25497,12223,13274
70395,436334,24071,209883,15264,412263,25498,12224,13274
70400,436365,24072,209901,15265,412293,25498,12224,13274
70405,436396,24073,209919,15265,412323,25498,12224,13274
70410,436427,24074,209932,15266,412353,25498,12224,13274
70415,436458,24075,209945,15266,412383,25498,12224,13274
70420,436489,24077,209961,15267,412412,25498,12224,13274
70425,436520,24079,209978,15269,412441,25499,12224,13275
70430,436551,24080,209997,15270,412471,25500,12224,13276
70435,436582,24082,210017,15271,412500,25501,12225,13276
70440,436613,24084,210033,15272,412529,25502,12226,13276
70445,436644,24087,210046,15274,412557,25503,12226,13277
70450,436675,24089,210059,15274,412586,25504,12227,13277
70455,436706,24091,210076,15276,412615,25504,12227,13277
70460,436737,24093,210094,15276,412644,25504,12227,13277
70465,436768,24095,210109,15277,412673,25504,12227,13277
70470,436799,24097,210126,15279,412702,25504,12227,13277
70475,436830,24099,210142,15280,412731,25504,12227,13277
70480,436861,24101,210155,15281,412760,25504,12227,13277
70485,436892,24103,210168,15281,412789,25505,12228,13277
70490,436923,24105,210187,15282,412818,25507,12230,13277
70495,436954,24107,210201,15283,412847,25509,12231,13278
70500,436985,24110,210217,15285,412875,25512,12233,13279
70505,437016,24112,210230,15286,412904,25513,12233,13280
70510,437047,24113,210247,15286,412934,25514,12233,13281
70515,437078,24114,210262,15287,412964,25515,12234,13281
70520,437109,24115,210279,15287,412994,25516,12235,13281
70525,437140,24116,210293,15288,413024,25516,12235,13281
70530,437171,24117,210306,15288,413054,25517,12236,13281
70535,437202,24118,210321,15288,413084,25518,12236,13282
70540,437233,24120,210336,15290,413113,25519,12236,13283
70545,437264,24122,210351,15291,413142,25520,12236,13284
70550,437295,24126,210367,15293,413169,25522,12238,13284
70555,437326,24131,210388,15297,413195,25523,12239,13284
70560,437357,24134,210402,15299,413223,25524,12240,13284
70565,437388,24136,210416,15301,413252,25524,12240,13284
70570,437419,24137,210433,15302,413281,25524,12240,13284
70575,437450,24139,210453,15304,413310,25524,12240,13284
70580,437481,24141,210470,15305,413339,25524,12240,13284
70585,437512,24143,210487,15307,413368,25524,12240,13284
70590,437543,24144,210503,15308,413399,25524,12240,13284
70595,437574,24144,210521,15308,413430,25524,12240,13284
70600,437605,24144,210537,15308,413461,25524,12240,13284
70605,437636,24144,210550,15308,413492,25524,12240,13284
70610,437667,24144,210568,15308,413523,25524,12240,13284
70615,437698,24144,210580,15308,413554,25524,12240,13284
70620,437729,24144,210596,15308,413585,25524,12240,13284
70625,437760,24144,210614,15308,413616,25525,12240,13285
70630,437791,24144,210631,15308,413647,25526,12240,13286
70635,437822,24144,210648,15308,413678,25526,12240,13286
70640,437853,24144,210661,15308,413709,25526,12240,13286
70645,437884,24144,210677,15308,413740,25526,12240,13286
70650,437915,24144,210694,15308,413771,25526,12240,13286
70655,437946,24144,210713,15308,413802,25526,12240,13286
70660,437977,24144,210727,15308,413833,25526,12240,13286
70665,438008,24144,210743,15308,413864,25526,12240,13286
70670,438039,24146,210757,15309,413893,25529,12241,13288
70675,438070,24150,210772,15313,413919,25532,12241,13291
70680,438101,24154,210786,15315,413946,25535,12242,13293
70685,438132,24159,210799,15318,413972,25537,12243,13294
70690,438163,24165,210815,15324,413997,25539,12243,13296
70695,438194,24169,210829,15327,414025,25541,12245,13296
70700,438225,24173,210839,15329,414052,25543,12246,13297
70705,438256,24178,210854,15334,414077,25545,12247,13298
70710,438287,24182,210868,15337,414104,25547,12248,13299
70715,438318,24185,210886,15340,414132,25548,12248,13300
70720,438349,24188,210902,15341,414160,25549,12249,13300
70725,438380,24192,210918,15345,414187,25549,12249,13300
70730,438411,24195,210931,15347,414216,25549,12249,13300
70735,438442,24198,210946,15349,414243,25551,12250,13301
70740,438473,24200,210962,15350,414273,25553,12251,13302
70745,438504,24200,210975,15350,414304,25553,12251,13302
70750,438535,24200,210991,15350,414335,25553,12251,13302
70755,438566,24200,211009,15350,414366,25553,12251,13302
70760,438597,24200,211028,15350,414397,25553,12251,13302
70765,438628,24200,211042,15350,414428,25553,12251,13302
70770,438659,24200,211055,15350,414459,25553,12251,13302
70775,438690,24200,211070,15350,414490,25553,12251,13302
70780,438721,24200,211082,15350,414521,25553,12251,13302
70785,438752,24200,211096,15350,414552,25554,12251,13303
70790,438783,24200,211112,15350,414583,25555,12251,13304
70795,438814,24200,211130,15350,414614,25556,12251,13305
70800,438845,24200,211144,15350,414645,25557,12252,13305
70805,438876,24200,211161,15350,414676,25557,12252,13305
70810,438907,24200,211175,15350,414707,25557,12252,13305
70815,438938,24201,211195,15350,414737,25558,12252,13306
70820,438969,24202,211210,15350,414767,25559,12252,13307
70825,439000,24203,211225,15351,414797,25561,12253,13308
70830,439031,24204,211244,15352,414827,25563,12255,13308
70835,439062,24205,211259,15353,414857,25565,12256,13309
70840,439093,24207,211277,15355,414886,25567,12257,13310
70845,439124,24211,211295,15359,414912,25570,12259,13311
70850,439155,24216,211305,15361,414939,25574,12260,13314
70855,439186,24220,211318,15364,414965,25578,12262,13316
70860,439217,24225,211338,15369,414992,25582,12265,13317
70865,439248,24227,211348,15370,415021,25584,12266,13318
70870,439279,24230,211365,15372,415049,25586,12267,13319
70875,439310,24232,211380,15372,415078,25588,12267,13321
70880,439341,24234,211397,15373,415107,25590,12269,13321
70885,439372,24237,211412,15375,415135,25591,12270,13321
70890,439403,24239,211429,15377,415164,25591,12270,13321
70895,439434,24241,211445,15377,415193,25591,12270,13321
70900,439465,24244,211466,15380,415221,25591,12270,13321
70905,439496,24245,211483,15380,415251,25591,12270,13321
70910,439527,24246,211489,15380,415281,25592,12270,13322
70915,439558,24247,211506,15381,415311,25593,12270,13323
70920,439589,24248,211515,15382,415341,25594,12270,13324
70925,439620,24249,211529,15383,415371,25595,12271,13324
70930,439651,24250,211544,15383,415401,25595,12271,13324
70935,439682,24251,211559,15384,415431,25595,12271,13324
70940,439713,24252,211573,15384,415461,25595,12271,13324
70945,439744,24253,211590,15384,415491,25595,12271,13324
70950,439775,24254,211604,15384,415521,25595,12271,13324
70955,439806,24255,211621,15384,415551,25595,12271,13324
70960,439837,24256,211633,15385,415581,25595,12271,13324
70965,439868,24258,211649,15387,415610,25595,12271,13324
70970,439899,24261,211666,15389,415638,25595,12271,13324
70975,439930,24263,211682,15390,415667,25596,12271,13325
70980,439961,24266,211698,15392,415695,25597,12271,13326
70985,439992,24268,211711,15393,415723,25597,12271,13326
70990,440023,24272,211728,15395,415751,25598,12272,13326
70995,440054,24274,211735,15395,415779,25600,12273,13327
71000,440085,24279,211752,15399,415805,25602,12274,13328
71005,440116,24282,211768,15401,415834,25604,12275,13329
71010,440147,24284,211782,15403,415863,25606,12276,13330
71015,440178,24285,211799,15404,415893,25608,12278,13330
71020,440209,24286,211819,15404,415923,25610,12280,13330
71025,440240,24287,211829,15404,415953,25610,12280,13330
71030,440271,24288,211846,15405,415983,25612,12282,13330
71035,440302,24289,211856,15406,416013,25613,12282,13331
71040,440333,24290,211870,15406,416043,25614,12283,13331
71045,440364,24291,211887,15406,416073,25615,12284,13331
71050,440395,24292,211900,15406,416103,25616,12284,13332
71055,440426,24293,211917,15407,416133,25616,12284,13332
71060,440457,24294,211935,15408,416163,25616,12284,13332
71065,440488,24295,211948,15408,416193,25616,12284,13332
71070,440519,24296,211965,15408,416223,25616,12284,13332
71075,440550,24297,211986,15409,416253,25616,12284,13332
71080,440581,24298,211999,15410,416283,25616,12284,13332
71085,440612,24299,212013,15411,416313,25616,12284,13332
71090,440643,24301,212032,15413,416342,25617,12284,13333
71095,440674,24304,212046,15415,416370,25618,12285,13333
71100,440705,24306,212052,15416,416399,25619,12285,13334
71105,440736,24309,212070,15418,416427,25619,12285,13334
71110,440767,24311,212084,15418,416456,25619,12285,13334
71115,440798,24313,212096,15420,416485,25619,12285,13334
71120,440829,24315,212111,15422,416514,25619,12285,13334
71125,440860,24317,212128,15424,416542,25619,12285,13334
71130,440891,24321,212145,15426,416570,25619,12285,13334
71135,440922,24324,212162,15429,416598,25619,12285,13334
71140,440953,24327,212180,15432,416625,25619,12285,13334
71145,440984,24330,212193,15433,416654,25620,12285,13335
71150,441015,24332,212209,15434,416683,25621,12286,13335
71155,441046,24334,212226,15435,416712,25623,12286,13337
71160,441077,24336,212238,15435,416740,25624,12286,13338
71165,441108,24339,212259,15438,416768,25625,12287,13338
71170,441139,24341,212274,15440,416797,25626,12287,13339
71175,441170,24342,212289,15441,416828,25627,12288,13339
71180,441201,24342,212303,15441,416859,25628,12289,13339
71185,441232,24342,212316,15441,416890,25629,12289,13340
71190,441263,24342,212333,15441,416921,25630,12290,13340
71195,441294,24342,212346,15441,416952,25630,12290,13340
71200,441325,24342,212358,15441,416983,25630,12290,13340
71205,441356,24342,212375,15441,417014,25630,12290,13340
71210,441387,24342,212391,15441,417045,25630,12290,13340
71215,441418,24342,212406,15441,417076,25632,12291,13341
71220,441449,24344,212422,15443,417105,25634,12292,13342
71225,441480,24349,212439,15446,417131,25634,12292,13342
71230,441511,24353,212453,15448,417158,25634,12292,13342
71235,441542,24357,212469,15451,417185,25634,12292,13342
71240,441573,24362,212487,15455,417211,25634,12292,13342
71245,441604,24364,212502,15456,417240,25634,12292,13342
71250,441635,24366,212518,15458,417269,25634,12292,13342
71255,441666,24368,212532,15459,417298,25634,12292,13342
71260,441697,24370,212549,15461,417327,25634,12292,13342
71265,441728,24373,212563,15462,417355,25634,12292,13342
71270,441759,24374,212575,15462,417385,25634,12292,13342
71275,441790,24375,212585,15462,417415,25634,12292,13342
71280,441821,24376,212600,15462,417445,25634,12292,13342
71285,441852,24377,212615,15462,417475,25635,12292,13343
71290,441883,24378,212630,15462,417505,25636,12292,13344
71295,441914,24379,212643,15462,417535,25637,12292,13345
71300,441945,24380,212659,15463,417565,25638,12292,13346
71305,441976,24381,212673,15463,417595,25639,12292,13347
71310,442007,24382,212686,15463,417625,25640,12293,13347
71315,442038,24383,212702,15464,417655,25641,12294,13347
71320,442069,24384,212715,15464,417685,25641,12294,13347
71325,442100,24385,212734,15465,417715,25641,12294,13347
71330,442131,24387,212751,15467,417744,25643,12295,13348
71335,442162,24388,212767,15467,417774,25645,12296,13349
71340,442193,24389,212777,15468,417804,25647,12297,13350
71345,442224,24391,212791,15469,417833,25648,12297,13351
71350,442255,24394,212804,15471,417861,25649,12297,13352
71355,442286,24396,212817,15473,417890,25650,12297,13353
71360,442317,24398,212831,15475,417919,25651,12297,13354
71365,442348,24399,212846,15475,417949,25651,12297,13354
71370,442379,24401,212862,15477,417978,25651,12297,13354
71375,442410,24404,212878,15478,418005,25651,12297,13354
71380,442441,24408,212893,15482,418032,25651,12297,13354
71385,442472,24413,212907,15486,418059,25651,12297,13354
71390,442503,24417,212924,15490,418085,25651,12297,13354
71395,442534,24420,212939,15493,418114,25651,12297,13354
71400,442565,24423,212951,15494,418141,25651,12297,13354
71405,442596,24426,212968,15496,418170,25653,12298,13355
71410,442627,24427,212980,15496,418200,25655,12298,13357
71415,442658,24428,212991,15497,418230,25657,12298,13359
71420,442689,24429,213003,15497,418259,25658,12298,13360
71425,442720,24431,213021,15499,418288,25659,12299,13360
71430,442751,24433,213030,15500,418318,25660,12300,13360
71435,442782,24434,213045,15501,418347,25661,12301,13360
71440,442813,24436,213064,15503,418377,25662,12302,13360
71445,442844,24437,213077,15504,418407,25663,12303,13360
71450,442875,24439,213095,15505,418436,25664,12304,13360
71455,442906,24440,213107,15505,418466,25664,12304,13360
71460,442937,24442,213122,15506,418495,25665,12304,13361
71465,442968,24444,213138,15508,418524,25667,12305,13362
71470,442999,24445,213151,15509,418554,25669,12306,13363
71475,443030,24447,213168,15511,418583,25670,12307,13363
71480,443061,24448,213180,15511,418613,25671,12308,13363
71485,443092,24450,213198,15512,418642,25672,12309,13363
71490,443123,24451,213213,15513,418672,25673,12310,13363
71495,443154,24452,213224,15513,418702,25674,12310,13364
71500,443185,24453,213238,15513,418732,25675,12311,13364
71505,443216,24455,213253,15515,418761,25676,12311,13365
71510,443247,24458,213268,15517,418789,25677,12312,13365
71515,443278,24461,213278,15518,418817,25678,12312,13366
71520,443309,24463,213290,15519,418846,25679,12312,13367
71525,443340,24464,213307,15520,418876,25684,12313,13371
71530,443371,24465,213321,15520,418906,25688,12314,13374
71535,443402,24466,213338,15521,418936,25690,12315,13375
71540,443433,24467,213358,15521,418966,25690,12315,13375
71545,443464,24468,213373,15522,418996,25690,12315,13375
71550,443495,24469,213395,15523,419026,25690,12315,13375
71555,443526,24470,213405,15523,419056,25690,12315,13375
71560,443557,24471,213418,15523,419086,25690,12315,13375
71565,443588,24472,213433,15524,419116,25690,12315,13375
71570,443619,24474,213443,15525,419145,25690,12315,13375
71575,443650,24476,213455,15527,419174,25690,12315,13375
71580,443681,24478,213471,15528,419203,25690,12315,13375
71585,443712,24483,213485,15533,419228,25690,12315,13375
71590,443743,24488,213501,15537,419254,25690,12315,13375
71595,443774,24492,213513,15540,419281,25690,12315,13375
71600,443805,24496,213527,15541,419308,25690,12315,13375
71605,443836,24500,213539,15544,419335,25690,12315,13375
71610,443867,24503,213552,15546,419363,25690,12315,13375
71615,443898,24506,213568,15547,419391,25690,12315,13375
71620,443929,24509,213587,15549,419419,25690,12315,13375
71625,443960,24512,213602,15550,419447,25690,12315,13375
71630,443991,24516,213615,15552,419475,25690,12315,13375
71635,444022,24518,213624,15553,419504,25692,12315,13377
71640,444053,24521,213636,15555,419531,25695,12315,13380
71645,444084,24524,213653,15558,419560,25698,12316,13382
71650,444115,24526,213668,15560,419589,25700,12316,13384
71655,444146,24528,213684,15560,419618,25702,12316,13386
71660,444177,24530,213697,15560,419647,25704,12318,13386
71665,444208,24532,213713,15561,419676,25705,12319,13386
71670,444239,24534,213726,15562,419705,25706,12320,13386
71675,444270,24536,213739,15563,419733,25706,12320,13386
71680,444301,24539,213753,15565,419762,25706,12320,13386
71685,444332,24541,213765,15566,419791,25706,12320,13386
71690,444363,24543,213779,15566,419819,25706,12320,13386
71695,444394,24546,213788,15568,419848,25706,12320,13386
71700,444425,24548,213808,15569,419876,25706,12320,13386
71705,444456,24550,213822,15570,419906,25706,12320,13386
71710,444487,24551,213835,15570,419936,25706,12320,13386
71715,444518,24552,213851,15571,419966,25706,12320,13386
71720,444549,24553,213862,15571,419996,25706,12320,13386
71725,444580,24554,213876,15571,420026,25706,12320,13386
71730,444611,24555,213888,15572,420056,25706,12320,13386
71735,444642,24556,213907,15572,420086,25706,12320,13386
71740,444673,24557,213922,15573,420116,25706,12320,13386
71745,444704,24558,213933,15573,420146,25706,12320,13386
71750,444735,24559,213945,15573,420176,25707,12320,13387
71755,444766,24560,213964,15574,420206,25709,12322,13387
71760,444797,24561,213982,15574,420236,25712,12324,13388
71765,444828,24563,213995,15576,420265,25716,12326,13390
71770,444859,24565,214006,15578,420294,25718,12327,13391
71775,444890,24567,214019,15579,420322,25719,12327,13392
71780,444921,24569,214034,15581,420352,25721,12329,13392
71785,444952,24570,214050,15582,420382,25723,12330,13393
71790,444983,24571,214065,15582,420412,25725,12331,13394
71795,445014,24572,214081,15583,420442,25727,12332,13395
71800,445045,24573,214095,15583,420472,25729,12334,13395
71805,445076,24574,214111,15584,420502,25731,12335,13396
71810,445107,24576,214124,15585,420531,25733,12336,13397
71815,445138,24578,214141,15586,420559,25734,12337,13397
71820,445169,24582,214158,15588,420586,25735,12338,13397
71825,445200,24585,214169,15590,420614,25737,12339,13398
71830,445231,24588,214186,15592,420642,25738,12339,13399
71835,445262,24591,214201,15594,420671,25739,12340,13399
71840,445293,24593,214215,15595,420699,25739,12340,13399
71845,445324,24596,214228,15598,420728,25739,12340,13399
71850,445355,24599,214245,15599,420756,25739,12340,13399
71855,445386,24601,214260,15600,420785,25739,12340,13399
71860,445417,24604,214274,15602,420812,25739,12340,13399
71865,445448,24607,214288,15603,420840,25739,12340,13399
71870,445479,24610,214304,15606,420869,25739,12340,13399
71875,445510,24613,214321,15608,420896,25741,12340,13401
71880,445541,24616,214334,15611,420925,25743,12340,13403
71885,445572,24617,214348,15611,420955,25745,12340,13405
71890,445603,24618,214360,15611,420985,25746,12340,13406
71895,445634,24619,214374,15611,421015,25747,12341,13406
71900,445665,24620,214388,15611,421045,25748,12342,13406
71905,445696,24621,214402,15611,421075,25748,12342,13406
71910,445727,24622,214422,15612,421105,25748,12342,13406
71915,445758,24624,214437,15613,421134,25749,12343,13406
71920,445789,24626,214453,15614,421163,25750,12344,13406
71925,445820,24629,214470,15615,421191,25751,12345,13406
71930,445851,24632,214480,15617,421219,25752,12346,13406
71935,445882,24635,214494,15618,421247,25753,12346,13407
71940,445913,24638,214512,15620,421275,25754,12346,13408
71945,445944,24640,214529,15621,421304,25755,12347,13408
71950,445975,24642,214543,15621,421333,25756,12347,13409
71955,446006,24645,214556,15623,421361,25757,12347,13410
71960,446037,24648,214571,15625,421389,25758,12348,13410
71965,446068,24650,214587,15626,421418,25759,12349,13410
71970,446099,24652,214607,15627,421447,25760,12349,13411
71975,446130,24655,214621,15629,421475,25761,12350,13411
71980,446161,24658,214633,15630,421503,25762,12351,13411
71985,446192,24662,214651,15633,421530,25763,12352,13411
71990,446223,24665,214667,15635,421557,25764,12352,13412
71995,446254,24669,214675,15638,421585,25765,12353,13412
72000,446285,24671,214691,15639,421614,25767,12354,13413
72005,446316,24672,214700,15640,421644,25769,12356,13413
72010,446347,24673,214717,15641,421674,25771,12357,13414
72015,446378,24674,214730,15642,421704,25773,12357,13416
72020,446409,24676,214750,15643,421733,25774,12358,13416
72025,446440,24677,214766,15643,421763,25774,12358,13416
72030,446471,24679,214785,15645,421792,25774,12358,13416
72035,446502,24681,214805,15647,421821,25774,12358,13416
72040,446533,24683,214822,15649,421850,25774,12358,13416
72045,446564,24684,214839,15650,421880,25774,12358,13416
72050,446595,24685,214853,15650,421910,25774,12358,13416
72055,446626,24686,214863,15651,421940,25774,12358,13416
72060,446657,24687,214879,15652,421970,25774,12358,13416
72065,446688,24688,214897,15653,422000,25774,12358,13416
72070,446719,24689,214910,15654,422030,25774,12358,13416
72075,446750,24690,214929,15655,422060,25774,12358,13416
72080,446781,24691,214942,15655,422090,25774,12358,13416
72085,446812,24692,214958,15656,422120,25774,12358,13416
72090,446843,24693,214975,15656,422150,25774,12358,13416
72095,446874,24694,214984,15656,422180,25774,12358,13416
72100,446905,24695,215004,15656,422210,25774,12358,13416
72105,446936,24697,215017,15657,422239,25774,12358,13416
72110,446967,24699,215030,15658,422268,25776,12359,13417
72115,446998,24701,215047,15659,422297,25776,12359,13417
72120,447029,24703,215062,15660,422326,25777,12359,13418
72125,447060,24705,215075,15661,422355,25778,12360,13418
72130,447091,24707,215088,15662,422384,25779,12361,13418
72135,447122,24709,215103,15664,422413,25780,12362,13418
72140,447153,24711,215121,15665,422442,25781,12363,13418
72145,447184,24713,215135,15666,422471,25782,12363,13419
72150,447215,24715,215146,15667,422500,25783,12363,13420
72155,447246,24718,215163,15670,422528,25784,12363,13421
72160,447277,24721,215179,15673,422556,25785,12363,13422
72165,447308,24724,215197,15676,422584,25786,12363,13423
72170,447339,24727,215211,15679,422612,25787,12363,13424
72175,447370,24734,215229,15684,422636,25789,12365,13424
72180,447401,24738,215241,15686,422663,25791,12366,13425
72185,447432,24741,215264,15688,422691,25793,12368,13425
72190,447463,24744,215275,15689,422719,25794,12369,13425
72195,447494,24748,215287,15692,422746,25795,12369,13426
72200,447525,24752,215301,15696,422773,25796,12369,13427
72205,447556,24754,215316,15698,422802,25797,12369,13428
72210,447587,24755,215334,15699,422832,25798,12369,13429
72215,447618,24756,215349,15699,422862,25799,12370,13429
72220,447649,24757,215362,15699,422892,25801,12371,13430
72225,447680,24758,215374,15699,422922,25802,12371,13431
72230,447711,24759,215388,15700,422952,25803,12372,13431
72235,447742,24760,215402,15701,422982,25804,12373,13431
72240,447773,24761,215417,15702,423012,25805,12374,13431
72245,447804,24762,215432,15702,423042,25807,12374,13433
72250,447835,24763,215448,15703,423072,25809,12375,13434
72255,447866,24764,215466,15704,423102,25811,12376,13435
72260,447897,24765,215482,15705,423132,25812,12377,13435
72265,447928,24766,215495,15705,423162,25813,12378,13435
72270,447959,24767,215511,15705,423192,25814,12378,13436
72275,447990,24768,215522,15705,423222,25815,12378,13437
72280,448021,24769,215535,15705,423252,25816,12379,13437
72285,448052,24770,215547,15705,423282,25816,12379,13437
72290,448083,24771,215561,15706,423312,25816,12379,13437
72295,448114,24772,215575,15706,423342,25816,12379,13437
72300,448145,24773,215586,15706,423372,25816,12379,13437
72305,448176,24775,215605,15708,423401,25816,12379,13437
72310,448207,24777,215620,15709,423430,25816,12379,13437
72315,448238,24779,215633,15710,423459,25816,12379,13437
72320,448269,24781,215649,15712,423488,25816,12379,13437
72325,448300,24783,215665,15712,423517,25817,12380,13437
72330,448331,24786,215683,15714,423545,25818,12380,13438
72335,448362,24788,215699,15716,423574,25819,12380,13439
72340,448393,24791,215717,15718,423602,25820,12380,13440
72345,448424,24794,215737,15721,423630,25821,12380,13441
72350,448455,24796,215755,15722,423659,25822,12381,13441
72355,448486,24798,215769,15722,423688,25823,12382,13441
72360,448517,24801,215787,15724,423716,25825,12384,13441
72365,448548,24803,215805,15726,423745,25827,12386,13441
72370,448579,24805,215820,15726,423774,25829,12387,13442
72375,448610,24808,215835,15727,423802,25831,12389,13442
72380,448641,24811,215845,15729,423830,25832,12390,13442
72385,448672,24814,215859,15731,423858,25834,12391,13443
72390,448703,24817,215877,15733,423886,25837,12393,13444
72395,448734,24820,215887,15734,423914,25840,12394,13446
72400,448765,24822,215899,15734,423943,25843,12394,13449
72405,448796,24824,215913,15735,423972,25846,12395,13451
72410,448827,24829,215927,15738,423998,25849,12395,13454
72415,448858,24831,215941,15740,424027,25853,12395,13458
72420,448889,24835,215957,15742,424054,25857,12397,13460
72425,448920,24837,215972,15743,424083,25857,12397,13460
72430,448951,24838,215986,15744,424113,25857,12397,13460
72435,448982,24840,216002,15745,424142,25857,12397,13460
72440,449013,24841,216019,15746,424172,25857,12397,13460
72445,449044,24843,216037,15748,424201,25857,12397,13460
72450,449075,24845,216055,15750,424230,25857,12397,13460
72455,449106,24846,216069,15750,424260,25857,12397,13460
72460,449137,24847,216082,15751,424290,25857,12397,13460
72465,449168,24848,216097,15751,424320,25857,12397,13460
72470,449199,24849,216110,15751,424350,25857,12397,13460
72475,449230,24850,216129,15751,424380,25857,12397,13460
72480,449261,24851,216146,15751,424410,25858,12398,13460
72485,449292,24854,216160,15752,424438,25858,12398,13460
72490,449323,24856,216180,15754,424467,25858,12398,13460
72495,449354,24857,216197,15754,424497,25858,12398,13460
72500,449385,24858,216212,15754,424527,25858,12398,13460
72505,449416,24859,216230,15755,424557,25858,12398,13460
72510,449447,24860,216244,15755,424587,25858,12398,13460
72515,449478,24861,216260,15755,424617,25858,12398,13460
72520,449509,24863,216275,15756,424646,25858,12398,13460
72525,449540,24865,216286,15757,424675,25859,12398,13461
72530,449571,24867,216298,15759,424704,25861,12398,13463
72535,449602,24869,216312,15759,424733,25864,12399,13465
72540,449633,24871,216326,15761,424762,25867,12400,13467
72545,449664,24874,216348,15763,424790,25868,12401,13467
72550,449695,24876,216362,15765,424819,25870,12401,13469
72555,449726,24878,216377,15766,424848,25871,12401,13470
72560,449757,24880,216394,15767,424877,25872,12401,13471
72565,449788,24882,216412,15769,424906,25873,12402,13471
72570,449819,24884,216428,15771,424935,25874,12402,13472
72575,449850,24886,216437,15772,424964,25875,12403,13472
72580,449881,24887,216453,15772,424994,25876,12404,13472
72585,449912,24889,216467,15773,425023,25877,12405,13472
72590,449943,24890,216480,15774,425053,25877,12405,13472
72595,449974,24892,216500,15775,425082,25877,12405,13472
72600,450005,24894,216518,15776,425111,25878,12406,13472
72605,450036,24897,216531,15778,425139,25879,12407,13472
72610,450067,24899,216544,15780,425168,25879,12407,13472
72615,450098,24901,216558,15781,425197,25879,12407,13472
72620,450129,24904,216574,15784,425225,25879,12407,13472
72625,450160,24906,216585,15785,425254,25879,12407,13472
72630,450191,24909,216604,15788,425282,25879,12407,13472
72635,450222,24912,216617,15790,425310,25879,12407,13472
72640,450253,24914,216627,15790,425339,25879,12407,13472
72645,450284,24917,216645,15792,425367,25879,12407,13472
72650,450315,24920,216661,15793,425395,25881,12407,13474
72655,450346,24925,216677,15796,425421,25883,12408,13475
72660,450377,24928,216688,15797,425449,25886,12409,13477
72665,450408,24930,216705,15799,425478,25887,12410,13477
72670,450439,24931,216718,15799,425508,25887,12410,13477
72675,450470,24932,216734,15800,425538,25887,12410,13477
72680,450501,24934,216750,15801,425567,25887,12410,13477
72685,450532,24936,216766,15803,425596,25887,12410,13477
72690,450563,24938,216775,15804,425625,25887,12410,13477
72695,450594,24939,216795,15805,425655,25887,12410,13477
72700,450625,24941,216812,15806,425684,25887,12410,13477
72705,450656,24943,216833,15808,425713,25887,12410,13477
72710,450687,24944,216848,15809,425743,25888,12411,13477
72715,450718,24946,216866,15810,425772,25889,12411,13478
72720,450749,24947,216883,15811,425802,25890,12411,13479
72725,450780,24948,216894,15812,425832,25893,12413,13480
72730,450811,24949,216910,15812,425862,25894,12414,13480
72735,450842,24950,216924,15812,425892,25895,12414,13481
72740,450873,24952,216944,15813,425921,25896,12415,13481
72745,450904,24953,216952,15813,425951,25897,12415,13482
72750,450935,24954,216966,15813,425981,25898,12415,13483
72755,450966,24955,216977,15814,426011,25899,12415,13484
72760,450997,24956,216993,15815,426041,25900,12416,13484
72765,451028,24958,217004,15815,426070,25901,12417,13484
72770,451059,24960,217016,15817,426099,25903,12417,13486
72775,451090,24964,217032,15821,426126,25906,12418,13488
72780,451121,24967,217043,15823,426154,25909,12419,13490
72785,451152,24970,217058,15824,426182,25910,12420,13490
72790,451183,24973,217073,15826,426210,25911,12420,13491
72795,451214,24976,217087,15827,426238,25912,12420,13492
72800,451245,24978,217105,15827,426267,25912,12420,13492
72805,451276,24981,217121,15828,426295,25912,12420,13492
72810,451307,24984,217138,15830,426323,25912,12420,13492
72815,451338,24987,217150,15831,426351,25912,12420,13492
72820,451369,24990,217163,15833,426379,25912,12420,13492
72825,451400,24993,217179,15834,426407,25912,12420,13492
72830,451431,24994,217200,15835,426437,25912,12420,13492
72835,451462,24995,217215,15836,426467,25914,12421,13493
72840,451493,24996,217227,15836,426497,25916,12422,13494
72845,451524,24997,217246,15837,426527,25918,12424,13494
72850,451555,24998,217256,15837,426557,25918,12424,13494
72855,451586,24999,217268,15837,426587,25918,12424,13494
72860,451617,25000,217283,15838,426617,25918,12424,13494
72865,451648,25001,217293,15838,426647,25918,12424,13494
72870,451679,25002,217309,15838,426677,25918,12424,13494
72875,451710,25003,217330,15838,426707,25918,12424,13494
72880,451741,25004,217342,15839,426737,25918,12424,13494
72885,451772,25005,217357,15840,426767,25918,12424,13494
72890,451803,25007,217367,15842,426796,25920,12424,13496
72895,451834,25011,217380,15845,426823,25922,12424,13498
72900,451865,25015,217390,15847,426850,25925,12425,13500
72905,451896,25016,217401,15847,426880,25927,12426,13501
72910,451927,25018,217416,15849,426909,25929,12427,13502
72915,451958,25019,217432,15850,426939,25930,12428,13502
72920,451989,25021,217446,15851,426968,25931,12429,13502
72925,452020,25022,217460,15851,426998,25932,12430,13502
72930,452051,25025,217477,15853,427026,25932,12430,13502
72935,452082,25027,217491,15854,427055,25932,12430,13502
72940,452113,25029,217503,15855,427084,25932,12430,13502
72945,452144,25031,217522,15856,427113,25932,12430,13502
72950,452175,25033,217534,15857,427142,25932,12430,13502
72955,452206,25036,217547,15859,427170,25932,12430,13502
72960,452237,25038,217563,15860,427199,25933,12430,13503
72965,452268,25040,217586,15862,427228,25934,12431,13503
72970,452299,25042,217601,15863,427257,25935,12431,13504
72975,452330,25044,217617,15863,427286,25936,12431,13505
72980,452361,25046,217634,15864,427315,25936,12431,13505
72985,452392,25048,217647,15866,427344,25936,12431,13505
72990,452423,25050,217659,15866,427373,25936,12431,13505
72995,452454,25052,217671,15867,427402,25936,12431,13505
73000,452485,25054,217679,15867,427431,25936,12431,13505
73005,452516,25057,217692,15867,427459,25936,12431,13505
73010,452547,25061,217709,15870,427486,25936,12431,13505
73015,452578,25065,217720,15872,427513,25938,12431,13507
73020,452609,25070,217735,15876,427539,25940,12432,13508
73025,452640,25074,217750,15879,427566,25941,12432,13509
73030,452671,25077,217763,15880,427594,25942,12432,13510
73035,452702,25080,217775,15881,427622,25944,12434,13510
73040,452733,25083,217789,15882,427650,25946,12436,13510
73045,452764,25084,217799,15882,427680,25948,12436,13512
73050,452795,25085,217817,15883,427710,25950,12436,13514
73055,452826,25086,217833,15884,427740,25952,12436,13516
73060,452857,25087,217847,15884,427770,25953,12437,13516
73065,452888,25088,217861,15884,427800,25954,12438,13516
73070,452919,25089,217875,15885,427830,25955,12438,13517
73075,452950,25090,217889,15885,427860,25956,12438,13518
73080,452981,25091,217902,15886,427890,25958,12439,13519
73085,453012,25093,217918,15887,427919,25960,12439,13521
73090,453043,25095,217933,15888,427948,25962,12439,13523
73095,453074,25097,217946,15890,427977,25964,12439,13525
73100,453105,25099,217965,15892,428006,25966,12441,13525
73105,453136,25101,217981,15893,428035,25967,12441,13526
73110,453167,25103,217994,15895,428064,25968,12442,13526
73115,453198,25104,218010,15896,428094,25969,12443,13526
73120,453229,25106,218028,15898,428123,25970,12444,13526
73125,453260,25108,218045,15900,428152,25972,12445,13527
73130,453291,25108,218056,15900,428183,25974,12446,13528
73135,453322,25108,218068,15900,428214,25976,12446,13530
73140,453353,25111,218084,15903,428242,25977,12447,13530
73145,453384,25113,218097,15904,428271,25978,12447,13531
73150,453415,25115,218113,15906,428300,25980,12449,13531
73155,453446,25117,218123,15907,428329,25981,12449,13532
73160,453477,25120,218139,15909,428357,25982,12450,13532
73165,453508,25122,218155,15909,428386,25983,12451,13532
73170,453539,25125,218173,15911,428414,25984,12452,13532
73175,453570,25128,218184,15913,428442,25985,12453,13532
73180,453601,25131,218199,15914,428470,25986,12453,13533
73185,453632,25133,218218,15915,428499,25987,12454,13533
73190,453663,25135,218231,15916,428528,25988,12454,13534
73195,453694,25138,218249,15918,428556,25989,12454,13535
73200,453725,25141,218267,15920,428584,25990,12454,13536
73205,453756,25143,218282,15922,428613,25991,12454,13537
73210,453787,25145,218297,15923,428642,25992,12454,13538
73215,453818,25147,218309,15925,428671,25993,12454,13539
73220,453849,25149,218324,15926,428700,25994,12454,13540
73225,453880,25151,218341,15928,428729,25995,12454,13541
73230,453911,25153,218352,15930,428758,25996,12454,13542
73235,453942,25155,218368,15931,428787,25997,12455,13542
73240,453973,25157,218380,15932,428816,25999,12457,13542
73245,454004,25161,218393,15935,428843,26001,12457,13544
73250,454035,25165,218408,15937,428870,26002,12457,13545
73255,454066,25169,218418,15939,428897,26003,12458,13545
73260,454097,25175,218436,15944,428922,26004,12459,13545
73265,454128,25181,218450,15949,428947,26006,12459,13547
73270,454159,25183,218463,15951,428976,26007,12460,13547
73275,454190,25185,218480,15953,429005,26008,12460,13548
73280,454221,25186,218496,15953,429035,26009,12461,13548
73285,454252,25188,218513,15954,429064,26010,12461,13549
73290,454283,25190,218533,15956,429093,26011,12462,13549
73295,454314,25191,218548,15956,429123,26012,12462,13550
73300,454345,25192,218567,15956,429153,26013,12462,13551
73305,454376,25193,218578,15957,429183,26014,12462,13552
73310,454407,25195,218593,15959,429212,26016,12462,13554
73315,454438,25196,218605,15959,429242,26018,12463,13555
73320,454469,25197,218621,15960,429272,26020,12464,13556
73325,454500,25197,218634,15960,429303,26023,12465,13558
73330,454531,25197,218646,15960,429334,26025,12465,13560
73335,454562,25197,218661,15960,429365,26026,12466,13560
73340,454593,25197,218678,15960,429396,26027,12466,13561
73345,454624,25197,218695,15960,429427,26028,12466,13562
73350,454655,25197,218712,15960,429458,26029,12467,13562
73355,454686,25197,218723,15960,429489,26030,12468,13562
73360,454717,25197,218736,15960,429520,26031,12469,13562
73365,454748,25197,218754,15960,429551,26032,12470,13562
73370,454779,25198,218769,15960,429581,26033,12470,13563
73375,454810,25200,218788,15962,429610,26034,12471,13563
73380,454841,25203,218802,15965,429638,26035,12471,13564
73385,454872,25206,218819,15968,429666,26035,12471,13564
73390,454903,25210,218831,15970,429693,26035,12471,13564
73395,454934,25213,218844,15972,429721,26035,12471,13564
73400,454965,25217,218857,15973,429748,26035,12471,13564
73405,454996,25220,218870,15975,429776,26035,12471,13564
73410,455027,25224,218885,15977,429803,26035,12471,13564
73415,455058,25228,218901,15978,429830,26035,12471,13564
73420,455089,25231,218917,15980,429858,26035,12471,13564
73425,455120,25235,218933,15983,429885,26035,12471,13564
73430,455151,25238,218941,15983,429913,26035,12471,13564
73435,455182,25241,218954,15984,429941,26037,12473,13564
73440,455213,25244,218970,15986,429969,26039,12474,13565
73445,455244,25246,218988,15986,429998,26041,12474,13567
73450,455275,25248,219003,15988,430027,26042,12474,13568
73455,455306,25250,219017,15989,430056,26043,12474,13569
73460,455337,25253,219032,15990,430084,26044,12475,13569
73465,455368,25256,219044,15991,430112,26045,12475,13570
73470,455399,25258,219064,15993,430141,26045,12475,13570
73475,455430,25260,219077,15994,430170,26045,12475,13570
73480,455461,25262,219095,15995,430199,26045,12475,13570
73485,455492,25264,219111,15995,430228,26046,12476,13570
73490,455523,25266,219128,15997,430257,26047,12477,13570
73495,455554,25269,219148,16000,430285,26048,12478,13570
73500,455585,25271,219162,16002,430314,26049,12479,13570
73505,455616,25272,219173,16002,430344,26050,12480,13570
73510,455647,25273,219187,16003,430374,26051,12480,13571
73515,455678,25274,219204,16003,430404,26052,12480,13572
73520,455709,25275,219219,16004,430434,26052,12480,13572
73525,455740,25276,219237,16004,430464,26052,12480,13572
73530,455771,25277,219250,16005,430494,26052,12480,13572
73535,455802,25278,219263,16005,430524,26052,12480,13572
73540,455833,25279,219279,16006,430554,26052,12480,13572
73545,455864,25281,219293,16007,430583,26052,12480,13572
73550,455895,25283,219308,16008,430612,26054,12481,13573
73555,455926,25285,219318,16009,430641,26056,12482,13574
73560,455957,25287,219332,16010,430670,26059,12484,13575
73565,455988,25290,219347,16012,430698,26062,12487,13575
73570,456019,25292,219364,16012,430727,26064,12489,13575
73575,456050,25295,219381,16014,430755,26065,12490,13575
73580,456081,25297,219396,16015,430784,26066,12490,13576
73585,456112,25300,219412,16016,430812,26067,12491,13576
73590,456143,25302,219425,16017,430841,26068,12492,13576
73595,456174,25304,219437,16018,430870,26068,12492,13576
73600,456205,25306,219452,16020,430899,26068,12492,13576
73605,456236,25308,219469,16022,430928,26068,12492,13576
73610,456267,25312,219487,16025,430955,26068,12492,13576
73615,456298,25315,219501,16027,430983,26068,12492,13576
73620,456329,25319,219514,16030,431010,26068,12492,13576
73625,456360,25322,219531,16032,431038,26068,12492,13576
73630,456391,25325,219544,16034,431066,26068,12492,13576
73635,456422,25327,219562,16035,431095,26068,12492,13576
73640,456453,25329,219578,16035,431124,26068,12492,13576
73645,456484,25331,219591,16036,431153,26068,12492,13576
73650,456515,25333,219603,16036,431182,26068,12492,13576
73655,456546,25335,219616,16037,431211,26068,12492,13576
73660,456577,25337,219632,16038,431240,26068,12492,13576
73665,456608,25339,219643,16040,431269,26068,12492,13576
73670,456639,25341,219657,16040,431298,26070,12493,13577
73675,456670,25343,219670,16042,431327,26073,12493,13580
73680,456701,25345,219683,16043,431356,26076,12495,13581
73685,456732,25347,219696,16045,431385,26079,12496,13583
73690,456763,25349,219712,16047,431414,26082,12496,13586
73695,456794,25351,219727,16047,431443,26084,12498,13586
73700,456825,25353,219741,16048,431472,26084,12498,13586
73705,456856,25355,219758,16048,431501,26084,12498,13586
73710,456887,25357,219774,16050,431530,26084,12498,13586
73715,456918,25359,219794,16051,431559,26084,12498,13586
73720,456949,25361,219813,16052,431588,26084,12498,13586
73725,456980,25363,219827,16052,431617,26084,12498,13586
73730,457011,25367,219841,16055,431644,26084,12498,13586
73735,457042,25371,219856,16057,431671,26084,12498,13586
73740,457073,25375,219869,16060,431698,26084,12498,13586
73745,457104,25376,219883,16061,431728,26085,12499,13586
73750,457135,25377,219897,16062,431758,26085,12499,13586
73755,457166,25379,219909,16063,431787,26085,12499,13586
73760,457197,25381,219924,16065,431816,26085,12499,13586
73765,457228,25382,219942,16066,431846,26086,12500,13586
73770,457259,25383,219957,16067,431876,26086,12500,13586
73775,457290,25384,219975,16067,431906,26086,12500,13586
73780,457321,25385,219991,16067,431936,26086,12500,13586
73785,457352,25387,220005,16069,431965,26086,12500,13586
73790,457383,25388,220019,16069,431995,26087,12500,13587
73795,457414,25390,220033,16071,432024,26088,12501,13587
73800,457445,25391,220046,16071,432054,26090,12501,13589
73805,457476,25393,220065,16072,432083,26093,12504,13589
73810,457507,25394,220077,16072,432113,26095,12506,13589
73815,457538,25395,220092,16072,432143,26097,12507,13590
73820,457569,25396,220105,16073,432173,26098,12507,13591
73825,457600,25398,220123,16075,432202,26099,12508,13591
73830,457631,25399,220138,16075,432232,26099,12508,13591
73835,457662,25400,220154,16075,432262,26099,12508,13591
73840,457693,25402,220167,16076,432291,26099,12508,13591
73845,457724,25404,220182,16078,432320,26099,12508,13591
73850,457755,25407,220200,16080,432348,26099,12508,13591
73855,457786,25410,220217,16082,432376,26099,12508,13591
73860,457817,25412,220227,16082,432405,26099,12508,13591
73865,457848,25415,220244,16084,432433,26100,12508,13592
73870,457879,25417,220255,16084,432462,26101,12509,13592
73875,457910,25419,220270,16085,432491,26102,12509,13593
73880,457941,25422,220283,16088,432519,26103,12510,13593
73885,457972,25425,220302,16090,432547,26104,12511,13593
73890,458003,25429,220316,16092,432574,26105,12511,13594
73895,458034,25433,220331,16095,432601,26106,12511,13595
73900,458065,25435,220346,16096,432630,26107,12511,13596
73905,458096,25438,220361,16097,432658,26109,12512,13597
73910,458127,25441,220374,16099,432686,26111,12512,13599
73915,458158,25444,220386,16100,432714,26114,12514,13600
73920,458189,25448,220401,16104,432741,26116,12514,13602
73925,458220,25450,220419,16106,432770,26119,12514,13605
73930,458251,25452,220434,16107,432799,26123,12515,13608
73935,458282,25453,220453,16108,432829,26127,12519,13608
73940,458313,25455,220469,16109,432858,26131,12520,13611
73945,458344,25455,220489,16109,432889,26134,12523,13611
73950,458375,25455,220503,16109,432920,26135,12524,13611
73955,458406,25456,220520,16109,432950,26136,12524,13612
73960,458437,25457,220533,16110,432980,26137,12524,13613
73965,458468,25458,220548,16110,433010,26137,12524,13613
73970,458499,25459,220566,16111,433040,26137,12524,13613
73975,458530,25460,220581,16112,433070,26137,12524,13613
73980,458561,25462,220600,16113,433099,26137,12524,13613
73985,458592,25466,220616,16115,433126,26137,12524,13613
73990,458623,25470,220629,16118,433153,26137,12524,13613
73995,458654,25474,220639,16120,433180,26137,12524,13613
74000,458685,25477,220653,16121,433208,26137,12524,13613
74005,458716,25480,220664,16121,433236,26137,12524,13613
74010,458747,25483,220679,16123,433264,26137,12524,13613
74015,458778,25487,220696,16125,433291,26137,12524,13613
74020,458809,25490,220708,16125,433319,26138,12525,13613
74025,458840,25492,220723,16125,433348,26139,12526,13613
74030,458871,25495,220738,16127,433376,26139,12526,13613
74035,458902,25498,220756,16130,433404,26139,12526,13613
74040,458933,25500,220773,16131,433433,26139,12526,13613
74045,458964,25503,220792,16133,433461,26140,12527,13613
74050,458995,25505,220808,16135,433490,26142,12528,13614
74055,459026,25507,220818,16135,433519,26145,12529,13616
74060,459057,25509,220833,16137,433548,26148,12529,13619
74065,459088,25512,220854,16140,433576,26152,12532,13620
74070,459119,25513,220867,16140,433606,26156,12533,13623
74075,459150,25514,220880,16141,433636,26160,12533,13627
74080,459181,25515,220892,16142,433666,26164,12533,13631
74085,459212,25517,220908,16144,433695,26168,12534,13634
74090,459243,25518,220923,16145,433725,26172,12537,13635
74095,459274,25519,220935,16146,433755,26173,12538,13635
74100,459305,25519,220948,16146,433786,26174,12539,13635
74105,459336,25520,220968,16147,433816,26174,12539,13635
74110,459367,25521,220982,16147,433846,26174,12539,13635
74115,459398,25521,220999,16147,433877,26174,12539,13635
74120,459429,25521,221015,16147,433908,26174,12539,13635
74125,459460,25521,221030,16147,433939,26174,12539,13635
74130,459491,25522,221050,16147,433969,26174,12539,13635
74135,459522,25523,221061,16147,433999,26175,12540,13635
74140,459553,25524,221076,16147,434029,26176,12541,13635
74145,459584,25526,221088,16148,434058,26177,12542,13635
74150,459615,25527,221104,16148,434088,26178,12543,13635
74155,459646,25529,221114,16149,434117,26179,12543,13636
74160,459677,25531,221127,16150,434146,26179,12543,13636
74165,459708,25532,221139,16151,434176,26179,12543,13636
74170,459739,25534,221155,16152,434205,26179,12543,13636
74175,459770,25537,221170,16154,434233,26179,12543,13636
74180,459801,25540,221187,16155,434261,26179,12543,13636
74185,459832,25542,221202,16156,434290,26179,12543,13636
74190,459863,25544,221216,16156,434319,26179,12543,13636
74195,459894,25546,221228,16157,434348,26181,12544,13637
74200,459925,25548,221245,16157,434377,26184,12546,13638
74205,459956,25551,221261,16160,434405,26187,12546,13641
74210,459987,25555,221282,16163,434432,26190,12548,13642
74215,460018,25557,221298,16164,434461,26193,12549,13644
74220,460049,25560,221315,16165,434489,26196,12551,13645
74225,460080,25564,221331,16168,434516,26199,12552,13647
74230,460111,25567,221346,16169,434544,26201,12554,13647
74235,460142,25571,221363,16173,434571,26202,12554,13648
74240,460173,25575,221384,16176,434598,26203,12554,13649
74245,460204,25579,221395,16177,434625,26204,12555,13649
74250,460235,25584,221407,16180,434651,26205,12555,13650
74255,460266,25588,221423,16183,434678,26206,12555,13651
74260,460297,25591,221443,16185,434706,26208,12555,13653
74265,460328,25595,221456,16187,434733,26210,12556,13654
74270,460359,25596,221468,16187,434763,26212,12558,13654
74275,460390,25597,221484,16187,434793,26214,12559,13655
74280,460421,25599,221498,16189,434822,26216,12560,13656
74285,460452,25600,221512,16189,434852,26218,12561,13657
74290,460483,25602,221522,16190,434881,26219,12561,13658
74295,460514,25604,221539,16191,434910,26220,12562,13658
74300,460545,25606,221552,16192,434939,26221,12563,13658
74305,460576,25606,221569,16192,434970,26221,12563,13658
74310,460607,25606,221583,16192,435001,26221,12563,13658
74315,460638,25606,221596,16192,435032,26221,12563,13658
74320,460669,25606,221607,16192,435063,26221,12563,13658
74325,460700,25606,221618,16192,435094,26221,12563,13658
74330,460731,25606,221628,16192,435125,26222,12563,13659
74335,460762,25606,221641,16192,435156,26224,12563,13661
74340,460793,25606,221660,16192,435187,26226,12565,13661
74345,460824,25607,221673,16192,435217,26228,12567,13661
74350,460855,25608,221687,16193,435247,26229,12567,13662
74355,460886,25609,221696,16193,435277,26230,12567,13663
74360,460917,25611,221711,16193,435306,26230,12567,13663
74365,460948,25613,221723,16194,435335,26230,12567,13663
74370,460979,25615,221737,16194,435364,26230,12567,13663
74375,461010,25617,221755,16195,435393,26230,12567,13663
74380,461041,25619,221768,16197,435422,26230,12567,13663
74385,461072,25621,221782,16198,435451,26230,12567,13663
74390,461103,25623,221801,16200,435480,26230,12567,13663
74395,461134,25625,221821,16202,435509,26230,12567,13663
74400,461165,25627,221833,16204,435538,26230,12567,13663
74405,461196,25629,221846,16204,435567,26233,12569,13664
74410,461227,25632,221860,16206,435595,26235,12569,13666
74415,461258,25636,221872,16208,435622,26237,12569,13668
74420,461289,25639,221887,16210,435650,26238,12570,13668
74425,461320,25642,221903,16210,435678,26239,12570,13669
74430,461351,25646,221913,16212,435705,26240,12570,13670
74435,461382,25649,221928,16213,435733,26241,12571,13670
74440,461413,25653,221943,16216,435760,26242,12571,13671
74445,461444,25657,221951,16217,435787,26244,12571,13673
74450,461475,25663,221966,16222,435812,26246,12572,13674
74455,461506,25667,221976,16223,435839,26248,12572,13676
74460,461537,25672,221990,16227,435865,26249,12573,13676
74465,461568,25674,222001,16227,435894,26249,12573,13676
74470,461599,25676,222013,16229,435923,26249,12573,13676
74475,461630,25678,222028,16231,435952,26249,12573,13676
74480,461661,25680,222039,16231,435981,26249,12573,13676
74485,461692,25682,222057,16232,436010,26249,12573,13676
74490,461723,25684,222070,16232,436039,26249,12573,13676
74495,461754,25686,222084,16233,436068,26249,12573,13676
74500,461785,25688,222099,16234,436097,26249,12573,13676
74505,461816,25690,222116,16236,436126,26249,12573,13676
74510,461847,25692,222136,16236,436155,26249,12573,13676
74515,461878,25694,222147,16237,436184,26250,12573,13677
74520,461909,25696,222164,16238,436213,26252,12574,13678
74525,461940,25698,222177,16238,436242,26254,12574,13680
74530,461971,25700,222187,16238,436271,26256,12574,13682
74535,462002,25702,222202,16239,436300,26258,12575,13683
74540,462033,25704,222213,16239,436329,26260,12576,13684
74545,462064,25706,222227,16241,436358,26262,12576,13686
74550,462095,25708,222241,16242,436387,26264,12578,13686
74555,462126,25710,222256,16242,436416,26266,12580,13686
74560,462157,25712,222270,16244,436445,26268,12581,13687
74565,462188,25716,222284,16247,436472,26271,12582,13689
74570,462219,25720,222297,16250,436499,26273,12582,13691
74575,462250,25723,222314,16253,436527,26274,12583,13691
74580,462281,25725,222326,16255,436556,26275,12583,13692
74585,462312,25728,222339,16257,436584,26276,12583,13693
74590,462343,25731,222355,16260,436612,26277,12583,13694
74595,462374,25734,222372,16263,436640,26278,12584,13694
74600,462405,25737,222391,16265,436668,26279,12584,13695
74605,462436,25740,222404,16268,436696,26279,12584,13695
74610,462467,25742,222419,16268,436725,26279,12584,13695
74615,462498,25744,222434,16270,436754,26279,12584,13695
74620,462529,25746,222448,16271,436783,26279,12584,13695
74625,462560,25748,222462,16272,436812,26279,12584,13695
74630,462591,25751,222479,16274,436840,26279,12584,13695
74635,462622,25753,222494,16276,436869,26279,12584,13695
74640,462653,25755,222510,16277,436898,26279,12584,13695
74645,462684,25758,222524,16279,436926,26279,12584,13695
74650,462715,25760,222538,16279,436955,26279,12584,13695
74655,462746,25763,222556,16282,436983,26279,12584,13695
74660,462777,25766,222570,16284,437011,26279,12584,13695
74665,462808,25767,222584,16285,437041,26279,12584,13695
74670,462839,25769,222598,16285,437070,26279,12584,13695
74675,462870,25773,222614,16288,437097,26282,12585,13697
74680,462901,25775,222626,16290,437126,26285,12586,13699
74685,462932,25776,222637,16291,437156,26286,12586,13700
74690,462963,25778,222650,16292,437185,26286,12586,13700
74695,462994,25779,222663,16292,437215,26286,12586,13700
74700,463025,25781,222679,16294,437244,26286,12586,13700
74705,463056,25782,222694,16295,437274,26288,12587,13701
74710,463087,25784,222705,16296,437303,26290,12589,13701
74715,463118,25786,222721,16298,437332,26291,12590,13701
74720,463149,25787,222735,16299,437362,26292,12590,13702
74725,463180,25788,222752,16300,437392,26293,12590,13703
74730,463211,25789,222766,16301,437422,26294,12590,13704
74735,463242,25790,222779,16301,437452,26295,12591,13704
74740,463273,25791,222797,16302,437482,26296,12592,13704
74745,463304,25793,222812,16303,437511,26297,12592,13705
74750,463335,25794,222827,16304,437541,26298,12593,13705
74755,463366,25795,222844,16305,437571,26299,12594,13705
74760,463397,25796,222858,16305,437601,26300,12594,13706
74765,463428,25798,222873,16307,437630,26301,12595,13706
74770,463459,25801,222887,16309,437658,26302,12596,13706
74775,463490,25804,222904,16312,437686,26303,12597,13706
74780,463521,25806,222918,16313,437715,26304,12597,13707
74785,463552,25809,222930,16313,437743,26306,12598,13708
74790,463583,25813,222944,16316,437770,26310,12600,13710
74795,463614,25817,222960,16318,437797,26314,12602,13712
74800,463645,25821,222972,16321,437824,26317,12602,13715
74805,463676,25823,222984,16322,437853,26318,12602,13716
74810,463707,25826,222997,16325,437881,26319,12602,13717
74815,463738,25828,223013,16327,437910,26320,12603,13717
74820,463769,25830,223024,16328,437939,26322,12604,13718
74825,463800,25832,223043,16330,437968,26323,12605,13718
74830,463831,25835,223057,16332,437996,26323,12605,13718
74835,463862,25837,223073,16332,438025,26323,12605,13718
74840,463893,25841,223089,16336,438052,26323,12605,13718
74845,463924,25844,223106,16339,438080,26323,12605,13718
74850,463955,25847,223120,16340,438108,26323,12605,13718
74855,463986,25850,223133,16342,438136,26323,12605,13718
74860,464017,25853,223152,16344,438164,26323,12605,13718
74865,464048,25857,223166,16348,438191,26323,12605,13718
74870,464079,25859,223180,16348,438220,26323,12605,13718
74875,464110,25861,223191,16349,438249,26323,12605,13718
74880,464141,25864,223204,16350,438277,26323,12605,13718
74885,464172,25865,223223,16350,438307,26323,12605,13718
74890,464203,25866,223234,16350,438337,26323,12605,13718
74895,464234,25867,223248,16350,438367,26323,12605,13718
74900,464265,25868,223264,16351,438397,26323,12605,13718
74905,464296,25869,223279,16351,438427,26326,12606,13720
74910,464327,25870,223293,16352,438457,26329,12608,13721
74915,464358,25871,223305,16353,438487,26332,12609,13723
74920,464389,25872,223320,16353,438517,26335,12611,13724
74925,464420,25873,223333,16353,438547,26338,12613,13725
74930,464451,25875,223347,16354,438576,26343,12613,13730
74935,464482,25876,223365,16355,438606,26347,12616,13731
74940,464513,25878,223385,16357,438635,26349,12617,13732
74945,464544,25879,223399,16357,438665,26349,12617,13732
74950,464575,25880,223411,16358,438695,26349,12617,13732
74955,464606,25881,223422,16358,438725,26349,12617,13732
74960,464637,25882,223435,16358,438755,26349,12617,13732
74965,464668,25883,223450,16358,438785,26349,12617,13732
74970,464699,25884,223459,16359,438815,26349,12617,13732
74975,464730,25885,223473,16359,438845,26349,12617,13732
74980,464761,25886,223484,16359,438875,26349,12617,13732
74985,464792,25887,223502,16359,438905,26349,12617,13732
74990,464823,25889,223515,16360,438934,26349,12617,13732
74995,464854,25891,223532,16361,438963,26349,12617,13732
75000,464885,25893,223549,16362,438992,26349,12617,13732
75005,464916,25895,223567,16363,439021,26349,12617,13732
75010,464947,25897,223583,16364,439050,26349,12617,13732
75015,464978,25899,223597,16365,439079,26349,12617,13732
75020,465009,25901,223618,16366,439108,26349,12617,13732
75025,465040,25903,223628,16368,439137,26349,12617,13732
75030,465071,25905,223640,16370,439166,26349,12617,13732
75035,465102,25908,223655,16372,439194,26349,12617,13732
75040,465133,25913,223668,16374,439220,26352,12618,13734
75045,465164,25917,223679,16376,439247,26356,12620,13736
75050,465195,25923,223693,16381,439272,26360,12622,13738
75055,465226,25928,223709,16384,439298,26362,12622,13740
75060,465257,25932,223723,16387,439325,26362,12622,13740
75065,465288,25934,223741,16388,439354,26362,12622,13740
75070,465319,25937,223759,16390,439382,26362,12622,13740
75075,465350,25939,223770,16390,439411,26362,12622,13740
75080,465381,25941,223784,16391,439440,26363,12623,13740
75085,465412,25943,223802,16392,439469,26364,12623,13741
75090,465443,25945,223813,16393,439498,26365,12623,13742
75095,465474,25947,223831,16394,439527,26366,12624,13742
75100,465505,25949,223846,16394,439556,26367,12625,13742
75105,465536,25951,223863,16394,439585,26368,12626,13742
75110,465567,25953,223874,16394,439614,26369,12626,13743
75115,465598,25955,223889,16396,439643,26369,12626,13743
75120,465629,25957,223905,16397,439672,26369,12626,13743
75125,465660,25959,223921,16397,439701,26369,12626,13743
75130,465691,25961,223940,16399,439730,26369,12626,13743
75135,465722,25963,223955,16400,439759,26369,12626,13743
75140,465753,25965,223967,16402,439788,26369,12626,13743
75145,465784,25967,223983,16403,439817,26369,12626,13743
75150,465815,25969,224002,16405,439846,26369,12626,13743
75155,465846,25972,224021,16407,439874,26370,12627,13743
75160,465877,25975,224043,16410,439902,26373,12629,13744
75165,465908,25979,224057,16414,439929,26377,12632,13745
75170,465939,25984,224075,16417,439955,26381,12634,13747
75175,465970,25987,224083,16418,439983,26383,12635,13748
75180,466001,25991,224095,16420,440010,26385,12636,13749
75185,466032,25994,224114,16421,440038,26386,12637,13749
75190,466063,25997,224130,16422,440066,26387,12638,13749
75195,466094,25999,224145,16422,440095,26388,12638,13750
75200,466125,26002,224160,16425,440123,26389,12638,13751
75205,466156,26006,224174,16428,440150,26390,12639,13751
75210,466187,26007,224191,16429,440180,26391,12640,13751
75215,466218,26009,224211,16431,440209,26392,12641,13751
75220,466249,26011,224233,16432,440238,26393,12642,13751
75225,466280,26012,224246,16432,440268,26394,12643,13751
75230,466311,26013,224261,16432,440298,26395,12644,13751
75235,466342,26015,224274,16434,440327,26396,12645,13751
75240,466373,26017,224290,16435,440356,26397,12646,13751
75245,466404,26017,224307,16435,440387,26397,12646,13751
75250,466435,26017,224319,16435,440418,26397,12646,13751
75255,466466,26017,224336,16435,440449,26397,12646,13751
75260,466497,26017,224350,16435,440480,26397,12646,13751
75265,466528,26017,224366,16435,440511,26397,12646,13751
75270,466559,26017,224375,16435,440542,26397,12646,13751
75275,466590,26017,224389,16435,440573,26399,12647,13752
75280,466621,26017,224402,16435,440604,26401,12647,13754
75285,466652,26017,224417,16435,440635,26403,12648,13755
75290,466683,26017,224429,16435,440666,26406,12648,13758
75295,466714,26020,224446,16438,440694,26409,12649,13760
75300,466745,26022,224458,16439,440723,26410,12649,13761
75305,466776,26025,224473,16442,440751,26410,12649,13761
75310,466807,26029,224491,16445,440778,26410,12649,13761
75315,466838,26032,224504,16447,440806,26410,12649,13761
75320,466869,26036,224519,16451,440833,26410,12649,13761
75325,466900,26040,224531,16452,440860,26410,12649,13761
75330,466931,26043,224544,16453,440888,26410,12649,13761
75335,466962,26046,224561,16454,440916,26410,12649,13761
75340,466993,26049,224576,16457,440944,26410,12649,13761
75345,467024,26053,224596,16460,440971,26411,12650,13761
75350,467055,26057,224611,16463,440998,26412,12651,13761
75355,467086,26062,224625,16466,441024,26413,12651,13762
75360,467117,26067,224643,16469,441050,26414,12651,13763
75365,467148,26070,224655,16471,441078,26415,12651,13764
75370,467179,26071,224670,16471,441108,26416,12651,13765
75375,467210,26072,224686,16471,441138,26417,12652,13765
75380,467241,26074,224700,16472,441167,26418,12653,13765
75385,467272,26075,224716,16472,441197,26419,12653,13766
75390,467303,26076,224732,16472,441227,26421,12653,13768
75395,467334,26078,224750,16473,441256,26422,12654,13768
75400,467365,26079,224764,16474,441286,26424,12654,13770
75405,467396,26080,224774,16474,441316,26428,12656,13772
75410,467427,26082,224792,16476,441345,26432,12659,13773
75415,467458,26083,224809,16477,441375,26436,12661,13775
75420,467489,26083,224825,16477,441406,26437,12662,13775
75425,467520,26083,224841,16477,441437,26437,12662,13775
75430,467551,26083,224851,16477,441468,26437,12662,13775
75435,467582,26083,224866,16477,441499,26437,12662,13775
75440,467613,26083,224879,16477,441530,26437,12662,13775
75445,467644,26083,224900,16477,441561,26437,12662,13775
75450,467675,26083,224915,16477,441592,26437,12662,13775
75455,467706,26083,224928,16477,441623,26437,12662,13775
75460,467737,26083,224946,16477,441654,26437,12662,13775
75465,467768,26084,224962,16478,441684,26437,12662,13775
75470,467799,26086,224975,16479,441713,26437,12662,13775
75475,467830,26088,224991,16480,441742,26437,12662,13775
75480,467861,26090,225009,16480,441771,26437,12662,13775
75485,467892,26093,225022,16481,441799,26438,12662,13776
75490,467923,26097,225033,16484,441826,26439,12662,13777
75495,467954,26102,225053,16487,441852,26441,12664,13777
75500,467985,26105,225069,16490,441880,26442,12665,13777
75505,468016,26108,225077,16491,441908,26443,12666,13777
75510,468047,26111,225096,16492,441936,26444,12666,13778
75515,468078,26115,225108,16496,441963,26445,12666,13779
75520,468109,26120,225121,16499,441989,26446,12666,13780
75525,468140,26124,225133,16501,442016,26450,12667,13783
75530,468171,26128,225148,16503,442043,26454,12669,13785
75535,468202,26134,225165,16509,442068,26457,12671,13786
75540,468233,26139,225180,16512,442094,26459,12673,13786
75545,468264,26141,225197,16513,442123,26459,12673,13786
75550,468295,26144,225207,16515,442151,26459,12673,13786
75555,468326,26146,225217,16517,442180,26459,12673,13786
75560,468357,26148,225233,16519,442209,26459,12673,13786
75565,468388,26150,225247,16519,442238,26459,12673,13786
75570,468419,26152,225260,16520,442267,26459,12673,13786
75575,468450,26154,225272,16521,442296,26459,12673,13786
75580,468481,26157,225285,16523,442324,26459,12673,13786
75585,468512,26158,225301,16524,442354,26459,12673,13786
75590,468543,26160,225316,16525,442383,26459,12673,13786
75595,468574,26162,225335,16526,442412,26459,12673,13786
75600,468605,26163,225352,16527,442442,26460,12673,13787
75605,468636,26164,225369,16527,442472,26461,12674,13787
75610,468667,26165,225381,16527,442502,26462,12674,13788
75615,468698,26166,225399,16527,442532,26463,12674,13789
75620,468729,26167,225414,16527,442562,26464,12674,13790
75625,468760,26168,225431,16527,442592,26465,12675,13790
75630,468791,26169,225447,16528,442622,26466,12676,13790
75635,468822,26170,225461,16529,442652,26467,12676,13791
75640,468853,26171,225477,16529,442682,26468,12677,13791
75645,468884,26173,225492,16531,442711,26471,12678,13793
75650,468915,26175,225505,16532,442740,26475,12680,13795
75655,468946,26177,225518,16533,442769,26478,12680,13798
75660,468977,26179,225533,16534,442798,26480,12680,13800
75665,469008,26181,225547,16536,442827,26481,12681,13800
75670,469039,26183,225560,16538,442856,26482,12681,13801
75675,469070,26185,225570,16538,442885,26483,12682,13801
75680,469101,26188,225592,16541,442913,26484,12683,13801
75685,469132,26191,225604,16543,442941,26485,12684,13801
75690,469163,26195,225621,16545,442968,26486,12684,13802
75695,469194,26198,225638,16548,442996,26487,12684,13803
75700,469225,26202,225656,16552,443023,26488,12684,13804
75705,469256,26205,225670,16555,443051,26489,12685,13804
75710,469287,26210,225684,16558,443077,26490,12685,13805
75715,469318,26215,225696,16562,443103,26491,12686,13805
75720,469349,26217,225711,16563,443132,26492,12686,13806
75725,469380,26220,225728,16565,443160,26493,12687,13806
75730,469411,26222,225749,16567,443189,26494,12687,13807
75735,469442,26223,225768,16568,443219,26495,12687,13808
75740,469473,26224,225778,16568,443249,26497,12688,13809
75745,469504,26225,225790,16568,443279,26499,12689,13810
75750,469535,26226,225805,16568,443309,26501,12689,13812
75755,469566,26227,225818,16569,443339,26503,12691,13812
75760,469597,26228,225831,16569,443369,26505,12692,13813
75765,469628,26229,225841,16570,443399,26509,12693,13816
75770,469659,26230,225858,16571,443429,26513,12695,13818
75775,469690,26231,225874,16571,443459,26516,12697,13819
75780,469721,26232,225889,16572,443489,26518,12697,13821
75785,469752,26233,225898,16573,443519,26518,12697,13821
75790,469783,26234,225915,16574,443549,26518,12697,13821
75795,469814,26236,225931,16575,443578,26518,12697,13821
75800,469845,26238,225943,16575,443607,26518,12697,13821
75805,469876,26241,225952,16578,443635,26518,12697,13821
75810,469907,26244,225973,16579,443663,26518,12697,13821
75815,469938,26246,225988,16580,443692,26518,12697,13821
75820,469969,26248,226000,16581,443721,26518,12697,13821
75825,470000,26250,226012,16581,443750,26518,12697,13821
75830,470031,26252,226033,16582,443779,26518,12697,13821
75835,470062,26256,226045,16586,443806,26518,12697,13821
75840,470093,26260,226063,16588,443833,26518,12697,13821
75845,470124,26264,226080,16591,443860,26518,12697,13821
75850,470155,26269,226099,16595,443886,26518,12697,13821
75855,470186,26272,226118,16598,443914,26518,12697,13821
75860,470217,26274,226130,16599,443943,26518,12697,13821
75865,470248,26275,226143,16600,443973,26519,12698,13821
75870,470279,26277,226157,16601,444002,26520,12699,13821
75875,470310,26278,226171,16602,444032,26522,12700,13822
75880,470341,26279,226186,16602,444062,26525,12702,13823
75885,470372,26280,226202,16602,444092,26527,12702,13825
75890,470403,26281,226215,16602,444122,26529,12702,13827
75895,470434,26282,226229,16603,444152,26531,12703,13828
75900,470465,26283,226243,16603,444182,26533,12705,13828
75905,470496,26283,226258,16603,444213,26534,12705,13829
75910,470527,26283,226270,16603,444244,26535,12706,13829
75915,470558,26283,226287,16603,444275,26535,12706,13829
75920,470589,26283,226304,16603,444306,26535,12706,13829
75925,470620,26283,226322,16603,444337,26535,12706,13829
75930,470651,26283,226335,16603,444368,26535,12706,13829
75935,470682,26283,226349,16603,444399,26535,12706,13829
75940,470713,26283,226362,16603,444430,26535,12706,13829
75945,470744,26284,226378,16603,444460,26535,12706,13829
75950,470775,26285,226394,16603,444490,26535,12706,13829
75955,470806,26286,226407,16603,444520,26535,12706,13829
75960,470837,26288,226420,16605,444549,26535,12706,13829
75965,470868,26291,226432,16606,444577,26535,12706,13829
75970,470899,26294,226448,16606,444605,26535,12706,13829
75975,470930,26297,226462,16607,444633,26535,12706,13829
75980,470961,26300,226468,16607,444661,26535,12706,13829
75985,470992,26303,226486,16608,444689,26536,12707,13829
75990,471023,26306,226503,16611,444717,26537,12707,13830
75995,471054,26310,226515,16613,444744,26539,12708,13831
76000,471085,26314,226529,16615,444771,26541,12708,13833
76005,471116,26318,226548,16618,444798,26543,12708,13835
76010,471147,26321,226564,16620,444826,26546,12711,13835
76015,471178,26326,226581,16623,444852,26550,12713,13837
76020,471209,26329,226595,16625,444880,26554,12714,13840
76025,471240,26332,226612,16628,444908,26556,12714,13842
76030,471271,26335,226629,16631,444936,26557,12715,13842
76035,471302,26338,226643,16632,444964,26558,12716,13842
76040,471333,26340,226659,16633,444993,26559,12716,13843
76045,471364,26341,226674,16633,445023,26560,12716,13844
76050,471395,26342,226691,16634,445053,26560,12716,13844
76055,471426,26343,226710,16634,445083,26560,12716,13844
76060,471457,26344,226728,16635,445113,26560,12716,13844
76065,471488,26345,226742,16635,445143,26560,12716,13844
76070,471519,26346,226754,16636,445173,26560,12716,13844
76075,471550,26347,226769,16637,445203,26560,12716,13844
76080,471581,26348,226787,16637,445233,26560,12716,13844
76085,471612,26349,226797,16637,445263,26560,12716,13844
76090,471643,26350,226814,16638,445293,26560,12716,13844
76095,471674,26351,226828,16638,445323,26560,12716,13844
76100,471705,26352,226846,16639,445353,26560,12716,13844
76105,471736,26353,226861,16640,445383,26560,12716,13844
76110,471767,26354,226870,16640,445413,26560,12716,13844
76115,471798,26355,226891,16641,445443,26560,12716,13844
76120,471829,26356,226915,16642,445473,26561,12717,13844
76125,471860,26357,226928,16642,445503,26563,12717,13846
76130,471891,26359,226942,16643,445532,26566,12719,13847
76135,471922,26362,226953,16644,445560,26570,12720,13850
76140,471953,26364,226966,16645,445589,26572,12721,13851
76145,471984,26367,226978,16645,445617,26573,12722,13851
76150,472015,26371,226992,16647,445644,26574,12722,13852
76155,472046,26376,227007,16651,445670,26574,12722,13852
76160,472077,26381,227023,16654,445696,26574,12722,13852
76165,472108,26384,227039,16656,445724,26574,12722,13852
76170,472139,26387,227055,16658,445752,26574,12722,13852
76175,472170,26390,227069,16660,445780,26574,12722,13852
76180,472201,26393,227082,16661,445808,26574,12722,13852
76185,472232,26395,227094,16661,445837,26574,12722,13852
76190,472263,26398,227104,16663,445865,26574,12722,13852
76195,472294,26401,227113,16665,445893,26574,12722,13852
76200,472325,26404,227127,16666,445921,26574,12722,13852
76205,472356,26406,227143,16667,445950,26577,12724,13853
76210,472387,26408,227161,16668,445979,26579,12725,13854
76215,472418,26410,227176,16670,446008,26581,12727,13854
76220,472449,26412,227191,16671,446037,26582,12728,13854
76225,472480,26414,227207,16672,446066,26582,12728,13854
76230,472511,26416,227224,16673,446095,26582,12728,13854
76235,472542,26418,227241,16673,446124,26582,12728,13854
76240,472573,26420,227255,16673,446153,26582,12728,13854
76245,472604,26422,227269,16673,446182,26582,12728,13854
76250,472635,26424,227286,16674,446211,26582,12728,13854
76255,472666,26426,227300,16675,446240,26583,12728,13855
76260,472697,26428,227318,16676,446269,26584,12729,13855
76265,472728,26431,227338,16678,446297,26585,12729,13856
76270,472759,26434,227351,16680,446325,26586,12729,13857
76275,472790,26437,227362,16681,446353,26587,12729,13858
76280,472821,26440,227384,16683,446381,26587,12729,13858
76285,472852,26443,227399,16684,446409,26587,12729,13858
76290,472883,26446,227414,16684,446437,26587,12729,13858
76295,472914,26449,227437,16686,446465,26587,12729,13858
76300,472945,26452,227452,16687,446493,26587,12729,13858
76305,472976,26456,227467,16689,446520,26587,12729,13858
76310,473007,26461,227486,16692,446546,26587,12729,13858
76315,473038,26465,227499,16695,446573,26588,12730,13858
76320,473069,26469,227510,16698,446600,26590,12730,13860
76325,473100,26471,227521,16698,446629,26593,12732,13861
76330,473131,26474,227534,16700,446657,26596,12733,13863
76335,473162,26477,227547,16702,446685,26599,12734,13865
76340,473193,26481,227562,16705,446712,26599,12734,13865
76345,473224,26484,227577,16708,446740,26599,12734,13865
76350,473255,26486,227588,16708,446769,26599,12734,13865
76355,473286,26491,227603,16712,446795,26599,12734,13865
76360,473317,26493,227619,16712,446824,26599,12734,13865
76365,473348,26495,227633,16714,446853,26599,12734,13865
76370,473379,26496,227647,16715,446883,26599,12734,13865
76375,473410,26497,227661,16715,446913,26599,12734,13865
76380,473441,26498,227677,16715,446943,26600,12735,13865
76385,473472,26499,227695,16716,446973,26601,12735,13866
76390,473503,26500,227711,16717,447003,26601,12735,13866
76395,473534,26501,227731,16718,447033,26601,12735,13866
76400,473565,26502,227747,16718,447063,26601,12735,13866
76405,473596,26503,227765,16719,447093,26601,12735,13866
76410,473627,26504,227783,16720,447123,26601,12735,13866
76415,473658,26505,227796,16720,447153,26601,12735,13866
76420,473689,26508,227811,16723,447181,26601,12735,13866
76425,473720,26511,227827,16724,447209,26601,12735,13866
76430,473751,26513,227843,16724,447238,26601,12735,13866
76435,473782,26516,227862,16726,447266,26601,12735,13866
76440,473813,26518,227878,16727,447295,26602,12735,13867
76445,473844,26521,227895,16729,447323,26605,12738,13867
76450,473875,26523,227912,16729,447352,26608,12739,13869
76455,473906,26526,227931,16731,447380,26611,12740,13871
76460,473937,26529,227947,16733,447408,26612,12741,13871
76465,473968,26533,227962,16737,447435,26612,12741,13871
76470,473999,26535,227978,16737,447464,26612,12741,13871
76475,474030,26537,227992,16738,447493,26612,12741,13871
76480,474061,26539,228007,16740,447522,26612,12741,13871
76485,474092,26542,228020,16742,447550,26612,12741,13871
76490,474123,26544,228027,16742,447579,26613,12742,13871
76495,474154,26546,228037,16743,447608,26614,12742,13872
76500,474185,26548,228049,16745,447637,26615,12742,13873
76505,474216,26550,228064,16746,447666,26616,12743,13873
76510,474247,26552,228081,16747,447695,26617,12743,13874
76515,474278,26554,228099,16747,447724,26618,12744,13874
76520,474309,26556,228112,16748,447753,26619,12745,13874
76525,474340,26558,228124,16749,447782,26620,12745,13875
76530,474371,26560,228141,16749,447811,26621,12746,13875
76535,474402,26562,228153,16749,447840,26622,12747,13875
76540,474433,26564,228167,16751,447869,26623,12747,13876
76545,474464,26566,228177,16753,447898,26624,12747,13877
76550,474495,26568,228197,16755,447927,26625,12748,13877
76555,474526,26570,228214,16757,447956,26626,12748,13878
76560,474557,26572,228227,16758,447985,26627,12748,13879
76565,474588,26574,228238,16758,448014,26631,12751,13880
76570,474619,26577,228252,16760,448042,26635,12752,13883
76575,474650,26580,228264,16761,448070,26639,12753,13886
76580,474681,26584,228278,16764,448097,26641,12755,13886
76585,474712,26588,228294,16766,448124,26642,12756,13886
76590,474743,26592,228308,16769,448151,26643,12756,13887
76595,474774,26597,228322,16772,448177,26644,12756,13888
76600,474805,26600,228332,16774,448205,26645,12756,13889
76605,474836,26603,228345,16776,448233,26647,12756,13891
76610,474867,26606,228358,16778,448261,26648,12757,13891
76615,474898,26609,228371,16779,448289,26649,12758,13891
76620,474929,26613,228383,16783,448316,26650,12758,13892
76625,474960,26615,228395,16784,448345,26650,12758,13892
76630,474991,26618,228404,16785,448373,26650,12758,13892
76635,475022,26621,228419,16788,448401,26650,12758,13892
76640,475053,26623,228432,16788,448430,26650,12758,13892
76645,475084,26626,228447,16789,448458,26650,12758,13892
76650,475115,26628,228458,16790,448487,26650,12758,13892
76655,475146,26631,228470,16792,448515,26650,12758,13892
76660,475177,26633,228483,16792,448544,26650,12758,13892
76665,475208,26636,228501,16794,448572,26650,12758,13892
76670,475239,26637,228515,16795,448602,26650,12758,13892
76675,475270,26638,228530,16796,448632,26650,12758,13892
76680,475301,26639,228542,16796,448662,26651,12758,13893
76685,475332,26640,228555,16797,448692,26652,12758,13894
76690,475363,26641,228565,16797,448722,26653,12758,13895
76695,475394,26642,228583,16798,448752,26654,12759,13895
76700,475425,26643,228601,16798,448782,26654,12759,13895
76705,475456,26644,228613,16799,448812,26654,12759,13895
76710,475487,26645,228628,16799,448842,26655,12760,13895
76715,475518,26646,228645,16800,448872,26656,12760,13896
76720,475549,26647,228657,16800,448902,26657,12761,13896
76725,475580,26649,228667,16801,448931,26659,12761,13898
76730,475611,26652,228677,16803,448959,26661,12761,13900
76735,475642,26654,228692,16803,448988,26663,12762,13901
76740,475673,26657,228709,16805,449016,26665,12763,13902
76745,475704,26659,228725,16806,449045,26666,12764,13902
76750,475735,26661,228739,16808,449074,26667,12765,13902
76755,475766,26663,228755,16810,449103,26668,12765,13903
76760,475797,26665,228775,16811,449132,26669,12766,13903
76765,475828,26666,228790,16811,449162,26669,12766,13903
76770,475859,26668,228804,16812,449191,26669,12766,13903
76775,475890,26670,228816,16813,449220,26669,12766,13903
76780,475921,26673,228833,16814,449248,26669,12766,13903
76785,475952,26676,228851,16816,449276,26669,12766,13903
76790,475983,26679,228864,16818,449304,26669,12766,13903
76795,476014,26682,228878,16820,449332,26671,12768,13903
76800,476045,26684,228892,16821,449361,26674,12769,13905
76805,476076,26687,228909,16823,449389,26675,12770,13905
76810,476107,26689,228927,16825,449418,26675,12770,13905
76815,476138,26691,228942,16825,449447,26675,12770,13905
76820,476169,26693,228957,16826,449476,26675,12770,13905
76825,476200,26696,228972,16828,449504,26675,12770,13905
76830,476231,26698,228989,16829,449533,26675,12770,13905
76835,476262,26700,229004,16831,449562,26675,12770,13905
76840,476293,26703,229022,16832,449590,26675,12770,13905
76845,476324,26706,229042,16833,449618,26676,12771,13905
76850,476355,26708,229056,16833,449647,26677,12771,13906
76855,476386,26712,229075,16836,449674,26678,12771,13907
76860,476417,26715,229091,16837,449702,26679,12772,13907
76865,476448,26717,229106,16838,449731,26680,12773,13907
76870,476479,26718,229127,16839,449761,26681,12774,13907
76875,476510,26719,229143,16840,449791,26681,12774,13907
76880,476541,26721,229156,16841,449820,26681,12774,13907
76885,476572,26723,229171,16842,449849,26681,12774,13907
76890,476603,26724,229187,16842,449879,26681,12774,13907
76895,476634,26726,229203,16844,449908,26681,12774,13907
76900,476665,26727,229214,16844,449938,26681,12774,13907
76905,476696,26729,229231,16845,449967,26681,12774,13907
76910,476727,26731,229241,16847,449996,26684,12774,13910
76915,476758,26732,229254,16847,450026,26687,12775,13912
76920,476789,26733,229266,16847,450056,26690,12775,13915
76925,476820,26736,229282,16849,450084,26690,12775,13915
76930,476851,26738,229297,16849,450113,26690,12775,13915
76935,476882,26741,229308,16851,450141,26690,12775,13915
76940,476913,26745,229325,16854,450168,26690,12775,13915
76945,476944,26747,229338,16856,450197,26690,12775,13915
76950,476975,26750,229351,16858,450225,26690,12775,13915
76955,477006,26753,229366,16861,450253,26690,12775,13915
76960,477037,26755,229380,16862,450282,26690,12775,13915
76965,477068,26757,229391,16863,450311,26691,12775,13916
76970,477099,26760,229408,16866,450339,26692,12775,13917
76975,477130,26763,229424,16869,450367,26693,12775,13918
76980,477161,26767,229440,16871,450394,26694,12776,13918
76985,477192,26768,229453,16872,450424,26694,12776,13918
76990,477223,26769,229471,16872,450454,26694,12776,13918
76995,477254,26770,229487,16873,450484,26694,12776,13918
77000,477285,26771,229504,16874,450514,26694,12776,13918
77005,477316,26772,229519,16874,450544,26694,12776,13918
77010,477347,26773,229537,16875,450574,26694,12776,13918
77015,477378,26774,229554,16876,450604,26694,12776,13918
77020,477409,26775,229567,16876,450634,26694,12776,13918
77025,477440,26776,229583,16876,450664,26694,12776,13918
77030,477471,26778,229597,16878,450693,26696,12778,13918
77035,477502,26779,229609,16879,450723,26699,12778,13921
77040,477533,26780,229627,16880,450753,26702,12780,13922
77045,477564,26782,229641,16881,450782,26703,12780,13923
77050,477595,26784,229653,16883,450811,26703,12780,13923
77055,477626,26786,229664,16884,450840,26703,12780,13923
77060,477657,26788,229680,16886,450869,26703,12780,13923
77065,477688,26789,229693,16887,450899,26703,12780,13923
77070,477719,26791,229710,16889,450928,26703,12780,13923
77075,477750,26792,229727,16890,450958,26703,12780,13923
77080,477781,26793,229741,16890,450988,26703,12780,13923
77085,477812,26795,229750,16892,451017,26703,12780,13923
77090,477843,26798,229769,16893,451045,26704,12781,13923
77095,477874,26801,229783,16895,451073,26705,12782,13923
77100,477905,26805,229795,16899,451100,26706,12782,13924
77105,477936,26808,229809,16901,451128,26706,12782,13924
77110,477967,26810,229827,16902,451157,26706,12782,13924
77115,477998,26815,229844,16907,451183,26706,12782,13924
77120,478029,26818,229859,16909,451211,26706,12782,13924
77125,478060,26821,229872,16911,451239,26706,12782,13924
77130,478091,26825,229888,16914,451266,26706,12782,13924
77135,478122,26828,229900,16916,451294,26706,12782,13924
77140,478153,26830,229917,16918,451323,26706,12782,13924
77145,478184,26831,229934,16919,451353,26706,12782,13924
77150,478215,26833,229951,16920,451382,26709,12785,13924
77155,478246,26834,229964,16920,451412,26712,12787,13925
77160,478277,26836,229979,16921,451441,26715,12789,13926
77165,478308,26836,229988,16921,451472,26717,12790,13927
77170,478339,26836,230005,16921,451503,26719,12791,13928
77175,478370,26836,230019,16921,451534,26721,12793,13928
77180,478401,26836,230039,16921,451565,26723,12795,13928
77185,478432,26836,230051,16921,451596,26725,12796,13929
77190,478463,26836,230067,16921,451627,26725,12796,13929
77195,478494,26837,230080,16922,451657,26725,12796,13929
77200,478525,26838,230094,16923,451687,26725,12796,13929
77205,478556,26839,230106,16923,451717,26726,12796,13930
77210,478587,26840,230119,16923,451747,26727,12796,13931
77215,478618,26841,230131,16924,451777,26728,12797,13931
77220,478649,26842,230143,16924,451807,26728,12797,13931
77225,478680,26843,230155,16924,451837,26728,12797,13931
77230,478711,26844,230173,16924,451867,26728,12797,13931
77235,478742,26845,230189,16924,451897,26728,12797,13931
77240,478773,26847,230204,16924,451926,26728,12797,13931
77245,478804,26849,230218,16924,451955,26728,12797,13931
77250,478835,26852,230235,16926,451983,26728,12797,13931
77255,478866,26854,230249,16927,452012,26728,12797,13931
77260,478897,26856,230262,16928,452041,26728,12797,13931
77265,478928,26858,230272,16929,452070,26728,12797,13931
77270,478959,26864,230285,16933,452095,26729,12797,13932
77275,478990,26869,230301,16936,452121,26730,12798,13932
77280,479021,26872,230314,16936,452149,26731,12799,13932
77285,479052,26876,230323,16938,452176,26731,12799,13932
77290,479083,26881,230341,16943,452202,26731,12799,13932
77295,479114,26885,230353,16945,452229,26733,12801,13932
77300,479145,26889,230361,16948,452256,26735,12803,13932
77305,479176,26893,230372,16950,452283,26737,12804,13933
77310,479207,26895,230385,16950,452312,26737,12804,13933
77315,479238,26898,230405,16952,452340,26737,12804,13933
77320,479269,26901,230423,16954,452368,26737,12804,13933
77325,479300,26906,230441,16957,452394,26737,12804,13933
77330,479331,26909,230457,16959,452422,26737,12804,13933
77335,479362,26911,230474,16961,452451,26737,12804,13933
77340,479393,26913,230485,16962,452480,26737,12804,13933
77345,479424,26914,230501,16962,452510,26737,12804,13933
77350,479455,26915,230518,16962,452540,26737,12804,13933
77355,479486,26916,230535,16963,452570,26737,12804,13933
77360,479517,26917,230549,16964,452600,26737,12804,13933
77365,479548,26918,230566,16965,452630,26737,12804,13933
77370,479579,26919,230583,16965,452660,26737,12804,13933
77375,479610,26920,230599,16965,452690,26737,12804,13933
77380,479641,26921,230617,16966,452720,26737,12804,13933
77385,479672,26922,230635,16967,452750,26737,12804,13933
77390,479703,26923,230646,16968,452780,26739,12804,13935
77395,479734,26924,230662,16969,452810,26741,12805,13936
77400,479765,26925,230672,16969,452840,26743,12805,13938
77405,479796,26927,230691,16971,452869,26744,12806,13938
77410,479827,26929,230707,16971,452898,26744,12806,13938
77415,479858,26931,230720,16972,452927,26744,12806,13938
77420,479889,26933,230737,16973,452956,26744,12806,13938
77425,479920,26935,230755,16975,452985,26744,12806,13938
77430,479951,26937,230770,16977,453014,26744,12806,13938
77435,479982,26940,230785,16979,453042,26744,12806,13938
77440,480013,26943,230801,16981,453070,26744,12806,13938
77445,480044,26947,230817,16983,453097,26745,12807,13938
77450,480075,26952,230831,16985,453123,26747,12808,13939
77455,480106,26956,230850,16987,453150,26749,12809,13940
77460,480137,26960,230864,16989,453177,26751,12810,13941
77465,480168,26963,230876,16990,453205,26752,12811,13941
77470,480199,26965,230886,16991,453234,26752,12811,13941
77475,480230,26967,230901,16992,453263,26752,12811,13941
77480,480261,26969,230919,16994,453292,26752,12811,13941
77485,480292,26971,230939,16996,453321,26752,12811,13941
77490,480323,26973,230952,16997,453350,26752,12811,13941
77495,480354,26975,230965,16999,453379,26752,12811,13941
77500,480385,26976,230980,16999,453409,26752,12811,13941
77505,480416,26977,230997,17000,453439,26753,12811,13942
77510,480447,26978,231016,17000,453469,26755,12813,13942
77515,480478,26979,231034,17000,453499,26757,12815,13942
77520,480509,26980,231047,17000,453529,26758,12816,13942
77525,480540,26981,231067,17000,453559,26759,12817,13942
77530,480571,26982,231082,17001,453589,26760,12817,13943
77535,480602,26983,231093,17001,453619,26761,12818,13943
77540,480633,26984,231111,17002,453649,26762,12819,13943
77545,480664,26985,231127,17003,453679,26763,12819,13944
77550,480695,26986,231140,17003,453709,26764,12820,13944
77555,480726,26987,231156,17004,453739,26764,12820,13944
77560,480757,26989,231173,17004,453768,26764,12820,13944
77565,480788,26991,231186,17005,453797,26764,12820,13944
77570,480819,26993,231198,17006,453826,26765,12820,13945
77575,480850,26996,231214,17008,453854,26766,12821,13945
77580,480881,26999,231234,17010,453882,26767,12821,13946
77585,480912,27001,231248,17010,453911,26767,12821,13946
77590,480943,27003,231265,17010,453940,26767,12821,13946
77595,480974,27005,231284,17011,453969,26767,12821,13946
77600,481005,27007,231297,17011,453998,26767,12821,13946
77605,481036,27009,231311,17012,454027,26767,12821,13946
77610,481067,27012,231324,17014,454055,26767,12821,13946
77615,481098,27015,231338,17016,454083,26767,12821,13946
77620,481129,27018,231355,17017,454111,26768,12822,13946
77625,481160,27020,231367,17018,454140,26769,12822,13947
77630,481191,27024,231380,17020,454167,26770,12823,13947
77635,481222,27027,231397,17022,454195,26771,12824,13947
77640,481253,27029,231408,17023,454224,26771,12824,13947
77645,481284,27032,231426,17025,454252,26771,12824,13947
77650,481315,27034,231439,17027,454281,26771,12824,13947
77655,481346,27035,231453,17028,454311,26772,12824,13948
77660,481377,27037,231467,17030,454340,26773,12824,13949
77665,481408,27039,231483,17032,454369,26774,12825,13949
77670,481439,27039,231499,17032,454400,26776,12825,13951
77675,481470,27039,231510,17032,454431,26778,12826,13952
77680,481501,27040,231523,17033,454461,26780,12828,13952
77685,481532,27041,231541,17034,454491,26783,12830,13953
77690,481563,27042,231562,17035,454521,26786,12831,13955
77695,481594,27043,231575,17035,454551,26789,12832,13957
77700,481625,27044,231589,17035,454581,26792,12833,13959
77705,481656,27045,231601,17035,454611,26794,12834,13960
77710,481687,27047,231616,17036,454640,26795,12834,13961
77715,481718,27048,231629,17037,454670,26795,12834,13961
77720,481749,27050,231642,17038,454699,26795,12834,13961
77725,481780,27052,231659,17040,454728,26795,12834,13961
77730,481811,27053,231674,17040,454758,26795,12834,13961
77735,481842,27054,231687,17041,454788,26795,12834,13961
77740,481873,27056,231701,17042,454817,26796,12835,13961
77745,481904,27057,231716,17042,454847,26797,12836,13961
77750,481935,27060,231734,17045,454875,26797,12836,13961
77755,481966,27062,231745,17047,454904,26797,12836,13961
77760,481997,27064,231761,17047,454933,26797,12836,13961
77765,482028,27066,231772,17048,454962,26797,12836,13961
77770,482059,27070,231787,17051,454989,26797,12836,13961
77775,482090,27073,231801,17053,455017,26797,12836,13961
77780,482121,27078,231816,17055,455043,26797,12836,13961
77785,482152,27081,231832,17057,455071,26797,12836,13961
77790,482183,27085,231846,17058,455098,26797,12836,13961
77795,482214,27090,231861,17060,455124,26797,12836,13961
77800,482245,27093,231877,17061,455152,26797,12836,13961
77805,482276,27097,231890,17065,455179,26797,12836,13961
77810,482307,27101,231904,17068,455206,26799,12837,13962
77815,482338,27104,231920,17069,455234,26801,12838,13963
77820,482369,27107,231932,17070,455262,26803,12839,13964
77825,482400,27110,231950,17072,455290,26805,12840,13965
77830,482431,27114,231964,17075,455317,26807,12840,13967
77835,482462,27118,231984,17078,455344,26809,12841,13968
77840,482493,27121,231993,17079,455372,26811,12841,13970
77845,482524,27124,232006,17081,455400,26813,12842,13971
77850,482555,27127,232023,17083,455428,26814,12842,13972
77855,482586,27131,232039,17085,455455,26814,12842,13972
77860,482617,27135,232051,17087,455482,26815,12843,13972
77865,482648,27137,232065,17088,455511,26816,12843,13973
77870,482679,27140,232083,17090,455539,26818,12844,13974
77875,482710,27142,232098,17091,455568,26820,12845,13975
77880,482741,27145,232113,17092,455596,26822,12846,13976
77885,482772,27149,232129,17095,455623,26823,12847,13976
77890,482803,27152,232141,17098,455651,26824,12847,13977
77895,482834,27154,232156,17099,455680,26825,12848,13977
77900,482865,27155,232169,17100,455710,26825,12848,13977
77905,482896,27157,232184,17102,455739,26825,12848,13977
77910,482927,27159,232196,17103,455768,26825,12848,13977
77915,482958,27161,232211,17104,455797,26825,12848,13977
77920,482989,27162,232228,17105,455827,26825,12848,13977
77925,483020,27163,232247,17106,455857,26825,12848,13977
77930,483051,27165,232263,17107,455886,26825,12848,13977
77935,483082,27166,232278,17107,455916,26825,12848,13977
77940,483113,27166,232297,17107,455947,26825,12848,13977
77945,483144,27166,232315,17107,455978,26825,12848,13977
77950,483175,27166,232329,17107,456009,26825,12848,13977
77955,483206,27166,232342,17107,456040,26827,12849,13978
77960,483237,27166,232357,17107,456071,26829,12850,13979
77965,483268,27167,232373,17107,456101,26831,12851,13980
77970,483299,27168,232389,17107,456131,26833,12853,13980
77975,483330,27170,232404,17109,456160,26835,12855,13980
77980,483361,27171,232422,17109,456190,26837,12856,13981
77985,483392,27172,232435,17109,456220,26840,12857,13983
77990,483423,27173,232450,17109,456250,26843,12860,13983
77995,483454,27174,232468,17110,456280,26846,12862,13984
78000,483485,27176,232485,17111,456309,26849,12863,13986
78005,483516,27179,232499,17113,456337,26851,12865,13986
78010,483547,27182,232516,17115,456365,26852,12865,13987
78015,483578,27186,232532,17117,456392,26853,12866,13987
78020,483609,27190,232550,17120,456419,26854,12867,13987
78025,483640,27193,232565,17123,456447,26855,12867,13988
78030,483671,27197,232575,17125,456474,26855,12867,13988
78035,483702,27200,232590,17125,456502,26855,12867,13988
78040,483733,27204,232606,17127,456529,26855,12867,13988
78045,483764,27208,232620,17130,456556,26855,12867,13988
78050,483795,27212,232636,17133,456583,26855,12867,13988
78055,483826,27216,232652,17137,456610,26855,12867,13988
78060,483857,27219,232668,17138,456638,26855,12867,13988
78065,483888,27221,232679,17139,456667,26855,12867,13988
78070,483919,27225,232694,17142,456694,26855,12867,13988
78075,483950,27229,232711,17145,456721,26855,12867,13988
78080,483981,27233,232727,17147,456748,26855,12867,13988
78085,484012,27236,232746,17150,456776,26855,12867,13988
78090,484043,27239,232763,17152,456804,26855,12867,13988
78095,484074,27240,232777,17152,456834,26855,12867,13988
78100,484105,27242,232795,17154,456863,26856,12868,13988
78105,484136,27243,232810,17154,456893,26857,12868,13989
78110,484167,27245,232827,17155,456922,26858,12868,13990
78115,484198,27246,232843,17155,456952,26860,12869,13991
78120,484229,27246,232858,17155,456983,26861,12870,13991
78125,484260,27246,232874,17155,457014,26862,12871,13991
78130,484291,27246,232887,17155,457045,26863,12871,13992
78135,484322,27246,232904,17155,457076,26864,12872,13992
78140,484353,27246,232915,17155,457107,26864,12872,13992
78145,484384,27246,232927,17155,457138,26864,12872,13992
78150,484415,27246,232941,17155,457169,26864,12872,13992
78155,484446,27247,232958,17156,457199,26864,12872,13992
78160,484477,27248,232970,17157,457229,26864,12872,13992
78165,484508,27249,232982,17157,457259,26864,12872,13992
78170,484539,27250,232994,17158,457289,26866,12872,13994
78175,484570,27251,233008,17158,457319,26868,12873,13995
78180,484601,27252,233026,17159,457349,26870,12874,13996
78185,484632,27255,233041,17161,457377,26870,12874,13996
78190,484663,27258,233048,17162,457405,26870,12874,13996
78195,484694,27261,233060,17164,457433,26870,12874,13996
78200,484725,27264,233074,17165,457461,26870,12874,13996
78205,484756,27268,233095,17168,457488,26870,12874,13996
78210,484787,27270,233109,17169,457517,26870,12874,13996
78215,484818,27272,233125,17171,457546,26870,12874,13996
78220,484849,27277,233140,17174,457572,26870,12874,13996
78225,484880,27281,233158,17177,457599,26870,12874,13996
78230,484911,27283,233174,17177,457628,26870,12874,13996
78235,484942,27286,233191,17178,457656,26870,12874,13996
78240,484973,27289,233203,17180,457684,26871,12875,13996
78245,485004,27291,233217,17182,457713,26872,12875,13997
78250,485035,27293,233233,17182,457742,26873,12876,13997
78255,485066,27295,233243,17183,457771,26873,12876,13997
78260,485097,27298,233257,17184,457799,26873,12876,13997
78265,485128,27300,233277,17186,457828,26873,12876,13997
78270,485159,27303,233292,17187,457856,26873,12876,13997
78275,485190,27306,233306,17189,457884,26873,12876,13997
78280,485221,27308,233321,17189,457913,26873,12876,13997
78285,485252,27310,233331,17189,457942,26873,12876,13997
78290,485283,27312,233346,17190,457971,26875,12878,13997
78295,485314,27315,233365,17191,457999,26877,12879,13998
78300,485345,27318,233380,17192,458027,26879,12881,13998
78305,485376,27320,233391,17194,458056,26881,12881,14000
78310,485407,27322,233408,17196,458085,26881,12881,14000
78315,485438,27324,233423,17197,458114,26881,12881,14000
78320,485469,27326,233438,17199,458143,26881,12881,14000
78325,485500,27330,233450,17202,458170,26881,12881,14000
78330,485531,27333,233469,17205,458198,26881,12881,14000
78335,485562,27336,233482,17206,458226,26881,12881,14000
78340,485593,27340,233501,17210,458253,26881,12881,14000
78345,485624,27343,233517,17213,458281,26881,12881,14000
78350,485655,27347,233535,17216,458308,26881,12881,14000
78355,485686,27349,233553,17218,458337,26882,12882,14000
78360,485717,27352,233569,17221,458365,26883,12883,14000
78365,485748,27352,233589,17221,458396,26883,12883,14000
78370,485779,27352,233606,17221,458427,26883,12883,14000
78375,485810,27352,233623,17221,458458,26883,12883,14000
78380,485841,27352,233639,17221,458489,26883,12883,14000
78385,485872,27352,233652,17221,458520,26883,12883,14000
78390,485903,27352,233669,17221,458551,26883,12883,14000
78395,485934,27352,233684,17221,458582,26883,12883,14000
78400,485965,27352,233699,17221,458613,26883,12883,14000
78405,485996,27352,233714,17221,458644,26883,12883,14000
78410,486027,27353,233730,17221,458674,26884,12883,14001
78415,486058,27354,233745,17222,458704,26886,12883,14003
78420,486089,27356,233759,17223,458733,26889,12884,14005
78425,486120,27358,233775,17225,458762,26889,12884,14005
78430,486151,27360,233788,17226,458791,26889,12884,14005
78435,486182,27362,233803,17227,458820,26889,12884,14005
78440,486213,27364,233822,17228,458849,26889,12884,14005
78445,486244,27365,233841,17229,458879,26889,12884,14005
78450,486275,27367,233857,17231,458908,26889,12884,14005
78455,486306,27369,233875,17233,458937,26889,12884,14005
78460,486337,27371,233892,17234,458966,26889,12884,14005
78465,486368,27375,233908,17237,458993,26890,12885,14005
78470,486399,27377,233923,17239,459022,26891,12885,14006
78475,486430,27381,233934,17242,459049,26892,12885,14007
78480,486461,27385,233949,17245,459076,26893,12886,14007
78485,486492,27388,233969,17248,459104,26893,12886,14007
78490,486523,27391,233981,17249,459132,26893,12886,14007
78495,486554,27393,233994,17250,459161,26893,12886,14007
78500,486585,27396,234012,17253,459189,26893,12886,14007
78505,486616,27400,234030,17257,459216,26893,12886,14007
78510,486647,27402,234045,17258,459245,26893,12886,14007
78515,486678,27405,234060,17261,459273,26893,12886,14007
78520,486709,27407,234073,17261,459302,26893,12886,14007
78525,486740,27409,234092,17261,459331,26894,12886,14008
78530,486771,27412,234107,17263,459359,26897,12888,14009
78535,486802,27415,234122,17266,459387,26900,12891,14009
78540,486833,27418,234142,17268,459415,26903,12894,14009
78545,486864,27419,234155,17269,459445,26906,12895,14011
78550,486895,27420,234170,17270,459475,26909,12897,14012
78555,486926,27421,234183,17270,459505,26910,12897,14013
78560,486957,27422,234197,17271,459535,26910,12897,14013
78565,486988,27423,234215,17272,459565,26910,12897,14013
78570,487019,27425,234226,17272,459594,26910,12897,14013
78575,487050,27427,234240,17273,459623,26910,12897,14013
78580,487081,27429,234254,17274,459652,26910,12897,14013
78585,487112,27431,234269,17274,459681,26911,12897,14014
78590,487143,27434,234280,17276,459709,26912,12898,14014
78595,487174,27437,234292,17277,459737,26913,12898,14015
78600,487205,27439,234305,17279,459766,26914,12899,14015
78605,487236,27443,234324,17282,459793,26917,12901,14016
78610,487267,27446,234337,17284,459821,26919,12902,14017
78615,487298,27450,234353,17287,459848,26921,12902,14019
78620,487329,27452,234364,17289,459877,26922,12902,14020
78625,487360,27453,234381,17290,459907,26922,12902,14020
78630,487391,27455,234400,17291,459936,26922,12902,14020
78635,487422,27456,234414,17292,459966,26922,12902,14020
78640,487453,27458,234429,17294,459995,26922,12902,14020
78645,487484,27459,234440,17295,460025,26922,12902,14020
78650,487515,27461,234453,17296,460054,26922,12902,14020
78655,487546,27464,234473,17297,460082,26922,12902,14020
78660,487577,27468,234491,17301,460109,26922,12902,14020
78665,487608,27469,234510,17302,460139,26922,12902,14020
78670,487639,27470,234531,17303,460169,26922,12902,14020
78675,487670,27471,234550,17304,460199,26922,12902,14020
78680,487701,27472,234561,17304,460229,26922,12902,14020
78685,487732,27474,234575,17306,460258,26922,12902,14020
78690,487763,27476,234593,17308,460287,26922,12902,14020
78695,487794,27477,234604,17308,460317,26922,12902,14020
78700,487825,27478,234622,17308,460347,26922,12902,14020
78705,487856,27480,234634,17309,460376,26922,12902,14020
78710,487887,27481,234648,17309,460406,26923,12903,14020
78715,487918,27482,234658,17309,460436,26925,12904,14021
78720,487949,27484,234679,17310,460465,26927,12906,14021
78725,487980,27485,234690,17310,460495,26929,12906,14023
78730,488011,27487,234704,17310,460524,26931,12906,14025
78735,488042,27489,234719,17311,460553,26933,12906,14027
78740,488073,27491,234735,17312,460582,26934,12906,14028
78745,488104,27493,234755,17314,460611,26935,12906,14029
78750,488135,27495,234772,17315,460640,26936,12907,14029
78755,488166,27497,234782,17315,460669,26937,12907,14030
78760,488197,27499,234802,17317,460698,26938,12908,14030
78765,488228,27502,234818,17318,460726,26938,12908,14030
78770,488259,27506,234833,17320,460753,26938,12908,14030
78775,488290,27509,234849,17321,460781,26938,12908,14030
78780,488321,27512,234864,17322,460809,26938,12908,14030
78785,488352,27516,234881,17325,460836,26938,12908,14030
78790,488383,27518,234895,17327,460865,26938,12908,14030
78795,488414,27520,234905,17328,460894,26938,12908,14030
78800,488445,27523,234924,17331,460922,26938,12908,14030
78805,488476,27525,234941,17333,460951,26938,12908,14030
78810,488507,27527,234956,17333,460980,26938,12908,14030
78815,488538,27529,234969,17333,461009,26938,12908,14030
78820,488569,27531,234984,17333,461038,26938,12908,14030
78825,488600,27533,235002,17335,461067,26938,12908,14030
78830,488631,27535,235013,17335,461096,26939,12908,14031
78835,488662,27537,235027,17337,461125,26940,12908,14032
78840,488693,27539,235041,17338,461154,26941,12909,14032
78845,488724,27541,235056,17340,461183,26943,12910,14033
78850,488755,27543,235067,17340,461212,26944,12911,14033
78855,488786,27546,235082,17341,461240,26945,12911,14034
78860,488817,27548,235096,17342,461269,26946,12912,14034
78865,488848,27551,235113,17343,461297,26947,12913,14034
78870,488879,27554,235127,17345,461325,26948,12913,14035
78875,488910,27557,235144,17347,461353,26949,12914,14035
78880,488941,27559,235155,17347,461382,26950,12914,14036
78885,488972,27561,235167,17348,461411,26951,12915,14036
78890,489003,27565,235185,17350,461438,26952,12915,14037
78895,489034,27570,235202,17354,461464,26953,12915,14038
78900,489065,27575,235221,17358,461490,26954,12916,14038
78905,489096,27576,235238,17359,461520,26955,12917,14038
78910,489127,27577,235253,17360,461550,26956,12917,14039
78915,489158,27579,235265,17362,461579,26956,12917,14039
78920,489189,27580,235282,17363,461609,26956,12917,14039
78925,489220,27581,235294,17363,461639,26956,12917,14039
78930,489251,27582,235306,17363,461669,26956,12917,14039
78935,489282,27583,235321,17364,461699,26956,12917,14039
78940,489313,27584,235331,17365,461729,26956,12917,14039
78945,489344,27585,235345,17366,461759,26956,12917,14039
78950,489375,27587,235361,17368,461788,26956,12917,14039
78955,489406,27588,235373,17368,461818,26956,12917,14039
78960,489437,27589,235388,17368,461848,26956,12917,14039
78965,489468,27590,235406,17369,461878,26957,12917,14040
78970,489499,27591,235422,17369,461908,26958,12917,14041
78975,489530,27592,235436,17369,461938,26959,12918,14041
78980,489561,27593,235454,17370,461968,26960,12918,14042
78985,489592,27594,235465,17371,461998,26961,12918,14043
78990,489623,27595,235479,17371,462028,26962,12919,14043
78995,489654,27596,235493,17371,462058,26963,12920,14043
79000,489685,27597,235508,17372,462088,26964,12920,14044
79005,489716,27598,235518,17372,462118,26964,12920,14044
79010,489747,27601,235531,17373,462146,26964,12920,14044
79015,489778,27604,235548,17375,462174,26965,12920,14045
79020,489809,27608,235564,17377,462201,26966,12920,14046
79025,489840,27612,235575,17380,462228,26967,12920,14047
79030,489871,27616,235594,17382,462255,26968,12921,14047
79035,489902,27621,235607,17387,462281,26969,12922,14047
79040,489933,27626,235622,17390,462307,26969,12922,14047
79045,489964,27629,235638,17391,462335,26969,12922,14047
79050,489995,27632,235651,17392,462363,26969,12922,14047
79055,490026,27636,235662,17393,462390,26969,12922,14047
79060,490057,27640,235679,17396,462417,26969,12922,14047
79065,490088,27644,235695,17399,462444,26969,12922,14047
79070,490119,27650,235711,17403,462469,26969,12922,14047
79075,490150,27655,235723,17406,462495,26969,12922,14047
79080,490181,27660,235741,17410,462521,26969,12922,14047
79085,490212,27661,235754,17410,462551,26969,12922,14047
79090,490243,27662,235767,17410,462581,26969,12922,14047
79095,490274,27663,235779,17411,462611,26969,12922,14047
79100,490305,27664,235798,17412,462641,26969,12922,14047
79105,490336,27665,235810,17412,462671,26969,12922,14047
79110,490367,27666,235823,17413,462701,26969,12922,14047
79115,490398,27667,235840,17414,462731,26969,12922,14047
79120,490429,27668,235850,17414,462761,26969,12922,14047
79125,490460,27669,235866,17414,462791,26969,12922,14047
79130,490491,27670,235889,17415,462821,26969,12922,14047
79135,490522,27671,235901,17415,462851,26969,12922,14047
79140,490553,27672,235916,17416,462881,26970,12923,14047
79145,490584,27673,235928,17416,462911,26971,12923,14048
79150,490615,27674,235950,17416,462941,26972,12924,14048
79155,490646,27676,235964,17417,462970,26973,12925,14048
79160,490677,27677,235977,17417,463000,26974,12925,14049
79165,490708,27679,235994,17419,463029,26975,12926,14049
79170,490739,27680,236010,17420,463059,26976,12927,14049
79175,490770,27681,236023,17421,463089,26976,12927,14049
79180,490801,27682,236036,17422,463119,26976,12927,14049
79185,490832,27684,236053,17422,463148,26976,12927,14049
79190,490863,27689,236074,17426,463174,26976,12927,14049
79195,490894,27693,236090,17429,463201,26976,12927,14049
79200,490925,27697,236106,17432,463228,26976,12927,14049
79205,490956,27701,236123,17436,463255,26976,12927,14049
79210,490987,27706,236137,17438,463281,26976,12927,14049
79215,491018,27709,236149,17438,463309,26976,12927,14049
79220,491049,27714,236164,17442,463335,26976,12927,14049
79225,491080,27718,236181,17445,463362,26976,12927,14049
79230,491111,27723,236195,17448,463388,26976,12927,14049
79235,491142,27726,236208,17449,463416,26976,12927,14049
79240,491173,27729,236229,17452,463444,26976,12927,14049
79245,491204,27731,236240,17454,463473,26976,12927,14049
79250,491235,27734,236258,17455,463501,26976,12927,14049
79255,491266,27737,236278,17457,463529,26976,12927,14049
79260,491297,27739,236292,17458,463558,26976,12927,14049
79265,491328,27740,236306,17459,463588,26976,12927,14049
79270,491359,27741,236318,17460,463618,26976,12927,14049
79275,491390,27742,236338,17460,463648,26977,12927,14050
79280,491421,27743,236356,17461,463678,26978,12928,14050
79285,491452,27744,236375,17461,463708,26979,12929,14050
79290,491483,27745,236391,17461,463738,26980,12929,14051
79295,491514,27746,236405,17462,463768,26981,12930,14051
79300,491545,27747,236422,17463,463798,26982,12930,14052
79305,491576,27748,236437,17463,463828,26983,12931,14052
79310,491607,27749,236451,17463,463858,26984,12931,14053
79315,491638,27750,236466,17463,463888,26984,12931,14053
79320,491669,27751,236479,17464,463918,26984,12931,14053
79325,491700,27752,236494,17464,463948,26984,12931,14053
79330,491731,27753,236510,17464,463978,26984,12931,14053
79335,491762,27754,236529,17464,464008,26984,12931,14053
79340,491793,27755,236548,17464,464038,26984,12931,14053
79345,491824,27757,236555,17465,464067,26984,12931,14053
79350,491855,27758,236571,17466,464097,26984,12931,14053
79355,491886,27759,236583,17466,464127,26984,12931,14053
79360,491917,27760,236604,17467,464157,26984,12931,14053
79365,491948,27762,236620,17469,464186,26984,12931,14053
79370,491979,27765,236635,17471,464214,26984,12931,14053
79375,492010,27768,236653,17472,464242,26984,12931,14053
79380,492041,27771,236677,17475,464270,26984,12931,14053
79385,492072,27776,236694,17479,464296,26984,12931,14053
79390,492103,27780,236711,17483,464323,26984,12931,14053
79395,492134,27783,236725,17485,464351,26984,12931,14053
79400,492165,27787,236742,17488,464378,26984,12931,14053
79405,492196,27791,236755,17491,464405,26984,12931,14053
79410,492227,27794,236769,17494,464433,26984,12931,14053
79415,492258,27796,236786,17495,464462,26985,12932,14053
79420,492289,27797,236802,17495,464492,26986,12932,14054
79425,492320,27797,236817,17495,464523,26987,12932,14055
79430,492351,27797,236830,17495,464554,26988,12932,14056
79435,492382,27797,236845,17495,464585,26989,12932,14057
79440,492413,27797,236863,17495,464616,26990,12933,14057
79445,492444,27797,236880,17495,464647,26991,12934,14057
79450,492475,27797,236891,17495,464678,26991,12934,14057
79455,492506,27798,236904,17495,464708,26991,12934,14057
79460,492537,27799,236918,17495,464738,26991,12934,14057
79465,492568,27800,236933,17496,464768,26991,12934,14057
79470,492599,27801,236945,17496,464798,26991,12934,14057
79475,492630,27802,236959,17496,464828,26991,12934,14057
79480,492661,27803,236974,17496,464858,26991,12934,14057
79485,492692,27804,236990,17496,464888,26991,12934,14057
79490,492723,27805,237002,17497,464918,26991,12934,14057
79495,492754,27806,237020,17498,464948,26991,12934,14057
79500,492785,27807,237033,17499,464978,26991,12934,14057
79505,492816,27809,237048,17501,465007,26991,12934,14057
79510,492847,27810,237064,17501,465037,26991,12934,14057
79515,492878,27812,237077,17503,465066,26991,12934,14057
79520,492909,27814,237087,17504,465095,26991,12934,14057
79525,492940,27816,237101,17505,465124,26991,12934,14057
79530,492971,27821,237119,17509,465150,26991,12934,14057
79535,493002,27824,237136,17510,465178,26991,12934,14057
79540,493033,27829,237156,17514,465204,26991,12934,14057
79545,493064,27832,237162,17515,465232,26991,12934,14057
79550,493095,27836,237179,17518,465259,26991,12934,14057
79555,493126,27841,237192,17521,465285,26992,12934,14058
79560,493157,27846,237208,17525,465311,26993,12935,14058
79565,493188,27850,237218,17528,465338,26994,12935,14059
79570,493219,27855,237234,17532,465364,26994,12935,14059
79575,493250,27860,237251,17535,465390,26994,12935,14059
79580,493281,27865,237267,17538,465416,26994,12935,14059
79585,493312,27869,237285,17540,465443,26994,12935,14059
79590,493343,27872,237301,17542,465471,26994,12935,14059
79595,493374,27874,237314,17542,465500,26994,12935,14059
79600,493405,27875,237328,17542,465530,26994,12935,14059
79605,493436,27876,237344,17543,465560,26994,12935,14059
79610,493467,27877,237360,17543,465590,26994,12935,14059
79615,493498,27878,237373,17543,465620,26994,12935,14059
79620,493529,27879,237390,17544,465650,26994,12935,14059
79625,493560,27880,237402,17544,465680,26994,12935,14059
79630,493591,27881,237416,17545,465710,26994,12935,14059
79635,493622,27882,237423,17545,465740,26994,12935,14059
79640,493653,27883,237434,17546,465770,26994,12935,14059
79645,493684,27884,237450,17546,465800,26994,12935,14059
79650,493715,27885,237463,17547,465830,26994,12935,14059
79655,493746,27886,237480,17547,465860,26994,12935,14059
79660,493777,27887,237492,17547,465890,26994,12935,14059
79665,493808,27888,237508,17547,465920,26994,12935,14059
79670,493839,27889,237526,17548,465950,26994,12935,14059
79675,493870,27890,237544,17548,465980,26994,12935,14059
79680,493901,27891,237554,17548,466010,26994,12935,14059
79685,493932,27893,237570,17550,466039,26994,12935,14059
79690,493963,27896,237585,17553,466067,26994,12935,14059
79695,493994,27899,237597,17555,466095,26994,12935,14059
79700,494025,27901,237612,17556,466124,26994,12935,14059
79705,494056,27905,237629,17559,466151,26994,12935,14059
79710,494087,27908,237646,17561,466179,26994,12935,14059
79715,494118,27910,237660,17562,466208,26994,12935,14059
79720,494149,27915,237678,17565,466234,26994,12935,14059
79725,494180,27918,237692,17567,466262,26994,12935,14059
79730,494211,27921,237703,17569,466290,26994,12935,14059
79735,494242,27925,237717,17572,466317,26994,12935,14059
79740,494273,27930,237736,17577,466343,26994,12935,14059
79745,494304,27931,237750,17577,466373,26994,12935,14059
79750,494335,27932,237760,17577,466403,26994,12935,14059
79755,494366,27933,237776,17577,466433,26994,12935,14059
79760,494397,27934,237790,17578,466463,26994,12935,14059
79765,494428,27935,237805,17578,466493,26994,12935,14059
79770,494459,27936,237819,17579,466523,26994,12935,14059
79775,494490,27937,237837,17580,466553,26994,12935,14059
79780,494521,27939,237849,17582,466582,26994,12935,14059
79785,494552,27940,237864,17583,466612,26994,12935,14059
79790,494583,27941,237878,17583,466642,26994,12935,14059
79795,494614,27942,237890,17584,466672,26994,12935,14059
79800,494645,27943,237909,17584,466702,26994,12935,14059
79805,494676,27945,237930,17585,466731,26994,12935,14059
79810,494707,27947,237942,17585,466760,26994,12935,14059
79815,494738,27949,237955,17586,466789,26994,12935,14059
79820,494769,27951,237970,17586,466818,26994,12935,14059
79825,494800,27953,237985,17586,466847,26994,12935,14059
79830,494831,27955,238000,17587,466876,26994,12935,14059
79835,494862,27957,238014,17589,466905,26994,12935,14059
79840,494893,27959,238031,17589,466934,26994,12935,14059
79845,494924,27961,238047,17591,466963,26994,12935,14059
79850,494955,27965,238063,17594,466990,26994,12935,14059
79855,494986,27968,238076,17596,467018,26994,12935,14059
79860,495017,27971,238090,17598,467046,26994,12935,14059
79865,495048,27974,238103,17601,467074,26994,12935,14059
79870,495079,27978,238116,17604,467101,26994,12935,14059
79875,495110,27981,238130,17607,467129,26994,12935,14059
79880,495141,27985,238145,17611,467156,26994,12935,14059
79885,495172,27989,238161,17613,467183,26994,12935,14059
79890,495203,27991,238175,17615,467212,26994,12935,14059
79895,495234,27993,238188,17615,467241,26994,12935,14059
79900,495265,27996,238206,17616,467269,26994,12935,14059
79905,495296,27998,238221,17617,467298,26994,12935,14059
79910,495327,28001,238237,17619,467326,26994,12935,14059
79915,495358,28002,238251,17620,467356,26994,12935,14059
79920,495389,28003,238269,17620,467386,26994,12935,14059
79925,495420,28004,238287,17620,467416,26994,12935,14059
79930,495451,28005,238303,17621,467446,26995,12936,14059
79935,495482,28006,238322,17622,467476,26995,12936,14059
79940,495513,28007,238336,17623,467506,26995,12936,14059
79945,495544,28008,238351,17624,467536,26995,12936,14059
79950,495575,28009,238366,17624,467566,26995,12936,14059
79955,495606,28010,238378,17624,467596,26995,12936,14059
79960,495637,28011,238392,17624,467626,26995,12936,14059
79965,495668,28012,238406,17625,467656,26995,12936,14059
79970,495699,28015,238418,17628,467684,26995,12936,14059
79975,495730,28018,238436,17630,467712,26995,12936,14059
79980,495761,28021,238451,17632,467740,26995,12936,14059
79985,495792,28025,238466,17635,467767,26995,12936,14059
79990,495823,28028,238476,17635,467795,26995,12936,14059
79995,495854,28032,238493,17638,467822,26995,12936,14059
80000,495885,28036,238510,17641,467849,26995,12936,14059
80005,495916,28040,238524,17643,467876,26995,12936,14059
80010,495947,28043,238539,17646,467904,26995,12936,14059
80015,495978,28046,238553,17647,467932,26995,12936,14059
80020,496009,28050,238568,17649,467959,26995,12936,14059
80025,496040,28054,238585,17651,467986,26995,12936,14059
80030,496071,28059,238603,17654,468012,26995,12936,14059
80035,496102,28061,238618,17655,468041,26995,12936,14059
80040,496133,28064,238633,17657,468069,26995,12936,14059
80045,496164,28067,238647,17659,468097,26995,12936,14059
80050,496195,28070,238663,17660,468125,26995,12936,14059
80055,496226,28072,238680,17662,468154,26995,12936,14059
80060,496257,28074,238692,17664,468183,26995,12936,14059
80065,496288,28076,238704,17665,468212,26995,12936,14059
80070,496319,28079,238716,17666,468240,26995,12936,14059
80075,496350,28080,238730,17667,468270,26995,12936,14059
80080,496381,28081,238739,17668,468300,26995,12936,14059
80085,496412,28082,238750,17668,468330,26995,12936,14059
80090,496443,28083,238766,17668,468360,26995,12936,14059
80095,496474,28084,238781,17668,468390,26995,12936,14059
80100,496505,28085,238790,17668,468420,26995,12936,14059
80105,496536,28086,238811,17669,468450,26996,12937,14059
80110,496567,28087,238826,17670,468480,26997,12937,14060
80115,496598,28088,238840,17670,468510,26997,12937,14060
80120,496629,28090,238857,17672,468539,26997,12937,14060
80125,496660,28092,238873,17673,468568,26997,12937,14060
80130,496691,28094,238890,17675,468597,26997,12937,14060
80135,496722,28095,238906,17675,468627,26997,12937,14060
80140,496753,28096,238920,17676,468657,26997,12937,14060
80145,496784,28097,238930,17676,468687,26997,12937,14060
80150,496815,28098,238946,17677,468717,26997,12937,14060
80155,496846,28099,238951,17677,468747,26997,12937,14060
80160,496877,28100,238969,17678,468777,26997,12937,14060
80165,496908,28102,238988,17680,468806,26997,12937,14060
80170,496939,28103,239004,17680,468836,26997,12937,14060
80175,496970,28105,239021,17682,468865,26997,12937,14060
80180,497001,28108,239039,17685,468893,26997,12937,14060
80185,497032,28110,239055,17686,468922,26997,12937,14060
80190,497063,28113,239072,17689,468950,26997,12937,14060
80195,497094,28115,239093,17690,468979,26997,12937,14060
80200,497125,28118,239107,17692,469007,26997,12937,14060
80205,497156,28120,239118,17693,469036,26997,12937,14060
80210,497187,28122,239130,17693,469065,26997,12937,14060
80215,497218,28124,239144,17693,469094,26997,12937,14060
80220,497249,28126,239160,17694,469123,26997,12937,14060
80225,497280,28128,239172,17695,469152,26997,12937,14060
80230,497311,28130,239186,17696,469181,26997,12937,14060
80235,497342,28133,239199,17698,469209,26998,12937,14061
80240,497373,28136,239209,17698,469237,26999,12938,14061
80245,497404,28140,239225,17701,469264,27000,12938,14062
80250,497435,28144,239243,17704,469291,27001,12938,14063
80255,497466,28147,239257,17705,469319,27002,12939,14063
80260,497497,28150,239269,17707,469347,27002,12939,14063
80265,497528,28154,239286,17708,469374,27002,12939,14063
80270,497559,28157,239295,17708,469402,27002,12939,14063
80275,497590,28162,239311,17711,469428,27002,12939,14063
80280,497621,28165,239328,17714,469456,27002,12939,14063
80285,497652,28168,239346,17715,469484,27002,12939,14063
80290,497683,28170,239359,17715,469513,27002,12939,14063
80295,497714,28172,239374,17717,469542,27002,12939,14063
80300,497745,28174,239390,17718,469571,27002,12939,14063
80305,497776,28176,239406,17719,469600,27002,12939,14063
80310,497807,28179,239424,17721,469628,27002,12939,14063
80315,497838,28182,239434,17723,469656,27002,12939,14063
80320,497869,28184,239449,17723,469685,27002,12939,14063
80325,497900,28185,239467,17724,469715,27002,12939,14063
80330,497931,28186,239482,17724,469745,27002,12939,14063
80335,497962,28187,239502,17725,469775,27002,12939,14063
80340,497993,28188,239517,17725,469805,27002,12939,14063
80345,498024,28189,239528,17725,469835,27002,12939,14063
80350,498055,28190,239544,17725,469865,27002,12939,14063
80355,498086,28191,239557,17726,469895,27002,12939,14063
80360,498117,28192,239572,17726,469925,27003,12940,14063
80365,498148,28193,239593,17726,469955,27004,12941,14063
80370,498179,28194,239611,17727,469985,27005,12942,14063
80375,498210,28195,239627,17727,470015,27006,12942,14064
80380,498241,28196,239646,17727,470045,27007,12943,14064
80385,498272,28197,239656,17728,470075,27008,12944,14064
80390,498303,28199,239669,17728,470104,27009,12944,14065
80395,498334,28201,239683,17729,470133,27010,12945,14065
80400,498365,28203,239696,17730,470162,27011,12945,14066
80405,498396,28207,239713,17732,470189,27012,12946,14066
80410,498427,28211,239730,17734,470216,27012,12946,14066
80415,498458,28215,239744,17736,470243,27012,12946,14066
80420,498489,28218,239756,17738,470271,27012,12946,14066
80425,498520,28221,239766,17738,470299,27012,12946,14066
80430,498551,28224,239781,17741,470327,27012,12946,14066
80435,498582,28229,239798,17744,470353,27012,12946,14066
80440,498613,28231,239810,17745,470382,27012,12946,14066
80445,498644,28233,239824,17747,470411,27012,12946,14066
80450,498675,28235,239835,17748,470440,27012,12946,14066
80455,498706,28238,239852,17750,470468,27012,12946,14066
80460,498737,28240,239869,17751,470497,27012,12946,14066
80465,498768,28242,239884,17751,470526,27012,12946,14066
80470,498799,28244,239896,17753,470555,27012,12946,14066
80475,498830,28246,239912,17754,470584,27012,12946,14066
80480,498861,28248,239929,17755,470613,27012,12946,14066
80485,498892,28250,239946,17755,470642,27012,12946,14066
80490,498923,28252,239958,17755,470671,27012,12946,14066
80495,498954,28254,239971,17755,470700,27012,12946,14066
80500,498985,28256,239985,17755,470729,27012,12946,14066
80505,499016,28258,240004,17757,470758,27012,12946,14066
80510,499047,28260,240018,17758,470787,27013,12947,14066
80515,499078,28262,240036,17760,470816,27014,12948,14066
80520,499109,28265,240051,17761,470844,27015,12948,14067
80525,499140,28268,240062,17761,470872,27016,12949,14067
80530,499171,28272,240075,17763,470899,27017,12949,14068
80535,499202,28276,240093,17766,470926,27018,12950,14068
80540,499233,28281,240109,17769,470952,27019,12950,14069
80545,499264,28285,240123,17771,470979,27020,12950,14070
80550,499295,28288,240139,17772,471007,27021,12951,14070
80555,499326,28291,240154,17773,471035,27021,12951,14070
80560,499357,28294,240171,17776,471063,27021,12951,14070
80565,499388,28297,240189,17778,471091,27021,12951,14070
80570,499419,28302,240203,17782,471117,27021,12951,14070
80575,499450,28307,240217,17785,471143,27021,12951,14070
80580,499481,28311,240229,17788,471170,27021,12951,14070
80585,499512,28313,240247,17788,471199,27021,12951,14070
80590,499543,28316,240265,17791,471227,27021,12951,14070
80595,499574,28318,240280,17793,471256,27021,12951,14070
80600,499605,28319,240295,17793,471286,27021,12951,14070
80605,499636,28320,240312,17794,471316,27021,12951,14070
80610,499667,28321,240328,17794,471346,27021,12951,14070
80615,499698,28322,240347,17794,471376,27021,12951,14070
80620,499729,28323,240359,17794,471406,27021,12951,14070
80625,499760,28324,240377,17794,471436,27021,12951,14070
80630,499791,28325,240394,17794,471466,27021,12951,14070
80635,499822,28326,240412,17795,471496,27021,12951,14070
80640,499853,28327,240428,17795,471526,27021,12951,14070
80645,499884,28328,240447,17795,471556,27021,12951,14070
80650,499915,28329,240460,17796,471586,27021,12951,14070
80655,499946,28330,240479,17796,471616,27021,12951,14070
80660,499977,28331,240492,17796,471646,27022,12951,14071
80665,500008,28332,240503,17796,471676,27023,12952,14071
80670,500039,28333,240522,17797,471706,27024,12953,14071
80675,500070,28334,240535,17798,471736,27024,12953,14071
80680,500101,28335,240551,17798,471766,27024,12953,14071
80685,500132,28337,240565,17800,471795,27024,12953,14071
80690,500163,28339,240582,17800,471824,27024,12953,14071
80695,500194,28341,240599,17801,471853,27024,12953,14071
80700,500225,28344,240615,17802,471881,27024,12953,14071
80705,500256,28348,240625,17804,471908,27024,12953,14071
80710,500287,28352,240643,17807,471935,27024,12953,14071
80715,500318,28356,240655,17809,471962,27024,12953,14071
80720,500349,28360,240672,17812,471989,27024,12953,14071
80725,500380,28363,240689,17813,472017,27024,12953,14071
80730,500411,28366,240706,17813,472045,27024,12953,14071
80735,500442,28369,240720,17815,472073,27024,12953,14071
80740,500473,28372,240734,17816,472101,27024,12953,14071
80745,500504,28375,240750,17816,472129,27024,12953,14071
80750,500535,28378,240761,17818,472157,27024,12953,14071
80755,500566,28381,240775,17819,472185,27024,12953,14071
80760,500597,28384,240789,17820,472213,27024,12953,14071
80765,500628,28387,240809,17821,472241,27024,12953,14071
80770,500659,28390,240820,17821,472269,27024,12953,14071
80775,500690,28393,240836,17823,472297,27025,12954,14071
80780,500721,28396,240851,17825,472325,27026,12955,14071
80785,500752,28399,240864,17827,472353,27027,12956,14071
80790,500783,28402,240879,17828,472381,27028,12956,14072
80795,500814,28405,240892,17830,472409,27029,12957,14072
80800,500845,28408,240911,17833,472437,27030,12957,14073
80805,500876,28412,240920,17834,472464,27031,12957,14074
80810,500907,28416,240937,17836,472491,27032,12957,14075
80815,500938,28421,240953,17839,472517,27033,12957,14076
80820,500969,28425,240971,17841,472544,27033,12957,14076
80825,501000,28425,240986,17841,472575,27033,12957,14076
80830,501031,28425,240997,17841,472606,27033,12957,14076
80835,501062,28425,241014,17841,472637,27033,12957,14076
80840,501093,28425,241026,17841,472668,27033,12957,14076
80845,501124,28425,241043,17841,472699,27033,12957,14076
80850,501155,28425,241058,17841,472730,27033,12957,14076
80855,501186,28425,241069,17841,472761,27033,12957,14076
80860,501217,28425,241083,17841,472792,27033,12957,14076
80865,501248,28425,241097,17841,472823,27033,12957,14076
80870,501279,28425,241112,17841,472854,27033,12957,14076
80875,501310,28425,241131,17841,472885,27033,12957,14076
80880,501341,28425,241142,17841,472916,27033,12957,14076
80885,501372,28425,241161,17841,472947,27033,12957,14076
80890,501403,28425,241177,17841,472978,27033,12957,14076
80895,501434,28425,241190,17841,473009,27033,12957,14076
80900,501465,28425,241207,17841,473040,27033,12957,14076
80905,501496,28425,241222,17841,473071,27033,12957,14076
80910,501527,28425,241240,17841,473102,27033,12957,14076
80915,501558,28425,241251,17841,473133,27033,12957,14076
80920,501589,28425,241267,17841,473164,27034,12957,14077
80925,501620,28426,241280,17841,473194,27035,12957,14078
80930,501651,28429,241296,17842,473222,27036,12958,14078
80935,501682,28433,241310,17844,473249,27037,12959,14078
80940,501713,28437,241324,17847,473276,27038,12959,14079
80945,501744,28441,241343,17851,473303,27038,12959,14079
80950,501775,28445,241360,17855,473330,27038,12959,14079
80955,501806,28448,241377,17857,473358,27038,12959,14079
80960,501837,28452,241387,17859,473385,27038,12959,14079
80965,501868,28457,241405,17862,473411,27038,12959,14079
80970,501899,28461,241422,17865,473438,27038,12959,14079
80975,501930,28465,241437,17868,473465,27038,12959,14079
80980,501961,28468,241451,17870,473493,27038,12959,14079
80985,501992,28471,241465,17872,473521,27038,12959,14079
80990,502023,28474,241483,17875,473549,27038,12959,14079
80995,502054,28476,241498,17876,473578,27038,12959,14079
81000,502085,28478,241515,17877,473607,27038,12959,14079
81005,502116,28482,241530,17879,473634,27038,12959,14079
81010,502147,28484,241544,17880,473663,27038,12959,14079
81015,502178,28487,241563,17883,473691,27038,12959,14079
81020,502209,28490,241580,17886,473719,27038,12959,14079
81025,502240,28492,241591,17887,473748,27038,12959,14079
81030,502271,28495,241609,17889,473776,27038,12959,14079
81035,502302,28498,241627,17892,473804,27038,12959,14079
81040,502333,28501,241650,17895,473832,27038,12959,14079
81045,502364,28505,241669,17899,473859,27039,12959,14080
81050,502395,28507,241686,17900,473888,27040,12959,14081
81055,502426,28511,241705,17902,473915,27041,12960,14081
81060,502457,28512,241718,17902,473945,27042,12960,14082
81065,502488,28513,241734,17902,473975,27043,12961,14082
81070,502519,28514,241753,17903,474005,27043,12961,14082
81075,502550,28515,241769,17904,474035,27043,12961,14082
81080,502581,28516,241781,17904,474065,27043,12961,14082
81085,502612,28518,241795,17905,474094,27043,12961,14082
81090,502643,28520,241811,17907,474123,27043,12961,14082
81095,502674,28522,241827,17908,474152,27043,12961,14082
81100,502705,28524,241844,17909,474181,27043,12961,14082
81105,502736,28526,241859,17910,474210,27043,12961,14082
81110,502767,28528,241875,17910,474239,27043,12961,14082
81115,502798,28530,241895,17911,474268,27043,12961,14082
81120,502829,28532,241909,17912,474297,27043,12961,14082
81125,502860,28534,241925,17914,474326,27043,12961,14082
81130,502891,28536,241940,17915,474355,27043,12961,14082
81135,502922,28538,241956,17916,474384,27043,12961,14082
81140,502953,28540,241969,17918,474413,27043,12961,14082
81145,502984,28542,241986,17920,474442,27043,12961,14082
81150,503015,28544,242001,17920,474471,27043,12961,14082
81155,503046,28546,242010,17921,474500,27043,12961,14082
81160,503077,28549,242027,17924,474528,27043,12961,14082
81165,503108,28554,242045,17927,474554,27043,12961,14082
81170,503139,28558,242060,17930,474581,27044,12961,14083
81175,503170,28562,242077,17933,474608,27045,12961,14084
81180,503201,28565,242092,17935,474636,27046,12961,14085
81185,503232,28568,242103,17937,474664,27047,12961,14086
81190,503263,28572,242118,17940,474691,27048,12961,14087
81195,503294,28576,242134,17943,474718,27049,12961,14088
81200,503325,28580,242149,17946,474745,27049,12961,14088
81205,503356,28582,242164,17948,474774,27049,12961,14088
81210,503387,28584,242177,17949,474803,27049,12961,14088
81215,503418,28586,242194,17950,474832,27049,12961,14088
81220,503449,28587,242206,17950,474862,27049,12961,14088
81225,503480,28587,242226,17950,474893,27049,12961,14088
81230,503511,28587,242243,17950,474924,27049,12961,14088
81235,503542,28587,242261,17950,474955,27049,12961,14088
81240,503573,28587,242279,17950,474986,27049,12961,14088
81245,503604,28587,242292,17950,475017,27049,12961,14088
81250,503635,28587,242308,17950,475048,27049,12961,14088
81255,503666,28587,242320,17950,475079,27049,12961,14088
81260,503697,28587,242337,17950,475110,27049,12961,14088
81265,503728,28587,242350,17950,475141,27049,12961,14088
81270,503759,28587,242360,17950,475172,27049,12961,14088
81275,503790,28587,242382,17950,475203,27049,12961,14088
81280,503821,28587,242395,17950,475234,27049,12961,14088
81285,503852,28588,242405,17951,475264,27049,12961,14088
81290,503883,28589,242417,17952,475294,27049,12961,14088
81295,503914,28590,242434,17952,475324,27049,12961,14088
81300,503945,28591,242452,17952,475354,27050,12961,14089
81305,503976,28594,242466,17954,475382,27051,12961,14090
81310,504007,28597,242482,17956,475410,27052,12961,14091
81315,504038,28601,242498,17959,475437,27053,12961,14092
81320,504069,28605,242513,17962,475464,27054,12962,14092
81325,504100,28609,242533,17964,475491,27054,12962,14092
81330,504131,28614,242548,17967,475517,27054,12962,14092
81335,504162,28618,242564,17970,475544,27054,12962,14092
81340,504193,28623,242585,17974,475570,27054,12962,14092
81345,504224,28628,242602,17978,475596,27054,12962,14092
81350,504255,28632,242617,17980,475623,27054,12962,14092
81355,504286,28638,242635,17986,475648,27054,12962,14092
81360,504317,28642,242652,17988,475675,27054,12962,14092
81365,504348,28645,242671,17990,475703,27054,12962,14092
81370,504379,28647,242680,17990,475732,27054,12962,14092
81375,504410,28649,242692,17990,475761,27054,12962,14092
81380,504441,28652,242710,17991,475789,27054,12962,14092
81385,504472,28655,242718,17992,475817,27054,12962,14092
81390,504503,28657,242733,17993,475846,27054,12962,14092
81395,504534,28658,242747,17994,475876,27054,12962,14092
81400,504565,28659,242763,17994,475906,27054,12962,14092
81405,504596,28660,242776,17994,475936,27054,12962,14092
81410,504627,28661,242789,17994,475966,27054,12962,14092
81415,504658,28662,242800,17994,475996,27054,12962,14092
81420,504689,28663,242816,17994,476026,27054,12962,14092
81425,504720,28664,242833,17994,476056,27054,12962,14092
81430,504751,28665,242848,17995,476086,27054,12962,14092
81435,504782,28666,242867,17996,476116,27054,12962,14092
81440,504813,28667,242884,17997,476146,27054,12962,14092
81445,504844,28668,242901,17998,476176,27054,12962,14092
81450,504875,28669,242915,17998,476206,27054,12962,14092
81455,504906,28670,242929,17998,476236,27054,12962,14092
81460,504937,28672,242939,17999,476265,27054,12962,14092
81465,504968,28673,242952,17999,476295,27054,12962,14092
81470,504999,28675,242964,18000,476324,27054,12962,14092
81475,505030,28677,242975,18000,476353,27054,12962,14092
81480,505061,28680,242991,18003,476381,27054,12962,14092
81485,505092,28682,243006,18004,476410,27054,12962,14092
81490,505123,28685,243018,18005,476438,27054,12962,14092
81495,505154,28688,243032,18007,476466,27054,12962,14092
81500,505185,28692,243051,18011,476493,27054,12962,14092
81505,505216,28695,243066,18012,476521,27054,12962,14092
81510,505247,28698,243082,18014,476549,27054,12962,14092
81515,505278,28701,243095,18016,476577,27054,12962,14092
81520,505309,28704,243110,18018,476605,27054,12962,14092
81525,505340,28707,243127,18019,476633,27054,12962,14092
81530,505371,28710,243139,18021,476661,27054,12962,14092
81535,505402,28713,243148,18022,476689,27054,12962,14092
81540,505433,28716,243159,18024,476717,27054,12962,14092
81545,505464,28719,243172,18025,476745,27054,12962,14092
81550,505495,28722,243189,18026,476773,27054,12962,14092
81555,505526,28725,243207,18027,476801,27054,12962,14092
81560,505557,28728,243221,18028,476829,27054,12962,14092
81565,505588,28731,243239,18030,476857,27054,12962,14092
81570,505619,28735,243259,18032,476884,27054,12962,14092
81575,505650,28738,243272,18033,476912,27054,12962,14092
81580,505681,28741,243286,18033,476940,27054,12962,14092
81585,505712,28744,243302,18035,476968,27054,12962,14092
81590,505743,28748,243319,18037,476995,27054,12962,14092
81595,505774,28752,243340,18039,477022,27054,12962,14092
81600,505805,28756,243358,18042,477049,27054,12962,14092
81605,505836,28760,243377,18045,477076,27054,12962,14092
81610,505867,28764,243391,18048,477103,27054,12962,14092
81615,505898,28769,243406,18051,477129,27054,12962,14092
81620,505929,28772,243417,18052,477157,27054,12962,14092
81625,505960,28774,243436,18054,477186,27054,12962,14092
81630,505991,28777,243453,18056,477214,27054,12962,14092
81635,506022,28780,243464,18057,477242,27054,12962,14092
81640,506053,28782,243473,18058,477271,27054,12962,14092
81645,506084,28784,243486,18060,477300,27054,12962,14092
81650,506115,28786,243502,18062,477329,27054,12962,14092
81655,506146,28788,243516,18063,477358,27054,12962,14092
81660,506177,28792,243527,18066,477385,27054,12962,14092
81665,506208,28793,243542,18067,477415,27054,12962,14092
81670,506239,28794,243558,18068,477445,27054,12962,14092
81675,506270,28795,243574,18068,477475,27054,12962,14092
81680,506301,28796,243592,18068,477505,27054,12962,14092
81685,506332,28797,243604,18068,477535,27054,12962,14092
81690,506363,28798,243618,18069,477565,27054,12962,14092
81695,506394,28799,243632,18069,477595,27054,12962,14092
81700,506425,28800,243648,18070,477625,27054,12962,14092
81705,506456,28801,243661,18070,477655,27054,12962,14092
81710,506487,28802,243674,18070,477685,27054,12962,14092
81715,506518,28803,243687,18071,477715,27054,12962,14092
81720,506549,28804,243704,18072,477745,27054,12962,14092
81725,506580,28806,243718,18074,477774,27054,12962,14092
81730,506611,28808,243732,18074,477803,27054,12962,14092
81735,506642,28811,243747,18076,477831,27054,12962,14092
81740,506673,28813,243761,18077,477860,27054,12962,14092
81745,506704,28816,243775,18078,477888,27054,12962,14092
81750,506735,28818,243794,18079,477917,27054,12962,14092
81755,506766,28821,243809,18080,477945,27054,12962,14092
81760,506797,28823,243828,18081,477974,27054,12962,14092
81765,506828,28825,243842,18082,478003,27054,12962,14092
81770,506859,28829,243856,18084,478030,27054,12962,14092
81775,506890,28833,243869,18087,478057,27054,12962,14092
81780,506921,28838,243885,18092,478083,27054,12962,14092
81785,506952,28841,243902,18094,478111,27054,12962,14092
81790,506983,28844,243916,18096,478139,27054,12962,14092
81795,507014,28846,243929,18097,478168,27054,12962,14092
81800,507045,28848,243947,18098,478197,27054,12962,14092
81805,507076,28850,243964,18099,478226,27054,12962,14092
81810,507107,28852,243979,18101,478255,27054,12962,14092
81815,507138,28855,243999,18103,478283,27054,12962,14092
81820,507169,28857,244014,18104,478312,27054,12962,14092
81825,507200,28860,244026,18105,478340,27054,12962,14092
81830,507231,28863,244037,18106,478368,27054,12962,14092
81835,507262,28865,244047,18107,478397,27054,12962,14092
81840,507293,28868,244061,18109,478425,27054,12962,14092
81845,507324,28870,244071,18109,478454,27054,12962,14092
81850,507355,28871,244086,18109,478484,27054,12962,14092
81855,507386,28872,244098,18110,478514,27054,12962,14092
81860,507417,28873,244114,18110,478544,27054,12962,14092
81865,507448,28874,244128,18110,478574,27054,12962,14092
81870,507479,28875,244145,18110,478604,27054,12962,14092
81875,507510,28876,244160,18111,478634,27054,12962,14092
81880,507541,28877,244168,18112,478664,27054,12962,14092
81885,507572,28878,244188,18112,478694,27054,12962,14092
81890,507603,28880,244199,18113,478723,27054,12962,14092
81895,507634,28882,244213,18114,478752,27054,12962,14092
81900,507665,28884,244228,18114,478781,27054,12962,14092
81905,507696,28888,244245,18117,478808,27054,12962,14092
81910,507727,28892,244261,18120,478835,27054,12962,14092
81915,507758,28896,244278,18122,478862,27054,12962,14092
81920,507789,28900,244292,18125,478889,27054,12962,14092
81925,507820,28904,244306,18128,478916,27054,12962,14092
81930,507851,28908,244321,18131,478943,27054,12962,14092
81935,507882,28911,244334,18133,478971,27054,12962,14092
81940,507913,28913,244348,18134,479000,27054,12962,14092
81945,507944,28915,244362,18135,479029,27054,12962,14092
81950,507975,28918,244380,18138,479057,27054,12962,14092
81955,508006,28921,244394,18140,479085,27054,12962,14092
81960,508037,28922,244406,18140,479115,27054,12962,14092
81965,508068,28923,244415,18140,479145,27054,12962,14092
81970,508099,28924,244435,18141,479175,27054,12962,14092
81975,508130,28925,244450,18141,479205,27054,12962,14092
81980,508161,28926,244469,18141,479235,27054,12962,14092
81985,508192,28927,244482,18141,479265,27054,12962,14092
81990,508223,28928,244496,18142,479295,27054,12962,14092
81995,508254,28929,244512,18142,479325,27054,12962,14092
82000,508285,28930,244526,18142,479355,27054,12962,14092
82005,508316,28931,244541,18142,479385,27054,12962,14092
82010,508347,28932,244556,18142,479415,27054,12962,14092
82015,508378,28933,244573,18142,479445,27054,12962,14092
82020,508409,28934,244594,18142,479475,27054,12962,14092
82025,508440,28935,244604,18143,479505,27054,12962,14092
82030,508471,28936,244620,18144,479535,27054,12962,14092
82035,508502,28937,244636,18144,479565,27054,12962,14092
82040,508533,28940,244656,18147,479593,27054,12962,14092
82045,508564,28943,244666,18148,479621,27054,12962,14092
82050,508595,28946,244681,18150,479649,27054,12962,14092
82055,508626,28948,244701,18152,479678,27054,12962,14092
82060,508657,28950,244716,18153,479707,27054,12962,14092
82065,508688,28953,244728,18153,479735,27054,12962,14092
82070,508719,28956,244735,18153,479763,27054,12962,14092
82075,508750,28959,244752,18154,479791,27054,12962,14092
82080,508781,28962,244769,18155,479819,27054,12962,14092
82085,508812,28966,244786,18158,479846,27054,12962,14092
82090,508843,28970,244801,18160,479873,27054,12962,14092
82095,508874,28973,244818,18163,479901,27054,12962,14092
82100,508905,28977,244833,18166,479928,27054,12962,14092
82105,508936,28980,244849,18167,479956,27054,12962,14092
82110,508967,28983,244860,18168,479984,27054,12962,14092
82115,508998,28987,244876,18171,480011,27054,12962,14092
82120,509029,28991,244889,18174,480038,27054,12962,14092
82125,509060,28995,244904,18176,480065,27054,12962,14092
82130,509091,28998,244920,18178,480093,27054,12962,14092
82135,509122,29002,244939,18179,480120,27054,12962,14092
82140,509153,29005,244960,18181,480148,27054,12962,14092
82145,509184,29009,244973,18184,480175,27054,12962,14092
82150,509215,29014,244991,18187,480201,27054,12962,14092
82155,509246,29018,245004,18189,480228,27054,12962,14092
82160,509277,29022,245016,18191,480255,27054,12962,14092
82165,509308,29026,245032,18194,480282,27054,12962,14092
82170,509339,29030,245045,18196,480309,27054,12962,14092
82175,509370,29034,245061,18199,480336,27054,12962,14092
82180,509401,29036,245074,18201,480365,27054,12962,14092
82185,509432,29039,245093,18203,480393,27054,12962,14092
82190,509463,29040,245107,18203,480423,27054,12962,14092
82195,509494,29041,245120,18203,480453,27054,12962,14092
82200,509525,29042,245134,18203,480483,27054,12962,14092
82205,509556,29043,245147,18204,480513,27054,12962,14092
82210,509587,29044,245158,18204,480543,27054,12962,14092
82215,509618,29045,245171,18205,480573,27054,12962,14092
82220,509649,29047,245189,18207,480602,27054,12962,14092
82225,509680,29048,245208,18208,480632,27054,12962,14092
82230,509711,29049,245223,18208,480662,27054,12962,14092
82235,509742,29051,245234,18209,480691,27054,12962,14092
82240,509773,29052,245250,18209,480721,27054,12962,14092
82245,509804,29053,245261,18210,480751,27054,12962,14092
82250,509835,29055,245271,18211,480780,27054,12962,14092
82255,509866,29056,245285,18211,480810,27054,12962,14092
82260,509897,29057,245303,18211,480840,27054,12962,14092
82265,509928,29060,245322,18214,480868,27054,12962,14092
82270,509959,29063,245337,18215,480896,27054,12962,14092
82275,509990,29064,245352,18215,480926,27054,12962,14092
82280,510021,29066,245369,18216,480955,27054,12962,14092
82285,510052,29068,245383,18217,480984,27054,12962,14092
82290,510083,29071,245398,18219,481012,27054,12962,14092
82295,510114,29074,245413,18222,481040,27054,12962,14092
82300,510145,29076,245429,18223,481069,27054,12962,14092
82305,510176,29079,245439,18224,481097,27054,12962,14092
82310,510207,29081,245453,18224,481126,27054,12962,14092
82315,510238,29083,245469,18226,481155,27054,12962,14092
82320,510269,29085,245485,18227,481184,27054,12962,14092
82325,510300,29087,245501,18228,481213,27054,12962,14092
82330,510331,29090,245519,18229,481241,27054,12962,14092
82335,510362,29093,245536,18230,481269,27054,12962,14092
82340,510393,29096,245550,18233,481297,27054,12962,14092
82345,510424,29100,245569,18236,481324,27054,12962,14092
82350,510455,29103,245587,18238,481352,27054,12962,14092
82355,510486,29106,245602,18240,481380,27054,12962,14092
82360,510517,29109,245620,18242,481408,27054,12962,14092
82365,510548,29112,245632,18244,481436,27054,12962,14092
82370,510579,29115,245648,18246,481464,27054,12962,14092
82375,510610,29117,245664,18247,481493,27054,12962,14092
82380,510641,29122,245685,18250,481519,27054,12962,14092
82385,510672,29124,245698,18252,481548,27054,12962,14092
82390,510703,29125,245714,18252,481578,27054,12962,14092
82395,510734,29126,245729,18253,481608,27054,12962,14092
82400,510765,29127,245742,18253,481638,27054,12962,14092
82405,510796,29128,245758,18254,481668,27054,12962,14092
82410,510827,29129,245773,18254,481698,27054,12962,14092
82415,510858,29130,245790,18254,481728,27054,12962,14092
82420,510889,29131,245803,18254,481758,27054,12962,14092
82425,510920,29132,245815,18255,481788,27054,12962,14092
82430,510951,29133,245827,18256,481818,27054,12962,14092
82435,510982,29134,245837,18256,481848,27054,12962,14092
82440,511013,29135,245856,18257,481878,27054,12962,14092
82445,511044,29136,245871,18257,481908,27054,12962,14092
82450,511075,29137,245893,18258,481938,27054,12962,14092
82455,511106,29138,245903,18258,481968,27054,12962,14092
82460,511137,29139,245916,18259,481998,27054,12962,14092
82465,511168,29140,245930,18259,482028,27054,12962,14092
82470,511199,29141,245945,18259,482058,27054,12962,14092
82475,511230,29142,245957,18259,482088,27054,12962,14092
82480,511261,29143,245971,18259,482118,27054,12962,14092
82485,511292,29144,245985,18259,482148,27054,12962,14092
82490,511323,29146,245993,18259,482177,27054,12962,14092
82495,511354,29150,246009,18262,482204,27054,12962,14092
82500,511385,29154,246027,18264,482231,27054,12962,14092
82505,511416,29157,246040,18265,482259,27054,12962,14092
82510,511447,29161,246054,18267,482286,27054,12962,14092
82515,511478,29165,246070,18271,482313,27054,12962,14092
82520,511509,29168,246083,18273,482341,27054,12962,14092
82525,511540,29171,246099,18273,482369,27054,12962,14092
82530,511571,29174,246108,18273,482397,27054,12962,14092
82535,511602,29176,246125,18274,482426,27054,12962,14092
82540,511633,29178,246138,18275,482455,27054,12962,14092
82545,511664,29181,246155,18277,482483,27054,12962,14092
82550,511695,29183,246169,18279,482512,27054,12962,14092
82555,511726,29186,246187,18281,482540,27054,12962,14092
82560,511757,29189,246208,18283,482568,27054,12962,14092
82565,511788,29192,246225,18285,482596,27054,12962,14092
82570,511819,29195,246236,18286,482624,27054,12962,14092
82575,511850,29197,246252,18288,482653,27054,12962,14092
82580,511881,29199,246265,18288,482682,27054,12962,14092
82585,511912,29202,246279,18291,482710,27054,12962,14092
82590,511943,29204,246288,18293,482739,27054,12962,14092
82595,511974,29207,246301,18294,482767,27054,12962,14092
82600,512005,29210,246317,18297,482795,27054,12962,14092
82605,512036,29213,246331,18299,482823,27054,12962,14092
82610,512067,29215,246345,18299,482852,27054,12962,14092
82615,512098,29218,246359,18301,482880,27054,12962,14092
82620,512129,29219,246367,18302,482910,27054,12962,14092
82625,512160,29220,246380,18303,482940,27054,12962,14092
82630,512191,29221,246392,18304,482970,27054,12962,14092
82635,512222,29223,246407,18305,482999,27054,12962,14092
82640,512253,29225,246422,18307,483028,27054,12962,14092
82645,512284,29227,246437,18308,483057,27054,12962,14092
82650,512315,29229,246448,18309,483086,27054,12962,14092
82655,512346,29230,246461,18309,483116,27054,12962,14092
82660,512377,29231,246475,18310,483146,27054,12962,14092
82665,512408,29232,246487,18310,483176,27054,12962,14092
82670,512439,29233,246499,18311,483206,27054,12962,14092
82675,512470,29234,246518,18312,483236,27054,12962,14092
82680,512501,29235,246535,18313,483266,27054,12962,14092
82685,512532,29236,246549,18314,483296,27054,12962,14092
82690,512563,29237,246563,18314,483326,27054,12962,14092
82695,512594,29238,246578,18315,483356,27054,12962,14092
82700,512625,29239,246592,18315,483386,27054,12962,14092
82705,512656,29240,246612,18316,483416,27054,12962,14092
82710,512687,29241,246624,18317,483446,27054,12962,14092
82715,512718,29242,246640,18317,483476,27054,12962,14092
82720,512749,29244,246656,18319,483505,27054,12962,14092
82725,512780,29246,246665,18319,483534,27054,12962,14092
82730,512811,29248,246678,18320,483563,27054,12962,14092
82735,512842,29250,246690,18322,483592,27054,12962,14092
82740,512873,29252,246704,18323,483621,27054,12962,14092
82745,512904,29254,246716,18324,483650,27054,12962,14092
82750,512935,29256,246732,18325,483679,27054,12962,14092
82755,512966,29258,246750,18327,483708,27054,12962,14092
82760,512997,29260,246766,18329,483737,27054,12962,14092
82765,513028,29262,246777,18329,483766,27054,12962,14092
82770,513059,29264,246793,18330,483795,27054,12962,14092
82775,513090,29267,246813,18333,483823,27054,12962,14092
82780,513121,29269,246830,18335,483852,27054,12962,14092
82785,513152,29271,246843,18337,483881,27054,12962,14092
82790,513183,29272,246861,18337,483911,27054,12962,14092
82795,513214,29274,246881,18338,483940,27054,12962,14092
82800,513245,29276,246893,18339,483969,27054,12962,14092
82805,513276,29279,246907,18341,483997,27054,12962,14092
82810,513307,29281,246925,18343,484026,27054,12962,14092
82815,513338,29281,246937,18343,484057,27054,12962,14092
82820,513369,29281,246953,18343,484088,27054,12962,14092
82825,513400,29281,246967,18343,484119,27054,12962,14092
82830,513431,29281,246979,18343,484150,27054,12962,14092
82835,513462,29281,246993,18343,484181,27054,12962,14092
82840,513493,29281,247005,18343,484212,27054,12962,14092
82845,513524,29281,247020,18343,484243,27054,12962,14092
82850,513555,29281,247036,18343,484274,27054,12962,14092
82855,513586,29281,247053,18343,484305,27054,12962,14092
82860,513617,29281,247069,18343,484336,27054,12962,14092
82865,513648,29281,247086,18343,484367,27054,12962,14092
82870,513679,29281,247101,18343,484398,27054,12962,14092
82875,513710,29281,247114,18343,484429,27054,12962,14092
82880,513741,29281,247125,18343,484460,27054,12962,14092
82885,513772,29282,247139,18344,484490,27054,12962,14092
82890,513803,29283,247156,18345,484520,27054,12962,14092
82895,513834,29284,247172,18345,484550,27054,12962,14092
82900,513865,29285,247187,18345,484580,27054,12962,14092
82905,513896,29286,247202,18346,484610,27054,12962,14092
82910,513927,29287,247216,18346,484640,27054,12962,14092
82915,513958,29288,247229,18347,484670,27054,12962,14092
82920,513989,29290,247244,18348,484699,27054,12962,14092
82925,514020,29292,247258,18349,484728,27054,12962,14092
82930,514051,29295,247276,18351,484756,27054,12962,14092
82935,514082,29298,247294,18353,484784,27054,12962,14092
82940,514113,29301,247311,18355,484812,27054,12962,14092
82945,514144,29304,247330,18357,484840,27054,12962,14092
82950,514175,29307,247343,18358,484868,27054,12962,14092
82955,514206,29310,247355,18360,484896,27054,12962,14092
82960,514237,29314,247371,18362,484923,27054,12962,14092
82965,514268,29317,247388,18363,484951,27054,12962,14092
82970,514299,29320,247405,18364,484979,27054,12962,14092
82975,514330,29323,247420,18366,485007,27054,12962,14092
82980,514361,29325,247432,18367,485036,27054,12962,14092
82985,514392,29327,247443,18369,485065,27054,12962,14092
82990,514423,29329,247459,18371,485094,27054,12962,14092
82995,514454,29331,247479,18373,485123,27054,12962,14092
83000,514485,29333,247498,18375,485152,27054,12962,14092
83005,514516,29335,247512,18376,485181,27054,12962,14092
83010,514547,29336,247527,18376,485211,27054,12962,14092
83015,514578,29337,247545,18377,485241,27054,12962,14092
83020,514609,29338,247560,18377,485271,27054,12962,14092
83025,514640,29339,247571,18377,485301,27054,12962,14092
83030,514671,29340,247587,18378,485331,27054,12962,14092
83035,514702,29341,247602,18379,485361,27054,12962,14092
83040,514733,29342,247618,18380,485391,27054,12962,14092
83045,514764,29343,247636,18380,485421,27054,12962,14092
83050,514795,29344,247652,18381,485451,27054,12962,14092
83055,514826,29345,247664,18381,485481,27054,12962,14092
83060,514857,29346,247675,18381,485511,27054,12962,14092
83065,514888,29347,247692,18381,485541,27054,12962,14092
83070,514919,29348,247711,18381,485571,27054,12962,14092
83075,514950,29349,247723,18381,485601,27054,12962,14092
83080,514981,29350,247738,18381,485631,27054,12962,14092
83085,515012,29351,247756,18382,485661,27054,12962,14092
83090,515043,29353,247771,18382,485690,27054,12962,14092
83095,515074,29355,247788,18383,485719,27054,12962,14092
83100,515105,29357,247802,18385,485748,27054,12962,14092
83105,515136,29359,247814,18386,485777,27054,12962,14092
83110,515167,29361,247832,18388,485806,27054,12962,14092
83115,515198,29363,247846,18388,485835,27054,12962,14092
83120,515229,29365,247862,18390,485864,27054,12962,14092
83125,515260,29367,247880,18391,485893,27054,12962,14092
83130,515291,29370,247899,18393,485921,27054,12962,14092
83135,515322,29373,247913,18395,485949,27054,12962,14092
83140,515353,29376,247929,18398,485977,27054,12962,14092
83145,515384,29378,247949,18400,486006,27054,12962,14092
83150,515415,29380,247967,18401,486035,27054,12962,14092
83155,515446,29382,247984,18402,486064,27054,12962,14092
83160,515477,29385,248001,18403,486092,27054,12962,14092
83165,515508,29387,248018,18405,486121,27054,12962,14092
83170,515539,29389,248027,18407,486150,27054,12962,14092
83175,515570,29393,248042,18409,486177,27054,12962,14092
83180,515601,29395,248058,18410,486206,27054,12962,14092
83185,515632,29398,248078,18412,486234,27054,12962,14092
83190,515663,29402,248094,18416,486261,27054,12962,14092
83195,515694,29405,248107,18417,486289,27054,12962,14092
83200,515725,29408,248120,18419,486317,27054,12962,14092
83205,515756,29411,248135,18422,486345,27054,12962,14092
83210,515787,29412,248149,18423,486375,27054,12962,14092
83215,515818,29413,248165,18423,486405,27054,12962,14092
83220,515849,29414,248175,18423,486435,27054,12962,14092
83225,515880,29415,248191,18424,486465,27054,12962,14092
83230,515911,29416,248202,18425,486495,27054,12962,14092
83235,515942,29417,248217,18426,486525,27054,12962,14092
83240,515973,29419,248232,18427,486554,27054,12962,14092
83245,516004,29419,248254,18427,486585,27054,12962,14092
83250,516035,29419,248265,18427,486616,27054,12962,14092
83255,516066,29419,248281,18427,486647,27054,12962,14092
83260,516097,29419,248292,18427,486678,27054,12962,14092
83265,516128,29419,248303,18427,486709,27054,12962,14092
83270,516159,29419,248314,18427,486740,27054,12962,14092
83275,516190,29419,248331,18427,486771,27054,12962,14092
83280,516221,29419,248346,18427,486802,27054,12962,14092
83285,516252,29419,248361,18427,486833,27054,12962,14092
83290,516283,29419,248375,18427,486864,27054,12962,14092
83295,516314,29419,248389,18427,486895,27054,12962,14092
83300,516345,29419,248402,18427,486926,27054,12962,14092
83305,516376,29419,248420,18427,486957,27054,12962,14092
83310,516407,29419,248435,18427,486988,27054,12962,14092
83315,516438,29420,248452,18428,487018,27054,12962,14092
83320,516469,29421,248470,18428,487048,27054,12962,14092
83325,516500,29422,248484,18428,487078,27054,12962,14092
83330,516531,29423,248499,18429,487108,27054,12962,14092
83335,516562,29424,248521,18429,487138,27054,12962,14092
83340,516593,29425,248537,18430,487168,27054,12962,14092
83345,516624,29426,248550,18430,487198,27054,12962,14092
83350,516655,29428,248565,18431,487227,27054,12962,14092
83355,516686,29430,248581,18433,487256,27054,12962,14092
83360,516717,29432,248598,18433,487285,27054,12962,14092
83365,516748,29434,248609,18435,487314,27054,12962,14092
83370,516779,29437,248628,18437,487342,27054,12962,14092
83375,516810,29439,248641,18437,487371,27054,12962,14092
83380,516841,29441,248654,18438,487400,27054,12962,14092
83385,516872,29443,248671,18438,487429,27054,12962,14092
83390,516903,29445,248684,18439,487458,27054,12962,14092
83395,516934,29447,248704,18440,487487,27054,12962,14092
83400,516965,29449,248720,18441,487516,27054,12962,14092
83405,516996,29451,248737,18441,487545,27054,12962,14092
83410,517027,29453,248750,18442,487574,27054,12962,14092
83415,517058,29455,248764,18442,487603,27054,12962,14092
83420,517089,29457,248779,18443,487632,27054,12962,14092
83425,517120,29459,248793,18443,487661,27054,12962,14092
83430,517151,29461,248811,18443,487690,27054,12962,14092
83435,517182,29463,248824,18444,487719,27054,12962,14092
83440,517213,29465,248843,18445,487748,27054,12962,14092
83445,517244,29467,248861,18446,487777,27054,12962,14092
83450,517275,29469,248880,18446,487806,27054,12962,14092
83455,517306,29471,248894,18447,487835,27054,12962,14092
83460,517337,29473,248909,18448,487864,27054,12962,14092
83465,517368,29475,248921,18449,487893,27054,12962,14092
83470,517399,29477,248937,18449,487922,27054,12962,14092
83475,517430,29479,248951,18449,487951,27054,12962,14092
83480,517461,29481,248965,18450,487980,27054,12962,14092
83485,517492,29483,248983,18452,488009,27054,12962,14092
83490,517523,29485,248995,18453,488038,27054,12962,14092
83495,517554,29487,249009,18454,488067,27054,12962,14092
83500,517585,29489,249023,18455,488096,27054,12962,14092
83505,517616,29491,249035,18457,488125,27054,12962,14092
83510,517647,29493,249052,18459,488154,27054,12962,14092
83515,517678,29495,249068,18461,488183,27054,12962,14092
83520,517709,29497,249082,18461,488212,27054,12962,14092
83525,517740,29499,249099,18462,488241,27054,12962,14092
83530,517771,29501,249114,18464,488270,27054,12962,14092
83535,517802,29503,249124,18465,488299,27054,12962,14092
83540,517833,29505,249139,18467,488328,27054,12962,14092
83545,517864,29507,249152,18468,488357,27054,12962,14092
83550,517895,29509,249168,18469,488386,27054,12962,14092
83555,517926,29511,249185,18470,488415,27054,12962,14092
83560,517957,29513,249196,18470,488444,27054,12962,14092
83565,517988,29515,249214,18471,488473,27054,12962,14092
83570,518019,29517,249231,18473,488502,27054,12962,14092
83575,518050,29519,249246,18474,488531,27054,12962,14092
83580,518081,29521,249262,18475,488560,27054,12962,14092
83585,518112,29523,249278,18477,488589,27054,12962,14092
83590,518143,29525,249291,18478,488618,27054,12962,14092
83595,518174,29527,249305,18479,488647,27054,12962,14092
83600,518205,29529,249316,18480,488676,27054,12962,14092
83605,518236,29531,249329,18482,488705,27054,12962,14092
83610,518267,29533,249343,18483,488734,27054,12962,14092
83615,518298,29535,249360,18483,488763,27054,12962,14092
83620,518329,29537,249373,18484,488792,27054,12962,14092
83625,518360,29539,249383,18484,488821,27054,12962,14092
83630,518391,29541,249395,18484,488850,27054,12962,14092
83635,518422,29543,249409,18485,488879,27054,12962,14092
83640,518453,29545,249423,18486,488908,27054,12962,14092
83645,518484,29547,249436,18486,488937,27054,12962,14092
83650,518515,29549,249455,18487,488966,27054,12962,14092
83655,518546,29551,249473,18488,488995,27054,12962,14092
83660,518577,29553,249486,18489,489024,27054,12962,14092
83665,518608,29555,249505,18490,489053,27054,12962,14092
83670,518639,29557,249520,18492,489082,27054,12962,14092
83675,518670,29559,249537,18493,489111,27054,12962,14092
83680,518701,29561,249554,18495,489140,27054,12962,14092
83685,518732,29563,249570,18497,489169,27054,12962,14092
83690,518763,29565,249584,18497,489198,27054,12962,14092
83695,518794,29567,249597,18499,489227,27054,12962,14092
83700,518825,29569,249609,18499,489256,27054,12962,14092
83705,518856,29570,249619,18499,489286,27054,12962,14092
83710,518887,29571,249632,18499,489316,27054,12962,14092
83715,518918,29572,249651,18499,489346,27054,12962,14092
83720,518949,29573,249669,18500,489376,27054,12962,14092
83725,518980,29574,249683,18501,489406,27054,12962,14092
83730,519011,29575,249695,18502,489436,27054,12962,14092
83735,519042,29576,249715,18503,489466,27054,12962,14092
83740,519073,29577,249733,18504,489496,27054,12962,14092
83745,519104,29578,249754,18505,489526,27054,12962,14092
83750,519135,29579,249769,18506,489556,27054,12962,14092
83755,519166,29580,249782,18506,489586,27054,12962,14092
83760,519197,29581,249798,18506,489616,27054,12962,14092
83765,519228,29582,249810,18506,489646,27054,12962,14092
83770,519259,29583,249826,18506,489676,27054,12962,14092
83775,519290,29584,249840,18507,489706,27054,12962,14092
83780,519321,29585,249850,18507,489736,27054,12962,14092
83785,519352,29586,249866,18508,489766,27054,12962,14092
83790,519383,29587,249881,18508,489796,27054,12962,14092
83795,519414,29588,249896,18509,489826,27054,12962,14092
83800,519445,29589,249911,18509,489856,27054,12962,14092
83805,519476,29590,249924,18509,489886,27054,12962,14092
83810,519507,29592,249940,18510,489915,27054,12962,14092
83815,519538,29594,249955,18511,489944,27054,12962,14092
83820,519569,29596,249971,18511,489973,27054,12962,14092
83825,519600,29598,249986,18512,490002,27054,12962,14092
83830,519631,29600,249999,18514,490031,27054,12962,14092
83835,519662,29602,250014,18515,490060,27054,12962,14092
83840,519693,29604,250027,18515,490089,27054,12962,14092
83845,519724,29606,250040,18516,490118,27054,12962,14092
83850,519755,29608,250054,18518,490147,27054,12962,14092
83855,519786,29610,250069,18518,490176,27054,12962,14092
83860,519817,29612,250084,18519,490205,27054,12962,14092
83865,519848,29614,250101,18521,490234,27054,12962,14092
83870,519879,29616,250120,18522,490263,27054,12962,14092
83875,519910,29618,250137,18523,490292,27054,12962,14092
83880,519941,29620,250150,18525,490321,27054,12962,14092
83885,519972,29622,250167,18526,490350,27054,12962,14092
83890,520003,29624,250181,18527,490379,27054,12962,14092
83895,520034,29626,250198,18527,490408,27054,12962,14092
83900,520065,29628,250209,18528,490437,27054,12962,14092
83905,520096,29630,250227,18529,490466,27054,12962,14092
83910,520127,29632,250241,18530,490495,27054,12962,14092
83915,520158,29634,250256,18531,490524,27054,12962,14092
83920,520189,29636,250267,18533,490553,27054,12962,14092
83925,520220,29638,250284,18535,490582,27054,12962,14092
83930,520251,29640,250297,18537,490611,27054,12962,14092
83935,520282,29642,250307,18537,490640,27054,12962,14092
83940,520313,29644,250325,18537,490669,27054,12962,14092
83945,520344,29645,250336,18538,490699,27054,12962,14092
83950,520375,29646,250353,18538,490729,27054,12962,14092
83955,520406,29647,250365,18538,490759,27054,12962,14092
83960,520437,29648,250379,18539,490789,27054,12962,14092
83965,520468,29649,250398,18539,490819,27054,12962,14092
83970,520499,29650,250412,18539,490849,27054,12962,14092
83975,520530,29651,250424,18539,490879,27054,12962,14092
83980,520561,29652,250440,18540,490909,27054,12962,14092
83985,520592,29653,250458,18541,490939,27054,12962,14092
83990,520623,29654,250472,18542,490969,27054,12962,14092
83995,520654,29655,250487,18543,490999,27054,12962,14092
84000,520685,29656,250503,18544,491029,27054,12962,14092
84005,520716,29657,250518,18544,491059,27054,12962,14092
84010,520747,29658,250536,18545,491089,27054,12962,14092
84015,520778,29659,250547,18545,491119,27054,12962,14092
84020,520809,29660,250560,18545,491149,27054,12962,14092
84025,520840,29661,250573,18546,491179,27054,12962,14092
84030,520871,29662,250586,18547,491209,27054,12962,14092
84035,520902,29663,250599,18547,491239,27054,12962,14092
84040,520933,29664,250613,18548,491269,27054,12962,14092
84045,520964,29666,250625,18549,491298,27054,12962,14092
84050,520995,29668,250643,18550,491327,27054,12962,14092
84055,521026,29670,250658,18552,491356,27054,12962,14092
84060,521057,29672,250677,18554,491385,27054,12962,14092
84065,521088,29674,250693,18554,491414,27054,12962,14092
84070,521119,29676,250706,18555,491443,27054,12962,14092
84075,521150,29678,250720,18557,491472,27054,12962,14092
84080,521181,29680,250736,18558,491501,27054,12962,14092
84085,521212,29682,250750,18558,491530,27054,12962,14092
84090,521243,29684,250764,18559,491559,27054,12962,14092
84095,521274,29686,250784,18560,491588,27054,12962,14092
84100,521305,29688,250799,18560,491617,27054,12962,14092
84105,521336,29690,250815,18562,491646,27054,12962,14092
84110,521367,29692,250833,18564,491675,27054,12962,14092
84115,521398,29694,250851,18564,491704,27054,12962,14092
84120,521429,29696,250865,18564,491733,27054,12962,14092
84125,521460,29698,250882,18565,491762,27054,12962,14092
84130,521491,29700,250897,18566,491791,27054,12962,14092
84135,521522,29702,250914,18567,491820,27054,12962,14092
84140,521553,29704,250926,18568,491849,27054,12962,14092
84145,521584,29706,250944,18570,491878,27054,12962,14092
84150,521615,29708,250955,18570,491907,27054,12962,14092
84155,521646,29710,250970,18571,491936,27054,12962,14092
84160,521677,29712,250981,18572,491965,27054,12962,14092
84165,521708,29714,250997,18574,491994,27054,12962,14092
84170,521739,29716,251010,18575,492023,27054,12962,14092
84175,521770,29718,251025,18576,492052,27054,12962,14092
84180,521801,29720,251035,18576,492081,27054,12962,14092
84185,521832,29722,251052,18578,492110,27054,12962,14092
84190,521863,29724,251066,18579,492139,27054,12962,14092
84195,521894,29726,251081,18580,492168,27054,12962,14092
84200,521925,29728,251097,18581,492197,27054,12962,14092
84205,521956,29730,251112,18581,492226,27054,12962,14092
84210,521987,29732,251129,18583,492255,27054,12962,14092
84215,522018,29734,251145,18583,492284,27054,12962,14092
84220,522049,29736,251161,18584,492313,27054,12962,14092
84225,522080,29738,251180,18586,492342,27054,12962,14092
84230,522111,29740,251193,18587,492371,27054,12962,14092
84235,522142,29742,251210,18588,492400,27054,12962,14092
84240,522173,29744,251221,18589,492429,27054,12962,14092
84245,522204,29745,251233,18590,492459,27054,12962,14092
84250,522235,29746,251249,18590,492489,27054,12962,14092
84255,522266,29747,251266,18590,492519,27054,12962,14092
84260,522297,29748,251280,18590,492549,27054,12962,14092
84265,522328,29749,251297,18591,492579,27054,12962,14092
84270,522359,29750,251309,18592,492609,27054,12962,14092
84275,522390,29751,251326,18592,492639,27054,12962,14092
84280,522421,29752,251340,18592,492669,27054,12962,14092
84285,522452,29753,251351,18593,492699,27054,12962,14092
84290,522483,29754,251371,18594,492729,27054,12962,14092
84295,522514,29755,251384,18594,492759,27054,12962,14092
84300,522545,29756,251396,18595,492789,27054,12962,14092
84305,522576,29757,251415,18595,492819,27054,12962,14092
84310,522607,29758,251429,18596,492849,27054,12962,14092
84315,522638,29759,251443,18596,492879,27054,12962,14092
84320,522669,29760,251457,18597,492909,27054,12962,14092
84325,522700,29761,251476,18598,492939,27054,12962,14092
84330,522731,29762,251490,18598,492969,27054,12962,14092
84335,522762,29763,251513,18598,492999,27054,12962,14092
84340,522793,29764,251531,18598,493029,27054,12962,14092
84345,522824,29765,251548,18599,493059,27054,12962,14092
84350,522855,29767,251563,18600,493088,27054,12962,14092
84355,522886,29769,251581,18602,493117,27054,12962,14092
84360,522917,29771,251597,18603,493146,27054,12962,14092
84365,522948,29773,251612,18603,493175,27054,12962,14092
84370,522979,29775,251627,18603,493204,27054,12962,14092
84375,523010,29777,251644,18605,493233,27054,12962,14092
84380,523041,29779,251662,18607,493262,27054,12962,14092
84385,523072,29781,251679,18607,493291,27054,12962,14092
84390,523103,29783,251695,18608,493320,27054,12962,14092
84395,523134,29785,251714,18610,493349,27054,12962,14092
84400,523165,29787,251727,18612,493378,27054,12962,14092
84405,523196,29789,251740,18613,493407,27054,12962,14092
84410,523227,29791,251748,18615,493436,27054,12962,14092
84415,523258,29793,251760,18617,493465,27054,12962,14092
84420,523289,29795,251774,18617,493494,27054,12962,14092
84425,523320,29797,251794,18618,493523,27054,12962,14092
84430,523351,29799,251809,18618,493552,27054,12962,14092
84435,523382,29801,251819,18620,493581,27054,12962,14092
84440,523413,29803,251831,18620,493610,27054,12962,14092
84445,523444,29805,251839,18620,493639,27054,12962,14092
84450,523475,29807,251851,18620,493668,27054,12962,14092
84455,523506,29809,251866,18620,493697,27054,12962,14092
84460,523537,29811,251880,18620,493726,27054,12962,14092
84465,523568,29813,251896,18621,493755,27054,12962,14092
84470,523599,29815,251914,18622,493784,27054,12962,14092
84475,523630,29817,251929,18624,493813,27054,12962,14092
84480,523661,29819,251944,18625,493842,27054,12962,14092
84485,523692,29821,251958,18626,493871,27054,12962,14092
84490,523723,29823,251972,18628,493900,27054,12962,14092
84495,523754,29825,251985,18629,493929,27054,12962,14092
84500,523785,29827,251999,18629,493958,27054,12962,14092
84505,523816,29829,252013,18630,493987,27054,12962,14092
84510,523847,29831,252028,18631,494016,27054,12962,14092
84515,523878,29833,252043,18633,494045,27054,12962,14092
84520,523909,29835,252060,18635,494074,27054,12962,14092
84525,523940,29837,252077,18636,494103,27054,12962,14092
84530,523971,29839,252088,18638,494132,27054,12962,14092
84535,524002,29841,252101,18638,494161,27054,12962,14092
84540,524033,29843,252114,18639,494190,27054,12962,14092
84545,524064,29845,252129,18640,494219,27054,12962,14092
84550,524095,29847,252146,18641,494248,27054,12962,14092
84555,524126,29849,252165,18642,494277,27054,12962,14092
84560,524157,29851,252181,18643,494306,27054,12962,14092
84565,524188,29853,252196,18644,494335,27054,12962,14092
84570,524219,29855,252208,18645,494364,27054,12962,14092
84575,524250,29857,252219,18645,494393,27054,12962,14092
84580,524281,29859,252233,18647,494422,27054,12962,14092
84585,524312,29861,252250,18648,494451,27054,12962,14092
84590,524343,29863,252265,18649,494480,27054,12962,14092
84595,524374,29865,252274,18649,494509,27054,12962,14092
84600,524405,29867,252290,18650,494538,27054,12962,14092
84605,524436,29868,252303,18651,494568,27054,12962,14092
84610,524467,29869,252316,18651,494598,27054,12962,14092
84615,524498,29870,252335,18651,494628,27054,12962,14092
84620,524529,29871,252350,18651,494658,27054,12962,14092
84625,524560,29872,252362,18651,494688,27054,12962,14092
84630,524591,29873,252381,18652,494718,27054,12962,14092
84635,524622,29874,252392,18652,494748,27054,12962,14092
84640,524653,29875,252406,18653,494778,27054,12962,14092
84645,524684,29876,252425,18654,494808,27054,12962,14092
84650,524715,29877,252439,18655,494838,27054,12962,14092
84655,524746,29878,252451,18655,494868,27054,12962,14092
84660,524777,29879,252462,18655,494898,27054,12962,14092
84665,524808,29880,252475,18655,494928,27054,12962,14092
84670,524839,29881,252490,18655,494958,27054,12962,14092
84675,524870,29882,252501,18655,494988,27054,12962,14092
84680,524901,29883,252516,18656,495018,27054,12962,14092
84685,524932,29884,252532,18657,495048,27054,12962,14092
84690,524963,29885,252545,18658,495078,27054,12962,14092
84695,524994,29886,252561,18659,495108,27054,12962,14092
84700,525025,29887,252579,18659,495138,27054,12962,14092
