Time,  Packets Generated,  Packets Reached,High Priority Packets Generated, High Priority Packets reached, Packet Dropped, Packet Dropped due to Faulty Node, High Prio Packet Dropped due to Faulty Node, Low Prio Packet Dropped due to Faulty Node 
5,1,1,1,1,0,0,0,0
10,6,3,5,2,3,3,3,0
15,8,3,6,2,4,4,4,0
20,16,7,10,3,8,8,6,2
25,20,10,11,5,10,10,6,4
30,30,15,16,7,15,15,9,6
35,36,15,19,7,19,19,11,8
40,47,20,23,10,26,26,13,13
45,51,23,27,12,28,28,15,13
50,61,28,30,14,33,33,16,17
55,67,28,32,14,37,37,18,19
60,78,33,36,15,44,44,21,23
65,82,36,37,15,45,45,22,23
70,92,42,43,18,50,50,25,25
75,98,42,44,18,54,54,26,28
80,109,47,50,21,59,59,28,31
85,113,52,54,24,60,60,29,31
90,123,58,59,27,65,65,32,33
95,129,58,63,27,69,69,35,34
100,140,63,68,30,74,74,37,37
105,144,68,70,32,75,75,38,37
110,154,74,75,35,80,80,40,40
115,160,74,79,35,84,84,44,40
120,171,79,85,37,89,89,46,43
125,175,83,88,40,91,90,47,43
130,185,87,94,44,96,93,50,43
135,191,87,95,44,102,96,50,46
140,202,91,101,47,109,100,52,48
145,206,94,104,50,111,101,53,48
150,216,99,107,53,116,104,53,51
155,222,99,110,53,120,107,54,53
160,233,105,113,56,126,111,55,56
165,237,109,115,59,128,112,56,56
170,247,113,120,61,133,115,58,57
175,253,113,123,61,137,118,59,59
180,264,119,131,66,142,122,62,60
185,268,120,132,67,148,123,63,60
190,278,120,137,67,158,127,65,62
195,284,120,138,67,164,130,65,65
200,295,122,144,69,173,133,67,66
205,299,122,145,69,177,135,68,67
210,309,122,151,69,187,138,70,68
215,315,122,156,69,192,141,72,69
220,326,124,161,71,202,145,74,71
225,330,124,163,71,206,146,75,71
230,340,124,170,71,216,149,78,71
235,346,124,172,71,221,152,79,73
240,357,125,177,71,231,156,82,74
245,361,125,178,71,236,158,84,74
250,371,125,183,71,246,160,85,75
255,377,125,186,71,252,163,88,75
260,388,128,193,73,259,166,89,77
265,392,129,194,74,263,167,89,78
270,402,129,200,74,273,169,91,78
275,408,129,200,74,279,172,91,81
280,419,130,205,75,289,175,92,83
285,423,130,206,75,293,176,93,83
290,433,131,210,76,302,179,94,85
295,439,131,212,76,308,182,95,87
300,450,133,218,78,316,185,96,89
305,454,134,221,79,320,185,96,89
310,464,134,223,79,330,187,97,90
315,470,134,225,79,336,189,98,91
320,481,134,227,79,347,192,98,94
325,485,134,228,79,351,192,98,94
330,495,134,231,79,361,194,99,95
335,501,134,234,79,367,196,99,97
340,512,134,241,79,378,199,102,97
345,516,134,242,79,382,199,102,97
350,526,135,245,79,391,202,102,100
355,532,135,247,79,396,204,102,102
360,543,136,252,80,406,207,103,104
365,547,136,253,80,411,208,104,104
370,557,137,255,80,420,209,104,105
375,563,137,257,80,426,211,105,106
380,574,137,261,80,437,213,105,108
385,578,137,264,80,441,213,105,108
390,588,138,270,81,450,214,105,109
395,594,138,274,81,455,216,106,110
400,605,139,281,82,466,218,108,110
405,609,139,283,82,470,219,108,111
410,619,140,286,82,478,220,108,112
415,625,141,290,83,483,223,110,113
420,636,142,296,84,493,225,112,113
425,640,144,297,86,496,225,112,113
430,650,145,302,86,505,227,113,114
435,656,145,306,86,510,228,113,115
440,667,148,312,89,519,229,113,116
445,671,149,315,90,522,229,113,116
450,681,150,322,91,531,230,113,117
455,687,150,325,91,536,231,113,118
460,698,154,333,95,544,232,113,119
465,702,154,335,95,548,232,113,119
470,712,156,340,96,556,234,113,121
475,718,156,344,96,561,236,115,121
480,729,159,350,99,568,237,115,122
485,733,159,353,99,574,237,115,122
490,743,159,357,99,584,238,116,122
495,749,159,360,99,590,239,116,123
500,760,159,365,99,601,240,116,124
505,764,159,368,99,605,240,116,124
510,774,159,374,99,615,241,117,124
515,780,159,375,99,621,242,117,125
520,791,159,380,99,632,243,117,126
525,795,159,381,99,636,243,117,126
530,805,159,384,99,646,244,117,127
535,811,159,385,99,652,245,117,128
540,822,159,389,99,663,246,118,128
545,826,159,390,99,667,246,118,128
550,836,159,392,99,677,248,119,129
555,842,159,396,99,683,249,120,129
560,853,161,401,100,692,250,121,129
565,857,161,402,100,696,250,121,129
570,867,161,407,100,706,252,121,131
575,873,161,410,100,712,253,121,132
580,884,163,417,102,721,254,121,133
585,888,163,418,102,725,254,121,133
590,898,163,422,102,735,258,123,135
595,904,163,425,102,741,262,126,136
600,915,165,431,103,748,265,128,137
605,919,165,433,103,754,266,129,137
610,929,166,437,104,763,267,129,138
615,935,166,440,104,769,268,130,138
620,946,166,446,104,780,269,130,139
625,950,166,448,104,784,269,130,139
630,960,167,454,105,793,270,130,140
635,966,167,458,105,799,271,131,140
640,977,167,461,105,810,272,131,141
645,981,167,462,105,814,272,131,141
650,991,168,467,106,823,273,131,142
655,997,168,471,106,829,274,132,142
660,1008,168,478,106,840,275,132,143
665,1012,168,479,106,844,275,132,143
670,1022,169,483,107,853,276,133,143
675,1028,169,486,107,859,277,134,143
680,1039,169,492,107,870,277,134,143
685,1043,169,494,107,874,277,134,143
690,1053,170,497,107,883,278,134,144
695,1059,170,501,107,889,279,135,144
700,1070,170,509,107,900,279,135,144
705,1074,171,511,108,903,279,135,144
710,1084,173,515,109,911,282,135,147
715,1090,173,515,109,917,285,135,150
720,1101,175,520,111,926,286,136,150
725,1105,176,523,112,929,287,137,150
730,1115,177,527,113,938,288,137,151
735,1121,177,533,113,944,290,139,151
740,1132,179,539,114,952,292,141,151
745,1136,181,543,116,955,293,142,151
750,1146,182,548,116,964,294,142,152
755,1152,182,551,116,970,296,143,153
760,1163,183,556,116,980,297,144,153
765,1167,184,560,117,983,298,145,153
770,1177,185,565,118,992,299,145,154
775,1183,185,567,118,998,301,146,155
780,1194,187,571,120,1006,302,146,156
785,1198,188,573,121,1010,303,147,156
790,1208,189,579,122,1019,304,147,157
795,1214,189,581,122,1025,306,147,159
800,1225,190,585,123,1035,306,147,159
805,1229,190,587,123,1039,307,147,160
810,1239,191,593,124,1048,308,148,160
815,1245,191,594,124,1054,310,148,162
820,1256,192,598,124,1064,310,148,162
825,1260,192,600,124,1068,311,149,162
830,1270,193,607,125,1077,314,151,163
835,1276,193,609,125,1083,317,152,165
840,1287,196,615,128,1091,319,153,166
845,1291,196,616,128,1095,319,153,166
850,1301,196,619,128,1105,320,153,167
855,1307,196,622,128,1111,321,153,168
860,1318,197,627,129,1121,321,153,168
865,1322,197,628,129,1125,321,153,168
870,1332,197,631,129,1135,322,153,169
875,1338,197,634,129,1141,323,153,170
880,1349,198,639,129,1151,323,153,170
885,1353,198,640,129,1155,323,153,170
890,1363,198,648,129,1165,324,154,170
895,1369,198,650,129,1171,325,154,171
900,1380,199,656,130,1181,326,154,172
905,1384,199,659,130,1185,326,154,172
910,1394,199,662,130,1195,327,155,172
915,1400,199,665,130,1201,328,156,172
920,1411,199,671,130,1212,330,157,173
925,1415,199,673,130,1216,330,157,173
930,1425,199,678,130,1226,331,157,174
935,1431,199,682,130,1232,332,157,175
940,1442,199,687,130,1243,334,157,177
945,1446,199,689,130,1247,334,157,177
950,1456,199,693,130,1256,336,158,178
955,1462,199,697,130,1263,338,159,179
960,1473,199,701,130,1274,340,160,180
965,1477,199,701,130,1278,340,160,180
970,1487,199,706,130,1288,342,161,181
975,1493,199,710,130,1294,344,163,181
980,1504,199,717,130,1304,345,163,182
985,1508,199,720,130,1309,345,163,182
990,1518,199,726,130,1319,347,164,183
995,1524,199,727,130,1325,348,164,184
1000,1535,199,732,130,1336,349,165,184
1005,1539,199,735,130,1340,349,165,184
1010,1549,202,740,133,1347,350,165,185
1015,1555,202,743,133,1352,351,166,185
1020,1566,205,747,135,1361,353,168,185
1025,1570,206,750,136,1364,354,169,185
1030,1580,207,752,136,1373,355,169,186
1035,1586,207,754,136,1379,356,169,187
1040,1597,208,760,137,1388,357,170,187
1045,1601,210,763,139,1391,358,170,188
1050,1611,211,766,139,1400,359,170,189
1055,1617,211,769,139,1406,360,170,190
1060,1628,212,774,140,1415,361,171,190
1065,1632,214,777,142,1418,362,172,190
1070,1642,215,781,142,1427,364,173,191
1075,1648,215,785,142,1433,365,174,191
1080,1659,217,792,143,1441,367,176,191
1085,1663,218,794,144,1445,367,176,191
1090,1673,219,799,144,1454,369,178,191
1095,1679,219,803,144,1460,371,180,191
1100,1690,220,809,144,1470,373,180,193
1105,1694,220,809,144,1474,373,180,193
1110,1704,222,813,146,1482,375,180,195
1115,1710,222,816,146,1487,377,180,197
1120,1721,224,822,148,1497,379,180,199
1125,1725,225,824,149,1500,379,180,199
1130,1735,226,829,149,1509,381,182,199
1135,1741,226,832,149,1514,383,183,200
1140,1752,229,838,151,1523,386,185,201
1145,1756,229,839,151,1527,386,185,201
1150,1766,229,843,151,1537,387,185,202
1155,1772,229,844,151,1543,388,185,203
1160,1783,230,846,151,1553,391,186,205
1165,1787,230,847,151,1557,391,186,205
1170,1797,230,853,151,1567,392,186,206
1175,1803,230,856,151,1573,393,187,206
1180,1814,232,860,153,1582,396,189,207
1185,1818,233,864,154,1585,396,189,207
1190,1828,233,870,154,1595,397,189,208
1195,1834,233,874,154,1600,398,190,208
1200,1845,235,876,155,1609,401,190,211
1205,1849,236,879,156,1613,401,190,211
1210,1859,236,886,156,1623,402,191,211
1215,1865,236,888,156,1629,403,191,212
1220,1876,237,895,157,1639,403,191,212
1225,1880,237,895,157,1643,403,191,212
1230,1890,237,900,157,1653,404,191,213
1235,1896,237,902,157,1659,405,191,214
1240,1907,238,911,158,1669,405,191,214
1245,1911,238,914,158,1673,405,191,214
1250,1921,239,920,158,1682,407,192,215
1255,1927,239,925,158,1688,408,193,215
1260,1938,240,929,159,1698,408,193,215
1265,1942,240,932,159,1702,408,193,215
1270,1952,241,937,160,1711,409,194,215
1275,1958,241,940,160,1717,410,194,216
1280,1969,242,946,160,1727,411,194,217
1285,1973,243,947,161,1730,411,194,217
1290,1983,244,951,162,1739,412,194,218
1295,1989,244,953,162,1745,413,194,219
1300,2000,245,956,162,1755,414,194,220
1305,2004,246,958,163,1758,414,194,220
1310,2014,247,960,163,1767,415,194,221
1315,2020,247,963,163,1773,417,195,222
1320,2031,250,972,166,1781,419,197,222
1325,2035,250,972,166,1785,419,197,222
1330,2045,251,980,166,1794,421,199,222
1335,2051,251,983,166,1800,422,199,223
1340,2062,251,989,166,1811,423,199,224
1345,2066,251,991,166,1815,423,199,224
1350,2076,252,994,167,1824,424,199,225
1355,2082,252,998,167,1830,425,199,226
1360,2093,252,1006,167,1841,425,199,226
1365,2097,252,1009,167,1845,425,199,226
1370,2107,253,1014,168,1854,426,199,227
1375,2113,253,1016,168,1859,427,200,227
1380,2124,254,1022,169,1869,428,201,227
1385,2128,255,1024,170,1873,428,201,227
1390,2138,256,1027,170,1882,430,202,228
1395,2144,256,1030,170,1888,432,203,229
1400,2155,258,1034,171,1897,433,204,229
1405,2159,258,1037,171,1901,433,204,229
1410,2169,259,1043,172,1910,435,204,231
1415,2175,259,1047,172,1916,437,205,232
1420,2186,260,1051,173,1926,438,205,233
1425,2190,260,1052,173,1930,438,205,233
1430,2200,261,1060,174,1939,441,206,235
1435,2206,261,1064,174,1945,444,208,236
1440,2217,262,1069,175,1955,445,208,237
1445,2221,262,1072,175,1959,445,208,237
1450,2231,262,1077,175,1969,446,209,237
1455,2237,262,1077,175,1975,447,209,238
1460,2248,263,1086,175,1985,447,209,238
1465,2252,263,1090,175,1989,447,209,238
1470,2262,263,1093,175,1999,448,210,238
1475,2268,263,1096,175,2005,449,210,239
1480,2279,264,1100,175,2015,449,210,239
1485,2283,264,1103,175,2019,449,210,239
1490,2293,264,1107,175,2029,450,211,239
1495,2299,264,1110,175,2035,451,212,239
1500,2310,265,1114,175,2045,451,212,239
1505,2314,265,1115,175,2049,453,213,240
1510,2324,265,1118,175,2059,455,214,241
1515,2330,265,1121,175,2065,456,215,241
1520,2341,266,1128,176,2075,456,215,241
1525,2345,266,1131,176,2079,456,215,241
1530,2355,266,1134,176,2089,457,216,241
1535,2361,266,1137,176,2095,458,216,242
1540,2372,267,1143,177,2105,458,216,242
1545,2376,267,1146,177,2109,458,216,242
1550,2386,268,1153,178,2118,459,217,242
1555,2392,268,1154,178,2123,461,217,244
1560,2403,270,1161,180,2131,463,217,246
1565,2407,272,1163,182,2135,463,217,246
1570,2417,274,1169,184,2143,465,217,248
1575,2423,274,1173,184,2148,466,217,249
1580,2434,275,1179,185,2159,467,217,250
1585,2438,275,1180,185,2163,467,217,250
1590,2448,276,1181,185,2172,469,217,252
1595,2454,276,1184,185,2178,470,217,253
1600,2465,276,1188,185,2189,471,217,254
1605,2469,276,1190,185,2193,471,217,254
1610,2479,277,1192,186,2202,473,217,256
1615,2485,277,1195,186,2207,474,218,256
1620,2496,278,1200,187,2218,476,219,257
1625,2500,278,1203,187,2222,476,219,257
1630,2510,279,1210,187,2231,478,221,257
1635,2516,279,1213,187,2237,480,221,259
1640,2527,279,1216,187,2248,480,221,259
1645,2531,279,1218,187,2252,480,221,259
1650,2541,280,1221,188,2261,482,221,261
1655,2547,280,1224,188,2267,484,222,262
1660,2558,280,1230,188,2278,484,222,262
1665,2562,280,1233,188,2282,484,222,262
1670,2572,281,1239,189,2291,486,223,263
1675,2578,281,1242,189,2297,488,223,265
1680,2589,284,1248,191,2305,490,225,265
1685,2593,284,1249,191,2309,490,225,265
1690,2603,284,1253,191,2319,491,225,266
1695,2609,284,1256,191,2325,492,225,267
1700,2620,286,1263,192,2333,493,226,267
1705,2624,287,1264,193,2337,494,226,268
1710,2634,287,1271,193,2347,495,227,268
1715,2640,287,1273,193,2353,496,228,268
1720,2651,289,1280,194,2361,497,228,269
1725,2655,290,1282,195,2365,498,229,269
1730,2665,290,1284,195,2375,499,230,269
1735,2671,290,1286,195,2381,500,230,270
1740,2682,292,1290,197,2390,501,231,270
1745,2686,293,1293,198,2393,502,232,270
1750,2696,294,1297,198,2402,503,233,270
1755,2702,294,1299,198,2408,504,233,271
1760,2713,295,1303,199,2418,505,233,272
1765,2717,296,1304,200,2421,506,233,273
1770,2727,297,1310,201,2430,507,233,274
1775,2733,297,1313,201,2436,508,233,275
1780,2744,298,1319,201,2446,509,233,276
1785,2748,299,1322,202,2449,510,234,276
1790,2758,300,1325,202,2458,511,235,276
1795,2764,300,1328,202,2464,514,237,277
1800,2775,302,1334,203,2472,515,238,277
1805,2779,304,1337,205,2475,515,238,277
1810,2789,306,1343,207,2483,517,239,278
1815,2795,306,1347,207,2489,520,241,279
1820,2806,307,1352,208,2499,522,242,280
1825,2810,307,1353,208,2503,522,242,280
1830,2820,308,1358,209,2512,524,242,282
1835,2826,308,1361,209,2518,527,243,284
1840,2837,309,1367,210,2528,529,245,284
1845,2841,310,1369,211,2531,529,245,284
1850,2851,312,1376,213,2539,531,247,284
1855,2857,312,1378,213,2545,534,248,286
1860,2868,314,1382,214,2554,537,249,288
1865,2872,314,1384,214,2558,537,249,288
1870,2882,314,1391,214,2568,538,249,289
1875,2888,314,1393,214,2574,540,249,291
1880,2899,314,1399,214,2585,542,250,292
1885,2903,314,1401,214,2589,542,250,292
1890,2913,314,1404,214,2599,543,250,293
1895,2919,314,1407,214,2605,544,251,293
1900,2930,314,1413,214,2616,544,251,293
1905,2934,314,1415,214,2620,544,251,293
1910,2944,314,1416,214,2630,545,251,294
1915,2950,314,1420,214,2636,546,251,295
1920,2961,314,1424,214,2647,546,251,295
1925,2965,314,1427,214,2651,546,251,295
1930,2975,314,1434,214,2661,547,252,295
1935,2981,314,1437,214,2667,549,252,297
1940,2992,314,1443,214,2678,550,253,297
1945,2996,314,1445,214,2682,550,253,297
1950,3006,314,1450,214,2692,551,253,298
1955,3012,314,1454,214,2698,553,254,299
1960,3023,314,1458,214,2709,554,254,300
1965,3027,314,1458,214,2713,554,254,300
1970,3037,315,1461,214,2722,555,254,301
1975,3043,315,1462,214,2727,557,254,303
1980,3054,317,1466,216,2737,558,255,303
1985,3058,317,1468,216,2741,558,255,303
1990,3068,318,1472,216,2750,559,255,304
1995,3074,318,1475,216,2756,560,256,304
2000,3085,319,1478,216,2766,561,256,305
2005,3089,321,1481,218,2768,561,256,305
2010,3099,323,1487,220,2776,562,256,306
2015,3105,323,1490,220,2782,563,256,307
2020,3116,324,1497,220,2792,564,257,307
2025,3120,326,1499,222,2794,564,257,307
2030,3130,327,1502,222,2803,565,257,308
2035,3136,327,1505,222,2809,567,259,308
2040,3147,328,1510,222,2819,568,259,309
2045,3151,328,1510,222,2823,568,259,309
2050,3161,329,1513,223,2832,569,259,310
2055,3167,329,1517,223,2838,571,261,310
2060,3178,330,1518,223,2848,572,262,310
2065,3182,331,1521,224,2851,572,262,310
2070,3192,332,1527,225,2860,574,264,310
2075,3198,332,1530,225,2866,576,264,312
2080,3209,333,1532,225,2876,577,264,313
2085,3213,334,1535,226,2879,577,264,313
2090,3223,336,1541,227,2887,579,265,314
2095,3229,336,1545,227,2892,581,266,315
2100,3240,339,1551,230,2900,583,266,317
2105,3244,340,1554,231,2904,583,266,317
2110,3254,340,1560,231,2914,584,267,317
2115,3260,340,1564,231,2920,585,268,317
2120,3271,342,1570,233,2929,586,268,318
2125,3275,342,1573,233,2933,586,268,318
2130,3285,343,1577,234,2942,587,268,319
2135,3291,343,1579,234,2948,588,268,320
2140,3302,345,1584,235,2957,589,268,321
2145,3306,345,1588,235,2961,589,268,321
2150,3316,346,1594,236,2970,590,268,322
2155,3322,346,1599,236,2976,591,269,322
2160,3333,347,1605,236,2986,593,271,322
2165,3337,347,1607,236,2990,594,271,323
2170,3347,348,1613,236,2999,595,271,324
2175,3353,348,1615,236,3005,597,271,326
2180,3364,349,1623,237,3014,600,273,327
2185,3368,350,1625,238,3018,601,273,328
2190,3378,351,1634,239,3027,602,274,328
2195,3384,351,1640,239,3033,604,276,328
2200,3395,352,1646,240,3042,606,277,329
2205,3399,353,1649,241,3046,607,278,329
2210,3409,354,1654,242,3055,608,278,330
2215,3415,354,1658,242,3061,611,280,331
2220,3426,354,1663,242,3071,614,281,333
2225,3430,357,1666,245,3073,615,281,334
2230,3440,359,1669,246,3081,617,281,336
2235,3446,359,1671,246,3087,620,282,338
2240,3457,360,1676,247,3097,621,282,339
2245,3461,360,1677,247,3101,622,282,340
2250,3471,361,1679,247,3110,624,283,341
2255,3477,361,1683,247,3116,627,286,341
2260,3488,362,1689,247,3125,627,286,341
2265,3492,363,1689,248,3129,628,286,342
2270,3502,364,1693,248,3138,630,287,343
2275,3508,364,1695,248,3144,633,289,344
2280,3519,365,1701,248,3153,633,289,344
2285,3523,366,1703,249,3157,634,290,344
2290,3533,367,1705,249,3166,636,290,346
2295,3539,367,1708,249,3172,638,291,347
2300,3550,367,1713,249,3182,639,292,347
2305,3554,368,1714,250,3186,640,292,348
2310,3564,369,1716,250,3195,642,293,349
2315,3570,369,1718,250,3201,643,294,349
2320,3581,369,1723,250,3212,644,294,350
2325,3585,369,1726,250,3216,645,295,350
2330,3595,370,1728,250,3225,646,295,351
2335,3601,370,1731,250,3231,647,296,351
2340,3612,371,1737,251,3240,650,298,352
2345,3616,372,1738,252,3244,650,298,352
2350,3626,372,1743,252,3254,651,298,353
2355,3632,372,1745,252,3260,652,298,354
2360,3643,372,1751,252,3271,654,300,354
2365,3647,372,1753,252,3275,654,300,354
2370,3657,372,1758,252,3285,655,300,355
2375,3663,372,1761,252,3291,656,301,355
2380,3674,372,1767,252,3302,657,301,356
2385,3678,372,1771,252,3306,657,301,356
2390,3688,372,1775,252,3316,658,302,356
2395,3694,372,1776,252,3322,660,302,358
2400,3705,372,1781,252,3333,661,303,358
2405,3709,372,1782,252,3337,661,303,358
2410,3719,373,1788,253,3346,662,304,358
2415,3725,373,1792,253,3351,663,304,359
2420,3736,375,1797,255,3361,664,305,359
2425,3740,375,1799,255,3365,664,305,359
2430,3750,376,1801,256,3374,665,305,360
2435,3756,376,1805,256,3379,666,306,360
2440,3767,377,1809,257,3390,667,306,361
2445,3771,377,1811,257,3394,667,306,361
2450,3781,378,1816,257,3403,669,308,361
2455,3787,378,1817,257,3409,671,309,362
2460,3798,380,1823,259,3417,673,309,364
2465,3802,381,1825,260,3421,673,309,364
2470,3812,381,1832,260,3431,674,309,365
2475,3818,381,1835,260,3437,675,310,365
2480,3829,382,1842,260,3447,675,310,365
2485,3833,382,1844,260,3451,675,310,365
2490,3843,382,1851,260,3461,676,311,365
2495,3849,382,1855,260,3467,677,311,366
2500,3860,383,1862,261,3477,677,311,366
2505,3864,383,1864,261,3481,677,311,366
2510,3874,383,1870,261,3491,678,312,366
2515,3880,383,1874,261,3497,680,314,366
2520,3891,384,1880,262,3507,681,315,366
2525,3895,384,1883,262,3511,681,315,366
2530,3905,385,1885,262,3520,682,316,366
2535,3911,385,1889,262,3526,684,317,367
2540,3922,386,1894,262,3536,685,318,367
2545,3926,386,1894,262,3540,685,318,367
2550,3936,387,1896,262,3549,686,319,367
2555,3942,387,1899,262,3555,688,321,367
2560,3953,389,1906,263,3564,689,322,367
2565,3957,389,1909,263,3568,689,322,367
2570,3967,390,1914,264,3577,690,322,368
2575,3973,390,1916,264,3583,692,323,369
2580,3984,392,1921,265,3592,693,323,370
2585,3988,393,1924,266,3595,693,323,370
2590,3998,394,1928,267,3604,694,324,370
2595,4004,394,1933,267,3610,697,326,371
2600,4015,395,1938,268,3620,698,327,371
2605,4019,395,1941,268,3624,698,327,371
2610,4029,397,1948,269,3632,700,329,371
2615,4035,397,1950,269,3638,702,329,373
2620,4046,399,1956,271,3647,702,329,373
2625,4050,401,1959,273,3649,702,329,373
2630,4060,402,1962,274,3658,703,330,373
2635,4066,402,1964,274,3664,705,331,374
2640,4077,404,1971,276,3673,707,333,374
2645,4081,404,1974,276,3677,707,333,374
2650,4091,404,1976,276,3687,708,333,375
2655,4097,404,1979,276,3693,709,333,376
2660,4108,404,1982,276,3704,710,333,377
2665,4112,404,1985,276,3708,710,333,377
2670,4122,404,1991,276,3718,711,333,378
2675,4128,404,1994,276,3724,712,334,378
2680,4139,404,2001,276,3735,713,334,379
2685,4143,404,2003,276,3739,713,334,379
2690,4153,404,2006,276,3749,714,335,379
2695,4159,404,2008,276,3755,715,336,379
2700,4170,404,2012,276,3766,716,336,380
2705,4174,404,2015,276,3770,716,336,380
2710,4184,404,2020,276,3780,717,337,380
2715,4190,404,2024,276,3786,719,339,380
2720,4201,404,2031,276,3797,720,340,380
2725,4205,404,2033,276,3801,720,340,380
2730,4215,404,2037,276,3811,721,341,380
2735,4221,404,2038,276,3817,723,341,382
2740,4232,404,2043,276,3828,724,342,382
2745,4236,404,2046,276,3832,725,342,383
2750,4246,405,2051,277,3841,726,342,384
2755,4252,405,2055,277,3847,729,344,385
2760,4263,407,2059,278,3856,732,346,386
2765,4267,408,2061,279,3859,732,346,386
2770,4277,409,2067,279,3868,734,348,386
2775,4283,409,2069,279,3874,737,349,388
2780,4294,409,2073,279,3885,737,349,388
2785,4298,409,2074,279,3889,737,349,388
2790,4308,410,2083,280,3898,739,350,389
2795,4314,410,2086,280,3904,741,351,390
2800,4325,410,2092,280,3915,741,351,390
2805,4329,410,2096,280,3919,741,351,390
2810,4339,411,2100,281,3928,743,351,392
2815,4345,411,2104,281,3934,745,353,392
2820,4356,411,2110,281,3945,745,353,392
2825,4360,411,2111,281,3949,745,353,392
2830,4370,412,2116,282,3958,746,353,393
2835,4376,412,2120,282,3964,748,355,393
2840,4387,412,2125,282,3975,748,355,393
2845,4391,412,2127,282,3979,748,355,393
2850,4401,413,2130,282,3988,749,355,394
2855,4407,413,2136,282,3994,751,357,394
2860,4418,413,2142,282,4005,751,357,394
2865,4422,413,2143,282,4009,751,357,394
2870,4432,414,2145,282,4018,752,358,394
2875,4438,414,2147,282,4024,754,359,395
2880,4449,416,2154,284,4032,757,361,396
2885,4453,419,2157,287,4034,757,361,396
2890,4463,420,2163,287,4043,758,361,397
2895,4469,420,2166,287,4049,759,362,397
2900,4480,421,2170,287,4059,761,363,398
2905,4484,421,2170,287,4063,761,363,398
2910,4494,421,2178,287,4073,762,364,398
2915,4500,421,2181,287,4079,763,364,399
2920,4511,422,2188,287,4089,764,365,399
2925,4515,422,2189,287,4093,764,365,399
2930,4525,422,2195,287,4103,765,366,399
2935,4531,422,2198,287,4109,766,367,399
2940,4542,423,2203,287,4119,767,368,399
2945,4546,423,2204,287,4123,767,368,399
2950,4556,423,2212,287,4133,768,368,400
2955,4562,423,2216,287,4139,769,369,400
2960,4573,424,2222,287,4149,770,370,400
2965,4577,424,2223,287,4153,770,370,400
2970,4587,424,2227,287,4163,771,370,401
2975,4593,424,2230,287,4169,772,371,401
2980,4604,425,2235,287,4179,772,371,401
2985,4608,425,2236,287,4183,772,371,401
2990,4618,425,2240,287,4193,774,372,402
2995,4624,425,2243,287,4199,775,373,402
3000,4635,428,2249,289,4207,777,373,404
3005,4639,428,2250,289,4211,777,373,404
3010,4649,429,2256,290,4220,779,374,405
3015,4655,429,2259,290,4226,781,375,406
3020,4666,430,2263,291,4236,781,375,406
3025,4670,430,2264,291,4240,781,375,406
3030,4680,431,2269,291,4249,782,375,407
3035,4686,431,2271,291,4255,783,375,408
3040,4697,432,2278,292,4265,783,375,408
3045,4701,433,2280,293,4268,783,375,408
3050,4711,434,2284,293,4277,784,376,408
3055,4717,434,2287,293,4283,785,377,408
3060,4728,435,2295,294,4293,785,377,408
3065,4732,436,2297,295,4296,785,377,408
3070,4742,437,2302,295,4305,786,378,408
3075,4748,437,2305,295,4311,788,379,409
3080,4759,438,2309,295,4321,788,379,409
3085,4763,438,2310,295,4325,788,379,409
3090,4773,439,2315,296,4334,789,380,409
3095,4779,439,2319,296,4340,791,380,411
3100,4790,440,2325,297,4350,791,380,411
3105,4794,441,2327,298,4353,791,380,411
3110,4804,442,2329,298,4362,792,380,412
3115,4810,442,2333,298,4367,794,381,413
3120,4821,445,2339,301,4376,797,382,415
3125,4825,445,2340,301,4380,797,382,415
3130,4835,446,2346,301,4389,799,383,416
3135,4841,446,2349,301,4395,802,384,418
3140,4852,446,2355,301,4406,803,384,419
3145,4856,446,2356,301,4410,803,384,419
3150,4866,447,2360,301,4419,805,385,420
3155,4872,447,2362,301,4425,808,386,422
3160,4883,447,2364,301,4436,809,386,423
3165,4887,447,2368,301,4440,809,386,423
3170,4897,448,2373,301,4449,811,387,424
3175,4903,448,2377,301,4454,814,389,425
3180,4914,449,2382,302,4465,815,390,425
3185,4918,449,2385,302,4469,815,390,425
3190,4928,450,2390,303,4478,816,390,426
3195,4934,450,2394,303,4484,818,391,427
3200,4945,450,2402,303,4495,818,391,427
3205,4949,450,2402,303,4499,818,391,427
3210,4959,451,2404,303,4508,819,391,428
3215,4965,451,2407,303,4514,821,392,429
3220,4976,451,2412,303,4525,821,392,429
3225,4980,451,2413,303,4529,822,392,430
3230,4990,452,2418,304,4538,823,393,430
3235,4996,452,2423,304,4544,825,395,430
3240,5007,455,2429,306,4552,828,396,432
3245,5011,455,2432,306,4556,829,397,432
3250,5021,455,2440,306,4566,830,398,432
3255,5027,455,2442,306,4572,831,398,433
3260,5038,456,2448,306,4582,831,398,433
3265,5042,456,2450,306,4586,832,398,434
3270,5052,456,2453,306,4596,833,398,435
3275,5058,456,2458,306,4602,834,399,435
3280,5069,457,2463,307,4612,834,399,435
3285,5073,457,2466,307,4616,835,400,435
3290,5083,457,2469,307,4626,836,400,436
3295,5089,457,2473,307,4632,837,401,436
3300,5100,458,2476,307,4642,837,401,436
3305,5104,459,2479,308,4645,837,401,436
3310,5114,460,2483,308,4654,838,401,437
3315,5120,460,2487,308,4660,839,402,437
3320,5131,461,2492,309,4670,841,403,438
3325,5135,462,2495,310,4673,841,403,438
3330,5145,463,2501,310,4682,842,403,439
3335,5151,463,2505,310,4687,843,404,439
3340,5162,465,2509,311,4697,845,404,441
3345,5166,466,2513,312,4700,845,404,441
3350,5176,468,2520,313,4708,847,406,441
3355,5182,468,2523,313,4713,850,408,442
3360,5193,471,2528,316,4722,853,409,444
3365,5197,472,2531,317,4725,854,409,445
3370,5207,472,2535,317,4735,856,410,446
3375,5213,472,2539,317,4741,858,411,447
3380,5224,475,2543,319,4749,860,412,448
3385,5228,475,2544,319,4753,861,412,449
3390,5238,475,2549,319,4763,863,413,450
3395,5244,475,2550,319,4769,865,413,452
3400,5255,478,2558,322,4777,867,413,454
3405,5259,479,2559,323,4780,868,413,455
3410,5269,479,2566,323,4790,869,414,455
3415,5275,479,2569,323,4796,870,414,456
3420,5286,481,2573,325,4805,872,414,458
3425,5290,481,2576,325,4809,872,414,458
3430,5300,481,2582,325,4819,873,415,458
3435,5306,481,2584,325,4825,874,415,459
3440,5317,481,2589,325,4836,874,415,459
3445,5321,481,2591,325,4840,874,415,459
3450,5331,481,2598,325,4850,875,416,459
3455,5337,481,2602,325,4856,876,417,459
3460,5348,481,2606,325,4867,876,417,459
3465,5352,481,2608,325,4871,876,417,459
3470,5362,482,2612,325,4880,877,417,460
3475,5368,482,2613,325,4886,878,417,461
3480,5379,482,2616,325,4897,880,419,461
3485,5383,482,2619,325,4901,880,419,461
3490,5393,483,2622,325,4910,882,419,463
3495,5399,483,2625,325,4916,885,420,465
3500,5410,484,2629,326,4926,887,421,466
3505,5414,484,2629,326,4930,887,421,466
3510,5424,485,2637,327,4939,889,423,466
3515,5430,485,2640,327,4945,891,424,467
3520,5441,485,2644,327,4956,893,424,469
3525,5445,485,2647,327,4960,893,424,469
3530,5455,486,2651,327,4969,895,424,471
3535,5461,486,2654,327,4975,897,425,472
3540,5472,488,2657,328,4984,899,427,472
3545,5476,488,2658,328,4988,899,427,472
3550,5486,489,2664,329,4997,901,429,472
3555,5492,489,2667,329,5002,902,429,473
3560,5503,492,2672,331,5011,903,429,474
3565,5507,493,2673,332,5014,903,429,474
3570,5517,494,2676,333,5023,905,430,475
3575,5523,494,2679,333,5028,906,430,476
3580,5534,496,2683,335,5038,907,430,477
3585,5538,497,2686,336,5041,907,430,477
3590,5548,498,2691,337,5050,909,431,478
3595,5554,498,2692,337,5056,910,431,479
3600,5565,499,2697,338,5065,913,432,481
3605,5569,500,2700,339,5069,914,432,482
3610,5579,500,2707,339,5079,915,432,483
3615,5585,500,2709,339,5085,916,433,483
3620,5596,500,2711,339,5096,917,433,484
3625,5600,500,2714,339,5100,918,434,484
3630,5610,500,2717,339,5110,919,434,485
3635,5616,500,2721,339,5116,920,435,485
3640,5627,500,2729,339,5127,921,436,485
3645,5631,500,2731,339,5131,922,437,485
3650,5641,500,2734,339,5141,923,437,486
3655,5647,500,2735,339,5147,924,437,487
3660,5658,500,2741,339,5158,925,437,488
3665,5662,500,2743,339,5162,925,437,488
3670,5672,500,2748,339,5172,926,438,488
3675,5678,500,2751,339,5178,927,438,489
3680,5689,500,2756,339,5189,927,438,489
3685,5693,500,2756,339,5193,927,438,489
3690,5703,500,2760,339,5203,928,438,490
3695,5709,500,2762,339,5209,929,438,491
3700,5720,500,2768,339,5220,929,438,491
3705,5724,500,2768,339,5224,929,438,491
3710,5734,501,2774,340,5232,931,439,492
3715,5740,502,2776,341,5237,933,440,493
3720,5751,505,2781,344,5245,936,441,495
3725,5755,506,2782,345,5249,937,442,495
3730,5765,507,2787,345,5258,939,442,497
3735,5771,507,2791,345,5264,941,443,498
3740,5782,508,2796,346,5274,941,443,498
3745,5786,509,2799,347,5277,942,444,498
3750,5796,510,2803,347,5286,943,444,499
3755,5802,510,2807,347,5292,945,445,500
3760,5813,511,2812,348,5302,945,445,500
3765,5817,512,2814,349,5305,946,446,500
3770,5827,513,2821,349,5314,947,447,500
3775,5833,513,2823,349,5320,949,447,502
3780,5844,514,2829,349,5330,949,447,502
3785,5848,514,2831,349,5334,950,448,502
3790,5858,515,2836,350,5343,951,448,503
3795,5864,515,2839,350,5349,952,449,503
3800,5875,515,2850,350,5360,952,449,503
3805,5879,515,2852,350,5364,953,450,503
3810,5889,516,2857,351,5373,954,451,503
3815,5895,516,2859,351,5379,955,452,503
3820,5906,516,2864,351,5390,955,452,503
3825,5910,516,2868,351,5394,956,453,503
3830,5920,517,2870,351,5403,957,453,504
3835,5926,517,2873,351,5409,959,453,506
3840,5937,517,2879,351,5420,962,455,507
3845,5941,517,2880,351,5424,962,455,507
3850,5951,518,2885,352,5433,963,455,508
3855,5957,518,2888,352,5439,964,456,508
3860,5968,521,2897,354,5447,964,456,508
3865,5972,521,2898,354,5451,964,456,508
3870,5982,522,2903,355,5460,965,457,508
3875,5988,522,2908,355,5465,966,458,508
3880,5999,526,2916,359,5473,966,458,508
3885,6003,526,2917,359,5477,966,458,508
3890,6013,527,2921,359,5486,967,458,509
3895,6019,527,2924,359,5491,968,459,509
3900,6030,530,2928,362,5500,968,459,509
3905,6034,531,2930,363,5503,968,459,509
3910,6044,531,2934,363,5513,969,460,509
3915,6050,531,2936,363,5519,970,460,510
3920,6061,533,2944,365,5528,971,461,510
3925,6065,533,2944,365,5532,971,461,510
3930,6075,533,2950,365,5542,972,461,511
3935,6081,533,2953,365,5548,973,462,511
3940,6092,534,2955,365,5558,974,462,512
3945,6096,534,2957,365,5562,974,462,512
3950,6106,534,2960,365,5572,975,462,513
3955,6112,534,2964,365,5578,977,463,514
3960,6123,535,2968,365,5588,979,464,515
3965,6127,535,2970,365,5592,979,464,515
3970,6137,535,2978,365,5602,981,466,515
3975,6143,535,2983,365,5608,984,468,516
3980,6154,536,2988,366,5618,986,469,517
3985,6158,536,2990,366,5622,986,469,517
3990,6168,536,2996,366,5632,988,470,518
3995,6174,536,2999,366,5638,991,471,520
4000,6185,538,3004,367,5647,993,472,521
4005,6189,538,3004,367,5651,993,472,521
4010,6199,541,3013,370,5658,995,474,521
4015,6205,541,3015,370,5664,998,475,523
4020,6216,543,3021,371,5672,1001,475,526
4025,6220,544,3024,372,5676,1001,475,526
4030,6230,545,3029,373,5685,1002,476,526
4035,6236,545,3029,373,5691,1003,476,527
4040,6247,545,3037,373,5702,1004,476,528
4045,6251,545,3038,373,5706,1004,476,528
4050,6261,546,3040,373,5715,1005,476,529
4055,6267,546,3046,373,5721,1006,477,529
4060,6278,546,3051,373,5732,1006,477,529
4065,6282,546,3053,373,5736,1007,477,530
4070,6292,547,3055,373,5745,1008,478,530
4075,6298,547,3058,373,5751,1009,479,530
4080,6309,547,3066,373,5762,1009,479,530
4085,6313,547,3069,373,5766,1009,479,530
4090,6323,548,3075,373,5775,1011,479,532
4095,6329,548,3080,373,5781,1012,480,532
4100,6340,548,3083,373,5792,1013,480,533
4105,6344,548,3085,373,5796,1013,480,533
4110,6354,549,3091,373,5805,1014,481,533
4115,6360,549,3097,373,5811,1015,482,533
4120,6371,550,3102,374,5821,1015,482,533
4125,6375,551,3104,375,5824,1015,482,533
4130,6385,552,3108,376,5833,1016,483,533
4135,6391,552,3111,376,5838,1019,484,535
4140,6402,554,3117,378,5848,1019,484,535
4145,6406,554,3119,378,5852,1019,484,535
4150,6416,555,3123,378,5861,1020,485,535
4155,6422,555,3126,378,5866,1021,485,536
4160,6433,556,3130,379,5877,1022,485,537
4165,6437,557,3132,380,5880,1022,485,537
4170,6447,558,3137,380,5889,1023,486,537
4175,6453,558,3138,380,5895,1024,486,538
4180,6464,558,3141,380,5906,1025,486,539
4185,6468,559,3143,381,5909,1025,486,539
4190,6478,560,3149,382,5918,1026,487,539
4195,6484,560,3151,382,5924,1027,487,540
4200,6495,561,3155,382,5934,1028,487,541
4205,6499,561,3159,382,5938,1028,487,541
4210,6509,561,3166,382,5948,1029,487,542
4215,6515,561,3169,382,5954,1030,488,542
4220,6526,562,3175,382,5964,1031,488,543
4225,6530,562,3176,382,5968,1031,488,543
4230,6540,562,3179,382,5978,1032,489,543
4235,6546,562,3181,382,5984,1033,490,543
4240,6557,563,3187,383,5994,1033,490,543
4245,6561,563,3189,383,5998,1033,490,543
4250,6571,563,3191,383,6008,1035,490,545
4255,6577,563,3196,383,6014,1037,492,545
4260,6588,565,3202,384,6023,1038,493,545
4265,6592,565,3203,384,6027,1038,493,545
4270,6602,566,3208,384,6036,1040,494,546
4275,6608,566,3209,384,6042,1042,494,548
4280,6619,568,3216,386,6051,1043,494,549
4285,6623,569,3219,387,6054,1043,494,549
4290,6633,570,3220,387,6063,1044,494,550
4295,6639,570,3224,387,6068,1046,496,550
4300,6650,572,3228,389,6078,1047,496,551
4305,6654,572,3230,389,6082,1047,496,551
4310,6664,573,3234,389,6091,1048,497,551
4315,6670,573,3236,389,6097,1050,498,552
4320,6681,574,3239,389,6107,1051,499,552
4325,6685,575,3241,390,6110,1051,499,552
4330,6695,575,3249,390,6120,1052,500,552
4335,6701,575,3252,390,6126,1053,501,552
4340,6712,576,3256,390,6136,1054,501,553
4345,6716,577,3258,391,6139,1054,501,553
4350,6726,577,3261,391,6149,1055,501,554
4355,6732,577,3264,391,6155,1057,501,556
4360,6743,578,3270,392,6165,1058,501,557
4365,6747,578,3271,392,6169,1058,501,557
4370,6757,579,3279,393,6178,1059,502,557
4375,6763,579,3281,393,6184,1061,503,558
4380,6774,581,3285,395,6193,1061,503,558
4385,6778,581,3287,395,6197,1061,503,558
4390,6788,582,3295,396,6206,1063,504,559
4395,6794,582,3299,396,6212,1065,505,560
4400,6805,583,3305,397,6222,1065,505,560
4405,6809,583,3306,397,6226,1065,505,560
4410,6819,583,3312,397,6236,1066,506,560
4415,6825,583,3314,397,6242,1067,506,561
4420,6836,584,3322,398,6252,1067,506,561
4425,6840,584,3324,398,6256,1067,506,561
4430,6850,585,3328,398,6265,1068,507,561
4435,6856,585,3331,398,6271,1069,508,561
4440,6867,586,3338,399,6281,1071,510,561
4445,6871,586,3340,399,6285,1071,510,561
4450,6881,586,3343,399,6295,1072,510,562
4455,6887,586,3345,399,6301,1073,510,563
4460,6898,586,3350,399,6312,1073,510,563
4465,6902,586,3352,399,6316,1073,510,563
4470,6912,586,3356,399,6326,1074,511,563
4475,6918,586,3357,399,6332,1075,512,563
4480,6929,586,3363,399,6343,1076,512,564
4485,6933,586,3367,399,6347,1076,512,564
4490,6943,586,3372,399,6357,1077,513,564
4495,6949,586,3373,399,6363,1078,513,565
4500,6960,586,3378,399,6374,1078,513,565
4505,6964,586,3380,399,6378,1078,513,565
4510,6974,587,3384,400,6387,1079,513,566
4515,6980,587,3388,400,6393,1082,515,567
4520,6991,588,3393,401,6403,1082,515,567
4525,6995,588,3396,401,6407,1082,515,567
4530,7005,589,3401,402,6416,1083,515,568
4535,7011,589,3402,402,6422,1086,516,570
4540,7022,591,3409,404,6431,1086,516,570
4545,7026,591,3411,404,6435,1086,516,570
4550,7036,592,3415,405,6444,1087,516,571
4555,7042,592,3419,405,6449,1089,518,571
4560,7053,595,3422,407,6458,1091,518,573
4565,7057,595,3424,407,6462,1091,518,573
4570,7067,595,3427,407,6472,1093,519,574
4575,7073,595,3429,407,6478,1094,519,575
4580,7084,595,3432,407,6489,1094,519,575
4585,7088,595,3434,407,6493,1094,519,575
4590,7098,595,3439,407,6503,1096,519,577
4595,7104,595,3444,407,6509,1097,520,577
4600,7115,595,3449,407,6520,1098,521,577
4605,7119,595,3451,407,6524,1098,521,577
4610,7129,595,3456,407,6534,1099,521,578
4615,7135,595,3459,407,6540,1100,521,579
4620,7146,595,3464,407,6551,1101,522,579
4625,7150,596,3466,408,6554,1101,522,579
4630,7160,596,3472,408,6564,1102,523,579
4635,7166,596,3477,408,6570,1103,523,580
4640,7177,597,3480,408,6579,1104,524,580
4645,7181,599,3482,410,6582,1104,524,580
4650,7191,599,3488,410,6592,1105,525,580
4655,7197,599,3494,410,6598,1106,526,580
4660,7208,600,3499,411,6607,1107,526,581
4665,7212,601,3500,412,6611,1107,526,581
4670,7222,602,3503,412,6620,1108,526,582
4675,7228,602,3506,412,6625,1109,527,582
4680,7239,604,3511,414,6634,1112,528,584
4685,7243,605,3514,415,6638,1112,528,584
4690,7253,605,3519,415,6648,1113,528,585
4695,7259,605,3522,415,6654,1115,529,586
4700,7270,605,3527,415,6665,1116,530,586
4705,7274,605,3529,415,6669,1116,530,586
4710,7284,605,3536,415,6679,1117,530,587
4715,7290,605,3541,415,6685,1119,532,587
4720,7301,605,3546,415,6696,1120,532,588
4725,7305,605,3546,415,6700,1120,532,588
4730,7315,605,3552,415,6710,1122,533,589
4735,7321,605,3557,415,6716,1124,534,590
4740,7332,605,3561,415,6727,1125,534,591
4745,7336,606,3564,416,6730,1125,534,591
4750,7346,606,3570,416,6740,1127,535,592
4755,7352,606,3576,416,6746,1129,537,592
4760,7363,608,3584,417,6755,1129,537,592
4765,7367,609,3587,418,6758,1129,537,592
4770,7377,609,3593,418,6768,1131,539,592
4775,7383,609,3599,418,6774,1132,540,592
4780,7394,610,3605,419,6784,1132,540,592
4785,7398,611,3607,420,6787,1132,540,592
4790,7408,613,3612,421,6795,1134,542,592
4795,7414,613,3613,421,6800,1135,542,593
4800,7425,617,3621,425,6807,1136,543,593
4805,7429,618,3623,426,6811,1136,543,593
4810,7439,620,3631,428,6819,1138,544,594
4815,7445,620,3634,428,6825,1139,545,594
4820,7456,621,3640,429,6835,1140,545,595
4825,7460,622,3643,430,6838,1140,545,595
4830,7470,623,3648,430,6847,1142,547,595
4835,7476,623,3653,430,6853,1143,547,596
4840,7487,623,3660,430,6864,1144,548,596
4845,7491,623,3662,430,6868,1144,548,596
4850,7501,624,3665,431,6877,1146,549,597
4855,7507,624,3667,431,6883,1147,549,598
4860,7518,625,3672,432,6892,1148,549,599
4865,7522,626,3675,433,6896,1148,549,599
4870,7532,626,3677,433,6906,1149,549,600
4875,7538,626,3679,433,6912,1150,550,600
4880,7549,628,3681,434,6921,1150,550,600
4885,7553,628,3681,434,6925,1150,550,600
4890,7563,628,3684,434,6935,1151,551,600
4895,7569,628,3688,434,6941,1152,552,600
4900,7580,629,3692,435,6950,1152,552,600
4905,7584,630,3694,436,6954,1152,552,600
4910,7594,630,3697,436,6964,1153,553,600
4915,7600,630,3702,436,6970,1155,555,600
4920,7611,631,3708,437,6980,1156,556,600
4925,7615,631,3710,437,6984,1156,556,600
4930,7625,632,3715,438,6993,1158,556,602
4935,7631,632,3716,438,6999,1160,557,603
4940,7642,634,3723,439,7008,1162,559,603
4945,7646,634,3725,439,7012,1162,559,603
4950,7656,635,3728,439,7021,1164,560,604
4955,7662,635,3731,439,7027,1166,561,605
4960,7673,636,3736,440,7037,1168,562,606
4965,7677,636,3740,440,7041,1168,562,606
4970,7687,637,3746,440,7050,1170,564,606
4975,7693,637,3750,440,7056,1172,566,606
4980,7704,639,3760,442,7065,1174,568,606
4985,7708,639,3763,442,7069,1174,568,606
4990,7718,639,3770,442,7079,1175,569,606
4995,7724,639,3772,442,7085,1176,569,607
5000,7735,639,3778,442,7096,1177,570,607
5005,7739,639,3779,442,7100,1177,570,607
5010,7749,639,3784,442,7110,1178,570,608
5015,7755,639,3786,442,7116,1179,570,609
5020,7766,639,3793,442,7127,1179,570,609
5025,7770,639,3793,442,7131,1179,570,609
5030,7780,639,3798,442,7141,1180,571,609
5035,7786,639,3798,442,7147,1182,571,611
5040,7797,639,3802,442,7158,1182,571,611
5045,7801,639,3803,442,7162,1182,571,611
5050,7811,640,3807,442,7171,1183,571,612
5055,7817,640,3810,442,7177,1185,573,612
5060,7828,641,3818,443,7186,1185,573,612
5065,7832,643,3821,445,7189,1185,573,612
5070,7842,644,3824,445,7198,1186,573,613
5075,7848,644,3829,445,7203,1188,574,614
5080,7859,646,3837,447,7213,1188,574,614
5085,7863,647,3840,448,7216,1188,574,614
5090,7873,648,3842,448,7225,1189,574,615
5095,7879,648,3844,448,7230,1192,575,617
5100,7890,650,3849,449,7240,1193,576,617
5105,7894,650,3852,449,7244,1193,576,617
5110,7904,650,3857,449,7254,1195,576,619
5115,7910,650,3862,449,7260,1196,577,619
5120,7921,651,3866,450,7270,1197,577,620
5125,7925,651,3868,450,7274,1197,577,620
5130,7935,651,3872,450,7284,1199,578,621
5135,7941,651,3877,450,7290,1200,578,622
5140,7952,652,3881,450,7300,1201,578,623
5145,7956,653,3883,451,7303,1201,578,623
5150,7966,654,3886,452,7312,1203,578,625
5155,7972,654,3889,452,7318,1204,578,626
5160,7983,655,3895,452,7328,1206,578,628
5165,7987,655,3895,452,7332,1206,578,628
5170,7997,655,3900,452,7342,1207,578,629
5175,8003,655,3902,452,7348,1209,580,629
5180,8014,656,3904,452,7358,1210,580,630
5185,8018,656,3906,452,7362,1210,580,630
5190,8028,656,3911,452,7372,1211,581,630
5195,8034,656,3913,452,7378,1213,582,631
5200,8045,657,3917,452,7388,1214,582,632
5205,8049,658,3919,453,7391,1214,582,632
5210,8059,658,3922,453,7401,1215,583,632
5215,8065,658,3924,453,7407,1217,584,633
5220,8076,660,3931,454,7415,1218,585,633
5225,8080,661,3932,455,7419,1218,585,633
5230,8090,662,3935,456,7428,1219,585,634
5235,8096,662,3937,456,7433,1220,585,635
5240,8107,664,3945,457,7443,1220,585,635
5245,8111,664,3947,457,7447,1220,585,635
5250,8121,665,3953,457,7456,1221,585,636
5255,8127,665,3957,457,7461,1222,586,636
5260,8138,667,3963,458,7471,1222,586,636
5265,8142,667,3964,458,7475,1222,586,636
5270,8152,668,3970,459,7484,1223,587,636
5275,8158,668,3975,459,7490,1225,589,636
5280,8169,669,3981,459,7500,1226,590,636
5285,8173,670,3983,460,7503,1226,590,636
5290,8183,671,3988,461,7512,1227,591,636
5295,8189,671,3989,461,7518,1228,591,637
5300,8200,672,3994,462,7528,1229,592,637
5305,8204,672,3997,462,7532,1229,592,637
5310,8214,673,4003,462,7541,1231,593,638
5315,8220,673,4005,462,7546,1232,593,639
5320,8231,675,4009,463,7556,1233,593,640
5325,8235,676,4011,464,7559,1233,593,640
5330,8245,677,4014,465,7568,1235,593,642
5335,8251,677,4015,465,7574,1237,594,643
5340,8262,679,4022,467,7582,1240,596,644
5345,8266,680,4023,468,7586,1240,596,644
5350,8276,680,4028,468,7596,1241,597,644
5355,8282,680,4031,468,7602,1242,598,644
5360,8293,680,4035,468,7613,1243,598,645
5365,8297,680,4037,468,7617,1243,598,645
5370,8307,680,4044,468,7627,1244,599,645
5375,8313,680,4048,468,7633,1245,600,645
5380,8324,680,4052,468,7644,1246,601,645
5385,8328,680,4053,468,7648,1246,601,645
5390,8338,680,4056,468,7658,1247,601,646
5395,8344,680,4060,468,7664,1249,603,646
5400,8355,680,4065,468,7675,1250,604,646
5405,8359,680,4067,468,7679,1250,604,646
5410,8369,680,4070,468,7689,1251,605,646
5415,8375,680,4073,468,7695,1252,606,646
5420,8386,681,4079,469,7705,1253,606,647
5425,8390,681,4082,469,7709,1253,606,647
5430,8400,681,4087,469,7719,1254,606,648
5435,8406,681,4089,469,7725,1255,606,649
5440,8417,682,4094,470,7735,1256,606,650
5445,8421,682,4098,470,7739,1256,606,650
5450,8431,683,4104,470,7748,1257,607,650
5455,8437,683,4107,470,7754,1258,608,650
5460,8448,684,4112,470,7764,1260,609,651
5465,8452,684,4114,470,7768,1260,609,651
5470,8462,685,4119,471,7777,1261,610,651
5475,8468,685,4119,471,7783,1263,610,653
5480,8479,686,4124,471,7793,1263,610,653
5485,8483,686,4127,471,7797,1263,610,653
5490,8493,687,4134,471,7806,1264,610,654
5495,8499,687,4138,471,7812,1266,611,655
5500,8510,688,4143,471,7822,1266,611,655
5505,8514,688,4146,471,7826,1266,611,655
5510,8524,689,4150,471,7835,1268,611,657
5515,8530,689,4153,471,7841,1271,613,658
5520,8541,690,4159,471,7851,1272,614,658
5525,8545,691,4160,472,7854,1272,614,658
5530,8555,692,4165,473,7863,1273,615,658
5535,8561,692,4169,473,7869,1275,617,658
5540,8572,693,4175,474,7879,1276,618,658
5545,8576,694,4177,475,7882,1276,618,658
5550,8586,695,4182,476,7891,1277,618,659
5555,8592,695,4186,476,7897,1279,619,660
5560,8603,696,4194,477,7907,1280,620,660
5565,8607,696,4196,477,7911,1280,620,660
5570,8617,697,4201,477,7920,1281,621,660
5575,8623,697,4203,477,7925,1283,622,661
5580,8634,700,4212,480,7933,1285,623,662
5585,8638,701,4214,481,7937,1285,623,662
5590,8648,701,4218,481,7947,1286,623,663
5595,8654,701,4220,481,7953,1287,624,663
5600,8665,701,4226,481,7964,1287,624,663
5605,8669,701,4228,481,7968,1287,624,663
5610,8679,701,4235,481,7978,1288,625,663
5615,8685,701,4236,481,7984,1289,625,664
5620,8696,701,4242,481,7995,1289,625,664
5625,8700,701,4245,481,7999,1289,625,664
5630,8710,701,4249,481,8009,1290,625,665
5635,8716,701,4250,481,8015,1291,626,665
5640,8727,701,4252,481,8026,1291,626,665
5645,8731,702,4253,482,8029,1291,626,665
5650,8741,702,4258,482,8039,1292,626,666
5655,8747,702,4259,482,8045,1293,626,667
5660,8758,703,4266,483,8055,1293,626,667
5665,8762,703,4267,483,8059,1293,626,667
5670,8772,703,4272,483,8069,1294,627,667
5675,8778,703,4277,483,8075,1295,628,667
5680,8789,704,4282,484,8085,1296,629,667
5685,8793,705,4284,485,8088,1296,629,667
5690,8803,706,4288,486,8097,1298,629,669
5695,8809,706,4291,486,8103,1299,629,670
5700,8820,708,4298,488,8111,1301,629,672
5705,8824,709,4300,489,8115,1301,629,672
5710,8834,710,4305,490,8124,1302,629,673
5715,8840,710,4305,490,8130,1304,629,675
5720,8851,710,4311,490,8141,1305,630,675
5725,8855,710,4312,490,8145,1305,630,675
5730,8865,711,4314,490,8154,1306,631,675
5735,8871,711,4316,490,8159,1308,631,677
5740,8882,712,4322,491,8170,1309,632,677
5745,8886,712,4324,491,8174,1309,632,677
5750,8896,713,4327,492,8183,1310,632,678
5755,8902,713,4330,492,8188,1312,633,679
5760,8913,714,4335,493,8199,1313,634,679
5765,8917,714,4339,493,8203,1313,634,679
5770,8927,715,4345,494,8212,1314,635,679
5775,8933,715,4350,494,8218,1316,637,679
5780,8944,715,4353,494,8229,1316,637,679
5785,8948,715,4354,494,8233,1316,637,679
5790,8958,716,4359,495,8242,1317,637,680
5795,8964,716,4361,495,8248,1320,638,682
5800,8975,716,4365,495,8259,1320,638,682
5805,8979,716,4365,495,8263,1320,638,682
5810,8989,717,4369,495,8272,1321,639,682
5815,8995,717,4370,495,8278,1324,639,685
5820,9006,720,4377,498,8285,1327,641,686
5825,9010,721,4378,499,8289,1327,641,686
5830,9020,721,4383,499,8299,1328,642,686
5835,9026,721,4387,499,8305,1329,643,686
5840,9037,721,4391,499,8316,1329,643,686
5845,9041,721,4395,499,8320,1329,643,686
5850,9051,721,4401,499,8330,1330,644,686
5855,9057,721,4405,499,8336,1331,644,687
5860,9068,721,4410,499,8347,1331,644,687
5865,9072,721,4413,499,8351,1331,644,687
5870,9082,721,4420,499,8361,1332,645,687
5875,9088,721,4426,499,8367,1333,646,687
5880,9099,721,4430,499,8378,1333,646,687
5885,9103,722,4432,500,8381,1333,646,687
5890,9113,725,4439,503,8388,1334,647,687
5895,9119,725,4442,503,8393,1335,647,688
5900,9130,728,4450,506,8401,1336,647,689
5905,9134,730,4453,508,8404,1336,647,689
5910,9144,731,4456,508,8413,1337,647,690
5915,9150,731,4457,508,8419,1338,647,691
5920,9161,734,4463,510,8426,1339,647,692
5925,9165,735,4464,511,8430,1339,647,692
5930,9175,737,4469,512,8438,1340,648,692
5935,9181,737,4473,512,8443,1342,648,694
5940,9192,741,4477,515,8451,1345,649,696
5945,9196,741,4480,515,8455,1345,649,696
5950,9206,741,4483,515,8465,1347,650,697
5955,9212,741,4487,515,8471,1349,651,698
5960,9223,741,4491,515,8482,1350,651,699
5965,9227,741,4495,515,8486,1350,651,699
5970,9237,741,4500,515,8496,1351,652,699
5975,9243,741,4504,515,8502,1352,653,699
5980,9254,741,4511,515,8513,1353,654,699
5985,9258,741,4513,515,8517,1353,654,699
5990,9268,741,4517,515,8527,1354,654,700
5995,9274,741,4519,515,8533,1355,655,700
6000,9285,741,4525,515,8544,1356,655,701
6005,9289,741,4525,515,8548,1356,655,701
6010,9299,741,4528,515,8558,1357,655,702
6015,9305,741,4531,515,8564,1358,656,702
6020,9316,741,4537,515,8575,1358,656,702
6025,9320,741,4538,515,8579,1358,656,702
6030,9330,741,4542,515,8589,1359,656,703
6035,9336,741,4545,515,8595,1360,657,703
6040,9347,741,4550,515,8606,1360,657,703
6045,9351,741,4551,515,8610,1360,657,703
6050,9361,742,4556,516,8619,1361,657,704
6055,9367,742,4558,516,8625,1362,657,705
6060,9378,742,4562,516,8636,1363,658,705
6065,9382,742,4565,516,8640,1363,658,705
6070,9392,743,4570,516,8649,1365,659,706
6075,9398,743,4574,516,8654,1366,659,707
6080,9409,744,4578,517,8665,1367,659,708
6085,9413,744,4580,517,8669,1367,659,708
6090,9423,745,4584,517,8678,1369,660,709
6095,9429,745,4588,517,8684,1370,661,709
6100,9440,745,4595,517,8695,1371,662,709
6105,9444,745,4598,517,8699,1371,662,709
6110,9454,747,4604,518,8707,1373,663,710
6115,9460,747,4608,518,8712,1374,664,710
6120,9471,750,4615,521,8721,1375,665,710
6125,9475,751,4617,522,8724,1375,665,710
6130,9485,751,4622,522,8734,1376,665,711
6135,9491,751,4628,522,8740,1377,666,711
6140,9502,752,4634,522,8750,1377,666,711
6145,9506,752,4635,522,8754,1377,666,711
6150,9516,752,4640,522,8764,1378,666,712
6155,9522,752,4645,522,8770,1379,667,712
6160,9533,753,4652,523,8780,1379,667,712
6165,9537,753,4653,523,8784,1379,667,712
6170,9547,753,4657,523,8794,1380,668,712
6175,9553,753,4659,523,8800,1382,669,713
6180,9564,754,4666,524,8810,1383,670,713
6185,9568,755,4667,525,8813,1383,670,713
6190,9578,755,4672,525,8823,1384,671,713
6195,9584,755,4675,525,8829,1386,671,715
6200,9595,756,4684,526,8839,1387,672,715
6205,9599,757,4686,527,8842,1387,672,715
6210,9609,757,4693,527,8852,1388,673,715
6215,9615,757,4697,527,8858,1390,675,715
6220,9626,758,4702,527,8868,1391,676,715
6225,9630,758,4704,527,8872,1391,676,715
6230,9640,759,4710,528,8881,1392,676,716
6235,9646,759,4713,528,8887,1394,676,718
6240,9657,760,4721,529,8896,1396,678,718
6245,9661,761,4723,530,8900,1396,678,718
6250,9671,761,4730,530,8910,1398,680,718
6255,9677,761,4731,530,8916,1399,680,719
6260,9688,761,4736,530,8927,1399,680,719
6265,9692,761,4738,530,8931,1399,680,719
6270,9702,761,4743,530,8941,1401,682,719
6275,9708,761,4744,530,8947,1402,682,720
6280,9719,761,4751,530,8958,1402,682,720
6285,9723,761,4753,530,8962,1402,682,720
6290,9733,761,4758,530,8972,1403,683,720
6295,9739,761,4761,530,8978,1404,684,720
6300,9750,761,4769,530,8989,1405,685,720
6305,9754,761,4771,530,8993,1405,685,720
6310,9764,761,4776,530,9003,1406,686,720
6315,9770,761,4779,530,9009,1407,686,721
6320,9781,761,4783,530,9020,1408,687,721
6325,9785,761,4784,530,9024,1408,687,721
6330,9795,761,4790,530,9034,1409,687,722
6335,9801,761,4793,530,9040,1410,687,723
6340,9812,761,4795,530,9051,1411,687,724
6345,9816,761,4796,530,9055,1411,687,724
6350,9826,762,4799,530,9064,1412,687,725
6355,9832,762,4803,530,9069,1415,688,727
6360,9843,766,4809,534,9076,1418,689,729
6365,9847,767,4810,535,9080,1418,689,729
6370,9857,767,4815,535,9090,1419,689,730
6375,9863,767,4818,535,9096,1420,690,730
6380,9874,768,4825,536,9106,1420,690,730
6385,9878,768,4827,536,9110,1420,690,730
6390,9888,768,4834,536,9120,1422,692,730
6395,9894,768,4837,536,9126,1423,692,731
6400,9905,769,4843,536,9136,1423,692,731
6405,9909,769,4845,536,9140,1423,692,731
6410,9919,769,4851,536,9150,1425,693,732
6415,9925,769,4853,536,9156,1426,694,732
6420,9936,770,4859,537,9166,1426,694,732
6425,9940,770,4861,537,9170,1426,694,732
6430,9950,771,4865,537,9179,1428,695,733
6435,9956,771,4867,537,9185,1429,695,734
6440,9967,772,4871,537,9195,1429,695,734
6445,9971,772,4872,537,9199,1429,695,734
6450,9981,773,4875,538,9208,1431,696,735
6455,9987,773,4877,538,9214,1432,697,735
6460,9998,774,4879,539,9224,1432,697,735
6465,10002,774,4880,539,9228,1432,697,735
6470,10012,775,4885,540,9237,1434,698,736
6475,10018,775,4889,540,9243,1436,699,737
6480,10029,778,4896,542,9251,1438,700,738
6485,10033,778,4898,542,9255,1438,700,738
6490,10043,778,4901,542,9265,1439,700,739
6495,10049,778,4903,542,9271,1440,700,740
6500,10060,778,4909,542,9282,1440,700,740
6505,10064,778,4912,542,9286,1440,700,740
6510,10074,778,4916,542,9296,1441,700,741
6515,10080,778,4919,542,9302,1442,700,742
6520,10091,778,4926,542,9313,1442,700,742
6525,10095,778,4926,542,9317,1442,700,742
6530,10105,778,4929,542,9327,1443,701,742
6535,10111,778,4931,542,9333,1444,701,743
6540,10122,778,4940,542,9344,1444,701,743
6545,10126,778,4943,542,9348,1444,701,743
6550,10136,778,4950,542,9358,1445,702,743
6555,10142,778,4952,542,9364,1446,703,743
6560,10153,778,4957,542,9375,1446,703,743
6565,10157,778,4960,542,9379,1446,703,743
6570,10167,778,4964,542,9389,1447,704,743
6575,10173,778,4968,542,9395,1448,704,744
6580,10184,778,4971,542,9406,1448,704,744
6585,10188,778,4973,542,9410,1448,704,744
6590,10198,779,4978,543,9419,1450,705,745
6595,10204,779,4980,543,9424,1452,706,746
6600,10215,781,4985,545,9433,1455,708,747
6605,10219,782,4987,546,9437,1455,708,747
6610,10229,783,4991,546,9446,1456,709,747
6615,10235,783,4993,546,9452,1458,710,748
6620,10246,784,5001,547,9462,1460,711,749
6625,10250,785,5004,548,9465,1460,711,749
6630,10260,786,5007,548,9474,1461,711,750
6635,10266,786,5007,548,9480,1463,711,752
6640,10277,787,5013,549,9490,1465,711,754
6645,10281,787,5014,549,9494,1465,711,754
6650,10291,788,5019,549,9503,1466,712,754
6655,10297,788,5021,549,9509,1468,713,755
6660,10308,789,5026,549,9519,1470,714,756
6665,10312,789,5028,549,9523,1470,714,756
6670,10322,790,5037,550,9532,1471,715,756
6675,10328,790,5040,550,9538,1473,717,756
6680,10339,791,5045,551,9548,1475,717,758
6685,10343,792,5048,552,9551,1475,717,758
6690,10353,793,5053,553,9560,1476,717,759
6695,10359,793,5055,553,9566,1478,718,760
6700,10370,794,5060,554,9576,1480,719,761
6705,10374,795,5063,555,9579,1480,719,761
6710,10384,796,5072,556,9588,1481,720,761
6715,10390,796,5077,556,9593,1484,723,761
6720,10401,799,5085,559,9602,1486,725,761
6725,10405,799,5086,559,9606,1486,725,761
6730,10415,799,5091,559,9616,1487,725,762
6735,10421,799,5095,559,9622,1488,726,762
6740,10432,799,5102,559,9633,1488,726,762
6745,10436,799,5104,559,9637,1488,726,762
6750,10446,799,5106,559,9647,1489,726,763
6755,10452,799,5107,559,9653,1490,726,764
6760,10463,799,5113,559,9664,1490,726,764
6765,10467,799,5114,559,9668,1490,726,764
6770,10477,799,5119,559,9678,1491,727,764
6775,10483,799,5121,559,9684,1492,728,764
6780,10494,799,5126,559,9695,1492,728,764
6785,10498,799,5127,559,9699,1492,728,764
6790,10508,799,5133,559,9709,1493,729,764
6795,10514,799,5136,559,9715,1494,730,764
6800,10525,799,5140,559,9726,1494,730,764
6805,10529,799,5143,559,9730,1494,730,764
6810,10539,799,5149,559,9740,1495,731,764
6815,10545,799,5154,559,9746,1496,732,764
6820,10556,799,5161,559,9757,1496,732,764
6825,10560,799,5164,559,9761,1496,732,764
6830,10570,800,5168,559,9770,1498,733,765
6835,10576,800,5171,559,9776,1499,733,766
6840,10587,803,5176,562,9784,1500,733,767
6845,10591,803,5176,562,9788,1500,733,767
6850,10601,803,5178,562,9798,1501,733,768
6855,10607,803,5182,562,9804,1503,735,768
6860,10618,805,5188,563,9813,1504,736,768
6865,10622,806,5191,564,9816,1504,736,768
6870,10632,806,5199,564,9826,1505,737,768
6875,10638,806,5202,564,9832,1506,738,768
6880,10649,807,5204,564,9842,1507,738,769
6885,10653,807,5205,564,9846,1507,738,769
6890,10663,807,5209,564,9856,1508,738,770
6895,10669,807,5213,564,9862,1509,739,770
6900,10680,809,5218,565,9870,1510,740,770
6905,10684,810,5219,566,9874,1510,740,770
6910,10694,810,5224,566,9884,1511,740,771
6915,10700,810,5227,566,9890,1512,740,772
6920,10711,811,5234,567,9900,1512,740,772
6925,10715,811,5235,567,9904,1512,740,772
6930,10725,811,5240,567,9914,1513,741,772
6935,10731,811,5245,567,9920,1514,742,772
6940,10742,812,5250,567,9930,1514,742,772
6945,10746,812,5252,567,9934,1514,742,772
6950,10756,813,5255,567,9943,1515,743,772
6955,10762,813,5259,567,9949,1516,744,772
6960,10773,815,5264,568,9958,1518,745,773
6965,10777,816,5265,569,9961,1518,745,773
6970,10787,817,5272,570,9970,1520,747,773
6975,10793,817,5275,570,9976,1522,749,773
6980,10804,819,5282,572,9985,1524,749,775
6985,10808,820,5285,573,9988,1524,749,775
6990,10818,821,5291,574,9997,1526,750,776
6995,10824,821,5294,574,10002,1528,751,777
7000,10835,824,5300,576,10011,1530,752,778
7005,10839,825,5302,577,10014,1530,752,778
7010,10849,826,5303,578,10023,1532,752,780
7015,10855,826,5304,578,10029,1534,752,782
7020,10866,828,5311,579,10038,1537,753,784
7025,10870,828,5313,579,10042,1537,753,784
7030,10880,828,5317,579,10052,1538,753,785
7035,10886,828,5321,579,10058,1539,754,785
7040,10897,828,5328,579,10069,1539,754,785
7045,10901,828,5332,579,10073,1539,754,785
7050,10911,828,5336,579,10083,1540,754,786
7055,10917,828,5339,579,10089,1541,754,787
7060,10928,828,5346,579,10100,1541,754,787
7065,10932,828,5348,579,10104,1541,754,787
7070,10942,828,5354,579,10114,1542,755,787
7075,10948,828,5358,579,10120,1543,755,788
7080,10959,828,5367,579,10131,1543,755,788
7085,10963,828,5368,579,10135,1543,755,788
7090,10973,828,5373,579,10145,1544,756,788
7095,10979,828,5376,579,10151,1545,756,789
7100,10990,828,5381,579,10162,1545,756,789
7105,10994,828,5385,579,10166,1545,756,789
7110,11004,828,5392,579,10176,1546,757,789
7115,11010,828,5395,579,10182,1547,758,789
7120,11021,828,5401,579,10193,1547,758,789
7125,11025,828,5402,579,10197,1547,758,789
7130,11035,829,5409,580,10206,1548,758,790
7135,11041,829,5410,580,10212,1549,758,791
7140,11052,830,5415,580,10222,1550,759,791
7145,11056,831,5417,581,10225,1550,759,791
7150,11066,832,5422,581,10234,1552,760,792
7155,11072,832,5425,581,10239,1554,760,794
7160,11083,835,5429,583,10248,1556,760,796
7165,11087,837,5432,585,10250,1556,760,796
7170,11097,839,5436,586,10258,1558,761,797
7175,11103,839,5439,586,10264,1560,763,797
7180,11114,840,5444,587,10274,1562,764,798
7185,11118,842,5446,589,10276,1562,764,798
7190,11128,843,5452,590,10285,1564,765,799
7195,11134,843,5455,590,10290,1566,766,800
7200,11145,845,5461,592,10300,1568,767,801
7205,11149,846,5463,593,10303,1568,767,801
7210,11159,847,5467,594,10312,1569,768,801
7215,11165,847,5471,594,10318,1571,770,801
7220,11176,849,5474,595,10327,1572,770,802
7225,11180,849,5475,595,10331,1572,770,802
7230,11190,850,5480,596,10340,1573,771,802
7235,11196,850,5484,596,10345,1575,771,804
7240,11207,853,5489,599,10353,1576,771,805
7245,11211,855,5492,601,10356,1576,771,805
7250,11221,856,5499,601,10365,1577,772,805
7255,11227,856,5502,601,10371,1579,773,806
7260,11238,858,5509,603,10379,1581,775,806
7265,11242,859,5511,604,10383,1581,775,806
7270,11252,859,5517,604,10393,1582,776,806
7275,11258,859,5522,604,10399,1583,777,806
7280,11269,859,5529,604,10410,1584,777,807
7285,11273,859,5530,604,10414,1584,777,807
7290,11283,859,5535,604,10424,1585,778,807
7295,11289,859,5538,604,10430,1586,779,807
7300,11300,859,5542,604,10441,1587,779,808
7305,11304,859,5544,604,10445,1587,779,808
7310,11314,859,5549,604,10455,1588,780,808
7315,11320,859,5553,604,10461,1590,782,808
7320,11331,859,5557,604,10472,1592,783,809
7325,11335,859,5560,604,10476,1592,783,809
7330,11345,859,5563,604,10486,1593,783,810
7335,11351,859,5564,604,10492,1596,783,813
7340,11362,859,5567,604,10503,1597,783,814
7345,11366,859,5569,604,10507,1597,783,814
7350,11376,859,5573,604,10517,1598,783,815
7355,11382,859,5576,604,10523,1599,784,815
7360,11393,859,5581,604,10534,1600,785,815
7365,11397,859,5583,604,10538,1600,785,815
7370,11407,860,5586,604,10547,1601,785,816
7375,11413,860,5589,604,10553,1602,786,816
7380,11424,861,5593,605,10563,1604,786,818
7385,11428,861,5595,605,10567,1604,786,818
7390,11438,862,5599,606,10576,1605,787,818
7395,11444,862,5604,606,10582,1606,787,819
7400,11455,862,5607,606,10593,1607,787,820
7405,11459,862,5609,606,10597,1607,787,820
7410,11469,863,5616,606,10606,1608,788,820
7415,11475,863,5618,606,10612,1609,788,821
7420,11486,863,5623,606,10623,1610,788,822
7425,11490,863,5626,606,10627,1610,788,822
7430,11500,864,5630,607,10636,1611,789,822
7435,11506,864,5633,607,10642,1612,790,822
7440,11517,865,5636,607,10652,1613,790,823
7445,11521,865,5637,607,10656,1613,790,823
7450,11531,866,5641,608,10665,1614,790,824
7455,11537,866,5643,608,10671,1616,790,826
7460,11548,867,5644,608,10681,1618,790,828
7465,11552,868,5646,609,10684,1618,790,828
7470,11562,869,5651,609,10693,1619,790,829
7475,11568,869,5653,609,10699,1621,791,830
7480,11579,870,5656,609,10708,1623,792,831
7485,11583,871,5656,610,10712,1623,792,831
7490,11593,872,5660,610,10721,1624,792,832
7495,11599,872,5663,610,10726,1626,794,832
7500,11610,876,5668,613,10734,1629,795,834
7505,11614,877,5671,614,10737,1629,795,834
7510,11624,877,5675,614,10747,1630,795,835
7515,11630,877,5677,614,10753,1632,796,836
7520,11641,878,5683,615,10763,1633,797,836
7525,11645,878,5685,615,10767,1633,797,836
7530,11655,878,5690,615,10777,1634,798,836
7535,11661,878,5691,615,10783,1636,799,837
7540,11672,880,5697,616,10792,1637,800,837
7545,11676,880,5699,616,10796,1637,800,837
7550,11686,880,5704,616,10806,1638,801,837
7555,11692,880,5705,616,10812,1640,801,839
7560,11703,881,5707,616,10822,1641,801,840
7565,11707,881,5710,616,10826,1641,801,840
7570,11717,881,5718,616,10836,1643,802,841
7575,11723,881,5720,616,10842,1644,802,842
7580,11734,883,5725,617,10851,1645,802,843
7585,11738,884,5728,618,10854,1645,802,843
7590,11748,884,5734,618,10864,1647,804,843
7595,11754,884,5738,618,10870,1648,805,843
7600,11765,886,5744,620,10879,1649,805,844
7605,11769,886,5745,620,10883,1649,805,844
7610,11779,887,5749,620,10892,1650,805,845
7615,11785,887,5752,620,10897,1651,806,845
7620,11796,890,5756,623,10906,1653,806,847
7625,11800,890,5758,623,10910,1653,806,847
7630,11810,890,5759,623,10920,1654,806,848
7635,11816,890,5762,623,10926,1655,807,848
7640,11827,890,5768,623,10937,1655,807,848
7645,11831,890,5772,623,10941,1655,807,848
7650,11841,890,5776,623,10951,1656,807,849
7655,11847,890,5778,623,10957,1657,808,849
7660,11858,890,5783,623,10968,1657,808,849
7665,11862,890,5787,623,10972,1657,808,849
7670,11872,890,5793,623,10982,1658,808,850
7675,11878,890,5796,623,10988,1659,808,851
7680,11889,890,5803,623,10999,1659,808,851
7685,11893,890,5806,623,11003,1659,808,851
7690,11903,890,5813,623,11013,1660,809,851
7695,11909,890,5814,623,11019,1661,809,852
7700,11920,890,5823,623,11030,1661,809,852
7705,11924,890,5825,623,11034,1661,809,852
7710,11934,890,5830,623,11044,1662,809,853
7715,11940,890,5832,623,11050,1663,809,854
7720,11951,890,5837,623,11061,1663,809,854
7725,11955,890,5839,623,11065,1663,809,854
7730,11965,891,5845,624,11074,1664,810,854
7735,11971,891,5846,624,11080,1666,810,856
7740,11982,893,5851,625,11089,1668,810,858
7745,11986,893,5853,625,11093,1668,810,858
7750,11996,894,5857,626,11102,1670,810,860
7755,12002,894,5860,626,11107,1672,810,862
7760,12013,897,5866,628,11116,1673,810,863
7765,12017,897,5868,628,11120,1673,810,863
7770,12027,898,5874,629,11129,1675,811,864
7775,12033,898,5877,629,11135,1677,813,864
7780,12044,899,5883,630,11145,1678,814,864
7785,12048,900,5885,631,11148,1678,814,864
7790,12058,901,5889,631,11157,1680,816,864
7795,12064,901,5894,631,11162,1682,818,864
7800,12075,903,5899,632,11172,1684,818,866
7805,12079,903,5901,632,11176,1684,818,866
7810,12089,904,5907,632,11185,1686,820,866
7815,12095,904,5913,632,11190,1688,822,866
7820,12106,906,5917,634,11200,1690,822,868
7825,12110,907,5918,635,11203,1690,822,868
7830,12120,908,5923,636,11212,1692,824,868
7835,12126,908,5928,636,11218,1694,826,868
7840,12137,909,5936,637,11228,1696,827,869
7845,12141,910,5937,638,11231,1696,827,869
7850,12151,911,5940,638,11240,1698,828,870
7855,12157,911,5944,638,11245,1701,830,871
7860,12168,914,5949,640,11254,1704,832,872
7865,12172,914,5952,640,11258,1704,832,872
7870,12182,914,5955,640,11268,1705,832,873
7875,12188,914,5958,640,11274,1706,833,873
7880,12199,914,5960,640,11285,1707,833,874
7885,12203,914,5962,640,11289,1707,833,874
7890,12213,914,5966,640,11299,1708,833,875
7895,12219,914,5971,640,11305,1709,834,875
7900,12230,914,5978,640,11316,1709,834,875
7905,12234,914,5978,640,11320,1709,834,875
7910,12244,914,5986,640,11330,1710,835,875
7915,12250,914,5987,640,11336,1711,835,876
7920,12261,914,5992,640,11347,1711,835,876
7925,12265,914,5992,640,11351,1711,835,876
7930,12275,914,5994,640,11361,1712,836,876
7935,12281,914,5996,640,11367,1713,837,876
7940,12292,914,6001,640,11378,1713,837,876
7945,12296,914,6003,640,11382,1713,837,876
7950,12306,914,6005,640,11392,1714,838,876
7955,12312,914,6005,640,11398,1715,838,877
7960,12323,914,6010,640,11409,1715,838,877
7965,12327,914,6013,640,11413,1715,838,877
7970,12337,915,6017,641,11422,1717,839,878
7975,12343,915,6020,641,11427,1719,840,879
7980,12354,918,6024,643,11436,1721,840,881
7985,12358,918,6024,643,11440,1721,840,881
7990,12368,919,6028,643,11449,1722,841,881
7995,12374,919,6031,643,11454,1724,841,883
8000,12385,921,6032,644,11464,1727,841,886
8005,12389,921,6032,644,11468,1727,841,886
8010,12399,922,6036,644,11477,1728,841,887
8015,12405,922,6037,644,11483,1730,841,889
8020,12416,924,6042,646,11492,1733,842,891
8025,12420,925,6044,647,11495,1733,842,891
8030,12430,926,6048,647,11504,1734,843,891
8035,12436,926,6049,647,11510,1736,843,893
8040,12447,928,6054,649,11518,1739,844,895
8045,12451,929,6056,650,11522,1739,844,895
8050,12461,929,6064,650,11532,1740,844,896
8055,12467,929,6065,650,11538,1742,845,897
8060,12478,929,6066,650,11549,1743,845,898
8065,12482,929,6068,650,11553,1743,845,898
8070,12492,929,6075,650,11563,1744,846,898
8075,12498,929,6078,650,11569,1745,847,898
8080,12509,929,6083,650,11580,1745,847,898
8085,12513,929,6084,650,11584,1745,847,898
8090,12523,929,6087,650,11594,1746,848,898
8095,12529,929,6090,650,11600,1748,849,899
8100,12540,929,6096,650,11611,1748,849,899
8105,12544,930,6098,651,11614,1748,849,899
8110,12554,931,6102,652,11623,1749,849,900
8115,12560,931,6103,652,11629,1750,849,901
8120,12571,931,6109,652,11640,1750,849,901
8125,12575,931,6111,652,11644,1750,849,901
8130,12585,932,6117,653,11653,1751,849,902
8135,12591,932,6119,653,11659,1752,849,903
8140,12602,932,6125,653,11670,1752,849,903
8145,12606,933,6127,654,11673,1752,849,903
8150,12616,934,6133,654,11682,1753,850,903
8155,12622,934,6136,654,11688,1754,851,903
8160,12633,936,6143,655,11696,1755,852,903
8165,12637,937,6145,656,11700,1755,852,903
8170,12647,937,6149,656,11710,1756,853,903
8175,12653,937,6152,656,11716,1758,854,904
8180,12664,938,6155,656,11726,1759,854,905
8185,12668,938,6158,656,11730,1759,854,905
8190,12678,938,6163,656,11740,1761,855,906
8195,12684,938,6166,656,11746,1763,856,907
8200,12695,939,6171,657,11756,1764,856,908
8205,12699,939,6175,657,11760,1764,856,908
8210,12709,939,6176,657,11770,1766,857,909
8215,12715,939,6179,657,11776,1768,859,909
8220,12726,940,6181,657,11786,1769,859,910
8225,12730,941,6184,658,11789,1769,859,910
8230,12740,942,6188,658,11798,1771,859,912
8235,12746,942,6189,658,11804,1772,859,913
8240,12757,943,6190,658,11814,1772,859,913
8245,12761,943,6192,658,11818,1772,859,913
8250,12771,944,6198,659,11827,1774,861,913
8255,12777,944,6200,659,11833,1775,861,914
8260,12788,945,6206,659,11843,1775,861,914
8265,12792,945,6208,659,11847,1775,861,914
8270,12802,946,6213,660,11856,1777,862,915
8275,12808,946,6216,660,11862,1778,863,915
8280,12819,947,6220,660,11872,1779,864,915
8285,12823,948,6223,661,11875,1779,864,915
8290,12833,949,6230,661,11884,1780,865,915
8295,12839,949,6231,661,11890,1782,865,917
8300,12850,951,6239,663,11899,1783,866,917
8305,12854,952,6241,664,11902,1783,866,917
8310,12864,953,6246,664,11911,1784,867,917
8315,12870,953,6250,664,11917,1786,868,918
8320,12881,955,6256,666,11926,1787,868,919
8325,12885,956,6259,667,11929,1787,868,919
8330,12895,957,6262,667,11938,1788,868,920
8335,12901,957,6266,667,11944,1790,870,920
8340,12912,957,6271,667,11955,1792,871,921
8345,12916,957,6272,667,11959,1792,871,921
8350,12926,958,6275,667,11968,1793,871,922
8355,12932,958,6277,667,11974,1794,871,923
8360,12943,959,6283,668,11984,1795,871,924
8365,12947,959,6286,668,11988,1795,871,924
8370,12957,960,6291,668,11997,1796,872,924
8375,12963,960,6293,668,12003,1797,873,924
8380,12974,961,6301,669,12013,1798,874,924
8385,12978,961,6303,669,12017,1798,874,924
8390,12988,962,6310,670,12026,1800,875,925
8395,12994,962,6314,670,12032,1801,876,925
8400,13005,963,6321,671,12041,1803,877,926
8405,13009,964,6324,672,12045,1803,877,926
8410,13019,964,6328,672,12055,1804,877,927
8415,13025,964,6331,672,12061,1805,877,928
8420,13036,964,6339,672,12072,1805,877,928
8425,13040,964,6342,672,12076,1805,877,928
8430,13050,964,6347,672,12086,1806,877,929
8435,13056,964,6351,672,12092,1807,878,929
8440,13067,965,6358,673,12102,1807,878,929
8445,13071,965,6359,673,12106,1807,878,929
8450,13081,965,6363,673,12116,1808,878,930
8455,13087,965,6366,673,12122,1809,879,930
8460,13098,966,6368,673,12132,1810,879,931
8465,13102,966,6368,673,12136,1810,879,931
8470,13112,967,6373,674,12145,1811,879,932
8475,13118,967,6376,674,12150,1812,879,933
8480,13129,969,6382,675,12160,1813,880,933
8485,13133,971,6385,677,12162,1813,880,933
8490,13143,972,6387,677,12171,1814,880,934
8495,13149,972,6389,677,12177,1815,880,935
8500,13160,973,6394,677,12187,1816,880,936
8505,13164,974,6396,678,12190,1816,880,936
8510,13174,975,6401,678,12199,1818,881,937
8515,13180,975,6404,678,12205,1821,882,939
8520,13191,976,6410,679,12215,1823,883,940
8525,13195,977,6413,680,12218,1823,883,940
8530,13205,977,6416,680,12228,1825,884,941
8535,13211,977,6419,680,12234,1826,885,941
8540,13222,978,6423,681,12244,1828,885,943
8545,13226,979,6425,682,12247,1828,885,943
8550,13236,979,6432,682,12257,1829,886,943
8555,13242,979,6433,682,12263,1830,886,944
8560,13253,980,6440,682,12273,1832,888,944
8565,13257,980,6442,682,12277,1832,888,944
8570,13267,980,6445,682,12287,1833,888,945
8575,13273,980,6445,682,12293,1834,888,946
8580,13284,981,6449,683,12303,1836,888,948
8585,13288,982,6452,684,12306,1836,888,948
8590,13298,982,6456,684,12316,1837,889,948
8595,13304,982,6461,684,12322,1838,890,948
8600,13315,982,6465,684,12333,1839,890,949
8605,13319,982,6466,684,12337,1839,890,949
8610,13329,982,6474,684,12347,1840,891,949
8615,13335,982,6478,684,12353,1841,891,950
8620,13346,982,6486,684,12364,1842,892,950
8625,13350,982,6488,684,12368,1842,892,950
8630,13360,983,6491,684,12377,1843,893,950
8635,13366,983,6495,684,12382,1845,894,951
8640,13377,985,6501,686,12391,1847,896,951
8645,13381,986,6503,687,12395,1847,896,951
8650,13391,987,6506,687,12404,1849,897,952
8655,13397,987,6511,687,12410,1850,898,952
8660,13408,988,6517,687,12420,1851,898,953
8665,13412,989,6520,688,12423,1851,898,953
8670,13422,990,6528,689,12432,1853,900,953
8675,13428,990,6530,689,12438,1854,900,954
8680,13439,991,6536,689,12448,1855,900,955
8685,13443,991,6538,689,12452,1855,900,955
8690,13453,992,6541,689,12461,1857,901,956
8695,13459,992,6543,689,12467,1858,901,957
8700,13470,994,6550,691,12476,1859,902,957
8705,13474,996,6554,693,12478,1859,902,957
8710,13484,997,6556,693,12487,1860,902,958
8715,13490,997,6558,693,12493,1862,902,960
8720,13501,998,6563,694,12503,1863,902,961
8725,13505,999,6566,695,12506,1863,902,961
8730,13515,1000,6571,696,12515,1864,903,961
8735,13521,1000,6575,696,12521,1866,905,961
8740,13532,1001,6582,697,12530,1867,905,962
8745,13536,1003,6586,699,12533,1867,905,962
8750,13546,1004,6590,700,12542,1868,905,963
8755,13552,1004,6592,700,12548,1871,907,964
8760,13563,1005,6598,701,12557,1872,907,965
8765,13567,1006,6600,702,12561,1872,907,965
8770,13577,1006,6606,702,12571,1874,907,967
8775,13583,1006,6611,702,12577,1876,909,967
8780,13594,1007,6616,703,12587,1878,910,968
8785,13598,1007,6619,703,12591,1878,910,968
8790,13608,1007,6623,703,12601,1880,911,969
8795,13614,1007,6624,703,12607,1882,911,971
8800,13625,1008,6628,703,12617,1884,912,972
8805,13629,1009,6632,704,12620,1884,912,972
8810,13639,1009,6634,704,12630,1885,912,973
8815,13645,1009,6637,704,12636,1887,913,974
8820,13656,1011,6642,706,12645,1889,914,975
8825,13660,1011,6644,706,12649,1889,914,975
8830,13670,1012,6649,707,12658,1890,915,975
8835,13676,1012,6652,707,12664,1892,915,977
8840,13687,1012,6658,707,12675,1893,915,978
8845,13691,1013,6660,708,12678,1893,915,978
8850,13701,1014,6664,709,12687,1894,915,979
8855,13707,1014,6667,709,12692,1896,916,980
8860,13718,1015,6669,710,12703,1897,917,980
8865,13722,1016,6671,711,12706,1897,917,980
8870,13732,1017,6673,712,12715,1898,917,981
8875,13738,1017,6677,712,12720,1899,918,981
8880,13749,1018,6683,713,12731,1900,918,982
8885,13753,1018,6684,713,12735,1900,918,982
8890,13763,1019,6686,713,12744,1902,918,984
8895,13769,1019,6688,713,12750,1903,919,984
8900,13780,1019,6693,713,12761,1903,919,984
8905,13784,1019,6695,713,12765,1903,919,984
8910,13794,1020,6701,713,12774,1904,920,984
8915,13800,1020,6704,713,12779,1905,920,985
8920,13811,1021,6710,714,12790,1905,920,985
8925,13815,1021,6713,714,12794,1905,920,985
8930,13825,1022,6719,715,12803,1906,920,986
8935,13831,1022,6721,715,12809,1907,920,987
8940,13842,1023,6727,715,12818,1908,921,987
8945,13846,1024,6728,716,12822,1908,921,987
8950,13856,1024,6731,716,12832,1909,921,988
8955,13862,1024,6732,716,12838,1911,922,989
8960,13873,1025,6736,717,12848,1911,922,989
8965,13877,1025,6737,717,12852,1911,922,989
8970,13887,1025,6741,717,12862,1912,922,990
8975,13893,1025,6743,717,12868,1914,922,992
8980,13904,1026,6746,717,12878,1914,922,992
8985,13908,1027,6747,718,12881,1914,922,992
8990,13918,1027,6753,718,12891,1915,922,993
8995,13924,1027,6754,718,12897,1918,923,995
9000,13935,1028,6758,718,12907,1919,924,995
9005,13939,1028,6760,718,12911,1919,924,995
9010,13949,1029,6766,718,12920,1920,925,995
9015,13955,1029,6769,718,12926,1921,925,996
9020,13966,1029,6772,718,12937,1922,925,997
9025,13970,1029,6773,718,12941,1922,925,997
9030,13980,1030,6777,718,12950,1923,925,998
9035,13986,1030,6781,718,12955,1924,926,998
9040,13997,1031,6787,719,12966,1924,926,998
9045,14001,1031,6788,719,12970,1924,926,998
9050,14011,1032,6791,719,12979,1925,926,999
9055,14017,1032,6794,719,12984,1926,926,1000
9060,14028,1033,6799,720,12995,1927,926,1001
9065,14032,1033,6800,720,12999,1927,926,1001
9070,14042,1034,6802,720,13008,1928,926,1002
9075,14048,1034,6804,720,13014,1930,926,1004
9080,14059,1034,6810,720,13025,1931,926,1005
9085,14063,1034,6812,720,13029,1931,926,1005
9090,14073,1035,6820,721,13038,1932,927,1005
9095,14079,1035,6821,721,13044,1934,927,1007
9100,14090,1035,6829,721,13055,1935,928,1007
9105,14094,1035,6832,721,13059,1935,928,1007
9110,14104,1036,6836,722,13068,1936,929,1007
9115,14110,1036,6838,722,13074,1939,931,1008
9120,14121,1037,6843,722,13084,1941,933,1008
9125,14125,1037,6843,722,13088,1941,933,1008
9130,14135,1038,6848,723,13097,1943,933,1010
9135,14141,1038,6853,723,13103,1945,935,1010
9140,14152,1038,6856,723,13114,1947,936,1011
9145,14156,1038,6856,723,13118,1947,936,1011
9150,14166,1039,6862,723,13127,1948,937,1011
9155,14172,1039,6864,723,13133,1950,938,1012
9160,14183,1039,6868,723,13144,1952,939,1013
9165,14187,1039,6868,723,13148,1952,939,1013
9170,14197,1040,6873,724,13157,1953,940,1013
9175,14203,1040,6874,724,13163,1955,940,1015
9180,14214,1040,6878,724,13174,1957,941,1016
9185,14218,1041,6880,725,13177,1957,941,1016
9190,14228,1042,6886,725,13186,1958,941,1017
9195,14234,1042,6887,725,13192,1960,941,1019
9200,14245,1042,6895,725,13203,1962,943,1019
9205,14249,1043,6898,726,13206,1962,943,1019
9210,14259,1044,6902,726,13215,1963,944,1019
9215,14265,1044,6908,726,13221,1966,947,1019
9220,14276,1044,6914,726,13232,1968,948,1020
9225,14280,1045,6917,727,13235,1968,948,1020
9230,14290,1046,6924,728,13244,1969,949,1020
9235,14296,1046,6926,728,13250,1973,950,1023
9240,14307,1048,6930,729,13259,1974,951,1023
9245,14311,1049,6931,730,13262,1974,951,1023
9250,14321,1049,6937,730,13272,1975,952,1023
9255,14327,1049,6941,730,13278,1976,952,1024
9260,14338,1052,6947,733,13286,1978,952,1026
9265,14342,1053,6948,734,13289,1978,952,1026
9270,14352,1053,6953,734,13299,1979,952,1027
9275,14358,1053,6955,734,13305,1980,952,1028
9280,14369,1053,6956,734,13316,1981,952,1029
9285,14373,1053,6958,734,13320,1981,952,1029
9290,14383,1053,6964,734,13330,1982,953,1029
9295,14389,1053,6967,734,13336,1983,954,1029
9300,14400,1053,6972,734,13347,1983,954,1029
9305,14404,1053,6975,734,13351,1983,954,1029
9310,14414,1053,6977,734,13361,1984,954,1030
9315,14420,1053,6978,734,13367,1985,954,1031
9320,14431,1053,6985,734,13378,1985,954,1031
9325,14435,1053,6986,734,13382,1985,954,1031
9330,14445,1053,6992,734,13392,1986,955,1031
9335,14451,1053,6995,734,13398,1987,956,1031
9340,14462,1053,7001,734,13409,1988,956,1032
9345,14466,1053,7004,734,13413,1988,956,1032
9350,14476,1054,7010,734,13422,1990,956,1034
9355,14482,1054,7012,734,13427,1991,956,1035
9360,14493,1056,7015,736,13437,1993,957,1036
9365,14497,1056,7016,736,13441,1993,957,1036
9370,14507,1057,7021,737,13450,1994,958,1036
9375,14513,1057,7023,737,13456,1995,958,1037
9380,14524,1058,7028,738,13466,1995,958,1037
9385,14528,1059,7030,739,13469,1995,958,1037
9390,14538,1060,7034,739,13478,1996,959,1037
9395,14544,1060,7037,739,13483,1997,960,1037
9400,14555,1063,7044,742,13492,1997,960,1037
9405,14559,1065,7047,744,13494,1997,960,1037
9410,14569,1066,7051,744,13503,1998,960,1038
9415,14575,1066,7055,744,13508,1999,961,1038
9420,14586,1069,7062,747,13517,1999,961,1038
9425,14590,1070,7066,748,13520,1999,961,1038
9430,14600,1070,7071,748,13530,2000,962,1038
9435,14606,1070,7076,748,13536,2001,963,1038
9440,14617,1072,7079,749,13545,2001,963,1038
9445,14621,1072,7080,749,13549,2001,963,1038
9450,14631,1072,7083,749,13559,2002,963,1039
9455,14637,1072,7085,749,13565,2003,963,1040
9460,14648,1074,7090,751,13574,2003,963,1040
9465,14652,1074,7091,751,13578,2003,963,1040
9470,14662,1074,7097,751,13588,2005,964,1041
9475,14668,1074,7099,751,13594,2007,965,1042
9480,14679,1076,7103,752,13603,2008,965,1043
9485,14683,1077,7105,753,13606,2008,965,1043
9490,14693,1077,7109,753,13616,2009,965,1044
9495,14699,1077,7111,753,13622,2010,965,1045
9500,14710,1079,7119,754,13631,2011,966,1045
9505,14714,1079,7120,754,13635,2011,966,1045
9510,14724,1079,7124,754,13645,2012,967,1045
9515,14730,1079,7127,754,13651,2013,967,1046
9520,14741,1080,7134,755,13661,2014,967,1047
9525,14745,1080,7135,755,13665,2014,967,1047
9530,14755,1080,7140,755,13675,2015,968,1047
9535,14761,1080,7144,755,13681,2016,969,1047
9540,14772,1081,7150,756,13690,2018,970,1048
9545,14776,1082,7154,757,13694,2018,970,1048
9550,14786,1082,7161,757,13704,2019,971,1048
9555,14792,1082,7163,757,13710,2020,971,1049
9560,14803,1082,7170,757,13721,2020,971,1049
9565,14807,1082,7172,757,13725,2020,971,1049
9570,14817,1082,7177,757,13735,2021,972,1049
9575,14823,1082,7180,757,13741,2022,972,1050
9580,14834,1082,7185,757,13752,2022,972,1050
9585,14838,1082,7186,757,13756,2022,972,1050
9590,14848,1083,7188,757,13765,2024,973,1051
9595,14854,1083,7192,757,13770,2026,975,1051
9600,14865,1084,7198,758,13781,2027,976,1051
9605,14869,1084,7200,758,13785,2027,976,1051
9610,14879,1085,7201,758,13794,2028,976,1052
9615,14885,1085,7202,758,13800,2029,976,1053
9620,14896,1086,7209,759,13810,2030,977,1053
9625,14900,1087,7211,760,13813,2030,977,1053
9630,14910,1088,7216,761,13822,2031,977,1054
9635,14916,1088,7218,761,13828,2032,978,1054
9640,14927,1089,7220,761,13838,2033,979,1054
9645,14931,1089,7223,761,13842,2033,979,1054
9650,14941,1090,7228,762,13851,2034,980,1054
9655,14947,1090,7232,762,13856,2035,981,1054
9660,14958,1092,7237,764,13865,2037,983,1054
9665,14962,1094,7239,766,13868,2037,983,1054
9670,14972,1094,7243,766,13878,2039,983,1056
9675,14978,1094,7247,766,13884,2040,984,1056
9680,14989,1095,7253,767,13894,2041,985,1056
9685,14993,1095,7254,767,13898,2041,985,1056
9690,15003,1095,7256,767,13908,2042,985,1057
9695,15009,1095,7258,767,13914,2043,985,1058
9700,15020,1096,7263,768,13924,2043,985,1058
9705,15024,1097,7266,769,13927,2043,985,1058
9710,15034,1097,7271,769,13937,2044,985,1059
9715,15040,1097,7274,769,13943,2046,985,1061
9720,15051,1099,7280,770,13952,2046,985,1061
9725,15055,1099,7284,770,13956,2046,985,1061
9730,15065,1099,7288,770,13966,2047,986,1061
9735,15071,1099,7292,770,13972,2049,987,1062
9740,15082,1099,7298,770,13983,2049,987,1062
9745,15086,1099,7299,770,13987,2049,987,1062
9750,15096,1099,7303,770,13997,2050,987,1063
9755,15102,1099,7306,770,14003,2052,989,1063
9760,15113,1099,7313,770,14014,2052,989,1063
9765,15117,1099,7315,770,14018,2052,989,1063
9770,15127,1100,7321,770,14027,2053,990,1063
9775,15133,1100,7324,770,14032,2055,991,1064
9780,15144,1101,7331,771,14043,2056,992,1064
9785,15148,1101,7333,771,14047,2056,992,1064
9790,15158,1102,7339,772,14056,2058,994,1064
9795,15164,1102,7343,772,14061,2059,995,1064
9800,15175,1103,7349,773,14072,2060,995,1065
9805,15179,1103,7349,773,14076,2060,995,1065
9810,15189,1104,7353,774,14085,2061,995,1066
9815,15195,1104,7355,774,14091,2062,996,1066
9820,15206,1104,7356,774,14102,2063,996,1067
9825,15210,1104,7359,774,14106,2063,996,1067
9830,15220,1105,7366,775,14115,2064,997,1067
9835,15226,1105,7369,775,14120,2065,998,1067
9840,15237,1106,7373,776,14131,2066,998,1068
9845,15241,1106,7373,776,14135,2066,998,1068
9850,15251,1106,7380,776,14145,2067,999,1068
9855,15257,1106,7383,776,14151,2068,1000,1068
9860,15268,1106,7386,776,14162,2070,1001,1069
9865,15272,1106,7387,776,14166,2070,1001,1069
9870,15282,1106,7391,776,14176,2071,1001,1070
9875,15288,1106,7392,776,14182,2072,1001,1071
9880,15299,1106,7395,776,14193,2074,1002,1072
9885,15303,1106,7397,776,14197,2074,1002,1072
9890,15313,1106,7404,776,14207,2075,1003,1072
9895,15319,1106,7407,776,14213,2077,1004,1073
9900,15330,1109,7413,778,14221,2079,1005,1074
9905,15334,1109,7415,778,14225,2079,1005,1074
9910,15344,1110,7420,778,14234,2080,1006,1074
9915,15350,1110,7424,778,14239,2081,1007,1074
9920,15361,1111,7431,779,14250,2081,1007,1074
9925,15365,1111,7435,779,14254,2081,1007,1074
9930,15375,1112,7439,780,14263,2082,1008,1074
9935,15381,1112,7442,780,14268,2083,1008,1075
9940,15392,1113,7448,781,14279,2083,1008,1075
9945,15396,1113,7448,781,14283,2083,1008,1075
9950,15406,1114,7454,782,14292,2084,1009,1075
9955,15412,1114,7457,782,14298,2085,1009,1076
9960,15423,1114,7459,782,14309,2085,1009,1076
9965,15427,1114,7461,782,14313,2085,1009,1076
9970,15437,1114,7464,782,14323,2086,1009,1077
9975,15443,1114,7469,782,14329,2087,1010,1077
9980,15454,1114,7473,782,14340,2087,1010,1077
9985,15458,1114,7474,782,14344,2087,1010,1077
9990,15468,1114,7478,782,14354,2088,1010,1078
9995,15474,1114,7481,782,14360,2089,1010,1079
10000,15485,1114,7488,782,14371,2089,1010,1079
10005,15489,1114,7490,782,14375,2089,1010,1079
10010,15499,1114,7495,782,14385,2090,1010,1080
10015,15505,1114,7498,782,14391,2092,1011,1081
10020,15516,1116,7504,783,14400,2094,1013,1081
10025,15520,1116,7507,783,14404,2094,1013,1081
10030,15530,1117,7511,783,14413,2096,1014,1082
10035,15536,1117,7514,783,14418,2097,1014,1083
10040,15547,1119,7520,784,14428,2098,1014,1084
10045,15551,1119,7523,784,14432,2098,1014,1084
10050,15561,1120,7527,784,14441,2100,1016,1084
10055,15567,1120,7530,784,14446,2101,1017,1084
10060,15578,1122,7537,786,14456,2102,1017,1085
10065,15582,1122,7539,786,14460,2102,1017,1085
10070,15592,1123,7544,786,14469,2104,1018,1086
10075,15598,1123,7547,786,14475,2105,1018,1087
10080,15609,1124,7554,787,14485,2106,1019,1087
10085,15613,1125,7557,788,14488,2106,1019,1087
10090,15623,1125,7563,788,14498,2107,1020,1087
10095,15629,1125,7568,788,14504,2108,1021,1087
10100,15640,1126,7576,788,14514,2109,1022,1087
10105,15644,1126,7578,788,14518,2109,1022,1087
10110,15654,1126,7583,788,14528,2110,1023,1087
10115,15660,1126,7586,788,14534,2111,1024,1087
10120,15671,1127,7594,788,14544,2112,1025,1087
10125,15675,1128,7598,789,14547,2112,1025,1087
10130,15685,1128,7603,789,14557,2113,1026,1087
10135,15691,1128,7607,789,14563,2115,1028,1087
10140,15702,1129,7610,789,14573,2115,1028,1087
10145,15706,1129,7611,789,14577,2115,1028,1087
10150,15716,1130,7616,789,14586,2116,1029,1087
10155,15722,1130,7620,789,14592,2117,1030,1087
10160,15733,1131,7626,790,14602,2118,1031,1087
10165,15737,1131,7628,790,14606,2118,1031,1087
10170,15747,1132,7633,791,14615,2119,1031,1088
10175,15753,1132,7638,791,14621,2120,1032,1088
10180,15764,1132,7643,791,14632,2121,1033,1088
10185,15768,1132,7644,791,14636,2121,1033,1088
10190,15778,1133,7649,791,14645,2122,1033,1089
10195,15784,1133,7653,791,14650,2123,1034,1089
10200,15795,1134,7658,792,14661,2125,1035,1090
10205,15799,1134,7659,792,14665,2125,1035,1090
10210,15809,1134,7661,792,14675,2126,1035,1091
10215,15815,1134,7664,792,14681,2127,1035,1092
10220,15826,1134,7673,792,14692,2128,1036,1092
10225,15830,1134,7675,792,14696,2128,1036,1092
10230,15840,1134,7680,792,14706,2129,1037,1092
10235,15846,1134,7683,792,14712,2130,1037,1093
10240,15857,1134,7689,792,14723,2131,1037,1094
10245,15861,1134,7692,792,14727,2131,1037,1094
10250,15871,1134,7699,792,14737,2132,1038,1094
10255,15877,1134,7702,792,14743,2134,1038,1096
10260,15888,1136,7705,793,14752,2135,1038,1097
10265,15892,1136,7706,793,14756,2135,1038,1097
10270,15902,1136,7710,793,14766,2137,1038,1099
10275,15908,1136,7714,793,14772,2139,1040,1099
10280,15919,1137,7718,793,14782,2139,1040,1099
10285,15923,1137,7719,793,14786,2139,1040,1099
10290,15933,1137,7722,793,14796,2141,1041,1100
10295,15939,1137,7725,793,14802,2142,1041,1101
10300,15950,1139,7730,794,14811,2142,1041,1101
10305,15954,1139,7731,794,14815,2142,1041,1101
10310,15964,1140,7736,795,14824,2144,1043,1101
10315,15970,1140,7739,795,14829,2145,1043,1102
10320,15981,1143,7747,798,14838,2146,1044,1102
10325,15985,1144,7750,799,14841,2146,1044,1102
10330,15995,1145,7758,800,14850,2147,1045,1102
10335,16001,1145,7759,800,14856,2148,1045,1103
10340,16012,1146,7767,801,14866,2150,1046,1104
10345,16016,1146,7769,801,14870,2150,1046,1104
10350,16026,1147,7776,801,14879,2151,1046,1105
10355,16032,1147,7779,801,14884,2152,1047,1105
10360,16043,1149,7783,803,14894,2154,1048,1106
10365,16047,1151,7786,805,14896,2154,1048,1106
10370,16057,1152,7793,806,14905,2155,1048,1107
10375,16063,1152,7795,806,14911,2156,1048,1108
10380,16074,1153,7800,807,14921,2158,1048,1110
10385,16078,1154,7801,808,14924,2158,1048,1110
10390,16088,1154,7808,808,14934,2159,1049,1110
10395,16094,1154,7812,808,14940,2161,1051,1110
10400,16105,1155,7818,808,14950,2162,1051,1111
10405,16109,1156,7821,809,14953,2162,1051,1111
10410,16119,1156,7825,809,14963,2163,1052,1111
10415,16125,1156,7829,809,14969,2165,1053,1112
10420,16136,1157,7839,810,14979,2166,1054,1112
10425,16140,1158,7841,811,14982,2166,1054,1112
10430,16150,1158,7847,811,14992,2167,1054,1113
10435,16156,1158,7852,811,14998,2169,1055,1114
10440,16167,1159,7857,811,15008,2171,1057,1114
10445,16171,1159,7857,811,15012,2171,1057,1114
10450,16181,1159,7861,811,15022,2173,1058,1115
10455,16187,1159,7863,811,15028,2174,1058,1116
10460,16198,1159,7866,811,15039,2174,1058,1116
10465,16202,1159,7868,811,15043,2174,1058,1116
10470,16212,1159,7873,811,15053,2175,1058,1117
10475,16218,1159,7879,811,15059,2176,1059,1117
10480,16229,1159,7884,811,15070,2176,1059,1117
10485,16233,1159,7886,811,15074,2176,1059,1117
10490,16243,1159,7890,811,15084,2177,1060,1117
10495,16249,1159,7893,811,15090,2178,1061,1117
10500,16260,1159,7899,811,15101,2179,1061,1118
10505,16264,1159,7901,811,15105,2179,1061,1118
10510,16274,1159,7904,811,15115,2180,1061,1119
10515,16280,1159,7907,811,15121,2182,1061,1121
10520,16291,1159,7912,811,15132,2184,1063,1121
10525,16295,1159,7915,811,15136,2184,1063,1121
10530,16305,1159,7920,811,15146,2185,1063,1122
10535,16311,1159,7923,811,15152,2186,1064,1122
10540,16322,1159,7930,811,15163,2188,1065,1123
10545,16326,1159,7931,811,15167,2188,1065,1123
10550,16336,1160,7937,811,15176,2189,1065,1124
10555,16342,1160,7941,811,15181,2190,1066,1124
10560,16353,1162,7944,812,15190,2193,1067,1126
10565,16357,1163,7946,813,15194,2193,1067,1126
10570,16367,1163,7951,813,15204,2194,1067,1127
10575,16373,1163,7954,813,15210,2195,1068,1127
10580,16384,1164,7959,813,15220,2196,1069,1127
10585,16388,1164,7962,813,15224,2196,1069,1127
10590,16398,1164,7967,813,15234,2197,1070,1127
10595,16404,1164,7971,813,15240,2198,1071,1127
10600,16415,1165,7977,813,15250,2199,1072,1127
10605,16419,1165,7978,813,15254,2199,1072,1127
10610,16429,1165,7985,813,15264,2201,1074,1127
10615,16435,1165,7986,813,15270,2202,1075,1127
10620,16446,1166,7990,813,15280,2203,1075,1128
10625,16450,1166,7994,813,15284,2203,1075,1128
10630,16460,1166,7998,813,15294,2205,1076,1129
10635,16466,1166,8001,813,15300,2206,1076,1130
10640,16477,1167,8007,813,15310,2207,1077,1130
10645,16481,1167,8010,813,15314,2207,1077,1130
10650,16491,1167,8013,813,15324,2208,1077,1131
10655,16497,1167,8015,813,15330,2209,1077,1132
10660,16508,1168,8019,813,15340,2210,1078,1132
10665,16512,1168,8020,813,15344,2210,1078,1132
10670,16522,1169,8027,813,15353,2211,1079,1132
10675,16528,1169,8028,813,15359,2213,1080,1133
10680,16539,1171,8032,814,15368,2215,1081,1134
10685,16543,1171,8033,814,15372,2215,1081,1134
10690,16553,1172,8040,815,15381,2216,1081,1135
10695,16559,1172,8044,815,15387,2218,1083,1135
10700,16570,1173,8048,815,15397,2219,1083,1136
10705,16574,1174,8052,816,15400,2219,1083,1136
10710,16584,1175,8054,816,15409,2220,1083,1137
10715,16590,1175,8058,816,15415,2221,1083,1138
10720,16601,1176,8060,816,15425,2222,1083,1139
10725,16605,1176,8063,816,15429,2222,1083,1139
10730,16615,1177,8068,816,15438,2223,1083,1140
10735,16621,1177,8070,816,15444,2224,1084,1140
10740,16632,1179,8075,817,15453,2225,1084,1141
10745,16636,1179,8076,817,15457,2225,1084,1141
10750,16646,1180,8082,818,15466,2226,1085,1141
10755,16652,1180,8084,818,15472,2227,1085,1142
10760,16663,1181,8090,819,15482,2228,1086,1142
10765,16667,1181,8091,819,15486,2228,1086,1142
10770,16677,1182,8096,819,15495,2229,1087,1142
10775,16683,1182,8100,819,15500,2230,1087,1143
10780,16694,1184,8105,821,15510,2231,1087,1144
10785,16698,1184,8105,821,15514,2231,1087,1144
10790,16708,1185,8108,822,15523,2232,1087,1145
10795,16714,1185,8111,822,15529,2233,1087,1146
10800,16725,1186,8114,823,15538,2235,1088,1147
10805,16729,1187,8114,824,15542,2235,1088,1147
10810,16739,1187,8118,824,15552,2236,1088,1148
10815,16745,1187,8120,824,15558,2238,1089,1149
10820,16756,1187,8125,824,15569,2240,1090,1150
10825,16760,1187,8129,824,15573,2240,1090,1150
10830,16770,1187,8131,824,15583,2241,1090,1151
10835,16776,1187,8134,824,15589,2243,1091,1152
10840,16787,1187,8139,824,15600,2245,1092,1153
10845,16791,1187,8140,824,15604,2245,1092,1153
10850,16801,1187,8145,824,15614,2246,1093,1153
10855,16807,1187,8148,824,15620,2248,1093,1155
10860,16818,1189,8154,825,15629,2249,1094,1155
10865,16822,1190,8157,826,15632,2249,1094,1155
10870,16832,1191,8162,827,15641,2250,1094,1156
10875,16838,1191,8165,827,15647,2251,1094,1157
10880,16849,1193,8169,829,15656,2252,1095,1157
10885,16853,1195,8172,831,15658,2252,1095,1157
10890,16863,1196,8175,831,15667,2253,1095,1158
10895,16869,1196,8178,831,15673,2254,1096,1158
10900,16880,1198,8183,832,15682,2255,1097,1158
10905,16884,1199,8185,833,15685,2255,1097,1158
10910,16894,1200,8191,833,15694,2257,1099,1158
10915,16900,1200,8193,833,15699,2258,1099,1159
10920,16911,1204,8200,836,15707,2259,1100,1159
10925,16915,1204,8203,836,15711,2259,1100,1159
10930,16925,1204,8208,836,15721,2260,1101,1159
10935,16931,1204,8211,836,15727,2261,1102,1159
10940,16942,1204,8215,836,15738,2261,1102,1159
10945,16946,1204,8216,836,15742,2261,1102,1159
10950,16956,1204,8221,836,15752,2262,1103,1159
10955,16962,1204,8225,836,15758,2263,1103,1160
10960,16973,1204,8229,836,15769,2264,1103,1161
10965,16977,1204,8231,836,15773,2264,1103,1161
10970,16987,1204,8236,836,15783,2265,1104,1161
10975,16993,1204,8239,836,15789,2266,1105,1161
10980,17004,1204,8244,836,15800,2267,1106,1161
10985,17008,1204,8246,836,15804,2267,1106,1161
10990,17018,1204,8251,836,15814,2269,1107,1162
10995,17024,1204,8253,836,15820,2270,1107,1163
11000,17035,1204,8258,836,15831,2271,1108,1163
11005,17039,1204,8260,836,15835,2271,1108,1163
11010,17049,1204,8266,836,15845,2273,1109,1164
11015,17055,1204,8269,836,15851,2274,1110,1164
11020,17066,1204,8276,836,15862,2274,1110,1164
11025,17070,1204,8278,836,15866,2274,1110,1164
11030,17080,1204,8284,836,15876,2276,1111,1165
11035,17086,1204,8287,836,15881,2278,1112,1166
11040,17097,1207,8293,839,15890,2280,1112,1168
11045,17101,1207,8296,839,15894,2280,1112,1168
11050,17111,1208,8302,839,15903,2281,1113,1168
11055,17117,1208,8305,839,15909,2282,1114,1168
11060,17128,1210,8310,841,15918,2283,1114,1169
11065,17132,1210,8311,841,15922,2283,1114,1169
11070,17142,1210,8315,841,15932,2284,1114,1170
11075,17148,1210,8318,841,15938,2285,1114,1171
11080,17159,1212,8322,843,15947,2286,1115,1171
11085,17163,1212,8326,843,15951,2286,1115,1171
11090,17173,1212,8333,843,15961,2287,1115,1172
11095,17179,1212,8338,843,15967,2288,1116,1172
11100,17190,1213,8343,843,15977,2289,1117,1172
11105,17194,1213,8347,843,15981,2289,1117,1172
11110,17204,1213,8350,843,15991,2290,1118,1172
11115,17210,1213,8353,843,15997,2291,1119,1172
11120,17221,1214,8356,843,16007,2293,1120,1173
11125,17225,1214,8357,843,16011,2293,1120,1173
11130,17235,1214,8362,843,16021,2294,1121,1173
11135,17241,1214,8364,843,16027,2295,1122,1173
11140,17252,1215,8369,843,16037,2297,1124,1173
11145,17256,1216,8371,844,16040,2297,1124,1173
11150,17266,1216,8372,844,16050,2299,1125,1174
11155,17272,1216,8376,844,16056,2300,1126,1174
11160,17283,1218,8380,846,16065,2303,1126,1177
11165,17287,1218,8381,846,16069,2303,1126,1177
11170,17297,1218,8386,846,16079,2304,1126,1178
11175,17303,1218,8389,846,16085,2305,1126,1179
11180,17314,1218,8394,846,16096,2305,1126,1179
11185,17318,1218,8398,846,16100,2305,1126,1179
11190,17328,1218,8404,846,16110,2306,1126,1180
11195,17334,1218,8407,846,16116,2307,1126,1181
11200,17345,1218,8411,846,16127,2307,1126,1181
11205,17349,1218,8413,846,16131,2307,1126,1181
11210,17359,1218,8417,846,16141,2308,1126,1182
11215,17365,1218,8418,846,16147,2309,1127,1182
11220,17376,1218,8421,846,16158,2309,1127,1182
11225,17380,1218,8422,846,16162,2309,1127,1182
11230,17390,1218,8425,846,16172,2310,1127,1183
11235,17396,1218,8426,846,16178,2311,1127,1184
11240,17407,1218,8432,846,16189,2311,1127,1184
11245,17411,1218,8434,846,16193,2311,1127,1184
11250,17421,1218,8441,846,16203,2312,1128,1184
11255,17427,1218,8442,846,16209,2313,1128,1185
11260,17438,1218,8448,846,16220,2313,1128,1185
11265,17442,1218,8450,846,16224,2313,1128,1185
11270,17452,1219,8455,846,16233,2314,1128,1186
11275,17458,1219,8457,846,16238,2315,1128,1187
11280,17469,1221,8461,847,16247,2317,1129,1188
11285,17473,1222,8462,848,16251,2317,1129,1188
11290,17483,1222,8469,848,16261,2318,1130,1188
11295,17489,1222,8473,848,16267,2319,1131,1188
11300,17500,1223,8476,848,16277,2321,1132,1189
11305,17504,1224,8479,849,16280,2321,1132,1189
11310,17514,1224,8485,849,16290,2322,1133,1189
11315,17520,1224,8487,849,16296,2323,1134,1189
11320,17531,1225,8490,849,16306,2325,1135,1190
11325,17535,1226,8494,850,16309,2325,1135,1190
11330,17545,1226,8499,850,16319,2326,1135,1191
11335,17551,1226,8502,850,16325,2327,1136,1191
11340,17562,1227,8506,851,16335,2329,1137,1192
11345,17566,1228,8509,852,16338,2329,1137,1192
11350,17576,1228,8515,852,16348,2330,1138,1192
11355,17582,1228,8519,852,16354,2331,1139,1192
11360,17593,1229,8523,853,16364,2331,1139,1192
11365,17597,1230,8525,854,16367,2331,1139,1192
11370,17607,1230,8532,854,16377,2332,1140,1192
11375,17613,1230,8536,854,16383,2333,1141,1192
11380,17624,1231,8539,854,16393,2333,1141,1192
11385,17628,1231,8540,854,16397,2333,1141,1192
11390,17638,1232,8545,854,16406,2335,1143,1192
11395,17644,1232,8548,854,16411,2337,1144,1193
11400,17655,1236,8556,857,16418,2338,1145,1193
11405,17659,1237,8558,858,16422,2338,1145,1193
11410,17669,1237,8562,858,16432,2339,1145,1194
11415,17675,1237,8565,858,16438,2340,1145,1195
11420,17686,1237,8571,858,16449,2340,1145,1195
11425,17690,1237,8571,858,16453,2340,1145,1195
11430,17700,1237,8574,858,16463,2341,1146,1195
11435,17706,1237,8578,858,16469,2342,1147,1195
11440,17717,1237,8583,858,16480,2342,1147,1195
11445,17721,1237,8585,858,16484,2342,1147,1195
11450,17731,1237,8590,858,16494,2343,1148,1195
11455,17737,1237,8593,858,16500,2344,1148,1196
11460,17748,1237,8597,858,16511,2345,1149,1196
11465,17752,1237,8598,858,16515,2345,1149,1196
11470,17762,1237,8603,858,16525,2346,1150,1196
11475,17768,1237,8606,858,16531,2347,1150,1197
11480,17779,1238,8611,858,16541,2347,1150,1197
11485,17783,1238,8612,858,16545,2347,1150,1197
11490,17793,1238,8617,858,16555,2348,1150,1198
11495,17799,1238,8618,858,16561,2349,1150,1199
11500,17810,1239,8624,859,16571,2349,1150,1199
11505,17814,1239,8627,859,16575,2349,1150,1199
11510,17824,1240,8631,859,16584,2350,1150,1200
11515,17830,1240,8633,859,16590,2352,1150,1202
11520,17841,1241,8638,859,16600,2354,1151,1203
11525,17845,1241,8642,859,16604,2354,1151,1203
11530,17855,1242,8646,859,16613,2355,1151,1204
11535,17861,1242,8650,859,16618,2356,1151,1205
11540,17872,1246,8655,862,16626,2357,1152,1205
11545,17876,1246,8657,862,16630,2357,1152,1205
11550,17886,1247,8663,863,16639,2358,1152,1206
11555,17892,1247,8667,863,16644,2359,1153,1206
11560,17903,1250,8674,865,16653,2360,1154,1206
11565,17907,1250,8674,865,16657,2360,1154,1206
11570,17917,1251,8678,866,16666,2361,1154,1207
11575,17923,1251,8681,866,16672,2362,1155,1207
11580,17934,1253,8688,867,16681,2364,1157,1207
11585,17938,1253,8691,867,16685,2364,1157,1207
11590,17948,1253,8695,867,16695,2365,1158,1207
11595,17954,1253,8698,867,16701,2366,1159,1207
11600,17965,1253,8705,867,16712,2368,1160,1208
11605,17969,1253,8708,867,16716,2368,1160,1208
11610,17979,1253,8713,867,16726,2369,1160,1209
11615,17985,1253,8716,867,16732,2370,1161,1209
11620,17996,1253,8723,867,16743,2372,1162,1210
11625,18000,1253,8725,867,16747,2372,1162,1210
11630,18010,1253,8730,867,16757,2373,1163,1210
11635,18016,1253,8735,867,16763,2374,1164,1210
11640,18027,1253,8743,867,16774,2376,1166,1210
11645,18031,1253,8745,867,16778,2376,1166,1210
11650,18041,1253,8750,867,16788,2377,1167,1210
11655,18047,1253,8754,867,16794,2378,1167,1211
11660,18058,1253,8759,867,16805,2379,1167,1212
11665,18062,1253,8762,867,16809,2379,1167,1212
11670,18072,1253,8769,867,16819,2380,1167,1213
11675,18078,1253,8772,867,16825,2381,1168,1213
11680,18089,1253,8774,867,16836,2382,1168,1214
11685,18093,1253,8774,867,16840,2382,1168,1214
11690,18103,1253,8777,867,16850,2383,1168,1215
11695,18109,1253,8782,867,16856,2384,1169,1215
11700,18120,1255,8786,868,16865,2385,1169,1216
11705,18124,1255,8789,868,16869,2385,1169,1216
11710,18134,1255,8793,868,16879,2386,1169,1217
11715,18140,1255,8797,868,16885,2387,1169,1218
11720,18151,1256,8802,868,16895,2387,1169,1218
11725,18155,1256,8806,868,16899,2387,1169,1218
11730,18165,1256,8809,868,16909,2388,1169,1219
11735,18171,1256,8809,868,16915,2389,1169,1220
11740,18182,1258,8815,870,16924,2389,1169,1220
11745,18186,1258,8817,870,16928,2389,1169,1220
11750,18196,1259,8823,870,16937,2391,1170,1221
11755,18202,1259,8828,870,16942,2393,1172,1221
11760,18213,1262,8832,873,16951,2395,1172,1223
11765,18217,1262,8834,873,16955,2395,1172,1223
11770,18227,1263,8840,873,16964,2397,1172,1225
11775,18233,1263,8845,873,16970,2398,1173,1225
11780,18244,1264,8850,873,16980,2400,1175,1225
11785,18248,1265,8853,874,16983,2400,1175,1225
11790,18258,1266,8858,874,16992,2401,1175,1226
11795,18264,1266,8860,874,16997,2402,1175,1227
11800,18275,1268,8867,875,17007,2404,1176,1228
11805,18279,1269,8869,876,17010,2404,1176,1228
11810,18289,1270,8872,876,17019,2405,1176,1229
11815,18295,1270,8873,876,17025,2406,1177,1229
11820,18306,1271,8878,876,17035,2408,1179,1229
11825,18310,1271,8878,876,17039,2408,1179,1229
11830,18320,1272,8884,877,17048,2409,1180,1229
11835,18326,1272,8888,877,17053,2410,1181,1229
11840,18337,1274,8893,878,17063,2412,1181,1231
11845,18341,1275,8896,879,17066,2412,1181,1231
11850,18351,1276,8900,879,17075,2413,1182,1231
11855,18357,1276,8904,879,17080,2414,1183,1231
11860,18368,1278,8910,880,17090,2416,1184,1232
11865,18372,1279,8913,881,17093,2416,1184,1232
11870,18382,1280,8918,882,17102,2417,1185,1232
11875,18388,1280,8923,882,17107,2419,1186,1233
11880,18399,1284,8930,885,17114,2422,1188,1234
11885,18403,1285,8932,886,17118,2422,1188,1234
11890,18413,1285,8938,886,17128,2424,1189,1235
11895,18419,1285,8943,886,17134,2425,1190,1235
11900,18430,1285,8950,886,17145,2425,1190,1235
11905,18434,1285,8951,886,17149,2425,1190,1235
11910,18444,1285,8956,886,17159,2426,1191,1235
11915,18450,1285,8960,886,17165,2427,1191,1236
11920,18461,1285,8967,886,17176,2427,1191,1236
11925,18465,1285,8968,886,17180,2427,1191,1236
11930,18475,1285,8971,886,17190,2428,1191,1237
11935,18481,1285,8974,886,17196,2429,1192,1237
11940,18492,1285,8978,886,17207,2429,1192,1237
11945,18496,1285,8980,886,17211,2429,1192,1237
11950,18506,1285,8985,886,17221,2430,1192,1238
11955,18512,1285,8989,886,17227,2431,1193,1238
11960,18523,1285,8993,886,17238,2432,1193,1239
11965,18527,1285,8994,886,17242,2432,1193,1239
11970,18537,1285,8999,886,17252,2433,1194,1239
11975,18543,1285,9001,886,17258,2434,1194,1240
11980,18554,1285,9005,886,17269,2435,1195,1240
11985,18558,1285,9007,886,17273,2435,1195,1240
11990,18568,1286,9014,887,17282,2436,1195,1241
11995,18574,1286,9019,887,17288,2438,1197,1241
12000,18585,1287,9025,888,17298,2440,1198,1242
12005,18589,1287,9027,888,17302,2440,1198,1242
12010,18599,1288,9032,889,17311,2441,1198,1243
12015,18605,1288,9034,889,17317,2442,1198,1244
12020,18616,1289,9038,890,17327,2442,1198,1244
12025,18620,1289,9041,890,17331,2442,1198,1244
12030,18630,1290,9044,890,17340,2443,1199,1244
12035,18636,1290,9046,890,17346,2444,1200,1244
12040,18647,1292,9053,891,17355,2444,1200,1244
12045,18651,1292,9056,891,17359,2444,1200,1244
12050,18661,1293,9060,892,17368,2445,1200,1245
12055,18667,1293,9064,892,17373,2446,1201,1245
12060,18678,1296,9072,895,17382,2447,1202,1245
12065,18682,1296,9072,895,17386,2447,1202,1245
12070,18692,1297,9076,895,17395,2448,1202,1246
12075,18698,1297,9078,895,17401,2449,1202,1247
12080,18709,1298,9082,895,17411,2450,1203,1247
12085,18713,1298,9083,895,17415,2450,1203,1247
12090,18723,1299,9088,896,17424,2451,1203,1248
12095,18729,1299,9093,896,17429,2452,1204,1248
12100,18740,1301,9101,898,17439,2453,1205,1248
12105,18744,1301,9104,898,17443,2453,1205,1248
12110,18754,1302,9109,899,17452,2454,1205,1249
12115,18760,1302,9113,899,17457,2455,1205,1250
12120,18771,1304,9115,900,17467,2457,1206,1251
12125,18775,1304,9117,900,17471,2457,1206,1251
12130,18785,1304,9119,900,17481,2458,1206,1252
12135,18791,1304,9123,900,17487,2459,1207,1252
12140,18802,1304,9132,900,17498,2459,1207,1252
12145,18806,1304,9133,900,17502,2459,1207,1252
12150,18816,1304,9137,900,17512,2460,1208,1252
12155,18822,1304,9139,900,17518,2461,1208,1253
12160,18833,1304,9142,900,17529,2461,1208,1253
12165,18837,1304,9144,900,17533,2461,1208,1253
12170,18847,1304,9152,900,17543,2462,1208,1254
12175,18853,1304,9156,900,17549,2463,1209,1254
12180,18864,1304,9162,900,17560,2463,1209,1254
12185,18868,1304,9164,900,17564,2463,1209,1254
12190,18878,1304,9172,900,17574,2464,1210,1254
12195,18884,1304,9176,900,17580,2465,1211,1254
12200,18895,1304,9179,900,17591,2465,1211,1254
12205,18899,1304,9181,900,17595,2465,1211,1254
12210,18909,1304,9189,900,17605,2466,1212,1254
12215,18915,1304,9191,900,17611,2467,1212,1255
12220,18926,1304,9195,900,17622,2467,1212,1255
12225,18930,1304,9197,900,17626,2467,1212,1255
12230,18940,1305,9201,900,17635,2468,1212,1256
12235,18946,1305,9206,900,17640,2469,1212,1257
12240,18957,1308,9209,902,17649,2470,1212,1258
12245,18961,1308,9210,902,17653,2470,1212,1258
12250,18971,1308,9217,902,17663,2472,1214,1258
12255,18977,1308,9220,902,17669,2473,1214,1259
12260,18988,1309,9226,903,17679,2474,1215,1259
12265,18992,1309,9228,903,17683,2474,1215,1259
12270,19002,1309,9230,903,17693,2476,1215,1261
12275,19008,1309,9231,903,17699,2477,1215,1262
12280,19019,1310,9236,904,17709,2478,1215,1263
12285,19023,1310,9238,904,17713,2478,1215,1263
12290,19033,1310,9243,904,17723,2479,1216,1263
12295,19039,1310,9246,904,17729,2480,1217,1263
12300,19050,1311,9252,905,17739,2481,1217,1264
12305,19054,1311,9254,905,17743,2481,1217,1264
12310,19064,1311,9256,905,17753,2482,1217,1265
12315,19070,1311,9259,905,17759,2483,1217,1266
12320,19081,1312,9266,905,17769,2484,1217,1267
12325,19085,1312,9267,905,17773,2484,1217,1267
12330,19095,1312,9276,905,17783,2485,1218,1267
12335,19101,1312,9279,905,17789,2486,1218,1268
12340,19112,1313,9283,905,17799,2487,1218,1269
12345,19116,1313,9284,905,17803,2487,1218,1269
12350,19126,1314,9292,906,17812,2488,1219,1269
12355,19132,1314,9295,906,17818,2489,1219,1270
12360,19143,1315,9302,907,17828,2490,1220,1270
12365,19147,1315,9303,907,17832,2490,1220,1270
12370,19157,1316,9306,907,17841,2491,1220,1271
12375,19163,1316,9309,907,17847,2492,1220,1272
12380,19174,1317,9312,907,17857,2492,1220,1272
12385,19178,1319,9314,909,17859,2492,1220,1272
12390,19188,1320,9321,910,17868,2493,1221,1272
12395,19194,1320,9326,910,17874,2494,1221,1273
12400,19205,1322,9333,911,17883,2494,1221,1273
12405,19209,1323,9334,912,17886,2494,1221,1273
12410,19219,1324,9339,913,17895,2496,1222,1274
12415,19225,1324,9342,913,17901,2497,1223,1274
12420,19236,1326,9346,914,17910,2498,1224,1274
12425,19240,1326,9346,914,17914,2498,1224,1274
12430,19250,1327,9350,914,17923,2500,1224,1276
12435,19256,1327,9353,914,17929,2501,1224,1277
12440,19267,1327,9358,914,17940,2502,1224,1278
12445,19271,1327,9360,914,17944,2502,1224,1278
12450,19281,1328,9365,915,17953,2504,1224,1280
12455,19287,1328,9368,915,17959,2505,1225,1280
12460,19298,1328,9371,915,17970,2506,1225,1281
12465,19302,1328,9373,915,17974,2506,1225,1281
12470,19312,1329,9377,915,17983,2507,1225,1282
12475,19318,1329,9380,915,17988,2508,1225,1283
12480,19329,1330,9385,916,17999,2510,1226,1284
12485,19333,1330,9388,916,18003,2510,1226,1284
12490,19343,1331,9394,917,18012,2511,1227,1284
12495,19349,1331,9397,917,18017,2513,1228,1285
12500,19360,1333,9402,918,18027,2515,1229,1286
12505,19364,1333,9403,918,18031,2515,1229,1286
12510,19374,1334,9409,919,18040,2516,1229,1287
12515,19380,1334,9412,919,18045,2518,1229,1289
12520,19391,1336,9417,921,18055,2520,1230,1290
12525,19395,1336,9418,921,18059,2520,1230,1290
12530,19405,1337,9423,921,18068,2521,1231,1290
12535,19411,1337,9426,921,18074,2523,1231,1292
12540,19422,1339,9433,922,18083,2525,1233,1292
12545,19426,1340,9434,923,18086,2525,1233,1292
12550,19436,1341,9439,923,18095,2526,1233,1293
12555,19442,1341,9443,923,18101,2527,1234,1293
12560,19453,1343,9449,924,18110,2528,1235,1293
12565,19457,1343,9452,924,18114,2528,1235,1293
12570,19467,1344,9456,925,18123,2529,1235,1294
12575,19473,1344,9460,925,18129,2530,1235,1295
12580,19484,1346,9464,926,18138,2531,1235,1296
12585,19488,1347,9467,927,18141,2531,1235,1296
12590,19498,1348,9472,928,18150,2532,1236,1296
12595,19504,1348,9473,928,18155,2533,1236,1297
12600,19515,1351,9478,930,18164,2534,1236,1298
12605,19519,1351,9481,930,18168,2534,1236,1298
12610,19529,1351,9487,930,18178,2536,1236,1300
12615,19535,1351,9490,930,18184,2537,1237,1300
12620,19546,1351,9496,930,18195,2538,1237,1301
12625,19550,1351,9499,930,18199,2538,1237,1301
12630,19560,1351,9502,930,18209,2539,1238,1301
12635,19566,1351,9505,930,18215,2540,1238,1302
12640,19577,1351,9510,930,18226,2540,1238,1302
12645,19581,1351,9513,930,18230,2540,1238,1302
12650,19591,1351,9517,930,18240,2541,1238,1303
12655,19597,1351,9520,930,18246,2542,1238,1304
12660,19608,1351,9525,930,18257,2542,1238,1304
12665,19612,1351,9526,930,18261,2542,1238,1304
12670,19622,1352,9529,930,18270,2543,1238,1305
12675,19628,1352,9533,930,18275,2544,1239,1305
12680,19639,1354,9540,932,18285,2544,1239,1305
12685,19643,1354,9541,932,18289,2544,1239,1305
12690,19653,1355,9544,932,18298,2545,1240,1305
12695,19659,1355,9548,932,18304,2546,1240,1306
12700,19670,1355,9554,932,18315,2546,1240,1306
12705,19674,1355,9556,932,18319,2546,1240,1306
12710,19684,1356,9559,932,18328,2547,1240,1307
12715,19690,1356,9563,932,18334,2548,1241,1307
12720,19701,1359,9570,935,18342,2549,1242,1307
12725,19705,1359,9571,935,18346,2549,1242,1307
12730,19715,1359,9577,935,18356,2550,1243,1307
12735,19721,1359,9578,935,18362,2551,1243,1308
12740,19732,1360,9585,935,18372,2553,1243,1310
12745,19736,1361,9587,936,18375,2553,1243,1310
12750,19746,1361,9595,936,18385,2554,1244,1310
12755,19752,1361,9599,936,18391,2555,1245,1310
12760,19763,1362,9604,936,18401,2556,1245,1311
12765,19767,1362,9605,936,18405,2556,1245,1311
12770,19777,1362,9610,936,18415,2557,1246,1311
12775,19783,1362,9613,936,18421,2558,1247,1311
12780,19794,1363,9617,936,18431,2559,1247,1312
12785,19798,1363,9620,936,18435,2559,1247,1312
12790,19808,1363,9627,936,18445,2560,1248,1312
12795,19814,1363,9630,936,18451,2561,1249,1312
12800,19825,1364,9634,936,18461,2562,1249,1313
12805,19829,1364,9636,936,18465,2562,1249,1313
12810,19839,1364,9641,936,18475,2563,1250,1313
12815,19845,1364,9645,936,18481,2564,1250,1314
12820,19856,1365,9651,937,18491,2565,1250,1315
12825,19860,1365,9653,937,18495,2565,1250,1315
12830,19870,1366,9659,938,18504,2567,1251,1316
12835,19876,1366,9662,938,18510,2569,1253,1316
12840,19887,1367,9666,939,18520,2570,1253,1317
12845,19891,1369,9669,941,18522,2570,1253,1317
12850,19901,1370,9674,941,18531,2572,1255,1317
12855,19907,1370,9676,941,18537,2573,1255,1318
12860,19918,1371,9680,941,18547,2574,1256,1318
12865,19922,1372,9682,942,18550,2574,1256,1318
12870,19932,1373,9686,943,18559,2575,1256,1319
12875,19938,1373,9689,943,18565,2576,1257,1319
12880,19949,1374,9693,944,18575,2577,1258,1319
12885,19953,1375,9696,945,18578,2577,1258,1319
12890,19963,1376,9698,945,18587,2578,1258,1320
12895,19969,1376,9701,945,18593,2579,1259,1320
12900,19980,1377,9707,946,18603,2580,1260,1320
12905,19984,1377,9709,946,18607,2580,1260,1320
12910,19994,1378,9711,946,18616,2581,1260,1321
12915,20000,1378,9714,946,18622,2582,1261,1321
12920,20011,1379,9720,947,18632,2583,1261,1322
12925,20015,1380,9722,948,18635,2583,1261,1322
12930,20025,1381,9728,949,18644,2584,1261,1323
12935,20031,1381,9730,949,18650,2585,1262,1323
12940,20042,1382,9735,949,18660,2586,1263,1323
12945,20046,1382,9737,949,18664,2586,1263,1323
12950,20056,1383,9743,950,18673,2587,1264,1323
12955,20062,1383,9748,950,18678,2589,1265,1324
12960,20073,1385,9754,952,18688,2590,1266,1324
12965,20077,1386,9756,953,18691,2590,1266,1324
12970,20087,1387,9762,953,18700,2591,1267,1324
12975,20093,1387,9765,953,18705,2592,1267,1325
12980,20104,1390,9772,955,18714,2594,1269,1325
12985,20108,1391,9773,956,18717,2594,1269,1325
12990,20118,1392,9774,956,18726,2595,1269,1326
12995,20124,1392,9777,956,18732,2596,1270,1326
13000,20135,1394,9781,957,18741,2598,1271,1327
13005,20139,1395,9784,958,18744,2598,1271,1327
13010,20149,1396,9787,958,18753,2599,1271,1328
13015,20155,1396,9790,958,18759,2600,1272,1328
13020,20166,1397,9794,958,18769,2602,1274,1328
13025,20170,1397,9794,958,18773,2602,1274,1328
13030,20180,1398,9799,958,18782,2603,1275,1328
13035,20186,1398,9802,958,18788,2604,1276,1328
13040,20197,1398,9808,958,18799,2605,1276,1329
13045,20201,1398,9810,958,18803,2605,1276,1329
13050,20211,1399,9814,958,18812,2606,1277,1329
13055,20217,1399,9818,958,18817,2607,1278,1329
13060,20228,1400,9822,959,18828,2608,1279,1329
13065,20232,1400,9824,959,18832,2608,1279,1329
13070,20242,1401,9829,959,18841,2609,1279,1330
13075,20248,1401,9831,959,18847,2610,1279,1331
13080,20259,1401,9836,959,18858,2611,1279,1332
13085,20263,1401,9836,959,18862,2611,1279,1332
13090,20273,1402,9841,960,18871,2612,1279,1333
13095,20279,1402,9844,960,18877,2613,1280,1333
13100,20290,1402,9846,960,18888,2613,1280,1333
13105,20294,1402,9846,960,18892,2613,1280,1333
13110,20304,1403,9851,961,18901,2614,1280,1334
13115,20310,1403,9855,961,18907,2615,1281,1334
13120,20321,1403,9858,961,18918,2615,1281,1334
13125,20325,1403,9861,961,18922,2615,1281,1334
13130,20335,1404,9867,962,18931,2617,1283,1334
13135,20341,1404,9869,962,18937,2618,1283,1335
13140,20352,1405,9873,963,18947,2619,1284,1335
13145,20356,1406,9874,964,18950,2619,1284,1335
13150,20366,1407,9879,965,18959,2621,1285,1336
13155,20372,1407,9883,965,18965,2622,1286,1336
13160,20383,1409,9890,966,18974,2623,1287,1336
13165,20387,1411,9892,968,18976,2623,1287,1336
13170,20397,1412,9899,968,18985,2624,1288,1336
13175,20403,1412,9900,968,18991,2625,1288,1337
13180,20414,1414,9906,969,19000,2626,1289,1337
13185,20418,1415,9907,970,19003,2626,1289,1337
13190,20428,1416,9912,970,19012,2627,1290,1337
13195,20434,1416,9915,970,19018,2628,1290,1338
13200,20445,1417,9920,970,19028,2630,1291,1339
13205,20449,1417,9922,970,19032,2630,1291,1339
13210,20459,1417,9924,970,19042,2631,1291,1340
13215,20465,1417,9929,970,19048,2632,1291,1341
13220,20476,1417,9934,970,19059,2633,1291,1342
13225,20480,1417,9936,970,19063,2633,1291,1342
13230,20490,1417,9941,970,19073,2634,1292,1342
13235,20496,1417,9946,970,19079,2635,1293,1342
13240,20507,1417,9951,970,19090,2635,1293,1342
13245,20511,1417,9952,970,19094,2635,1293,1342
13250,20521,1417,9958,970,19104,2636,1293,1343
13255,20527,1417,9962,970,19110,2637,1294,1343
13260,20538,1417,9964,970,19121,2637,1294,1343
13265,20542,1417,9966,970,19125,2637,1294,1343
13270,20552,1417,9972,970,19135,2638,1295,1343
13275,20558,1417,9973,970,19141,2639,1295,1344
13280,20569,1417,9978,970,19152,2639,1295,1344
13285,20573,1417,9980,970,19156,2639,1295,1344
13290,20583,1417,9984,970,19166,2640,1295,1345
13295,20589,1417,9985,970,19172,2641,1295,1346
13300,20600,1417,9992,970,19183,2641,1295,1346
13305,20604,1417,9995,970,19187,2641,1295,1346
13310,20614,1418,10005,971,19196,2642,1296,1346
13315,20620,1418,10009,971,19202,2643,1297,1346
13320,20631,1419,10016,972,19212,2644,1298,1346
13325,20635,1420,10018,973,19215,2644,1298,1346
13330,20645,1421,10021,974,19224,2645,1298,1347
13335,20651,1421,10023,974,19230,2646,1299,1347
13340,20662,1423,10029,976,19239,2648,1301,1347
13345,20666,1423,10031,976,19243,2648,1301,1347
13350,20676,1424,10036,976,19252,2649,1301,1348
13355,20682,1424,10039,976,19258,2650,1301,1349
13360,20693,1425,10043,976,19268,2652,1302,1350
13365,20697,1426,10044,977,19271,2652,1302,1350
13370,20707,1427,10049,978,19280,2654,1303,1351
13375,20713,1427,10050,978,19285,2655,1303,1352
13380,20724,1429,10054,980,19295,2657,1305,1352
13385,20728,1429,10055,980,19299,2657,1305,1352
13390,20738,1429,10062,980,19309,2659,1306,1353
13395,20744,1429,10067,980,19315,2660,1307,1353
13400,20755,1430,10070,981,19325,2662,1307,1355
13405,20759,1431,10072,982,19328,2662,1307,1355
13410,20769,1431,10078,982,19338,2663,1307,1356
13415,20775,1431,10079,982,19344,2664,1307,1357
13420,20786,1432,10083,982,19354,2666,1307,1359
13425,20790,1433,10085,983,19357,2666,1307,1359
13430,20800,1433,10091,983,19367,2667,1308,1359
13435,20806,1433,10094,983,19373,2668,1309,1359
13440,20817,1434,10101,984,19383,2669,1309,1360
13445,20821,1434,10103,984,19387,2669,1309,1360
13450,20831,1434,10108,984,19397,2670,1310,1360
13455,20837,1434,10112,984,19403,2671,1311,1360
13460,20848,1435,10119,985,19413,2672,1311,1361
13465,20852,1436,10121,986,19416,2672,1311,1361
13470,20862,1436,10126,986,19426,2673,1312,1361
13475,20868,1436,10129,986,19432,2674,1313,1361
13480,20879,1437,10133,987,19442,2675,1313,1362
13485,20883,1438,10134,988,19445,2675,1313,1362
13490,20893,1439,10138,989,19454,2676,1313,1363
13495,20899,1439,10141,989,19459,2677,1313,1364
13500,20910,1442,10149,992,19468,2678,1314,1364
13505,20914,1442,10152,992,19472,2678,1314,1364
13510,20924,1442,10155,992,19482,2679,1315,1364
13515,20930,1442,10157,992,19488,2680,1315,1365
13520,20941,1442,10163,992,19499,2680,1315,1365
13525,20945,1442,10163,992,19503,2680,1315,1365
13530,20955,1442,10168,992,19513,2681,1316,1365
13535,20961,1442,10169,992,19519,2682,1316,1366
13540,20972,1442,10175,992,19530,2683,1317,1366
13545,20976,1442,10177,992,19534,2683,1317,1366
13550,20986,1442,10181,992,19544,2685,1317,1368
13555,20992,1442,10184,992,19550,2686,1317,1369
13560,21003,1442,10189,992,19561,2686,1317,1369
13565,21007,1442,10192,992,19565,2686,1317,1369
13570,21017,1442,10193,992,19575,2687,1317,1370
13575,21023,1442,10196,992,19581,2688,1317,1371
13580,21034,1442,10200,992,19592,2688,1317,1371
13585,21038,1442,10201,992,19596,2688,1317,1371
13590,21048,1442,10207,992,19606,2689,1318,1371
13595,21054,1442,10211,992,19612,2690,1319,1371
13600,21065,1442,10216,992,19623,2690,1319,1371
13605,21069,1442,10216,992,19627,2690,1319,1371
13610,21079,1443,10221,993,19636,2691,1319,1372
13615,21085,1443,10225,993,19641,2692,1319,1373
13620,21096,1445,10230,995,19651,2693,1320,1373
13625,21100,1445,10231,995,19655,2693,1320,1373
13630,21110,1446,10235,995,19664,2694,1320,1374
13635,21116,1446,10239,995,19670,2696,1322,1374
13640,21127,1448,10244,996,19679,2697,1323,1374
13645,21131,1449,10247,997,19682,2697,1323,1374
13650,21141,1450,10252,998,19691,2698,1323,1375
13655,21147,1450,10253,998,19697,2700,1323,1377
13660,21158,1451,10259,999,19707,2702,1325,1377
13665,21162,1452,10260,1000,19710,2702,1325,1377
13670,21172,1453,10263,1000,19719,2703,1325,1378
13675,21178,1453,10266,1000,19724,2704,1325,1379
13680,21189,1455,10272,1002,19734,2706,1326,1380
13685,21193,1455,10272,1002,19738,2706,1326,1380
13690,21203,1456,10276,1002,19747,2708,1327,1381
13695,21209,1456,10279,1002,19753,2709,1328,1381
13700,21220,1457,10286,1002,19763,2710,1329,1381
13705,21224,1458,10289,1003,19766,2710,1329,1381
13710,21234,1459,10296,1004,19775,2712,1330,1382
13715,21240,1459,10299,1004,19781,2713,1331,1382
13720,21251,1460,10306,1005,19791,2714,1331,1383
13725,21255,1461,10308,1006,19794,2714,1331,1383
13730,21265,1462,10314,1007,19803,2716,1332,1384
13735,21271,1462,10316,1007,19809,2717,1332,1385
13740,21282,1463,10317,1007,19819,2719,1333,1386
13745,21286,1464,10320,1008,19822,2719,1333,1386
13750,21296,1465,10327,1008,19831,2721,1334,1387
13755,21302,1465,10327,1008,19837,2722,1334,1388
13760,21313,1466,10333,1009,19847,2723,1335,1388
13765,21317,1466,10333,1009,19851,2723,1335,1388
13770,21327,1467,10335,1009,19860,2724,1335,1389
13775,21333,1467,10339,1009,19866,2725,1336,1389
13780,21344,1469,10346,1010,19875,2725,1336,1389
13785,21348,1470,10348,1011,19878,2725,1336,1389
13790,21358,1471,10351,1012,19887,2726,1337,1389
13795,21364,1471,10355,1012,19893,2728,1339,1389
13800,21375,1473,10360,1013,19902,2728,1339,1389
13805,21379,1473,10362,1013,19906,2728,1339,1389
13810,21389,1473,10367,1013,19916,2729,1339,1390
13815,21395,1473,10371,1013,19922,2730,1340,1390
13820,21406,1473,10377,1013,19933,2730,1340,1390
13825,21410,1473,10378,1013,19937,2730,1340,1390
13830,21420,1473,10382,1013,19947,2731,1340,1391
13835,21426,1473,10383,1013,19953,2732,1340,1392
13840,21437,1473,10391,1013,19964,2732,1340,1392
13845,21441,1473,10391,1013,19968,2732,1340,1392
13850,21451,1473,10398,1013,19978,2733,1341,1392
13855,21457,1473,10401,1013,19984,2734,1342,1392
13860,21468,1473,10409,1013,19995,2735,1342,1393
13865,21472,1473,10412,1013,19999,2735,1342,1393
13870,21482,1473,10419,1013,20009,2736,1343,1393
13875,21488,1473,10421,1013,20015,2737,1344,1393
13880,21499,1473,10424,1013,20026,2738,1344,1394
13885,21503,1473,10427,1013,20030,2738,1344,1394
13890,21513,1473,10429,1013,20040,2739,1344,1395
13895,21519,1473,10431,1013,20046,2740,1344,1396
13900,21530,1473,10438,1013,20057,2741,1345,1396
13905,21534,1473,10440,1013,20061,2741,1345,1396
13910,21544,1474,10443,1013,20070,2742,1345,1397
13915,21550,1474,10447,1013,20075,2743,1346,1397
13920,21561,1477,10452,1015,20084,2745,1347,1398
13925,21565,1477,10454,1015,20088,2745,1347,1398
13930,21575,1477,10462,1015,20098,2746,1348,1398
13935,21581,1477,10465,1015,20104,2748,1349,1399
13940,21592,1480,10472,1018,20112,2749,1350,1399
13945,21596,1480,10473,1018,20116,2749,1350,1399
13950,21606,1480,10479,1018,20126,2750,1351,1399
13955,21612,1480,10484,1018,20132,2752,1353,1399
13960,21623,1483,10490,1021,20140,2753,1354,1399
13965,21627,1483,10491,1021,20144,2753,1354,1399
13970,21637,1483,10494,1021,20154,2754,1354,1400
13975,21643,1483,10499,1021,20160,2755,1355,1400
13980,21654,1484,10506,1022,20170,2756,1356,1400
13985,21658,1484,10508,1022,20174,2756,1356,1400
13990,21668,1484,10514,1022,20184,2758,1358,1400
13995,21674,1484,10516,1022,20190,2759,1359,1400
14000,21685,1485,10521,1022,20200,2759,1359,1400
14005,21689,1485,10524,1022,20204,2759,1359,1400
14010,21699,1485,10528,1022,20214,2761,1360,1401
14015,21705,1485,10533,1022,20220,2762,1361,1401
14020,21716,1486,10537,1023,20230,2762,1361,1401
14025,21720,1486,10540,1023,20234,2762,1361,1401
14030,21730,1487,10543,1023,20243,2764,1362,1402
14035,21736,1487,10545,1023,20249,2765,1362,1403
14040,21747,1488,10550,1023,20259,2766,1363,1403
14045,21751,1488,10550,1023,20263,2766,1363,1403
14050,21761,1489,10556,1024,20272,2767,1364,1403
14055,21767,1489,10559,1024,20278,2768,1365,1403
14060,21778,1490,10565,1025,20288,2769,1366,1403
14065,21782,1490,10566,1025,20292,2769,1366,1403
14070,21792,1491,10570,1026,20301,2770,1366,1404
14075,21798,1491,10572,1026,20307,2771,1367,1404
14080,21809,1492,10575,1026,20317,2772,1367,1405
14085,21813,1492,10575,1026,20321,2772,1367,1405
14090,21823,1493,10581,1027,20330,2773,1367,1406
14095,21829,1493,10585,1027,20335,2774,1368,1406
14100,21840,1497,10593,1031,20343,2776,1369,1407
14105,21844,1497,10597,1031,20347,2776,1369,1407
14110,21854,1498,10603,1032,20356,2777,1370,1407
14115,21860,1498,10606,1032,20361,2778,1370,1408
14120,21871,1500,10612,1034,20371,2778,1370,1408
14125,21875,1500,10612,1034,20375,2778,1370,1408
14130,21885,1501,10619,1034,20384,2779,1370,1409
14135,21891,1501,10623,1034,20389,2780,1370,1410
14140,21902,1502,10629,1035,20400,2780,1370,1410
14145,21906,1502,10629,1035,20404,2780,1370,1410
14150,21916,1503,10635,1035,20413,2781,1371,1410
14155,21922,1503,10639,1035,20419,2782,1372,1410
14160,21933,1503,10645,1035,20430,2782,1372,1410
14165,21937,1503,10648,1035,20434,2782,1372,1410
14170,21947,1504,10653,1035,20443,2783,1372,1411
14175,21953,1504,10657,1035,20448,2784,1373,1411
14180,21964,1505,10661,1036,20459,2784,1373,1411
14185,21968,1505,10663,1036,20463,2784,1373,1411
14190,21978,1506,10667,1037,20472,2785,1374,1411
14195,21984,1506,10671,1037,20477,2786,1375,1411
14200,21995,1507,10675,1038,20488,2786,1375,1411
14205,21999,1507,10676,1038,20492,2786,1375,1411
14210,22009,1508,10681,1038,20501,2787,1376,1411
14215,22015,1508,10685,1038,20506,2788,1376,1412
14220,22026,1510,10689,1039,20516,2790,1377,1413
14225,22030,1511,10691,1040,20519,2790,1377,1413
14230,22040,1511,10695,1040,20529,2791,1377,1414
14235,22046,1511,10697,1040,20535,2792,1377,1415
14240,22057,1514,10703,1042,20543,2794,1377,1417
14245,22061,1515,10705,1043,20546,2794,1377,1417
14250,22071,1515,10709,1043,20556,2795,1377,1418
14255,22077,1515,10710,1043,20562,2797,1377,1420
14260,22088,1516,10715,1043,20572,2799,1378,1421
14265,22092,1517,10718,1044,20575,2799,1378,1421
14270,22102,1517,10721,1044,20585,2801,1378,1423
14275,22108,1517,10724,1044,20591,2803,1379,1424
14280,22119,1520,10731,1046,20599,2805,1380,1425
14285,22123,1521,10733,1047,20602,2805,1380,1425
14290,22133,1521,10736,1047,20612,2806,1381,1425
14295,22139,1521,10738,1047,20618,2807,1381,1426
14300,22150,1522,10741,1047,20628,2807,1381,1426
14305,22154,1523,10742,1048,20631,2807,1381,1426
14310,22164,1523,10747,1048,20641,2808,1381,1427
14315,22170,1523,10749,1048,20647,2809,1381,1428
14320,22181,1525,10754,1049,20656,2809,1381,1428
14325,22185,1526,10756,1050,20659,2809,1381,1428
14330,22195,1526,10759,1050,20669,2810,1381,1429
14335,22201,1526,10761,1050,20675,2811,1381,1430
14340,22212,1528,10768,1051,20684,2811,1381,1430
14345,22216,1528,10768,1051,20688,2811,1381,1430
14350,22226,1529,10772,1052,20697,2812,1381,1431
14355,22232,1529,10776,1052,20702,2813,1382,1431
14360,22243,1530,10779,1053,20713,2813,1382,1431
14365,22247,1531,10781,1054,20716,2813,1382,1431
14370,22257,1532,10785,1054,20725,2814,1383,1431
14375,22263,1532,10787,1054,20731,2815,1383,1432
14380,22274,1532,10793,1054,20742,2815,1383,1432
14385,22278,1533,10796,1055,20745,2815,1383,1432
14390,22288,1534,10801,1056,20754,2816,1384,1432
14395,22294,1534,10801,1056,20760,2817,1384,1433
14400,22305,1534,10805,1056,20771,2818,1385,1433
14405,22309,1534,10807,1056,20775,2818,1385,1433
14410,22319,1535,10812,1056,20784,2819,1385,1434
14415,22325,1535,10816,1056,20789,2820,1386,1434
14420,22336,1536,10821,1057,20800,2821,1387,1434
14425,22340,1536,10822,1057,20804,2821,1387,1434
14430,22350,1537,10826,1057,20813,2822,1387,1435
14435,22356,1537,10828,1057,20818,2823,1388,1435
14440,22367,1538,10832,1058,20829,2824,1388,1436
14445,22371,1538,10834,1058,20833,2824,1388,1436
14450,22381,1539,10841,1058,20842,2825,1389,1436
14455,22387,1539,10844,1058,20848,2826,1389,1437
14460,22398,1542,10852,1061,20856,2827,1389,1438
14465,22402,1543,10854,1062,20859,2827,1389,1438
14470,22412,1543,10859,1062,20869,2828,1389,1439
14475,22418,1543,10861,1062,20875,2829,1389,1440
14480,22429,1544,10867,1063,20885,2830,1389,1441
14485,22433,1544,10868,1063,20889,2830,1389,1441
14490,22443,1544,10873,1063,20899,2832,1389,1443
14495,22449,1544,10877,1063,20905,2833,1390,1443
14500,22460,1545,10882,1063,20915,2834,1391,1443
14505,22464,1545,10883,1063,20919,2834,1391,1443
14510,22474,1545,10888,1063,20929,2836,1391,1445
14515,22480,1545,10890,1063,20935,2837,1391,1446
14520,22491,1546,10894,1063,20945,2837,1391,1446
14525,22495,1546,10895,1063,20949,2837,1391,1446
14530,22505,1546,10899,1063,20959,2839,1391,1448
14535,22511,1546,10903,1063,20965,2840,1391,1449
14540,22522,1547,10908,1063,20975,2840,1391,1449
14545,22526,1547,10908,1063,20979,2840,1391,1449
14550,22536,1547,10912,1063,20989,2841,1391,1450
14555,22542,1547,10917,1063,20995,2842,1392,1450
14560,22553,1548,10923,1064,21005,2842,1392,1450
14565,22557,1548,10924,1064,21009,2842,1392,1450
14570,22567,1549,10930,1064,21018,2843,1393,1450
14575,22573,1549,10934,1064,21023,2845,1394,1451
14580,22584,1552,10940,1067,21032,2845,1394,1451
14585,22588,1553,10944,1068,21035,2845,1394,1451
14590,22598,1554,10947,1069,21044,2847,1394,1453
14595,22604,1554,10950,1069,21049,2848,1395,1453
14600,22615,1556,10953,1070,21059,2849,1395,1454
14605,22619,1557,10955,1071,21062,2849,1395,1454
14610,22629,1558,10962,1071,21071,2850,1395,1455
14615,22635,1558,10966,1071,21076,2851,1396,1455
14620,22646,1561,10972,1073,21085,2853,1397,1456
14625,22650,1562,10974,1074,21088,2853,1397,1456
14630,22660,1563,10976,1074,21097,2854,1397,1457
14635,22666,1563,10981,1074,21102,2855,1398,1457
14640,22677,1566,10987,1077,21111,2857,1400,1457
14645,22681,1566,10988,1077,21115,2857,1400,1457
14650,22691,1567,10993,1078,21124,2858,1400,1458
14655,22697,1567,10995,1078,21129,2859,1400,1459
14660,22708,1569,11001,1080,21139,2861,1401,1460
14665,22712,1569,11003,1080,21143,2861,1401,1460
14670,22722,1570,11007,1081,21152,2862,1401,1461
14675,22728,1570,11009,1081,21158,2863,1402,1461
14680,22739,1571,11015,1082,21168,2865,1402,1463
14685,22743,1571,11017,1082,21172,2865,1402,1463
14690,22753,1572,11022,1082,21181,2866,1403,1463
14695,22759,1572,11026,1082,21186,2867,1404,1463
14700,22770,1573,11032,1083,21197,2869,1405,1464
14705,22774,1573,11033,1083,21201,2869,1405,1464
14710,22784,1573,11037,1083,21211,2871,1406,1465
14715,22790,1573,11040,1083,21217,2873,1408,1465
14720,22801,1573,11046,1083,21228,2873,1408,1465
14725,22805,1573,11048,1083,21232,2873,1408,1465
14730,22815,1573,11053,1083,21242,2875,1409,1466
14735,22821,1573,11056,1083,21248,2877,1410,1467
14740,22832,1573,11062,1083,21259,2877,1410,1467
14745,22836,1573,11065,1083,21263,2877,1410,1467
14750,22846,1573,11067,1083,21273,2878,1410,1468
14755,22852,1573,11071,1083,21279,2879,1410,1469
14760,22863,1574,11078,1084,21289,2879,1410,1469
14765,22867,1575,11080,1085,21292,2879,1410,1469
14770,22877,1576,11086,1086,21301,2880,1411,1469
14775,22883,1576,11091,1086,21306,2881,1412,1469
14780,22894,1578,11096,1088,21316,2881,1412,1469
14785,22898,1579,11098,1089,21319,2881,1412,1469
14790,22908,1580,11104,1090,21328,2882,1413,1469
14795,22914,1580,11106,1090,21334,2883,1413,1470
14800,22925,1581,11112,1091,21344,2883,1413,1470
14805,22929,1582,11114,1092,21347,2883,1413,1470
14810,22939,1583,11120,1093,21356,2884,1414,1470
14815,22945,1583,11124,1093,21361,2885,1415,1470
14820,22956,1587,11131,1096,21369,2887,1416,1471
14825,22960,1587,11133,1096,21373,2887,1416,1471
14830,22970,1587,11135,1096,21383,2888,1417,1471
14835,22976,1587,11138,1096,21389,2889,1418,1471
14840,22987,1587,11145,1096,21400,2890,1418,1472
14845,22991,1587,11147,1096,21404,2890,1418,1472
14850,23001,1587,11151,1096,21414,2891,1418,1473
14855,23007,1587,11153,1096,21420,2892,1419,1473
14860,23018,1587,11161,1096,21431,2893,1420,1473
14865,23022,1587,11164,1096,21435,2893,1420,1473
14870,23032,1587,11168,1096,21445,2894,1420,1474
14875,23038,1587,11171,1096,21451,2895,1421,1474
14880,23049,1587,11175,1096,21462,2896,1421,1475
14885,23053,1587,11177,1096,21466,2896,1421,1475
14890,23063,1587,11182,1096,21476,2897,1421,1476
14895,23069,1587,11184,1096,21482,2898,1421,1477
14900,23080,1587,11190,1096,21493,2899,1422,1477
14905,23084,1587,11190,1096,21497,2899,1422,1477
14910,23094,1587,11196,1096,21507,2900,1422,1478
14915,23100,1587,11199,1096,21513,2901,1422,1479
14920,23111,1587,11207,1096,21524,2902,1423,1479
14925,23115,1587,11208,1096,21528,2902,1423,1479
14930,23125,1588,11213,1096,21537,2903,1423,1480
14935,23131,1588,11214,1096,21543,2905,1424,1481
14940,23142,1590,11219,1098,21552,2906,1424,1482
14945,23146,1591,11221,1099,21555,2906,1424,1482
14950,23156,1592,11226,1100,21564,2907,1424,1483
14955,23162,1592,11230,1100,21570,2908,1424,1484
14960,23173,1593,11234,1101,21580,2909,1424,1485
14965,23177,1594,11235,1102,21583,2909,1424,1485
14970,23187,1595,11238,1103,21592,2910,1424,1486
14975,23193,1595,11240,1103,21598,2911,1425,1486
14980,23204,1596,11243,1104,21608,2912,1426,1486
14985,23208,1597,11245,1105,21611,2912,1426,1486
14990,23218,1598,11252,1106,21620,2913,1427,1486
14995,23224,1598,11256,1106,21625,2914,1427,1487
15000,23235,1600,11259,1108,21635,2915,1427,1488
15005,23239,1600,11259,1108,21639,2915,1427,1488
15010,23249,1601,11261,1108,21648,2916,1427,1489
15015,23255,1601,11265,1108,21653,2917,1428,1489
15020,23266,1603,11273,1109,21663,2918,1429,1489
15025,23270,1604,11276,1110,21666,2918,1429,1489
15030,23280,1605,11282,1111,21675,2919,1430,1489
15035,23286,1605,11286,1111,21681,2920,1430,1490
15040,23297,1606,11291,1112,21691,2921,1430,1491
15045,23301,1607,11294,1113,21694,2921,1430,1491
15050,23311,1607,11296,1113,21704,2923,1430,1493
15055,23317,1607,11297,1113,21710,2925,1430,1495
15060,23328,1609,11304,1115,21719,2927,1431,1496
15065,23332,1609,11307,1115,21723,2927,1431,1496
15070,23342,1609,11312,1115,21733,2928,1431,1497
15075,23348,1609,11315,1115,21739,2929,1431,1498
15080,23359,1609,11319,1115,21750,2930,1432,1498
15085,23363,1609,11321,1115,21754,2930,1432,1498
15090,23373,1609,11324,1115,21764,2931,1432,1499
15095,23379,1609,11325,1115,21770,2932,1432,1500
15100,23390,1609,11331,1115,21781,2933,1432,1501
15105,23394,1609,11332,1115,21785,2933,1432,1501
15110,23404,1609,11335,1115,21795,2934,1433,1501
15115,23410,1609,11338,1115,21801,2935,1434,1501
15120,23421,1609,11345,1115,21812,2935,1434,1501
15125,23425,1609,11346,1115,21816,2935,1434,1501
15130,23435,1609,11353,1115,21826,2936,1435,1501
15135,23441,1609,11357,1115,21832,2937,1435,1502
15140,23452,1609,11363,1115,21843,2937,1435,1502
15145,23456,1609,11364,1115,21847,2937,1435,1502
15150,23466,1609,11367,1115,21857,2938,1435,1503
15155,23472,1609,11370,1115,21863,2939,1436,1503
15160,23483,1609,11376,1115,21874,2939,1436,1503
15165,23487,1610,11378,1116,21877,2939,1436,1503
15170,23497,1611,11384,1116,21886,2940,1436,1504
15175,23503,1611,11386,1116,21892,2942,1438,1504
15180,23514,1612,11392,1117,21902,2943,1438,1505
15185,23518,1612,11395,1117,21906,2943,1438,1505
15190,23528,1612,11400,1117,21916,2944,1438,1506
15195,23534,1612,11403,1117,21922,2945,1438,1507
15200,23545,1613,11409,1118,21932,2947,1439,1508
15205,23549,1613,11411,1118,21936,2947,1439,1508
15210,23559,1613,11418,1118,21946,2948,1440,1508
15215,23565,1613,11421,1118,21952,2949,1440,1509
15220,23576,1614,11424,1118,21962,2951,1441,1510
15225,23580,1614,11425,1118,21966,2951,1441,1510
15230,23590,1614,11430,1118,21976,2952,1442,1510
15235,23596,1614,11435,1118,21982,2953,1443,1510
15240,23607,1615,11439,1119,21992,2955,1443,1512
15245,23611,1615,11441,1119,21996,2955,1443,1512
15250,23621,1615,11446,1119,22006,2956,1443,1513
15255,23627,1615,11448,1119,22012,2957,1443,1514
15260,23638,1616,11454,1119,22022,2958,1443,1515
15265,23642,1617,11457,1120,22025,2958,1443,1515
15270,23652,1617,11462,1120,22035,2959,1443,1516
15275,23658,1617,11463,1120,22041,2960,1444,1516
15280,23669,1618,11468,1120,22051,2961,1445,1516
15285,23673,1619,11470,1121,22054,2961,1445,1516
15290,23683,1620,11473,1121,22063,2962,1445,1517
15295,23689,1620,11475,1121,22069,2964,1446,1518
15300,23700,1623,11481,1124,22077,2965,1447,1518
15305,23704,1623,11482,1124,22081,2965,1447,1518
15310,23714,1624,11488,1125,22090,2967,1447,1520
15315,23720,1624,11491,1125,22095,2968,1447,1521
15320,23731,1628,11495,1129,22103,2968,1447,1521
15325,23735,1628,11495,1129,22107,2968,1447,1521
15330,23745,1629,11500,1130,22116,2970,1448,1522
15335,23751,1629,11502,1130,22122,2971,1448,1523
15340,23762,1631,11506,1132,22131,2971,1448,1523
15345,23766,1631,11507,1132,22135,2971,1448,1523
15350,23776,1632,11508,1132,22144,2973,1448,1525
15355,23782,1632,11510,1132,22149,2974,1448,1526
15360,23793,1634,11514,1134,22159,2975,1449,1526
15365,23797,1634,11517,1134,22163,2975,1449,1526
15370,23807,1634,11521,1134,22173,2976,1449,1527
15375,23813,1634,11526,1134,22179,2977,1450,1527
15380,23824,1634,11534,1134,22190,2978,1450,1528
15385,23828,1634,11535,1134,22194,2978,1450,1528
15390,23838,1634,11543,1134,22204,2979,1451,1528
15395,23844,1634,11545,1134,22210,2980,1452,1528
15400,23855,1634,11551,1134,22221,2981,1453,1528
15405,23859,1634,11553,1134,22225,2981,1453,1528
15410,23869,1634,11559,1134,22235,2982,1454,1528
15415,23875,1634,11564,1134,22241,2984,1456,1528
15420,23886,1634,11571,1134,22252,2985,1457,1528
15425,23890,1634,11571,1134,22256,2985,1457,1528
15430,23900,1635,11575,1135,22265,2987,1457,1530
15435,23906,1635,11580,1135,22271,2988,1458,1530
15440,23917,1637,11586,1137,22280,2989,1459,1530
15445,23921,1638,11589,1138,22283,2989,1459,1530
15450,23931,1639,11594,1138,22292,2991,1460,1531
15455,23937,1639,11598,1138,22297,2992,1461,1531
15460,23948,1641,11604,1140,22307,2993,1462,1531
15465,23952,1641,11605,1140,22311,2993,1462,1531
15470,23962,1642,11609,1140,22320,2995,1463,1532
15475,23968,1642,11611,1140,22325,2996,1463,1533
15480,23979,1644,11615,1142,22335,2997,1464,1533
15485,23983,1644,11618,1142,22339,2997,1464,1533
15490,23993,1644,11626,1142,22349,2998,1464,1534
15495,23999,1644,11630,1142,22355,2999,1465,1534
15500,24010,1645,11634,1143,22365,3000,1465,1535
15505,24014,1645,11635,1143,22369,3000,1465,1535
15510,24024,1645,11641,1143,22379,3001,1466,1535
15515,24030,1645,11645,1143,22385,3002,1466,1536
15520,24041,1646,11653,1143,22395,3002,1466,1536
15525,24045,1647,11656,1144,22398,3002,1466,1536
15530,24055,1647,11659,1144,22408,3003,1466,1537
15535,24061,1647,11660,1144,22414,3005,1467,1538
15540,24072,1648,11664,1144,22424,3005,1467,1538
15545,24076,1648,11665,1144,22428,3005,1467,1538
15550,24086,1648,11670,1144,22438,3006,1467,1539
15555,24092,1648,11671,1144,22444,3007,1467,1540
15560,24103,1650,11677,1146,22453,3007,1467,1540
15565,24107,1650,11679,1146,22457,3007,1467,1540
15570,24117,1650,11684,1146,22467,3008,1468,1540
15575,24123,1650,11685,1146,22473,3009,1468,1541
15580,24134,1651,11690,1146,22483,3009,1468,1541
15585,24138,1651,11691,1146,22487,3009,1468,1541
15590,24148,1652,11695,1147,22496,3011,1469,1542
15595,24154,1652,11697,1147,22502,3012,1470,1542
15600,24165,1653,11700,1147,22512,3013,1470,1543
15605,24169,1653,11700,1147,22516,3013,1470,1543
15610,24179,1654,11707,1148,22525,3015,1472,1543
15615,24185,1654,11707,1148,22531,3016,1472,1544
15620,24196,1657,11715,1151,22539,3017,1473,1544
15625,24200,1657,11716,1151,22543,3017,1473,1544
15630,24210,1658,11720,1151,22552,3019,1474,1545
15635,24216,1658,11723,1151,22558,3020,1475,1545
15640,24227,1660,11728,1153,22567,3021,1476,1545
15645,24231,1660,11729,1153,22571,3021,1476,1545
15650,24241,1661,11732,1153,22580,3022,1476,1546
15655,24247,1661,11735,1153,22586,3023,1476,1547
15660,24258,1662,11741,1154,22596,3024,1477,1547
15665,24262,1662,11742,1154,22600,3024,1477,1547
15670,24272,1663,11748,1154,22609,3025,1477,1548
15675,24278,1663,11750,1154,22614,3026,1477,1549
15680,24289,1664,11754,1155,22625,3027,1478,1549
15685,24293,1664,11755,1155,22629,3027,1478,1549
15690,24303,1665,11763,1156,22638,3028,1479,1549
15695,24309,1665,11767,1156,22643,3029,1479,1550
15700,24320,1666,11771,1157,22654,3030,1480,1550
15705,24324,1666,11774,1157,22658,3030,1480,1550
15710,24334,1667,11781,1157,22667,3031,1481,1550
15715,24340,1667,11783,1157,22672,3032,1482,1550
15720,24351,1668,11788,1158,22683,3034,1482,1552
15725,24355,1668,11788,1158,22687,3034,1482,1552
15730,24365,1669,11794,1159,22696,3036,1483,1553
15735,24371,1669,11798,1159,22702,3037,1484,1553
15740,24382,1669,11806,1159,22713,3038,1485,1553
15745,24386,1669,11808,1159,22717,3038,1485,1553
15750,24396,1670,11814,1159,22726,3039,1486,1553
15755,24402,1670,11817,1159,22732,3041,1487,1554
15760,24413,1670,11819,1159,22743,3042,1487,1555
15765,24417,1670,11822,1159,22747,3042,1487,1555
15770,24427,1671,11824,1159,22756,3043,1487,1556
15775,24433,1671,11826,1159,22762,3044,1487,1557
15780,24444,1672,11831,1160,22772,3045,1488,1557
15785,24448,1672,11833,1160,22776,3045,1488,1557
15790,24458,1672,11836,1160,22786,3046,1488,1558
15795,24464,1672,11839,1160,22792,3047,1489,1558
15800,24475,1673,11846,1161,22802,3047,1489,1558
15805,24479,1673,11846,1161,22806,3047,1489,1558
15810,24489,1673,11850,1161,22816,3048,1490,1558
15815,24495,1673,11855,1161,22822,3049,1491,1558
15820,24506,1675,11863,1162,22831,3049,1491,1558
15825,24510,1675,11864,1162,22835,3049,1491,1558
15830,24520,1675,11869,1162,22845,3050,1491,1559
15835,24526,1675,11873,1162,22851,3051,1491,1560
15840,24537,1677,11878,1163,22860,3052,1491,1561
15845,24541,1678,11880,1164,22863,3052,1491,1561
15850,24551,1678,11886,1164,22873,3053,1491,1562
15855,24557,1678,11889,1164,22879,3054,1491,1563
15860,24568,1679,11892,1165,22889,3055,1491,1564
15865,24572,1680,11895,1166,22892,3055,1491,1564
15870,24582,1680,11899,1166,22902,3057,1492,1565
15875,24588,1680,11901,1166,22908,3058,1492,1566
15880,24599,1681,11905,1167,22918,3059,1492,1567
15885,24603,1682,11907,1168,22921,3059,1492,1567
15890,24613,1683,11911,1168,22930,3060,1493,1567
15895,24619,1683,11914,1168,22936,3061,1494,1567
15900,24630,1684,11918,1168,22946,3063,1495,1568
15905,24634,1684,11918,1168,22950,3063,1495,1568
15910,24644,1684,11922,1168,22960,3064,1495,1569
15915,24650,1684,11927,1168,22966,3065,1496,1569
15920,24661,1684,11931,1168,22977,3067,1497,1570
15925,24665,1684,11931,1168,22981,3067,1497,1570
15930,24675,1684,11935,1168,22991,3068,1497,1571
15935,24681,1684,11937,1168,22997,3069,1497,1572
15940,24692,1684,11941,1168,23008,3070,1497,1573
15945,24696,1684,11944,1168,23012,3070,1497,1573
15950,24706,1684,11951,1168,23022,3071,1497,1574
15955,24712,1684,11954,1168,23028,3072,1498,1574
15960,24723,1684,11961,1168,23039,3072,1498,1574
15965,24727,1684,11963,1168,23043,3072,1498,1574
15970,24737,1684,11968,1168,23053,3073,1499,1574
15975,24743,1684,11970,1168,23059,3075,1501,1574
15980,24754,1684,11977,1168,23070,3075,1501,1574
15985,24758,1684,11979,1168,23074,3075,1501,1574
15990,24768,1684,11982,1168,23084,3076,1501,1575
15995,24774,1684,11984,1168,23090,3078,1501,1577
16000,24785,1684,11991,1168,23101,3078,1501,1577
16005,24789,1684,11995,1168,23105,3078,1501,1577
16010,24799,1685,11999,1169,23114,3079,1501,1578
16015,24805,1685,12002,1169,23119,3080,1502,1578
16020,24816,1688,12009,1172,23128,3080,1502,1578
16025,24820,1688,12012,1172,23132,3080,1502,1578
16030,24830,1688,12017,1172,23142,3081,1503,1578
16035,24836,1688,12021,1172,23148,3082,1504,1578
16040,24847,1689,12026,1172,23158,3083,1504,1579
16045,24851,1689,12030,1172,23162,3083,1504,1579
16050,24861,1689,12033,1172,23172,3084,1505,1579
16055,24867,1689,12037,1172,23178,3085,1505,1580
16060,24878,1691,12041,1174,23187,3086,1505,1581
16065,24882,1691,12041,1174,23191,3086,1505,1581
16070,24892,1691,12046,1174,23201,3087,1506,1581
16075,24898,1691,12046,1174,23207,3088,1506,1582
16080,24909,1693,12054,1176,23216,3089,1506,1583
16085,24913,1693,12056,1176,23220,3089,1506,1583
16090,24923,1693,12059,1176,23230,3090,1506,1584
16095,24929,1693,12061,1176,23236,3091,1507,1584
16100,24940,1694,12066,1177,23246,3092,1508,1584
16105,24944,1694,12067,1177,23250,3092,1508,1584
16110,24954,1694,12073,1177,23260,3093,1509,1584
16115,24960,1694,12076,1177,23266,3095,1511,1584
16120,24971,1696,12081,1179,23275,3096,1512,1584
16125,24975,1696,12082,1179,23279,3096,1512,1584
16130,24985,1697,12084,1179,23288,3097,1512,1585
16135,24991,1697,12087,1179,23294,3099,1513,1586
16140,25002,1698,12089,1179,23304,3101,1513,1588
16145,25006,1699,12090,1180,23307,3101,1513,1588
16150,25016,1699,12091,1180,23317,3102,1513,1589
16155,25022,1699,12093,1180,23323,3103,1514,1589
16160,25033,1699,12098,1180,23334,3105,1514,1591
16165,25037,1699,12100,1180,23338,3105,1514,1591
16170,25047,1699,12106,1180,23348,3106,1515,1591
16175,25053,1699,12108,1180,23354,3107,1516,1591
16180,25064,1699,12113,1180,23365,3109,1516,1593
16185,25068,1699,12114,1180,23369,3109,1516,1593
16190,25078,1699,12119,1180,23379,3110,1517,1593
16195,25084,1699,12123,1180,23385,3111,1518,1593
16200,25095,1699,12128,1180,23396,3113,1520,1593
16205,25099,1699,12130,1180,23400,3113,1520,1593
16210,25109,1699,12135,1180,23410,3115,1522,1593
16215,25115,1699,12138,1180,23416,3116,1523,1593
16220,25126,1699,12146,1180,23427,3116,1523,1593
16225,25130,1699,12147,1180,23431,3116,1523,1593
16230,25140,1699,12151,1180,23441,3117,1523,1594
16235,25146,1699,12154,1180,23447,3118,1523,1595
16240,25157,1699,12159,1180,23458,3118,1523,1595
16245,25161,1699,12162,1180,23462,3118,1523,1595
16250,25171,1700,12168,1180,23471,3119,1524,1595
16255,25177,1700,12172,1180,23477,3121,1525,1596
16260,25188,1702,12176,1182,23486,3121,1525,1596
16265,25192,1702,12177,1182,23490,3121,1525,1596
16270,25202,1703,12181,1183,23499,3123,1527,1596
16275,25208,1703,12184,1183,23505,3124,1528,1596
16280,25219,1704,12189,1184,23515,3126,1529,1597
16285,25223,1706,12192,1186,23517,3126,1529,1597
16290,25233,1707,12197,1187,23526,3127,1530,1597
16295,25239,1707,12198,1187,23532,3128,1530,1598
16300,25250,1709,12205,1189,23541,3130,1532,1598
16305,25254,1710,12206,1190,23544,3130,1532,1598
16310,25264,1711,12211,1191,23553,3131,1533,1598
16315,25270,1711,12213,1191,23559,3132,1533,1599
16320,25281,1713,12219,1192,23568,3134,1535,1599
16325,25285,1713,12219,1192,23572,3134,1535,1599
16330,25295,1714,12222,1192,23581,3135,1535,1600
16335,25301,1714,12223,1192,23587,3136,1535,1601
16340,25312,1714,12227,1192,23598,3137,1535,1602
16345,25316,1714,12231,1192,23602,3137,1535,1602
16350,25326,1715,12234,1193,23611,3138,1535,1603
16355,25332,1715,12236,1193,23617,3139,1536,1603
16360,25343,1715,12243,1193,23628,3140,1537,1603
16365,25347,1715,12243,1193,23632,3140,1537,1603
16370,25357,1716,12249,1194,23641,3141,1538,1603
16375,25363,1716,12251,1194,23647,3143,1539,1604
16380,25374,1716,12256,1194,23658,3144,1540,1604
16385,25378,1716,12256,1194,23662,3144,1540,1604
16390,25388,1717,12261,1195,23671,3146,1541,1605
16395,25394,1717,12263,1195,23677,3148,1542,1606
16400,25405,1717,12268,1195,23688,3148,1542,1606
16405,25409,1717,12271,1195,23692,3148,1542,1606
16410,25419,1718,12274,1195,23701,3149,1542,1607
16415,25425,1718,12275,1195,23707,3150,1542,1608
16420,25436,1718,12280,1195,23718,3150,1542,1608
16425,25440,1718,12281,1195,23722,3150,1542,1608
16430,25450,1719,12284,1196,23731,3151,1542,1609
16435,25456,1719,12287,1196,23736,3152,1543,1609
16440,25467,1721,12290,1197,23746,3152,1543,1609
16445,25471,1722,12293,1198,23749,3152,1543,1609
16450,25481,1722,12300,1198,23759,3153,1543,1610
16455,25487,1722,12300,1198,23765,3154,1543,1611
16460,25498,1724,12305,1200,23774,3154,1543,1611
16465,25502,1725,12306,1201,23777,3154,1543,1611
16470,25512,1725,12312,1201,23787,3155,1543,1612
16475,25518,1725,12314,1201,23793,3156,1543,1613
16480,25529,1726,12319,1201,23803,3156,1543,1613
16485,25533,1727,12322,1202,23806,3156,1543,1613
16490,25543,1727,12326,1202,23816,3157,1543,1614
16495,25549,1727,12328,1202,23822,3158,1543,1615
16500,25560,1728,12333,1202,23832,3159,1543,1616
16505,25564,1728,12334,1202,23836,3159,1543,1616
16510,25574,1728,12338,1202,23846,3161,1544,1617
16515,25580,1728,12339,1202,23852,3163,1544,1619
16520,25591,1729,12347,1203,23862,3163,1544,1619
16525,25595,1729,12349,1203,23866,3163,1544,1619
16530,25605,1729,12353,1203,23876,3165,1545,1620
16535,25611,1729,12357,1203,23882,3167,1547,1620
16540,25622,1730,12362,1204,23892,3167,1547,1620
16545,25626,1730,12364,1204,23896,3167,1547,1620
16550,25636,1731,12371,1205,23905,3168,1548,1620
16555,25642,1731,12375,1205,23911,3170,1549,1621
16560,25653,1732,12381,1205,23921,3171,1549,1622
16565,25657,1732,12384,1205,23925,3171,1549,1622
16570,25667,1732,12389,1205,23935,3172,1549,1623
16575,25673,1732,12392,1205,23941,3173,1550,1623
16580,25684,1734,12400,1207,23950,3174,1551,1623
16585,25688,1734,12403,1207,23954,3174,1551,1623
16590,25698,1734,12407,1207,23964,3175,1551,1624
16595,25704,1734,12411,1207,23970,3176,1552,1624
16600,25715,1736,12418,1209,23979,3177,1553,1624
16605,25719,1736,12419,1209,23983,3177,1553,1624
16610,25729,1736,12424,1209,23993,3178,1553,1625
16615,25735,1736,12427,1209,23999,3179,1554,1625
16620,25746,1737,12428,1209,24009,3180,1554,1626
16625,25750,1737,12429,1209,24013,3180,1554,1626
16630,25760,1737,12433,1209,24023,3181,1554,1627
16635,25766,1737,12436,1209,24029,3182,1555,1627
16640,25777,1739,12441,1211,24038,3183,1555,1628
16645,25781,1739,12444,1211,24042,3183,1555,1628
16650,25791,1739,12451,1211,24052,3185,1556,1629
16655,25797,1739,12454,1211,24058,3186,1556,1630
16660,25808,1741,12462,1213,24067,3187,1557,1630
16665,25812,1741,12465,1213,24071,3187,1557,1630
16670,25822,1742,12468,1213,24080,3189,1558,1631
16675,25828,1742,12470,1213,24085,3191,1558,1633
16680,25839,1745,12477,1215,24094,3192,1558,1634
16685,25843,1745,12478,1215,24098,3192,1558,1634
16690,25853,1746,12483,1215,24107,3194,1559,1635
16695,25859,1746,12486,1215,24113,3195,1559,1636
16700,25870,1746,12490,1215,24124,3196,1560,1636
16705,25874,1746,12492,1215,24128,3196,1560,1636
16710,25884,1747,12494,1215,24137,3197,1560,1637
16715,25890,1747,12497,1215,24143,3198,1560,1638
16720,25901,1747,12502,1215,24154,3199,1560,1639
16725,25905,1747,12504,1215,24158,3199,1560,1639
16730,25915,1748,12508,1215,24167,3200,1560,1640
16735,25921,1748,12512,1215,24173,3201,1560,1641
16740,25932,1748,12518,1215,24184,3202,1560,1642
16745,25936,1748,12519,1215,24188,3202,1560,1642
16750,25946,1748,12523,1215,24198,3203,1560,1643
16755,25952,1748,12526,1215,24204,3204,1561,1643
16760,25963,1750,12532,1217,24213,3204,1561,1643
16765,25967,1750,12534,1217,24217,3204,1561,1643
16770,25977,1750,12538,1217,24227,3205,1562,1643
16775,25983,1750,12542,1217,24233,3206,1563,1643
16780,25994,1751,12546,1217,24243,3206,1563,1643
16785,25998,1751,12550,1217,24247,3206,1563,1643
16790,26008,1751,12553,1217,24257,3207,1564,1643
16795,26014,1751,12558,1217,24263,3208,1565,1643
16800,26025,1753,12564,1218,24272,3208,1565,1643
16805,26029,1753,12565,1218,24276,3208,1565,1643
16810,26039,1753,12571,1218,24286,3210,1566,1644
16815,26045,1753,12575,1218,24292,3211,1567,1644
16820,26056,1755,12582,1220,24301,3212,1568,1644
16825,26060,1755,12583,1220,24305,3212,1568,1644
16830,26070,1755,12587,1220,24315,3214,1568,1646
16835,26076,1755,12590,1220,24321,3215,1569,1646
16840,26087,1756,12594,1220,24331,3216,1569,1647
16845,26091,1757,12597,1221,24334,3216,1569,1647
16850,26101,1758,12601,1221,24343,3218,1569,1649
16855,26107,1758,12604,1221,24348,3219,1570,1649
16860,26118,1760,12608,1223,24358,3220,1570,1650
16865,26122,1760,12609,1223,24362,3220,1570,1650
16870,26132,1760,12613,1223,24372,3221,1570,1651
16875,26138,1760,12614,1223,24378,3222,1570,1652
16880,26149,1760,12619,1223,24389,3224,1571,1653
16885,26153,1760,12621,1223,24393,3224,1571,1653
16890,26163,1760,12625,1223,24403,3225,1572,1653
16895,26169,1760,12627,1223,24409,3226,1572,1654
16900,26180,1760,12633,1223,24420,3226,1572,1654
16905,26184,1760,12635,1223,24424,3226,1572,1654
16910,26194,1760,12641,1223,24434,3227,1572,1655
16915,26200,1760,12646,1223,24440,3228,1573,1655
16920,26211,1760,12652,1223,24451,3228,1573,1655
16925,26215,1760,12656,1223,24455,3228,1573,1655
16930,26225,1760,12661,1223,24465,3229,1573,1656
16935,26231,1760,12664,1223,24471,3230,1573,1657
16940,26242,1760,12671,1223,24482,3230,1573,1657
16945,26246,1760,12673,1223,24486,3230,1573,1657
16950,26256,1760,12677,1223,24496,3231,1574,1657
16955,26262,1760,12680,1223,24502,3232,1575,1657
16960,26273,1760,12687,1223,24513,3232,1575,1657
16965,26277,1760,12688,1223,24517,3232,1575,1657
16970,26287,1761,12693,1223,24526,3234,1575,1659
16975,26293,1761,12696,1223,24532,3236,1575,1661
16980,26304,1763,12703,1225,24541,3236,1575,1661
16985,26308,1763,12704,1225,24545,3236,1575,1661
16990,26318,1764,12709,1226,24554,3238,1575,1663
16995,26324,1764,12711,1226,24560,3239,1576,1663
17000,26335,1765,12718,1227,24570,3240,1577,1663
17005,26339,1765,12720,1227,24574,3240,1577,1663
17010,26349,1766,12725,1227,24583,3242,1577,1665
17015,26355,1766,12729,1227,24589,3243,1578,1665
17020,26366,1767,12733,1227,24599,3245,1579,1666
17025,26370,1767,12735,1227,24603,3245,1579,1666
17030,26380,1768,12739,1228,24612,3247,1579,1668
17035,26386,1768,12741,1228,24618,3248,1580,1668
17040,26397,1769,12746,1229,24628,3250,1580,1670
17045,26401,1769,12749,1229,24632,3250,1580,1670
17050,26411,1770,12755,1230,24641,3251,1580,1671
17055,26417,1770,12758,1230,24647,3252,1580,1672
17060,26428,1771,12765,1230,24657,3253,1581,1672
17065,26432,1771,12768,1230,24661,3253,1581,1672
17070,26442,1772,12771,1231,24670,3254,1581,1673
17075,26448,1772,12774,1231,24676,3255,1581,1674
17080,26459,1773,12781,1231,24686,3256,1582,1674
17085,26463,1773,12781,1231,24690,3256,1582,1674
17090,26473,1774,12785,1231,24699,3257,1583,1674
17095,26479,1774,12789,1231,24704,3259,1584,1675
17100,26490,1776,12795,1233,24714,3261,1584,1677
17105,26494,1777,12798,1234,24717,3261,1584,1677
17110,26504,1778,12802,1235,24726,3262,1584,1678
17115,26510,1778,12806,1235,24731,3263,1585,1678
17120,26521,1781,12809,1237,24740,3265,1586,1679
17125,26525,1783,12811,1239,24742,3265,1586,1679
17130,26535,1784,12819,1240,24751,3266,1587,1679
17135,26541,1784,12820,1240,24757,3267,1587,1680
17140,26552,1787,12828,1243,24765,3269,1589,1680
17145,26556,1787,12829,1243,24769,3269,1589,1680
17150,26566,1788,12832,1243,24778,3270,1589,1681
17155,26572,1788,12835,1243,24784,3271,1590,1681
17160,26583,1790,12839,1245,24793,3273,1590,1683
17165,26587,1790,12841,1245,24797,3273,1590,1683
17170,26597,1790,12847,1245,24807,3274,1590,1684
17175,26603,1790,12849,1245,24813,3275,1590,1685
17180,26614,1790,12854,1245,24824,3275,1590,1685
17185,26618,1790,12857,1245,24828,3275,1590,1685
17190,26628,1790,12863,1245,24838,3276,1590,1686
17195,26634,1790,12864,1245,24844,3277,1591,1686
17200,26645,1790,12870,1245,24855,3277,1591,1686
17205,26649,1790,12872,1245,24859,3277,1591,1686
17210,26659,1790,12876,1245,24869,3279,1592,1687
17215,26665,1790,12879,1245,24875,3281,1593,1688
17220,26676,1790,12885,1245,24886,3281,1593,1688
17225,26680,1790,12888,1245,24890,3281,1593,1688
17230,26690,1790,12892,1245,24900,3282,1593,1689
17235,26696,1790,12894,1245,24906,3284,1594,1690
17240,26707,1790,12900,1245,24917,3285,1594,1691
17245,26711,1790,12901,1245,24921,3285,1594,1691
17250,26721,1790,12907,1245,24931,3286,1595,1691
17255,26727,1790,12909,1245,24937,3287,1595,1692
17260,26738,1790,12915,1245,24948,3287,1595,1692
17265,26742,1790,12918,1245,24952,3287,1595,1692
17270,26752,1791,12923,1245,24961,3288,1595,1693
17275,26758,1791,12925,1245,24966,3289,1595,1694
17280,26769,1795,12934,1249,24974,3289,1595,1694
17285,26773,1797,12937,1251,24976,3289,1595,1694
17290,26783,1798,12942,1251,24985,3290,1595,1695
17295,26789,1798,12944,1251,24991,3291,1596,1695
17300,26800,1799,12952,1251,25001,3292,1597,1695
17305,26804,1801,12954,1253,25003,3292,1597,1695
17310,26814,1802,12960,1254,25012,3293,1598,1695
17315,26820,1802,12960,1254,25018,3294,1598,1696
17320,26831,1803,12967,1255,25028,3295,1598,1697
17325,26835,1804,12970,1256,25031,3295,1598,1697
17330,26845,1805,12979,1256,25040,3296,1599,1697
17335,26851,1805,12984,1256,25045,3297,1600,1697
17340,26862,1807,12991,1258,25055,3298,1600,1698
17345,26866,1807,12993,1258,25059,3298,1600,1698
17350,26876,1807,12997,1258,25069,3300,1601,1699
17355,26882,1807,12999,1258,25075,3302,1601,1701
17360,26893,1808,13002,1258,25085,3304,1602,1702
17365,26897,1808,13003,1258,25089,3304,1602,1702
17370,26907,1808,13009,1258,25099,3306,1603,1703
17375,26913,1808,13012,1258,25105,3308,1604,1704
17380,26924,1809,13017,1258,25115,3310,1606,1704
17385,26928,1809,13018,1258,25119,3310,1606,1704
17390,26938,1809,13024,1258,25129,3311,1607,1704
17395,26944,1809,13026,1258,25135,3312,1608,1704
17400,26955,1811,13034,1259,25144,3314,1609,1705
17405,26959,1811,13036,1259,25148,3314,1609,1705
17410,26969,1811,13041,1259,25158,3315,1610,1705
17415,26975,1811,13043,1259,25164,3316,1610,1706
17420,26986,1813,13049,1261,25173,3317,1611,1706
17425,26990,1813,13051,1261,25177,3317,1611,1706
17430,27000,1813,13056,1261,25187,3318,1612,1706
17435,27006,1813,13060,1261,25193,3319,1613,1706
17440,27017,1815,13065,1262,25202,3320,1614,1706
17445,27021,1815,13068,1262,25206,3320,1614,1706
17450,27031,1816,13071,1263,25215,3321,1614,1707
17455,27037,1816,13076,1263,25221,3322,1615,1707
17460,27048,1817,13084,1264,25231,3323,1616,1707
17465,27052,1817,13085,1264,25235,3323,1616,1707
17470,27062,1818,13093,1265,25244,3324,1616,1708
17475,27068,1818,13096,1265,25250,3325,1616,1709
17480,27079,1820,13103,1266,25259,3325,1616,1709
17485,27083,1820,13104,1266,25263,3325,1616,1709
17490,27093,1821,13108,1266,25272,3326,1616,1710
17495,27099,1821,13113,1266,25277,3328,1618,1710
17500,27110,1823,13120,1267,25287,3328,1618,1710
17505,27114,1823,13123,1267,25291,3328,1618,1710
17510,27124,1824,13128,1268,25300,3329,1618,1711
17515,27130,1824,13131,1268,25306,3331,1620,1711
17520,27141,1825,13138,1269,25316,3331,1620,1711
17525,27145,1825,13139,1269,25320,3331,1620,1711
17530,27155,1826,13144,1269,25329,3332,1621,1711
17535,27161,1826,13146,1269,25335,3333,1621,1712
17540,27172,1827,13154,1270,25345,3335,1622,1713
17545,27176,1828,13157,1271,25348,3335,1622,1713
17550,27186,1829,13158,1271,25357,3336,1622,1714
17555,27192,1829,13160,1271,25363,3337,1623,1714
17560,27203,1830,13163,1272,25373,3339,1624,1715
17565,27207,1831,13167,1273,25376,3339,1624,1715
17570,27217,1832,13172,1274,25385,3340,1624,1716
17575,27223,1832,13173,1274,25391,3341,1624,1717
17580,27234,1832,13182,1274,25402,3343,1625,1718
17585,27238,1832,13184,1274,25406,3343,1625,1718
17590,27248,1832,13189,1274,25416,3344,1625,1719
17595,27254,1832,13192,1274,25422,3345,1625,1720
17600,27265,1832,13199,1274,25433,3346,1626,1720
17605,27269,1832,13201,1274,25437,3346,1626,1720
17610,27279,1832,13207,1274,25447,3347,1626,1721
17615,27285,1832,13212,1274,25453,3348,1627,1721
17620,27296,1832,13215,1274,25464,3349,1627,1722
17625,27300,1832,13218,1274,25468,3349,1627,1722
17630,27310,1832,13223,1274,25478,3350,1628,1722
17635,27316,1832,13225,1274,25484,3352,1628,1724
17640,27327,1833,13229,1275,25494,3353,1628,1725
17645,27331,1834,13231,1276,25497,3353,1628,1725
17650,27341,1835,13235,1276,25506,3355,1629,1726
17655,27347,1835,13237,1276,25512,3356,1630,1726
17660,27358,1837,13242,1277,25521,3356,1630,1726
17665,27362,1838,13244,1278,25524,3356,1630,1726
17670,27372,1839,13249,1279,25533,3358,1630,1728
17675,27378,1839,13254,1279,25538,3359,1631,1728
17680,27389,1842,13258,1282,25547,3359,1631,1728
17685,27393,1843,13259,1283,25550,3359,1631,1728
17690,27403,1844,13264,1284,25559,3361,1632,1729
17695,27409,1844,13267,1284,25564,3362,1633,1729
17700,27420,1846,13269,1286,25574,3363,1634,1729
17705,27424,1847,13270,1287,25577,3363,1634,1729
17710,27434,1847,13275,1287,25587,3365,1635,1730
17715,27440,1847,13279,1287,25593,3366,1635,1731
17720,27451,1848,13283,1287,25603,3367,1635,1732
17725,27455,1848,13284,1287,25607,3367,1635,1732
17730,27465,1848,13286,1287,25617,3368,1635,1733
17735,27471,1848,13290,1287,25623,3369,1636,1733
17740,27482,1850,13294,1288,25632,3370,1636,1734
17745,27486,1851,13295,1289,25635,3370,1636,1734
17750,27496,1851,13301,1289,25645,3371,1636,1735
17755,27502,1851,13304,1289,25651,3373,1637,1736
17760,27513,1852,13310,1289,25661,3375,1638,1737
17765,27517,1852,13313,1289,25665,3375,1638,1737
17770,27527,1852,13316,1289,25675,3376,1638,1738
17775,27533,1852,13318,1289,25681,3377,1638,1739
17780,27544,1852,13322,1289,25692,3379,1638,1741
17785,27548,1852,13324,1289,25696,3379,1638,1741
17790,27558,1852,13329,1289,25706,3380,1638,1742
17795,27564,1852,13332,1289,25712,3381,1638,1743
17800,27575,1852,13334,1289,25723,3383,1638,1745
17805,27579,1852,13335,1289,25727,3383,1638,1745
17810,27589,1853,13340,1289,25736,3384,1638,1746
17815,27595,1853,13342,1289,25741,3385,1638,1747
17820,27606,1854,13347,1290,25752,3387,1640,1747
17825,27610,1854,13347,1290,25756,3387,1640,1747
17830,27620,1854,13351,1290,25766,3388,1641,1747
17835,27626,1854,13353,1290,25772,3389,1642,1747
17840,27637,1854,13355,1290,25783,3389,1642,1747
17845,27641,1854,13356,1290,25787,3389,1642,1747
17850,27651,1854,13362,1290,25797,3390,1643,1747
17855,27657,1854,13365,1290,25803,3391,1644,1747
17860,27668,1854,13370,1290,25814,3391,1644,1747
17865,27672,1854,13374,1290,25818,3391,1644,1747
17870,27682,1854,13378,1290,25828,3393,1646,1747
17875,27688,1854,13384,1290,25834,3395,1648,1747
17880,27699,1854,13387,1290,25845,3395,1648,1747
17885,27703,1854,13388,1290,25849,3395,1648,1747
17890,27713,1854,13392,1290,25859,3396,1648,1748
17895,27719,1854,13394,1290,25865,3397,1648,1749
17900,27730,1854,13396,1290,25876,3397,1648,1749
17905,27734,1854,13399,1290,25880,3397,1648,1749
17910,27744,1854,13402,1290,25890,3398,1649,1749
17915,27750,1854,13406,1290,25896,3399,1649,1750
17920,27761,1854,13408,1290,25907,3399,1649,1750
17925,27765,1854,13411,1290,25911,3399,1649,1750
17930,27775,1855,13420,1291,25920,3400,1649,1751
17935,27781,1855,13425,1291,25925,3401,1650,1751
17940,27792,1857,13427,1292,25935,3403,1651,1752
17945,27796,1857,13430,1292,25939,3403,1651,1752
17950,27806,1858,13431,1292,25948,3404,1651,1753
17955,27812,1858,13434,1292,25953,3405,1652,1753
17960,27823,1861,13439,1294,25962,3406,1652,1754
17965,27827,1861,13440,1294,25966,3406,1652,1754
17970,27837,1862,13447,1294,25975,3407,1653,1754
17975,27843,1862,13449,1294,25981,3408,1653,1755
17980,27854,1864,13454,1296,25990,3409,1654,1755
17985,27858,1864,13456,1296,25994,3409,1654,1755
17990,27868,1865,13460,1296,26003,3411,1655,1756
17995,27874,1865,13462,1296,26009,3413,1656,1757
18000,27885,1866,13469,1296,26019,3414,1657,1757
18005,27889,1866,13471,1296,26023,3414,1657,1757
18010,27899,1867,13479,1297,26032,3416,1658,1758
18015,27905,1867,13481,1297,26037,3417,1658,1759
18020,27916,1870,13488,1299,26046,3418,1659,1759
18025,27920,1870,13490,1299,26050,3418,1659,1759
18030,27930,1871,13494,1299,26059,3420,1660,1760
18035,27936,1871,13498,1299,26065,3421,1660,1761
18040,27947,1873,13503,1301,26074,3422,1660,1762
18045,27951,1873,13505,1301,26078,3422,1660,1762
18050,27961,1874,13510,1302,26087,3423,1661,1762
18055,27967,1874,13513,1302,26093,3424,1662,1762
18060,27978,1876,13520,1304,26102,3426,1663,1763
18065,27982,1876,13521,1304,26106,3426,1663,1763
18070,27992,1876,13525,1304,26116,3427,1663,1764
18075,27998,1876,13526,1304,26122,3428,1663,1765
18080,28009,1877,13531,1304,26132,3430,1665,1765
18085,28013,1878,13532,1305,26135,3430,1665,1765
18090,28023,1878,13538,1305,26145,3431,1665,1766
18095,28029,1878,13540,1305,26151,3432,1665,1767
18100,28040,1879,13545,1306,26161,3434,1665,1769
18105,28044,1880,13549,1307,26164,3434,1665,1769
18110,28054,1880,13555,1307,26174,3435,1666,1769
18115,28060,1880,13557,1307,26180,3437,1668,1769
18120,28071,1881,13561,1308,26190,3439,1668,1771
18125,28075,1881,13562,1308,26194,3439,1668,1771
18130,28085,1881,13565,1308,26204,3440,1669,1771
18135,28091,1881,13568,1308,26210,3442,1670,1772
18140,28102,1882,13574,1309,26220,3442,1670,1772
18145,28106,1883,13576,1310,26223,3442,1670,1772
18150,28116,1883,13578,1310,26233,3443,1670,1773
18155,28122,1883,13579,1310,26239,3444,1670,1774
18160,28133,1884,13584,1311,26249,3444,1670,1774
18165,28137,1885,13586,1312,26252,3444,1670,1774
18170,28147,1886,13591,1312,26261,3446,1671,1775
18175,28153,1886,13594,1312,26266,3447,1671,1776
18180,28164,1889,13599,1314,26275,3447,1671,1776
18185,28168,1889,13600,1314,26279,3447,1671,1776
18190,28178,1890,13604,1314,26288,3448,1672,1776
18195,28184,1890,13606,1314,26293,3449,1672,1777
18200,28195,1891,13617,1315,26304,3449,1672,1777
18205,28199,1892,13619,1316,26307,3449,1672,1777
18210,28209,1893,13624,1316,26316,3450,1672,1778
18215,28215,1893,13625,1316,26322,3451,1672,1779
18220,28226,1893,13628,1316,26333,3451,1672,1779
18225,28230,1894,13630,1317,26336,3451,1672,1779
18230,28240,1895,13636,1318,26345,3452,1673,1779
18235,28246,1895,13641,1318,26350,3453,1674,1779
18240,28257,1897,13645,1320,26360,3455,1674,1781
18245,28261,1897,13645,1320,26364,3455,1674,1781
18250,28271,1897,13649,1320,26374,3456,1674,1782
18255,28277,1897,13653,1320,26380,3458,1675,1783
18260,28288,1897,13660,1320,26391,3458,1675,1783
18265,28292,1897,13661,1320,26395,3458,1675,1783
18270,28302,1897,13668,1320,26405,3459,1676,1783
18275,28308,1897,13671,1320,26411,3460,1677,1783
18280,28319,1897,13674,1320,26422,3460,1677,1783
18285,28323,1897,13676,1320,26426,3460,1677,1783
18290,28333,1897,13679,1320,26436,3461,1678,1783
18295,28339,1897,13679,1320,26442,3462,1678,1784
18300,28350,1897,13683,1320,26453,3462,1678,1784
18305,28354,1897,13684,1320,26457,3462,1678,1784
18310,28364,1897,13688,1320,26467,3463,1678,1785
18315,28370,1897,13690,1320,26473,3464,1678,1786
18320,28381,1897,13696,1320,26484,3465,1679,1786
18325,28385,1897,13697,1320,26488,3465,1679,1786
18330,28395,1897,13700,1320,26498,3466,1679,1787
18335,28401,1897,13703,1320,26504,3467,1679,1788
18340,28412,1897,13708,1320,26515,3468,1679,1789
18345,28416,1898,13710,1321,26518,3468,1679,1789
18350,28426,1899,13714,1322,26527,3469,1680,1789
18355,28432,1899,13717,1322,26533,3470,1681,1789
18360,28443,1901,13723,1323,26542,3471,1681,1790
18365,28447,1901,13725,1323,26546,3471,1681,1790
18370,28457,1901,13731,1323,26556,3472,1682,1790
18375,28463,1901,13734,1323,26562,3473,1682,1791
18380,28474,1902,13740,1323,26572,3474,1683,1791
18385,28478,1902,13742,1323,26576,3474,1683,1791
18390,28488,1902,13745,1323,26586,3475,1684,1791
18395,28494,1902,13748,1323,26592,3476,1684,1792
18400,28505,1904,13754,1325,26601,3477,1684,1793
18405,28509,1905,13756,1326,26604,3477,1684,1793
18410,28519,1905,13763,1326,26614,3478,1685,1793
18415,28525,1905,13766,1326,26620,3479,1686,1793
18420,28536,1907,13773,1328,26629,3480,1687,1793
18425,28540,1908,13776,1329,26632,3480,1687,1793
18430,28550,1908,13779,1329,26642,3481,1687,1794
18435,28556,1908,13783,1329,26648,3482,1688,1794
18440,28567,1909,13787,1329,26658,3483,1688,1795
18445,28571,1909,13788,1329,26662,3483,1688,1795
18450,28581,1909,13791,1329,26672,3484,1689,1795
18455,28587,1909,13793,1329,26678,3485,1690,1795
18460,28598,1910,13798,1330,26688,3486,1691,1795
18465,28602,1911,13801,1331,26691,3486,1691,1795
18470,28612,1912,13807,1331,26700,3487,1691,1796
18475,28618,1912,13811,1331,26705,3489,1692,1797
18480,28629,1915,13816,1334,26714,3491,1693,1798
18485,28633,1915,13817,1334,26718,3491,1693,1798
18490,28643,1915,13820,1334,26728,3493,1693,1800
18495,28649,1915,13823,1334,26734,3494,1693,1801
18500,28660,1915,13825,1334,26745,3495,1693,1802
18505,28664,1915,13827,1334,26749,3495,1693,1802
18510,28674,1915,13831,1334,26759,3497,1693,1804
18515,28680,1915,13835,1334,26765,3498,1693,1805
18520,28691,1915,13840,1334,26776,3499,1694,1805
18525,28695,1915,13842,1334,26780,3499,1694,1805
18530,28705,1915,13847,1334,26790,3500,1695,1805
18535,28711,1915,13851,1334,26796,3501,1695,1806
18540,28722,1915,13857,1334,26807,3502,1695,1807
18545,28726,1915,13861,1334,26811,3502,1695,1807
18550,28736,1915,13867,1334,26821,3503,1696,1807
18555,28742,1915,13870,1334,26827,3504,1697,1807
18560,28753,1915,13874,1334,26838,3504,1697,1807
18565,28757,1915,13877,1334,26842,3504,1697,1807
18570,28767,1915,13882,1334,26852,3505,1697,1808
18575,28773,1915,13885,1334,26858,3506,1698,1808
18580,28784,1915,13890,1334,26869,3506,1698,1808
18585,28788,1915,13893,1334,26873,3506,1698,1808
18590,28798,1916,13899,1335,26882,3507,1699,1808
18595,28804,1916,13902,1335,26888,3509,1700,1809
18600,28815,1918,13906,1336,26897,3510,1700,1810
18605,28819,1918,13907,1336,26901,3510,1700,1810
18610,28829,1919,13913,1337,26910,3512,1701,1811
18615,28835,1919,13915,1337,26916,3513,1701,1812
18620,28846,1920,13918,1337,26926,3514,1701,1813
18625,28850,1920,13920,1337,26930,3514,1701,1813
18630,28860,1921,13923,1338,26939,3516,1702,1814
18635,28866,1921,13928,1338,26945,3517,1703,1814
18640,28877,1923,13935,1339,26954,3518,1704,1814
18645,28881,1923,13935,1339,26958,3518,1704,1814
18650,28891,1924,13939,1339,26967,3520,1704,1816
18655,28897,1924,13940,1339,26972,3521,1704,1817
18660,28908,1926,13945,1340,26982,3523,1704,1819
18665,28912,1926,13947,1340,26986,3523,1704,1819
18670,28922,1927,13951,1340,26995,3525,1705,1820
18675,28928,1927,13954,1340,27001,3526,1705,1821
18680,28939,1929,13960,1341,27010,3528,1706,1822
18685,28943,1929,13961,1341,27014,3528,1706,1822
18690,28953,1930,13968,1342,27023,3530,1707,1823
18695,28959,1930,13971,1342,27028,3531,1708,1823
18700,28970,1933,13976,1345,27037,3533,1710,1823
18705,28974,1933,13977,1345,27041,3533,1710,1823
18710,28984,1934,13979,1345,27050,3535,1711,1824
18715,28990,1934,13983,1345,27055,3536,1711,1825
18720,29001,1937,13986,1348,27064,3538,1712,1826
18725,29005,1937,13987,1348,27068,3538,1712,1826
18730,29015,1937,13990,1348,27078,3539,1712,1827
18735,29021,1937,13992,1348,27084,3540,1712,1828
18740,29032,1937,13995,1348,27095,3541,1712,1829
18745,29036,1937,13995,1348,27099,3541,1712,1829
18750,29046,1937,13998,1348,27109,3542,1712,1830
18755,29052,1937,14003,1348,27115,3543,1712,1831
18760,29063,1937,14010,1348,27126,3544,1713,1831
18765,29067,1937,14012,1348,27130,3544,1713,1831
18770,29077,1937,14017,1348,27140,3545,1713,1832
18775,29083,1937,14019,1348,27146,3546,1713,1833
18780,29094,1937,14024,1348,27157,3546,1713,1833
18785,29098,1937,14024,1348,27161,3546,1713,1833
18790,29108,1937,14030,1348,27171,3547,1713,1834
18795,29114,1937,14035,1348,27177,3548,1714,1834
18800,29125,1937,14041,1348,27188,3548,1714,1834
18805,29129,1937,14044,1348,27192,3548,1714,1834
18810,29139,1937,14048,1348,27202,3549,1714,1835
18815,29145,1937,14051,1348,27208,3550,1715,1835
18820,29156,1937,14054,1348,27219,3550,1715,1835
18825,29160,1937,14057,1348,27223,3550,1715,1835
18830,29170,1938,14062,1349,27232,3552,1715,1837
18835,29176,1938,14067,1349,27237,3554,1717,1837
18840,29187,1941,14072,1351,27246,3554,1717,1837
18845,29191,1941,14073,1351,27250,3554,1717,1837
18850,29201,1942,14080,1352,27259,3556,1718,1838
18855,29207,1942,14081,1352,27264,3557,1718,1839
18860,29218,1945,14091,1355,27273,3559,1720,1839
18865,29222,1946,14093,1356,27276,3559,1720,1839
18870,29232,1946,14100,1356,27286,3561,1721,1840
18875,29238,1946,14103,1356,27292,3562,1721,1841
18880,29249,1948,14108,1357,27301,3564,1722,1842
18885,29253,1949,14111,1358,27304,3564,1722,1842
18890,29263,1949,14115,1358,27314,3566,1722,1844
18895,29269,1949,14118,1358,27320,3567,1723,1844
18900,29280,1951,14125,1360,27329,3569,1725,1844
18905,29284,1951,14128,1360,27333,3569,1725,1844
18910,29294,1951,14131,1360,27343,3570,1725,1845
18915,29300,1951,14135,1360,27349,3571,1726,1845
18920,29311,1951,14139,1360,27360,3573,1726,1847
18925,29315,1951,14140,1360,27364,3573,1726,1847
18930,29325,1951,14145,1360,27374,3574,1727,1847
18935,29331,1951,14148,1360,27380,3575,1728,1847
18940,29342,1951,14152,1360,27391,3575,1728,1847
18945,29346,1951,14154,1360,27395,3575,1728,1847
18950,29356,1951,14157,1360,27405,3576,1728,1848
18955,29362,1951,14159,1360,27411,3577,1728,1849
18960,29373,1951,14167,1360,27422,3577,1728,1849
18965,29377,1951,14167,1360,27426,3577,1728,1849
18970,29387,1952,14171,1360,27435,3579,1729,1850
18975,29393,1952,14174,1360,27441,3580,1729,1851
18980,29404,1953,14179,1360,27451,3580,1729,1851
18985,29408,1953,14180,1360,27455,3580,1729,1851
18990,29418,1954,14184,1360,27464,3581,1730,1851
18995,29424,1954,14187,1360,27469,3582,1730,1852
19000,29435,1957,14194,1362,27478,3582,1730,1852
19005,29439,1958,14197,1363,27481,3582,1730,1852
19010,29449,1959,14202,1364,27490,3583,1731,1852
19015,29455,1959,14206,1364,27496,3584,1732,1852
19020,29466,1962,14213,1366,27504,3584,1732,1852
19025,29470,1962,14214,1366,27508,3584,1732,1852
19030,29480,1962,14219,1366,27518,3585,1732,1853
19035,29486,1962,14222,1366,27524,3586,1733,1853
19040,29497,1964,14227,1367,27533,3586,1733,1853
19045,29501,1965,14229,1368,27536,3586,1733,1853
19050,29511,1965,14236,1368,27546,3587,1734,1853
19055,29517,1965,14238,1368,27552,3588,1734,1854
19060,29528,1968,14248,1371,27560,3589,1735,1854
19065,29532,1969,14251,1372,27563,3589,1735,1854
19070,29542,1969,14257,1372,27573,3590,1736,1854
19075,29548,1969,14257,1372,27579,3591,1736,1855
19080,29559,1969,14265,1372,27590,3592,1737,1855
19085,29563,1969,14266,1372,27594,3592,1737,1855
19090,29573,1969,14270,1372,27604,3593,1738,1855
19095,29579,1969,14273,1372,27610,3594,1738,1856
19100,29590,1969,14277,1372,27621,3594,1738,1856
19105,29594,1969,14279,1372,27625,3594,1738,1856
19110,29604,1969,14284,1372,27635,3595,1738,1857
19115,29610,1969,14288,1372,27641,3596,1738,1858
19120,29621,1969,14292,1372,27652,3596,1738,1858
19125,29625,1969,14293,1372,27656,3596,1738,1858
19130,29635,1970,14299,1372,27665,3597,1738,1859
19135,29641,1970,14303,1372,27670,3598,1739,1859
19140,29652,1971,14309,1373,27681,3599,1740,1859
19145,29656,1972,14313,1374,27684,3599,1740,1859
19150,29666,1973,14320,1374,27693,3600,1741,1859
19155,29672,1973,14324,1374,27698,3601,1742,1859
19160,29683,1974,14330,1375,27709,3601,1742,1859
19165,29687,1974,14330,1375,27713,3601,1742,1859
19170,29697,1975,14336,1376,27722,3602,1743,1859
19175,29703,1975,14339,1376,27728,3603,1744,1859
19180,29714,1976,14343,1376,27738,3603,1744,1859
19185,29718,1977,14345,1377,27741,3603,1744,1859
19190,29728,1978,14350,1377,27750,3604,1745,1859
19195,29734,1978,14352,1377,27756,3606,1745,1861
19200,29745,1980,14359,1379,27765,3607,1745,1862
19205,29749,1980,14359,1379,27769,3607,1745,1862
19210,29759,1981,14367,1380,27778,3608,1746,1862
19215,29765,1981,14370,1380,27784,3609,1746,1863
19220,29776,1983,14376,1381,27793,3610,1747,1863
19225,29780,1984,14380,1382,27796,3610,1747,1863
19230,29790,1984,14386,1382,27806,3611,1748,1863
19235,29796,1984,14389,1382,27812,3612,1749,1863
19240,29807,1985,14396,1383,27822,3613,1750,1863
19245,29811,1985,14396,1383,27826,3613,1750,1863
19250,29821,1985,14401,1383,27836,3614,1751,1863
19255,29827,1985,14404,1383,27842,3615,1751,1864
19260,29838,1986,14411,1384,27852,3617,1753,1864
19265,29842,1987,14415,1385,27855,3617,1753,1864
19270,29852,1987,14419,1385,27865,3618,1753,1865
19275,29858,1987,14421,1385,27871,3619,1753,1866
19280,29869,1989,14426,1386,27880,3620,1753,1867
19285,29873,1990,14428,1387,27883,3620,1753,1867
19290,29883,1990,14430,1387,27893,3621,1753,1868
19295,29889,1990,14434,1387,27899,3622,1753,1869
19300,29900,1990,14440,1387,27910,3623,1754,1869
19305,29904,1990,14441,1387,27914,3623,1754,1869
19310,29914,1990,14447,1387,27924,3624,1755,1869
19315,29920,1990,14451,1387,27930,3625,1756,1869
19320,29931,1990,14456,1387,27941,3626,1756,1870
19325,29935,1991,14457,1388,27944,3626,1756,1870
19330,29945,1992,14461,1388,27953,3627,1757,1870
19335,29951,1992,14464,1388,27958,3628,1757,1871
19340,29962,1995,14472,1391,27967,3628,1757,1871
19345,29966,1996,14474,1392,27970,3628,1757,1871
19350,29976,1997,14478,1392,27979,3629,1758,1871
19355,29982,1997,14482,1392,27985,3630,1759,1871
19360,29993,1997,14487,1392,27996,3630,1759,1871
19365,29997,1997,14490,1392,28000,3630,1759,1871
19370,30007,1998,14496,1392,28009,3632,1760,1872
19375,30013,1998,14500,1392,28014,3633,1760,1873
19380,30024,1999,14506,1393,28025,3634,1761,1873
19385,30028,2000,14508,1394,28028,3634,1761,1873
19390,30038,2001,14515,1395,28037,3635,1761,1874
19395,30044,2001,14516,1395,28043,3636,1761,1875
19400,30055,2001,14518,1395,28054,3638,1761,1877
19405,30059,2002,14521,1396,28057,3638,1761,1877
19410,30069,2003,14527,1397,28066,3639,1761,1878
19415,30075,2003,14529,1397,28072,3640,1762,1878
19420,30086,2003,14533,1397,28083,3642,1762,1880
19425,30090,2003,14534,1397,28087,3642,1762,1880
19430,30100,2004,14541,1398,28096,3643,1763,1880
19435,30106,2004,14545,1398,28102,3644,1764,1880
19440,30117,2004,14552,1398,28113,3646,1765,1881
19445,30121,2004,14552,1398,28117,3646,1765,1881
19450,30131,2004,14555,1398,28127,3647,1765,1882
19455,30137,2004,14558,1398,28133,3648,1766,1882
19460,30148,2006,14563,1399,28142,3648,1766,1882
19465,30152,2006,14565,1399,28146,3648,1766,1882
19470,30162,2006,14567,1399,28156,3649,1766,1883
19475,30168,2006,14569,1399,28162,3650,1766,1884
19480,30179,2007,14574,1399,28172,3650,1766,1884
19485,30183,2007,14577,1399,28176,3650,1766,1884
19490,30193,2007,14582,1399,28186,3651,1766,1885
19495,30199,2007,14586,1399,28192,3652,1767,1885
19500,30210,2009,14591,1400,28201,3652,1767,1885
19505,30214,2009,14592,1400,28205,3652,1767,1885
19510,30224,2009,14595,1400,28215,3653,1767,1886
19515,30230,2009,14597,1400,28221,3654,1767,1887
19520,30241,2010,14604,1401,28231,3654,1767,1887
19525,30245,2010,14605,1401,28235,3654,1767,1887
19530,30255,2010,14611,1401,28245,3655,1768,1887
19535,30261,2010,14614,1401,28251,3656,1768,1888
19540,30272,2011,14617,1402,28261,3656,1768,1888
19545,30276,2011,14620,1402,28265,3656,1768,1888
19550,30286,2012,14624,1402,28274,3657,1769,1888
19555,30292,2012,14627,1402,28279,3658,1769,1889
19560,30303,2016,14631,1406,28287,3659,1769,1890
19565,30307,2016,14632,1406,28291,3659,1769,1890
19570,30317,2016,14637,1406,28301,3660,1770,1890
19575,30323,2016,14640,1406,28307,3661,1770,1891
19580,30334,2016,14647,1406,28318,3662,1771,1891
19585,30338,2016,14650,1406,28322,3662,1771,1891
19590,30348,2016,14652,1406,28332,3663,1771,1892
19595,30354,2016,14655,1406,28338,3664,1771,1893
19600,30365,2016,14662,1406,28349,3665,1771,1894
19605,30369,2016,14662,1406,28353,3665,1771,1894
19610,30379,2016,14667,1406,28363,3666,1772,1894
19615,30385,2016,14670,1406,28369,3667,1772,1895
19620,30396,2016,14676,1406,28380,3667,1772,1895
19625,30400,2016,14677,1406,28384,3667,1772,1895
19630,30410,2016,14683,1406,28394,3668,1772,1896
19635,30416,2016,14686,1406,28400,3669,1773,1896
19640,30427,2016,14693,1406,28411,3669,1773,1896
19645,30431,2016,14695,1406,28415,3669,1773,1896
19650,30441,2016,14700,1406,28425,3670,1774,1896
19655,30447,2016,14702,1406,28431,3671,1774,1897
19660,30458,2016,14707,1406,28442,3671,1774,1897
19665,30462,2016,14707,1406,28446,3671,1774,1897
19670,30472,2017,14711,1406,28455,3673,1775,1898
19675,30478,2017,14714,1406,28460,3675,1776,1899
19680,30489,2019,14720,1408,28470,3676,1776,1900
19685,30493,2019,14722,1408,28474,3676,1776,1900
19690,30503,2019,14727,1408,28484,3677,1776,1901
19695,30509,2019,14730,1408,28490,3678,1777,1901
19700,30520,2020,14733,1408,28500,3678,1777,1901
19705,30524,2020,14736,1408,28504,3678,1777,1901
19710,30534,2020,14742,1408,28514,3679,1778,1901
19715,30540,2020,14744,1408,28520,3680,1779,1901
19720,30551,2021,14748,1408,28530,3680,1779,1901
19725,30555,2021,14750,1408,28534,3680,1779,1901
19730,30565,2021,14755,1408,28544,3681,1780,1901
19735,30571,2021,14760,1408,28550,3682,1781,1901
19740,30582,2023,14768,1410,28559,3682,1781,1901
19745,30586,2023,14772,1410,28563,3682,1781,1901
19750,30596,2023,14779,1410,28573,3683,1782,1901
19755,30602,2023,14783,1410,28579,3684,1782,1902
19760,30613,2025,14789,1412,28588,3684,1782,1902
19765,30617,2025,14791,1412,28592,3684,1782,1902
19770,30627,2025,14796,1412,28602,3685,1782,1903
19775,30633,2025,14799,1412,28608,3686,1782,1904
19780,30644,2027,14805,1414,28617,3686,1782,1904
19785,30648,2027,14807,1414,28621,3686,1782,1904
19790,30658,2028,14812,1414,28630,3688,1783,1905
19795,30664,2028,14816,1414,28635,3690,1783,1907
19800,30675,2030,14823,1416,28645,3691,1784,1907
19805,30679,2030,14826,1416,28649,3691,1784,1907
19810,30689,2030,14831,1416,28659,3692,1784,1908
19815,30695,2030,14835,1416,28665,3693,1785,1908
19820,30706,2030,14840,1416,28676,3693,1785,1908
19825,30710,2030,14842,1416,28680,3693,1785,1908
19830,30720,2030,14843,1416,28690,3694,1785,1909
19835,30726,2030,14845,1416,28696,3695,1786,1909
19840,30737,2030,14850,1416,28707,3695,1786,1909
19845,30741,2030,14851,1416,28711,3695,1786,1909
19850,30751,2030,14853,1416,28721,3696,1787,1909
19855,30757,2030,14856,1416,28727,3697,1788,1909
19860,30768,2030,14866,1416,28738,3698,1789,1909
19865,30772,2030,14868,1416,28742,3698,1789,1909
19870,30782,2030,14871,1416,28752,3699,1790,1909
19875,30788,2030,14876,1416,28758,3700,1791,1909
19880,30799,2030,14882,1416,28769,3701,1792,1909
19885,30803,2030,14884,1416,28773,3701,1792,1909
19890,30813,2030,14889,1416,28783,3702,1793,1909
19895,30819,2030,14893,1416,28789,3703,1793,1910
19900,30830,2030,14898,1416,28800,3704,1793,1911
19905,30834,2030,14899,1416,28804,3704,1793,1911
19910,30844,2031,14904,1417,28813,3706,1793,1913
19915,30850,2031,14907,1417,28819,3708,1795,1913
19920,30861,2033,14911,1418,28828,3710,1797,1913
19925,30865,2033,14914,1418,28832,3710,1797,1913
19930,30875,2034,14918,1418,28841,3712,1799,1913
19935,30881,2034,14920,1418,28847,3713,1799,1914
19940,30892,2035,14924,1419,28857,3713,1799,1914
19945,30896,2035,14927,1419,28861,3713,1799,1914
19950,30906,2036,14932,1419,28870,3714,1800,1914
19955,30912,2036,14934,1419,28876,3715,1801,1914
19960,30923,2037,14942,1420,28886,3715,1801,1914
19965,30927,2037,14943,1420,28890,3715,1801,1914
19970,30937,2038,14950,1421,28899,3716,1801,1915
19975,30943,2038,14953,1421,28905,3717,1802,1915
19980,30954,2039,14956,1422,28915,3717,1802,1915
19985,30958,2039,14959,1422,28919,3717,1802,1915
19990,30968,2040,14962,1422,28928,3718,1802,1916
19995,30974,2040,14966,1422,28934,3719,1802,1917
20000,30985,2041,14971,1422,28944,3719,1802,1917
20005,30989,2041,14975,1422,28948,3719,1802,1917
20010,30999,2042,14982,1423,28957,3720,1802,1918
20015,31005,2042,14985,1423,28963,3721,1803,1918
20020,31016,2043,14993,1424,28973,3721,1803,1918
20025,31020,2044,14996,1425,28976,3721,1803,1918
20030,31030,2045,15000,1425,28985,3722,1803,1919
20035,31036,2045,15002,1425,28990,3724,1804,1920
20040,31047,2048,15007,1428,28999,3725,1804,1921
20045,31051,2048,15008,1428,29003,3725,1804,1921
20050,31061,2048,15013,1428,29013,3726,1805,1921
20055,31067,2048,15017,1428,29019,3727,1805,1922
20060,31078,2048,15020,1428,29030,3729,1805,1924
20065,31082,2048,15023,1428,29034,3729,1805,1924
20070,31092,2048,15027,1428,29044,3730,1806,1924
20075,31098,2048,15029,1428,29050,3731,1807,1924
20080,31109,2048,15034,1428,29061,3731,1807,1924
20085,31113,2048,15037,1428,29065,3731,1807,1924
20090,31123,2048,15040,1428,29075,3732,1807,1925
20095,31129,2048,15044,1428,29081,3733,1808,1925
20100,31140,2048,15048,1428,29092,3733,1808,1925
20105,31144,2048,15049,1428,29096,3733,1808,1925
20110,31154,2048,15054,1428,29106,3734,1809,1925
20115,31160,2048,15058,1428,29112,3735,1810,1925
20120,31171,2048,15060,1428,29123,3735,1810,1925
20125,31175,2048,15060,1428,29127,3735,1810,1925
20130,31185,2048,15064,1428,29137,3736,1810,1926
20135,31191,2048,15065,1428,29143,3737,1810,1927
20140,31202,2048,15071,1428,29154,3737,1810,1927
20145,31206,2048,15072,1428,29158,3737,1810,1927
20150,31216,2049,15073,1428,29167,3738,1810,1928
20155,31222,2049,15074,1428,29173,3740,1810,1930
20160,31233,2050,15079,1428,29183,3740,1810,1930
20165,31237,2050,15080,1428,29187,3740,1810,1930
20170,31247,2051,15087,1429,29196,3742,1811,1931
20175,31253,2051,15091,1429,29201,3743,1812,1931
20180,31264,2054,15098,1432,29210,3745,1813,1932
20185,31268,2054,15100,1432,29214,3745,1813,1932
20190,31278,2055,15106,1432,29223,3747,1814,1933
20195,31284,2055,15109,1432,29228,3748,1814,1934
20200,31295,2057,15117,1434,29238,3750,1815,1935
20205,31299,2058,15118,1435,29241,3750,1815,1935
20210,31309,2059,15123,1435,29250,3752,1817,1935
20215,31315,2059,15125,1435,29255,3753,1818,1935
20220,31326,2062,15131,1438,29264,3755,1818,1937
20225,31330,2063,15132,1439,29267,3755,1818,1937
20230,31340,2064,15138,1439,29276,3756,1819,1937
20235,31346,2064,15139,1439,29282,3757,1819,1938
20240,31357,2066,15145,1440,29291,3759,1821,1938
20245,31361,2067,15148,1441,29294,3759,1821,1938
20250,31371,2068,15152,1441,29303,3760,1821,1939
20255,31377,2068,15155,1441,29308,3761,1821,1940
20260,31388,2070,15157,1442,29318,3763,1822,1941
20265,31392,2070,15159,1442,29322,3763,1822,1941
20270,31402,2071,15166,1443,29331,3764,1823,1941
20275,31408,2071,15170,1443,29336,3766,1825,1941
20280,31419,2073,15173,1444,29346,3768,1826,1942
20285,31423,2073,15173,1444,29350,3768,1826,1942
20290,31433,2074,15177,1444,29359,3769,1826,1943
20295,31439,2074,15180,1444,29365,3771,1828,1943
20300,31450,2077,15186,1447,29373,3773,1829,1944
20305,31454,2077,15187,1447,29377,3773,1829,1944
20310,31464,2078,15193,1447,29386,3774,1830,1944
20315,31470,2078,15199,1447,29391,3776,1832,1944
20320,31481,2082,15206,1451,29399,3778,1832,1946
20325,31485,2082,15206,1451,29403,3778,1832,1946
20330,31495,2083,15210,1451,29412,3779,1832,1947
20335,31501,2083,15214,1451,29417,3780,1832,1948
20340,31512,2085,15218,1453,29427,3782,1832,1950
20345,31516,2085,15220,1453,29431,3782,1832,1950
20350,31526,2085,15225,1453,29441,3783,1833,1950
20355,31532,2085,15227,1453,29447,3784,1833,1951
20360,31543,2085,15232,1453,29458,3786,1834,1952
20365,31547,2085,15233,1453,29462,3786,1834,1952
20370,31557,2085,15238,1453,29472,3787,1834,1953
20375,31563,2085,15240,1453,29478,3788,1834,1954
20380,31574,2085,15244,1453,29489,3789,1834,1955
20385,31578,2085,15245,1453,29493,3789,1834,1955
20390,31588,2085,15250,1453,29503,3790,1835,1955
20395,31594,2085,15253,1453,29509,3791,1835,1956
20400,31605,2085,15262,1453,29520,3791,1835,1956
20405,31609,2085,15265,1453,29524,3791,1835,1956
20410,31619,2085,15269,1453,29534,3792,1836,1956
20415,31625,2085,15271,1453,29540,3794,1836,1958
20420,31636,2085,15274,1453,29551,3794,1836,1958
20425,31640,2085,15275,1453,29555,3794,1836,1958
20430,31650,2085,15279,1453,29565,3795,1837,1958
20435,31656,2085,15281,1453,29571,3796,1837,1959
20440,31667,2085,15287,1453,29582,3796,1837,1959
20445,31671,2085,15289,1453,29586,3796,1837,1959
20450,31681,2086,15295,1454,29595,3797,1838,1959
20455,31687,2086,15296,1454,29601,3798,1839,1959
20460,31698,2088,15300,1455,29610,3798,1839,1959
20465,31702,2089,15302,1456,29613,3798,1839,1959
20470,31712,2090,15308,1456,29622,3799,1840,1959
20475,31718,2090,15312,1456,29628,3800,1841,1959
20480,31729,2092,15320,1458,29637,3801,1842,1959
20485,31733,2094,15323,1460,29639,3801,1842,1959
20490,31743,2095,15328,1460,29648,3802,1843,1959
20495,31749,2095,15332,1460,29654,3803,1844,1959
20500,31760,2097,15336,1462,29663,3804,1845,1959
20505,31764,2098,15337,1463,29666,3804,1845,1959
20510,31774,2099,15344,1464,29675,3805,1845,1960
20515,31780,2099,15348,1464,29681,3806,1846,1960
20520,31791,2100,15351,1465,29691,3808,1847,1961
20525,31795,2100,15352,1465,29695,3808,1847,1961
20530,31805,2101,15355,1465,29704,3809,1847,1962
20535,31811,2101,15358,1465,29709,3810,1848,1962
20540,31822,2102,15363,1466,29720,3812,1848,1964
20545,31826,2102,15365,1466,29724,3812,1848,1964
20550,31836,2103,15371,1467,29733,3813,1849,1964
20555,31842,2103,15374,1467,29738,3814,1850,1964
20560,31853,2104,15380,1468,29749,3816,1852,1964
20565,31857,2104,15380,1468,29753,3816,1852,1964
20570,31867,2105,15382,1468,29762,3817,1852,1965
20575,31873,2105,15387,1468,29767,3818,1853,1965
20580,31884,2106,15391,1469,29778,3820,1853,1967
20585,31888,2106,15393,1469,29782,3820,1853,1967
20590,31898,2106,15399,1469,29792,3821,1853,1968
20595,31904,2106,15402,1469,29798,3822,1853,1969
20600,31915,2106,15409,1469,29809,3822,1853,1969
20605,31919,2106,15411,1469,29813,3822,1853,1969
20610,31929,2106,15416,1469,29823,3823,1854,1969
20615,31935,2106,15418,1469,29829,3824,1854,1970
20620,31946,2106,15424,1469,29840,3824,1854,1970
20625,31950,2106,15428,1469,29844,3824,1854,1970
20630,31960,2106,15433,1469,29854,3826,1856,1970
20635,31966,2106,15434,1469,29860,3827,1856,1971
20640,31977,2106,15442,1469,29871,3827,1856,1971
20645,31981,2106,15444,1469,29875,3827,1856,1971
20650,31991,2106,15448,1469,29885,3828,1856,1972
20655,31997,2106,15452,1469,29891,3829,1856,1973
20660,32008,2106,15457,1469,29902,3829,1856,1973
20665,32012,2106,15458,1469,29906,3829,1856,1973
20670,32022,2106,15461,1469,29916,3830,1856,1974
20675,32028,2106,15465,1469,29922,3831,1857,1974
20680,32039,2106,15471,1469,29933,3831,1857,1974
20685,32043,2106,15472,1469,29937,3831,1857,1974
20690,32053,2107,15477,1470,29946,3832,1857,1975
20695,32059,2107,15481,1470,29952,3833,1858,1975
20700,32070,2109,15489,1471,29961,3834,1859,1975
20705,32074,2110,15491,1472,29964,3834,1859,1975
20710,32084,2111,15495,1473,29973,3836,1859,1977
20715,32090,2111,15500,1473,29978,3837,1860,1977
20720,32101,2113,15504,1474,29988,3838,1860,1978
20725,32105,2113,15506,1474,29992,3838,1860,1978
20730,32115,2114,15511,1474,30001,3839,1860,1979
20735,32121,2114,15512,1474,30006,3841,1860,1981
20740,32132,2116,15515,1475,30016,3842,1861,1981
20745,32136,2116,15517,1475,30020,3842,1861,1981
20750,32146,2117,15524,1476,30029,3843,1862,1981
20755,32152,2117,15529,1476,30034,3845,1864,1981
20760,32163,2120,15533,1478,30043,3846,1864,1982
20765,32167,2120,15533,1478,30047,3846,1864,1982
20770,32177,2121,15538,1478,30056,3847,1864,1983
20775,32183,2121,15541,1478,30062,3849,1865,1984
20780,32194,2122,15545,1478,30072,3850,1865,1985
20785,32198,2122,15547,1478,30076,3850,1865,1985
20790,32208,2123,15552,1478,30085,3851,1865,1986
20795,32214,2123,15555,1478,30091,3853,1867,1986
20800,32225,2124,15561,1479,30101,3854,1868,1986
20805,32229,2124,15561,1479,30105,3854,1868,1986
20810,32239,2125,15566,1480,30114,3855,1868,1987
20815,32245,2125,15570,1480,30119,3857,1869,1988
20820,32256,2128,15576,1482,30128,3859,1871,1988
20825,32260,2128,15579,1482,30132,3859,1871,1988
20830,32270,2128,15586,1482,30142,3860,1871,1989
20835,32276,2128,15588,1482,30148,3861,1871,1990
20840,32287,2128,15596,1482,30159,3863,1872,1991
20845,32291,2128,15597,1482,30163,3863,1872,1991
20850,32301,2128,15602,1482,30173,3864,1873,1991
20855,32307,2128,15604,1482,30179,3865,1874,1991
20860,32318,2128,15609,1482,30190,3865,1874,1991
20865,32322,2128,15609,1482,30194,3865,1874,1991
20870,32332,2128,15613,1482,30204,3866,1874,1992
20875,32338,2128,15615,1482,30210,3867,1875,1992
20880,32349,2128,15620,1482,30221,3867,1875,1992
20885,32353,2128,15623,1482,30225,3867,1875,1992
20890,32363,2128,15626,1482,30235,3868,1875,1993
20895,32369,2128,15628,1482,30241,3869,1875,1994
20900,32380,2128,15633,1482,30252,3869,1875,1994
20905,32384,2128,15634,1482,30256,3869,1875,1994
20910,32394,2128,15641,1482,30266,3870,1876,1994
20915,32400,2128,15644,1482,30272,3871,1876,1995
20920,32411,2128,15652,1482,30283,3871,1876,1995
20925,32415,2128,15654,1482,30287,3871,1876,1995
20930,32425,2129,15661,1483,30296,3872,1877,1995
20935,32431,2129,15664,1483,30302,3873,1877,1996
20940,32442,2131,15668,1484,30311,3873,1877,1996
20945,32446,2132,15671,1485,30314,3873,1877,1996
20950,32456,2133,15677,1485,30323,3875,1878,1997
20955,32462,2133,15680,1485,30328,3876,1878,1998
20960,32473,2136,15687,1487,30337,3878,1880,1998
20965,32477,2137,15690,1488,30340,3878,1880,1998
20970,32487,2138,15694,1489,30349,3880,1880,2000
20975,32493,2138,15698,1489,30355,3881,1881,2000
20980,32504,2140,15705,1491,30364,3883,1883,2000
20985,32508,2140,15708,1491,30368,3883,1883,2000
20990,32518,2141,15715,1492,30377,3884,1883,2001
20995,32524,2141,15718,1492,30383,3885,1884,2001
21000,32535,2143,15727,1494,30392,3887,1886,2001
21005,32539,2143,15728,1494,30396,3887,1886,2001
21010,32549,2143,15735,1494,30406,3888,1887,2001
21015,32555,2143,15740,1494,30412,3889,1888,2001
21020,32566,2144,15744,1494,30422,3890,1889,2001
21025,32570,2144,15745,1494,30426,3890,1889,2001
21030,32580,2144,15746,1494,30436,3891,1889,2002
21035,32586,2144,15747,1494,30442,3892,1889,2003
21040,32597,2145,15751,1494,30452,3893,1890,2003
21045,32601,2146,15753,1495,30455,3893,1890,2003
21050,32611,2146,15756,1495,30465,3894,1890,2004
21055,32617,2146,15760,1495,30471,3896,1891,2005
21060,32628,2147,15764,1495,30481,3897,1891,2006
21065,32632,2148,15766,1496,30484,3897,1891,2006
21070,32642,2148,15771,1496,30494,3898,1891,2007
21075,32648,2148,15773,1496,30500,3899,1891,2008
21080,32659,2149,15777,1497,30510,3900,1892,2008
21085,32663,2149,15779,1497,30514,3900,1892,2008
21090,32673,2149,15783,1497,30524,3901,1893,2008
21095,32679,2149,15786,1497,30530,3902,1894,2008
21100,32690,2150,15791,1498,30540,3903,1895,2008
21105,32694,2151,15792,1499,30543,3903,1895,2008
21110,32704,2152,15795,1500,30552,3904,1895,2009
21115,32710,2152,15796,1500,30558,3905,1895,2010
21120,32721,2153,15802,1501,30568,3906,1896,2010
21125,32725,2153,15805,1501,30572,3906,1896,2010
21130,32735,2154,15811,1502,30581,3907,1896,2011
21135,32741,2154,15812,1502,30587,3909,1896,2013
21140,32752,2154,15816,1502,30598,3910,1897,2013
21145,32756,2154,15817,1502,30602,3910,1897,2013
21150,32766,2155,15824,1503,30611,3911,1897,2014
21155,32772,2155,15827,1503,30617,3913,1898,2015
21160,32783,2155,15832,1503,30628,3914,1898,2016
21165,32787,2156,15835,1504,30631,3914,1898,2016
21170,32797,2157,15839,1504,30640,3915,1898,2017
21175,32803,2157,15844,1504,30645,3916,1899,2017
21180,32814,2158,15850,1505,30656,3917,1900,2017
21185,32818,2158,15852,1505,30660,3917,1900,2017
21190,32828,2158,15857,1505,30670,3918,1901,2017
21195,32834,2158,15862,1505,30676,3919,1902,2017
21200,32845,2158,15867,1505,30687,3919,1902,2017
21205,32849,2158,15869,1505,30691,3919,1902,2017
21210,32859,2158,15872,1505,30701,3920,1902,2018
21215,32865,2158,15876,1505,30707,3921,1903,2018
21220,32876,2158,15882,1505,30718,3922,1903,2019
21225,32880,2158,15884,1505,30722,3922,1903,2019
21230,32890,2158,15889,1505,30732,3923,1904,2019
21235,32896,2158,15892,1505,30738,3924,1905,2019
21240,32907,2159,15896,1505,30748,3925,1905,2020
21245,32911,2159,15897,1505,30752,3925,1905,2020
21250,32921,2160,15901,1505,30761,3926,1906,2020
21255,32927,2160,15902,1505,30766,3927,1906,2021
21260,32938,2163,15909,1507,30775,3928,1907,2021
21265,32942,2163,15910,1507,30779,3928,1907,2021
21270,32952,2164,15918,1508,30788,3930,1909,2021
21275,32958,2164,15921,1508,30793,3931,1909,2022
21280,32969,2166,15925,1510,30803,3932,1910,2022
21285,32973,2167,15929,1511,30806,3932,1910,2022
21290,32983,2168,15938,1512,30815,3934,1912,2022
21295,32989,2168,15939,1512,30821,3935,1912,2023
21300,33000,2170,15945,1514,30830,3937,1912,2025
21305,33004,2171,15947,1515,30833,3937,1912,2025
21310,33014,2171,15949,1515,30843,3938,1912,2026
21315,33020,2171,15950,1515,30849,3939,1912,2027
21320,33031,2173,15955,1517,30858,3940,1912,2028
21325,33035,2174,15958,1518,30861,3940,1912,2028
21330,33045,2174,15962,1518,30871,3941,1913,2028
21335,33051,2174,15965,1518,30877,3942,1914,2028
21340,33062,2176,15973,1520,30886,3943,1915,2028
21345,33066,2176,15974,1520,30890,3943,1915,2028
21350,33076,2176,15980,1520,30900,3944,1916,2028
21355,33082,2176,15982,1520,30906,3945,1916,2029
21360,33093,2177,15987,1521,30916,3946,1916,2030
21365,33097,2178,15990,1522,30919,3946,1916,2030
21370,33107,2178,15994,1522,30929,3947,1916,2031
21375,33113,2178,15999,1522,30935,3948,1917,2031
21380,33124,2179,16003,1522,30945,3948,1917,2031
21385,33128,2179,16005,1522,30949,3948,1917,2031
21390,33138,2179,16009,1522,30959,3949,1917,2032
21395,33144,2179,16015,1522,30965,3950,1918,2032
21400,33155,2180,16017,1522,30975,3950,1918,2032
21405,33159,2180,16019,1522,30979,3950,1918,2032
21410,33169,2181,16024,1523,30988,3952,1919,2033
21415,33175,2181,16025,1523,30994,3954,1919,2035
21420,33186,2182,16028,1524,31004,3955,1919,2036
21425,33190,2182,16030,1524,31008,3955,1919,2036
21430,33200,2183,16037,1525,31017,3957,1921,2036
21435,33206,2183,16041,1525,31023,3958,1922,2036
21440,33217,2183,16045,1525,31034,3958,1922,2036
21445,33221,2183,16047,1525,31038,3958,1922,2036
21450,33231,2184,16051,1525,31047,3959,1923,2036
21455,33237,2184,16056,1525,31053,3960,1924,2036
21460,33248,2184,16061,1525,31064,3960,1924,2036
21465,33252,2184,16062,1525,31068,3960,1924,2036
21470,33262,2185,16064,1525,31077,3961,1924,2037
21475,33268,2185,16066,1525,31083,3962,1924,2038
21480,33279,2185,16073,1525,31094,3962,1924,2038
21485,33283,2185,16076,1525,31098,3962,1924,2038
21490,33293,2186,16080,1526,31107,3963,1924,2039
21495,33299,2186,16085,1526,31113,3964,1925,2039
21500,33310,2186,16090,1526,31124,3964,1925,2039
21505,33314,2186,16092,1526,31128,3964,1925,2039
21510,33324,2187,16097,1526,31137,3965,1926,2039
21515,33330,2187,16100,1526,31143,3966,1926,2040
21520,33341,2187,16103,1526,31154,3966,1926,2040
21525,33345,2188,16106,1527,31157,3966,1926,2040
21530,33355,2189,16113,1528,31166,3967,1927,2040
21535,33361,2189,16115,1528,31172,3969,1928,2041
21540,33372,2190,16119,1528,31182,3970,1928,2042
21545,33376,2190,16121,1528,31186,3970,1928,2042
21550,33386,2191,16127,1528,31195,3971,1928,2043
21555,33392,2191,16131,1528,31201,3972,1929,2043
21560,33403,2193,16136,1529,31210,3974,1929,2045
21565,33407,2195,16140,1531,31212,3974,1929,2045
21570,33417,2196,16146,1532,31221,3975,1929,2046
21575,33423,2196,16149,1532,31227,3976,1930,2046
21580,33434,2198,16155,1533,31236,3978,1932,2046
21585,33438,2198,16156,1533,31240,3978,1932,2046
21590,33448,2199,16162,1533,31249,3979,1933,2046
21595,33454,2199,16166,1533,31255,3980,1934,2046
21600,33465,2202,16175,1536,31263,3982,1935,2047
21605,33469,2203,16179,1537,31266,3982,1935,2047
21610,33479,2203,16186,1537,31276,3983,1936,2047
21615,33485,2203,16189,1537,31282,3984,1936,2048
21620,33496,2204,16195,1538,31292,3985,1937,2048
21625,33500,2204,16196,1538,31296,3985,1937,2048
21630,33510,2204,16201,1538,31306,3986,1937,2049
21635,33516,2204,16204,1538,31312,3987,1937,2050
21640,33527,2205,16212,1539,31322,3988,1938,2050
21645,33531,2205,16215,1539,31326,3988,1938,2050
21650,33541,2205,16220,1539,31336,3989,1939,2050
21655,33547,2205,16222,1539,31342,3991,1940,2051
21660,33558,2206,16224,1540,31352,3992,1940,2052
21665,33562,2206,16225,1540,31356,3992,1940,2052
21670,33572,2207,16232,1540,31365,3994,1941,2053
21675,33578,2207,16235,1540,31370,3995,1942,2053
21680,33589,2211,16240,1543,31378,3996,1942,2054
21685,33593,2211,16241,1543,31382,3996,1942,2054
21690,33603,2212,16250,1544,31391,3998,1943,2055
21695,33609,2212,16252,1544,31396,3999,1943,2056
21700,33620,2214,16257,1546,31406,4000,1944,2056
21705,33624,2214,16259,1546,31410,4000,1944,2056
21710,33634,2215,16263,1546,31419,4001,1944,2057
21715,33640,2215,16266,1546,31425,4002,1945,2057
21720,33651,2217,16271,1547,31434,4004,1946,2058
21725,33655,2217,16274,1547,31438,4004,1946,2058
21730,33665,2217,16279,1547,31448,4005,1946,2059
21735,33671,2217,16281,1547,31454,4006,1947,2059
21740,33682,2217,16287,1547,31465,4008,1948,2060
21745,33686,2217,16290,1547,31469,4008,1948,2060
21750,33696,2217,16296,1547,31479,4009,1949,2060
21755,33702,2217,16299,1547,31485,4010,1950,2060
21760,33713,2217,16304,1547,31496,4011,1951,2060
21765,33717,2217,16306,1547,31500,4011,1951,2060
21770,33727,2217,16308,1547,31510,4012,1951,2061
21775,33733,2217,16312,1547,31516,4014,1953,2061
21780,33744,2217,16319,1547,31527,4015,1954,2061
21785,33748,2217,16321,1547,31531,4015,1954,2061
21790,33758,2217,16325,1547,31541,4017,1955,2062
21795,33764,2217,16327,1547,31547,4018,1956,2062
21800,33775,2217,16335,1547,31558,4018,1956,2062
21805,33779,2217,16336,1547,31562,4018,1956,2062
21810,33789,2217,16339,1547,31572,4019,1956,2063
21815,33795,2217,16341,1547,31578,4020,1956,2064
21820,33806,2217,16348,1547,31589,4020,1956,2064
21825,33810,2217,16350,1547,31593,4020,1956,2064
21830,33820,2218,16357,1547,31602,4021,1957,2064
21835,33826,2218,16358,1547,31608,4022,1958,2064
21840,33837,2219,16364,1547,31618,4022,1958,2064
21845,33841,2219,16367,1547,31622,4022,1958,2064
21850,33851,2220,16373,1548,31631,4023,1959,2064
21855,33857,2220,16376,1548,31637,4024,1960,2064
21860,33868,2223,16383,1550,31645,4025,1961,2064
21865,33872,2223,16385,1550,31649,4025,1961,2064
21870,33882,2224,16388,1550,31658,4026,1961,2065
21875,33888,2224,16391,1550,31664,4027,1962,2065
21880,33899,2226,16396,1551,31673,4028,1963,2065
21885,33903,2226,16397,1551,31677,4028,1963,2065
21890,33913,2227,16402,1551,31686,4029,1964,2065
21895,33919,2227,16406,1551,31691,4031,1965,2066
21900,33930,2230,16411,1553,31700,4033,1965,2068
21905,33934,2232,16413,1555,31702,4033,1965,2068
21910,33944,2233,16419,1556,31711,4035,1967,2068
21915,33950,2233,16421,1556,31717,4036,1967,2069
21920,33961,2234,16429,1557,31727,4038,1968,2070
21925,33965,2234,16431,1557,31731,4038,1968,2070
21930,33975,2235,16434,1558,31740,4040,1969,2071
21935,33981,2235,16436,1558,31746,4041,1969,2072
21940,33992,2236,16442,1559,31756,4043,1970,2073
21945,33996,2237,16444,1560,31759,4043,1970,2073
21950,34006,2238,16449,1560,31768,4045,1972,2073
21955,34012,2238,16453,1560,31773,4046,1973,2073
21960,34023,2240,16457,1562,31783,4048,1974,2074
21965,34027,2240,16458,1562,31787,4048,1974,2074
21970,34037,2240,16461,1562,31797,4049,1974,2075
21975,34043,2240,16464,1562,31803,4050,1974,2076
21980,34054,2241,16468,1562,31813,4051,1975,2076
21985,34058,2242,16470,1563,31816,4051,1975,2076
21990,34068,2242,16476,1563,31826,4052,1975,2077
21995,34074,2242,16479,1563,31832,4053,1976,2077
22000,34085,2243,16482,1563,31842,4054,1977,2077
22005,34089,2243,16484,1563,31846,4054,1977,2077
22010,34099,2243,16489,1563,31856,4055,1978,2077
22015,34105,2243,16494,1563,31862,4056,1979,2077
22020,34116,2245,16499,1564,31871,4056,1979,2077
22025,34120,2245,16501,1564,31875,4056,1979,2077
22030,34130,2245,16505,1564,31885,4058,1980,2078
22035,34136,2245,16510,1564,31891,4060,1982,2078
22040,34147,2245,16518,1564,31902,4060,1982,2078
22045,34151,2245,16521,1564,31906,4060,1982,2078
22050,34161,2245,16526,1564,31916,4061,1983,2078
22055,34167,2245,16529,1564,31922,4062,1984,2078
22060,34178,2245,16535,1564,31933,4062,1984,2078
22065,34182,2246,16538,1565,31936,4062,1984,2078
22070,34192,2247,16543,1566,31945,4063,1984,2079
22075,34198,2247,16546,1566,31950,4064,1985,2079
22080,34209,2248,16551,1567,31961,4065,1985,2080
22085,34213,2248,16552,1567,31965,4065,1985,2080
22090,34223,2249,16560,1568,31974,4066,1986,2080
22095,34229,2249,16563,1568,31979,4067,1986,2081
22100,34240,2251,16570,1570,31989,4067,1986,2081
22105,34244,2252,16572,1571,31992,4067,1986,2081
22110,34254,2253,16577,1571,32001,4068,1986,2082
22115,34260,2253,16580,1571,32007,4069,1987,2082
22120,34271,2255,16588,1573,32016,4070,1988,2082
22125,34275,2255,16589,1573,32020,4070,1988,2082
22130,34285,2256,16594,1574,32029,4071,1988,2083
22135,34291,2256,16595,1574,32035,4072,1988,2084
22140,34302,2258,16601,1576,32044,4073,1989,2084
22145,34306,2259,16605,1577,32047,4073,1989,2084
22150,34316,2259,16606,1577,32057,4075,1989,2086
22155,34322,2259,16608,1577,32063,4076,1989,2087
22160,34333,2259,16613,1577,32074,4077,1990,2087
22165,34337,2259,16614,1577,32078,4077,1990,2087
22170,34347,2259,16623,1577,32088,4078,1991,2087
22175,34353,2259,16625,1577,32094,4079,1991,2088
22180,34364,2259,16629,1577,32105,4080,1992,2088
22185,34368,2259,16631,1577,32109,4080,1992,2088
22190,34378,2259,16635,1577,32119,4081,1992,2089
22195,34384,2259,16639,1577,32125,4082,1993,2089
22200,34395,2259,16645,1577,32136,4083,1993,2090
22205,34399,2259,16648,1577,32140,4083,1993,2090
22210,34409,2259,16650,1577,32150,4084,1994,2090
22215,34415,2259,16654,1577,32156,4085,1994,2091
22220,34426,2259,16660,1577,32167,4086,1995,2091
22225,34430,2259,16663,1577,32171,4086,1995,2091
22230,34440,2259,16670,1577,32181,4087,1996,2091
22235,34446,2259,16671,1577,32187,4088,1996,2092
22240,34457,2259,16677,1577,32198,4089,1997,2092
22245,34461,2259,16680,1577,32202,4089,1997,2092
22250,34471,2259,16684,1577,32212,4090,1997,2093
22255,34477,2259,16688,1577,32217,4092,1997,2095
22260,34488,2261,16695,1579,32227,4092,1997,2095
22265,34492,2261,16697,1579,32231,4092,1997,2095
22270,34502,2262,16701,1580,32240,4094,1998,2096
22275,34508,2262,16704,1580,32245,4095,1998,2097
22280,34519,2265,16710,1583,32254,4095,1998,2097
22285,34523,2266,16712,1584,32257,4095,1998,2097
22290,34533,2267,16716,1584,32266,4097,1999,2098
22295,34539,2267,16720,1584,32271,4098,2000,2098
22300,34550,2270,16726,1587,32280,4099,2000,2099
22305,34554,2271,16727,1588,32283,4099,2000,2099
22310,34564,2272,16731,1588,32292,4101,2001,2100
22315,34570,2272,16733,1588,32297,4102,2002,2100
22320,34581,2275,16738,1590,32306,4103,2003,2100
22325,34585,2275,16740,1590,32310,4103,2003,2100
22330,34595,2275,16745,1590,32320,4104,2004,2100
22335,34601,2275,16746,1590,32326,4105,2004,2101
22340,34612,2276,16750,1590,32336,4106,2005,2101
22345,34616,2276,16752,1590,32340,4106,2005,2101
22350,34626,2276,16758,1590,32350,4107,2006,2101
22355,34632,2276,16760,1590,32356,4108,2006,2102
22360,34643,2277,16765,1590,32366,4110,2007,2103
22365,34647,2277,16768,1590,32370,4110,2007,2103
22370,34657,2277,16775,1590,32380,4111,2008,2103
22375,34663,2277,16778,1590,32386,4113,2009,2104
22380,34674,2279,16784,1591,32395,4115,2011,2104
22385,34678,2279,16785,1591,32399,4115,2011,2104
22390,34688,2280,16789,1591,32408,4116,2011,2105
22395,34694,2280,16792,1591,32413,4117,2012,2105
22400,34705,2281,16797,1592,32424,4118,2012,2106
22405,34709,2281,16799,1592,32428,4118,2012,2106
22410,34719,2282,16803,1593,32437,4119,2012,2107
22415,34725,2282,16805,1593,32442,4120,2012,2108
22420,34736,2284,16811,1595,32452,4121,2013,2108
22425,34740,2284,16812,1595,32456,4121,2013,2108
22430,34750,2285,16816,1596,32465,4122,2013,2109
22435,34756,2285,16819,1596,32471,4123,2014,2109
22440,34767,2285,16823,1596,32482,4124,2014,2110
22445,34771,2285,16824,1596,32486,4124,2014,2110
22450,34781,2285,16830,1596,32496,4125,2014,2111
22455,34787,2285,16831,1596,32502,4126,2014,2112
22460,34798,2285,16836,1596,32513,4126,2014,2112
22465,34802,2285,16839,1596,32517,4126,2014,2112
22470,34812,2285,16843,1596,32527,4127,2015,2112
22475,34818,2285,16848,1596,32533,4128,2016,2112
22480,34829,2285,16853,1596,32544,4128,2016,2112
22485,34833,2285,16857,1596,32548,4128,2016,2112
22490,34843,2285,16863,1596,32558,4129,2017,2112
22495,34849,2285,16866,1596,32564,4131,2018,2113
22500,34860,2287,16872,1597,32573,4132,2019,2113
22505,34864,2287,16875,1597,32577,4132,2019,2113
22510,34874,2287,16878,1597,32587,4133,2020,2113
22515,34880,2287,16879,1597,32593,4134,2020,2114
22520,34891,2288,16882,1597,32603,4134,2020,2114
22525,34895,2288,16883,1597,32607,4134,2020,2114
22530,34905,2288,16888,1597,32617,4135,2020,2115
22535,34911,2288,16892,1597,32623,4136,2021,2115
22540,34922,2289,16896,1598,32633,4136,2021,2115
22545,34926,2289,16897,1598,32637,4136,2021,2115
22550,34936,2290,16904,1599,32646,4137,2021,2116
22555,34942,2290,16907,1599,32652,4138,2021,2117
22560,34953,2291,16911,1600,32662,4139,2021,2118
22565,34957,2292,16914,1601,32665,4139,2021,2118
22570,34967,2293,16918,1602,32674,4140,2022,2118
22575,34973,2293,16920,1602,32680,4141,2022,2119
22580,34984,2294,16923,1602,32690,4141,2022,2119
22585,34988,2294,16925,1602,32694,4141,2022,2119
22590,34998,2295,16931,1603,32703,4142,2023,2119
22595,35004,2295,16934,1603,32709,4143,2023,2120
22600,35015,2297,16939,1604,32718,4143,2023,2120
22605,35019,2297,16940,1604,32722,4143,2023,2120
22610,35029,2298,16946,1605,32731,4144,2023,2121
22615,35035,2298,16949,1605,32737,4146,2023,2123
22620,35046,2299,16953,1606,32747,4146,2023,2123
22625,35050,2299,16954,1606,32751,4146,2023,2123
22630,35060,2300,16958,1607,32760,4148,2025,2123
22635,35066,2300,16961,1607,32766,4149,2026,2123
22640,35077,2301,16972,1608,32776,4149,2026,2123
22645,35081,2301,16975,1608,32780,4149,2026,2123
22650,35091,2302,16978,1608,32789,4150,2026,2124
22655,35097,2302,16982,1608,32795,4151,2026,2125
22660,35108,2303,16987,1609,32805,4151,2026,2125
22665,35112,2303,16988,1609,32809,4151,2026,2125
22670,35122,2304,16991,1609,32818,4152,2027,2125
22675,35128,2304,16994,1609,32823,4153,2027,2126
22680,35139,2306,16998,1610,32833,4154,2027,2127
22685,35143,2308,17002,1612,32835,4154,2027,2127
22690,35153,2308,17006,1612,32845,4156,2028,2128
22695,35159,2308,17010,1612,32851,4157,2028,2129
22700,35170,2310,17017,1614,32860,4157,2028,2129
22705,35174,2311,17020,1615,32863,4157,2028,2129
22710,35184,2311,17024,1615,32873,4159,2029,2130
22715,35190,2311,17027,1615,32879,4160,2030,2130
22720,35201,2313,17035,1616,32888,4160,2030,2130
22725,35205,2314,17037,1617,32891,4160,2030,2130
22730,35215,2314,17040,1617,32901,4162,2030,2132
22735,35221,2314,17041,1617,32907,4163,2030,2133
22740,35232,2315,17047,1618,32917,4164,2031,2133
22745,35236,2315,17049,1618,32921,4164,2031,2133
22750,35246,2315,17054,1618,32931,4165,2031,2134
22755,35252,2315,17059,1618,32937,4166,2032,2134
22760,35263,2315,17062,1618,32948,4167,2032,2135
22765,35267,2315,17065,1618,32952,4167,2032,2135
22770,35277,2315,17069,1618,32962,4168,2033,2135
22775,35283,2315,17070,1618,32968,4169,2033,2136
22780,35294,2315,17076,1618,32979,4170,2033,2137
22785,35298,2315,17077,1618,32983,4170,2033,2137
22790,35308,2315,17081,1618,32993,4171,2033,2138
22795,35314,2315,17085,1618,32998,4172,2034,2138
22800,35325,2316,17091,1619,33009,4174,2035,2139
22805,35329,2316,17091,1619,33013,4174,2035,2139
22810,35339,2316,17096,1619,33023,4176,2036,2140
22815,35345,2316,17098,1619,33029,4177,2037,2140
22820,35356,2316,17099,1619,33040,4178,2037,2141
22825,35360,2316,17100,1619,33044,4178,2037,2141
22830,35370,2316,17109,1619,33054,4179,2037,2142
22835,35376,2316,17112,1619,33060,4180,2038,2142
22840,35387,2316,17117,1619,33071,4180,2038,2142
22845,35391,2316,17119,1619,33075,4180,2038,2142
22850,35401,2316,17125,1619,33085,4181,2039,2142
22855,35407,2316,17129,1619,33091,4183,2041,2142
22860,35418,2316,17134,1619,33102,4183,2041,2142
22865,35422,2316,17137,1619,33106,4183,2041,2142
22870,35432,2316,17141,1619,33116,4185,2043,2142
22875,35438,2316,17144,1619,33122,4187,2044,2143
22880,35449,2316,17148,1619,33133,4187,2044,2143
22885,35453,2316,17148,1619,33137,4187,2044,2143
22890,35463,2316,17153,1619,33147,4188,2044,2144
22895,35469,2316,17156,1619,33153,4189,2045,2144
22900,35480,2316,17164,1619,33164,4189,2045,2144
22905,35484,2316,17166,1619,33168,4189,2045,2144
22910,35494,2317,17169,1619,33177,4190,2045,2145
22915,35500,2317,17174,1619,33182,4191,2045,2146
22920,35511,2320,17182,1622,33191,4192,2046,2146
22925,35515,2320,17184,1622,33195,4192,2046,2146
22930,35525,2321,17187,1622,33204,4193,2046,2147
22935,35531,2321,17190,1622,33209,4194,2046,2148
22940,35542,2323,17195,1624,33219,4196,2048,2148
22945,35546,2323,17197,1624,33223,4196,2048,2148
22950,35556,2324,17202,1624,33232,4197,2049,2148
22955,35562,2324,17205,1624,33237,4198,2049,2149
22960,35573,2326,17211,1626,33247,4200,2049,2151
22965,35577,2326,17211,1626,33251,4200,2049,2151
22970,35587,2327,17217,1627,33260,4201,2049,2152
22975,35593,2327,17221,1627,33265,4202,2049,2153
22980,35604,2330,17227,1629,33274,4204,2050,2154
22985,35608,2330,17229,1629,33278,4204,2050,2154
22990,35618,2330,17235,1629,33288,4206,2052,2154
22995,35624,2330,17238,1629,33294,4208,2052,2156
23000,35635,2331,17240,1629,33304,4210,2053,2157
23005,35639,2331,17243,1629,33308,4210,2053,2157
23010,35649,2331,17247,1629,33318,4212,2054,2158
23015,35655,2331,17249,1629,33324,4214,2054,2160
23020,35666,2332,17256,1629,33334,4216,2056,2160
23025,35670,2332,17257,1629,33338,4216,2056,2160
23030,35680,2332,17262,1629,33348,4217,2056,2161
23035,35686,2332,17263,1629,33354,4218,2056,2162
23040,35697,2333,17270,1630,33364,4220,2056,2164
23045,35701,2333,17270,1630,33368,4220,2056,2164
23050,35711,2334,17274,1630,33377,4221,2056,2165
23055,35717,2334,17277,1630,33383,4222,2056,2166
23060,35728,2335,17282,1631,33393,4222,2056,2166
23065,35732,2336,17284,1632,33396,4222,2056,2166
23070,35742,2337,17290,1632,33405,4223,2057,2166
23075,35748,2337,17295,1632,33411,4224,2058,2166
23080,35759,2338,17301,1633,33421,4224,2058,2166
23085,35763,2338,17302,1633,33425,4224,2058,2166
23090,35773,2339,17305,1633,33434,4225,2059,2166
23095,35779,2339,17310,1633,33440,4226,2059,2167
23100,35790,2341,17317,1635,33449,4226,2059,2167
23105,35794,2341,17320,1635,33453,4226,2059,2167
23110,35804,2342,17326,1636,33462,4227,2059,2168
23115,35810,2342,17326,1636,33468,4228,2059,2169
23120,35821,2343,17330,1636,33478,4228,2059,2169
23125,35825,2344,17331,1637,33481,4228,2059,2169
23130,35835,2345,17338,1638,33490,4230,2060,2170
23135,35841,2345,17341,1638,33496,4232,2061,2171
23140,35852,2347,17346,1639,33505,4232,2061,2171
23145,35856,2347,17347,1639,33509,4232,2061,2171
23150,35866,2348,17353,1640,33518,4234,2063,2171
23155,35872,2348,17358,1640,33524,4235,2064,2171
23160,35883,2350,17363,1641,33533,4237,2064,2173
23165,35887,2350,17366,1641,33537,4237,2064,2173
23170,35897,2350,17372,1641,33547,4238,2065,2173
23175,35903,2350,17376,1641,33553,4239,2065,2174
23180,35914,2350,17380,1641,33564,4241,2065,2176
23185,35918,2350,17381,1641,33568,4241,2065,2176
23190,35928,2350,17384,1641,33578,4242,2066,2176
23195,35934,2350,17388,1641,33584,4243,2066,2177
23200,35945,2350,17395,1641,33595,4245,2067,2178
23205,35949,2350,17396,1641,33599,4245,2067,2178
23210,35959,2350,17403,1641,33609,4246,2068,2178
23215,35965,2350,17407,1641,33615,4247,2069,2178
23220,35976,2350,17413,1641,33626,4249,2070,2179
23225,35980,2350,17416,1641,33630,4249,2070,2179
23230,35990,2350,17421,1641,33640,4250,2070,2180
23235,35996,2350,17424,1641,33646,4251,2070,2181
23240,36007,2350,17430,1641,33657,4251,2070,2181
23245,36011,2350,17433,1641,33661,4251,2070,2181
23250,36021,2350,17436,1641,33671,4252,2071,2181
23255,36027,2350,17439,1641,33677,4253,2071,2182
23260,36038,2350,17444,1641,33688,4253,2071,2182
23265,36042,2350,17446,1641,33692,4253,2071,2182
23270,36052,2351,17451,1642,33701,4254,2071,2183
23275,36058,2351,17455,1642,33707,4255,2072,2183
23280,36069,2353,17460,1644,33716,4255,2072,2183
23285,36073,2354,17464,1645,33719,4255,2072,2183
23290,36083,2355,17469,1645,33728,4256,2073,2183
23295,36089,2355,17473,1645,33734,4257,2074,2183
23300,36100,2356,17479,1645,33744,4257,2074,2183
23305,36104,2356,17480,1645,33748,4257,2074,2183
23310,36114,2357,17488,1646,33757,4258,2075,2183
23315,36120,2357,17491,1646,33763,4259,2075,2184
23320,36131,2358,17496,1646,33773,4259,2075,2184
23325,36135,2358,17499,1646,33777,4259,2075,2184
23330,36145,2359,17505,1646,33786,4260,2075,2185
23335,36151,2359,17508,1646,33792,4261,2076,2185
23340,36162,2360,17514,1647,33802,4263,2076,2187
23345,36166,2360,17515,1647,33806,4263,2076,2187
23350,36176,2361,17517,1647,33815,4264,2076,2188
23355,36182,2361,17517,1647,33821,4266,2076,2190
23360,36193,2362,17523,1648,33831,4268,2076,2192
23365,36197,2363,17526,1649,33834,4268,2076,2192
23370,36207,2364,17530,1649,33843,4269,2076,2193
23375,36213,2364,17534,1649,33849,4271,2078,2193
23380,36224,2365,17541,1650,33859,4273,2078,2195
23385,36228,2365,17543,1650,33863,4273,2078,2195
23390,36238,2366,17548,1650,33872,4274,2078,2196
23395,36244,2366,17552,1650,33878,4276,2080,2196
23400,36255,2369,17557,1652,33886,4278,2081,2197
23405,36259,2369,17558,1652,33890,4278,2081,2197
23410,36269,2370,17566,1653,33899,4279,2082,2197
23415,36275,2370,17569,1653,33904,4280,2082,2198
23420,36286,2372,17577,1655,33914,4282,2083,2199
23425,36290,2372,17580,1655,33918,4282,2083,2199
23430,36300,2372,17583,1655,33928,4284,2083,2201
23435,36306,2372,17588,1655,33934,4285,2083,2202
23440,36317,2372,17590,1655,33945,4287,2083,2204
23445,36321,2372,17592,1655,33949,4287,2083,2204
23450,36331,2372,17597,1655,33959,4289,2083,2206
23455,36337,2372,17600,1655,33965,4290,2083,2207
23460,36348,2372,17602,1655,33976,4291,2084,2207
23465,36352,2372,17605,1655,33980,4291,2084,2207
23470,36362,2372,17609,1655,33990,4292,2084,2208
23475,36368,2372,17612,1655,33996,4293,2084,2209
23480,36379,2372,17618,1655,34007,4293,2084,2209
23485,36383,2372,17621,1655,34011,4293,2084,2209
23490,36393,2372,17628,1655,34021,4294,2084,2210
23495,36399,2372,17629,1655,34027,4295,2084,2211
23500,36410,2372,17634,1655,34038,4295,2084,2211
23505,36414,2372,17636,1655,34042,4295,2084,2211
23510,36424,2372,17642,1655,34052,4296,2084,2212
23515,36430,2372,17646,1655,34058,4297,2084,2213
23520,36441,2373,17650,1655,34068,4297,2084,2213
23525,36445,2373,17651,1655,34072,4297,2084,2213
23530,36455,2374,17653,1655,34081,4298,2085,2213
23535,36461,2374,17654,1655,34087,4299,2085,2214
23540,36472,2376,17660,1657,34096,4299,2085,2214
23545,36476,2377,17662,1658,34099,4299,2085,2214
23550,36486,2378,17666,1658,34108,4300,2086,2214
23555,36492,2378,17669,1658,34114,4301,2086,2215
23560,36503,2380,17674,1660,34123,4302,2086,2216
23565,36507,2382,17677,1662,34125,4302,2086,2216
23570,36517,2383,17682,1663,34134,4303,2087,2216
23575,36523,2383,17686,1663,34139,4305,2088,2217
23580,36534,2385,17691,1664,34149,4307,2090,2217
23585,36538,2385,17693,1664,34153,4307,2090,2217
23590,36548,2385,17696,1664,34163,4309,2090,2219
23595,36554,2385,17699,1664,34169,4310,2091,2219
23600,36565,2386,17704,1664,34179,4311,2091,2220
23605,36569,2386,17704,1664,34183,4311,2091,2220
23610,36579,2386,17709,1664,34193,4312,2092,2220
23615,36585,2386,17711,1664,34199,4313,2092,2221
23620,36596,2387,17717,1665,34209,4314,2092,2222
23625,36600,2387,17720,1665,34213,4314,2092,2222
23630,36610,2387,17724,1665,34223,4315,2093,2222
23635,36616,2387,17727,1665,34229,4316,2094,2222
23640,36627,2388,17730,1665,34239,4317,2095,2222
23645,36631,2388,17731,1665,34243,4317,2095,2222
23650,36641,2388,17733,1665,34253,4318,2095,2223
23655,36647,2388,17737,1665,34259,4319,2096,2223
23660,36658,2389,17743,1666,34269,4320,2097,2223
23665,36662,2389,17745,1666,34273,4320,2097,2223
23670,36672,2389,17748,1666,34283,4321,2097,2224
23675,36678,2389,17751,1666,34289,4322,2098,2224
23680,36689,2390,17758,1666,34299,4323,2098,2225
23685,36693,2390,17759,1666,34303,4323,2098,2225
23690,36703,2391,17765,1667,34312,4324,2098,2226
23695,36709,2391,17768,1667,34317,4326,2100,2226
23700,36720,2393,17771,1668,34327,4327,2101,2226
23705,36724,2393,17772,1668,34331,4327,2101,2226
23710,36734,2394,17777,1668,34340,4329,2102,2227
23715,36740,2394,17779,1668,34346,4331,2104,2227
23720,36751,2396,17786,1670,34355,4332,2104,2228
23725,36755,2396,17788,1670,34359,4332,2104,2228
23730,36765,2396,17792,1670,34369,4334,2104,2230
23735,36771,2396,17795,1670,34375,4335,2105,2230
23740,36782,2398,17799,1671,34384,4336,2106,2230
23745,36786,2399,17803,1672,34387,4336,2106,2230
23750,36796,2399,17810,1672,34397,4337,2107,2230
23755,36802,2399,17814,1672,34403,4338,2107,2231
23760,36813,2400,17817,1672,34413,4338,2107,2231
23765,36817,2401,17820,1673,34416,4338,2107,2231
23770,36827,2401,17824,1673,34426,4339,2108,2231
23775,36833,2401,17826,1673,34432,4340,2108,2232
23780,36844,2402,17829,1673,34442,4341,2109,2232
23785,36848,2402,17831,1673,34446,4341,2109,2232
23790,36858,2402,17837,1673,34456,4342,2110,2232
23795,36864,2402,17839,1673,34462,4343,2111,2232
23800,36875,2403,17844,1673,34472,4344,2112,2232
23805,36879,2403,17845,1673,34476,4344,2112,2232
23810,36889,2403,17849,1673,34486,4345,2112,2233
23815,36895,2403,17853,1673,34492,4346,2112,2234
23820,36906,2405,17859,1674,34501,4347,2113,2234
23825,36910,2405,17860,1674,34505,4347,2113,2234
23830,36920,2406,17866,1675,34514,4348,2114,2234
23835,36926,2406,17869,1675,34519,4350,2114,2236
23840,36937,2407,17871,1676,34530,4351,2114,2237
23845,36941,2407,17871,1676,34534,4351,2114,2237
23850,36951,2408,17876,1677,34543,4352,2115,2237
23855,36957,2408,17879,1677,34548,4354,2116,2238
23860,36968,2410,17885,1679,34558,4355,2117,2238
23865,36972,2410,17887,1679,34562,4355,2117,2238
23870,36982,2411,17890,1680,34571,4357,2118,2239
23875,36988,2411,17892,1680,34577,4358,2118,2240
23880,36999,2412,17897,1681,34587,4359,2119,2240
23885,37003,2412,17898,1681,34591,4359,2119,2240
23890,37013,2412,17905,1681,34601,4360,2119,2241
23895,37019,2412,17907,1681,34607,4361,2119,2242
23900,37030,2412,17914,1681,34618,4362,2120,2242
23905,37034,2412,17918,1681,34622,4362,2120,2242
23910,37044,2412,17920,1681,34632,4363,2120,2243
23915,37050,2412,17923,1681,34638,4364,2120,2244
23920,37061,2412,17930,1681,34649,4364,2120,2244
23925,37065,2412,17933,1681,34653,4364,2120,2244
23930,37075,2412,17940,1681,34663,4365,2121,2244
23935,37081,2412,17942,1681,34669,4366,2122,2244
23940,37092,2412,17947,1681,34680,4366,2122,2244
23945,37096,2412,17949,1681,34684,4366,2122,2244
23950,37106,2412,17954,1681,34694,4367,2123,2244
23955,37112,2412,17955,1681,34700,4368,2123,2245
23960,37123,2412,17962,1681,34711,4369,2123,2246
23965,37127,2412,17962,1681,34715,4369,2123,2246
23970,37137,2412,17966,1681,34725,4370,2124,2246
23975,37143,2412,17969,1681,34731,4372,2126,2246
23980,37154,2412,17976,1681,34742,4373,2127,2246
23985,37158,2412,17977,1681,34746,4373,2127,2246
23990,37168,2413,17980,1682,34755,4374,2127,2247
23995,37174,2413,17982,1682,34761,4376,2128,2248
24000,37185,2414,17986,1683,34771,4378,2129,2249
24005,37189,2416,17988,1685,34773,4378,2129,2249
24010,37199,2417,17991,1686,34782,4379,2130,2249
24015,37205,2417,17993,1686,34788,4380,2131,2249
24020,37216,2418,17996,1686,34798,4382,2131,2251
24025,37220,2418,17996,1686,34802,4382,2131,2251
24030,37230,2419,18001,1687,34811,4383,2132,2251
24035,37236,2419,18005,1687,34817,4384,2133,2251
24040,37247,2421,18011,1689,34826,4386,2134,2252
24045,37251,2421,18012,1689,34830,4386,2134,2252
24050,37261,2422,18016,1689,34839,4387,2134,2253
24055,37267,2422,18020,1689,34844,4388,2134,2254
24060,37278,2426,18025,1692,34852,4390,2134,2256
24065,37282,2426,18028,1692,34856,4390,2134,2256
24070,37292,2426,18033,1692,34866,4391,2135,2256
24075,37298,2426,18037,1692,34872,4392,2136,2256
24080,37309,2426,18045,1692,34883,4393,2137,2256
24085,37313,2426,18047,1692,34887,4393,2137,2256
24090,37323,2426,18053,1692,34897,4394,2138,2256
24095,37329,2426,18055,1692,34903,4395,2139,2256
24100,37340,2426,18061,1692,34914,4396,2140,2256
24105,37344,2426,18065,1692,34918,4396,2140,2256
24110,37354,2426,18071,1692,34928,4397,2141,2256
24115,37360,2426,18074,1692,34934,4398,2142,2256
24120,37371,2426,18081,1692,34945,4399,2143,2256
24125,37375,2426,18084,1692,34949,4399,2143,2256
24130,37385,2426,18091,1692,34959,4400,2144,2256
24135,37391,2426,18091,1692,34965,4401,2144,2257
24140,37402,2426,18099,1692,34976,4401,2144,2257
24145,37406,2426,18101,1692,34980,4401,2144,2257
24150,37416,2426,18106,1692,34990,4402,2144,2258
24155,37422,2426,18107,1692,34996,4403,2144,2259
24160,37433,2426,18114,1692,35007,4403,2144,2259
24165,37437,2426,18116,1692,35011,4403,2144,2259
24170,37447,2427,18120,1693,35020,4404,2144,2260
24175,37453,2427,18124,1693,35025,4405,2145,2260
24180,37464,2430,18129,1696,35034,4405,2145,2260
24185,37468,2430,18129,1696,35038,4405,2145,2260
24190,37478,2430,18133,1696,35048,4406,2145,2261
24195,37484,2430,18135,1696,35054,4407,2145,2262
24200,37495,2431,18137,1696,35064,4408,2146,2262
24205,37499,2431,18138,1696,35068,4408,2146,2262
24210,37509,2431,18140,1696,35078,4409,2147,2262
24215,37515,2431,18142,1696,35084,4410,2147,2263
24220,37526,2433,18147,1697,35093,4411,2147,2264
24225,37530,2433,18148,1697,35097,4411,2147,2264
24230,37540,2433,18154,1697,35107,4413,2148,2265
24235,37546,2433,18158,1697,35113,4414,2149,2265
24240,37557,2434,18165,1698,35123,4415,2150,2265
24245,37561,2434,18169,1698,35127,4415,2150,2265
24250,37571,2434,18172,1698,35137,4416,2151,2265
24255,37577,2434,18175,1698,35143,4417,2151,2266
24260,37588,2435,18182,1699,35153,4417,2151,2266
24265,37592,2435,18186,1699,35157,4417,2151,2266
24270,37602,2435,18190,1699,35167,4418,2151,2267
24275,37608,2435,18193,1699,35173,4419,2151,2268
24280,37619,2436,18197,1700,35183,4419,2151,2268
24285,37623,2436,18199,1700,35187,4419,2151,2268
24290,37633,2437,18203,1700,35196,4420,2151,2269
24295,37639,2437,18206,1700,35202,4421,2152,2269
24300,37650,2438,18209,1701,35212,4421,2152,2269
24305,37654,2438,18212,1701,35216,4421,2152,2269
24310,37664,2439,18219,1702,35225,4422,2153,2269
24315,37670,2439,18220,1702,35231,4423,2154,2269
24320,37681,2441,18227,1704,35240,4425,2155,2270
24325,37685,2441,18228,1704,35244,4425,2155,2270
24330,37695,2442,18233,1705,35253,4426,2155,2271
24335,37701,2442,18236,1705,35258,4427,2155,2272
24340,37712,2444,18239,1706,35268,4429,2156,2273
24345,37716,2445,18240,1707,35271,4429,2156,2273
24350,37726,2446,18247,1707,35280,4430,2157,2273
24355,37732,2446,18250,1707,35285,4432,2157,2275
24360,37743,2450,18257,1710,35293,4434,2159,2275
24365,37747,2450,18258,1710,35297,4434,2159,2275
24370,37757,2451,18264,1711,35306,4435,2159,2276
24375,37763,2451,18265,1711,35312,4437,2159,2278
24380,37774,2452,18272,1712,35322,4438,2160,2278
24385,37778,2452,18276,1712,35326,4438,2160,2278
24390,37788,2453,18280,1712,35335,4439,2160,2279
24395,37794,2453,18284,1712,35341,4441,2161,2280
24400,37805,2453,18288,1712,35352,4442,2161,2281
24405,37809,2453,18290,1712,35356,4442,2161,2281
24410,37819,2454,18293,1712,35365,4444,2161,2283
24415,37825,2454,18296,1712,35370,4446,2161,2285
24420,37836,2455,18304,1713,35381,4447,2162,2285
24425,37840,2455,18305,1713,35385,4447,2162,2285
24430,37850,2456,18310,1714,35394,4448,2163,2285
24435,37856,2456,18313,1714,35399,4449,2163,2286
24440,37867,2458,18316,1716,35409,4449,2163,2286
24445,37871,2458,18318,1716,35413,4449,2163,2286
24450,37881,2459,18324,1717,35422,4450,2164,2286
24455,37887,2459,18327,1717,35428,4451,2165,2286
24460,37898,2459,18331,1717,35439,4451,2165,2286
24465,37902,2460,18333,1718,35442,4451,2165,2286
24470,37912,2461,18338,1718,35451,4452,2165,2287
24475,37918,2461,18342,1718,35457,4453,2166,2287
24480,37929,2463,18348,1719,35466,4454,2167,2287
24485,37933,2463,18349,1719,35470,4454,2167,2287
24490,37943,2463,18354,1719,35480,4455,2168,2287
24495,37949,2463,18356,1719,35486,4456,2168,2288
24500,37960,2464,18361,1719,35496,4457,2168,2289
24505,37964,2465,18363,1720,35499,4457,2168,2289
24510,37974,2465,18368,1720,35509,4458,2169,2289
24515,37980,2465,18371,1720,35515,4459,2169,2290
24520,37991,2466,18378,1720,35525,4460,2170,2290
24525,37995,2466,18378,1720,35529,4460,2170,2290
24530,38005,2466,18384,1720,35539,4462,2172,2290
24535,38011,2466,18386,1720,35545,4464,2172,2292
24540,38022,2467,18392,1721,35555,4465,2173,2292
24545,38026,2467,18396,1721,35559,4465,2173,2292
24550,38036,2467,18403,1721,35569,4467,2174,2293
24555,38042,2467,18407,1721,35575,4468,2175,2293
24560,38053,2468,18411,1722,35585,4468,2175,2293
24565,38057,2468,18415,1722,35589,4468,2175,2293
24570,38067,2468,18419,1722,35599,4469,2175,2294
24575,38073,2468,18420,1722,35605,4470,2175,2295
24580,38084,2469,18429,1723,35615,4470,2175,2295
24585,38088,2469,18432,1723,35619,4470,2175,2295
24590,38098,2470,18436,1723,35628,4471,2175,2296
24595,38104,2470,18438,1723,35634,4472,2175,2297
24600,38115,2472,18446,1725,35643,4472,2175,2297
24605,38119,2472,18447,1725,35647,4472,2175,2297
24610,38129,2473,18453,1725,35656,4473,2176,2297
24615,38135,2473,18455,1725,35662,4474,2176,2298
24620,38146,2474,18460,1725,35672,4474,2176,2298
24625,38150,2475,18462,1726,35675,4474,2176,2298
24630,38160,2476,18466,1726,35684,4475,2177,2298
24635,38166,2476,18472,1726,35689,4476,2178,2298
24640,38177,2478,18477,1727,35699,4477,2179,2298
24645,38181,2478,18477,1727,35703,4477,2179,2298
24650,38191,2479,18482,1728,35712,4478,2180,2298
24655,38197,2479,18484,1728,35718,4480,2180,2300
24660,38208,2481,18489,1729,35727,4482,2182,2300
24665,38212,2481,18490,1729,35731,4482,2182,2300
24670,38222,2481,18494,1729,35741,4483,2183,2300
24675,38228,2481,18497,1729,35747,4484,2184,2300
24680,38239,2483,18503,1731,35756,4486,2186,2300
24685,38243,2484,18506,1732,35759,4486,2186,2300
24690,38253,2484,18510,1732,35769,4488,2187,2301
24695,38259,2484,18514,1732,35775,4489,2188,2301
24700,38270,2485,18518,1733,35785,4491,2189,2302
24705,38274,2485,18520,1733,35789,4491,2189,2302
24710,38284,2485,18526,1733,35799,4492,2189,2303
24715,38290,2485,18528,1733,35805,4493,2189,2304
24720,38301,2487,18533,1734,35814,4494,2189,2305
24725,38305,2487,18533,1734,35818,4494,2189,2305
24730,38315,2487,18539,1734,35828,4495,2189,2306
24735,38321,2487,18542,1734,35834,4496,2189,2307
24740,38332,2489,18547,1736,35843,4497,2189,2308
24745,38336,2490,18548,1737,35846,4497,2189,2308
24750,38346,2490,18554,1737,35856,4498,2190,2308
24755,38352,2490,18557,1737,35862,4499,2191,2308
24760,38363,2492,18561,1738,35871,4500,2191,2309
24765,38367,2493,18563,1739,35874,4500,2191,2309
24770,38377,2494,18568,1739,35883,4501,2192,2309
24775,38383,2494,18572,1739,35888,4502,2193,2309
24780,38394,2497,18577,1741,35897,4503,2193,2310
24785,38398,2497,18578,1741,35901,4503,2193,2310
24790,38408,2497,18583,1741,35911,4504,2194,2310
24795,38414,2497,18585,1741,35917,4505,2195,2310
24800,38425,2497,18591,1741,35928,4505,2195,2310
24805,38429,2497,18592,1741,35932,4505,2195,2310
24810,38439,2497,18597,1741,35942,4506,2196,2310
24815,38445,2497,18601,1741,35948,4507,2196,2311
24820,38456,2497,18608,1741,35959,4508,2196,2312
24825,38460,2497,18608,1741,35963,4508,2196,2312
24830,38470,2497,18611,1741,35973,4509,2196,2313
24835,38476,2497,18612,1741,35979,4510,2197,2313
24840,38487,2497,18614,1741,35990,4511,2197,2314
24845,38491,2497,18614,1741,35994,4511,2197,2314
24850,38501,2497,18621,1741,36004,4512,2198,2314
24855,38507,2497,18623,1741,36010,4513,2198,2315
24860,38518,2497,18629,1741,36021,4514,2198,2316
24865,38522,2497,18631,1741,36025,4514,2198,2316
24870,38532,2497,18636,1741,36035,4515,2198,2317
24875,38538,2497,18638,1741,36041,4516,2199,2317
24880,38549,2497,18642,1741,36052,4517,2199,2318
24885,38553,2497,18645,1741,36056,4517,2199,2318
24890,38563,2498,18650,1741,36065,4518,2200,2318
24895,38569,2498,18653,1741,36070,4519,2200,2319
24900,38580,2501,18658,1744,36079,4520,2200,2320
24905,38584,2501,18659,1744,36083,4520,2200,2320
24910,38594,2501,18664,1744,36093,4522,2201,2321
24915,38600,2501,18668,1744,36099,4524,2202,2322
24920,38611,2502,18671,1745,36109,4526,2202,2324
24925,38615,2503,18673,1746,36112,4526,2202,2324
24930,38625,2503,18680,1746,36122,4528,2204,2324
24935,38631,2503,18682,1746,36128,4530,2205,2325
24940,38642,2505,18687,1747,36137,4532,2206,2326
24945,38646,2505,18687,1747,36141,4532,2206,2326
24950,38656,2505,18693,1747,36151,4534,2207,2327
24955,38662,2505,18697,1747,36157,4535,2208,2327
24960,38673,2507,18700,1748,36166,4537,2208,2329
24965,38677,2507,18703,1748,36170,4537,2208,2329
24970,38687,2507,18705,1748,36180,4538,2208,2330
24975,38693,2507,18707,1748,36186,4539,2208,2331
24980,38704,2508,18711,1749,36196,4540,2209,2331
24985,38708,2508,18712,1749,36200,4540,2209,2331
24990,38718,2508,18717,1749,36210,4541,2210,2331
24995,38724,2508,18722,1749,36216,4542,2211,2331
25000,38735,2509,18730,1750,36226,4543,2212,2331
25005,38739,2509,18732,1750,36230,4543,2212,2331
25010,38749,2510,18738,1751,36239,4544,2212,2332
25015,38755,2510,18741,1751,36244,4545,2212,2333
25020,38766,2512,18749,1753,36254,4546,2213,2333
25025,38770,2513,18751,1754,36257,4546,2213,2333
25030,38780,2514,18756,1754,36266,4547,2213,2334
25035,38786,2514,18758,1754,36271,4548,2213,2335
25040,38797,2516,18760,1756,36281,4549,2213,2336
25045,38801,2517,18762,1757,36284,4549,2213,2336
25050,38811,2518,18766,1757,36293,4550,2214,2336
25055,38817,2518,18770,1757,36299,4551,2215,2336
25060,38828,2519,18774,1757,36309,4552,2215,2337
25065,38832,2520,18777,1758,36312,4552,2215,2337
25070,38842,2521,18783,1759,36321,4554,2216,2338
25075,38848,2521,18786,1759,36326,4555,2216,2339
25080,38859,2523,18794,1761,36336,4556,2217,2339
25085,38863,2523,18796,1761,36340,4556,2217,2339
25090,38873,2523,18804,1761,36350,4557,2217,2340
25095,38879,2523,18807,1761,36356,4558,2217,2341
25100,38890,2523,18813,1761,36367,4559,2217,2342
25105,38894,2523,18816,1761,36371,4559,2217,2342
25110,38904,2523,18822,1761,36381,4560,2217,2343
25115,38910,2523,18822,1761,36387,4561,2217,2344
25120,38921,2523,18827,1761,36398,4561,2217,2344
25125,38925,2523,18828,1761,36402,4561,2217,2344
25130,38935,2523,18834,1761,36412,4562,2217,2345
25135,38941,2523,18837,1761,36418,4563,2218,2345
25140,38952,2523,18845,1761,36429,4563,2218,2345
25145,38956,2523,18846,1761,36433,4563,2218,2345
25150,38966,2523,18851,1761,36443,4564,2218,2346
25155,38972,2523,18855,1761,36449,4565,2219,2346
25160,38983,2523,18859,1761,36460,4565,2219,2346
25165,38987,2523,18861,1761,36464,4565,2219,2346
25170,38997,2523,18868,1761,36474,4566,2220,2346
25175,39003,2523,18870,1761,36480,4567,2220,2347
25180,39014,2523,18872,1761,36491,4567,2220,2347
25185,39018,2523,18875,1761,36495,4567,2220,2347
25190,39028,2524,18881,1762,36504,4569,2220,2349
25195,39034,2524,18886,1762,36509,4571,2221,2350
25200,39045,2527,18895,1765,36518,4572,2222,2350
25205,39049,2527,18896,1765,36522,4572,2222,2350
25210,39059,2527,18900,1765,36532,4573,2223,2350
25215,39065,2527,18902,1765,36538,4574,2224,2350
25220,39076,2528,18908,1766,36548,4576,2225,2351
25225,39080,2528,18911,1766,36552,4576,2225,2351
25230,39090,2528,18915,1766,36562,4577,2225,2352
25235,39096,2528,18919,1766,36568,4578,2225,2353
25240,39107,2529,18923,1767,36578,4580,2226,2354
25245,39111,2529,18924,1767,36582,4580,2226,2354
25250,39121,2529,18929,1767,36592,4581,2226,2355
25255,39127,2529,18931,1767,36598,4582,2226,2356
25260,39138,2530,18938,1768,36608,4584,2227,2357
25265,39142,2531,18940,1769,36611,4584,2227,2357
25270,39152,2531,18942,1769,36621,4585,2227,2358
25275,39158,2531,18947,1769,36627,4586,2228,2358
25280,39169,2532,18953,1769,36637,4588,2230,2358
25285,39173,2533,18955,1770,36640,4588,2230,2358
25290,39183,2533,18961,1770,36650,4589,2230,2359
25295,39189,2533,18964,1770,36656,4590,2230,2360
25300,39200,2534,18971,1771,36666,4592,2230,2362
25305,39204,2535,18973,1772,36669,4592,2230,2362
25310,39214,2536,18979,1773,36678,4594,2231,2363
25315,39220,2536,18983,1773,36683,4595,2232,2363
25320,39231,2539,18988,1775,36692,4597,2232,2365
25325,39235,2540,18990,1776,36695,4597,2232,2365
25330,39245,2541,18994,1776,36704,4598,2232,2366
25335,39251,2541,18996,1776,36710,4599,2233,2366
25340,39262,2542,19000,1776,36720,4601,2234,2367
25345,39266,2542,19000,1776,36724,4601,2234,2367
25350,39276,2543,19007,1777,36733,4602,2234,2368
25355,39282,2543,19009,1777,36739,4603,2234,2369
25360,39293,2544,19015,1777,36749,4605,2235,2370
25365,39297,2546,19018,1779,36751,4605,2235,2370
25370,39307,2547,19023,1780,36760,4606,2235,2371
25375,39313,2547,19026,1780,36766,4607,2236,2371
25380,39324,2548,19033,1781,36776,4609,2236,2373
25385,39328,2549,19036,1782,36779,4609,2236,2373
25390,39338,2550,19042,1783,36788,4610,2237,2373
25395,39344,2550,19046,1783,36794,4611,2238,2373
25400,39355,2551,19054,1784,36804,4612,2239,2373
25405,39359,2552,19058,1785,36807,4612,2239,2373
25410,39369,2553,19063,1786,36816,4613,2239,2374
25415,39375,2553,19066,1786,36822,4614,2240,2374
25420,39386,2554,19070,1786,36832,4615,2240,2375
25425,39390,2554,19072,1786,36836,4615,2240,2375
25430,39400,2555,19075,1786,36845,4616,2240,2376
25435,39406,2555,19079,1786,36850,4617,2240,2377
25440,39417,2557,19083,1787,36860,4619,2242,2377
25445,39421,2557,19085,1787,36864,4619,2242,2377
25450,39431,2557,19090,1787,36874,4621,2242,2379
25455,39437,2557,19092,1787,36880,4622,2242,2380
25460,39448,2557,19096,1787,36891,4622,2242,2380
25465,39452,2557,19098,1787,36895,4622,2242,2380
25470,39462,2557,19102,1787,36905,4623,2243,2380
25475,39468,2557,19108,1787,36911,4624,2244,2380
25480,39479,2557,19113,1787,36922,4624,2244,2380
25485,39483,2557,19114,1787,36926,4624,2244,2380
25490,39493,2557,19120,1787,36936,4625,2245,2380
25495,39499,2557,19125,1787,36942,4626,2246,2380
25500,39510,2557,19133,1787,36953,4626,2246,2380
25505,39514,2557,19134,1787,36957,4626,2246,2380
25510,39524,2557,19139,1787,36967,4627,2246,2381
25515,39530,2557,19144,1787,36973,4628,2247,2381
25520,39541,2557,19150,1787,36984,4628,2247,2381
25525,39545,2557,19152,1787,36988,4628,2247,2381
25530,39555,2557,19158,1787,36998,4629,2248,2381
25535,39561,2557,19162,1787,37004,4630,2249,2381
25540,39572,2557,19165,1787,37015,4630,2249,2381
25545,39576,2557,19167,1787,37019,4630,2249,2381
25550,39586,2558,19170,1787,37028,4631,2250,2381
25555,39592,2558,19172,1787,37034,4633,2252,2381
25560,39603,2559,19177,1788,37044,4635,2253,2382
25565,39607,2559,19179,1788,37048,4635,2253,2382
25570,39617,2560,19186,1788,37057,4637,2254,2383
25575,39623,2560,19191,1788,37063,4638,2255,2383
25580,39634,2561,19194,1789,37073,4639,2255,2384
25585,39638,2561,19196,1789,37077,4639,2255,2384
25590,39648,2562,19203,1790,37086,4640,2255,2385
25595,39654,2562,19206,1790,37092,4641,2256,2385
25600,39665,2565,19213,1792,37100,4642,2256,2386
25605,39669,2566,19215,1793,37103,4642,2256,2386
25610,39679,2567,19217,1794,37112,4643,2256,2387
25615,39685,2567,19221,1794,37118,4644,2256,2388
25620,39696,2569,19227,1795,37127,4645,2257,2388
25625,39700,2570,19229,1796,37130,4645,2257,2388
25630,39710,2571,19235,1797,37139,4646,2258,2388
25635,39716,2571,19237,1797,37145,4647,2259,2388
25640,39727,2574,19243,1799,37153,4648,2260,2388
25645,39731,2574,19246,1799,37157,4648,2260,2388
25650,39741,2575,19252,1799,37166,4649,2261,2388
25655,39747,2575,19255,1799,37172,4650,2261,2389
25660,39758,2575,19259,1799,37183,4650,2261,2389
25665,39762,2575,19260,1799,37187,4650,2261,2389
25670,39772,2576,19263,1799,37196,4651,2262,2389
25675,39778,2576,19265,1799,37202,4652,2263,2389
25680,39789,2576,19267,1799,37213,4653,2263,2390
25685,39793,2577,19268,1800,37216,4653,2263,2390
25690,39803,2578,19275,1800,37225,4654,2264,2390
25695,39809,2578,19277,1800,37231,4656,2265,2391
25700,39820,2578,19286,1800,37242,4656,2265,2391
25705,39824,2578,19287,1800,37246,4656,2265,2391
25710,39834,2579,19295,1801,37255,4658,2266,2392
25715,39840,2579,19297,1801,37261,4659,2266,2393
25720,39851,2579,19300,1801,37272,4659,2266,2393
25725,39855,2579,19302,1801,37276,4659,2266,2393
25730,39865,2580,19307,1801,37285,4660,2267,2393
25735,39871,2580,19307,1801,37291,4661,2267,2394
25740,39882,2580,19311,1801,37302,4661,2267,2394
25745,39886,2580,19314,1801,37306,4661,2267,2394
25750,39896,2581,19320,1801,37315,4662,2268,2394
25755,39902,2581,19325,1801,37320,4663,2269,2394
25760,39913,2583,19327,1802,37330,4664,2270,2394
25765,39917,2584,19329,1803,37333,4664,2270,2394
25770,39927,2585,19332,1803,37342,4665,2271,2394
25775,39933,2585,19335,1803,37347,4666,2272,2394
25780,39944,2588,19338,1805,37356,4667,2272,2395
25785,39948,2589,19340,1806,37359,4667,2272,2395
25790,39958,2590,19343,1806,37368,4668,2273,2395
25795,39964,2590,19346,1806,37374,4669,2273,2396
25800,39975,2591,19350,1806,37384,4671,2274,2397
25805,39979,2592,19352,1807,37387,4671,2274,2397
25810,39989,2592,19354,1807,37397,4673,2274,2399
25815,39995,2592,19357,1807,37403,4675,2275,2400
25820,40006,2593,19361,1807,37413,4677,2276,2401
25825,40010,2594,19363,1808,37416,4677,2276,2401
25830,40020,2594,19368,1808,37426,4678,2276,2402
25835,40026,2594,19369,1808,37432,4679,2276,2403
25840,40037,2596,19375,1810,37441,4681,2277,2404
25845,40041,2597,19378,1811,37444,4681,2277,2404
25850,40051,2597,19385,1811,37454,4682,2278,2404
25855,40057,2597,19391,1811,37460,4683,2279,2404
25860,40068,2599,19399,1813,37469,4685,2280,2405
25865,40072,2599,19402,1813,37473,4685,2280,2405
25870,40082,2599,19406,1813,37483,4686,2281,2405
25875,40088,2599,19407,1813,37489,4687,2281,2406
25880,40099,2599,19409,1813,37500,4687,2281,2406
25885,40103,2599,19411,1813,37504,4687,2281,2406
25890,40113,2599,19415,1813,37514,4688,2281,2407
25895,40119,2599,19418,1813,37520,4689,2281,2408
25900,40130,2599,19425,1813,37531,4689,2281,2408
25905,40134,2599,19428,1813,37535,4689,2281,2408
25910,40144,2600,19433,1814,37544,4690,2281,2409
25915,40150,2600,19435,1814,37549,4691,2281,2410
25920,40161,2601,19441,1815,37560,4691,2281,2410
25925,40165,2601,19442,1815,37564,4691,2281,2410
25930,40175,2602,19446,1815,37573,4693,2281,2412
25935,40181,2602,19449,1815,37579,4694,2281,2413
25940,40192,2605,19456,1818,37587,4695,2281,2414
25945,40196,2605,19456,1818,37591,4695,2281,2414
25950,40206,2605,19459,1818,37601,4697,2282,2415
25955,40212,2605,19462,1818,37607,4699,2283,2416
25960,40223,2607,19464,1819,37616,4699,2283,2416
25965,40227,2608,19467,1820,37619,4699,2283,2416
25970,40237,2608,19470,1820,37629,4700,2283,2417
25975,40243,2608,19474,1820,37635,4701,2283,2418
25980,40254,2609,19481,1821,37645,4702,2284,2418
25985,40258,2609,19482,1821,37649,4702,2284,2418
25990,40268,2609,19487,1821,37659,4703,2284,2419
25995,40274,2609,19490,1821,37665,4704,2284,2420
26000,40285,2610,19494,1821,37675,4704,2284,2420
26005,40289,2610,19496,1821,37679,4704,2284,2420
26010,40299,2610,19499,1821,37689,4705,2285,2420
26015,40305,2610,19504,1821,37695,4706,2286,2420
26020,40316,2611,19511,1822,37705,4706,2286,2420
26025,40320,2611,19512,1822,37709,4706,2286,2420
26030,40330,2611,19517,1822,37719,4707,2286,2421
26035,40336,2611,19519,1822,37725,4708,2286,2422
26040,40347,2612,19524,1822,37735,4708,2286,2422
26045,40351,2612,19528,1822,37739,4708,2286,2422
26050,40361,2613,19535,1823,37748,4709,2287,2422
26055,40367,2613,19537,1823,37753,4710,2287,2423
26060,40378,2615,19538,1824,37763,4711,2287,2424
26065,40382,2615,19538,1824,37767,4711,2287,2424
26070,40392,2616,19544,1825,37776,4712,2288,2424
26075,40398,2616,19547,1825,37782,4713,2289,2424
26080,40409,2617,19553,1825,37792,4714,2290,2424
26085,40413,2617,19554,1825,37796,4714,2290,2424
26090,40423,2618,19557,1825,37805,4716,2291,2425
26095,40429,2618,19560,1825,37811,4718,2292,2426
26100,40440,2621,19563,1827,37819,4720,2292,2428
26105,40444,2621,19564,1827,37823,4720,2292,2428
26110,40454,2622,19570,1828,37832,4721,2293,2428
26115,40460,2622,19573,1828,37838,4722,2293,2429
26120,40471,2623,19582,1829,37848,4723,2293,2430
26125,40475,2623,19583,1829,37852,4723,2293,2430
26130,40485,2624,19587,1830,37861,4724,2293,2431
26135,40491,2624,19592,1830,37866,4725,2294,2431
26140,40502,2626,19598,1832,37876,4726,2294,2432
26145,40506,2626,19598,1832,37880,4726,2294,2432
26150,40516,2627,19603,1833,37889,4727,2295,2432
26155,40522,2627,19605,1833,37895,4728,2296,2432
26160,40533,2627,19609,1833,37906,4729,2296,2433
26165,40537,2627,19610,1833,37910,4729,2296,2433
26170,40547,2627,19611,1833,37920,4730,2296,2434
26175,40553,2627,19615,1833,37926,4731,2297,2434
26180,40564,2627,19619,1833,37937,4731,2297,2434
26185,40568,2627,19621,1833,37941,4731,2297,2434
26190,40578,2627,19628,1833,37951,4732,2298,2434
26195,40584,2627,19631,1833,37957,4733,2298,2435
26200,40595,2627,19635,1833,37968,4733,2298,2435
26205,40599,2627,19637,1833,37972,4733,2298,2435
26210,40609,2627,19642,1833,37982,4735,2299,2436
26215,40615,2627,19644,1833,37988,4736,2299,2437
26220,40626,2628,19650,1833,37998,4737,2299,2438
26225,40630,2628,19653,1833,38002,4737,2299,2438
26230,40640,2629,19655,1833,38011,4738,2299,2439
26235,40646,2629,19657,1833,38017,4739,2299,2440
26240,40657,2630,19664,1834,38027,4739,2299,2440
26245,40661,2630,19664,1834,38031,4739,2299,2440
26250,40671,2631,19667,1834,38040,4740,2299,2441
26255,40677,2631,19669,1834,38046,4741,2299,2442
26260,40688,2633,19672,1835,38055,4741,2299,2442
26265,40692,2633,19675,1835,38059,4741,2299,2442
26270,40702,2634,19679,1835,38068,4742,2299,2443
26275,40708,2634,19681,1835,38074,4743,2300,2443
26280,40719,2635,19683,1835,38084,4744,2300,2444
26285,40723,2635,19686,1835,38088,4744,2300,2444
26290,40733,2635,19691,1835,38098,4745,2300,2445
26295,40739,2635,19693,1835,38104,4746,2300,2446
26300,40750,2637,19699,1837,38113,4746,2300,2446
26305,40754,2637,19700,1837,38117,4746,2300,2446
26310,40764,2637,19705,1837,38127,4747,2301,2446
26315,40770,2637,19708,1837,38133,4748,2301,2447
26320,40781,2639,19714,1839,38142,4748,2301,2447
26325,40785,2639,19716,1839,38146,4748,2301,2447
26330,40795,2639,19725,1839,38156,4750,2302,2448
26335,40801,2639,19727,1839,38162,4752,2303,2449
26340,40812,2641,19730,1840,38171,4753,2303,2450
26345,40816,2641,19732,1840,38175,4753,2303,2450
26350,40826,2641,19736,1840,38185,4754,2304,2450
26355,40832,2641,19737,1840,38191,4755,2304,2451
26360,40843,2642,19742,1841,38201,4755,2304,2451
26365,40847,2643,19746,1842,38204,4755,2304,2451
26370,40857,2643,19752,1842,38214,4756,2304,2452
26375,40863,2643,19757,1842,38220,4757,2305,2452
26380,40874,2644,19761,1842,38230,4757,2305,2452
26385,40878,2645,19763,1843,38233,4757,2305,2452
26390,40888,2646,19768,1844,38242,4758,2305,2453
26395,40894,2646,19772,1844,38247,4759,2305,2454
26400,40905,2648,19776,1845,38257,4760,2305,2455
26405,40909,2649,19778,1846,38260,4760,2305,2455
26410,40919,2650,19784,1847,38269,4761,2306,2455
26415,40925,2650,19788,1847,38274,4762,2306,2456
26420,40936,2652,19792,1848,38284,4762,2306,2456
26425,40940,2653,19796,1849,38287,4762,2306,2456
26430,40950,2654,19802,1850,38296,4763,2306,2457
26435,40956,2654,19804,1850,38302,4764,2306,2458
26440,40967,2656,19807,1851,38311,4764,2306,2458
26445,40971,2656,19808,1851,38315,4764,2306,2458
26450,40981,2657,19812,1852,38324,4765,2306,2459
26455,40987,2657,19815,1852,38329,4766,2306,2460
26460,40998,2661,19822,1856,38337,4767,2306,2461
26465,41002,2661,19824,1856,38341,4767,2306,2461
26470,41012,2662,19829,1857,38350,4768,2306,2462
26475,41018,2662,19831,1857,38355,4769,2306,2463
26480,41029,2664,19839,1859,38365,4770,2306,2464
26485,41033,2664,19842,1859,38369,4770,2306,2464
26490,41043,2665,19849,1860,38378,4771,2307,2464
26495,41049,2665,19852,1860,38383,4772,2307,2465
26500,41060,2667,19859,1862,38393,4772,2307,2465
26505,41064,2667,19863,1862,38397,4772,2307,2465
26510,41074,2668,19867,1862,38406,4773,2308,2465
26515,41080,2668,19870,1862,38411,4774,2309,2465
26520,41091,2670,19877,1864,38421,4775,2309,2466
26525,41095,2670,19880,1864,38425,4775,2309,2466
26530,41105,2670,19883,1864,38435,4776,2310,2466
26535,41111,2670,19886,1864,38441,4777,2310,2467
26540,41122,2670,19894,1864,38452,4778,2311,2467
26545,41126,2670,19897,1864,38456,4778,2311,2467
26550,41136,2670,19902,1864,38466,4779,2312,2467
26555,41142,2670,19905,1864,38472,4780,2312,2468
26560,41153,2670,19911,1864,38483,4780,2312,2468
26565,41157,2670,19912,1864,38487,4780,2312,2468
26570,41167,2670,19918,1864,38497,4782,2312,2470
26575,41173,2670,19923,1864,38503,4784,2314,2470
26580,41184,2672,19932,1866,38512,4784,2314,2470
26585,41188,2673,19935,1867,38515,4784,2314,2470
26590,41198,2673,19943,1867,38525,4785,2315,2470
26595,41204,2673,19944,1867,38531,4786,2315,2471
26600,41215,2674,19948,1868,38541,4787,2316,2471
26605,41219,2675,19951,1869,38544,4787,2316,2471
26610,41229,2675,19956,1869,38554,4788,2317,2471
26615,41235,2675,19960,1869,38560,4789,2318,2471
26620,41246,2676,19963,1870,38570,4790,2318,2472
26625,41250,2677,19964,1871,38573,4790,2318,2472
26630,41260,2677,19970,1871,38583,4791,2319,2472
26635,41266,2677,19973,1871,38588,4792,2320,2472
26640,41277,2679,19979,1872,38598,4793,2320,2473
26645,41281,2680,19980,1873,38601,4793,2320,2473
26650,41291,2681,19987,1873,38610,4794,2321,2473
26655,41297,2681,19989,1873,38616,4795,2322,2473
26660,41308,2682,19993,1873,38626,4797,2322,2475
26665,41312,2682,19995,1873,38630,4797,2322,2475
26670,41322,2683,19998,1874,38639,4798,2322,2476
26675,41328,2683,20000,1874,38644,4799,2322,2477
26680,41339,2685,20009,1876,38654,4801,2323,2478
26685,41343,2685,20011,1876,38658,4801,2323,2478
26690,41353,2686,20015,1877,38667,4803,2324,2479
26695,41359,2686,20018,1877,38673,4805,2326,2479
26700,41370,2687,20024,1878,38683,4807,2327,2480
26705,41374,2687,20026,1878,38687,4807,2327,2480
26710,41384,2688,20032,1878,38696,4809,2328,2481
26715,41390,2688,20033,1878,38702,4810,2328,2482
26720,41401,2689,20036,1879,38712,4812,2329,2483
26725,41405,2689,20037,1879,38716,4812,2329,2483
26730,41415,2690,20040,1880,38725,4813,2329,2484
26735,41421,2690,20045,1880,38730,4814,2330,2484
26740,41432,2691,20048,1881,38741,4816,2331,2485
26745,41436,2691,20050,1881,38745,4816,2331,2485
26750,41446,2692,20052,1881,38754,4817,2331,2486
26755,41452,2692,20056,1881,38760,4818,2332,2486
26760,41463,2692,20058,1881,38771,4820,2334,2486
26765,41467,2692,20058,1881,38775,4820,2334,2486
26770,41477,2693,20061,1881,38784,4821,2334,2487
26775,41483,2693,20064,1881,38789,4822,2334,2488
26780,41494,2694,20067,1882,38800,4823,2334,2489
26785,41498,2695,20070,1883,38803,4823,2334,2489
26790,41508,2696,20076,1883,38812,4824,2334,2490
26795,41514,2696,20078,1883,38818,4825,2334,2491
26800,41525,2696,20084,1883,38829,4826,2334,2492
26805,41529,2696,20086,1883,38833,4826,2334,2492
26810,41539,2697,20091,1883,38842,4827,2334,2493
26815,41545,2697,20094,1883,38847,4828,2335,2493
26820,41556,2699,20099,1885,38857,4828,2335,2493
26825,41560,2699,20102,1885,38861,4828,2335,2493
26830,41570,2699,20107,1885,38871,4829,2336,2493
26835,41576,2699,20109,1885,38877,4830,2337,2493
26840,41587,2700,20116,1886,38887,4830,2337,2493
26845,41591,2701,20120,1887,38890,4830,2337,2493
26850,41601,2701,20127,1887,38900,4831,2338,2493
26855,41607,2701,20131,1887,38906,4832,2339,2493
26860,41618,2702,20137,1888,38916,4832,2339,2493
26865,41622,2702,20139,1888,38920,4832,2339,2493
26870,41632,2702,20144,1888,38930,4833,2340,2493
26875,41638,2702,20146,1888,38936,4834,2340,2494
26880,41649,2704,20151,1890,38945,4835,2340,2495
26885,41653,2705,20153,1891,38948,4835,2340,2495
26890,41663,2706,20158,1891,38957,4837,2342,2495
26895,41669,2706,20160,1891,38963,4838,2342,2496
26900,41680,2707,20167,1891,38973,4839,2342,2497
26905,41684,2707,20169,1891,38977,4839,2342,2497
26910,41694,2708,20173,1892,38986,4840,2342,2498
26915,41700,2708,20176,1892,38992,4841,2343,2498
26920,41711,2709,20184,1893,39002,4843,2344,2499
26925,41715,2710,20186,1894,39005,4843,2344,2499
26930,41725,2711,20191,1894,39014,4844,2344,2500
26935,41731,2711,20195,1894,39020,4845,2345,2500
26940,41742,2713,20202,1896,39029,4847,2347,2500
26945,41746,2713,20204,1896,39033,4847,2347,2500
26950,41756,2713,20209,1896,39043,4848,2348,2500
26955,41762,2713,20213,1896,39049,4850,2349,2501
26960,41773,2713,20218,1896,39060,4851,2349,2502
26965,41777,2713,20219,1896,39064,4851,2349,2502
26970,41787,2713,20223,1896,39074,4852,2350,2502
26975,41793,2713,20226,1896,39080,4854,2351,2503
26980,41804,2713,20228,1896,39091,4855,2351,2504
26985,41808,2713,20232,1896,39095,4855,2351,2504
26990,41818,2713,20236,1896,39105,4856,2351,2505
26995,41824,2713,20238,1896,39111,4857,2351,2506
27000,41835,2713,20243,1896,39122,4858,2352,2506
27005,41839,2714,20246,1897,39125,4858,2352,2506
27010,41849,2714,20250,1897,39135,4859,2352,2507
27015,41855,2714,20253,1897,39141,4860,2353,2507
27020,41866,2715,20259,1898,39151,4860,2353,2507
27025,41870,2715,20261,1898,39155,4860,2353,2507
27030,41880,2715,20265,1898,39165,4861,2353,2508
27035,41886,2715,20267,1898,39171,4862,2353,2509
27040,41897,2716,20274,1899,39181,4862,2353,2509
27045,41901,2716,20275,1899,39185,4862,2353,2509
27050,41911,2717,20280,1899,39194,4863,2354,2509
27055,41917,2717,20283,1899,39199,4864,2355,2509
27060,41928,2719,20289,1901,39209,4864,2355,2509
27065,41932,2719,20290,1901,39213,4864,2355,2509
27070,41942,2719,20295,1901,39223,4865,2355,2510
27075,41948,2719,20297,1901,39229,4866,2355,2511
27080,41959,2719,20301,1901,39240,4866,2355,2511
27085,41963,2719,20302,1901,39244,4866,2355,2511
27090,41973,2719,20306,1901,39254,4867,2356,2511
27095,41979,2719,20309,1901,39260,4868,2357,2511
27100,41990,2719,20316,1901,39271,4869,2357,2512
27105,41994,2719,20317,1901,39275,4869,2357,2512
27110,42004,2719,20323,1901,39285,4870,2357,2513
27115,42010,2719,20327,1901,39291,4871,2358,2513
27120,42021,2719,20330,1901,39302,4872,2359,2513
27125,42025,2719,20332,1901,39306,4872,2359,2513
27130,42035,2719,20336,1901,39316,4874,2360,2514
27135,42041,2719,20338,1901,39322,4875,2360,2515
27140,42052,2719,20343,1901,39333,4875,2360,2515
27145,42056,2719,20344,1901,39337,4875,2360,2515
27150,42066,2719,20351,1901,39347,4876,2361,2515
27155,42072,2719,20354,1901,39353,4877,2362,2515
27160,42083,2719,20358,1901,39364,4877,2362,2515
27165,42087,2719,20359,1901,39368,4877,2362,2515
27170,42097,2720,20364,1902,39377,4878,2363,2515
27175,42103,2720,20366,1902,39382,4879,2363,2516
27180,42114,2724,20372,1906,39390,4880,2364,2516
27185,42118,2724,20374,1906,39394,4880,2364,2516
27190,42128,2725,20377,1907,39403,4881,2364,2517
27195,42134,2725,20381,1907,39409,4882,2365,2517
27200,42145,2726,20387,1908,39419,4882,2365,2517
27205,42149,2726,20388,1908,39423,4882,2365,2517
27210,42159,2727,20393,1908,39432,4883,2365,2518
27215,42165,2727,20396,1908,39438,4884,2366,2518
27220,42176,2729,20402,1909,39447,4884,2366,2518
27225,42180,2729,20406,1909,39451,4884,2366,2518
27230,42190,2730,20413,1910,39460,4885,2367,2518
27235,42196,2730,20415,1910,39466,4886,2368,2518
27240,42207,2732,20420,1912,39475,4886,2368,2518
27245,42211,2732,20424,1912,39479,4886,2368,2518
27250,42221,2733,20430,1912,39488,4887,2369,2518
27255,42227,2733,20432,1912,39494,4888,2370,2518
27260,42238,2733,20440,1912,39505,4888,2370,2518
27265,42242,2733,20443,1912,39509,4888,2370,2518
27270,42252,2734,20447,1912,39518,4889,2370,2519
27275,42258,2734,20450,1912,39524,4890,2370,2520
27280,42269,2734,20452,1912,39535,4890,2370,2520
27285,42273,2734,20455,1912,39539,4890,2370,2520
27290,42283,2735,20461,1913,39548,4891,2370,2521
27295,42289,2735,20464,1913,39553,4892,2370,2522
27300,42300,2736,20470,1914,39564,4893,2370,2523
27305,42304,2737,20471,1915,39567,4893,2370,2523
27310,42314,2738,20475,1915,39576,4895,2371,2524
27315,42320,2738,20478,1915,39582,4897,2371,2526
27320,42331,2739,20484,1915,39592,4899,2372,2527
27325,42335,2740,20486,1916,39595,4899,2372,2527
27330,42345,2741,20493,1917,39604,4901,2372,2529
27335,42351,2741,20494,1917,39610,4903,2373,2530
27340,42362,2743,20499,1919,39619,4905,2374,2531
27345,42366,2744,20501,1920,39622,4905,2374,2531
27350,42376,2745,20505,1921,39631,4907,2375,2532
27355,42382,2745,20508,1921,39636,4908,2375,2533
27360,42393,2747,20512,1922,39646,4910,2376,2534
27365,42397,2747,20513,1922,39650,4910,2376,2534
27370,42407,2747,20519,1922,39660,4911,2377,2534
27375,42413,2747,20522,1922,39666,4912,2377,2535
27380,42424,2748,20527,1922,39676,4913,2377,2536
27385,42428,2748,20527,1922,39680,4913,2377,2536
27390,42438,2748,20531,1922,39690,4914,2377,2537
27395,42444,2748,20534,1922,39696,4915,2377,2538
27400,42455,2750,20543,1923,39705,4916,2378,2538
27405,42459,2750,20544,1923,39709,4916,2378,2538
27410,42469,2750,20550,1923,39719,4917,2379,2538
27415,42475,2750,20552,1923,39725,4918,2380,2538
27420,42486,2751,20556,1924,39735,4919,2380,2539
27425,42490,2751,20557,1924,39739,4919,2380,2539
27430,42500,2751,20562,1924,39749,4920,2380,2540
27435,42506,2751,20565,1924,39755,4921,2381,2540
27440,42517,2752,20570,1925,39765,4921,2381,2540
27445,42521,2753,20572,1926,39768,4921,2381,2540
27450,42531,2753,20579,1926,39778,4922,2382,2540
27455,42537,2753,20583,1926,39784,4923,2383,2540
27460,42548,2754,20589,1927,39794,4923,2383,2540
27465,42552,2754,20591,1927,39798,4923,2383,2540
27470,42562,2755,20594,1928,39807,4924,2383,2541
27475,42568,2755,20598,1928,39812,4925,2384,2541
27480,42579,2758,20605,1930,39821,4926,2384,2542
27485,42583,2758,20608,1930,39825,4926,2384,2542
27490,42593,2759,20614,1931,39834,4927,2385,2542
27495,42599,2759,20618,1931,39839,4929,2387,2542
27500,42610,2761,20620,1933,39849,4930,2387,2543
27505,42614,2761,20621,1933,39853,4930,2387,2543
27510,42624,2762,20623,1933,39862,4931,2387,2544
27515,42630,2762,20625,1933,39867,4932,2387,2545
27520,42641,2763,20632,1934,39878,4933,2388,2545
27525,42645,2763,20635,1934,39882,4933,2388,2545
27530,42655,2764,20639,1934,39891,4934,2389,2545
27535,42661,2764,20643,1934,39896,4935,2389,2546
27540,42672,2765,20649,1935,39907,4937,2390,2547
27545,42676,2765,20651,1935,39911,4937,2390,2547
27550,42686,2765,20653,1935,39921,4938,2390,2548
27555,42692,2765,20656,1935,39927,4939,2390,2549
27560,42703,2765,20659,1935,39938,4941,2390,2551
27565,42707,2765,20662,1935,39942,4941,2390,2551
27570,42717,2765,20668,1935,39952,4942,2390,2552
27575,42723,2765,20669,1935,39958,4943,2390,2553
27580,42734,2765,20676,1935,39969,4945,2391,2554
27585,42738,2765,20679,1935,39973,4945,2391,2554
27590,42748,2765,20685,1935,39983,4946,2391,2555
27595,42754,2765,20687,1935,39989,4947,2392,2555
27600,42765,2766,20691,1935,39999,4949,2393,2556
27605,42769,2767,20693,1936,40002,4949,2393,2556
27610,42779,2767,20698,1936,40012,4950,2394,2556
27615,42785,2767,20700,1936,40018,4951,2395,2556
27620,42796,2768,20707,1937,40028,4952,2396,2556
27625,42800,2768,20708,1937,40032,4952,2396,2556
27630,42810,2768,20712,1937,40042,4953,2396,2557
27635,42816,2768,20717,1937,40048,4954,2397,2557
27640,42827,2769,20723,1938,40058,4955,2397,2558
27645,42831,2769,20725,1938,40062,4955,2397,2558
27650,42841,2769,20729,1938,40072,4956,2397,2559
27655,42847,2769,20733,1938,40078,4957,2398,2559
27660,42858,2770,20741,1939,40088,4958,2399,2559
27665,42862,2771,20742,1940,40091,4958,2399,2559
27670,42872,2771,20750,1940,40101,4959,2400,2559
27675,42878,2771,20752,1940,40107,4961,2401,2560
27680,42889,2772,20757,1941,40117,4961,2401,2560
27685,42893,2772,20757,1941,40121,4961,2401,2560
27690,42903,2772,20760,1941,40131,4962,2401,2561
27695,42909,2772,20762,1941,40137,4964,2402,2562
27700,42920,2773,20767,1941,40147,4964,2402,2562
27705,42924,2773,20768,1941,40151,4964,2402,2562
27710,42934,2774,20774,1942,40160,4965,2402,2563
27715,42940,2774,20776,1942,40166,4967,2402,2565
27720,42951,2777,20782,1945,40174,4968,2403,2565
27725,42955,2777,20784,1945,40178,4968,2403,2565
27730,42965,2778,20790,1946,40187,4970,2404,2566
27735,42971,2778,20792,1946,40193,4971,2405,2566
27740,42982,2778,20794,1946,40204,4973,2405,2568
27745,42986,2778,20794,1946,40208,4973,2405,2568
27750,42996,2779,20797,1946,40217,4974,2406,2568
27755,43002,2779,20800,1946,40222,4975,2406,2569
27760,43013,2780,20805,1947,40233,4977,2407,2570
27765,43017,2780,20807,1947,40237,4977,2407,2570
27770,43027,2781,20814,1947,40246,4978,2408,2570
27775,43033,2781,20817,1947,40252,4979,2408,2571
27780,43044,2781,20823,1947,40263,4980,2409,2571
27785,43048,2781,20824,1947,40267,4980,2409,2571
27790,43058,2782,20827,1947,40276,4981,2409,2572
27795,43064,2782,20829,1947,40282,4982,2409,2573
27800,43075,2782,20833,1947,40293,4982,2409,2573
27805,43079,2782,20836,1947,40297,4982,2409,2573
27810,43089,2783,20841,1948,40306,4983,2410,2573
27815,43095,2783,20845,1948,40312,4984,2411,2573
27820,43106,2783,20848,1948,40323,4984,2411,2573
27825,43110,2783,20851,1948,40327,4984,2411,2573
27830,43120,2784,20853,1948,40336,4985,2411,2574
27835,43126,2784,20854,1948,40342,4987,2411,2576
27840,43137,2785,20858,1948,40352,4987,2411,2576
27845,43141,2786,20860,1949,40355,4987,2411,2576
27850,43151,2787,20864,1949,40364,4988,2411,2577
27855,43157,2787,20867,1949,40369,4990,2412,2578
27860,43168,2789,20869,1951,40379,4992,2412,2580
27865,43172,2790,20872,1952,40382,4992,2412,2580
27870,43182,2791,20879,1953,40391,4993,2413,2580
27875,43188,2791,20881,1953,40397,4995,2414,2581
27880,43199,2793,20887,1955,40406,4997,2416,2581
27885,43203,2794,20889,1956,40409,4997,2416,2581
27890,43213,2795,20894,1956,40418,4998,2416,2582
27895,43219,2795,20898,1956,40423,4999,2416,2583
27900,43230,2797,20900,1958,40433,5001,2416,2585
27905,43234,2797,20901,1958,40437,5001,2416,2585
27910,43244,2797,20903,1958,40447,5002,2416,2586
27915,43250,2797,20905,1958,40453,5003,2417,2586
27920,43261,2798,20911,1958,40463,5003,2417,2586
27925,43265,2798,20913,1958,40467,5003,2417,2586
27930,43275,2798,20919,1958,40477,5004,2418,2586
27935,43281,2798,20924,1958,40483,5005,2419,2586
27940,43292,2800,20928,1959,40492,5005,2419,2586
27945,43296,2800,20930,1959,40496,5005,2419,2586
27950,43306,2800,20938,1959,40506,5006,2419,2587
27955,43312,2800,20939,1959,40512,5007,2419,2588
27960,43323,2802,20945,1960,40521,5007,2419,2588
27965,43327,2802,20946,1960,40525,5007,2419,2588
27970,43337,2802,20951,1960,40535,5008,2420,2588
27975,43343,2802,20955,1960,40541,5009,2421,2588
27980,43354,2803,20960,1960,40551,5009,2421,2588
27985,43358,2803,20961,1960,40555,5009,2421,2588
27990,43368,2803,20964,1960,40565,5010,2421,2589
27995,43374,2803,20966,1960,40571,5011,2421,2590
28000,43385,2804,20972,1960,40581,5011,2421,2590
28005,43389,2804,20972,1960,40585,5011,2421,2590
28010,43399,2805,20975,1961,40594,5013,2421,2592
28015,43405,2805,20976,1961,40599,5015,2421,2594
28020,43416,2808,20982,1963,40608,5016,2421,2595
28025,43420,2808,20983,1963,40612,5016,2421,2595
28030,43430,2809,20989,1964,40621,5017,2421,2596
28035,43436,2809,20995,1964,40626,5018,2422,2596
28040,43447,2810,21000,1965,40637,5020,2423,2597
28045,43451,2810,21002,1965,40641,5020,2423,2597
28050,43461,2811,21007,1965,40650,5021,2423,2598
28055,43467,2811,21009,1965,40656,5022,2423,2599
28060,43478,2811,21014,1965,40667,5024,2425,2599
28065,43482,2811,21015,1965,40671,5024,2425,2599
28070,43492,2812,21018,1966,40680,5025,2425,2600
28075,43498,2812,21020,1966,40686,5026,2426,2600
28080,43509,2812,21028,1966,40697,5028,2428,2600
28085,43513,2812,21030,1966,40701,5028,2428,2600
28090,43523,2813,21037,1966,40710,5029,2429,2600
28095,43529,2813,21041,1966,40715,5030,2430,2600
28100,43540,2814,21045,1967,40726,5031,2431,2600
28105,43544,2814,21047,1967,40730,5031,2431,2600
28110,43554,2815,21051,1968,40739,5032,2432,2600
28115,43560,2815,21055,1968,40744,5033,2432,2601
28120,43571,2816,21062,1969,40755,5034,2433,2601
28125,43575,2816,21065,1969,40759,5034,2433,2601
28130,43585,2817,21070,1970,40768,5035,2434,2601
28135,43591,2817,21071,1970,40774,5037,2435,2602
28140,43602,2818,21074,1971,40784,5038,2435,2603
28145,43606,2819,21077,1972,40787,5038,2435,2603
28150,43616,2819,21082,1972,40797,5040,2435,2605
28155,43622,2819,21086,1972,40803,5041,2436,2605
28160,43633,2821,21094,1973,40812,5041,2436,2605
28165,43637,2822,21096,1974,40815,5041,2436,2605
28170,43647,2822,21102,1974,40825,5042,2437,2605
28175,43653,2822,21106,1974,40831,5043,2437,2606
28180,43664,2823,21113,1975,40841,5043,2437,2606
28185,43668,2823,21115,1975,40845,5043,2437,2606
28190,43678,2823,21119,1975,40855,5044,2438,2606
28195,43684,2823,21121,1975,40861,5045,2438,2607
28200,43695,2825,21129,1977,40870,5046,2439,2607
28205,43699,2825,21130,1977,40874,5046,2439,2607
28210,43709,2825,21135,1977,40884,5047,2439,2608
28215,43715,2825,21136,1977,40890,5048,2439,2609
28220,43726,2826,21140,1977,40900,5048,2439,2609
28225,43730,2826,21141,1977,40904,5048,2439,2609
28230,43740,2826,21145,1977,40914,5049,2440,2609
28235,43746,2826,21149,1977,40920,5050,2441,2609
28240,43757,2827,21154,1977,40930,5050,2441,2609
28245,43761,2827,21157,1977,40934,5050,2441,2609
28250,43771,2828,21161,1978,40943,5051,2441,2610
28255,43777,2828,21165,1978,40948,5052,2442,2610
28260,43788,2830,21169,1979,40958,5053,2443,2610
28265,43792,2831,21172,1980,40961,5053,2443,2610
28270,43802,2832,21178,1981,40970,5055,2444,2611
28275,43808,2832,21181,1981,40976,5056,2444,2612
28280,43819,2834,21188,1983,40985,5057,2444,2613
28285,43823,2835,21191,1984,40988,5057,2444,2613
28290,43833,2836,21195,1984,40997,5058,2444,2614
28295,43839,2836,21197,1984,41003,5059,2445,2614
28300,43850,2838,21203,1985,41012,5059,2445,2614
28305,43854,2839,21205,1986,41015,5059,2445,2614
28310,43864,2840,21208,1986,41024,5060,2445,2615
28315,43870,2840,21209,1986,41030,5061,2445,2616
28320,43881,2842,21216,1987,41039,5061,2445,2616
28325,43885,2842,21217,1987,41043,5061,2445,2616
28330,43895,2843,21223,1987,41052,5062,2446,2616
28335,43901,2843,21225,1987,41058,5063,2446,2617
28340,43912,2843,21227,1987,41069,5063,2446,2617
28345,43916,2843,21228,1987,41073,5063,2446,2617
28350,43926,2844,21231,1987,41082,5064,2446,2618
28355,43932,2844,21232,1987,41088,5065,2446,2619
28360,43943,2845,21235,1988,41098,5065,2446,2619
28365,43947,2845,21236,1988,41102,5065,2446,2619
28370,43957,2846,21241,1989,41111,5066,2447,2619
28375,43963,2846,21244,1989,41117,5067,2448,2619
28380,43974,2846,21249,1989,41128,5069,2448,2621
28385,43978,2847,21250,1990,41131,5069,2448,2621
28390,43988,2848,21257,1991,41140,5071,2449,2622
28395,43994,2848,21260,1991,41145,5073,2449,2624
28400,44005,2849,21266,1992,41156,5075,2449,2626
28405,44009,2849,21267,1992,41160,5075,2449,2626
28410,44019,2850,21271,1992,41169,5077,2449,2628
28415,44025,2850,21274,1992,41175,5078,2450,2628
28420,44036,2850,21280,1992,41186,5080,2452,2628
28425,44040,2850,21282,1992,41190,5080,2452,2628
28430,44050,2851,21287,1992,41199,5082,2452,2630
28435,44056,2851,21290,1992,41205,5083,2453,2630
28440,44067,2852,21294,1992,41215,5085,2453,2632
28445,44071,2852,21297,1992,41219,5085,2453,2632
28450,44081,2853,21301,1993,41228,5086,2453,2633
28455,44087,2853,21303,1993,41234,5087,2454,2633
28460,44098,2855,21307,1995,41243,5088,2455,2633
28465,44102,2856,21311,1996,41246,5088,2455,2633
28470,44112,2857,21316,1997,41255,5089,2456,2633
28475,44118,2857,21320,1997,41260,5090,2457,2633
28480,44129,2860,21325,1999,41269,5091,2457,2634
28485,44133,2860,21327,1999,41273,5091,2457,2634
28490,44143,2861,21333,2000,41282,5092,2457,2635
28495,44149,2861,21337,2000,41288,5093,2458,2635
28500,44160,2863,21343,2001,41297,5094,2458,2636
28505,44164,2864,21347,2002,41300,5094,2458,2636
28510,44174,2864,21353,2002,41310,5096,2459,2637
28515,44180,2864,21355,2002,41316,5098,2460,2638
28520,44191,2865,21362,2003,41326,5099,2461,2638
28525,44195,2865,21364,2003,41330,5099,2461,2638
28530,44205,2865,21370,2003,41340,5101,2463,2638
28535,44211,2865,21374,2003,41346,5102,2464,2638
28540,44222,2866,21379,2004,41356,5103,2464,2639
28545,44226,2867,21381,2005,41359,5103,2464,2639
28550,44236,2867,21383,2005,41369,5105,2464,2641
28555,44242,2867,21386,2005,41375,5106,2464,2642
28560,44253,2869,21390,2006,41384,5107,2465,2642
28565,44257,2869,21394,2006,41388,5107,2465,2642
28570,44267,2869,21400,2006,41398,5108,2465,2643
28575,44273,2869,21402,2006,41404,5109,2465,2644
28580,44284,2869,21409,2006,41415,5110,2465,2645
28585,44288,2869,21413,2006,41419,5110,2465,2645
28590,44298,2869,21414,2006,41429,5111,2465,2646
28595,44304,2869,21418,2006,41435,5112,2466,2646
28600,44315,2869,21421,2006,41446,5113,2466,2647
28605,44319,2869,21424,2006,41450,5113,2466,2647
28610,44329,2870,21429,2006,41459,5114,2467,2647
28615,44335,2870,21431,2006,41464,5115,2468,2647
28620,44346,2871,21436,2007,41475,5117,2468,2649
28625,44350,2871,21439,2007,41479,5117,2468,2649
28630,44360,2872,21444,2008,41488,5118,2468,2650
28635,44366,2872,21448,2008,41493,5119,2468,2651
28640,44377,2873,21455,2009,41504,5120,2468,2652
28645,44381,2873,21458,2009,41508,5120,2468,2652
28650,44391,2874,21465,2010,41517,5121,2468,2653
28655,44397,2874,21470,2010,41522,5122,2469,2653
28660,44408,2875,21477,2011,41533,5123,2470,2653
28665,44412,2875,21478,2011,41537,5123,2470,2653
28670,44422,2876,21484,2012,41546,5125,2470,2655
28675,44428,2876,21486,2012,41552,5126,2471,2655
28680,44439,2876,21490,2012,41563,5127,2471,2656
28685,44443,2876,21493,2012,41567,5127,2471,2656
28690,44453,2877,21500,2012,41576,5129,2472,2657
28695,44459,2877,21503,2012,41581,5130,2473,2657
28700,44470,2878,21508,2013,41592,5131,2474,2657
28705,44474,2878,21510,2013,41596,5131,2474,2657
28710,44484,2879,21514,2013,41605,5133,2475,2658
28715,44490,2879,21517,2013,41611,5134,2476,2658
28720,44501,2879,21521,2013,41622,5135,2476,2659
28725,44505,2880,21524,2014,41625,5135,2476,2659
28730,44515,2881,21529,2015,41634,5136,2476,2660
28735,44521,2881,21533,2015,41639,5137,2477,2660
28740,44532,2883,21540,2017,41649,5138,2478,2660
28745,44536,2883,21541,2017,41653,5138,2478,2660
28750,44546,2883,21545,2017,41663,5139,2479,2660
28755,44552,2883,21548,2017,41669,5140,2479,2661
28760,44563,2884,21552,2017,41679,5141,2480,2661
28765,44567,2885,21553,2018,41682,5141,2480,2661
28770,44577,2885,21557,2018,41692,5142,2480,2662
28775,44583,2885,21560,2018,41698,5143,2481,2662
28780,44594,2887,21565,2019,41707,5143,2481,2662
28785,44598,2888,21568,2020,41710,5143,2481,2662
28790,44608,2888,21575,2020,41720,5144,2481,2663
28795,44614,2888,21577,2020,41726,5145,2481,2664
28800,44625,2889,21577,2020,41736,5145,2481,2664
28805,44629,2891,21580,2022,41738,5145,2481,2664
28810,44639,2892,21587,2023,41747,5146,2481,2665
28815,44645,2892,21590,2023,41753,5147,2482,2665
28820,44656,2893,21593,2023,41763,5147,2482,2665
28825,44660,2894,21595,2024,41766,5147,2482,2665
28830,44670,2895,21599,2024,41775,5149,2482,2667
28835,44676,2895,21602,2024,41781,5150,2483,2667
28840,44687,2896,21605,2025,41791,5150,2483,2667
28845,44691,2897,21608,2026,41794,5150,2483,2667
28850,44701,2898,21612,2027,41803,5152,2484,2668
28855,44707,2898,21615,2027,41809,5154,2486,2668
28860,44718,2900,21620,2028,41818,5155,2487,2668
28865,44722,2901,21621,2029,41821,5155,2487,2668
28870,44732,2902,21626,2029,41830,5157,2488,2669
28875,44738,2902,21629,2029,41836,5158,2488,2670
28880,44749,2902,21632,2029,41847,5160,2489,2671
28885,44753,2902,21634,2029,41851,5160,2489,2671
28890,44763,2903,21635,2029,41860,5161,2489,2672
28895,44769,2903,21640,2029,41866,5162,2490,2672
28900,44780,2903,21644,2029,41877,5164,2490,2674
28905,44784,2903,21646,2029,41881,5164,2490,2674
28910,44794,2904,21649,2030,41890,5165,2490,2675
28915,44800,2904,21650,2030,41896,5166,2490,2676
28920,44811,2904,21656,2030,41907,5167,2490,2677
28925,44815,2904,21657,2030,41911,5167,2490,2677
28930,44825,2904,21661,2030,41921,5169,2490,2679
28935,44831,2904,21664,2030,41927,5170,2491,2679
28940,44842,2904,21669,2030,41938,5170,2491,2679
28945,44846,2904,21671,2030,41942,5170,2491,2679
28950,44856,2904,21673,2030,41952,5172,2491,2681
28955,44862,2904,21674,2030,41958,5173,2492,2681
28960,44873,2904,21680,2030,41969,5173,2492,2681
28965,44877,2904,21682,2030,41973,5173,2492,2681
28970,44887,2904,21689,2030,41983,5175,2493,2682
28975,44893,2904,21692,2030,41989,5176,2494,2682
28980,44904,2904,21696,2030,42000,5176,2494,2682
28985,44908,2904,21697,2030,42004,5176,2494,2682
28990,44918,2904,21701,2030,42014,5177,2494,2683
28995,44924,2904,21706,2030,42020,5178,2495,2683
29000,44935,2904,21711,2030,42031,5178,2495,2683
29005,44939,2904,21715,2030,42035,5178,2495,2683
29010,44949,2904,21721,2030,42045,5179,2496,2683
29015,44955,2904,21726,2030,42051,5180,2497,2683
29020,44966,2904,21730,2030,42062,5181,2498,2683
29025,44970,2904,21733,2030,42066,5181,2498,2683
29030,44980,2905,21740,2031,42075,5182,2499,2683
29035,44986,2905,21742,2031,42080,5183,2499,2684
29040,44997,2909,21750,2034,42088,5185,2500,2685
29045,45001,2910,21751,2035,42091,5185,2500,2685
29050,45011,2911,21759,2036,42100,5186,2501,2685
29055,45017,2911,21763,2036,42105,5187,2501,2686
29060,45028,2913,21766,2037,42115,5189,2503,2686
29065,45032,2913,21767,2037,42119,5189,2503,2686
29070,45042,2914,21771,2037,42128,5190,2503,2687
29075,45048,2914,21774,2037,42133,5191,2503,2688
29080,45059,2916,21777,2038,42143,5193,2504,2689
29085,45063,2916,21778,2038,42147,5193,2504,2689
29090,45073,2917,21781,2038,42156,5194,2504,2690
29095,45079,2917,21783,2038,42162,5196,2505,2691
29100,45090,2918,21789,2039,42172,5198,2506,2692
29105,45094,2918,21791,2039,42176,5198,2506,2692
29110,45104,2919,21796,2039,42185,5200,2508,2692
29115,45110,2919,21799,2039,42191,5202,2509,2693
29120,45121,2921,21804,2041,42200,5204,2509,2695
29125,45125,2922,21806,2042,42203,5204,2509,2695
29130,45135,2923,21811,2042,42212,5206,2509,2697
29135,45141,2923,21812,2042,42218,5208,2510,2698
29140,45152,2925,21817,2043,42227,5210,2511,2699
29145,45156,2925,21817,2043,42231,5210,2511,2699
29150,45166,2926,21822,2044,42240,5212,2513,2699
29155,45172,2926,21825,2044,42245,5213,2514,2699
29160,45183,2929,21832,2047,42254,5215,2516,2699
29165,45187,2929,21835,2047,42258,5215,2516,2699
29170,45197,2929,21837,2047,42268,5216,2517,2699
29175,45203,2929,21839,2047,42274,5217,2517,2700
29180,45214,2931,21846,2048,42283,5218,2517,2701
29185,45218,2932,21849,2049,42286,5218,2517,2701
29190,45228,2932,21854,2049,42296,5219,2517,2702
29195,45234,2932,21857,2049,42302,5220,2518,2702
29200,45245,2934,21864,2051,42311,5221,2518,2703
29205,45249,2934,21865,2051,42315,5221,2518,2703
29210,45259,2934,21868,2051,42325,5222,2518,2704
29215,45265,2934,21870,2051,42331,5223,2518,2705
29220,45276,2935,21877,2051,42341,5223,2518,2705
29225,45280,2935,21880,2051,42345,5223,2518,2705
29230,45290,2935,21883,2051,42355,5224,2518,2706
29235,45296,2935,21884,2051,42361,5226,2518,2708
29240,45307,2935,21889,2051,42372,5227,2519,2708
29245,45311,2935,21890,2051,42376,5227,2519,2708
29250,45321,2935,21893,2051,42386,5228,2519,2709
29255,45327,2935,21896,2051,42392,5229,2519,2710
29260,45338,2935,21903,2051,42403,5230,2520,2710
29265,45342,2935,21905,2051,42407,5230,2520,2710
29270,45352,2936,21914,2052,42416,5231,2520,2711
29275,45358,2936,21918,2052,42421,5232,2521,2711
29280,45369,2937,21921,2053,42432,5233,2521,2712
29285,45373,2938,21923,2054,42435,5233,2521,2712
29290,45383,2939,21929,2055,42444,5234,2521,2713
29295,45389,2939,21931,2055,42450,5235,2522,2713
29300,45400,2940,21937,2056,42460,5235,2522,2713
29305,45404,2941,21939,2057,42463,5235,2522,2713
29310,45414,2942,21946,2058,42472,5236,2523,2713
29315,45420,2942,21948,2058,42477,5237,2523,2714
29320,45431,2944,21955,2060,42487,5238,2524,2714
29325,45435,2944,21958,2060,42491,5238,2524,2714
29330,45445,2945,21961,2061,42500,5239,2525,2714
29335,45451,2945,21963,2061,42505,5240,2525,2715
29340,45462,2948,21967,2063,42514,5241,2526,2715
29345,45466,2948,21969,2063,42518,5241,2526,2715
29350,45476,2949,21972,2063,42527,5242,2526,2716
29355,45482,2949,21974,2063,42533,5243,2527,2716
29360,45493,2949,21980,2063,42544,5245,2528,2717
29365,45497,2950,21982,2064,42547,5245,2528,2717
29370,45507,2951,21988,2065,42556,5246,2529,2717
29375,45513,2951,21990,2065,42562,5247,2529,2718
29380,45524,2951,21996,2065,42573,5249,2530,2719
29385,45528,2952,21997,2066,42576,5249,2530,2719
29390,45538,2953,22001,2066,42585,5250,2530,2720
29395,45544,2953,22006,2066,42591,5251,2531,2720
29400,45555,2953,22011,2066,42602,5253,2532,2721
29405,45559,2954,22014,2067,42605,5253,2532,2721
29410,45569,2954,22019,2067,42615,5254,2533,2721
29415,45575,2954,22023,2067,42621,5256,2535,2721
29420,45586,2956,22030,2068,42630,5257,2536,2721
29425,45590,2956,22032,2068,42634,5257,2536,2721
29430,45600,2956,22038,2068,42644,5258,2537,2721
29435,45606,2956,22042,2068,42650,5260,2539,2721
29440,45617,2957,22048,2069,42660,5260,2539,2721
29445,45621,2958,22051,2070,42663,5260,2539,2721
29450,45631,2958,22056,2070,42673,5262,2539,2723
29455,45637,2958,22060,2070,42679,5264,2540,2724
29460,45648,2960,22065,2071,42688,5264,2540,2724
29465,45652,2960,22065,2071,42692,5264,2540,2724
29470,45662,2960,22069,2071,42702,5265,2540,2725
29475,45668,2960,22073,2071,42708,5266,2541,2725
29480,45679,2960,22076,2071,42719,5266,2541,2725
29485,45683,2960,22077,2071,42723,5266,2541,2725
29490,45693,2960,22081,2071,42733,5267,2541,2726
29495,45699,2960,22084,2071,42739,5268,2541,2727
29500,45710,2960,22088,2071,42750,5268,2541,2727
29505,45714,2960,22092,2071,42754,5268,2541,2727
29510,45724,2961,22096,2071,42763,5269,2541,2728
29515,45730,2961,22100,2071,42768,5270,2542,2728
29520,45741,2962,22103,2072,42779,5271,2542,2729
29525,45745,2962,22106,2072,42783,5271,2542,2729
29530,45755,2963,22108,2072,42792,5273,2542,2731
29535,45761,2963,22110,2072,42798,5274,2543,2731
29540,45772,2963,22117,2072,42809,5275,2544,2731
29545,45776,2963,22121,2072,42813,5275,2544,2731
29550,45786,2964,22126,2072,42822,5277,2546,2731
29555,45792,2964,22130,2072,42827,5278,2546,2732
29560,45803,2965,22135,2073,42838,5279,2546,2733
29565,45807,2965,22138,2073,42842,5279,2546,2733
29570,45817,2966,22142,2073,42851,5281,2547,2734
29575,45823,2966,22146,2073,42857,5283,2549,2734
29580,45834,2967,22149,2073,42867,5284,2550,2734
29585,45838,2967,22153,2073,42871,5284,2550,2734
29590,45848,2968,22159,2074,42880,5286,2551,2735
29595,45854,2968,22162,2074,42885,5288,2552,2736
29600,45865,2971,22169,2077,42894,5289,2552,2737
29605,45869,2971,22171,2077,42898,5289,2552,2737
29610,45879,2972,22178,2078,42907,5290,2552,2738
29615,45885,2972,22181,2078,42913,5291,2553,2738
29620,45896,2974,22188,2079,42922,5292,2554,2738
29625,45900,2974,22190,2079,42926,5292,2554,2738
29630,45910,2975,22197,2080,42935,5293,2555,2738
29635,45916,2975,22199,2080,42941,5294,2556,2738
29640,45927,2978,22206,2083,42949,5296,2556,2740
29645,45931,2979,22208,2084,42952,5296,2556,2740
29650,45941,2979,22212,2084,42962,5297,2556,2741
29655,45947,2979,22217,2084,42968,5298,2557,2741
29660,45958,2980,22225,2085,42978,5298,2557,2741
29665,45962,2980,22225,2085,42982,5298,2557,2741
29670,45972,2980,22229,2085,42992,5299,2558,2741
29675,45978,2980,22232,2085,42998,5300,2558,2742
29680,45989,2981,22236,2085,43008,5300,2558,2742
29685,45993,2981,22239,2085,43012,5300,2558,2742
29690,46003,2981,22245,2085,43022,5301,2559,2742
29695,46009,2981,22246,2085,43028,5302,2559,2743
29700,46020,2982,22251,2086,43038,5302,2559,2743
29705,46024,2982,22254,2086,43042,5302,2559,2743
29710,46034,2982,22260,2086,43052,5304,2561,2743
29715,46040,2982,22261,2086,43058,5305,2561,2744
29720,46051,2983,22266,2086,43068,5305,2561,2744
29725,46055,2984,22267,2087,43071,5305,2561,2744
29730,46065,2984,22271,2087,43081,5307,2561,2746
29735,46071,2984,22274,2087,43087,5309,2562,2747
29740,46082,2985,22276,2087,43097,5309,2562,2747
29745,46086,2985,22278,2087,43101,5309,2562,2747
29750,46096,2986,22283,2088,43110,5311,2562,2749
29755,46102,2986,22286,2088,43116,5312,2562,2750
29760,46113,2988,22294,2090,43125,5314,2563,2751
29765,46117,2988,22297,2090,43129,5314,2563,2751
29770,46127,2988,22299,2090,43139,5315,2563,2752
29775,46133,2988,22304,2090,43145,5316,2564,2752
29780,46144,2988,22308,2090,43156,5317,2565,2752
29785,46148,2988,22310,2090,43160,5317,2565,2752
29790,46158,2988,22315,2090,43170,5318,2566,2752
29795,46164,2988,22318,2090,43176,5319,2567,2752
29800,46175,2988,22321,2090,43187,5319,2567,2752
29805,46179,2988,22324,2090,43191,5319,2567,2752
29810,46189,2988,22330,2090,43201,5320,2568,2752
29815,46195,2988,22335,2090,43207,5321,2569,2752
29820,46206,2988,22343,2090,43218,5321,2569,2752
29825,46210,2988,22344,2090,43222,5321,2569,2752
29830,46220,2989,22349,2091,43231,5323,2570,2753
29835,46226,2989,22350,2091,43237,5324,2570,2754
29840,46237,2989,22357,2091,43248,5324,2570,2754
29845,46241,2990,22361,2092,43251,5324,2570,2754
29850,46251,2991,22366,2093,43260,5325,2571,2754
29855,46257,2991,22369,2093,43266,5326,2571,2755
29860,46268,2991,22374,2093,43277,5326,2571,2755
29865,46272,2991,22376,2093,43281,5326,2571,2755
29870,46282,2992,22381,2093,43290,5327,2572,2755
29875,46288,2992,22384,2093,43296,5329,2574,2755
29880,46299,2993,22391,2094,43306,5329,2574,2755
29885,46303,2993,22393,2094,43310,5329,2574,2755
29890,46313,2994,22398,2095,43319,5331,2575,2756
29895,46319,2994,22401,2095,43325,5332,2576,2756
29900,46330,2996,22408,2096,43334,5333,2577,2756
29905,46334,2996,22410,2096,43338,5333,2577,2756
29910,46344,2997,22417,2096,43347,5334,2578,2756
29915,46350,2997,22418,2096,43353,5335,2578,2757
29920,46361,2998,22424,2097,43363,5336,2578,2758
29925,46365,2999,22426,2098,43366,5336,2578,2758
29930,46375,3000,22430,2098,43375,5337,2578,2759
29935,46381,3000,22433,2098,43381,5338,2578,2760
29940,46392,3002,22437,2100,43390,5340,2579,2761
29945,46396,3002,22440,2100,43394,5340,2579,2761
29950,46406,3003,22444,2100,43403,5341,2579,2762
29955,46412,3003,22446,2100,43409,5342,2580,2762
29960,46423,3004,22451,2100,43419,5343,2581,2762
29965,46427,3004,22453,2100,43423,5343,2581,2762
29970,46437,3005,22460,2101,43432,5344,2582,2762
29975,46443,3005,22463,2101,43437,5345,2582,2763
29980,46454,3007,22472,2103,43447,5346,2583,2763
29985,46458,3007,22472,2103,43451,5346,2583,2763
29990,46468,3008,22476,2104,43460,5347,2583,2764
29995,46474,3008,22478,2104,43466,5348,2583,2765
30000,46485,3009,22480,2105,43476,5349,2583,2766
30005,46489,3009,22483,2105,43480,5349,2583,2766
30010,46499,3010,22489,2106,43489,5350,2584,2766
30015,46505,3010,22490,2106,43494,5351,2584,2767
30020,46516,3012,22496,2108,43504,5352,2584,2768
30025,46520,3012,22498,2108,43508,5352,2584,2768
30030,46530,3013,22503,2109,43517,5353,2584,2769
30035,46536,3013,22505,2109,43522,5354,2584,2770
30040,46547,3015,22509,2110,43532,5355,2585,2770
30045,46551,3015,22510,2110,43536,5355,2585,2770
30050,46561,3016,22517,2110,43545,5356,2586,2770
30055,46567,3016,22519,2110,43550,5357,2586,2771
30060,46578,3018,22524,2112,43560,5359,2588,2771
30065,46582,3018,22526,2112,43564,5359,2588,2771
30070,46592,3018,22533,2112,43574,5360,2588,2772
30075,46598,3018,22536,2112,43580,5361,2588,2773
30080,46609,3018,22540,2112,43591,5363,2589,2774
30085,46613,3018,22543,2112,43595,5363,2589,2774
30090,46623,3018,22545,2112,43605,5364,2589,2775
30095,46629,3018,22549,2112,43611,5365,2590,2775
30100,46640,3018,22553,2112,43622,5366,2590,2776
30105,46644,3018,22555,2112,43626,5366,2590,2776
30110,46654,3018,22561,2112,43636,5367,2590,2777
30115,46660,3018,22563,2112,43642,5368,2590,2778
30120,46671,3018,22571,2112,43653,5368,2590,2778
30125,46675,3018,22572,2112,43657,5368,2590,2778
30130,46685,3018,22577,2112,43667,5369,2591,2778
30135,46691,3018,22580,2112,43673,5370,2591,2779
30140,46702,3018,22587,2112,43684,5370,2591,2779
30145,46706,3018,22588,2112,43688,5370,2591,2779
30150,46716,3018,22595,2112,43698,5371,2592,2779
30155,46722,3018,22597,2112,43704,5372,2592,2780
30160,46733,3018,22602,2112,43715,5372,2592,2780
30165,46737,3018,22605,2112,43719,5372,2592,2780
30170,46747,3019,22610,2112,43728,5373,2593,2780
30175,46753,3019,22612,2112,43734,5374,2593,2781
30180,46764,3021,22617,2113,43743,5374,2593,2781
30185,46768,3021,22619,2113,43747,5374,2593,2781
30190,46778,3022,22628,2114,43756,5376,2595,2781
30195,46784,3022,22630,2114,43762,5377,2596,2781
30200,46795,3024,22636,2115,43771,5378,2596,2782
30205,46799,3024,22637,2115,43775,5378,2596,2782
30210,46809,3025,22640,2115,43784,5380,2597,2783
30215,46815,3025,22641,2115,43790,5381,2597,2784
30220,46826,3026,22644,2115,43800,5383,2597,2786
30225,46830,3026,22646,2115,43804,5383,2597,2786
30230,46840,3027,22651,2115,43813,5384,2598,2786
30235,46846,3027,22652,2115,43819,5385,2598,2787
30240,46857,3028,22659,2116,43829,5387,2599,2788
30245,46861,3028,22662,2116,43833,5387,2599,2788
30250,46871,3029,22666,2117,43842,5388,2599,2789
30255,46877,3029,22668,2117,43847,5389,2599,2790
30260,46888,3031,22673,2118,43857,5391,2600,2791
30265,46892,3031,22675,2118,43861,5391,2600,2791
30270,46902,3032,22680,2119,43870,5392,2601,2791
30275,46908,3032,22684,2119,43875,5393,2601,2792
30280,46919,3034,22688,2121,43885,5395,2602,2793
30285,46923,3035,22691,2122,43888,5395,2602,2793
30290,46933,3036,22697,2122,43897,5396,2602,2794
30295,46939,3036,22702,2122,43903,5398,2604,2794
30300,46950,3037,22706,2123,43913,5400,2605,2795
30305,46954,3038,22710,2124,43916,5400,2605,2795
30310,46964,3039,22715,2124,43925,5401,2606,2795
30315,46970,3039,22720,2124,43930,5403,2607,2796
30320,46981,3041,22725,2125,43940,5405,2608,2797
30325,46985,3042,22728,2126,43943,5405,2608,2797
30330,46995,3043,22732,2126,43952,5407,2609,2798
30335,47001,3043,22736,2126,43957,5408,2610,2798
30340,47012,3046,22742,2129,43966,5410,2611,2799
30345,47016,3046,22742,2129,43970,5410,2611,2799
30350,47026,3047,22747,2129,43979,5411,2612,2799
30355,47032,3047,22748,2129,43985,5412,2612,2800
30360,47043,3048,22751,2130,43995,5414,2612,2802
30365,47047,3048,22752,2130,43999,5414,2612,2802
30370,47057,3048,22758,2130,44009,5415,2613,2802
30375,47063,3048,22762,2130,44015,5416,2613,2803
30380,47074,3048,22767,2130,44026,5417,2614,2803
30385,47078,3048,22769,2130,44030,5417,2614,2803
30390,47088,3048,22773,2130,44040,5418,2614,2804
30395,47094,3048,22777,2130,44046,5419,2615,2804
30400,47105,3048,22781,2130,44057,5419,2615,2804
30405,47109,3048,22784,2130,44061,5419,2615,2804
30410,47119,3048,22790,2130,44071,5420,2616,2804
30415,47125,3048,22792,2130,44077,5421,2616,2805
30420,47136,3048,22797,2130,44088,5421,2616,2805
30425,47140,3048,22797,2130,44092,5421,2616,2805
30430,47150,3048,22802,2130,44102,5422,2616,2806
30435,47156,3048,22805,2130,44108,5424,2616,2808
30440,47167,3048,22807,2130,44119,5425,2617,2808
30445,47171,3048,22809,2130,44123,5425,2617,2808
30450,47181,3048,22812,2130,44133,5426,2617,2809
30455,47187,3048,22814,2130,44139,5428,2618,2810
30460,47198,3048,22820,2130,44150,5429,2618,2811
30465,47202,3048,22821,2130,44154,5429,2618,2811
30470,47212,3049,22828,2131,44163,5430,2618,2812
30475,47218,3049,22834,2131,44168,5432,2620,2812
30480,47229,3052,22839,2133,44177,5433,2621,2812
30485,47233,3053,22841,2134,44180,5433,2621,2812
30490,47243,3053,22849,2134,44190,5434,2622,2812
30495,47249,3053,22850,2134,44196,5435,2622,2813
30500,47260,3055,22855,2135,44205,5436,2622,2814
30505,47264,3055,22855,2135,44209,5436,2622,2814
30510,47274,3055,22859,2135,44219,5437,2622,2815
30515,47280,3055,22860,2135,44225,5438,2622,2816
30520,47291,3056,22866,2135,44235,5438,2622,2816
30525,47295,3056,22867,2135,44239,5438,2622,2816
30530,47305,3056,22872,2135,44249,5439,2623,2816
30535,47311,3056,22874,2135,44255,5440,2623,2817
30540,47322,3057,22879,2135,44265,5440,2623,2817
30545,47326,3057,22881,2135,44269,5440,2623,2817
30550,47336,3057,22886,2135,44279,5441,2624,2817
30555,47342,3057,22889,2135,44285,5442,2625,2817
30560,47353,3058,22894,2135,44295,5442,2625,2817
30565,47357,3058,22896,2135,44299,5442,2625,2817
30570,47367,3058,22901,2135,44309,5443,2626,2817
30575,47373,3058,22902,2135,44315,5444,2626,2818
30580,47384,3059,22907,2136,44325,5444,2626,2818
30585,47388,3059,22909,2136,44329,5444,2626,2818
30590,47398,3060,22915,2137,44338,5445,2626,2819
30595,47404,3060,22916,2137,44344,5447,2626,2821
30600,47415,3061,22920,2137,44354,5448,2627,2821
30605,47419,3061,22921,2137,44358,5448,2627,2821
30610,47429,3062,22925,2138,44367,5450,2627,2823
30615,47435,3062,22925,2138,44373,5451,2627,2824
30620,47446,3063,22929,2138,44383,5453,2629,2824
30625,47450,3063,22930,2138,44387,5453,2629,2824
30630,47460,3064,22934,2138,44396,5454,2629,2825
30635,47466,3064,22938,2138,44401,5455,2630,2825
30640,47477,3067,22942,2141,44410,5457,2630,2827
30645,47481,3067,22944,2141,44414,5457,2630,2827
30650,47491,3068,22949,2141,44423,5458,2631,2827
30655,47497,3068,22954,2141,44428,5459,2632,2827
30660,47508,3070,22959,2143,44438,5461,2633,2828
30665,47512,3070,22960,2143,44442,5461,2633,2828
30670,47522,3071,22961,2143,44451,5462,2633,2829
30675,47528,3071,22962,2143,44457,5463,2633,2830
30680,47539,3072,22965,2144,44467,5465,2634,2831
30685,47543,3072,22968,2144,44471,5465,2634,2831
30690,47553,3073,22970,2144,44480,5466,2634,2832
30695,47559,3073,22973,2144,44486,5467,2635,2832
30700,47570,3073,22976,2144,44497,5469,2636,2833
30705,47574,3073,22978,2144,44501,5469,2636,2833
30710,47584,3074,22985,2145,44510,5470,2637,2833
30715,47590,3074,22987,2145,44515,5472,2637,2835
30720,47601,3075,22994,2146,44526,5474,2639,2835
30725,47605,3075,22997,2146,44530,5474,2639,2835
30730,47615,3076,23003,2146,44539,5476,2641,2835
30735,47621,3076,23005,2146,44545,5478,2643,2835
30740,47632,3076,23011,2146,44556,5479,2644,2835
30745,47636,3076,23014,2146,44560,5479,2644,2835
30750,47646,3077,23019,2146,44569,5481,2645,2836
30755,47652,3077,23021,2146,44574,5482,2645,2837
30760,47663,3078,23026,2147,44585,5483,2645,2838
30765,47667,3078,23028,2147,44589,5483,2645,2838
30770,47677,3079,23034,2147,44598,5485,2646,2839
30775,47683,3079,23038,2147,44604,5486,2647,2839
30780,47694,3080,23044,2148,44614,5487,2648,2839
30785,47698,3080,23046,2148,44618,5487,2648,2839
30790,47708,3080,23052,2148,44628,5488,2648,2840
30795,47714,3080,23057,2148,44634,5489,2648,2841
30800,47725,3082,23062,2149,44643,5489,2648,2841
30805,47729,3082,23066,2149,44647,5489,2648,2841
30810,47739,3082,23071,2149,44657,5490,2649,2841
30815,47745,3082,23075,2149,44663,5491,2649,2842
30820,47756,3083,23081,2150,44673,5491,2649,2842
30825,47760,3083,23083,2150,44677,5491,2649,2842
30830,47770,3083,23088,2150,44687,5492,2649,2843
30835,47776,3083,23091,2150,44693,5493,2650,2843
30840,47787,3084,23096,2151,44703,5493,2650,2843
30845,47791,3085,23098,2152,44706,5493,2650,2843
30850,47801,3086,23104,2153,44715,5494,2650,2844
30855,47807,3086,23107,2153,44721,5496,2652,2844
30860,47818,3087,23112,2154,44731,5497,2652,2845
30865,47822,3088,23114,2155,44734,5497,2652,2845
30870,47832,3089,23121,2156,44743,5498,2652,2846
30875,47838,3089,23124,2156,44749,5500,2653,2847
30880,47849,3091,23130,2158,44758,5501,2653,2848
30885,47853,3092,23131,2159,44761,5501,2653,2848
30890,47863,3093,23136,2159,44770,5503,2653,2850
30895,47869,3093,23139,2159,44776,5504,2654,2850
30900,47880,3095,23143,2160,44785,5506,2655,2851
30905,47884,3095,23143,2160,44789,5506,2655,2851
30910,47894,3095,23146,2160,44799,5508,2656,2852
30915,47900,3095,23148,2160,44805,5509,2656,2853
30920,47911,3096,23149,2160,44815,5511,2656,2855
30925,47915,3096,23151,2160,44819,5511,2656,2855
30930,47925,3096,23156,2160,44829,5513,2657,2856
30935,47931,3096,23158,2160,44835,5514,2658,2856
30940,47942,3098,23166,2162,44844,5516,2660,2856
30945,47946,3098,23168,2162,44848,5516,2660,2856
30950,47956,3098,23174,2162,44858,5518,2662,2856
30955,47962,3098,23177,2162,44864,5519,2662,2857
30960,47973,3100,23180,2163,44873,5521,2663,2858
30965,47977,3101,23182,2164,44876,5521,2663,2858
30970,47987,3101,23188,2164,44886,5522,2664,2858
30975,47993,3101,23191,2164,44892,5524,2665,2859
30980,48004,3102,23195,2165,44902,5526,2665,2861
30985,48008,3103,23197,2166,44905,5526,2665,2861
30990,48018,3103,23202,2166,44915,5527,2665,2862
30995,48024,3103,23206,2166,44921,5529,2667,2862
31000,48035,3104,23209,2166,44931,5531,2667,2864
31005,48039,3105,23213,2167,44934,5531,2667,2864
31010,48049,3106,23219,2168,44943,5532,2668,2864
31015,48055,3106,23221,2168,44948,5534,2669,2865
31020,48066,3108,23226,2170,44958,5536,2669,2867
31025,48070,3108,23229,2170,44962,5536,2669,2867
31030,48080,3108,23234,2170,44972,5538,2670,2868
31035,48086,3108,23235,2170,44978,5539,2670,2869
31040,48097,3108,23241,2170,44989,5539,2670,2869
31045,48101,3108,23243,2170,44993,5539,2670,2869
31050,48111,3108,23248,2170,45003,5540,2671,2869
31055,48117,3108,23251,2170,45009,5541,2672,2869
31060,48128,3108,23256,2170,45020,5541,2672,2869
31065,48132,3108,23259,2170,45024,5541,2672,2869
31070,48142,3108,23265,2170,45034,5542,2672,2870
31075,48148,3108,23270,2170,45040,5543,2673,2870
31080,48159,3108,23277,2170,45051,5543,2673,2870
31085,48163,3108,23278,2170,45055,5543,2673,2870
31090,48173,3108,23286,2170,45065,5544,2673,2871
31095,48179,3108,23288,2170,45071,5546,2673,2873
31100,48190,3108,23291,2170,45082,5547,2673,2874
31105,48194,3108,23294,2170,45086,5547,2673,2874
31110,48204,3108,23296,2170,45096,5548,2673,2875
31115,48210,3108,23297,2170,45102,5549,2673,2876
31120,48221,3108,23302,2170,45113,5550,2673,2877
31125,48225,3108,23303,2170,45117,5550,2673,2877
31130,48235,3109,23307,2170,45126,5551,2673,2878
31135,48241,3109,23312,2170,45131,5552,2673,2879
31140,48252,3111,23317,2172,45141,5554,2673,2881
31145,48256,3111,23319,2172,45145,5554,2673,2881
31150,48266,3111,23323,2172,45155,5555,2673,2882
31155,48272,3111,23329,2172,45161,5557,2675,2882
31160,48283,3114,23333,2174,45169,5557,2675,2882
31165,48287,3114,23336,2174,45173,5557,2675,2882
31170,48297,3114,23339,2174,45183,5558,2676,2882
31175,48303,3114,23342,2174,45189,5560,2677,2883
31180,48314,3116,23348,2175,45198,5560,2677,2883
31185,48318,3116,23350,2175,45202,5560,2677,2883
31190,48328,3116,23354,2175,45212,5561,2678,2883
31195,48334,3116,23357,2175,45218,5563,2679,2884
31200,48345,3118,23364,2176,45227,5563,2679,2884
31205,48349,3118,23366,2176,45231,5563,2679,2884
31210,48359,3118,23372,2176,45241,5564,2680,2884
31215,48365,3118,23373,2176,45247,5565,2680,2885
31220,48376,3119,23376,2177,45257,5565,2680,2885
31225,48380,3119,23377,2177,45261,5565,2680,2885
31230,48390,3119,23382,2177,45271,5566,2680,2886
31235,48396,3119,23384,2177,45277,5567,2680,2887
31240,48407,3120,23389,2178,45287,5567,2680,2887
31245,48411,3120,23389,2178,45291,5567,2680,2887
31250,48421,3121,23396,2178,45300,5569,2682,2887
31255,48427,3121,23399,2178,45305,5570,2682,2888
31260,48438,3123,23404,2179,45315,5571,2683,2888
31265,48442,3124,23405,2180,45318,5571,2683,2888
31270,48452,3125,23411,2181,45327,5572,2683,2889
31275,48458,3125,23415,2181,45332,5573,2683,2890
31280,48469,3127,23420,2182,45342,5574,2684,2890
31285,48473,3128,23422,2183,45345,5574,2684,2890
31290,48483,3129,23427,2183,45354,5575,2685,2890
31295,48489,3129,23430,2183,45360,5576,2686,2890
31300,48500,3130,23436,2184,45370,5577,2686,2891
31305,48504,3131,23438,2185,45373,5577,2686,2891
31310,48514,3132,23442,2186,45382,5578,2686,2892
31315,48520,3132,23445,2186,45388,5579,2687,2892
31320,48531,3133,23451,2187,45398,5580,2688,2892
31325,48535,3133,23454,2187,45402,5580,2688,2892
31330,48545,3133,23459,2187,45412,5581,2689,2892
31335,48551,3133,23461,2187,45418,5582,2690,2892
31340,48562,3133,23467,2187,45429,5583,2690,2893
31345,48566,3133,23470,2187,45433,5583,2690,2893
31350,48576,3133,23472,2187,45443,5584,2690,2894
31355,48582,3133,23473,2187,45449,5585,2690,2895
31360,48593,3133,23477,2187,45460,5585,2690,2895
31365,48597,3133,23479,2187,45464,5585,2690,2895
31370,48607,3133,23482,2187,45474,5587,2690,2897
31375,48613,3133,23486,2187,45480,5588,2691,2897
31380,48624,3133,23493,2187,45491,5589,2691,2898
31385,48628,3133,23495,2187,45495,5589,2691,2898
31390,48638,3133,23501,2187,45505,5591,2692,2899
31395,48644,3133,23504,2187,45511,5592,2692,2900
31400,48655,3133,23509,2187,45522,5593,2693,2900
31405,48659,3133,23512,2187,45526,5593,2693,2900
31410,48669,3133,23515,2187,45536,5594,2694,2900
31415,48675,3133,23519,2187,45542,5595,2695,2900
31420,48686,3133,23527,2187,45553,5596,2696,2900
31425,48690,3133,23528,2187,45557,5596,2696,2900
31430,48700,3134,23533,2188,45566,5597,2697,2900
31435,48706,3134,23536,2188,45572,5598,2698,2900
31440,48717,3135,23541,2188,45582,5599,2699,2900
31445,48721,3136,23542,2189,45585,5599,2699,2900
31450,48731,3137,23549,2190,45594,5600,2700,2900
31455,48737,3137,23553,2190,45600,5601,2701,2900
31460,48748,3138,23560,2191,45610,5602,2701,2901
31465,48752,3138,23562,2191,45614,5602,2701,2901
31470,48762,3139,23566,2191,45623,5603,2702,2901
31475,48768,3139,23569,2191,45629,5604,2702,2902
31480,48779,3140,23574,2192,45639,5605,2703,2902
31485,48783,3141,23577,2193,45642,5605,2703,2902
31490,48793,3142,23579,2193,45651,5606,2703,2903
31495,48799,3142,23580,2193,45657,5608,2703,2905
31500,48810,3143,23584,2193,45667,5609,2704,2905
31505,48814,3145,23587,2195,45669,5609,2704,2905
31510,48824,3146,23593,2196,45678,5611,2705,2906
31515,48830,3146,23597,2196,45684,5613,2706,2907
31520,48841,3147,23602,2197,45694,5614,2706,2908
31525,48845,3148,23604,2198,45697,5614,2706,2908
31530,48855,3149,23607,2198,45706,5616,2707,2909
31535,48861,3149,23608,2198,45712,5617,2707,2910
31540,48872,3150,23610,2198,45722,5618,2707,2911
31545,48876,3151,23611,2199,45725,5618,2707,2911
31550,48886,3152,23617,2200,45734,5619,2708,2911
31555,48892,3152,23619,2200,45739,5620,2708,2912
31560,48903,3155,23623,2202,45748,5621,2709,2912
31565,48907,3155,23623,2202,45752,5621,2709,2912
31570,48917,3155,23627,2202,45762,5622,2709,2913
31575,48923,3155,23629,2202,45768,5623,2710,2913
31580,48934,3155,23638,2202,45779,5624,2710,2914
31585,48938,3155,23641,2202,45783,5624,2710,2914
31590,48948,3155,23642,2202,45793,5625,2710,2915
31595,48954,3155,23646,2202,45799,5626,2710,2916
31600,48965,3155,23651,2202,45810,5627,2710,2917
31605,48969,3155,23653,2202,45814,5627,2710,2917
31610,48979,3155,23656,2202,45824,5628,2710,2918
31615,48985,3155,23657,2202,45830,5629,2710,2919
31620,48996,3155,23661,2202,45841,5630,2710,2920
31625,49000,3155,23662,2202,45845,5630,2710,2920
31630,49010,3155,23671,2202,45855,5632,2712,2920
31635,49016,3155,23676,2202,45861,5634,2714,2920
31640,49027,3155,23681,2202,45872,5634,2714,2920
31645,49031,3155,23683,2202,45876,5634,2714,2920
31650,49041,3155,23687,2202,45886,5636,2716,2920
31655,49047,3155,23692,2202,45892,5637,2717,2920
31660,49058,3155,23700,2202,45903,5637,2717,2920
31665,49062,3155,23702,2202,45907,5637,2717,2920
31670,49072,3156,23706,2203,45916,5638,2717,2921
31675,49078,3156,23708,2203,45921,5639,2717,2922
31680,49089,3159,23715,2206,45930,5640,2717,2923
31685,49093,3159,23717,2206,45934,5640,2717,2923
31690,49103,3159,23724,2206,45944,5641,2718,2923
31695,49109,3159,23727,2206,45950,5642,2719,2923
31700,49120,3161,23733,2207,45959,5643,2720,2923
31705,49124,3161,23734,2207,45963,5643,2720,2923
31710,49134,3161,23739,2207,45973,5644,2720,2924
31715,49140,3161,23743,2207,45979,5645,2721,2924
31720,49151,3163,23748,2208,45988,5646,2721,2925
31725,49155,3163,23750,2208,45992,5646,2721,2925
31730,49165,3163,23759,2208,46002,5647,2722,2925
31735,49171,3163,23762,2208,46008,5648,2723,2925
31740,49182,3164,23764,2208,46018,5650,2724,2926
31745,49186,3164,23767,2208,46022,5650,2724,2926
31750,49196,3164,23770,2208,46032,5651,2724,2927
31755,49202,3164,23771,2208,46038,5653,2724,2929
31760,49213,3165,23776,2209,46048,5655,2725,2930
31765,49217,3165,23778,2209,46052,5655,2725,2930
31770,49227,3165,23785,2209,46062,5657,2725,2932
31775,49233,3165,23789,2209,46068,5659,2727,2932
31780,49244,3166,23796,2210,46078,5661,2728,2933
31785,49248,3166,23797,2210,46082,5661,2728,2933
31790,49258,3167,23801,2210,46091,5662,2729,2933
31795,49264,3167,23805,2210,46096,5663,2730,2933
31800,49275,3169,23811,2212,46106,5665,2732,2933
31805,49279,3169,23813,2212,46110,5665,2732,2933
31810,49289,3170,23816,2213,46119,5666,2732,2934
31815,49295,3170,23820,2213,46125,5667,2733,2934
31820,49306,3171,23823,2213,46135,5667,2733,2934
31825,49310,3172,23825,2214,46138,5667,2733,2934
31830,49320,3173,23829,2215,46147,5668,2733,2935
31835,49326,3173,23833,2215,46153,5669,2734,2935
31840,49337,3174,23835,2215,46163,5669,2734,2935
31845,49341,3174,23837,2215,46167,5669,2734,2935
31850,49351,3175,23841,2215,46176,5670,2735,2935
31855,49357,3175,23845,2215,46182,5671,2736,2935
31860,49368,3177,23850,2216,46191,5671,2736,2935
31865,49372,3177,23853,2216,46195,5671,2736,2935
31870,49382,3178,23860,2217,46204,5672,2737,2935
31875,49388,3178,23863,2217,46210,5673,2737,2936
31880,49399,3179,23869,2218,46220,5673,2737,2936
31885,49403,3179,23870,2218,46224,5673,2737,2936
31890,49413,3180,23876,2218,46233,5674,2737,2937
31895,49419,3180,23881,2218,46239,5676,2738,2938
31900,49430,3181,23884,2218,46249,5676,2738,2938
31905,49434,3182,23886,2219,46252,5676,2738,2938
31910,49444,3183,23892,2220,46261,5677,2739,2938
31915,49450,3183,23894,2220,46266,5679,2739,2940
31920,49461,3186,23899,2222,46275,5680,2740,2940
31925,49465,3188,23901,2224,46277,5680,2740,2940
31930,49475,3189,23904,2225,46286,5681,2740,2941
31935,49481,3189,23908,2225,46292,5682,2740,2942
31940,49492,3190,23912,2225,46302,5684,2740,2944
31945,49496,3190,23913,2225,46306,5684,2740,2944
31950,49506,3190,23919,2225,46316,5685,2741,2944
31955,49512,3190,23922,2225,46322,5686,2742,2944
31960,49523,3191,23928,2226,46332,5688,2744,2944
31965,49527,3191,23930,2226,46336,5688,2744,2944
31970,49537,3191,23931,2226,46346,5689,2744,2945
31975,49543,3191,23937,2226,46352,5690,2745,2945
31980,49554,3193,23942,2227,46361,5692,2745,2947
31985,49558,3193,23944,2227,46365,5692,2745,2947
31990,49568,3193,23947,2227,46375,5693,2745,2948
31995,49574,3193,23949,2227,46381,5694,2746,2948
32000,49585,3194,23954,2228,46391,5694,2746,2948
32005,49589,3194,23956,2228,46395,5694,2746,2948
32010,49599,3194,23964,2228,46405,5695,2746,2949
32015,49605,3194,23967,2228,46411,5696,2747,2949
32020,49616,3196,23971,2230,46420,5696,2747,2949
32025,49620,3196,23973,2230,46424,5696,2747,2949
32030,49630,3196,23978,2230,46434,5697,2747,2950
32035,49636,3196,23982,2230,46440,5699,2749,2950
32040,49647,3198,23985,2231,46449,5699,2749,2950
32045,49651,3198,23988,2231,46453,5699,2749,2950
32050,49661,3198,23993,2231,46463,5700,2750,2950
32055,49667,3198,23997,2231,46469,5701,2750,2951
32060,49678,3198,24004,2231,46480,5701,2750,2951
32065,49682,3198,24006,2231,46484,5701,2750,2951
32070,49692,3198,24011,2231,46494,5702,2751,2951
32075,49698,3198,24014,2231,46500,5703,2752,2951
32080,49709,3198,24022,2231,46511,5703,2752,2951
32085,49713,3198,24023,2231,46515,5703,2752,2951
32090,49723,3199,24027,2231,46524,5704,2752,2952
32095,49729,3199,24030,2231,46530,5705,2753,2952
32100,49740,3200,24035,2232,46540,5707,2753,2954
32105,49744,3201,24036,2233,46543,5707,2753,2954
32110,49754,3202,24040,2234,46552,5708,2753,2955
32115,49760,3202,24042,2234,46557,5709,2753,2956
32120,49771,3203,24045,2235,46568,5710,2753,2957
32125,49775,3204,24048,2236,46571,5710,2753,2957
32130,49785,3205,24053,2237,46580,5711,2753,2958
32135,49791,3205,24057,2237,46586,5712,2754,2958
32140,49802,3205,24063,2237,46597,5713,2755,2958
32145,49806,3206,24065,2238,46600,5713,2755,2958
32150,49816,3207,24068,2238,46609,5714,2755,2959
32155,49822,3207,24071,2238,46614,5715,2756,2959
32160,49833,3209,24076,2240,46624,5716,2756,2960
32165,49837,3209,24079,2240,46628,5716,2756,2960
32170,49847,3209,24083,2240,46638,5717,2756,2961
32175,49853,3209,24086,2240,46644,5719,2757,2962
32180,49864,3210,24087,2240,46654,5719,2757,2962
32185,49868,3210,24088,2240,46658,5719,2757,2962
32190,49878,3210,24092,2240,46668,5720,2757,2963
32195,49884,3210,24096,2240,46674,5721,2757,2964
32200,49895,3212,24102,2241,46683,5721,2757,2964
32205,49899,3212,24103,2241,46687,5721,2757,2964
32210,49909,3212,24107,2241,46697,5722,2757,2965
32215,49915,3212,24109,2241,46703,5723,2758,2965
32220,49926,3215,24117,2244,46711,5723,2758,2965
32225,49930,3215,24118,2244,46715,5723,2758,2965
32230,49940,3216,24124,2244,46724,5725,2759,2966
32235,49946,3216,24127,2244,46730,5726,2760,2966
32240,49957,3217,24134,2245,46740,5726,2760,2966
32245,49961,3218,24138,2246,46743,5726,2760,2966
32250,49971,3219,24142,2246,46752,5728,2761,2967
32255,49977,3219,24145,2246,46758,5729,2761,2968
32260,49988,3221,24150,2247,46767,5729,2761,2968
32265,49992,3221,24151,2247,46771,5729,2761,2968
32270,50002,3222,24153,2247,46780,5731,2761,2970
32275,50008,3222,24159,2247,46785,5732,2762,2970
32280,50019,3224,24163,2248,46795,5733,2762,2971
32285,50023,3224,24164,2248,46799,5733,2762,2971
32290,50033,3224,24168,2248,46809,5734,2762,2972
32295,50039,3224,24169,2248,46815,5735,2762,2973
32300,50050,3225,24173,2248,46825,5737,2764,2973
32305,50054,3225,24174,2248,46829,5737,2764,2973
32310,50064,3225,24179,2248,46839,5738,2764,2974
32315,50070,3225,24181,2248,46845,5739,2764,2975
32320,50081,3226,24185,2248,46855,5741,2765,2976
32325,50085,3226,24187,2248,46859,5741,2765,2976
32330,50095,3226,24190,2248,46869,5742,2765,2977
32335,50101,3226,24192,2248,46875,5743,2766,2977
32340,50112,3227,24196,2249,46885,5744,2767,2977
32345,50116,3227,24197,2249,46889,5744,2767,2977
32350,50126,3227,24202,2249,46899,5745,2768,2977
32355,50132,3227,24206,2249,46905,5746,2769,2977
32360,50143,3228,24213,2250,46915,5746,2769,2977
32365,50147,3228,24215,2250,46919,5746,2769,2977
32370,50157,3228,24219,2250,46929,5747,2770,2977
32375,50163,3228,24223,2250,46935,5748,2771,2977
32380,50174,3229,24227,2251,46945,5748,2771,2977
32385,50178,3229,24228,2251,46949,5748,2771,2977
32390,50188,3230,24231,2251,46958,5749,2771,2978
32395,50194,3230,24234,2251,46964,5751,2772,2979
32400,50205,3231,24239,2252,46974,5751,2772,2979
32405,50209,3231,24241,2252,46978,5751,2772,2979
32410,50219,3232,24243,2252,46987,5753,2774,2979
32415,50225,3232,24248,2252,46993,5754,2775,2979
32420,50236,3233,24254,2253,47003,5754,2775,2979
32425,50240,3234,24257,2254,47006,5754,2775,2979
32430,50250,3235,24264,2255,47015,5756,2777,2979
32435,50256,3235,24268,2255,47021,5757,2778,2979
32440,50267,3236,24274,2256,47031,5758,2778,2980
32445,50271,3237,24276,2257,47034,5758,2778,2980
32450,50281,3238,24282,2257,47043,5760,2779,2981
32455,50287,3238,24285,2257,47049,5761,2779,2982
32460,50298,3239,24289,2257,47059,5762,2779,2983
32465,50302,3240,24290,2258,47062,5762,2779,2983
32470,50312,3241,24297,2259,47071,5763,2780,2983
32475,50318,3241,24300,2259,47077,5764,2780,2984
32480,50329,3241,24304,2259,47088,5766,2782,2984
32485,50333,3242,24307,2260,47091,5766,2782,2984
32490,50343,3243,24312,2261,47100,5767,2783,2984
32495,50349,3243,24313,2261,47106,5768,2783,2985
32500,50360,3243,24320,2261,47117,5770,2784,2986
32505,50364,3243,24323,2261,47121,5770,2784,2986
32510,50374,3244,24328,2261,47130,5771,2784,2987
32515,50380,3244,24331,2261,47136,5773,2785,2988
32520,50391,3244,24336,2261,47147,5775,2785,2990
32525,50395,3245,24339,2262,47150,5775,2785,2990
32530,50405,3246,24342,2262,47159,5776,2785,2991
32535,50411,3246,24346,2262,47164,5778,2787,2991
32540,50422,3249,24352,2265,47173,5780,2788,2992
32545,50426,3249,24354,2265,47177,5780,2788,2992
32550,50436,3250,24360,2266,47186,5781,2789,2992
32555,50442,3250,24363,2266,47192,5782,2789,2993
32560,50453,3252,24369,2267,47201,5784,2789,2995
32565,50457,3252,24371,2267,47205,5784,2789,2995
32570,50467,3253,24376,2267,47214,5785,2789,2996
32575,50473,3253,24380,2267,47220,5786,2790,2996
32580,50484,3254,24384,2267,47230,5788,2790,2998
32585,50488,3254,24386,2267,47234,5788,2790,2998
32590,50498,3254,24390,2267,47244,5789,2791,2998
32595,50504,3254,24394,2267,47250,5790,2792,2998
32600,50515,3254,24397,2267,47261,5790,2792,2998
32605,50519,3254,24397,2267,47265,5790,2792,2998
32610,50529,3254,24402,2267,47275,5791,2793,2998
32615,50535,3254,24403,2267,47281,5792,2793,2999
32620,50546,3254,24408,2267,47292,5792,2793,2999
32625,50550,3254,24410,2267,47296,5792,2793,2999
32630,50560,3254,24413,2267,47306,5793,2793,3000
32635,50566,3254,24416,2267,47312,5794,2794,3000
32640,50577,3254,24419,2267,47323,5794,2794,3000
32645,50581,3254,24421,2267,47327,5794,2794,3000
32650,50591,3255,24425,2267,47336,5795,2794,3001
32655,50597,3255,24429,2267,47342,5796,2795,3001
32660,50608,3256,24436,2268,47352,5796,2795,3001
32665,50612,3256,24440,2268,47356,5796,2795,3001
32670,50622,3257,24445,2269,47365,5797,2796,3001
32675,50628,3257,24447,2269,47371,5798,2796,3002
32680,50639,3257,24450,2269,47382,5798,2796,3002
32685,50643,3257,24452,2269,47386,5798,2796,3002
32690,50653,3258,24457,2270,47395,5799,2797,3002
32695,50659,3258,24459,2270,47400,5801,2797,3004
32700,50670,3261,24466,2273,47409,5803,2798,3005
32705,50674,3261,24468,2273,47413,5803,2798,3005
32710,50684,3261,24474,2273,47423,5804,2799,3005
32715,50690,3261,24477,2273,47429,5805,2800,3005
32720,50701,3262,24481,2273,47439,5807,2802,3005
32725,50705,3262,24483,2273,47443,5807,2802,3005
32730,50715,3262,24489,2273,47453,5808,2803,3005
32735,50721,3262,24494,2273,47459,5809,2804,3005
32740,50732,3264,24501,2274,47468,5811,2806,3005
32745,50736,3265,24503,2275,47471,5811,2806,3005
32750,50746,3265,24509,2275,47481,5812,2806,3006
32755,50752,3265,24511,2275,47487,5813,2807,3006
32760,50763,3266,24514,2276,47497,5814,2807,3007
32765,50767,3266,24515,2276,47501,5814,2807,3007
32770,50777,3266,24519,2276,47511,5815,2807,3008
32775,50783,3266,24521,2276,47517,5816,2807,3009
32780,50794,3267,24526,2277,47527,5817,2807,3010
32785,50798,3268,24528,2278,47530,5817,2807,3010
32790,50808,3268,24535,2278,47540,5818,2808,3010
32795,50814,3268,24540,2278,47546,5819,2809,3010
32800,50825,3269,24546,2278,47556,5820,2810,3010
32805,50829,3269,24549,2278,47560,5820,2810,3010
32810,50839,3270,24553,2278,47569,5821,2810,3011
32815,50845,3270,24557,2278,47574,5823,2811,3012
32820,50856,3273,24562,2280,47583,5824,2812,3012
32825,50860,3274,24565,2281,47586,5824,2812,3012
32830,50870,3275,24569,2281,47595,5825,2813,3012
32835,50876,3275,24573,2281,47601,5826,2814,3012
32840,50887,3277,24579,2283,47610,5826,2814,3012
32845,50891,3279,24581,2285,47612,5826,2814,3012
32850,50901,3280,24585,2285,47621,5828,2814,3014
32855,50907,3280,24587,2285,47627,5829,2814,3015
32860,50918,3282,24590,2286,47636,5830,2815,3015
32865,50922,3282,24590,2286,47640,5830,2815,3015
32870,50932,3283,24597,2287,47649,5832,2816,3016
32875,50938,3283,24598,2287,47655,5833,2816,3017
32880,50949,3285,24602,2288,47664,5834,2816,3018
32885,50953,3285,24604,2288,47668,5834,2816,3018
32890,50963,3286,24608,2289,47677,5835,2817,3018
32895,50969,3286,24613,2289,47683,5836,2818,3018
32900,50980,3287,24618,2290,47693,5838,2818,3020
32905,50984,3288,24621,2291,47696,5838,2818,3020
32910,50994,3288,24625,2291,47706,5839,2818,3021
32915,51000,3288,24630,2291,47712,5840,2818,3022
32920,51011,3289,24633,2292,47722,5842,2818,3024
32925,51015,3289,24634,2292,47726,5842,2818,3024
32930,51025,3289,24640,2292,47736,5843,2818,3025
32935,51031,3289,24641,2292,47742,5845,2818,3027
32940,51042,3290,24646,2292,47752,5847,2819,3028
32945,51046,3291,24649,2293,47755,5847,2819,3028
32950,51056,3291,24655,2293,47765,5848,2820,3028
32955,51062,3291,24658,2293,47771,5849,2820,3029
32960,51073,3293,24664,2295,47780,5850,2821,3029
32965,51077,3294,24666,2296,47783,5850,2821,3029
32970,51087,3294,24673,2296,47793,5851,2822,3029
32975,51093,3294,24675,2296,47799,5852,2822,3030
32980,51104,3295,24680,2296,47809,5853,2822,3031
32985,51108,3296,24682,2297,47812,5853,2822,3031
32990,51118,3296,24687,2297,47822,5854,2823,3031
32995,51124,3296,24689,2297,47828,5855,2823,3032
33000,51135,3297,24692,2297,47838,5856,2823,3033
33005,51139,3297,24692,2297,47842,5856,2823,3033
33010,51149,3298,24699,2298,47851,5857,2824,3033
33015,51155,3298,24702,2298,47857,5858,2825,3033
33020,51166,3298,24709,2298,47868,5858,2825,3033
33025,51170,3299,24713,2299,47871,5858,2825,3033
33030,51180,3300,24717,2300,47880,5859,2825,3034
33035,51186,3300,24719,2300,47886,5860,2826,3034
33040,51197,3301,24725,2301,47896,5860,2826,3034
33045,51201,3301,24726,2301,47900,5860,2826,3034
33050,51211,3302,24733,2302,47909,5861,2827,3034
33055,51217,3302,24736,2302,47915,5863,2827,3036
33060,51228,3302,24740,2302,47926,5864,2828,3036
33065,51232,3302,24741,2302,47930,5864,2828,3036
33070,51242,3302,24746,2302,47940,5865,2829,3036
33075,51248,3302,24749,2302,47946,5867,2831,3036
33080,51259,3302,24752,2302,47957,5868,2831,3037
33085,51263,3302,24756,2302,47961,5868,2831,3037
33090,51273,3302,24760,2302,47971,5869,2831,3038
33095,51279,3302,24765,2302,47977,5870,2832,3038
33100,51290,3302,24770,2302,47988,5871,2832,3039
33105,51294,3302,24771,2302,47992,5871,2832,3039
33110,51304,3302,24778,2302,48002,5872,2833,3039
33115,51310,3302,24781,2302,48008,5873,2834,3039
33120,51321,3304,24787,2304,48017,5874,2834,3040
33125,51325,3305,24790,2305,48020,5874,2834,3040
33130,51335,3305,24794,2305,48030,5875,2834,3041
33135,51341,3305,24798,2305,48036,5876,2834,3042
33140,51352,3306,24800,2306,48046,5877,2834,3043
33145,51356,3307,24803,2307,48049,5877,2834,3043
33150,51366,3307,24809,2307,48059,5878,2835,3043
33155,51372,3307,24810,2307,48065,5879,2835,3044
33160,51383,3308,24815,2307,48075,5880,2836,3044
33165,51387,3308,24816,2307,48079,5880,2836,3044
33170,51397,3309,24821,2308,48088,5881,2837,3044
33175,51403,3309,24822,2308,48094,5882,2838,3044
33180,51414,3311,24827,2310,48103,5884,2840,3044
33185,51418,3311,24829,2310,48107,5884,2840,3044
33190,51428,3311,24837,2310,48117,5885,2840,3045
33195,51434,3311,24841,2310,48123,5887,2842,3045
33200,51445,3311,24847,2310,48134,5887,2842,3045
33205,51449,3311,24848,2310,48138,5887,2842,3045
33210,51459,3311,24852,2310,48148,5888,2843,3045
33215,51465,3311,24854,2310,48154,5890,2843,3047
33220,51476,3311,24858,2310,48165,5890,2843,3047
33225,51480,3311,24860,2310,48169,5890,2843,3047
33230,51490,3311,24866,2310,48179,5892,2844,3048
33235,51496,3311,24867,2310,48185,5893,2844,3049
33240,51507,3311,24872,2310,48196,5893,2844,3049
33245,51511,3311,24873,2310,48200,5893,2844,3049
33250,51521,3311,24876,2310,48210,5894,2845,3049
33255,51527,3311,24877,2310,48216,5895,2846,3049
33260,51538,3311,24883,2310,48227,5896,2846,3050
33265,51542,3311,24886,2310,48231,5896,2846,3050
33270,51552,3311,24888,2310,48241,5897,2846,3051
33275,51558,3311,24892,2310,48247,5898,2847,3051
33280,51569,3311,24898,2310,48258,5899,2848,3051
33285,51573,3311,24900,2310,48262,5899,2848,3051
33290,51583,3312,24903,2310,48271,5900,2848,3052
33295,51589,3312,24907,2310,48276,5901,2848,3053
33300,51600,3316,24914,2314,48284,5902,2849,3053
33305,51604,3317,24916,2315,48287,5902,2849,3053
33310,51614,3317,24919,2315,48297,5903,2849,3054
33315,51620,3317,24921,2315,48303,5904,2850,3054
33320,51631,3318,24925,2315,48313,5905,2850,3055
33325,51635,3319,24926,2316,48316,5905,2850,3055
33330,51645,3319,24931,2316,48326,5906,2850,3056
33335,51651,3319,24934,2316,48332,5907,2850,3057
33340,51662,3320,24940,2317,48342,5908,2851,3057
33345,51666,3321,24941,2318,48345,5908,2851,3057
33350,51676,3321,24945,2318,48355,5909,2851,3058
33355,51682,3321,24948,2318,48361,5910,2852,3058
33360,51693,3322,24953,2318,48371,5911,2853,3058
33365,51697,3323,24956,2319,48374,5911,2853,3058
33370,51707,3323,24959,2319,48384,5912,2854,3058
33375,51713,3323,24961,2319,48390,5913,2854,3059
33380,51724,3324,24966,2319,48400,5913,2854,3059
33385,51728,3324,24969,2319,48404,5913,2854,3059
33390,51738,3324,24974,2319,48414,5915,2856,3059
33395,51744,3324,24977,2319,48420,5916,2857,3059
33400,51755,3325,24982,2320,48430,5916,2857,3059
33405,51759,3325,24984,2320,48434,5916,2857,3059
33410,51769,3326,24992,2321,48443,5918,2858,3060
33415,51775,3326,24995,2321,48448,5919,2859,3060
33420,51786,3329,25000,2323,48457,5920,2859,3061
33425,51790,3330,25002,2324,48460,5920,2859,3061
33430,51800,3330,25008,2324,48470,5921,2860,3061
33435,51806,3330,25009,2324,48476,5922,2860,3062
33440,51817,3330,25014,2324,48487,5922,2860,3062
33445,51821,3330,25016,2324,48491,5922,2860,3062
33450,51831,3330,25023,2324,48501,5923,2860,3063
33455,51837,3330,25028,2324,48507,5924,2861,3063
33460,51848,3330,25036,2324,48518,5924,2861,3063
33465,51852,3330,25038,2324,48522,5924,2861,3063
33470,51862,3330,25043,2324,48532,5925,2862,3063
33475,51868,3330,25045,2324,48538,5926,2862,3064
33480,51879,3330,25048,2324,48549,5926,2862,3064
33485,51883,3330,25050,2324,48553,5926,2862,3064
33490,51893,3330,25053,2324,48563,5927,2862,3065
33495,51899,3330,25057,2324,48569,5928,2863,3065
33500,51910,3330,25061,2324,48580,5928,2863,3065
33505,51914,3330,25064,2324,48584,5928,2863,3065
33510,51924,3330,25068,2324,48594,5929,2864,3065
33515,51930,3330,25072,2324,48600,5930,2864,3066
33520,51941,3330,25075,2324,48611,5930,2864,3066
33525,51945,3330,25077,2324,48615,5930,2864,3066
33530,51955,3330,25083,2324,48625,5932,2866,3066
33535,51961,3330,25085,2324,48631,5933,2867,3066
33540,51972,3332,25092,2326,48640,5934,2867,3067
33545,51976,3332,25094,2326,48644,5934,2867,3067
33550,51986,3333,25099,2326,48653,5936,2868,3068
33555,51992,3333,25101,2326,48659,5937,2868,3069
33560,52003,3334,25105,2327,48669,5938,2868,3070
33565,52007,3334,25106,2327,48673,5938,2868,3070
33570,52017,3334,25112,2327,48683,5940,2869,3071
33575,52023,3334,25116,2327,48689,5941,2869,3072
33580,52034,3335,25120,2327,48699,5942,2870,3072
33585,52038,3335,25122,2327,48703,5942,2870,3072
33590,52048,3335,25129,2327,48713,5943,2871,3072
33595,52054,3335,25133,2327,48719,5944,2872,3072
33600,52065,3336,25138,2328,48729,5945,2872,3073
33605,52069,3337,25140,2329,48732,5945,2872,3073
33610,52079,3337,25148,2329,48742,5946,2873,3073
33615,52085,3337,25151,2329,48748,5947,2874,3073
33620,52096,3338,25154,2329,48758,5948,2874,3074
33625,52100,3338,25155,2329,48762,5948,2874,3074
33630,52110,3338,25158,2329,48772,5949,2874,3075
33635,52116,3338,25159,2329,48778,5950,2874,3076
33640,52127,3339,25162,2329,48788,5950,2874,3076
33645,52131,3339,25163,2329,48792,5950,2874,3076
33650,52141,3339,25167,2329,48802,5951,2875,3076
33655,52147,3339,25170,2329,48808,5952,2876,3076
33660,52158,3341,25176,2330,48817,5953,2876,3077
33665,52162,3341,25177,2330,48821,5953,2876,3077
33670,52172,3341,25182,2330,48831,5954,2877,3077
33675,52178,3341,25185,2330,48837,5955,2877,3078
33680,52189,3341,25190,2330,48848,5955,2877,3078
33685,52193,3341,25192,2330,48852,5955,2877,3078
33690,52203,3341,25196,2330,48862,5956,2877,3079
33695,52209,3341,25198,2330,48868,5957,2878,3079
33700,52220,3341,25204,2330,48879,5957,2878,3079
33705,52224,3341,25208,2330,48883,5957,2878,3079
33710,52234,3341,25216,2330,48893,5958,2879,3079
33715,52240,3341,25218,2330,48899,5959,2879,3080
33720,52251,3341,25221,2330,48910,5959,2879,3080
33725,52255,3341,25224,2330,48914,5959,2879,3080
33730,52265,3341,25231,2330,48924,5960,2879,3081
33735,52271,3341,25232,2330,48930,5961,2879,3082
33740,52282,3341,25241,2330,48941,5961,2879,3082
33745,52286,3341,25243,2330,48945,5961,2879,3082
33750,52296,3341,25250,2330,48955,5962,2879,3083
33755,52302,3341,25255,2330,48961,5963,2879,3084
33760,52313,3341,25261,2330,48972,5963,2879,3084
33765,52317,3341,25262,2330,48976,5963,2879,3084
33770,52327,3342,25266,2330,48985,5964,2880,3084
33775,52333,3342,25269,2330,48990,5965,2881,3084
33780,52344,3345,25272,2332,48999,5967,2882,3085
33785,52348,3346,25274,2333,49002,5967,2882,3085
33790,52358,3346,25280,2333,49012,5968,2882,3086
33795,52364,3346,25281,2333,49018,5969,2882,3087
33800,52375,3348,25286,2334,49027,5970,2882,3088
33805,52379,3349,25288,2335,49030,5970,2882,3088
33810,52389,3349,25293,2335,49040,5971,2883,3088
33815,52395,3349,25296,2335,49046,5972,2883,3089
33820,52406,3351,25301,2336,49055,5973,2883,3090
33825,52410,3351,25303,2336,49059,5973,2883,3090
33830,52420,3351,25307,2336,49069,5974,2883,3091
33835,52426,3351,25309,2336,49075,5975,2884,3091
33840,52437,3352,25314,2337,49085,5976,2884,3092
33845,52441,3352,25314,2337,49089,5976,2884,3092
33850,52451,3352,25318,2337,49099,5977,2884,3093
33855,52457,3352,25321,2337,49105,5978,2884,3094
33860,52468,3353,25327,2338,49115,5979,2885,3094
33865,52472,3354,25328,2339,49118,5979,2885,3094
33870,52482,3354,25334,2339,49128,5980,2886,3094
33875,52488,3354,25336,2339,49134,5981,2886,3095
33880,52499,3355,25343,2340,49144,5981,2886,3095
33885,52503,3356,25344,2341,49147,5981,2886,3095
33890,52513,3357,25347,2342,49156,5983,2886,3097
33895,52519,3357,25350,2342,49162,5985,2886,3099
33900,52530,3359,25357,2343,49171,5986,2887,3099
33905,52534,3359,25358,2343,49175,5986,2887,3099
33910,52544,3360,25359,2343,49184,5988,2888,3100
33915,52550,3360,25361,2343,49190,5989,2889,3100
33920,52561,3360,25366,2343,49201,5990,2890,3100
33925,52565,3360,25367,2343,49205,5990,2890,3100
33930,52575,3361,25373,2343,49214,5991,2890,3101
33935,52581,3361,25373,2343,49220,5992,2890,3102
33940,52592,3361,25379,2343,49231,5993,2891,3102
33945,52596,3361,25381,2343,49235,5993,2891,3102
33950,52606,3362,25387,2343,49244,5994,2892,3102
33955,52612,3362,25390,2343,49250,5995,2893,3102
33960,52623,3362,25395,2343,49261,5996,2893,3103
33965,52627,3362,25397,2343,49265,5996,2893,3103
33970,52637,3363,25403,2344,49274,5997,2893,3104
33975,52643,3363,25403,2344,49280,5998,2893,3105
33980,52654,3365,25406,2345,49289,5998,2893,3105
33985,52658,3365,25406,2345,49293,5998,2893,3105
33990,52668,3366,25412,2345,49302,5999,2893,3106
33995,52674,3366,25415,2345,49308,6000,2893,3107
34000,52685,3368,25420,2347,49317,6000,2893,3107
34005,52689,3368,25421,2347,49321,6000,2893,3107
34010,52699,3369,25426,2348,49330,6001,2894,3107
34015,52705,3369,25427,2348,49336,6003,2894,3109
34020,52716,3371,25431,2349,49345,6004,2894,3110
34025,52720,3371,25431,2349,49349,6004,2894,3110
34030,52730,3372,25435,2350,49358,6006,2894,3112
34035,52736,3372,25437,2350,49364,6007,2895,3112
34040,52747,3374,25444,2351,49373,6008,2896,3112
34045,52751,3374,25446,2351,49377,6008,2896,3112
34050,52761,3375,25453,2352,49386,6010,2897,3113
34055,52767,3375,25456,2352,49392,6011,2898,3113
34060,52778,3377,25461,2353,49401,6012,2898,3114
34065,52782,3377,25463,2353,49405,6012,2898,3114
34070,52792,3378,25467,2353,49414,6013,2899,3114
34075,52798,3378,25472,2353,49419,6014,2900,3114
34080,52809,3381,25477,2356,49428,6015,2900,3115
34085,52813,3381,25480,2356,49432,6015,2900,3115
34090,52823,3381,25483,2356,49442,6016,2900,3116
34095,52829,3381,25485,2356,49448,6017,2900,3117
34100,52840,3381,25492,2356,49459,6018,2901,3117
34105,52844,3381,25495,2356,49463,6018,2901,3117
34110,52854,3381,25499,2356,49473,6019,2901,3118
34115,52860,3381,25502,2356,49479,6020,2902,3118
34120,52871,3381,25507,2356,49490,6020,2902,3118
34125,52875,3381,25509,2356,49494,6020,2902,3118
34130,52885,3381,25515,2356,49504,6021,2902,3119
34135,52891,3381,25519,2356,49510,6023,2903,3120
34140,52902,3381,25525,2356,49521,6023,2903,3120
34145,52906,3381,25529,2356,49525,6023,2903,3120
34150,52916,3381,25531,2356,49535,6024,2903,3121
34155,52922,3381,25535,2356,49541,6026,2904,3122
34160,52933,3381,25538,2356,49552,6027,2905,3122
34165,52937,3381,25539,2356,49556,6027,2905,3122
34170,52947,3381,25545,2356,49566,6028,2905,3123
34175,52953,3381,25548,2356,49572,6029,2905,3124
34180,52964,3381,25553,2356,49583,6029,2905,3124
34185,52968,3381,25553,2356,49587,6029,2905,3124
34190,52978,3382,25557,2356,49596,6031,2907,3124
34195,52984,3382,25560,2356,49602,6032,2908,3124
34200,52995,3384,25566,2358,49611,6032,2908,3124
34205,52999,3385,25568,2359,49614,6032,2908,3124
34210,53009,3386,25575,2360,49623,6034,2908,3126
34215,53015,3386,25576,2360,49628,6035,2908,3127
34220,53026,3389,25583,2363,49637,6037,2909,3128
34225,53030,3391,25586,2365,49639,6037,2909,3128
34230,53040,3392,25593,2365,49648,6039,2910,3129
34235,53046,3392,25597,2365,49653,6040,2911,3129
34240,53057,3395,25603,2368,49662,6042,2911,3131
34245,53061,3396,25605,2369,49665,6042,2911,3131
34250,53071,3397,25609,2370,49674,6044,2911,3133
34255,53077,3397,25611,2370,49680,6045,2912,3133
34260,53088,3399,25616,2372,49689,6047,2913,3134
34265,53092,3399,25619,2372,49693,6047,2913,3134
34270,53102,3399,25623,2372,49703,6048,2913,3135
34275,53108,3399,25628,2372,49709,6049,2914,3135
34280,53119,3399,25632,2372,49720,6050,2915,3135
34285,53123,3399,25634,2372,49724,6050,2915,3135
34290,53133,3399,25638,2372,49734,6051,2916,3135
34295,53139,3399,25640,2372,49740,6052,2916,3136
34300,53150,3399,25644,2372,49751,6052,2916,3136
34305,53154,3399,25644,2372,49755,6052,2916,3136
34310,53164,3399,25650,2372,49765,6053,2916,3137
34315,53170,3399,25652,2372,49771,6054,2916,3138
34320,53181,3399,25657,2372,49782,6054,2916,3138
34325,53185,3399,25658,2372,49786,6054,2916,3138
34330,53195,3399,25660,2372,49796,6055,2916,3139
34335,53201,3399,25665,2372,49802,6056,2917,3139
34340,53212,3399,25671,2372,49813,6056,2917,3139
34345,53216,3399,25675,2372,49817,6056,2917,3139
34350,53226,3399,25681,2372,49827,6057,2917,3140
34355,53232,3399,25684,2372,49833,6058,2918,3140
34360,53243,3399,25690,2372,49844,6058,2918,3140
34365,53247,3399,25692,2372,49848,6058,2918,3140
34370,53257,3400,25698,2373,49857,6060,2919,3141
34375,53263,3400,25700,2373,49863,6061,2919,3142
34380,53274,3402,25706,2374,49872,6061,2919,3142
34385,53278,3402,25708,2374,49876,6061,2919,3142
34390,53288,3403,25711,2374,49885,6063,2920,3143
34395,53294,3403,25713,2374,49891,6064,2920,3144
34400,53305,3404,25718,2374,49901,6065,2921,3144
34405,53309,3406,25722,2376,49903,6065,2921,3144
34410,53319,3407,25726,2377,49912,6066,2921,3145
34415,53325,3407,25730,2377,49918,6067,2922,3145
34420,53336,3408,25737,2378,49928,6068,2923,3145
34425,53340,3409,25739,2379,49931,6068,2923,3145
34430,53350,3410,25746,2379,49940,6069,2923,3146
34435,53356,3410,25748,2379,49946,6071,2925,3146
34440,53367,3411,25753,2379,49956,6072,2926,3146
34445,53371,3412,25756,2380,49959,6072,2926,3146
34450,53381,3413,25759,2381,49968,6073,2926,3147
34455,53387,3413,25761,2381,49974,6075,2927,3148
34460,53398,3414,25763,2381,49984,6077,2927,3150
34465,53402,3415,25766,2382,49987,6077,2927,3150
34470,53412,3416,25770,2382,49996,6078,2928,3150
34475,53418,3416,25772,2382,50002,6079,2928,3151
34480,53429,3417,25774,2382,50012,6081,2929,3152
34485,53433,3417,25774,2382,50016,6081,2929,3152
34490,53443,3418,25781,2383,50025,6082,2930,3152
34495,53449,3418,25785,2383,50030,6083,2930,3153
34500,53460,3420,25790,2384,50040,6085,2931,3154
34505,53464,3420,25791,2384,50044,6085,2931,3154
34510,53474,3420,25796,2384,50054,6086,2931,3155
34515,53480,3420,25800,2384,50060,6087,2931,3156
34520,53491,3420,25808,2384,50071,6089,2933,3156
34525,53495,3420,25810,2384,50075,6089,2933,3156
34530,53505,3420,25816,2384,50085,6090,2934,3156
34535,53511,3420,25820,2384,50091,6091,2935,3156
34540,53522,3420,25825,2384,50102,6093,2936,3157
34545,53526,3420,25827,2384,50106,6093,2936,3157
34550,53536,3420,25831,2384,50116,6094,2937,3157
34555,53542,3420,25833,2384,50122,6095,2937,3158
34560,53553,3420,25840,2384,50133,6096,2937,3159
34565,53557,3420,25842,2384,50137,6096,2937,3159
34570,53567,3420,25849,2384,50147,6098,2938,3160
34575,53573,3420,25852,2384,50153,6100,2939,3161
34580,53584,3420,25857,2384,50164,6100,2939,3161
34585,53588,3420,25858,2384,50168,6100,2939,3161
34590,53598,3420,25860,2384,50178,6102,2939,3163
34595,53604,3420,25861,2384,50184,6103,2939,3164
34600,53615,3420,25868,2384,50195,6103,2939,3164
34605,53619,3420,25869,2384,50199,6103,2939,3164
34610,53629,3421,25871,2384,50208,6104,2940,3164
34615,53635,3421,25872,2384,50214,6105,2940,3165
34620,53646,3422,25882,2385,50224,6105,2940,3165
34625,53650,3423,25886,2386,50227,6105,2940,3165
34630,53660,3424,25890,2387,50236,6106,2940,3166
34635,53666,3424,25893,2387,50242,6107,2940,3167
34640,53677,3425,25899,2387,50252,6108,2941,3167
34645,53681,3425,25901,2387,50256,6108,2941,3167
34650,53691,3425,25907,2387,50266,6109,2942,3167
34655,53697,3425,25912,2387,50272,6110,2943,3167
34660,53708,3426,25916,2387,50282,6111,2943,3168
34665,53712,3426,25918,2387,50286,6111,2943,3168
34670,53722,3426,25925,2387,50296,6112,2944,3168
34675,53728,3426,25929,2387,50302,6113,2944,3169
34680,53739,3427,25936,2387,50312,6114,2944,3170
34685,53743,3427,25939,2387,50316,6114,2944,3170
34690,53753,3427,25945,2387,50326,6115,2945,3170
34695,53759,3427,25948,2387,50332,6117,2946,3171
34700,53770,3428,25953,2388,50342,6118,2946,3172
34705,53774,3429,25956,2389,50345,6118,2946,3172
34710,53784,3429,25963,2389,50355,6120,2947,3173
34715,53790,3429,25964,2389,50361,6121,2947,3174
34720,53801,3430,25969,2389,50371,6122,2947,3175
34725,53805,3431,25972,2390,50374,6122,2947,3175
34730,53815,3431,25978,2390,50384,6124,2948,3176
34735,53821,3431,25980,2390,50390,6125,2948,3177
34740,53832,3434,25984,2392,50398,6126,2948,3178
34745,53836,3434,25984,2392,50402,6126,2948,3178
34750,53846,3435,25990,2392,50411,6127,2949,3178
34755,53852,3435,25991,2392,50417,6128,2949,3179
34760,53863,3437,25999,2393,50426,6129,2950,3179
34765,53867,3437,26001,2393,50430,6129,2950,3179
34770,53877,3438,26005,2394,50439,6130,2950,3180
34775,53883,3438,26008,2394,50445,6131,2950,3181
34780,53894,3441,26014,2397,50453,6132,2950,3182
34785,53898,3441,26015,2397,50457,6132,2950,3182
34790,53908,3442,26018,2397,50466,6133,2950,3183
34795,53914,3442,26020,2397,50472,6134,2951,3183
34800,53925,3444,26025,2398,50481,6135,2951,3184
34805,53929,3444,26025,2398,50485,6135,2951,3184
34810,53939,3445,26030,2398,50494,6136,2952,3184
34815,53945,3445,26032,2398,50500,6138,2953,3185
34820,53956,3445,26037,2398,50511,6139,2954,3185
34825,53960,3445,26040,2398,50515,6139,2954,3185
34830,53970,3446,26042,2398,50524,6140,2955,3185
34835,53976,3446,26042,2398,50530,6142,2955,3187
34840,53987,3446,26047,2398,50541,6143,2956,3187
34845,53991,3446,26049,2398,50545,6143,2956,3187
34850,54001,3447,26054,2398,50554,6145,2956,3189
34855,54007,3447,26056,2398,50560,6147,2957,3190
34860,54018,3447,26062,2398,50571,6149,2959,3190
34865,54022,3447,26064,2398,50575,6149,2959,3190
34870,54032,3448,26066,2398,50584,6150,2959,3191
34875,54038,3448,26069,2398,50589,6151,2960,3191
34880,54049,3451,26074,2400,50598,6153,2961,3192
34885,54053,3452,26077,2401,50601,6153,2961,3192
34890,54063,3453,26083,2401,50610,6154,2962,3192
34895,54069,3453,26085,2401,50616,6155,2962,3193
34900,54080,3454,26092,2402,50626,6157,2963,3194
34905,54084,3455,26094,2403,50629,6157,2963,3194
34910,54094,3456,26100,2404,50638,6158,2964,3194
34915,54100,3456,26103,2404,50643,6159,2965,3194
34920,54111,3458,26107,2405,50653,6161,2967,3194
34925,54115,3458,26110,2405,50657,6161,2967,3194
34930,54125,3458,26117,2405,50667,6162,2968,3194
34935,54131,3458,26117,2405,50673,6163,2968,3195
34940,54142,3459,26122,2406,50683,6164,2968,3196
34945,54146,3459,26124,2406,50687,6164,2968,3196
34950,54156,3459,26129,2406,50697,6165,2968,3197
34955,54162,3459,26133,2406,50703,6166,2969,3197
34960,54173,3460,26139,2407,50713,6167,2970,3197
34965,54177,3460,26141,2407,50717,6167,2970,3197
34970,54187,3460,26143,2407,50727,6168,2970,3198
34975,54193,3460,26146,2407,50733,6170,2970,3200
34980,54204,3462,26152,2409,50742,6171,2971,3200
34985,54208,3463,26154,2410,50745,6171,2971,3200
34990,54218,3463,26160,2410,50755,6172,2971,3201
34995,54224,3463,26164,2410,50761,6173,2972,3201
35000,54235,3465,26167,2411,50770,6173,2972,3201
35005,54239,3465,26168,2411,50774,6173,2972,3201
35010,54249,3465,26173,2411,50784,6174,2973,3201
35015,54255,3465,26175,2411,50790,6175,2973,3202
35020,54266,3467,26181,2413,50799,6175,2973,3202
35025,54270,3467,26182,2413,50803,6175,2973,3202
35030,54280,3468,26187,2413,50812,6176,2974,3202
35035,54286,3468,26191,2413,50817,6177,2975,3202
35040,54297,3470,26193,2414,50827,6178,2975,3203
35045,54301,3470,26196,2414,50831,6178,2975,3203
35050,54311,3470,26199,2414,50841,6179,2975,3204
35055,54317,3470,26202,2414,50847,6180,2976,3204
35060,54328,3470,26207,2414,50858,6181,2976,3205
35065,54332,3470,26208,2414,50862,6181,2976,3205
35070,54342,3470,26214,2414,50872,6182,2976,3206
35075,54348,3470,26217,2414,50878,6183,2976,3207
35080,54359,3470,26223,2414,50889,6183,2976,3207
35085,54363,3470,26224,2414,50893,6183,2976,3207
35090,54373,3470,26226,2414,50903,6184,2977,3207
35095,54379,3470,26230,2414,50909,6185,2978,3207
35100,54390,3470,26234,2414,50920,6186,2979,3207
35105,54394,3470,26234,2414,50924,6186,2979,3207
35110,54404,3470,26240,2414,50934,6187,2980,3207
35115,54410,3470,26243,2414,50940,6188,2981,3207
35120,54421,3470,26246,2414,50951,6189,2982,3207
35125,54425,3470,26247,2414,50955,6189,2982,3207
35130,54435,3470,26250,2414,50965,6190,2983,3207
35135,54441,3470,26253,2414,50971,6191,2983,3208
35140,54452,3470,26260,2414,50982,6192,2984,3208
35145,54456,3470,26263,2414,50986,6192,2984,3208
35150,54466,3471,26269,2414,50995,6193,2985,3208
35155,54472,3471,26271,2414,51000,6194,2985,3209
35160,54483,3473,26280,2416,51010,6195,2986,3209
35165,54487,3474,26281,2417,51013,6195,2986,3209
35170,54497,3475,26283,2417,51022,6196,2986,3210
35175,54503,3475,26286,2417,51027,6197,2987,3210
35180,54514,3477,26291,2418,51037,6199,2987,3212
35185,54518,3478,26294,2419,51040,6199,2987,3212
35190,54528,3479,26300,2420,51049,6200,2988,3212
35195,54534,3479,26303,2420,51055,6201,2989,3212
35200,54545,3480,26305,2420,51065,6203,2990,3213
35205,54549,3481,26306,2421,51068,6203,2990,3213
35210,54559,3482,26309,2422,51077,6204,2990,3214
35215,54565,3482,26313,2422,51082,6206,2991,3215
35220,54576,3484,26316,2424,51092,6208,2992,3216
35225,54580,3485,26317,2425,51095,6208,2992,3216
35230,54590,3485,26324,2425,51105,6210,2994,3216
35235,54596,3485,26327,2425,51111,6211,2995,3216
35240,54607,3486,26332,2425,51121,6212,2995,3217
35245,54611,3486,26333,2425,51125,6212,2995,3217
35250,54621,3486,26336,2425,51135,6213,2996,3217
35255,54627,3486,26339,2425,51141,6214,2996,3218
35260,54638,3487,26343,2426,51151,6215,2996,3219
35265,54642,3488,26346,2427,51154,6215,2996,3219
35270,54652,3488,26349,2427,51164,6216,2996,3220
35275,54658,3488,26353,2427,51170,6217,2997,3220
35280,54669,3489,26359,2428,51180,6218,2997,3221
35285,54673,3489,26361,2428,51184,6218,2997,3221
35290,54683,3489,26366,2428,51194,6219,2997,3222
35295,54689,3489,26372,2428,51200,6220,2998,3222
35300,54700,3490,26375,2428,51210,6222,2999,3223
35305,54704,3491,26377,2429,51213,6222,2999,3223
35310,54714,3491,26382,2429,51223,6223,2999,3224
35315,54720,3491,26383,2429,51229,6224,2999,3225
35320,54731,3492,26388,2430,51239,6226,2999,3227
35325,54735,3493,26391,2431,51242,6226,2999,3227
35330,54745,3494,26395,2431,51251,6227,3000,3227
35335,54751,3494,26397,2431,51257,6229,3000,3229
35340,54762,3497,26403,2433,51265,6230,3000,3230
35345,54766,3497,26405,2433,51269,6230,3000,3230
35350,54776,3497,26408,2433,51279,6231,3001,3230
35355,54782,3497,26410,2433,51285,6232,3001,3231
35360,54793,3498,26415,2433,51295,6233,3001,3232
35365,54797,3498,26415,2433,51299,6233,3001,3232
35370,54807,3498,26418,2433,51309,6235,3002,3233
35375,54813,3498,26420,2433,51315,6236,3002,3234
35380,54824,3499,26427,2434,51325,6237,3003,3234
35385,54828,3499,26429,2434,51329,6237,3003,3234
35390,54838,3499,26434,2434,51339,6238,3004,3234
35395,54844,3499,26436,2434,51345,6239,3004,3235
35400,54855,3500,26442,2434,51355,6240,3005,3235
35405,54859,3500,26445,2434,51359,6240,3005,3235
35410,54869,3500,26450,2434,51369,6241,3006,3235
35415,54875,3500,26454,2434,51375,6242,3007,3235
35420,54886,3501,26460,2435,51385,6243,3007,3236
35425,54890,3502,26463,2436,51388,6243,3007,3236
35430,54900,3502,26468,2436,51398,6244,3008,3236
35435,54906,3502,26472,2436,51404,6245,3009,3236
35440,54917,3503,26478,2436,51414,6246,3009,3237
35445,54921,3503,26479,2436,51418,6246,3009,3237
35450,54931,3504,26481,2436,51427,6247,3009,3238
35455,54937,3504,26483,2436,51433,6248,3010,3238
35460,54948,3505,26486,2436,51443,6250,3011,3239
35465,54952,3506,26490,2437,51446,6250,3011,3239
35470,54962,3507,26497,2438,51455,6252,3013,3239
35475,54968,3507,26503,2438,51460,6254,3015,3239
35480,54979,3508,26510,2439,51471,6255,3015,3240
35485,54983,3508,26510,2439,51475,6255,3015,3240
35490,54993,3509,26515,2440,51484,6256,3016,3240
35495,54999,3509,26520,2440,51490,6257,3017,3240
35500,55010,3509,26525,2440,51501,6258,3017,3241
35505,55014,3510,26528,2441,51504,6258,3017,3241
35510,55024,3511,26533,2442,51513,6259,3018,3241
35515,55030,3511,26535,2442,51519,6260,3018,3242
35520,55041,3511,26542,2442,51530,6261,3018,3243
35525,55045,3512,26545,2443,51533,6261,3018,3243
35530,55055,3513,26548,2443,51542,6262,3018,3244
35535,55061,3513,26553,2443,51548,6263,3019,3244
35540,55072,3513,26560,2443,51559,6263,3019,3244
35545,55076,3513,26561,2443,51563,6263,3019,3244
35550,55086,3513,26567,2443,51573,6264,3019,3245
35555,55092,3513,26570,2443,51579,6265,3019,3246
35560,55103,3513,26576,2443,51590,6265,3019,3246
35565,55107,3513,26578,2443,51594,6265,3019,3246
35570,55117,3513,26583,2443,51604,6266,3019,3247
35575,55123,3513,26584,2443,51610,6267,3019,3248
35580,55134,3514,26588,2443,51620,6268,3020,3248
35585,55138,3514,26589,2443,51624,6268,3020,3248
35590,55148,3514,26596,2443,51634,6270,3021,3249
35595,55154,3514,26599,2443,51640,6272,3022,3250
35600,55165,3516,26602,2445,51649,6273,3022,3251
35605,55169,3516,26603,2445,51653,6273,3022,3251
35610,55179,3516,26607,2445,51663,6274,3022,3252
35615,55185,3516,26608,2445,51669,6276,3022,3254
35620,55196,3518,26616,2446,51678,6277,3023,3254
35625,55200,3518,26618,2446,51682,6277,3023,3254
35630,55210,3518,26620,2446,51692,6278,3024,3254
35635,55216,3518,26623,2446,51698,6279,3024,3255
35640,55227,3520,26628,2447,51707,6280,3025,3255
35645,55231,3520,26629,2447,51711,6280,3025,3255
35650,55241,3520,26632,2447,51721,6281,3026,3255
35655,55247,3520,26634,2447,51727,6282,3026,3256
35660,55258,3522,26638,2448,51736,6283,3027,3256
35665,55262,3522,26638,2448,51740,6283,3027,3256
35670,55272,3522,26645,2448,51750,6284,3028,3256
35675,55278,3522,26647,2448,51756,6285,3028,3257
35680,55289,3524,26657,2450,51765,6286,3029,3257
35685,55293,3525,26660,2451,51768,6286,3029,3257
35690,55303,3526,26664,2452,51777,6287,3029,3258
35695,55309,3526,26668,2452,51782,6288,3030,3258
35700,55320,3529,26672,2455,51791,6289,3031,3258
35705,55324,3531,26675,2457,51793,6289,3031,3258
35710,55334,3532,26678,2457,51802,6290,3031,3259
35715,55340,3532,26682,2457,51808,6291,3031,3260
35720,55351,3532,26687,2457,51819,6292,3031,3261
35725,55355,3532,26688,2457,51823,6292,3031,3261
35730,55365,3533,26690,2457,51832,6293,3031,3262
35735,55371,3533,26692,2457,51838,6294,3032,3262
35740,55382,3533,26698,2457,51849,6295,3033,3262
35745,55386,3534,26699,2458,51852,6295,3033,3262
35750,55396,3535,26703,2458,51861,6296,3033,3263
35755,55402,3535,26707,2458,51867,6297,3033,3264
35760,55413,3535,26710,2458,51878,6298,3033,3265
35765,55417,3535,26713,2458,51882,6298,3033,3265
35770,55427,3536,26719,2459,51891,6299,3033,3266
35775,55433,3536,26724,2459,51897,6300,3034,3266
35780,55444,3536,26731,2459,51908,6301,3034,3267
35785,55448,3536,26732,2459,51912,6301,3034,3267
35790,55458,3537,26737,2460,51921,6302,3034,3268
35795,55464,3537,26740,2460,51927,6303,3034,3269
35800,55475,3537,26745,2460,51938,6304,3034,3270
35805,55479,3537,26747,2460,51942,6304,3034,3270
35810,55489,3538,26753,2460,51951,6305,3035,3270
35815,55495,3538,26755,2460,51957,6306,3036,3270
35820,55506,3540,26763,2462,51966,6308,3037,3271
35825,55510,3540,26765,2462,51970,6308,3037,3271
35830,55520,3540,26767,2462,51980,6309,3037,3272
35835,55526,3540,26769,2462,51986,6311,3037,3274
35840,55537,3542,26774,2463,51995,6311,3037,3274
35845,55541,3542,26778,2463,51999,6311,3037,3274
35850,55551,3542,26781,2463,52009,6313,3037,3276
35855,55557,3542,26784,2463,52015,6315,3038,3277
35860,55568,3544,26788,2464,52024,6315,3038,3277
35865,55572,3544,26790,2464,52028,6315,3038,3277
35870,55582,3544,26794,2464,52038,6316,3038,3278
35875,55588,3544,26796,2464,52044,6317,3038,3279
35880,55599,3545,26801,2465,52054,6317,3038,3279
35885,55603,3545,26804,2465,52058,6317,3038,3279
35890,55613,3545,26810,2465,52068,6318,3038,3280
35895,55619,3545,26814,2465,52074,6319,3039,3280
35900,55630,3546,26818,2466,52084,6319,3039,3280
35905,55634,3546,26820,2466,52088,6319,3039,3280
35910,55644,3546,26824,2466,52098,6320,3040,3280
35915,55650,3546,26826,2466,52104,6321,3040,3281
35920,55661,3547,26831,2467,52114,6321,3040,3281
35925,55665,3547,26833,2467,52118,6321,3040,3281
35930,55675,3548,26837,2467,52127,6322,3041,3281
35935,55681,3548,26837,2467,52133,6323,3041,3282
35940,55692,3549,26842,2468,52143,6323,3041,3282
35945,55696,3550,26844,2469,52146,6323,3041,3282
35950,55706,3551,26847,2469,52155,6324,3041,3283
35955,55712,3551,26849,2469,52160,6325,3041,3284
35960,55723,3553,26854,2470,52170,6326,3041,3285
35965,55727,3553,26855,2470,52174,6326,3041,3285
35970,55737,3554,26858,2470,52183,6327,3041,3286
35975,55743,3554,26862,2470,52189,6328,3041,3287
35980,55754,3555,26866,2470,52199,6329,3041,3288
35985,55758,3556,26869,2471,52202,6329,3041,3288
35990,55768,3557,26874,2471,52211,6330,3041,3289
35995,55774,3557,26879,2471,52216,6331,3042,3289
36000,55785,3560,26884,2474,52225,6332,3042,3290
36005,55789,3560,26886,2474,52229,6332,3042,3290
36010,55799,3561,26891,2474,52238,6334,3044,3290
36015,55805,3561,26894,2474,52244,6335,3044,3291
36020,55816,3561,26899,2474,52255,6336,3045,3291
36025,55820,3561,26901,2474,52259,6336,3045,3291
36030,55830,3562,26907,2474,52268,6337,3045,3292
36035,55836,3562,26910,2474,52274,6338,3045,3293
36040,55847,3562,26914,2474,52285,6339,3045,3294
36045,55851,3563,26915,2475,52288,6339,3045,3294
36050,55861,3564,26920,2475,52297,6340,3046,3294
36055,55867,3564,26922,2475,52303,6341,3047,3294
36060,55878,3564,26928,2475,52314,6342,3048,3294
36065,55882,3565,26931,2476,52317,6342,3048,3294
36070,55892,3566,26935,2477,52326,6343,3049,3294
36075,55898,3566,26939,2477,52332,6344,3050,3294
36080,55909,3566,26947,2477,52343,6344,3050,3294
36085,55913,3566,26947,2477,52347,6344,3050,3294
36090,55923,3567,26950,2477,52356,6345,3050,3295
36095,55929,3567,26951,2477,52362,6346,3051,3295
36100,55940,3567,26956,2477,52373,6346,3051,3295
36105,55944,3568,26957,2478,52376,6346,3051,3295
36110,55954,3569,26963,2479,52385,6347,3051,3296
36115,55960,3569,26966,2479,52391,6348,3052,3296
36120,55971,3570,26970,2479,52401,6348,3052,3296
36125,55975,3571,26971,2480,52404,6348,3052,3296
36130,55985,3571,26975,2480,52414,6349,3052,3297
36135,55991,3571,26979,2480,52420,6350,3052,3298
36140,56002,3573,26983,2481,52429,6351,3052,3299
36145,56006,3574,26985,2482,52432,6351,3052,3299
36150,56016,3574,26987,2482,52442,6352,3052,3300
36155,56022,3574,26990,2482,52448,6353,3053,3300
36160,56033,3576,26994,2484,52457,6354,3053,3301
36165,56037,3576,26996,2484,52461,6354,3053,3301
36170,56047,3576,26998,2484,52471,6356,3053,3303
36175,56053,3576,27000,2484,52477,6358,3054,3304
36180,56064,3577,27003,2485,52487,6360,3055,3305
36185,56068,3577,27005,2485,52491,6360,3055,3305
36190,56078,3577,27009,2485,52501,6361,3055,3306
36195,56084,3577,27014,2485,52507,6362,3055,3307
36200,56095,3578,27018,2485,52517,6363,3055,3308
36205,56099,3578,27020,2485,52521,6363,3055,3308
36210,56109,3578,27026,2485,52531,6364,3055,3309
36215,56115,3578,27029,2485,52537,6365,3056,3309
36220,56126,3579,27034,2485,52547,6365,3056,3309
36225,56130,3579,27036,2485,52551,6365,3056,3309
36230,56140,3580,27037,2485,52560,6366,3056,3310
36235,56146,3580,27038,2485,52566,6367,3057,3310
36240,56157,3582,27042,2486,52575,6367,3057,3310
36245,56161,3584,27045,2488,52577,6367,3057,3310
36250,56171,3585,27050,2488,52586,6368,3057,3311
36255,56177,3585,27053,2488,52591,6369,3058,3311
36260,56188,3587,27059,2490,52601,6369,3058,3311
36265,56192,3588,27062,2491,52604,6369,3058,3311
36270,56202,3589,27068,2492,52613,6370,3059,3311
36275,56208,3589,27072,2492,52618,6371,3060,3311
36280,56219,3592,27076,2494,52627,6371,3060,3311
36285,56223,3592,27078,2494,52631,6371,3060,3311
36290,56233,3593,27082,2494,52640,6373,3061,3312
36295,56239,3593,27086,2494,52645,6374,3061,3313
36300,56250,3597,27091,2497,52653,6374,3061,3313
36305,56254,3597,27095,2497,52657,6374,3061,3313
36310,56264,3597,27101,2497,52667,6375,3062,3313
36315,56270,3597,27104,2497,52673,6376,3063,3313
36320,56281,3597,27110,2497,52684,6378,3065,3313
36325,56285,3597,27111,2497,52688,6378,3065,3313
36330,56295,3597,27114,2497,52698,6379,3065,3314
36335,56301,3597,27116,2497,52704,6380,3066,3314
36340,56312,3597,27119,2497,52715,6380,3066,3314
36345,56316,3597,27122,2497,52719,6380,3066,3314
36350,56326,3597,27127,2497,52729,6381,3066,3315
36355,56332,3597,27129,2497,52735,6382,3067,3315
36360,56343,3597,27136,2497,52746,6382,3067,3315
36365,56347,3597,27137,2497,52750,6382,3067,3315
36370,56357,3597,27143,2497,52760,6383,3067,3316
36375,56363,3597,27145,2497,52766,6384,3068,3316
36380,56374,3597,27150,2497,52777,6384,3068,3316
36385,56378,3597,27151,2497,52781,6384,3068,3316
36390,56388,3597,27156,2497,52791,6385,3069,3316
36395,56394,3597,27160,2497,52797,6386,3070,3316
36400,56405,3597,27165,2497,52808,6386,3070,3316
36405,56409,3597,27167,2497,52812,6386,3070,3316
36410,56419,3598,27172,2497,52821,6387,3070,3317
36415,56425,3598,27176,2497,52826,6389,3071,3318
36420,56436,3602,27183,2500,52834,6390,3072,3318
36425,56440,3602,27186,2500,52838,6390,3072,3318
36430,56450,3602,27193,2500,52848,6392,3074,3318
36435,56456,3602,27195,2500,52854,6393,3074,3319
36440,56467,3603,27204,2501,52864,6395,3076,3319
36445,56471,3603,27205,2501,52868,6395,3076,3319
36450,56481,3603,27210,2501,52878,6397,3077,3320
36455,56487,3603,27211,2501,52884,6398,3077,3321
36460,56498,3604,27215,2502,52894,6400,3077,3323
36465,56502,3604,27218,2502,52898,6400,3077,3323
36470,56512,3604,27224,2502,52908,6401,3077,3324
36475,56518,3604,27227,2502,52914,6402,3077,3325
36480,56529,3605,27235,2503,52924,6404,3079,3325
36485,56533,3605,27236,2503,52928,6404,3079,3325
36490,56543,3605,27241,2503,52938,6405,3080,3325
36495,56549,3605,27244,2503,52944,6406,3081,3325
36500,56560,3606,27248,2503,52954,6408,3082,3326
36505,56564,3606,27250,2503,52958,6408,3082,3326
36510,56574,3606,27255,2503,52968,6409,3083,3326
36515,56580,3606,27258,2503,52974,6410,3084,3326
36520,56591,3607,27265,2504,52984,6412,3086,3326
36525,56595,3608,27267,2505,52987,6412,3086,3326
36530,56605,3609,27273,2506,52996,6413,3087,3326
36535,56611,3609,27277,2506,53002,6415,3088,3327
36540,56622,3611,27282,2507,53011,6417,3089,3328
36545,56626,3611,27283,2507,53015,6417,3089,3328
36550,56636,3611,27289,2507,53025,6419,3090,3329
36555,56642,3611,27293,2507,53031,6420,3091,3329
36560,56653,3611,27295,2507,53042,6420,3091,3329
36565,56657,3611,27297,2507,53046,6420,3091,3329
36570,56667,3611,27303,2507,53056,6422,3092,3330
36575,56673,3611,27309,2507,53062,6423,3093,3330
36580,56684,3611,27317,2507,53073,6423,3093,3330
36585,56688,3611,27318,2507,53077,6423,3093,3330
36590,56698,3611,27325,2507,53087,6425,3094,3331
36595,56704,3611,27326,2507,53093,6426,3094,3332
36600,56715,3611,27331,2507,53104,6426,3094,3332
36605,56719,3611,27332,2507,53108,6426,3094,3332
36610,56729,3611,27336,2507,53118,6428,3095,3333
36615,56735,3611,27337,2507,53124,6429,3096,3333
36620,56746,3611,27344,2507,53135,6429,3096,3333
36625,56750,3611,27346,2507,53139,6429,3096,3333
36630,56760,3611,27350,2507,53149,6430,3097,3333
36635,56766,3611,27353,2507,53155,6431,3098,3333
36640,56777,3611,27359,2507,53166,6431,3098,3333
36645,56781,3611,27361,2507,53170,6431,3098,3333
36650,56791,3612,27368,2508,53179,6432,3099,3333
36655,56797,3612,27369,2508,53185,6433,3100,3333
36660,56808,3614,27375,2510,53194,6435,3100,3335
36665,56812,3615,27376,2511,53197,6435,3100,3335
36670,56822,3615,27382,2511,53207,6436,3100,3336
36675,56828,3615,27382,2511,53213,6437,3100,3337
36680,56839,3616,27389,2512,53223,6438,3101,3337
36685,56843,3616,27391,2512,53227,6438,3101,3337
36690,56853,3616,27395,2512,53237,6439,3101,3338
36695,56859,3616,27398,2512,53243,6440,3102,3338
36700,56870,3617,27405,2513,53253,6441,3103,3338
36705,56874,3618,27407,2514,53256,6441,3103,3338
36710,56884,3618,27411,2514,53266,6442,3103,3339
36715,56890,3618,27413,2514,53272,6443,3103,3340
36720,56901,3619,27417,2514,53282,6444,3104,3340
36725,56905,3619,27418,2514,53286,6444,3104,3340
36730,56915,3619,27425,2514,53296,6445,3105,3340
36735,56921,3619,27426,2514,53302,6446,3105,3341
36740,56932,3620,27431,2514,53312,6446,3105,3341
36745,56936,3620,27431,2514,53316,6446,3105,3341
36750,56946,3620,27434,2514,53326,6448,3106,3342
36755,56952,3620,27437,2514,53332,6449,3107,3342
36760,56963,3621,27442,2515,53342,6449,3107,3342
36765,56967,3621,27444,2515,53346,6449,3107,3342
36770,56977,3622,27450,2516,53355,6451,3108,3343
36775,56983,3622,27451,2516,53361,6452,3108,3344
36780,56994,3624,27453,2517,53370,6453,3108,3345
36785,56998,3624,27455,2517,53374,6453,3108,3345
36790,57008,3625,27458,2517,53383,6454,3108,3346
36795,57014,3625,27461,2517,53389,6455,3108,3347
36800,57025,3625,27465,2517,53400,6456,3108,3348
36805,57029,3625,27466,2517,53404,6456,3108,3348
36810,57039,3626,27470,2518,53413,6457,3108,3349
36815,57045,3626,27472,2518,53419,6458,3109,3349
36820,57056,3627,27480,2519,53429,6459,3109,3350
36825,57060,3627,27482,2519,53433,6459,3109,3350
36830,57070,3628,27486,2519,53442,6460,3109,3351
36835,57076,3628,27488,2519,53448,6461,3110,3351
36840,57087,3628,27492,2519,53459,6462,3111,3351
36845,57091,3628,27494,2519,53463,6462,3111,3351
36850,57101,3629,27500,2520,53472,6463,3111,3352
36855,57107,3629,27503,2520,53478,6464,3112,3352
36860,57118,3629,27508,2520,53489,6464,3112,3352
36865,57122,3629,27510,2520,53493,6464,3112,3352
36870,57132,3630,27517,2520,53502,6465,3113,3352
36875,57138,3630,27518,2520,53508,6466,3113,3353
36880,57149,3630,27523,2520,53519,6466,3113,3353
36885,57153,3630,27523,2520,53523,6466,3113,3353
36890,57163,3631,27530,2521,53532,6467,3114,3353
36895,57169,3631,27531,2521,53538,6469,3115,3354
36900,57180,3632,27533,2521,53548,6469,3115,3354
36905,57184,3632,27534,2521,53552,6469,3115,3354
36910,57194,3633,27539,2521,53561,6471,3117,3354
36915,57200,3633,27541,2521,53567,6472,3118,3354
36920,57211,3634,27546,2521,53577,6472,3118,3354
36925,57215,3635,27548,2522,53580,6472,3118,3354
36930,57225,3636,27552,2523,53589,6474,3119,3355
36935,57231,3636,27555,2523,53595,6475,3120,3355
36940,57242,3638,27564,2525,53604,6475,3120,3355
36945,57246,3638,27566,2525,53608,6475,3120,3355
36950,57256,3639,27571,2526,53617,6477,3121,3356
36955,57262,3639,27573,2526,53623,6478,3121,3357
36960,57273,3640,27577,2527,53633,6480,3122,3358
36965,57277,3641,27580,2528,53636,6480,3122,3358
36970,57287,3641,27585,2528,53646,6481,3123,3358
36975,57293,3641,27589,2528,53652,6482,3123,3359
36980,57304,3642,27596,2529,53662,6484,3125,3359
36985,57308,3642,27597,2529,53666,6484,3125,3359
36990,57318,3642,27601,2529,53676,6485,3125,3360
36995,57324,3642,27603,2529,53682,6486,3125,3361
37000,57335,3643,27606,2529,53692,6488,3126,3362
37005,57339,3644,27609,2530,53695,6488,3126,3362
37010,57349,3644,27613,2530,53705,6489,3126,3363
37015,57355,3644,27616,2530,53711,6490,3127,3363
37020,57366,3646,27621,2532,53720,6492,3127,3365
37025,57370,3646,27624,2532,53724,6492,3127,3365
37030,57380,3646,27628,2532,53734,6494,3127,3367
37035,57386,3646,27632,2532,53740,6496,3129,3367
37040,57397,3647,27637,2532,53750,6497,3130,3367
37045,57401,3647,27639,2532,53754,6497,3130,3367
37050,57411,3647,27644,2532,53764,6499,3131,3368
37055,57417,3647,27648,2532,53770,6501,3132,3369
37060,57428,3648,27652,2533,53780,6502,3132,3370
37065,57432,3648,27653,2533,53784,6502,3132,3370
37070,57442,3649,27657,2533,53793,6504,3132,3372
37075,57448,3649,27658,2533,53799,6506,3132,3374
37080,57459,3651,27666,2535,53808,6507,3133,3374
37085,57463,3652,27669,2536,53811,6507,3133,3374
37090,57473,3653,27676,2537,53820,6509,3135,3374
37095,57479,3653,27680,2537,53826,6510,3136,3374
37100,57490,3655,27685,2538,53835,6511,3137,3374
37105,57494,3655,27685,2538,53839,6511,3137,3374
37110,57504,3656,27690,2539,53848,6512,3138,3374
37115,57510,3656,27693,2539,53854,6513,3139,3374
37120,57521,3658,27694,2540,53863,6514,3139,3375
37125,57525,3658,27695,2540,53867,6514,3139,3375
37130,57535,3659,27699,2540,53876,6515,3139,3376
37135,57541,3659,27701,2540,53881,6516,3140,3376
37140,57552,3661,27705,2542,53891,6517,3140,3377
37145,57556,3661,27707,2542,53895,6517,3140,3377
37150,57566,3662,27712,2542,53904,6519,3141,3378
37155,57572,3662,27715,2542,53909,6520,3141,3379
37160,57583,3664,27721,2544,53919,6521,3141,3380
37165,57587,3664,27724,2544,53923,6521,3141,3380
37170,57597,3665,27728,2544,53932,6523,3142,3381
37175,57603,3665,27730,2544,53937,6524,3143,3381
37180,57614,3667,27737,2546,53947,6525,3143,3382
37185,57618,3667,27737,2546,53951,6525,3143,3382
37190,57628,3667,27740,2546,53961,6526,3143,3383
37195,57634,3667,27743,2546,53967,6527,3143,3384
37200,57645,3667,27744,2546,53978,6528,3144,3384
37205,57649,3667,27744,2546,53982,6528,3144,3384
37210,57659,3667,27748,2546,53992,6529,3144,3385
37215,57665,3667,27752,2546,53998,6531,3146,3385
37220,57676,3669,27758,2548,54007,6531,3146,3385
37225,57680,3669,27759,2548,54011,6531,3146,3385
37230,57690,3669,27766,2548,54021,6532,3146,3386
37235,57696,3669,27771,2548,54027,6534,3147,3387
37240,57707,3670,27775,2548,54037,6534,3147,3387
37245,57711,3671,27777,2549,54040,6534,3147,3387
37250,57721,3671,27782,2549,54050,6535,3147,3388
37255,57727,3671,27785,2549,54056,6537,3148,3389
37260,57738,3673,27791,2551,54065,6538,3148,3390
37265,57742,3674,27793,2552,54068,6538,3148,3390
37270,57752,3675,27795,2553,54077,6539,3148,3391
37275,57758,3675,27800,2553,54083,6540,3149,3391
37280,57769,3676,27803,2553,54093,6541,3150,3391
37285,57773,3677,27804,2554,54096,6541,3150,3391
37290,57783,3678,27809,2554,54105,6543,3151,3392
37295,57789,3678,27812,2554,54110,6544,3152,3392
37300,57800,3680,27818,2556,54120,6545,3153,3392
37305,57804,3681,27819,2557,54123,6545,3153,3392
37310,57814,3682,27826,2558,54132,6547,3155,3392
37315,57820,3682,27829,2558,54137,6548,3155,3393
37320,57831,3685,27834,2560,54146,6550,3156,3394
37325,57835,3686,27835,2561,54149,6550,3156,3394
37330,57845,3686,27839,2561,54159,6551,3156,3395
37335,57851,3686,27842,2561,54165,6552,3157,3395
37340,57862,3686,27846,2561,54176,6554,3158,3396
37345,57866,3686,27848,2561,54180,6554,3158,3396
37350,57876,3686,27855,2561,54190,6555,3158,3397
37355,57882,3686,27858,2561,54196,6556,3158,3398
37360,57893,3686,27864,2561,54207,6558,3158,3400
37365,57897,3686,27866,2561,54211,6558,3158,3400
37370,57907,3686,27869,2561,54221,6559,3158,3401
37375,57913,3686,27873,2561,54227,6560,3159,3401
37380,57924,3686,27877,2561,54238,6561,3159,3402
37385,57928,3686,27878,2561,54242,6561,3159,3402
37390,57938,3686,27884,2561,54252,6562,3160,3402
37395,57944,3686,27887,2561,54258,6563,3161,3402
37400,57955,3687,27891,2561,54268,6564,3161,3403
37405,57959,3687,27891,2561,54272,6564,3161,3403
37410,57969,3687,27897,2561,54282,6565,3162,3403
37415,57975,3687,27899,2561,54288,6566,3163,3403
37420,57986,3688,27904,2561,54298,6567,3163,3404
37425,57990,3689,27907,2562,54301,6567,3163,3404
37430,58000,3690,27912,2563,54310,6568,3163,3405
37435,58006,3690,27915,2563,54315,6569,3164,3405
37440,58017,3692,27923,2565,54325,6570,3164,3406
37445,58021,3692,27927,2565,54329,6570,3164,3406
37450,58031,3692,27933,2565,54339,6572,3166,3406
37455,58037,3692,27937,2565,54345,6573,3167,3406
37460,58048,3693,27941,2565,54355,6573,3167,3406
37465,58052,3693,27945,2565,54359,6573,3167,3406
37470,58062,3693,27949,2565,54369,6575,3168,3407
37475,58068,3693,27954,2565,54375,6576,3169,3407
37480,58079,3694,27960,2565,54385,6576,3169,3407
37485,58083,3694,27961,2565,54389,6576,3169,3407
37490,58093,3694,27966,2565,54399,6578,3170,3408
37495,58099,3694,27968,2565,54405,6579,3170,3409
37500,58110,3695,27971,2565,54415,6579,3170,3409
37505,58114,3695,27974,2565,54419,6579,3170,3409
37510,58124,3695,27978,2565,54429,6580,3170,3410
37515,58130,3695,27981,2565,54435,6581,3171,3410
37520,58141,3696,27985,2566,54445,6581,3171,3410
37525,58145,3696,27985,2566,54449,6581,3171,3410
37530,58155,3696,27990,2566,54459,6582,3171,3411
37535,58161,3696,27992,2566,54465,6583,3171,3412
37540,58172,3697,27997,2567,54475,6583,3171,3412
37545,58176,3697,27999,2567,54479,6583,3171,3412
37550,58186,3698,28004,2567,54488,6584,3171,3413
37555,58192,3698,28008,2567,54493,6585,3172,3413
37560,58203,3701,28015,2570,54502,6587,3172,3415
37565,58207,3702,28017,2571,54505,6587,3172,3415
37570,58217,3703,28023,2571,54514,6588,3173,3415
37575,58223,3703,28027,2571,54519,6589,3174,3415
37580,58234,3704,28032,2572,54530,6590,3174,3416
37585,58238,3704,28033,2572,54534,6590,3174,3416
37590,58248,3705,28037,2572,54543,6591,3175,3416
37595,58254,3705,28043,2572,54548,6592,3176,3416
37600,58265,3706,28049,2573,54559,6593,3176,3417
37605,58269,3706,28050,2573,54563,6593,3176,3417
37610,58279,3707,28057,2574,54572,6594,3177,3417
37615,58285,3707,28061,2574,54577,6595,3178,3417
37620,58296,3708,28069,2575,54588,6596,3179,3417
37625,58300,3708,28070,2575,54592,6596,3179,3417
37630,58310,3709,28075,2576,54601,6597,3179,3418
37635,58316,3709,28079,2576,54606,6599,3181,3418
37640,58327,3710,28082,2577,54617,6599,3181,3418
37645,58331,3711,28086,2578,54620,6599,3181,3418
37650,58341,3712,28090,2578,54629,6600,3181,3419
37655,58347,3712,28095,2578,54635,6601,3182,3419
37660,58358,3712,28104,2578,54646,6601,3182,3419
37665,58362,3712,28106,2578,54650,6601,3182,3419
37670,58372,3712,28111,2578,54660,6603,3183,3420
37675,58378,3712,28114,2578,54666,6604,3183,3421
37680,58389,3713,28119,2579,54676,6605,3184,3421
37685,58393,3713,28120,2579,54680,6605,3184,3421
37690,58403,3713,28124,2579,54690,6606,3184,3422
37695,58409,3713,28126,2579,54696,6607,3184,3423
37700,58420,3715,28132,2580,54705,6608,3184,3424
37705,58424,3715,28133,2580,54709,6608,3184,3424
37710,58434,3715,28141,2580,54719,6609,3185,3424
37715,58440,3715,28143,2580,54725,6610,3185,3425
37720,58451,3717,28149,2582,54734,6611,3186,3425
37725,58455,3717,28151,2582,54738,6611,3186,3425
37730,58465,3717,28155,2582,54748,6612,3186,3426
37735,58471,3717,28157,2582,54754,6613,3186,3427
37740,58482,3719,28161,2583,54763,6614,3186,3428
37745,58486,3719,28164,2583,54767,6614,3186,3428
37750,58496,3719,28173,2583,54777,6615,3187,3428
37755,58502,3719,28176,2583,54783,6616,3187,3429
37760,58513,3721,28181,2585,54792,6617,3187,3430
37765,58517,3721,28184,2585,54796,6617,3187,3430
37770,58527,3721,28188,2585,54806,6618,3187,3431
37775,58533,3721,28190,2585,54812,6619,3187,3432
37780,58544,3723,28196,2587,54821,6620,3188,3432
37785,58548,3723,28198,2587,54825,6620,3188,3432
37790,58558,3724,28205,2588,54834,6621,3189,3432
37795,58564,3724,28209,2588,54839,6623,3190,3433
37800,58575,3728,28214,2591,54847,6624,3190,3434
37805,58579,3729,28215,2592,54850,6624,3190,3434
37810,58589,3730,28218,2593,54859,6626,3190,3436
37815,58595,3730,28220,2593,54865,6627,3191,3436
37820,58606,3730,28225,2593,54876,6627,3191,3436
37825,58610,3730,28226,2593,54880,6627,3191,3436
37830,58620,3731,28232,2593,54889,6628,3192,3436
37835,58626,3731,28234,2593,54895,6629,3192,3437
37840,58637,3731,28239,2593,54906,6629,3192,3437
37845,58641,3731,28239,2593,54910,6629,3192,3437
37850,58651,3732,28246,2594,54919,6630,3193,3437
37855,58657,3732,28249,2594,54925,6631,3193,3438
37860,58668,3732,28252,2594,54936,6631,3193,3438
37865,58672,3733,28253,2595,54939,6631,3193,3438
37870,58682,3734,28256,2595,54948,6633,3195,3438
37875,58688,3734,28258,2595,54954,6634,3196,3438
37880,58699,3736,28265,2597,54963,6636,3198,3438
37885,58703,3736,28266,2597,54967,6636,3198,3438
37890,58713,3737,28272,2597,54976,6638,3200,3438
37895,58719,3737,28276,2597,54981,6639,3200,3439
37900,58730,3739,28281,2598,54991,6641,3201,3440
37905,58734,3740,28284,2599,54994,6641,3201,3440
37910,58744,3741,28287,2600,55003,6643,3201,3442
37915,58750,3741,28288,2600,55009,6645,3201,3444
37920,58761,3742,28291,2601,55019,6647,3202,3445
37925,58765,3742,28293,2601,55023,6647,3202,3445
37930,58775,3742,28295,2601,55033,6648,3202,3446
37935,58781,3742,28299,2601,55039,6649,3203,3446
37940,58792,3742,28305,2601,55050,6650,3204,3446
37945,58796,3742,28308,2601,55054,6650,3204,3446
37950,58806,3742,28313,2601,55064,6651,3205,3446
37955,58812,3742,28316,2601,55070,6652,3206,3446
37960,58823,3742,28320,2601,55081,6652,3206,3446
37965,58827,3742,28321,2601,55085,6652,3206,3446
37970,58837,3742,28325,2601,55095,6653,3206,3447
37975,58843,3742,28329,2601,55101,6654,3207,3447
37980,58854,3742,28334,2601,55112,6654,3207,3447
37985,58858,3742,28335,2601,55116,6654,3207,3447
37990,58868,3742,28341,2601,55126,6655,3207,3448
37995,58874,3742,28344,2601,55132,6656,3208,3448
38000,58885,3742,28350,2601,55143,6656,3208,3448
38005,58889,3742,28354,2601,55147,6656,3208,3448
38010,58899,3742,28359,2601,55157,6657,3209,3448
38015,58905,3742,28362,2601,55163,6658,3210,3448
38020,58916,3742,28369,2601,55174,6658,3210,3448
38025,58920,3742,28370,2601,55178,6658,3210,3448
38030,58930,3743,28374,2601,55187,6659,3211,3448
38035,58936,3743,28377,2601,55192,6661,3212,3449
38040,58947,3747,28384,2605,55200,6662,3212,3450
38045,58951,3747,28385,2605,55204,6662,3212,3450
38050,58961,3748,28387,2605,55213,6664,3212,3452
38055,58967,3748,28390,2605,55219,6666,3213,3453
38060,58978,3749,28396,2605,55229,6668,3215,3453
38065,58982,3749,28398,2605,55233,6668,3215,3453
38070,58992,3750,28402,2605,55242,6670,3216,3454
38075,58998,3750,28407,2605,55248,6671,3217,3454
38080,59009,3752,28411,2607,55257,6673,3217,3456
38085,59013,3752,28413,2607,55261,6673,3217,3456
38090,59023,3753,28420,2608,55270,6675,3219,3456
38095,59029,3753,28421,2608,55276,6676,3219,3457
38100,59040,3754,28426,2609,55286,6678,3220,3458
38105,59044,3755,28429,2610,55289,6678,3220,3458
38110,59054,3756,28431,2610,55298,6679,3221,3458
38115,59060,3756,28433,2610,55304,6680,3221,3459
38120,59071,3757,28438,2610,55314,6681,3222,3459
38125,59075,3758,28440,2611,55317,6681,3222,3459
38130,59085,3759,28444,2612,55326,6682,3222,3460
38135,59091,3759,28450,2612,55332,6683,3223,3460
38140,59102,3760,28457,2613,55342,6684,3223,3461
38145,59106,3760,28458,2613,55346,6684,3223,3461
38150,59116,3761,28462,2613,55355,6685,3223,3462
38155,59122,3761,28464,2613,55360,6686,3224,3462
38160,59133,3764,28473,2616,55369,6688,3225,3463
38165,59137,3764,28474,2616,55373,6688,3225,3463
38170,59147,3764,28477,2616,55383,6689,3225,3464
38175,59153,3764,28481,2616,55389,6690,3226,3464
38180,59164,3764,28484,2616,55400,6690,3226,3464
38185,59168,3764,28485,2616,55404,6690,3226,3464
38190,59178,3764,28490,2616,55414,6691,3227,3464
38195,59184,3764,28491,2616,55420,6692,3227,3465
38200,59195,3764,28497,2616,55431,6692,3227,3465
38205,59199,3764,28501,2616,55435,6692,3227,3465
38210,59209,3764,28503,2616,55445,6693,3227,3466
38215,59215,3764,28505,2616,55451,6694,3227,3467
38220,59226,3764,28509,2616,55462,6694,3227,3467
38225,59230,3764,28512,2616,55466,6694,3227,3467
38230,59240,3764,28516,2616,55476,6695,3227,3468
38235,59246,3764,28516,2616,55482,6696,3227,3469
38240,59257,3764,28524,2616,55493,6696,3227,3469
38245,59261,3764,28525,2616,55497,6696,3227,3469
38250,59271,3764,28530,2616,55507,6697,3227,3470
38255,59277,3764,28531,2616,55513,6698,3227,3471
38260,59288,3764,28534,2616,55524,6698,3227,3471
38265,59292,3764,28537,2616,55528,6698,3227,3471
38270,59302,3765,28542,2616,55537,6699,3228,3471
38275,59308,3765,28547,2616,55542,6700,3229,3471
38280,59319,3767,28551,2618,55552,6701,3229,3472
38285,59323,3767,28553,2618,55556,6701,3229,3472
38290,59333,3767,28560,2618,55566,6703,3231,3472
38295,59339,3767,28563,2618,55572,6704,3232,3472
38300,59350,3769,28568,2620,55581,6706,3232,3474
38305,59354,3769,28570,2620,55585,6706,3232,3474
38310,59364,3769,28573,2620,55595,6708,3233,3475
38315,59370,3769,28576,2620,55601,6709,3233,3476
38320,59381,3771,28580,2621,55610,6711,3233,3478
38325,59385,3771,28580,2621,55614,6711,3233,3478
38330,59395,3771,28585,2621,55624,6713,3234,3479
38335,59401,3771,28587,2621,55630,6714,3234,3480
38340,59412,3773,28593,2623,55639,6716,3235,3481
38345,59416,3773,28594,2623,55643,6716,3235,3481
38350,59426,3773,28599,2623,55653,6717,3236,3481
38355,59432,3773,28603,2623,55659,6718,3236,3482
38360,59443,3775,28608,2624,55668,6720,3236,3484
38365,59447,3776,28612,2625,55671,6720,3236,3484
38370,59457,3776,28614,2625,55681,6721,3236,3485
38375,59463,3776,28616,2625,55687,6722,3236,3486
38380,59474,3777,28622,2626,55697,6724,3237,3487
38385,59478,3779,28626,2628,55699,6724,3237,3487
38390,59488,3780,28631,2629,55708,6725,3237,3488
38395,59494,3780,28634,2629,55713,6726,3237,3489
38400,59505,3784,28638,2632,55721,6727,3237,3490
38405,59509,3784,28641,2632,55725,6727,3237,3490
38410,59519,3784,28648,2632,55735,6729,3238,3491
38415,59525,3784,28649,2632,55741,6730,3238,3492
38420,59536,3786,28656,2633,55750,6730,3238,3492
38425,59540,3787,28658,2634,55753,6730,3238,3492
38430,59550,3787,28662,2634,55763,6732,3240,3492
38435,59556,3787,28666,2634,55769,6733,3240,3493
38440,59567,3788,28674,2635,55779,6733,3240,3493
38445,59571,3789,28678,2636,55782,6733,3240,3493
38450,59581,3789,28682,2636,55792,6734,3241,3493
38455,59587,3789,28686,2636,55798,6735,3241,3494
38460,59598,3790,28691,2637,55808,6735,3241,3494
38465,59602,3791,28694,2638,55811,6735,3241,3494
38470,59612,3791,28699,2638,55821,6736,3241,3495
38475,59618,3791,28703,2638,55827,6737,3241,3496
38480,59629,3792,28710,2639,55837,6737,3241,3496
38485,59633,3793,28714,2640,55840,6737,3241,3496
38490,59643,3793,28718,2640,55850,6738,3241,3497
38495,59649,3793,28721,2640,55856,6739,3241,3498
38500,59660,3794,28726,2640,55866,6740,3242,3498
38505,59664,3795,28729,2641,55869,6740,3242,3498
38510,59674,3796,28735,2642,55878,6741,3243,3498
38515,59680,3796,28737,2642,55883,6742,3244,3498
38520,59691,3799,28743,2645,55892,6744,3246,3498
38525,59695,3799,28743,2645,55896,6744,3246,3498
38530,59705,3800,28749,2646,55905,6746,3247,3499
38535,59711,3800,28751,2646,55911,6747,3247,3500
38540,59722,3800,28760,2646,55922,6749,3249,3500
38545,59726,3800,28763,2646,55926,6749,3249,3500
38550,59736,3801,28767,2646,55935,6751,3249,3502
38555,59742,3801,28771,2646,55940,6752,3250,3502
38560,59753,3802,28773,2647,55951,6754,3250,3504
38565,59757,3802,28776,2647,55955,6754,3250,3504
38570,59767,3803,28780,2648,55964,6756,3251,3505
38575,59773,3803,28785,2648,55969,6757,3251,3506
38580,59784,3804,28788,2649,55980,6759,3251,3508
38585,59788,3804,28790,2649,55984,6759,3251,3508
38590,59798,3805,28797,2650,55993,6760,3252,3508
38595,59804,3805,28800,2650,55999,6761,3252,3509
38600,59815,3805,28803,2650,56010,6761,3252,3509
38605,59819,3805,28806,2650,56014,6761,3252,3509
38610,59829,3806,28810,2650,56023,6762,3252,3510
38615,59835,3806,28812,2650,56028,6763,3252,3511
38620,59846,3808,28820,2652,56038,6763,3252,3511
38625,59850,3808,28821,2652,56042,6763,3252,3511
38630,59860,3809,28825,2652,56051,6764,3252,3512
38635,59866,3809,28827,2652,56056,6766,3253,3513
38640,59877,3811,28832,2654,56066,6766,3253,3513
38645,59881,3811,28834,2654,56070,6766,3253,3513
38650,59891,3811,28834,2654,56080,6768,3253,3515
38655,59897,3811,28836,2654,56086,6770,3254,3516
38660,59908,3811,28841,2654,56097,6771,3254,3517
38665,59912,3811,28842,2654,56101,6771,3254,3517
38670,59922,3811,28846,2654,56111,6772,3254,3518
38675,59928,3811,28852,2654,56117,6773,3255,3518
38680,59939,3811,28855,2654,56128,6773,3255,3518
38685,59943,3811,28857,2654,56132,6773,3255,3518
38690,59953,3811,28859,2654,56142,6774,3255,3519
38695,59959,3811,28861,2654,56148,6775,3255,3520
38700,59970,3812,28866,2655,56158,6775,3255,3520
38705,59974,3813,28868,2656,56161,6775,3255,3520
38710,59984,3814,28876,2657,56170,6776,3255,3521
38715,59990,3814,28879,2657,56175,6777,3256,3521
38720,60001,3816,28882,2658,56185,6777,3256,3521
38725,60005,3817,28884,2659,56188,6777,3256,3521
38730,60015,3818,28889,2660,56197,6778,3257,3521
38735,60021,3818,28893,2660,56202,6779,3258,3521
38740,60032,3821,28897,2662,56211,6779,3258,3521
38745,60036,3823,28901,2664,56213,6779,3258,3521
38750,60046,3824,28907,2665,56222,6780,3259,3521
38755,60052,3824,28910,2665,56227,6781,3260,3521
38760,60063,3826,28917,2667,56237,6782,3261,3521
38765,60067,3827,28919,2668,56240,6782,3261,3521
38770,60077,3827,28923,2668,56250,6784,3263,3521
38775,60083,3827,28924,2668,56256,6785,3263,3522
38780,60094,3828,28930,2669,56266,6787,3264,3523
38785,60098,3828,28932,2669,56270,6787,3264,3523
38790,60108,3828,28942,2669,56280,6789,3266,3523
38795,60114,3828,28942,2669,56286,6790,3266,3524
38800,60125,3829,28946,2669,56296,6792,3267,3525
38805,60129,3829,28946,2669,56300,6792,3267,3525
38810,60139,3829,28953,2669,56310,6793,3267,3526
38815,60145,3829,28955,2669,56316,6794,3267,3527
38820,60156,3830,28962,2669,56326,6796,3269,3527
38825,60160,3831,28965,2670,56329,6796,3269,3527
38830,60170,3831,28969,2670,56339,6797,3270,3527
38835,60176,3831,28969,2670,56345,6798,3270,3528
38840,60187,3832,28973,2670,56355,6799,3271,3528
38845,60191,3833,28976,2671,56358,6799,3271,3528
38850,60201,3833,28982,2671,56368,6800,3272,3528
38855,60207,3833,28984,2671,56374,6801,3272,3529
38860,60218,3834,28990,2672,56384,6802,3272,3530
38865,60222,3835,28992,2673,56387,6802,3272,3530
38870,60232,3836,28998,2674,56396,6803,3272,3531
38875,60238,3836,29002,2674,56401,6805,3273,3532
38880,60249,3839,29008,2677,56410,6806,3273,3533
38885,60253,3840,29009,2678,56413,6806,3273,3533
38890,60263,3840,29011,2678,56423,6807,3273,3534
38895,60269,3840,29012,2678,56429,6808,3273,3535
38900,60280,3840,29017,2678,56440,6808,3273,3535
38905,60284,3840,29019,2678,56444,6808,3273,3535
38910,60294,3840,29024,2678,56454,6809,3273,3536
38915,60300,3840,29028,2678,56460,6810,3274,3536
38920,60311,3840,29033,2678,56471,6810,3274,3536
38925,60315,3840,29036,2678,56475,6810,3274,3536
38930,60325,3840,29042,2678,56485,6811,3274,3537
38935,60331,3840,29044,2678,56491,6812,3274,3538
38940,60342,3840,29051,2678,56502,6812,3274,3538
38945,60346,3840,29053,2678,56506,6812,3274,3538
38950,60356,3840,29059,2678,56516,6813,3275,3538
38955,60362,3840,29062,2678,56522,6814,3276,3538
38960,60373,3840,29069,2678,56533,6814,3276,3538
38965,60377,3840,29069,2678,56537,6814,3276,3538
38970,60387,3840,29073,2678,56547,6815,3276,3539
38975,60393,3840,29076,2678,56553,6816,3276,3540
38980,60404,3840,29082,2678,56564,6816,3276,3540
38985,60408,3840,29085,2678,56568,6816,3276,3540
38990,60418,3840,29088,2678,56578,6817,3276,3541
38995,60424,3840,29092,2678,56583,6819,3277,3542
39000,60435,3842,29097,2679,56593,6821,3278,3543
39005,60439,3842,29101,2679,56597,6821,3278,3543
39010,60449,3842,29105,2679,56607,6823,3278,3545
39015,60455,3842,29110,2679,56613,6824,3279,3545
39020,60466,3844,29113,2680,56622,6826,3280,3546
39025,60470,3845,29115,2681,56625,6826,3280,3546
39030,60480,3845,29120,2681,56635,6827,3280,3547
39035,60486,3845,29122,2681,56641,6828,3280,3548
39040,60497,3846,29127,2681,56651,6830,3281,3549
39045,60501,3846,29129,2681,56655,6830,3281,3549
39050,60511,3846,29135,2681,56665,6831,3282,3549
39055,60517,3846,29140,2681,56671,6832,3282,3550
39060,60528,3847,29147,2681,56681,6834,3284,3550
39065,60532,3847,29149,2681,56685,6834,3284,3550
39070,60542,3847,29153,2681,56695,6835,3285,3550
39075,60548,3847,29156,2681,56701,6836,3285,3551
39080,60559,3848,29162,2682,56711,6838,3287,3551
39085,60563,3848,29164,2682,56715,6838,3287,3551
39090,60573,3848,29169,2682,56725,6839,3288,3551
39095,60579,3848,29171,2682,56731,6840,3289,3551
39100,60590,3849,29174,2683,56741,6841,3290,3551
39105,60594,3850,29175,2684,56744,6841,3290,3551
39110,60604,3851,29179,2685,56753,6842,3290,3552
39115,60610,3851,29182,2685,56759,6844,3292,3552
39120,60621,3852,29186,2685,56769,6845,3292,3553
39125,60625,3853,29189,2686,56772,6845,3292,3553
39130,60635,3854,29193,2686,56781,6847,3293,3554
39135,60641,3854,29197,2686,56787,6848,3294,3554
39140,60652,3855,29202,2686,56797,6848,3294,3554
39145,60656,3855,29206,2686,56801,6848,3294,3554
39150,60666,3856,29212,2687,56810,6849,3294,3555
39155,60672,3856,29215,2687,56816,6850,3295,3555
39160,60683,3858,29221,2689,56825,6850,3295,3555
39165,60687,3858,29223,2689,56829,6850,3295,3555
39170,60697,3859,29230,2690,56838,6851,3295,3556
39175,60703,3859,29233,2690,56844,6852,3295,3557
39180,60714,3861,29237,2691,56853,6852,3295,3557
39185,60718,3861,29239,2691,56857,6852,3295,3557
39190,60728,3861,29247,2691,56867,6853,3296,3557
39195,60734,3861,29251,2691,56873,6854,3297,3557
39200,60745,3863,29255,2693,56882,6854,3297,3557
39205,60749,3863,29257,2693,56886,6854,3297,3557
39210,60759,3863,29262,2693,56896,6855,3298,3557
39215,60765,3863,29267,2693,56902,6856,3299,3557
39220,60776,3865,29274,2694,56911,6856,3299,3557
39225,60780,3865,29277,2694,56915,6856,3299,3557
39230,60790,3865,29282,2694,56925,6857,3299,3558
39235,60796,3865,29283,2694,56931,6859,3300,3559
39240,60807,3867,29290,2696,56940,6861,3302,3559
39245,60811,3868,29293,2697,56943,6861,3302,3559
39250,60821,3869,29300,2698,56952,6862,3303,3559
39255,60827,3869,29303,2698,56957,6863,3304,3559
39260,60838,3870,29306,2699,56968,6865,3305,3560
39265,60842,3871,29307,2700,56971,6865,3305,3560
39270,60852,3872,29313,2701,56980,6866,3305,3561
39275,60858,3872,29317,2701,56986,6867,3305,3562
39280,60869,3872,29320,2701,56997,6868,3305,3563
39285,60873,3872,29323,2701,57001,6868,3305,3563
39290,60883,3872,29326,2701,57011,6869,3306,3563
39295,60889,3872,29328,2701,57017,6870,3307,3563
39300,60900,3872,29336,2701,57028,6871,3308,3563
39305,60904,3872,29337,2701,57032,6871,3308,3563
39310,60914,3872,29341,2701,57042,6872,3308,3564
39315,60920,3872,29343,2701,57048,6873,3308,3565
39320,60931,3872,29348,2701,57059,6873,3308,3565
39325,60935,3872,29348,2701,57063,6873,3308,3565
39330,60945,3872,29351,2701,57073,6874,3308,3566
39335,60951,3872,29354,2701,57079,6875,3308,3567
39340,60962,3872,29360,2701,57090,6875,3308,3567
39345,60966,3872,29364,2701,57094,6875,3308,3567
39350,60976,3872,29369,2701,57104,6876,3308,3568
39355,60982,3872,29371,2701,57110,6877,3309,3568
39360,60993,3874,29377,2702,57119,6877,3309,3568
39365,60997,3874,29380,2702,57123,6877,3309,3568
39370,61007,3874,29383,2702,57133,6878,3310,3568
39375,61013,3874,29386,2702,57139,6879,3310,3569
39380,61024,3876,29391,2703,57148,6879,3310,3569
39385,61028,3876,29392,2703,57152,6879,3310,3569
39390,61038,3877,29396,2704,57161,6881,3312,3569
39395,61044,3877,29399,2704,57167,6883,3313,3570
39400,61055,3878,29403,2704,57177,6884,3313,3571
39405,61059,3878,29403,2704,57181,6884,3313,3571
39410,61069,3879,29408,2704,57190,6886,3314,3572
39415,61075,3879,29412,2704,57196,6887,3315,3572
39420,61086,3880,29415,2704,57206,6889,3315,3574
39425,61090,3880,29418,2704,57210,6889,3315,3574
39430,61100,3880,29424,2704,57220,6890,3315,3575
39435,61106,3880,29424,2704,57226,6891,3315,3576
39440,61117,3882,29431,2706,57235,6892,3316,3576
39445,61121,3882,29432,2706,57239,6892,3316,3576
39450,61131,3882,29436,2706,57249,6893,3316,3577
39455,61137,3882,29437,2706,57255,6894,3316,3578
39460,61148,3883,29441,2706,57265,6895,3316,3579
39465,61152,3883,29445,2706,57269,6895,3316,3579
39470,61162,3883,29449,2706,57279,6896,3316,3580
39475,61168,3883,29451,2706,57285,6897,3317,3580
39480,61179,3884,29457,2706,57295,6898,3317,3581
39485,61183,3884,29459,2706,57299,6898,3317,3581
39490,61193,3884,29463,2706,57309,6899,3317,3582
39495,61199,3884,29464,2706,57315,6900,3317,3583
39500,61210,3886,29470,2708,57324,6901,3317,3584
39505,61214,3886,29470,2708,57328,6901,3317,3584
39510,61224,3886,29476,2708,57338,6902,3318,3584
39515,61230,3886,29478,2708,57344,6903,3318,3585
39520,61241,3887,29482,2708,57354,6904,3319,3585
39525,61245,3887,29484,2708,57358,6904,3319,3585
39530,61255,3888,29487,2708,57367,6905,3320,3585
39535,61261,3888,29492,2708,57372,6906,3321,3585
39540,61272,3890,29496,2709,57382,6908,3322,3586
39545,61276,3890,29496,2709,57386,6908,3322,3586
39550,61286,3891,29503,2709,57395,6909,3323,3586
39555,61292,3891,29507,2709,57400,6910,3323,3587
39560,61303,3893,29513,2711,57410,6911,3323,3588
39565,61307,3895,29515,2713,57412,6911,3323,3588
39570,61317,3896,29521,2714,57421,6912,3323,3589
39575,61323,3896,29525,2714,57426,6913,3324,3589
39580,61334,3899,29531,2716,57435,6914,3324,3590
39585,61338,3900,29533,2717,57438,6914,3324,3590
39590,61348,3901,29541,2718,57447,6916,3326,3590
39595,61354,3901,29542,2718,57453,6918,3327,3591
39600,61365,3902,29546,2719,57463,6919,3327,3592
39605,61369,3902,29547,2719,57467,6919,3327,3592
39610,61379,3903,29550,2720,57476,6920,3327,3593
39615,61385,3903,29553,2720,57481,6921,3328,3593
39620,61396,3904,29561,2721,57492,6921,3328,3593
39625,61400,3905,29564,2722,57495,6921,3328,3593
39630,61410,3906,29569,2723,57504,6922,3328,3594
39635,61416,3906,29570,2723,57510,6923,3328,3595
39640,61427,3906,29577,2723,57521,6923,3328,3595
39645,61431,3906,29577,2723,57525,6923,3328,3595
39650,61441,3907,29581,2724,57534,6924,3328,3596
39655,61447,3907,29584,2724,57539,6925,3329,3596
39660,61458,3909,29590,2726,57549,6926,3330,3596
39665,61462,3910,29592,2727,57552,6926,3330,3596
39670,61472,3910,29598,2727,57562,6927,3331,3596
39675,61478,3910,29601,2727,57568,6928,3331,3597
39680,61489,3910,29603,2727,57579,6928,3331,3597
39685,61493,3910,29604,2727,57583,6928,3331,3597
39690,61503,3910,29610,2727,57593,6929,3331,3598
39695,61509,3910,29616,2727,57599,6930,3332,3598
39700,61520,3910,29621,2727,57610,6930,3332,3598
39705,61524,3910,29623,2727,57614,6930,3332,3598
39710,61534,3910,29628,2727,57624,6931,3333,3598
39715,61540,3910,29632,2727,57630,6932,3334,3598
39720,61551,3910,29636,2727,57641,6933,3335,3598
39725,61555,3910,29639,2727,57645,6933,3335,3598
39730,61565,3910,29645,2727,57655,6934,3336,3598
39735,61571,3910,29648,2727,57661,6935,3337,3598
39740,61582,3910,29654,2727,57672,6936,3338,3598
39745,61586,3910,29655,2727,57676,6936,3338,3598
39750,61596,3910,29662,2727,57686,6937,3339,3598
39755,61602,3910,29663,2727,57692,6938,3340,3598
39760,61613,3910,29669,2727,57703,6939,3340,3599
39765,61617,3910,29670,2727,57707,6939,3340,3599
39770,61627,3911,29674,2728,57716,6940,3341,3599
39775,61633,3911,29678,2728,57721,6941,3341,3600
39780,61644,3914,29684,2731,57730,6942,3341,3601
39785,61648,3915,29685,2732,57733,6942,3341,3601
39790,61658,3916,29692,2732,57742,6943,3342,3601
39795,61664,3916,29694,2732,57748,6944,3343,3601
39800,61675,3917,29697,2732,57758,6945,3343,3602
39805,61679,3918,29699,2733,57761,6945,3343,3602
39810,61689,3919,29705,2734,57770,6947,3344,3603
39815,61695,3919,29707,2734,57776,6948,3344,3604
39820,61706,3920,29713,2735,57786,6949,3344,3605
39825,61710,3920,29713,2735,57790,6949,3344,3605
39830,61720,3921,29717,2735,57799,6951,3345,3606
39835,61726,3921,29722,2735,57805,6953,3347,3606
39840,61737,3922,29726,2736,57815,6954,3347,3607
39845,61741,3923,29729,2737,57818,6954,3347,3607
39850,61751,3924,29732,2738,57827,6956,3347,3609
39855,61757,3924,29736,2738,57833,6957,3347,3610
39860,61768,3926,29742,2739,57842,6958,3348,3610
39865,61772,3927,29743,2740,57845,6958,3348,3610
39870,61782,3928,29747,2740,57854,6959,3349,3610
39875,61788,3928,29751,2740,57860,6960,3349,3611
39880,61799,3930,29758,2742,57869,6961,3350,3611
39885,61803,3930,29759,2742,57873,6961,3350,3611
39890,61813,3931,29763,2742,57882,6962,3350,3612
39895,61819,3931,29767,2742,57887,6963,3351,3612
39900,61830,3933,29769,2743,57897,6965,3352,3613
39905,61834,3933,29769,2743,57901,6965,3352,3613
39910,61844,3933,29775,2743,57911,6966,3353,3613
39915,61850,3933,29777,2743,57917,6967,3354,3613
39920,61861,3933,29783,2743,57928,6967,3354,3613
39925,61865,3933,29783,2743,57932,6967,3354,3613
39930,61875,3933,29789,2743,57942,6968,3355,3613
39935,61881,3933,29791,2743,57948,6969,3355,3614
39940,61892,3933,29795,2743,57959,6969,3355,3614
39945,61896,3933,29797,2743,57963,6969,3355,3614
39950,61906,3933,29803,2743,57973,6970,3356,3614
39955,61912,3933,29803,2743,57979,6972,3356,3616
39960,61923,3933,29809,2743,57990,6972,3356,3616
39965,61927,3933,29810,2743,57994,6972,3356,3616
39970,61937,3933,29816,2743,58004,6974,3358,3616
39975,61943,3933,29820,2743,58010,6975,3359,3616
39980,61954,3933,29826,2743,58021,6975,3359,3616
39985,61958,3933,29828,2743,58025,6975,3359,3616
39990,61968,3933,29836,2743,58035,6977,3360,3617
39995,61974,3933,29840,2743,58041,6978,3361,3617
40000,61985,3933,29844,2743,58052,6978,3361,3617
40005,61989,3933,29846,2743,58056,6978,3361,3617
40010,61999,3934,29848,2744,58065,6979,3361,3618
40015,62005,3934,29852,2744,58070,6980,3362,3618
40020,62016,3937,29859,2747,58079,6981,3362,3619
40025,62020,3938,29861,2748,58082,6981,3362,3619
40030,62030,3939,29863,2748,58091,6982,3362,3620
40035,62036,3939,29866,2748,58097,6983,3363,3620
40040,62047,3940,29872,2748,58107,6985,3363,3622
40045,62051,3941,29873,2749,58110,6985,3363,3622
40050,62061,3942,29880,2750,58119,6986,3363,3623
40055,62067,3942,29884,2750,58124,6987,3363,3624
40060,62078,3944,29890,2752,58134,6989,3364,3625
40065,62082,3944,29892,2752,58138,6989,3364,3625
40070,62092,3945,29898,2752,58147,6990,3365,3625
40075,62098,3945,29902,2752,58152,6991,3366,3625
40080,62109,3947,29908,2753,58162,6993,3367,3626
40085,62113,3948,29910,2754,58165,6993,3367,3626
40090,62123,3948,29915,2754,58175,6995,3367,3628
40095,62129,3948,29918,2754,58181,6996,3367,3629
40100,62140,3949,29926,2755,58191,6998,3369,3629
40105,62144,3950,29928,2756,58194,6998,3369,3629
40110,62154,3950,29932,2756,58204,7000,3371,3629
40115,62160,3950,29933,2756,58210,7001,3372,3629
40120,62171,3951,29938,2757,58220,7003,3372,3631
40125,62175,3951,29939,2757,58224,7003,3372,3631
40130,62185,3951,29943,2757,58234,7004,3373,3631
40135,62191,3951,29946,2757,58240,7005,3373,3632
40140,62202,3953,29951,2759,58249,7007,3373,3634
40145,62206,3953,29953,2759,58253,7007,3373,3634
40150,62216,3954,29959,2759,58262,7008,3373,3635
40155,62222,3954,29963,2759,58267,7009,3374,3635
40160,62233,3956,29965,2760,58277,7011,3375,3636
40165,62237,3958,29968,2762,58279,7011,3375,3636
40170,62247,3959,29971,2763,58288,7012,3375,3637
40175,62253,3959,29973,2763,58294,7013,3375,3638
40180,62264,3961,29979,2764,58303,7015,3376,3639
40185,62268,3961,29979,2764,58307,7015,3376,3639
40190,62278,3962,29982,2765,58316,7016,3376,3640
40195,62284,3962,29987,2765,58321,7017,3377,3640
40200,62295,3966,29990,2768,58329,7019,3377,3642
40205,62299,3966,29991,2768,58333,7019,3377,3642
40210,62309,3966,29998,2768,58343,7021,3378,3643
40215,62315,3966,30001,2768,58349,7022,3379,3643
40220,62326,3966,30005,2768,58360,7022,3379,3643
40225,62330,3966,30006,2768,58364,7022,3379,3643
40230,62340,3966,30012,2768,58374,7023,3380,3643
40235,62346,3966,30013,2768,58380,7024,3380,3644
40240,62357,3966,30019,2768,58391,7024,3380,3644
40245,62361,3966,30021,2768,58395,7024,3380,3644
40250,62371,3966,30026,2768,58405,7025,3381,3644
40255,62377,3966,30028,2768,58411,7026,3381,3645
40260,62388,3966,30033,2768,58422,7026,3381,3645
40265,62392,3966,30033,2768,58426,7026,3381,3645
40270,62402,3966,30040,2768,58436,7027,3382,3645
40275,62408,3966,30042,2768,58442,7028,3383,3645
40280,62419,3966,30047,2768,58453,7028,3383,3645
40285,62423,3966,30047,2768,58457,7028,3383,3645
40290,62433,3966,30052,2768,58467,7029,3384,3645
40295,62439,3966,30055,2768,58473,7030,3384,3646
40300,62450,3966,30061,2768,58484,7030,3384,3646
40305,62454,3966,30062,2768,58488,7030,3384,3646
40310,62464,3967,30066,2768,58497,7031,3385,3646
40315,62470,3967,30067,2768,58503,7032,3385,3647
40320,62481,3968,30073,2769,58513,7034,3385,3649
40325,62485,3969,30074,2770,58516,7034,3385,3649
40330,62495,3970,30083,2770,58525,7036,3387,3649
40335,62501,3970,30085,2770,58530,7037,3387,3650
40340,62512,3972,30090,2771,58540,7039,3388,3651
40345,62516,3972,30091,2771,58544,7039,3388,3651
40350,62526,3973,30095,2772,58553,7041,3389,3652
40355,62532,3973,30100,2772,58559,7042,3390,3652
40360,62543,3975,30106,2773,58568,7044,3391,3653
40365,62547,3976,30108,2774,58571,7044,3391,3653
40370,62557,3977,30115,2775,58580,7046,3393,3653
40375,62563,3977,30119,2775,58585,7047,3394,3653
40380,62574,3979,30123,2777,58595,7049,3394,3655
40385,62578,3980,30125,2778,58598,7049,3394,3655
40390,62588,3981,30130,2779,58607,7050,3394,3656
40395,62594,3981,30131,2779,58613,7051,3394,3657
40400,62605,3982,30136,2780,58623,7052,3394,3658
40405,62609,3982,30138,2780,58627,7052,3394,3658
40410,62619,3983,30141,2781,58636,7053,3394,3659
40415,62625,3983,30143,2781,58642,7054,3395,3659
40420,62636,3985,30147,2782,58651,7055,3396,3659
40425,62640,3985,30150,2782,58655,7055,3396,3659
40430,62650,3986,30154,2782,58664,7056,3397,3659
40435,62656,3986,30156,2782,58670,7058,3397,3661
40440,62667,3988,30161,2784,58679,7059,3397,3662
40445,62671,3988,30163,2784,58683,7059,3397,3662
40450,62681,3989,30166,2784,58692,7060,3397,3663
40455,62687,3989,30170,2784,58698,7061,3397,3664
40460,62698,3990,30177,2785,58708,7061,3397,3664
40465,62702,3990,30179,2785,58712,7061,3397,3664
40470,62712,3991,30187,2786,58721,7062,3398,3664
40475,62718,3991,30190,2786,58727,7063,3398,3665
40480,62729,3992,30195,2787,58737,7063,3398,3665
40485,62733,3992,30197,2787,58741,7063,3398,3665
40490,62743,3993,30201,2787,58750,7065,3399,3666
40495,62749,3993,30205,2787,58756,7066,3400,3666
40500,62760,3994,30211,2788,58766,7067,3400,3667
40505,62764,3994,30212,2788,58770,7067,3400,3667
40510,62774,3994,30216,2788,58780,7068,3401,3667
40515,62780,3994,30217,2788,58786,7069,3402,3667
40520,62791,3994,30222,2788,58797,7070,3403,3667
40525,62795,3994,30225,2788,58801,7070,3403,3667
40530,62805,3994,30229,2788,58811,7071,3403,3668
40535,62811,3994,30231,2788,58817,7072,3403,3669
40540,62822,3994,30236,2788,58828,7073,3404,3669
40545,62826,3994,30237,2788,58832,7073,3404,3669
40550,62836,3994,30242,2788,58842,7074,3405,3669
40555,62842,3994,30243,2788,58848,7075,3405,3670
40560,62853,3995,30249,2789,58858,7075,3405,3670
40565,62857,3997,30253,2791,58860,7075,3405,3670
40570,62867,3998,30257,2791,58869,7076,3405,3671
40575,62873,3998,30260,2791,58874,7078,3406,3672
40580,62884,4000,30264,2792,58884,7078,3406,3672
40585,62888,4000,30264,2792,58888,7078,3406,3672
40590,62898,4001,30267,2792,58897,7079,3407,3672
40595,62904,4001,30270,2792,58902,7080,3407,3673
40600,62915,4004,30274,2794,58911,7080,3407,3673
40605,62919,4005,30276,2795,58914,7080,3407,3673
40610,62929,4006,30279,2795,58923,7081,3407,3674
40615,62935,4006,30283,2795,58928,7082,3408,3674
40620,62946,4008,30285,2797,58938,7083,3408,3675
40625,62950,4008,30287,2797,58942,7083,3408,3675
40630,62960,4008,30292,2797,58952,7085,3409,3676
40635,62966,4008,30294,2797,58958,7086,3409,3677
40640,62977,4008,30300,2797,58969,7087,3409,3678
40645,62981,4008,30303,2797,58973,7087,3409,3678
40650,62991,4008,30309,2797,58983,7089,3410,3679
40655,62997,4008,30313,2797,58989,7090,3410,3680
40660,63008,4008,30317,2797,59000,7092,3410,3682
40665,63012,4008,30319,2797,59004,7092,3410,3682
40670,63022,4008,30322,2797,59014,7093,3410,3683
40675,63028,4008,30325,2797,59020,7094,3410,3684
40680,63039,4008,30331,2797,59031,7096,3412,3684
40685,63043,4008,30333,2797,59035,7096,3412,3684
40690,63053,4008,30336,2797,59045,7098,3413,3685
40695,63059,4008,30340,2797,59051,7100,3415,3685
40700,63070,4008,30347,2797,59062,7101,3415,3686
40705,63074,4008,30349,2797,59066,7101,3415,3686
40710,63084,4008,30353,2797,59076,7102,3415,3687
40715,63090,4008,30354,2797,59082,7104,3416,3688
40720,63101,4008,30362,2797,59093,7105,3417,3688
40725,63105,4009,30364,2798,59096,7105,3417,3688
40730,63115,4010,30370,2798,59105,7106,3418,3688
40735,63121,4010,30372,2798,59110,7107,3418,3689
40740,63132,4013,30378,2801,59119,7108,3419,3689
40745,63136,4013,30379,2801,59123,7108,3419,3689
40750,63146,4013,30383,2801,59133,7109,3419,3690
40755,63152,4013,30387,2801,59139,7110,3419,3691
40760,63163,4015,30397,2803,59148,7110,3419,3691
40765,63167,4016,30400,2804,59151,7110,3419,3691
40770,63177,4016,30405,2804,59161,7111,3420,3691
40775,63183,4016,30407,2804,59167,7112,3420,3692
40780,63194,4017,30413,2805,59177,7112,3420,3692
40785,63198,4017,30415,2805,59181,7112,3420,3692
40790,63208,4017,30418,2805,59191,7113,3420,3693
40795,63214,4017,30418,2805,59197,7114,3420,3694
40800,63225,4019,30421,2806,59206,7114,3420,3694
40805,63229,4019,30423,2806,59210,7114,3420,3694
40810,63239,4019,30428,2806,59220,7115,3421,3694
40815,63245,4019,30429,2806,59226,7116,3421,3695
40820,63256,4019,30437,2806,59237,7117,3422,3695
40825,63260,4019,30438,2806,59241,7117,3422,3695
40830,63270,4019,30442,2806,59251,7118,3422,3696
40835,63276,4019,30444,2806,59257,7120,3423,3697
40840,63287,4019,30447,2806,59268,7120,3423,3697
40845,63291,4019,30449,2806,59272,7120,3423,3697
40850,63301,4020,30454,2807,59281,7121,3423,3698
40855,63307,4020,30456,2807,59287,7123,3423,3700
40860,63318,4020,30461,2807,59298,7123,3423,3700
40865,63322,4020,30464,2807,59302,7123,3423,3700
40870,63332,4021,30469,2807,59311,7124,3424,3700
40875,63338,4021,30472,2807,59316,7126,3426,3700
40880,63349,4022,30477,2808,59327,7127,3426,3701
40885,63353,4022,30479,2808,59331,7127,3426,3701
40890,63363,4023,30482,2809,59340,7128,3426,3702
40895,63369,4023,30484,2809,59346,7129,3426,3703
40900,63380,4023,30490,2809,59357,7129,3426,3703
40905,63384,4023,30492,2809,59361,7129,3426,3703
40910,63394,4024,30497,2809,59370,7130,3427,3703
40915,63400,4024,30501,2809,59375,7131,3427,3704
40920,63411,4027,30507,2811,59384,7131,3427,3704
40925,63415,4027,30509,2811,59388,7131,3427,3704
40930,63425,4028,30514,2811,59397,7132,3428,3704
40935,63431,4028,30517,2811,59402,7133,3429,3704
40940,63442,4031,30521,2813,59411,7134,3429,3705
40945,63446,4031,30524,2813,59415,7134,3429,3705
40950,63456,4032,30530,2813,59424,7135,3430,3705
40955,63462,4032,30534,2813,59429,7136,3431,3705
40960,63473,4035,30537,2815,59438,7137,3432,3705
40965,63477,4035,30538,2815,59442,7137,3432,3705
40970,63487,4036,30543,2816,59451,7139,3432,3707
40975,63493,4036,30547,2816,59456,7140,3432,3708
40980,63504,4038,30554,2818,59466,7141,3433,3708
40985,63508,4039,30556,2819,59469,7141,3433,3708
40990,63518,4039,30564,2819,59479,7142,3433,3709
40995,63524,4039,30566,2819,59485,7143,3434,3709
41000,63535,4040,30567,2819,59495,7145,3435,3710
41005,63539,4041,30570,2820,59498,7145,3435,3710
41010,63549,4041,30573,2820,59508,7146,3435,3711
41015,63555,4041,30577,2820,59514,7147,3436,3711
41020,63566,4042,30583,2821,59524,7148,3437,3711
41025,63570,4042,30585,2821,59528,7148,3437,3711
41030,63580,4042,30590,2821,59538,7149,3438,3711
41035,63586,4042,30593,2821,59544,7150,3438,3712
41040,63597,4043,30597,2821,59554,7151,3438,3713
41045,63601,4044,30599,2822,59557,7151,3438,3713
41050,63611,4044,30607,2822,59567,7152,3439,3713
41055,63617,4044,30610,2822,59573,7153,3439,3714
41060,63628,4045,30613,2822,59583,7154,3439,3715
41065,63632,4046,30615,2823,59586,7154,3439,3715
41070,63642,4046,30619,2823,59596,7155,3439,3716
41075,63648,4046,30620,2823,59602,7156,3440,3716
41080,63659,4047,30623,2823,59612,7157,3440,3717
41085,63663,4047,30624,2823,59616,7157,3440,3717
41090,63673,4048,30630,2824,59625,7158,3440,3718
41095,63679,4048,30634,2824,59630,7159,3441,3718
41100,63690,4051,30639,2827,59639,7160,3442,3718
41105,63694,4051,30640,2827,59643,7160,3442,3718
41110,63704,4052,30645,2827,59652,7161,3443,3718
41115,63710,4052,30647,2827,59658,7162,3443,3719
41120,63721,4052,30651,2827,59669,7163,3444,3719
41125,63725,4052,30652,2827,59673,7163,3444,3719
41130,63735,4053,30661,2828,59682,7164,3445,3719
41135,63741,4053,30662,2828,59688,7165,3446,3719
41140,63752,4053,30667,2828,59699,7166,3446,3720
41145,63756,4054,30670,2829,59702,7166,3446,3720
41150,63766,4055,30677,2830,59711,7167,3447,3720
41155,63772,4055,30680,2830,59717,7168,3447,3721
41160,63783,4055,30686,2830,59728,7169,3448,3721
41165,63787,4055,30688,2830,59732,7169,3448,3721
41170,63797,4056,30693,2831,59741,7170,3448,3722
41175,63803,4056,30694,2831,59746,7171,3448,3723
41180,63814,4057,30699,2832,59757,7172,3449,3723
41185,63818,4057,30702,2832,59761,7172,3449,3723
41190,63828,4058,30707,2833,59770,7173,3449,3724
41195,63834,4058,30712,2833,59775,7175,3451,3724
41200,63845,4059,30718,2834,59786,7176,3452,3724
41205,63849,4059,30721,2834,59790,7176,3452,3724
41210,63859,4060,30724,2834,59799,7177,3452,3725
41215,63865,4060,30725,2834,59804,7179,3452,3727
41220,63876,4062,30732,2835,59814,7180,3453,3727
41225,63880,4062,30735,2835,59818,7180,3453,3727
41230,63890,4062,30738,2835,59828,7181,3453,3728
41235,63896,4062,30741,2835,59834,7182,3454,3728
41240,63907,4064,30747,2836,59843,7182,3454,3728
41245,63911,4064,30749,2836,59847,7182,3454,3728
41250,63921,4064,30754,2836,59857,7183,3454,3729
41255,63927,4064,30756,2836,59863,7184,3455,3729
41260,63938,4066,30763,2837,59872,7184,3455,3729
41265,63942,4066,30765,2837,59876,7184,3455,3729
41270,63952,4066,30771,2837,59886,7186,3457,3729
41275,63958,4066,30773,2837,59892,7187,3457,3730
41280,63969,4068,30780,2839,59901,7188,3458,3730
41285,63973,4069,30782,2840,59904,7188,3458,3730
41290,63983,4069,30787,2840,59914,7189,3458,3731
41295,63989,4069,30789,2840,59920,7190,3458,3732
41300,64000,4070,30792,2840,59930,7190,3458,3732
41305,64004,4071,30796,2841,59933,7190,3458,3732
41310,64014,4071,30802,2841,59943,7191,3459,3732
41315,64020,4071,30804,2841,59949,7192,3460,3732
41320,64031,4073,30812,2843,59958,7192,3460,3732
41325,64035,4074,30815,2844,59961,7192,3460,3732
41330,64045,4075,30820,2845,59970,7193,3460,3733
41335,64051,4075,30821,2845,59976,7194,3460,3734
41340,64062,4078,30825,2847,59984,7195,3460,3735
41345,64066,4079,30827,2848,59987,7195,3460,3735
41350,64076,4080,30834,2849,59996,7197,3461,3736
41355,64082,4080,30837,2849,60002,7199,3462,3737
41360,64093,4080,30844,2849,60013,7201,3464,3737
41365,64097,4080,30846,2849,60017,7201,3464,3737
41370,64107,4081,30851,2850,60026,7202,3465,3737
41375,64113,4081,30853,2850,60032,7203,3465,3738
41380,64124,4081,30859,2850,60043,7205,3465,3740
41385,64128,4081,30862,2850,60047,7205,3465,3740
41390,64138,4082,30869,2851,60056,7206,3465,3741
41395,64144,4082,30871,2851,60062,7207,3465,3742
41400,64155,4082,30879,2851,60073,7209,3467,3742
41405,64159,4082,30880,2851,60077,7209,3467,3742
41410,64169,4083,30884,2852,60086,7210,3468,3742
41415,64175,4083,30887,2852,60092,7212,3470,3742
41420,64186,4083,30894,2852,60103,7213,3470,3743
41425,64190,4083,30897,2852,60107,7213,3470,3743
41430,64200,4084,30901,2852,60116,7214,3470,3744
41435,64206,4084,30904,2852,60122,7215,3471,3744
41440,64217,4084,30909,2852,60133,7216,3471,3745
41445,64221,4084,30911,2852,60137,7216,3471,3745
41450,64231,4085,30915,2852,60146,7217,3472,3745
41455,64237,4085,30916,2852,60152,7218,3472,3746
41460,64248,4088,30922,2855,60160,7218,3472,3746
41465,64252,4089,30924,2856,60163,7218,3472,3746
41470,64262,4089,30928,2856,60173,7219,3473,3746
41475,64268,4089,30929,2856,60179,7220,3473,3747
41480,64279,4090,30934,2856,60189,7220,3473,3747
41485,64283,4090,30935,2856,60193,7220,3473,3747
41490,64293,4090,30940,2856,60203,7221,3473,3748
41495,64299,4090,30944,2856,60209,7222,3473,3749
41500,64310,4091,30951,2857,60219,7222,3473,3749
41505,64314,4091,30953,2857,60223,7222,3473,3749
41510,64324,4091,30958,2857,60233,7224,3474,3750
41515,64330,4091,30961,2857,60239,7225,3474,3751
41520,64341,4092,30964,2857,60249,7226,3475,3751
41525,64345,4093,30967,2858,60252,7226,3475,3751
41530,64355,4093,30973,2858,60262,7227,3475,3752
41535,64361,4093,30975,2858,60268,7228,3476,3752
41540,64372,4093,30981,2858,60279,7228,3476,3752
41545,64376,4093,30983,2858,60283,7228,3476,3752
41550,64386,4093,30988,2858,60293,7229,3476,3753
41555,64392,4093,30990,2858,60299,7230,3477,3753
41560,64403,4093,30995,2858,60310,7230,3477,3753
41565,64407,4093,30998,2858,60314,7230,3477,3753
41570,64417,4094,31003,2859,60323,7231,3477,3754
41575,64423,4094,31006,2859,60329,7232,3477,3755
41580,64434,4094,31013,2859,60340,7233,3477,3756
41585,64438,4094,31014,2859,60344,7233,3477,3756
41590,64448,4095,31019,2860,60353,7234,3478,3756
41595,64454,4095,31023,2860,60358,7235,3479,3756
41600,64465,4098,31029,2863,60367,7236,3480,3756
41605,64469,4098,31032,2863,60371,7236,3480,3756
41610,64479,4099,31037,2863,60380,7237,3480,3757
41615,64485,4099,31040,2863,60385,7238,3480,3758
41620,64496,4102,31045,2865,60394,7239,3480,3759
41625,64500,4102,31047,2865,60398,7239,3480,3759
41630,64510,4103,31053,2865,60407,7241,3482,3759
41635,64516,4103,31056,2865,60413,7243,3483,3760
41640,64527,4105,31060,2866,60422,7244,3483,3761
41645,64531,4105,31064,2866,60426,7244,3483,3761
41650,64541,4105,31071,2866,60436,7245,3483,3762
41655,64547,4105,31074,2866,60442,7246,3484,3762
41660,64558,4105,31078,2866,60453,7248,3485,3763
41665,64562,4105,31081,2866,60457,7248,3485,3763
41670,64572,4105,31086,2866,60467,7249,3485,3764
41675,64578,4105,31090,2866,60473,7250,3485,3765
41680,64589,4105,31097,2866,60484,7252,3487,3765
41685,64593,4105,31098,2866,60488,7252,3487,3765
41690,64603,4105,31100,2866,60498,7253,3487,3766
41695,64609,4105,31102,2866,60504,7254,3488,3766
41700,64620,4105,31106,2866,60515,7256,3489,3767
41705,64624,4106,31108,2867,60518,7256,3489,3767
41710,64634,4107,31114,2867,60527,7257,3490,3767
41715,64640,4107,31116,2867,60532,7258,3490,3768
41720,64651,4108,31123,2868,60543,7258,3490,3768
41725,64655,4108,31125,2868,60547,7258,3490,3768
41730,64665,4109,31130,2869,60556,7259,3491,3768
41735,64671,4109,31132,2869,60562,7260,3491,3769
41740,64682,4109,31138,2869,60573,7260,3491,3769
41745,64686,4110,31141,2870,60576,7260,3491,3769
41750,64696,4111,31149,2871,60585,7261,3491,3770
41755,64702,4111,31150,2871,60591,7262,3491,3771
41760,64713,4112,31159,2872,60601,7262,3491,3771
41765,64717,4112,31160,2872,60605,7262,3491,3771
41770,64727,4112,31166,2872,60615,7263,3492,3771
41775,64733,4112,31171,2872,60621,7264,3493,3771
41780,64744,4115,31179,2875,60629,7265,3494,3771
41785,64748,4115,31181,2875,60633,7265,3494,3771
41790,64758,4115,31185,2875,60643,7266,3495,3771
41795,64764,4115,31188,2875,60649,7267,3496,3771
41800,64775,4117,31194,2877,60658,7268,3497,3771
41805,64779,4117,31195,2877,60662,7268,3497,3771
41810,64789,4117,31198,2877,60672,7269,3497,3772
41815,64795,4117,31200,2877,60678,7270,3498,3772
41820,64806,4118,31204,2877,60688,7272,3499,3773
41825,64810,4119,31207,2878,60691,7272,3499,3773
41830,64820,4119,31213,2878,60701,7273,3500,3773
41835,64826,4119,31218,2878,60707,7274,3501,3773
41840,64837,4121,31222,2879,60716,7275,3502,3773
41845,64841,4121,31224,2879,60720,7275,3502,3773
41850,64851,4121,31231,2879,60730,7276,3503,3773
41855,64857,4121,31233,2879,60736,7277,3504,3773
41860,64868,4122,31239,2879,60746,7278,3505,3773
41865,64872,4122,31240,2879,60750,7278,3505,3773
41870,64882,4122,31245,2879,60760,7279,3506,3773
41875,64888,4122,31247,2879,60766,7281,3507,3774
41880,64899,4123,31254,2879,60776,7282,3508,3774
41885,64903,4123,31257,2879,60780,7282,3508,3774
41890,64913,4124,31264,2880,60789,7283,3509,3774
41895,64919,4124,31268,2880,60795,7284,3510,3774
41900,64930,4125,31274,2881,60805,7285,3510,3775
41905,64934,4125,31275,2881,60809,7285,3510,3775
41910,64944,4126,31279,2882,60818,7286,3510,3776
41915,64950,4126,31282,2882,60824,7287,3511,3776
41920,64961,4128,31286,2883,60833,7288,3511,3777
41925,64965,4129,31287,2884,60836,7288,3511,3777
41930,64975,4130,31291,2885,60845,7289,3511,3778
41935,64981,4130,31295,2885,60851,7290,3511,3779
41940,64992,4131,31300,2886,60861,7292,3512,3780
41945,64996,4131,31302,2886,60865,7292,3512,3780
41950,65006,4132,31308,2887,60874,7293,3513,3780
41955,65012,4132,31311,2887,60880,7294,3514,3780
41960,65023,4133,31316,2888,60890,7295,3515,3780
41965,65027,4133,31318,2888,60894,7295,3515,3780
41970,65037,4134,31322,2888,60903,7297,3516,3781
41975,65043,4134,31325,2888,60909,7298,3517,3781
41980,65054,4135,31330,2889,60919,7299,3518,3781
41985,65058,4136,31331,2890,60922,7299,3518,3781
41990,65068,4137,31335,2891,60931,7301,3519,3782
41995,65074,4137,31337,2891,60937,7303,3519,3784
42000,65085,4138,31339,2892,60947,7304,3519,3785
42005,65089,4138,31340,2892,60951,7304,3519,3785
42010,65099,4139,31345,2892,60960,7306,3520,3786
42015,65105,4139,31348,2892,60966,7308,3521,3787
42020,65116,4140,31350,2893,60976,7309,3521,3788
42025,65120,4141,31354,2894,60979,7309,3521,3788
42030,65130,4142,31360,2895,60988,7311,3523,3788
42035,65136,4142,31362,2895,60994,7312,3524,3788
42040,65147,4143,31368,2895,61004,7313,3525,3788
42045,65151,4143,31369,2895,61008,7313,3525,3788
42050,65161,4144,31375,2895,61017,7315,3526,3789
42055,65167,4144,31378,2895,61022,7316,3526,3790
42060,65178,4146,31382,2896,61032,7317,3526,3791
42065,65182,4147,31383,2897,61035,7317,3526,3791
42070,65192,4148,31388,2897,61044,7318,3526,3792
42075,65198,4148,31391,2897,61049,7319,3526,3793
42080,65209,4150,31396,2899,61059,7321,3526,3795
42085,65213,4150,31399,2899,61063,7321,3526,3795
42090,65223,4151,31403,2899,61072,7322,3526,3796
42095,65229,4151,31407,2899,61077,7323,3527,3796
42100,65240,4153,31412,2901,61087,7325,3528,3797
42105,65244,4153,31415,2901,61091,7325,3528,3797
42110,65254,4154,31422,2902,61100,7326,3528,3798
42115,65260,4154,31422,2902,61106,7327,3528,3799
42120,65271,4154,31426,2902,61117,7329,3528,3801
42125,65275,4154,31427,2902,61121,7329,3528,3801
42130,65285,4154,31434,2902,61131,7331,3530,3801
42135,65291,4154,31440,2902,61137,7332,3531,3801
42140,65302,4154,31445,2902,61148,7333,3531,3802
42145,65306,4154,31448,2902,61152,7333,3531,3802
42150,65316,4154,31453,2902,61162,7334,3531,3803
42155,65322,4154,31457,2902,61168,7335,3532,3803
42160,65333,4154,31462,2902,61179,7336,3533,3803
42165,65337,4154,31462,2902,61183,7336,3533,3803
42170,65347,4154,31466,2902,61193,7337,3533,3804
42175,65353,4154,31468,2902,61199,7338,3534,3804
42180,65364,4155,31472,2903,61209,7339,3534,3805
42185,65368,4155,31474,2903,61213,7339,3534,3805
42190,65378,4156,31479,2904,61222,7340,3534,3806
42195,65384,4156,31483,2904,61228,7341,3535,3806
42200,65395,4157,31490,2905,61238,7342,3536,3806
42205,65399,4157,31491,2905,61242,7342,3536,3806
42210,65409,4158,31498,2906,61251,7343,3536,3807
42215,65415,4158,31503,2906,61256,7344,3536,3808
42220,65426,4160,31509,2907,61266,7345,3537,3808
42225,65430,4160,31511,2907,61270,7345,3537,3808
42230,65440,4161,31518,2907,61279,7346,3538,3808
42235,65446,4161,31522,2907,61285,7347,3539,3808
42240,65457,4162,31526,2907,61295,7348,3539,3809
42245,65461,4162,31526,2907,61299,7348,3539,3809
42250,65471,4162,31533,2907,61309,7350,3541,3809
42255,65477,4162,31536,2907,61315,7352,3541,3811
42260,65488,4163,31540,2908,61325,7353,3541,3812
42265,65492,4164,31542,2909,61328,7353,3541,3812
42270,65502,4164,31545,2909,61338,7355,3541,3814
42275,65508,4164,31548,2909,61344,7356,3541,3815
42280,65519,4165,31552,2909,61354,7356,3541,3815
42285,65523,4166,31555,2910,61357,7356,3541,3815
42290,65533,4166,31560,2910,61367,7358,3541,3817
42295,65539,4166,31562,2910,61373,7359,3542,3817
42300,65550,4167,31567,2910,61383,7359,3542,3817
42305,65554,4168,31570,2911,61386,7359,3542,3817
42310,65564,4168,31575,2911,61396,7360,3542,3818
42315,65570,4168,31579,2911,61402,7361,3542,3819
42320,65581,4169,31583,2912,61412,7362,3542,3820
42325,65585,4170,31585,2913,61415,7362,3542,3820
42330,65595,4170,31591,2913,61425,7363,3542,3821
42335,65601,4170,31595,2913,61431,7364,3543,3821
42340,65612,4171,31603,2914,61441,7365,3544,3821
42345,65616,4171,31604,2914,61445,7365,3544,3821
42350,65626,4172,31608,2914,61454,7366,3544,3822
42355,65632,4172,31611,2914,61459,7367,3545,3822
42360,65643,4175,31618,2916,61468,7369,3547,3822
42365,65647,4175,31620,2916,61472,7369,3547,3822
42370,65657,4176,31625,2917,61481,7371,3549,3822
42375,65663,4176,31627,2917,61486,7373,3549,3824
42380,65674,4179,31633,2920,61495,7374,3549,3825
42385,65678,4179,31635,2920,61499,7374,3549,3825
42390,65688,4180,31641,2921,61508,7375,3549,3826
42395,65694,4180,31645,2921,61513,7377,3551,3826
42400,65705,4183,31650,2924,61522,7378,3552,3826
42405,65709,4184,31653,2925,61525,7378,3552,3826
42410,65719,4185,31659,2926,61534,7379,3553,3826
42415,65725,4185,31661,2926,61540,7380,3554,3826
42420,65736,4187,31663,2927,61549,7381,3554,3827
42425,65740,4188,31665,2928,61552,7381,3554,3827
42430,65750,4188,31667,2928,61562,7382,3555,3827
42435,65756,4188,31671,2928,61568,7383,3556,3827
42440,65767,4190,31676,2930,61577,7384,3556,3828
42445,65771,4190,31679,2930,61581,7384,3556,3828
42450,65781,4190,31683,2930,61591,7385,3557,3828
42455,65787,4190,31687,2930,61597,7386,3558,3828
42460,65798,4192,31692,2931,61606,7387,3558,3829
42465,65802,4192,31695,2931,61610,7387,3558,3829
42470,65812,4192,31702,2931,61620,7388,3559,3829
42475,65818,4192,31705,2931,61626,7389,3559,3830
42480,65829,4194,31708,2932,61635,7390,3559,3831
42485,65833,4194,31710,2932,61639,7390,3559,3831
42490,65843,4194,31716,2932,61649,7391,3559,3832
42495,65849,4194,31717,2932,61655,7393,3559,3834
42500,65860,4194,31723,2932,61666,7393,3559,3834
42505,65864,4194,31727,2932,61670,7393,3559,3834
42510,65874,4194,31733,2932,61680,7394,3560,3834
42515,65880,4194,31738,2932,61686,7396,3562,3834
42520,65891,4194,31744,2932,61697,7396,3562,3834
42525,65895,4194,31746,2932,61701,7396,3562,3834
42530,65905,4195,31752,2933,61710,7397,3562,3835
42535,65911,4195,31752,2933,61716,7399,3562,3837
42540,65922,4195,31756,2933,61727,7399,3562,3837
42545,65926,4195,31757,2933,61731,7399,3562,3837
42550,65936,4196,31757,2933,61740,7400,3562,3838
42555,65942,4196,31758,2933,61745,7402,3562,3840
42560,65953,4197,31767,2934,61756,7402,3562,3840
42565,65957,4198,31770,2935,61759,7402,3562,3840
42570,65967,4199,31773,2935,61768,7403,3562,3841
42575,65973,4199,31779,2935,61773,7404,3563,3841
42580,65984,4200,31785,2936,61784,7404,3563,3841
42585,65988,4200,31787,2936,61788,7404,3563,3841
42590,65998,4201,31792,2936,61797,7405,3563,3842
42595,66004,4201,31793,2936,61803,7406,3563,3843
42600,66015,4202,31799,2936,61813,7407,3563,3844
42605,66019,4202,31800,2936,61817,7407,3563,3844
42610,66029,4203,31805,2937,61826,7408,3564,3844
42615,66035,4203,31808,2937,61831,7409,3564,3845
42620,66046,4205,31813,2939,61841,7411,3565,3846
42625,66050,4206,31816,2940,61844,7411,3565,3846
42630,66060,4207,31821,2941,61853,7412,3566,3846
42635,66066,4207,31824,2941,61858,7413,3567,3846
42640,66077,4209,31827,2942,61868,7415,3567,3848
42645,66081,4210,31828,2943,61871,7415,3567,3848
42650,66091,4211,31833,2944,61880,7416,3567,3849
42655,66097,4211,31837,2944,61885,7417,3567,3850
42660,66108,4214,31844,2947,61894,7419,3569,3850
42665,66112,4215,31847,2948,61897,7419,3569,3850
42670,66122,4215,31850,2948,61907,7420,3569,3851
42675,66128,4215,31852,2948,61913,7421,3569,3852
42680,66139,4217,31859,2950,61922,7423,3571,3852
42685,66143,4217,31860,2950,61926,7423,3571,3852
42690,66153,4217,31866,2950,61936,7424,3572,3852
42695,66159,4217,31869,2950,61942,7425,3572,3853
42700,66170,4218,31871,2951,61952,7427,3573,3854
42705,66174,4218,31873,2951,61956,7427,3573,3854
42710,66184,4218,31876,2951,61966,7429,3574,3855
42715,66190,4218,31878,2951,61972,7431,3574,3857
42720,66201,4220,31882,2953,61981,7433,3574,3859
42725,66205,4220,31883,2953,61985,7433,3574,3859
42730,66215,4220,31887,2953,61995,7435,3574,3861
42735,66221,4220,31890,2953,62001,7436,3575,3861
42740,66232,4220,31895,2953,62012,7436,3575,3861
42745,66236,4220,31897,2953,62016,7436,3575,3861
42750,66246,4220,31903,2953,62026,7437,3576,3861
42755,66252,4220,31905,2953,62032,7438,3576,3862
42760,66263,4220,31912,2953,62043,7438,3576,3862
42765,66267,4220,31913,2953,62047,7438,3576,3862
42770,66277,4221,31920,2953,62056,7439,3577,3862
42775,66283,4221,31924,2953,62061,7440,3577,3863
42780,66294,4222,31929,2954,62072,7440,3577,3863
42785,66298,4222,31932,2954,62076,7440,3577,3863
42790,66308,4223,31937,2954,62085,7441,3578,3863
42795,66314,4223,31941,2954,62090,7442,3579,3863
42800,66325,4225,31946,2955,62100,7443,3580,3863
42805,66329,4225,31948,2955,62104,7443,3580,3863
42810,66339,4226,31951,2955,62113,7444,3581,3863
42815,66345,4226,31953,2955,62118,7445,3581,3864
42820,66356,4228,31956,2956,62128,7446,3582,3864
42825,66360,4228,31957,2956,62132,7446,3582,3864
42830,66370,4229,31963,2956,62141,7447,3582,3865
42835,66376,4229,31966,2956,62146,7449,3582,3867
42840,66387,4231,31970,2958,62156,7451,3583,3868
42845,66391,4231,31972,2958,62160,7451,3583,3868
42850,66401,4231,31977,2958,62170,7452,3583,3869
42855,66407,4231,31978,2958,62176,7453,3583,3870
42860,66418,4231,31983,2958,62187,7454,3584,3870
42865,66422,4231,31985,2958,62191,7454,3584,3870
42870,66432,4231,31989,2958,62201,7455,3585,3870
42875,66438,4231,31992,2958,62207,7456,3586,3870
42880,66449,4231,31999,2958,62218,7456,3586,3870
42885,66453,4231,32000,2958,62222,7456,3586,3870
42890,66463,4231,32004,2958,62232,7457,3586,3871
42895,66469,4231,32007,2958,62238,7458,3587,3871
42900,66480,4231,32014,2958,62249,7458,3587,3871
42905,66484,4231,32017,2958,62253,7458,3587,3871
42910,66494,4231,32021,2958,62263,7459,3588,3871
42915,66500,4231,32021,2958,62269,7460,3588,3872
42920,66511,4231,32029,2958,62280,7460,3588,3872
42925,66515,4231,32032,2958,62284,7460,3588,3872
42930,66525,4231,32036,2958,62294,7461,3588,3873
42935,66531,4231,32038,2958,62300,7462,3588,3874
42940,66542,4231,32042,2958,62311,7462,3588,3874
42945,66546,4231,32042,2958,62315,7462,3588,3874
42950,66556,4232,32046,2959,62324,7463,3588,3875
42955,66562,4232,32048,2959,62330,7465,3588,3877
42960,66573,4235,32053,2961,62338,7466,3588,3878
42965,66577,4236,32056,2962,62341,7466,3588,3878
42970,66587,4237,32061,2962,62350,7468,3589,3879
42975,66593,4237,32064,2962,62355,7469,3590,3879
42980,66604,4240,32069,2964,62364,7471,3591,3880
42985,66608,4241,32071,2965,62367,7471,3591,3880
42990,66618,4242,32076,2965,62376,7473,3592,3881
42995,66624,4242,32079,2965,62381,7474,3592,3882
43000,66635,4245,32084,2968,62390,7476,3593,3883
43005,66639,4246,32087,2969,62393,7476,3593,3883
43010,66649,4247,32091,2970,62402,7478,3594,3884
43015,66655,4247,32095,2970,62407,7479,3594,3885
43020,66666,4249,32100,2971,62417,7481,3595,3886
43025,66670,4250,32101,2972,62420,7481,3595,3886
43030,66680,4251,32106,2972,62429,7483,3596,3887
43035,66686,4251,32111,2972,62434,7484,3597,3887
43040,66697,4254,32119,2975,62443,7486,3598,3888
43045,66701,4254,32120,2975,62447,7486,3598,3888
43050,66711,4255,32127,2976,62456,7488,3599,3889
43055,66717,4255,32129,2976,62462,7489,3600,3889
43060,66728,4257,32135,2977,62471,7491,3600,3891
43065,66732,4257,32135,2977,62475,7491,3600,3891
43070,66742,4258,32140,2978,62484,7493,3601,3892
43075,66748,4258,32144,2978,62489,7495,3602,3893
43080,66759,4260,32146,2980,62499,7497,3603,3894
43085,66763,4260,32148,2980,62503,7497,3603,3894
43090,66773,4260,32153,2980,62513,7498,3604,3894
43095,66779,4260,32157,2980,62519,7499,3605,3894
43100,66790,4260,32161,2980,62530,7500,3606,3894
43105,66794,4260,32163,2980,62534,7500,3606,3894
43110,66804,4260,32170,2980,62544,7501,3607,3894
43115,66810,4260,32173,2980,62550,7502,3607,3895
43120,66821,4260,32178,2980,62561,7503,3608,3895
43125,66825,4260,32179,2980,62565,7503,3608,3895
43130,66835,4260,32184,2980,62575,7504,3609,3895
43135,66841,4260,32189,2980,62581,7505,3610,3895
43140,66852,4260,32195,2980,62592,7505,3610,3895
43145,66856,4260,32197,2980,62596,7505,3610,3895
43150,66866,4260,32203,2980,62606,7506,3610,3896
43155,66872,4260,32206,2980,62612,7507,3611,3896
43160,66883,4260,32210,2980,62623,7507,3611,3896
43165,66887,4260,32212,2980,62627,7507,3611,3896
43170,66897,4260,32217,2980,62637,7508,3612,3896
43175,66903,4260,32221,2980,62643,7509,3612,3897
43180,66914,4260,32222,2980,62654,7509,3612,3897
43185,66918,4260,32224,2980,62658,7509,3612,3897
43190,66928,4261,32230,2981,62667,7511,3614,3897
43195,66934,4261,32232,2981,62673,7513,3615,3898
43200,66945,4264,32240,2984,62681,7513,3615,3898
43205,66949,4264,32241,2984,62685,7513,3615,3898
43210,66959,4265,32243,2985,62694,7515,3615,3900
43215,66965,4265,32246,2985,62700,7516,3616,3900
43220,66976,4267,32255,2986,62709,7516,3616,3900
43225,66980,4268,32257,2987,62712,7516,3616,3900
43230,66990,4269,32261,2988,62721,7518,3616,3902
43235,66996,4269,32263,2988,62727,7519,3616,3903
43240,67007,4270,32272,2989,62737,7520,3617,3903
43245,67011,4270,32273,2989,62741,7520,3617,3903
43250,67021,4271,32277,2989,62750,7522,3618,3904
43255,67027,4271,32280,2989,62756,7523,3618,3905
43260,67038,4273,32288,2990,62765,7524,3619,3905
43265,67042,4273,32290,2990,62769,7524,3619,3905
43270,67052,4274,32296,2991,62778,7525,3619,3906
43275,67058,4274,32300,2991,62784,7526,3620,3906
43280,67069,4275,32305,2992,62794,7527,3621,3906
43285,67073,4276,32308,2993,62797,7527,3621,3906
43290,67083,4277,32312,2994,62806,7528,3621,3907
43295,67089,4277,32315,2994,62812,7529,3621,3908
43300,67100,4279,32322,2996,62821,7530,3621,3909
43305,67104,4279,32323,2996,62825,7530,3621,3909
43310,67114,4280,32328,2997,62834,7531,3621,3910
43315,67120,4280,32329,2997,62840,7533,3622,3911
43320,67131,4282,32332,2998,62849,7535,3623,3912
43325,67135,4282,32333,2998,62853,7535,3623,3912
43330,67145,4283,32342,2999,62862,7536,3624,3912
43335,67151,4283,32345,2999,62868,7537,3625,3912
43340,67162,4283,32351,2999,62879,7537,3625,3912
43345,67166,4283,32354,2999,62883,7537,3625,3912
43350,67176,4284,32361,3000,62892,7538,3625,3913
43355,67182,4284,32364,3000,62897,7539,3626,3913
43360,67193,4286,32370,3002,62907,7539,3626,3913
43365,67197,4286,32372,3002,62911,7539,3626,3913
43370,67207,4287,32377,3002,62920,7540,3626,3914
43375,67213,4287,32378,3002,62926,7541,3626,3915
43380,67224,4287,32383,3002,62937,7541,3626,3915
43385,67228,4287,32384,3002,62941,7541,3626,3915
43390,67238,4288,32389,3003,62950,7543,3627,3916
43395,67244,4288,32391,3003,62956,7544,3627,3917
43400,67255,4288,32394,3003,62967,7545,3627,3918
43405,67259,4288,32398,3003,62971,7545,3627,3918
43410,67269,4289,32405,3004,62980,7547,3628,3919
43415,67275,4289,32406,3004,62986,7548,3628,3920
43420,67286,4289,32408,3004,62997,7549,3628,3921
43425,67290,4290,32410,3005,63000,7549,3628,3921
43430,67300,4291,32418,3006,63009,7550,3628,3922
43435,67306,4291,32422,3006,63015,7552,3630,3922
43440,67317,4292,32427,3007,63025,7554,3631,3923
43445,67321,4293,32429,3008,63028,7554,3631,3923
43450,67331,4293,32434,3008,63038,7555,3632,3923
43455,67337,4293,32437,3008,63044,7556,3632,3924
43460,67348,4295,32444,3010,63053,7557,3632,3925
43465,67352,4295,32447,3010,63057,7557,3632,3925
43470,67362,4295,32449,3010,63067,7558,3632,3926
43475,67368,4295,32453,3010,63073,7559,3633,3926
43480,67379,4296,32457,3010,63083,7560,3634,3926
43485,67383,4296,32457,3010,63087,7560,3634,3926
43490,67393,4296,32463,3010,63097,7561,3634,3927
43495,67399,4296,32466,3010,63103,7562,3635,3927
43500,67410,4298,32471,3011,63112,7563,3635,3928
43505,67414,4298,32472,3011,63116,7563,3635,3928
43510,67424,4299,32477,3012,63125,7564,3636,3928
43515,67430,4299,32479,3012,63131,7565,3636,3929
43520,67441,4300,32486,3012,63141,7565,3636,3929
43525,67445,4300,32487,3012,63145,7565,3636,3929
43530,67455,4301,32492,3012,63154,7566,3637,3929
43535,67461,4301,32495,3012,63160,7567,3638,3929
43540,67472,4302,32500,3012,63170,7567,3638,3929
43545,67476,4302,32502,3012,63174,7567,3638,3929
43550,67486,4303,32507,3012,63183,7569,3640,3929
43555,67492,4303,32511,3012,63189,7571,3641,3930
43560,67503,4304,32514,3012,63199,7572,3641,3931
43565,67507,4305,32515,3013,63202,7572,3641,3931
43570,67517,4306,32520,3013,63211,7573,3642,3931
43575,67523,4306,32523,3013,63217,7574,3643,3931
43580,67534,4307,32528,3014,63227,7575,3644,3931
43585,67538,4308,32530,3015,63230,7575,3644,3931
43590,67548,4309,32534,3015,63239,7576,3644,3932
43595,67554,4309,32537,3015,63245,7577,3644,3933
43600,67565,4311,32544,3016,63254,7578,3645,3933
43605,67569,4312,32546,3017,63257,7578,3645,3933
43610,67579,4313,32552,3017,63266,7579,3646,3933
43615,67585,4313,32556,3017,63271,7580,3647,3933
43620,67596,4317,32564,3021,63279,7582,3648,3934
43625,67600,4317,32565,3021,63283,7582,3648,3934
43630,67610,4317,32572,3021,63293,7583,3649,3934
43635,67616,4317,32576,3021,63299,7584,3649,3935
43640,67627,4317,32582,3021,63310,7586,3649,3937
43645,67631,4317,32586,3021,63314,7586,3649,3937
43650,67641,4317,32589,3021,63324,7587,3649,3938
43655,67647,4317,32593,3021,63330,7588,3650,3938
43660,67658,4317,32596,3021,63341,7588,3650,3938
43665,67662,4317,32597,3021,63345,7588,3650,3938
43670,67672,4317,32601,3021,63355,7589,3650,3939
43675,67678,4317,32605,3021,63361,7590,3650,3940
43680,67689,4317,32610,3021,63372,7590,3650,3940
43685,67693,4317,32612,3021,63376,7590,3650,3940
43690,67703,4317,32612,3021,63386,7591,3650,3941
43695,67709,4317,32615,3021,63392,7593,3650,3943
43700,67720,4317,32618,3021,63403,7593,3650,3943
43705,67724,4317,32620,3021,63407,7593,3650,3943
43710,67734,4317,32627,3021,63417,7594,3651,3943
43715,67740,4317,32632,3021,63423,7595,3651,3944
43720,67751,4317,32636,3021,63434,7595,3651,3944
43725,67755,4317,32638,3021,63438,7595,3651,3944
43730,67765,4318,32642,3021,63447,7596,3652,3944
43735,67771,4318,32645,3021,63453,7597,3652,3945
43740,67782,4319,32649,3021,63463,7597,3652,3945
43745,67786,4320,32651,3022,63466,7597,3652,3945
43750,67796,4321,32656,3023,63475,7598,3653,3945
43755,67802,4321,32659,3023,63481,7599,3654,3945
43760,67813,4323,32664,3024,63490,7600,3654,3946
43765,67817,4323,32665,3024,63494,7600,3654,3946
43770,67827,4324,32668,3025,63503,7601,3654,3947
43775,67833,4324,32672,3025,63509,7602,3655,3947
43780,67844,4325,32675,3025,63519,7603,3655,3948
43785,67848,4326,32678,3026,63522,7603,3655,3948
43790,67858,4327,32681,3027,63531,7604,3655,3949
43795,67864,4327,32684,3027,63536,7605,3655,3950
43800,67875,4330,32687,3030,63545,7607,3655,3952
43805,67879,4330,32690,3030,63549,7607,3655,3952
43810,67889,4331,32696,3031,63558,7609,3655,3954
43815,67895,4331,32698,3031,63564,7610,3656,3954
43820,67906,4334,32707,3034,63572,7612,3658,3954
43825,67910,4335,32709,3035,63575,7612,3658,3954
43830,67920,4336,32715,3035,63584,7614,3660,3954
43835,67926,4336,32718,3035,63589,7615,3660,3955
43840,67937,4338,32725,3037,63599,7617,3661,3956
43845,67941,4338,32726,3037,63603,7617,3661,3956
43850,67951,4339,32727,3037,63612,7619,3661,3958
43855,67957,4339,32730,3037,63617,7620,3661,3959
43860,67968,4341,32735,3038,63627,7622,3663,3959
43865,67972,4341,32736,3038,63631,7622,3663,3959
43870,67982,4342,32742,3039,63640,7623,3663,3960
43875,67988,4342,32745,3039,63645,7624,3664,3960
43880,67999,4344,32752,3040,63655,7626,3666,3960
43885,68003,4345,32754,3041,63658,7626,3666,3960
43890,68013,4346,32759,3042,63667,7627,3666,3961
43895,68019,4346,32764,3042,63672,7628,3667,3961
43900,68030,4348,32768,3044,63682,7630,3668,3962
43905,68034,4350,32770,3046,63684,7630,3668,3962
43910,68044,4351,32775,3047,63693,7631,3668,3963
43915,68050,4351,32777,3047,63699,7633,3669,3964
43920,68061,4352,32782,3047,63709,7635,3669,3966
43925,68065,4353,32784,3048,63712,7635,3669,3966
43930,68075,4353,32790,3048,63722,7636,3670,3966
43935,68081,4353,32792,3048,63728,7638,3670,3968
43940,68092,4354,32795,3049,63738,7640,3670,3970
43945,68096,4354,32797,3049,63742,7640,3670,3970
43950,68106,4354,32799,3049,63752,7641,3670,3971
43955,68112,4354,32802,3049,63758,7642,3670,3972
43960,68123,4355,32808,3050,63768,7643,3670,3973
43965,68127,4356,32811,3051,63771,7643,3670,3973
43970,68137,4356,32815,3051,63781,7645,3672,3973
43975,68143,4356,32817,3051,63787,7646,3672,3974
43980,68154,4357,32820,3051,63797,7646,3672,3974
43985,68158,4357,32822,3051,63801,7646,3672,3974
43990,68168,4358,32827,3051,63810,7648,3673,3975
43995,68174,4358,32832,3051,63815,7649,3674,3975
44000,68185,4360,32841,3053,63825,7649,3674,3975
44005,68189,4360,32842,3053,63829,7649,3674,3975
44010,68199,4361,32845,3053,63838,7651,3675,3976
44015,68205,4361,32846,3053,63844,7652,3675,3977
44020,68216,4361,32850,3053,63855,7652,3675,3977
44025,68220,4361,32852,3053,63859,7652,3675,3977
44030,68230,4362,32859,3054,63868,7653,3676,3977
44035,68236,4362,32860,3054,63874,7654,3676,3978
44040,68247,4362,32865,3054,63885,7654,3676,3978
44045,68251,4362,32868,3054,63889,7654,3676,3978
44050,68261,4362,32875,3054,63899,7655,3677,3978
44055,68267,4362,32877,3054,63905,7656,3677,3979
44060,68278,4362,32883,3054,63916,7657,3677,3980
44065,68282,4362,32884,3054,63920,7657,3677,3980
44070,68292,4362,32887,3054,63930,7658,3677,3981
44075,68298,4362,32888,3054,63936,7659,3677,3982
44080,68309,4362,32894,3054,63947,7660,3678,3982
44085,68313,4362,32896,3054,63951,7660,3678,3982
44090,68323,4362,32901,3054,63961,7661,3679,3982
44095,68329,4362,32903,3054,63967,7662,3679,3983
44100,68340,4363,32907,3054,63977,7663,3680,3983
44105,68344,4363,32909,3054,63981,7663,3680,3983
44110,68354,4363,32914,3054,63991,7664,3681,3983
44115,68360,4363,32916,3054,63997,7665,3681,3984
44120,68371,4364,32918,3054,64007,7666,3681,3985
44125,68375,4364,32920,3054,64011,7666,3681,3985
44130,68385,4364,32925,3054,64021,7667,3682,3985
44135,68391,4364,32927,3054,64027,7668,3683,3985
44140,68402,4365,32933,3055,64037,7669,3684,3985
44145,68406,4365,32936,3055,64041,7669,3684,3985
44150,68416,4366,32940,3055,64050,7670,3684,3986
44155,68422,4366,32941,3055,64056,7671,3685,3986
44160,68433,4367,32947,3056,64066,7672,3685,3987
44165,68437,4369,32951,3058,64068,7672,3685,3987
44170,68447,4370,32957,3059,64077,7673,3686,3987
44175,68453,4370,32961,3059,64083,7674,3687,3987
44180,68464,4372,32966,3061,64092,7675,3688,3987
44185,68468,4373,32968,3062,64095,7675,3688,3987
44190,68478,4374,32975,3063,64104,7676,3688,3988
44195,68484,4374,32978,3063,64110,7677,3689,3988
44200,68495,4375,32983,3064,64120,7678,3689,3989
44205,68499,4376,32984,3065,64123,7678,3689,3989
44210,68509,4377,32990,3066,64132,7679,3690,3989
44215,68515,4377,32994,3066,64138,7680,3691,3989
44220,68526,4378,32999,3066,64148,7681,3692,3989
44225,68530,4379,33001,3067,64151,7681,3692,3989
44230,68540,4380,33003,3067,64160,7682,3692,3990
44235,68546,4380,33006,3067,64166,7683,3692,3991
44240,68557,4382,33011,3068,64175,7684,3692,3992
44245,68561,4382,33012,3068,64179,7684,3692,3992
44250,68571,4383,33018,3068,64188,7685,3692,3993
44255,68577,4383,33019,3068,64194,7687,3692,3995
44260,68588,4384,33024,3069,64204,7688,3693,3995
44265,68592,4384,33024,3069,64208,7688,3693,3995
44270,68602,4385,33027,3069,64217,7690,3694,3996
44275,68608,4385,33031,3069,64222,7692,3695,3997
44280,68619,4388,33037,3072,64231,7694,3696,3998
44285,68623,4388,33039,3072,64235,7694,3696,3998
44290,68633,4389,33043,3072,64244,7695,3697,3998
44295,68639,4389,33047,3072,64250,7696,3698,3998
44300,68650,4390,33052,3072,64260,7698,3698,4000
44305,68654,4392,33055,3074,64262,7698,3698,4000
44310,68664,4393,33058,3074,64271,7699,3698,4001
44315,68670,4393,33063,3074,64277,7700,3699,4001
44320,68681,4395,33066,3075,64286,7702,3699,4003
44325,68685,4396,33068,3076,64289,7702,3699,4003
44330,68695,4397,33073,3077,64298,7703,3700,4003
44335,68701,4397,33077,3077,64304,7704,3701,4003
44340,68712,4400,33084,3079,64312,7706,3703,4003
44345,68716,4400,33088,3079,64316,7706,3703,4003
44350,68726,4400,33092,3079,64326,7707,3704,4003
44355,68732,4400,33097,3079,64332,7708,3705,4003
44360,68743,4400,33100,3079,64343,7710,3705,4005
44365,68747,4400,33103,3079,64347,7710,3705,4005
44370,68757,4400,33109,3079,64357,7711,3706,4005
44375,68763,4400,33112,3079,64363,7712,3706,4006
44380,68774,4400,33117,3079,64374,7713,3706,4007
44385,68778,4400,33119,3079,64378,7713,3706,4007
44390,68788,4400,33121,3079,64388,7714,3706,4008
44395,68794,4400,33123,3079,64394,7716,3707,4009
44400,68805,4400,33129,3079,64405,7716,3707,4009
44405,68809,4400,33131,3079,64409,7716,3707,4009
44410,68819,4400,33136,3079,64419,7717,3707,4010
44415,68825,4400,33138,3079,64425,7718,3708,4010
44420,68836,4400,33144,3079,64436,7718,3708,4010
44425,68840,4400,33146,3079,64440,7718,3708,4010
44430,68850,4400,33150,3079,64450,7719,3708,4011
44435,68856,4400,33152,3079,64456,7720,3708,4012
44440,68867,4400,33157,3079,64467,7720,3708,4012
44445,68871,4400,33159,3079,64471,7720,3708,4012
44450,68881,4401,33162,3080,64480,7721,3709,4012
44455,68887,4401,33165,3080,64485,7722,3710,4012
44460,68898,4403,33170,3081,64495,7722,3710,4012
44465,68902,4405,33172,3083,64497,7722,3710,4012
44470,68912,4406,33178,3084,64506,7723,3711,4012
44475,68918,4406,33180,3084,64512,7724,3712,4012
44480,68929,4408,33185,3086,64521,7725,3712,4013
44485,68933,4409,33187,3087,64524,7725,3712,4013
44490,68943,4410,33191,3087,64533,7727,3713,4014
44495,68949,4410,33193,3087,64539,7728,3713,4015
44500,68960,4412,33198,3089,64548,7730,3714,4016
44505,68964,4412,33199,3089,64552,7730,3714,4016
44510,68974,4413,33201,3090,64561,7732,3714,4018
44515,68980,4413,33202,3090,64567,7734,3714,4020
44520,68991,4415,33210,3091,64576,7736,3716,4020
44525,68995,4415,33212,3091,64580,7736,3716,4020
44530,69005,4415,33216,3091,64590,7738,3716,4022
44535,69011,4415,33217,3091,64596,7739,3717,4022
44540,69022,4415,33221,3091,64607,7740,3717,4023
44545,69026,4415,33223,3091,64611,7740,3717,4023
44550,69036,4415,33224,3091,64621,7741,3717,4024
44555,69042,4415,33227,3091,64627,7742,3717,4025
44560,69053,4415,33232,3091,64638,7743,3718,4025
44565,69057,4415,33235,3091,64642,7743,3718,4025
44570,69067,4415,33238,3091,64652,7744,3718,4026
44575,69073,4415,33240,3091,64658,7745,3718,4027
44580,69084,4415,33243,3091,64669,7746,3718,4028
44585,69088,4415,33245,3091,64673,7746,3718,4028
44590,69098,4415,33249,3091,64683,7747,3719,4028
44595,69104,4415,33251,3091,64689,7748,3719,4029
44600,69115,4415,33256,3091,64700,7748,3719,4029
44605,69119,4415,33258,3091,64704,7748,3719,4029
44610,69129,4415,33261,3091,64714,7749,3720,4029
44615,69135,4415,33264,3091,64720,7750,3720,4030
44620,69146,4415,33273,3091,64731,7750,3720,4030
44625,69150,4415,33276,3091,64735,7750,3720,4030
44630,69160,4416,33282,3092,64744,7751,3720,4031
44635,69166,4416,33286,3092,64749,7753,3720,4033
44640,69177,4418,33290,3093,64759,7754,3721,4033
44645,69181,4418,33290,3093,64763,7754,3721,4033
44650,69191,4419,33294,3094,64772,7756,3722,4034
44655,69197,4419,33297,3094,64777,7757,3722,4035
44660,69208,4423,33302,3097,64785,7758,3722,4036
44665,69212,4423,33304,3097,64789,7758,3722,4036
44670,69222,4424,33309,3097,64798,7760,3724,4036
44675,69228,4424,33314,3097,64804,7761,3725,4036
44680,69239,4427,33321,3100,64812,7762,3725,4037
44685,69243,4428,33324,3101,64815,7762,3725,4037
44690,69253,4429,33327,3102,64824,7764,3725,4039
44695,69259,4429,33329,3102,64830,7765,3725,4040
44700,69270,4430,33335,3102,64840,7767,3727,4040
44705,69274,4430,33336,3102,64844,7767,3727,4040
44710,69284,4431,33339,3102,64853,7768,3727,4041
44715,69290,4431,33340,3102,64859,7769,3727,4042
44720,69301,4432,33346,3102,64869,7770,3727,4043
44725,69305,4432,33346,3102,64873,7770,3727,4043
44730,69315,4433,33351,3102,64882,7771,3727,4044
44735,69321,4433,33353,3102,64888,7772,3727,4045
44740,69332,4434,33359,3103,64898,7773,3728,4045
44745,69336,4435,33362,3104,64901,7773,3728,4045
44750,69346,4436,33368,3104,64910,7774,3729,4045
44755,69352,4436,33371,3104,64916,7776,3730,4046
44760,69363,4437,33376,3104,64926,7777,3731,4046
44765,69367,4438,33379,3105,64929,7777,3731,4046
44770,69377,4439,33383,3106,64938,7778,3732,4046
44775,69383,4439,33384,3106,64944,7780,3732,4048
44780,69394,4440,33388,3106,64954,7780,3732,4048
44785,69398,4441,33391,3107,64957,7780,3732,4048
44790,69408,4442,33396,3108,64966,7781,3733,4048
44795,69414,4442,33399,3108,64972,7783,3735,4048
44800,69425,4443,33401,3109,64982,7783,3735,4048
44805,69429,4444,33402,3110,64985,7783,3735,4048
44810,69439,4445,33407,3111,64994,7784,3735,4049
44815,69445,4445,33411,3111,65000,7785,3735,4050
44820,69456,4448,33417,3113,65008,7786,3736,4050
44825,69460,4448,33417,3113,65012,7786,3736,4050
44830,69470,4448,33421,3113,65022,7787,3737,4050
44835,69476,4448,33423,3113,65028,7788,3737,4051
44840,69487,4448,33428,3113,65039,7788,3737,4051
44845,69491,4448,33430,3113,65043,7788,3737,4051
44850,69501,4448,33436,3113,65053,7789,3737,4052
44855,69507,4448,33441,3113,65059,7790,3738,4052
44860,69518,4448,33448,3113,65070,7790,3738,4052
44865,69522,4448,33450,3113,65074,7790,3738,4052
44870,69532,4448,33454,3113,65084,7791,3739,4052
44875,69538,4448,33456,3113,65090,7792,3740,4052
44880,69549,4448,33458,3113,65101,7793,3740,4053
44885,69553,4448,33459,3113,65105,7793,3740,4053
44890,69563,4448,33467,3113,65115,7794,3741,4053
44895,69569,4448,33470,3113,65121,7795,3741,4054
44900,69580,4448,33475,3113,65132,7796,3742,4054
44905,69584,4448,33476,3113,65136,7796,3742,4054
44910,69594,4448,33481,3113,65146,7797,3742,4055
44915,69600,4448,33483,3113,65152,7798,3742,4056
44920,69611,4448,33484,3113,65163,7799,3743,4056
44925,69615,4448,33486,3113,65167,7799,3743,4056
44930,69625,4449,33490,3113,65176,7800,3743,4057
44935,69631,4449,33493,3113,65182,7801,3743,4058
44940,69642,4451,33498,3115,65191,7803,3743,4060
44945,69646,4452,33502,3116,65194,7803,3743,4060
44950,69656,4453,33505,3116,65203,7804,3743,4061
44955,69662,4453,33508,3116,65209,7805,3744,4061
44960,69673,4455,33513,3118,65218,7807,3745,4062
44965,69677,4456,33516,3119,65221,7807,3745,4062
44970,69687,4457,33521,3120,65230,7808,3745,4063
44975,69693,4457,33524,3120,65235,7809,3745,4064
44980,69704,4460,33528,3122,65244,7811,3746,4065
44985,69708,4461,33531,3123,65247,7811,3746,4065
44990,69718,4462,33536,3124,65256,7812,3746,4066
44995,69724,4462,33538,3124,65262,7814,3747,4067
45000,69735,4463,33545,3124,65272,7816,3749,4067
45005,69739,4463,33546,3124,65276,7816,3749,4067
45010,69749,4464,33550,3124,65285,7818,3750,4068
45015,69755,4464,33553,3124,65291,7819,3751,4068
45020,69766,4464,33559,3124,65302,7820,3752,4068
45025,69770,4464,33559,3124,65306,7820,3752,4068
45030,69780,4465,33566,3125,65315,7822,3754,4068
45035,69786,4465,33570,3125,65320,7823,3755,4068
45040,69797,4466,33574,3126,65331,7824,3755,4069
45045,69801,4466,33576,3126,65335,7824,3755,4069
45050,69811,4467,33581,3126,65344,7825,3755,4070
45055,69817,4467,33584,3126,65350,7826,3755,4071
45060,69828,4467,33589,3126,65361,7826,3755,4071
45065,69832,4468,33590,3127,65364,7826,3755,4071
45070,69842,4468,33592,3127,65374,7827,3756,4071
45075,69848,4468,33596,3127,65380,7828,3757,4071
45080,69859,4468,33603,3127,65391,7829,3757,4072
45085,69863,4468,33604,3127,65395,7829,3757,4072
45090,69873,4468,33607,3127,65405,7830,3758,4072
45095,69879,4468,33612,3127,65411,7831,3759,4072
45100,69890,4468,33614,3127,65422,7832,3759,4073
45105,69894,4468,33617,3127,65426,7832,3759,4073
45110,69904,4468,33625,3127,65436,7833,3760,4073
45115,69910,4468,33629,3127,65442,7835,3761,4074
45120,69921,4468,33634,3127,65453,7836,3761,4075
45125,69925,4468,33636,3127,65457,7836,3761,4075
45130,69935,4468,33640,3127,65467,7838,3762,4076
45135,69941,4468,33644,3127,65473,7839,3763,4076
45140,69952,4468,33651,3127,65484,7840,3764,4076
45145,69956,4468,33653,3127,65488,7840,3764,4076
45150,69966,4468,33656,3127,65498,7841,3764,4077
45155,69972,4468,33661,3127,65504,7842,3765,4077
45160,69983,4468,33667,3127,65515,7842,3765,4077
45165,69987,4468,33671,3127,65519,7842,3765,4077
45170,69997,4468,33677,3127,65529,7843,3765,4078
45175,70003,4468,33681,3127,65534,7844,3765,4079
45180,70014,4471,33686,3129,65543,7845,3765,4080
45185,70018,4471,33687,3129,65547,7845,3765,4080
45190,70028,4472,33690,3129,65556,7846,3766,4080
45195,70034,4472,33693,3129,65562,7847,3766,4081
45200,70045,4473,33698,3129,65572,7848,3767,4081
45205,70049,4474,33702,3130,65575,7848,3767,4081
45210,70059,4475,33707,3131,65584,7849,3767,4082
45215,70065,4475,33711,3131,65589,7850,3768,4082
45220,70076,4477,33717,3133,65599,7851,3769,4082
45225,70080,4477,33718,3133,65603,7851,3769,4082
45230,70090,4478,33722,3134,65612,7852,3770,4082
45235,70096,4478,33725,3134,65617,7853,3771,4082
45240,70107,4480,33733,3135,65627,7854,3772,4082
45245,70111,4481,33735,3136,65630,7854,3772,4082
45250,70121,4482,33738,3136,65639,7856,3774,4082
45255,70127,4482,33739,3136,65645,7858,3774,4084
45260,70138,4484,33746,3137,65654,7860,3775,4085
45265,70142,4485,33748,3138,65657,7860,3775,4085
45270,70152,4486,33753,3139,65666,7862,3776,4086
45275,70158,4486,33756,3139,65671,7864,3776,4088
45280,70169,4488,33763,3140,65681,7866,3778,4088
45285,70173,4489,33765,3141,65684,7866,3778,4088
45290,70183,4490,33770,3142,65693,7868,3779,4089
45295,70189,4490,33771,3142,65699,7870,3780,4090
45300,70200,4492,33775,3144,65708,7872,3781,4091
45305,70204,4492,33777,3144,65712,7872,3781,4091
45310,70214,4492,33781,3144,65722,7873,3782,4091
45315,70220,4492,33783,3144,65728,7874,3782,4092
45320,70231,4493,33790,3144,65738,7875,3783,4092
45325,70235,4493,33791,3144,65742,7875,3783,4092
45330,70245,4493,33797,3144,65752,7876,3784,4092
45335,70251,4493,33799,3144,65758,7877,3785,4092
45340,70262,4495,33805,3146,65767,7878,3785,4093
45345,70266,4495,33805,3146,65771,7878,3785,4093
45350,70276,4495,33807,3146,65781,7879,3785,4094
45355,70282,4495,33810,3146,65787,7880,3785,4095
45360,70293,4497,33814,3147,65796,7881,3786,4095
45365,70297,4497,33815,3147,65800,7881,3786,4095
45370,70307,4497,33819,3147,65810,7883,3787,4096
45375,70313,4497,33821,3147,65816,7884,3788,4096
45380,70324,4499,33827,3148,65825,7884,3788,4096
45385,70328,4500,33829,3149,65828,7884,3788,4096
45390,70338,4500,33834,3149,65838,7886,3789,4097
45395,70344,4500,33835,3149,65844,7887,3789,4098
45400,70355,4501,33839,3149,65854,7887,3789,4098
45405,70359,4502,33841,3150,65857,7887,3789,4098
45410,70369,4503,33846,3151,65866,7888,3790,4098
45415,70375,4503,33851,3151,65871,7890,3792,4098
45420,70386,4505,33856,3153,65881,7891,3792,4099
45425,70390,4505,33858,3153,65885,7891,3792,4099
45430,70400,4506,33862,3154,65894,7892,3792,4100
45435,70406,4506,33865,3154,65900,7894,3794,4100
45440,70417,4506,33869,3154,65911,7895,3794,4101
45445,70421,4506,33872,3154,65915,7895,3794,4101
45450,70431,4507,33875,3154,65924,7896,3794,4102
45455,70437,4507,33877,3154,65929,7898,3795,4103
45460,70448,4508,33884,3155,65940,7899,3796,4103
45465,70452,4508,33887,3155,65944,7899,3796,4103
45470,70462,4509,33891,3156,65953,7900,3796,4104
45475,70468,4509,33892,3156,65958,7901,3796,4105
45480,70479,4510,33899,3157,65969,7903,3797,4106
45485,70483,4510,33899,3157,65973,7903,3797,4106
45490,70493,4511,33906,3157,65982,7904,3798,4106
45495,70499,4511,33909,3157,65988,7905,3798,4107
45500,70510,4511,33912,3157,65999,7905,3798,4107
45505,70514,4511,33914,3157,66003,7905,3798,4107
45510,70524,4512,33918,3158,66012,7907,3798,4109
45515,70530,4512,33921,3158,66017,7908,3798,4110
45520,70541,4513,33929,3159,66028,7908,3798,4110
45525,70545,4513,33931,3159,66032,7908,3798,4110
45530,70555,4514,33936,3159,66041,7909,3799,4110
45535,70561,4514,33940,3159,66046,7910,3799,4111
45540,70572,4518,33945,3163,66054,7910,3799,4111
45545,70576,4518,33946,3163,66058,7910,3799,4111
45550,70586,4518,33951,3163,66068,7911,3799,4112
45555,70592,4518,33954,3163,66074,7912,3799,4113
45560,70603,4520,33961,3165,66083,7912,3799,4113
45565,70607,4520,33962,3165,66087,7912,3799,4113
45570,70617,4520,33968,3165,66097,7913,3800,4113
45575,70623,4520,33971,3165,66103,7914,3800,4114
45580,70634,4522,33975,3167,66112,7914,3800,4114
45585,70638,4522,33975,3167,66116,7914,3800,4114
45590,70648,4522,33980,3167,66126,7915,3801,4114
45595,70654,4522,33981,3167,66132,7916,3802,4114
45600,70665,4523,33986,3167,66142,7916,3802,4114
45605,70669,4524,33987,3168,66145,7916,3802,4114
45610,70679,4524,33991,3168,66155,7917,3803,4114
45615,70685,4524,33993,3168,66161,7918,3804,4114
45620,70696,4526,33998,3170,66170,7918,3804,4114
45625,70700,4527,34000,3171,66173,7918,3804,4114
45630,70710,4527,34006,3171,66183,7919,3804,4115
45635,70716,4527,34008,3171,66189,7920,3804,4116
45640,70727,4528,34011,3171,66199,7920,3804,4116
45645,70731,4528,34014,3171,66203,7920,3804,4116
45650,70741,4529,34017,3171,66212,7921,3805,4116
45655,70747,4529,34019,3171,66217,7922,3805,4117
45660,70758,4531,34023,3172,66227,7922,3805,4117
45665,70762,4531,34026,3172,66231,7922,3805,4117
45670,70772,4532,34031,3173,66240,7923,3805,4118
45675,70778,4532,34035,3173,66246,7924,3805,4119
45680,70789,4532,34041,3173,66257,7926,3806,4120
45685,70793,4532,34043,3173,66261,7926,3806,4120
45690,70803,4533,34044,3173,66270,7928,3806,4122
45695,70809,4533,34048,3173,66275,7929,3807,4122
45700,70820,4534,34054,3174,66286,7931,3808,4123
45705,70824,4534,34057,3174,66290,7931,3808,4123
45710,70834,4535,34063,3174,66299,7932,3809,4123
45715,70840,4535,34066,3174,66304,7933,3810,4123
45720,70851,4536,34073,3175,66315,7934,3811,4123
45725,70855,4536,34076,3175,66319,7934,3811,4123
45730,70865,4536,34082,3175,66329,7935,3812,4123
45735,70871,4536,34085,3175,66335,7936,3812,4124
45740,70882,4536,34090,3175,66346,7936,3812,4124
45745,70886,4536,34094,3175,66350,7936,3812,4124
45750,70896,4536,34098,3175,66360,7937,3812,4125
45755,70902,4536,34101,3175,66366,7938,3813,4125
45760,70913,4536,34104,3175,66377,7938,3813,4125
45765,70917,4536,34106,3175,66381,7938,3813,4125
45770,70927,4536,34110,3175,66391,7939,3814,4125
45775,70933,4536,34114,3175,66397,7940,3815,4125
45780,70944,4536,34122,3175,66408,7940,3815,4125
45785,70948,4536,34123,3175,66412,7940,3815,4125
45790,70958,4536,34128,3175,66422,7941,3816,4125
45795,70964,4536,34129,3175,66428,7943,3816,4127
45800,70975,4536,34136,3175,66439,7943,3816,4127
45805,70979,4536,34139,3175,66443,7943,3816,4127
45810,70989,4536,34144,3175,66453,7944,3816,4128
45815,70995,4536,34147,3175,66459,7945,3817,4128
45820,71006,4536,34153,3175,66470,7946,3817,4129
45825,71010,4536,34154,3175,66474,7946,3817,4129
45830,71020,4537,34157,3175,66483,7947,3817,4130
45835,71026,4537,34160,3175,66489,7948,3817,4131
45840,71037,4538,34164,3175,66499,7949,3818,4131
45845,71041,4538,34167,3175,66503,7949,3818,4131
45850,71051,4539,34173,3176,66512,7950,3818,4132
45855,71057,4539,34176,3176,66518,7951,3818,4133
45860,71068,4541,34180,3178,66527,7953,3818,4135
45865,71072,4542,34182,3179,66530,7953,3818,4135
45870,71082,4543,34187,3179,66539,7954,3819,4135
45875,71088,4543,34188,3179,66545,7955,3819,4136
45880,71099,4544,34192,3179,66555,7957,3821,4136
45885,71103,4544,34194,3179,66559,7957,3821,4136
45890,71113,4545,34198,3179,66568,7958,3821,4137
45895,71119,4545,34201,3179,66574,7959,3822,4137
45900,71130,4546,34206,3180,66584,7961,3823,4138
45905,71134,4548,34209,3182,66586,7961,3823,4138
45910,71144,4549,34217,3183,66595,7963,3825,4138
45915,71150,4549,34221,3183,66601,7965,3825,4140
45920,71161,4550,34228,3183,66611,7967,3827,4140
45925,71165,4552,34231,3185,66613,7967,3827,4140
45930,71175,4553,34236,3185,66622,7969,3829,4140
45935,71181,4553,34238,3185,66628,7971,3831,4140
45940,71192,4554,34242,3185,66638,7973,3831,4142
45945,71196,4554,34244,3185,66642,7973,3831,4142
45950,71206,4555,34250,3185,66651,7974,3831,4143
45955,71212,4555,34255,3185,66656,7976,3833,4143
45960,71223,4558,34261,3188,66665,7978,3834,4144
45965,71227,4558,34262,3188,66669,7978,3834,4144
45970,71237,4559,34265,3188,66678,7979,3834,4145
45975,71243,4559,34266,3188,66684,7980,3834,4146
45980,71254,4559,34273,3188,66695,7981,3834,4147
45985,71258,4559,34277,3188,66699,7981,3834,4147
45990,71268,4560,34283,3189,66708,7982,3834,4148
45995,71274,4560,34286,3189,66713,7983,3835,4148
46000,71285,4561,34293,3190,66724,7984,3835,4149
46005,71289,4561,34296,3190,66728,7984,3835,4149
46010,71299,4562,34300,3190,66737,7985,3835,4150
46015,71305,4562,34302,3190,66743,7986,3836,4150
46020,71316,4562,34308,3190,66754,7987,3837,4150
46025,71320,4562,34308,3190,66758,7987,3837,4150
46030,71330,4563,34313,3191,66767,7988,3837,4151
46035,71336,4563,34317,3191,66773,7989,3838,4151
46040,71347,4563,34321,3191,66784,7989,3838,4151
46045,71351,4563,34324,3191,66788,7989,3838,4151
46050,71361,4564,34331,3192,66797,7991,3839,4152
46055,71367,4564,34334,3192,66803,7992,3840,4152
46060,71378,4564,34339,3192,66814,7992,3840,4152
46065,71382,4564,34341,3192,66818,7992,3840,4152
46070,71392,4565,34344,3192,66827,7994,3840,4154
46075,71398,4565,34348,3192,66832,7996,3841,4155
46080,71409,4567,34351,3193,66842,7997,3841,4156
46085,71413,4568,34352,3194,66845,7997,3841,4156
46090,71423,4568,34354,3194,66855,7998,3842,4156
46095,71429,4568,34355,3194,66861,7999,3842,4157
46100,71440,4570,34361,3196,66870,8000,3843,4157
46105,71444,4571,34363,3197,66873,8000,3843,4157
46110,71454,4571,34367,3197,66883,8001,3844,4157
46115,71460,4571,34371,3197,66889,8002,3845,4157
46120,71471,4573,34376,3198,66898,8003,3846,4157
46125,71475,4573,34377,3198,66902,8003,3846,4157
46130,71485,4573,34382,3198,66912,8004,3847,4157
46135,71491,4573,34385,3198,66918,8005,3847,4158
46140,71502,4574,34391,3199,66928,8005,3847,4158
46145,71506,4574,34393,3199,66932,8005,3847,4158
46150,71516,4575,34398,3199,66941,8006,3848,4158
46155,71522,4575,34402,3199,66947,8007,3849,4158
46160,71533,4575,34409,3199,66958,8007,3849,4158
46165,71537,4575,34411,3199,66962,8007,3849,4158
46170,71547,4576,34413,3199,66971,8008,3849,4159
46175,71553,4576,34414,3199,66977,8009,3849,4160
46180,71564,4577,34424,3200,66987,8009,3849,4160
46185,71568,4577,34426,3200,66991,8009,3849,4160
46190,71578,4578,34430,3200,67000,8011,3850,4161
46195,71584,4578,34431,3200,67006,8013,3850,4163
46200,71595,4579,34435,3201,67016,8014,3851,4163
46205,71599,4579,34437,3201,67020,8014,3851,4163
46210,71609,4579,34445,3201,67030,8015,3852,4163
46215,71615,4579,34450,3201,67036,8016,3853,4163
46220,71626,4581,34456,3203,67045,8017,3853,4164
46225,71630,4581,34457,3203,67049,8017,3853,4164
46230,71640,4581,34460,3203,67059,8018,3854,4164
46235,71646,4581,34461,3203,67065,8019,3854,4165
46240,71657,4582,34467,3204,67075,8021,3855,4166
46245,71661,4583,34470,3205,67078,8021,3855,4166
46250,71671,4583,34473,3205,67088,8022,3855,4167
46255,71677,4583,34475,3205,67094,8023,3855,4168
46260,71688,4584,34481,3206,67104,8025,3856,4169
46265,71692,4585,34483,3207,67107,8025,3856,4169
46270,71702,4585,34486,3207,67117,8026,3856,4170
46275,71708,4585,34489,3207,67123,8027,3857,4170
46280,71719,4586,34494,3207,67133,8028,3858,4170
46285,71723,4586,34497,3207,67137,8028,3858,4170
46290,71733,4586,34500,3207,67147,8029,3858,4171
46295,71739,4586,34501,3207,67153,8030,3858,4172
46300,71750,4587,34506,3208,67163,8031,3858,4173
46305,71754,4587,34507,3208,67167,8031,3858,4173
46310,71764,4588,34510,3208,67176,8032,3858,4174
46315,71770,4588,34513,3208,67182,8034,3859,4175
46320,71781,4590,34519,3210,67191,8035,3859,4176
46325,71785,4591,34522,3211,67194,8035,3859,4176
46330,71795,4592,34527,3211,67203,8037,3859,4178
46335,71801,4592,34529,3211,67209,8038,3859,4179
46340,71812,4593,34532,3211,67219,8040,3860,4180
46345,71816,4593,34534,3211,67223,8040,3860,4180
46350,71826,4594,34540,3212,67232,8042,3861,4181
46355,71832,4594,34542,3212,67238,8043,3861,4182
46360,71843,4595,34549,3212,67248,8044,3862,4182
46365,71847,4596,34550,3213,67251,8044,3862,4182
46370,71857,4597,34554,3213,67260,8046,3864,4182
46375,71863,4597,34556,3213,67266,8047,3864,4183
46380,71874,4598,34562,3214,67276,8048,3864,4184
46385,71878,4600,34565,3216,67278,8048,3864,4184
46390,71888,4601,34569,3217,67287,8049,3864,4185
46395,71894,4601,34573,3217,67293,8050,3865,4185
46400,71905,4602,34579,3217,67303,8051,3865,4186
46405,71909,4603,34580,3218,67306,8051,3865,4186
46410,71919,4604,34585,3218,67315,8052,3866,4186
46415,71925,4604,34587,3218,67321,8053,3866,4187
46420,71936,4605,34594,3219,67331,8054,3866,4188
46425,71940,4605,34595,3219,67335,8054,3866,4188
46430,71950,4606,34599,3219,67344,8055,3867,4188
46435,71956,4606,34602,3219,67350,8056,3868,4188
46440,71967,4608,34608,3220,67359,8057,3868,4189
46445,71971,4608,34611,3220,67363,8057,3868,4189
46450,71981,4609,34618,3221,67372,8059,3869,4190
46455,71987,4609,34621,3221,67377,8061,3871,4190
46460,71998,4611,34623,3222,67387,8062,3871,4191
46465,72002,4611,34624,3222,67391,8062,3871,4191
46470,72012,4612,34628,3223,67400,8064,3872,4192
46475,72018,4612,34630,3223,67406,8066,3873,4193
46480,72029,4614,34634,3225,67415,8067,3873,4194
46485,72033,4614,34635,3225,67419,8067,3873,4194
46490,72043,4615,34641,3226,67428,8069,3874,4195
46495,72049,4615,34643,3226,67434,8071,3875,4196
46500,72060,4617,34647,3227,67443,8072,3875,4197
46505,72064,4617,34649,3227,67447,8072,3875,4197
46510,72074,4617,34652,3227,67457,8073,3876,4197
46515,72080,4617,34655,3227,67463,8074,3876,4198
46520,72091,4617,34663,3227,67474,8074,3876,4198
46525,72095,4617,34664,3227,67478,8074,3876,4198
46530,72105,4617,34670,3227,67488,8075,3876,4199
46535,72111,4617,34671,3227,67494,8076,3877,4199
46540,72122,4617,34677,3227,67505,8076,3877,4199
46545,72126,4617,34680,3227,67509,8076,3877,4199
46550,72136,4617,34684,3227,67519,8077,3877,4200
46555,72142,4617,34685,3227,67525,8078,3877,4201
46560,72153,4617,34689,3227,67536,8079,3877,4202
46565,72157,4617,34693,3227,67540,8079,3877,4202
46570,72167,4617,34698,3227,67550,8080,3877,4203
46575,72173,4617,34700,3227,67556,8081,3877,4204
46580,72184,4617,34707,3227,67567,8081,3877,4204
46585,72188,4617,34708,3227,67571,8081,3877,4204
46590,72198,4617,34714,3227,67581,8082,3878,4204
46595,72204,4617,34717,3227,67587,8083,3879,4204
46600,72215,4617,34722,3227,67598,8083,3879,4204
46605,72219,4617,34723,3227,67602,8083,3879,4204
46610,72229,4618,34728,3228,67611,8084,3880,4204
46615,72235,4618,34730,3228,67616,8085,3880,4205
46620,72246,4621,34736,3231,67625,8086,3881,4205
46625,72250,4621,34738,3231,67629,8086,3881,4205
46630,72260,4621,34744,3231,67639,8087,3881,4206
46635,72266,4621,34747,3231,67645,8088,3882,4206
46640,72277,4622,34752,3232,67655,8089,3882,4207
46645,72281,4622,34755,3232,67659,8089,3882,4207
46650,72291,4622,34758,3232,67669,8090,3883,4207
46655,72297,4622,34763,3232,67675,8091,3884,4207
46660,72308,4623,34770,3232,67685,8092,3885,4207
46665,72312,4623,34774,3232,67689,8092,3885,4207
46670,72322,4623,34782,3232,67699,8094,3887,4207
46675,72328,4623,34783,3232,67705,8096,3887,4209
46680,72339,4624,34788,3233,67715,8097,3887,4210
46685,72343,4624,34788,3233,67719,8097,3887,4210
46690,72353,4624,34793,3233,67729,8099,3888,4211
46695,72359,4624,34794,3233,67735,8100,3888,4212
46700,72370,4625,34799,3234,67745,8102,3889,4213
46705,72374,4626,34803,3235,67748,8102,3889,4213
46710,72384,4626,34810,3235,67758,8103,3889,4214
46715,72390,4626,34813,3235,67764,8104,3890,4214
46720,72401,4627,34818,3236,67774,8106,3890,4216
46725,72405,4627,34820,3236,67778,8106,3890,4216
46730,72415,4628,34825,3236,67787,8107,3890,4217
46735,72421,4628,34828,3236,67792,8108,3890,4218
46740,72432,4631,34834,3239,67801,8110,3891,4219
46745,72436,4631,34835,3239,67805,8110,3891,4219
46750,72446,4632,34840,3239,67814,8111,3892,4219
46755,72452,4632,34842,3239,67820,8112,3892,4220
46760,72463,4635,34849,3241,67828,8114,3893,4221
46765,72467,4636,34851,3242,67831,8114,3893,4221
46770,72477,4637,34858,3243,67840,8115,3893,4222
46775,72483,4637,34862,3243,67846,8116,3894,4222
46780,72494,4639,34867,3245,67855,8118,3894,4224
46785,72498,4640,34869,3246,67858,8118,3894,4224
46790,72508,4641,34874,3246,67867,8119,3894,4225
46795,72514,4641,34878,3246,67873,8120,3894,4226
46800,72525,4644,34886,3248,67881,8122,3896,4226
46805,72529,4645,34888,3249,67884,8122,3896,4226
46810,72539,4646,34894,3249,67893,8123,3897,4226
46815,72545,4646,34896,3249,67899,8124,3897,4227
46820,72556,4646,34902,3249,67910,8126,3899,4227
46825,72560,4646,34904,3249,67914,8126,3899,4227
46830,72570,4647,34907,3250,67923,8127,3899,4228
46835,72576,4647,34911,3250,67929,8128,3900,4228
46840,72587,4647,34914,3250,67940,8130,3900,4230
46845,72591,4647,34915,3250,67944,8130,3900,4230
46850,72601,4648,34919,3251,67953,8131,3900,4231
46855,72607,4648,34923,3251,67959,8132,3901,4231
46860,72618,4648,34927,3251,67970,8134,3902,4232
46865,72622,4649,34928,3252,67973,8134,3902,4232
46870,72632,4650,34931,3252,67982,8135,3902,4233
46875,72638,4650,34935,3252,67987,8136,3902,4234
46880,72649,4654,34942,3256,67995,8137,3902,4235
46885,72653,4656,34944,3258,67997,8137,3902,4235
46890,72663,4657,34949,3258,68006,8138,3902,4236
46895,72669,4657,34953,3258,68011,8139,3902,4237
46900,72680,4659,34955,3259,68021,8140,3902,4238
46905,72684,4661,34958,3261,68023,8140,3902,4238
46910,72694,4662,34965,3262,68032,8141,3903,4238
46915,72700,4662,34969,3262,68037,8142,3904,4238
46920,72711,4666,34976,3265,68045,8143,3905,4238
46925,72715,4666,34978,3265,68049,8143,3905,4238
46930,72725,4666,34985,3265,68059,8144,3905,4239
46935,72731,4666,34988,3265,68065,8145,3905,4240
46940,72742,4666,34996,3265,68076,8145,3905,4240
46945,72746,4666,34999,3265,68080,8145,3905,4240
46950,72756,4666,35004,3265,68090,8146,3905,4241
46955,72762,4666,35006,3265,68096,8147,3905,4242
46960,72773,4666,35012,3265,68107,8147,3905,4242
46965,72777,4666,35015,3265,68111,8147,3905,4242
46970,72787,4666,35024,3265,68121,8148,3906,4242
46975,72793,4666,35027,3265,68127,8149,3907,4242
46980,72804,4666,35034,3265,68138,8150,3907,4243
46985,72808,4666,35037,3265,68142,8150,3907,4243
46990,72818,4666,35040,3265,68152,8151,3907,4244
46995,72824,4666,35042,3265,68158,8152,3907,4245
47000,72835,4666,35048,3265,68169,8153,3907,4246
47005,72839,4666,35051,3265,68173,8153,3907,4246
47010,72849,4666,35056,3265,68183,8154,3907,4247
47015,72855,4666,35058,3265,68189,8155,3908,4247
47020,72866,4666,35063,3265,68200,8155,3908,4247
47025,72870,4666,35065,3265,68204,8155,3908,4247
47030,72880,4667,35070,3266,68213,8156,3908,4248
47035,72886,4667,35071,3266,68218,8157,3908,4249
47040,72897,4670,35077,3268,68227,8159,3910,4249
47045,72901,4670,35079,3268,68231,8159,3910,4249
47050,72911,4671,35084,3268,68240,8161,3911,4250
47055,72917,4671,35088,3268,68246,8162,3911,4251
47060,72928,4673,35096,3270,68255,8163,3912,4251
47065,72932,4673,35098,3270,68259,8163,3912,4251
47070,72942,4673,35101,3270,68269,8164,3913,4251
47075,72948,4673,35103,3270,68275,8165,3914,4251
47080,72959,4675,35107,3271,68284,8166,3914,4252
47085,72963,4675,35109,3271,68288,8166,3914,4252
47090,72973,4675,35111,3271,68298,8167,3915,4252
47095,72979,4675,35116,3271,68304,8168,3916,4252
47100,72990,4676,35122,3271,68314,8169,3916,4253
47105,72994,4676,35123,3271,68318,8169,3916,4253
47110,73004,4676,35129,3271,68328,8170,3917,4253
47115,73010,4676,35129,3271,68334,8171,3917,4254
47120,73021,4677,35135,3272,68344,8172,3917,4255
47125,73025,4677,35136,3272,68348,8172,3917,4255
47130,73035,4677,35140,3272,68358,8173,3917,4256
47135,73041,4677,35144,3272,68364,8174,3918,4256
47140,73052,4678,35152,3273,68374,8174,3918,4256
47145,73056,4678,35155,3273,68378,8174,3918,4256
47150,73066,4678,35159,3273,68388,8175,3918,4257
47155,73072,4678,35162,3273,68394,8176,3918,4258
47160,73083,4679,35165,3274,68404,8177,3918,4259
47165,73087,4679,35165,3274,68408,8177,3918,4259
47170,73097,4680,35172,3274,68417,8178,3919,4259
47175,73103,4680,35174,3274,68423,8179,3919,4260
47180,73114,4681,35179,3275,68433,8179,3919,4260
47185,73118,4681,35180,3275,68437,8179,3919,4260
47190,73128,4682,35186,3276,68446,8180,3919,4261
47195,73134,4682,35189,3276,68452,8181,3919,4262
47200,73145,4682,35194,3276,68463,8181,3919,4262
47205,73149,4682,35196,3276,68467,8181,3919,4262
47210,73159,4683,35200,3277,68476,8182,3920,4262
47215,73165,4683,35204,3277,68482,8183,3921,4262
47220,73176,4684,35211,3278,68492,8183,3921,4262
47225,73180,4684,35213,3278,68496,8183,3921,4262
47230,73190,4684,35216,3278,68506,8184,3921,4263
47235,73196,4684,35219,3278,68512,8185,3922,4263
47240,73207,4684,35226,3278,68523,8185,3922,4263
47245,73211,4684,35227,3278,68527,8185,3922,4263
47250,73221,4684,35231,3278,68537,8186,3922,4264
47255,73227,4684,35234,3278,68543,8187,3923,4264
47260,73238,4684,35239,3278,68554,8187,3923,4264
47265,73242,4684,35241,3278,68558,8187,3923,4264
47270,73252,4684,35247,3278,68568,8188,3924,4264
47275,73258,4684,35248,3278,68574,8190,3924,4266
47280,73269,4686,35254,3279,68583,8192,3924,4268
47285,73273,4687,35256,3280,68586,8192,3924,4268
47290,73283,4688,35262,3281,68595,8193,3924,4269
47295,73289,4688,35265,3281,68600,8194,3924,4270
47300,73300,4691,35268,3283,68609,8196,3924,4272
47305,73304,4691,35270,3283,68613,8196,3924,4272
47310,73314,4692,35276,3283,68622,8198,3926,4272
47315,73320,4692,35279,3283,68628,8199,3926,4273
47320,73331,4695,35283,3285,68636,8201,3926,4275
47325,73335,4695,35286,3285,68640,8201,3926,4275
47330,73345,4696,35292,3286,68649,8203,3928,4275
47335,73351,4696,35294,3286,68655,8204,3929,4275
47340,73362,4698,35301,3288,68664,8206,3930,4276
47345,73366,4698,35303,3288,68668,8206,3930,4276
47350,73376,4698,35307,3288,68678,8207,3930,4277
47355,73382,4698,35308,3288,68684,8208,3931,4277
47360,73393,4698,35316,3288,68695,8209,3932,4277
47365,73397,4698,35318,3288,68699,8209,3932,4277
47370,73407,4698,35321,3288,68709,8210,3932,4278
47375,73413,4698,35324,3288,68715,8211,3933,4278
47380,73424,4698,35328,3288,68726,8211,3933,4278
47385,73428,4698,35329,3288,68730,8211,3933,4278
47390,73438,4698,35333,3288,68740,8212,3933,4279
47395,73444,4698,35338,3288,68746,8214,3935,4279
47400,73455,4698,35343,3288,68757,8214,3935,4279
47405,73459,4698,35345,3288,68761,8214,3935,4279
47410,73469,4698,35350,3288,68771,8215,3936,4279
47415,73475,4698,35354,3288,68777,8216,3937,4279
47420,73486,4698,35359,3288,68788,8216,3937,4279
47425,73490,4698,35362,3288,68792,8216,3937,4279
47430,73500,4698,35367,3288,68802,8217,3938,4279
47435,73506,4698,35371,3288,68808,8218,3939,4279
47440,73517,4698,35376,3288,68819,8218,3939,4279
47445,73521,4698,35378,3288,68823,8218,3939,4279
47450,73531,4699,35382,3289,68832,8219,3939,4280
47455,73537,4699,35386,3289,68838,8220,3939,4281
47460,73548,4701,35396,3291,68847,8221,3940,4281
47465,73552,4703,35399,3293,68849,8221,3940,4281
47470,73562,4704,35404,3294,68858,8222,3940,4282
47475,73568,4704,35405,3294,68864,8223,3940,4283
47480,73579,4705,35412,3295,68874,8225,3940,4285
47485,73583,4707,35414,3297,68876,8225,3940,4285
47490,73593,4708,35419,3297,68885,8226,3941,4285
47495,73599,4708,35422,3297,68891,8227,3941,4286
47500,73610,4709,35428,3298,68901,8229,3942,4287
47505,73614,4709,35430,3298,68905,8229,3942,4287
47510,73624,4710,35436,3299,68914,8230,3942,4288
47515,73630,4710,35438,3299,68920,8232,3943,4289
47520,73641,4711,35446,3300,68930,8234,3944,4290
47525,73645,4712,35449,3301,68933,8234,3944,4290
47530,73655,4713,35452,3301,68942,8235,3944,4291
47535,73661,4713,35457,3301,68948,8237,3946,4291
47540,73672,4714,35463,3301,68958,8239,3947,4292
47545,73676,4714,35465,3301,68962,8239,3947,4292
47550,73686,4715,35471,3302,68971,8240,3947,4293
47555,73692,4715,35471,3302,68977,8241,3947,4294
47560,73703,4716,35475,3302,68987,8243,3949,4294
47565,73707,4716,35476,3302,68991,8243,3949,4294
47570,73717,4717,35480,3303,69000,8244,3950,4294
47575,73723,4717,35482,3303,69006,8245,3950,4295
47580,73734,4719,35487,3305,69015,8247,3951,4296
47585,73738,4719,35490,3305,69019,8247,3951,4296
47590,73748,4720,35493,3306,69028,8248,3951,4297
47595,73754,4720,35498,3306,69033,8249,3952,4297
47600,73765,4721,35501,3307,69044,8251,3952,4299
47605,73769,4721,35502,3307,69048,8251,3952,4299
47610,73779,4722,35505,3307,69057,8252,3953,4299
47615,73785,4722,35508,3307,69063,8253,3953,4300
47620,73796,4723,35514,3308,69073,8255,3955,4300
47625,73800,4723,35517,3308,69077,8255,3955,4300
47630,73810,4724,35523,3309,69086,8256,3956,4300
47635,73816,4724,35526,3309,69092,8257,3957,4300
47640,73827,4724,35531,3309,69103,8259,3958,4301
47645,73831,4724,35535,3309,69107,8259,3958,4301
47650,73841,4724,35539,3309,69117,8260,3958,4302
47655,73847,4724,35542,3309,69123,8261,3958,4303
47660,73858,4724,35546,3309,69134,8261,3958,4303
47665,73862,4724,35546,3309,69138,8261,3958,4303
47670,73872,4724,35548,3309,69148,8262,3958,4304
47675,73878,4724,35553,3309,69154,8263,3959,4304
47680,73889,4724,35561,3309,69165,8263,3959,4304
47685,73893,4724,35563,3309,69169,8263,3959,4304
47690,73903,4724,35566,3309,69179,8264,3959,4305
47695,73909,4724,35570,3309,69185,8265,3960,4305
47700,73920,4725,35575,3310,69195,8265,3960,4305
47705,73924,4726,35577,3311,69198,8265,3960,4305
47710,73934,4727,35583,3311,69207,8267,3962,4305
47715,73940,4727,35585,3311,69212,8268,3963,4305
47720,73951,4730,35589,3313,69221,8269,3963,4306
47725,73955,4730,35590,3313,69225,8269,3963,4306
47730,73965,4731,35594,3313,69234,8271,3963,4308
47735,73971,4731,35596,3313,69240,8272,3964,4308
47740,73982,4733,35601,3314,69249,8273,3965,4308
47745,73986,4733,35604,3314,69253,8273,3965,4308
47750,73996,4734,35610,3315,69262,8275,3966,4309
47755,74002,4734,35614,3315,69267,8276,3966,4310
47760,74013,4736,35617,3316,69277,8277,3966,4311
47765,74017,4736,35619,3316,69281,8277,3966,4311
47770,74027,4736,35625,3316,69291,8278,3967,4311
47775,74033,4736,35629,3316,69297,8279,3967,4312
47780,74044,4737,35636,3317,69307,8280,3968,4312
47785,74048,4738,35638,3318,69310,8280,3968,4312
47790,74058,4738,35641,3318,69320,8281,3969,4312
47795,74064,4738,35644,3318,69326,8282,3969,4313
47800,74075,4739,35651,3319,69336,8283,3969,4314
47805,74079,4740,35653,3320,69339,8283,3969,4314
47810,74089,4740,35660,3320,69349,8284,3970,4314
47815,74095,4740,35660,3320,69355,8285,3970,4315
47820,74106,4741,35665,3321,69365,8285,3970,4315
47825,74110,4741,35666,3321,69369,8285,3970,4315
47830,74120,4741,35671,3321,69379,8286,3971,4315
47835,74126,4741,35674,3321,69385,8287,3971,4316
47840,74137,4742,35677,3322,69395,8287,3971,4316
47845,74141,4743,35678,3323,69398,8287,3971,4316
47850,74151,4743,35683,3323,69408,8288,3972,4316
47855,74157,4743,35686,3323,69414,8289,3972,4317
47860,74168,4744,35693,3323,69424,8289,3972,4317
47865,74172,4744,35695,3323,69428,8289,3972,4317
47870,74182,4745,35700,3324,69437,8290,3973,4317
47875,74188,4745,35704,3324,69442,8291,3974,4317
47880,74199,4748,35709,3326,69451,8293,3975,4318
47885,74203,4749,35710,3327,69454,8293,3975,4318
47890,74213,4750,35712,3327,69463,8295,3976,4319
47895,74219,4750,35716,3327,69469,8297,3977,4320
47900,74230,4752,35719,3328,69478,8299,3977,4322
47905,74234,4753,35721,3329,69481,8299,3977,4322
47910,74244,4754,35726,3329,69490,8300,3977,4323
47915,74250,4754,35726,3329,69496,8301,3977,4324
47920,74261,4756,35732,3331,69505,8303,3978,4325
47925,74265,4756,35733,3331,69509,8303,3978,4325
47930,74275,4757,35738,3332,69518,8304,3979,4325
47935,74281,4757,35740,3332,69524,8305,3979,4326
47940,74292,4759,35746,3333,69533,8307,3981,4326
47945,74296,4760,35748,3334,69536,8307,3981,4326
47950,74306,4761,35749,3334,69545,8308,3981,4327
47955,74312,4761,35750,3334,69550,8309,3981,4328
47960,74323,4762,35756,3335,69561,8311,3982,4329
47965,74327,4762,35757,3335,69565,8311,3982,4329
47970,74337,4763,35761,3335,69574,8312,3982,4330
47975,74343,4763,35764,3335,69579,8313,3983,4330
47980,74354,4764,35771,3336,69590,8315,3984,4331
47985,74358,4764,35774,3336,69594,8315,3984,4331
47990,74368,4765,35780,3336,69603,8316,3985,4331
47995,74374,4765,35784,3336,69608,8317,3985,4332
48000,74385,4766,35791,3337,69619,8319,3986,4333
48005,74389,4766,35793,3337,69623,8319,3986,4333
48010,74399,4767,35796,3338,69632,8320,3986,4334
48015,74405,4767,35800,3338,69638,8321,3986,4335
48020,74416,4767,35805,3338,69649,8321,3986,4335
48025,74420,4767,35807,3338,69653,8321,3986,4335
48030,74430,4767,35812,3338,69663,8322,3987,4335
48035,74436,4767,35816,3338,69669,8323,3988,4335
48040,74447,4767,35822,3338,69680,8323,3988,4335
48045,74451,4767,35825,3338,69684,8323,3988,4335
48050,74461,4767,35833,3338,69694,8324,3989,4335
48055,74467,4767,35835,3338,69700,8325,3990,4335
48060,74478,4768,35840,3338,69710,8325,3990,4335
48065,74482,4769,35844,3339,69713,8325,3990,4335
48070,74492,4769,35851,3339,69723,8326,3990,4336
48075,74498,4769,35852,3339,69729,8327,3990,4337
48080,74509,4770,35857,3340,69739,8327,3990,4337
48085,74513,4771,35859,3341,69742,8327,3990,4337
48090,74523,4771,35867,3341,69752,8328,3991,4337
48095,74529,4771,35869,3341,69758,8329,3991,4338
48100,74540,4772,35874,3342,69768,8329,3991,4338
48105,74544,4773,35877,3343,69771,8329,3991,4338
48110,74554,4773,35880,3343,69781,8331,3991,4340
48115,74560,4773,35882,3343,69787,8332,3991,4341
48120,74571,4774,35886,3344,69797,8334,3992,4342
48125,74575,4775,35888,3345,69800,8334,3992,4342
48130,74585,4776,35893,3346,69809,8336,3994,4342
48135,74591,4776,35896,3346,69815,8337,3995,4342
48140,74602,4777,35900,3346,69825,8338,3996,4342
48145,74606,4777,35900,3346,69829,8338,3996,4342
48150,74616,4778,35906,3346,69838,8339,3996,4343
48155,74622,4778,35908,3346,69844,8340,3997,4343
48160,74633,4779,35913,3346,69854,8341,3997,4344
48165,74637,4780,35916,3347,69857,8341,3997,4344
48170,74647,4781,35919,3347,69866,8342,3997,4345
48175,74653,4781,35922,3347,69872,8343,3998,4345
48180,74664,4783,35929,3348,69881,8344,3999,4345
48185,74668,4783,35932,3348,69885,8344,3999,4345
48190,74678,4784,35937,3349,69894,8345,4000,4345
48195,74684,4784,35941,3349,69900,8346,4000,4346
48200,74695,4784,35945,3349,69911,8347,4000,4347
48205,74699,4785,35949,3350,69914,8347,4000,4347
48210,74709,4786,35954,3350,69923,8348,4000,4348
48215,74715,4786,35958,3350,69929,8349,4000,4349
48220,74726,4786,35964,3350,69940,8350,4000,4350
48225,74730,4786,35965,3350,69944,8350,4000,4350
48230,74740,4787,35971,3350,69953,8351,4000,4351
48235,74746,4787,35973,3350,69959,8352,4000,4352
48240,74757,4788,35977,3351,69969,8353,4001,4352
48245,74761,4788,35979,3351,69973,8353,4001,4352
48250,74771,4789,35984,3352,69982,8354,4001,4353
48255,74777,4789,35987,3352,69987,8355,4002,4353
48260,74788,4790,35991,3353,69998,8355,4002,4353
48265,74792,4790,35993,3353,70002,8355,4002,4353
48270,74802,4791,35999,3354,70011,8356,4003,4353
48275,74808,4791,36002,3354,70016,8357,4003,4354
48280,74819,4792,36008,3355,70027,8357,4003,4354
48285,74823,4792,36010,3355,70031,8357,4003,4354
48290,74833,4793,36015,3355,70040,8359,4004,4355
48295,74839,4793,36018,3355,70046,8360,4004,4356
48300,74850,4794,36021,3356,70056,8361,4004,4357
48305,74854,4794,36022,3356,70060,8361,4004,4357
48310,74864,4795,36028,3357,70069,8362,4004,4358
48315,74870,4795,36031,3357,70074,8363,4005,4358
48320,74881,4797,36037,3359,70084,8364,4006,4358
48325,74885,4797,36040,3359,70088,8364,4006,4358
48330,74895,4798,36042,3359,70097,8365,4007,4358
48335,74901,4798,36043,3359,70103,8366,4007,4359
48340,74912,4799,36047,3359,70113,8367,4007,4360
48345,74916,4799,36050,3359,70117,8367,4007,4360
48350,74926,4800,36057,3360,70126,8368,4007,4361
48355,74932,4800,36061,3360,70131,8369,4008,4361
48360,74943,4803,36065,3362,70140,8370,4009,4361
48365,74947,4804,36068,3363,70143,8370,4009,4361
48370,74957,4804,36074,3363,70153,8371,4009,4362
48375,74963,4804,36077,3363,70159,8372,4009,4363
48380,74974,4806,36083,3364,70168,8373,4009,4364
48385,74978,4806,36085,3364,70172,8373,4009,4364
48390,74988,4806,36090,3364,70182,8374,4009,4365
48395,74994,4806,36091,3364,70188,8375,4009,4366
48400,75005,4807,36096,3364,70198,8376,4009,4367
48405,75009,4807,36098,3364,70202,8376,4009,4367
48410,75019,4807,36104,3364,70212,8377,4010,4367
48415,75025,4807,36107,3364,70218,8378,4011,4367
48420,75036,4809,36112,3365,70227,8379,4012,4367
48425,75040,4809,36114,3365,70231,8379,4012,4367
48430,75050,4809,36119,3365,70241,8380,4013,4367
48435,75056,4809,36123,3365,70247,8381,4014,4367
48440,75067,4811,36130,3367,70256,8381,4014,4367
48445,75071,4811,36130,3367,70260,8381,4014,4367
48450,75081,4811,36134,3367,70270,8382,4014,4368
48455,75087,4811,36137,3367,70276,8383,4014,4369
48460,75098,4813,36144,3368,70285,8383,4014,4369
48465,75102,4813,36146,3368,70289,8383,4014,4369
48470,75112,4814,36151,3369,70298,8384,4014,4370
48475,75118,4814,36153,3369,70303,8385,4014,4371
48480,75129,4816,36157,3370,70313,8385,4014,4371
48485,75133,4816,36158,3370,70317,8385,4014,4371
48490,75143,4817,36163,3370,70326,8387,4014,4373
48495,75149,4817,36167,3370,70332,8388,4015,4373
48500,75160,4817,36173,3370,70343,8388,4015,4373
48505,75164,4817,36175,3370,70347,8388,4015,4373
48510,75174,4818,36177,3371,70356,8389,4015,4374
48515,75180,4818,36180,3371,70361,8390,4015,4375
48520,75191,4819,36187,3372,70372,8390,4015,4375
48525,75195,4819,36189,3372,70376,8390,4015,4375
48530,75205,4820,36194,3373,70385,8391,4015,4376
48535,75211,4820,36197,3373,70391,8392,4015,4377
48540,75222,4820,36203,3373,70402,8393,4016,4377
48545,75226,4820,36205,3373,70406,8393,4016,4377
48550,75236,4820,36208,3373,70416,8394,4016,4378
48555,75242,4820,36212,3373,70422,8396,4018,4378
48560,75253,4820,36217,3373,70433,8397,4018,4379
48565,75257,4820,36218,3373,70437,8397,4018,4379
48570,75267,4820,36222,3373,70447,8398,4019,4379
48575,75273,4820,36227,3373,70453,8399,4020,4379
48580,75284,4820,36236,3373,70464,8400,4020,4380
48585,75288,4820,36240,3373,70468,8400,4020,4380
48590,75298,4820,36246,3373,70478,8401,4021,4380
48595,75304,4820,36249,3373,70484,8402,4022,4380
48600,75315,4821,36252,3373,70494,8404,4023,4381
48605,75319,4821,36255,3373,70498,8404,4023,4381
48610,75329,4821,36261,3373,70508,8405,4024,4381
48615,75335,4821,36266,3373,70514,8406,4025,4381
48620,75346,4822,36271,3374,70524,8406,4025,4381
48625,75350,4822,36274,3374,70528,8406,4025,4381
48630,75360,4822,36279,3374,70538,8408,4026,4382
48635,75366,4822,36283,3374,70544,8409,4027,4382
48640,75377,4823,36290,3374,70554,8409,4027,4382
48645,75381,4823,36291,3374,70558,8409,4027,4382
48650,75391,4824,36297,3375,70567,8411,4028,4383
48655,75397,4824,36299,3375,70573,8412,4029,4383
48660,75408,4825,36304,3375,70583,8412,4029,4383
48665,75412,4825,36306,3375,70587,8412,4029,4383
48670,75422,4826,36310,3376,70596,8413,4029,4384
48675,75428,4826,36312,3376,70602,8415,4029,4386
48680,75439,4828,36318,3377,70611,8415,4029,4386
48685,75443,4828,36321,3377,70615,8415,4029,4386
48690,75453,4829,36325,3377,70624,8416,4029,4387
48695,75459,4829,36327,3377,70630,8418,4030,4388
48700,75470,4831,36332,3378,70639,8418,4030,4388
48705,75474,4831,36334,3378,70643,8418,4030,4388
48710,75484,4832,36337,3378,70652,8419,4031,4388
48715,75490,4832,36338,3378,70658,8421,4032,4389
48720,75501,4833,36347,3379,70668,8423,4033,4390
48725,75505,4833,36347,3379,70672,8423,4033,4390
48730,75515,4834,36351,3379,70681,8424,4033,4391
48735,75521,4834,36353,3379,70687,8426,4033,4393
48740,75532,4835,36357,3379,70697,8428,4034,4394
48745,75536,4835,36358,3379,70701,8428,4034,4394
48750,75546,4836,36365,3380,70710,8429,4035,4394
48755,75552,4836,36368,3380,70716,8431,4036,4395
48760,75563,4837,36373,3380,70726,8433,4037,4396
48765,75567,4838,36377,3381,70729,8433,4037,4396
48770,75577,4839,36383,3382,70738,8435,4038,4397
48775,75583,4839,36386,3382,70743,8436,4038,4398
48780,75594,4842,36390,3385,70752,8438,4038,4400
48785,75598,4842,36393,3385,70756,8438,4038,4400
48790,75608,4843,36398,3385,70765,8439,4038,4401
48795,75614,4843,36399,3385,70771,8440,4038,4402
48800,75625,4844,36406,3385,70781,8441,4038,4403
48805,75629,4845,36407,3386,70784,8441,4038,4403
48810,75639,4846,36412,3387,70793,8442,4038,4404
48815,75645,4846,36415,3387,70799,8443,4039,4404
48820,75656,4847,36420,3388,70809,8444,4039,4405
48825,75660,4847,36421,3388,70813,8444,4039,4405
48830,75670,4848,36424,3388,70822,8445,4040,4405
48835,75676,4848,36428,3388,70827,8446,4041,4405
48840,75687,4851,36434,3390,70836,8447,4042,4405
48845,75691,4851,36436,3390,70840,8447,4042,4405
48850,75701,4852,36440,3390,70849,8448,4042,4406
48855,75707,4852,36440,3390,70855,8449,4042,4407
48860,75718,4852,36443,3390,70866,8450,4043,4407
48865,75722,4852,36447,3390,70870,8450,4043,4407
48870,75732,4853,36452,3390,70879,8451,4043,4408
48875,75738,4853,36456,3390,70884,8452,4043,4409
48880,75749,4854,36461,3391,70895,8452,4043,4409
48885,75753,4855,36464,3392,70898,8452,4043,4409
48890,75763,4856,36468,3392,70907,8454,4043,4411
48895,75769,4856,36470,3392,70913,8456,4044,4412
48900,75780,4856,36477,3392,70924,8457,4045,4412
48905,75784,4857,36480,3393,70927,8457,4045,4412
48910,75794,4857,36486,3393,70937,8458,4045,4413
48915,75800,4857,36489,3393,70943,8459,4046,4413
48920,75811,4860,36496,3395,70951,8460,4047,4413
48925,75815,4860,36498,3395,70955,8460,4047,4413
48930,75825,4860,36503,3395,70965,8461,4047,4414
48935,75831,4860,36506,3395,70971,8462,4048,4414
48940,75842,4861,36508,3396,70981,8463,4048,4415
48945,75846,4861,36509,3396,70985,8463,4048,4415
48950,75856,4861,36514,3396,70995,8464,4048,4416
48955,75862,4861,36516,3396,71001,8465,4049,4416
48960,75873,4863,36523,3398,71010,8466,4049,4417
48965,75877,4863,36524,3398,71014,8466,4049,4417
48970,75887,4863,36527,3398,71024,8467,4049,4418
48975,75893,4863,36529,3398,71030,8468,4050,4418
48980,75904,4864,36533,3398,71040,8468,4050,4418
48985,75908,4864,36535,3398,71044,8468,4050,4418
48990,75918,4864,36539,3398,71054,8469,4050,4419
48995,75924,4864,36541,3398,71060,8470,4050,4420
49000,75935,4866,36544,3400,71069,8470,4050,4420
49005,75939,4866,36547,3400,71073,8470,4050,4420
49010,75949,4867,36552,3400,71082,8472,4051,4421
49015,75955,4867,36555,3400,71087,8474,4052,4422
49020,75966,4870,36558,3402,71096,8475,4052,4423
49025,75970,4870,36560,3402,71100,8475,4052,4423
49030,75980,4871,36565,3403,71109,8477,4053,4424
49035,75986,4871,36568,3403,71115,8478,4053,4425
49040,75997,4873,36575,3405,71124,8478,4053,4425
49045,76001,4873,36578,3405,71128,8478,4053,4425
49050,76011,4874,36583,3406,71137,8479,4053,4426
49055,76017,4874,36584,3406,71143,8480,4053,4427
49060,76028,4876,36588,3407,71152,8480,4053,4427
49065,76032,4876,36589,3407,71156,8480,4053,4427
49070,76042,4877,36591,3407,71165,8481,4053,4428
49075,76048,4877,36592,3407,71171,8482,4053,4429
49080,76059,4878,36596,3407,71181,8483,4054,4429
49085,76063,4878,36597,3407,71185,8483,4054,4429
49090,76073,4879,36601,3407,71194,8484,4054,4430
49095,76079,4879,36604,3407,71199,8485,4054,4431
49100,76090,4880,36608,3408,71210,8487,4055,4432
49105,76094,4880,36610,3408,71214,8487,4055,4432
49110,76104,4881,36615,3408,71223,8488,4056,4432
49115,76110,4881,36619,3408,71229,8489,4057,4432
49120,76121,4881,36625,3408,71240,8491,4058,4433
49125,76125,4881,36628,3408,71244,8491,4058,4433
49130,76135,4882,36630,3408,71253,8492,4058,4434
49135,76141,4882,36633,3408,71259,8493,4059,4434
49140,76152,4882,36640,3408,71270,8495,4059,4436
49145,76156,4883,36642,3409,71273,8495,4059,4436
49150,76166,4884,36647,3410,71282,8497,4060,4437
49155,76172,4884,36649,3410,71287,8498,4060,4438
49160,76183,4885,36656,3411,71298,8499,4061,4438
49165,76187,4885,36658,3411,71302,8499,4061,4438
49170,76197,4886,36663,3412,71311,8500,4062,4438
49175,76203,4886,36665,3412,71317,8501,4062,4439
49180,76214,4886,36670,3412,71328,8502,4063,4439
49185,76218,4886,36670,3412,71332,8502,4063,4439
49190,76228,4887,36675,3413,71341,8503,4064,4439
49195,76234,4887,36680,3413,71346,8504,4065,4439
49200,76245,4889,36687,3414,71356,8505,4066,4439
49205,76249,4889,36689,3414,71360,8505,4066,4439
49210,76259,4889,36694,3414,71370,8506,4067,4439
49215,76265,4889,36698,3414,71376,8507,4068,4439
49220,76276,4890,36703,3415,71386,8507,4068,4439
49225,76280,4890,36705,3415,71390,8507,4068,4439
49230,76290,4890,36709,3415,71400,8508,4069,4439
49235,76296,4890,36710,3415,71406,8509,4069,4440
49240,76307,4893,36714,3418,71414,8509,4069,4440
49245,76311,4894,36715,3419,71417,8509,4069,4440
49250,76321,4894,36717,3419,71427,8510,4069,4441
49255,76327,4894,36721,3419,71433,8512,4070,4442
49260,76338,4896,36726,3420,71442,8513,4071,4442
49265,76342,4896,36728,3420,71446,8513,4071,4442
49270,76352,4896,36735,3420,71456,8514,4071,4443
49275,76358,4896,36737,3420,71462,8515,4071,4444
49280,76369,4896,36744,3420,71473,8516,4072,4444
49285,76373,4896,36747,3420,71477,8516,4072,4444
49290,76383,4896,36752,3420,71487,8517,4073,4444
49295,76389,4896,36755,3420,71493,8518,4073,4445
49300,76400,4896,36759,3420,71504,8518,4073,4445
49305,76404,4896,36761,3420,71508,8518,4073,4445
49310,76414,4897,36764,3421,71517,8519,4074,4445
49315,76420,4897,36764,3421,71523,8520,4074,4446
49320,76431,4897,36768,3421,71534,8520,4074,4446
49325,76435,4897,36769,3421,71538,8520,4074,4446
49330,76445,4898,36776,3422,71547,8521,4074,4447
49335,76451,4898,36778,3422,71553,8522,4074,4448
49340,76462,4898,36781,3422,71564,8523,4074,4449
49345,76466,4899,36783,3423,71567,8523,4074,4449
49350,76476,4900,36788,3423,71576,8524,4074,4450
49355,76482,4900,36792,3423,71581,8525,4075,4450
49360,76493,4901,36799,3424,71592,8526,4076,4450
49365,76497,4902,36800,3425,71595,8526,4076,4450
49370,76507,4903,36806,3425,71604,8527,4076,4451
49375,76513,4903,36809,3425,71609,8529,4077,4452
49380,76524,4906,36816,3428,71618,8530,4078,4452
49385,76528,4907,36819,3429,71621,8530,4078,4452
49390,76538,4907,36824,3429,71631,8532,4078,4454
49395,76544,4907,36827,3429,71637,8533,4078,4455
49400,76555,4908,36833,3429,71647,8534,4078,4456
49405,76559,4909,36834,3430,71650,8534,4078,4456
49410,76569,4909,36838,3430,71660,8536,4079,4457
49415,76575,4909,36842,3430,71666,8537,4079,4458
49420,76586,4910,36848,3430,71676,8538,4080,4458
49425,76590,4911,36851,3431,71679,8538,4080,4458
49430,76600,4911,36854,3431,71689,8539,4080,4459
49435,76606,4911,36856,3431,71695,8540,4080,4460
49440,76617,4912,36857,3431,71705,8541,4080,4461
49445,76621,4912,36859,3431,71709,8541,4080,4461
49450,76631,4913,36861,3432,71718,8542,4080,4462
49455,76637,4913,36863,3432,71724,8543,4080,4463
49460,76648,4914,36870,3432,71734,8544,4081,4463
49465,76652,4915,36871,3433,71737,8544,4081,4463
49470,76662,4916,36878,3434,71746,8545,4082,4463
49475,76668,4916,36881,3434,71751,8546,4083,4463
49480,76679,4918,36884,3435,71761,8547,4084,4463
49485,76683,4919,36888,3436,71764,8547,4084,4463
49490,76693,4920,36894,3436,71773,8548,4084,4464
49495,76699,4920,36896,3436,71778,8550,4084,4466
49500,76710,4924,36900,3439,71786,8552,4084,4468
49505,76714,4924,36902,3439,71790,8552,4084,4468
49510,76724,4924,36906,3439,71800,8554,4084,4470
49515,76730,4924,36910,3439,71806,8555,4085,4470
49520,76741,4924,36916,3439,71817,8557,4086,4471
49525,76745,4924,36919,3439,71821,8557,4086,4471
49530,76755,4924,36924,3439,71831,8558,4087,4471
49535,76761,4924,36927,3439,71837,8559,4088,4471
49540,76772,4924,36931,3439,71848,8559,4088,4471
49545,76776,4924,36934,3439,71852,8559,4088,4471
49550,76786,4924,36938,3439,71862,8560,4089,4471
49555,76792,4924,36943,3439,71868,8561,4090,4471
49560,76803,4924,36951,3439,71879,8561,4090,4471
49565,76807,4924,36953,3439,71883,8561,4090,4471
49570,76817,4924,36959,3439,71893,8562,4090,4472
49575,76823,4924,36963,3439,71899,8563,4091,4472
49580,76834,4924,36967,3439,71910,8563,4091,4472
49585,76838,4924,36970,3439,71914,8563,4091,4472
49590,76848,4924,36975,3439,71924,8564,4091,4473
49595,76854,4924,36980,3439,71930,8565,4092,4473
49600,76865,4924,36986,3439,71941,8565,4092,4473
49605,76869,4924,36986,3439,71945,8565,4092,4473
49610,76879,4925,36993,3440,71954,8566,4093,4473
49615,76885,4925,36996,3440,71960,8568,4095,4473
49620,76896,4926,37001,3441,71970,8568,4095,4473
49625,76900,4926,37003,3441,71974,8568,4095,4473
49630,76910,4927,37009,3441,71983,8570,4097,4473
49635,76916,4927,37011,3441,71989,8572,4098,4474
49640,76927,4928,37012,3441,71999,8573,4099,4474
49645,76931,4928,37015,3441,72003,8573,4099,4474
49650,76941,4929,37020,3441,72012,8575,4099,4476
49655,76947,4929,37024,3441,72017,8576,4100,4476
49660,76958,4932,37029,3444,72026,8578,4101,4477
49665,76962,4932,37031,3444,72030,8578,4101,4477
49670,76972,4933,37035,3445,72039,8580,4101,4479
49675,76978,4933,37037,3445,72045,8581,4102,4479
49680,76989,4934,37043,3445,72055,8583,4104,4479
49685,76993,4935,37047,3446,72058,8583,4104,4479
49690,77003,4936,37050,3446,72067,8584,4105,4479
49695,77009,4936,37052,3446,72073,8585,4106,4479
49700,77020,4937,37058,3447,72083,8586,4106,4480
49705,77024,4938,37060,3448,72086,8586,4106,4480
49710,77034,4939,37066,3448,72095,8587,4107,4480
49715,77040,4939,37068,3448,72101,8588,4107,4481
49720,77051,4940,37073,3449,72111,8589,4108,4481
49725,77055,4940,37073,3449,72115,8589,4108,4481
49730,77065,4941,37076,3450,72124,8590,4108,4482
49735,77071,4941,37077,3450,72130,8591,4108,4483
49740,77082,4942,37083,3451,72140,8592,4109,4483
49745,77086,4943,37084,3452,72143,8592,4109,4483
49750,77096,4944,37090,3453,72152,8593,4110,4483
49755,77102,4944,37094,3453,72158,8595,4110,4485
49760,77113,4945,37099,3453,72168,8595,4110,4485
49765,77117,4946,37101,3454,72171,8595,4110,4485
49770,77127,4947,37106,3454,72180,8596,4110,4486
49775,77133,4947,37108,3454,72186,8598,4110,4488
49780,77144,4949,37113,3455,72195,8598,4110,4488
49785,77148,4949,37115,3455,72199,8598,4110,4488
49790,77158,4950,37120,3455,72208,8599,4110,4489
49795,77164,4950,37122,3455,72214,8600,4110,4490
49800,77175,4953,37128,3458,72222,8601,4111,4490
49805,77179,4953,37132,3458,72226,8601,4111,4490
49810,77189,4953,37135,3458,72236,8602,4111,4491
49815,77195,4953,37137,3458,72242,8603,4112,4491
49820,77206,4953,37141,3458,72253,8604,4112,4492
49825,77210,4953,37143,3458,72257,8604,4112,4492
49830,77220,4953,37145,3458,72267,8605,4112,4493
49835,77226,4953,37146,3458,72273,8606,4113,4493
49840,77237,4953,37151,3458,72284,8607,4113,4494
49845,77241,4953,37152,3458,72288,8607,4113,4494
49850,77251,4953,37157,3458,72298,8609,4114,4495
49855,77257,4953,37158,3458,72304,8610,4114,4496
49860,77268,4953,37161,3458,72315,8611,4114,4497
49865,77272,4953,37162,3458,72319,8611,4114,4497
49870,77282,4953,37166,3458,72329,8612,4114,4498
49875,77288,4953,37169,3458,72335,8613,4115,4498
49880,77299,4953,37173,3458,72346,8614,4115,4499
49885,77303,4953,37173,3458,72350,8614,4115,4499
49890,77313,4953,37179,3458,72360,8615,4115,4500
49895,77319,4953,37182,3458,72366,8616,4115,4501
49900,77330,4953,37190,3458,72377,8617,4116,4501
49905,77334,4953,37191,3458,72381,8617,4116,4501
49910,77344,4954,37196,3459,72390,8618,4116,4502
49915,77350,4954,37198,3459,72396,8619,4117,4502
49920,77361,4955,37203,3459,72406,8620,4118,4502
49925,77365,4956,37206,3460,72409,8620,4118,4502
49930,77375,4957,37209,3461,72418,8621,4118,4503
49935,77381,4957,37213,3461,72424,8622,4119,4503
49940,77392,4958,37215,3461,72434,8623,4119,4504
49945,77396,4958,37218,3461,72438,8623,4119,4504
49950,77406,4958,37223,3461,72448,8624,4119,4505
49955,77412,4958,37228,3461,72454,8625,4120,4505
49960,77423,4960,37234,3462,72463,8626,4121,4505
49965,77427,4960,37236,3462,72467,8626,4121,4505
49970,77437,4960,37241,3462,72477,8627,4121,4506
49975,77443,4960,37243,3462,72483,8628,4121,4507
49980,77454,4961,37248,3462,72493,8629,4122,4507
49985,77458,4961,37250,3462,72497,8629,4122,4507
49990,77468,4961,37257,3462,72507,8631,4124,4507
49995,77474,4961,37258,3462,72513,8632,4124,4508
50000,77485,4962,37263,3462,72523,8632,4124,4508
50005,77489,4962,37264,3462,72527,8632,4124,4508
50010,77499,4962,37265,3462,72537,8634,4124,4510
50015,77505,4962,37269,3462,72543,8635,4125,4510
50020,77516,4963,37271,3463,72553,8635,4125,4510
50025,77520,4963,37273,3463,72557,8635,4125,4510
50030,77530,4963,37279,3463,72567,8636,4126,4510
50035,77536,4963,37285,3463,72573,8637,4127,4510
50040,77547,4965,37294,3465,72582,8637,4127,4510
50045,77551,4966,37296,3466,72585,8637,4127,4510
50050,77561,4967,37300,3466,72594,8638,4128,4510
50055,77567,4967,37303,3466,72600,8639,4129,4510
50060,77578,4969,37309,3467,72609,8639,4129,4510
50065,77582,4970,37311,3468,72612,8639,4129,4510
50070,77592,4971,37316,3468,72621,8640,4130,4510
50075,77598,4971,37318,3468,72627,8641,4130,4511
50080,77609,4973,37327,3470,72636,8641,4130,4511
50085,77613,4975,37331,3472,72638,8641,4130,4511
50090,77623,4976,37339,3472,72647,8642,4131,4511
50095,77629,4976,37341,3472,72652,8644,4131,4513
50100,77640,4980,37350,3476,72660,8644,4131,4513
50105,77644,4980,37354,3476,72664,8644,4131,4513
50110,77654,4980,37359,3476,72674,8646,4133,4513
50115,77660,4980,37362,3476,72680,8647,4134,4513
50120,77671,4980,37367,3476,72691,8647,4134,4513
50125,77675,4980,37367,3476,72695,8647,4134,4513
50130,77685,4980,37371,3476,72705,8649,4135,4514
50135,77691,4980,37375,3476,72711,8650,4136,4514
50140,77702,4980,37381,3476,72722,8650,4136,4514
50145,77706,4980,37382,3476,72726,8650,4136,4514
50150,77716,4980,37388,3476,72736,8651,4136,4515
50155,77722,4980,37392,3476,72742,8652,4137,4515
50160,77733,4980,37395,3476,72753,8653,4137,4516
50165,77737,4980,37399,3476,72757,8653,4137,4516
50170,77747,4980,37404,3476,72767,8654,4138,4516
50175,77753,4980,37410,3476,72773,8655,4139,4516
50180,77764,4980,37414,3476,72784,8656,4140,4516
50185,77768,4980,37417,3476,72788,8656,4140,4516
50190,77778,4980,37423,3476,72798,8657,4140,4517
50195,77784,4980,37427,3476,72804,8658,4141,4517
50200,77795,4980,37436,3476,72815,8659,4142,4517
50205,77799,4980,37439,3476,72819,8659,4142,4517
50210,77809,4981,37443,3476,72828,8660,4142,4518
50215,77815,4981,37445,3476,72834,8661,4143,4518
50220,77826,4982,37449,3476,72844,8662,4143,4519
50225,77830,4982,37450,3476,72848,8662,4143,4519
50230,77840,4982,37457,3476,72858,8664,4144,4520
50235,77846,4982,37461,3476,72864,8665,4145,4520
50240,77857,4983,37463,3476,72874,8666,4146,4520
50245,77861,4983,37463,3476,72878,8666,4146,4520
50250,77871,4983,37468,3476,72888,8667,4146,4521
50255,77877,4983,37471,3476,72894,8668,4147,4521
50260,77888,4984,37475,3476,72904,8669,4147,4522
50265,77892,4984,37476,3476,72908,8669,4147,4522
50270,77902,4984,37477,3476,72918,8670,4147,4523
50275,77908,4984,37480,3476,72924,8671,4148,4523
50280,77919,4985,37485,3476,72934,8672,4149,4523
50285,77923,4986,37487,3477,72937,8672,4149,4523
50290,77933,4986,37488,3477,72947,8673,4150,4523
50295,77939,4986,37489,3477,72953,8674,4151,4523
50300,77950,4987,37492,3478,72963,8676,4151,4525
50305,77954,4988,37493,3479,72966,8676,4151,4525
50310,77964,4988,37500,3479,72976,8677,4152,4525
50315,77970,4988,37502,3479,72982,8678,4152,4526
50320,77981,4989,37506,3480,72992,8680,4153,4527
50325,77985,4989,37506,3480,72996,8680,4153,4527
50330,77995,4990,37511,3481,73005,8681,4153,4528
50335,78001,4990,37514,3481,73011,8682,4153,4529
50340,78012,4991,37519,3482,73021,8684,4154,4530
50345,78016,4991,37521,3482,73025,8684,4154,4530
50350,78026,4991,37526,3482,73035,8685,4155,4530
50355,78032,4991,37528,3482,73041,8686,4155,4531
50360,78043,4991,37533,3482,73052,8686,4155,4531
50365,78047,4991,37535,3482,73056,8686,4155,4531
50370,78057,4991,37539,3482,73066,8687,4156,4531
50375,78063,4991,37541,3482,73072,8688,4156,4532
50380,78074,4991,37546,3482,73083,8688,4156,4532
50385,78078,4991,37547,3482,73087,8688,4156,4532
50390,78088,4991,37549,3482,73097,8689,4156,4533
50395,78094,4991,37554,3482,73103,8690,4157,4533
50400,78105,4991,37559,3482,73114,8690,4157,4533
50405,78109,4991,37560,3482,73118,8690,4157,4533
50410,78119,4991,37567,3482,73128,8691,4158,4533
50415,78125,4991,37568,3482,73134,8692,4158,4534
50420,78136,4991,37571,3482,73145,8692,4158,4534
50425,78140,4991,37575,3482,73149,8692,4158,4534
50430,78150,4991,37579,3482,73159,8693,4158,4535
50435,78156,4991,37583,3482,73165,8694,4159,4535
50440,78167,4991,37587,3482,73176,8694,4159,4535
50445,78171,4991,37589,3482,73180,8694,4159,4535
50450,78181,4992,37596,3483,73189,8696,4161,4535
50455,78187,4992,37601,3483,73194,8697,4162,4535
50460,78198,4995,37606,3486,73203,8697,4162,4535
50465,78202,4995,37608,3486,73207,8697,4162,4535
50470,78212,4996,37611,3487,73216,8699,4162,4537
50475,78218,4996,37614,3487,73222,8700,4163,4537
50480,78229,4998,37620,3488,73231,8701,4163,4538
50485,78233,5000,37623,3490,73233,8701,4163,4538
50490,78243,5001,37629,3491,73242,8702,4164,4538
50495,78249,5001,37634,3491,73248,8703,4165,4538
50500,78260,5003,37640,3492,73257,8704,4166,4538
50505,78264,5004,37642,3493,73260,8704,4166,4538
50510,78274,5005,37646,3494,73269,8705,4166,4539
50515,78280,5005,37647,3494,73275,8706,4166,4540
50520,78291,5006,37649,3494,73285,8708,4166,4542
50525,78295,5006,37651,3494,73289,8708,4166,4542
50530,78305,5006,37656,3494,73299,8709,4166,4543
50535,78311,5006,37659,3494,73305,8710,4166,4544
50540,78322,5006,37668,3494,73316,8711,4167,4544
50545,78326,5006,37672,3494,73320,8711,4167,4544
50550,78336,5006,37679,3494,73330,8712,4167,4545
50555,78342,5006,37682,3494,73336,8713,4168,4545
50560,78353,5006,37689,3494,73347,8713,4168,4545
50565,78357,5006,37692,3494,73351,8713,4168,4545
50570,78367,5006,37698,3494,73361,8714,4169,4545
50575,78373,5006,37702,3494,73367,8715,4170,4545
50580,78384,5006,37707,3494,73378,8715,4170,4545
50585,78388,5007,37709,3495,73381,8715,4170,4545
50590,78398,5008,37715,3496,73390,8716,4171,4545
50595,78404,5008,37716,3496,73396,8717,4171,4546
50600,78415,5009,37719,3497,73406,8717,4171,4546
50605,78419,5009,37719,3497,73410,8717,4171,4546
50610,78429,5010,37724,3498,73419,8718,4171,4547
50615,78435,5010,37727,3498,73425,8719,4172,4547
50620,78446,5011,37731,3499,73435,8719,4172,4547
50625,78450,5011,37732,3499,73439,8719,4172,4547
50630,78460,5012,37737,3499,73448,8720,4172,4548
50635,78466,5012,37739,3499,73454,8721,4172,4549
50640,78477,5014,37743,3500,73463,8722,4173,4549
50645,78481,5016,37746,3502,73465,8722,4173,4549
50650,78491,5017,37749,3502,73474,8724,4174,4550
50655,78497,5017,37753,3502,73480,8725,4174,4551
50660,78508,5018,37759,3502,73490,8727,4175,4552
50665,78512,5018,37761,3502,73494,8727,4175,4552
50670,78522,5019,37765,3503,73503,8728,4175,4553
50675,78528,5019,37767,3503,73508,8729,4175,4554
50680,78539,5021,37770,3504,73518,8731,4176,4555
50685,78543,5022,37772,3505,73521,8731,4176,4555
50690,78553,5023,37776,3505,73530,8732,4177,4555
50695,78559,5023,37778,3505,73536,8733,4178,4555
50700,78570,5024,37783,3505,73546,8735,4178,4557
50705,78574,5024,37784,3505,73550,8735,4178,4557
50710,78584,5025,37789,3506,73559,8736,4179,4557
50715,78590,5025,37791,3506,73565,8737,4179,4558
50720,78601,5026,37795,3507,73575,8739,4180,4559
50725,78605,5027,37797,3508,73578,8739,4180,4559
50730,78615,5028,37803,3509,73587,8740,4180,4560
50735,78621,5028,37806,3509,73593,8741,4181,4560
50740,78632,5029,37811,3509,73603,8743,4183,4560
50745,78636,5030,37814,3510,73606,8743,4183,4560
50750,78646,5031,37819,3511,73615,8744,4184,4560
50755,78652,5031,37821,3511,73621,8745,4185,4560
50760,78663,5033,37826,3513,73630,8747,4185,4562
50765,78667,5033,37828,3513,73634,8747,4185,4562
50770,78677,5033,37834,3513,73644,8748,4186,4562
50775,78683,5033,37837,3513,73650,8749,4187,4562
50780,78694,5035,37840,3515,73659,8750,4187,4563
50785,78698,5036,37842,3516,73662,8750,4187,4563
50790,78708,5036,37845,3516,73672,8751,4187,4564
50795,78714,5036,37847,3516,73678,8752,4187,4565
50800,78725,5038,37851,3517,73687,8753,4187,4566
50805,78729,5038,37853,3517,73691,8753,4187,4566
50810,78739,5038,37857,3517,73701,8754,4187,4567
50815,78745,5038,37860,3517,73707,8755,4188,4567
50820,78756,5040,37867,3518,73716,8756,4189,4567
50825,78760,5041,37870,3519,73719,8756,4189,4567
50830,78770,5042,37876,3520,73728,8757,4189,4568
50835,78776,5042,37878,3520,73734,8758,4189,4569
50840,78787,5042,37885,3520,73745,8758,4189,4569
50845,78791,5043,37888,3521,73748,8758,4189,4569
50850,78801,5044,37893,3521,73757,8759,4189,4570
50855,78807,5044,37896,3521,73762,8760,4190,4570
50860,78818,5045,37902,3522,73773,8760,4190,4570
50865,78822,5046,37905,3523,73776,8760,4190,4570
50870,78832,5047,37908,3523,73785,8761,4190,4571
50875,78838,5047,37910,3523,73791,8762,4191,4571
50880,78849,5047,37915,3523,73802,8763,4191,4572
50885,78853,5047,37916,3523,73806,8763,4191,4572
50890,78863,5047,37920,3523,73816,8764,4192,4572
50895,78869,5047,37921,3523,73822,8765,4192,4573
50900,78880,5047,37926,3523,73833,8765,4192,4573
50905,78884,5047,37928,3523,73837,8765,4192,4573
50910,78894,5047,37934,3523,73847,8766,4193,4573
50915,78900,5047,37938,3523,73853,8767,4193,4574
50920,78911,5047,37943,3523,73864,8767,4193,4574
50925,78915,5047,37945,3523,73868,8767,4193,4574
50930,78925,5047,37948,3523,73878,8768,4193,4575
50935,78931,5047,37949,3523,73884,8769,4193,4576
50940,78942,5048,37953,3523,73894,8770,4193,4577
50945,78946,5048,37955,3523,73898,8770,4193,4577
50950,78956,5048,37960,3523,73908,8771,4193,4578
50955,78962,5048,37965,3523,73914,8772,4194,4578
50960,78973,5049,37971,3523,73924,8773,4195,4578
50965,78977,5049,37974,3523,73928,8773,4195,4578
50970,78987,5049,37979,3523,73938,8774,4196,4578
50975,78993,5049,37983,3523,73944,8775,4197,4578
50980,79004,5050,37990,3523,73954,8776,4198,4578
50985,79008,5050,37993,3523,73958,8776,4198,4578
50990,79018,5051,37999,3523,73967,8777,4198,4579
50995,79024,5051,38001,3523,73973,8778,4198,4580
51000,79035,5052,38006,3523,73983,8779,4198,4581
51005,79039,5052,38008,3523,73987,8779,4198,4581
51010,79049,5053,38011,3523,73996,8780,4199,4581
51015,79055,5053,38016,3523,74001,8781,4200,4581
51020,79066,5056,38020,3525,74010,8782,4200,4582
51025,79070,5058,38022,3527,74012,8782,4200,4582
51030,79080,5059,38027,3527,74021,8783,4200,4583
51035,79086,5059,38032,3527,74026,8784,4201,4583
51040,79097,5062,38036,3529,74035,8785,4201,4584
51045,79101,5062,38036,3529,74039,8785,4201,4584
51050,79111,5063,38044,3530,74048,8786,4202,4584
51055,79117,5063,38047,3530,74053,8787,4202,4585
51060,79128,5066,38051,3532,74062,8788,4202,4586
51065,79132,5067,38055,3533,74065,8788,4202,4586
51070,79142,5068,38059,3533,74074,8789,4202,4587
51075,79148,5068,38062,3533,74080,8790,4203,4587
51080,79159,5069,38065,3533,74090,8791,4204,4587
51085,79163,5070,38067,3534,74093,8791,4204,4587
51090,79173,5070,38073,3534,74103,8792,4205,4587
51095,79179,5070,38077,3534,74109,8793,4205,4588
51100,79190,5071,38082,3534,74119,8793,4205,4588
51105,79194,5072,38086,3535,74122,8793,4205,4588
51110,79204,5072,38091,3535,74132,8794,4205,4589
51115,79210,5072,38094,3535,74138,8795,4205,4590
51120,79221,5073,38097,3535,74148,8796,4205,4591
51125,79225,5073,38099,3535,74152,8796,4205,4591
51130,79235,5074,38105,3535,74161,8798,4206,4592
51135,79241,5074,38108,3535,74166,8799,4207,4592
51140,79252,5075,38110,3536,74177,8800,4207,4593
51145,79256,5075,38113,3536,74181,8800,4207,4593
51150,79266,5076,38119,3537,74190,8801,4207,4594
51155,79272,5076,38122,3537,74195,8802,4207,4595
51160,79283,5077,38126,3538,74206,8803,4208,4595
51165,79287,5077,38129,3538,74210,8803,4208,4595
51170,79297,5078,38134,3538,74219,8804,4208,4596
51175,79303,5078,38134,3538,74225,8805,4208,4597
51180,79314,5078,38141,3538,74236,8805,4208,4597
51185,79318,5078,38142,3538,74240,8805,4208,4597
51190,79328,5079,38145,3538,74249,8806,4208,4598
51195,79334,5079,38148,3538,74254,8807,4208,4599
51200,79345,5081,38152,3540,74264,8808,4209,4599
51205,79349,5082,38154,3541,74267,8808,4209,4599
51210,79359,5083,38161,3542,74276,8809,4210,4599
51215,79365,5083,38163,3542,74282,8810,4210,4600
51220,79376,5084,38169,3542,74292,8811,4211,4600
51225,79380,5085,38173,3543,74295,8811,4211,4600
51230,79390,5086,38179,3544,74304,8812,4212,4600
51235,79396,5086,38183,3544,74309,8813,4213,4600
51240,79407,5088,38186,3545,74319,8814,4213,4601
51245,79411,5088,38188,3545,74323,8814,4213,4601
51250,79421,5088,38192,3545,74333,8816,4214,4602
51255,79427,5088,38197,3545,74339,8817,4215,4602
51260,79438,5088,38202,3545,74350,8819,4217,4602
51265,79442,5088,38205,3545,74354,8819,4217,4602
51270,79452,5088,38210,3545,74364,8820,4217,4603
51275,79458,5088,38212,3545,74370,8821,4218,4603
51280,79469,5088,38216,3545,74381,8822,4219,4603
51285,79473,5088,38219,3545,74385,8822,4219,4603
51290,79483,5088,38223,3545,74395,8823,4220,4603
51295,79489,5088,38226,3545,74401,8824,4220,4604
51300,79500,5088,38231,3545,74412,8825,4221,4604
51305,79504,5088,38232,3545,74416,8825,4221,4604
51310,79514,5088,38237,3545,74426,8826,4222,4604
51315,79520,5088,38239,3545,74432,8827,4222,4605
51320,79531,5088,38242,3545,74443,8827,4222,4605
51325,79535,5088,38243,3545,74447,8827,4222,4605
51330,79545,5088,38248,3545,74457,8828,4222,4606
51335,79551,5088,38252,3545,74463,8829,4222,4607
51340,79562,5088,38259,3545,74474,8829,4222,4607
51345,79566,5088,38259,3545,74478,8829,4222,4607
51350,79576,5089,38262,3545,74487,8830,4223,4607
51355,79582,5089,38266,3545,74492,8831,4224,4607
51360,79593,5091,38270,3547,74502,8831,4224,4607
51365,79597,5091,38271,3547,74506,8831,4224,4607
51370,79607,5092,38276,3547,74515,8832,4225,4607
51375,79613,5092,38276,3547,74521,8833,4225,4608
51380,79624,5093,38283,3548,74531,8834,4225,4609
51385,79628,5093,38284,3548,74535,8834,4225,4609
51390,79638,5094,38288,3548,74544,8836,4226,4610
51395,79644,5094,38290,3548,74550,8837,4227,4610
51400,79655,5096,38298,3549,74559,8838,4228,4610
51405,79659,5096,38300,3549,74563,8838,4228,4610
51410,79669,5097,38305,3549,74572,8840,4229,4611
51415,79675,5097,38308,3549,74577,8841,4230,4611
51420,79686,5100,38312,3552,74586,8842,4231,4611
51425,79690,5101,38314,3553,74589,8842,4231,4611
51430,79700,5101,38318,3553,74599,8843,4231,4612
51435,79706,5101,38319,3553,74605,8844,4231,4613
51440,79717,5102,38326,3554,74615,8846,4231,4615
51445,79721,5103,38327,3555,74618,8846,4231,4615
51450,79731,5103,38333,3555,74628,8847,4231,4616
51455,79737,5103,38336,3555,74634,8848,4232,4616
51460,79748,5104,38341,3555,74644,8850,4232,4618
51465,79752,5105,38344,3556,74647,8850,4232,4618
51470,79762,5105,38352,3556,74657,8851,4232,4619
51475,79768,5105,38356,3556,74663,8852,4233,4619
51480,79779,5106,38362,3556,74673,8854,4234,4620
51485,79783,5108,38365,3558,74675,8854,4234,4620
51490,79793,5109,38372,3559,74684,8855,4234,4621
51495,79799,5109,38375,3559,74689,8857,4235,4622
51500,79810,5111,38382,3560,74699,8859,4236,4623
51505,79814,5112,38383,3561,74702,8859,4236,4623
51510,79824,5113,38387,3562,74711,8860,4236,4624
51515,79830,5113,38389,3562,74717,8862,4238,4624
51520,79841,5114,38392,3563,74727,8864,4239,4625
51525,79845,5114,38394,3563,74731,8864,4239,4625
51530,79855,5115,38398,3564,74740,8865,4240,4625
51535,79861,5115,38400,3564,74746,8867,4241,4626
51540,79872,5117,38405,3565,74755,8869,4242,4627
51545,79876,5117,38407,3565,74759,8869,4242,4627
51550,79886,5117,38412,3565,74769,8870,4243,4627
51555,79892,5117,38416,3565,74775,8871,4244,4627
51560,79903,5117,38419,3565,74786,8872,4244,4628
51565,79907,5117,38421,3565,74790,8872,4244,4628
51570,79917,5117,38425,3565,74800,8873,4244,4629
51575,79923,5117,38428,3565,74806,8874,4244,4630
51580,79934,5117,38434,3565,74817,8875,4244,4631
51585,79938,5117,38437,3565,74821,8875,4244,4631
51590,79948,5117,38441,3565,74831,8876,4245,4631
51595,79954,5117,38443,3565,74837,8877,4246,4631
51600,79965,5117,38447,3565,74848,8877,4246,4631
51605,79969,5117,38449,3565,74852,8877,4246,4631
51610,79979,5117,38452,3565,74862,8879,4246,4633
51615,79985,5117,38455,3565,74868,8881,4247,4634
51620,79996,5117,38460,3565,74879,8882,4247,4635
51625,80000,5117,38462,3565,74883,8882,4247,4635
51630,80010,5117,38467,3565,74893,8883,4247,4636
51635,80016,5117,38470,3565,74899,8884,4248,4636
51640,80027,5117,38476,3565,74910,8885,4248,4637
51645,80031,5117,38477,3565,74914,8885,4248,4637
51650,80041,5118,38481,3566,74923,8886,4249,4637
51655,80047,5118,38482,3566,74929,8887,4250,4637
51660,80058,5119,38487,3567,74939,8888,4251,4637
51665,80062,5119,38488,3567,74943,8888,4251,4637
51670,80072,5120,38492,3567,74952,8889,4251,4638
51675,80078,5120,38496,3567,74958,8890,4251,4639
51680,80089,5122,38502,3569,74967,8892,4252,4640
51685,80093,5122,38502,3569,74971,8892,4252,4640
51690,80103,5123,38510,3570,74980,8893,4252,4641
51695,80109,5123,38512,3570,74986,8894,4253,4641
51700,80120,5125,38516,3571,74995,8896,4253,4643
51705,80124,5125,38516,3571,74999,8896,4253,4643
51710,80134,5126,38521,3571,75008,8897,4254,4643
51715,80140,5126,38525,3571,75014,8898,4255,4643
51720,80151,5127,38529,3571,75024,8900,4256,4644
51725,80155,5128,38531,3572,75027,8900,4256,4644
51730,80165,5129,38536,3573,75036,8902,4257,4645
51735,80171,5129,38540,3573,75042,8903,4258,4645
51740,80182,5130,38545,3573,75052,8904,4259,4645
51745,80186,5131,38548,3574,75055,8904,4259,4645
51750,80196,5132,38552,3575,75064,8906,4259,4647
51755,80202,5132,38555,3575,75070,8907,4260,4647
51760,80213,5133,38561,3575,75080,8908,4260,4648
51765,80217,5134,38565,3576,75083,8908,4260,4648
51770,80227,5135,38568,3576,75092,8910,4262,4648
51775,80233,5135,38572,3576,75098,8911,4263,4648
51780,80244,5137,38579,3577,75107,8913,4264,4649
51785,80248,5138,38580,3578,75110,8913,4264,4649
51790,80258,5139,38584,3579,75119,8914,4265,4649
51795,80264,5139,38589,3579,75124,8915,4266,4649
51800,80275,5142,38596,3582,75133,8915,4266,4649
51805,80279,5143,38598,3583,75136,8915,4266,4649
51810,80289,5144,38602,3583,75145,8916,4267,4649
51815,80295,5144,38603,3583,75151,8917,4267,4650
51820,80306,5146,38610,3585,75160,8917,4267,4650
51825,80310,5147,38612,3586,75163,8917,4267,4650
51830,80320,5148,38619,3587,75172,8918,4268,4650
51835,80326,5148,38621,3587,75178,8919,4269,4650
51840,80337,5149,38627,3588,75188,8919,4269,4650
51845,80341,5149,38628,3588,75192,8919,4269,4650
51850,80351,5149,38631,3588,75202,8920,4269,4651
51855,80357,5149,38635,3588,75208,8921,4270,4651
51860,80368,5149,38641,3588,75219,8921,4270,4651
51865,80372,5149,38644,3588,75223,8921,4270,4651
51870,80382,5149,38648,3588,75233,8922,4271,4651
51875,80388,5149,38652,3588,75239,8923,4272,4651
51880,80399,5149,38658,3588,75250,8923,4272,4651
51885,80403,5149,38660,3588,75254,8923,4272,4651
51890,80413,5149,38667,3588,75264,8925,4273,4652
51895,80419,5149,38669,3588,75270,8927,4274,4653
51900,80430,5149,38671,3588,75281,8928,4274,4654
51905,80434,5150,38674,3589,75284,8928,4274,4654
51910,80444,5151,38679,3589,75293,8929,4274,4655
51915,80450,5151,38682,3589,75298,8930,4274,4656
51920,80461,5153,38688,3591,75308,8931,4274,4657
51925,80465,5154,38690,3592,75311,8931,4274,4657
51930,80475,5155,38695,3593,75320,8932,4275,4657
51935,80481,5155,38698,3593,75325,8933,4276,4657
51940,80492,5156,38701,3594,75336,8934,4277,4657
51945,80496,5157,38703,3595,75339,8934,4277,4657
51950,80506,5158,38712,3596,75348,8935,4278,4657
51955,80512,5158,38714,3596,75354,8936,4279,4657
51960,80523,5159,38717,3596,75364,8938,4279,4659
51965,80527,5159,38718,3596,75368,8938,4279,4659
51970,80537,5159,38724,3596,75378,8939,4280,4659
51975,80543,5159,38726,3596,75384,8940,4280,4660
51980,80554,5160,38730,3596,75394,8942,4281,4661
51985,80558,5161,38732,3597,75397,8942,4281,4661
51990,80568,5161,38737,3597,75407,8943,4281,4662
51995,80574,5161,38741,3597,75413,8944,4282,4662
52000,80585,5162,38743,3598,75423,8946,4282,4664
52005,80589,5163,38745,3599,75426,8946,4282,4664
52010,80599,5163,38750,3599,75436,8947,4282,4665
52015,80605,5163,38754,3599,75442,8948,4283,4665
52020,80616,5164,38758,3600,75452,8950,4284,4666
52025,80620,5164,38759,3600,75456,8950,4284,4666
52030,80630,5164,38761,3600,75466,8951,4284,4667
52035,80636,5164,38764,3600,75472,8953,4286,4667
52040,80647,5166,38770,3602,75481,8954,4286,4668
52045,80651,5166,38772,3602,75485,8954,4286,4668
52050,80661,5166,38778,3602,75495,8955,4287,4668
52055,80667,5166,38781,3602,75501,8956,4288,4668
52060,80678,5168,38787,3604,75510,8957,4289,4668
52065,80682,5168,38790,3604,75514,8957,4289,4668
52070,80692,5169,38795,3604,75523,8959,4290,4669
52075,80698,5169,38799,3604,75528,8960,4290,4670
52080,80709,5171,38805,3606,75538,8961,4290,4671
52085,80713,5171,38806,3606,75542,8961,4290,4671
52090,80723,5171,38810,3606,75552,8962,4291,4671
52095,80729,5171,38813,3606,75558,8963,4291,4672
52100,80740,5174,38819,3608,75566,8964,4292,4672
52105,80744,5174,38821,3608,75570,8964,4292,4672
52110,80754,5174,38828,3608,75580,8965,4293,4672
52115,80760,5174,38831,3608,75586,8966,4294,4672
52120,80771,5176,38835,3609,75595,8967,4294,4673
52125,80775,5176,38837,3609,75599,8967,4294,4673
52130,80785,5176,38842,3609,75609,8968,4294,4674
52135,80791,5176,38847,3609,75615,8969,4295,4674
52140,80802,5177,38854,3610,75625,8969,4295,4674
52145,80806,5177,38855,3610,75629,8969,4295,4674
52150,80816,5177,38858,3610,75639,8970,4296,4674
52155,80822,5177,38861,3610,75645,8971,4297,4674
52160,80833,5178,38867,3610,75655,8972,4297,4675
52165,80837,5178,38870,3610,75659,8972,4297,4675
52170,80847,5178,38877,3610,75669,8973,4298,4675
52175,80853,5178,38880,3610,75675,8974,4299,4675
52180,80864,5179,38885,3611,75685,8975,4299,4676
52185,80868,5179,38887,3611,75689,8975,4299,4676
52190,80878,5180,38890,3611,75698,8976,4299,4677
52195,80884,5180,38892,3611,75703,8977,4299,4678
52200,80895,5183,38899,3613,75712,8978,4300,4678
52205,80899,5183,38900,3613,75716,8978,4300,4678
52210,80909,5184,38906,3614,75725,8979,4301,4678
52215,80915,5184,38912,3614,75730,8980,4302,4678
52220,80926,5185,38917,3615,75741,8981,4302,4679
52225,80930,5185,38919,3615,75745,8981,4302,4679
52230,80940,5186,38925,3615,75754,8982,4302,4680
52235,80946,5186,38927,3615,75759,8983,4302,4681
52240,80957,5187,38934,3616,75770,8985,4303,4682
52245,80961,5187,38936,3616,75774,8985,4303,4682
52250,80971,5188,38943,3617,75783,8986,4304,4682
52255,80977,5188,38945,3617,75789,8987,4304,4683
52260,80988,5188,38949,3617,75800,8989,4305,4684
52265,80992,5188,38950,3617,75804,8989,4305,4684
52270,81002,5189,38954,3618,75813,8991,4307,4684
52275,81008,5189,38958,3618,75818,8993,4308,4685
52280,81019,5190,38963,3619,75829,8994,4309,4685
52285,81023,5191,38965,3620,75832,8994,4309,4685
52290,81033,5192,38970,3621,75841,8995,4309,4686
52295,81039,5192,38973,3621,75847,8996,4309,4687
52300,81050,5192,38978,3621,75858,8997,4309,4688
52305,81054,5193,38981,3622,75861,8997,4309,4688
52310,81064,5194,38986,3622,75870,8998,4309,4689
52315,81070,5194,38990,3622,75876,8999,4310,4689
52320,81081,5195,38993,3622,75886,9000,4310,4690
52325,81085,5195,38994,3622,75890,9000,4310,4690
52330,81095,5195,38997,3622,75900,9001,4310,4691
52335,81101,5195,39001,3622,75906,9002,4311,4691
52340,81112,5196,39001,3622,75916,9002,4311,4691
52345,81116,5197,39004,3623,75919,9002,4311,4691
52350,81126,5197,39011,3623,75929,9003,4311,4692
52355,81132,5197,39013,3623,75935,9004,4312,4692
52360,81143,5199,39020,3624,75944,9004,4312,4692
52365,81147,5199,39021,3624,75948,9004,4312,4692
52370,81157,5199,39027,3624,75958,9005,4313,4692
52375,81163,5199,39028,3624,75964,9006,4313,4693
52380,81174,5201,39033,3626,75973,9007,4314,4693
52385,81178,5201,39035,3626,75977,9007,4314,4693
52390,81188,5201,39039,3626,75987,9008,4315,4693
52395,81194,5201,39044,3626,75993,9009,4316,4693
52400,81205,5201,39049,3626,76004,9009,4316,4693
52405,81209,5201,39050,3626,76008,9009,4316,4693
52410,81219,5201,39056,3626,76018,9010,4316,4694
52415,81225,5201,39062,3626,76024,9011,4317,4694
52420,81236,5201,39067,3626,76035,9011,4317,4694
52425,81240,5201,39070,3626,76039,9011,4317,4694
52430,81250,5202,39072,3626,76048,9012,4317,4695
52435,81256,5202,39077,3626,76053,9013,4318,4695
52440,81267,5203,39080,3627,76064,9014,4318,4696
52445,81271,5203,39082,3627,76068,9014,4318,4696
52450,81281,5204,39088,3628,76077,9015,4318,4697
52455,81287,5204,39091,3628,76083,9016,4319,4697
52460,81298,5204,39094,3628,76094,9017,4319,4698
52465,81302,5204,39094,3628,76098,9017,4319,4698
52470,81312,5205,39097,3628,76107,9018,4319,4699
52475,81318,5205,39099,3628,76112,9019,4319,4700
52480,81329,5206,39104,3629,76123,9020,4320,4700
52485,81333,5206,39105,3629,76127,9020,4320,4700
52490,81343,5207,39111,3630,76136,9021,4320,4701
52495,81349,5207,39113,3630,76142,9022,4320,4702
52500,81360,5209,39121,3632,76151,9023,4321,4702
52505,81364,5210,39124,3633,76154,9023,4321,4702
52510,81374,5210,39127,3633,76164,9025,4321,4704
52515,81380,5210,39129,3633,76170,9026,4321,4705
52520,81391,5211,39137,3634,76180,9028,4323,4705
52525,81395,5211,39138,3634,76184,9028,4323,4705
52530,81405,5211,39144,3634,76194,9030,4324,4706
52535,81411,5211,39147,3634,76200,9031,4324,4707
52540,81422,5213,39154,3635,76209,9033,4325,4708
52545,81426,5214,39156,3636,76212,9033,4325,4708
52550,81436,5214,39161,3636,76222,9034,4325,4709
52555,81442,5214,39163,3636,76228,9035,4325,4710
52560,81453,5215,39167,3636,76238,9037,4325,4712
52565,81457,5215,39168,3636,76242,9037,4325,4712
52570,81467,5215,39175,3636,76252,9038,4325,4713
52575,81473,5215,39179,3636,76258,9039,4326,4713
52580,81484,5216,39182,3636,76268,9041,4327,4714
52585,81488,5216,39184,3636,76272,9041,4327,4714
52590,81498,5216,39187,3636,76282,9042,4327,4715
52595,81504,5216,39189,3636,76288,9043,4328,4715
52600,81515,5217,39194,3636,76298,9044,4328,4716
52605,81519,5217,39195,3636,76302,9044,4328,4716
52610,81529,5218,39200,3637,76311,9045,4328,4717
52615,81535,5218,39202,3637,76316,9046,4328,4718
52620,81546,5221,39210,3640,76325,9047,4329,4718
52625,81550,5221,39213,3640,76329,9047,4329,4718
52630,81560,5221,39218,3640,76339,9048,4329,4719
52635,81566,5221,39223,3640,76345,9050,4331,4719
52640,81577,5221,39229,3640,76356,9050,4331,4719
52645,81581,5221,39230,3640,76360,9050,4331,4719
52650,81591,5221,39238,3640,76370,9051,4331,4720
52655,81597,5221,39241,3640,76376,9052,4331,4721
52660,81608,5221,39247,3640,76387,9052,4331,4721
52665,81612,5221,39249,3640,76391,9052,4331,4721
52670,81622,5221,39254,3640,76401,9053,4332,4721
52675,81628,5221,39255,3640,76407,9054,4332,4722
52680,81639,5221,39261,3640,76418,9054,4332,4722
52685,81643,5221,39265,3640,76422,9054,4332,4722
52690,81653,5221,39268,3640,76432,9055,4333,4722
52695,81659,5221,39272,3640,76438,9056,4333,4723
52700,81670,5221,39275,3640,76449,9057,4333,4724
52705,81674,5221,39279,3640,76453,9057,4333,4724
52710,81684,5221,39285,3640,76463,9058,4334,4724
52715,81690,5221,39285,3640,76469,9059,4334,4725
52720,81701,5221,39292,3640,76480,9060,4334,4726
52725,81705,5221,39294,3640,76484,9060,4334,4726
52730,81715,5222,39300,3641,76493,9061,4334,4727
52735,81721,5222,39304,3641,76498,9062,4335,4727
52740,81732,5226,39312,3645,76506,9064,4335,4729
52745,81736,5227,39316,3646,76509,9064,4335,4729
52750,81746,5228,39322,3647,76518,9065,4335,4730
52755,81752,5228,39325,3647,76523,9067,4335,4732
52760,81763,5229,39332,3648,76534,9069,4336,4733
52765,81767,5229,39333,3648,76538,9069,4336,4733
52770,81777,5230,39336,3649,76547,9071,4336,4735
52775,81783,5230,39340,3649,76552,9073,4337,4736
52780,81794,5231,39342,3650,76563,9075,4338,4737
52785,81798,5231,39344,3650,76567,9075,4338,4737
52790,81808,5232,39350,3650,76576,9077,4339,4738
52795,81814,5232,39351,3650,76582,9079,4340,4739
52800,81825,5232,39358,3650,76593,9081,4342,4739
52805,81829,5232,39359,3650,76597,9081,4342,4739
52810,81839,5233,39364,3650,76606,9082,4343,4739
52815,81845,5233,39367,3650,76611,9083,4343,4740
52820,81856,5234,39374,3651,76622,9083,4343,4740
52825,81860,5234,39376,3651,76626,9083,4343,4740
52830,81870,5235,39382,3651,76635,9084,4344,4740
52835,81876,5235,39384,3651,76641,9085,4344,4741
52840,81887,5235,39387,3651,76652,9085,4344,4741
52845,81891,5235,39387,3651,76656,9085,4344,4741
52850,81901,5236,39394,3651,76665,9086,4345,4741
52855,81907,5236,39396,3651,76671,9087,4346,4741
52860,81918,5238,39402,3652,76680,9087,4346,4741
52865,81922,5238,39405,3652,76684,9087,4346,4741
52870,81932,5238,39411,3652,76694,9089,4348,4741
52875,81938,5238,39413,3652,76700,9090,4349,4741
52880,81949,5240,39420,3653,76709,9090,4349,4741
52885,81953,5240,39423,3653,76713,9090,4349,4741
52890,81963,5240,39430,3653,76723,9092,4350,4742
52895,81969,5240,39432,3653,76729,9093,4350,4743
52900,81980,5241,39435,3653,76739,9093,4350,4743
52905,81984,5241,39436,3653,76743,9093,4350,4743
52910,81994,5241,39443,3653,76753,9095,4351,4744
52915,82000,5241,39444,3653,76759,9097,4351,4746
52920,82011,5243,39449,3654,76768,9099,4353,4746
52925,82015,5244,39451,3655,76771,9099,4353,4746
52930,82025,5245,39456,3655,76780,9100,4354,4746
52935,82031,5245,39460,3655,76785,9101,4354,4747
52940,82042,5247,39465,3657,76795,9103,4354,4749
52945,82046,5248,39467,3658,76798,9103,4354,4749
52950,82056,5249,39473,3659,76807,9104,4355,4749
52955,82062,5249,39478,3659,76813,9105,4356,4749
52960,82073,5250,39483,3659,76823,9107,4357,4750
52965,82077,5251,39486,3660,76826,9107,4357,4750
52970,82087,5252,39492,3661,76835,9108,4357,4751
52975,82093,5252,39498,3661,76840,9109,4358,4751
52980,82104,5254,39499,3662,76850,9111,4358,4753
52985,82108,5255,39503,3663,76853,9111,4358,4753
52990,82118,5255,39508,3663,76863,9112,4359,4753
52995,82124,5255,39513,3663,76869,9113,4360,4753
53000,82135,5256,39518,3663,76879,9115,4360,4755
53005,82139,5256,39519,3663,76883,9115,4360,4755
53010,82149,5256,39522,3663,76893,9116,4360,4756
53015,82155,5256,39528,3663,76899,9117,4361,4756
53020,82166,5258,39535,3665,76908,9119,4361,4758
53025,82170,5258,39536,3665,76912,9119,4361,4758
53030,82180,5258,39541,3665,76922,9121,4362,4759
53035,82186,5258,39543,3665,76928,9122,4362,4760
53040,82197,5259,39547,3665,76938,9124,4364,4760
53045,82201,5259,39550,3665,76942,9124,4364,4760
53050,82211,5259,39554,3665,76952,9126,4365,4761
53055,82217,5259,39557,3665,76958,9127,4366,4761
53060,82228,5261,39561,3666,76967,9128,4367,4761
53065,82232,5261,39563,3666,76971,9128,4367,4761
53070,82242,5261,39569,3666,76981,9130,4369,4761
53075,82248,5261,39570,3666,76987,9131,4370,4761
53080,82259,5263,39578,3668,76996,9132,4370,4762
53085,82263,5263,39580,3668,77000,9132,4370,4762
53090,82273,5264,39584,3669,77009,9133,4371,4762
53095,82279,5264,39587,3669,77014,9134,4371,4763
53100,82290,5268,39595,3672,77022,9135,4372,4763
53105,82294,5268,39597,3672,77026,9135,4372,4763
53110,82304,5269,39604,3673,77035,9136,4373,4763
53115,82310,5269,39609,3673,77041,9137,4374,4763
53120,82321,5269,39615,3673,77052,9137,4374,4763
53125,82325,5269,39618,3673,77056,9137,4374,4763
53130,82335,5270,39621,3673,77065,9138,4374,4764
53135,82341,5270,39625,3673,77071,9139,4375,4764
53140,82352,5270,39629,3673,77082,9139,4375,4764
53145,82356,5270,39631,3673,77086,9139,4375,4764
53150,82366,5271,39636,3673,77095,9140,4376,4764
53155,82372,5271,39639,3673,77101,9142,4377,4765
53160,82383,5271,39645,3673,77112,9143,4378,4765
53165,82387,5272,39646,3674,77115,9143,4378,4765
53170,82397,5273,39652,3675,77124,9145,4380,4765
53175,82403,5273,39653,3675,77130,9146,4380,4766
53180,82414,5274,39660,3676,77140,9148,4381,4767
53185,82418,5274,39661,3676,77144,9148,4381,4767
53190,82428,5275,39664,3676,77153,9149,4382,4767
53195,82434,5275,39665,3676,77159,9150,4382,4768
53200,82445,5276,39672,3676,77169,9152,4383,4769
53205,82449,5278,39675,3678,77171,9152,4383,4769
53210,82459,5279,39681,3679,77180,9153,4384,4769
53215,82465,5279,39686,3679,77186,9154,4385,4769
53220,82476,5281,39691,3680,77195,9156,4385,4771
53225,82480,5281,39693,3680,77199,9156,4385,4771
53230,82490,5281,39699,3680,77209,9157,4386,4771
53235,82496,5281,39700,3680,77215,9158,4386,4772
53240,82507,5281,39705,3680,77226,9158,4386,4772
53245,82511,5281,39707,3680,77230,9158,4386,4772
53250,82521,5281,39713,3680,77240,9159,4387,4772
53255,82527,5281,39715,3680,77246,9160,4387,4773
53260,82538,5281,39719,3680,77257,9160,4387,4773
53265,82542,5281,39719,3680,77261,9160,4387,4773
53270,82552,5281,39726,3680,77271,9161,4388,4773
53275,82558,5281,39729,3680,77277,9163,4389,4774
53280,82569,5281,39736,3680,77288,9163,4389,4774
53285,82573,5281,39738,3680,77292,9163,4389,4774
53290,82583,5281,39743,3680,77302,9164,4390,4774
53295,82589,5281,39747,3680,77308,9165,4391,4774
53300,82600,5283,39750,3682,77317,9165,4391,4774
53305,82604,5283,39753,3682,77321,9165,4391,4774
53310,82614,5283,39755,3682,77331,9167,4391,4776
53315,82620,5283,39759,3682,77337,9168,4392,4776
53320,82631,5285,39763,3683,77346,9168,4392,4776
53325,82635,5285,39765,3683,77350,9168,4392,4776
53330,82645,5286,39770,3683,77359,9169,4393,4776
53335,82651,5286,39773,3683,77364,9170,4394,4776
53340,82662,5289,39778,3686,77373,9170,4394,4776
53345,82666,5290,39782,3687,77376,9170,4394,4776
53350,82676,5291,39788,3688,77385,9171,4395,4776
53355,82682,5291,39790,3688,77391,9172,4395,4777
53360,82693,5291,39797,3688,77402,9174,4396,4778
53365,82697,5291,39797,3688,77406,9174,4396,4778
53370,82707,5291,39802,3688,77416,9175,4396,4779
53375,82713,5291,39805,3688,77422,9176,4396,4780
53380,82724,5291,39810,3688,77433,9177,4397,4780
53385,82728,5291,39812,3688,77437,9177,4397,4780
53390,82738,5291,39818,3688,77447,9178,4398,4780
53395,82744,5291,39820,3688,77453,9179,4398,4781
53400,82755,5291,39822,3688,77464,9180,4398,4782
53405,82759,5291,39825,3688,77468,9180,4398,4782
53410,82769,5291,39830,3688,77478,9182,4398,4784
53415,82775,5291,39833,3688,77484,9183,4399,4784
53420,82786,5291,39840,3688,77495,9183,4399,4784
53425,82790,5291,39843,3688,77499,9183,4399,4784
53430,82800,5291,39845,3688,77509,9184,4400,4784
53435,82806,5291,39849,3688,77515,9185,4401,4784
53440,82817,5291,39854,3688,77526,9185,4401,4784
53445,82821,5291,39858,3688,77530,9185,4401,4784
53450,82831,5291,39864,3688,77540,9186,4402,4784
53455,82837,5291,39867,3688,77546,9187,4402,4785
53460,82848,5292,39871,3689,77556,9187,4402,4785
53465,82852,5292,39873,3689,77560,9187,4402,4785
53470,82862,5292,39878,3689,77570,9189,4403,4786
53475,82868,5292,39883,3689,77576,9190,4404,4786
53480,82879,5293,39888,3689,77586,9191,4404,4787
53485,82883,5294,39891,3690,77589,9191,4404,4787
53490,82893,5294,39897,3690,77599,9192,4404,4788
53495,82899,5294,39900,3690,77605,9193,4404,4789
53500,82910,5295,39905,3691,77615,9194,4405,4789
53505,82914,5295,39905,3691,77619,9194,4405,4789
53510,82924,5296,39912,3691,77628,9195,4406,4789
53515,82930,5296,39914,3691,77634,9196,4407,4789
53520,82941,5297,39918,3691,77644,9198,4407,4791
53525,82945,5298,39921,3692,77647,9198,4407,4791
53530,82955,5299,39927,3692,77656,9199,4408,4791
53535,82961,5299,39931,3692,77661,9201,4409,4792
53540,82972,5302,39936,3694,77670,9203,4411,4792
53545,82976,5302,39937,3694,77674,9203,4411,4792
53550,82986,5303,39944,3694,77683,9204,4412,4792
53555,82992,5303,39945,3694,77689,9206,4412,4794
53560,83003,5305,39949,3695,77698,9208,4413,4795
53565,83007,5307,39953,3697,77700,9208,4413,4795
53570,83017,5308,39956,3698,77709,9209,4413,4796
53575,83023,5308,39958,3698,77715,9210,4414,4796
53580,83034,5309,39965,3698,77725,9212,4416,4796
53585,83038,5310,39968,3699,77728,9212,4416,4796
53590,83048,5310,39970,3699,77738,9213,4416,4797
53595,83054,5310,39974,3699,77744,9214,4417,4797
53600,83065,5312,39982,3700,77753,9215,4418,4797
53605,83069,5312,39984,3700,77757,9215,4418,4797
53610,83079,5312,39988,3700,77767,9216,4419,4797
53615,83085,5312,39992,3700,77773,9217,4419,4798
53620,83096,5314,39998,3701,77782,9217,4419,4798
53625,83100,5314,40000,3701,77786,9217,4419,4798
53630,83110,5314,40007,3701,77796,9218,4420,4798
53635,83116,5314,40010,3701,77802,9219,4420,4799
53640,83127,5316,40015,3702,77811,9219,4420,4799
53645,83131,5316,40016,3702,77815,9219,4420,4799
53650,83141,5316,40018,3702,77825,9220,4420,4800
53655,83147,5316,40019,3702,77831,9221,4420,4801
53660,83158,5316,40022,3702,77842,9221,4420,4801
53665,83162,5316,40024,3702,77846,9221,4420,4801
53670,83172,5316,40028,3702,77856,9222,4421,4801
53675,83178,5316,40032,3702,77862,9223,4421,4802
53680,83189,5316,40038,3702,77873,9223,4421,4802
53685,83193,5316,40041,3702,77877,9223,4421,4802
53690,83203,5317,40047,3702,77886,9224,4422,4802
53695,83209,5317,40050,3702,77892,9225,4422,4803
53700,83220,5318,40055,3703,77902,9226,4423,4803
53705,83224,5320,40058,3705,77904,9226,4423,4803
53710,83234,5320,40063,3705,77914,9227,4424,4803
53715,83240,5320,40065,3705,77920,9228,4424,4804
53720,83251,5322,40072,3707,77929,9230,4426,4804
53725,83255,5322,40073,3707,77933,9230,4426,4804
53730,83265,5322,40079,3707,77943,9231,4427,4804
53735,83271,5322,40082,3707,77949,9232,4428,4804
53740,83282,5323,40087,3708,77959,9234,4429,4805
53745,83286,5323,40088,3708,77963,9234,4429,4805
53750,83296,5323,40092,3708,77973,9235,4429,4806
53755,83302,5323,40097,3708,77979,9236,4429,4807
53760,83313,5324,40104,3709,77989,9238,4429,4809
53765,83317,5324,40107,3709,77993,9238,4429,4809
53770,83327,5325,40109,3709,78002,9239,4430,4809
53775,83333,5325,40112,3709,78008,9240,4431,4809
53780,83344,5326,40117,3709,78018,9240,4431,4809
53785,83348,5326,40119,3709,78022,9240,4431,4809
53790,83358,5327,40125,3710,78031,9241,4432,4809
53795,83364,5327,40129,3710,78037,9242,4433,4809
53800,83375,5328,40131,3711,78047,9242,4433,4809
53805,83379,5328,40134,3711,78051,9242,4433,4809
53810,83389,5329,40139,3711,78060,9243,4434,4809
53815,83395,5329,40142,3711,78066,9245,4435,4810
53820,83406,5330,40148,3712,78076,9245,4435,4810
53825,83410,5330,40151,3712,78080,9245,4435,4810
53830,83420,5331,40154,3713,78089,9246,4435,4811
53835,83426,5331,40157,3713,78095,9248,4436,4812
53840,83437,5332,40162,3714,78105,9248,4436,4812
53845,83441,5332,40165,3714,78109,9248,4436,4812
53850,83451,5333,40168,3714,78118,9249,4437,4812
53855,83457,5333,40171,3714,78124,9251,4438,4813
53860,83468,5334,40174,3715,78134,9251,4438,4813
53865,83472,5334,40176,3715,78138,9251,4438,4813
53870,83482,5335,40181,3715,78147,9252,4439,4813
53875,83488,5335,40184,3715,78153,9253,4440,4813
53880,83499,5338,40187,3717,78161,9253,4440,4813
53885,83503,5339,40188,3718,78164,9253,4440,4813
53890,83513,5340,40193,3718,78173,9254,4441,4813
53895,83519,5340,40196,3718,78178,9255,4441,4814
53900,83530,5342,40203,3719,78188,9255,4441,4814
53905,83534,5343,40204,3720,78191,9255,4441,4814
53910,83544,5344,40211,3720,78200,9256,4442,4814
53915,83550,5344,40213,3720,78205,9257,4442,4815
53920,83561,5346,40220,3722,78215,9258,4442,4816
53925,83565,5347,40223,3723,78218,9258,4442,4816
53930,83575,5348,40227,3724,78227,9259,4443,4816
53935,83581,5348,40228,3724,78233,9260,4443,4817
53940,83592,5349,40232,3725,78243,9262,4444,4818
53945,83596,5350,40234,3726,78246,9262,4444,4818
53950,83606,5350,40240,3726,78256,9264,4445,4819
53955,83612,5350,40243,3726,78262,9265,4446,4819
53960,83623,5351,40249,3727,78272,9267,4447,4820
53965,83627,5351,40252,3727,78276,9267,4447,4820
53970,83637,5351,40258,3727,78286,9269,4448,4821
53975,83643,5351,40260,3727,78292,9270,4449,4821
53980,83654,5352,40264,3728,78302,9272,4449,4823
53985,83658,5352,40266,3728,78306,9272,4449,4823
53990,83668,5352,40271,3728,78316,9274,4451,4823
53995,83674,5352,40275,3728,78322,9275,4452,4823
54000,83685,5354,40282,3729,78331,9277,4454,4823
54005,83689,5354,40283,3729,78335,9277,4454,4823
54010,83699,5355,40288,3729,78344,9278,4455,4823
54015,83705,5355,40292,3729,78350,9279,4456,4823
54020,83716,5356,40298,3730,78360,9280,4457,4823
54025,83720,5357,40301,3731,78363,9280,4457,4823
54030,83730,5358,40305,3731,78372,9281,4457,4824
54035,83736,5358,40309,3731,78377,9282,4457,4825
54040,83747,5359,40311,3732,78388,9283,4458,4825
54045,83751,5360,40314,3733,78391,9283,4458,4825
54050,83761,5361,40317,3733,78400,9284,4458,4826
54055,83767,5361,40319,3733,78406,9285,4458,4827
54060,83778,5361,40321,3733,78417,9286,4459,4827
54065,83782,5361,40325,3733,78421,9286,4459,4827
54070,83792,5361,40327,3733,78431,9288,4459,4829
54075,83798,5361,40329,3733,78437,9289,4460,4829
54080,83809,5361,40333,3733,78448,9290,4460,4830
54085,83813,5361,40334,3733,78452,9290,4460,4830
54090,83823,5361,40341,3733,78462,9291,4461,4830
54095,83829,5361,40343,3733,78468,9292,4461,4831
54100,83840,5361,40347,3733,78479,9293,4461,4832
54105,83844,5361,40349,3733,78483,9293,4461,4832
54110,83854,5361,40353,3733,78493,9294,4462,4832
54115,83860,5361,40354,3733,78499,9295,4463,4832
54120,83871,5363,40359,3734,78508,9296,4464,4832
54125,83875,5363,40362,3734,78512,9296,4464,4832
54130,83885,5363,40368,3734,78522,9297,4464,4833
54135,83891,5363,40373,3734,78528,9299,4466,4833
54140,83902,5364,40376,3735,78538,9299,4466,4833
54145,83906,5364,40377,3735,78542,9299,4466,4833
54150,83916,5364,40383,3735,78552,9300,4466,4834
54155,83922,5364,40386,3735,78558,9301,4467,4834
54160,83933,5365,40389,3735,78568,9301,4467,4834
54165,83937,5365,40391,3735,78572,9301,4467,4834
54170,83947,5366,40395,3735,78581,9302,4468,4834
54175,83953,5366,40400,3735,78586,9303,4469,4834
54180,83964,5369,40408,3738,78595,9304,4470,4834
54185,83968,5370,40410,3739,78598,9304,4470,4834
54190,83978,5370,40413,3739,78608,9305,4470,4835
54195,83984,5370,40416,3739,78614,9306,4471,4835
54200,83995,5372,40424,3741,78623,9306,4471,4835
54205,83999,5372,40426,3741,78627,9306,4471,4835
54210,84009,5372,40430,3741,78637,9307,4471,4836
54215,84015,5372,40433,3741,78643,9308,4471,4837
54220,84026,5373,40440,3742,78653,9308,4471,4837
54225,84030,5373,40441,3742,78657,9308,4471,4837
54230,84040,5373,40448,3742,78667,9309,4472,4837
54235,84046,5373,40449,3742,78673,9310,4472,4838
54240,84057,5374,40453,3742,78683,9311,4473,4838
54245,84061,5374,40453,3742,78687,9311,4473,4838
54250,84071,5374,40460,3742,78697,9313,4474,4839
54255,84077,5374,40463,3742,78703,9315,4475,4840
54260,84088,5375,40470,3743,78713,9316,4476,4840
54265,84092,5375,40473,3743,78717,9316,4476,4840
54270,84102,5375,40477,3743,78727,9317,4477,4840
54275,84108,5375,40478,3743,78733,9318,4477,4841
54280,84119,5376,40482,3743,78743,9319,4477,4842
54285,84123,5376,40484,3743,78747,9319,4477,4842
54290,84133,5377,40490,3744,78756,9320,4478,4842
54295,84139,5377,40493,3744,78761,9321,4479,4842
54300,84150,5379,40495,3745,78771,9323,4480,4843
54305,84154,5379,40498,3745,78775,9323,4480,4843
54310,84164,5380,40504,3746,78784,9324,4480,4844
54315,84170,5380,40509,3746,78790,9325,4481,4844
54320,84181,5381,40516,3747,78800,9325,4481,4844
54325,84185,5381,40518,3747,78804,9325,4481,4844
54330,84195,5382,40525,3747,78813,9326,4481,4845
54335,84201,5382,40527,3747,78819,9327,4481,4846
54340,84212,5383,40533,3748,78829,9327,4481,4846
54345,84216,5383,40537,3748,78833,9327,4481,4846
54350,84226,5384,40540,3749,78842,9328,4482,4846
54355,84232,5384,40542,3749,78848,9329,4482,4847
54360,84243,5384,40545,3749,78859,9329,4482,4847
54365,84247,5384,40547,3749,78863,9329,4482,4847
54370,84257,5385,40554,3750,78872,9330,4482,4848
54375,84263,5385,40558,3750,78878,9331,4482,4849
54380,84274,5385,40563,3750,78889,9331,4482,4849
54385,84278,5385,40564,3750,78893,9331,4482,4849
54390,84288,5386,40571,3750,78902,9332,4482,4850
54395,84294,5386,40575,3750,78908,9333,4482,4851
54400,84305,5386,40581,3750,78919,9333,4482,4851
54405,84309,5387,40583,3751,78922,9333,4482,4851
54410,84319,5388,40587,3752,78931,9335,4483,4852
54415,84325,5388,40591,3752,78936,9336,4483,4853
54420,84336,5390,40594,3754,78946,9337,4483,4854
54425,84340,5391,40596,3755,78949,9337,4483,4854
54430,84350,5391,40601,3755,78959,9339,4484,4855
54435,84356,5391,40604,3755,78965,9340,4484,4856
54440,84367,5392,40608,3755,78975,9342,4484,4858
54445,84371,5392,40609,3755,78979,9342,4484,4858
54450,84381,5392,40614,3755,78989,9343,4484,4859
54455,84387,5392,40616,3755,78995,9344,4484,4860
54460,84398,5393,40621,3755,79005,9345,4485,4860
54465,84402,5393,40621,3755,79009,9345,4485,4860
54470,84412,5393,40627,3755,79019,9346,4486,4860
54475,84418,5393,40631,3755,79025,9347,4487,4860
54480,84429,5394,40638,3756,79035,9348,4487,4861
54485,84433,5394,40640,3756,79039,9348,4487,4861
54490,84443,5394,40643,3756,79049,9349,4487,4862
54495,84449,5394,40646,3756,79055,9350,4488,4862
54500,84460,5395,40653,3756,79065,9350,4488,4862
54505,84464,5396,40657,3757,79068,9350,4488,4862
54510,84474,5396,40664,3757,79078,9351,4489,4862
54515,84480,5396,40667,3757,79084,9352,4490,4862
54520,84491,5397,40671,3757,79094,9352,4490,4862
54525,84495,5398,40672,3758,79097,9352,4490,4862
54530,84505,5399,40677,3758,79106,9353,4491,4862
54535,84511,5399,40678,3758,79112,9355,4492,4863
54540,84522,5401,40684,3759,79121,9355,4492,4863
54545,84526,5401,40684,3759,79125,9355,4492,4863
54550,84536,5402,40686,3759,79134,9357,4492,4865
54555,84542,5402,40690,3759,79140,9358,4493,4865
54560,84553,5402,40696,3759,79151,9359,4494,4865
54565,84557,5402,40698,3759,79155,9359,4494,4865
54570,84567,5403,40701,3759,79164,9361,4495,4866
54575,84573,5403,40706,3759,79170,9362,4496,4866
54580,84584,5403,40712,3759,79181,9363,4496,4867
54585,84588,5404,40713,3760,79184,9363,4496,4867
54590,84598,5405,40720,3761,79193,9364,4496,4868
54595,84604,5405,40722,3761,79199,9365,4496,4869
54600,84615,5405,40728,3761,79210,9366,4496,4870
54605,84619,5405,40731,3761,79214,9366,4496,4870
54610,84629,5406,40737,3762,79223,9367,4496,4871
54615,84635,5406,40739,3762,79229,9368,4497,4871
54620,84646,5406,40742,3762,79240,9368,4497,4871
54625,84650,5406,40743,3762,79244,9368,4497,4871
54630,84660,5407,40746,3762,79253,9369,4498,4871
54635,84666,5407,40749,3762,79259,9370,4499,4871
54640,84677,5407,40754,3762,79270,9370,4499,4871
54645,84681,5407,40757,3762,79274,9370,4499,4871
54650,84691,5408,40762,3763,79283,9371,4499,4872
54655,84697,5408,40767,3763,79288,9373,4501,4872
54660,84708,5411,40777,3766,79297,9374,4502,4872
54665,84712,5411,40778,3766,79301,9374,4502,4872
54670,84722,5412,40785,3767,79310,9375,4502,4873
54675,84728,5412,40787,3767,79316,9376,4502,4874
54680,84739,5414,40791,3768,79325,9377,4502,4875
54685,84743,5415,40794,3769,79328,9377,4502,4875
54690,84753,5416,40800,3770,79337,9378,4503,4875
54695,84759,5416,40803,3770,79343,9379,4503,4876
54700,84770,5419,40808,3772,79351,9380,4503,4877
54705,84774,5420,40811,3773,79354,9380,4503,4877
54710,84784,5421,40818,3774,79363,9381,4504,4877
54715,84790,5421,40820,3774,79368,9382,4504,4878
54720,84801,5425,40828,3777,79376,9384,4505,4879
54725,84805,5425,40829,3777,79380,9384,4505,4879
54730,84815,5425,40834,3777,79390,9385,4506,4879
54735,84821,5425,40836,3777,79396,9386,4506,4880
54740,84832,5425,40842,3777,79407,9388,4507,4881
54745,84836,5425,40844,3777,79411,9388,4507,4881
54750,84846,5425,40848,3777,79421,9389,4508,4881
54755,84852,5425,40850,3777,79427,9390,4508,4882
54760,84863,5425,40854,3777,79438,9390,4508,4882
54765,84867,5425,40855,3777,79442,9390,4508,4882
54770,84877,5425,40857,3777,79452,9391,4508,4883
54775,84883,5425,40859,3777,79458,9392,4508,4884
54780,84894,5425,40864,3777,79469,9392,4508,4884
54785,84898,5426,40866,3778,79472,9392,4508,4884
54790,84908,5427,40869,3778,79481,9393,4508,4885
54795,84914,5427,40872,3778,79486,9394,4509,4885
54800,84925,5429,40877,3780,79496,9394,4509,4885
54805,84929,5430,40878,3781,79499,9394,4509,4885
54810,84939,5431,40882,3781,79508,9395,4509,4886
54815,84945,5431,40885,3781,79513,9396,4509,4887
54820,84956,5432,40889,3782,79524,9396,4509,4887
54825,84960,5433,40890,3783,79527,9396,4509,4887
54830,84970,5434,40894,3783,79536,9397,4509,4888
54835,84976,5434,40896,3783,79541,9398,4509,4889
54840,84987,5437,40902,3785,79550,9398,4509,4889
54845,84991,5437,40903,3785,79554,9398,4509,4889
54850,85001,5438,40906,3785,79563,9399,4509,4890
54855,85007,5438,40910,3785,79568,9400,4510,4890
54860,85018,5440,40915,3786,79578,9402,4512,4890
54865,85022,5442,40918,3788,79580,9402,4512,4890
54870,85032,5443,40923,3788,79589,9403,4513,4890
54875,85038,5443,40925,3788,79595,9405,4513,4892
54880,85049,5444,40931,3789,79605,9407,4515,4892
54885,85053,5444,40933,3789,79609,9407,4515,4892
54890,85063,5444,40937,3789,79619,9409,4516,4893
54895,85069,5444,40941,3789,79625,9411,4517,4894
54900,85080,5445,40950,3790,79635,9413,4519,4894
54905,85084,5445,40953,3790,79639,9413,4519,4894
54910,85094,5445,40958,3790,79649,9415,4520,4895
54915,85100,5445,40960,3790,79655,9416,4521,4895
54920,85111,5446,40964,3790,79665,9417,4521,4896
54925,85115,5446,40966,3790,79669,9417,4521,4896
54930,85125,5446,40968,3790,79679,9418,4522,4896
54935,85131,5446,40971,3790,79685,9419,4523,4896
54940,85142,5447,40977,3791,79695,9420,4524,4896
54945,85146,5447,40979,3791,79699,9420,4524,4896
54950,85156,5447,40982,3791,79709,9421,4524,4897
54955,85162,5447,40984,3791,79715,9422,4525,4897
54960,85173,5448,40991,3792,79725,9423,4526,4897
54965,85177,5448,40994,3792,79729,9423,4526,4897
54970,85187,5449,40999,3793,79738,9424,4527,4897
54975,85193,5449,41002,3793,79743,9425,4527,4898
54980,85204,5452,41008,3795,79752,9426,4528,4898
54985,85208,5452,41009,3795,79756,9426,4528,4898
54990,85218,5453,41015,3796,79765,9427,4529,4898
54995,85224,5453,41019,3796,79770,9428,4530,4898
55000,85235,5456,41027,3798,79779,9429,4531,4898
55005,85239,5457,41029,3799,79782,9429,4531,4898
55010,85249,5458,41035,3800,79791,9430,4531,4899
55015,85255,5458,41037,3800,79797,9432,4532,4900
55020,85266,5460,41043,3802,79806,9433,4532,4901
55025,85270,5461,41045,3803,79809,9433,4532,4901
55030,85280,5461,41047,3803,79819,9435,4532,4903
55035,85286,5461,41049,3803,79825,9437,4532,4905
55040,85297,5462,41056,3804,79835,9439,4534,4905
55045,85301,5462,41057,3804,79839,9439,4534,4905
55050,85311,5462,41063,3804,79849,9440,4534,4906
55055,85317,5462,41066,3804,79855,9441,4534,4907
55060,85328,5464,41075,3806,79864,9443,4536,4907
55065,85332,5465,41077,3807,79867,9443,4536,4907
55070,85342,5465,41083,3807,79877,9444,4537,4907
55075,85348,5465,41087,3807,79883,9445,4538,4907
55080,85359,5466,41094,3807,79893,9447,4540,4907
55085,85363,5467,41097,3808,79896,9447,4540,4907
55090,85373,5467,41101,3808,79906,9449,4541,4908
55095,85379,5467,41106,3808,79912,9450,4541,4909
55100,85390,5468,41111,3809,79922,9451,4541,4910
55105,85394,5468,41112,3809,79926,9451,4541,4910
55110,85404,5468,41119,3809,79936,9453,4542,4911
55115,85410,5468,41119,3809,79942,9454,4542,4912
55120,85421,5469,41124,3809,79952,9455,4542,4913
55125,85425,5469,41125,3809,79956,9455,4542,4913
55130,85435,5470,41128,3809,79965,9457,4543,4914
55135,85441,5470,41131,3809,79970,9458,4544,4914
55140,85452,5472,41135,3810,79980,9459,4545,4914
55145,85456,5472,41138,3810,79984,9459,4545,4914
55150,85466,5472,41142,3810,79994,9460,4545,4915
55155,85472,5472,41144,3810,80000,9462,4547,4915
55160,85483,5472,41149,3810,80011,9462,4547,4915
55165,85487,5472,41152,3810,80015,9462,4547,4915
55170,85497,5472,41155,3810,80025,9463,4548,4915
55175,85503,5472,41159,3810,80031,9465,4549,4916
55180,85514,5472,41162,3810,80042,9465,4549,4916
55185,85518,5472,41164,3810,80046,9465,4549,4916
55190,85528,5472,41167,3810,80056,9466,4549,4917
55195,85534,5472,41169,3810,80062,9468,4550,4918
55200,85545,5472,41173,3810,80073,9468,4550,4918
55205,85549,5472,41174,3810,80077,9468,4550,4918
55210,85559,5472,41178,3810,80087,9469,4551,4918
55215,85565,5472,41181,3810,80093,9470,4552,4918
55220,85576,5472,41182,3810,80104,9470,4552,4918
55225,85580,5472,41185,3810,80108,9470,4552,4918
55230,85590,5472,41189,3810,80118,9471,4552,4919
55235,85596,5472,41192,3810,80124,9472,4552,4920
55240,85607,5472,41195,3810,80135,9472,4552,4920
55245,85611,5472,41196,3810,80139,9472,4552,4920
55250,85621,5473,41199,3810,80148,9474,4554,4920
55255,85627,5473,41202,3810,80153,9475,4555,4920
55260,85638,5477,41207,3813,80161,9477,4557,4920
55265,85642,5477,41209,3813,80165,9477,4557,4920
55270,85652,5478,41213,3813,80174,9478,4557,4921
55275,85658,5478,41217,3813,80180,9479,4557,4922
55280,85669,5478,41223,3813,80191,9481,4557,4924
55285,85673,5478,41226,3813,80195,9481,4557,4924
55290,85683,5478,41231,3813,80205,9482,4557,4925
55295,85689,5478,41235,3813,80211,9483,4558,4925
55300,85700,5478,41240,3813,80222,9485,4559,4926
55305,85704,5478,41242,3813,80226,9485,4559,4926
55310,85714,5478,41247,3813,80236,9486,4560,4926
55315,85720,5478,41248,3813,80242,9488,4560,4928
55320,85731,5478,41253,3813,80253,9490,4561,4929
55325,85735,5478,41254,3813,80257,9490,4561,4929
55330,85745,5478,41262,3813,80267,9491,4561,4930
55335,85751,5478,41265,3813,80273,9493,4562,4931
55340,85762,5478,41268,3813,80284,9493,4562,4931
55345,85766,5478,41268,3813,80288,9493,4562,4931
55350,85776,5478,41275,3813,80298,9494,4562,4932
55355,85782,5478,41279,3813,80304,9496,4563,4933
55360,85793,5478,41284,3813,80315,9496,4563,4933
55365,85797,5478,41285,3813,80319,9496,4563,4933
55370,85807,5478,41289,3813,80329,9497,4564,4933
55375,85813,5478,41293,3813,80335,9498,4565,4933
55380,85824,5480,41297,3815,80344,9498,4565,4933
55385,85828,5480,41299,3815,80348,9498,4565,4933
55390,85838,5480,41302,3815,80358,9500,4566,4934
55395,85844,5480,41304,3815,80364,9501,4566,4935
55400,85855,5482,41309,3817,80373,9501,4566,4935
55405,85859,5483,41311,3818,80376,9501,4566,4935
55410,85869,5483,41314,3818,80386,9503,4567,4936
55415,85875,5483,41317,3818,80392,9504,4567,4937
55420,85886,5485,41321,3819,80401,9504,4567,4937
55425,85890,5486,41325,3820,80404,9504,4567,4937
55430,85900,5486,41327,3820,80414,9505,4568,4937
55435,85906,5486,41330,3820,80420,9506,4568,4938
55440,85917,5489,41333,3822,80428,9507,4568,4939
55445,85921,5489,41335,3822,80432,9507,4568,4939
55450,85931,5489,41339,3822,80442,9508,4569,4939
55455,85937,5489,41342,3822,80448,9509,4569,4940
55460,85948,5489,41350,3822,80459,9509,4569,4940
55465,85952,5489,41350,3822,80463,9509,4569,4940
55470,85962,5489,41354,3822,80473,9510,4569,4941
55475,85968,5489,41357,3822,80479,9512,4570,4942
55480,85979,5489,41360,3822,80490,9512,4570,4942
55485,85983,5489,41362,3822,80494,9512,4570,4942
55490,85993,5490,41366,3823,80503,9513,4570,4943
55495,85999,5490,41370,3823,80508,9515,4571,4944
55500,86010,5491,41377,3824,80519,9515,4571,4944
55505,86014,5491,41379,3824,80523,9515,4571,4944
55510,86024,5492,41383,3824,80532,9517,4572,4945
55515,86030,5492,41388,3824,80537,9518,4573,4945
55520,86041,5493,41392,3825,80548,9519,4574,4945
55525,86045,5493,41395,3825,80552,9519,4574,4945
55530,86055,5494,41400,3825,80561,9521,4575,4946
55535,86061,5494,41405,3825,80566,9522,4576,4946
55540,86072,5495,41412,3826,80577,9523,4577,4946
55545,86076,5495,41415,3826,80581,9523,4577,4946
55550,86086,5496,41419,3826,80590,9525,4578,4947
55555,86092,5496,41422,3826,80595,9526,4578,4948
55560,86103,5499,41429,3828,80604,9527,4579,4948
55565,86107,5500,41431,3829,80607,9527,4579,4948
55570,86117,5500,41435,3829,80617,9529,4579,4950
55575,86123,5500,41439,3829,80623,9530,4579,4951
55580,86134,5501,41443,3829,80633,9530,4579,4951
55585,86138,5501,41444,3829,80637,9530,4579,4951
55590,86148,5501,41448,3829,80647,9532,4579,4953
55595,86154,5501,41450,3829,80653,9533,4580,4953
55600,86165,5502,41452,3829,80663,9533,4580,4953
55605,86169,5503,41453,3830,80666,9533,4580,4953
55610,86179,5503,41457,3830,80676,9534,4580,4954
55615,86185,5503,41460,3830,80682,9536,4581,4955
55620,86196,5505,41466,3832,80691,9537,4582,4955
55625,86200,5505,41467,3832,80695,9537,4582,4955
55630,86210,5505,41470,3832,80705,9538,4583,4955
55635,86216,5505,41475,3832,80711,9539,4584,4955
55640,86227,5505,41484,3832,80722,9540,4584,4956
55645,86231,5505,41488,3832,80726,9540,4584,4956
55650,86241,5505,41493,3832,80736,9541,4585,4956
55655,86247,5505,41495,3832,80742,9542,4585,4957
55660,86258,5505,41501,3832,80753,9543,4585,4958
55665,86262,5505,41503,3832,80757,9543,4585,4958
55670,86272,5506,41507,3832,80766,9544,4586,4958
55675,86278,5506,41510,3832,80772,9545,4586,4959
55680,86289,5506,41514,3832,80783,9547,4587,4960
55685,86293,5506,41518,3832,80787,9547,4587,4960
55690,86303,5506,41523,3832,80797,9548,4587,4961
55695,86309,5506,41527,3832,80803,9549,4587,4962
55700,86320,5506,41532,3832,80814,9550,4587,4963
55705,86324,5506,41534,3832,80818,9550,4587,4963
55710,86334,5506,41537,3832,80828,9551,4587,4964
55715,86340,5506,41543,3832,80834,9552,4588,4964
55720,86351,5506,41548,3832,80845,9553,4588,4965
55725,86355,5506,41548,3832,80849,9553,4588,4965
55730,86365,5506,41555,3832,80859,9554,4589,4965
55735,86371,5506,41558,3832,80865,9555,4590,4965
55740,86382,5506,41562,3832,80876,9556,4590,4966
55745,86386,5506,41563,3832,80880,9556,4590,4966
55750,86396,5506,41569,3832,80890,9558,4592,4966
55755,86402,5506,41572,3832,80896,9559,4593,4966
55760,86413,5506,41577,3832,80907,9560,4594,4966
55765,86417,5506,41580,3832,80911,9560,4594,4966
55770,86427,5506,41585,3832,80921,9562,4595,4967
55775,86433,5506,41589,3832,80927,9563,4596,4967
55780,86444,5506,41595,3832,80938,9564,4596,4968
55785,86448,5506,41596,3832,80942,9564,4596,4968
55790,86458,5507,41599,3833,80951,9565,4596,4969
55795,86464,5507,41600,3833,80957,9566,4596,4970
55800,86475,5509,41604,3834,80966,9567,4596,4971
55805,86479,5509,41606,3834,80970,9567,4596,4971
55810,86489,5510,41607,3834,80979,9568,4596,4972
55815,86495,5510,41609,3834,80984,9569,4597,4972
55820,86506,5512,41613,3836,80994,9570,4597,4973
55825,86510,5512,41614,3836,80998,9570,4597,4973
55830,86520,5513,41621,3837,81007,9571,4598,4973
55835,86526,5513,41622,3837,81013,9572,4598,4974
55840,86537,5515,41627,3838,81022,9573,4598,4975
55845,86541,5515,41630,3838,81026,9573,4598,4975
55850,86551,5516,41633,3839,81035,9574,4599,4975
55855,86557,5516,41637,3839,81040,9576,4601,4975
55860,86568,5519,41643,3841,81049,9577,4601,4976
55865,86572,5520,41646,3842,81052,9577,4601,4976
55870,86582,5521,41649,3842,81061,9579,4602,4977
55875,86588,5521,41651,3842,81067,9580,4602,4978
55880,86599,5522,41655,3842,81077,9581,4602,4979
55885,86603,5522,41657,3842,81081,9581,4602,4979
55890,86613,5523,41663,3843,81090,9583,4602,4981
55895,86619,5523,41667,3843,81095,9584,4603,4981
55900,86630,5525,41675,3845,81105,9586,4605,4981
55905,86634,5527,41678,3847,81107,9586,4605,4981
55910,86644,5528,41683,3848,81116,9588,4606,4982
55915,86650,5528,41687,3848,81122,9589,4606,4983
55920,86661,5529,41689,3848,81132,9591,4607,4984
55925,86665,5529,41692,3848,81136,9591,4607,4984
55930,86675,5529,41695,3848,81146,9593,4607,4986
55935,86681,5529,41698,3848,81152,9594,4608,4986
55940,86692,5530,41702,3848,81162,9596,4609,4987
55945,86696,5530,41704,3848,81166,9596,4609,4987
55950,86706,5530,41709,3848,81176,9598,4609,4989
55955,86712,5530,41712,3848,81182,9599,4609,4990
55960,86723,5532,41720,3850,81191,9601,4611,4990
55965,86727,5532,41720,3850,81195,9601,4611,4990
55970,86737,5532,41723,3850,81205,9602,4611,4991
55975,86743,5532,41726,3850,81211,9603,4612,4991
55980,86754,5534,41733,3852,81220,9605,4613,4992
55985,86758,5534,41735,3852,81224,9605,4613,4992
55990,86768,5534,41740,3852,81234,9607,4613,4994
55995,86774,5534,41744,3852,81240,9608,4613,4995
56000,86785,5534,41751,3852,81251,9609,4613,4996
56005,86789,5534,41753,3852,81255,9609,4613,4996
56010,86799,5534,41758,3852,81265,9610,4613,4997
56015,86805,5534,41759,3852,81271,9611,4613,4998
56020,86816,5534,41762,3852,81282,9612,4614,4998
56025,86820,5534,41764,3852,81286,9612,4614,4998
56030,86830,5535,41770,3852,81295,9613,4614,4999
56035,86836,5535,41774,3852,81300,9614,4615,4999
56040,86847,5536,41780,3853,81311,9614,4615,4999
56045,86851,5536,41782,3853,81315,9614,4615,4999
56050,86861,5537,41785,3853,81324,9615,4616,4999
56055,86867,5537,41789,3853,81329,9616,4616,5000
56060,86878,5538,41793,3854,81340,9616,4616,5000
56065,86882,5539,41796,3855,81343,9616,4616,5000
56070,86892,5540,41799,3856,81352,9617,4616,5001
56075,86898,5540,41801,3856,81358,9618,4617,5001
56080,86909,5540,41807,3856,81369,9618,4617,5001
56085,86913,5540,41809,3856,81373,9618,4617,5001
56090,86923,5541,41813,3856,81382,9619,4617,5002
56095,86929,5541,41816,3856,81388,9620,4618,5002
56100,86940,5542,41825,3856,81398,9621,4619,5002
56105,86944,5542,41826,3856,81402,9621,4619,5002
56110,86954,5542,41832,3856,81412,9623,4620,5003
56115,86960,5542,41835,3856,81418,9624,4621,5003
56120,86971,5544,41837,3857,81427,9625,4622,5003
56125,86975,5544,41840,3857,81431,9625,4622,5003
56130,86985,5544,41844,3857,81441,9626,4622,5004
56135,86991,5544,41845,3857,81447,9627,4622,5005
56140,87002,5546,41852,3858,81456,9628,4622,5006
56145,87006,5546,41854,3858,81460,9628,4622,5006
56150,87016,5546,41859,3858,81470,9629,4623,5006
56155,87022,5546,41863,3858,81476,9630,4624,5006
56160,87033,5549,41870,3860,81484,9632,4624,5008
56165,87037,5550,41873,3861,81487,9632,4624,5008
56170,87047,5551,41876,3862,81496,9633,4625,5008
56175,87053,5551,41879,3862,81502,9634,4626,5008
56180,87064,5552,41884,3863,81512,9635,4626,5009
56185,87068,5553,41885,3864,81515,9635,4626,5009
56190,87078,5554,41890,3864,81524,9636,4627,5009
56195,87084,5554,41893,3864,81530,9638,4627,5011
56200,87095,5555,41896,3864,81540,9639,4628,5011
56205,87099,5557,41900,3866,81542,9639,4628,5011
56210,87109,5558,41905,3866,81551,9640,4629,5011
56215,87115,5558,41909,3866,81557,9642,4631,5011
56220,87126,5559,41914,3866,81567,9643,4632,5011
56225,87130,5560,41918,3867,81570,9643,4632,5011
56230,87140,5561,41923,3868,81579,9645,4633,5012
56235,87146,5561,41927,3868,81585,9646,4634,5012
56240,87157,5562,41930,3869,81595,9647,4634,5013
56245,87161,5563,41934,3870,81598,9647,4634,5013
56250,87171,5564,41938,3871,81607,9649,4634,5015
56255,87177,5564,41940,3871,81613,9650,4634,5016
56260,87188,5565,41947,3872,81623,9651,4634,5017
56265,87192,5566,41950,3873,81626,9651,4634,5017
56270,87202,5567,41954,3873,81635,9652,4634,5018
56275,87208,5567,41956,3873,81641,9653,4634,5019
56280,87219,5568,41960,3873,81651,9655,4636,5019
56285,87223,5568,41962,3873,81655,9655,4636,5019
56290,87233,5569,41967,3873,81664,9656,4637,5019
56295,87239,5569,41970,3873,81670,9657,4638,5019
56300,87250,5571,41977,3875,81679,9658,4638,5020
56305,87254,5571,41979,3875,81683,9658,4638,5020
56310,87264,5572,41985,3875,81692,9659,4639,5020
56315,87270,5572,41987,3875,81697,9660,4639,5021
56320,87281,5575,41993,3877,81706,9661,4639,5022
56325,87285,5575,41995,3877,81710,9661,4639,5022
56330,87295,5576,42004,3877,81719,9662,4640,5022
56335,87301,5576,42005,3877,81725,9663,4640,5023
56340,87312,5577,42010,3877,81735,9664,4640,5024
56345,87316,5577,42011,3877,81739,9664,4640,5024
56350,87326,5577,42017,3877,81749,9665,4641,5024
56355,87332,5577,42021,3877,81755,9666,4642,5024
56360,87343,5577,42028,3877,81766,9666,4642,5024
56365,87347,5577,42032,3877,81770,9666,4642,5024
56370,87357,5577,42034,3877,81780,9668,4642,5026
56375,87363,5577,42036,3877,81786,9669,4642,5027
56380,87374,5577,42045,3877,81797,9669,4642,5027
56385,87378,5577,42045,3877,81801,9669,4642,5027
56390,87388,5577,42051,3877,81811,9671,4642,5029
56395,87394,5577,42053,3877,81817,9672,4642,5030
56400,87405,5577,42057,3877,81828,9672,4642,5030
56405,87409,5577,42058,3877,81832,9672,4642,5030
56410,87419,5577,42065,3877,81842,9673,4643,5030
56415,87425,5577,42069,3877,81848,9674,4643,5031
56420,87436,5577,42076,3877,81859,9674,4643,5031
56425,87440,5577,42077,3877,81863,9674,4643,5031
56430,87450,5577,42081,3877,81873,9675,4644,5031
56435,87456,5577,42083,3877,81879,9676,4645,5031
56440,87467,5577,42089,3877,81890,9676,4645,5031
56445,87471,5577,42091,3877,81894,9676,4645,5031
56450,87481,5578,42095,3878,81903,9677,4646,5031
56455,87487,5578,42099,3878,81908,9678,4647,5031
56460,87498,5581,42105,3880,81917,9679,4648,5031
56465,87502,5582,42108,3881,81920,9679,4648,5031
56470,87512,5582,42112,3881,81930,9680,4649,5031
56475,87518,5582,42114,3881,81936,9681,4649,5032
56480,87529,5584,42119,3882,81945,9682,4650,5032
56485,87533,5584,42122,3882,81949,9682,4650,5032
56490,87543,5584,42130,3882,81959,9683,4651,5032
56495,87549,5584,42135,3882,81965,9684,4652,5032
56500,87560,5585,42140,3883,81975,9685,4652,5033
56505,87564,5585,42142,3883,81979,9685,4652,5033
56510,87574,5585,42147,3883,81989,9687,4653,5034
56515,87580,5585,42152,3883,81995,9688,4654,5034
56520,87591,5586,42157,3883,82005,9689,4655,5034
56525,87595,5586,42157,3883,82009,9689,4655,5034
56530,87605,5586,42162,3883,82019,9690,4655,5035
56535,87611,5586,42166,3883,82025,9691,4656,5035
56540,87622,5587,42170,3883,82035,9692,4656,5036
56545,87626,5587,42172,3883,82039,9692,4656,5036
56550,87636,5587,42179,3883,82049,9693,4656,5037
56555,87642,5587,42180,3883,82055,9694,4656,5038
56560,87653,5588,42183,3884,82065,9695,4657,5038
56565,87657,5588,42184,3884,82069,9695,4657,5038
56570,87667,5589,42191,3885,82078,9696,4658,5038
56575,87673,5589,42195,3885,82084,9697,4659,5038
56580,87684,5591,42201,3887,82093,9698,4659,5039
56585,87688,5592,42203,3888,82096,9698,4659,5039
56590,87698,5593,42208,3889,82105,9699,4659,5040
56595,87704,5593,42209,3889,82111,9700,4659,5041
56600,87715,5596,42214,3891,82119,9701,4660,5041
56605,87719,5598,42217,3893,82121,9701,4660,5041
56610,87729,5599,42221,3893,82130,9702,4661,5041
56615,87735,5599,42225,3893,82135,9703,4662,5041
56620,87746,5601,42229,3895,82145,9704,4662,5042
56625,87750,5603,42231,3897,82147,9704,4662,5042
56630,87760,5604,42238,3898,82156,9705,4663,5042
56635,87766,5604,42242,3898,82162,9706,4663,5043
56640,87777,5606,42250,3900,82171,9707,4664,5043
56645,87781,5606,42251,3900,82175,9707,4664,5043
56650,87791,5606,42257,3900,82185,9708,4665,5043
56655,87797,5606,42261,3900,82191,9709,4665,5044
56660,87808,5606,42267,3900,82202,9710,4666,5044
56665,87812,5606,42271,3900,82206,9710,4666,5044
56670,87822,5606,42277,3900,82216,9711,4667,5044
56675,87828,5606,42279,3900,82222,9712,4667,5045
56680,87839,5606,42287,3900,82233,9713,4668,5045
56685,87843,5606,42289,3900,82237,9713,4668,5045
56690,87853,5606,42294,3900,82247,9714,4668,5046
56695,87859,5606,42297,3900,82253,9716,4670,5046
56700,87870,5606,42301,3900,82264,9716,4670,5046
56705,87874,5606,42304,3900,82268,9716,4670,5046
56710,87884,5606,42309,3900,82278,9718,4671,5047
56715,87890,5606,42312,3900,82284,9720,4671,5049
56720,87901,5606,42317,3900,82295,9720,4671,5049
56725,87905,5606,42318,3900,82299,9720,4671,5049
56730,87915,5606,42322,3900,82309,9721,4672,5049
56735,87921,5606,42323,3900,82315,9723,4672,5051
56740,87932,5606,42328,3900,82326,9723,4672,5051
56745,87936,5606,42329,3900,82330,9723,4672,5051
56750,87946,5607,42335,3900,82339,9724,4672,5052
56755,87952,5607,42336,3900,82345,9725,4673,5052
56760,87963,5609,42341,3901,82354,9726,4673,5053
56765,87967,5611,42344,3903,82356,9726,4673,5053
56770,87977,5611,42350,3903,82366,9727,4674,5053
56775,87983,5611,42355,3903,82372,9728,4674,5054
56780,87994,5613,42361,3904,82381,9728,4674,5054
56785,87998,5614,42363,3905,82384,9728,4674,5054
56790,88008,5614,42369,3905,82394,9729,4675,5054
56795,88014,5614,42369,3905,82400,9730,4675,5055
56800,88025,5616,42373,3906,82409,9731,4676,5055
56805,88029,5617,42374,3907,82412,9731,4676,5055
56810,88039,5617,42380,3907,82422,9732,4676,5056
56815,88045,5617,42382,3907,82428,9733,4676,5057
56820,88056,5619,42388,3908,82437,9734,4677,5057
56825,88060,5619,42390,3908,82441,9734,4677,5057
56830,88070,5619,42395,3908,82451,9736,4678,5058
56835,88076,5619,42397,3908,82457,9738,4679,5059
56840,88087,5619,42401,3908,82468,9738,4679,5059
56845,88091,5619,42402,3908,82472,9738,4679,5059
56850,88101,5619,42407,3908,82482,9739,4679,5060
56855,88107,5619,42409,3908,82488,9740,4680,5060
56860,88118,5619,42416,3908,82499,9740,4680,5060
56865,88122,5619,42420,3908,82503,9740,4680,5060
56870,88132,5619,42425,3908,82513,9741,4681,5060
56875,88138,5619,42425,3908,82519,9742,4681,5061
56880,88149,5619,42426,3908,82530,9742,4681,5061
56885,88153,5619,42427,3908,82534,9742,4681,5061
56890,88163,5620,42431,3908,82543,9743,4681,5062
56895,88169,5620,42436,3908,82548,9744,4682,5062
56900,88180,5622,42442,3910,82558,9744,4682,5062
56905,88184,5622,42444,3910,82562,9744,4682,5062
56910,88194,5623,42448,3910,82571,9745,4682,5063
56915,88200,5623,42450,3910,82576,9746,4682,5064
56920,88211,5625,42456,3912,82586,9746,4682,5064
56925,88215,5625,42457,3912,82590,9746,4682,5064
56930,88225,5626,42461,3912,82599,9747,4683,5064
56935,88231,5626,42463,3912,82604,9748,4683,5065
56940,88242,5627,42467,3913,82615,9749,4683,5066
56945,88246,5627,42470,3913,82619,9749,4683,5066
56950,88256,5627,42476,3913,82629,9750,4683,5067
56955,88262,5627,42478,3913,82635,9751,4683,5068
56960,88273,5627,42483,3913,82646,9752,4683,5069
56965,88277,5627,42484,3913,82650,9752,4683,5069
56970,88287,5627,42485,3913,82660,9753,4683,5070
56975,88293,5627,42490,3913,82666,9754,4684,5070
56980,88304,5627,42496,3913,82677,9754,4684,5070
56985,88308,5627,42496,3913,82681,9754,4684,5070
56990,88318,5627,42505,3913,82691,9755,4685,5070
56995,88324,5627,42507,3913,82697,9756,4686,5070
57000,88335,5628,42513,3914,82707,9756,4686,5070
57005,88339,5628,42516,3914,82711,9756,4686,5070
57010,88349,5629,42521,3914,82720,9757,4686,5071
57015,88355,5629,42523,3914,82726,9758,4686,5072
57020,88366,5631,42531,3916,82735,9759,4687,5072
57025,88370,5631,42533,3916,82739,9759,4687,5072
57030,88380,5632,42540,3917,82748,9760,4688,5072
57035,88386,5632,42545,3917,82753,9761,4689,5072
57040,88397,5635,42548,3919,82762,9762,4689,5073
57045,88401,5635,42549,3919,82766,9762,4689,5073
57050,88411,5636,42553,3920,82775,9764,4691,5073
57055,88417,5636,42554,3920,82781,9765,4691,5074
57060,88428,5637,42560,3921,82791,9766,4692,5074
57065,88432,5637,42562,3921,82795,9766,4692,5074
57070,88442,5637,42565,3921,82805,9768,4693,5075
57075,88448,5637,42567,3921,82811,9769,4693,5076
57080,88459,5638,42571,3922,82821,9771,4693,5078
57085,88463,5638,42574,3922,82825,9771,4693,5078
57090,88473,5638,42578,3922,82835,9773,4693,5080
57095,88479,5638,42583,3922,82841,9774,4694,5080
57100,88490,5640,42588,3924,82850,9776,4694,5082
57105,88494,5640,42590,3924,82854,9776,4694,5082
57110,88504,5640,42595,3924,82864,9777,4694,5083
57115,88510,5640,42598,3924,82870,9778,4694,5084
57120,88521,5641,42603,3925,82880,9780,4694,5086
57125,88525,5641,42606,3925,82884,9780,4694,5086
57130,88535,5641,42612,3925,82894,9781,4695,5086
57135,88541,5641,42616,3925,82900,9782,4695,5087
57140,88552,5642,42620,3926,82910,9783,4695,5088
57145,88556,5643,42622,3927,82913,9783,4695,5088
57150,88566,5643,42626,3927,82923,9784,4695,5089
57155,88572,5643,42629,3927,82929,9785,4696,5089
57160,88583,5644,42635,3928,82939,9786,4696,5090
57165,88587,5644,42637,3928,82943,9786,4696,5090
57170,88597,5645,42641,3928,82952,9787,4697,5090
57175,88603,5645,42643,3928,82957,9788,4698,5090
57180,88614,5647,42649,3930,82967,9789,4699,5090
57185,88618,5648,42650,3931,82970,9789,4699,5090
57190,88628,5649,42656,3931,82979,9791,4701,5090
57195,88634,5649,42660,3931,82985,9792,4702,5090
57200,88645,5650,42665,3931,82995,9793,4702,5091
57205,88649,5650,42666,3931,82999,9793,4702,5091
57210,88659,5650,42670,3931,83009,9794,4702,5092
57215,88665,5650,42673,3931,83015,9795,4703,5092
57220,88676,5651,42677,3931,83025,9795,4703,5092
57225,88680,5651,42678,3931,83029,9795,4703,5092
57230,88690,5651,42682,3931,83039,9796,4703,5093
57235,88696,5651,42683,3931,83045,9797,4704,5093
57240,88707,5653,42690,3932,83054,9797,4704,5093
57245,88711,5653,42692,3932,83058,9797,4704,5093
57250,88721,5653,42697,3932,83068,9798,4704,5094
57255,88727,5653,42702,3932,83074,9799,4704,5095
57260,88738,5655,42708,3933,83083,9799,4704,5095
57265,88742,5655,42709,3933,83087,9799,4704,5095
57270,88752,5655,42716,3933,83097,9800,4705,5095
57275,88758,5655,42719,3933,83103,9801,4705,5096
57280,88769,5657,42725,3935,83112,9801,4705,5096
57285,88773,5657,42727,3935,83116,9801,4705,5096
57290,88783,5657,42730,3935,83126,9802,4705,5097
57295,88789,5657,42731,3935,83132,9803,4705,5098
57300,88800,5660,42735,3937,83140,9804,4705,5099
57305,88804,5660,42735,3937,83144,9804,4705,5099
57310,88814,5661,42741,3937,83153,9806,4706,5100
57315,88820,5661,42744,3937,83159,9808,4707,5101
57320,88831,5662,42752,3938,83169,9810,4709,5101
57325,88835,5662,42755,3938,83173,9810,4709,5101
57330,88845,5663,42759,3938,83182,9812,4711,5101
57335,88851,5663,42760,3938,83188,9813,4712,5101
57340,88862,5664,42762,3938,83198,9815,4713,5102
57345,88866,5665,42765,3939,83201,9815,4713,5102
57350,88876,5666,42771,3939,83210,9816,4714,5102
57355,88882,5666,42774,3939,83216,9817,4714,5103
57360,88893,5668,42780,3941,83225,9819,4715,5104
57365,88897,5668,42780,3941,83229,9819,4715,5104
57370,88907,5669,42786,3942,83238,9820,4715,5105
57375,88913,5669,42789,3942,83244,9821,4716,5105
57380,88924,5669,42794,3942,83255,9823,4716,5107
57385,88928,5669,42796,3942,83259,9823,4716,5107
57390,88938,5670,42800,3942,83268,9824,4716,5108
57395,88944,5670,42803,3942,83274,9825,4717,5108
57400,88955,5670,42808,3942,83285,9827,4719,5108
57405,88959,5670,42809,3942,83289,9827,4719,5108
57410,88969,5671,42814,3943,83298,9828,4720,5108
57415,88975,5671,42818,3943,83304,9829,4721,5108
57420,88986,5671,42820,3943,83315,9831,4721,5110
57425,88990,5671,42822,3943,83319,9831,4721,5110
57430,89000,5672,42827,3943,83328,9833,4722,5111
57435,89006,5672,42829,3943,83334,9834,4723,5111
57440,89017,5672,42834,3943,83345,9835,4724,5111
57445,89021,5672,42836,3943,83349,9835,4724,5111
57450,89031,5673,42840,3943,83358,9836,4725,5111
57455,89037,5673,42842,3943,83364,9837,4725,5112
57460,89048,5674,42851,3944,83374,9838,4726,5112
57465,89052,5674,42853,3944,83378,9838,4726,5112
57470,89062,5675,42859,3945,83387,9839,4727,5112
57475,89068,5675,42862,3945,83392,9840,4728,5112
57480,89079,5676,42866,3946,83403,9841,4729,5112
57485,89083,5676,42866,3946,83407,9841,4729,5112
57490,89093,5677,42870,3947,83416,9842,4730,5112
57495,89099,5677,42873,3947,83421,9843,4730,5113
57500,89110,5679,42878,3949,83431,9844,4730,5114
57505,89114,5679,42879,3949,83435,9844,4730,5114
57510,89124,5680,42885,3950,83444,9845,4731,5114
57515,89130,5680,42887,3950,83450,9846,4731,5115
57520,89141,5680,42892,3950,83461,9846,4731,5115
57525,89145,5681,42894,3951,83464,9846,4731,5115
57530,89155,5682,42900,3952,83473,9847,4732,5115
57535,89161,5682,42903,3952,83478,9849,4733,5116
57540,89172,5684,42906,3953,83488,9850,4733,5117
57545,89176,5685,42910,3954,83491,9850,4733,5117
57550,89186,5685,42915,3954,83501,9852,4733,5119
57555,89192,5685,42919,3954,83507,9853,4734,5119
57560,89203,5686,42925,3955,83517,9853,4734,5119
57565,89207,5686,42928,3955,83521,9853,4734,5119
57570,89217,5686,42931,3955,83531,9855,4734,5121
57575,89223,5686,42936,3955,83537,9856,4734,5122
57580,89234,5687,42942,3956,83547,9856,4734,5122
57585,89238,5687,42945,3956,83551,9856,4734,5122
57590,89248,5687,42949,3956,83561,9857,4734,5123
57595,89254,5687,42954,3956,83567,9858,4735,5123
57600,89265,5688,42959,3957,83577,9858,4735,5123
57605,89269,5688,42961,3957,83581,9858,4735,5123
57610,89279,5688,42964,3957,83591,9859,4735,5124
57615,89285,5688,42967,3957,83597,9860,4735,5125
57620,89296,5689,42972,3958,83607,9860,4735,5125
57625,89300,5689,42974,3958,83611,9860,4735,5125
57630,89310,5689,42977,3958,83621,9861,4735,5126
57635,89316,5689,42980,3958,83627,9862,4735,5127
57640,89327,5690,42984,3958,83637,9862,4735,5127
57645,89331,5690,42985,3958,83641,9862,4735,5127
57650,89341,5691,42989,3958,83650,9863,4735,5128
57655,89347,5691,42992,3958,83655,9865,4736,5129
57660,89358,5694,42995,3960,83664,9866,4736,5130
57665,89362,5695,42997,3961,83667,9866,4736,5130
57670,89372,5696,43000,3961,83676,9867,4736,5131
57675,89378,5696,43004,3961,83681,9868,4737,5131
57680,89389,5700,43009,3964,83689,9870,4738,5132
57685,89393,5700,43010,3964,83693,9870,4738,5132
57690,89403,5701,43016,3965,83702,9872,4739,5133
57695,89409,5701,43018,3965,83707,9873,4739,5134
57700,89420,5704,43023,3967,83716,9875,4739,5136
57705,89424,5704,43024,3967,83720,9875,4739,5136
57710,89434,5705,43029,3967,83729,9877,4740,5137
57715,89440,5705,43031,3967,83735,9878,4741,5137
57720,89451,5706,43035,3968,83745,9880,4741,5139
57725,89455,5707,43038,3969,83748,9880,4741,5139
57730,89465,5707,43041,3969,83758,9881,4741,5140
57735,89471,5707,43045,3969,83764,9882,4741,5141
57740,89482,5708,43050,3970,83774,9884,4742,5142
57745,89486,5709,43052,3971,83777,9884,4742,5142
57750,89496,5709,43057,3971,83787,9885,4743,5142
57755,89502,5709,43062,3971,83793,9886,4744,5142
57760,89513,5710,43071,3971,83803,9888,4746,5142
57765,89517,5710,43074,3971,83807,9888,4746,5142
57770,89527,5710,43079,3971,83817,9889,4746,5143
57775,89533,5710,43082,3971,83823,9891,4746,5145
57780,89544,5711,43090,3972,83833,9893,4747,5146
57785,89548,5713,43094,3974,83835,9893,4747,5146
57790,89558,5714,43100,3975,83844,9894,4747,5147
57795,89564,5714,43102,3975,83849,9896,4747,5149
57800,89575,5718,43108,3978,83857,9898,4748,5150
57805,89579,5719,43110,3979,83860,9898,4748,5150
57810,89589,5720,43115,3979,83869,9899,4749,5150
57815,89595,5720,43119,3979,83875,9901,4751,5150
57820,89606,5722,43126,3981,83884,9903,4751,5152
57825,89610,5723,43129,3982,83887,9903,4751,5152
57830,89620,5724,43135,3982,83896,9904,4751,5153
57835,89626,5724,43138,3982,83902,9906,4752,5154
57840,89637,5726,43142,3984,83911,9908,4752,5156
57845,89641,5726,43144,3984,83915,9908,4752,5156
57850,89651,5726,43148,3984,83925,9909,4753,5156
57855,89657,5726,43152,3984,83931,9910,4753,5157
57860,89668,5726,43158,3984,83942,9910,4753,5157
57865,89672,5726,43160,3984,83946,9910,4753,5157
57870,89682,5726,43165,3984,83956,9912,4754,5158
57875,89688,5726,43167,3984,83962,9913,4754,5159
57880,89699,5726,43172,3984,83973,9913,4754,5159
57885,89703,5726,43174,3984,83977,9913,4754,5159
57890,89713,5726,43176,3984,83987,9914,4754,5160
57895,89719,5726,43180,3984,83993,9915,4754,5161
57900,89730,5726,43186,3984,84004,9915,4754,5161
57905,89734,5726,43187,3984,84008,9915,4754,5161
57910,89744,5726,43193,3984,84018,9916,4755,5161
57915,89750,5726,43194,3984,84024,9917,4755,5162
57920,89761,5726,43201,3984,84035,9918,4756,5162
57925,89765,5726,43203,3984,84039,9918,4756,5162
57930,89775,5726,43209,3984,84049,9919,4757,5162
57935,89781,5726,43211,3984,84055,9920,4758,5162
57940,89792,5726,43221,3984,84066,9921,4759,5162
57945,89796,5726,43223,3984,84070,9921,4759,5162
57950,89806,5727,43228,3985,84079,9922,4759,5163
57955,89812,5727,43232,3985,84084,9923,4760,5163
57960,89823,5729,43237,3987,84094,9925,4761,5164
57965,89827,5729,43238,3987,84098,9925,4761,5164
57970,89837,5729,43243,3987,84108,9926,4761,5165
57975,89843,5729,43243,3987,84114,9927,4761,5166
57980,89854,5730,43247,3987,84124,9928,4761,5167
57985,89858,5730,43250,3987,84128,9928,4761,5167
57990,89868,5730,43257,3987,84138,9929,4762,5167
57995,89874,5730,43259,3987,84144,9930,4762,5168
58000,89885,5731,43266,3987,84154,9931,4762,5169
58005,89889,5731,43266,3987,84158,9931,4762,5169
58010,89899,5731,43268,3987,84168,9933,4763,5170
58015,89905,5731,43273,3987,84174,9935,4765,5170
58020,89916,5732,43279,3987,84184,9936,4766,5170
58025,89920,5733,43281,3988,84187,9936,4766,5170
58030,89930,5733,43286,3988,84197,9938,4767,5171
58035,89936,5733,43290,3988,84203,9939,4768,5171
58040,89947,5734,43298,3989,84213,9940,4769,5171
58045,89951,5734,43299,3989,84217,9940,4769,5171
58050,89961,5734,43303,3989,84227,9941,4769,5172
58055,89967,5734,43307,3989,84233,9942,4770,5172
58060,89978,5735,43310,3989,84243,9943,4771,5172
58065,89982,5735,43312,3989,84247,9943,4771,5172
58070,89992,5736,43314,3990,84256,9944,4771,5173
58075,89998,5736,43316,3990,84262,9945,4771,5174
58080,90009,5739,43325,3993,84270,9946,4772,5174
58085,90013,5739,43326,3993,84274,9946,4772,5174
58090,90023,5740,43333,3993,84283,9947,4773,5174
58095,90029,5740,43337,3993,84288,9948,4774,5174
58100,90040,5741,43340,3994,84299,9948,4774,5174
58105,90044,5742,43342,3995,84302,9948,4774,5174
58110,90054,5743,43346,3996,84311,9949,4775,5174
58115,90060,5743,43348,3996,84316,9950,4775,5175
58120,90071,5744,43353,3997,84327,9950,4775,5175
58125,90075,5744,43355,3997,84331,9950,4775,5175
58130,90085,5745,43360,3998,84340,9951,4776,5175
58135,90091,5745,43364,3998,84345,9953,4777,5176
58140,90102,5746,43370,3999,84356,9954,4777,5177
58145,90106,5746,43372,3999,84360,9954,4777,5177
58150,90116,5746,43379,3999,84370,9955,4778,5177
58155,90122,5746,43382,3999,84376,9956,4779,5177
58160,90133,5746,43387,3999,84387,9956,4779,5177
58165,90137,5746,43389,3999,84391,9956,4779,5177
58170,90147,5746,43396,3999,84401,9957,4780,5177
58175,90153,5746,43401,3999,84407,9958,4781,5177
58180,90164,5746,43406,3999,84418,9958,4781,5177
58185,90168,5746,43407,3999,84422,9958,4781,5177
58190,90178,5746,43409,3999,84432,9959,4781,5178
58195,90184,5746,43412,3999,84438,9960,4782,5178
58200,90195,5747,43417,4000,84448,9961,4782,5179
58205,90199,5747,43419,4000,84452,9961,4782,5179
58210,90209,5747,43422,4000,84462,9962,4782,5180
58215,90215,5747,43423,4000,84468,9963,4783,5180
58220,90226,5748,43427,4001,84478,9964,4784,5180
58225,90230,5748,43429,4001,84482,9964,4784,5180
58230,90240,5748,43432,4001,84492,9965,4784,5181
58235,90246,5748,43433,4001,84498,9966,4784,5182
58240,90257,5749,43435,4001,84508,9967,4784,5183
58245,90261,5749,43437,4001,84512,9967,4784,5183
58250,90271,5750,43440,4001,84521,9968,4784,5184
58255,90277,5750,43445,4001,84527,9970,4786,5184
58260,90288,5751,43450,4001,84537,9971,4786,5185
58265,90292,5751,43451,4001,84541,9971,4786,5185
58270,90302,5751,43457,4001,84551,9973,4788,5185
58275,90308,5751,43460,4001,84557,9974,4789,5185
58280,90319,5752,43464,4001,84567,9975,4790,5185
58285,90323,5753,43467,4002,84570,9975,4790,5185
58290,90333,5753,43473,4002,84580,9976,4791,5185
58295,90339,5753,43475,4002,84586,9977,4791,5186
58300,90350,5754,43482,4003,84596,9978,4791,5187
58305,90354,5754,43482,4003,84600,9978,4791,5187
58310,90364,5754,43485,4003,84610,9979,4791,5188
58315,90370,5754,43487,4003,84616,9980,4791,5189
58320,90381,5755,43490,4003,84626,9981,4791,5190
58325,90385,5755,43490,4003,84630,9981,4791,5190
58330,90395,5755,43496,4003,84640,9982,4792,5190
58335,90401,5755,43498,4003,84646,9983,4793,5190
58340,90412,5756,43502,4003,84656,9984,4793,5191
58345,90416,5756,43505,4003,84660,9984,4793,5191
58350,90426,5756,43512,4003,84670,9985,4794,5191
58355,90432,5756,43516,4003,84676,9986,4795,5191
58360,90443,5757,43521,4004,84686,9986,4795,5191
58365,90447,5758,43524,4005,84689,9986,4795,5191
58370,90457,5759,43530,4006,84698,9987,4796,5191
58375,90463,5759,43531,4006,84704,9989,4796,5193
58380,90474,5761,43538,4008,84713,9990,4796,5194
58385,90478,5761,43540,4008,84717,9990,4796,5194
58390,90488,5762,43545,4009,84726,9992,4797,5195
58395,90494,5762,43549,4009,84731,9994,4799,5195
58400,90505,5764,43555,4011,84741,9995,4800,5195
58405,90509,5764,43558,4011,84745,9995,4800,5195
58410,90519,5765,43563,4011,84754,9997,4801,5196
58415,90525,5765,43566,4011,84759,9999,4802,5197
58420,90536,5768,43571,4014,84768,10000,4803,5197
58425,90540,5769,43574,4015,84771,10000,4803,5197
58430,90550,5770,43581,4016,84780,10002,4803,5199
58435,90556,5770,43583,4016,84785,10003,4803,5200
58440,90567,5772,43587,4017,84795,10004,4803,5201
58445,90571,5772,43588,4017,84799,10004,4803,5201
58450,90581,5773,43594,4018,84808,10005,4804,5201
58455,90587,5773,43596,4018,84814,10006,4805,5201
58460,90598,5774,43600,4019,84824,10008,4807,5201
58465,90602,5774,43601,4019,84828,10008,4807,5201
58470,90612,5775,43604,4019,84837,10009,4808,5201
58475,90618,5775,43606,4019,84843,10010,4808,5202
58480,90629,5776,43612,4019,84853,10012,4810,5202
58485,90633,5777,43613,4020,84856,10012,4810,5202
58490,90643,5778,43617,4020,84865,10013,4811,5202
58495,90649,5778,43620,4020,84871,10014,4811,5203
58500,90660,5779,43627,4021,84881,10016,4812,5204
58505,90664,5779,43629,4021,84885,10016,4812,5204
58510,90674,5779,43637,4021,84895,10017,4813,5204
58515,90680,5779,43639,4021,84901,10018,4814,5204
58520,90691,5779,43643,4021,84912,10019,4814,5205
58525,90695,5779,43645,4021,84916,10019,4814,5205
58530,90705,5779,43649,4021,84926,10020,4814,5206
58535,90711,5779,43652,4021,84932,10021,4815,5206
58540,90722,5779,43659,4021,84943,10022,4815,5207
58545,90726,5779,43661,4021,84947,10022,4815,5207
58550,90736,5779,43666,4021,84957,10024,4816,5208
58555,90742,5779,43670,4021,84963,10025,4817,5208
58560,90753,5779,43673,4021,84974,10026,4817,5209
58565,90757,5779,43674,4021,84978,10026,4817,5209
58570,90767,5779,43678,4021,84988,10028,4817,5211
58575,90773,5779,43681,4021,84994,10029,4817,5212
58580,90784,5779,43686,4021,85005,10029,4817,5212
58585,90788,5779,43688,4021,85009,10029,4817,5212
58590,90798,5779,43692,4021,85019,10030,4817,5213
58595,90804,5779,43695,4021,85025,10031,4818,5213
58600,90815,5779,43700,4021,85036,10031,4818,5213
58605,90819,5779,43702,4021,85040,10031,4818,5213
58610,90829,5780,43707,4021,85049,10032,4818,5214
58615,90835,5780,43711,4021,85054,10033,4818,5215
58620,90846,5784,43716,4025,85062,10034,4818,5216
58625,90850,5784,43717,4025,85066,10034,4818,5216
58630,90860,5785,43718,4025,85075,10036,4818,5218
58635,90866,5785,43721,4025,85081,10037,4819,5218
58640,90877,5786,43725,4025,85091,10039,4819,5220
58645,90881,5786,43726,4025,85095,10039,4819,5220
58650,90891,5787,43731,4026,85104,10040,4820,5220
58655,90897,5787,43733,4026,85110,10041,4820,5221
58660,90908,5789,43740,4028,85119,10043,4821,5222
58665,90912,5789,43743,4028,85123,10043,4821,5222
58670,90922,5790,43744,4028,85132,10044,4821,5223
58675,90928,5790,43746,4028,85138,10044,4821,5223
58680,90939,5792,43755,4030,85147,10045,4822,5223
58685,90943,5793,43756,4031,85150,10045,4822,5223
58690,90953,5794,43761,4031,85159,10045,4822,5223
58695,90959,5794,43764,4031,85165,10045,4822,5223
58700,90970,5795,43770,4032,85175,10047,4822,5225
58705,90974,5795,43772,4032,85179,10047,4822,5225
58710,90984,5796,43775,4033,85188,10047,4822,5225
58715,90990,5796,43776,4033,85194,10047,4822,5225
58720,91001,5797,43783,4034,85204,10048,4823,5225
58725,91005,5797,43784,4034,85208,10048,4823,5225
58730,91015,5798,43788,4034,85217,10048,4823,5225
58735,91021,5798,43791,4034,85223,10048,4823,5225
58740,91032,5799,43795,4034,85233,10049,4824,5225
58745,91036,5800,43798,4035,85236,10049,4824,5225
58750,91046,5801,43804,4036,85245,10050,4824,5226
58755,91052,5801,43806,4036,85251,10051,4824,5227
58760,91063,5803,43813,4037,85260,10051,4824,5227
58765,91067,5803,43815,4037,85264,10051,4824,5227
58770,91077,5804,43820,4038,85273,10051,4824,5227
58775,91083,5804,43825,4038,85279,10051,4824,5227
58780,91094,5805,43831,4038,85289,10052,4825,5227
58785,91098,5806,43832,4039,85292,10052,4825,5227
58790,91108,5807,43837,4039,85301,10052,4825,5227
58795,91114,5807,43838,4039,85307,10052,4825,5227
58800,91125,5808,43844,4039,85317,10053,4826,5227
58805,91129,5809,43847,4040,85320,10053,4826,5227
58810,91139,5810,43851,4041,85329,10053,4826,5227
58815,91145,5810,43856,4041,85335,10053,4826,5227
58820,91156,5811,43862,4042,85345,10054,4826,5228
58825,91160,5812,43864,4043,85348,10054,4826,5228
58830,91170,5813,43866,4043,85357,10054,4826,5228
58835,91176,5813,43869,4043,85363,10054,4826,5228
58840,91187,5814,43873,4044,85373,10055,4826,5229
58845,91191,5815,43877,4045,85376,10055,4826,5229
58850,91201,5816,43880,4046,85385,10055,4826,5229
58855,91207,5816,43885,4046,85391,10055,4826,5229
58860,91218,5818,43892,4047,85400,10056,4827,5229
58865,91222,5818,43893,4047,85404,10056,4827,5229
58870,91232,5819,43896,4048,85413,10056,4827,5229
58875,91238,5819,43901,4048,85419,10056,4827,5229
58880,91249,5820,43907,4049,85429,10058,4828,5230
58885,91253,5821,43910,4050,85432,10058,4828,5230
58890,91263,5822,43917,4051,85441,10058,4828,5230
58895,91269,5822,43923,4051,85447,10058,4828,5230
58900,91280,5823,43931,4052,85457,10060,4829,5231
58905,91284,5823,43933,4052,85461,10060,4829,5231
58910,91294,5824,43939,4053,85470,10060,4829,5231
58915,91300,5824,43942,4053,85476,10060,4829,5231
58920,91311,5824,43946,4053,85487,10062,4830,5232
58925,91315,5825,43948,4054,85490,10062,4830,5232
58930,91325,5826,43955,4055,85499,10062,4830,5232
58935,91331,5826,43958,4055,85505,10062,4830,5232
58940,91342,5827,43965,4056,85515,10063,4830,5233
58945,91346,5827,43967,4056,85519,10063,4830,5233
58950,91356,5828,43970,4056,85528,10063,4830,5233
58955,91362,5828,43974,4056,85534,10063,4830,5233
58960,91373,5828,43979,4056,85545,10064,4830,5234
58965,91377,5828,43980,4056,85549,10064,4830,5234
58970,91387,5829,43986,4057,85558,10064,4830,5234
58975,91393,5829,43989,4057,85564,10064,4830,5234
58980,91404,5830,43995,4058,85574,10065,4831,5234
58985,91408,5830,43995,4058,85578,10065,4831,5234
58990,91418,5831,44001,4059,85587,10066,4831,5235
58995,91424,5831,44003,4059,85593,10066,4831,5235
59000,91435,5832,44007,4059,85603,10066,4831,5235
59005,91439,5833,44009,4060,85606,10066,4831,5235
59010,91449,5834,44012,4060,85615,10066,4831,5235
59015,91455,5834,44014,4060,85621,10066,4831,5235
59020,91466,5835,44019,4061,85631,10066,4831,5235
59025,91470,5836,44022,4062,85634,10066,4831,5235
59030,91480,5837,44030,4063,85643,10066,4831,5235
59035,91486,5837,44035,4063,85649,10066,4831,5235
59040,91497,5838,44041,4064,85659,10067,4831,5236
59045,91501,5838,44042,4064,85663,10067,4831,5236
59050,91511,5839,44047,4065,85672,10067,4831,5236
59055,91517,5839,44049,4065,85678,10067,4831,5236
59060,91528,5840,44054,4066,85688,10068,4831,5237
59065,91532,5841,44056,4067,85691,10068,4831,5237
59070,91542,5842,44061,4068,85700,10068,4831,5237
59075,91548,5842,44065,4068,85706,10068,4831,5237
59080,91559,5844,44072,4070,85715,10069,4831,5238
59085,91563,5844,44074,4070,85719,10069,4831,5238
59090,91573,5845,44078,4071,85728,10069,4831,5238
59095,91579,5845,44080,4071,85734,10069,4831,5238
59100,91590,5846,44084,4071,85744,10071,4832,5239
59105,91594,5847,44085,4072,85747,10071,4832,5239
59110,91604,5848,44091,4073,85756,10072,4833,5239
59115,91610,5848,44094,4073,85762,10072,4833,5239
59120,91621,5850,44100,4074,85771,10074,4835,5239
59125,91625,5851,44101,4075,85774,10074,4835,5239
59130,91635,5852,44105,4075,85783,10075,4835,5240
59135,91641,5852,44109,4075,85789,10076,4835,5241
59140,91652,5853,44114,4076,85799,10078,4837,5241
59145,91656,5855,44116,4078,85801,10078,4837,5241
59150,91666,5856,44120,4079,85810,10079,4837,5242
59155,91672,5856,44124,4079,85816,10080,4838,5242
59160,91683,5858,44128,4080,85825,10082,4840,5242
59165,91687,5859,44129,4081,85828,10082,4840,5242
59170,91697,5860,44136,4082,85837,10082,4840,5242
59175,91703,5860,44140,4082,85843,10082,4840,5242
59180,91714,5861,44141,4082,85853,10084,4840,5244
59185,91718,5862,44142,4083,85856,10084,4840,5244
59190,91728,5863,44144,4083,85865,10084,4840,5244
59195,91734,5863,44146,4083,85871,10084,4840,5244
59200,91745,5864,44154,4084,85881,10086,4842,5244
59205,91749,5865,44157,4085,85884,10086,4842,5244
59210,91759,5866,44162,4085,85893,10086,4842,5244
59215,91765,5866,44165,4085,85899,10086,4842,5244
59220,91776,5868,44172,4087,85908,10088,4842,5246
59225,91780,5868,44174,4087,85912,10088,4842,5246
59230,91790,5869,44178,4088,85921,10088,4842,5246
59235,91796,5869,44182,4088,85927,10088,4842,5246
59240,91807,5870,44188,4089,85937,10089,4843,5246
59245,91811,5870,44190,4089,85941,10089,4843,5246
59250,91821,5871,44197,4089,85950,10089,4843,5246
59255,91827,5871,44202,4089,85956,10089,4843,5246
59260,91838,5871,44205,4089,85967,10090,4844,5246
59265,91842,5871,44208,4089,85971,10090,4844,5246
59270,91852,5872,44211,4090,85980,10091,4844,5247
59275,91858,5872,44212,4090,85986,10092,4844,5248
59280,91869,5872,44215,4090,85997,10093,4845,5248
59285,91873,5872,44217,4090,86001,10093,4845,5248
59290,91883,5873,44222,4090,86010,10093,4845,5248
59295,91889,5873,44225,4090,86016,10093,4845,5248
59300,91900,5873,44229,4090,86027,10093,4845,5248
59305,91904,5874,44233,4091,86030,10093,4845,5248
59310,91914,5875,44239,4092,86039,10093,4845,5248
59315,91920,5875,44245,4092,86045,10093,4845,5248
59320,91931,5875,44247,4092,86056,10093,4845,5248
59325,91935,5876,44250,4093,86059,10093,4845,5248
59330,91945,5877,44255,4093,86068,10093,4845,5248
59335,91951,5877,44257,4093,86074,10093,4845,5248
59340,91962,5877,44262,4093,86085,10093,4845,5248
59345,91966,5877,44263,4093,86089,10093,4845,5248
59350,91976,5878,44268,4094,86098,10093,4845,5248
59355,91982,5878,44271,4094,86104,10093,4845,5248
59360,91993,5878,44275,4094,86115,10093,4845,5248
59365,91997,5878,44275,4094,86119,10093,4845,5248
59370,92007,5879,44280,4095,86128,10093,4845,5248
59375,92013,5879,44284,4095,86134,10093,4845,5248
59380,92024,5879,44288,4095,86145,10093,4845,5248
59385,92028,5879,44289,4095,86149,10093,4845,5248
59390,92038,5880,44295,4095,86158,10093,4845,5248
59395,92044,5880,44300,4095,86164,10093,4845,5248
59400,92055,5881,44304,4096,86174,10095,4846,5249
59405,92059,5881,44305,4096,86178,10095,4846,5249
59410,92069,5882,44309,4096,86187,10096,4847,5249
59415,92075,5882,44310,4096,86193,10097,4847,5250
59420,92086,5883,44315,4097,86203,10098,4847,5251
59425,92090,5884,44317,4098,86206,10098,4847,5251
59430,92100,5885,44321,4099,86215,10098,4847,5251
59435,92106,5885,44321,4099,86221,10098,4847,5251
59440,92117,5887,44327,4101,86230,10099,4848,5251
59445,92121,5888,44329,4102,86233,10099,4848,5251
59450,92131,5889,44333,4102,86242,10099,4848,5251
59455,92137,5889,44336,4102,86248,10099,4848,5251
59460,92148,5890,44340,4103,86258,10100,4848,5252
59465,92152,5890,44340,4103,86262,10100,4848,5252
59470,92162,5891,44343,4103,86271,10100,4848,5252
59475,92168,5891,44346,4103,86277,10100,4848,5252
59480,92179,5892,44352,4104,86287,10102,4849,5253
59485,92183,5894,44356,4106,86289,10102,4849,5253
59490,92193,5895,44361,4106,86298,10102,4849,5253
59495,92199,5895,44363,4106,86304,10102,4849,5253
59500,92210,5896,44369,4107,86314,10104,4849,5255
59505,92214,5896,44371,4107,86318,10104,4849,5255
59510,92224,5897,44374,4107,86327,10104,4849,5255
59515,92230,5897,44375,4107,86333,10104,4849,5255
59520,92241,5898,44380,4107,86343,10106,4850,5256
59525,92245,5898,44380,4107,86347,10106,4850,5256
59530,92255,5899,44384,4108,86356,10106,4850,5256
59535,92261,5899,44384,4108,86362,10106,4850,5256
59540,92272,5901,44390,4110,86371,10107,4850,5257
59545,92276,5901,44393,4110,86375,10107,4850,5257
59550,92286,5902,44396,4110,86384,10107,4850,5257
59555,92292,5902,44398,4110,86390,10107,4850,5257
59560,92303,5904,44405,4111,86399,10108,4851,5257
59565,92307,5905,44409,4112,86402,10108,4851,5257
59570,92317,5906,44416,4112,86411,10108,4851,5257
59575,92323,5906,44418,4112,86417,10108,4851,5257
59580,92334,5908,44423,4113,86426,10109,4852,5257
59585,92338,5908,44425,4113,86430,10109,4852,5257
59590,92348,5909,44429,4113,86439,10109,4852,5257
59595,92354,5909,44432,4113,86445,10109,4852,5257
59600,92365,5910,44436,4114,86455,10109,4852,5257
59605,92369,5910,44439,4114,86459,10109,4852,5257
59610,92379,5911,44444,4114,86468,10109,4852,5257
59615,92385,5911,44446,4114,86474,10109,4852,5257
59620,92396,5912,44452,4115,86484,10109,4852,5257
59625,92400,5912,44453,4115,86488,10109,4852,5257
59630,92410,5913,44459,4116,86497,10110,4852,5258
59635,92416,5913,44462,4116,86503,10110,4852,5258
59640,92427,5913,44465,4116,86514,10111,4853,5258
59645,92431,5913,44466,4116,86518,10111,4853,5258
59650,92441,5914,44470,4116,86527,10112,4854,5258
59655,92447,5914,44473,4116,86533,10113,4854,5259
59660,92458,5914,44477,4116,86544,10114,4854,5260
59665,92462,5914,44478,4116,86548,10114,4854,5260
59670,92472,5915,44481,4117,86557,10114,4854,5260
59675,92478,5915,44483,4117,86563,10114,4854,5260
59680,92489,5915,44488,4117,86574,10115,4855,5260
59685,92493,5916,44491,4118,86577,10115,4855,5260
59690,92503,5917,44496,4118,86586,10115,4855,5260
59695,92509,5917,44500,4118,86592,10115,4855,5260
59700,92520,5918,44507,4118,86602,10117,4857,5260
59705,92524,5920,44510,4120,86604,10117,4857,5260
59710,92534,5921,44514,4121,86613,10117,4857,5260
59715,92540,5921,44514,4121,86619,10117,4857,5260
59720,92551,5923,44520,4122,86628,10119,4858,5261
59725,92555,5924,44522,4123,86631,10119,4858,5261
59730,92565,5925,44528,4123,86640,10119,4858,5261
59735,92571,5925,44532,4123,86646,10119,4858,5261
59740,92582,5928,44538,4125,86654,10121,4858,5263
59745,92586,5928,44538,4125,86658,10121,4858,5263
59750,92596,5929,44543,4126,86667,10121,4858,5263
59755,92602,5929,44545,4126,86673,10121,4858,5263
59760,92613,5932,44550,4129,86681,10123,4859,5264
59765,92617,5932,44552,4129,86685,10123,4859,5264
59770,92627,5933,44558,4129,86694,10123,4859,5264
59775,92633,5933,44559,4129,86700,10124,4859,5265
59780,92644,5933,44561,4129,86711,10125,4860,5265
59785,92648,5933,44561,4129,86715,10125,4860,5265
59790,92658,5934,44564,4129,86724,10125,4860,5265
59795,92664,5934,44566,4129,86730,10126,4861,5265
59800,92675,5934,44574,4129,86741,10127,4861,5266
59805,92679,5934,44575,4129,86745,10127,4861,5266
59810,92689,5935,44580,4130,86754,10127,4861,5266
59815,92695,5935,44583,4130,86760,10127,4861,5266
59820,92706,5935,44587,4130,86771,10128,4861,5267
59825,92710,5935,44588,4130,86775,10128,4861,5267
59830,92720,5936,44592,4131,86784,10128,4861,5267
59835,92726,5936,44593,4131,86790,10128,4861,5267
59840,92737,5936,44597,4131,86801,10129,4861,5268
59845,92741,5936,44599,4131,86805,10129,4861,5268
59850,92751,5937,44604,4131,86814,10129,4861,5268
59855,92757,5937,44606,4131,86820,10129,4861,5268
59860,92768,5937,44611,4131,86831,10130,4861,5269
59865,92772,5937,44612,4131,86835,10130,4861,5269
59870,92782,5938,44617,4132,86844,10130,4861,5269
59875,92788,5938,44621,4132,86850,10130,4861,5269
59880,92799,5940,44625,4133,86859,10131,4862,5269
59885,92803,5941,44626,4134,86862,10131,4862,5269
59890,92813,5942,44629,4134,86871,10132,4863,5269
59895,92819,5942,44630,4134,86877,10132,4863,5269
59900,92830,5944,44637,4136,86886,10132,4863,5269
59905,92834,5944,44639,4136,86890,10132,4863,5269
59910,92844,5945,44645,4137,86899,10133,4863,5270
59915,92850,5945,44646,4137,86905,10133,4863,5270
59920,92861,5946,44650,4137,86915,10133,4863,5270
59925,92865,5946,44651,4137,86919,10133,4863,5270
59930,92875,5947,44655,4138,86928,10134,4864,5270
59935,92881,5947,44659,4138,86934,10134,4864,5270
59940,92892,5949,44663,4140,86943,10134,4864,5270
59945,92896,5950,44666,4141,86946,10134,4864,5270
59950,92906,5951,44670,4142,86955,10134,4864,5270
59955,92912,5951,44674,4142,86961,10134,4864,5270
59960,92923,5952,44678,4142,86971,10134,4864,5270
59965,92927,5953,44680,4143,86974,10134,4864,5270
59970,92937,5954,44681,4144,86983,10134,4864,5270
59975,92943,5954,44686,4144,86989,10134,4864,5270
59980,92954,5955,44691,4145,86999,10135,4864,5271
59985,92958,5956,44694,4146,87002,10135,4864,5271
59990,92968,5957,44701,4147,87011,10135,4864,5271
59995,92974,5957,44703,4147,87017,10135,4864,5271
60000,92985,5958,44705,4147,87027,10137,4865,5272
60005,92989,5958,44707,4147,87031,10137,4865,5272
60010,92999,5959,44710,4147,87040,10137,4865,5272
60015,93005,5959,44712,4147,87046,10138,4865,5273
60020,93016,5961,44716,4148,87055,10140,4865,5275
60025,93020,5961,44717,4148,87059,10140,4865,5275
60030,93030,5962,44722,4148,87068,10140,4865,5275
60035,93036,5962,44723,4148,87074,10141,4865,5276
60040,93047,5964,44728,4149,87083,10143,4866,5277
60045,93051,5964,44729,4149,87087,10143,4866,5277
60050,93061,5965,44735,4149,87096,10143,4866,5277
60055,93067,5965,44738,4149,87102,10144,4867,5277
60060,93078,5968,44744,4152,87110,10146,4868,5278
60065,93082,5968,44745,4152,87114,10146,4868,5278
60070,93092,5969,44751,4153,87123,10146,4868,5278
60075,93098,5969,44756,4153,87129,10147,4869,5278
60080,93109,5971,44762,4155,87138,10148,4869,5279
60085,93113,5971,44763,4155,87142,10148,4869,5279
60090,93123,5972,44769,4156,87151,10148,4869,5279
60095,93129,5972,44772,4156,87157,10149,4869,5280
60100,93140,5973,44777,4156,87167,10150,4870,5280
60105,93144,5973,44778,4156,87171,10150,4870,5280
60110,93154,5974,44780,4157,87180,10151,4870,5281
60115,93160,5974,44783,4157,87186,10151,4870,5281
60120,93171,5976,44791,4158,87195,10152,4870,5282
60125,93175,5976,44793,4158,87199,10152,4870,5282
60130,93185,5977,44798,4158,87208,10152,4870,5282
60135,93191,5977,44799,4158,87214,10152,4870,5282
60140,93202,5978,44805,4158,87224,10154,4872,5282
60145,93206,5979,44808,4159,87227,10154,4872,5282
60150,93216,5980,44812,4159,87236,10154,4872,5282
60155,93222,5980,44814,4159,87242,10154,4872,5282
60160,93233,5981,44819,4159,87252,10154,4872,5282
60165,93237,5981,44821,4159,87256,10154,4872,5282
60170,93247,5982,44824,4160,87265,10154,4872,5282
60175,93253,5982,44828,4160,87271,10154,4872,5282
60180,93264,5985,44835,4163,87279,10154,4872,5282
60185,93268,5985,44837,4163,87283,10154,4872,5282
60190,93278,5986,44842,4164,87292,10154,4872,5282
60195,93284,5986,44845,4164,87298,10154,4872,5282
60200,93295,5988,44851,4166,87307,10154,4872,5282
60205,93299,5988,44854,4166,87311,10154,4872,5282
60210,93309,5989,44859,4166,87320,10154,4872,5282
60215,93315,5989,44863,4166,87326,10154,4872,5282
60220,93326,5991,44868,4167,87335,10154,4872,5282
60225,93330,5991,44870,4167,87339,10154,4872,5282
60230,93340,5992,44874,4168,87348,10154,4872,5282
60235,93346,5992,44875,4168,87354,10155,4872,5283
60240,93357,5995,44883,4171,87362,10155,4872,5283
60245,93361,5995,44886,4171,87366,10155,4872,5283
60250,93371,5996,44889,4171,87375,10155,4872,5283
60255,93377,5996,44893,4171,87381,10156,4873,5283
60260,93388,5998,44899,4173,87390,10157,4873,5284
60265,93392,5998,44900,4173,87394,10157,4873,5284
60270,93402,5999,44907,4174,87403,10157,4873,5284
60275,93408,5999,44911,4174,87409,10158,4873,5285
60280,93419,6002,44918,4176,87417,10159,4874,5285
60285,93423,6002,44920,4176,87421,10159,4874,5285
60290,93433,6003,44923,4176,87430,10159,4874,5285
60295,93439,6003,44925,4176,87436,10159,4874,5285
60300,93450,6004,44929,4176,87446,10160,4874,5286
60305,93454,6005,44932,4177,87449,10160,4874,5286
60310,93464,6006,44938,4178,87458,10160,4874,5286
60315,93470,6006,44943,4178,87464,10160,4874,5286
60320,93481,6008,44950,4180,87473,10161,4875,5286
60325,93485,6009,44953,4181,87476,10161,4875,5286
60330,93495,6010,44957,4182,87485,10161,4875,5286
60335,93501,6010,44959,4182,87491,10161,4875,5286
60340,93512,6012,44967,4184,87500,10162,4876,5286
60345,93516,6013,44969,4185,87503,10162,4876,5286
60350,93526,6014,44973,4186,87512,10162,4876,5286
60355,93532,6014,44977,4186,87518,10162,4876,5286
60360,93543,6016,44985,4188,87527,10163,4877,5286
60365,93547,6017,44988,4189,87530,10163,4877,5286
60370,93557,6018,44994,4190,87539,10163,4877,5286
60375,93563,6018,44997,4190,87545,10164,4877,5287
60380,93574,6020,45002,4191,87554,10165,4877,5288
60385,93578,6021,45005,4192,87557,10165,4877,5288
60390,93588,6022,45009,4192,87566,10165,4877,5288
60395,93594,6022,45013,4192,87572,10166,4878,5288
60400,93605,6024,45019,4194,87581,10167,4879,5288
60405,93609,6025,45020,4195,87584,10167,4879,5288
60410,93619,6026,45025,4195,87593,10167,4879,5288
60415,93625,6026,45028,4195,87599,10168,4879,5289
60420,93636,6028,45033,4196,87608,10169,4880,5289
60425,93640,6028,45034,4196,87612,10169,4880,5289
60430,93650,6029,45037,4196,87621,10169,4880,5289
60435,93656,6029,45039,4196,87627,10169,4880,5289
60440,93667,6032,45045,4199,87635,10169,4880,5289
60445,93671,6032,45048,4199,87639,10169,4880,5289
60450,93681,6033,45053,4199,87648,10169,4880,5289
60455,93687,6033,45058,4199,87654,10169,4880,5289
60460,93698,6035,45063,4201,87663,10169,4880,5289
60465,93702,6035,45065,4201,87667,10169,4880,5289
60470,93712,6036,45070,4201,87676,10169,4880,5289
60475,93718,6036,45072,4201,87682,10169,4880,5289
60480,93729,6038,45078,4203,87691,10169,4880,5289
60485,93733,6038,45081,4203,87695,10169,4880,5289
60490,93743,6039,45085,4204,87704,10169,4880,5289
60495,93749,6039,45089,4204,87710,10169,4880,5289
60500,93760,6041,45095,4206,87719,10169,4880,5289
60505,93764,6041,45097,4206,87723,10169,4880,5289
60510,93774,6042,45101,4206,87732,10169,4880,5289
60515,93780,6042,45103,4206,87738,10169,4880,5289
60520,93791,6044,45107,4207,87747,10169,4880,5289
60525,93795,6045,45110,4208,87750,10169,4880,5289
60530,93805,6046,45117,4208,87759,10169,4880,5289
60535,93811,6046,45120,4208,87765,10169,4880,5289
60540,93822,6048,45126,4210,87774,10170,4880,5290
60545,93826,6049,45128,4210,87777,10170,4880,5290
60550,93836,6050,45132,4211,87786,10170,4880,5290
60555,93842,6050,45134,4211,87792,10170,4880,5290
60560,93853,6053,45136,4212,87800,10171,4880,5291
60565,93857,6054,45137,4212,87803,10171,4880,5291
60570,93867,6055,45142,4212,87812,10171,4880,5291
60575,93873,6055,45147,4212,87818,10171,4880,5291
60580,93884,6058,45155,4215,87826,10172,4880,5292
60585,93888,6059,45157,4215,87829,10172,4880,5292
60590,93898,6060,45165,4216,87838,10172,4880,5292
60595,93904,6060,45170,4216,87844,10173,4881,5292
60600,93915,6062,45173,4217,87853,10174,4881,5293
60605,93919,6063,45173,4217,87856,10174,4881,5293
60610,93929,6064,45180,4218,87865,10174,4881,5293
60615,93935,6064,45184,4218,87871,10174,4881,5293
60620,93946,6067,45189,4219,87879,10175,4881,5294
60625,93950,6068,45191,4220,87882,10175,4881,5294
60630,93960,6069,45195,4221,87891,10175,4881,5294
60635,93966,6069,45198,4221,87897,10175,4881,5294
60640,93977,6071,45204,4223,87906,10176,4882,5294
60645,93981,6072,45206,4224,87909,10176,4882,5294
60650,93991,6073,45211,4224,87918,10177,4882,5295
60655,93997,6073,45214,4224,87924,10177,4882,5295
60660,94008,6075,45221,4226,87933,10178,4882,5296
60665,94012,6075,45223,4226,87937,10178,4882,5296
60670,94022,6076,45227,4227,87946,10178,4882,5296
60675,94028,6076,45230,4227,87952,10178,4882,5296
60680,94039,6077,45237,4227,87962,10178,4882,5296
60685,94043,6077,45239,4227,87966,10178,4882,5296
60690,94053,6078,45242,4227,87975,10178,4882,5296
60695,94059,6078,45243,4227,87981,10178,4882,5296
60700,94070,6079,45250,4227,87991,10178,4882,5296
60705,94074,6079,45252,4227,87995,10178,4882,5296
60710,94084,6080,45258,4228,88004,10178,4882,5296
60715,94090,6080,45260,4228,88010,10178,4882,5296
60720,94101,6081,45267,4229,88020,10178,4882,5296
60725,94105,6081,45270,4229,88024,10178,4882,5296
60730,94115,6082,45275,4230,88033,10179,4882,5297
60735,94121,6082,45278,4230,88039,10179,4882,5297
60740,94132,6084,45283,4231,88048,10179,4882,5297
60745,94136,6084,45284,4231,88052,10179,4882,5297
60750,94146,6085,45289,4232,88061,10180,4883,5297
60755,94152,6085,45293,4232,88067,10180,4883,5297
60760,94163,6087,45297,4234,88076,10180,4883,5297
60765,94167,6087,45301,4234,88080,10180,4883,5297
60770,94177,6088,45304,4235,88089,10181,4884,5297
60775,94183,6088,45307,4235,88095,10181,4884,5297
60780,94194,6090,45314,4236,88104,10182,4885,5297
60785,94198,6091,45315,4237,88107,10182,4885,5297
60790,94208,6092,45319,4238,88116,10182,4885,5297
60795,94214,6092,45321,4238,88122,10183,4885,5298
60800,94225,6094,45327,4239,88131,10184,4885,5299
60805,94229,6095,45328,4239,88134,10184,4885,5299
60810,94239,6096,45333,4240,88143,10184,4885,5299
60815,94245,6096,45335,4240,88149,10184,4885,5299
60820,94256,6098,45341,4242,88158,10185,4885,5300
60825,94260,6099,45343,4243,88161,10185,4885,5300
60830,94270,6100,45351,4244,88170,10185,4885,5300
60835,94276,6100,45354,4244,88176,10185,4885,5300
60840,94287,6101,45357,4244,88186,10186,4885,5301
60845,94291,6101,45359,4244,88190,10186,4885,5301
60850,94301,6102,45365,4245,88199,10186,4885,5301
60855,94307,6102,45368,4245,88205,10186,4885,5301
60860,94318,6103,45376,4246,88215,10186,4885,5301
60865,94322,6103,45378,4246,88219,10186,4885,5301
60870,94332,6104,45383,4247,88228,10186,4885,5301
60875,94338,6104,45388,4247,88234,10186,4885,5301
60880,94349,6105,45393,4248,88244,10186,4885,5301
60885,94353,6105,45394,4248,88248,10186,4885,5301
60890,94363,6106,45400,4248,88257,10186,4885,5301
60895,94369,6106,45402,4248,88263,10186,4885,5301
60900,94380,6108,45406,4249,88272,10186,4885,5301
60905,94384,6108,45408,4249,88276,10186,4885,5301
60910,94394,6109,45413,4249,88285,10186,4885,5301
60915,94400,6109,45418,4249,88291,10186,4885,5301
60920,94411,6112,45422,4250,88299,10186,4885,5301
60925,94415,6112,45424,4250,88303,10186,4885,5301
60930,94425,6113,45429,4250,88312,10186,4885,5301
60935,94431,6113,45432,4250,88318,10186,4885,5301
60940,94442,6116,45436,4252,88326,10186,4885,5301
60945,94446,6117,45439,4253,88329,10186,4885,5301
60950,94456,6118,45448,4254,88338,10186,4885,5301
60955,94462,6118,45452,4254,88344,10187,4886,5301
60960,94473,6121,45457,4256,88352,10188,4886,5302
60965,94477,6122,45460,4256,88355,10188,4886,5302
60970,94487,6123,45463,4256,88364,10188,4886,5302
60975,94493,6123,45468,4256,88370,10189,4887,5302
60980,94504,6124,45469,4256,88380,10190,4887,5303
60985,94508,6125,45472,4257,88383,10190,4887,5303
60990,94518,6126,45473,4257,88392,10190,4887,5303
60995,94524,6126,45476,4257,88398,10191,4888,5303
61000,94535,6127,45484,4258,88408,10192,4889,5303
61005,94539,6128,45487,4259,88411,10192,4889,5303
61010,94549,6129,45491,4260,88420,10192,4889,5303
61015,94555,6129,45493,4260,88426,10193,4889,5304
61020,94566,6131,45500,4261,88435,10194,4890,5304
61025,94570,6132,45500,4261,88438,10194,4890,5304
61030,94580,6133,45505,4261,88447,10194,4890,5304
61035,94586,6133,45508,4261,88453,10195,4891,5304
61040,94597,6135,45516,4262,88462,10196,4892,5304
61045,94601,6136,45519,4263,88465,10196,4892,5304
61050,94611,6137,45523,4263,88474,10196,4892,5304
61055,94617,6137,45527,4263,88480,10197,4893,5304
61060,94628,6138,45528,4263,88490,10198,4893,5305
61065,94632,6139,45529,4264,88493,10198,4893,5305
61070,94642,6140,45534,4264,88502,10199,4893,5306
61075,94648,6140,45539,4264,88508,10199,4893,5306
61080,94659,6142,45544,4264,88517,10200,4894,5306
61085,94663,6142,45548,4264,88521,10200,4894,5306
61090,94673,6143,45551,4265,88530,10200,4894,5306
61095,94679,6143,45554,4265,88536,10200,4894,5306
61100,94690,6146,45560,4267,88544,10200,4894,5306
61105,94694,6146,45561,4267,88548,10200,4894,5306
61110,94704,6147,45566,4267,88557,10200,4894,5306
61115,94710,6147,45568,4267,88563,10200,4894,5306
61120,94721,6149,45572,4267,88572,10200,4894,5306
61125,94725,6149,45574,4267,88576,10200,4894,5306
61130,94735,6150,45579,4268,88585,10200,4894,5306
61135,94741,6150,45582,4268,88591,10200,4894,5306
61140,94752,6152,45589,4269,88600,10200,4894,5306
61145,94756,6153,45592,4270,88603,10200,4894,5306
61150,94766,6154,45597,4270,88612,10200,4894,5306
61155,94772,6154,45599,4270,88618,10201,4894,5307
61160,94783,6156,45604,4272,88627,10202,4894,5308
61165,94787,6157,45606,4272,88630,10202,4894,5308
61170,94797,6158,45613,4273,88639,10202,4894,5308
61175,94803,6158,45617,4273,88645,10203,4895,5308
61180,94814,6160,45621,4273,88654,10204,4896,5308
61185,94818,6161,45623,4273,88657,10204,4896,5308
61190,94828,6162,45630,4274,88666,10204,4896,5308
61195,94834,6162,45634,4274,88672,10205,4896,5309
61200,94845,6164,45641,4276,88681,10206,4896,5310
61205,94849,6164,45643,4276,88685,10206,4896,5310
61210,94859,6165,45645,4276,88694,10206,4896,5310
61215,94865,6165,45648,4276,88700,10207,4896,5311
61220,94876,6166,45653,4276,88710,10207,4896,5311
61225,94880,6166,45654,4276,88714,10207,4896,5311
61230,94890,6167,45658,4277,88723,10207,4896,5311
61235,94896,6167,45664,4277,88729,10207,4896,5311
61240,94907,6168,45669,4277,88739,10207,4896,5311
61245,94911,6168,45672,4277,88743,10207,4896,5311
61250,94921,6169,45679,4277,88752,10207,4896,5311
61255,94927,6169,45681,4277,88758,10207,4896,5311
61260,94938,6170,45687,4277,88768,10207,4896,5311
61265,94942,6170,45690,4277,88772,10207,4896,5311
61270,94952,6171,45696,4278,88781,10207,4896,5311
61275,94958,6171,45699,4278,88787,10207,4896,5311
61280,94969,6172,45706,4279,88797,10207,4896,5311
61285,94973,6172,45708,4279,88801,10207,4896,5311
61290,94983,6173,45714,4280,88810,10207,4896,5311
61295,94989,6173,45720,4280,88816,10207,4896,5311
61300,95000,6175,45726,4281,88825,10207,4896,5311
61305,95004,6175,45728,4281,88829,10207,4896,5311
61310,95014,6176,45732,4282,88838,10207,4896,5311
61315,95020,6176,45735,4282,88844,10207,4896,5311
61320,95031,6178,45737,4283,88853,10208,4896,5312
61325,95035,6179,45739,4283,88856,10208,4896,5312
61330,95045,6180,45746,4284,88865,10208,4896,5312
61335,95051,6180,45750,4284,88871,10208,4896,5312
61340,95062,6183,45757,4287,88879,10209,4897,5312
61345,95066,6184,45758,4287,88882,10209,4897,5312
61350,95076,6185,45766,4287,88891,10210,4898,5312
61355,95082,6185,45768,4287,88897,10210,4898,5312
61360,95093,6187,45774,4288,88906,10211,4898,5313
61365,95097,6188,45775,4288,88909,10211,4898,5313
61370,95107,6189,45780,4289,88918,10212,4899,5313
61375,95113,6189,45785,4289,88924,10212,4899,5313
61380,95124,6192,45789,4290,88932,10213,4899,5314
61385,95128,6192,45791,4290,88936,10213,4899,5314
61390,95138,6193,45794,4290,88945,10213,4899,5314
61395,95144,6193,45797,4290,88951,10214,4900,5314
61400,95155,6195,45802,4292,88960,10214,4900,5314
61405,95159,6195,45804,4292,88964,10214,4900,5314
61410,95169,6196,45809,4292,88973,10214,4900,5314
61415,95175,6196,45811,4292,88979,10215,4901,5314
61420,95186,6198,45815,4294,88988,10215,4901,5314
61425,95190,6198,45816,4294,88992,10215,4901,5314
61430,95200,6199,45818,4294,89001,10215,4901,5314
61435,95206,6199,45820,4294,89007,10216,4901,5315
61440,95217,6201,45826,4294,89016,10216,4901,5315
61445,95221,6202,45827,4294,89019,10216,4901,5315
61450,95231,6203,45830,4294,89028,10216,4901,5315
61455,95237,6203,45832,4294,89034,10216,4901,5315
61460,95248,6205,45837,4296,89043,10217,4901,5316
61465,95252,6206,45838,4296,89046,10217,4901,5316
61470,95262,6207,45847,4297,89055,10217,4901,5316
61475,95268,6207,45850,4297,89061,10217,4901,5316
61480,95279,6208,45854,4298,89071,10218,4901,5317
61485,95283,6209,45856,4298,89074,10218,4901,5317
61490,95293,6210,45863,4299,89083,10218,4901,5317
61495,95299,6210,45867,4299,89089,10218,4901,5317
61500,95310,6212,45875,4301,89098,10219,4901,5318
61505,95314,6212,45878,4301,89102,10219,4901,5318
61510,95324,6213,45881,4301,89111,10220,4901,5319
61515,95330,6213,45883,4301,89117,10220,4901,5319
61520,95341,6214,45888,4301,89127,10220,4901,5319
61525,95345,6214,45889,4301,89131,10220,4901,5319
61530,95355,6215,45892,4301,89140,10221,4902,5319
61535,95361,6215,45895,4301,89146,10221,4902,5319
61540,95372,6216,45898,4301,89156,10221,4902,5319
61545,95376,6216,45899,4301,89160,10221,4902,5319
61550,95386,6217,45905,4302,89169,10222,4902,5320
61555,95392,6217,45907,4302,89175,10223,4903,5320
61560,95403,6220,45914,4305,89183,10223,4903,5320
61565,95407,6220,45917,4305,89187,10223,4903,5320
61570,95417,6221,45921,4305,89196,10223,4903,5320
61575,95423,6221,45923,4305,89202,10224,4903,5321
61580,95434,6224,45930,4308,89210,10224,4903,5321
61585,95438,6224,45933,4308,89214,10224,4903,5321
61590,95448,6225,45937,4308,89223,10224,4903,5321
61595,95454,6225,45939,4308,89229,10225,4903,5322
61600,95465,6228,45948,4310,89237,10225,4903,5322
61605,95469,6229,45952,4311,89240,10225,4903,5322
61610,95479,6230,45959,4312,89249,10225,4903,5322
61615,95485,6230,45963,4312,89255,10226,4903,5323
61620,95496,6233,45967,4313,89263,10227,4904,5323
61625,95500,6234,45969,4314,89266,10227,4904,5323
61630,95510,6235,45973,4314,89275,10227,4904,5323
61635,95516,6235,45977,4314,89281,10227,4904,5323
61640,95527,6237,45981,4314,89290,10228,4904,5324
61645,95531,6238,45983,4314,89293,10228,4904,5324
61650,95541,6239,45987,4315,89302,10228,4904,5324
61655,95547,6239,45990,4315,89308,10228,4904,5324
61660,95558,6241,45995,4315,89317,10229,4905,5324
61665,95562,6242,45997,4316,89320,10229,4905,5324
61670,95572,6243,46003,4316,89329,10229,4905,5324
61675,95578,6243,46006,4316,89335,10229,4905,5324
61680,95589,6245,46011,4317,89344,10230,4905,5325
61685,95593,6245,46013,4317,89348,10230,4905,5325
61690,95603,6246,46019,4317,89357,10231,4906,5325
61695,95609,6246,46022,4317,89363,10231,4906,5325
61700,95620,6249,46028,4318,89371,10231,4906,5325
61705,95624,6249,46031,4318,89375,10231,4906,5325
61710,95634,6250,46036,4319,89384,10232,4906,5326
61715,95640,6250,46036,4319,89390,10232,4906,5326
61720,95651,6253,46043,4321,89398,10232,4906,5326
61725,95655,6253,46046,4321,89402,10232,4906,5326
61730,95665,6254,46050,4321,89411,10233,4906,5327
61735,95671,6254,46055,4321,89417,10233,4906,5327
61740,95682,6257,46063,4323,89425,10233,4906,5327
61745,95686,6258,46065,4323,89428,10233,4906,5327
61750,95696,6259,46069,4323,89437,10234,4907,5327
61755,95702,6259,46072,4323,89443,10234,4907,5327
61760,95713,6261,46078,4324,89452,10235,4908,5327
61765,95717,6262,46081,4325,89455,10235,4908,5327
61770,95727,6263,46085,4325,89464,10236,4908,5328
61775,95733,6263,46088,4325,89470,10236,4908,5328
61780,95744,6265,46093,4325,89479,10237,4909,5328
61785,95748,6266,46095,4325,89482,10237,4909,5328
61790,95758,6267,46100,4326,89491,10238,4909,5329
61795,95764,6267,46104,4326,89497,10238,4909,5329
61800,95775,6269,46112,4328,89506,10239,4910,5329
61805,95779,6269,46115,4328,89510,10239,4910,5329
61810,95789,6270,46118,4329,89519,10239,4910,5329
61815,95795,6270,46121,4329,89525,10239,4910,5329
61820,95806,6272,46128,4329,89534,10239,4910,5329
61825,95810,6272,46130,4329,89538,10239,4910,5329
61830,95820,6273,46136,4329,89547,10239,4910,5329
61835,95826,6273,46140,4329,89553,10239,4910,5329
61840,95837,6275,46146,4331,89562,10239,4910,5329
61845,95841,6275,46147,4331,89566,10239,4910,5329
61850,95851,6276,46153,4332,89575,10239,4910,5329
61855,95857,6276,46157,4332,89581,10239,4910,5329
61860,95868,6279,46160,4333,89589,10239,4910,5329
61865,95872,6279,46162,4333,89593,10239,4910,5329
61870,95882,6280,46167,4333,89602,10240,4910,5330
61875,95888,6280,46171,4333,89608,10240,4910,5330
61880,95899,6283,46176,4335,89616,10240,4910,5330
61885,95903,6283,46180,4335,89620,10240,4910,5330
61890,95913,6284,46186,4336,89629,10240,4910,5330
61895,95919,6284,46189,4336,89635,10240,4910,5330
61900,95930,6287,46193,4337,89643,10240,4910,5330
61905,95934,6288,46195,4338,89646,10240,4910,5330
61910,95944,6289,46200,4339,89655,10240,4910,5330
61915,95950,6289,46201,4339,89661,10241,4910,5331
61920,95961,6291,46206,4340,89670,10242,4911,5331
61925,95965,6292,46208,4341,89673,10242,4911,5331
61930,95975,6293,46214,4342,89682,10242,4911,5331
61935,95981,6293,46216,4342,89688,10243,4912,5331
61940,95992,6294,46219,4342,89698,10244,4913,5331
61945,95996,6295,46220,4342,89701,10244,4913,5331
61950,96006,6296,46224,4342,89710,10244,4913,5331
61955,96012,6296,46226,4342,89716,10245,4913,5332
61960,96023,6297,46232,4342,89726,10246,4914,5332
61965,96027,6298,46233,4343,89729,10246,4914,5332
61970,96037,6299,46235,4344,89738,10246,4914,5332
61975,96043,6299,46237,4344,89744,10247,4914,5333
61980,96054,6300,46245,4345,89754,10248,4915,5333
61985,96058,6301,46246,4345,89757,10248,4915,5333
61990,96068,6302,46253,4346,89766,10248,4915,5333
61995,96074,6302,46254,4346,89772,10248,4915,5333
62000,96085,6303,46259,4346,89782,10249,4915,5334
62005,96089,6304,46261,4346,89785,10249,4915,5334
62010,96099,6305,46269,4347,89794,10249,4915,5334
62015,96105,6305,46271,4347,89800,10249,4915,5334
62020,96116,6307,46278,4348,89809,10250,4915,5335
62025,96120,6308,46279,4348,89812,10250,4915,5335
62030,96130,6309,46284,4348,89821,10250,4915,5335
62035,96136,6309,46286,4348,89827,10250,4915,5335
62040,96147,6312,46291,4348,89835,10251,4916,5335
62045,96151,6312,46292,4348,89839,10251,4916,5335
62050,96161,6313,46295,4348,89848,10251,4916,5335
62055,96167,6313,46299,4348,89854,10252,4917,5335
62060,96178,6316,46305,4349,89862,10252,4917,5335
62065,96182,6316,46307,4349,89866,10252,4917,5335
62070,96192,6317,46312,4350,89875,10252,4917,5335
62075,96198,6317,46317,4350,89881,10253,4918,5335
62080,96209,6320,46320,4351,89889,10253,4918,5335
62085,96213,6320,46322,4351,89893,10253,4918,5335
62090,96223,6321,46328,4351,89902,10253,4918,5335
62095,96229,6321,46330,4351,89908,10254,4919,5335
62100,96240,6324,46332,4351,89916,10254,4919,5335
62105,96244,6324,46334,4351,89920,10254,4919,5335
62110,96254,6325,46339,4352,89929,10254,4919,5335
62115,96260,6325,46342,4352,89935,10255,4920,5335
62120,96271,6328,46347,4353,89943,10255,4920,5335
62125,96275,6328,46349,4353,89947,10255,4920,5335
62130,96285,6329,46351,4353,89956,10255,4920,5335
62135,96291,6329,46353,4353,89962,10256,4921,5335
62140,96302,6332,46358,4353,89970,10256,4921,5335
62145,96306,6332,46361,4353,89974,10256,4921,5335
62150,96316,6333,46365,4353,89983,10257,4921,5336
62155,96322,6333,46368,4353,89989,10258,4921,5337
62160,96333,6336,46374,4355,89997,10259,4922,5337
62165,96337,6337,46377,4356,90000,10259,4922,5337
62170,96347,6338,46380,4356,90009,10259,4922,5337
62175,96353,6338,46383,4356,90015,10259,4922,5337
62180,96364,6340,46388,4357,90024,10260,4922,5338
62185,96368,6341,46390,4358,90027,10260,4922,5338
62190,96378,6342,46394,4358,90036,10260,4922,5338
62195,96384,6342,46396,4358,90042,10260,4922,5338
62200,96395,6344,46401,4360,90051,10261,4922,5339
62205,96399,6345,46404,4360,90054,10261,4922,5339
62210,96409,6346,46407,4361,90063,10261,4922,5339
62215,96415,6346,46410,4361,90069,10261,4922,5339
62220,96426,6348,46417,4362,90078,10262,4923,5339
62225,96430,6348,46418,4362,90082,10262,4923,5339
62230,96440,6349,46424,4362,90091,10262,4923,5339
62235,96446,6349,46426,4362,90097,10262,4923,5339
62240,96457,6352,46435,4364,90105,10262,4923,5339
62245,96461,6352,46438,4364,90109,10262,4923,5339
62250,96471,6353,46443,4365,90118,10262,4923,5339
62255,96477,6353,46444,4365,90124,10262,4923,5339
62260,96488,6356,46449,4365,90132,10262,4923,5339
62265,96492,6356,46452,4365,90136,10262,4923,5339
62270,96502,6357,46457,4365,90145,10263,4924,5339
62275,96508,6357,46459,4365,90151,10264,4924,5340
62280,96519,6360,46465,4366,90159,10264,4924,5340
62285,96523,6361,46468,4367,90162,10264,4924,5340
62290,96533,6362,46471,4367,90171,10265,4925,5340
62295,96539,6362,46475,4367,90177,10266,4926,5340
62300,96550,6364,46481,4368,90186,10267,4927,5340
62305,96554,6365,46484,4369,90189,10267,4927,5340
62310,96564,6366,46488,4370,90198,10268,4928,5340
62315,96570,6366,46492,4370,90204,10269,4929,5340
62320,96581,6368,46498,4371,90213,10270,4930,5340
62325,96585,6369,46500,4372,90216,10270,4930,5340
62330,96595,6370,46505,4373,90225,10271,4931,5340
62335,96601,6370,46507,4373,90231,10272,4931,5341
62340,96612,6372,46516,4375,90240,10273,4932,5341
62345,96616,6373,46518,4375,90243,10273,4932,5341
62350,96626,6374,46522,4375,90252,10273,4932,5341
62355,96632,6374,46525,4375,90258,10273,4932,5341
62360,96643,6376,46532,4376,90267,10274,4933,5341
62365,96647,6377,46534,4377,90270,10274,4933,5341
62370,96657,6378,46540,4377,90279,10274,4933,5341
62375,96663,6378,46545,4377,90285,10274,4933,5341
62380,96674,6380,46550,4377,90294,10274,4933,5341
62385,96678,6380,46553,4377,90298,10274,4933,5341
62390,96688,6381,46560,4378,90307,10274,4933,5341
62395,96694,6381,46565,4378,90313,10274,4933,5341
62400,96705,6384,46571,4381,90321,10274,4933,5341
62405,96709,6384,46572,4381,90325,10274,4933,5341
62410,96719,6385,46577,4381,90334,10274,4933,5341
62415,96725,6385,46582,4381,90340,10275,4934,5341
62420,96736,6388,46586,4382,90348,10275,4934,5341
62425,96740,6388,46586,4382,90352,10275,4934,5341
62430,96750,6389,46590,4382,90361,10275,4934,5341
62435,96756,6389,46592,4382,90367,10276,4934,5342
62440,96767,6392,46595,4383,90375,10276,4934,5342
62445,96771,6392,46596,4383,90379,10276,4934,5342
62450,96781,6393,46599,4384,90388,10277,4934,5343
62455,96787,6393,46601,4384,90394,10278,4934,5344
62460,96798,6396,46605,4385,90402,10278,4934,5344
62465,96802,6396,46607,4385,90406,10278,4934,5344
62470,96812,6397,46613,4386,90415,10279,4934,5345
62475,96818,6397,46616,4386,90421,10279,4934,5345
62480,96829,6399,46620,4386,90430,10280,4934,5346
62485,96833,6400,46622,4387,90433,10280,4934,5346
62490,96843,6401,46627,4388,90442,10281,4934,5347
62495,96849,6401,46630,4388,90448,10281,4934,5347
62500,96860,6403,46633,4388,90457,10282,4934,5348
62505,96864,6404,46635,4389,90460,10282,4934,5348
62510,96874,6405,46641,4390,90469,10282,4934,5348
62515,96880,6405,46644,4390,90475,10282,4934,5348
62520,96891,6407,46651,4391,90484,10283,4935,5348
62525,96895,6408,46653,4391,90487,10283,4935,5348
62530,96905,6409,46658,4391,90496,10283,4935,5348
62535,96911,6409,46661,4391,90502,10283,4935,5348
62540,96922,6411,46670,4392,90511,10284,4936,5348
62545,96926,6412,46673,4393,90514,10284,4936,5348
62550,96936,6413,46679,4394,90523,10284,4936,5348
62555,96942,6413,46681,4394,90529,10284,4936,5348
62560,96953,6415,46687,4395,90538,10285,4936,5349
62565,96957,6416,46688,4396,90541,10285,4936,5349
62570,96967,6417,46696,4397,90550,10285,4936,5349
62575,96973,6417,46700,4397,90556,10286,4937,5349
62580,96984,6420,46705,4399,90564,10287,4937,5350
62585,96988,6420,46707,4399,90568,10287,4937,5350
62590,96998,6421,46711,4399,90577,10288,4938,5350
62595,97004,6421,46714,4399,90583,10288,4938,5350
62600,97015,6424,46718,4400,90591,10288,4938,5350
62605,97019,6424,46721,4400,90595,10288,4938,5350
62610,97029,6425,46725,4400,90604,10288,4938,5350
62615,97035,6425,46728,4400,90610,10288,4938,5350
62620,97046,6428,46732,4401,90618,10288,4938,5350
62625,97050,6428,46733,4401,90622,10288,4938,5350
62630,97060,6429,46741,4402,90631,10288,4938,5350
62635,97066,6429,46743,4402,90637,10288,4938,5350
62640,97077,6432,46750,4405,90645,10288,4938,5350
62645,97081,6433,46753,4406,90648,10288,4938,5350
62650,97091,6434,46755,4406,90657,10288,4938,5350
62655,97097,6434,46759,4406,90663,10288,4938,5350
62660,97108,6436,46765,4406,90672,10289,4939,5350
62665,97112,6437,46768,4406,90675,10289,4939,5350
62670,97122,6438,46771,4406,90684,10289,4939,5350
62675,97128,6438,46776,4406,90690,10289,4939,5350
62680,97139,6440,46780,4407,90699,10290,4940,5350
62685,97143,6441,46782,4407,90702,10290,4940,5350
62690,97153,6442,46787,4407,90711,10290,4940,5350
62695,97159,6442,46791,4407,90717,10291,4941,5350
62700,97170,6444,46795,4408,90726,10292,4941,5351
62705,97174,6444,46799,4408,90730,10292,4941,5351
62710,97184,6445,46803,4408,90739,10293,4941,5352
62715,97190,6445,46804,4408,90745,10294,4942,5352
62720,97201,6446,46809,4409,90755,10294,4942,5352
62725,97205,6446,46811,4409,90759,10294,4942,5352
62730,97215,6447,46818,4409,90768,10295,4943,5352
62735,97221,6447,46821,4409,90774,10295,4943,5352
62740,97232,6448,46826,4410,90784,10295,4943,5352
62745,97236,6448,46830,4410,90788,10295,4943,5352
62750,97246,6449,46835,4410,90797,10295,4943,5352
62755,97252,6449,46836,4410,90803,10295,4943,5352
62760,97263,6451,46842,4412,90812,10295,4943,5352
62765,97267,6451,46843,4412,90816,10295,4943,5352
62770,97277,6452,46847,4412,90825,10295,4943,5352
62775,97283,6452,46851,4412,90831,10295,4943,5352
62780,97294,6454,46856,4412,90840,10295,4943,5352
62785,97298,6454,46858,4412,90844,10295,4943,5352
62790,97308,6455,46861,4413,90853,10295,4943,5352
62795,97314,6455,46863,4413,90859,10295,4943,5352
62800,97325,6457,46869,4413,90868,10295,4943,5352
62805,97329,6457,46872,4413,90872,10295,4943,5352
62810,97339,6458,46877,4413,90881,10295,4943,5352
62815,97345,6458,46880,4413,90887,10295,4943,5352
62820,97356,6461,46886,4414,90895,10296,4944,5352
62825,97360,6462,46889,4415,90898,10296,4944,5352
62830,97370,6463,46895,4416,90907,10297,4944,5353
62835,97376,6463,46901,4416,90913,10298,4945,5353
62840,97387,6465,46907,4417,90922,10298,4945,5353
62845,97391,6465,46911,4417,90926,10298,4945,5353
62850,97401,6466,46918,4417,90935,10299,4946,5353
62855,97407,6466,46923,4417,90941,10299,4946,5353
62860,97418,6468,46928,4417,90950,10299,4946,5353
62865,97422,6468,46930,4417,90954,10299,4946,5353
62870,97432,6469,46934,4418,90963,10299,4946,5353
62875,97438,6469,46936,4418,90969,10299,4946,5353
62880,97449,6471,46942,4418,90978,10299,4946,5353
62885,97453,6471,46943,4418,90982,10299,4946,5353
62890,97463,6472,46949,4419,90991,10299,4946,5353
62895,97469,6472,46952,4419,90997,10299,4946,5353
62900,97480,6474,46958,4421,91006,10299,4946,5353
62905,97484,6474,46959,4421,91010,10299,4946,5353
62910,97494,6475,46965,4422,91019,10299,4946,5353
62915,97500,6475,46968,4422,91025,10299,4946,5353
62920,97511,6477,46976,4422,91034,10299,4946,5353
62925,97515,6477,46977,4422,91038,10299,4946,5353
62930,97525,6478,46980,4422,91047,10299,4946,5353
62935,97531,6478,46981,4422,91053,10299,4946,5353
62940,97542,6481,46985,4423,91061,10300,4947,5353
62945,97546,6482,46987,4424,91064,10300,4947,5353
62950,97556,6483,46990,4424,91073,10301,4947,5354
62955,97562,6483,46994,4424,91079,10302,4948,5354
62960,97573,6486,47000,4425,91087,10303,4948,5355
62965,97577,6487,47004,4426,91090,10303,4948,5355
62970,97587,6488,47008,4427,91099,10303,4948,5355
62975,97593,6488,47009,4427,91105,10303,4948,5355
62980,97604,6491,47014,4429,91113,10304,4948,5356
62985,97608,6492,47016,4430,91116,10304,4948,5356
62990,97618,6493,47019,4430,91125,10304,4948,5356
62995,97624,6493,47023,4430,91131,10304,4948,5356
63000,97635,6496,47027,4430,91139,10305,4949,5356
63005,97639,6496,47030,4430,91143,10305,4949,5356
63010,97649,6497,47036,4431,91152,10305,4949,5356
63015,97655,6497,47039,4431,91158,10305,4949,5356
63020,97666,6499,47044,4432,91167,10305,4949,5356
63025,97670,6499,47045,4432,91171,10305,4949,5356
63030,97680,6500,47051,4433,91180,10305,4949,5356
63035,97686,6500,47054,4433,91186,10305,4949,5356
63040,97697,6502,47060,4434,91195,10305,4949,5356
63045,97701,6502,47061,4434,91199,10305,4949,5356
63050,97711,6503,47067,4435,91208,10305,4949,5356
63055,97717,6503,47069,4435,91214,10305,4949,5356
63060,97728,6505,47072,4435,91223,10305,4949,5356
63065,97732,6505,47073,4435,91227,10305,4949,5356
63070,97742,6506,47077,4435,91236,10305,4949,5356
63075,97748,6506,47080,4435,91242,10305,4949,5356
63080,97759,6507,47083,4435,91252,10305,4949,5356
63085,97763,6507,47086,4435,91256,10305,4949,5356
63090,97773,6508,47090,4436,91265,10305,4949,5356
63095,97779,6508,47092,4436,91271,10305,4949,5356
63100,97790,6509,47096,4436,91281,10305,4949,5356
63105,97794,6510,47097,4437,91284,10305,4949,5356
63110,97804,6511,47101,4437,91293,10306,4949,5357
63115,97810,6511,47104,4437,91299,10306,4949,5357
63120,97821,6513,47109,4438,91308,10307,4950,5357
63125,97825,6514,47112,4439,91311,10307,4950,5357
63130,97835,6515,47118,4440,91320,10308,4951,5357
63135,97841,6515,47123,4440,91326,10308,4951,5357
63140,97852,6517,47127,4440,91335,10309,4951,5358
63145,97856,6518,47129,4441,91338,10309,4951,5358
63150,97866,6519,47134,4441,91347,10310,4952,5358
63155,97872,6519,47139,4441,91353,10310,4952,5358
63160,97883,6521,47144,4441,91362,10311,4953,5358
63165,97887,6522,47148,4442,91365,10311,4953,5358
63170,97897,6523,47157,4443,91374,10312,4954,5358
63175,97903,6523,47159,4443,91380,10312,4954,5358
63180,97914,6526,47164,4445,91388,10313,4954,5359
63185,97918,6527,47166,4446,91391,10313,4954,5359
63190,97928,6528,47170,4447,91400,10313,4954,5359
63195,97934,6528,47176,4447,91406,10314,4955,5359
63200,97945,6530,47179,4448,91415,10315,4956,5359
63205,97949,6530,47180,4448,91419,10315,4956,5359
63210,97959,6531,47186,4449,91428,10315,4956,5359
63215,97965,6531,47190,4449,91434,10315,4956,5359
63220,97976,6533,47197,4450,91443,10315,4956,5359
63225,97980,6533,47200,4450,91447,10315,4956,5359
63230,97990,6534,47206,4450,91456,10315,4956,5359
63235,97996,6534,47208,4450,91462,10315,4956,5359
63240,98007,6536,47212,4450,91471,10315,4956,5359
63245,98011,6536,47213,4450,91475,10315,4956,5359
63250,98021,6537,47218,4450,91484,10315,4956,5359
63255,98027,6537,47218,4450,91490,10315,4956,5359
63260,98038,6539,47224,4451,91499,10315,4956,5359
63265,98042,6539,47226,4451,91503,10315,4956,5359
63270,98052,6540,47228,4452,91512,10315,4956,5359
63275,98058,6540,47231,4452,91518,10315,4956,5359
63280,98069,6542,47238,4452,91527,10315,4956,5359
63285,98073,6542,47241,4452,91531,10315,4956,5359
63290,98083,6543,47246,4453,91540,10316,4956,5360
63295,98089,6543,47250,4453,91546,10316,4956,5360
63300,98100,6546,47257,4455,91554,10316,4956,5360
63305,98104,6547,47259,4456,91557,10316,4956,5360
63310,98114,6548,47262,4456,91566,10316,4956,5360
63315,98120,6548,47266,4456,91572,10316,4956,5360
63320,98131,6549,47272,4456,91582,10317,4957,5360
63325,98135,6550,47275,4457,91585,10317,4957,5360
63330,98145,6551,47280,4457,91594,10317,4957,5360
63335,98151,6551,47282,4457,91600,10317,4957,5360
63340,98162,6552,47290,4458,91610,10318,4958,5360
63345,98166,6553,47293,4459,91613,10318,4958,5360
63350,98176,6554,47300,4460,91622,10318,4958,5360
63355,98182,6554,47301,4460,91628,10318,4958,5360
63360,98193,6556,47309,4462,91637,10319,4958,5361
63365,98197,6556,47310,4462,91641,10319,4958,5361
63370,98207,6557,47315,4462,91650,10319,4958,5361
63375,98213,6557,47318,4462,91656,10320,4958,5362
63380,98224,6558,47325,4462,91666,10320,4958,5362
63385,98228,6558,47325,4462,91670,10320,4958,5362
63390,98238,6559,47329,4462,91679,10320,4958,5362
63395,98244,6559,47330,4462,91685,10321,4958,5363
63400,98255,6560,47335,4462,91695,10321,4958,5363
63405,98259,6560,47337,4462,91699,10321,4958,5363
63410,98269,6561,47341,4462,91708,10322,4959,5363
63415,98275,6561,47343,4462,91714,10323,4960,5363
63420,98286,6563,47348,4463,91723,10323,4960,5363
63425,98290,6563,47349,4463,91727,10323,4960,5363
63430,98300,6564,47357,4464,91736,10324,4961,5363
63435,98306,6564,47361,4464,91742,10324,4961,5363
63440,98317,6566,47365,4466,91751,10324,4961,5363
63445,98321,6566,47365,4466,91755,10324,4961,5363
63450,98331,6567,47369,4466,91764,10325,4961,5364
63455,98337,6567,47372,4466,91770,10325,4961,5364
63460,98348,6569,47378,4467,91779,10325,4961,5364
63465,98352,6570,47380,4468,91782,10325,4961,5364
63470,98362,6571,47386,4469,91791,10325,4961,5364
63475,98368,6571,47389,4469,91797,10325,4961,5364
63480,98379,6573,47394,4470,91806,10326,4962,5364
63485,98383,6574,47398,4471,91809,10326,4962,5364
63490,98393,6575,47403,4472,91818,10326,4962,5364
63495,98399,6575,47408,4472,91824,10326,4962,5364
63500,98410,6577,47415,4474,91833,10327,4963,5364
63505,98414,6578,47417,4475,91836,10327,4963,5364
63510,98424,6579,47422,4475,91845,10327,4963,5364
63515,98430,6579,47422,4475,91851,10327,4963,5364
63520,98441,6581,47427,4477,91860,10327,4963,5364
63525,98445,6581,47430,4477,91864,10327,4963,5364
63530,98455,6582,47435,4477,91873,10327,4963,5364
63535,98461,6582,47438,4477,91879,10328,4964,5364
63540,98472,6585,47445,4479,91887,10328,4964,5364
63545,98476,6585,47447,4479,91891,10328,4964,5364
63550,98486,6586,47451,4479,91900,10328,4964,5364
63555,98492,6586,47453,4479,91906,10329,4964,5365
63560,98503,6588,47458,4480,91915,10329,4964,5365
63565,98507,6588,47461,4480,91919,10329,4964,5365
63570,98517,6589,47468,4481,91928,10330,4965,5365
63575,98523,6589,47470,4481,91934,10331,4966,5365
63580,98534,6591,47476,4482,91943,10331,4966,5365
63585,98538,6591,47477,4482,91947,10331,4966,5365
63590,98548,6592,47481,4482,91956,10332,4966,5366
63595,98554,6592,47484,4482,91962,10333,4966,5367
63600,98565,6594,47491,4484,91971,10333,4966,5367
63605,98569,6594,47493,4484,91975,10333,4966,5367
63610,98579,6595,47499,4485,91984,10333,4966,5367
63615,98585,6595,47502,4485,91990,10333,4966,5367
63620,98596,6597,47505,4485,91999,10333,4966,5367
63625,98600,6597,47505,4485,92003,10333,4966,5367
63630,98610,6598,47510,4485,92012,10333,4966,5367
63635,98616,6598,47512,4485,92018,10333,4966,5367
63640,98627,6600,47518,4487,92027,10334,4967,5367
63645,98631,6601,47519,4488,92030,10334,4967,5367
63650,98641,6602,47522,4489,92039,10334,4967,5367
63655,98647,6602,47525,4489,92045,10334,4967,5367
63660,98658,6605,47529,4490,92053,10335,4967,5368
63665,98662,6605,47531,4490,92057,10335,4967,5368
63670,98672,6606,47538,4491,92066,10335,4967,5368
63675,98678,6606,47540,4491,92072,10335,4967,5368
63680,98689,6608,47545,4492,92081,10336,4967,5369
63685,98693,6609,47547,4493,92084,10336,4967,5369
63690,98703,6610,47553,4494,92093,10336,4967,5369
63695,98709,6610,47557,4494,92099,10336,4967,5369
63700,98720,6613,47564,4497,92107,10337,4968,5369
63705,98724,6613,47565,4497,92111,10337,4968,5369
63710,98734,6614,47571,4498,92120,10338,4969,5369
63715,98740,6614,47573,4498,92126,10339,4969,5370
63720,98751,6617,47580,4500,92134,10340,4969,5371
63725,98755,6617,47581,4500,92138,10340,4969,5371
63730,98765,6618,47586,4501,92147,10341,4969,5372
63735,98771,6618,47587,4501,92153,10342,4970,5372
63740,98782,6620,47593,4503,92162,10342,4970,5372
63745,98786,6620,47594,4503,92166,10342,4970,5372
63750,98796,6621,47595,4504,92175,10343,4970,5373
63755,98802,6621,47599,4504,92181,10343,4970,5373
63760,98813,6623,47603,4505,92190,10343,4970,5373
63765,98817,6623,47605,4505,92194,10343,4970,5373
63770,98827,6624,47608,4505,92203,10343,4970,5373
63775,98833,6624,47611,4505,92209,10343,4970,5373
63780,98844,6626,47613,4505,92218,10343,4970,5373
63785,98848,6627,47615,4506,92221,10343,4970,5373
63790,98858,6628,47620,4507,92230,10343,4970,5373
63795,98864,6628,47625,4507,92236,10343,4970,5373
63800,98875,6629,47630,4508,92246,10344,4970,5374
63805,98879,6630,47633,4509,92249,10344,4970,5374
63810,98889,6631,47636,4509,92258,10344,4970,5374
63815,98895,6631,47639,4509,92264,10344,4970,5374
63820,98906,6632,47645,4509,92274,10345,4971,5374
63825,98910,6633,47647,4510,92277,10345,4971,5374
63830,98920,6634,47653,4510,92286,10345,4971,5374
63835,98926,6634,47655,4510,92292,10345,4971,5374
63840,98937,6635,47659,4511,92302,10346,4971,5375
63845,98941,6636,47662,4512,92305,10346,4971,5375
63850,98951,6637,47667,4513,92314,10346,4971,5375
63855,98957,6637,47669,4513,92320,10347,4972,5375
63860,98968,6639,47674,4514,92329,10348,4972,5376
63865,98972,6639,47674,4514,92333,10348,4972,5376
63870,98982,6640,47679,4515,92342,10349,4973,5376
63875,98988,6640,47683,4515,92348,10350,4974,5376
63880,98999,6641,47686,4515,92358,10351,4975,5376
63885,99003,6641,47687,4515,92362,10351,4975,5376
63890,99013,6642,47692,4515,92371,10352,4976,5376
63895,99019,6642,47692,4515,92377,10353,4976,5377
63900,99030,6645,47700,4518,92385,10353,4976,5377
63905,99034,6645,47703,4518,92389,10353,4976,5377
63910,99044,6646,47709,4518,92398,10353,4976,5377
63915,99050,6646,47711,4518,92404,10353,4976,5377
63920,99061,6648,47717,4519,92413,10353,4976,5377
63925,99065,6648,47719,4519,92417,10353,4976,5377
63930,99075,6649,47722,4520,92426,10353,4976,5377
63935,99081,6649,47724,4520,92432,10353,4976,5377
63940,99092,6651,47729,4520,92441,10353,4976,5377
63945,99096,6651,47730,4520,92445,10353,4976,5377
63950,99106,6652,47732,4520,92454,10353,4976,5377
63955,99112,6652,47733,4520,92460,10353,4976,5377
63960,99123,6654,47740,4522,92469,10353,4976,5377
63965,99127,6654,47741,4522,92473,10353,4976,5377
63970,99137,6655,47746,4522,92482,10353,4976,5377
63975,99143,6655,47749,4522,92488,10353,4976,5377
63980,99154,6657,47755,4523,92497,10353,4976,5377
63985,99158,6657,47758,4523,92501,10353,4976,5377
63990,99168,6658,47767,4523,92510,10353,4976,5377
63995,99174,6658,47769,4523,92516,10353,4976,5377
64000,99185,6660,47773,4524,92525,10353,4976,5377
64005,99189,6660,47774,4524,92529,10353,4976,5377
64010,99199,6661,47781,4525,92538,10354,4977,5377
64015,99205,6661,47785,4525,92544,10355,4978,5377
64020,99216,6664,47788,4526,92552,10356,4979,5377
64025,99220,6665,47791,4527,92555,10356,4979,5377
64030,99230,6666,47797,4527,92564,10357,4979,5378
64035,99236,6666,47802,4527,92570,10357,4979,5378
64040,99247,6669,47809,4530,92578,10358,4979,5379
64045,99251,6669,47810,4530,92582,10358,4979,5379
64050,99261,6670,47816,4531,92591,10359,4980,5379
64055,99267,6670,47819,4531,92597,10359,4980,5379
64060,99278,6672,47822,4532,92606,10360,4981,5379
64065,99282,6673,47824,4533,92609,10360,4981,5379
64070,99292,6674,47829,4534,92618,10360,4981,5379
64075,99298,6674,47833,4534,92624,10360,4981,5379
64080,99309,6677,47840,4537,92632,10361,4982,5379
64085,99313,6678,47843,4538,92635,10361,4982,5379
64090,99323,6679,47849,4538,92644,10361,4982,5379
64095,99329,6679,47854,4538,92650,10361,4982,5379
64100,99340,6681,47862,4539,92659,10362,4983,5379
64105,99344,6681,47863,4539,92663,10362,4983,5379
64110,99354,6682,47867,4540,92672,10362,4983,5379
64115,99360,6682,47870,4540,92678,10362,4983,5379
64120,99371,6684,47875,4540,92687,10363,4983,5380
64125,99375,6684,47876,4540,92691,10363,4983,5380
64130,99385,6685,47879,4540,92700,10363,4983,5380
64135,99391,6685,47883,4540,92706,10363,4983,5380
64140,99402,6687,47888,4540,92715,10364,4983,5381
64145,99406,6687,47890,4540,92719,10364,4983,5381
64150,99416,6688,47894,4540,92728,10365,4983,5382
64155,99422,6688,47896,4540,92734,10366,4983,5383
64160,99433,6690,47902,4540,92743,10366,4983,5383
64165,99437,6690,47904,4540,92747,10366,4983,5383
64170,99447,6691,47910,4541,92756,10367,4984,5383
64175,99453,6691,47912,4541,92762,10367,4984,5383
64180,99464,6693,47918,4541,92771,10367,4984,5383
64185,99468,6693,47921,4541,92775,10367,4984,5383
64190,99478,6694,47925,4542,92784,10368,4984,5384
64195,99484,6694,47929,4542,92790,10368,4984,5384
64200,99495,6696,47933,4543,92799,10368,4984,5384
64205,99499,6696,47934,4543,92803,10368,4984,5384
64210,99509,6697,47939,4544,92812,10368,4984,5384
64215,99515,6697,47943,4544,92818,10368,4984,5384
64220,99526,6699,47947,4544,92827,10369,4984,5385
64225,99530,6699,47948,4544,92831,10369,4984,5385
64230,99540,6700,47953,4544,92840,10369,4984,5385
64235,99546,6700,47956,4544,92846,10369,4984,5385
64240,99557,6703,47960,4545,92854,10370,4984,5386
64245,99561,6704,47962,4546,92857,10370,4984,5386
64250,99571,6705,47965,4546,92866,10370,4984,5386
64255,99577,6705,47969,4546,92872,10370,4984,5386
64260,99588,6707,47973,4547,92881,10371,4985,5386
64265,99592,6708,47976,4548,92884,10371,4985,5386
64270,99602,6709,47979,4548,92893,10371,4985,5386
64275,99608,6709,47981,4548,92899,10371,4985,5386
64280,99619,6710,47985,4548,92909,10371,4985,5386
64285,99623,6710,47986,4548,92913,10371,4985,5386
64290,99633,6711,47993,4548,92922,10371,4985,5386
64295,99639,6711,47995,4548,92928,10371,4985,5386
64300,99650,6712,48001,4548,92938,10371,4985,5386
64305,99654,6712,48002,4548,92942,10371,4985,5386
64310,99664,6713,48006,4548,92951,10371,4985,5386
64315,99670,6713,48010,4548,92957,10371,4985,5386
64320,99681,6714,48017,4549,92967,10371,4985,5386
64325,99685,6714,48019,4549,92971,10371,4985,5386
64330,99695,6715,48025,4550,92980,10371,4985,5386
64335,99701,6715,48026,4550,92986,10371,4985,5386
64340,99712,6716,48034,4551,92996,10371,4985,5386
64345,99716,6716,48037,4551,93000,10371,4985,5386
64350,99726,6717,48041,4552,93009,10372,4985,5387
64355,99732,6717,48044,4552,93015,10372,4985,5387
64360,99743,6718,48049,4552,93025,10372,4985,5387
64365,99747,6718,48050,4552,93029,10372,4985,5387
64370,99757,6719,48053,4552,93038,10372,4985,5387
64375,99763,6719,48057,4552,93044,10372,4985,5387
64380,99774,6721,48065,4553,93053,10373,4986,5387
64385,99778,6721,48068,4553,93057,10373,4986,5387
64390,99788,6722,48073,4554,93066,10373,4986,5387
64395,99794,6722,48074,4554,93072,10374,4987,5387
64400,99805,6724,48078,4555,93081,10375,4987,5388
64405,99809,6725,48081,4556,93084,10375,4987,5388
64410,99819,6726,48086,4557,93093,10375,4987,5388
64415,99825,6726,48089,4557,93099,10376,4987,5389
64420,99836,6729,48095,4558,93107,10377,4988,5389
64425,99840,6730,48097,4559,93110,10377,4988,5389
64430,99850,6731,48103,4560,93119,10377,4988,5389
64435,99856,6731,48105,4560,93125,10378,4988,5390
64440,99867,6733,48112,4562,93134,10379,4988,5391
64445,99871,6734,48114,4563,93137,10379,4988,5391
64450,99881,6735,48120,4564,93146,10379,4988,5391
64455,99887,6735,48122,4564,93152,10379,4988,5391
64460,99898,6737,48125,4565,93161,10380,4988,5392
64465,99902,6738,48127,4566,93164,10380,4988,5392
64470,99912,6739,48129,4566,93173,10380,4988,5392
64475,99918,6739,48130,4566,93179,10380,4988,5392
64480,99929,6741,48133,4567,93188,10381,4988,5393
64485,99933,6741,48133,4567,93192,10381,4988,5393
64490,99943,6742,48136,4567,93201,10381,4988,5393
64495,99949,6742,48137,4567,93207,10381,4988,5393
64500,99960,6744,48143,4568,93216,10382,4989,5393
64505,99964,6745,48146,4569,93219,10382,4989,5393
64510,99974,6746,48150,4569,93228,10383,4990,5393
64515,99980,6746,48152,4569,93234,10383,4990,5393
64520,99991,6748,48157,4570,93243,10383,4990,5393
64525,99995,6748,48160,4570,93247,10383,4990,5393
64530,100005,6749,48165,4570,93256,10384,4991,5393
64535,100011,6749,48167,4570,93262,10384,4991,5393
64540,100022,6751,48171,4571,93271,10384,4991,5393
64545,100026,6751,48173,4571,93275,10384,4991,5393
64550,100036,6752,48180,4572,93284,10385,4991,5394
64555,100042,6752,48183,4572,93290,10386,4991,5395
64560,100053,6754,48186,4573,93299,10386,4991,5395
64565,100057,6754,48186,4573,93303,10386,4991,5395
64570,100067,6755,48192,4573,93312,10386,4991,5395
64575,100073,6755,48193,4573,93318,10387,4992,5395
64580,100084,6758,48198,4575,93326,10388,4993,5395
64585,100088,6759,48200,4576,93329,10388,4993,5395
64590,100098,6760,48204,4576,93338,10388,4993,5395
64595,100104,6760,48208,4576,93344,10389,4994,5395
64600,100115,6762,48216,4577,93353,10390,4995,5395
64605,100119,6762,48218,4577,93357,10390,4995,5395
64610,100129,6763,48224,4577,93366,10390,4995,5395
64615,100135,6763,48228,4577,93372,10391,4996,5395
64620,100146,6766,48235,4579,93380,10392,4996,5396
64625,100150,6766,48237,4579,93384,10392,4996,5396
64630,100160,6767,48241,4579,93393,10392,4996,5396
64635,100166,6767,48244,4579,93399,10392,4996,5396
64640,100177,6768,48249,4579,93409,10392,4996,5396
64645,100181,6768,48252,4579,93413,10392,4996,5396
64650,100191,6769,48259,4580,93422,10392,4996,5396
64655,100197,6769,48263,4580,93428,10392,4996,5396
64660,100208,6770,48267,4581,93438,10392,4996,5396
64665,100212,6770,48268,4581,93442,10392,4996,5396
64670,100222,6771,48272,4581,93451,10392,4996,5396
64675,100228,6771,48274,4581,93457,10392,4996,5396
64680,100239,6772,48278,4581,93467,10392,4996,5396
64685,100243,6772,48278,4581,93471,10392,4996,5396
64690,100253,6773,48283,4582,93480,10393,4996,5397
64695,100259,6773,48286,4582,93486,10393,4996,5397
64700,100270,6774,48290,4582,93496,10393,4996,5397
64705,100274,6774,48291,4582,93500,10393,4996,5397
64710,100284,6775,48296,4583,93509,10393,4996,5397
64715,100290,6775,48299,4583,93515,10393,4996,5397
64720,100301,6776,48305,4584,93525,10393,4996,5397
64725,100305,6776,48309,4584,93529,10393,4996,5397
64730,100315,6777,48312,4585,93538,10393,4996,5397
64735,100321,6777,48316,4585,93544,10393,4996,5397
64740,100332,6779,48321,4585,93553,10394,4996,5398
64745,100336,6779,48323,4585,93557,10394,4996,5398
64750,100346,6780,48328,4586,93566,10394,4996,5398
64755,100352,6780,48329,4586,93572,10394,4996,5398
64760,100363,6782,48332,4587,93581,10395,4996,5399
64765,100367,6782,48333,4587,93585,10395,4996,5399
64770,100377,6783,48338,4588,93594,10395,4996,5399
64775,100383,6783,48339,4588,93600,10395,4996,5399
64780,100394,6786,48344,4590,93608,10396,4997,5399
64785,100398,6786,48345,4590,93612,10396,4997,5399
64790,100408,6787,48351,4590,93621,10396,4997,5399
64795,100414,6787,48355,4590,93627,10397,4997,5400
64800,100425,6790,48362,4592,93635,10398,4998,5400
64805,100429,6790,48364,4592,93639,10398,4998,5400
64810,100439,6791,48370,4593,93648,10399,4998,5401
64815,100445,6791,48374,4593,93654,10400,4999,5401
64820,100456,6793,48380,4594,93663,10400,4999,5401
64825,100460,6793,48381,4594,93667,10400,4999,5401
64830,100470,6794,48388,4595,93676,10400,4999,5401
64835,100476,6794,48389,4595,93682,10400,4999,5401
64840,100487,6796,48396,4597,93691,10400,4999,5401
64845,100491,6796,48398,4597,93695,10400,4999,5401
64850,100501,6797,48399,4597,93704,10400,4999,5401
64855,100507,6797,48404,4597,93710,10400,4999,5401
64860,100518,6799,48407,4597,93719,10400,4999,5401
64865,100522,6800,48410,4598,93722,10400,4999,5401
64870,100532,6801,48415,4598,93731,10400,4999,5401
64875,100538,6801,48418,4598,93737,10400,4999,5401
64880,100549,6803,48425,4599,93746,10401,5000,5401
64885,100553,6804,48428,4600,93749,10401,5000,5401
64890,100563,6805,48435,4601,93758,10401,5000,5401
64895,100569,6805,48438,4601,93764,10401,5000,5401
64900,100580,6807,48444,4603,93773,10402,5001,5401
64905,100584,6807,48446,4603,93777,10402,5001,5401
64910,100594,6808,48451,4604,93786,10402,5001,5401
64915,100600,6808,48454,4604,93792,10402,5001,5401
64920,100611,6811,48458,4606,93800,10403,5002,5401
64925,100615,6812,48459,4607,93803,10403,5002,5401
64930,100625,6813,48462,4608,93812,10403,5002,5401
64935,100631,6813,48465,4608,93818,10404,5003,5401
64940,100642,6815,48468,4610,93827,10404,5003,5401
64945,100646,6815,48469,4610,93831,10404,5003,5401
64950,100656,6816,48475,4610,93840,10404,5003,5401
64955,100662,6816,48478,4610,93846,10405,5003,5402
64960,100673,6818,48485,4612,93855,10405,5003,5402
64965,100677,6818,48487,4612,93859,10405,5003,5402
64970,100687,6819,48493,4613,93868,10405,5003,5402
64975,100693,6819,48495,4613,93874,10405,5003,5402
64980,100704,6821,48499,4614,93883,10405,5003,5402
64985,100708,6821,48500,4614,93887,10405,5003,5402
64990,100718,6822,48504,4615,93896,10405,5003,5402
64995,100724,6822,48506,4615,93902,10405,5003,5402
65000,100735,6823,48509,4615,93912,10406,5003,5403
65005,100739,6823,48511,4615,93916,10406,5003,5403
65010,100749,6824,48518,4615,93925,10406,5003,5403
65015,100755,6824,48519,4615,93931,10406,5003,5403
65020,100766,6825,48523,4615,93941,10407,5003,5404
65025,100770,6826,48524,4616,93944,10407,5003,5404
65030,100780,6827,48530,4616,93953,10407,5003,5404
65035,100786,6827,48531,4616,93959,10407,5003,5404
65040,100797,6828,48535,4616,93969,10408,5003,5405
65045,100801,6828,48537,4616,93973,10408,5003,5405
65050,100811,6829,48542,4617,93982,10409,5003,5406
65055,100817,6829,48544,4617,93988,10409,5003,5406
65060,100828,6830,48547,4617,93998,10409,5003,5406
65065,100832,6830,48548,4617,94002,10409,5003,5406
65070,100842,6831,48552,4617,94011,10410,5004,5406
65075,100848,6831,48555,4617,94017,10410,5004,5406
65080,100859,6832,48559,4617,94027,10410,5004,5406
65085,100863,6832,48562,4617,94031,10410,5004,5406
65090,100873,6833,48566,4617,94040,10411,5004,5407
65095,100879,6833,48567,4617,94046,10411,5004,5407
65100,100890,6835,48571,4618,94055,10411,5004,5407
65105,100894,6835,48573,4618,94059,10411,5004,5407
65110,100904,6836,48575,4618,94068,10411,5004,5407
65115,100910,6836,48578,4618,94074,10411,5004,5407
65120,100921,6838,48586,4619,94083,10412,5005,5407
65125,100925,6839,48588,4620,94086,10412,5005,5407
65130,100935,6840,48593,4620,94095,10412,5005,5407
65135,100941,6840,48596,4620,94101,10412,5005,5407
65140,100952,6843,48603,4621,94109,10413,5006,5407
65145,100956,6843,48606,4621,94113,10413,5006,5407
65150,100966,6844,48610,4622,94122,10413,5006,5407
65155,100972,6844,48613,4622,94128,10414,5006,5408
65160,100983,6847,48617,4623,94136,10415,5007,5408
65165,100987,6847,48619,4623,94140,10415,5007,5408
65170,100997,6848,48624,4623,94149,10415,5007,5408
65175,101003,6848,48627,4623,94155,10416,5007,5409
65180,101014,6850,48633,4624,94164,10416,5007,5409
65185,101018,6850,48636,4624,94168,10416,5007,5409
65190,101028,6851,48640,4624,94177,10416,5007,5409
65195,101034,6851,48645,4624,94183,10417,5008,5409
65200,101045,6853,48649,4625,94192,10417,5008,5409
65205,101049,6853,48652,4625,94196,10417,5008,5409
65210,101059,6854,48656,4626,94205,10417,5008,5409
65215,101065,6854,48657,4626,94211,10418,5008,5410
65220,101076,6856,48665,4628,94220,10418,5008,5410
65225,101080,6856,48665,4628,94224,10418,5008,5410
65230,101090,6857,48670,4628,94233,10418,5008,5410
65235,101096,6857,48671,4628,94239,10418,5008,5410
65240,101107,6859,48675,4629,94248,10418,5008,5410
65245,101111,6859,48677,4629,94252,10418,5008,5410
65250,101121,6860,48682,4629,94261,10418,5008,5410
65255,101127,6860,48683,4629,94267,10418,5008,5410
65260,101138,6862,48687,4630,94276,10418,5008,5410
65265,101142,6862,48690,4630,94280,10418,5008,5410
65270,101152,6863,48694,4630,94289,10419,5008,5411
65275,101158,6863,48695,4630,94295,10419,5008,5411
65280,101169,6866,48699,4632,94303,10420,5009,5411
65285,101173,6867,48700,4633,94306,10420,5009,5411
65290,101183,6868,48704,4633,94315,10420,5009,5411
65295,101189,6868,48708,4633,94321,10420,5009,5411
65300,101200,6871,48714,4634,94329,10421,5010,5411
65305,101204,6872,48716,4635,94332,10421,5010,5411
65310,101214,6873,48722,4635,94341,10421,5010,5411
65315,101220,6873,48726,4635,94347,10421,5010,5411
65320,101231,6876,48733,4637,94355,10422,5011,5411
65325,101235,6876,48735,4637,94359,10422,5011,5411
65330,101245,6877,48742,4638,94368,10422,5011,5411
65335,101251,6877,48746,4638,94374,10423,5011,5412
65340,101262,6880,48750,4640,94382,10424,5011,5413
65345,101266,6881,48753,4641,94385,10424,5011,5413
65350,101276,6882,48756,4642,94394,10424,5011,5413
65355,101282,6882,48759,4642,94400,10425,5012,5413
65360,101293,6883,48764,4643,94410,10426,5012,5414
65365,101297,6884,48766,4644,94413,10426,5012,5414
65370,101307,6885,48773,4645,94422,10426,5012,5414
65375,101313,6885,48776,4645,94428,10427,5012,5415
65380,101324,6886,48782,4646,94438,10428,5013,5415
65385,101328,6887,48785,4647,94441,10428,5013,5415
65390,101338,6888,48789,4648,94450,10429,5013,5416
65395,101344,6888,48793,4648,94456,10430,5013,5417
65400,101355,6889,48797,4648,94466,10431,5013,5418
65405,101359,6889,48799,4648,94470,10431,5013,5418
65410,101369,6890,48805,4648,94479,10431,5013,5418
65415,101375,6890,48808,4648,94485,10432,5014,5418
65420,101386,6891,48810,4648,94495,10432,5014,5418
65425,101390,6891,48811,4648,94499,10432,5014,5418
65430,101400,6892,48817,4649,94508,10432,5014,5418
65435,101406,6892,48818,4649,94514,10432,5014,5418
65440,101417,6893,48825,4649,94524,10432,5014,5418
65445,101421,6893,48827,4649,94528,10432,5014,5418
65450,101431,6894,48831,4649,94537,10432,5014,5418
65455,101437,6894,48833,4649,94543,10432,5014,5418
65460,101448,6897,48840,4652,94551,10432,5014,5418
65465,101452,6898,48842,4653,94554,10432,5014,5418
65470,101462,6899,48846,4654,94563,10432,5014,5418
65475,101468,6899,48848,4654,94569,10433,5014,5419
65480,101479,6902,48853,4656,94577,10434,5014,5420
65485,101483,6902,48854,4656,94581,10434,5014,5420
65490,101493,6903,48860,4656,94590,10434,5014,5420
65495,101499,6903,48865,4656,94596,10435,5015,5420
65500,101510,6906,48870,4659,94604,10436,5015,5421
65505,101514,6907,48872,4660,94607,10436,5015,5421
65510,101524,6908,48876,4661,94616,10437,5015,5422
65515,101530,6908,48881,4661,94622,10438,5016,5422
65520,101541,6911,48888,4663,94630,10439,5016,5423
65525,101545,6911,48889,4663,94634,10439,5016,5423
65530,101555,6912,48893,4663,94643,10440,5017,5423
65535,101561,6912,48896,4663,94649,10441,5017,5424
65540,101572,6914,48906,4665,94658,10442,5018,5424
65545,101576,6915,48909,4666,94661,10442,5018,5424
65550,101586,6916,48914,4667,94670,10443,5018,5425
65555,101592,6916,48915,4667,94676,10444,5019,5425
65560,101603,6918,48919,4667,94685,10445,5020,5425
65565,101607,6919,48920,4668,94688,10445,5020,5425
65570,101617,6920,48922,4668,94697,10446,5020,5426
65575,101623,6920,48925,4668,94703,10446,5020,5426
65580,101634,6922,48931,4669,94712,10447,5020,5427
65585,101638,6922,48931,4669,94716,10447,5020,5427
65590,101648,6923,48935,4669,94725,10447,5020,5427
65595,101654,6923,48939,4669,94731,10447,5020,5427
65600,101665,6924,48946,4669,94741,10447,5020,5427
65605,101669,6924,48948,4669,94745,10447,5020,5427
65610,101679,6925,48952,4670,94754,10447,5020,5427
65615,101685,6925,48954,4670,94760,10447,5020,5427
65620,101696,6926,48958,4671,94770,10447,5020,5427
65625,101700,6926,48961,4671,94774,10447,5020,5427
65630,101710,6927,48965,4671,94783,10447,5020,5427
65635,101716,6927,48970,4671,94789,10447,5020,5427
65640,101727,6929,48976,4672,94798,10447,5020,5427
65645,101731,6929,48978,4672,94802,10447,5020,5427
65650,101741,6930,48984,4673,94811,10447,5020,5427
65655,101747,6930,48987,4673,94817,10447,5020,5427
65660,101758,6932,48994,4675,94826,10448,5021,5427
65665,101762,6932,48994,4675,94830,10448,5021,5427
65670,101772,6933,48996,4676,94839,10448,5021,5427
65675,101778,6933,49000,4676,94845,10448,5021,5427
65680,101789,6935,49007,4677,94854,10449,5021,5428
65685,101793,6936,49009,4678,94857,10449,5021,5428
65690,101803,6937,49016,4679,94866,10449,5021,5428
65695,101809,6937,49020,4679,94872,10450,5022,5428
65700,101820,6939,49026,4680,94881,10451,5022,5429
65705,101824,6940,49028,4681,94884,10451,5022,5429
65710,101834,6941,49033,4682,94893,10452,5023,5429
65715,101840,6941,49034,4682,94899,10452,5023,5429
65720,101851,6943,49040,4684,94908,10453,5023,5430
65725,101855,6943,49043,4684,94912,10453,5023,5430
65730,101865,6944,49051,4684,94921,10454,5024,5430
65735,101871,6944,49054,4684,94927,10454,5024,5430
65740,101882,6947,49061,4687,94935,10455,5024,5431
65745,101886,6947,49061,4687,94939,10455,5024,5431
65750,101896,6948,49066,4688,94948,10455,5024,5431
65755,101902,6948,49069,4688,94954,10455,5024,5431
65760,101913,6951,49074,4690,94962,10456,5024,5432
65765,101917,6951,49076,4690,94966,10456,5024,5432
65770,101927,6952,49082,4691,94975,10456,5024,5432
65775,101933,6952,49084,4691,94981,10456,5024,5432
65780,101944,6954,49091,4692,94990,10456,5024,5432
65785,101948,6954,49093,4692,94994,10456,5024,5432
65790,101958,6955,49096,4692,95003,10456,5024,5432
65795,101964,6955,49099,4692,95009,10456,5024,5432
65800,101975,6957,49105,4693,95018,10456,5024,5432
65805,101979,6957,49108,4693,95022,10456,5024,5432
65810,101989,6958,49114,4694,95031,10456,5024,5432
65815,101995,6958,49117,4694,95037,10456,5024,5432
65820,102006,6960,49126,4696,95046,10456,5024,5432
65825,102010,6960,49128,4696,95050,10456,5024,5432
65830,102020,6961,49136,4697,95059,10456,5024,5432
65835,102026,6961,49138,4697,95065,10457,5024,5433
65840,102037,6963,49145,4698,95074,10457,5024,5433
65845,102041,6963,49148,4698,95078,10457,5024,5433
65850,102051,6964,49149,4698,95087,10457,5024,5433
65855,102057,6964,49150,4698,95093,10458,5024,5434
65860,102068,6966,49153,4698,95102,10458,5024,5434
65865,102072,6966,49154,4698,95106,10458,5024,5434
65870,102082,6967,49161,4699,95115,10458,5024,5434
65875,102088,6967,49162,4699,95121,10459,5024,5435
65880,102099,6970,49165,4701,95129,10460,5024,5436
65885,102103,6970,49165,4701,95133,10460,5024,5436
65890,102113,6971,49167,4701,95142,10460,5024,5436
65895,102119,6971,49169,4701,95148,10461,5024,5437
65900,102130,6973,49173,4702,95157,10462,5025,5437
65905,102134,6974,49175,4703,95160,10462,5025,5437
65910,102144,6975,49183,4703,95169,10462,5025,5437
65915,102150,6975,49185,4703,95175,10463,5025,5438
65920,102161,6977,49189,4705,95184,10464,5025,5439
65925,102165,6977,49191,4705,95188,10464,5025,5439
65930,102175,6978,49195,4706,95197,10464,5025,5439
65935,102181,6978,49197,4706,95203,10465,5025,5440
65940,102192,6981,49203,4708,95211,10466,5026,5440
65945,102196,6982,49204,4709,95214,10466,5026,5440
65950,102206,6983,49212,4710,95223,10466,5026,5440
65955,102212,6983,49213,4710,95229,10466,5026,5440
65960,102223,6985,49219,4711,95238,10467,5026,5441
65965,102227,6985,49221,4711,95242,10467,5026,5441
65970,102237,6986,49224,4711,95251,10468,5026,5442
65975,102243,6986,49225,4711,95257,10468,5026,5442
65980,102254,6988,49231,4712,95266,10469,5027,5442
65985,102258,6988,49232,4712,95270,10469,5027,5442
65990,102268,6989,49236,4712,95279,10469,5027,5442
65995,102274,6989,49237,4712,95285,10469,5027,5442
66000,102285,6991,49239,4713,95294,10469,5027,5442
66005,102289,6991,49241,4713,95298,10469,5027,5442
66010,102299,6992,49245,4714,95307,10469,5027,5442
66015,102305,6992,49247,4714,95313,10469,5027,5442
66020,102316,6993,49251,4714,95323,10469,5027,5442
66025,102320,6993,49251,4714,95327,10469,5027,5442
66030,102330,6994,49258,4714,95336,10469,5027,5442
66035,102336,6994,49260,4714,95342,10469,5027,5442
66040,102347,6995,49267,4714,95352,10469,5027,5442
66045,102351,6995,49269,4714,95356,10469,5027,5442
66050,102361,6996,49274,4715,95365,10469,5027,5442
66055,102367,6996,49277,4715,95371,10470,5027,5443
66060,102378,6997,49282,4716,95381,10470,5027,5443
66065,102382,6998,49284,4717,95384,10470,5027,5443
66070,102392,6999,49288,4717,95393,10470,5027,5443
66075,102398,6999,49291,4717,95399,10471,5028,5443
66080,102409,7001,49294,4718,95408,10471,5028,5443
66085,102413,7001,49297,4718,95412,10471,5028,5443
66090,102423,7002,49304,4719,95421,10472,5029,5443
66095,102429,7002,49309,4719,95427,10473,5030,5443
66100,102440,7004,49314,4720,95436,10473,5030,5443
66105,102444,7004,49315,4720,95440,10473,5030,5443
66110,102454,7005,49322,4721,95449,10473,5030,5443
66115,102460,7005,49325,4721,95455,10473,5030,5443
66120,102471,7008,49331,4722,95463,10473,5030,5443
66125,102475,7008,49333,4722,95467,10473,5030,5443
66130,102485,7009,49336,4722,95476,10473,5030,5443
66135,102491,7009,49339,4722,95482,10473,5030,5443
66140,102502,7012,49347,4725,95490,10473,5030,5443
66145,102506,7012,49347,4725,95494,10473,5030,5443
66150,102516,7013,49350,4725,95503,10473,5030,5443
66155,102522,7013,49351,4725,95509,10473,5030,5443
66160,102533,7015,49359,4727,95518,10473,5030,5443
66165,102537,7015,49362,4727,95522,10473,5030,5443
66170,102547,7016,49368,4728,95531,10473,5030,5443
66175,102553,7016,49370,4728,95537,10473,5030,5443
66180,102564,7018,49374,4729,95546,10473,5030,5443
66185,102568,7018,49376,4729,95550,10473,5030,5443
66190,102578,7019,49383,4729,95559,10473,5030,5443
66195,102584,7019,49384,4729,95565,10473,5030,5443
66200,102595,7021,49390,4730,95574,10473,5030,5443
66205,102599,7021,49391,4730,95578,10473,5030,5443
66210,102609,7022,49398,4731,95587,10473,5030,5443
66215,102615,7022,49400,4731,95593,10474,5030,5444
66220,102626,7024,49402,4731,95602,10474,5030,5444
66225,102630,7024,49402,4731,95606,10474,5030,5444
66230,102640,7025,49408,4732,95615,10475,5031,5444
66235,102646,7025,49410,4732,95621,10476,5032,5444
66240,102657,7027,49417,4734,95630,10476,5032,5444
66245,102661,7028,49420,4735,95633,10476,5032,5444
66250,102671,7029,49423,4736,95642,10477,5032,5445
66255,102677,7029,49429,4736,95648,10478,5033,5445
66260,102688,7031,49436,4738,95657,10478,5033,5445
66265,102692,7031,49438,4738,95661,10478,5033,5445
66270,102702,7032,49442,4739,95670,10478,5033,5445
66275,102708,7032,49444,4739,95676,10478,5033,5445
66280,102719,7034,49448,4739,95685,10478,5033,5445
66285,102723,7034,49450,4739,95689,10478,5033,5445
66290,102733,7035,49456,4740,95698,10478,5033,5445
66295,102739,7035,49457,4740,95704,10478,5033,5445
66300,102750,7038,49463,4743,95712,10478,5033,5445
66305,102754,7038,49465,4743,95716,10478,5033,5445
66310,102764,7039,49470,4743,95725,10478,5033,5445
66315,102770,7039,49473,4743,95731,10478,5033,5445
66320,102781,7042,49481,4745,95739,10478,5033,5445
66325,102785,7042,49484,4745,95743,10478,5033,5445
66330,102795,7043,49491,4746,95752,10478,5033,5445
66335,102801,7043,49492,4746,95758,10478,5033,5445
66340,102812,7046,49498,4749,95766,10478,5033,5445
66345,102816,7046,49499,4749,95770,10478,5033,5445
66350,102826,7047,49507,4750,95779,10478,5033,5445
66355,102832,7047,49508,4750,95785,10478,5033,5445
66360,102843,7049,49514,4752,95794,10478,5033,5445
66365,102847,7050,49517,4753,95797,10478,5033,5445
66370,102857,7051,49522,4754,95806,10479,5034,5445
66375,102863,7051,49528,4754,95812,10479,5034,5445
66380,102874,7053,49535,4755,95821,10479,5034,5445
66385,102878,7054,49538,4756,95824,10479,5034,5445
66390,102888,7055,49543,4756,95833,10480,5035,5445
66395,102894,7055,49546,4756,95839,10480,5035,5445
66400,102905,7057,49550,4756,95848,10480,5035,5445
66405,102909,7057,49551,4756,95852,10480,5035,5445
66410,102919,7058,49557,4757,95861,10481,5035,5446
66415,102925,7058,49560,4757,95867,10481,5035,5446
66420,102936,7060,49565,4758,95876,10481,5035,5446
66425,102940,7060,49567,4758,95880,10481,5035,5446
66430,102950,7061,49573,4759,95889,10481,5035,5446
66435,102956,7061,49574,4759,95895,10481,5035,5446
66440,102967,7063,49580,4759,95904,10481,5035,5446
66445,102971,7064,49583,4760,95907,10481,5035,5446
66450,102981,7065,49585,4760,95916,10481,5035,5446
66455,102987,7065,49589,4760,95922,10481,5035,5446
66460,102998,7067,49593,4760,95931,10481,5035,5446
66465,103002,7067,49593,4760,95935,10481,5035,5446
66470,103012,7068,49596,4760,95944,10481,5035,5446
66475,103018,7068,49600,4760,95950,10482,5036,5446
66480,103029,7070,49604,4761,95959,10482,5036,5446
66485,103033,7070,49604,4761,95963,10482,5036,5446
66490,103043,7071,49608,4762,95972,10482,5036,5446
66495,103049,7071,49614,4762,95978,10483,5037,5446
66500,103060,7073,49619,4763,95987,10483,5037,5446
66505,103064,7074,49622,4764,95990,10483,5037,5446
66510,103074,7075,49626,4764,95999,10483,5037,5446
66515,103080,7075,49630,4764,96005,10483,5037,5446
66520,103091,7078,49635,4767,96013,10483,5037,5446
66525,103095,7078,49637,4767,96017,10483,5037,5446
66530,103105,7079,49641,4768,96026,10483,5037,5446
66535,103111,7079,49645,4768,96032,10483,5037,5446
66540,103122,7082,49649,4769,96040,10483,5037,5446
66545,103126,7082,49650,4769,96044,10483,5037,5446
66550,103136,7083,49656,4770,96053,10484,5037,5447
66555,103142,7083,49659,4770,96059,10484,5037,5447
66560,103153,7084,49665,4770,96069,10484,5037,5447
66565,103157,7084,49667,4770,96073,10484,5037,5447
66570,103167,7085,49670,4771,96082,10485,5038,5447
66575,103173,7085,49674,4771,96088,10485,5038,5447
66580,103184,7086,49680,4772,96098,10485,5038,5447
66585,103188,7086,49681,4772,96102,10485,5038,5447
66590,103198,7087,49686,4772,96111,10485,5038,5447
66595,103204,7087,49689,4772,96117,10485,5038,5447
66600,103215,7088,49693,4773,96127,10485,5038,5447
66605,103219,7088,49694,4773,96131,10485,5038,5447
66610,103229,7089,49697,4774,96140,10485,5038,5447
66615,103235,7089,49702,4774,96146,10485,5038,5447
66620,103246,7090,49708,4775,96156,10485,5038,5447
66625,103250,7090,49711,4775,96160,10485,5038,5447
66630,103260,7091,49716,4775,96169,10485,5038,5447
66635,103266,7091,49720,4775,96175,10485,5038,5447
66640,103277,7092,49725,4776,96185,10485,5038,5447
66645,103281,7092,49727,4776,96189,10485,5038,5447
66650,103291,7093,49731,4776,96198,10485,5038,5447
66655,103297,7093,49734,4776,96204,10485,5038,5447
66660,103308,7096,49742,4778,96212,10485,5038,5447
66665,103312,7097,49744,4779,96215,10485,5038,5447
66670,103322,7098,49749,4780,96224,10486,5039,5447
66675,103328,7098,49753,4780,96230,10487,5039,5448
66680,103339,7100,49757,4780,96239,10487,5039,5448
66685,103343,7100,49759,4780,96243,10487,5039,5448
66690,103353,7101,49765,4781,96252,10488,5039,5449
66695,103359,7101,49767,4781,96258,10489,5039,5450
66700,103370,7104,49775,4783,96266,10489,5039,5450
66705,103374,7104,49777,4783,96270,10489,5039,5450
66710,103384,7105,49783,4784,96279,10490,5039,5451
66715,103390,7105,49785,4784,96285,10491,5039,5452
66720,103401,7108,49790,4786,96293,10491,5039,5452
66725,103405,7108,49791,4786,96297,10491,5039,5452
66730,103415,7109,49794,4786,96306,10492,5039,5453
66735,103421,7109,49797,4786,96312,10492,5039,5453
66740,103432,7111,49803,4788,96321,10492,5039,5453
66745,103436,7111,49805,4788,96325,10492,5039,5453
66750,103446,7112,49806,4788,96334,10492,5039,5453
66755,103452,7112,49809,4788,96340,10492,5039,5453
66760,103463,7114,49818,4790,96349,10492,5039,5453
66765,103467,7115,49821,4791,96352,10492,5039,5453
66770,103477,7116,49825,4791,96361,10492,5039,5453
66775,103483,7116,49828,4791,96367,10492,5039,5453
66780,103494,7118,49831,4791,96376,10492,5039,5453
66785,103498,7119,49834,4792,96379,10492,5039,5453
66790,103508,7120,49839,4793,96388,10493,5040,5453
66795,103514,7120,49841,4793,96394,10493,5040,5453
66800,103525,7122,49847,4794,96403,10493,5040,5453
66805,103529,7123,49850,4795,96406,10493,5040,5453
66810,103539,7124,49854,4796,96415,10494,5040,5454
66815,103545,7124,49855,4796,96421,10494,5040,5454
66820,103556,7126,49861,4796,96430,10494,5040,5454
66825,103560,7126,49862,4796,96434,10494,5040,5454
66830,103570,7127,49868,4796,96443,10495,5041,5454
66835,103576,7127,49871,4796,96449,10496,5041,5455
66840,103587,7130,49876,4799,96457,10496,5041,5455
66845,103591,7130,49879,4799,96461,10496,5041,5455
66850,103601,7131,49886,4799,96470,10496,5041,5455
66855,103607,7131,49889,4799,96476,10497,5042,5455
66860,103618,7133,49894,4800,96485,10497,5042,5455
66865,103622,7134,49896,4801,96488,10497,5042,5455
66870,103632,7135,49900,4802,96497,10497,5042,5455
66875,103638,7135,49903,4802,96503,10498,5042,5456
66880,103649,7137,49906,4803,96512,10498,5042,5456
66885,103653,7137,49908,4803,96516,10498,5042,5456
66890,103663,7138,49916,4804,96525,10498,5042,5456
66895,103669,7138,49917,4804,96531,10498,5042,5456
66900,103680,7141,49922,4807,96539,10498,5042,5456
66905,103684,7141,49923,4807,96543,10498,5042,5456
66910,103694,7142,49927,4808,96552,10499,5043,5456
66915,103700,7142,49929,4808,96558,10499,5043,5456
66920,103711,7144,49934,4809,96567,10499,5043,5456
66925,103715,7144,49936,4809,96571,10499,5043,5456
66930,103725,7145,49939,4809,96580,10500,5043,5457
66935,103731,7145,49943,4809,96586,10500,5043,5457
66940,103742,7147,49948,4810,96595,10500,5043,5457
66945,103746,7147,49950,4810,96599,10500,5043,5457
66950,103756,7148,49955,4810,96608,10500,5043,5457
66955,103762,7148,49957,4810,96614,10500,5043,5457
66960,103773,7150,49964,4811,96623,10500,5043,5457
66965,103777,7150,49966,4811,96627,10500,5043,5457
66970,103787,7151,49969,4811,96636,10500,5043,5457
66975,103793,7151,49974,4811,96642,10500,5043,5457
66980,103804,7152,49978,4812,96652,10500,5043,5457
66985,103808,7152,49980,4812,96656,10500,5043,5457
66990,103818,7153,49983,4813,96665,10500,5043,5457
66995,103824,7153,49986,4813,96671,10501,5044,5457
67000,103835,7154,49993,4814,96681,10501,5044,5457
67005,103839,7154,49995,4814,96685,10501,5044,5457
67010,103849,7155,50000,4815,96694,10501,5044,5457
67015,103855,7155,50004,4815,96700,10502,5045,5457
67020,103866,7156,50009,4816,96710,10502,5045,5457
67025,103870,7156,50009,4816,96714,10502,5045,5457
67030,103880,7157,50015,4817,96723,10503,5046,5457
67035,103886,7157,50018,4817,96729,10504,5047,5457
67040,103897,7159,50022,4818,96738,10504,5047,5457
67045,103901,7159,50024,4818,96742,10504,5047,5457
67050,103911,7160,50026,4818,96751,10505,5047,5458
67055,103917,7160,50028,4818,96757,10505,5047,5458
67060,103928,7162,50031,4820,96766,10505,5047,5458
67065,103932,7163,50033,4821,96769,10505,5047,5458
67070,103942,7164,50038,4821,96778,10506,5048,5458
67075,103948,7164,50044,4821,96784,10506,5048,5458
67080,103959,7167,50053,4824,96792,10506,5048,5458
67085,103963,7167,50055,4824,96796,10506,5048,5458
67090,103973,7168,50060,4825,96805,10506,5048,5458
67095,103979,7168,50060,4825,96811,10506,5048,5458
67100,103990,7170,50066,4825,96820,10506,5048,5458
67105,103994,7170,50067,4825,96824,10506,5048,5458
67110,104004,7171,50074,4825,96833,10506,5048,5458
67115,104010,7171,50077,4825,96839,10506,5048,5458
67120,104021,7173,50085,4826,96848,10506,5048,5458
67125,104025,7174,50087,4827,96851,10506,5048,5458
67130,104035,7175,50093,4827,96860,10506,5048,5458
67135,104041,7175,50096,4827,96866,10506,5048,5458
67140,104052,7177,50102,4828,96875,10506,5048,5458
67145,104056,7177,50103,4828,96879,10506,5048,5458
67150,104066,7178,50106,4828,96888,10506,5048,5458
67155,104072,7178,50108,4828,96894,10507,5049,5458
67160,104083,7180,50114,4829,96903,10507,5049,5458
67165,104087,7181,50116,4830,96906,10507,5049,5458
67170,104097,7182,50120,4831,96915,10507,5049,5458
67175,104103,7182,50124,4831,96921,10508,5049,5459
67180,104114,7184,50129,4833,96930,10508,5049,5459
67185,104118,7185,50131,4834,96933,10508,5049,5459
67190,104128,7186,50136,4834,96942,10508,5049,5459
67195,104134,7186,50137,4834,96948,10509,5050,5459
67200,104145,7189,50140,4835,96956,10509,5050,5459
67205,104149,7190,50142,4836,96959,10509,5050,5459
67210,104159,7191,50147,4837,96968,10509,5050,5459
67215,104165,7191,50151,4837,96974,10510,5050,5460
67220,104176,7193,50158,4838,96983,10510,5050,5460
67225,104180,7194,50161,4839,96986,10510,5050,5460
67230,104190,7195,50166,4839,96995,10510,5050,5460
67235,104196,7195,50167,4839,97001,10510,5050,5460
67240,104207,7198,50173,4841,97009,10510,5050,5460
67245,104211,7198,50174,4841,97013,10510,5050,5460
67250,104221,7199,50178,4841,97022,10510,5050,5460
67255,104227,7199,50180,4841,97028,10510,5050,5460
67260,104238,7202,50183,4843,97036,10510,5050,5460
67265,104242,7202,50185,4843,97040,10510,5050,5460
67270,104252,7203,50188,4843,97049,10510,5050,5460
67275,104258,7203,50191,4843,97055,10510,5050,5460
67280,104269,7205,50194,4843,97064,10510,5050,5460
67285,104273,7205,50196,4843,97068,10510,5050,5460
67290,104283,7206,50200,4843,97077,10510,5050,5460
67295,104289,7206,50204,4843,97083,10510,5050,5460
67300,104300,7208,50210,4843,97092,10510,5050,5460
67305,104304,7208,50211,4843,97096,10510,5050,5460
67310,104314,7209,50217,4843,97105,10511,5051,5460
67315,104320,7209,50218,4843,97111,10511,5051,5460
67320,104331,7211,50224,4844,97120,10511,5051,5460
67325,104335,7212,50227,4845,97123,10511,5051,5460
67330,104345,7213,50232,4846,97132,10511,5051,5460
67335,104351,7213,50234,4846,97138,10511,5051,5460
67340,104362,7215,50240,4848,97147,10511,5051,5460
67345,104366,7215,50242,4848,97151,10511,5051,5460
67350,104376,7216,50248,4848,97160,10511,5051,5460
67355,104382,7216,50251,4848,97166,10511,5051,5460
67360,104393,7218,50256,4850,97175,10511,5051,5460
67365,104397,7218,50258,4850,97179,10511,5051,5460
67370,104407,7219,50263,4851,97188,10511,5051,5460
67375,104413,7219,50266,4851,97194,10511,5051,5460
67380,104424,7221,50268,4851,97203,10511,5051,5460
67385,104428,7221,50270,4851,97207,10511,5051,5460
67390,104438,7222,50272,4851,97216,10511,5051,5460
67395,104444,7222,50274,4851,97222,10512,5051,5461
67400,104455,7223,50277,4852,97232,10512,5051,5461
67405,104459,7223,50279,4852,97236,10512,5051,5461
67410,104469,7224,50281,4852,97245,10512,5051,5461
67415,104475,7224,50283,4852,97251,10513,5051,5462
67420,104486,7225,50291,4853,97261,10513,5051,5462
67425,104490,7226,50292,4854,97264,10513,5051,5462
67430,104500,7227,50297,4855,97273,10514,5051,5463
67435,104506,7227,50301,4855,97279,10515,5052,5463
67440,104517,7228,50305,4856,97289,10515,5052,5463
67445,104521,7228,50308,4856,97293,10515,5052,5463
67450,104531,7229,50315,4857,97302,10515,5052,5463
67455,104537,7229,50318,4857,97308,10515,5052,5463
67460,104548,7230,50325,4858,97318,10515,5052,5463
67465,104552,7230,50326,4858,97322,10515,5052,5463
67470,104562,7231,50332,4859,97331,10515,5052,5463
67475,104568,7231,50336,4859,97337,10515,5052,5463
67480,104579,7232,50338,4859,97347,10515,5052,5463
67485,104583,7232,50341,4859,97351,10515,5052,5463
67490,104593,7233,50346,4860,97360,10515,5052,5463
67495,104599,7233,50347,4860,97366,10515,5052,5463
67500,104610,7236,50352,4862,97374,10515,5052,5463
67505,104614,7237,50353,4862,97377,10515,5052,5463
67510,104624,7238,50357,4862,97386,10515,5052,5463
67515,104630,7238,50359,4862,97392,10515,5052,5463
67520,104641,7240,50362,4863,97401,10515,5052,5463
67525,104645,7241,50365,4864,97404,10515,5052,5463
67530,104655,7242,50370,4864,97413,10515,5052,5463
67535,104661,7242,50374,4864,97419,10515,5052,5463
67540,104672,7244,50379,4864,97428,10515,5052,5463
67545,104676,7245,50382,4865,97431,10515,5052,5463
67550,104686,7246,50386,4866,97440,10516,5052,5464
67555,104692,7246,50390,4866,97446,10517,5052,5465
67560,104703,7246,50395,4866,97457,10517,5052,5465
67565,104707,7247,50398,4867,97460,10517,5052,5465
67570,104717,7248,50404,4867,97469,10517,5052,5465
67575,104723,7248,50406,4867,97475,10517,5052,5465
67580,104734,7248,50412,4867,97486,10517,5052,5465
67585,104738,7249,50415,4868,97489,10517,5052,5465
67590,104748,7250,50420,4869,97498,10517,5052,5465
67595,104754,7250,50424,4869,97504,10517,5052,5465
67600,104765,7250,50426,4869,97515,10517,5052,5465
67605,104769,7251,50428,4869,97518,10517,5052,5465
67610,104779,7252,50434,4870,97527,10517,5052,5465
67615,104785,7252,50437,4870,97533,10517,5052,5465
67620,104796,7253,50444,4871,97543,10517,5052,5465
67625,104800,7254,50446,4872,97546,10517,5052,5465
67630,104810,7255,50449,4873,97555,10517,5052,5465
67635,104816,7255,50451,4873,97561,10517,5052,5465
67640,104827,7256,50454,4873,97571,10517,5052,5465
67645,104831,7256,50456,4873,97575,10517,5052,5465
67650,104841,7257,50463,4874,97584,10517,5052,5465
67655,104847,7257,50467,4874,97590,10517,5052,5465
67660,104858,7258,50471,4874,97600,10517,5052,5465
67665,104862,7258,50473,4874,97604,10517,5052,5465
67670,104872,7259,50477,4874,97613,10517,5052,5465
67675,104878,7259,50480,4874,97619,10518,5053,5465
67680,104889,7260,50485,4875,97629,10518,5053,5465
67685,104893,7261,50486,4875,97632,10518,5053,5465
67690,104903,7262,50491,4875,97641,10519,5054,5465
67695,104909,7262,50493,4875,97647,10519,5054,5465
67700,104920,7263,50497,4875,97657,10519,5054,5465
67705,104924,7264,50498,4876,97660,10519,5054,5465
67710,104934,7265,50500,4877,97669,10519,5054,5465
67715,104940,7265,50502,4877,97675,10519,5054,5465
67720,104951,7266,50506,4878,97685,10519,5054,5465
67725,104955,7267,50508,4878,97688,10519,5054,5465
67730,104965,7268,50511,4878,97697,10519,5054,5465
67735,104971,7268,50514,4878,97703,10519,5054,5465
67740,104982,7269,50517,4879,97713,10519,5054,5465
67745,104986,7270,50520,4880,97716,10519,5054,5465
67750,104996,7271,50525,4881,97725,10519,5054,5465
67755,105002,7271,50528,4881,97731,10519,5054,5465
67760,105013,7272,50534,4882,97741,10519,5054,5465
67765,105017,7273,50536,4882,97744,10519,5054,5465
67770,105027,7274,50541,4883,97753,10519,5054,5465
67775,105033,7274,50542,4883,97759,10519,5054,5465
67780,105044,7275,50547,4884,97769,10519,5054,5465
67785,105048,7276,50549,4884,97772,10519,5054,5465
67790,105058,7277,50554,4885,97781,10519,5054,5465
67795,105064,7277,50556,4885,97787,10519,5054,5465
67800,105075,7278,50558,4885,97797,10519,5054,5465
67805,105079,7279,50562,4886,97800,10519,5054,5465
67810,105089,7280,50566,4887,97809,10520,5055,5465
67815,105095,7280,50570,4887,97815,10521,5056,5465
67820,105106,7280,50574,4887,97826,10521,5056,5465
67825,105110,7280,50578,4887,97830,10521,5056,5465
67830,105120,7281,50582,4887,97839,10522,5057,5465
67835,105126,7281,50584,4887,97845,10522,5057,5465
67840,105137,7281,50588,4887,97856,10522,5057,5465
67845,105141,7281,50591,4887,97860,10522,5057,5465
67850,105151,7282,50598,4887,97869,10522,5057,5465
67855,105157,7282,50600,4887,97875,10522,5057,5465
67860,105168,7282,50602,4887,97886,10522,5057,5465
67865,105172,7282,50602,4887,97890,10522,5057,5465
67870,105182,7283,50607,4888,97899,10522,5057,5465
67875,105188,7283,50610,4888,97905,10522,5057,5465
67880,105199,7283,50613,4888,97916,10522,5057,5465
67885,105203,7283,50614,4888,97920,10522,5057,5465
67890,105213,7284,50620,4889,97929,10522,5057,5465
67895,105219,7284,50621,4889,97935,10522,5057,5465
67900,105230,7284,50625,4889,97946,10522,5057,5465
67905,105234,7284,50627,4889,97950,10522,5057,5465
67910,105244,7285,50632,4890,97959,10522,5057,5465
67915,105250,7285,50637,4890,97965,10522,5057,5465
67920,105261,7286,50644,4891,97975,10522,5057,5465
67925,105265,7287,50645,4891,97978,10522,5057,5465
67930,105275,7288,50652,4891,97987,10522,5057,5465
67935,105281,7288,50654,4891,97993,10523,5058,5465
67940,105292,7289,50658,4891,98003,10523,5058,5465
67945,105296,7290,50659,4891,98006,10523,5058,5465
67950,105306,7291,50662,4892,98015,10523,5058,5465
67955,105312,7291,50663,4892,98021,10524,5058,5466
67960,105323,7292,50668,4893,98031,10524,5058,5466
67965,105327,7293,50670,4894,98034,10524,5058,5466
67970,105337,7294,50673,4894,98043,10524,5058,5466
67975,105343,7294,50677,4894,98049,10524,5058,5466
67980,105354,7295,50681,4894,98059,10524,5058,5466
67985,105358,7296,50683,4894,98062,10524,5058,5466
67990,105368,7297,50690,4894,98071,10524,5058,5466
67995,105374,7297,50694,4894,98077,10524,5058,5466
68000,105385,7298,50699,4895,98087,10524,5058,5466
68005,105389,7299,50700,4895,98090,10524,5058,5466
68010,105399,7300,50709,4896,98099,10524,5058,5466
68015,105405,7300,50713,4896,98105,10524,5058,5466
68020,105416,7301,50718,4896,98115,10524,5058,5466
68025,105420,7302,50721,4897,98118,10524,5058,5466
68030,105430,7303,50726,4897,98127,10524,5058,5466
68035,105436,7303,50730,4897,98133,10524,5058,5466
68040,105447,7304,50737,4897,98143,10524,5058,5466
68045,105451,7305,50740,4898,98146,10524,5058,5466
68050,105461,7306,50746,4898,98155,10525,5059,5466
68055,105467,7306,50749,4898,98161,10526,5059,5467
68060,105478,7307,50755,4898,98171,10526,5059,5467
68065,105482,7308,50759,4899,98174,10526,5059,5467
68070,105492,7309,50763,4900,98183,10527,5059,5468
68075,105498,7309,50765,4900,98189,10528,5059,5469
68080,105509,7310,50772,4901,98199,10528,5059,5469
68085,105513,7311,50773,4901,98202,10528,5059,5469
68090,105523,7312,50779,4901,98211,10528,5059,5469
68095,105529,7312,50782,4901,98217,10528,5059,5469
68100,105540,7313,50790,4902,98227,10528,5059,5469
68105,105544,7313,50790,4902,98231,10528,5059,5469
68110,105554,7314,50792,4902,98240,10528,5059,5469
68115,105560,7314,50794,4902,98246,10528,5059,5469
68120,105571,7314,50800,4902,98257,10528,5059,5469
68125,105575,7314,50802,4902,98261,10528,5059,5469
68130,105585,7315,50805,4902,98270,10528,5059,5469
68135,105591,7315,50807,4902,98276,10528,5059,5469
68140,105602,7315,50813,4902,98287,10528,5059,5469
68145,105606,7315,50814,4902,98291,10528,5059,5469
68150,105616,7316,50819,4902,98300,10528,5059,5469
68155,105622,7316,50823,4902,98306,10528,5059,5469
68160,105633,7316,50826,4902,98317,10528,5059,5469
68165,105637,7316,50828,4902,98321,10528,5059,5469
68170,105647,7317,50832,4902,98330,10528,5059,5469
68175,105653,7317,50837,4902,98336,10528,5059,5469
68180,105664,7317,50844,4902,98347,10528,5059,5469
68185,105668,7317,50848,4902,98351,10528,5059,5469
68190,105678,7318,50855,4903,98360,10528,5059,5469
68195,105684,7318,50857,4903,98366,10529,5060,5469
68200,105695,7318,50862,4903,98377,10529,5060,5469
68205,105699,7319,50863,4904,98380,10529,5060,5469
68210,105709,7320,50866,4905,98389,10530,5060,5470
68215,105715,7320,50870,4905,98395,10531,5061,5470
68220,105726,7321,50878,4905,98405,10531,5061,5470
68225,105730,7322,50880,4906,98408,10531,5061,5470
68230,105740,7323,50884,4906,98417,10531,5061,5470
68235,105746,7323,50887,4906,98423,10531,5061,5470
68240,105757,7324,50891,4907,98433,10531,5061,5470
68245,105761,7325,50893,4908,98436,10531,5061,5470
68250,105771,7326,50897,4909,98445,10531,5061,5470
68255,105777,7326,50899,4909,98451,10531,5061,5470
68260,105788,7327,50904,4909,98461,10531,5061,5470
68265,105792,7328,50906,4910,98464,10531,5061,5470
68270,105802,7329,50912,4911,98473,10531,5061,5470
68275,105808,7329,50915,4911,98479,10531,5061,5470
68280,105819,7330,50923,4911,98489,10531,5061,5470
68285,105823,7330,50926,4911,98493,10531,5061,5470
68290,105833,7331,50930,4912,98502,10532,5061,5471
68295,105839,7331,50933,4912,98508,10532,5061,5471
68300,105850,7332,50938,4913,98518,10532,5061,5471
68305,105854,7332,50939,4913,98522,10532,5061,5471
68310,105864,7333,50944,4913,98531,10533,5062,5471
68315,105870,7333,50945,4913,98537,10533,5062,5471
68320,105881,7334,50950,4913,98547,10533,5062,5471
68325,105885,7334,50954,4913,98551,10533,5062,5471
68330,105895,7335,50957,4914,98560,10533,5062,5471
68335,105901,7335,50960,4914,98566,10534,5062,5472
68340,105912,7336,50966,4915,98576,10534,5062,5472
68345,105916,7337,50969,4916,98579,10534,5062,5472
68350,105926,7338,50972,4916,98588,10534,5062,5472
68355,105932,7338,50977,4916,98594,10535,5063,5472
68360,105943,7339,50983,4916,98604,10535,5063,5472
68365,105947,7340,50986,4917,98607,10535,5063,5472
68370,105957,7341,50991,4917,98616,10535,5063,5472
68375,105963,7341,50995,4917,98622,10535,5063,5472
68380,105974,7342,51001,4918,98632,10535,5063,5472
68385,105978,7343,51002,4919,98635,10535,5063,5472
68390,105988,7344,51006,4919,98644,10535,5063,5472
68395,105994,7344,51010,4919,98650,10535,5063,5472
68400,106005,7344,51015,4919,98661,10535,5063,5472
68405,106009,7344,51016,4919,98665,10535,5063,5472
68410,106019,7345,51020,4920,98674,10535,5063,5472
68415,106025,7345,51023,4920,98680,10535,5063,5472
68420,106036,7345,51026,4920,98691,10535,5063,5472
68425,106040,7345,51028,4920,98695,10535,5063,5472
68430,106050,7346,51035,4921,98704,10535,5063,5472
68435,106056,7346,51037,4921,98710,10535,5063,5472
68440,106067,7346,51042,4921,98721,10535,5063,5472
68445,106071,7346,51044,4921,98725,10535,5063,5472
68450,106081,7347,51047,4921,98734,10535,5063,5472
68455,106087,7347,51049,4921,98740,10535,5063,5472
68460,106098,7347,51057,4921,98751,10535,5063,5472
68465,106102,7347,51059,4921,98755,10535,5063,5472
68470,106112,7348,51068,4922,98764,10536,5064,5472
68475,106118,7348,51071,4922,98770,10537,5064,5473
68480,106129,7348,51076,4922,98781,10537,5064,5473
68485,106133,7348,51077,4922,98785,10537,5064,5473
68490,106143,7349,51082,4923,98794,10538,5065,5473
68495,106149,7349,51086,4923,98800,10539,5066,5473
68500,106160,7349,51090,4923,98811,10539,5066,5473
68505,106164,7349,51090,4923,98815,10539,5066,5473
68510,106174,7350,51095,4923,98824,10540,5066,5474
68515,106180,7350,51097,4923,98830,10541,5067,5474
68520,106191,7351,51104,4924,98840,10541,5067,5474
68525,106195,7351,51105,4924,98844,10541,5067,5474
68530,106205,7352,51110,4925,98853,10541,5067,5474
68535,106211,7352,51113,4925,98859,10541,5067,5474
68540,106222,7352,51116,4925,98870,10541,5067,5474
68545,106226,7353,51120,4926,98873,10541,5067,5474
68550,106236,7354,51125,4927,98882,10541,5067,5474
68555,106242,7354,51128,4927,98888,10541,5067,5474
68560,106253,7355,51134,4928,98898,10541,5067,5474
68565,106257,7356,51136,4929,98901,10541,5067,5474
68570,106267,7357,51141,4930,98910,10541,5067,5474
68575,106273,7357,51147,4930,98916,10541,5067,5474
68580,106284,7358,51152,4931,98926,10541,5067,5474
68585,106288,7358,51154,4931,98930,10541,5067,5474
68590,106298,7359,51159,4932,98939,10541,5067,5474
68595,106304,7359,51164,4932,98945,10541,5067,5474
68600,106315,7360,51169,4933,98955,10541,5067,5474
68605,106319,7360,51170,4933,98959,10541,5067,5474
68610,106329,7361,51175,4934,98968,10541,5067,5474
68615,106335,7361,51177,4934,98974,10541,5067,5474
68620,106346,7361,51178,4934,98985,10541,5067,5474
68625,106350,7362,51181,4935,98988,10541,5067,5474
68630,106360,7363,51186,4936,98997,10541,5067,5474
68635,106366,7363,51188,4936,99003,10542,5068,5474
68640,106377,7364,51193,4937,99013,10542,5068,5474
68645,106381,7364,51193,4937,99017,10542,5068,5474
68650,106391,7365,51198,4938,99026,10543,5069,5474
68655,106397,7365,51201,4938,99032,10544,5069,5475
68660,106408,7366,51207,4939,99042,10544,5069,5475
68665,106412,7366,51208,4939,99046,10544,5069,5475
68670,106422,7367,51211,4939,99055,10544,5069,5475
68675,106428,7367,51215,4939,99061,10544,5069,5475
68680,106439,7367,51220,4939,99072,10544,5069,5475
68685,106443,7367,51220,4939,99076,10544,5069,5475
68690,106453,7368,51223,4940,99085,10544,5069,5475
68695,106459,7368,51225,4940,99091,10544,5069,5475
68700,106470,7368,51229,4940,99102,10544,5069,5475
68705,106474,7368,51229,4940,99106,10544,5069,5475
68710,106484,7369,51236,4941,99115,10544,5069,5475
68715,106490,7369,51238,4941,99121,10544,5069,5475
68720,106501,7369,51240,4941,99132,10544,5069,5475
68725,106505,7370,51242,4942,99135,10544,5069,5475
68730,106515,7371,51245,4942,99144,10544,5069,5475
68735,106521,7371,51249,4942,99150,10544,5069,5475
68740,106532,7372,51256,4943,99160,10544,5069,5475
68745,106536,7373,51258,4944,99163,10544,5069,5475
68750,106546,7374,51263,4944,99172,10544,5069,5475
68755,106552,7374,51264,4944,99178,10544,5069,5475
68760,106563,7375,51269,4945,99188,10544,5069,5475
68765,106567,7375,51270,4945,99192,10544,5069,5475
68770,106577,7376,51274,4946,99201,10545,5069,5476
68775,106583,7376,51279,4946,99207,10546,5070,5476
68780,106594,7377,51284,4947,99217,10546,5070,5476
68785,106598,7378,51287,4948,99220,10546,5070,5476
68790,106608,7379,51292,4948,99229,10547,5071,5476
68795,106614,7379,51293,4948,99235,10548,5072,5476
68800,106625,7379,51297,4948,99246,10548,5072,5476
68805,106629,7379,51299,4948,99250,10548,5072,5476
68810,106639,7380,51305,4949,99259,10549,5073,5476
68815,106645,7380,51309,4949,99265,10550,5074,5476
68820,106656,7381,51314,4950,99275,10550,5074,5476
68825,106660,7381,51316,4950,99279,10550,5074,5476
68830,106670,7382,51318,4950,99288,10550,5074,5476
68835,106676,7382,51321,4950,99294,10550,5074,5476
68840,106687,7382,51328,4950,99305,10550,5074,5476
68845,106691,7382,51330,4950,99309,10550,5074,5476
68850,106701,7383,51335,4951,99318,10550,5074,5476
68855,106707,7383,51338,4951,99324,10550,5074,5476
68860,106718,7383,51342,4951,99335,10550,5074,5476
68865,106722,7383,51345,4951,99339,10550,5074,5476
68870,106732,7384,51350,4952,99348,10550,5074,5476
68875,106738,7384,51353,4952,99354,10550,5074,5476
68880,106749,7384,51356,4952,99365,10550,5074,5476
68885,106753,7384,51357,4952,99369,10550,5074,5476
68890,106763,7385,51360,4952,99378,10550,5074,5476
68895,106769,7385,51362,4952,99384,10550,5074,5476
68900,106780,7385,51364,4952,99395,10550,5074,5476
68905,106784,7385,51366,4952,99399,10550,5074,5476
68910,106794,7386,51372,4952,99408,10550,5074,5476
68915,106800,7386,51375,4952,99414,10550,5074,5476
68920,106811,7386,51381,4952,99425,10550,5074,5476
68925,106815,7386,51382,4952,99429,10550,5074,5476
68930,106825,7387,51386,4952,99438,10551,5074,5477
68935,106831,7387,51388,4952,99444,10552,5074,5478
68940,106842,7388,51396,4953,99454,10552,5074,5478
68945,106846,7389,51398,4954,99457,10552,5074,5478
68950,106856,7390,51402,4955,99466,10553,5075,5478
68955,106862,7390,51405,4955,99472,10554,5076,5478
68960,106873,7391,51412,4956,99482,10554,5076,5478
68965,106877,7391,51413,4956,99486,10554,5076,5478
68970,106887,7392,51417,4957,99495,10555,5076,5479
68975,106893,7392,51419,4957,99501,10556,5076,5480
68980,106904,7392,51423,4957,99512,10556,5076,5480
68985,106908,7392,51425,4957,99516,10556,5076,5480
68990,106918,7393,51433,4958,99525,10556,5076,5480
68995,106924,7393,51438,4958,99531,10556,5076,5480
69000,106935,7393,51444,4958,99542,10556,5076,5480
69005,106939,7394,51446,4959,99545,10556,5076,5480
69010,106949,7395,51450,4960,99554,10556,5076,5480
69015,106955,7395,51454,4960,99560,10556,5076,5480
69020,106966,7395,51459,4960,99571,10556,5076,5480
69025,106970,7396,51463,4961,99574,10556,5076,5480
69030,106980,7397,51468,4961,99583,10556,5076,5480
69035,106986,7397,51469,4961,99589,10556,5076,5480
69040,106997,7397,51473,4961,99600,10556,5076,5480
69045,107001,7397,51475,4961,99604,10556,5076,5480
69050,107011,7398,51482,4962,99613,10556,5076,5480
69055,107017,7398,51484,4962,99619,10556,5076,5480
69060,107028,7399,51490,4963,99629,10556,5076,5480
69065,107032,7399,51493,4963,99633,10556,5076,5480
69070,107042,7400,51498,4964,99642,10556,5076,5480
69075,107048,7400,51500,4964,99648,10556,5076,5480
69080,107059,7401,51506,4965,99658,10556,5076,5480
69085,107063,7402,51509,4966,99661,10556,5076,5480
69090,107073,7403,51515,4967,99670,10557,5077,5480
69095,107079,7403,51518,4967,99676,10558,5078,5480
69100,107090,7404,51525,4968,99686,10558,5078,5480
69105,107094,7404,51528,4968,99690,10558,5078,5480
69110,107104,7405,51531,4968,99699,10559,5078,5481
69115,107110,7405,51535,4968,99705,10560,5079,5481
69120,107121,7405,51540,4968,99716,10560,5079,5481
69125,107125,7405,51541,4968,99720,10560,5079,5481
69130,107135,7406,51548,4969,99729,10560,5079,5481
69135,107141,7406,51550,4969,99735,10560,5079,5481
69140,107152,7407,51555,4970,99745,10560,5079,5481
69145,107156,7407,51557,4970,99749,10560,5079,5481
69150,107166,7408,51561,4971,99758,10560,5079,5481
69155,107172,7408,51566,4971,99764,10560,5079,5481
69160,107183,7408,51574,4971,99775,10560,5079,5481
69165,107187,7408,51576,4971,99779,10560,5079,5481
69170,107197,7409,51580,4971,99788,10560,5079,5481
69175,107203,7409,51585,4971,99794,10560,5079,5481
69180,107214,7410,51589,4972,99804,10560,5079,5481
69185,107218,7410,51591,4972,99808,10560,5079,5481
69190,107228,7411,51596,4973,99817,10560,5079,5481
69195,107234,7411,51598,4973,99823,10560,5079,5481
69200,107245,7412,51604,4974,99833,10560,5079,5481
69205,107249,7412,51605,4974,99837,10560,5079,5481
69210,107259,7413,51612,4975,99846,10560,5079,5481
69215,107265,7413,51615,4975,99852,10560,5079,5481
69220,107276,7414,51620,4976,99862,10560,5079,5481
69225,107280,7414,51621,4976,99866,10560,5079,5481
69230,107290,7415,51626,4976,99875,10560,5079,5481
69235,107296,7415,51628,4976,99881,10561,5080,5481
69240,107307,7415,51633,4976,99892,10561,5080,5481
69245,107311,7416,51634,4977,99895,10561,5080,5481
69250,107321,7417,51636,4977,99904,10562,5080,5482
69255,107327,7417,51640,4977,99910,10563,5081,5482
69260,107338,7418,51646,4978,99920,10563,5081,5482
69265,107342,7418,51647,4978,99924,10563,5081,5482
69270,107352,7419,51652,4979,99933,10563,5081,5482
69275,107358,7419,51655,4979,99939,10563,5081,5482
69280,107369,7419,51662,4979,99950,10563,5081,5482
69285,107373,7419,51665,4979,99954,10563,5081,5482
69290,107383,7420,51669,4979,99963,10563,5081,5482
69295,107389,7420,51674,4979,99969,10563,5081,5482
69300,107400,7420,51682,4979,99980,10563,5081,5482
69305,107404,7420,51684,4979,99984,10563,5081,5482
69310,107414,7421,51691,4980,99993,10563,5081,5482
69315,107420,7421,51692,4980,99999,10563,5081,5482
69320,107431,7421,51697,4980,100010,10563,5081,5482
69325,107435,7421,51700,4980,100014,10563,5081,5482
69330,107445,7422,51704,4981,100023,10563,5081,5482
69335,107451,7422,51707,4981,100029,10563,5081,5482
69340,107462,7423,51711,4982,100039,10563,5081,5482
69345,107466,7423,51711,4982,100043,10563,5081,5482
69350,107476,7424,51716,4983,100052,10563,5081,5482
69355,107482,7424,51719,4983,100058,10563,5081,5482
69360,107493,7424,51721,4983,100069,10563,5081,5482
69365,107497,7424,51723,4983,100073,10563,5081,5482
69370,107507,7425,51726,4983,100082,10563,5081,5482
69375,107513,7425,51727,4983,100088,10564,5081,5483
69380,107524,7426,51732,4984,100098,10564,5081,5483
69385,107528,7426,51734,4984,100102,10564,5081,5483
69390,107538,7427,51738,4985,100111,10564,5081,5483
69395,107544,7427,51742,4985,100117,10565,5082,5483
69400,107555,7427,51748,4985,100128,10565,5082,5483
69405,107559,7427,51749,4985,100132,10565,5082,5483
69410,107569,7428,51754,4986,100141,10565,5082,5483
69415,107575,7428,51758,4986,100147,10566,5082,5484
69420,107586,7429,51767,4987,100157,10566,5082,5484
69425,107590,7429,51769,4987,100161,10566,5082,5484
69430,107600,7430,51774,4988,100170,10566,5082,5484
69435,107606,7430,51777,4988,100176,10567,5082,5485
69440,107617,7431,51782,4989,100186,10567,5082,5485
69445,107621,7431,51783,4989,100190,10567,5082,5485
69450,107631,7432,51786,4990,100199,10567,5082,5485
69455,107637,7432,51791,4990,100205,10567,5082,5485
69460,107648,7433,51797,4991,100215,10567,5082,5485
69465,107652,7433,51799,4991,100219,10567,5082,5485
69470,107662,7434,51802,4991,100228,10567,5082,5485
69475,107668,7434,51805,4991,100234,10567,5082,5485
69480,107679,7435,51812,4992,100244,10567,5082,5485
69485,107683,7435,51814,4992,100248,10567,5082,5485
69490,107693,7436,51817,4992,100257,10568,5082,5486
69495,107699,7436,51819,4992,100263,10568,5082,5486
69500,107710,7436,51824,4992,100274,10568,5082,5486
69505,107714,7436,51824,4992,100278,10568,5082,5486
69510,107724,7437,51831,4993,100287,10569,5083,5486
69515,107730,7437,51834,4993,100293,10569,5083,5486
69520,107741,7437,51840,4993,100304,10569,5083,5486
69525,107745,7437,51843,4993,100308,10569,5083,5486
69530,107755,7438,51847,4994,100317,10570,5083,5487
69535,107761,7438,51848,4994,100323,10570,5083,5487
69540,107772,7439,51852,4995,100333,10570,5083,5487
69545,107776,7439,51853,4995,100337,10570,5083,5487
69550,107786,7440,51859,4995,100346,10570,5083,5487
69555,107792,7440,51862,4995,100352,10570,5083,5487
69560,107803,7441,51866,4996,100362,10570,5083,5487
69565,107807,7441,51868,4996,100366,10570,5083,5487
69570,107817,7442,51873,4996,100375,10570,5083,5487
69575,107823,7442,51877,4996,100381,10570,5083,5487
69580,107834,7442,51883,4996,100392,10570,5083,5487
69585,107838,7442,51884,4996,100396,10570,5083,5487
69590,107848,7443,51888,4996,100405,10570,5083,5487
69595,107854,7443,51889,4996,100411,10570,5083,5487
69600,107865,7443,51895,4996,100422,10570,5083,5487
69605,107869,7443,51895,4996,100426,10570,5083,5487
69610,107879,7444,51900,4997,100435,10570,5083,5487
69615,107885,7444,51902,4997,100441,10570,5083,5487
69620,107896,7444,51908,4997,100452,10570,5083,5487
69625,107900,7444,51910,4997,100456,10570,5083,5487
69630,107910,7445,51915,4997,100465,10570,5083,5487
69635,107916,7445,51919,4997,100471,10570,5083,5487
69640,107927,7446,51923,4998,100481,10570,5083,5487
69645,107931,7446,51924,4998,100485,10570,5083,5487
69650,107941,7447,51930,4999,100494,10570,5083,5487
69655,107947,7447,51933,4999,100500,10570,5083,5487
69660,107958,7448,51939,5000,100510,10570,5083,5487
69665,107962,7448,51941,5000,100514,10570,5083,5487
69670,107972,7449,51944,5001,100523,10570,5083,5487
69675,107978,7449,51948,5001,100529,10570,5083,5487
69680,107989,7450,51955,5002,100539,10570,5083,5487
69685,107993,7450,51956,5002,100543,10570,5083,5487
69690,108003,7451,51960,5002,100552,10570,5083,5487
69695,108009,7451,51964,5002,100558,10570,5083,5487
69700,108020,7452,51968,5003,100568,10570,5083,5487
69705,108024,7452,51969,5003,100572,10570,5083,5487
69710,108034,7453,51972,5003,100581,10570,5083,5487
69715,108040,7453,51976,5003,100587,10571,5084,5487
69720,108051,7453,51979,5003,100598,10571,5084,5487
69725,108055,7453,51980,5003,100602,10571,5084,5487
69730,108065,7454,51984,5004,100611,10572,5084,5488
69735,108071,7454,51987,5004,100617,10572,5084,5488
69740,108082,7455,51992,5005,100627,10572,5084,5488
69745,108086,7455,51993,5005,100631,10572,5084,5488
69750,108096,7456,51995,5005,100640,10573,5084,5489
69755,108102,7456,51997,5005,100646,10573,5084,5489
69760,108113,7456,52003,5005,100657,10573,5084,5489
69765,108117,7456,52004,5005,100661,10573,5084,5489
69770,108127,7457,52010,5005,100670,10574,5084,5490
69775,108133,7457,52012,5005,100676,10574,5084,5490
69780,108144,7457,52020,5005,100687,10574,5084,5490
69785,108148,7457,52021,5005,100691,10574,5084,5490
69790,108158,7457,52023,5005,100701,10575,5084,5491
69795,108164,7457,52026,5005,100707,10575,5084,5491
69800,108175,7457,52034,5005,100718,10575,5084,5491
69805,108179,7457,52035,5005,100722,10575,5084,5491
69810,108189,7457,52039,5005,100732,10576,5084,5492
69815,108195,7457,52042,5005,100738,10576,5084,5492
69820,108206,7457,52049,5005,100749,10576,5084,5492
69825,108210,7457,52052,5005,100753,10576,5084,5492
69830,108220,7457,52059,5005,100763,10577,5085,5492
69835,108226,7457,52064,5005,100769,10577,5085,5492
69840,108237,7457,52071,5005,100780,10577,5085,5492
69845,108241,7457,52073,5005,100784,10577,5085,5492
69850,108251,7457,52077,5005,100794,10577,5085,5492
69855,108257,7457,52081,5005,100800,10578,5086,5492
69860,108268,7457,52088,5005,100811,10578,5086,5492
69865,108272,7457,52090,5005,100815,10578,5086,5492
69870,108282,7457,52095,5005,100825,10578,5086,5492
69875,108288,7457,52098,5005,100831,10578,5086,5492
69880,108299,7457,52101,5005,100842,10578,5086,5492
69885,108303,7457,52103,5005,100846,10578,5086,5492
69890,108313,7457,52108,5005,100856,10578,5086,5492
69895,108319,7457,52112,5005,100862,10578,5086,5492
69900,108330,7457,52115,5005,100873,10578,5086,5492
69905,108334,7457,52117,5005,100877,10578,5086,5492
69910,108344,7457,52123,5005,100887,10578,5086,5492
69915,108350,7457,52125,5005,100893,10578,5086,5492
69920,108361,7457,52128,5005,100904,10578,5086,5492
69925,108365,7457,52128,5005,100908,10578,5086,5492
69930,108375,7457,52134,5005,100918,10578,5086,5492
69935,108381,7457,52135,5005,100924,10578,5086,5492
69940,108392,7457,52141,5005,100935,10578,5086,5492
69945,108396,7457,52143,5005,100939,10578,5086,5492
69950,108406,7457,52147,5005,100949,10579,5087,5492
69955,108412,7457,52151,5005,100955,10579,5087,5492
69960,108423,7457,52155,5005,100966,10579,5087,5492
69965,108427,7457,52156,5005,100970,10579,5087,5492
69970,108437,7457,52159,5005,100980,10580,5087,5493
69975,108443,7457,52162,5005,100986,10581,5088,5493
69980,108454,7457,52168,5005,100997,10581,5088,5493
69985,108458,7457,52169,5005,101001,10581,5088,5493
69990,108468,7457,52175,5005,101011,10581,5088,5493
69995,108474,7457,52180,5005,101017,10582,5089,5493
70000,108485,7457,52188,5005,101028,10582,5089,5493
70005,108489,7457,52191,5005,101032,10582,5089,5493
70010,108499,7457,52194,5005,101042,10582,5089,5493
70015,108505,7457,52198,5005,101048,10582,5089,5493
70020,108516,7457,52204,5005,101059,10582,5089,5493
70025,108520,7457,52206,5005,101063,10582,5089,5493
70030,108530,7457,52208,5005,101073,10582,5089,5493
70035,108536,7457,52209,5005,101079,10582,5089,5493
70040,108547,7457,52211,5005,101090,10582,5089,5493
70045,108551,7457,52213,5005,101094,10582,5089,5493
70050,108561,7457,52217,5005,101104,10582,5089,5493
70055,108567,7457,52221,5005,101110,10582,5089,5493
70060,108578,7457,52227,5005,101121,10582,5089,5493
70065,108582,7457,52230,5005,101125,10582,5089,5493
70070,108592,7457,52235,5005,101135,10582,5089,5493
70075,108598,7457,52238,5005,101141,10582,5089,5493
70080,108609,7457,52242,5005,101152,10582,5089,5493
70085,108613,7457,52245,5005,101156,10582,5089,5493
70090,108623,7457,52251,5005,101166,10582,5089,5493
70095,108629,7457,52252,5005,101172,10582,5089,5493
70100,108640,7457,52259,5005,101183,10582,5089,5493
70105,108644,7457,52261,5005,101187,10582,5089,5493
70110,108654,7457,52268,5005,101197,10583,5090,5493
70115,108660,7457,52270,5005,101203,10583,5090,5493
70120,108671,7457,52275,5005,101214,10583,5090,5493
70125,108675,7457,52277,5005,101218,10583,5090,5493
70130,108685,7457,52282,5005,101228,10584,5091,5493
70135,108691,7457,52285,5005,101234,10584,5091,5493
70140,108702,7457,52292,5005,101245,10584,5091,5493
70145,108706,7457,52293,5005,101249,10584,5091,5493
70150,108716,7457,52300,5005,101259,10584,5091,5493
70155,108722,7457,52301,5005,101265,10584,5091,5493
70160,108733,7457,52307,5005,101276,10584,5091,5493
70165,108737,7457,52310,5005,101280,10584,5091,5493
70170,108747,7457,52316,5005,101290,10584,5091,5493
70175,108753,7457,52318,5005,101296,10584,5091,5493
70180,108764,7457,52324,5005,101307,10584,5091,5493
70185,108768,7457,52328,5005,101311,10584,5091,5493
70190,108778,7457,52333,5005,101321,10584,5091,5493
70195,108784,7457,52338,5005,101327,10584,5091,5493
70200,108795,7457,52343,5005,101338,10584,5091,5493
70205,108799,7457,52344,5005,101342,10584,5091,5493
70210,108809,7457,52349,5005,101352,10584,5091,5493
70215,108815,7457,52352,5005,101358,10585,5092,5493
70220,108826,7457,52361,5005,101369,10585,5092,5493
70225,108830,7457,52363,5005,101373,10585,5092,5493
70230,108840,7457,52369,5005,101383,10585,5092,5493
70235,108846,7457,52373,5005,101389,10586,5093,5493
70240,108857,7457,52377,5005,101400,10586,5093,5493
70245,108861,7457,52380,5005,101404,10586,5093,5493
70250,108871,7457,52385,5005,101414,10586,5093,5493
70255,108877,7457,52389,5005,101420,10587,5093,5494
70260,108888,7457,52393,5005,101431,10587,5093,5494
70265,108892,7457,52396,5005,101435,10587,5093,5494
70270,108902,7457,52397,5005,101445,10587,5093,5494
70275,108908,7457,52402,5005,101451,10587,5093,5494
70280,108919,7457,52408,5005,101462,10587,5093,5494
70285,108923,7457,52408,5005,101466,10587,5093,5494
70290,108933,7457,52412,5005,101476,10587,5093,5494
70295,108939,7457,52415,5005,101482,10587,5093,5494
70300,108950,7457,52421,5005,101493,10587,5093,5494
70305,108954,7457,52422,5005,101497,10587,5093,5494
70310,108964,7457,52428,5005,101507,10588,5093,5495
70315,108970,7457,52429,5005,101513,10588,5093,5495
70320,108981,7457,52435,5005,101524,10588,5093,5495
70325,108985,7457,52437,5005,101528,10588,5093,5495
70330,108995,7457,52440,5005,101538,10589,5093,5496
70335,109001,7457,52442,5005,101544,10589,5093,5496
70340,109012,7457,52448,5005,101555,10589,5093,5496
70345,109016,7457,52448,5005,101559,10589,5093,5496
70350,109026,7457,52451,5005,101569,10589,5093,5496
70355,109032,7457,52454,5005,101575,10589,5093,5496
70360,109043,7457,52462,5005,101586,10589,5093,5496
70365,109047,7457,52463,5005,101590,10589,5093,5496
70370,109057,7457,52465,5005,101600,10589,5093,5496
70375,109063,7457,52466,5005,101606,10590,5093,5497
70380,109074,7457,52472,5005,101617,10590,5093,5497
70385,109078,7457,52472,5005,101621,10590,5093,5497
70390,109088,7457,52480,5005,101631,10590,5093,5497
70395,109094,7457,52481,5005,101637,10591,5094,5497
70400,109105,7457,52487,5005,101648,10591,5094,5497
70405,109109,7457,52489,5005,101652,10591,5094,5497
70410,109119,7457,52496,5005,101662,10591,5094,5497
70415,109125,7457,52499,5005,101668,10591,5094,5497
70420,109136,7457,52503,5005,101679,10591,5094,5497
70425,109140,7457,52505,5005,101683,10591,5094,5497
70430,109150,7457,52510,5005,101693,10591,5094,5497
70435,109156,7457,52515,5005,101699,10591,5094,5497
70440,109167,7457,52521,5005,101710,10591,5094,5497
70445,109171,7457,52525,5005,101714,10591,5094,5497
70450,109181,7457,52528,5005,101724,10592,5095,5497
70455,109187,7457,52531,5005,101730,10592,5095,5497
70460,109198,7457,52538,5005,101741,10592,5095,5497
70465,109202,7457,52541,5005,101745,10592,5095,5497
70470,109212,7457,52544,5005,101755,10593,5095,5498
70475,109218,7457,52546,5005,101761,10593,5095,5498
70480,109229,7457,52554,5005,101772,10593,5095,5498
70485,109233,7457,52557,5005,101776,10593,5095,5498
70490,109243,7457,52561,5005,101786,10594,5095,5499
70495,109249,7457,52564,5005,101792,10594,5095,5499
70500,109260,7457,52568,5005,101803,10594,5095,5499
70505,109264,7457,52570,5005,101807,10594,5095,5499
70510,109274,7457,52574,5005,101817,10594,5095,5499
70515,109280,7457,52578,5005,101823,10595,5096,5499
70520,109291,7457,52580,5005,101834,10595,5096,5499
70525,109295,7457,52583,5005,101838,10595,5096,5499
70530,109305,7457,52587,5005,101848,10595,5096,5499
70535,109311,7457,52588,5005,101854,10595,5096,5499
70540,109322,7457,52594,5005,101865,10595,5096,5499
70545,109326,7457,52594,5005,101869,10595,5096,5499
70550,109336,7457,52597,5005,101879,10595,5096,5499
70555,109342,7457,52597,5005,101885,10595,5096,5499
70560,109353,7457,52601,5005,101896,10595,5096,5499
70565,109357,7457,52603,5005,101900,10595,5096,5499
70570,109367,7457,52606,5005,101910,10595,5096,5499
70575,109373,7457,52610,5005,101916,10595,5096,5499
70580,109384,7457,52617,5005,101927,10595,5096,5499
70585,109388,7457,52620,5005,101931,10595,5096,5499
70590,109398,7457,52624,5005,101941,10595,5096,5499
70595,109404,7457,52626,5005,101947,10595,5096,5499
70600,109415,7457,52630,5005,101958,10595,5096,5499
70605,109419,7457,52634,5005,101962,10595,5096,5499
70610,109429,7457,52638,5005,101972,10596,5097,5499
70615,109435,7457,52641,5005,101978,10596,5097,5499
70620,109446,7457,52646,5005,101989,10596,5097,5499
70625,109450,7457,52647,5005,101993,10596,5097,5499
70630,109460,7457,52651,5005,102003,10597,5098,5499
70635,109466,7457,52654,5005,102009,10597,5098,5499
70640,109477,7457,52658,5005,102020,10597,5098,5499
70645,109481,7457,52659,5005,102024,10597,5098,5499
70650,109491,7457,52661,5005,102034,10597,5098,5499
70655,109497,7457,52664,5005,102040,10597,5098,5499
70660,109508,7457,52671,5005,102051,10597,5098,5499
70665,109512,7457,52673,5005,102055,10597,5098,5499
70670,109522,7457,52678,5005,102065,10597,5098,5499
70675,109528,7457,52684,5005,102071,10597,5098,5499
70680,109539,7457,52689,5005,102082,10597,5098,5499
70685,109543,7457,52690,5005,102086,10597,5098,5499
70690,109553,7457,52693,5005,102096,10597,5098,5499
70695,109559,7457,52697,5005,102102,10597,5098,5499
70700,109570,7457,52704,5005,102113,10597,5098,5499
70705,109574,7457,52706,5005,102117,10597,5098,5499
70710,109584,7457,52712,5005,102127,10597,5098,5499
70715,109590,7457,52718,5005,102133,10597,5098,5499
70720,109601,7457,52725,5005,102144,10597,5098,5499
70725,109605,7457,52726,5005,102148,10597,5098,5499
70730,109615,7457,52730,5005,102158,10597,5098,5499
70735,109621,7457,52733,5005,102164,10597,5098,5499
70740,109632,7457,52737,5005,102175,10597,5098,5499
70745,109636,7457,52738,5005,102179,10597,5098,5499
70750,109646,7457,52744,5005,102189,10597,5098,5499
70755,109652,7457,52749,5005,102195,10598,5099,5499
70760,109663,7457,52756,5005,102206,10598,5099,5499
70765,109667,7457,52758,5005,102210,10598,5099,5499
70770,109677,7457,52761,5005,102220,10598,5099,5499
70775,109683,7457,52764,5005,102226,10599,5099,5500
70780,109694,7457,52769,5005,102237,10599,5099,5500
70785,109698,7457,52772,5005,102241,10599,5099,5500
70790,109708,7457,52776,5005,102251,10599,5099,5500
70795,109714,7457,52778,5005,102257,10600,5099,5501
70800,109725,7457,52783,5005,102268,10600,5099,5501
70805,109729,7457,52784,5005,102272,10600,5099,5501
70810,109739,7457,52790,5005,102282,10600,5099,5501
70815,109745,7457,52792,5005,102288,10600,5099,5501
70820,109756,7457,52798,5005,102299,10600,5099,5501
70825,109760,7457,52800,5005,102303,10600,5099,5501
70830,109770,7457,52808,5005,102313,10600,5099,5501
70835,109776,7457,52813,5005,102319,10600,5099,5501
70840,109787,7457,52821,5005,102330,10600,5099,5501
70845,109791,7457,52823,5005,102334,10600,5099,5501
70850,109801,7457,52830,5005,102344,10600,5099,5501
70855,109807,7457,52834,5005,102350,10600,5099,5501
70860,109818,7457,52841,5005,102361,10600,5099,5501
70865,109822,7457,52844,5005,102365,10600,5099,5501
70870,109832,7457,52849,5005,102375,10600,5099,5501
70875,109838,7457,52853,5005,102381,10600,5099,5501
70880,109849,7457,52859,5005,102392,10600,5099,5501
70885,109853,7457,52860,5005,102396,10600,5099,5501
70890,109863,7457,52868,5005,102406,10601,5100,5501
70895,109869,7457,52872,5005,102412,10601,5100,5501
70900,109880,7457,52877,5005,102423,10601,5100,5501
70905,109884,7457,52879,5005,102427,10601,5100,5501
70910,109894,7457,52883,5005,102437,10602,5100,5502
70915,109900,7457,52884,5005,102443,10602,5100,5502
70920,109911,7457,52885,5005,102454,10602,5100,5502
70925,109915,7457,52886,5005,102458,10602,5100,5502
70930,109925,7457,52895,5005,102468,10602,5100,5502
70935,109931,7457,52896,5005,102474,10602,5100,5502
70940,109942,7457,52901,5005,102485,10602,5100,5502
70945,109946,7457,52904,5005,102489,10602,5100,5502
70950,109956,7457,52906,5005,102499,10602,5100,5502
70955,109962,7457,52909,5005,102505,10602,5100,5502
70960,109973,7457,52916,5005,102516,10602,5100,5502
70965,109977,7457,52919,5005,102520,10602,5100,5502
70970,109987,7457,52925,5005,102530,10602,5100,5502
70975,109993,7457,52930,5005,102536,10602,5100,5502
70980,110004,7457,52936,5005,102547,10602,5100,5502
70985,110008,7457,52938,5005,102551,10602,5100,5502
70990,110018,7457,52947,5005,102561,10602,5100,5502
70995,110024,7457,52950,5005,102567,10603,5100,5503
71000,110035,7457,52955,5005,102578,10603,5100,5503
71005,110039,7457,52956,5005,102582,10603,5100,5503
71010,110049,7457,52961,5005,102592,10603,5100,5503
71015,110055,7457,52962,5005,102598,10604,5101,5503
71020,110066,7457,52967,5005,102609,10604,5101,5503
71025,110070,7457,52968,5005,102613,10604,5101,5503
71030,110080,7457,52971,5005,102623,10604,5101,5503
71035,110086,7457,52974,5005,102629,10604,5101,5503
71040,110097,7457,52981,5005,102640,10604,5101,5503
71045,110101,7457,52982,5005,102644,10604,5101,5503
71050,110111,7457,52989,5005,102654,10604,5101,5503
71055,110117,7457,52995,5005,102660,10604,5101,5503
71060,110128,7457,53003,5005,102671,10604,5101,5503
71065,110132,7457,53006,5005,102675,10604,5101,5503
71070,110142,7457,53009,5005,102685,10604,5101,5503
71075,110148,7457,53012,5005,102691,10604,5101,5503
71080,110159,7457,53016,5005,102702,10604,5101,5503
71085,110163,7457,53018,5005,102706,10604,5101,5503
71090,110173,7457,53024,5005,102716,10604,5101,5503
71095,110179,7457,53029,5005,102722,10604,5101,5503
71100,110190,7457,53035,5005,102733,10604,5101,5503
71105,110194,7457,53035,5005,102737,10604,5101,5503
71110,110204,7457,53039,5005,102747,10604,5101,5503
71115,110210,7457,53041,5005,102753,10604,5101,5503
71120,110221,7457,53048,5005,102764,10604,5101,5503
71125,110225,7457,53051,5005,102768,10604,5101,5503
71130,110235,7457,53057,5005,102778,10605,5101,5504
71135,110241,7457,53061,5005,102784,10606,5102,5504
71140,110252,7457,53070,5005,102795,10606,5102,5504
71145,110256,7457,53071,5005,102799,10606,5102,5504
71150,110266,7457,53076,5005,102809,10607,5102,5505
71155,110272,7457,53077,5005,102815,10608,5102,5506
71160,110283,7457,53082,5005,102826,10608,5102,5506
71165,110287,7457,53085,5005,102830,10608,5102,5506
71170,110297,7457,53090,5005,102840,10608,5102,5506
71175,110303,7457,53094,5005,102846,10608,5102,5506
71180,110314,7457,53101,5005,102857,10608,5102,5506
71185,110318,7457,53102,5005,102861,10608,5102,5506
71190,110328,7457,53108,5005,102871,10608,5102,5506
71195,110334,7457,53113,5005,102877,10608,5102,5506
71200,110345,7457,53121,5005,102888,10608,5102,5506
71205,110349,7457,53124,5005,102892,10608,5102,5506
71210,110359,7457,53128,5005,102902,10608,5102,5506
71215,110365,7457,53131,5005,102908,10608,5102,5506
71220,110376,7457,53137,5005,102919,10608,5102,5506
71225,110380,7457,53140,5005,102923,10608,5102,5506
71230,110390,7457,53146,5005,102933,10608,5102,5506
71235,110396,7457,53151,5005,102939,10608,5102,5506
71240,110407,7457,53154,5005,102950,10608,5102,5506
71245,110411,7457,53157,5005,102954,10608,5102,5506
71250,110421,7457,53163,5005,102964,10608,5102,5506
71255,110427,7457,53167,5005,102970,10608,5102,5506
71260,110438,7457,53175,5005,102981,10608,5102,5506
71265,110442,7457,53176,5005,102985,10608,5102,5506
71270,110452,7457,53180,5005,102995,10609,5103,5506
71275,110458,7457,53183,5005,103001,10610,5104,5506
71280,110469,7457,53191,5005,103012,10610,5104,5506
71285,110473,7457,53193,5005,103016,10610,5104,5506
71290,110483,7457,53198,5005,103026,10611,5105,5506
71295,110489,7457,53201,5005,103032,10612,5106,5506
71300,110500,7457,53204,5005,103043,10612,5106,5506
71305,110504,7457,53205,5005,103047,10612,5106,5506
71310,110514,7457,53212,5005,103057,10613,5106,5507
71315,110520,7457,53215,5005,103063,10614,5107,5507
71320,110531,7457,53219,5005,103074,10614,5107,5507
71325,110535,7457,53221,5005,103078,10614,5107,5507
71330,110545,7457,53222,5005,103088,10615,5108,5507
71335,110551,7457,53223,5005,103094,10616,5108,5508
71340,110562,7457,53227,5005,103105,10616,5108,5508
71345,110566,7457,53229,5005,103109,10616,5108,5508
71350,110576,7457,53234,5005,103119,10616,5108,5508
71355,110582,7457,53236,5005,103125,10616,5108,5508
71360,110593,7457,53243,5005,103136,10616,5108,5508
71365,110597,7457,53243,5005,103140,10616,5108,5508
71370,110607,7457,53246,5005,103150,10616,5108,5508
71375,110613,7457,53249,5005,103156,10616,5108,5508
71380,110624,7457,53253,5005,103167,10616,5108,5508
71385,110628,7457,53254,5005,103171,10616,5108,5508
71390,110638,7457,53258,5005,103181,10616,5108,5508
71395,110644,7457,53260,5005,103187,10616,5108,5508
71400,110655,7457,53267,5005,103198,10616,5108,5508
71405,110659,7457,53268,5005,103202,10616,5108,5508
71410,110669,7457,53272,5005,103212,10617,5109,5508
71415,110675,7457,53275,5005,103218,10617,5109,5508
71420,110686,7457,53281,5005,103229,10617,5109,5508
71425,110690,7457,53282,5005,103233,10617,5109,5508
71430,110700,7457,53289,5005,103243,10618,5110,5508
71435,110706,7457,53292,5005,103249,10618,5110,5508
71440,110717,7457,53299,5005,103260,10618,5110,5508
71445,110721,7457,53302,5005,103264,10618,5110,5508
71450,110731,7457,53306,5005,103274,10619,5110,5509
71455,110737,7457,53307,5005,103280,10620,5110,5510
71460,110748,7457,53312,5005,103291,10620,5110,5510
71465,110752,7457,53313,5005,103295,10620,5110,5510
71470,110762,7457,53316,5005,103305,10620,5110,5510
71475,110768,7457,53319,5005,103311,10621,5111,5510
71480,110779,7457,53327,5005,103322,10621,5111,5510
71485,110783,7457,53328,5005,103326,10621,5111,5510
71490,110793,7457,53333,5005,103336,10621,5111,5510
71495,110799,7457,53337,5005,103342,10622,5111,5511
71500,110810,7457,53343,5005,103353,10622,5111,5511
71505,110814,7457,53346,5005,103357,10622,5111,5511
71510,110824,7457,53352,5005,103367,10622,5111,5511
71515,110830,7457,53355,5005,103373,10623,5112,5511
71520,110841,7457,53359,5005,103384,10623,5112,5511
71525,110845,7457,53360,5005,103388,10623,5112,5511
71530,110855,7457,53366,5005,103398,10623,5112,5511
71535,110861,7457,53371,5005,103404,10624,5112,5512
71540,110872,7457,53374,5005,103415,10624,5112,5512
71545,110876,7457,53375,5005,103419,10624,5112,5512
71550,110886,7457,53381,5005,103429,10624,5112,5512
71555,110892,7457,53385,5005,103435,10624,5112,5512
71560,110903,7457,53391,5005,103446,10624,5112,5512
71565,110907,7457,53395,5005,103450,10624,5112,5512
71570,110917,7457,53401,5005,103460,10625,5112,5513
71575,110923,7457,53402,5005,103466,10625,5112,5513
71580,110934,7457,53406,5005,103477,10625,5112,5513
71585,110938,7457,53407,5005,103481,10625,5112,5513
71590,110948,7457,53411,5005,103491,10625,5112,5513
71595,110954,7457,53414,5005,103497,10626,5113,5513
71600,110965,7457,53423,5005,103508,10626,5113,5513
71605,110969,7457,53426,5005,103512,10626,5113,5513
71610,110979,7457,53432,5005,103522,10626,5113,5513
71615,110985,7457,53436,5005,103528,10626,5113,5513
71620,110996,7457,53441,5005,103539,10626,5113,5513
71625,111000,7457,53442,5005,103543,10626,5113,5513
71630,111010,7457,53447,5005,103553,10626,5113,5513
71635,111016,7457,53450,5005,103559,10626,5113,5513
71640,111027,7457,53457,5005,103570,10626,5113,5513
71645,111031,7457,53458,5005,103574,10626,5113,5513
71650,111041,7457,53460,5005,103584,10626,5113,5513
71655,111047,7457,53464,5005,103590,10626,5113,5513
71660,111058,7457,53469,5005,103601,10626,5113,5513
71665,111062,7457,53473,5005,103605,10626,5113,5513
71670,111072,7457,53473,5005,103615,10626,5113,5513
71675,111078,7457,53474,5005,103621,10626,5113,5513
71680,111089,7457,53480,5005,103632,10626,5113,5513
71685,111093,7457,53481,5005,103636,10626,5113,5513
71690,111103,7457,53486,5005,103646,10626,5113,5513
71695,111109,7457,53489,5005,103652,10626,5113,5513
71700,111120,7457,53492,5005,103663,10626,5113,5513
71705,111124,7457,53493,5005,103667,10626,5113,5513
71710,111134,7457,53495,5005,103677,10627,5113,5514
71715,111140,7457,53498,5005,103683,10628,5113,5515
71720,111151,7457,53503,5005,103694,10628,5113,5515
71725,111155,7457,53506,5005,103698,10628,5113,5515
71730,111165,7457,53514,5005,103708,10629,5114,5515
71735,111171,7457,53516,5005,103714,10630,5114,5516
71740,111182,7457,53524,5005,103725,10630,5114,5516
71745,111186,7457,53527,5005,103729,10630,5114,5516
71750,111196,7457,53533,5005,103739,10630,5114,5516
71755,111202,7457,53536,5005,103745,10631,5115,5516
71760,111213,7457,53542,5005,103756,10631,5115,5516
71765,111217,7457,53543,5005,103760,10631,5115,5516
71770,111227,7457,53549,5005,103770,10631,5115,5516
71775,111233,7457,53554,5005,103776,10631,5115,5516
71780,111244,7457,53557,5005,103787,10631,5115,5516
71785,111248,7457,53558,5005,103791,10631,5115,5516
71790,111258,7457,53563,5005,103801,10631,5115,5516
71795,111264,7457,53566,5005,103807,10631,5115,5516
71800,111275,7457,53571,5005,103818,10631,5115,5516
71805,111279,7457,53572,5005,103822,10631,5115,5516
71810,111289,7457,53576,5005,103832,10631,5115,5516
71815,111295,7457,53581,5005,103838,10631,5115,5516
71820,111306,7457,53585,5005,103849,10631,5115,5516
71825,111310,7457,53588,5005,103853,10631,5115,5516
71830,111320,7457,53592,5005,103863,10631,5115,5516
71835,111326,7457,53594,5005,103869,10631,5115,5516
71840,111337,7457,53599,5005,103880,10631,5115,5516
71845,111341,7457,53601,5005,103884,10631,5115,5516
71850,111351,7457,53604,5005,103894,10631,5115,5516
71855,111357,7457,53608,5005,103900,10631,5115,5516
71860,111368,7457,53614,5005,103911,10631,5115,5516
71865,111372,7457,53616,5005,103915,10631,5115,5516
71870,111382,7457,53622,5005,103925,10632,5116,5516
71875,111388,7457,53625,5005,103931,10633,5117,5516
71880,111399,7457,53630,5005,103942,10633,5117,5516
71885,111403,7457,53631,5005,103946,10633,5117,5516
71890,111413,7457,53636,5005,103956,10634,5117,5517
71895,111419,7457,53638,5005,103962,10635,5117,5518
71900,111430,7457,53642,5005,103973,10635,5117,5518
71905,111434,7457,53642,5005,103977,10635,5117,5518
71910,111444,7457,53647,5005,103987,10636,5117,5519
71915,111450,7457,53650,5005,103993,10636,5117,5519
71920,111461,7457,53656,5005,104004,10636,5117,5519
71925,111465,7457,53657,5005,104008,10636,5117,5519
71930,111475,7457,53661,5005,104018,10636,5117,5519
71935,111481,7457,53662,5005,104024,10636,5117,5519
71940,111492,7457,53670,5005,104035,10636,5117,5519
71945,111496,7457,53671,5005,104039,10636,5117,5519
71950,111506,7457,53677,5005,104049,10636,5117,5519
71955,111512,7457,53678,5005,104055,10636,5117,5519
71960,111523,7457,53682,5005,104066,10636,5117,5519
71965,111527,7457,53682,5005,104070,10636,5117,5519
71970,111537,7457,53686,5005,104080,10636,5117,5519
71975,111543,7457,53690,5005,104086,10636,5117,5519
71980,111554,7457,53693,5005,104097,10636,5117,5519
71985,111558,7457,53695,5005,104101,10636,5117,5519
71990,111568,7457,53700,5005,104111,10636,5117,5519
71995,111574,7457,53703,5005,104117,10636,5117,5519
72000,111585,7457,53711,5005,104128,10636,5117,5519
72005,111589,7457,53711,5005,104132,10636,5117,5519
72010,111599,7457,53718,5005,104142,10636,5117,5519
72015,111605,7457,53723,5005,104148,10637,5118,5519
72020,111616,7457,53726,5005,104159,10637,5118,5519
72025,111620,7457,53728,5005,104163,10637,5118,5519
72030,111630,7457,53733,5005,104173,10638,5119,5519
72035,111636,7457,53736,5005,104179,10639,5120,5519
72040,111647,7457,53741,5005,104190,10639,5120,5519
72045,111651,7457,53742,5005,104194,10639,5120,5519
72050,111661,7457,53747,5005,104204,10640,5120,5520
72055,111667,7457,53752,5005,104210,10640,5120,5520
72060,111678,7457,53760,5005,104221,10640,5120,5520
72065,111682,7457,53764,5005,104225,10640,5120,5520
72070,111692,7457,53769,5005,104235,10641,5121,5520
72075,111698,7457,53773,5005,104241,10641,5121,5520
72080,111709,7457,53777,5005,104252,10641,5121,5520
72085,111713,7457,53780,5005,104256,10641,5121,5520
72090,111723,7457,53786,5005,104266,10642,5122,5520
72095,111729,7457,53788,5005,104272,10642,5122,5520
72100,111740,7457,53793,5005,104283,10642,5122,5520
72105,111744,7457,53794,5005,104287,10642,5122,5520
72110,111754,7457,53799,5005,104297,10643,5123,5520
72115,111760,7457,53803,5005,104303,10643,5123,5520
72120,111771,7457,53809,5005,104314,10643,5123,5520
72125,111775,7457,53810,5005,104318,10643,5123,5520
72130,111785,7457,53815,5005,104328,10644,5123,5521
72135,111791,7457,53820,5005,104334,10644,5123,5521
72140,111802,7457,53825,5005,104345,10644,5123,5521
72145,111806,7457,53826,5005,104349,10644,5123,5521
72150,111816,7457,53832,5005,104359,10644,5123,5521
72155,111822,7457,53835,5005,104365,10644,5123,5521
72160,111833,7457,53841,5005,104376,10644,5123,5521
72165,111837,7457,53844,5005,104380,10644,5123,5521
72170,111847,7457,53848,5005,104390,10644,5123,5521
72175,111853,7457,53850,5005,104396,10645,5123,5522
72180,111864,7457,53857,5005,104407,10645,5123,5522
72185,111868,7457,53858,5005,104411,10645,5123,5522
72190,111878,7457,53865,5005,104421,10646,5124,5522
72195,111884,7457,53868,5005,104427,10647,5124,5523
72200,111895,7457,53873,5005,104438,10647,5124,5523
72205,111899,7457,53874,5005,104442,10647,5124,5523
72210,111909,7457,53877,5005,104452,10648,5124,5524
72215,111915,7457,53879,5005,104458,10648,5124,5524
72220,111926,7457,53881,5005,104469,10648,5124,5524
72225,111930,7457,53883,5005,104473,10648,5124,5524
72230,111940,7457,53889,5005,104483,10648,5124,5524
