source,gentime, athop, hopcount,priority, reachedTime
2,3,2,2,1, 5
1,6,1,1,0, 7
3,7,3,3,1, 10
8,16,1,1,1, 17
11,14,4,4,0, 18
9,17,2,2,0, 19
16,19,2,2,0, 21
17,19,3,3,1, 22
15,21,2,2,0, 23
2,23,2,2,1, 25
1,26,1,1,0, 27
22,26,4,4,0, 30
3,27,3,3,0, 30
19,26,5,5,1, 31
23,28,3,3,1, 31
25,35,2,2,1, 37
8,36,1,1,0, 37
11,34,4,4,0, 38
9,37,2,2,1, 39
16,39,2,2,1, 41
17,39,3,3,0, 42
15,41,2,2,1, 43
2,43,2,2,1, 45
1,46,1,1,0, 47
22,46,4,4,1, 50
3,47,3,3,0, 50
19,46,5,5,1, 51
23,48,3,3,0, 51
25,55,2,2,0, 57
8,56,1,1,0, 57
11,54,4,4,0, 58
9,57,2,2,1, 59
16,59,2,2,0, 61
17,59,3,3,0, 62
15,61,2,2,0, 63
2,63,2,2,0, 65
1,66,1,1,0, 67
20,63,6,6,0, 69
22,66,4,4,1, 70
3,67,3,3,1, 70
19,66,5,5,1, 71
23,68,3,3,0, 71
25,75,2,2,0, 77
8,76,1,1,1, 77
11,74,4,4,0, 78
9,77,2,2,1, 79
16,79,2,2,1, 81
17,79,3,3,0, 82
15,81,2,2,1, 83
13,79,4,6,0, 85
12,80,5,5,1, 85
2,83,2,2,1, 85
1,86,1,1,1, 87
20,83,6,6,1, 89
22,86,4,4,0, 90
3,87,3,3,0, 90
19,86,5,5,0, 91
23,88,3,3,1, 91
25,95,2,2,1, 97
8,96,1,1,0, 97
11,94,4,4,0, 98
9,97,2,2,1, 99
16,99,2,2,1, 101
17,99,3,3,0, 102
15,101,2,2,0, 103
13,99,4,6,1, 105
12,100,5,5,0, 105
2,103,2,2,1, 105
1,106,1,1,1, 107
20,103,6,6,0, 109
22,106,4,4,0, 110
3,107,3,3,1, 110
19,106,5,5,1, 111
23,108,3,3,0, 111
25,115,2,2,0, 117
8,116,1,1,1, 117
11,114,4,4,0, 118
9,117,2,2,0, 119
16,119,2,2,1, 121
17,119,3,3,1, 122
15,121,2,2,0, 123
13,119,4,6,1, 125
2,123,2,2,1, 125
1,126,1,1,1, 127
20,123,6,6,1, 129
22,126,4,4,1, 130
23,128,3,3,1, 131
8,136,1,1,1, 137
11,134,4,4,1, 138
31,136,2,4,0, 140
16,139,2,2,1, 141
15,141,2,2,1, 143
13,139,4,6,1, 145
12,140,5,5,1, 145
1,146,1,1,0, 147
20,143,6,6,1, 149
22,146,4,4,1, 150
19,146,5,5,1, 151
23,148,3,3,0, 151
25,155,2,2,1, 157
8,156,1,1,0, 157
6,150,2,8,1, 158
11,154,4,4,1, 158
31,156,2,4,0, 160
16,159,2,2,0, 161
15,161,2,2,0, 163
13,159,4,6,1, 165
12,160,5,5,1, 165
2,163,2,2,1, 165
1,166,1,1,0, 167
22,166,4,4,0, 170
19,166,5,5,1, 171
23,168,3,3,1, 171
8,176,1,1,1, 177
6,170,2,8,1, 178
11,174,4,4,1, 178
31,176,2,4,0, 180
28,174,5,7,1, 181
16,179,2,2,1, 181
17,179,3,3,1, 182
8,196,1,1,1, 197
16,199,2,2,1, 201
8,216,1,1,1, 217
16,219,2,2,1, 221
8,236,1,1,0, 237
8,256,1,1,0, 257
9,257,2,2,1, 259
16,259,2,2,1, 261
17,259,3,3,1, 262
8,276,1,1,1, 277
23,288,3,3,1, 291
8,296,1,1,1, 297
16,299,2,2,1, 301
17,299,3,3,1, 302
1,346,1,1,0, 347
25,355,2,2,1, 357
1,366,1,1,0, 367
1,386,1,1,1, 387
25,395,2,2,1, 397
1,406,1,1,0, 407
23,408,3,5,1, 413
25,415,2,2,1, 417
17,419,3,3,1, 422
15,421,2,2,1, 423
1,426,1,1,0, 427
25,435,2,2,1, 437
8,436,1,1,1, 437
9,437,2,2,1, 439
15,441,2,2,1, 443
1,446,1,1,1, 447
25,455,2,2,1, 457
8,456,1,1,1, 457
9,457,2,2,1, 459
16,459,2,2,1, 461
1,466,1,1,0, 467
19,466,5,5,1, 471
25,475,2,2,1, 477
8,476,1,1,1, 477
9,477,2,2,1, 479
8,556,1,1,0, 557
16,559,2,2,1, 561
8,576,1,1,1, 577
16,579,2,2,1, 581
8,596,1,1,0, 597
9,597,2,2,1, 599
1,606,1,1,1, 607
1,626,1,1,1, 627
1,646,1,1,1, 647
1,666,1,1,1, 667
1,686,1,1,0, 687
2,703,2,2,1, 705
1,706,1,1,0, 707
23,708,3,3,1, 711
8,716,1,1,1, 717
9,717,2,2,1, 719
15,721,2,2,1, 723
1,726,1,1,1, 727
8,736,1,1,0, 737
9,737,2,2,1, 739
17,739,3,3,1, 742
15,741,2,2,1, 743
1,746,1,1,0, 747
8,756,1,1,0, 757
15,761,2,2,1, 763
1,766,1,1,1, 767
8,776,1,1,1, 777
9,777,2,2,1, 779
17,779,3,3,1, 782
1,786,1,1,1, 787
8,796,1,1,1, 797
1,806,1,1,1, 807
8,816,1,1,0, 817
1,826,1,1,1, 827
8,836,1,1,1, 837
31,836,2,4,1, 840
16,839,2,2,1, 841
8,856,1,1,1, 857
8,876,1,1,0, 877
8,896,1,1,1, 897
1,1006,1,1,1, 1007
3,1007,3,3,1, 1010
19,1006,5,5,1, 1011
8,1016,1,1,0, 1017
28,1014,5,7,1, 1021
16,1019,2,2,1, 1021
2,1023,2,2,1, 1025
1,1026,1,1,0, 1027
8,1036,1,1,1, 1037
17,1039,3,3,1, 1042
2,1043,2,2,1, 1045
1,1046,1,1,0, 1047
8,1056,1,1,1, 1057
17,1059,3,3,1, 1062
2,1063,2,2,1, 1065
1,1066,1,1,0, 1067
8,1076,1,1,0, 1077
16,1079,2,2,1, 1081
17,1079,3,3,1, 1082
1,1086,1,1,0, 1087
8,1096,1,1,0, 1097
1,1106,1,1,1, 1107
3,1107,3,3,1, 1110
8,1116,1,1,1, 1117
11,1114,4,4,1, 1118
2,1123,2,2,1, 1125
1,1126,1,1,0, 1127
25,1135,2,2,1, 1137
8,1136,1,1,0, 1137
9,1137,2,2,1, 1139
8,1156,1,1,0, 1157
8,1176,1,1,1, 1177
9,1177,2,2,1, 1179
15,1181,2,2,1, 1183
8,1196,1,1,0, 1197
25,1195,2,4,1, 1199
17,1199,3,3,1, 1202
8,1216,1,1,1, 1217
8,1236,1,1,1, 1237
1,1246,1,1,0, 1247
8,1256,1,1,1, 1257
1,1266,1,1,1, 1267
8,1276,1,1,0, 1277
2,1283,2,2,1, 1285
1,1286,1,1,1, 1287
8,1296,1,1,0, 1297
2,1303,2,2,1, 1305
1,1306,1,1,0, 1307
8,1316,1,1,1, 1317
9,1317,2,2,1, 1319
16,1319,2,2,1, 1321
1,1326,1,1,0, 1327
1,1346,1,1,1, 1347
1,1366,1,1,1, 1367
25,1375,2,2,1, 1377
16,1379,2,4,1, 1383
1,1386,1,1,0, 1387
8,1396,1,1,0, 1397
9,1397,2,2,1, 1399
1,1406,1,1,1, 1407
8,1416,1,1,1, 1417
1,1426,1,1,1, 1427
8,1436,1,1,1, 1437
8,1456,1,1,0, 1457
8,1476,1,1,0, 1477
8,1496,1,1,0, 1497
8,1516,1,1,1, 1517
8,1536,1,1,1, 1537
1,1546,1,1,1, 1547
25,1555,2,2,1, 1557
8,1556,1,1,1, 1557
17,1559,3,3,1, 1562
16,1559,2,4,1, 1563
1,1566,1,1,1, 1567
3,1567,3,3,1, 1570
25,1575,2,2,1, 1577
1,1586,1,1,0, 1587
1,1606,1,1,1, 1607
25,1615,2,2,1, 1617
1,1626,1,1,0, 1627
1,1646,1,1,1, 1647
1,1666,1,1,1, 1667
8,1676,1,1,0, 1677
9,1677,2,2,1, 1679
16,1679,2,2,1, 1681
8,1696,1,1,0, 1697
9,1697,2,2,1, 1699
17,1699,3,3,1, 1702
8,1716,1,1,0, 1717
9,1717,2,2,1, 1719
17,1719,3,3,1, 1722
8,1736,1,1,1, 1737
9,1737,2,2,1, 1739
2,1743,2,2,1, 1745
1,1746,1,1,0, 1747
8,1756,1,1,1, 1757
2,1763,2,2,1, 1765
1,1766,1,1,1, 1767
8,1776,1,1,0, 1777
2,1783,2,2,1, 1785
1,1786,1,1,0, 1787
8,1796,1,1,0, 1797
16,1799,2,2,1, 1801
17,1799,3,3,1, 1802
2,1803,2,2,1, 1805
1,1806,1,1,1, 1807
3,1807,3,3,1, 1810
8,1816,1,1,1, 1817
1,1826,1,1,1, 1827
8,1836,1,1,1, 1837
15,1841,2,2,1, 1843
1,1846,1,1,1, 1847
3,1847,3,3,1, 1850
8,1856,1,1,0, 1857
9,1857,2,2,1, 1859
1,1966,1,1,0, 1967
25,1975,2,2,1, 1977
8,1976,1,1,1, 1977
1,1986,1,1,0, 1987
8,1996,1,1,0, 1997
15,2001,2,2,1, 2003
2,2003,2,2,1, 2005
1,2006,1,1,1, 2007
3,2007,3,3,1, 2010
8,2016,1,1,0, 2017
15,2021,2,2,1, 2023
2,2023,2,2,1, 2025
1,2026,1,1,0, 2027
8,2036,1,1,0, 2037
1,2046,1,1,1, 2047
8,2056,1,1,0, 2057
2,2063,2,2,1, 2065
1,2066,1,1,1, 2067
8,2076,1,1,0, 2077
2,2083,2,2,1, 2085
1,2086,1,1,0, 2087
3,2087,3,3,1, 2090
25,2095,2,2,1, 2097
8,2096,1,1,1, 2097
16,2099,2,2,1, 2101
17,2099,3,3,1, 2102
8,2116,1,1,1, 2117
16,2119,2,2,1, 2121
23,2128,3,3,1, 2131
8,2136,1,1,0, 2137
16,2139,2,2,1, 2141
23,2148,3,3,1, 2151
8,2156,1,1,0, 2157
1,2166,1,1,0, 2167
9,2177,2,2,1, 2179
17,2179,3,3,1, 2182
1,2186,1,1,1, 2187
9,2197,2,2,1, 2199
17,2199,3,3,1, 2202
1,2206,1,1,1, 2207
17,2219,3,3,1, 2222
15,2221,2,2,1, 2223
2,2223,2,2,1, 2225
1,2226,1,1,0, 2227
23,2228,3,3,1, 2231
8,2236,1,1,1, 2237
1,2246,1,1,0, 2247
8,2256,1,1,0, 2257
17,2259,3,3,1, 2262
1,2266,1,1,0, 2267
8,2276,1,1,0, 2277
17,2279,3,3,1, 2282
1,2286,1,1,0, 2287
17,2299,3,3,1, 2302
1,2306,1,1,0, 2307
1,2326,1,1,0, 2327
9,2337,2,2,1, 2339
17,2339,3,3,1, 2342
1,2406,1,1,1, 2407
25,2415,2,2,1, 2417
9,2417,2,2,1, 2419
1,2426,1,1,1, 2427
25,2435,2,2,1, 2437
1,2446,1,1,0, 2447
8,2456,1,1,1, 2457
16,2459,2,2,1, 2461
17,2459,3,3,1, 2462
8,2476,1,1,0, 2477
8,2496,1,1,1, 2497
8,2516,1,1,1, 2517
1,2526,1,1,0, 2527
8,2536,1,1,0, 2537
1,2546,1,1,0, 2547
8,2556,1,1,0, 2557
9,2557,2,2,1, 2559
1,2566,1,1,1, 2567
8,2576,1,1,0, 2577
9,2577,2,2,1, 2579
15,2581,2,2,1, 2583
1,2586,1,1,1, 2587
8,2596,1,1,1, 2597
1,2606,1,1,0, 2607
23,2608,3,3,1, 2611
8,2616,1,1,1, 2617
16,2619,2,2,1, 2621
15,2621,2,2,1, 2623
2,2623,2,2,1, 2625
1,2626,1,1,1, 2627
8,2636,1,1,1, 2637
16,2639,2,2,1, 2641
1,2746,1,1,1, 2747
8,2756,1,1,0, 2757
9,2757,2,2,1, 2759
15,2761,2,2,1, 2763
1,2766,1,1,0, 2767
1,2786,1,1,1, 2787
1,2806,1,1,1, 2807
1,2826,1,1,1, 2827
1,2846,1,1,0, 2847
1,2866,1,1,0, 2867
8,2876,1,1,1, 2877
9,2877,2,2,1, 2879
17,2879,3,3,1, 2882
15,2881,2,2,1, 2883
2,2883,2,2,1, 2885
1,2886,1,1,0, 2887
8,2896,1,1,0, 2897
8,2916,1,1,0, 2917
8,2936,1,1,0, 2937
8,2956,1,1,0, 2957
8,2976,1,1,0, 2977
8,2996,1,1,0, 2997
9,2997,2,2,1, 2999
16,2999,2,2,1, 3001
1,3006,1,1,1, 3007
8,3016,1,1,1, 3017
1,3026,1,1,0, 3027
8,3036,1,1,1, 3037
15,3041,2,2,1, 3043
1,3046,1,1,0, 3047
8,3056,1,1,1, 3057
15,3061,2,2,1, 3063
1,3066,1,1,0, 3067
8,3076,1,1,0, 3077
1,3086,1,1,1, 3087
8,3096,1,1,1, 3097
15,3101,2,2,1, 3103
1,3106,1,1,0, 3107
25,3115,2,2,1, 3117
8,3116,1,1,1, 3117
9,3117,2,2,1, 3119
1,3126,1,1,0, 3127
1,3146,1,1,0, 3147
1,3166,1,1,0, 3167
25,3175,2,2,1, 3177
1,3186,1,1,1, 3187
1,3206,1,1,0, 3207
1,3226,1,1,1, 3227
8,3236,1,1,0, 3237
9,3237,2,2,1, 3239
16,3239,2,2,1, 3241
8,3256,1,1,0, 3257
8,3276,1,1,1, 3277
8,3296,1,1,0, 3297
2,3303,2,2,1, 3305
1,3306,1,1,0, 3307
8,3316,1,1,1, 3317
2,3323,2,2,1, 3325
1,3326,1,1,0, 3327
25,3335,2,2,1, 3337
8,3336,1,1,0, 3337
2,3343,2,2,1, 3345
1,3346,1,1,0, 3347
23,3348,3,3,1, 3351
25,3355,2,2,1, 3357
8,3356,1,1,1, 3357
9,3357,2,2,1, 3359
15,3361,2,2,1, 3363
8,3376,1,1,0, 3377
9,3377,2,2,1, 3379
16,3379,2,2,1, 3381
8,3396,1,1,1, 3397
9,3397,2,2,1, 3399
16,3399,2,2,1, 3401
15,3401,2,2,1, 3403
8,3416,1,1,1, 3417
9,3417,2,2,1, 3419
1,3466,1,1,0, 3467
1,3486,1,1,0, 3487
9,3497,2,2,1, 3499
1,3506,1,1,1, 3507
1,3526,1,1,0, 3527
8,3536,1,1,0, 3537
16,3539,2,2,1, 3541
1,3546,1,1,1, 3547
25,3555,2,2,1, 3557
8,3556,1,1,0, 3557
16,3559,2,2,1, 3561
15,3561,2,2,1, 3563
1,3566,1,1,1, 3567
25,3575,2,2,1, 3577
8,3576,1,1,1, 3577
15,3581,2,2,1, 3583
1,3586,1,1,1, 3587
8,3596,1,1,1, 3597
17,3599,3,3,1, 3602
1,3706,1,1,1, 3707
23,3708,3,7,1, 3715
25,3715,2,2,1, 3717
8,3716,1,1,1, 3717
9,3717,2,2,1, 3719
16,3719,2,4,1, 3723
1,3726,1,1,0, 3727
8,3736,1,1,1, 3737
15,3741,2,2,1, 3743
1,3746,1,1,0, 3747
8,3756,1,1,1, 3757
15,3761,2,2,1, 3763
1,3766,1,1,0, 3767
8,3776,1,1,0, 3777
1,3786,1,1,1, 3787
1,3806,1,1,1, 3807
1,3826,1,1,0, 3827
1,3846,1,1,1, 3847
8,3856,1,1,0, 3857
9,3857,2,2,1, 3859
16,3859,2,2,1, 3861
1,3866,1,1,1, 3867
25,3875,2,2,1, 3877
8,3876,1,1,1, 3877
9,3877,2,2,1, 3879
16,3879,2,2,1, 3881
1,3886,1,1,0, 3887
25,3895,2,2,1, 3897
8,3896,1,1,1, 3897
9,3897,2,2,1, 3899
15,3901,2,2,1, 3903
8,3916,1,1,1, 3917
9,3917,2,2,1, 3919
8,3936,1,1,0, 3937
8,3956,1,1,0, 3957
8,3976,1,1,1, 3977
8,3996,1,1,0, 3997
9,3997,2,2,1, 3999
1,4006,1,1,1, 4007
22,4006,4,4,1, 4010
23,4008,3,3,1, 4011
8,4016,1,1,0, 4017
9,4017,2,2,1, 4019
17,4019,3,3,1, 4022
1,4026,1,1,1, 4027
1,4046,1,1,0, 4047
1,4066,1,1,0, 4067
1,4086,1,1,0, 4087
1,4106,1,1,0, 4107
9,4117,2,2,1, 4119
2,4123,2,2,1, 4125
1,4126,1,1,1, 4127
25,4135,2,2,1, 4137
9,4137,2,2,1, 4139
1,4146,1,1,0, 4147
25,4155,2,2,1, 4157
2,4163,2,2,1, 4165
1,4166,1,1,0, 4167
2,4183,2,2,1, 4185
1,4186,1,1,1, 4187
8,4196,1,1,0, 4197
8,4216,1,1,0, 4217
8,4236,1,1,1, 4237
8,4256,1,1,0, 4257
9,4257,2,2,1, 4259
1,4266,1,1,0, 4267
8,4276,1,1,1, 4277
9,4277,2,2,1, 4279
15,4281,2,2,1, 4283
1,4286,1,1,0, 4287
25,4295,2,2,1, 4297
8,4296,1,1,1, 4297
1,4306,1,1,0, 4307
8,4316,1,1,0, 4317
15,4321,2,2,1, 4323
8,4336,1,1,0, 4337
15,4341,2,2,1, 4343
8,4356,1,1,1, 4357
23,4368,3,3,1, 4371
8,4376,1,1,1, 4377
16,4379,2,2,1, 4381
23,4388,3,3,1, 4391
8,4396,1,1,1, 4397
8,4416,1,1,1, 4417
1,4426,1,1,0, 4427
8,4436,1,1,1, 4437
1,4506,1,1,1, 4507
8,4516,1,1,1, 4517
1,4526,1,1,1, 4527
8,4536,1,1,1, 4537
16,4539,2,2,1, 4541
1,4546,1,1,1, 4547
25,4555,2,2,1, 4557
8,4556,1,1,0, 4557
16,4559,2,2,1, 4561
15,4621,2,2,1, 4623
8,4636,1,1,0, 4637
17,4639,3,3,1, 4642
15,4641,2,2,1, 4643
8,4656,1,1,1, 4657
17,4659,3,3,1, 4662
1,4666,1,1,0, 4667
25,4675,2,2,1, 4677
8,4676,1,1,1, 4677
17,4679,3,3,1, 4682
15,4741,2,2,1, 4743
8,4756,1,1,0, 4757
16,4759,2,2,1, 4761
15,4761,2,2,1, 4763
8,4776,1,1,1, 4777
15,4781,2,2,1, 4783
1,4786,1,1,0, 4787
23,4788,3,3,1, 4791
25,4795,2,2,1, 4797
8,4796,1,1,1, 4797
9,4797,2,2,1, 4799
16,4799,2,2,1, 4801
17,4799,3,3,1, 4802
1,4806,1,1,1, 4807
3,4807,3,3,1, 4810
9,4817,2,2,1, 4819
2,4823,2,2,1, 4825
1,4826,1,1,0, 4827
1,4846,1,1,1, 4847
9,4857,2,2,1, 4859
17,4859,3,3,1, 4862
8,4876,1,1,0, 4877
16,4879,2,2,1, 4881
8,4896,1,1,1, 4897
17,4899,3,3,1, 4902
8,4916,1,1,1, 4917
1,4926,1,1,1, 4927
8,4936,1,1,0, 4937
9,4937,2,2,1, 4939
1,4946,1,1,0, 4947
8,4956,1,1,1, 4957
1,4966,1,1,0, 4967
8,4976,1,1,1, 4977
9,4977,2,2,1, 4979
1,5046,1,1,0, 5047
9,5057,2,2,1, 5059
17,5059,3,3,1, 5062
2,5063,2,2,1, 5065
1,5066,1,1,0, 5067
25,5075,2,2,1, 5077
9,5077,2,2,1, 5079
2,5083,2,2,1, 5085
1,5086,1,1,0, 5087
25,5095,2,2,1, 5097
8,5096,1,1,0, 5097
8,5116,1,1,1, 5117
8,5136,1,1,0, 5137
15,5141,2,2,1, 5143
23,5148,3,3,1, 5151
8,5156,1,1,0, 5157
8,5176,1,1,0, 5177
8,5196,1,1,0, 5197
15,5201,2,2,1, 5203
8,5216,1,1,0, 5217
9,5217,2,2,1, 5219
17,5219,3,3,1, 5222
1,5226,1,1,1, 5227
25,5235,2,2,1, 5237
8,5236,1,1,0, 5237
1,5246,1,1,0, 5247
25,5255,2,2,1, 5257
8,5256,1,1,0, 5257
1,5266,1,1,1, 5267
8,5276,1,1,0, 5277
15,5281,2,2,1, 5283
1,5286,1,1,1, 5287
8,5296,1,1,1, 5297
1,5306,1,1,0, 5307
25,5315,2,2,1, 5317
8,5316,1,1,0, 5317
15,5321,2,2,1, 5323
1,5326,1,1,1, 5327
8,5336,1,1,1, 5337
9,5337,2,2,1, 5339
17,5339,3,3,1, 5342
8,5416,1,1,1, 5417
8,5436,1,1,1, 5437
1,5446,1,1,0, 5447
8,5456,1,1,0, 5457
1,5466,1,1,1, 5467
8,5476,1,1,0, 5477
1,5486,1,1,0, 5487
8,5496,1,1,0, 5497
1,5506,1,1,0, 5507
8,5516,1,1,0, 5517
15,5521,2,2,1, 5523
1,5526,1,1,1, 5527
8,5536,1,1,1, 5537
15,5541,2,2,1, 5543
1,5546,1,1,1, 5547
8,5556,1,1,1, 5557
1,5566,1,1,0, 5567
25,5575,2,2,1, 5577
8,5576,1,1,1, 5577
16,5579,2,2,1, 5581
17,5579,3,3,1, 5582
15,5641,2,2,1, 5643
8,5656,1,1,1, 5657
8,5676,1,1,1, 5677
15,5681,2,2,1, 5683
1,5686,1,1,1, 5687
8,5696,1,1,1, 5697
9,5697,2,2,1, 5699
17,5699,3,3,1, 5702
1,5706,1,1,1, 5707
1,5726,1,1,0, 5727
25,5735,2,2,1, 5737
1,5746,1,1,1, 5747
25,5755,2,2,1, 5757
1,5766,1,1,1, 5767
1,5786,1,1,1, 5787
1,5806,1,1,0, 5807
8,5816,1,1,1, 5817
9,5817,2,2,1, 5819
16,5819,2,2,1, 5821
17,5819,3,3,1, 5822
2,5883,2,2,1, 5885
1,5886,1,1,1, 5887
3,5887,3,3,1, 5890
23,5888,3,3,1, 5891
25,5895,2,2,1, 5897
8,5896,1,1,1, 5897
31,5896,2,4,1, 5900
17,5899,3,3,1, 5902
2,5903,2,2,1, 5905
1,5906,1,1,0, 5907
8,5916,1,1,0, 5917
31,5916,2,4,1, 5920
16,5919,2,2,1, 5921
17,5919,3,3,1, 5922
1,5926,1,1,0, 5927
23,5928,3,3,1, 5931
25,5935,2,2,1, 5937
8,5936,1,1,0, 5937
9,5937,2,2,1, 5939
16,5939,2,2,1, 5941
1,6046,1,1,1, 6047
1,6066,1,1,0, 6067
25,6075,2,2,1, 6077
1,6086,1,1,0, 6087
1,6106,1,1,0, 6107
3,6107,3,3,1, 6110
25,6115,2,2,1, 6117
8,6116,1,1,1, 6117
9,6117,2,2,1, 6119
15,6121,2,2,1, 6123
8,6136,1,1,0, 6137
8,6156,1,1,1, 6157
8,6176,1,1,1, 6177
15,6181,2,2,1, 6183
8,6196,1,1,1, 6197
15,6201,2,2,1, 6203
8,6216,1,1,0, 6217
1,6226,1,1,1, 6227
8,6236,1,1,1, 6237
17,6239,3,3,1, 6242
1,6346,1,1,0, 6347
25,6355,2,2,1, 6357
8,6356,1,1,1, 6357
31,6356,2,4,1, 6360
16,6359,2,2,1, 6361
17,6359,3,3,1, 6362
8,6376,1,1,1, 6377
8,6396,1,1,0, 6397
8,6416,1,1,1, 6417
1,6426,1,1,0, 6427
8,6436,1,1,0, 6437
1,6446,1,1,1, 6447
8,6456,1,1,1, 6457
1,6466,1,1,1, 6467
8,6476,1,1,0, 6477
9,6477,2,2,1, 6479
31,6476,2,4,1, 6480
1,6586,1,1,1, 6587
25,6595,2,2,1, 6597
8,6596,1,1,1, 6597
17,6599,3,3,1, 6602
1,6606,1,1,0, 6607
8,6616,1,1,1, 6617
15,6621,2,2,1, 6623
1,6626,1,1,0, 6627
8,6636,1,1,1, 6637
1,6646,1,1,0, 6647
8,6656,1,1,0, 6657
1,6666,1,1,1, 6667
8,6676,1,1,1, 6677
15,6681,2,2,1, 6683
1,6686,1,1,1, 6687
8,6696,1,1,1, 6697
15,6701,2,2,1, 6703
1,6706,1,1,1, 6707
25,6715,2,2,1, 6717
8,6716,1,1,1, 6717
31,6716,2,4,1, 6720
1,6826,1,1,0, 6827
8,6836,1,1,1, 6837
9,6837,2,2,1, 6839
16,6839,2,2,1, 6841
8,6856,1,1,0, 6857
9,6857,2,2,1, 6859
15,6861,2,2,1, 6863
8,6876,1,1,0, 6877
8,6896,1,1,0, 6897
9,6897,2,2,1, 6899
17,6899,3,3,1, 6902
8,6916,1,1,1, 6917
8,6936,1,1,0, 6937
1,6946,1,1,0, 6947
8,6956,1,1,0, 6957
16,6959,2,2,1, 6961
2,6963,2,2,1, 6965
1,6966,1,1,1, 6967
8,6976,1,1,1, 6977
16,6979,2,2,1, 6981
15,6981,2,2,1, 6983
1,6986,1,1,1, 6987
25,6995,2,2,1, 6997
8,6996,1,1,0, 6997
16,6999,2,2,1, 7001
2,7003,2,2,1, 7005
1,7006,1,1,1, 7007
8,7016,1,1,0, 7017
16,7019,2,2,1, 7021
1,7126,1,1,1, 7127
8,7136,1,1,0, 7137
2,7143,2,2,1, 7145
1,7146,1,1,0, 7147
25,7155,2,2,1, 7157
8,7156,1,1,0, 7157
16,7159,2,2,1, 7161
15,7161,2,2,1, 7163
2,7163,2,2,1, 7165
1,7166,1,1,0, 7167
3,7167,3,3,1, 7170
8,7176,1,1,1, 7177
15,7181,2,2,1, 7183
2,7183,2,2,1, 7185
1,7186,1,1,1, 7187
25,7195,2,2,1, 7197
8,7196,1,1,1, 7197
15,7201,2,2,1, 7203
1,7206,1,1,1, 7207
8,7216,1,1,0, 7217
16,7219,2,2,1, 7221
1,7226,1,1,1, 7227
25,7235,2,2,1, 7237
8,7236,1,1,1, 7237
16,7239,2,2,1, 7241
17,7239,3,3,1, 7242
15,7241,2,2,1, 7243
1,7246,1,1,0, 7247
8,7256,1,1,1, 7257
16,7259,2,2,1, 7261
17,7259,3,3,1, 7262
1,7366,1,1,0, 7367
9,7377,2,2,1, 7379
1,7386,1,1,1, 7387
1,7406,1,1,0, 7407
1,7426,1,1,1, 7427
8,7436,1,1,0, 7437
1,7446,1,1,1, 7447
8,7456,1,1,0, 7457
15,7461,2,2,1, 7463
1,7466,1,1,0, 7467
8,7476,1,1,0, 7477
17,7479,3,3,1, 7482
1,7486,1,1,0, 7487
25,7495,2,2,1, 7497
8,7496,1,1,0, 7497
9,7497,2,2,1, 7499
16,7499,2,2,1, 7501
15,7501,2,2,1, 7503
8,7516,1,1,1, 7517
8,7536,1,1,0, 7537
16,7539,2,2,1, 7541
8,7556,1,1,0, 7557
8,7576,1,1,0, 7577
16,7579,2,2,1, 7581
15,7581,2,2,1, 7583
8,7596,1,1,1, 7597
16,7599,2,2,1, 7601
1,7606,1,1,0, 7607
25,7615,2,2,1, 7617
8,7616,1,1,1, 7617
16,7619,2,2,1, 7621
1,7726,1,1,1, 7727
8,7736,1,1,0, 7737
16,7739,2,2,1, 7741
1,7746,1,1,1, 7747
25,7755,2,2,1, 7757
8,7756,1,1,0, 7757
16,7759,2,2,1, 7761
1,7766,1,1,1, 7767
8,7776,1,1,1, 7777
15,7781,2,2,1, 7783
1,7786,1,1,0, 7787
25,7795,2,2,1, 7797
8,7796,1,1,0, 7797
1,7806,1,1,0, 7807
25,7815,2,2,1, 7817
8,7816,1,1,1, 7817
15,7821,2,2,1, 7823
1,7826,1,1,1, 7827
8,7836,1,1,1, 7837
2,7843,2,2,1, 7845
1,7846,1,1,0, 7847
25,7855,2,2,1, 7857
8,7856,1,1,0, 7857
16,7859,2,2,1, 7861
1,7966,1,1,1, 7967
25,7975,2,2,1, 7977
8,7976,1,1,0, 7977
16,7979,2,2,1, 7981
1,7986,1,1,0, 7987
25,7995,2,2,1, 7997
8,7996,1,1,0, 7997
1,8006,1,1,0, 8007
8,8016,1,1,1, 8017
9,8017,2,2,1, 8019
15,8021,2,2,1, 8023
1,8026,1,1,0, 8027
8,8036,1,1,1, 8037
16,8039,2,2,1, 8041
17,8039,3,3,1, 8042
2,8103,2,2,1, 8105
1,8106,1,1,1, 8107
1,8126,1,1,1, 8127
2,8143,2,2,1, 8145
1,8146,1,1,0, 8147
8,8156,1,1,0, 8157
9,8157,2,2,1, 8159
17,8159,3,3,1, 8162
8,8176,1,1,0, 8177
8,8196,1,1,1, 8197
8,8216,1,1,0, 8217
15,8221,2,2,1, 8223
1,8226,1,1,0, 8227
8,8236,1,1,0, 8237
1,8246,1,1,1, 8247
8,8256,1,1,0, 8257
1,8266,1,1,1, 8267
8,8276,1,1,0, 8277
15,8281,2,2,1, 8283
1,8286,1,1,0, 8287
8,8296,1,1,1, 8297
16,8299,2,2,1, 8301
15,8301,2,2,1, 8303
1,8306,1,1,0, 8307
8,8316,1,1,1, 8317
16,8319,2,2,1, 8321
15,8321,2,2,1, 8323
1,8326,1,1,0, 8327
1,8346,1,1,0, 8347
9,8357,2,2,1, 8359
1,8366,1,1,0, 8367
9,8377,2,2,1, 8379
1,8386,1,1,1, 8387
9,8397,2,2,1, 8399
17,8399,3,3,1, 8402
8,8436,1,1,1, 8437
8,8456,1,1,0, 8457
1,8466,1,1,1, 8467
25,8475,2,2,1, 8477
8,8476,1,1,0, 8477
15,8481,2,2,1, 8483
2,8483,2,2,1, 8485
1,8486,1,1,0, 8487
8,8496,1,1,0, 8497
15,8501,2,2,1, 8503
1,8506,1,1,0, 8507
8,8516,1,1,1, 8517
15,8521,2,2,1, 8523
8,8536,1,1,1, 8537
15,8541,2,2,1, 8543
8,8556,1,1,0, 8557
8,8576,1,1,1, 8577
15,8581,2,2,1, 8583
1,8626,1,1,0, 8627
25,8635,2,2,1, 8637
9,8637,2,2,1, 8639
17,8639,3,3,1, 8642
1,8646,1,1,0, 8647
8,8656,1,1,0, 8657
2,8663,2,2,1, 8665
1,8666,1,1,1, 8667
8,8676,1,1,0, 8677
1,8686,1,1,0, 8687
8,8696,1,1,1, 8697
16,8699,2,2,1, 8701
15,8701,2,2,1, 8703
2,8703,2,2,1, 8705
1,8706,1,1,0, 8707
9,8717,2,2,1, 8719
2,8723,2,2,1, 8725
1,8726,1,1,1, 8727
9,8737,2,2,1, 8739
17,8739,3,3,1, 8742
2,8743,2,2,1, 8745
1,8746,1,1,1, 8747
9,8757,2,2,1, 8759
17,8759,3,3,1, 8762
8,8776,1,1,1, 8777
8,8796,1,1,0, 8797
15,8801,2,2,1, 8803
8,8816,1,1,1, 8817
16,8819,2,2,1, 8821
1,8826,1,1,1, 8827
2,8843,2,2,1, 8845
1,8846,1,1,1, 8847
25,8855,2,2,1, 8857
2,8863,2,2,1, 8865
1,8866,1,1,1, 8867
25,8875,2,2,1, 8877
1,8886,1,1,0, 8887
1,8906,1,1,0, 8907
25,8915,2,2,1, 8917
1,8926,1,1,1, 8927
8,8936,1,1,0, 8937
17,8939,3,3,1, 8942
8,8956,1,1,1, 8957
8,8976,1,1,0, 8977
15,8981,2,2,1, 8983
8,8996,1,1,0, 8997
1,9006,1,1,0, 9007
1,9026,1,1,0, 9027
25,9035,2,2,1, 9037
1,9046,1,1,0, 9047
25,9055,2,2,1, 9057
1,9066,1,1,0, 9067
1,9086,1,1,1, 9087
1,9106,1,1,1, 9107
8,9116,1,1,0, 9117
1,9126,1,1,1, 9127
1,9146,1,1,0, 9147
1,9166,1,1,1, 9167
2,9183,2,2,1, 9185
1,9186,1,1,0, 9187
2,9203,2,2,1, 9205
1,9206,1,1,0, 9207
2,9223,2,2,1, 9225
1,9226,1,1,1, 9227
8,9236,1,1,0, 9237
9,9237,2,2,1, 9239
15,9241,2,2,1, 9243
8,9256,1,1,1, 9257
9,9257,2,2,1, 9259
16,9259,2,2,1, 9261
15,9261,2,2,1, 9263
1,9346,1,1,0, 9347
25,9355,2,2,1, 9357
9,9357,2,2,1, 9359
1,9366,1,1,1, 9367
8,9376,1,1,1, 9377
15,9381,2,2,1, 9383
1,9386,1,1,0, 9387
25,9395,2,2,1, 9397
8,9396,1,1,1, 9397
16,9399,2,2,1, 9401
15,9401,2,2,1, 9403
2,9403,2,2,1, 9405
1,9406,1,1,0, 9407
25,9415,2,2,1, 9417
8,9416,1,1,1, 9417
16,9419,2,2,1, 9421
15,9421,2,2,1, 9423
8,9436,1,1,0, 9437
16,9439,2,2,1, 9441
8,9456,1,1,1, 9457
9,9457,2,2,1, 9459
8,9476,1,1,0, 9477
9,9477,2,2,1, 9479
15,9481,2,2,1, 9483
8,9496,1,1,0, 9497
9,9497,2,2,1, 9499
8,9516,1,1,1, 9517
8,9536,1,1,1, 9537
17,9539,3,3,1, 9542
1,9586,1,1,0, 9587
25,9595,2,2,1, 9597
1,9606,1,1,0, 9607
8,9616,1,1,1, 9617
2,9623,2,2,1, 9625
1,9626,1,1,1, 9627
8,9636,1,1,0, 9637
1,9646,1,1,1, 9647
25,9655,2,2,1, 9657
8,9656,1,1,1, 9657
17,9659,3,3,1, 9662
15,9661,2,2,1, 9663
8,9676,1,1,1, 9677
8,9696,1,1,1, 9697
15,9701,2,2,1, 9703
8,9716,1,1,0, 9717
16,9719,2,2,1, 9721
1,9766,1,1,0, 9767
25,9775,2,2,1, 9777
1,9786,1,1,1, 9787
25,9795,2,2,1, 9797
1,9806,1,1,1, 9807
1,9826,1,1,1, 9827
25,9835,2,2,1, 9837
8,9896,1,1,0, 9897
9,9897,2,2,1, 9899
16,9899,2,2,1, 9901
1,9906,1,1,0, 9907
25,9915,2,2,1, 9917
1,9926,1,1,1, 9927
25,9935,2,2,1, 9937
1,9946,1,1,1, 9947
8,10016,1,1,0, 10017
9,10017,2,2,1, 10019
1,10026,1,1,0, 10027
25,10035,2,2,1, 10037
8,10036,1,1,0, 10037
1,10046,1,1,0, 10047
25,10055,2,2,1, 10057
8,10056,1,1,1, 10057
1,10066,1,1,0, 10067
8,10076,1,1,1, 10077
15,10081,2,2,1, 10083
8,10096,1,1,0, 10097
8,10116,1,1,0, 10117
15,10121,2,2,1, 10123
8,10136,1,1,0, 10137
1,10146,1,1,0, 10147
9,10157,2,2,1, 10159
1,10166,1,1,1, 10167
1,10186,1,1,0, 10187
25,10195,2,2,1, 10197
8,10256,1,1,0, 10257
9,10257,2,2,1, 10259
8,10276,1,1,0, 10277
8,10296,1,1,0, 10297
16,10299,2,2,1, 10301
1,10306,1,1,1, 10307
25,10315,2,2,1, 10317
8,10316,1,1,1, 10317
16,10319,2,2,1, 10321
2,10323,2,2,1, 10325
1,10326,1,1,1, 10327
8,10336,1,1,1, 10337
1,10346,1,1,0, 10347
25,10355,2,2,1, 10357
8,10356,1,1,1, 10357
15,10361,2,2,1, 10363
2,10363,2,2,1, 10365
1,10366,1,1,1, 10367
8,10376,1,1,1, 10377
15,10381,2,2,1, 10383
8,10396,1,1,0, 10397
15,10401,2,2,1, 10403
8,10416,1,1,1, 10417
15,10421,2,2,1, 10423
8,10436,1,1,0, 10437
1,10546,1,1,0, 10547
25,10555,2,2,1, 10557
8,10556,1,1,0, 10557
17,10559,3,3,1, 10562
8,10576,1,1,0, 10577
8,10596,1,1,0, 10597
8,10616,1,1,0, 10617
8,10636,1,1,0, 10637
8,10656,1,1,0, 10657
1,10666,1,1,0, 10667
8,10676,1,1,0, 10677
16,10679,2,2,1, 10681
1,10686,1,1,1, 10687
8,10696,1,1,0, 10697
15,10701,2,2,1, 10703
1,10706,1,1,0, 10707
8,10716,1,1,0, 10717
1,10726,1,1,0, 10727
8,10736,1,1,0, 10737
16,10739,2,2,1, 10741
1,10746,1,1,1, 10747
9,10757,2,2,1, 10759
1,10766,1,1,0, 10767
25,10775,2,2,1, 10777
9,10777,2,2,1, 10779
1,10786,1,1,1, 10787
9,10797,2,2,1, 10799
17,10799,3,3,1, 10802
8,10856,1,1,0, 10857
16,10859,2,2,1, 10861
2,10863,2,2,1, 10865
1,10866,1,1,1, 10867
8,10876,1,1,1, 10877
9,10877,2,2,1, 10879
15,10881,2,2,1, 10883
2,10883,2,2,1, 10885
1,10886,1,1,0, 10887
8,10896,1,1,0, 10897
16,10899,2,2,1, 10901
2,10903,2,2,1, 10905
1,10906,1,1,0, 10907
25,10915,2,2,1, 10917
8,10916,1,1,0, 10917
9,10917,2,2,1, 10919
16,10919,2,2,1, 10921
25,11035,2,2,1, 11037
8,11036,1,1,1, 11037
9,11037,2,2,1, 11039
1,11046,1,1,0, 11047
8,11056,1,1,1, 11057
16,11059,2,2,1, 11061
8,11076,1,1,1, 11077
16,11079,2,2,1, 11081
8,11096,1,1,0, 11097
8,11116,1,1,0, 11117
8,11136,1,1,0, 11137
15,11141,2,2,1, 11143
8,11156,1,1,1, 11157
9,11157,2,2,1, 11159
1,11266,1,1,0, 11267
25,11275,2,2,1, 11277
8,11276,1,1,0, 11277
17,11279,3,3,1, 11282
8,11296,1,1,0, 11297
15,11301,2,2,1, 11303
8,11316,1,1,0, 11317
15,11321,2,2,1, 11323
8,11336,1,1,1, 11337
15,11341,2,2,1, 11343
8,11356,1,1,1, 11357
15,11361,2,2,1, 11363
8,11376,1,1,0, 11377
1,11386,1,1,0, 11387
25,11395,2,2,1, 11397
8,11396,1,1,0, 11397
9,11397,2,2,1, 11399
16,11399,2,2,1, 11401
17,11399,3,3,1, 11402
8,11476,1,1,0, 11477
8,11496,1,1,1, 11497
1,11506,1,1,0, 11507
8,11516,1,1,0, 11517
1,11526,1,1,0, 11527
25,11535,2,2,1, 11537
8,11536,1,1,0, 11537
9,11537,2,2,1, 11539
16,11539,2,2,1, 11541
1,11546,1,1,1, 11547
25,11555,2,2,1, 11557
8,11556,1,1,0, 11557
9,11557,2,2,1, 11559
1,11566,1,1,1, 11567
8,11576,1,1,0, 11577
16,11579,2,2,1, 11581
8,11696,1,1,0, 11697
16,11699,2,2,1, 11701
8,11716,1,1,0, 11717
8,11736,1,1,1, 11737
16,11739,2,2,1, 11741
1,11746,1,1,0, 11747
25,11755,2,2,1, 11757
8,11756,1,1,1, 11757
16,11759,2,2,1, 11761
1,11766,1,1,0, 11767
8,11776,1,1,0, 11777
15,11781,2,2,1, 11783
1,11786,1,1,0, 11787
25,11795,2,2,1, 11797
8,11796,1,1,0, 11797
15,11801,2,2,1, 11803
1,11806,1,1,0, 11807
8,11816,1,1,0, 11817
1,11826,1,1,1, 11827
25,11835,2,2,1, 11837
8,11836,1,1,0, 11837
15,11841,2,2,1, 11843
1,11846,1,1,0, 11847
25,11855,2,2,1, 11857
8,11856,1,1,0, 11857
15,11861,2,2,1, 11863
1,11866,1,1,1, 11867
25,11875,2,2,1, 11877
8,11876,1,1,0, 11877
9,11877,2,2,1, 11879
16,11879,2,2,1, 11881
17,11879,3,3,1, 11882
1,11986,1,1,1, 11987
9,11997,2,2,1, 11999
1,12006,1,1,1, 12007
8,12016,1,1,1, 12017
1,12026,1,1,0, 12027
8,12036,1,1,0, 12037
16,12039,2,2,1, 12041
1,12046,1,1,1, 12047
25,12055,2,2,1, 12057
8,12056,1,1,1, 12057
16,12059,2,2,1, 12061
1,12066,1,1,0, 12067
8,12076,1,1,0, 12077
1,12086,1,1,1, 12087
25,12095,2,2,1, 12097
8,12096,1,1,1, 12097
1,12106,1,1,1, 12107
25,12115,2,2,1, 12117
8,12116,1,1,0, 12117
1,12226,1,1,0, 12227
25,12235,2,2,1, 12237
8,12236,1,1,0, 12237
9,12237,2,2,1, 12239
8,12256,1,1,1, 12257
8,12276,1,1,1, 12277
8,12296,1,1,1, 12297
8,12316,1,1,0, 12317
8,12336,1,1,0, 12337
1,12346,1,1,1, 12347
8,12356,1,1,1, 12357
1,12366,1,1,0, 12367
8,12376,1,1,0, 12377
15,12381,2,2,1, 12383
2,12383,2,2,1, 12385
1,12386,1,1,1, 12387
8,12396,1,1,0, 12397
9,12397,2,2,1, 12399
2,12403,2,2,1, 12405
1,12406,1,1,1, 12407
8,12416,1,1,0, 12417
16,12419,2,2,1, 12421
1,12426,1,1,0, 12427
1,12446,1,1,1, 12447
1,12466,1,1,0, 12467
25,12475,2,2,1, 12477
1,12486,1,1,1, 12487
25,12495,2,2,1, 12497
8,12496,1,1,0, 12497
1,12506,1,1,1, 12507
25,12515,2,2,1, 12517
8,12516,1,1,1, 12517
1,12526,1,1,0, 12527
8,12536,1,1,0, 12537
9,12537,2,2,1, 12539
15,12541,2,2,1, 12543
1,12546,1,1,0, 12547
8,12556,1,1,0, 12557
16,12559,2,2,1, 12561
1,12566,1,1,1, 12567
8,12576,1,1,0, 12577
16,12579,2,2,1, 12581
15,12581,2,2,1, 12583
1,12586,1,1,1, 12587
25,12595,2,2,1, 12597
8,12596,1,1,0, 12597
16,12599,2,2,1, 12601
1,12666,1,1,0, 12667
25,12675,2,2,1, 12677
9,12677,2,2,1, 12679
1,12686,1,1,0, 12687
1,12706,1,1,0, 12707
8,12716,1,1,1, 12717
9,12717,2,2,1, 12719
16,12719,2,2,1, 12721
8,12736,1,1,0, 12737
15,12741,2,2,1, 12743
8,12756,1,1,0, 12757
8,12776,1,1,0, 12777
8,12796,1,1,0, 12797
8,12816,1,1,1, 12817
1,12826,1,1,1, 12827
8,12836,1,1,1, 12837
15,12841,2,2,1, 12843
2,12843,2,2,1, 12845
1,12846,1,1,0, 12847
8,12856,1,1,0, 12857
15,12861,2,2,1, 12863
1,12866,1,1,1, 12867
8,12876,1,1,1, 12877
15,12881,2,2,1, 12883
1,12886,1,1,0, 12887
8,12896,1,1,1, 12897
1,12906,1,1,0, 12907
8,12916,1,1,1, 12917
15,12921,2,2,1, 12923
1,12926,1,1,1, 12927
8,12936,1,1,0, 12937
1,12946,1,1,1, 12947
25,12955,2,2,1, 12957
8,12956,1,1,1, 12957
15,12961,2,2,1, 12963
1,12966,1,1,0, 12967
25,12975,2,2,1, 12977
8,12976,1,1,0, 12977
16,12979,2,2,1, 12981
15,12981,2,2,1, 12983
1,12986,1,1,0, 12987
8,12996,1,1,0, 12997
16,12999,2,2,1, 13001
15,13001,2,2,1, 13003
1,13006,1,1,0, 13007
8,13016,1,1,0, 13017
1,13026,1,1,0, 13027
1,13046,1,1,0, 13047
25,13055,2,2,1, 13057
1,13066,1,1,0, 13067
1,13086,1,1,1, 13087
1,13106,1,1,1, 13107
1,13126,1,1,1, 13127
8,13136,1,1,1, 13137
2,13143,2,2,1, 13145
1,13146,1,1,1, 13147
8,13156,1,1,0, 13157
16,13159,2,2,1, 13161
15,13161,2,2,1, 13163
2,13163,2,2,1, 13165
1,13166,1,1,0, 13167
8,13176,1,1,0, 13177
16,13179,2,2,1, 13181
15,13181,2,2,1, 13183
1,13186,1,1,0, 13187
8,13196,1,1,0, 13197
1,13306,1,1,1, 13307
8,13316,1,1,1, 13317
2,13323,2,2,1, 13325
1,13326,1,1,1, 13327
8,13336,1,1,1, 13337
9,13337,2,2,1, 13339
1,13346,1,1,0, 13347
8,13356,1,1,0, 13357
2,13363,2,2,1, 13365
1,13366,1,1,1, 13367
25,13375,2,2,1, 13377
8,13376,1,1,1, 13377
8,13396,1,1,1, 13397
15,13401,2,2,1, 13403
8,13416,1,1,0, 13417
15,13421,2,2,1, 13423
8,13436,1,1,1, 13437
8,13456,1,1,1, 13457
15,13461,2,2,1, 13463
8,13476,1,1,1, 13477
15,13481,2,2,1, 13483
1,13486,1,1,1, 13487
25,13495,2,2,1, 13497
8,13496,1,1,1, 13497
9,13497,2,2,1, 13499
1,13606,1,1,1, 13607
25,13615,2,2,1, 13617
8,13616,1,1,1, 13617
1,13626,1,1,0, 13627
8,13636,1,1,0, 13637
16,13639,2,2,1, 13641
15,13641,2,2,1, 13643
1,13646,1,1,1, 13647
8,13656,1,1,1, 13657
15,13661,2,2,1, 13663
1,13666,1,1,0, 13667
25,13675,2,2,1, 13677
8,13676,1,1,1, 13677
1,13686,1,1,0, 13687
8,13696,1,1,0, 13697
15,13701,2,2,1, 13703
1,13706,1,1,1, 13707
8,13716,1,1,1, 13717
15,13721,2,2,1, 13723
1,13726,1,1,1, 13727
8,13736,1,1,0, 13737
2,13743,2,2,1, 13745
1,13746,1,1,0, 13747
8,13756,1,1,1, 13757
1,13766,1,1,0, 13767
8,13776,1,1,0, 13777
9,13777,2,2,1, 13779
2,13783,2,2,1, 13785
1,13786,1,1,1, 13787
8,13796,1,1,0, 13797
16,13799,2,2,1, 13801
1,13906,1,1,0, 13907
25,13915,2,2,1, 13917
8,13916,1,1,0, 13917
9,13917,2,2,1, 13919
8,13936,1,1,1, 13937
9,13937,2,2,1, 13939
16,13939,2,2,1, 13941
8,13956,1,1,1, 13957
9,13957,2,2,1, 13959
16,13959,2,2,1, 13961
8,13976,1,1,1, 13977
8,13996,1,1,0, 13997
8,14016,1,1,1, 14017
1,14026,1,1,0, 14027
8,14036,1,1,0, 14037
1,14046,1,1,1, 14047
8,14056,1,1,1, 14057
1,14066,1,1,1, 14067
8,14076,1,1,0, 14077
1,14086,1,1,1, 14087
25,14095,2,2,1, 14097
8,14096,1,1,1, 14097
9,14097,2,2,1, 14099
16,14099,2,2,1, 14101
1,14106,1,1,1, 14107
25,14115,2,2,1, 14117
9,14117,2,2,1, 14119
1,14126,1,1,0, 14127
25,14135,2,2,1, 14137
1,14146,1,1,0, 14147
1,14166,1,1,0, 14167
25,14175,2,2,1, 14177
1,14186,1,1,1, 14187
25,14195,2,2,1, 14197
1,14206,1,1,0, 14207
25,14215,2,2,1, 14217
8,14216,1,1,0, 14217
15,14221,2,2,1, 14223
8,14236,1,1,0, 14237
9,14237,2,2,1, 14239
16,14239,2,2,1, 14241
15,14241,2,2,1, 14243
8,14256,1,1,0, 14257
15,14261,2,2,1, 14263
8,14276,1,1,0, 14277
9,14277,2,2,1, 14279
16,14279,2,2,1, 14281
15,14281,2,2,1, 14283
8,14296,1,1,0, 14297
15,14301,2,2,1, 14303
8,14316,1,1,0, 14317
9,14317,2,2,1, 14319
15,14321,2,2,1, 14323
8,14336,1,1,0, 14337
9,14337,2,2,1, 14339
1,14346,1,1,1, 14347
25,14355,2,2,1, 14357
2,14363,2,2,1, 14365
1,14366,1,1,0, 14367
2,14383,2,2,1, 14385
1,14386,1,1,1, 14387
1,14406,1,1,0, 14407
25,14415,2,2,1, 14417
1,14426,1,1,0, 14427
25,14435,2,2,1, 14437
1,14446,1,1,0, 14447
8,14456,1,1,1, 14457
9,14457,2,2,1, 14459
16,14459,2,2,1, 14461
15,14461,2,2,1, 14463
8,14476,1,1,1, 14477
8,14496,1,1,0, 14497
8,14516,1,1,0, 14517
8,14536,1,1,0, 14537
8,14556,1,1,1, 14557
1,14566,1,1,0, 14567
25,14575,2,2,1, 14577
8,14576,1,1,1, 14577
16,14579,2,2,1, 14581
15,14581,2,2,1, 14583
1,14586,1,1,1, 14587
25,14595,2,2,1, 14597
8,14596,1,1,0, 14597
15,14601,2,2,1, 14603
1,14606,1,1,0, 14607
25,14615,2,2,1, 14617
8,14616,1,1,0, 14617
16,14619,2,2,1, 14621
15,14621,2,2,1, 14623
1,14626,1,1,0, 14627
25,14635,2,2,1, 14637
8,14636,1,1,1, 14637
16,14639,2,2,1, 14641
1,14646,1,1,1, 14647
25,14655,2,2,1, 14657
9,14657,2,2,1, 14659
1,14666,1,1,1, 14667
9,14677,2,2,1, 14679
1,14686,1,1,0, 14687
25,14695,2,2,1, 14697
8,14756,1,1,1, 14757
2,14763,2,2,1, 14765
1,14766,1,1,1, 14767
25,14775,2,2,1, 14777
8,14776,1,1,1, 14777
15,14781,2,2,1, 14783
1,14786,1,1,1, 14787
8,14796,1,1,1, 14797
15,14801,2,2,1, 14803
1,14806,1,1,1, 14807
25,14815,2,2,1, 14817
8,14816,1,1,0, 14817
9,14817,2,2,1, 14819
16,14819,2,2,1, 14821
1,14926,1,1,0, 14927
8,14936,1,1,1, 14937
9,14937,2,2,1, 14939
2,14943,2,2,1, 14945
1,14946,1,1,1, 14947
8,14956,1,1,1, 14957
2,14963,2,2,1, 14965
1,14966,1,1,1, 14967
8,14976,1,1,1, 14977
15,14981,2,2,1, 14983
1,14986,1,1,1, 14987
25,14995,2,2,1, 14997
8,14996,1,1,1, 14997
1,15006,1,1,0, 15007
25,15015,2,2,1, 15017
8,15016,1,1,0, 15017
2,15023,2,2,1, 15025
1,15026,1,1,1, 15027
8,15036,1,1,1, 15037
15,15041,2,2,1, 15043
8,15056,1,1,1, 15057
9,15057,2,2,1, 15059
2,15163,2,2,1, 15165
1,15166,1,1,0, 15167
8,15176,1,1,1, 15177
8,15196,1,1,1, 15197
8,15216,1,1,0, 15217
8,15236,1,1,1, 15237
8,15256,1,1,0, 15257
15,15261,2,2,1, 15263
8,15276,1,1,0, 15277
15,15281,2,2,1, 15283
1,15286,1,1,0, 15287
8,15296,1,1,1, 15297
9,15297,2,2,1, 15299
16,15299,2,2,1, 15301
1,15306,1,1,1, 15307
25,15315,2,2,1, 15317
8,15316,1,1,1, 15317
9,15317,2,2,1, 15319
16,15319,2,2,1, 15321
1,15326,1,1,1, 15327
8,15336,1,1,1, 15337
16,15339,2,2,1, 15341
1,15346,1,1,0, 15347
25,15355,2,2,1, 15357
8,15356,1,1,1, 15357
1,15426,1,1,1, 15427
8,15436,1,1,1, 15437
9,15437,2,2,1, 15439
15,15441,2,2,1, 15443
1,15446,1,1,0, 15447
25,15455,2,2,1, 15457
8,15456,1,1,1, 15457
1,15466,1,1,0, 15467
25,15475,2,2,1, 15477
8,15476,1,1,1, 15477
8,15496,1,1,1, 15497
8,15516,1,1,0, 15517
15,15521,2,2,1, 15523
8,15536,1,1,0, 15537
8,15556,1,1,1, 15557
16,15559,2,2,1, 15561
8,15576,1,1,0, 15577
1,15586,1,1,1, 15587
8,15596,1,1,0, 15597
1,15606,1,1,1, 15607
8,15616,1,1,1, 15617
9,15617,2,2,1, 15619
16,15619,2,2,1, 15621
1,15626,1,1,0, 15627
8,15636,1,1,1, 15637
9,15637,2,2,1, 15639
1,15646,1,1,0, 15647
8,15656,1,1,1, 15657
1,15666,1,1,0, 15667
25,15675,2,2,1, 15677
1,15686,1,1,1, 15687
25,15695,2,2,1, 15697
1,15706,1,1,0, 15707
25,15715,2,2,1, 15717
1,15726,1,1,1, 15727
1,15746,1,1,0, 15747
1,15766,1,1,0, 15767
8,15776,1,1,1, 15777
8,15796,1,1,1, 15797
8,15816,1,1,0, 15817
16,15819,2,2,1, 15821
8,15836,1,1,0, 15837
16,15839,2,2,1, 15841
15,15841,2,2,1, 15843
8,15856,1,1,1, 15857
15,15861,2,2,1, 15863
8,15876,1,1,1, 15877
15,15881,2,2,1, 15883
1,15886,1,1,0, 15887
8,15896,1,1,0, 15897
1,16006,1,1,1, 16007
25,16015,2,2,1, 16017
8,16016,1,1,1, 16017
16,16019,2,2,1, 16021
8,16036,1,1,0, 16037
8,16056,1,1,1, 16057
16,16059,2,2,1, 16061
8,16076,1,1,1, 16077
16,16079,2,2,1, 16081
8,16096,1,1,1, 16097
8,16116,1,1,1, 16117
16,16119,2,2,1, 16121
1,16126,1,1,0, 16127
8,16136,1,1,0, 16137
15,16141,2,2,1, 16143
1,16246,1,1,0, 16247
8,16256,1,1,1, 16257
16,16259,2,2,1, 16261
1,16266,1,1,1, 16267
8,16276,1,1,1, 16277
15,16281,2,2,1, 16283
2,16283,2,2,1, 16285
1,16286,1,1,1, 16287
8,16296,1,1,1, 16297
9,16297,2,2,1, 16299
2,16303,2,2,1, 16305
1,16306,1,1,1, 16307
8,16316,1,1,0, 16317
16,16319,2,2,1, 16321
1,16326,1,1,0, 16327
1,16346,1,1,1, 16347
1,16366,1,1,1, 16367
1,16386,1,1,1, 16387
1,16406,1,1,0, 16407
1,16426,1,1,1, 16427
25,16435,2,2,1, 16437
8,16436,1,1,0, 16437
15,16441,2,2,1, 16443
8,16456,1,1,1, 16457
16,16459,2,2,1, 16461
15,16461,2,2,1, 16463
8,16476,1,1,0, 16477
15,16481,2,2,1, 16483
8,16496,1,1,0, 16497
8,16516,1,1,1, 16517
8,16536,1,1,1, 16537
1,16546,1,1,1, 16547
8,16556,1,1,0, 16557
8,16576,1,1,1, 16577
16,16579,2,2,1, 16581
8,16596,1,1,1, 16597
16,16599,2,2,1, 16601
8,16616,1,1,0, 16617
8,16636,1,1,1, 16637
16,16639,2,2,1, 16641
8,16656,1,1,1, 16657
16,16659,2,2,1, 16661
1,16666,1,1,0, 16667
25,16675,2,2,1, 16677
8,16676,1,1,0, 16677
16,16679,2,2,1, 16681
1,16686,1,1,0, 16687
1,16706,1,1,0, 16707
1,16726,1,1,0, 16727
8,16756,1,1,1, 16757
9,16757,2,2,1, 16759
8,16776,1,1,0, 16777
8,16796,1,1,0, 16797
9,16797,2,2,1, 16799
8,16816,1,1,1, 16817
9,16817,2,2,1, 16819
8,16836,1,1,0, 16837
15,16841,2,2,1, 16843
1,16846,1,1,0, 16847
25,16855,2,2,1, 16857
8,16856,1,1,1, 16857
1,16966,1,1,0, 16967
8,16976,1,1,1, 16977
9,16977,2,2,1, 16979
1,16986,1,1,1, 16987
8,16996,1,1,1, 16997
1,17006,1,1,0, 17007
8,17016,1,1,0, 17017
1,17026,1,1,1, 17027
8,17036,1,1,1, 17037
1,17046,1,1,1, 17047
8,17056,1,1,0, 17057
1,17066,1,1,1, 17067
8,17076,1,1,0, 17077
1,17086,1,1,0, 17087
25,17095,2,2,1, 17097
8,17096,1,1,1, 17097
15,17101,2,2,1, 17103
1,17106,1,1,1, 17107
25,17115,2,2,1, 17117
8,17116,1,1,0, 17117
16,17119,2,2,1, 17121
15,17121,2,2,1, 17123
2,17123,2,2,1, 17125
1,17126,1,1,1, 17127
8,17136,1,1,1, 17137
9,17137,2,2,1, 17139
16,17139,2,2,1, 17141
1,17146,1,1,0, 17147
8,17156,1,1,1, 17157
16,17159,2,2,1, 17161
1,17266,1,1,0, 17267
25,17275,2,2,1, 17277
8,17276,1,1,1, 17277
9,17277,2,2,1, 17279
16,17279,2,2,1, 17281
15,17281,2,2,1, 17283
2,17283,2,2,1, 17285
1,17286,1,1,0, 17287
8,17296,1,1,0, 17297
15,17301,2,2,1, 17303
2,17303,2,2,1, 17305
1,17306,1,1,1, 17307
8,17316,1,1,1, 17317
15,17321,2,2,1, 17323
1,17326,1,1,0, 17327
25,17335,2,2,1, 17337
8,17336,1,1,1, 17337
8,17356,1,1,0, 17357
8,17376,1,1,0, 17377
8,17396,1,1,0, 17397
9,17397,2,2,1, 17399
8,17416,1,1,1, 17417
16,17419,2,2,1, 17421
8,17436,1,1,0, 17437
16,17439,2,2,1, 17441
1,17446,1,1,1, 17447
8,17456,1,1,1, 17457
1,17466,1,1,1, 17467
8,17476,1,1,0, 17477
16,17479,2,2,1, 17481
1,17486,1,1,0, 17487
25,17495,2,2,1, 17497
8,17496,1,1,0, 17497
1,17506,1,1,1, 17507
8,17516,1,1,1, 17517
1,17526,1,1,0, 17527
9,17537,2,2,1, 17539
2,17543,2,2,1, 17545
1,17546,1,1,0, 17547
9,17557,2,2,1, 17559
2,17563,2,2,1, 17565
1,17566,1,1,1, 17567
8,17636,1,1,1, 17637
15,17641,2,2,1, 17643
1,17646,1,1,0, 17647
8,17656,1,1,0, 17657
16,17659,2,2,1, 17661
2,17663,2,2,1, 17665
1,17666,1,1,1, 17667
25,17675,2,2,1, 17677
8,17676,1,1,1, 17677
9,17677,2,2,1, 17679
15,17681,2,2,1, 17683
1,17686,1,1,1, 17687
25,17695,2,2,1, 17697
8,17696,1,1,1, 17697
15,17701,2,2,1, 17703
8,17716,1,1,0, 17717
8,17736,1,1,0, 17737
16,17739,2,2,1, 17741
15,17741,2,2,1, 17743
8,17756,1,1,0, 17757
1,17806,1,1,0, 17807
25,17815,2,2,1, 17817
1,17926,1,1,1, 17927
25,17935,2,2,1, 17937
8,17936,1,1,0, 17937
1,17946,1,1,0, 17947
25,17955,2,2,1, 17957
8,17956,1,1,0, 17957
16,17959,2,2,1, 17961
1,17966,1,1,0, 17967
8,17976,1,1,1, 17977
16,17979,2,2,1, 17981
1,17986,1,1,0, 17987
8,17996,1,1,0, 17997
1,18006,1,1,1, 18007
25,18015,2,2,1, 18017
8,18016,1,1,0, 18017
16,18019,2,2,1, 18021
1,18026,1,1,0, 18027
8,18036,1,1,1, 18037
16,18039,2,2,1, 18041
1,18046,1,1,1, 18047
8,18056,1,1,1, 18057
9,18057,2,2,1, 18059
8,18076,1,1,0, 18077
15,18081,2,2,1, 18083
8,18096,1,1,1, 18097
15,18101,2,2,1, 18103
8,18116,1,1,1, 18117
8,18136,1,1,1, 18137
15,18141,2,2,1, 18143
8,18156,1,1,1, 18157
15,18161,2,2,1, 18163
1,18166,1,1,0, 18167
25,18175,2,2,1, 18177
8,18176,1,1,0, 18177
16,18179,2,2,1, 18181
1,18186,1,1,0, 18187
25,18195,2,2,1, 18197
2,18203,2,2,1, 18205
1,18206,1,1,0, 18207
2,18223,2,2,1, 18225
1,18226,1,1,1, 18227
25,18235,2,2,1, 18237
9,18237,2,2,1, 18239
2,18343,2,2,1, 18345
1,18346,1,1,1, 18347
8,18356,1,1,0, 18357
9,18357,2,2,1, 18359
8,18376,1,1,0, 18377
8,18396,1,1,1, 18397
16,18399,2,2,1, 18401
15,18401,2,2,1, 18403
8,18416,1,1,1, 18417
16,18419,2,2,1, 18421
15,18421,2,2,1, 18423
8,18436,1,1,0, 18437
8,18456,1,1,1, 18457
2,18463,2,2,1, 18465
1,18466,1,1,0, 18467
25,18475,2,2,1, 18477
8,18476,1,1,1, 18477
9,18477,2,2,1, 18479
1,18586,1,1,1, 18587
8,18596,1,1,0, 18597
16,18599,2,2,1, 18601
1,18606,1,1,1, 18607
8,18616,1,1,0, 18617
1,18626,1,1,1, 18627
8,18636,1,1,0, 18637
16,18639,2,2,1, 18641
1,18646,1,1,0, 18647
25,18655,2,2,1, 18657
8,18656,1,1,0, 18657
1,18666,1,1,0, 18667
8,18676,1,1,0, 18677
16,18679,2,2,1, 18681
1,18686,1,1,1, 18687
25,18695,2,2,1, 18697
8,18696,1,1,1, 18697
16,18699,2,2,1, 18701
1,18706,1,1,0, 18707
25,18715,2,2,1, 18717
8,18716,1,1,1, 18717
9,18717,2,2,1, 18719
1,18826,1,1,1, 18827
25,18835,2,2,1, 18837
8,18836,1,1,0, 18837
9,18837,2,2,1, 18839
1,18846,1,1,1, 18847
25,18855,2,2,1, 18857
8,18856,1,1,1, 18857
9,18857,2,2,1, 18859
15,18861,2,2,1, 18863
8,18876,1,1,0, 18877
9,18877,2,2,1, 18879
15,18881,2,2,1, 18883
8,18896,1,1,1, 18897
9,18897,2,2,1, 18899
1,18966,1,1,0, 18967
8,18976,1,1,0, 18977
1,18986,1,1,0, 18987
25,18995,2,2,1, 18997
8,18996,1,1,0, 18997
16,18999,2,2,1, 19001
2,19003,2,2,1, 19005
1,19006,1,1,1, 19007
8,19016,1,1,0, 19017
9,19017,2,2,1, 19019
16,19019,2,2,1, 19021
8,19036,1,1,0, 19037
16,19039,2,2,1, 19041
15,19041,2,2,1, 19043
8,19056,1,1,1, 19057
9,19057,2,2,1, 19059
16,19059,2,2,1, 19061
15,19061,2,2,1, 19063
1,19126,1,1,0, 19127
25,19135,2,2,1, 19137
2,19143,2,2,1, 19145
1,19146,1,1,0, 19147
25,19155,2,2,1, 19157
1,19166,1,1,1, 19167
8,19176,1,1,0, 19177
15,19181,2,2,1, 19183
1,19186,1,1,0, 19187
8,19196,1,1,1, 19197
16,19199,2,2,1, 19201
1,19206,1,1,1, 19207
8,19216,1,1,0, 19217
9,19217,2,2,1, 19219
15,19221,2,2,1, 19223
8,19236,1,1,1, 19237
8,19256,1,1,1, 19257
15,19261,2,2,1, 19263
8,19276,1,1,0, 19277
9,19277,2,2,1, 19279
15,19281,2,2,1, 19283
15,19321,2,2,1, 19323
1,19326,1,1,0, 19327
25,19335,2,2,1, 19337
8,19336,1,1,1, 19337
16,19339,2,2,1, 19341
15,19341,2,2,1, 19343
1,19346,1,1,0, 19347
1,19366,1,1,0, 19367
25,19375,2,2,1, 19377
2,19383,2,2,1, 19385
1,19386,1,1,1, 19387
2,19403,2,2,1, 19405
1,19406,1,1,1, 19407
1,19426,1,1,1, 19427
8,19456,1,1,0, 19457
9,19457,2,2,1, 19459
8,19476,1,1,0, 19477
8,19496,1,1,0, 19497
9,19497,2,2,1, 19499
8,19516,1,1,1, 19517
8,19536,1,1,1, 19537
1,19546,1,1,0, 19547
25,19555,2,2,1, 19557
8,19556,1,1,1, 19557
9,19557,2,2,1, 19559
16,19559,2,2,1, 19561
1,19666,1,1,0, 19667
25,19675,2,2,1, 19677
8,19676,1,1,1, 19677
8,19696,1,1,0, 19697
8,19716,1,1,0, 19717
8,19736,1,1,1, 19737
16,19739,2,2,1, 19741
8,19756,1,1,1, 19757
16,19759,2,2,1, 19761
8,19776,1,1,1, 19777
16,19779,2,2,1, 19781
1,19786,1,1,0, 19787
25,19795,2,2,1, 19797
8,19796,1,1,1, 19797
1,19906,1,1,1, 19907
8,19916,1,1,0, 19917
9,19917,2,2,1, 19919
1,19926,1,1,0, 19927
8,19936,1,1,1, 19937
1,19946,1,1,0, 19947
8,19956,1,1,1, 19957
1,19966,1,1,1, 19967
8,19976,1,1,1, 19977
1,19986,1,1,0, 19987
8,19996,1,1,0, 19997
1,20006,1,1,1, 20007
8,20016,1,1,1, 20017
2,20023,2,2,1, 20025
1,20026,1,1,0, 20027
25,20035,2,2,1, 20037
8,20036,1,1,1, 20037
16,20039,2,2,1, 20041
1,20146,1,1,0, 20147
8,20156,1,1,0, 20157
1,20166,1,1,1, 20167
25,20175,2,2,1, 20177
8,20176,1,1,1, 20177
16,20179,2,2,1, 20181
1,20186,1,1,0, 20187
25,20195,2,2,1, 20197
8,20196,1,1,1, 20197
15,20201,2,2,1, 20203
1,20206,1,1,0, 20207
25,20215,2,2,1, 20217
8,20216,1,1,1, 20217
16,20219,2,2,1, 20221
15,20221,2,2,1, 20223
1,20226,1,1,0, 20227
8,20236,1,1,0, 20237
16,20239,2,2,1, 20241
15,20241,2,2,1, 20243
1,20246,1,1,0, 20247
25,20255,2,2,1, 20257
8,20256,1,1,0, 20257
1,20266,1,1,1, 20267
25,20275,2,2,1, 20277
8,20276,1,1,0, 20277
1,20286,1,1,0, 20287
8,20296,1,1,1, 20297
9,20297,2,2,1, 20299
16,20299,2,2,1, 20301
1,20306,1,1,0, 20307
25,20315,2,2,1, 20317
8,20316,1,1,1, 20317
9,20317,2,2,1, 20319
16,20319,2,2,1, 20321
1,20326,1,1,0, 20327
25,20335,2,2,1, 20337
8,20336,1,1,1, 20337
1,20446,1,1,1, 20447
8,20456,1,1,0, 20457
9,20457,2,2,1, 20459
15,20461,2,2,1, 20463
1,20466,1,1,0, 20467
8,20476,1,1,1, 20477
16,20479,2,2,1, 20481
15,20481,2,2,1, 20483
2,20483,2,2,1, 20485
1,20486,1,1,0, 20487
8,20496,1,1,1, 20497
16,20499,2,2,1, 20501
2,20503,2,2,1, 20505
1,20506,1,1,1, 20507
8,20516,1,1,1, 20517
1,20526,1,1,0, 20527
25,20535,2,2,1, 20537
1,20546,1,1,1, 20547
25,20555,2,2,1, 20557
1,20566,1,1,0, 20567
25,20575,2,2,1, 20577
1,20686,1,1,1, 20687
8,20696,1,1,0, 20697
9,20697,2,2,1, 20699
2,20703,2,2,1, 20705
1,20706,1,1,1, 20707
25,20715,2,2,1, 20717
8,20716,1,1,0, 20717
1,20726,1,1,0, 20727
25,20735,2,2,1, 20737
8,20736,1,1,0, 20737
1,20746,1,1,1, 20747
25,20755,2,2,1, 20757
8,20756,1,1,0, 20757
16,20759,2,2,1, 20761
1,20766,1,1,0, 20767
8,20776,1,1,0, 20777
1,20786,1,1,0, 20787
8,20796,1,1,1, 20797
1,20806,1,1,1, 20807
25,20815,2,2,1, 20817
8,20816,1,1,0, 20817
9,20817,2,2,1, 20819
1,20926,1,1,1, 20927
8,20936,1,1,0, 20937
16,20939,2,2,1, 20941
2,20943,2,2,1, 20945
1,20946,1,1,0, 20947
25,20955,2,2,1, 20957
8,20956,1,1,0, 20957
9,20957,2,2,1, 20959
2,20963,2,2,1, 20965
1,20966,1,1,1, 20967
8,20976,1,1,1, 20977
9,20977,2,2,1, 20979
1,20986,1,1,1, 20987
8,20996,1,1,1, 20997
16,20999,2,2,1, 21001
8,21016,1,1,0, 21017
8,21036,1,1,0, 21037
15,21041,2,2,1, 21043
8,21056,1,1,0, 21057
15,21061,2,2,1, 21063
8,21076,1,1,1, 21077
8,21096,1,1,1, 21097
15,21101,2,2,1, 21103
1,21106,1,1,1, 21107
8,21116,1,1,1, 21117
1,21126,1,1,1, 21127
1,21146,1,1,1, 21147
2,21163,2,2,1, 21165
1,21166,1,1,0, 21167
25,21175,2,2,1, 21177
8,21236,1,1,0, 21237
1,21246,1,1,0, 21247
25,21255,2,2,1, 21257
8,21256,1,1,0, 21257
9,21257,2,2,1, 21259
1,21266,1,1,1, 21267
25,21275,2,2,1, 21277
8,21276,1,1,1, 21277
15,21281,2,2,1, 21283
1,21286,1,1,1, 21287
8,21296,1,1,1, 21297
9,21297,2,2,1, 21299
15,21301,2,2,1, 21303
8,21316,1,1,1, 21317
16,21319,2,2,1, 21321
15,21321,2,2,1, 21323
8,21336,1,1,1, 21337
16,21339,2,2,1, 21341
8,21356,1,1,1, 21357
15,21361,2,2,1, 21363
8,21376,1,1,0, 21377
8,21396,1,1,0, 21397
1,21406,1,1,1, 21407
8,21416,1,1,1, 21417
1,21426,1,1,1, 21427
1,21446,1,1,0, 21447
1,21466,1,1,0, 21467
1,21486,1,1,1, 21487
1,21506,1,1,0, 21507
2,21523,2,2,1, 21525
1,21526,1,1,1, 21527
8,21536,1,1,0, 21537
1,21546,1,1,0, 21547
8,21556,1,1,0, 21557
9,21557,2,2,1, 21559
15,21561,2,2,1, 21563
2,21563,2,2,1, 21565
1,21566,1,1,1, 21567
8,21576,1,1,0, 21577
9,21577,2,2,1, 21579
1,21586,1,1,0, 21587
8,21596,1,1,1, 21597
9,21597,2,2,1, 21599
16,21599,2,2,1, 21601
15,21601,2,2,1, 21603
8,21616,1,1,1, 21617
8,21636,1,1,1, 21637
8,21656,1,1,1, 21657
1,21666,1,1,0, 21667
25,21675,2,2,1, 21677
8,21676,1,1,0, 21677
9,21677,2,2,1, 21679
16,21679,2,2,1, 21681
1,21686,1,1,1, 21687
25,21695,2,2,1, 21697
8,21696,1,1,1, 21697
1,21706,1,1,0, 21707
8,21716,1,1,0, 21717
16,21719,2,2,1, 21721
1,21826,1,1,0, 21827
8,21836,1,1,0, 21837
1,21846,1,1,1, 21847
8,21856,1,1,0, 21857
9,21857,2,2,1, 21859
16,21859,2,2,1, 21861
1,21866,1,1,0, 21867
8,21876,1,1,0, 21877
16,21879,2,2,1, 21881
1,21886,1,1,0, 21887
25,21895,2,2,1, 21897
8,21896,1,1,0, 21897
16,21899,2,2,1, 21901
15,21901,2,2,1, 21903
2,21903,2,2,1, 21905
1,21906,1,1,1, 21907
8,21916,1,1,1, 21917
1,21926,1,1,1, 21927
8,21936,1,1,1, 21937
2,21943,2,2,1, 21945
1,21946,1,1,0, 21947
25,21955,2,2,1, 21957
8,21956,1,1,1, 21957
8,21976,1,1,0, 21977
15,21981,2,2,1, 21983
8,21996,1,1,0, 21997
8,22016,1,1,0, 22017
9,22017,2,2,1, 22019
2,22063,2,2,1, 22065
1,22066,1,1,1, 22067
25,22075,2,2,1, 22077
1,22086,1,1,1, 22087
25,22095,2,2,1, 22097
8,22096,1,1,1, 22097
15,22101,2,2,1, 22103
1,22106,1,1,0, 22107
8,22116,1,1,1, 22117
16,22119,2,2,1, 22121
1,22126,1,1,1, 22127
8,22136,1,1,1, 22137
16,22139,2,2,1, 22141
2,22143,2,2,1, 22145
25,22255,2,2,1, 22257
8,22256,1,1,1, 22257
1,22266,1,1,1, 22267
25,22275,2,2,1, 22277
8,22276,1,1,1, 22277
16,22279,2,2,1, 22281
2,22283,2,2,1, 22285
1,22286,1,1,0, 22287
25,22295,2,2,1, 22297
8,22296,1,1,1, 22297
16,22299,2,2,1, 22301
2,22303,2,2,1, 22305
1,22306,1,1,0, 22307
25,22315,2,2,1, 22317
8,22316,1,1,0, 22317
16,22319,2,2,1, 22321
8,22336,1,1,0, 22337
8,22356,1,1,0, 22357
8,22376,1,1,0, 22377
9,22377,2,2,1, 22379
1,22386,1,1,0, 22387
25,22395,2,2,1, 22397
1,22406,1,1,1, 22407
25,22415,2,2,1, 22417
9,22417,2,2,1, 22419
1,22426,1,1,1, 22427
8,22496,1,1,0, 22497
16,22499,2,2,1, 22501
8,22516,1,1,0, 22517
8,22536,1,1,1, 22537
1,22546,1,1,1, 22547
8,22556,1,1,1, 22557
2,22563,2,2,1, 22565
1,22566,1,1,1, 22567
8,22576,1,1,0, 22577
1,22586,1,1,1, 22587
8,22596,1,1,0, 22597
9,22597,2,2,1, 22599
1,22606,1,1,1, 22607
8,22616,1,1,1, 22617
1,22626,1,1,1, 22627
8,22636,1,1,1, 22637
1,22646,1,1,0, 22647
8,22656,1,1,1, 22657
1,22666,1,1,0, 22667
25,22675,2,2,1, 22677
8,22676,1,1,0, 22677
15,22681,2,2,1, 22683
2,22683,2,2,1, 22685
8,22696,1,1,1, 22697
16,22699,2,2,1, 22701
15,22701,2,2,1, 22703
8,22716,1,1,0, 22717
16,22719,2,2,1, 22721
15,22721,2,2,1, 22723
8,22736,1,1,1, 22737
25,22795,2,2,1, 22797
1,22906,1,1,0, 22907
25,22915,2,2,1, 22917
8,22916,1,1,1, 22917
16,22919,2,2,1, 22921
1,22926,1,1,0, 22927
25,22935,2,2,1, 22937
8,22936,1,1,1, 22937
1,22946,1,1,0, 22947
25,22955,2,2,1, 22957
8,22956,1,1,1, 22957
1,22966,1,1,1, 22967
25,22975,2,2,1, 22977
8,22976,1,1,0, 22977
9,22977,2,2,1, 22979
8,22996,1,1,0, 22997
8,23016,1,1,0, 23017
8,23036,1,1,1, 23037
1,23046,1,1,0, 23047
8,23056,1,1,1, 23057
15,23061,2,2,1, 23063
1,23066,1,1,0, 23067
8,23076,1,1,1, 23077
1,23086,1,1,0, 23087
8,23096,1,1,1, 23097
16,23099,2,2,1, 23101
1,23106,1,1,1, 23107
8,23116,1,1,0, 23117
15,23121,2,2,1, 23123
1,23126,1,1,1, 23127
8,23136,1,1,0, 23137
16,23139,2,2,1, 23141
1,23146,1,1,1, 23147
8,23156,1,1,0, 23157
16,23159,2,2,1, 23161
1,23266,1,1,1, 23267
8,23276,1,1,1, 23277
16,23279,2,2,1, 23281
2,23283,2,2,1, 23285
1,23286,1,1,0, 23287
8,23296,1,1,0, 23297
1,23306,1,1,1, 23307
8,23316,1,1,0, 23317
1,23326,1,1,0, 23327
8,23336,1,1,1, 23337
1,23346,1,1,0, 23347
8,23356,1,1,1, 23357
2,23363,2,2,1, 23365
1,23366,1,1,0, 23367
8,23376,1,1,1, 23377
1,23386,1,1,0, 23387
8,23396,1,1,0, 23397
9,23397,2,2,1, 23399
16,23399,2,2,1, 23401
1,23406,1,1,1, 23407
25,23415,2,2,1, 23417
9,23417,2,2,1, 23419
8,23516,1,1,0, 23517
1,23526,1,1,0, 23527
8,23536,1,1,1, 23537
9,23537,2,2,1, 23539
2,23543,2,2,1, 23545
1,23546,1,1,0, 23547
8,23556,1,1,1, 23557
16,23559,2,2,1, 23561
15,23561,2,2,1, 23563
2,23563,2,2,1, 23565
1,23566,1,1,1, 23567
25,23575,2,2,1, 23577
8,23576,1,1,0, 23577
8,23596,1,1,0, 23597
8,23616,1,1,1, 23617
8,23636,1,1,0, 23637
8,23656,1,1,1, 23657
8,23676,1,1,0, 23677
1,23686,1,1,1, 23687
25,23695,2,2,1, 23697
8,23696,1,1,0, 23697
1,23706,1,1,0, 23707
8,23716,1,1,1, 23717
9,23717,2,2,1, 23719
8,23736,1,1,0, 23737
9,23737,2,2,1, 23739
15,23741,2,2,1, 23743
8,23756,1,1,0, 23757
15,23761,2,2,1, 23763
8,23776,1,1,0, 23777
8,23796,1,1,0, 23797
8,23816,1,1,0, 23817
16,23819,2,2,1, 23821
1,23826,1,1,1, 23827
25,23835,2,2,1, 23837
1,23846,1,1,1, 23847
25,23855,2,2,1, 23857
9,23857,2,2,1, 23859
1,23866,1,1,1, 23867
9,23877,2,2,1, 23879
1,23986,1,1,1, 23987
8,23996,1,1,1, 23997
15,24001,2,2,1, 24003
2,24003,2,2,1, 24005
1,24006,1,1,1, 24007
8,24016,1,1,0, 24017
1,24026,1,1,1, 24027
8,24036,1,1,1, 24037
16,24039,2,2,1, 24041
1,24046,1,1,0, 24047
25,24055,2,2,1, 24057
8,24056,1,1,0, 24057
9,24057,2,2,1, 24059
16,24059,2,2,1, 24061
1,24166,1,1,1, 24167
25,24175,2,2,1, 24177
8,24176,1,1,1, 24177
9,24177,2,2,1, 24179
8,24196,1,1,0, 24197
8,24216,1,1,0, 24217
9,24217,2,2,1, 24219
8,24236,1,1,1, 24237
8,24256,1,1,1, 24257
8,24276,1,1,1, 24277
1,24286,1,1,0, 24287
8,24296,1,1,1, 24297
1,24306,1,1,1, 24307
8,24316,1,1,1, 24317
16,24319,2,2,1, 24321
1,24326,1,1,1, 24327
25,24335,2,2,1, 24337
8,24336,1,1,0, 24337
15,24341,2,2,1, 24343
1,24346,1,1,0, 24347
25,24355,2,2,1, 24357
8,24356,1,1,0, 24357
9,24357,2,2,1, 24359
16,24359,2,2,1, 24361
1,24366,1,1,1, 24367
9,24377,2,2,1, 24379
1,24386,1,1,0, 24387
1,24406,1,1,0, 24407
25,24415,2,2,1, 24417
1,24426,1,1,1, 24427
25,24435,2,2,1, 24437
9,24437,2,2,1, 24439
1,24446,1,1,1, 24447
2,24463,2,2,1, 24465
1,24466,1,1,0, 24467
8,24476,1,1,0, 24477
16,24479,2,2,1, 24481
8,24496,1,1,0, 24497
15,24501,2,2,1, 24503
8,24516,1,1,0, 24517
8,24536,1,1,1, 24537
8,24556,1,1,1, 24557
8,24576,1,1,1, 24577
1,24586,1,1,0, 24587
8,24596,1,1,1, 24597
9,24597,2,2,1, 24599
1,24606,1,1,0, 24607
8,24616,1,1,0, 24617
2,24623,2,2,1, 24625
1,24626,1,1,0, 24627
25,24635,2,2,1, 24637
8,24636,1,1,0, 24637
1,24646,1,1,1, 24647
8,24656,1,1,0, 24657
9,24657,2,2,1, 24659
8,24676,1,1,1, 24677
16,24679,2,2,1, 24681
15,24681,2,2,1, 24683
8,24696,1,1,1, 24697
8,24716,1,1,0, 24717
16,24719,2,2,1, 24721
8,24736,1,1,1, 24737
16,24739,2,2,1, 24741
15,24741,2,2,1, 24743
8,24756,1,1,0, 24757
16,24759,2,2,1, 24761
15,24761,2,2,1, 24763
1,24766,1,1,0, 24767
25,24775,2,2,1, 24777
8,24776,1,1,0, 24777
9,24777,2,2,1, 24779
1,24886,1,1,0, 24887
25,24895,2,2,1, 24897
8,24896,1,1,1, 24897
9,24897,2,2,1, 24899
8,24916,1,1,1, 24917
15,24921,2,2,1, 24923
8,24936,1,1,0, 24937
16,24939,2,2,1, 24941
8,24956,1,1,0, 24957
16,24959,2,2,1, 24961
8,24976,1,1,1, 24977
8,24996,1,1,1, 24997
1,25006,1,1,1, 25007
25,25015,2,2,1, 25017
8,25016,1,1,1, 25017
2,25023,2,2,1, 25025
1,25026,1,1,0, 25027
25,25035,2,2,1, 25037
8,25036,1,1,1, 25037
2,25043,2,2,1, 25045
1,25046,1,1,0, 25047
8,25056,1,1,0, 25057
2,25063,2,2,1, 25065
1,25066,1,1,1, 25067
25,25075,2,2,1, 25077
8,25076,1,1,1, 25077
1,25186,1,1,1, 25187
25,25195,2,2,1, 25197
8,25196,1,1,1, 25197
9,25197,2,2,1, 25199
8,25216,1,1,1, 25217
8,25236,1,1,1, 25237
8,25256,1,1,1, 25257
15,25261,2,2,1, 25263
8,25276,1,1,0, 25277
15,25281,2,2,1, 25283
8,25296,1,1,1, 25297
15,25301,2,2,1, 25303
1,25306,1,1,1, 25307
25,25315,2,2,1, 25317
8,25316,1,1,0, 25317
16,25319,2,2,1, 25321
2,25323,2,2,1, 25325
1,25326,1,1,0, 25327
8,25336,1,1,0, 25337
1,25346,1,1,1, 25347
8,25356,1,1,0, 25357
15,25361,2,2,1, 25363
2,25363,2,2,1, 25365
1,25366,1,1,1, 25367
8,25376,1,1,1, 25377
15,25381,2,2,1, 25383
1,25386,1,1,1, 25387
8,25396,1,1,1, 25397
15,25401,2,2,1, 25403
1,25406,1,1,1, 25407
8,25416,1,1,0, 25417
1,25426,1,1,0, 25427
25,25435,2,2,1, 25437
8,25436,1,1,0, 25437
1,25546,1,1,0, 25547
8,25556,1,1,1, 25557
1,25566,1,1,0, 25567
8,25576,1,1,1, 25577
1,25586,1,1,1, 25587
8,25596,1,1,0, 25597
9,25597,2,2,1, 25599
16,25599,2,2,1, 25601
15,25601,2,2,1, 25603
1,25606,1,1,1, 25607
8,25616,1,1,0, 25617
9,25617,2,2,1, 25619
15,25621,2,2,1, 25623
1,25626,1,1,1, 25627
8,25636,1,1,0, 25637
9,25637,2,2,1, 25639
16,25639,2,2,1, 25641
1,25646,1,1,0, 25647
1,25666,1,1,0, 25667
2,25683,2,2,1, 25685
1,25686,1,1,0, 25687
1,25706,1,1,1, 25707
1,25726,1,1,0, 25727
1,25746,1,1,0, 25747
25,25755,2,2,1, 25757
8,25756,1,1,0, 25757
15,25761,2,2,1, 25763
1,25766,1,1,0, 25767
25,25775,2,2,1, 25777
8,25776,1,1,0, 25777
16,25779,2,2,1, 25781
15,25781,2,2,1, 25783
1,25786,1,1,0, 25787
8,25796,1,1,0, 25797
15,25801,2,2,1, 25803
8,25816,1,1,0, 25817
15,25821,2,2,1, 25823
8,25836,1,1,1, 25837
9,25837,2,2,1, 25839
15,25841,2,2,1, 25843
8,25856,1,1,1, 25857
9,25857,2,2,1, 25859
1,25906,1,1,1, 25907
25,25915,2,2,1, 25917
1,25926,1,1,0, 25927
8,25936,1,1,1, 25937
9,25937,2,2,1, 25939
16,25939,2,2,1, 25941
8,25956,1,1,0, 25957
16,25959,2,2,1, 25961
15,25961,2,2,1, 25963
8,25976,1,1,1, 25977
8,25996,1,1,0, 25997
8,26016,1,1,1, 26017
8,26036,1,1,0, 26037
1,26046,1,1,1, 26047
25,26055,2,2,1, 26057
8,26056,1,1,0, 26057
1,26066,1,1,1, 26067
8,26076,1,1,0, 26077
1,26086,1,1,0, 26087
8,26096,1,1,0, 26097
9,26097,2,2,1, 26099
16,26099,2,2,1, 26101
1,26106,1,1,1, 26107
9,26117,2,2,1, 26119
1,26126,1,1,1, 26127
25,26135,2,2,1, 26137
9,26137,2,2,1, 26139
1,26146,1,1,1, 26147
8,26216,1,1,0, 26217
1,26226,1,1,0, 26227
8,26236,1,1,1, 26237
1,26246,1,1,0, 26247
8,26256,1,1,0, 26257
9,26257,2,2,1, 26259
1,26266,1,1,0, 26267
8,26276,1,1,0, 26277
8,26296,1,1,1, 26297
9,26297,2,2,1, 26299
8,26316,1,1,1, 26317
9,26317,2,2,1, 26319
8,26336,1,1,0, 26337
9,26337,2,2,1, 26339
8,26356,1,1,1, 26357
15,26361,2,2,1, 26363
8,26376,1,1,0, 26377
15,26381,2,2,1, 26383
1,26386,1,1,1, 26387
25,26395,2,2,1, 26397
8,26396,1,1,0, 26397
2,26403,2,2,1, 26405
1,26406,1,1,1, 26407
25,26415,2,2,1, 26417
8,26416,1,1,0, 26417
15,26421,2,2,1, 26423
1,26426,1,1,1, 26427
8,26436,1,1,0, 26437
16,26439,2,2,1, 26441
1,26446,1,1,1, 26447
25,26455,2,2,1, 26457
8,26456,1,1,1, 26457
9,26457,2,2,1, 26459
16,26459,2,2,1, 26461
1,26466,1,1,1, 26467
25,26475,2,2,1, 26477
9,26477,2,2,1, 26479
1,26486,1,1,1, 26487
25,26495,2,2,1, 26497
9,26497,2,2,1, 26499
1,26506,1,1,0, 26507
25,26515,2,2,1, 26517
9,26517,2,2,1, 26519
8,26576,1,1,1, 26577
16,26579,2,2,1, 26581
15,26581,2,2,1, 26583
8,26596,1,1,1, 26597
15,26601,2,2,1, 26603
8,26616,1,1,1, 26617
15,26621,2,2,1, 26623
25,26635,2,2,1, 26637
8,26636,1,1,0, 26637
2,26643,2,2,1, 26645
1,26646,1,1,0, 26647
8,26656,1,1,0, 26657
1,26666,1,1,1, 26667
25,26675,2,2,1, 26677
8,26676,1,1,1, 26677
1,26686,1,1,1, 26687
8,26696,1,1,1, 26697
1,26706,1,1,0, 26707
9,26717,2,2,1, 26719
1,26726,1,1,1, 26727
25,26735,2,2,1, 26737
1,26746,1,1,0, 26747
1,26766,1,1,0, 26767
25,26775,2,2,1, 26777
2,26783,2,2,1, 26785
1,26786,1,1,0, 26787
1,26806,1,1,0, 26807
25,26815,2,2,1, 26817
8,26816,1,1,1, 26817
8,26836,1,1,1, 26837
15,26841,2,2,1, 26843
8,26856,1,1,1, 26857
8,26876,1,1,1, 26877
9,26877,2,2,1, 26879
15,26881,2,2,1, 26883
1,26886,1,1,0, 26887
8,26896,1,1,0, 26897
1,26906,1,1,1, 26907
8,26916,1,1,1, 26917
15,26921,2,2,1, 26923
1,26926,1,1,0, 26927
8,26936,1,1,1, 26937
16,26939,2,2,1, 26941
15,27001,2,2,1, 27003
8,27016,1,1,1, 27017
8,27036,1,1,1, 27037
1,27046,1,1,0, 27047
25,27055,2,2,1, 27057
8,27056,1,1,1, 27057
1,27166,1,1,1, 27167
25,27175,2,2,1, 27177
8,27176,1,1,1, 27177
9,27177,2,2,1, 27179
16,27179,2,2,1, 27181
1,27186,1,1,1, 27187
8,27196,1,1,1, 27197
1,27206,1,1,0, 27207
8,27216,1,1,0, 27217
16,27219,2,2,1, 27221
1,27226,1,1,1, 27227
8,27236,1,1,1, 27237
9,27237,2,2,1, 27239
1,27246,1,1,0, 27247
1,27266,1,1,0, 27267
1,27286,1,1,1, 27287
25,27295,2,2,1, 27297
2,27303,2,2,1, 27305
1,27306,1,1,0, 27307
8,27316,1,1,0, 27317
15,27321,2,2,1, 27323
1,27326,1,1,1, 27327
8,27336,1,1,1, 27337
9,27337,2,2,1, 27339
2,27343,2,2,1, 27345
1,27346,1,1,1, 27347
25,27355,2,2,1, 27357
8,27356,1,1,0, 27357
8,27376,1,1,0, 27377
8,27396,1,1,0, 27397
16,27399,2,2,1, 27401
8,27416,1,1,1, 27417
8,27436,1,1,1, 27437
15,27441,2,2,1, 27443
8,27456,1,1,1, 27457
1,27466,1,1,1, 27467
25,27475,2,2,1, 27477
8,27476,1,1,0, 27477
9,27477,2,2,1, 27479
1,27486,1,1,1, 27487
25,27495,2,2,1, 27497
9,27497,2,2,1, 27499
1,27506,1,1,0, 27507
25,27515,2,2,1, 27517
1,27526,1,1,0, 27527
25,27535,2,2,1, 27537
8,27596,1,1,0, 27597
15,27601,2,2,1, 27603
8,27616,1,1,1, 27617
8,27636,1,1,1, 27637
8,27656,1,1,1, 27657
15,27661,2,2,1, 27663
8,27676,1,1,1, 27677
8,27696,1,1,0, 27697
1,27706,1,1,1, 27707
8,27716,1,1,1, 27717
9,27717,2,2,1, 27719
16,27719,2,2,1, 27721
1,27726,1,1,1, 27727
1,27746,1,1,0, 27747
25,27755,2,2,1, 27757
1,27766,1,1,0, 27767
1,27786,1,1,0, 27787
1,27806,1,1,1, 27807
1,27826,1,1,0, 27827
8,27836,1,1,0, 27837
2,27843,2,2,1, 27845
1,27846,1,1,0, 27847
25,27855,2,2,1, 27857
8,27856,1,1,1, 27857
15,27861,2,2,1, 27863
1,27866,1,1,1, 27867
8,27876,1,1,1, 27877
9,27877,2,2,1, 27879
2,27883,2,2,1, 27885
1,27886,1,1,0, 27887
25,27895,2,2,1, 27897
8,27896,1,1,1, 27897
8,27916,1,1,0, 27917
8,27936,1,1,0, 27937
9,27937,2,2,1, 27939
8,27956,1,1,0, 27957
9,27957,2,2,1, 27959
8,27976,1,1,0, 27977
8,27996,1,1,0, 27997
1,28006,1,1,1, 28007
25,28015,2,2,1, 28017
8,28016,1,1,0, 28017
16,28019,2,2,1, 28021
1,28026,1,1,1, 28027
25,28035,2,2,1, 28037
1,28046,1,1,0, 28047
1,28066,1,1,1, 28067
1,28086,1,1,0, 28087
25,28095,2,2,1, 28097
1,28106,1,1,1, 28107
25,28115,2,2,1, 28117
1,28126,1,1,1, 28127
8,28136,1,1,1, 28137
15,28141,2,2,1, 28143
8,28156,1,1,0, 28157
9,28157,2,2,1, 28159
15,28161,2,2,1, 28163
8,28176,1,1,1, 28177
8,28196,1,1,1, 28197
9,28197,2,2,1, 28199
8,28216,1,1,0, 28217
8,28236,1,1,0, 28237
1,28246,1,1,1, 28247
25,28255,2,2,1, 28257
8,28256,1,1,0, 28257
15,28261,2,2,1, 28263
1,28266,1,1,1, 28267
8,28276,1,1,1, 28277
16,28279,2,2,1, 28281
15,28281,2,2,1, 28283
1,28286,1,1,0, 28287
8,28296,1,1,0, 28297
16,28299,2,2,1, 28301
15,28301,2,2,1, 28303
1,28306,1,1,0, 28307
8,28316,1,1,0, 28317
16,28319,2,2,1, 28321
1,28326,1,1,0, 28327
1,28346,1,1,0, 28347
9,28357,2,2,1, 28359
1,28366,1,1,1, 28367
2,28383,2,2,1, 28385
1,28386,1,1,1, 28387
25,28395,2,2,1, 28397
1,28406,1,1,0, 28407
1,28426,1,1,0, 28427
8,28436,1,1,0, 28437
1,28446,1,1,1, 28447
8,28456,1,1,1, 28457
16,28459,2,2,1, 28461
15,28461,2,2,1, 28463
1,28466,1,1,1, 28467
25,28475,2,2,1, 28477
8,28476,1,1,0, 28477
16,28479,2,2,1, 28481
1,28486,1,1,1, 28487
8,28496,1,1,0, 28497
9,28497,2,2,1, 28499
15,28501,2,2,1, 28503
8,28516,1,1,1, 28517
8,28536,1,1,1, 28537
15,28541,2,2,1, 28543
8,28556,1,1,0, 28557
16,28559,2,2,1, 28561
1,28606,1,1,0, 28607
25,28615,2,2,1, 28617
1,28626,1,1,1, 28627
25,28635,2,2,1, 28637
1,28646,1,1,1, 28647
25,28655,2,2,1, 28657
1,28666,1,1,1, 28667
1,28686,1,1,0, 28687
25,28695,2,2,1, 28697
1,28706,1,1,0, 28707
2,28723,2,2,1, 28725
1,28726,1,1,1, 28727
25,28735,2,2,1, 28737
8,28736,1,1,1, 28737
8,28756,1,1,0, 28757
15,28761,2,2,1, 28763
8,28776,1,1,0, 28777
9,28777,2,2,1, 28779
15,28781,2,2,1, 28783
8,28796,1,1,0, 28797
15,28801,2,2,1, 28803
2,28803,2,2,1, 28805
1,28806,1,1,1, 28807
8,28816,1,1,0, 28817
15,28821,2,2,1, 28823
1,28826,1,1,0, 28827
8,28836,1,1,1, 28837
15,28841,2,2,1, 28843
1,28846,1,1,1, 28847
8,28856,1,1,0, 28857
16,28859,2,2,1, 28861
15,28861,2,2,1, 28863
1,28866,1,1,0, 28867
1,28886,1,1,0, 28887
1,28906,1,1,1, 28907
1,29026,1,1,1, 29027
25,29035,2,2,1, 29037
8,29036,1,1,0, 29037
9,29037,2,2,1, 29039
16,29039,2,2,1, 29041
2,29043,2,2,1, 29045
1,29046,1,1,1, 29047
25,29055,2,2,1, 29057
8,29056,1,1,0, 29057
1,29066,1,1,0, 29067
25,29075,2,2,1, 29077
8,29076,1,1,0, 29077
1,29086,1,1,0, 29087
8,29096,1,1,1, 29097
1,29106,1,1,0, 29107
8,29116,1,1,1, 29117
16,29119,2,2,1, 29121
15,29121,2,2,1, 29123
1,29126,1,1,0, 29127
8,29136,1,1,0, 29137
16,29139,2,2,1, 29141
1,29146,1,1,1, 29147
25,29155,2,2,1, 29157
8,29156,1,1,1, 29157
16,29159,2,2,1, 29161
8,29176,1,1,0, 29177
9,29177,2,2,1, 29179
15,29181,2,2,1, 29183
8,29196,1,1,1, 29197
9,29197,2,2,1, 29199
8,29216,1,1,0, 29217
1,29266,1,1,1, 29267
25,29275,2,2,1, 29277
15,29281,2,2,1, 29283
1,29286,1,1,1, 29287
8,29296,1,1,1, 29297
15,29301,2,2,1, 29303
1,29306,1,1,1, 29307
25,29315,2,2,1, 29317
8,29316,1,1,1, 29317
1,29326,1,1,1, 29327
25,29335,2,2,1, 29337
8,29336,1,1,0, 29337
16,29339,2,2,1, 29341
1,29346,1,1,0, 29347
2,29363,2,2,1, 29365
1,29366,1,1,1, 29367
2,29383,2,2,1, 29385
1,29386,1,1,0, 29387
15,29401,2,2,1, 29403
8,29416,1,1,0, 29417
9,29417,2,2,1, 29419
8,29436,1,1,1, 29437
15,29441,2,2,1, 29443
8,29456,1,1,0, 29457
9,29457,2,2,1, 29459
1,29506,1,1,0, 29507
25,29515,2,2,1, 29517
1,29526,1,1,0, 29527
1,29546,1,1,0, 29547
25,29555,2,2,1, 29557
1,29566,1,1,0, 29567
8,29576,1,1,0, 29577
1,29586,1,1,1, 29587
25,29595,2,2,1, 29597
8,29596,1,1,1, 29597
16,29599,2,2,1, 29601
1,29606,1,1,1, 29607
8,29616,1,1,0, 29617
16,29619,2,2,1, 29621
1,29626,1,1,1, 29627
8,29636,1,1,1, 29637
9,29637,2,2,1, 29639
16,29639,2,2,1, 29641
15,29641,2,2,1, 29643
8,29656,1,1,1, 29657
8,29676,1,1,0, 29677
8,29696,1,1,1, 29697
8,29716,1,1,0, 29717
15,29721,2,2,1, 29723
8,29736,1,1,0, 29737
1,29746,1,1,1, 29747
8,29756,1,1,1, 29757
16,29759,2,2,1, 29761
1,29826,1,1,1, 29827
2,29843,2,2,1, 29845
1,29846,1,1,1, 29847
1,29866,1,1,0, 29867
8,29876,1,1,1, 29877
1,29886,1,1,1, 29887
8,29896,1,1,0, 29897
16,29899,2,2,1, 29901
1,29906,1,1,0, 29907
8,29916,1,1,1, 29917
15,29921,2,2,1, 29923
1,29926,1,1,0, 29927
8,29936,1,1,1, 29937
16,29939,2,2,1, 29941
1,29946,1,1,0, 29947
8,29956,1,1,0, 29957
1,29966,1,1,1, 29967
25,29975,2,2,1, 29977
8,29976,1,1,1, 29977
1,29986,1,1,1, 29987
8,29996,1,1,1, 29997
1,30006,1,1,1, 30007
25,30015,2,2,1, 30017
8,30016,1,1,1, 30017
1,30026,1,1,1, 30027
25,30035,2,2,1, 30037
8,30036,1,1,0, 30037
1,30046,1,1,0, 30047
25,30055,2,2,1, 30057
8,30056,1,1,1, 30057
1,30166,1,1,0, 30167
8,30176,1,1,0, 30177
9,30177,2,2,1, 30179
1,30186,1,1,1, 30187
8,30196,1,1,0, 30197
16,30199,2,2,1, 30201
1,30206,1,1,0, 30207
8,30216,1,1,0, 30217
1,30226,1,1,0, 30227
8,30236,1,1,1, 30237
1,30246,1,1,1, 30247
25,30255,2,2,1, 30257
8,30256,1,1,0, 30257
1,30266,1,1,1, 30267
25,30275,2,2,1, 30277
8,30276,1,1,1, 30277
15,30281,2,2,1, 30283
1,30286,1,1,0, 30287
8,30296,1,1,1, 30297
15,30301,2,2,1, 30303
1,30306,1,1,0, 30307
25,30315,2,2,1, 30317
8,30316,1,1,0, 30317
15,30321,2,2,1, 30323
1,30326,1,1,0, 30327
25,30335,2,2,1, 30337
8,30336,1,1,1, 30337
9,30337,2,2,1, 30339
1,30346,1,1,0, 30347
8,30356,1,1,1, 30357
1,30466,1,1,1, 30467
25,30475,2,2,1, 30477
8,30476,1,1,0, 30477
9,30477,2,2,1, 30479
15,30481,2,2,1, 30483
8,30496,1,1,0, 30497
9,30497,2,2,1, 30499
8,30516,1,1,0, 30517
8,30536,1,1,0, 30537
8,30556,1,1,0, 30557
8,30576,1,1,1, 30577
1,30586,1,1,1, 30587
8,30596,1,1,0, 30597
1,30606,1,1,1, 30607
8,30616,1,1,0, 30617
1,30626,1,1,0, 30627
25,30635,2,2,1, 30637
8,30636,1,1,1, 30637
9,30637,2,2,1, 30639
1,30646,1,1,0, 30647
25,30655,2,2,1, 30657
8,30656,1,1,1, 30657
1,30666,1,1,0, 30667
9,30677,2,2,1, 30679
1,30686,1,1,0, 30687
1,30706,1,1,1, 30707
25,30715,2,2,1, 30717
1,30726,1,1,0, 30727
1,30746,1,1,0, 30747
25,30755,2,2,1, 30757
1,30766,1,1,0, 30767
8,30776,1,1,1, 30777
8,30796,1,1,0, 30797
9,30797,2,2,1, 30799
8,30816,1,1,1, 30817
8,30836,1,1,1, 30837
15,30841,2,2,1, 30843
1,30846,1,1,1, 30847
8,30856,1,1,1, 30857
2,30863,2,2,1, 30865
1,30866,1,1,1, 30867
8,30876,1,1,1, 30877
16,30879,2,2,1, 30881
15,30881,2,2,1, 30883
1,30886,1,1,0, 30887
8,30896,1,1,0, 30897
9,30897,2,2,1, 30899
8,30916,1,1,0, 30917
8,30936,1,1,1, 30937
16,30939,2,2,1, 30941
8,30956,1,1,0, 30957
16,30959,2,2,1, 30961
15,30961,2,2,1, 30963
8,30976,1,1,1, 30977
15,30981,2,2,1, 30983
8,30996,1,1,0, 30997
15,31001,2,2,1, 31003
1,31006,1,1,1, 31007
25,31015,2,2,1, 31017
8,31016,1,1,1, 31017
1,31126,1,1,0, 31127
25,31135,2,2,1, 31137
8,31136,1,1,1, 31137
8,31156,1,1,0, 31157
9,31157,2,2,1, 31159
16,31159,2,2,1, 31161
8,31176,1,1,0, 31177
16,31179,2,2,1, 31181
8,31196,1,1,0, 31197
16,31199,2,2,1, 31201
8,31216,1,1,1, 31217
8,31236,1,1,1, 31237
1,31246,1,1,0, 31247
25,31255,2,2,1, 31257
8,31256,1,1,0, 31257
15,31261,2,2,1, 31263
1,31266,1,1,1, 31267
25,31275,2,2,1, 31277
8,31276,1,1,0, 31277
15,31281,2,2,1, 31283
1,31286,1,1,0, 31287
8,31296,1,1,1, 31297
15,31301,2,2,1, 31303
1,31306,1,1,1, 31307
8,31316,1,1,1, 31317
1,31426,1,1,1, 31427
8,31436,1,1,0, 31437
15,31441,2,2,1, 31443
1,31446,1,1,1, 31447
8,31456,1,1,1, 31457
1,31466,1,1,0, 31467
8,31476,1,1,1, 31477
15,31481,2,2,1, 31483
1,31486,1,1,0, 31487
8,31496,1,1,0, 31497
15,31501,2,2,1, 31503
2,31503,2,2,1, 31505
1,31506,1,1,1, 31507
8,31516,1,1,1, 31517
2,31523,2,2,1, 31525
1,31526,1,1,0, 31527
8,31536,1,1,0, 31537
2,31543,2,2,1, 31545
1,31546,1,1,1, 31547
25,31555,2,2,1, 31557
8,31556,1,1,0, 31557
16,31559,2,2,1, 31561
1,31666,1,1,1, 31667
25,31675,2,2,1, 31677
8,31676,1,1,1, 31677
16,31679,2,2,1, 31681
8,31696,1,1,0, 31697
16,31699,2,2,1, 31701
8,31716,1,1,0, 31717
16,31719,2,2,1, 31721
8,31736,1,1,0, 31737
8,31756,1,1,1, 31757
8,31776,1,1,1, 31777
1,31786,1,1,0, 31787
25,31795,2,2,1, 31797
8,31796,1,1,1, 31797
1,31806,1,1,1, 31807
8,31816,1,1,0, 31817
15,31821,2,2,1, 31823
1,31826,1,1,1, 31827
8,31836,1,1,0, 31837
1,31846,1,1,0, 31847
8,31856,1,1,0, 31857
9,31857,2,2,1, 31859
1,31866,1,1,1, 31867
8,31876,1,1,1, 31877
1,31886,1,1,0, 31887
8,31896,1,1,0, 31897
2,31903,2,2,1, 31905
1,31906,1,1,1, 31907
25,31915,2,2,1, 31917
8,31916,1,1,0, 31917
16,31919,2,2,1, 31921
15,31921,2,2,1, 31923
2,31923,2,2,1, 31925
1,31926,1,1,1, 31927
8,31936,1,1,0, 31937
8,31956,1,1,1, 31957
8,31976,1,1,0, 31977
9,31977,2,2,1, 31979
8,31996,1,1,1, 31997
8,32016,1,1,1, 32017
9,32017,2,2,1, 32019
8,32036,1,1,0, 32037
16,32039,2,2,1, 32041
1,32086,1,1,0, 32087
9,32097,2,2,1, 32099
2,32103,2,2,1, 32105
1,32106,1,1,1, 32107
25,32115,2,2,1, 32117
2,32123,2,2,1, 32125
1,32126,1,1,1, 32127
2,32143,2,2,1, 32145
1,32146,1,1,0, 32147
25,32155,2,2,1, 32157
8,32156,1,1,1, 32157
8,32176,1,1,0, 32177
8,32196,1,1,0, 32197
16,32199,2,2,1, 32201
8,32216,1,1,1, 32217
9,32217,2,2,1, 32219
16,32219,2,2,1, 32221
1,32226,1,1,0, 32227
8,32236,1,1,1, 32237
15,32241,2,2,1, 32243
1,32246,1,1,0, 32247
8,32256,1,1,0, 32257
9,32257,2,2,1, 32259
1,32266,1,1,0, 32267
25,32275,2,2,1, 32277
8,32276,1,1,0, 32277
8,32296,1,1,0, 32297
8,32316,1,1,0, 32317
8,32336,1,1,1, 32337
8,32356,1,1,1, 32357
8,32376,1,1,1, 32377
1,32386,1,1,0, 32387
8,32396,1,1,1, 32397
1,32406,1,1,0, 32407
8,32416,1,1,1, 32417
15,32421,2,2,1, 32423
1,32426,1,1,1, 32427
8,32436,1,1,1, 32437
15,32441,2,2,1, 32443
1,32446,1,1,0, 32447
8,32456,1,1,0, 32457
15,32461,2,2,1, 32463
1,32466,1,1,1, 32467
2,32483,2,2,1, 32485
1,32486,1,1,1, 32487
1,32506,1,1,0, 32507
15,32521,2,2,1, 32523
1,32526,1,1,0, 32527
25,32535,2,2,1, 32537
8,32536,1,1,1, 32537
9,32537,2,2,1, 32539
1,32546,1,1,1, 32547
8,32556,1,1,0, 32557
9,32557,2,2,1, 32559
1,32566,1,1,0, 32567
8,32576,1,1,0, 32577
1,32646,1,1,0, 32647
9,32657,2,2,1, 32659
1,32666,1,1,1, 32667
1,32686,1,1,1, 32687
25,32695,2,2,1, 32697
8,32696,1,1,1, 32697
9,32697,2,2,1, 32699
8,32716,1,1,0, 32717
8,32736,1,1,0, 32737
16,32739,2,2,1, 32741
15,32741,2,2,1, 32743
8,32756,1,1,1, 32757
8,32776,1,1,1, 32777
15,32781,2,2,1, 32783
8,32796,1,1,0, 32797
1,32806,1,1,0, 32807
25,32815,2,2,1, 32817
8,32816,1,1,0, 32817
9,32817,2,2,1, 32819
15,32821,2,2,1, 32823
1,32826,1,1,0, 32827
8,32836,1,1,1, 32837
9,32837,2,2,1, 32839
15,32841,2,2,1, 32843
2,32843,2,2,1, 32845
1,32846,1,1,0, 32847
8,32856,1,1,0, 32857
9,32857,2,2,1, 32859
1,32866,1,1,1, 32867
8,32876,1,1,0, 32877
9,32877,2,2,1, 32879
1,32886,1,1,1, 32887
8,32896,1,1,1, 32897
15,32901,2,2,1, 32903
8,32916,1,1,1, 32917
8,32936,1,1,0, 32937
15,32941,2,2,1, 32943
8,32956,1,1,1, 32957
16,32959,2,2,1, 32961
15,32961,2,2,1, 32963
8,32976,1,1,0, 32977
15,32981,2,2,1, 32983
8,32996,1,1,0, 32997
1,33006,1,1,1, 33007
2,33023,2,2,1, 33025
1,33026,1,1,1, 33027
9,33037,2,2,1, 33039
1,33046,1,1,1, 33047
8,33116,1,1,1, 33117
16,33119,2,2,1, 33121
15,33121,2,2,1, 33123
8,33136,1,1,1, 33137
15,33141,2,2,1, 33143
8,33156,1,1,0, 33157
1,33166,1,1,1, 33167
8,33176,1,1,1, 33177
16,33179,2,2,1, 33181
1,33286,1,1,0, 33287
25,33295,2,2,1, 33297
8,33296,1,1,1, 33297
9,33297,2,2,1, 33299
16,33299,2,2,1, 33301
15,33301,2,2,1, 33303
8,33316,1,1,0, 33317
15,33321,2,2,1, 33323
8,33336,1,1,1, 33337
15,33341,2,2,1, 33343
8,33356,1,1,0, 33357
15,33361,2,2,1, 33363
8,33376,1,1,0, 33377
8,33396,1,1,1, 33397
1,33406,1,1,1, 33407
25,33415,2,2,1, 33417
8,33416,1,1,0, 33417
16,33419,2,2,1, 33421
2,33423,2,2,1, 33425
8,33536,1,1,1, 33537
9,33537,2,2,1, 33539
1,33546,1,1,0, 33547
8,33556,1,1,1, 33557
8,33576,1,1,0, 33577
8,33596,1,1,1, 33597
15,33601,2,2,1, 33603
8,33616,1,1,0, 33617
8,33636,1,1,0, 33637
8,33656,1,1,0, 33657
9,33657,2,2,1, 33659
1,33766,1,1,0, 33767
25,33775,2,2,1, 33777
8,33776,1,1,0, 33777
16,33779,2,2,1, 33781
15,33781,2,2,1, 33783
8,33796,1,1,0, 33797
9,33797,2,2,1, 33799
15,33801,2,2,1, 33803
8,33816,1,1,0, 33817
9,33817,2,2,1, 33819
8,33836,1,1,1, 33837
8,33856,1,1,1, 33857
15,33861,2,2,1, 33863
8,33876,1,1,1, 33877
15,33881,2,2,1, 33883
1,33886,1,1,1, 33887
8,33896,1,1,0, 33897
16,33899,2,2,1, 33901
1,33906,1,1,0, 33907
1,33926,1,1,0, 33927
1,33946,1,1,0, 33947
1,33966,1,1,1, 33967
8,33976,1,1,0, 33977
16,33979,2,2,1, 33981
1,33986,1,1,0, 33987
8,33996,1,1,1, 33997
16,33999,2,2,1, 34001
1,34006,1,1,1, 34007
8,34016,1,1,0, 34017
16,34019,2,2,1, 34021
1,34026,1,1,1, 34027
8,34036,1,1,0, 34037
16,34039,2,2,1, 34041
1,34046,1,1,1, 34047
8,34056,1,1,0, 34057
16,34059,2,2,1, 34061
1,34066,1,1,0, 34067
25,34075,2,2,1, 34077
8,34076,1,1,1, 34077
16,34079,2,2,1, 34081
1,34186,1,1,0, 34187
8,34196,1,1,1, 34197
16,34199,2,2,1, 34201
15,34201,2,2,1, 34203
1,34206,1,1,1, 34207
25,34215,2,2,1, 34217
8,34216,1,1,1, 34217
16,34219,2,2,1, 34221
15,34221,2,2,1, 34223
2,34223,2,2,1, 34225
1,34226,1,1,0, 34227
25,34235,2,2,1, 34237
8,34236,1,1,1, 34237
16,34239,2,2,1, 34241
15,34241,2,2,1, 34243
1,34246,1,1,1, 34247
8,34256,1,1,1, 34257
16,34259,2,2,1, 34261
1,34366,1,1,1, 34367
8,34376,1,1,0, 34377
9,34377,2,2,1, 34379
1,34386,1,1,0, 34387
8,34396,1,1,0, 34397
15,34401,2,2,1, 34403
2,34403,2,2,1, 34405
1,34406,1,1,1, 34407
8,34416,1,1,1, 34417
15,34421,2,2,1, 34423
1,34426,1,1,0, 34427
8,34436,1,1,0, 34437
2,34443,2,2,1, 34445
1,34446,1,1,1, 34447
8,34456,1,1,0, 34457
15,34461,2,2,1, 34463
1,34466,1,1,0, 34467
8,34476,1,1,0, 34477
1,34486,1,1,1, 34487
25,34495,2,2,1, 34497
8,34496,1,1,0, 34497
1,34606,1,1,0, 34607
8,34616,1,1,1, 34617
2,34623,2,2,1, 34625
1,34626,1,1,1, 34627
8,34636,1,1,0, 34637
8,34656,1,1,0, 34657
8,34676,1,1,0, 34677
8,34696,1,1,1, 34697
15,34701,2,2,1, 34703
8,34716,1,1,0, 34717
15,34721,2,2,1, 34723
8,34736,1,1,0, 34737
9,34737,2,2,1, 34739
16,34739,2,2,1, 34741
1,34746,1,1,0, 34747
8,34756,1,1,0, 34757
9,34757,2,2,1, 34759
1,34766,1,1,1, 34767
8,34776,1,1,1, 34777
9,34777,2,2,1, 34779
16,34779,2,2,1, 34781
1,34786,1,1,0, 34787
8,34796,1,1,0, 34797
9,34797,2,2,1, 34799
1,34806,1,1,0, 34807
1,34826,1,1,0, 34827
1,34846,1,1,0, 34847
1,34866,1,1,0, 34867
25,34875,2,2,1, 34877
8,34876,1,1,0, 34877
9,34877,2,2,1, 34879
15,34881,2,2,1, 34883
1,34886,1,1,0, 34887
8,34896,1,1,1, 34897
2,34903,2,2,1, 34905
1,34906,1,1,1, 34907
25,34915,2,2,1, 34917
8,34916,1,1,0, 34917
8,34936,1,1,1, 34937
8,34956,1,1,1, 34957
8,34976,1,1,1, 34977
16,34979,2,2,1, 34981
15,34981,2,2,1, 34983
8,34996,1,1,0, 34997
16,34999,2,2,1, 35001
8,35016,1,1,1, 35017
16,35019,2,2,1, 35021
1,35026,1,1,0, 35027
25,35035,2,2,1, 35037
8,35036,1,1,0, 35037
1,35146,1,1,0, 35147
25,35155,2,2,1, 35157
8,35156,1,1,1, 35157
2,35163,2,2,1, 35165
1,35166,1,1,0, 35167
25,35175,2,2,1, 35177
8,35176,1,1,0, 35177
2,35183,2,2,1, 35185
1,35186,1,1,1, 35187
8,35196,1,1,0, 35197
2,35203,2,2,1, 35205
1,35206,1,1,1, 35207
25,35215,2,2,1, 35217
8,35216,1,1,1, 35217
15,35221,2,2,1, 35223
8,35236,1,1,0, 35237
8,35256,1,1,1, 35257
15,35261,2,2,1, 35263
8,35276,1,1,1, 35277
8,35296,1,1,0, 35297
15,35301,2,2,1, 35303
8,35316,1,1,1, 35317
15,35321,2,2,1, 35323
1,35326,1,1,0, 35327
8,35336,1,1,0, 35337
9,35337,2,2,1, 35339
16,35339,2,2,1, 35341
8,35356,1,1,0, 35357
8,35376,1,1,1, 35377
8,35396,1,1,0, 35397
8,35416,1,1,1, 35417
15,35421,2,2,1, 35423
8,35436,1,1,0, 35437
1,35446,1,1,0, 35447
8,35456,1,1,0, 35457
2,35463,2,2,1, 35465
1,35466,1,1,1, 35467
25,35475,2,2,1, 35477
1,35486,1,1,1, 35487
2,35503,2,2,1, 35505
1,35506,1,1,1, 35507
2,35523,2,2,1, 35525
1,35526,1,1,0, 35527
8,35576,1,1,0, 35577
8,35596,1,1,1, 35597
9,35597,2,2,1, 35599
8,35616,1,1,0, 35617
9,35617,2,2,1, 35619
8,35636,1,1,0, 35637
9,35637,2,2,1, 35639
8,35656,1,1,0, 35657
9,35657,2,2,1, 35659
8,35676,1,1,1, 35677
9,35677,2,2,1, 35679
15,35681,2,2,1, 35683
1,35686,1,1,1, 35687
25,35695,2,2,1, 35697
8,35696,1,1,1, 35697
9,35697,2,2,1, 35699
15,35701,2,2,1, 35703
2,35703,2,2,1, 35705
1,35706,1,1,0, 35707
1,35726,1,1,0, 35727
2,35743,2,2,1, 35745
1,35746,1,1,0, 35747
1,35766,1,1,1, 35767
1,35786,1,1,1, 35787
1,35806,1,1,0, 35807
8,35816,1,1,1, 35817
16,35819,2,2,1, 35821
8,35836,1,1,0, 35837
9,35837,2,2,1, 35839
8,35856,1,1,0, 35857
9,35857,2,2,1, 35859
8,35876,1,1,1, 35877
8,35896,1,1,1, 35897
8,35916,1,1,1, 35917
1,35926,1,1,0, 35927
8,35936,1,1,1, 35937
15,35941,2,2,1, 35943
1,35946,1,1,0, 35947
25,35955,2,2,1, 35957
8,35956,1,1,0, 35957
1,35966,1,1,0, 35967
8,35976,1,1,0, 35977
15,35981,2,2,1, 35983
1,35986,1,1,0, 35987
25,35995,2,2,1, 35997
8,35996,1,1,1, 35997
16,35999,2,2,1, 36001
1,36006,1,1,0, 36007
1,36026,1,1,0, 36027
2,36043,2,2,1, 36045
1,36046,1,1,0, 36047
2,36063,2,2,1, 36065
1,36066,1,1,1, 36067
1,36086,1,1,0, 36087
2,36103,2,2,1, 36105
1,36106,1,1,1, 36107
8,36116,1,1,0, 36117
15,36121,2,2,1, 36123
8,36136,1,1,0, 36137
9,36137,2,2,1, 36139
15,36141,2,2,1, 36143
8,36156,1,1,1, 36157
9,36157,2,2,1, 36159
8,36176,1,1,1, 36177
8,36196,1,1,0, 36197
8,36216,1,1,0, 36217
1,36226,1,1,0, 36227
8,36236,1,1,0, 36237
16,36239,2,2,1, 36241
15,36241,2,2,1, 36243
2,36243,2,2,1, 36245
1,36246,1,1,0, 36247
25,36255,2,2,1, 36257
8,36256,1,1,1, 36257
15,36261,2,2,1, 36263
1,36266,1,1,1, 36267
25,36275,2,2,1, 36277
8,36276,1,1,0, 36277
16,36279,2,2,1, 36281
1,36286,1,1,0, 36287
25,36295,2,2,1, 36297
8,36296,1,1,0, 36297
9,36297,2,2,1, 36299
16,36299,2,2,1, 36301
1,36406,1,1,0, 36407
25,36415,2,2,1, 36417
8,36416,1,1,0, 36417
9,36417,2,2,1, 36419
16,36419,2,2,1, 36421
8,36436,1,1,1, 36437
8,36456,1,1,1, 36457
8,36476,1,1,1, 36477
8,36496,1,1,0, 36497
8,36516,1,1,1, 36517
15,36521,2,2,1, 36523
1,36526,1,1,1, 36527
8,36536,1,1,0, 36537
16,36539,2,2,1, 36541
1,36646,1,1,1, 36647
8,36656,1,1,1, 36657
9,36657,2,2,1, 36659
15,36661,2,2,1, 36663
8,36676,1,1,1, 36677
8,36696,1,1,1, 36697
15,36701,2,2,1, 36703
8,36716,1,1,0, 36717
8,36736,1,1,0, 36737
8,36756,1,1,1, 36757
1,36766,1,1,1, 36767
8,36776,1,1,0, 36777
16,36779,2,2,1, 36781
1,36786,1,1,0, 36787
1,36806,1,1,1, 36807
9,36817,2,2,1, 36819
1,36826,1,1,0, 36827
1,36846,1,1,1, 36847
1,36866,1,1,0, 36867
1,36886,1,1,1, 36887
8,36896,1,1,0, 36897
1,36906,1,1,0, 36907
8,36916,1,1,0, 36917
15,36921,2,2,1, 36923
1,36926,1,1,1, 36927
8,36936,1,1,1, 36937
9,36937,2,2,1, 36939
1,36946,1,1,1, 36947
8,36956,1,1,1, 36957
15,36961,2,2,1, 36963
8,36976,1,1,1, 36977
8,36996,1,1,0, 36997
15,37001,2,2,1, 37003
8,37016,1,1,1, 37017
16,37019,2,2,1, 37021
8,37036,1,1,0, 37037
8,37056,1,1,1, 37057
1,37066,1,1,0, 37067
8,37076,1,1,1, 37077
16,37079,2,2,1, 37081
2,37083,2,2,1, 37085
1,37086,1,1,1, 37087
8,37096,1,1,0, 37097
9,37097,2,2,1, 37099
1,37106,1,1,1, 37107
8,37116,1,1,0, 37117
9,37117,2,2,1, 37119
1,37126,1,1,0, 37127
25,37135,2,2,1, 37137
8,37136,1,1,1, 37137
1,37146,1,1,0, 37147
25,37155,2,2,1, 37157
9,37157,2,2,1, 37159
1,37166,1,1,0, 37167
25,37175,2,2,1, 37177
9,37177,2,2,1, 37179
8,37216,1,1,1, 37217
16,37219,2,2,1, 37221
8,37236,1,1,0, 37237
15,37241,2,2,1, 37243
8,37256,1,1,1, 37257
16,37259,2,2,1, 37261
2,37263,2,2,1, 37265
1,37266,1,1,1, 37267
8,37276,1,1,0, 37277
15,37281,2,2,1, 37283
1,37286,1,1,0, 37287
25,37295,2,2,1, 37297
8,37296,1,1,1, 37297
2,37303,2,2,1, 37305
1,37306,1,1,1, 37307
25,37315,2,2,1, 37317
8,37316,1,1,0, 37317
9,37317,2,2,1, 37319
15,37321,2,2,1, 37323
8,37396,1,1,0, 37397
8,37416,1,1,0, 37417
2,37423,2,2,1, 37425
1,37426,1,1,1, 37427
25,37435,2,2,1, 37437
8,37436,1,1,1, 37437
8,37456,1,1,0, 37457
8,37476,1,1,0, 37477
8,37496,1,1,0, 37497
8,37516,1,1,1, 37517
8,37536,1,1,1, 37537
1,37546,1,1,0, 37547
25,37555,2,2,1, 37557
8,37556,1,1,1, 37557
9,37557,2,2,1, 37559
2,37563,2,2,1, 37565
1,37566,1,1,0, 37567
25,37575,2,2,1, 37577
1,37586,1,1,0, 37587
25,37595,2,2,1, 37597
1,37606,1,1,1, 37607
25,37615,2,2,1, 37617
1,37626,1,1,1, 37627
25,37635,2,2,1, 37637
2,37643,2,2,1, 37645
1,37646,1,1,0, 37647
8,37676,1,1,1, 37677
8,37696,1,1,0, 37697
9,37697,2,2,1, 37699
8,37716,1,1,1, 37717
9,37717,2,2,1, 37719
8,37736,1,1,0, 37737
9,37737,2,2,1, 37739
8,37756,1,1,1, 37757
9,37757,2,2,1, 37759
8,37776,1,1,1, 37777
9,37777,2,2,1, 37779
1,37786,1,1,1, 37787
25,37795,2,2,1, 37797
8,37796,1,1,0, 37797
9,37797,2,2,1, 37799
16,37799,2,2,1, 37801
15,37801,2,2,1, 37803
1,37806,1,1,1, 37807
1,37826,1,1,0, 37827
1,37846,1,1,1, 37847
15,37861,2,2,1, 37863
1,37866,1,1,0, 37867
8,37876,1,1,1, 37877
9,37877,2,2,1, 37879
1,37886,1,1,0, 37887
25,37895,2,2,1, 37897
8,37896,1,1,0, 37897
15,37901,2,2,1, 37903
1,37906,1,1,1, 37907
8,37916,1,1,1, 37917
1,38026,1,1,0, 38027
25,38035,2,2,1, 38037
8,38036,1,1,1, 38037
9,38037,2,2,1, 38039
16,38039,2,2,1, 38041
1,38046,1,1,0, 38047
8,38056,1,1,0, 38057
1,38066,1,1,0, 38067
8,38076,1,1,1, 38077
16,38079,2,2,1, 38081
1,38086,1,1,1, 38087
8,38096,1,1,1, 38097
15,38101,2,2,1, 38103
1,38106,1,1,0, 38107
8,38116,1,1,0, 38117
15,38121,2,2,1, 38123
1,38126,1,1,1, 38127
8,38136,1,1,1, 38137
1,38146,1,1,0, 38147
25,38155,2,2,1, 38157
8,38156,1,1,1, 38157
16,38159,2,2,1, 38161
1,38266,1,1,0, 38267
25,38275,2,2,1, 38277
8,38276,1,1,1, 38277
8,38296,1,1,1, 38297
16,38299,2,2,1, 38301
8,38316,1,1,0, 38317
16,38319,2,2,1, 38321
8,38336,1,1,1, 38337
16,38339,2,2,1, 38341
8,38356,1,1,0, 38357
16,38359,2,2,1, 38361
15,38361,2,2,1, 38363
8,38376,1,1,1, 38377
15,38381,2,2,1, 38383
2,38383,2,2,1, 38385
1,38386,1,1,1, 38387
25,38395,2,2,1, 38397
8,38396,1,1,0, 38397
9,38397,2,2,1, 38399
16,38399,2,2,1, 38401
8,38416,1,1,0, 38417
9,38417,2,2,1, 38419
15,38421,2,2,1, 38423
8,38436,1,1,1, 38437
15,38441,2,2,1, 38443
8,38456,1,1,1, 38457
15,38461,2,2,1, 38463
8,38476,1,1,1, 38477
15,38481,2,2,1, 38483
8,38496,1,1,0, 38497
15,38501,2,2,1, 38503
1,38506,1,1,1, 38507
25,38515,2,2,1, 38517
8,38516,1,1,1, 38517
16,38519,2,2,1, 38521
1,38526,1,1,1, 38527
1,38546,1,1,0, 38547
25,38555,2,2,1, 38557
1,38566,1,1,1, 38567
25,38575,2,2,1, 38577
1,38586,1,1,1, 38587
1,38606,1,1,0, 38607
25,38615,2,2,1, 38617
9,38617,2,2,1, 38619
1,38626,1,1,0, 38627
25,38635,2,2,1, 38637
9,38637,2,2,1, 38639
8,38696,1,1,1, 38697
15,38701,2,2,1, 38703
1,38706,1,1,1, 38707
25,38715,2,2,1, 38717
8,38716,1,1,0, 38717
15,38721,2,2,1, 38723
1,38726,1,1,1, 38727
25,38735,2,2,1, 38737
8,38736,1,1,0, 38737
16,38739,2,2,1, 38741
15,38741,2,2,1, 38743
2,38743,2,2,1, 38745
1,38746,1,1,1, 38747
25,38755,2,2,1, 38757
8,38756,1,1,1, 38757
15,38761,2,2,1, 38763
8,38776,1,1,1, 38777
8,38796,1,1,0, 38797
8,38816,1,1,0, 38817
15,38821,2,2,1, 38823
8,38836,1,1,0, 38837
15,38841,2,2,1, 38843
8,38856,1,1,1, 38857
15,38861,2,2,1, 38863
1,38866,1,1,1, 38867
25,38875,2,2,1, 38877
8,38876,1,1,1, 38877
16,38879,2,2,1, 38881
2,38883,2,2,1, 38885
25,38995,2,2,1, 38997
8,38996,1,1,0, 38997
8,39016,1,1,0, 39017
9,39017,2,2,1, 39019
15,39021,2,2,1, 39023
8,39036,1,1,0, 39037
8,39056,1,1,0, 39057
8,39076,1,1,1, 39077
8,39096,1,1,1, 39097
15,39101,2,2,1, 39103
1,39106,1,1,1, 39107
8,39116,1,1,0, 39117
2,39123,2,2,1, 39125
1,39126,1,1,0, 39127
8,39136,1,1,0, 39137
1,39146,1,1,1, 39147
8,39156,1,1,1, 39157
9,39157,2,2,1, 39159
1,39166,1,1,1, 39167
8,39176,1,1,0, 39177
16,39179,2,2,1, 39181
8,39196,1,1,1, 39197
16,39199,2,2,1, 39201
8,39216,1,1,0, 39217
16,39219,2,2,1, 39221
8,39236,1,1,1, 39237
16,39239,2,2,1, 39241
2,39243,2,2,1, 39245
1,39246,1,1,1, 39247
25,39255,2,2,1, 39257
2,39263,2,2,1, 39265
1,39266,1,1,1, 39267
8,39356,1,1,0, 39357
16,39359,2,2,1, 39361
8,39376,1,1,0, 39377
16,39379,2,2,1, 39381
1,39386,1,1,1, 39387
8,39396,1,1,0, 39397
1,39406,1,1,0, 39407
8,39416,1,1,0, 39417
8,39436,1,1,1, 39437
9,39437,2,2,1, 39439
8,39456,1,1,0, 39457
8,39476,1,1,0, 39477
8,39496,1,1,1, 39497
9,39497,2,2,1, 39499
8,39516,1,1,0, 39517
1,39526,1,1,0, 39527
25,39535,2,2,1, 39537
8,39536,1,1,0, 39537
1,39546,1,1,0, 39547
25,39555,2,2,1, 39557
8,39556,1,1,1, 39557
15,39561,2,2,1, 39563
2,39563,2,2,1, 39565
1,39566,1,1,1, 39567
25,39575,2,2,1, 39577
8,39576,1,1,0, 39577
16,39579,2,2,1, 39581
15,39581,2,2,1, 39583
1,39586,1,1,1, 39587
8,39596,1,1,1, 39597
1,39606,1,1,1, 39607
25,39615,2,2,1, 39617
2,39623,2,2,1, 39625
1,39626,1,1,1, 39627
1,39646,1,1,1, 39647
25,39655,2,2,1, 39657
9,39657,2,2,1, 39659
15,39661,2,2,1, 39663
1,39766,1,1,1, 39767
25,39775,2,2,1, 39777
8,39776,1,1,1, 39777
16,39779,2,2,1, 39781
2,39783,2,2,1, 39785
1,39786,1,1,0, 39787
8,39796,1,1,0, 39797
15,39801,2,2,1, 39803
1,39806,1,1,1, 39807
8,39816,1,1,1, 39817
1,39826,1,1,0, 39827
8,39836,1,1,1, 39837
15,39841,2,2,1, 39843
1,39846,1,1,1, 39847
8,39856,1,1,0, 39857
16,39859,2,2,1, 39861
15,39861,2,2,1, 39863
1,39866,1,1,0, 39867
8,39876,1,1,1, 39877
16,39879,2,2,1, 39881
1,39886,1,1,0, 39887
25,39895,2,2,1, 39897
8,39896,1,1,0, 39897
1,40006,1,1,1, 40007
25,40015,2,2,1, 40017
8,40016,1,1,1, 40017
9,40017,2,2,1, 40019
2,40023,2,2,1, 40025
1,40026,1,1,0, 40027
8,40036,1,1,0, 40037
2,40043,2,2,1, 40045
1,40046,1,1,1, 40047
25,40055,2,2,1, 40057
8,40056,1,1,1, 40057
1,40066,1,1,0, 40067
25,40075,2,2,1, 40077
8,40076,1,1,0, 40077
15,40081,2,2,1, 40083
8,40096,1,1,1, 40097
15,40101,2,2,1, 40103
8,40116,1,1,1, 40117
8,40136,1,1,1, 40137
16,40139,2,2,1, 40141
1,40146,1,1,0, 40147
25,40155,2,2,1, 40157
8,40156,1,1,0, 40157
15,40161,2,2,1, 40163
2,40163,2,2,1, 40165
1,40166,1,1,1, 40167
8,40176,1,1,0, 40177
9,40177,2,2,1, 40179
1,40186,1,1,1, 40187
25,40195,2,2,1, 40197
8,40196,1,1,0, 40197
9,40197,2,2,1, 40199
16,40199,2,2,1, 40201
1,40306,1,1,0, 40307
8,40316,1,1,1, 40317
15,40321,2,2,1, 40323
1,40326,1,1,0, 40327
25,40335,2,2,1, 40337
8,40336,1,1,0, 40337
1,40346,1,1,1, 40347
8,40356,1,1,0, 40357
16,40359,2,2,1, 40361
2,40363,2,2,1, 40365
1,40366,1,1,1, 40367
25,40375,2,2,1, 40377
8,40376,1,1,1, 40377
15,40381,2,2,1, 40383
1,40386,1,1,1, 40387
8,40396,1,1,1, 40397
1,40406,1,1,1, 40407
8,40416,1,1,0, 40417
9,40417,2,2,1, 40419
1,40426,1,1,0, 40427
8,40436,1,1,1, 40437
9,40437,2,2,1, 40439
1,40446,1,1,0, 40447
9,40457,2,2,1, 40459
1,40466,1,1,1, 40467
9,40477,2,2,1, 40479
1,40486,1,1,0, 40487
9,40497,2,2,1, 40499
8,40556,1,1,1, 40557
15,40561,2,2,1, 40563
2,40563,2,2,1, 40565
1,40566,1,1,0, 40567
25,40575,2,2,1, 40577
8,40576,1,1,0, 40577
1,40586,1,1,0, 40587
25,40595,2,2,1, 40597
8,40596,1,1,0, 40597
16,40599,2,2,1, 40601
15,40601,2,2,1, 40603
1,40606,1,1,0, 40607
25,40615,2,2,1, 40617
8,40616,1,1,1, 40617
2,40723,2,2,1, 40725
1,40726,1,1,0, 40727
25,40735,2,2,1, 40737
8,40736,1,1,1, 40737
16,40739,2,2,1, 40741
8,40756,1,1,1, 40757
9,40757,2,2,1, 40759
15,40761,2,2,1, 40763
8,40776,1,1,1, 40777
8,40796,1,1,0, 40797
9,40797,2,2,1, 40799
1,40846,1,1,1, 40847
1,40866,1,1,0, 40867
25,40875,2,2,1, 40877
1,40886,1,1,1, 40887
1,40906,1,1,0, 40907
25,40915,2,2,1, 40917
8,40916,1,1,0, 40917
16,40919,2,2,1, 40921
1,40926,1,1,0, 40927
25,40935,2,2,1, 40937
8,40936,1,1,0, 40937
16,40939,2,2,1, 40941
1,40946,1,1,0, 40947
25,40955,2,2,1, 40957
8,40956,1,1,0, 40957
16,40959,2,2,1, 40961
1,40966,1,1,1, 40967
25,40975,2,2,1, 40977
8,40976,1,1,1, 40977
15,40981,2,2,1, 40983
8,40996,1,1,0, 40997
15,41001,2,2,1, 41003
8,41016,1,1,1, 41017
8,41036,1,1,0, 41037
15,41041,2,2,1, 41043
8,41056,1,1,0, 41057
15,41061,2,2,1, 41063
8,41076,1,1,0, 41077
1,41086,1,1,1, 41087
25,41095,2,2,1, 41097
8,41096,1,1,1, 41097
16,41099,2,2,1, 41101
1,41106,1,1,0, 41107
1,41126,1,1,1, 41127
2,41143,2,2,1, 41145
1,41146,1,1,1, 41147
1,41166,1,1,1, 41167
25,41175,2,2,1, 41177
1,41186,1,1,1, 41187
25,41195,2,2,1, 41197
1,41206,1,1,0, 41207
25,41215,2,2,1, 41217
8,41216,1,1,0, 41217
8,41236,1,1,0, 41237
9,41237,2,2,1, 41239
8,41256,1,1,0, 41257
9,41257,2,2,1, 41259
8,41276,1,1,1, 41277
9,41277,2,2,1, 41279
15,41281,2,2,1, 41283
8,41296,1,1,0, 41297
15,41301,2,2,1, 41303
8,41316,1,1,1, 41317
9,41317,2,2,1, 41319
15,41321,2,2,1, 41323
1,41326,1,1,1, 41327
8,41336,1,1,0, 41337
9,41337,2,2,1, 41339
16,41339,2,2,1, 41341
15,41341,2,2,1, 41343
1,41346,1,1,1, 41347
1,41366,1,1,1, 41367
1,41386,1,1,1, 41387
1,41406,1,1,1, 41407
1,41426,1,1,0, 41427
1,41446,1,1,0, 41447
8,41456,1,1,1, 41457
9,41457,2,2,1, 41459
16,41459,2,2,1, 41461
15,41461,2,2,1, 41463
8,41476,1,1,0, 41477
8,41496,1,1,1, 41497
8,41516,1,1,0, 41517
15,41521,2,2,1, 41523
1,41566,1,1,1, 41567
1,41586,1,1,1, 41587
25,41595,2,2,1, 41597
8,41596,1,1,1, 41597
9,41597,2,2,1, 41599
1,41606,1,1,0, 41607
25,41615,2,2,1, 41617
8,41616,1,1,0, 41617
9,41617,2,2,1, 41619
1,41626,1,1,0, 41627
8,41636,1,1,0, 41637
16,41639,2,2,1, 41641
2,41703,2,2,1, 41705
1,41706,1,1,0, 41707
25,41715,2,2,1, 41717
1,41726,1,1,1, 41727
2,41743,2,2,1, 41745
1,41746,1,1,1, 41747
8,41756,1,1,1, 41757
8,41776,1,1,1, 41777
9,41777,2,2,1, 41779
16,41779,2,2,1, 41781
8,41796,1,1,1, 41797
16,41799,2,2,1, 41801
8,41816,1,1,0, 41817
15,41821,2,2,1, 41823
8,41836,1,1,0, 41837
9,41837,2,2,1, 41839
8,41856,1,1,0, 41857
8,41876,1,1,0, 41877
1,41886,1,1,1, 41887
8,41896,1,1,1, 41897
1,41906,1,1,1, 41907
8,41916,1,1,0, 41917
16,41919,2,2,1, 41921
2,41923,2,2,1, 41925
1,41926,1,1,1, 41927
8,41936,1,1,1, 41937
1,41946,1,1,1, 41947
8,41956,1,1,1, 41957
1,41966,1,1,0, 41967
8,41976,1,1,1, 41977
15,41981,2,2,1, 41983
1,41986,1,1,1, 41987
8,41996,1,1,1, 41997
1,42006,1,1,0, 42007
8,42016,1,1,1, 42017
15,42021,2,2,1, 42023
1,42026,1,1,1, 42027
8,42036,1,1,0, 42037
1,42046,1,1,0, 42047
25,42055,2,2,1, 42057
8,42056,1,1,0, 42057
2,42063,2,2,1, 42065
1,42066,1,1,0, 42067
25,42075,2,2,1, 42077
9,42077,2,2,1, 42079
1,42086,1,1,0, 42087
25,42095,2,2,1, 42097
9,42097,2,2,1, 42099
1,42106,1,1,1, 42107
8,42176,1,1,1, 42177
1,42186,1,1,1, 42187
8,42196,1,1,1, 42197
1,42206,1,1,1, 42207
25,42215,2,2,1, 42217
8,42216,1,1,0, 42217
1,42226,1,1,0, 42227
8,42236,1,1,0, 42237
8,42256,1,1,1, 42257
15,42261,2,2,1, 42263
8,42276,1,1,0, 42277
15,42281,2,2,1, 42283
8,42296,1,1,0, 42297
15,42301,2,2,1, 42303
8,42316,1,1,1, 42317
15,42321,2,2,1, 42323
8,42336,1,1,1, 42337
1,42346,1,1,0, 42347
25,42355,2,2,1, 42357
8,42356,1,1,0, 42357
16,42359,2,2,1, 42361
1,42366,1,1,1, 42367
25,42375,2,2,1, 42377
8,42376,1,1,1, 42377
16,42379,2,2,1, 42381
1,42386,1,1,1, 42387
25,42395,2,2,1, 42397
8,42396,1,1,1, 42397
9,42397,2,2,1, 42399
2,42403,2,2,1, 42405
1,42406,1,1,1, 42407
8,42416,1,1,0, 42417
9,42417,2,2,1, 42419
15,42421,2,2,1, 42423
8,42436,1,1,1, 42437
9,42437,2,2,1, 42439
8,42456,1,1,0, 42457
9,42457,2,2,1, 42459
8,42476,1,1,0, 42477
16,42479,2,2,1, 42481
1,42526,1,1,1, 42527
1,42546,1,1,0, 42547
25,42555,2,2,1, 42557
2,42563,2,2,1, 42565
1,42566,1,1,0, 42567
25,42575,2,2,1, 42577
1,42586,1,1,0, 42587
8,42596,1,1,0, 42597
1,42606,1,1,1, 42607
25,42615,2,2,1, 42617
8,42616,1,1,1, 42617
2,42623,2,2,1, 42625
1,42626,1,1,1, 42627
25,42635,2,2,1, 42637
8,42636,1,1,0, 42637
15,42641,2,2,1, 42643
1,42646,1,1,1, 42647
25,42655,2,2,1, 42657
8,42656,1,1,1, 42657
9,42657,2,2,1, 42659
15,42661,2,2,1, 42663
8,42676,1,1,1, 42677
9,42677,2,2,1, 42679
8,42696,1,1,1, 42697
8,42716,1,1,1, 42717
16,42719,2,2,1, 42721
1,42766,1,1,0, 42767
25,42775,2,2,1, 42777
1,42786,1,1,0, 42787
25,42795,2,2,1, 42797
8,42796,1,1,0, 42797
1,42806,1,1,0, 42807
25,42815,2,2,1, 42817
8,42816,1,1,0, 42817
1,42826,1,1,0, 42827
25,42835,2,2,1, 42837
8,42836,1,1,1, 42837
1,42946,1,1,1, 42947
8,42956,1,1,0, 42957
9,42957,2,2,1, 42959
16,42959,2,2,1, 42961
2,42963,2,2,1, 42965
1,42966,1,1,0, 42967
25,42975,2,2,1, 42977
8,42976,1,1,0, 42977
16,42979,2,2,1, 42981
15,42981,2,2,1, 42983
1,42986,1,1,0, 42987
25,42995,2,2,1, 42997
8,42996,1,1,1, 42997
16,42999,2,2,1, 43001
15,43001,2,2,1, 43003
1,43006,1,1,1, 43007
25,43015,2,2,1, 43017
8,43016,1,1,0, 43017
15,43021,2,2,1, 43023
1,43026,1,1,0, 43027
25,43035,2,2,1, 43037
8,43036,1,1,1, 43037
16,43039,2,2,1, 43041
1,43046,1,1,1, 43047
8,43056,1,1,0, 43057
16,43059,2,2,1, 43061
1,43066,1,1,1, 43067
25,43075,2,2,1, 43077
8,43076,1,1,1, 43077
1,43186,1,1,1, 43187
8,43196,1,1,1, 43197
9,43197,2,2,1, 43199
16,43199,2,2,1, 43201
1,43206,1,1,1, 43207
8,43216,1,1,0, 43217
16,43219,2,2,1, 43221
15,43221,2,2,1, 43223
1,43226,1,1,1, 43227
8,43236,1,1,1, 43237
1,43246,1,1,0, 43247
8,43256,1,1,0, 43257
16,43259,2,2,1, 43261
1,43266,1,1,1, 43267
8,43276,1,1,1, 43277
15,43281,2,2,1, 43283
1,43286,1,1,1, 43287
8,43296,1,1,1, 43297
16,43299,2,2,1, 43301
1,43306,1,1,1, 43307
8,43316,1,1,0, 43317
16,43319,2,2,1, 43321
1,43326,1,1,1, 43327
1,43346,1,1,1, 43347
25,43355,2,2,1, 43357
9,43357,2,2,1, 43359
1,43366,1,1,0, 43367
1,43386,1,1,1, 43387
1,43406,1,1,1, 43407
2,43423,2,2,1, 43425
1,43426,1,1,1, 43427
8,43436,1,1,1, 43437
15,43441,2,2,1, 43443
8,43456,1,1,1, 43457
9,43457,2,2,1, 43459
8,43476,1,1,0, 43477
8,43496,1,1,0, 43497
9,43497,2,2,1, 43499
1,43506,1,1,1, 43507
8,43516,1,1,0, 43517
1,43526,1,1,0, 43527
8,43536,1,1,0, 43537
1,43546,1,1,0, 43547
8,43556,1,1,0, 43557
15,43561,2,2,1, 43563
1,43566,1,1,0, 43567
8,43576,1,1,1, 43577
15,43581,2,2,1, 43583
1,43586,1,1,0, 43587
8,43596,1,1,0, 43597
16,43599,2,2,1, 43601
15,43601,2,2,1, 43603
1,43606,1,1,0, 43607
25,43615,2,2,1, 43617
8,43616,1,1,1, 43617
9,43617,2,2,1, 43619
16,43619,2,2,1, 43621
1,43726,1,1,0, 43727
8,43736,1,1,0, 43737
2,43743,2,2,1, 43745
1,43746,1,1,1, 43747
8,43756,1,1,0, 43757
9,43757,2,2,1, 43759
1,43766,1,1,1, 43767
8,43776,1,1,0, 43777
2,43783,2,2,1, 43785
1,43786,1,1,1, 43787
25,43795,2,2,1, 43797
8,43796,1,1,1, 43797
9,43797,2,2,1, 43799
1,43806,1,1,1, 43807
8,43816,1,1,1, 43817
9,43817,2,2,1, 43819
16,43819,2,2,1, 43821
15,43821,2,2,1, 43823
1,43826,1,1,0, 43827
25,43835,2,2,1, 43837
8,43836,1,1,1, 43837
1,43846,1,1,0, 43847
25,43855,2,2,1, 43857
8,43856,1,1,0, 43857
1,43866,1,1,1, 43867
25,43875,2,2,1, 43877
8,43876,1,1,0, 43877
15,43881,2,2,1, 43883
1,43886,1,1,1, 43887
25,43895,2,2,1, 43897
8,43896,1,1,1, 43897
15,43901,2,2,1, 43903
2,43903,2,2,1, 43905
1,43906,1,1,1, 43907
8,43916,1,1,0, 43917
15,43921,2,2,1, 43923
8,43936,1,1,1, 43937
8,43956,1,1,1, 43957
15,43961,2,2,1, 43963
8,43976,1,1,0, 43977
1,43986,1,1,0, 43987
25,43995,2,2,1, 43997
9,43997,2,2,1, 43999
1,44006,1,1,0, 44007
1,44026,1,1,1, 44027
8,44096,1,1,0, 44097
8,44116,1,1,0, 44117
8,44136,1,1,1, 44137
1,44146,1,1,0, 44147
8,44156,1,1,1, 44157
15,44161,2,2,1, 44163
2,44163,2,2,1, 44165
1,44166,1,1,1, 44167
8,44176,1,1,1, 44177
9,44177,2,2,1, 44179
15,44181,2,2,1, 44183
1,44186,1,1,1, 44187
8,44196,1,1,1, 44197
15,44201,2,2,1, 44203
1,44206,1,1,1, 44207
8,44216,1,1,0, 44217
15,44221,2,2,1, 44223
1,44226,1,1,0, 44227
8,44236,1,1,0, 44237
16,44239,2,2,1, 44241
1,44246,1,1,0, 44247
8,44256,1,1,1, 44257
1,44266,1,1,0, 44267
25,44275,2,2,1, 44277
8,44276,1,1,1, 44277
16,44279,2,2,1, 44281
1,44286,1,1,0, 44287
8,44296,1,1,0, 44297
15,44301,2,2,1, 44303
2,44303,2,2,1, 44305
1,44306,1,1,0, 44307
8,44316,1,1,0, 44317
16,44319,2,2,1, 44321
15,44321,2,2,1, 44323
1,44326,1,1,1, 44327
8,44336,1,1,0, 44337
9,44337,2,2,1, 44339
16,44339,2,2,1, 44341
1,44446,1,1,1, 44447
25,44455,2,2,1, 44457
8,44456,1,1,0, 44457
15,44461,2,2,1, 44463
2,44463,2,2,1, 44465
1,44466,1,1,1, 44467
8,44476,1,1,1, 44477
9,44477,2,2,1, 44479
15,44481,2,2,1, 44483
1,44486,1,1,0, 44487
8,44496,1,1,1, 44497
16,44499,2,2,1, 44501
1,44506,1,1,1, 44507
8,44516,1,1,0, 44517
9,44517,2,2,1, 44519
1,44626,1,1,1, 44627
25,44635,2,2,1, 44637
8,44636,1,1,0, 44637
1,44646,1,1,1, 44647
25,44655,2,2,1, 44657
8,44656,1,1,0, 44657
9,44657,2,2,1, 44659
16,44659,2,2,1, 44661
1,44666,1,1,0, 44667
8,44676,1,1,1, 44677
9,44677,2,2,1, 44679
16,44679,2,2,1, 44681
15,44681,2,2,1, 44683
1,44686,1,1,1, 44687
8,44696,1,1,0, 44697
1,44706,1,1,0, 44707
8,44716,1,1,0, 44717
1,44726,1,1,0, 44727
8,44736,1,1,1, 44737
15,44741,2,2,1, 44743
1,44746,1,1,0, 44747
8,44756,1,1,0, 44757
15,44761,2,2,1, 44763
1,44766,1,1,1, 44767
8,44776,1,1,0, 44777
15,44781,2,2,1, 44783
1,44786,1,1,1, 44787
8,44796,1,1,1, 44797
15,44801,2,2,1, 44803
1,44806,1,1,1, 44807
8,44816,1,1,0, 44817
9,44817,2,2,1, 44819
16,44819,2,2,1, 44821
1,44926,1,1,0, 44927
8,44936,1,1,1, 44937
16,44939,2,2,1, 44941
15,44941,2,2,1, 44943
1,44946,1,1,0, 44947
8,44956,1,1,1, 44957
16,44959,2,2,1, 44961
15,44961,2,2,1, 44963
1,44966,1,1,1, 44967
25,44975,2,2,1, 44977
8,44976,1,1,0, 44977
16,44979,2,2,1, 44981
15,44981,2,2,1, 44983
1,44986,1,1,1, 44987
8,44996,1,1,0, 44997
1,45006,1,1,0, 45007
1,45026,1,1,1, 45027
25,45035,2,2,1, 45037
1,45046,1,1,0, 45047
2,45063,2,2,1, 45065
25,45175,2,2,1, 45177
8,45176,1,1,0, 45177
9,45177,2,2,1, 45179
1,45186,1,1,0, 45187
8,45196,1,1,0, 45197
15,45201,2,2,1, 45203
1,45206,1,1,1, 45207
25,45215,2,2,1, 45217
8,45216,1,1,1, 45217
1,45226,1,1,1, 45227
25,45235,2,2,1, 45237
8,45236,1,1,0, 45237
15,45241,2,2,1, 45243
1,45246,1,1,0, 45247
8,45256,1,1,0, 45257
16,45259,2,2,1, 45261
15,45261,2,2,1, 45263
1,45266,1,1,1, 45267
25,45275,2,2,1, 45277
8,45276,1,1,0, 45277
2,45283,2,2,1, 45285
1,45286,1,1,1, 45287
8,45296,1,1,1, 45297
9,45297,2,2,1, 45299
8,45316,1,1,0, 45317
8,45336,1,1,1, 45337
9,45337,2,2,1, 45339
8,45356,1,1,0, 45357
9,45357,2,2,1, 45359
8,45376,1,1,0, 45377
9,45377,2,2,1, 45379
15,45381,2,2,1, 45383
8,45396,1,1,0, 45397
15,45401,2,2,1, 45403
1,45406,1,1,1, 45407
25,45415,2,2,1, 45417
8,45416,1,1,1, 45417
1,45426,1,1,1, 45427
1,45446,1,1,0, 45447
25,45455,2,2,1, 45457
1,45466,1,1,1, 45467
25,45475,2,2,1, 45477
1,45486,1,1,0, 45487
1,45506,1,1,1, 45507
25,45515,2,2,1, 45517
1,45526,1,1,0, 45527
25,45535,2,2,1, 45537
8,45536,1,1,1, 45537
9,45537,2,2,1, 45539
16,45539,2,2,1, 45541
8,45556,1,1,1, 45557
9,45557,2,2,1, 45559
8,45576,1,1,1, 45577
9,45577,2,2,1, 45579
8,45596,1,1,0, 45597
15,45601,2,2,1, 45603
8,45616,1,1,1, 45617
9,45617,2,2,1, 45619
15,45621,2,2,1, 45623
8,45636,1,1,0, 45637
1,45646,1,1,0, 45647
25,45655,2,2,1, 45657
8,45656,1,1,0, 45657
1,45666,1,1,1, 45667
1,45686,1,1,0, 45687
25,45695,2,2,1, 45697
1,45706,1,1,0, 45707
25,45715,2,2,1, 45717
1,45826,1,1,0, 45827
8,45836,1,1,0, 45837
1,45846,1,1,1, 45847
8,45856,1,1,1, 45857
16,45859,2,2,1, 45861
2,45863,2,2,1, 45865
1,45866,1,1,0, 45867
8,45876,1,1,0, 45877
1,45886,1,1,0, 45887
8,45896,1,1,1, 45897
15,45901,2,2,1, 45903
2,45903,2,2,1, 45905
1,45906,1,1,1, 45907
8,45916,1,1,0, 45917
15,45921,2,2,1, 45923
2,45923,2,2,1, 45925
1,45926,1,1,0, 45927
8,45936,1,1,0, 45937
1,45946,1,1,0, 45947
25,45955,2,2,1, 45957
8,45956,1,1,1, 45957
9,45957,2,2,1, 45959
1,45966,1,1,0, 45967
1,45986,1,1,1, 45987
25,45995,2,2,1, 45997
1,46006,1,1,0, 46007
1,46026,1,1,1, 46027
1,46046,1,1,1, 46047
1,46066,1,1,0, 46067
25,46075,2,2,1, 46077
8,46076,1,1,0, 46077
15,46081,2,2,1, 46083
8,46096,1,1,1, 46097
9,46097,2,2,1, 46099
15,46101,2,2,1, 46103
8,46116,1,1,0, 46117
9,46117,2,2,1, 46119
8,46136,1,1,1, 46137
1,46146,1,1,0, 46147
1,46166,1,1,0, 46167
9,46177,2,2,1, 46179
1,46186,1,1,0, 46187
9,46197,2,2,1, 46199
8,46216,1,1,1, 46217
16,46219,2,2,1, 46221
8,46236,1,1,1, 46237
15,46241,2,2,1, 46243
8,46256,1,1,1, 46257
15,46261,2,2,1, 46263
8,46276,1,1,0, 46277
8,46296,1,1,1, 46297
1,46306,1,1,0, 46307
8,46316,1,1,1, 46317
9,46317,2,2,1, 46319
15,46321,2,2,1, 46323
1,46326,1,1,0, 46327
8,46336,1,1,0, 46337
1,46346,1,1,1, 46347
8,46356,1,1,0, 46357
2,46363,2,2,1, 46365
1,46366,1,1,0, 46367
8,46376,1,1,1, 46377
15,46381,2,2,1, 46383
2,46383,2,2,1, 46385
1,46386,1,1,1, 46387
8,46396,1,1,0, 46397
2,46403,2,2,1, 46405
1,46406,1,1,0, 46407
8,46416,1,1,1, 46417
1,46426,1,1,0, 46427
8,46436,1,1,0, 46437
16,46439,2,2,1, 46441
1,46446,1,1,1, 46447
25,46455,2,2,1, 46457
8,46456,1,1,0, 46457
1,46466,1,1,1, 46467
8,46476,1,1,1, 46477
9,46477,2,2,1, 46479
1,46486,1,1,1, 46487
8,46496,1,1,0, 46497
16,46499,2,2,1, 46501
1,46606,1,1,1, 46607
25,46615,2,2,1, 46617
8,46616,1,1,1, 46617
16,46619,2,2,1, 46621
8,46636,1,1,1, 46637
8,46656,1,1,0, 46657
8,46676,1,1,1, 46677
8,46696,1,1,1, 46697
15,46701,2,2,1, 46703
8,46716,1,1,1, 46717
1,46726,1,1,0, 46727
25,46735,2,2,1, 46737
8,46736,1,1,1, 46737
9,46737,2,2,1, 46739
1,46746,1,1,0, 46747
8,46756,1,1,0, 46757
9,46757,2,2,1, 46759
16,46759,2,2,1, 46761
15,46761,2,2,1, 46763
1,46766,1,1,1, 46767
8,46776,1,1,1, 46777
9,46777,2,2,1, 46779
2,46783,2,2,1, 46785
1,46786,1,1,0, 46787
8,46796,1,1,0, 46797
9,46797,2,2,1, 46799
16,46799,2,2,1, 46801
2,46803,2,2,1, 46805
1,46806,1,1,0, 46807
1,46826,1,1,1, 46827
1,46846,1,1,1, 46847
15,46861,2,2,1, 46863
1,46866,1,1,0, 46867
25,46875,2,2,1, 46877
8,46876,1,1,1, 46877
9,46877,2,2,1, 46879
16,46879,2,2,1, 46881
15,46881,2,2,1, 46883
2,46883,2,2,1, 46885
1,46886,1,1,0, 46887
25,46895,2,2,1, 46897
8,46896,1,1,0, 46897
15,46901,2,2,1, 46903
2,46903,2,2,1, 46905
1,46906,1,1,1, 46907
25,46915,2,2,1, 46917
8,46916,1,1,0, 46917
9,46917,2,2,1, 46919
16,46919,2,2,1, 46921
1,47026,1,1,1, 47027
25,47035,2,2,1, 47037
8,47036,1,1,0, 47037
16,47039,2,2,1, 47041
1,47046,1,1,0, 47047
8,47056,1,1,1, 47057
9,47057,2,2,1, 47059
8,47076,1,1,0, 47077
16,47079,2,2,1, 47081
8,47096,1,1,0, 47097
8,47116,1,1,1, 47117
8,47136,1,1,1, 47137
8,47156,1,1,1, 47157
1,47166,1,1,0, 47167
9,47177,2,2,1, 47179
1,47186,1,1,1, 47187
1,47206,1,1,1, 47207
9,47217,2,2,1, 47219
8,47276,1,1,0, 47277
16,47279,2,2,1, 47281
15,47281,2,2,1, 47283
1,47286,1,1,1, 47287
25,47295,2,2,1, 47297
8,47296,1,1,0, 47297
16,47299,2,2,1, 47301
1,47306,1,1,0, 47307
8,47316,1,1,0, 47317
9,47317,2,2,1, 47319
16,47319,2,2,1, 47321
1,47326,1,1,1, 47327
8,47336,1,1,1, 47337
16,47339,2,2,1, 47341
1,47446,1,1,1, 47447
8,47456,1,1,1, 47457
9,47457,2,2,1, 47459
15,47461,2,2,1, 47463
2,47463,2,2,1, 47465
1,47466,1,1,1, 47467
8,47476,1,1,1, 47477
15,47481,2,2,1, 47483
2,47483,2,2,1, 47485
1,47486,1,1,0, 47487
8,47496,1,1,1, 47497
1,47506,1,1,1, 47507
8,47516,1,1,1, 47517
15,47521,2,2,1, 47523
1,47526,1,1,0, 47527
8,47536,1,1,0, 47537
1,47546,1,1,1, 47547
8,47556,1,1,0, 47557
1,47566,1,1,1, 47567
8,47576,1,1,1, 47577
16,47579,2,2,1, 47581
1,47586,1,1,1, 47587
25,47595,2,2,1, 47597
1,47606,1,1,0, 47607
9,47617,2,2,1, 47619
1,47626,1,1,1, 47627
8,47696,1,1,1, 47697
2,47703,2,2,1, 47705
1,47706,1,1,0, 47707
25,47715,2,2,1, 47717
8,47716,1,1,0, 47717
16,47719,2,2,1, 47721
1,47726,1,1,0, 47727
8,47736,1,1,0, 47737
9,47737,2,2,1, 47739
1,47746,1,1,1, 47747
25,47755,2,2,1, 47757
8,47756,1,1,0, 47757
8,47776,1,1,1, 47777
15,47781,2,2,1, 47783
8,47796,1,1,1, 47797
15,47801,2,2,1, 47803
8,47816,1,1,1, 47817
8,47836,1,1,1, 47837
15,47841,2,2,1, 47843
8,47856,1,1,0, 47857
1,47866,1,1,1, 47867
25,47875,2,2,1, 47877
8,47876,1,1,0, 47877
16,47879,2,2,1, 47881
15,47881,2,2,1, 47883
1,47886,1,1,0, 47887
8,47896,1,1,0, 47897
16,47899,2,2,1, 47901
2,47903,2,2,1, 47905
1,47906,1,1,0, 47907
8,47916,1,1,1, 47917
16,47919,2,2,1, 47921
1,47926,1,1,1, 47927
8,47936,1,1,0, 47937
16,47939,2,2,1, 47941
15,47941,2,2,1, 47943
1,47946,1,1,0, 47947
25,47955,2,2,1, 47957
1,47966,1,1,0, 47967
25,47975,2,2,1, 47977
1,47986,1,1,0, 47987
25,47995,2,2,1, 47997
1,48006,1,1,1, 48007
8,48056,1,1,0, 48057
15,48061,2,2,1, 48063
8,48076,1,1,1, 48077
15,48081,2,2,1, 48083
8,48096,1,1,1, 48097
15,48101,2,2,1, 48103
8,48116,1,1,1, 48117
15,48121,2,2,1, 48123
1,48126,1,1,1, 48127
8,48136,1,1,0, 48137
1,48146,1,1,0, 48147
8,48156,1,1,0, 48157
15,48161,2,2,1, 48163
1,48166,1,1,0, 48167
8,48176,1,1,0, 48177
16,48179,2,2,1, 48181
1,48186,1,1,1, 48187
2,48203,2,2,1, 48205
1,48206,1,1,0, 48207
1,48226,1,1,0, 48227
9,48237,2,2,1, 48239
1,48246,1,1,1, 48247
25,48255,2,2,1, 48257
1,48266,1,1,1, 48267
25,48275,2,2,1, 48277
1,48286,1,1,0, 48287
8,48296,1,1,1, 48297
1,48306,1,1,1, 48307
25,48315,2,2,1, 48317
8,48316,1,1,1, 48317
1,48326,1,1,0, 48327
8,48336,1,1,0, 48337
1,48346,1,1,1, 48347
25,48355,2,2,1, 48357
8,48356,1,1,0, 48357
16,48359,2,2,1, 48361
15,48361,2,2,1, 48363
8,48376,1,1,0, 48377
16,48379,2,2,1, 48381
8,48396,1,1,0, 48397
8,48416,1,1,0, 48417
9,48417,2,2,1, 48419
8,48436,1,1,1, 48437
9,48437,2,2,1, 48439
8,48456,1,1,0, 48457
9,48457,2,2,1, 48459
1,48466,1,1,1, 48467
25,48475,2,2,1, 48477
8,48476,1,1,0, 48477
1,48486,1,1,0, 48487
1,48506,1,1,1, 48507
25,48515,2,2,1, 48517
1,48526,1,1,1, 48527
8,48596,1,1,0, 48597
8,48616,1,1,1, 48617
8,48636,1,1,0, 48637
1,48646,1,1,1, 48647
8,48656,1,1,0, 48657
1,48666,1,1,1, 48667
8,48676,1,1,0, 48677
16,48679,2,2,1, 48681
1,48686,1,1,0, 48687
8,48696,1,1,0, 48697
16,48699,2,2,1, 48701
1,48706,1,1,0, 48707
8,48716,1,1,1, 48717
1,48726,1,1,0, 48727
8,48736,1,1,0, 48737
1,48746,1,1,1, 48747
8,48756,1,1,0, 48757
15,48761,2,2,1, 48763
1,48766,1,1,1, 48767
25,48775,2,2,1, 48777
8,48776,1,1,1, 48777
9,48777,2,2,1, 48779
1,48786,1,1,0, 48787
8,48796,1,1,0, 48797
15,48801,2,2,1, 48803
1,48806,1,1,1, 48807
8,48816,1,1,1, 48817
1,48826,1,1,0, 48827
25,48835,2,2,1, 48837
8,48836,1,1,0, 48837
9,48837,2,2,1, 48839
1,48846,1,1,0, 48847
1,48866,1,1,0, 48867
25,48875,2,2,1, 48877
2,48883,2,2,1, 48885
1,48886,1,1,0, 48887
15,48901,2,2,1, 48903
8,48916,1,1,0, 48917
9,48917,2,2,1, 48919
16,48919,2,2,1, 48921
8,48936,1,1,1, 48937
8,48956,1,1,1, 48957
9,48957,2,2,1, 48959
8,48976,1,1,0, 48977
8,48996,1,1,1, 48997
9,48997,2,2,1, 48999
1,49006,1,1,0, 49007
25,49015,2,2,1, 49017
8,49016,1,1,0, 49017
9,49017,2,2,1, 49019
1,49026,1,1,1, 49027
8,49036,1,1,1, 49037
16,49039,2,2,1, 49041
1,49046,1,1,1, 49047
8,49056,1,1,0, 49057
16,49059,2,2,1, 49061
1,49066,1,1,0, 49067
8,49076,1,1,0, 49077
1,49086,1,1,0, 49087
25,49095,2,2,1, 49097
1,49106,1,1,0, 49107
1,49126,1,1,0, 49127
2,49143,2,2,1, 49145
1,49146,1,1,1, 49147
25,49155,2,2,1, 49157
1,49166,1,1,1, 49167
1,49186,1,1,1, 49187
25,49195,2,2,1, 49197
8,49196,1,1,0, 49197
8,49216,1,1,1, 49217
8,49236,1,1,1, 49237
9,49237,2,2,1, 49239
16,49239,2,2,1, 49241
15,49241,2,2,1, 49243
8,49256,1,1,0, 49257
9,49257,2,2,1, 49259
1,49306,1,1,1, 49307
1,49326,1,1,1, 49327
2,49343,2,2,1, 49345
1,49346,1,1,0, 49347
25,49355,2,2,1, 49357
2,49363,2,2,1, 49365
1,49366,1,1,0, 49367
25,49375,2,2,1, 49377
8,49376,1,1,1, 49377
16,49379,2,2,1, 49381
15,49381,2,2,1, 49383
8,49396,1,1,0, 49397
15,49401,2,2,1, 49403
8,49416,1,1,0, 49417
15,49421,2,2,1, 49423
8,49436,1,1,0, 49437
1,49446,1,1,1, 49447
8,49456,1,1,0, 49457
15,49461,2,2,1, 49463
1,49466,1,1,1, 49467
25,49475,2,2,1, 49477
8,49476,1,1,0, 49477
15,49481,2,2,1, 49483
1,49486,1,1,0, 49487
25,49495,2,2,1, 49497
8,49496,1,1,0, 49497
9,49497,2,2,1, 49499
16,49499,2,2,1, 49501
1,49606,1,1,1, 49607
8,49616,1,1,1, 49617
1,49626,1,1,0, 49627
8,49636,1,1,0, 49637
1,49646,1,1,0, 49647
25,49655,2,2,1, 49657
8,49656,1,1,1, 49657
9,49657,2,2,1, 49659
1,49666,1,1,1, 49667
8,49676,1,1,0, 49677
15,49681,2,2,1, 49683
1,49686,1,1,0, 49687
8,49696,1,1,1, 49697
15,49701,2,2,1, 49703
1,49706,1,1,0, 49707
8,49716,1,1,1, 49717
1,49726,1,1,1, 49727
8,49736,1,1,1, 49737
15,49741,2,2,1, 49743
1,49746,1,1,1, 49747
8,49756,1,1,0, 49757
15,49761,2,2,1, 49763
1,49766,1,1,0, 49767
8,49776,1,1,0, 49777
9,49777,2,2,1, 49779
1,49786,1,1,0, 49787
8,49796,1,1,1, 49797
9,49797,2,2,1, 49799
16,49799,2,2,1, 49801
1,49906,1,1,1, 49907
8,49916,1,1,0, 49917
2,49923,2,2,1, 49925
1,49926,1,1,1, 49927
8,49936,1,1,0, 49937
8,49956,1,1,0, 49957
9,49957,2,2,1, 49959
8,49976,1,1,0, 49977
8,49996,1,1,0, 49997
8,50016,1,1,1, 50017
8,50036,1,1,1, 50037
16,50039,2,2,1, 50041
15,50041,2,2,1, 50043
1,50046,1,1,0, 50047
8,50056,1,1,0, 50057
16,50059,2,2,1, 50061
2,50063,2,2,1, 50065
1,50066,1,1,0, 50067
8,50076,1,1,1, 50077
16,50079,2,2,1, 50081
15,50081,2,2,1, 50083
2,50083,2,2,1, 50085
1,50086,1,1,0, 50087
25,50095,2,2,1, 50097
8,50096,1,1,1, 50097
9,50097,2,2,1, 50099
16,50099,2,2,1, 50101
1,50206,1,1,0, 50207
8,50216,1,1,0, 50217
8,50236,1,1,0, 50237
8,50256,1,1,0, 50257
8,50276,1,1,0, 50277
15,50281,2,2,1, 50283
8,50296,1,1,1, 50297
15,50301,2,2,1, 50303
8,50316,1,1,1, 50317
1,50326,1,1,1, 50327
8,50336,1,1,1, 50337
1,50446,1,1,1, 50447
25,50455,2,2,1, 50457
8,50456,1,1,1, 50457
16,50459,2,2,1, 50461
1,50466,1,1,1, 50467
8,50476,1,1,0, 50477
9,50477,2,2,1, 50479
15,50481,2,2,1, 50483
2,50483,2,2,1, 50485
1,50486,1,1,1, 50487
8,50496,1,1,0, 50497
9,50497,2,2,1, 50499
2,50503,2,2,1, 50505
1,50506,1,1,1, 50507
8,50516,1,1,0, 50517
2,50583,2,2,1, 50585
1,50586,1,1,1, 50587
9,50597,2,2,1, 50599
1,50606,1,1,1, 50607
9,50617,2,2,1, 50619
1,50626,1,1,0, 50627
8,50636,1,1,0, 50637
16,50639,2,2,1, 50641
15,50641,2,2,1, 50643
2,50643,2,2,1, 50645
1,50646,1,1,0, 50647
8,50656,1,1,0, 50657
1,50666,1,1,1, 50667
25,50675,2,2,1, 50677
8,50676,1,1,0, 50677
15,50681,2,2,1, 50683
1,50686,1,1,0, 50687
8,50696,1,1,0, 50697
1,50706,1,1,1, 50707
8,50716,1,1,1, 50717
15,50721,2,2,1, 50723
1,50726,1,1,1, 50727
8,50736,1,1,0, 50737
15,50741,2,2,1, 50743
1,50746,1,1,1, 50747
8,50756,1,1,1, 50757
9,50757,2,2,1, 50759
8,50776,1,1,1, 50777
16,50779,2,2,1, 50781
15,50781,2,2,1, 50783
8,50796,1,1,0, 50797
9,50797,2,2,1, 50799
8,50816,1,1,0, 50817
16,50819,2,2,1, 50821
2,50823,2,2,1, 50825
1,50826,1,1,1, 50827
2,50843,2,2,1, 50845
1,50846,1,1,0, 50847
25,50855,2,2,1, 50857
2,50863,2,2,1, 50865
1,50866,1,1,0, 50867
8,50936,1,1,0, 50937
8,50956,1,1,0, 50957
8,50976,1,1,0, 50977
1,50986,1,1,0, 50987
8,50996,1,1,0, 50997
1,51006,1,1,0, 51007
25,51015,2,2,1, 51017
8,51016,1,1,0, 51017
9,51017,2,2,1, 51019
15,51021,2,2,1, 51023
2,51023,2,2,1, 51025
1,51026,1,1,0, 51027
25,51035,2,2,1, 51037
8,51036,1,1,0, 51037
9,51037,2,2,1, 51039
1,51046,1,1,1, 51047
25,51055,2,2,1, 51057
8,51056,1,1,0, 51057
9,51057,2,2,1, 51059
15,51061,2,2,1, 51063
1,51066,1,1,0, 51067
8,51076,1,1,0, 51077
15,51081,2,2,1, 51083
8,51096,1,1,0, 51097
15,51101,2,2,1, 51103
8,51116,1,1,0, 51117
1,51126,1,1,0, 51127
25,51135,2,2,1, 51137
1,51146,1,1,1, 51147
25,51155,2,2,1, 51157
1,51166,1,1,0, 51167
1,51186,1,1,0, 51187
25,51195,2,2,1, 51197
8,51196,1,1,1, 51197
15,51201,2,2,1, 51203
1,51206,1,1,1, 51207
8,51216,1,1,0, 51217
15,51221,2,2,1, 51223
1,51226,1,1,1, 51227
25,51235,2,2,1, 51237
8,51236,1,1,0, 51237
1,51346,1,1,0, 51347
25,51355,2,2,1, 51357
8,51356,1,1,1, 51357
1,51366,1,1,0, 51367
8,51376,1,1,1, 51377
1,51386,1,1,0, 51387
8,51396,1,1,0, 51397
9,51397,2,2,1, 51399
1,51406,1,1,0, 51407
25,51415,2,2,1, 51417
8,51416,1,1,1, 51417
9,51417,2,2,1, 51419
15,51421,2,2,1, 51423
8,51436,1,1,1, 51437
15,51441,2,2,1, 51443
8,51456,1,1,0, 51457
15,51461,2,2,1, 51463
8,51476,1,1,0, 51477
15,51481,2,2,1, 51483
2,51483,2,2,1, 51485
1,51486,1,1,1, 51487
25,51495,2,2,1, 51497
8,51496,1,1,0, 51497
2,51503,2,2,1, 51505
1,51506,1,1,1, 51507
8,51516,1,1,1, 51517
1,51526,1,1,1, 51527
8,51536,1,1,0, 51537
16,51539,2,2,1, 51541
1,51646,1,1,1, 51647
8,51656,1,1,1, 51657
1,51666,1,1,0, 51667
8,51676,1,1,1, 51677
16,51679,2,2,1, 51681
1,51686,1,1,1, 51687
8,51696,1,1,0, 51697
16,51699,2,2,1, 51701
1,51706,1,1,0, 51707
8,51716,1,1,0, 51717
15,51721,2,2,1, 51723
1,51726,1,1,1, 51727
8,51736,1,1,0, 51737
15,51741,2,2,1, 51743
1,51746,1,1,1, 51747
8,51756,1,1,0, 51757
15,51761,2,2,1, 51763
1,51766,1,1,0, 51767
8,51776,1,1,0, 51777
9,51777,2,2,1, 51779
15,51781,2,2,1, 51783
1,51786,1,1,1, 51787
25,51795,2,2,1, 51797
8,51796,1,1,1, 51797
9,51797,2,2,1, 51799
15,51801,2,2,1, 51803
1,51806,1,1,0, 51807
8,51816,1,1,1, 51817
16,51819,2,2,1, 51821
15,51821,2,2,1, 51823
1,51826,1,1,1, 51827
8,51836,1,1,1, 51837
2,51903,2,2,1, 51905
1,51906,1,1,0, 51907
25,51915,2,2,1, 51917
9,51917,2,2,1, 51919
2,51923,2,2,1, 51925
1,51926,1,1,1, 51927
25,51935,2,2,1, 51937
2,51943,2,2,1, 51945
1,51946,1,1,1, 51947
8,51956,1,1,0, 51957
8,51976,1,1,0, 51977
15,51981,2,2,1, 51983
8,51996,1,1,1, 51997
15,52001,2,2,1, 52003
8,52016,1,1,1, 52017
8,52036,1,1,1, 52037
16,52039,2,2,1, 52041
8,52056,1,1,1, 52057
16,52059,2,2,1, 52061
1,52066,1,1,0, 52067
25,52075,2,2,1, 52077
8,52076,1,1,1, 52077
8,52096,1,1,0, 52097
9,52097,2,2,1, 52099
16,52099,2,2,1, 52101
8,52116,1,1,0, 52117
16,52119,2,2,1, 52121
8,52136,1,1,1, 52137
8,52156,1,1,0, 52157
8,52176,1,1,1, 52177
1,52186,1,1,0, 52187
25,52195,2,2,1, 52197
8,52196,1,1,0, 52197
9,52197,2,2,1, 52199
1,52206,1,1,1, 52207
25,52215,2,2,1, 52217
1,52226,1,1,0, 52227
25,52235,2,2,1, 52237
1,52246,1,1,1, 52247
1,52266,1,1,1, 52267
25,52275,2,2,1, 52277
2,52283,2,2,1, 52285
1,52286,1,1,1, 52287
2,52303,2,2,1, 52305
1,52306,1,1,0, 52307
8,52316,1,1,0, 52317
8,52336,1,1,0, 52337
15,52341,2,2,1, 52343
8,52356,1,1,0, 52357
9,52357,2,2,1, 52359
8,52376,1,1,1, 52377
9,52377,2,2,1, 52379
1,52426,1,1,0, 52427
25,52435,2,2,1, 52437
1,52446,1,1,1, 52447
1,52466,1,1,0, 52467
25,52475,2,2,1, 52477
1,52486,1,1,1, 52487
8,52496,1,1,1, 52497
16,52499,2,2,1, 52501
15,52501,2,2,1, 52503
8,52516,1,1,1, 52517
8,52536,1,1,0, 52537
16,52539,2,2,1, 52541
15,52541,2,2,1, 52543
8,52556,1,1,0, 52557
8,52576,1,1,0, 52577
8,52596,1,1,0, 52597
1,52606,1,1,1, 52607
25,52615,2,2,1, 52617
8,52616,1,1,1, 52617
9,52617,2,2,1, 52619
1,52726,1,1,1, 52727
25,52735,2,2,1, 52737
8,52736,1,1,1, 52737
9,52737,2,2,1, 52739
16,52739,2,2,1, 52741
15,52741,2,2,1, 52743
1,52746,1,1,1, 52747
25,52755,2,2,1, 52757
1,52766,1,1,1, 52767
25,52775,2,2,1, 52777
1,52786,1,1,0, 52787
1,52806,1,1,0, 52807
25,52815,2,2,1, 52817
1,52826,1,1,0, 52827
1,52846,1,1,0, 52847
8,52856,1,1,0, 52857
9,52857,2,2,1, 52859
8,52876,1,1,0, 52877
9,52877,2,2,1, 52879
8,52896,1,1,0, 52897
8,52916,1,1,0, 52917
16,52919,2,2,1, 52921
2,52923,2,2,1, 52925
1,52926,1,1,0, 52927
25,52935,2,2,1, 52937
8,52936,1,1,1, 52937
2,52943,2,2,1, 52945
1,52946,1,1,1, 52947
8,52956,1,1,0, 52957
15,52961,2,2,1, 52963
1,52966,1,1,1, 52967
25,52975,2,2,1, 52977
8,52976,1,1,0, 52977
15,52981,2,2,1, 52983
8,52996,1,1,0, 52997
8,53016,1,1,1, 53017
9,53017,2,2,1, 53019
8,53036,1,1,0, 53037
8,53056,1,1,0, 53057
9,53057,2,2,1, 53059
8,53076,1,1,1, 53077
16,53079,2,2,1, 53081
1,53086,1,1,1, 53087
25,53095,2,2,1, 53097
8,53096,1,1,0, 53097
9,53097,2,2,1, 53099
16,53099,2,2,1, 53101
1,53106,1,1,1, 53107
1,53126,1,1,0, 53127
1,53146,1,1,0, 53147
2,53163,2,2,1, 53165
1,53166,1,1,1, 53167
8,53176,1,1,1, 53177
1,53186,1,1,0, 53187
8,53196,1,1,0, 53197
15,53201,2,2,1, 53203
2,53203,2,2,1, 53205
1,53206,1,1,1, 53207
8,53216,1,1,0, 53217
9,53217,2,2,1, 53219
8,53296,1,1,1, 53297
9,53297,2,2,1, 53299
8,53316,1,1,0, 53317
16,53319,2,2,1, 53321
1,53326,1,1,0, 53327
25,53335,2,2,1, 53337
8,53336,1,1,1, 53337
9,53337,2,2,1, 53339
2,53343,2,2,1, 53345
1,53346,1,1,1, 53347
8,53456,1,1,1, 53457
8,53476,1,1,0, 53477
15,53481,2,2,1, 53483
8,53496,1,1,1, 53497
1,53506,1,1,0, 53507
8,53516,1,1,0, 53517
2,53523,2,2,1, 53525
1,53526,1,1,0, 53527
25,53535,2,2,1, 53537
8,53536,1,1,0, 53537
16,53539,2,2,1, 53541
1,53546,1,1,0, 53547
8,53556,1,1,0, 53557
9,53557,2,2,1, 53559
15,53561,2,2,1, 53563
2,53563,2,2,1, 53565
1,53566,1,1,1, 53567
8,53576,1,1,0, 53577
15,53581,2,2,1, 53583
8,53596,1,1,0, 53597
9,53597,2,2,1, 53599
8,53616,1,1,0, 53617
9,53617,2,2,1, 53619
8,53636,1,1,0, 53637
9,53637,2,2,1, 53639
1,53686,1,1,0, 53687
9,53697,2,2,1, 53699
15,53701,2,2,1, 53703
2,53703,2,2,1, 53705
8,53716,1,1,1, 53717
16,53719,2,2,1, 53721
8,53736,1,1,1, 53737
8,53756,1,1,1, 53757
1,53766,1,1,0, 53767
8,53776,1,1,0, 53777
1,53786,1,1,1, 53787
8,53796,1,1,1, 53797
1,53806,1,1,0, 53807
8,53816,1,1,1, 53817
1,53826,1,1,1, 53827
8,53836,1,1,1, 53837
1,53846,1,1,0, 53847
8,53856,1,1,1, 53857
1,53866,1,1,0, 53867
8,53876,1,1,0, 53877
9,53877,2,2,1, 53879
16,53879,2,2,1, 53881
15,53881,2,2,1, 53883
1,53886,1,1,0, 53887
25,53895,2,2,1, 53897
8,53896,1,1,0, 53897
15,53901,2,2,1, 53903
1,53906,1,1,0, 53907
25,53915,2,2,1, 53917
8,53916,1,1,1, 53917
15,53921,2,2,1, 53923
1,53926,1,1,1, 53927
8,53936,1,1,1, 53937
15,53941,2,2,1, 53943
8,53956,1,1,1, 53957
8,53976,1,1,1, 53977
8,53996,1,1,0, 53997
16,53999,2,2,1, 54001
1,54006,1,1,0, 54007
9,54017,2,2,1, 54019
2,54023,2,2,1, 54025
1,54026,1,1,0, 54027
25,54035,2,2,1, 54037
2,54043,2,2,1, 54045
1,54046,1,1,0, 54047
8,54116,1,1,0, 54117
16,54119,2,2,1, 54121
8,54136,1,1,1, 54137
8,54156,1,1,0, 54157
1,54166,1,1,0, 54167
25,54175,2,2,1, 54177
8,54176,1,1,1, 54177
9,54177,2,2,1, 54179
15,54181,2,2,1, 54183
8,54196,1,1,1, 54197
9,54197,2,2,1, 54199
8,54216,1,1,1, 54217
8,54236,1,1,0, 54237
8,54256,1,1,1, 54257
8,54276,1,1,0, 54277
1,54286,1,1,1, 54287
25,54295,2,2,1, 54297
8,54296,1,1,0, 54297
1,54306,1,1,1, 54307
9,54317,2,2,1, 54319
1,54326,1,1,0, 54327
9,54337,2,2,1, 54339
1,54346,1,1,1, 54347
1,54366,1,1,1, 54367
1,54386,1,1,0, 54387
2,54403,2,2,1, 54405
1,54406,1,1,1, 54407
25,54415,2,2,1, 54417
8,54416,1,1,1, 54417
15,54421,2,2,1, 54423
8,54436,1,1,0, 54437
8,54456,1,1,0, 54457
8,54476,1,1,1, 54477
8,54496,1,1,0, 54497
15,54501,2,2,1, 54503
8,54516,1,1,0, 54517
15,54521,2,2,1, 54523
1,54526,1,1,0, 54527
8,54536,1,1,0, 54537
9,54537,2,2,1, 54539
1,54546,1,1,0, 54547
1,54566,1,1,0, 54567
2,54583,2,2,1, 54585
1,54586,1,1,1, 54587
1,54606,1,1,1, 54607
1,54626,1,1,0, 54627
1,54646,1,1,1, 54647
25,54655,2,2,1, 54657
8,54656,1,1,1, 54657
16,54659,2,2,1, 54661
1,54666,1,1,1, 54667
8,54676,1,1,0, 54677
16,54679,2,2,1, 54681
15,54681,2,2,1, 54683
1,54686,1,1,1, 54687
8,54696,1,1,0, 54697
9,54697,2,2,1, 54699
16,54699,2,2,1, 54701
2,54703,2,2,1, 54705
1,54706,1,1,1, 54707
25,54715,2,2,1, 54717
8,54716,1,1,0, 54717
9,54717,2,2,1, 54719
16,54719,2,2,1, 54721
2,54783,2,2,1, 54785
1,54786,1,1,0, 54787
25,54795,2,2,1, 54797
9,54797,2,2,1, 54799
2,54803,2,2,1, 54805
1,54806,1,1,0, 54807
25,54815,2,2,1, 54817
2,54823,2,2,1, 54825
1,54826,1,1,0, 54827
25,54835,2,2,1, 54837
8,54836,1,1,0, 54837
16,54839,2,2,1, 54841
1,54846,1,1,0, 54847
25,54855,2,2,1, 54857
8,54856,1,1,0, 54857
15,54861,2,2,1, 54863
2,54863,2,2,1, 54865
1,54866,1,1,0, 54867
8,54876,1,1,1, 54877
8,54896,1,1,1, 54897
8,54916,1,1,0, 54917
8,54936,1,1,1, 54937
8,54956,1,1,1, 54957
1,54966,1,1,1, 54967
25,54975,2,2,1, 54977
8,54976,1,1,0, 54977
9,54977,2,2,1, 54979
1,54986,1,1,1, 54987
25,54995,2,2,1, 54997
8,54996,1,1,0, 54997
9,54997,2,2,1, 54999
2,55003,2,2,1, 55005
1,55006,1,1,1, 55007
8,55016,1,1,1, 55017
16,55019,2,2,1, 55021
15,55021,2,2,1, 55023
8,55036,1,1,1, 55037
8,55056,1,1,1, 55057
16,55059,2,2,1, 55061
15,55061,2,2,1, 55063
8,55076,1,1,0, 55077
15,55081,2,2,1, 55083
8,55096,1,1,1, 55097
8,55116,1,1,0, 55117
1,55126,1,1,0, 55127
25,55135,2,2,1, 55137
8,55136,1,1,0, 55137
1,55246,1,1,0, 55247
25,55255,2,2,1, 55257
8,55256,1,1,0, 55257
9,55257,2,2,1, 55259
16,55259,2,2,1, 55261
1,55266,1,1,0, 55267
8,55376,1,1,1, 55377
9,55377,2,2,1, 55379
8,55396,1,1,1, 55397
16,55399,2,2,1, 55401
15,55401,2,2,1, 55403
8,55416,1,1,0, 55417
9,55417,2,2,1, 55419
15,55421,2,2,1, 55423
8,55436,1,1,0, 55437
9,55437,2,2,1, 55439
16,55439,2,2,1, 55441
1,55486,1,1,1, 55487
25,55495,2,2,1, 55497
1,55506,1,1,0, 55507
25,55515,2,2,1, 55517
1,55526,1,1,0, 55527
25,55535,2,2,1, 55537
1,55546,1,1,0, 55547
25,55555,2,2,1, 55557
8,55556,1,1,0, 55557
16,55559,2,2,1, 55561
15,55561,2,2,1, 55563
8,55576,1,1,0, 55577
8,55596,1,1,0, 55597
15,55601,2,2,1, 55603
8,55616,1,1,1, 55617
16,55619,2,2,1, 55621
1,55666,1,1,0, 55667
1,55786,1,1,1, 55787
8,55796,1,1,0, 55797
16,55799,2,2,1, 55801
1,55806,1,1,0, 55807
25,55815,2,2,1, 55817
8,55816,1,1,1, 55817
1,55826,1,1,1, 55827
8,55836,1,1,0, 55837
16,55839,2,2,1, 55841
1,55846,1,1,1, 55847
25,55855,2,2,1, 55857
8,55856,1,1,0, 55857
16,55859,2,2,1, 55861
15,55861,2,2,1, 55863
1,55866,1,1,0, 55867
8,55876,1,1,0, 55877
1,55886,1,1,1, 55887
25,55895,2,2,1, 55897
8,55896,1,1,1, 55897
15,55901,2,2,1, 55903
2,55903,2,2,1, 55905
1,55906,1,1,1, 55907
8,55916,1,1,0, 55917
8,55936,1,1,0, 55937
8,55956,1,1,1, 55957
9,55957,2,2,1, 55959
8,55976,1,1,1, 55977
16,55979,2,2,1, 55981
1,56026,1,1,0, 56027
25,56035,2,2,1, 56037
1,56046,1,1,0, 56047
25,56055,2,2,1, 56057
2,56063,2,2,1, 56065
1,56066,1,1,1, 56067
1,56086,1,1,0, 56087
8,56096,1,1,0, 56097
8,56116,1,1,0, 56117
9,56117,2,2,1, 56119
8,56136,1,1,0, 56137
16,56139,2,2,1, 56141
8,56156,1,1,0, 56157
9,56157,2,2,1, 56159
16,56159,2,2,1, 56161
2,56163,2,2,1, 56165
1,56166,1,1,1, 56167
8,56176,1,1,1, 56177
2,56183,2,2,1, 56185
1,56186,1,1,0, 56187
8,56196,1,1,0, 56197
15,56201,2,2,1, 56203
2,56203,2,2,1, 56205
1,56206,1,1,0, 56207
8,56216,1,1,0, 56217
15,56221,2,2,1, 56223
1,56226,1,1,1, 56227
8,56236,1,1,1, 56237
15,56241,2,2,1, 56243
1,56246,1,1,1, 56247
8,56256,1,1,1, 56257
15,56261,2,2,1, 56263
1,56266,1,1,0, 56267
8,56276,1,1,0, 56277
1,56286,1,1,0, 56287
8,56296,1,1,1, 56297
16,56299,2,2,1, 56301
1,56306,1,1,0, 56307
25,56315,2,2,1, 56317
8,56316,1,1,0, 56317
16,56319,2,2,1, 56321
1,56326,1,1,0, 56327
8,56336,1,1,0, 56337
1,56446,1,1,1, 56447
25,56455,2,2,1, 56457
8,56456,1,1,0, 56457
16,56459,2,2,1, 56461
15,56461,2,2,1, 56463
8,56476,1,1,0, 56477
9,56477,2,2,1, 56479
8,56496,1,1,1, 56497
8,56516,1,1,0, 56517
8,56536,1,1,0, 56537
8,56556,1,1,1, 56557
1,56566,1,1,1, 56567
8,56576,1,1,1, 56577
16,56579,2,2,1, 56581
2,56583,2,2,1, 56585
1,56586,1,1,1, 56587
8,56596,1,1,0, 56597
9,56597,2,2,1, 56599
16,56599,2,2,1, 56601
15,56601,2,2,1, 56603
2,56603,2,2,1, 56605
1,56606,1,1,0, 56607
25,56615,2,2,1, 56617
8,56616,1,1,1, 56617
15,56621,2,2,1, 56623
2,56623,2,2,1, 56625
1,56626,1,1,1, 56627
8,56636,1,1,1, 56637
16,56639,2,2,1, 56641
1,56746,1,1,0, 56747
8,56756,1,1,0, 56757
9,56757,2,2,1, 56759
15,56761,2,2,1, 56763
2,56763,2,2,1, 56765
8,56776,1,1,0, 56777
16,56779,2,2,1, 56781
15,56781,2,2,1, 56783
8,56796,1,1,0, 56797
16,56799,2,2,1, 56801
15,56801,2,2,1, 56803
8,56816,1,1,0, 56817
16,56819,2,2,1, 56821
1,56886,1,1,0, 56887
25,56895,2,2,1, 56897
9,56897,2,2,1, 56899
1,56906,1,1,0, 56907
25,56915,2,2,1, 56917
9,56917,2,2,1, 56919
1,56926,1,1,0, 56927
25,56935,2,2,1, 56937
8,56996,1,1,1, 56997
1,57006,1,1,0, 57007
8,57016,1,1,1, 57017
9,57017,2,2,1, 57019
1,57026,1,1,1, 57027
25,57035,2,2,1, 57037
8,57036,1,1,0, 57037
9,57037,2,2,1, 57039
1,57046,1,1,1, 57047
8,57056,1,1,1, 57057
8,57076,1,1,1, 57077
8,57096,1,1,1, 57097
16,57099,2,2,1, 57101
8,57116,1,1,1, 57117
8,57136,1,1,1, 57137
15,57141,2,2,1, 57143
8,57156,1,1,1, 57157
1,57166,1,1,0, 57167
25,57175,2,2,1, 57177
8,57176,1,1,1, 57177
15,57181,2,2,1, 57183
1,57186,1,1,0, 57187
8,57196,1,1,0, 57197
8,57216,1,1,0, 57217
8,57236,1,1,0, 57237
9,57237,2,2,1, 57239
8,57256,1,1,0, 57257
9,57257,2,2,1, 57259
8,57276,1,1,1, 57277
9,57277,2,2,1, 57279
8,57296,1,1,0, 57297
9,57297,2,2,1, 57299
16,57299,2,2,1, 57301
1,57306,1,1,0, 57307
8,57316,1,1,1, 57317
1,57326,1,1,0, 57327
8,57336,1,1,0, 57337
15,57341,2,2,1, 57343
1,57346,1,1,0, 57347
8,57356,1,1,1, 57357
16,57359,2,2,1, 57361
1,57366,1,1,1, 57367
1,57386,1,1,0, 57387
1,57406,1,1,1, 57407
1,57426,1,1,0, 57427
1,57446,1,1,0, 57447
9,57457,2,2,1, 57459
1,57466,1,1,1, 57467
25,57475,2,2,1, 57477
1,57486,1,1,1, 57487
25,57495,2,2,1, 57497
9,57497,2,2,1, 57499
1,57506,1,1,1, 57507
2,57523,2,2,1, 57525
1,57526,1,1,1, 57527
25,57535,2,2,1, 57537
8,57536,1,1,0, 57537
15,57541,2,2,1, 57543
8,57556,1,1,1, 57557
8,57576,1,1,1, 57577
8,57596,1,1,1, 57597
8,57616,1,1,1, 57617
8,57636,1,1,0, 57637
1,57646,1,1,0, 57647
25,57655,2,2,1, 57657
8,57656,1,1,0, 57657
16,57659,2,2,1, 57661
15,57661,2,2,1, 57663
1,57666,1,1,0, 57667
25,57675,2,2,1, 57677
8,57676,1,1,0, 57677
9,57677,2,2,1, 57679
16,57679,2,2,1, 57681
1,57686,1,1,1, 57687
25,57695,2,2,1, 57697
8,57696,1,1,0, 57697
16,57699,2,2,1, 57701
1,57706,1,1,0, 57707
8,57716,1,1,1, 57717
15,57721,2,2,1, 57723
8,57736,1,1,1, 57737
15,57741,2,2,1, 57743
8,57756,1,1,0, 57757
8,57776,1,1,1, 57777
15,57781,2,2,1, 57783
2,57783,2,2,1, 57785
1,57786,1,1,1, 57787
25,57795,2,2,1, 57797
8,57796,1,1,0, 57797
9,57797,2,2,1, 57799
16,57799,2,2,1, 57801
15,57801,2,2,1, 57803
1,57806,1,1,0, 57807
8,57816,1,1,1, 57817
9,57817,2,2,1, 57819
15,57821,2,2,1, 57823
1,57826,1,1,0, 57827
8,57836,1,1,1, 57837
9,57837,2,2,1, 57839
1,57946,1,1,1, 57947
25,57955,2,2,1, 57957
8,57956,1,1,1, 57957
8,57976,1,1,0, 57977
8,57996,1,1,0, 57997
8,58016,1,1,0, 58017
15,58021,2,2,1, 58023
8,58036,1,1,1, 58037
8,58056,1,1,0, 58057
1,58066,1,1,1, 58067
8,58076,1,1,1, 58077
9,58077,2,2,1, 58079
16,58079,2,2,1, 58081
1,58086,1,1,0, 58087
25,58095,2,2,1, 58097
2,58103,2,2,1, 58105
1,58106,1,1,1, 58107
25,58115,2,2,1, 58117
1,58126,1,1,1, 58127
25,58135,2,2,1, 58137
8,58196,1,1,1, 58197
8,58216,1,1,1, 58217
8,58236,1,1,0, 58237
1,58246,1,1,0, 58247
8,58256,1,1,0, 58257
8,58276,1,1,0, 58277
15,58281,2,2,1, 58283
8,58296,1,1,1, 58297
8,58316,1,1,0, 58317
8,58336,1,1,0, 58337
8,58356,1,1,1, 58357
15,58361,2,2,1, 58363
1,58366,1,1,1, 58367
8,58376,1,1,1, 58377
16,58379,2,2,1, 58381
1,58386,1,1,1, 58387
25,58395,2,2,1, 58397
8,58396,1,1,1, 58397
1,58406,1,1,0, 58407
25,58415,2,2,1, 58417
8,58416,1,1,1, 58417
16,58419,2,2,1, 58421
15,58421,2,2,1, 58423
1,58426,1,1,1, 58427
25,58435,2,2,1, 58437
8,58436,1,1,0, 58437
1,58446,1,1,1, 58447
8,58456,1,1,1, 58457
1,58466,1,1,0, 58467
8,58476,1,1,0, 58477
2,58483,2,2,1, 58485
1,58486,1,1,0, 58487
8,58496,1,1,1, 58497
1,58606,1,1,0, 58607
25,58615,2,2,1, 58617
8,58616,1,1,1, 58617
9,58617,2,2,1, 58619
16,58619,2,2,1, 58621
1,58626,1,1,0, 58627
8,58636,1,1,0, 58637
1,58646,1,1,1, 58647
8,58656,1,1,1, 58657
16,58659,2,2,1, 58661
1,58666,1,1,0, 58667
8,58676,1,1,1, 58677
16,58679,2,2,1, 58681
2,58683,2,2,1, 58685
1,58686,1,1,0, 58687
8,58696,1,1,1, 58697
1,58706,1,1,1, 58707
8,58716,1,1,1, 58717
1,58726,1,1,0, 58727
8,58736,1,1,0, 58737
2,58743,2,2,1, 58745
1,58746,1,1,1, 58747
8,58756,1,1,0, 58757
9,58757,2,2,1, 58759
1,58766,1,1,1, 58767
8,58776,1,1,0, 58777
15,58781,2,2,1, 58783
1,58786,1,1,0, 58787
8,58796,1,1,0, 58797
15,58801,2,2,1, 58803
1,58806,1,1,1, 58807
8,58816,1,1,1, 58817
15,58821,2,2,1, 58823
1,58826,1,1,0, 58827
8,58836,1,1,1, 58837
15,58841,2,2,1, 58843
1,58846,1,1,1, 58847
8,58856,1,1,0, 58857
16,58859,2,2,1, 58861
1,58866,1,1,1, 58867
9,58877,2,2,1, 58879
2,58883,2,2,1, 58885
1,58886,1,1,1, 58887
9,58897,2,2,1, 58899
1,58906,1,1,1, 58907
2,58923,2,2,1, 58925
1,58926,1,1,1, 58927
9,58937,2,2,1, 58939
1,58946,1,1,0, 58947
1,58966,1,1,1, 58967
8,58976,1,1,1, 58977
1,58986,1,1,1, 58987
8,58996,1,1,0, 58997
15,59001,2,2,1, 59003
1,59006,1,1,0, 59007
8,59016,1,1,1, 59017
15,59021,2,2,1, 59023
1,59026,1,1,1, 59027
8,59036,1,1,1, 59037
1,59046,1,1,1, 59047
8,59056,1,1,1, 59057
15,59061,2,2,1, 59063
1,59066,1,1,1, 59067
8,59076,1,1,1, 59077
9,59077,2,2,1, 59079
1,59086,1,1,1, 59087
8,59096,1,1,0, 59097
15,59101,2,2,1, 59103
1,59106,1,1,1, 59107
8,59116,1,1,0, 59117
9,59117,2,2,1, 59119
15,59121,2,2,1, 59123
1,59126,1,1,0, 59127
8,59136,1,1,1, 59137
15,59141,2,2,1, 59143
2,59143,2,2,1, 59145
1,59146,1,1,1, 59147
8,59156,1,1,0, 59157
9,59157,2,2,1, 59159
15,59161,2,2,1, 59163
1,59166,1,1,1, 59167
8,59176,1,1,0, 59177
15,59181,2,2,1, 59183
1,59186,1,1,0, 59187
8,59196,1,1,1, 59197
15,59201,2,2,1, 59203
1,59206,1,1,0, 59207
8,59216,1,1,1, 59217
16,59219,2,2,1, 59221
1,59226,1,1,1, 59227
9,59237,2,2,1, 59239
1,59246,1,1,0, 59247
1,59266,1,1,1, 59267
1,59286,1,1,0, 59287
2,59303,2,2,1, 59305
1,59306,1,1,1, 59307
2,59323,2,2,1, 59325
1,59326,1,1,0, 59327
1,59346,1,1,1, 59347
1,59366,1,1,1, 59367
1,59386,1,1,0, 59387
8,59396,1,1,1, 59397
1,59406,1,1,0, 59407
8,59416,1,1,1, 59417
15,59421,2,2,1, 59423
1,59426,1,1,1, 59427
8,59436,1,1,1, 59437
9,59437,2,2,1, 59439
15,59441,2,2,1, 59443
1,59446,1,1,0, 59447
8,59456,1,1,1, 59457
1,59466,1,1,0, 59467
8,59476,1,1,1, 59477
15,59481,2,2,1, 59483
2,59483,2,2,1, 59485
1,59486,1,1,0, 59487
8,59496,1,1,1, 59497
1,59506,1,1,0, 59507
8,59516,1,1,0, 59517
1,59526,1,1,1, 59527
8,59536,1,1,1, 59537
16,59539,2,2,1, 59541
1,59546,1,1,0, 59547
8,59556,1,1,0, 59557
16,59559,2,2,1, 59561
15,59561,2,2,1, 59563
1,59566,1,1,0, 59567
8,59576,1,1,0, 59577
9,59577,2,2,1, 59579
1,59586,1,1,0, 59587
9,59597,2,2,1, 59599
1,59606,1,1,0, 59607
9,59617,2,2,1, 59619
1,59626,1,1,1, 59627
1,59646,1,1,0, 59647
1,59666,1,1,1, 59667
2,59683,2,2,1, 59685
1,59686,1,1,0, 59687
8,59696,1,1,0, 59697
15,59701,2,2,1, 59703
2,59703,2,2,1, 59705
1,59706,1,1,1, 59707
8,59716,1,1,0, 59717
16,59719,2,2,1, 59721
15,59721,2,2,1, 59723
1,59726,1,1,0, 59727
8,59736,1,1,0, 59737
9,59737,2,2,1, 59739
16,59739,2,2,1, 59741
1,59746,1,1,1, 59747
8,59756,1,1,1, 59757
9,59757,2,2,1, 59759
16,59759,2,2,1, 59761
1,59766,1,1,0, 59767
1,59786,1,1,0, 59787
1,59806,1,1,1, 59807
1,59826,1,1,1, 59827
1,59846,1,1,0, 59847
1,59866,1,1,1, 59867
8,59876,1,1,0, 59877
16,59879,2,2,1, 59881
2,59883,2,2,1, 59885
1,59886,1,1,0, 59887
8,59896,1,1,1, 59897
9,59897,2,2,1, 59899
1,59906,1,1,1, 59907
8,59916,1,1,0, 59917
1,59926,1,1,1, 59927
8,59936,1,1,1, 59937
9,59937,2,2,1, 59939
2,59943,2,2,1, 59945
1,59946,1,1,1, 59947
8,59956,1,1,0, 59957
2,59963,2,2,1, 59965
1,59966,1,1,1, 59967
8,59976,1,1,1, 59977
2,59983,2,2,1, 59985
1,59986,1,1,1, 59987
8,59996,1,1,0, 59997
1,60006,1,1,0, 60007
8,60016,1,1,0, 60017
16,60019,2,2,1, 60021
1,60026,1,1,0, 60027
8,60036,1,1,0, 60037
16,60039,2,2,1, 60041
1,60046,1,1,0, 60047
8,60056,1,1,1, 60057
9,60057,2,2,1, 60059
16,60059,2,2,1, 60061
1,60066,1,1,1, 60067
8,60076,1,1,1, 60077
16,60079,2,2,1, 60081
1,60086,1,1,1, 60087
8,60096,1,1,0, 60097
1,60106,1,1,1, 60107
8,60116,1,1,0, 60117
16,60119,2,2,1, 60121
1,60126,1,1,0, 60127
8,60136,1,1,0, 60137
2,60143,2,2,1, 60145
1,60146,1,1,0, 60147
8,60156,1,1,0, 60157
1,60166,1,1,1, 60167
8,60176,1,1,1, 60177
9,60177,2,2,1, 60179
16,60179,2,2,1, 60181
1,60186,1,1,1, 60187
8,60196,1,1,1, 60197
16,60199,2,2,1, 60201
1,60206,1,1,0, 60207
8,60216,1,1,0, 60217
16,60219,2,2,1, 60221
1,60226,1,1,1, 60227
8,60236,1,1,1, 60237
9,60237,2,2,1, 60239
16,60239,2,2,1, 60241
1,60246,1,1,0, 60247
8,60256,1,1,1, 60257
16,60259,2,2,1, 60261
1,60266,1,1,1, 60267
8,60276,1,1,0, 60277
9,60277,2,2,1, 60279
16,60279,2,2,1, 60281
1,60286,1,1,0, 60287
8,60296,1,1,0, 60297
2,60303,2,2,1, 60305
1,60306,1,1,1, 60307
8,60316,1,1,1, 60317
16,60319,2,2,1, 60321
2,60323,2,2,1, 60325
1,60326,1,1,1, 60327
8,60336,1,1,1, 60337
16,60339,2,2,1, 60341
2,60343,2,2,1, 60345
1,60346,1,1,1, 60347
8,60356,1,1,1, 60357
16,60359,2,2,1, 60361
2,60363,2,2,1, 60365
1,60366,1,1,1, 60367
8,60376,1,1,0, 60377
16,60379,2,2,1, 60381
2,60383,2,2,1, 60385
1,60386,1,1,0, 60387
8,60396,1,1,1, 60397
16,60399,2,2,1, 60401
2,60403,2,2,1, 60405
1,60406,1,1,0, 60407
8,60416,1,1,0, 60417
9,60417,2,2,1, 60419
1,60426,1,1,0, 60427
8,60436,1,1,1, 60437
9,60437,2,2,1, 60439
16,60439,2,2,1, 60441
1,60446,1,1,0, 60447
8,60456,1,1,1, 60457
16,60459,2,2,1, 60461
1,60466,1,1,0, 60467
8,60476,1,1,1, 60477
16,60479,2,2,1, 60481
1,60486,1,1,1, 60487
8,60496,1,1,1, 60497
16,60499,2,2,1, 60501
1,60506,1,1,0, 60507
8,60516,1,1,0, 60517
16,60519,2,2,1, 60521
2,60523,2,2,1, 60525
1,60526,1,1,0, 60527
8,60536,1,1,1, 60537
16,60539,2,2,1, 60541
2,60543,2,2,0, 60545
1,60546,1,1,1, 60547
8,60556,1,1,0, 60557
9,60557,2,2,0, 60559
16,60559,2,2,1, 60561
2,60563,2,2,0, 60565
1,60566,1,1,0, 60567
8,60576,1,1,1, 60577
9,60577,2,2,1, 60579
16,60579,2,2,1, 60581
2,60583,2,2,0, 60585
1,60586,1,1,1, 60587
8,60596,1,1,0, 60597
9,60597,2,2,1, 60599
2,60603,2,2,0, 60605
1,60606,1,1,1, 60607
8,60616,1,1,0, 60617
9,60617,2,2,0, 60619
16,60619,2,2,1, 60621
2,60623,2,2,1, 60625
1,60626,1,1,1, 60627
8,60636,1,1,1, 60637
16,60639,2,2,1, 60641
2,60643,2,2,1, 60645
1,60646,1,1,0, 60647
8,60656,1,1,1, 60657
16,60659,2,2,1, 60661
1,60666,1,1,1, 60667
8,60676,1,1,0, 60677
1,60686,1,1,0, 60687
8,60696,1,1,0, 60697
1,60706,1,1,1, 60707
8,60716,1,1,1, 60717
1,60726,1,1,1, 60727
8,60736,1,1,1, 60737
9,60737,2,2,0, 60739
1,60746,1,1,1, 60747
8,60756,1,1,1, 60757
9,60757,2,2,1, 60759
1,60766,1,1,1, 60767
8,60776,1,1,0, 60777
9,60777,2,2,1, 60779
2,60783,2,2,1, 60785
1,60786,1,1,1, 60787
8,60796,1,1,0, 60797
16,60799,2,2,1, 60801
2,60803,2,2,0, 60805
1,60806,1,1,1, 60807
8,60816,1,1,1, 60817
16,60819,2,2,1, 60821
2,60823,2,2,1, 60825
1,60826,1,1,1, 60827
8,60836,1,1,0, 60837
1,60846,1,1,1, 60847
8,60856,1,1,1, 60857
1,60866,1,1,1, 60867
8,60876,1,1,1, 60877
1,60886,1,1,0, 60887
8,60896,1,1,0, 60897
9,60897,2,2,1, 60899
1,60906,1,1,0, 60907
8,60916,1,1,0, 60917
9,60917,2,2,0, 60919
16,60919,2,2,1, 60921
1,60926,1,1,0, 60927
8,60936,1,1,0, 60937
9,60937,2,2,1, 60939
16,60939,2,2,1, 60941
2,60943,2,2,1, 60945
1,60946,1,1,1, 60947
8,60956,1,1,0, 60957
9,60957,2,2,1, 60959
16,60959,2,2,1, 60961
2,60963,2,2,0, 60965
1,60966,1,1,0, 60967
8,60976,1,1,0, 60977
2,60983,2,2,1, 60985
1,60986,1,1,0, 60987
8,60996,1,1,1, 60997
2,61003,2,2,1, 61005
1,61006,1,1,1, 61007
8,61016,1,1,0, 61017
16,61019,2,2,1, 61021
2,61023,2,2,0, 61025
1,61026,1,1,0, 61027
8,61036,1,1,0, 61037
16,61039,2,2,1, 61041
2,61043,2,2,1, 61045
1,61046,1,1,0, 61047
8,61056,1,1,0, 61057
2,61063,2,2,1, 61065
1,61066,1,1,0, 61067
8,61076,1,1,0, 61077
9,61077,2,2,0, 61079
1,61086,1,1,1, 61087
8,61096,1,1,1, 61097
9,61097,2,2,0, 61099
16,61099,2,2,1, 61101
1,61106,1,1,0, 61107
8,61116,1,1,0, 61117
9,61117,2,2,0, 61119
1,61126,1,1,1, 61127
8,61136,1,1,0, 61137
9,61137,2,2,1, 61139
2,61143,2,2,1, 61145
1,61146,1,1,0, 61147
8,61156,1,1,1, 61157
9,61157,2,2,1, 61159
2,61163,2,2,0, 61165
1,61166,1,1,1, 61167
8,61176,1,1,0, 61177
9,61177,2,2,0, 61179
2,61183,2,2,0, 61185
1,61186,1,1,1, 61187
8,61196,1,1,1, 61197
16,61199,2,2,1, 61201
1,61206,1,1,0, 61207
8,61216,1,1,0, 61217
1,61226,1,1,1, 61227
8,61236,1,1,0, 61237
1,61246,1,1,0, 61247
8,61256,1,1,0, 61257
1,61266,1,1,1, 61267
8,61276,1,1,1, 61277
1,61286,1,1,1, 61287
8,61296,1,1,1, 61297
9,61297,2,2,0, 61299
1,61306,1,1,1, 61307
8,61316,1,1,1, 61317
9,61317,2,2,0, 61319
2,61323,2,2,0, 61325
1,61326,1,1,1, 61327
8,61336,1,1,1, 61337
9,61337,2,2,1, 61339
16,61339,2,2,1, 61341
2,61343,2,2,0, 61345
1,61346,1,1,0, 61347
8,61356,1,1,1, 61357
9,61357,2,2,0, 61359
2,61363,2,2,0, 61365
1,61366,1,1,1, 61367
8,61376,1,1,0, 61377
9,61377,2,2,0, 61379
16,61379,2,2,1, 61381
1,61386,1,1,0, 61387
8,61396,1,1,1, 61397
9,61397,2,2,1, 61399
1,61406,1,1,0, 61407
8,61416,1,1,1, 61417
9,61417,2,2,1, 61419
1,61426,1,1,0, 61427
8,61436,1,1,0, 61437
9,61437,2,2,0, 61439
2,61443,2,2,0, 61445
1,61446,1,1,0, 61447
8,61456,1,1,1, 61457
16,61459,2,2,1, 61461
2,61463,2,2,0, 61465
1,61466,1,1,1, 61467
8,61476,1,1,1, 61477
2,61483,2,2,0, 61485
1,61486,1,1,1, 61487
8,61496,1,1,1, 61497
16,61499,2,2,1, 61501
1,61506,1,1,0, 61507
8,61516,1,1,0, 61517
1,61526,1,1,0, 61527
8,61536,1,1,0, 61537
1,61546,1,1,1, 61547
8,61556,1,1,1, 61557
9,61557,2,2,1, 61559
16,61559,2,2,1, 61561
1,61566,1,1,0, 61567
8,61576,1,1,1, 61577
9,61577,2,2,1, 61579
16,61579,2,2,1, 61581
1,61586,1,1,0, 61587
8,61596,1,1,0, 61597
9,61597,2,2,1, 61599
16,61599,2,2,1, 61601
2,61603,2,2,1, 61605
1,61606,1,1,1, 61607
8,61616,1,1,1, 61617
9,61617,2,2,0, 61619
16,61619,2,2,0, 61621
2,61623,2,2,1, 61625
1,61626,1,1,0, 61627
8,61636,1,1,0, 61637
16,61639,2,2,0, 61641
2,61643,2,2,0, 61645
1,61646,1,1,1, 61647
8,61656,1,1,0, 61657
16,61659,2,2,0, 61661
2,61663,2,2,1, 61665
1,61666,1,1,0, 61667
8,61676,1,1,0, 61677
16,61679,2,2,1, 61681
1,61686,1,1,0, 61687
8,61696,1,1,0, 61697
9,61697,2,2,0, 61699
16,61699,2,2,1, 61701
1,61706,1,1,1, 61707
8,61716,1,1,1, 61717
9,61717,2,2,1, 61719
16,61719,2,2,0, 61721
1,61726,1,1,0, 61727
8,61736,1,1,0, 61737
9,61737,2,2,1, 61739
16,61739,2,2,1, 61741
2,61743,2,2,0, 61745
1,61746,1,1,0, 61747
8,61756,1,1,1, 61757
16,61759,2,2,0, 61761
2,61763,2,2,1, 61765
1,61766,1,1,0, 61767
8,61776,1,1,0, 61777
16,61779,2,2,0, 61781
2,61783,2,2,0, 61785
1,61786,1,1,1, 61787
8,61796,1,1,1, 61797
16,61799,2,2,1, 61801
1,61806,1,1,1, 61807
8,61816,1,1,0, 61817
16,61819,2,2,0, 61821
1,61826,1,1,0, 61827
8,61836,1,1,1, 61837
16,61839,2,2,1, 61841
1,61846,1,1,1, 61847
8,61856,1,1,0, 61857
9,61857,2,2,0, 61859
16,61859,2,2,1, 61861
1,61866,1,1,0, 61867
8,61876,1,1,1, 61877
9,61877,2,2,1, 61879
16,61879,2,2,0, 61881
1,61886,1,1,1, 61887
8,61896,1,1,0, 61897
9,61897,2,2,1, 61899
16,61899,2,2,0, 61901
2,61903,2,2,1, 61905
1,61906,1,1,1, 61907
8,61916,1,1,1, 61917
16,61919,2,2,0, 61921
2,61923,2,2,1, 61925
1,61926,1,1,1, 61927
8,61936,1,1,0, 61937
2,61943,2,2,0, 61945
1,61946,1,1,0, 61947
8,61956,1,1,0, 61957
2,61963,2,2,1, 61965
1,61966,1,1,1, 61967
8,61976,1,1,1, 61977
2,61983,2,2,0, 61985
1,61986,1,1,1, 61987
8,61996,1,1,0, 61997
2,62003,2,2,0, 62005
1,62006,1,1,1, 62007
8,62016,1,1,1, 62017
9,62017,2,2,0, 62019
2,62023,2,2,0, 62025
1,62026,1,1,0, 62027
8,62036,1,1,0, 62037
9,62037,2,2,0, 62039
16,62039,2,2,0, 62041
1,62046,1,1,0, 62047
8,62056,1,1,0, 62057
9,62057,2,2,0, 62059
16,62059,2,2,1, 62061
1,62066,1,1,1, 62067
8,62076,1,1,0, 62077
9,62077,2,2,0, 62079
16,62079,2,2,1, 62081
1,62086,1,1,0, 62087
8,62096,1,1,0, 62097
9,62097,2,2,0, 62099
16,62099,2,2,0, 62101
1,62106,1,1,1, 62107
8,62116,1,1,1, 62117
9,62117,2,2,0, 62119
16,62119,2,2,0, 62121
1,62126,1,1,0, 62127
8,62136,1,1,0, 62137
9,62137,2,2,0, 62139
16,62139,2,2,0, 62141
1,62146,1,1,0, 62147
8,62156,1,1,1, 62157
9,62157,2,2,1, 62159
16,62159,2,2,0, 62161
2,62163,2,2,1, 62165
1,62166,1,1,0, 62167
8,62176,1,1,0, 62177
16,62179,2,2,1, 62181
2,62183,2,2,1, 62185
1,62186,1,1,0, 62187
8,62196,1,1,1, 62197
16,62199,2,2,1, 62201
2,62203,2,2,0, 62205
1,62206,1,1,1, 62207
8,62216,1,1,1, 62217
16,62219,2,2,0, 62221
1,62226,1,1,0, 62227
8,62236,1,1,1, 62237
9,62237,2,2,1, 62239
16,62239,2,2,0, 62241
1,62246,1,1,1, 62247
8,62256,1,1,0, 62257
9,62257,2,2,0, 62259
16,62259,2,2,0, 62261
1,62266,1,1,0, 62267
8,62276,1,1,0, 62277
9,62277,2,2,0, 62279
16,62279,2,2,1, 62281
2,62283,2,2,1, 62285
1,62286,1,1,0, 62287
8,62296,1,1,0, 62297
16,62299,2,2,1, 62301
2,62303,2,2,1, 62305
1,62306,1,1,1, 62307
8,62316,1,1,1, 62317
16,62319,2,2,0, 62321
2,62323,2,2,1, 62325
1,62326,1,1,1, 62327
8,62336,1,1,1, 62337
16,62339,2,2,1, 62341
2,62343,2,2,0, 62345
1,62346,1,1,0, 62347
8,62356,1,1,1, 62357
16,62359,2,2,0, 62361
2,62363,2,2,1, 62365
1,62366,1,1,0, 62367
8,62376,1,1,0, 62377
16,62379,2,2,0, 62381
1,62386,1,1,1, 62387
8,62396,1,1,1, 62397
9,62397,2,2,1, 62399
16,62399,2,2,1, 62401
1,62406,1,1,0, 62407
8,62416,1,1,0, 62417
9,62417,2,2,0, 62419
16,62419,2,2,1, 62421
1,62426,1,1,0, 62427
8,62436,1,1,0, 62437
9,62437,2,2,0, 62439
16,62439,2,2,1, 62441
1,62446,1,1,1, 62447
8,62456,1,1,1, 62457
9,62457,2,2,0, 62459
16,62459,2,2,0, 62461
1,62466,1,1,1, 62467
8,62476,1,1,0, 62477
16,62479,2,2,0, 62481
2,62483,2,2,1, 62485
1,62486,1,1,1, 62487
8,62496,1,1,0, 62497
16,62499,2,2,0, 62501
2,62503,2,2,1, 62505
1,62506,1,1,1, 62507
8,62516,1,1,0, 62517
16,62519,2,2,1, 62521
2,62523,2,2,0, 62525
1,62526,1,1,0, 62527
8,62536,1,1,0, 62537
16,62539,2,2,1, 62541
2,62543,2,2,1, 62545
1,62546,1,1,1, 62547
8,62556,1,1,1, 62557
16,62559,2,2,0, 62561
2,62563,2,2,1, 62565
1,62566,1,1,1, 62567
8,62576,1,1,1, 62577
9,62577,2,2,1, 62579
16,62579,2,2,0, 62581
1,62586,1,1,0, 62587
8,62596,1,1,0, 62597
9,62597,2,2,0, 62599
16,62599,2,2,1, 62601
1,62606,1,1,0, 62607
8,62616,1,1,1, 62617
9,62617,2,2,0, 62619
16,62619,2,2,0, 62621
1,62626,1,1,1, 62627
8,62636,1,1,1, 62637
9,62637,2,2,1, 62639
16,62639,2,2,1, 62641
2,62643,2,2,1, 62645
1,62646,1,1,0, 62647
8,62656,1,1,0, 62657
16,62659,2,2,0, 62661
2,62663,2,2,0, 62665
1,62666,1,1,0, 62667
8,62676,1,1,1, 62677
16,62679,2,2,0, 62681
2,62683,2,2,0, 62685
1,62686,1,1,0, 62687
8,62696,1,1,1, 62697
16,62699,2,2,0, 62701
1,62706,1,1,0, 62707
8,62716,1,1,1, 62717
1,62726,1,1,0, 62727
8,62736,1,1,1, 62737
1,62746,1,1,0, 62747
8,62756,1,1,1, 62757
9,62757,2,2,1, 62759
1,62766,1,1,0, 62767
8,62776,1,1,0, 62777
9,62777,2,2,0, 62779
1,62786,1,1,1, 62787
8,62796,1,1,0, 62797
9,62797,2,2,0, 62799
1,62806,1,1,0, 62807
8,62816,1,1,0, 62817
9,62817,2,2,0, 62819
16,62819,2,2,1, 62821
2,62823,2,2,1, 62825
1,62826,1,1,1, 62827
8,62836,1,1,0, 62837
16,62839,2,2,1, 62841
1,62846,1,1,0, 62847
8,62856,1,1,0, 62857
16,62859,2,2,0, 62861
1,62866,1,1,1, 62867
8,62876,1,1,0, 62877
16,62879,2,2,0, 62881
1,62886,1,1,1, 62887
8,62896,1,1,1, 62897
16,62899,2,2,1, 62901
1,62906,1,1,1, 62907
8,62916,1,1,0, 62917
16,62919,2,2,0, 62921
1,62926,1,1,0, 62927
8,62936,1,1,0, 62937
9,62937,2,2,1, 62939
16,62939,2,2,0, 62941
2,62943,2,2,1, 62945
1,62946,1,1,0, 62947
8,62956,1,1,0, 62957
9,62957,2,2,1, 62959
16,62959,2,2,0, 62961
2,62963,2,2,1, 62965
1,62966,1,1,1, 62967
8,62976,1,1,0, 62977
9,62977,2,2,1, 62979
16,62979,2,2,1, 62981
2,62983,2,2,1, 62985
1,62986,1,1,0, 62987
8,62996,1,1,0, 62997
9,62997,2,2,0, 62999
16,62999,2,2,0, 63001
1,63006,1,1,1, 63007
8,63016,1,1,1, 63017
16,63019,2,2,0, 63021
1,63026,1,1,1, 63027
8,63036,1,1,0, 63037
16,63039,2,2,1, 63041
1,63046,1,1,1, 63047
8,63056,1,1,0, 63057
16,63059,2,2,0, 63061
1,63066,1,1,0, 63067
8,63076,1,1,0, 63077
1,63086,1,1,1, 63087
8,63096,1,1,0, 63097
2,63103,2,2,1, 63105
1,63106,1,1,0, 63107
8,63116,1,1,0, 63117
9,63117,2,2,1, 63119
2,63123,2,2,1, 63125
1,63126,1,1,1, 63127
8,63136,1,1,0, 63137
9,63137,2,2,0, 63139
2,63143,2,2,1, 63145
1,63146,1,1,0, 63147
8,63156,1,1,0, 63157
9,63157,2,2,0, 63159
2,63163,2,2,1, 63165
1,63166,1,1,1, 63167
8,63176,1,1,1, 63177
9,63177,2,2,0, 63179
16,63179,2,2,1, 63181
2,63183,2,2,1, 63185
1,63186,1,1,1, 63187
8,63196,1,1,0, 63197
16,63199,2,2,1, 63201
1,63206,1,1,1, 63207
8,63216,1,1,1, 63217
16,63219,2,2,0, 63221
1,63226,1,1,0, 63227
8,63236,1,1,0, 63237
16,63239,2,2,0, 63241
1,63246,1,1,0, 63247
8,63256,1,1,0, 63257
16,63259,2,2,1, 63261
1,63266,1,1,1, 63267
8,63276,1,1,0, 63277
16,63279,2,2,0, 63281
1,63286,1,1,1, 63287
8,63296,1,1,0, 63297
9,63297,2,2,1, 63299
16,63299,2,2,1, 63301
2,63303,2,2,1, 63305
1,63306,1,1,0, 63307
8,63316,1,1,0, 63317
2,63323,2,2,1, 63325
1,63326,1,1,0, 63327
8,63336,1,1,1, 63337
2,63343,2,2,1, 63345
1,63346,1,1,1, 63347
8,63356,1,1,1, 63357
9,63357,2,2,1, 63359
1,63366,1,1,0, 63367
8,63376,1,1,0, 63377
1,63386,1,1,0, 63387
8,63396,1,1,0, 63397
1,63406,1,1,0, 63407
8,63416,1,1,1, 63417
16,63419,2,2,0, 63421
1,63426,1,1,1, 63427
8,63436,1,1,1, 63437
16,63439,2,2,1, 63441
1,63446,1,1,0, 63447
8,63456,1,1,0, 63457
16,63459,2,2,1, 63461
2,63463,2,2,1, 63465
1,63466,1,1,1, 63467
8,63476,1,1,1, 63477
16,63479,2,2,0, 63481
2,63483,2,2,1, 63485
1,63486,1,1,1, 63487
8,63496,1,1,1, 63497
16,63499,2,2,1, 63501
2,63503,2,2,1, 63505
1,63506,1,1,0, 63507
8,63516,1,1,1, 63517
16,63519,2,2,1, 63521
1,63526,1,1,0, 63527
8,63536,1,1,0, 63537
9,63537,2,2,1, 63539
16,63539,2,2,1, 63541
1,63546,1,1,0, 63547
8,63556,1,1,1, 63557
16,63559,2,2,0, 63561
1,63566,1,1,1, 63567
8,63576,1,1,0, 63577
16,63579,2,2,1, 63581
1,63586,1,1,0, 63587
8,63596,1,1,1, 63597
16,63599,2,2,1, 63601
1,63606,1,1,1, 63607
8,63616,1,1,0, 63617
16,63619,2,2,0, 63621
1,63626,1,1,0, 63627
8,63636,1,1,1, 63637
16,63639,2,2,1, 63641
2,63643,2,2,1, 63645
1,63646,1,1,1, 63647
8,63656,1,1,0, 63657
9,63657,2,2,1, 63659
16,63659,2,2,0, 63661
1,63666,1,1,1, 63667
8,63676,1,1,0, 63677
16,63679,2,2,1, 63681
2,63683,2,2,1, 63685
1,63686,1,1,1, 63687
8,63696,1,1,1, 63697
9,63697,2,2,1, 63699
16,63699,2,2,1, 63701
1,63706,1,1,1, 63707
8,63716,1,1,0, 63717
9,63717,2,2,1, 63719
16,63719,2,2,1, 63721
1,63726,1,1,1, 63727
8,63736,1,1,1, 63737
16,63739,2,2,1, 63741
1,63746,1,1,1, 63747
8,63756,1,1,0, 63757
16,63759,2,2,1, 63761
1,63766,1,1,0, 63767
8,63776,1,1,0, 63777
16,63779,2,2,0, 63781
2,63783,2,2,1, 63785
1,63786,1,1,1, 63787
8,63796,1,1,1, 63797
2,63803,2,2,1, 63805
1,63806,1,1,0, 63807
8,63816,1,1,0, 63817
2,63823,2,2,1, 63825
1,63826,1,1,0, 63827
8,63836,1,1,1, 63837
2,63843,2,2,1, 63845
1,63846,1,1,1, 63847
8,63856,1,1,0, 63857
9,63857,2,2,1, 63859
1,63866,1,1,1, 63867
8,63876,1,1,0, 63877
1,63886,1,1,0, 63887
8,63896,1,1,1, 63897
9,63897,2,2,1, 63899
16,63899,2,2,1, 63901
1,63906,1,1,0, 63907
8,63916,1,1,0, 63917
16,63919,2,2,1, 63921
1,63926,1,1,1, 63927
8,63936,1,1,0, 63937
16,63939,2,2,0, 63941
1,63946,1,1,0, 63947
8,63956,1,1,1, 63957
16,63959,2,2,1, 63961
1,63966,1,1,0, 63967
8,63976,1,1,0, 63977
16,63979,2,2,1, 63981
1,63986,1,1,0, 63987
8,63996,1,1,0, 63997
16,63999,2,2,1, 64001
1,64006,1,1,1, 64007
8,64016,1,1,0, 64017
9,64017,2,2,1, 64019
16,64019,2,2,0, 64021
2,64023,2,2,1, 64025
1,64026,1,1,0, 64027
8,64036,1,1,1, 64037
9,64037,2,2,1, 64039
16,64039,2,2,1, 64041
1,64046,1,1,1, 64047
8,64056,1,1,0, 64057
16,64059,2,2,1, 64061
2,64063,2,2,1, 64065
1,64066,1,1,1, 64067
8,64076,1,1,1, 64077
9,64077,2,2,1, 64079
16,64079,2,2,1, 64081
2,64083,2,2,1, 64085
1,64086,1,1,0, 64087
8,64096,1,1,0, 64097
16,64099,2,2,1, 64101
1,64106,1,1,1, 64107
8,64116,1,1,0, 64117
16,64119,2,2,0, 64121
1,64126,1,1,0, 64127
8,64136,1,1,0, 64137
16,64139,2,2,0, 64141
1,64146,1,1,0, 64147
8,64156,1,1,0, 64157
16,64159,2,2,0, 64161
1,64166,1,1,1, 64167
8,64176,1,1,0, 64177
16,64179,2,2,0, 64181
1,64186,1,1,1, 64187
8,64196,1,1,1, 64197
16,64199,2,2,0, 64201
1,64206,1,1,1, 64207
8,64216,1,1,0, 64217
16,64219,2,2,0, 64221
1,64226,1,1,0, 64227
8,64236,1,1,0, 64237
9,64237,2,2,1, 64239
16,64239,2,2,0, 64241
2,64243,2,2,1, 64245
1,64246,1,1,0, 64247
8,64256,1,1,0, 64257
16,64259,2,2,1, 64261
2,64263,2,2,1, 64265
1,64266,1,1,0, 64267
8,64276,1,1,0, 64277
1,64286,1,1,0, 64287
8,64296,1,1,0, 64297
1,64306,1,1,0, 64307
8,64316,1,1,1, 64317
1,64326,1,1,1, 64327
8,64336,1,1,1, 64337
1,64346,1,1,1, 64347
8,64356,1,1,0, 64357
1,64366,1,1,0, 64367
8,64376,1,1,0, 64377
16,64379,2,2,1, 64381
1,64386,1,1,1, 64387
8,64396,1,1,1, 64397
16,64399,2,2,0, 64401
2,64403,2,2,1, 64405
1,64406,1,1,1, 64407
8,64416,1,1,0, 64417
9,64417,2,2,1, 64419
16,64419,2,2,0, 64421
2,64423,2,2,1, 64425
1,64426,1,1,1, 64427
8,64436,1,1,1, 64437
16,64439,2,2,1, 64441
2,64443,2,2,1, 64445
1,64446,1,1,1, 64447
8,64456,1,1,0, 64457
16,64459,2,2,1, 64461
2,64463,2,2,1, 64465
1,64466,1,1,0, 64467
8,64476,1,1,1, 64477
16,64479,2,2,0, 64481
1,64486,1,1,0, 64487
8,64496,1,1,1, 64497
16,64499,2,2,0, 64501
2,64503,2,2,1, 64505
1,64506,1,1,0, 64507
8,64516,1,1,0, 64517
16,64519,2,2,1, 64521
1,64526,1,1,0, 64527
8,64536,1,1,0, 64537
16,64539,2,2,1, 64541
1,64546,1,1,1, 64547
8,64556,1,1,0, 64557
16,64559,2,2,1, 64561
1,64566,1,1,0, 64567
8,64576,1,1,1, 64577
9,64577,2,2,1, 64579
16,64579,2,2,0, 64581
2,64583,2,2,1, 64585
1,64586,1,1,0, 64587
8,64596,1,1,1, 64597
16,64599,2,2,0, 64601
1,64606,1,1,0, 64607
8,64616,1,1,0, 64617
9,64617,2,2,1, 64619
16,64619,2,2,1, 64621
1,64626,1,1,0, 64627
8,64636,1,1,0, 64637
1,64646,1,1,1, 64647
8,64656,1,1,1, 64657
1,64666,1,1,0, 64667
8,64676,1,1,0, 64677
1,64686,1,1,1, 64687
8,64696,1,1,0, 64697
1,64706,1,1,1, 64707
8,64716,1,1,1, 64717
1,64726,1,1,1, 64727
8,64736,1,1,0, 64737
16,64739,2,2,0, 64741
1,64746,1,1,1, 64747
8,64756,1,1,1, 64757
16,64759,2,2,0, 64761
1,64766,1,1,1, 64767
8,64776,1,1,1, 64777
9,64777,2,2,1, 64779
16,64779,2,2,0, 64781
1,64786,1,1,0, 64787
8,64796,1,1,1, 64797
9,64797,2,2,1, 64799
16,64799,2,2,0, 64801
1,64806,1,1,1, 64807
8,64816,1,1,1, 64817
16,64819,2,2,0, 64821
1,64826,1,1,1, 64827
8,64836,1,1,1, 64837
16,64839,2,2,1, 64841
1,64846,1,1,0, 64847
8,64856,1,1,0, 64857
16,64859,2,2,0, 64861
2,64863,2,2,1, 64865
1,64866,1,1,0, 64867
8,64876,1,1,0, 64877
16,64879,2,2,1, 64881
2,64883,2,2,1, 64885
1,64886,1,1,1, 64887
8,64896,1,1,1, 64897
16,64899,2,2,1, 64901
1,64906,1,1,1, 64907
8,64916,1,1,1, 64917
9,64917,2,2,1, 64919
16,64919,2,2,0, 64921
2,64923,2,2,1, 64925
1,64926,1,1,1, 64927
8,64936,1,1,1, 64937
16,64939,2,2,1, 64941
1,64946,1,1,0, 64947
8,64956,1,1,1, 64957
16,64959,2,2,1, 64961
1,64966,1,1,1, 64967
8,64976,1,1,1, 64977
16,64979,2,2,0, 64981
1,64986,1,1,1, 64987
8,64996,1,1,0, 64997
1,65006,1,1,0, 65007
8,65016,1,1,0, 65017
2,65023,2,2,1, 65025
1,65026,1,1,0, 65027
8,65036,1,1,0, 65037
1,65046,1,1,1, 65047
8,65056,1,1,0, 65057
1,65066,1,1,0, 65067
8,65076,1,1,0, 65077
1,65086,1,1,0, 65087
8,65096,1,1,0, 65097
16,65099,2,2,1, 65101
1,65106,1,1,0, 65107
8,65116,1,1,0, 65117
16,65119,2,2,1, 65121
2,65123,2,2,1, 65125
1,65126,1,1,0, 65127
8,65136,1,1,0, 65137
9,65137,2,2,1, 65139
16,65139,2,2,0, 65141
1,65146,1,1,1, 65147
8,65156,1,1,0, 65157
9,65157,2,2,1, 65159
16,65159,2,2,0, 65161
1,65166,1,1,0, 65167
8,65176,1,1,1, 65177
16,65179,2,2,0, 65181
1,65186,1,1,0, 65187
8,65196,1,1,1, 65197
16,65199,2,2,0, 65201
1,65206,1,1,1, 65207
8,65216,1,1,1, 65217
16,65219,2,2,1, 65221
1,65226,1,1,0, 65227
8,65236,1,1,0, 65237
16,65239,2,2,1, 65241
1,65246,1,1,0, 65247
8,65256,1,1,0, 65257
16,65259,2,2,1, 65261
1,65266,1,1,0, 65267
8,65276,1,1,0, 65277
9,65277,2,2,1, 65279
16,65279,2,2,1, 65281
2,65283,2,2,1, 65285
1,65286,1,1,0, 65287
8,65296,1,1,0, 65297
9,65297,2,2,1, 65299
16,65299,2,2,0, 65301
2,65303,2,2,1, 65305
1,65306,1,1,0, 65307
8,65316,1,1,1, 65317
9,65317,2,2,1, 65319
16,65319,2,2,0, 65321
1,65326,1,1,1, 65327
8,65336,1,1,1, 65337
9,65337,2,2,1, 65339
16,65339,2,2,0, 65341
2,65343,2,2,1, 65345
1,65346,1,1,1, 65347
8,65356,1,1,1, 65357
2,65363,2,2,1, 65365
1,65366,1,1,1, 65367
8,65376,1,1,1, 65377
2,65383,2,2,1, 65385
1,65386,1,1,1, 65387
8,65396,1,1,0, 65397
1,65406,1,1,0, 65407
8,65416,1,1,0, 65417
1,65426,1,1,1, 65427
8,65436,1,1,0, 65437
1,65446,1,1,0, 65447
8,65456,1,1,1, 65457
9,65457,2,2,1, 65459
16,65459,2,2,1, 65461
2,65463,2,2,1, 65465
1,65466,1,1,1, 65467
8,65476,1,1,0, 65477
9,65477,2,2,1, 65479
16,65479,2,2,1, 65481
1,65486,1,1,0, 65487
8,65496,1,1,1, 65497
9,65497,2,2,1, 65499
16,65499,2,2,1, 65501
2,65503,2,2,1, 65505
1,65506,1,1,1, 65507
8,65516,1,1,1, 65517
9,65517,2,2,1, 65519
16,65519,2,2,0, 65521
1,65526,1,1,0, 65527
8,65536,1,1,1, 65537
16,65539,2,2,1, 65541
2,65543,2,2,1, 65545
1,65546,1,1,1, 65547
8,65556,1,1,0, 65557
16,65559,2,2,0, 65561
2,65563,2,2,1, 65565
1,65566,1,1,0, 65567
8,65576,1,1,0, 65577
16,65579,2,2,1, 65581
1,65586,1,1,0, 65587
8,65596,1,1,0, 65597
1,65606,1,1,1, 65607
8,65616,1,1,1, 65617
1,65626,1,1,0, 65627
8,65636,1,1,0, 65637
9,65637,2,2,1, 65639
1,65646,1,1,1, 65647
8,65656,1,1,1, 65657
9,65657,2,2,1, 65659
1,65666,1,1,1, 65667
8,65676,1,1,0, 65677
9,65677,2,2,1, 65679
2,65683,2,2,1, 65685
1,65686,1,1,1, 65687
8,65696,1,1,1, 65697
16,65699,2,2,0, 65701
2,65703,2,2,1, 65705
1,65706,1,1,1, 65707
8,65716,1,1,1, 65717
16,65719,2,2,1, 65721
1,65726,1,1,0, 65727
8,65736,1,1,1, 65737
9,65737,2,2,1, 65739
16,65739,2,2,1, 65741
1,65746,1,1,1, 65747
8,65756,1,1,0, 65757
9,65757,2,2,1, 65759
16,65759,2,2,1, 65761
1,65766,1,1,1, 65767
8,65776,1,1,0, 65777
16,65779,2,2,1, 65781
1,65786,1,1,0, 65787
8,65796,1,1,0, 65797
16,65799,2,2,1, 65801
1,65806,1,1,1, 65807
8,65816,1,1,1, 65817
16,65819,2,2,1, 65821
1,65826,1,1,1, 65827
8,65836,1,1,1, 65837
16,65839,2,2,0, 65841
1,65846,1,1,0, 65847
8,65856,1,1,0, 65857
16,65859,2,2,0, 65861
1,65866,1,1,1, 65867
8,65876,1,1,1, 65877
9,65877,2,2,1, 65879
16,65879,2,2,0, 65881
1,65886,1,1,0, 65887
8,65896,1,1,0, 65897
16,65899,2,2,1, 65901
2,65903,2,2,1, 65905
1,65906,1,1,0, 65907
8,65916,1,1,1, 65917
16,65919,2,2,1, 65921
1,65926,1,1,1, 65927
8,65936,1,1,1, 65937
9,65937,2,2,1, 65939
16,65939,2,2,0, 65941
2,65943,2,2,1, 65945
1,65946,1,1,1, 65947
8,65956,1,1,1, 65957
16,65959,2,2,0, 65961
1,65966,1,1,0, 65967
8,65976,1,1,0, 65977
16,65979,2,2,1, 65981
1,65986,1,1,0, 65987
8,65996,1,1,1, 65997
16,65999,2,2,0, 66001
1,66006,1,1,1, 66007
8,66016,1,1,0, 66017
1,66026,1,1,0, 66027
8,66036,1,1,0, 66037
1,66046,1,1,1, 66047
8,66056,1,1,1, 66057
2,66063,2,2,1, 66065
1,66066,1,1,0, 66067
8,66076,1,1,0, 66077
9,66077,2,2,1, 66079
1,66086,1,1,1, 66087
8,66096,1,1,0, 66097
9,66097,2,2,1, 66099
1,66106,1,1,1, 66107
8,66116,1,1,0, 66117
9,66117,2,2,1, 66119
16,66119,2,2,0, 66121
1,66126,1,1,0, 66127
8,66136,1,1,1, 66137
9,66137,2,2,1, 66139
16,66139,2,2,1, 66141
1,66146,1,1,0, 66147
8,66156,1,1,1, 66157
16,66159,2,2,1, 66161
1,66166,1,1,1, 66167
8,66176,1,1,1, 66177
16,66179,2,2,0, 66181
1,66186,1,1,0, 66187
8,66196,1,1,1, 66197
16,66199,2,2,0, 66201
1,66206,1,1,1, 66207
8,66216,1,1,0, 66217
16,66219,2,2,0, 66221
1,66226,1,1,1, 66227
8,66236,1,1,1, 66237
16,66239,2,2,1, 66241
2,66243,2,2,1, 66245
1,66246,1,1,1, 66247
8,66256,1,1,1, 66257
16,66259,2,2,1, 66261
1,66266,1,1,1, 66267
8,66276,1,1,0, 66277
16,66279,2,2,0, 66281
1,66286,1,1,1, 66287
8,66296,1,1,1, 66297
9,66297,2,2,1, 66299
16,66299,2,2,1, 66301
1,66306,1,1,0, 66307
8,66316,1,1,1, 66317
9,66317,2,2,1, 66319
16,66319,2,2,0, 66321
1,66326,1,1,1, 66327
8,66336,1,1,1, 66337
9,66337,2,2,1, 66339
16,66339,2,2,1, 66341
1,66346,1,1,1, 66347
8,66356,1,1,1, 66357
16,66359,2,2,1, 66361
2,66363,2,2,1, 66365
1,66366,1,1,1, 66367
8,66376,1,1,1, 66377
16,66379,2,2,0, 66381
2,66383,2,2,1, 66385
1,66386,1,1,0, 66387
8,66396,1,1,0, 66397
16,66399,2,2,0, 66401
1,66406,1,1,1, 66407
8,66416,1,1,1, 66417
16,66419,2,2,0, 66421
1,66426,1,1,1, 66427
8,66436,1,1,0, 66437
16,66439,2,2,0, 66441
2,66443,2,2,1, 66445
1,66446,1,1,0, 66447
8,66456,1,1,0, 66457
16,66459,2,2,0, 66461
1,66466,1,1,0, 66467
8,66476,1,1,0, 66477
16,66479,2,2,1, 66481
1,66486,1,1,1, 66487
8,66496,1,1,1, 66497
16,66499,2,2,0, 66501
2,66503,2,2,1, 66505
1,66506,1,1,0, 66507
8,66516,1,1,1, 66517
9,66517,2,2,1, 66519
16,66519,2,2,1, 66521
1,66526,1,1,1, 66527
8,66536,1,1,0, 66537
9,66537,2,2,1, 66539
16,66539,2,2,0, 66541
1,66546,1,1,1, 66547
8,66556,1,1,0, 66557
1,66566,1,1,1, 66567
8,66576,1,1,1, 66577
1,66586,1,1,0, 66587
8,66596,1,1,1, 66597
1,66606,1,1,1, 66607
8,66616,1,1,1, 66617
1,66626,1,1,0, 66627
8,66636,1,1,1, 66637
1,66646,1,1,0, 66647
8,66656,1,1,0, 66657
9,66657,2,2,1, 66659
16,66659,2,2,1, 66661
2,66663,2,2,1, 66665
1,66666,1,1,1, 66667
8,66676,1,1,0, 66677
16,66679,2,2,0, 66681
1,66686,1,1,1, 66687
8,66696,1,1,0, 66697
9,66697,2,2,1, 66699
16,66699,2,2,1, 66701
1,66706,1,1,1, 66707
8,66716,1,1,0, 66717
9,66717,2,2,1, 66719
16,66719,2,2,1, 66721
1,66726,1,1,0, 66727
8,66736,1,1,1, 66737
16,66739,2,2,1, 66741
1,66746,1,1,0, 66747
8,66756,1,1,1, 66757
16,66759,2,2,1, 66761
2,66763,2,2,1, 66765
1,66766,1,1,0, 66767
8,66776,1,1,0, 66777
16,66779,2,2,0, 66781
2,66783,2,2,1, 66785
1,66786,1,1,1, 66787
8,66796,1,1,1, 66797
16,66799,2,2,0, 66801
2,66803,2,2,1, 66805
1,66806,1,1,1, 66807
8,66816,1,1,0, 66817
16,66819,2,2,0, 66821
1,66826,1,1,0, 66827
8,66836,1,1,1, 66837
9,66837,2,2,1, 66839
16,66839,2,2,1, 66841
1,66846,1,1,0, 66847
8,66856,1,1,1, 66857
16,66859,2,2,0, 66861
2,66863,2,2,1, 66865
1,66866,1,1,1, 66867
8,66876,1,1,0, 66877
16,66879,2,2,1, 66881
1,66886,1,1,1, 66887
8,66896,1,1,1, 66897
9,66897,2,2,1, 66899
16,66899,2,2,1, 66901
1,66906,1,1,1, 66907
8,66916,1,1,1, 66917
16,66919,2,2,0, 66921
1,66926,1,1,0, 66927
8,66936,1,1,0, 66937
16,66939,2,2,1, 66941
1,66946,1,1,0, 66947
8,66956,1,1,1, 66957
16,66959,2,2,0, 66961
1,66966,1,1,0, 66967
8,66976,1,1,1, 66977
1,66986,1,1,1, 66987
8,66996,1,1,1, 66997
1,67006,1,1,1, 67007
8,67016,1,1,1, 67017
1,67026,1,1,1, 67027
8,67036,1,1,0, 67037
9,67037,2,2,1, 67039
1,67046,1,1,0, 67047
8,67056,1,1,1, 67057
9,67057,2,2,1, 67059
2,67063,2,2,1, 67065
1,67066,1,1,0, 67067
8,67076,1,1,1, 67077
9,67077,2,2,1, 67079
16,67079,2,2,1, 67081
1,67086,1,1,1, 67087
8,67096,1,1,0, 67097
16,67099,2,2,0, 67101
1,67106,1,1,0, 67107
8,67116,1,1,1, 67117
16,67119,2,2,0, 67121
2,67123,2,2,1, 67125
1,67126,1,1,0, 67127
8,67136,1,1,0, 67137
16,67139,2,2,1, 67141
1,67146,1,1,0, 67147
8,67156,1,1,0, 67157
16,67159,2,2,1, 67161
2,67163,2,2,1, 67165
1,67166,1,1,1, 67167
8,67176,1,1,1, 67177
16,67179,2,2,1, 67181
2,67183,2,2,1, 67185
1,67186,1,1,0, 67187
8,67196,1,1,0, 67197
9,67197,2,2,1, 67199
16,67199,2,2,0, 67201
2,67203,2,2,1, 67205
1,67206,1,1,1, 67207
8,67216,1,1,0, 67217
16,67219,2,2,1, 67221
2,67223,2,2,1, 67225
1,67226,1,1,0, 67227
8,67236,1,1,1, 67237
9,67237,2,2,1, 67239
16,67239,2,2,0, 67241
1,67246,1,1,0, 67247
8,67256,1,1,0, 67257
9,67257,2,2,1, 67259
16,67259,2,2,1, 67261
1,67266,1,1,0, 67267
8,67276,1,1,0, 67277
16,67279,2,2,0, 67281
1,67286,1,1,0, 67287
8,67296,1,1,0, 67297
16,67299,2,2,0, 67301
1,67306,1,1,0, 67307
8,67316,1,1,0, 67317
16,67319,2,2,1, 67321
2,67323,2,2,1, 67325
1,67326,1,1,1, 67327
8,67336,1,1,1, 67337
16,67339,2,2,1, 67341
1,67346,1,1,0, 67347
8,67356,1,1,1, 67357
16,67359,2,2,1, 67361
1,67366,1,1,1, 67367
8,67376,1,1,0, 67377
16,67379,2,2,0, 67381
1,67386,1,1,0, 67387
8,67396,1,1,1, 67397
1,67406,1,1,0, 67407
8,67416,1,1,1, 67417
2,67423,2,2,1, 67425
1,67426,1,1,1, 67427
8,67436,1,1,1, 67437
1,67446,1,1,1, 67447
8,67456,1,1,1, 67457
1,67466,1,1,1, 67467
8,67476,1,1,0, 67477
1,67486,1,1,1, 67487
8,67496,1,1,1, 67497
9,67497,2,2,1, 67499
16,67499,2,2,0, 67501
2,67503,2,2,0, 67505
1,67506,1,1,0, 67507
8,67516,1,1,0, 67517
16,67519,2,2,1, 67521
2,67523,2,2,1, 67525
1,67526,1,1,0, 67527
8,67536,1,1,0, 67537
16,67539,2,2,0, 67541
2,67543,2,2,1, 67545
1,67546,1,1,1, 67547
2,67563,2,2,1, 67565
1,67566,1,1,0, 67567
2,67583,2,2,1, 67585
1,67586,1,1,1, 67587
2,67603,2,2,0, 67605
1,67606,1,1,1, 67607
9,67617,2,2,1, 67619
2,67623,2,2,1, 67625
1,67626,1,1,1, 67627
9,67637,2,2,0, 67639
1,67646,1,1,1, 67647
9,67657,2,2,0, 67659
1,67666,1,1,0, 67667
9,67677,2,2,1, 67679
2,67683,2,2,0, 67685
1,67686,1,1,0, 67687
9,67697,2,2,0, 67699
2,67703,2,2,1, 67705
1,67706,1,1,1, 67707
9,67717,2,2,1, 67719
2,67723,2,2,0, 67725
1,67726,1,1,0, 67727
9,67737,2,2,1, 67739
2,67743,2,2,1, 67745
1,67746,1,1,1, 67747
9,67757,2,2,1, 67759
2,67763,2,2,0, 67765
1,67766,1,1,1, 67767
9,67777,2,2,1, 67779
2,67783,2,2,0, 67785
1,67786,1,1,1, 67787
9,67797,2,2,0, 67799
2,67803,2,2,1, 67805
1,67806,1,1,1, 67807
1,67826,1,1,0, 67827
1,67846,1,1,0, 67847
1,67866,1,1,1, 67867
1,67886,1,1,1, 67887
1,67906,1,1,1, 67907
9,67917,2,2,1, 67919
2,67923,2,2,0, 67925
1,67926,1,1,0, 67927
9,67937,2,2,0, 67939
2,67943,2,2,0, 67945
1,67946,1,1,1, 67947
9,67957,2,2,1, 67959
2,67963,2,2,1, 67965
1,67966,1,1,0, 67967
9,67977,2,2,0, 67979
2,67983,2,2,0, 67985
1,67986,1,1,0, 67987
9,67997,2,2,1, 67999
2,68003,2,2,0, 68005
1,68006,1,1,1, 68007
9,68017,2,2,0, 68019
2,68023,2,2,1, 68025
1,68026,1,1,0, 68027
9,68037,2,2,0, 68039
2,68043,2,2,1, 68045
1,68046,1,1,0, 68047
9,68057,2,2,0, 68059
2,68063,2,2,1, 68065
1,68066,1,1,1, 68067
9,68077,2,2,1, 68079
2,68083,2,2,0, 68085
1,68086,1,1,0, 68087
9,68097,2,2,1, 68099
1,68106,1,1,0, 68107
1,68126,1,1,0, 68127
1,68146,1,1,0, 68147
1,68166,1,1,0, 68167
1,68186,1,1,1, 68187
2,68203,2,2,1, 68205
1,68206,1,1,1, 68207
9,68217,2,2,0, 68219
2,68223,2,2,1, 68225
1,68226,1,1,0, 68227
9,68237,2,2,1, 68239
2,68243,2,2,1, 68245
1,68246,1,1,1, 68247
9,68257,2,2,0, 68259
2,68263,2,2,1, 68265
1,68266,1,1,1, 68267
9,68277,2,2,0, 68279
1,68286,1,1,1, 68287
9,68297,2,2,1, 68299
1,68306,1,1,0, 68307
9,68317,2,2,0, 68319
1,68326,1,1,1, 68327
9,68337,2,2,1, 68339
2,68343,2,2,1, 68345
1,68346,1,1,0, 68347
9,68357,2,2,0, 68359
2,68363,2,2,1, 68365
1,68366,1,1,0, 68367
9,68377,2,2,1, 68379
2,68383,2,2,1, 68385
1,68386,1,1,0, 68387
1,68406,1,1,1, 68407
1,68426,1,1,1, 68427
1,68446,1,1,0, 68447
1,68466,1,1,1, 68467
1,68486,1,1,1, 68487
1,68506,1,1,0, 68507
9,68517,2,2,1, 68519
1,68526,1,1,1, 68527
2,68543,2,2,1, 68545
1,68546,1,1,1, 68547
9,68557,2,2,1, 68559
2,68563,2,2,1, 68565
1,68566,1,1,1, 68567
9,68577,2,2,1, 68579
1,68586,1,1,1, 68587
9,68597,2,2,1, 68599
1,68606,1,1,1, 68607
2,68623,2,2,1, 68625
1,68626,1,1,1, 68627
9,68637,2,2,1, 68639
1,68646,1,1,1, 68647
9,68657,2,2,1, 68659
1,68666,1,1,0, 68667
1,68686,1,1,1, 68687
1,68706,1,1,1, 68707
2,68723,2,2,1, 68725
1,68726,1,1,0, 68727
9,68737,2,2,1, 68739
2,68743,2,2,1, 68745
1,68746,1,1,0, 68747
9,68757,2,2,1, 68759
1,68766,1,1,1, 68767
9,68777,2,2,1, 68779
2,68783,2,2,1, 68785
1,68786,1,1,0, 68787
1,68806,1,1,1, 68807
9,68817,2,2,1, 68819
1,68826,1,1,0, 68827
1,68846,1,1,1, 68847
1,68866,1,1,1, 68867
1,68886,1,1,0, 68887
1,68906,1,1,0, 68907
1,68926,1,1,0, 68927
9,68937,2,2,1, 68939
2,68943,2,2,1, 68945
1,68946,1,1,1, 68947
9,68957,2,2,1, 68959
1,68966,1,1,1, 68967
1,68986,1,1,1, 68987
2,69003,2,2,1, 69005
1,69006,1,1,1, 69007
2,69023,2,2,1, 69025
1,69026,1,1,0, 69027
1,69046,1,1,1, 69047
9,69057,2,2,1, 69059
1,69066,1,1,1, 69067
9,69077,2,2,1, 69079
2,69083,2,2,1, 69085
1,69086,1,1,1, 69087
9,69097,2,2,1, 69099
1,69106,1,1,0, 69107
1,69126,1,1,1, 69127
9,69137,2,2,1, 69139
1,69146,1,1,1, 69147
1,69166,1,1,0, 69167
9,69177,2,2,1, 69179
1,69186,1,1,1, 69187
9,69197,2,2,1, 69199
1,69206,1,1,1, 69207
9,69217,2,2,1, 69219
1,69226,1,1,0, 69227
2,69243,2,2,1, 69245
1,69246,1,1,0, 69247
9,69257,2,2,1, 69259
1,69266,1,1,1, 69267
1,69286,1,1,0, 69287
1,69306,1,1,1, 69307
1,69326,1,1,1, 69327
9,69337,2,2,1, 69339
1,69346,1,1,1, 69347
1,69366,1,1,0, 69367
9,69377,2,2,1, 69379
1,69386,1,1,1, 69387
1,69406,1,1,1, 69407
9,69417,2,2,1, 69419
1,69426,1,1,1, 69427
9,69437,2,2,1, 69439
1,69446,1,1,1, 69447
9,69457,2,2,1, 69459
1,69466,1,1,0, 69467
9,69477,2,2,1, 69479
1,69486,1,1,0, 69487
1,69506,1,1,1, 69507
1,69526,1,1,1, 69527
9,69537,2,2,1, 69539
1,69546,1,1,0, 69547
9,69557,2,2,1, 69559
1,69566,1,1,0, 69567
1,69586,1,1,0, 69587
1,69606,1,1,1, 69607
1,69626,1,1,0, 69627
9,69637,2,2,1, 69639
1,69646,1,1,1, 69647
9,69657,2,2,1, 69659
1,69666,1,1,1, 69667
9,69677,2,2,1, 69679
1,69686,1,1,0, 69687
9,69697,2,2,1, 69699
1,69706,1,1,0, 69707
1,69726,1,1,1, 69727
9,69737,2,2,1, 69739
1,69746,1,1,0, 69747
1,69766,1,1,0, 69767
