source,gentime, athop, hopcount,priority, reachedTime
2,3,2,2,1, 5
1,6,1,1,0, 7
4,6,4,4,1, 10
3,7,3,3,1, 10
8,16,1,1,1, 17
11,14,4,4,0, 18
9,17,2,2,0, 19
16,19,2,2,0, 21
14,19,3,3,0, 22
17,19,3,3,1, 22
13,19,4,4,0, 23
15,21,2,2,0, 23
12,20,5,5,1, 25
20,23,6,6,0, 29
22,26,4,4,0, 30
24,29,1,1,0, 30
19,26,5,5,0, 31
23,28,3,3,1, 31
25,35,2,2,1, 37
28,34,5,5,1, 39
26,37,3,3,1, 40
2,43,2,2,1, 45
1,46,1,1,1, 47
4,46,4,4,0, 50
3,47,3,3,0, 50
8,56,1,1,0, 57
11,54,4,4,1, 58
9,57,2,2,0, 59
16,59,2,2,1, 61
14,59,3,3,0, 62
17,59,3,3,0, 62
13,59,4,4,0, 63
15,61,2,2,1, 63
12,60,5,5,1, 65
18,63,4,4,1, 67
20,63,6,6,1, 69
22,66,4,4,0, 70
24,69,1,1,1, 70
19,66,5,5,1, 71
23,68,3,3,1, 71
25,75,2,2,0, 77
30,73,3,5,0, 78
31,76,2,2,0, 78
28,74,5,5,1, 79
26,77,3,3,0, 80
29,78,4,4,1, 82
2,83,2,2,0, 85
1,86,1,1,1, 87
4,86,4,4,0, 90
3,87,3,3,0, 90
5,87,3,5,0, 92
6,90,2,4,0, 94
8,96,1,1,1, 97
11,94,4,4,1, 98
9,97,2,2,0, 99
16,99,2,2,0, 101
14,99,3,3,0, 102
17,99,3,3,0, 102
13,99,4,4,1, 103
15,101,2,2,0, 103
12,100,5,5,0, 105
18,103,4,4,0, 107
20,103,6,6,1, 109
22,106,4,4,0, 110
24,109,1,1,1, 110
19,106,5,5,0, 111
23,108,3,3,1, 111
30,113,3,3,1, 116
25,115,2,2,0, 117
31,116,2,2,1, 118
28,114,5,5,0, 119
26,117,3,3,1, 120
29,118,4,4,0, 122
2,123,2,2,1, 125
1,126,1,1,0, 127
6,130,2,4,1, 134
8,136,1,1,0, 137
11,134,4,4,1, 138
9,137,2,2,1, 139
16,139,2,2,1, 141
14,139,3,3,0, 142
13,139,4,4,0, 143
15,141,2,2,1, 143
12,140,5,5,1, 145
18,143,4,4,1, 147
20,143,6,6,1, 149
22,146,4,4,1, 150
24,149,1,1,0, 150
19,146,5,5,1, 151
23,148,3,3,0, 151
30,153,3,3,0, 156
25,155,2,2,1, 157
31,156,2,2,1, 158
28,154,5,5,1, 159
29,158,4,4,1, 162
1,166,1,1,1, 167
3,167,3,3,1, 170
5,167,3,5,1, 172
6,170,2,4,0, 174
8,176,1,1,0, 177
11,174,4,4,1, 178
9,177,2,2,1, 179
16,179,2,2,1, 181
14,179,3,3,0, 182
13,179,4,4,1, 183
18,183,4,4,1, 187
20,183,6,6,1, 189
22,186,4,4,1, 190
24,189,1,1,0, 190
23,188,3,3,1, 191
25,195,2,2,0, 197
31,196,2,2,1, 198
26,197,3,3,0, 200
29,198,4,4,1, 202
6,210,2,4,1, 214
8,216,1,1,1, 217
16,219,2,2,1, 221
17,219,3,3,1, 222
13,219,4,4,1, 223
18,223,4,4,1, 227
20,223,6,6,1, 229
22,226,4,4,1, 230
24,229,1,1,1, 230
19,226,5,5,1, 231
25,235,2,2,1, 237
31,236,2,2,1, 238
26,237,3,3,0, 240
8,256,1,1,0, 257
16,259,2,2,1, 261
15,261,2,2,1, 263
24,269,1,1,1, 270
26,277,3,3,1, 280
2,283,2,4,1, 287
1,286,1,1,0, 287
8,296,1,1,0, 297
9,297,2,2,1, 299
18,303,4,4,1, 307
24,309,1,1,0, 310
25,315,2,2,1, 317
26,317,3,3,1, 320
1,326,1,1,0, 327
16,339,2,2,1, 341
24,349,1,1,0, 350
23,348,3,3,1, 351
30,353,3,3,1, 356
25,355,2,2,1, 357
31,356,2,2,1, 358
1,366,1,1,0, 367
9,377,2,2,1, 379
17,379,3,3,1, 382
1,406,1,1,1, 407
8,416,1,1,0, 417
9,417,2,2,1, 419
17,419,3,3,1, 422
8,456,1,1,0, 457
30,473,3,7,1, 480
8,496,1,1,0, 497
8,536,1,1,0, 537
24,549,1,1,1, 550
25,555,2,2,1, 557
31,556,2,2,1, 558
8,576,1,1,0, 577
16,579,2,2,1, 581
17,579,3,3,1, 582
18,583,4,4,1, 587
24,589,1,1,1, 590
28,594,5,9,1, 603
1,606,1,1,0, 607
24,629,1,1,1, 630
1,646,1,1,1, 647
9,657,2,2,1, 659
24,669,1,1,0, 670
25,675,2,2,1, 677
1,686,1,1,0, 687
8,696,1,1,1, 697
15,701,2,2,1, 703
24,709,1,1,0, 710
30,713,3,5,1, 718
8,736,1,1,0, 737
24,749,1,1,1, 750
8,776,1,1,1, 777
24,789,1,1,0, 790
8,816,1,1,1, 817
24,829,1,1,1, 830
23,828,3,3,1, 831
30,833,3,5,1, 838
31,836,2,2,1, 838
26,837,3,3,1, 840
1,846,1,1,0, 847
8,856,1,1,1, 857
24,869,1,1,1, 870
1,886,1,1,0, 887
8,896,1,1,1, 897
24,909,1,1,0, 910
1,926,1,1,1, 927
8,936,1,1,1, 937
18,943,4,4,1, 947
22,946,4,4,1, 950
24,949,1,1,0, 950
31,956,2,2,1, 958
1,966,1,1,1, 967
8,976,1,1,1, 977
24,989,1,1,1, 990
1,1006,1,1,0, 1007
8,1016,1,1,1, 1017
24,1029,1,1,0, 1030
1,1046,1,1,0, 1047
8,1056,1,1,0, 1057
24,1069,1,1,1, 1070
28,1074,5,7,1, 1081
1,1086,1,1,0, 1087
8,1096,1,1,1, 1097
14,1099,3,3,1, 1102
24,1109,1,1,1, 1110
1,1126,1,1,1, 1127
8,1136,1,1,1, 1137
24,1149,1,1,1, 1150
25,1155,2,2,1, 1157
31,1156,2,2,1, 1158
1,1166,1,1,1, 1167
8,1176,1,1,0, 1177
22,1186,4,4,1, 1190
24,1189,1,1,0, 1190
30,1193,3,3,1, 1196
29,1198,4,4,1, 1202
1,1206,1,1,1, 1207
8,1216,1,1,0, 1217
24,1229,1,1,0, 1230
1,1246,1,1,1, 1247
8,1256,1,1,0, 1257
24,1269,1,1,0, 1270
1,1286,1,1,0, 1287
8,1296,1,1,1, 1297
24,1309,1,1,0, 1310
1,1326,1,1,0, 1327
8,1336,1,1,0, 1337
24,1349,1,1,1, 1350
1,1366,1,1,0, 1367
5,1367,3,5,1, 1372
6,1370,2,4,1, 1374
8,1376,1,1,1, 1377
14,1379,3,3,1, 1382
13,1379,4,4,1, 1383
18,1383,4,4,1, 1387
24,1389,1,1,1, 1390
25,1395,2,2,1, 1397
30,1393,3,5,1, 1398
1,1406,1,1,0, 1407
8,1416,1,1,1, 1417
18,1423,4,4,1, 1427
22,1426,4,4,1, 1430
24,1429,1,1,0, 1430
26,1437,3,3,1, 1440
28,1434,5,7,1, 1441
1,1446,1,1,1, 1447
8,1456,1,1,1, 1457
15,1461,2,2,1, 1463
1,1486,1,1,0, 1487
8,1496,1,1,1, 1497
14,1499,3,3,1, 1502
13,1499,4,4,1, 1503
24,1509,1,1,0, 1510
23,1508,3,3,1, 1511
30,1513,3,3,1, 1516
1,1526,1,1,1, 1527
8,1536,1,1,0, 1537
24,1549,1,1,0, 1550
30,1553,3,3,1, 1556
25,1555,2,2,1, 1557
26,1557,3,3,1, 1560
1,1566,1,1,0, 1567
1,1606,1,1,0, 1607
1,1646,1,1,1, 1647
24,1669,1,1,1, 1670
19,1666,5,5,1, 1671
25,1675,2,2,1, 1677
26,1677,3,3,1, 1680
5,1687,3,5,1, 1692
8,1696,1,1,0, 1697
17,1699,3,3,1, 1702
22,1706,4,4,1, 1710
24,1709,1,1,0, 1710
8,1736,1,1,0, 1737
14,1739,3,3,1, 1742
13,1739,4,4,1, 1743
24,1749,1,1,1, 1750
31,1756,2,2,1, 1758
8,1776,1,1,0, 1777
17,1779,3,3,1, 1782
18,1783,4,6,1, 1789
24,1789,1,1,0, 1790
19,1786,5,5,1, 1791
30,1793,3,3,1, 1796
31,1796,2,2,1, 1798
1,1806,1,1,0, 1807
24,1829,1,1,0, 1830
1,1846,1,1,1, 1847
24,1869,1,1,0, 1870
1,1886,1,1,1, 1887
24,1909,1,1,0, 1910
25,1915,2,2,1, 1917
26,1917,3,5,1, 1922
29,1918,4,4,1, 1922
1,1926,1,1,1, 1927
24,1949,1,1,1, 1950
1,1966,1,1,0, 1967
24,1989,1,1,0, 1990
1,2006,1,1,0, 2007
24,2029,1,1,0, 2030
23,2028,3,5,1, 2033
8,2056,1,1,0, 2057
24,2069,1,1,0, 2070
8,2096,1,1,1, 2097
24,2109,1,1,0, 2110
8,2136,1,1,0, 2137
24,2149,1,1,0, 2150
19,2146,5,5,1, 2151
23,2148,3,3,1, 2151
31,2156,2,2,1, 2158
26,2157,3,3,1, 2160
1,2166,1,1,0, 2167
8,2176,1,1,1, 2177
1,2206,1,1,1, 2207
8,2216,1,1,1, 2217
1,2246,1,1,0, 2247
8,2256,1,1,0, 2257
24,2269,1,1,1, 2270
30,2273,3,5,1, 2278
1,2286,1,1,1, 2287
24,2309,1,1,1, 2310
25,2315,2,2,1, 2317
1,2326,1,1,0, 2327
3,2327,3,3,1, 2330
11,2334,4,4,1, 2338
9,2337,2,2,1, 2339
24,2349,1,1,1, 2350
22,2386,4,4,1, 2390
24,2389,1,1,0, 2390
30,2393,3,3,1, 2396
31,2396,2,2,1, 2398
8,2416,1,1,1, 2417
9,2417,2,2,1, 2419
16,2419,2,2,1, 2421
24,2429,1,1,1, 2430
1,2446,1,1,0, 2447
3,2447,3,3,1, 2450
8,2456,1,1,1, 2457
11,2454,4,4,1, 2458
9,2457,2,2,1, 2459
16,2459,2,2,1, 2461
17,2459,3,3,1, 2462
24,2469,1,1,1, 2470
1,2486,1,1,1, 2487
8,2496,1,1,1, 2497
22,2506,4,4,1, 2510
24,2509,1,1,0, 2510
23,2508,3,3,1, 2511
1,2526,1,1,1, 2527
8,2536,1,1,1, 2537
22,2546,4,4,1, 2550
23,2548,3,3,1, 2551
1,2566,1,1,1, 2567
8,2576,1,1,1, 2577
17,2579,3,3,1, 2582
24,2629,1,1,1, 2630
25,2635,2,2,1, 2637
31,2636,2,2,1, 2638
8,2656,1,1,1, 2657
24,2669,1,1,1, 2670
2,2683,2,2,1, 2685
1,2686,1,1,0, 2687
3,2687,3,3,1, 2690
8,2696,1,1,1, 2697
9,2697,2,2,1, 2699
17,2699,3,3,1, 2702
24,2709,1,1,0, 2710
8,2736,1,1,1, 2737
24,2749,1,1,0, 2750
23,2748,3,3,1, 2751
29,2758,4,4,1, 2762
8,2776,1,1,1, 2777
24,2789,1,1,0, 2790
19,2786,5,5,1, 2791
25,2795,2,2,1, 2797
1,2806,1,1,1, 2807
8,2816,1,1,0, 2817
1,2846,1,1,1, 2847
8,2856,1,1,0, 2857
16,2859,2,2,1, 2861
31,2876,2,8,1, 2884
1,2886,1,1,0, 2887
8,2896,1,1,1, 2897
16,2899,2,2,1, 2901
15,2901,2,2,1, 2903
2,2923,2,2,1, 2925
1,2926,1,1,1, 2927
8,2936,1,1,0, 2937
9,2937,2,2,1, 2939
16,2939,2,2,1, 2941
24,2949,1,1,1, 2950
2,2963,2,2,1, 2965
1,2966,1,1,0, 2967
24,2989,1,1,1, 2990
1,3006,1,1,1, 3007
16,3019,2,2,1, 3021
24,3029,1,1,0, 3030
23,3028,3,3,1, 3031
1,3046,1,1,0, 3047
8,3056,1,1,0, 3057
16,3059,2,2,1, 3061
14,3059,3,3,1, 3062
24,3069,1,1,0, 3070
8,3096,1,1,1, 3097
17,3099,3,3,1, 3102
24,3109,1,1,0, 3110
30,3113,3,3,1, 3116
1,3126,1,1,1, 3127
3,3127,3,3,1, 3130
6,3130,2,4,1, 3134
8,3136,1,1,1, 3137
14,3139,3,3,1, 3142
15,3141,2,2,1, 3143
24,3149,1,1,1, 3150
1,3166,1,1,1, 3167
3,3167,3,3,1, 3170
8,3176,1,1,1, 3177
14,3179,3,3,1, 3182
17,3179,3,3,1, 3182
1,3206,1,1,1, 3207
8,3216,1,1,1, 3217
1,3246,1,1,1, 3247
1,3286,1,1,1, 3287
1,3326,1,1,1, 3327
8,3336,1,1,1, 3337
16,3339,2,2,1, 3341
24,3349,1,1,1, 3350
25,3355,2,2,1, 3357
1,3366,1,1,1, 3367
8,3376,1,1,1, 3377
9,3377,2,2,1, 3379
16,3379,2,2,1, 3381
17,3379,3,3,1, 3382
18,3383,4,6,1, 3389
22,3386,4,4,1, 3390
24,3389,1,1,0, 3390
23,3388,3,3,1, 3391
25,3395,2,2,1, 3397
31,3396,2,2,1, 3398
1,3406,1,1,0, 3407
8,3416,1,1,1, 3417
16,3419,2,2,1, 3421
14,3419,3,3,1, 3422
17,3419,3,3,1, 3422
1,3446,1,1,1, 3447
1,3486,1,1,1, 3487
8,3496,1,1,0, 3497
1,3526,1,1,1, 3527
8,3536,1,1,1, 3537
1,3566,1,1,1, 3567
25,3595,2,2,1, 3597
1,3606,1,1,1, 3607
25,3635,2,2,1, 3637
1,3646,1,1,0, 3647
5,3647,3,7,1, 3654
14,3659,3,5,1, 3664
24,3669,1,1,0, 3670
25,3675,2,2,1, 3677
31,3676,2,2,1, 3678
1,3686,1,1,0, 3687
24,3709,1,1,1, 3710
25,3715,2,2,1, 3717
28,3714,5,5,1, 3719
8,3736,1,1,0, 3737
24,3749,1,1,0, 3750
8,3776,1,1,1, 3777
24,3789,1,1,0, 3790
8,3816,1,1,0, 3817
22,3826,4,4,1, 3830
24,3829,1,1,0, 3830
23,3828,3,3,1, 3831
25,3835,2,2,1, 3837
31,3836,2,2,1, 3838
28,3834,5,5,1, 3839
26,3837,3,3,1, 3840
1,3846,1,1,1, 3847
8,3856,1,1,1, 3857
15,3861,2,2,1, 3863
24,3869,1,1,1, 3870
1,3886,1,1,1, 3887
3,3887,3,3,1, 3890
8,3896,1,1,0, 3897
24,3909,1,1,0, 3910
1,3926,1,1,0, 3927
8,3936,1,1,1, 3937
15,3941,2,2,1, 3943
24,3949,1,1,1, 3950
29,3958,4,4,1, 3962
8,3976,1,1,1, 3977
24,3989,1,1,1, 3990
26,3997,3,3,1, 4000
8,4016,1,1,1, 4017
24,4029,1,1,0, 4030
26,4037,3,3,1, 4040
8,4056,1,1,0, 4057
22,4066,4,4,1, 4070
24,4069,1,1,0, 4070
28,4074,5,5,1, 4079
26,4077,3,3,1, 4080
29,4078,4,4,1, 4082
1,4086,1,1,1, 4087
8,4096,1,1,0, 4097
1,4126,1,1,0, 4127
8,4136,1,1,0, 4137
1,4166,1,1,1, 4167
8,4176,1,1,0, 4177
24,4189,1,1,1, 4190
30,4193,3,3,1, 4196
31,4196,2,2,1, 4198
28,4194,5,5,1, 4199
29,4198,4,4,1, 4202
1,4206,1,1,1, 4207
1,4246,1,1,1, 4247
24,4269,1,1,0, 4270
23,4268,3,3,1, 4271
1,4286,1,1,1, 4287
24,4309,1,1,1, 4310
23,4308,3,3,1, 4311
30,4313,3,3,1, 4316
25,4315,2,2,1, 4317
28,4314,5,5,1, 4319
26,4317,3,3,1, 4320
1,4326,1,1,0, 4327
8,4336,1,1,0, 4337
15,4341,2,2,1, 4343
25,4355,2,2,1, 4357
26,4357,3,3,1, 4360
1,4366,1,1,1, 4367
8,4376,1,1,0, 4377
15,4381,2,2,1, 4383
25,4395,2,2,1, 4397
1,4406,1,1,1, 4407
8,4416,1,1,1, 4417
15,4421,2,2,1, 4423
24,4429,1,1,0, 4430
25,4435,2,2,1, 4437
24,4469,1,1,0, 4470
24,4509,1,1,0, 4510
24,4549,1,1,1, 4550
1,4566,1,1,1, 4567
8,4576,1,1,1, 4577
24,4589,1,1,0, 4590
31,4596,2,2,1, 4598
1,4606,1,1,1, 4607
8,4616,1,1,0, 4617
24,4629,1,1,0, 4630
1,4646,1,1,0, 4647
8,4656,1,1,0, 4657
24,4669,1,1,0, 4670
30,4673,3,3,1, 4676
25,4675,2,2,1, 4677
28,4674,5,5,1, 4679
26,4677,3,3,1, 4680
1,4686,1,1,0, 4687
8,4696,1,1,1, 4697
24,4709,1,1,0, 4710
1,4726,1,1,0, 4727
8,4736,1,1,0, 4737
24,4749,1,1,0, 4750
1,4766,1,1,1, 4767
8,4776,1,1,1, 4777
22,4786,4,4,1, 4790
24,4789,1,1,1, 4790
23,4788,3,3,1, 4791
30,4793,3,5,1, 4798
31,4796,2,2,1, 4798
1,4806,1,1,1, 4807
8,4816,1,1,1, 4817
24,4829,1,1,0, 4830
1,4846,1,1,1, 4847
8,4856,1,1,1, 4857
24,4869,1,1,0, 4870
1,4886,1,1,0, 4887
8,4896,1,1,1, 4897
22,4906,4,4,1, 4910
24,4909,1,1,1, 4910
23,4908,3,3,1, 4911
30,4913,3,3,1, 4916
25,4915,2,2,1, 4917
29,4918,4,4,1, 4922
24,4949,1,1,0, 4950
24,4989,1,1,1, 4990
24,5029,1,1,0, 5030
30,5033,3,3,1, 5036
31,5036,2,2,1, 5038
29,5038,4,4,1, 5042
1,5046,1,1,1, 5047
8,5056,1,1,0, 5057
24,5069,1,1,0, 5070
1,5086,1,1,1, 5087
8,5096,1,1,1, 5097
24,5109,1,1,0, 5110
1,5126,1,1,0, 5127
8,5136,1,1,1, 5137
22,5146,4,4,1, 5150
24,5149,1,1,0, 5150
30,5153,3,3,1, 5156
31,5156,2,2,1, 5158
26,5157,3,3,1, 5160
1,5166,1,1,1, 5167
8,5176,1,1,1, 5177
1,5206,1,1,1, 5207
8,5216,1,1,1, 5217
1,5246,1,1,0, 5247
8,5256,1,1,1, 5257
24,5269,1,1,0, 5270
1,5286,1,1,1, 5287
8,5296,1,1,0, 5297
16,5299,2,2,1, 5301
22,5306,4,4,1, 5310
24,5309,1,1,0, 5310
23,5308,3,3,1, 5311
1,5326,1,1,0, 5327
5,5327,3,7,1, 5334
6,5330,2,6,1, 5336
8,5336,1,1,1, 5337
1,5366,1,1,0, 5367
8,5376,1,1,0, 5377
15,5381,2,2,1, 5383
1,5406,1,1,1, 5407
8,5416,1,1,0, 5417
1,5446,1,1,0, 5447
8,5456,1,1,0, 5457
15,5461,2,2,1, 5463
1,5486,1,1,0, 5487
8,5496,1,1,1, 5497
15,5501,2,2,1, 5503
24,5509,1,1,0, 5510
30,5513,3,3,1, 5516
25,5515,2,2,1, 5517
31,5516,2,2,1, 5518
1,5526,1,1,1, 5527
24,5549,1,1,1, 5550
1,5566,1,1,0, 5567
24,5589,1,1,0, 5590
1,5606,1,1,1, 5607
16,5619,2,2,1, 5621
24,5629,1,1,0, 5630
23,5628,3,3,1, 5631
25,5635,2,2,1, 5637
26,5637,3,3,1, 5640
8,5656,1,1,0, 5657
14,5659,3,3,1, 5662
8,5696,1,1,1, 5697
14,5699,3,3,1, 5702
8,5736,1,1,1, 5737
17,5739,3,3,1, 5742
24,5749,1,1,1, 5750
25,5755,2,2,1, 5757
26,5757,3,3,1, 5760
8,5776,1,1,1, 5777
9,5777,2,2,1, 5779
24,5789,1,1,0, 5790
25,5795,2,2,1, 5797
8,5816,1,1,0, 5817
9,5817,2,2,1, 5819
14,5819,3,3,1, 5822
15,5821,2,2,1, 5823
24,5829,1,1,1, 5830
1,5846,1,1,0, 5847
3,5847,3,5,1, 5852
8,5856,1,1,1, 5857
9,5857,2,2,1, 5859
15,5861,2,2,1, 5863
24,5869,1,1,1, 5870
30,5873,3,3,1, 5876
25,5875,2,2,1, 5877
26,5877,3,3,1, 5880
1,5886,1,1,1, 5887
16,5899,2,2,1, 5901
24,5909,1,1,1, 5910
1,5926,1,1,0, 5927
16,5939,2,2,1, 5941
24,5949,1,1,1, 5950
31,5956,2,2,1, 5958
1,5966,1,1,0, 5967
16,5979,2,2,1, 5981
17,5979,3,3,1, 5982
22,5986,4,4,1, 5990
24,5989,1,1,1, 5990
23,5988,3,3,1, 5991
31,5996,2,2,1, 5998
29,5998,4,4,1, 6002
8,6016,1,1,1, 6017
8,6056,1,1,0, 6057
24,6069,1,1,0, 6070
25,6075,2,2,1, 6077
26,6077,3,3,1, 6080
8,6096,1,1,1, 6097
16,6099,2,2,1, 6101
17,6099,3,3,1, 6102
24,6109,1,1,0, 6110
30,6113,3,3,1, 6116
25,6115,2,2,1, 6117
31,6116,2,2,1, 6118
26,6117,3,3,1, 6120
1,6126,1,1,0, 6127
8,6136,1,1,0, 6137
1,6166,1,1,1, 6167
8,6176,1,1,0, 6177
1,6206,1,1,0, 6207
8,6216,1,1,1, 6217
24,6229,1,1,1, 6230
25,6235,2,2,1, 6237
26,6237,3,3,1, 6240
1,6246,1,1,0, 6247
8,6256,1,1,0, 6257
24,6269,1,1,0, 6270
1,6286,1,1,0, 6287
8,6296,1,1,0, 6297
24,6309,1,1,1, 6310
2,6323,2,2,1, 6325
1,6326,1,1,1, 6327
8,6336,1,1,1, 6337
24,6349,1,1,1, 6350
30,6353,3,3,1, 6356
1,6366,1,1,1, 6367
8,6376,1,1,1, 6377
16,6379,2,2,1, 6381
17,6379,3,3,1, 6382
24,6389,1,1,0, 6390
30,6393,3,3,1, 6396
1,6406,1,1,0, 6407
8,6416,1,1,0, 6417
16,6419,2,2,1, 6421
1,6446,1,1,0, 6447
8,6456,1,1,1, 6457
25,6475,2,2,1, 6477
26,6477,3,3,1, 6480
1,6486,1,1,1, 6487
8,6496,1,1,0, 6497
9,6497,2,2,1, 6499
16,6499,2,2,1, 6501
14,6499,3,3,1, 6502
15,6501,2,2,1, 6503
2,6523,2,4,1, 6527
1,6526,1,1,1, 6527
8,6536,1,1,1, 6537
14,6539,3,3,1, 6542
24,6549,1,1,1, 6550
24,6589,1,1,1, 6590
2,6603,2,2,1, 6605
1,6606,1,1,1, 6607
3,6607,3,3,1, 6610
8,6616,1,1,0, 6617
24,6629,1,1,0, 6630
30,6633,3,3,1, 6636
25,6635,2,2,1, 6637
1,6646,1,1,1, 6647
3,6647,3,3,1, 6650
8,6656,1,1,0, 6657
14,6659,3,3,1, 6662
17,6659,3,3,1, 6662
15,6661,2,2,1, 6663
24,6669,1,1,1, 6670
31,6676,2,2,1, 6678
8,6696,1,1,0, 6697
15,6701,2,2,1, 6703
24,6709,1,1,1, 6710
31,6716,2,2,1, 6718
1,6726,1,1,1, 6727
9,6737,2,2,1, 6739
16,6739,2,2,1, 6741
24,6749,1,1,0, 6750
1,6766,1,1,0, 6767
16,6779,2,2,1, 6781
24,6789,1,1,1, 6790
2,6803,2,2,1, 6805
1,6806,1,1,1, 6807
22,6826,4,4,1, 6830
24,6829,1,1,1, 6830
31,6836,2,2,1, 6838
26,6837,3,3,1, 6840
8,6856,1,1,1, 6857
8,6896,1,1,1, 6897
8,6936,1,1,1, 6937
24,6949,1,1,0, 6950
26,6957,3,3,1, 6960
1,6966,1,1,0, 6967
8,6976,1,1,1, 6977
24,6989,1,1,1, 6990
31,6996,2,2,1, 6998
1,7006,1,1,1, 7007
8,7016,1,1,0, 7017
15,7021,2,2,1, 7023
24,7029,1,1,1, 7030
1,7046,1,1,1, 7047
8,7056,1,1,1, 7057
22,7066,4,4,1, 7070
24,7069,1,1,0, 7070
25,7075,2,2,1, 7077
31,7076,2,2,1, 7078
26,7077,3,3,1, 7080
1,7086,1,1,1, 7087
8,7096,1,1,0, 7097
24,7109,1,1,0, 7110
1,7126,1,1,0, 7127
8,7136,1,1,0, 7137
15,7141,2,2,1, 7143
24,7149,1,1,1, 7150
1,7166,1,1,0, 7167
8,7176,1,1,1, 7177
15,7181,2,2,1, 7183
24,7189,1,1,1, 7190
25,7195,2,2,1, 7197
26,7197,3,3,1, 7200
1,7206,1,1,1, 7207
1,7246,1,1,1, 7247
3,7247,3,3,1, 7250
25,7275,2,2,1, 7277
1,7286,1,1,0, 7287
24,7309,1,1,1, 7310
26,7317,3,3,1, 7320
8,7336,1,1,0, 7337
9,7337,2,2,1, 7339
16,7339,2,2,1, 7341
17,7339,3,3,1, 7342
24,7349,1,1,0, 7350
8,7376,1,1,0, 7377
9,7377,2,2,1, 7379
16,7379,2,2,1, 7381
24,7389,1,1,1, 7390
8,7416,1,1,0, 7417
24,7429,1,1,0, 7430
25,7435,2,2,1, 7437
26,7437,3,3,1, 7440
1,7446,1,1,1, 7447
8,7456,1,1,0, 7457
15,7461,2,2,1, 7463
24,7469,1,1,0, 7470
1,7486,1,1,1, 7487
8,7496,1,1,1, 7497
9,7497,2,2,1, 7499
24,7509,1,1,0, 7510
25,7515,2,2,1, 7517
1,7526,1,1,0, 7527
22,7546,4,4,1, 7550
24,7549,1,1,0, 7550
23,7548,3,3,1, 7551
25,7555,2,2,1, 7557
2,7563,2,2,1, 7565
1,7566,1,1,0, 7567
8,7576,1,1,1, 7577
16,7579,2,2,1, 7581
17,7579,3,3,1, 7582
24,7589,1,1,0, 7590
31,7596,2,2,1, 7598
1,7606,1,1,0, 7607
8,7616,1,1,1, 7617
16,7619,2,2,1, 7621
15,7621,2,2,1, 7623
1,7646,1,1,1, 7647
8,7656,1,1,1, 7657
16,7659,2,2,1, 7661
22,7666,4,6,1, 7672
25,7675,2,2,1, 7677
1,7686,1,1,0, 7687
3,7687,3,3,1, 7690
9,7697,2,2,1, 7699
17,7699,3,3,1, 7702
24,7709,1,1,1, 7710
2,7723,2,2,1, 7725
1,7726,1,1,1, 7727
9,7737,2,2,1, 7739
24,7749,1,1,0, 7750
26,7757,3,3,1, 7760
24,7789,1,1,0, 7790
31,7796,2,4,1, 7800
8,7816,1,1,0, 7817
16,7819,2,2,1, 7821
1,7846,1,1,0, 7847
8,7856,1,1,0, 7857
26,7877,3,3,1, 7880
1,7886,1,1,0, 7887
8,7896,1,1,0, 7897
9,7897,2,2,1, 7899
15,7901,2,2,1, 7903
24,7909,1,1,1, 7910
30,7913,3,3,1, 7916
25,7915,2,2,1, 7917
31,7916,2,2,1, 7918
26,7917,3,3,1, 7920
1,7926,1,1,1, 7927
24,7949,1,1,1, 7950
23,7948,3,3,1, 7951
1,7966,1,1,0, 7967
17,7979,3,3,1, 7982
24,7989,1,1,1, 7990
1,8006,1,1,0, 8007
17,8019,3,3,1, 8022
24,8029,1,1,1, 8030
31,8036,2,2,1, 8038
8,8056,1,1,1, 8057
24,8069,1,1,1, 8070
8,8096,1,1,1, 8097
15,8101,2,2,1, 8103
24,8109,1,1,0, 8110
31,8116,2,2,1, 8118
8,8136,1,1,0, 8137
15,8141,2,2,1, 8143
24,8149,1,1,1, 8150
25,8155,2,2,1, 8157
26,8157,3,3,1, 8160
1,8166,1,1,1, 8167
8,8176,1,1,1, 8177
25,8195,2,2,1, 8197
1,8206,1,1,1, 8207
8,8216,1,1,1, 8217
1,8246,1,1,1, 8247
8,8256,1,1,0, 8257
16,8259,2,2,1, 8261
24,8269,1,1,0, 8270
23,8268,3,3,1, 8271
31,8276,2,2,1, 8278
8,8296,1,1,0, 8297
15,8301,2,2,1, 8303
24,8309,1,1,1, 8310
8,8336,1,1,0, 8337
24,8349,1,1,1, 8350
8,8376,1,1,1, 8377
15,8381,2,2,1, 8383
24,8389,1,1,1, 8390
1,8406,1,1,0, 8407
3,8407,3,3,1, 8410
8,8416,1,1,1, 8417
24,8429,1,1,0, 8430
31,8436,2,2,1, 8438
1,8446,1,1,0, 8447
8,8456,1,1,0, 8457
9,8457,2,2,1, 8459
24,8469,1,1,0, 8470
1,8486,1,1,1, 8487
8,8496,1,1,1, 8497
24,8509,1,1,1, 8510
23,8508,3,3,1, 8511
26,8517,3,3,1, 8520
1,8526,1,1,0, 8527
8,8536,1,1,0, 8537
15,8541,2,2,1, 8543
2,8563,2,2,1, 8565
1,8566,1,1,0, 8567
8,8576,1,1,0, 8577
1,8606,1,1,0, 8607
8,8616,1,1,1, 8617
15,8621,2,2,1, 8623
25,8635,2,2,1, 8637
31,8636,2,2,1, 8638
24,8749,1,1,0, 8750
23,8748,3,3,1, 8751
25,8755,2,2,1, 8757
26,8757,3,3,1, 8760
2,8763,2,2,1, 8765
8,8776,1,1,0, 8777
24,8789,1,1,1, 8790
8,8816,1,1,1, 8817
15,8821,2,2,1, 8823
24,8829,1,1,0, 8830
8,8856,1,1,1, 8857
15,8861,2,2,1, 8863
24,8869,1,1,0, 8870
1,8886,1,1,0, 8887
24,8909,1,1,0, 8910
25,8915,2,2,1, 8917
1,8926,1,1,0, 8927
24,8949,1,1,0, 8950
25,8955,2,2,1, 8957
31,8956,2,2,1, 8958
1,8966,1,1,0, 8967
24,8989,1,1,1, 8990
25,8995,2,2,1, 8997
8,9016,1,1,1, 9017
24,9029,1,1,1, 9030
8,9056,1,1,0, 9057
24,9069,1,1,1, 9070
8,9096,1,1,0, 9097
24,9109,1,1,0, 9110
8,9136,1,1,1, 9137
9,9137,2,2,1, 9139
24,9149,1,1,1, 9150
25,9155,2,2,1, 9157
8,9176,1,1,0, 9177
9,9177,2,2,1, 9179
16,9179,2,2,1, 9181
17,9179,3,3,1, 9182
24,9189,1,1,0, 9190
25,9195,2,2,1, 9197
17,9219,3,3,1, 9222
24,9229,1,1,0, 9230
25,9235,2,2,1, 9237
1,9246,1,1,1, 9247
8,9256,1,1,0, 9257
17,9259,3,3,1, 9262
15,9261,2,2,1, 9263
24,9269,1,1,1, 9270
1,9286,1,1,1, 9287
8,9296,1,1,0, 9297
17,9299,3,3,1, 9302
24,9309,1,1,0, 9310
1,9326,1,1,0, 9327
24,9349,1,1,1, 9350
25,9355,2,2,1, 9357
1,9366,1,1,1, 9367
25,9395,2,2,1, 9397
26,9397,3,3,1, 9400
1,9406,1,1,1, 9407
25,9435,2,2,1, 9437
1,9446,1,1,1, 9447
2,9483,2,2,1, 9485
1,9486,1,1,1, 9487
8,9496,1,1,1, 9497
16,9499,2,2,1, 9501
17,9499,3,3,1, 9502
15,9501,2,2,1, 9503
2,9523,2,2,1, 9525
1,9526,1,1,1, 9527
3,9527,3,3,1, 9530
8,9536,1,1,0, 9537
17,9539,3,3,1, 9542
15,9541,2,2,1, 9543
24,9549,1,1,0, 9550
31,9556,2,2,1, 9558
1,9566,1,1,0, 9567
8,9576,1,1,1, 9577
15,9581,2,2,1, 9583
24,9589,1,1,1, 9590
26,9597,3,3,1, 9600
8,9616,1,1,0, 9617
24,9629,1,1,1, 9630
8,9656,1,1,1, 9657
16,9659,2,2,1, 9661
24,9669,1,1,1, 9670
24,9709,1,1,0, 9710
25,9715,2,2,1, 9717
24,9749,1,1,0, 9750
31,9756,2,2,1, 9758
24,9789,1,1,0, 9790
25,9795,2,2,1, 9797
2,9803,2,2,1, 9805
1,9806,1,1,1, 9807
9,9817,2,2,1, 9819
24,9829,1,1,0, 9830
23,9828,3,3,1, 9831
25,9835,2,2,1, 9837
8,9856,1,1,1, 9857
9,9857,2,2,1, 9859
24,9869,1,1,1, 9870
8,9896,1,1,0, 9897
9,9897,2,2,1, 9899
24,9909,1,1,1, 9910
8,9936,1,1,1, 9937
24,9949,1,1,0, 9950
31,9956,2,2,1, 9958
1,9966,1,1,1, 9967
8,9976,1,1,1, 9977
9,9977,2,2,1, 9979
24,9989,1,1,0, 9990
2,10003,2,2,1, 10005
1,10006,1,1,0, 10007
8,10016,1,1,1, 10017
9,10017,2,2,1, 10019
16,10019,2,2,1, 10021
24,10029,1,1,0, 10030
31,10036,2,2,1, 10038
1,10046,1,1,0, 10047
8,10056,1,1,1, 10057
24,10069,1,1,0, 10070
25,10075,2,2,1, 10077
1,10086,1,1,1, 10087
8,10096,1,1,0, 10097
16,10099,2,2,1, 10101
17,10099,3,3,1, 10102
15,10101,2,2,1, 10103
25,10115,2,2,1, 10117
1,10126,1,1,0, 10127
8,10136,1,1,1, 10137
26,10157,3,3,1, 10160
1,10166,1,1,0, 10167
24,10189,1,1,1, 10190
26,10197,3,3,1, 10200
1,10206,1,1,1, 10207
8,10216,1,1,0, 10217
9,10217,2,2,1, 10219
24,10229,1,1,0, 10230
2,10243,2,2,1, 10245
1,10246,1,1,1, 10247
3,10247,3,3,1, 10250
8,10256,1,1,0, 10257
16,10259,2,2,1, 10261
15,10261,2,2,1, 10263
24,10269,1,1,0, 10270
1,10286,1,1,0, 10287
24,10309,1,1,1, 10310
1,10326,1,1,0, 10327
24,10349,1,1,1, 10350
1,10366,1,1,0, 10367
8,10376,1,1,0, 10377
17,10379,3,3,1, 10382
15,10381,2,2,1, 10383
24,10389,1,1,1, 10390
24,10429,1,1,1, 10430
24,10469,1,1,1, 10470
1,10486,1,1,0, 10487
8,10496,1,1,0, 10497
9,10497,2,2,1, 10499
16,10499,2,2,1, 10501
17,10499,3,3,1, 10502
24,10509,1,1,0, 10510
25,10515,2,2,1, 10517
2,10523,2,2,1, 10525
1,10526,1,1,1, 10527
24,10549,1,1,0, 10550
25,10555,2,2,1, 10557
1,10566,1,1,0, 10567
17,10579,3,3,1, 10582
24,10589,1,1,1, 10590
1,10606,1,1,0, 10607
17,10619,3,3,1, 10622
24,10629,1,1,0, 10630
24,10669,1,1,0, 10670
1,10686,1,1,0, 10687
8,10696,1,1,1, 10697
15,10701,2,2,1, 10703
24,10709,1,1,1, 10710
25,10715,2,2,1, 10717
1,10726,1,1,0, 10727
8,10736,1,1,0, 10737
9,10737,2,2,1, 10739
15,10741,2,2,1, 10743
24,10749,1,1,1, 10750
1,10766,1,1,1, 10767
8,10776,1,1,0, 10777
24,10789,1,1,0, 10790
31,10796,2,2,1, 10798
2,10803,2,2,1, 10805
1,10806,1,1,0, 10807
8,10816,1,1,1, 10817
16,10819,2,2,1, 10821
15,10821,2,2,1, 10823
24,10829,1,1,0, 10830
1,10846,1,1,0, 10847
3,10847,3,3,1, 10850
8,10856,1,1,0, 10857
16,10859,2,2,1, 10861
24,10869,1,1,0, 10870
24,10909,1,1,1, 10910
31,10916,2,2,1, 10918
15,10941,2,4,1, 10945
24,10949,1,1,1, 10950
23,10948,3,3,1, 10951
1,10966,1,1,0, 10967
8,10976,1,1,1, 10977
16,10979,2,2,1, 10981
15,10981,2,2,1, 10983
25,10995,2,2,1, 10997
2,11003,2,2,1, 11005
1,11006,1,1,1, 11007
8,11016,1,1,1, 11017
25,11035,2,2,1, 11037
2,11043,2,2,1, 11045
1,11046,1,1,1, 11047
8,11056,1,1,1, 11057
1,11086,1,1,1, 11087
8,11096,1,1,1, 11097
9,11097,2,4,1, 11101
17,11099,3,3,1, 11102
24,11109,1,1,1, 11110
8,11136,1,1,1, 11137
16,11139,2,2,1, 11141
15,11141,2,2,1, 11143
24,11149,1,1,1, 11150
1,11166,1,1,1, 11167
8,11176,1,1,1, 11177
16,11179,2,2,1, 11181
24,11189,1,1,1, 11190
25,11195,2,2,1, 11197
26,11197,3,3,1, 11200
1,11206,1,1,0, 11207
8,11216,1,1,1, 11217
9,11217,2,2,1, 11219
16,11219,2,2,1, 11221
24,11229,1,1,0, 11230
8,11256,1,1,0, 11257
15,11261,2,2,1, 11263
24,11269,1,1,1, 11270
8,11296,1,1,0, 11297
24,11309,1,1,0, 11310
31,11316,2,2,1, 11318
1,11326,1,1,1, 11327
8,11336,1,1,0, 11337
24,11349,1,1,1, 11350
1,11366,1,1,0, 11367
24,11389,1,1,1, 11390
1,11406,1,1,0, 11407
24,11429,1,1,0, 11430
1,11446,1,1,0, 11447
3,11447,3,3,1, 11450
8,11456,1,1,1, 11457
16,11459,2,2,1, 11461
24,11469,1,1,0, 11470
1,11486,1,1,0, 11487
8,11496,1,1,1, 11497
15,11501,2,2,1, 11503
24,11509,1,1,1, 11510
31,11516,2,2,1, 11518
1,11526,1,1,1, 11527
8,11536,1,1,0, 11537
24,11549,1,1,0, 11550
1,11566,1,1,0, 11567
8,11576,1,1,0, 11577
16,11579,2,2,1, 11581
24,11589,1,1,1, 11590
1,11606,1,1,0, 11607
8,11616,1,1,1, 11617
17,11619,3,3,1, 11622
24,11629,1,1,0, 11630
25,11635,2,2,1, 11637
26,11637,3,3,1, 11640
1,11646,1,1,0, 11647
8,11656,1,1,1, 11657
15,11661,2,2,1, 11663
24,11669,1,1,0, 11670
1,11686,1,1,1, 11687
8,11696,1,1,1, 11697
9,11697,2,2,1, 11699
17,11699,3,3,1, 11702
24,11709,1,1,0, 11710
1,11726,1,1,1, 11727
24,11749,1,1,0, 11750
25,11755,2,2,1, 11757
1,11766,1,1,0, 11767
8,11776,1,1,1, 11777
17,11779,3,3,1, 11782
15,11781,2,2,1, 11783
24,11789,1,1,0, 11790
1,11806,1,1,1, 11807
8,11816,1,1,1, 11817
16,11819,2,2,1, 11821
17,11819,3,3,1, 11822
24,11829,1,1,0, 11830
31,11836,2,2,1, 11838
24,11869,1,1,1, 11870
31,11876,2,2,1, 11878
24,11909,1,1,1, 11910
31,11916,2,2,1, 11918
1,11926,1,1,1, 11927
8,11936,1,1,0, 11937
16,11939,2,2,1, 11941
17,11939,3,3,1, 11942
15,11941,2,2,1, 11943
1,11966,1,1,0, 11967
2,12003,2,2,1, 12005
1,12006,1,1,1, 12007
8,12016,1,1,1, 12017
24,12029,1,1,1, 12030
1,12046,1,1,1, 12047
8,12056,1,1,1, 12057
16,12059,2,2,1, 12061
17,12059,3,3,1, 12062
24,12069,1,1,0, 12070
1,12086,1,1,0, 12087
8,12096,1,1,1, 12097
15,12101,2,2,1, 12103
24,12109,1,1,1, 12110
25,12115,2,2,1, 12117
31,12116,2,2,1, 12118
1,12126,1,1,1, 12127
8,12136,1,1,0, 12137
15,12141,2,2,1, 12143
24,12149,1,1,0, 12150
31,12156,2,2,1, 12158
2,12163,2,2,1, 12165
1,12166,1,1,1, 12167
8,12176,1,1,1, 12177
9,12177,2,2,1, 12179
16,12179,2,2,1, 12181
17,12179,3,3,1, 12182
24,12189,1,1,1, 12190
1,12206,1,1,0, 12207
9,12217,2,2,1, 12219
24,12229,1,1,1, 12230
25,12235,2,2,1, 12237
1,12246,1,1,1, 12247
24,12269,1,1,0, 12270
25,12275,2,2,1, 12277
26,12277,3,3,1, 12280
2,12283,2,2,1, 12285
1,12286,1,1,1, 12287
8,12296,1,1,1, 12297
2,12323,2,2,1, 12325
1,12326,1,1,0, 12327
8,12336,1,1,1, 12337
9,12337,2,2,1, 12339
15,12341,2,2,1, 12343
1,12366,1,1,0, 12367
8,12376,1,1,1, 12377
15,12381,2,2,1, 12383
25,12395,2,2,1, 12397
2,12403,2,2,1, 12405
1,12406,1,1,1, 12407
8,12416,1,1,1, 12417
16,12419,2,2,1, 12421
24,12429,1,1,1, 12430
8,12456,1,1,1, 12457
15,12461,2,2,1, 12463
24,12469,1,1,0, 12470
8,12496,1,1,0, 12497
15,12501,2,2,1, 12503
24,12509,1,1,0, 12510
1,12526,1,1,0, 12527
8,12536,1,1,1, 12537
9,12537,2,2,1, 12539
16,12539,2,2,1, 12541
17,12539,3,3,1, 12542
24,12549,1,1,0, 12550
31,12556,2,2,1, 12558
8,12576,1,1,1, 12577
15,12581,2,2,1, 12583
24,12589,1,1,0, 12590
31,12596,2,2,1, 12598
2,12603,2,2,1, 12605
1,12606,1,1,0, 12607
8,12616,1,1,0, 12617
24,12629,1,1,0, 12630
26,12637,3,3,1, 12640
2,12643,2,2,1, 12645
1,12646,1,1,0, 12647
8,12656,1,1,1, 12657
15,12661,2,2,1, 12663
24,12669,1,1,0, 12670
24,12709,1,1,0, 12710
24,12749,1,1,1, 12750
2,12763,2,2,1, 12765
1,12766,1,1,0, 12767
8,12776,1,1,1, 12777
9,12777,2,2,1, 12779
17,12779,3,3,1, 12782
24,12789,1,1,1, 12790
8,12816,1,1,1, 12817
24,12829,1,1,0, 12830
31,12836,2,2,1, 12838
1,12846,1,1,1, 12847
8,12856,1,1,0, 12857
15,12861,2,2,1, 12863
24,12869,1,1,0, 12870
31,12876,2,2,1, 12878
1,12886,1,1,0, 12887
8,12896,1,1,0, 12897
16,12899,2,2,1, 12901
24,12909,1,1,0, 12910
2,12923,2,2,1, 12925
1,12926,1,1,1, 12927
24,12949,1,1,0, 12950
1,12966,1,1,0, 12967
17,12979,3,3,1, 12982
24,12989,1,1,0, 12990
1,13006,1,1,0, 13007
8,13016,1,1,0, 13017
9,13017,2,2,1, 13019
16,13019,2,2,1, 13021
24,13029,1,1,0, 13030
31,13036,2,2,1, 13038
8,13056,1,1,0, 13057
15,13061,2,2,1, 13063
24,13069,1,1,1, 13070
31,13076,2,2,1, 13078
1,13086,1,1,0, 13087
8,13096,1,1,1, 13097
9,13097,2,2,1, 13099
24,13109,1,1,0, 13110
2,13123,2,2,1, 13125
1,13126,1,1,1, 13127
8,13136,1,1,0, 13137
16,13139,2,2,1, 13141
15,13141,2,2,1, 13143
24,13149,1,1,0, 13150
8,13176,1,1,0, 13177
17,13179,3,3,1, 13182
24,13189,1,1,1, 13190
8,13216,1,1,1, 13217
15,13221,2,2,1, 13223
24,13229,1,1,1, 13230
1,13246,1,1,0, 13247
8,13256,1,1,0, 13257
9,13257,2,2,1, 13259
1,13286,1,1,0, 13287
8,13296,1,1,1, 13297
1,13326,1,1,0, 13327
8,13336,1,1,0, 13337
15,13341,2,2,1, 13343
1,13366,1,1,0, 13367
8,13376,1,1,1, 13377
17,13379,3,3,1, 13382
24,13389,1,1,1, 13390
2,13403,2,2,1, 13405
1,13406,1,1,1, 13407
8,13416,1,1,1, 13417
24,13429,1,1,1, 13430
2,13443,2,2,1, 13445
1,13446,1,1,1, 13447
8,13456,1,1,1, 13457
24,13469,1,1,0, 13470
2,13483,2,2,1, 13485
1,13486,1,1,0, 13487
8,13496,1,1,0, 13497
16,13499,2,2,1, 13501
17,13499,3,3,1, 13502
24,13509,1,1,0, 13510
25,13515,2,2,1, 13517
8,13536,1,1,0, 13537
15,13541,2,2,1, 13543
24,13549,1,1,0, 13550
25,13555,2,2,1, 13557
2,13563,2,2,1, 13565
1,13566,1,1,0, 13567
8,13576,1,1,0, 13577
15,13581,2,2,1, 13583
24,13589,1,1,1, 13590
2,13603,2,2,1, 13605
1,13606,1,1,1, 13607
8,13616,1,1,1, 13617
9,13617,2,2,1, 13619
24,13629,1,1,0, 13630
24,13669,1,1,1, 13670
24,13709,1,1,1, 13710
31,13716,2,2,1, 13718
1,13726,1,1,0, 13727
8,13736,1,1,1, 13737
24,13749,1,1,1, 13750
1,13766,1,1,1, 13767
8,13776,1,1,0, 13777
24,13789,1,1,1, 13790
2,13803,2,2,1, 13805
1,13806,1,1,1, 13807
8,13816,1,1,1, 13817
24,13829,1,1,0, 13830
2,13843,2,2,1, 13845
1,13846,1,1,1, 13847
8,13856,1,1,1, 13857
17,13859,3,3,1, 13862
24,13869,1,1,1, 13870
31,13876,2,2,1, 13878
8,13896,1,1,1, 13897
24,13909,1,1,1, 13910
25,13915,2,2,1, 13917
31,13916,2,2,1, 13918
2,13923,2,2,1, 13925
1,13926,1,1,0, 13927
8,13936,1,1,0, 13937
15,13941,2,2,1, 13943
24,13949,1,1,1, 13950
2,13963,2,2,1, 13965
1,13966,1,1,1, 13967
8,13976,1,1,0, 13977
9,13977,2,2,1, 13979
16,13979,2,2,1, 13981
24,13989,1,1,0, 13990
8,14016,1,1,0, 14017
24,14029,1,1,0, 14030
2,14043,2,2,1, 14045
1,14046,1,1,1, 14047
8,14056,1,1,0, 14057
9,14057,2,2,1, 14059
15,14061,2,2,1, 14063
24,14069,1,1,0, 14070
25,14075,2,2,1, 14077
1,14086,1,1,0, 14087
8,14096,1,1,1, 14097
9,14097,2,2,1, 14099
16,14099,2,2,1, 14101
24,14109,1,1,1, 14110
24,14149,1,1,1, 14150
2,14163,2,2,1, 14165
1,14166,1,1,1, 14167
24,14189,1,1,1, 14190
1,14206,1,1,1, 14207
8,14216,1,1,1, 14217
24,14229,1,1,0, 14230
2,14243,2,2,1, 14245
1,14246,1,1,0, 14247
8,14256,1,1,1, 14257
24,14269,1,1,0, 14270
1,14286,1,1,0, 14287
8,14296,1,1,0, 14297
15,14301,2,2,1, 14303
24,14309,1,1,0, 14310
31,14316,2,2,1, 14318
2,14323,2,2,1, 14325
1,14326,1,1,1, 14327
8,14336,1,1,0, 14337
9,14337,2,2,1, 14339
17,14339,3,3,1, 14342
15,14341,2,2,1, 14343
24,14349,1,1,1, 14350
25,14355,2,2,1, 14357
8,14376,1,1,0, 14377
15,14381,2,2,1, 14383
24,14389,1,1,0, 14390
1,14406,1,1,1, 14407
8,14416,1,1,1, 14417
24,14429,1,1,0, 14430
25,14435,2,2,1, 14437
31,14436,2,2,1, 14438
2,14443,2,2,1, 14445
1,14446,1,1,0, 14447
8,14456,1,1,0, 14457
9,14457,2,2,1, 14459
16,14459,2,2,1, 14461
17,14459,3,3,1, 14462
24,14469,1,1,1, 14470
25,14475,2,2,1, 14477
26,14477,3,3,1, 14480
24,14509,1,1,0, 14510
26,14517,3,3,1, 14520
1,14526,1,1,0, 14527
16,14539,2,2,1, 14541
24,14549,1,1,1, 14550
1,14566,1,1,0, 14567
8,14576,1,1,1, 14577
24,14589,1,1,0, 14590
31,14596,2,2,1, 14598
1,14606,1,1,0, 14607
8,14616,1,1,1, 14617
24,14629,1,1,0, 14630
25,14635,2,2,1, 14637
1,14646,1,1,0, 14647
8,14656,1,1,0, 14657
15,14661,2,2,1, 14663
24,14669,1,1,1, 14670
1,14686,1,1,1, 14687
8,14696,1,1,0, 14697
9,14697,2,2,1, 14699
16,14699,2,2,1, 14701
24,14709,1,1,1, 14710
1,14726,1,1,0, 14727
8,14736,1,1,1, 14737
24,14749,1,1,0, 14750
1,14766,1,1,1, 14767
8,14776,1,1,1, 14777
24,14789,1,1,1, 14790
1,14806,1,1,1, 14807
8,14816,1,1,1, 14817
16,14819,2,2,1, 14821
15,14821,2,2,1, 14823
24,14829,1,1,1, 14830
31,14836,2,2,1, 14838
1,14846,1,1,1, 14847
8,14856,1,1,0, 14857
24,14869,1,1,0, 14870
1,14886,1,1,0, 14887
8,14896,1,1,0, 14897
15,14901,2,2,1, 14903
24,14909,1,1,1, 14910
25,14915,2,2,1, 14917
1,14926,1,1,0, 14927
8,14936,1,1,0, 14937
9,14937,2,2,1, 14939
17,14939,3,3,1, 14942
1,14966,1,1,1, 14967
1,15006,1,1,0, 15007
1,15046,1,1,0, 15047
8,15056,1,1,1, 15057
9,15057,2,2,1, 15059
16,15059,2,2,1, 15061
24,15069,1,1,1, 15070
8,15096,1,1,0, 15097
24,15109,1,1,0, 15110
8,15136,1,1,1, 15137
15,15141,2,2,1, 15143
24,15149,1,1,0, 15150
1,15166,1,1,1, 15167
8,15176,1,1,1, 15177
9,15177,2,2,1, 15179
16,15179,2,2,1, 15181
24,15189,1,1,1, 15190
8,15216,1,1,1, 15217
15,15221,2,2,1, 15223
24,15229,1,1,0, 15230
8,15256,1,1,1, 15257
15,15261,2,2,1, 15263
24,15269,1,1,1, 15270
1,15286,1,1,0, 15287
8,15296,1,1,0, 15297
9,15297,2,2,1, 15299
17,15299,3,3,1, 15302
24,15309,1,1,1, 15310
25,15315,2,2,1, 15317
1,15326,1,1,0, 15327
24,15349,1,1,1, 15350
25,15355,2,2,1, 15357
1,15366,1,1,0, 15367
8,15376,1,1,1, 15377
24,15389,1,1,0, 15390
25,15395,2,2,1, 15397
1,15406,1,1,1, 15407
8,15416,1,1,1, 15417
9,15417,2,2,1, 15419
16,15419,2,2,1, 15421
24,15429,1,1,1, 15430
31,15436,2,2,1, 15438
2,15443,2,2,1, 15445
1,15446,1,1,0, 15447
24,15469,1,1,1, 15470
1,15486,1,1,1, 15487
24,15509,1,1,1, 15510
2,15523,2,2,1, 15525
1,15526,1,1,0, 15527
8,15536,1,1,1, 15537
15,15541,2,2,1, 15543
24,15549,1,1,0, 15550
1,15566,1,1,1, 15567
8,15576,1,1,0, 15577
17,15579,3,3,1, 15582
24,15589,1,1,1, 15590
1,15606,1,1,1, 15607
8,15616,1,1,0, 15617
15,15621,2,2,1, 15623
24,15629,1,1,0, 15630
1,15646,1,1,1, 15647
8,15656,1,1,0, 15657
9,15657,2,2,1, 15659
17,15659,3,3,1, 15662
24,15669,1,1,1, 15670
1,15686,1,1,1, 15687
9,15697,2,2,1, 15699
16,15699,2,2,1, 15701
24,15709,1,1,1, 15710
16,15739,2,2,1, 15741
24,15749,1,1,1, 15750
16,15779,2,2,1, 15781
1,15846,1,1,0, 15847
8,15856,1,1,1, 15857
9,15857,2,2,1, 15859
1,15886,1,1,0, 15887
8,15896,1,1,1, 15897
9,15897,2,2,1, 15899
15,15901,2,2,1, 15903
24,15909,1,1,0, 15910
31,15916,2,2,1, 15918
8,15936,1,1,0, 15937
24,15949,1,1,1, 15950
31,15956,2,2,1, 15958
8,15976,1,1,0, 15977
24,15989,1,1,1, 15990
1,16006,1,1,0, 16007
8,16016,1,1,0, 16017
9,16017,2,2,1, 16019
15,16021,2,2,1, 16023
24,16029,1,1,0, 16030
1,16046,1,1,1, 16047
8,16056,1,1,0, 16057
24,16069,1,1,1, 16070
1,16086,1,1,0, 16087
8,16096,1,1,0, 16097
15,16101,2,2,1, 16103
24,16109,1,1,1, 16110
1,16126,1,1,0, 16127
8,16136,1,1,0, 16137
9,16137,2,2,1, 16139
16,16139,2,2,1, 16141
24,16149,1,1,0, 16150
25,16155,2,2,1, 16157
31,16156,2,2,1, 16158
8,16176,1,1,0, 16177
16,16179,2,2,1, 16181
24,16189,1,1,1, 16190
25,16195,2,2,1, 16197
8,16216,1,1,0, 16217
16,16219,2,2,1, 16221
24,16229,1,1,1, 16230
25,16235,2,2,1, 16237
1,16246,1,1,0, 16247
8,16256,1,1,1, 16257
17,16259,3,3,1, 16262
1,16286,1,1,0, 16287
1,16326,1,1,1, 16327
8,16336,1,1,1, 16337
15,16341,2,2,1, 16343
24,16349,1,1,0, 16350
1,16366,1,1,1, 16367
8,16376,1,1,0, 16377
15,16381,2,2,1, 16383
24,16389,1,1,0, 16390
31,16396,2,2,1, 16398
1,16406,1,1,1, 16407
8,16416,1,1,0, 16417
15,16421,2,2,1, 16423
24,16429,1,1,1, 16430
25,16435,2,2,1, 16437
2,16443,2,2,1, 16445
1,16446,1,1,0, 16447
16,16459,2,4,1, 16463
2,16483,2,2,1, 16485
1,16486,1,1,0, 16487
25,16515,2,2,1, 16517
1,16526,1,1,1, 16527
24,16549,1,1,1, 16550
23,16548,3,3,1, 16551
25,16555,2,2,1, 16557
26,16557,3,3,1, 16560
8,16576,1,1,0, 16577
9,16577,2,2,1, 16579
15,16581,2,2,1, 16583
24,16589,1,1,1, 16590
8,16616,1,1,1, 16617
9,16617,2,2,1, 16619
15,16621,2,2,1, 16623
24,16629,1,1,0, 16630
8,16656,1,1,0, 16657
9,16657,2,2,1, 16659
15,16661,2,2,1, 16663
24,16669,1,1,0, 16670
25,16675,2,2,1, 16677
1,16686,1,1,1, 16687
8,16696,1,1,0, 16697
15,16701,2,2,1, 16703
24,16709,1,1,0, 16710
1,16726,1,1,0, 16727
8,16736,1,1,0, 16737
15,16741,2,2,1, 16743
24,16749,1,1,1, 16750
1,16766,1,1,1, 16767
24,16789,1,1,0, 16790
25,16795,2,2,1, 16797
24,16829,1,1,1, 16830
24,16869,1,1,0, 16870
22,16906,4,4,1, 16910
24,16909,1,1,0, 16910
23,16908,3,3,1, 16911
25,16915,2,2,1, 16917
1,16926,1,1,0, 16927
8,16936,1,1,1, 16937
15,16941,2,2,1, 16943
24,16949,1,1,1, 16950
1,16966,1,1,1, 16967
8,16976,1,1,1, 16977
15,16981,2,2,1, 16983
24,16989,1,1,1, 16990
31,16996,2,2,1, 16998
1,17006,1,1,0, 17007
8,17016,1,1,1, 17017
15,17021,2,2,1, 17023
24,17029,1,1,1, 17030
1,17046,1,1,1, 17047
24,17069,1,1,1, 17070
25,17075,2,2,1, 17077
1,17086,1,1,0, 17087
24,17109,1,1,1, 17110
1,17126,1,1,0, 17127
24,17149,1,1,0, 17150
8,17176,1,1,1, 17177
15,17181,2,2,1, 17183
24,17189,1,1,0, 17190
31,17196,2,2,1, 17198
8,17216,1,1,1, 17217
15,17221,2,2,1, 17223
24,17229,1,1,1, 17230
31,17236,2,2,1, 17238
8,17256,1,1,1, 17257
24,17269,1,1,0, 17270
31,17276,2,2,1, 17278
26,17277,3,3,1, 17280
1,17286,1,1,1, 17287
8,17296,1,1,0, 17297
24,17309,1,1,1, 17310
1,17326,1,1,0, 17327
8,17336,1,1,0, 17337
15,17341,2,2,1, 17343
24,17349,1,1,0, 17350
1,17366,1,1,0, 17367
8,17376,1,1,1, 17377
15,17381,2,2,1, 17383
24,17389,1,1,1, 17390
1,17406,1,1,0, 17407
24,17429,1,1,0, 17430
2,17443,2,2,1, 17445
1,17446,1,1,0, 17447
16,17459,2,2,1, 17461
24,17469,1,1,0, 17470
2,17483,2,2,1, 17485
1,17486,1,1,1, 17487
22,17506,4,4,1, 17510
24,17509,1,1,0, 17510
26,17517,3,3,1, 17520
8,17536,1,1,1, 17537
24,17549,1,1,0, 17550
8,17576,1,1,0, 17577
24,17589,1,1,0, 17590
8,17616,1,1,0, 17617
17,17619,3,3,1, 17622
22,17626,4,4,1, 17630
24,17629,1,1,0, 17630
23,17628,3,3,1, 17631
31,17636,2,2,1, 17638
26,17637,3,3,1, 17640
2,17643,2,2,1, 17645
1,17646,1,1,0, 17647
8,17656,1,1,0, 17657
16,17659,2,2,1, 17661
24,17669,1,1,0, 17670
2,17683,2,2,1, 17685
1,17686,1,1,1, 17687
8,17696,1,1,1, 17697
24,17709,1,1,0, 17710
1,17726,1,1,1, 17727
8,17736,1,1,0, 17737
16,17739,2,2,1, 17741
24,17749,1,1,0, 17750
25,17755,2,2,1, 17757
26,17757,3,3,1, 17760
1,17766,1,1,0, 17767
8,17776,1,1,0, 17777
17,17779,3,3,1, 17782
15,17781,2,2,1, 17783
24,17789,1,1,1, 17790
1,17806,1,1,1, 17807
8,17816,1,1,1, 17817
15,17821,2,2,1, 17823
24,17829,1,1,1, 17830
2,17843,2,2,1, 17845
1,17846,1,1,1, 17847
8,17856,1,1,1, 17857
17,17859,3,3,1, 17862
24,17869,1,1,0, 17870
26,17877,3,3,1, 17880
1,17886,1,1,0, 17887
1,17926,1,1,0, 17927
1,17966,1,1,0, 17967
24,17989,1,1,1, 17990
25,17995,2,2,1, 17997
2,18003,2,2,1, 18005
1,18006,1,1,0, 18007
8,18016,1,1,0, 18017
15,18021,2,2,1, 18023
24,18029,1,1,0, 18030
1,18046,1,1,0, 18047
8,18056,1,1,1, 18057
24,18069,1,1,0, 18070
1,18086,1,1,1, 18087
8,18096,1,1,1, 18097
24,18109,1,1,1, 18110
25,18115,2,2,1, 18117
8,18136,1,1,1, 18137
17,18139,3,3,1, 18142
24,18149,1,1,1, 18150
25,18155,2,2,1, 18157
26,18157,3,3,1, 18160
8,18176,1,1,0, 18177
17,18179,3,3,1, 18182
24,18189,1,1,0, 18190
8,18216,1,1,0, 18217
24,18229,1,1,1, 18230
30,18233,3,3,1, 18236
2,18243,2,2,1, 18245
1,18246,1,1,1, 18247
8,18256,1,1,1, 18257
9,18257,2,2,1, 18259
25,18275,2,2,1, 18277
1,18286,1,1,0, 18287
8,18296,1,1,1, 18297
9,18297,2,2,1, 18299
8,18336,1,1,1, 18337
15,18341,2,2,1, 18343
24,18349,1,1,1, 18350
1,18366,1,1,1, 18367
24,18389,1,1,1, 18390
2,18403,2,2,1, 18405
1,18406,1,1,1, 18407
24,18429,1,1,0, 18430
1,18446,1,1,0, 18447
24,18469,1,1,0, 18470
30,18473,3,3,1, 18476
25,18475,2,2,1, 18477
31,18476,2,2,1, 18478
26,18477,3,3,1, 18480
2,18483,2,2,1, 18485
8,18496,1,1,0, 18497
16,18499,2,2,1, 18501
15,18501,2,2,1, 18503
8,18536,1,1,0, 18537
16,18539,2,2,1, 18541
15,18541,2,2,1, 18543
8,18576,1,1,1, 18577
15,18581,2,2,1, 18583
24,18589,1,1,0, 18590
1,18606,1,1,0, 18607
24,18629,1,1,0, 18630
25,18635,2,2,1, 18637
1,18646,1,1,1, 18647
17,18659,3,3,1, 18662
24,18669,1,1,1, 18670
1,18686,1,1,0, 18687
22,18706,4,4,1, 18710
24,18709,1,1,1, 18710
23,18708,3,3,1, 18711
31,18716,2,2,1, 18718
1,18726,1,1,0, 18727
8,18736,1,1,1, 18737
15,18741,2,2,1, 18743
24,18749,1,1,0, 18750
31,18756,2,2,1, 18758
1,18766,1,1,0, 18767
8,18776,1,1,1, 18777
16,18779,2,2,1, 18781
17,18779,3,3,1, 18782
15,18781,2,2,1, 18783
25,18795,2,2,1, 18797
1,18806,1,1,0, 18807
8,18816,1,1,1, 18817
15,18821,2,2,1, 18823
2,18843,2,2,1, 18845
1,18846,1,1,0, 18847
8,18856,1,1,0, 18857
25,18875,2,2,1, 18877
26,18877,3,3,1, 18880
2,18883,2,2,1, 18885
1,18886,1,1,0, 18887
8,18896,1,1,0, 18897
24,18909,1,1,1, 18910
1,18926,1,1,1, 18927
8,18936,1,1,0, 18937
15,18941,2,2,1, 18943
24,18949,1,1,1, 18950
1,18966,1,1,0, 18967
8,18976,1,1,0, 18977
9,18977,2,2,1, 18979
16,18979,2,2,1, 18981
24,18989,1,1,0, 18990
1,19006,1,1,1, 19007
8,19016,1,1,1, 19017
9,19017,2,2,1, 19019
24,19029,1,1,0, 19030
31,19036,2,2,1, 19038
24,19069,1,1,1, 19070
31,19076,2,2,1, 19078
24,19109,1,1,0, 19110
31,19116,2,2,1, 19118
1,19126,1,1,0, 19127
8,19136,1,1,0, 19137
17,19139,3,3,1, 19142
24,19149,1,1,0, 19150
25,19155,2,2,1, 19157
31,19156,2,2,1, 19158
1,19166,1,1,1, 19167
8,19176,1,1,1, 19177
17,19179,3,3,1, 19182
15,19181,2,2,1, 19183
24,19189,1,1,0, 19190
1,19206,1,1,1, 19207
8,19216,1,1,1, 19217
17,19219,3,3,1, 19222
25,19235,2,2,1, 19237
1,19246,1,1,0, 19247
8,19256,1,1,1, 19257
15,19261,2,2,1, 19263
24,19269,1,1,0, 19270
2,19283,2,2,1, 19285
1,19286,1,1,0, 19287
8,19296,1,1,1, 19297
15,19301,2,2,1, 19303
24,19309,1,1,0, 19310
2,19323,2,2,1, 19325
1,19326,1,1,1, 19327
8,19336,1,1,0, 19337
24,19349,1,1,1, 19350
2,19363,2,2,1, 19365
1,19366,1,1,0, 19367
8,19376,1,1,1, 19377
17,19379,3,3,1, 19382
24,19389,1,1,0, 19390
8,19416,1,1,1, 19417
24,19429,1,1,1, 19430
31,19436,2,2,1, 19438
8,19456,1,1,0, 19457
24,19469,1,1,0, 19470
1,19486,1,1,1, 19487
8,19496,1,1,1, 19497
16,19499,2,2,1, 19501
17,19499,3,3,1, 19502
15,19501,2,2,1, 19503
24,19509,1,1,0, 19510
31,19516,2,2,1, 19518
8,19536,1,1,1, 19537
15,19541,2,2,1, 19543
24,19549,1,1,1, 19550
31,19556,2,2,1, 19558
2,19563,2,2,1, 19565
1,19566,1,1,1, 19567
8,19576,1,1,1, 19577
24,19589,1,1,0, 19590
25,19595,2,2,1, 19597
2,19603,2,2,1, 19605
1,19606,1,1,0, 19607
8,19616,1,1,0, 19617
1,19726,1,1,0, 19727
8,19736,1,1,1, 19737
9,19737,2,2,1, 19739
17,19739,3,3,1, 19742
15,19741,2,2,1, 19743
24,19749,1,1,0, 19750
1,19766,1,1,0, 19767
8,19776,1,1,0, 19777
9,19777,2,2,1, 19779
16,19779,2,2,1, 19781
15,19781,2,2,1, 19783
24,19789,1,1,1, 19790
1,19806,1,1,1, 19807
16,19819,2,2,1, 19821
24,19829,1,1,0, 19830
1,19846,1,1,0, 19847
16,19859,2,2,1, 19861
17,19859,3,3,1, 19862
24,19869,1,1,1, 19870
31,19876,2,2,1, 19878
8,19896,1,1,0, 19897
15,19901,2,2,1, 19903
24,19909,1,1,0, 19910
8,19936,1,1,1, 19937
24,19949,1,1,0, 19950
25,19955,2,2,1, 19957
1,19966,1,1,1, 19967
8,19976,1,1,1, 19977
9,19977,2,4,1, 19981
16,19979,2,2,1, 19981
17,19979,3,3,1, 19982
1,20006,1,1,0, 20007
8,20016,1,1,0, 20017
1,20046,1,1,0, 20047
8,20056,1,1,0, 20057
24,20069,1,1,1, 20070
31,20076,2,2,1, 20078
1,20086,1,1,0, 20087
8,20096,1,1,0, 20097
16,20099,2,2,1, 20101
17,20099,3,3,1, 20102
2,20123,2,2,1, 20125
1,20126,1,1,1, 20127
8,20136,1,1,0, 20137
15,20141,2,2,1, 20143
1,20166,1,1,1, 20167
8,20176,1,1,1, 20177
1,20206,1,1,1, 20207
8,20216,1,1,1, 20217
9,20217,2,2,1, 20219
16,20219,2,2,1, 20221
17,20219,3,3,1, 20222
15,20221,2,2,1, 20223
24,20229,1,1,1, 20230
31,20236,2,2,1, 20238
8,20256,1,1,1, 20257
24,20269,1,1,1, 20270
31,20276,2,2,1, 20278
2,20283,2,2,1, 20285
1,20286,1,1,0, 20287
8,20296,1,1,0, 20297
15,20301,2,2,1, 20303
24,20309,1,1,0, 20310
25,20315,2,2,1, 20317
2,20323,2,2,1, 20325
1,20326,1,1,1, 20327
8,20336,1,1,0, 20337
25,20355,2,2,1, 20357
1,20366,1,1,1, 20367
8,20376,1,1,0, 20377
1,20406,1,1,0, 20407
8,20416,1,1,1, 20417
25,20435,2,2,1, 20437
1,20446,1,1,1, 20447
8,20456,1,1,1, 20457
16,20459,2,2,1, 20461
15,20461,2,2,1, 20463
24,20469,1,1,1, 20470
8,20496,1,1,0, 20497
24,20509,1,1,0, 20510
8,20536,1,1,0, 20537
24,20549,1,1,0, 20550
1,20566,1,1,1, 20567
8,20576,1,1,0, 20577
9,20577,2,2,1, 20579
16,20579,2,2,1, 20581
17,20579,3,3,1, 20582
24,20589,1,1,0, 20590
31,20596,2,2,1, 20598
2,20603,2,2,1, 20605
1,20606,1,1,1, 20607
8,20616,1,1,0, 20617
15,20621,2,2,1, 20623
24,20629,1,1,1, 20630
31,20636,2,2,1, 20638
1,20646,1,1,0, 20647
8,20656,1,1,0, 20657
15,20661,2,2,1, 20663
24,20669,1,1,1, 20670
25,20675,2,2,1, 20677
1,20686,1,1,0, 20687
8,20696,1,1,1, 20697
17,20699,3,3,1, 20702
15,20701,2,2,1, 20703
24,20709,1,1,1, 20710
8,20736,1,1,0, 20737
15,20741,2,2,1, 20743
24,20749,1,1,1, 20750
8,20776,1,1,1, 20777
15,20781,2,2,1, 20783
24,20789,1,1,1, 20790
1,20806,1,1,0, 20807
8,20816,1,1,1, 20817
9,20817,2,2,1, 20819
16,20819,2,2,1, 20821
17,20819,3,3,1, 20822
24,20829,1,1,1, 20830
25,20835,2,2,1, 20837
1,20846,1,1,0, 20847
24,20869,1,1,0, 20870
31,20876,2,2,1, 20878
1,20886,1,1,1, 20887
8,20896,1,1,0, 20897
15,20901,2,2,1, 20903
25,20915,2,2,1, 20917
1,20926,1,1,1, 20927
8,20936,1,1,0, 20937
9,20937,2,2,1, 20939
1,20966,1,1,1, 20967
24,20989,1,1,0, 20990
2,21003,2,2,1, 21005
1,21006,1,1,0, 21007
8,21016,1,1,1, 21017
16,21019,2,2,1, 21021
15,21021,2,2,1, 21023
24,21029,1,1,1, 21030
25,21035,2,2,1, 21037
2,21043,2,2,1, 21045
1,21046,1,1,0, 21047
8,21056,1,1,0, 21057
9,21057,2,2,1, 21059
16,21059,2,2,1, 21061
24,21069,1,1,1, 21070
16,21099,2,2,1, 21101
17,21099,3,3,1, 21102
22,21106,4,4,1, 21110
24,21109,1,1,0, 21110
8,21136,1,1,1, 21137
15,21141,2,2,1, 21143
24,21149,1,1,0, 21150
31,21156,2,2,1, 21158
1,21166,1,1,1, 21167
8,21176,1,1,1, 21177
9,21177,2,2,1, 21179
24,21189,1,1,1, 21190
25,21195,2,2,1, 21197
31,21196,2,2,1, 21198
1,21206,1,1,0, 21207
8,21216,1,1,0, 21217
15,21221,2,2,1, 21223
24,21229,1,1,0, 21230
31,21236,2,2,1, 21238
2,21243,2,2,1, 21245
1,21246,1,1,1, 21247
8,21256,1,1,1, 21257
16,21259,2,2,1, 21261
24,21269,1,1,1, 21270
1,21286,1,1,0, 21287
8,21296,1,1,1, 21297
17,21299,3,3,1, 21302
1,21326,1,1,1, 21327
8,21336,1,1,0, 21337
1,21366,1,1,1, 21367
8,21376,1,1,0, 21377
15,21381,2,2,1, 21383
2,21403,2,2,1, 21405
1,21406,1,1,1, 21407
8,21416,1,1,0, 21417
25,21435,2,2,1, 21437
1,21446,1,1,0, 21447
1,21486,1,1,0, 21487
25,21515,2,2,1, 21517
1,21526,1,1,0, 21527
8,21536,1,1,1, 21537
24,21549,1,1,0, 21550
8,21576,1,1,0, 21577
24,21589,1,1,1, 21590
8,21616,1,1,1, 21617
15,21621,2,2,1, 21623
24,21629,1,1,0, 21630
1,21646,1,1,1, 21647
8,21656,1,1,0, 21657
16,21659,2,2,1, 21661
17,21659,3,3,1, 21662
24,21669,1,1,0, 21670
25,21675,2,2,1, 21677
31,21676,2,2,1, 21678
2,21683,2,2,1, 21685
1,21686,1,1,0, 21687
8,21696,1,1,0, 21697
24,21709,1,1,1, 21710
2,21723,2,2,1, 21725
1,21726,1,1,0, 21727
8,21736,1,1,0, 21737
15,21741,2,2,1, 21743
24,21749,1,1,1, 21750
2,21763,2,2,1, 21765
1,21766,1,1,0, 21767
8,21776,1,1,0, 21777
16,21779,2,2,1, 21781
24,21789,1,1,1, 21790
24,21829,1,1,0, 21830
24,21869,1,1,0, 21870
1,21886,1,1,1, 21887
8,21896,1,1,0, 21897
9,21897,2,2,1, 21899
16,21899,2,2,1, 21901
24,21909,1,1,1, 21910
31,21916,2,2,1, 21918
2,21923,2,2,1, 21925
1,21926,1,1,0, 21927
8,21936,1,1,1, 21937
24,21949,1,1,1, 21950
1,21966,1,1,1, 21967
8,21976,1,1,1, 21977
24,21989,1,1,0, 21990
25,21995,2,2,1, 21997
1,22006,1,1,1, 22007
8,22016,1,1,0, 22017
24,22029,1,1,0, 22030
31,22036,2,2,1, 22038
1,22046,1,1,0, 22047
8,22056,1,1,1, 22057
15,22061,2,2,1, 22063
24,22069,1,1,1, 22070
31,22076,2,2,1, 22078
1,22086,1,1,1, 22087
8,22096,1,1,1, 22097
24,22109,1,1,0, 22110
25,22115,2,2,1, 22117
1,22126,1,1,1, 22127
8,22136,1,1,0, 22137
16,22139,2,2,1, 22141
2,22163,2,2,1, 22165
1,22166,1,1,1, 22167
2,22203,2,2,1, 22205
1,22206,1,1,0, 22207
1,22246,1,1,0, 22247
8,22256,1,1,1, 22257
16,22259,2,2,1, 22261
24,22269,1,1,0, 22270
31,22276,2,2,1, 22278
1,22286,1,1,0, 22287
8,22296,1,1,0, 22297
24,22309,1,1,0, 22310
25,22315,2,2,1, 22317
1,22326,1,1,1, 22327
8,22336,1,1,0, 22337
24,22349,1,1,0, 22350
25,22355,2,2,1, 22357
2,22363,2,2,1, 22365
1,22366,1,1,1, 22367
8,22376,1,1,0, 22377
16,22379,2,2,1, 22381
8,22416,1,1,1, 22417
8,22456,1,1,0, 22457
1,22486,1,1,0, 22487
8,22496,1,1,0, 22497
17,22499,3,3,1, 22502
24,22509,1,1,0, 22510
1,22526,1,1,0, 22527
8,22536,1,1,0, 22537
24,22549,1,1,1, 22550
31,22556,2,2,1, 22558
2,22563,2,2,1, 22565
1,22566,1,1,1, 22567
8,22576,1,1,1, 22577
24,22589,1,1,1, 22590
31,22596,2,2,1, 22598
1,22606,1,1,0, 22607
8,22616,1,1,1, 22617
15,22621,2,2,1, 22623
24,22629,1,1,0, 22630
2,22643,2,2,1, 22645
1,22646,1,1,0, 22647
8,22656,1,1,0, 22657
15,22661,2,2,1, 22663
24,22669,1,1,1, 22670
1,22686,1,1,0, 22687
8,22696,1,1,1, 22697
15,22701,2,2,1, 22703
24,22709,1,1,0, 22710
2,22723,2,2,1, 22725
1,22726,1,1,1, 22727
8,22736,1,1,0, 22737
17,22739,3,3,1, 22742
24,22749,1,1,1, 22750
31,22756,2,2,1, 22758
8,22776,1,1,0, 22777
9,22777,2,2,1, 22779
24,22789,1,1,1, 22790
8,22816,1,1,1, 22817
9,22817,2,2,1, 22819
24,22829,1,1,0, 22830
25,22835,2,2,1, 22837
31,22836,2,2,1, 22838
1,22846,1,1,0, 22847
8,22856,1,1,1, 22857
17,22859,3,3,1, 22862
24,22869,1,1,1, 22870
31,22876,2,2,1, 22878
2,22883,2,2,1, 22885
1,22886,1,1,1, 22887
24,22909,1,1,1, 22910
31,22916,2,2,1, 22918
1,22926,1,1,0, 22927
8,22936,1,1,0, 22937
1,22966,1,1,0, 22967
8,22976,1,1,1, 22977
9,22977,2,2,1, 22979
1,23006,1,1,0, 23007
1,23046,1,1,1, 23047
25,23075,2,2,1, 23077
1,23086,1,1,0, 23087
8,23096,1,1,1, 23097
9,23097,2,2,1, 23099
24,23109,1,1,1, 23110
1,23126,1,1,0, 23127
8,23136,1,1,1, 23137
24,23149,1,1,1, 23150
31,23156,2,2,1, 23158
1,23166,1,1,0, 23167
8,23176,1,1,1, 23177
15,23181,2,2,1, 23183
24,23189,1,1,0, 23190
1,23206,1,1,1, 23207
8,23216,1,1,1, 23217
16,23219,2,2,1, 23221
17,23219,3,3,1, 23222
15,23221,2,2,1, 23223
24,23229,1,1,1, 23230
25,23235,2,2,1, 23237
31,23236,2,2,1, 23238
1,23246,1,1,0, 23247
8,23256,1,1,1, 23257
24,23269,1,1,0, 23270
31,23276,2,2,1, 23278
1,23286,1,1,1, 23287
8,23296,1,1,1, 23297
17,23299,3,3,1, 23302
15,23301,2,2,1, 23303
24,23309,1,1,0, 23310
2,23323,2,2,1, 23325
1,23326,1,1,0, 23327
8,23336,1,1,0, 23337
17,23339,3,3,1, 23342
24,23349,1,1,1, 23350
2,23363,2,2,1, 23365
1,23366,1,1,1, 23367
8,23376,1,1,1, 23377
15,23381,2,2,1, 23383
24,23389,1,1,1, 23390
1,23406,1,1,1, 23407
24,23429,1,1,1, 23430
25,23435,2,2,1, 23437
1,23446,1,1,0, 23447
24,23469,1,1,1, 23470
25,23475,2,2,1, 23477
1,23486,1,1,1, 23487
24,23509,1,1,1, 23510
25,23515,2,2,1, 23517
8,23536,1,1,1, 23537
9,23537,2,2,1, 23539
24,23549,1,1,1, 23550
8,23576,1,1,0, 23577
9,23577,2,2,1, 23579
24,23589,1,1,1, 23590
8,23616,1,1,1, 23617
16,23619,2,2,1, 23621
24,23629,1,1,1, 23630
25,23635,2,2,1, 23637
31,23636,2,2,1, 23638
1,23646,1,1,0, 23647
8,23656,1,1,0, 23657
15,23661,2,2,1, 23663
24,23669,1,1,0, 23670
31,23676,2,2,1, 23678
1,23686,1,1,0, 23687
8,23696,1,1,0, 23697
15,23701,2,2,1, 23703
24,23709,1,1,0, 23710
31,23716,2,2,1, 23718
1,23726,1,1,0, 23727
8,23736,1,1,0, 23737
15,23741,2,2,1, 23743
24,23749,1,1,0, 23750
25,23755,2,2,1, 23757
2,23763,2,2,1, 23765
1,23766,1,1,0, 23767
25,23795,2,2,1, 23797
1,23806,1,1,1, 23807
1,23846,1,1,1, 23847
24,23869,1,1,0, 23870
25,23875,2,2,1, 23877
1,23886,1,1,0, 23887
8,23896,1,1,0, 23897
24,23909,1,1,1, 23910
31,23916,2,2,1, 23918
1,23926,1,1,1, 23927
8,23936,1,1,1, 23937
24,23949,1,1,1, 23950
25,23955,2,2,1, 23957
2,23963,2,2,1, 23965
1,23966,1,1,1, 23967
8,23976,1,1,1, 23977
15,23981,2,2,1, 23983
24,23989,1,1,1, 23990
2,24003,2,2,1, 24005
8,24016,1,1,1, 24017
24,24029,1,1,1, 24030
31,24036,2,2,1, 24038
8,24056,1,1,1, 24057
16,24059,2,2,1, 24061
24,24069,1,1,0, 24070
8,24096,1,1,1, 24097
16,24099,2,2,1, 24101
24,24109,1,1,1, 24110
25,24115,2,2,1, 24117
1,24126,1,1,1, 24127
8,24136,1,1,1, 24137
25,24155,2,2,1, 24157
1,24166,1,1,1, 24167
8,24176,1,1,1, 24177
15,24181,2,2,1, 24183
25,24195,2,2,1, 24197
1,24206,1,1,1, 24207
8,24216,1,1,0, 24217
15,24221,2,2,1, 24223
24,24229,1,1,1, 24230
24,24269,1,1,1, 24270
31,24276,2,2,1, 24278
24,24309,1,1,1, 24310
24,24349,1,1,1, 24350
25,24355,2,2,1, 24357
31,24356,2,2,1, 24358
1,24366,1,1,1, 24367
8,24376,1,1,0, 24377
24,24389,1,1,1, 24390
31,24396,2,2,1, 24398
1,24406,1,1,0, 24407
8,24416,1,1,0, 24417
15,24421,2,2,1, 24423
24,24429,1,1,0, 24430
1,24446,1,1,1, 24447
8,24456,1,1,1, 24457
15,24461,2,2,1, 24463
24,24469,1,1,1, 24470
25,24475,2,2,1, 24477
31,24476,2,2,1, 24478
1,24486,1,1,1, 24487
8,24496,1,1,1, 24497
1,24526,1,1,0, 24527
8,24536,1,1,0, 24537
15,24541,2,2,1, 24543
1,24566,1,1,0, 24567
8,24576,1,1,0, 24577
24,24589,1,1,0, 24590
25,24595,2,2,1, 24597
1,24606,1,1,0, 24607
24,24629,1,1,1, 24630
25,24635,2,2,1, 24637
31,24636,2,2,1, 24638
1,24646,1,1,1, 24647
24,24669,1,1,1, 24670
31,24676,2,2,1, 24678
2,24683,2,2,1, 24685
1,24686,1,1,1, 24687
24,24709,1,1,1, 24710
1,24726,1,1,0, 24727
8,24736,1,1,0, 24737
15,24741,2,2,1, 24743
24,24749,1,1,1, 24750
31,24756,2,2,1, 24758
2,24763,2,2,1, 24765
1,24766,1,1,1, 24767
8,24776,1,1,1, 24777
24,24789,1,1,0, 24790
31,24796,2,2,1, 24798
1,24806,1,1,1, 24807
8,24816,1,1,0, 24817
24,24829,1,1,0, 24830
2,24843,2,2,1, 24845
1,24846,1,1,0, 24847
8,24856,1,1,1, 24857
16,24859,2,2,1, 24861
1,24886,1,1,0, 24887
8,24896,1,1,1, 24897
16,24899,2,2,1, 24901
15,24901,2,2,1, 24903
1,24926,1,1,1, 24927
8,24936,1,1,1, 24937
24,24949,1,1,1, 24950
31,24956,2,2,1, 24958
1,24966,1,1,1, 24967
24,24989,1,1,1, 24990
25,24995,2,2,1, 24997
1,25006,1,1,0, 25007
24,25029,1,1,0, 25030
25,25035,2,2,1, 25037
31,25036,2,2,1, 25038
2,25043,2,2,1, 25045
1,25046,1,1,0, 25047
24,25069,1,1,1, 25070
25,25075,2,2,1, 25077
1,25086,1,1,1, 25087
8,25096,1,1,1, 25097
24,25109,1,1,0, 25110
2,25123,2,2,1, 25125
1,25126,1,1,1, 25127
8,25136,1,1,0, 25137
15,25141,2,2,1, 25143
24,25149,1,1,0, 25150
31,25156,2,2,1, 25158
1,25166,1,1,0, 25167
8,25176,1,1,0, 25177
15,25181,2,2,1, 25183
24,25189,1,1,0, 25190
25,25195,2,2,1, 25197
8,25216,1,1,1, 25217
15,25221,2,2,1, 25223
24,25229,1,1,0, 25230
31,25236,2,2,1, 25238
8,25256,1,1,1, 25257
15,25261,2,2,1, 25263
24,25269,1,1,0, 25270
25,25275,2,2,1, 25277
8,25296,1,1,0, 25297
24,25309,1,1,0, 25310
2,25323,2,2,1, 25325
1,25326,1,1,1, 25327
8,25336,1,1,1, 25337
16,25339,2,2,1, 25341
25,25355,2,2,1, 25357
2,25363,2,2,1, 25365
1,25366,1,1,1, 25367
8,25376,1,1,1, 25377
16,25379,2,2,1, 25381
8,25416,1,1,1, 25417
16,25419,2,2,1, 25421
24,25429,1,1,0, 25430
31,25436,2,2,1, 25438
24,25469,1,1,1, 25470
31,25476,2,2,1, 25478
1,25486,1,1,1, 25487
9,25497,2,2,1, 25499
17,25499,3,3,1, 25502
24,25509,1,1,0, 25510
31,25516,2,2,1, 25518
2,25523,2,2,1, 25525
1,25526,1,1,0, 25527
24,25549,1,1,1, 25550
31,25556,2,2,1, 25558
1,25566,1,1,1, 25567
8,25576,1,1,0, 25577
16,25579,2,2,1, 25581
17,25579,3,3,1, 25582
2,25603,2,2,1, 25605
1,25606,1,1,1, 25607
8,25616,1,1,0, 25617
9,25617,2,2,1, 25619
16,25619,2,2,1, 25621
8,25656,1,1,0, 25657
15,25661,2,2,1, 25663
8,25696,1,1,0, 25697
24,25709,1,1,0, 25710
1,25726,1,1,0, 25727
8,25736,1,1,1, 25737
24,25749,1,1,0, 25750
1,25766,1,1,0, 25767
8,25776,1,1,0, 25777
24,25789,1,1,0, 25790
2,25803,2,2,1, 25805
1,25806,1,1,0, 25807
8,25816,1,1,0, 25817
15,25821,2,2,1, 25823
24,25829,1,1,1, 25830
1,25846,1,1,0, 25847
8,25856,1,1,1, 25857
17,25859,3,3,1, 25862
24,25869,1,1,0, 25870
25,25875,2,2,1, 25877
31,25876,2,2,1, 25878
2,25883,2,2,1, 25885
1,25886,1,1,1, 25887
8,25896,1,1,1, 25897
15,25901,2,2,1, 25903
24,25909,1,1,1, 25910
31,25916,2,2,1, 25918
1,25926,1,1,0, 25927
8,25936,1,1,1, 25937
15,25941,2,2,1, 25943
24,25949,1,1,0, 25950
2,25963,2,2,1, 25965
1,25966,1,1,0, 25967
8,25976,1,1,0, 25977
16,25979,2,2,1, 25981
17,25979,3,3,1, 25982
15,25981,2,2,1, 25983
8,26016,1,1,1, 26017
1,26046,1,1,1, 26047
8,26056,1,1,0, 26057
17,26059,3,3,1, 26062
15,26061,2,2,1, 26063
25,26075,2,2,1, 26077
1,26086,1,1,0, 26087
8,26096,1,1,1, 26097
16,26099,2,2,1, 26101
24,26109,1,1,1, 26110
2,26123,2,2,1, 26125
1,26126,1,1,0, 26127
8,26136,1,1,0, 26137
24,26149,1,1,1, 26150
2,26163,2,2,1, 26165
1,26166,1,1,0, 26167
8,26176,1,1,0, 26177
24,26189,1,1,0, 26190
2,26203,2,2,1, 26205
1,26206,1,1,1, 26207
8,26216,1,1,0, 26217
16,26219,2,2,1, 26221
15,26221,2,2,1, 26223
24,26229,1,1,0, 26230
25,26235,2,2,1, 26237
31,26236,2,2,1, 26238
8,26256,1,1,0, 26257
24,26269,1,1,0, 26270
25,26275,2,2,1, 26277
8,26296,1,1,1, 26297
15,26301,2,2,1, 26303
24,26309,1,1,1, 26310
25,26315,2,2,1, 26317
31,26316,2,2,1, 26318
1,26326,1,1,1, 26327
8,26336,1,1,1, 26337
9,26337,2,2,1, 26339
16,26339,2,2,1, 26341
17,26339,3,3,1, 26342
24,26349,1,1,0, 26350
31,26356,2,2,1, 26358
1,26366,1,1,1, 26367
8,26376,1,1,1, 26377
9,26377,2,2,1, 26379
24,26389,1,1,1, 26390
2,26403,2,2,1, 26405
1,26406,1,1,1, 26407
8,26416,1,1,0, 26417
16,26419,2,2,1, 26421
24,26429,1,1,1, 26430
31,26436,2,2,1, 26438
2,26443,2,2,1, 26445
1,26446,1,1,1, 26447
8,26456,1,1,0, 26457
25,26475,2,2,1, 26477
2,26483,2,2,1, 26485
1,26486,1,1,1, 26487
8,26496,1,1,0, 26497
15,26501,2,2,1, 26503
25,26515,2,2,1, 26517
1,26526,1,1,1, 26527
8,26536,1,1,1, 26537
15,26541,2,2,1, 26543
25,26555,2,2,1, 26557
2,26563,2,2,1, 26565
1,26566,1,1,0, 26567
8,26576,1,1,0, 26577
16,26579,2,2,1, 26581
24,26589,1,1,1, 26590
25,26595,2,2,1, 26597
31,26596,2,2,1, 26598
24,26629,1,1,0, 26630
24,26669,1,1,1, 26670
25,26675,2,2,1, 26677
2,26683,2,2,1, 26685
1,26686,1,1,0, 26687
8,26696,1,1,1, 26697
17,26699,3,3,1, 26702
24,26709,1,1,1, 26710
1,26726,1,1,0, 26727
8,26736,1,1,1, 26737
24,26749,1,1,1, 26750
31,26756,2,2,1, 26758
2,26763,2,2,1, 26765
1,26766,1,1,1, 26767
8,26776,1,1,0, 26777
15,26781,2,2,1, 26783
24,26789,1,1,1, 26790
1,26806,1,1,1, 26807
8,26816,1,1,0, 26817
9,26817,2,2,1, 26819
15,26821,2,2,1, 26823
24,26829,1,1,1, 26830
25,26835,2,2,1, 26837
31,26836,2,2,1, 26838
8,26856,1,1,0, 26857
24,26869,1,1,1, 26870
31,26876,2,2,1, 26878
8,26896,1,1,0, 26897
15,26901,2,2,1, 26903
24,26909,1,1,1, 26910
31,26916,2,2,1, 26918
1,26926,1,1,0, 26927
8,26936,1,1,0, 26937
17,26939,3,3,1, 26942
15,26941,2,2,1, 26943
25,26955,2,2,1, 26957
1,26966,1,1,0, 26967
8,26976,1,1,1, 26977
15,26981,2,2,1, 26983
25,26995,2,2,1, 26997
1,27006,1,1,0, 27007
8,27016,1,1,1, 27017
25,27035,2,2,1, 27037
1,27046,1,1,0, 27047
8,27056,1,1,1, 27057
9,27057,2,2,1, 27059
16,27059,2,2,1, 27061
24,27069,1,1,0, 27070
25,27075,2,2,1, 27077
8,27096,1,1,1, 27097
24,27109,1,1,0, 27110
8,27136,1,1,0, 27137
24,27149,1,1,0, 27150
31,27156,2,2,1, 27158
1,27166,1,1,1, 27167
8,27176,1,1,0, 27177
16,27179,2,2,1, 27181
24,27189,1,1,1, 27190
1,27206,1,1,1, 27207
8,27216,1,1,1, 27217
24,27229,1,1,1, 27230
1,27246,1,1,1, 27247
8,27256,1,1,1, 27257
15,27261,2,2,1, 27263
24,27269,1,1,0, 27270
1,27286,1,1,0, 27287
8,27296,1,1,1, 27297
17,27299,3,3,1, 27302
15,27301,2,2,1, 27303
24,27309,1,1,0, 27310
1,27326,1,1,1, 27327
8,27336,1,1,0, 27337
24,27349,1,1,0, 27350
25,27355,2,2,1, 27357
1,27366,1,1,1, 27367
8,27376,1,1,1, 27377
17,27379,3,3,1, 27382
15,27381,2,2,1, 27383
24,27389,1,1,1, 27390
31,27396,2,2,1, 27398
1,27406,1,1,0, 27407
8,27416,1,1,0, 27417
9,27417,2,2,1, 27419
16,27419,2,2,1, 27421
17,27419,3,3,1, 27422
15,27421,2,2,1, 27423
24,27429,1,1,1, 27430
31,27436,2,2,1, 27438
1,27446,1,1,1, 27447
8,27456,1,1,0, 27457
24,27469,1,1,1, 27470
31,27476,2,2,1, 27478
1,27486,1,1,0, 27487
8,27496,1,1,1, 27497
1,27526,1,1,0, 27527
8,27536,1,1,1, 27537
16,27539,2,2,1, 27541
17,27539,3,3,1, 27542
1,27566,1,1,1, 27567
25,27595,2,2,1, 27597
1,27606,1,1,0, 27607
8,27616,1,1,1, 27617
1,27646,1,1,0, 27647
8,27656,1,1,1, 27657
16,27659,2,2,1, 27661
24,27669,1,1,0, 27670
25,27675,2,2,1, 27677
31,27676,2,2,1, 27678
2,27683,2,2,1, 27685
1,27686,1,1,1, 27687
8,27696,1,1,1, 27697
16,27699,2,2,1, 27701
24,27709,1,1,1, 27710
23,27708,3,3,1, 27711
25,27715,2,2,1, 27717
31,27716,2,2,1, 27718
24,27749,1,1,0, 27750
24,27789,1,1,0, 27790
24,27829,1,1,1, 27830
25,27835,2,2,1, 27837
31,27836,2,2,1, 27838
1,27846,1,1,0, 27847
8,27856,1,1,1, 27857
24,27869,1,1,1, 27870
2,27883,2,2,1, 27885
1,27886,1,1,1, 27887
8,27896,1,1,1, 27897
24,27909,1,1,0, 27910
2,27923,2,2,1, 27925
1,27926,1,1,1, 27927
8,27936,1,1,1, 27937
15,27941,2,2,1, 27943
24,27949,1,1,1, 27950
23,27948,3,3,1, 27951
31,27956,2,2,1, 27958
24,27989,1,1,1, 27990
31,27996,2,2,1, 27998
15,28021,2,2,1, 28023
24,28029,1,1,0, 28030
25,28035,2,2,1, 28037
31,28036,2,2,1, 28038
1,28046,1,1,0, 28047
8,28056,1,1,1, 28057
24,28069,1,1,1, 28070
25,28075,2,2,1, 28077
31,28076,2,2,1, 28078
2,28083,2,2,1, 28085
1,28086,1,1,0, 28087
8,28096,1,1,1, 28097
16,28099,2,2,1, 28101
1,28126,1,1,0, 28127
8,28136,1,1,1, 28137
23,28148,3,3,1, 28151
25,28155,2,2,1, 28157
1,28166,1,1,1, 28167
8,28176,1,1,1, 28177
16,28179,2,2,1, 28181
24,28189,1,1,1, 28190
23,28188,3,3,1, 28191
31,28196,2,2,1, 28198
1,28206,1,1,0, 28207
24,28229,1,1,1, 28230
25,28235,2,2,1, 28237
1,28246,1,1,1, 28247
24,28269,1,1,0, 28270
25,28275,2,2,1, 28277
31,28276,2,2,1, 28278
2,28283,2,2,1, 28285
1,28286,1,1,0, 28287
8,28296,1,1,1, 28297
15,28301,2,2,1, 28303
24,28309,1,1,1, 28310
25,28315,2,2,1, 28317
24,28349,1,1,0, 28350
31,28356,2,2,1, 28358
24,28389,1,1,1, 28390
31,28396,2,2,1, 28398
24,28429,1,1,1, 28430
25,28435,2,2,1, 28437
1,28446,1,1,0, 28447
8,28456,1,1,0, 28457
16,28459,2,2,1, 28461
15,28461,2,2,1, 28463
25,28475,2,2,1, 28477
1,28486,1,1,0, 28487
8,28496,1,1,1, 28497
15,28501,2,2,1, 28503
25,28515,2,2,1, 28517
1,28526,1,1,0, 28527
8,28536,1,1,0, 28537
16,28539,2,2,1, 28541
15,28541,2,2,1, 28543
24,28549,1,1,0, 28550
31,28556,2,2,1, 28558
2,28563,2,2,1, 28565
1,28566,1,1,0, 28567
24,28589,1,1,1, 28590
1,28606,1,1,1, 28607
15,28621,2,4,1, 28625
24,28629,1,1,1, 28630
1,28646,1,1,0, 28647
24,28669,1,1,0, 28670
23,28668,3,3,1, 28671
1,28686,1,1,1, 28687
8,28696,1,1,0, 28697
15,28701,2,2,1, 28703
24,28709,1,1,1, 28710
31,28716,2,2,1, 28718
1,28726,1,1,0, 28727
8,28736,1,1,0, 28737
24,28749,1,1,1, 28750
31,28756,2,2,1, 28758
1,28766,1,1,0, 28767
8,28776,1,1,1, 28777
15,28781,2,2,1, 28783
24,28789,1,1,0, 28790
1,28806,1,1,1, 28807
8,28816,1,1,1, 28817
1,28846,1,1,0, 28847
8,28856,1,1,0, 28857
25,28875,2,2,1, 28877
1,28886,1,1,1, 28887
8,28896,1,1,0, 28897
15,28901,2,2,1, 28903
24,28909,1,1,0, 28910
1,28926,1,1,0, 28927
8,28936,1,1,1, 28937
24,28949,1,1,1, 28950
1,28966,1,1,1, 28967
8,28976,1,1,1, 28977
24,28989,1,1,1, 28990
1,29006,1,1,0, 29007
8,29016,1,1,0, 29017
24,29029,1,1,1, 29030
2,29043,2,2,1, 29045
1,29046,1,1,1, 29047
8,29056,1,1,0, 29057
16,29059,2,2,1, 29061
24,29069,1,1,0, 29070
2,29083,2,2,1, 29085
1,29086,1,1,1, 29087
8,29096,1,1,1, 29097
24,29109,1,1,1, 29110
31,29116,2,2,1, 29118
1,29126,1,1,1, 29127
8,29136,1,1,0, 29137
16,29139,2,2,1, 29141
15,29141,2,2,1, 29143
24,29149,1,1,0, 29150
1,29166,1,1,1, 29167
1,29206,1,1,0, 29207
1,29246,1,1,1, 29247
24,29269,1,1,1, 29270
1,29286,1,1,0, 29287
8,29296,1,1,1, 29297
24,29309,1,1,1, 29310
25,29315,2,2,1, 29317
1,29326,1,1,0, 29327
8,29336,1,1,0, 29337
24,29349,1,1,1, 29350
31,29356,2,2,1, 29358
1,29366,1,1,1, 29367
8,29376,1,1,0, 29377
24,29389,1,1,1, 29390
31,29396,2,2,1, 29398
1,29406,1,1,1, 29407
8,29416,1,1,1, 29417
15,29421,2,2,1, 29423
25,29435,2,2,1, 29437
1,29446,1,1,1, 29447
8,29456,1,1,0, 29457
15,29461,2,2,1, 29463
2,29483,2,2,1, 29485
1,29486,1,1,1, 29487
8,29496,1,1,1, 29497
24,29509,1,1,0, 29510
23,29508,3,3,1, 29511
31,29516,2,2,1, 29518
1,29526,1,1,0, 29527
24,29549,1,1,0, 29550
31,29556,2,2,1, 29558
1,29566,1,1,1, 29567
9,29577,2,2,1, 29579
24,29589,1,1,0, 29590
31,29596,2,2,1, 29598
1,29606,1,1,0, 29607
9,29617,2,2,1, 29619
24,29629,1,1,0, 29630
31,29636,2,2,1, 29638
8,29656,1,1,0, 29657
15,29661,2,2,1, 29663
8,29696,1,1,1, 29697
15,29701,2,2,1, 29703
8,29736,1,1,0, 29737
15,29741,2,2,1, 29743
24,29749,1,1,1, 29750
23,29748,3,3,1, 29751
25,29755,2,2,1, 29757
1,29766,1,1,1, 29767
8,29776,1,1,1, 29777
9,29777,2,2,1, 29779
24,29789,1,1,1, 29790
1,29806,1,1,0, 29807
8,29816,1,1,1, 29817
9,29817,2,2,1, 29819
24,29829,1,1,0, 29830
25,29835,2,2,1, 29837
1,29846,1,1,1, 29847
24,29869,1,1,0, 29870
2,29883,2,2,1, 29885
1,29886,1,1,1, 29887
24,29909,1,1,1, 29910
1,29926,1,1,0, 29927
8,29936,1,1,0, 29937
15,29941,2,2,1, 29943
24,29949,1,1,1, 29950
31,29956,2,2,1, 29958
2,29963,2,2,1, 29965
1,29966,1,1,1, 29967
8,29976,1,1,1, 29977
24,29989,1,1,0, 29990
25,29995,2,2,1, 29997
2,30003,2,2,1, 30005
1,30006,1,1,1, 30007
8,30016,1,1,1, 30017
24,30029,1,1,1, 30030
25,30035,2,2,1, 30037
31,30036,2,2,1, 30038
1,30046,1,1,1, 30047
8,30056,1,1,1, 30057
9,30057,2,2,1, 30059
17,30059,3,3,1, 30062
1,30086,1,1,0, 30087
8,30096,1,1,1, 30097
9,30097,2,2,1, 30099
25,30115,2,2,1, 30117
8,30136,1,1,1, 30137
8,30176,1,1,0, 30177
16,30179,2,2,1, 30181
24,30189,1,1,0, 30190
31,30196,2,2,1, 30198
24,30229,1,1,1, 30230
31,30236,2,2,1, 30238
2,30243,2,2,1, 30245
1,30246,1,1,1, 30247
17,30259,3,3,1, 30262
24,30269,1,1,0, 30270
1,30286,1,1,1, 30287
8,30296,1,1,0, 30297
9,30297,2,2,1, 30299
16,30299,2,2,1, 30301
1,30326,1,1,1, 30327
8,30336,1,1,1, 30337
15,30341,2,2,1, 30343
1,30366,1,1,1, 30367
8,30376,1,1,0, 30377
15,30381,2,2,1, 30383
1,30406,1,1,0, 30407
8,30416,1,1,0, 30417
16,30419,2,2,1, 30421
24,30429,1,1,1, 30430
31,30436,2,2,1, 30438
2,30443,2,2,1, 30445
1,30446,1,1,1, 30447
24,30469,1,1,0, 30470
25,30475,2,2,1, 30477
2,30483,2,2,1, 30485
1,30486,1,1,1, 30487
24,30509,1,1,0, 30510
25,30515,2,2,1, 30517
1,30526,1,1,0, 30527
8,30536,1,1,0, 30537
9,30537,2,2,1, 30539
16,30539,2,2,1, 30541
17,30539,3,3,1, 30542
15,30541,2,2,1, 30543
1,30566,1,1,0, 30567
8,30576,1,1,0, 30577
1,30606,1,1,1, 30607
8,30616,1,1,0, 30617
1,30646,1,1,1, 30647
8,30656,1,1,0, 30657
16,30659,2,2,1, 30661
24,30669,1,1,0, 30670
1,30686,1,1,1, 30687
8,30696,1,1,1, 30697
24,30709,1,1,0, 30710
25,30715,2,2,1, 30717
2,30723,2,2,1, 30725
1,30726,1,1,0, 30727
8,30736,1,1,0, 30737
24,30749,1,1,1, 30750
25,30755,2,2,1, 30757
31,30756,2,2,1, 30758
1,30766,1,1,0, 30767
8,30776,1,1,1, 30777
16,30779,2,2,1, 30781
17,30779,3,3,1, 30782
24,30789,1,1,1, 30790
31,30796,2,2,1, 30798
8,30816,1,1,0, 30817
24,30829,1,1,0, 30830
8,30856,1,1,1, 30857
15,30861,2,2,1, 30863
24,30869,1,1,1, 30870
31,30876,2,2,1, 30878
1,30886,1,1,1, 30887
8,30896,1,1,0, 30897
9,30897,2,2,1, 30899
17,30899,3,3,1, 30902
8,30936,1,1,0, 30937
16,30939,2,2,1, 30941
1,30966,1,1,1, 30967
8,30976,1,1,1, 30977
25,30995,2,2,1, 30997
1,31006,1,1,1, 31007
8,31016,1,1,1, 31017
9,31017,2,2,1, 31019
16,31019,2,2,1, 31021
17,31019,3,3,1, 31022
24,31029,1,1,0, 31030
25,31035,2,2,1, 31037
1,31046,1,1,0, 31047
24,31069,1,1,1, 31070
25,31075,2,2,1, 31077
1,31086,1,1,0, 31087
24,31109,1,1,1, 31110
31,31116,2,2,1, 31118
1,31126,1,1,0, 31127
8,31136,1,1,1, 31137
9,31137,2,2,1, 31139
24,31149,1,1,0, 31150
8,31176,1,1,0, 31177
24,31189,1,1,1, 31190
31,31196,2,2,1, 31198
8,31216,1,1,0, 31217
24,31229,1,1,0, 31230
31,31236,2,2,1, 31238
1,31246,1,1,0, 31247
8,31256,1,1,0, 31257
24,31269,1,1,0, 31270
25,31275,2,2,1, 31277
8,31296,1,1,1, 31297
24,31309,1,1,1, 31310
25,31315,2,2,1, 31317
8,31336,1,1,0, 31337
24,31349,1,1,1, 31350
31,31356,2,2,1, 31358
2,31363,2,2,1, 31365
1,31366,1,1,1, 31367
8,31376,1,1,0, 31377
16,31379,2,2,1, 31381
17,31379,3,3,1, 31382
15,31381,2,2,1, 31383
25,31395,2,2,1, 31397
1,31406,1,1,0, 31407
8,31416,1,1,0, 31417
1,31446,1,1,1, 31447
8,31456,1,1,1, 31457
15,31461,2,2,1, 31463
1,31486,1,1,0, 31487
8,31496,1,1,0, 31497
9,31497,2,2,1, 31499
24,31509,1,1,0, 31510
1,31526,1,1,1, 31527
24,31549,1,1,0, 31550
25,31555,2,2,1, 31557
2,31563,2,2,1, 31565
1,31566,1,1,0, 31567
24,31589,1,1,0, 31590
31,31596,2,2,1, 31598
2,31603,2,2,1, 31605
1,31606,1,1,1, 31607
8,31616,1,1,1, 31617
9,31617,2,2,1, 31619
16,31619,2,2,1, 31621
17,31619,3,3,1, 31622
24,31629,1,1,0, 31630
1,31646,1,1,1, 31647
24,31669,1,1,1, 31670
25,31675,2,2,1, 31677
1,31686,1,1,1, 31687
8,31696,1,1,1, 31697
15,31701,2,2,1, 31703
25,31715,2,2,1, 31717
1,31726,1,1,1, 31727
8,31736,1,1,0, 31737
17,31739,3,3,1, 31742
25,31755,2,2,1, 31757
1,31766,1,1,0, 31767
24,31789,1,1,1, 31790
1,31806,1,1,1, 31807
8,31816,1,1,1, 31817
9,31817,2,2,1, 31819
24,31829,1,1,1, 31830
1,31846,1,1,0, 31847
8,31856,1,1,0, 31857
9,31857,2,2,1, 31859
24,31869,1,1,1, 31870
25,31875,2,2,1, 31877
24,31909,1,1,1, 31910
31,31916,2,2,1, 31918
8,31936,1,1,1, 31937
9,31937,2,2,1, 31939
17,31939,3,3,1, 31942
1,31966,1,1,0, 31967
8,31976,1,1,1, 31977
9,31977,2,2,1, 31979
2,32003,2,2,1, 32005
1,32006,1,1,0, 32007
24,32029,1,1,0, 32030
31,32036,2,2,1, 32038
1,32046,1,1,0, 32047
24,32069,1,1,0, 32070
31,32076,2,2,1, 32078
1,32086,1,1,0, 32087
8,32096,1,1,0, 32097
16,32099,2,2,1, 32101
24,32109,1,1,0, 32110
25,32115,2,2,1, 32117
31,32116,2,2,1, 32118
1,32126,1,1,0, 32127
8,32136,1,1,1, 32137
24,32149,1,1,0, 32150
1,32166,1,1,0, 32167
8,32176,1,1,1, 32177
24,32189,1,1,0, 32190
25,32195,2,2,1, 32197
31,32196,2,2,1, 32198
1,32206,1,1,1, 32207
8,32216,1,1,0, 32217
16,32219,2,2,1, 32221
17,32219,3,3,1, 32222
1,32246,1,1,0, 32247
1,32286,1,1,1, 32287
8,32296,1,1,0, 32297
24,32309,1,1,0, 32310
25,32315,2,2,1, 32317
31,32316,2,2,1, 32318
1,32326,1,1,0, 32327
8,32336,1,1,0, 32337
1,32366,1,1,1, 32367
8,32376,1,1,1, 32377
16,32379,2,2,1, 32381
1,32406,1,1,0, 32407
8,32416,1,1,1, 32417
1,32446,1,1,1, 32447
8,32456,1,1,0, 32457
9,32457,2,2,1, 32459
17,32459,3,3,1, 32462
24,32469,1,1,1, 32470
31,32476,2,2,1, 32478
2,32483,2,2,1, 32485
1,32486,1,1,1, 32487
16,32499,2,2,1, 32501
24,32509,1,1,0, 32510
25,32515,2,2,1, 32517
31,32516,2,2,1, 32518
2,32523,2,2,1, 32525
1,32526,1,1,0, 32527
8,32536,1,1,1, 32537
15,32541,2,2,1, 32543
24,32549,1,1,0, 32550
31,32556,2,2,1, 32558
1,32566,1,1,0, 32567
8,32576,1,1,1, 32577
17,32579,3,3,1, 32582
8,32656,1,1,0, 32657
15,32661,2,2,1, 32663
1,32686,1,1,0, 32687
8,32696,1,1,1, 32697
16,32699,2,2,1, 32701
17,32699,3,3,1, 32702
24,32709,1,1,0, 32710
31,32716,2,2,1, 32718
2,32723,2,2,1, 32725
1,32726,1,1,1, 32727
24,32749,1,1,1, 32750
1,32766,1,1,0, 32767
24,32789,1,1,0, 32790
1,32806,1,1,1, 32807
8,32816,1,1,1, 32817
17,32819,3,3,1, 32822
24,32829,1,1,0, 32830
25,32835,2,2,1, 32837
1,32846,1,1,1, 32847
8,32856,1,1,0, 32857
15,32861,2,2,1, 32863
24,32869,1,1,0, 32870
25,32875,2,2,1, 32877
1,32886,1,1,0, 32887
8,32896,1,1,1, 32897
15,32901,2,2,1, 32903
24,32909,1,1,1, 32910
1,32926,1,1,0, 32927
8,32936,1,1,0, 32937
9,32937,2,2,1, 32939
16,32939,2,2,1, 32941
15,32941,2,2,1, 32943
8,32976,1,1,1, 32977
16,32979,2,2,1, 32981
8,33016,1,1,1, 33017
15,33021,2,2,1, 33023
1,33046,1,1,1, 33047
8,33056,1,1,1, 33057
24,33069,1,1,1, 33070
31,33076,2,2,1, 33078
1,33086,1,1,0, 33087
24,33109,1,1,1, 33110
2,33123,2,2,1, 33125
1,33126,1,1,0, 33127
24,33149,1,1,1, 33150
25,33155,2,2,1, 33157
2,33163,2,2,1, 33165
1,33166,1,1,0, 33167
8,33176,1,1,1, 33177
16,33179,2,2,1, 33181
24,33189,1,1,0, 33190
8,33216,1,1,0, 33217
24,33229,1,1,1, 33230
8,33256,1,1,1, 33257
24,33269,1,1,1, 33270
31,33276,2,2,1, 33278
1,33286,1,1,0, 33287
8,33296,1,1,1, 33297
9,33297,2,2,1, 33299
16,33299,2,2,1, 33301
17,33299,3,3,1, 33302
1,33326,1,1,0, 33327
1,33366,1,1,0, 33367
1,33406,1,1,0, 33407
8,33416,1,1,0, 33417
9,33417,2,2,1, 33419
15,33421,2,2,1, 33423
24,33429,1,1,1, 33430
2,33443,2,2,1, 33445
1,33446,1,1,1, 33447
8,33456,1,1,0, 33457
24,33469,1,1,0, 33470
2,33483,2,2,1, 33485
1,33486,1,1,1, 33487
8,33496,1,1,0, 33497
15,33501,2,2,1, 33503
24,33509,1,1,0, 33510
31,33516,2,2,1, 33518
2,33523,2,2,1, 33525
1,33526,1,1,0, 33527
8,33536,1,1,1, 33537
16,33539,2,2,1, 33541
17,33539,3,3,1, 33542
15,33541,2,2,1, 33543
24,33549,1,1,0, 33550
31,33556,2,2,1, 33558
24,33589,1,1,1, 33590
24,33629,1,1,0, 33630
1,33646,1,1,1, 33647
8,33656,1,1,1, 33657
17,33659,3,3,1, 33662
15,33661,2,2,1, 33663
1,33686,1,1,0, 33687
8,33696,1,1,0, 33697
1,33726,1,1,0, 33727
8,33736,1,1,1, 33737
16,33739,2,2,1, 33741
15,33741,2,2,1, 33743
1,33766,1,1,0, 33767
8,33776,1,1,0, 33777
16,33779,2,2,1, 33781
17,33779,3,3,1, 33782
24,33789,1,1,1, 33790
25,33795,2,2,1, 33797
1,33806,1,1,0, 33807
24,33829,1,1,1, 33830
1,33846,1,1,0, 33847
8,33856,1,1,0, 33857
9,33857,2,2,1, 33859
25,33875,2,2,1, 33877
1,33886,1,1,0, 33887
8,33896,1,1,1, 33897
9,33897,2,2,1, 33899
15,33901,2,2,1, 33903
25,33915,2,2,1, 33917
2,33923,2,2,1, 33925
1,33926,1,1,0, 33927
24,33949,1,1,1, 33950
2,33963,2,2,1, 33965
1,33966,1,1,0, 33967
24,33989,1,1,1, 33990
2,34003,2,2,1, 34005
1,34006,1,1,1, 34007
24,34029,1,1,0, 34030
25,34035,2,2,1, 34037
24,34069,1,1,0, 34070
25,34075,2,2,1, 34077
8,34096,1,1,1, 34097
9,34097,2,2,1, 34099
1,34126,1,1,0, 34127
8,34136,1,1,1, 34137
16,34139,2,2,1, 34141
25,34155,2,2,1, 34157
2,34163,2,2,1, 34165
1,34166,1,1,1, 34167
8,34176,1,1,0, 34177
23,34188,3,3,1, 34191
2,34203,2,2,1, 34205
1,34206,1,1,1, 34207
8,34216,1,1,1, 34217
15,34221,2,2,1, 34223
24,34229,1,1,1, 34230
25,34235,2,2,1, 34237
31,34236,2,2,1, 34238
1,34246,1,1,1, 34247
8,34256,1,1,1, 34257
24,34269,1,1,0, 34270
2,34283,2,2,1, 34285
1,34286,1,1,0, 34287
8,34296,1,1,0, 34297
15,34301,2,2,1, 34303
24,34309,1,1,1, 34310
1,34326,1,1,1, 34327
9,34337,2,2,1, 34339
17,34339,3,3,1, 34342
24,34349,1,1,1, 34350
1,34366,1,1,0, 34367
9,34377,2,2,1, 34379
17,34379,3,3,1, 34382
24,34389,1,1,1, 34390
31,34396,2,2,1, 34398
2,34403,2,2,1, 34405
1,34406,1,1,1, 34407
24,34429,1,1,0, 34430
2,34443,2,2,1, 34445
1,34446,1,1,1, 34447
8,34456,1,1,1, 34457
16,34459,2,2,1, 34461
23,34468,3,3,1, 34471
8,34496,1,1,1, 34497
9,34497,2,2,1, 34499
16,34499,2,2,1, 34501
25,34555,2,2,1, 34557
1,34566,1,1,0, 34567
16,34579,2,2,1, 34581
17,34579,3,3,1, 34582
24,34589,1,1,0, 34590
31,34596,2,2,1, 34598
1,34606,1,1,0, 34607
8,34616,1,1,0, 34617
16,34619,2,2,1, 34621
17,34619,3,3,1, 34622
15,34621,2,2,1, 34623
24,34629,1,1,1, 34630
31,34636,2,2,1, 34638
2,34643,2,2,1, 34645
1,34646,1,1,1, 34647
8,34656,1,1,0, 34657
9,34657,2,2,1, 34659
17,34659,3,3,1, 34662
24,34669,1,1,1, 34670
31,34676,2,2,1, 34678
1,34686,1,1,0, 34687
8,34696,1,1,1, 34697
24,34709,1,1,1, 34710
1,34726,1,1,0, 34727
8,34736,1,1,1, 34737
16,34739,2,2,1, 34741
25,34755,2,2,1, 34757
1,34766,1,1,0, 34767
8,34776,1,1,1, 34777
15,34781,2,2,1, 34783
25,34795,2,2,1, 34797
1,34806,1,1,1, 34807
8,34816,1,1,1, 34817
16,34819,2,2,1, 34821
2,34843,2,2,1, 34845
1,34846,1,1,0, 34847
8,34856,1,1,1, 34857
16,34859,2,2,1, 34861
15,34861,2,2,1, 34863
24,34869,1,1,0, 34870
1,34886,1,1,1, 34887
8,34896,1,1,1, 34897
15,34901,2,2,1, 34903
24,34909,1,1,1, 34910
1,34926,1,1,1, 34927
24,34949,1,1,0, 34950
1,34966,1,1,1, 34967
24,34989,1,1,0, 34990
25,34995,2,2,1, 34997
1,35006,1,1,1, 35007
24,35029,1,1,1, 35030
25,35035,2,2,1, 35037
31,35036,2,2,1, 35038
8,35056,1,1,1, 35057
15,35061,2,2,1, 35063
24,35069,1,1,0, 35070
8,35096,1,1,0, 35097
15,35101,2,2,1, 35103
24,35109,1,1,1, 35110
8,35136,1,1,0, 35137
24,35149,1,1,1, 35150
1,35166,1,1,1, 35167
8,35176,1,1,1, 35177
25,35195,2,2,1, 35197
2,35203,2,2,1, 35205
1,35206,1,1,1, 35207
8,35216,1,1,0, 35217
1,35246,1,1,0, 35247
8,35256,1,1,1, 35257
24,35269,1,1,0, 35270
25,35275,2,2,1, 35277
31,35276,2,2,1, 35278
1,35286,1,1,0, 35287
8,35296,1,1,1, 35297
24,35309,1,1,0, 35310
1,35326,1,1,1, 35327
8,35336,1,1,1, 35337
15,35341,2,2,1, 35343
24,35349,1,1,1, 35350
31,35356,2,2,1, 35358
1,35366,1,1,0, 35367
8,35376,1,1,1, 35377
15,35381,2,2,1, 35383
24,35389,1,1,0, 35390
23,35388,3,3,1, 35391
17,35419,3,3,1, 35422
24,35429,1,1,1, 35430
16,35459,2,2,1, 35461
24,35469,1,1,0, 35470
17,35499,3,3,1, 35502
24,35509,1,1,0, 35510
2,35523,2,2,1, 35525
1,35526,1,1,0, 35527
8,35536,1,1,0, 35537
15,35541,2,2,1, 35543
1,35566,1,1,1, 35567
8,35576,1,1,0, 35577
25,35595,2,2,1, 35597
1,35606,1,1,0, 35607
8,35616,1,1,1, 35617
24,35629,1,1,0, 35630
31,35636,2,2,1, 35638
8,35656,1,1,1, 35657
24,35669,1,1,0, 35670
31,35676,2,2,1, 35678
8,35696,1,1,1, 35697
24,35709,1,1,1, 35710
31,35716,2,2,1, 35718
8,35736,1,1,0, 35737
24,35749,1,1,0, 35750
25,35755,2,2,1, 35757
2,35763,2,2,1, 35765
1,35766,1,1,1, 35767
8,35776,1,1,0, 35777
15,35781,2,2,1, 35783
2,35803,2,2,1, 35805
1,35806,1,1,0, 35807
8,35816,1,1,0, 35817
25,35835,2,2,1, 35837
1,35846,1,1,1, 35847
8,35856,1,1,1, 35857
24,35869,1,1,0, 35870
1,35886,1,1,0, 35887
8,35896,1,1,0, 35897
16,35899,2,2,1, 35901
24,35909,1,1,0, 35910
31,35916,2,2,1, 35918
2,35923,2,2,1, 35925
1,35926,1,1,1, 35927
8,35936,1,1,1, 35937
16,35939,2,2,1, 35941
24,35949,1,1,0, 35950
31,35956,2,2,1, 35958
1,35966,1,1,0, 35967
24,35989,1,1,1, 35990
25,35995,2,2,1, 35997
2,36003,2,2,1, 36005
1,36006,1,1,0, 36007
17,36019,3,3,1, 36022
25,36035,2,2,1, 36037
2,36043,2,2,1, 36045
1,36046,1,1,1, 36047
8,36056,1,1,0, 36057
9,36057,2,2,1, 36059
17,36059,3,3,1, 36062
8,36096,1,1,0, 36097
1,36126,1,1,0, 36127
8,36136,1,1,1, 36137
16,36139,2,2,1, 36141
24,36149,1,1,1, 36150
2,36163,2,2,1, 36165
1,36166,1,1,0, 36167
8,36176,1,1,0, 36177
16,36179,2,2,1, 36181
17,36179,3,3,1, 36182
15,36181,2,2,1, 36183
24,36189,1,1,1, 36190
31,36196,2,2,1, 36198
1,36206,1,1,1, 36207
8,36216,1,1,0, 36217
24,36229,1,1,0, 36230
31,36236,2,2,1, 36238
1,36246,1,1,1, 36247
8,36256,1,1,0, 36257
15,36261,2,2,1, 36263
24,36269,1,1,0, 36270
2,36283,2,2,1, 36285
1,36286,1,1,0, 36287
8,36296,1,1,0, 36297
9,36297,2,2,1, 36299
17,36299,3,3,1, 36302
15,36301,2,2,1, 36303
24,36309,1,1,1, 36310
25,36315,2,2,1, 36317
31,36316,2,2,1, 36318
8,36336,1,1,0, 36337
24,36349,1,1,1, 36350
25,36355,2,2,1, 36357
31,36356,2,2,1, 36358
8,36376,1,1,1, 36377
15,36381,2,2,1, 36383
1,36406,1,1,0, 36407
8,36416,1,1,0, 36417
17,36419,3,3,1, 36422
23,36428,3,3,1, 36431
1,36446,1,1,0, 36447
8,36456,1,1,0, 36457
16,36459,2,2,1, 36461
2,36483,2,2,1, 36485
1,36486,1,1,1, 36487
8,36496,1,1,1, 36497
16,36499,2,2,1, 36501
23,36508,3,3,1, 36511
1,36526,1,1,1, 36527
8,36536,1,1,1, 36537
24,36549,1,1,1, 36550
31,36556,2,2,1, 36558
1,36566,1,1,0, 36567
24,36589,1,1,0, 36590
1,36606,1,1,1, 36607
24,36629,1,1,0, 36630
1,36646,1,1,1, 36647
8,36656,1,1,0, 36657
9,36657,2,2,1, 36659
17,36659,3,3,1, 36662
24,36669,1,1,0, 36670
31,36676,2,2,1, 36678
1,36686,1,1,1, 36687
8,36696,1,1,0, 36697
24,36709,1,1,0, 36710
31,36716,2,2,1, 36718
2,36723,2,2,1, 36725
1,36726,1,1,1, 36727
8,36736,1,1,1, 36737
24,36749,1,1,0, 36750
31,36756,2,2,1, 36758
2,36763,2,2,1, 36765
1,36766,1,1,1, 36767
8,36776,1,1,0, 36777
16,36779,2,2,1, 36781
15,36781,2,2,1, 36783
24,36789,1,1,1, 36790
25,36795,2,2,1, 36797
31,36796,2,2,1, 36798
2,36803,2,2,1, 36805
1,36806,1,1,0, 36807
16,36819,2,2,1, 36821
24,36829,1,1,1, 36830
1,36846,1,1,0, 36847
1,36886,1,1,0, 36887
8,36896,1,1,1, 36897
23,36908,3,3,1, 36911
1,36926,1,1,0, 36927
8,36936,1,1,1, 36937
17,36939,3,3,1, 36942
24,36949,1,1,1, 36950
1,36966,1,1,1, 36967
8,36976,1,1,1, 36977
15,36981,2,2,1, 36983
24,36989,1,1,0, 36990
1,37006,1,1,1, 37007
8,37016,1,1,1, 37017
15,37021,2,2,1, 37023
24,37029,1,1,1, 37030
31,37036,2,2,1, 37038
2,37043,2,2,1, 37045
1,37046,1,1,1, 37047
8,37056,1,1,0, 37057
15,37061,2,2,1, 37063
24,37069,1,1,0, 37070
31,37076,2,2,1, 37078
1,37086,1,1,1, 37087
8,37096,1,1,1, 37097
24,37109,1,1,1, 37110
1,37126,1,1,1, 37127
8,37136,1,1,0, 37137
24,37149,1,1,1, 37150
31,37156,2,2,1, 37158
1,37166,1,1,0, 37167
8,37176,1,1,0, 37177
24,37189,1,1,1, 37190
25,37195,2,2,1, 37197
2,37203,2,2,1, 37205
1,37206,1,1,1, 37207
8,37216,1,1,0, 37217
24,37229,1,1,0, 37230
2,37243,2,2,1, 37245
1,37246,1,1,1, 37247
8,37256,1,1,1, 37257
24,37269,1,1,1, 37270
1,37286,1,1,0, 37287
8,37296,1,1,0, 37297
24,37309,1,1,0, 37310
31,37316,2,2,1, 37318
8,37336,1,1,1, 37337
24,37349,1,1,0, 37350
25,37355,2,2,1, 37357
31,37356,2,2,1, 37358
8,37376,1,1,1, 37377
24,37389,1,1,0, 37390
25,37395,2,2,1, 37397
8,37416,1,1,0, 37417
24,37429,1,1,0, 37430
25,37435,2,2,1, 37437
1,37446,1,1,0, 37447
8,37456,1,1,0, 37457
24,37469,1,1,0, 37470
2,37483,2,2,1, 37485
1,37486,1,1,1, 37487
8,37496,1,1,1, 37497
15,37501,2,2,1, 37503
24,37509,1,1,0, 37510
1,37526,1,1,1, 37527
8,37536,1,1,0, 37537
24,37549,1,1,0, 37550
2,37563,2,2,1, 37565
1,37566,1,1,0, 37567
24,37589,1,1,1, 37590
1,37606,1,1,0, 37607
24,37629,1,1,0, 37630
2,37643,2,2,1, 37645
1,37646,1,1,1, 37647
24,37669,1,1,1, 37670
25,37675,2,2,1, 37677
31,37676,2,2,1, 37678
8,37696,1,1,1, 37697
15,37701,2,2,1, 37703
24,37709,1,1,0, 37710
8,37736,1,1,1, 37737
15,37741,2,2,1, 37743
24,37749,1,1,0, 37750
8,37776,1,1,1, 37777
24,37789,1,1,1, 37790
25,37795,2,2,1, 37797
2,37803,2,2,1, 37805
1,37806,1,1,0, 37807
8,37816,1,1,0, 37817
15,37821,2,2,1, 37823
24,37829,1,1,0, 37830
25,37835,2,2,1, 37837
31,37836,2,2,1, 37838
1,37846,1,1,1, 37847
8,37856,1,1,0, 37857
15,37861,2,2,1, 37863
24,37869,1,1,0, 37870
25,37875,2,2,1, 37877
2,37883,2,2,1, 37885
1,37886,1,1,0, 37887
8,37896,1,1,0, 37897
24,37909,1,1,0, 37910
31,37916,2,2,1, 37918
8,37936,1,1,1, 37937
8,37976,1,1,1, 37977
8,38016,1,1,1, 38017
1,38046,1,1,0, 38047
16,38059,2,2,1, 38061
17,38059,3,3,1, 38062
24,38069,1,1,0, 38070
31,38076,2,2,1, 38078
1,38086,1,1,0, 38087
24,38109,1,1,1, 38110
31,38116,2,2,1, 38118
1,38126,1,1,0, 38127
24,38149,1,1,1, 38150
31,38156,2,2,1, 38158
2,38163,2,2,1, 38165
1,38166,1,1,1, 38167
8,38176,1,1,0, 38177
16,38179,2,2,1, 38181
25,38195,2,2,1, 38197
2,38203,2,2,1, 38205
1,38206,1,1,1, 38207
8,38216,1,1,0, 38217
16,38219,2,2,1, 38221
17,38219,3,3,1, 38222
15,38221,2,2,1, 38223
25,38235,2,2,1, 38237
1,38246,1,1,0, 38247
8,38256,1,1,1, 38257
15,38261,2,2,1, 38263
24,38269,1,1,0, 38270
25,38275,2,2,1, 38277
31,38276,2,2,1, 38278
1,38286,1,1,0, 38287
8,38296,1,1,0, 38297
9,38297,2,2,1, 38299
24,38309,1,1,0, 38310
25,38315,2,2,1, 38317
31,38316,2,2,1, 38318
1,38326,1,1,1, 38327
8,38336,1,1,1, 38337
24,38349,1,1,0, 38350
31,38356,2,2,1, 38358
8,38376,1,1,1, 38377
24,38389,1,1,1, 38390
31,38396,2,2,1, 38398
8,38416,1,1,0, 38417
15,38421,2,2,1, 38423
24,38429,1,1,0, 38430
31,38436,2,2,1, 38438
1,38446,1,1,0, 38447
8,38456,1,1,1, 38457
16,38459,2,2,1, 38461
17,38459,3,3,1, 38462
1,38486,1,1,1, 38487
8,38496,1,1,1, 38497
15,38501,2,2,1, 38503
2,38523,2,2,1, 38525
1,38526,1,1,1, 38527
8,38536,1,1,0, 38537
16,38539,2,2,1, 38541
17,38539,3,3,1, 38542
15,38541,2,2,1, 38543
1,38566,1,1,1, 38567
8,38576,1,1,1, 38577
9,38577,2,2,1, 38579
16,38579,2,2,1, 38581
24,38589,1,1,1, 38590
31,38596,2,2,1, 38598
24,38629,1,1,0, 38630
25,38635,2,2,1, 38637
31,38636,2,2,1, 38638
24,38669,1,1,0, 38670
31,38676,2,2,1, 38678
1,38686,1,1,1, 38687
8,38696,1,1,1, 38697
16,38699,2,2,1, 38701
2,38723,2,2,1, 38725
1,38726,1,1,1, 38727
8,38736,1,1,0, 38737
2,38763,2,2,1, 38765
1,38766,1,1,0, 38767
8,38776,1,1,0, 38777
1,38806,1,1,0, 38807
8,38816,1,1,0, 38817
16,38819,2,2,1, 38821
17,38819,3,3,1, 38822
24,38829,1,1,1, 38830
31,38836,2,2,1, 38838
1,38846,1,1,1, 38847
8,38856,1,1,1, 38857
24,38869,1,1,0, 38870
25,38875,2,2,1, 38877
1,38886,1,1,0, 38887
8,38896,1,1,1, 38897
24,38909,1,1,0, 38910
25,38915,2,2,1, 38917
1,38926,1,1,0, 38927
8,38936,1,1,1, 38937
9,38937,2,2,1, 38939
15,38941,2,2,1, 38943
24,38949,1,1,0, 38950
1,38966,1,1,1, 38967
8,38976,1,1,1, 38977
24,38989,1,1,1, 38990
1,39006,1,1,0, 39007
8,39016,1,1,0, 39017
24,39029,1,1,0, 39030
31,39036,2,2,1, 39038
2,39043,2,2,1, 39045
1,39046,1,1,1, 39047
8,39056,1,1,0, 39057
15,39061,2,2,1, 39063
24,39069,1,1,0, 39070
31,39076,2,2,1, 39078
2,39083,2,2,1, 39085
1,39086,1,1,0, 39087
8,39096,1,1,0, 39097
24,39109,1,1,1, 39110
25,39115,2,2,1, 39117
31,39116,2,2,1, 39118
2,39123,2,2,1, 39125
1,39126,1,1,1, 39127
8,39136,1,1,1, 39137
15,39141,2,2,1, 39143
1,39166,1,1,0, 39167
8,39176,1,1,0, 39177
9,39177,2,2,1, 39179
16,39179,2,2,1, 39181
17,39179,3,3,1, 39182
1,39206,1,1,1, 39207
25,39235,2,2,1, 39237
1,39246,1,1,0, 39247
8,39256,1,1,0, 39257
1,39286,1,1,0, 39287
8,39296,1,1,0, 39297
16,39299,2,2,1, 39301
24,39309,1,1,0, 39310
31,39316,2,2,1, 39318
1,39326,1,1,1, 39327
8,39336,1,1,1, 39337
16,39339,2,2,1, 39341
24,39349,1,1,1, 39350
25,39355,2,2,1, 39357
1,39366,1,1,0, 39367
1,39406,1,1,0, 39407
1,39446,1,1,1, 39447
24,39469,1,1,1, 39470
25,39475,2,2,1, 39477
31,39476,2,2,1, 39478
8,39496,1,1,1, 39497
16,39499,2,2,1, 39501
24,39509,1,1,0, 39510
8,39536,1,1,0, 39537
16,39539,2,2,1, 39541
24,39549,1,1,1, 39550
8,39576,1,1,1, 39577
24,39589,1,1,0, 39590
23,39588,3,3,1, 39591
25,39595,2,2,1, 39597
1,39606,1,1,1, 39607
8,39616,1,1,0, 39617
9,39617,2,2,1, 39619
24,39629,1,1,1, 39630
1,39646,1,1,1, 39647
8,39656,1,1,0, 39657
9,39657,2,2,1, 39659
17,39659,3,3,1, 39662
24,39669,1,1,0, 39670
25,39675,2,2,1, 39677
31,39676,2,2,1, 39678
1,39686,1,1,0, 39687
24,39709,1,1,0, 39710
31,39716,2,2,1, 39718
2,39723,2,2,1, 39725
1,39726,1,1,1, 39727
2,39763,2,2,1, 39765
1,39766,1,1,1, 39767
25,39795,2,2,1, 39797
2,39803,2,2,1, 39805
1,39806,1,1,1, 39807
1,39846,1,1,0, 39847
8,39856,1,1,1, 39857
15,39861,2,2,1, 39863
24,39869,1,1,1, 39870
25,39875,2,2,1, 39877
1,39886,1,1,0, 39887
8,39896,1,1,1, 39897
9,39897,2,2,1, 39899
24,39909,1,1,0, 39910
25,39915,2,2,1, 39917
8,39936,1,1,0, 39937
24,39949,1,1,0, 39950
8,39976,1,1,1, 39977
15,39981,2,2,1, 39983
24,39989,1,1,1, 39990
2,40003,2,2,1, 40005
1,40006,1,1,0, 40007
8,40016,1,1,1, 40017
16,40019,2,2,1, 40021
17,40019,3,3,1, 40022
15,40021,2,2,1, 40023
24,40029,1,1,1, 40030
25,40035,2,2,1, 40037
8,40056,1,1,0, 40057
24,40069,1,1,0, 40070
31,40076,2,2,1, 40078
2,40083,2,2,1, 40085
1,40086,1,1,1, 40087
8,40096,1,1,0, 40097
15,40101,2,2,1, 40103
24,40109,1,1,0, 40110
31,40116,2,2,1, 40118
1,40126,1,1,0, 40127
8,40136,1,1,0, 40137
9,40137,2,2,1, 40139
16,40139,2,2,1, 40141
24,40149,1,1,0, 40150
1,40166,1,1,0, 40167
24,40189,1,1,0, 40190
25,40195,2,2,1, 40197
31,40196,2,2,1, 40198
2,40203,2,2,1, 40205
1,40206,1,1,0, 40207
24,40229,1,1,0, 40230
1,40246,1,1,0, 40247
8,40256,1,1,1, 40257
17,40259,3,3,1, 40262
24,40269,1,1,0, 40270
1,40286,1,1,0, 40287
8,40296,1,1,0, 40297
9,40297,2,2,1, 40299
24,40309,1,1,1, 40310
1,40326,1,1,0, 40327
8,40336,1,1,0, 40337
9,40337,2,2,1, 40339
24,40349,1,1,0, 40350
31,40356,2,2,1, 40358
1,40366,1,1,0, 40367
8,40376,1,1,0, 40377
9,40377,2,2,1, 40379
15,40381,2,2,1, 40383
24,40389,1,1,1, 40390
31,40396,2,2,1, 40398
8,40416,1,1,0, 40417
15,40421,2,2,1, 40423
24,40429,1,1,1, 40430
31,40436,2,2,1, 40438
8,40456,1,1,1, 40457
15,40461,2,2,1, 40463
24,40469,1,1,0, 40470
25,40475,2,2,1, 40477
1,40486,1,1,1, 40487
8,40496,1,1,0, 40497
17,40499,3,3,1, 40502
1,40526,1,1,1, 40527
1,40566,1,1,1, 40567
25,40595,2,2,1, 40597
1,40606,1,1,1, 40607
8,40616,1,1,0, 40617
9,40617,2,2,1, 40619
16,40619,2,2,1, 40621
17,40619,3,3,1, 40622
24,40629,1,1,0, 40630
1,40646,1,1,1, 40647
8,40656,1,1,0, 40657
24,40669,1,1,1, 40670
31,40676,2,2,1, 40678
2,40683,2,2,1, 40685
1,40686,1,1,0, 40687
8,40696,1,1,0, 40697
24,40709,1,1,0, 40710
1,40726,1,1,0, 40727
8,40736,1,1,1, 40737
16,40739,2,2,1, 40741
15,40741,2,2,1, 40743
24,40749,1,1,1, 40750
31,40756,2,2,1, 40758
8,40776,1,1,1, 40777
24,40789,1,1,1, 40790
25,40795,2,2,1, 40797
31,40796,2,2,1, 40798
8,40816,1,1,1, 40817
24,40829,1,1,1, 40830
25,40835,2,2,1, 40837
31,40836,2,2,1, 40838
1,40846,1,1,0, 40847
8,40856,1,1,1, 40857
16,40859,2,2,1, 40861
17,40859,3,3,1, 40862
25,40875,2,2,1, 40877
1,40886,1,1,0, 40887
25,40915,2,2,1, 40917
1,40926,1,1,1, 40927
8,40936,1,1,1, 40937
16,40939,2,2,1, 40941
17,40939,3,3,1, 40942
15,40941,2,2,1, 40943
25,40955,2,2,1, 40957
1,40966,1,1,0, 40967
8,40976,1,1,1, 40977
16,40979,2,2,1, 40981
24,40989,1,1,1, 40990
2,41003,2,2,1, 41005
1,41006,1,1,1, 41007
24,41029,1,1,0, 41030
1,41046,1,1,0, 41047
9,41057,2,2,1, 41059
24,41069,1,1,1, 41070
23,41068,3,3,1, 41071
31,41076,2,2,1, 41078
1,41086,1,1,1, 41087
8,41096,1,1,1, 41097
24,41109,1,1,0, 41110
8,41136,1,1,0, 41137
24,41149,1,1,0, 41150
25,41155,2,2,1, 41157
8,41176,1,1,1, 41177
24,41189,1,1,0, 41190
25,41195,2,2,1, 41197
31,41196,2,2,1, 41198
1,41206,1,1,1, 41207
8,41216,1,1,1, 41217
17,41219,3,3,1, 41222
24,41229,1,1,0, 41230
31,41236,2,2,1, 41238
1,41246,1,1,0, 41247
8,41256,1,1,1, 41257
24,41269,1,1,1, 41270
2,41283,2,2,1, 41285
1,41286,1,1,1, 41287
8,41296,1,1,1, 41297
24,41309,1,1,0, 41310
1,41326,1,1,0, 41327
8,41336,1,1,1, 41337
16,41339,2,2,1, 41341
17,41339,3,3,1, 41342
15,41341,2,2,1, 41343
2,41363,2,2,1, 41365
1,41366,1,1,0, 41367
8,41376,1,1,0, 41377
2,41403,2,2,1, 41405
1,41406,1,1,1, 41407
8,41416,1,1,0, 41417
24,41429,1,1,1, 41430
25,41435,2,2,1, 41437
1,41446,1,1,0, 41447
8,41456,1,1,1, 41457
9,41457,2,2,1, 41459
15,41461,2,2,1, 41463
8,41496,1,1,0, 41497
8,41536,1,1,0, 41537
1,41566,1,1,1, 41567
8,41576,1,1,1, 41577
9,41577,2,2,1, 41579
16,41579,2,2,1, 41581
24,41589,1,1,0, 41590
2,41603,2,2,1, 41605
1,41606,1,1,1, 41607
8,41616,1,1,1, 41617
24,41629,1,1,1, 41630
1,41646,1,1,0, 41647
8,41656,1,1,1, 41657
24,41669,1,1,0, 41670
31,41676,2,2,1, 41678
1,41686,1,1,1, 41687
8,41696,1,1,0, 41697
9,41697,2,2,1, 41699
16,41699,2,2,1, 41701
24,41709,1,1,1, 41710
1,41726,1,1,0, 41727
8,41736,1,1,1, 41737
24,41749,1,1,0, 41750
1,41766,1,1,0, 41767
8,41776,1,1,0, 41777
24,41789,1,1,1, 41790
31,41796,2,2,1, 41798
2,41803,2,2,1, 41805
1,41806,1,1,0, 41807
8,41816,1,1,1, 41817
9,41817,2,2,1, 41819
24,41829,1,1,1, 41830
31,41836,2,2,1, 41838
1,41846,1,1,0, 41847
8,41856,1,1,1, 41857
15,41861,2,2,1, 41863
24,41869,1,1,1, 41870
25,41875,2,2,1, 41877
31,41876,2,2,1, 41878
1,41886,1,1,0, 41887
8,41896,1,1,1, 41897
17,41899,3,3,1, 41902
24,41909,1,1,1, 41910
1,41926,1,1,1, 41927
8,41936,1,1,1, 41937
8,41976,1,1,1, 41977
8,42016,1,1,0, 42017
1,42046,1,1,0, 42047
8,42056,1,1,1, 42057
16,42059,2,2,1, 42061
17,42059,3,3,1, 42062
15,42061,2,2,1, 42063
24,42069,1,1,1, 42070
1,42086,1,1,0, 42087
8,42096,1,1,1, 42097
15,42101,2,2,1, 42103
24,42109,1,1,0, 42110
1,42126,1,1,1, 42127
8,42136,1,1,0, 42137
24,42149,1,1,1, 42150
31,42156,2,2,1, 42158
1,42166,1,1,0, 42167
8,42176,1,1,0, 42177
9,42177,2,2,1, 42179
15,42181,2,2,1, 42183
24,42189,1,1,0, 42190
2,42203,2,2,1, 42205
1,42206,1,1,0, 42207
8,42216,1,1,1, 42217
15,42221,2,2,1, 42223
24,42229,1,1,1, 42230
2,42243,2,2,1, 42245
1,42246,1,1,0, 42247
8,42256,1,1,1, 42257
24,42269,1,1,0, 42270
2,42283,2,2,1, 42285
1,42286,1,1,1, 42287
8,42296,1,1,0, 42297
9,42297,2,2,1, 42299
16,42299,2,2,1, 42301
15,42301,2,2,1, 42303
24,42309,1,1,0, 42310
25,42315,2,2,1, 42317
1,42326,1,1,0, 42327
8,42336,1,1,1, 42337
15,42341,2,2,1, 42343
24,42349,1,1,0, 42350
25,42355,2,2,1, 42357
31,42356,2,2,1, 42358
1,42366,1,1,1, 42367
8,42376,1,1,1, 42377
24,42389,1,1,0, 42390
1,42406,1,1,0, 42407
8,42416,1,1,0, 42417
9,42417,2,2,1, 42419
16,42419,2,2,1, 42421
2,42443,2,2,1, 42445
1,42446,1,1,1, 42447
8,42456,1,1,1, 42457
1,42486,1,1,0, 42487
8,42496,1,1,1, 42497
1,42526,1,1,0, 42527
8,42536,1,1,1, 42537
15,42541,2,2,1, 42543
24,42549,1,1,0, 42550
25,42555,2,2,1, 42557
31,42556,2,2,1, 42558
1,42566,1,1,0, 42567
8,42576,1,1,0, 42577
15,42581,2,2,1, 42583
24,42589,1,1,1, 42590
2,42603,2,2,1, 42605
1,42606,1,1,0, 42607
8,42616,1,1,0, 42617
15,42621,2,2,1, 42623
24,42629,1,1,0, 42630
25,42635,2,2,1, 42637
31,42636,2,2,1, 42638
1,42646,1,1,1, 42647
8,42656,1,1,1, 42657
16,42659,2,2,1, 42661
1,42766,1,1,1, 42767
8,42776,1,1,1, 42777
24,42789,1,1,0, 42790
25,42795,2,2,1, 42797
31,42796,2,2,1, 42798
2,42803,2,2,1, 42805
1,42806,1,1,0, 42807
8,42816,1,1,0, 42817
24,42829,1,1,1, 42830
25,42835,2,2,1, 42837
31,42836,2,2,1, 42838
2,42843,2,2,1, 42845
1,42846,1,1,1, 42847
8,42856,1,1,0, 42857
15,42861,2,2,1, 42863
24,42869,1,1,1, 42870
31,42876,2,2,1, 42878
2,42883,2,2,1, 42885
1,42886,1,1,1, 42887
8,42896,1,1,1, 42897
9,42897,2,2,1, 42899
16,42899,2,2,1, 42901
8,42936,1,1,1, 42937
8,42976,1,1,1, 42977
1,43006,1,1,1, 43007
8,43016,1,1,1, 43017
24,43029,1,1,1, 43030
31,43036,2,2,1, 43038
1,43046,1,1,0, 43047
8,43056,1,1,1, 43057
24,43069,1,1,1, 43070
2,43083,2,2,1, 43085
1,43086,1,1,0, 43087
8,43096,1,1,0, 43097
15,43101,2,2,1, 43103
24,43109,1,1,1, 43110
1,43126,1,1,1, 43127
8,43136,1,1,1, 43137
24,43149,1,1,0, 43150
31,43156,2,2,1, 43158
2,43163,2,2,1, 43165
1,43166,1,1,0, 43167
8,43176,1,1,0, 43177
15,43181,2,2,1, 43183
24,43189,1,1,1, 43190
31,43196,2,2,1, 43198
1,43206,1,1,1, 43207
8,43216,1,1,1, 43217
24,43229,1,1,0, 43230
25,43235,2,2,1, 43237
1,43246,1,1,1, 43247
8,43256,1,1,1, 43257
9,43257,2,2,1, 43259
17,43259,3,3,1, 43262
1,43286,1,1,0, 43287
1,43326,1,1,0, 43327
25,43355,2,2,1, 43357
1,43366,1,1,1, 43367
8,43376,1,1,1, 43377
24,43389,1,1,1, 43390
1,43406,1,1,1, 43407
8,43416,1,1,1, 43417
15,43421,2,2,1, 43423
24,43429,1,1,1, 43430
1,43446,1,1,0, 43447
8,43456,1,1,0, 43457
24,43469,1,1,1, 43470
31,43476,2,2,1, 43478
1,43486,1,1,1, 43487
8,43496,1,1,0, 43497
9,43497,2,2,1, 43499
16,43499,2,2,1, 43501
17,43499,3,3,1, 43502
15,43501,2,2,1, 43503
24,43509,1,1,1, 43510
1,43526,1,1,1, 43527
24,43549,1,1,0, 43550
31,43556,2,2,1, 43558
1,43566,1,1,0, 43567
24,43589,1,1,0, 43590
1,43606,1,1,0, 43607
8,43616,1,1,1, 43617
9,43617,2,2,1, 43619
16,43619,2,2,1, 43621
17,43619,3,3,1, 43622
15,43621,2,2,1, 43623
24,43629,1,1,0, 43630
31,43636,2,2,1, 43638
1,43646,1,1,0, 43647
16,43659,2,2,1, 43661
17,43659,3,3,1, 43662
24,43669,1,1,0, 43670
31,43676,2,2,1, 43678
1,43686,1,1,1, 43687
16,43699,2,2,1, 43701
17,43699,3,3,1, 43702
24,43709,1,1,1, 43710
2,43723,2,2,1, 43725
1,43726,1,1,0, 43727
8,43736,1,1,1, 43737
9,43737,2,2,1, 43739
16,43739,2,2,1, 43741
17,43739,3,3,1, 43742
15,43741,2,2,1, 43743
25,43755,2,2,1, 43757
2,43763,2,2,1, 43765
1,43766,1,1,1, 43767
8,43776,1,1,0, 43777
15,43781,2,2,1, 43783
1,43806,1,1,1, 43807
8,43816,1,1,0, 43817
24,43829,1,1,1, 43830
1,43846,1,1,0, 43847
8,43856,1,1,0, 43857
1,43966,1,1,1, 43967
8,43976,1,1,0, 43977
16,43979,2,2,1, 43981
17,43979,3,3,1, 43982
24,43989,1,1,0, 43990
31,43996,2,2,1, 43998
2,44003,2,2,1, 44005
1,44006,1,1,1, 44007
8,44016,1,1,1, 44017
15,44021,2,2,1, 44023
24,44029,1,1,1, 44030
31,44036,2,2,1, 44038
2,44043,2,2,1, 44045
1,44046,1,1,1, 44047
8,44056,1,1,0, 44057
24,44069,1,1,1, 44070
31,44076,2,2,1, 44078
1,44086,1,1,0, 44087
8,44096,1,1,1, 44097
16,44099,2,2,1, 44101
17,44099,3,3,1, 44102
15,44101,2,2,1, 44103
1,44126,1,1,1, 44127
8,44136,1,1,0, 44137
25,44155,2,2,1, 44157
1,44166,1,1,1, 44167
8,44176,1,1,1, 44177
15,44181,2,2,1, 44183
24,44189,1,1,0, 44190
1,44206,1,1,0, 44207
8,44216,1,1,1, 44217
9,44217,2,2,1, 44219
16,44219,2,2,1, 44221
1,44246,1,1,0, 44247
2,44283,2,2,1, 44285
1,44286,1,1,0, 44287
1,44326,1,1,1, 44327
8,44336,1,1,0, 44337
16,44339,2,2,1, 44341
17,44339,3,3,1, 44342
15,44341,2,2,1, 44343
24,44349,1,1,0, 44350
25,44355,2,2,1, 44357
1,44366,1,1,1, 44367
8,44376,1,1,0, 44377
15,44381,2,2,1, 44383
24,44389,1,1,0, 44390
31,44396,2,2,1, 44398
1,44406,1,1,1, 44407
8,44416,1,1,1, 44417
15,44421,2,2,1, 44423
24,44429,1,1,1, 44430
31,44436,2,2,1, 44438
2,44443,2,2,1, 44445
1,44446,1,1,0, 44447
8,44456,1,1,1, 44457
9,44457,2,2,1, 44459
1,44566,1,1,1, 44567
8,44576,1,1,0, 44577
9,44577,2,2,1, 44579
16,44579,2,2,1, 44581
24,44589,1,1,0, 44590
1,44606,1,1,0, 44607
8,44616,1,1,0, 44617
24,44629,1,1,0, 44630
31,44636,2,2,1, 44638
1,44646,1,1,0, 44647
8,44656,1,1,1, 44657
24,44669,1,1,0, 44670
31,44676,2,2,1, 44678
1,44686,1,1,0, 44687
8,44696,1,1,0, 44697
16,44699,2,2,1, 44701
17,44699,3,3,1, 44702
15,44701,2,2,1, 44703
2,44723,2,2,1, 44725
1,44726,1,1,1, 44727
8,44736,1,1,1, 44737
1,44766,1,1,0, 44767
8,44776,1,1,0, 44777
1,44806,1,1,1, 44807
8,44816,1,1,1, 44817
9,44817,2,2,1, 44819
16,44819,2,2,1, 44821
24,44829,1,1,0, 44830
25,44835,2,2,1, 44837
1,44846,1,1,1, 44847
24,44869,1,1,1, 44870
1,44886,1,1,1, 44887
24,44909,1,1,0, 44910
31,44916,2,2,1, 44918
2,44923,2,2,1, 44925
1,44926,1,1,1, 44927
8,44936,1,1,0, 44937
15,44941,2,2,1, 44943
24,44949,1,1,1, 44950
31,44956,2,2,1, 44958
2,44963,2,2,1, 44965
1,44966,1,1,0, 44967
8,44976,1,1,1, 44977
15,44981,2,2,1, 44983
24,44989,1,1,0, 44990
31,44996,2,2,1, 44998
1,45006,1,1,0, 45007
8,45016,1,1,1, 45017
24,45029,1,1,1, 45030
1,45046,1,1,1, 45047
8,45056,1,1,1, 45057
17,45059,3,3,1, 45062
25,45075,2,2,1, 45077
1,45086,1,1,1, 45087
2,45123,2,2,1, 45125
1,45126,1,1,0, 45127
8,45136,1,1,0, 45137
16,45139,2,2,1, 45141
25,45155,2,2,1, 45157
1,45166,1,1,1, 45167
8,45176,1,1,0, 45177
17,45179,3,3,1, 45182
24,45189,1,1,1, 45190
8,45216,1,1,1, 45217
24,45229,1,1,0, 45230
25,45235,2,2,1, 45237
31,45236,2,2,1, 45238
8,45256,1,1,1, 45257
1,45286,1,1,1, 45287
8,45296,1,1,1, 45297
9,45297,2,2,1, 45299
24,45309,1,1,0, 45310
31,45316,2,2,1, 45318
1,45326,1,1,0, 45327
24,45349,1,1,0, 45350
31,45356,2,2,1, 45358
1,45366,1,1,1, 45367
24,45389,1,1,0, 45390
2,45403,2,2,1, 45405
1,45406,1,1,0, 45407
8,45416,1,1,1, 45417
9,45417,2,2,1, 45419
16,45419,2,2,1, 45421
17,45419,3,3,1, 45422
15,45421,2,2,1, 45423
25,45435,2,2,1, 45437
2,45443,2,2,1, 45445
1,45446,1,1,0, 45447
8,45456,1,1,0, 45457
25,45475,2,2,1, 45477
1,45486,1,1,0, 45487
8,45496,1,1,1, 45497
1,45526,1,1,0, 45527
8,45536,1,1,1, 45537
24,45549,1,1,0, 45550
23,45548,3,3,1, 45551
1,45566,1,1,1, 45567
8,45576,1,1,1, 45577
24,45589,1,1,1, 45590
31,45596,2,2,1, 45598
2,45603,2,2,1, 45605
1,45606,1,1,0, 45607
8,45616,1,1,0, 45617
25,45635,2,2,1, 45637
2,45643,2,2,1, 45645
1,45646,1,1,0, 45647
8,45656,1,1,0, 45657
9,45657,2,2,1, 45659
15,45661,2,2,1, 45663
24,45669,1,1,0, 45670
31,45676,2,2,1, 45678
8,45696,1,1,0, 45697
15,45701,2,2,1, 45703
24,45709,1,1,0, 45710
31,45716,2,2,1, 45718
8,45736,1,1,0, 45737
24,45749,1,1,1, 45750
1,45766,1,1,1, 45767
8,45776,1,1,1, 45777
16,45779,2,2,1, 45781
24,45789,1,1,1, 45790
2,45803,2,2,1, 45805
1,45806,1,1,1, 45807
24,45829,1,1,0, 45830
25,45835,2,2,1, 45837
1,45846,1,1,1, 45847
24,45869,1,1,0, 45870
31,45876,2,2,1, 45878
1,45886,1,1,1, 45887
8,45896,1,1,0, 45897
9,45897,2,2,1, 45899
17,45899,3,3,1, 45902
8,45936,1,1,1, 45937
8,45976,1,1,0, 45977
1,46006,1,1,0, 46007
8,46016,1,1,1, 46017
9,46017,2,2,1, 46019
16,46019,2,2,1, 46021
24,46029,1,1,0, 46030
1,46046,1,1,0, 46047
9,46057,2,2,1, 46059
16,46059,2,2,1, 46061
24,46069,1,1,0, 46070
2,46083,2,2,1, 46085
1,46086,1,1,1, 46087
24,46109,1,1,1, 46110
31,46116,2,2,1, 46118
2,46123,2,2,1, 46125
1,46126,1,1,0, 46127
8,46136,1,1,1, 46137
9,46137,2,2,1, 46139
24,46149,1,1,1, 46150
31,46156,2,2,1, 46158
8,46176,1,1,0, 46177
24,46189,1,1,1, 46190
8,46216,1,1,0, 46217
15,46221,2,2,1, 46223
24,46229,1,1,1, 46230
31,46236,2,2,1, 46238
1,46246,1,1,0, 46247
8,46256,1,1,0, 46257
16,46259,2,2,1, 46261
17,46259,3,3,1, 46262
8,46296,1,1,0, 46297
1,46326,1,1,1, 46327
8,46336,1,1,0, 46337
15,46341,2,2,1, 46343
1,46366,1,1,1, 46367
8,46376,1,1,0, 46377
9,46377,2,2,1, 46379
17,46379,3,3,1, 46382
24,46389,1,1,1, 46390
31,46396,2,2,1, 46398
2,46403,2,2,1, 46405
1,46406,1,1,1, 46407
8,46416,1,1,1, 46417
24,46429,1,1,0, 46430
2,46443,2,2,1, 46445
1,46446,1,1,0, 46447
8,46456,1,1,1, 46457
24,46469,1,1,0, 46470
31,46476,2,2,1, 46478
1,46486,1,1,1, 46487
8,46496,1,1,0, 46497
9,46497,2,2,1, 46499
17,46499,3,3,1, 46502
15,46501,2,2,1, 46503
24,46509,1,1,0, 46510
8,46536,1,1,1, 46537
15,46541,2,2,1, 46543
24,46549,1,1,1, 46550
31,46556,2,2,1, 46558
1,46566,1,1,0, 46567
8,46576,1,1,1, 46577
24,46589,1,1,1, 46590
31,46596,2,2,1, 46598
1,46606,1,1,1, 46607
8,46616,1,1,0, 46617
9,46617,2,2,1, 46619
16,46619,2,2,1, 46621
17,46619,3,3,1, 46622
15,46621,2,2,1, 46623
8,46656,1,1,0, 46657
15,46661,2,2,1, 46663
1,46686,1,1,0, 46687
8,46696,1,1,0, 46697
15,46701,2,2,1, 46703
25,46715,2,2,1, 46717
1,46726,1,1,1, 46727
8,46736,1,1,0, 46737
9,46737,2,2,1, 46739
16,46739,2,2,1, 46741
24,46749,1,1,1, 46750
1,46766,1,1,1, 46767
24,46789,1,1,0, 46790
31,46796,2,2,1, 46798
2,46803,2,2,1, 46805
1,46806,1,1,0, 46807
24,46829,1,1,0, 46830
2,46843,2,2,1, 46845
1,46846,1,1,1, 46847
8,46856,1,1,0, 46857
24,46869,1,1,1, 46870
25,46875,2,2,1, 46877
8,46896,1,1,0, 46897
15,46901,2,2,1, 46903
24,46909,1,1,1, 46910
8,46936,1,1,0, 46937
15,46941,2,2,1, 46943
24,46949,1,1,0, 46950
25,46955,2,2,1, 46957
1,46966,1,1,0, 46967
8,46976,1,1,1, 46977
16,46979,2,2,1, 46981
2,47003,2,2,1, 47005
1,47006,1,1,1, 47007
1,47046,1,1,0, 47047
1,47086,1,1,1, 47087
8,47096,1,1,0, 47097
9,47097,2,2,1, 47099
16,47099,2,2,1, 47101
24,47109,1,1,0, 47110
25,47115,2,2,1, 47117
31,47116,2,2,1, 47118
1,47126,1,1,0, 47127
24,47149,1,1,1, 47150
25,47155,2,2,1, 47157
1,47166,1,1,1, 47167
24,47189,1,1,1, 47190
31,47196,2,2,1, 47198
2,47203,2,2,1, 47205
1,47206,1,1,0, 47207
8,47216,1,1,0, 47217
16,47219,2,2,1, 47221
15,47221,2,2,1, 47223
24,47229,1,1,1, 47230
31,47236,2,2,1, 47238
2,47243,2,2,1, 47245
1,47246,1,1,0, 47247
24,47269,1,1,0, 47270
2,47283,2,2,1, 47285
1,47286,1,1,0, 47287
8,47296,1,1,1, 47297
16,47299,2,2,1, 47301
17,47299,3,3,1, 47302
23,47308,3,3,1, 47311
2,47323,2,2,1, 47325
1,47326,1,1,1, 47327
8,47336,1,1,0, 47337
17,47339,3,3,1, 47342
24,47389,1,1,0, 47390
25,47395,2,2,1, 47397
31,47396,2,2,1, 47398
24,47429,1,1,0, 47430
25,47435,2,2,1, 47437
1,47446,1,1,0, 47447
24,47469,1,1,0, 47470
31,47476,2,2,1, 47478
1,47486,1,1,1, 47487
9,47497,2,2,1, 47499
24,47509,1,1,0, 47510
31,47516,2,2,1, 47518
1,47526,1,1,0, 47527
8,47536,1,1,0, 47537
1,47566,1,1,1, 47567
8,47576,1,1,0, 47577
2,47603,2,2,1, 47605
1,47606,1,1,0, 47607
8,47616,1,1,1, 47617
24,47629,1,1,1, 47630
31,47636,2,2,1, 47638
1,47646,1,1,0, 47647
8,47656,1,1,0, 47657
24,47669,1,1,1, 47670
31,47676,2,2,1, 47678
1,47686,1,1,0, 47687
8,47696,1,1,1, 47697
24,47709,1,1,0, 47710
31,47716,2,2,1, 47718
1,47726,1,1,0, 47727
8,47736,1,1,1, 47737
24,47749,1,1,1, 47750
8,47776,1,1,1, 47777
16,47779,2,2,1, 47781
17,47779,3,3,1, 47782
8,47816,1,1,1, 47817
15,47821,2,2,1, 47823
8,47856,1,1,0, 47857
1,47886,1,1,0, 47887
8,47896,1,1,1, 47897
24,47909,1,1,1, 47910
31,47916,2,2,1, 47918
1,47926,1,1,1, 47927
8,47936,1,1,1, 47937
24,47949,1,1,1, 47950
1,47966,1,1,0, 47967
8,47976,1,1,0, 47977
15,47981,2,2,1, 47983
24,47989,1,1,0, 47990
31,47996,2,2,1, 47998
1,48006,1,1,0, 48007
8,48016,1,1,0, 48017
24,48029,1,1,1, 48030
31,48036,2,2,1, 48038
2,48043,2,2,1, 48045
1,48046,1,1,0, 48047
8,48056,1,1,1, 48057
24,48069,1,1,0, 48070
2,48083,2,2,1, 48085
1,48086,1,1,1, 48087
8,48096,1,1,0, 48097
15,48101,2,2,1, 48103
24,48109,1,1,1, 48110
31,48116,2,2,1, 48118
2,48123,2,2,1, 48125
8,48136,1,1,0, 48137
24,48149,1,1,1, 48150
8,48176,1,1,0, 48177
16,48179,2,2,1, 48181
17,48179,3,3,1, 48182
24,48189,1,1,0, 48190
25,48195,2,2,1, 48197
24,48229,1,1,0, 48230
25,48235,2,2,1, 48237
31,48236,2,2,1, 48238
1,48246,1,1,0, 48247
1,48286,1,1,0, 48287
1,48326,1,1,1, 48327
24,48349,1,1,1, 48350
1,48366,1,1,0, 48367
8,48376,1,1,1, 48377
24,48389,1,1,0, 48390
31,48396,2,2,1, 48398
1,48406,1,1,1, 48407
8,48416,1,1,0, 48417
24,48429,1,1,1, 48430
1,48446,1,1,1, 48447
8,48456,1,1,1, 48457
24,48469,1,1,0, 48470
31,48476,2,2,1, 48478
2,48483,2,2,1, 48485
1,48486,1,1,0, 48487
8,48496,1,1,1, 48497
16,48499,2,2,1, 48501
15,48501,2,2,1, 48503
2,48523,2,2,1, 48525
1,48526,1,1,0, 48527
8,48536,1,1,0, 48537
16,48539,2,2,1, 48541
15,48541,2,2,1, 48543
23,48548,3,3,1, 48551
2,48563,2,2,1, 48565
1,48566,1,1,0, 48567
8,48576,1,1,0, 48577
24,48589,1,1,0, 48590
23,48588,3,3,1, 48591
25,48595,2,2,1, 48597
31,48596,2,2,1, 48598
1,48606,1,1,0, 48607
24,48629,1,1,1, 48630
1,48646,1,1,0, 48647
24,48669,1,1,1, 48670
31,48676,2,2,1, 48678
1,48686,1,1,0, 48687
24,48709,1,1,1, 48710
2,48723,2,2,1, 48725
1,48726,1,1,0, 48727
8,48736,1,1,1, 48737
15,48741,2,2,1, 48743
24,48749,1,1,0, 48750
2,48763,2,2,1, 48765
1,48766,1,1,1, 48767
8,48776,1,1,0, 48777
15,48781,2,2,1, 48783
24,48789,1,1,1, 48790
2,48803,2,2,1, 48805
1,48806,1,1,0, 48807
8,48816,1,1,1, 48817
15,48821,2,2,1, 48823
24,48829,1,1,1, 48830
31,48836,2,2,1, 48838
1,48846,1,1,0, 48847
8,48856,1,1,0, 48857
15,48861,2,2,1, 48863
1,48886,1,1,0, 48887
8,48896,1,1,1, 48897
25,48915,2,2,1, 48917
1,48926,1,1,1, 48927
8,48936,1,1,1, 48937
16,48939,2,2,1, 48941
24,48949,1,1,1, 48950
25,48955,2,2,1, 48957
31,48956,2,2,1, 48958
1,48966,1,1,0, 48967
2,49043,2,2,1, 49045
1,49046,1,1,0, 49047
24,49069,1,1,1, 49070
31,49076,2,2,1, 49078
1,49086,1,1,1, 49087
8,49096,1,1,0, 49097
15,49101,2,2,1, 49103
24,49109,1,1,1, 49110
25,49115,2,2,1, 49117
1,49126,1,1,0, 49127
8,49136,1,1,1, 49137
9,49137,2,2,1, 49139
24,49149,1,1,1, 49150
8,49176,1,1,1, 49177
9,49177,2,2,1, 49179
24,49189,1,1,1, 49190
31,49196,2,2,1, 49198
8,49216,1,1,1, 49217
24,49229,1,1,0, 49230
31,49236,2,2,1, 49238
1,49246,1,1,1, 49247
8,49256,1,1,1, 49257
16,49259,2,2,1, 49261
2,49283,2,2,1, 49285
1,49286,1,1,0, 49287
8,49296,1,1,1, 49297
9,49297,2,2,1, 49299
25,49315,2,2,1, 49317
1,49326,1,1,1, 49327
8,49336,1,1,1, 49337
15,49341,2,2,1, 49343
24,49349,1,1,0, 49350
31,49356,2,2,1, 49358
1,49366,1,1,1, 49367
8,49376,1,1,0, 49377
24,49389,1,1,1, 49390
25,49395,2,2,1, 49397
1,49406,1,1,1, 49407
8,49416,1,1,0, 49417
24,49429,1,1,1, 49430
25,49435,2,2,1, 49437
1,49446,1,1,0, 49447
1,49486,1,1,1, 49487
2,49523,2,2,1, 49525
1,49526,1,1,1, 49527
24,49549,1,1,1, 49550
31,49556,2,2,1, 49558
1,49566,1,1,1, 49567
8,49576,1,1,0, 49577
24,49589,1,1,1, 49590
31,49596,2,2,1, 49598
1,49606,1,1,1, 49607
8,49616,1,1,1, 49617
24,49629,1,1,1, 49630
1,49646,1,1,0, 49647
8,49656,1,1,0, 49657
24,49669,1,1,1, 49670
25,49675,2,2,1, 49677
31,49676,2,2,1, 49678
1,49686,1,1,1, 49687
8,49696,1,1,0, 49697
15,49701,2,2,1, 49703
1,49726,1,1,0, 49727
8,49736,1,1,0, 49737
9,49737,2,2,1, 49739
1,49766,1,1,1, 49767
8,49776,1,1,0, 49777
24,49789,1,1,1, 49790
25,49795,2,2,1, 49797
31,49796,2,2,1, 49798
1,49806,1,1,0, 49807
8,49816,1,1,0, 49817
15,49821,2,2,1, 49823
24,49829,1,1,1, 49830
31,49836,2,2,1, 49838
1,49846,1,1,1, 49847
8,49856,1,1,0, 49857
16,49859,2,2,1, 49861
25,49875,2,2,1, 49877
2,49883,2,2,1, 49885
1,49886,1,1,1, 49887
8,49896,1,1,0, 49897
15,49901,2,2,1, 49903
1,49926,1,1,0, 49927
8,49936,1,1,1, 49937
1,49966,1,1,1, 49967
8,49976,1,1,1, 49977
9,49977,2,2,1, 49979
24,49989,1,1,1, 49990
1,50006,1,1,1, 50007
8,50016,1,1,1, 50017
9,50017,2,2,1, 50019
24,50029,1,1,0, 50030
23,50028,3,3,1, 50031
1,50046,1,1,0, 50047
8,50056,1,1,0, 50057
24,50069,1,1,1, 50070
25,50075,2,2,1, 50077
31,50076,2,2,1, 50078
1,50086,1,1,1, 50087
8,50096,1,1,0, 50097
15,50101,2,2,1, 50103
24,50109,1,1,0, 50110
25,50115,2,2,1, 50117
8,50136,1,1,1, 50137
15,50141,2,2,1, 50143
24,50149,1,1,1, 50150
23,50148,3,3,1, 50151
25,50155,2,2,1, 50157
2,50163,2,2,1, 50165
1,50166,1,1,0, 50167
8,50176,1,1,0, 50177
9,50177,2,2,1, 50179
25,50195,2,2,1, 50197
1,50206,1,1,0, 50207
8,50216,1,1,1, 50217
9,50217,2,2,1, 50219
15,50221,2,2,1, 50223
25,50235,2,2,1, 50237
1,50246,1,1,1, 50247
8,50256,1,1,1, 50257
24,50269,1,1,1, 50270
23,50268,3,3,1, 50271
25,50275,2,2,1, 50277
1,50286,1,1,0, 50287
8,50296,1,1,0, 50297
15,50301,2,2,1, 50303
24,50309,1,1,1, 50310
25,50315,2,2,1, 50317
31,50316,2,2,1, 50318
1,50326,1,1,1, 50327
8,50336,1,1,0, 50337
24,50349,1,1,1, 50350
24,50389,1,1,0, 50390
31,50396,2,2,1, 50398
8,50416,1,1,0, 50417
15,50421,2,2,1, 50423
24,50429,1,1,1, 50430
1,50446,1,1,1, 50447
8,50456,1,1,0, 50457
25,50475,2,2,1, 50477
2,50483,2,2,1, 50485
1,50486,1,1,0, 50487
8,50496,1,1,0, 50497
15,50501,2,2,1, 50503
2,50523,2,2,1, 50525
1,50526,1,1,1, 50527
8,50536,1,1,1, 50537
15,50541,2,2,1, 50543
1,50566,1,1,0, 50567
8,50576,1,1,0, 50577
9,50577,2,2,1, 50579
16,50579,2,2,1, 50581
24,50589,1,1,0, 50590
31,50596,2,2,1, 50598
1,50606,1,1,0, 50607
24,50629,1,1,0, 50630
25,50635,2,2,1, 50637
1,50646,1,1,0, 50647
9,50657,2,2,1, 50659
24,50669,1,1,1, 50670
25,50675,2,2,1, 50677
2,50683,2,2,1, 50685
1,50686,1,1,0, 50687
8,50696,1,1,1, 50697
9,50697,2,2,1, 50699
16,50699,2,2,1, 50701
15,50701,2,2,1, 50703
8,50736,1,1,0, 50737
15,50741,2,2,1, 50743
8,50776,1,1,0, 50777
15,50781,2,2,1, 50783
8,50816,1,1,1, 50817
9,50817,2,2,1, 50819
16,50819,2,2,1, 50821
24,50829,1,1,1, 50830
25,50835,2,2,1, 50837
2,50843,2,2,1, 50845
1,50846,1,1,1, 50847
8,50856,1,1,1, 50857
15,50861,2,2,1, 50863
24,50869,1,1,0, 50870
25,50875,2,2,1, 50877
2,50883,2,2,1, 50885
1,50886,1,1,0, 50887
8,50896,1,1,1, 50897
15,50901,2,2,1, 50903
24,50909,1,1,1, 50910
31,50916,2,2,1, 50918
2,50923,2,2,1, 50925
1,50926,1,1,1, 50927
8,50936,1,1,0, 50937
9,50937,2,2,1, 50939
16,50939,2,2,1, 50941
24,50949,1,1,1, 50950
31,50956,2,2,1, 50958
2,50963,2,2,1, 50965
1,50966,1,1,1, 50967
16,50979,2,2,1, 50981
17,50979,3,3,1, 50982
24,50989,1,1,0, 50990
25,50995,2,2,1, 50997
8,51056,1,1,0, 51057
16,51059,2,2,1, 51061
15,51061,2,2,1, 51063
1,51086,1,1,1, 51087
8,51096,1,1,0, 51097
15,51101,2,2,1, 51103
24,51109,1,1,1, 51110
25,51115,2,2,1, 51117
31,51116,2,2,1, 51118
2,51123,2,2,1, 51125
1,51126,1,1,1, 51127
8,51136,1,1,0, 51137
15,51141,2,2,1, 51143
24,51149,1,1,1, 51150
1,51166,1,1,0, 51167
8,51176,1,1,1, 51177
15,51181,2,2,1, 51183
24,51189,1,1,0, 51190
2,51203,2,2,1, 51205
1,51206,1,1,0, 51207
8,51216,1,1,1, 51217
15,51221,2,2,1, 51223
24,51229,1,1,0, 51230
31,51236,2,2,1, 51238
1,51246,1,1,0, 51247
8,51256,1,1,0, 51257
24,51269,1,1,0, 51270
31,51276,2,2,1, 51278
1,51286,1,1,0, 51287
8,51296,1,1,0, 51297
24,51309,1,1,0, 51310
31,51316,2,2,1, 51318
1,51326,1,1,0, 51327
8,51336,1,1,0, 51337
16,51339,2,2,1, 51341
24,51349,1,1,1, 51350
23,51348,3,3,1, 51351
31,51356,2,2,1, 51358
1,51366,1,1,1, 51367
8,51376,1,1,1, 51377
9,51377,2,2,1, 51379
24,51389,1,1,1, 51390
2,51403,2,2,1, 51405
1,51406,1,1,1, 51407
8,51416,1,1,0, 51417
15,51421,2,2,1, 51423
24,51429,1,1,1, 51430
25,51435,2,2,1, 51437
8,51456,1,1,1, 51457
15,51461,2,2,1, 51463
24,51469,1,1,0, 51470
23,51468,3,3,1, 51471
31,51476,2,2,1, 51478
1,51526,1,1,0, 51527
24,51549,1,1,1, 51550
31,51556,2,2,1, 51558
1,51566,1,1,1, 51567
9,51577,2,2,1, 51579
24,51589,1,1,0, 51590
1,51606,1,1,0, 51607
16,51619,2,2,1, 51621
24,51629,1,1,0, 51630
1,51646,1,1,0, 51647
8,51656,1,1,0, 51657
15,51661,2,2,1, 51663
25,51675,2,2,1, 51677
2,51683,2,2,1, 51685
1,51686,1,1,1, 51687
8,51696,1,1,1, 51697
1,51726,1,1,0, 51727
8,51736,1,1,0, 51737
25,51755,2,2,1, 51757
1,51766,1,1,0, 51767
8,51776,1,1,0, 51777
9,51777,2,2,1, 51779
24,51789,1,1,1, 51790
1,51806,1,1,1, 51807
8,51816,1,1,1, 51817
24,51829,1,1,1, 51830
1,51846,1,1,0, 51847
8,51856,1,1,0, 51857
9,51857,2,2,1, 51859
24,51869,1,1,0, 51870
31,51876,2,2,1, 51878
1,51886,1,1,0, 51887
8,51896,1,1,0, 51897
16,51899,2,2,1, 51901
15,51901,2,2,1, 51903
24,51909,1,1,0, 51910
25,51915,2,2,1, 51917
2,51923,2,2,1, 51925
1,51926,1,1,1, 51927
8,51936,1,1,1, 51937
24,51949,1,1,1, 51950
25,51955,2,2,1, 51957
1,51966,1,1,0, 51967
8,51976,1,1,1, 51977
24,51989,1,1,0, 51990
31,51996,2,2,1, 51998
2,52003,2,2,1, 52005
1,52006,1,1,1, 52007
8,52016,1,1,0, 52017
9,52017,2,2,1, 52019
16,52019,2,2,1, 52021
17,52019,3,3,1, 52022
24,52029,1,1,0, 52030
1,52046,1,1,0, 52047
8,52056,1,1,0, 52057
9,52057,2,2,1, 52059
15,52061,2,2,1, 52063
24,52069,1,1,1, 52070
31,52076,2,2,1, 52078
8,52096,1,1,0, 52097
24,52109,1,1,1, 52110
25,52115,2,2,1, 52117
31,52116,2,2,1, 52118
8,52136,1,1,1, 52137
16,52139,2,2,1, 52141
8,52176,1,1,0, 52177
15,52181,2,2,1, 52183
2,52203,2,2,1, 52205
1,52206,1,1,1, 52207
8,52216,1,1,0, 52217
9,52217,2,2,1, 52219
16,52219,2,2,1, 52221
17,52219,3,3,1, 52222
15,52221,2,2,1, 52223
2,52243,2,2,1, 52245
1,52246,1,1,1, 52247
8,52256,1,1,0, 52257
16,52259,2,2,1, 52261
17,52259,3,3,1, 52262
24,52269,1,1,0, 52270
1,52286,1,1,0, 52287
8,52296,1,1,0, 52297
24,52309,1,1,0, 52310
1,52326,1,1,0, 52327
8,52336,1,1,0, 52337
24,52349,1,1,1, 52350
1,52366,1,1,1, 52367
8,52376,1,1,0, 52377
9,52377,2,2,1, 52379
17,52379,3,3,1, 52382
24,52389,1,1,1, 52390
31,52396,2,2,1, 52398
1,52406,1,1,1, 52407
8,52416,1,1,1, 52417
9,52417,2,2,1, 52419
15,52421,2,2,1, 52423
24,52429,1,1,0, 52430
2,52443,2,2,1, 52445
1,52446,1,1,0, 52447
8,52456,1,1,0, 52457
24,52469,1,1,0, 52470
1,52486,1,1,1, 52487
8,52496,1,1,0, 52497
24,52509,1,1,1, 52510
1,52526,1,1,0, 52527
8,52536,1,1,0, 52537
15,52541,2,2,1, 52543
24,52549,1,1,1, 52550
1,52566,1,1,0, 52567
24,52589,1,1,0, 52590
31,52596,2,2,1, 52598
1,52606,1,1,0, 52607
9,52617,2,2,1, 52619
24,52629,1,1,1, 52630
2,52643,2,2,1, 52645
1,52646,1,1,1, 52647
24,52669,1,1,0, 52670
25,52675,2,2,1, 52677
31,52676,2,2,1, 52678
2,52683,2,2,1, 52685
1,52686,1,1,0, 52687
8,52696,1,1,0, 52697
15,52701,2,2,1, 52703
24,52709,1,1,1, 52710
25,52715,2,2,1, 52717
2,52723,2,2,1, 52725
1,52726,1,1,0, 52727
8,52736,1,1,0, 52737
15,52741,2,2,1, 52743
24,52749,1,1,0, 52750
1,52766,1,1,1, 52767
8,52776,1,1,0, 52777
24,52789,1,1,0, 52790
31,52796,2,2,1, 52798
1,52806,1,1,0, 52807
8,52816,1,1,1, 52817
15,52821,2,2,1, 52823
24,52829,1,1,1, 52830
1,52846,1,1,1, 52847
8,52856,1,1,0, 52857
24,52869,1,1,1, 52870
2,52883,2,2,1, 52885
1,52886,1,1,0, 52887
8,52896,1,1,0, 52897
24,52909,1,1,1, 52910
2,52923,2,2,1, 52925
1,52926,1,1,0, 52927
8,52936,1,1,1, 52937
15,52941,2,2,1, 52943
24,52949,1,1,1, 52950
31,52956,2,2,1, 52958
2,52963,2,2,1, 52965
1,52966,1,1,1, 52967
8,52976,1,1,1, 52977
15,52981,2,2,1, 52983
24,52989,1,1,0, 52990
31,52996,2,2,1, 52998
1,53006,1,1,1, 53007
8,53016,1,1,0, 53017
15,53021,2,2,1, 53023
24,53029,1,1,0, 53030
23,53028,3,3,1, 53031
31,53036,2,2,1, 53038
24,53069,1,1,1, 53070
25,53075,2,2,1, 53077
31,53076,2,2,1, 53078
24,53109,1,1,1, 53110
24,53149,1,1,1, 53150
31,53156,2,2,1, 53158
1,53166,1,1,1, 53167
8,53176,1,1,0, 53177
15,53181,2,2,1, 53183
2,53203,2,2,1, 53205
1,53206,1,1,1, 53207
8,53216,1,1,1, 53217
15,53221,2,2,1, 53223
2,53243,2,2,1, 53245
1,53246,1,1,0, 53247
8,53256,1,1,1, 53257
17,53259,3,3,1, 53262
24,53269,1,1,1, 53270
25,53275,2,2,1, 53277
31,53276,2,2,1, 53278
1,53286,1,1,1, 53287
9,53297,2,2,1, 53299
24,53309,1,1,0, 53310
25,53315,2,2,1, 53317
1,53326,1,1,1, 53327
9,53337,2,2,1, 53339
24,53349,1,1,0, 53350
2,53363,2,2,1, 53365
1,53366,1,1,1, 53367
24,53389,1,1,1, 53390
25,53395,2,2,1, 53397
1,53406,1,1,0, 53407
8,53416,1,1,0, 53417
24,53429,1,1,0, 53430
1,53446,1,1,1, 53447
8,53456,1,1,0, 53457
15,53461,2,2,1, 53463
24,53469,1,1,0, 53470
2,53483,2,2,1, 53485
1,53486,1,1,1, 53487
8,53496,1,1,1, 53497
24,53509,1,1,1, 53510
23,53508,3,3,1, 53511
25,53515,2,2,1, 53517
2,53523,2,2,1, 53525
1,53526,1,1,1, 53527
8,53536,1,1,0, 53537
15,53541,2,2,1, 53543
25,53555,2,2,1, 53557
1,53566,1,1,1, 53567
8,53576,1,1,0, 53577
15,53581,2,2,1, 53583
1,53606,1,1,0, 53607
8,53616,1,1,0, 53617
24,53629,1,1,1, 53630
31,53636,2,2,1, 53638
1,53646,1,1,0, 53647
8,53656,1,1,1, 53657
16,53659,2,2,1, 53661
15,53661,2,2,1, 53663
24,53669,1,1,0, 53670
25,53675,2,2,1, 53677
31,53676,2,2,1, 53678
1,53686,1,1,1, 53687
8,53696,1,1,0, 53697
9,53697,2,2,1, 53699
1,53726,1,1,0, 53727
1,53766,1,1,0, 53767
24,53789,1,1,1, 53790
1,53806,1,1,0, 53807
8,53816,1,1,1, 53817
9,53817,2,2,1, 53819
16,53819,2,2,1, 53821
17,53819,3,3,1, 53822
24,53829,1,1,1, 53830
1,53846,1,1,1, 53847
8,53856,1,1,1, 53857
9,53857,2,2,1, 53859
24,53869,1,1,1, 53870
31,53876,2,2,1, 53878
2,53883,2,2,1, 53885
1,53886,1,1,1, 53887
8,53896,1,1,0, 53897
9,53897,2,2,1, 53899
24,53909,1,1,1, 53910
31,53916,2,2,1, 53918
8,53936,1,1,0, 53937
15,53941,2,2,1, 53943
1,53966,1,1,0, 53967
8,53976,1,1,1, 53977
15,53981,2,2,1, 53983
2,54003,2,2,1, 54005
1,54006,1,1,0, 54007
8,54016,1,1,0, 54017
2,54043,2,2,1, 54045
1,54046,1,1,0, 54047
8,54056,1,1,1, 54057
16,54059,2,2,1, 54061
17,54059,3,3,1, 54062
24,54069,1,1,0, 54070
25,54075,2,2,1, 54077
31,54076,2,2,1, 54078
1,54086,1,1,0, 54087
8,54096,1,1,0, 54097
24,54109,1,1,0, 54110
25,54115,2,2,1, 54117
1,54126,1,1,0, 54127
8,54136,1,1,1, 54137
24,54149,1,1,0, 54150
31,54156,2,2,1, 54158
1,54166,1,1,0, 54167
8,54176,1,1,0, 54177
16,54179,2,2,1, 54181
24,54189,1,1,1, 54190
2,54203,2,2,1, 54205
1,54206,1,1,0, 54207
8,54216,1,1,0, 54217
24,54229,1,1,0, 54230
25,54235,2,2,1, 54237
31,54236,2,2,1, 54238
1,54246,1,1,0, 54247
8,54256,1,1,0, 54257
17,54259,3,3,1, 54262
25,54275,2,2,1, 54277
1,54286,1,1,0, 54287
8,54296,1,1,1, 54297
9,54297,2,2,1, 54299
1,54326,1,1,0, 54327
8,54336,1,1,1, 54337
15,54341,2,2,1, 54343
24,54349,1,1,0, 54350
25,54355,2,2,1, 54357
8,54376,1,1,0, 54377
9,54377,2,2,1, 54379
24,54389,1,1,0, 54390
25,54395,2,2,1, 54397
8,54416,1,1,0, 54417
16,54419,2,2,1, 54421
17,54419,3,3,1, 54422
24,54429,1,1,1, 54430
31,54436,2,2,1, 54438
24,54469,1,1,1, 54470
31,54476,2,2,1, 54478
2,54483,2,2,1, 54485
1,54486,1,1,0, 54487
1,54526,1,1,0, 54527
1,54566,1,1,0, 54567
24,54589,1,1,0, 54590
2,54603,2,2,1, 54605
1,54606,1,1,0, 54607
8,54616,1,1,1, 54617
15,54621,2,2,1, 54623
24,54629,1,1,0, 54630
25,54635,2,2,1, 54637
1,54646,1,1,1, 54647
8,54656,1,1,1, 54657
9,54657,2,2,1, 54659
24,54669,1,1,0, 54670
31,54676,2,2,1, 54678
2,54683,2,2,1, 54685
1,54686,1,1,0, 54687
8,54696,1,1,1, 54697
24,54709,1,1,0, 54710
31,54716,2,2,1, 54718
1,54726,1,1,1, 54727
24,54749,1,1,1, 54750
1,54766,1,1,0, 54767
9,54777,2,2,1, 54779
24,54789,1,1,0, 54790
25,54795,2,2,1, 54797
31,54796,2,2,1, 54798
1,54806,1,1,0, 54807
24,54829,1,1,0, 54830
25,54835,2,2,1, 54837
2,54843,2,2,1, 54845
1,54846,1,1,0, 54847
8,54856,1,1,1, 54857
15,54861,2,2,1, 54863
25,54875,2,2,1, 54877
1,54886,1,1,1, 54887
8,54896,1,1,1, 54897
1,54926,1,1,1, 54927
8,54936,1,1,0, 54937
9,54937,2,2,1, 54939
15,54941,2,2,1, 54943
31,54956,2,2,1, 54958
1,54966,1,1,1, 54967
8,54976,1,1,0, 54977
24,54989,1,1,0, 54990
1,55006,1,1,0, 55007
8,55016,1,1,1, 55017
9,55017,2,2,1, 55019
17,55019,3,3,1, 55022
24,55029,1,1,0, 55030
31,55036,2,2,1, 55038
2,55043,2,2,1, 55045
1,55046,1,1,0, 55047
8,55056,1,1,0, 55057
24,55069,1,1,0, 55070
25,55075,2,2,1, 55077
2,55083,2,2,1, 55085
1,55086,1,1,0, 55087
8,55096,1,1,0, 55097
24,55109,1,1,1, 55110
1,55126,1,1,0, 55127
8,55136,1,1,1, 55137
9,55137,2,2,1, 55139
16,55139,2,2,1, 55141
15,55141,2,2,1, 55143
24,55149,1,1,1, 55150
25,55155,2,2,1, 55157
8,55176,1,1,0, 55177
9,55177,2,2,1, 55179
15,55181,2,2,1, 55183
24,55189,1,1,0, 55190
31,55196,2,2,1, 55198
8,55216,1,1,1, 55217
9,55217,2,2,1, 55219
24,55229,1,1,0, 55230
1,55246,1,1,1, 55247
8,55256,1,1,1, 55257
9,55257,2,2,1, 55259
17,55259,3,3,1, 55262
24,55269,1,1,1, 55270
2,55283,2,2,1, 55285
1,55286,1,1,0, 55287
24,55309,1,1,1, 55310
24,55429,1,1,1, 55430
1,55446,1,1,0, 55447
8,55456,1,1,0, 55457
24,55469,1,1,0, 55470
1,55486,1,1,1, 55487
8,55496,1,1,0, 55497
9,55497,2,2,1, 55499
24,55509,1,1,1, 55510
31,55516,2,2,1, 55518
2,55523,2,2,1, 55525
1,55526,1,1,0, 55527
8,55536,1,1,1, 55537
9,55537,2,2,1, 55539
24,55549,1,1,0, 55550
1,55566,1,1,1, 55567
8,55576,1,1,0, 55577
24,55589,1,1,1, 55590
31,55596,2,2,1, 55598
1,55606,1,1,1, 55607
8,55616,1,1,0, 55617
15,55621,2,2,1, 55623
24,55629,1,1,0, 55630
1,55646,1,1,0, 55647
8,55656,1,1,1, 55657
24,55669,1,1,0, 55670
25,55675,2,2,1, 55677
1,55686,1,1,1, 55687
8,55696,1,1,0, 55697
15,55701,2,2,1, 55703
24,55709,1,1,1, 55710
31,55716,2,2,1, 55718
1,55726,1,1,1, 55727
8,55736,1,1,1, 55737
2,55763,2,2,1, 55765
1,55766,1,1,1, 55767
8,55776,1,1,0, 55777
17,55779,3,3,1, 55782
1,55806,1,1,0, 55807
1,55846,1,1,1, 55847
24,55869,1,1,1, 55870
25,55875,2,2,1, 55877
1,55886,1,1,1, 55887
9,55897,2,2,1, 55899
24,55909,1,1,0, 55910
25,55915,2,2,1, 55917
31,55916,2,2,1, 55918
2,55923,2,2,1, 55925
1,55926,1,1,0, 55927
8,55936,1,1,0, 55937
9,55937,2,2,1, 55939
24,55949,1,1,0, 55950
1,55966,1,1,1, 55967
8,55976,1,1,1, 55977
9,55977,2,2,1, 55979
24,55989,1,1,0, 55990
8,56016,1,1,0, 56017
9,56017,2,2,1, 56019
15,56021,2,2,1, 56023
24,56029,1,1,0, 56030
2,56043,2,2,1, 56045
1,56046,1,1,1, 56047
8,56056,1,1,0, 56057
24,56069,1,1,1, 56070
2,56083,2,2,1, 56085
1,56086,1,1,1, 56087
8,56096,1,1,1, 56097
24,56109,1,1,0, 56110
1,56126,1,1,0, 56127
8,56136,1,1,1, 56137
24,56149,1,1,1, 56150
25,56155,2,2,1, 56157
31,56156,2,2,1, 56158
1,56166,1,1,1, 56167
8,56176,1,1,1, 56177
9,56177,2,2,1, 56179
24,56189,1,1,0, 56190
31,56196,2,2,1, 56198
1,56206,1,1,1, 56207
8,56216,1,1,1, 56217
24,56229,1,1,0, 56230
31,56236,2,2,1, 56238
1,56246,1,1,0, 56247
8,56256,1,1,0, 56257
24,56269,1,1,0, 56270
23,56268,3,3,1, 56271
25,56275,2,2,1, 56277
2,56283,2,2,1, 56285
1,56286,1,1,1, 56287
8,56296,1,1,1, 56297
2,56323,2,2,1, 56325
1,56326,1,1,1, 56327
8,56336,1,1,1, 56337
8,56376,1,1,1, 56377
9,56377,2,2,1, 56379
24,56389,1,1,1, 56390
25,56395,2,2,1, 56397
8,56416,1,1,0, 56417
24,56429,1,1,1, 56430
31,56436,2,2,1, 56438
1,56446,1,1,1, 56447
8,56456,1,1,1, 56457
9,56457,2,2,1, 56459
15,56461,2,2,1, 56463
24,56469,1,1,1, 56470
1,56486,1,1,0, 56487
8,56496,1,1,1, 56497
15,56501,2,2,1, 56503
24,56509,1,1,0, 56510
23,56508,3,3,1, 56511
1,56526,1,1,0, 56527
8,56536,1,1,0, 56537
16,56539,2,2,1, 56541
15,56541,2,2,1, 56543
24,56549,1,1,0, 56550
23,56548,3,3,1, 56551
1,56566,1,1,0, 56567
8,56576,1,1,0, 56577
9,56577,2,2,1, 56579
16,56579,2,2,1, 56581
24,56589,1,1,1, 56590
1,56606,1,1,1, 56607
9,56617,2,2,1, 56619
24,56629,1,1,1, 56630
25,56635,2,2,1, 56637
1,56646,1,1,1, 56647
24,56669,1,1,0, 56670
1,56686,1,1,0, 56687
24,56709,1,1,0, 56710
31,56716,2,2,1, 56718
8,56736,1,1,0, 56737
24,56749,1,1,0, 56750
8,56776,1,1,0, 56777
24,56789,1,1,0, 56790
1,56806,1,1,1, 56807
8,56816,1,1,1, 56817
16,56819,2,2,1, 56821
24,56829,1,1,1, 56830
25,56835,2,2,1, 56837
2,56843,2,2,1, 56845
1,56846,1,1,0, 56847
8,56856,1,1,0, 56857
9,56857,2,2,1, 56859
24,56869,1,1,1, 56870
8,56896,1,1,1, 56897
15,56901,2,2,1, 56903
24,56909,1,1,0, 56910
31,56916,2,2,1, 56918
8,56936,1,1,0, 56937
16,56939,2,2,1, 56941
8,56976,1,1,0, 56977
9,56977,2,2,1, 56979
15,56981,2,2,1, 56983
1,57006,1,1,0, 57007
8,57016,1,1,1, 57017
1,57046,1,1,1, 57047
8,57056,1,1,1, 57057
24,57069,1,1,0, 57070
25,57075,2,2,1, 57077
1,57086,1,1,1, 57087
8,57096,1,1,0, 57097
24,57109,1,1,0, 57110
2,57123,2,2,1, 57125
1,57126,1,1,0, 57127
8,57136,1,1,1, 57137
15,57141,2,2,1, 57143
24,57149,1,1,0, 57150
2,57163,2,2,1, 57165
1,57166,1,1,0, 57167
8,57176,1,1,0, 57177
16,57179,2,2,1, 57181
17,57179,3,3,1, 57182
24,57189,1,1,1, 57190
1,57206,1,1,0, 57207
9,57217,2,2,1, 57219
24,57229,1,1,1, 57230
1,57246,1,1,1, 57247
24,57269,1,1,0, 57270
2,57283,2,2,1, 57285
1,57286,1,1,0, 57287
24,57309,1,1,1, 57310
1,57326,1,1,0, 57327
24,57349,1,1,1, 57350
25,57355,2,2,1, 57357
31,57356,2,2,1, 57358
1,57366,1,1,1, 57367
8,57376,1,1,1, 57377
9,57377,2,2,1, 57379
24,57389,1,1,1, 57390
25,57395,2,2,1, 57397
31,57396,2,2,1, 57398
1,57406,1,1,0, 57407
8,57416,1,1,0, 57417
15,57421,2,2,1, 57423
24,57429,1,1,0, 57430
1,57446,1,1,1, 57447
8,57456,1,1,1, 57457
9,57457,2,2,1, 57459
24,57469,1,1,0, 57470
31,57476,2,2,1, 57478
2,57483,2,2,1, 57485
1,57486,1,1,0, 57487
24,57589,1,1,1, 57590
1,57606,1,1,1, 57607
8,57616,1,1,0, 57617
24,57629,1,1,1, 57630
1,57646,1,1,0, 57647
8,57656,1,1,0, 57657
16,57659,2,2,1, 57661
24,57669,1,1,0, 57670
31,57676,2,2,1, 57678
1,57686,1,1,1, 57687
8,57696,1,1,0, 57697
16,57699,2,2,1, 57701
24,57709,1,1,1, 57710
1,57726,1,1,1, 57727
8,57736,1,1,0, 57737
9,57737,2,2,1, 57739
2,57763,2,2,1, 57765
1,57766,1,1,0, 57767
8,57776,1,1,0, 57777
16,57779,2,2,1, 57781
1,57806,1,1,0, 57807
24,57829,1,1,0, 57830
1,57846,1,1,1, 57847
8,57856,1,1,1, 57857
15,57861,2,2,1, 57863
24,57869,1,1,0, 57870
1,57886,1,1,0, 57887
8,57896,1,1,0, 57897
9,57897,2,2,1, 57899
16,57899,2,2,1, 57901
24,57909,1,1,0, 57910
25,57915,2,2,1, 57917
1,57926,1,1,0, 57927
8,57936,1,1,1, 57937
24,57949,1,1,1, 57950
1,57966,1,1,0, 57967
8,57976,1,1,0, 57977
9,57977,2,2,1, 57979
16,57979,2,2,1, 57981
24,57989,1,1,1, 57990
25,57995,2,2,1, 57997
1,58006,1,1,1, 58007
8,58016,1,1,0, 58017
16,58019,2,2,1, 58021
24,58029,1,1,0, 58030
8,58056,1,1,1, 58057
16,58059,2,2,1, 58061
24,58069,1,1,1, 58070
8,58096,1,1,1, 58097
16,58099,2,2,1, 58101
24,58109,1,1,1, 58110
1,58126,1,1,0, 58127
8,58136,1,1,1, 58137
24,58149,1,1,0, 58150
2,58163,2,2,1, 58165
1,58166,1,1,1, 58167
8,58176,1,1,0, 58177
16,58179,2,2,1, 58181
24,58189,1,1,0, 58190
8,58216,1,1,0, 58217
9,58217,2,2,1, 58219
16,58219,2,2,1, 58221
24,58229,1,1,1, 58230
8,58256,1,1,1, 58257
9,58257,2,2,1, 58259
16,58259,2,2,1, 58261
24,58269,1,1,1, 58270
8,58296,1,1,1, 58297
9,58297,2,2,1, 58299
24,58309,1,1,0, 58310
2,58323,2,2,1, 58325
1,58326,1,1,1, 58327
8,58336,1,1,0, 58337
24,58349,1,1,0, 58350
25,58355,2,2,1, 58357
2,58363,2,2,1, 58365
1,58366,1,1,0, 58367
8,58376,1,1,0, 58377
16,58379,2,2,1, 58381
24,58389,1,1,0, 58390
2,58403,2,2,1, 58405
1,58406,1,1,1, 58407
8,58416,1,1,1, 58417
16,58419,2,2,1, 58421
24,58429,1,1,0, 58430
2,58443,2,2,1, 58445
1,58446,1,1,0, 58447
8,58456,1,1,1, 58457
24,58469,1,1,0, 58470
1,58486,1,1,0, 58487
8,58496,1,1,1, 58497
16,58499,2,2,1, 58501
24,58509,1,1,1, 58510
25,58515,2,2,1, 58517
1,58526,1,1,1, 58527
8,58536,1,1,0, 58537
9,58537,2,2,1, 58539
24,58549,1,1,1, 58550
25,58555,2,2,1, 58557
2,58563,2,2,1, 58565
1,58566,1,1,0, 58567
8,58576,1,1,0, 58577
24,58589,1,1,1, 58590
1,58606,1,1,0, 58607
8,58616,1,1,1, 58617
9,58617,2,2,1, 58619
24,58629,1,1,0, 58630
8,58656,1,1,1, 58657
16,58659,2,2,1, 58661
24,58669,1,1,0, 58670
8,58696,1,1,0, 58697
16,58699,2,2,1, 58701
24,58709,1,1,0, 58710
1,58726,1,1,0, 58727
8,58736,1,1,0, 58737
16,58739,2,2,1, 58741
24,58749,1,1,1, 58750
25,58755,2,2,0, 58757
2,58763,2,2,1, 58765
1,58766,1,1,1, 58767
8,58776,1,1,1, 58777
9,58777,2,2,1, 58779
24,58789,1,1,0, 58790
25,58795,2,2,1, 58797
8,58816,1,1,1, 58817
9,58817,2,2,1, 58819
24,58829,1,1,1, 58830
25,58835,2,2,1, 58837
8,58856,1,1,1, 58857
9,58857,2,2,1, 58859
24,58869,1,1,1, 58870
25,58875,2,2,1, 58877
8,58896,1,1,1, 58897
24,58909,1,1,1, 58910
2,58923,2,2,1, 58925
1,58926,1,1,1, 58927
8,58936,1,1,0, 58937
24,58949,1,1,0, 58950
2,58963,2,2,1, 58965
1,58966,1,1,1, 58967
8,58976,1,1,0, 58977
9,58977,2,2,1, 58979
16,58979,2,2,1, 58981
24,58989,1,1,1, 58990
8,59016,1,1,0, 59017
16,59019,2,2,1, 59021
24,59029,1,1,0, 59030
8,59056,1,1,1, 59057
16,59059,2,2,1, 59061
24,59069,1,1,0, 59070
1,59086,1,1,1, 59087
8,59096,1,1,0, 59097
16,59099,2,2,1, 59101
24,59109,1,1,0, 59110
25,59115,2,2,1, 59117
2,59123,2,2,1, 59125
1,59126,1,1,1, 59127
8,59136,1,1,1, 59137
24,59149,1,1,0, 59150
25,59155,2,2,1, 59157
8,59176,1,1,0, 59177
9,59177,2,2,1, 59179
16,59179,2,2,1, 59181
24,59189,1,1,1, 59190
25,59195,2,2,0, 59197
8,59216,1,1,1, 59217
16,59219,2,2,1, 59221
24,59229,1,1,0, 59230
8,59256,1,1,0, 59257
9,59257,2,2,1, 59259
24,59269,1,1,1, 59270
2,59283,2,2,1, 59285
1,59286,1,1,1, 59287
8,59296,1,1,1, 59297
24,59309,1,1,0, 59310
25,59315,2,2,0, 59317
2,59323,2,2,1, 59325
1,59326,1,1,0, 59327
8,59336,1,1,1, 59337
24,59349,1,1,1, 59350
1,59366,1,1,0, 59367
8,59376,1,1,1, 59377
24,59389,1,1,1, 59390
1,59406,1,1,0, 59407
8,59416,1,1,1, 59417
24,59429,1,1,1, 59430
1,59446,1,1,1, 59447
8,59456,1,1,0, 59457
24,59469,1,1,0, 59470
25,59475,2,2,0, 59477
8,59496,1,1,0, 59497
9,59497,2,2,1, 59499
16,59499,2,2,1, 59501
24,59509,1,1,0, 59510
25,59515,2,2,1, 59517
8,59536,1,1,0, 59537
9,59537,2,2,1, 59539
16,59539,2,2,1, 59541
24,59549,1,1,0, 59550
25,59555,2,2,1, 59557
1,59566,1,1,0, 59567
8,59576,1,1,0, 59577
9,59577,2,2,1, 59579
24,59589,1,1,0, 59590
1,59606,1,1,0, 59607
8,59616,1,1,1, 59617
16,59619,2,2,1, 59621
24,59629,1,1,1, 59630
1,59646,1,1,1, 59647
8,59656,1,1,0, 59657
16,59659,2,2,1, 59661
24,59669,1,1,0, 59670
2,59683,2,2,1, 59685
1,59686,1,1,1, 59687
8,59696,1,1,0, 59697
9,59697,2,2,1, 59699
24,59709,1,1,1, 59710
25,59715,2,2,0, 59717
1,59726,1,1,1, 59727
8,59736,1,1,1, 59737
9,59737,2,2,1, 59739
24,59749,1,1,0, 59750
25,59755,2,2,1, 59757
2,59763,2,2,1, 59765
1,59766,1,1,0, 59767
8,59776,1,1,1, 59777
16,59779,2,2,1, 59781
24,59789,1,1,1, 59790
2,59803,2,2,1, 59805
1,59806,1,1,0, 59807
8,59816,1,1,1, 59817
24,59829,1,1,0, 59830
2,59843,2,2,1, 59845
1,59846,1,1,0, 59847
8,59856,1,1,1, 59857
16,59859,2,2,1, 59861
24,59869,1,1,1, 59870
25,59875,2,2,0, 59877
2,59883,2,2,1, 59885
1,59886,1,1,0, 59887
8,59896,1,1,1, 59897
9,59897,2,2,1, 59899
16,59899,2,2,1, 59901
24,59909,1,1,1, 59910
1,59926,1,1,1, 59927
8,59936,1,1,1, 59937
16,59939,2,2,1, 59941
24,59949,1,1,0, 59950
1,59966,1,1,1, 59967
8,59976,1,1,0, 59977
16,59979,2,2,1, 59981
24,59989,1,1,1, 59990
25,59995,2,2,1, 59997
8,60016,1,1,0, 60017
9,60017,2,2,1, 60019
16,60019,2,2,1, 60021
24,60029,1,1,1, 60030
25,60035,2,2,1, 60037
8,60056,1,1,1, 60057
9,60057,2,2,1, 60059
24,60069,1,1,1, 60070
25,60075,2,2,1, 60077
8,60096,1,1,1, 60097
24,60109,1,1,1, 60110
25,60115,2,2,1, 60117
8,60136,1,1,1, 60137
24,60149,1,1,0, 60150
25,60155,2,2,0, 60157
16,60179,2,2,0, 60181
24,60189,1,1,1, 60190
16,60219,2,2,1, 60221
24,60229,1,1,0, 60230
16,60259,2,2,1, 60261
24,60269,1,1,0, 60270
16,60299,2,2,1, 60301
24,60309,1,1,0, 60310
25,60315,2,2,0, 60317
16,60339,2,2,1, 60341
24,60349,1,1,1, 60350
25,60355,2,2,1, 60357
24,60389,1,1,1, 60390
25,60395,2,2,0, 60397
24,60429,1,1,0, 60430
25,60435,2,2,1, 60437
16,60459,2,2,0, 60461
24,60469,1,1,1, 60470
25,60475,2,2,1, 60477
24,60509,1,1,1, 60510
24,60549,1,1,0, 60550
24,60589,1,1,0, 60590
