Time,  Packets Generated,  Packets Reached,High Priority Packets Generated, High Priority Packets reached, Packet Dropped, Packet Dropped due to Faulty Node, High Prio Packet Dropped due to Faulty Node, Low Prio Packet Dropped due to Faulty Node 
5,1,1,1,1,0,0,0,0
10,6,4,5,3,2,2,2,0
15,8,4,6,3,3,3,3,0
20,16,8,10,4,4,4,4,0
25,19,13,11,6,5,5,5,0
30,24,18,13,7,6,6,6,0
35,28,18,15,7,8,8,6,2
40,31,21,16,10,10,10,6,4
45,32,22,17,11,10,10,6,4
50,37,25,19,12,12,12,7,5
55,39,25,21,12,13,13,8,5
60,47,29,23,14,14,14,8,6
65,50,34,26,16,14,14,8,6
70,55,40,29,21,15,15,8,7
75,59,40,30,21,16,16,8,8
80,62,45,31,22,16,16,8,8
85,63,47,31,23,16,16,8,8
90,68,50,32,24,16,16,8,8
95,70,52,34,24,17,17,9,8
100,78,56,36,26,18,18,9,9
105,81,61,37,27,18,18,9,9
110,86,67,39,30,19,19,9,10
115,90,68,41,31,20,20,10,10
120,93,72,43,33,20,20,10,10
125,94,74,44,34,20,20,10,10
130,99,75,45,34,23,20,10,10
135,101,76,46,35,24,21,10,11
140,109,80,50,38,26,22,11,11
145,112,84,53,40,26,22,11,11
150,117,90,56,44,27,23,12,11
155,121,91,58,44,28,24,12,12
160,124,94,60,47,29,24,12,12
165,125,95,60,48,30,24,12,12
170,130,97,63,50,31,24,12,12
175,132,99,64,51,32,25,12,13
180,140,103,68,54,34,26,13,13
185,143,105,70,55,36,26,13,13
190,148,110,72,59,38,27,13,14
195,152,110,74,59,41,29,15,14
200,155,113,76,60,41,29,15,14
205,156,114,77,61,42,29,15,14
210,161,114,80,61,46,29,15,14
215,163,115,80,62,48,30,15,15
220,171,117,85,64,52,31,16,15
225,174,119,87,66,53,31,16,15
230,179,124,91,71,55,32,17,15
235,183,124,93,71,58,34,18,16
240,186,127,94,73,59,34,18,16
245,187,127,94,73,60,34,18,16
250,192,127,96,73,65,34,18,16
255,194,127,96,73,67,35,18,17
260,202,129,101,74,73,36,19,17
265,205,130,103,75,75,36,19,17
270,210,131,106,76,79,37,19,18
275,214,131,106,76,83,38,19,19
280,217,132,107,77,85,38,19,19
285,218,132,108,77,85,38,19,19
290,223,134,110,78,89,38,19,19
295,225,134,110,78,91,39,19,20
300,233,136,113,79,97,40,19,21
305,236,136,115,79,99,40,19,21
310,241,138,117,80,103,40,19,21
315,245,138,119,80,106,41,19,22
320,248,140,120,82,108,41,19,22
325,249,140,121,82,109,41,19,22
330,254,141,124,82,113,43,21,22
335,256,141,124,82,115,44,21,23
340,264,142,131,83,122,45,22,23
345,267,142,132,83,125,45,22,23
350,272,144,133,84,128,45,22,23
355,276,145,136,85,130,46,23,23
360,279,147,137,87,132,46,23,23
365,280,147,137,87,133,46,23,23
370,285,148,139,87,137,46,23,23
375,287,148,140,87,139,47,23,24
380,295,149,144,88,145,48,23,25
385,298,150,144,89,148,48,23,25
390,303,150,148,89,153,48,23,25
395,307,150,150,89,157,48,23,25
400,310,150,152,89,160,48,23,25
405,311,150,152,89,161,48,23,25
410,316,151,157,90,165,48,23,25
415,318,151,157,90,167,49,23,26
420,326,153,161,91,172,50,23,27
425,329,154,163,92,175,50,23,27
430,334,154,165,92,180,50,23,27
435,338,154,168,92,184,50,23,27
440,341,154,171,92,187,50,23,27
445,342,154,171,92,188,50,23,27
450,347,154,172,92,193,50,23,27
455,349,154,173,92,195,51,24,27
460,357,155,177,92,202,52,25,27
465,360,155,178,92,205,52,25,27
470,365,155,181,92,210,53,26,27
475,369,155,182,92,213,54,26,28
480,372,156,184,93,216,55,27,28
485,373,156,185,93,217,55,27,28
490,378,156,186,93,222,55,27,28
495,380,156,188,93,224,56,28,28
500,388,157,193,93,231,56,28,28
505,391,157,194,93,234,56,28,28
510,396,157,197,93,239,56,28,28
515,400,157,199,93,243,57,28,29
520,403,157,200,93,246,57,28,29
525,404,157,200,93,247,57,28,29
530,409,157,201,93,252,57,28,29
535,411,157,202,93,254,58,29,29
540,419,158,205,93,261,58,29,29
545,422,158,206,93,264,58,29,29
550,427,159,207,94,268,58,29,29
555,431,159,209,94,271,59,30,29
560,434,161,210,96,273,59,30,29
565,435,161,211,96,274,59,30,29
570,440,161,213,96,279,59,30,29
575,442,161,213,96,281,60,30,30
580,450,163,218,97,286,60,30,30
585,453,164,221,98,288,60,30,30
590,458,166,222,100,292,61,30,31
595,462,166,223,100,295,62,30,32
600,465,166,223,100,298,62,30,32
605,466,167,224,101,299,62,30,32
610,471,168,225,101,303,62,30,32
615,473,168,226,101,305,63,30,33
620,481,168,227,101,313,64,30,34
625,484,168,228,101,316,64,30,34
630,489,169,230,102,320,65,31,34
635,493,169,231,102,324,65,31,34
640,496,169,231,102,327,65,31,34
645,497,169,231,102,328,65,31,34
650,502,170,235,103,332,65,31,34
655,504,170,236,103,334,66,32,34
660,512,171,241,104,341,67,32,35
665,515,171,242,104,344,67,32,35
670,520,172,242,104,348,68,32,36
675,524,172,244,104,351,68,32,36
680,527,173,245,105,354,68,32,36
685,528,173,245,105,355,68,32,36
690,533,174,247,105,359,68,32,36
695,535,174,249,105,361,69,33,36
700,543,175,252,106,368,70,33,37
705,546,176,253,107,370,70,33,37
710,551,177,254,107,374,71,33,38
715,555,177,255,107,377,72,33,39
720,558,178,256,108,379,72,33,39
725,559,178,256,108,381,72,33,39
730,564,178,257,108,386,72,33,39
735,566,178,259,108,388,73,34,39
740,574,179,261,108,395,73,34,39
745,577,179,263,108,398,73,34,39
750,582,180,267,109,402,73,34,39
755,586,180,269,109,406,73,34,39
760,589,180,271,109,409,73,34,39
765,590,180,271,109,410,73,34,39
770,595,180,275,109,415,73,34,39
775,597,180,277,109,417,74,35,39
780,605,181,281,110,424,74,35,39
785,608,181,282,110,427,74,35,39
790,613,182,283,110,431,74,35,39
795,617,182,286,110,435,74,35,39
800,620,182,286,110,438,74,35,39
805,621,182,287,110,439,74,35,39
810,626,182,291,110,444,74,35,39
815,628,182,291,110,446,75,35,40
820,636,183,296,111,453,75,35,40
825,639,183,297,111,456,75,35,40
830,644,185,299,113,459,76,35,41
835,648,185,300,113,462,77,35,42
840,651,188,302,116,463,77,35,42
845,652,188,303,116,464,77,35,42
850,657,189,307,116,468,77,35,42
855,659,189,309,116,470,78,36,42
860,667,190,312,117,477,78,36,42
865,670,190,314,117,480,78,36,42
870,675,191,318,118,484,79,36,43
875,679,191,321,118,488,79,36,43
880,682,191,322,118,491,79,36,43
885,683,191,323,118,492,79,36,43
890,688,192,326,118,496,79,36,43
895,690,192,328,118,498,80,37,43
900,698,193,333,119,505,80,37,43
905,701,193,334,119,508,80,37,43
910,706,194,336,119,512,81,37,44
915,710,194,339,119,516,81,37,44
920,713,194,341,119,519,81,37,44
925,714,194,342,119,520,81,37,44
930,719,195,345,120,524,81,37,44
935,721,195,346,120,526,82,37,45
940,729,196,350,121,533,82,37,45
945,732,196,353,121,535,82,37,45
950,737,199,356,123,538,83,38,45
955,741,199,356,123,542,84,38,46
960,744,200,357,124,544,84,38,46
965,745,200,358,124,545,84,38,46
970,750,201,361,125,549,84,38,46
975,752,201,362,125,551,85,39,46
980,760,202,365,126,558,85,39,46
985,763,202,367,126,561,85,39,46
990,768,203,371,127,565,85,39,46
995,772,203,373,127,569,86,40,46
1000,775,203,374,127,572,86,40,46
1005,776,203,374,127,573,86,40,46
1010,781,204,376,127,577,86,40,46
1015,783,204,376,127,579,87,40,47
1020,791,205,380,128,586,87,40,47
1025,794,205,381,128,589,87,40,47
1030,799,206,382,128,593,87,40,47
1035,803,206,383,128,597,88,40,48
1040,806,206,384,128,600,88,40,48
1045,807,206,385,128,601,88,40,48
1050,812,207,385,128,605,88,40,48
1055,814,207,385,128,607,89,40,49
1060,822,208,389,128,614,89,40,49
1065,825,208,390,128,617,89,40,49
1070,830,209,391,129,621,90,40,50
1075,834,209,392,129,624,91,40,51
1080,837,210,393,130,626,91,40,51
1085,838,210,394,130,628,91,40,51
1090,843,211,396,130,632,91,40,51
1095,845,211,397,130,634,92,41,51
1100,853,212,401,131,640,92,41,51
1105,856,213,402,132,643,92,41,51
1110,861,214,406,133,647,92,41,51
1115,865,214,407,133,651,92,41,51
1120,868,214,407,133,654,92,41,51
1125,869,214,407,133,655,92,41,51
1130,874,215,411,134,659,92,41,51
1135,876,215,411,134,661,93,41,52
1140,884,216,417,135,668,93,41,52
1145,887,216,418,135,671,93,41,52
1150,892,217,419,136,675,94,41,53
1155,896,217,421,136,678,94,41,53
1160,899,219,422,138,680,94,41,53
1165,900,219,423,138,681,94,41,53
1170,905,220,425,139,685,94,41,53
1175,907,220,427,139,687,95,42,53
1180,915,221,431,139,694,95,42,53
1185,918,221,432,139,697,95,42,53
1190,923,223,435,140,700,96,42,54
1195,927,224,437,141,703,97,43,54
1200,930,224,438,141,705,97,43,54
1205,931,225,438,142,706,97,43,54
1210,936,226,441,143,710,97,43,54
1215,938,226,442,143,712,98,44,54
1220,946,227,446,143,719,98,44,54
1225,949,227,447,143,722,98,44,54
1230,954,228,450,143,726,99,44,55
1235,958,228,453,143,730,99,44,55
1240,961,228,455,143,733,99,44,55
1245,962,228,456,143,734,99,44,55
1250,967,229,458,144,738,99,44,55
1255,969,229,460,144,740,100,45,55
1260,977,230,461,144,747,100,45,55
1265,980,230,461,144,750,100,45,55
1270,985,231,464,144,754,100,45,55
1275,989,231,467,144,758,100,45,55
1280,992,231,468,144,761,100,45,55
1285,993,231,469,144,762,100,45,55
1290,998,232,471,144,766,100,45,55
1295,1000,232,472,144,768,101,46,55
1300,1008,233,478,145,775,101,46,55
1305,1011,233,478,145,778,101,46,55
1310,1016,234,481,145,782,101,46,55
1315,1020,234,482,145,786,102,47,55
1320,1023,234,484,145,789,102,47,55
1325,1024,234,484,145,790,102,47,55
1330,1029,235,486,145,794,102,47,55
1335,1031,235,488,145,796,103,48,55
1340,1039,236,492,145,803,103,48,55
1345,1042,236,493,145,806,103,48,55
1350,1047,237,495,146,810,103,48,55
1355,1051,237,497,146,814,103,48,55
1360,1054,237,498,146,817,103,48,55
1365,1055,237,498,146,818,103,48,55
1370,1060,238,502,146,820,103,48,55
1375,1062,240,504,148,822,104,49,55
1380,1070,241,509,149,827,104,49,55
1385,1073,243,510,151,829,104,49,55
1390,1078,245,512,153,833,105,49,56
1395,1082,245,515,153,835,105,49,56
1400,1085,247,515,155,838,105,49,56
1405,1086,247,515,155,839,105,49,56
1410,1091,248,516,155,843,105,49,56
1415,1093,248,517,155,845,106,49,57
1420,1101,249,520,156,852,107,50,57
1425,1104,249,523,156,854,107,50,57
1430,1109,252,524,158,857,108,50,58
1435,1113,252,526,158,860,109,51,58
1440,1116,254,528,160,861,109,51,58
1445,1117,254,529,160,863,109,51,58
1450,1122,255,533,161,867,109,51,58
1455,1124,255,535,161,869,110,52,58
1460,1132,256,539,162,876,110,52,58
1465,1135,257,542,163,878,110,52,58
1470,1140,257,545,163,883,111,52,59
1475,1144,257,548,163,887,112,53,59
1480,1147,257,549,163,890,112,53,59
1485,1148,257,549,163,891,112,53,59
1490,1153,258,551,163,895,112,53,59
1495,1155,258,551,163,897,113,53,60
1500,1163,259,556,164,902,113,53,60
1505,1166,261,559,166,905,113,53,60
1510,1171,263,562,167,908,113,53,60
1515,1175,264,565,168,911,114,54,60
1520,1178,264,565,168,914,114,54,60
1525,1179,264,566,168,915,114,54,60
1530,1184,265,568,169,919,114,54,60
1535,1186,265,569,169,921,115,54,61
1540,1194,266,571,169,928,115,54,61
1545,1197,266,573,169,931,115,54,61
1550,1202,267,575,169,935,115,54,61
1555,1206,268,578,170,937,116,54,62
1560,1209,270,579,172,939,116,54,62
1565,1210,270,579,172,940,116,54,62
1570,1215,271,582,172,944,116,54,62
1575,1217,271,583,172,946,117,54,63
1580,1225,271,585,172,954,117,54,63
1585,1228,271,587,172,957,117,54,63
1590,1233,271,591,172,962,117,54,63
1595,1237,271,591,172,966,117,54,63
1600,1240,271,593,172,969,117,54,63
1605,1241,271,593,172,970,117,54,63
1610,1246,272,594,172,974,117,54,63
1615,1248,272,595,172,976,118,55,63
1620,1256,272,598,172,984,118,55,63
1625,1259,272,600,172,987,118,55,63
1630,1264,272,604,172,992,119,56,63
1635,1268,272,606,172,996,119,56,63
1640,1271,272,607,172,999,119,56,63
1645,1272,272,607,172,1000,119,56,63
1650,1277,273,610,173,1004,119,56,63
1655,1279,273,611,173,1006,120,57,63
1660,1287,273,615,173,1014,120,57,63
1665,1290,273,615,173,1017,120,57,63
1670,1295,275,617,175,1020,120,57,63
1675,1299,275,618,175,1023,121,57,64
1680,1302,277,619,177,1025,121,57,64
1685,1303,277,619,177,1026,121,57,64
1690,1308,277,623,177,1030,121,57,64
1695,1310,278,624,178,1032,122,58,64
1700,1318,279,627,178,1038,122,58,64
1705,1321,280,628,179,1041,122,58,64
1710,1326,282,629,180,1044,122,58,64
1715,1330,282,630,180,1048,123,58,65
1720,1333,282,631,180,1051,123,58,65
1725,1334,282,632,180,1052,123,58,65
1730,1339,282,634,180,1057,123,58,65
1735,1341,282,635,180,1059,124,59,65
1740,1349,283,639,180,1064,124,59,65
1745,1352,285,639,182,1067,124,59,65
1750,1357,286,644,183,1071,125,60,65
1755,1361,286,646,183,1075,126,61,65
1760,1364,287,648,184,1077,126,61,65
1765,1365,287,649,184,1078,126,61,65
1770,1370,287,651,184,1083,126,61,65
1775,1372,287,653,184,1085,127,62,65
1780,1380,288,656,184,1091,127,62,65
1785,1383,289,658,185,1093,127,62,65
1790,1388,292,659,187,1096,128,62,66
1795,1392,293,661,188,1099,129,63,66
1800,1395,294,663,189,1101,129,63,66
1805,1396,294,664,189,1102,129,63,66
1810,1401,295,666,189,1106,129,63,66
1815,1403,295,667,189,1108,130,63,67
1820,1411,295,671,189,1116,130,63,67
1825,1414,295,673,189,1119,130,63,67
1830,1419,296,676,189,1123,130,63,67
1835,1423,296,677,189,1127,131,63,68
1840,1426,296,678,189,1130,131,63,68
1845,1427,296,679,189,1131,131,63,68
1850,1432,297,682,190,1135,131,63,68
1855,1434,297,683,190,1137,132,63,69
1860,1442,297,687,190,1145,132,63,69
1865,1445,297,688,190,1148,132,63,69
1870,1450,298,690,190,1152,132,63,69
1875,1454,298,691,190,1156,133,64,69
1880,1457,298,693,190,1159,133,64,69
1885,1458,298,694,190,1160,133,64,69
1890,1463,299,697,191,1164,133,64,69
1895,1465,299,698,191,1166,134,64,70
1900,1473,299,701,191,1174,134,64,70
1905,1476,299,701,191,1177,134,64,70
1910,1481,300,702,191,1181,135,64,71
1915,1485,300,705,191,1184,136,65,71
1920,1488,301,707,192,1185,136,65,71
1925,1489,303,707,194,1186,136,65,71
1930,1494,304,711,195,1190,136,65,71
1935,1496,304,713,195,1192,137,66,71
1940,1504,304,717,195,1200,137,66,71
1945,1507,304,720,195,1203,137,66,71
1950,1512,305,724,196,1207,138,67,71
1955,1516,305,726,196,1211,138,67,71
1960,1519,305,726,196,1214,138,67,71
1965,1520,305,726,196,1215,138,67,71
1970,1525,306,727,196,1219,138,67,71
1975,1527,306,729,196,1221,139,68,71
1980,1535,306,732,196,1229,139,68,71
1985,1538,306,735,196,1232,139,68,71
1990,1543,307,737,196,1236,139,68,71
1995,1547,307,739,196,1240,139,68,71
2000,1550,307,741,196,1243,139,68,71
2005,1551,307,742,196,1244,139,68,71
2010,1556,308,743,196,1248,139,68,71
2015,1558,308,743,196,1250,140,68,72
2020,1566,308,747,196,1258,140,68,72
2025,1569,308,750,196,1261,140,68,72
2030,1574,309,751,196,1264,140,68,72
2035,1578,310,752,197,1268,141,68,73
2040,1581,310,752,197,1271,141,68,73
2045,1582,310,752,197,1272,141,68,73
2050,1587,310,755,197,1277,141,68,73
2055,1589,310,756,197,1279,142,68,74
2060,1597,311,760,197,1286,142,68,74
2065,1600,311,762,197,1289,142,68,74
2070,1605,312,765,197,1293,142,68,74
2075,1609,312,766,197,1297,143,68,75
2080,1612,312,766,197,1300,143,68,75
2085,1613,312,766,197,1301,143,68,75
2090,1618,312,770,197,1306,143,68,75
2095,1620,312,771,197,1308,144,68,76
2100,1628,313,774,198,1315,144,68,76
2105,1631,313,777,198,1318,144,68,76
2110,1636,314,777,198,1322,145,68,77
2115,1640,314,780,198,1326,146,69,77
2120,1643,314,782,198,1329,146,69,77
2125,1644,314,783,198,1330,146,69,77
2130,1649,314,785,198,1335,146,69,77
2135,1651,314,786,198,1337,147,69,78
2140,1659,315,792,198,1344,147,69,78
2145,1662,315,793,198,1347,147,69,78
2150,1667,318,796,200,1349,148,70,78
2155,1671,318,797,200,1353,149,70,79
2160,1674,320,800,202,1353,149,70,79
2165,1675,320,801,202,1355,149,70,79
2170,1680,321,803,202,1359,149,70,79
2175,1682,321,805,202,1361,150,71,79
2180,1690,322,809,203,1368,150,71,79
2185,1693,322,809,203,1371,150,71,79
2190,1698,322,811,203,1376,151,71,80
2195,1702,322,813,203,1380,151,71,80
2200,1705,322,813,203,1383,151,71,80
2205,1706,322,813,203,1384,151,71,80
2210,1711,323,817,204,1388,151,71,80
2215,1713,323,818,204,1390,152,71,81
2220,1721,324,822,205,1397,152,71,81
2225,1724,324,824,205,1400,152,71,81
2230,1729,324,826,205,1405,153,72,81
2235,1733,324,827,205,1409,153,72,81
2240,1736,324,829,205,1412,153,72,81
2245,1737,324,830,205,1413,153,72,81
2250,1742,325,832,205,1417,153,72,81
2255,1744,325,833,205,1419,154,72,82
2260,1752,326,838,205,1426,154,72,82
2265,1755,326,838,205,1429,154,72,82
2270,1760,327,840,206,1433,154,72,82
2275,1764,327,843,206,1436,154,72,82
2280,1767,328,843,207,1439,154,72,82
2285,1768,328,843,207,1440,154,72,82
2290,1773,329,844,208,1444,154,72,82
2295,1775,329,844,208,1446,155,72,83
2300,1783,329,846,208,1454,156,72,84
2305,1786,329,846,208,1457,156,72,84
2310,1791,330,849,209,1461,156,72,84
2315,1795,330,853,209,1464,156,72,84
2320,1798,331,854,210,1467,156,72,84
2325,1799,331,854,210,1468,156,72,84
2330,1804,333,857,211,1471,156,72,84
2335,1806,333,858,211,1472,157,72,85
2340,1814,335,860,213,1479,158,72,86
2345,1817,335,863,213,1482,158,72,86
2350,1822,336,867,214,1486,158,72,86
2355,1826,336,870,214,1490,159,73,86
2360,1829,336,871,214,1493,159,73,86
2365,1830,336,872,214,1494,159,73,86
2370,1835,336,874,214,1499,159,73,86
2375,1837,336,875,214,1501,160,74,86
2380,1845,336,876,214,1509,160,74,86
2385,1848,336,878,214,1512,160,74,86
2390,1853,338,881,215,1515,161,75,86
2395,1857,339,884,216,1518,162,76,86
2400,1860,340,886,217,1520,162,76,86
2405,1861,340,886,217,1521,162,76,86
2410,1866,340,889,217,1526,162,76,86
2415,1868,340,890,217,1528,163,77,86
2420,1876,343,895,220,1533,164,78,86
2425,1879,343,895,220,1536,164,78,86
2430,1884,344,897,221,1540,164,78,86
2435,1888,344,899,221,1544,165,78,87
2440,1891,344,900,221,1547,165,78,87
2445,1892,344,900,221,1548,165,78,87
2450,1897,346,903,222,1551,165,78,87
2455,1899,346,904,222,1552,166,78,88
2460,1907,350,911,226,1554,167,79,88
2465,1910,351,913,227,1559,167,79,88
2470,1915,352,915,228,1563,167,79,88
2475,1919,352,918,228,1567,167,79,88
2480,1922,352,921,228,1570,167,79,88
2485,1923,352,922,228,1571,167,79,88
2490,1928,353,926,229,1575,167,79,88
2495,1930,353,926,229,1577,168,79,89
2500,1938,354,929,230,1584,168,79,89
2505,1941,354,931,230,1587,168,79,89
2510,1946,357,935,232,1589,169,80,89
2515,1950,357,936,232,1593,169,80,89
2520,1953,357,937,232,1596,169,80,89
2525,1954,357,937,232,1597,169,80,89
2530,1959,358,940,233,1601,169,80,89
2535,1961,358,941,233,1603,170,81,89
2540,1969,359,946,234,1610,170,81,89
2545,1972,359,947,234,1613,170,81,89
2550,1977,361,951,236,1616,171,82,89
2555,1981,361,951,236,1620,171,82,89
2560,1984,361,951,236,1623,171,82,89
2565,1985,361,951,236,1624,171,82,89
2570,1990,362,953,237,1628,171,82,89
2575,1992,362,953,237,1630,172,82,90
2580,2000,363,956,238,1636,173,82,91
2585,2003,364,957,239,1639,173,82,91
2590,2008,364,959,239,1644,174,82,92
2595,2012,364,959,239,1648,174,82,92
2600,2015,364,961,239,1651,174,82,92
2605,2016,364,962,239,1652,174,82,92
2610,2021,364,964,239,1657,174,82,92
2615,2023,364,966,239,1659,175,83,92
2620,2031,364,972,239,1667,175,83,92
2625,2034,364,972,239,1670,175,83,92
2630,2039,365,975,240,1674,176,84,92
2635,2043,365,978,240,1677,176,84,92
2640,2046,367,980,242,1679,176,84,92
2645,2047,367,981,242,1680,176,84,92
2650,2052,367,983,242,1685,176,84,92
2655,2054,367,985,242,1687,177,85,92
2660,2062,368,989,243,1694,177,85,92
2665,2065,368,991,243,1697,177,85,92
2670,2070,369,994,244,1701,177,85,92
2675,2074,369,994,244,1705,177,85,92
2680,2077,369,994,244,1708,177,85,92
2685,2078,370,995,245,1708,177,85,92
2690,2083,372,999,246,1711,177,85,92
2695,2085,372,1000,246,1713,178,86,92
2700,2093,374,1006,248,1718,179,86,93
2705,2096,375,1009,249,1721,179,86,93
2710,2101,376,1012,249,1725,179,86,93
2715,2105,376,1014,249,1729,179,86,93
2720,2108,376,1015,249,1732,179,86,93
2725,2109,376,1015,249,1733,179,86,93
2730,2114,376,1016,249,1738,179,86,93
2735,2116,376,1016,249,1740,180,86,94
2740,2124,377,1022,250,1747,180,86,94
2745,2127,377,1024,250,1750,180,86,94
2750,2132,379,1026,251,1753,180,86,94
2755,2136,379,1026,251,1757,180,86,94
2760,2139,379,1028,251,1759,180,86,94
2765,2140,380,1028,252,1760,180,86,94
2770,2145,380,1030,252,1765,180,86,94
2775,2147,380,1032,252,1767,181,87,94
2780,2155,381,1034,253,1774,182,88,94
2785,2158,381,1036,253,1777,182,88,94
2790,2163,383,1038,254,1780,182,88,94
2795,2167,383,1042,254,1783,182,88,94
2800,2170,384,1043,255,1786,182,88,94
2805,2171,384,1044,255,1787,182,88,94
2810,2176,385,1048,256,1791,182,88,94
2815,2178,385,1049,256,1793,183,89,94
2820,2186,386,1051,256,1800,184,90,94
2825,2189,386,1051,256,1803,184,90,94
2830,2194,386,1055,256,1808,184,90,94
2835,2198,386,1059,256,1812,185,91,94
2840,2201,386,1061,256,1815,185,91,94
2845,2202,386,1061,256,1816,185,91,94
2850,2207,387,1065,257,1820,185,91,94
2855,2209,387,1065,257,1822,186,91,95
2860,2217,389,1069,258,1828,186,91,95
2865,2220,389,1071,258,1831,186,91,95
2870,2225,389,1073,258,1836,187,91,96
2875,2229,389,1075,258,1839,188,91,97
2880,2232,389,1077,258,1841,188,91,97
2885,2233,390,1077,259,1843,188,91,97
2890,2238,391,1077,259,1847,188,91,97
2895,2240,391,1079,259,1849,189,92,97
2900,2248,393,1086,261,1855,189,92,97
2905,2251,394,1089,262,1857,189,92,97
2910,2256,394,1092,262,1862,189,92,97
2915,2260,394,1092,262,1866,190,92,98
2920,2263,394,1093,262,1869,190,92,98
2925,2264,395,1094,263,1869,190,92,98
2930,2269,396,1096,264,1873,190,92,98
2935,2271,396,1097,264,1875,191,93,98
2940,2279,399,1100,266,1880,192,93,99
2945,2282,399,1102,266,1883,192,93,99
2950,2287,400,1104,267,1887,192,93,99
2955,2291,400,1105,267,1891,192,93,99
2960,2294,400,1108,267,1894,192,93,99
2965,2295,401,1109,268,1894,192,93,99
2970,2300,402,1110,268,1898,192,93,99
2975,2302,402,1111,268,1900,193,94,99
2980,2310,402,1114,268,1908,194,94,100
2985,2313,402,1115,268,1911,194,94,100
2990,2318,403,1117,269,1915,194,94,100
2995,2322,403,1118,269,1919,194,94,100
3000,2325,403,1119,269,1922,194,94,100
3005,2326,403,1119,269,1923,194,94,100
3010,2331,404,1122,270,1927,194,94,100
3015,2333,404,1123,270,1929,195,94,101
3020,2341,405,1128,271,1936,195,94,101
3025,2344,405,1131,271,1939,195,94,101
3030,2349,407,1133,272,1942,195,94,101
3035,2353,407,1133,272,1946,195,94,101
3040,2356,407,1134,272,1949,195,94,101
3045,2357,407,1134,272,1950,195,94,101
3050,2362,408,1138,272,1954,195,94,101
3055,2364,408,1139,272,1956,196,95,101
3060,2372,410,1143,273,1961,197,96,101
3065,2375,411,1145,274,1964,197,96,101
3070,2380,412,1148,274,1968,198,96,102
3075,2384,412,1151,274,1972,198,96,102
3080,2387,412,1153,274,1975,198,96,102
3085,2388,412,1153,274,1976,198,96,102
3090,2393,412,1155,274,1981,198,96,102
3095,2395,412,1156,274,1983,199,97,102
3100,2403,413,1161,275,1989,200,97,103
3105,2406,414,1162,276,1992,200,97,103
3110,2411,415,1165,276,1996,201,97,104
3115,2415,416,1168,277,1999,201,97,104
3120,2418,416,1169,277,2002,201,97,104
3125,2419,416,1169,277,2003,201,97,104
3130,2424,418,1174,279,2005,201,97,104
3135,2426,419,1174,280,2007,202,97,105
3140,2434,420,1179,281,2013,203,98,105
3145,2437,422,1180,283,2015,203,98,105
3150,2442,423,1181,284,2019,203,98,105
3155,2446,423,1181,284,2023,204,98,106
3160,2449,423,1181,284,2026,204,98,106
3165,2450,423,1181,284,2027,204,98,106
3170,2455,425,1184,286,2030,204,98,106
3175,2457,425,1185,286,2032,205,98,107
3180,2465,426,1188,287,2037,206,98,108
3185,2468,428,1190,289,2040,206,98,108
3190,2473,428,1191,289,2045,207,98,109
3195,2477,428,1191,289,2049,208,98,110
3200,2480,428,1193,289,2052,208,98,110
3205,2481,428,1193,289,2053,208,98,110
3210,2486,429,1195,290,2057,208,98,110
3215,2488,429,1196,290,2059,209,98,111
3220,2496,430,1200,291,2066,210,98,112
3225,2499,430,1203,291,2069,210,98,112
3230,2504,430,1205,291,2074,211,99,112
3235,2508,430,1208,291,2078,212,99,113
3240,2511,430,1210,291,2081,212,99,113
3245,2512,430,1210,291,2082,212,99,113
3250,2517,431,1214,292,2086,212,99,113
3255,2519,431,1215,292,2088,213,100,113
3260,2527,431,1216,292,2096,213,100,113
3265,2530,431,1217,292,2099,213,100,113
3270,2535,431,1220,292,2104,214,100,114
3275,2539,431,1221,292,2108,214,100,114
3280,2542,431,1221,292,2111,214,100,114
3285,2543,431,1222,292,2112,214,100,114
3290,2548,432,1224,293,2116,214,100,114
3295,2550,432,1225,293,2118,215,101,114
3300,2558,432,1230,293,2126,216,102,114
3305,2561,432,1232,293,2129,216,102,114
3310,2566,432,1236,293,2134,216,102,114
3315,2570,432,1239,293,2138,216,102,114
3320,2573,432,1239,293,2141,216,102,114
3325,2574,432,1239,293,2142,216,102,114
3330,2579,433,1242,294,2146,216,102,114
3335,2581,433,1244,294,2148,217,103,114
3340,2589,435,1248,296,2154,218,103,115
3345,2592,435,1248,296,2157,218,103,115
3350,2597,436,1251,297,2161,218,103,115
3355,2601,436,1253,297,2164,219,103,116
3360,2604,437,1253,298,2167,219,103,116
3365,2605,437,1253,298,2168,219,103,116
3370,2610,438,1256,299,2172,219,103,116
3375,2612,438,1257,299,2174,220,103,117
3380,2620,441,1263,302,2178,221,103,118
3385,2623,442,1264,303,2180,221,103,118
3390,2628,446,1267,306,2182,221,103,118
3395,2632,446,1270,306,2185,221,103,118
3400,2635,448,1272,308,2187,221,103,118
3405,2636,448,1272,308,2188,221,103,118
3410,2641,449,1273,308,2192,221,103,118
3415,2643,449,1275,308,2194,222,104,118
3420,2651,451,1280,310,2198,223,104,119
3425,2654,453,1282,312,2201,223,104,119
3430,2659,453,1282,312,2206,224,104,120
3435,2663,453,1282,312,2210,224,104,120
3440,2666,453,1284,312,2213,224,104,120
3445,2667,453,1284,312,2214,224,104,120
3450,2672,454,1287,313,2218,224,104,120
3455,2674,454,1289,313,2220,225,105,120
3460,2682,454,1290,313,2228,225,105,120
3465,2685,454,1293,313,2231,225,105,120
3470,2690,454,1293,313,2236,226,105,121
3475,2694,454,1296,313,2240,227,106,121
3480,2697,454,1297,313,2243,227,106,121
3485,2698,454,1297,313,2244,227,106,121
3490,2703,455,1300,314,2248,227,106,121
3495,2705,455,1302,314,2250,228,107,121
3500,2713,456,1303,314,2257,228,107,121
3505,2716,456,1304,314,2260,228,107,121
3510,2721,456,1308,314,2265,228,107,121
3515,2725,456,1310,314,2269,228,107,121
3520,2728,456,1310,314,2272,228,107,121
3525,2729,456,1310,314,2273,228,107,121
3530,2734,457,1313,315,2277,228,107,121
3535,2736,457,1315,315,2279,229,108,121
3540,2744,458,1319,316,2286,230,109,121
3545,2747,458,1322,316,2289,230,109,121
3550,2752,458,1323,316,2294,230,109,121
3555,2756,458,1323,316,2298,230,109,121
3560,2759,458,1326,316,2301,230,109,121
3565,2760,458,1326,316,2302,230,109,121
3570,2765,459,1328,317,2306,230,109,121
3575,2767,459,1329,317,2308,231,109,122
3580,2775,459,1334,317,2316,231,109,122
3585,2778,459,1336,317,2319,231,109,122
3590,2783,459,1339,317,2324,232,109,123
3595,2787,459,1342,317,2327,232,109,123
3600,2790,460,1344,318,2330,232,109,123
3605,2791,460,1344,318,2331,232,109,123
3610,2796,461,1348,319,2335,232,109,123
3615,2798,461,1349,319,2337,233,110,123
3620,2806,461,1352,319,2345,233,110,123
3625,2809,461,1353,319,2348,233,110,123
3630,2814,461,1355,319,2353,234,110,124
3635,2818,461,1357,319,2356,234,110,124
3640,2821,462,1359,320,2359,234,110,124
3645,2822,462,1359,320,2360,234,110,124
3650,2827,463,1362,320,2363,234,110,124
3655,2829,464,1363,321,2365,235,111,124
3660,2837,464,1367,321,2371,235,111,124
3665,2840,465,1368,322,2375,235,111,124
3670,2845,466,1371,322,2379,235,111,124
3675,2849,466,1375,322,2382,235,111,124
3680,2852,468,1377,324,2384,235,111,124
3685,2853,468,1377,324,2385,235,111,124
3690,2858,469,1378,324,2389,235,111,124
3695,2860,469,1380,324,2391,236,112,124
3700,2868,469,1382,324,2399,236,112,124
3705,2871,469,1383,324,2402,236,112,124
3710,2876,470,1387,325,2406,237,113,124
3715,2880,470,1391,325,2408,238,114,124
3720,2883,472,1391,327,2411,238,114,124
3725,2884,472,1391,327,2412,238,114,124
3730,2889,472,1393,327,2417,238,114,124
3735,2891,472,1395,327,2419,239,115,124
3740,2899,473,1399,327,2426,239,115,124
3745,2902,473,1401,327,2429,239,115,124
3750,2907,474,1402,327,2433,239,115,124
3755,2911,474,1404,327,2437,239,115,124
3760,2914,474,1405,327,2440,239,115,124
3765,2915,474,1405,327,2441,239,115,124
3770,2920,474,1408,327,2446,239,115,124
3775,2922,474,1408,327,2448,240,115,125
3780,2930,475,1413,328,2455,240,115,125
3785,2933,475,1414,328,2458,240,115,125
3790,2938,476,1415,328,2462,240,115,125
3795,2942,476,1415,328,2466,240,115,125
3800,2945,476,1416,328,2469,240,115,125
3805,2946,476,1417,328,2470,240,115,125
3810,2951,476,1421,328,2475,240,115,125
3815,2953,476,1421,328,2477,241,115,126
3820,2961,477,1424,328,2484,241,115,126
3825,2964,477,1426,328,2487,241,115,126
3830,2969,480,1429,330,2489,241,115,126
3835,2973,480,1432,330,2491,242,116,126
3840,2976,484,1434,334,2492,242,116,126
3845,2977,484,1434,334,2493,242,116,126
3850,2982,485,1437,335,2497,242,116,126
3855,2984,485,1437,335,2499,243,116,127
3860,2992,486,1443,336,2506,243,116,127
3865,2995,487,1444,337,2508,243,116,127
3870,3000,488,1447,338,2512,243,116,127
3875,3004,488,1450,338,2516,243,116,127
3880,3007,488,1451,338,2519,243,116,127
3885,3008,488,1451,338,2520,243,116,127
3890,3013,490,1454,340,2523,243,116,127
3895,3015,490,1454,340,2525,244,116,128
3900,3023,491,1458,340,2532,245,116,129
3905,3026,491,1458,340,2535,245,116,129
3910,3031,492,1458,340,2539,245,116,129
3915,3035,492,1461,340,2543,246,117,129
3920,3038,492,1461,340,2546,246,117,129
3925,3039,492,1461,340,2547,246,117,129
3930,3044,493,1463,340,2551,246,117,129
3935,3046,493,1463,340,2553,247,117,130
3940,3054,494,1466,341,2560,248,117,131
3945,3057,495,1468,342,2562,248,117,131
3950,3062,496,1471,343,2566,248,117,131
3955,3066,496,1472,343,2570,249,118,131
3960,3069,496,1473,343,2572,249,118,131
3965,3070,497,1473,344,2573,249,118,131
3970,3075,497,1475,344,2578,249,118,131
3975,3077,497,1476,344,2580,250,118,132
3980,3085,498,1478,345,2587,250,118,132
3985,3088,498,1480,345,2590,250,118,132
3990,3093,499,1484,346,2594,250,118,132
3995,3097,499,1486,346,2598,250,118,132
4000,3100,500,1487,347,2600,250,118,132
4005,3101,500,1488,347,2601,250,118,132
4010,3106,500,1490,347,2606,250,118,132
4015,3108,500,1490,347,2608,251,118,133
4020,3116,501,1497,348,2615,251,118,133
4025,3119,501,1499,348,2618,251,118,133
4030,3124,502,1501,348,2622,251,118,133
4035,3128,502,1501,348,2626,251,118,133
4040,3131,503,1503,349,2628,251,118,133
4045,3132,503,1504,349,2629,251,118,133
4050,3137,503,1505,349,2634,251,118,133
4055,3139,503,1507,349,2636,252,119,133
4060,3147,504,1510,349,2643,252,119,133
4065,3150,504,1510,349,2646,252,119,133
4070,3155,506,1511,350,2649,252,119,133
4075,3159,506,1512,350,2652,253,119,134
4080,3162,508,1514,352,2653,253,119,134
4085,3163,509,1514,353,2654,253,119,134
4090,3168,510,1517,354,2658,253,119,134
4095,3170,510,1517,354,2660,254,119,135
4100,3178,511,1518,354,2667,254,119,135
4105,3181,511,1521,354,2670,254,119,135
4110,3186,511,1524,354,2675,254,119,135
4115,3190,511,1526,354,2679,254,119,135
4120,3193,511,1527,354,2682,254,119,135
4125,3194,511,1528,354,2683,254,119,135
4130,3199,512,1530,354,2687,254,119,135
4135,3201,512,1530,354,2689,255,119,136
4140,3209,513,1532,354,2696,255,119,136
4145,3212,513,1535,354,2699,255,119,136
4150,3217,513,1537,354,2704,255,119,136
4155,3221,513,1540,354,2708,255,119,136
4160,3224,513,1541,354,2711,255,119,136
4165,3225,513,1542,354,2712,255,119,136
4170,3230,514,1546,355,2716,255,119,136
4175,3232,514,1547,355,2718,256,120,136
4180,3240,515,1551,355,2725,256,120,136
4185,3243,515,1553,355,2728,256,120,136
4190,3248,516,1557,356,2732,257,121,136
4195,3252,517,1559,357,2734,258,121,137
4200,3255,519,1561,359,2735,258,121,137
4205,3256,520,1562,360,2736,258,121,137
4210,3261,521,1565,361,2740,258,121,137
4215,3263,521,1565,361,2742,259,121,138
4220,3271,521,1570,361,2750,259,121,138
4225,3274,521,1572,361,2753,259,121,138
4230,3279,521,1573,361,2758,259,121,138
4235,3283,521,1576,361,2762,259,121,138
4240,3286,521,1577,361,2765,259,121,138
4245,3287,521,1577,361,2766,259,121,138
4250,3292,522,1579,362,2770,259,121,138
4255,3294,522,1581,362,2772,260,122,138
4260,3302,522,1584,362,2780,260,122,138
4265,3305,522,1587,362,2783,260,122,138
4270,3310,524,1590,363,2786,260,122,138
4275,3314,524,1594,363,2790,260,122,138
4280,3317,524,1595,363,2793,260,122,138
4285,3318,524,1595,363,2794,260,122,138
4290,3323,525,1599,364,2798,260,122,138
4295,3325,525,1601,364,2800,261,123,138
4300,3333,525,1605,364,2808,261,123,138
4305,3336,525,1607,364,2811,261,123,138
4310,3341,527,1609,366,2814,262,123,139
4315,3345,528,1612,367,2815,262,123,139
4320,3348,531,1613,370,2817,262,123,139
4325,3349,531,1613,370,2818,262,123,139
4330,3354,532,1616,370,2822,262,123,139
4335,3356,532,1618,370,2824,263,124,139
4340,3364,533,1623,370,2831,263,124,139
4345,3367,534,1624,371,2833,263,124,139
4350,3372,534,1628,371,2838,263,124,139
4355,3376,534,1632,371,2841,263,124,139
4360,3379,536,1635,373,2843,263,124,139
4365,3380,536,1636,373,2844,263,124,139
4370,3385,537,1641,374,2848,263,124,139
4375,3387,537,1642,374,2850,264,124,140
4380,3395,538,1646,374,2857,264,124,140
4385,3398,539,1648,375,2859,264,124,140
4390,3403,539,1651,375,2864,264,124,140
4395,3407,539,1654,375,2867,264,124,140
4400,3410,540,1655,376,2870,264,124,140
4405,3411,540,1655,376,2871,264,124,140
4410,3416,541,1658,377,2875,264,124,140
4415,3418,541,1659,377,2877,265,125,140
4420,3426,542,1663,378,2884,265,125,140
4425,3429,543,1665,379,2886,265,125,140
4430,3434,544,1667,379,2890,265,125,140
4435,3438,544,1669,379,2893,265,125,140
4440,3441,545,1669,380,2896,265,125,140
4445,3442,545,1669,380,2897,265,125,140
4450,3447,545,1672,380,2902,265,125,140
4455,3449,545,1673,380,2904,266,125,141
4460,3457,545,1676,380,2912,267,125,142
4465,3460,545,1677,380,2915,267,125,142
4470,3465,546,1678,380,2919,267,125,142
4475,3469,546,1679,380,2923,267,125,142
4480,3472,546,1680,380,2926,267,125,142
4485,3473,546,1681,380,2927,267,125,142
4490,3478,546,1683,380,2932,267,125,142
4495,3480,546,1685,380,2934,268,126,142
4500,3488,546,1689,380,2942,269,126,143
4505,3491,546,1689,380,2945,269,126,143
4510,3496,547,1691,380,2949,269,126,143
4515,3500,547,1692,380,2953,269,126,143
4520,3503,547,1694,380,2956,269,126,143
4525,3504,547,1695,380,2957,269,126,143
4530,3509,547,1695,380,2962,269,126,143
4535,3511,547,1696,380,2964,270,127,143
4540,3519,547,1701,380,2972,271,128,143
4545,3522,547,1703,380,2975,271,128,143
4550,3527,548,1705,381,2979,272,129,143
4555,3531,548,1705,381,2983,273,129,144
4560,3534,548,1705,381,2986,273,129,144
4565,3535,548,1705,381,2987,273,129,144
4570,3540,549,1708,382,2991,273,129,144
4575,3542,549,1710,382,2993,274,130,144
4580,3550,550,1713,383,3000,274,130,144
4585,3553,550,1714,383,3003,274,130,144
4590,3558,551,1714,383,3007,274,130,144
4595,3562,551,1715,383,3011,275,130,145
4600,3565,552,1717,384,3013,275,130,145
4605,3566,552,1717,384,3014,275,130,145
4610,3571,553,1719,385,3018,275,130,145
4615,3573,553,1720,385,3020,276,130,146
4620,3581,554,1723,385,3027,276,130,146
4625,3584,554,1725,385,3030,276,130,146
4630,3589,555,1727,385,3034,276,130,146
4635,3593,555,1728,385,3038,277,130,147
4640,3596,555,1729,385,3041,277,130,147
4645,3597,555,1729,385,3042,277,130,147
4650,3602,556,1732,385,3046,277,130,147
4655,3604,556,1733,385,3048,278,130,148
4660,3612,557,1737,385,3055,278,130,148
4665,3615,557,1738,385,3058,278,130,148
4670,3620,558,1739,385,3062,278,130,148
4675,3624,559,1742,386,3063,279,130,149
4680,3627,562,1743,389,3065,279,130,149
4685,3628,562,1744,389,3066,279,130,149
4690,3633,563,1746,389,3070,279,130,149
4695,3635,563,1747,389,3072,280,131,149
4700,3643,564,1751,390,3079,280,131,149
4705,3646,564,1753,390,3082,280,131,149
4710,3651,565,1755,390,3086,280,131,149
4715,3655,565,1757,390,3090,280,131,149
4720,3658,565,1759,390,3093,280,131,149
4725,3659,565,1760,390,3094,280,131,149
4730,3664,566,1762,390,3098,280,131,149
4735,3666,566,1763,390,3100,281,131,150
4740,3674,567,1767,390,3107,281,131,150
4745,3677,567,1770,390,3110,281,131,150
4750,3682,568,1772,390,3114,281,131,150
4755,3686,568,1774,390,3118,281,131,150
4760,3689,568,1775,390,3121,281,131,150
4765,3690,568,1775,390,3122,281,131,150
4770,3695,569,1777,391,3126,281,131,150
4775,3697,569,1778,391,3128,282,132,150
4780,3705,570,1781,392,3135,282,132,150
4785,3708,570,1782,392,3138,282,132,150
4790,3713,573,1786,395,3140,283,133,150
4795,3717,573,1787,395,3143,284,133,151
4800,3720,575,1788,397,3145,284,133,151
4805,3721,575,1789,397,3146,284,133,151
4810,3726,576,1792,398,3150,284,133,151
4815,3728,576,1793,398,3152,285,133,152
4820,3736,577,1797,399,3159,285,133,152
4825,3739,577,1799,399,3162,285,133,152
4830,3744,578,1800,399,3166,286,133,153
4835,3748,578,1801,399,3170,286,133,153
4840,3751,578,1802,399,3173,286,133,153
4845,3752,578,1802,399,3174,286,133,153
4850,3757,579,1805,400,3178,286,133,153
4855,3759,579,1805,400,3180,287,133,154
4860,3767,580,1809,401,3187,287,133,154
4865,3770,580,1811,401,3190,287,133,154
4870,3775,581,1812,401,3194,287,133,154
4875,3779,581,1815,401,3198,287,133,154
4880,3782,581,1817,401,3201,287,133,154
4885,3783,581,1817,401,3202,287,133,154
4890,3788,582,1818,401,3206,287,133,154
4895,3790,582,1819,401,3208,288,134,154
4900,3798,583,1823,402,3215,288,134,154
4905,3801,583,1824,402,3218,288,134,154
4910,3806,586,1828,405,3220,288,134,154
4915,3810,587,1832,406,3222,288,134,154
4920,3813,588,1833,407,3224,288,134,154
4925,3814,589,1833,408,3225,288,134,154
4930,3819,589,1835,408,3230,288,134,154
4935,3821,589,1836,408,3232,289,134,155
4940,3829,589,1842,408,3239,289,134,155
4945,3832,589,1843,408,3243,289,134,155
4950,3837,590,1846,408,3247,289,134,155
4955,3841,590,1849,408,3251,289,134,155
4960,3844,590,1851,408,3254,289,134,155
4965,3845,590,1851,408,3255,289,134,155
4970,3850,590,1856,408,3260,289,134,155
4975,3852,590,1856,408,3262,290,134,156
4980,3860,590,1862,408,3270,290,134,156
4985,3863,590,1864,408,3273,290,134,156
4990,3868,591,1867,409,3277,290,134,156
4995,3872,591,1868,409,3281,290,134,156
5000,3875,591,1871,409,3284,290,134,156
5005,3876,591,1872,409,3285,290,134,156
5010,3881,591,1875,409,3290,290,134,156
5015,3883,591,1877,409,3292,291,135,156
5020,3891,591,1880,409,3300,291,135,156
5025,3894,591,1883,409,3303,291,135,156
5030,3899,592,1883,409,3307,291,135,156
5035,3903,593,1884,410,3310,291,135,156
5040,3906,594,1886,411,3311,291,135,156
5045,3907,595,1886,412,3312,291,135,156
5050,3912,596,1889,413,3316,291,135,156
5055,3914,596,1890,413,3318,292,136,156
5060,3922,597,1894,413,3325,292,136,156
5065,3925,597,1894,413,3328,292,136,156
5070,3930,598,1894,413,3332,293,136,157
5075,3934,598,1895,413,3336,293,136,157
5080,3937,598,1897,413,3339,293,136,157
5085,3938,598,1898,413,3340,293,136,157
5090,3943,599,1899,414,3344,293,136,157
5095,3945,599,1900,414,3346,294,136,158
5100,3953,600,1906,415,3353,294,136,158
5105,3956,600,1908,415,3356,294,136,158
5110,3961,601,1911,415,3360,294,136,158
5115,3965,601,1914,415,3364,294,136,158
5120,3968,601,1914,415,3367,294,136,158
5125,3969,601,1915,415,3368,294,136,158
5130,3974,602,1916,415,3372,294,136,158
5135,3976,602,1918,415,3374,295,137,158
5140,3984,603,1921,416,3381,295,137,158
5145,3987,603,1923,416,3384,295,137,158
5150,3992,605,1925,417,3387,296,137,159
5155,3996,606,1926,418,3390,296,137,159
5160,3999,608,1928,420,3391,296,137,159
5165,4000,608,1929,420,3392,296,137,159
5170,4005,609,1934,421,3396,296,137,159
5175,4007,609,1935,421,3398,297,138,159
5180,4015,610,1938,422,3405,297,138,159
5185,4018,610,1940,422,3408,297,138,159
5190,4023,610,1943,422,3413,298,138,160
5195,4027,610,1946,422,3417,298,138,160
5200,4030,610,1948,422,3420,298,138,160
5205,4031,610,1948,422,3421,298,138,160
5210,4036,611,1951,423,3425,298,138,160
5215,4038,611,1953,423,3427,299,139,160
5220,4046,612,1956,424,3434,299,139,160
5225,4049,612,1959,424,3437,299,139,160
5230,4054,612,1961,424,3442,299,139,160
5235,4058,612,1961,424,3446,299,139,160
5240,4061,612,1962,424,3449,299,139,160
5245,4062,612,1963,424,3450,299,139,160
5250,4067,613,1965,424,3454,299,139,160
5255,4069,613,1966,424,3456,300,140,160
5260,4077,614,1971,425,3463,300,140,160
5265,4080,614,1973,425,3466,300,140,160
5270,4085,615,1976,425,3470,300,140,160
5275,4089,615,1976,425,3474,300,140,160
5280,4092,615,1976,425,3477,300,140,160
5285,4093,615,1976,425,3478,300,140,160
5290,4098,616,1979,426,3482,300,140,160
5295,4100,616,1980,426,3484,301,140,161
5300,4108,618,1982,427,3490,301,140,161
5305,4111,618,1984,427,3493,301,140,161
5310,4116,621,1988,429,3495,301,140,161
5315,4120,621,1990,429,3499,301,140,161
5320,4123,621,1992,429,3502,301,140,161
5325,4124,621,1992,429,3503,301,140,161
5330,4129,622,1995,429,3505,301,140,161
5335,4131,624,1996,431,3507,302,141,161
5340,4139,625,2001,432,3513,302,141,161
5345,4142,625,2003,432,3517,302,141,161
5350,4147,625,2004,432,3522,302,141,161
5355,4151,625,2005,432,3526,302,141,161
5360,4154,625,2007,432,3529,302,141,161
5365,4155,625,2007,432,3530,302,141,161
5370,4160,626,2009,432,3534,302,141,161
5375,4162,626,2009,432,3536,303,141,162
5380,4170,627,2012,432,3543,303,141,162
5385,4173,628,2015,433,3545,303,141,162
5390,4178,628,2017,433,3550,303,141,162
5395,4182,628,2019,433,3554,303,141,162
5400,4185,628,2021,433,3557,303,141,162
5405,4186,628,2021,433,3558,303,141,162
5410,4191,629,2025,434,3562,303,141,162
5415,4193,629,2026,434,3564,304,142,162
5420,4201,630,2031,434,3571,304,142,162
5425,4204,630,2032,434,3574,304,142,162
5430,4209,630,2035,434,3579,304,142,162
5435,4213,630,2036,434,3583,304,142,162
5440,4216,630,2037,434,3586,304,142,162
5445,4217,630,2038,434,3587,304,142,162
5450,4222,631,2039,434,3590,304,142,162
5455,4224,631,2040,434,3593,305,143,162
5460,4232,632,2043,434,3600,305,143,162
5465,4235,633,2045,435,3602,305,143,162
5470,4240,633,2047,435,3607,305,143,162
5475,4244,633,2050,435,3611,305,143,162
5480,4247,633,2052,435,3614,305,143,162
5485,4248,633,2053,435,3615,305,143,162
5490,4253,634,2055,435,3619,305,143,162
5495,4255,634,2056,435,3621,306,143,163
5500,4263,635,2059,436,3628,306,143,163
5505,4266,636,2061,437,3630,306,143,163
5510,4271,637,2062,437,3634,307,144,163
5515,4275,638,2066,438,3636,307,144,163
5520,4278,640,2067,440,3638,307,144,163
5525,4279,640,2067,440,3639,307,144,163
5530,4284,641,2070,441,3643,307,144,163
5535,4286,641,2071,441,3645,308,144,164
5540,4294,641,2073,441,3653,308,144,164
5545,4297,641,2074,441,3656,308,144,164
5550,4302,642,2078,442,3660,309,145,164
5555,4306,642,2082,442,3664,309,145,164
5560,4309,642,2083,442,3667,309,145,164
5565,4310,642,2084,442,3668,309,145,164
5570,4315,643,2086,442,3672,309,145,164
5575,4317,643,2087,442,3674,310,145,165
5580,4325,643,2092,442,3682,310,145,165
5585,4328,643,2095,442,3685,310,145,165
5590,4333,644,2099,442,3689,310,145,165
5595,4337,644,2100,442,3693,310,145,165
5600,4340,644,2101,442,3696,310,145,165
5605,4341,644,2102,442,3697,310,145,165
5610,4346,645,2105,443,3701,310,145,165
5615,4348,645,2105,443,3703,311,145,166
5620,4356,646,2110,444,3710,311,145,166
5625,4359,646,2111,444,3713,311,145,166
5630,4364,648,2113,445,3716,311,145,166
5635,4368,648,2115,445,3719,311,145,166
5640,4371,650,2117,447,3721,311,145,166
5645,4372,650,2118,447,3722,311,145,166
5650,4377,650,2121,447,3727,311,145,166
5655,4379,650,2123,447,3729,312,146,166
5660,4387,651,2125,447,3735,312,146,166
5665,4390,652,2126,448,3738,312,146,166
5670,4395,652,2128,448,3743,312,146,166
5675,4399,652,2130,448,3747,312,146,166
5680,4402,652,2131,448,3750,312,146,166
5685,4403,652,2132,448,3751,312,146,166
5690,4408,652,2136,448,3756,312,146,166
5695,4410,652,2137,448,3758,313,146,167
5700,4418,653,2142,449,3764,313,146,167
5705,4421,654,2143,450,3767,313,146,167
5710,4426,654,2144,450,3772,314,146,168
5715,4430,654,2144,450,3776,314,146,168
5720,4433,654,2145,450,3779,314,146,168
5725,4434,654,2146,450,3780,314,146,168
5730,4439,654,2148,450,3785,314,146,168
5735,4441,654,2149,450,3787,315,146,169
5740,4449,655,2154,451,3793,315,146,169
5745,4452,656,2157,452,3796,315,146,169
5750,4457,657,2160,453,3800,316,147,169
5755,4461,657,2162,453,3803,316,147,169
5760,4464,659,2164,455,3805,316,147,169
5765,4465,659,2164,455,3806,316,147,169
5770,4470,659,2166,455,3811,316,147,169
5775,4472,659,2166,455,3813,317,147,170
5780,4480,661,2170,457,3819,318,147,171
5785,4483,661,2170,457,3822,318,147,171
5790,4488,662,2173,457,3826,319,148,171
5795,4492,662,2177,457,3829,319,148,171
5800,4495,663,2178,458,3832,319,148,171
5805,4496,663,2179,458,3833,319,148,171
5810,4501,663,2181,458,3838,319,148,171
5815,4503,663,2182,458,3840,320,148,172
5820,4511,665,2188,459,3845,321,149,172
5825,4514,667,2189,461,3847,321,149,172
5830,4519,668,2191,462,3851,322,150,172
5835,4523,668,2194,462,3855,322,150,172
5840,4526,668,2196,462,3858,322,150,172
5845,4527,668,2196,462,3859,322,150,172
5850,4532,669,2198,462,3862,322,150,172
5855,4534,670,2199,463,3864,323,151,172
5860,4542,672,2203,465,3870,324,152,172
5865,4545,673,2204,466,3872,324,152,172
5870,4550,674,2207,467,3876,325,153,172
5875,4554,675,2211,468,3878,325,153,172
5880,4557,677,2213,470,3880,325,153,172
5885,4558,677,2214,470,3881,325,153,172
5890,4563,678,2216,471,3885,325,153,172
5895,4565,678,2217,471,3887,326,153,173
5900,4573,679,2222,472,3894,326,153,173
5905,4576,679,2223,472,3897,326,153,173
5910,4581,680,2225,473,3901,327,153,174
5915,4585,680,2227,473,3905,327,153,174
5920,4588,680,2228,473,3908,327,153,174
5925,4589,680,2229,473,3909,327,153,174
5930,4594,681,2230,473,3913,327,153,174
5935,4596,681,2231,473,3915,328,153,175
5940,4604,682,2235,474,3922,328,153,175
5945,4607,682,2236,474,3925,328,153,175
5950,4612,683,2238,475,3929,329,153,176
5955,4616,683,2238,475,3933,329,153,176
5960,4619,684,2241,476,3935,329,153,176
5965,4620,684,2242,476,3936,329,153,176
5970,4625,685,2243,476,3940,329,153,176
5975,4627,685,2244,476,3942,330,153,177
5980,4635,686,2249,477,3948,330,153,177
5985,4638,687,2249,478,3951,330,153,177
5990,4643,690,2254,481,3953,331,154,177
5995,4647,690,2255,481,3957,332,155,177
6000,4650,691,2257,482,3958,332,155,177
6005,4651,692,2257,483,3959,332,155,177
6010,4656,692,2260,483,3964,332,155,177
6015,4658,692,2261,483,3966,333,155,178
6020,4666,693,2263,484,3973,333,155,178
6025,4669,693,2264,484,3976,333,155,178
6030,4674,693,2266,484,3981,333,155,178
6035,4678,693,2268,484,3985,333,155,178
6040,4681,693,2269,484,3988,333,155,178
6045,4682,693,2269,484,3989,333,155,178
6050,4687,693,2272,484,3994,333,155,178
6055,4689,693,2274,484,3996,334,156,178
6060,4697,694,2278,484,4003,334,156,178
6065,4700,694,2280,484,4006,334,156,178
6070,4705,695,2280,484,4010,334,156,178
6075,4709,695,2282,484,4013,334,156,178
6080,4712,697,2285,486,4015,334,156,178
6085,4713,697,2285,486,4016,334,156,178
6090,4718,697,2288,486,4021,334,156,178
6095,4720,697,2289,486,4023,335,157,178
6100,4728,699,2295,488,4028,335,157,178
6105,4731,700,2296,489,4031,335,157,178
6110,4736,701,2297,489,4035,336,157,179
6115,4740,702,2300,490,4037,337,157,180
6120,4743,705,2302,493,4038,337,157,180
6125,4744,705,2303,493,4039,337,157,180
6130,4749,706,2305,493,4043,337,157,180
6135,4751,706,2307,493,4045,338,158,180
6140,4759,707,2309,493,4052,338,158,180
6145,4762,707,2310,493,4055,338,158,180
6150,4767,707,2312,493,4060,339,158,181
6155,4771,707,2313,493,4064,340,158,182
6160,4774,707,2315,493,4067,340,158,182
6165,4775,707,2315,493,4068,340,158,182
6170,4780,708,2320,494,4072,340,158,182
6175,4782,708,2321,494,4074,341,159,182
6180,4790,709,2325,494,4081,341,159,182
6185,4793,709,2326,494,4084,341,159,182
6190,4798,709,2328,494,4089,342,159,183
6195,4802,709,2329,494,4093,343,159,184
6200,4805,709,2329,494,4096,343,159,184
6205,4806,709,2330,494,4097,343,159,184
6210,4811,710,2334,494,4101,343,159,184
6215,4813,710,2336,494,4103,344,160,184
6220,4821,711,2339,495,4110,344,160,184
6225,4824,711,2339,495,4113,344,160,184
6230,4829,712,2342,496,4117,345,161,184
6235,4833,712,2345,496,4120,346,162,184
6240,4836,714,2346,498,4122,346,162,184
6245,4837,714,2347,498,4123,346,162,184
6250,4842,715,2350,498,4127,346,162,184
6255,4844,715,2350,498,4129,347,162,185
6260,4852,716,2355,498,4136,347,162,185
6265,4855,716,2356,498,4139,347,162,185
6270,4860,717,2357,498,4143,347,162,185
6275,4864,717,2360,498,4147,347,162,185
6280,4867,717,2361,498,4150,347,162,185
6285,4868,717,2361,498,4151,347,162,185
6290,4873,718,2362,498,4155,347,162,185
6295,4875,718,2362,498,4157,348,162,186
6300,4883,719,2364,498,4164,348,162,186
6305,4886,719,2367,498,4167,348,162,186
6310,4891,720,2371,499,4171,348,162,186
6315,4895,720,2372,499,4175,348,162,186
6320,4898,720,2373,499,4178,348,162,186
6325,4899,721,2374,500,4178,348,162,186
6330,4904,722,2377,501,4182,348,162,186
6335,4906,722,2377,501,4184,349,162,187
6340,4914,723,2382,502,4191,350,163,187
6345,4917,723,2384,502,4194,350,163,187
6350,4922,724,2387,503,4198,351,163,188
6355,4926,725,2389,504,4201,351,163,188
6360,4929,725,2390,504,4204,351,163,188
6365,4930,725,2391,504,4205,351,163,188
6370,4935,726,2395,505,4209,351,163,188
6375,4937,726,2397,505,4211,352,164,188
6380,4945,728,2402,507,4216,352,164,188
6385,4948,729,2402,508,4219,352,164,188
6390,4953,730,2403,508,4223,353,165,188
6395,4957,731,2404,509,4226,353,165,188
6400,4960,731,2404,509,4229,353,165,188
6405,4961,731,2405,509,4230,353,165,188
6410,4966,732,2408,509,4234,353,165,188
6415,4968,732,2409,509,4236,354,165,189
6420,4976,734,2412,510,4242,354,165,189
6425,4979,734,2412,510,4245,354,165,189
6430,4984,734,2415,510,4250,355,166,189
6435,4988,734,2417,510,4254,356,167,189
6440,4991,734,2419,510,4257,356,167,189
6445,4992,734,2420,510,4258,356,167,189
6450,4997,735,2423,510,4262,356,167,189
6455,4999,735,2425,510,4264,357,168,189
6460,5007,736,2429,511,4271,357,168,189
6465,5010,736,2432,511,4274,357,168,189
6470,5015,736,2435,511,4279,358,169,189
6475,5019,736,2438,511,4282,359,170,189
6480,5022,738,2440,513,4284,359,170,189
6485,5023,738,2440,513,4285,359,170,189
6490,5028,739,2442,514,4289,359,170,189
6495,5030,739,2443,514,4291,360,171,189
6500,5038,742,2448,516,4295,360,171,189
6505,5041,744,2449,518,4297,360,171,189
6510,5046,744,2450,518,4302,360,171,189
6515,5050,744,2452,518,4306,361,171,190
6520,5053,744,2454,518,4309,361,171,190
6525,5054,744,2455,518,4309,361,171,190
6530,5059,746,2459,520,4313,361,171,190
6535,5061,746,2459,520,4315,362,171,191
6540,5069,747,2463,521,4321,362,171,191
6545,5072,748,2465,522,4324,362,171,191
6550,5077,749,2468,523,4328,362,171,191
6555,5081,749,2469,523,4332,362,171,191
6560,5084,749,2470,523,4335,362,171,191
6565,5085,749,2471,523,4336,362,171,191
6570,5090,749,2473,523,4341,362,171,191
6575,5092,749,2473,523,4343,363,171,192
6580,5100,749,2476,523,4351,363,171,192
6585,5103,749,2478,523,4354,363,171,192
6590,5108,750,2481,524,4358,364,171,193
6595,5112,750,2483,524,4362,364,171,193
6600,5115,750,2484,524,4365,364,171,193
6605,5116,751,2485,525,4365,364,171,193
6610,5121,753,2488,527,4368,364,171,193
6615,5123,753,2489,527,4370,365,172,193
6620,5131,754,2492,527,4377,366,172,194
6625,5134,754,2494,527,4380,366,172,194
6630,5139,755,2497,527,4384,367,173,194
6635,5143,756,2500,528,4386,367,173,194
6640,5146,757,2502,529,4389,367,173,194
6645,5147,757,2502,529,4390,367,173,194
6650,5152,759,2505,531,4393,367,173,194
6655,5154,759,2506,531,4395,368,173,195
6660,5162,760,2509,531,4400,369,174,195
6665,5165,763,2512,534,4402,369,174,195
6670,5170,764,2514,535,4406,370,174,196
6675,5174,764,2518,535,4410,371,175,196
6680,5177,765,2521,536,4412,371,175,196
6685,5178,765,2521,536,4413,371,175,196
6690,5183,765,2524,536,4418,371,175,196
6695,5185,765,2525,536,4420,372,175,197
6700,5193,766,2528,536,4427,372,175,197
6705,5196,767,2530,537,4429,372,175,197
6710,5201,768,2534,538,4433,373,176,197
6715,5205,768,2534,538,4437,374,176,198
6720,5208,769,2535,539,4439,374,176,198
6725,5209,769,2536,539,4440,374,176,198
6730,5214,770,2539,540,4444,374,176,198
6735,5216,770,2540,540,4446,375,176,199
6740,5224,772,2543,542,4452,376,176,200
6745,5227,772,2544,542,4455,376,176,200
6750,5232,773,2545,542,4459,377,176,201
6755,5236,773,2548,542,4463,377,176,201
6760,5239,773,2549,542,4466,377,176,201
6765,5240,773,2549,542,4467,377,176,201
6770,5245,774,2551,542,4471,377,176,201
6775,5247,774,2553,542,4473,378,177,201
6780,5255,775,2558,543,4480,379,178,201
6785,5258,775,2559,543,4483,379,178,201
6790,5263,776,2562,544,4487,380,178,202
6795,5267,776,2565,544,4491,381,179,202
6800,5270,776,2566,544,4494,381,179,202
6805,5271,777,2567,545,4494,381,179,202
6810,5276,778,2570,546,4498,381,179,202
6815,5278,778,2572,546,4500,382,180,202
6820,5286,778,2573,546,4508,383,181,202
6825,5289,778,2575,546,4511,383,181,202
6830,5294,780,2578,548,4514,384,181,203
6835,5298,780,2580,548,4518,385,182,203
6840,5301,782,2582,550,4519,385,182,203
6845,5302,782,2583,550,4520,385,182,203
6850,5307,782,2584,550,4525,385,182,203
6855,5309,782,2585,550,4527,386,183,203
6860,5317,783,2589,551,4534,386,183,203
6865,5320,783,2590,551,4537,386,183,203
6870,5325,783,2594,551,4542,387,184,203
6875,5329,783,2596,551,4546,387,184,203
6880,5332,783,2599,551,4549,387,184,203
6885,5333,783,2599,551,4550,387,184,203
6890,5338,783,2602,551,4555,387,184,203
6895,5340,783,2603,551,4557,388,184,204
6900,5348,784,2606,552,4564,388,184,204
6905,5351,784,2607,552,4567,388,184,204
6910,5356,784,2609,552,4572,389,185,204
6915,5360,784,2611,552,4576,389,185,204
6920,5363,784,2612,552,4579,389,185,204
6925,5364,784,2612,552,4580,389,185,204
6930,5369,784,2614,552,4585,389,185,204
6935,5371,784,2614,552,4587,390,185,205
6940,5379,785,2616,553,4594,390,185,205
6945,5382,785,2618,553,4597,390,185,205
6950,5387,786,2619,553,4601,391,185,206
6955,5391,786,2621,553,4605,392,186,206
6960,5394,787,2623,554,4607,392,186,206
6965,5395,787,2623,554,4608,392,186,206
6970,5400,788,2625,554,4612,392,186,206
6975,5402,788,2626,554,4614,393,186,207
6980,5410,789,2629,555,4621,393,186,207
6985,5413,789,2629,555,4624,393,186,207
6990,5418,790,2633,556,4628,394,187,207
6995,5422,790,2635,556,4632,395,188,207
7000,5425,791,2637,557,4634,395,188,207
7005,5426,791,2638,557,4635,395,188,207
7010,5431,792,2640,558,4639,395,188,207
7015,5433,792,2640,558,4641,396,188,208
7020,5441,793,2644,558,4648,396,188,208
7025,5444,794,2647,559,4650,396,188,208
7030,5449,795,2650,560,4654,397,189,208
7035,5453,795,2650,560,4658,398,189,209
7040,5456,795,2651,560,4661,398,189,209
7045,5457,795,2652,560,4662,398,189,209
7050,5462,796,2654,561,4666,398,189,209
7055,5464,796,2654,561,4668,399,189,210
7060,5472,797,2657,562,4675,399,189,210
7065,5475,797,2657,562,4678,399,189,210
7070,5480,799,2660,563,4681,400,190,210
7075,5484,799,2662,563,4684,401,190,211
7080,5487,802,2664,566,4685,401,190,211
7085,5488,802,2664,566,4686,401,190,211
7090,5493,803,2667,567,4690,401,190,211
7095,5495,803,2668,567,4692,402,190,212
7100,5503,804,2672,567,4699,402,190,212
7105,5506,804,2673,567,4702,402,190,212
7110,5511,805,2675,567,4706,403,190,213
7115,5515,805,2676,567,4710,403,190,213
7120,5518,805,2676,567,4713,403,190,213
7125,5519,805,2677,567,4714,403,190,213
7130,5524,806,2680,567,4718,403,190,213
7135,5526,806,2681,567,4720,404,190,214
7140,5534,807,2683,567,4727,404,190,214
7145,5537,808,2686,568,4729,404,190,214
7150,5542,809,2689,569,4733,404,190,214
7155,5546,809,2691,569,4737,404,190,214
7160,5549,809,2691,569,4740,404,190,214
7165,5550,809,2692,569,4741,404,190,214
7170,5555,810,2693,569,4745,404,190,214
7175,5557,810,2695,569,4747,405,191,214
7180,5565,811,2697,570,4754,405,191,214
7185,5568,812,2699,571,4756,405,191,214
7190,5573,813,2702,572,4760,405,191,214
7195,5577,813,2706,572,4763,405,191,214
7200,5580,815,2708,574,4765,405,191,214
7205,5581,815,2708,574,4766,405,191,214
7210,5586,816,2709,575,4770,405,191,214
7215,5588,816,2709,575,4772,406,191,215
7220,5596,816,2711,575,4780,406,191,215
7225,5599,816,2714,575,4783,406,191,215
7230,5604,816,2716,575,4788,406,191,215
7235,5608,816,2717,575,4792,406,191,215
7240,5611,816,2718,575,4795,406,191,215
7245,5612,816,2718,575,4796,406,191,215
7250,5617,818,2722,577,4799,406,191,215
7255,5619,818,2723,577,4801,407,192,215
7260,5627,818,2729,577,4809,408,193,215
7265,5630,818,2731,577,4812,408,193,215
7270,5635,818,2733,577,4817,409,193,216
7275,5639,818,2734,577,4820,409,193,216
7280,5642,819,2734,578,4823,409,193,216
7285,5643,819,2734,578,4824,409,193,216
7290,5648,820,2736,578,4828,409,193,216
7295,5650,820,2737,578,4830,410,193,217
7300,5658,820,2741,578,4838,410,193,217
7305,5661,820,2742,578,4841,410,193,217
7310,5666,821,2745,579,4845,411,194,217
7315,5670,821,2746,579,4849,411,194,217
7320,5673,822,2748,580,4851,411,194,217
7325,5674,822,2749,580,4852,411,194,217
7330,5679,822,2751,580,4857,411,194,217
7335,5681,822,2751,580,4859,412,194,218
7340,5689,825,2756,582,4863,412,194,218
7345,5692,826,2756,583,4866,412,194,218
7350,5697,827,2757,583,4870,413,194,219
7355,5701,827,2759,583,4874,413,194,219
7360,5704,827,2760,583,4877,413,194,219
7365,5705,827,2760,583,4878,413,194,219
7370,5710,827,2762,583,4883,413,194,219
7375,5712,827,2764,583,4885,414,195,219
7380,5720,830,2768,585,4890,414,195,219
7385,5723,830,2768,585,4893,414,195,219
7390,5728,831,2770,586,4897,414,195,219
7395,5732,831,2774,586,4901,414,195,219
7400,5735,831,2774,586,4904,414,195,219
7405,5736,831,2775,586,4905,414,195,219
7410,5741,831,2777,586,4910,414,195,219
7415,5743,831,2778,586,4912,415,195,220
7420,5751,832,2781,586,4919,416,195,221
7425,5754,832,2782,586,4922,416,195,221
7430,5759,833,2783,586,4926,416,195,221
7435,5763,833,2786,586,4929,416,195,221
7440,5766,835,2787,588,4931,416,195,221
7445,5767,835,2788,588,4932,416,195,221
7450,5772,836,2792,589,4936,416,195,221
7455,5774,836,2792,589,4938,417,195,222
7460,5782,837,2796,589,4945,418,196,222
7465,5785,838,2799,590,4947,418,196,222
7470,5790,839,2801,590,4951,418,196,222
7475,5794,839,2802,590,4955,418,196,222
7480,5797,839,2803,590,4958,418,196,222
7485,5798,839,2803,590,4959,418,196,222
7490,5803,840,2808,591,4963,418,196,222
7495,5805,840,2808,591,4965,419,196,223
7500,5813,842,2812,593,4971,420,196,224
7505,5816,842,2814,593,4974,420,196,224
7510,5821,843,2816,593,4978,421,197,224
7515,5825,843,2819,593,4981,421,197,224
7520,5828,844,2821,594,4984,421,197,224
7525,5829,844,2822,594,4985,421,197,224
7530,5834,845,2823,594,4989,421,197,224
7535,5836,845,2824,594,4991,422,198,224
7540,5844,845,2829,594,4999,423,199,224
7545,5847,845,2831,594,5002,423,199,224
7550,5852,848,2833,596,5004,424,199,225
7555,5856,848,2836,596,5007,424,199,225
7560,5859,849,2837,597,5010,424,199,225
7565,5860,850,2838,598,5010,424,199,225
7570,5865,851,2840,598,5014,424,199,225
7575,5867,851,2842,598,5016,425,200,225
7580,5875,853,2850,600,5021,426,201,225
7585,5878,854,2851,601,5024,426,201,225
7590,5883,855,2854,601,5028,427,201,226
7595,5887,855,2856,601,5032,427,201,226
7600,5890,856,2858,602,5034,427,201,226
7605,5891,856,2858,602,5035,427,201,226
7610,5896,857,2860,602,5039,427,201,226
7615,5898,857,2860,602,5041,428,201,227
7620,5906,859,2864,604,5047,429,201,228
7625,5909,860,2867,605,5049,429,201,228
7630,5914,860,2870,605,5054,430,202,228
7635,5918,860,2870,605,5058,430,202,228
7640,5921,860,2870,605,5061,430,202,228
7645,5922,860,2870,605,5062,430,202,228
7650,5927,861,2874,606,5066,430,202,228
7655,5929,861,2874,606,5068,431,202,229
7660,5937,863,2879,608,5074,431,202,229
7665,5940,863,2879,608,5077,431,202,229
7670,5945,863,2882,608,5081,431,202,229
7675,5949,864,2885,609,5084,431,202,229
7680,5952,865,2886,610,5087,431,202,229
7685,5953,865,2886,610,5088,431,202,229
7690,5958,867,2888,611,5091,431,202,229
7695,5960,867,2890,611,5093,432,203,229
7700,5968,868,2897,612,5099,432,203,229
7705,5971,869,2897,613,5102,432,203,229
7710,5976,870,2901,614,5106,432,203,229
7715,5980,870,2901,614,5110,432,203,229
7720,5983,870,2904,614,5113,432,203,229
7725,5984,871,2905,615,5113,432,203,229
7730,5989,872,2909,616,5117,432,203,229
7735,5991,872,2910,616,5119,433,203,230
7740,5999,873,2916,617,5126,433,203,230
7745,6002,873,2917,617,5129,433,203,230
7750,6007,874,2918,617,5133,434,204,230
7755,6011,874,2920,617,5137,434,204,230
7760,6014,875,2922,618,5139,434,204,230
7765,6015,875,2923,618,5140,434,204,230
7770,6020,875,2925,618,5145,434,204,230
7775,6022,875,2926,618,5147,435,204,231
7780,6030,875,2928,618,5155,436,204,232
7785,6033,875,2930,618,5158,436,204,232
7790,6038,876,2932,618,5162,436,204,232
7795,6042,876,2933,618,5166,436,204,232
7800,6045,877,2934,619,5168,436,204,232
7805,6046,877,2935,619,5169,436,204,232
7810,6051,877,2937,619,5174,436,204,232
7815,6053,877,2939,619,5176,437,205,232
7820,6061,879,2944,620,5182,437,205,232
7825,6064,879,2944,620,5185,437,205,232
7830,6069,879,2946,620,5190,437,205,232
7835,6073,879,2949,620,5194,437,205,232
7840,6076,879,2951,620,5197,437,205,232
7845,6077,879,2952,620,5198,437,205,232
7850,6082,880,2953,620,5202,437,205,232
7855,6084,880,2953,620,5204,438,205,233
7860,6092,881,2955,620,5211,439,206,233
7865,6095,881,2957,620,5214,439,206,233
7870,6100,881,2957,620,5219,440,206,234
7875,6104,881,2959,620,5223,440,206,234
7880,6107,882,2961,621,5225,440,206,234
7885,6108,882,2961,621,5226,440,206,234
7890,6113,883,2964,621,5230,440,206,234
7895,6115,883,2965,621,5232,441,207,234
7900,6123,885,2968,622,5238,442,207,235
7905,6126,886,2970,623,5240,442,207,235
7910,6131,887,2972,624,5244,443,208,235
7915,6135,888,2976,625,5246,443,208,235
7920,6138,891,2979,628,5247,443,208,235
7925,6139,891,2979,628,5248,443,208,235
7930,6144,892,2984,629,5252,443,208,235
7935,6146,892,2985,629,5254,444,209,235
7940,6154,892,2988,629,5262,444,209,235
7945,6157,892,2989,629,5265,444,209,235
7950,6162,894,2993,631,5268,445,209,236
7955,6166,894,2995,631,5272,445,209,236
7960,6169,894,2997,631,5275,445,209,236
7965,6170,894,2997,631,5276,445,209,236
7970,6175,895,2999,631,5280,445,209,236
7975,6177,895,3001,631,5282,446,210,236
7980,6185,895,3004,631,5289,446,210,236
7985,6188,896,3004,632,5292,446,210,236
7990,6193,897,3008,633,5296,446,210,236
7995,6197,897,3011,633,5300,446,210,236
8000,6200,897,3014,633,5303,446,210,236
8005,6201,897,3014,633,5304,446,210,236
8010,6206,898,3015,633,5308,446,210,236
8015,6208,898,3017,633,5310,447,211,236
8020,6216,898,3021,633,5317,447,211,236
8025,6219,899,3023,634,5320,447,211,236
8030,6224,900,3027,635,5324,447,211,236
8035,6228,900,3028,635,5328,447,211,236
8040,6231,901,3029,636,5330,447,211,236
8045,6232,901,3029,636,5331,447,211,236
8050,6237,901,3029,636,5336,447,211,236
8055,6239,901,3031,636,5338,448,212,236
8060,6247,902,3037,637,5345,448,212,236
8065,6250,902,3038,637,5348,448,212,236
8070,6255,903,3039,638,5352,448,212,236
8075,6259,903,3040,638,5356,448,212,236
8080,6262,903,3041,638,5359,448,212,236
8085,6263,903,3042,638,5360,448,212,236
8090,6268,903,3046,638,5365,448,212,236
8095,6270,903,3046,638,5367,449,212,237
8100,6278,904,3051,639,5374,449,212,237
8105,6281,905,3053,640,5376,449,212,237
8110,6286,906,3053,640,5380,450,212,238
8115,6290,906,3054,640,5384,450,212,238
8120,6293,907,3056,641,5386,450,212,238
8125,6294,907,3057,641,5387,450,212,238
8130,6299,907,3059,641,5392,450,212,238
8135,6301,907,3060,641,5394,451,213,238
8140,6309,908,3066,641,5401,451,213,238
8145,6312,909,3068,642,5403,451,213,238
8150,6317,910,3071,643,5407,452,214,238
8155,6321,910,3074,643,5410,452,214,238
8160,6324,912,3076,645,5412,452,214,238
8165,6325,912,3076,645,5413,452,214,238
8170,6330,913,3080,646,5417,452,214,238
8175,6332,913,3080,646,5419,453,214,239
8180,6340,914,3083,647,5426,453,214,239
8185,6343,914,3085,647,5429,453,214,239
8190,6348,914,3086,647,5434,454,214,240
8195,6352,914,3089,647,5437,454,214,240
8200,6355,915,3092,648,5440,454,214,240
8205,6356,915,3093,648,5441,454,214,240
8210,6361,916,3097,649,5445,454,214,240
8215,6363,916,3099,649,5447,455,215,240
8220,6371,917,3102,650,5454,455,215,240
8225,6374,917,3103,650,5457,455,215,240
8230,6379,917,3106,650,5462,455,215,240
8235,6383,917,3107,650,5466,455,215,240
8240,6386,917,3108,650,5469,455,215,240
8245,6387,917,3108,650,5470,455,215,240
8250,6392,918,3112,651,5474,455,215,240
8255,6394,918,3114,651,5476,456,216,240
8260,6402,920,3117,652,5482,456,216,240
8265,6405,920,3119,652,5485,456,216,240
8270,6410,922,3120,653,5488,456,216,240
8275,6414,922,3122,653,5492,456,216,240
8280,6417,923,3123,654,5494,456,216,240
8285,6418,923,3124,654,5495,456,216,240
8290,6423,923,3127,654,5500,456,216,240
8295,6425,923,3128,654,5502,457,217,240
8300,6433,924,3130,654,5509,457,217,240
8305,6436,925,3132,655,5511,457,217,240
8310,6441,926,3134,656,5515,457,217,240
8315,6445,926,3136,656,5519,457,217,240
8320,6448,926,3137,656,5522,457,217,240
8325,6449,926,3137,656,5523,457,217,240
8330,6454,926,3139,656,5528,457,217,240
8335,6456,926,3139,656,5530,458,217,241
8340,6464,927,3141,656,5537,458,217,241
8345,6467,927,3142,656,5540,458,217,241
8350,6472,928,3146,657,5544,459,217,242
8355,6476,928,3147,657,5548,459,217,242
8360,6479,928,3149,657,5551,459,217,242
8365,6480,928,3149,657,5552,459,217,242
8370,6485,928,3151,657,5557,459,217,242
8375,6487,928,3151,657,5559,460,217,243
8380,6495,929,3155,658,5566,460,217,243
8385,6498,930,3158,659,5568,460,217,243
8390,6503,931,3162,660,5572,461,218,243
8395,6507,931,3165,660,5576,461,218,243
8400,6510,931,3167,660,5579,461,218,243
8405,6511,931,3167,660,5580,461,218,243
8410,6516,933,3169,661,5583,461,218,243
8415,6518,933,3170,661,5585,462,219,243
8420,6526,934,3175,662,5592,463,220,243
8425,6529,934,3176,662,5595,463,220,243
8430,6534,935,3176,662,5599,464,220,244
8435,6538,935,3178,662,5603,464,220,244
8440,6541,936,3180,663,5605,464,220,244
8445,6542,936,3180,663,5606,464,220,244
8450,6547,937,3182,663,5610,464,220,244
8455,6549,937,3182,663,5612,465,220,245
8460,6557,939,3187,664,5618,466,221,245
8465,6560,939,3189,664,5621,466,221,245
8470,6565,940,3190,664,5625,467,221,246
8475,6569,940,3191,664,5629,467,221,246
8480,6572,940,3192,664,5632,467,221,246
8485,6573,940,3193,664,5633,467,221,246
8490,6578,941,3196,665,5637,467,221,246
8495,6580,941,3198,665,5639,468,222,246
8500,6588,942,3202,666,5646,468,222,246
8505,6591,942,3203,666,5649,468,222,246
8510,6596,944,3206,668,5652,468,222,246
8515,6600,944,3207,668,5656,468,222,246
8520,6603,945,3208,669,5658,468,222,246
8525,6604,945,3208,669,5659,468,222,246
8530,6609,946,3210,669,5663,468,222,246
8535,6611,946,3211,669,5665,469,222,247
8540,6619,947,3216,669,5672,469,222,247
8545,6622,948,3219,670,5674,469,222,247
8550,6627,948,3219,670,5679,469,222,247
8555,6631,948,3220,670,5683,469,222,247
8560,6634,948,3221,670,5686,469,222,247
8565,6635,949,3222,671,5686,469,222,247
8570,6640,950,3225,671,5690,469,222,247
8575,6642,950,3226,671,5692,470,223,247
8580,6650,951,3228,671,5699,471,224,247
8585,6653,951,3229,671,5702,471,224,247
8590,6658,951,3231,671,5707,472,224,248
8595,6662,951,3232,671,5711,472,224,248
8600,6665,951,3235,671,5714,472,224,248
8605,6666,951,3235,671,5715,472,224,248
8610,6671,952,3236,671,5719,472,224,248
8615,6673,952,3236,671,5721,473,224,249
8620,6681,953,3239,672,5728,474,224,250
8625,6684,954,3241,673,5730,474,224,250
8630,6689,954,3245,673,5735,475,225,250
8635,6693,954,3248,673,5738,475,225,250
8640,6696,956,3250,675,5740,475,225,250
8645,6697,956,3250,675,5741,475,225,250
8650,6702,956,3252,675,5746,475,225,250
8655,6704,956,3254,675,5748,476,226,250
8660,6712,956,3256,675,5756,476,226,250
8665,6715,956,3257,675,5759,476,226,250
8670,6720,956,3260,675,5764,477,226,251
8675,6724,956,3260,675,5768,477,226,251
8680,6727,956,3261,675,5771,477,226,251
8685,6728,956,3262,675,5772,477,226,251
8690,6733,956,3265,675,5777,477,226,251
8695,6735,956,3265,675,5779,478,226,252
8700,6743,956,3270,675,5787,478,226,252
8705,6746,956,3271,675,5790,478,226,252
8710,6751,956,3274,675,5795,479,227,252
8715,6755,956,3277,675,5799,479,227,252
8720,6758,956,3279,675,5802,479,227,252
8725,6759,956,3279,675,5803,479,227,252
8730,6764,956,3282,675,5808,479,227,252
8735,6766,956,3282,675,5810,480,227,253
8740,6774,956,3285,675,5818,480,227,253
8745,6777,956,3287,675,5821,480,227,253
8750,6782,958,3290,676,5824,480,227,253
8755,6786,958,3293,676,5827,480,227,253
8760,6789,960,3296,678,5829,480,227,253
8765,6790,961,3297,679,5829,480,227,253
8770,6795,961,3300,679,5834,480,227,253
8775,6797,961,3301,679,5836,481,228,253
8780,6805,962,3305,679,5843,481,228,253
8785,6808,962,3305,679,5846,481,228,253
8790,6813,963,3308,680,5850,481,228,253
8795,6817,963,3310,680,5854,481,228,253
8800,6820,963,3312,680,5857,481,228,253
8805,6821,963,3312,680,5858,481,228,253
8810,6826,963,3315,680,5863,481,228,253
8815,6828,963,3317,680,5865,482,229,253
8820,6836,964,3322,681,5872,482,229,253
8825,6839,965,3323,682,5874,482,229,253
8830,6844,966,3325,682,5878,483,229,254
8835,6848,966,3326,682,5882,483,229,254
8840,6851,966,3329,682,5885,483,229,254
8845,6852,966,3330,682,5886,483,229,254
8850,6857,966,3332,682,5891,483,229,254
8855,6859,966,3332,682,5893,484,229,255
8860,6867,967,3338,683,5900,484,229,255
8865,6870,968,3339,684,5902,484,229,255
8870,6875,969,3341,684,5906,485,229,256
8875,6879,969,3343,684,5910,485,229,256
8880,6882,969,3343,684,5913,485,229,256
8885,6883,969,3343,684,5914,485,229,256
8890,6888,970,3346,684,5918,485,229,256
8895,6890,970,3346,684,5920,486,229,257
8900,6898,970,3350,684,5928,486,229,257
8905,6901,970,3352,684,5931,486,229,257
8910,6906,971,3353,684,5935,487,229,258
8915,6910,971,3355,684,5938,487,229,258
8920,6913,972,3357,685,5941,487,229,258
8925,6914,972,3357,685,5942,487,229,258
8930,6919,973,3358,685,5946,487,229,258
8935,6921,973,3358,685,5948,488,229,259
8940,6929,973,3363,685,5956,488,229,259
8945,6932,973,3366,685,5959,488,229,259
8950,6937,974,3369,685,5963,489,229,260
8955,6941,974,3370,685,5966,489,229,260
8960,6944,976,3372,687,5968,489,229,260
8965,6945,976,3372,687,5969,489,229,260
8970,6950,977,3373,687,5973,489,229,260
8975,6952,977,3375,687,5975,490,230,260
8980,6960,977,3378,687,5983,490,230,260
8985,6963,977,3379,687,5986,490,230,260
8990,6968,978,3382,688,5990,491,230,261
8995,6972,978,3384,688,5993,491,230,261
9000,6975,979,3384,689,5996,491,230,261
9005,6976,979,3385,689,5997,491,230,261
9010,6981,979,3389,689,6002,491,230,261
9015,6983,979,3389,689,6004,492,230,262
9020,6991,980,3393,690,6011,492,230,262
9025,6994,980,3395,690,6014,492,230,262
9030,6999,981,3399,691,6018,493,231,262
9035,7003,981,3401,691,6022,493,231,262
9040,7006,981,3401,691,6025,493,231,262
9045,7007,981,3402,691,6026,493,231,262
9050,7012,981,3403,691,6031,493,231,262
9055,7014,981,3403,691,6033,494,231,263
9060,7022,982,3409,691,6040,494,231,263
9065,7025,982,3410,691,6043,494,231,263
9070,7030,983,3414,692,6047,494,231,263
9075,7034,983,3415,692,6051,494,231,263
9080,7037,983,3416,692,6054,494,231,263
9085,7038,983,3417,692,6055,494,231,263
9090,7043,983,3419,692,6060,494,231,263
9095,7045,983,3419,692,6062,495,231,264
9100,7053,984,3422,692,6069,495,231,264
9105,7056,984,3424,692,6072,495,231,264
9110,7061,985,3425,692,6076,495,231,264
9115,7065,985,3426,692,6080,495,231,264
9120,7068,985,3427,692,6083,495,231,264
9125,7069,985,3428,692,6084,495,231,264
9130,7074,985,3430,692,6089,495,231,264
9135,7076,985,3430,692,6091,496,231,265
9140,7084,987,3432,694,6097,497,231,266
9145,7087,987,3433,694,6100,497,231,266
9150,7092,988,3436,695,6104,497,231,266
9155,7096,988,3438,695,6107,497,231,266
9160,7099,989,3440,696,6110,497,231,266
9165,7100,989,3441,696,6111,497,231,266
9170,7105,989,3444,696,6116,497,231,266
9175,7107,989,3444,696,6118,498,231,267
9180,7115,992,3449,698,6122,499,232,267
9185,7118,993,3450,699,6125,499,232,267
9190,7123,994,3453,699,6129,500,232,268
9195,7127,994,3455,699,6132,500,232,268
9200,7130,995,3456,700,6135,500,232,268
9205,7131,995,3457,700,6136,500,232,268
9210,7136,995,3460,700,6141,500,232,268
9215,7138,995,3461,700,6143,501,233,268
9220,7146,995,3464,700,6150,501,233,268
9225,7149,996,3466,701,6153,501,233,268
9230,7154,997,3468,701,6157,502,234,268
9235,7158,997,3471,701,6160,502,234,268
9240,7161,998,3472,702,6163,502,234,268
9245,7162,998,3473,702,6164,502,234,268
9250,7167,999,3477,703,6168,502,234,268
9255,7169,999,3477,703,6170,503,234,269
9260,7177,1000,3480,703,6176,504,234,270
9265,7180,1002,3482,705,6178,504,234,270
9270,7185,1003,3486,706,6182,505,235,270
9275,7189,1003,3487,706,6186,505,235,270
9280,7192,1003,3489,706,6189,505,235,270
9285,7193,1003,3490,706,6190,505,235,270
9290,7198,1004,3495,707,6194,505,235,270
9295,7200,1004,3497,707,6196,506,236,270
9300,7208,1005,3499,707,6202,507,237,270
9305,7211,1006,3500,708,6205,507,237,270
9310,7216,1007,3501,708,6209,508,237,271
9315,7220,1007,3503,708,6213,508,237,271
9320,7223,1007,3504,708,6216,508,237,271
9325,7224,1007,3504,708,6217,508,237,271
9330,7229,1008,3507,708,6221,508,237,271
9335,7231,1008,3508,708,6223,509,238,271
9340,7239,1008,3511,708,6231,509,238,271
9345,7242,1008,3513,708,6234,509,238,271
9350,7247,1009,3517,709,6238,509,238,271
9355,7251,1009,3519,709,6241,509,238,271
9360,7254,1010,3520,710,6244,509,238,271
9365,7255,1010,3520,710,6245,509,238,271
9370,7260,1011,3522,711,6249,509,238,271
9375,7262,1011,3522,711,6251,510,238,272
9380,7270,1011,3527,711,6259,510,238,272
9385,7273,1011,3528,711,6262,510,238,272
9390,7278,1011,3532,711,6267,510,238,272
9395,7282,1011,3535,711,6270,510,238,272
9400,7285,1013,3537,713,6272,510,238,272
9405,7286,1013,3538,713,6273,510,238,272
9410,7291,1014,3542,714,6277,510,238,272
9415,7293,1014,3543,714,6279,511,239,272
9420,7301,1014,3546,714,6287,511,239,272
9425,7304,1014,3546,714,6290,511,239,272
9430,7309,1014,3549,714,6295,512,240,272
9435,7313,1014,3552,714,6298,512,240,272
9440,7316,1015,3553,715,6301,512,240,272
9445,7317,1015,3553,715,6302,512,240,272
9450,7322,1016,3558,716,6306,512,240,272
9455,7324,1016,3558,716,6308,513,240,273
9460,7332,1016,3561,716,6316,513,240,273
9465,7335,1016,3564,716,6319,513,240,273
9470,7340,1016,3566,716,6324,514,240,274
9475,7344,1016,3568,716,6328,514,240,274
9480,7347,1016,3571,716,6331,514,240,274
9485,7348,1017,3572,717,6331,514,240,274
9490,7353,1018,3576,718,6335,514,240,274
9495,7355,1018,3577,718,6337,515,241,274
9500,7363,1020,3584,720,6342,515,241,274
9505,7366,1022,3586,722,6344,515,241,274
9510,7371,1022,3589,722,6349,516,242,274
9515,7375,1022,3592,722,6353,516,242,274
9520,7378,1022,3594,722,6356,516,242,274
9525,7379,1023,3595,723,6356,516,242,274
9530,7384,1025,3600,725,6359,516,242,274
9535,7386,1025,3602,725,6361,517,243,274
9540,7394,1026,3605,725,6367,517,243,274
9545,7397,1028,3606,727,6369,517,243,274
9550,7402,1029,3608,727,6373,517,243,274
9555,7406,1029,3611,727,6377,517,243,274
9560,7409,1030,3612,728,6379,517,243,274
9565,7410,1030,3612,728,6380,517,243,274
9570,7415,1031,3614,728,6384,517,243,274
9575,7417,1031,3615,728,6386,518,243,275
9580,7425,1032,3621,729,6393,518,243,275
9585,7428,1033,3622,730,6395,518,243,275
9590,7433,1034,3627,731,6399,518,243,275
9595,7437,1034,3630,731,6403,518,243,275
9600,7440,1035,3632,732,6405,518,243,275
9605,7441,1035,3632,732,6406,518,243,275
9610,7446,1035,3635,732,6411,518,243,275
9615,7448,1035,3636,732,6413,519,243,276
9620,7456,1036,3640,732,6420,519,243,276
9625,7459,1036,3642,732,6423,519,243,276
9630,7464,1037,3644,733,6427,519,243,276
9635,7468,1037,3646,733,6431,519,243,276
9640,7471,1037,3648,733,6434,519,243,276
9645,7472,1037,3649,733,6435,519,243,276
9650,7477,1037,3654,733,6440,519,243,276
9655,7479,1037,3655,733,6442,520,244,276
9660,7487,1039,3660,735,6448,520,244,276
9665,7490,1039,3661,735,6451,520,244,276
9670,7495,1040,3664,736,6455,521,244,277
9675,7499,1040,3665,736,6459,521,244,277
9680,7502,1040,3665,736,6462,521,244,277
9685,7503,1040,3666,736,6463,521,244,277
9690,7508,1040,3667,736,6468,521,244,277
9695,7510,1040,3668,736,6470,522,244,278
9700,7518,1040,3672,736,6478,522,244,278
9705,7521,1040,3674,736,6481,522,244,278
9710,7526,1041,3675,736,6485,523,244,279
9715,7530,1041,3677,736,6488,523,244,279
9720,7533,1042,3678,737,6491,523,244,279
9725,7534,1042,3678,737,6492,523,244,279
9730,7539,1042,3679,737,6497,523,244,279
9735,7541,1042,3679,737,6499,524,244,280
9740,7549,1042,3681,737,6507,524,244,280
9745,7552,1042,3681,737,6510,524,244,280
9750,7557,1043,3681,737,6514,525,244,281
9755,7561,1043,3682,737,6518,525,244,281
9760,7564,1044,3685,738,6520,525,244,281
9765,7565,1044,3686,738,6521,525,244,281
9770,7570,1044,3689,738,6526,525,244,281
9775,7572,1044,3690,738,6528,526,245,281
9780,7580,1044,3692,738,6536,526,245,281
9785,7583,1044,3694,738,6539,526,245,281
9790,7588,1045,3695,738,6543,527,245,282
9795,7592,1045,3696,738,6546,527,245,282
9800,7595,1046,3698,739,6549,527,245,282
9805,7596,1047,3699,740,6549,527,245,282
9810,7601,1048,3703,741,6553,527,245,282
9815,7603,1048,3704,741,6555,528,245,283
9820,7611,1049,3708,742,6562,528,245,283
9825,7614,1049,3710,742,6565,528,245,283
9830,7619,1051,3712,743,6568,529,245,284
9835,7623,1051,3715,743,6571,529,245,284
9840,7626,1052,3715,744,6574,529,245,284
9845,7627,1052,3716,744,6575,529,245,284
9850,7632,1052,3716,744,6580,529,245,284
9855,7634,1052,3718,744,6582,530,246,284
9860,7642,1054,3723,746,6588,530,246,284
9865,7645,1054,3725,746,6591,530,246,284
9870,7650,1055,3726,747,6595,531,246,285
9875,7654,1055,3727,747,6599,531,246,285
9880,7657,1055,3728,747,6602,531,246,285
9885,7658,1055,3729,747,6603,531,246,285
9890,7663,1055,3732,747,6608,531,246,285
9895,7665,1055,3732,747,6610,532,246,286
9900,7673,1057,3736,748,6616,533,247,286
9905,7676,1057,3739,748,6619,533,247,286
9910,7681,1058,3743,749,6623,533,247,286
9915,7685,1058,3744,749,6627,533,247,286
9920,7688,1058,3747,749,6630,533,247,286
9925,7689,1058,3748,749,6631,533,247,286
9930,7694,1058,3751,749,6636,533,247,286
9935,7696,1058,3753,749,6638,534,248,286
9940,7704,1059,3760,750,6645,534,248,286
9945,7707,1059,3762,750,6648,534,248,286
9950,7712,1060,3765,750,6652,534,248,286
9955,7716,1060,3768,750,6656,534,248,286
9960,7719,1061,3770,751,6658,534,248,286
9965,7720,1061,3770,751,6659,534,248,286
9970,7725,1062,3772,752,6663,534,248,286
9975,7727,1062,3774,752,6665,535,249,286
9980,7735,1064,3778,754,6671,536,249,287
9985,7738,1064,3778,754,6674,536,249,287
9990,7743,1065,3780,754,6678,537,249,288
9995,7747,1065,3784,754,6682,537,249,288
10000,7750,1065,3784,754,6685,537,249,288
10005,7751,1066,3785,755,6685,537,249,288
10010,7756,1067,3787,755,6689,537,249,288
10015,7758,1067,3788,755,6691,538,249,289
10020,7766,1070,3793,758,6696,539,250,289
10025,7769,1070,3793,758,6699,539,250,289
10030,7774,1071,3794,758,6703,540,250,290
10035,7778,1071,3797,758,6707,540,250,290
10040,7781,1072,3798,759,6709,540,250,290
10045,7782,1072,3798,759,6710,540,250,290
10050,7787,1073,3798,759,6714,540,250,290
10055,7789,1073,3799,759,6716,541,250,291
10060,7797,1074,3802,760,6723,541,250,291
10065,7800,1074,3802,760,6726,541,250,291
10070,7805,1075,3803,760,6730,542,250,292
10075,7809,1075,3807,760,6733,542,250,292
10080,7812,1076,3808,761,6736,542,250,292
10085,7813,1076,3808,761,6737,542,250,292
10090,7818,1077,3811,762,6741,542,250,292
10095,7820,1077,3813,762,6743,543,251,292
10100,7828,1079,3818,763,6748,543,251,292
10105,7831,1081,3820,765,6750,543,251,292
10110,7836,1081,3822,765,6755,544,252,292
10115,7840,1081,3824,765,6758,544,252,292
10120,7843,1082,3825,766,6761,544,252,292
10125,7844,1082,3826,766,6762,544,252,292
10130,7849,1083,3830,766,6766,544,252,292
10135,7851,1083,3832,766,6768,545,253,292
10140,7859,1084,3837,767,6775,546,254,292
10145,7862,1084,3839,767,6778,546,254,292
10150,7867,1084,3841,767,6783,546,254,292
10155,7871,1084,3841,767,6787,546,254,292
10160,7874,1085,3842,768,6789,546,254,292
10165,7875,1085,3843,768,6790,546,254,292
10170,7880,1086,3844,768,6794,546,254,292
10175,7882,1086,3844,768,6796,547,254,293
10180,7890,1086,3849,768,6804,547,254,293
10185,7893,1086,3852,768,6807,547,254,293
10190,7898,1087,3855,769,6811,547,254,293
10195,7902,1087,3856,769,6815,547,254,293
10200,7905,1088,3858,770,6817,547,254,293
10205,7906,1088,3859,770,6818,547,254,293
10210,7911,1089,3863,771,6822,547,254,293
10215,7913,1089,3864,771,6824,548,254,294
10220,7921,1091,3866,772,6830,549,254,295
10225,7924,1091,3867,772,6833,549,254,295
10230,7929,1092,3870,772,6837,549,254,295
10235,7933,1092,3871,772,6841,549,254,295
10240,7936,1092,3872,772,6844,549,254,295
10245,7937,1093,3873,773,6844,549,254,295
10250,7942,1095,3877,775,6847,549,254,295
10255,7944,1095,3879,775,6849,550,255,295
10260,7952,1097,3881,776,6855,551,255,296
10265,7955,1098,3883,777,6857,551,255,296
10270,7960,1099,3884,777,6861,552,256,296
10275,7964,1099,3886,777,6865,552,256,296
10280,7967,1099,3886,777,6868,552,256,296
10285,7968,1099,3887,777,6869,552,256,296
10290,7973,1100,3889,777,6873,552,256,296
10295,7975,1100,3891,777,6875,553,257,296
10300,7983,1100,3895,777,6883,553,257,296
10305,7986,1100,3895,777,6886,553,257,296
10310,7991,1101,3897,778,6890,554,258,296
10315,7995,1101,3900,778,6894,554,258,296
10320,7998,1101,3901,778,6897,554,258,296
10325,7999,1101,3902,778,6898,554,258,296
10330,8004,1102,3902,778,6902,554,258,296
10335,8006,1102,3902,778,6904,555,258,297
10340,8014,1102,3904,778,6912,555,258,297
10345,8017,1102,3906,778,6915,555,258,297
10350,8022,1103,3908,779,6919,556,258,298
10355,8026,1103,3909,779,6923,556,258,298
10360,8029,1103,3911,779,6926,556,258,298
10365,8030,1103,3912,779,6927,556,258,298
10370,8035,1104,3913,779,6931,556,258,298
10375,8037,1104,3914,779,6933,557,259,298
10380,8045,1105,3917,779,6939,558,260,298
10385,8048,1107,3919,781,6941,558,260,298
10390,8053,1108,3920,782,6945,558,260,298
10395,8057,1108,3920,782,6949,558,260,298
10400,8060,1108,3923,782,6952,558,260,298
10405,8061,1108,3923,782,6953,558,260,298
10410,8066,1108,3924,782,6958,558,260,298
10415,8068,1108,3925,782,6960,559,260,299
10420,8076,1108,3931,782,6968,559,260,299
10425,8079,1108,3932,782,6971,559,260,299
10430,8084,1109,3934,783,6975,559,260,299
10435,8088,1109,3935,783,6979,559,260,299
10440,8091,1109,3935,783,6982,559,260,299
10445,8092,1109,3935,783,6983,559,260,299
10450,8097,1109,3937,783,6988,559,260,299
10455,8099,1109,3938,783,6990,560,260,300
10460,8107,1109,3945,783,6998,560,260,300
10465,8110,1109,3946,783,7001,560,260,300
10470,8115,1110,3950,784,7005,560,260,300
10475,8119,1110,3953,784,7009,560,260,300
10480,8122,1110,3954,784,7012,560,260,300
10485,8123,1110,3955,784,7013,560,260,300
10490,8128,1111,3957,784,7017,560,260,300
10495,8130,1111,3958,784,7019,561,261,300
10500,8138,1114,3963,786,7023,562,261,301
10505,8141,1115,3963,787,7026,562,261,301
10510,8146,1116,3966,787,7030,563,262,301
10515,8150,1116,3969,787,7033,563,262,301
10520,8153,1117,3971,788,7036,563,262,301
10525,8154,1118,3972,789,7036,563,262,301
10530,8159,1119,3975,790,7040,563,262,301
10535,8161,1119,3976,790,7042,564,263,301
10540,8169,1119,3981,790,7050,565,263,302
10545,8172,1119,3982,790,7053,565,263,302
10550,8177,1120,3986,790,7057,566,264,302
10555,8181,1120,3987,790,7060,566,264,302
10560,8184,1121,3988,791,7063,566,264,302
10565,8185,1121,3988,791,7064,566,264,302
10570,8190,1122,3990,791,7068,566,264,302
10575,8192,1122,3991,791,7070,567,264,303
10580,8200,1122,3994,791,7077,568,264,304
10585,8203,1123,3996,792,7080,568,264,304
10590,8208,1124,4000,793,7084,569,265,304
10595,8212,1124,4003,793,7088,569,265,304
10600,8215,1124,4003,793,7091,569,265,304
10605,8216,1124,4003,793,7092,569,265,304
10610,8221,1125,4005,793,7096,569,265,304
10615,8223,1125,4007,793,7098,570,266,304
10620,8231,1125,4009,793,7105,571,267,304
10625,8234,1126,4010,794,7108,571,267,304
10630,8239,1127,4013,794,7112,571,267,304
10635,8243,1127,4013,794,7116,571,267,304
10640,8246,1127,4014,794,7119,571,267,304
10645,8247,1127,4015,794,7120,571,267,304
10650,8252,1127,4016,794,7125,571,267,304
10655,8254,1127,4017,794,7127,572,267,305
10660,8262,1127,4022,794,7135,573,268,305
10665,8265,1127,4023,794,7138,573,268,305
10670,8270,1128,4023,794,7142,573,268,305
10675,8274,1128,4026,794,7146,573,268,305
10680,8277,1128,4029,794,7149,573,268,305
10685,8278,1128,4030,794,7150,573,268,305
10690,8283,1129,4031,794,7154,573,268,305
10695,8285,1129,4032,794,7156,574,269,305
10700,8293,1130,4035,795,7163,575,270,305
10705,8296,1131,4037,796,7165,575,270,305
10710,8301,1132,4041,797,7169,575,270,305
10715,8305,1132,4043,797,7172,575,270,305
10720,8308,1133,4045,798,7175,575,270,305
10725,8309,1133,4046,798,7176,575,270,305
10730,8314,1134,4049,798,7180,575,270,305
10735,8316,1134,4051,798,7182,576,271,305
10740,8324,1136,4052,799,7188,577,271,306
10745,8327,1137,4053,800,7190,577,271,306
10750,8332,1138,4055,801,7194,578,271,307
10755,8336,1138,4055,801,7198,578,271,307
10760,8339,1138,4057,801,7201,578,271,307
10765,8340,1138,4057,801,7202,578,271,307
10770,8345,1139,4061,802,7206,578,271,307
10775,8347,1139,4062,802,7208,579,271,308
10780,8355,1140,4065,802,7215,579,271,308
10785,8358,1140,4067,802,7218,579,271,308
10790,8363,1141,4069,802,7222,580,271,309
10795,8367,1141,4069,802,7226,580,271,309
10800,8370,1142,4071,803,7228,580,271,309
10805,8371,1143,4072,804,7228,580,271,309
10810,8376,1144,4074,804,7232,580,271,309
10815,8378,1144,4075,804,7234,581,272,309
10820,8386,1146,4079,806,7240,582,272,310
10825,8389,1147,4082,807,7242,582,272,310
10830,8394,1148,4084,807,7246,583,273,310
10835,8398,1148,4086,807,7250,583,273,310
10840,8401,1148,4087,807,7253,583,273,310
10845,8402,1148,4087,807,7254,583,273,310
10850,8407,1150,4090,808,7257,583,273,310
10855,8409,1150,4091,808,7259,584,274,310
10860,8417,1152,4094,809,7265,585,274,311
10865,8420,1152,4097,809,7268,585,274,311
10870,8425,1153,4100,809,7272,586,275,311
10875,8429,1153,4102,809,7276,586,275,311
10880,8432,1153,4105,809,7279,586,275,311
10885,8433,1153,4105,809,7280,586,275,311
10890,8438,1153,4107,809,7285,586,275,311
10895,8440,1153,4107,809,7287,587,275,312
10900,8448,1153,4112,809,7295,587,275,312
10905,8451,1153,4113,809,7298,587,275,312
10910,8456,1154,4117,810,7302,588,276,312
10915,8460,1154,4118,810,7306,588,276,312
10920,8463,1155,4119,811,7308,588,276,312
10925,8464,1155,4119,811,7309,588,276,312
10930,8469,1155,4119,811,7314,588,276,312
10935,8471,1155,4120,811,7316,589,276,313
10940,8479,1155,4124,811,7324,590,277,313
10945,8482,1156,4127,812,7326,590,277,313
10950,8487,1158,4130,814,7329,590,277,313
10955,8491,1158,4133,814,7333,590,277,313
10960,8494,1158,4134,814,7336,590,277,313
10965,8495,1158,4135,814,7337,590,277,313
10970,8500,1159,4138,814,7341,590,277,313
10975,8502,1159,4139,814,7343,591,278,313
10980,8510,1161,4143,816,7349,592,279,313
10985,8513,1162,4146,817,7351,592,279,313
10990,8518,1162,4147,817,7356,592,279,313
10995,8522,1162,4149,817,7359,592,279,313
11000,8525,1163,4150,818,7362,592,279,313
11005,8526,1164,4151,819,7362,592,279,313
11010,8531,1165,4153,820,7366,592,279,313
11015,8533,1165,4154,820,7368,593,279,314
11020,8541,1166,4159,821,7375,594,279,315
11025,8544,1166,4160,821,7378,594,279,315
11030,8549,1166,4161,821,7383,594,279,315
11035,8553,1166,4163,821,7386,594,279,315
11040,8556,1167,4166,822,7389,594,279,315
11045,8557,1168,4167,823,7389,594,279,315
11050,8562,1169,4170,824,7393,594,279,315
11055,8564,1169,4171,824,7395,595,280,315
11060,8572,1170,4175,825,7402,595,280,315
11065,8575,1170,4176,825,7405,595,280,315
11070,8580,1170,4179,825,7410,595,280,315
11075,8584,1170,4181,825,7414,595,280,315
11080,8587,1170,4183,825,7417,595,280,315
11085,8588,1170,4183,825,7418,595,280,315
11090,8593,1171,4187,826,7422,595,280,315
11095,8595,1171,4188,826,7424,596,281,315
11100,8603,1173,4194,828,7429,597,282,315
11105,8606,1174,4196,829,7432,597,282,315
11110,8611,1175,4198,830,7436,598,283,315
11115,8615,1175,4200,830,7440,598,283,315
11120,8618,1175,4201,830,7443,598,283,315
11125,8619,1175,4202,830,7444,598,283,315
11130,8624,1175,4204,830,7449,598,283,315
11135,8626,1175,4205,830,7451,599,284,315
11140,8634,1177,4212,832,7457,599,284,315
11145,8637,1178,4214,833,7459,599,284,315
11150,8642,1179,4216,834,7463,600,284,316
11155,8646,1179,4217,834,7467,600,284,316
11160,8649,1179,4219,834,7470,600,284,316
11165,8650,1179,4219,834,7471,600,284,316
11170,8655,1180,4221,835,7475,600,284,316
11175,8657,1180,4222,835,7477,601,284,317
11180,8665,1182,4226,837,7483,601,284,317
11185,8668,1182,4227,837,7486,601,284,317
11190,8673,1183,4231,838,7490,602,285,317
11195,8677,1183,4233,838,7493,602,285,317
11200,8680,1185,4235,840,7495,602,285,317
11205,8681,1185,4235,840,7496,602,285,317
11210,8686,1186,4236,840,7500,602,285,317
11215,8688,1186,4238,840,7502,603,286,317
11220,8696,1189,4242,843,7507,604,286,318
11225,8699,1189,4244,843,7510,604,286,318
11230,8704,1190,4247,843,7514,605,286,319
11235,8708,1190,4249,843,7518,605,286,319
11240,8711,1190,4250,843,7521,605,286,319
11245,8712,1190,4250,843,7522,605,286,319
11250,8717,1190,4250,843,7527,605,286,319
11255,8719,1190,4251,843,7529,606,286,320
11260,8727,1191,4252,843,7536,606,286,320
11265,8730,1192,4253,844,7538,606,286,320
11270,8735,1193,4256,845,7542,607,287,320
11275,8739,1193,4257,845,7546,607,287,320
11280,8742,1193,4258,845,7549,607,287,320
11285,8743,1193,4258,845,7550,607,287,320
11290,8748,1193,4260,845,7555,607,287,320
11295,8750,1193,4261,845,7557,608,287,321
11300,8758,1194,4266,845,7564,608,287,321
11305,8761,1194,4267,845,7567,608,287,321
11310,8766,1195,4269,845,7571,609,288,321
11315,8770,1195,4270,845,7575,609,288,321
11320,8773,1196,4273,846,7577,609,288,321
11325,8774,1196,4273,846,7578,609,288,321
11330,8779,1197,4278,847,7582,609,288,321
11335,8781,1197,4280,847,7584,610,289,321
11340,8789,1198,4282,847,7591,611,290,321
11345,8792,1198,4283,847,7594,611,290,321
11350,8797,1199,4286,848,7598,611,290,321
11355,8801,1199,4288,848,7602,611,290,321
11360,8804,1199,4288,848,7605,611,290,321
11365,8805,1199,4289,848,7606,611,290,321
11370,8810,1200,4292,848,7610,611,290,321
11375,8812,1200,4294,848,7612,612,291,321
11380,8820,1200,4298,848,7620,612,291,321
11385,8823,1200,4299,848,7623,612,291,321
11390,8828,1201,4302,849,7627,612,291,321
11395,8832,1201,4304,849,7631,612,291,321
11400,8835,1201,4305,849,7634,612,291,321
11405,8836,1201,4305,849,7635,612,291,321
11410,8841,1202,4305,849,7639,612,291,321
11415,8843,1202,4306,849,7641,613,291,322
11420,8851,1202,4311,849,7649,614,292,322
11425,8854,1202,4312,849,7652,614,292,322
11430,8859,1203,4313,849,7656,614,292,322
11435,8863,1203,4313,849,7660,614,292,322
11440,8866,1203,4314,849,7663,614,292,322
11445,8867,1203,4314,849,7664,614,292,322
11450,8872,1205,4316,850,7667,614,292,322
11455,8874,1205,4317,850,7669,615,292,323
11460,8882,1207,4322,852,7675,616,293,323
11465,8885,1207,4323,852,7678,616,293,323
11470,8890,1208,4326,852,7682,617,293,324
11475,8894,1208,4326,852,7686,617,293,324
11480,8897,1208,4327,852,7689,617,293,324
11485,8898,1208,4328,852,7690,617,293,324
11490,8903,1209,4331,852,7694,617,293,324
11495,8905,1209,4331,852,7696,618,293,325
11500,8913,1210,4335,853,7703,618,293,325
11505,8916,1211,4338,854,7705,618,293,325
11510,8921,1212,4342,855,7709,619,294,325
11515,8925,1212,4344,855,7713,619,294,325
11520,8928,1213,4346,856,7715,619,294,325
11525,8929,1213,4347,856,7716,619,294,325
11530,8934,1214,4350,857,7720,619,294,325
11535,8936,1214,4351,857,7722,620,294,326
11540,8944,1215,4353,857,7729,620,294,326
11545,8947,1215,4353,857,7732,620,294,326
11550,8952,1216,4356,857,7736,621,294,327
11555,8956,1216,4359,857,7740,621,294,327
11560,8959,1216,4360,857,7743,621,294,327
11565,8960,1216,4360,857,7744,621,294,327
11570,8965,1217,4361,857,7748,621,294,327
11575,8967,1217,4362,857,7750,622,295,327
11580,8975,1219,4365,858,7756,623,295,328
11585,8978,1219,4365,858,7759,623,295,328
11590,8983,1220,4367,859,7763,624,295,329
11595,8987,1220,4368,859,7767,624,295,329
11600,8990,1220,4369,859,7770,624,295,329
11605,8991,1220,4369,859,7771,624,295,329
11610,8996,1221,4371,859,7775,624,295,329
11615,8998,1221,4372,859,7777,625,295,330
11620,9006,1222,4377,860,7783,625,295,330
11625,9009,1223,4378,861,7786,625,295,330
11630,9014,1224,4379,861,7790,626,296,330
11635,9018,1224,4381,861,7793,626,296,330
11640,9021,1226,4384,863,7795,626,296,330
11645,9022,1226,4385,863,7796,626,296,330
11650,9027,1227,4388,863,7800,626,296,330
11655,9029,1227,4388,863,7802,627,296,331
11660,9037,1228,4391,864,7809,627,296,331
11665,9040,1229,4394,865,7811,627,296,331
11670,9045,1230,4397,865,7815,628,297,331
11675,9049,1230,4399,865,7819,628,297,331
11680,9052,1230,4401,865,7822,628,297,331
11685,9053,1230,4402,865,7823,628,297,331
11690,9058,1231,4405,866,7827,628,297,331
11695,9060,1231,4406,866,7829,629,298,331
11700,9068,1233,4410,868,7834,630,299,331
11705,9071,1234,4412,869,7837,630,299,331
11710,9076,1235,4415,869,7841,630,299,331
11715,9080,1235,4418,869,7845,630,299,331
11720,9083,1235,4421,869,7848,630,299,331
11725,9084,1235,4422,869,7849,630,299,331
11730,9089,1236,4427,870,7853,630,299,331
11735,9091,1236,4427,870,7855,631,299,332
11740,9099,1236,4430,870,7863,631,299,332
11745,9102,1236,4432,870,7866,631,299,332
11750,9107,1237,4435,870,7870,631,299,332
11755,9111,1237,4437,870,7873,631,299,332
11760,9114,1238,4439,871,7876,631,299,332
11765,9115,1238,4440,871,7877,631,299,332
11770,9120,1239,4443,871,7881,631,299,332
11775,9122,1239,4445,871,7883,632,300,332
11780,9130,1240,4450,872,7889,632,300,332
11785,9133,1242,4453,874,7891,632,300,332
11790,9138,1243,4453,874,7895,633,300,333
11795,9142,1243,4455,874,7899,633,300,333
11800,9145,1243,4456,874,7902,633,300,333
11805,9146,1243,4456,874,7903,633,300,333
11810,9151,1244,4457,875,7907,633,300,333
11815,9153,1244,4458,875,7909,634,301,333
11820,9161,1246,4463,877,7914,635,302,333
11825,9164,1247,4464,878,7917,635,302,333
11830,9169,1248,4465,878,7921,636,303,333
11835,9173,1248,4467,878,7925,636,303,333
11840,9176,1249,4469,879,7927,636,303,333
11845,9177,1249,4470,879,7928,636,303,333
11850,9182,1249,4473,879,7933,636,303,333
11855,9184,1249,4474,879,7935,637,303,334
11860,9192,1249,4477,879,7943,638,303,335
11865,9195,1249,4479,879,7946,638,303,335
11870,9200,1250,4481,880,7950,639,303,336
11875,9204,1250,4481,880,7954,639,303,336
11880,9207,1251,4484,881,7956,639,303,336
11885,9208,1251,4484,881,7957,639,303,336
11890,9213,1251,4488,881,7962,639,303,336
11895,9215,1251,4489,881,7964,640,303,337
11900,9223,1251,4491,881,7972,640,303,337
11905,9226,1251,4494,881,7975,640,303,337
11910,9231,1252,4497,882,7979,641,304,337
11915,9235,1252,4498,882,7983,641,304,337
11920,9238,1253,4501,883,7985,641,304,337
11925,9239,1253,4502,883,7986,641,304,337
11930,9244,1254,4505,884,7990,641,304,337
11935,9246,1254,4506,884,7992,642,304,338
11940,9254,1256,4511,885,7997,643,304,339
11945,9257,1258,4513,887,7999,643,304,339
11950,9262,1258,4515,887,8004,644,305,339
11955,9266,1258,4516,887,8008,644,305,339
11960,9269,1258,4518,887,8011,644,305,339
11965,9270,1258,4518,887,8012,644,305,339
11970,9275,1259,4520,887,8016,644,305,339
11975,9277,1259,4522,887,8018,645,306,339
11980,9285,1259,4525,887,8026,645,306,339
11985,9288,1259,4525,887,8029,645,306,339
11990,9293,1259,4525,887,8034,645,306,339
11995,9297,1259,4527,887,8038,645,306,339
12000,9300,1259,4529,887,8041,645,306,339
12005,9301,1260,4530,888,8041,645,306,339
12010,9306,1261,4532,889,8045,645,306,339
12015,9308,1261,4532,889,8047,646,306,340
12020,9316,1262,4537,890,8054,646,306,340
12025,9319,1262,4537,890,8057,646,306,340
12030,9324,1263,4541,891,8061,647,307,340
12035,9328,1263,4542,891,8065,647,307,340
12040,9331,1263,4543,891,8068,647,307,340
12045,9332,1263,4543,891,8069,647,307,340
12050,9337,1264,4545,892,8073,647,307,340
12055,9339,1264,4545,892,8075,648,307,341
12060,9347,1266,4550,894,8080,649,308,341
12065,9350,1267,4551,895,8083,649,308,341
12070,9355,1268,4553,895,8087,649,308,341
12075,9359,1268,4555,895,8091,649,308,341
12080,9362,1268,4556,895,8094,649,308,341
12085,9363,1268,4557,895,8095,649,308,341
12090,9368,1269,4559,895,8099,649,308,341
12095,9370,1269,4559,895,8101,650,308,342
12100,9378,1270,4562,896,8108,650,308,342
12105,9381,1271,4564,897,8110,650,308,342
12110,9386,1272,4568,898,8114,650,308,342
12115,9390,1272,4569,898,8117,650,308,342
12120,9393,1274,4570,900,8119,650,308,342
12125,9394,1274,4570,900,8120,650,308,342
12130,9399,1275,4574,901,8124,650,308,342
12135,9401,1275,4574,901,8126,651,308,343
12140,9409,1276,4578,901,8133,651,308,343
12145,9412,1277,4580,902,8135,651,308,343
12150,9417,1278,4581,902,8139,652,309,343
12155,9421,1278,4582,902,8143,652,309,343
12160,9424,1279,4585,903,8145,652,309,343
12165,9425,1280,4586,904,8145,652,309,343
12170,9430,1281,4588,905,8149,652,309,343
12175,9432,1281,4588,905,8151,653,309,344
12180,9440,1284,4595,908,8155,654,310,344
12185,9443,1285,4597,909,8158,654,310,344
12190,9448,1286,4600,910,8162,654,310,344
12195,9452,1286,4604,910,8166,654,310,344
12200,9455,1286,4605,910,8169,654,310,344
12205,9456,1286,4605,910,8170,654,310,344
12210,9461,1287,4609,910,8174,654,310,344
12215,9463,1287,4611,910,8176,655,311,344
12220,9471,1288,4615,911,8183,656,312,344
12225,9474,1288,4616,911,8186,656,312,344
12230,9479,1289,4621,912,8190,656,312,344
12235,9483,1289,4622,912,8193,656,312,344
12240,9486,1290,4623,913,8196,656,312,344
12245,9487,1290,4624,913,8197,656,312,344
12250,9492,1291,4628,914,8201,656,312,344
12255,9494,1291,4629,914,8203,657,313,344
12260,9502,1291,4634,914,8211,657,313,344
12265,9505,1291,4635,914,8214,657,313,344
12270,9510,1292,4637,914,8218,657,313,344
12275,9514,1292,4639,914,8221,657,313,344
12280,9517,1294,4641,916,8223,657,313,344
12285,9518,1295,4642,917,8223,657,313,344
12290,9523,1296,4646,918,8227,657,313,344
12295,9525,1296,4647,918,8229,658,314,344
12300,9533,1297,4652,919,8236,658,314,344
12305,9536,1297,4653,919,8239,658,314,344
12310,9541,1297,4654,919,8244,659,315,344
12315,9545,1297,4656,919,8248,659,315,344
12320,9548,1297,4657,919,8251,659,315,344
12325,9549,1298,4658,920,8251,659,315,344
12330,9554,1299,4660,920,8255,659,315,344
12335,9556,1299,4661,920,8257,660,315,345
12340,9564,1301,4666,922,8263,661,315,346
12345,9567,1302,4667,923,8265,661,315,346
12350,9572,1302,4669,923,8270,662,315,347
12355,9576,1302,4670,923,8274,662,315,347
12360,9579,1302,4672,923,8277,662,315,347
12365,9580,1302,4672,923,8278,662,315,347
12370,9585,1303,4676,923,8282,662,315,347
12375,9587,1303,4678,923,8284,663,316,347
12380,9595,1304,4684,924,8291,663,316,347
12385,9598,1305,4685,925,8293,663,316,347
12390,9603,1305,4690,925,8298,664,317,347
12395,9607,1305,4691,925,8301,664,317,347
12400,9610,1306,4694,926,8304,664,317,347
12405,9611,1307,4695,927,8304,664,317,347
12410,9616,1308,4697,928,8308,664,317,347
12415,9618,1308,4698,928,8310,665,317,348
12420,9626,1310,4702,930,8316,665,317,348
12425,9629,1310,4704,930,8319,665,317,348
12430,9634,1311,4708,931,8323,666,318,348
12435,9638,1311,4710,931,8327,666,318,348
12440,9641,1311,4710,931,8330,666,318,348
12445,9642,1311,4711,931,8331,666,318,348
12450,9647,1311,4714,931,8336,666,318,348
12455,9649,1311,4714,931,8338,667,318,349
12460,9657,1312,4721,932,8345,667,318,349
12465,9660,1313,4723,933,8347,667,318,349
12470,9665,1314,4726,933,8351,668,319,349
12475,9669,1314,4728,933,8355,668,319,349
12480,9672,1314,4730,933,8358,668,319,349
12485,9673,1314,4730,933,8359,668,319,349
12490,9678,1314,4732,933,8364,668,319,349
12495,9680,1314,4733,933,8366,669,319,350
12500,9688,1315,4736,933,8373,669,319,350
12505,9691,1316,4737,934,8375,669,319,350
12510,9696,1317,4740,934,8379,670,319,351
12515,9700,1317,4742,934,8383,670,319,351
12520,9703,1317,4743,934,8386,670,319,351
12525,9704,1317,4744,934,8387,670,319,351
12530,9709,1318,4745,934,8391,670,319,351
12535,9711,1318,4746,934,8393,671,319,352
12540,9719,1321,4751,937,8397,672,319,353
12545,9722,1322,4752,938,8400,672,319,353
12550,9727,1323,4754,938,8404,673,319,354
12555,9731,1323,4756,938,8408,673,319,354
12560,9734,1324,4759,939,8410,673,319,354
12565,9735,1324,4759,939,8411,673,319,354
12570,9740,1324,4762,939,8416,673,319,354
12575,9742,1324,4762,939,8418,674,319,355
12580,9750,1325,4769,940,8425,674,319,355
12585,9753,1326,4771,941,8427,674,319,355
12590,9758,1327,4772,941,8431,675,320,355
12595,9762,1327,4774,941,8435,675,320,355
12600,9765,1328,4776,942,8437,675,320,355
12605,9766,1329,4777,943,8437,675,320,355
12610,9771,1330,4779,943,8441,675,320,355
12615,9773,1330,4780,943,8443,676,320,356
12620,9781,1331,4783,943,8450,676,320,356
12625,9784,1331,4784,943,8453,676,320,356
12630,9789,1332,4787,943,8457,677,321,356
12635,9793,1332,4789,943,8461,677,321,356
12640,9796,1333,4790,944,8463,677,321,356
12645,9797,1334,4791,945,8463,677,321,356
12650,9802,1335,4793,945,8467,677,321,356
12655,9804,1335,4793,945,8469,678,321,357
12660,9812,1336,4795,946,8476,679,322,357
12665,9815,1337,4796,947,8478,679,322,357
12670,9820,1338,4796,947,8482,680,322,358
12675,9824,1338,4798,947,8486,680,322,358
12680,9827,1338,4799,947,8489,680,322,358
12685,9828,1338,4800,947,8490,680,322,358
12690,9833,1338,4804,947,8495,680,322,358
12695,9835,1338,4805,947,8497,681,323,358
12700,9843,1338,4809,947,8505,681,323,358
12705,9846,1338,4810,947,8508,681,323,358
12710,9851,1339,4811,947,8512,682,324,358
12715,9855,1339,4814,947,8516,682,324,358
12720,9858,1339,4816,947,8519,682,324,358
12725,9859,1339,4817,947,8520,682,324,358
12730,9864,1339,4819,947,8525,682,324,358
12735,9866,1339,4821,947,8527,683,325,358
12740,9874,1339,4825,947,8535,683,325,358
12745,9877,1339,4827,947,8538,683,325,358
12750,9882,1340,4830,948,8542,684,325,359
12755,9886,1340,4833,948,8546,684,325,359
12760,9889,1340,4834,948,8549,684,325,359
12765,9890,1341,4835,949,8549,684,325,359
12770,9895,1342,4837,949,8553,684,325,359
12775,9897,1342,4838,949,8555,685,326,359
12780,9905,1344,4843,951,8560,686,327,359
12785,9908,1345,4845,952,8563,686,327,359
12790,9913,1346,4848,953,8567,687,327,360
12795,9917,1346,4850,953,8571,687,327,360
12800,9920,1346,4852,953,8574,687,327,360
12805,9921,1346,4852,953,8575,687,327,360
12810,9926,1346,4854,953,8580,687,327,360
12815,9928,1346,4855,953,8582,688,327,361
12820,9936,1347,4859,954,8589,688,327,361
12825,9939,1347,4861,954,8592,688,327,361
12830,9944,1348,4862,954,8596,689,328,361
12835,9948,1348,4863,954,8600,689,328,361
12840,9951,1349,4865,955,8602,689,328,361
12845,9952,1349,4865,955,8603,689,328,361
12850,9957,1350,4867,956,8607,689,328,361
12855,9959,1350,4868,956,8609,690,329,361
12860,9967,1351,4871,956,8616,690,329,361
12865,9970,1352,4872,957,8618,690,329,361
12870,9975,1353,4873,957,8622,690,329,361
12875,9979,1353,4874,957,8626,690,329,361
12880,9982,1354,4876,958,8628,690,329,361
12885,9983,1354,4876,958,8629,690,329,361
12890,9988,1355,4878,958,8633,690,329,361
12895,9990,1355,4878,958,8635,691,329,362
12900,9998,1357,4879,959,8641,692,329,363
12905,10001,1357,4880,959,8644,692,329,363
12910,10006,1358,4882,959,8648,692,329,363
12915,10010,1358,4884,959,8652,692,329,363
12920,10013,1358,4885,959,8655,692,329,363
12925,10014,1359,4886,960,8655,692,329,363
12930,10019,1360,4889,961,8659,692,329,363
12935,10021,1360,4891,961,8661,693,330,363
12940,10029,1360,4896,961,8669,693,330,363
12945,10032,1360,4898,961,8672,693,330,363
12950,10037,1361,4900,961,8676,693,330,363
12955,10041,1361,4901,961,8680,693,330,363
12960,10044,1361,4901,961,8683,693,330,363
12965,10045,1361,4901,961,8684,693,330,363
12970,10050,1362,4904,961,8688,693,330,363
12975,10052,1362,4906,961,8690,694,331,363
12980,10060,1362,4909,961,8697,694,331,363
12985,10063,1363,4911,962,8700,694,331,363
12990,10068,1364,4915,962,8704,695,332,363
12995,10072,1364,4916,962,8708,695,332,363
13000,10075,1364,4916,962,8711,695,332,363
13005,10076,1364,4917,962,8712,695,332,363
13010,10081,1365,4920,962,8716,695,332,363
13015,10083,1365,4922,962,8718,696,333,363
13020,10091,1368,4926,964,8723,697,334,363
13025,10094,1368,4926,964,8726,697,334,363
13030,10099,1369,4927,964,8730,698,334,364
13035,10103,1369,4928,964,8734,698,334,364
13040,10106,1370,4929,965,8736,698,334,364
13045,10107,1370,4929,965,8737,698,334,364
13050,10112,1370,4932,965,8742,698,334,364
13055,10114,1370,4934,965,8744,699,335,364
13060,10122,1371,4940,965,8751,699,335,364
13065,10125,1372,4942,966,8753,699,335,364
13070,10130,1373,4946,967,8757,700,336,364
13075,10134,1373,4948,967,8761,700,336,364
13080,10137,1374,4951,968,8763,700,336,364
13085,10138,1374,4951,968,8764,700,336,364
13090,10143,1375,4952,968,8768,700,336,364
13095,10145,1375,4953,968,8770,701,336,365
13100,10153,1377,4957,970,8776,702,336,366
13105,10156,1377,4959,970,8779,702,336,366
13110,10161,1378,4960,970,8783,703,336,367
13115,10165,1378,4962,970,8787,703,336,367
13120,10168,1378,4964,970,8790,703,336,367
13125,10169,1379,4965,971,8790,703,336,367
13130,10174,1380,4969,972,8794,703,336,367
13135,10176,1380,4970,972,8796,704,337,367
13140,10184,1382,4971,973,8802,705,337,368
13145,10187,1383,4973,974,8804,705,337,368
13150,10192,1384,4976,974,8808,706,338,368
13155,10196,1384,4978,974,8812,706,338,368
13160,10199,1384,4979,974,8815,706,338,368
13165,10200,1384,4979,974,8816,706,338,368
13170,10205,1384,4981,974,8821,706,338,368
13175,10207,1384,4981,974,8823,707,338,369
13180,10215,1385,4985,974,8829,707,338,369
13185,10218,1386,4986,975,8832,707,338,369
13190,10223,1387,4989,976,8836,708,339,369
13195,10227,1387,4990,976,8840,708,339,369
13200,10230,1387,4992,976,8843,708,339,369
13205,10231,1387,4992,976,8844,708,339,369
13210,10236,1387,4994,976,8849,708,339,369
13215,10238,1387,4995,976,8851,709,340,369
13220,10246,1388,5001,977,8858,709,340,369
13225,10249,1389,5003,978,8860,709,340,369
13230,10254,1390,5005,979,8864,710,340,370
13235,10258,1390,5006,979,8868,710,340,370
13240,10261,1390,5007,979,8871,710,340,370
13245,10262,1390,5007,979,8872,710,340,370
13250,10267,1391,5008,979,8876,710,340,370
13255,10269,1391,5010,979,8878,711,341,370
13260,10277,1393,5013,980,8884,712,341,371
13265,10280,1393,5013,980,8887,712,341,371
13270,10285,1393,5015,980,8892,713,341,372
13275,10289,1393,5018,980,8896,713,341,372
13280,10292,1393,5019,980,8899,713,341,372
13285,10293,1393,5020,980,8900,713,341,372
13290,10298,1394,5021,980,8904,713,341,372
13295,10300,1394,5022,980,8906,714,342,372
13300,10308,1395,5026,981,8913,714,342,372
13305,10311,1395,5027,981,8916,714,342,372
13310,10316,1395,5032,981,8921,715,343,372
13315,10320,1395,5035,981,8925,715,343,372
13320,10323,1395,5038,981,8928,715,343,372
13325,10324,1395,5039,981,8929,715,343,372
13330,10329,1396,5041,981,8933,715,343,372
13335,10331,1396,5043,981,8935,716,344,372
13340,10339,1397,5045,981,8942,716,344,372
13345,10342,1398,5047,982,8944,716,344,372
13350,10347,1398,5051,982,8949,717,345,372
13355,10351,1398,5053,982,8953,717,345,372
13360,10354,1398,5054,982,8956,717,345,372
13365,10355,1398,5054,982,8957,717,345,372
13370,10360,1399,5056,982,8961,717,345,372
13375,10362,1399,5057,982,8963,718,346,372
13380,10370,1400,5060,983,8969,719,347,372
13385,10373,1401,5062,984,8972,719,347,372
13390,10378,1402,5067,985,8976,719,347,372
13395,10382,1402,5070,985,8980,719,347,372
13400,10385,1402,5073,985,8983,719,347,372
13405,10386,1403,5074,986,8983,719,347,372
13410,10391,1404,5078,987,8987,719,347,372
13415,10393,1404,5079,987,8989,720,348,372
13420,10401,1405,5085,988,8996,720,348,372
13425,10404,1405,5085,988,8999,720,348,372
13430,10409,1406,5089,989,9003,720,348,372
13435,10413,1406,5091,989,9007,720,348,372
13440,10416,1406,5092,989,9010,720,348,372
13445,10417,1407,5093,990,9010,720,348,372
13450,10422,1408,5096,991,9014,720,348,372
13455,10424,1408,5098,991,9016,721,349,372
13460,10432,1409,5102,992,9023,721,349,372
13465,10435,1409,5103,992,9026,721,349,372
13470,10440,1410,5105,992,9030,721,349,372
13475,10444,1410,5105,992,9034,721,349,372
13480,10447,1410,5106,992,9037,721,349,372
13485,10448,1411,5107,993,9037,721,349,372
13490,10453,1412,5108,993,9041,721,349,372
13495,10455,1412,5109,993,9043,722,349,373
13500,10463,1414,5113,994,9048,723,350,373
13505,10466,1415,5114,995,9051,723,350,373
13510,10471,1416,5115,995,9055,724,350,374
13515,10475,1416,5118,995,9058,724,350,374
13520,10478,1417,5120,996,9061,724,350,374
13525,10479,1417,5121,996,9062,724,350,374
13530,10484,1417,5121,996,9067,724,350,374
13535,10486,1417,5123,996,9069,725,351,374
13540,10494,1418,5126,996,9076,725,351,374
13545,10497,1419,5127,997,9078,725,351,374
13550,10502,1420,5129,997,9082,726,352,374
13555,10506,1420,5131,997,9085,726,352,374
13560,10509,1421,5134,998,9088,726,352,374
13565,10510,1422,5135,999,9088,726,352,374
13570,10515,1423,5137,999,9092,726,352,374
13575,10517,1423,5137,999,9094,727,352,375
13580,10525,1424,5140,999,9101,727,352,375
13585,10528,1425,5143,1000,9103,727,352,375
13590,10533,1426,5145,1001,9107,728,353,375
13595,10537,1426,5148,1001,9111,728,353,375
13600,10540,1426,5150,1001,9114,728,353,375
13605,10541,1427,5151,1002,9114,728,353,375
13610,10546,1428,5155,1003,9118,728,353,375
13615,10548,1428,5156,1003,9120,729,353,376
13620,10556,1430,5161,1005,9126,730,353,377
13625,10559,1430,5164,1005,9129,730,353,377
13630,10564,1431,5166,1005,9133,731,354,377
13635,10568,1431,5168,1005,9137,731,354,377
13640,10571,1431,5168,1005,9140,731,354,377
13645,10572,1431,5168,1005,9141,731,354,377
13650,10577,1431,5172,1005,9146,731,354,377
13655,10579,1431,5173,1005,9148,732,354,378
13660,10587,1431,5176,1005,9156,732,354,378
13665,10590,1431,5176,1005,9159,732,354,378
13670,10595,1432,5177,1006,9163,733,354,379
13675,10599,1432,5177,1006,9167,733,354,379
13680,10602,1432,5179,1006,9170,733,354,379
13685,10603,1432,5180,1006,9171,733,354,379
13690,10608,1432,5182,1006,9176,733,354,379
13695,10610,1432,5184,1006,9178,734,355,379
13700,10618,1432,5188,1006,9186,734,355,379
13705,10621,1432,5191,1006,9189,734,355,379
13710,10626,1433,5194,1007,9193,735,356,379
13715,10630,1433,5197,1007,9197,735,356,379
13720,10633,1434,5200,1008,9199,735,356,379
13725,10634,1434,5200,1008,9200,735,356,379
13730,10639,1435,5202,1008,9204,735,356,379
13735,10641,1435,5202,1008,9206,736,356,380
13740,10649,1436,5204,1009,9213,737,356,381
13745,10652,1436,5205,1009,9216,737,356,381
13750,10657,1437,5206,1010,9220,738,356,382
13755,10661,1437,5208,1010,9224,738,356,382
13760,10664,1437,5210,1010,9227,738,356,382
13765,10665,1437,5210,1010,9228,738,356,382
13770,10670,1438,5213,1011,9232,738,356,382
13775,10672,1438,5215,1011,9234,739,357,382
13780,10680,1439,5218,1011,9241,739,357,382
13785,10683,1439,5219,1011,9244,739,357,382
13790,10688,1440,5222,1012,9248,740,358,382
13795,10692,1440,5223,1012,9252,740,358,382
13800,10695,1440,5224,1012,9255,740,358,382
13805,10696,1441,5225,1013,9255,740,358,382
13810,10701,1442,5228,1014,9259,740,358,382
13815,10703,1442,5230,1014,9261,741,359,382
13820,10711,1443,5234,1015,9268,741,359,382
13825,10714,1443,5234,1015,9271,741,359,382
13830,10719,1444,5236,1015,9275,741,359,382
13835,10723,1444,5238,1015,9279,741,359,382
13840,10726,1444,5241,1015,9282,741,359,382
13845,10727,1445,5242,1016,9282,741,359,382
13850,10732,1446,5245,1017,9286,741,359,382
13855,10734,1446,5246,1017,9288,742,359,383
13860,10742,1447,5250,1018,9294,743,359,384
13865,10745,1448,5252,1019,9297,743,359,384
13870,10750,1449,5253,1020,9301,743,359,384
13875,10754,1449,5254,1020,9305,743,359,384
13880,10757,1450,5256,1021,9307,743,359,384
13885,10758,1450,5256,1021,9308,743,359,384
13890,10763,1450,5259,1021,9313,743,359,384
13895,10765,1450,5260,1021,9315,744,359,385
13900,10773,1451,5264,1022,9322,744,359,385
13905,10776,1451,5265,1022,9325,744,359,385
13910,10781,1452,5267,1023,9329,745,359,386
13915,10785,1452,5271,1023,9332,745,359,386
13920,10788,1454,5273,1025,9334,745,359,386
13925,10789,1455,5274,1026,9334,745,359,386
13930,10794,1456,5276,1026,9338,745,359,386
13935,10796,1456,5278,1026,9340,746,360,386
13940,10804,1457,5282,1026,9347,746,360,386
13945,10807,1458,5284,1027,9349,746,360,386
13950,10812,1459,5287,1028,9353,747,360,387
13955,10816,1459,5290,1028,9357,747,360,387
13960,10819,1459,5291,1028,9360,747,360,387
13965,10820,1460,5292,1029,9360,747,360,387
13970,10825,1461,5294,1030,9364,747,360,387
13975,10827,1461,5295,1030,9366,748,360,388
13980,10835,1464,5300,1032,9371,749,361,388
13985,10838,1464,5301,1032,9374,749,361,388
13990,10843,1465,5303,1032,9378,750,361,389
13995,10847,1465,5303,1032,9382,750,361,389
14000,10850,1465,5303,1032,9385,750,361,389
14005,10851,1465,5303,1032,9386,750,361,389
14010,10856,1465,5304,1032,9391,750,361,389
14015,10858,1465,5305,1032,9393,751,362,389
14020,10866,1466,5311,1032,9400,751,362,389
14025,10869,1466,5312,1032,9403,751,362,389
14030,10874,1467,5315,1032,9407,752,363,389
14035,10878,1467,5317,1032,9411,752,363,389
14040,10881,1467,5318,1032,9414,752,363,389
14045,10882,1468,5319,1033,9414,752,363,389
14050,10887,1469,5322,1034,9418,752,363,389
14055,10889,1469,5323,1034,9420,753,363,390
14060,10897,1471,5328,1035,9426,754,364,390
14065,10900,1472,5331,1036,9428,754,364,390
14070,10905,1473,5334,1036,9432,755,364,391
14075,10909,1473,5336,1036,9435,755,364,391
14080,10912,1474,5336,1037,9438,755,364,391
14085,10913,1474,5337,1037,9439,755,364,391
14090,10918,1475,5340,1037,9443,755,364,391
14095,10920,1475,5341,1037,9445,756,364,392
14100,10928,1478,5346,1040,9450,757,365,392
14105,10931,1478,5347,1040,9453,757,365,392
14110,10936,1479,5351,1041,9457,758,366,392
14115,10940,1479,5352,1041,9461,758,366,392
14120,10943,1479,5354,1041,9464,758,366,392
14125,10944,1479,5355,1041,9465,758,366,392
14130,10949,1479,5359,1041,9470,758,366,392
14135,10951,1479,5361,1041,9472,759,367,392
14140,10959,1479,5367,1041,9480,759,367,392
14145,10962,1479,5368,1041,9483,759,367,392
14150,10967,1480,5369,1042,9487,760,367,393
14155,10971,1480,5372,1042,9491,760,367,393
14160,10974,1480,5373,1042,9494,760,367,393
14165,10975,1481,5374,1043,9494,760,367,393
14170,10980,1482,5377,1044,9498,760,367,393
14175,10982,1482,5378,1044,9500,761,368,393
14180,10990,1482,5381,1044,9508,761,368,393
14185,10993,1482,5384,1044,9511,761,368,393
14190,10998,1483,5387,1045,9515,762,369,393
14195,11002,1483,5390,1045,9519,762,369,393
14200,11005,1483,5393,1045,9522,762,369,393
14205,11006,1483,5393,1045,9523,762,369,393
14210,11011,1484,5396,1046,9527,762,369,393
14215,11013,1484,5397,1046,9529,763,370,393
14220,11021,1485,5401,1047,9536,764,370,394
14225,11024,1485,5402,1047,9539,764,370,394
14230,11029,1486,5405,1047,9543,765,371,394
14235,11033,1486,5409,1047,9547,765,371,394
14240,11036,1486,5409,1047,9550,765,371,394
14245,11037,1487,5410,1048,9550,765,371,394
14250,11042,1488,5410,1048,9554,765,371,394
14255,11044,1488,5411,1048,9556,766,372,394
14260,11052,1489,5415,1049,9563,766,372,394
14265,11055,1489,5416,1049,9566,766,372,394
14270,11060,1490,5419,1049,9570,767,373,394
14275,11064,1490,5421,1049,9574,767,373,394
14280,11067,1490,5422,1049,9577,767,373,394
14285,11068,1490,5422,1049,9578,767,373,394
14290,11073,1491,5425,1049,9582,767,373,394
14295,11075,1491,5426,1049,9584,768,373,395
14300,11083,1492,5429,1049,9591,768,373,395
14305,11086,1493,5431,1050,9593,768,373,395
14310,11091,1494,5432,1050,9597,769,373,396
14315,11095,1494,5434,1050,9601,769,373,396
14320,11098,1495,5437,1051,9603,769,373,396
14325,11099,1496,5438,1052,9603,769,373,396
14330,11104,1497,5440,1053,9607,769,373,396
14335,11106,1497,5440,1053,9609,770,373,397
14340,11114,1499,5444,1054,9614,771,374,397
14345,11117,1501,5446,1056,9616,771,374,397
14350,11122,1502,5449,1057,9620,772,375,397
14355,11126,1502,5450,1057,9623,772,375,397
14360,11129,1503,5453,1058,9626,772,375,397
14365,11130,1503,5454,1058,9627,772,375,397
14370,11135,1503,5456,1058,9632,772,375,397
14375,11137,1503,5456,1058,9634,773,375,398
14380,11145,1504,5461,1058,9641,773,375,398
14385,11148,1505,5462,1059,9643,773,375,398
14390,11153,1506,5466,1059,9647,774,376,398
14395,11157,1506,5466,1059,9651,774,376,398
14400,11160,1506,5468,1059,9654,774,376,398
14405,11161,1506,5469,1059,9655,774,376,398
14410,11166,1507,5471,1060,9659,774,376,398
14415,11168,1507,5472,1060,9661,775,376,399
14420,11176,1508,5474,1061,9668,776,376,400
14425,11179,1508,5475,1061,9671,776,376,400
14430,11184,1509,5477,1061,9675,777,376,401
14435,11188,1509,5479,1061,9678,777,376,401
14440,11191,1511,5480,1063,9680,777,376,401
14445,11192,1512,5481,1064,9680,777,376,401
14450,11197,1513,5485,1064,9684,777,376,401
14455,11199,1513,5486,1064,9686,778,376,402
14460,11207,1516,5489,1066,9690,779,376,403
14465,11210,1517,5492,1067,9693,779,376,403
14470,11215,1518,5494,1068,9697,779,376,403
14475,11219,1518,5497,1068,9700,779,376,403
14480,11222,1520,5499,1070,9702,779,376,403
14485,11223,1520,5499,1070,9703,779,376,403
14490,11228,1520,5503,1070,9708,779,376,403
14495,11230,1520,5503,1070,9710,780,376,404
14500,11238,1520,5509,1070,9718,780,376,404
14505,11241,1520,5511,1070,9721,780,376,404
14510,11246,1521,5513,1070,9725,780,376,404
14515,11250,1521,5515,1070,9729,780,376,404
14520,11253,1522,5518,1071,9731,780,376,404
14525,11254,1522,5519,1071,9732,780,376,404
14530,11259,1523,5523,1071,9736,780,376,404
14535,11261,1523,5524,1071,9738,781,376,405
14540,11269,1524,5529,1072,9745,782,377,405
14545,11272,1524,5530,1072,9748,782,377,405
14550,11277,1525,5532,1073,9752,782,377,405
14555,11281,1525,5533,1073,9756,782,377,405
14560,11284,1525,5536,1073,9759,782,377,405
14565,11285,1525,5537,1073,9760,782,377,405
14570,11290,1526,5538,1073,9764,782,377,405
14575,11292,1526,5539,1073,9766,783,378,405
14580,11300,1527,5542,1074,9773,784,379,405
14585,11303,1527,5543,1074,9776,784,379,405
14590,11308,1528,5544,1074,9780,785,379,406
14595,11312,1528,5547,1074,9784,785,379,406
14600,11315,1529,5550,1075,9786,785,379,406
14605,11316,1529,5551,1075,9787,785,379,406
14610,11321,1530,5553,1075,9791,785,379,406
14615,11323,1530,5553,1075,9793,786,379,407
14620,11331,1531,5557,1076,9800,786,379,407
14625,11334,1531,5559,1076,9803,786,379,407
14630,11339,1532,5561,1076,9807,787,380,407
14635,11343,1532,5563,1076,9810,787,380,407
14640,11346,1533,5563,1077,9813,787,380,407
14645,11347,1533,5563,1077,9814,787,380,407
14650,11352,1534,5565,1077,9818,787,380,407
14655,11354,1534,5566,1077,9820,788,380,408
14660,11362,1535,5567,1077,9827,788,380,408
14665,11365,1536,5569,1078,9829,788,380,408
14670,11370,1537,5571,1079,9833,789,380,409
14675,11374,1537,5573,1079,9837,789,380,409
14680,11377,1537,5574,1079,9840,789,380,409
14685,11378,1537,5574,1079,9841,789,380,409
14690,11383,1538,5576,1080,9845,789,380,409
14695,11385,1538,5577,1080,9847,790,380,410
14700,11393,1541,5581,1082,9852,791,381,410
14705,11396,1541,5583,1082,9855,791,381,410
14710,11401,1542,5584,1083,9859,792,381,411
14715,11405,1542,5585,1083,9863,792,381,411
14720,11408,1542,5587,1083,9866,792,381,411
14725,11409,1542,5588,1083,9867,792,381,411
14730,11414,1543,5590,1083,9871,792,381,411
14735,11416,1543,5591,1083,9873,793,381,412
14740,11424,1544,5593,1084,9880,793,381,412
14745,11427,1544,5594,1084,9883,793,381,412
14750,11432,1545,5596,1084,9887,794,381,413
14755,11436,1545,5597,1084,9891,794,381,413
14760,11439,1545,5599,1084,9894,794,381,413
14765,11440,1545,5600,1084,9895,794,381,413
14770,11445,1546,5604,1085,9899,794,381,413
14775,11447,1546,5605,1085,9901,795,382,413
14780,11455,1547,5607,1086,9908,795,382,413
14785,11458,1547,5608,1086,9911,795,382,413
14790,11463,1548,5611,1087,9915,796,383,413
14795,11467,1548,5614,1087,9919,796,383,413
14800,11470,1548,5616,1087,9922,796,383,413
14805,11471,1548,5616,1087,9923,796,383,413
14810,11476,1549,5619,1088,9927,796,383,413
14815,11478,1549,5620,1088,9929,797,384,413
14820,11486,1551,5623,1090,9935,798,384,414
14825,11489,1552,5626,1091,9937,798,384,414
14830,11494,1553,5629,1092,9941,799,385,414
14835,11498,1553,5629,1092,9945,799,385,414
14840,11501,1554,5631,1093,9947,799,385,414
14845,11502,1554,5631,1093,9948,799,385,414
14850,11507,1555,5633,1094,9952,799,385,414
14855,11509,1555,5635,1094,9954,800,386,414
14860,11517,1556,5636,1094,9961,800,386,414
14865,11520,1556,5637,1094,9964,800,386,414
14870,11525,1557,5639,1094,9968,801,387,414
14875,11529,1557,5641,1094,9972,801,387,414
14880,11532,1557,5641,1094,9975,801,387,414
14885,11533,1557,5641,1094,9976,801,387,414
14890,11538,1558,5643,1094,9980,801,387,414
14895,11540,1558,5644,1094,9982,802,388,414
14900,11548,1559,5644,1094,9989,802,388,414
14905,11551,1560,5645,1095,9991,802,388,414
14910,11556,1561,5649,1096,9995,803,389,414
14915,11560,1561,5650,1096,9998,803,389,414
14920,11563,1562,5652,1097,10001,803,389,414
14925,11564,1562,5652,1097,10002,803,389,414
14930,11569,1563,5653,1097,10006,803,389,414
14935,11571,1563,5653,1097,10008,804,389,415
14940,11579,1565,5656,1098,10013,805,389,416
14945,11582,1566,5656,1099,10016,805,389,416
14950,11587,1566,5658,1099,10021,805,389,416
14955,11591,1566,5659,1099,10025,805,389,416
14960,11594,1566,5661,1099,10028,805,389,416
14965,11595,1566,5661,1099,10029,805,389,416
14970,11600,1567,5663,1100,10033,805,389,416
14975,11602,1567,5665,1100,10035,806,390,416
14980,11610,1567,5668,1100,10043,806,390,416
14985,11613,1567,5670,1100,10046,806,390,416
14990,11618,1567,5673,1100,10051,806,390,416
14995,11622,1567,5675,1100,10055,806,390,416
15000,11625,1567,5675,1100,10058,806,390,416
15005,11626,1567,5676,1100,10059,806,390,416
15010,11631,1568,5678,1100,10063,806,390,416
15015,11633,1568,5679,1100,10065,807,390,417
15020,11641,1568,5683,1100,10073,807,390,417
15025,11644,1568,5684,1100,10076,807,390,417
15030,11649,1568,5687,1100,10081,807,390,417
15035,11653,1568,5689,1100,10085,807,390,417
15040,11656,1568,5691,1100,10088,807,390,417
15045,11657,1568,5691,1100,10089,807,390,417
15050,11662,1569,5691,1100,10093,807,390,417
15055,11664,1569,5692,1100,10095,808,390,418
15060,11672,1572,5697,1103,10100,809,390,419
15065,11675,1572,5698,1103,10103,809,390,419
15070,11680,1573,5700,1104,10107,810,390,420
15075,11684,1573,5703,1104,10111,810,390,420
15080,11687,1573,5704,1104,10114,810,390,420
15085,11688,1573,5704,1104,10115,810,390,420
15090,11693,1573,5705,1104,10120,810,390,420
15095,11695,1573,5705,1104,10122,811,390,421
15100,11703,1574,5707,1104,10129,811,390,421
15105,11706,1574,5709,1104,10132,811,390,421
15110,11711,1575,5713,1104,10136,812,391,421
15115,11715,1575,5717,1104,10140,812,391,421
15120,11718,1575,5718,1104,10143,812,391,421
15125,11719,1575,5719,1104,10144,812,391,421
15130,11724,1575,5720,1104,10149,812,391,421
15135,11726,1575,5720,1104,10151,813,391,422
15140,11734,1576,5725,1105,10158,813,391,422
15145,11737,1577,5728,1106,10160,813,391,422
15150,11742,1578,5731,1106,10164,814,392,422
15155,11746,1578,5733,1106,10168,814,392,422
15160,11749,1578,5735,1106,10171,814,392,422
15165,11750,1578,5736,1106,10172,814,392,422
15170,11755,1579,5739,1107,10176,814,392,422
15175,11757,1579,5740,1107,10178,815,393,422
15180,11765,1582,5744,1110,10183,816,393,423
15185,11768,1582,5745,1110,10186,816,393,423
15190,11773,1583,5747,1111,10190,817,394,423
15195,11777,1583,5749,1111,10194,817,394,423
15200,11780,1583,5750,1111,10197,817,394,423
15205,11781,1583,5750,1111,10198,817,394,423
15210,11786,1583,5753,1111,10203,817,394,423
15215,11788,1583,5753,1111,10205,818,394,424
15220,11796,1584,5756,1112,10212,818,394,424
15225,11799,1585,5758,1113,10214,818,394,424
15230,11804,1586,5759,1113,10218,819,394,425
15235,11808,1586,5759,1113,10222,819,394,425
15240,11811,1586,5760,1113,10225,819,394,425
15245,11812,1586,5760,1113,10226,819,394,425
15250,11817,1586,5762,1113,10231,819,394,425
15255,11819,1586,5764,1113,10233,820,395,425
15260,11827,1587,5768,1114,10240,820,395,425
15265,11830,1588,5771,1115,10242,820,395,425
15270,11835,1589,5775,1116,10246,821,395,426
15275,11839,1589,5775,1116,10250,821,395,426
15280,11842,1589,5777,1116,10253,821,395,426
15285,11843,1589,5777,1116,10254,821,395,426
15290,11848,1590,5779,1116,10258,821,395,426
15295,11850,1590,5780,1116,10260,822,395,427
15300,11858,1592,5783,1117,10265,823,395,428
15305,11861,1593,5786,1118,10268,823,395,428
15310,11866,1594,5790,1119,10272,823,395,428
15315,11870,1594,5793,1119,10275,823,395,428
15320,11873,1595,5793,1120,10278,823,395,428
15325,11874,1595,5793,1120,10279,823,395,428
15330,11879,1596,5797,1120,10283,823,395,428
15335,11881,1596,5798,1120,10285,824,396,428
15340,11889,1596,5803,1120,10293,824,396,428
15345,11892,1596,5805,1120,10296,824,396,428
15350,11897,1597,5808,1121,10300,824,396,428
15355,11901,1597,5811,1121,10303,824,396,428
15360,11904,1598,5813,1122,10306,824,396,428
15365,11905,1598,5813,1122,10307,824,396,428
15370,11910,1599,5815,1122,10311,824,396,428
15375,11912,1599,5816,1122,10313,825,396,429
15380,11920,1600,5823,1123,10320,825,396,429
15385,11923,1600,5825,1123,10323,825,396,429
15390,11928,1601,5827,1123,10327,825,396,429
15395,11932,1601,5829,1123,10330,825,396,429
15400,11935,1602,5830,1124,10333,825,396,429
15405,11936,1602,5831,1124,10334,825,396,429
15410,11941,1603,5832,1125,10338,825,396,429
15415,11943,1603,5832,1125,10340,826,396,430
15420,11951,1606,5837,1128,10345,827,396,431
15425,11954,1606,5838,1128,10348,827,396,431
15430,11959,1607,5841,1129,10352,828,396,432
15435,11963,1607,5843,1129,10356,828,396,432
15440,11966,1608,5845,1130,10358,828,396,432
15445,11967,1609,5846,1131,10358,828,396,432
15450,11972,1610,5846,1131,10362,828,396,432
15455,11974,1610,5847,1131,10364,829,396,433
15460,11982,1610,5851,1131,10372,829,396,433
15465,11985,1610,5853,1131,10375,829,396,433
15470,11990,1611,5856,1132,10379,830,396,434
15475,11994,1611,5857,1132,10383,830,396,434
15480,11997,1611,5857,1132,10386,830,396,434
15485,11998,1611,5857,1132,10387,830,396,434
15490,12003,1612,5860,1133,10391,830,396,434
15495,12005,1612,5862,1133,10393,831,397,434
15500,12013,1612,5866,1133,10401,831,397,434
15505,12016,1612,5868,1133,10404,831,397,434
15510,12021,1613,5870,1134,10408,832,397,435
15515,12025,1613,5873,1134,10412,832,397,435
15520,12028,1613,5875,1134,10415,832,397,435
15525,12029,1614,5876,1135,10415,832,397,435
15530,12034,1615,5878,1135,10419,832,397,435
15535,12036,1615,5879,1135,10421,833,398,435
15540,12044,1616,5883,1136,10428,834,399,435
15545,12047,1617,5885,1137,10430,834,399,435
15550,12052,1618,5885,1137,10434,835,399,436
15555,12056,1618,5887,1137,10438,835,399,436
15560,12059,1618,5890,1137,10441,835,399,436
15565,12060,1618,5891,1137,10442,835,399,436
15570,12065,1619,5894,1138,10446,835,399,436
15575,12067,1619,5895,1138,10448,836,400,436
15580,12075,1620,5899,1138,10454,836,400,436
15585,12078,1621,5901,1139,10457,836,400,436
15590,12083,1622,5904,1140,10461,837,401,436
15595,12087,1622,5905,1140,10465,837,401,436
15600,12090,1622,5908,1140,10468,837,401,436
15605,12091,1622,5909,1140,10469,837,401,436
15610,12096,1623,5914,1141,10473,837,401,436
15615,12098,1623,5914,1141,10475,838,401,437
15620,12106,1624,5917,1141,10482,838,401,437
15625,12109,1625,5918,1142,10484,838,401,437
15630,12114,1626,5919,1142,10488,839,401,438
15635,12118,1626,5921,1142,10492,839,401,438
15640,12121,1626,5924,1142,10495,839,401,438
15645,12122,1626,5925,1142,10496,839,401,438
15650,12127,1627,5929,1143,10500,839,401,438
15655,12129,1627,5930,1143,10502,840,401,439
15660,12137,1629,5936,1144,10507,841,402,439
15665,12140,1630,5937,1145,10510,841,402,439
15670,12145,1631,5939,1146,10514,842,402,440
15675,12149,1631,5939,1146,10518,842,402,440
15680,12152,1631,5941,1146,10521,842,402,440
15685,12153,1631,5941,1146,10522,842,402,440
15690,12158,1632,5944,1147,10526,842,402,440
15695,12160,1632,5944,1147,10528,843,402,441
15700,12168,1634,5949,1149,10534,844,402,442
15705,12171,1634,5951,1149,10537,844,402,442
15710,12176,1635,5953,1150,10541,845,402,443
15715,12180,1635,5955,1150,10545,845,402,443
15720,12183,1635,5956,1150,10548,845,402,443
15725,12184,1635,5957,1150,10549,845,402,443
15730,12189,1635,5959,1150,10554,845,402,443
15735,12191,1635,5959,1150,10556,846,402,444
15740,12199,1636,5960,1151,10563,846,402,444
15745,12202,1636,5961,1151,10566,846,402,444
15750,12207,1637,5966,1152,10570,846,402,444
15755,12211,1637,5966,1152,10574,846,402,444
15760,12214,1637,5967,1152,10577,846,402,444
15765,12215,1637,5968,1152,10578,846,402,444
15770,12220,1637,5972,1152,10583,846,402,444
15775,12222,1637,5973,1152,10585,847,402,445
15780,12230,1638,5978,1153,10592,847,402,445
15785,12233,1638,5978,1153,10595,847,402,445
15790,12238,1638,5981,1153,10600,847,402,445
15795,12242,1638,5984,1153,10604,847,402,445
15800,12245,1638,5986,1153,10607,847,402,445
15805,12246,1638,5987,1153,10608,847,402,445
15810,12251,1638,5987,1153,10613,847,402,445
15815,12253,1638,5989,1153,10615,848,403,445
15820,12261,1638,5992,1153,10623,848,403,445
15825,12264,1638,5992,1153,10626,848,403,445
15830,12269,1638,5992,1153,10631,849,403,446
15835,12273,1638,5993,1153,10635,849,403,446
15840,12276,1638,5995,1153,10638,849,403,446
15845,12277,1638,5995,1153,10639,849,403,446
15850,12282,1639,5996,1153,10643,849,403,446
15855,12284,1639,5996,1153,10645,850,403,447
15860,12292,1641,6001,1155,10651,851,404,447
15865,12295,1641,6002,1155,10654,851,404,447
15870,12300,1641,6003,1155,10659,852,404,448
15875,12304,1641,6004,1155,10663,852,404,448
15880,12307,1641,6005,1155,10666,852,404,448
15885,12308,1641,6005,1155,10667,852,404,448
15890,12313,1642,6006,1155,10671,852,404,448
15895,12315,1642,6006,1155,10673,853,404,449
15900,12323,1644,6010,1157,10679,854,405,449
15905,12326,1645,6012,1158,10681,854,405,449
15910,12331,1646,6015,1158,10685,855,405,450
15915,12335,1646,6016,1158,10689,855,405,450
15920,12338,1647,6018,1159,10691,855,405,450
15925,12339,1647,6018,1159,10692,855,405,450
15930,12344,1647,6020,1159,10697,855,405,450
15935,12346,1647,6022,1159,10699,856,406,450
15940,12354,1648,6024,1159,10706,856,406,450
15945,12357,1648,6024,1159,10709,856,406,450
15950,12362,1649,6025,1160,10713,857,406,451
15955,12366,1649,6026,1160,10717,857,406,451
15960,12369,1650,6028,1161,10719,857,406,451
15965,12370,1650,6028,1161,10720,857,406,451
15970,12375,1650,6031,1161,10725,857,406,451
15975,12377,1650,6031,1161,10727,858,406,452
15980,12385,1651,6032,1161,10734,858,406,452
15985,12388,1651,6032,1161,10737,858,406,452
15990,12393,1652,6033,1162,10741,859,406,453
15995,12397,1652,6036,1162,10745,859,406,453
16000,12400,1652,6036,1162,10748,859,406,453
16005,12401,1652,6036,1162,10749,859,406,453
16010,12406,1653,6038,1162,10753,859,406,453
16015,12408,1653,6040,1162,10755,860,407,453
16020,12416,1655,6042,1163,10761,861,407,454
16025,12419,1656,6044,1164,10763,861,407,454
16030,12424,1657,6045,1164,10767,862,407,455
16035,12428,1657,6046,1164,10771,862,407,455
16040,12431,1657,6048,1164,10774,862,407,455
16045,12432,1657,6048,1164,10775,862,407,455
16050,12437,1658,6050,1165,10779,862,407,455
16055,12439,1658,6051,1165,10781,863,408,455
16060,12447,1659,6054,1165,10788,863,408,455
16065,12450,1659,6055,1165,10791,863,408,455
16070,12455,1660,6060,1166,10795,864,409,455
16075,12459,1660,6063,1166,10799,864,409,455
16080,12462,1660,6065,1166,10802,864,409,455
16085,12463,1660,6065,1166,10803,864,409,455
16090,12468,1661,6065,1166,10807,864,409,455
16095,12470,1661,6065,1166,10809,865,409,456
16100,12478,1662,6066,1166,10816,865,409,456
16105,12481,1663,6068,1167,10818,865,409,456
16110,12486,1664,6072,1168,10822,866,410,456
16115,12490,1664,6074,1168,10826,866,410,456
16120,12493,1664,6076,1168,10829,866,410,456
16125,12494,1664,6076,1168,10830,866,410,456
16130,12499,1665,6078,1168,10834,866,410,456
16135,12501,1665,6080,1168,10836,867,411,456
16140,12509,1668,6083,1170,10841,868,411,457
16145,12512,1668,6084,1170,10844,868,411,457
16150,12517,1669,6084,1170,10848,869,411,458
16155,12521,1669,6085,1170,10851,869,411,458
16160,12524,1671,6088,1172,10853,869,411,458
16165,12525,1671,6088,1172,10854,869,411,458
16170,12530,1671,6091,1172,10859,869,411,458
16175,12532,1671,6092,1172,10861,870,412,458
16180,12540,1673,6096,1173,10867,870,412,458
16185,12543,1673,6097,1173,10870,870,412,458
16190,12548,1674,6101,1174,10874,871,412,459
16195,12552,1674,6102,1174,10877,871,412,459
16200,12555,1675,6102,1175,10880,871,412,459
16205,12556,1675,6102,1175,10881,871,412,459
16210,12561,1675,6104,1175,10886,871,412,459
16215,12563,1675,6106,1175,10888,872,413,459
16220,12571,1677,6109,1176,10894,872,413,459
16225,12574,1677,6110,1176,10897,872,413,459
16230,12579,1678,6113,1177,10901,873,413,460
16235,12583,1678,6116,1177,10904,873,413,460
16240,12586,1679,6117,1178,10907,873,413,460
16245,12587,1679,6118,1178,10908,873,413,460
16250,12592,1680,6119,1178,10912,873,413,460
16255,12594,1680,6120,1178,10914,874,413,461
16260,12602,1681,6125,1179,10920,875,414,461
16265,12605,1682,6127,1180,10923,875,414,461
16270,12610,1682,6130,1180,10928,875,414,461
16275,12614,1682,6132,1180,10932,875,414,461
16280,12617,1682,6134,1180,10935,875,414,461
16285,12618,1682,6134,1180,10936,875,414,461
16290,12623,1683,6136,1180,10940,875,414,461
16295,12625,1683,6138,1180,10942,876,415,461
16300,12633,1683,6143,1180,10950,876,415,461
16305,12636,1683,6144,1180,10953,876,415,461
16310,12641,1683,6147,1180,10958,876,415,461
16315,12645,1683,6148,1180,10962,876,415,461
16320,12648,1683,6149,1180,10965,876,415,461
16325,12649,1683,6149,1180,10966,876,415,461
16330,12654,1684,6152,1181,10970,876,415,461
16335,12656,1684,6152,1181,10972,877,415,462
16340,12664,1685,6155,1182,10979,878,415,463
16345,12667,1686,6158,1183,10981,878,415,463
16350,12672,1687,6159,1183,10985,878,415,463
16355,12676,1687,6162,1183,10989,878,415,463
16360,12679,1687,6163,1183,10992,878,415,463
16365,12680,1687,6164,1183,10993,878,415,463
16370,12685,1688,6167,1184,10997,878,415,463
16375,12687,1688,6168,1184,10999,879,416,463
16380,12695,1689,6171,1184,11006,880,417,463
16385,12698,1690,6174,1185,11008,880,417,463
16390,12703,1691,6175,1185,11012,881,417,464
16395,12707,1691,6175,1185,11016,881,417,464
16400,12710,1692,6177,1186,11018,881,417,464
16405,12711,1692,6177,1186,11019,881,417,464
16410,12716,1693,6179,1187,11023,881,417,464
16415,12718,1693,6179,1187,11025,882,417,465
16420,12726,1694,6181,1187,11032,882,417,465
16425,12729,1695,6183,1188,11034,882,417,465
16430,12734,1696,6186,1189,11038,883,418,465
16435,12738,1696,6188,1189,11041,883,418,465
16440,12741,1697,6188,1190,11044,883,418,465
16445,12742,1698,6189,1191,11044,883,418,465
16450,12747,1699,6189,1191,11048,883,418,465
16455,12749,1699,6189,1191,11050,884,418,466
16460,12757,1699,6190,1191,11057,884,418,466
16465,12760,1700,6192,1192,11060,884,418,466
16470,12765,1700,6195,1192,11065,885,418,467
16475,12769,1700,6197,1192,11069,885,418,467
16480,12772,1700,6198,1192,11072,885,418,467
16485,12773,1701,6199,1193,11072,885,418,467
16490,12778,1702,6200,1193,11076,885,418,467
16495,12780,1702,6201,1193,11078,886,418,468
16500,12788,1702,6206,1193,11086,886,418,468
16505,12791,1702,6207,1193,11089,886,418,468
16510,12796,1702,6210,1193,11094,887,419,468
16515,12800,1702,6213,1193,11097,887,419,468
16520,12803,1703,6214,1194,11100,887,419,468
16525,12804,1703,6214,1194,11101,887,419,468
16530,12809,1704,6216,1195,11105,887,419,468
16535,12811,1704,6217,1195,11107,888,419,469
16540,12819,1704,6220,1195,11115,888,419,469
16545,12822,1704,6222,1195,11118,888,419,469
16550,12827,1706,6226,1197,11121,889,420,469
16555,12831,1706,6228,1197,11124,889,420,469
16560,12834,1708,6230,1199,11126,889,420,469
16565,12835,1708,6230,1199,11127,889,420,469
16570,12840,1708,6232,1199,11132,889,420,469
16575,12842,1708,6234,1199,11134,890,421,469
16580,12850,1710,6239,1200,11140,891,421,470
16585,12853,1711,6241,1201,11142,891,421,470
16590,12858,1712,6243,1202,11146,892,422,470
16595,12862,1712,6244,1202,11150,892,422,470
16600,12865,1712,6247,1202,11153,892,422,470
16605,12866,1712,6247,1202,11154,892,422,470
16610,12871,1712,6251,1202,11159,892,422,470
16615,12873,1712,6252,1202,11161,893,422,471
16620,12881,1714,6256,1204,11167,894,422,472
16625,12884,1715,6258,1205,11169,894,422,472
16630,12889,1716,6260,1205,11173,895,423,472
16635,12893,1716,6262,1205,11177,895,423,472
16640,12896,1716,6263,1205,11180,895,423,472
16645,12897,1716,6264,1205,11181,895,423,472
16650,12902,1716,6266,1205,11186,895,423,472
16655,12904,1716,6267,1205,11188,896,424,472
16660,12912,1718,6271,1206,11194,897,424,473
16665,12915,1719,6272,1207,11196,897,424,473
16670,12920,1720,6273,1207,11200,898,425,473
16675,12924,1720,6275,1207,11203,898,425,473
16680,12927,1721,6275,1208,11206,898,425,473
16685,12928,1721,6275,1208,11207,898,425,473
16690,12933,1722,6278,1209,11211,898,425,473
16695,12935,1722,6280,1209,11213,899,426,473
16700,12943,1723,6283,1209,11220,899,426,473
16705,12946,1724,6285,1210,11222,899,426,473
16710,12951,1725,6287,1210,11226,900,426,474
16715,12955,1725,6290,1210,11230,900,426,474
16720,12958,1725,6292,1210,11233,900,426,474
16725,12959,1725,6292,1210,11234,900,426,474
16730,12964,1726,6294,1210,11238,900,426,474
16735,12966,1726,6296,1210,11240,901,427,474
16740,12974,1727,6301,1210,11247,901,427,474
16745,12977,1728,6303,1211,11249,901,427,474
16750,12982,1729,6307,1212,11253,902,428,474
16755,12986,1729,6310,1212,11257,902,428,474
16760,12989,1729,6311,1212,11260,902,428,474
16765,12990,1729,6312,1212,11261,902,428,474
16770,12995,1730,6315,1213,11265,902,428,474
16775,12997,1730,6317,1213,11267,903,429,474
16780,13005,1730,6321,1213,11275,903,429,474
16785,13008,1730,6323,1213,11278,903,429,474
16790,13013,1731,6325,1213,11282,904,429,475
16795,13017,1731,6328,1213,11285,904,429,475
16800,13020,1732,6328,1214,11288,904,429,475
16805,13021,1732,6329,1214,11289,904,429,475
16810,13026,1732,6332,1214,11294,904,429,475
16815,13028,1732,6334,1214,11296,905,430,475
16820,13036,1732,6339,1214,11304,905,430,475
16825,13039,1732,6341,1214,11307,905,430,475
16830,13044,1733,6344,1215,11311,906,431,475
16835,13048,1733,6346,1215,11315,906,431,475
16840,13051,1733,6348,1215,11318,906,431,475
16845,13052,1733,6349,1215,11319,906,431,475
16850,13057,1733,6352,1215,11324,906,431,475
16855,13059,1733,6353,1215,11326,907,432,475
16860,13067,1733,6358,1215,11334,907,432,475
16865,13070,1733,6358,1215,11337,907,432,475
16870,13075,1734,6361,1215,11341,908,433,475
16875,13079,1734,6363,1215,11345,908,433,475
16880,13082,1734,6364,1215,11348,908,433,475
16885,13083,1734,6364,1215,11349,908,433,475
16890,13088,1734,6366,1215,11354,908,433,475
16895,13090,1734,6367,1215,11356,909,433,476
16900,13098,1734,6368,1215,11364,909,433,476
16905,13101,1734,6368,1215,11367,909,433,476
16910,13106,1737,6371,1217,11369,910,434,476
16915,13110,1737,6373,1217,11372,910,434,476
16920,13113,1738,6373,1218,11375,910,434,476
16925,13114,1738,6373,1218,11376,910,434,476
16930,13119,1739,6376,1218,11380,910,434,476
16935,13121,1739,6377,1218,11382,911,435,476
16940,13129,1740,6382,1219,11389,911,435,476
16945,13132,1741,6384,1220,11391,911,435,476
16950,13137,1742,6386,1221,11395,912,435,477
16955,13141,1742,6387,1221,11399,912,435,477
16960,13144,1742,6387,1221,11402,912,435,477
16965,13145,1742,6387,1221,11403,912,435,477
16970,13150,1743,6389,1222,11407,912,435,477
16975,13152,1743,6390,1222,11409,913,436,477
16980,13160,1744,6394,1223,11416,913,436,477
16985,13163,1745,6395,1224,11418,913,436,477
16990,13168,1746,6398,1225,11422,913,436,477
16995,13172,1746,6399,1225,11426,913,436,477
17000,13175,1747,6402,1226,11428,913,436,477
17005,13176,1747,6402,1226,11429,913,436,477
17010,13181,1748,6405,1226,11433,913,436,477
17015,13183,1748,6407,1226,11435,914,437,477
17020,13191,1749,6410,1227,11442,914,437,477
17025,13194,1750,6413,1228,11444,914,437,477
17030,13199,1751,6414,1229,11448,914,437,477
17035,13203,1751,6416,1229,11452,914,437,477
17040,13206,1751,6417,1229,11455,914,437,477
17045,13207,1751,6417,1229,11456,914,437,477
17050,13212,1752,6420,1230,11460,914,437,477
17055,13214,1752,6421,1230,11462,915,438,477
17060,13222,1752,6423,1230,11470,915,438,477
17065,13225,1752,6424,1230,11473,915,438,477
17070,13230,1753,6427,1231,11477,915,438,477
17075,13234,1753,6430,1231,11480,915,438,477
17080,13237,1754,6432,1232,11483,915,438,477
17085,13238,1754,6432,1232,11484,915,438,477
17090,13243,1755,6433,1232,11488,915,438,477
17095,13245,1755,6434,1232,11490,916,439,477
17100,13253,1755,6440,1232,11498,916,439,477
17105,13256,1755,6442,1232,11501,916,439,477
17110,13261,1756,6443,1233,11505,917,439,478
17115,13265,1756,6445,1233,11509,917,439,478
17120,13268,1756,6445,1233,11512,917,439,478
17125,13269,1756,6445,1233,11513,917,439,478
17130,13274,1757,6446,1233,11517,917,439,478
17135,13276,1757,6446,1233,11519,918,439,479
17140,13284,1757,6449,1233,11527,918,439,479
17145,13287,1757,6451,1233,11530,918,439,479
17150,13292,1758,6453,1233,11534,919,440,479
17155,13296,1758,6455,1233,11538,919,440,479
17160,13299,1758,6457,1233,11541,919,440,479
17165,13300,1758,6458,1233,11542,919,440,479
17170,13305,1758,6462,1233,11547,919,440,479
17175,13307,1758,6463,1233,11549,920,440,480
17180,13315,1759,6465,1234,11556,920,440,480
17185,13318,1760,6466,1235,11558,920,440,480
17190,13323,1761,6468,1235,11562,921,441,480
17195,13327,1761,6472,1235,11566,921,441,480
17200,13330,1762,6474,1236,11568,921,441,480
17205,13331,1762,6475,1236,11569,921,441,480
17210,13336,1762,6479,1236,11574,921,441,480
17215,13338,1762,6480,1236,11576,922,441,481
17220,13346,1763,6486,1237,11583,922,441,481
17225,13349,1764,6488,1238,11585,922,441,481
17230,13354,1765,6490,1239,11589,923,442,481
17235,13358,1765,6490,1239,11593,923,442,481
17240,13361,1766,6491,1240,11595,923,442,481
17245,13362,1766,6492,1240,11596,923,442,481
17250,13367,1766,6495,1240,11601,923,442,481
17255,13369,1766,6496,1240,11603,924,442,482
17260,13377,1767,6501,1241,11610,924,442,482
17265,13380,1767,6502,1241,11613,924,442,482
17270,13385,1768,6503,1241,11617,925,442,483
17275,13389,1768,6504,1241,11621,925,442,483
17280,13392,1770,6507,1243,11622,925,442,483
17285,13393,1770,6507,1243,11623,925,442,483
17290,13398,1771,6511,1244,11627,925,442,483
17295,13400,1771,6513,1244,11629,926,443,483
17300,13408,1772,6517,1244,11636,926,443,483
17305,13411,1772,6519,1244,11639,926,443,483
17310,13416,1773,6523,1245,11643,927,443,484
17315,13420,1773,6526,1245,11647,927,443,484
17320,13423,1773,6528,1245,11650,927,443,484
17325,13424,1773,6529,1245,11651,927,443,484
17330,13429,1774,6530,1245,11655,927,443,484
17335,13431,1774,6531,1245,11657,928,444,484
17340,13439,1775,6536,1245,11664,928,444,484
17345,13442,1776,6538,1246,11666,928,444,484
17350,13447,1777,6538,1246,11670,929,444,485
17355,13451,1777,6541,1246,11674,929,444,485
17360,13454,1777,6541,1246,11677,929,444,485
17365,13455,1777,6541,1246,11678,929,444,485
17370,13460,1778,6544,1246,11682,929,444,485
17375,13462,1778,6545,1246,11684,930,445,485
17380,13470,1779,6550,1247,11691,930,445,485
17385,13473,1780,6553,1248,11693,930,445,485
17390,13478,1781,6555,1249,11697,931,445,486
17395,13482,1781,6556,1249,11701,931,445,486
17400,13485,1781,6556,1249,11704,931,445,486
17405,13486,1781,6556,1249,11705,931,445,486
17410,13491,1782,6558,1249,11709,931,445,486
17415,13493,1782,6560,1249,11711,932,446,486
17420,13501,1782,6563,1249,11719,932,446,486
17425,13504,1782,6566,1249,11722,932,446,486
17430,13509,1783,6568,1249,11726,933,447,486
17435,13513,1783,6570,1249,11730,933,447,486
17440,13516,1783,6572,1249,11733,933,447,486
17445,13517,1784,6573,1250,11733,933,447,486
17450,13522,1785,6575,1250,11737,933,447,486
17455,13524,1785,6577,1250,11739,934,448,486
17460,13532,1786,6582,1251,11746,934,448,486
17465,13535,1786,6585,1251,11749,934,448,486
17470,13540,1787,6589,1251,11753,935,449,486
17475,13544,1787,6590,1251,11757,935,449,486
17480,13547,1787,6590,1251,11760,935,449,486
17485,13548,1788,6591,1252,11760,935,449,486
17490,13553,1789,6592,1253,11764,935,449,486
17495,13555,1789,6594,1253,11766,936,450,486
17500,13563,1789,6598,1253,11774,936,450,486
17505,13566,1789,6600,1253,11777,936,450,486
17510,13571,1791,6603,1254,11780,937,451,486
17515,13575,1791,6605,1254,11784,937,451,486
17520,13578,1792,6607,1255,11786,937,451,486
17525,13579,1792,6608,1255,11787,937,451,486
17530,13584,1792,6612,1255,11792,937,451,486
17535,13586,1792,6613,1255,11794,938,452,486
17540,13594,1793,6616,1256,11801,938,452,486
17545,13597,1793,6618,1256,11804,938,452,486
17550,13602,1794,6621,1256,11808,938,452,486
17555,13606,1794,6622,1256,11812,938,452,486
17560,13609,1794,6623,1256,11815,938,452,486
17565,13610,1794,6623,1256,11816,938,452,486
17570,13615,1794,6624,1256,11821,938,452,486
17575,13617,1794,6626,1256,11823,939,453,486
17580,13625,1795,6628,1256,11830,939,453,486
17585,13628,1795,6631,1256,11833,939,453,486
17590,13633,1796,6634,1256,11837,939,453,486
17595,13637,1796,6634,1256,11841,939,453,486
17600,13640,1796,6635,1256,11844,939,453,486
17605,13641,1796,6635,1256,11845,939,453,486
17610,13646,1796,6638,1256,11850,939,453,486
17615,13648,1796,6639,1256,11852,940,454,486
17620,13656,1797,6642,1256,11858,940,454,486
17625,13659,1798,6643,1257,11861,940,454,486
17630,13664,1801,6647,1259,11863,941,455,486
17635,13668,1801,6647,1259,11867,941,455,486
17640,13671,1803,6649,1261,11868,941,455,486
17645,13672,1804,6650,1262,11868,941,455,486
17650,13677,1805,6652,1262,11872,941,455,486
17655,13679,1805,6653,1262,11874,942,455,487
17660,13687,1807,6658,1263,11880,943,456,487
17665,13690,1807,6659,1263,11883,943,456,487
17670,13695,1808,6661,1263,11887,944,456,488
17675,13699,1808,6664,1263,11891,944,456,488
17680,13702,1808,6664,1263,11894,944,456,488
17685,13703,1809,6665,1264,11894,944,456,488
17690,13708,1810,6667,1265,11898,944,456,488
17695,13710,1810,6667,1265,11900,945,456,489
17700,13718,1811,6669,1266,11907,946,456,490
17705,13721,1811,6671,1266,11910,946,456,490
17710,13726,1812,6673,1266,11914,947,457,490
17715,13730,1812,6673,1266,11918,947,457,490
17720,13733,1812,6674,1266,11921,947,457,490
17725,13734,1812,6674,1266,11922,947,457,490
17730,13739,1813,6677,1267,11926,947,457,490
17735,13741,1813,6677,1267,11928,948,457,491
17740,13749,1815,6683,1268,11934,948,457,491
17745,13752,1815,6683,1268,11937,948,457,491
17750,13757,1816,6684,1268,11941,949,457,492
17755,13761,1816,6685,1268,11944,949,457,492
17760,13764,1818,6687,1270,11946,949,457,492
17765,13765,1818,6687,1270,11947,949,457,492
17770,13770,1819,6688,1270,11951,949,457,492
17775,13772,1819,6688,1270,11953,950,457,493
17780,13780,1820,6693,1270,11959,950,457,493
17785,13783,1822,6695,1272,11961,950,457,493
17790,13788,1823,6698,1273,11965,951,458,493
17795,13792,1823,6700,1273,11969,951,458,493
17800,13795,1823,6701,1273,11972,951,458,493
17805,13796,1823,6701,1273,11973,951,458,493
17810,13801,1824,6705,1274,11977,951,458,493
17815,13803,1824,6707,1274,11979,952,459,493
17820,13811,1825,6710,1275,11986,952,459,493
17825,13814,1826,6713,1276,11988,952,459,493
17830,13819,1827,6715,1277,11992,953,459,494
17835,13823,1827,6718,1277,11996,953,459,494
17840,13826,1827,6719,1277,11999,953,459,494
17845,13827,1828,6720,1278,11999,953,459,494
17850,13832,1829,6721,1279,12003,953,459,494
17855,13834,1829,6722,1279,12005,954,460,494
17860,13842,1830,6727,1280,12011,954,460,494
17865,13845,1831,6728,1281,12014,954,460,494
17870,13850,1832,6729,1281,12018,955,461,494
17875,13854,1832,6730,1281,12022,955,461,494
17880,13857,1833,6732,1282,12024,955,461,494
17885,13858,1833,6732,1282,12025,955,461,494
17890,13863,1834,6733,1282,12029,955,461,494
17895,13865,1834,6734,1282,12031,956,462,494
17900,13873,1834,6736,1282,12039,956,462,494
17905,13876,1834,6737,1282,12042,956,462,494
17910,13881,1834,6739,1282,12047,957,463,494
17915,13885,1834,6741,1282,12051,957,463,494
17920,13888,1834,6741,1282,12054,957,463,494
17925,13889,1834,6741,1282,12055,957,463,494
17930,13894,1835,6743,1282,12059,957,463,494
17935,13896,1835,6744,1282,12061,958,463,495
17940,13904,1835,6746,1282,12069,958,463,495
17945,13907,1835,6747,1282,12072,958,463,495
17950,13912,1835,6751,1282,12077,958,463,495
17955,13916,1835,6753,1282,12081,958,463,495
17960,13919,1835,6753,1282,12084,958,463,495
17965,13920,1835,6754,1282,12085,958,463,495
17970,13925,1836,6754,1282,12089,958,463,495
17975,13927,1836,6755,1282,12091,959,463,496
17980,13935,1836,6758,1282,12099,959,463,496
17985,13938,1836,6759,1282,12102,959,463,496
17990,13943,1837,6762,1283,12106,959,463,496
17995,13947,1837,6765,1283,12109,959,463,496
18000,13950,1838,6766,1284,12112,959,463,496
18005,13951,1839,6767,1285,12112,959,463,496
18010,13956,1840,6769,1285,12116,959,463,496
18015,13958,1840,6770,1285,12118,960,463,497
18020,13966,1841,6772,1285,12125,960,463,497
18025,13969,1842,6773,1286,12127,960,463,497
18030,13974,1843,6774,1286,12131,960,463,497
18035,13978,1843,6777,1286,12135,960,463,497
18040,13981,1843,6778,1286,12138,960,463,497
18045,13982,1843,6778,1286,12139,960,463,497
18050,13987,1844,6782,1286,12143,960,463,497
18055,13989,1844,6783,1286,12145,961,464,497
18060,13997,1845,6787,1287,12152,961,464,497
18065,14000,1845,6787,1287,12155,961,464,497
18070,14005,1846,6789,1287,12159,961,464,497
18075,14009,1846,6790,1287,12163,961,464,497
18080,14012,1846,6791,1287,12166,961,464,497
18085,14013,1846,6791,1287,12167,961,464,497
18090,14018,1847,6795,1288,12171,961,464,497
18095,14020,1847,6796,1288,12173,962,465,497
18100,14028,1848,6799,1289,12180,962,465,497
18105,14031,1848,6799,1289,12183,962,465,497
18110,14036,1849,6801,1290,12187,963,465,498
18115,14040,1849,6802,1290,12190,963,465,498
18120,14043,1850,6802,1291,12193,963,465,498
18125,14044,1850,6802,1291,12194,963,465,498
18130,14049,1850,6805,1291,12199,963,465,498
18135,14051,1850,6806,1291,12201,964,466,498
18140,14059,1851,6810,1292,12207,964,466,498
18145,14062,1852,6812,1293,12210,964,466,498
18150,14067,1853,6815,1294,12214,965,467,498
18155,14071,1853,6818,1294,12217,965,467,498
18160,14074,1855,6820,1296,12219,965,467,498
18165,14075,1855,6820,1296,12220,965,467,498
18170,14080,1855,6822,1296,12225,965,467,498
18175,14082,1855,6823,1296,12227,966,468,498
18180,14090,1856,6829,1296,12233,966,468,498
18185,14093,1857,6832,1297,12236,966,468,498
18190,14098,1858,6834,1297,12240,967,469,498
18195,14102,1858,6834,1297,12244,967,469,498
18200,14105,1858,6837,1297,12247,967,469,498
18205,14106,1858,6838,1297,12248,967,469,498
18210,14111,1858,6838,1297,12253,967,469,498
18215,14113,1858,6838,1297,12255,968,469,499
18220,14121,1859,6843,1297,12262,968,469,499
18225,14124,1859,6843,1297,12265,968,469,499
18230,14129,1860,6845,1298,12269,969,469,500
18235,14133,1861,6847,1299,12272,969,469,500
18240,14136,1861,6849,1299,12275,969,469,500
18245,14137,1862,6850,1300,12275,969,469,500
18250,14142,1863,6853,1301,12279,969,469,500
18255,14144,1863,6853,1301,12281,970,469,501
18260,14152,1865,6856,1303,12287,971,469,502
18265,14155,1865,6856,1303,12290,971,469,502
18270,14160,1865,6858,1303,12295,972,469,503
18275,14164,1865,6860,1303,12298,972,469,503
18280,14167,1866,6863,1304,12301,972,469,503
18285,14168,1866,6863,1304,12302,972,469,503
18290,14173,1867,6864,1304,12306,972,469,503
18295,14175,1867,6864,1304,12308,973,469,504
18300,14183,1869,6868,1306,12314,974,470,504
18305,14186,1869,6868,1306,12317,974,470,504
18310,14191,1869,6870,1306,12322,975,470,505
18315,14195,1869,6872,1306,12326,975,470,505
18320,14198,1869,6873,1306,12329,975,470,505
18325,14199,1869,6873,1306,12330,975,470,505
18330,14204,1869,6874,1306,12335,975,470,505
18335,14206,1869,6876,1306,12337,976,471,505
18340,14214,1870,6878,1307,12344,976,471,505
18345,14217,1871,6880,1308,12346,976,471,505
18350,14222,1872,6883,1309,12350,977,472,505
18355,14226,1872,6886,1309,12354,977,472,505
18360,14229,1872,6886,1309,12357,977,472,505
18365,14230,1872,6886,1309,12358,977,472,505
18370,14235,1873,6887,1310,12362,977,472,505
18375,14237,1873,6889,1310,12364,978,473,505
18380,14245,1873,6895,1310,12372,978,473,505
18385,14248,1873,6897,1310,12375,978,473,505
18390,14253,1874,6899,1311,12379,978,473,505
18395,14257,1874,6901,1311,12383,978,473,505
18400,14260,1874,6903,1311,12386,978,473,505
18405,14261,1875,6904,1312,12386,978,473,505
18410,14266,1876,6909,1313,12390,978,473,505
18415,14268,1876,6911,1313,12392,979,474,505
18420,14276,1876,6914,1313,12400,979,474,505
18425,14279,1876,6916,1313,12403,979,474,505
18430,14284,1877,6920,1313,12407,979,474,505
18435,14288,1877,6922,1313,12411,979,474,505
18440,14291,1877,6924,1313,12414,979,474,505
18445,14292,1877,6924,1313,12415,979,474,505
18450,14297,1878,6926,1313,12419,979,474,505
18455,14299,1878,6927,1313,12421,980,474,506
18460,14307,1878,6930,1313,12429,980,474,506
18465,14310,1878,6931,1313,12432,980,474,506
18470,14315,1879,6933,1313,12436,981,474,507
18475,14319,1880,6935,1314,12438,981,474,507
18480,14322,1883,6937,1317,12439,981,474,507
18485,14323,1884,6938,1318,12439,981,474,507
18490,14328,1884,6942,1318,12444,981,474,507
18495,14330,1884,6944,1318,12446,982,475,507
18500,14338,1886,6947,1319,12452,982,475,507
18505,14341,1887,6948,1320,12454,982,475,507
18510,14346,1887,6950,1320,12459,983,476,507
18515,14350,1887,6953,1320,12463,983,476,507
18520,14353,1887,6953,1320,12466,983,476,507
18525,14354,1887,6953,1320,12467,983,476,507
18530,14359,1887,6955,1320,12472,983,476,507
18535,14361,1887,6955,1320,12474,984,476,508
18540,14369,1889,6956,1321,12480,984,476,508
18545,14372,1890,6958,1322,12482,984,476,508
18550,14377,1890,6958,1322,12487,985,476,509
18555,14381,1890,6962,1322,12491,985,476,509
18560,14384,1890,6965,1322,12494,985,476,509
18565,14385,1890,6966,1322,12495,985,476,509
18570,14390,1890,6967,1322,12500,985,476,509
18575,14392,1890,6967,1322,12502,986,476,510
18580,14400,1891,6972,1323,12509,986,476,510
18585,14403,1892,6974,1324,12511,986,476,510
18590,14408,1893,6976,1324,12515,987,476,511
18595,14412,1893,6976,1324,12519,987,476,511
18600,14415,1893,6977,1324,12522,987,476,511
18605,14416,1893,6978,1324,12523,987,476,511
18610,14421,1894,6979,1324,12527,987,476,511
18615,14423,1894,6980,1324,12529,988,476,512
18620,14431,1894,6985,1324,12537,988,476,512
18625,14434,1894,6986,1324,12540,988,476,512
18630,14439,1895,6988,1324,12544,989,477,512
18635,14443,1895,6991,1324,12547,989,477,512
18640,14446,1896,6993,1325,12550,989,477,512
18645,14447,1896,6994,1325,12551,989,477,512
18650,14452,1897,6996,1326,12555,989,477,512
18655,14454,1897,6998,1326,12557,990,478,512
18660,14462,1897,7001,1326,12564,990,478,512
18665,14465,1898,7003,1327,12567,990,478,512
18670,14470,1899,7006,1328,12571,991,478,513
18675,14474,1899,7009,1328,12575,991,478,513
18680,14477,1899,7010,1328,12578,991,478,513
18685,14478,1899,7011,1328,12579,991,478,513
18690,14483,1900,7012,1328,12583,991,478,513
18695,14485,1900,7013,1328,12585,992,478,514
18700,14493,1900,7015,1328,12593,992,478,514
18705,14496,1900,7016,1328,12596,992,478,514
18710,14501,1903,7019,1331,12598,993,478,515
18715,14505,1903,7020,1331,12602,993,478,515
18720,14508,1904,7021,1332,12604,993,478,515
18725,14509,1904,7021,1332,12605,993,478,515
18730,14514,1905,7024,1332,12609,993,478,515
18735,14516,1905,7024,1332,12611,994,478,516
18740,14524,1906,7028,1333,12618,994,478,516
18745,14527,1907,7029,1334,12620,994,478,516
18750,14532,1908,7031,1334,12624,995,478,517
18755,14536,1908,7033,1334,12628,995,478,517
18760,14539,1909,7035,1335,12630,995,478,517
18765,14540,1909,7035,1335,12631,995,478,517
18770,14545,1910,7038,1335,12635,995,478,517
18775,14547,1910,7039,1335,12637,996,479,517
18780,14555,1912,7044,1337,12642,996,479,517
18785,14558,1914,7046,1339,12644,996,479,517
18790,14563,1914,7049,1339,12649,997,480,517
18795,14567,1914,7050,1339,12652,997,480,517
18800,14570,1915,7052,1340,12655,997,480,517
18805,14571,1915,7052,1340,12656,997,480,517
18810,14576,1916,7056,1340,12660,997,480,517
18815,14578,1916,7057,1340,12662,998,481,517
18820,14586,1917,7062,1341,12669,998,481,517
18825,14589,1918,7065,1342,12671,998,481,517
18830,14594,1918,7070,1342,12676,998,481,517
18835,14598,1918,7070,1342,12680,998,481,517
18840,14601,1918,7072,1342,12683,998,481,517
18845,14602,1919,7073,1343,12683,998,481,517
18850,14607,1920,7076,1343,12687,998,481,517
18855,14609,1920,7076,1343,12689,999,481,518
18860,14617,1921,7079,1343,12696,999,481,518
18865,14620,1921,7079,1343,12699,999,481,518
18870,14625,1921,7081,1343,12704,999,481,518
18875,14629,1921,7082,1343,12707,999,481,518
18880,14632,1923,7083,1345,12709,999,481,518
18885,14633,1924,7084,1346,12709,999,481,518
18890,14638,1925,7086,1346,12713,999,481,518
18895,14640,1925,7087,1346,12715,1000,481,519
18900,14648,1926,7090,1346,12722,1000,481,519
18905,14651,1926,7091,1346,12725,1000,481,519
18910,14656,1927,7095,1347,12729,1001,482,519
18915,14660,1927,7096,1347,12733,1001,482,519
18920,14663,1927,7097,1347,12736,1001,482,519
18925,14664,1927,7097,1347,12737,1001,482,519
18930,14669,1928,7099,1348,12741,1001,482,519
18935,14671,1928,7101,1348,12743,1002,483,519
18940,14679,1929,7103,1348,12750,1002,483,519
18945,14682,1930,7105,1349,12752,1002,483,519
18950,14687,1931,7107,1350,12756,1003,483,520
18955,14691,1931,7109,1350,12760,1003,483,520
18960,14694,1931,7109,1350,12763,1003,483,520
18965,14695,1931,7110,1350,12764,1003,483,520
18970,14700,1932,7111,1350,12768,1003,483,520
18975,14702,1932,7113,1350,12770,1004,484,520
18980,14710,1935,7119,1352,12775,1005,485,520
18985,14713,1935,7120,1352,12778,1005,485,520
18990,14718,1936,7121,1352,12782,1006,486,520
18995,14722,1936,7122,1352,12786,1006,486,520
19000,14725,1936,7124,1352,12789,1006,486,520
19005,14726,1936,7124,1352,12790,1006,486,520
19010,14731,1937,7128,1353,12794,1006,486,520
19015,14733,1937,7129,1353,12796,1007,487,520
19020,14741,1939,7134,1355,12802,1008,488,520
19025,14744,1939,7134,1355,12805,1008,488,520
19030,14749,1940,7136,1355,12809,1008,488,520
19035,14753,1940,7138,1355,12813,1008,488,520
19040,14756,1941,7141,1356,12815,1008,488,520
19045,14757,1941,7141,1356,12816,1008,488,520
19050,14762,1941,7145,1356,12821,1008,488,520
19055,14764,1941,7146,1356,12823,1009,489,520
19060,14772,1941,7150,1356,12831,1009,489,520
19065,14775,1941,7153,1356,12834,1009,489,520
19070,14780,1942,7157,1357,12838,1009,489,520
19075,14784,1942,7159,1357,12842,1009,489,520
19080,14787,1943,7161,1358,12844,1009,489,520
19085,14788,1943,7162,1358,12845,1009,489,520
19090,14793,1943,7164,1358,12850,1009,489,520
19095,14795,1943,7166,1358,12852,1010,490,520
19100,14803,1943,7170,1358,12860,1010,490,520
19105,14806,1943,7172,1358,12863,1010,490,520
19110,14811,1944,7173,1358,12867,1010,490,520
19115,14815,1944,7176,1358,12871,1010,490,520
19120,14818,1945,7177,1359,12873,1010,490,520
19125,14819,1945,7177,1359,12874,1010,490,520
19130,14824,1946,7181,1359,12878,1010,490,520
19135,14826,1946,7182,1359,12880,1011,491,520
19140,14834,1947,7185,1359,12886,1012,492,520
19145,14837,1948,7186,1360,12889,1012,492,520
19150,14842,1949,7186,1360,12893,1013,492,521
19155,14846,1949,7187,1360,12896,1013,492,521
19160,14849,1951,7189,1362,12898,1013,492,521
19165,14850,1951,7189,1362,12899,1013,492,521
19170,14855,1952,7192,1363,12903,1013,492,521
19175,14857,1952,7194,1363,12905,1014,493,521
19180,14865,1953,7198,1364,12911,1014,493,521
19185,14868,1955,7200,1366,12913,1014,493,521
19190,14873,1956,7200,1366,12917,1015,493,522
19195,14877,1956,7201,1366,12921,1015,493,522
19200,14880,1956,7201,1366,12924,1015,493,522
19205,14881,1956,7201,1366,12925,1015,493,522
19210,14886,1957,7203,1367,12929,1015,493,522
19215,14888,1957,7205,1367,12931,1016,494,522
19220,14896,1958,7209,1368,12937,1016,494,522
19225,14899,1959,7211,1369,12940,1016,494,522
19230,14904,1959,7214,1369,12945,1017,495,522
19235,14908,1959,7216,1369,12948,1017,495,522
19240,14911,1960,7217,1370,12951,1017,495,522
19245,14912,1960,7217,1370,12952,1017,495,522
19250,14917,1961,7218,1370,12956,1017,495,522
19255,14919,1961,7219,1370,12958,1018,495,523
19260,14927,1962,7220,1371,12965,1019,495,524
19265,14930,1963,7222,1372,12967,1019,495,524
19270,14935,1964,7225,1372,12971,1019,495,524
19275,14939,1964,7227,1372,12975,1019,495,524
19280,14942,1964,7229,1372,12978,1019,495,524
19285,14943,1965,7230,1373,12978,1019,495,524
19290,14948,1966,7233,1373,12982,1019,495,524
19295,14950,1966,7233,1373,12984,1020,495,525
19300,14958,1967,7237,1374,12991,1020,495,525
19305,14961,1968,7239,1375,12993,1020,495,525
19310,14966,1969,7240,1375,12997,1020,495,525
19315,14970,1969,7242,1375,13001,1020,495,525
19320,14973,1969,7244,1375,13004,1020,495,525
19325,14974,1970,7245,1376,13004,1020,495,525
19330,14979,1971,7248,1377,13008,1020,495,525
19335,14981,1971,7250,1377,13010,1021,496,525
19340,14989,1972,7253,1377,13017,1021,496,525
19345,14992,1972,7254,1377,13020,1021,496,525
19350,14997,1973,7255,1378,13024,1021,496,525
19355,15001,1973,7256,1378,13028,1021,496,525
19360,15004,1973,7256,1378,13031,1021,496,525
19365,15005,1974,7257,1379,13031,1021,496,525
19370,15010,1975,7259,1379,13035,1021,496,525
19375,15012,1975,7260,1379,13037,1022,497,525
19380,15020,1976,7263,1380,13043,1023,497,526
19385,15023,1977,7265,1381,13046,1023,497,526
19390,15028,1978,7268,1381,13050,1024,498,526
19395,15032,1978,7270,1381,13054,1024,498,526
19400,15035,1978,7271,1381,13057,1024,498,526
19405,15036,1978,7272,1381,13058,1024,498,526
19410,15041,1978,7274,1381,13063,1024,498,526
19415,15043,1978,7274,1381,13065,1025,498,527
19420,15051,1979,7280,1382,13072,1025,498,527
19425,15054,1979,7283,1382,13075,1025,498,527
19430,15059,1980,7285,1383,13079,1026,498,528
19435,15063,1980,7286,1383,13083,1026,498,528
19440,15066,1981,7289,1384,13085,1026,498,528
19445,15067,1981,7290,1384,13086,1026,498,528
19450,15072,1981,7293,1384,13091,1026,498,528
19455,15074,1981,7295,1384,13093,1027,499,528
19460,15082,1982,7298,1384,13100,1027,499,528
19465,15085,1982,7299,1384,13103,1027,499,528
19470,15090,1983,7300,1384,13107,1028,499,529
19475,15094,1983,7303,1384,13111,1028,499,529
19480,15097,1983,7304,1384,13114,1028,499,529
19485,15098,1983,7304,1384,13115,1028,499,529
19490,15103,1984,7306,1385,13119,1028,499,529
19495,15105,1984,7307,1385,13121,1029,500,529
19500,15113,1986,7313,1387,13126,1030,501,529
19505,15116,1988,7314,1389,13128,1030,501,529
19510,15121,1989,7317,1389,13132,1030,501,529
19515,15125,1989,7319,1389,13136,1030,501,529
19520,15128,1990,7321,1390,13138,1030,501,529
19525,15129,1990,7322,1390,13139,1030,501,529
19530,15134,1990,7324,1390,13144,1030,501,529
19535,15136,1990,7324,1390,13146,1031,501,530
19540,15144,1991,7331,1391,13153,1031,501,530
19545,15147,1992,7333,1392,13155,1031,501,530
19550,15152,1993,7336,1393,13159,1031,501,530
19555,15156,1993,7338,1393,13163,1031,501,530
19560,15159,1994,7340,1394,13165,1031,501,530
19565,15160,1995,7341,1395,13165,1031,501,530
19570,15165,1996,7344,1396,13169,1031,501,530
19575,15167,1996,7346,1396,13171,1032,502,530
19580,15175,1997,7349,1397,13178,1032,502,530
19585,15178,1997,7349,1397,13181,1032,502,530
19590,15183,1998,7351,1397,13185,1032,502,530
19595,15187,1998,7353,1397,13188,1032,502,530
19600,15190,1999,7354,1398,13191,1032,502,530
19605,15191,2000,7355,1399,13191,1032,502,530
19610,15196,2001,7356,1399,13195,1032,502,530
19615,15198,2001,7356,1399,13197,1033,502,531
19620,15206,2002,7356,1399,13204,1034,502,532
19625,15209,2002,7358,1399,13207,1034,502,532
19630,15214,2002,7362,1399,13212,1035,502,533
19635,15218,2002,7365,1399,13216,1035,502,533
19640,15221,2002,7367,1399,13219,1035,502,533
19645,15222,2002,7368,1399,13220,1035,502,533
19650,15227,2002,7370,1399,13225,1035,502,533
19655,15229,2002,7372,1399,13227,1036,503,533
19660,15237,2002,7373,1399,13235,1036,503,533
19665,15240,2002,7373,1399,13238,1036,503,533
19670,15245,2002,7375,1399,13243,1037,504,533
19675,15249,2002,7378,1399,13247,1037,504,533
19680,15252,2002,7381,1399,13250,1037,504,533
19685,15253,2002,7382,1399,13251,1037,504,533
19690,15258,2002,7384,1399,13256,1037,504,533
19695,15260,2002,7384,1399,13258,1038,504,534
19700,15268,2002,7386,1399,13266,1038,504,534
19705,15271,2002,7387,1399,13269,1038,504,534
19710,15276,2002,7389,1399,13274,1039,505,534
19715,15280,2002,7391,1399,13278,1039,505,534
19720,15283,2002,7391,1399,13281,1039,505,534
19725,15284,2002,7391,1399,13282,1039,505,534
19730,15289,2003,7392,1399,13286,1039,505,534
19735,15291,2003,7392,1399,13288,1040,505,535
19740,15299,2005,7395,1401,13293,1041,505,536
19745,15302,2007,7396,1403,13295,1041,505,536
19750,15307,2008,7399,1403,13299,1042,506,536
19755,15311,2008,7402,1403,13303,1042,506,536
19760,15314,2008,7405,1403,13306,1042,506,536
19765,15315,2008,7405,1403,13307,1042,506,536
19770,15320,2009,7407,1403,13311,1042,506,536
19775,15322,2009,7409,1403,13313,1043,507,536
19780,15330,2012,7413,1405,13318,1044,507,537
19785,15333,2013,7415,1406,13320,1044,507,537
19790,15338,2014,7417,1407,13324,1044,507,537
19795,15342,2014,7418,1407,13328,1044,507,537
19800,15345,2014,7421,1407,13331,1044,507,537
19805,15346,2014,7421,1407,13332,1044,507,537
19810,15351,2015,7425,1408,13336,1044,507,537
19815,15353,2015,7425,1408,13338,1045,507,538
19820,15361,2016,7431,1409,13345,1045,507,538
19825,15364,2016,7434,1409,13348,1045,507,538
19830,15369,2017,7436,1409,13352,1045,507,538
19835,15373,2017,7438,1409,13356,1045,507,538
19840,15376,2017,7439,1409,13359,1045,507,538
19845,15377,2017,7440,1409,13360,1045,507,538
19850,15382,2018,7443,1409,13364,1045,507,538
19855,15384,2018,7443,1409,13366,1046,507,539
19860,15392,2019,7448,1410,13372,1046,507,539
19865,15395,2020,7448,1411,13375,1046,507,539
19870,15400,2021,7451,1412,13379,1046,507,539
19875,15404,2021,7452,1412,13383,1046,507,539
19880,15407,2022,7454,1413,13385,1046,507,539
19885,15408,2022,7455,1413,13386,1046,507,539
19890,15413,2022,7457,1413,13391,1046,507,539
19895,15415,2022,7457,1413,13393,1047,507,540
19900,15423,2023,7459,1413,13400,1047,507,540
19905,15426,2024,7461,1414,13402,1047,507,540
19910,15431,2025,7462,1414,13406,1047,507,540
19915,15435,2025,7463,1414,13410,1047,507,540
19920,15438,2025,7465,1414,13413,1047,507,540
19925,15439,2025,7465,1414,13414,1047,507,540
19930,15444,2025,7469,1414,13419,1047,507,540
19935,15446,2025,7470,1414,13421,1048,507,541
19940,15454,2026,7473,1415,13428,1048,507,541
19945,15457,2026,7474,1415,13431,1048,507,541
19950,15462,2027,7476,1415,13435,1048,507,541
19955,15466,2027,7478,1415,13438,1048,507,541
19960,15469,2028,7478,1416,13441,1048,507,541
19965,15470,2028,7479,1416,13442,1048,507,541
19970,15475,2029,7481,1417,13446,1048,507,541
19975,15477,2029,7483,1417,13448,1049,508,541
19980,15485,2032,7488,1420,13452,1050,508,542
19985,15488,2033,7489,1421,13455,1050,508,542
19990,15493,2033,7493,1421,13460,1050,508,542
19995,15497,2033,7495,1421,13464,1050,508,542
20000,15500,2033,7496,1421,13467,1050,508,542
20005,15501,2033,7496,1421,13468,1050,508,542
20010,15506,2034,7498,1421,13472,1050,508,542
20015,15508,2034,7500,1421,13474,1051,509,542
20020,15516,2035,7504,1421,13481,1051,509,542
20025,15519,2035,7506,1421,13484,1051,509,542
20030,15524,2035,7508,1421,13489,1052,510,542
20035,15528,2035,7510,1421,13493,1052,510,542
20040,15531,2035,7511,1421,13496,1052,510,542
20045,15532,2035,7512,1421,13497,1052,510,542
20050,15537,2036,7514,1421,13501,1052,510,542
20055,15539,2036,7515,1421,13503,1053,510,543
20060,15547,2037,7520,1421,13510,1053,510,543
20065,15550,2037,7522,1421,13513,1053,510,543
20070,15555,2038,7524,1422,13517,1054,510,544
20075,15559,2038,7526,1422,13521,1054,510,544
20080,15562,2039,7528,1423,13523,1054,510,544
20085,15563,2039,7529,1423,13524,1054,510,544
20090,15568,2040,7531,1423,13528,1054,510,544
20095,15570,2040,7532,1423,13530,1055,510,545
20100,15578,2042,7537,1424,13535,1056,511,545
20105,15581,2043,7538,1425,13538,1056,511,545
20110,15586,2043,7541,1425,13543,1057,512,545
20115,15590,2043,7544,1425,13547,1057,512,545
20120,15593,2043,7544,1425,13550,1057,512,545
20125,15594,2044,7545,1426,13550,1057,512,545
20130,15599,2045,7548,1427,13554,1057,512,545
20135,15601,2045,7550,1427,13556,1058,513,545
20140,15609,2046,7554,1427,13563,1058,513,545
20145,15612,2047,7556,1428,13565,1058,513,545
20150,15617,2047,7560,1428,13570,1058,513,545
20155,15621,2047,7561,1428,13574,1058,513,545
20160,15624,2047,7564,1428,13577,1058,513,545
20165,15625,2047,7564,1428,13578,1058,513,545
20170,15630,2048,7568,1429,13582,1058,513,545
20175,15632,2048,7569,1429,13584,1059,514,545
20180,15640,2049,7576,1430,13591,1059,514,545
20185,15643,2049,7577,1430,13594,1059,514,545
20190,15648,2049,7580,1430,13599,1059,514,545
20195,15652,2049,7582,1430,13603,1059,514,545
20200,15655,2049,7584,1430,13606,1059,514,545
20205,15656,2049,7584,1430,13607,1059,514,545
20210,15661,2050,7586,1431,13611,1059,514,545
20215,15663,2050,7588,1431,13613,1060,515,545
20220,15671,2053,7594,1434,13617,1061,515,546
20225,15674,2055,7597,1436,13619,1061,515,546
20230,15679,2056,7601,1437,13623,1062,516,546
20235,15683,2056,7601,1437,13627,1062,516,546
20240,15686,2057,7604,1438,13629,1062,516,546
20245,15687,2057,7605,1438,13630,1062,516,546
20250,15692,2057,7607,1438,13635,1062,516,546
20255,15694,2057,7607,1438,13637,1063,516,547
20260,15702,2058,7610,1439,13644,1063,516,547
20265,15705,2058,7611,1439,13647,1063,516,547
20270,15710,2059,7614,1440,13651,1064,517,547
20275,15714,2059,7615,1440,13655,1064,517,547
20280,15717,2060,7617,1441,13657,1064,517,547
20285,15718,2061,7618,1442,13657,1064,517,547
20290,15723,2062,7621,1442,13661,1064,517,547
20295,15725,2062,7623,1442,13663,1065,518,547
20300,15733,2063,7626,1442,13670,1065,518,547
20305,15736,2064,7627,1443,13672,1065,518,547
20310,15741,2065,7631,1443,13676,1066,519,547
20315,15745,2065,7632,1443,13679,1066,519,547
20320,15748,2066,7634,1444,13682,1066,519,547
20325,15749,2067,7635,1445,13682,1066,519,547
20330,15754,2068,7639,1446,13686,1066,519,547
20335,15756,2068,7639,1446,13688,1067,519,548
20340,15764,2069,7643,1446,13695,1068,520,548
20345,15767,2069,7643,1446,13698,1068,520,548
20350,15772,2069,7646,1446,13703,1068,520,548
20355,15776,2069,7648,1446,13706,1068,520,548
20360,15779,2070,7650,1447,13709,1068,520,548
20365,15780,2070,7650,1447,13710,1068,520,548
20370,15785,2071,7654,1448,13714,1068,520,548
20375,15787,2071,7654,1448,13716,1069,520,549
20380,15795,2072,7658,1448,13723,1069,520,549
20385,15798,2072,7659,1448,13726,1069,520,549
20390,15803,2072,7661,1448,13731,1069,520,549
20395,15807,2072,7661,1448,13735,1069,520,549
20400,15810,2072,7661,1448,13738,1069,520,549
20405,15811,2072,7662,1448,13739,1069,520,549
20410,15816,2073,7665,1448,13743,1069,520,549
20415,15818,2073,7666,1448,13745,1070,521,549
20420,15826,2074,7673,1449,13752,1070,521,549
20425,15829,2074,7675,1449,13755,1070,521,549
20430,15834,2074,7677,1449,13760,1070,521,549
20435,15838,2074,7679,1449,13763,1070,521,549
20440,15841,2075,7680,1450,13766,1070,521,549
20445,15842,2075,7680,1450,13767,1070,521,549
20450,15847,2076,7684,1451,13771,1070,521,549
20455,15849,2076,7685,1451,13773,1071,522,549
20460,15857,2078,7689,1453,13779,1072,523,549
20465,15860,2079,7692,1454,13781,1072,523,549
20470,15865,2080,7693,1455,13785,1072,523,549
20475,15869,2080,7697,1455,13789,1072,523,549
20480,15872,2080,7699,1455,13792,1072,523,549
20485,15873,2080,7699,1455,13793,1072,523,549
20490,15878,2080,7702,1455,13798,1072,523,549
20495,15880,2080,7703,1455,13800,1073,523,550
20500,15888,2081,7705,1455,13807,1073,523,550
20505,15891,2081,7706,1455,13810,1073,523,550
20510,15896,2082,7708,1455,13814,1073,523,550
20515,15900,2082,7709,1455,13818,1073,523,550
20520,15903,2082,7711,1455,13821,1073,523,550
20525,15904,2082,7711,1455,13822,1073,523,550
20530,15909,2082,7714,1455,13827,1073,523,550
20535,15911,2082,7715,1455,13829,1074,524,550
20540,15919,2083,7718,1455,13836,1074,524,550
20545,15922,2083,7719,1455,13839,1074,524,550
20550,15927,2084,7720,1455,13843,1074,524,550
20555,15931,2084,7720,1455,13847,1074,524,550
20560,15934,2084,7722,1455,13850,1074,524,550
20565,15935,2084,7722,1455,13851,1074,524,550
20570,15940,2085,7725,1456,13855,1074,524,550
20575,15942,2085,7725,1456,13857,1075,524,551
20580,15950,2088,7730,1458,13861,1076,525,551
20585,15953,2089,7730,1459,13864,1076,525,551
20590,15958,2090,7732,1459,13868,1077,525,552
20595,15962,2090,7735,1459,13872,1077,525,552
20600,15965,2091,7736,1460,13874,1077,525,552
20605,15966,2092,7737,1461,13874,1077,525,552
20610,15971,2093,7740,1462,13878,1077,525,552
20615,15973,2093,7742,1462,13880,1078,526,552
20620,15981,2094,7747,1462,13887,1078,526,552
20625,15984,2095,7749,1463,13889,1078,526,552
20630,15989,2096,7754,1464,13893,1079,527,552
20635,15993,2096,7757,1464,13897,1079,527,552
20640,15996,2097,7758,1465,13899,1079,527,552
20645,15997,2097,7758,1465,13900,1079,527,552
20650,16002,2098,7760,1465,13904,1079,527,552
20655,16004,2098,7762,1465,13906,1080,528,552
20660,16012,2099,7767,1465,13913,1080,528,552
20665,16015,2100,7768,1466,13915,1080,528,552
20670,16020,2101,7771,1467,13919,1081,529,552
20675,16024,2101,7775,1467,13922,1081,529,552
20680,16027,2102,7777,1468,13925,1081,529,552
20685,16028,2102,7777,1468,13926,1081,529,552
20690,16033,2103,7780,1468,13930,1081,529,552
20695,16035,2103,7780,1468,13932,1082,529,553
20700,16043,2104,7783,1469,13938,1083,529,554
20705,16046,2106,7785,1471,13940,1083,529,554
20710,16051,2107,7790,1472,13944,1084,530,554
20715,16055,2107,7792,1472,13948,1084,530,554
20720,16058,2107,7793,1472,13951,1084,530,554
20725,16059,2107,7794,1472,13952,1084,530,554
20730,16064,2107,7796,1472,13957,1084,530,554
20735,16066,2107,7798,1472,13959,1085,531,554
20740,16074,2108,7800,1472,13966,1085,531,554
20745,16077,2109,7801,1473,13968,1085,531,554
20750,16082,2110,7803,1474,13972,1085,531,554
20755,16086,2110,7806,1474,13976,1085,531,554
20760,16089,2110,7809,1474,13979,1085,531,554
20765,16090,2110,7809,1474,13980,1085,531,554
20770,16095,2110,7812,1474,13985,1085,531,554
20775,16097,2110,7812,1474,13987,1086,531,555
20780,16105,2111,7818,1475,13994,1086,531,555
20785,16108,2112,7820,1476,13996,1086,531,555
20790,16113,2113,7823,1477,14000,1086,531,555
20795,16117,2113,7824,1477,14004,1086,531,555
20800,16120,2113,7826,1477,14007,1086,531,555
20805,16121,2113,7827,1477,14008,1086,531,555
20810,16126,2114,7830,1477,14012,1086,531,555
20815,16128,2114,7832,1477,14014,1087,532,555
20820,16136,2117,7839,1480,14018,1088,533,555
20825,16139,2118,7841,1481,14021,1088,533,555
20830,16144,2119,7843,1482,14025,1088,533,555
20835,16148,2119,7847,1482,14028,1088,533,555
20840,16151,2120,7848,1483,14031,1088,533,555
20845,16152,2120,7849,1483,14032,1088,533,555
20850,16157,2121,7852,1483,14036,1088,533,555
20855,16159,2121,7853,1483,14038,1089,534,555
20860,16167,2121,7857,1483,14046,1089,534,555
20865,16170,2121,7857,1483,14049,1089,534,555
20870,16175,2122,7859,1483,14053,1089,534,555
20875,16179,2122,7860,1483,14057,1089,534,555
20880,16182,2123,7861,1484,14059,1089,534,555
20885,16183,2123,7861,1484,14060,1089,534,555
20890,16188,2124,7864,1485,14064,1089,534,555
20895,16190,2124,7864,1485,14066,1090,534,556
20900,16198,2125,7866,1485,14073,1090,534,556
20905,16201,2126,7868,1486,14075,1090,534,556
20910,16206,2126,7870,1486,14080,1090,534,556
20915,16210,2126,7873,1486,14083,1090,534,556
20920,16213,2127,7874,1487,14086,1090,534,556
20925,16214,2127,7875,1487,14087,1090,534,556
20930,16219,2128,7879,1488,14091,1090,534,556
20935,16221,2128,7881,1488,14093,1091,535,556
20940,16229,2130,7884,1489,14099,1092,535,557
20945,16232,2130,7886,1489,14102,1092,535,557
20950,16237,2130,7887,1489,14107,1093,535,558
20955,16241,2130,7889,1489,14111,1093,535,558
20960,16244,2130,7891,1489,14114,1093,535,558
20965,16245,2130,7891,1489,14115,1093,535,558
20970,16250,2131,7893,1490,14119,1093,535,558
20975,16252,2131,7894,1490,14121,1094,536,558
20980,16260,2131,7899,1490,14129,1094,536,558
20985,16263,2131,7901,1490,14132,1094,536,558
20990,16268,2132,7902,1490,14136,1095,536,559
20995,16272,2132,7904,1490,14140,1095,536,559
21000,16275,2132,7904,1490,14143,1095,536,559
21005,16276,2133,7905,1491,14143,1095,536,559
21010,16281,2134,7907,1491,14147,1095,536,559
21015,16283,2134,7908,1491,14149,1096,537,559
21020,16291,2136,7912,1493,14155,1097,538,559
21025,16294,2137,7915,1494,14157,1097,538,559
21030,16299,2138,7918,1495,14161,1098,538,560
21035,16303,2138,7919,1495,14164,1098,538,560
21040,16306,2139,7921,1496,14167,1098,538,560
21045,16307,2140,7922,1497,14167,1098,538,560
21050,16312,2141,7924,1497,14171,1098,538,560
21055,16314,2141,7926,1497,14173,1099,539,560
21060,16322,2144,7930,1499,14178,1100,539,561
21065,16325,2144,7931,1499,14181,1100,539,561
21070,16330,2145,7934,1500,14185,1101,540,561
21075,16334,2145,7937,1500,14189,1101,540,561
21080,16337,2145,7938,1500,14192,1101,540,561
21085,16338,2145,7939,1500,14193,1101,540,561
21090,16343,2145,7941,1500,14198,1101,540,561
21095,16345,2145,7941,1500,14200,1102,540,562
21100,16353,2146,7944,1501,14206,1102,540,562
21105,16356,2147,7945,1502,14209,1102,540,562
21110,16361,2149,7947,1503,14212,1103,540,563
21115,16365,2149,7950,1503,14216,1103,540,563
21120,16368,2149,7952,1503,14219,1103,540,563
21125,16369,2149,7952,1503,14220,1103,540,563
21130,16374,2149,7954,1503,14225,1103,540,563
21135,16376,2149,7956,1503,14227,1104,541,563
21140,16384,2150,7959,1504,14234,1105,541,564
21145,16387,2151,7961,1505,14236,1105,541,564
21150,16392,2152,7963,1505,14240,1106,541,565
21155,16396,2152,7966,1505,14244,1106,541,565
21160,16399,2153,7968,1506,14246,1106,541,565
21165,16400,2153,7969,1506,14247,1106,541,565
21170,16405,2154,7971,1507,14251,1106,541,565
21175,16407,2154,7972,1507,14253,1107,542,565
21180,16415,2156,7977,1509,14259,1108,543,565
21185,16418,2156,7978,1509,14262,1108,543,565
21190,16423,2157,7980,1510,14266,1109,544,565
21195,16427,2157,7984,1510,14269,1109,544,565
21200,16430,2159,7986,1512,14271,1109,544,565
21205,16431,2159,7986,1512,14272,1109,544,565
21210,16436,2160,7986,1512,14276,1109,544,565
21215,16438,2160,7987,1512,14278,1110,545,565
21220,16446,2161,7990,1512,14285,1110,545,565
21225,16449,2162,7993,1513,14287,1110,545,565
21230,16454,2163,7996,1513,14291,1111,546,565
21235,16458,2163,7997,1513,14295,1111,546,565
21240,16461,2164,7998,1514,14297,1111,546,565
21245,16462,2165,7999,1515,14297,1111,546,565
21250,16467,2166,8001,1516,14301,1111,546,565
21255,16469,2166,8002,1516,14303,1112,547,565
21260,16477,2168,8007,1518,14309,1112,547,565
21265,16480,2168,8009,1518,14312,1112,547,565
21270,16485,2169,8012,1519,14316,1113,547,566
21275,16489,2169,8012,1519,14320,1113,547,566
21280,16492,2169,8013,1519,14323,1113,547,566
21285,16493,2169,8013,1519,14324,1113,547,566
21290,16498,2170,8015,1519,14328,1113,547,566
21295,16500,2170,8015,1519,14330,1114,547,567
21300,16508,2171,8019,1520,14336,1115,547,568
21305,16511,2172,8020,1521,14339,1115,547,568
21310,16516,2172,8023,1521,14344,1116,548,568
21315,16520,2172,8025,1521,14348,1116,548,568
21320,16523,2172,8027,1521,14351,1116,548,568
21325,16524,2172,8027,1521,14352,1116,548,568
21330,16529,2173,8028,1522,14356,1116,548,568
21335,16531,2173,8028,1522,14358,1117,548,569
21340,16539,2174,8032,1522,14365,1117,548,569
21345,16542,2174,8032,1522,14368,1117,548,569
21350,16547,2174,8037,1522,14373,1118,549,569
21355,16551,2174,8040,1522,14377,1118,549,569
21360,16554,2174,8041,1522,14380,1118,549,569
21365,16555,2174,8041,1522,14381,1118,549,569
21370,16560,2175,8044,1523,14385,1118,549,569
21375,16562,2175,8046,1523,14387,1119,550,569
21380,16570,2176,8048,1523,14394,1119,550,569
21385,16573,2177,8051,1524,14396,1119,550,569
21390,16578,2177,8053,1524,14401,1119,550,569
21395,16582,2177,8054,1524,14405,1119,550,569
21400,16585,2177,8054,1524,14408,1119,550,569
21405,16586,2178,8055,1525,14408,1119,550,569
21410,16591,2179,8058,1526,14412,1119,550,569
21415,16593,2179,8058,1526,14414,1120,550,570
21420,16601,2180,8060,1526,14421,1121,550,571
21425,16604,2180,8062,1526,14424,1121,550,571
21430,16609,2180,8064,1526,14429,1121,550,571
21435,16613,2180,8067,1526,14432,1121,550,571
21440,16616,2181,8069,1527,14435,1121,550,571
21445,16617,2181,8069,1527,14436,1121,550,571
21450,16622,2182,8070,1527,14440,1121,550,571
21455,16624,2182,8072,1527,14442,1122,551,571
21460,16632,2182,8075,1527,14450,1122,551,571
21465,16635,2182,8076,1527,14453,1122,551,571
21470,16640,2182,8078,1527,14458,1123,551,572
21475,16644,2182,8080,1527,14462,1123,551,572
21480,16647,2182,8082,1527,14465,1123,551,572
21485,16648,2182,8082,1527,14466,1123,551,572
21490,16653,2183,8084,1527,14470,1123,551,572
21495,16655,2183,8085,1527,14472,1124,551,573
21500,16663,2183,8090,1527,14480,1124,551,573
21505,16666,2183,8091,1527,14483,1124,551,573
21510,16671,2183,8092,1527,14488,1125,552,573
21515,16675,2183,8095,1527,14491,1125,552,573
21520,16678,2184,8096,1528,14494,1125,552,573
21525,16679,2184,8097,1528,14495,1125,552,573
21530,16684,2185,8100,1528,14499,1125,552,573
21535,16686,2185,8102,1528,14501,1126,553,573
21540,16694,2186,8105,1529,14508,1127,554,573
21545,16697,2186,8105,1529,14511,1127,554,573
21550,16702,2187,8107,1529,14515,1127,554,573
21555,16706,2187,8108,1529,14519,1127,554,573
21560,16709,2187,8108,1529,14522,1127,554,573
21565,16710,2187,8109,1529,14523,1127,554,573
21570,16715,2187,8111,1529,14528,1127,554,573
21575,16717,2187,8112,1529,14530,1128,554,574
21580,16725,2188,8114,1529,14537,1128,554,574
21585,16728,2188,8114,1529,14540,1128,554,574
21590,16733,2189,8117,1530,14544,1128,554,574
21595,16737,2189,8118,1530,14548,1128,554,574
21600,16740,2189,8118,1530,14551,1128,554,574
21605,16741,2189,8118,1530,14552,1128,554,574
21610,16746,2189,8120,1530,14557,1128,554,574
21615,16748,2189,8120,1530,14559,1129,554,575
21620,16756,2190,8125,1531,14566,1129,554,575
21625,16759,2191,8128,1532,14568,1129,554,575
21630,16764,2192,8130,1532,14572,1129,554,575
21635,16768,2192,8131,1532,14576,1129,554,575
21640,16771,2192,8131,1532,14579,1129,554,575
21645,16772,2192,8132,1532,14580,1129,554,575
21650,16777,2193,8134,1533,14584,1129,554,575
21655,16779,2193,8136,1533,14586,1130,555,575
21660,16787,2195,8139,1534,14591,1131,555,576
21665,16790,2196,8140,1535,14594,1131,555,576
21670,16795,2197,8142,1535,14598,1132,555,577
21675,16799,2197,8143,1535,14601,1132,555,577
21680,16802,2199,8145,1537,14603,1132,555,577
21685,16803,2200,8146,1538,14603,1132,555,577
21690,16808,2201,8148,1538,14607,1132,555,577
21695,16810,2201,8150,1538,14609,1133,556,577
21700,16818,2202,8154,1538,14616,1133,556,577
21705,16821,2202,8156,1538,14619,1133,556,577
21710,16826,2203,8159,1539,14623,1134,556,578
21715,16830,2203,8162,1539,14627,1134,556,578
21720,16833,2203,8162,1539,14630,1134,556,578
21725,16834,2204,8163,1540,14630,1134,556,578
21730,16839,2205,8166,1540,14634,1134,556,578
21735,16841,2205,8167,1540,14636,1135,556,579
21740,16849,2206,8169,1540,14643,1135,556,579
21745,16852,2207,8172,1541,14645,1135,556,579
21750,16857,2208,8174,1542,14649,1136,556,580
21755,16861,2208,8175,1542,14653,1136,556,580
21760,16864,2208,8176,1542,14656,1136,556,580
21765,16865,2209,8177,1543,14656,1136,556,580
21770,16870,2210,8178,1543,14660,1136,556,580
21775,16872,2210,8179,1543,14662,1137,557,580
21780,16880,2212,8183,1544,14668,1138,558,580
21785,16883,2212,8184,1544,14671,1138,558,580
21790,16888,2213,8187,1545,14675,1138,558,580
21795,16892,2213,8190,1545,14679,1138,558,580
21800,16895,2213,8191,1545,14682,1138,558,580
21805,16896,2213,8191,1545,14683,1138,558,580
21810,16901,2213,8193,1545,14688,1138,558,580
21815,16903,2213,8195,1545,14690,1139,559,580
21820,16911,2213,8200,1545,14698,1139,559,580
21825,16914,2213,8202,1545,14701,1139,559,580
21830,16919,2214,8205,1545,14705,1139,559,580
21835,16923,2214,8206,1545,14709,1139,559,580
21840,16926,2214,8209,1545,14712,1139,559,580
21845,16927,2214,8209,1545,14713,1139,559,580
21850,16932,2214,8211,1545,14718,1139,559,580
21855,16934,2214,8212,1545,14720,1140,559,581
21860,16942,2214,8215,1545,14728,1140,559,581
21865,16945,2214,8216,1545,14731,1140,559,581
21870,16950,2215,8217,1545,14735,1140,559,581
21875,16954,2215,8220,1545,14739,1140,559,581
21880,16957,2215,8221,1545,14742,1140,559,581
21885,16958,2215,8222,1545,14743,1140,559,581
21890,16963,2216,8225,1546,14747,1140,559,581
21895,16965,2216,8226,1546,14749,1141,559,582
21900,16973,2219,8229,1548,14754,1142,559,583
21905,16976,2219,8231,1548,14757,1142,559,583
21910,16981,2220,8233,1549,14761,1143,559,584
21915,16985,2220,8235,1549,14765,1143,559,584
21920,16988,2221,8237,1550,14767,1143,559,584
21925,16989,2222,8238,1551,14767,1143,559,584
21930,16994,2223,8240,1551,14771,1143,559,584
21935,16996,2223,8240,1551,14773,1144,559,585
21940,17004,2224,8244,1552,14780,1144,559,585
21945,17007,2224,8246,1552,14783,1144,559,585
21950,17012,2225,8249,1553,14787,1145,559,586
21955,17016,2225,8251,1553,14791,1145,559,586
21960,17019,2225,8251,1553,14794,1145,559,586
21965,17020,2225,8251,1553,14795,1145,559,586
21970,17025,2226,8253,1554,14799,1145,559,586
21975,17027,2226,8254,1554,14801,1146,560,586
21980,17035,2227,8258,1555,14808,1146,560,586
21985,17038,2227,8259,1555,14811,1146,560,586
21990,17043,2228,8262,1555,14815,1147,561,586
21995,17047,2228,8266,1555,14818,1147,561,586
22000,17050,2229,8267,1556,14821,1147,561,586
22005,17051,2229,8267,1556,14822,1147,561,586
22010,17056,2230,8270,1557,14826,1147,561,586
22015,17058,2230,8272,1557,14828,1148,562,586
22020,17066,2231,8276,1557,14835,1149,563,586
22025,17069,2231,8277,1557,14838,1149,563,586
22030,17074,2232,8281,1557,14842,1149,563,586
22035,17078,2232,8282,1557,14846,1149,563,586
22040,17081,2233,8285,1558,14848,1149,563,586
22045,17082,2233,8285,1558,14849,1149,563,586
22050,17087,2234,8288,1558,14853,1149,563,586
22055,17089,2234,8290,1558,14855,1150,564,586
22060,17097,2235,8293,1559,14862,1150,564,586
22065,17100,2236,8295,1560,14864,1150,564,586
22070,17105,2237,8298,1561,14868,1150,564,586
22075,17109,2237,8300,1561,14872,1150,564,586
22080,17112,2238,8303,1562,14874,1150,564,586
22085,17113,2238,8303,1562,14875,1150,564,586
22090,17118,2239,8306,1563,14879,1150,564,586
22095,17120,2239,8307,1563,14881,1151,564,587
22100,17128,2240,8310,1564,14888,1151,564,587
22105,17131,2240,8311,1564,14891,1151,564,587
22110,17136,2241,8312,1564,14895,1151,564,587
22115,17140,2241,8315,1564,14898,1151,564,587
22120,17143,2242,8315,1565,14901,1151,564,587
22125,17144,2242,8315,1565,14902,1151,564,587
22130,17149,2243,8319,1566,14906,1151,564,587
22135,17151,2243,8319,1566,14908,1152,564,588
22140,17159,2245,8322,1567,14914,1153,564,589
22145,17162,2245,8325,1567,14917,1153,564,589
22150,17167,2245,8329,1567,14922,1154,565,589
22155,17171,2245,8332,1567,14926,1154,565,589
22160,17174,2245,8334,1567,14929,1154,565,589
22165,17175,2246,8335,1568,14929,1154,565,589
22170,17180,2247,8338,1569,14933,1154,565,589
22175,17182,2247,8339,1569,14935,1155,565,590
22180,17190,2247,8343,1569,14943,1155,565,590
22185,17193,2247,8346,1569,14946,1155,565,590
22190,17198,2247,8347,1569,14951,1156,565,591
22195,17202,2247,8349,1569,14955,1156,565,591
22200,17205,2247,8351,1569,14958,1156,565,591
22205,17206,2248,8352,1570,14958,1156,565,591
22210,17211,2249,8353,1570,14962,1156,565,591
22215,17213,2249,8354,1570,14964,1157,565,592
22220,17221,2249,8356,1570,14972,1157,565,592
22225,17224,2249,8357,1570,14975,1157,565,592
22230,17229,2249,8359,1570,14980,1158,565,593
22235,17233,2249,8361,1570,14984,1158,565,593
22240,17236,2249,8363,1570,14987,1158,565,593
22245,17237,2249,8363,1570,14988,1158,565,593
22250,17242,2250,8364,1570,14992,1158,565,593
22255,17244,2250,8365,1570,14994,1159,565,594
22260,17252,2252,8369,1572,15000,1160,565,595
22265,17255,2252,8370,1572,15003,1160,565,595
22270,17260,2253,8371,1572,15007,1161,565,596
22275,17264,2253,8371,1572,15011,1161,565,596
22280,17267,2254,8373,1573,15013,1161,565,596
22285,17268,2254,8374,1573,15014,1161,565,596
22290,17273,2255,8377,1573,15018,1161,565,596
22295,17275,2255,8379,1573,15020,1162,566,596
22300,17283,2256,8380,1573,15027,1162,566,596
22305,17286,2256,8381,1573,15030,1162,566,596
22310,17291,2257,8382,1573,15034,1163,566,597
22315,17295,2257,8385,1573,15037,1163,566,597
22320,17298,2258,8386,1574,15040,1163,566,597
22325,17299,2258,8386,1574,15041,1163,566,597
22330,17304,2259,8389,1575,15045,1163,566,597
22335,17306,2259,8390,1575,15047,1164,566,598
22340,17314,2260,8394,1575,15054,1164,566,598
22345,17317,2260,8397,1575,15057,1164,566,598
22350,17322,2261,8401,1575,15061,1165,567,598
22355,17326,2261,8403,1575,15064,1165,567,598
22360,17329,2262,8404,1576,15067,1165,567,598
22365,17330,2263,8405,1577,15067,1165,567,598
22370,17335,2264,8407,1578,15071,1165,567,598
22375,17337,2264,8409,1578,15073,1166,568,598
22380,17345,2266,8411,1579,15079,1167,569,598
22385,17348,2266,8412,1579,15082,1167,569,598
22390,17353,2266,8416,1579,15087,1168,569,599
22395,17357,2266,8417,1579,15091,1168,569,599
22400,17360,2266,8418,1579,15094,1168,569,599
22405,17361,2266,8418,1579,15095,1168,569,599
22410,17366,2266,8418,1579,15100,1168,569,599
22415,17368,2266,8418,1579,15102,1169,569,600
22420,17376,2267,8421,1580,15109,1169,569,600
22425,17379,2267,8421,1580,15112,1169,569,600
22430,17384,2267,8424,1580,15117,1170,570,600
22435,17388,2267,8425,1580,15121,1170,570,600
22440,17391,2267,8425,1580,15124,1170,570,600
22445,17392,2267,8425,1580,15125,1170,570,600
22450,17397,2267,8427,1580,15130,1170,570,600
22455,17399,2267,8429,1580,15132,1171,571,600
22460,17407,2268,8432,1580,15139,1171,571,600
22465,17410,2268,8433,1580,15142,1171,571,600
22470,17415,2268,8436,1580,15147,1172,572,600
22475,17419,2268,8439,1580,15151,1172,572,600
22480,17422,2268,8441,1580,15154,1172,572,600
22485,17423,2268,8441,1580,15155,1172,572,600
22490,17428,2269,8443,1580,15159,1172,572,600
22495,17430,2269,8444,1580,15161,1173,573,600
22500,17438,2270,8448,1580,15167,1174,574,600
22505,17441,2271,8450,1581,15170,1174,574,600
22510,17446,2272,8452,1581,15174,1174,574,600
22515,17450,2272,8455,1581,15178,1174,574,600
22520,17453,2272,8455,1581,15181,1174,574,600
22525,17454,2272,8455,1581,15182,1174,574,600
22530,17459,2273,8457,1581,15186,1174,574,600
22535,17461,2273,8458,1581,15188,1175,575,600
22540,17469,2274,8461,1581,15195,1175,575,600
22545,17472,2274,8462,1581,15198,1175,575,600
22550,17477,2275,8464,1582,15202,1175,575,600
22555,17481,2275,8467,1582,15206,1175,575,600
22560,17484,2276,8470,1583,15208,1175,575,600
22565,17485,2277,8471,1584,15208,1175,575,600
22570,17490,2278,8473,1585,15212,1175,575,600
22575,17492,2278,8474,1585,15214,1176,576,600
22580,17500,2279,8476,1586,15221,1176,576,600
22585,17503,2279,8479,1586,15224,1176,576,600
22590,17508,2280,8481,1587,15228,1176,576,600
22595,17512,2280,8483,1587,15232,1176,576,600
22600,17515,2281,8486,1588,15234,1176,576,600
22605,17516,2281,8486,1588,15235,1176,576,600
22610,17521,2282,8487,1588,15239,1176,576,600
22615,17523,2282,8488,1588,15241,1177,576,601
22620,17531,2283,8490,1589,15248,1178,577,601
22625,17534,2284,8493,1590,15250,1178,577,601
22630,17539,2285,8496,1590,15254,1179,578,601
22635,17543,2285,8498,1590,15258,1179,578,601
22640,17546,2285,8500,1590,15261,1179,578,601
22645,17547,2286,8501,1591,15261,1179,578,601
22650,17552,2287,8503,1591,15265,1179,578,601
22655,17554,2287,8503,1591,15267,1180,578,602
22660,17562,2288,8506,1591,15274,1180,578,602
22665,17565,2289,8509,1592,15276,1180,578,602
22670,17570,2290,8512,1593,15280,1181,578,603
22675,17574,2290,8513,1593,15284,1181,578,603
22680,17577,2290,8516,1593,15287,1181,578,603
22685,17578,2290,8516,1593,15288,1181,578,603
22690,17583,2291,8520,1593,15292,1181,578,603
22695,17585,2291,8521,1593,15294,1182,578,604
22700,17593,2292,8523,1594,15301,1182,578,604
22705,17596,2293,8524,1595,15303,1182,578,604
22710,17601,2294,8527,1595,15307,1183,579,604
22715,17605,2294,8530,1595,15311,1183,579,604
22720,17608,2294,8533,1595,15314,1183,579,604
22725,17609,2295,8534,1596,15314,1183,579,604
22730,17614,2296,8536,1597,15318,1183,579,604
22735,17616,2296,8537,1597,15320,1184,580,604
22740,17624,2297,8539,1597,15326,1185,580,605
22745,17627,2298,8540,1598,15329,1185,580,605
22750,17632,2299,8541,1599,15333,1186,580,606
22755,17636,2299,8543,1599,15337,1186,580,606
22760,17639,2300,8546,1600,15339,1186,580,606
22765,17640,2300,8547,1600,15340,1186,580,606
22770,17645,2300,8548,1600,15345,1186,580,606
22775,17647,2300,8550,1600,15347,1187,581,606
22780,17655,2302,8556,1601,15353,1188,582,606
22785,17658,2302,8557,1601,15356,1188,582,606
22790,17663,2303,8561,1602,15360,1189,583,606
22795,17667,2303,8562,1602,15364,1189,583,606
22800,17670,2303,8562,1602,15367,1189,583,606
22805,17671,2303,8563,1602,15368,1189,583,606
22810,17676,2303,8566,1602,15373,1189,583,606
22815,17678,2303,8567,1602,15375,1190,583,607
22820,17686,2305,8571,1604,15381,1191,583,608
22825,17689,2305,8571,1604,15384,1191,583,608
22830,17694,2306,8571,1604,15388,1192,583,609
22835,17698,2306,8573,1604,15391,1192,583,609
22840,17701,2308,8575,1606,15393,1192,583,609
22845,17702,2308,8575,1606,15394,1192,583,609
22850,17707,2309,8578,1606,15398,1192,583,609
22855,17709,2309,8579,1606,15400,1193,584,609
22860,17717,2310,8583,1607,15406,1194,584,610
22865,17720,2311,8584,1608,15409,1194,584,610
22870,17725,2312,8587,1609,15413,1195,584,611
22875,17729,2312,8589,1609,15417,1195,584,611
22880,17732,2313,8590,1610,15419,1195,584,611
22885,17733,2314,8591,1611,15419,1195,584,611
22890,17738,2315,8593,1612,15423,1195,584,611
22895,17740,2315,8594,1612,15425,1196,584,612
22900,17748,2315,8597,1612,15433,1196,584,612
22905,17751,2315,8597,1612,15436,1196,584,612
22910,17756,2316,8602,1613,15440,1197,585,612
22915,17760,2316,8602,1613,15444,1197,585,612
22920,17763,2317,8603,1614,15446,1197,585,612
22925,17764,2317,8603,1614,15447,1197,585,612
22930,17769,2318,8606,1614,15451,1197,585,612
22935,17771,2318,8607,1614,15453,1198,586,612
22940,17779,2319,8611,1614,15460,1198,586,612
22945,17782,2319,8611,1614,15463,1198,586,612
22950,17787,2319,8614,1614,15468,1199,587,612
22955,17791,2319,8616,1614,15472,1199,587,612
22960,17794,2319,8617,1614,15475,1199,587,612
22965,17795,2319,8617,1614,15476,1199,587,612
22970,17800,2320,8619,1614,15480,1199,587,612
22975,17802,2320,8619,1614,15482,1200,587,613
22980,17810,2322,8624,1616,15488,1201,587,614
22985,17813,2322,8626,1616,15491,1201,587,614
22990,17818,2322,8628,1616,15496,1202,588,614
22995,17822,2322,8630,1616,15500,1202,588,614
23000,17825,2322,8631,1616,15503,1202,588,614
23005,17826,2322,8632,1616,15504,1202,588,614
23010,17831,2323,8633,1616,15508,1202,588,614
23015,17833,2323,8634,1616,15510,1203,589,614
23020,17841,2323,8638,1616,15518,1203,589,614
23025,17844,2323,8641,1616,15521,1203,589,614
23030,17849,2323,8643,1616,15526,1203,589,614
23035,17853,2323,8645,1616,15530,1203,589,614
23040,17856,2323,8646,1616,15533,1203,589,614
23045,17857,2323,8647,1616,15534,1203,589,614
23050,17862,2324,8650,1617,15538,1203,589,614
23055,17864,2324,8651,1617,15540,1204,589,615
23060,17872,2324,8655,1617,15548,1204,589,615
23065,17875,2324,8656,1617,15551,1204,589,615
23070,17880,2324,8659,1617,15556,1204,589,615
23075,17884,2324,8662,1617,15559,1204,589,615
23080,17887,2325,8664,1618,15562,1204,589,615
23085,17888,2325,8665,1618,15563,1204,589,615
23090,17893,2326,8667,1618,15567,1204,589,615
23095,17895,2326,8668,1618,15569,1205,589,616
23100,17903,2328,8674,1620,15575,1206,590,616
23105,17906,2328,8674,1620,15578,1206,590,616
23110,17911,2329,8677,1621,15582,1207,590,617
23115,17915,2329,8678,1621,15586,1207,590,617
23120,17918,2329,8679,1621,15589,1207,590,617
23125,17919,2329,8679,1621,15590,1207,590,617
23130,17924,2330,8681,1621,15594,1207,590,617
23135,17926,2330,8682,1621,15596,1208,591,617
23140,17934,2331,8688,1622,15603,1208,591,617
23145,17937,2331,8690,1622,15606,1208,591,617
23150,17942,2332,8692,1623,15610,1209,591,618
23155,17946,2332,8693,1623,15614,1209,591,618
23160,17949,2333,8696,1624,15616,1209,591,618
23165,17950,2333,8697,1624,15617,1209,591,618
23170,17955,2334,8699,1624,15621,1209,591,618
23175,17957,2334,8699,1624,15623,1210,591,619
23180,17965,2335,8705,1625,15630,1210,591,619
23185,17968,2336,8707,1626,15632,1210,591,619
23190,17973,2337,8710,1626,15636,1210,591,619
23195,17977,2337,8712,1626,15640,1210,591,619
23200,17980,2337,8714,1626,15643,1210,591,619
23205,17981,2337,8714,1626,15644,1210,591,619
23210,17986,2338,8716,1627,15648,1210,591,619
23215,17988,2338,8718,1627,15650,1211,592,619
23220,17996,2340,8723,1629,15655,1212,593,619
23225,17999,2342,8724,1631,15657,1212,593,619
23230,18004,2343,8727,1632,15661,1212,593,619
23235,18008,2343,8729,1632,15664,1212,593,619
23240,18011,2345,8731,1634,15666,1212,593,619
23245,18012,2345,8732,1634,15667,1212,593,619
23250,18017,2346,8735,1634,15671,1212,593,619
23255,18019,2346,8736,1634,15673,1213,593,620
23260,18027,2347,8743,1635,15680,1213,593,620
23265,18030,2347,8744,1635,15683,1213,593,620
23270,18035,2348,8747,1635,15687,1214,593,621
23275,18039,2348,8748,1635,15691,1214,593,621
23280,18042,2349,8750,1636,15693,1214,593,621
23285,18043,2349,8750,1636,15694,1214,593,621
23290,18048,2350,8755,1637,15698,1214,593,621
23295,18050,2350,8755,1637,15700,1215,593,622
23300,18058,2351,8759,1638,15706,1215,593,622
23305,18061,2353,8762,1640,15708,1215,593,622
23310,18066,2354,8764,1640,15712,1216,593,623
23315,18070,2354,8768,1640,15716,1216,593,623
23320,18073,2354,8770,1640,15719,1216,593,623
23325,18074,2355,8771,1641,15719,1216,593,623
23330,18079,2356,8772,1641,15723,1216,593,623
23335,18081,2356,8772,1641,15725,1217,593,624
23340,18089,2357,8774,1641,15731,1218,594,624
23345,18092,2358,8774,1642,15734,1218,594,624
23350,18097,2359,8776,1643,15738,1219,595,624
23355,18101,2359,8777,1643,15742,1219,595,624
23360,18104,2359,8778,1643,15745,1219,595,624
23365,18105,2360,8779,1644,15745,1219,595,624
23370,18110,2361,8782,1645,15749,1219,595,624
23375,18112,2361,8783,1645,15751,1220,596,624
23380,18120,2362,8786,1646,15758,1221,596,625
23385,18123,2363,8788,1647,15760,1221,596,625
23390,18128,2364,8791,1648,15764,1222,596,626
23395,18132,2364,8792,1648,15768,1222,596,626
23400,18135,2364,8793,1648,15771,1222,596,626
23405,18136,2364,8794,1648,15772,1222,596,626
23410,18141,2365,8797,1649,15776,1222,596,626
23415,18143,2365,8799,1649,15778,1223,597,626
23420,18151,2365,8802,1649,15786,1223,597,626
23425,18154,2365,8805,1649,15789,1223,597,626
23430,18159,2366,8808,1650,15793,1224,598,626
23435,18163,2366,8809,1650,15796,1224,598,626
23440,18166,2367,8809,1651,15799,1224,598,626
23445,18167,2367,8809,1651,15800,1224,598,626
23450,18172,2368,8810,1651,15804,1224,598,626
23455,18174,2368,8811,1651,15806,1225,598,627
23460,18182,2368,8815,1651,15814,1225,598,627
23465,18185,2368,8816,1651,15817,1225,598,627
23470,18190,2369,8820,1652,15821,1226,599,627
23475,18194,2369,8823,1652,15824,1226,599,627
23480,18197,2370,8824,1653,15827,1226,599,627
23485,18198,2370,8825,1653,15828,1226,599,627
23490,18203,2371,8829,1654,15832,1226,599,627
23495,18205,2371,8830,1654,15834,1227,599,628
23500,18213,2371,8832,1654,15842,1227,599,628
23505,18216,2371,8833,1654,15845,1227,599,628
23510,18221,2372,8836,1655,15849,1228,600,628
23515,18225,2372,8839,1655,15852,1228,600,628
23520,18228,2373,8841,1656,15855,1228,600,628
23525,18229,2373,8842,1656,15856,1228,600,628
23530,18234,2373,8845,1656,15861,1228,600,628
23535,18236,2373,8845,1656,15863,1229,600,629
23540,18244,2375,8850,1658,15869,1230,600,630
23545,18247,2375,8853,1658,15872,1230,600,630
23550,18252,2376,8855,1659,15876,1230,600,630
23555,18256,2376,8857,1659,15880,1230,600,630
23560,18259,2376,8858,1659,15883,1230,600,630
23565,18260,2376,8859,1659,15884,1230,600,630
23570,18265,2376,8860,1659,15889,1230,600,630
23575,18267,2376,8861,1659,15891,1231,601,630
23580,18275,2378,8867,1660,15897,1232,602,630
23585,18278,2378,8868,1660,15900,1232,602,630
23590,18283,2379,8871,1661,15904,1232,602,630
23595,18287,2379,8872,1661,15908,1232,602,630
23600,18290,2379,8873,1661,15911,1232,602,630
23605,18291,2379,8873,1661,15912,1232,602,630
23610,18296,2379,8873,1661,15917,1232,602,630
23615,18298,2379,8873,1661,15919,1233,602,631
23620,18306,2381,8878,1663,15925,1234,602,632
23625,18309,2381,8878,1663,15928,1234,602,632
23630,18314,2382,8881,1664,15932,1234,602,632
23635,18318,2382,8883,1664,15935,1234,602,632
23640,18321,2384,8885,1666,15937,1234,602,632
23645,18322,2384,8885,1666,15938,1234,602,632
23650,18327,2385,8888,1666,15942,1234,602,632
23655,18329,2385,8889,1666,15944,1235,603,632
23660,18337,2386,8893,1666,15951,1235,603,632
23665,18340,2387,8895,1667,15953,1235,603,632
23670,18345,2388,8898,1667,15957,1236,604,632
23675,18349,2388,8899,1667,15961,1236,604,632
23680,18352,2389,8901,1668,15963,1236,604,632
23685,18353,2389,8901,1668,15964,1236,604,632
23690,18358,2390,8904,1668,15968,1236,604,632
23695,18360,2390,8905,1668,15970,1237,605,632
23700,18368,2391,8910,1668,15977,1237,605,632
23705,18371,2392,8912,1669,15979,1237,605,632
23710,18376,2393,8914,1669,15983,1238,605,633
23715,18380,2393,8917,1669,15987,1238,605,633
23720,18383,2394,8919,1670,15989,1238,605,633
23725,18384,2394,8920,1670,15990,1238,605,633
23730,18389,2395,8923,1670,15994,1238,605,633
23735,18391,2395,8925,1670,15996,1239,606,633
23740,18399,2396,8930,1670,16003,1239,606,633
23745,18402,2397,8931,1671,16005,1239,606,633
23750,18407,2398,8934,1671,16009,1240,606,634
23755,18411,2398,8937,1671,16012,1240,606,634
23760,18414,2399,8939,1672,16015,1240,606,634
23765,18415,2400,8940,1673,16015,1240,606,634
23770,18420,2401,8944,1673,16019,1240,606,634
23775,18422,2401,8944,1673,16021,1241,606,635
23780,18430,2401,8950,1673,16029,1241,606,635
23785,18433,2401,8951,1673,16032,1241,606,635
23790,18438,2401,8953,1673,16037,1241,606,635
23795,18442,2401,8955,1673,16040,1241,606,635
23800,18445,2402,8956,1674,16043,1241,606,635
23805,18446,2402,8956,1674,16044,1241,606,635
23810,18451,2403,8961,1675,16048,1241,606,635
23815,18453,2403,8962,1675,16050,1242,606,636
23820,18461,2403,8967,1675,16058,1242,606,636
23825,18464,2403,8968,1675,16061,1242,606,636
23830,18469,2403,8971,1675,16066,1242,606,636
23835,18473,2403,8971,1675,16070,1242,606,636
23840,18476,2403,8972,1675,16073,1242,606,636
23845,18477,2403,8972,1675,16074,1242,606,636
23850,18482,2404,8974,1676,16078,1242,606,636
23855,18484,2404,8976,1676,16080,1243,607,636
23860,18492,2404,8978,1676,16088,1243,607,636
23865,18495,2404,8980,1676,16091,1243,607,636
23870,18500,2405,8980,1676,16095,1244,607,637
23875,18504,2405,8984,1676,16098,1244,607,637
23880,18507,2406,8986,1677,16101,1244,607,637
23885,18508,2406,8987,1677,16102,1244,607,637
23890,18513,2407,8989,1677,16106,1244,607,637
23895,18515,2407,8990,1677,16108,1245,608,637
23900,18523,2408,8993,1677,16115,1245,608,637
23905,18526,2408,8994,1677,16118,1245,608,637
23910,18531,2409,8997,1678,16122,1245,608,637
23915,18535,2409,8998,1678,16126,1245,608,637
23920,18538,2410,8999,1679,16128,1245,608,637
23925,18539,2410,9000,1679,16129,1245,608,637
23930,18544,2411,9001,1680,16133,1245,608,637
23935,18546,2411,9001,1680,16135,1246,608,638
23940,18554,2412,9005,1681,16142,1246,608,638
23945,18557,2412,9006,1681,16145,1246,608,638
23950,18562,2413,9011,1682,16149,1246,608,638
23955,18566,2413,9013,1682,16152,1246,608,638
23960,18569,2414,9015,1683,16155,1246,608,638
23965,18570,2415,9016,1684,16155,1246,608,638
23970,18575,2416,9020,1685,16159,1246,608,638
23975,18577,2416,9021,1685,16161,1247,608,639
23980,18585,2417,9025,1686,16168,1247,608,639
23985,18588,2418,9026,1687,16170,1247,608,639
23990,18593,2419,9029,1688,16174,1248,608,640
23995,18597,2419,9032,1688,16178,1248,608,640
24000,18600,2419,9032,1688,16181,1248,608,640
24005,18601,2420,9033,1689,16181,1248,608,640
24010,18606,2420,9035,1689,16186,1248,608,640
24015,18608,2420,9035,1689,16188,1249,608,641
24020,18616,2421,9038,1690,16195,1249,608,641
24025,18619,2421,9040,1690,16198,1249,608,641
24030,18624,2422,9042,1691,16202,1250,608,642
24035,18628,2422,9043,1691,16206,1250,608,642
24040,18631,2423,9045,1692,16208,1250,608,642
24045,18632,2423,9046,1692,16209,1250,608,642
24050,18637,2423,9046,1692,16214,1250,608,642
24055,18639,2423,9046,1692,16216,1251,608,643
24060,18647,2425,9053,1694,16222,1251,608,643
24065,18650,2425,9055,1694,16225,1251,608,643
24070,18655,2426,9059,1694,16229,1252,609,643
24075,18659,2426,9060,1694,16233,1252,609,643
24080,18662,2426,9061,1694,16236,1252,609,643
24085,18663,2426,9061,1694,16237,1252,609,643
24090,18668,2426,9065,1694,16242,1252,609,643
24095,18670,2426,9066,1694,16244,1253,609,644
24100,18678,2428,9072,1696,16250,1253,609,644
24105,18681,2428,9072,1696,16253,1253,609,644
24110,18686,2429,9074,1697,16257,1254,609,645
24115,18690,2429,9076,1697,16260,1254,609,645
24120,18693,2430,9076,1698,16263,1254,609,645
24125,18694,2430,9076,1698,16264,1254,609,645
24130,18699,2431,9078,1699,16268,1254,609,645
24135,18701,2431,9078,1699,16270,1255,609,646
24140,18709,2432,9082,1700,16277,1255,609,646
24145,18712,2432,9082,1700,16280,1255,609,646
24150,18717,2432,9085,1700,16285,1256,609,647
24155,18721,2432,9087,1700,16288,1256,609,647
24160,18724,2433,9089,1701,16291,1256,609,647
24165,18725,2433,9089,1701,16292,1256,609,647
24170,18730,2434,9094,1702,16296,1256,609,647
24175,18732,2434,9096,1702,16298,1257,610,647
24180,18740,2435,9101,1703,16305,1257,610,647
24185,18743,2436,9104,1704,16307,1257,610,647
24190,18748,2436,9106,1704,16312,1258,611,647
24195,18752,2436,9109,1704,16315,1258,611,647
24200,18755,2437,9109,1705,16318,1258,611,647
24205,18756,2437,9109,1705,16319,1258,611,647
24210,18761,2438,9113,1706,16323,1258,611,647
24215,18763,2438,9113,1706,16325,1259,611,648
24220,18771,2439,9115,1706,16332,1259,611,648
24225,18774,2440,9117,1707,16334,1259,611,648
24230,18779,2441,9118,1708,16338,1259,611,648
24235,18783,2441,9118,1708,16342,1259,611,648
24240,18786,2441,9120,1708,16345,1259,611,648
24245,18787,2441,9121,1708,16346,1259,611,648
24250,18792,2441,9123,1708,16351,1259,611,648
24255,18794,2441,9125,1708,16353,1260,612,648
24260,18802,2441,9132,1708,16361,1260,612,648
24265,18805,2441,9132,1708,16364,1260,612,648
24270,18810,2442,9135,1709,16368,1260,612,648
24275,18814,2442,9136,1709,16372,1260,612,648
24280,18817,2443,9137,1710,16374,1260,612,648
24285,18818,2443,9137,1710,16375,1260,612,648
24290,18823,2443,9139,1710,16380,1260,612,648
24295,18825,2443,9139,1710,16382,1261,612,649
24300,18833,2443,9142,1710,16390,1261,612,649
24305,18836,2443,9144,1710,16393,1261,612,649
24310,18841,2444,9148,1711,16397,1261,612,649
24315,18845,2444,9151,1711,16401,1261,612,649
24320,18848,2444,9153,1711,16404,1261,612,649
24325,18849,2444,9154,1711,16405,1261,612,649
24330,18854,2444,9156,1711,16410,1261,612,649
24335,18856,2444,9158,1711,16412,1262,613,649
24340,18864,2444,9162,1711,16420,1262,613,649
24345,18867,2444,9164,1711,16423,1262,613,649
24350,18872,2445,9167,1712,16427,1263,614,649
24355,18876,2445,9170,1712,16430,1263,614,649
24360,18879,2447,9173,1714,16432,1263,614,649
24365,18880,2447,9173,1714,16433,1263,614,649
24370,18885,2448,9176,1715,16437,1263,614,649
24375,18887,2448,9178,1715,16439,1264,615,649
24380,18895,2449,9179,1715,16446,1264,615,649
24385,18898,2449,9180,1715,16449,1264,615,649
24390,18903,2450,9185,1716,16453,1265,616,649
24395,18907,2450,9188,1716,16457,1265,616,649
24400,18910,2451,9189,1717,16459,1265,616,649
24405,18911,2451,9189,1717,16460,1265,616,649
24410,18916,2452,9191,1717,16464,1265,616,649
24415,18918,2452,9192,1717,16466,1266,617,649
24420,18926,2453,9195,1717,16473,1266,617,649
24425,18929,2454,9197,1718,16475,1266,617,649
24430,18934,2455,9199,1718,16479,1267,618,649
24435,18938,2455,9201,1718,16483,1267,618,649
24440,18941,2455,9201,1718,16486,1267,618,649
24445,18942,2455,9202,1718,16487,1267,618,649
24450,18947,2456,9206,1719,16491,1267,618,649
24455,18949,2456,9207,1719,16493,1268,618,650
24460,18957,2457,9209,1720,16500,1268,618,650
24465,18960,2458,9210,1721,16502,1268,618,650
24470,18965,2459,9211,1722,16506,1269,618,651
24475,18969,2459,9215,1722,16509,1269,618,651
24480,18972,2461,9217,1724,16511,1269,618,651
24485,18973,2461,9217,1724,16512,1269,618,651
24490,18978,2462,9221,1725,16516,1269,618,651
24495,18980,2462,9222,1725,16518,1270,619,651
24500,18988,2463,9226,1726,16525,1270,619,651
24505,18991,2463,9227,1726,16528,1270,619,651
24510,18996,2463,9228,1726,16533,1270,619,651
24515,19000,2463,9229,1726,16537,1270,619,651
24520,19003,2463,9230,1726,16540,1270,619,651
24525,19004,2463,9230,1726,16541,1270,619,651
24530,19009,2464,9232,1726,16545,1270,619,651
24535,19011,2464,9232,1726,16547,1271,619,652
24540,19019,2465,9236,1726,16554,1271,619,652
24545,19022,2466,9238,1727,16556,1271,619,652
24550,19027,2466,9240,1727,16561,1271,619,652
24555,19031,2466,9241,1727,16565,1271,619,652
24560,19034,2466,9244,1727,16568,1271,619,652
24565,19035,2466,9245,1727,16569,1271,619,652
24570,19040,2467,9247,1727,16573,1271,619,652
24575,19042,2467,9248,1727,16575,1272,619,653
24580,19050,2468,9252,1727,16582,1272,619,653
24585,19053,2468,9254,1727,16585,1272,619,653
24590,19058,2469,9254,1727,16589,1273,619,654
24595,19062,2469,9256,1727,16592,1273,619,654
24600,19065,2470,9256,1728,16595,1273,619,654
24605,19066,2470,9257,1728,16596,1273,619,654
24610,19071,2471,9259,1728,16600,1273,619,654
24615,19073,2471,9261,1728,16602,1274,620,654
24620,19081,2471,9266,1728,16610,1274,620,654
24625,19084,2471,9266,1728,16613,1274,620,654
24630,19089,2472,9270,1729,16617,1274,620,654
24635,19093,2472,9274,1729,16620,1274,620,654
24640,19096,2474,9276,1731,16622,1274,620,654
24645,19097,2474,9277,1731,16623,1274,620,654
24650,19102,2475,9279,1732,16627,1274,620,654
24655,19104,2475,9280,1732,16629,1275,621,654
24660,19112,2475,9283,1732,16637,1275,621,654
24665,19115,2475,9283,1732,16640,1275,621,654
24670,19120,2476,9287,1733,16644,1275,621,654
24675,19124,2476,9290,1733,16648,1275,621,654
24680,19127,2477,9292,1734,16650,1275,621,654
24685,19128,2478,9293,1735,16650,1275,621,654
24690,19133,2479,9296,1736,16654,1275,621,654
24695,19135,2479,9297,1736,16656,1276,622,654
24700,19143,2479,9302,1736,16664,1276,622,654
24705,19146,2479,9303,1736,16667,1276,622,654
24710,19151,2480,9304,1737,16671,1277,622,655
24715,19155,2480,9305,1737,16675,1277,622,655
24720,19158,2480,9306,1737,16678,1277,622,655
24725,19159,2480,9306,1737,16679,1277,622,655
24730,19164,2481,9309,1737,16683,1277,622,655
24735,19166,2481,9310,1737,16685,1278,623,655
24740,19174,2482,9312,1737,16692,1278,623,655
24745,19177,2483,9314,1738,16694,1278,623,655
24750,19182,2484,9317,1739,16698,1279,623,656
24755,19186,2484,9319,1739,16702,1279,623,656
24760,19189,2485,9321,1740,16704,1279,623,656
24765,19190,2486,9322,1741,16704,1279,623,656
24770,19195,2487,9326,1742,16708,1279,623,656
24775,19197,2487,9328,1742,16710,1280,624,656
24780,19205,2488,9333,1743,16717,1280,624,656
24785,19208,2488,9334,1743,16720,1280,624,656
24790,19213,2489,9336,1743,16724,1281,624,657
24795,19217,2489,9337,1743,16728,1281,624,657
24800,19220,2490,9340,1744,16730,1281,624,657
24805,19221,2490,9340,1744,16731,1281,624,657
24810,19226,2491,9342,1745,16735,1281,624,657
24815,19228,2491,9342,1745,16737,1282,624,658
24820,19236,2492,9346,1745,16744,1282,624,658
24825,19239,2492,9346,1745,16747,1282,624,658
24830,19244,2493,9348,1745,16751,1283,625,658
24835,19248,2493,9350,1745,16755,1283,625,658
24840,19251,2493,9350,1745,16758,1283,625,658
24845,19252,2494,9351,1746,16758,1283,625,658
24850,19257,2495,9353,1746,16762,1283,625,658
24855,19259,2495,9355,1746,16764,1284,626,658
24860,19267,2497,9358,1748,16770,1284,626,658
24865,19270,2497,9360,1748,16773,1284,626,658
24870,19275,2497,9363,1748,16778,1285,627,658
24875,19279,2497,9365,1748,16782,1285,627,658
24880,19282,2497,9366,1748,16785,1285,627,658
24885,19283,2497,9366,1748,16786,1285,627,658
24890,19288,2498,9368,1748,16790,1285,627,658
24895,19290,2498,9368,1748,16792,1286,627,659
24900,19298,2500,9371,1750,16798,1286,627,659
24905,19301,2501,9373,1751,16800,1286,627,659
24910,19306,2501,9374,1751,16805,1287,627,660
24915,19310,2501,9376,1751,16809,1287,627,660
24920,19313,2501,9377,1751,16812,1287,627,660
24925,19314,2501,9377,1751,16813,1287,627,660
24930,19319,2502,9380,1752,16817,1287,627,660
24935,19321,2502,9381,1752,16819,1288,627,661
24940,19329,2503,9385,1753,16826,1288,627,661
24945,19332,2503,9387,1753,16829,1288,627,661
24950,19337,2504,9391,1754,16833,1289,628,661
24955,19341,2504,9392,1754,16837,1289,628,661
24960,19344,2505,9394,1755,16839,1289,628,661
24965,19345,2505,9394,1755,16840,1289,628,661
24970,19350,2506,9397,1756,16844,1289,628,661
24975,19352,2506,9398,1756,16846,1290,629,661
24980,19360,2506,9402,1756,16854,1290,629,661
24985,19363,2506,9402,1756,16857,1290,629,661
24990,19368,2507,9406,1757,16861,1290,629,661
24995,19372,2507,9409,1757,16864,1290,629,661
25000,19375,2508,9409,1758,16867,1290,629,661
25005,19376,2508,9409,1758,16868,1290,629,661
25010,19381,2509,9413,1758,16872,1290,629,661
25015,19383,2509,9414,1758,16874,1291,630,661
25020,19391,2509,9417,1758,16882,1291,630,661
25025,19394,2509,9417,1758,16885,1291,630,661
25030,19399,2510,9420,1758,16889,1291,630,661
25035,19403,2510,9422,1758,16892,1291,630,661
25040,19406,2512,9423,1760,16894,1291,630,661
25045,19407,2513,9424,1761,16894,1291,630,661
25050,19412,2514,9426,1761,16898,1291,630,661
25055,19414,2514,9428,1761,16900,1292,631,661
25060,19422,2514,9433,1761,16908,1292,631,661
25065,19425,2514,9434,1761,16911,1292,631,661
25070,19430,2515,9435,1762,16915,1293,631,662
25075,19434,2515,9439,1762,16918,1293,631,662
25080,19437,2516,9440,1763,16921,1293,631,662
25085,19438,2516,9440,1763,16922,1293,631,662
25090,19443,2517,9443,1764,16926,1293,631,662
25095,19445,2517,9444,1764,16928,1294,632,662
25100,19453,2518,9449,1765,16935,1294,632,662
25105,19456,2518,9451,1765,16938,1294,632,662
25110,19461,2519,9454,1765,16942,1295,632,663
25115,19465,2519,9455,1765,16946,1295,632,663
25120,19468,2519,9456,1765,16949,1295,632,663
25125,19469,2520,9457,1766,16949,1295,632,663
25130,19474,2521,9460,1767,16953,1295,632,663
25135,19476,2521,9460,1767,16955,1296,632,664
25140,19484,2522,9464,1767,16962,1296,632,664
25145,19487,2523,9466,1768,16964,1296,632,664
25150,19492,2524,9470,1768,16968,1297,633,664
25155,19496,2524,9471,1768,16972,1297,633,664
25160,19499,2525,9472,1769,16974,1297,633,664
25165,19500,2525,9472,1769,16975,1297,633,664
25170,19505,2526,9473,1769,16979,1297,633,664
25175,19507,2526,9475,1769,16981,1298,634,664
25180,19515,2527,9478,1769,16988,1298,634,664
25185,19518,2528,9480,1770,16990,1298,634,664
25190,19523,2529,9484,1770,16994,1299,635,664
25195,19527,2529,9486,1770,16997,1299,635,664
25200,19530,2530,9488,1771,17000,1299,635,664
25205,19531,2530,9489,1771,17001,1299,635,664
25210,19536,2530,9490,1771,17006,1299,635,664
25215,19538,2530,9490,1771,17008,1300,635,665
25220,19546,2531,9496,1772,17015,1300,635,665
25225,19549,2532,9499,1773,17017,1300,635,665
25230,19554,2533,9500,1773,17021,1301,635,666
25235,19558,2533,9501,1773,17025,1301,635,666
25240,19561,2534,9502,1774,17027,1301,635,666
25245,19562,2534,9503,1774,17028,1301,635,666
25250,19567,2534,9505,1774,17033,1301,635,666
25255,19569,2534,9506,1774,17035,1302,636,666
25260,19577,2535,9510,1775,17042,1302,636,666
25265,19580,2536,9512,1776,17044,1302,636,666
25270,19585,2537,9514,1776,17048,1303,637,666
25275,19589,2537,9517,1776,17051,1303,637,666
25280,19592,2538,9517,1777,17054,1303,637,666
25285,19593,2538,9518,1777,17055,1303,637,666
25290,19598,2538,9521,1777,17060,1303,637,666
25295,19600,2538,9523,1777,17062,1304,638,666
25300,19608,2539,9525,1777,17069,1304,638,666
25305,19611,2539,9526,1777,17072,1304,638,666
25310,19616,2540,9528,1777,17076,1305,639,666
25315,19620,2540,9529,1777,17080,1305,639,666
25320,19623,2540,9530,1777,17083,1305,639,666
25325,19624,2541,9531,1778,17083,1305,639,666
25330,19629,2542,9533,1779,17087,1305,639,666
25335,19631,2542,9534,1779,17089,1306,639,667
25340,19639,2544,9540,1781,17095,1307,640,667
25345,19642,2544,9541,1781,17098,1307,640,667
25350,19647,2544,9542,1781,17103,1307,640,667
25355,19651,2544,9543,1781,17106,1307,640,667
25360,19654,2545,9544,1782,17109,1307,640,667
25365,19655,2546,9545,1783,17109,1307,640,667
25370,19660,2547,9549,1784,17113,1307,640,667
25375,19662,2547,9549,1784,17115,1308,640,668
25380,19670,2549,9554,1786,17121,1309,641,668
25385,19673,2549,9555,1786,17124,1309,641,668
25390,19678,2549,9557,1786,17129,1309,641,668
25395,19682,2549,9559,1786,17133,1309,641,668
25400,19685,2549,9560,1786,17136,1309,641,668
25405,19686,2549,9561,1786,17137,1309,641,668
25410,19691,2549,9564,1786,17142,1309,641,668
25415,19693,2549,9565,1786,17144,1310,641,669
25420,19701,2551,9570,1788,17150,1310,641,669
25425,19704,2551,9571,1788,17153,1310,641,669
25430,19709,2552,9573,1788,17157,1311,642,669
25435,19713,2552,9575,1788,17161,1311,642,669
25440,19716,2553,9577,1789,17163,1311,642,669
25445,19717,2553,9577,1789,17164,1311,642,669
25450,19722,2553,9578,1789,17169,1311,642,669
25455,19724,2553,9579,1789,17171,1312,642,670
25460,19732,2553,9585,1789,17179,1313,643,670
25465,19735,2553,9587,1789,17182,1313,643,670
25470,19740,2554,9590,1790,17186,1313,643,670
25475,19744,2554,9594,1790,17190,1313,643,670
25480,19747,2555,9596,1791,17192,1313,643,670
25485,19748,2555,9597,1791,17193,1313,643,670
25490,19753,2556,9599,1792,17197,1313,643,670
25495,19755,2556,9600,1792,17199,1314,644,670
25500,19763,2557,9604,1793,17205,1315,645,670
25505,19766,2558,9604,1794,17208,1315,645,670
25510,19771,2559,9607,1794,17212,1315,645,670
25515,19775,2559,9608,1794,17216,1315,645,670
25520,19778,2560,9611,1795,17218,1315,645,670
25525,19779,2561,9612,1796,17218,1315,645,670
25530,19784,2562,9613,1796,17222,1315,645,670
25535,19786,2562,9614,1796,17224,1316,645,671
25540,19794,2562,9617,1796,17232,1316,645,671
25545,19797,2562,9619,1796,17235,1316,645,671
25550,19802,2563,9621,1797,17239,1317,645,672
25555,19806,2563,9625,1797,17243,1317,645,672
25560,19809,2564,9628,1798,17245,1317,645,672
25565,19810,2564,9628,1798,17246,1317,645,672
25570,19815,2565,9630,1799,17250,1317,645,672
25575,19817,2565,9631,1799,17252,1318,646,672
25580,19825,2567,9634,1800,17257,1319,646,673
25585,19828,2568,9636,1801,17260,1319,646,673
25590,19833,2568,9637,1801,17265,1320,646,674
25595,19837,2568,9640,1801,17269,1320,646,674
25600,19840,2568,9641,1801,17272,1320,646,674
25605,19841,2569,9642,1802,17272,1320,646,674
25610,19846,2570,9646,1803,17276,1320,646,674
25615,19848,2570,9646,1803,17278,1321,646,675
25620,19856,2573,9651,1805,17283,1322,647,675
25625,19859,2573,9652,1805,17286,1322,647,675
25630,19864,2573,9657,1805,17291,1323,648,675
25635,19868,2573,9658,1805,17295,1323,648,675
25640,19871,2573,9660,1805,17298,1323,648,675
25645,19872,2573,9661,1805,17299,1323,648,675
25650,19877,2573,9663,1805,17304,1323,648,675
25655,19879,2573,9663,1805,17306,1324,648,676
25660,19887,2574,9666,1805,17313,1324,648,676
25665,19890,2575,9668,1806,17315,1324,648,676
25670,19895,2575,9670,1806,17320,1325,649,676
25675,19899,2575,9673,1806,17324,1325,649,676
25680,19902,2575,9674,1806,17327,1325,649,676
25685,19903,2575,9674,1806,17328,1325,649,676
25690,19908,2575,9676,1806,17333,1325,649,676
25695,19910,2575,9677,1806,17335,1326,650,676
25700,19918,2576,9680,1806,17342,1326,650,676
25705,19921,2576,9682,1806,17345,1326,650,676
25710,19926,2577,9684,1806,17349,1326,650,676
25715,19930,2577,9686,1806,17353,1326,650,676
25720,19933,2577,9687,1806,17356,1326,650,676
25725,19934,2577,9688,1806,17357,1326,650,676
25730,19939,2578,9690,1806,17361,1326,650,676
25735,19941,2578,9691,1806,17363,1327,651,676
25740,19949,2579,9693,1807,17370,1328,651,677
25745,19952,2579,9695,1807,17373,1328,651,677
25750,19957,2580,9697,1807,17377,1328,651,677
25755,19961,2580,9697,1807,17381,1328,651,677
25760,19964,2580,9699,1807,17384,1328,651,677
25765,19965,2580,9699,1807,17385,1328,651,677
25770,19970,2581,9702,1807,17389,1328,651,677
25775,19972,2581,9703,1807,17391,1329,652,677
25780,19980,2582,9707,1807,17398,1329,652,677
25785,19983,2582,9708,1807,17401,1329,652,677
25790,19988,2583,9709,1807,17405,1330,652,678
25795,19992,2583,9710,1807,17409,1330,652,678
25800,19995,2583,9712,1807,17412,1330,652,678
25805,19996,2584,9713,1808,17412,1330,652,678
25810,20001,2585,9715,1808,17416,1330,652,678
25815,20003,2585,9716,1808,17418,1331,653,678
25820,20011,2586,9720,1808,17425,1331,653,678
25825,20014,2587,9721,1809,17427,1331,653,678
25830,20019,2588,9725,1810,17431,1332,653,679
25835,20023,2588,9728,1810,17435,1332,653,679
25840,20026,2588,9729,1810,17438,1332,653,679
25845,20027,2588,9729,1810,17439,1332,653,679
25850,20032,2589,9730,1810,17443,1332,653,679
25855,20034,2589,9731,1810,17445,1333,654,679
25860,20042,2590,9735,1811,17451,1334,655,679
25865,20045,2591,9736,1812,17454,1334,655,679
25870,20050,2592,9738,1812,17458,1335,655,680
25875,20054,2592,9741,1812,17461,1335,655,680
25880,20057,2594,9743,1814,17463,1335,655,680
25885,20058,2595,9744,1815,17463,1335,655,680
25890,20063,2596,9749,1816,17467,1335,655,680
25895,20065,2596,9749,1816,17469,1336,655,681
25900,20073,2597,9754,1817,17476,1336,655,681
25905,20076,2598,9756,1818,17478,1336,655,681
25910,20081,2599,9758,1819,17482,1337,655,682
25915,20085,2599,9760,1819,17486,1337,655,682
25920,20088,2600,9762,1820,17488,1337,655,682
25925,20089,2600,9762,1820,17489,1337,655,682
25930,20094,2601,9765,1820,17493,1337,655,682
25935,20096,2601,9767,1820,17495,1338,656,682
25940,20104,2602,9772,1821,17502,1338,656,682
25945,20107,2603,9773,1822,17504,1338,656,682
25950,20112,2604,9774,1822,17508,1339,656,683
25955,20116,2604,9774,1822,17512,1339,656,683
25960,20119,2604,9775,1822,17515,1339,656,683
25965,20120,2605,9776,1823,17515,1339,656,683
25970,20125,2606,9777,1823,17519,1339,656,683
25975,20127,2606,9777,1823,17521,1340,656,684
25980,20135,2608,9781,1824,17526,1341,656,685
25985,20138,2610,9783,1826,17528,1341,656,685
25990,20143,2610,9786,1826,17533,1342,657,685
25995,20147,2610,9787,1826,17537,1342,657,685
26000,20150,2610,9788,1826,17540,1342,657,685
26005,20151,2610,9788,1826,17541,1342,657,685
26010,20156,2610,9790,1826,17546,1342,657,685
26015,20158,2610,9791,1826,17548,1343,658,685
26020,20166,2611,9794,1827,17555,1343,658,685
26025,20169,2611,9794,1827,17558,1343,658,685
26030,20174,2611,9795,1827,17563,1343,658,685
26035,20178,2611,9798,1827,17567,1343,658,685
26040,20181,2611,9800,1827,17570,1343,658,685
26045,20182,2611,9801,1827,17571,1343,658,685
26050,20187,2612,9802,1828,17575,1343,658,685
26055,20189,2612,9803,1828,17577,1344,659,685
26060,20197,2613,9808,1828,17583,1345,660,685
26065,20200,2615,9810,1830,17585,1345,660,685
26070,20205,2615,9811,1830,17590,1345,660,685
26075,20209,2615,9813,1830,17593,1345,660,685
26080,20212,2616,9815,1831,17596,1345,660,685
26085,20213,2616,9816,1831,17597,1345,660,685
26090,20218,2617,9819,1831,17601,1345,660,685
26095,20220,2617,9820,1831,17603,1346,661,685
26100,20228,2619,9822,1833,17609,1347,661,686
26105,20231,2619,9823,1833,17612,1347,661,686
26110,20236,2620,9827,1834,17616,1348,662,686
26115,20240,2620,9829,1834,17620,1348,662,686
26120,20243,2620,9829,1834,17623,1348,662,686
26125,20244,2621,9830,1835,17623,1348,662,686
26130,20249,2622,9831,1835,17627,1348,662,686
26135,20251,2622,9833,1835,17629,1349,663,686
26140,20259,2623,9836,1835,17636,1349,663,686
26145,20262,2623,9836,1835,17639,1349,663,686
26150,20267,2624,9839,1836,17643,1350,664,686
26155,20271,2624,9841,1836,17647,1350,664,686
26160,20274,2624,9842,1836,17650,1350,664,686
26165,20275,2625,9843,1837,17650,1350,664,686
26170,20280,2626,9845,1837,17654,1350,664,686
26175,20282,2626,9845,1837,17656,1351,664,687
26180,20290,2627,9846,1837,17663,1351,664,687
26185,20293,2627,9846,1837,17666,1351,664,687
26190,20298,2628,9848,1837,17670,1352,665,687
26195,20302,2628,9850,1837,17674,1352,665,687
26200,20305,2628,9852,1837,17677,1352,665,687
26205,20306,2629,9853,1838,17677,1352,665,687
26210,20311,2630,9855,1839,17681,1352,665,687
26215,20313,2630,9856,1839,17683,1353,665,688
26220,20321,2632,9858,1840,17689,1354,666,688
26225,20324,2633,9860,1841,17691,1354,666,688
26230,20329,2634,9863,1841,17695,1355,666,689
26235,20333,2634,9866,1841,17698,1355,666,689
26240,20336,2636,9867,1843,17700,1355,666,689
26245,20337,2636,9868,1843,17701,1355,666,689
26250,20342,2636,9870,1843,17706,1355,666,689
26255,20344,2636,9870,1843,17708,1356,666,690
26260,20352,2637,9873,1843,17715,1356,666,690
26265,20355,2637,9874,1843,17718,1356,666,690
26270,20360,2638,9875,1843,17722,1357,666,691
26275,20364,2638,9878,1843,17725,1357,666,691
26280,20367,2639,9880,1844,17728,1357,666,691
26285,20368,2639,9881,1844,17729,1357,666,691
26290,20373,2639,9883,1844,17734,1357,666,691
26295,20375,2639,9884,1844,17736,1358,667,691
26300,20383,2640,9890,1845,17743,1358,667,691
26305,20386,2641,9892,1846,17745,1358,667,691
26310,20391,2642,9894,1847,17749,1359,668,691
26315,20395,2642,9897,1847,17752,1359,668,691
26320,20398,2644,9899,1849,17754,1359,668,691
26325,20399,2644,9899,1849,17755,1359,668,691
26330,20404,2645,9900,1850,17759,1359,668,691
26335,20406,2645,9900,1850,17761,1360,668,692
26340,20414,2648,9906,1853,17765,1361,669,692
26345,20417,2649,9907,1854,17768,1361,669,692
26350,20422,2650,9909,1854,17772,1362,670,692
26355,20426,2650,9911,1854,17776,1362,670,692
26360,20429,2651,9912,1855,17778,1362,670,692
26365,20430,2651,9912,1855,17779,1362,670,692
26370,20435,2652,9915,1856,17783,1362,670,692
26375,20437,2652,9915,1856,17785,1363,670,693
26380,20445,2654,9920,1858,17791,1364,671,693
26385,20448,2654,9922,1858,17794,1364,671,693
26390,20453,2655,9924,1859,17798,1364,671,693
26395,20457,2655,9924,1859,17802,1364,671,693
26400,20460,2655,9924,1859,17805,1364,671,693
26405,20461,2656,9925,1860,17805,1364,671,693
26410,20466,2657,9930,1861,17809,1364,671,693
26415,20468,2657,9932,1861,17811,1365,672,693
26420,20476,2659,9934,1862,17817,1365,672,693
26425,20479,2659,9936,1862,17820,1365,672,693
26430,20484,2660,9939,1863,17824,1365,672,693
26435,20488,2660,9940,1863,17828,1365,672,693
26440,20491,2661,9942,1864,17830,1365,672,693
26445,20492,2662,9943,1865,17830,1365,672,693
26450,20497,2663,9946,1866,17834,1365,672,693
26455,20499,2663,9947,1866,17836,1366,673,693
26460,20507,2664,9951,1866,17843,1366,673,693
26465,20510,2664,9952,1866,17846,1366,673,693
26470,20515,2664,9956,1866,17851,1367,674,693
26475,20519,2664,9958,1866,17854,1367,674,693
26480,20522,2665,9959,1867,17857,1367,674,693
26485,20523,2666,9960,1868,17857,1367,674,693
26490,20528,2667,9962,1869,17861,1367,674,693
26495,20530,2667,9963,1869,17863,1368,674,694
26500,20538,2668,9964,1869,17870,1368,674,694
26505,20541,2669,9966,1870,17872,1368,674,694
26510,20546,2669,9968,1870,17877,1369,675,694
26515,20550,2669,9970,1870,17880,1369,675,694
26520,20553,2670,9972,1871,17883,1369,675,694
26525,20554,2670,9972,1871,17884,1369,675,694
26530,20559,2671,9974,1872,17888,1369,675,694
26535,20561,2671,9974,1872,17890,1370,675,695
26540,20569,2672,9978,1873,17897,1370,675,695
26545,20572,2673,9979,1874,17899,1370,675,695
26550,20577,2673,9982,1874,17904,1370,675,695
26555,20581,2673,9984,1874,17907,1370,675,695
26560,20584,2674,9984,1875,17910,1370,675,695
26565,20585,2675,9985,1876,17910,1370,675,695
26570,20590,2676,9986,1876,17914,1370,675,695
26575,20592,2676,9988,1876,17916,1371,676,695
26580,20600,2678,9992,1877,17922,1372,677,695
26585,20603,2678,9994,1877,17925,1372,677,695
26590,20608,2679,9999,1878,17929,1373,678,695
26595,20612,2679,10003,1878,17932,1373,678,695
26600,20615,2681,10006,1880,17934,1373,678,695
26605,20616,2681,10006,1880,17935,1373,678,695
26610,20621,2681,10010,1880,17940,1373,678,695
26615,20623,2681,10011,1880,17942,1374,679,695
26620,20631,2681,10016,1880,17950,1375,680,695
26625,20634,2681,10017,1880,17953,1375,680,695
26630,20639,2682,10019,1880,17957,1376,680,696
26635,20643,2682,10021,1880,17961,1376,680,696
26640,20646,2682,10022,1880,17964,1376,680,696
26645,20647,2682,10022,1880,17965,1376,680,696
26650,20652,2682,10024,1880,17970,1376,680,696
26655,20654,2682,10025,1880,17972,1377,680,697
26660,20662,2682,10029,1880,17980,1378,680,698
26665,20665,2682,10030,1880,17983,1378,680,698
26670,20670,2683,10033,1881,17987,1379,681,698
26675,20674,2683,10036,1881,17990,1379,681,698
26680,20677,2684,10036,1882,17993,1379,681,698
26685,20678,2685,10037,1883,17993,1379,681,698
26690,20683,2686,10039,1883,17997,1379,681,698
26695,20685,2686,10040,1883,17999,1380,682,698
26700,20693,2687,10043,1884,18005,1381,683,698
26705,20696,2688,10044,1885,18008,1381,683,698
26710,20701,2689,10047,1886,18012,1382,684,698
26715,20705,2689,10049,1886,18016,1382,684,698
26720,20708,2689,10049,1886,18019,1382,684,698
26725,20709,2689,10049,1886,18020,1382,684,698
26730,20714,2690,10051,1886,18024,1382,684,698
26735,20716,2690,10051,1886,18026,1383,684,699
26740,20724,2691,10054,1887,18033,1383,684,699
26745,20727,2691,10055,1887,18036,1383,684,699
26750,20732,2692,10058,1888,18040,1384,685,699
26755,20736,2692,10061,1888,18044,1384,685,699
26760,20739,2693,10063,1889,18046,1384,685,699
26765,20740,2694,10064,1890,18046,1384,685,699
26770,20745,2695,10068,1891,18050,1384,685,699
26775,20747,2695,10068,1891,18052,1385,685,700
26780,20755,2696,10070,1891,18059,1385,685,700
26785,20758,2697,10072,1892,18061,1385,685,700
26790,20763,2698,10076,1893,18065,1385,685,700
26795,20767,2698,10077,1893,18069,1385,685,700
26800,20770,2698,10078,1893,18072,1385,685,700
26805,20771,2698,10078,1893,18073,1385,685,700
26810,20776,2699,10079,1894,18077,1385,685,700
26815,20778,2699,10080,1894,18079,1386,685,701
26820,20786,2701,10083,1895,18085,1387,686,701
26825,20789,2702,10084,1896,18087,1387,686,701
26830,20794,2703,10087,1897,18091,1387,686,701
26835,20798,2703,10089,1897,18094,1387,686,701
26840,20801,2705,10092,1899,18096,1387,686,701
26845,20802,2705,10092,1899,18097,1387,686,701
26850,20807,2705,10095,1899,18102,1387,686,701
26855,20809,2705,10096,1899,18104,1388,686,702
26860,20817,2706,10101,1899,18111,1388,686,702
26865,20820,2706,10102,1899,18114,1388,686,702
26870,20825,2707,10105,1900,18118,1388,686,702
26875,20829,2707,10106,1900,18122,1388,686,702
26880,20832,2708,10109,1901,18124,1388,686,702
26885,20833,2708,10109,1901,18125,1388,686,702
26890,20838,2708,10113,1901,18130,1388,686,702
26895,20840,2708,10113,1901,18132,1389,686,703
26900,20848,2709,10119,1901,18139,1389,686,703
26905,20851,2710,10120,1902,18141,1389,686,703
26910,20856,2711,10124,1903,18145,1389,686,703
26915,20860,2711,10124,1903,18149,1389,686,703
26920,20863,2712,10127,1904,18151,1389,686,703
26925,20864,2712,10128,1904,18152,1389,686,703
26930,20869,2713,10130,1904,18156,1389,686,703
26935,20871,2713,10130,1904,18158,1390,686,704
26940,20879,2714,10133,1904,18164,1391,687,704
26945,20882,2716,10134,1906,18166,1391,687,704
26950,20887,2716,10136,1906,18171,1392,687,705
26955,20891,2716,10138,1906,18174,1392,687,705
26960,20894,2717,10138,1907,18177,1392,687,705
26965,20895,2717,10139,1907,18178,1392,687,705
26970,20900,2718,10142,1907,18182,1392,687,705
26975,20902,2718,10144,1907,18184,1393,688,705
26980,20910,2719,10149,1908,18191,1393,688,705
26985,20913,2720,10151,1909,18193,1393,688,705
26990,20918,2720,10152,1909,18198,1394,688,706
26995,20922,2720,10154,1909,18201,1394,688,706
27000,20925,2721,10155,1910,18204,1394,688,706
27005,20926,2721,10156,1910,18205,1394,688,706
27010,20931,2722,10158,1910,18209,1394,688,706
27015,20933,2722,10160,1910,18211,1395,689,706
27020,20941,2723,10163,1911,18218,1395,689,706
27025,20944,2723,10163,1911,18221,1395,689,706
27030,20949,2723,10164,1911,18226,1396,689,707
27035,20953,2723,10166,1911,18229,1396,689,707
27040,20956,2724,10168,1912,18232,1396,689,707
27045,20957,2724,10168,1912,18233,1396,689,707
27050,20962,2725,10169,1912,18237,1396,689,707
27055,20964,2725,10169,1912,18239,1397,689,708
27060,20972,2728,10175,1915,18244,1398,689,709
27065,20975,2728,10176,1915,18247,1398,689,709
27070,20980,2729,10178,1915,18251,1398,689,709
27075,20984,2729,10181,1915,18254,1398,689,709
27080,20987,2730,10181,1916,18257,1398,689,709
27085,20988,2730,10182,1916,18258,1398,689,709
27090,20993,2730,10185,1916,18263,1398,689,709
27095,20995,2730,10186,1916,18265,1399,689,710
27100,21003,2731,10189,1917,18272,1399,689,710
27105,21006,2731,10192,1917,18275,1399,689,710
27110,21011,2732,10193,1917,18279,1399,689,710
27115,21015,2732,10193,1917,18283,1399,689,710
27120,21018,2732,10193,1917,18286,1399,689,710
27125,21019,2732,10193,1917,18287,1399,689,710
27130,21024,2732,10196,1917,18292,1399,689,710
27135,21026,2732,10197,1917,18294,1400,689,711
27140,21034,2733,10200,1917,18301,1400,689,711
27145,21037,2733,10201,1917,18304,1400,689,711
27150,21042,2734,10203,1917,18308,1400,689,711
27155,21046,2734,10205,1917,18312,1400,689,711
27160,21049,2735,10208,1918,18314,1400,689,711
27165,21050,2735,10208,1918,18315,1400,689,711
27170,21055,2736,10212,1919,18319,1400,689,711
27175,21057,2736,10212,1919,18321,1401,689,712
27180,21065,2738,10216,1920,18327,1402,689,713
27185,21068,2738,10216,1920,18330,1402,689,713
27190,21073,2739,10218,1921,18334,1403,689,714
27195,21077,2739,10220,1921,18338,1403,689,714
27200,21080,2739,10221,1921,18341,1403,689,714
27205,21081,2739,10221,1921,18342,1403,689,714
27210,21086,2740,10226,1922,18346,1403,689,714
27215,21088,2740,10227,1922,18348,1404,690,714
27220,21096,2741,10230,1923,18355,1404,690,714
27225,21099,2741,10230,1923,18358,1404,690,714
27230,21104,2742,10234,1924,18362,1405,691,714
27235,21108,2742,10234,1924,18366,1405,691,714
27240,21111,2742,10236,1924,18369,1405,691,714
27245,21112,2742,10237,1924,18370,1405,691,714
27250,21117,2743,10239,1925,18374,1405,691,714
27255,21119,2743,10239,1925,18376,1406,691,715
27260,21127,2744,10244,1926,18383,1406,691,715
27265,21130,2745,10247,1927,18385,1406,691,715
27270,21135,2746,10250,1927,18389,1407,692,715
27275,21139,2746,10252,1927,18393,1407,692,715
27280,21142,2746,10252,1927,18396,1407,692,715
27285,21143,2746,10252,1927,18397,1407,692,715
27290,21148,2747,10254,1927,18401,1407,692,715
27295,21150,2747,10255,1927,18403,1408,692,716
27300,21158,2748,10259,1928,18409,1409,692,717
27305,21161,2750,10260,1930,18411,1409,692,717
27310,21166,2751,10262,1930,18415,1409,692,717
27315,21170,2751,10263,1930,18419,1409,692,717
27320,21173,2751,10263,1930,18422,1409,692,717
27325,21174,2751,10263,1930,18423,1409,692,717
27330,21179,2752,10267,1931,18427,1409,692,717
27335,21181,2752,10268,1931,18429,1410,693,717
27340,21189,2753,10272,1931,18436,1410,693,717
27345,21192,2753,10272,1931,18439,1410,693,717
27350,21197,2754,10273,1931,18443,1410,693,717
27355,21201,2754,10276,1931,18446,1410,693,717
27360,21204,2755,10277,1932,18449,1410,693,717
27365,21205,2755,10277,1932,18450,1410,693,717
27370,21210,2756,10279,1933,18454,1410,693,717
27375,21212,2756,10281,1933,18456,1411,694,717
27380,21220,2757,10286,1934,18462,1411,694,717
27385,21223,2759,10288,1936,18464,1411,694,717
27390,21228,2760,10292,1937,18468,1411,694,717
27395,21232,2760,10294,1937,18472,1411,694,717
27400,21235,2761,10297,1938,18474,1411,694,717
27405,21236,2761,10298,1938,18475,1411,694,717
27410,21241,2762,10300,1938,18479,1411,694,717
27415,21243,2762,10301,1938,18481,1412,695,717
27420,21251,2765,10306,1940,18485,1413,696,717
27425,21254,2767,10308,1942,18487,1413,696,717
27430,21259,2768,10312,1943,18491,1414,697,717
27435,21263,2768,10312,1943,18495,1414,697,717
27440,21266,2769,10314,1944,18497,1414,697,717
27445,21267,2769,10314,1944,18498,1414,697,717
27450,21272,2770,10316,1945,18502,1414,697,717
27455,21274,2770,10316,1945,18504,1415,697,718
27460,21282,2771,10317,1945,18511,1416,697,719
27465,21285,2771,10319,1945,18514,1416,697,719
27470,21290,2772,10323,1946,18518,1417,698,719
27475,21294,2772,10325,1946,18522,1417,698,719
27480,21297,2773,10327,1947,18524,1417,698,719
27485,21298,2773,10327,1947,18525,1417,698,719
27490,21303,2774,10328,1947,18529,1417,698,719
27495,21305,2774,10329,1947,18531,1418,699,719
27500,21313,2775,10333,1948,18538,1418,699,719
27505,21316,2775,10333,1948,18541,1418,699,719
27510,21321,2775,10333,1948,18546,1419,699,720
27515,21325,2775,10335,1948,18550,1419,699,720
27520,21328,2775,10336,1948,18553,1419,699,720
27525,21329,2775,10336,1948,18554,1419,699,720
27530,21334,2776,10339,1948,18558,1419,699,720
27535,21336,2776,10341,1948,18560,1420,700,720
27540,21344,2778,10346,1950,18565,1420,700,720
27545,21347,2779,10348,1951,18568,1420,700,720
27550,21352,2779,10350,1951,18573,1421,700,721
27555,21356,2779,10350,1951,18577,1421,700,721
27560,21359,2779,10352,1951,18580,1421,700,721
27565,21360,2779,10353,1951,18581,1421,700,721
27570,21365,2780,10355,1952,18585,1421,700,721
27575,21367,2780,10356,1952,18587,1422,701,721
27580,21375,2780,10360,1952,18595,1422,701,721
27585,21378,2780,10361,1952,18598,1422,701,721
27590,21383,2780,10365,1952,18603,1423,702,721
27595,21387,2780,10367,1952,18606,1423,702,721
27600,21390,2781,10368,1953,18609,1423,702,721
27605,21391,2781,10369,1953,18610,1423,702,721
27610,21396,2782,10371,1953,18614,1423,702,721
27615,21398,2782,10373,1953,18616,1424,703,721
27620,21406,2783,10377,1954,18623,1424,703,721
27625,21409,2783,10377,1954,18626,1424,703,721
27630,21414,2783,10380,1954,18631,1425,703,722
27635,21418,2783,10381,1954,18635,1425,703,722
27640,21421,2783,10382,1954,18638,1425,703,722
27645,21422,2783,10382,1954,18639,1425,703,722
27650,21427,2784,10383,1954,18643,1425,703,722
27655,21429,2784,10385,1954,18645,1426,704,722
27660,21437,2786,10391,1956,18651,1426,704,722
27665,21440,2786,10391,1956,18654,1426,704,722
27670,21445,2787,10393,1956,18658,1426,704,722
27675,21449,2787,10396,1956,18661,1426,704,722
27680,21452,2789,10399,1958,18663,1426,704,722
27685,21453,2790,10400,1959,18663,1426,704,722
27690,21458,2791,10401,1960,18667,1426,704,722
27695,21460,2791,10403,1960,18669,1427,705,722
27700,21468,2793,10409,1962,18675,1427,705,722
27705,21471,2793,10411,1962,18678,1427,705,722
27710,21476,2795,10416,1964,18681,1427,705,722
27715,21480,2795,10418,1964,18684,1427,705,722
27720,21483,2797,10420,1966,18686,1427,705,722
27725,21484,2797,10421,1966,18687,1427,705,722
27730,21489,2797,10421,1966,18692,1427,705,722
27735,21491,2797,10422,1966,18694,1428,706,722
27740,21499,2797,10424,1966,18702,1428,706,722
27745,21502,2797,10426,1966,18705,1428,706,722
27750,21507,2798,10427,1966,18709,1428,706,722
27755,21511,2798,10429,1966,18713,1428,706,722
27760,21514,2798,10429,1966,18716,1428,706,722
27765,21515,2798,10429,1966,18717,1428,706,722
27770,21520,2798,10432,1966,18722,1428,706,722
27775,21522,2798,10433,1966,18724,1429,706,723
27780,21530,2798,10438,1966,18732,1429,706,723
27785,21533,2798,10439,1966,18735,1429,706,723
27790,21538,2799,10440,1966,18739,1430,706,724
27795,21542,2799,10443,1966,18743,1430,706,724
27800,21545,2799,10444,1966,18746,1430,706,724
27805,21546,2799,10444,1966,18747,1430,706,724
27810,21551,2799,10447,1966,18752,1430,706,724
27815,21553,2799,10449,1966,18754,1431,707,724
27820,21561,2799,10452,1966,18762,1431,707,724
27825,21564,2799,10453,1966,18765,1431,707,724
27830,21569,2800,10458,1967,18769,1432,708,724
27835,21573,2800,10461,1967,18772,1432,708,724
27840,21576,2802,10463,1969,18774,1432,708,724
27845,21577,2802,10463,1969,18775,1432,708,724
27850,21582,2803,10466,1969,18779,1432,708,724
27855,21584,2803,10468,1969,18781,1433,709,724
27860,21592,2804,10472,1970,18788,1433,709,724
27865,21595,2804,10472,1970,18791,1433,709,724
27870,21600,2805,10475,1971,18795,1434,710,724
27875,21604,2805,10477,1971,18799,1434,710,724
27880,21607,2805,10480,1971,18802,1434,710,724
27885,21608,2806,10481,1972,18802,1434,710,724
27890,21613,2807,10485,1973,18806,1434,710,724
27895,21615,2807,10487,1973,18808,1435,711,724
27900,21623,2808,10490,1974,18815,1435,711,724
27905,21626,2808,10490,1974,18818,1435,711,724
27910,21631,2809,10494,1974,18822,1435,711,724
27915,21635,2809,10494,1974,18826,1435,711,724
27920,21638,2809,10495,1974,18829,1435,711,724
27925,21639,2810,10496,1975,18829,1435,711,724
27930,21644,2811,10500,1976,18833,1435,711,724
27935,21646,2811,10501,1976,18835,1436,712,724
27940,21654,2812,10506,1977,18842,1436,712,724
27945,21657,2813,10507,1978,18844,1436,712,724
27950,21662,2815,10511,1980,18847,1436,712,724
27955,21666,2815,10513,1980,18851,1436,712,724
27960,21669,2816,10515,1981,18853,1436,712,724
27965,21670,2816,10516,1981,18854,1436,712,724
27970,21675,2816,10516,1981,18859,1436,712,724
27975,21677,2816,10517,1981,18861,1437,712,725
27980,21685,2816,10521,1981,18869,1437,712,725
27985,21688,2816,10523,1981,18872,1437,712,725
27990,21693,2817,10526,1982,18876,1437,712,725
27995,21697,2817,10527,1982,18880,1437,712,725
28000,21700,2818,10529,1983,18882,1437,712,725
28005,21701,2818,10530,1983,18883,1437,712,725
28010,21706,2818,10534,1983,18888,1437,712,725
28015,21708,2818,10535,1983,18890,1438,713,725
28020,21716,2818,10537,1983,18898,1438,713,725
28025,21719,2819,10539,1984,18900,1438,713,725
28030,21724,2820,10541,1984,18904,1439,714,725
28035,21728,2820,10542,1984,18907,1439,714,725
28040,21731,2822,10543,1986,18909,1439,714,725
28045,21732,2822,10543,1986,18910,1439,714,725
28050,21737,2823,10545,1986,18914,1439,714,725
28055,21739,2823,10546,1986,18916,1440,715,725
28060,21747,2824,10550,1987,18923,1441,716,725
28065,21750,2824,10550,1987,18926,1441,716,725
28070,21755,2825,10553,1988,18930,1442,717,725
28075,21759,2825,10555,1988,18933,1442,717,725
28080,21762,2827,10557,1990,18935,1442,717,725
28085,21763,2828,10558,1991,18935,1442,717,725
28090,21768,2829,10560,1991,18939,1442,717,725
28095,21770,2829,10561,1991,18941,1443,718,725
28100,21778,2831,10565,1993,18947,1443,718,725
28105,21781,2831,10566,1993,18950,1443,718,725
28110,21786,2831,10568,1993,18955,1444,719,725
28115,21790,2831,10570,1993,18959,1444,719,725
28120,21793,2831,10571,1993,18962,1444,719,725
28125,21794,2831,10571,1993,18963,1444,719,725
28130,21799,2832,10572,1993,18967,1444,719,725
28135,21801,2832,10572,1993,18969,1445,719,726
28140,21809,2833,10575,1994,18976,1445,719,726
28145,21812,2833,10575,1994,18979,1445,719,726
28150,21817,2834,10578,1995,18983,1446,719,727
28155,21821,2834,10581,1995,18986,1446,719,727
28160,21824,2835,10582,1996,18989,1446,719,727
28165,21825,2835,10582,1996,18990,1446,719,727
28170,21830,2836,10586,1997,18994,1446,719,727
28175,21832,2836,10587,1997,18996,1447,719,728
28180,21840,2838,10593,1999,19002,1447,719,728
28185,21843,2838,10596,1999,19005,1447,719,728
28190,21848,2840,10600,2001,19008,1448,719,729
28195,21852,2840,10601,2001,19012,1448,719,729
28200,21855,2841,10603,2002,19014,1448,719,729
28205,21856,2841,10603,2002,19015,1448,719,729
28210,21861,2842,10606,2002,19019,1448,719,729
28215,21863,2842,10607,2002,19021,1449,719,730
28220,21871,2842,10612,2002,19029,1449,719,730
28225,21874,2842,10612,2002,19032,1449,719,730
28230,21879,2843,10615,2003,19036,1449,719,730
28235,21883,2843,10618,2003,19039,1449,719,730
28240,21886,2844,10619,2004,19042,1449,719,730
28245,21887,2844,10619,2004,19043,1449,719,730
28250,21892,2845,10624,2005,19047,1449,719,730
28255,21894,2845,10625,2005,19049,1450,720,730
28260,21902,2845,10629,2005,19057,1450,720,730
28265,21905,2845,10629,2005,19060,1450,720,730
28270,21910,2846,10630,2005,19064,1450,720,730
28275,21914,2846,10633,2005,19067,1450,720,730
28280,21917,2848,10636,2007,19069,1450,720,730
28285,21918,2849,10637,2008,19069,1450,720,730
28290,21923,2850,10640,2008,19073,1450,720,730
28295,21925,2850,10640,2008,19075,1451,720,731
28300,21933,2851,10645,2009,19082,1451,720,731
28305,21936,2852,10648,2010,19084,1451,720,731
28310,21941,2853,10650,2011,19088,1451,720,731
28315,21945,2853,10653,2011,19091,1451,720,731
28320,21948,2854,10654,2012,19094,1451,720,731
28325,21949,2854,10654,2012,19095,1451,720,731
28330,21954,2854,10657,2012,19100,1451,720,731
28335,21956,2854,10658,2012,19102,1452,720,732
28340,21964,2854,10661,2012,19110,1453,720,733
28345,21967,2854,10663,2012,19113,1453,720,733
28350,21972,2855,10665,2012,19117,1454,720,734
28355,21976,2855,10666,2012,19121,1454,720,734
28360,21979,2856,10668,2013,19123,1454,720,734
28365,21980,2856,10669,2013,19124,1454,720,734
28370,21985,2856,10672,2013,19129,1454,720,734
28375,21987,2856,10673,2013,19131,1455,720,735
28380,21995,2856,10675,2013,19139,1456,721,735
28385,21998,2856,10675,2013,19142,1456,721,735
28390,22003,2857,10678,2014,19146,1457,722,735
28395,22007,2857,10680,2014,19150,1457,722,735
28400,22010,2858,10681,2015,19152,1457,722,735
28405,22011,2858,10681,2015,19153,1457,722,735
28410,22016,2858,10685,2015,19158,1457,722,735
28415,22018,2858,10686,2015,19160,1458,723,735
28420,22026,2858,10689,2015,19168,1459,723,736
28425,22029,2858,10691,2015,19171,1459,723,736
28430,22034,2859,10693,2016,19175,1460,723,737
28435,22038,2859,10694,2016,19178,1460,723,737
28440,22041,2860,10695,2017,19181,1460,723,737
28445,22042,2860,10695,2017,19182,1460,723,737
28450,22047,2861,10697,2017,19186,1460,723,737
28455,22049,2861,10699,2017,19188,1461,724,737
28460,22057,2863,10703,2018,19194,1461,724,737
28465,22060,2864,10705,2019,19196,1461,724,737
28470,22065,2864,10707,2019,19201,1462,725,737
28475,22069,2864,10708,2019,19204,1462,725,737
28480,22072,2865,10709,2020,19207,1462,725,737
28485,22073,2865,10709,2020,19208,1462,725,737
28490,22078,2866,10710,2020,19212,1462,725,737
28495,22080,2866,10711,2020,19214,1463,726,737
28500,22088,2867,10715,2021,19221,1463,726,737
28505,22091,2868,10717,2022,19223,1463,726,737
28510,22096,2868,10720,2022,19228,1464,727,737
28515,22100,2868,10721,2022,19231,1464,727,737
28520,22103,2869,10722,2023,19234,1464,727,737
28525,22104,2869,10723,2023,19235,1464,727,737
28530,22109,2870,10724,2023,19239,1464,727,737
28535,22111,2870,10726,2023,19241,1465,728,737
28540,22119,2872,10731,2024,19247,1465,728,737
28545,22122,2873,10732,2025,19249,1465,728,737
28550,22127,2874,10733,2025,19253,1466,728,738
28555,22131,2874,10735,2025,19257,1466,728,738
28560,22134,2875,10736,2026,19259,1466,728,738
28565,22135,2876,10737,2027,19259,1466,728,738
28570,22140,2877,10738,2027,19263,1466,728,738
28575,22142,2877,10738,2027,19265,1467,728,739
28580,22150,2877,10741,2027,19273,1467,728,739
28585,22153,2877,10742,2027,19276,1467,728,739
28590,22158,2878,10745,2028,19280,1468,729,739
28595,22162,2878,10746,2028,19284,1468,729,739
28600,22165,2878,10747,2028,19287,1468,729,739
28605,22166,2878,10747,2028,19288,1468,729,739
28610,22171,2879,10749,2029,19292,1468,729,739
28615,22173,2879,10750,2029,19294,1469,729,740
28620,22181,2879,10754,2029,19302,1469,729,740
28625,22184,2880,10756,2030,19304,1469,729,740
28630,22189,2881,10757,2031,19308,1469,729,740
28635,22193,2881,10759,2031,19312,1469,729,740
28640,22196,2881,10759,2031,19315,1469,729,740
28645,22197,2881,10759,2031,19316,1469,729,740
28650,22202,2882,10761,2031,19320,1469,729,740
28655,22204,2882,10763,2031,19322,1470,730,740
28660,22212,2882,10768,2031,19330,1470,730,740
28665,22215,2882,10768,2031,19333,1470,730,740
28670,22220,2884,10770,2032,19336,1470,730,740
28675,22224,2884,10772,2032,19340,1470,730,740
28680,22227,2884,10773,2032,19343,1470,730,740
28685,22228,2884,10773,2032,19344,1470,730,740
28690,22233,2885,10776,2033,19348,1470,730,740
28695,22235,2885,10777,2033,19350,1471,730,741
28700,22243,2886,10779,2033,19357,1471,730,741
28705,22246,2887,10781,2034,19359,1471,730,741
28710,22251,2888,10782,2035,19363,1471,730,741
28715,22255,2888,10784,2035,19367,1471,730,741
28720,22258,2889,10785,2036,19369,1471,730,741
28725,22259,2889,10785,2036,19370,1471,730,741
28730,22264,2890,10788,2036,19374,1471,730,741
28735,22266,2890,10789,2036,19376,1472,731,741
28740,22274,2891,10793,2036,19383,1472,731,741
28745,22277,2891,10795,2036,19386,1472,731,741
28750,22282,2892,10798,2037,19390,1473,731,742
28755,22286,2892,10799,2037,19394,1473,731,742
28760,22289,2893,10801,2038,19396,1473,731,742
28765,22290,2893,10801,2038,19397,1473,731,742
28770,22295,2894,10802,2038,19401,1473,731,742
28775,22297,2894,10802,2038,19403,1474,731,743
28780,22305,2895,10805,2039,19410,1474,731,743
28785,22308,2896,10807,2040,19412,1474,731,743
28790,22313,2897,10808,2040,19416,1475,732,743
28795,22317,2897,10811,2040,19420,1475,732,743
28800,22320,2897,10813,2040,19423,1475,732,743
28805,22321,2897,10814,2040,19424,1475,732,743
28810,22326,2898,10816,2041,19428,1475,732,743
28815,22328,2898,10817,2041,19430,1476,732,744
28820,22336,2899,10821,2042,19437,1476,732,744
28825,22339,2899,10821,2042,19440,1476,732,744
28830,22344,2899,10824,2042,19445,1477,733,744
28835,22348,2899,10826,2042,19449,1477,733,744
28840,22351,2899,10827,2042,19452,1477,733,744
28845,22352,2899,10827,2042,19453,1477,733,744
28850,22357,2900,10829,2042,19457,1477,733,744
28855,22359,2900,10829,2042,19459,1478,733,745
28860,22367,2901,10832,2042,19466,1478,733,745
28865,22370,2901,10834,2042,19469,1478,733,745
28870,22375,2901,10837,2042,19474,1479,734,745
28875,22379,2901,10839,2042,19477,1479,734,745
28880,22382,2902,10841,2043,19480,1479,734,745
28885,22383,2902,10841,2043,19481,1479,734,745
28890,22388,2903,10845,2044,19485,1479,734,745
28895,22390,2903,10847,2044,19487,1480,735,745
28900,22398,2904,10852,2044,19494,1480,735,745
28905,22401,2905,10854,2045,19496,1480,735,745
28910,22406,2906,10855,2045,19500,1481,736,745
28915,22410,2906,10858,2045,19504,1481,736,745
28920,22413,2906,10859,2045,19507,1481,736,745
28925,22414,2906,10860,2045,19508,1481,736,745
28930,22419,2907,10862,2045,19512,1481,736,745
28935,22421,2907,10863,2045,19514,1482,737,745
28940,22429,2908,10867,2046,19521,1482,737,745
28945,22432,2908,10868,2046,19524,1482,737,745
28950,22437,2909,10871,2047,19528,1483,738,745
28955,22441,2909,10872,2047,19532,1483,738,745
28960,22444,2909,10874,2047,19535,1483,738,745
28965,22445,2909,10875,2047,19536,1483,738,745
28970,22450,2910,10877,2048,19540,1483,738,745
28975,22452,2910,10878,2048,19542,1484,739,745
28980,22460,2911,10882,2049,19549,1484,739,745
28985,22463,2911,10883,2049,19552,1484,739,745
28990,22468,2912,10886,2050,19556,1484,739,745
28995,22472,2912,10887,2050,19560,1484,739,745
29000,22475,2912,10888,2050,19563,1484,739,745
29005,22476,2912,10889,2050,19564,1484,739,745
29010,22481,2913,10890,2050,19568,1484,739,745
29015,22483,2913,10890,2050,19570,1485,739,746
29020,22491,2914,10894,2050,19577,1485,739,746
29025,22494,2914,10895,2050,19580,1485,739,746
29030,22499,2915,10897,2051,19584,1485,739,746
29035,22503,2915,10899,2051,19588,1485,739,746
29040,22506,2915,10899,2051,19591,1485,739,746
29045,22507,2916,10900,2052,19591,1485,739,746
29050,22512,2917,10903,2053,19595,1485,739,746
29055,22514,2917,10904,2053,19597,1486,739,747
29060,22522,2919,10908,2054,19603,1486,739,747
29065,22525,2919,10908,2054,19606,1486,739,747
29070,22530,2920,10909,2054,19610,1486,739,747
29075,22534,2920,10911,2054,19614,1486,739,747
29080,22537,2920,10913,2054,19617,1486,739,747
29085,22538,2921,10914,2055,19617,1486,739,747
29090,22543,2922,10918,2056,19621,1486,739,747
29095,22545,2922,10919,2056,19623,1487,739,748
29100,22553,2923,10923,2057,19630,1487,739,748
29105,22556,2923,10923,2057,19633,1487,739,748
29110,22561,2924,10926,2058,19637,1488,740,748
29115,22565,2924,10929,2058,19641,1488,740,748
29120,22568,2925,10930,2059,19643,1488,740,748
29125,22569,2925,10930,2059,19644,1488,740,748
29130,22574,2926,10935,2060,19648,1488,740,748
29135,22576,2926,10935,2060,19650,1489,740,749
29140,22584,2928,10940,2061,19656,1489,740,749
29145,22587,2929,10943,2062,19658,1489,740,749
29150,22592,2930,10945,2062,19662,1490,740,750
29155,22596,2930,10947,2062,19666,1490,740,750
29160,22599,2930,10948,2062,19669,1490,740,750
29165,22600,2930,10948,2062,19670,1490,740,750
29170,22605,2931,10950,2063,19674,1490,740,750
29175,22607,2931,10951,2063,19676,1491,740,751
29180,22615,2931,10953,2063,19684,1491,740,751
29185,22618,2931,10955,2063,19687,1491,740,751
29190,22623,2931,10958,2063,19692,1492,741,751
29195,22627,2931,10961,2063,19696,1492,741,751
29200,22630,2931,10963,2063,19699,1492,741,751
29205,22631,2931,10963,2063,19700,1492,741,751
29210,22636,2932,10966,2063,19704,1492,741,751
29215,22638,2932,10968,2063,19706,1493,742,751
29220,22646,2932,10972,2063,19714,1493,742,751
29225,22649,2932,10974,2063,19717,1493,742,751
29230,22654,2932,10975,2063,19722,1494,742,752
29235,22658,2932,10976,2063,19726,1494,742,752
29240,22661,2932,10977,2063,19729,1494,742,752
29245,22662,2932,10977,2063,19730,1494,742,752
29250,22667,2933,10982,2064,19734,1494,742,752
29255,22669,2933,10982,2064,19736,1495,742,753
29260,22677,2933,10987,2064,19744,1495,742,753
29265,22680,2933,10987,2064,19747,1495,742,753
29270,22685,2934,10992,2065,19751,1495,742,753
29275,22689,2934,10992,2065,19755,1495,742,753
29280,22692,2934,10993,2065,19758,1495,742,753
29285,22693,2934,10993,2065,19759,1495,742,753
29290,22698,2935,10996,2065,19763,1495,742,753
29295,22700,2935,10997,2065,19765,1496,742,754
29300,22708,2936,11001,2066,19772,1496,742,754
29305,22711,2936,11002,2066,19775,1496,742,754
29310,22716,2937,11005,2067,19779,1497,742,755
29315,22720,2937,11007,2067,19782,1497,742,755
29320,22723,2938,11008,2068,19785,1497,742,755
29325,22724,2938,11008,2068,19786,1497,742,755
29330,22729,2939,11009,2068,19790,1497,742,755
29335,22731,2939,11011,2068,19792,1498,743,755
29340,22739,2940,11015,2068,19799,1498,743,755
29345,22742,2940,11017,2068,19802,1498,743,755
29350,22747,2941,11019,2069,19806,1498,743,755
29355,22751,2941,11020,2069,19810,1498,743,755
29360,22754,2942,11023,2070,19812,1498,743,755
29365,22755,2942,11023,2070,19813,1498,743,755
29370,22760,2943,11026,2071,19817,1498,743,755
29375,22762,2943,11026,2071,19819,1499,743,756
29380,22770,2944,11032,2071,19826,1499,743,756
29385,22773,2944,11033,2071,19829,1499,743,756
29390,22778,2945,11036,2072,19833,1499,743,756
29395,22782,2945,11036,2072,19837,1499,743,756
29400,22785,2946,11038,2073,19839,1499,743,756
29405,22786,2946,11038,2073,19840,1499,743,756
29410,22791,2947,11041,2074,19844,1499,743,756
29415,22793,2947,11041,2074,19846,1500,743,757
29420,22801,2948,11046,2075,19853,1500,743,757
29425,22804,2949,11047,2076,19855,1500,743,757
29430,22809,2949,11049,2076,19860,1500,743,757
29435,22813,2949,11053,2076,19863,1500,743,757
29440,22816,2950,11053,2077,19866,1500,743,757
29445,22817,2950,11053,2077,19867,1500,743,757
29450,22822,2951,11056,2078,19871,1500,743,757
29455,22824,2951,11057,2078,19873,1501,743,758
29460,22832,2952,11062,2078,19880,1501,743,758
29465,22835,2953,11065,2079,19882,1501,743,758
29470,22840,2953,11066,2079,19887,1501,743,758
29475,22844,2953,11067,2079,19891,1501,743,758
29480,22847,2953,11067,2079,19894,1501,743,758
29485,22848,2954,11068,2080,19894,1501,743,758
29490,22853,2955,11072,2081,19898,1501,743,758
29495,22855,2955,11073,2081,19900,1502,743,759
29500,22863,2956,11078,2082,19907,1502,743,759
29505,22866,2956,11079,2082,19910,1502,743,759
29510,22871,2958,11083,2083,19913,1502,743,759
29515,22875,2958,11085,2083,19917,1502,743,759
29520,22878,2959,11087,2084,19919,1502,743,759
29525,22879,2959,11088,2084,19920,1502,743,759
29530,22884,2960,11092,2084,19924,1502,743,759
29535,22886,2960,11093,2084,19926,1503,743,760
29540,22894,2960,11096,2084,19934,1504,743,761
29545,22897,2960,11098,2084,19937,1504,743,761
29550,22902,2961,11101,2084,19941,1504,743,761
29555,22906,2961,11102,2084,19945,1504,743,761
29560,22909,2962,11104,2085,19947,1504,743,761
29565,22910,2962,11105,2085,19948,1504,743,761
29570,22915,2963,11107,2086,19952,1504,743,761
29575,22917,2963,11107,2086,19954,1505,743,762
29580,22925,2964,11112,2087,19961,1506,744,762
29585,22928,2964,11114,2087,19964,1506,744,762
29590,22933,2965,11115,2087,19968,1506,744,762
29595,22937,2965,11118,2087,19972,1506,744,762
29600,22940,2966,11121,2088,19974,1506,744,762
29605,22941,2966,11122,2088,19975,1506,744,762
29610,22946,2967,11124,2088,19979,1506,744,762
29615,22948,2967,11126,2088,19981,1507,745,762
29620,22956,2968,11131,2089,19988,1508,746,762
29625,22959,2968,11133,2089,19991,1508,746,762
29630,22964,2969,11133,2089,19995,1509,746,763
29635,22968,2969,11133,2089,19999,1509,746,763
29640,22971,2970,11136,2090,20001,1509,746,763
29645,22972,2970,11136,2090,20002,1509,746,763
29650,22977,2970,11139,2090,20007,1509,746,763
29655,22979,2970,11140,2090,20009,1510,747,763
29660,22987,2971,11145,2090,20016,1510,747,763
29665,22990,2972,11147,2091,20018,1510,747,763
29670,22995,2972,11151,2091,20023,1511,748,763
29675,22999,2972,11151,2091,20027,1511,748,763
29680,23002,2972,11152,2091,20030,1511,748,763
29685,23003,2972,11152,2091,20031,1511,748,763
29690,23008,2972,11154,2091,20036,1511,748,763
29695,23010,2972,11156,2091,20038,1512,749,763
29700,23018,2973,11161,2092,20045,1512,749,763
29705,23021,2974,11163,2093,20047,1512,749,763
29710,23026,2974,11167,2093,20052,1512,749,763
29715,23030,2974,11168,2093,20056,1512,749,763
29720,23033,2974,11169,2093,20059,1512,749,763
29725,23034,2974,11169,2093,20060,1512,749,763
29730,23039,2974,11172,2093,20065,1512,749,763
29735,23041,2974,11173,2093,20067,1513,750,763
29740,23049,2975,11175,2093,20074,1513,750,763
29745,23052,2976,11177,2094,20076,1513,750,763
29750,23057,2978,11180,2096,20079,1513,750,763
29755,23061,2978,11182,2096,20082,1513,750,763
29760,23064,2979,11182,2097,20085,1513,750,763
29765,23065,2979,11182,2097,20086,1513,750,763
29770,23070,2980,11185,2098,20090,1513,750,763
29775,23072,2980,11186,2098,20092,1514,751,763
29780,23080,2982,11190,2100,20098,1515,752,763
29785,23083,2982,11190,2100,20101,1515,752,763
29790,23088,2983,11192,2101,20105,1515,752,763
29795,23092,2983,11195,2101,20109,1515,752,763
29800,23095,2983,11196,2101,20112,1515,752,763
29805,23096,2983,11197,2101,20113,1515,752,763
29810,23101,2984,11199,2101,20117,1515,752,763
29815,23103,2984,11201,2101,20119,1516,753,763
29820,23111,2986,11207,2103,20125,1517,754,763
29825,23114,2986,11208,2103,20128,1517,754,763
29830,23119,2987,11209,2103,20132,1518,755,763
29835,23123,2987,11212,2103,20135,1518,755,763
29840,23126,2988,11213,2104,20138,1518,755,763
29845,23127,2988,11213,2104,20139,1518,755,763
29850,23132,2989,11215,2105,20143,1518,755,763
29855,23134,2989,11217,2105,20145,1519,756,763
29860,23142,2989,11219,2105,20153,1519,756,763
29865,23145,2989,11220,2105,20156,1519,756,763
29870,23150,2990,11223,2105,20160,1520,757,763
29875,23154,2990,11225,2105,20164,1520,757,763
29880,23157,2990,11226,2105,20167,1520,757,763
29885,23158,2991,11227,2106,20167,1520,757,763
29890,23163,2992,11231,2107,20171,1520,757,763
29895,23165,2992,11232,2107,20173,1521,758,763
29900,23173,2992,11234,2107,20181,1521,758,763
29905,23176,2992,11235,2107,20184,1521,758,763
29910,23181,2993,11238,2108,20188,1522,759,763
29915,23185,2993,11238,2108,20192,1522,759,763
29920,23188,2993,11239,2108,20195,1522,759,763
29925,23189,2993,11239,2108,20196,1522,759,763
29930,23194,2994,11241,2108,20200,1522,759,763
29935,23196,2994,11241,2108,20202,1523,759,764
29940,23204,2995,11243,2108,20209,1524,759,765
29945,23207,2996,11245,2109,20211,1524,759,765
29950,23212,2997,11248,2110,20215,1525,759,766
29955,23216,2997,11251,2110,20219,1525,759,766
29960,23219,2998,11252,2111,20221,1525,759,766
29965,23220,2999,11253,2112,20221,1525,759,766
29970,23225,3000,11257,2113,20225,1525,759,766
29975,23227,3000,11257,2113,20227,1526,759,767
29980,23235,3001,11259,2114,20234,1526,759,767
29985,23238,3001,11259,2114,20237,1526,759,767
29990,23243,3002,11259,2114,20241,1527,759,768
29995,23247,3002,11261,2114,20244,1527,759,768
30000,23250,3003,11262,2115,20247,1527,759,768
30005,23251,3004,11263,2116,20247,1527,759,768
30010,23256,3005,11265,2117,20251,1527,759,768
30015,23258,3005,11266,2117,20253,1528,760,768
30020,23266,3006,11273,2118,20260,1528,760,768
30025,23269,3006,11275,2118,20263,1528,760,768
30030,23274,3007,11278,2119,20267,1529,760,769
30035,23278,3007,11280,2119,20270,1529,760,769
30040,23281,3009,11282,2121,20272,1529,760,769
30045,23282,3009,11283,2121,20273,1529,760,769
30050,23287,3010,11287,2122,20277,1529,760,769
30055,23289,3010,11287,2122,20279,1530,760,770
30060,23297,3012,11291,2124,20284,1531,761,770
30065,23300,3013,11294,2125,20287,1531,761,770
30070,23305,3013,11296,2125,20292,1532,762,770
30075,23309,3013,11296,2125,20296,1532,762,770
30080,23312,3013,11296,2125,20299,1532,762,770
30085,23313,3013,11296,2125,20300,1532,762,770
30090,23318,3014,11298,2125,20304,1532,762,770
30095,23320,3014,11299,2125,20306,1533,762,771
30100,23328,3016,11304,2127,20312,1534,763,771
30105,23331,3016,11306,2127,20315,1534,763,771
30110,23336,3016,11310,2127,20320,1535,763,772
30115,23340,3016,11311,2127,20323,1535,763,772
30120,23343,3017,11312,2128,20326,1535,763,772
30125,23344,3017,11313,2128,20327,1535,763,772
30130,23349,3017,11315,2128,20332,1535,763,772
30135,23351,3017,11315,2128,20334,1536,763,773
30140,23359,3018,11319,2129,20341,1536,763,773
30145,23362,3018,11320,2129,20344,1536,763,773
30150,23367,3018,11322,2129,20349,1536,763,773
30155,23371,3018,11323,2129,20353,1536,763,773
30160,23374,3018,11324,2129,20356,1536,763,773
30165,23375,3018,11324,2129,20357,1536,763,773
30170,23380,3018,11325,2129,20362,1536,763,773
30175,23382,3018,11326,2129,20364,1537,764,773
30180,23390,3020,11331,2130,20370,1537,764,773
30185,23393,3020,11332,2130,20373,1537,764,773
30190,23398,3021,11333,2130,20377,1537,764,773
30195,23402,3021,11334,2130,20381,1537,764,773
30200,23405,3022,11336,2131,20383,1537,764,773
30205,23406,3022,11337,2131,20384,1537,764,773
30210,23411,3022,11338,2131,20389,1537,764,773
30215,23413,3022,11339,2131,20391,1538,764,774
30220,23421,3022,11345,2131,20399,1538,764,774
30225,23424,3022,11346,2131,20402,1538,764,774
30230,23429,3023,11350,2132,20406,1539,765,774
30235,23433,3023,11351,2132,20410,1539,765,774
30240,23436,3024,11353,2133,20412,1539,765,774
30245,23437,3025,11354,2134,20412,1539,765,774
30250,23442,3026,11357,2135,20416,1539,765,774
30255,23444,3026,11358,2135,20418,1540,766,774
30260,23452,3026,11363,2135,20425,1541,766,775
30265,23455,3027,11364,2136,20428,1541,766,775
30270,23460,3028,11365,2136,20432,1542,767,775
30275,23464,3028,11366,2136,20436,1542,767,775
30280,23467,3028,11368,2136,20439,1542,767,775
30285,23468,3028,11368,2136,20440,1542,767,775
30290,23473,3029,11371,2137,20444,1542,767,775
30295,23475,3029,11371,2137,20446,1543,767,776
30300,23483,3032,11376,2139,20451,1544,768,776
30305,23486,3032,11377,2139,20454,1544,768,776
30310,23491,3032,11380,2139,20459,1545,768,777
30315,23495,3032,11383,2139,20463,1545,768,777
30320,23498,3032,11385,2139,20466,1545,768,777
30325,23499,3032,11385,2139,20467,1545,768,777
30330,23504,3033,11387,2140,20471,1545,768,777
30335,23506,3033,11387,2140,20473,1546,768,778
30340,23514,3034,11392,2141,20480,1546,768,778
30345,23517,3035,11395,2142,20482,1546,768,778
30350,23522,3035,11396,2142,20487,1547,768,779
30355,23526,3035,11400,2142,20491,1547,768,779
30360,23529,3035,11400,2142,20494,1547,768,779
30365,23530,3035,11401,2142,20495,1547,768,779
30370,23535,3036,11404,2143,20499,1547,768,779
30375,23537,3036,11404,2143,20501,1548,768,780
30380,23545,3037,11409,2143,20508,1548,768,780
30385,23548,3038,11411,2144,20510,1548,768,780
30390,23553,3038,11413,2144,20515,1548,768,780
30395,23557,3038,11416,2144,20519,1548,768,780
30400,23560,3038,11418,2144,20522,1548,768,780
30405,23561,3038,11418,2144,20523,1548,768,780
30410,23566,3039,11421,2144,20527,1548,768,780
30415,23568,3039,11421,2144,20529,1549,768,781
30420,23576,3041,11424,2145,20535,1550,768,782
30425,23579,3041,11425,2145,20538,1550,768,782
30430,23584,3042,11427,2146,20542,1550,768,782
30435,23588,3042,11428,2146,20546,1550,768,782
30440,23591,3043,11431,2147,20548,1550,768,782
30445,23592,3044,11432,2148,20548,1550,768,782
30450,23597,3045,11436,2149,20552,1550,768,782
30455,23599,3045,11436,2149,20554,1551,768,783
30460,23607,3045,11439,2149,20562,1551,768,783
30465,23610,3045,11440,2149,20565,1551,768,783
30470,23615,3046,11442,2149,20569,1551,768,783
30475,23619,3046,11445,2149,20572,1551,768,783
30480,23622,3047,11446,2150,20575,1551,768,783
30485,23623,3048,11447,2151,20575,1551,768,783
30490,23628,3049,11448,2152,20579,1551,768,783
30495,23630,3049,11450,2152,20581,1552,769,783
30500,23638,3049,11454,2152,20589,1552,769,783
30505,23641,3049,11457,2152,20592,1552,769,783
30510,23646,3050,11459,2152,20596,1552,769,783
30515,23650,3050,11461,2152,20599,1552,769,783
30520,23653,3051,11463,2153,20602,1552,769,783
30525,23654,3051,11463,2153,20603,1552,769,783
30530,23659,3052,11463,2153,20607,1552,769,783
30535,23661,3052,11464,2153,20609,1553,769,784
30540,23669,3055,11468,2155,20613,1554,769,785
30545,23672,3057,11470,2157,20615,1554,769,785
30550,23677,3057,11472,2157,20620,1555,770,785
30555,23681,3057,11473,2157,20624,1555,770,785
30560,23684,3057,11474,2157,20627,1555,770,785
30565,23685,3057,11475,2157,20628,1555,770,785
30570,23690,3058,11476,2157,20632,1555,770,785
30575,23692,3058,11477,2157,20634,1556,770,786
30580,23700,3059,11481,2157,20641,1556,770,786
30585,23703,3059,11482,2157,20644,1556,770,786
30590,23708,3059,11485,2157,20649,1556,770,786
30595,23712,3059,11487,2157,20653,1556,770,786
30600,23715,3059,11488,2157,20656,1556,770,786
30605,23716,3059,11489,2157,20657,1556,770,786
30610,23721,3060,11492,2158,20661,1556,770,786
30615,23723,3060,11493,2158,20663,1557,770,787
30620,23731,3061,11495,2158,20670,1557,770,787
30625,23734,3061,11495,2158,20673,1557,770,787
30630,23739,3061,11498,2158,20678,1557,770,787
30635,23743,3061,11500,2158,20682,1557,770,787
30640,23746,3061,11500,2158,20685,1557,770,787
30645,23747,3061,11500,2158,20686,1557,770,787
30650,23752,3062,11503,2159,20690,1557,770,787
30655,23754,3062,11503,2159,20692,1558,770,788
30660,23762,3064,11506,2160,20698,1559,770,789
30665,23765,3064,11507,2160,20701,1559,770,789
30670,23770,3065,11507,2160,20705,1560,770,790
30675,23774,3065,11508,2160,20709,1560,770,790
30680,23777,3065,11508,2160,20712,1560,770,790
30685,23778,3065,11508,2160,20713,1560,770,790
30690,23783,3066,11511,2161,20717,1560,770,790
30695,23785,3066,11511,2161,20719,1561,770,791
30700,23793,3067,11514,2162,20726,1561,770,791
30705,23796,3067,11516,2162,20729,1561,770,791
30710,23801,3068,11518,2162,20733,1562,770,792
30715,23805,3068,11521,2162,20736,1562,770,792
30720,23808,3069,11522,2163,20739,1562,770,792
30725,23809,3070,11523,2164,20739,1562,770,792
30730,23814,3071,11527,2164,20743,1562,770,792
30735,23816,3071,11529,2164,20745,1563,771,792
30740,23824,3072,11534,2164,20752,1563,771,792
30745,23827,3072,11535,2164,20755,1563,771,792
30750,23832,3073,11537,2165,20759,1564,772,792
30755,23836,3073,11541,2165,20762,1564,772,792
30760,23839,3075,11544,2167,20764,1564,772,792
30765,23840,3075,11544,2167,20765,1564,772,792
30770,23845,3076,11546,2167,20769,1564,772,792
30775,23847,3076,11546,2167,20771,1565,772,793
30780,23855,3078,11551,2169,20776,1566,772,794
30785,23858,3079,11552,2170,20779,1566,772,794
30790,23863,3080,11556,2171,20783,1567,772,795
30795,23867,3080,11558,2171,20787,1567,772,795
30800,23870,3081,11560,2172,20789,1567,772,795
30805,23871,3081,11560,2172,20790,1567,772,795
30810,23876,3081,11564,2172,20795,1567,772,795
30815,23878,3081,11566,2172,20797,1568,773,795
30820,23886,3082,11571,2172,20804,1568,773,795
30825,23889,3082,11571,2172,20807,1568,773,795
30830,23894,3083,11572,2172,20811,1569,773,796
30835,23898,3083,11574,2172,20815,1569,773,796
30840,23901,3083,11576,2172,20818,1569,773,796
30845,23902,3083,11577,2172,20819,1569,773,796
30850,23907,3083,11581,2172,20824,1569,773,796
30855,23909,3083,11583,2172,20826,1570,774,796
30860,23917,3084,11586,2173,20833,1570,774,796
30865,23920,3085,11588,2174,20835,1570,774,796
30870,23925,3086,11592,2175,20839,1570,774,796
30875,23929,3086,11593,2175,20843,1570,774,796
30880,23932,3087,11595,2176,20845,1570,774,796
30885,23933,3087,11595,2176,20846,1570,774,796
30890,23938,3088,11599,2177,20850,1570,774,796
30895,23940,3088,11600,2177,20852,1571,775,796
30900,23948,3090,11604,2178,20857,1572,776,796
30905,23951,3091,11605,2179,20860,1572,776,796
30910,23956,3091,11607,2179,20865,1572,776,796
30915,23960,3091,11609,2179,20869,1572,776,796
30920,23963,3091,11609,2179,20872,1572,776,796
30925,23964,3091,11610,2179,20873,1572,776,796
30930,23969,3091,11612,2179,20878,1572,776,796
30935,23971,3091,11612,2179,20880,1573,776,797
30940,23979,3093,11615,2180,20886,1573,776,797
30945,23982,3093,11617,2180,20889,1573,776,797
30950,23987,3093,11622,2180,20894,1573,776,797
30955,23991,3093,11625,2180,20898,1573,776,797
30960,23994,3093,11627,2180,20901,1573,776,797
30965,23995,3093,11627,2180,20902,1573,776,797
30970,24000,3094,11631,2181,20906,1573,776,797
30975,24002,3094,11631,2181,20908,1574,776,798
30980,24010,3095,11634,2182,20915,1574,776,798
30985,24013,3095,11634,2182,20918,1574,776,798
30990,24018,3095,11637,2182,20923,1574,776,798
30995,24022,3095,11640,2182,20926,1574,776,798
31000,24025,3096,11641,2183,20929,1574,776,798
31005,24026,3096,11642,2183,20930,1574,776,798
31010,24031,3097,11645,2184,20934,1574,776,798
31015,24033,3097,11647,2184,20936,1575,777,798
31020,24041,3100,11653,2187,20940,1576,777,799
31025,24044,3101,11656,2188,20943,1576,777,799
31030,24049,3102,11657,2188,20947,1576,777,799
31035,24053,3102,11659,2188,20950,1576,777,799
31040,24056,3103,11660,2189,20953,1576,777,799
31045,24057,3103,11660,2189,20954,1576,777,799
31050,24062,3104,11660,2189,20958,1576,777,799
31055,24064,3104,11661,2189,20960,1577,778,799
31060,24072,3104,11664,2189,20968,1577,778,799
31065,24075,3104,11665,2189,20971,1577,778,799
31070,24080,3105,11666,2190,20975,1577,778,799
31075,24084,3105,11669,2190,20978,1577,778,799
31080,24087,3106,11670,2191,20981,1577,778,799
31085,24088,3106,11670,2191,20982,1577,778,799
31090,24093,3107,11672,2191,20986,1577,778,799
31095,24095,3107,11674,2191,20988,1578,779,799
31100,24103,3107,11677,2191,20996,1578,779,799
31105,24106,3107,11678,2191,20999,1578,779,799
31110,24111,3108,11681,2192,21003,1578,779,799
31115,24115,3108,11682,2192,21007,1578,779,799
31120,24118,3109,11684,2193,21009,1578,779,799
31125,24119,3109,11684,2193,21010,1578,779,799
31130,24124,3110,11685,2193,21014,1578,779,799
31135,24126,3110,11686,2193,21016,1579,780,799
31140,24134,3112,11690,2195,21022,1580,780,800
31145,24137,3112,11690,2195,21025,1580,780,800
31150,24142,3113,11693,2195,21029,1581,780,801
31155,24146,3113,11694,2195,21033,1581,780,801
31160,24149,3113,11696,2195,21036,1581,780,801
31165,24150,3113,11696,2195,21037,1581,780,801
31170,24155,3113,11697,2195,21042,1581,780,801
31175,24157,3113,11698,2195,21044,1582,781,801
31180,24165,3114,11700,2195,21051,1582,781,801
31185,24168,3114,11700,2195,21054,1582,781,801
31190,24173,3115,11702,2196,21058,1583,781,802
31195,24177,3115,11705,2196,21062,1583,781,802
31200,24180,3116,11707,2197,21064,1583,781,802
31205,24181,3116,11707,2197,21065,1583,781,802
31210,24186,3116,11708,2197,21070,1583,781,802
31215,24188,3116,11710,2197,21072,1584,782,802
31220,24196,3117,11715,2197,21079,1584,782,802
31225,24199,3117,11716,2197,21082,1584,782,802
31230,24204,3118,11716,2197,21086,1585,782,803
31235,24208,3118,11718,2197,21090,1585,782,803
31240,24211,3119,11721,2198,21092,1585,782,803
31245,24212,3119,11721,2198,21093,1585,782,803
31250,24217,3120,11724,2198,21097,1585,782,803
31255,24219,3120,11725,2198,21099,1586,782,804
31260,24227,3121,11728,2198,21106,1587,782,805
31265,24230,3121,11729,2198,21109,1587,782,805
31270,24235,3122,11729,2198,21113,1588,782,806
31275,24239,3122,11732,2198,21116,1588,782,806
31280,24242,3123,11732,2199,21119,1588,782,806
31285,24243,3123,11733,2199,21120,1588,782,806
31290,24248,3123,11736,2199,21125,1588,782,806
31295,24250,3123,11737,2199,21127,1589,783,806
31300,24258,3124,11741,2200,21134,1589,783,806
31305,24261,3124,11742,2200,21137,1589,783,806
31310,24266,3125,11744,2201,21141,1590,784,806
31315,24270,3125,11748,2201,21144,1590,784,806
31320,24273,3126,11748,2202,21147,1590,784,806
31325,24274,3126,11748,2202,21148,1590,784,806
31330,24279,3126,11751,2202,21153,1590,784,806
31335,24281,3126,11751,2202,21155,1591,784,807
31340,24289,3127,11754,2202,21162,1591,784,807
31345,24292,3127,11754,2202,21165,1591,784,807
31350,24297,3128,11758,2203,21169,1592,785,807
31355,24301,3128,11761,2203,21173,1592,785,807
31360,24304,3129,11763,2204,21175,1592,785,807
31365,24305,3130,11764,2205,21175,1592,785,807
31370,24310,3131,11767,2206,21179,1592,785,807
31375,24312,3131,11767,2206,21181,1593,785,808
31380,24320,3133,11771,2207,21186,1594,785,809
31385,24323,3135,11773,2209,21188,1594,785,809
31390,24328,3135,11776,2209,21193,1594,785,809
31395,24332,3135,11779,2209,21196,1594,785,809
31400,24335,3136,11782,2210,21199,1594,785,809
31405,24336,3136,11782,2210,21200,1594,785,809
31410,24341,3137,11784,2210,21204,1594,785,809
31415,24343,3137,11785,2210,21206,1595,785,810
31420,24351,3138,11788,2210,21213,1595,785,810
31425,24354,3138,11788,2210,21216,1595,785,810
31430,24359,3138,11791,2210,21221,1595,785,810
31435,24363,3138,11793,2210,21225,1595,785,810
31440,24366,3138,11795,2210,21228,1595,785,810
31445,24367,3138,11796,2210,21229,1595,785,810
31450,24372,3139,11799,2211,21233,1595,785,810
31455,24374,3139,11800,2211,21235,1596,786,810
31460,24382,3140,11806,2212,21242,1596,786,810
31465,24385,3141,11808,2213,21244,1596,786,810
31470,24390,3141,11810,2213,21249,1596,786,810
31475,24394,3141,11812,2213,21253,1596,786,810
31480,24397,3141,11815,2213,21256,1596,786,810
31485,24398,3141,11816,2213,21257,1596,786,810
31490,24403,3142,11818,2213,21261,1596,786,810
31495,24405,3142,11818,2213,21263,1597,786,811
31500,24413,3144,11819,2214,21269,1598,786,812
31505,24416,3144,11821,2214,21272,1598,786,812
31510,24421,3145,11822,2214,21276,1599,786,813
31515,24425,3145,11824,2214,21280,1599,786,813
31520,24428,3145,11824,2214,21283,1599,786,813
31525,24429,3145,11824,2214,21284,1599,786,813
31530,24434,3146,11827,2215,21288,1599,786,813
31535,24436,3146,11827,2215,21290,1600,786,814
31540,24444,3146,11831,2215,21298,1600,786,814
31545,24447,3146,11832,2215,21301,1600,786,814
31550,24452,3147,11834,2215,21305,1601,787,814
31555,24456,3147,11836,2215,21308,1601,787,814
31560,24459,3148,11837,2216,21311,1601,787,814
31565,24460,3149,11838,2217,21311,1601,787,814
31570,24465,3150,11840,2217,21315,1601,787,814
31575,24467,3150,11841,2217,21317,1602,788,814
31580,24475,3150,11846,2217,21325,1602,788,814
31585,24478,3150,11846,2217,21328,1602,788,814
31590,24483,3151,11847,2217,21332,1603,789,814
31595,24487,3151,11848,2217,21336,1603,789,814
31600,24490,3152,11851,2218,21338,1603,789,814
31605,24491,3153,11852,2219,21338,1603,789,814
31610,24496,3154,11855,2220,21342,1603,789,814
31615,24498,3154,11856,2220,21344,1604,789,815
31620,24506,3157,11863,2223,21348,1605,790,815
31625,24509,3158,11864,2224,21351,1605,790,815
31630,24514,3159,11866,2224,21355,1606,791,815
31635,24518,3159,11869,2224,21359,1606,791,815
31640,24521,3159,11869,2224,21362,1606,791,815
31645,24522,3159,11869,2224,21363,1606,791,815
31650,24527,3160,11873,2225,21367,1606,791,815
31655,24529,3160,11874,2225,21369,1607,792,815
31660,24537,3160,11878,2225,21377,1607,792,815
31665,24540,3160,11880,2225,21380,1607,792,815
31670,24545,3161,11883,2226,21384,1608,793,815
31675,24549,3161,11886,2226,21387,1608,793,815
31680,24552,3162,11886,2227,21390,1608,793,815
31685,24553,3162,11886,2227,21391,1608,793,815
31690,24558,3163,11890,2228,21395,1608,793,815
31695,24560,3163,11891,2228,21397,1609,793,816
31700,24568,3164,11892,2229,21404,1609,793,816
31705,24571,3165,11894,2230,21406,1609,793,816
31710,24576,3165,11896,2230,21411,1610,793,817
31715,24580,3165,11898,2230,21414,1610,793,817
31720,24583,3166,11899,2231,21417,1610,793,817
31725,24584,3166,11900,2231,21418,1610,793,817
31730,24589,3167,11902,2232,21422,1610,793,817
31735,24591,3167,11903,2232,21424,1611,793,818
31740,24599,3168,11905,2232,21430,1612,793,819
31745,24602,3169,11907,2233,21433,1612,793,819
31750,24607,3169,11907,2233,21438,1613,793,820
31755,24611,3169,11910,2233,21441,1613,793,820
31760,24614,3170,11912,2234,21444,1613,793,820
31765,24615,3170,11912,2234,21445,1613,793,820
31770,24620,3171,11914,2234,21449,1613,793,820
31775,24622,3171,11915,2234,21451,1614,794,820
31780,24630,3171,11918,2234,21459,1614,794,820
31785,24633,3171,11918,2234,21462,1614,794,820
31790,24638,3172,11919,2235,21466,1615,794,821
31795,24642,3172,11921,2235,21470,1615,794,821
31800,24645,3172,11923,2235,21473,1615,794,821
31805,24646,3172,11923,2235,21474,1615,794,821
31810,24651,3173,11927,2236,21478,1615,794,821
31815,24653,3173,11928,2236,21480,1616,795,821
31820,24661,3175,11931,2238,21486,1617,796,821
31825,24664,3175,11931,2238,21489,1617,796,821
31830,24669,3176,11932,2239,21493,1618,796,822
31835,24673,3176,11935,2239,21497,1618,796,822
31840,24676,3176,11935,2239,21500,1618,796,822
31845,24677,3176,11935,2239,21501,1618,796,822
31850,24682,3177,11937,2239,21505,1618,796,822
31855,24684,3177,11938,2239,21507,1619,796,823
31860,24692,3179,11941,2240,21513,1620,796,824
31865,24695,3179,11943,2240,21516,1620,796,824
31870,24700,3180,11948,2241,21520,1620,796,824
31875,24704,3180,11951,2241,21523,1620,796,824
31880,24707,3181,11952,2242,21526,1620,796,824
31885,24708,3181,11953,2242,21527,1620,796,824
31890,24713,3181,11955,2242,21532,1620,796,824
31895,24715,3181,11956,2242,21534,1621,796,825
31900,24723,3181,11961,2242,21542,1621,796,825
31905,24726,3181,11962,2242,21545,1621,796,825
31910,24731,3182,11965,2243,21549,1621,796,825
31915,24735,3182,11967,2243,21553,1621,796,825
31920,24738,3183,11969,2244,21555,1621,796,825
31925,24739,3183,11969,2244,21556,1621,796,825
31930,24744,3183,11970,2244,21561,1621,796,825
31935,24746,3183,11971,2244,21563,1622,797,825
31940,24754,3185,11977,2246,21568,1623,798,825
31945,24757,3186,11979,2247,21571,1623,798,825
31950,24762,3186,11981,2247,21576,1623,798,825
31955,24766,3186,11982,2247,21580,1623,798,825
31960,24769,3186,11982,2247,21583,1623,798,825
31965,24770,3186,11982,2247,21584,1623,798,825
31970,24775,3187,11984,2247,21588,1623,798,825
31975,24777,3187,11986,2247,21590,1624,799,825
31980,24785,3189,11991,2249,21596,1625,800,825
31985,24788,3189,11994,2249,21599,1625,800,825
31990,24793,3189,11997,2249,21604,1626,800,826
31995,24797,3189,11999,2249,21608,1626,800,826
32000,24800,3189,12000,2249,21611,1626,800,826
32005,24801,3190,12001,2250,21611,1626,800,826
32010,24806,3191,12003,2250,21615,1626,800,826
32015,24808,3191,12004,2250,21617,1627,801,826
32020,24816,3191,12009,2250,21625,1627,801,826
32025,24819,3191,12011,2250,21628,1627,801,826
32030,24824,3192,12013,2250,21632,1628,801,827
32035,24828,3192,12015,2250,21636,1628,801,827
32040,24831,3193,12018,2251,21638,1628,801,827
32045,24832,3193,12018,2251,21639,1628,801,827
32050,24837,3194,12021,2251,21643,1628,801,827
32055,24839,3194,12022,2251,21645,1629,802,827
32060,24847,3194,12026,2251,21653,1629,802,827
32065,24850,3194,12029,2251,21656,1629,802,827
32070,24855,3195,12031,2251,21660,1630,803,827
32075,24859,3195,12031,2251,21664,1630,803,827
32080,24862,3196,12033,2252,21666,1630,803,827
32085,24863,3196,12034,2252,21667,1630,803,827
32090,24868,3197,12038,2252,21671,1630,803,827
32095,24870,3197,12039,2252,21673,1631,804,827
32100,24878,3199,12041,2253,21679,1632,805,827
32105,24881,3199,12041,2253,21682,1632,805,827
32110,24886,3200,12042,2253,21686,1633,806,827
32115,24890,3200,12045,2253,21689,1633,806,827
32120,24893,3202,12046,2255,21691,1633,806,827
32125,24894,3202,12046,2255,21692,1633,806,827
32130,24899,3203,12047,2255,21696,1633,806,827
32135,24901,3203,12048,2255,21698,1634,806,828
32140,24909,3204,12054,2256,21705,1634,806,828
32145,24912,3204,12055,2256,21708,1634,806,828
32150,24917,3205,12057,2256,21712,1634,806,828
32155,24921,3205,12059,2256,21716,1634,806,828
32160,24924,3205,12060,2256,21719,1634,806,828
32165,24925,3205,12060,2256,21720,1634,806,828
32170,24930,3206,12062,2256,21724,1634,806,828
32175,24932,3206,12062,2256,21726,1635,806,829
32180,24940,3207,12066,2257,21733,1635,806,829
32185,24943,3207,12067,2257,21736,1635,806,829
32190,24948,3208,12069,2257,21740,1635,806,829
32195,24952,3208,12071,2257,21743,1635,806,829
32200,24955,3210,12074,2259,21745,1635,806,829
32205,24956,3210,12074,2259,21746,1635,806,829
32210,24961,3211,12077,2260,21750,1635,806,829
32215,24963,3211,12077,2260,21752,1636,806,830
32220,24971,3213,12081,2261,21757,1637,807,830
32225,24974,3214,12082,2262,21760,1637,807,830
32230,24979,3214,12083,2262,21765,1638,807,831
32235,24983,3214,12084,2262,21769,1638,807,831
32240,24986,3214,12085,2262,21772,1638,807,831
32245,24987,3214,12086,2262,21773,1638,807,831
32250,24992,3215,12087,2262,21777,1638,807,831
32255,24994,3215,12087,2262,21779,1639,807,832
32260,25002,3215,12089,2262,21787,1639,807,832
32265,25005,3215,12090,2262,21790,1639,807,832
32270,25010,3215,12090,2262,21795,1640,807,833
32275,25014,3215,12091,2262,21799,1640,807,833
32280,25017,3215,12092,2262,21802,1640,807,833
32285,25018,3215,12092,2262,21803,1640,807,833
32290,25023,3216,12094,2263,21807,1640,807,833
32295,25025,3216,12095,2263,21809,1641,808,833
32300,25033,3217,12098,2263,21816,1641,808,833
32305,25036,3217,12099,2263,21819,1641,808,833
32310,25041,3218,12102,2263,21823,1642,809,833
32315,25045,3218,12104,2263,21826,1642,809,833
32320,25048,3220,12107,2265,21828,1642,809,833
32325,25049,3220,12107,2265,21829,1642,809,833
32330,25054,3221,12109,2265,21833,1642,809,833
32335,25056,3221,12111,2265,21835,1643,810,833
32340,25064,3222,12113,2265,21842,1644,810,834
32345,25067,3222,12114,2265,21845,1644,810,834
32350,25072,3222,12116,2265,21850,1645,810,835
32355,25076,3222,12117,2265,21854,1645,810,835
32360,25079,3222,12120,2265,21857,1645,810,835
32365,25080,3222,12120,2265,21858,1645,810,835
32370,25085,3223,12123,2266,21862,1645,810,835
32375,25087,3223,12123,2266,21864,1646,810,836
32380,25095,3225,12128,2268,21870,1646,810,836
32385,25098,3225,12129,2268,21873,1646,810,836
32390,25103,3225,12131,2268,21878,1646,810,836
32395,25107,3225,12133,2268,21882,1646,810,836
32400,25110,3225,12136,2268,21885,1646,810,836
32405,25111,3225,12137,2268,21886,1646,810,836
32410,25116,3226,12139,2268,21890,1646,810,836
32415,25118,3226,12141,2268,21892,1647,811,836
32420,25126,3227,12146,2269,21899,1647,811,836
32425,25129,3227,12147,2269,21902,1647,811,836
32430,25134,3227,12149,2269,21907,1647,811,836
32435,25138,3227,12150,2269,21911,1647,811,836
32440,25141,3227,12151,2269,21914,1647,811,836
32445,25142,3227,12151,2269,21915,1647,811,836
32450,25147,3228,12154,2270,21919,1647,811,836
32455,25149,3228,12155,2270,21921,1648,812,836
32460,25157,3230,12159,2271,21926,1649,812,837
32465,25160,3231,12161,2272,21929,1649,812,837
32470,25165,3232,12165,2273,21933,1649,812,837
32475,25169,3232,12167,2273,21937,1649,812,837
32480,25172,3233,12168,2274,21939,1649,812,837
32485,25173,3234,12169,2275,21939,1649,812,837
32490,25178,3235,12173,2276,21943,1649,812,837
32495,25180,3235,12173,2276,21945,1650,812,838
32500,25188,3236,12176,2277,21952,1650,812,838
32505,25191,3236,12177,2277,21955,1650,812,838
32510,25196,3237,12178,2277,21959,1650,812,838
32515,25200,3237,12180,2277,21962,1650,812,838
32520,25203,3239,12182,2279,21964,1650,812,838
32525,25204,3240,12183,2280,21964,1650,812,838
32530,25209,3241,12185,2280,21968,1650,812,838
32535,25211,3241,12185,2280,21970,1651,812,839
32540,25219,3242,12189,2281,21977,1651,812,839
32545,25222,3243,12191,2282,21979,1651,812,839
32550,25227,3244,12194,2282,21983,1651,812,839
32555,25231,3244,12196,2282,21987,1651,812,839
32560,25234,3245,12197,2283,21989,1651,812,839
32565,25235,3245,12197,2283,21990,1651,812,839
32570,25240,3246,12199,2283,21994,1651,812,839
32575,25242,3246,12200,2283,21996,1652,812,840
32580,25250,3247,12205,2284,22002,1653,812,841
32585,25253,3248,12206,2285,22005,1653,812,841
32590,25258,3248,12208,2285,22010,1654,813,841
32595,25262,3248,12209,2285,22014,1654,813,841
32600,25265,3248,12211,2285,22017,1654,813,841
32605,25266,3248,12211,2285,22018,1654,813,841
32610,25271,3248,12213,2285,22023,1654,813,841
32615,25273,3248,12214,2285,22025,1655,814,841
32620,25281,3248,12219,2285,22033,1655,814,841
32625,25284,3248,12219,2285,22036,1655,814,841
32630,25289,3248,12219,2285,22041,1656,814,842
32635,25293,3248,12221,2285,22045,1656,814,842
32640,25296,3248,12222,2285,22048,1656,814,842
32645,25297,3248,12223,2285,22049,1656,814,842
32650,25302,3248,12224,2285,22054,1656,814,842
32655,25304,3248,12225,2285,22056,1657,815,842
32660,25312,3249,12227,2285,22063,1657,815,842
32665,25315,3250,12230,2286,22065,1657,815,842
32670,25320,3250,12232,2286,22070,1658,815,843
32675,25324,3250,12233,2286,22074,1658,815,843
32680,25327,3250,12235,2286,22077,1658,815,843
32685,25328,3250,12235,2286,22078,1658,815,843
32690,25333,3251,12236,2286,22082,1658,815,843
32695,25335,3251,12237,2286,22084,1659,815,844
32700,25343,3253,12243,2288,22089,1660,815,845
32705,25346,3254,12243,2289,22092,1660,815,845
32710,25351,3255,12245,2289,22096,1660,815,845
32715,25355,3255,12247,2289,22100,1660,815,845
32720,25358,3256,12249,2290,22102,1660,815,845
32725,25359,3257,12250,2291,22102,1660,815,845
32730,25364,3258,12251,2292,22106,1660,815,845
32735,25366,3258,12252,2292,22108,1661,816,845
32740,25374,3258,12256,2292,22116,1661,816,845
32745,25377,3258,12256,2292,22119,1661,816,845
32750,25382,3259,12259,2293,22123,1661,816,845
32755,25386,3259,12260,2293,22127,1661,816,845
32760,25389,3259,12262,2293,22130,1661,816,845
32765,25390,3259,12262,2293,22131,1661,816,845
32770,25395,3260,12263,2293,22135,1661,816,845
32775,25397,3260,12263,2293,22137,1662,816,846
32780,25405,3260,12268,2293,22145,1662,816,846
32785,25408,3260,12270,2293,22148,1662,816,846
32790,25413,3261,12273,2293,22152,1662,816,846
32795,25417,3261,12274,2293,22156,1662,816,846
32800,25420,3261,12274,2293,22159,1662,816,846
32805,25421,3261,12274,2293,22160,1662,816,846
32810,25426,3262,12275,2294,22164,1662,816,846
32815,25428,3262,12277,2294,22166,1663,817,846
32820,25436,3263,12280,2295,22172,1664,817,847
32825,25439,3264,12280,2296,22175,1664,817,847
32830,25444,3265,12282,2296,22179,1665,817,848
32835,25448,3265,12283,2296,22182,1665,817,848
32840,25451,3266,12285,2297,22185,1665,817,848
32845,25452,3266,12285,2297,22186,1665,817,848
32850,25457,3267,12287,2298,22190,1665,817,848
32855,25459,3267,12288,2298,22192,1666,818,848
32860,25467,3268,12290,2298,22199,1666,818,848
32865,25470,3269,12293,2299,22201,1666,818,848
32870,25475,3270,12296,2299,22205,1667,819,848
32875,25479,3270,12300,2299,22208,1667,819,848
32880,25482,3271,12300,2300,22211,1667,819,848
32885,25483,3271,12300,2300,22212,1667,819,848
32890,25488,3272,12301,2300,22216,1667,819,848
32895,25490,3272,12301,2300,22218,1668,819,849
32900,25498,3273,12305,2301,22225,1668,819,849
32905,25501,3274,12306,2302,22227,1668,819,849
32910,25506,3275,12308,2303,22231,1669,819,850
32915,25510,3275,12311,2303,22235,1669,819,850
32920,25513,3275,12312,2303,22238,1669,819,850
32925,25514,3275,12313,2303,22239,1669,819,850
32930,25519,3276,12314,2303,22243,1669,819,850
32935,25521,3276,12315,2303,22245,1670,819,851
32940,25529,3279,12319,2305,22250,1671,820,851
32945,25532,3280,12321,2306,22252,1671,820,851
32950,25537,3280,12323,2306,22257,1671,820,851
32955,25541,3280,12326,2306,22261,1671,820,851
32960,25544,3280,12326,2306,22264,1671,820,851
32965,25545,3280,12327,2306,22265,1671,820,851
32970,25550,3280,12328,2306,22270,1671,820,851
32975,25552,3280,12329,2306,22272,1672,820,852
32980,25560,3282,12333,2308,22278,1672,820,852
32985,25563,3282,12334,2308,22281,1672,820,852
32990,25568,3282,12336,2308,22286,1672,820,852
32995,25572,3282,12337,2308,22290,1672,820,852
33000,25575,3282,12338,2308,22293,1672,820,852
33005,25576,3282,12339,2308,22294,1672,820,852
33010,25581,3282,12340,2308,22299,1672,820,852
33015,25583,3282,12342,2308,22301,1673,821,852
33020,25591,3283,12347,2309,22308,1673,821,852
33025,25594,3284,12349,2310,22310,1673,821,852
33030,25599,3284,12351,2310,22315,1673,821,852
33035,25603,3284,12352,2310,22319,1673,821,852
33040,25606,3284,12354,2310,22322,1673,821,852
33045,25607,3284,12355,2310,22323,1673,821,852
33050,25612,3285,12358,2311,22327,1673,821,852
33055,25614,3285,12359,2311,22329,1674,822,852
33060,25622,3286,12362,2312,22336,1675,823,852
33065,25625,3286,12363,2312,22339,1675,823,852
33070,25630,3287,12368,2313,22343,1676,824,852
33075,25634,3287,12370,2313,22347,1676,824,852
33080,25637,3288,12372,2314,22349,1676,824,852
33085,25638,3288,12373,2314,22350,1676,824,852
33090,25643,3289,12375,2314,22354,1676,824,852
33095,25645,3289,12376,2314,22356,1677,825,852
33100,25653,3289,12381,2314,22364,1677,825,852
33105,25656,3289,12383,2314,22367,1677,825,852
33110,25661,3290,12386,2315,22371,1678,826,852
33115,25665,3290,12388,2315,22375,1678,826,852
33120,25668,3290,12390,2315,22378,1678,826,852
33125,25669,3291,12391,2316,22378,1678,826,852
33130,25674,3292,12393,2316,22382,1678,826,852
33135,25676,3292,12394,2316,22384,1679,827,852
33140,25684,3292,12400,2316,22392,1679,827,852
33145,25687,3292,12402,2316,22395,1679,827,852
33150,25692,3293,12404,2317,22399,1679,827,852
33155,25696,3293,12407,2317,22402,1679,827,852
33160,25699,3294,12408,2318,22405,1679,827,852
33165,25700,3295,12409,2319,22405,1679,827,852
33170,25705,3296,12412,2319,22409,1679,827,852
33175,25707,3296,12413,2319,22411,1680,828,852
33180,25715,3298,12418,2321,22417,1681,829,852
33185,25718,3298,12418,2321,22420,1681,829,852
33190,25723,3299,12420,2321,22424,1681,829,852
33195,25727,3299,12423,2321,22428,1681,829,852
33200,25730,3299,12425,2321,22431,1681,829,852
33205,25731,3299,12425,2321,22432,1681,829,852
33210,25736,3299,12427,2321,22437,1681,829,852
33215,25738,3299,12427,2321,22439,1682,829,853
33220,25746,3300,12428,2321,22446,1682,829,853
33225,25749,3300,12429,2321,22449,1682,829,853
33230,25754,3301,12431,2322,22453,1682,829,853
33235,25758,3301,12433,2322,22457,1682,829,853
33240,25761,3301,12434,2322,22460,1682,829,853
33245,25762,3301,12435,2322,22461,1682,829,853
33250,25767,3301,12437,2322,22466,1682,829,853
33255,25769,3301,12438,2322,22468,1683,830,853
33260,25777,3302,12441,2323,22475,1683,830,853
33265,25780,3302,12443,2323,22478,1683,830,853
33270,25785,3303,12447,2324,22482,1683,830,853
33275,25789,3303,12449,2324,22486,1683,830,853
33280,25792,3304,12451,2325,22488,1683,830,853
33285,25793,3304,12451,2325,22489,1683,830,853
33290,25798,3305,12455,2325,22493,1683,830,853
33295,25800,3305,12455,2325,22495,1684,830,854
33300,25808,3308,12462,2328,22499,1685,831,854
33305,25811,3309,12464,2329,22502,1685,831,854
33310,25816,3309,12466,2329,22507,1686,831,855
33315,25820,3309,12467,2329,22511,1686,831,855
33320,25823,3309,12468,2329,22514,1686,831,855
33325,25824,3309,12468,2329,22515,1686,831,855
33330,25829,3310,12470,2329,22519,1686,831,855
33335,25831,3310,12472,2329,22521,1687,832,855
33340,25839,3310,12477,2329,22529,1687,832,855
33345,25842,3310,12477,2329,22532,1687,832,855
33350,25847,3310,12480,2329,22537,1687,832,855
33355,25851,3310,12482,2329,22541,1687,832,855
33360,25854,3310,12483,2329,22544,1687,832,855
33365,25855,3310,12484,2329,22545,1687,832,855
33370,25860,3311,12487,2329,22549,1687,832,855
33375,25862,3311,12487,2329,22551,1688,832,856
33380,25870,3311,12490,2329,22559,1688,832,856
33385,25873,3311,12491,2329,22562,1688,832,856
33390,25878,3311,12494,2329,22567,1688,832,856
33395,25882,3311,12494,2329,22571,1688,832,856
33400,25885,3311,12494,2329,22574,1688,832,856
33405,25886,3311,12495,2329,22575,1688,832,856
33410,25891,3312,12497,2329,22579,1688,832,856
33415,25893,3312,12498,2329,22581,1689,833,856
33420,25901,3314,12502,2330,22587,1690,834,856
33425,25904,3315,12503,2331,22589,1690,834,856
33430,25909,3316,12505,2332,22593,1691,834,857
33435,25913,3316,12507,2332,22597,1691,834,857
33440,25916,3316,12508,2332,22600,1691,834,857
33445,25917,3317,12509,2333,22600,1691,834,857
33450,25922,3318,12512,2334,22604,1691,834,857
33455,25924,3318,12514,2334,22606,1692,835,857
33460,25932,3319,12518,2334,22613,1692,835,857
33465,25935,3319,12519,2334,22616,1692,835,857
33470,25940,3320,12520,2334,22620,1692,835,857
33475,25944,3320,12523,2334,22624,1692,835,857
33480,25947,3320,12524,2334,22627,1692,835,857
33485,25948,3321,12525,2335,22627,1692,835,857
33490,25953,3322,12527,2336,22631,1692,835,857
33495,25955,3322,12529,2336,22633,1693,836,857
33500,25963,3323,12532,2336,22640,1693,836,857
33505,25966,3324,12533,2337,22642,1693,836,857
33510,25971,3325,12536,2337,22646,1693,836,857
33515,25975,3325,12537,2337,22650,1693,836,857
33520,25978,3326,12539,2338,22652,1693,836,857
33525,25979,3327,12540,2339,22652,1693,836,857
33530,25984,3328,12542,2339,22656,1693,836,857
33535,25986,3328,12542,2339,22658,1694,836,858
33540,25994,3330,12546,2341,22663,1695,836,859
33545,25997,3332,12549,2343,22665,1695,836,859
33550,26002,3333,12551,2343,22669,1696,837,859
33555,26006,3333,12552,2343,22673,1696,837,859
33560,26009,3334,12554,2344,22675,1696,837,859
33565,26010,3334,12555,2344,22676,1696,837,859
33570,26015,3334,12558,2344,22681,1696,837,859
33575,26017,3334,12560,2344,22683,1697,838,859
33580,26025,3334,12564,2344,22691,1697,838,859
33585,26028,3334,12565,2344,22694,1697,838,859
33590,26033,3335,12569,2345,22698,1698,839,859
33595,26037,3335,12570,2345,22702,1698,839,859
33600,26040,3335,12572,2345,22705,1698,839,859
33605,26041,3335,12573,2345,22706,1698,839,859
33610,26046,3335,12576,2345,22711,1698,839,859
33615,26048,3335,12578,2345,22713,1699,840,859
33620,26056,3335,12582,2345,22721,1699,840,859
33625,26059,3335,12582,2345,22724,1699,840,859
33630,26064,3336,12584,2345,22728,1700,841,859
33635,26068,3336,12586,2345,22732,1700,841,859
33640,26071,3336,12588,2345,22735,1700,841,859
33645,26072,3336,12589,2345,22736,1700,841,859
33650,26077,3337,12590,2346,22740,1700,841,859
33655,26079,3337,12591,2346,22742,1701,842,859
33660,26087,3338,12594,2347,22748,1702,843,859
33665,26090,3340,12596,2349,22750,1702,843,859
33670,26095,3340,12599,2349,22755,1702,843,859
33675,26099,3340,12601,2349,22759,1702,843,859
33680,26102,3340,12602,2349,22762,1702,843,859
33685,26103,3340,12602,2349,22763,1702,843,859
33690,26108,3341,12605,2349,22767,1702,843,859
33695,26110,3341,12606,2349,22769,1703,844,859
33700,26118,3342,12608,2349,22776,1704,845,859
33705,26121,3342,12609,2349,22779,1704,845,859
33710,26126,3342,12611,2349,22784,1704,845,859
33715,26130,3342,12613,2349,22788,1704,845,859
33720,26133,3342,12613,2349,22791,1704,845,859
33725,26134,3342,12613,2349,22792,1704,845,859
33730,26139,3343,12614,2349,22796,1704,845,859
33735,26141,3343,12615,2349,22798,1705,845,860
33740,26149,3345,12619,2351,22804,1705,845,860
33745,26152,3346,12620,2352,22806,1705,845,860
33750,26157,3346,12624,2352,22811,1705,845,860
33755,26161,3346,12624,2352,22815,1705,845,860
33760,26164,3346,12625,2352,22818,1705,845,860
33765,26165,3346,12625,2352,22819,1705,845,860
33770,26170,3347,12627,2352,22823,1705,845,860
33775,26172,3347,12627,2352,22825,1706,845,861
33780,26180,3349,12633,2353,22830,1706,845,861
33785,26183,3350,12634,2354,22833,1706,845,861
33790,26188,3351,12638,2355,22837,1707,846,861
33795,26192,3351,12640,2355,22840,1707,846,861
33800,26195,3352,12642,2356,22843,1707,846,861
33805,26196,3352,12643,2356,22844,1707,846,861
33810,26201,3353,12647,2356,22848,1707,846,861
33815,26203,3353,12648,2356,22850,1708,846,862
33820,26211,3353,12652,2356,22858,1708,846,862
33825,26214,3353,12655,2356,22861,1708,846,862
33830,26219,3354,12658,2357,22865,1709,846,863
33835,26223,3354,12660,2357,22869,1709,846,863
33840,26226,3354,12661,2357,22872,1709,846,863
33845,26227,3354,12662,2357,22873,1709,846,863
33850,26232,3355,12664,2357,22877,1709,846,863
33855,26234,3355,12666,2357,22879,1710,847,863
33860,26242,3357,12671,2358,22885,1711,848,863
33865,26245,3357,12672,2358,22888,1711,848,863
33870,26250,3357,12674,2358,22893,1712,848,864
33875,26254,3357,12676,2358,22896,1712,848,864
33880,26257,3358,12678,2359,22899,1712,848,864
33885,26258,3358,12678,2359,22900,1712,848,864
33890,26263,3359,12681,2359,22904,1712,848,864
33895,26265,3359,12683,2359,22906,1713,849,864
33900,26273,3361,12687,2361,22912,1714,850,864
33905,26276,3362,12688,2362,22914,1714,850,864
33910,26281,3362,12691,2362,22919,1715,851,864
33915,26285,3362,12693,2362,22922,1715,851,864
33920,26288,3363,12693,2363,22925,1715,851,864
33925,26289,3364,12694,2364,22925,1715,851,864
33930,26294,3365,12697,2364,22929,1715,851,864
33935,26296,3365,12699,2364,22931,1716,852,864
33940,26304,3365,12703,2364,22939,1716,852,864
33945,26307,3365,12704,2364,22942,1716,852,864
33950,26312,3366,12707,2365,22946,1716,852,864
33955,26316,3366,12709,2365,22950,1716,852,864
33960,26319,3366,12710,2365,22953,1716,852,864
33965,26320,3367,12711,2366,22953,1716,852,864
33970,26325,3368,12712,2366,22957,1716,852,864
33975,26327,3368,12713,2366,22959,1717,853,864
33980,26335,3368,12718,2366,22967,1717,853,864
33985,26338,3368,12720,2366,22970,1717,853,864
33990,26343,3369,12723,2367,22974,1717,853,864
33995,26347,3369,12724,2367,22978,1717,853,864
34000,26350,3369,12726,2367,22981,1717,853,864
34005,26351,3370,12727,2368,22981,1717,853,864
34010,26356,3371,12729,2369,22985,1717,853,864
34015,26358,3371,12730,2369,22987,1718,854,864
34020,26366,3371,12733,2369,22995,1718,854,864
34025,26369,3371,12735,2369,22998,1718,854,864
34030,26374,3372,12736,2369,23002,1718,854,864
34035,26378,3372,12738,2369,23005,1718,854,864
34040,26381,3373,12740,2370,23008,1718,854,864
34045,26382,3373,12740,2370,23009,1718,854,864
34050,26387,3373,12742,2370,23014,1718,854,864
34055,26389,3373,12742,2370,23016,1719,854,865
34060,26397,3373,12746,2370,23024,1719,854,865
34065,26400,3373,12749,2370,23027,1719,854,865
34070,26405,3374,12752,2370,23031,1719,854,865
34075,26409,3374,12755,2370,23034,1719,854,865
34080,26412,3375,12755,2371,23037,1719,854,865
34085,26413,3375,12756,2371,23038,1719,854,865
34090,26418,3375,12758,2371,23043,1719,854,865
34095,26420,3375,12760,2371,23045,1720,855,865
34100,26428,3377,12765,2373,23051,1721,856,865
34105,26431,3377,12767,2373,23054,1721,856,865
34110,26436,3377,12770,2373,23059,1721,856,865
34115,26440,3377,12771,2373,23063,1721,856,865
34120,26443,3377,12771,2373,23066,1721,856,865
34125,26444,3377,12772,2373,23067,1721,856,865
34130,26449,3378,12774,2373,23071,1721,856,865
34135,26451,3378,12775,2373,23073,1722,857,865
34140,26459,3380,12781,2375,23079,1723,857,866
34145,26462,3380,12781,2375,23082,1723,857,866
34150,26467,3380,12782,2375,23087,1724,857,867
34155,26471,3380,12784,2375,23090,1724,857,867
34160,26474,3381,12785,2376,23093,1724,857,867
34165,26475,3382,12786,2377,23093,1724,857,867
34170,26480,3383,12790,2378,23097,1724,857,867
34175,26482,3383,12791,2378,23099,1725,857,868
34180,26490,3384,12795,2378,23106,1725,857,868
34185,26493,3384,12797,2378,23109,1725,857,868
34190,26498,3385,12801,2379,23113,1726,857,869
34195,26502,3385,12802,2379,23117,1726,857,869
34200,26505,3385,12803,2379,23120,1726,857,869
34205,26506,3386,12804,2380,23120,1726,857,869
34210,26511,3387,12806,2381,23124,1726,857,869
34215,26513,3387,12807,2381,23126,1727,858,869
34220,26521,3388,12809,2382,23133,1727,858,869
34225,26524,3389,12811,2383,23135,1727,858,869
34230,26529,3390,12815,2384,23139,1728,859,869
34235,26533,3390,12818,2384,23142,1728,859,869
34240,26536,3392,12819,2386,23144,1728,859,869
34245,26537,3392,12819,2386,23145,1728,859,869
34250,26542,3393,12821,2387,23149,1728,859,869
34255,26544,3393,12823,2387,23151,1729,860,869
34260,26552,3394,12828,2388,23158,1729,860,869
34265,26555,3394,12828,2388,23161,1729,860,869
34270,26560,3395,12830,2388,23165,1729,860,869
34275,26564,3395,12831,2388,23169,1729,860,869
34280,26567,3395,12833,2388,23172,1729,860,869
34285,26568,3396,12834,2389,23172,1729,860,869
34290,26573,3397,12836,2389,23176,1729,860,869
34295,26575,3397,12836,2389,23178,1730,860,870
34300,26583,3398,12839,2389,23185,1730,860,870
34305,26586,3399,12841,2390,23187,1730,860,870
34310,26591,3400,12845,2391,23191,1730,860,870
34315,26595,3400,12846,2391,23195,1730,860,870
34320,26598,3400,12847,2391,23198,1730,860,870
34325,26599,3400,12847,2391,23199,1730,860,870
34330,26604,3401,12850,2392,23203,1730,860,870
34335,26606,3401,12851,2392,23205,1731,861,870
34340,26614,3402,12854,2393,23211,1732,861,871
34345,26617,3403,12856,2394,23214,1732,861,871
34350,26622,3404,12859,2395,23218,1733,861,872
34355,26626,3404,12862,2395,23222,1733,861,872
34360,26629,3404,12864,2395,23225,1733,861,872
34365,26630,3404,12864,2395,23226,1733,861,872
34370,26635,3405,12865,2395,23230,1733,861,872
34375,26637,3405,12866,2395,23232,1734,862,872
34380,26645,3406,12870,2396,23238,1735,862,873
34385,26648,3407,12871,2397,23241,1735,862,873
34390,26653,3408,12875,2398,23245,1736,863,873
34395,26657,3408,12875,2398,23249,1736,863,873
34400,26660,3409,12876,2399,23251,1736,863,873
34405,26661,3410,12877,2400,23251,1736,863,873
34410,26666,3411,12879,2401,23255,1736,863,873
34415,26668,3411,12880,2401,23257,1737,863,874
34420,26676,3411,12885,2401,23265,1737,863,874
34425,26679,3411,12887,2401,23268,1737,863,874
34430,26684,3412,12890,2401,23272,1738,864,874
34435,26688,3412,12891,2401,23276,1738,864,874
34440,26691,3412,12892,2401,23279,1738,864,874
34445,26692,3413,12893,2402,23279,1738,864,874
34450,26697,3414,12895,2403,23283,1738,864,874
34455,26699,3414,12897,2403,23285,1739,865,874
34460,26707,3416,12900,2405,23291,1740,865,875
34465,26710,3416,12901,2405,23294,1740,865,875
34470,26715,3417,12904,2406,23298,1741,866,875
34475,26719,3417,12905,2406,23302,1741,866,875
34480,26722,3417,12907,2406,23305,1741,866,875
34485,26723,3417,12907,2406,23306,1741,866,875
34490,26728,3417,12910,2406,23311,1741,866,875
34495,26730,3417,12911,2406,23313,1742,866,876
34500,26738,3420,12915,2409,23318,1743,866,877
34505,26741,3420,12917,2409,23321,1743,866,877
34510,26746,3420,12919,2409,23326,1744,866,878
34515,26750,3420,12922,2409,23330,1744,866,878
34520,26753,3420,12923,2409,23333,1744,866,878
34525,26754,3420,12923,2409,23334,1744,866,878
34530,26759,3420,12926,2409,23339,1744,866,878
34535,26761,3420,12928,2409,23341,1745,867,878
34540,26769,3420,12934,2409,23349,1746,867,879
34545,26772,3420,12936,2409,23352,1746,867,879
34550,26777,3420,12938,2409,23357,1747,868,879
34555,26781,3420,12941,2409,23360,1747,868,879
34560,26784,3421,12943,2410,23363,1747,868,879
34565,26785,3421,12943,2410,23364,1747,868,879
34570,26790,3422,12944,2410,23368,1747,868,879
34575,26792,3422,12945,2410,23370,1748,869,879
34580,26800,3423,12952,2411,23376,1748,869,879
34585,26803,3424,12954,2412,23379,1748,869,879
34590,26808,3425,12957,2412,23383,1749,870,879
34595,26812,3425,12958,2412,23387,1749,870,879
34600,26815,3426,12960,2413,23389,1749,870,879
34605,26816,3426,12960,2413,23390,1749,870,879
34610,26821,3427,12961,2413,23394,1749,870,879
34615,26823,3427,12962,2413,23396,1750,871,879
34620,26831,3429,12967,2414,23401,1750,871,879
34625,26834,3431,12969,2416,23403,1750,871,879
34630,26839,3432,12973,2417,23407,1751,872,879
34635,26843,3432,12977,2417,23411,1751,872,879
34640,26846,3433,12980,2418,23413,1751,872,879
34645,26847,3434,12981,2419,23413,1751,872,879
34650,26852,3435,12985,2420,23417,1751,872,879
34655,26854,3435,12987,2420,23419,1752,873,879
34660,26862,3437,12991,2421,23424,1753,873,880
34665,26865,3438,12992,2422,23427,1753,873,880
34670,26870,3439,12995,2423,23431,1754,873,881
34675,26874,3439,12996,2423,23435,1754,873,881
34680,26877,3440,12997,2424,23437,1754,873,881
34685,26878,3440,12997,2424,23438,1754,873,881
34690,26883,3441,12999,2424,23442,1754,873,881
34695,26885,3441,12999,2424,23444,1755,873,882
34700,26893,3442,13002,2425,23451,1755,873,882
34705,26896,3442,13002,2425,23454,1755,873,882
34710,26901,3443,13006,2426,23458,1756,874,882
34715,26905,3443,13008,2426,23462,1756,874,882
34720,26908,3443,13010,2426,23465,1756,874,882
34725,26909,3443,13010,2426,23466,1756,874,882
34730,26914,3444,13012,2426,23470,1756,874,882
34735,26916,3444,13012,2426,23472,1757,874,883
34740,26924,3446,13017,2428,23478,1757,874,883
34745,26927,3446,13018,2428,23481,1757,874,883
34750,26932,3446,13021,2428,23486,1757,874,883
34755,26936,3446,13023,2428,23489,1757,874,883
34760,26939,3447,13025,2429,23492,1757,874,883
34765,26940,3447,13025,2429,23493,1757,874,883
34770,26945,3448,13026,2429,23497,1757,874,883
34775,26947,3448,13028,2429,23499,1758,875,883
34780,26955,3449,13034,2430,23506,1758,875,883
34785,26958,3450,13036,2431,23508,1758,875,883
34790,26963,3450,13037,2431,23513,1758,875,883
34795,26967,3450,13039,2431,23516,1758,875,883
34800,26970,3451,13041,2432,23519,1758,875,883
34805,26971,3451,13041,2432,23520,1758,875,883
34810,26976,3452,13044,2433,23524,1758,875,883
34815,26978,3452,13045,2433,23526,1759,875,884
34820,26986,3454,13049,2435,23532,1759,875,884
34825,26989,3454,13051,2435,23535,1759,875,884
34830,26994,3454,13052,2435,23540,1759,875,884
34835,26998,3454,13054,2435,23544,1759,875,884
34840,27001,3454,13057,2435,23547,1759,875,884
34845,27002,3455,13058,2436,23547,1759,875,884
34850,27007,3456,13060,2436,23551,1759,875,884
34855,27009,3456,13061,2436,23553,1760,875,885
34860,27017,3458,13065,2438,23559,1760,875,885
34865,27020,3459,13067,2439,23561,1760,875,885
34870,27025,3460,13069,2439,23565,1761,875,886
34875,27029,3460,13070,2439,23569,1761,875,886
34880,27032,3460,13072,2439,23572,1761,875,886
34885,27033,3460,13073,2439,23573,1761,875,886
34890,27038,3461,13077,2440,23577,1761,875,886
34895,27040,3461,13078,2440,23579,1762,875,887
34900,27048,3462,13084,2441,23586,1762,875,887
34905,27051,3463,13085,2442,23588,1762,875,887
34910,27056,3464,13089,2443,23592,1763,876,887
34915,27060,3464,13092,2443,23596,1763,876,887
34920,27063,3464,13093,2443,23599,1763,876,887
34925,27064,3464,13094,2443,23600,1763,876,887
34930,27069,3465,13096,2444,23604,1763,876,887
34935,27071,3465,13098,2444,23606,1764,877,887
34940,27079,3465,13103,2444,23614,1764,877,887
34945,27082,3465,13104,2444,23617,1764,877,887
34950,27087,3466,13106,2444,23621,1765,878,887
34955,27091,3466,13108,2444,23625,1765,878,887
34960,27094,3466,13109,2444,23628,1765,878,887
34965,27095,3466,13110,2444,23629,1765,878,887
34970,27100,3467,13113,2445,23633,1765,878,887
34975,27102,3467,13115,2445,23635,1766,879,887
34980,27110,3467,13120,2445,23643,1766,879,887
34985,27113,3467,13123,2445,23646,1766,879,887
34990,27118,3468,13124,2445,23650,1767,879,888
34995,27122,3468,13127,2445,23653,1767,879,888
35000,27125,3469,13129,2446,23656,1767,879,888
35005,27126,3469,13129,2446,23657,1767,879,888
35010,27131,3470,13132,2447,23661,1767,879,888
35015,27133,3470,13133,2447,23663,1768,880,888
35020,27141,3470,13138,2447,23671,1768,880,888
35025,27144,3470,13138,2447,23674,1768,880,888
35030,27149,3471,13140,2448,23678,1769,880,889
35035,27153,3471,13143,2448,23681,1769,880,889
35040,27156,3473,13144,2450,23683,1769,880,889
35045,27157,3473,13145,2450,23684,1769,880,889
35050,27162,3473,13147,2450,23689,1769,880,889
35055,27164,3473,13149,2450,23691,1770,881,889
35060,27172,3474,13154,2451,23698,1770,881,889
35065,27175,3475,13157,2452,23700,1770,881,889
35070,27180,3476,13158,2452,23704,1770,881,889
35075,27184,3476,13158,2452,23708,1770,881,889
35080,27187,3476,13159,2452,23711,1770,881,889
35085,27188,3476,13159,2452,23712,1770,881,889
35090,27193,3476,13161,2452,23717,1770,881,889
35095,27195,3476,13162,2452,23719,1771,881,890
35100,27203,3477,13163,2452,23726,1771,881,890
35105,27206,3478,13166,2453,23728,1771,881,890
35110,27211,3479,13169,2454,23732,1771,881,890
35115,27215,3479,13171,2454,23736,1771,881,890
35120,27218,3479,13172,2454,23739,1771,881,890
35125,27219,3479,13172,2454,23740,1771,881,890
35130,27224,3479,13174,2454,23745,1771,881,890
35135,27226,3479,13175,2454,23747,1772,882,890
35140,27234,3480,13182,2454,23754,1772,882,890
35145,27237,3480,13183,2454,23757,1772,882,890
35150,27242,3481,13186,2455,23761,1773,882,891
35155,27246,3481,13188,2455,23765,1773,882,891
35160,27249,3481,13189,2455,23768,1773,882,891
35165,27250,3481,13189,2455,23769,1773,882,891
35170,27255,3482,13193,2456,23773,1773,882,891
35175,27257,3482,13194,2456,23775,1774,883,891
35180,27265,3483,13199,2457,23782,1774,883,891
35185,27268,3483,13201,2457,23785,1774,883,891
35190,27273,3483,13202,2457,23790,1775,883,892
35195,27277,3483,13206,2457,23793,1775,883,892
35200,27280,3484,13208,2458,23796,1775,883,892
35205,27281,3485,13209,2459,23796,1775,883,892
35210,27286,3486,13213,2460,23800,1775,883,892
35215,27288,3486,13213,2460,23802,1776,883,893
35220,27296,3487,13215,2460,23809,1776,883,893
35225,27299,3487,13217,2460,23812,1776,883,893
35230,27304,3487,13220,2460,23817,1777,883,894
35235,27308,3487,13221,2460,23821,1777,883,894
35240,27311,3487,13223,2460,23824,1777,883,894
35245,27312,3487,13224,2460,23825,1777,883,894
35250,27317,3488,13226,2460,23829,1777,883,894
35255,27319,3488,13228,2460,23831,1778,884,894
35260,27327,3489,13229,2461,23838,1778,884,894
35265,27330,3489,13230,2461,23841,1778,884,894
35270,27335,3490,13231,2461,23845,1779,884,895
35275,27339,3490,13234,2461,23848,1779,884,895
35280,27342,3492,13236,2463,23850,1779,884,895
35285,27343,3492,13236,2463,23851,1779,884,895
35290,27348,3493,13237,2463,23855,1779,884,895
35295,27350,3493,13238,2463,23857,1780,885,895
35300,27358,3494,13242,2464,23864,1780,885,895
35305,27361,3494,13244,2464,23867,1780,885,895
35310,27366,3495,13247,2464,23871,1780,885,895
35315,27370,3495,13249,2464,23875,1780,885,895
35320,27373,3495,13250,2464,23878,1780,885,895
35325,27374,3495,13250,2464,23879,1780,885,895
35330,27379,3496,13255,2465,23883,1780,885,895
35335,27381,3496,13256,2465,23885,1781,885,896
35340,27389,3497,13258,2466,23892,1781,885,896
35345,27392,3498,13259,2467,23894,1781,885,896
35350,27397,3499,13262,2468,23898,1781,885,896
35355,27401,3499,13263,2468,23902,1781,885,896
35360,27404,3500,13265,2469,23904,1781,885,896
35365,27405,3500,13265,2469,23905,1781,885,896
35370,27410,3501,13268,2469,23909,1781,885,896
35375,27412,3501,13268,2469,23911,1782,885,897
35380,27420,3502,13269,2470,23918,1782,885,897
35385,27423,3503,13270,2471,23920,1782,885,897
35390,27428,3505,13272,2472,23923,1783,885,898
35395,27432,3505,13275,2472,23927,1783,885,898
35400,27435,3505,13275,2472,23930,1783,885,898
35405,27436,3505,13276,2472,23931,1783,885,898
35410,27441,3505,13279,2472,23936,1783,885,898
35415,27443,3505,13280,2472,23938,1784,885,899
35420,27451,3505,13283,2472,23945,1784,885,899
35425,27454,3506,13284,2473,23948,1784,885,899
35430,27459,3507,13286,2474,23952,1785,885,900
35435,27463,3507,13286,2474,23956,1785,885,900
35440,27466,3507,13287,2474,23959,1785,885,900
35445,27467,3507,13288,2474,23960,1785,885,900
35450,27472,3507,13290,2474,23965,1785,885,900
35455,27474,3507,13291,2474,23967,1786,885,901
35460,27482,3508,13294,2475,23974,1786,885,901
35465,27485,3508,13295,2475,23977,1786,885,901
35470,27490,3509,13298,2475,23981,1787,886,901
35475,27494,3509,13300,2475,23985,1787,886,901
35480,27497,3509,13301,2475,23988,1787,886,901
35485,27498,3509,13302,2475,23989,1787,886,901
35490,27503,3509,13304,2475,23994,1787,886,901
35495,27505,3509,13305,2475,23996,1788,887,901
35500,27513,3509,13310,2475,24003,1788,887,901
35505,27516,3510,13312,2476,24006,1788,887,901
35510,27521,3511,13314,2476,24010,1789,887,902
35515,27525,3511,13316,2476,24014,1789,887,902
35520,27528,3511,13316,2476,24017,1789,887,902
35525,27529,3512,13317,2477,24017,1789,887,902
35530,27534,3513,13318,2477,24021,1789,887,902
35535,27536,3513,13318,2477,24023,1790,887,903
35540,27544,3514,13322,2477,24030,1790,887,903
35545,27547,3515,13323,2478,24032,1790,887,903
35550,27552,3515,13326,2478,24037,1791,888,903
35555,27556,3515,13328,2478,24041,1791,888,903
35560,27559,3515,13329,2478,24044,1791,888,903
35565,27560,3515,13329,2478,24045,1791,888,903
35570,27565,3516,13333,2479,24049,1791,888,903
35575,27567,3516,13333,2479,24051,1792,888,904
35580,27575,3517,13334,2479,24058,1792,888,904
35585,27578,3517,13334,2479,24061,1792,888,904
35590,27583,3517,13336,2479,24066,1793,889,904
35595,27587,3517,13340,2479,24069,1793,889,904
35600,27590,3518,13340,2480,24072,1793,889,904
35605,27591,3518,13341,2480,24073,1793,889,904
35610,27596,3519,13343,2480,24077,1793,889,904
35615,27598,3519,13344,2480,24079,1794,890,904
35620,27606,3520,13347,2481,24086,1794,890,904
35625,27609,3520,13347,2481,24089,1794,890,904
35630,27614,3521,13348,2481,24093,1795,890,905
35635,27618,3521,13350,2481,24097,1795,890,905
35640,27621,3522,13352,2482,24099,1795,890,905
35645,27622,3522,13353,2482,24100,1795,890,905
35650,27627,3522,13354,2482,24105,1795,890,905
35655,27629,3522,13354,2482,24107,1796,890,906
35660,27637,3523,13355,2483,24114,1796,890,906
35665,27640,3523,13356,2483,24117,1796,890,906
35670,27645,3524,13358,2483,24121,1797,890,907
35675,27649,3524,13361,2483,24125,1797,890,907
35680,27652,3525,13363,2484,24127,1797,890,907
35685,27653,3525,13363,2484,24128,1797,890,907
35690,27658,3525,13365,2484,24133,1797,890,907
35695,27660,3525,13366,2484,24135,1798,891,907
35700,27668,3526,13370,2485,24142,1798,891,907
35705,27671,3526,13373,2485,24145,1798,891,907
35710,27676,3527,13375,2486,24149,1798,891,907
35715,27680,3527,13376,2486,24153,1798,891,907
35720,27683,3528,13379,2487,24155,1798,891,907
35725,27684,3528,13380,2487,24156,1798,891,907
35730,27689,3528,13384,2487,24161,1798,891,907
35735,27691,3528,13384,2487,24163,1799,891,908
35740,27699,3529,13387,2487,24170,1799,891,908
35745,27702,3529,13388,2487,24173,1799,891,908
35750,27707,3530,13390,2487,24177,1799,891,908
35755,27711,3530,13391,2487,24180,1799,891,908
35760,27714,3531,13392,2488,24183,1799,891,908
35765,27715,3532,13393,2489,24183,1799,891,908
35770,27720,3533,13394,2490,24187,1799,891,908
35775,27722,3533,13395,2490,24189,1800,891,909
35780,27730,3534,13396,2490,24196,1800,891,909
35785,27733,3535,13398,2491,24198,1800,891,909
35790,27738,3535,13399,2491,24203,1800,891,909
35795,27742,3535,13401,2491,24207,1800,891,909
35800,27745,3535,13402,2491,24210,1800,891,909
35805,27746,3536,13403,2492,24210,1800,891,909
35810,27751,3537,13406,2492,24214,1800,891,909
35815,27753,3537,13406,2492,24216,1801,891,910
35820,27761,3538,13408,2492,24223,1801,891,910
35825,27764,3538,13410,2492,24226,1801,891,910
35830,27769,3538,13415,2492,24231,1801,891,910
35835,27773,3538,13419,2492,24234,1801,891,910
35840,27776,3539,13421,2493,24237,1801,891,910
35845,27777,3539,13422,2493,24238,1801,891,910
35850,27782,3540,13425,2494,24242,1801,891,910
35855,27784,3540,13426,2494,24244,1802,892,910
35860,27792,3541,13427,2495,24251,1802,892,910
35865,27795,3541,13429,2495,24254,1802,892,910
35870,27800,3542,13430,2495,24258,1802,892,910
35875,27804,3542,13430,2495,24262,1802,892,910
35880,27807,3542,13432,2495,24265,1802,892,910
35885,27808,3542,13432,2495,24266,1802,892,910
35890,27813,3543,13434,2495,24270,1802,892,910
35895,27815,3543,13436,2495,24272,1803,893,910
35900,27823,3545,13439,2496,24278,1804,893,911
35905,27826,3545,13440,2496,24281,1804,893,911
35910,27831,3546,13442,2496,24285,1805,894,911
35915,27835,3546,13445,2496,24289,1805,894,911
35920,27838,3547,13447,2497,24291,1805,894,911
35925,27839,3548,13448,2498,24291,1805,894,911
35930,27844,3549,13450,2499,24295,1805,894,911
35935,27846,3549,13450,2499,24297,1806,894,912
35940,27854,3551,13454,2501,24303,1807,895,912
35945,27857,3551,13455,2501,24306,1807,895,912
35950,27862,3552,13457,2501,24310,1808,895,913
35955,27866,3552,13459,2501,24314,1808,895,913
35960,27869,3553,13461,2502,24316,1808,895,913
35965,27870,3553,13461,2502,24317,1808,895,913
35970,27875,3554,13462,2502,24321,1808,895,913
35975,27877,3554,13464,2502,24323,1809,896,913
35980,27885,3554,13469,2502,24331,1809,896,913
35985,27888,3554,13471,2502,24334,1809,896,913
35990,27893,3555,13474,2503,24338,1810,896,914
35995,27897,3555,13478,2503,24341,1810,896,914
36000,27900,3556,13479,2504,24344,1810,896,914
36005,27901,3557,13480,2505,24344,1810,896,914
36010,27906,3558,13481,2505,24348,1810,896,914
36015,27908,3558,13483,2505,24350,1811,897,914
36020,27916,3558,13488,2505,24357,1812,897,915
36025,27919,3559,13489,2506,24360,1812,897,915
36030,27924,3559,13490,2506,24365,1813,897,916
36035,27928,3559,13494,2506,24368,1813,897,916
36040,27931,3560,13494,2507,24371,1813,897,916
36045,27932,3561,13495,2508,24371,1813,897,916
36050,27937,3562,13499,2509,24375,1813,897,916
36055,27939,3562,13500,2509,24377,1814,897,917
36060,27947,3564,13503,2510,24382,1815,897,918
36065,27950,3565,13505,2511,24385,1815,897,918
36070,27955,3565,13508,2511,24390,1815,897,918
36075,27959,3565,13509,2511,24394,1815,897,918
36080,27962,3565,13511,2511,24397,1815,897,918
36085,27963,3565,13512,2511,24398,1815,897,918
36090,27968,3565,13514,2511,24403,1815,897,918
36095,27970,3565,13515,2511,24405,1816,897,919
36100,27978,3566,13520,2511,24412,1816,897,919
36105,27981,3566,13521,2511,24415,1816,897,919
36110,27986,3566,13522,2511,24420,1816,897,919
36115,27990,3566,13524,2511,24424,1816,897,919
36120,27993,3566,13525,2511,24427,1816,897,919
36125,27994,3566,13525,2511,24428,1816,897,919
36130,27999,3567,13526,2511,24432,1816,897,919
36135,28001,3567,13527,2511,24434,1817,898,919
36140,28009,3569,13531,2513,24440,1818,899,919
36145,28012,3569,13532,2513,24443,1818,899,919
36150,28017,3570,13536,2514,24447,1818,899,919
36155,28021,3570,13537,2514,24451,1818,899,919
36160,28024,3570,13538,2514,24454,1818,899,919
36165,28025,3571,13539,2515,24454,1818,899,919
36170,28030,3572,13541,2515,24458,1818,899,919
36175,28032,3572,13542,2515,24460,1819,900,919
36180,28040,3574,13545,2516,24465,1820,900,920
36185,28043,3576,13548,2518,24467,1820,900,920
36190,28048,3577,13551,2519,24471,1821,900,921
36195,28052,3577,13554,2519,24475,1821,900,921
36200,28055,3578,13556,2520,24477,1821,900,921
36205,28056,3578,13556,2520,24478,1821,900,921
36210,28061,3579,13558,2521,24482,1821,900,921
36215,28063,3579,13559,2521,24484,1822,901,921
36220,28071,3580,13561,2521,24491,1822,901,921
36225,28074,3580,13562,2521,24494,1822,901,921
36230,28079,3581,13564,2521,24498,1823,902,921
36235,28083,3581,13564,2521,24502,1823,902,921
36240,28086,3582,13565,2522,24504,1823,902,921
36245,28087,3582,13566,2522,24505,1823,902,921
36250,28092,3583,13569,2523,24509,1823,902,921
36255,28094,3583,13570,2523,24511,1824,903,921
36260,28102,3584,13574,2523,24518,1824,903,921
36265,28105,3585,13576,2524,24520,1824,903,921
36270,28110,3586,13577,2524,24524,1825,903,922
36275,28114,3586,13578,2524,24528,1825,903,922
36280,28117,3586,13578,2524,24531,1825,903,922
36285,28118,3587,13579,2525,24531,1825,903,922
36290,28123,3588,13580,2525,24535,1825,903,922
36295,28125,3588,13580,2525,24537,1826,903,923
36300,28133,3590,13584,2526,24542,1827,904,923
36305,28136,3592,13586,2528,24544,1827,904,923
36310,28141,3593,13588,2529,24548,1828,905,923
36315,28145,3593,13589,2529,24551,1828,905,923
36320,28148,3595,13591,2531,24553,1828,905,923
36325,28149,3595,13592,2531,24554,1828,905,923
36330,28154,3595,13594,2531,24559,1828,905,923
36335,28156,3595,13595,2531,24561,1829,906,923
36340,28164,3596,13599,2531,24568,1829,906,923
36345,28167,3596,13599,2531,24571,1829,906,923
36350,28172,3597,13602,2532,24575,1830,906,924
36355,28176,3597,13603,2532,24578,1830,906,924
36360,28179,3599,13604,2534,24580,1830,906,924
36365,28180,3599,13604,2534,24581,1830,906,924
36370,28185,3599,13607,2534,24586,1830,906,924
36375,28187,3599,13609,2534,24588,1831,907,924
36380,28195,3600,13617,2535,24595,1831,907,924
36385,28198,3601,13619,2536,24597,1831,907,924
36390,28203,3601,13621,2536,24602,1832,907,925
36395,28207,3601,13623,2536,24606,1832,907,925
36400,28210,3601,13624,2536,24609,1832,907,925
36405,28211,3601,13624,2536,24610,1832,907,925
36410,28216,3602,13626,2536,24614,1832,907,925
36415,28218,3602,13626,2536,24616,1833,907,926
36420,28226,3603,13628,2536,24622,1834,907,927
36425,28229,3604,13629,2537,24625,1834,907,927
36430,28234,3605,13633,2538,24629,1834,907,927
36435,28238,3605,13635,2538,24633,1834,907,927
36440,28241,3605,13637,2538,24636,1834,907,927
36445,28242,3605,13638,2538,24637,1834,907,927
36450,28247,3606,13642,2538,24641,1834,907,927
36455,28249,3606,13643,2538,24643,1835,907,928
36460,28257,3608,13645,2539,24649,1836,907,929
36465,28260,3608,13645,2539,24652,1836,907,929
36470,28265,3608,13647,2539,24657,1836,907,929
36475,28269,3608,13648,2539,24661,1836,907,929
36480,28272,3608,13649,2539,24664,1836,907,929
36485,28273,3609,13650,2540,24664,1836,907,929
36490,28278,3610,13654,2541,24668,1836,907,929
36495,28280,3610,13654,2541,24670,1837,907,930
36500,28288,3612,13660,2543,24676,1837,907,930
36505,28291,3612,13661,2543,24679,1837,907,930
36510,28296,3613,13665,2544,24683,1837,907,930
36515,28300,3613,13667,2544,24687,1837,907,930
36520,28303,3613,13669,2544,24690,1837,907,930
36525,28304,3613,13669,2544,24691,1837,907,930
36530,28309,3614,13671,2545,24695,1837,907,930
36535,28311,3614,13672,2545,24697,1838,908,930
36540,28319,3615,13674,2546,24704,1838,908,930
36545,28322,3615,13676,2546,24707,1838,908,930
36550,28327,3616,13677,2547,24711,1839,908,931
36555,28331,3616,13677,2547,24715,1839,908,931
36560,28334,3617,13679,2548,24717,1839,908,931
36565,28335,3617,13679,2548,24718,1839,908,931
36570,28340,3618,13679,2548,24722,1839,908,931
36575,28342,3618,13679,2548,24724,1840,908,932
36580,28350,3618,13683,2548,24732,1840,908,932
36585,28353,3618,13684,2548,24735,1840,908,932
36590,28358,3619,13687,2548,24739,1841,909,932
36595,28362,3619,13688,2548,24743,1841,909,932
36600,28365,3619,13688,2548,24746,1841,909,932
36605,28366,3619,13688,2548,24747,1841,909,932
36610,28371,3620,13690,2549,24751,1841,909,932
36615,28373,3620,13692,2549,24753,1842,910,932
36620,28381,3620,13696,2549,24761,1842,910,932
36625,28384,3620,13697,2549,24764,1842,910,932
36630,28389,3621,13700,2549,24768,1843,911,932
36635,28393,3621,13700,2549,24772,1843,911,932
36640,28396,3621,13700,2549,24775,1843,911,932
36645,28397,3621,13700,2549,24776,1843,911,932
36650,28402,3622,13703,2550,24780,1843,911,932
36655,28404,3622,13705,2550,24782,1844,912,932
36660,28412,3624,13708,2551,24787,1845,912,933
36665,28415,3625,13710,2552,24790,1845,912,933
36670,28420,3626,13711,2552,24794,1846,912,934
36675,28424,3626,13712,2552,24798,1846,912,934
36680,28427,3627,13715,2553,24800,1846,912,934
36685,28428,3627,13715,2553,24801,1846,912,934
36690,28433,3628,13717,2554,24805,1846,912,934
36695,28435,3628,13719,2554,24807,1847,913,934
36700,28443,3629,13723,2554,24814,1847,913,934
36705,28446,3629,13725,2554,24817,1847,913,934
36710,28451,3630,13726,2554,24821,1847,913,934
36715,28455,3630,13729,2554,24825,1847,913,934
36720,28458,3631,13731,2555,24827,1847,913,934
36725,28459,3632,13732,2556,24827,1847,913,934
36730,28464,3633,13734,2557,24831,1847,913,934
36735,28466,3633,13735,2557,24833,1848,914,934
36740,28474,3634,13740,2558,24840,1848,914,934
36745,28477,3634,13741,2558,24843,1848,914,934
36750,28482,3635,13743,2558,24847,1849,915,934
36755,28486,3635,13744,2558,24851,1849,915,934
36760,28489,3636,13745,2559,24853,1849,915,934
36765,28490,3637,13746,2560,24853,1849,915,934
36770,28495,3638,13749,2561,24857,1849,915,934
36775,28497,3638,13751,2561,24859,1850,916,934
36780,28505,3640,13754,2562,24865,1851,916,935
36785,28508,3641,13756,2563,24867,1851,916,935
36790,28513,3642,13759,2564,24871,1852,916,936
36795,28517,3642,13762,2564,24874,1852,916,936
36800,28520,3644,13764,2566,24876,1852,916,936
36805,28521,3645,13765,2567,24876,1852,916,936
36810,28526,3646,13767,2567,24880,1852,916,936
36815,28528,3646,13769,2567,24882,1853,917,936
36820,28536,3647,13773,2568,24889,1854,917,937
36825,28539,3647,13775,2568,24892,1854,917,937
36830,28544,3648,13778,2569,24896,1855,917,938
36835,28548,3648,13779,2569,24900,1855,917,938
36840,28551,3648,13780,2569,24903,1855,917,938
36845,28552,3648,13780,2569,24904,1855,917,938
36850,28557,3649,13783,2569,24908,1855,917,938
36855,28559,3649,13784,2569,24910,1856,917,939
36860,28567,3649,13787,2569,24918,1856,917,939
36865,28570,3649,13787,2569,24921,1856,917,939
36870,28575,3649,13789,2569,24926,1857,918,939
36875,28579,3649,13790,2569,24930,1857,918,939
36880,28582,3649,13792,2569,24933,1857,918,939
36885,28583,3649,13792,2569,24934,1857,918,939
36890,28588,3650,13794,2569,24938,1857,918,939
36895,28590,3650,13795,2569,24940,1858,918,940
36900,28598,3651,13798,2570,24947,1858,918,940
36905,28601,3651,13800,2570,24950,1858,918,940
36910,28606,3652,13804,2571,24954,1858,918,940
36915,28610,3652,13806,2571,24958,1858,918,940
36920,28613,3652,13808,2571,24961,1858,918,940
36925,28614,3652,13809,2571,24962,1858,918,940
36930,28619,3653,13812,2571,24966,1858,918,940
36935,28621,3653,13814,2571,24968,1859,919,940
36940,28629,3654,13816,2572,24974,1860,919,941
36945,28632,3655,13817,2573,24977,1860,919,941
36950,28637,3656,13819,2574,24981,1860,919,941
36955,28641,3656,13820,2574,24985,1860,919,941
36960,28644,3656,13820,2574,24988,1860,919,941
36965,28645,3656,13820,2574,24989,1860,919,941
36970,28650,3657,13823,2575,24993,1860,919,941
36975,28652,3657,13823,2575,24995,1861,919,942
36980,28660,3658,13825,2576,25002,1861,919,942
36985,28663,3659,13827,2577,25004,1861,919,942
36990,28668,3660,13829,2577,25008,1862,920,942
36995,28672,3660,13831,2577,25012,1862,920,942
37000,28675,3660,13831,2577,25015,1862,920,942
37005,28676,3660,13831,2577,25016,1862,920,942
37010,28681,3661,13836,2578,25020,1862,920,942
37015,28683,3661,13836,2578,25022,1863,920,943
37020,28691,3662,13840,2579,25029,1863,920,943
37025,28694,3663,13841,2580,25031,1863,920,943
37030,28699,3664,13845,2581,25035,1864,921,943
37035,28703,3664,13846,2581,25039,1864,921,943
37040,28706,3665,13847,2582,25041,1864,921,943
37045,28707,3666,13848,2583,25041,1864,921,943
37050,28712,3667,13852,2584,25045,1864,921,943
37055,28714,3667,13853,2584,25047,1865,922,943
37060,28722,3668,13857,2584,25054,1865,922,943
37065,28725,3669,13860,2585,25056,1865,922,943
37070,28730,3670,13863,2585,25060,1866,922,944
37075,28734,3670,13865,2585,25064,1866,922,944
37080,28737,3671,13868,2586,25066,1866,922,944
37085,28738,3671,13868,2586,25067,1866,922,944
37090,28743,3672,13870,2587,25071,1866,922,944
37095,28745,3672,13871,2587,25073,1867,923,944
37100,28753,3673,13874,2588,25080,1867,923,944
37105,28756,3673,13877,2588,25083,1867,923,944
37110,28761,3674,13879,2589,25087,1867,923,944
37115,28765,3674,13881,2589,25091,1867,923,944
37120,28768,3674,13883,2589,25094,1867,923,944
37125,28769,3674,13883,2589,25095,1867,923,944
37130,28774,3675,13885,2590,25099,1867,923,944
37135,28776,3675,13887,2590,25101,1868,924,944
37140,28784,3676,13890,2590,25108,1868,924,944
37145,28787,3676,13892,2590,25111,1868,924,944
37150,28792,3677,13896,2591,25115,1869,925,944
37155,28796,3677,13898,2591,25119,1869,925,944
37160,28799,3678,13900,2592,25121,1869,925,944
37165,28800,3678,13901,2592,25122,1869,925,944
37170,28805,3679,13902,2592,25126,1869,925,944
37175,28807,3679,13902,2592,25128,1870,925,945
37180,28815,3680,13906,2592,25135,1870,925,945
37185,28818,3680,13907,2592,25138,1870,925,945
37190,28823,3681,13909,2593,25142,1871,925,946
37195,28827,3681,13912,2593,25145,1871,925,946
37200,28830,3682,13913,2594,25148,1871,925,946
37205,28831,3683,13914,2595,25148,1871,925,946
37210,28836,3684,13915,2596,25152,1871,925,946
37215,28838,3684,13915,2596,25154,1872,925,947
37220,28846,3685,13918,2596,25161,1872,925,947
37225,28849,3685,13920,2596,25164,1872,925,947
37230,28854,3686,13922,2596,25168,1872,925,947
37235,28858,3686,13922,2596,25172,1872,925,947
37240,28861,3686,13924,2596,25175,1872,925,947
37245,28862,3687,13925,2597,25175,1872,925,947
37250,28867,3688,13928,2598,25179,1872,925,947
37255,28869,3688,13929,2598,25181,1873,926,947
37260,28877,3689,13935,2599,25188,1873,926,947
37265,28880,3689,13935,2599,25191,1873,926,947
37270,28885,3690,13937,2600,25195,1873,926,947
37275,28889,3690,13938,2600,25199,1873,926,947
37280,28892,3690,13939,2600,25202,1873,926,947
37285,28893,3690,13939,2600,25203,1873,926,947
37290,28898,3691,13940,2600,25207,1873,926,947
37295,28900,3691,13941,2600,25209,1874,927,947
37300,28908,3692,13945,2600,25216,1874,927,947
37305,28911,3692,13947,2600,25219,1874,927,947
37310,28916,3693,13948,2600,25223,1875,928,947
37315,28920,3693,13950,2600,25227,1875,928,947
37320,28923,3694,13951,2601,25229,1875,928,947
37325,28924,3694,13952,2601,25230,1875,928,947
37330,28929,3694,13954,2601,25235,1875,928,947
37335,28931,3694,13955,2601,25237,1876,929,947
37340,28939,3695,13960,2602,25244,1876,929,947
37345,28942,3695,13961,2602,25247,1876,929,947
37350,28947,3696,13963,2602,25251,1877,930,947
37355,28951,3696,13966,2602,25254,1877,930,947
37360,28954,3698,13969,2604,25256,1877,930,947
37365,28955,3698,13969,2604,25257,1877,930,947
37370,28960,3698,13972,2604,25262,1877,930,947
37375,28962,3698,13972,2604,25264,1878,930,948
37380,28970,3699,13976,2605,25271,1878,930,948
37385,28973,3699,13977,2605,25274,1878,930,948
37390,28978,3700,13977,2605,25278,1879,930,949
37395,28982,3700,13979,2605,25281,1879,930,949
37400,28985,3701,13979,2606,25284,1879,930,949
37405,28986,3701,13980,2606,25285,1879,930,949
37410,28991,3701,13984,2606,25290,1879,930,949
37415,28993,3701,13985,2606,25292,1880,930,950
37420,29001,3702,13986,2606,25299,1880,930,950
37425,29004,3702,13986,2606,25302,1880,930,950
37430,29009,3703,13989,2606,25306,1881,931,950
37435,29013,3703,13990,2606,25309,1881,931,950
37440,29016,3704,13990,2607,25312,1881,931,950
37445,29017,3704,13990,2607,25313,1881,931,950
37450,29022,3705,13992,2607,25317,1881,931,950
37455,29024,3705,13993,2607,25319,1882,932,950
37460,29032,3706,13995,2607,25326,1882,932,950
37465,29035,3706,13995,2607,25329,1882,932,950
37470,29040,3707,13996,2607,25333,1883,933,950
37475,29044,3707,13997,2607,25337,1883,933,950
37480,29047,3707,13998,2607,25340,1883,933,950
37485,29048,3708,13999,2608,25340,1883,933,950
37490,29053,3709,14004,2609,25344,1883,933,950
37495,29055,3709,14005,2609,25346,1884,933,951
37500,29063,3710,14010,2610,25353,1884,933,951
37505,29066,3711,14012,2611,25355,1884,933,951
37510,29071,3712,14014,2611,25359,1884,933,951
37515,29075,3712,14016,2611,25363,1884,933,951
37520,29078,3712,14017,2611,25366,1884,933,951
37525,29079,3712,14017,2611,25367,1884,933,951
37530,29084,3713,14020,2612,25371,1884,933,951
37535,29086,3713,14022,2612,25373,1885,934,951
37540,29094,3714,14024,2612,25380,1885,934,951
37545,29097,3714,14024,2612,25383,1885,934,951
37550,29102,3715,14027,2612,25387,1885,934,951
37555,29106,3715,14029,2612,25391,1885,934,951
37560,29109,3715,14031,2612,25394,1885,934,951
37565,29110,3716,14032,2613,25394,1885,934,951
37570,29115,3717,14036,2613,25398,1885,934,951
37575,29117,3717,14037,2613,25400,1886,935,951
37580,29125,3717,14041,2613,25408,1886,935,951
37585,29128,3717,14043,2613,25411,1886,935,951
37590,29133,3718,14047,2614,25415,1886,935,951
37595,29137,3718,14048,2614,25419,1886,935,951
37600,29140,3718,14049,2614,25422,1886,935,951
37605,29141,3718,14049,2614,25423,1886,935,951
37610,29146,3719,14051,2614,25427,1886,935,951
37615,29148,3719,14052,2614,25429,1887,936,951
37620,29156,3719,14054,2614,25437,1887,936,951
37625,29159,3719,14057,2614,25440,1887,936,951
37630,29164,3720,14060,2614,25444,1888,937,951
37635,29168,3720,14062,2614,25448,1888,937,951
37640,29171,3720,14063,2614,25451,1888,937,951
37645,29172,3721,14064,2615,25451,1888,937,951
37650,29177,3722,14067,2616,25455,1888,937,951
37655,29179,3722,14069,2616,25457,1889,938,951
37660,29187,3722,14072,2616,25465,1889,938,951
37665,29190,3722,14072,2616,25468,1889,938,951
37670,29195,3723,14075,2617,25472,1890,938,952
37675,29199,3723,14078,2617,25475,1890,938,952
37680,29202,3725,14080,2619,25477,1890,938,952
37685,29203,3725,14080,2619,25478,1890,938,952
37690,29208,3725,14082,2619,25483,1890,938,952
37695,29210,3725,14084,2619,25485,1891,939,952
37700,29218,3726,14091,2620,25492,1891,939,952
37705,29221,3727,14092,2621,25494,1891,939,952
37710,29226,3728,14096,2621,25498,1892,940,952
37715,29230,3728,14099,2621,25502,1892,940,952
37720,29233,3728,14100,2621,25505,1892,940,952
37725,29234,3728,14101,2621,25506,1892,940,952
37730,29239,3728,14103,2621,25511,1892,940,952
37735,29241,3728,14105,2621,25513,1893,941,952
37740,29249,3729,14108,2622,25520,1893,941,952
37745,29252,3730,14111,2623,25522,1893,941,952
37750,29257,3731,14113,2623,25526,1894,942,952
37755,29261,3731,14115,2623,25530,1894,942,952
37760,29264,3731,14116,2623,25533,1894,942,952
37765,29265,3731,14117,2623,25534,1894,942,952
37770,29270,3731,14119,2623,25539,1894,942,952
37775,29272,3731,14121,2623,25541,1895,943,952
37780,29280,3732,14125,2624,25548,1895,943,952
37785,29283,3732,14127,2624,25551,1895,943,952
37790,29288,3733,14130,2625,25555,1896,943,953
37795,29292,3733,14131,2625,25558,1896,943,953
37800,29295,3734,14132,2626,25561,1896,943,953
37805,29296,3735,14133,2627,25561,1896,943,953
37810,29301,3736,14136,2627,25565,1896,943,953
37815,29303,3736,14136,2627,25567,1897,943,954
37820,29311,3737,14139,2627,25574,1897,943,954
37825,29314,3738,14140,2628,25576,1897,943,954
37830,29319,3739,14141,2628,25580,1898,943,955
37835,29323,3739,14143,2628,25583,1898,943,955
37840,29326,3741,14146,2630,25585,1898,943,955
37845,29327,3741,14146,2630,25586,1898,943,955
37850,29332,3742,14148,2631,25590,1898,943,955
37855,29334,3742,14148,2631,25592,1899,943,956
37860,29342,3743,14152,2631,25599,1899,943,956
37865,29345,3744,14153,2632,25601,1899,943,956
37870,29350,3745,14155,2632,25605,1900,943,957
37875,29354,3745,14156,2632,25608,1900,943,957
37880,29357,3746,14157,2633,25611,1900,943,957
37885,29358,3747,14158,2634,25611,1900,943,957
37890,29363,3748,14160,2634,25615,1900,943,957
37895,29365,3748,14161,2634,25617,1901,943,958
37900,29373,3749,14167,2634,25624,1901,943,958
37905,29376,3749,14167,2634,25627,1901,943,958
37910,29381,3750,14168,2634,25631,1902,944,958
37915,29385,3750,14170,2634,25635,1902,944,958
37920,29388,3751,14171,2635,25637,1902,944,958
37925,29389,3751,14172,2635,25638,1902,944,958
37930,29394,3751,14174,2635,25643,1902,944,958
37935,29396,3751,14174,2635,25645,1903,944,959
37940,29404,3752,14179,2636,25652,1903,944,959
37945,29407,3752,14179,2636,25655,1903,944,959
37950,29412,3752,14181,2636,25660,1903,944,959
37955,29416,3752,14182,2636,25664,1903,944,959
37960,29419,3752,14184,2636,25667,1903,944,959
37965,29420,3752,14185,2636,25668,1903,944,959
37970,29425,3752,14187,2636,25673,1903,944,959
37975,29427,3752,14188,2636,25675,1904,945,959
37980,29435,3753,14194,2637,25682,1904,945,959
37985,29438,3753,14196,2637,25685,1904,945,959
37990,29443,3753,14199,2637,25690,1904,945,959
37995,29447,3753,14200,2637,25694,1904,945,959
38000,29450,3753,14203,2637,25697,1904,945,959
38005,29451,3753,14203,2637,25698,1904,945,959
38010,29456,3753,14206,2637,25703,1904,945,959
38015,29458,3753,14208,2637,25705,1905,946,959
38020,29466,3754,14213,2638,25712,1905,946,959
38025,29469,3754,14214,2638,25715,1905,946,959
38030,29474,3754,14216,2638,25720,1906,947,959
38035,29478,3754,14218,2638,25724,1906,947,959
38040,29481,3754,14220,2638,25727,1906,947,959
38045,29482,3754,14220,2638,25728,1906,947,959
38050,29487,3755,14222,2638,25732,1906,947,959
38055,29489,3755,14223,2638,25734,1907,948,959
38060,29497,3756,14227,2639,25740,1907,948,959
38065,29500,3757,14229,2640,25743,1907,948,959
38070,29505,3758,14232,2640,25747,1908,949,959
38075,29509,3758,14235,2640,25751,1908,949,959
38080,29512,3759,14236,2641,25753,1908,949,959
38085,29513,3759,14236,2641,25754,1908,949,959
38090,29518,3760,14239,2641,25758,1908,949,959
38095,29520,3760,14241,2641,25760,1909,950,959
38100,29528,3760,14248,2641,25768,1909,950,959
38105,29531,3760,14250,2641,25771,1909,950,959
38110,29536,3761,14254,2642,25775,1910,951,959
38115,29540,3761,14256,2642,25779,1910,951,959
38120,29543,3762,14257,2643,25781,1910,951,959
38125,29544,3762,14257,2643,25782,1910,951,959
38130,29549,3763,14258,2643,25786,1910,951,959
38135,29551,3763,14260,2643,25788,1911,952,959
38140,29559,3763,14265,2643,25796,1911,952,959
38145,29562,3763,14266,2643,25799,1911,952,959
38150,29567,3764,14268,2644,25803,1912,952,960
38155,29571,3764,14268,2644,25807,1912,952,960
38160,29574,3765,14270,2645,25809,1912,952,960
38165,29575,3766,14271,2646,25809,1912,952,960
38170,29580,3767,14274,2647,25813,1912,952,960
38175,29582,3767,14275,2647,25815,1913,953,960
38180,29590,3769,14277,2648,25821,1913,953,960
38185,29593,3769,14278,2648,25824,1913,953,960
38190,29598,3769,14281,2648,25829,1913,953,960
38195,29602,3769,14283,2648,25832,1913,953,960
38200,29605,3770,14284,2649,25835,1913,953,960
38205,29606,3771,14285,2650,25835,1913,953,960
38210,29611,3772,14288,2651,25839,1913,953,960
38215,29613,3772,14288,2651,25841,1914,953,961
38220,29621,3774,14292,2652,25846,1914,953,961
38225,29624,3776,14293,2654,25848,1914,953,961
38230,29629,3776,14296,2654,25853,1914,953,961
38235,29633,3776,14299,2654,25856,1914,953,961
38240,29636,3777,14300,2655,25859,1914,953,961
38245,29637,3777,14301,2655,25860,1914,953,961
38250,29642,3778,14303,2655,25864,1914,953,961
38255,29644,3778,14305,2655,25866,1915,954,961
38260,29652,3779,14309,2656,25873,1915,954,961
38265,29655,3780,14312,2657,25875,1915,954,961
38270,29660,3781,14315,2657,25879,1916,955,961
38275,29664,3781,14318,2657,25882,1916,955,961
38280,29667,3783,14321,2659,25884,1916,955,961
38285,29668,3783,14322,2659,25885,1916,955,961
38290,29673,3784,14324,2659,25889,1916,955,961
38295,29675,3784,14326,2659,25891,1917,956,961
38300,29683,3786,14330,2660,25897,1918,956,962
38305,29686,3786,14330,2660,25900,1918,956,962
38310,29691,3787,14331,2660,25904,1918,956,962
38315,29695,3787,14334,2660,25907,1918,956,962
38320,29698,3789,14337,2662,25909,1918,956,962
38325,29699,3789,14337,2662,25910,1918,956,962
38330,29704,3790,14339,2663,25914,1918,956,962
38335,29706,3790,14340,2663,25916,1919,957,962
38340,29714,3791,14343,2664,25923,1920,958,962
38345,29717,3791,14345,2664,25926,1920,958,962
38350,29722,3792,14346,2664,25930,1920,958,962
38355,29726,3792,14349,2664,25934,1920,958,962
38360,29729,3793,14350,2665,25936,1920,958,962
38365,29730,3793,14350,2665,25937,1920,958,962
38370,29735,3793,14353,2665,25942,1920,958,962
38375,29737,3793,14354,2665,25944,1921,959,962
38380,29745,3794,14359,2666,25951,1921,959,962
38385,29748,3794,14359,2666,25954,1921,959,962
38390,29753,3795,14362,2667,25958,1921,959,962
38395,29757,3795,14365,2667,25962,1921,959,962
38400,29760,3796,14367,2668,25964,1921,959,962
38405,29761,3796,14368,2668,25965,1921,959,962
38410,29766,3796,14370,2668,25970,1921,959,962
38415,29768,3796,14371,2668,25972,1922,959,963
38420,29776,3797,14376,2668,25979,1922,959,963
38425,29779,3798,14379,2669,25981,1922,959,963
38430,29784,3799,14382,2669,25985,1923,960,963
38435,29788,3799,14385,2669,25989,1923,960,963
38440,29791,3800,14387,2670,25991,1923,960,963
38445,29792,3800,14387,2670,25992,1923,960,963
38450,29797,3801,14390,2670,25996,1923,960,963
38455,29799,3801,14391,2670,25998,1924,961,963
38460,29807,3803,14396,2672,26003,1925,961,964
38465,29810,3804,14396,2673,26006,1925,961,964
38470,29815,3804,14398,2673,26011,1926,961,965
38475,29819,3804,14400,2673,26015,1926,961,965
38480,29822,3804,14401,2673,26018,1926,961,965
38485,29823,3804,14401,2673,26019,1926,961,965
38490,29828,3805,14405,2674,26023,1926,961,965
38495,29830,3805,14406,2674,26025,1927,962,965
38500,29838,3806,14411,2675,26032,1927,962,965
38505,29841,3807,14414,2676,26034,1927,962,965
38510,29846,3807,14417,2676,26039,1928,963,965
38515,29850,3807,14419,2676,26043,1928,963,965
38520,29853,3807,14419,2676,26046,1928,963,965
38525,29854,3808,14420,2677,26046,1928,963,965
38530,29859,3809,14421,2678,26050,1928,963,965
38535,29861,3809,14423,2678,26052,1929,964,965
38540,29869,3811,14426,2679,26057,1929,964,965
38545,29872,3813,14428,2681,26059,1929,964,965
38550,29877,3813,14429,2681,26064,1930,965,965
38555,29881,3813,14430,2681,26068,1930,965,965
38560,29884,3813,14430,2681,26071,1930,965,965
38565,29885,3813,14430,2681,26072,1930,965,965
38570,29890,3814,14434,2682,26076,1930,965,965
38575,29892,3814,14435,2682,26078,1931,966,965
38580,29900,3817,14440,2685,26083,1932,967,965
38585,29903,3817,14441,2685,26086,1932,967,965
38590,29908,3818,14444,2686,26090,1933,967,966
38595,29912,3818,14446,2686,26094,1933,967,966
38600,29915,3819,14448,2687,26096,1933,967,966
38605,29916,3819,14448,2687,26097,1933,967,966
38610,29921,3819,14451,2687,26102,1933,967,966
38615,29923,3819,14453,2687,26104,1934,968,966
38620,29931,3819,14456,2687,26112,1935,968,967
38625,29934,3819,14457,2687,26115,1935,968,967
38630,29939,3820,14459,2687,26119,1935,968,967
38635,29943,3820,14460,2687,26122,1935,968,967
38640,29946,3822,14461,2689,26124,1935,968,967
38645,29947,3822,14462,2689,26125,1935,968,967
38650,29952,3822,14465,2689,26130,1935,968,967
38655,29954,3822,14466,2689,26132,1936,969,967
38660,29962,3822,14472,2689,26140,1937,970,967
38665,29965,3822,14474,2689,26143,1937,970,967
38670,29970,3823,14475,2689,26147,1938,970,968
38675,29974,3823,14476,2689,26151,1938,970,968
38680,29977,3824,14479,2690,26153,1938,970,968
38685,29978,3824,14480,2690,26154,1938,970,968
38690,29983,3825,14483,2691,26158,1938,970,968
38695,29985,3825,14484,2691,26160,1939,970,969
38700,29993,3827,14487,2693,26166,1940,971,969
38705,29996,3827,14490,2693,26169,1940,971,969
38710,30001,3827,14492,2693,26174,1941,972,969
38715,30005,3827,14495,2693,26178,1941,972,969
38720,30008,3827,14496,2693,26181,1941,972,969
38725,30009,3828,14497,2694,26181,1941,972,969
38730,30014,3829,14500,2695,26185,1941,972,969
38735,30016,3829,14500,2695,26187,1942,972,970
38740,30024,3830,14506,2695,26194,1942,972,970
38745,30027,3830,14508,2695,26197,1942,972,970
38750,30032,3830,14512,2695,26202,1943,973,970
38755,30036,3830,14515,2695,26206,1943,973,970
38760,30039,3830,14515,2695,26209,1943,973,970
38765,30040,3831,14516,2696,26209,1943,973,970
38770,30045,3832,14516,2696,26213,1943,973,970
38775,30047,3832,14517,2696,26215,1944,974,970
38780,30055,3833,14518,2696,26222,1944,974,970
38785,30058,3833,14520,2696,26225,1944,974,970
38790,30063,3833,14524,2696,26230,1944,974,970
38795,30067,3833,14526,2696,26234,1944,974,970
38800,30070,3833,14528,2696,26237,1944,974,970
38805,30071,3833,14528,2696,26238,1944,974,970
38810,30076,3834,14529,2696,26242,1944,974,970
38815,30078,3834,14529,2696,26244,1945,974,971
38820,30086,3836,14533,2697,26249,1946,974,972
38825,30089,3837,14533,2698,26252,1946,974,972
38830,30094,3838,14537,2699,26256,1946,974,972
38835,30098,3838,14539,2699,26260,1946,974,972
38840,30101,3839,14542,2700,26262,1946,974,972
38845,30102,3839,14543,2700,26263,1946,974,972
38850,30107,3840,14545,2701,26267,1946,974,972
38855,30109,3840,14547,2701,26269,1947,975,972
38860,30117,3841,14552,2702,26276,1947,975,972
38865,30120,3841,14552,2702,26279,1947,975,972
38870,30125,3842,14552,2702,26283,1947,975,972
38875,30129,3842,14555,2702,26286,1947,975,972
38880,30132,3843,14556,2703,26289,1947,975,972
38885,30133,3843,14557,2703,26290,1947,975,972
38890,30138,3844,14558,2703,26294,1947,975,972
38895,30140,3844,14559,2703,26296,1948,975,973
38900,30148,3845,14563,2704,26303,1948,975,973
38905,30151,3845,14564,2704,26306,1948,975,973
38910,30156,3846,14565,2704,26310,1948,975,973
38915,30160,3846,14567,2704,26313,1948,975,973
38920,30163,3847,14567,2705,26316,1948,975,973
38925,30164,3847,14567,2705,26317,1948,975,973
38930,30169,3848,14569,2705,26321,1948,975,973
38935,30171,3848,14570,2705,26323,1949,976,973
38940,30179,3850,14574,2707,26329,1950,977,973
38945,30182,3851,14577,2708,26331,1950,977,973
38950,30187,3852,14579,2708,26335,1951,977,974
38955,30191,3852,14582,2708,26339,1951,977,974
38960,30194,3852,14583,2708,26342,1951,977,974
38965,30195,3852,14583,2708,26343,1951,977,974
38970,30200,3853,14586,2709,26347,1951,977,974
38975,30202,3853,14587,2709,26349,1952,977,975
38980,30210,3854,14591,2710,26356,1952,977,975
38985,30213,3854,14592,2710,26359,1952,977,975
38990,30218,3855,14593,2711,26363,1953,977,976
38995,30222,3855,14594,2711,26367,1953,977,976
39000,30225,3855,14595,2711,26370,1953,977,976
39005,30226,3855,14595,2711,26371,1953,977,976
39010,30231,3856,14598,2711,26375,1953,977,976
39015,30233,3856,14599,2711,26377,1954,978,976
39020,30241,3857,14604,2711,26384,1954,978,976
39025,30244,3857,14605,2711,26387,1954,978,976
39030,30249,3858,14606,2711,26391,1954,978,976
39035,30253,3858,14609,2711,26395,1954,978,976
39040,30256,3859,14611,2712,26397,1954,978,976
39045,30257,3860,14612,2713,26397,1954,978,976
39050,30262,3861,14615,2714,26401,1954,978,976
39055,30264,3861,14616,2714,26403,1955,979,976
39060,30272,3862,14617,2714,26410,1956,979,977
39065,30275,3863,14620,2715,26412,1956,979,977
39070,30280,3864,14620,2715,26416,1956,979,977
39075,30284,3864,14622,2715,26420,1956,979,977
39080,30287,3865,14624,2716,26422,1956,979,977
39085,30288,3866,14625,2717,26422,1956,979,977
39090,30293,3867,14628,2717,26426,1956,979,977
39095,30295,3867,14629,2717,26428,1957,979,978
39100,30303,3868,14631,2717,26435,1957,979,978
39105,30306,3868,14632,2717,26438,1957,979,978
39110,30311,3869,14634,2718,26442,1958,979,979
39115,30315,3869,14636,2718,26445,1958,979,979
39120,30318,3871,14637,2720,26447,1958,979,979
39125,30319,3872,14638,2721,26447,1958,979,979
39130,30324,3873,14641,2722,26451,1958,979,979
39135,30326,3873,14642,2722,26453,1959,979,980
39140,30334,3874,14647,2723,26460,1959,979,980
39145,30337,3875,14649,2724,26462,1959,979,980
39150,30342,3875,14650,2724,26467,1959,979,980
39155,30346,3875,14652,2724,26471,1959,979,980
39160,30349,3875,14652,2724,26474,1959,979,980
39165,30350,3875,14653,2724,26475,1959,979,980
39170,30355,3876,14656,2724,26479,1959,979,980
39175,30357,3876,14657,2724,26481,1960,980,980
39180,30365,3879,14662,2726,26485,1961,980,981
39185,30368,3880,14662,2727,26488,1961,980,981
39190,30373,3880,14664,2727,26493,1962,980,982
39195,30377,3880,14666,2727,26497,1962,980,982
39200,30380,3880,14667,2727,26500,1962,980,982
39205,30381,3880,14667,2727,26501,1962,980,982
39210,30386,3881,14670,2728,26505,1962,980,982
39215,30388,3881,14671,2728,26507,1963,981,982
39220,30396,3881,14676,2728,26515,1963,981,982
39225,30399,3881,14676,2728,26518,1963,981,982
39230,30404,3881,14679,2728,26523,1964,982,982
39235,30408,3881,14682,2728,26526,1964,982,982
39240,30411,3882,14684,2729,26529,1964,982,982
39245,30412,3882,14684,2729,26530,1964,982,982
39250,30417,3883,14687,2729,26534,1964,982,982
39255,30419,3883,14688,2729,26536,1965,982,983
39260,30427,3884,14693,2729,26543,1965,982,983
39265,30430,3884,14695,2729,26546,1965,982,983
39270,30435,3884,14698,2729,26551,1966,983,983
39275,30439,3884,14699,2729,26555,1966,983,983
39280,30442,3884,14700,2729,26558,1966,983,983
39285,30443,3884,14700,2729,26559,1966,983,983
39290,30448,3885,14702,2729,26563,1966,983,983
39295,30450,3885,14703,2729,26565,1967,984,983
39300,30458,3887,14707,2730,26571,1967,984,983
39305,30461,3887,14707,2730,26574,1967,984,983
39310,30466,3888,14707,2730,26578,1967,984,983
39315,30470,3888,14709,2730,26582,1967,984,983
39320,30473,3889,14711,2731,26584,1967,984,983
39325,30474,3889,14711,2731,26585,1967,984,983
39330,30479,3890,14715,2732,26589,1967,984,983
39335,30481,3890,14715,2732,26591,1968,984,984
39340,30489,3892,14720,2734,26597,1968,984,984
39345,30492,3892,14722,2734,26600,1968,984,984
39350,30497,3893,14724,2735,26604,1968,984,984
39355,30501,3893,14727,2735,26607,1968,984,984
39360,30504,3894,14728,2736,26610,1968,984,984
39365,30505,3894,14728,2736,26611,1968,984,984
39370,30510,3895,14730,2736,26615,1968,984,984
39375,30512,3895,14730,2736,26617,1969,984,985
39380,30520,3895,14733,2736,26625,1969,984,985
39385,30523,3895,14735,2736,26628,1969,984,985
39390,30528,3895,14740,2736,26633,1969,984,985
39395,30532,3895,14741,2736,26637,1969,984,985
39400,30535,3895,14743,2736,26640,1969,984,985
39405,30536,3895,14744,2736,26641,1969,984,985
39410,30541,3896,14744,2736,26645,1969,984,985
39415,30543,3896,14746,2736,26647,1970,985,985
39420,30551,3896,14748,2736,26655,1970,985,985
39425,30554,3896,14749,2736,26658,1970,985,985
39430,30559,3896,14752,2736,26663,1971,986,985
39435,30563,3896,14754,2736,26667,1971,986,985
39440,30566,3896,14756,2736,26670,1971,986,985
39445,30567,3896,14756,2736,26671,1971,986,985
39450,30572,3897,14761,2737,26675,1971,986,985
39455,30574,3897,14763,2737,26677,1972,987,985
39460,30582,3897,14768,2737,26685,1972,987,985
39465,30585,3897,14771,2737,26688,1972,987,985
39470,30590,3898,14774,2738,26692,1973,987,986
39475,30594,3898,14777,2738,26695,1973,987,986
39480,30597,3900,14779,2740,26697,1973,987,986
39485,30598,3900,14780,2740,26698,1973,987,986
39490,30603,3900,14784,2740,26703,1973,987,986
39495,30605,3900,14785,2740,26705,1974,987,987
39500,30613,3902,14789,2742,26711,1975,987,988
39505,30616,3902,14790,2742,26714,1975,987,988
39510,30621,3903,14792,2742,26718,1976,987,989
39515,30625,3903,14795,2742,26722,1976,987,989
39520,30628,3903,14796,2742,26725,1976,987,989
39525,30629,3903,14796,2742,26726,1976,987,989
39530,30634,3903,14800,2742,26731,1976,987,989
39535,30636,3903,14801,2742,26733,1977,988,989
39540,30644,3905,14805,2743,26739,1978,989,989
39545,30647,3905,14806,2743,26742,1978,989,989
39550,30652,3906,14808,2744,26746,1979,989,990
39555,30656,3906,14812,2744,26750,1979,989,990
39560,30659,3906,14812,2744,26753,1979,989,990
39565,30660,3906,14813,2744,26754,1979,989,990
39570,30665,3906,14817,2744,26759,1979,989,990
39575,30667,3906,14818,2744,26761,1980,990,990
39580,30675,3907,14823,2745,26768,1980,990,990
39585,30678,3907,14825,2745,26771,1980,990,990
39590,30683,3909,14828,2746,26774,1981,991,990
39595,30687,3909,14831,2746,26777,1981,991,990
39600,30690,3910,14832,2747,26780,1981,991,990
39605,30691,3910,14832,2747,26781,1981,991,990
39610,30696,3911,14835,2748,26785,1981,991,990
39615,30698,3911,14836,2748,26787,1982,992,990
39620,30706,3913,14840,2749,26793,1983,993,990
39625,30709,3913,14842,2749,26796,1983,993,990
39630,30714,3914,14843,2750,26800,1984,993,991
39635,30718,3914,14843,2750,26804,1984,993,991
39640,30721,3914,14844,2750,26807,1984,993,991
39645,30722,3914,14844,2750,26808,1984,993,991
39650,30727,3915,14846,2751,26812,1984,993,991
39655,30729,3915,14847,2751,26814,1985,994,991
39660,30737,3917,14850,2752,26819,1986,994,992
39665,30740,3918,14850,2753,26822,1986,994,992
39670,30745,3919,14851,2753,26826,1987,994,993
39675,30749,3919,14852,2753,26829,1987,994,993
39680,30752,3921,14854,2755,26831,1987,994,993
39685,30753,3921,14854,2755,26832,1987,994,993
39690,30758,3922,14857,2755,26836,1987,994,993
39695,30760,3922,14859,2755,26838,1988,995,993
39700,30768,3922,14866,2755,26846,1988,995,993
39705,30771,3922,14868,2755,26849,1988,995,993
39710,30776,3923,14869,2755,26853,1989,996,993
39715,30780,3923,14870,2755,26857,1989,996,993
39720,30783,3924,14872,2756,26859,1989,996,993
39725,30784,3925,14873,2757,26859,1989,996,993
39730,30789,3926,14876,2758,26863,1989,996,993
39735,30791,3926,14878,2758,26865,1990,997,993
39740,30799,3926,14882,2758,26873,1991,998,993
39745,30802,3926,14884,2758,26876,1991,998,993
39750,30807,3926,14887,2758,26881,1992,999,993
39755,30811,3926,14888,2758,26885,1992,999,993
39760,30814,3926,14889,2758,26888,1992,999,993
39765,30815,3927,14890,2759,26888,1992,999,993
39770,30820,3928,14893,2760,26892,1992,999,993
39775,30822,3928,14894,2760,26894,1993,999,994
39780,30830,3928,14898,2760,26902,1994,1000,994
39785,30833,3928,14898,2760,26905,1994,1000,994
39790,30838,3928,14902,2760,26910,1995,1001,994
39795,30842,3928,14903,2760,26913,1995,1001,994
39800,30845,3929,14905,2761,26916,1995,1001,994
39805,30846,3930,14906,2762,26916,1995,1001,994
39810,30851,3931,14907,2763,26920,1995,1001,994
39815,30853,3931,14908,2763,26922,1996,1001,995
39820,30861,3931,14911,2763,26930,1996,1001,995
39825,30864,3931,14913,2763,26933,1996,1001,995
39830,30869,3931,14916,2763,26938,1997,1002,995
39835,30873,3931,14917,2763,26942,1997,1002,995
39840,30876,3931,14918,2763,26945,1997,1002,995
39845,30877,3931,14918,2763,26946,1997,1002,995
39850,30882,3932,14921,2763,26950,1997,1002,995
39855,30884,3932,14922,2763,26952,1998,1002,996
39860,30892,3933,14924,2764,26959,1999,1002,997
39865,30895,3934,14926,2765,26961,1999,1002,997
39870,30900,3935,14928,2766,26965,2000,1002,998
39875,30904,3935,14931,2766,26968,2000,1002,998
39880,30907,3936,14933,2767,26971,2000,1002,998
39885,30908,3936,14933,2767,26972,2000,1002,998
39890,30913,3937,14935,2767,26976,2000,1002,998
39895,30915,3937,14937,2767,26978,2001,1003,998
39900,30923,3939,14942,2769,26984,2002,1004,998
39905,30926,3939,14942,2769,26987,2002,1004,998
39910,30931,3940,14946,2769,26991,2002,1004,998
39915,30935,3940,14949,2769,26994,2002,1004,998
39920,30938,3941,14951,2770,26997,2002,1004,998
39925,30939,3941,14951,2770,26998,2002,1004,998
39930,30944,3941,14954,2770,27003,2002,1004,998
39935,30946,3941,14954,2770,27005,2003,1004,999
39940,30954,3942,14956,2770,27012,2003,1004,999
39945,30957,3942,14958,2770,27015,2003,1004,999
39950,30962,3943,14961,2770,27019,2003,1004,999
39955,30966,3943,14962,2770,27023,2003,1004,999
39960,30969,3943,14962,2770,27026,2003,1004,999
39965,30970,3943,14963,2770,27027,2003,1004,999
39970,30975,3943,14966,2770,27032,2003,1004,999
39975,30977,3943,14968,2770,27034,2004,1005,999
39980,30985,3944,14971,2771,27041,2004,1005,999
39985,30988,3945,14974,2772,27043,2004,1005,999
39990,30993,3946,14978,2773,27047,2004,1005,999
39995,30997,3946,14981,2773,27051,2004,1005,999
40000,31000,3946,14983,2773,27054,2004,1005,999
40005,31001,3947,14984,2774,27054,2004,1005,999
40010,31006,3948,14986,2774,27058,2004,1005,999
40015,31008,3948,14988,2774,27060,2005,1006,999
40020,31016,3950,14993,2776,27065,2006,1007,999
40025,31019,3952,14996,2778,27067,2006,1007,999
40030,31024,3953,14997,2779,27071,2007,1007,1000
40035,31028,3953,15000,2779,27074,2007,1007,1000
40040,31031,3954,15001,2780,27077,2007,1007,1000
40045,31032,3954,15001,2780,27078,2007,1007,1000
40050,31037,3954,15003,2780,27083,2007,1007,1000
40055,31039,3954,15003,2780,27085,2008,1007,1001
40060,31047,3955,15007,2780,27092,2008,1007,1001
40065,31050,3955,15007,2780,27095,2008,1007,1001
40070,31055,3956,15010,2780,27099,2009,1007,1002
40075,31059,3956,15012,2780,27103,2009,1007,1002
40080,31062,3957,15013,2781,27105,2009,1007,1002
40085,31063,3958,15014,2782,27105,2009,1007,1002
40090,31068,3959,15018,2783,27109,2009,1007,1002
40095,31070,3959,15019,2783,27111,2010,1008,1002
40100,31078,3960,15020,2783,27118,2010,1008,1002
40105,31081,3961,15022,2784,27120,2010,1008,1002
40110,31086,3962,15024,2784,27124,2011,1009,1002
40115,31090,3962,15026,2784,27128,2011,1009,1002
40120,31093,3963,15028,2785,27130,2011,1009,1002
40125,31094,3963,15028,2785,27131,2011,1009,1002
40130,31099,3964,15029,2785,27135,2011,1009,1002
40135,31101,3964,15030,2785,27137,2012,1010,1002
40140,31109,3967,15034,2787,27142,2013,1010,1003
40145,31112,3967,15036,2787,27145,2013,1010,1003
40150,31117,3968,15038,2787,27149,2014,1010,1004
40155,31121,3968,15040,2787,27153,2014,1010,1004
40160,31124,3968,15041,2787,27156,2014,1010,1004
40165,31125,3968,15042,2787,27157,2014,1010,1004
40170,31130,3969,15045,2787,27161,2014,1010,1004
40175,31132,3969,15046,2787,27163,2015,1011,1004
40180,31140,3969,15048,2787,27171,2015,1011,1004
40185,31143,3969,15049,2787,27174,2015,1011,1004
40190,31148,3970,15051,2787,27178,2016,1012,1004
40195,31152,3970,15053,2787,27181,2016,1012,1004
40200,31155,3972,15055,2789,27183,2016,1012,1004
40205,31156,3973,15056,2790,27183,2016,1012,1004
40210,31161,3974,15058,2790,27187,2016,1012,1004
40215,31163,3974,15058,2790,27189,2017,1012,1005
40220,31171,3974,15060,2790,27197,2017,1012,1005
40225,31174,3974,15060,2790,27200,2017,1012,1005
40230,31179,3975,15062,2790,27204,2018,1013,1005
40235,31183,3975,15064,2790,27208,2018,1013,1005
40240,31186,3975,15064,2790,27211,2018,1013,1005
40245,31187,3975,15064,2790,27212,2018,1013,1005
40250,31192,3976,15066,2790,27216,2018,1013,1005
40255,31194,3976,15068,2790,27218,2019,1014,1005
40260,31202,3977,15071,2791,27224,2020,1014,1006
40265,31205,3978,15071,2792,27227,2020,1014,1006
40270,31210,3979,15073,2792,27231,2021,1014,1007
40275,31214,3979,15073,2792,27235,2021,1014,1007
40280,31217,3979,15073,2792,27238,2021,1014,1007
40285,31218,3979,15074,2792,27239,2021,1014,1007
40290,31223,3980,15074,2792,27243,2021,1014,1007
40295,31225,3980,15075,2792,27245,2022,1015,1007
40300,31233,3982,15079,2793,27251,2023,1015,1008
40305,31236,3982,15079,2793,27254,2023,1015,1008
40310,31241,3983,15083,2794,27258,2024,1015,1009
40315,31245,3983,15086,2794,27262,2024,1015,1009
40320,31248,3983,15088,2794,27265,2024,1015,1009
40325,31249,3983,15089,2794,27266,2024,1015,1009
40330,31254,3984,15092,2794,27270,2024,1015,1009
40335,31256,3984,15092,2794,27272,2025,1015,1010
40340,31264,3986,15098,2795,27278,2026,1015,1011
40345,31267,3986,15100,2795,27281,2026,1015,1011
40350,31272,3987,15101,2795,27285,2027,1016,1011
40355,31276,3987,15104,2795,27289,2027,1016,1011
40360,31279,3988,15106,2796,27291,2027,1016,1011
40365,31280,3988,15107,2796,27292,2027,1016,1011
40370,31285,3989,15110,2796,27296,2027,1016,1011
40375,31287,3989,15112,2796,27298,2028,1017,1011
40380,31295,3991,15117,2797,27304,2029,1018,1011
40385,31298,3992,15118,2798,27306,2029,1018,1011
40390,31303,3993,15120,2799,27310,2030,1019,1011
40395,31307,3993,15121,2799,27314,2030,1019,1011
40400,31310,3994,15124,2800,27316,2030,1019,1011
40405,31311,3994,15124,2800,27317,2030,1019,1011
40410,31316,3994,15126,2800,27322,2030,1019,1011
40415,31318,3994,15126,2800,27324,2031,1019,1012
40420,31326,3995,15131,2800,27331,2031,1019,1012
40425,31329,3996,15132,2801,27333,2031,1019,1012
40430,31334,3997,15135,2802,27337,2031,1019,1012
40435,31338,3997,15136,2802,27341,2031,1019,1012
40440,31341,3998,15138,2803,27343,2031,1019,1012
40445,31342,3998,15139,2803,27344,2031,1019,1012
40450,31347,3998,15139,2803,27349,2031,1019,1012
40455,31349,3998,15140,2803,27351,2032,1019,1013
40460,31357,3999,15145,2804,27358,2032,1019,1013
40465,31360,4000,15147,2805,27360,2032,1019,1013
40470,31365,4001,15149,2805,27364,2032,1019,1013
40475,31369,4001,15151,2805,27367,2032,1019,1013
40480,31372,4002,15152,2806,27370,2032,1019,1013
40485,31373,4002,15152,2806,27371,2032,1019,1013
40490,31378,4003,15155,2807,27375,2032,1019,1013
40495,31380,4003,15155,2807,27377,2033,1019,1014
40500,31388,4004,15157,2807,27383,2034,1019,1015
40505,31391,4005,15158,2808,27386,2034,1019,1015
40510,31396,4005,15163,2808,27391,2035,1020,1015
40515,31400,4005,15165,2808,27395,2035,1020,1015
40520,31403,4005,15167,2808,27398,2035,1020,1015
40525,31404,4005,15167,2808,27399,2035,1020,1015
40530,31409,4006,15170,2809,27403,2035,1020,1015
40535,31411,4006,15170,2809,27405,2036,1020,1016
40540,31419,4006,15173,2809,27413,2036,1020,1016
40545,31422,4006,15173,2809,27416,2036,1020,1016
40550,31427,4006,15175,2809,27421,2037,1021,1016
40555,31431,4006,15176,2809,27425,2037,1021,1016
40560,31434,4006,15178,2809,27428,2037,1021,1016
40565,31435,4006,15178,2809,27429,2037,1021,1016
40570,31440,4007,15181,2810,27433,2037,1021,1016
40575,31442,4007,15183,2810,27435,2038,1022,1016
40580,31450,4007,15186,2810,27443,2038,1022,1016
40585,31453,4007,15187,2810,27446,2038,1022,1016
40590,31458,4007,15188,2810,27451,2039,1023,1016
40595,31462,4007,15191,2810,27454,2039,1023,1016
40600,31465,4008,15194,2811,27457,2039,1023,1016
40605,31466,4008,15195,2811,27458,2039,1023,1016
40610,31471,4009,15200,2812,27462,2039,1023,1016
40615,31473,4009,15202,2812,27464,2040,1024,1016
40620,31481,4012,15206,2814,27468,2041,1025,1016
40625,31484,4013,15206,2815,27471,2041,1025,1016
40630,31489,4014,15207,2815,27475,2041,1025,1016
40635,31493,4014,15209,2815,27479,2041,1025,1016
40640,31496,4014,15210,2815,27482,2041,1025,1016
40645,31497,4014,15210,2815,27483,2041,1025,1016
40650,31502,4015,15215,2816,27487,2041,1025,1016
40655,31504,4015,15216,2816,27489,2042,1026,1016
40660,31512,4016,15218,2816,27496,2042,1026,1016
40665,31515,4016,15220,2816,27499,2042,1026,1016
40670,31520,4017,15221,2817,27503,2042,1026,1016
40675,31524,4017,15224,2817,27507,2042,1026,1016
40680,31527,4018,15225,2818,27509,2042,1026,1016
40685,31528,4019,15226,2819,27509,2042,1026,1016
40690,31533,4020,15228,2819,27513,2042,1026,1016
40695,31535,4020,15229,2819,27515,2043,1027,1016
40700,31543,4021,15232,2819,27522,2043,1027,1016
40705,31546,4021,15232,2819,27525,2043,1027,1016
40710,31551,4022,15235,2819,27529,2043,1027,1016
40715,31555,4022,15238,2819,27533,2043,1027,1016
40720,31558,4022,15238,2819,27536,2043,1027,1016
40725,31559,4022,15238,2819,27537,2043,1027,1016
40730,31564,4023,15240,2819,27541,2043,1027,1016
40735,31566,4023,15241,2819,27543,2044,1027,1017
40740,31574,4025,15244,2821,27549,2045,1027,1018
40745,31577,4026,15245,2822,27551,2045,1027,1018
40750,31582,4027,15248,2823,27555,2046,1027,1019
40755,31586,4027,15248,2823,27559,2046,1027,1019
40760,31589,4028,15250,2824,27561,2046,1027,1019
40765,31590,4028,15250,2824,27562,2046,1027,1019
40770,31595,4028,15254,2824,27567,2046,1027,1019
40775,31597,4028,15256,2824,27569,2047,1028,1019
40780,31605,4029,15262,2825,27576,2047,1028,1019
40785,31608,4029,15264,2825,27579,2047,1028,1019
40790,31613,4030,15266,2826,27583,2048,1028,1020
40795,31617,4030,15268,2826,27586,2048,1028,1020
40800,31620,4032,15269,2828,27588,2048,1028,1020
40805,31621,4032,15269,2828,27589,2048,1028,1020
40810,31626,4032,15271,2828,27594,2048,1028,1020
40815,31628,4032,15272,2828,27596,2049,1029,1020
40820,31636,4033,15274,2829,27603,2049,1029,1020
40825,31639,4033,15274,2829,27606,2049,1029,1020
40830,31644,4034,15277,2830,27610,2050,1029,1021
40835,31648,4034,15278,2830,27613,2050,1029,1021
40840,31651,4036,15279,2832,27615,2050,1029,1021
40845,31652,4036,15279,2832,27616,2050,1029,1021
40850,31657,4037,15281,2832,27620,2050,1029,1021
40855,31659,4037,15283,2832,27622,2051,1030,1021
40860,31667,4039,15287,2834,27627,2052,1030,1022
40865,31670,4040,15289,2835,27630,2052,1030,1022
40870,31675,4040,15292,2835,27635,2053,1031,1022
40875,31679,4040,15294,2835,27638,2053,1031,1022
40880,31682,4041,15296,2836,27641,2053,1031,1022
40885,31683,4041,15296,2836,27642,2053,1031,1022
40890,31688,4042,15296,2836,27646,2053,1031,1022
40895,31690,4042,15297,2836,27648,2054,1031,1023
40900,31698,4042,15300,2836,27656,2054,1031,1023
40905,31701,4042,15301,2836,27659,2054,1031,1023
40910,31706,4042,15303,2836,27664,2055,1031,1024
40915,31710,4042,15306,2836,27667,2055,1031,1024
40920,31713,4043,15309,2837,27670,2055,1031,1024
40925,31714,4043,15309,2837,27671,2055,1031,1024
40930,31719,4044,15313,2838,27675,2055,1031,1024
40935,31721,4044,15315,2838,27677,2056,1032,1024
40940,31729,4046,15320,2840,27682,2056,1032,1024
40945,31732,4048,15322,2842,27684,2056,1032,1024
40950,31737,4048,15324,2842,27689,2056,1032,1024
40955,31741,4048,15326,2842,27692,2056,1032,1024
40960,31744,4049,15329,2843,27695,2056,1032,1024
40965,31745,4049,15330,2843,27696,2056,1032,1024
40970,31750,4050,15333,2843,27700,2056,1032,1024
40975,31752,4050,15333,2843,27702,2057,1032,1025
40980,31760,4052,15336,2845,27708,2058,1032,1026
40985,31763,4052,15337,2845,27711,2058,1032,1026
40990,31768,4053,15341,2846,27715,2058,1032,1026
40995,31772,4053,15343,2846,27719,2058,1032,1026
41000,31775,4053,15345,2846,27722,2058,1032,1026
41005,31776,4054,15346,2847,27722,2058,1032,1026
41010,31781,4055,15349,2848,27726,2058,1032,1026
41015,31783,4055,15350,2848,27728,2059,1032,1027
41020,31791,4055,15351,2848,27736,2060,1032,1028
41025,31794,4055,15352,2848,27739,2060,1032,1028
41030,31799,4056,15353,2848,27743,2061,1033,1028
41035,31803,4056,15355,2848,27747,2061,1033,1028
41040,31806,4056,15356,2848,27750,2061,1033,1028
41045,31807,4056,15356,2848,27751,2061,1033,1028
41050,31812,4057,15358,2848,27755,2061,1033,1028
41055,31814,4057,15359,2848,27757,2062,1034,1028
41060,31822,4058,15363,2849,27764,2063,1034,1029
41065,31825,4058,15364,2849,27767,2063,1034,1029
41070,31830,4060,15368,2851,27770,2064,1034,1030
41075,31834,4060,15370,2851,27774,2064,1034,1030
41080,31837,4061,15372,2852,27776,2064,1034,1030
41085,31838,4061,15372,2852,27777,2064,1034,1030
41090,31843,4062,15374,2853,27781,2064,1034,1030
41095,31845,4062,15375,2853,27783,2065,1035,1030
41100,31853,4063,15380,2854,27790,2066,1036,1030
41105,31856,4063,15380,2854,27793,2066,1036,1030
41110,31861,4064,15381,2854,27797,2067,1036,1031
41115,31865,4064,15382,2854,27801,2067,1036,1031
41120,31868,4064,15383,2854,27804,2067,1036,1031
41125,31869,4064,15383,2854,27805,2067,1036,1031
41130,31874,4064,15387,2854,27810,2067,1036,1031
41135,31876,4064,15389,2854,27812,2068,1037,1031
41140,31884,4065,15391,2854,27819,2068,1037,1031
41145,31887,4065,15392,2854,27822,2068,1037,1031
41150,31892,4066,15395,2854,27826,2069,1038,1031
41155,31896,4066,15398,2854,27829,2069,1038,1031
41160,31899,4067,15399,2855,27832,2069,1038,1031
41165,31900,4067,15400,2855,27833,2069,1038,1031
41170,31905,4067,15403,2855,27838,2069,1038,1031
41175,31907,4067,15405,2855,27840,2070,1039,1031
41180,31915,4068,15409,2856,27847,2070,1039,1031
41185,31918,4068,15410,2856,27850,2070,1039,1031
41190,31923,4069,15412,2856,27854,2071,1039,1032
41195,31927,4069,15415,2856,27857,2071,1039,1032
41200,31930,4071,15416,2858,27859,2071,1039,1032
41205,31931,4071,15416,2858,27860,2071,1039,1032
41210,31936,4072,15418,2859,27864,2071,1039,1032
41215,31938,4072,15419,2859,27866,2072,1039,1033
41220,31946,4073,15424,2860,27872,2073,1040,1033
41225,31949,4074,15427,2861,27875,2073,1040,1033
41230,31954,4075,15429,2861,27879,2073,1040,1033
41235,31958,4075,15431,2861,27883,2073,1040,1033
41240,31961,4076,15433,2862,27885,2073,1040,1033
41245,31962,4076,15433,2862,27886,2073,1040,1033
41250,31967,4077,15434,2862,27890,2073,1040,1033
41255,31969,4077,15436,2862,27892,2074,1041,1033
41260,31977,4078,15442,2863,27899,2074,1041,1033
41265,31980,4078,15444,2863,27902,2074,1041,1033
41270,31985,4079,15445,2864,27906,2074,1041,1033
41275,31989,4079,15447,2864,27910,2074,1041,1033
41280,31992,4079,15448,2864,27913,2074,1041,1033
41285,31993,4080,15449,2865,27913,2074,1041,1033
41290,31998,4081,15452,2866,27917,2074,1041,1033
41295,32000,4081,15453,2866,27919,2075,1041,1034
41300,32008,4082,15457,2867,27926,2075,1041,1034
41305,32011,4082,15458,2867,27929,2075,1041,1034
41310,32016,4083,15458,2867,27933,2075,1041,1034
41315,32020,4083,15461,2867,27937,2075,1041,1034
41320,32023,4083,15462,2867,27940,2075,1041,1034
41325,32024,4083,15462,2867,27941,2075,1041,1034
41330,32029,4084,15465,2867,27945,2075,1041,1034
41335,32031,4084,15466,2867,27947,2076,1041,1035
41340,32039,4086,15471,2869,27952,2077,1041,1036
41345,32042,4088,15472,2871,27954,2077,1041,1036
41350,32047,4088,15475,2871,27959,2078,1042,1036
41355,32051,4088,15476,2871,27963,2078,1042,1036
41360,32054,4088,15478,2871,27966,2078,1042,1036
41365,32055,4089,15479,2872,27966,2078,1042,1036
41370,32060,4090,15481,2872,27970,2078,1042,1036
41375,32062,4090,15483,2872,27972,2079,1043,1036
41380,32070,4091,15489,2872,27979,2079,1043,1036
41385,32073,4091,15491,2872,27982,2079,1043,1036
41390,32078,4091,15494,2872,27987,2080,1044,1036
41395,32082,4091,15495,2872,27991,2080,1044,1036
41400,32085,4091,15496,2872,27994,2080,1044,1036
41405,32086,4092,15497,2873,27994,2080,1044,1036
41410,32091,4093,15500,2874,27998,2080,1044,1036
41415,32093,4093,15500,2874,28000,2081,1044,1037
41420,32101,4094,15504,2874,28007,2081,1044,1037
41425,32104,4094,15505,2874,28010,2081,1044,1037
41430,32109,4095,15508,2875,28014,2082,1044,1038
41435,32113,4095,15511,2875,28017,2082,1044,1038
41440,32116,4096,15511,2876,28020,2082,1044,1038
41445,32117,4096,15511,2876,28021,2082,1044,1038
41450,32122,4097,15512,2876,28025,2082,1044,1038
41455,32124,4097,15512,2876,28027,2083,1044,1039
41460,32132,4099,15515,2878,28033,2084,1044,1040
41465,32135,4100,15517,2879,28035,2084,1044,1040
41470,32140,4100,15519,2879,28040,2085,1044,1041
41475,32144,4100,15522,2879,28044,2085,1044,1041
41480,32147,4100,15525,2879,28047,2085,1044,1041
41485,32148,4100,15526,2879,28048,2085,1044,1041
41490,32153,4100,15529,2879,28053,2085,1044,1041
41495,32155,4100,15529,2879,28055,2086,1044,1042
41500,32163,4101,15533,2879,28062,2086,1044,1042
41505,32166,4101,15533,2879,28065,2086,1044,1042
41510,32171,4101,15535,2879,28070,2086,1044,1042
41515,32175,4101,15538,2879,28074,2086,1044,1042
41520,32178,4101,15538,2879,28077,2086,1044,1042
41525,32179,4101,15539,2879,28078,2086,1044,1042
41530,32184,4101,15541,2879,28083,2086,1044,1042
41535,32186,4101,15542,2879,28085,2087,1045,1042
41540,32194,4102,15545,2879,28092,2087,1045,1042
41545,32197,4102,15547,2879,28095,2087,1045,1042
41550,32202,4102,15549,2879,28100,2087,1045,1042
41555,32206,4102,15551,2879,28104,2087,1045,1042
41560,32209,4102,15553,2879,28107,2087,1045,1042
41565,32210,4102,15553,2879,28108,2087,1045,1042
41570,32215,4103,15556,2880,28112,2087,1045,1042
41575,32217,4103,15556,2880,28114,2088,1045,1043
41580,32225,4106,15561,2883,28119,2089,1046,1043
41585,32228,4106,15561,2883,28122,2089,1046,1043
41590,32233,4107,15563,2883,28126,2089,1046,1043
41595,32237,4107,15565,2883,28130,2089,1046,1043
41600,32240,4107,15566,2883,28133,2089,1046,1043
41605,32241,4108,15567,2884,28133,2089,1046,1043
41610,32246,4109,15570,2885,28137,2089,1046,1043
41615,32248,4109,15572,2885,28139,2090,1047,1043
41620,32256,4110,15576,2886,28146,2090,1047,1043
41625,32259,4110,15578,2886,28149,2090,1047,1043
41630,32264,4111,15582,2887,28153,2090,1047,1043
41635,32268,4111,15585,2887,28157,2090,1047,1043
41640,32271,4111,15586,2887,28160,2090,1047,1043
41645,32272,4111,15586,2887,28161,2090,1047,1043
41650,32277,4112,15589,2887,28165,2090,1047,1043
41655,32279,4112,15591,2887,28167,2091,1048,1043
41660,32287,4113,15596,2888,28174,2091,1048,1043
41665,32290,4113,15596,2888,28177,2091,1048,1043
41670,32295,4114,15599,2888,28181,2091,1048,1043
41675,32299,4114,15600,2888,28185,2091,1048,1043
41680,32302,4115,15603,2889,28187,2091,1048,1043
41685,32303,4115,15603,2889,28188,2091,1048,1043
41690,32308,4116,15605,2890,28192,2091,1048,1043
41695,32310,4116,15605,2890,28194,2092,1048,1044
41700,32318,4119,15609,2892,28199,2093,1048,1045
41705,32321,4119,15609,2892,28202,2093,1048,1045
41710,32326,4120,15611,2893,28206,2094,1048,1046
41715,32330,4120,15613,2893,28210,2094,1048,1046
41720,32333,4120,15614,2893,28213,2094,1048,1046
41725,32334,4120,15614,2893,28214,2094,1048,1046
41730,32339,4121,15616,2893,28218,2094,1048,1046
41735,32341,4121,15617,2893,28220,2095,1048,1047
41740,32349,4122,15620,2894,28227,2095,1048,1047
41745,32352,4122,15622,2894,28230,2095,1048,1047
41750,32357,4123,15623,2894,28234,2096,1048,1048
41755,32361,4123,15625,2894,28238,2096,1048,1048
41760,32364,4123,15626,2894,28241,2096,1048,1048
41765,32365,4123,15626,2894,28242,2096,1048,1048
41770,32370,4124,15629,2894,28246,2096,1048,1048
41775,32372,4124,15630,2894,28248,2097,1048,1049
41780,32380,4125,15633,2894,28255,2097,1048,1049
41785,32383,4125,15634,2894,28258,2097,1048,1049
41790,32388,4126,15636,2895,28262,2098,1048,1050
41795,32392,4126,15639,2895,28266,2098,1048,1050
41800,32395,4127,15641,2896,28268,2098,1048,1050
41805,32396,4128,15642,2897,28268,2098,1048,1050
41810,32401,4129,15645,2897,28272,2098,1048,1050
41815,32403,4129,15646,2897,28274,2099,1048,1051
41820,32411,4131,15652,2899,28280,2100,1049,1051
41825,32414,4131,15653,2899,28283,2100,1049,1051
41830,32419,4132,15657,2900,28287,2100,1049,1051
41835,32423,4132,15660,2900,28291,2100,1049,1051
41840,32426,4133,15661,2901,28293,2100,1049,1051
41845,32427,4133,15662,2901,28294,2100,1049,1051
41850,32432,4134,15664,2901,28298,2100,1049,1051
41855,32434,4134,15665,2901,28300,2101,1049,1052
41860,32442,4135,15668,2902,28307,2101,1049,1052
41865,32445,4136,15670,2903,28309,2101,1049,1052
41870,32450,4137,15673,2904,28313,2101,1049,1052
41875,32454,4137,15675,2904,28316,2101,1049,1052
41880,32457,4139,15677,2906,28318,2101,1049,1052
41885,32458,4139,15677,2906,28319,2101,1049,1052
41890,32463,4140,15680,2906,28323,2101,1049,1052
41895,32465,4140,15681,2906,28325,2102,1049,1053
41900,32473,4141,15687,2907,28331,2102,1049,1053
41905,32476,4142,15689,2908,28334,2102,1049,1053
41910,32481,4143,15692,2909,28338,2102,1049,1053
41915,32485,4143,15693,2909,28342,2102,1049,1053
41920,32488,4143,15695,2909,28345,2102,1049,1053
41925,32489,4143,15695,2909,28346,2102,1049,1053
41930,32494,4144,15699,2910,28350,2102,1049,1053
41935,32496,4144,15701,2910,28352,2103,1050,1053
41940,32504,4145,15705,2911,28359,2104,1051,1053
41945,32507,4145,15707,2911,28362,2104,1051,1053
41950,32512,4145,15711,2911,28367,2105,1051,1054
41955,32516,4145,15714,2911,28371,2105,1051,1054
41960,32519,4145,15716,2911,28374,2105,1051,1054
41965,32520,4145,15716,2911,28375,2105,1051,1054
41970,32525,4145,15719,2911,28380,2105,1051,1054
41975,32527,4145,15721,2911,28382,2106,1052,1054
41980,32535,4146,15727,2912,28389,2106,1052,1054
41985,32538,4146,15728,2912,28392,2106,1052,1054
41990,32543,4146,15731,2912,28397,2107,1053,1054
41995,32547,4146,15733,2912,28401,2107,1053,1054
42000,32550,4146,15736,2912,28404,2107,1053,1054
42005,32551,4146,15736,2912,28405,2107,1053,1054
42010,32556,4146,15740,2912,28410,2107,1053,1054
42015,32558,4146,15741,2912,28412,2108,1053,1055
42020,32566,4147,15744,2912,28419,2108,1053,1055
42025,32569,4147,15745,2912,28422,2108,1053,1055
42030,32574,4147,15746,2912,28427,2109,1053,1056
42035,32578,4147,15746,2912,28431,2109,1053,1056
42040,32581,4147,15746,2912,28434,2109,1053,1056
42045,32582,4147,15746,2912,28435,2109,1053,1056
42050,32587,4148,15747,2912,28439,2109,1053,1056
42055,32589,4148,15747,2912,28441,2110,1053,1057
42060,32597,4150,15751,2914,28446,2111,1053,1058
42065,32600,4152,15753,2916,28448,2111,1053,1058
42070,32605,4153,15755,2917,28452,2112,1053,1059
42075,32609,4153,15756,2917,28456,2112,1053,1059
42080,32612,4153,15757,2917,28459,2112,1053,1059
42085,32613,4153,15757,2917,28460,2112,1053,1059
42090,32618,4154,15760,2917,28464,2112,1053,1059
42095,32620,4154,15760,2917,28466,2113,1053,1060
42100,32628,4155,15764,2918,28473,2113,1053,1060
42105,32631,4156,15766,2919,28475,2113,1053,1060
42110,32636,4157,15767,2919,28479,2113,1053,1060
42115,32640,4157,15770,2919,28483,2113,1053,1060
42120,32643,4157,15771,2919,28486,2113,1053,1060
42125,32644,4157,15772,2919,28487,2113,1053,1060
42130,32649,4158,15774,2920,28491,2113,1053,1060
42135,32651,4158,15774,2920,28493,2114,1053,1061
42140,32659,4159,15777,2920,28500,2114,1053,1061
42145,32662,4159,15779,2920,28503,2114,1053,1061
42150,32667,4160,15781,2921,28507,2114,1053,1061
42155,32671,4160,15782,2921,28511,2114,1053,1061
42160,32674,4161,15784,2922,28513,2114,1053,1061
42165,32675,4161,15785,2922,28514,2114,1053,1061
42170,32680,4162,15787,2922,28518,2114,1053,1061
42175,32682,4162,15787,2922,28520,2115,1053,1062
42180,32690,4164,15791,2923,28526,2116,1054,1062
42185,32693,4165,15792,2924,28528,2116,1054,1062
42190,32698,4166,15794,2924,28532,2117,1055,1062
42195,32702,4166,15794,2924,28536,2117,1055,1062
42200,32705,4166,15795,2924,28539,2117,1055,1062
42205,32706,4167,15796,2925,28539,2117,1055,1062
42210,32711,4168,15797,2925,28543,2117,1055,1062
42215,32713,4168,15797,2925,28545,2118,1055,1063
42220,32721,4169,15802,2926,28552,2118,1055,1063
42225,32724,4170,15804,2927,28554,2118,1055,1063
42230,32729,4171,15809,2928,28558,2119,1056,1063
42235,32733,4171,15811,2928,28562,2119,1056,1063
42240,32736,4171,15811,2928,28565,2119,1056,1063
42245,32737,4172,15812,2929,28565,2119,1056,1063
42250,32742,4173,15812,2929,28569,2119,1056,1063
42255,32744,4173,15813,2929,28571,2120,1057,1063
42260,32752,4174,15816,2930,28578,2120,1057,1063
42265,32755,4174,15817,2930,28581,2120,1057,1063
42270,32760,4175,15820,2930,28585,2121,1058,1063
42275,32764,4175,15824,2930,28589,2121,1058,1063
42280,32767,4175,15824,2930,28592,2121,1058,1063
42285,32768,4176,15825,2931,28592,2121,1058,1063
42290,32773,4177,15827,2932,28596,2121,1058,1063
42295,32775,4177,15829,2932,28598,2122,1059,1063
42300,32783,4180,15832,2934,28603,2123,1059,1064
42305,32786,4181,15834,2935,28605,2123,1059,1064
42310,32791,4182,15836,2935,28609,2124,1059,1065
42315,32795,4182,15839,2935,28612,2124,1059,1065
42320,32798,4183,15840,2936,28615,2124,1059,1065
42325,32799,4183,15841,2936,28616,2124,1059,1065
42330,32804,4184,15845,2936,28620,2124,1059,1065
42335,32806,4184,15845,2936,28622,2125,1059,1066
42340,32814,4185,15850,2937,28629,2125,1059,1066
42345,32817,4186,15852,2938,28631,2125,1059,1066
42350,32822,4187,15853,2938,28635,2125,1059,1066
42355,32826,4187,15856,2938,28638,2125,1059,1066
42360,32829,4189,15858,2940,28640,2125,1059,1066
42365,32830,4189,15859,2940,28641,2125,1059,1066
42370,32835,4190,15863,2941,28645,2125,1059,1066
42375,32837,4190,15864,2941,28647,2126,1060,1066
42380,32845,4191,15867,2942,28654,2126,1060,1066
42385,32848,4191,15868,2942,28657,2126,1060,1066
42390,32853,4192,15871,2942,28661,2126,1060,1066
42395,32857,4192,15872,2942,28665,2126,1060,1066
42400,32860,4192,15873,2942,28668,2126,1060,1066
42405,32861,4192,15874,2942,28669,2126,1060,1066
42410,32866,4193,15876,2942,28673,2126,1060,1066
42415,32868,4193,15877,2942,28675,2127,1061,1066
42420,32876,4196,15882,2944,28680,2128,1062,1066
42425,32879,4196,15883,2944,28683,2128,1062,1066
42430,32884,4196,15886,2944,28688,2129,1062,1067
42435,32888,4196,15887,2944,28692,2129,1062,1067
42440,32891,4196,15890,2944,28695,2129,1062,1067
42445,32892,4197,15891,2945,28695,2129,1062,1067
42450,32897,4198,15892,2946,28699,2129,1062,1067
42455,32899,4198,15892,2946,28701,2130,1062,1068
42460,32907,4199,15896,2947,28708,2130,1062,1068
42465,32910,4199,15897,2947,28711,2130,1062,1068
42470,32915,4199,15897,2947,28716,2131,1062,1069
42475,32919,4199,15900,2947,28720,2131,1062,1069
42480,32922,4199,15901,2947,28723,2131,1062,1069
42485,32923,4199,15901,2947,28724,2131,1062,1069
42490,32928,4200,15902,2947,28728,2131,1062,1069
42495,32930,4200,15904,2947,28730,2132,1063,1069
42500,32938,4201,15909,2948,28737,2132,1063,1069
42505,32941,4201,15909,2948,28740,2132,1063,1069
42510,32946,4201,15913,2948,28745,2133,1064,1069
42515,32950,4201,15916,2948,28749,2133,1064,1069
42520,32953,4201,15918,2948,28752,2133,1064,1069
42525,32954,4201,15919,2948,28753,2133,1064,1069
42530,32959,4202,15922,2948,28757,2133,1064,1069
42535,32961,4202,15922,2948,28759,2134,1064,1070
42540,32969,4203,15925,2949,28766,2135,1064,1071
42545,32972,4204,15928,2950,28768,2135,1064,1071
42550,32977,4205,15932,2950,28772,2135,1064,1071
42555,32981,4205,15936,2950,28775,2135,1064,1071
42560,32984,4207,15938,2952,28777,2135,1064,1071
42565,32985,4207,15938,2952,28778,2135,1064,1071
42570,32990,4208,15940,2952,28782,2135,1064,1071
42575,32992,4208,15942,2952,28784,2136,1065,1071
42580,33000,4209,15945,2952,28791,2136,1065,1071
42585,33003,4210,15947,2953,28793,2136,1065,1071
42590,33008,4211,15949,2954,28797,2136,1065,1071
42595,33012,4211,15949,2954,28801,2136,1065,1071
42600,33015,4211,15949,2954,28804,2136,1065,1071
42605,33016,4212,15950,2955,28804,2136,1065,1071
42610,33021,4213,15951,2955,28808,2136,1065,1071
42615,33023,4213,15951,2955,28810,2137,1065,1072
42620,33031,4214,15955,2955,28817,2137,1065,1072
42625,33034,4215,15957,2956,28819,2137,1065,1072
42630,33039,4216,15959,2956,28823,2137,1065,1072
42635,33043,4216,15960,2956,28826,2137,1065,1072
42640,33046,4218,15963,2958,28828,2137,1065,1072
42645,33047,4218,15963,2958,28829,2137,1065,1072
42650,33052,4219,15966,2959,28833,2137,1065,1072
42655,33054,4219,15968,2959,28835,2138,1066,1072
42660,33062,4221,15973,2961,28841,2139,1067,1072
42665,33065,4221,15974,2961,28844,2139,1067,1072
42670,33070,4221,15977,2961,28849,2140,1067,1073
42675,33074,4221,15979,2961,28853,2140,1067,1073
42680,33077,4221,15980,2961,28856,2140,1067,1073
42685,33078,4221,15980,2961,28857,2140,1067,1073
42690,33083,4221,15983,2961,28862,2140,1067,1073
42695,33085,4221,15983,2961,28864,2141,1067,1074
42700,33093,4221,15987,2961,28872,2141,1067,1074
42705,33096,4221,15989,2961,28875,2141,1067,1074
42710,33101,4221,15991,2961,28880,2142,1067,1075
42715,33105,4221,15994,2961,28884,2142,1067,1075
42720,33108,4221,15995,2961,28887,2142,1067,1075
42725,33109,4221,15996,2961,28888,2142,1067,1075
42730,33114,4221,15999,2961,28893,2142,1067,1075
42735,33116,4221,16000,2961,28895,2143,1068,1075
42740,33124,4221,16003,2961,28903,2143,1068,1075
42745,33127,4221,16004,2961,28906,2143,1068,1075
42750,33132,4221,16007,2961,28911,2144,1069,1075
42755,33136,4221,16008,2961,28915,2144,1069,1075
42760,33139,4221,16010,2961,28918,2144,1069,1075
42765,33140,4221,16011,2961,28919,2144,1069,1075
42770,33145,4222,16015,2962,28923,2144,1069,1075
42775,33147,4222,16015,2962,28925,2145,1069,1076
42780,33155,4223,16017,2963,28932,2146,1069,1077
42785,33158,4223,16018,2963,28935,2146,1069,1077
42790,33163,4224,16020,2963,28939,2147,1069,1078
42795,33167,4224,16022,2963,28942,2147,1069,1078
42800,33170,4226,16024,2965,28944,2147,1069,1078
42805,33171,4227,16025,2966,28944,2147,1069,1078
42810,33176,4228,16026,2966,28948,2147,1069,1078
42815,33178,4228,16026,2966,28950,2148,1069,1079
42820,33186,4229,16028,2966,28957,2148,1069,1079
42825,33189,4229,16030,2966,28960,2148,1069,1079
42830,33194,4230,16033,2967,28964,2149,1069,1080
42835,33198,4230,16036,2967,28967,2149,1069,1080
42840,33201,4232,16038,2969,28969,2149,1069,1080
42845,33202,4233,16039,2970,28969,2149,1069,1080
42850,33207,4234,16041,2971,28973,2149,1069,1080
42855,33209,4234,16041,2971,28975,2150,1069,1081
42860,33217,4235,16045,2971,28982,2150,1069,1081
42865,33220,4236,16047,2972,28984,2150,1069,1081
42870,33225,4237,16049,2973,28988,2151,1069,1082
42875,33229,4237,16050,2973,28992,2151,1069,1082
42880,33232,4238,16052,2974,28994,2151,1069,1082
42885,33233,4239,16053,2975,28994,2151,1069,1082
42890,33238,4240,16056,2976,28998,2151,1069,1082
42895,33240,4240,16057,2976,29000,2152,1070,1082
42900,33248,4243,16061,2979,29005,2153,1070,1083
42905,33251,4243,16062,2979,29008,2153,1070,1083
42910,33256,4243,16063,2979,29013,2154,1070,1084
42915,33260,4243,16063,2979,29017,2154,1070,1084
42920,33263,4243,16064,2979,29020,2154,1070,1084
42925,33264,4243,16065,2979,29021,2154,1070,1084
42930,33269,4243,16066,2979,29026,2154,1070,1084
42935,33271,4243,16067,2979,29028,2155,1071,1084
42940,33279,4244,16073,2980,29035,2155,1071,1084
42945,33282,4244,16075,2980,29038,2155,1071,1084
42950,33287,4244,16078,2980,29043,2156,1071,1085
42955,33291,4244,16080,2980,29047,2156,1071,1085
42960,33294,4244,16081,2980,29050,2156,1071,1085
42965,33295,4244,16081,2980,29051,2156,1071,1085
42970,33300,4244,16085,2980,29056,2156,1071,1085
42975,33302,4244,16085,2980,29058,2157,1071,1086
42980,33310,4245,16090,2981,29065,2157,1071,1086
42985,33313,4245,16091,2981,29068,2157,1071,1086
42990,33318,4245,16094,2981,29073,2157,1071,1086
42995,33322,4245,16096,2981,29077,2157,1071,1086
43000,33325,4245,16097,2981,29080,2157,1071,1086
43005,33326,4245,16097,2981,29081,2157,1071,1086
43010,33331,4246,16100,2982,29085,2157,1071,1086
43015,33333,4246,16101,2982,29087,2158,1072,1086
43020,33341,4247,16103,2983,29094,2159,1072,1087
43025,33344,4247,16105,2983,29097,2159,1072,1087
43030,33349,4248,16110,2984,29101,2160,1073,1087
43035,33353,4248,16112,2984,29105,2160,1073,1087
43040,33356,4249,16114,2985,29107,2160,1073,1087
43045,33357,4249,16114,2985,29108,2160,1073,1087
43050,33362,4250,16115,2985,29112,2160,1073,1087
43055,33364,4250,16117,2985,29114,2161,1074,1087
43060,33372,4251,16119,2986,29121,2161,1074,1087
43065,33375,4251,16120,2986,29124,2161,1074,1087
43070,33380,4252,16123,2987,29128,2161,1074,1087
43075,33384,4252,16127,2987,29132,2161,1074,1087
43080,33387,4252,16128,2987,29135,2161,1074,1087
43085,33388,4253,16129,2988,29135,2161,1074,1087
43090,33393,4254,16131,2988,29139,2161,1074,1087
43095,33395,4254,16133,2988,29141,2162,1075,1087
43100,33403,4255,16136,2988,29148,2162,1075,1087
43105,33406,4256,16139,2989,29150,2162,1075,1087
43110,33411,4257,16143,2990,29154,2162,1075,1087
43115,33415,4257,16145,2990,29158,2162,1075,1087
43120,33418,4257,16147,2990,29161,2162,1075,1087
43125,33419,4257,16147,2990,29162,2162,1075,1087
43130,33424,4258,16149,2991,29166,2162,1075,1087
43135,33426,4258,16151,2991,29168,2163,1076,1087
43140,33434,4259,16155,2992,29175,2164,1076,1088
43145,33437,4259,16156,2992,29178,2164,1076,1088
43150,33442,4260,16158,2992,29182,2164,1076,1088
43155,33446,4260,16161,2992,29186,2164,1076,1088
43160,33449,4261,16163,2993,29188,2164,1076,1088
43165,33450,4262,16164,2994,29188,2164,1076,1088
43170,33455,4263,16167,2994,29192,2164,1076,1088
43175,33457,4263,16168,2994,29194,2165,1076,1089
43180,33465,4264,16175,2994,29201,2165,1076,1089
43185,33468,4265,16178,2995,29203,2165,1076,1089
43190,33473,4266,16182,2996,29207,2166,1077,1089
43195,33477,4266,16184,2996,29211,2166,1077,1089
43200,33480,4267,16186,2997,29213,2166,1077,1089
43205,33481,4267,16186,2997,29214,2166,1077,1089
43210,33486,4268,16190,2998,29218,2166,1077,1089
43215,33488,4268,16191,2998,29220,2167,1078,1089
43220,33496,4269,16195,2999,29227,2167,1078,1089
43225,33499,4269,16195,2999,29230,2167,1078,1089
43230,33504,4270,16198,2999,29234,2167,1078,1089
43235,33508,4270,16200,2999,29237,2167,1078,1089
43240,33511,4271,16201,3000,29240,2167,1078,1089
43245,33512,4271,16202,3000,29241,2167,1078,1089
43250,33517,4272,16205,3001,29245,2167,1078,1089
43255,33519,4272,16207,3001,29247,2168,1079,1089
43260,33527,4274,16212,3003,29252,2169,1079,1090
43265,33530,4275,16214,3004,29255,2169,1079,1090
43270,33535,4275,16218,3004,29260,2169,1079,1090
43275,33539,4275,16218,3004,29264,2169,1079,1090
43280,33542,4275,16221,3004,29267,2169,1079,1090
43285,33543,4275,16221,3004,29268,2169,1079,1090
43290,33548,4276,16223,3004,29272,2169,1079,1090
43295,33550,4276,16223,3004,29274,2170,1079,1091
43300,33558,4276,16224,3004,29282,2170,1079,1091
43305,33561,4276,16224,3004,29285,2170,1079,1091
43310,33566,4276,16228,3004,29290,2170,1079,1091
43315,33570,4276,16230,3004,29294,2170,1079,1091
43320,33573,4276,16233,3004,29297,2170,1079,1091
43325,33574,4276,16234,3004,29298,2170,1079,1091
43330,33579,4277,16235,3004,29302,2170,1079,1091
43335,33581,4277,16236,3004,29304,2171,1079,1092
43340,33589,4277,16240,3004,29312,2171,1079,1092
43345,33592,4277,16240,3004,29315,2171,1079,1092
43350,33597,4277,16245,3004,29320,2171,1079,1092
43355,33601,4277,16249,3004,29323,2171,1079,1092
43360,33604,4278,16250,3005,29326,2171,1079,1092
43365,33605,4278,16250,3005,29327,2171,1079,1092
43370,33610,4279,16253,3006,29331,2171,1079,1092
43375,33612,4279,16254,3006,29333,2172,1080,1092
43380,33620,4280,16257,3007,29340,2173,1081,1092
43385,33623,4280,16258,3007,29343,2173,1081,1092
43390,33628,4281,16261,3008,29347,2174,1081,1093
43395,33632,4281,16262,3008,29351,2174,1081,1093
43400,33635,4281,16264,3008,29354,2174,1081,1093
43405,33636,4281,16264,3008,29355,2174,1081,1093
43410,33641,4282,16266,3009,29359,2174,1081,1093
43415,33643,4282,16267,3009,29361,2175,1082,1093
43420,33651,4283,16271,3010,29368,2175,1082,1093
43425,33654,4284,16273,3011,29370,2175,1082,1093
43430,33659,4285,16277,3012,29374,2176,1083,1093
43435,33663,4285,16278,3012,29378,2176,1083,1093
43440,33666,4285,16280,3012,29381,2176,1083,1093
43445,33667,4285,16280,3012,29382,2176,1083,1093
43450,33672,4286,16282,3012,29386,2176,1083,1093
43455,33674,4286,16283,3012,29388,2177,1083,1094
43460,33682,4287,16287,3012,29395,2177,1083,1094
43465,33685,4287,16289,3012,29398,2177,1083,1094
43470,33690,4288,16293,3013,29402,2178,1084,1094
43475,33694,4288,16294,3013,29406,2178,1084,1094
43480,33697,4289,16297,3014,29408,2178,1084,1094
43485,33698,4289,16297,3014,29409,2178,1084,1094
43490,33703,4290,16299,3015,29413,2178,1084,1094
43495,33705,4290,16299,3015,29415,2179,1084,1095
43500,33713,4293,16304,3017,29419,2180,1084,1096
43505,33716,4295,16305,3019,29421,2180,1084,1096
43510,33721,4296,16308,3020,29425,2181,1084,1097
43515,33725,4296,16308,3020,29429,2181,1084,1097
43520,33728,4296,16309,3020,29432,2181,1084,1097
43525,33729,4296,16310,3020,29433,2181,1084,1097
43530,33734,4297,16313,3021,29437,2181,1084,1097
43535,33736,4297,16314,3021,29439,2182,1085,1097
43540,33744,4297,16319,3021,29447,2182,1085,1097
43545,33747,4297,16321,3021,29450,2182,1085,1097
43550,33752,4298,16322,3021,29454,2182,1085,1097
43555,33756,4298,16323,3021,29458,2182,1085,1097
43560,33759,4299,16326,3022,29460,2182,1085,1097
43565,33760,4299,16326,3022,29461,2182,1085,1097
43570,33765,4300,16328,3022,29465,2182,1085,1097
43575,33767,4300,16329,3022,29467,2183,1086,1097
43580,33775,4300,16335,3022,29475,2183,1086,1097
43585,33778,4300,16336,3022,29478,2183,1086,1097
43590,33783,4301,16336,3022,29482,2183,1086,1097
43595,33787,4301,16338,3022,29486,2183,1086,1097
43600,33790,4301,16339,3022,29489,2183,1086,1097
43605,33791,4301,16339,3022,29490,2183,1086,1097
43610,33796,4302,16341,3022,29494,2183,1086,1097
43615,33798,4302,16342,3022,29496,2184,1086,1098
43620,33806,4305,16348,3025,29500,2185,1086,1099
43625,33809,4307,16350,3027,29502,2185,1086,1099
43630,33814,4308,16352,3027,29506,2186,1087,1099
43635,33818,4308,16355,3027,29510,2186,1087,1099
43640,33821,4309,16358,3028,29512,2186,1087,1099
43645,33822,4309,16358,3028,29513,2186,1087,1099
43650,33827,4310,16358,3028,29517,2186,1087,1099
43655,33829,4310,16358,3028,29519,2187,1087,1100
43660,33837,4311,16364,3029,29525,2187,1087,1100
43665,33840,4312,16366,3030,29528,2187,1087,1100
43670,33845,4313,16370,3030,29532,2188,1088,1100
43675,33849,4313,16371,3030,29536,2188,1088,1100
43680,33852,4314,16374,3031,29538,2188,1088,1100
43685,33853,4314,16374,3031,29539,2188,1088,1100
43690,33858,4315,16376,3032,29543,2188,1088,1100
43695,33860,4315,16378,3032,29545,2189,1089,1100
43700,33868,4316,16383,3033,29551,2189,1089,1100
43705,33871,4317,16384,3034,29554,2189,1089,1100
43710,33876,4318,16387,3035,29558,2190,1089,1101
43715,33880,4318,16388,3035,29562,2190,1089,1101
43720,33883,4318,16389,3035,29565,2190,1089,1101
43725,33884,4319,16390,3036,29565,2190,1089,1101
43730,33889,4320,16391,3036,29569,2190,1089,1101
43735,33891,4320,16391,3036,29571,2191,1089,1102
43740,33899,4323,16396,3039,29575,2192,1089,1103
43745,33902,4325,16397,3041,29577,2192,1089,1103
43750,33907,4325,16398,3041,29582,2193,1090,1103
43755,33911,4325,16401,3041,29585,2193,1090,1103
43760,33914,4326,16402,3042,29588,2193,1090,1103
43765,33915,4327,16403,3043,29588,2193,1090,1103
43770,33920,4328,16406,3044,29592,2193,1090,1103
43775,33922,4328,16407,3044,29594,2194,1091,1103
43780,33930,4329,16411,3044,29601,2194,1091,1103
43785,33933,4330,16413,3045,29603,2194,1091,1103
43790,33938,4330,16416,3045,29608,2195,1092,1103
43795,33942,4330,16417,3045,29612,2195,1092,1103
43800,33945,4330,16419,3045,29615,2195,1092,1103
43805,33946,4330,16419,3045,29616,2195,1092,1103
43810,33951,4331,16422,3046,29620,2195,1092,1103
43815,33953,4331,16423,3046,29622,2196,1092,1104
43820,33961,4332,16429,3046,29629,2196,1092,1104
43825,33964,4332,16430,3046,29632,2196,1092,1104
43830,33969,4333,16433,3047,29636,2196,1092,1104
43835,33973,4333,16434,3047,29640,2196,1092,1104
43840,33976,4333,16434,3047,29643,2196,1092,1104
43845,33977,4333,16435,3047,29644,2196,1092,1104
43850,33982,4334,16437,3047,29648,2196,1092,1104
43855,33984,4334,16438,3047,29650,2197,1093,1104
43860,33992,4335,16442,3047,29657,2198,1093,1105
43865,33995,4335,16444,3047,29660,2198,1093,1105
43870,34000,4335,16447,3047,29665,2198,1093,1105
43875,34004,4335,16448,3047,29669,2198,1093,1105
43880,34007,4335,16450,3047,29672,2198,1093,1105
43885,34008,4335,16450,3047,29673,2198,1093,1105
43890,34013,4335,16454,3047,29678,2198,1093,1105
43895,34015,4335,16455,3047,29680,2199,1093,1106
43900,34023,4335,16457,3047,29688,2199,1093,1106
43905,34026,4335,16457,3047,29691,2199,1093,1106
43910,34031,4335,16459,3047,29696,2200,1093,1107
43915,34035,4335,16460,3047,29700,2200,1093,1107
43920,34038,4335,16461,3047,29703,2200,1093,1107
43925,34039,4335,16462,3047,29704,2200,1093,1107
43930,34044,4335,16464,3047,29709,2200,1093,1107
43935,34046,4335,16464,3047,29711,2201,1093,1108
43940,34054,4335,16468,3047,29719,2201,1093,1108
43945,34057,4335,16470,3047,29722,2201,1093,1108
43950,34062,4335,16472,3047,29727,2202,1094,1108
43955,34066,4335,16475,3047,29731,2202,1094,1108
43960,34069,4335,16477,3047,29734,2202,1094,1108
43965,34070,4335,16478,3047,29735,2202,1094,1108
43970,34075,4336,16479,3048,29739,2202,1094,1108
43975,34077,4336,16479,3048,29741,2203,1094,1109
43980,34085,4338,16482,3049,29746,2204,1094,1110
43985,34088,4339,16484,3050,29749,2204,1094,1110
43990,34093,4340,16484,3050,29753,2205,1094,1111
43995,34097,4340,16487,3050,29757,2205,1094,1111
44000,34100,4341,16490,3051,29759,2205,1094,1111
44005,34101,4342,16491,3052,29759,2205,1094,1111
44010,34106,4343,16494,3053,29763,2205,1094,1111
44015,34108,4343,16496,3053,29765,2206,1095,1111
44020,34116,4344,16499,3054,29772,2206,1095,1111
44025,34119,4345,16501,3055,29774,2206,1095,1111
44030,34124,4346,16502,3056,29778,2207,1095,1112
44035,34128,4346,16503,3056,29782,2207,1095,1112
44040,34131,4347,16506,3057,29784,2207,1095,1112
44045,34132,4348,16507,3058,29784,2207,1095,1112
44050,34137,4349,16511,3059,29788,2207,1095,1112
44055,34139,4349,16513,3059,29790,2208,1096,1112
44060,34147,4350,16518,3059,29797,2208,1096,1112
44065,34150,4350,16520,3059,29800,2208,1096,1112
44070,34155,4351,16524,3060,29804,2208,1096,1112
44075,34159,4351,16525,3060,29808,2208,1096,1112
44080,34162,4352,16527,3061,29810,2208,1096,1112
44085,34163,4352,16527,3061,29811,2208,1096,1112
44090,34168,4353,16529,3061,29815,2208,1096,1112
44095,34170,4353,16530,3061,29817,2209,1096,1113
44100,34178,4355,16535,3063,29822,2210,1096,1114
44105,34181,4357,16537,3065,29824,2210,1096,1114
44110,34186,4357,16540,3065,29829,2210,1096,1114
44115,34190,4357,16543,3065,29833,2210,1096,1114
44120,34193,4357,16544,3065,29836,2210,1096,1114
44125,34194,4357,16544,3065,29837,2210,1096,1114
44130,34199,4358,16547,3066,29841,2210,1096,1114
44135,34201,4358,16548,3066,29843,2211,1096,1115
44140,34209,4359,16551,3066,29850,2211,1096,1115
44145,34212,4359,16551,3066,29853,2211,1096,1115
44150,34217,4359,16555,3066,29858,2212,1096,1116
44155,34221,4359,16559,3066,29861,2212,1096,1116
44160,34224,4360,16560,3067,29864,2212,1096,1116
44165,34225,4360,16560,3067,29865,2212,1096,1116
44170,34230,4361,16564,3068,29869,2212,1096,1116
44175,34232,4361,16564,3068,29871,2213,1096,1117
44180,34240,4362,16570,3069,29878,2213,1096,1117
44185,34243,4363,16571,3070,29880,2213,1096,1117
44190,34248,4364,16574,3070,29884,2214,1097,1117
44195,34252,4364,16576,3070,29888,2214,1097,1117
44200,34255,4364,16578,3070,29891,2214,1097,1117
44205,34256,4364,16578,3070,29892,2214,1097,1117
44210,34261,4365,16581,3070,29896,2214,1097,1117
44215,34263,4365,16582,3070,29898,2215,1097,1118
44220,34271,4368,16588,3073,29903,2216,1098,1118
44225,34274,4368,16589,3073,29906,2216,1098,1118
44230,34279,4368,16591,3073,29911,2217,1098,1119
44235,34283,4368,16593,3073,29915,2217,1098,1119
44240,34286,4368,16594,3073,29918,2217,1098,1119
44245,34287,4368,16595,3073,29919,2217,1098,1119
44250,34292,4369,16596,3073,29923,2217,1098,1119
44255,34294,4369,16596,3073,29925,2218,1098,1120
44260,34302,4369,16601,3073,29933,2218,1098,1120
44265,34305,4369,16604,3073,29936,2218,1098,1120
44270,34310,4369,16605,3073,29941,2219,1098,1121
44275,34314,4369,16606,3073,29945,2219,1098,1121
44280,34317,4369,16606,3073,29948,2219,1098,1121
44285,34318,4370,16607,3074,29948,2219,1098,1121
44290,34323,4371,16608,3074,29952,2219,1098,1121
44295,34325,4371,16609,3074,29954,2220,1098,1122
44300,34333,4371,16613,3074,29962,2220,1098,1122
44305,34336,4371,16614,3074,29965,2220,1098,1122
44310,34341,4371,16617,3074,29970,2221,1099,1122
44315,34345,4371,16621,3074,29974,2221,1099,1122
44320,34348,4371,16623,3074,29977,2221,1099,1122
44325,34349,4371,16623,3074,29978,2221,1099,1122
44330,34354,4372,16626,3075,29982,2221,1099,1122
44335,34356,4372,16626,3075,29984,2222,1099,1123
44340,34364,4374,16629,3076,29989,2223,1099,1124
44345,34367,4376,16631,3078,29991,2223,1099,1124
44350,34372,4377,16632,3078,29995,2223,1099,1124
44355,34376,4377,16635,3078,29998,2223,1099,1124
44360,34379,4378,16636,3079,30001,2223,1099,1124
44365,34380,4378,16636,3079,30002,2223,1099,1124
44370,34385,4379,16640,3080,30006,2223,1099,1124
44375,34387,4379,16642,3080,30008,2224,1100,1124
44380,34395,4380,16645,3080,30015,2224,1100,1124
44385,34398,4381,16648,3081,30017,2224,1100,1124
44390,34403,4382,16648,3081,30021,2224,1100,1124
44395,34407,4382,16648,3081,30025,2224,1100,1124
44400,34410,4383,16650,3082,30027,2224,1100,1124
44405,34411,4383,16651,3082,30028,2224,1100,1124
44410,34416,4384,16655,3083,30032,2224,1100,1124
44415,34418,4384,16656,3083,30034,2225,1100,1125
44420,34426,4385,16660,3084,30041,2225,1100,1125
44425,34429,4386,16662,3085,30043,2225,1100,1125
44430,34434,4387,16665,3086,30047,2225,1100,1125
44435,34438,4387,16668,3086,30051,2225,1100,1125
44440,34441,4388,16670,3087,30053,2225,1100,1125
44445,34442,4389,16671,3088,30053,2225,1100,1125
44450,34447,4390,16671,3088,30057,2225,1100,1125
44455,34449,4390,16672,3088,30059,2226,1101,1125
44460,34457,4392,16677,3090,30065,2227,1102,1125
44465,34460,4392,16679,3090,30068,2227,1102,1125
44470,34465,4392,16682,3090,30073,2228,1102,1126
44475,34469,4392,16683,3090,30077,2228,1102,1126
44480,34472,4392,16684,3090,30080,2228,1102,1126
44485,34473,4392,16685,3090,30081,2228,1102,1126
44490,34478,4392,16689,3090,30086,2228,1102,1126
44495,34480,4392,16691,3090,30088,2229,1103,1126
44500,34488,4392,16695,3090,30096,2229,1103,1126
44505,34491,4392,16697,3090,30099,2229,1103,1126
44510,34496,4392,16700,3090,30104,2230,1104,1126
44515,34500,4392,16701,3090,30108,2230,1104,1126
44520,34503,4392,16701,3090,30111,2230,1104,1126
44525,34504,4392,16701,3090,30112,2230,1104,1126
44530,34509,4392,16705,3090,30117,2230,1104,1126
44535,34511,4392,16705,3090,30119,2231,1104,1127
44540,34519,4392,16710,3090,30127,2231,1104,1127
44545,34522,4392,16711,3090,30130,2231,1104,1127
44550,34527,4392,16713,3090,30135,2232,1104,1128
44555,34531,4392,16714,3090,30139,2232,1104,1128
44560,34534,4392,16717,3090,30142,2232,1104,1128
44565,34535,4392,16718,3090,30143,2232,1104,1128
44570,34540,4393,16721,3091,30147,2232,1104,1128
44575,34542,4393,16722,3091,30149,2233,1105,1128
44580,34550,4396,16726,3093,30154,2234,1105,1129
44585,34553,4396,16727,3093,30157,2234,1105,1129
44590,34558,4397,16728,3093,30161,2234,1105,1129
44595,34562,4397,16730,3093,30165,2234,1105,1129
44600,34565,4397,16732,3093,30168,2234,1105,1129
44605,34566,4397,16732,3093,30169,2234,1105,1129
44610,34571,4398,16733,3093,30173,2234,1105,1129
44615,34573,4398,16734,3093,30175,2235,1105,1130
44620,34581,4399,16738,3093,30182,2235,1105,1130
44625,34584,4399,16739,3093,30185,2235,1105,1130
44630,34589,4400,16743,3093,30189,2235,1105,1130
44635,34593,4400,16744,3093,30193,2235,1105,1130
44640,34596,4401,16745,3094,30195,2235,1105,1130
44645,34597,4401,16745,3094,30196,2235,1105,1130
44650,34602,4402,16746,3094,30200,2235,1105,1130
44655,34604,4402,16747,3094,30202,2236,1106,1130
44660,34612,4403,16750,3095,30209,2236,1106,1130
44665,34615,4403,16751,3095,30212,2236,1106,1130
44670,34620,4404,16754,3095,30216,2236,1106,1130
44675,34624,4404,16756,3095,30220,2236,1106,1130
44680,34627,4405,16758,3096,30222,2236,1106,1130
44685,34628,4405,16758,3096,30223,2236,1106,1130
44690,34633,4406,16760,3096,30227,2236,1106,1130
44695,34635,4406,16761,3096,30229,2237,1107,1130
44700,34643,4408,16765,3097,30234,2238,1107,1131
44705,34646,4410,16767,3099,30236,2238,1107,1131
44710,34651,4410,16771,3099,30241,2239,1108,1131
44715,34655,4410,16773,3099,30245,2239,1108,1131
44720,34658,4410,16775,3099,30248,2239,1108,1131
44725,34659,4411,16776,3100,30248,2239,1108,1131
44730,34664,4412,16778,3101,30252,2239,1108,1131
44735,34666,4412,16779,3101,30254,2240,1108,1132
44740,34674,4413,16784,3102,30261,2240,1108,1132
44745,34677,4413,16784,3102,30264,2240,1108,1132
44750,34682,4413,16786,3102,30269,2241,1109,1132
44755,34686,4413,16788,3102,30273,2241,1109,1132
44760,34689,4413,16790,3102,30276,2241,1109,1132
44765,34690,4413,16790,3102,30277,2241,1109,1132
44770,34695,4414,16792,3102,30281,2241,1109,1132
44775,34697,4414,16792,3102,30283,2242,1109,1133
44780,34705,4415,16797,3102,30290,2242,1109,1133
44785,34708,4415,16798,3102,30293,2242,1109,1133
44790,34713,4415,16801,3102,30298,2243,1110,1133
44795,34717,4415,16802,3102,30302,2243,1110,1133
44800,34720,4415,16803,3102,30305,2243,1110,1133
44805,34721,4415,16803,3102,30306,2243,1110,1133
44810,34726,4416,16805,3103,30310,2243,1110,1133
44815,34728,4416,16806,3103,30312,2244,1110,1134
44820,34736,4419,16811,3106,30317,2245,1111,1134
44825,34739,4419,16812,3106,30320,2245,1111,1134
44830,34744,4420,16813,3106,30324,2245,1111,1134
44835,34748,4420,16816,3106,30327,2245,1111,1134
44840,34751,4421,16817,3107,30330,2245,1111,1134
44845,34752,4421,16817,3107,30331,2245,1111,1134
44850,34757,4422,16819,3108,30335,2245,1111,1134
44855,34759,4422,16819,3108,30337,2246,1111,1135
44860,34767,4422,16823,3108,30345,2246,1111,1135
44865,34770,4422,16823,3108,30348,2246,1111,1135
44870,34775,4423,16828,3109,30352,2246,1111,1135
44875,34779,4423,16830,3109,30356,2246,1111,1135
44880,34782,4423,16830,3109,30359,2246,1111,1135
44885,34783,4423,16830,3109,30360,2246,1111,1135
44890,34788,4424,16832,3110,30364,2246,1111,1135
44895,34790,4424,16833,3110,30366,2247,1112,1135
44900,34798,4424,16836,3110,30374,2247,1112,1135
44905,34801,4424,16838,3110,30377,2247,1112,1135
44910,34806,4425,16839,3110,30381,2247,1112,1135
44915,34810,4425,16841,3110,30385,2247,1112,1135
44920,34813,4426,16844,3111,30387,2247,1112,1135
44925,34814,4427,16845,3112,30387,2247,1112,1135
44930,34819,4428,16849,3113,30391,2247,1112,1135
44935,34821,4428,16851,3113,30393,2248,1113,1135
44940,34829,4429,16853,3113,30400,2249,1113,1136
44945,34832,4430,16856,3114,30402,2249,1113,1136
44950,34837,4431,16859,3115,30406,2249,1113,1136
44955,34841,4431,16862,3115,30410,2249,1113,1136
44960,34844,4432,16864,3116,30412,2249,1113,1136
44965,34845,4433,16865,3117,30412,2249,1113,1136
44970,34850,4434,16866,3117,30416,2249,1113,1136
44975,34852,4434,16867,3117,30418,2250,1113,1137
44980,34860,4435,16872,3118,30425,2250,1113,1137
44985,34863,4436,16874,3119,30427,2250,1113,1137
44990,34868,4437,16876,3119,30431,2250,1113,1137
44995,34872,4437,16877,3119,30435,2250,1113,1137
45000,34875,4438,16878,3120,30437,2250,1113,1137
45005,34876,4438,16878,3120,30438,2250,1113,1137
45010,34881,4439,16879,3120,30442,2250,1113,1137
45015,34883,4439,16879,3120,30444,2251,1113,1138
45020,34891,4440,16882,3121,30451,2251,1113,1138
45025,34894,4440,16883,3121,30454,2251,1113,1138
45030,34899,4441,16885,3122,30458,2251,1113,1138
45035,34903,4441,16888,3122,30462,2251,1113,1138
45040,34906,4441,16889,3122,30465,2251,1113,1138
45045,34907,4441,16890,3122,30466,2251,1113,1138
45050,34912,4442,16893,3123,30470,2251,1113,1138
45055,34914,4442,16893,3123,30472,2252,1113,1139
45060,34922,4443,16896,3124,30478,2253,1113,1140
45065,34925,4444,16897,3125,30481,2253,1113,1140
45070,34930,4444,16900,3125,30486,2254,1114,1140
45075,34934,4444,16903,3125,30489,2254,1114,1140
45080,34937,4445,16904,3126,30492,2254,1114,1140
45085,34938,4445,16904,3126,30493,2254,1114,1140
45090,34943,4446,16908,3127,30497,2254,1114,1140
45095,34945,4446,16908,3127,30499,2255,1114,1141
45100,34953,4446,16911,3127,30507,2255,1114,1141
45105,34956,4446,16913,3127,30510,2255,1114,1141
45110,34961,4446,16916,3127,30515,2256,1115,1141
45115,34965,4446,16917,3127,30519,2256,1115,1141
45120,34968,4446,16918,3127,30522,2256,1115,1141
45125,34969,4447,16919,3128,30522,2256,1115,1141
45130,34974,4448,16920,3128,30526,2256,1115,1141
45135,34976,4448,16920,3128,30528,2257,1115,1142
45140,34984,4450,16923,3129,30534,2258,1116,1142
45145,34987,4450,16925,3129,30537,2258,1116,1142
45150,34992,4450,16929,3129,30542,2259,1117,1142
45155,34996,4450,16930,3129,30545,2259,1117,1142
45160,34999,4451,16931,3130,30548,2259,1117,1142
45165,35000,4451,16931,3130,30549,2259,1117,1142
45170,35005,4452,16934,3131,30553,2259,1117,1142
45175,35007,4452,16936,3131,30555,2260,1118,1142
45180,35015,4453,16939,3131,30561,2261,1118,1143
45185,35018,4454,16939,3132,30564,2261,1118,1143
45190,35023,4455,16943,3133,30568,2262,1119,1143
45195,35027,4455,16945,3133,30572,2262,1119,1143
45200,35030,4455,16946,3133,30575,2262,1119,1143
45205,35031,4455,16946,3133,30576,2262,1119,1143
45210,35036,4455,16950,3133,30581,2262,1119,1143
45215,35038,4455,16951,3133,30583,2263,1120,1143
45220,35046,4456,16953,3134,30590,2263,1120,1143
45225,35049,4456,16954,3134,30593,2263,1120,1143
45230,35054,4457,16955,3134,30597,2264,1120,1144
45235,35058,4457,16957,3134,30600,2264,1120,1144
45240,35061,4459,16959,3136,30602,2264,1120,1144
45245,35062,4459,16959,3136,30603,2264,1120,1144
45250,35067,4459,16962,3136,30608,2264,1120,1144
45255,35069,4459,16964,3136,30610,2265,1121,1144
45260,35077,4460,16972,3137,30617,2265,1121,1144
45265,35080,4460,16974,3137,30620,2265,1121,1144
45270,35085,4460,16977,3137,30625,2266,1122,1144
45275,35089,4460,16978,3137,30629,2266,1122,1144
45280,35092,4460,16978,3137,30632,2266,1122,1144
45285,35093,4460,16979,3137,30633,2266,1122,1144
45290,35098,4461,16983,3138,30637,2266,1122,1144
45295,35100,4461,16984,3138,30639,2267,1123,1144
45300,35108,4463,16987,3140,30645,2268,1123,1145
45305,35111,4463,16987,3140,30648,2268,1123,1145
45310,35116,4464,16989,3140,30652,2268,1123,1145
45315,35120,4464,16990,3140,30656,2268,1123,1145
45320,35123,4465,16991,3141,30658,2268,1123,1145
45325,35124,4465,16992,3141,30659,2268,1123,1145
45330,35129,4466,16994,3141,30663,2268,1123,1145
45335,35131,4466,16994,3141,30665,2269,1123,1146
45340,35139,4466,16998,3141,30673,2269,1123,1146
45345,35142,4466,17001,3141,30676,2269,1123,1146
45350,35147,4467,17003,3141,30680,2269,1123,1146
45355,35151,4467,17005,3141,30684,2269,1123,1146
45360,35154,4468,17006,3142,30686,2269,1123,1146
45365,35155,4468,17006,3142,30687,2269,1123,1146
45370,35160,4469,17011,3143,30691,2269,1123,1146
45375,35162,4469,17013,3143,30693,2270,1124,1146
45380,35170,4469,17017,3143,30701,2270,1124,1146
45385,35173,4469,17019,3143,30704,2270,1124,1146
45390,35178,4470,17021,3143,30708,2270,1124,1146
45395,35182,4470,17024,3143,30712,2270,1124,1146
45400,35185,4470,17025,3143,30715,2270,1124,1146
45405,35186,4471,17026,3144,30715,2270,1124,1146
45410,35191,4472,17027,3144,30719,2270,1124,1146
45415,35193,4472,17028,3144,30721,2271,1125,1146
45420,35201,4475,17035,3147,30725,2272,1126,1146
45425,35204,4477,17037,3149,30727,2272,1126,1146
45430,35209,4477,17038,3149,30732,2273,1126,1147
45435,35213,4477,17040,3149,30735,2273,1126,1147
45440,35216,4478,17040,3150,30738,2273,1126,1147
45445,35217,4479,17041,3151,30738,2273,1126,1147
45450,35222,4480,17042,3151,30742,2273,1126,1147
45455,35224,4480,17043,3151,30744,2274,1127,1147
45460,35232,4481,17047,3151,30751,2274,1127,1147
45465,35235,4481,17048,3151,30754,2274,1127,1147
45470,35240,4481,17051,3151,30759,2275,1127,1148
45475,35244,4481,17053,3151,30762,2275,1127,1148
45480,35247,4482,17055,3152,30765,2275,1127,1148
45485,35248,4482,17056,3152,30766,2275,1127,1148
45490,35253,4483,17060,3152,30770,2275,1127,1148
45495,35255,4483,17060,3152,30772,2276,1127,1149
45500,35263,4484,17062,3153,30779,2276,1127,1149
45505,35266,4484,17064,3153,30782,2276,1127,1149
45510,35271,4484,17068,3153,30787,2276,1127,1149
45515,35275,4484,17068,3153,30791,2276,1127,1149
45520,35278,4484,17069,3153,30794,2276,1127,1149
45525,35279,4484,17069,3153,30795,2276,1127,1149
45530,35284,4485,17070,3153,30799,2276,1127,1149
45535,35286,4485,17072,3153,30801,2277,1128,1149
45540,35294,4486,17076,3154,30808,2278,1129,1149
45545,35297,4486,17076,3154,30811,2278,1129,1149
45550,35302,4488,17078,3155,30814,2278,1129,1149
45555,35306,4488,17080,3155,30818,2278,1129,1149
45560,35309,4488,17082,3155,30821,2278,1129,1149
45565,35310,4488,17082,3155,30822,2278,1129,1149
45570,35315,4489,17085,3156,30826,2278,1129,1149
45575,35317,4489,17087,3156,30828,2279,1130,1149
45580,35325,4490,17091,3157,30835,2279,1130,1149
45585,35328,4490,17091,3157,30838,2279,1130,1149
45590,35333,4491,17093,3158,30842,2279,1130,1149
45595,35337,4491,17095,3158,30846,2279,1130,1149
45600,35340,4492,17097,3159,30848,2279,1130,1149
45605,35341,4493,17098,3160,30848,2279,1130,1149
45610,35346,4494,17098,3160,30852,2279,1130,1149
45615,35348,4494,17098,3160,30854,2280,1130,1150
45620,35356,4495,17099,3160,30861,2280,1130,1150
45625,35359,4495,17100,3160,30864,2280,1130,1150
45630,35364,4495,17104,3160,30869,2281,1131,1150
45635,35368,4495,17108,3160,30872,2281,1131,1150
45640,35371,4496,17110,3161,30875,2281,1131,1150
45645,35372,4497,17111,3162,30875,2281,1131,1150
45650,35377,4498,17113,3162,30879,2281,1131,1150
45655,35379,4498,17114,3162,30881,2282,1131,1151
45660,35387,4500,17117,3163,30887,2283,1131,1152
45665,35390,4501,17118,3164,30889,2283,1131,1152
45670,35395,4502,17122,3164,30893,2283,1131,1152
45675,35399,4502,17124,3164,30897,2283,1131,1152
45680,35402,4503,17126,3165,30899,2283,1131,1152
45685,35403,4503,17127,3165,30900,2283,1131,1152
45690,35408,4503,17130,3165,30905,2283,1131,1152
45695,35410,4503,17131,3165,30907,2284,1132,1152
45700,35418,4504,17134,3165,30914,2284,1132,1152
45705,35421,4505,17137,3166,30916,2284,1132,1152
45710,35426,4506,17139,3166,30920,2284,1132,1152
45715,35430,4506,17140,3166,30924,2284,1132,1152
45720,35433,4507,17141,3167,30926,2284,1132,1152
45725,35434,4507,17141,3167,30927,2284,1132,1152
45730,35439,4507,17144,3167,30932,2284,1132,1152
45735,35441,4507,17145,3167,30934,2285,1133,1152
45740,35449,4508,17148,3167,30941,2285,1133,1152
45745,35452,4508,17148,3167,30944,2285,1133,1152
45750,35457,4509,17152,3168,30948,2285,1133,1152
45755,35461,4509,17153,3168,30952,2285,1133,1152
45760,35464,4509,17154,3168,30955,2285,1133,1152
45765,35465,4509,17154,3168,30956,2285,1133,1152
45770,35470,4510,17157,3169,30960,2285,1133,1152
45775,35472,4510,17159,3169,30962,2286,1134,1152
45780,35480,4512,17164,3171,30968,2287,1135,1152
45785,35483,4512,17165,3171,30971,2287,1135,1152
45790,35488,4513,17167,3172,30975,2288,1135,1153
45795,35492,4513,17168,3172,30979,2288,1135,1153
45800,35495,4513,17169,3172,30982,2288,1135,1153
45805,35496,4514,17170,3173,30982,2288,1135,1153
45810,35501,4515,17175,3174,30986,2288,1135,1153
45815,35503,4515,17177,3174,30988,2289,1136,1153
45820,35511,4515,17182,3174,30996,2289,1136,1153
45825,35514,4515,17183,3174,30999,2289,1136,1153
45830,35519,4516,17185,3174,31003,2290,1137,1153
45835,35523,4516,17187,3174,31006,2290,1137,1153
45840,35526,4517,17187,3175,31009,2290,1137,1153
45845,35527,4517,17187,3175,31010,2290,1137,1153
45850,35532,4518,17191,3176,31014,2290,1137,1153
45855,35534,4518,17192,3176,31016,2291,1138,1153
45860,35542,4518,17195,3176,31024,2291,1138,1153
45865,35545,4518,17196,3176,31027,2291,1138,1153
45870,35550,4519,17199,3176,31031,2292,1139,1153
45875,35554,4519,17201,3176,31035,2292,1139,1153
45880,35557,4520,17202,3177,31037,2292,1139,1153
45885,35558,4520,17202,3177,31038,2292,1139,1153
45890,35563,4521,17206,3178,31042,2292,1139,1153
45895,35565,4521,17207,3178,31044,2293,1140,1153
45900,35573,4523,17211,3179,31049,2294,1140,1154
45905,35576,4524,17211,3180,31052,2294,1140,1154
45910,35581,4524,17213,3180,31057,2295,1140,1155
45915,35585,4524,17216,3180,31061,2295,1140,1155
45920,35588,4524,17217,3180,31064,2295,1140,1155
45925,35589,4524,17217,3180,31065,2295,1140,1155
45930,35594,4524,17221,3180,31070,2295,1140,1155
45935,35596,4524,17223,3180,31072,2296,1141,1155
45940,35604,4525,17227,3181,31079,2296,1141,1155
45945,35607,4525,17229,3181,31082,2296,1141,1155
45950,35612,4525,17230,3181,31087,2296,1141,1155
45955,35616,4525,17233,3181,31091,2296,1141,1155
45960,35619,4525,17235,3181,31094,2296,1141,1155
45965,35620,4525,17236,3181,31095,2296,1141,1155
45970,35625,4525,17238,3181,31100,2296,1141,1155
45975,35627,4525,17238,3181,31102,2297,1141,1156
45980,35635,4526,17240,3181,31109,2297,1141,1156
45985,35638,4526,17242,3181,31112,2297,1141,1156
45990,35643,4526,17244,3181,31117,2297,1141,1156
45995,35647,4526,17246,3181,31121,2297,1141,1156
46000,35650,4526,17247,3181,31124,2297,1141,1156
46005,35651,4526,17247,3181,31125,2297,1141,1156
46010,35656,4527,17249,3181,31129,2297,1141,1156
46015,35658,4527,17250,3181,31131,2298,1141,1157
46020,35666,4530,17256,3184,31136,2299,1141,1158
46025,35669,4530,17257,3184,31139,2299,1141,1158
46030,35674,4531,17259,3184,31143,2300,1142,1158
46035,35678,4531,17262,3184,31147,2300,1142,1158
46040,35681,4531,17262,3184,31150,2300,1142,1158
46045,35682,4531,17262,3184,31151,2300,1142,1158
46050,35687,4532,17264,3184,31155,2300,1142,1158
46055,35689,4532,17264,3184,31157,2301,1142,1159
46060,35697,4534,17270,3186,31163,2302,1143,1159
46065,35700,4534,17270,3186,31166,2302,1143,1159
46070,35705,4535,17271,3186,31170,2303,1143,1160
46075,35709,4535,17274,3186,31174,2303,1143,1160
46080,35712,4535,17274,3186,31177,2303,1143,1160
46085,35713,4536,17275,3187,31177,2303,1143,1160
46090,35718,4537,17278,3188,31181,2303,1143,1160
46095,35720,4537,17278,3188,31183,2304,1143,1161
46100,35728,4537,17282,3188,31191,2305,1144,1161
46105,35731,4537,17283,3188,31194,2305,1144,1161
46110,35736,4538,17286,3189,31198,2306,1144,1162
46115,35740,4538,17288,3189,31202,2306,1144,1162
46120,35743,4539,17291,3190,31204,2306,1144,1162
46125,35744,4540,17292,3191,31204,2306,1144,1162
46130,35749,4541,17296,3191,31208,2306,1144,1162
46135,35751,4541,17296,3191,31210,2307,1144,1163
46140,35759,4543,17301,3193,31216,2308,1145,1163
46145,35762,4543,17302,3193,31219,2308,1145,1163
46150,35767,4544,17303,3194,31223,2309,1145,1164
46155,35771,4544,17304,3194,31227,2309,1145,1164
46160,35774,4545,17305,3195,31229,2309,1145,1164
46165,35775,4545,17306,3195,31230,2309,1145,1164
46170,35780,4545,17311,3195,31235,2309,1145,1164
46175,35782,4545,17312,3195,31237,2310,1146,1164
46180,35790,4546,17317,3195,31244,2310,1146,1164
46185,35793,4546,17319,3195,31247,2310,1146,1164
46190,35798,4547,17323,3196,31251,2311,1147,1164
46195,35802,4547,17326,3196,31255,2311,1147,1164
46200,35805,4547,17326,3196,31258,2311,1147,1164
46205,35806,4547,17326,3196,31259,2311,1147,1164
46210,35811,4547,17326,3196,31264,2311,1147,1164
46215,35813,4547,17327,3196,31266,2312,1148,1164
46220,35821,4548,17330,3196,31273,2312,1148,1164
46225,35824,4549,17331,3197,31275,2312,1148,1164
46230,35829,4550,17335,3198,31279,2313,1149,1164
46235,35833,4550,17336,3198,31283,2313,1149,1164
46240,35836,4551,17339,3199,31285,2313,1149,1164
46245,35837,4551,17339,3199,31286,2313,1149,1164
46250,35842,4552,17341,3199,31290,2313,1149,1164
46255,35844,4552,17341,3199,31292,2314,1149,1165
46260,35852,4554,17346,3200,31297,2315,1150,1165
46265,35855,4555,17347,3201,31300,2315,1150,1165
46270,35860,4555,17350,3201,31305,2315,1150,1165
46275,35864,4555,17352,3201,31309,2315,1150,1165
46280,35867,4555,17354,3201,31312,2315,1150,1165
46285,35868,4555,17355,3201,31313,2315,1150,1165
46290,35873,4555,17358,3201,31318,2315,1150,1165
46295,35875,4555,17360,3201,31320,2316,1151,1165
46300,35883,4556,17363,3201,31327,2316,1151,1165
46305,35886,4556,17365,3201,31330,2316,1151,1165
46310,35891,4556,17369,3201,31335,2316,1151,1165
46315,35895,4556,17370,3201,31339,2316,1151,1165
46320,35898,4556,17372,3201,31342,2316,1151,1165
46325,35899,4556,17373,3201,31343,2316,1151,1165
46330,35904,4557,17376,3202,31347,2316,1151,1165
46335,35906,4557,17376,3202,31349,2317,1151,1166
46340,35914,4558,17380,3202,31356,2317,1151,1166
46345,35917,4559,17381,3203,31358,2317,1151,1166
46350,35922,4559,17382,3203,31363,2317,1151,1166
46355,35926,4559,17383,3203,31367,2317,1151,1166
46360,35929,4559,17384,3203,31370,2317,1151,1166
46365,35930,4559,17385,3203,31371,2317,1151,1166
46370,35935,4560,17388,3204,31375,2317,1151,1166
46375,35937,4560,17390,3204,31377,2318,1152,1166
46380,35945,4562,17395,3205,31382,2319,1153,1166
46385,35948,4563,17395,3206,31385,2319,1153,1166
46390,35953,4564,17400,3207,31389,2319,1153,1166
46395,35957,4564,17401,3207,31393,2319,1153,1166
46400,35960,4565,17404,3208,31395,2319,1153,1166
46405,35961,4566,17405,3209,31395,2319,1153,1166
46410,35966,4567,17408,3210,31399,2319,1153,1166
46415,35968,4567,17409,3210,31401,2320,1154,1166
46420,35976,4568,17413,3211,31408,2320,1154,1166
46425,35979,4568,17416,3211,31411,2320,1154,1166
46430,35984,4569,17417,3211,31415,2320,1154,1166
46435,35988,4569,17420,3211,31419,2320,1154,1166
46440,35991,4569,17421,3211,31422,2320,1154,1166
46445,35992,4570,17422,3212,31422,2320,1154,1166
46450,35997,4571,17425,3212,31426,2320,1154,1166
46455,35999,4571,17426,3212,31428,2321,1154,1167
46460,36007,4572,17430,3213,31435,2321,1154,1167
46465,36010,4572,17432,3213,31438,2321,1154,1167
46470,36015,4573,17434,3213,31442,2321,1154,1167
46475,36019,4573,17435,3213,31446,2321,1154,1167
46480,36022,4574,17436,3214,31448,2321,1154,1167
46485,36023,4574,17436,3214,31449,2321,1154,1167
46490,36028,4575,17440,3215,31453,2321,1154,1167
46495,36030,4575,17440,3215,31455,2322,1154,1168
46500,36038,4577,17444,3216,31460,2323,1155,1168
46505,36041,4579,17446,3218,31462,2323,1155,1168
46510,36046,4580,17448,3218,31466,2324,1155,1169
46515,36050,4580,17450,3218,31470,2324,1155,1169
46520,36053,4580,17452,3218,31473,2324,1155,1169
46525,36054,4580,17452,3218,31474,2324,1155,1169
46530,36059,4580,17456,3218,31479,2324,1155,1169
46535,36061,4580,17456,3218,31481,2325,1155,1170
46540,36069,4581,17460,3219,31488,2325,1155,1170
46545,36072,4582,17463,3220,31490,2325,1155,1170
46550,36077,4583,17465,3221,31494,2326,1155,1171
46555,36081,4583,17467,3221,31498,2326,1155,1171
46560,36084,4584,17470,3222,31500,2326,1155,1171
46565,36085,4584,17471,3222,31501,2326,1155,1171
46570,36090,4585,17473,3222,31505,2326,1155,1171
46575,36092,4585,17475,3222,31507,2327,1156,1171
46580,36100,4586,17479,3223,31514,2327,1156,1171
46585,36103,4586,17480,3223,31517,2327,1156,1171
46590,36108,4587,17484,3224,31521,2328,1157,1171
46595,36112,4587,17487,3224,31525,2328,1157,1171
46600,36115,4588,17488,3225,31527,2328,1157,1171
46605,36116,4588,17488,3225,31528,2328,1157,1171
46610,36121,4589,17491,3226,31532,2328,1157,1171
46615,36123,4589,17493,3226,31534,2329,1158,1171
46620,36131,4592,17496,3228,31538,2330,1158,1172
46625,36134,4594,17498,3230,31540,2330,1158,1172
46630,36139,4594,17501,3230,31545,2331,1159,1172
46635,36143,4594,17504,3230,31549,2331,1159,1172
46640,36146,4594,17506,3230,31552,2331,1159,1172
46645,36147,4594,17506,3230,31553,2331,1159,1172
46650,36152,4594,17509,3230,31558,2331,1159,1172
46655,36154,4594,17511,3230,31560,2332,1160,1172
46660,36162,4595,17514,3230,31567,2332,1160,1172
46665,36165,4596,17515,3231,31569,2332,1160,1172
46670,36170,4596,17516,3231,31574,2332,1160,1172
46675,36174,4596,17517,3231,31578,2332,1160,1172
46680,36177,4596,17517,3231,31581,2332,1160,1172
46685,36178,4596,17517,3231,31582,2332,1160,1172
46690,36183,4597,17518,3231,31586,2332,1160,1172
46695,36185,4597,17520,3231,31588,2333,1161,1172
46700,36193,4598,17523,3231,31595,2333,1161,1172
46705,36196,4599,17526,3232,31597,2333,1161,1172
46710,36201,4599,17527,3232,31602,2333,1161,1172
46715,36205,4599,17529,3232,31605,2333,1161,1172
46720,36208,4600,17531,3233,31608,2333,1161,1172
46725,36209,4600,17532,3233,31609,2333,1161,1172
46730,36214,4601,17535,3234,31613,2333,1161,1172
46735,36216,4601,17536,3234,31615,2334,1161,1173
46740,36224,4604,17541,3236,31620,2335,1162,1173
46745,36227,4604,17542,3236,31623,2335,1162,1173
46750,36232,4605,17545,3237,31627,2336,1162,1174
46755,36236,4605,17548,3237,31631,2336,1162,1174
46760,36239,4605,17549,3237,31634,2336,1162,1174
46765,36240,4605,17550,3237,31635,2336,1162,1174
46770,36245,4606,17552,3238,31639,2336,1162,1174
46775,36247,4606,17553,3238,31641,2337,1162,1175
46780,36255,4606,17557,3238,31649,2337,1162,1175
46785,36258,4606,17558,3238,31652,2337,1162,1175
46790,36263,4607,17561,3238,31656,2338,1163,1175
46795,36267,4607,17565,3238,31660,2338,1163,1175
46800,36270,4608,17566,3239,31662,2338,1163,1175
46805,36271,4609,17567,3240,31662,2338,1163,1175
46810,36276,4610,17570,3240,31666,2338,1163,1175
46815,36278,4610,17572,3240,31668,2339,1164,1175
46820,36286,4610,17577,3240,31676,2339,1164,1175
46825,36289,4610,17579,3240,31679,2339,1164,1175
46830,36294,4611,17581,3240,31683,2340,1165,1175
46835,36298,4611,17582,3240,31687,2340,1165,1175
46840,36301,4611,17583,3240,31690,2340,1165,1175
46845,36302,4612,17584,3241,31690,2340,1165,1175
46850,36307,4613,17589,3242,31694,2340,1165,1175
46855,36309,4613,17589,3242,31696,2341,1165,1176
46860,36317,4614,17590,3242,31703,2342,1166,1176
46865,36320,4614,17592,3242,31706,2342,1166,1176
46870,36325,4615,17593,3243,31710,2343,1166,1177
46875,36329,4615,17596,3243,31713,2343,1166,1177
46880,36332,4616,17597,3244,31716,2343,1166,1177
46885,36333,4616,17598,3244,31717,2343,1166,1177
46890,36338,4616,17600,3244,31722,2343,1166,1177
46895,36340,4616,17600,3244,31724,2344,1166,1178
46900,36348,4617,17602,3244,31731,2344,1166,1178
46905,36351,4618,17604,3245,31733,2344,1166,1178
46910,36356,4619,17606,3246,31737,2345,1166,1179
46915,36360,4619,17608,3246,31741,2345,1166,1179
46920,36363,4619,17609,3246,31744,2345,1166,1179
46925,36364,4619,17609,3246,31745,2345,1166,1179
46930,36369,4619,17613,3246,31750,2345,1166,1179
46935,36371,4619,17614,3246,31752,2346,1166,1180
46940,36379,4620,17618,3246,31759,2346,1166,1180
46945,36382,4621,17620,3247,31761,2346,1166,1180
46950,36387,4622,17624,3247,31765,2347,1167,1180
46955,36391,4622,17627,3247,31768,2347,1167,1180
46960,36394,4623,17628,3248,31771,2347,1167,1180
46965,36395,4623,17628,3248,31772,2347,1167,1180
46970,36400,4624,17629,3248,31776,2347,1167,1180
46975,36402,4624,17629,3248,31778,2348,1167,1181
46980,36410,4626,17634,3250,31784,2349,1167,1182
46985,36413,4626,17635,3250,31787,2349,1167,1182
46990,36418,4626,17639,3250,31792,2350,1168,1182
46995,36422,4626,17641,3250,31796,2350,1168,1182
47000,36425,4626,17642,3250,31799,2350,1168,1182
47005,36426,4627,17643,3251,31799,2350,1168,1182
47010,36431,4628,17646,3252,31803,2350,1168,1182
47015,36433,4628,17647,3252,31805,2351,1168,1183
47020,36441,4628,17650,3252,31813,2351,1168,1183
47025,36444,4628,17651,3252,31816,2351,1168,1183
47030,36449,4628,17651,3252,31821,2352,1168,1184
47035,36453,4628,17652,3252,31825,2352,1168,1184
47040,36456,4628,17653,3252,31828,2352,1168,1184
47045,36457,4628,17653,3252,31829,2352,1168,1184
47050,36462,4629,17655,3252,31833,2352,1168,1184
47055,36464,4629,17657,3252,31835,2353,1169,1184
47060,36472,4629,17660,3252,31843,2353,1169,1184
47065,36475,4629,17662,3252,31846,2353,1169,1184
47070,36480,4629,17663,3252,31851,2353,1169,1184
47075,36484,4629,17665,3252,31855,2353,1169,1184
47080,36487,4629,17666,3252,31858,2353,1169,1184
47085,36488,4629,17667,3252,31859,2353,1169,1184
47090,36493,4630,17670,3253,31863,2353,1169,1184
47095,36495,4630,17671,3253,31865,2354,1170,1184
47100,36503,4633,17674,3255,31870,2355,1171,1184
47105,36506,4633,17676,3255,31873,2355,1171,1184
47110,36511,4634,17678,3255,31877,2355,1171,1184
47115,36515,4634,17680,3255,31880,2355,1171,1184
47120,36518,4636,17683,3257,31882,2355,1171,1184
47125,36519,4636,17684,3257,31883,2355,1171,1184
47130,36524,4637,17686,3257,31887,2355,1171,1184
47135,36526,4637,17686,3257,31889,2356,1171,1185
47140,36534,4637,17691,3257,31897,2356,1171,1185
47145,36537,4637,17693,3257,31900,2356,1171,1185
47150,36542,4638,17695,3258,31904,2356,1171,1185
47155,36546,4638,17696,3258,31907,2356,1171,1185
47160,36549,4639,17697,3259,31910,2356,1171,1185
47165,36550,4639,17697,3259,31911,2356,1171,1185
47170,36555,4640,17699,3260,31915,2356,1171,1185
47175,36557,4640,17700,3260,31917,2357,1172,1185
47180,36565,4640,17704,3260,31925,2357,1172,1185
47185,36568,4640,17704,3260,31928,2357,1172,1185
47190,36573,4641,17707,3261,31932,2357,1172,1185
47195,36577,4641,17707,3261,31936,2357,1172,1185
47200,36580,4642,17709,3262,31938,2357,1172,1185
47205,36581,4643,17710,3263,31938,2357,1172,1185
47210,36586,4644,17712,3263,31942,2357,1172,1185
47215,36588,4644,17713,3263,31944,2358,1172,1186
47220,36596,4646,17717,3264,31950,2359,1173,1186
47225,36599,4647,17719,3265,31952,2359,1173,1186
47230,36604,4648,17722,3266,31956,2360,1173,1187
47235,36608,4648,17723,3266,31960,2360,1173,1187
47240,36611,4649,17725,3267,31962,2360,1173,1187
47245,36612,4650,17726,3268,31962,2360,1173,1187
47250,36617,4651,17727,3268,31966,2360,1173,1187
47255,36619,4651,17727,3268,31968,2361,1173,1188
47260,36627,4651,17730,3268,31976,2361,1173,1188
47265,36630,4651,17731,3268,31979,2361,1173,1188
47270,36635,4652,17732,3268,31983,2362,1173,1189
47275,36639,4652,17733,3268,31987,2362,1173,1189
47280,36642,4652,17734,3268,31990,2362,1173,1189
47285,36643,4653,17735,3269,31990,2362,1173,1189
47290,36648,4654,17738,3269,31994,2362,1173,1189
47295,36650,4654,17739,3269,31996,2363,1173,1190
47300,36658,4656,17743,3271,32001,2363,1173,1190
47305,36661,4657,17744,3272,32004,2363,1173,1190
47310,36666,4658,17748,3273,32008,2364,1173,1191
47315,36670,4658,17748,3273,32012,2364,1173,1191
47320,36673,4658,17749,3273,32015,2364,1173,1191
47325,36674,4659,17750,3274,32015,2364,1173,1191
47330,36679,4660,17751,3275,32019,2364,1173,1191
47335,36681,4660,17753,3275,32021,2365,1174,1191
47340,36689,4661,17758,3275,32027,2366,1175,1191
47345,36692,4662,17758,3276,32030,2366,1175,1191
47350,36697,4662,17762,3276,32035,2367,1175,1192
47355,36701,4662,17765,3276,32039,2367,1175,1192
47360,36704,4662,17766,3276,32042,2367,1175,1192
47365,36705,4662,17766,3276,32043,2367,1175,1192
47370,36710,4662,17768,3276,32048,2367,1175,1192
47375,36712,4662,17768,3276,32050,2368,1175,1193
47380,36720,4662,17771,3276,32058,2369,1175,1194
47385,36723,4662,17771,3276,32061,2369,1175,1194
47390,36728,4663,17773,3276,32065,2370,1175,1195
47395,36732,4663,17776,3276,32068,2370,1175,1195
47400,36735,4665,17778,3278,32070,2370,1175,1195
47405,36736,4665,17778,3278,32071,2370,1175,1195
47410,36741,4665,17780,3278,32076,2370,1175,1195
47415,36743,4665,17782,3278,32078,2371,1176,1195
47420,36751,4665,17786,3278,32086,2371,1176,1195
47425,36754,4665,17787,3278,32089,2371,1176,1195
47430,36759,4666,17789,3278,32093,2372,1176,1196
47435,36763,4666,17791,3278,32096,2372,1176,1196
47440,36766,4667,17793,3279,32099,2372,1176,1196
47445,36767,4667,17793,3279,32100,2372,1176,1196
47450,36772,4668,17795,3279,32104,2372,1176,1196
47455,36774,4668,17796,3279,32106,2373,1176,1197
47460,36782,4668,17799,3279,32114,2373,1176,1197
47465,36785,4668,17802,3279,32117,2373,1176,1197
47470,36790,4669,17806,3279,32121,2373,1176,1197
47475,36794,4669,17809,3279,32125,2373,1176,1197
47480,36797,4670,17810,3280,32127,2373,1176,1197
47485,36798,4670,17810,3280,32128,2373,1176,1197
47490,36803,4671,17814,3281,32132,2373,1176,1197
47495,36805,4671,17814,3281,32134,2374,1176,1198
47500,36813,4672,17817,3282,32141,2375,1176,1199
47505,36816,4672,17819,3282,32144,2375,1176,1199
47510,36821,4673,17822,3282,32148,2375,1176,1199
47515,36825,4673,17823,3282,32152,2375,1176,1199
47520,36828,4674,17824,3283,32154,2375,1176,1199
47525,36829,4674,17824,3283,32155,2375,1176,1199
47530,36834,4675,17826,3283,32159,2375,1176,1199
47535,36836,4675,17826,3283,32161,2376,1176,1200
47540,36844,4676,17829,3283,32168,2376,1176,1200
47545,36847,4676,17830,3283,32171,2376,1176,1200
47550,36852,4676,17832,3283,32176,2376,1176,1200
47555,36856,4676,17835,3283,32180,2376,1176,1200
47560,36859,4676,17838,3283,32183,2376,1176,1200
47565,36860,4676,17838,3283,32184,2376,1176,1200
47570,36865,4677,17839,3284,32188,2376,1176,1200
47575,36867,4677,17840,3284,32190,2377,1177,1200
47580,36875,4678,17844,3284,32197,2377,1177,1200
47585,36878,4678,17845,3284,32200,2377,1177,1200
47590,36883,4678,17848,3284,32205,2378,1177,1201
47595,36887,4678,17849,3284,32209,2378,1177,1201
47600,36890,4678,17849,3284,32212,2378,1177,1201
47605,36891,4679,17850,3285,32212,2378,1177,1201
47610,36896,4680,17853,3285,32216,2378,1177,1201
47615,36898,4680,17854,3285,32218,2379,1178,1201
47620,36906,4681,17859,3286,32225,2379,1178,1201
47625,36909,4681,17859,3286,32228,2379,1178,1201
47630,36914,4682,17863,3287,32232,2380,1179,1201
47635,36918,4682,17864,3287,32236,2380,1179,1201
47640,36921,4683,17866,3288,32238,2380,1179,1201
47645,36922,4683,17866,3288,32239,2380,1179,1201
47650,36927,4684,17869,3288,32243,2380,1179,1201
47655,36929,4684,17869,3288,32245,2381,1179,1202
47660,36937,4685,17871,3288,32252,2381,1179,1202
47665,36940,4685,17871,3288,32255,2381,1179,1202
47670,36945,4686,17874,3289,32259,2381,1179,1202
47675,36949,4686,17875,3289,32263,2381,1179,1202
47680,36952,4687,17877,3290,32265,2381,1179,1202
47685,36953,4687,17878,3290,32266,2381,1179,1202
47690,36958,4688,17880,3290,32270,2381,1179,1202
47695,36960,4688,17882,3290,32272,2382,1180,1202
47700,36968,4689,17885,3291,32279,2382,1180,1202
47705,36971,4689,17887,3291,32282,2382,1180,1202
47710,36976,4690,17889,3291,32286,2382,1180,1202
47715,36980,4690,17889,3291,32290,2382,1180,1202
47720,36983,4691,17890,3292,32292,2382,1180,1202
47725,36984,4691,17891,3292,32293,2382,1180,1202
47730,36989,4692,17893,3292,32297,2382,1180,1202
47735,36991,4692,17894,3292,32299,2383,1180,1203
47740,36999,4693,17897,3293,32306,2383,1180,1203
47745,37002,4693,17898,3293,32309,2383,1180,1203
47750,37007,4694,17902,3294,32313,2383,1180,1203
47755,37011,4694,17904,3294,32317,2383,1180,1203
47760,37014,4694,17905,3294,32320,2383,1180,1203
47765,37015,4694,17905,3294,32321,2383,1180,1203
47770,37020,4694,17908,3294,32326,2383,1180,1203
47775,37022,4694,17908,3294,32328,2384,1180,1204
47780,37030,4696,17914,3296,32333,2384,1180,1204
47785,37033,4697,17917,3297,32336,2384,1180,1204
47790,37038,4697,17919,3297,32341,2384,1180,1204
47795,37042,4697,17920,3297,32345,2384,1180,1204
47800,37045,4697,17920,3297,32348,2384,1180,1204
47805,37046,4697,17920,3297,32349,2384,1180,1204
47810,37051,4697,17923,3297,32354,2384,1180,1204
47815,37053,4697,17925,3297,32356,2385,1181,1204
47820,37061,4698,17930,3298,32363,2385,1181,1204
47825,37064,4699,17933,3299,32365,2385,1181,1204
47830,37069,4699,17935,3299,32370,2386,1182,1204
47835,37073,4699,17938,3299,32374,2386,1182,1204
47840,37076,4699,17941,3299,32377,2386,1182,1204
47845,37077,4699,17941,3299,32378,2386,1182,1204
47850,37082,4699,17942,3299,32383,2386,1182,1204
47855,37084,4699,17944,3299,32385,2387,1183,1204
47860,37092,4700,17947,3299,32392,2387,1183,1204
47865,37095,4700,17948,3299,32395,2387,1183,1204
47870,37100,4700,17951,3299,32400,2387,1183,1204
47875,37104,4700,17952,3299,32404,2387,1183,1204
47880,37107,4700,17954,3299,32407,2387,1183,1204
47885,37108,4700,17955,3299,32408,2387,1183,1204
47890,37113,4701,17956,3299,32412,2387,1183,1204
47895,37115,4701,17958,3299,32414,2388,1184,1204
47900,37123,4702,17962,3300,32421,2388,1184,1204
47905,37126,4702,17962,3300,32424,2388,1184,1204
47910,37131,4703,17963,3301,32428,2388,1184,1204
47915,37135,4703,17964,3301,32432,2388,1184,1204
47920,37138,4704,17967,3302,32434,2388,1184,1204
47925,37139,4704,17967,3302,32435,2388,1184,1204
47930,37144,4705,17969,3303,32439,2388,1184,1204
47935,37146,4705,17970,3303,32441,2389,1184,1205
47940,37154,4706,17976,3304,32448,2389,1184,1205
47945,37157,4706,17977,3304,32451,2389,1184,1205
47950,37162,4707,17979,3305,32455,2390,1184,1206
47955,37166,4707,17980,3305,32459,2390,1184,1206
47960,37169,4707,17981,3305,32462,2390,1184,1206
47965,37170,4707,17981,3305,32463,2390,1184,1206
47970,37175,4708,17983,3305,32467,2390,1184,1206
47975,37177,4708,17983,3305,32469,2391,1184,1207
47980,37185,4709,17986,3305,32476,2391,1184,1207
47985,37188,4710,17988,3306,32478,2391,1184,1207
47990,37193,4711,17989,3306,32482,2392,1184,1208
47995,37197,4711,17990,3306,32486,2392,1184,1208
48000,37200,4712,17992,3307,32488,2392,1184,1208
48005,37201,4712,17992,3307,32489,2392,1184,1208
48010,37206,4713,17993,3307,32493,2392,1184,1208
48015,37208,4713,17993,3307,32495,2393,1184,1209
48020,37216,4714,17996,3307,32502,2393,1184,1209
48025,37219,4714,17996,3307,32505,2393,1184,1209
48030,37224,4715,17999,3308,32509,2394,1185,1209
48035,37228,4715,18000,3308,32513,2394,1185,1209
48040,37231,4716,18002,3309,32515,2394,1185,1209
48045,37232,4717,18003,3310,32515,2394,1185,1209
48050,37237,4718,18006,3310,32519,2394,1185,1209
48055,37239,4718,18006,3310,32521,2395,1185,1210
48060,37247,4719,18011,3311,32528,2395,1185,1210
48065,37250,4719,18012,3311,32531,2395,1185,1210
48070,37255,4720,18013,3311,32535,2395,1185,1210
48075,37259,4720,18016,3311,32539,2395,1185,1210
48080,37262,4720,18016,3311,32542,2395,1185,1210
48085,37263,4721,18017,3312,32542,2395,1185,1210
48090,37268,4722,18020,3313,32546,2395,1185,1210
48095,37270,4722,18022,3313,32548,2396,1186,1210
48100,37278,4723,18025,3313,32555,2396,1186,1210
48105,37281,4724,18027,3314,32557,2396,1186,1210
48110,37286,4725,18031,3315,32561,2396,1186,1210
48115,37290,4725,18032,3315,32565,2396,1186,1210
48120,37293,4726,18034,3316,32567,2396,1186,1210
48125,37294,4727,18035,3317,32567,2396,1186,1210
48130,37299,4727,18038,3317,32572,2396,1186,1210
48135,37301,4727,18039,3317,32574,2397,1186,1211
48140,37309,4728,18045,3317,32581,2397,1186,1211
48145,37312,4728,18046,3317,32584,2397,1186,1211
48150,37317,4729,18049,3318,32588,2397,1186,1211
48155,37321,4729,18051,3318,32592,2397,1186,1211
48160,37324,4729,18054,3318,32595,2397,1186,1211
48165,37325,4729,18054,3318,32596,2397,1186,1211
48170,37330,4729,18055,3318,32601,2397,1186,1211
48175,37332,4729,18056,3318,32603,2398,1187,1211
48180,37340,4731,18061,3319,32608,2398,1187,1211
48185,37343,4732,18064,3320,32611,2398,1187,1211
48190,37348,4733,18067,3320,32615,2399,1188,1211
48195,37352,4733,18070,3320,32618,2399,1188,1211
48200,37355,4734,18072,3321,32621,2399,1188,1211
48205,37356,4734,18072,3321,32622,2399,1188,1211
48210,37361,4734,18075,3321,32627,2399,1188,1211
48215,37363,4734,18077,3321,32629,2400,1189,1211
48220,37371,4734,18081,3321,32637,2400,1189,1211
48225,37374,4734,18083,3321,32640,2400,1189,1211
48230,37379,4735,18086,3321,32644,2401,1190,1211
48235,37383,4735,18089,3321,32647,2401,1190,1211
48240,37386,4737,18091,3323,32649,2401,1190,1211
48245,37387,4737,18091,3323,32650,2401,1190,1211
48250,37392,4738,18092,3323,32654,2401,1190,1211
48255,37394,4738,18093,3323,32656,2402,1191,1211
48260,37402,4738,18099,3323,32664,2402,1191,1211
48265,37405,4738,18100,3323,32667,2402,1191,1211
48270,37410,4738,18102,3323,32672,2403,1191,1212
48275,37414,4738,18105,3323,32676,2403,1191,1212
48280,37417,4738,18106,3323,32679,2403,1191,1212
48285,37418,4738,18106,3323,32680,2403,1191,1212
48290,37423,4739,18108,3323,32684,2403,1191,1212
48295,37425,4739,18109,3323,32686,2404,1191,1213
48300,37433,4739,18114,3323,32694,2404,1191,1213
48305,37436,4739,18116,3323,32697,2404,1191,1213
48310,37441,4739,18118,3323,32702,2405,1191,1214
48315,37445,4739,18120,3323,32706,2405,1191,1214
48320,37448,4739,18121,3323,32709,2405,1191,1214
48325,37449,4739,18121,3323,32710,2405,1191,1214
48330,37454,4740,18125,3324,32714,2405,1191,1214
48335,37456,4740,18126,3324,32716,2406,1191,1215
48340,37464,4740,18129,3324,32724,2406,1191,1215
48345,37467,4740,18129,3324,32727,2406,1191,1215
48350,37472,4741,18131,3325,32731,2407,1192,1215
48355,37476,4741,18132,3325,32735,2407,1192,1215
48360,37479,4741,18133,3325,32738,2407,1192,1215
48365,37480,4741,18133,3325,32739,2407,1192,1215
48370,37485,4742,18135,3325,32743,2407,1192,1215
48375,37487,4742,18135,3325,32745,2408,1192,1216
48380,37495,4743,18137,3326,32752,2408,1192,1216
48385,37498,4743,18138,3326,32755,2408,1192,1216
48390,37503,4744,18139,3326,32759,2409,1192,1217
48395,37507,4744,18139,3326,32763,2409,1192,1217
48400,37510,4745,18140,3327,32765,2409,1192,1217
48405,37511,4745,18140,3327,32766,2409,1192,1217
48410,37516,4746,18142,3328,32770,2409,1192,1217
48415,37518,4746,18143,3328,32772,2410,1192,1218
48420,37526,4747,18147,3328,32779,2410,1192,1218
48425,37529,4747,18147,3328,32782,2410,1192,1218
48430,37534,4748,18151,3329,32786,2410,1192,1218
48435,37538,4748,18153,3329,32790,2410,1192,1218
48440,37541,4748,18155,3329,32793,2410,1192,1218
48445,37542,4748,18155,3329,32794,2410,1192,1218
48450,37547,4749,18159,3330,32798,2410,1192,1218
48455,37549,4749,18160,3330,32800,2411,1193,1218
48460,37557,4750,18165,3331,32807,2411,1193,1218
48465,37560,4750,18168,3331,32810,2411,1193,1218
48470,37565,4751,18170,3331,32814,2411,1193,1218
48475,37569,4751,18170,3331,32818,2411,1193,1218
48480,37572,4752,18172,3332,32820,2411,1193,1218
48485,37573,4753,18173,3333,32820,2411,1193,1218
48490,37578,4754,18176,3333,32824,2411,1193,1218
48495,37580,4754,18178,3333,32826,2412,1194,1218
48500,37588,4756,18182,3335,32832,2412,1194,1218
48505,37591,4757,18185,3336,32834,2412,1194,1218
48510,37596,4757,18188,3336,32839,2412,1194,1218
48515,37600,4757,18189,3336,32843,2412,1194,1218
48520,37603,4757,18190,3336,32846,2412,1194,1218
48525,37604,4758,18191,3337,32846,2412,1194,1218
48530,37609,4759,18194,3337,32850,2412,1194,1218
48535,37611,4759,18194,3337,32852,2413,1194,1219
48540,37619,4761,18197,3338,32858,2413,1194,1219
48545,37622,4762,18199,3339,32860,2413,1194,1219
48550,37627,4763,18200,3340,32864,2414,1194,1220
48555,37631,4763,18203,3340,32868,2414,1194,1220
48560,37634,4763,18204,3340,32871,2414,1194,1220
48565,37635,4764,18205,3341,32871,2414,1194,1220
48570,37640,4765,18207,3341,32875,2414,1194,1220
48575,37642,4765,18207,3341,32877,2415,1194,1221
48580,37650,4766,18209,3341,32884,2415,1194,1221
48585,37653,4766,18211,3341,32887,2415,1194,1221
48590,37658,4768,18214,3342,32890,2416,1194,1222
48595,37662,4768,18217,3342,32893,2416,1194,1222
48600,37665,4770,18220,3344,32895,2416,1194,1222
48605,37666,4770,18220,3344,32896,2416,1194,1222
48610,37671,4771,18221,3344,32900,2416,1194,1222
48615,37673,4771,18222,3344,32902,2417,1194,1223
48620,37681,4771,18227,3344,32910,2417,1194,1223
48625,37684,4771,18227,3344,32913,2417,1194,1223
48630,37689,4772,18231,3345,32917,2418,1194,1224
48635,37693,4772,18233,3345,32921,2418,1194,1224
48640,37696,4772,18233,3345,32924,2418,1194,1224
48645,37697,4772,18234,3345,32925,2418,1194,1224
48650,37702,4773,18236,3345,32929,2418,1194,1224
48655,37704,4773,18236,3345,32931,2419,1194,1225
48660,37712,4773,18239,3345,32939,2419,1194,1225
48665,37715,4773,18240,3345,32942,2419,1194,1225
48670,37720,4774,18242,3346,32946,2419,1194,1225
48675,37724,4774,18245,3346,32950,2419,1194,1225
48680,37727,4775,18247,3347,32952,2419,1194,1225
48685,37728,4775,18248,3347,32953,2419,1194,1225
48690,37733,4776,18250,3347,32957,2419,1194,1225
48695,37735,4776,18252,3347,32959,2420,1195,1225
48700,37743,4776,18257,3347,32967,2420,1195,1225
48705,37746,4776,18258,3347,32970,2420,1195,1225
48710,37751,4777,18261,3348,32974,2420,1195,1225
48715,37755,4777,18263,3348,32978,2420,1195,1225
48720,37758,4777,18264,3348,32981,2420,1195,1225
48725,37759,4778,18265,3349,32981,2420,1195,1225
48730,37764,4779,18266,3349,32985,2420,1195,1225
48735,37766,4779,18267,3349,32987,2421,1195,1226
48740,37774,4780,18272,3350,32994,2421,1195,1226
48745,37777,4781,18275,3351,32996,2421,1195,1226
48750,37782,4782,18278,3351,33000,2421,1195,1226
48755,37786,4782,18280,3351,33004,2421,1195,1226
48760,37789,4782,18280,3351,33007,2421,1195,1226
48765,37790,4783,18281,3352,33007,2421,1195,1226
48770,37795,4784,18284,3353,33011,2421,1195,1226
48775,37797,4784,18284,3353,33013,2422,1195,1227
48780,37805,4785,18288,3353,33020,2422,1195,1227
48785,37808,4786,18289,3354,33022,2422,1195,1227
48790,37813,4787,18292,3355,33026,2423,1195,1228
48795,37817,4787,18292,3355,33030,2423,1195,1228
48800,37820,4787,18293,3355,33033,2423,1195,1228
48805,37821,4788,18294,3356,33033,2423,1195,1228
48810,37826,4789,18297,3356,33037,2423,1195,1228
48815,37828,4789,18298,3356,33039,2424,1196,1228
48820,37836,4790,18304,3357,33046,2424,1196,1228
48825,37839,4791,18305,3358,33048,2424,1196,1228
48830,37844,4792,18307,3359,33052,2425,1196,1229
48835,37848,4792,18308,3359,33056,2425,1196,1229
48840,37851,4793,18310,3360,33058,2425,1196,1229
48845,37852,4793,18310,3360,33059,2425,1196,1229
48850,37857,4794,18313,3360,33063,2425,1196,1229
48855,37859,4794,18314,3360,33065,2426,1196,1230
48860,37867,4795,18316,3360,33072,2426,1196,1230
48865,37870,4796,18318,3361,33074,2426,1196,1230
48870,37875,4796,18321,3361,33079,2427,1197,1230
48875,37879,4796,18322,3361,33083,2427,1197,1230
48880,37882,4796,18325,3361,33086,2427,1197,1230
48885,37883,4796,18325,3361,33087,2427,1197,1230
48890,37888,4797,18327,3361,33091,2427,1197,1230
48895,37890,4797,18327,3361,33093,2428,1197,1231
48900,37898,4798,18331,3362,33100,2428,1197,1231
48905,37901,4798,18333,3362,33103,2428,1197,1231
48910,37906,4798,18334,3362,33108,2429,1197,1232
48915,37910,4798,18337,3362,33111,2429,1197,1232
48920,37913,4799,18339,3363,33114,2429,1197,1232
48925,37914,4799,18340,3363,33115,2429,1197,1232
48930,37919,4800,18342,3364,33119,2429,1197,1232
48935,37921,4800,18342,3364,33121,2430,1197,1233
48940,37929,4802,18348,3366,33127,2430,1197,1233
48945,37932,4802,18348,3366,33130,2430,1197,1233
48950,37937,4803,18350,3367,33134,2431,1197,1234
48955,37941,4803,18353,3367,33137,2431,1197,1234
48960,37944,4805,18354,3369,33139,2431,1197,1234
48965,37945,4805,18355,3369,33140,2431,1197,1234
48970,37950,4806,18356,3369,33144,2431,1197,1234
48975,37952,4806,18357,3369,33146,2432,1198,1234
48980,37960,4806,18361,3369,33154,2433,1199,1234
48985,37963,4806,18363,3369,33157,2433,1199,1234
48990,37968,4806,18365,3369,33162,2434,1199,1235
48995,37972,4806,18367,3369,33166,2434,1199,1235
49000,37975,4806,18368,3369,33169,2434,1199,1235
49005,37976,4806,18369,3369,33170,2434,1199,1235
49010,37981,4806,18371,3369,33175,2434,1199,1235
49015,37983,4806,18371,3369,33177,2435,1199,1236
49020,37991,4806,18378,3369,33185,2436,1200,1236
49025,37994,4806,18378,3369,33188,2436,1200,1236
49030,37999,4806,18381,3369,33193,2436,1200,1236
49035,38003,4806,18383,3369,33197,2436,1200,1236
49040,38006,4806,18384,3369,33200,2436,1200,1236
49045,38007,4807,18385,3370,33200,2436,1200,1236
49050,38012,4808,18387,3370,33204,2436,1200,1236
49055,38014,4808,18388,3370,33206,2437,1201,1236
49060,38022,4808,18392,3370,33214,2437,1201,1236
49065,38025,4808,18395,3370,33217,2437,1201,1236
49070,38030,4809,18400,3371,33221,2437,1201,1236
49075,38034,4809,18401,3371,33225,2437,1201,1236
49080,38037,4810,18404,3372,33227,2437,1201,1236
49085,38038,4810,18404,3372,33228,2437,1201,1236
49090,38043,4811,18408,3373,33232,2437,1201,1236
49095,38045,4811,18409,3373,33234,2438,1202,1236
49100,38053,4812,18411,3373,33241,2439,1202,1237
49105,38056,4813,18414,3374,33243,2439,1202,1237
49110,38061,4814,18417,3375,33247,2439,1202,1237
49115,38065,4814,18419,3375,33250,2439,1202,1237
49120,38068,4815,18419,3376,33253,2439,1202,1237
49125,38069,4815,18419,3376,33254,2439,1202,1237
49130,38074,4816,18421,3376,33258,2439,1202,1237
49135,38076,4816,18423,3376,33260,2440,1203,1237
49140,38084,4818,18429,3378,33266,2441,1203,1238
49145,38087,4818,18432,3378,33269,2441,1203,1238
49150,38092,4819,18433,3379,33273,2442,1203,1239
49155,38096,4819,18435,3379,33277,2442,1203,1239
49160,38099,4819,18436,3379,33280,2442,1203,1239
49165,38100,4819,18436,3379,33281,2442,1203,1239
49170,38105,4819,18439,3379,33286,2442,1203,1239
49175,38107,4819,18440,3379,33288,2443,1203,1240
49180,38115,4821,18446,3381,33294,2443,1203,1240
49185,38118,4821,18447,3381,33297,2443,1203,1240
49190,38123,4822,18450,3382,33301,2444,1204,1240
49195,38127,4822,18452,3382,33305,2444,1204,1240
49200,38130,4823,18453,3383,33307,2444,1204,1240
49205,38131,4823,18453,3383,33308,2444,1204,1240
49210,38136,4823,18455,3383,33313,2444,1204,1240
49215,38138,4823,18456,3383,33315,2445,1205,1240
49220,38146,4824,18460,3384,33322,2445,1205,1240
49225,38149,4824,18462,3384,33325,2445,1205,1240
49230,38154,4825,18463,3384,33329,2446,1206,1240
49235,38158,4825,18465,3384,33333,2446,1206,1240
49240,38161,4826,18467,3385,33335,2446,1206,1240
49245,38162,4826,18468,3385,33336,2446,1206,1240
49250,38167,4827,18472,3386,33340,2446,1206,1240
49255,38169,4827,18473,3386,33342,2447,1207,1240
49260,38177,4829,18477,3388,33348,2447,1207,1240
49265,38180,4829,18477,3388,33351,2447,1207,1240
49270,38185,4829,18481,3388,33356,2448,1208,1240
49275,38189,4829,18481,3388,33360,2448,1208,1240
49280,38192,4829,18482,3388,33363,2448,1208,1240
49285,38193,4830,18483,3389,33363,2448,1208,1240
49290,38198,4831,18484,3389,33367,2448,1208,1240
49295,38200,4831,18485,3389,33369,2449,1208,1241
49300,38208,4833,18489,3391,33375,2449,1208,1241
49305,38211,4833,18490,3391,33378,2449,1208,1241
49310,38216,4833,18492,3391,33383,2450,1208,1242
49315,38220,4833,18493,3391,33386,2450,1208,1242
49320,38223,4834,18495,3392,33389,2450,1208,1242
49325,38224,4834,18495,3392,33390,2450,1208,1242
49330,38229,4835,18498,3393,33394,2450,1208,1242
49335,38231,4835,18498,3393,33396,2451,1208,1243
49340,38239,4836,18503,3394,33403,2451,1208,1243
49345,38242,4837,18505,3395,33405,2451,1208,1243
49350,38247,4838,18507,3395,33409,2452,1208,1244
49355,38251,4838,18508,3395,33413,2452,1208,1244
49360,38254,4839,18511,3396,33415,2452,1208,1244
49365,38255,4839,18512,3396,33416,2452,1208,1244
49370,38260,4840,18515,3397,33420,2452,1208,1244
49375,38262,4840,18516,3397,33422,2453,1209,1244
49380,38270,4841,18518,3397,33429,2453,1209,1244
49385,38273,4841,18519,3397,33432,2453,1209,1244
49390,38278,4842,18523,3398,33436,2454,1209,1245
49395,38282,4842,18526,3398,33439,2454,1209,1245
49400,38285,4843,18526,3399,33442,2454,1209,1245
49405,38286,4843,18527,3399,33443,2454,1209,1245
49410,38291,4844,18528,3400,33447,2454,1209,1245
49415,38293,4844,18528,3400,33449,2455,1209,1246
49420,38301,4845,18533,3400,33456,2455,1209,1246
49425,38304,4845,18533,3400,33459,2455,1209,1246
49430,38309,4846,18535,3401,33463,2456,1209,1247
49435,38313,4846,18539,3401,33466,2456,1209,1247
49440,38316,4847,18539,3402,33469,2456,1209,1247
49445,38317,4847,18539,3402,33470,2456,1209,1247
49450,38322,4848,18543,3402,33474,2456,1209,1247
49455,38324,4848,18544,3402,33476,2457,1210,1247
49460,38332,4848,18547,3402,33484,2457,1210,1247
49465,38335,4848,18548,3402,33487,2457,1210,1247
49470,38340,4848,18551,3402,33492,2458,1211,1247
49475,38344,4848,18553,3402,33496,2458,1211,1247
49480,38347,4848,18555,3402,33499,2458,1211,1247
49485,38348,4848,18555,3402,33500,2458,1211,1247
49490,38353,4849,18557,3403,33504,2458,1211,1247
49495,38355,4849,18558,3403,33506,2459,1211,1248
49500,38363,4849,18561,3403,33514,2459,1211,1248
49505,38366,4849,18563,3403,33517,2459,1211,1248
49510,38371,4849,18565,3403,33522,2460,1212,1248
49515,38375,4849,18567,3403,33526,2460,1212,1248
49520,38378,4849,18569,3403,33529,2460,1212,1248
49525,38379,4850,18570,3404,33529,2460,1212,1248
49530,38384,4851,18572,3405,33533,2460,1212,1248
49535,38386,4851,18573,3405,33535,2461,1212,1249
49540,38394,4851,18577,3405,33543,2461,1212,1249
49545,38397,4851,18578,3405,33546,2461,1212,1249
49550,38402,4852,18581,3406,33550,2461,1212,1249
49555,38406,4852,18581,3406,33554,2461,1212,1249
49560,38409,4853,18584,3407,33556,2461,1212,1249
49565,38410,4853,18584,3407,33557,2461,1212,1249
49570,38415,4854,18586,3408,33561,2461,1212,1249
49575,38417,4854,18587,3408,33563,2462,1212,1250
49580,38425,4855,18591,3408,33570,2462,1212,1250
49585,38428,4855,18592,3408,33573,2462,1212,1250
49590,38433,4856,18594,3409,33577,2462,1212,1250
49595,38437,4856,18595,3409,33581,2462,1212,1250
49600,38440,4857,18597,3410,33583,2462,1212,1250
49605,38441,4857,18598,3410,33584,2462,1212,1250
49610,38446,4858,18602,3411,33588,2462,1212,1250
49615,38448,4858,18604,3411,33590,2463,1213,1250
49620,38456,4859,18608,3412,33597,2463,1213,1250
49625,38459,4859,18608,3412,33600,2463,1213,1250
49630,38464,4860,18609,3413,33604,2464,1213,1251
49635,38468,4860,18610,3413,33608,2464,1213,1251
49640,38471,4860,18612,3413,33611,2464,1213,1251
49645,38472,4860,18612,3413,33612,2464,1213,1251
49650,38477,4861,18612,3413,33616,2464,1213,1251
49655,38479,4861,18613,3413,33618,2465,1214,1251
49660,38487,4862,18614,3413,33625,2465,1214,1251
49665,38490,4862,18614,3413,33628,2465,1214,1251
49670,38495,4863,18616,3414,33632,2466,1215,1251
49675,38499,4863,18620,3414,33635,2466,1215,1251
49680,38502,4865,18621,3416,33637,2466,1215,1251
49685,38503,4865,18621,3416,33638,2466,1215,1251
49690,38508,4866,18623,3417,33642,2466,1215,1251
49695,38510,4866,18625,3417,33644,2467,1216,1251
49700,38518,4867,18629,3417,33651,2467,1216,1251
49705,38521,4868,18631,3418,33653,2467,1216,1251
49710,38526,4868,18634,3418,33658,2468,1217,1251
49715,38530,4868,18635,3418,33662,2468,1217,1251
49720,38533,4868,18637,3418,33665,2468,1217,1251
49725,38534,4868,18637,3418,33666,2468,1217,1251
49730,38539,4869,18639,3418,33670,2468,1217,1251
49735,38541,4869,18639,3418,33672,2469,1217,1252
49740,38549,4871,18642,3419,33678,2469,1217,1252
49745,38552,4871,18644,3419,33681,2469,1217,1252
49750,38557,4871,18646,3419,33686,2469,1217,1252
49755,38561,4871,18648,3419,33690,2469,1217,1252
49760,38564,4871,18650,3419,33693,2469,1217,1252
49765,38565,4871,18651,3419,33694,2469,1217,1252
49770,38570,4872,18654,3420,33698,2469,1217,1252
49775,38572,4872,18655,3420,33700,2470,1217,1253
49780,38580,4873,18658,3420,33707,2470,1217,1253
49785,38583,4873,18659,3420,33710,2470,1217,1253
49790,38588,4874,18662,3421,33714,2470,1217,1253
49795,38592,4874,18663,3421,33717,2470,1217,1253
49800,38595,4876,18665,3423,33719,2470,1217,1253
49805,38596,4876,18666,3423,33720,2470,1217,1253
49810,38601,4877,18669,3423,33724,2470,1217,1253
49815,38603,4877,18670,3423,33726,2471,1218,1253
49820,38611,4878,18671,3423,33733,2471,1218,1253
49825,38614,4879,18673,3424,33735,2471,1218,1253
49830,38619,4880,18675,3425,33739,2472,1219,1253
49835,38623,4880,18679,3425,33743,2472,1219,1253
49840,38626,4881,18680,3426,33745,2472,1219,1253
49845,38627,4881,18680,3426,33746,2472,1219,1253
49850,38632,4882,18682,3427,33750,2472,1219,1253
49855,38634,4882,18683,3427,33752,2473,1219,1254
49860,38642,4884,18687,3428,33758,2473,1219,1254
49865,38645,4884,18687,3428,33761,2473,1219,1254
49870,38650,4884,18689,3428,33766,2474,1219,1255
49875,38654,4884,18692,3428,33769,2474,1219,1255
49880,38657,4885,18694,3429,33772,2474,1219,1255
49885,38658,4886,18695,3430,33772,2474,1219,1255
49890,38663,4887,18697,3431,33776,2474,1219,1255
49895,38665,4887,18697,3431,33778,2475,1219,1256
49900,38673,4888,18700,3431,33785,2475,1219,1256
49905,38676,4889,18702,3432,33787,2475,1219,1256
49910,38681,4889,18704,3432,33792,2476,1219,1257
49915,38685,4889,18705,3432,33796,2476,1219,1257
49920,38688,4889,18705,3432,33799,2476,1219,1257
49925,38689,4889,18705,3432,33800,2476,1219,1257
49930,38694,4890,18708,3432,33804,2476,1219,1257
49935,38696,4890,18709,3432,33806,2477,1220,1257
49940,38704,4891,18711,3433,33813,2477,1220,1257
49945,38707,4891,18712,3433,33816,2477,1220,1257
49950,38712,4891,18714,3433,33821,2478,1221,1257
49955,38716,4891,18716,3433,33825,2478,1221,1257
49960,38719,4891,18718,3433,33828,2478,1221,1257
49965,38720,4891,18719,3433,33829,2478,1221,1257
49970,38725,4892,18723,3434,33833,2478,1221,1257
49975,38727,4892,18724,3434,33835,2479,1222,1257
49980,38735,4894,18730,3436,33841,2479,1222,1257
49985,38738,4894,18731,3436,33844,2479,1222,1257
49990,38743,4895,18736,3437,33848,2479,1222,1257
49995,38747,4895,18738,3437,33852,2479,1222,1257
50000,38750,4895,18738,3437,33855,2479,1222,1257
50005,38751,4895,18738,3437,33856,2479,1222,1257
50010,38756,4896,18742,3438,33860,2479,1222,1257
50015,38758,4896,18744,3438,33862,2480,1223,1257
50020,38766,4898,18749,3440,33868,2480,1223,1257
50025,38769,4898,18751,3440,33871,2480,1223,1257
50030,38774,4900,18753,3441,33874,2480,1223,1257
50035,38778,4900,18755,3441,33878,2480,1223,1257
50040,38781,4900,18756,3441,33881,2480,1223,1257
50045,38782,4900,18756,3441,33882,2480,1223,1257
50050,38787,4901,18759,3441,33886,2480,1223,1257
50055,38789,4901,18759,3441,33888,2481,1223,1258
50060,38797,4902,18760,3441,33895,2481,1223,1258
50065,38800,4902,18761,3441,33898,2481,1223,1258
50070,38805,4903,18763,3442,33902,2481,1223,1258
50075,38809,4903,18765,3442,33905,2481,1223,1258
50080,38812,4905,18767,3444,33907,2481,1223,1258
50085,38813,4905,18767,3444,33908,2481,1223,1258
50090,38818,4906,18770,3445,33912,2481,1223,1258
50095,38820,4906,18771,3445,33914,2482,1224,1258
50100,38828,4907,18774,3445,33921,2482,1224,1258
50105,38831,4908,18777,3446,33923,2482,1224,1258
50110,38836,4909,18779,3446,33927,2483,1225,1258
50115,38840,4909,18783,3446,33930,2483,1225,1258
50120,38843,4910,18783,3447,33933,2483,1225,1258
50125,38844,4910,18783,3447,33934,2483,1225,1258
50130,38849,4910,18787,3447,33939,2483,1225,1258
50135,38851,4910,18788,3447,33941,2484,1226,1258
50140,38859,4911,18794,3448,33948,2484,1226,1258
50145,38862,4912,18795,3449,33950,2484,1226,1258
50150,38867,4914,18800,3451,33953,2485,1227,1258
50155,38871,4914,18803,3451,33956,2485,1227,1258
50160,38874,4915,18804,3452,33959,2485,1227,1258
50165,38875,4916,18805,3453,33959,2485,1227,1258
50170,38880,4917,18808,3453,33963,2485,1227,1258
50175,38882,4917,18809,3453,33965,2486,1227,1259
50180,38890,4919,18813,3454,33971,2486,1227,1259
50185,38893,4919,18815,3454,33974,2486,1227,1259
50190,38898,4919,18819,3454,33979,2487,1228,1259
50195,38902,4919,18821,3454,33982,2487,1228,1259
50200,38905,4920,18822,3455,33985,2487,1228,1259
50205,38906,4920,18822,3455,33986,2487,1228,1259
50210,38911,4921,18822,3455,33990,2487,1228,1259
50215,38913,4921,18822,3455,33992,2488,1228,1260
50220,38921,4923,18827,3457,33998,2488,1228,1260
50225,38924,4924,18828,3458,34000,2488,1228,1260
50230,38929,4924,18831,3458,34005,2489,1229,1260
50235,38933,4924,18834,3458,34008,2489,1229,1260
50240,38936,4925,18835,3459,34011,2489,1229,1260
50245,38937,4925,18835,3459,34012,2489,1229,1260
50250,38942,4926,18837,3460,34016,2489,1229,1260
50255,38944,4926,18839,3460,34018,2490,1230,1260
50260,38952,4927,18845,3461,34025,2490,1230,1260
50265,38955,4927,18846,3461,34028,2490,1230,1260
50270,38960,4929,18848,3463,34031,2491,1230,1261
50275,38964,4929,18850,3463,34034,2491,1230,1261
50280,38967,4930,18852,3464,34037,2491,1230,1261
50285,38968,4930,18853,3464,34038,2491,1230,1261
50290,38973,4931,18856,3464,34042,2491,1230,1261
50295,38975,4931,18856,3464,34044,2492,1230,1262
50300,38983,4932,18859,3464,34051,2492,1230,1262
50305,38986,4933,18860,3465,34053,2492,1230,1262
50310,38991,4934,18864,3466,34057,2492,1230,1262
50315,38995,4934,18867,3466,34060,2492,1230,1262
50320,38998,4936,18868,3468,34062,2492,1230,1262
50325,38999,4936,18868,3468,34063,2492,1230,1262
50330,39004,4937,18871,3469,34067,2492,1230,1262
50335,39006,4937,18871,3469,34069,2493,1230,1263
50340,39014,4938,18872,3469,34076,2493,1230,1263
50345,39017,4938,18875,3469,34079,2493,1230,1263
50350,39022,4939,18878,3470,34083,2493,1230,1263
50355,39026,4939,18880,3470,34087,2493,1230,1263
50360,39029,4939,18882,3470,34090,2493,1230,1263
50365,39030,4939,18883,3470,34091,2493,1230,1263
50370,39035,4939,18887,3470,34096,2493,1230,1263
50375,39037,4939,18888,3470,34098,2494,1230,1264
50380,39045,4939,18895,3470,34106,2494,1230,1264
50385,39048,4939,18896,3470,34109,2494,1230,1264
50390,39053,4940,18896,3470,34113,2495,1230,1265
50395,39057,4940,18899,3470,34117,2495,1230,1265
50400,39060,4941,18901,3471,34119,2495,1230,1265
50405,39061,4941,18901,3471,34120,2495,1230,1265
50410,39066,4941,18903,3471,34125,2495,1230,1265
50415,39068,4941,18904,3471,34127,2496,1231,1265
50420,39076,4942,18908,3471,34134,2496,1231,1265
50425,39079,4943,18910,3472,34136,2496,1231,1265
50430,39084,4944,18913,3473,34140,2497,1232,1265
50435,39088,4944,18914,3473,34144,2497,1232,1265
50440,39091,4944,18915,3473,34147,2497,1232,1265
50445,39092,4944,18916,3473,34148,2497,1232,1265
50450,39097,4945,18920,3474,34152,2497,1232,1265
50455,39099,4945,18920,3474,34154,2498,1232,1266
50460,39107,4946,18923,3474,34161,2498,1232,1266
50465,39110,4946,18924,3474,34164,2498,1232,1266
50470,39115,4946,18926,3474,34169,2499,1233,1266
50475,39119,4946,18929,3474,34172,2499,1233,1266
50480,39122,4947,18929,3475,34175,2499,1233,1266
50485,39123,4948,18930,3476,34175,2499,1233,1266
50490,39128,4949,18932,3476,34179,2499,1233,1266
50495,39130,4949,18933,3476,34181,2500,1233,1267
50500,39138,4950,18938,3476,34188,2500,1233,1267
50505,39141,4951,18939,3477,34190,2500,1233,1267
50510,39146,4951,18942,3477,34195,2501,1233,1268
50515,39150,4951,18942,3477,34199,2501,1233,1268
50520,39153,4951,18943,3477,34202,2501,1233,1268
50525,39154,4952,18944,3478,34202,2501,1233,1268
50530,39159,4953,18947,3479,34206,2501,1233,1268
50535,39161,4953,18948,3479,34208,2502,1234,1268
50540,39169,4954,18953,3480,34215,2502,1234,1268
50545,39172,4955,18954,3481,34217,2502,1234,1268
50550,39177,4955,18957,3481,34222,2503,1235,1268
50555,39181,4955,18960,3481,34226,2503,1235,1268
50560,39184,4955,18961,3481,34229,2503,1235,1268
50565,39185,4955,18962,3481,34230,2503,1235,1268
50570,39190,4956,18965,3481,34234,2503,1235,1268
50575,39192,4956,18966,3481,34236,2504,1235,1269
50580,39200,4959,18971,3483,34241,2504,1235,1269
50585,39203,4959,18973,3483,34244,2504,1235,1269
50590,39208,4960,18975,3483,34248,2504,1235,1269
50595,39212,4960,18977,3483,34252,2504,1235,1269
50600,39215,4961,18980,3484,34254,2504,1235,1269
50605,39216,4961,18981,3484,34255,2504,1235,1269
50610,39221,4962,18983,3484,34259,2504,1235,1269
50615,39223,4962,18984,3484,34261,2505,1236,1269
50620,39231,4962,18988,3484,34269,2505,1236,1269
50625,39234,4962,18989,3484,34272,2505,1236,1269
50630,39239,4963,18991,3484,34276,2505,1236,1269
50635,39243,4963,18993,3484,34279,2505,1236,1269
50640,39246,4964,18995,3485,34282,2505,1236,1269
50645,39247,4964,18995,3485,34283,2505,1236,1269
50650,39252,4965,18996,3485,34287,2505,1236,1269
50655,39254,4965,18996,3485,34289,2506,1236,1270
50660,39262,4966,19000,3486,34296,2506,1236,1270
50665,39265,4966,19000,3486,34299,2506,1236,1270
50670,39270,4967,19004,3487,34303,2507,1237,1270
50675,39274,4967,19006,3487,34306,2507,1237,1270
50680,39277,4968,19007,3488,34309,2507,1237,1270
50685,39278,4969,19008,3489,34309,2507,1237,1270
50690,39283,4970,19009,3489,34313,2507,1237,1270
50695,39285,4970,19010,3489,34315,2508,1238,1270
50700,39293,4973,19015,3492,34320,2508,1238,1270
50705,39296,4974,19018,3493,34322,2508,1238,1270
50710,39301,4974,19020,3493,34327,2508,1238,1270
50715,39305,4974,19022,3493,34331,2508,1238,1270
50720,39308,4974,19024,3493,34334,2508,1238,1270
50725,39309,4974,19024,3493,34335,2508,1238,1270
50730,39314,4974,19027,3493,34340,2508,1238,1270
50735,39316,4974,19029,3493,34342,2509,1239,1270
50740,39324,4975,19033,3493,34349,2509,1239,1270
50745,39327,4976,19035,3494,34351,2509,1239,1270
50750,39332,4976,19038,3494,34356,2509,1239,1270
50755,39336,4976,19040,3494,34360,2509,1239,1270
50760,39339,4976,19043,3494,34363,2509,1239,1270
50765,39340,4976,19043,3494,34364,2509,1239,1270
50770,39345,4976,19047,3494,34369,2509,1239,1270
50775,39347,4976,19049,3494,34371,2510,1240,1270
50780,39355,4977,19054,3494,34378,2510,1240,1270
50785,39358,4978,19057,3495,34380,2510,1240,1270
50790,39363,4978,19061,3495,34385,2510,1240,1270
50795,39367,4978,19063,3495,34389,2510,1240,1270
50800,39370,4978,19064,3495,34392,2510,1240,1270
50805,39371,4978,19064,3495,34393,2510,1240,1270
50810,39376,4978,19066,3495,34398,2510,1240,1270
50815,39378,4978,19066,3495,34400,2511,1240,1271
50820,39386,4981,19070,3498,34405,2511,1240,1271
50825,39389,4981,19072,3498,34408,2511,1240,1271
50830,39394,4982,19074,3499,34412,2512,1240,1272
50835,39398,4982,19075,3499,34415,2512,1240,1272
50840,39401,4983,19075,3500,34418,2512,1240,1272
50845,39402,4984,19076,3501,34418,2512,1240,1272
50850,39407,4985,19079,3502,34422,2512,1240,1272
50855,39409,4985,19080,3502,34424,2513,1241,1272
50860,39417,4986,19083,3503,34431,2513,1241,1272
50865,39420,4987,19085,3504,34433,2513,1241,1272
50870,39425,4988,19086,3504,34437,2514,1242,1272
50875,39429,4988,19089,3504,34440,2514,1242,1272
50880,39432,4989,19090,3505,34443,2514,1242,1272
50885,39433,4990,19091,3506,34443,2514,1242,1272
50890,39438,4991,19093,3506,34447,2514,1242,1272
50895,39440,4991,19094,3506,34449,2515,1243,1272
50900,39448,4992,19096,3507,34456,2515,1243,1272
50905,39451,4993,19098,3508,34458,2515,1243,1272
50910,39456,4994,19099,3509,34462,2516,1243,1273
50915,39460,4994,19100,3509,34466,2516,1243,1273
50920,39463,4995,19103,3510,34468,2516,1243,1273
50925,39464,4996,19104,3511,34468,2516,1243,1273
50930,39469,4997,19109,3512,34472,2516,1243,1273
50935,39471,4997,19110,3512,34474,2517,1243,1274
50940,39479,5000,19113,3514,34479,2517,1243,1274
50945,39482,5000,19114,3514,34482,2517,1243,1274
50950,39487,5001,19117,3515,34486,2517,1243,1274
50955,39491,5001,19118,3515,34490,2517,1243,1274
50960,39494,5002,19121,3516,34492,2517,1243,1274
50965,39495,5003,19122,3517,34492,2517,1243,1274
50970,39500,5004,19126,3518,34496,2517,1243,1274
50975,39502,5004,19127,3518,34498,2518,1243,1275
50980,39510,5005,19133,3519,34504,2518,1243,1275
50985,39513,5006,19134,3520,34507,2518,1243,1275
50990,39518,5007,19136,3520,34511,2518,1243,1275
50995,39522,5007,19139,3520,34514,2518,1243,1275
51000,39525,5008,19140,3521,34517,2518,1243,1275
51005,39526,5008,19140,3521,34518,2518,1243,1275
51010,39531,5008,19145,3521,34523,2518,1243,1275
51015,39533,5008,19146,3521,34525,2519,1244,1275
51020,39541,5008,19150,3521,34533,2519,1244,1275
51025,39544,5008,19151,3521,34536,2519,1244,1275
51030,39549,5008,19154,3521,34541,2519,1244,1275
51035,39553,5008,19157,3521,34545,2519,1244,1275
51040,39556,5008,19159,3521,34548,2519,1244,1275
51045,39557,5008,19160,3521,34549,2519,1244,1275
51050,39562,5008,19163,3521,34554,2519,1244,1275
51055,39564,5008,19163,3521,34556,2520,1244,1276
51060,39572,5010,19165,3522,34562,2520,1244,1276
51065,39575,5011,19166,3523,34564,2520,1244,1276
51070,39580,5011,19169,3523,34569,2521,1245,1276
51075,39584,5011,19169,3523,34573,2521,1245,1276
51080,39587,5011,19171,3523,34576,2521,1245,1276
51085,39588,5011,19171,3523,34577,2521,1245,1276
51090,39593,5012,19173,3524,34581,2521,1245,1276
51095,39595,5012,19174,3524,34583,2522,1245,1277
51100,39603,5013,19177,3524,34590,2522,1245,1277
51105,39606,5014,19179,3525,34592,2522,1245,1277
51110,39611,5015,19182,3526,34596,2523,1246,1277
51115,39615,5015,19184,3526,34599,2523,1246,1277
51120,39618,5017,19187,3528,34601,2523,1246,1277
51125,39619,5018,19188,3529,34601,2523,1246,1277
51130,39624,5019,19192,3530,34605,2523,1246,1277
51135,39626,5019,19192,3530,34607,2524,1246,1278
51140,39634,5020,19194,3530,34614,2524,1246,1278
51145,39637,5021,19196,3531,34616,2524,1246,1278
51150,39642,5022,19200,3532,34620,2524,1246,1278
51155,39646,5022,19203,3532,34624,2524,1246,1278
51160,39649,5022,19204,3532,34627,2524,1246,1278
51165,39650,5022,19204,3532,34628,2524,1246,1278
51170,39655,5023,19206,3532,34632,2524,1246,1278
51175,39657,5023,19207,3532,34634,2525,1246,1279
51180,39665,5024,19213,3533,34641,2525,1246,1279
51185,39668,5025,19214,3534,34643,2525,1246,1279
51190,39673,5026,19216,3534,34647,2525,1246,1279
51195,39677,5026,19217,3534,34651,2525,1246,1279
51200,39680,5026,19217,3534,34654,2525,1246,1279
51205,39681,5027,19218,3535,34654,2525,1246,1279
51210,39686,5028,19221,3535,34658,2525,1246,1279
51215,39688,5028,19223,3535,34660,2526,1247,1279
51220,39696,5029,19227,3536,34667,2526,1247,1279
51225,39699,5030,19228,3537,34669,2526,1247,1279
51230,39704,5031,19231,3537,34673,2526,1247,1279
51235,39708,5031,19233,3537,34677,2526,1247,1279
51240,39711,5032,19236,3538,34679,2526,1247,1279
51245,39712,5032,19236,3538,34680,2526,1247,1279
51250,39717,5033,19237,3538,34684,2526,1247,1279
51255,39719,5033,19239,3538,34686,2527,1248,1279
51260,39727,5034,19243,3538,34693,2527,1248,1279
51265,39730,5034,19245,3538,34696,2527,1248,1279
51270,39735,5035,19248,3538,34700,2527,1248,1279
51275,39739,5035,19251,3538,34704,2527,1248,1279
51280,39742,5036,19252,3539,34706,2527,1248,1279
51285,39743,5036,19253,3539,34707,2527,1248,1279
51290,39748,5037,19255,3539,34711,2527,1248,1279
51295,39750,5037,19255,3539,34713,2528,1248,1280
51300,39758,5038,19259,3539,34720,2528,1248,1280
51305,39761,5038,19259,3539,34723,2528,1248,1280
51310,39766,5039,19260,3539,34727,2528,1248,1280
51315,39770,5039,19262,3539,34731,2528,1248,1280
51320,39773,5040,19264,3540,34733,2528,1248,1280
51325,39774,5040,19264,3540,34734,2528,1248,1280
51330,39779,5041,19266,3540,34738,2528,1248,1280
51335,39781,5041,19266,3540,34740,2529,1248,1281
51340,39789,5043,19267,3541,34746,2529,1248,1281
51345,39792,5043,19268,3541,34749,2529,1248,1281
51350,39797,5045,19271,3543,34752,2529,1248,1281
51355,39801,5045,19273,3543,34756,2529,1248,1281
51360,39804,5046,19275,3544,34758,2529,1248,1281
51365,39805,5046,19275,3544,34759,2529,1248,1281
51370,39810,5047,19278,3545,34763,2529,1248,1281
51375,39812,5047,19278,3545,34765,2530,1248,1282
51380,39820,5049,19286,3547,34771,2530,1248,1282
51385,39823,5049,19286,3547,34774,2530,1248,1282
51390,39828,5050,19290,3548,34778,2530,1248,1282
51395,39832,5050,19294,3548,34782,2530,1248,1282
51400,39835,5050,19295,3548,34785,2530,1248,1282
51405,39836,5051,19296,3549,34785,2530,1248,1282
51410,39841,5052,19297,3550,34789,2530,1248,1282
51415,39843,5052,19298,3550,34791,2531,1249,1282
51420,39851,5053,19300,3550,34798,2531,1249,1282
51425,39854,5054,19302,3551,34800,2531,1249,1282
51430,39859,5055,19303,3552,34804,2532,1249,1283
51435,39863,5055,19306,3552,34807,2532,1249,1283
51440,39866,5056,19307,3553,34810,2532,1249,1283
51445,39867,5056,19307,3553,34811,2532,1249,1283
51450,39872,5056,19308,3553,34816,2532,1249,1283
51455,39874,5056,19308,3553,34818,2533,1249,1284
51460,39882,5057,19311,3554,34825,2533,1249,1284
51465,39885,5058,19313,3555,34827,2533,1249,1284
51470,39890,5060,19315,3556,34830,2534,1249,1285
51475,39894,5060,19318,3556,34834,2534,1249,1285
51480,39897,5061,19321,3557,34836,2534,1249,1285
51485,39898,5061,19322,3557,34837,2534,1249,1285
51490,39903,5061,19325,3557,34842,2534,1249,1285
51495,39905,5061,19325,3557,34844,2535,1249,1286
51500,39913,5061,19327,3557,34852,2535,1249,1286
51505,39916,5061,19329,3557,34855,2535,1249,1286
51510,39921,5061,19329,3557,34860,2536,1249,1287
51515,39925,5061,19331,3557,34864,2536,1249,1287
51520,39928,5061,19333,3557,34867,2536,1249,1287
51525,39929,5061,19333,3557,34868,2536,1249,1287
51530,39934,5062,19335,3557,34872,2536,1249,1287
51535,39936,5062,19335,3557,34874,2537,1249,1288
51540,39944,5062,19338,3557,34882,2537,1249,1288
51545,39947,5062,19340,3557,34885,2537,1249,1288
51550,39952,5063,19342,3558,34889,2538,1250,1288
51555,39956,5063,19342,3558,34893,2538,1250,1288
51560,39959,5064,19343,3559,34895,2538,1250,1288
51565,39960,5064,19343,3559,34896,2538,1250,1288
51570,39965,5065,19346,3560,34900,2538,1250,1288
51575,39967,5065,19346,3560,34902,2539,1250,1289
51580,39975,5066,19350,3561,34909,2539,1250,1289
51585,39978,5066,19351,3561,34912,2539,1250,1289
51590,39983,5067,19354,3561,34916,2540,1251,1289
51595,39987,5067,19354,3561,34920,2540,1251,1289
51600,39990,5067,19355,3561,34923,2540,1251,1289
51605,39991,5067,19355,3561,34924,2540,1251,1289
51610,39996,5068,19357,3561,34928,2540,1251,1289
51615,39998,5068,19357,3561,34930,2541,1251,1290
51620,40006,5069,19361,3562,34937,2541,1251,1290
51625,40009,5069,19363,3562,34940,2541,1251,1290
51630,40014,5070,19365,3562,34944,2542,1252,1290
51635,40018,5070,19368,3562,34948,2542,1252,1290
51640,40021,5070,19368,3562,34951,2542,1252,1290
51645,40022,5070,19368,3562,34952,2542,1252,1290
51650,40027,5071,19370,3562,34956,2542,1252,1290
51655,40029,5071,19371,3562,34958,2543,1252,1291
51660,40037,5072,19375,3562,34965,2543,1252,1291
51665,40040,5073,19378,3563,34967,2543,1252,1291
51670,40045,5073,19380,3563,34972,2543,1252,1291
51675,40049,5073,19383,3563,34975,2543,1252,1291
51680,40052,5074,19386,3564,34978,2543,1252,1291
51685,40053,5075,19387,3565,34978,2543,1252,1291
51690,40058,5076,19392,3566,34982,2543,1252,1291
51695,40060,5076,19394,3566,34984,2544,1253,1291
51700,40068,5077,19399,3567,34991,2544,1253,1291
51705,40071,5077,19401,3567,34994,2544,1253,1291
51710,40076,5077,19402,3567,34999,2544,1253,1291
51715,40080,5077,19404,3567,35003,2544,1253,1291
51720,40083,5077,19406,3567,35006,2544,1253,1291
51725,40084,5077,19406,3567,35007,2544,1253,1291
51730,40089,5078,19407,3567,35011,2544,1253,1291
51735,40091,5078,19407,3567,35013,2545,1253,1292
51740,40099,5079,19409,3567,35020,2545,1253,1292
51745,40102,5079,19410,3567,35023,2545,1253,1292
51750,40107,5079,19413,3567,35028,2545,1253,1292
51755,40111,5079,19414,3567,35031,2545,1253,1292
51760,40114,5080,19415,3568,35034,2545,1253,1292
51765,40115,5080,19416,3568,35035,2545,1253,1292
51770,40120,5081,19418,3568,35039,2545,1253,1292
51775,40122,5081,19420,3568,35041,2546,1254,1292
51780,40130,5083,19425,3569,35047,2546,1254,1292
51785,40133,5083,19428,3569,35050,2546,1254,1292
51790,40138,5084,19432,3570,35054,2547,1255,1292
51795,40142,5084,19432,3570,35058,2547,1255,1292
51800,40145,5084,19433,3570,35061,2547,1255,1292
51805,40146,5084,19433,3570,35062,2547,1255,1292
51810,40151,5085,19436,3571,35066,2547,1255,1292
51815,40153,5085,19436,3571,35068,2548,1255,1293
51820,40161,5086,19441,3572,35075,2548,1255,1293
51825,40164,5086,19442,3572,35078,2548,1255,1293
51830,40169,5087,19444,3573,35082,2549,1255,1294
51835,40173,5087,19445,3573,35086,2549,1255,1294
51840,40176,5087,19446,3573,35089,2549,1255,1294
51845,40177,5087,19446,3573,35090,2549,1255,1294
51850,40182,5088,19450,3573,35094,2549,1255,1294
51855,40184,5088,19451,3573,35096,2550,1255,1295
51860,40192,5090,19456,3574,35102,2550,1255,1295
51865,40195,5090,19456,3574,35105,2550,1255,1295
51870,40200,5091,19457,3574,35109,2551,1255,1296
51875,40204,5091,19458,3574,35113,2551,1255,1296
51880,40207,5092,19460,3575,35115,2551,1255,1296
51885,40208,5092,19460,3575,35116,2551,1255,1296
51890,40213,5093,19462,3575,35120,2551,1255,1296
51895,40215,5093,19462,3575,35122,2552,1255,1297
51900,40223,5095,19464,3576,35128,2552,1255,1297
51905,40226,5096,19467,3577,35130,2552,1255,1297
51910,40231,5097,19468,3577,35134,2553,1255,1298
51915,40235,5097,19470,3577,35137,2553,1255,1298
51920,40238,5098,19470,3578,35140,2553,1255,1298
51925,40239,5099,19471,3579,35140,2553,1255,1298
51930,40244,5100,19475,3580,35144,2553,1255,1298
51935,40246,5100,19476,3580,35146,2554,1256,1298
51940,40254,5101,19481,3581,35153,2554,1256,1298
51945,40257,5101,19482,3581,35156,2554,1256,1298
51950,40262,5102,19484,3582,35160,2555,1257,1298
51955,40266,5102,19487,3582,35163,2555,1257,1298
51960,40269,5103,19487,3583,35166,2555,1257,1298
51965,40270,5103,19487,3583,35167,2555,1257,1298
51970,40275,5104,19490,3583,35171,2555,1257,1298
51975,40277,5104,19490,3583,35173,2556,1257,1299
51980,40285,5105,19494,3584,35180,2556,1257,1299
51985,40288,5105,19495,3584,35183,2556,1257,1299
51990,40293,5106,19496,3584,35187,2557,1257,1300
51995,40297,5106,19497,3584,35191,2557,1257,1300
52000,40300,5107,19500,3585,35193,2557,1257,1300
52005,40301,5108,19501,3586,35193,2557,1257,1300
52010,40306,5109,19505,3587,35197,2557,1257,1300
52015,40308,5109,19506,3587,35199,2558,1258,1300
52020,40316,5112,19511,3589,35203,2558,1258,1300
52025,40319,5113,19512,3590,35206,2558,1258,1300
52030,40324,5114,19514,3590,35210,2559,1258,1301
52035,40328,5114,19516,3590,35214,2559,1258,1301
52040,40331,5114,19517,3590,35217,2559,1258,1301
52045,40332,5114,19517,3590,35218,2559,1258,1301
52050,40337,5115,19519,3590,35222,2559,1258,1301
52055,40339,5115,19520,3590,35224,2560,1258,1302
52060,40347,5117,19524,3591,35230,2560,1258,1302
52065,40350,5118,19527,3592,35232,2560,1258,1302
52070,40355,5119,19531,3593,35236,2561,1259,1302
52075,40359,5119,19533,3593,35240,2561,1259,1302
52080,40362,5120,19535,3594,35242,2561,1259,1302
52085,40363,5120,19535,3594,35243,2561,1259,1302
52090,40368,5120,19537,3594,35248,2561,1259,1302
52095,40370,5120,19537,3594,35250,2562,1259,1303
52100,40378,5121,19538,3594,35257,2562,1259,1303
52105,40381,5121,19538,3594,35260,2562,1259,1303
52110,40386,5122,19541,3595,35264,2562,1259,1303
52115,40390,5122,19543,3595,35267,2562,1259,1303
52120,40393,5124,19545,3597,35269,2562,1259,1303
52125,40394,5124,19546,3597,35270,2562,1259,1303
52130,40399,5124,19547,3597,35275,2562,1259,1303
52135,40401,5124,19549,3597,35277,2563,1260,1303
52140,40409,5126,19553,3599,35283,2563,1260,1303
52145,40412,5126,19554,3599,35286,2563,1260,1303
52150,40417,5126,19556,3599,35291,2563,1260,1303
52155,40421,5126,19556,3599,35295,2563,1260,1303
52160,40424,5126,19558,3599,35298,2563,1260,1303
52165,40425,5126,19559,3599,35299,2563,1260,1303
52170,40430,5126,19560,3599,35304,2563,1260,1303
52175,40432,5126,19561,3599,35306,2564,1260,1304
52180,40440,5127,19563,3599,35313,2564,1260,1304
52185,40443,5128,19564,3600,35315,2564,1260,1304
52190,40448,5128,19566,3600,35320,2564,1260,1304
52195,40452,5128,19568,3600,35324,2564,1260,1304
52200,40455,5128,19570,3600,35327,2564,1260,1304
52205,40456,5129,19571,3601,35327,2564,1260,1304
52210,40461,5130,19574,3602,35331,2564,1260,1304
52215,40463,5130,19575,3602,35333,2565,1260,1305
52220,40471,5133,19582,3604,35337,2565,1260,1305
52225,40474,5135,19583,3606,35339,2565,1260,1305
52230,40479,5135,19586,3606,35344,2566,1261,1305
52235,40483,5135,19587,3606,35348,2566,1261,1305
52240,40486,5135,19588,3606,35351,2566,1261,1305
52245,40487,5136,19589,3607,35351,2566,1261,1305
52250,40492,5137,19592,3608,35355,2566,1261,1305
52255,40494,5137,19593,3608,35357,2567,1261,1306
52260,40502,5139,19598,3609,35362,2567,1261,1306
52265,40505,5140,19598,3610,35365,2567,1261,1306
52270,40510,5141,19601,3610,35369,2568,1262,1306
52275,40514,5141,19602,3610,35373,2568,1262,1306
52280,40517,5141,19604,3610,35376,2568,1262,1306
52285,40518,5141,19604,3610,35377,2568,1262,1306
52290,40523,5142,19605,3610,35381,2568,1262,1306
52295,40525,5142,19606,3610,35383,2569,1263,1306
52300,40533,5143,19609,3610,35390,2569,1263,1306
52305,40536,5143,19610,3610,35393,2569,1263,1306
52310,40541,5144,19610,3610,35397,2570,1263,1307
52315,40545,5144,19611,3610,35401,2570,1263,1307
52320,40548,5144,19612,3610,35404,2570,1263,1307
52325,40549,5144,19613,3610,35405,2570,1263,1307
52330,40554,5145,19615,3610,35409,2570,1263,1307
52335,40556,5145,19615,3610,35411,2571,1263,1308
52340,40564,5146,19619,3610,35418,2571,1263,1308
52345,40567,5146,19621,3610,35421,2571,1263,1308
52350,40572,5147,19625,3611,35425,2571,1263,1308
52355,40576,5147,19626,3611,35429,2571,1263,1308
52360,40579,5147,19628,3611,35432,2571,1263,1308
52365,40580,5147,19629,3611,35433,2571,1263,1308
52370,40585,5148,19632,3612,35437,2571,1263,1308
52375,40587,5148,19632,3612,35439,2572,1263,1309
52380,40595,5150,19635,3613,35444,2572,1263,1309
52385,40598,5151,19637,3614,35447,2572,1263,1309
52390,40603,5152,19638,3615,35451,2572,1263,1309
52395,40607,5152,19641,3615,35455,2572,1263,1309
52400,40610,5153,19642,3616,35457,2572,1263,1309
52405,40611,5153,19642,3616,35458,2572,1263,1309
52410,40616,5154,19644,3617,35462,2572,1263,1309
52415,40618,5154,19646,3617,35464,2573,1264,1309
52420,40626,5156,19650,3619,35470,2573,1264,1309
52425,40629,5157,19653,3620,35472,2573,1264,1309
52430,40634,5158,19654,3620,35476,2574,1264,1310
52435,40638,5158,19654,3620,35480,2574,1264,1310
52440,40641,5158,19655,3620,35483,2574,1264,1310
52445,40642,5159,19656,3621,35483,2574,1264,1310
52450,40647,5160,19658,3621,35487,2574,1264,1310
52455,40649,5160,19659,3621,35489,2575,1265,1310
52460,40657,5161,19664,3621,35496,2575,1265,1310
52465,40660,5161,19664,3621,35499,2575,1265,1310
52470,40665,5162,19665,3621,35503,2576,1266,1310
52475,40669,5162,19667,3621,35507,2576,1266,1310
52480,40672,5162,19667,3621,35510,2576,1266,1310
52485,40673,5162,19667,3621,35511,2576,1266,1310
52490,40678,5163,19669,3622,35515,2576,1266,1310
52495,40680,5163,19670,3622,35517,2577,1266,1311
52500,40688,5164,19672,3622,35524,2577,1266,1311
52505,40691,5164,19674,3622,35527,2577,1266,1311
52510,40696,5165,19677,3623,35531,2578,1267,1311
52515,40700,5165,19678,3623,35535,2578,1267,1311
52520,40703,5165,19680,3623,35538,2578,1267,1311
52525,40704,5165,19680,3623,35539,2578,1267,1311
52530,40709,5166,19681,3623,35543,2578,1267,1311
52535,40711,5166,19681,3623,35545,2579,1267,1312
52540,40719,5167,19683,3623,35552,2579,1267,1312
52545,40722,5168,19686,3624,35554,2579,1267,1312
52550,40727,5169,19688,3625,35558,2580,1268,1312
52555,40731,5169,19691,3625,35562,2580,1268,1312
52560,40734,5169,19691,3625,35565,2580,1268,1312
52565,40735,5169,19691,3625,35566,2580,1268,1312
52570,40740,5170,19694,3625,35570,2580,1268,1312
52575,40742,5170,19696,3625,35572,2581,1269,1312
52580,40750,5170,19699,3625,35580,2581,1269,1312
52585,40753,5170,19699,3625,35583,2581,1269,1312
52590,40758,5171,19702,3625,35587,2581,1269,1312
52595,40762,5171,19704,3625,35591,2581,1269,1312
52600,40765,5172,19705,3626,35593,2581,1269,1312
52605,40766,5172,19705,3626,35594,2581,1269,1312
52610,40771,5173,19709,3626,35598,2581,1269,1312
52615,40773,5173,19711,3626,35600,2582,1270,1312
52620,40781,5174,19714,3627,35607,2582,1270,1312
52625,40784,5174,19716,3627,35610,2582,1270,1312
52630,40789,5175,19720,3628,35614,2582,1270,1312
52635,40793,5175,19724,3628,35618,2582,1270,1312
52640,40796,5175,19725,3628,35621,2582,1270,1312
52645,40797,5176,19726,3629,35621,2582,1270,1312
52650,40802,5177,19727,3630,35625,2582,1270,1312
52655,40804,5177,19729,3630,35627,2583,1271,1312
52660,40812,5177,19730,3630,35635,2583,1271,1312
52665,40815,5177,19732,3630,35638,2583,1271,1312
52670,40820,5178,19733,3630,35642,2584,1272,1312
52675,40824,5178,19734,3630,35645,2584,1272,1312
52680,40827,5180,19736,3632,35647,2584,1272,1312
52685,40828,5181,19737,3633,35647,2584,1272,1312
52690,40833,5182,19738,3633,35651,2584,1272,1312
52695,40835,5182,19739,3633,35653,2585,1272,1313
52700,40843,5183,19742,3633,35660,2585,1272,1313
52705,40846,5184,19745,3634,35662,2585,1272,1313
52710,40851,5185,19748,3635,35666,2586,1273,1313
52715,40855,5185,19751,3635,35669,2586,1273,1313
52720,40858,5186,19753,3636,35672,2586,1273,1313
52725,40859,5187,19754,3637,35672,2586,1273,1313
52730,40864,5188,19757,3637,35676,2586,1273,1313
52735,40866,5188,19757,3637,35678,2587,1273,1314
52740,40874,5189,19761,3637,35685,2587,1273,1314
52745,40877,5190,19763,3638,35687,2587,1273,1314
52750,40882,5191,19765,3638,35691,2587,1273,1314
52755,40886,5191,19767,3638,35695,2587,1273,1314
52760,40889,5191,19768,3638,35698,2587,1273,1314
52765,40890,5191,19769,3638,35699,2587,1273,1314
52770,40895,5192,19772,3639,35703,2587,1273,1314
52775,40897,5192,19773,3639,35705,2588,1274,1314
52780,40905,5193,19776,3639,35712,2588,1274,1314
52785,40908,5193,19778,3639,35715,2588,1274,1314
52790,40913,5194,19781,3639,35719,2588,1274,1314
52795,40917,5194,19783,3639,35723,2588,1274,1314
52800,40920,5195,19784,3640,35725,2588,1274,1314
52805,40921,5195,19785,3640,35726,2588,1274,1314
52810,40926,5196,19788,3640,35730,2588,1274,1314
52815,40928,5196,19789,3640,35732,2589,1275,1314
52820,40936,5197,19792,3641,35739,2589,1275,1314
52825,40939,5198,19795,3642,35741,2589,1275,1314
52830,40944,5199,19799,3643,35745,2589,1275,1314
52835,40948,5199,19801,3643,35749,2589,1275,1314
52840,40951,5199,19802,3643,35752,2589,1275,1314
52845,40952,5199,19802,3643,35753,2589,1275,1314
52850,40957,5200,19804,3644,35757,2589,1275,1314
52855,40959,5200,19804,3644,35759,2590,1275,1315
52860,40967,5201,19807,3644,35766,2590,1275,1315
52865,40970,5201,19808,3644,35769,2590,1275,1315
52870,40975,5202,19811,3645,35773,2591,1275,1316
52875,40979,5202,19812,3645,35777,2591,1275,1316
52880,40982,5202,19812,3645,35780,2591,1275,1316
52885,40983,5203,19813,3646,35780,2591,1275,1316
52890,40988,5204,19816,3646,35784,2591,1275,1316
52895,40990,5204,19818,3646,35786,2592,1276,1316
52900,40998,5205,19822,3646,35793,2592,1276,1316
52905,41001,5205,19823,3646,35796,2592,1276,1316
52910,41006,5206,19827,3647,35800,2593,1276,1317
52915,41010,5206,19829,3647,35804,2593,1276,1317
52920,41013,5206,19829,3647,35807,2593,1276,1317
52925,41014,5207,19830,3648,35807,2593,1276,1317
52930,41019,5208,19831,3648,35811,2593,1276,1317
52935,41021,5208,19833,3648,35813,2594,1277,1317
52940,41029,5209,19839,3649,35820,2594,1277,1317
52945,41032,5210,19841,3650,35822,2594,1277,1317
52950,41037,5211,19846,3651,35826,2594,1277,1317
52955,41041,5211,19847,3651,35830,2594,1277,1317
52960,41044,5212,19849,3652,35832,2594,1277,1317
52965,41045,5213,19850,3653,35832,2594,1277,1317
52970,41050,5214,19853,3654,35836,2594,1277,1317
52975,41052,5214,19854,3654,35838,2595,1277,1318
52980,41060,5215,19859,3655,35845,2595,1277,1318
52985,41063,5216,19862,3656,35847,2595,1277,1318
52990,41068,5217,19864,3656,35851,2595,1277,1318
52995,41072,5217,19865,3656,35855,2595,1277,1318
53000,41075,5218,19868,3657,35857,2595,1277,1318
53005,41076,5218,19868,3657,35858,2595,1277,1318
53010,41081,5219,19871,3658,35862,2595,1277,1318
53015,41083,5219,19872,3658,35864,2596,1277,1319
53020,41091,5220,19877,3658,35871,2596,1277,1319
53025,41094,5221,19879,3659,35873,2596,1277,1319
53030,41099,5223,19881,3660,35876,2597,1277,1320
53035,41103,5223,19882,3660,35880,2597,1277,1320
53040,41106,5224,19883,3661,35882,2597,1277,1320
53045,41107,5224,19884,3661,35883,2597,1277,1320
53050,41112,5224,19887,3661,35888,2597,1277,1320
53055,41114,5224,19889,3661,35890,2598,1278,1320
53060,41122,5224,19894,3661,35898,2598,1278,1320
53065,41125,5224,19896,3661,35901,2598,1278,1320
53070,41130,5225,19899,3662,35905,2599,1279,1320
53075,41134,5225,19901,3662,35908,2599,1279,1320
53080,41137,5227,19902,3664,35910,2599,1279,1320
53085,41138,5227,19902,3664,35911,2599,1279,1320
53090,41143,5227,19906,3664,35916,2599,1279,1320
53095,41145,5227,19908,3664,35918,2600,1280,1320
53100,41153,5227,19911,3664,35926,2600,1280,1320
53105,41156,5227,19912,3664,35929,2600,1280,1320
53110,41161,5228,19915,3665,35933,2601,1280,1321
53115,41165,5228,19917,3665,35937,2601,1280,1321
53120,41168,5228,19919,3665,35940,2601,1280,1321
53125,41169,5228,19919,3665,35941,2601,1280,1321
53130,41174,5228,19924,3665,35946,2601,1280,1321
53135,41176,5228,19925,3665,35948,2602,1281,1321
53140,41184,5228,19932,3665,35956,2602,1281,1321
53145,41187,5228,19934,3665,35959,2602,1281,1321
53150,41192,5229,19938,3666,35963,2603,1281,1322
53155,41196,5229,19941,3666,35967,2603,1281,1322
53160,41199,5230,19943,3667,35969,2603,1281,1322
53165,41200,5230,19943,3667,35970,2603,1281,1322
53170,41205,5231,19945,3668,35974,2603,1281,1322
53175,41207,5231,19946,3668,35976,2604,1282,1322
53180,41215,5232,19948,3668,35983,2604,1282,1322
53185,41218,5233,19950,3669,35985,2604,1282,1322
53190,41223,5233,19954,3669,35990,2605,1283,1322
53195,41227,5233,19954,3669,35994,2605,1283,1322
53200,41230,5233,19957,3669,35997,2605,1283,1322
53205,41231,5234,19958,3670,35997,2605,1283,1322
53210,41236,5235,19961,3671,36001,2605,1283,1322
53215,41238,5235,19961,3671,36003,2606,1283,1323
53220,41246,5236,19963,3672,36010,2606,1283,1323
53225,41249,5237,19964,3673,36012,2606,1283,1323
53230,41254,5237,19967,3673,36017,2607,1284,1323
53235,41258,5237,19968,3673,36021,2607,1284,1323
53240,41261,5237,19971,3673,36024,2607,1284,1323
53245,41262,5238,19972,3674,36024,2607,1284,1323
53250,41267,5239,19973,3674,36028,2607,1284,1323
53255,41269,5239,19974,3674,36030,2608,1285,1323
53260,41277,5240,19979,3675,36036,2608,1285,1323
53265,41280,5241,19980,3676,36039,2608,1285,1323
53270,41285,5242,19982,3677,36043,2609,1286,1323
53275,41289,5242,19985,3677,36046,2609,1286,1323
53280,41292,5244,19988,3679,36048,2609,1286,1323
53285,41293,5244,19988,3679,36049,2609,1286,1323
53290,41298,5245,19989,3680,36053,2609,1286,1323
53295,41300,5245,19990,3680,36055,2610,1286,1324
53300,41308,5246,19993,3681,36062,2610,1286,1324
53305,41311,5246,19994,3681,36065,2610,1286,1324
53310,41316,5247,19996,3681,36069,2610,1286,1324
53315,41320,5247,19998,3681,36072,2610,1286,1324
53320,41323,5248,19998,3682,36075,2610,1286,1324
53325,41324,5248,19998,3682,36076,2610,1286,1324
53330,41329,5249,20001,3683,36080,2610,1286,1324
53335,41331,5249,20003,3683,36082,2611,1287,1324
53340,41339,5250,20009,3684,36089,2611,1287,1324
53345,41342,5250,20010,3684,36092,2611,1287,1324
53350,41347,5251,20014,3684,36096,2611,1287,1324
53355,41351,5251,20015,3684,36100,2611,1287,1324
53360,41354,5251,20016,3684,36103,2611,1287,1324
53365,41355,5252,20017,3685,36103,2611,1287,1324
53370,41360,5253,20019,3686,36107,2611,1287,1324
53375,41362,5253,20020,3686,36109,2612,1288,1324
53380,41370,5253,20024,3686,36117,2612,1288,1324
53385,41373,5253,20025,3686,36120,2612,1288,1324
53390,41378,5254,20027,3687,36124,2613,1288,1325
53395,41382,5254,20031,3687,36127,2613,1288,1325
53400,41385,5255,20032,3688,36130,2613,1288,1325
53405,41386,5255,20032,3688,36131,2613,1288,1325
53410,41391,5256,20034,3688,36135,2613,1288,1325
53415,41393,5256,20035,3688,36137,2614,1288,1326
53420,41401,5257,20036,3688,36144,2614,1288,1326
53425,41404,5257,20037,3688,36147,2614,1288,1326
53430,41409,5258,20038,3688,36151,2615,1288,1327
53435,41413,5258,20040,3688,36155,2615,1288,1327
53440,41416,5258,20041,3688,36158,2615,1288,1327
53445,41417,5258,20041,3688,36159,2615,1288,1327
53450,41422,5259,20045,3689,36163,2615,1288,1327
53455,41424,5259,20046,3689,36165,2616,1289,1327
53460,41432,5260,20048,3689,36172,2616,1289,1327
53465,41435,5261,20050,3690,36174,2616,1289,1327
53470,41440,5262,20051,3690,36178,2617,1289,1328
53475,41444,5262,20052,3690,36182,2617,1289,1328
53480,41447,5262,20053,3690,36185,2617,1289,1328
53485,41448,5263,20054,3691,36185,2617,1289,1328
53490,41453,5264,20056,3692,36189,2617,1289,1328
53495,41455,5264,20056,3692,36191,2618,1289,1329
53500,41463,5265,20058,3693,36198,2618,1289,1329
53505,41466,5265,20058,3693,36201,2618,1289,1329
53510,41471,5267,20060,3695,36204,2619,1289,1330
53515,41475,5267,20061,3695,36207,2619,1289,1330
53520,41478,5268,20061,3696,36210,2619,1289,1330
53525,41479,5269,20062,3697,36210,2619,1289,1330
53530,41484,5270,20065,3698,36214,2619,1289,1330
53535,41486,5270,20065,3698,36216,2620,1289,1331
53540,41494,5271,20067,3698,36223,2620,1289,1331
53545,41497,5272,20069,3699,36225,2620,1289,1331
53550,41502,5272,20072,3699,36230,2620,1289,1331
53555,41506,5272,20075,3699,36233,2620,1289,1331
53560,41509,5273,20076,3700,36236,2620,1289,1331
53565,41510,5273,20076,3700,36237,2620,1289,1331
53570,41515,5274,20078,3701,36241,2620,1289,1331
53575,41517,5274,20080,3701,36243,2621,1290,1331
53580,41525,5275,20084,3701,36250,2621,1290,1331
53585,41528,5276,20085,3702,36252,2621,1290,1331
53590,41533,5276,20089,3702,36257,2621,1290,1331
53595,41537,5276,20091,3702,36261,2621,1290,1331
53600,41540,5276,20092,3702,36264,2621,1290,1331
53605,41541,5276,20092,3702,36265,2621,1290,1331
53610,41546,5277,20095,3702,36269,2621,1290,1331
53615,41548,5277,20095,3702,36271,2622,1290,1332
53620,41556,5278,20099,3702,36278,2622,1290,1332
53625,41559,5278,20101,3702,36281,2622,1290,1332
53630,41564,5279,20105,3703,36285,2623,1291,1332
53635,41568,5279,20106,3703,36289,2623,1291,1332
53640,41571,5280,20108,3704,36291,2623,1291,1332
53645,41572,5280,20108,3704,36292,2623,1291,1332
53650,41577,5281,20110,3704,36296,2623,1291,1332
53655,41579,5281,20110,3704,36298,2624,1291,1333
53660,41587,5283,20116,3706,36304,2624,1291,1333
53665,41590,5284,20119,3707,36306,2624,1291,1333
53670,41595,5285,20122,3707,36310,2624,1291,1333
53675,41599,5285,20125,3707,36313,2624,1291,1333
53680,41602,5287,20128,3709,36315,2624,1291,1333
53685,41603,5287,20128,3709,36316,2624,1291,1333
53690,41608,5288,20132,3710,36320,2624,1291,1333
53695,41610,5288,20133,3710,36322,2625,1292,1333
53700,41618,5290,20137,3711,36328,2625,1292,1333
53705,41621,5290,20139,3711,36331,2625,1292,1333
53710,41626,5290,20142,3711,36336,2625,1292,1333
53715,41630,5290,20143,3711,36340,2625,1292,1333
53720,41633,5290,20144,3711,36343,2625,1292,1333
53725,41634,5290,20144,3711,36344,2625,1292,1333
53730,41639,5291,20147,3711,36348,2625,1292,1333
53735,41641,5291,20149,3711,36350,2626,1293,1333
53740,41649,5291,20151,3711,36358,2626,1293,1333
53745,41652,5291,20153,3711,36361,2626,1293,1333
53750,41657,5291,20154,3711,36366,2626,1293,1333
53755,41661,5291,20156,3711,36370,2626,1293,1333
53760,41664,5291,20158,3711,36373,2626,1293,1333
53765,41665,5291,20158,3711,36374,2626,1293,1333
53770,41670,5292,20160,3711,36378,2626,1293,1333
53775,41672,5292,20161,3711,36380,2627,1294,1333
53780,41680,5292,20167,3711,36388,2627,1294,1333
53785,41683,5292,20168,3711,36391,2627,1294,1333
53790,41688,5293,20171,3712,36395,2628,1294,1334
53795,41692,5293,20173,3712,36399,2628,1294,1334
53800,41695,5293,20174,3712,36402,2628,1294,1334
53805,41696,5293,20174,3712,36403,2628,1294,1334
53810,41701,5294,20177,3712,36407,2628,1294,1334
53815,41703,5294,20178,3712,36409,2629,1295,1334
53820,41711,5297,20184,3715,36413,2629,1295,1334
53825,41714,5298,20186,3716,36416,2629,1295,1334
53830,41719,5299,20188,3717,36420,2630,1296,1334
53835,41723,5299,20190,3717,36424,2630,1296,1334
53840,41726,5299,20192,3717,36427,2630,1296,1334
53845,41727,5299,20193,3717,36428,2630,1296,1334
53850,41732,5300,20196,3718,36432,2630,1296,1334
53855,41734,5300,20197,3718,36434,2631,1296,1335
53860,41742,5302,20202,3720,36440,2631,1296,1335
53865,41745,5302,20203,3720,36443,2631,1296,1335
53870,41750,5303,20206,3721,36447,2632,1296,1336
53875,41754,5303,20208,3721,36451,2632,1296,1336
53880,41757,5304,20209,3722,36453,2632,1296,1336
53885,41758,5305,20210,3723,36453,2632,1296,1336
53890,41763,5306,20213,3724,36457,2632,1296,1336
53895,41765,5306,20215,3724,36459,2633,1297,1336
53900,41773,5308,20218,3725,36465,2633,1297,1336
53905,41776,5308,20219,3725,36468,2633,1297,1336
53910,41781,5309,20221,3726,36472,2634,1297,1337
53915,41785,5309,20222,3726,36476,2634,1297,1337
53920,41788,5310,20224,3727,36478,2634,1297,1337
53925,41789,5310,20225,3727,36479,2634,1297,1337
53930,41794,5310,20226,3727,36484,2634,1297,1337
53935,41796,5310,20226,3727,36486,2635,1297,1338
53940,41804,5311,20228,3727,36493,2635,1297,1338
53945,41807,5312,20231,3728,36495,2635,1297,1338
53950,41812,5312,20234,3728,36500,2636,1297,1339
53955,41816,5312,20235,3728,36504,2636,1297,1339
53960,41819,5312,20236,3728,36507,2636,1297,1339
53965,41820,5312,20236,3728,36508,2636,1297,1339
53970,41825,5313,20238,3728,36512,2636,1297,1339
53975,41827,5313,20239,3728,36514,2637,1298,1339
53980,41835,5314,20243,3729,36521,2637,1298,1339
53985,41838,5315,20245,3730,36523,2637,1298,1339
53990,41843,5315,20248,3730,36528,2638,1299,1339
53995,41847,5315,20250,3730,36532,2638,1299,1339
54000,41850,5315,20251,3730,36535,2638,1299,1339
54005,41851,5316,20252,3731,36535,2638,1299,1339
54010,41856,5317,20254,3731,36539,2638,1299,1339
54015,41858,5317,20255,3731,36541,2639,1299,1340
54020,41866,5318,20259,3731,36548,2639,1299,1340
54025,41869,5318,20260,3731,36551,2639,1299,1340
54030,41874,5318,20263,3731,36556,2639,1299,1340
54035,41878,5318,20265,3731,36560,2639,1299,1340
54040,41881,5318,20265,3731,36563,2639,1299,1340
54045,41882,5319,20266,3732,36563,2639,1299,1340
54050,41887,5320,20268,3732,36567,2639,1299,1340
54055,41889,5320,20269,3732,36569,2640,1299,1341
54060,41897,5322,20274,3734,36574,2640,1299,1341
54065,41900,5323,20275,3735,36577,2640,1299,1341
54070,41905,5324,20276,3735,36581,2641,1299,1342
54075,41909,5324,20278,3735,36584,2641,1299,1342
54080,41912,5326,20281,3737,36586,2641,1299,1342
54085,41913,5326,20281,3737,36587,2641,1299,1342
54090,41918,5327,20284,3737,36591,2641,1299,1342
54095,41920,5327,20285,3737,36593,2642,1300,1342
54100,41928,5328,20289,3737,36600,2642,1300,1342
54105,41931,5328,20290,3737,36603,2642,1300,1342
54110,41936,5329,20291,3737,36607,2642,1300,1342
54115,41940,5329,20294,3737,36610,2642,1300,1342
54120,41943,5330,20295,3738,36613,2642,1300,1342
54125,41944,5330,20296,3738,36614,2642,1300,1342
54130,41949,5331,20298,3738,36618,2642,1300,1342
54135,41951,5331,20298,3738,36620,2643,1300,1343
54140,41959,5332,20301,3739,36627,2643,1300,1343
54145,41962,5332,20301,3739,36630,2643,1300,1343
54150,41967,5333,20303,3739,36634,2643,1300,1343
54155,41971,5333,20304,3739,36638,2643,1300,1343
54160,41974,5334,20307,3740,36640,2643,1300,1343
54165,41975,5334,20307,3740,36641,2643,1300,1343
54170,41980,5335,20310,3740,36645,2643,1300,1343
54175,41982,5335,20311,3740,36647,2644,1300,1344
54180,41990,5337,20316,3741,36653,2644,1300,1344
54185,41993,5337,20317,3741,36656,2644,1300,1344
54190,41998,5338,20321,3742,36660,2645,1301,1344
54195,42002,5338,20322,3742,36664,2645,1301,1344
54200,42005,5338,20324,3742,36667,2645,1301,1344
54205,42006,5339,20325,3743,36667,2645,1301,1344
54210,42011,5340,20327,3743,36671,2645,1301,1344
54215,42013,5340,20328,3743,36673,2646,1301,1345
54220,42021,5341,20330,3743,36680,2646,1301,1345
54225,42024,5341,20332,3743,36683,2646,1301,1345
54230,42029,5342,20333,3743,36687,2647,1302,1345
54235,42033,5342,20335,3743,36690,2647,1302,1345
54240,42036,5344,20336,3745,36692,2647,1302,1345
54245,42037,5344,20336,3745,36693,2647,1302,1345
54250,42042,5345,20339,3745,36697,2647,1302,1345
54255,42044,5345,20340,3745,36699,2648,1303,1345
54260,42052,5346,20343,3745,36705,2648,1303,1345
54265,42055,5347,20344,3746,36708,2648,1303,1345
54270,42060,5347,20346,3746,36713,2649,1304,1345
54275,42064,5347,20349,3746,36716,2649,1304,1345
54280,42067,5348,20352,3747,36719,2649,1304,1345
54285,42068,5348,20353,3747,36720,2649,1304,1345
54290,42073,5349,20355,3747,36724,2649,1304,1345
54295,42075,5349,20356,3747,36726,2650,1304,1346
54300,42083,5351,20358,3749,36732,2650,1304,1346
54305,42086,5351,20359,3749,36735,2650,1304,1346
54310,42091,5351,20361,3749,36740,2651,1304,1347
54315,42095,5351,20363,3749,36744,2651,1304,1347
54320,42098,5351,20364,3749,36747,2651,1304,1347
54325,42099,5351,20364,3749,36748,2651,1304,1347
54330,42104,5352,20367,3749,36752,2651,1304,1347
54335,42106,5352,20368,3749,36754,2652,1304,1348
54340,42114,5353,20372,3750,36761,2652,1304,1348
54345,42117,5354,20373,3751,36763,2652,1304,1348
54350,42122,5355,20376,3751,36767,2652,1304,1348
54355,42126,5355,20377,3751,36770,2652,1304,1348
54360,42129,5356,20378,3752,36773,2652,1304,1348
54365,42130,5356,20378,3752,36774,2652,1304,1348
54370,42135,5356,20382,3752,36779,2652,1304,1348
54375,42137,5356,20383,3752,36781,2653,1305,1348
54380,42145,5358,20387,3753,36787,2653,1305,1348
54385,42148,5358,20387,3753,36790,2653,1305,1348
54390,42153,5359,20390,3753,36794,2653,1305,1348
54395,42157,5359,20392,3753,36797,2653,1305,1348
54400,42160,5360,20394,3754,36800,2653,1305,1348
54405,42161,5360,20394,3754,36801,2653,1305,1348
54410,42166,5360,20396,3754,36806,2653,1305,1348
54415,42168,5360,20397,3754,36808,2654,1306,1348
54420,42176,5362,20402,3755,36813,2654,1306,1348
54425,42179,5363,20405,3756,36816,2654,1306,1348
54430,42184,5364,20408,3757,36820,2655,1306,1349
54435,42188,5364,20411,3757,36824,2655,1306,1349
54440,42191,5365,20414,3758,36826,2655,1306,1349
54445,42192,5365,20414,3758,36827,2655,1306,1349
54450,42197,5365,20416,3758,36832,2655,1306,1349
54455,42199,5365,20417,3758,36834,2656,1306,1350
54460,42207,5365,20420,3758,36842,2656,1306,1350
54465,42210,5365,20423,3758,36845,2656,1306,1350
54470,42215,5366,20427,3759,36849,2657,1307,1350
54475,42219,5366,20429,3759,36853,2657,1307,1350
54480,42222,5367,20431,3760,36855,2657,1307,1350
54485,42223,5368,20432,3761,36855,2657,1307,1350
54490,42228,5369,20433,3761,36859,2657,1307,1350
54495,42230,5369,20435,3761,36861,2658,1308,1350
54500,42238,5369,20440,3761,36869,2658,1308,1350
54505,42241,5369,20442,3761,36872,2658,1308,1350
54510,42246,5369,20445,3761,36877,2658,1308,1350
54515,42250,5369,20446,3761,36881,2658,1308,1350
54520,42253,5369,20447,3761,36884,2658,1308,1350
54525,42254,5369,20448,3761,36885,2658,1308,1350
54530,42259,5370,20450,3761,36889,2658,1308,1350
54535,42261,5370,20450,3761,36891,2659,1308,1351
54540,42269,5370,20452,3761,36899,2659,1308,1351
54545,42272,5370,20455,3761,36902,2659,1308,1351
54550,42277,5370,20458,3761,36907,2659,1308,1351
54555,42281,5370,20461,3761,36911,2659,1308,1351
54560,42284,5370,20461,3761,36914,2659,1308,1351
54565,42285,5370,20462,3761,36915,2659,1308,1351
54570,42290,5371,20465,3761,36919,2659,1308,1351
54575,42292,5371,20466,3761,36921,2660,1309,1351
54580,42300,5371,20470,3761,36929,2660,1309,1351
54585,42303,5371,20471,3761,36932,2660,1309,1351
54590,42308,5372,20471,3761,36936,2660,1309,1351
54595,42312,5372,20474,3761,36940,2660,1309,1351
54600,42315,5372,20475,3761,36943,2660,1309,1351
54605,42316,5373,20476,3762,36943,2660,1309,1351
54610,42321,5374,20478,3762,36947,2660,1309,1351
54615,42323,5374,20479,3762,36949,2661,1310,1351
54620,42331,5375,20484,3763,36956,2661,1310,1351
54625,42334,5376,20486,3764,36958,2661,1310,1351
54630,42339,5377,20489,3764,36962,2661,1310,1351
54635,42343,5377,20492,3764,36965,2661,1310,1351
54640,42346,5378,20493,3765,36968,2661,1310,1351
54645,42347,5378,20493,3765,36969,2661,1310,1351
54650,42352,5379,20495,3766,36973,2661,1310,1351
54655,42354,5379,20496,3766,36975,2662,1310,1352
54660,42362,5381,20499,3768,36981,2662,1310,1352
54665,42365,5381,20500,3768,36984,2662,1310,1352
54670,42370,5382,20503,3768,36988,2662,1310,1352
54675,42374,5382,20504,3768,36992,2662,1310,1352
54680,42377,5383,20505,3769,36994,2662,1310,1352
54685,42378,5384,20506,3770,36994,2662,1310,1352
54690,42383,5385,20508,3770,36998,2662,1310,1352
54695,42385,5385,20509,3770,37000,2663,1311,1352
54700,42393,5386,20512,3771,37007,2663,1311,1352
54705,42396,5386,20512,3771,37010,2663,1311,1352
54710,42401,5387,20515,3771,37014,2663,1311,1352
54715,42405,5387,20517,3771,37018,2663,1311,1352
54720,42408,5388,20519,3772,37020,2663,1311,1352
54725,42409,5388,20520,3772,37021,2663,1311,1352
54730,42414,5389,20522,3773,37025,2663,1311,1352
54735,42416,5389,20523,3773,37027,2664,1311,1353
54740,42424,5389,20527,3773,37035,2664,1311,1353
54745,42427,5389,20527,3773,37038,2664,1311,1353
54750,42432,5390,20530,3774,37042,2664,1311,1353
54755,42436,5390,20530,3774,37046,2664,1311,1353
54760,42439,5390,20531,3774,37049,2664,1311,1353
54765,42440,5390,20531,3774,37050,2664,1311,1353
54770,42445,5391,20534,3774,37054,2664,1311,1353
54775,42447,5391,20536,3774,37056,2665,1312,1353
54780,42455,5392,20543,3775,37063,2665,1312,1353
54785,42458,5392,20544,3775,37066,2665,1312,1353
54790,42463,5393,20545,3775,37070,2665,1312,1353
54795,42467,5393,20548,3775,37073,2665,1312,1353
54800,42470,5395,20551,3777,37075,2665,1312,1353
54805,42471,5395,20551,3777,37076,2665,1312,1353
54810,42476,5396,20553,3777,37080,2665,1312,1353
54815,42478,5396,20554,3777,37082,2666,1313,1353
54820,42486,5396,20556,3777,37090,2666,1313,1353
54825,42489,5396,20557,3777,37093,2666,1313,1353
54830,42494,5397,20559,3777,37097,2666,1313,1353
54835,42498,5397,20561,3777,37100,2666,1313,1353
54840,42501,5398,20563,3778,37103,2666,1313,1353
54845,42502,5399,20564,3779,37103,2666,1313,1353
54850,42507,5400,20566,3779,37107,2666,1313,1353
54855,42509,5400,20566,3779,37109,2667,1313,1354
54860,42517,5401,20570,3780,37116,2667,1313,1354
54865,42520,5402,20572,3781,37118,2667,1313,1354
54870,42525,5402,20574,3781,37123,2667,1313,1354
54875,42529,5402,20577,3781,37126,2667,1313,1354
54880,42532,5403,20580,3782,37129,2667,1313,1354
54885,42533,5403,20580,3782,37130,2667,1313,1354
54890,42538,5404,20584,3783,37134,2667,1313,1354
54895,42540,5404,20584,3783,37136,2668,1313,1355
54900,42548,5405,20589,3784,37143,2668,1313,1355
54905,42551,5405,20590,3784,37146,2668,1313,1355
54910,42556,5405,20594,3784,37151,2668,1313,1355
54915,42560,5405,20594,3784,37155,2668,1313,1355
54920,42563,5405,20595,3784,37158,2668,1313,1355
54925,42564,5405,20595,3784,37159,2668,1313,1355
54930,42569,5406,20598,3785,37163,2668,1313,1355
54935,42571,5406,20599,3785,37165,2669,1313,1356
54940,42579,5408,20605,3786,37171,2669,1313,1356
54945,42582,5409,20607,3787,37173,2669,1313,1356
54950,42587,5409,20610,3787,37178,2669,1313,1356
54955,42591,5409,20612,3787,37182,2669,1313,1356
54960,42594,5410,20615,3788,37184,2669,1313,1356
54965,42595,5410,20615,3788,37185,2669,1313,1356
54970,42600,5411,20619,3789,37189,2669,1313,1356
54975,42602,5411,20620,3789,37191,2670,1313,1357
54980,42610,5412,20620,3789,37198,2670,1313,1357
54985,42613,5412,20620,3789,37201,2670,1313,1357
54990,42618,5413,20622,3789,37205,2670,1313,1357
54995,42622,5413,20623,3789,37209,2670,1313,1357
55000,42625,5413,20623,3789,37212,2670,1313,1357
55005,42626,5413,20624,3789,37213,2670,1313,1357
55010,42631,5414,20625,3789,37217,2670,1313,1357
55015,42633,5414,20625,3789,37219,2671,1313,1358
55020,42641,5416,20632,3791,37224,2671,1313,1358
55025,42644,5417,20635,3792,37227,2671,1313,1358
55030,42649,5418,20635,3792,37231,2671,1313,1358
55035,42653,5418,20637,3792,37235,2671,1313,1358
55040,42656,5419,20639,3793,37237,2671,1313,1358
55045,42657,5420,20640,3794,37237,2671,1313,1358
55050,42662,5421,20644,3794,37241,2671,1313,1358
55055,42664,5421,20645,3794,37243,2672,1314,1358
55060,42672,5422,20649,3794,37250,2672,1314,1358
55065,42675,5422,20651,3794,37253,2672,1314,1358
55070,42680,5423,20651,3794,37257,2672,1314,1358
55075,42684,5423,20653,3794,37260,2672,1314,1358
55080,42687,5424,20653,3795,37263,2672,1314,1358
55085,42688,5425,20654,3796,37263,2672,1314,1358
55090,42693,5426,20656,3796,37267,2672,1314,1358
55095,42695,5426,20657,3796,37269,2673,1315,1358
55100,42703,5427,20659,3796,37276,2673,1315,1358
55105,42706,5427,20661,3796,37279,2673,1315,1358
55110,42711,5428,20665,3797,37283,2673,1315,1358
55115,42715,5428,20667,3797,37287,2673,1315,1358
55120,42718,5428,20668,3797,37290,2673,1315,1358
55125,42719,5428,20668,3797,37291,2673,1315,1358
55130,42724,5429,20669,3797,37295,2673,1315,1358
55135,42726,5429,20671,3797,37297,2674,1316,1358
55140,42734,5432,20676,3800,37302,2674,1316,1358
55145,42737,5433,20678,3801,37304,2674,1316,1358
55150,42742,5434,20681,3802,37308,2674,1316,1358
55155,42746,5434,20684,3802,37311,2674,1316,1358
55160,42749,5435,20686,3803,37314,2674,1316,1358
55165,42750,5435,20687,3803,37315,2674,1316,1358
55170,42755,5435,20687,3803,37320,2674,1316,1358
55175,42757,5435,20687,3803,37322,2675,1316,1359
55180,42765,5437,20691,3804,37328,2675,1316,1359
55185,42768,5438,20693,3805,37330,2675,1316,1359
55190,42773,5439,20694,3805,37334,2675,1316,1359
55195,42777,5439,20697,3805,37338,2675,1316,1359
55200,42780,5440,20699,3806,37340,2675,1316,1359
55205,42781,5440,20699,3806,37341,2675,1316,1359
55210,42786,5440,20701,3806,37346,2675,1316,1359
55215,42788,5440,20702,3806,37348,2676,1317,1359
55220,42796,5442,20707,3808,37354,2676,1317,1359
55225,42799,5442,20708,3808,37357,2676,1317,1359
55230,42804,5443,20709,3808,37361,2676,1317,1359
55235,42808,5443,20712,3808,37365,2676,1317,1359
55240,42811,5443,20713,3808,37368,2676,1317,1359
55245,42812,5443,20714,3808,37369,2676,1317,1359
55250,42817,5444,20718,3809,37373,2676,1317,1359
55255,42819,5444,20718,3809,37375,2677,1317,1360
55260,42827,5446,20723,3811,37380,2677,1317,1360
55265,42830,5447,20724,3812,37383,2677,1317,1360
55270,42835,5448,20726,3813,37387,2677,1317,1360
55275,42839,5448,20729,3813,37391,2677,1317,1360
55280,42842,5448,20730,3813,37394,2677,1317,1360
55285,42843,5449,20731,3814,37394,2677,1317,1360
55290,42848,5450,20734,3814,37398,2677,1317,1360
55295,42850,5450,20736,3814,37400,2678,1318,1360
55300,42858,5450,20741,3814,37408,2678,1318,1360
55305,42861,5450,20742,3814,37411,2678,1318,1360
55310,42866,5451,20745,3815,37415,2678,1318,1360
55315,42870,5451,20748,3815,37419,2678,1318,1360
55320,42873,5451,20751,3815,37422,2678,1318,1360
55325,42874,5451,20751,3815,37423,2678,1318,1360
55330,42879,5451,20753,3815,37428,2678,1318,1360
55335,42881,5451,20754,3815,37430,2679,1318,1361
55340,42889,5451,20757,3815,37438,2679,1318,1361
55345,42892,5451,20757,3815,37441,2679,1318,1361
55350,42897,5451,20759,3815,37446,2679,1318,1361
55355,42901,5451,20760,3815,37450,2679,1318,1361
55360,42904,5451,20761,3815,37453,2679,1318,1361
55365,42905,5451,20762,3815,37454,2679,1318,1361
55370,42910,5451,20762,3815,37459,2679,1318,1361
55375,42912,5451,20763,3815,37461,2680,1319,1361
55380,42920,5451,20767,3815,37469,2680,1319,1361
55385,42923,5451,20768,3815,37472,2680,1319,1361
55390,42928,5451,20771,3815,37477,2680,1319,1361
55395,42932,5451,20774,3815,37481,2680,1319,1361
55400,42935,5451,20774,3815,37484,2680,1319,1361
55405,42936,5451,20775,3815,37485,2680,1319,1361
55410,42941,5451,20777,3815,37490,2680,1319,1361
55415,42943,5451,20778,3815,37492,2681,1319,1362
55420,42951,5451,20782,3815,37500,2681,1319,1362
55425,42954,5451,20784,3815,37503,2681,1319,1362
55430,42959,5452,20787,3816,37507,2681,1319,1362
55435,42963,5452,20790,3816,37511,2681,1319,1362
55440,42966,5452,20791,3816,37514,2681,1319,1362
55445,42967,5452,20791,3816,37515,2681,1319,1362
55450,42972,5453,20792,3816,37519,2681,1319,1362
55455,42974,5453,20792,3816,37521,2682,1319,1363
55460,42982,5454,20794,3816,37528,2682,1319,1363
55465,42985,5454,20794,3816,37531,2682,1319,1363
55470,42990,5455,20794,3816,37535,2682,1319,1363
55475,42994,5455,20796,3816,37539,2682,1319,1363
55480,42997,5455,20797,3816,37542,2682,1319,1363
55485,42998,5455,20798,3816,37543,2682,1319,1363
55490,43003,5456,20800,3817,37547,2682,1319,1363
55495,43005,5456,20800,3817,37549,2683,1319,1364
55500,43013,5458,20805,3818,37555,2683,1319,1364
55505,43016,5458,20807,3818,37558,2683,1319,1364
55510,43021,5459,20809,3819,37562,2683,1319,1364
55515,43025,5459,20812,3819,37566,2683,1319,1364
55520,43028,5460,20814,3820,37568,2683,1319,1364
55525,43029,5461,20815,3821,37568,2683,1319,1364
55530,43034,5462,20817,3821,37572,2683,1319,1364
55535,43036,5462,20817,3821,37574,2684,1319,1365
55540,43044,5464,20823,3823,37580,2684,1319,1365
55545,43047,5464,20824,3823,37583,2684,1319,1365
55550,43052,5465,20825,3823,37587,2684,1319,1365
55555,43056,5465,20827,3823,37591,2684,1319,1365
55560,43059,5465,20827,3823,37594,2684,1319,1365
55565,43060,5465,20827,3823,37595,2684,1319,1365
55570,43065,5466,20830,3824,37599,2684,1319,1365
55575,43067,5466,20831,3824,37601,2685,1320,1365
55580,43075,5467,20833,3824,37608,2685,1320,1365
55585,43078,5467,20835,3824,37611,2685,1320,1365
55590,43083,5468,20838,3825,37615,2685,1320,1365
55595,43087,5468,20839,3825,37619,2685,1320,1365
55600,43090,5469,20842,3826,37621,2685,1320,1365
55605,43091,5469,20843,3826,37622,2685,1320,1365
55610,43096,5470,20845,3827,37626,2685,1320,1365
55615,43098,5470,20845,3827,37628,2686,1320,1366
55620,43106,5471,20848,3827,37635,2686,1320,1366
55625,43109,5472,20851,3828,37637,2686,1320,1366
55630,43114,5473,20853,3828,37641,2686,1320,1366
55635,43118,5473,20853,3828,37645,2686,1320,1366
55640,43121,5473,20853,3828,37648,2686,1320,1366
55645,43122,5473,20853,3828,37649,2686,1320,1366
55650,43127,5474,20854,3828,37653,2686,1320,1366
55655,43129,5474,20855,3828,37655,2687,1320,1367
55660,43137,5475,20858,3829,37662,2687,1320,1367
55665,43140,5475,20859,3829,37665,2687,1320,1367
55670,43145,5476,20861,3829,37669,2687,1320,1367
55675,43149,5476,20863,3829,37672,2687,1320,1367
55680,43152,5477,20864,3830,37675,2687,1320,1367
55685,43153,5477,20864,3830,37676,2687,1320,1367
55690,43158,5478,20868,3831,37680,2687,1320,1367
55695,43160,5478,20868,3831,37682,2688,1320,1368
55700,43168,5479,20869,3831,37689,2688,1320,1368
55705,43171,5480,20871,3832,37691,2688,1320,1368
55710,43176,5481,20874,3833,37695,2688,1320,1368
55715,43180,5481,20877,3833,37699,2688,1320,1368
55720,43183,5482,20879,3834,37701,2688,1320,1368
55725,43184,5482,20879,3834,37702,2688,1320,1368
55730,43189,5483,20882,3835,37706,2688,1320,1368
55735,43191,5483,20883,3835,37708,2689,1320,1369
55740,43199,5484,20887,3836,37715,2689,1320,1369
55745,43202,5484,20889,3836,37718,2689,1320,1369
55750,43207,5484,20891,3836,37723,2689,1320,1369
55755,43211,5484,20893,3836,37727,2689,1320,1369
55760,43214,5484,20894,3836,37730,2689,1320,1369
55765,43215,5485,20895,3837,37730,2689,1320,1369
55770,43220,5486,20899,3838,37734,2689,1320,1369
55775,43222,5486,20899,3838,37736,2690,1320,1370
55780,43230,5487,20900,3838,37742,2690,1320,1370
55785,43233,5488,20900,3839,37745,2690,1320,1370
55790,43238,5488,20902,3839,37750,2690,1320,1370
55795,43242,5488,20903,3839,37754,2690,1320,1370
55800,43245,5488,20904,3839,37757,2690,1320,1370
55805,43246,5488,20904,3839,37758,2690,1320,1370
55810,43251,5489,20905,3839,37762,2690,1320,1370
55815,43253,5489,20905,3839,37764,2691,1320,1371
55820,43261,5489,20911,3839,37772,2691,1320,1371
55825,43264,5489,20913,3839,37775,2691,1320,1371
55830,43269,5489,20914,3839,37780,2691,1320,1371
55835,43273,5489,20918,3839,37784,2691,1320,1371
55840,43276,5489,20920,3839,37787,2691,1320,1371
55845,43277,5489,20920,3839,37788,2691,1320,1371
55850,43282,5490,20924,3840,37792,2691,1320,1371
55855,43284,5490,20925,3840,37794,2692,1320,1372
55860,43292,5490,20928,3840,37802,2692,1320,1372
55865,43295,5490,20930,3840,37805,2692,1320,1372
55870,43300,5491,20934,3841,37809,2692,1320,1372
55875,43304,5491,20937,3841,37812,2692,1320,1372
55880,43307,5492,20938,3842,37815,2692,1320,1372
55885,43308,5492,20938,3842,37816,2692,1320,1372
55890,43313,5493,20939,3843,37820,2692,1320,1372
55895,43315,5493,20941,3843,37822,2693,1321,1372
55900,43323,5494,20945,3844,37829,2693,1321,1372
55905,43326,5494,20946,3844,37832,2693,1321,1372
55910,43331,5495,20948,3844,37836,2693,1321,1372
55915,43335,5495,20949,3844,37839,2693,1321,1372
55920,43338,5497,20952,3846,37841,2693,1321,1372
55925,43339,5498,20953,3847,37841,2693,1321,1372
55930,43344,5499,20955,3847,37845,2693,1321,1372
55935,43346,5499,20956,3847,37847,2694,1321,1373
55940,43354,5501,20960,3848,37853,2694,1321,1373
55945,43357,5501,20961,3848,37856,2694,1321,1373
55950,43362,5502,20963,3848,37860,2694,1321,1373
55955,43366,5502,20964,3848,37864,2694,1321,1373
55960,43369,5502,20964,3848,37867,2694,1321,1373
55965,43370,5502,20964,3848,37868,2694,1321,1373
55970,43375,5503,20966,3849,37872,2694,1321,1373
55975,43377,5503,20967,3849,37874,2695,1322,1373
55980,43385,5505,20972,3851,37880,2695,1322,1373
55985,43388,5505,20972,3851,37883,2695,1322,1373
55990,43393,5506,20973,3851,37887,2695,1322,1373
55995,43397,5506,20974,3851,37891,2695,1322,1373
56000,43400,5506,20975,3851,37894,2695,1322,1373
56005,43401,5506,20975,3851,37895,2695,1322,1373
56010,43406,5506,20976,3851,37900,2695,1322,1373
56015,43408,5506,20977,3851,37902,2696,1322,1374
56020,43416,5508,20982,3852,37908,2696,1322,1374
56025,43419,5509,20983,3853,37910,2696,1322,1374
56030,43424,5510,20986,3853,37914,2696,1322,1374
56035,43428,5510,20988,3853,37918,2696,1322,1374
56040,43431,5510,20990,3853,37921,2696,1322,1374
56045,43432,5511,20991,3854,37921,2696,1322,1374
56050,43437,5512,20995,3855,37925,2696,1322,1374
56055,43439,5512,20995,3855,37927,2697,1322,1375
56060,43447,5513,21000,3855,37934,2697,1322,1375
56065,43450,5513,21001,3855,37937,2697,1322,1375
56070,43455,5514,21005,3856,37941,2697,1322,1375
56075,43459,5514,21006,3856,37945,2697,1322,1375
56080,43462,5514,21007,3856,37948,2697,1322,1375
56085,43463,5515,21008,3857,37948,2697,1322,1375
56090,43468,5516,21010,3858,37952,2697,1322,1375
56095,43470,5516,21012,3858,37954,2698,1323,1375
56100,43478,5517,21014,3859,37961,2698,1323,1375
56105,43481,5517,21015,3859,37964,2698,1323,1375
56110,43486,5518,21016,3859,37968,2698,1323,1375
56115,43490,5518,21017,3859,37972,2698,1323,1375
56120,43493,5518,21019,3859,37975,2698,1323,1375
56125,43494,5518,21019,3859,37976,2698,1323,1375
56130,43499,5519,21021,3859,37980,2698,1323,1375
56135,43501,5519,21022,3859,37982,2699,1323,1376
56140,43509,5520,21028,3860,37989,2699,1323,1376
56145,43512,5520,21030,3860,37992,2699,1323,1376
56150,43517,5521,21033,3861,37996,2699,1323,1376
56155,43521,5521,21035,3861,37999,2699,1323,1376
56160,43524,5523,21038,3863,38001,2699,1323,1376
56165,43525,5523,21039,3863,38002,2699,1323,1376
56170,43530,5524,21041,3864,38006,2699,1323,1376
56175,43532,5524,21041,3864,38008,2700,1323,1377
56180,43540,5526,21045,3866,38014,2700,1323,1377
56185,43543,5526,21046,3866,38017,2700,1323,1377
56190,43548,5527,21048,3866,38021,2700,1323,1377
56195,43552,5527,21050,3866,38025,2700,1323,1377
56200,43555,5528,21051,3867,38027,2700,1323,1377
56205,43556,5528,21051,3867,38028,2700,1323,1377
56210,43561,5529,21055,3868,38032,2700,1323,1377
56215,43563,5529,21057,3868,38034,2701,1324,1377
56220,43571,5530,21062,3869,38041,2701,1324,1377
56225,43574,5530,21064,3869,38044,2701,1324,1377
56230,43579,5531,21066,3869,38048,2701,1324,1377
56235,43583,5531,21068,3869,38052,2701,1324,1377
56240,43586,5532,21071,3870,38054,2701,1324,1377
56245,43587,5532,21071,3870,38055,2701,1324,1377
56250,43592,5533,21072,3870,38059,2701,1324,1377
56255,43594,5533,21073,3870,38061,2702,1325,1377
56260,43602,5534,21074,3870,38068,2702,1325,1377
56265,43605,5534,21077,3870,38071,2702,1325,1377
56270,43610,5536,21079,3871,38074,2702,1325,1377
56275,43614,5536,21081,3871,38077,2702,1325,1377
56280,43617,5537,21083,3872,38080,2702,1325,1377
56285,43618,5538,21084,3873,38080,2702,1325,1377
56290,43623,5539,21086,3874,38084,2702,1325,1377
56295,43625,5539,21088,3874,38086,2703,1326,1377
56300,43633,5540,21094,3875,38093,2703,1326,1377
56305,43636,5540,21096,3875,38096,2703,1326,1377
56310,43641,5540,21100,3875,38101,2703,1326,1377
56315,43645,5540,21101,3875,38105,2703,1326,1377
56320,43648,5540,21102,3875,38108,2703,1326,1377
56325,43649,5541,21103,3876,38108,2703,1326,1377
56330,43654,5542,21107,3877,38112,2703,1326,1377
56335,43656,5542,21108,3877,38114,2704,1327,1377
56340,43664,5543,21113,3878,38121,2704,1327,1377
56345,43667,5543,21115,3878,38124,2704,1327,1377
56350,43672,5543,21116,3878,38129,2704,1327,1377
56355,43676,5543,21117,3878,38133,2704,1327,1377
56360,43679,5543,21119,3878,38136,2704,1327,1377
56365,43680,5543,21119,3878,38137,2704,1327,1377
56370,43685,5543,21122,3878,38142,2704,1327,1377
56375,43687,5543,21123,3878,38144,2705,1327,1378
56380,43695,5545,21129,3880,38150,2705,1327,1378
56385,43698,5545,21130,3880,38153,2705,1327,1378
56390,43703,5546,21132,3881,38157,2705,1327,1378
56395,43707,5546,21134,3881,38160,2705,1327,1378
56400,43710,5547,21135,3882,38163,2705,1327,1378
56405,43711,5547,21135,3882,38164,2705,1327,1378
56410,43716,5547,21136,3882,38169,2705,1327,1378
56415,43718,5547,21136,3882,38171,2706,1327,1379
56420,43726,5548,21140,3882,38178,2706,1327,1379
56425,43729,5548,21141,3882,38181,2706,1327,1379
56430,43734,5549,21143,3883,38185,2706,1327,1379
56435,43738,5549,21144,3883,38189,2706,1327,1379
56440,43741,5550,21146,3884,38191,2706,1327,1379
56445,43742,5550,21147,3884,38192,2706,1327,1379
56450,43747,5551,21149,3885,38196,2706,1327,1379
56455,43749,5551,21150,3885,38198,2707,1328,1379
56460,43757,5553,21154,3887,38204,2707,1328,1379
56465,43760,5554,21156,3888,38206,2707,1328,1379
56470,43765,5555,21161,3889,38210,2707,1328,1379
56475,43769,5555,21161,3889,38214,2707,1328,1379
56480,43772,5555,21162,3889,38217,2707,1328,1379
56485,43773,5555,21163,3889,38218,2707,1328,1379
56490,43778,5556,21165,3889,38222,2707,1328,1379
56495,43780,5556,21165,3889,38224,2708,1328,1380
56500,43788,5557,21169,3890,38231,2708,1328,1380
56505,43791,5558,21171,3891,38233,2708,1328,1380
56510,43796,5560,21174,3892,38236,2708,1328,1380
56515,43800,5560,21178,3892,38240,2708,1328,1380
56520,43803,5560,21178,3892,38243,2708,1328,1380
56525,43804,5560,21179,3892,38244,2708,1328,1380
56530,43809,5561,21182,3892,38248,2708,1328,1380
56535,43811,5561,21183,3892,38250,2709,1329,1380
56540,43819,5563,21188,3893,38256,2709,1329,1380
56545,43822,5564,21190,3894,38258,2709,1329,1380
56550,43827,5566,21192,3895,38261,2709,1329,1380
56555,43831,5566,21194,3895,38265,2709,1329,1380
56560,43834,5566,21196,3895,38268,2709,1329,1380
56565,43835,5566,21197,3895,38269,2709,1329,1380
56570,43840,5567,21197,3895,38273,2709,1329,1380
56575,43842,5567,21199,3895,38275,2710,1330,1380
56580,43850,5570,21203,3897,38280,2710,1330,1380
56585,43853,5570,21205,3897,38283,2710,1330,1380
56590,43858,5571,21207,3898,38287,2710,1330,1380
56595,43862,5571,21208,3898,38291,2710,1330,1380
56600,43865,5571,21208,3898,38294,2710,1330,1380
56605,43866,5571,21208,3898,38295,2710,1330,1380
56610,43871,5572,21209,3899,38299,2710,1330,1380
56615,43873,5572,21210,3899,38301,2711,1330,1381
56620,43881,5573,21216,3900,38308,2711,1330,1381
56625,43884,5573,21217,3900,38311,2711,1330,1381
56630,43889,5574,21219,3901,38315,2711,1330,1381
56635,43893,5574,21222,3901,38318,2711,1330,1381
56640,43896,5575,21223,3902,38321,2711,1330,1381
56645,43897,5575,21223,3902,38322,2711,1330,1381
56650,43902,5576,21225,3903,38326,2711,1330,1381
56655,43904,5576,21225,3903,38328,2712,1330,1382
56660,43912,5576,21227,3903,38336,2712,1330,1382
56665,43915,5576,21227,3903,38339,2712,1330,1382
56670,43920,5577,21229,3903,38343,2712,1330,1382
56675,43924,5577,21230,3903,38347,2712,1330,1382
56680,43927,5577,21231,3903,38350,2712,1330,1382
56685,43928,5577,21231,3903,38351,2712,1330,1382
56690,43933,5578,21233,3903,38355,2712,1330,1382
56695,43935,5578,21234,3903,38357,2713,1330,1383
56700,43943,5578,21235,3903,38365,2713,1330,1383
56705,43946,5578,21236,3903,38368,2713,1330,1383
56710,43951,5579,21238,3903,38372,2713,1330,1383
56715,43955,5579,21240,3903,38376,2713,1330,1383
56720,43958,5580,21242,3904,38378,2713,1330,1383
56725,43959,5580,21242,3904,38379,2713,1330,1383
56730,43964,5580,21245,3904,38384,2713,1330,1383
56735,43966,5580,21245,3904,38386,2714,1330,1384
56740,43974,5581,21249,3904,38393,2714,1330,1384
56745,43977,5581,21250,3904,38396,2714,1330,1384
56750,43982,5582,21252,3904,38400,2714,1330,1384
56755,43986,5582,21256,3904,38404,2714,1330,1384
56760,43989,5582,21257,3904,38407,2714,1330,1384
56765,43990,5582,21258,3904,38408,2714,1330,1384
56770,43995,5582,21261,3904,38413,2714,1330,1384
56775,43997,5582,21262,3904,38415,2715,1330,1385
56780,44005,5583,21266,3904,38422,2715,1330,1385
56785,44008,5583,21266,3904,38425,2715,1330,1385
56790,44013,5584,21268,3904,38429,2715,1330,1385
56795,44017,5584,21270,3904,38433,2715,1330,1385
56800,44020,5584,21272,3904,38436,2715,1330,1385
56805,44021,5584,21272,3904,38437,2715,1330,1385
56810,44026,5585,21275,3905,38441,2715,1330,1385
56815,44028,5585,21276,3905,38443,2716,1331,1385
56820,44036,5587,21280,3907,38449,2716,1331,1385
56825,44039,5587,21281,3907,38452,2716,1331,1385
56830,44044,5588,21285,3908,38456,2716,1331,1385
56835,44048,5588,21286,3908,38459,2716,1331,1385
56840,44051,5589,21288,3909,38462,2716,1331,1385
56845,44052,5590,21289,3910,38462,2716,1331,1385
56850,44057,5591,21290,3910,38466,2716,1331,1385
56855,44059,5591,21290,3910,38468,2717,1331,1386
56860,44067,5593,21294,3911,38474,2717,1331,1386
56865,44070,5593,21296,3911,38477,2717,1331,1386
56870,44075,5594,21300,3912,38481,2717,1331,1386
56875,44079,5594,21301,3912,38485,2717,1331,1386
56880,44082,5594,21302,3912,38488,2717,1331,1386
56885,44083,5594,21303,3912,38489,2717,1331,1386
56890,44088,5594,21304,3912,38494,2717,1331,1386
56895,44090,5594,21304,3912,38496,2718,1331,1387
56900,44098,5595,21307,3913,38503,2718,1331,1387
56905,44101,5596,21310,3914,38505,2718,1331,1387
56910,44106,5597,21313,3914,38509,2718,1331,1387
56915,44110,5597,21315,3914,38513,2718,1331,1387
56920,44113,5598,21317,3915,38515,2718,1331,1387
56925,44114,5598,21317,3915,38516,2718,1331,1387
56930,44119,5598,21320,3915,38521,2718,1331,1387
56935,44121,5598,21322,3915,38523,2719,1332,1387
56940,44129,5600,21325,3916,38529,2719,1332,1387
56945,44132,5600,21326,3916,38532,2719,1332,1387
56950,44137,5600,21329,3916,38537,2719,1332,1387
56955,44141,5600,21332,3916,38541,2719,1332,1387
56960,44144,5600,21334,3916,38544,2719,1332,1387
56965,44145,5600,21335,3916,38545,2719,1332,1387
56970,44150,5600,21337,3916,38550,2719,1332,1387
56975,44152,5600,21339,3916,38552,2720,1333,1387
56980,44160,5602,21343,3917,38558,2720,1333,1387
56985,44163,5603,21346,3918,38560,2720,1333,1387
56990,44168,5603,21350,3918,38565,2720,1333,1387
56995,44172,5603,21352,3918,38569,2720,1333,1387
57000,44175,5603,21354,3918,38572,2720,1333,1387
57005,44176,5603,21355,3918,38573,2720,1333,1387
57010,44181,5604,21356,3918,38577,2720,1333,1387
57015,44183,5604,21357,3918,38579,2721,1334,1387
57020,44191,5605,21362,3919,38586,2721,1334,1387
57025,44194,5605,21364,3919,38589,2721,1334,1387
57030,44199,5605,21367,3919,38594,2721,1334,1387
57035,44203,5605,21369,3919,38598,2721,1334,1387
57040,44206,5605,21371,3919,38601,2721,1334,1387
57045,44207,5605,21371,3919,38602,2721,1334,1387
57050,44212,5606,21375,3920,38606,2721,1334,1387
57055,44214,5606,21375,3920,38608,2722,1334,1388
57060,44222,5607,21379,3921,38615,2722,1334,1388
57065,44225,5607,21380,3921,38618,2722,1334,1388
57070,44230,5608,21382,3921,38622,2722,1334,1388
57075,44234,5608,21383,3921,38625,2722,1334,1388
57080,44237,5609,21383,3922,38628,2722,1334,1388
57085,44238,5609,21384,3922,38629,2722,1334,1388
57090,44243,5610,21386,3923,38633,2722,1334,1388
57095,44245,5610,21386,3923,38635,2723,1334,1389
57100,44253,5611,21390,3923,38642,2723,1334,1389
57105,44256,5611,21393,3923,38645,2723,1334,1389
57110,44261,5612,21397,3923,38649,2723,1334,1389
57115,44265,5612,21399,3923,38653,2723,1334,1389
57120,44268,5612,21400,3923,38656,2723,1334,1389
57125,44269,5613,21401,3924,38656,2723,1334,1389
57130,44274,5614,21402,3924,38660,2723,1334,1389
57135,44276,5614,21404,3924,38662,2724,1335,1389
57140,44284,5615,21409,3925,38669,2724,1335,1389
57145,44287,5616,21412,3926,38671,2724,1335,1389
57150,44292,5617,21414,3926,38675,2724,1335,1389
57155,44296,5617,21414,3926,38679,2724,1335,1389
57160,44299,5617,21415,3926,38682,2724,1335,1389
57165,44300,5618,21416,3927,38682,2724,1335,1389
57170,44305,5619,21418,3927,38686,2724,1335,1389
57175,44307,5619,21419,3927,38688,2725,1336,1389
57180,44315,5621,21421,3928,38693,2725,1336,1389
57185,44318,5622,21423,3929,38696,2725,1336,1389
57190,44323,5623,21426,3930,38700,2725,1336,1389
57195,44327,5623,21427,3930,38704,2725,1336,1389
57200,44330,5623,21430,3930,38707,2725,1336,1389
57205,44331,5623,21430,3930,38708,2725,1336,1389
57210,44336,5624,21431,3930,38712,2725,1336,1389
57215,44338,5624,21432,3930,38714,2726,1337,1389
57220,44346,5625,21436,3931,38721,2726,1337,1389
57225,44349,5625,21438,3931,38724,2726,1337,1389
57230,44354,5626,21442,3932,38728,2726,1337,1389
57235,44358,5626,21444,3932,38732,2726,1337,1389
57240,44361,5626,21444,3932,38735,2726,1337,1389
57245,44362,5626,21444,3932,38736,2726,1337,1389
57250,44367,5627,21449,3933,38740,2726,1337,1389
57255,44369,5627,21450,3933,38742,2727,1338,1389
57260,44377,5627,21455,3933,38750,2727,1338,1389
57265,44380,5627,21457,3933,38753,2727,1338,1389
57270,44385,5628,21461,3933,38757,2727,1338,1389
57275,44389,5628,21464,3933,38761,2727,1338,1389
57280,44392,5628,21466,3933,38764,2727,1338,1389
57285,44393,5629,21467,3934,38764,2727,1338,1389
57290,44398,5630,21471,3934,38768,2727,1338,1389
57295,44400,5630,21472,3934,38770,2728,1339,1389
57300,44408,5630,21477,3934,38778,2728,1339,1389
57305,44411,5630,21478,3934,38781,2728,1339,1389
57310,44416,5631,21481,3935,38785,2728,1339,1389
57315,44420,5631,21483,3935,38789,2728,1339,1389
57320,44423,5631,21485,3935,38792,2728,1339,1389
57325,44424,5631,21486,3935,38793,2728,1339,1389
57330,44429,5632,21487,3935,38797,2728,1339,1389
57335,44431,5632,21487,3935,38799,2729,1339,1390
57340,44439,5632,21490,3935,38807,2729,1339,1390
57345,44442,5632,21493,3935,38810,2729,1339,1390
57350,44447,5633,21496,3936,38814,2729,1339,1390
57355,44451,5633,21498,3936,38817,2729,1339,1390
57360,44454,5635,21501,3938,38819,2729,1339,1390
57365,44455,5635,21501,3938,38820,2729,1339,1390
57370,44460,5636,21504,3939,38824,2729,1339,1390
57375,44462,5636,21504,3939,38826,2730,1339,1391
57380,44470,5638,21508,3941,38832,2730,1339,1391
57385,44473,5638,21509,3941,38835,2730,1339,1391
57390,44478,5639,21512,3942,38839,2730,1339,1391
57395,44482,5639,21513,3942,38842,2730,1339,1391
57400,44485,5641,21515,3944,38844,2730,1339,1391
57405,44486,5641,21516,3944,38845,2730,1339,1391
57410,44491,5642,21518,3944,38849,2730,1339,1391
57415,44493,5642,21519,3944,38851,2731,1339,1392
57420,44501,5643,21521,3944,38858,2731,1339,1392
57425,44504,5644,21523,3945,38860,2731,1339,1392
57430,44509,5645,21527,3945,38864,2731,1339,1392
57435,44513,5645,21529,3945,38868,2731,1339,1392
57440,44516,5645,21530,3945,38871,2731,1339,1392
57445,44517,5645,21530,3945,38872,2731,1339,1392
57450,44522,5646,21534,3946,38876,2731,1339,1392
57455,44524,5646,21535,3946,38878,2732,1339,1393
57460,44532,5648,21540,3948,38884,2732,1339,1393
57465,44535,5648,21541,3948,38887,2732,1339,1393
57470,44540,5649,21543,3948,38891,2732,1339,1393
57475,44544,5649,21543,3948,38895,2732,1339,1393
57480,44547,5650,21545,3949,38897,2732,1339,1393
57485,44548,5651,21546,3950,38897,2732,1339,1393
57490,44553,5652,21548,3950,38901,2732,1339,1393
57495,44555,5652,21549,3950,38903,2733,1340,1393
57500,44563,5652,21552,3950,38911,2733,1340,1393
57505,44566,5652,21553,3950,38914,2733,1340,1393
57510,44571,5652,21553,3950,38919,2733,1340,1393
57515,44575,5652,21557,3950,38923,2733,1340,1393
57520,44578,5652,21558,3950,38926,2733,1340,1393
57525,44579,5652,21559,3950,38927,2733,1340,1393
57530,44584,5652,21560,3950,38932,2733,1340,1393
57535,44586,5652,21561,3950,38934,2734,1340,1394
57540,44594,5652,21565,3950,38942,2734,1340,1394
57545,44597,5652,21568,3950,38945,2734,1340,1394
57550,44602,5652,21571,3950,38950,2734,1340,1394
57555,44606,5652,21574,3950,38954,2734,1340,1394
57560,44609,5652,21575,3950,38957,2734,1340,1394
57565,44610,5652,21576,3950,38958,2734,1340,1394
57570,44615,5652,21577,3950,38963,2734,1340,1394
57575,44617,5652,21577,3950,38965,2735,1340,1395
57580,44625,5652,21577,3950,38973,2735,1340,1395
57585,44628,5652,21580,3950,38976,2735,1340,1395
57590,44633,5653,21584,3951,38980,2735,1340,1395
57595,44637,5653,21587,3951,38984,2735,1340,1395
57600,44640,5653,21588,3951,38987,2735,1340,1395
57605,44641,5653,21588,3951,38988,2735,1340,1395
57610,44646,5654,21590,3952,38992,2735,1340,1395
57615,44648,5654,21591,3952,38994,2736,1341,1395
57620,44656,5655,21593,3952,39001,2736,1341,1395
57625,44659,5655,21594,3952,39004,2736,1341,1395
57630,44664,5656,21597,3953,39008,2736,1341,1395
57635,44668,5656,21599,3953,39012,2736,1341,1395
57640,44671,5656,21600,3953,39015,2736,1341,1395
57645,44672,5656,21600,3953,39016,2736,1341,1395
57650,44677,5657,21603,3953,39020,2736,1341,1395
57655,44679,5657,21604,3953,39022,2737,1341,1396
57660,44687,5659,21605,3954,39028,2737,1341,1396
57665,44690,5659,21607,3954,39031,2737,1341,1396
57670,44695,5660,21610,3954,39035,2737,1341,1396
57675,44699,5660,21611,3954,39039,2737,1341,1396
57680,44702,5661,21613,3955,39041,2737,1341,1396
57685,44703,5661,21613,3955,39042,2737,1341,1396
57690,44708,5662,21615,3956,39046,2737,1341,1396
57695,44710,5662,21617,3956,39048,2738,1342,1396
57700,44718,5664,21620,3957,39054,2738,1342,1396
57705,44721,5664,21621,3957,39057,2738,1342,1396
57710,44726,5665,21623,3958,39061,2738,1342,1396
57715,44730,5665,21625,3958,39065,2738,1342,1396
57720,44733,5665,21626,3958,39068,2738,1342,1396
57725,44734,5665,21626,3958,39069,2738,1342,1396
57730,44739,5666,21629,3959,39073,2738,1342,1396
57735,44741,5666,21629,3959,39075,2739,1342,1397
57740,44749,5668,21632,3960,39081,2739,1342,1397
57745,44752,5668,21633,3960,39084,2739,1342,1397
57750,44757,5668,21634,3960,39089,2739,1342,1397
57755,44761,5668,21635,3960,39093,2739,1342,1397
57760,44764,5668,21636,3960,39096,2739,1342,1397
57765,44765,5669,21637,3961,39096,2739,1342,1397
57770,44770,5670,21640,3961,39100,2739,1342,1397
57775,44772,5670,21641,3961,39102,2740,1342,1398
57780,44780,5672,21644,3962,39108,2740,1342,1398
57785,44783,5672,21645,3962,39111,2740,1342,1398
57790,44788,5672,21647,3962,39116,2740,1342,1398
57795,44792,5672,21649,3962,39120,2740,1342,1398
57800,44795,5672,21649,3962,39123,2740,1342,1398
57805,44796,5672,21649,3962,39124,2740,1342,1398
57810,44801,5673,21650,3962,39128,2740,1342,1398
57815,44803,5673,21651,3962,39130,2741,1343,1398
57820,44811,5673,21656,3962,39138,2741,1343,1398
57825,44814,5673,21657,3962,39141,2741,1343,1398
57830,44819,5674,21658,3962,39145,2741,1343,1398
57835,44823,5674,21661,3962,39149,2741,1343,1398
57840,44826,5674,21662,3962,39152,2741,1343,1398
57845,44827,5674,21662,3962,39153,2741,1343,1398
57850,44832,5675,21664,3963,39157,2741,1343,1398
57855,44834,5675,21665,3963,39159,2742,1343,1399
57860,44842,5676,21669,3964,39166,2742,1343,1399
57865,44845,5677,21671,3965,39168,2742,1343,1399
57870,44850,5678,21673,3965,39172,2742,1343,1399
57875,44854,5678,21673,3965,39176,2742,1343,1399
57880,44857,5678,21674,3965,39179,2742,1343,1399
57885,44858,5678,21674,3965,39180,2742,1343,1399
57890,44863,5679,21674,3965,39184,2742,1343,1399
57895,44865,5679,21675,3965,39186,2743,1343,1400
57900,44873,5682,21680,3967,39191,2743,1343,1400
57905,44876,5682,21682,3967,39194,2743,1343,1400
57910,44881,5683,21685,3967,39198,2743,1343,1400
57915,44885,5683,21688,3967,39201,2743,1343,1400
57920,44888,5684,21690,3968,39204,2743,1343,1400
57925,44889,5684,21691,3968,39205,2743,1343,1400
57930,44894,5685,21692,3968,39209,2743,1343,1400
57935,44896,5685,21692,3968,39211,2744,1343,1401
57940,44904,5686,21696,3969,39218,2744,1343,1401
57945,44907,5686,21697,3969,39221,2744,1343,1401
57950,44912,5687,21699,3970,39225,2744,1343,1401
57955,44916,5687,21700,3970,39229,2744,1343,1401
57960,44919,5687,21702,3970,39232,2744,1343,1401
57965,44920,5687,21703,3970,39233,2744,1343,1401
57970,44925,5688,21706,3970,39237,2744,1343,1401
57975,44927,5688,21707,3970,39239,2745,1344,1401
57980,44935,5691,21711,3972,39244,2745,1344,1401
57985,44938,5691,21714,3972,39247,2745,1344,1401
57990,44943,5692,21717,3973,39251,2745,1344,1401
57995,44947,5692,21720,3973,39254,2745,1344,1401
58000,44950,5693,21722,3974,39257,2745,1344,1401
58005,44951,5693,21723,3974,39258,2745,1344,1401
58010,44956,5694,21726,3975,39262,2745,1344,1401
58015,44958,5694,21728,3975,39264,2746,1345,1401
58020,44966,5696,21730,3976,39270,2746,1345,1401
58025,44969,5696,21732,3976,39273,2746,1345,1401
58030,44974,5697,21735,3976,39277,2746,1345,1401
58035,44978,5697,21738,3976,39281,2746,1345,1401
58040,44981,5697,21740,3976,39284,2746,1345,1401
58045,44982,5697,21740,3976,39285,2746,1345,1401
58050,44987,5697,21742,3976,39290,2746,1345,1401
58055,44989,5697,21744,3976,39292,2747,1346,1401
58060,44997,5699,21750,3978,39298,2747,1346,1401
58065,45000,5699,21751,3978,39301,2747,1346,1401
58070,45005,5700,21755,3979,39305,2747,1346,1401
58075,45009,5700,21758,3979,39309,2747,1346,1401
58080,45012,5700,21759,3979,39312,2747,1346,1401
58085,45013,5700,21760,3979,39313,2747,1346,1401
58090,45018,5700,21763,3979,39318,2747,1346,1401
58095,45020,5700,21763,3979,39320,2748,1346,1402
58100,45028,5702,21766,3981,39326,2748,1346,1402
58105,45031,5702,21767,3981,39329,2748,1346,1402
58110,45036,5703,21768,3982,39333,2748,1346,1402
58115,45040,5703,21770,3982,39337,2748,1346,1402
58120,45043,5703,21771,3982,39340,2748,1346,1402
58125,45044,5703,21772,3982,39341,2748,1346,1402
58130,45049,5704,21774,3982,39345,2748,1346,1402
58135,45051,5704,21774,3982,39347,2749,1346,1403
58140,45059,5705,21777,3983,39354,2749,1346,1403
58145,45062,5705,21778,3983,39357,2749,1346,1403
58150,45067,5706,21778,3983,39361,2749,1346,1403
58155,45071,5706,21780,3983,39365,2749,1346,1403
58160,45074,5706,21781,3983,39368,2749,1346,1403
58165,45075,5707,21782,3984,39368,2749,1346,1403
58170,45080,5708,21784,3985,39372,2749,1346,1403
58175,45082,5708,21786,3985,39374,2750,1347,1403
58180,45090,5710,21789,3986,39380,2750,1347,1403
58185,45093,5710,21790,3986,39383,2750,1347,1403
58190,45098,5711,21792,3986,39387,2750,1347,1403
58195,45102,5711,21794,3986,39391,2750,1347,1403
58200,45105,5711,21796,3986,39394,2750,1347,1403
58205,45106,5711,21796,3986,39395,2750,1347,1403
58210,45111,5711,21800,3986,39400,2750,1347,1403
58215,45113,5711,21800,3986,39402,2751,1347,1404
58220,45121,5714,21804,3988,39407,2751,1347,1404
58225,45124,5714,21805,3988,39410,2751,1347,1404
58230,45129,5715,21809,3989,39414,2751,1347,1404
58235,45133,5715,21811,3989,39418,2751,1347,1404
58240,45136,5715,21812,3989,39421,2751,1347,1404
58245,45137,5715,21812,3989,39422,2751,1347,1404
58250,45142,5715,21812,3989,39427,2751,1347,1404
58255,45144,5715,21812,3989,39429,2752,1347,1405
58260,45152,5718,21817,3992,39434,2752,1347,1405
58265,45155,5718,21817,3992,39437,2752,1347,1405
58270,45160,5719,21819,3993,39441,2752,1347,1405
58275,45164,5719,21821,3993,39445,2752,1347,1405
58280,45167,5719,21823,3993,39448,2752,1347,1405
58285,45168,5719,21823,3993,39449,2752,1347,1405
58290,45173,5719,21826,3993,39454,2752,1347,1405
58295,45175,5719,21827,3993,39456,2753,1348,1405
58300,45183,5721,21832,3995,39462,2753,1348,1405
58305,45186,5721,21834,3995,39465,2753,1348,1405
58310,45191,5722,21836,3995,39469,2753,1348,1405
58315,45195,5722,21836,3995,39473,2753,1348,1405
58320,45198,5722,21837,3995,39476,2753,1348,1405
58325,45199,5723,21838,3996,39476,2753,1348,1405
58330,45204,5724,21839,3997,39480,2753,1348,1405
58335,45206,5724,21841,3997,39482,2754,1349,1405
58340,45214,5725,21846,3997,39489,2754,1349,1405
58345,45217,5725,21848,3997,39492,2754,1349,1405
58350,45222,5726,21851,3997,39496,2754,1349,1405
58355,45226,5726,21854,3997,39499,2754,1349,1405
58360,45229,5727,21855,3998,39502,2754,1349,1405
58365,45230,5728,21856,3999,39502,2754,1349,1405
58370,45235,5729,21858,3999,39506,2754,1349,1405
58375,45237,5729,21860,3999,39508,2755,1350,1405
58380,45245,5731,21864,4000,39514,2755,1350,1405
58385,45248,5731,21865,4000,39517,2755,1350,1405
58390,45253,5732,21867,4000,39521,2755,1350,1405
58395,45257,5732,21868,4000,39525,2755,1350,1405
58400,45260,5732,21868,4000,39528,2755,1350,1405
58405,45261,5733,21869,4001,39528,2755,1350,1405
58410,45266,5734,21870,4002,39532,2755,1350,1405
58415,45268,5734,21871,4002,39534,2756,1351,1405
58420,45276,5736,21877,4004,39540,2756,1351,1405
58425,45279,5736,21880,4004,39543,2756,1351,1405
58430,45284,5737,21880,4004,39547,2756,1351,1405
58435,45288,5737,21883,4004,39551,2756,1351,1405
58440,45291,5737,21883,4004,39554,2756,1351,1405
58445,45292,5738,21884,4005,39554,2756,1351,1405
58450,45297,5739,21884,4005,39558,2756,1351,1405
58455,45299,5739,21885,4005,39560,2757,1352,1405
58460,45307,5740,21889,4006,39567,2757,1352,1405
58465,45310,5740,21889,4006,39570,2757,1352,1405
58470,45315,5741,21890,4006,39574,2757,1352,1405
58475,45319,5741,21893,4006,39578,2757,1352,1405
58480,45322,5741,21893,4006,39581,2757,1352,1405
58485,45323,5741,21894,4006,39582,2757,1352,1405
58490,45328,5742,21897,4006,39586,2757,1352,1405
58495,45330,5742,21897,4006,39588,2758,1352,1406
58500,45338,5744,21903,4008,39594,2758,1352,1406
58505,45341,5744,21905,4008,39597,2758,1352,1406
58510,45346,5745,21909,4009,39601,2758,1352,1406
58515,45350,5745,21913,4009,39604,2758,1352,1406
58520,45353,5746,21915,4010,39607,2758,1352,1406
58525,45354,5746,21915,4010,39608,2758,1352,1406
58530,45359,5747,21919,4011,39612,2758,1352,1406
58535,45361,5747,21920,4011,39614,2759,1353,1406
58540,45369,5749,21921,4012,39620,2759,1353,1406
58545,45372,5749,21923,4012,39623,2759,1353,1406
58550,45377,5750,21927,4013,39627,2759,1353,1406
58555,45381,5750,21929,4013,39630,2759,1353,1406
58560,45384,5751,21930,4014,39633,2759,1353,1406
58565,45385,5752,21931,4015,39633,2759,1353,1406
58570,45390,5753,21932,4015,39637,2759,1353,1406
58575,45392,5753,21934,4015,39639,2760,1354,1406
58580,45400,5754,21937,4015,39646,2760,1354,1406
58585,45403,5754,21939,4015,39649,2760,1354,1406
58590,45408,5755,21942,4016,39653,2760,1354,1406
58595,45412,5755,21944,4016,39657,2760,1354,1406
58600,45415,5755,21946,4016,39660,2760,1354,1406
58605,45416,5755,21946,4016,39661,2760,1354,1406
58610,45421,5756,21949,4016,39665,2760,1354,1406
58615,45423,5756,21950,4016,39667,2761,1355,1406
58620,45431,5758,21955,4018,39673,2761,1355,1406
58625,45434,5758,21957,4018,39676,2761,1355,1406
58630,45439,5759,21959,4018,39680,2761,1355,1406
58635,45443,5759,21960,4018,39684,2761,1355,1406
58640,45446,5759,21961,4018,39687,2761,1355,1406
58645,45447,5759,21961,4018,39688,2761,1355,1406
58650,45452,5759,21963,4018,39693,2761,1355,1406
58655,45454,5759,21964,4018,39695,2762,1355,1407
58660,45462,5761,21967,4020,39701,2762,1355,1407
58665,45465,5761,21968,4020,39704,2762,1355,1407
58670,45470,5762,21971,4020,39708,2762,1355,1407
58675,45474,5762,21972,4020,39712,2762,1355,1407
58680,45477,5762,21973,4020,39715,2762,1355,1407
58685,45478,5762,21973,4020,39716,2762,1355,1407
58690,45483,5762,21974,4020,39721,2762,1355,1407
58695,45485,5762,21976,4020,39723,2763,1356,1407
58700,45493,5764,21980,4021,39729,2763,1356,1407
58705,45496,5764,21982,4021,39732,2763,1356,1407
58710,45501,5765,21985,4021,39736,2763,1356,1407
58715,45505,5765,21987,4021,39740,2763,1356,1407
58720,45508,5765,21988,4021,39743,2763,1356,1407
58725,45509,5765,21988,4021,39744,2763,1356,1407
58730,45514,5766,21990,4021,39748,2763,1356,1407
58735,45516,5766,21992,4021,39750,2764,1357,1407
58740,45524,5768,21996,4022,39756,2764,1357,1407
58745,45527,5768,21997,4022,39759,2764,1357,1407
58750,45532,5769,21998,4023,39763,2764,1357,1407
58755,45536,5769,22000,4023,39766,2764,1357,1407
58760,45539,5770,22002,4023,39769,2764,1357,1407
58765,45540,5771,22003,4024,39769,2764,1357,1407
58770,45545,5772,22007,4025,39773,2764,1357,1407
58775,45547,5772,22007,4025,39775,2765,1357,1408
58780,45555,5774,22011,4027,39781,2765,1357,1408
58785,45558,5774,22014,4027,39784,2765,1357,1408
58790,45563,5775,22014,4027,39788,2765,1357,1408
58795,45567,5775,22018,4027,39791,2765,1357,1408
58800,45570,5776,22020,4028,39794,2765,1357,1408
58805,45571,5776,22020,4028,39795,2765,1357,1408
58810,45576,5776,22023,4028,39800,2765,1357,1408
58815,45578,5776,22024,4028,39802,2766,1357,1409
58820,45586,5778,22030,4030,39808,2766,1357,1409
58825,45589,5778,22031,4030,39811,2766,1357,1409
58830,45594,5779,22034,4031,39815,2766,1357,1409
58835,45598,5779,22037,4031,39818,2766,1357,1409
58840,45601,5780,22039,4032,39821,2766,1357,1409
58845,45602,5780,22040,4032,39822,2766,1357,1409
58850,45607,5780,22043,4032,39827,2766,1357,1409
58855,45609,5780,22043,4032,39829,2767,1357,1410
58860,45617,5782,22048,4034,39835,2767,1357,1410
58865,45620,5782,22050,4034,39838,2767,1357,1410
58870,45625,5783,22054,4035,39842,2767,1357,1410
58875,45629,5783,22056,4035,39845,2767,1357,1410
58880,45632,5784,22057,4036,39848,2767,1357,1410
58885,45633,5784,22058,4036,39849,2767,1357,1410
58890,45638,5784,22060,4036,39854,2767,1357,1410
58895,45640,5784,22061,4036,39856,2768,1357,1411
58900,45648,5785,22065,4037,39863,2768,1357,1411
58905,45651,5785,22065,4037,39866,2768,1357,1411
58910,45656,5786,22067,4038,39870,2768,1357,1411
58915,45660,5786,22069,4038,39874,2768,1357,1411
58920,45663,5786,22070,4038,39877,2768,1357,1411
58925,45664,5787,22071,4039,39877,2768,1357,1411
58930,45669,5788,22073,4040,39881,2768,1357,1411
58935,45671,5788,22074,4040,39883,2769,1357,1412
58940,45679,5789,22076,4040,39890,2769,1357,1412
58945,45682,5789,22077,4040,39893,2769,1357,1412
58950,45687,5790,22079,4040,39897,2769,1357,1412
58955,45691,5790,22081,4040,39901,2769,1357,1412
58960,45694,5790,22081,4040,39904,2769,1357,1412
58965,45695,5791,22082,4041,39904,2769,1357,1412
58970,45700,5792,22084,4042,39908,2769,1357,1412
58975,45702,5792,22085,4042,39910,2770,1357,1413
58980,45710,5795,22088,4044,39915,2770,1357,1413
58985,45713,5795,22091,4044,39918,2770,1357,1413
58990,45718,5796,22094,4045,39922,2770,1357,1413
58995,45722,5796,22096,4045,39926,2770,1357,1413
59000,45725,5796,22097,4045,39929,2770,1357,1413
59005,45726,5796,22098,4045,39930,2770,1357,1413
59010,45731,5796,22100,4045,39935,2770,1357,1413
59015,45733,5796,22100,4045,39937,2771,1357,1414
59020,45741,5798,22103,4046,39943,2771,1357,1414
59025,45744,5798,22105,4046,39946,2771,1357,1414
59030,45749,5799,22107,4046,39950,2771,1357,1414
59035,45753,5799,22108,4046,39954,2771,1357,1414
59040,45756,5799,22109,4046,39957,2771,1357,1414
59045,45757,5799,22109,4046,39958,2771,1357,1414
59050,45762,5799,22110,4046,39963,2771,1357,1414
59055,45764,5799,22111,4046,39965,2772,1358,1414
59060,45772,5801,22117,4048,39971,2772,1358,1414
59065,45775,5801,22120,4048,39974,2772,1358,1414
59070,45780,5802,22122,4048,39978,2772,1358,1414
59075,45784,5802,22124,4048,39982,2772,1358,1414
59080,45787,5802,22126,4048,39985,2772,1358,1414
59085,45788,5802,22127,4048,39986,2772,1358,1414
59090,45793,5803,22131,4049,39990,2772,1358,1414
59095,45795,5803,22132,4049,39992,2773,1358,1415
59100,45803,5805,22135,4050,39998,2773,1358,1415
59105,45806,5805,22137,4050,40001,2773,1358,1415
59110,45811,5806,22138,4050,40005,2773,1358,1415
59115,45815,5806,22141,4050,40008,2773,1358,1415
59120,45818,5807,22143,4051,40011,2773,1358,1415
59125,45819,5808,22144,4052,40011,2773,1358,1415
59130,45824,5809,22146,4053,40015,2773,1358,1415
59135,45826,5809,22146,4053,40017,2774,1358,1416
59140,45834,5810,22149,4054,40024,2774,1358,1416
59145,45837,5810,22152,4054,40027,2774,1358,1416
59150,45842,5811,22154,4054,40031,2774,1358,1416
59155,45846,5811,22158,4054,40034,2774,1358,1416
59160,45849,5812,22159,4055,40037,2774,1358,1416
59165,45850,5812,22159,4055,40038,2774,1358,1416
59170,45855,5812,22163,4055,40043,2774,1358,1416
59175,45857,5812,22164,4055,40045,2775,1359,1416
59180,45865,5815,22169,4057,40050,2775,1359,1416
59185,45868,5815,22171,4057,40053,2775,1359,1416
59190,45873,5816,22175,4058,40057,2775,1359,1416
59195,45877,5816,22178,4058,40060,2775,1359,1416
59200,45880,5817,22179,4058,40063,2775,1359,1416
59205,45881,5817,22179,4058,40064,2775,1359,1416
59210,45886,5817,22181,4058,40069,2775,1359,1416
59215,45888,5817,22182,4058,40071,2776,1360,1416
59220,45896,5819,22188,4060,40077,2776,1360,1416
59225,45899,5819,22189,4060,40080,2776,1360,1416
59230,45904,5820,22192,4060,40084,2776,1360,1416
59235,45908,5820,22195,4060,40088,2776,1360,1416
59240,45911,5820,22198,4060,40091,2776,1360,1416
59245,45912,5820,22198,4060,40092,2776,1360,1416
59250,45917,5820,22200,4060,40097,2776,1360,1416
59255,45919,5820,22201,4060,40099,2777,1360,1417
59260,45927,5822,22206,4061,40105,2777,1360,1417
59265,45930,5822,22208,4061,40108,2777,1360,1417
59270,45935,5823,22210,4062,40112,2777,1360,1417
59275,45939,5823,22211,4062,40116,2777,1360,1417
59280,45942,5823,22213,4062,40119,2777,1360,1417
59285,45943,5824,22214,4063,40119,2777,1360,1417
59290,45948,5825,22218,4064,40123,2777,1360,1417
59295,45950,5825,22219,4064,40125,2778,1360,1418
59300,45958,5826,22225,4065,40132,2778,1360,1418
59305,45961,5826,22225,4065,40135,2778,1360,1418
59310,45966,5827,22226,4065,40139,2778,1360,1418
59315,45970,5827,22228,4065,40142,2778,1360,1418
59320,45973,5828,22229,4065,40145,2778,1360,1418
59325,45974,5829,22230,4066,40145,2778,1360,1418
59330,45979,5830,22232,4066,40149,2778,1360,1418
59335,45981,5830,22233,4066,40151,2779,1361,1418
59340,45989,5831,22236,4067,40158,2779,1361,1418
59345,45992,5831,22238,4067,40161,2779,1361,1418
59350,45997,5832,22240,4068,40165,2779,1361,1418
59355,46001,5832,22244,4068,40169,2779,1361,1418
59360,46004,5832,22245,4068,40172,2779,1361,1418
59365,46005,5832,22245,4068,40173,2779,1361,1418
59370,46010,5833,22247,4068,40177,2779,1361,1418
59375,46012,5833,22248,4068,40179,2780,1361,1419
59380,46020,5834,22251,4069,40186,2780,1361,1419
59385,46023,5834,22253,4069,40189,2780,1361,1419
59390,46028,5835,22257,4070,40193,2780,1361,1419
59395,46032,5835,22259,4070,40197,2780,1361,1419
59400,46035,5835,22260,4070,40200,2780,1361,1419
59405,46036,5835,22260,4070,40201,2780,1361,1419
59410,46041,5836,22261,4070,40205,2780,1361,1419
59415,46043,5836,22262,4070,40207,2781,1362,1419
59420,46051,5837,22266,4071,40214,2781,1362,1419
59425,46054,5837,22267,4071,40217,2781,1362,1419
59430,46059,5838,22269,4072,40221,2781,1362,1419
59435,46063,5838,22270,4072,40225,2781,1362,1419
59440,46066,5838,22271,4072,40228,2781,1362,1419
59445,46067,5838,22271,4072,40229,2781,1362,1419
59450,46072,5839,22274,4073,40233,2781,1362,1419
59455,46074,5839,22274,4073,40235,2782,1362,1420
59460,46082,5840,22276,4073,40242,2782,1362,1420
59465,46085,5840,22277,4073,40245,2782,1362,1420
59470,46090,5841,22280,4073,40249,2782,1362,1420
59475,46094,5841,22282,4073,40252,2782,1362,1420
59480,46097,5842,22283,4073,40255,2782,1362,1420
59485,46098,5842,22283,4073,40256,2782,1362,1420
59490,46103,5842,22287,4073,40261,2782,1362,1420
59495,46105,5842,22288,4073,40263,2783,1363,1420
59500,46113,5845,22294,4075,40268,2783,1363,1420
59505,46116,5845,22296,4075,40271,2783,1363,1420
59510,46121,5846,22298,4075,40275,2783,1363,1420
59515,46125,5846,22299,4075,40278,2783,1363,1420
59520,46128,5847,22300,4076,40281,2783,1363,1420
59525,46129,5847,22300,4076,40282,2783,1363,1420
59530,46134,5847,22304,4076,40287,2783,1363,1420
59535,46136,5847,22305,4076,40289,2784,1363,1421
59540,46144,5850,22308,4078,40294,2784,1363,1421
59545,46147,5850,22310,4078,40297,2784,1363,1421
59550,46152,5851,22312,4078,40301,2784,1363,1421
59555,46156,5851,22314,4078,40304,2784,1363,1421
59560,46159,5852,22316,4079,40307,2784,1363,1421
59565,46160,5852,22316,4079,40308,2784,1363,1421
59570,46165,5853,22318,4079,40312,2784,1363,1421
59575,46167,5853,22320,4079,40314,2785,1364,1421
59580,46175,5855,22321,4080,40320,2785,1364,1421
59585,46178,5855,22323,4080,40323,2785,1364,1421
59590,46183,5856,22327,4080,40327,2785,1364,1421
59595,46187,5856,22328,4080,40331,2785,1364,1421
59600,46190,5856,22331,4080,40334,2785,1364,1421
59605,46191,5856,22332,4080,40335,2785,1364,1421
59610,46196,5857,22335,4080,40339,2785,1364,1421
59615,46198,5857,22337,4080,40341,2786,1365,1421
59620,46206,5859,22343,4082,40347,2786,1365,1421
59625,46209,5859,22344,4082,40350,2786,1365,1421
59630,46214,5860,22347,4083,40354,2786,1365,1421
59635,46218,5860,22349,4083,40358,2786,1365,1421
59640,46221,5860,22349,4083,40361,2786,1365,1421
59645,46222,5860,22349,4083,40362,2786,1365,1421
59650,46227,5861,22351,4084,40366,2786,1365,1421
59655,46229,5861,22353,4084,40368,2787,1366,1421
59660,46237,5863,22357,4085,40374,2787,1366,1421
59665,46240,5863,22360,4085,40377,2787,1366,1421
59670,46245,5864,22363,4085,40381,2787,1366,1421
59675,46249,5864,22365,4085,40385,2787,1366,1421
59680,46252,5864,22366,4085,40388,2787,1366,1421
59685,46253,5865,22367,4086,40388,2787,1366,1421
59690,46258,5866,22369,4087,40392,2787,1366,1421
59695,46260,5866,22370,4087,40394,2788,1366,1422
59700,46268,5868,22374,4088,40400,2788,1366,1422
59705,46271,5868,22376,4088,40403,2788,1366,1422
59710,46276,5869,22378,4089,40407,2788,1366,1422
59715,46280,5869,22379,4089,40410,2788,1366,1422
59720,46283,5870,22382,4089,40413,2788,1366,1422
59725,46284,5870,22382,4089,40414,2788,1366,1422
59730,46289,5871,22385,4090,40418,2788,1366,1422
59735,46291,5871,22387,4090,40420,2789,1367,1422
59740,46299,5873,22391,4092,40426,2789,1367,1422
59745,46302,5873,22392,4092,40429,2789,1367,1422
59750,46307,5874,22395,4092,40433,2789,1367,1422
59755,46311,5874,22398,4092,40436,2789,1367,1422
59760,46314,5875,22399,4093,40439,2789,1367,1422
59765,46315,5876,22400,4094,40439,2789,1367,1422
59770,46320,5877,22401,4094,40443,2789,1367,1422
59775,46322,5877,22402,4094,40445,2790,1368,1422
59780,46330,5879,22408,4096,40451,2790,1368,1422
59785,46333,5879,22410,4096,40454,2790,1368,1422
59790,46338,5880,22412,4097,40458,2790,1368,1422
59795,46342,5880,22416,4097,40462,2790,1368,1422
59800,46345,5880,22417,4097,40465,2790,1368,1422
59805,46346,5881,22418,4098,40465,2790,1368,1422
59810,46351,5882,22419,4098,40469,2790,1368,1422
59815,46353,5882,22420,4098,40471,2791,1369,1422
59820,46361,5883,22424,4099,40478,2791,1369,1422
59825,46364,5883,22426,4099,40481,2791,1369,1422
59830,46369,5884,22428,4099,40485,2791,1369,1422
59835,46373,5884,22430,4099,40489,2791,1369,1422
59840,46376,5884,22430,4099,40492,2791,1369,1422
59845,46377,5885,22431,4100,40492,2791,1369,1422
59850,46382,5886,22434,4100,40496,2791,1369,1422
59855,46384,5886,22434,4100,40498,2792,1369,1423
59860,46392,5888,22437,4102,40504,2792,1369,1423
59865,46395,5888,22439,4102,40507,2792,1369,1423
59870,46400,5889,22443,4103,40511,2792,1369,1423
59875,46404,5889,22444,4103,40514,2792,1369,1423
59880,46407,5890,22445,4103,40517,2792,1369,1423
59885,46408,5891,22446,4104,40517,2792,1369,1423
59890,46413,5892,22446,4104,40521,2792,1369,1423
59895,46415,5892,22447,4104,40523,2793,1369,1424
59900,46423,5895,22451,4107,40528,2793,1369,1424
59905,46426,5895,22452,4107,40531,2793,1369,1424
59910,46431,5896,22457,4108,40535,2793,1369,1424
59915,46435,5896,22458,4108,40539,2793,1369,1424
59920,46438,5896,22460,4108,40542,2793,1369,1424
59925,46439,5896,22461,4108,40543,2793,1369,1424
59930,46444,5897,22464,4109,40547,2793,1369,1424
59935,46446,5897,22466,4109,40549,2794,1370,1424
59940,46454,5899,22472,4111,40555,2794,1370,1424
59945,46457,5899,22472,4111,40558,2794,1370,1424
59950,46462,5900,22474,4111,40562,2794,1370,1424
59955,46466,5900,22476,4111,40566,2794,1370,1424
59960,46469,5900,22476,4111,40569,2794,1370,1424
59965,46470,5900,22476,4111,40570,2794,1370,1424
59970,46475,5901,22479,4112,40574,2794,1370,1424
59975,46477,5901,22479,4112,40576,2795,1370,1425
59980,46485,5903,22480,4113,40582,2795,1370,1425
59985,46488,5903,22482,4113,40585,2795,1370,1425
59990,46493,5904,22486,4114,40589,2795,1370,1425
59995,46497,5904,22488,4114,40592,2795,1370,1425
60000,46500,5905,22489,4115,40595,2795,1370,1425
60005,46501,5905,22489,4115,40596,2795,1370,1425
60010,46506,5905,22491,4115,40601,2795,1370,1425
60015,46508,5905,22492,4115,40603,2796,1371,1425
60020,46516,5908,22496,4117,40608,2796,1371,1425
60025,46519,5908,22497,4117,40611,2796,1371,1425
60030,46524,5909,22501,4118,40615,2796,1371,1425
60035,46528,5909,22503,4118,40618,2796,1371,1425
60040,46531,5910,22503,4119,40621,2796,1371,1425
60045,46532,5910,22504,4119,40622,2796,1371,1425
60050,46537,5910,22505,4119,40627,2796,1371,1425
60055,46539,5910,22506,4119,40629,2797,1371,1426
60060,46547,5912,22509,4121,40635,2797,1371,1426
60065,46550,5912,22510,4121,40638,2797,1371,1426
60070,46555,5913,22511,4122,40642,2797,1371,1426
60075,46559,5913,22515,4122,40645,2797,1371,1426
60080,46562,5914,22517,4123,40648,2797,1371,1426
60085,46563,5914,22517,4123,40649,2797,1371,1426
60090,46568,5914,22520,4123,40654,2797,1371,1426
60095,46570,5914,22520,4123,40656,2798,1371,1427
60100,46578,5915,22524,4124,40663,2798,1371,1427
60105,46581,5915,22525,4124,40666,2798,1371,1427
60110,46586,5916,22528,4125,40670,2798,1371,1427
60115,46590,5916,22532,4125,40673,2798,1371,1427
60120,46593,5917,22533,4126,40676,2798,1371,1427
60125,46594,5917,22534,4126,40677,2798,1371,1427
60130,46599,5917,22537,4126,40682,2798,1371,1427
60135,46601,5917,22538,4126,40684,2799,1371,1428
60140,46609,5918,22540,4127,40691,2799,1371,1428
60145,46612,5918,22542,4127,40694,2799,1371,1428
60150,46617,5919,22544,4127,40698,2799,1371,1428
60155,46621,5919,22545,4127,40701,2799,1371,1428
60160,46624,5920,22546,4127,40704,2799,1371,1428
60165,46625,5920,22546,4127,40705,2799,1371,1428
60170,46630,5920,22549,4127,40710,2799,1371,1428
60175,46632,5920,22551,4127,40712,2800,1372,1428
60180,46640,5921,22553,4127,40719,2800,1372,1428
60185,46643,5921,22554,4127,40722,2800,1372,1428
60190,46648,5922,22558,4128,40726,2800,1372,1428
60195,46652,5922,22560,4128,40730,2800,1372,1428
60200,46655,5922,22561,4128,40733,2800,1372,1428
60205,46656,5922,22561,4128,40734,2800,1372,1428
60210,46661,5922,22564,4128,40739,2800,1372,1428
60215,46663,5922,22565,4128,40741,2801,1372,1429
60220,46671,5923,22571,4129,40748,2801,1372,1429
60225,46674,5923,22571,4129,40751,2801,1372,1429
60230,46679,5924,22573,4129,40755,2801,1372,1429
60235,46683,5924,22575,4129,40759,2801,1372,1429
60240,46686,5924,22577,4129,40762,2801,1372,1429
60245,46687,5924,22577,4129,40763,2801,1372,1429
60250,46692,5924,22581,4129,40768,2801,1372,1429
60255,46694,5924,22582,4129,40770,2802,1372,1430
60260,46702,5925,22587,4130,40777,2802,1372,1430
60265,46705,5925,22588,4130,40780,2802,1372,1430
60270,46710,5926,22590,4130,40784,2802,1372,1430
60275,46714,5926,22593,4130,40788,2802,1372,1430
60280,46717,5926,22595,4130,40791,2802,1372,1430
60285,46718,5926,22595,4130,40792,2802,1372,1430
60290,46723,5926,22597,4130,40797,2802,1372,1430
60295,46725,5926,22598,4130,40799,2803,1372,1431
60300,46733,5927,22602,4131,40806,2803,1372,1431
60305,46736,5927,22605,4131,40809,2803,1372,1431
60310,46741,5928,22606,4131,40813,2803,1372,1431
60315,46745,5928,22608,4131,40816,2803,1372,1431
60320,46748,5929,22610,4131,40819,2803,1372,1431
60325,46749,5929,22610,4131,40820,2803,1372,1431
60330,46754,5929,22612,4131,40825,2803,1372,1431
60335,46756,5929,22614,4131,40827,2804,1373,1431
60340,46764,5930,22617,4132,40834,2804,1373,1431
60345,46767,5930,22618,4132,40837,2804,1373,1431
60350,46772,5931,22623,4133,40841,2804,1373,1431
60355,46776,5931,22627,4133,40844,2804,1373,1431
60360,46779,5932,22629,4134,40847,2804,1373,1431
60365,46780,5932,22629,4134,40848,2804,1373,1431
60370,46785,5932,22630,4134,40853,2804,1373,1431
60375,46787,5932,22631,4134,40855,2805,1374,1431
60380,46795,5932,22636,4134,40863,2805,1374,1431
60385,46798,5932,22637,4134,40866,2805,1374,1431
60390,46803,5933,22639,4135,40870,2805,1374,1431
60395,46807,5933,22639,4135,40873,2805,1374,1431
60400,46810,5934,22640,4135,40876,2805,1374,1431
60405,46811,5934,22641,4135,40877,2805,1374,1431
60410,46816,5934,22641,4135,40882,2805,1374,1431
60415,46818,5934,22641,4135,40884,2806,1374,1432
60420,46826,5934,22644,4135,40892,2806,1374,1432
60425,46829,5934,22645,4135,40895,2806,1374,1432
60430,46834,5935,22647,4135,40899,2806,1374,1432
60435,46838,5935,22649,4135,40902,2806,1374,1432
60440,46841,5936,22651,4136,40905,2806,1374,1432
60445,46842,5936,22651,4136,40906,2806,1374,1432
60450,46847,5936,22653,4136,40911,2806,1374,1432
60455,46849,5936,22654,4136,40913,2807,1374,1433
60460,46857,5937,22659,4136,40920,2807,1374,1433
60465,46860,5937,22661,4136,40923,2807,1374,1433
60470,46865,5938,22664,4137,40927,2807,1374,1433
60475,46869,5938,22665,4137,40930,2807,1374,1433
60480,46872,5939,22666,4138,40933,2807,1374,1433
60485,46873,5939,22666,4138,40934,2807,1374,1433
60490,46878,5939,22668,4138,40939,2807,1374,1433
60495,46880,5939,22669,4138,40941,2808,1375,1433
60500,46888,5939,22673,4138,40949,2808,1375,1433
60505,46891,5939,22674,4138,40952,2808,1375,1433
60510,46896,5940,22677,4139,40956,2808,1375,1433
60515,46900,5940,22678,4139,40960,2808,1375,1433
60520,46903,5940,22680,4139,40963,2808,1375,1433
60525,46904,5940,22681,4139,40964,2808,1375,1433
60530,46909,5940,22685,4139,40969,2808,1375,1433
60535,46911,5940,22685,4139,40971,2809,1375,1434
60540,46919,5940,22688,4139,40979,2809,1375,1434
60545,46922,5940,22690,4139,40982,2809,1375,1434
60550,46927,5941,22693,4139,40986,2809,1375,1434
60555,46931,5941,22696,4139,40990,2809,1375,1434
60560,46934,5941,22698,4139,40993,2809,1375,1434
60565,46935,5941,22699,4139,40994,2809,1375,1434
60570,46940,5941,22703,4139,40999,2809,1375,1434
60575,46942,5941,22703,4139,41001,2810,1375,1435
60580,46950,5941,22706,4139,41009,2810,1375,1435
60585,46953,5941,22709,4139,41012,2810,1375,1435
60590,46958,5942,22711,4139,41016,2810,1375,1435
60595,46962,5942,22713,4139,41020,2810,1375,1435
60600,46965,5942,22716,4139,41023,2810,1375,1435
60605,46966,5942,22717,4139,41024,2810,1375,1435
60610,46971,5942,22720,4139,41029,2810,1375,1435
60615,46973,5942,22722,4139,41031,2811,1376,1435
60620,46981,5942,22725,4139,41039,2811,1376,1435
60625,46984,5942,22728,4139,41042,2811,1376,1435
60630,46989,5942,22729,4139,41047,2811,1376,1435
60635,46993,5942,22732,4139,41051,2811,1376,1435
60640,46996,5942,22733,4139,41054,2811,1376,1435
60645,46997,5942,22733,4139,41055,2811,1376,1435
60650,47002,5942,22737,4139,41060,2811,1376,1435
60655,47004,5942,22738,4139,41062,2812,1376,1436
60660,47012,5942,22742,4139,41070,2812,1376,1436
60665,47015,5942,22742,4139,41073,2812,1376,1436
60670,47020,5942,22743,4139,41078,2812,1376,1436
60675,47024,5942,22745,4139,41082,2812,1376,1436
60680,47027,5942,22747,4139,41085,2812,1376,1436
60685,47028,5942,22747,4139,41086,2812,1376,1436
60690,47033,5942,22749,4139,41091,2812,1376,1436
60695,47035,5942,22749,4139,41093,2813,1376,1437
60700,47043,5942,22751,4139,41101,2813,1376,1437
60705,47046,5942,22751,4139,41104,2813,1376,1437
60710,47051,5942,22755,4139,41109,2813,1376,1437
60715,47055,5942,22756,4139,41113,2813,1376,1437
60720,47058,5942,22758,4139,41116,2813,1376,1437
60725,47059,5942,22759,4139,41117,2813,1376,1437
60730,47064,5942,22762,4139,41122,2813,1376,1437
60735,47066,5942,22763,4139,41124,2814,1376,1438
60740,47074,5942,22767,4139,41132,2814,1376,1438
60745,47077,5942,22768,4139,41135,2814,1376,1438
60750,47082,5942,22769,4139,41140,2814,1376,1438
60755,47086,5942,22772,4139,41144,2814,1376,1438
60760,47089,5942,22774,4139,41147,2814,1376,1438
60765,47090,5942,22775,4139,41148,2814,1376,1438
60770,47095,5942,22777,4139,41153,2814,1376,1438
60775,47097,5942,22778,4139,41155,2815,1377,1438
60780,47105,5942,22781,4139,41163,2815,1377,1438
60785,47108,5942,22784,4139,41166,2815,1377,1438
60790,47113,5942,22787,4139,41171,2815,1377,1438
60795,47117,5942,22788,4139,41175,2815,1377,1438
60800,47120,5942,22790,4139,41178,2815,1377,1438
60805,47121,5942,22790,4139,41179,2815,1377,1438
60810,47126,5942,22792,4139,41184,2815,1377,1438
60815,47128,5942,22794,4139,41186,2815,1377,1438
60820,47136,5942,22797,4139,41194,2815,1377,1438
60825,47139,5942,22797,4139,41197,2815,1377,1438
60830,47144,5942,22799,4139,41202,2815,1377,1438
60835,47148,5942,22801,4139,41206,2815,1377,1438
60840,47151,5942,22802,4139,41209,2815,1377,1438
60845,47152,5942,22803,4139,41210,2815,1377,1438
60850,47157,5942,22805,4139,41215,2815,1377,1438
60855,47159,5942,22805,4139,41217,2815,1377,1438
60860,47167,5942,22807,4139,41225,2815,1377,1438
60865,47170,5942,22808,4139,41228,2815,1377,1438
60870,47175,5942,22811,4139,41233,2815,1377,1438
60875,47179,5942,22812,4139,41237,2815,1377,1438
60880,47182,5942,22813,4139,41240,2815,1377,1438
60885,47183,5942,22813,4139,41241,2815,1377,1438
60890,47188,5942,22814,4139,41246,2815,1377,1438
60895,47190,5942,22816,4139,41248,2815,1377,1438
60900,47198,5942,22820,4139,41256,2815,1377,1438
60905,47201,5942,22821,4139,41259,2815,1377,1438
60910,47206,5942,22825,4139,41264,2815,1377,1438
60915,47210,5942,22828,4139,41268,2815,1377,1438
60920,47213,5942,22829,4139,41271,2815,1377,1438
60925,47214,5942,22830,4139,41272,2815,1377,1438
60930,47219,5942,22834,4139,41277,2815,1377,1438
60935,47221,5942,22835,4139,41279,2815,1377,1438
60940,47229,5942,22839,4139,41287,2815,1377,1438
60945,47232,5942,22841,4139,41290,2815,1377,1438
60950,47237,5942,22843,4139,41295,2815,1377,1438
60955,47241,5942,22847,4139,41299,2815,1377,1438
60960,47244,5942,22849,4139,41302,2815,1377,1438
60965,47245,5942,22849,4139,41303,2815,1377,1438
60970,47250,5942,22850,4139,41308,2815,1377,1438
60975,47252,5942,22851,4139,41310,2815,1377,1438
60980,47260,5942,22855,4139,41318,2815,1377,1438
60985,47263,5942,22855,4139,41321,2815,1377,1438
60990,47268,5942,22857,4139,41326,2815,1377,1438
60995,47272,5942,22858,4139,41330,2815,1377,1438
61000,47275,5942,22859,4139,41333,2815,1377,1438
61005,47276,5942,22859,4139,41334,2815,1377,1438
61010,47281,5942,22860,4139,41339,2815,1377,1438
61015,47283,5942,22862,4139,41341,2815,1377,1438
61020,47291,5942,22866,4139,41349,2815,1377,1438
61025,47294,5942,22867,4139,41352,2815,1377,1438
61030,47299,5942,22870,4139,41357,2815,1377,1438
61035,47303,5942,22871,4139,41361,2815,1377,1438
61040,47306,5942,22872,4139,41364,2815,1377,1438
61045,47307,5942,22872,4139,41365,2815,1377,1438
61050,47312,5942,22874,4139,41370,2815,1377,1438
61055,47314,5942,22876,4139,41372,2815,1377,1438
61060,47322,5942,22879,4139,41380,2815,1377,1438
61065,47325,5942,22881,4139,41383,2815,1377,1438
61070,47330,5942,22882,4139,41388,2815,1377,1438
61075,47334,5942,22884,4139,41392,2815,1377,1438
61080,47337,5942,22887,4139,41395,2815,1377,1438
61085,47338,5942,22888,4139,41396,2815,1377,1438
61090,47343,5942,22889,4139,41401,2815,1377,1438
61095,47345,5942,22890,4139,41403,2815,1377,1438
61100,47353,5942,22894,4139,41411,2815,1377,1438
61105,47356,5942,22895,4139,41414,2815,1377,1438
61110,47361,5942,22897,4139,41419,2815,1377,1438
61115,47365,5942,22900,4139,41423,2815,1377,1438
61120,47368,5942,22901,4139,41426,2815,1377,1438
61125,47369,5942,22901,4139,41427,2815,1377,1438
61130,47374,5942,22903,4139,41432,2815,1377,1438
61135,47376,5942,22904,4139,41434,2815,1377,1438
61140,47384,5942,22907,4139,41442,2815,1377,1438
61145,47387,5942,22908,4139,41445,2815,1377,1438
61150,47392,5942,22911,4139,41450,2815,1377,1438
61155,47396,5942,22914,4139,41454,2815,1377,1438
61160,47399,5942,22915,4139,41457,2815,1377,1438
61165,47400,5942,22915,4139,41458,2815,1377,1438
61170,47405,5942,22916,4139,41463,2815,1377,1438
61175,47407,5942,22917,4139,41465,2815,1377,1438
61180,47415,5942,22920,4139,41473,2815,1377,1438
61185,47418,5942,22921,4139,41476,2815,1377,1438
61190,47423,5942,22923,4139,41481,2815,1377,1438
61195,47427,5942,22925,4139,41485,2815,1377,1438
61200,47430,5942,22925,4139,41488,2815,1377,1438
61205,47431,5942,22925,4139,41489,2815,1377,1438
61210,47436,5942,22925,4139,41494,2815,1377,1438
61215,47438,5942,22926,4139,41496,2815,1377,1438
61220,47446,5942,22929,4139,41504,2815,1377,1438
61225,47449,5942,22929,4139,41507,2815,1377,1438
61230,47454,5942,22931,4139,41512,2815,1377,1438
61235,47458,5942,22933,4139,41516,2815,1377,1438
61240,47461,5942,22935,4139,41519,2815,1377,1438
61245,47462,5942,22936,4139,41520,2815,1377,1438
61250,47467,5942,22939,4139,41525,2815,1377,1438
61255,47469,5942,22940,4139,41527,2815,1377,1438
61260,47477,5942,22942,4139,41535,2815,1377,1438
61265,47480,5942,22943,4139,41538,2815,1377,1438
61270,47485,5942,22946,4139,41543,2815,1377,1438
61275,47489,5942,22947,4139,41547,2815,1377,1438
61280,47492,5942,22950,4139,41550,2815,1377,1438
61285,47493,5942,22951,4139,41551,2815,1377,1438
61290,47498,5942,22955,4139,41556,2815,1377,1438
61295,47500,5942,22956,4139,41558,2815,1377,1438
61300,47508,5942,22959,4139,41566,2815,1377,1438
61305,47511,5942,22960,4139,41569,2815,1377,1438
61310,47516,5942,22961,4139,41574,2815,1377,1438
61315,47520,5942,22961,4139,41578,2815,1377,1438
61320,47523,5942,22961,4139,41581,2815,1377,1438
61325,47524,5942,22962,4139,41582,2815,1377,1438
61330,47529,5942,22963,4139,41587,2815,1377,1438
61335,47531,5942,22964,4139,41589,2815,1377,1438
61340,47539,5942,22965,4139,41597,2815,1377,1438
61345,47542,5942,22968,4139,41600,2815,1377,1438
61350,47547,5942,22968,4139,41605,2815,1377,1438
61355,47551,5942,22970,4139,41609,2815,1377,1438
61360,47554,5942,22971,4139,41612,2815,1377,1438
61365,47555,5942,22972,4139,41613,2815,1377,1438
61370,47560,5942,22974,4139,41618,2815,1377,1438
61375,47562,5942,22974,4139,41620,2815,1377,1438
61380,47570,5942,22976,4139,41628,2815,1377,1438
61385,47573,5942,22978,4139,41631,2815,1377,1438
61390,47578,5942,22982,4139,41636,2815,1377,1438
61395,47582,5942,22983,4139,41640,2815,1377,1438
61400,47585,5942,22985,4139,41643,2815,1377,1438
61405,47586,5942,22986,4139,41644,2815,1377,1438
61410,47591,5942,22988,4139,41649,2815,1377,1438
61415,47593,5942,22989,4139,41651,2815,1377,1438
61420,47601,5942,22994,4139,41659,2815,1377,1438
61425,47604,5942,22997,4139,41662,2815,1377,1438
61430,47609,5942,22999,4139,41667,2815,1377,1438
61435,47613,5942,23001,4139,41671,2815,1377,1438
61440,47616,5942,23004,4139,41674,2815,1377,1438
61445,47617,5942,23004,4139,41675,2815,1377,1438
61450,47622,5942,23005,4139,41680,2815,1377,1438
61455,47624,5942,23007,4139,41682,2815,1377,1438
61460,47632,5942,23011,4139,41690,2815,1377,1438
61465,47635,5942,23014,4139,41693,2815,1377,1438
61470,47640,5942,23017,4139,41698,2815,1377,1438
61475,47644,5942,23018,4139,41702,2815,1377,1438
61480,47647,5942,23019,4139,41705,2815,1377,1438
61485,47648,5942,23019,4139,41706,2815,1377,1438
61490,47653,5942,23022,4139,41711,2815,1377,1438
61495,47655,5942,23023,4139,41713,2815,1377,1438
61500,47663,5942,23026,4139,41721,2815,1377,1438
61505,47666,5942,23028,4139,41724,2815,1377,1438
61510,47671,5942,23029,4139,41729,2815,1377,1438
61515,47675,5942,23032,4139,41733,2815,1377,1438
61520,47678,5942,23035,4139,41736,2815,1377,1438
61525,47679,5942,23036,4139,41737,2815,1377,1438
61530,47684,5942,23039,4139,41742,2815,1377,1438
61535,47686,5942,23040,4139,41744,2815,1377,1438
61540,47694,5942,23044,4139,41752,2815,1377,1438
61545,47697,5942,23045,4139,41755,2815,1377,1438
61550,47702,5942,23048,4139,41760,2815,1377,1438
61555,47706,5942,23051,4139,41764,2815,1377,1438
61560,47709,5942,23052,4139,41767,2815,1377,1438
61565,47710,5942,23053,4139,41768,2815,1377,1438
61570,47715,5942,23057,4139,41773,2815,1377,1438
61575,47717,5942,23058,4139,41775,2815,1377,1438
61580,47725,5942,23062,4139,41783,2815,1377,1438
61585,47728,5942,23065,4139,41786,2815,1377,1438
61590,47733,5942,23068,4139,41791,2815,1377,1438
61595,47737,5942,23070,4139,41795,2815,1377,1438
61600,47740,5942,23071,4139,41798,2815,1377,1438
61605,47741,5942,23072,4139,41799,2815,1377,1438
61610,47746,5942,23076,4139,41804,2815,1377,1438
61615,47748,5942,23077,4139,41806,2815,1377,1438
61620,47756,5942,23081,4139,41814,2815,1377,1438
61625,47759,5942,23083,4139,41817,2815,1377,1438
61630,47764,5942,23086,4139,41822,2815,1377,1438
61635,47768,5942,23087,4139,41826,2815,1377,1438
61640,47771,5942,23089,4139,41829,2815,1377,1438
61645,47772,5942,23089,4139,41830,2815,1377,1438
61650,47777,5942,23092,4139,41835,2815,1377,1438
61655,47779,5942,23093,4139,41837,2815,1377,1438
61660,47787,5942,23096,4139,41845,2815,1377,1438
61665,47790,5942,23097,4139,41848,2815,1377,1438
61670,47795,5942,23101,4139,41853,2815,1377,1438
61675,47799,5942,23104,4139,41857,2815,1377,1438
61680,47802,5942,23105,4139,41860,2815,1377,1438
61685,47803,5942,23106,4139,41861,2815,1377,1438
61690,47808,5942,23108,4139,41866,2815,1377,1438
61695,47810,5942,23109,4139,41868,2815,1377,1438
61700,47818,5942,23112,4139,41876,2815,1377,1438
61705,47821,5942,23114,4139,41879,2815,1377,1438
61710,47826,5942,23117,4139,41884,2815,1377,1438
61715,47830,5942,23120,4139,41888,2815,1377,1438
61720,47833,5942,23122,4139,41891,2815,1377,1438
61725,47834,5942,23123,4139,41892,2815,1377,1438
61730,47839,5942,23125,4139,41897,2815,1377,1438
61735,47841,5942,23126,4139,41899,2815,1377,1438
61740,47849,5942,23130,4139,41907,2815,1377,1438
61745,47852,5942,23131,4139,41910,2815,1377,1438
61750,47857,5942,23133,4139,41915,2815,1377,1438
61755,47861,5942,23135,4139,41919,2815,1377,1438
61760,47864,5942,23137,4139,41922,2815,1377,1438
61765,47865,5942,23138,4139,41923,2815,1377,1438
61770,47870,5942,23139,4139,41928,2815,1377,1438
61775,47872,5942,23140,4139,41930,2815,1377,1438
61780,47880,5942,23143,4139,41938,2815,1377,1438
61785,47883,5942,23143,4139,41941,2815,1377,1438
61790,47888,5942,23144,4139,41946,2815,1377,1438
61795,47892,5942,23145,4139,41950,2815,1377,1438
61800,47895,5942,23146,4139,41953,2815,1377,1438
61805,47896,5942,23146,4139,41954,2815,1377,1438
61810,47901,5942,23148,4139,41959,2815,1377,1438
61815,47903,5942,23149,4139,41961,2815,1377,1438
61820,47911,5942,23149,4139,41969,2815,1377,1438
61825,47914,5942,23150,4139,41972,2815,1377,1438
61830,47919,5942,23153,4139,41977,2815,1377,1438
61835,47923,5942,23156,4139,41981,2815,1377,1438
61840,47926,5942,23157,4139,41984,2815,1377,1438
61845,47927,5942,23157,4139,41985,2815,1377,1438
61850,47932,5942,23159,4139,41990,2815,1377,1438
61855,47934,5942,23160,4139,41992,2815,1377,1438
61860,47942,5942,23166,4139,42000,2815,1377,1438
61865,47945,5942,23167,4139,42003,2815,1377,1438
61870,47950,5942,23170,4139,42008,2815,1377,1438
61875,47954,5942,23172,4139,42012,2815,1377,1438
61880,47957,5942,23174,4139,42015,2815,1377,1438
61885,47958,5942,23174,4139,42016,2815,1377,1438
61890,47963,5942,23177,4139,42021,2815,1377,1438
61895,47965,5942,23178,4139,42023,2815,1377,1438
61900,47973,5942,23180,4139,42031,2815,1377,1438
61905,47976,5942,23181,4139,42034,2815,1377,1438
61910,47981,5942,23184,4139,42039,2815,1377,1438
61915,47985,5942,23186,4139,42043,2815,1377,1438
61920,47988,5942,23188,4139,42046,2815,1377,1438
61925,47989,5942,23189,4139,42047,2815,1377,1438
61930,47994,5942,23192,4139,42052,2815,1377,1438
61935,47996,5942,23192,4139,42054,2815,1377,1438
61940,48004,5942,23195,4139,42062,2815,1377,1438
61945,48007,5942,23196,4139,42065,2815,1377,1438
61950,48012,5942,23200,4139,42070,2815,1377,1438
61955,48016,5942,23202,4139,42074,2815,1377,1438
61960,48019,5942,23203,4139,42077,2815,1377,1438
61965,48020,5942,23204,4139,42078,2815,1377,1438
61970,48025,5942,23206,4139,42083,2815,1377,1438
61975,48027,5942,23206,4139,42085,2815,1377,1438
61980,48035,5942,23209,4139,42093,2815,1377,1438
61985,48038,5942,23212,4139,42096,2815,1377,1438
61990,48043,5942,23216,4139,42101,2815,1377,1438
61995,48047,5942,23217,4139,42105,2815,1377,1438
62000,48050,5942,23219,4139,42108,2815,1377,1438
62005,48051,5942,23219,4139,42109,2815,1377,1438
62010,48056,5942,23222,4139,42114,2815,1377,1438
62015,48058,5942,23224,4139,42116,2815,1377,1438
62020,48066,5942,23226,4139,42124,2815,1377,1438
62025,48069,5942,23228,4139,42127,2815,1377,1438
62030,48074,5942,23231,4139,42132,2815,1377,1438
62035,48078,5942,23232,4139,42136,2815,1377,1438
62040,48081,5942,23234,4139,42139,2815,1377,1438
62045,48082,5942,23235,4139,42140,2815,1377,1438
62050,48087,5942,23235,4139,42145,2815,1377,1438
62055,48089,5942,23235,4139,42147,2815,1377,1438
62060,48097,5942,23241,4139,42155,2815,1377,1438
62065,48100,5942,23243,4139,42158,2815,1377,1438
62070,48105,5942,23246,4139,42163,2815,1377,1438
62075,48109,5942,23246,4139,42167,2815,1377,1438
62080,48112,5942,23249,4139,42170,2815,1377,1438
62085,48113,5942,23249,4139,42171,2815,1377,1438
62090,48118,5942,23252,4139,42176,2815,1377,1438
62095,48120,5942,23253,4139,42178,2815,1377,1438
62100,48128,5942,23256,4139,42186,2815,1377,1438
62105,48131,5942,23259,4139,42189,2815,1377,1438
62110,48136,5942,23262,4139,42194,2815,1377,1438
62115,48140,5942,23265,4139,42198,2815,1377,1438
62120,48143,5942,23266,4139,42201,2815,1377,1438
62125,48144,5942,23267,4139,42202,2815,1377,1438
62130,48149,5942,23271,4139,42207,2815,1377,1438
62135,48151,5942,23272,4139,42209,2815,1377,1438
62140,48159,5942,23277,4139,42217,2815,1377,1438
62145,48162,5942,23277,4139,42220,2815,1377,1438
62150,48167,5942,23281,4139,42225,2815,1377,1438
62155,48171,5942,23285,4139,42229,2815,1377,1438
62160,48174,5942,23286,4139,42232,2815,1377,1438
62165,48175,5942,23287,4139,42233,2815,1377,1438
62170,48180,5942,23289,4139,42238,2815,1377,1438
62175,48182,5942,23290,4139,42240,2815,1377,1438
62180,48190,5942,23291,4139,42248,2815,1377,1438
62185,48193,5942,23293,4139,42251,2815,1377,1438
62190,48198,5942,23295,4139,42256,2815,1377,1438
62195,48202,5942,23296,4139,42260,2815,1377,1438
62200,48205,5942,23296,4139,42263,2815,1377,1438
62205,48206,5942,23297,4139,42264,2815,1377,1438
62210,48211,5942,23297,4139,42269,2815,1377,1438
62215,48213,5942,23299,4139,42271,2815,1377,1438
62220,48221,5942,23302,4139,42279,2815,1377,1438
62225,48224,5942,23302,4139,42282,2815,1377,1438
62230,48229,5942,23304,4139,42287,2815,1377,1438
62235,48233,5942,23306,4139,42291,2815,1377,1438
62240,48236,5942,23307,4139,42294,2815,1377,1438
62245,48237,5942,23308,4139,42295,2815,1377,1438
62250,48242,5942,23313,4139,42300,2815,1377,1438
62255,48244,5942,23314,4139,42302,2815,1377,1438
62260,48252,5942,23317,4139,42310,2815,1377,1438
62265,48255,5942,23318,4139,42313,2815,1377,1438
62270,48260,5942,23322,4139,42318,2815,1377,1438
62275,48264,5942,23323,4139,42322,2815,1377,1438
62280,48267,5942,23324,4139,42325,2815,1377,1438
62285,48268,5942,23325,4139,42326,2815,1377,1438
62290,48273,5942,23329,4139,42331,2815,1377,1438
62295,48275,5942,23330,4139,42333,2815,1377,1438
62300,48283,5942,23333,4139,42341,2815,1377,1438
62305,48286,5942,23335,4139,42344,2815,1377,1438
62310,48291,5942,23337,4139,42349,2815,1377,1438
62315,48295,5942,23338,4139,42353,2815,1377,1438
62320,48298,5942,23340,4139,42356,2815,1377,1438
62325,48299,5942,23341,4139,42357,2815,1377,1438
62330,48304,5942,23342,4139,42362,2815,1377,1438
62335,48306,5942,23343,4139,42364,2815,1377,1438
62340,48314,5942,23348,4139,42372,2815,1377,1438
62345,48317,5942,23350,4139,42375,2815,1377,1438
62350,48322,5942,23352,4139,42380,2815,1377,1438
62355,48326,5942,23353,4139,42384,2815,1377,1438
62360,48329,5942,23355,4139,42387,2815,1377,1438
62365,48330,5942,23356,4139,42388,2815,1377,1438
62370,48335,5942,23357,4139,42393,2815,1377,1438
62375,48337,5942,23358,4139,42395,2815,1377,1438
62380,48345,5942,23364,4139,42403,2815,1377,1438
62385,48348,5942,23365,4139,42406,2815,1377,1438
62390,48353,5942,23369,4139,42411,2815,1377,1438
62395,48357,5942,23371,4139,42415,2815,1377,1438
62400,48360,5942,23372,4139,42418,2815,1377,1438
62405,48361,5942,23373,4139,42419,2815,1377,1438
62410,48366,5942,23374,4139,42424,2815,1377,1438
62415,48368,5942,23374,4139,42426,2815,1377,1438
62420,48376,5942,23376,4139,42434,2815,1377,1438
62425,48379,5942,23377,4139,42437,2815,1377,1438
62430,48384,5942,23380,4139,42442,2815,1377,1438
62435,48388,5942,23381,4139,42446,2815,1377,1438
62440,48391,5942,23382,4139,42449,2815,1377,1438
62445,48392,5942,23382,4139,42450,2815,1377,1438
62450,48397,5942,23385,4139,42455,2815,1377,1438
62455,48399,5942,23385,4139,42457,2815,1377,1438
62460,48407,5942,23389,4139,42465,2815,1377,1438
62465,48410,5942,23389,4139,42468,2815,1377,1438
62470,48415,5942,23390,4139,42473,2815,1377,1438
62475,48419,5942,23394,4139,42477,2815,1377,1438
62480,48422,5942,23396,4139,42480,2815,1377,1438
62485,48423,5942,23397,4139,42481,2815,1377,1438
62490,48428,5942,23399,4139,42486,2815,1377,1438
62495,48430,5942,23399,4139,42488,2815,1377,1438
62500,48438,5942,23404,4139,42496,2815,1377,1438
62505,48441,5942,23405,4139,42499,2815,1377,1438
62510,48446,5942,23408,4139,42504,2815,1377,1438
62515,48450,5942,23411,4139,42508,2815,1377,1438
62520,48453,5942,23411,4139,42511,2815,1377,1438
62525,48454,5942,23412,4139,42512,2815,1377,1438
62530,48459,5942,23415,4139,42517,2815,1377,1438
62535,48461,5942,23416,4139,42519,2815,1377,1438
62540,48469,5942,23420,4139,42527,2815,1377,1438
62545,48472,5942,23422,4139,42530,2815,1377,1438
62550,48477,5942,23424,4139,42535,2815,1377,1438
62555,48481,5942,23426,4139,42539,2815,1377,1438
62560,48484,5942,23428,4139,42542,2815,1377,1438
62565,48485,5942,23428,4139,42543,2815,1377,1438
62570,48490,5942,23431,4139,42548,2815,1377,1438
62575,48492,5942,23432,4139,42550,2815,1377,1438
62580,48500,5942,23436,4139,42558,2815,1377,1438
62585,48503,5942,23437,4139,42561,2815,1377,1438
62590,48508,5942,23439,4139,42566,2815,1377,1438
62595,48512,5942,23442,4139,42570,2815,1377,1438
62600,48515,5942,23443,4139,42573,2815,1377,1438
62605,48516,5942,23443,4139,42574,2815,1377,1438
62610,48521,5942,23446,4139,42579,2815,1377,1438
62615,48523,5942,23447,4139,42581,2815,1377,1438
62620,48531,5942,23451,4139,42589,2815,1377,1438
62625,48534,5942,23453,4139,42592,2815,1377,1438
62630,48539,5942,23456,4139,42597,2815,1377,1438
62635,48543,5942,23458,4139,42601,2815,1377,1438
62640,48546,5942,23460,4139,42604,2815,1377,1438
62645,48547,5942,23460,4139,42605,2815,1377,1438
62650,48552,5942,23462,4139,42610,2815,1377,1438
62655,48554,5942,23464,4139,42612,2815,1377,1438
62660,48562,5942,23467,4139,42620,2815,1377,1438
62665,48565,5942,23470,4139,42623,2815,1377,1438
62670,48570,5942,23471,4139,42628,2815,1377,1438
62675,48574,5942,23471,4139,42632,2815,1377,1438
62680,48577,5942,23472,4139,42635,2815,1377,1438
62685,48578,5942,23473,4139,42636,2815,1377,1438
62690,48583,5942,23473,4139,42641,2815,1377,1438
62695,48585,5942,23474,4139,42643,2815,1377,1438
62700,48593,5942,23477,4139,42651,2815,1377,1438
62705,48596,5942,23479,4139,42654,2815,1377,1438
62710,48601,5942,23482,4139,42659,2815,1377,1438
62715,48605,5942,23482,4139,42663,2815,1377,1438
62720,48608,5942,23483,4139,42666,2815,1377,1438
62725,48609,5942,23483,4139,42667,2815,1377,1438
62730,48614,5942,23487,4139,42672,2815,1377,1438
62735,48616,5942,23489,4139,42674,2815,1377,1438
62740,48624,5942,23493,4139,42682,2815,1377,1438
62745,48627,5942,23494,4139,42685,2815,1377,1438
62750,48632,5942,23496,4139,42690,2815,1377,1438
62755,48636,5942,23500,4139,42694,2815,1377,1438
62760,48639,5942,23501,4139,42697,2815,1377,1438
62765,48640,5942,23501,4139,42698,2815,1377,1438
62770,48645,5942,23505,4139,42703,2815,1377,1438
62775,48647,5942,23505,4139,42705,2815,1377,1438
62780,48655,5942,23509,4139,42713,2815,1377,1438
62785,48658,5942,23511,4139,42716,2815,1377,1438
62790,48663,5942,23513,4139,42721,2815,1377,1438
62795,48667,5942,23514,4139,42725,2815,1377,1438
62800,48670,5942,23516,4139,42728,2815,1377,1438
62805,48671,5942,23516,4139,42729,2815,1377,1438
62810,48676,5942,23520,4139,42734,2815,1377,1438
62815,48678,5942,23522,4139,42736,2815,1377,1438
62820,48686,5942,23527,4139,42744,2815,1377,1438
62825,48689,5942,23527,4139,42747,2815,1377,1438
62830,48694,5942,23530,4139,42752,2815,1377,1438
62835,48698,5942,23531,4139,42756,2815,1377,1438
62840,48701,5942,23534,4139,42759,2815,1377,1438
62845,48702,5942,23534,4139,42760,2815,1377,1438
62850,48707,5942,23536,4139,42765,2815,1377,1438
62855,48709,5942,23537,4139,42767,2815,1377,1438
62860,48717,5942,23541,4139,42775,2815,1377,1438
62865,48720,5942,23542,4139,42778,2815,1377,1438
62870,48725,5942,23545,4139,42783,2815,1377,1438
62875,48729,5942,23547,4139,42787,2815,1377,1438
62880,48732,5942,23550,4139,42790,2815,1377,1438
62885,48733,5942,23551,4139,42791,2815,1377,1438
62890,48738,5942,23554,4139,42796,2815,1377,1438
62895,48740,5942,23555,4139,42798,2815,1377,1438
62900,48748,5942,23560,4139,42806,2815,1377,1438
62905,48751,5942,23561,4139,42809,2815,1377,1438
62910,48756,5942,23563,4139,42814,2815,1377,1438
62915,48760,5942,23564,4139,42818,2815,1377,1438
62920,48763,5942,23566,4139,42821,2815,1377,1438
62925,48764,5942,23566,4139,42822,2815,1377,1438
62930,48769,5942,23570,4139,42827,2815,1377,1438
62935,48771,5942,23570,4139,42829,2815,1377,1438
62940,48779,5942,23574,4139,42837,2815,1377,1438
62945,48782,5942,23576,4139,42840,2815,1377,1438
62950,48787,5942,23577,4139,42845,2815,1377,1438
62955,48791,5942,23579,4139,42849,2815,1377,1438
62960,48794,5942,23579,4139,42852,2815,1377,1438
62965,48795,5942,23580,4139,42853,2815,1377,1438
62970,48800,5942,23580,4139,42858,2815,1377,1438
62975,48802,5942,23581,4139,42860,2815,1377,1438
62980,48810,5942,23584,4139,42868,2815,1377,1438
62985,48813,5942,23586,4139,42871,2815,1377,1438
62990,48818,5942,23589,4139,42876,2815,1377,1438
62995,48822,5942,23591,4139,42880,2815,1377,1438
63000,48825,5942,23594,4139,42883,2815,1377,1438
63005,48826,5942,23594,4139,42884,2815,1377,1438
63010,48831,5942,23598,4139,42889,2815,1377,1438
63015,48833,5942,23599,4139,42891,2815,1377,1438
63020,48841,5942,23602,4139,42899,2815,1377,1438
63025,48844,5942,23604,4139,42902,2815,1377,1438
63030,48849,5942,23605,4139,42907,2815,1377,1438
63035,48853,5942,23607,4139,42911,2815,1377,1438
63040,48856,5942,23607,4139,42914,2815,1377,1438
63045,48857,5942,23607,4139,42915,2815,1377,1438
63050,48862,5942,23608,4139,42920,2815,1377,1438
63055,48864,5942,23608,4139,42922,2815,1377,1438
63060,48872,5942,23610,4139,42930,2815,1377,1438
63065,48875,5942,23611,4139,42933,2815,1377,1438
63070,48880,5942,23613,4139,42938,2815,1377,1438
63075,48884,5942,23616,4139,42942,2815,1377,1438
63080,48887,5942,23617,4139,42945,2815,1377,1438
63085,48888,5942,23617,4139,42946,2815,1377,1438
63090,48893,5942,23619,4139,42951,2815,1377,1438
63095,48895,5942,23619,4139,42953,2815,1377,1438
63100,48903,5942,23623,4139,42961,2815,1377,1438
63105,48906,5942,23623,4139,42964,2815,1377,1438
63110,48911,5942,23624,4139,42969,2815,1377,1438
63115,48915,5942,23627,4139,42973,2815,1377,1438
63120,48918,5942,23628,4139,42976,2815,1377,1438
63125,48919,5942,23628,4139,42977,2815,1377,1438
63130,48924,5942,23630,4139,42982,2815,1377,1438
63135,48926,5942,23631,4139,42984,2815,1377,1438
63140,48934,5942,23638,4139,42992,2815,1377,1438
63145,48937,5942,23640,4139,42995,2815,1377,1438
63150,48942,5942,23641,4139,43000,2815,1377,1438
63155,48946,5942,23642,4139,43004,2815,1377,1438
63160,48949,5942,23642,4139,43007,2815,1377,1438
63165,48950,5942,23643,4139,43008,2815,1377,1438
63170,48955,5942,23647,4139,43013,2815,1377,1438
63175,48957,5942,23649,4139,43015,2815,1377,1438
63180,48965,5942,23651,4139,43023,2815,1377,1438
63185,48968,5942,23653,4139,43026,2815,1377,1438
63190,48973,5942,23654,4139,43031,2815,1377,1438
63195,48977,5942,23656,4139,43035,2815,1377,1438
63200,48980,5942,23656,4139,43038,2815,1377,1438
63205,48981,5942,23656,4139,43039,2815,1377,1438
63210,48986,5942,23657,4139,43044,2815,1377,1438
63215,48988,5942,23657,4139,43046,2815,1377,1438
63220,48996,5942,23661,4139,43054,2815,1377,1438
63225,48999,5942,23662,4139,43057,2815,1377,1438
63230,49004,5942,23665,4139,43062,2815,1377,1438
63235,49008,5942,23669,4139,43066,2815,1377,1438
63240,49011,5942,23672,4139,43069,2815,1377,1438
63245,49012,5942,23673,4139,43070,2815,1377,1438
63250,49017,5942,23677,4139,43075,2815,1377,1438
63255,49019,5942,23679,4139,43077,2815,1377,1438
63260,49027,5942,23681,4139,43085,2815,1377,1438
63265,49030,5942,23683,4139,43088,2815,1377,1438
63270,49035,5942,23685,4139,43093,2815,1377,1438
63275,49039,5942,23686,4139,43097,2815,1377,1438
63280,49042,5942,23688,4139,43100,2815,1377,1438
63285,49043,5942,23688,4139,43101,2815,1377,1438
63290,49048,5942,23693,4139,43106,2815,1377,1438
63295,49050,5942,23694,4139,43108,2815,1377,1438
63300,49058,5942,23700,4139,43116,2815,1377,1438
63305,49061,5942,23702,4139,43119,2815,1377,1438
63310,49066,5942,23704,4139,43124,2815,1377,1438
63315,49070,5942,23705,4139,43128,2815,1377,1438
63320,49073,5942,23706,4139,43131,2815,1377,1438
63325,49074,5942,23706,4139,43132,2815,1377,1438
63330,49079,5942,23709,4139,43137,2815,1377,1438
63335,49081,5942,23710,4139,43139,2815,1377,1438
63340,49089,5942,23715,4139,43147,2815,1377,1438
63345,49092,5942,23716,4139,43150,2815,1377,1438
63350,49097,5942,23720,4139,43155,2815,1377,1438
63355,49101,5942,23723,4139,43159,2815,1377,1438
63360,49104,5942,23725,4139,43162,2815,1377,1438
63365,49105,5942,23725,4139,43163,2815,1377,1438
63370,49110,5942,23727,4139,43168,2815,1377,1438
63375,49112,5942,23729,4139,43170,2815,1377,1438
63380,49120,5942,23733,4139,43178,2815,1377,1438
63385,49123,5942,23734,4139,43181,2815,1377,1438
63390,49128,5942,23737,4139,43186,2815,1377,1438
63395,49132,5942,23739,4139,43190,2815,1377,1438
63400,49135,5942,23740,4139,43193,2815,1377,1438
63405,49136,5942,23741,4139,43194,2815,1377,1438
63410,49141,5942,23743,4139,43199,2815,1377,1438
63415,49143,5942,23743,4139,43201,2815,1377,1438
63420,49151,5942,23748,4139,43209,2815,1377,1438
63425,49154,5942,23749,4139,43212,2815,1377,1438
63430,49159,5942,23753,4139,43217,2815,1377,1438
63435,49163,5942,23757,4139,43221,2815,1377,1438
63440,49166,5942,23760,4139,43224,2815,1377,1438
63445,49167,5942,23761,4139,43225,2815,1377,1438
63450,49172,5942,23762,4139,43230,2815,1377,1438
63455,49174,5942,23762,4139,43232,2815,1377,1438
63460,49182,5942,23764,4139,43240,2815,1377,1438
63465,49185,5942,23766,4139,43243,2815,1377,1438
63470,49190,5942,23769,4139,43248,2815,1377,1438
63475,49194,5942,23770,4139,43252,2815,1377,1438
63480,49197,5942,23770,4139,43255,2815,1377,1438
63485,49198,5942,23770,4139,43256,2815,1377,1438
63490,49203,5942,23772,4139,43261,2815,1377,1438
63495,49205,5942,23774,4139,43263,2815,1377,1438
63500,49213,5942,23776,4139,43271,2815,1377,1438
63505,49216,5942,23777,4139,43274,2815,1377,1438
63510,49221,5942,23781,4139,43279,2815,1377,1438
63515,49225,5942,23784,4139,43283,2815,1377,1438
63520,49228,5942,23786,4139,43286,2815,1377,1438
63525,49229,5942,23786,4139,43287,2815,1377,1438
63530,49234,5942,23790,4139,43292,2815,1377,1438
63535,49236,5942,23792,4139,43294,2815,1377,1438
63540,49244,5942,23796,4139,43302,2815,1377,1438
63545,49247,5942,23796,4139,43305,2815,1377,1438
63550,49252,5942,23797,4139,43310,2815,1377,1438
63555,49256,5942,23799,4139,43314,2815,1377,1438
63560,49259,5942,23802,4139,43317,2815,1377,1438
63565,49260,5942,23803,4139,43318,2815,1377,1438
63570,49265,5942,23806,4139,43323,2815,1377,1438
63575,49267,5942,23806,4139,43325,2815,1377,1438
63580,49275,5942,23811,4139,43333,2815,1377,1438
63585,49278,5942,23812,4139,43336,2815,1377,1438
63590,49283,5942,23815,4139,43341,2815,1377,1438
63595,49287,5942,23816,4139,43345,2815,1377,1438
63600,49290,5942,23817,4139,43348,2815,1377,1438
63605,49291,5942,23817,4139,43349,2815,1377,1438
63610,49296,5942,23820,4139,43354,2815,1377,1438
63615,49298,5942,23820,4139,43356,2815,1377,1438
63620,49306,5942,23823,4139,43364,2815,1377,1438
63625,49309,5942,23825,4139,43367,2815,1377,1438
63630,49314,5942,23827,4139,43372,2815,1377,1438
63635,49318,5942,23828,4139,43376,2815,1377,1438
63640,49321,5942,23830,4139,43379,2815,1377,1438
63645,49322,5942,23831,4139,43380,2815,1377,1438
63650,49327,5942,23833,4139,43385,2815,1377,1438
63655,49329,5942,23833,4139,43387,2815,1377,1438
63660,49337,5942,23835,4139,43395,2815,1377,1438
63665,49340,5942,23837,4139,43398,2815,1377,1438
63670,49345,5942,23839,4139,43403,2815,1377,1438
63675,49349,5942,23840,4139,43407,2815,1377,1438
63680,49352,5942,23842,4139,43410,2815,1377,1438
63685,49353,5942,23842,4139,43411,2815,1377,1438
63690,49358,5942,23845,4139,43416,2815,1377,1438
63695,49360,5942,23847,4139,43418,2815,1377,1438
63700,49368,5942,23850,4139,43426,2815,1377,1438
63705,49371,5942,23852,4139,43429,2815,1377,1438
63710,49376,5942,23855,4139,43434,2815,1377,1438
63715,49380,5942,23858,4139,43438,2815,1377,1438
63720,49383,5942,23860,4139,43441,2815,1377,1438
63725,49384,5942,23860,4139,43442,2815,1377,1438
63730,49389,5942,23864,4139,43447,2815,1377,1438
63735,49391,5942,23864,4139,43449,2815,1377,1438
63740,49399,5942,23869,4139,43457,2815,1377,1438
63745,49402,5942,23869,4139,43460,2815,1377,1438
63750,49407,5942,23873,4139,43465,2815,1377,1438
63755,49411,5942,23876,4139,43469,2815,1377,1438
63760,49414,5942,23876,4139,43472,2815,1377,1438
63765,49415,5942,23877,4139,43473,2815,1377,1438
63770,49420,5942,23881,4139,43478,2815,1377,1438
63775,49422,5942,23883,4139,43480,2815,1377,1438
63780,49430,5942,23884,4139,43488,2815,1377,1438
63785,49433,5942,23886,4139,43491,2815,1377,1438
63790,49438,5942,23888,4139,43496,2815,1377,1438
63795,49442,5942,23890,4139,43500,2815,1377,1438
63800,49445,5942,23892,4139,43503,2815,1377,1438
63805,49446,5942,23893,4139,43504,2815,1377,1438
63810,49451,5942,23894,4139,43509,2815,1377,1438
63815,49453,5942,23895,4139,43511,2815,1377,1438
63820,49461,5942,23899,4139,43519,2815,1377,1438
63825,49464,5942,23901,4139,43522,2815,1377,1438
63830,49469,5942,23902,4139,43527,2815,1377,1438
63835,49473,5942,23903,4139,43531,2815,1377,1438
63840,49476,5942,23904,4139,43534,2815,1377,1438
63845,49477,5942,23904,4139,43535,2815,1377,1438
63850,49482,5942,23908,4139,43540,2815,1377,1438
63855,49484,5942,23909,4139,43542,2815,1377,1438
63860,49492,5942,23912,4139,43550,2815,1377,1438
63865,49495,5942,23913,4139,43553,2815,1377,1438
63870,49500,5942,23916,4139,43558,2815,1377,1438
63875,49504,5942,23918,4139,43562,2815,1377,1438
63880,49507,5942,23920,4139,43565,2815,1377,1438
63885,49508,5942,23921,4139,43566,2815,1377,1438
63890,49513,5942,23923,4139,43571,2815,1377,1438
63895,49515,5942,23923,4139,43573,2815,1377,1438
63900,49523,5942,23928,4139,43581,2815,1377,1438
63905,49526,5942,23930,4139,43584,2815,1377,1438
63910,49531,5942,23930,4139,43589,2815,1377,1438
63915,49535,5942,23931,4139,43593,2815,1377,1438
63920,49538,5942,23932,4139,43596,2815,1377,1438
63925,49539,5942,23933,4139,43597,2815,1377,1438
63930,49544,5942,23937,4139,43602,2815,1377,1438
63935,49546,5942,23939,4139,43604,2815,1377,1438
63940,49554,5942,23942,4139,43612,2815,1377,1438
63945,49557,5942,23944,4139,43615,2815,1377,1438
63950,49562,5942,23945,4139,43620,2815,1377,1438
63955,49566,5942,23947,4139,43624,2815,1377,1438
63960,49569,5942,23948,4139,43627,2815,1377,1438
63965,49570,5942,23948,4139,43628,2815,1377,1438
63970,49575,5942,23950,4139,43633,2815,1377,1438
63975,49577,5942,23950,4139,43635,2815,1377,1438
63980,49585,5942,23954,4139,43643,2815,1377,1438
63985,49588,5942,23955,4139,43646,2815,1377,1438
63990,49593,5942,23959,4139,43651,2815,1377,1438
63995,49597,5942,23963,4139,43655,2815,1377,1438
64000,49600,5942,23965,4139,43658,2815,1377,1438
64005,49601,5942,23965,4139,43659,2815,1377,1438
64010,49606,5942,23968,4139,43664,2815,1377,1438
64015,49608,5942,23969,4139,43666,2815,1377,1438
64020,49616,5942,23971,4139,43674,2815,1377,1438
64025,49619,5942,23972,4139,43677,2815,1377,1438
64030,49624,5942,23976,4139,43682,2815,1377,1438
64035,49628,5942,23977,4139,43686,2815,1377,1438
64040,49631,5942,23979,4139,43689,2815,1377,1438
64045,49632,5942,23980,4139,43690,2815,1377,1438
64050,49637,5942,23982,4139,43695,2815,1377,1438
64055,49639,5942,23982,4139,43697,2815,1377,1438
64060,49647,5942,23985,4139,43705,2815,1377,1438
64065,49650,5942,23987,4139,43708,2815,1377,1438
64070,49655,5942,23991,4139,43713,2815,1377,1438
64075,49659,5942,23992,4139,43717,2815,1377,1438
64080,49662,5942,23993,4139,43720,2815,1377,1438
64085,49663,5942,23994,4139,43721,2815,1377,1438
64090,49668,5942,23998,4139,43726,2815,1377,1438
64095,49670,5942,23999,4139,43728,2815,1377,1438
64100,49678,5942,24004,4139,43736,2815,1377,1438
64105,49681,5942,24006,4139,43739,2815,1377,1438
64110,49686,5942,24008,4139,43744,2815,1377,1438
64115,49690,5942,24010,4139,43748,2815,1377,1438
64120,49693,5942,24012,4139,43751,2815,1377,1438
64125,49694,5942,24013,4139,43752,2815,1377,1438
64130,49699,5942,24015,4139,43757,2815,1377,1438
64135,49701,5942,24017,4139,43759,2815,1377,1438
64140,49709,5942,24022,4139,43767,2815,1377,1438
64145,49712,5942,24023,4139,43770,2815,1377,1438
64150,49717,5942,24024,4139,43775,2815,1377,1438
64155,49721,5942,24026,4139,43779,2815,1377,1438
64160,49724,5942,24028,4139,43782,2815,1377,1438
64165,49725,5942,24028,4139,43783,2815,1377,1438
64170,49730,5942,24030,4139,43788,2815,1377,1438
64175,49732,5942,24031,4139,43790,2815,1377,1438
64180,49740,5942,24035,4139,43798,2815,1377,1438
64185,49743,5942,24036,4139,43801,2815,1377,1438
64190,49748,5942,24038,4139,43806,2815,1377,1438
64195,49752,5942,24040,4139,43810,2815,1377,1438
64200,49755,5942,24040,4139,43813,2815,1377,1438
64205,49756,5942,24040,4139,43814,2815,1377,1438
64210,49761,5942,24042,4139,43819,2815,1377,1438
64215,49763,5942,24044,4139,43821,2815,1377,1438
64220,49771,5942,24045,4139,43829,2815,1377,1438
64225,49774,5942,24048,4139,43832,2815,1377,1438
64230,49779,5942,24050,4139,43837,2815,1377,1438
64235,49783,5942,24053,4139,43841,2815,1377,1438
64240,49786,5942,24054,4139,43844,2815,1377,1438
64245,49787,5942,24055,4139,43845,2815,1377,1438
64250,49792,5942,24058,4139,43850,2815,1377,1438
64255,49794,5942,24059,4139,43852,2815,1377,1438
64260,49802,5942,24063,4139,43860,2815,1377,1438
64265,49805,5942,24065,4139,43863,2815,1377,1438
64270,49810,5942,24067,4139,43868,2815,1377,1438
64275,49814,5942,24067,4139,43872,2815,1377,1438
64280,49817,5942,24069,4139,43875,2815,1377,1438
64285,49818,5942,24069,4139,43876,2815,1377,1438
64290,49823,5942,24072,4139,43881,2815,1377,1438
64295,49825,5942,24074,4139,43883,2815,1377,1438
64300,49833,5942,24076,4139,43891,2815,1377,1438
64305,49836,5942,24078,4139,43894,2815,1377,1438
64310,49841,5942,24081,4139,43899,2815,1377,1438
64315,49845,5942,24082,4139,43903,2815,1377,1438
64320,49848,5942,24083,4139,43906,2815,1377,1438
64325,49849,5942,24083,4139,43907,2815,1377,1438
64330,49854,5942,24086,4139,43912,2815,1377,1438
64335,49856,5942,24086,4139,43914,2815,1377,1438
64340,49864,5942,24087,4139,43922,2815,1377,1438
64345,49867,5942,24088,4139,43925,2815,1377,1438
64350,49872,5942,24091,4139,43930,2815,1377,1438
64355,49876,5942,24092,4139,43934,2815,1377,1438
64360,49879,5942,24092,4139,43937,2815,1377,1438
64365,49880,5942,24092,4139,43938,2815,1377,1438
64370,49885,5942,24096,4139,43943,2815,1377,1438
64375,49887,5942,24097,4139,43945,2815,1377,1438
64380,49895,5942,24102,4139,43953,2815,1377,1438
64385,49898,5942,24103,4139,43956,2815,1377,1438
64390,49903,5942,24104,4139,43961,2815,1377,1438
64395,49907,5942,24107,4139,43965,2815,1377,1438
64400,49910,5942,24108,4139,43968,2815,1377,1438
64405,49911,5942,24108,4139,43969,2815,1377,1438
64410,49916,5942,24110,4139,43974,2815,1377,1438
64415,49918,5942,24112,4139,43976,2815,1377,1438
64420,49926,5942,24117,4139,43984,2815,1377,1438
64425,49929,5942,24118,4139,43987,2815,1377,1438
64430,49934,5942,24120,4139,43992,2815,1377,1438
64435,49938,5942,24123,4139,43996,2815,1377,1438
64440,49941,5942,24125,4139,43999,2815,1377,1438
64445,49942,5942,24125,4139,44000,2815,1377,1438
64450,49947,5942,24128,4139,44005,2815,1377,1438
64455,49949,5942,24129,4139,44007,2815,1377,1438
64460,49957,5942,24134,4139,44015,2815,1377,1438
64465,49960,5942,24137,4139,44018,2815,1377,1438
64470,49965,5942,24140,4139,44023,2815,1377,1438
64475,49969,5942,24141,4139,44027,2815,1377,1438
64480,49972,5942,24142,4139,44030,2815,1377,1438
64485,49973,5942,24142,4139,44031,2815,1377,1438
64490,49978,5942,24145,4139,44036,2815,1377,1438
64495,49980,5942,24147,4139,44038,2815,1377,1438
64500,49988,5942,24150,4139,44046,2815,1377,1438
64505,49991,5942,24151,4139,44049,2815,1377,1438
64510,49996,5942,24152,4139,44054,2815,1377,1438
64515,50000,5942,24152,4139,44058,2815,1377,1438
64520,50003,5942,24154,4139,44061,2815,1377,1438
64525,50004,5942,24155,4139,44062,2815,1377,1438
64530,50009,5942,24159,4139,44067,2815,1377,1438
64535,50011,5942,24159,4139,44069,2815,1377,1438
64540,50019,5942,24163,4139,44077,2815,1377,1438
64545,50022,5942,24164,4139,44080,2815,1377,1438
64550,50027,5942,24166,4139,44085,2815,1377,1438
64555,50031,5942,24168,4139,44089,2815,1377,1438
64560,50034,5942,24168,4139,44092,2815,1377,1438
64565,50035,5942,24169,4139,44093,2815,1377,1438
64570,50040,5942,24169,4139,44098,2815,1377,1438
64575,50042,5942,24169,4139,44100,2815,1377,1438
64580,50050,5942,24173,4139,44108,2815,1377,1438
64585,50053,5942,24174,4139,44111,2815,1377,1438
64590,50058,5942,24177,4139,44116,2815,1377,1438
64595,50062,5942,24179,4139,44120,2815,1377,1438
64600,50065,5942,24179,4139,44123,2815,1377,1438
64605,50066,5942,24180,4139,44124,2815,1377,1438
64610,50071,5942,24181,4139,44129,2815,1377,1438
64615,50073,5942,24183,4139,44131,2815,1377,1438
64620,50081,5942,24185,4139,44139,2815,1377,1438
64625,50084,5942,24187,4139,44142,2815,1377,1438
64630,50089,5942,24187,4139,44147,2815,1377,1438
64635,50093,5942,24190,4139,44151,2815,1377,1438
64640,50096,5942,24191,4139,44154,2815,1377,1438
64645,50097,5942,24191,4139,44155,2815,1377,1438
64650,50102,5942,24193,4139,44160,2815,1377,1438
64655,50104,5942,24194,4139,44162,2815,1377,1438
64660,50112,5942,24196,4139,44170,2815,1377,1438
64665,50115,5942,24197,4139,44173,2815,1377,1438
64670,50120,5942,24199,4139,44178,2815,1377,1438
64675,50124,5942,24201,4139,44182,2815,1377,1438
64680,50127,5942,24203,4139,44185,2815,1377,1438
64685,50128,5942,24204,4139,44186,2815,1377,1438
64690,50133,5942,24207,4139,44191,2815,1377,1438
64695,50135,5942,24208,4139,44193,2815,1377,1438
64700,50143,5942,24213,4139,44201,2815,1377,1438
64705,50146,5942,24215,4139,44204,2815,1377,1438
64710,50151,5942,24216,4139,44209,2815,1377,1438
64715,50155,5942,24218,4139,44213,2815,1377,1438
64720,50158,5942,24220,4139,44216,2815,1377,1438
64725,50159,5942,24221,4139,44217,2815,1377,1438
64730,50164,5942,24224,4139,44222,2815,1377,1438
64735,50166,5942,24225,4139,44224,2815,1377,1438
64740,50174,5942,24227,4139,44232,2815,1377,1438
64745,50177,5942,24228,4139,44235,2815,1377,1438
64750,50182,5942,24229,4139,44240,2815,1377,1438
64755,50186,5942,24231,4139,44244,2815,1377,1438
64760,50189,5942,24232,4139,44247,2815,1377,1438
64765,50190,5942,24232,4139,44248,2815,1377,1438
64770,50195,5942,24235,4139,44253,2815,1377,1438
64775,50197,5942,24236,4139,44255,2815,1377,1438
64780,50205,5942,24239,4139,44263,2815,1377,1438
64785,50208,5942,24241,4139,44266,2815,1377,1438
64790,50213,5942,24241,4139,44271,2815,1377,1438
64795,50217,5942,24242,4139,44275,2815,1377,1438
64800,50220,5942,24244,4139,44278,2815,1377,1438
64805,50221,5942,24245,4139,44279,2815,1377,1438
64810,50226,5942,24249,4139,44284,2815,1377,1438
64815,50228,5942,24250,4139,44286,2815,1377,1438
64820,50236,5942,24254,4139,44294,2815,1377,1438
64825,50239,5942,24256,4139,44297,2815,1377,1438
64830,50244,5942,24259,4139,44302,2815,1377,1438
64835,50248,5942,24262,4139,44306,2815,1377,1438
64840,50251,5942,24265,4139,44309,2815,1377,1438
64845,50252,5942,24265,4139,44310,2815,1377,1438
64850,50257,5942,24269,4139,44315,2815,1377,1438
64855,50259,5942,24270,4139,44317,2815,1377,1438
64860,50267,5942,24274,4139,44325,2815,1377,1438
64865,50270,5942,24275,4139,44328,2815,1377,1438
64870,50275,5942,24279,4139,44333,2815,1377,1438
64875,50279,5942,24281,4139,44337,2815,1377,1438
64880,50282,5942,24282,4139,44340,2815,1377,1438
64885,50283,5942,24283,4139,44341,2815,1377,1438
64890,50288,5942,24285,4139,44346,2815,1377,1438
64895,50290,5942,24287,4139,44348,2815,1377,1438
64900,50298,5942,24289,4139,44356,2815,1377,1438
64905,50301,5942,24290,4139,44359,2815,1377,1438
64910,50306,5942,24292,4139,44364,2815,1377,1438
64915,50310,5942,24296,4139,44368,2815,1377,1438
64920,50313,5942,24297,4139,44371,2815,1377,1438
64925,50314,5942,24298,4139,44372,2815,1377,1438
64930,50319,5942,24301,4139,44377,2815,1377,1438
64935,50321,5942,24302,4139,44379,2815,1377,1438
64940,50329,5942,24304,4139,44387,2815,1377,1438
64945,50332,5942,24306,4139,44390,2815,1377,1438
64950,50337,5942,24310,4139,44395,2815,1377,1438
64955,50341,5942,24311,4139,44399,2815,1377,1438
64960,50344,5942,24312,4139,44402,2815,1377,1438
64965,50345,5942,24312,4139,44403,2815,1377,1438
64970,50350,5942,24314,4139,44408,2815,1377,1438
64975,50352,5942,24316,4139,44410,2815,1377,1438
64980,50360,5942,24320,4139,44418,2815,1377,1438
64985,50363,5942,24322,4139,44421,2815,1377,1438
64990,50368,5942,24324,4139,44426,2815,1377,1438
64995,50372,5942,24327,4139,44430,2815,1377,1438
65000,50375,5942,24328,4139,44433,2815,1377,1438
65005,50376,5942,24329,4139,44434,2815,1377,1438
65010,50381,5942,24332,4139,44439,2815,1377,1438
65015,50383,5942,24333,4139,44441,2815,1377,1438
65020,50391,5942,24336,4139,44449,2815,1377,1438
65025,50394,5942,24338,4139,44452,2815,1377,1438
65030,50399,5942,24340,4139,44457,2815,1377,1438
65035,50403,5942,24342,4139,44461,2815,1377,1438
65040,50406,5942,24343,4139,44464,2815,1377,1438
65045,50407,5942,24343,4139,44465,2815,1377,1438
65050,50412,5942,24347,4139,44470,2815,1377,1438
65055,50414,5942,24349,4139,44472,2815,1377,1438
65060,50422,5942,24352,4139,44480,2815,1377,1438
65065,50425,5942,24353,4139,44483,2815,1377,1438
65070,50430,5942,24357,4139,44488,2815,1377,1438
65075,50434,5942,24358,4139,44492,2815,1377,1438
65080,50437,5942,24360,4139,44495,2815,1377,1438
65085,50438,5942,24361,4139,44496,2815,1377,1438
65090,50443,5942,24363,4139,44501,2815,1377,1438
65095,50445,5942,24364,4139,44503,2815,1377,1438
65100,50453,5942,24369,4139,44511,2815,1377,1438
65105,50456,5942,24370,4139,44514,2815,1377,1438
65110,50461,5942,24373,4139,44519,2815,1377,1438
65115,50465,5942,24375,4139,44523,2815,1377,1438
65120,50468,5942,24377,4139,44526,2815,1377,1438
65125,50469,5942,24378,4139,44527,2815,1377,1438
65130,50474,5942,24380,4139,44532,2815,1377,1438
65135,50476,5942,24381,4139,44534,2815,1377,1438
65140,50484,5942,24384,4139,44542,2815,1377,1438
65145,50487,5942,24386,4139,44545,2815,1377,1438
65150,50492,5942,24386,4139,44550,2815,1377,1438
65155,50496,5942,24389,4139,44554,2815,1377,1438
65160,50499,5942,24391,4139,44557,2815,1377,1438
65165,50500,5942,24391,4139,44558,2815,1377,1438
65170,50505,5942,24395,4139,44563,2815,1377,1438
65175,50507,5942,24395,4139,44565,2815,1377,1438
65180,50515,5942,24397,4139,44573,2815,1377,1438
65185,50518,5942,24397,4139,44576,2815,1377,1438
65190,50523,5942,24399,4139,44581,2815,1377,1438
65195,50527,5942,24400,4139,44585,2815,1377,1438
65200,50530,5942,24402,4139,44588,2815,1377,1438
65205,50531,5942,24402,4139,44589,2815,1377,1438
65210,50536,5942,24403,4139,44594,2815,1377,1438
65215,50538,5942,24404,4139,44596,2815,1377,1438
65220,50546,5942,24408,4139,44604,2815,1377,1438
65225,50549,5942,24409,4139,44607,2815,1377,1438
65230,50554,5942,24411,4139,44612,2815,1377,1438
65235,50558,5942,24412,4139,44616,2815,1377,1438
65240,50561,5942,24414,4139,44619,2815,1377,1438
65245,50562,5942,24414,4139,44620,2815,1377,1438
65250,50567,5942,24417,4139,44625,2815,1377,1438
65255,50569,5942,24418,4139,44627,2815,1377,1438
65260,50577,5942,24419,4139,44635,2815,1377,1438
65265,50580,5942,24421,4139,44638,2815,1377,1438
65270,50585,5942,24423,4139,44643,2815,1377,1438
65275,50589,5942,24425,4139,44647,2815,1377,1438
65280,50592,5942,24426,4139,44650,2815,1377,1438
65285,50593,5942,24427,4139,44651,2815,1377,1438
65290,50598,5942,24429,4139,44656,2815,1377,1438
65295,50600,5942,24430,4139,44658,2815,1377,1438
65300,50608,5942,24436,4139,44666,2815,1377,1438
65305,50611,5942,24439,4139,44669,2815,1377,1438
65310,50616,5942,24443,4139,44674,2815,1377,1438
65315,50620,5942,24444,4139,44678,2815,1377,1438
65320,50623,5942,24445,4139,44681,2815,1377,1438
65325,50624,5942,24446,4139,44682,2815,1377,1438
65330,50629,5942,24447,4139,44687,2815,1377,1438
65335,50631,5942,24447,4139,44689,2815,1377,1438
65340,50639,5942,24450,4139,44697,2815,1377,1438
65345,50642,5942,24451,4139,44700,2815,1377,1438
65350,50647,5942,24454,4139,44705,2815,1377,1438
65355,50651,5942,24456,4139,44709,2815,1377,1438
65360,50654,5942,24457,4139,44712,2815,1377,1438
65365,50655,5942,24457,4139,44713,2815,1377,1438
65370,50660,5942,24460,4139,44718,2815,1377,1438
65375,50662,5942,24462,4139,44720,2815,1377,1438
65380,50670,5942,24466,4139,44728,2815,1377,1438
65385,50673,5942,24467,4139,44731,2815,1377,1438
65390,50678,5942,24469,4139,44736,2815,1377,1438
65395,50682,5942,24473,4139,44740,2815,1377,1438
65400,50685,5942,24475,4139,44743,2815,1377,1438
65405,50686,5942,24476,4139,44744,2815,1377,1438
65410,50691,5942,24477,4139,44749,2815,1377,1438
65415,50693,5942,24477,4139,44751,2815,1377,1438
65420,50701,5942,24481,4139,44759,2815,1377,1438
65425,50704,5942,24483,4139,44762,2815,1377,1438
65430,50709,5942,24485,4139,44767,2815,1377,1438
65435,50713,5942,24488,4139,44771,2815,1377,1438
65440,50716,5942,24490,4139,44774,2815,1377,1438
65445,50717,5942,24490,4139,44775,2815,1377,1438
65450,50722,5942,24494,4139,44780,2815,1377,1438
65455,50724,5942,24495,4139,44782,2815,1377,1438
