source,gentime, athop, hopcount,priority, reachedTime
2,3,2,2,1, 5
1,6,1,1,0, 7
4,6,4,4,1, 10
3,7,3,3,1, 10
2,8,2,2,1, 10
1,11,1,1,0, 12
4,11,4,4,1, 15
3,12,3,3,0, 15
2,13,2,2,0, 15
1,16,1,1,1, 17
8,16,1,1,1, 17
11,14,4,4,0, 18
9,17,2,2,1, 19
4,16,4,4,0, 20
3,17,3,3,0, 20
2,18,2,2,1, 20
16,19,2,2,1, 21
14,19,3,3,1, 22
17,19,3,3,0, 22
1,21,1,1,1, 22
8,21,1,1,0, 22
11,19,4,4,0, 23
13,19,4,4,0, 23
15,21,2,2,0, 23
9,22,2,2,1, 24
12,20,5,5,0, 25
4,21,4,4,1, 25
3,22,3,3,1, 25
2,23,2,2,0, 25
16,24,2,2,1, 26
14,24,3,3,0, 27
17,24,3,3,1, 27
1,26,1,1,1, 27
8,26,1,1,0, 27
11,24,4,4,0, 28
13,24,4,4,1, 28
15,26,2,2,1, 28
20,23,6,6,0, 29
9,27,2,2,0, 29
12,25,5,5,1, 30
4,26,4,4,0, 30
22,26,4,4,0, 30
3,27,3,3,0, 30
2,28,2,2,1, 30
24,29,1,1,0, 30
19,26,5,5,1, 31
23,28,3,3,0, 31
16,29,2,2,1, 31
14,29,3,3,1, 32
17,29,3,3,1, 32
1,31,1,1,0, 32
8,31,1,1,0, 32
11,29,4,4,0, 33
13,29,4,4,0, 33
15,31,2,2,0, 33
20,28,6,6,0, 34
9,32,2,2,0, 34
12,30,5,5,1, 35
4,31,4,4,0, 35
22,31,4,4,0, 35
3,32,3,3,1, 35
2,33,2,2,1, 35
24,34,1,1,0, 35
19,31,5,5,0, 36
23,33,3,3,1, 36
16,34,2,2,0, 36
14,34,3,3,0, 37
17,34,3,3,0, 37
25,35,2,2,0, 37
1,36,1,1,1, 37
8,36,1,1,0, 37
11,34,4,4,0, 38
13,34,4,4,1, 38
15,36,2,2,0, 38
20,33,6,6,0, 39
28,34,5,5,1, 39
9,37,2,2,1, 39
12,35,5,5,1, 40
4,36,4,4,1, 40
22,36,4,4,0, 40
3,37,3,3,1, 40
26,37,3,3,1, 40
2,38,2,2,0, 40
24,39,1,1,1, 40
19,36,5,5,1, 41
23,38,3,3,1, 41
16,39,2,2,0, 41
14,39,3,3,1, 42
17,39,3,3,1, 42
25,40,2,2,0, 42
1,41,1,1,1, 42
8,41,1,1,1, 42
11,39,4,4,1, 43
13,39,4,4,0, 43
15,41,2,2,0, 43
20,38,6,6,1, 44
28,39,5,5,0, 44
9,42,2,2,0, 44
12,40,5,5,1, 45
4,41,4,4,1, 45
22,41,4,4,0, 45
3,42,3,3,0, 45
26,42,3,3,0, 45
2,43,2,2,0, 45
24,44,1,1,0, 45
19,41,5,5,1, 46
23,43,3,3,0, 46
16,44,2,2,0, 46
14,44,3,3,1, 47
17,44,3,3,1, 47
25,45,2,2,1, 47
1,46,1,1,0, 47
8,46,1,1,1, 47
11,44,4,4,1, 48
13,44,4,4,1, 48
15,46,2,2,0, 48
20,43,6,6,1, 49
28,44,5,5,1, 49
9,47,2,2,1, 49
4,46,4,4,1, 50
22,46,4,4,1, 50
26,47,3,3,1, 50
2,48,2,2,1, 50
24,49,1,1,0, 50
19,46,5,5,1, 51
23,48,3,3,1, 51
16,49,2,2,1, 51
14,49,3,3,0, 52
1,51,1,1,0, 52
8,51,1,1,1, 52
13,49,4,4,0, 53
15,51,2,2,1, 53
20,48,6,6,1, 54
28,49,5,5,1, 54
9,52,2,2,1, 54
4,51,4,4,1, 55
22,51,4,4,0, 55
3,52,3,3,1, 55
2,53,2,2,1, 55
24,54,1,1,1, 55
19,51,5,5,1, 56
23,53,3,3,0, 56
16,54,2,2,1, 56
14,54,3,3,0, 57
1,56,1,1,1, 57
8,56,1,1,1, 57
13,54,4,4,1, 58
15,56,2,2,0, 58
22,56,4,4,0, 60
26,57,3,3,1, 60
24,59,1,1,0, 60
23,58,3,3,1, 61
16,59,2,2,1, 61
14,59,3,3,0, 62
17,59,3,3,1, 62
25,60,2,2,1, 62
1,61,1,1,0, 62
8,61,1,1,1, 62
13,59,4,4,1, 63
15,61,2,2,1, 63
31,61,2,2,1, 63
20,58,6,6,1, 64
28,59,5,5,1, 64
4,61,4,4,1, 65
22,61,4,4,1, 65
24,64,1,1,1, 65
19,61,5,5,1, 66
23,63,3,3,1, 66
30,63,3,3,0, 66
16,64,2,2,0, 66
18,63,4,4,1, 67
29,63,4,4,1, 67
14,64,3,3,0, 67
1,66,1,1,1, 67
8,66,1,1,0, 67
13,64,4,4,0, 68
15,66,2,2,1, 68
31,66,2,2,0, 68
28,64,5,5,1, 69
6,65,2,4,0, 69
9,67,2,2,1, 69
12,65,5,5,1, 70
22,66,4,4,1, 70
26,67,3,3,1, 70
2,68,2,2,1, 70
24,69,1,1,1, 70
19,66,5,5,1, 71
23,68,3,3,0, 71
30,68,3,3,1, 71
16,69,2,2,1, 71
29,68,4,4,0, 72
14,69,3,3,1, 72
17,69,3,3,1, 72
1,71,1,1,1, 72
8,71,1,1,0, 72
11,69,4,4,1, 73
13,69,4,4,0, 73
31,71,2,2,1, 73
22,71,4,4,1, 75
24,74,1,1,0, 75
23,73,3,3,1, 76
30,73,3,3,1, 76
29,73,4,4,1, 77
8,76,1,1,1, 77
15,76,2,2,1, 78
31,76,2,2,0, 78
6,75,2,4,1, 79
24,79,1,1,0, 80
30,78,3,3,1, 81
29,78,4,4,0, 82
14,79,3,3,1, 82
8,81,1,1,1, 82
13,79,4,4,1, 83
15,81,2,2,1, 83
31,81,2,2,0, 83
6,80,2,4,1, 84
22,81,4,4,1, 85
24,84,1,1,0, 85
23,83,3,3,1, 86
30,83,3,3,0, 86
29,83,4,4,1, 87
8,86,1,1,1, 87
31,86,2,2,1, 88
6,85,2,4,1, 89
24,89,1,1,0, 90
23,88,3,3,1, 91
30,88,3,3,0, 91
16,89,2,2,1, 91
29,88,4,4,1, 92
8,91,1,1,1, 92
13,89,4,4,1, 93
31,91,2,2,1, 93
22,91,4,4,1, 95
24,94,1,1,1, 95
30,93,3,3,0, 96
29,93,4,4,0, 97
8,96,1,1,0, 97
13,94,4,4,1, 98
31,96,2,2,0, 98
24,99,1,1,1, 100
30,98,3,3,0, 101
16,99,2,2,1, 101
29,98,4,4,0, 102
14,99,3,3,1, 102
8,101,1,1,1, 102
15,101,2,2,1, 103
31,101,2,2,1, 103
6,100,2,4,1, 104
24,104,1,1,1, 105
23,103,3,3,1, 106
30,103,3,3,1, 106
29,103,4,4,0, 107
8,106,1,1,1, 107
31,106,2,2,1, 108
6,105,2,4,1, 109
24,109,1,1,0, 110
30,108,3,3,0, 111
29,108,4,4,0, 112
8,111,1,1,0, 112
31,111,2,2,0, 113
6,110,2,4,1, 114
22,111,4,4,1, 115
24,114,1,1,1, 115
30,113,3,3,1, 116
16,114,2,2,1, 116
29,113,4,4,0, 117
14,114,3,3,1, 117
8,116,1,1,0, 117
15,116,2,2,1, 118
31,116,2,2,0, 118
6,115,2,4,1, 119
24,119,1,1,1, 120
30,118,3,3,0, 121
29,118,4,4,0, 122
31,121,2,2,0, 123
24,124,1,1,1, 125
30,123,3,3,1, 126
29,123,4,4,1, 127
31,126,2,2,0, 128
24,129,1,1,1, 130
30,128,3,3,1, 131
29,128,4,4,0, 132
31,131,2,2,1, 133
24,134,1,1,1, 135
30,133,3,3,1, 136
29,133,4,4,0, 137
31,136,2,2,1, 138
24,139,1,1,0, 140
30,138,3,3,0, 141
29,138,4,4,1, 142
31,141,2,2,1, 143
24,144,1,1,1, 145
30,143,3,3,0, 146
29,143,4,4,1, 147
31,146,2,2,0, 148
24,149,1,1,0, 150
30,148,3,3,1, 151
29,148,4,4,0, 152
24,154,1,1,1, 155
31,156,2,2,1, 158
24,159,1,1,0, 160
31,161,2,2,1, 163
24,164,1,1,0, 165
29,163,4,4,1, 167
24,169,1,1,1, 170
24,174,1,1,0, 175
30,173,3,3,1, 176
31,176,2,2,1, 178
24,179,1,1,1, 180
25,180,2,2,1, 182
1,181,1,1,1, 182
31,181,2,2,1, 183
9,182,2,2,1, 184
24,184,1,1,1, 185
29,183,4,4,1, 187
1,186,1,1,0, 187
9,187,2,2,1, 189
24,189,1,1,1, 190
17,189,3,3,1, 192
25,190,2,2,1, 192
1,191,1,1,1, 192
9,192,2,2,1, 194
2,193,2,2,1, 195
24,194,1,1,0, 195
18,193,4,4,1, 197
25,195,2,2,1, 197
1,196,1,1,1, 197
24,199,1,1,1, 200
30,198,3,3,1, 201
17,199,3,3,1, 202
25,200,2,2,1, 202
1,201,1,1,1, 202
9,202,2,2,1, 204
2,203,2,2,1, 205
24,204,1,1,0, 205
17,204,3,3,1, 207
24,209,1,1,0, 210
24,214,1,1,0, 215
30,213,3,3,1, 216
24,219,1,1,0, 220
30,218,3,3,1, 221
29,218,4,4,1, 222
31,221,2,2,1, 223
24,224,1,1,0, 225
30,223,3,3,1, 226
8,226,1,1,1, 227
24,229,1,1,1, 230
23,228,3,3,1, 231
30,228,3,3,1, 231
16,229,2,2,1, 231
8,231,1,1,1, 232
22,231,4,4,1, 235
24,234,1,1,1, 235
23,233,3,3,1, 236
30,233,3,3,1, 236
8,236,1,1,1, 237
31,236,2,2,1, 238
24,239,1,1,0, 240
30,238,3,3,1, 241
16,239,2,2,1, 241
29,238,4,4,1, 242
8,241,1,1,1, 242
22,241,4,4,1, 245
24,244,1,1,0, 245
16,244,2,2,1, 246
29,243,4,4,1, 247
8,246,1,1,0, 247
24,249,1,1,1, 250
30,248,3,3,1, 251
16,249,2,2,1, 251
8,251,1,1,0, 252
31,251,2,2,1, 253
24,254,1,1,1, 255
30,253,3,3,1, 256
29,253,4,4,1, 257
8,256,1,1,0, 257
23,258,3,3,1, 261
16,259,2,2,1, 261
8,261,1,1,1, 262
8,266,1,1,0, 267
22,266,4,4,1, 270
8,271,1,1,1, 272
8,276,1,1,1, 277
22,276,4,4,1, 280
1,316,1,1,0, 317
9,317,2,2,1, 319
17,319,3,3,1, 322
25,320,2,2,1, 322
1,321,1,1,1, 322
17,324,3,3,1, 327
25,325,2,2,1, 327
1,326,1,1,1, 327
9,327,2,2,1, 329
17,329,3,3,1, 332
25,330,2,2,1, 332
1,331,1,1,0, 332
9,332,2,2,1, 334
25,335,2,2,1, 337
1,336,1,1,0, 337
25,340,2,2,1, 342
1,341,1,1,0, 342
9,342,2,2,1, 344
25,345,2,2,1, 347
1,346,1,1,1, 347
25,350,2,2,1, 352
1,351,1,1,0, 352
2,353,2,2,1, 355
17,354,3,3,1, 357
24,364,1,1,1, 365
24,369,1,1,0, 370
24,374,1,1,1, 375
24,379,1,1,0, 380
8,381,1,1,0, 382
15,381,2,2,1, 383
24,384,1,1,0, 385
8,386,1,1,0, 387
15,386,2,2,1, 388
24,389,1,1,0, 390
8,391,1,1,1, 392
24,394,1,1,1, 395
8,396,1,1,1, 397
15,396,2,2,1, 398
24,399,1,1,1, 400
8,401,1,1,0, 402
15,401,2,2,1, 403
6,400,2,4,1, 404
24,404,1,1,1, 405
8,406,1,1,1, 407
6,405,2,4,1, 409
24,409,1,1,1, 410
14,409,3,3,1, 412
8,411,1,1,0, 412
15,411,2,2,1, 413
24,414,1,1,0, 415
16,414,2,2,1, 416
14,414,3,3,1, 417
8,416,1,1,0, 417
15,416,2,2,1, 418
22,416,4,4,1, 420
24,419,1,1,1, 420
14,419,3,3,1, 422
24,424,1,1,1, 425
24,429,1,1,0, 430
31,431,2,2,1, 433
24,434,1,1,1, 435
24,439,1,1,1, 440
24,444,1,1,1, 445
29,443,4,4,1, 447
24,449,1,1,0, 450
30,448,3,3,1, 451
29,448,4,4,1, 452
24,454,1,1,0, 455
29,453,4,4,1, 457
24,459,1,1,1, 460
1,461,1,1,0, 462
31,461,2,2,1, 463
24,464,1,1,1, 465
30,463,3,3,1, 466
29,463,4,4,1, 467
1,466,1,1,1, 467
24,469,1,1,1, 470
29,468,4,4,1, 472
25,470,2,2,1, 472
1,471,1,1,1, 472
24,474,1,1,1, 475
30,473,3,3,1, 476
1,476,1,1,1, 477
24,479,1,1,0, 480
29,478,4,4,1, 482
1,481,1,1,1, 482
1,486,1,1,1, 487
25,490,2,2,1, 492
1,491,1,1,0, 492
1,496,1,1,1, 497
25,500,2,2,1, 502
1,501,1,1,1, 502
2,503,2,2,1, 505
1,506,1,1,1, 507
25,510,2,2,1, 512
1,511,1,1,0, 512
2,513,2,2,1, 515
25,515,2,2,1, 517
1,516,1,1,0, 517
2,518,2,2,1, 520
25,520,2,2,1, 522
1,521,1,1,1, 522
1,526,1,1,0, 527
8,526,1,1,1, 527
1,531,1,1,1, 532
8,531,1,1,0, 532
3,532,3,3,1, 535
2,533,2,2,1, 535
1,536,1,1,0, 537
8,536,1,1,1, 537
3,537,3,3,1, 540
8,541,1,1,1, 542
15,541,2,2,1, 543
8,546,1,1,1, 547
15,546,2,2,1, 548
8,551,1,1,0, 552
8,556,1,1,0, 557
15,556,2,2,1, 558
8,561,1,1,0, 562
15,561,2,2,1, 563
8,566,1,1,0, 567
15,566,2,2,1, 568
8,571,1,1,1, 572
8,576,1,1,1, 577
15,576,2,2,1, 578
8,581,1,1,0, 582
8,586,1,1,1, 587
15,586,2,2,1, 588
6,585,2,4,1, 589
16,589,2,2,1, 591
14,589,3,3,1, 592
8,591,1,1,0, 592
31,591,2,2,1, 593
6,590,2,4,1, 594
24,594,1,1,0, 595
29,593,4,4,1, 597
14,594,3,3,1, 597
31,596,2,2,1, 598
24,599,1,1,0, 600
24,604,1,1,0, 605
24,609,1,1,0, 610
24,614,1,1,0, 615
24,619,1,1,1, 620
24,624,1,1,1, 625
24,629,1,1,0, 630
24,634,1,1,0, 635
24,639,1,1,1, 640
24,644,1,1,1, 645
25,645,2,2,1, 647
1,646,1,1,0, 647
24,649,1,1,0, 650
17,649,3,3,1, 652
1,651,1,1,1, 652
24,654,1,1,0, 655
25,655,2,2,1, 657
1,656,1,1,1, 657
9,657,2,2,1, 659
24,659,1,1,0, 660
17,659,3,3,1, 662
25,660,2,2,1, 662
1,661,1,1,0, 662
9,662,2,2,1, 664
24,664,1,1,1, 665
17,664,3,3,1, 667
25,665,2,2,1, 667
1,666,1,1,1, 667
9,667,2,2,1, 669
2,668,2,2,1, 670
24,669,1,1,0, 670
17,669,3,3,1, 672
25,670,2,2,1, 672
1,671,1,1,1, 672
3,672,3,3,1, 675
24,674,1,1,0, 675
24,679,1,1,1, 680
24,684,1,1,1, 685
24,689,1,1,1, 690
24,694,1,1,1, 695
24,699,1,1,0, 700
8,701,1,1,0, 702
24,704,1,1,0, 705
8,706,1,1,1, 707
24,709,1,1,0, 710
8,711,1,1,0, 712
24,714,1,1,0, 715
8,716,1,1,1, 717
24,719,1,1,0, 720
8,721,1,1,0, 722
31,721,2,2,1, 723
24,724,1,1,1, 725
8,726,1,1,0, 727
15,726,2,2,1, 728
24,729,1,1,1, 730
8,731,1,1,1, 732
15,731,2,2,1, 733
31,731,2,2,1, 733
24,734,1,1,0, 735
8,736,1,1,0, 737
15,736,2,2,1, 738
31,736,2,2,1, 738
24,739,1,1,0, 740
8,741,1,1,1, 742
24,744,1,1,0, 745
8,746,1,1,1, 747
15,746,2,2,1, 748
24,749,1,1,1, 750
8,751,1,1,0, 752
31,751,2,2,1, 753
24,754,1,1,1, 755
8,756,1,1,1, 757
15,756,2,2,1, 758
31,756,2,2,1, 758
24,759,1,1,0, 760
8,761,1,1,0, 762
15,761,2,2,1, 763
24,764,1,1,0, 765
30,763,3,3,1, 766
16,764,2,2,1, 766
29,763,4,4,1, 767
8,766,1,1,1, 767
13,764,4,4,1, 768
15,766,2,2,1, 768
31,766,2,2,1, 768
8,771,1,1,0, 772
15,771,2,2,1, 773
14,774,3,3,1, 777
8,776,1,1,1, 777
6,775,2,4,1, 779
16,779,2,2,1, 781
17,779,3,3,1, 782
25,780,2,2,1, 782
1,781,1,1,1, 782
9,782,2,2,1, 784
17,784,3,3,1, 787
1,786,1,1,1, 787
17,789,3,3,1, 792
1,791,1,1,1, 792
9,792,2,2,1, 794
17,794,3,3,1, 797
25,795,2,2,1, 797
1,796,1,1,0, 797
9,797,2,2,1, 799
17,799,3,3,1, 802
1,801,1,1,1, 802
17,804,3,3,1, 807
1,806,1,1,0, 807
9,807,2,2,1, 809
17,809,3,3,1, 812
25,810,2,2,1, 812
24,874,1,1,1, 875
24,879,1,1,1, 880
24,884,1,1,0, 885
24,889,1,1,0, 890
8,891,1,1,1, 892
24,894,1,1,0, 895
8,896,1,1,1, 897
24,899,1,1,0, 900
8,901,1,1,0, 902
24,904,1,1,1, 905
8,906,1,1,0, 907
24,909,1,1,1, 910
8,911,1,1,0, 912
24,914,1,1,0, 915
25,915,2,2,1, 917
1,916,1,1,0, 917
8,916,1,1,0, 917
24,919,1,1,0, 920
25,920,2,2,1, 922
1,921,1,1,0, 922
8,921,1,1,0, 922
24,924,1,1,1, 925
14,924,3,3,1, 927
1,926,1,1,1, 927
8,926,1,1,0, 927
15,926,2,2,1, 928
31,926,2,2,1, 928
6,925,2,4,1, 929
24,929,1,1,0, 930
1,931,1,1,0, 932
8,931,1,1,1, 932
31,931,2,2,1, 933
24,934,1,1,1, 935
1,936,1,1,1, 937
8,936,1,1,1, 937
13,934,4,4,1, 938
15,936,2,2,1, 938
24,939,1,1,1, 940
1,941,1,1,1, 942
8,941,1,1,1, 942
31,941,2,2,1, 943
6,940,2,4,1, 944
24,944,1,1,1, 945
1,946,1,1,0, 947
8,946,1,1,0, 947
13,944,4,4,1, 948
15,946,2,2,1, 948
31,946,2,2,1, 948
24,949,1,1,1, 950
14,949,3,3,1, 952
1,951,1,1,0, 952
8,951,1,1,0, 952
13,949,4,4,1, 953
15,951,2,2,1, 953
31,951,2,2,1, 953
24,954,1,1,1, 955
14,954,3,3,1, 957
17,954,3,3,1, 957
25,955,2,2,1, 957
1,956,1,1,1, 957
8,956,1,1,0, 957
24,959,1,1,0, 960
17,959,3,3,1, 962
25,960,2,2,1, 962
1,961,1,1,0, 962
31,961,2,2,1, 963
24,964,1,1,1, 965
25,965,2,2,1, 967
1,966,1,1,1, 967
31,966,2,2,1, 968
9,967,2,2,1, 969
24,969,1,1,1, 970
29,968,4,4,1, 972
25,970,2,2,1, 972
1,971,1,1,0, 972
31,971,2,2,1, 973
9,972,2,2,1, 974
26,972,3,3,1, 975
24,974,1,1,0, 975
17,974,3,3,1, 977
25,975,2,2,1, 977
1,976,1,1,1, 977
31,976,2,2,1, 978
9,977,2,2,1, 979
16,1064,2,2,1, 1066
8,1066,1,1,0, 1067
22,1066,4,4,1, 1070
8,1071,1,1,1, 1072
22,1071,4,4,1, 1075
16,1074,2,2,1, 1076
8,1076,1,1,1, 1077
24,1079,1,1,1, 1080
16,1079,2,2,1, 1081
1,1081,1,1,0, 1082
8,1081,1,1,0, 1082
22,1081,4,4,1, 1085
24,1084,1,1,0, 1085
16,1084,2,2,1, 1086
1,1086,1,1,1, 1087
8,1086,1,1,0, 1087
15,1086,2,2,1, 1088
24,1089,1,1,1, 1090
23,1088,3,3,1, 1091
16,1089,2,2,1, 1091
1,1091,1,1,0, 1092
8,1091,1,1,0, 1092
13,1089,4,4,1, 1093
15,1091,2,2,1, 1093
6,1090,2,4,1, 1094
24,1094,1,1,0, 1095
25,1095,2,2,1, 1097
1,1096,1,1,0, 1097
24,1099,1,1,0, 1100
1,1101,1,1,0, 1102
24,1104,1,1,1, 1105
1,1106,1,1,1, 1107
24,1109,1,1,1, 1110
1,1111,1,1,0, 1112
24,1114,1,1,1, 1115
1,1116,1,1,1, 1117
2,1118,2,2,1, 1120
24,1119,1,1,1, 1120
25,1120,2,2,1, 1122
1,1121,1,1,1, 1122
24,1124,1,1,0, 1125
25,1125,2,2,1, 1127
1,1126,1,1,1, 1127
24,1129,1,1,1, 1130
18,1128,4,4,1, 1132
25,1130,2,2,1, 1132
1,1131,1,1,0, 1132
31,1131,2,2,1, 1133
24,1134,1,1,0, 1135
25,1135,2,2,1, 1137
1,1136,1,1,1, 1137
31,1136,2,2,1, 1138
24,1139,1,1,0, 1140
1,1141,1,1,1, 1142
4,1141,4,4,1, 1145
2,1143,2,2,1, 1145
24,1144,1,1,1, 1145
5,1142,3,5,1, 1147
25,1145,2,2,1, 1147
1,1146,1,1,1, 1147
28,1144,5,5,1, 1149
24,1149,1,1,0, 1150
31,1151,2,2,1, 1153
24,1154,1,1,1, 1155
24,1159,1,1,1, 1160
24,1164,1,1,0, 1165
24,1169,1,1,0, 1170
24,1174,1,1,1, 1175
29,1173,4,4,1, 1177
31,1176,2,2,1, 1178
24,1179,1,1,1, 1180
29,1178,4,4,1, 1182
24,1184,1,1,1, 1185
24,1189,1,1,0, 1190
31,1191,2,2,1, 1193
24,1194,1,1,1, 1195
30,1193,3,3,1, 1196
8,1196,1,1,1, 1197
24,1199,1,1,1, 1200
8,1201,1,1,0, 1202
24,1204,1,1,1, 1205
30,1203,3,3,1, 1206
8,1206,1,1,1, 1207
8,1211,1,1,0, 1212
8,1216,1,1,0, 1217
8,1221,1,1,1, 1222
16,1224,2,2,1, 1226
8,1226,1,1,0, 1227
8,1231,1,1,0, 1232
8,1236,1,1,0, 1237
16,1239,2,2,1, 1241
8,1241,1,1,0, 1242
16,1244,2,2,1, 1246
8,1246,1,1,0, 1247
8,1251,1,1,0, 1252
15,1251,2,2,1, 1253
16,1254,2,2,1, 1256
1,1256,1,1,1, 1257
8,1256,1,1,1, 1257
9,1257,2,2,1, 1259
2,1258,2,2,1, 1260
17,1259,3,3,1, 1262
25,1260,2,2,1, 1262
1,1261,1,1,1, 1262
8,1261,1,1,1, 1262
15,1261,2,2,1, 1263
22,1261,4,4,1, 1265
23,1263,3,3,1, 1266
14,1264,3,3,1, 1267
25,1265,2,2,1, 1267
1,1266,1,1,1, 1267
8,1266,1,1,0, 1267
15,1266,2,2,1, 1268
6,1265,2,4,1, 1269
25,1270,2,2,1, 1272
1,1271,1,1,1, 1272
25,1275,2,2,1, 1277
1,1276,1,1,1, 1277
1,1281,1,1,1, 1282
3,1282,3,3,1, 1285
25,1285,2,2,1, 1287
1,1286,1,1,0, 1287
3,1287,3,3,1, 1290
25,1290,2,2,1, 1292
1,1291,1,1,1, 1292
4,1291,4,4,1, 1295
3,1292,3,3,1, 1295
2,1293,2,2,1, 1295
24,1309,1,1,0, 1310
24,1314,1,1,0, 1315
24,1319,1,1,0, 1320
24,1324,1,1,1, 1325
24,1329,1,1,1, 1330
31,1331,2,2,1, 1333
24,1334,1,1,0, 1335
31,1336,2,2,1, 1338
24,1339,1,1,0, 1340
24,1344,1,1,1, 1345
24,1349,1,1,0, 1350
31,1351,2,2,1, 1353
24,1354,1,1,0, 1355
31,1356,2,2,1, 1358
24,1359,1,1,0, 1360
24,1364,1,1,0, 1365
30,1363,3,3,1, 1366
31,1366,2,2,1, 1368
24,1369,1,1,0, 1370
29,1368,4,4,1, 1372
8,1371,1,1,0, 1372
24,1374,1,1,1, 1375
30,1373,3,3,1, 1376
8,1376,1,1,0, 1377
31,1376,2,2,1, 1378
24,1379,1,1,0, 1380
30,1378,3,3,1, 1381
29,1378,4,4,1, 1382
8,1381,1,1,1, 1382
8,1386,1,1,0, 1387
8,1391,1,1,0, 1392
17,1394,3,3,1, 1397
25,1395,2,2,1, 1397
1,1396,1,1,1, 1397
8,1396,1,1,1, 1397
25,1400,2,2,1, 1402
1,1401,1,1,1, 1402
8,1401,1,1,0, 1402
9,1402,2,2,1, 1404
17,1404,3,3,1, 1407
25,1405,2,2,1, 1407
1,1406,1,1,1, 1407
8,1406,1,1,0, 1407
15,1406,2,2,1, 1408
25,1410,2,2,1, 1412
1,1411,1,1,0, 1412
8,1411,1,1,1, 1412
15,1411,2,2,1, 1413
25,1415,2,2,1, 1417
1,1416,1,1,0, 1417
8,1416,1,1,1, 1417
15,1416,2,2,1, 1418
9,1417,2,2,1, 1419
25,1420,2,2,1, 1422
1,1421,1,1,1, 1422
8,1421,1,1,1, 1422
9,1422,2,2,1, 1424
1,1426,1,1,0, 1427
8,1426,1,1,0, 1427
15,1426,2,2,1, 1428
26,1427,3,3,1, 1430
2,1428,2,2,1, 1430
14,1429,3,3,1, 1432
1,1431,1,1,1, 1432
8,1431,1,1,1, 1432
15,1431,2,2,1, 1433
26,1432,3,3,1, 1435
16,1434,2,2,1, 1436
14,1434,3,3,1, 1437
17,1434,3,3,1, 1437
1,1436,1,1,0, 1437
8,1436,1,1,0, 1437
15,1436,2,2,1, 1438
6,1435,2,4,1, 1439
9,1437,2,2,1, 1439
16,1439,2,2,1, 1441
24,1489,1,1,1, 1490
24,1494,1,1,0, 1495
24,1499,1,1,1, 1500
24,1504,1,1,1, 1505
24,1509,1,1,0, 1510
24,1514,1,1,0, 1515
24,1519,1,1,0, 1520
24,1524,1,1,0, 1525
24,1529,1,1,0, 1530
24,1534,1,1,1, 1535
31,1536,2,2,1, 1538
24,1539,1,1,0, 1540
24,1544,1,1,1, 1545
8,1546,1,1,1, 1547
24,1549,1,1,1, 1550
25,1550,2,2,1, 1552
1,1551,1,1,1, 1552
8,1551,1,1,0, 1552
24,1554,1,1,1, 1555
25,1555,2,2,1, 1557
1,1556,1,1,1, 1557
8,1556,1,1,1, 1557
24,1559,1,1,0, 1560
25,1560,2,2,1, 1562
1,1561,1,1,1, 1562
8,1561,1,1,0, 1562
31,1561,2,2,1, 1563
24,1564,1,1,1, 1565
30,1563,3,3,1, 1566
29,1563,4,4,1, 1567
17,1564,3,3,1, 1567
25,1565,2,2,1, 1567
1,1566,1,1,0, 1567
8,1566,1,1,1, 1567
9,1567,2,2,1, 1569
24,1569,1,1,1, 1570
30,1568,3,3,1, 1571
29,1568,4,4,1, 1572
25,1570,2,2,1, 1572
1,1571,1,1,0, 1572
8,1571,1,1,0, 1572
24,1574,1,1,0, 1575
17,1574,3,3,1, 1577
25,1575,2,2,1, 1577
1,1576,1,1,1, 1577
8,1576,1,1,1, 1577
31,1576,2,2,1, 1578
24,1579,1,1,0, 1580
30,1578,3,3,1, 1581
29,1578,4,4,1, 1582
1,1581,1,1,0, 1582
8,1581,1,1,0, 1582
31,1581,2,2,1, 1583
9,1582,2,2,1, 1584
24,1584,1,1,0, 1585
29,1583,4,4,1, 1587
25,1585,2,2,1, 1587
1,1586,1,1,1, 1587
8,1586,1,1,0, 1587
9,1587,2,2,1, 1589
24,1589,1,1,0, 1590
30,1588,3,3,1, 1591
25,1590,2,2,1, 1592
1,1591,1,1,1, 1592
8,1591,1,1,1, 1592
15,1591,2,2,1, 1593
1,1596,1,1,0, 1597
8,1596,1,1,1, 1597
15,1596,2,2,1, 1598
17,1599,3,3,1, 1602
8,1601,1,1,0, 1602
13,1599,4,4,1, 1603
16,1604,2,2,1, 1606
8,1606,1,1,0, 1607
13,1604,4,4,1, 1608
15,1606,2,2,1, 1608
6,1605,2,4,1, 1609
14,1609,3,3,1, 1612
8,1611,1,1,1, 1612
13,1609,4,4,1, 1613
6,1610,2,4,1, 1614
8,1616,1,1,1, 1617
13,1614,4,4,1, 1618
6,1615,2,4,1, 1619
24,1699,1,1,0, 1700
24,1704,1,1,0, 1705
1,1706,1,1,0, 1707
24,1709,1,1,0, 1710
1,1711,1,1,1, 1712
24,1714,1,1,0, 1715
1,1716,1,1,1, 1717
24,1719,1,1,1, 1720
25,1720,2,2,1, 1722
1,1721,1,1,1, 1722
31,1721,2,2,1, 1723
24,1724,1,1,1, 1725
1,1726,1,1,0, 1727
8,1726,1,1,0, 1727
31,1726,2,2,1, 1728
24,1729,1,1,0, 1730
25,1730,2,2,1, 1732
1,1731,1,1,1, 1732
8,1731,1,1,1, 1732
24,1734,1,1,1, 1735
23,1733,3,3,1, 1736
25,1735,2,2,1, 1737
1,1736,1,1,0, 1737
8,1736,1,1,0, 1737
24,1739,1,1,1, 1740
1,1741,1,1,1, 1742
8,1741,1,1,1, 1742
2,1743,2,2,1, 1745
24,1744,1,1,0, 1745
25,1745,2,2,1, 1747
1,1746,1,1,0, 1747
8,1746,1,1,1, 1747
15,1746,2,2,1, 1748
24,1749,1,1,0, 1750
25,1750,2,2,1, 1752
1,1751,1,1,0, 1752
8,1751,1,1,0, 1752
15,1751,2,2,1, 1753
31,1751,2,2,1, 1753
2,1753,2,2,1, 1755
24,1754,1,1,0, 1755
29,1753,4,4,1, 1757
14,1754,3,3,1, 1757
25,1755,2,2,1, 1757
1,1756,1,1,0, 1757
8,1756,1,1,0, 1757
31,1756,2,2,1, 1758
2,1758,2,2,1, 1760
24,1759,1,1,0, 1760
19,1756,5,5,1, 1761
29,1758,4,4,1, 1762
1,1761,1,1,0, 1762
8,1761,1,1,1, 1762
11,1759,4,4,1, 1763
13,1759,4,4,1, 1763
15,1761,2,2,1, 1763
28,1759,5,5,1, 1764
6,1760,2,4,1, 1764
3,1762,3,3,1, 1765
2,1763,2,2,1, 1765
24,1764,1,1,1, 1765
30,1763,3,3,1, 1766
14,1764,3,3,1, 1767
8,1766,1,1,0, 1767
13,1764,4,4,1, 1768
15,1766,2,2,1, 1768
31,1766,2,2,1, 1768
24,1769,1,1,0, 1770
14,1769,3,3,1, 1772
8,1771,1,1,1, 1772
31,1771,2,2,1, 1773
6,1770,2,4,1, 1774
24,1774,1,1,1, 1775
14,1774,3,3,1, 1777
8,1776,1,1,0, 1777
13,1774,4,4,1, 1778
24,1779,1,1,0, 1780
24,1784,1,1,1, 1785
30,1783,3,3,1, 1786
29,1783,4,4,1, 1787
31,1786,2,2,1, 1788
24,1789,1,1,0, 1790
29,1788,4,4,1, 1792
9,1867,2,2,1, 1869
17,1869,3,3,1, 1872
25,1870,2,2,1, 1872
1,1871,1,1,0, 1872
17,1874,3,3,1, 1877
1,1876,1,1,0, 1877
17,1879,3,3,1, 1882
1,1881,1,1,0, 1882
2,1883,2,2,1, 1885
1,1886,1,1,1, 1887
8,1886,1,1,0, 1887
22,1886,4,4,1, 1890
25,1890,2,2,1, 1892
1,1891,1,1,0, 1892
8,1891,1,1,0, 1892
3,1892,3,3,1, 1895
23,1893,3,3,1, 1896
25,1895,2,2,1, 1897
1,1896,1,1,0, 1897
8,1896,1,1,0, 1897
22,1896,4,4,1, 1900
2,1898,2,2,1, 1900
23,1898,3,3,1, 1901
25,1900,2,2,1, 1902
1,1901,1,1,1, 1902
8,1901,1,1,1, 1902
2,1903,2,2,1, 1905
24,1904,1,1,0, 1905
23,1903,3,3,1, 1906
1,1906,1,1,0, 1907
8,1906,1,1,0, 1907
15,1906,2,2,1, 1908
4,1906,4,4,1, 1910
24,1909,1,1,0, 1910
23,1908,3,3,1, 1911
5,1907,3,5,1, 1912
25,1910,2,2,1, 1912
1,1911,1,1,0, 1912
8,1911,1,1,1, 1912
13,1909,4,4,1, 1913
20,1908,6,6,1, 1914
24,1914,1,1,0, 1915
23,1913,3,3,1, 1916
14,1914,3,3,1, 1917
8,1916,1,1,0, 1917
13,1914,4,4,1, 1918
31,1916,2,2,1, 1918
6,1915,2,4,1, 1919
24,1919,1,1,1, 1920
23,1918,3,3,1, 1921
16,1919,2,2,1, 1921
31,1921,2,2,1, 1923
24,1924,1,1,0, 1925
31,1926,2,2,1, 1928
24,1929,1,1,1, 1930
24,1934,1,1,1, 1935
31,1936,2,2,1, 1938
24,1939,1,1,0, 1940
31,1941,2,2,1, 1943
24,1944,1,1,0, 1945
30,1943,3,3,1, 1946
31,1946,2,2,1, 1948
24,1949,1,1,0, 1950
30,1948,3,3,1, 1951
29,1948,4,4,1, 1952
31,1951,2,2,1, 1953
24,1954,1,1,1, 1955
24,1959,1,1,0, 1960
30,1958,3,3,1, 1961
31,1961,2,2,1, 1963
1,2026,1,1,1, 2027
8,2026,1,1,0, 2027
9,2027,2,2,1, 2029
1,2031,1,1,1, 2032
8,2031,1,1,0, 2032
26,2032,3,3,1, 2035
2,2033,2,2,1, 2035
17,2034,3,3,1, 2037
1,2036,1,1,1, 2037
8,2036,1,1,1, 2037
17,2039,3,3,1, 2042
1,2041,1,1,0, 2042
8,2041,1,1,0, 2042
9,2042,2,2,1, 2044
2,2043,2,2,1, 2045
5,2042,3,5,1, 2047
1,2046,1,1,0, 2047
8,2046,1,1,0, 2047
28,2044,5,5,1, 2049
9,2047,2,2,1, 2049
4,2046,4,4,1, 2050
2,2048,2,2,1, 2050
16,2049,2,2,1, 2051
18,2048,4,4,1, 2052
25,2050,2,2,1, 2052
8,2051,1,1,1, 2052
16,2054,2,2,1, 2056
8,2056,1,1,1, 2057
16,2059,2,2,1, 2061
8,2061,1,1,0, 2062
16,2064,2,2,1, 2066
8,2066,1,1,0, 2067
15,2066,2,2,1, 2068
24,2069,1,1,0, 2070
16,2069,2,2,1, 2071
8,2071,1,1,0, 2072
24,2074,1,1,0, 2075
8,2076,1,1,0, 2077
13,2074,4,4,1, 2078
24,2079,1,1,0, 2080
16,2079,2,2,1, 2081
8,2081,1,1,1, 2082
13,2079,4,4,1, 2083
24,2084,1,1,0, 2085
14,2084,3,3,1, 2087
8,2086,1,1,0, 2087
24,2089,1,1,0, 2090
14,2089,3,3,1, 2092
8,2091,1,1,0, 2092
15,2091,2,2,1, 2093
31,2091,2,2,1, 2093
24,2094,1,1,1, 2095
24,2099,1,1,0, 2100
31,2101,2,2,1, 2103
24,2104,1,1,1, 2105
31,2106,2,2,1, 2108
24,2109,1,1,1, 2110
31,2111,2,2,1, 2113
24,2114,1,1,0, 2115
24,2119,1,1,1, 2120
31,2121,2,2,1, 2123
24,2124,1,1,1, 2125
24,2129,1,1,1, 2130
24,2134,1,1,1, 2135
24,2139,1,1,0, 2140
31,2141,2,2,1, 2143
24,2144,1,1,0, 2145
30,2143,3,3,1, 2146
29,2143,4,4,1, 2147
24,2149,1,1,0, 2150
31,2151,2,2,1, 2153
24,2154,1,1,0, 2155
30,2153,3,3,1, 2156
29,2153,4,4,1, 2157
1,2156,1,1,1, 2157
31,2156,2,2,1, 2158
1,2161,1,1,0, 2162
25,2165,2,2,1, 2167
1,2166,1,1,0, 2167
25,2170,2,2,1, 2172
1,2171,1,1,1, 2172
2,2173,2,2,1, 2175
25,2175,2,2,1, 2177
1,2176,1,1,1, 2177
1,2181,1,1,0, 2182
2,2183,2,2,1, 2185
1,2186,1,1,1, 2187
3,2187,3,3,1, 2190
18,2188,4,4,1, 2192
25,2190,2,2,1, 2192
1,2191,1,1,1, 2192
3,2192,3,3,1, 2195
2,2193,2,2,1, 2195
19,2191,5,5,1, 2196
1,2196,1,1,1, 2197
8,2196,1,1,1, 2197
3,2197,3,3,1, 2200
26,2197,3,3,1, 2200
8,2201,1,1,0, 2202
8,2206,1,1,1, 2207
8,2211,1,1,1, 2212
8,2216,1,1,1, 2217
8,2221,1,1,0, 2222
8,2226,1,1,1, 2227
8,2231,1,1,0, 2232
15,2231,2,2,1, 2233
8,2236,1,1,1, 2237
8,2241,1,1,1, 2242
8,2246,1,1,0, 2247
8,2251,1,1,1, 2252
15,2251,2,2,1, 2253
8,2256,1,1,0, 2257
16,2259,2,2,1, 2261
8,2261,1,1,1, 2262
24,2264,1,1,0, 2265
8,2266,1,1,0, 2267
13,2264,4,4,1, 2268
15,2266,2,2,1, 2268
24,2269,1,1,0, 2270
16,2269,2,2,1, 2271
8,2271,1,1,0, 2272
13,2269,4,4,1, 2273
24,2274,1,1,1, 2275
16,2274,2,2,1, 2276
8,2276,1,1,0, 2277
6,2275,2,4,1, 2279
24,2279,1,1,1, 2280
16,2279,2,2,1, 2281
14,2279,3,3,1, 2282
24,2284,1,1,0, 2285
24,2289,1,1,0, 2290
24,2294,1,1,0, 2295
31,2296,2,2,1, 2298
24,2299,1,1,1, 2300
17,2299,3,3,1, 2302
25,2300,2,2,1, 2302
1,2301,1,1,1, 2302
24,2304,1,1,0, 2305
17,2304,3,3,1, 2307
25,2305,2,2,1, 2307
1,2306,1,1,1, 2307
24,2309,1,1,1, 2310
25,2310,2,2,1, 2312
1,2311,1,1,0, 2312
24,2314,1,1,0, 2315
25,2315,2,2,1, 2317
1,2316,1,1,0, 2317
9,2317,2,2,1, 2319
2,2318,2,2,1, 2320
24,2319,1,1,1, 2320
17,2319,3,3,1, 2322
1,2321,1,1,0, 2322
9,2322,2,2,1, 2324
24,2324,1,1,1, 2325
30,2323,3,3,1, 2326
29,2323,4,4,1, 2327
25,2325,2,2,1, 2327
1,2326,1,1,0, 2327
31,2326,2,2,1, 2328
24,2329,1,1,1, 2330
30,2328,3,3,1, 2331
29,2328,4,4,1, 2332
1,2331,1,1,0, 2332
31,2331,2,2,1, 2333
3,2332,3,3,1, 2335
24,2334,1,1,1, 2335
19,2331,5,5,1, 2336
17,2334,3,3,1, 2337
1,2336,1,1,0, 2337
3,2337,3,3,1, 2340
24,2339,1,1,0, 2340
30,2338,3,3,1, 2341
29,2338,4,4,1, 2342
31,2341,2,2,1, 2343
24,2344,1,1,0, 2345
30,2343,3,3,1, 2346
8,2386,1,1,1, 2387
8,2391,1,1,1, 2392
8,2396,1,1,1, 2397
8,2401,1,1,1, 2402
8,2406,1,1,1, 2407
8,2411,1,1,0, 2412
8,2416,1,1,0, 2417
8,2421,1,1,0, 2422
15,2421,2,2,1, 2423
8,2426,1,1,0, 2427
8,2431,1,1,0, 2432
13,2429,4,4,1, 2433
14,2434,3,3,1, 2437
8,2436,1,1,1, 2437
13,2434,4,4,1, 2438
15,2436,2,2,1, 2438
6,2435,2,4,1, 2439
25,2440,2,2,1, 2442
1,2441,1,1,0, 2442
8,2441,1,1,0, 2442
13,2439,4,4,1, 2443
15,2441,2,2,1, 2443
6,2440,2,4,1, 2444
25,2445,2,2,1, 2447
1,2446,1,1,1, 2447
8,2446,1,1,1, 2447
13,2444,4,4,1, 2448
15,2446,2,2,1, 2448
9,2447,2,2,1, 2449
17,2449,3,3,1, 2452
1,2451,1,1,0, 2452
8,2451,1,1,0, 2452
13,2449,4,4,1, 2453
6,2450,2,4,1, 2454
24,2454,1,1,0, 2455
17,2454,3,3,1, 2457
25,2455,2,2,1, 2457
1,2456,1,1,0, 2457
9,2457,2,2,1, 2459
24,2459,1,1,1, 2460
25,2460,2,2,1, 2462
1,2461,1,1,1, 2462
24,2464,1,1,1, 2465
25,2465,2,2,1, 2467
1,2466,1,1,0, 2467
24,2469,1,1,0, 2470
1,2471,1,1,0, 2472
9,2472,2,2,1, 2474
2,2473,2,2,1, 2475
24,2474,1,1,1, 2475
1,2476,1,1,0, 2477
26,2477,3,3,1, 2480
24,2479,1,1,0, 2480
1,2481,1,1,0, 2482
26,2482,3,3,1, 2485
24,2484,1,1,0, 2485
24,2489,1,1,1, 2490
24,2494,1,1,1, 2495
31,2496,2,2,1, 2498
24,2499,1,1,1, 2500
24,2504,1,1,0, 2505
30,2503,3,3,1, 2506
29,2503,4,4,1, 2507
31,2506,2,2,1, 2508
24,2509,1,1,1, 2510
30,2508,3,3,1, 2511
24,2514,1,1,0, 2515
24,2519,1,1,1, 2520
24,2524,1,1,1, 2525
29,2523,4,4,1, 2527
24,2529,1,1,1, 2530
29,2528,4,4,1, 2532
31,2531,2,2,1, 2533
24,2534,1,1,0, 2535
24,2539,1,1,1, 2540
30,2538,3,3,1, 2541
29,2538,4,4,1, 2542
24,2544,1,1,1, 2545
29,2543,4,4,1, 2547
22,2556,4,4,1, 2560
23,2558,3,3,1, 2561
16,2559,2,2,1, 2561
8,2561,1,1,1, 2562
23,2563,3,3,1, 2566
8,2566,1,1,1, 2567
22,2566,4,4,1, 2570
16,2569,2,2,1, 2571
8,2571,1,1,0, 2572
22,2571,4,4,1, 2575
14,2574,3,3,1, 2577
8,2576,1,1,1, 2577
6,2575,2,4,1, 2579
8,2581,1,1,0, 2582
15,2581,2,2,1, 2583
14,2584,3,3,1, 2587
8,2586,1,1,1, 2587
14,2589,3,3,1, 2592
1,2591,1,1,1, 2592
8,2591,1,1,0, 2592
14,2594,3,3,1, 2597
1,2596,1,1,0, 2597
8,2596,1,1,1, 2597
13,2594,4,4,1, 2598
1,2601,1,1,1, 2602
25,2605,2,2,1, 2607
1,2606,1,1,0, 2607
1,2611,1,1,0, 2612
25,2615,2,2,1, 2617
1,2616,1,1,1, 2617
25,2620,2,2,1, 2622
1,2621,1,1,1, 2622
1,2626,1,1,1, 2627
1,2631,1,1,0, 2632
1,2636,1,1,1, 2637
1,2641,1,1,1, 2642
25,2645,2,2,1, 2647
1,2646,1,1,0, 2647
4,2646,4,4,1, 2650
3,2647,3,3,1, 2650
2,2648,2,2,1, 2650
5,2647,3,5,1, 2652
1,2651,1,1,1, 2652
28,2649,5,5,1, 2654
3,2652,3,3,1, 2655
2,2653,2,2,1, 2655
24,2654,1,1,1, 2655
1,2656,1,1,1, 2657
24,2659,1,1,1, 2660
17,2659,3,3,1, 2662
25,2660,2,2,1, 2662
1,2661,1,1,0, 2662
9,2662,2,2,1, 2664
24,2664,1,1,1, 2665
24,2669,1,1,0, 2670
31,2671,2,2,1, 2673
24,2674,1,1,0, 2675
24,2679,1,1,0, 2680
31,2681,2,2,1, 2683
24,2684,1,1,0, 2685
30,2683,3,3,1, 2686
29,2683,4,4,1, 2687
24,2689,1,1,0, 2690
31,2691,2,2,1, 2693
24,2694,1,1,0, 2695
31,2696,2,2,1, 2698
24,2699,1,1,0, 2700
30,2698,3,3,1, 2701
24,2704,1,1,0, 2705
30,2703,3,3,1, 2706
16,2704,2,2,1, 2706
29,2703,4,4,1, 2707
8,2706,1,1,0, 2707
24,2709,1,1,1, 2710
16,2709,2,2,1, 2711
29,2708,4,4,1, 2712
8,2711,1,1,0, 2712
24,2714,1,1,0, 2715
8,2716,1,1,0, 2717
22,2716,4,4,1, 2720
24,2719,1,1,0, 2720
16,2719,2,2,1, 2721
8,2721,1,1,0, 2722
22,2721,4,4,1, 2725
24,2724,1,1,1, 2725
8,2726,1,1,0, 2727
22,2726,4,4,1, 2730
24,2729,1,1,1, 2730
23,2728,3,3,1, 2731
30,2728,3,3,1, 2731
16,2729,2,2,1, 2731
29,2728,4,4,1, 2732
8,2731,1,1,0, 2732
16,2734,2,2,1, 2736
8,2736,1,1,0, 2737
16,2739,2,2,1, 2741
8,2741,1,1,1, 2742
23,2743,3,3,1, 2746
8,2746,1,1,1, 2747
15,2746,2,2,1, 2748
8,2751,1,1,1, 2752
15,2751,2,2,1, 2753
23,2753,3,3,1, 2756
1,2766,1,1,0, 2767
1,2771,1,1,0, 2772
25,2775,2,2,1, 2777
1,2776,1,1,0, 2777
25,2780,2,2,1, 2782
1,2781,1,1,0, 2782
1,2786,1,1,0, 2787
25,2790,2,2,1, 2792
1,2791,1,1,0, 2792
3,2792,3,3,1, 2795
25,2795,2,2,1, 2797
1,2796,1,1,1, 2797
11,2794,4,4,1, 2798
2,2798,2,2,1, 2800
25,2800,2,2,1, 2802
1,2801,1,1,0, 2802
11,2799,4,4,1, 2803
3,2802,3,3,1, 2805
19,2801,5,5,1, 2806
1,2806,1,1,0, 2807
11,2804,4,4,1, 2808
3,2807,3,3,1, 2810
1,2811,1,1,0, 2812
3,2812,3,3,1, 2815
24,2839,1,1,1, 2840
24,2844,1,1,0, 2845
24,2849,1,1,0, 2850
24,2854,1,1,1, 2855
24,2859,1,1,0, 2860
8,2861,1,1,0, 2862
31,2861,2,2,1, 2863
24,2864,1,1,1, 2865
8,2866,1,1,1, 2867
24,2869,1,1,0, 2870
8,2871,1,1,1, 2872
24,2874,1,1,1, 2875
8,2876,1,1,1, 2877
24,2879,1,1,0, 2880
29,2878,4,4,1, 2882
8,2881,1,1,1, 2882
24,2884,1,1,1, 2885
29,2883,4,4,1, 2887
8,2886,1,1,1, 2887
31,2886,2,2,1, 2888
24,2889,1,1,0, 2890
30,2888,3,3,1, 2891
8,2891,1,1,0, 2892
31,2891,2,2,1, 2893
24,2894,1,1,0, 2895
30,2893,3,3,1, 2896
8,2896,1,1,0, 2897
31,2896,2,2,1, 2898
24,2899,1,1,1, 2900
30,2898,3,3,1, 2901
8,2901,1,1,0, 2902
31,2901,2,2,1, 2903
24,2904,1,1,1, 2905
30,2903,3,3,1, 2906
16,2904,2,2,1, 2906
8,2906,1,1,1, 2907
31,2906,2,2,1, 2908
16,2909,2,2,1, 2911
8,2911,1,1,0, 2912
17,2914,3,3,1, 2917
25,2915,2,2,1, 2917
1,2916,1,1,1, 2917
8,2916,1,1,1, 2917
9,2917,2,2,1, 2919
16,2919,2,2,1, 2921
25,2920,2,2,1, 2922
1,2921,1,1,0, 2922
8,2921,1,1,1, 2922
9,2922,2,2,1, 2924
16,2924,2,2,1, 2926
17,2924,3,3,1, 2927
25,2925,2,2,1, 2927
1,2926,1,1,1, 2927
8,2926,1,1,0, 2927
9,2927,2,2,1, 2929
16,2929,2,2,1, 2931
17,2929,3,3,1, 2932
25,2930,2,2,1, 2932
1,2931,1,1,0, 2932
8,2931,1,1,1, 2932
16,2934,2,2,1, 2936
1,2936,1,1,0, 2937
8,2936,1,1,0, 2937
11,2934,4,4,1, 2938
26,2937,3,3,1, 2940
2,2938,2,2,1, 2940
16,2939,2,2,1, 2941
17,2939,3,3,1, 2942
25,2940,2,2,1, 2942
8,2941,1,1,0, 2942
8,2946,1,1,1, 2947
15,2946,2,2,1, 2948
8,2951,1,1,0, 2952
8,2956,1,1,1, 2957
16,2959,2,2,1, 2961
8,2961,1,1,1, 2962
15,2961,2,2,1, 2963
24,3014,1,1,0, 3015
24,3019,1,1,0, 3020
24,3024,1,1,0, 3025
24,3029,1,1,1, 3030
24,3034,1,1,0, 3035
31,3036,2,2,1, 3038
24,3039,1,1,1, 3040
30,3038,3,3,1, 3041
31,3041,2,2,1, 3043
24,3044,1,1,1, 3045
1,3046,1,1,0, 3047
24,3049,1,1,1, 3050
30,3048,3,3,1, 3051
25,3050,2,2,1, 3052
1,3051,1,1,1, 3052
31,3051,2,2,1, 3053
24,3054,1,1,0, 3055
29,3053,4,4,1, 3057
17,3054,3,3,1, 3057
25,3055,2,2,1, 3057
1,3056,1,1,0, 3057
24,3059,1,1,0, 3060
30,3058,3,3,1, 3061
17,3059,3,3,1, 3062
1,3061,1,1,1, 3062
31,3061,2,2,1, 3063
24,3064,1,1,1, 3065
17,3064,3,3,1, 3067
1,3066,1,1,0, 3067
9,3067,2,2,1, 3069
26,3067,3,3,1, 3070
2,3068,2,2,1, 3070
24,3069,1,1,1, 3070
1,3071,1,1,0, 3072
8,3071,1,1,0, 3072
31,3071,2,2,1, 3073
26,3072,3,3,1, 3075
24,3074,1,1,1, 3075
17,3074,3,3,1, 3077
25,3075,2,2,1, 3077
1,3076,1,1,0, 3077
8,3076,1,1,1, 3077
2,3078,2,2,1, 3080
24,3079,1,1,0, 3080
18,3078,4,4,1, 3082
17,3079,3,3,1, 3082
8,3081,1,1,0, 3082
24,3084,1,1,1, 3085
8,3086,1,1,1, 3087
24,3089,1,1,0, 3090
8,3091,1,1,0, 3092
24,3094,1,1,1, 3095
8,3096,1,1,1, 3097
24,3099,1,1,0, 3100
8,3101,1,1,1, 3102
24,3104,1,1,0, 3105
8,3106,1,1,0, 3107
31,3106,2,2,1, 3108
24,3109,1,1,1, 3110
8,3111,1,1,0, 3112
31,3111,2,2,1, 3113
24,3114,1,1,1, 3115
8,3116,1,1,1, 3117
24,3119,1,1,1, 3120
8,3121,1,1,1, 3122
16,3124,2,2,1, 3126
8,3126,1,1,0, 3127
16,3129,2,2,1, 3131
8,3131,1,1,0, 3132
8,3136,1,1,0, 3137
16,3139,2,2,1, 3141
8,3141,1,1,1, 3142
16,3144,2,2,1, 3146
8,3146,1,1,0, 3147
16,3149,2,2,1, 3151
8,3151,1,1,0, 3152
15,3151,2,2,1, 3153
16,3154,2,2,1, 3156
8,3156,1,1,1, 3157
16,3159,2,2,1, 3161
14,3159,3,3,1, 3162
8,3161,1,1,1, 3162
13,3159,4,4,1, 3163
8,3166,1,1,0, 3167
22,3166,4,4,1, 3170
23,3168,3,3,1, 3171
14,3169,3,3,1, 3172
1,3186,1,1,0, 3187
1,3191,1,1,0, 3192
1,3196,1,1,1, 3197
1,3201,1,1,1, 3202
1,3206,1,1,1, 3207
1,3211,1,1,0, 3212
1,3216,1,1,0, 3217
1,3221,1,1,1, 3222
24,3224,1,1,0, 3225
1,3226,1,1,0, 3227
24,3229,1,1,1, 3230
1,3231,1,1,0, 3232
24,3234,1,1,0, 3235
1,3236,1,1,0, 3237
9,3237,2,2,1, 3239
24,3239,1,1,1, 3240
1,3241,1,1,1, 3242
9,3242,2,2,1, 3244
24,3244,1,1,1, 3245
1,3246,1,1,1, 3247
9,3247,2,2,1, 3249
24,3249,1,1,0, 3250
17,3249,3,3,1, 3252
1,3251,1,1,0, 3252
9,3252,2,2,1, 3254
24,3254,1,1,1, 3255
17,3254,3,3,1, 3257
1,3256,1,1,1, 3257
24,3259,1,1,1, 3260
17,3259,3,3,1, 3262
1,3261,1,1,0, 3262
24,3264,1,1,0, 3265
1,3266,1,1,0, 3267
9,3267,2,2,1, 3269
24,3269,1,1,0, 3270
1,3271,1,1,0, 3272
24,3274,1,1,0, 3275
1,3276,1,1,0, 3277
8,3276,1,1,0, 3277
24,3279,1,1,1, 3280
1,3281,1,1,0, 3282
8,3281,1,1,0, 3282
9,3282,2,2,1, 3284
2,3283,2,2,1, 3285
24,3284,1,1,0, 3285
1,3286,1,1,1, 3287
8,3286,1,1,0, 3287
2,3288,2,2,1, 3290
24,3289,1,1,0, 3290
17,3289,3,3,1, 3292
1,3291,1,1,0, 3292
8,3291,1,1,0, 3292
24,3294,1,1,0, 3295
17,3294,3,3,1, 3297
8,3296,1,1,0, 3297
24,3299,1,1,0, 3300
8,3301,1,1,0, 3302
24,3304,1,1,0, 3305
8,3306,1,1,0, 3307
24,3309,1,1,0, 3310
8,3311,1,1,0, 3312
15,3311,2,2,1, 3313
24,3314,1,1,0, 3315
8,3316,1,1,1, 3317
24,3319,1,1,1, 3320
8,3321,1,1,1, 3322
24,3324,1,1,0, 3325
16,3324,2,2,1, 3326
8,3326,1,1,0, 3327
15,3326,2,2,1, 3328
31,3326,2,2,1, 3328
24,3329,1,1,1, 3330
8,3331,1,1,1, 3332
24,3334,1,1,0, 3335
14,3334,3,3,1, 3337
8,3336,1,1,0, 3337
15,3336,2,2,1, 3338
24,3339,1,1,0, 3340
8,3341,1,1,0, 3342
15,3341,2,2,1, 3343
31,3341,2,2,1, 3343
6,3340,2,4,1, 3344
24,3344,1,1,0, 3345
30,3343,3,3,1, 3346
16,3344,2,2,1, 3346
29,3343,4,4,1, 3347
14,3344,3,3,1, 3347
8,3346,1,1,1, 3347
15,3346,2,2,1, 3348
6,3345,2,4,1, 3349
24,3349,1,1,0, 3350
14,3349,3,3,1, 3352
8,3351,1,1,0, 3352
15,3351,2,2,1, 3353
31,3351,2,2,1, 3353
24,3354,1,1,0, 3355
24,3359,1,1,1, 3360
31,3361,2,2,1, 3363
24,3364,1,1,1, 3365
29,3363,4,4,1, 3367
24,3369,1,1,0, 3370
30,3368,3,3,1, 3371
31,3371,2,2,1, 3373
17,3404,3,3,1, 3407
25,3405,2,2,1, 3407
1,3406,1,1,1, 3407
17,3409,3,3,1, 3412
1,3411,1,1,0, 3412
1,3416,1,1,0, 3417
17,3419,3,3,1, 3422
25,3420,2,2,1, 3422
1,3421,1,1,1, 3422
25,3425,2,2,1, 3427
1,3426,1,1,1, 3427
25,3430,2,2,1, 3432
1,3431,1,1,0, 3432
1,3436,1,1,0, 3437
25,3440,2,2,1, 3442
1,3441,1,1,0, 3442
2,3443,2,2,1, 3445
1,3446,1,1,1, 3447
3,3447,3,3,1, 3450
26,3447,3,3,1, 3450
2,3448,2,2,1, 3450
19,3446,5,5,1, 3451
1,3451,1,1,0, 3452
26,3452,3,3,1, 3455
2,3453,2,2,1, 3455
8,3461,1,1,0, 3462
8,3466,1,1,0, 3467
8,3471,1,1,1, 3472
8,3476,1,1,1, 3477
24,3479,1,1,0, 3480
8,3481,1,1,0, 3482
24,3484,1,1,0, 3485
8,3486,1,1,0, 3487
24,3489,1,1,0, 3490
8,3491,1,1,0, 3492
24,3494,1,1,1, 3495
8,3496,1,1,0, 3497
24,3499,1,1,0, 3500
8,3501,1,1,1, 3502
24,3504,1,1,1, 3505
8,3506,1,1,1, 3507
24,3509,1,1,1, 3510
8,3511,1,1,0, 3512
15,3511,2,2,1, 3513
31,3511,2,2,1, 3513
24,3514,1,1,0, 3515
8,3516,1,1,1, 3517
15,3516,2,2,1, 3518
31,3516,2,2,1, 3518
24,3519,1,1,0, 3520
8,3521,1,1,0, 3522
15,3521,2,2,1, 3523
31,3521,2,2,1, 3523
24,3524,1,1,0, 3525
8,3526,1,1,1, 3527
15,3526,2,2,1, 3528
24,3529,1,1,0, 3530
8,3531,1,1,0, 3532
15,3531,2,2,1, 3533
24,3534,1,1,0, 3535
8,3536,1,1,0, 3537
24,3539,1,1,1, 3540
8,3541,1,1,1, 3542
24,3544,1,1,1, 3545
8,3546,1,1,0, 3547
31,3546,2,2,1, 3548
24,3549,1,1,1, 3550
14,3549,3,3,1, 3552
8,3551,1,1,1, 3552
31,3551,2,2,1, 3553
6,3550,2,4,1, 3554
24,3554,1,1,0, 3555
30,3553,3,3,1, 3556
8,3556,1,1,1, 3557
13,3554,4,4,1, 3558
31,3556,2,2,1, 3558
24,3559,1,1,1, 3560
16,3559,2,2,1, 3561
14,3559,3,3,1, 3562
25,3560,2,2,1, 3562
1,3561,1,1,1, 3562
8,3561,1,1,0, 3562
15,3561,2,2,1, 3563
24,3564,1,1,1, 3565
17,3564,3,3,1, 3567
1,3566,1,1,0, 3567
31,3566,2,2,1, 3568
9,3567,2,2,1, 3569
24,3569,1,1,1, 3570
17,3569,3,3,1, 3572
1,3571,1,1,1, 3572
24,3574,1,1,1, 3575
30,3573,3,3,1, 3576
1,3576,1,1,1, 3577
24,3579,1,1,0, 3580
30,3578,3,3,1, 3581
25,3580,2,2,1, 3582
1,3581,1,1,1, 3582
9,3582,2,2,1, 3584
1,3586,1,1,0, 3587
9,3587,2,2,1, 3589
25,3590,2,2,1, 3592
1,3591,1,1,0, 3592
3,3592,3,3,1, 3595
2,3593,2,2,1, 3595
1,3596,1,1,1, 3597
3,3597,3,3,1, 3600
2,3598,2,2,1, 3600
17,3599,3,3,1, 3602
25,3600,2,2,1, 3602
8,3671,1,1,0, 3672
8,3676,1,1,1, 3677
8,3681,1,1,1, 3682
8,3686,1,1,1, 3687
24,3689,1,1,1, 3690
8,3691,1,1,1, 3692
24,3694,1,1,0, 3695
8,3696,1,1,1, 3697
24,3699,1,1,1, 3700
8,3701,1,1,1, 3702
24,3704,1,1,1, 3705
14,3704,3,3,1, 3707
25,3705,2,2,1, 3707
1,3706,1,1,1, 3707
8,3706,1,1,1, 3707
13,3704,4,4,1, 3708
15,3706,2,2,1, 3708
24,3709,1,1,1, 3710
1,3711,1,1,0, 3712
8,3711,1,1,0, 3712
13,3709,4,4,1, 3713
15,3711,2,2,1, 3713
24,3714,1,1,0, 3715
14,3714,3,3,1, 3717
25,3715,2,2,1, 3717
1,3716,1,1,1, 3717
8,3716,1,1,0, 3717
13,3714,4,4,1, 3718
24,3719,1,1,1, 3720
1,3721,1,1,1, 3722
8,3721,1,1,1, 3722
13,3719,4,4,1, 3723
15,3721,2,2,1, 3723
24,3724,1,1,1, 3725
14,3724,3,3,1, 3727
1,3726,1,1,1, 3727
8,3726,1,1,0, 3727
15,3726,2,2,1, 3728
24,3729,1,1,0, 3730
17,3729,3,3,1, 3732
25,3730,2,2,1, 3732
1,3731,1,1,1, 3732
8,3731,1,1,1, 3732
9,3732,2,2,1, 3734
24,3734,1,1,1, 3735
1,3736,1,1,0, 3737
8,3736,1,1,1, 3737
24,3739,1,1,1, 3740
14,3739,3,3,1, 3742
25,3740,2,2,1, 3742
1,3741,1,1,1, 3742
8,3741,1,1,0, 3742
31,3741,2,2,1, 3743
24,3744,1,1,1, 3745
25,3745,2,2,1, 3747
1,3746,1,1,1, 3747
8,3746,1,1,1, 3747
13,3744,4,4,1, 3748
31,3746,2,2,1, 3748
24,3749,1,1,0, 3750
1,3751,1,1,0, 3752
9,3752,2,2,1, 3754
24,3754,1,1,0, 3755
17,3754,3,3,1, 3757
25,3755,2,2,1, 3757
1,3756,1,1,0, 3757
2,3758,2,2,1, 3760
24,3759,1,1,0, 3760
17,3759,3,3,1, 3762
1,3761,1,1,0, 3762
31,3761,2,2,1, 3763
2,3763,2,2,1, 3765
24,3764,1,1,1, 3765
18,3763,4,4,1, 3767
31,3766,2,2,1, 3768
24,3769,1,1,1, 3770
24,3774,1,1,0, 3775
24,3779,1,1,0, 3780
24,3784,1,1,0, 3785
24,3789,1,1,0, 3790
31,3791,2,2,1, 3793
24,3794,1,1,0, 3795
31,3796,2,2,1, 3798
24,3799,1,1,0, 3800
24,3804,1,1,0, 3805
24,3809,1,1,0, 3810
31,3811,2,2,1, 3813
24,3814,1,1,0, 3815
31,3816,2,2,1, 3818
24,3819,1,1,1, 3820
31,3821,2,2,1, 3823
24,3824,1,1,1, 3825
24,3829,1,1,0, 3830
30,3828,3,3,1, 3831
8,3856,1,1,0, 3857
23,3858,3,3,1, 3861
8,3861,1,1,1, 3862
8,3866,1,1,0, 3867
1,3871,1,1,1, 3872
8,3871,1,1,0, 3872
1,3876,1,1,0, 3877
8,3876,1,1,0, 3877
15,3876,2,2,1, 3878
1,3881,1,1,1, 3882
8,3881,1,1,0, 3882
15,3881,2,2,1, 3883
1,3886,1,1,0, 3887
8,3886,1,1,1, 3887
15,3886,2,2,1, 3888
14,3889,3,3,1, 3892
25,3890,2,2,1, 3892
1,3891,1,1,1, 3892
8,3891,1,1,0, 3892
14,3894,3,3,1, 3897
25,3895,2,2,1, 3897
1,3896,1,1,1, 3897
8,3896,1,1,1, 3897
6,3895,2,4,1, 3899
25,3900,2,2,1, 3902
1,3901,1,1,0, 3902
8,3901,1,1,1, 3902
15,3901,2,2,1, 3903
6,3900,2,4,1, 3904
25,3905,2,2,1, 3907
1,3906,1,1,1, 3907
8,3906,1,1,0, 3907
6,3905,2,4,1, 3909
25,3910,2,2,1, 3912
1,3911,1,1,1, 3912
8,3911,1,1,0, 3912
15,3911,2,2,1, 3913
6,3910,2,4,1, 3914
1,3916,1,1,0, 3917
8,3916,1,1,1, 3917
6,3915,2,4,1, 3919
1,3921,1,1,1, 3922
1,3926,1,1,0, 3927
25,3930,2,2,1, 3932
1,3931,1,1,0, 3932
1,3936,1,1,0, 3937
9,3937,2,2,1, 3939
26,3937,3,3,1, 3940
2,3938,2,2,1, 3940
24,3939,1,1,1, 3940
18,3938,4,4,1, 3942
1,3941,1,1,0, 3942
9,3942,2,2,1, 3944
3,3942,3,3,1, 3945
26,3942,3,3,1, 3945
24,3944,1,1,1, 3945
19,3941,5,5,1, 3946
24,3949,1,1,0, 3950
24,3954,1,1,0, 3955
24,3959,1,1,0, 3960
24,3964,1,1,1, 3965
24,3969,1,1,1, 3970
24,3974,1,1,1, 3975
24,3979,1,1,1, 3980
24,3984,1,1,0, 3985
24,3989,1,1,0, 3990
24,3994,1,1,1, 3995
24,3999,1,1,1, 4000
24,4004,1,1,1, 4005
24,4009,1,1,0, 4010
24,4014,1,1,1, 4015
31,4016,2,2,1, 4018
24,4019,1,1,1, 4020
8,4021,1,1,1, 4022
24,4024,1,1,1, 4025
16,4024,2,2,1, 4026
8,4026,1,1,1, 4027
24,4029,1,1,1, 4030
16,4029,2,2,1, 4031
8,4031,1,1,0, 4032
24,4034,1,1,0, 4035
8,4036,1,1,1, 4037
31,4036,2,2,1, 4038
24,4039,1,1,0, 4040
16,4039,2,2,1, 4041
8,4041,1,1,0, 4042
15,4041,2,2,1, 4043
24,4044,1,1,1, 4045
8,4046,1,1,0, 4047
15,4046,2,2,1, 4048
24,4049,1,1,0, 4050
16,4049,2,2,1, 4051
1,4051,1,1,0, 4052
8,4051,1,1,0, 4052
31,4051,2,2,1, 4053
24,4054,1,1,0, 4055
1,4056,1,1,1, 4057
8,4056,1,1,1, 4057
31,4056,2,2,1, 4058
24,4059,1,1,0, 4060
30,4058,3,3,1, 4061
29,4058,4,4,1, 4062
1,4061,1,1,0, 4062
8,4061,1,1,1, 4062
31,4061,2,2,1, 4063
2,4063,2,2,1, 4065
24,4064,1,1,0, 4065
30,4063,3,3,1, 4066
16,4064,2,2,1, 4066
29,4063,4,4,1, 4067
14,4064,3,3,1, 4067
25,4065,2,2,1, 4067
1,4066,1,1,1, 4067
8,4066,1,1,0, 4067
15,4066,2,2,1, 4068
2,4068,2,2,1, 4070
24,4069,1,1,0, 4070
30,4068,3,3,1, 4071
16,4069,2,2,1, 4071
29,4068,4,4,1, 4072
25,4070,2,2,1, 4072
1,4071,1,1,0, 4072
8,4071,1,1,0, 4072
13,4069,4,4,1, 4073
15,4071,2,2,1, 4073
6,4070,2,4,1, 4074
26,4072,3,3,1, 4075
1,4076,1,1,1, 4077
26,4077,3,3,1, 4080
2,4078,2,2,1, 4080
1,4081,1,1,0, 4082
25,4085,2,2,1, 4087
1,4086,1,1,1, 4087
25,4090,2,2,1, 4092
1,4091,1,1,0, 4092
26,4092,3,3,1, 4095
25,4095,2,2,1, 4097
1,4096,1,1,0, 4097
1,4101,1,1,1, 4102
25,4105,2,2,1, 4107
1,4106,1,1,0, 4107
25,4110,2,2,1, 4112
1,4111,1,1,0, 4112
26,4112,3,3,1, 4115
24,4179,1,1,1, 4180
8,4181,1,1,1, 4182
24,4184,1,1,1, 4185
8,4186,1,1,1, 4187
24,4189,1,1,1, 4190
8,4191,1,1,0, 4192
24,4194,1,1,1, 4195
8,4196,1,1,0, 4197
24,4199,1,1,1, 4200
8,4201,1,1,1, 4202
24,4204,1,1,0, 4205
8,4206,1,1,1, 4207
31,4206,2,2,1, 4208
24,4209,1,1,0, 4210
29,4208,4,4,1, 4212
8,4211,1,1,1, 4212
24,4214,1,1,1, 4215
29,4213,4,4,1, 4217
8,4216,1,1,0, 4217
15,4216,2,2,1, 4218
24,4219,1,1,1, 4220
30,4218,3,3,1, 4221
1,4221,1,1,1, 4222
8,4221,1,1,0, 4222
15,4221,2,2,1, 4223
9,4222,2,2,1, 4224
24,4224,1,1,0, 4225
30,4223,3,3,1, 4226
25,4225,2,2,1, 4227
1,4226,1,1,0, 4227
8,4226,1,1,0, 4227
9,4227,2,2,1, 4229
24,4229,1,1,1, 4230
16,4229,2,2,1, 4231
1,4231,1,1,0, 4232
8,4231,1,1,1, 4232
24,4234,1,1,1, 4235
25,4235,2,2,1, 4237
1,4236,1,1,1, 4237
8,4236,1,1,1, 4237
9,4237,2,2,1, 4239
24,4239,1,1,0, 4240
16,4239,2,2,1, 4241
29,4238,4,4,1, 4242
17,4239,3,3,1, 4242
1,4241,1,1,1, 4242
8,4241,1,1,1, 4242
15,4241,2,2,1, 4243
31,4241,2,2,1, 4243
2,4243,2,2,1, 4245
24,4244,1,1,1, 4245
30,4243,3,3,1, 4246
16,4244,2,2,1, 4246
1,4246,1,1,1, 4247
8,4246,1,1,1, 4247
13,4244,4,4,1, 4248
31,4246,2,2,1, 4248
2,4248,2,2,1, 4250
24,4249,1,1,1, 4250
30,4248,3,3,1, 4251
16,4249,2,2,1, 4251
1,4251,1,1,1, 4252
8,4251,1,1,0, 4252
13,4249,4,4,1, 4253
15,4251,2,2,1, 4253
31,4251,2,2,1, 4253
24,4254,1,1,1, 4255
23,4253,3,3,1, 4256
29,4253,4,4,1, 4257
25,4255,2,2,1, 4257
1,4256,1,1,1, 4257
8,4256,1,1,0, 4257
22,4256,4,4,1, 4260
2,4258,2,2,1, 4260
23,4258,3,3,1, 4261
25,4260,2,2,1, 4262
1,4261,1,1,1, 4262
2,4263,2,2,1, 4265
25,4265,2,2,1, 4267
1,4266,1,1,1, 4267
2,4268,2,2,1, 4270
8,4366,1,1,1, 4367
31,4366,2,2,1, 4368
24,4369,1,1,0, 4370
30,4368,3,3,1, 4371
29,4368,4,4,1, 4372
8,4371,1,1,1, 4372
24,4374,1,1,1, 4375
30,4373,3,3,1, 4376
29,4373,4,4,1, 4377
8,4376,1,1,0, 4377
31,4376,2,2,1, 4378
24,4379,1,1,0, 4380
30,4378,3,3,1, 4381
17,4379,3,3,1, 4382
1,4381,1,1,1, 4382
8,4381,1,1,0, 4382
24,4384,1,1,0, 4385
1,4386,1,1,1, 4387
8,4386,1,1,1, 4387
24,4389,1,1,1, 4390
1,4391,1,1,1, 4392
8,4391,1,1,1, 4392
24,4394,1,1,0, 4395
1,4396,1,1,1, 4397
8,4396,1,1,0, 4397
9,4397,2,2,1, 4399
24,4399,1,1,1, 4400
1,4401,1,1,0, 4402
8,4401,1,1,0, 4402
24,4404,1,1,0, 4405
1,4406,1,1,0, 4407
8,4406,1,1,0, 4407
15,4406,2,2,1, 4408
9,4407,2,2,1, 4409
24,4409,1,1,0, 4410
1,4411,1,1,1, 4412
8,4411,1,1,1, 4412
15,4411,2,2,1, 4413
9,4412,2,2,1, 4414
24,4414,1,1,0, 4415
14,4414,3,3,1, 4417
1,4416,1,1,0, 4417
8,4416,1,1,0, 4417
15,4416,2,2,1, 4418
6,4415,2,4,1, 4419
24,4419,1,1,0, 4420
14,4419,3,3,1, 4422
1,4421,1,1,0, 4422
8,4421,1,1,0, 4422
9,4422,2,2,1, 4424
24,4424,1,1,1, 4425
25,4425,2,2,1, 4427
1,4426,1,1,0, 4427
8,4426,1,1,0, 4427
6,4425,2,4,1, 4429
9,4427,2,2,1, 4429
24,4429,1,1,0, 4430
25,4430,2,2,1, 4432
1,4431,1,1,0, 4432
8,4431,1,1,0, 4432
6,4430,2,4,1, 4434
24,4434,1,1,1, 4435
16,4434,2,2,1, 4436
14,4434,3,3,1, 4437
25,4435,2,2,1, 4437
1,4436,1,1,0, 4437
8,4436,1,1,1, 4437
2,4438,2,2,1, 4440
24,4439,1,1,1, 4440
25,4440,2,2,1, 4442
1,4441,1,1,0, 4442
8,4441,1,1,0, 4442
24,4444,1,1,1, 4445
14,4444,3,3,1, 4447
1,4446,1,1,1, 4447
2,4448,2,2,1, 4450
24,4449,1,1,1, 4450
24,4454,1,1,0, 4455
24,4459,1,1,0, 4460
24,4464,1,1,0, 4465
24,4469,1,1,1, 4470
24,4474,1,1,0, 4475
24,4479,1,1,0, 4480
24,4484,1,1,1, 4485
24,4489,1,1,0, 4490
30,4488,3,3,1, 4491
24,4494,1,1,1, 4495
29,4493,4,4,1, 4497
31,4496,2,2,1, 4498
24,4499,1,1,1, 4500
8,4551,1,1,0, 4552
8,4556,1,1,0, 4557
1,4561,1,1,1, 4562
8,4561,1,1,1, 4562
25,4565,2,2,1, 4567
1,4566,1,1,1, 4567
8,4566,1,1,1, 4567
1,4571,1,1,0, 4572
8,4571,1,1,0, 4572
1,4576,1,1,0, 4577
8,4576,1,1,1, 4577
25,4580,2,2,1, 4582
1,4581,1,1,1, 4582
8,4581,1,1,1, 4582
25,4585,2,2,1, 4587
1,4586,1,1,1, 4587
8,4586,1,1,0, 4587
25,4590,2,2,1, 4592
1,4591,1,1,1, 4592
8,4591,1,1,0, 4592
25,4595,2,2,1, 4597
1,4596,1,1,1, 4597
8,4596,1,1,0, 4597
1,4601,1,1,1, 4602
8,4601,1,1,1, 4602
24,4604,1,1,0, 4605
30,4603,3,3,1, 4606
29,4603,4,4,1, 4607
1,4606,1,1,0, 4607
8,4606,1,1,1, 4607
15,4606,2,2,1, 4608
24,4609,1,1,0, 4610
30,4608,3,3,1, 4611
29,4608,4,4,1, 4612
14,4609,3,3,1, 4612
17,4609,3,3,1, 4612
25,4610,2,2,1, 4612
1,4611,1,1,1, 4612
8,4611,1,1,1, 4612
13,4609,4,4,1, 4613
31,4611,2,2,1, 4613
6,4610,2,4,1, 4614
9,4612,2,2,1, 4614
24,4614,1,1,1, 4615
29,4613,4,4,1, 4617
14,4614,3,3,1, 4617
1,4616,1,1,0, 4617
8,4616,1,1,0, 4617
13,4614,4,4,1, 4618
15,4616,2,2,1, 4618
31,4616,2,2,1, 4618
6,4615,2,4,1, 4619
24,4619,1,1,0, 4620
29,4618,4,4,1, 4622
17,4619,3,3,1, 4622
25,4620,2,2,1, 4622
1,4621,1,1,0, 4622
8,4621,1,1,0, 4622
13,4619,4,4,1, 4623
15,4621,2,2,1, 4623
6,4620,2,4,1, 4624
9,4622,2,2,1, 4624
24,4624,1,1,1, 4625
17,4624,3,3,1, 4627
1,4626,1,1,0, 4627
8,4626,1,1,1, 4627
31,4626,2,2,1, 4628
9,4627,2,2,1, 4629
24,4629,1,1,0, 4630
8,4631,1,1,0, 4632
15,4631,2,2,1, 4633
31,4631,2,2,1, 4633
24,4634,1,1,1, 4635
30,4633,3,3,1, 4636
24,4639,1,1,1, 4640
24,4644,1,1,1, 4645
24,4649,1,1,0, 4650
24,4654,1,1,0, 4655
24,4659,1,1,0, 4660
24,4664,1,1,0, 4665
24,4669,1,1,0, 4670
24,4674,1,1,0, 4675
24,4679,1,1,1, 4680
25,4740,2,2,1, 4742
1,4741,1,1,1, 4742
8,4741,1,1,0, 4742
16,4744,2,2,1, 4746
1,4746,1,1,0, 4747
8,4746,1,1,0, 4747
1,4751,1,1,0, 4752
8,4751,1,1,1, 4752
16,4754,2,2,1, 4756
1,4756,1,1,1, 4757
8,4756,1,1,0, 4757
16,4759,2,2,1, 4761
25,4760,2,2,1, 4762
1,4761,1,1,1, 4762
8,4761,1,1,0, 4762
16,4764,2,2,1, 4766
25,4765,2,2,1, 4767
1,4766,1,1,0, 4767
8,4766,1,1,1, 4767
13,4764,4,4,1, 4768
15,4766,2,2,1, 4768
16,4769,2,2,1, 4771
14,4769,3,3,1, 4772
25,4770,2,2,1, 4772
1,4771,1,1,0, 4772
8,4771,1,1,0, 4772
15,4771,2,2,1, 4773
2,4773,2,2,1, 4775
16,4774,2,2,1, 4776
1,4776,1,1,0, 4777
8,4776,1,1,0, 4777
15,4776,2,2,1, 4778
3,4777,3,3,1, 4780
16,4779,2,2,1, 4781
25,4780,2,2,1, 4782
1,4781,1,1,1, 4782
8,4781,1,1,1, 4782
15,4781,2,2,1, 4783
3,4782,3,3,1, 4785
2,4783,2,2,1, 4785
24,4784,1,1,0, 4785
1,4786,1,1,1, 4787
31,4786,2,2,1, 4788
2,4788,2,2,1, 4790
24,4789,1,1,0, 4790
1,4791,1,1,1, 4792
9,4792,2,2,1, 4794
24,4794,1,1,1, 4795
1,4796,1,1,1, 4797
3,4797,3,3,1, 4800
2,4798,2,2,1, 4800
24,4799,1,1,1, 4800
17,4799,3,3,1, 4802
24,4804,1,1,1, 4805
31,4806,2,2,1, 4808
24,4809,1,1,0, 4810
24,4814,1,1,0, 4815
24,4819,1,1,1, 4820
24,4824,1,1,1, 4825
24,4829,1,1,1, 4830
31,4831,2,2,1, 4833
24,4834,1,1,0, 4835
31,4836,2,2,1, 4838
24,4839,1,1,1, 4840
24,4844,1,1,1, 4845
24,4849,1,1,1, 4850
31,4851,2,2,1, 4853
24,4854,1,1,0, 4855
24,4859,1,1,1, 4860
24,4864,1,1,0, 4865
24,4869,1,1,0, 4870
31,4871,2,2,1, 4873
24,4874,1,1,0, 4875
31,4876,2,2,1, 4878
24,4879,1,1,1, 4880
31,4881,2,2,1, 4883
24,4884,1,1,1, 4885
24,4889,1,1,1, 4890
8,4891,1,1,0, 4892
24,4894,1,1,0, 4895
30,4893,3,3,1, 4896
8,4896,1,1,1, 4897
24,4899,1,1,1, 4900
8,4901,1,1,0, 4902
24,4904,1,1,1, 4905
1,4906,1,1,0, 4907
8,4906,1,1,1, 4907
24,4909,1,1,0, 4910
1,4911,1,1,0, 4912
8,4911,1,1,0, 4912
24,4914,1,1,0, 4915
1,4916,1,1,1, 4917
8,4916,1,1,0, 4917
24,4919,1,1,1, 4920
1,4921,1,1,1, 4922
8,4921,1,1,0, 4922
15,4921,2,2,1, 4923
24,4924,1,1,1, 4925
1,4926,1,1,1, 4927
8,4926,1,1,0, 4927
15,4926,2,2,1, 4928
24,4929,1,1,1, 4930
1,4931,1,1,0, 4932
8,4931,1,1,1, 4932
15,4931,2,2,1, 4933
6,4930,2,4,1, 4934
24,4934,1,1,1, 4935
14,4934,3,3,1, 4937
1,4936,1,1,0, 4937
8,4936,1,1,1, 4937
24,4939,1,1,1, 4940
16,4939,2,2,1, 4941
1,4941,1,1,0, 4942
8,4941,1,1,1, 4942
2,4943,2,2,1, 4945
24,4944,1,1,0, 4945
1,4946,1,1,0, 4947
8,4946,1,1,0, 4947
13,4944,4,4,1, 4948
6,4945,2,4,1, 4949
24,4949,1,1,1, 4950
16,4949,2,2,1, 4951
14,4949,3,3,1, 4952
1,4951,1,1,0, 4952
8,4951,1,1,1, 4952
15,4951,2,2,1, 4953
6,4950,2,4,1, 4954
2,4953,2,2,1, 4955
24,4954,1,1,1, 4955
16,4954,2,2,1, 4956
1,4956,1,1,0, 4957
24,4959,1,1,1, 4960
1,4961,1,1,0, 4962
2,4963,2,2,1, 4965
24,4964,1,1,1, 4965
25,4965,2,2,1, 4967
1,4966,1,1,1, 4967
9,4967,2,2,1, 4969
3,4967,3,3,1, 4970
24,4969,1,1,0, 4970
1,4971,1,1,1, 4972
2,4973,2,2,1, 4975
24,4974,1,1,0, 4975
1,4976,1,1,1, 4977
9,4977,2,2,1, 4979
24,4979,1,1,0, 4980
1,4981,1,1,1, 4982
3,4982,3,3,1, 4985
25,4985,2,2,1, 4987
1,4986,1,1,0, 4987
2,4988,2,2,1, 4990
8,5061,1,1,1, 5062
8,5066,1,1,1, 5067
8,5071,1,1,1, 5072
8,5076,1,1,1, 5077
15,5076,2,2,1, 5078
8,5081,1,1,0, 5082
15,5081,2,2,1, 5083
24,5084,1,1,1, 5085
8,5086,1,1,0, 5087
15,5086,2,2,1, 5088
31,5086,2,2,1, 5088
24,5089,1,1,0, 5090
30,5088,3,3,1, 5091
14,5089,3,3,1, 5092
8,5091,1,1,0, 5092
15,5091,2,2,1, 5093
31,5091,2,2,1, 5093
6,5090,2,4,1, 5094
24,5094,1,1,1, 5095
30,5093,3,3,1, 5096
29,5093,4,4,1, 5097
14,5094,3,3,1, 5097
8,5096,1,1,0, 5097
13,5094,4,4,1, 5098
6,5095,2,4,1, 5099
24,5099,1,1,1, 5100
30,5098,3,3,1, 5101
14,5099,3,3,1, 5102
17,5099,3,3,1, 5102
1,5101,1,1,0, 5102
8,5101,1,1,0, 5102
31,5101,2,2,1, 5103
6,5100,2,4,1, 5104
24,5104,1,1,1, 5105
1,5106,1,1,0, 5107
8,5106,1,1,0, 5107
13,5104,4,4,1, 5108
15,5106,2,2,1, 5108
31,5106,2,2,1, 5108
9,5107,2,2,1, 5109
24,5109,1,1,1, 5110
17,5109,3,3,1, 5112
25,5110,2,2,1, 5112
1,5111,1,1,0, 5112
24,5114,1,1,1, 5115
30,5113,3,3,1, 5116
25,5115,2,2,1, 5117
1,5116,1,1,1, 5117
2,5118,2,2,1, 5120
24,5119,1,1,1, 5120
25,5120,2,2,1, 5122
1,5121,1,1,0, 5122
2,5123,2,2,1, 5125
24,5124,1,1,0, 5125
25,5125,2,2,1, 5127
1,5126,1,1,0, 5127
3,5127,3,3,1, 5130
26,5127,3,3,1, 5130
2,5128,2,2,1, 5130
24,5129,1,1,0, 5130
25,5130,2,2,1, 5132
1,5131,1,1,1, 5132
3,5132,3,3,1, 5135
24,5134,1,1,0, 5135
30,5133,3,3,1, 5136
24,5139,1,1,0, 5140
30,5138,3,3,1, 5141
31,5141,2,2,1, 5143
8,5216,1,1,1, 5217
23,5218,3,3,1, 5221
8,5221,1,1,0, 5222
23,5223,3,3,1, 5226
16,5224,2,2,1, 5226
8,5226,1,1,1, 5227
8,5231,1,1,1, 5232
8,5236,1,1,0, 5237
22,5236,4,4,1, 5240
16,5239,2,2,1, 5241
17,5239,3,3,1, 5242
1,5241,1,1,0, 5242
8,5241,1,1,1, 5242
23,5243,3,3,1, 5246
17,5244,3,3,1, 5247
25,5245,2,2,1, 5247
1,5246,1,1,1, 5247
8,5246,1,1,1, 5247
13,5244,4,4,1, 5248
15,5246,2,2,1, 5248
9,5247,2,2,1, 5249
24,5249,1,1,0, 5250
23,5248,3,3,1, 5251
16,5249,2,2,1, 5251
17,5249,3,3,1, 5252
25,5250,2,2,1, 5252
1,5251,1,1,0, 5252
8,5251,1,1,1, 5252
13,5249,4,4,1, 5253
9,5252,2,2,1, 5254
24,5254,1,1,1, 5255
23,5253,3,3,1, 5256
17,5254,3,3,1, 5257
25,5255,2,2,1, 5257
1,5256,1,1,0, 5257
8,5256,1,1,1, 5257
15,5256,2,2,1, 5258
9,5257,2,2,1, 5259
24,5259,1,1,0, 5260
17,5259,3,3,1, 5262
25,5260,2,2,1, 5262
1,5261,1,1,0, 5262
9,5262,2,2,1, 5264
24,5264,1,1,0, 5265
18,5263,4,4,1, 5267
17,5264,3,3,1, 5267
25,5265,2,2,1, 5267
24,5269,1,1,1, 5270
30,5268,3,3,1, 5271
29,5268,4,4,1, 5272
24,5274,1,1,0, 5275
24,5279,1,1,1, 5280
24,5284,1,1,0, 5285
30,5283,3,3,1, 5286
31,5286,2,2,1, 5288
24,5289,1,1,0, 5290
29,5288,4,4,1, 5292
24,5294,1,1,0, 5295
24,5299,1,1,0, 5300
24,5304,1,1,0, 5305
24,5309,1,1,1, 5310
24,5314,1,1,0, 5315
24,5319,1,1,0, 5320
31,5321,2,2,1, 5323
24,5324,1,1,0, 5325
31,5326,2,2,1, 5328
24,5329,1,1,1, 5330
31,5331,2,2,1, 5333
24,5334,1,1,1, 5335
31,5336,2,2,1, 5338
24,5339,1,1,0, 5340
31,5341,2,2,1, 5343
24,5344,1,1,0, 5345
31,5346,2,2,1, 5348
16,5364,2,2,1, 5366
8,5366,1,1,0, 5367
1,5371,1,1,0, 5372
8,5371,1,1,0, 5372
1,5376,1,1,1, 5377
8,5376,1,1,0, 5377
16,5379,2,2,1, 5381
25,5380,2,2,1, 5382
1,5381,1,1,1, 5382
8,5381,1,1,1, 5382
25,5385,2,2,1, 5387
1,5386,1,1,1, 5387
8,5386,1,1,1, 5387
16,5389,2,2,1, 5391
25,5390,2,2,1, 5392
1,5391,1,1,0, 5392
8,5391,1,1,0, 5392
2,5393,2,2,1, 5395
16,5394,2,2,1, 5396
25,5395,2,2,1, 5397
1,5396,1,1,0, 5397
8,5396,1,1,0, 5397
9,5397,2,2,1, 5399
2,5398,2,2,1, 5400
17,5399,3,3,1, 5402
25,5400,2,2,1, 5402
1,5401,1,1,0, 5402
8,5401,1,1,1, 5402
9,5402,2,2,1, 5404
2,5403,2,2,1, 5405
16,5404,2,2,1, 5406
17,5404,3,3,1, 5407
1,5406,1,1,0, 5407
8,5406,1,1,1, 5407
9,5407,2,2,1, 5409
16,5409,2,2,1, 5411
8,5411,1,1,1, 5412
16,5414,2,2,1, 5416
8,5416,1,1,1, 5417
15,5416,2,2,1, 5418
16,5419,2,2,1, 5421
14,5419,3,3,1, 5422
8,5421,1,1,0, 5422
15,5421,2,2,1, 5423
6,5420,2,4,1, 5424
16,5424,2,2,1, 5426
24,5454,1,1,0, 5455
24,5459,1,1,0, 5460
24,5464,1,1,0, 5465
24,5469,1,1,1, 5470
24,5474,1,1,0, 5475
24,5479,1,1,0, 5480
24,5484,1,1,0, 5485
24,5489,1,1,1, 5490
24,5494,1,1,0, 5495
24,5499,1,1,0, 5500
24,5504,1,1,1, 5505
24,5509,1,1,0, 5510
1,5511,1,1,1, 5512
24,5514,1,1,0, 5515
1,5516,1,1,0, 5517
24,5519,1,1,0, 5520
1,5521,1,1,0, 5522
24,5524,1,1,1, 5525
1,5526,1,1,1, 5527
9,5527,2,2,1, 5529
24,5529,1,1,1, 5530
1,5531,1,1,0, 5532
9,5532,2,2,1, 5534
24,5534,1,1,1, 5535
1,5536,1,1,0, 5537
8,5536,1,1,1, 5537
9,5537,2,2,1, 5539
24,5539,1,1,1, 5540
1,5541,1,1,1, 5542
8,5541,1,1,1, 5542
31,5541,2,2,1, 5543
9,5542,2,2,1, 5544
24,5544,1,1,0, 5545
1,5546,1,1,1, 5547
8,5546,1,1,0, 5547
31,5546,2,2,1, 5548
24,5549,1,1,0, 5550
1,5551,1,1,0, 5552
8,5551,1,1,1, 5552
9,5552,2,2,1, 5554
24,5554,1,1,0, 5555
1,5556,1,1,1, 5557
8,5556,1,1,0, 5557
24,5559,1,1,1, 5560
1,5561,1,1,0, 5562
8,5561,1,1,0, 5562
24,5564,1,1,0, 5565
17,5564,3,3,1, 5567
1,5566,1,1,0, 5567
8,5566,1,1,1, 5567
15,5566,2,2,1, 5568
24,5569,1,1,0, 5570
17,5569,3,3,1, 5572
25,5570,2,2,1, 5572
1,5571,1,1,1, 5572
8,5571,1,1,0, 5572
9,5572,2,2,1, 5574
2,5573,2,2,1, 5575
24,5574,1,1,0, 5575
25,5575,2,2,1, 5577
1,5576,1,1,1, 5577
8,5576,1,1,1, 5577
15,5576,2,2,1, 5578
9,5577,2,2,1, 5579
24,5579,1,1,1, 5580
17,5579,3,3,1, 5582
8,5581,1,1,0, 5582
31,5581,2,2,1, 5583
24,5584,1,1,1, 5585
14,5584,3,3,1, 5587
8,5586,1,1,1, 5587
15,5586,2,2,1, 5588
31,5586,2,2,1, 5588
24,5589,1,1,1, 5590
30,5588,3,3,1, 5591
29,5588,4,4,1, 5592
14,5589,3,3,1, 5592
8,5591,1,1,1, 5592
31,5591,2,2,1, 5593
6,5590,2,4,1, 5594
24,5594,1,1,1, 5595
30,5593,3,3,1, 5596
8,5596,1,1,0, 5597
15,5596,2,2,1, 5598
31,5596,2,2,1, 5598
24,5599,1,1,1, 5600
29,5598,4,4,1, 5602
8,5601,1,1,0, 5602
15,5601,2,2,1, 5603
31,5601,2,2,1, 5603
6,5600,2,4,1, 5604
8,5606,1,1,0, 5607
15,5606,2,2,1, 5608
6,5605,2,4,1, 5609
14,5609,3,3,1, 5612
8,5611,1,1,1, 5612
15,5611,2,2,1, 5613
16,5614,2,2,1, 5616
1,5686,1,1,1, 5687
9,5687,2,2,1, 5689
17,5689,3,3,1, 5692
1,5691,1,1,0, 5692
9,5692,2,2,1, 5694
25,5695,2,2,1, 5697
1,5696,1,1,1, 5697
1,5701,1,1,1, 5702
9,5702,2,2,1, 5704
17,5704,3,3,1, 5707
25,5705,2,2,1, 5707
1,5706,1,1,0, 5707
9,5707,2,2,1, 5709
24,5709,1,1,0, 5710
25,5710,2,2,1, 5712
1,5711,1,1,0, 5712
9,5712,2,2,1, 5714
24,5714,1,1,1, 5715
17,5714,3,3,1, 5717
25,5715,2,2,1, 5717
1,5716,1,1,0, 5717
24,5719,1,1,0, 5720
1,5721,1,1,0, 5722
8,5721,1,1,0, 5722
24,5724,1,1,1, 5725
1,5726,1,1,1, 5727
8,5726,1,1,1, 5727
9,5727,2,2,1, 5729
24,5729,1,1,0, 5730
8,5731,1,1,0, 5732
24,5734,1,1,1, 5735
8,5736,1,1,0, 5737
24,5739,1,1,1, 5740
8,5741,1,1,1, 5742
15,5741,2,2,1, 5743
24,5744,1,1,1, 5745
30,5743,3,3,1, 5746
8,5746,1,1,1, 5747
15,5746,2,2,1, 5748
31,5746,2,2,1, 5748
24,5749,1,1,1, 5750
8,5751,1,1,0, 5752
15,5751,2,2,1, 5753
24,5754,1,1,1, 5755
29,5753,4,4,1, 5757
8,5756,1,1,1, 5757
31,5756,2,2,1, 5758
24,5759,1,1,1, 5760
30,5758,3,3,1, 5761
8,5761,1,1,0, 5762
24,5764,1,1,1, 5765
30,5763,3,3,1, 5766
29,5763,4,4,1, 5767
8,5766,1,1,0, 5767
15,5766,2,2,1, 5768
24,5769,1,1,0, 5770
8,5771,1,1,1, 5772
15,5771,2,2,1, 5773
31,5771,2,2,1, 5773
24,5774,1,1,0, 5775
8,5776,1,1,1, 5777
31,5776,2,2,1, 5778
24,5779,1,1,0, 5780
8,5781,1,1,0, 5782
31,5781,2,2,1, 5783
24,5784,1,1,1, 5785
8,5786,1,1,0, 5787
15,5786,2,2,1, 5788
31,5786,2,2,1, 5788
24,5789,1,1,1, 5790
14,5789,3,3,1, 5792
8,5791,1,1,0, 5792
13,5789,4,4,1, 5793
15,5791,2,2,1, 5793
31,5791,2,2,1, 5793
8,5796,1,1,1, 5797
8,5801,1,1,0, 5802
15,5801,2,2,1, 5803
16,5804,2,2,1, 5806
14,5804,3,3,1, 5807
8,5806,1,1,0, 5807
13,5804,4,4,1, 5808
1,5831,1,1,1, 5832
25,5835,2,2,1, 5837
1,5836,1,1,1, 5837
25,5840,2,2,1, 5842
1,5841,1,1,0, 5842
1,5846,1,1,1, 5847
1,5851,1,1,0, 5852
1,5856,1,1,0, 5857
1,5861,1,1,1, 5862
1,5866,1,1,1, 5867
25,5870,2,2,1, 5872
1,5871,1,1,1, 5872
1,5876,1,1,0, 5877
1,5881,1,1,0, 5882
1,5886,1,1,1, 5887
25,5890,2,2,1, 5892
1,5891,1,1,0, 5892
9,5892,2,2,1, 5894
1,5896,1,1,1, 5897
24,5899,1,1,0, 5900
17,5899,3,3,1, 5902
25,5900,2,2,1, 5902
1,5901,1,1,0, 5902
24,5904,1,1,0, 5905
17,5904,3,3,1, 5907
1,5906,1,1,1, 5907
9,5907,2,2,1, 5909
24,5909,1,1,1, 5910
17,5909,3,3,1, 5912
25,5910,2,2,1, 5912
1,5911,1,1,1, 5912
2,5913,2,2,1, 5915
24,5914,1,1,1, 5915
1,5916,1,1,0, 5917
22,5916,4,4,1, 5920
2,5918,2,2,1, 5920
24,5919,1,1,0, 5920
16,5919,2,2,1, 5921
1,5921,1,1,0, 5922
8,5921,1,1,1, 5922
9,5922,2,2,1, 5924
24,5924,1,1,1, 5925
8,5926,1,1,1, 5927
22,5926,4,4,1, 5930
24,5929,1,1,1, 5930
8,5931,1,1,0, 5932
24,5934,1,1,0, 5935
8,5936,1,1,1, 5937
15,5936,2,2,1, 5938
24,5939,1,1,1, 5940
8,5941,1,1,0, 5942
24,5944,1,1,0, 5945
8,5946,1,1,1, 5947
24,5949,1,1,1, 5950
8,5951,1,1,0, 5952
24,5954,1,1,1, 5955
14,5954,3,3,1, 5957
8,5956,1,1,0, 5957
24,5959,1,1,1, 5960
8,5961,1,1,0, 5962
15,5961,2,2,1, 5963
24,5964,1,1,0, 5965
14,5964,3,3,1, 5967
8,5966,1,1,1, 5967
15,5966,2,2,1, 5968
6,5965,2,4,1, 5969
24,5969,1,1,1, 5970
8,5971,1,1,0, 5972
13,5969,4,4,1, 5973
15,5971,2,2,1, 5973
6,5970,2,4,1, 5974
24,5974,1,1,1, 5975
8,5976,1,1,0, 5977
24,5979,1,1,1, 5980
8,5981,1,1,0, 5982
13,5979,4,4,1, 5983
15,5981,2,2,1, 5983
24,5984,1,1,0, 5985
24,5989,1,1,0, 5990
31,5991,2,2,1, 5993
24,5994,1,1,1, 5995
24,5999,1,1,0, 6000
31,6001,2,2,1, 6003
24,6004,1,1,0, 6005
24,6009,1,1,0, 6010
31,6011,2,2,1, 6013
24,6014,1,1,0, 6015
24,6019,1,1,0, 6020
31,6021,2,2,1, 6023
24,6024,1,1,0, 6025
31,6026,2,2,1, 6028
24,6029,1,1,1, 6030
24,6034,1,1,1, 6035
1,6036,1,1,1, 6037
31,6036,2,2,1, 6038
24,6039,1,1,0, 6040
1,6041,1,1,1, 6042
24,6044,1,1,1, 6045
25,6045,2,2,1, 6047
1,6046,1,1,1, 6047
24,6049,1,1,0, 6050
1,6051,1,1,1, 6052
31,6051,2,2,1, 6053
24,6054,1,1,0, 6055
1,6056,1,1,1, 6057
2,6058,2,2,1, 6060
24,6059,1,1,1, 6060
1,6061,1,1,1, 6062
2,6063,2,2,1, 6065
24,6064,1,1,1, 6065
1,6066,1,1,0, 6067
24,6069,1,1,0, 6070
29,6068,4,4,1, 6072
1,6071,1,1,1, 6072
31,6071,2,2,1, 6073
2,6073,2,2,1, 6075
24,6074,1,1,1, 6075
30,6073,3,3,1, 6076
1,6076,1,1,1, 6077
3,6077,3,3,1, 6080
1,6081,1,1,0, 6082
3,6082,3,3,1, 6085
2,6083,2,2,1, 6085
1,6086,1,1,0, 6087
3,6087,3,3,1, 6090
1,6091,1,1,0, 6092
8,6091,1,1,0, 6092
1,6096,1,1,1, 6097
8,6096,1,1,0, 6097
2,6098,2,2,1, 6100
1,6101,1,1,1, 6102
8,6101,1,1,0, 6102
3,6102,3,3,1, 6105
2,6103,2,2,1, 6105
16,6104,2,2,1, 6106
1,6106,1,1,1, 6107
8,6106,1,1,0, 6107
22,6106,4,4,1, 6110
3,6107,3,3,1, 6110
2,6108,2,2,1, 6110
23,6108,3,3,1, 6111
8,6111,1,1,1, 6112
22,6111,4,4,1, 6115
16,6114,2,2,1, 6116
8,6116,1,1,0, 6117
22,6116,4,4,1, 6120
16,6119,2,2,1, 6121
8,6121,1,1,1, 6122
15,6121,2,2,1, 6123
16,6124,2,2,1, 6126
8,6126,1,1,0, 6127
16,6129,2,2,1, 6131
8,6131,1,1,0, 6132
22,6131,4,4,1, 6135
23,6133,3,3,1, 6136
8,6136,1,1,0, 6137
15,6136,2,2,1, 6138
24,6184,1,1,0, 6185
24,6189,1,1,0, 6190
24,6194,1,1,0, 6195
24,6199,1,1,1, 6200
24,6204,1,1,1, 6205
24,6209,1,1,1, 6210
24,6214,1,1,0, 6215
1,6216,1,1,0, 6217
24,6219,1,1,1, 6220
25,6220,2,2,1, 6222
1,6221,1,1,1, 6222
24,6224,1,1,0, 6225
1,6226,1,1,0, 6227
24,6229,1,1,0, 6230
1,6231,1,1,0, 6232
24,6234,1,1,0, 6235
17,6234,3,3,1, 6237
1,6236,1,1,1, 6237
2,6238,2,2,1, 6240
24,6239,1,1,1, 6240
1,6241,1,1,1, 6242
2,6243,2,2,1, 6245
24,6244,1,1,1, 6245
1,6246,1,1,0, 6247
8,6246,1,1,0, 6247
31,6246,2,2,1, 6248
2,6248,2,2,1, 6250
24,6249,1,1,1, 6250
1,6251,1,1,0, 6252
8,6251,1,1,0, 6252
31,6251,2,2,1, 6253
2,6253,2,2,1, 6255
24,6254,1,1,0, 6255
1,6256,1,1,0, 6257
8,6256,1,1,0, 6257
31,6256,2,2,1, 6258
24,6259,1,1,1, 6260
25,6260,2,2,1, 6262
1,6261,1,1,0, 6262
8,6261,1,1,0, 6262
2,6263,2,2,1, 6265
24,6264,1,1,0, 6265
25,6265,2,2,1, 6267
1,6266,1,1,1, 6267
8,6266,1,1,0, 6267
31,6266,2,2,1, 6268
2,6268,2,2,1, 6270
24,6269,1,1,1, 6270
16,6269,2,2,1, 6271
25,6270,2,2,1, 6272
1,6271,1,1,1, 6272
8,6271,1,1,0, 6272
24,6274,1,1,1, 6275
30,6273,3,3,1, 6276
1,6276,1,1,0, 6277
8,6276,1,1,1, 6277
2,6278,2,2,1, 6280
24,6279,1,1,0, 6280
16,6279,2,2,1, 6281
1,6281,1,1,0, 6282
8,6281,1,1,1, 6282
3,6282,3,3,1, 6285
24,6284,1,1,1, 6285
16,6284,2,2,1, 6286
8,6286,1,1,1, 6287
15,6286,2,2,1, 6288
24,6289,1,1,0, 6290
30,6288,3,3,1, 6291
16,6289,2,2,1, 6291
8,6291,1,1,0, 6292
24,6294,1,1,0, 6295
30,6293,3,3,1, 6296
8,6296,1,1,1, 6297
24,6299,1,1,1, 6300
14,6299,3,3,1, 6302
8,6301,1,1,1, 6302
31,6301,2,2,1, 6303
24,6304,1,1,1, 6305
30,6303,3,3,1, 6306
16,6304,2,2,1, 6306
8,6306,1,1,0, 6307
13,6304,4,4,1, 6308
31,6306,2,2,1, 6308
16,6309,2,2,1, 6311
14,6309,3,3,1, 6312
8,6311,1,1,0, 6312
16,6314,2,2,1, 6316
8,6316,1,1,0, 6317
13,6314,4,4,1, 6318
15,6316,2,2,1, 6318
17,6384,3,3,1, 6387
1,6386,1,1,1, 6387
25,6390,2,2,1, 6392
1,6391,1,1,0, 6392
17,6394,3,3,1, 6397
25,6395,2,2,1, 6397
1,6396,1,1,0, 6397
9,6397,2,2,1, 6399
1,6401,1,1,1, 6402
9,6402,2,2,1, 6404
1,6406,1,1,1, 6407
2,6408,2,2,1, 6410
17,6409,3,3,1, 6412
1,6411,1,1,0, 6412
2,6413,2,2,1, 6415
24,6414,1,1,0, 6415
17,6414,3,3,1, 6417
25,6415,2,2,1, 6417
1,6416,1,1,0, 6417
9,6417,2,2,1, 6419
24,6419,1,1,1, 6420
17,6419,3,3,1, 6422
25,6420,2,2,1, 6422
24,6424,1,1,1, 6425
8,6426,1,1,0, 6427
24,6429,1,1,1, 6430
8,6431,1,1,1, 6432
24,6434,1,1,0, 6435
8,6436,1,1,0, 6437
24,6439,1,1,0, 6440
8,6441,1,1,1, 6442
24,6444,1,1,0, 6445
8,6446,1,1,0, 6447
24,6449,1,1,0, 6450
8,6451,1,1,0, 6452
24,6454,1,1,1, 6455
8,6456,1,1,0, 6457
15,6456,2,2,1, 6458
24,6459,1,1,1, 6460
8,6461,1,1,0, 6462
24,6464,1,1,0, 6465
14,6464,3,3,1, 6467
8,6466,1,1,1, 6467
24,6469,1,1,1, 6470
8,6471,1,1,0, 6472
31,6471,2,2,1, 6473
24,6474,1,1,1, 6475
8,6476,1,1,1, 6477
15,6476,2,2,1, 6478
31,6476,2,2,1, 6478
24,6479,1,1,1, 6480
14,6479,3,3,1, 6482
8,6481,1,1,1, 6482
13,6479,4,4,1, 6483
31,6481,2,2,1, 6483
6,6480,2,4,1, 6484
24,6484,1,1,0, 6485
8,6486,1,1,1, 6487
31,6486,2,2,1, 6488
24,6489,1,1,1, 6490
8,6491,1,1,1, 6492
13,6489,4,4,1, 6493
15,6491,2,2,1, 6493
31,6491,2,2,1, 6493
6,6490,2,4,1, 6494
24,6494,1,1,1, 6495
14,6494,3,3,1, 6497
8,6496,1,1,1, 6497
15,6496,2,2,1, 6498
24,6499,1,1,1, 6500
16,6499,2,2,1, 6501
8,6501,1,1,1, 6502
24,6504,1,1,1, 6505
23,6503,3,3,1, 6506
8,6506,1,1,1, 6507
24,6509,1,1,1, 6510
23,6508,3,3,1, 6511
24,6514,1,1,1, 6515
24,6519,1,1,0, 6520
30,6518,3,3,1, 6521
29,6518,4,4,1, 6522
24,6524,1,1,1, 6525
30,6523,3,3,1, 6526
1,6526,1,1,1, 6527
9,6527,2,2,1, 6529
24,6529,1,1,1, 6530
30,6528,3,3,1, 6531
29,6528,4,4,1, 6532
17,6529,3,3,1, 6532
1,6531,1,1,0, 6532
24,6534,1,1,0, 6535
29,6533,4,4,1, 6537
17,6534,3,3,1, 6537
25,6535,2,2,1, 6537
1,6536,1,1,0, 6537
1,6541,1,1,0, 6542
1,6546,1,1,1, 6547
1,6551,1,1,0, 6552
1,6556,1,1,0, 6557
1,6561,1,1,0, 6562
1,6566,1,1,1, 6567
2,6568,2,2,1, 6570
25,6570,2,2,1, 6572
1,6571,1,1,1, 6572
1,6576,1,1,0, 6577
1,6581,1,1,0, 6582
9,6582,2,2,1, 6584
2,6583,2,2,1, 6585
1,6586,1,1,0, 6587
11,6584,4,4,1, 6588
3,6587,3,3,1, 6590
2,6588,2,2,1, 6590
1,6591,1,1,0, 6592
9,6592,2,2,1, 6594
19,6591,5,5,1, 6596
16,6619,2,2,1, 6621
8,6621,1,1,0, 6622
8,6626,1,1,0, 6627
8,6631,1,1,1, 6632
8,6636,1,1,0, 6637
8,6641,1,1,1, 6642
15,6641,2,2,1, 6643
24,6644,1,1,1, 6645
8,6646,1,1,1, 6647
15,6646,2,2,1, 6648
24,6649,1,1,0, 6650
14,6649,3,3,1, 6652
8,6651,1,1,0, 6652
15,6651,2,2,1, 6653
6,6650,2,4,1, 6654
24,6654,1,1,0, 6655
16,6654,2,2,1, 6656
14,6654,3,3,1, 6657
8,6656,1,1,0, 6657
6,6655,2,4,1, 6659
24,6659,1,1,1, 6660
16,6659,2,2,1, 6661
14,6659,3,3,1, 6662
8,6661,1,1,1, 6662
15,6661,2,2,1, 6663
6,6660,2,4,1, 6664
24,6664,1,1,0, 6665
24,6669,1,1,0, 6670
24,6674,1,1,1, 6675
31,6676,2,2,1, 6678
24,6679,1,1,0, 6680
24,6684,1,1,1, 6685
31,6686,2,2,1, 6688
24,6689,1,1,0, 6690
31,6691,2,2,1, 6693
24,6694,1,1,0, 6695
24,6699,1,1,1, 6700
17,6699,3,3,1, 6702
1,6701,1,1,0, 6702
24,6704,1,1,0, 6705
17,6704,3,3,1, 6707
1,6706,1,1,0, 6707
24,6709,1,1,1, 6710
1,6711,1,1,0, 6712
9,6712,2,2,1, 6714
24,6714,1,1,0, 6715
30,6713,3,3,1, 6716
1,6716,1,1,0, 6717
9,6717,2,2,1, 6719
24,6719,1,1,1, 6720
1,6721,1,1,1, 6722
31,6721,2,2,1, 6723
24,6724,1,1,0, 6725
1,6726,1,1,0, 6727
31,6726,2,2,1, 6728
24,6729,1,1,0, 6730
30,6728,3,3,1, 6731
1,6731,1,1,1, 6732
31,6731,2,2,1, 6733
24,6734,1,1,0, 6735
1,6736,1,1,0, 6737
31,6736,2,2,1, 6738
2,6738,2,2,1, 6740
24,6739,1,1,0, 6740
30,6738,3,3,1, 6741
1,6741,1,1,1, 6742
31,6741,2,2,1, 6743
2,6743,2,2,1, 6745
1,6746,1,1,1, 6747
3,6747,3,3,1, 6750
26,6747,3,3,1, 6750
2,6748,2,2,1, 6750
1,6751,1,1,1, 6752
3,6752,3,3,1, 6755
2,6753,2,2,1, 6755
1,6756,1,1,1, 6757
2,6758,2,2,1, 6760
1,6761,1,1,0, 6762
3,6762,3,3,1, 6765
8,6771,1,1,1, 6772
8,6776,1,1,0, 6777
8,6781,1,1,0, 6782
8,6786,1,1,1, 6787
16,6789,2,2,1, 6791
8,6791,1,1,1, 6792
16,6794,2,2,1, 6796
8,6796,1,1,0, 6797
16,6799,2,2,1, 6801
8,6801,1,1,0, 6802
8,6806,1,1,0, 6807
8,6811,1,1,1, 6812
16,6814,2,2,1, 6816
8,6816,1,1,1, 6817
15,6816,2,2,1, 6818
16,6819,2,2,1, 6821
8,6821,1,1,1, 6822
15,6821,2,2,1, 6823
14,6824,3,3,1, 6827
8,6826,1,1,0, 6827
15,6826,2,2,1, 6828
8,6831,1,1,1, 6832
13,6829,4,4,1, 6833
15,6831,2,2,1, 6833
16,6834,2,2,1, 6836
24,6849,1,1,0, 6850
24,6854,1,1,1, 6855
24,6859,1,1,1, 6860
24,6864,1,1,1, 6865
24,6869,1,1,0, 6870
17,6869,3,3,1, 6872
1,6871,1,1,1, 6872
24,6874,1,1,0, 6875
17,6874,3,3,1, 6877
25,6875,2,2,1, 6877
1,6876,1,1,1, 6877
24,6879,1,1,1, 6880
17,6879,3,3,1, 6882
25,6880,2,2,1, 6882
1,6881,1,1,0, 6882
9,6882,2,2,1, 6884
24,6884,1,1,1, 6885
1,6886,1,1,1, 6887
9,6887,2,2,1, 6889
24,6889,1,1,1, 6890
17,6889,3,3,1, 6892
1,6891,1,1,0, 6892
9,6892,2,2,1, 6894
24,6894,1,1,1, 6895
25,6895,2,2,1, 6897
1,6896,1,1,1, 6897
3,6897,3,3,1, 6900
24,6899,1,1,1, 6900
17,6899,3,3,1, 6902
1,6901,1,1,1, 6902
28,6899,5,5,1, 6904
24,6904,1,1,0, 6905
5,6902,3,5,1, 6907
24,6909,1,1,0, 6910
31,6911,2,2,1, 6913
24,6914,1,1,0, 6915
24,6919,1,1,1, 6920
31,6921,2,2,1, 6923
24,6924,1,1,1, 6925
31,6926,2,2,1, 6928
24,6929,1,1,1, 6930
31,6931,2,2,1, 6933
24,6934,1,1,0, 6935
8,6936,1,1,0, 6937
31,6936,2,2,1, 6938
24,6939,1,1,0, 6940
8,6941,1,1,1, 6942
24,6944,1,1,0, 6945
8,6946,1,1,1, 6947
24,6949,1,1,0, 6950
8,6951,1,1,0, 6952
24,6954,1,1,1, 6955
8,6956,1,1,0, 6957
24,6959,1,1,0, 6960
8,6961,1,1,0, 6962
31,6961,2,2,1, 6963
24,6964,1,1,0, 6965
8,6966,1,1,1, 6967
31,6966,2,2,1, 6968
24,6969,1,1,0, 6970
8,6971,1,1,1, 6972
24,6974,1,1,0, 6975
8,6976,1,1,0, 6977
31,6976,2,2,1, 6978
24,6979,1,1,1, 6980
8,6981,1,1,0, 6982
24,6984,1,1,0, 6985
8,6986,1,1,1, 6987
31,6986,2,2,1, 6988
24,6989,1,1,1, 6990
8,6991,1,1,0, 6992
24,6994,1,1,0, 6995
8,6996,1,1,1, 6997
31,6996,2,2,1, 6998
24,6999,1,1,1, 7000
8,7001,1,1,0, 7002
31,7001,2,2,1, 7003
8,7006,1,1,1, 7007
15,7006,2,2,1, 7008
1,7011,1,1,1, 7012
8,7011,1,1,1, 7012
13,7009,4,4,1, 7013
15,7011,2,2,1, 7013
14,7014,3,3,1, 7017
25,7015,2,2,1, 7017
1,7016,1,1,1, 7017
8,7016,1,1,0, 7017
15,7016,2,2,1, 7018
6,7015,2,4,1, 7019
1,7021,1,1,1, 7022
8,7021,1,1,0, 7022
15,7021,2,2,1, 7023
14,7024,3,3,1, 7027
1,7026,1,1,1, 7027
8,7026,1,1,1, 7027
13,7024,4,4,1, 7028
15,7026,2,2,1, 7028
14,7029,3,3,1, 7032
25,7030,2,2,1, 7032
1,7031,1,1,0, 7032
8,7031,1,1,0, 7032
13,7029,4,4,1, 7033
25,7035,2,2,1, 7037
1,7036,1,1,1, 7037
25,7040,2,2,1, 7042
1,7041,1,1,1, 7042
9,7042,2,2,1, 7044
17,7044,3,3,1, 7047
25,7045,2,2,1, 7047
1,7046,1,1,0, 7047
9,7047,2,2,1, 7049
18,7048,4,4,1, 7052
1,7051,1,1,0, 7052
3,7052,3,3,1, 7055
25,7055,2,2,1, 7057
1,7056,1,1,0, 7057
11,7054,4,4,1, 7058
3,7057,3,3,1, 7060
2,7058,2,2,1, 7060
24,7109,1,1,0, 7110
24,7114,1,1,1, 7115
24,7119,1,1,0, 7120
24,7124,1,1,0, 7125
24,7129,1,1,0, 7130
24,7134,1,1,1, 7135
24,7139,1,1,0, 7140
22,7141,4,4,1, 7145
24,7144,1,1,0, 7145
8,7146,1,1,1, 7147
24,7149,1,1,1, 7150
8,7151,1,1,0, 7152
24,7154,1,1,0, 7155
8,7156,1,1,0, 7157
24,7159,1,1,0, 7160
8,7161,1,1,0, 7162
31,7161,2,2,1, 7163
24,7164,1,1,1, 7165
1,7166,1,1,0, 7167
8,7166,1,1,0, 7167
13,7164,4,4,1, 7168
6,7165,2,4,1, 7169
9,7167,2,2,1, 7169
24,7169,1,1,1, 7170
1,7171,1,1,1, 7172
8,7171,1,1,1, 7172
31,7171,2,2,1, 7173
6,7170,2,4,1, 7174
9,7172,2,2,1, 7174
24,7174,1,1,1, 7175
14,7174,3,3,1, 7177
1,7176,1,1,1, 7177
8,7176,1,1,1, 7177
31,7176,2,2,1, 7178
6,7175,2,4,1, 7179
9,7177,2,2,1, 7179
24,7179,1,1,1, 7180
25,7180,2,2,1, 7182
1,7181,1,1,0, 7182
8,7181,1,1,0, 7182
13,7179,4,4,1, 7183
15,7181,2,2,1, 7183
31,7181,2,2,1, 7183
6,7180,2,4,1, 7184
24,7184,1,1,0, 7185
1,7186,1,1,0, 7187
8,7186,1,1,1, 7187
13,7184,4,4,1, 7188
24,7189,1,1,1, 7190
14,7189,3,3,1, 7192
25,7190,2,2,1, 7192
1,7191,1,1,1, 7192
8,7191,1,1,0, 7192
31,7191,2,2,1, 7193
9,7192,2,2,1, 7194
2,7193,2,2,1, 7195
24,7194,1,1,0, 7195
1,7196,1,1,0, 7197
8,7196,1,1,1, 7197
13,7194,4,4,1, 7198
9,7197,2,2,1, 7199
3,7197,3,3,1, 7200
26,7197,3,3,1, 7200
24,7199,1,1,1, 7200
18,7198,4,4,1, 7202
14,7199,3,3,1, 7202
17,7199,3,3,1, 7202
25,7200,2,2,1, 7202
8,7201,1,1,0, 7202
15,7201,2,2,1, 7203
31,7201,2,2,1, 7203
24,7204,1,1,0, 7205
24,7209,1,1,0, 7210
31,7211,2,2,1, 7213
24,7214,1,1,0, 7215
24,7219,1,1,0, 7220
24,7224,1,1,0, 7225
24,7229,1,1,0, 7230
31,7231,2,2,1, 7233
24,7234,1,1,1, 7235
24,7239,1,1,1, 7240
31,7241,2,2,1, 7243
24,7244,1,1,0, 7245
31,7246,2,2,1, 7248
1,7306,1,1,1, 7307
1,7311,1,1,1, 7312
8,7311,1,1,1, 7312
22,7311,4,4,1, 7315
23,7313,3,3,1, 7316
1,7316,1,1,0, 7317
8,7316,1,1,1, 7317
1,7321,1,1,0, 7322
8,7321,1,1,1, 7322
22,7321,4,4,1, 7325
23,7323,3,3,1, 7326
1,7326,1,1,0, 7327
8,7326,1,1,1, 7327
15,7326,2,2,1, 7328
1,7331,1,1,0, 7332
8,7331,1,1,1, 7332
15,7331,2,2,1, 7333
2,7333,2,2,1, 7335
23,7333,3,3,1, 7336
1,7336,1,1,1, 7337
8,7336,1,1,0, 7337
2,7338,2,2,1, 7340
23,7338,3,3,1, 7341
1,7341,1,1,0, 7342
8,7341,1,1,1, 7342
15,7341,2,2,1, 7343
22,7341,4,4,1, 7345
2,7343,2,2,1, 7345
1,7346,1,1,1, 7347
8,7346,1,1,1, 7347
22,7346,4,4,1, 7350
24,7349,1,1,1, 7350
23,7348,3,3,1, 7351
1,7351,1,1,0, 7352
8,7351,1,1,0, 7352
24,7354,1,1,0, 7355
16,7354,2,2,1, 7356
1,7356,1,1,0, 7357
24,7359,1,1,0, 7360
1,7361,1,1,0, 7362
2,7363,2,2,1, 7365
24,7364,1,1,1, 7365
25,7365,2,2,1, 7367
1,7366,1,1,1, 7367
3,7367,3,3,1, 7370
24,7369,1,1,1, 7370
18,7368,4,4,1, 7372
17,7369,3,3,1, 7372
25,7370,2,2,1, 7372
1,7371,1,1,1, 7372
9,7372,2,2,1, 7374
26,7372,3,3,1, 7375
2,7373,2,2,1, 7375
24,7374,1,1,0, 7375
18,7373,4,4,1, 7377
24,7379,1,1,0, 7380
24,7384,1,1,0, 7385
24,7389,1,1,0, 7390
24,7394,1,1,1, 7395
24,7399,1,1,0, 7400
24,7404,1,1,1, 7405
24,7409,1,1,0, 7410
24,7414,1,1,1, 7415
24,7419,1,1,0, 7420
24,7424,1,1,0, 7425
24,7429,1,1,1, 7430
24,7434,1,1,1, 7435
24,7439,1,1,0, 7440
24,7444,1,1,0, 7445
31,7446,2,2,1, 7448
24,7449,1,1,1, 7450
24,7454,1,1,0, 7455
31,7456,2,2,1, 7458
24,7459,1,1,1, 7460
24,7464,1,1,1, 7465
8,7466,1,1,0, 7467
24,7469,1,1,1, 7470
16,7469,2,2,1, 7471
8,7471,1,1,1, 7472
31,7471,2,2,1, 7473
24,7474,1,1,0, 7475
8,7476,1,1,0, 7477
31,7476,2,2,1, 7478
24,7479,1,1,0, 7480
16,7479,2,2,1, 7481
1,7481,1,1,1, 7482
8,7481,1,1,1, 7482
31,7481,2,2,1, 7483
24,7484,1,1,0, 7485
25,7485,2,2,1, 7487
1,7486,1,1,1, 7487
8,7486,1,1,1, 7487
31,7486,2,2,1, 7488
24,7489,1,1,0, 7490
25,7490,2,2,1, 7492
1,7491,1,1,0, 7492
8,7491,1,1,0, 7492
31,7491,2,2,1, 7493
24,7494,1,1,0, 7495
25,7495,2,2,1, 7497
1,7496,1,1,1, 7497
8,7496,1,1,1, 7497
31,7496,2,2,1, 7498
24,7499,1,1,0, 7500
16,7499,2,2,1, 7501
25,7500,2,2,1, 7502
1,7501,1,1,0, 7502
8,7501,1,1,0, 7502
24,7504,1,1,0, 7505
25,7505,2,2,1, 7507
1,7506,1,1,1, 7507
8,7506,1,1,0, 7507
31,7506,2,2,1, 7508
25,7510,2,2,1, 7512
1,7511,1,1,0, 7512
8,7511,1,1,0, 7512
22,7511,4,4,1, 7515
23,7513,3,3,1, 7516
16,7514,2,2,1, 7516
1,7516,1,1,0, 7517
8,7516,1,1,0, 7517
2,7518,2,2,1, 7520
23,7518,3,3,1, 7521
1,7521,1,1,1, 7522
8,7521,1,1,0, 7522
2,7523,2,2,1, 7525
23,7523,3,3,1, 7526
25,7525,2,2,1, 7527
1,7526,1,1,1, 7527
8,7526,1,1,0, 7527
15,7526,2,2,1, 7528
2,7528,2,2,1, 7530
23,7528,3,3,1, 7531
25,7530,2,2,1, 7532
1,7531,1,1,0, 7532
8,7531,1,1,0, 7532
15,7531,2,2,1, 7533
2,7533,2,2,1, 7535
23,7533,3,3,1, 7536
16,7534,2,2,1, 7536
25,7535,2,2,1, 7537
1,7536,1,1,0, 7537
1,7541,1,1,1, 7542
26,7542,3,3,1, 7545
24,7609,1,1,1, 7610
24,7614,1,1,0, 7615
24,7619,1,1,1, 7620
24,7624,1,1,0, 7625
24,7629,1,1,0, 7630
24,7634,1,1,1, 7635
24,7639,1,1,0, 7640
8,7641,1,1,1, 7642
24,7644,1,1,1, 7645
8,7646,1,1,0, 7647
24,7649,1,1,1, 7650
1,7651,1,1,0, 7652
8,7651,1,1,1, 7652
24,7654,1,1,1, 7655
1,7656,1,1,1, 7657
8,7656,1,1,1, 7657
24,7659,1,1,0, 7660
1,7661,1,1,1, 7662
8,7661,1,1,0, 7662
24,7664,1,1,0, 7665
16,7664,2,2,1, 7666
1,7666,1,1,1, 7667
8,7666,1,1,0, 7667
24,7669,1,1,0, 7670
25,7670,2,2,1, 7672
1,7671,1,1,1, 7672
8,7671,1,1,0, 7672
24,7674,1,1,1, 7675
1,7676,1,1,1, 7677
8,7676,1,1,0, 7677
24,7679,1,1,1, 7680
16,7679,2,2,1, 7681
1,7681,1,1,1, 7682
8,7681,1,1,0, 7682
24,7684,1,1,0, 7685
25,7685,2,2,1, 7687
1,7686,1,1,0, 7687
8,7686,1,1,0, 7687
24,7689,1,1,0, 7690
25,7690,2,2,1, 7692
1,7691,1,1,0, 7692
8,7691,1,1,0, 7692
31,7691,2,2,1, 7693
2,7693,2,2,1, 7695
24,7694,1,1,1, 7695
25,7695,2,2,1, 7697
1,7696,1,1,1, 7697
8,7696,1,1,1, 7697
2,7698,2,2,1, 7700
24,7699,1,1,0, 7700
25,7700,2,2,1, 7702
1,7701,1,1,1, 7702
8,7701,1,1,0, 7702
15,7701,2,2,1, 7703
2,7703,2,2,1, 7705
24,7704,1,1,1, 7705
1,7706,1,1,1, 7707
8,7706,1,1,0, 7707
31,7706,2,2,1, 7708
3,7707,3,3,1, 7710
24,7709,1,1,0, 7710
25,7710,2,2,1, 7712
1,7711,1,1,1, 7712
8,7711,1,1,1, 7712
11,7709,4,4,1, 7713
15,7711,2,2,1, 7713
24,7714,1,1,1, 7715
16,7714,2,2,1, 7716
25,7715,2,2,1, 7717
1,7716,1,1,0, 7717
8,7716,1,1,1, 7717
3,7717,3,3,1, 7720
24,7719,1,1,1, 7720
16,7719,2,2,1, 7721
8,7721,1,1,1, 7722
31,7721,2,2,1, 7723
24,7724,1,1,0, 7725
16,7724,2,2,1, 7726
8,7726,1,1,1, 7727
22,7726,4,4,1, 7730
24,7729,1,1,0, 7730
23,7728,3,3,1, 7731
8,7731,1,1,1, 7732
6,7730,2,4,1, 7734
24,7734,1,1,0, 7735
23,7733,3,3,1, 7736
30,7733,3,3,1, 7736
16,7734,2,2,1, 7736
24,7739,1,1,0, 7740
30,7738,3,3,1, 7741
31,7741,2,2,1, 7743
24,7744,1,1,1, 7745
29,7743,4,4,1, 7747
24,7749,1,1,0, 7750
31,7751,2,2,1, 7753
1,7821,1,1,0, 7822
17,7824,3,3,1, 7827
1,7826,1,1,1, 7827
25,7830,2,2,1, 7832
1,7831,1,1,1, 7832
25,7835,2,2,1, 7837
1,7836,1,1,0, 7837
1,7841,1,1,1, 7842
8,7841,1,1,1, 7842
9,7842,2,2,1, 7844
25,7845,2,2,1, 7847
1,7846,1,1,1, 7847
8,7846,1,1,1, 7847
9,7847,2,2,1, 7849
26,7847,3,3,1, 7850
1,7851,1,1,1, 7852
8,7851,1,1,1, 7852
2,7853,2,2,1, 7855
24,7854,1,1,0, 7855
25,7855,2,2,1, 7857
1,7856,1,1,1, 7857
8,7856,1,1,0, 7857
26,7857,3,3,1, 7860
24,7859,1,1,1, 7860
25,7860,2,2,1, 7862
1,7861,1,1,0, 7862
8,7861,1,1,1, 7862
9,7862,2,2,1, 7864
24,7864,1,1,1, 7865
17,7864,3,3,1, 7867
8,7866,1,1,0, 7867
24,7869,1,1,0, 7870
8,7871,1,1,1, 7872
24,7874,1,1,0, 7875
8,7876,1,1,0, 7877
24,7879,1,1,1, 7880
8,7881,1,1,1, 7882
24,7884,1,1,1, 7885
30,7883,3,3,1, 7886
8,7886,1,1,0, 7887
31,7886,2,2,1, 7888
24,7889,1,1,0, 7890
8,7891,1,1,0, 7892
24,7894,1,1,1, 7895
30,7893,3,3,1, 7896
8,7896,1,1,0, 7897
15,7896,2,2,1, 7898
31,7896,2,2,1, 7898
24,7899,1,1,0, 7900
8,7901,1,1,0, 7902
15,7901,2,2,1, 7903
31,7901,2,2,1, 7903
24,7904,1,1,1, 7905
29,7903,4,4,1, 7907
8,7906,1,1,0, 7907
31,7906,2,2,1, 7908
24,7909,1,1,1, 7910
8,7911,1,1,1, 7912
31,7911,2,2,1, 7913
6,7910,2,4,1, 7914
24,7914,1,1,0, 7915
14,7914,3,3,1, 7917
8,7916,1,1,0, 7917
6,7915,2,4,1, 7919
24,7919,1,1,1, 7920
8,7921,1,1,1, 7922
24,7924,1,1,1, 7925
30,7923,3,3,1, 7926
29,7923,4,4,1, 7927
14,7924,3,3,1, 7927
8,7926,1,1,0, 7927
15,7926,2,2,1, 7928
24,7929,1,1,1, 7930
14,7929,3,3,1, 7932
8,7931,1,1,1, 7932
15,7931,2,2,1, 7933
31,7931,2,2,1, 7933
8,7936,1,1,1, 7937
15,7936,2,2,1, 7938
16,7939,2,2,1, 7941
14,7939,3,3,1, 7942
25,7970,2,2,1, 7972
1,7971,1,1,0, 7972
1,7976,1,1,1, 7977
25,7980,2,2,1, 7982
1,7981,1,1,0, 7982
25,7985,2,2,1, 7987
1,7986,1,1,1, 7987
1,7991,1,1,0, 7992
1,7996,1,1,0, 7997
17,7999,3,3,1, 8002
1,8001,1,1,1, 8002
17,8004,3,3,1, 8007
25,8005,2,2,1, 8007
1,8006,1,1,0, 8007
17,8009,3,3,1, 8012
1,8011,1,1,1, 8012
25,8015,2,2,1, 8017
1,8016,1,1,0, 8017
9,8017,2,2,1, 8019
2,8018,2,2,1, 8020
17,8019,3,3,1, 8022
1,8021,1,1,1, 8022
9,8022,2,2,1, 8024
2,8023,2,2,1, 8025
17,8024,3,3,1, 8027
24,8039,1,1,0, 8040
30,8038,3,3,1, 8041
24,8044,1,1,1, 8045
8,8046,1,1,0, 8047
24,8049,1,1,0, 8050
23,8048,3,3,1, 8051
16,8049,2,2,1, 8051
8,8051,1,1,0, 8052
22,8051,4,4,1, 8055
24,8054,1,1,1, 8055
30,8053,3,3,1, 8056
16,8054,2,2,1, 8056
8,8056,1,1,0, 8057
22,8056,4,4,1, 8060
24,8059,1,1,1, 8060
30,8058,3,3,1, 8061
8,8061,1,1,0, 8062
31,8061,2,2,1, 8063
24,8064,1,1,1, 8065
16,8064,2,2,1, 8066
8,8066,1,1,1, 8067
31,8066,2,2,1, 8068
22,8066,4,4,1, 8070
24,8069,1,1,0, 8070
23,8068,3,3,1, 8071
16,8069,2,2,1, 8071
8,8071,1,1,1, 8072
31,8071,2,2,1, 8073
24,8074,1,1,0, 8075
23,8073,3,3,1, 8076
16,8074,2,2,1, 8076
29,8073,4,4,1, 8077
8,8076,1,1,0, 8077
22,8076,4,4,1, 8080
24,8079,1,1,0, 8080
8,8081,1,1,0, 8082
24,8084,1,1,1, 8085
8,8086,1,1,1, 8087
24,8089,1,1,0, 8090
8,8091,1,1,0, 8092
15,8091,2,2,1, 8093
24,8094,1,1,0, 8095
8,8096,1,1,0, 8097
24,8099,1,1,0, 8100
8,8101,1,1,0, 8102
24,8104,1,1,1, 8105
8,8106,1,1,1, 8107
15,8106,2,2,1, 8108
24,8109,1,1,0, 8110
24,8114,1,1,0, 8115
24,8119,1,1,1, 8120
24,8124,1,1,0, 8125
24,8129,1,1,0, 8130
25,8130,2,2,1, 8132
1,8131,1,1,0, 8132
24,8134,1,1,1, 8135
25,8135,2,2,1, 8137
1,8136,1,1,0, 8137
24,8139,1,1,0, 8140
25,8140,2,2,1, 8142
1,8141,1,1,1, 8142
24,8144,1,1,0, 8145
1,8146,1,1,0, 8147
24,8149,1,1,1, 8150
25,8150,2,2,1, 8152
1,8151,1,1,1, 8152
24,8154,1,1,0, 8155
1,8156,1,1,1, 8157
24,8159,1,1,0, 8160
1,8161,1,1,1, 8162
3,8162,3,3,1, 8165
24,8164,1,1,0, 8165
25,8165,2,2,1, 8167
1,8166,1,1,0, 8167
2,8168,2,2,1, 8170
24,8169,1,1,1, 8170
25,8170,2,2,1, 8172
1,8171,1,1,0, 8172
9,8172,2,2,1, 8174
2,8173,2,2,1, 8175
24,8174,1,1,0, 8175
1,8176,1,1,0, 8177
2,8178,2,2,1, 8180
24,8179,1,1,0, 8180
1,8181,1,1,1, 8182
9,8182,2,2,1, 8184
4,8181,4,4,1, 8185
24,8184,1,1,0, 8185
24,8189,1,1,1, 8190
24,8194,1,1,1, 8195
24,8199,1,1,1, 8200
31,8201,2,2,1, 8203
24,8204,1,1,0, 8205
31,8206,2,2,1, 8208
24,8209,1,1,0, 8210
31,8211,2,2,1, 8213
8,8216,1,1,1, 8217
16,8219,2,2,1, 8221
8,8221,1,1,0, 8222
16,8224,2,2,1, 8226
8,8226,1,1,0, 8227
16,8229,2,2,1, 8231
8,8231,1,1,1, 8232
23,8233,3,3,1, 8236
16,8234,2,2,1, 8236
8,8236,1,1,0, 8237
16,8239,2,2,1, 8241
8,8241,1,1,0, 8242
22,8241,4,4,1, 8245
23,8243,3,3,1, 8246
16,8244,2,2,1, 8246
8,8246,1,1,1, 8247
8,8251,1,1,1, 8252
22,8251,4,4,1, 8255
16,8254,2,2,1, 8256
8,8256,1,1,0, 8257
23,8258,3,3,1, 8261
16,8259,2,2,1, 8261
9,8287,2,2,1, 8289
25,8290,2,2,1, 8292
1,8291,1,1,1, 8292
9,8292,2,2,1, 8294
1,8296,1,1,0, 8297
1,8301,1,1,0, 8302
1,8306,1,1,1, 8307
25,8310,2,2,1, 8312
1,8311,1,1,0, 8312
9,8312,2,2,1, 8314
26,8312,3,3,1, 8315
2,8313,2,2,1, 8315
24,8314,1,1,0, 8315
18,8313,4,4,1, 8317
25,8315,2,2,1, 8317
1,8316,1,1,1, 8317
24,8319,1,1,0, 8320
18,8318,4,4,1, 8322
1,8321,1,1,0, 8322
9,8322,2,2,1, 8324
3,8322,3,3,1, 8325
26,8322,3,3,1, 8325
24,8324,1,1,0, 8325
25,8325,2,2,1, 8327
1,8326,1,1,0, 8327
9,8327,2,2,1, 8329
24,8329,1,1,0, 8330
24,8334,1,1,0, 8335
24,8339,1,1,1, 8340
24,8344,1,1,1, 8345
24,8349,1,1,1, 8350
24,8354,1,1,0, 8355
24,8359,1,1,0, 8360
24,8364,1,1,0, 8365
24,8369,1,1,1, 8370
8,8371,1,1,1, 8372
24,8374,1,1,1, 8375
8,8376,1,1,1, 8377
24,8379,1,1,0, 8380
8,8381,1,1,1, 8382
24,8384,1,1,0, 8385
8,8386,1,1,1, 8387
24,8389,1,1,0, 8390
16,8389,2,2,1, 8391
8,8391,1,1,1, 8392
24,8394,1,1,1, 8395
8,8396,1,1,1, 8397
24,8399,1,1,0, 8400
16,8399,2,2,1, 8401
8,8401,1,1,0, 8402
24,8404,1,1,0, 8405
16,8404,2,2,1, 8406
8,8406,1,1,0, 8407
24,8409,1,1,1, 8410
16,8409,2,2,1, 8411
8,8411,1,1,0, 8412
24,8414,1,1,0, 8415
8,8416,1,1,1, 8417
31,8416,2,2,1, 8418
24,8419,1,1,0, 8420
16,8419,2,2,1, 8421
8,8421,1,1,0, 8422
24,8424,1,1,0, 8425
16,8424,2,2,1, 8426
8,8426,1,1,1, 8427
31,8426,2,2,1, 8428
24,8429,1,1,0, 8430
16,8429,2,2,1, 8431
1,8431,1,1,0, 8432
8,8431,1,1,1, 8432
31,8431,2,2,1, 8433
24,8434,1,1,1, 8435
16,8434,2,2,1, 8436
1,8436,1,1,1, 8437
8,8436,1,1,0, 8437
31,8436,2,2,1, 8438
24,8439,1,1,0, 8440
1,8441,1,1,0, 8442
8,8441,1,1,0, 8442
15,8441,2,2,1, 8443
31,8441,2,2,1, 8443
24,8444,1,1,0, 8445
30,8443,3,3,1, 8446
25,8445,2,2,1, 8447
1,8446,1,1,1, 8447
8,8446,1,1,0, 8447
24,8449,1,1,0, 8450
30,8448,3,3,1, 8451
25,8450,2,2,1, 8452
1,8451,1,1,1, 8452
8,8451,1,1,1, 8452
15,8451,2,2,1, 8453
31,8451,2,2,1, 8453
24,8454,1,1,1, 8455
23,8453,3,3,1, 8456
30,8453,3,3,1, 8456
16,8454,2,2,1, 8456
25,8455,2,2,1, 8457
1,8456,1,1,1, 8457
8,8456,1,1,1, 8457
24,8459,1,1,1, 8460
23,8458,3,3,1, 8461
1,8461,1,1,0, 8462
1,8466,1,1,1, 8467
1,8471,1,1,1, 8472
1,8476,1,1,1, 8477
1,8481,1,1,0, 8482
2,8483,2,2,1, 8485
1,8486,1,1,0, 8487
2,8488,2,2,1, 8490
17,8489,3,3,1, 8492
1,8491,1,1,0, 8492
1,8496,1,1,1, 8497
11,8494,4,4,1, 8498
9,8497,2,2,1, 8499
26,8497,3,3,1, 8500
2,8498,2,2,1, 8500
1,8501,1,1,0, 8502
3,8502,3,3,1, 8505
26,8502,3,3,1, 8505
2,8503,2,2,1, 8505
24,8564,1,1,0, 8565
8,8566,1,1,1, 8567
24,8569,1,1,1, 8570
8,8571,1,1,1, 8572
24,8574,1,1,1, 8575
8,8576,1,1,1, 8577
24,8579,1,1,0, 8580
8,8581,1,1,0, 8582
24,8584,1,1,1, 8585
8,8586,1,1,0, 8587
24,8589,1,1,0, 8590
8,8591,1,1,1, 8592
24,8594,1,1,0, 8595
8,8596,1,1,0, 8597
24,8599,1,1,0, 8600
8,8601,1,1,1, 8602
24,8604,1,1,0, 8605
25,8605,2,2,1, 8607
1,8606,1,1,0, 8607
8,8606,1,1,0, 8607
24,8609,1,1,0, 8610
1,8611,1,1,1, 8612
8,8611,1,1,1, 8612
24,8614,1,1,0, 8615
25,8615,2,2,1, 8617
1,8616,1,1,0, 8617
8,8616,1,1,0, 8617
24,8619,1,1,0, 8620
1,8621,1,1,1, 8622
8,8621,1,1,1, 8622
24,8624,1,1,0, 8625
1,8626,1,1,1, 8627
8,8626,1,1,1, 8627
24,8629,1,1,0, 8630
30,8628,3,3,1, 8631
1,8631,1,1,0, 8632
8,8631,1,1,0, 8632
2,8633,2,2,1, 8635
24,8634,1,1,0, 8635
29,8633,4,4,1, 8637
25,8635,2,2,1, 8637
1,8636,1,1,0, 8637
8,8636,1,1,0, 8637
31,8636,2,2,1, 8638
2,8638,2,2,1, 8640
24,8639,1,1,1, 8640
16,8639,2,2,1, 8641
25,8640,2,2,1, 8642
1,8641,1,1,1, 8642
8,8641,1,1,1, 8642
31,8641,2,2,1, 8643
2,8643,2,2,1, 8645
24,8644,1,1,1, 8645
16,8644,2,2,1, 8646
25,8645,2,2,1, 8647
1,8646,1,1,0, 8647
8,8646,1,1,1, 8647
31,8646,2,2,1, 8648
2,8648,2,2,1, 8650
24,8649,1,1,1, 8650
16,8649,2,2,1, 8651
1,8651,1,1,1, 8652
8,8651,1,1,0, 8652
31,8651,2,2,1, 8653
24,8654,1,1,0, 8655
16,8654,2,2,1, 8656
1,8656,1,1,1, 8657
8,8656,1,1,1, 8657
31,8656,2,2,1, 8658
2,8658,2,2,1, 8660
24,8659,1,1,0, 8660
16,8659,2,2,1, 8661
1,8661,1,1,1, 8662
8,8661,1,1,1, 8662
31,8661,2,2,1, 8663
24,8664,1,1,0, 8665
25,8665,2,2,1, 8667
1,8666,1,1,1, 8667
8,8666,1,1,1, 8667
3,8667,3,3,1, 8670
24,8669,1,1,0, 8670
25,8670,2,2,1, 8672
8,8671,1,1,1, 8672
15,8671,2,2,1, 8673
31,8671,2,2,1, 8673
24,8674,1,1,1, 8675
16,8674,2,2,1, 8676
8,8676,1,1,1, 8677
31,8676,2,2,1, 8678
16,8679,2,2,1, 8681
8,8681,1,1,1, 8682
8,8686,1,1,0, 8687
16,8689,2,2,1, 8691
8,8691,1,1,0, 8692
23,8693,3,3,1, 8696
8,8696,1,1,0, 8697
22,8696,4,4,1, 8700
1,8776,1,1,0, 8777
9,8777,2,2,1, 8779
1,8781,1,1,0, 8782
9,8782,2,2,1, 8784
24,8784,1,1,1, 8785
1,8786,1,1,1, 8787
9,8787,2,2,1, 8789
24,8789,1,1,0, 8790
1,8791,1,1,1, 8792
24,8794,1,1,0, 8795
1,8796,1,1,0, 8797
24,8799,1,1,1, 8800
25,8800,2,2,1, 8802
1,8801,1,1,1, 8802
9,8802,2,2,1, 8804
24,8804,1,1,1, 8805
25,8805,2,2,1, 8807
1,8806,1,1,1, 8807
8,8806,1,1,1, 8807
24,8809,1,1,1, 8810
1,8811,1,1,1, 8812
8,8811,1,1,1, 8812
9,8812,2,2,1, 8814
2,8813,2,2,1, 8815
24,8814,1,1,0, 8815
1,8816,1,1,0, 8817
8,8816,1,1,0, 8817
24,8819,1,1,1, 8820
1,8821,1,1,0, 8822
8,8821,1,1,0, 8822
2,8823,2,2,1, 8825
24,8824,1,1,1, 8825
1,8826,1,1,0, 8827
8,8826,1,1,1, 8827
24,8829,1,1,0, 8830
1,8831,1,1,0, 8832
8,8831,1,1,1, 8832
24,8834,1,1,1, 8835
1,8836,1,1,0, 8837
8,8836,1,1,1, 8837
2,8838,2,2,1, 8840
24,8839,1,1,1, 8840
1,8841,1,1,1, 8842
8,8841,1,1,0, 8842
3,8842,3,3,1, 8845
2,8843,2,2,1, 8845
24,8844,1,1,0, 8845
8,8846,1,1,0, 8847
24,8849,1,1,0, 8850
8,8851,1,1,0, 8852
24,8854,1,1,1, 8855
8,8856,1,1,0, 8857
24,8859,1,1,0, 8860
8,8861,1,1,1, 8862
15,8861,2,2,1, 8863
24,8864,1,1,0, 8865
8,8866,1,1,1, 8867
15,8866,2,2,1, 8868
24,8869,1,1,1, 8870
8,8871,1,1,0, 8872
24,8874,1,1,0, 8875
16,8874,2,2,1, 8876
14,8874,3,3,1, 8877
8,8876,1,1,0, 8877
15,8876,2,2,1, 8878
6,8875,2,4,1, 8879
24,8879,1,1,0, 8880
8,8881,1,1,0, 8882
15,8881,2,2,1, 8883
24,8884,1,1,1, 8885
16,8884,2,2,1, 8886
14,8884,3,3,1, 8887
8,8886,1,1,0, 8887
13,8884,4,4,1, 8888
31,8886,2,2,1, 8888
6,8885,2,4,1, 8889
24,8889,1,1,0, 8890
16,8889,2,2,1, 8891
24,8894,1,1,0, 8895
24,8899,1,1,1, 8900
31,8901,2,2,1, 8903
24,8904,1,1,0, 8905
31,8906,2,2,1, 8908
24,8909,1,1,0, 8910
24,8914,1,1,0, 8915
24,8919,1,1,1, 8920
31,8921,2,2,1, 8923
24,8924,1,1,0, 8925
29,8923,4,4,1, 8927
24,8929,1,1,0, 8930
29,8928,4,4,1, 8932
24,8934,1,1,1, 8935
30,8933,3,3,1, 8936
29,8933,4,4,1, 8937
31,8936,2,2,1, 8938
24,8939,1,1,1, 8940
17,8944,3,3,1, 8947
1,8946,1,1,0, 8947
25,8950,2,2,1, 8952
1,8951,1,1,0, 8952
1,8956,1,1,1, 8957
9,8957,2,2,1, 8959
17,8959,3,3,1, 8962
1,8961,1,1,1, 8962
17,8964,3,3,1, 8967
1,8966,1,1,0, 8967
25,8970,2,2,1, 8972
1,8971,1,1,1, 8972
1,8976,1,1,0, 8977
9,8977,2,2,1, 8979
17,8979,3,3,1, 8982
25,8980,2,2,1, 8982
1,8981,1,1,0, 8982
3,8982,3,3,1, 8985
26,8982,3,3,1, 8985
19,8981,5,5,1, 8986
17,8984,3,3,1, 8987
25,8985,2,2,1, 8987
1,8986,1,1,0, 8987
9,8987,2,2,1, 8989
3,8987,3,3,1, 8990
8,8996,1,1,1, 8997
8,9001,1,1,1, 9002
8,9006,1,1,1, 9007
8,9011,1,1,0, 9012
8,9016,1,1,0, 9017
8,9021,1,1,0, 9022
15,9021,2,2,1, 9023
8,9026,1,1,0, 9027
8,9031,1,1,0, 9032
15,9031,2,2,1, 9033
8,9036,1,1,1, 9037
15,9036,2,2,1, 9038
8,9041,1,1,1, 9042
15,9041,2,2,1, 9043
24,9044,1,1,0, 9045
14,9044,3,3,1, 9047
8,9046,1,1,1, 9047
15,9046,2,2,1, 9048
24,9049,1,1,1, 9050
14,9049,3,3,1, 9052
8,9051,1,1,0, 9052
13,9049,4,4,1, 9053
15,9051,2,2,1, 9053
24,9054,1,1,0, 9055
8,9056,1,1,0, 9057
13,9054,4,4,1, 9058
24,9059,1,1,1, 9060
14,9059,3,3,1, 9062
8,9061,1,1,0, 9062
24,9064,1,1,1, 9065
16,9064,2,2,1, 9066
24,9069,1,1,0, 9070
24,9074,1,1,0, 9075
24,9079,1,1,1, 9080
24,9084,1,1,1, 9085
24,9089,1,1,1, 9090
24,9094,1,1,0, 9095
1,9096,1,1,0, 9097
24,9099,1,1,0, 9100
1,9101,1,1,0, 9102
24,9104,1,1,0, 9105
1,9106,1,1,1, 9107
31,9106,2,2,1, 9108
24,9109,1,1,0, 9110
1,9111,1,1,0, 9112
31,9111,2,2,1, 9113
24,9114,1,1,1, 9115
29,9113,4,4,1, 9117
1,9116,1,1,1, 9117
2,9118,2,2,1, 9120
24,9119,1,1,1, 9120
17,9119,3,3,1, 9122
1,9121,1,1,0, 9122
31,9121,2,2,1, 9123
9,9122,2,2,1, 9124
2,9123,2,2,1, 9125
24,9124,1,1,0, 9125
30,9123,3,3,1, 9126
29,9123,4,4,1, 9127
1,9126,1,1,1, 9127
31,9126,2,2,1, 9128
9,9127,2,2,1, 9129
2,9128,2,2,1, 9130
24,9129,1,1,0, 9130
30,9128,3,3,1, 9131
1,9131,1,1,0, 9132
31,9131,2,2,1, 9133
9,9132,2,2,1, 9134
24,9134,1,1,1, 9135
30,9133,3,3,1, 9136
1,9136,1,1,1, 9137
31,9136,2,2,1, 9138
2,9138,2,2,1, 9140
1,9141,1,1,1, 9142
9,9142,2,2,1, 9144
5,9142,3,5,1, 9147
1,9146,1,1,1, 9147
9,9147,2,2,1, 9149
3,9147,3,3,1, 9150
22,9171,4,4,1, 9175
8,9176,1,1,1, 9177
23,9178,3,3,1, 9181
8,9181,1,1,1, 9182
22,9181,4,4,1, 9185
23,9183,3,3,1, 9186
8,9186,1,1,1, 9187
8,9191,1,1,1, 9192
22,9191,4,4,1, 9195
8,9196,1,1,0, 9197
8,9201,1,1,1, 9202
8,9206,1,1,0, 9207
8,9211,1,1,0, 9212
8,9216,1,1,0, 9217
8,9221,1,1,1, 9222
8,9226,1,1,1, 9227
15,9226,2,2,1, 9228
8,9231,1,1,1, 9232
8,9236,1,1,1, 9237
15,9236,2,2,1, 9238
8,9241,1,1,1, 9242
24,9244,1,1,0, 9245
29,9243,4,4,1, 9247
8,9246,1,1,0, 9247
15,9246,2,2,1, 9248
31,9246,2,2,1, 9248
6,9245,2,4,1, 9249
24,9249,1,1,0, 9250
8,9251,1,1,1, 9252
13,9249,4,4,1, 9253
15,9251,2,2,1, 9253
31,9251,2,2,1, 9253
24,9254,1,1,0, 9255
29,9253,4,4,1, 9257
14,9254,3,3,1, 9257
1,9256,1,1,0, 9257
31,9256,2,2,1, 9258
24,9259,1,1,1, 9260
29,9258,4,4,1, 9262
25,9260,2,2,1, 9262
1,9261,1,1,1, 9262
24,9264,1,1,0, 9265
1,9266,1,1,0, 9267
24,9269,1,1,1, 9270
1,9271,1,1,0, 9272
24,9274,1,1,0, 9275
25,9275,2,2,1, 9277
1,9276,1,1,0, 9277
24,9279,1,1,1, 9280
1,9281,1,1,0, 9282
24,9284,1,1,0, 9285
25,9285,2,2,1, 9287
1,9286,1,1,1, 9287
24,9289,1,1,0, 9290
25,9290,2,2,1, 9292
1,9291,1,1,0, 9292
24,9294,1,1,0, 9295
1,9296,1,1,0, 9297
11,9294,4,4,1, 9298
3,9297,3,3,1, 9300
2,9298,2,2,1, 9300
24,9299,1,1,1, 9300
1,9301,1,1,0, 9302
11,9299,4,4,1, 9303
2,9303,2,2,1, 9305
24,9304,1,1,1, 9305
25,9305,2,2,1, 9307
1,9306,1,1,0, 9307
3,9307,3,3,1, 9310
2,9308,2,2,1, 9310
24,9309,1,1,1, 9310
19,9306,5,5,1, 9311
25,9310,2,2,1, 9312
24,9314,1,1,1, 9315
24,9319,1,1,0, 9320
24,9324,1,1,1, 9325
24,9329,1,1,0, 9330
24,9334,1,1,0, 9335
24,9339,1,1,1, 9340
24,9344,1,1,1, 9345
24,9349,1,1,1, 9350
24,9354,1,1,1, 9355
24,9359,1,1,1, 9360
8,9361,1,1,0, 9362
24,9364,1,1,0, 9365
16,9364,2,2,1, 9366
8,9366,1,1,1, 9367
24,9369,1,1,0, 9370
16,9369,2,2,1, 9371
8,9371,1,1,1, 9372
31,9371,2,2,1, 9373
24,9374,1,1,1, 9375
8,9376,1,1,1, 9377
31,9376,2,2,1, 9378
24,9379,1,1,0, 9380
8,9381,1,1,0, 9382
31,9381,2,2,1, 9383
24,9384,1,1,1, 9385
16,9384,2,2,1, 9386
8,9386,1,1,0, 9387
31,9386,2,2,1, 9388
24,9389,1,1,1, 9390
16,9389,2,2,1, 9391
8,9391,1,1,0, 9392
31,9391,2,2,1, 9393
8,9396,1,1,0, 9397
15,9396,2,2,1, 9398
16,9399,2,2,1, 9401
8,9401,1,1,0, 9402
15,9401,2,2,1, 9403
8,9406,1,1,1, 9407
22,9406,4,4,1, 9410
23,9408,3,3,1, 9411
8,9411,1,1,1, 9412
16,9414,2,2,1, 9416
1,9416,1,1,1, 9417
8,9416,1,1,1, 9417
9,9417,2,2,1, 9419
14,9419,3,3,1, 9422
17,9419,3,3,1, 9422
25,9420,2,2,1, 9422
1,9421,1,1,0, 9422
8,9421,1,1,1, 9422
15,9421,2,2,1, 9423
17,9424,3,3,1, 9427
25,9425,2,2,1, 9427
1,9426,1,1,0, 9427
9,9427,2,2,1, 9429
25,9430,2,2,1, 9432
1,9431,1,1,0, 9432
9,9432,2,2,1, 9434
25,9435,2,2,1, 9437
1,9436,1,1,0, 9437
9,9437,2,2,1, 9439
18,9438,4,4,1, 9442
1,9441,1,1,1, 9442
9,9442,2,2,1, 9444
26,9442,3,3,1, 9445
24,9499,1,1,1, 9500
31,9501,2,2,1, 9503
24,9504,1,1,0, 9505
24,9509,1,1,1, 9510
30,9508,3,3,1, 9511
24,9514,1,1,0, 9515
31,9516,2,2,1, 9518
24,9519,1,1,1, 9520
30,9518,3,3,1, 9521
31,9521,2,2,1, 9523
24,9524,1,1,1, 9525
31,9526,2,2,1, 9528
24,9529,1,1,0, 9530
8,9531,1,1,1, 9532
31,9531,2,2,1, 9533
24,9534,1,1,1, 9535
8,9536,1,1,0, 9537
24,9539,1,1,0, 9540
8,9541,1,1,1, 9542
31,9541,2,2,1, 9543
24,9544,1,1,1, 9545
8,9546,1,1,0, 9547
31,9546,2,2,1, 9548
24,9549,1,1,1, 9550
25,9550,2,2,1, 9552
1,9551,1,1,1, 9552
8,9551,1,1,0, 9552
31,9551,2,2,1, 9553
24,9554,1,1,1, 9555
30,9553,3,3,1, 9556
1,9556,1,1,1, 9557
8,9556,1,1,1, 9557
31,9556,2,2,1, 9558
1,9561,1,1,0, 9562
8,9561,1,1,0, 9562
16,9564,2,2,1, 9566
25,9565,2,2,1, 9567
1,9566,1,1,0, 9567
8,9566,1,1,0, 9567
1,9571,1,1,1, 9572
8,9571,1,1,0, 9572
1,9576,1,1,1, 9577
8,9576,1,1,1, 9577
15,9576,2,2,1, 9578
2,9578,2,2,1, 9580
17,9579,3,3,1, 9582
1,9581,1,1,1, 9582
8,9581,1,1,0, 9582
15,9581,2,2,1, 9583
9,9582,2,2,1, 9584
2,9583,2,2,1, 9585
14,9584,3,3,1, 9587
17,9584,3,3,1, 9587
25,9585,2,2,1, 9587
1,9586,1,1,0, 9587
8,9586,1,1,0, 9587
26,9587,3,3,1, 9590
2,9588,2,2,1, 9590
16,9589,2,2,1, 9591
17,9589,3,3,1, 9592
1,9591,1,1,0, 9592
8,9591,1,1,1, 9592
2,9593,2,2,1, 9595
16,9594,2,2,1, 9596
17,9594,3,3,1, 9597
1,9596,1,1,1, 9597
8,9596,1,1,0, 9597
26,9597,3,3,1, 9600
16,9599,2,2,1, 9601
8,9601,1,1,0, 9602
15,9601,2,2,1, 9603
16,9604,2,2,1, 9606
14,9604,3,3,1, 9607
8,9606,1,1,0, 9607
14,9609,3,3,1, 9612
24,9664,1,1,0, 9665
24,9669,1,1,1, 9670
24,9674,1,1,1, 9675
24,9679,1,1,0, 9680
24,9684,1,1,1, 9685
31,9686,2,2,1, 9688
24,9689,1,1,0, 9690
24,9694,1,1,1, 9695
24,9699,1,1,1, 9700
24,9704,1,1,1, 9705
1,9706,1,1,0, 9707
31,9706,2,2,1, 9708
24,9709,1,1,0, 9710
1,9711,1,1,1, 9712
24,9714,1,1,0, 9715
1,9716,1,1,0, 9717
8,9716,1,1,0, 9717
24,9719,1,1,0, 9720
23,9718,3,3,1, 9721
16,9719,2,2,1, 9721
1,9721,1,1,1, 9722
8,9721,1,1,1, 9722
24,9724,1,1,0, 9725
1,9726,1,1,0, 9727
8,9726,1,1,0, 9727
24,9729,1,1,0, 9730
1,9731,1,1,1, 9732
8,9731,1,1,0, 9732
31,9731,2,2,1, 9733
24,9734,1,1,1, 9735
1,9736,1,1,1, 9737
8,9736,1,1,1, 9737
31,9736,2,2,1, 9738
24,9739,1,1,0, 9740
1,9741,1,1,1, 9742
8,9741,1,1,0, 9742
31,9741,2,2,1, 9743
24,9744,1,1,0, 9745
1,9746,1,1,0, 9747
8,9746,1,1,0, 9747
2,9748,2,2,1, 9750
24,9749,1,1,1, 9750
1,9751,1,1,1, 9752
8,9751,1,1,0, 9752
31,9751,2,2,1, 9753
2,9753,2,2,1, 9755
24,9754,1,1,0, 9755
30,9753,3,3,1, 9756
29,9753,4,4,1, 9757
1,9756,1,1,1, 9757
8,9756,1,1,1, 9757
31,9756,2,2,1, 9758
2,9758,2,2,1, 9760
24,9759,1,1,0, 9760
30,9758,3,3,1, 9761
1,9761,1,1,1, 9762
8,9761,1,1,1, 9762
24,9764,1,1,1, 9765
25,9765,2,2,1, 9767
1,9766,1,1,1, 9767
8,9766,1,1,0, 9767
24,9769,1,1,0, 9770
25,9770,2,2,1, 9772
1,9771,1,1,1, 9772
8,9771,1,1,0, 9772
24,9774,1,1,1, 9775
30,9773,3,3,1, 9776
25,9775,2,2,1, 9777
1,9776,1,1,0, 9777
8,9776,1,1,1, 9777
31,9776,2,2,1, 9778
9,9777,2,2,1, 9779
17,9779,3,3,1, 9782
25,9780,2,2,1, 9782
1,9781,1,1,1, 9782
8,9781,1,1,1, 9782
15,9781,2,2,1, 9783
26,9782,3,3,1, 9785
19,9781,5,5,1, 9786
25,9785,2,2,1, 9787
8,9786,1,1,1, 9787
15,9786,2,2,1, 9788
8,9791,1,1,0, 9792
15,9791,2,2,1, 9793
8,9796,1,1,1, 9797
8,9801,1,1,1, 9802
8,9806,1,1,0, 9807
8,9811,1,1,0, 9812
14,9814,3,3,1, 9817
8,9816,1,1,0, 9817
13,9814,4,4,1, 9818
6,9815,2,4,1, 9819
14,9819,3,3,1, 9822
8,9821,1,1,0, 9822
13,9819,4,4,1, 9823
6,9820,2,4,1, 9824
14,9824,3,3,1, 9827
24,9884,1,1,1, 9885
24,9889,1,1,0, 9890
1,9891,1,1,0, 9892
24,9894,1,1,0, 9895
25,9895,2,2,1, 9897
1,9896,1,1,1, 9897
24,9899,1,1,1, 9900
17,9899,3,3,1, 9902
25,9900,2,2,1, 9902
1,9901,1,1,1, 9902
24,9904,1,1,1, 9905
1,9906,1,1,1, 9907
24,9909,1,1,1, 9910
25,9910,2,2,1, 9912
1,9911,1,1,1, 9912
2,9913,2,2,1, 9915
24,9914,1,1,0, 9915
25,9915,2,2,1, 9917
1,9916,1,1,1, 9917
24,9919,1,1,1, 9920
1,9921,1,1,1, 9922
2,9923,2,2,1, 9925
24,9924,1,1,0, 9925
25,9925,2,2,1, 9927
1,9926,1,1,1, 9927
22,9926,4,4,1, 9930
24,9929,1,1,1, 9930
25,9930,2,2,1, 9932
1,9931,1,1,0, 9932
8,9931,1,1,1, 9932
11,9929,4,4,1, 9933
22,9931,4,4,1, 9935
3,9932,3,3,1, 9935
2,9933,2,2,1, 9935
24,9934,1,1,1, 9935
19,9931,5,5,1, 9936
23,9933,3,3,1, 9936
25,9935,2,2,1, 9937
1,9936,1,1,0, 9937
8,9936,1,1,0, 9937
2,9938,2,2,1, 9940
24,9939,1,1,1, 9940
16,9939,2,2,1, 9941
8,9941,1,1,0, 9942
22,9941,4,4,1, 9945
24,9944,1,1,1, 9945
23,9943,3,3,1, 9946
16,9944,2,2,1, 9946
8,9946,1,1,1, 9947
31,9946,2,2,1, 9948
22,9946,4,4,1, 9950
24,9949,1,1,0, 9950
23,9948,3,3,1, 9951
8,9951,1,1,0, 9952
15,9951,2,2,1, 9953
31,9951,2,2,1, 9953
22,9951,4,4,1, 9955
24,9954,1,1,0, 9955
8,9956,1,1,1, 9957
31,9956,2,2,1, 9958
24,9959,1,1,1, 9960
16,9959,2,2,1, 9961
8,9961,1,1,1, 9962
24,9964,1,1,0, 9965
30,9963,3,3,1, 9966
29,9963,4,4,1, 9967
8,9966,1,1,0, 9967
15,9966,2,2,1, 9968
31,9966,2,2,1, 9968
24,9969,1,1,1, 9970
31,9971,2,2,1, 9973
24,9974,1,1,1, 9975
29,9973,4,4,1, 9977
24,9979,1,1,1, 9980
31,9981,2,2,1, 9983
24,9984,1,1,1, 9985
29,9983,4,4,1, 9987
24,9989,1,1,1, 9990
24,9994,1,1,1, 9995
29,9993,4,4,1, 9997
1,10051,1,1,1, 10052
17,10054,3,3,1, 10057
25,10055,2,2,1, 10057
1,10056,1,1,0, 10057
9,10057,2,2,1, 10059
1,10061,1,1,1, 10062
17,10064,3,3,1, 10067
1,10066,1,1,1, 10067
17,10069,3,3,1, 10072
1,10071,1,1,0, 10072
8,10071,1,1,1, 10072
1,10076,1,1,0, 10077
8,10076,1,1,0, 10077
16,10079,2,2,1, 10081
25,10080,2,2,1, 10082
1,10081,1,1,1, 10082
8,10081,1,1,1, 10082
26,10082,3,3,1, 10085
2,10083,2,2,1, 10085
16,10084,2,2,1, 10086
25,10085,2,2,1, 10087
1,10086,1,1,0, 10087
8,10086,1,1,1, 10087
16,10089,2,2,1, 10091
17,10089,3,3,1, 10092
1,10091,1,1,0, 10092
8,10091,1,1,0, 10092
3,10092,3,3,1, 10095
2,10093,2,2,1, 10095
17,10094,3,3,1, 10097
1,10096,1,1,0, 10097
8,10096,1,1,1, 10097
3,10097,3,3,1, 10100
16,10099,2,2,1, 10101
8,10101,1,1,1, 10102
24,10104,1,1,0, 10105
16,10104,2,2,1, 10106
8,10106,1,1,0, 10107
24,10109,1,1,1, 10110
8,10111,1,1,0, 10112
22,10111,4,4,1, 10115
24,10114,1,1,0, 10115
8,10116,1,1,0, 10117
24,10119,1,1,0, 10120
8,10121,1,1,0, 10122
22,10121,4,4,1, 10125
24,10124,1,1,1, 10125
23,10123,3,3,1, 10126
8,10126,1,1,0, 10127
24,10129,1,1,1, 10130
16,10129,2,2,1, 10131
8,10131,1,1,1, 10132
22,10131,4,4,1, 10135
24,10134,1,1,0, 10135
23,10133,3,3,1, 10136
30,10133,3,3,1, 10136
29,10133,4,4,1, 10137
8,10136,1,1,1, 10137
31,10136,2,2,1, 10138
24,10139,1,1,0, 10140
23,10138,3,3,1, 10141
30,10138,3,3,1, 10141
24,10144,1,1,0, 10145
24,10149,1,1,0, 10150
24,10154,1,1,1, 10155
24,10159,1,1,1, 10160
24,10164,1,1,1, 10165
24,10169,1,1,1, 10170
24,10174,1,1,1, 10175
24,10179,1,1,1, 10180
24,10184,1,1,1, 10185
24,10189,1,1,0, 10190
31,10191,2,2,1, 10193
24,10194,1,1,0, 10195
31,10196,2,2,1, 10198
24,10199,1,1,1, 10200
24,10204,1,1,0, 10205
25,10205,2,2,1, 10207
1,10206,1,1,1, 10207
31,10206,2,2,1, 10208
9,10207,2,2,1, 10209
24,10209,1,1,1, 10210
17,10209,3,3,1, 10212
1,10211,1,1,1, 10212
9,10212,2,2,1, 10214
24,10214,1,1,0, 10215
1,10216,1,1,0, 10217
9,10217,2,2,1, 10219
24,10219,1,1,0, 10220
25,10220,2,2,1, 10222
1,10221,1,1,1, 10222
24,10224,1,1,1, 10225
25,10225,2,2,1, 10227
1,10226,1,1,1, 10227
9,10227,2,2,1, 10229
24,10229,1,1,0, 10230
17,10229,3,3,1, 10232
25,10230,2,2,1, 10232
1,10231,1,1,1, 10232
24,10234,1,1,1, 10235
1,10236,1,1,1, 10237
31,10236,2,2,1, 10238
24,10239,1,1,0, 10240
17,10239,3,3,1, 10242
1,10241,1,1,1, 10242
31,10241,2,2,1, 10243
9,10242,2,2,1, 10244
24,10244,1,1,1, 10245
30,10243,3,3,1, 10246
29,10243,4,4,1, 10247
17,10244,3,3,1, 10247
1,10246,1,1,0, 10247
8,10246,1,1,0, 10247
1,10251,1,1,0, 10252
8,10251,1,1,1, 10252
9,10252,2,2,1, 10254
2,10253,2,2,1, 10255
1,10256,1,1,0, 10257
8,10256,1,1,0, 10257
2,10258,2,2,1, 10260
8,10261,1,1,1, 10262
8,10266,1,1,0, 10267
16,10269,2,2,1, 10271
8,10271,1,1,0, 10272
16,10274,2,2,1, 10276
8,10276,1,1,0, 10277
8,10281,1,1,1, 10282
8,10286,1,1,0, 10287
8,10291,1,1,0, 10292
8,10296,1,1,1, 10297
8,10301,1,1,0, 10302
16,10304,2,2,1, 10306
8,10306,1,1,0, 10307
8,10311,1,1,0, 10312
23,10313,3,3,1, 10316
8,10316,1,1,1, 10317
8,10321,1,1,1, 10322
16,10324,2,2,1, 10326
8,10326,1,1,1, 10327
15,10326,2,2,1, 10328
8,10331,1,1,0, 10332
15,10331,2,2,1, 10333
8,10336,1,1,1, 10337
15,10336,2,2,1, 10338
23,10338,3,3,1, 10341
8,10341,1,1,1, 10342
16,10344,2,2,1, 10346
24,10354,1,1,0, 10355
24,10359,1,1,0, 10360
24,10364,1,1,0, 10365
31,10366,2,2,1, 10368
24,10369,1,1,0, 10370
1,10371,1,1,1, 10372
24,10374,1,1,0, 10375
1,10376,1,1,1, 10377
24,10379,1,1,0, 10380
1,10381,1,1,1, 10382
24,10384,1,1,0, 10385
1,10386,1,1,0, 10387
24,10389,1,1,1, 10390
1,10391,1,1,0, 10392
24,10394,1,1,1, 10395
1,10396,1,1,0, 10397
24,10399,1,1,0, 10400
1,10401,1,1,0, 10402
31,10401,2,2,1, 10403
24,10404,1,1,0, 10405
1,10406,1,1,1, 10407
31,10406,2,2,1, 10408
2,10408,2,2,1, 10410
24,10409,1,1,0, 10410
18,10408,4,4,1, 10412
1,10411,1,1,1, 10412
24,10414,1,1,1, 10415
1,10416,1,1,1, 10417
26,10417,3,3,1, 10420
24,10419,1,1,1, 10420
18,10418,4,4,1, 10422
1,10421,1,1,1, 10422
2,10423,2,2,1, 10425
24,10424,1,1,0, 10425
17,10424,3,3,1, 10427
1,10426,1,1,0, 10427
9,10427,2,2,1, 10429
2,10428,2,2,1, 10430
24,10429,1,1,0, 10430
1,10431,1,1,1, 10432
9,10432,2,2,1, 10434
24,10434,1,1,1, 10435
25,10435,2,2,1, 10437
1,10436,1,1,0, 10437
24,10439,1,1,0, 10440
17,10439,3,3,1, 10442
25,10440,2,2,1, 10442
24,10444,1,1,1, 10445
31,10446,2,2,1, 10448
24,10449,1,1,0, 10450
8,10451,1,1,1, 10452
24,10454,1,1,0, 10455
8,10456,1,1,0, 10457
31,10456,2,2,1, 10458
24,10459,1,1,0, 10460
29,10458,4,4,1, 10462
8,10461,1,1,1, 10462
24,10464,1,1,0, 10465
30,10463,3,3,1, 10466
29,10463,4,4,1, 10467
8,10466,1,1,1, 10467
24,10469,1,1,0, 10470
8,10471,1,1,1, 10472
31,10471,2,2,1, 10473
24,10474,1,1,0, 10475
30,10473,3,3,1, 10476
29,10473,4,4,1, 10477
8,10476,1,1,0, 10477
8,10481,1,1,1, 10482
8,10486,1,1,0, 10487
8,10491,1,1,0, 10492
8,10496,1,1,0, 10497
8,10501,1,1,1, 10502
8,10506,1,1,0, 10507
8,10511,1,1,0, 10512
16,10514,2,2,1, 10516
8,10516,1,1,0, 10517
16,10519,2,2,1, 10521
8,10521,1,1,0, 10522
8,10526,1,1,0, 10527
15,10526,2,2,1, 10528
8,10531,1,1,0, 10532
16,10534,2,2,1, 10536
8,10536,1,1,0, 10537
8,10541,1,1,0, 10542
15,10541,2,2,1, 10543
23,10543,3,3,1, 10546
1,10546,1,1,1, 10547
8,10546,1,1,0, 10547
9,10547,2,2,1, 10549
22,10546,4,4,1, 10550
23,10548,3,3,1, 10551
16,10549,2,2,1, 10551
17,10549,3,3,1, 10552
1,10551,1,1,0, 10552
8,10551,1,1,1, 10552
6,10550,2,4,1, 10554
9,10552,2,2,1, 10554
22,10551,4,4,1, 10555
14,10554,3,3,1, 10557
17,10554,3,3,1, 10557
25,10555,2,2,1, 10557
1,10556,1,1,1, 10557
8,10556,1,1,0, 10557
13,10554,4,4,1, 10558
1,10561,1,1,0, 10562
9,10562,2,2,1, 10564
17,10564,3,3,1, 10567
25,10565,2,2,1, 10567
1,10566,1,1,1, 10567
9,10567,2,2,1, 10569
17,10569,3,3,1, 10572
25,10570,2,2,1, 10572
1,10571,1,1,0, 10572
9,10572,2,2,1, 10574
1,10576,1,1,1, 10577
17,10579,3,3,1, 10582
1,10581,1,1,1, 10582
9,10582,2,2,1, 10584
24,10584,1,1,1, 10585
24,10589,1,1,0, 10590
24,10594,1,1,1, 10595
24,10599,1,1,1, 10600
24,10604,1,1,1, 10605
24,10609,1,1,1, 10610
24,10614,1,1,1, 10615
24,10619,1,1,0, 10620
24,10624,1,1,0, 10625
24,10629,1,1,1, 10630
31,10631,2,2,1, 10633
24,10634,1,1,1, 10635
24,10639,1,1,1, 10640
31,10641,2,2,1, 10643
24,10644,1,1,1, 10645
31,10646,2,2,1, 10648
24,10649,1,1,0, 10650
24,10654,1,1,1, 10655
31,10656,2,2,1, 10658
24,10659,1,1,1, 10660
31,10661,2,2,1, 10663
24,10664,1,1,0, 10665
8,10666,1,1,1, 10667
31,10666,2,2,1, 10668
24,10669,1,1,1, 10670
30,10668,3,3,1, 10671
29,10668,4,4,1, 10672
8,10671,1,1,0, 10672
31,10671,2,2,1, 10673
24,10674,1,1,1, 10675
29,10673,4,4,1, 10677
8,10676,1,1,1, 10677
24,10679,1,1,1, 10680
8,10681,1,1,1, 10682
31,10681,2,2,1, 10683
8,10686,1,1,0, 10687
8,10691,1,1,0, 10692
17,10694,3,3,1, 10697
1,10696,1,1,1, 10697
8,10696,1,1,0, 10697
17,10699,3,3,1, 10702
25,10700,2,2,1, 10702
1,10701,1,1,1, 10702
8,10701,1,1,0, 10702
25,10705,2,2,1, 10707
1,10706,1,1,1, 10707
8,10706,1,1,0, 10707
15,10706,2,2,1, 10708
16,10709,2,2,1, 10711
17,10709,3,3,1, 10712
1,10711,1,1,1, 10712
8,10711,1,1,1, 10712
9,10712,2,2,1, 10714
16,10714,2,2,1, 10716
17,10714,3,3,1, 10717
25,10715,2,2,1, 10717
1,10716,1,1,0, 10717
8,10716,1,1,1, 10717
9,10717,2,2,1, 10719
25,10720,2,2,1, 10722
1,10721,1,1,1, 10722
8,10721,1,1,0, 10722
17,10724,3,3,1, 10727
1,10726,1,1,0, 10727
8,10726,1,1,1, 10727
15,10726,2,2,1, 10728
17,10729,3,3,1, 10732
25,10730,2,2,1, 10732
1,10731,1,1,0, 10732
8,10731,1,1,0, 10732
15,10731,2,2,1, 10733
9,10732,2,2,1, 10734
16,10734,2,2,1, 10736
17,10734,3,3,1, 10737
25,10735,2,2,1, 10737
1,10736,1,1,0, 10737
8,10736,1,1,1, 10737
16,10739,2,2,1, 10741
14,10739,3,3,1, 10742
25,10740,2,2,1, 10742
8,10741,1,1,0, 10742
15,10741,2,2,1, 10743
8,10746,1,1,0, 10747
22,10746,4,4,1, 10750
16,10749,2,2,1, 10751
24,10784,1,1,1, 10785
24,10789,1,1,1, 10790
24,10794,1,1,1, 10795
24,10799,1,1,1, 10800
24,10804,1,1,1, 10805
24,10809,1,1,1, 10810
24,10814,1,1,0, 10815
24,10819,1,1,1, 10820
31,10821,2,2,1, 10823
24,10824,1,1,1, 10825
31,10826,2,2,1, 10828
24,10829,1,1,1, 10830
31,10831,2,2,1, 10833
24,10834,1,1,0, 10835
24,10839,1,1,1, 10840
24,10844,1,1,0, 10845
1,10846,1,1,0, 10847
24,10849,1,1,0, 10850
25,10850,2,2,1, 10852
1,10851,1,1,1, 10852
31,10851,2,2,1, 10853
24,10854,1,1,1, 10855
1,10856,1,1,1, 10857
8,10856,1,1,1, 10857
24,10859,1,1,0, 10860
1,10861,1,1,1, 10862
8,10861,1,1,1, 10862
31,10861,2,2,1, 10863
24,10864,1,1,0, 10865
25,10865,2,2,1, 10867
1,10866,1,1,0, 10867
8,10866,1,1,0, 10867
24,10869,1,1,0, 10870
29,10868,4,4,1, 10872
25,10870,2,2,1, 10872
1,10871,1,1,0, 10872
8,10871,1,1,1, 10872
24,10874,1,1,0, 10875
30,10873,3,3,1, 10876
1,10876,1,1,0, 10877
8,10876,1,1,0, 10877
31,10876,2,2,1, 10878
24,10879,1,1,1, 10880
30,10878,3,3,1, 10881
29,10878,4,4,1, 10882
1,10881,1,1,1, 10882
8,10881,1,1,1, 10882
24,10884,1,1,1, 10885
25,10885,2,2,1, 10887
1,10886,1,1,1, 10887
8,10886,1,1,0, 10887
31,10886,2,2,1, 10888
1,10891,1,1,1, 10892
8,10891,1,1,0, 10892
16,10894,2,2,1, 10896
25,10895,2,2,1, 10897
1,10896,1,1,1, 10897
8,10896,1,1,0, 10897
16,10899,2,2,1, 10901
1,10901,1,1,0, 10902
8,10901,1,1,1, 10902
25,10905,2,2,1, 10907
1,10906,1,1,1, 10907
8,10906,1,1,0, 10907
18,10908,4,4,1, 10912
25,10910,2,2,1, 10912
1,10911,1,1,1, 10912
8,10911,1,1,1, 10912
15,10911,2,2,1, 10913
2,10913,2,2,1, 10915
16,10914,2,2,1, 10916
18,10913,4,4,1, 10917
25,10915,2,2,1, 10917
1,10916,1,1,0, 10917
8,10916,1,1,0, 10917
15,10916,2,2,1, 10918
2,10918,2,2,1, 10920
1,10921,1,1,1, 10922
8,10921,1,1,0, 10922
15,10921,2,2,1, 10923
17,10924,3,3,1, 10927
8,10926,1,1,0, 10927
14,10929,3,3,1, 10932
8,10931,1,1,0, 10932
13,10929,4,4,1, 10933
15,10931,2,2,1, 10933
16,10934,2,2,1, 10936
14,10934,3,3,1, 10937
24,10994,1,1,0, 10995
24,10999,1,1,1, 11000
24,11004,1,1,1, 11005
24,11009,1,1,1, 11010
24,11014,1,1,1, 11015
24,11019,1,1,0, 11020
24,11024,1,1,0, 11025
24,11029,1,1,1, 11030
24,11034,1,1,0, 11035
25,11035,2,2,1, 11037
1,11036,1,1,1, 11037
9,11037,2,2,1, 11039
24,11039,1,1,1, 11040
23,11038,3,3,1, 11041
16,11039,2,2,1, 11041
25,11040,2,2,1, 11042
1,11041,1,1,0, 11042
8,11041,1,1,0, 11042
24,11044,1,1,1, 11045
1,11046,1,1,0, 11047
8,11046,1,1,0, 11047
24,11049,1,1,1, 11050
25,11050,2,2,1, 11052
1,11051,1,1,0, 11052
8,11051,1,1,1, 11052
9,11052,2,2,1, 11054
24,11054,1,1,0, 11055
1,11056,1,1,1, 11057
8,11056,1,1,1, 11057
9,11057,2,2,1, 11059
24,11059,1,1,1, 11060
1,11061,1,1,1, 11062
8,11061,1,1,1, 11062
9,11062,2,2,1, 11064
24,11064,1,1,1, 11065
25,11065,2,2,1, 11067
1,11066,1,1,0, 11067
8,11066,1,1,1, 11067
24,11069,1,1,1, 11070
25,11070,2,2,1, 11072
1,11071,1,1,0, 11072
8,11071,1,1,1, 11072
24,11074,1,1,1, 11075
1,11076,1,1,0, 11077
8,11076,1,1,0, 11077
31,11076,2,2,1, 11078
24,11079,1,1,0, 11080
25,11080,2,2,1, 11082
1,11081,1,1,1, 11082
8,11081,1,1,0, 11082
15,11081,2,2,1, 11083
24,11084,1,1,1, 11085
17,11084,3,3,1, 11087
1,11086,1,1,1, 11087
8,11086,1,1,0, 11087
15,11086,2,2,1, 11088
31,11086,2,2,1, 11088
9,11087,2,2,1, 11089
24,11089,1,1,0, 11090
30,11088,3,3,1, 11091
29,11088,4,4,1, 11092
17,11089,3,3,1, 11092
1,11091,1,1,1, 11092
8,11091,1,1,1, 11092
31,11091,2,2,1, 11093
24,11094,1,1,0, 11095
14,11094,3,3,1, 11097
1,11096,1,1,0, 11097
8,11096,1,1,0, 11097
13,11094,4,4,1, 11098
6,11095,2,4,1, 11099
24,11099,1,1,0, 11100
30,11098,3,3,1, 11101
29,11098,4,4,1, 11102
14,11099,3,3,1, 11102
25,11100,2,2,1, 11102
8,11101,1,1,1, 11102
13,11099,4,4,1, 11103
15,11101,2,2,1, 11103
24,11104,1,1,1, 11105
14,11104,3,3,1, 11107
8,11106,1,1,0, 11107
13,11104,4,4,1, 11108
24,11109,1,1,1, 11110
14,11109,3,3,1, 11112
31,11111,2,2,1, 11113
24,11114,1,1,1, 11115
24,11119,1,1,0, 11120
30,11118,3,3,1, 11121
24,11124,1,1,0, 11125
31,11126,2,2,1, 11128
24,11129,1,1,1, 11130
24,11134,1,1,0, 11135
24,11139,1,1,0, 11140
30,11138,3,3,1, 11141
24,11144,1,1,0, 11145
31,11146,2,2,1, 11148
1,11206,1,1,0, 11207
25,11210,2,2,1, 11212
1,11211,1,1,1, 11212
9,11212,2,2,1, 11214
25,11215,2,2,1, 11217
1,11216,1,1,0, 11217
8,11216,1,1,0, 11217
16,11219,2,2,1, 11221
17,11219,3,3,1, 11222
25,11220,2,2,1, 11222
1,11221,1,1,0, 11222
8,11221,1,1,0, 11222
1,11226,1,1,0, 11227
8,11226,1,1,1, 11227
9,11227,2,2,1, 11229
16,11229,2,2,1, 11231
17,11229,3,3,1, 11232
25,11230,2,2,1, 11232
1,11231,1,1,1, 11232
8,11231,1,1,0, 11232
15,11231,2,2,1, 11233
9,11232,2,2,1, 11234
16,11234,2,2,1, 11236
1,11236,1,1,0, 11237
8,11236,1,1,1, 11237
16,11239,2,2,1, 11241
1,11241,1,1,1, 11242
8,11241,1,1,0, 11242
15,11241,2,2,1, 11243
1,11246,1,1,0, 11247
8,11246,1,1,0, 11247
15,11246,2,2,1, 11248
9,11247,2,2,1, 11249
16,11249,2,2,1, 11251
17,11249,3,3,1, 11252
1,11251,1,1,1, 11252
8,11251,1,1,1, 11252
9,11252,2,2,1, 11254
24,11254,1,1,0, 11255
16,11254,2,2,1, 11256
17,11254,3,3,1, 11257
8,11256,1,1,1, 11257
15,11256,2,2,1, 11258
24,11259,1,1,1, 11260
8,11261,1,1,1, 11262
24,11264,1,1,0, 11265
23,11263,3,3,1, 11266
8,11266,1,1,0, 11267
15,11266,2,2,1, 11268
24,11269,1,1,0, 11270
24,11274,1,1,1, 11275
24,11279,1,1,0, 11280
24,11284,1,1,0, 11285
24,11289,1,1,0, 11290
24,11294,1,1,0, 11295
24,11299,1,1,0, 11300
24,11304,1,1,1, 11305
24,11309,1,1,1, 11310
31,11311,2,2,1, 11313
24,11314,1,1,0, 11315
31,11316,2,2,1, 11318
24,11319,1,1,1, 11320
31,11321,2,2,1, 11323
24,11324,1,1,1, 11325
31,11326,2,2,1, 11328
24,11329,1,1,0, 11330
31,11331,2,2,1, 11333
24,11334,1,1,1, 11335
31,11336,2,2,1, 11338
24,11339,1,1,0, 11340
24,11344,1,1,1, 11345
31,11346,2,2,1, 11348
24,11349,1,1,0, 11350
31,11351,2,2,1, 11353
24,11354,1,1,0, 11355
24,11359,1,1,0, 11360
25,11360,2,2,1, 11362
1,11361,1,1,1, 11362
31,11361,2,2,1, 11363
24,11364,1,1,1, 11365
25,11365,2,2,1, 11367
1,11366,1,1,0, 11367
24,11369,1,1,1, 11370
1,11371,1,1,0, 11372
31,11371,2,2,1, 11373
24,11374,1,1,0, 11375
1,11376,1,1,0, 11377
8,11376,1,1,0, 11377
24,11379,1,1,1, 11380
25,11380,2,2,1, 11382
1,11381,1,1,1, 11382
8,11381,1,1,0, 11382
31,11381,2,2,1, 11383
1,11386,1,1,1, 11387
8,11386,1,1,1, 11387
25,11390,2,2,1, 11392
1,11391,1,1,0, 11392
8,11391,1,1,0, 11392
1,11396,1,1,1, 11397
8,11396,1,1,1, 11397
1,11401,1,1,0, 11402
8,11401,1,1,1, 11402
1,11406,1,1,1, 11407
8,11406,1,1,0, 11407
1,11411,1,1,1, 11412
8,11411,1,1,0, 11412
25,11415,2,2,1, 11417
1,11416,1,1,0, 11417
8,11416,1,1,1, 11417
25,11420,2,2,1, 11422
1,11421,1,1,0, 11422
8,11421,1,1,0, 11422
1,11426,1,1,1, 11427
8,11426,1,1,0, 11427
9,11427,2,2,1, 11429
25,11430,2,2,1, 11432
1,11431,1,1,1, 11432
8,11431,1,1,0, 11432
9,11432,2,2,1, 11434
16,11434,2,2,1, 11436
17,11434,3,3,1, 11437
1,11436,1,1,0, 11437
8,11436,1,1,0, 11437
9,11437,2,2,1, 11439
17,11439,3,3,1, 11442
25,11440,2,2,1, 11442
1,11441,1,1,0, 11442
8,11441,1,1,1, 11442
9,11442,2,2,1, 11444
8,11446,1,1,1, 11447
15,11446,2,2,1, 11448
16,11449,2,2,1, 11451
8,11451,1,1,0, 11452
15,11451,2,2,1, 11453
16,11454,2,2,1, 11456
8,11456,1,1,0, 11457
8,11461,1,1,1, 11462
8,11466,1,1,1, 11467
8,11471,1,1,1, 11472
15,11471,2,2,1, 11473
8,11476,1,1,0, 11477
15,11476,2,2,1, 11478
8,11481,1,1,0, 11482
16,11484,2,2,1, 11486
8,11486,1,1,0, 11487
15,11486,2,2,1, 11488
22,11486,4,4,1, 11490
24,11489,1,1,0, 11490
8,11491,1,1,1, 11492
24,11494,1,1,1, 11495
16,11494,2,2,1, 11496
24,11499,1,1,0, 11500
24,11504,1,1,1, 11505
24,11509,1,1,0, 11510
24,11514,1,1,1, 11515
24,11519,1,1,0, 11520
24,11524,1,1,0, 11525
24,11529,1,1,0, 11530
24,11534,1,1,1, 11535
24,11539,1,1,0, 11540
24,11544,1,1,0, 11545
1,11546,1,1,1, 11547
24,11549,1,1,1, 11550
1,11551,1,1,0, 11552
31,11551,2,2,1, 11553
24,11554,1,1,0, 11555
1,11556,1,1,1, 11557
24,11559,1,1,0, 11560
1,11561,1,1,1, 11562
31,11561,2,2,1, 11563
24,11564,1,1,0, 11565
25,11565,2,2,1, 11567
1,11566,1,1,0, 11567
31,11566,2,2,1, 11568
24,11569,1,1,1, 11570
30,11568,3,3,1, 11571
29,11568,4,4,1, 11572
1,11571,1,1,0, 11572
31,11571,2,2,1, 11573
24,11574,1,1,0, 11575
30,11573,3,3,1, 11576
29,11573,4,4,1, 11577
1,11576,1,1,0, 11577
31,11576,2,2,1, 11578
24,11579,1,1,1, 11580
30,11578,3,3,1, 11581
25,11580,2,2,1, 11582
1,11581,1,1,0, 11582
31,11581,2,2,1, 11583
25,11585,2,2,1, 11587
1,11586,1,1,1, 11587
1,11591,1,1,1, 11592
1,11596,1,1,0, 11597
1,11601,1,1,0, 11602
1,11606,1,1,1, 11607
8,11606,1,1,1, 11607
25,11610,2,2,1, 11612
1,11611,1,1,1, 11612
8,11611,1,1,1, 11612
25,11615,2,2,1, 11617
1,11616,1,1,0, 11617
8,11616,1,1,1, 11617
2,11618,2,2,1, 11620
25,11620,2,2,1, 11622
1,11621,1,1,0, 11622
8,11621,1,1,1, 11622
9,11622,2,2,1, 11624
25,11625,2,2,1, 11627
1,11626,1,1,0, 11627
8,11626,1,1,0, 11627
9,11627,2,2,1, 11629
1,11631,1,1,0, 11632
8,11631,1,1,1, 11632
2,11633,2,2,1, 11635
1,11636,1,1,0, 11637
8,11636,1,1,0, 11637
26,11637,3,3,1, 11640
8,11641,1,1,0, 11642
15,11641,2,2,1, 11643
8,11646,1,1,1, 11647
15,11646,2,2,1, 11648
8,11651,1,1,1, 11652
15,11651,2,2,1, 11653
16,11654,2,2,1, 11656
8,11656,1,1,1, 11657
8,11661,1,1,1, 11662
15,11661,2,2,1, 11663
22,11661,4,4,1, 11665
8,11666,1,1,0, 11667
6,11665,2,4,1, 11669
14,11669,3,3,1, 11672
8,11671,1,1,0, 11672
15,11671,2,2,1, 11673
14,11674,3,3,1, 11677
8,11676,1,1,0, 11677
16,11679,2,2,1, 11681
8,11681,1,1,1, 11682
13,11679,4,4,1, 11683
15,11681,2,2,1, 11683
24,11689,1,1,0, 11690
24,11694,1,1,1, 11695
24,11699,1,1,1, 11700
24,11704,1,1,1, 11705
24,11709,1,1,1, 11710
24,11714,1,1,1, 11715
24,11719,1,1,1, 11720
24,11724,1,1,1, 11725
24,11729,1,1,0, 11730
24,11734,1,1,1, 11735
24,11739,1,1,1, 11740
30,11738,3,3,1, 11741
9,11742,2,2,1, 11744
24,11744,1,1,1, 11745
29,11743,4,4,1, 11747
1,11746,1,1,1, 11747
9,11747,2,2,1, 11749
24,11749,1,1,1, 11750
17,11749,3,3,1, 11752
25,11750,2,2,1, 11752
1,11751,1,1,0, 11752
31,11751,2,2,1, 11753
24,11754,1,1,1, 11755
1,11756,1,1,1, 11757
31,11756,2,2,1, 11758
24,11759,1,1,0, 11760
1,11761,1,1,1, 11762
31,11761,2,2,1, 11763
24,11764,1,1,1, 11765
1,11766,1,1,1, 11767
31,11766,2,2,1, 11768
24,11769,1,1,0, 11770
1,11771,1,1,0, 11772
31,11771,2,2,1, 11773
24,11774,1,1,1, 11775
25,11775,2,2,1, 11777
1,11776,1,1,0, 11777
31,11776,2,2,1, 11778
24,11779,1,1,1, 11780
25,11780,2,2,1, 11782
1,11781,1,1,1, 11782
31,11781,2,2,1, 11783
24,11784,1,1,0, 11785
1,11786,1,1,0, 11787
26,11787,3,3,1, 11790
24,11789,1,1,1, 11790
16,11789,2,2,1, 11791
1,11791,1,1,0, 11792
8,11791,1,1,0, 11792
31,11791,2,2,1, 11793
22,11791,4,4,1, 11795
2,11793,2,2,1, 11795
18,11793,4,4,1, 11797
1,11796,1,1,1, 11797
8,11796,1,1,0, 11797
22,11796,4,4,1, 11800
23,11798,3,3,1, 11801
16,11799,2,2,1, 11801
18,11798,4,4,1, 11802
25,11800,2,2,1, 11802
1,11801,1,1,1, 11802
8,11801,1,1,1, 11802
22,11801,4,4,1, 11805
26,11802,3,3,1, 11805
2,11803,2,2,1, 11805
23,11803,3,3,1, 11806
1,11806,1,1,0, 11807
8,11806,1,1,1, 11807
26,11807,3,3,1, 11810
8,11811,1,1,1, 11812
8,11816,1,1,1, 11817
8,11821,1,1,0, 11822
15,11821,2,2,1, 11823
8,11826,1,1,1, 11827
15,11826,2,2,1, 11828
8,11831,1,1,0, 11832
15,11831,2,2,1, 11833
8,11836,1,1,1, 11837
6,11835,2,4,1, 11839
14,11839,3,3,1, 11842
8,11841,1,1,0, 11842
14,11844,3,3,1, 11847
24,11899,1,1,0, 11900
24,11904,1,1,0, 11905
24,11909,1,1,0, 11910
25,11910,2,2,1, 11912
1,11911,1,1,1, 11912
9,11912,2,2,1, 11914
24,11914,1,1,1, 11915
17,11914,3,3,1, 11917
1,11916,1,1,0, 11917
24,11919,1,1,0, 11920
17,11919,3,3,1, 11922
25,11920,2,2,1, 11922
1,11921,1,1,0, 11922
9,11922,2,2,1, 11924
24,11924,1,1,0, 11925
25,11925,2,2,1, 11927
1,11926,1,1,1, 11927
9,11927,2,2,1, 11929
24,11929,1,1,0, 11930
17,11929,3,3,1, 11932
1,11931,1,1,0, 11932
24,11934,1,1,1, 11935
17,11934,3,3,1, 11937
25,11935,2,2,1, 11937
1,11936,1,1,1, 11937
9,11937,2,2,1, 11939
2,11938,2,2,1, 11940
24,11939,1,1,1, 11940
1,11941,1,1,1, 11942
26,11942,3,3,1, 11945
24,11944,1,1,1, 11945
24,11949,1,1,0, 11950
8,11951,1,1,0, 11952
22,11951,4,4,1, 11955
24,11954,1,1,1, 11955
23,11953,3,3,1, 11956
16,11954,2,2,1, 11956
8,11956,1,1,1, 11957
22,11956,4,4,1, 11960
24,11959,1,1,1, 11960
23,11958,3,3,1, 11961
8,11961,1,1,0, 11962
22,11961,4,4,1, 11965
24,11964,1,1,1, 11965
8,11966,1,1,0, 11967
22,11966,4,4,1, 11970
24,11969,1,1,0, 11970
23,11968,3,3,1, 11971
8,11971,1,1,0, 11972
24,11974,1,1,1, 11975
16,11974,2,2,1, 11976
8,11976,1,1,0, 11977
22,11976,4,4,1, 11980
24,11979,1,1,0, 11980
23,11978,3,3,1, 11981
16,11979,2,2,1, 11981
8,11981,1,1,1, 11982
22,11981,4,4,1, 11985
24,11984,1,1,1, 11985
16,11984,2,2,1, 11986
8,11986,1,1,1, 11987
22,11986,4,4,1, 11990
24,11989,1,1,0, 11990
24,11994,1,1,0, 11995
24,11999,1,1,0, 12000
24,12004,1,1,1, 12005
24,12009,1,1,1, 12010
24,12014,1,1,1, 12015
31,12016,2,2,1, 12018
24,12019,1,1,0, 12020
24,12024,1,1,0, 12025
31,12026,2,2,1, 12028
24,12029,1,1,0, 12030
24,12034,1,1,0, 12035
24,12039,1,1,1, 12040
31,12041,2,2,1, 12043
24,12044,1,1,0, 12045
24,12049,1,1,0, 12050
31,12051,2,2,1, 12053
24,12054,1,1,0, 12055
17,12054,3,3,1, 12057
1,12056,1,1,0, 12057
31,12056,2,2,1, 12058
9,12057,2,2,1, 12059
24,12059,1,1,0, 12060
1,12061,1,1,1, 12062
31,12061,2,2,1, 12063
9,12062,2,2,1, 12064
24,12064,1,1,1, 12065
30,12063,3,3,1, 12066
29,12063,4,4,1, 12067
1,12066,1,1,0, 12067
31,12066,2,2,1, 12068
9,12067,2,2,1, 12069
24,12069,1,1,1, 12070
1,12071,1,1,1, 12072
31,12071,2,2,1, 12073
24,12074,1,1,0, 12075
30,12073,3,3,1, 12076
1,12076,1,1,0, 12077
1,12081,1,1,0, 12082
9,12082,2,2,1, 12084
1,12086,1,1,0, 12087
1,12091,1,1,0, 12092
2,12093,2,2,1, 12095
1,12096,1,1,0, 12097
8,12096,1,1,0, 12097
9,12097,2,2,1, 12099
1,12101,1,1,1, 12102
8,12101,1,1,1, 12102
9,12102,2,2,1, 12104
2,12103,2,2,1, 12105
1,12106,1,1,1, 12107
8,12106,1,1,0, 12107
11,12104,4,4,1, 12108
9,12107,2,2,1, 12109
3,12107,3,3,1, 12110
8,12111,1,1,1, 12112
8,12116,1,1,1, 12117
8,12121,1,1,0, 12122
16,12124,2,2,1, 12126
8,12126,1,1,1, 12127
16,12129,2,2,1, 12131
8,12131,1,1,1, 12132
16,12134,2,2,1, 12136
8,12136,1,1,1, 12137
16,12139,2,2,1, 12141
8,12141,1,1,1, 12142
22,12141,4,4,1, 12145
8,12146,1,1,0, 12147
22,12146,4,4,1, 12150
23,12148,3,3,1, 12151
8,12151,1,1,0, 12152
16,12154,2,2,1, 12156
8,12156,1,1,0, 12157
16,12159,2,2,1, 12161
8,12161,1,1,1, 12162
22,12161,4,4,1, 12165
23,12163,3,3,1, 12166
8,12166,1,1,0, 12167
23,12168,3,3,1, 12171
16,12169,2,2,1, 12171
24,12184,1,1,1, 12185
24,12189,1,1,0, 12190
24,12194,1,1,0, 12195
24,12199,1,1,1, 12200
24,12204,1,1,0, 12205
24,12209,1,1,1, 12210
31,12211,2,2,1, 12213
9,12212,2,2,1, 12214
24,12214,1,1,0, 12215
1,12216,1,1,1, 12217
31,12216,2,2,1, 12218
24,12219,1,1,0, 12220
1,12221,1,1,0, 12222
31,12221,2,2,1, 12223
24,12224,1,1,1, 12225
17,12224,3,3,1, 12227
25,12225,2,2,1, 12227
1,12226,1,1,0, 12227
24,12229,1,1,0, 12230
25,12230,2,2,1, 12232
1,12231,1,1,0, 12232
9,12232,2,2,1, 12234
24,12234,1,1,1, 12235
17,12234,3,3,1, 12237
1,12236,1,1,1, 12237
9,12237,2,2,1, 12239
2,12238,2,2,1, 12240
24,12239,1,1,0, 12240
17,12239,3,3,1, 12242
1,12241,1,1,1, 12242
31,12241,2,2,1, 12243
26,12242,3,3,1, 12245
2,12243,2,2,1, 12245
24,12244,1,1,1, 12245
1,12246,1,1,1, 12247
2,12248,2,2,1, 12250
24,12249,1,1,1, 12250
1,12251,1,1,0, 12252
2,12253,2,2,1, 12255
24,12254,1,1,1, 12255
25,12255,2,2,1, 12257
31,12256,2,2,1, 12258
24,12259,1,1,0, 12260
24,12264,1,1,1, 12265
24,12269,1,1,1, 12270
24,12274,1,1,0, 12275
24,12279,1,1,0, 12280
8,12281,1,1,0, 12282
24,12284,1,1,0, 12285
30,12283,3,3,1, 12286
8,12286,1,1,0, 12287
31,12286,2,2,1, 12288
24,12289,1,1,1, 12290
8,12291,1,1,1, 12292
24,12294,1,1,0, 12295
30,12293,3,3,1, 12296
29,12293,4,4,1, 12297
8,12296,1,1,1, 12297
24,12299,1,1,0, 12300
8,12301,1,1,1, 12302
31,12301,2,2,1, 12303
24,12304,1,1,1, 12305
30,12303,3,3,1, 12306
8,12306,1,1,1, 12307
8,12311,1,1,0, 12312
16,12314,2,2,1, 12316
8,12316,1,1,1, 12317
23,12318,3,3,1, 12321
16,12319,2,2,1, 12321
8,12321,1,1,1, 12322
16,12324,2,2,1, 12326
8,12326,1,1,0, 12327
23,12328,3,3,1, 12331
8,12331,1,1,1, 12332
22,12331,4,4,1, 12335
23,12333,3,3,1, 12336
16,12334,2,2,1, 12336
8,12336,1,1,1, 12337
22,12336,4,4,1, 12340
16,12339,2,2,1, 12341
8,12341,1,1,0, 12342
8,12346,1,1,0, 12347
16,12349,2,2,1, 12351
8,12351,1,1,0, 12352
8,12356,1,1,1, 12357
16,12359,2,2,1, 12361
25,12360,2,2,1, 12362
1,12361,1,1,1, 12362
9,12362,2,2,1, 12364
17,12364,3,3,1, 12367
25,12365,2,2,1, 12367
1,12366,1,1,1, 12367
17,12369,3,3,1, 12372
25,12370,2,2,1, 12372
1,12371,1,1,0, 12372
9,12372,2,2,1, 12374
1,12376,1,1,0, 12377
9,12377,2,2,1, 12379
1,12381,1,1,1, 12382
1,12386,1,1,0, 12387
9,12387,2,2,1, 12389
17,12389,3,3,1, 12392
1,12391,1,1,0, 12392
17,12394,3,3,1, 12397
25,12395,2,2,1, 12397
1,12396,1,1,0, 12397
9,12397,2,2,1, 12399
2,12398,2,2,1, 12400
24,12414,1,1,1, 12415
24,12419,1,1,0, 12420
24,12424,1,1,0, 12425
24,12429,1,1,1, 12430
31,12431,2,2,1, 12433
24,12434,1,1,0, 12435
31,12436,2,2,1, 12438
24,12439,1,1,0, 12440
31,12441,2,2,1, 12443
24,12444,1,1,0, 12445
24,12449,1,1,0, 12450
24,12454,1,1,1, 12455
31,12456,2,2,1, 12458
24,12459,1,1,1, 12460
24,12464,1,1,0, 12465
8,12466,1,1,1, 12467
13,12464,4,4,1, 12468
24,12469,1,1,1, 12470
8,12471,1,1,0, 12472
15,12471,2,2,1, 12473
31,12471,2,2,1, 12473
24,12474,1,1,0, 12475
23,12473,3,3,1, 12476
8,12476,1,1,0, 12477
31,12476,2,2,1, 12478
24,12479,1,1,0, 12480
23,12478,3,3,1, 12481
8,12481,1,1,1, 12482
13,12479,4,4,1, 12483
24,12484,1,1,0, 12485
8,12486,1,1,0, 12487
31,12486,2,2,1, 12488
24,12489,1,1,0, 12490
30,12488,3,3,1, 12491
8,12491,1,1,1, 12492
24,12494,1,1,0, 12495
8,12496,1,1,0, 12497
31,12496,2,2,1, 12498
24,12499,1,1,1, 12500
30,12498,3,3,1, 12501
8,12501,1,1,0, 12502
24,12504,1,1,1, 12505
30,12503,3,3,1, 12506
25,12505,2,2,1, 12507
1,12506,1,1,0, 12507
8,12506,1,1,1, 12507
25,12510,2,2,1, 12512
1,12511,1,1,0, 12512
8,12511,1,1,0, 12512
1,12516,1,1,1, 12517
8,12516,1,1,1, 12517
25,12520,2,2,1, 12522
1,12521,1,1,0, 12522
8,12521,1,1,0, 12522
1,12526,1,1,0, 12527
8,12526,1,1,1, 12527
25,12530,2,2,1, 12532
1,12531,1,1,0, 12532
8,12531,1,1,1, 12532
1,12536,1,1,1, 12537
8,12536,1,1,1, 12537
25,12540,2,2,1, 12542
1,12541,1,1,1, 12542
8,12541,1,1,0, 12542
1,12546,1,1,1, 12547
8,12546,1,1,0, 12547
18,12548,4,4,1, 12552
1,12551,1,1,0, 12552
8,12551,1,1,1, 12552
1,12556,1,1,1, 12557
8,12556,1,1,0, 12557
1,12561,1,1,0, 12562
8,12561,1,1,0, 12562
2,12563,2,2,1, 12565
1,12566,1,1,1, 12567
8,12566,1,1,1, 12567
2,12568,2,2,1, 12570
1,12571,1,1,1, 12572
8,12571,1,1,1, 12572
2,12573,2,2,1, 12575
1,12576,1,1,0, 12577
8,12576,1,1,0, 12577
2,12578,2,2,1, 12580
1,12581,1,1,0, 12582
8,12581,1,1,1, 12582
16,12584,2,2,1, 12586
1,12586,1,1,0, 12587
8,12586,1,1,1, 12587
15,12586,2,2,1, 12588
9,12587,2,2,1, 12589
3,12587,3,3,1, 12590
1,12591,1,1,0, 12592
8,12591,1,1,0, 12592
11,12589,4,4,1, 12593
3,12592,3,3,1, 12595
8,12596,1,1,0, 12597
15,12596,2,2,1, 12598
16,12599,2,2,1, 12601
8,12601,1,1,0, 12602
8,12606,1,1,0, 12607
8,12611,1,1,1, 12612
13,12609,4,4,1, 12613
24,12614,1,1,1, 12615
16,12614,2,2,1, 12616
24,12619,1,1,0, 12620
24,12624,1,1,1, 12625
24,12629,1,1,1, 12630
24,12634,1,1,0, 12635
24,12639,1,1,0, 12640
24,12644,1,1,0, 12645
31,12646,2,2,1, 12648
24,12649,1,1,1, 12650
31,12651,2,2,1, 12653
24,12654,1,1,1, 12655
31,12656,2,2,1, 12658
24,12659,1,1,1, 12660
31,12661,2,2,1, 12663
24,12664,1,1,0, 12665
24,12669,1,1,0, 12670
24,12674,1,1,0, 12675
24,12679,1,1,0, 12680
24,12684,1,1,1, 12685
24,12689,1,1,0, 12690
31,12691,2,2,1, 12693
24,12694,1,1,0, 12695
31,12696,2,2,1, 12698
24,12699,1,1,0, 12700
25,12700,2,2,1, 12702
1,12701,1,1,1, 12702
24,12704,1,1,0, 12705
30,12703,3,3,1, 12706
29,12703,4,4,1, 12707
1,12706,1,1,0, 12707
31,12706,2,2,1, 12708
24,12709,1,1,0, 12710
30,12708,3,3,1, 12711
29,12708,4,4,1, 12712
1,12711,1,1,0, 12712
24,12714,1,1,1, 12715
30,12713,3,3,1, 12716
1,12716,1,1,1, 12717
25,12720,2,2,1, 12722
1,12721,1,1,1, 12722
8,12721,1,1,0, 12722
26,12722,3,3,1, 12725
25,12725,2,2,1, 12727
1,12726,1,1,1, 12727
8,12726,1,1,1, 12727
3,12727,3,3,1, 12730
2,12728,2,2,1, 12730
25,12730,2,2,1, 12732
1,12731,1,1,0, 12732
8,12731,1,1,1, 12732
3,12732,3,3,1, 12735
26,12732,3,3,1, 12735
1,12736,1,1,0, 12737
8,12736,1,1,1, 12737
26,12737,3,3,1, 12740
25,12740,2,2,1, 12742
1,12741,1,1,1, 12742
8,12741,1,1,0, 12742
3,12742,3,3,1, 12745
26,12742,3,3,1, 12745
25,12745,2,2,1, 12747
8,12746,1,1,0, 12747
8,12751,1,1,1, 12752
8,12756,1,1,1, 12757
8,12761,1,1,1, 12762
8,12766,1,1,1, 12767
8,12771,1,1,0, 12772
8,12776,1,1,0, 12777
8,12781,1,1,0, 12782
8,12786,1,1,0, 12787
15,12786,2,2,1, 12788
8,12791,1,1,1, 12792
8,12796,1,1,0, 12797
14,12799,3,3,1, 12802
8,12801,1,1,0, 12802
16,12804,2,2,1, 12806
14,12804,3,3,1, 12807
8,12806,1,1,0, 12807
15,12806,2,2,1, 12808
8,12811,1,1,1, 12812
15,12811,2,2,1, 12813
16,12814,2,2,1, 12816
8,12816,1,1,1, 12817
13,12814,4,4,1, 12818
15,12816,2,2,1, 12818
16,12819,2,2,1, 12821
14,12819,3,3,1, 12822
8,12821,1,1,0, 12822
15,12821,2,2,1, 12823
24,12824,1,1,1, 12825
24,12829,1,1,0, 12830
24,12834,1,1,0, 12835
24,12839,1,1,1, 12840
24,12844,1,1,0, 12845
24,12849,1,1,1, 12850
1,12851,1,1,1, 12852
24,12854,1,1,1, 12855
25,12855,2,2,1, 12857
1,12856,1,1,1, 12857
24,12859,1,1,0, 12860
1,12861,1,1,0, 12862
24,12864,1,1,0, 12865
25,12865,2,2,1, 12867
1,12866,1,1,1, 12867
24,12869,1,1,1, 12870
25,12870,2,2,1, 12872
1,12871,1,1,0, 12872
24,12874,1,1,0, 12875
1,12876,1,1,1, 12877
24,12879,1,1,0, 12880
17,12879,3,3,1, 12882
1,12881,1,1,0, 12882
9,12882,2,2,1, 12884
2,12883,2,2,1, 12885
24,12884,1,1,1, 12885
17,12884,3,3,1, 12887
1,12886,1,1,0, 12887
31,12886,2,2,1, 12888
2,12888,2,2,1, 12890
24,12889,1,1,1, 12890
25,12890,2,2,1, 12892
1,12891,1,1,1, 12892
31,12891,2,2,1, 12893
2,12893,2,2,1, 12895
24,12894,1,1,0, 12895
25,12895,2,2,1, 12897
1,12896,1,1,0, 12897
9,12897,2,2,1, 12899
2,12898,2,2,1, 12900
24,12899,1,1,0, 12900
17,12899,3,3,1, 12902
25,12900,2,2,1, 12902
24,12904,1,1,1, 12905
31,12906,2,2,1, 12908
24,12909,1,1,0, 12910
31,12911,2,2,1, 12913
24,12914,1,1,0, 12915
31,12916,2,2,1, 12918
24,12919,1,1,0, 12920
24,12924,1,1,0, 12925
31,12926,2,2,1, 12928
24,12929,1,1,0, 12930
8,12931,1,1,0, 12932
24,12934,1,1,1, 12935
23,12933,3,3,1, 12936
8,12936,1,1,0, 12937
24,12939,1,1,1, 12940
23,12938,3,3,1, 12941
8,12941,1,1,1, 12942
31,12941,2,2,1, 12943
24,12944,1,1,1, 12945
8,12946,1,1,0, 12947
15,12946,2,2,1, 12948
31,12946,2,2,1, 12948
24,12949,1,1,1, 12950
23,12948,3,3,1, 12951
16,12949,2,2,1, 12951
8,12951,1,1,1, 12952
15,12951,2,2,1, 12953
31,12951,2,2,1, 12953
22,12951,4,4,1, 12955
24,12954,1,1,0, 12955
8,12956,1,1,1, 12957
31,12956,2,2,1, 12958
8,12961,1,1,1, 12962
8,12966,1,1,1, 12967
15,12966,2,2,1, 12968
8,12971,1,1,1, 12972
8,12976,1,1,1, 12977
15,12976,2,2,1, 12978
8,12981,1,1,1, 12982
8,12986,1,1,1, 12987
8,12991,1,1,0, 12992
8,12996,1,1,1, 12997
8,13001,1,1,0, 13002
15,13001,2,2,1, 13003
1,13006,1,1,0, 13007
8,13006,1,1,1, 13007
9,13007,2,2,1, 13009
17,13009,3,3,1, 13012
1,13011,1,1,0, 13012
8,13011,1,1,1, 13012
15,13011,2,2,1, 13013
17,13014,3,3,1, 13017
1,13016,1,1,0, 13017
8,13016,1,1,0, 13017
13,13014,4,4,1, 13018
17,13019,3,3,1, 13022
1,13021,1,1,0, 13022
1,13026,1,1,1, 13027
25,13030,2,2,1, 13032
1,13031,1,1,1, 13032
9,13032,2,2,1, 13034
17,13034,3,3,1, 13037
1,13036,1,1,1, 13037
17,13039,3,3,1, 13042
25,13040,2,2,1, 13042
1,13041,1,1,1, 13042
9,13042,2,2,1, 13044
1,13046,1,1,0, 13047
17,13049,3,3,1, 13052
25,13050,2,2,1, 13052
1,13051,1,1,1, 13052
17,13054,3,3,1, 13057
25,13055,2,2,1, 13057
24,13059,1,1,0, 13060
24,13064,1,1,1, 13065
24,13069,1,1,1, 13070
24,13074,1,1,1, 13075
24,13079,1,1,0, 13080
24,13084,1,1,1, 13085
24,13089,1,1,0, 13090
24,13094,1,1,0, 13095
24,13099,1,1,0, 13100
24,13104,1,1,1, 13105
24,13109,1,1,0, 13110
24,13114,1,1,0, 13115
24,13119,1,1,1, 13120
8,13121,1,1,0, 13122
31,13121,2,2,1, 13123
24,13124,1,1,1, 13125
8,13126,1,1,1, 13127
24,13129,1,1,0, 13130
8,13131,1,1,1, 13132
24,13134,1,1,1, 13135
16,13134,2,2,1, 13136
8,13136,1,1,0, 13137
31,13136,2,2,1, 13138
24,13139,1,1,0, 13140
16,13139,2,2,1, 13141
8,13141,1,1,0, 13142
31,13141,2,2,1, 13143
24,13144,1,1,0, 13145
23,13143,3,3,1, 13146
16,13144,2,2,1, 13146
8,13146,1,1,1, 13147
31,13146,2,2,1, 13148
22,13146,4,4,1, 13150
24,13149,1,1,0, 13150
23,13148,3,3,1, 13151
8,13151,1,1,0, 13152
31,13151,2,2,1, 13153
22,13151,4,4,1, 13155
24,13154,1,1,0, 13155
23,13153,3,3,1, 13156
16,13154,2,2,1, 13156
8,13156,1,1,1, 13157
24,13159,1,1,1, 13160
23,13158,3,3,1, 13161
1,13161,1,1,1, 13162
8,13161,1,1,0, 13162
15,13161,2,2,1, 13163
31,13161,2,2,1, 13163
24,13164,1,1,0, 13165
1,13166,1,1,1, 13167
8,13166,1,1,0, 13167
31,13166,2,2,1, 13168
22,13166,4,4,1, 13170
24,13169,1,1,1, 13170
30,13168,3,3,1, 13171
1,13171,1,1,0, 13172
31,13171,2,2,1, 13173
24,13174,1,1,1, 13175
1,13176,1,1,1, 13177
24,13179,1,1,0, 13180
30,13178,3,3,1, 13181
1,13181,1,1,1, 13182
17,13184,3,3,1, 13187
1,13186,1,1,0, 13187
9,13187,2,2,1, 13189
17,13189,3,3,1, 13192
1,13191,1,1,0, 13192
9,13192,2,2,1, 13194
1,13196,1,1,1, 13197
9,13197,2,2,1, 13199
1,13201,1,1,1, 13202
9,13202,2,2,1, 13204
1,13206,1,1,0, 13207
1,13211,1,1,0, 13212
9,13212,2,2,1, 13214
1,13216,1,1,0, 13217
1,13221,1,1,0, 13222
9,13222,2,2,1, 13224
1,13226,1,1,1, 13227
1,13231,1,1,0, 13232
1,13236,1,1,1, 13237
1,13241,1,1,1, 13242
9,13242,2,2,1, 13244
25,13245,2,2,1, 13247
1,13246,1,1,0, 13247
1,13251,1,1,1, 13252
9,13252,2,2,1, 13254
25,13255,2,2,1, 13257
1,13256,1,1,0, 13257
9,13257,2,2,1, 13259
8,13271,1,1,1, 13272
8,13276,1,1,1, 13277
8,13281,1,1,0, 13282
24,13284,1,1,0, 13285
8,13286,1,1,1, 13287
24,13289,1,1,1, 13290
8,13291,1,1,0, 13292
24,13294,1,1,1, 13295
16,13294,2,2,1, 13296
8,13296,1,1,1, 13297
24,13299,1,1,1, 13300
16,13299,2,2,1, 13301
8,13301,1,1,0, 13302
24,13304,1,1,1, 13305
8,13306,1,1,1, 13307
24,13309,1,1,0, 13310
8,13311,1,1,1, 13312
24,13314,1,1,0, 13315
8,13316,1,1,1, 13317
24,13319,1,1,0, 13320
16,13319,2,2,1, 13321
8,13321,1,1,1, 13322
24,13324,1,1,0, 13325
8,13326,1,1,1, 13327
24,13329,1,1,0, 13330
8,13331,1,1,0, 13332
24,13334,1,1,1, 13335
8,13336,1,1,0, 13337
31,13336,2,2,1, 13338
24,13339,1,1,1, 13340
16,13339,2,2,1, 13341
8,13341,1,1,0, 13342
24,13344,1,1,1, 13345
16,13344,2,2,1, 13346
8,13346,1,1,0, 13347
24,13349,1,1,1, 13350
8,13351,1,1,1, 13352
31,13351,2,2,1, 13353
24,13354,1,1,0, 13355
16,13354,2,2,1, 13356
8,13356,1,1,1, 13357
13,13354,4,4,1, 13358
31,13356,2,2,1, 13358
22,13356,4,4,1, 13360
24,13359,1,1,0, 13360
16,13359,2,2,1, 13361
14,13359,3,3,1, 13362
8,13361,1,1,1, 13362
15,13361,2,2,1, 13363
24,13364,1,1,0, 13365
23,13363,3,3,1, 13366
1,13366,1,1,0, 13367
24,13369,1,1,1, 13370
1,13371,1,1,1, 13372
31,13371,2,2,1, 13373
24,13374,1,1,0, 13375
25,13375,2,2,1, 13377
1,13376,1,1,0, 13377
24,13379,1,1,0, 13380
25,13380,2,2,1, 13382
1,13381,1,1,1, 13382
24,13384,1,1,1, 13385
1,13386,1,1,1, 13387
31,13386,2,2,1, 13388
24,13389,1,1,0, 13390
1,13391,1,1,0, 13392
31,13391,2,2,1, 13393
24,13394,1,1,0, 13395
1,13396,1,1,0, 13397
31,13396,2,2,1, 13398
24,13399,1,1,1, 13400
25,13400,2,2,1, 13402
1,13401,1,1,0, 13402
24,13404,1,1,0, 13405
25,13405,2,2,1, 13407
1,13406,1,1,0, 13407
24,13409,1,1,0, 13410
25,13410,2,2,1, 13412
1,13411,1,1,1, 13412
24,13414,1,1,1, 13415
18,13413,4,4,1, 13417
25,13415,2,2,1, 13417
1,13416,1,1,0, 13417
31,13416,2,2,1, 13418
24,13419,1,1,0, 13420
25,13420,2,2,1, 13422
1,13421,1,1,0, 13422
31,13421,2,2,1, 13423
26,13422,3,3,1, 13425
24,13424,1,1,1, 13425
30,13423,3,3,1, 13426
18,13423,4,4,1, 13427
25,13425,2,2,1, 13427
1,13426,1,1,1, 13427
26,13427,3,3,1, 13430
1,13431,1,1,1, 13432
3,13432,3,3,1, 13435
26,13432,3,3,1, 13435
8,13471,1,1,0, 13472
8,13476,1,1,1, 13477
8,13481,1,1,0, 13482
8,13486,1,1,0, 13487
8,13491,1,1,1, 13492
8,13496,1,1,1, 13497
8,13501,1,1,0, 13502
8,13506,1,1,0, 13507
8,13511,1,1,0, 13512
16,13514,2,2,1, 13516
8,13516,1,1,1, 13517
16,13519,2,2,1, 13521
8,13521,1,1,1, 13522
14,13524,3,3,1, 13527
8,13526,1,1,0, 13527
16,13529,2,2,1, 13531
8,13531,1,1,0, 13532
24,13534,1,1,0, 13535
16,13534,2,2,1, 13536
8,13536,1,1,0, 13537
6,13535,2,4,1, 13539
24,13539,1,1,0, 13540
16,13539,2,2,1, 13541
17,13539,3,3,1, 13542
25,13540,2,2,1, 13542
1,13541,1,1,1, 13542
8,13541,1,1,0, 13542
6,13540,2,4,1, 13544
24,13544,1,1,0, 13545
1,13546,1,1,0, 13547
8,13546,1,1,0, 13547
15,13546,2,2,1, 13548
6,13545,2,4,1, 13549
9,13547,2,2,1, 13549
24,13549,1,1,1, 13550
16,13549,2,2,1, 13551
14,13549,3,3,1, 13552
17,13549,3,3,1, 13552
1,13551,1,1,0, 13552
8,13551,1,1,0, 13552
2,13553,2,2,1, 13555
24,13554,1,1,0, 13555
16,13554,2,2,1, 13556
18,13553,4,4,1, 13557
17,13554,3,3,1, 13557
1,13556,1,1,0, 13557
9,13557,2,2,1, 13559
24,13559,1,1,1, 13560
25,13560,2,2,1, 13562
1,13561,1,1,1, 13562
9,13562,2,2,1, 13564
24,13564,1,1,0, 13565
1,13566,1,1,1, 13567
9,13567,2,2,1, 13569
26,13567,3,3,1, 13570
24,13569,1,1,1, 13570
18,13568,4,4,1, 13572
17,13569,3,3,1, 13572
24,13574,1,1,0, 13575
24,13579,1,1,0, 13580
31,13581,2,2,1, 13583
24,13584,1,1,0, 13585
31,13586,2,2,1, 13588
24,13589,1,1,1, 13590
24,13594,1,1,1, 13595
30,13593,3,3,1, 13596
24,13599,1,1,1, 13600
30,13598,3,3,1, 13601
31,13601,2,2,1, 13603
24,13604,1,1,1, 13605
29,13603,4,4,1, 13607
24,13609,1,1,1, 13610
30,13608,3,3,1, 13611
31,13611,2,2,1, 13613
24,13614,1,1,1, 13615
30,13613,3,3,1, 13616
24,13619,1,1,1, 13620
29,13618,4,4,1, 13622
8,13666,1,1,1, 13667
8,13671,1,1,0, 13672
1,13676,1,1,0, 13677
8,13676,1,1,1, 13677
25,13680,2,2,1, 13682
1,13681,1,1,1, 13682
8,13681,1,1,1, 13682
1,13686,1,1,0, 13687
8,13686,1,1,0, 13687
1,13691,1,1,0, 13692
8,13691,1,1,1, 13692
9,13692,2,2,1, 13694
25,13695,2,2,1, 13697
1,13696,1,1,1, 13697
8,13696,1,1,1, 13697
1,13701,1,1,1, 13702
8,13701,1,1,0, 13702
15,13701,2,2,1, 13703
1,13706,1,1,0, 13707
8,13706,1,1,1, 13707
25,13710,2,2,1, 13712
1,13711,1,1,0, 13712
8,13711,1,1,0, 13712
13,13709,4,4,1, 13713
6,13710,2,4,1, 13714
25,13715,2,2,1, 13717
1,13716,1,1,0, 13717
8,13716,1,1,0, 13717
13,13714,4,4,1, 13718
15,13716,2,2,1, 13718
2,13718,2,2,1, 13720
1,13721,1,1,0, 13722
8,13721,1,1,0, 13722
13,13719,4,4,1, 13723
15,13721,2,2,1, 13723
6,13720,2,4,1, 13724
26,13722,3,3,1, 13725
18,13723,4,4,1, 13727
14,13724,3,3,1, 13727
25,13725,2,2,1, 13727
1,13726,1,1,1, 13727
8,13726,1,1,0, 13727
15,13726,2,2,1, 13728
9,13727,2,2,1, 13729
26,13727,3,3,1, 13730
2,13728,2,2,1, 13730
24,13729,1,1,1, 13730
14,13729,3,3,1, 13732
25,13730,2,2,1, 13732
1,13731,1,1,0, 13732
8,13731,1,1,0, 13732
13,13729,4,4,1, 13733
15,13731,2,2,1, 13733
9,13732,2,2,1, 13734
24,13734,1,1,1, 13735
24,13739,1,1,1, 13740
24,13744,1,1,0, 13745
24,13749,1,1,0, 13750
31,13751,2,2,1, 13753
24,13754,1,1,1, 13755
24,13759,1,1,1, 13760
24,13764,1,1,1, 13765
31,13766,2,2,1, 13768
24,13769,1,1,0, 13770
24,13774,1,1,0, 13775
31,13776,2,2,1, 13778
24,13779,1,1,0, 13780
31,13781,2,2,1, 13783
24,13784,1,1,0, 13785
31,13786,2,2,1, 13788
24,13789,1,1,1, 13790
24,13794,1,1,0, 13795
31,13796,2,2,1, 13798
24,13799,1,1,1, 13800
30,13798,3,3,1, 13801
29,13798,4,4,1, 13802
24,13804,1,1,0, 13805
24,13809,1,1,1, 13810
30,13808,3,3,1, 13811
31,13811,2,2,1, 13813
24,13814,1,1,0, 13815
24,13819,1,1,0, 13820
24,13824,1,1,1, 13825
24,13829,1,1,1, 13830
30,13828,3,3,1, 13831
8,13836,1,1,1, 13837
22,13836,4,4,1, 13840
23,13838,3,3,1, 13841
8,13841,1,1,0, 13842
22,13841,4,4,1, 13845
23,13843,3,3,1, 13846
17,13844,3,3,1, 13847
1,13846,1,1,1, 13847
8,13846,1,1,0, 13847
23,13848,3,3,1, 13851
16,13849,2,2,1, 13851
1,13851,1,1,1, 13852
8,13851,1,1,1, 13852
22,13851,4,4,1, 13855
23,13853,3,3,1, 13856
1,13856,1,1,0, 13857
8,13856,1,1,0, 13857
22,13856,4,4,1, 13860
1,13861,1,1,0, 13862
8,13861,1,1,1, 13862
1,13866,1,1,0, 13867
8,13866,1,1,0, 13867
1,13871,1,1,1, 13872
8,13871,1,1,1, 13872
14,13874,3,3,1, 13877
1,13876,1,1,0, 13877
8,13876,1,1,0, 13877
2,13878,2,2,1, 13880
14,13879,3,3,1, 13882
1,13881,1,1,1, 13882
8,13881,1,1,1, 13882
14,13884,3,3,1, 13887
1,13886,1,1,1, 13887
8,13886,1,1,1, 13887
13,13884,4,4,1, 13888
14,13889,3,3,1, 13892
1,13891,1,1,1, 13892
8,13891,1,1,0, 13892
13,13889,4,4,1, 13893
1,13896,1,1,0, 13897
2,13898,2,2,1, 13900
1,13901,1,1,1, 13902
3,13902,3,3,1, 13905
2,13903,2,2,1, 13905
25,13905,2,2,1, 13907
1,13906,1,1,1, 13907
3,13907,3,3,1, 13910
25,13910,2,2,1, 13912
1,13911,1,1,0, 13912
1,13916,1,1,1, 13917
3,13917,3,3,1, 13920
25,13920,2,2,1, 13922
1,13921,1,1,0, 13922
25,13925,2,2,1, 13927
1,13926,1,1,0, 13927
3,13927,3,3,1, 13930
25,13930,2,2,1, 13932
24,13939,1,1,0, 13940
24,13944,1,1,1, 13945
24,13949,1,1,0, 13950
24,13954,1,1,1, 13955
24,13959,1,1,1, 13960
24,13964,1,1,0, 13965
24,13969,1,1,1, 13970
24,13974,1,1,0, 13975
24,13979,1,1,1, 13980
24,13984,1,1,0, 13985
24,13989,1,1,1, 13990
31,13991,2,2,1, 13993
24,13994,1,1,0, 13995
24,13999,1,1,0, 14000
24,14004,1,1,1, 14005
16,14004,2,2,1, 14006
8,14006,1,1,1, 14007
24,14009,1,1,1, 14010
8,14011,1,1,1, 14012
24,14014,1,1,0, 14015
16,14014,2,2,1, 14016
8,14016,1,1,0, 14017
31,14016,2,2,1, 14018
24,14019,1,1,0, 14020
8,14021,1,1,0, 14022
24,14024,1,1,1, 14025
8,14026,1,1,0, 14027
24,14029,1,1,1, 14030
16,14029,2,2,1, 14031
8,14031,1,1,0, 14032
15,14031,2,2,1, 14033
31,14031,2,2,1, 14033
24,14034,1,1,0, 14035
16,14034,2,2,1, 14036
1,14036,1,1,1, 14037
8,14036,1,1,1, 14037
9,14037,2,2,1, 14039
24,14039,1,1,0, 14040
17,14039,3,3,1, 14042
1,14041,1,1,1, 14042
8,14041,1,1,1, 14042
15,14041,2,2,1, 14043
31,14041,2,2,1, 14043
24,14044,1,1,0, 14045
23,14043,3,3,1, 14046
1,14046,1,1,0, 14047
8,14046,1,1,0, 14047
15,14046,2,2,1, 14048
24,14049,1,1,0, 14050
23,14048,3,3,1, 14051
16,14049,2,2,1, 14051
25,14050,2,2,1, 14052
1,14051,1,1,1, 14052
8,14051,1,1,1, 14052
31,14051,2,2,1, 14053
6,14050,2,4,1, 14054
24,14054,1,1,1, 14055
16,14054,2,2,1, 14056
14,14054,3,3,1, 14057
1,14056,1,1,1, 14057
31,14056,2,2,1, 14058
9,14057,2,2,1, 14059
24,14059,1,1,0, 14060
17,14059,3,3,1, 14062
1,14061,1,1,0, 14062
31,14061,2,2,1, 14063
24,14064,1,1,1, 14065
25,14065,2,2,1, 14067
1,14066,1,1,0, 14067
24,14069,1,1,0, 14070
25,14070,2,2,1, 14072
1,14071,1,1,1, 14072
24,14074,1,1,1, 14075
25,14075,2,2,1, 14077
1,14076,1,1,1, 14077
2,14078,2,2,1, 14080
24,14079,1,1,1, 14080
1,14081,1,1,1, 14082
31,14081,2,2,1, 14083
24,14084,1,1,0, 14085
30,14083,3,3,1, 14086
25,14085,2,2,1, 14087
1,14086,1,1,1, 14087
2,14088,2,2,1, 14090
24,14089,1,1,0, 14090
30,14088,3,3,1, 14091
25,14090,2,2,1, 14092
1,14091,1,1,1, 14092
1,14096,1,1,1, 14097
2,14098,2,2,1, 14100
8,14161,1,1,0, 14162
8,14166,1,1,1, 14167
8,14171,1,1,1, 14172
8,14176,1,1,0, 14177
8,14181,1,1,0, 14182
8,14186,1,1,0, 14187
8,14191,1,1,0, 14192
8,14196,1,1,0, 14197
24,14199,1,1,0, 14200
1,14201,1,1,1, 14202
8,14201,1,1,1, 14202
24,14204,1,1,0, 14205
1,14206,1,1,0, 14207
8,14206,1,1,0, 14207
24,14209,1,1,1, 14210
17,14209,3,3,1, 14212
1,14211,1,1,0, 14212
8,14211,1,1,1, 14212
9,14212,2,2,1, 14214
24,14214,1,1,0, 14215
1,14216,1,1,1, 14217
8,14216,1,1,0, 14217
15,14216,2,2,1, 14218
24,14219,1,1,0, 14220
1,14221,1,1,0, 14222
8,14221,1,1,1, 14222
15,14221,2,2,1, 14223
9,14222,2,2,1, 14224
24,14224,1,1,1, 14225
14,14224,3,3,1, 14227
1,14226,1,1,0, 14227
8,14226,1,1,1, 14227
15,14226,2,2,1, 14228
6,14225,2,4,1, 14229
9,14227,2,2,1, 14229
24,14229,1,1,0, 14230
25,14230,2,2,1, 14232
1,14231,1,1,1, 14232
8,14231,1,1,1, 14232
13,14229,4,4,1, 14233
15,14231,2,2,1, 14233
31,14231,2,2,1, 14233
6,14230,2,4,1, 14234
9,14232,2,2,1, 14234
24,14234,1,1,0, 14235
1,14236,1,1,0, 14237
8,14236,1,1,0, 14237
24,14239,1,1,1, 14240
14,14239,3,3,1, 14242
17,14239,3,3,1, 14242
25,14240,2,2,1, 14242
1,14241,1,1,1, 14242
8,14241,1,1,1, 14242
13,14239,4,4,1, 14243
15,14241,2,2,1, 14243
31,14241,2,2,1, 14243
9,14242,2,2,1, 14244
24,14244,1,1,1, 14245
17,14244,3,3,1, 14247
25,14245,2,2,1, 14247
1,14246,1,1,0, 14247
8,14246,1,1,0, 14247
31,14246,2,2,1, 14248
6,14245,2,4,1, 14249
9,14247,2,2,1, 14249
24,14249,1,1,1, 14250
25,14250,2,2,1, 14252
31,14251,2,2,1, 14253
24,14254,1,1,0, 14255
24,14259,1,1,1, 14260
31,14261,2,2,1, 14263
24,14264,1,1,0, 14265
30,14263,3,3,1, 14266
29,14263,4,4,1, 14267
24,14269,1,1,0, 14270
31,14271,2,2,1, 14273
24,14274,1,1,1, 14275
30,14273,3,3,1, 14276
29,14273,4,4,1, 14277
24,14279,1,1,0, 14280
29,14278,4,4,1, 14282
25,14355,2,2,1, 14357
1,14356,1,1,0, 14357
1,14361,1,1,0, 14362
8,14361,1,1,1, 14362
22,14361,4,4,1, 14365
23,14363,3,3,1, 14366
16,14364,2,2,1, 14366
25,14365,2,2,1, 14367
1,14366,1,1,1, 14367
8,14366,1,1,0, 14367
23,14368,3,3,1, 14371
1,14371,1,1,0, 14372
8,14371,1,1,0, 14372
23,14373,3,3,1, 14376
25,14375,2,2,1, 14377
1,14376,1,1,1, 14377
8,14376,1,1,0, 14377
22,14376,4,4,1, 14380
16,14379,2,2,1, 14381
25,14380,2,2,1, 14382
1,14381,1,1,1, 14382
8,14381,1,1,1, 14382
24,14384,1,1,1, 14385
23,14383,3,3,1, 14386
25,14385,2,2,1, 14387
1,14386,1,1,0, 14387
8,14386,1,1,1, 14387
13,14384,4,4,1, 14388
24,14389,1,1,1, 14390
14,14389,3,3,1, 14392
1,14391,1,1,0, 14392
8,14391,1,1,0, 14392
13,14389,4,4,1, 14393
15,14391,2,2,1, 14393
9,14392,2,2,1, 14394
24,14394,1,1,0, 14395
14,14394,3,3,1, 14397
25,14395,2,2,1, 14397
1,14396,1,1,0, 14397
8,14396,1,1,0, 14397
15,14396,2,2,1, 14398
24,14399,1,1,1, 14400
14,14399,3,3,1, 14402
17,14399,3,3,1, 14402
25,14400,2,2,1, 14402
1,14401,1,1,1, 14402
9,14402,2,2,1, 14404
24,14404,1,1,1, 14405
17,14404,3,3,1, 14407
1,14406,1,1,1, 14407
9,14407,2,2,1, 14409
24,14409,1,1,1, 14410
17,14409,3,3,1, 14412
1,14411,1,1,0, 14412
24,14414,1,1,0, 14415
17,14414,3,3,1, 14417
1,14416,1,1,1, 14417
9,14417,2,2,1, 14419
24,14419,1,1,1, 14420
24,14424,1,1,1, 14425
24,14429,1,1,1, 14430
24,14434,1,1,1, 14435
24,14439,1,1,1, 14440
31,14441,2,2,1, 14443
24,14444,1,1,0, 14445
24,14449,1,1,0, 14450
24,14454,1,1,1, 14455
31,14456,2,2,1, 14458
24,14459,1,1,1, 14460
31,14461,2,2,1, 14463
24,14464,1,1,1, 14465
31,14466,2,2,1, 14468
24,14469,1,1,0, 14470
24,14474,1,1,0, 14475
24,14479,1,1,0, 14480
30,14478,3,3,1, 14481
31,14481,2,2,1, 14483
24,14484,1,1,1, 14485
24,14489,1,1,0, 14490
24,14494,1,1,0, 14495
30,14493,3,3,1, 14496
24,14499,1,1,0, 14500
30,14498,3,3,1, 14501
31,14501,2,2,1, 14503
24,14504,1,1,1, 14505
30,14503,3,3,1, 14506
8,14506,1,1,0, 14507
31,14506,2,2,1, 14508
24,14509,1,1,0, 14510
8,14511,1,1,0, 14512
24,14514,1,1,1, 14515
29,14513,4,4,1, 14517
8,14516,1,1,0, 14517
8,14521,1,1,0, 14522
25,14525,2,2,1, 14527
1,14526,1,1,1, 14527
8,14526,1,1,0, 14527
25,14530,2,2,1, 14532
1,14531,1,1,1, 14532
8,14531,1,1,0, 14532
25,14535,2,2,1, 14537
1,14536,1,1,1, 14537
8,14536,1,1,0, 14537
16,14539,2,2,1, 14541
1,14541,1,1,0, 14542
8,14541,1,1,1, 14542
1,14546,1,1,1, 14547
8,14546,1,1,1, 14547
16,14549,2,2,1, 14551
25,14550,2,2,1, 14552
1,14551,1,1,0, 14552
8,14551,1,1,0, 14552
25,14555,2,2,1, 14557
1,14556,1,1,1, 14557
8,14556,1,1,1, 14557
15,14556,2,2,1, 14558
1,14561,1,1,1, 14562
8,14561,1,1,0, 14562
1,14566,1,1,1, 14567
8,14566,1,1,0, 14567
22,14566,4,4,1, 14570
2,14568,2,2,1, 14570
23,14568,3,3,1, 14571
25,14570,2,2,1, 14572
1,14571,1,1,0, 14572
8,14571,1,1,0, 14572
22,14571,4,4,1, 14575
1,14576,1,1,0, 14577
8,14576,1,1,1, 14577
23,14578,3,3,1, 14581
16,14579,2,2,1, 14581
14,14579,3,3,1, 14582
1,14581,1,1,0, 14582
8,14581,1,1,1, 14582
11,14579,4,4,1, 14583
6,14580,2,4,1, 14584
22,14581,4,4,1, 14585
2,14583,2,2,1, 14585
1,14586,1,1,0, 14587
11,14584,4,4,1, 14588
3,14587,3,3,1, 14590
2,14588,2,2,1, 14590
25,14590,2,2,1, 14592
1,14591,1,1,0, 14592
2,14593,2,2,1, 14595
24,14624,1,1,1, 14625
24,14629,1,1,0, 14630
24,14634,1,1,0, 14635
24,14639,1,1,0, 14640
24,14644,1,1,0, 14645
24,14649,1,1,0, 14650
24,14654,1,1,0, 14655
24,14659,1,1,1, 14660
24,14664,1,1,1, 14665
31,14666,2,2,1, 14668
24,14669,1,1,1, 14670
24,14674,1,1,0, 14675
31,14676,2,2,1, 14678
24,14679,1,1,1, 14680
24,14684,1,1,0, 14685
24,14689,1,1,0, 14690
8,14691,1,1,1, 14692
31,14691,2,2,1, 14693
24,14694,1,1,0, 14695
8,14696,1,1,0, 14697
31,14696,2,2,1, 14698
24,14699,1,1,1, 14700
30,14698,3,3,1, 14701
29,14698,4,4,1, 14702
8,14701,1,1,0, 14702
31,14701,2,2,1, 14703
24,14704,1,1,0, 14705
29,14703,4,4,1, 14707
1,14706,1,1,0, 14707
8,14706,1,1,1, 14707
31,14706,2,2,1, 14708
24,14709,1,1,1, 14710
25,14710,2,2,1, 14712
1,14711,1,1,1, 14712
8,14711,1,1,0, 14712
31,14711,2,2,1, 14713
25,14715,2,2,1, 14717
1,14716,1,1,1, 14717
8,14716,1,1,0, 14717
16,14719,2,2,1, 14721
25,14720,2,2,1, 14722
1,14721,1,1,1, 14722
8,14721,1,1,1, 14722
1,14726,1,1,1, 14727
8,14726,1,1,0, 14727
16,14729,2,2,1, 14731
25,14730,2,2,1, 14732
1,14731,1,1,1, 14732
8,14731,1,1,0, 14732
15,14731,2,2,1, 14733
16,14734,2,2,1, 14736
18,14733,4,4,1, 14737
25,14735,2,2,1, 14737
1,14736,1,1,1, 14737
8,14736,1,1,1, 14737
3,14737,3,3,1, 14740
16,14739,2,2,1, 14741
25,14740,2,2,1, 14742
1,14741,1,1,1, 14742
8,14741,1,1,1, 14742
3,14742,3,3,1, 14745
23,14743,3,3,1, 14746
25,14745,2,2,1, 14747
1,14746,1,1,1, 14747
8,14746,1,1,0, 14747
3,14747,3,3,1, 14750
2,14748,2,2,1, 14750
23,14748,3,3,1, 14751
1,14751,1,1,1, 14752
8,14751,1,1,0, 14752
3,14752,3,3,1, 14755
1,14756,1,1,0, 14757
8,14756,1,1,0, 14757
15,14756,2,2,1, 14758
2,14758,2,2,1, 14760
16,14759,2,2,1, 14761
25,14760,2,2,1, 14762
8,14761,1,1,0, 14762
15,14761,2,2,1, 14763
23,14763,3,3,1, 14766
24,14819,1,1,1, 14820
24,14824,1,1,1, 14825
24,14829,1,1,0, 14830
24,14834,1,1,0, 14835
24,14839,1,1,0, 14840
24,14844,1,1,1, 14845
24,14849,1,1,0, 14850
24,14854,1,1,1, 14855
24,14859,1,1,0, 14860
24,14864,1,1,1, 14865
25,14865,2,2,1, 14867
1,14866,1,1,0, 14867
31,14866,2,2,1, 14868
24,14869,1,1,1, 14870
1,14871,1,1,1, 14872
8,14871,1,1,1, 14872
31,14871,2,2,1, 14873
24,14874,1,1,0, 14875
1,14876,1,1,0, 14877
8,14876,1,1,1, 14877
31,14876,2,2,1, 14878
24,14879,1,1,0, 14880
25,14880,2,2,1, 14882
1,14881,1,1,0, 14882
8,14881,1,1,0, 14882
24,14884,1,1,0, 14885
1,14886,1,1,1, 14887
8,14886,1,1,0, 14887
31,14886,2,2,1, 14888
9,14887,2,2,1, 14889
24,14889,1,1,0, 14890
1,14891,1,1,1, 14892
8,14891,1,1,1, 14892
9,14892,2,2,1, 14894
26,14892,3,3,1, 14895
24,14894,1,1,1, 14895
1,14896,1,1,0, 14897
8,14896,1,1,0, 14897
31,14896,2,2,1, 14898
24,14899,1,1,0, 14900
25,14900,2,2,1, 14902
1,14901,1,1,1, 14902
8,14901,1,1,1, 14902
9,14902,2,2,1, 14904
24,14904,1,1,0, 14905
25,14905,2,2,1, 14907
1,14906,1,1,1, 14907
8,14906,1,1,1, 14907
9,14907,2,2,1, 14909
3,14907,3,3,1, 14910
26,14907,3,3,1, 14910
24,14909,1,1,0, 14910
19,14906,5,5,1, 14911
18,14908,4,4,1, 14912
29,14908,4,4,1, 14912
1,14911,1,1,0, 14912
8,14911,1,1,1, 14912
3,14912,3,3,1, 14915
24,14914,1,1,1, 14915
30,14913,3,3,1, 14916
8,14916,1,1,0, 14917
24,14919,1,1,0, 14920
29,14918,4,4,1, 14922
8,14921,1,1,1, 14922
31,14921,2,2,1, 14923
24,14924,1,1,0, 14925
29,14923,4,4,1, 14927
8,14926,1,1,0, 14927
31,14926,2,2,1, 14928
8,14931,1,1,1, 14932
8,14936,1,1,0, 14937
15,14936,2,2,1, 14938
8,14941,1,1,0, 14942
15,14941,2,2,1, 14943
8,14946,1,1,1, 14947
14,14949,3,3,1, 14952
8,14951,1,1,0, 14952
13,14949,4,4,1, 14953
8,14956,1,1,0, 14957
13,14954,4,4,1, 14958
15,14956,2,2,1, 14958
8,14961,1,1,0, 14962
15,14961,2,2,1, 14963
14,14964,3,3,1, 14967
8,14966,1,1,1, 14967
16,14969,2,2,1, 14971
8,14971,1,1,0, 14972
13,14969,4,4,1, 14973
8,14976,1,1,0, 14977
13,14974,4,4,1, 14978
1,15026,1,1,1, 15027
25,15030,2,2,1, 15032
1,15031,1,1,0, 15032
24,15034,1,1,1, 15035
25,15035,2,2,1, 15037
1,15036,1,1,1, 15037
24,15039,1,1,1, 15040
25,15040,2,2,1, 15042
1,15041,1,1,0, 15042
24,15044,1,1,0, 15045
25,15045,2,2,1, 15047
1,15046,1,1,1, 15047
2,15048,2,2,1, 15050
24,15049,1,1,1, 15050
25,15050,2,2,1, 15052
1,15051,1,1,1, 15052
2,15053,2,2,1, 15055
24,15054,1,1,1, 15055
1,15056,1,1,1, 15057
24,15059,1,1,0, 15060
17,15059,3,3,1, 15062
1,15061,1,1,0, 15062
9,15062,2,2,1, 15064
2,15063,2,2,1, 15065
24,15064,1,1,0, 15065
1,15066,1,1,1, 15067
9,15067,2,2,1, 15069
2,15068,2,2,1, 15070
24,15069,1,1,0, 15070
17,15069,3,3,1, 15072
1,15071,1,1,1, 15072
9,15072,2,2,1, 15074
24,15074,1,1,0, 15075
24,15079,1,1,1, 15080
24,15084,1,1,1, 15085
8,15086,1,1,1, 15087
22,15086,4,4,1, 15090
24,15089,1,1,1, 15090
8,15091,1,1,1, 15092
24,15094,1,1,1, 15095
29,15093,4,4,1, 15097
8,15096,1,1,0, 15097
31,15096,2,2,1, 15098
24,15099,1,1,1, 15100
30,15098,3,3,1, 15101
29,15098,4,4,1, 15102
8,15101,1,1,1, 15102
31,15101,2,2,1, 15103
24,15104,1,1,1, 15105
8,15106,1,1,1, 15107
31,15106,2,2,1, 15108
24,15109,1,1,1, 15110
8,15111,1,1,0, 15112
31,15111,2,2,1, 15113
24,15114,1,1,0, 15115
8,15116,1,1,0, 15117
24,15119,1,1,1, 15120
8,15121,1,1,0, 15122
31,15121,2,2,1, 15123
24,15124,1,1,0, 15125
8,15126,1,1,1, 15127
24,15129,1,1,1, 15130
8,15131,1,1,0, 15132
31,15131,2,2,1, 15133
24,15134,1,1,1, 15135
8,15136,1,1,1, 15137
31,15136,2,2,1, 15138
6,15135,2,4,1, 15139
24,15139,1,1,1, 15140
14,15139,3,3,1, 15142
8,15141,1,1,1, 15142
24,15144,1,1,1, 15145
8,15146,1,1,1, 15147
31,15146,2,2,1, 15148
8,15151,1,1,1, 15152
8,15156,1,1,0, 15157
14,15159,3,3,1, 15162
8,15161,1,1,1, 15162
15,15161,2,2,1, 15163
6,15160,2,4,1, 15164
14,15164,3,3,1, 15167
8,15166,1,1,1, 15167
13,15164,4,4,1, 15168
6,15165,2,4,1, 15169
14,15169,3,3,1, 15172
8,15171,1,1,1, 15172
6,15170,2,4,1, 15174
14,15174,3,3,1, 15177
8,15176,1,1,0, 15177
13,15174,4,4,1, 15178
6,15175,2,4,1, 15179
25,15185,2,2,1, 15187
1,15186,1,1,1, 15187
1,15191,1,1,0, 15192
1,15196,1,1,1, 15197
1,15201,1,1,0, 15202
1,15206,1,1,0, 15207
25,15210,2,2,1, 15212
1,15211,1,1,1, 15212
1,15216,1,1,1, 15217
1,15221,1,1,1, 15222
1,15226,1,1,1, 15227
25,15230,2,2,1, 15232
1,15231,1,1,1, 15232
1,15236,1,1,0, 15237
2,15238,2,2,1, 15240
25,15240,2,2,1, 15242
1,15241,1,1,0, 15242
2,15243,2,2,1, 15245
1,15246,1,1,0, 15247
24,15249,1,1,1, 15250
30,15248,3,3,1, 15251
1,15251,1,1,1, 15252
31,15251,2,2,1, 15253
9,15252,2,2,1, 15254
2,15253,2,2,1, 15255
24,15254,1,1,1, 15255
30,15253,3,3,1, 15256
1,15256,1,1,0, 15257
9,15257,2,2,1, 15259
24,15259,1,1,0, 15260
17,15259,3,3,1, 15262
1,15261,1,1,0, 15262
9,15262,2,2,1, 15264
24,15264,1,1,0, 15265
17,15264,3,3,1, 15267
25,15265,2,2,1, 15267
24,15269,1,1,0, 15270
24,15274,1,1,0, 15275
24,15279,1,1,1, 15280
24,15284,1,1,0, 15285
8,15286,1,1,1, 15287
24,15289,1,1,1, 15290
8,15291,1,1,0, 15292
15,15291,2,2,1, 15293
24,15294,1,1,0, 15295
23,15293,3,3,1, 15296
8,15296,1,1,1, 15297
15,15296,2,2,1, 15298
22,15296,4,4,1, 15300
24,15299,1,1,1, 15300
23,15298,3,3,1, 15301
16,15299,2,2,1, 15301
14,15299,3,3,1, 15302
8,15301,1,1,0, 15302
6,15300,2,4,1, 15304
24,15304,1,1,0, 15305
8,15306,1,1,1, 15307
15,15306,2,2,1, 15308
24,15309,1,1,1, 15310
14,15309,3,3,1, 15312
8,15311,1,1,1, 15312
24,15314,1,1,1, 15315
8,15316,1,1,1, 15317
13,15314,4,4,1, 15318
24,15319,1,1,0, 15320
8,15321,1,1,0, 15322
15,15321,2,2,1, 15323
24,15324,1,1,1, 15325
14,15324,3,3,1, 15327
8,15326,1,1,0, 15327
13,15324,4,4,1, 15328
24,15329,1,1,0, 15330
24,15334,1,1,0, 15335
24,15339,1,1,1, 15340
24,15344,1,1,0, 15345
24,15349,1,1,1, 15350
24,15354,1,1,0, 15355
24,15359,1,1,1, 15360
31,15361,2,2,1, 15363
24,15364,1,1,0, 15365
24,15369,1,1,0, 15370
1,15371,1,1,0, 15372
31,15371,2,2,1, 15373
24,15374,1,1,1, 15375
1,15376,1,1,1, 15377
31,15376,2,2,1, 15378
24,15379,1,1,0, 15380
1,15381,1,1,1, 15382
24,15384,1,1,1, 15385
1,15386,1,1,0, 15387
24,15389,1,1,0, 15390
1,15391,1,1,1, 15392
31,15391,2,2,1, 15393
24,15394,1,1,1, 15395
1,15396,1,1,1, 15397
31,15396,2,2,1, 15398
24,15399,1,1,0, 15400
25,15400,2,2,1, 15402
1,15401,1,1,1, 15402
24,15404,1,1,1, 15405
1,15406,1,1,1, 15407
31,15406,2,2,1, 15408
24,15409,1,1,0, 15410
25,15410,2,2,1, 15412
1,15411,1,1,0, 15412
31,15411,2,2,1, 15413
24,15414,1,1,0, 15415
25,15415,2,2,1, 15417
1,15416,1,1,1, 15417
31,15416,2,2,1, 15418
24,15419,1,1,0, 15420
29,15418,4,4,1, 15422
25,15420,2,2,1, 15422
1,15421,1,1,0, 15422
1,15426,1,1,1, 15427
25,15430,2,2,1, 15432
1,15431,1,1,0, 15432
2,15433,2,2,1, 15435
1,15436,1,1,0, 15437
25,15440,2,2,1, 15442
1,15441,1,1,1, 15442
8,15441,1,1,0, 15442
9,15442,2,2,1, 15444
1,15446,1,1,0, 15447
8,15446,1,1,1, 15447
3,15447,3,3,1, 15450
25,15450,2,2,1, 15452
1,15451,1,1,0, 15452
8,15451,1,1,1, 15452
15,15451,2,2,1, 15453
9,15452,2,2,1, 15454
2,15453,2,2,1, 15455
16,15454,2,2,1, 15456
25,15455,2,2,1, 15457
1,15456,1,1,0, 15457
8,15456,1,1,1, 15457
9,15457,2,2,1, 15459
16,15459,2,2,1, 15461
8,15461,1,1,0, 15462
15,15461,2,2,1, 15463
8,15466,1,1,0, 15467
15,15466,2,2,1, 15468
16,15469,2,2,1, 15471
14,15469,3,3,1, 15472
8,15471,1,1,1, 15472
13,15469,4,4,1, 15473
8,15476,1,1,0, 15477
13,15474,4,4,1, 15478
15,15476,2,2,1, 15478
16,15479,2,2,1, 15481
8,15481,1,1,0, 15482
16,15484,2,2,1, 15486
14,15484,3,3,1, 15487
24,15529,1,1,1, 15530
24,15534,1,1,0, 15535
24,15539,1,1,0, 15540
24,15544,1,1,0, 15545
24,15549,1,1,0, 15550
24,15554,1,1,1, 15555
24,15559,1,1,1, 15560
24,15564,1,1,1, 15565
1,15566,1,1,0, 15567
24,15569,1,1,0, 15570
25,15570,2,2,1, 15572
1,15571,1,1,0, 15572
24,15574,1,1,0, 15575
25,15575,2,2,1, 15577
1,15576,1,1,1, 15577
24,15579,1,1,0, 15580
1,15581,1,1,0, 15582
24,15584,1,1,1, 15585
1,15586,1,1,1, 15587
24,15589,1,1,1, 15590
30,15588,3,3,1, 15591
25,15590,2,2,1, 15592
1,15591,1,1,0, 15592
8,15591,1,1,0, 15592
24,15594,1,1,1, 15595
29,15593,4,4,1, 15597
25,15595,2,2,1, 15597
1,15596,1,1,1, 15597
8,15596,1,1,1, 15597
24,15599,1,1,0, 15600
30,15598,3,3,1, 15601
25,15600,2,2,1, 15602
1,15601,1,1,1, 15602
8,15601,1,1,1, 15602
31,15601,2,2,1, 15603
26,15602,3,3,1, 15605
2,15603,2,2,1, 15605
24,15604,1,1,1, 15605
18,15603,4,4,1, 15607
25,15605,2,2,1, 15607
1,15606,1,1,0, 15607
8,15606,1,1,0, 15607
31,15606,2,2,1, 15608
26,15607,3,3,1, 15610
2,15608,2,2,1, 15610
24,15609,1,1,0, 15610
25,15610,2,2,1, 15612
1,15611,1,1,0, 15612
8,15611,1,1,1, 15612
31,15611,2,2,1, 15613
2,15613,2,2,1, 15615
24,15614,1,1,0, 15615
18,15613,4,4,1, 15617
8,15616,1,1,1, 15617
24,15619,1,1,0, 15620
8,15621,1,1,0, 15622
24,15624,1,1,1, 15625
8,15626,1,1,0, 15627
24,15629,1,1,0, 15630
8,15631,1,1,1, 15632
31,15631,2,2,1, 15633
24,15634,1,1,0, 15635
8,15636,1,1,1, 15637
24,15639,1,1,0, 15640
8,15641,1,1,0, 15642
31,15641,2,2,1, 15643
24,15644,1,1,0, 15645
8,15646,1,1,1, 15647
31,15646,2,2,1, 15648
24,15649,1,1,0, 15650
16,15649,2,2,1, 15651
8,15651,1,1,1, 15652
15,15651,2,2,1, 15653
6,15650,2,4,1, 15654
24,15654,1,1,1, 15655
14,15654,3,3,1, 15657
8,15656,1,1,0, 15657
31,15656,2,2,1, 15658
6,15655,2,4,1, 15659
16,15659,2,2,1, 15661
14,15659,3,3,1, 15662
8,15661,1,1,1, 15662
15,15661,2,2,1, 15663
6,15660,2,4,1, 15664
14,15664,3,3,1, 15667
8,15666,1,1,0, 15667
15,15666,2,2,1, 15668
1,15721,1,1,0, 15722
9,15722,2,2,1, 15724
17,15724,3,3,1, 15727
1,15726,1,1,0, 15727
9,15727,2,2,1, 15729
17,15729,3,3,1, 15732
1,15731,1,1,1, 15732
1,15736,1,1,0, 15737
17,15739,3,3,1, 15742
1,15741,1,1,1, 15742
1,15746,1,1,1, 15747
1,15751,1,1,0, 15752
17,15754,3,3,1, 15757
1,15756,1,1,0, 15757
24,15759,1,1,0, 15760
1,15761,1,1,0, 15762
2,15763,2,2,1, 15765
24,15764,1,1,1, 15765
25,15765,2,2,1, 15767
1,15766,1,1,1, 15767
26,15767,3,3,1, 15770
24,15769,1,1,1, 15770
25,15770,2,2,1, 15772
1,15771,1,1,0, 15772
8,15771,1,1,1, 15772
26,15772,3,3,1, 15775
24,15774,1,1,1, 15775
18,15773,4,4,1, 15777
25,15775,2,2,1, 15777
1,15776,1,1,1, 15777
8,15776,1,1,0, 15777
2,15778,2,2,1, 15780
24,15779,1,1,1, 15780
8,15781,1,1,0, 15782
24,15784,1,1,1, 15785
8,15786,1,1,0, 15787
24,15789,1,1,1, 15790
8,15791,1,1,1, 15792
24,15794,1,1,1, 15795
8,15796,1,1,0, 15797
24,15799,1,1,0, 15800
8,15801,1,1,0, 15802
15,15801,2,2,1, 15803
24,15804,1,1,1, 15805
8,15806,1,1,0, 15807
15,15806,2,2,1, 15808
24,15809,1,1,0, 15810
8,15811,1,1,0, 15812
24,15814,1,1,1, 15815
8,15816,1,1,0, 15817
24,15819,1,1,1, 15820
8,15821,1,1,1, 15822
15,15821,2,2,1, 15823
24,15824,1,1,0, 15825
8,15826,1,1,0, 15827
24,15829,1,1,0, 15830
8,15831,1,1,0, 15832
15,15831,2,2,1, 15833
24,15834,1,1,0, 15835
8,15836,1,1,1, 15837
15,15836,2,2,1, 15838
24,15839,1,1,1, 15840
8,15841,1,1,1, 15842
6,15840,2,4,1, 15844
24,15844,1,1,1, 15845
8,15846,1,1,1, 15847
13,15844,4,4,1, 15848
6,15845,2,4,1, 15849
24,15849,1,1,0, 15850
14,15849,3,3,1, 15852
8,15851,1,1,1, 15852
13,15849,4,4,1, 15853
31,15851,2,2,1, 15853
24,15854,1,1,0, 15855
31,15856,2,2,1, 15858
24,15859,1,1,0, 15860
24,15864,1,1,0, 15865
24,15869,1,1,0, 15870
24,15874,1,1,1, 15875
24,15879,1,1,0, 15880
31,15881,2,2,1, 15883
24,15884,1,1,0, 15885
17,15884,3,3,1, 15887
25,15885,2,2,1, 15887
1,15886,1,1,1, 15887
31,15886,2,2,1, 15888
9,15887,2,2,1, 15889
24,15889,1,1,1, 15890
17,15889,3,3,1, 15892
25,15890,2,2,1, 15892
1,15891,1,1,0, 15892
31,15891,2,2,1, 15893
24,15894,1,1,0, 15895
1,15896,1,1,0, 15897
9,15897,2,2,1, 15899
24,15899,1,1,1, 15900
17,15899,3,3,1, 15902
1,15901,1,1,0, 15902
31,15901,2,2,1, 15903
24,15904,1,1,0, 15905
1,15906,1,1,0, 15907
31,15906,2,2,1, 15908
9,15907,2,2,1, 15909
24,15909,1,1,1, 15910
25,15910,2,2,1, 15912
1,15911,1,1,1, 15912
24,15914,1,1,1, 15915
25,15915,2,2,1, 15917
1,15916,1,1,0, 15917
31,15916,2,2,1, 15918
2,15918,2,2,1, 15920
1,15921,1,1,0, 15922
25,15925,2,2,1, 15927
1,15926,1,1,1, 15927
1,15931,1,1,1, 15932
9,15932,2,2,1, 15934
1,15936,1,1,0, 15937
9,15937,2,2,1, 15939
8,15956,1,1,0, 15957
16,15959,2,2,1, 15961
8,15961,1,1,0, 15962
16,15964,2,2,1, 15966
8,15966,1,1,0, 15967
8,15971,1,1,0, 15972
23,15973,3,3,1, 15976
8,15976,1,1,0, 15977
8,15981,1,1,0, 15982
15,15981,2,2,1, 15983
16,15984,2,2,1, 15986
8,15986,1,1,0, 15987
23,15988,3,3,1, 15991
8,15991,1,1,0, 15992
15,15991,2,2,1, 15993
8,15996,1,1,1, 15997
23,15998,3,3,1, 16001
14,15999,3,3,1, 16002
8,16001,1,1,1, 16002
15,16001,2,2,1, 16003
14,16004,3,3,1, 16007
8,16006,1,1,0, 16007
15,16006,2,2,1, 16008
24,16019,1,1,1, 16020
24,16024,1,1,1, 16025
24,16029,1,1,1, 16030
24,16034,1,1,1, 16035
24,16039,1,1,1, 16040
24,16044,1,1,0, 16045
17,16044,3,3,1, 16047
1,16046,1,1,1, 16047
24,16049,1,1,0, 16050
1,16051,1,1,0, 16052
24,16054,1,1,0, 16055
25,16055,2,2,1, 16057
1,16056,1,1,1, 16057
24,16059,1,1,0, 16060
25,16060,2,2,1, 16062
1,16061,1,1,1, 16062
24,16064,1,1,0, 16065
1,16066,1,1,1, 16067
24,16069,1,1,1, 16070
1,16071,1,1,1, 16072
24,16074,1,1,1, 16075
1,16076,1,1,1, 16077
24,16079,1,1,0, 16080
25,16080,2,2,1, 16082
1,16081,1,1,1, 16082
24,16084,1,1,1, 16085
1,16086,1,1,0, 16087
24,16089,1,1,0, 16090
1,16091,1,1,1, 16092
24,16094,1,1,1, 16095
1,16096,1,1,1, 16097
31,16096,2,2,1, 16098
24,16099,1,1,1, 16100
25,16100,2,2,1, 16102
1,16101,1,1,0, 16102
31,16101,2,2,1, 16103
24,16104,1,1,1, 16105
25,16105,2,2,1, 16107
1,16106,1,1,0, 16107
31,16106,2,2,1, 16108
24,16109,1,1,1, 16110
25,16110,2,2,1, 16112
1,16111,1,1,1, 16112
31,16111,2,2,1, 16113
24,16114,1,1,0, 16115
1,16116,1,1,0, 16117
8,16116,1,1,0, 16117
2,16118,2,2,1, 16120
24,16119,1,1,1, 16120
25,16120,2,2,1, 16122
1,16121,1,1,1, 16122
8,16121,1,1,0, 16122
24,16124,1,1,0, 16125
1,16126,1,1,1, 16127
8,16126,1,1,1, 16127
31,16126,2,2,1, 16128
26,16127,3,3,1, 16130
24,16129,1,1,0, 16130
18,16128,4,4,1, 16132
1,16131,1,1,0, 16132
8,16131,1,1,0, 16132
31,16131,2,2,1, 16133
24,16134,1,1,0, 16135
1,16136,1,1,0, 16137
8,16136,1,1,0, 16137
24,16139,1,1,0, 16140
18,16138,4,4,1, 16142
25,16140,2,2,1, 16142
1,16141,1,1,0, 16142
8,16141,1,1,1, 16142
31,16141,2,2,1, 16143
3,16142,3,3,1, 16145
24,16144,1,1,0, 16145
8,16146,1,1,0, 16147
24,16149,1,1,1, 16150
8,16151,1,1,1, 16152
24,16154,1,1,1, 16155
8,16156,1,1,0, 16157
15,16156,2,2,1, 16158
24,16159,1,1,0, 16160
8,16161,1,1,0, 16162
15,16161,2,2,1, 16163
31,16161,2,2,1, 16163
24,16164,1,1,1, 16165
8,16166,1,1,1, 16167
15,16166,2,2,1, 16168
31,16166,2,2,1, 16168
16,16169,2,2,1, 16171
8,16171,1,1,1, 16172
15,16171,2,2,1, 16173
16,16174,2,2,1, 16176
8,16176,1,1,0, 16177
15,16176,2,2,1, 16178
16,16179,2,2,1, 16181
14,16179,3,3,1, 16182
8,16181,1,1,1, 16182
8,16186,1,1,1, 16187
16,16189,2,2,1, 16191
8,16191,1,1,0, 16192
16,16194,2,2,1, 16196
14,16194,3,3,1, 16197
8,16196,1,1,0, 16197
15,16196,2,2,1, 16198
1,16251,1,1,0, 16252
25,16255,2,2,1, 16257
1,16256,1,1,0, 16257
9,16257,2,2,1, 16259
17,16259,3,3,1, 16262
1,16261,1,1,0, 16262
17,16264,3,3,1, 16267
1,16266,1,1,1, 16267
9,16267,2,2,1, 16269
24,16269,1,1,0, 16270
1,16271,1,1,1, 16272
24,16274,1,1,0, 16275
1,16276,1,1,0, 16277
24,16279,1,1,1, 16280
1,16281,1,1,1, 16282
9,16282,2,2,1, 16284
24,16284,1,1,1, 16285
17,16284,3,3,1, 16287
1,16286,1,1,1, 16287
24,16289,1,1,0, 16290
1,16291,1,1,0, 16292
24,16294,1,1,0, 16295
1,16296,1,1,1, 16297
24,16299,1,1,0, 16300
1,16301,1,1,1, 16302
24,16304,1,1,1, 16305
1,16306,1,1,0, 16307
8,16306,1,1,0, 16307
22,16306,4,4,1, 16310
24,16309,1,1,1, 16310
23,16308,3,3,1, 16311
16,16309,2,2,1, 16311
18,16308,4,4,1, 16312
1,16311,1,1,1, 16312
8,16311,1,1,1, 16312
22,16311,4,4,1, 16315
26,16312,3,3,1, 16315
24,16314,1,1,1, 16315
23,16313,3,3,1, 16316
16,16314,2,2,1, 16316
1,16316,1,1,1, 16317
8,16316,1,1,1, 16317
24,16319,1,1,1, 16320
23,16318,3,3,1, 16321
1,16321,1,1,0, 16322
8,16321,1,1,0, 16322
2,16323,2,2,1, 16325
24,16324,1,1,0, 16325
18,16323,4,4,1, 16327
1,16326,1,1,0, 16327
8,16326,1,1,0, 16327
26,16327,3,3,1, 16330
24,16329,1,1,0, 16330
18,16328,4,4,1, 16332
8,16331,1,1,1, 16332
24,16334,1,1,0, 16335
8,16336,1,1,0, 16337
24,16339,1,1,1, 16340
8,16341,1,1,1, 16342
31,16341,2,2,1, 16343
24,16344,1,1,0, 16345
8,16346,1,1,0, 16347
31,16346,2,2,1, 16348
24,16349,1,1,1, 16350
8,16351,1,1,0, 16352
24,16354,1,1,1, 16355
8,16356,1,1,0, 16357
31,16356,2,2,1, 16358
24,16359,1,1,1, 16360
8,16361,1,1,0, 16362
24,16364,1,1,1, 16365
8,16366,1,1,0, 16367
13,16364,4,4,1, 16368
31,16366,2,2,1, 16368
24,16369,1,1,1, 16370
14,16369,3,3,1, 16372
8,16371,1,1,0, 16372
31,16371,2,2,1, 16373
24,16374,1,1,0, 16375
8,16376,1,1,1, 16377
15,16376,2,2,1, 16378
31,16376,2,2,1, 16378
24,16379,1,1,0, 16380
14,16379,3,3,1, 16382
8,16381,1,1,1, 16382
15,16381,2,2,1, 16383
6,16380,2,4,1, 16384
24,16384,1,1,0, 16385
31,16386,2,2,1, 16388
24,16389,1,1,0, 16390
31,16391,2,2,1, 16393
24,16394,1,1,1, 16395
31,16396,2,2,1, 16398
24,16399,1,1,0, 16400
31,16401,2,2,1, 16403
24,16404,1,1,0, 16405
24,16409,1,1,1, 16410
31,16411,2,2,1, 16413
1,16436,1,1,1, 16437
9,16437,2,2,1, 16439
17,16439,3,3,1, 16442
1,16441,1,1,1, 16442
9,16442,2,2,1, 16444
1,16446,1,1,1, 16447
9,16447,2,2,1, 16449
1,16451,1,1,1, 16452
18,16453,4,4,1, 16457
1,16456,1,1,0, 16457
9,16457,2,2,1, 16459
18,16458,4,4,1, 16462
1,16461,1,1,1, 16462
9,16462,2,2,1, 16464
1,16466,1,1,1, 16467
9,16467,2,2,1, 16469
18,16468,4,4,1, 16472
25,16470,2,2,1, 16472
1,16471,1,1,1, 16472
9,16472,2,2,1, 16474
3,16472,3,3,1, 16475
8,16491,1,1,0, 16492
23,16493,3,3,1, 16496
16,16494,2,2,1, 16496
8,16496,1,1,0, 16497
22,16496,4,4,1, 16500
16,16499,2,2,1, 16501
8,16501,1,1,1, 16502
23,16503,3,3,1, 16506
8,16506,1,1,1, 16507
22,16506,4,4,1, 16510
8,16511,1,1,0, 16512
22,16511,4,4,1, 16515
8,16516,1,1,0, 16517
24,16519,1,1,1, 16520
16,16519,2,2,1, 16521
8,16521,1,1,1, 16522
24,16524,1,1,0, 16525
23,16523,3,3,1, 16526
8,16526,1,1,1, 16527
15,16526,2,2,1, 16528
24,16529,1,1,1, 16530
23,16528,3,3,1, 16531
8,16531,1,1,1, 16532
22,16531,4,4,1, 16535
24,16534,1,1,0, 16535
24,16539,1,1,1, 16540
24,16544,1,1,1, 16545
24,16549,1,1,1, 16550
24,16554,1,1,0, 16555
24,16559,1,1,0, 16560
24,16564,1,1,0, 16565
24,16569,1,1,1, 16570
31,16571,2,2,1, 16573
24,16574,1,1,0, 16575
31,16576,2,2,1, 16578
24,16579,1,1,1, 16580
17,16579,3,3,1, 16582
1,16581,1,1,1, 16582
31,16581,2,2,1, 16583
9,16582,2,2,1, 16584
24,16584,1,1,0, 16585
25,16585,2,2,1, 16587
1,16586,1,1,0, 16587
31,16586,2,2,1, 16588
24,16589,1,1,0, 16590
1,16591,1,1,0, 16592
9,16592,2,2,1, 16594
24,16594,1,1,0, 16595
17,16594,3,3,1, 16597
1,16596,1,1,1, 16597
31,16596,2,2,1, 16598
24,16599,1,1,0, 16600
1,16601,1,1,0, 16602
24,16604,1,1,0, 16605
30,16603,3,3,1, 16606
1,16606,1,1,1, 16607
2,16608,2,2,1, 16610
24,16609,1,1,1, 16610
25,16610,2,2,1, 16612
1,16611,1,1,1, 16612
31,16611,2,2,1, 16613
24,16614,1,1,1, 16615
30,16613,3,3,1, 16616
25,16615,2,2,1, 16617
1,16616,1,1,1, 16617
31,16616,2,2,1, 16618
2,16618,2,2,1, 16620
24,16619,1,1,0, 16620
1,16621,1,1,0, 16622
31,16621,2,2,1, 16623
3,16622,3,3,1, 16625
2,16623,2,2,1, 16625
24,16624,1,1,0, 16625
30,16623,3,3,1, 16626
25,16625,2,2,1, 16627
1,16626,1,1,0, 16627
1,16631,1,1,1, 16632
26,16632,3,3,1, 16635
1,16636,1,1,1, 16637
8,16636,1,1,0, 16637
25,16640,2,2,1, 16642
8,16641,1,1,0, 16642
8,16646,1,1,0, 16647
8,16651,1,1,0, 16652
8,16656,1,1,1, 16657
16,16659,2,2,1, 16661
8,16661,1,1,0, 16662
23,16663,3,3,1, 16666
16,16664,2,2,1, 16666
8,16666,1,1,0, 16667
16,16669,2,2,1, 16671
8,16671,1,1,1, 16672
22,16671,4,4,1, 16675
16,16674,2,2,1, 16676
8,16676,1,1,1, 16677
16,16679,2,2,1, 16681
8,16681,1,1,1, 16682
16,16684,2,2,1, 16686
8,16686,1,1,1, 16687
8,16691,1,1,1, 16692
8,16696,1,1,0, 16697
16,16699,2,2,1, 16701
8,16701,1,1,0, 16702
15,16701,2,2,1, 16703
8,16706,1,1,0, 16707
15,16706,2,2,1, 16708
16,16709,2,2,1, 16711
24,16734,1,1,0, 16735
24,16739,1,1,0, 16740
24,16744,1,1,0, 16745
25,16745,2,2,1, 16747
1,16746,1,1,0, 16747
24,16749,1,1,1, 16750
17,16749,3,3,1, 16752
25,16750,2,2,1, 16752
1,16751,1,1,1, 16752
9,16752,2,2,1, 16754
24,16754,1,1,1, 16755
25,16755,2,2,1, 16757
1,16756,1,1,1, 16757
9,16757,2,2,1, 16759
24,16759,1,1,1, 16760
17,16759,3,3,1, 16762
25,16760,2,2,1, 16762
1,16761,1,1,0, 16762
24,16764,1,1,0, 16765
17,16764,3,3,1, 16767
25,16765,2,2,1, 16767
1,16766,1,1,1, 16767
24,16769,1,1,1, 16770
18,16768,4,4,1, 16772
25,16770,2,2,1, 16772
1,16771,1,1,0, 16772
24,16774,1,1,1, 16775
1,16776,1,1,0, 16777
9,16777,2,2,1, 16779
2,16778,2,2,1, 16780
24,16779,1,1,1, 16780
1,16781,1,1,0, 16782
24,16784,1,1,1, 16785
17,16784,3,3,1, 16787
25,16785,2,2,1, 16787
24,16789,1,1,0, 16790
31,16791,2,2,1, 16793
24,16794,1,1,1, 16795
31,16796,2,2,1, 16798
24,16799,1,1,1, 16800
31,16801,2,2,1, 16803
24,16804,1,1,1, 16805
31,16806,2,2,1, 16808
24,16809,1,1,1, 16810
24,16814,1,1,0, 16815
8,16816,1,1,0, 16817
24,16819,1,1,1, 16820
8,16821,1,1,1, 16822
31,16821,2,2,1, 16823
24,16824,1,1,0, 16825
8,16826,1,1,0, 16827
24,16829,1,1,0, 16830
8,16831,1,1,0, 16832
24,16834,1,1,0, 16835
8,16836,1,1,0, 16837
31,16836,2,2,1, 16838
24,16839,1,1,1, 16840
8,16841,1,1,1, 16842
31,16841,2,2,1, 16843
24,16844,1,1,0, 16845
30,16843,3,3,1, 16846
8,16846,1,1,1, 16847
24,16849,1,1,1, 16850
8,16851,1,1,1, 16852
24,16854,1,1,1, 16855
30,16853,3,3,1, 16856
29,16853,4,4,1, 16857
8,16856,1,1,0, 16857
24,16859,1,1,0, 16860
30,16858,3,3,1, 16861
8,16861,1,1,1, 16862
8,16866,1,1,0, 16867
8,16871,1,1,1, 16872
8,16876,1,1,0, 16877
8,16881,1,1,0, 16882
8,16886,1,1,1, 16887
1,16891,1,1,1, 16892
8,16891,1,1,1, 16892
1,16896,1,1,0, 16897
8,16896,1,1,1, 16897
1,16901,1,1,0, 16902
8,16901,1,1,0, 16902
15,16901,2,2,1, 16903
16,16904,2,2,1, 16906
1,16906,1,1,0, 16907
8,16906,1,1,0, 16907
1,16911,1,1,1, 16912
8,16911,1,1,1, 16912
15,16911,2,2,1, 16913
16,16914,2,2,1, 16916
17,16914,3,3,1, 16917
1,16916,1,1,0, 16917
8,16916,1,1,0, 16917
16,16919,2,2,1, 16921
18,16918,4,4,1, 16922
1,16921,1,1,1, 16922
8,16921,1,1,0, 16922
16,16924,2,2,1, 16926
18,16923,4,4,1, 16927
1,16926,1,1,1, 16927
8,16926,1,1,0, 16927
9,16927,2,2,1, 16929
26,16927,3,3,1, 16930
2,16928,2,2,1, 16930
16,16929,2,2,1, 16931
18,16928,4,4,1, 16932
1,16931,1,1,0, 16932
8,16931,1,1,0, 16932
15,16931,2,2,1, 16933
9,16932,2,2,1, 16934
2,16933,2,2,1, 16935
16,16934,2,2,1, 16936
18,16933,4,4,1, 16937
1,16936,1,1,1, 16937
8,16936,1,1,0, 16937
15,16936,2,2,1, 16938
9,16937,2,2,1, 16939
26,16937,3,3,1, 16940
2,16938,2,2,1, 16940
17,16939,3,3,1, 16942
8,16941,1,1,1, 16942
8,16946,1,1,0, 16947
15,16946,2,2,1, 16948
24,16969,1,1,0, 16970
24,16974,1,1,0, 16975
24,16979,1,1,1, 16980
24,16984,1,1,0, 16985
24,16989,1,1,0, 16990
24,16994,1,1,0, 16995
24,16999,1,1,0, 17000
24,17004,1,1,1, 17005
24,17009,1,1,0, 17010
31,17011,2,2,1, 17013
24,17014,1,1,1, 17015
24,17019,1,1,1, 17020
31,17021,2,2,1, 17023
24,17024,1,1,0, 17025
31,17026,2,2,1, 17028
24,17029,1,1,0, 17030
31,17031,2,2,1, 17033
24,17034,1,1,1, 17035
31,17036,2,2,1, 17038
24,17039,1,1,1, 17040
30,17038,3,3,1, 17041
29,17038,4,4,1, 17042
31,17041,2,2,1, 17043
24,17044,1,1,0, 17045
31,17046,2,2,1, 17048
24,17049,1,1,0, 17050
30,17048,3,3,1, 17051
29,17048,4,4,1, 17052
1,17051,1,1,1, 17052
1,17056,1,1,0, 17057
8,17056,1,1,0, 17057
25,17060,2,2,1, 17062
1,17061,1,1,0, 17062
8,17061,1,1,1, 17062
9,17062,2,2,1, 17064
1,17066,1,1,1, 17067
8,17066,1,1,1, 17067
1,17071,1,1,1, 17072
8,17071,1,1,1, 17072
1,17076,1,1,0, 17077
8,17076,1,1,0, 17077
25,17080,2,2,1, 17082
1,17081,1,1,1, 17082
8,17081,1,1,1, 17082
1,17086,1,1,1, 17087
8,17086,1,1,1, 17087
9,17087,2,2,1, 17089
17,17089,3,3,1, 17092
25,17090,2,2,1, 17092
1,17091,1,1,0, 17092
8,17091,1,1,0, 17092
15,17091,2,2,1, 17093
26,17092,3,3,1, 17095
1,17096,1,1,1, 17097
8,17096,1,1,1, 17097
15,17096,2,2,1, 17098
9,17097,2,2,1, 17099
26,17097,3,3,1, 17100
2,17098,2,2,1, 17100
17,17099,3,3,1, 17102
1,17101,1,1,1, 17102
8,17101,1,1,0, 17102
15,17101,2,2,1, 17103
25,17105,2,2,1, 17107
1,17106,1,1,1, 17107
8,17106,1,1,0, 17107
15,17106,2,2,1, 17108
26,17107,3,3,1, 17110
1,17111,1,1,1, 17112
8,17111,1,1,0, 17112
26,17112,3,3,1, 17115
14,17114,3,3,1, 17117
8,17116,1,1,0, 17117
15,17116,2,2,1, 17118
14,17119,3,3,1, 17122
8,17121,1,1,0, 17122
15,17121,2,2,1, 17123
8,17126,1,1,1, 17127
13,17124,4,4,1, 17128
8,17131,1,1,1, 17132
8,17136,1,1,1, 17137
13,17134,4,4,1, 17138
14,17139,3,3,1, 17142
8,17141,1,1,0, 17142
15,17141,2,2,1, 17143
16,17144,2,2,1, 17146
24,17154,1,1,1, 17155
24,17159,1,1,1, 17160
24,17164,1,1,1, 17165
24,17169,1,1,0, 17170
24,17174,1,1,0, 17175
24,17179,1,1,1, 17180
24,17184,1,1,1, 17185
24,17189,1,1,0, 17190
24,17194,1,1,1, 17195
30,17193,3,3,1, 17196
24,17199,1,1,1, 17200
31,17201,2,2,1, 17203
24,17204,1,1,0, 17205
30,17203,3,3,1, 17206
29,17203,4,4,1, 17207
31,17206,2,2,1, 17208
24,17209,1,1,1, 17210
24,17214,1,1,0, 17215
30,17213,3,3,1, 17216
31,17216,2,2,1, 17218
24,17219,1,1,1, 17220
30,17218,3,3,1, 17221
17,17219,3,3,1, 17222
25,17220,2,2,1, 17222
1,17221,1,1,0, 17222
9,17222,2,2,1, 17224
24,17224,1,1,1, 17225
30,17223,3,3,1, 17226
17,17224,3,3,1, 17227
25,17225,2,2,1, 17227
1,17226,1,1,0, 17227
31,17226,2,2,1, 17228
17,17229,3,3,1, 17232
1,17231,1,1,0, 17232
9,17232,2,2,1, 17234
17,17234,3,3,1, 17237
1,17236,1,1,0, 17237
9,17237,2,2,1, 17239
1,17241,1,1,1, 17242
9,17242,2,2,1, 17244
25,17245,2,2,1, 17247
1,17246,1,1,0, 17247
2,17248,2,2,1, 17250
23,17248,3,3,1, 17251
16,17249,2,2,1, 17251
25,17250,2,2,1, 17252
1,17251,1,1,1, 17252
8,17251,1,1,0, 17252
16,17254,2,2,1, 17256
1,17256,1,1,0, 17257
8,17256,1,1,1, 17257
16,17259,2,2,1, 17261
1,17261,1,1,0, 17262
8,17261,1,1,1, 17262
9,17262,2,2,1, 17264
23,17263,3,3,1, 17266
16,17264,2,2,1, 17266
8,17266,1,1,0, 17267
23,17268,3,3,1, 17271
8,17271,1,1,0, 17272
8,17276,1,1,0, 17277
15,17276,2,2,1, 17278
23,17278,3,3,1, 17281
16,17279,2,2,1, 17281
8,17281,1,1,0, 17282
8,17286,1,1,0, 17287
15,17286,2,2,1, 17288
8,17291,1,1,0, 17292
15,17291,2,2,1, 17293
8,17296,1,1,0, 17297
8,17301,1,1,1, 17302
8,17306,1,1,1, 17307
15,17306,2,2,1, 17308
24,17334,1,1,1, 17335
24,17339,1,1,1, 17340
24,17344,1,1,0, 17345
24,17349,1,1,1, 17350
24,17354,1,1,1, 17355
24,17359,1,1,1, 17360
24,17364,1,1,1, 17365
31,17366,2,2,1, 17368
24,17369,1,1,1, 17370
30,17368,3,3,1, 17371
29,17368,4,4,1, 17372
31,17371,2,2,1, 17373
24,17374,1,1,1, 17375
25,17375,2,2,1, 17377
1,17376,1,1,0, 17377
24,17379,1,1,1, 17380
1,17381,1,1,0, 17382
24,17384,1,1,1, 17385
29,17383,4,4,1, 17387
25,17385,2,2,1, 17387
1,17386,1,1,1, 17387
24,17389,1,1,1, 17390
25,17390,2,2,1, 17392
1,17391,1,1,0, 17392
24,17394,1,1,0, 17395
30,17393,3,3,1, 17396
1,17396,1,1,1, 17397
24,17399,1,1,0, 17400
30,17398,3,3,1, 17401
1,17401,1,1,0, 17402
24,17404,1,1,0, 17405
30,17403,3,3,1, 17406
25,17405,2,2,1, 17407
1,17406,1,1,0, 17407
24,17409,1,1,1, 17410
30,17408,3,3,1, 17411
1,17411,1,1,1, 17412
24,17414,1,1,0, 17415
16,17414,2,2,1, 17416
25,17415,2,2,1, 17417
1,17416,1,1,0, 17417
8,17416,1,1,1, 17417
24,17419,1,1,0, 17420
16,17419,2,2,1, 17421
1,17421,1,1,0, 17422
8,17421,1,1,1, 17422
31,17421,2,2,1, 17423
24,17424,1,1,1, 17425
16,17424,2,2,1, 17426
29,17423,4,4,1, 17427
1,17426,1,1,1, 17427
8,17426,1,1,0, 17427
25,17430,2,2,1, 17432
1,17431,1,1,0, 17432
8,17431,1,1,1, 17432
9,17432,2,2,1, 17434
17,17434,3,3,1, 17437
25,17435,2,2,1, 17437
1,17436,1,1,1, 17437
8,17436,1,1,1, 17437
9,17437,2,2,1, 17439
16,17439,2,2,1, 17441
17,17439,3,3,1, 17442
1,17441,1,1,0, 17442
8,17441,1,1,0, 17442
16,17444,2,2,1, 17446
1,17446,1,1,0, 17447
8,17446,1,1,1, 17447
2,17448,2,2,1, 17450
16,17449,2,2,1, 17451
1,17451,1,1,0, 17452
8,17451,1,1,0, 17452
1,17456,1,1,1, 17457
8,17456,1,1,0, 17457
9,17457,2,2,1, 17459
2,17458,2,2,1, 17460
8,17461,1,1,0, 17462
8,17466,1,1,0, 17467
8,17471,1,1,0, 17472
16,17474,2,2,1, 17476
8,17476,1,1,0, 17477
16,17479,2,2,1, 17481
8,17481,1,1,1, 17482
15,17481,2,2,1, 17483
8,17486,1,1,1, 17487
16,17489,2,2,1, 17491
8,17491,1,1,1, 17492
8,17496,1,1,1, 17497
8,17501,1,1,1, 17502
14,17504,3,3,1, 17507
8,17506,1,1,0, 17507
13,17504,4,4,1, 17508
24,17539,1,1,1, 17540
24,17544,1,1,0, 17545
24,17549,1,1,1, 17550
24,17554,1,1,0, 17555
24,17559,1,1,0, 17560
24,17564,1,1,1, 17565
1,17566,1,1,1, 17567
31,17566,2,2,1, 17568
24,17569,1,1,1, 17570
1,17571,1,1,1, 17572
31,17571,2,2,1, 17573
24,17574,1,1,0, 17575
1,17576,1,1,0, 17577
24,17579,1,1,1, 17580
1,17581,1,1,1, 17582
24,17584,1,1,1, 17585
1,17586,1,1,1, 17587
24,17589,1,1,1, 17590
1,17591,1,1,0, 17592
31,17591,2,2,1, 17593
24,17594,1,1,0, 17595
1,17596,1,1,0, 17597
31,17596,2,2,1, 17598
24,17599,1,1,0, 17600
1,17601,1,1,1, 17602
24,17604,1,1,0, 17605
1,17606,1,1,1, 17607
31,17606,2,2,1, 17608
24,17609,1,1,0, 17610
1,17611,1,1,0, 17612
24,17614,1,1,0, 17615
30,17613,3,3,1, 17616
29,17613,4,4,1, 17617
1,17616,1,1,0, 17617
8,17616,1,1,1, 17617
2,17618,2,2,1, 17620
24,17619,1,1,1, 17620
18,17618,4,4,1, 17622
29,17618,4,4,1, 17622
1,17621,1,1,1, 17622
8,17621,1,1,0, 17622
26,17622,3,3,1, 17625
24,17624,1,1,1, 17625
17,17624,3,3,1, 17627
1,17626,1,1,0, 17627
8,17626,1,1,1, 17627
31,17626,2,2,1, 17628
9,17627,2,2,1, 17629
3,17627,3,3,1, 17630
24,17629,1,1,1, 17630
30,17628,3,3,1, 17631
25,17630,2,2,1, 17632
1,17631,1,1,0, 17632
8,17631,1,1,1, 17632
9,17632,2,2,1, 17634
3,17632,3,3,1, 17635
26,17632,3,3,1, 17635
24,17634,1,1,0, 17635
16,17634,2,2,1, 17636
25,17635,2,2,1, 17637
1,17636,1,1,0, 17637
8,17636,1,1,1, 17637
9,17637,2,2,1, 17639
3,17637,3,3,1, 17640
24,17639,1,1,0, 17640
29,17638,4,4,1, 17642
8,17641,1,1,0, 17642
16,17644,2,2,1, 17646
8,17646,1,1,0, 17647
16,17649,2,2,1, 17651
8,17651,1,1,0, 17652
8,17656,1,1,1, 17657
16,17659,2,2,1, 17661
8,17661,1,1,1, 17662
16,17664,2,2,1, 17666
8,17666,1,1,1, 17667
16,17669,2,2,1, 17671
8,17671,1,1,0, 17672
15,17671,2,2,1, 17673
16,17674,2,2,1, 17676
8,17676,1,1,0, 17677
16,17679,2,2,1, 17681
8,17681,1,1,1, 17682
16,17684,2,2,1, 17686
8,17686,1,1,1, 17687
15,17686,2,2,1, 17688
16,17689,2,2,1, 17691
1,17746,1,1,0, 17747
24,17749,1,1,0, 17750
25,17750,2,2,1, 17752
1,17751,1,1,1, 17752
24,17754,1,1,0, 17755
25,17755,2,2,1, 17757
1,17756,1,1,0, 17757
24,17759,1,1,1, 17760
25,17760,2,2,1, 17762
1,17761,1,1,1, 17762
26,17762,3,3,1, 17765
2,17763,2,2,1, 17765
24,17764,1,1,1, 17765
25,17765,2,2,1, 17767
1,17766,1,1,1, 17767
26,17767,3,3,1, 17770
2,17768,2,2,1, 17770
24,17769,1,1,0, 17770
25,17770,2,2,1, 17772
1,17771,1,1,1, 17772
26,17772,3,3,1, 17775
24,17774,1,1,1, 17775
1,17776,1,1,0, 17777
26,17777,3,3,1, 17780
2,17778,2,2,1, 17780
24,17779,1,1,1, 17780
25,17780,2,2,1, 17782
1,17781,1,1,1, 17782
4,17781,4,4,1, 17785
24,17784,1,1,0, 17785
24,17789,1,1,1, 17790
24,17794,1,1,0, 17795
8,17796,1,1,1, 17797
24,17799,1,1,0, 17800
8,17801,1,1,1, 17802
24,17804,1,1,0, 17805
8,17806,1,1,0, 17807
24,17809,1,1,1, 17810
8,17811,1,1,1, 17812
24,17814,1,1,0, 17815
8,17816,1,1,1, 17817
24,17819,1,1,0, 17820
8,17821,1,1,0, 17822
24,17824,1,1,1, 17825
8,17826,1,1,0, 17827
24,17829,1,1,1, 17830
8,17831,1,1,1, 17832
31,17831,2,2,1, 17833
24,17834,1,1,0, 17835
8,17836,1,1,1, 17837
31,17836,2,2,1, 17838
24,17839,1,1,1, 17840
8,17841,1,1,0, 17842
24,17844,1,1,0, 17845
8,17846,1,1,0, 17847
15,17846,2,2,1, 17848
24,17849,1,1,0, 17850
16,17849,2,2,1, 17851
8,17851,1,1,1, 17852
15,17851,2,2,1, 17853
24,17854,1,1,0, 17855
16,17854,2,2,1, 17856
8,17856,1,1,1, 17857
15,17856,2,2,1, 17858
31,17856,2,2,1, 17858
24,17859,1,1,0, 17860
16,17859,2,2,1, 17861
8,17861,1,1,1, 17862
15,17861,2,2,1, 17863
24,17864,1,1,1, 17865
8,17866,1,1,1, 17867
15,17866,2,2,1, 17868
31,17866,2,2,1, 17868
24,17869,1,1,1, 17870
16,17869,2,2,1, 17871
8,17871,1,1,0, 17872
15,17871,2,2,1, 17873
31,17871,2,2,1, 17873
24,17874,1,1,1, 17875
8,17876,1,1,1, 17877
15,17876,2,2,1, 17878
24,17879,1,1,1, 17880
24,17884,1,1,1, 17885
31,17886,2,2,1, 17888
24,17889,1,1,1, 17890
17,17889,3,3,1, 17892
1,17891,1,1,1, 17892
9,17892,2,2,1, 17894
24,17894,1,1,0, 17895
1,17896,1,1,0, 17897
24,17899,1,1,1, 17900
30,17898,3,3,1, 17901
17,17899,3,3,1, 17902
1,17901,1,1,0, 17902
31,17901,2,2,1, 17903
24,17904,1,1,1, 17905
30,17903,3,3,1, 17906
25,17905,2,2,1, 17907
1,17906,1,1,1, 17907
9,17907,2,2,1, 17909
1,17911,1,1,1, 17912
25,17915,2,2,1, 17917
1,17916,1,1,1, 17917
17,17919,3,3,1, 17922
25,17920,2,2,1, 17922
1,17921,1,1,0, 17922
2,17923,2,2,1, 17925
25,17925,2,2,1, 17927
1,17926,1,1,1, 17927
2,17928,2,2,1, 17930
1,17931,1,1,1, 17932
1,17936,1,1,1, 17937
25,17940,2,2,1, 17942
1,17941,1,1,1, 17942
2,17943,2,2,1, 17945
1,17946,1,1,0, 17947
2,17948,2,2,1, 17950
8,17986,1,1,0, 17987
8,17991,1,1,1, 17992
8,17996,1,1,0, 17997
8,18001,1,1,1, 18002
8,18006,1,1,1, 18007
8,18011,1,1,1, 18012
24,18014,1,1,1, 18015
8,18016,1,1,1, 18017
24,18019,1,1,1, 18020
8,18021,1,1,1, 18022
24,18024,1,1,0, 18025
8,18026,1,1,0, 18027
24,18029,1,1,1, 18030
8,18031,1,1,1, 18032
24,18034,1,1,1, 18035
8,18036,1,1,0, 18037
24,18039,1,1,1, 18040
8,18041,1,1,0, 18042
24,18044,1,1,1, 18045
8,18046,1,1,0, 18047
24,18049,1,1,1, 18050
17,18049,3,3,1, 18052
1,18051,1,1,0, 18052
8,18051,1,1,0, 18052
9,18052,2,2,1, 18054
24,18054,1,1,0, 18055
1,18056,1,1,1, 18057
8,18056,1,1,0, 18057
9,18057,2,2,1, 18059
24,18059,1,1,1, 18060
25,18060,2,2,1, 18062
1,18061,1,1,0, 18062
8,18061,1,1,1, 18062
9,18062,2,2,1, 18064
24,18064,1,1,1, 18065
25,18065,2,2,1, 18067
1,18066,1,1,0, 18067
8,18066,1,1,1, 18067
9,18067,2,2,1, 18069
24,18069,1,1,1, 18070
16,18069,2,2,1, 18071
25,18070,2,2,1, 18072
1,18071,1,1,0, 18072
8,18071,1,1,0, 18072
9,18072,2,2,1, 18074
24,18074,1,1,1, 18075
16,18074,2,2,1, 18076
1,18076,1,1,0, 18077
8,18076,1,1,0, 18077
15,18076,2,2,1, 18078
31,18076,2,2,1, 18078
24,18079,1,1,1, 18080
1,18081,1,1,1, 18082
8,18081,1,1,1, 18082
15,18081,2,2,1, 18083
9,18082,2,2,1, 18084
24,18084,1,1,0, 18085
16,18084,2,2,1, 18086
25,18085,2,2,1, 18087
1,18086,1,1,0, 18087
8,18086,1,1,1, 18087
15,18086,2,2,1, 18088
24,18089,1,1,0, 18090
1,18091,1,1,1, 18092
8,18091,1,1,0, 18092
15,18091,2,2,1, 18093
31,18091,2,2,1, 18093
2,18093,2,2,1, 18095
24,18094,1,1,0, 18095
25,18095,2,2,1, 18097
8,18096,1,1,0, 18097
15,18096,2,2,1, 18098
24,18099,1,1,0, 18100
16,18099,2,2,1, 18101
8,18101,1,1,0, 18102
15,18101,2,2,1, 18103
24,18104,1,1,0, 18105
23,18103,3,3,1, 18106
31,18106,2,2,1, 18108
24,18109,1,1,0, 18110
29,18108,4,4,1, 18112
31,18111,2,2,1, 18113
24,18114,1,1,0, 18115
24,18119,1,1,1, 18120
30,18118,3,3,1, 18121
31,18121,2,2,1, 18123
24,18124,1,1,0, 18125
31,18126,2,2,1, 18128
24,18129,1,1,0, 18130
30,18128,3,3,1, 18131
29,18128,4,4,1, 18132
24,18134,1,1,1, 18135
30,18133,3,3,1, 18136
1,18201,1,1,0, 18202
9,18202,2,2,1, 18204
1,18206,1,1,1, 18207
1,18211,1,1,0, 18212
8,18211,1,1,0, 18212
9,18212,2,2,1, 18214
1,18216,1,1,0, 18217
8,18216,1,1,0, 18217
9,18217,2,2,1, 18219
17,18219,3,3,1, 18222
1,18221,1,1,1, 18222
8,18221,1,1,0, 18222
17,18224,3,3,1, 18227
1,18226,1,1,1, 18227
8,18226,1,1,0, 18227
1,18231,1,1,1, 18232
8,18231,1,1,1, 18232
1,18236,1,1,0, 18237
8,18236,1,1,1, 18237
25,18240,2,2,1, 18242
1,18241,1,1,0, 18242
8,18241,1,1,1, 18242
24,18244,1,1,1, 18245
25,18245,2,2,1, 18247
1,18246,1,1,1, 18247
8,18246,1,1,0, 18247
24,18249,1,1,1, 18250
25,18250,2,2,1, 18252
1,18251,1,1,0, 18252
8,18251,1,1,0, 18252
24,18254,1,1,0, 18255
1,18256,1,1,1, 18257
8,18256,1,1,1, 18257
24,18259,1,1,0, 18260
25,18260,2,2,1, 18262
1,18261,1,1,1, 18262
8,18261,1,1,0, 18262
24,18264,1,1,0, 18265
1,18266,1,1,1, 18267
8,18266,1,1,0, 18267
24,18269,1,1,1, 18270
25,18270,2,2,1, 18272
1,18271,1,1,1, 18272
8,18271,1,1,1, 18272
24,18274,1,1,1, 18275
1,18276,1,1,0, 18277
8,18276,1,1,1, 18277
24,18279,1,1,0, 18280
16,18279,2,2,1, 18281
1,18281,1,1,0, 18282
8,18281,1,1,0, 18282
26,18282,3,3,1, 18285
2,18283,2,2,1, 18285
24,18284,1,1,0, 18285
16,18284,2,2,1, 18286
1,18286,1,1,1, 18287
8,18286,1,1,0, 18287
15,18286,2,2,1, 18288
31,18286,2,2,1, 18288
3,18287,3,3,1, 18290
26,18287,3,3,1, 18290
24,18289,1,1,0, 18290
16,18289,2,2,1, 18291
29,18288,4,4,1, 18292
14,18289,3,3,1, 18292
8,18291,1,1,1, 18292
13,18289,4,4,1, 18293
24,18294,1,1,0, 18295
8,18296,1,1,0, 18297
13,18294,4,4,1, 18298
31,18296,2,2,1, 18298
24,18299,1,1,1, 18300
16,18299,2,2,1, 18301
14,18299,3,3,1, 18302
8,18301,1,1,0, 18302
13,18299,4,4,1, 18303
31,18301,2,2,1, 18303
24,18304,1,1,0, 18305
8,18306,1,1,0, 18307
24,18309,1,1,0, 18310
8,18311,1,1,1, 18312
31,18311,2,2,1, 18313
24,18314,1,1,0, 18315
16,18314,2,2,1, 18316
8,18316,1,1,1, 18317
31,18316,2,2,1, 18318
24,18319,1,1,1, 18320
23,18318,3,3,1, 18321
24,18324,1,1,0, 18325
31,18326,2,2,1, 18328
24,18329,1,1,0, 18330
31,18331,2,2,1, 18333
24,18334,1,1,0, 18335
24,18339,1,1,1, 18340
24,18344,1,1,0, 18345
24,18349,1,1,0, 18350
24,18354,1,1,0, 18355
24,18359,1,1,0, 18360
31,18361,2,2,1, 18363
24,18364,1,1,0, 18365
31,18366,2,2,1, 18368
9,18392,2,2,1, 18394
17,18394,3,3,1, 18397
25,18395,2,2,1, 18397
1,18396,1,1,0, 18397
17,18399,3,3,1, 18402
1,18401,1,1,0, 18402
25,18405,2,2,1, 18407
1,18406,1,1,0, 18407
17,18409,3,3,1, 18412
1,18411,1,1,1, 18412
1,18416,1,1,0, 18417
1,18421,1,1,0, 18422
25,18425,2,2,1, 18427
1,18426,1,1,1, 18427
8,18426,1,1,0, 18427
1,18431,1,1,1, 18432
8,18431,1,1,1, 18432
2,18433,2,2,1, 18435
1,18436,1,1,0, 18437
8,18436,1,1,0, 18437
1,18441,1,1,0, 18442
8,18441,1,1,0, 18442
1,18446,1,1,0, 18447
8,18446,1,1,0, 18447
2,18448,2,2,1, 18450
1,18451,1,1,1, 18452
8,18451,1,1,1, 18452
1,18456,1,1,0, 18457
8,18456,1,1,1, 18457
2,18458,2,2,1, 18460
18,18458,4,4,1, 18462
1,18461,1,1,0, 18462
8,18461,1,1,0, 18462
11,18459,4,4,1, 18463
26,18462,3,3,1, 18465
25,18465,2,2,1, 18467
1,18466,1,1,1, 18467
8,18466,1,1,0, 18467
3,18467,3,3,1, 18470
8,18471,1,1,0, 18472
24,18474,1,1,1, 18475
16,18474,2,2,1, 18476
8,18476,1,1,1, 18477
24,18479,1,1,1, 18480
16,18479,2,2,1, 18481
8,18481,1,1,1, 18482
24,18484,1,1,0, 18485
8,18486,1,1,0, 18487
24,18489,1,1,1, 18490
16,18489,2,2,1, 18491
8,18491,1,1,1, 18492
15,18491,2,2,1, 18493
24,18494,1,1,0, 18495
8,18496,1,1,0, 18497
24,18499,1,1,1, 18500
16,18499,2,2,1, 18501
8,18501,1,1,0, 18502
15,18501,2,2,1, 18503
24,18504,1,1,0, 18505
8,18506,1,1,0, 18507
24,18509,1,1,0, 18510
16,18509,2,2,1, 18511
8,18511,1,1,1, 18512
24,18514,1,1,0, 18515
8,18516,1,1,0, 18517
15,18516,2,2,1, 18518
24,18519,1,1,1, 18520
8,18521,1,1,0, 18522
15,18521,2,2,1, 18523
24,18524,1,1,0, 18525
16,18524,2,2,1, 18526
8,18526,1,1,0, 18527
15,18526,2,2,1, 18528
24,18529,1,1,0, 18530
16,18529,2,2,1, 18531
24,18534,1,1,0, 18535
24,18539,1,1,1, 18540
24,18544,1,1,1, 18545
24,18549,1,1,1, 18550
24,18554,1,1,0, 18555
31,18556,2,2,1, 18558
24,18559,1,1,1, 18560
24,18564,1,1,0, 18565
24,18569,1,1,0, 18570
24,18574,1,1,0, 18575
31,18576,2,2,1, 18578
24,18579,1,1,1, 18580
1,18581,1,1,1, 18582
24,18584,1,1,1, 18585
1,18586,1,1,1, 18587
31,18586,2,2,1, 18588
24,18589,1,1,0, 18590
25,18590,2,2,1, 18592
1,18591,1,1,0, 18592
31,18591,2,2,1, 18593
9,18592,2,2,1, 18594
24,18594,1,1,1, 18595
25,18595,2,2,1, 18597
1,18596,1,1,0, 18597
31,18596,2,2,1, 18598
9,18597,2,2,1, 18599
24,18599,1,1,1, 18600
25,18600,2,2,1, 18602
1,18601,1,1,1, 18602
31,18601,2,2,1, 18603
2,18603,2,2,1, 18605
24,18604,1,1,1, 18605
25,18605,2,2,1, 18607
1,18606,1,1,1, 18607
31,18606,2,2,1, 18608
9,18607,2,2,1, 18609
24,18609,1,1,0, 18610
25,18610,2,2,1, 18612
1,18611,1,1,1, 18612
31,18611,2,2,1, 18613
24,18614,1,1,1, 18615
30,18613,3,3,1, 18616
1,18616,1,1,1, 18617
9,18617,2,2,1, 18619
2,18618,2,2,1, 18620
25,18620,2,2,1, 18622
1,18621,1,1,1, 18622
9,18622,2,2,1, 18624
8,18636,1,1,1, 18637
8,18641,1,1,0, 18642
8,18646,1,1,1, 18647
8,18651,1,1,0, 18652
8,18656,1,1,0, 18657
8,18661,1,1,1, 18662
8,18666,1,1,0, 18667
8,18671,1,1,1, 18672
8,18676,1,1,1, 18677
8,18681,1,1,0, 18682
8,18686,1,1,1, 18687
8,18691,1,1,1, 18692
8,18696,1,1,0, 18697
8,18701,1,1,1, 18702
15,18701,2,2,1, 18703
8,18706,1,1,0, 18707
8,18711,1,1,0, 18712
15,18711,2,2,1, 18713
8,18716,1,1,0, 18717
8,18721,1,1,1, 18722
15,18721,2,2,1, 18723
24,18724,1,1,0, 18725
14,18724,3,3,1, 18727
8,18726,1,1,0, 18727
13,18724,4,4,1, 18728
6,18725,2,4,1, 18729
24,18729,1,1,0, 18730
14,18729,3,3,1, 18732
1,18731,1,1,1, 18732
8,18731,1,1,0, 18732
6,18730,2,4,1, 18734
24,18734,1,1,1, 18735
1,18736,1,1,1, 18737
8,18736,1,1,0, 18737
6,18735,2,4,1, 18739
24,18739,1,1,1, 18740
14,18739,3,3,1, 18742
1,18741,1,1,1, 18742
8,18741,1,1,1, 18742
13,18739,4,4,1, 18743
6,18740,2,4,1, 18744
24,18744,1,1,1, 18745
1,18746,1,1,0, 18747
24,18749,1,1,0, 18750
1,18751,1,1,0, 18752
24,18754,1,1,0, 18755
1,18756,1,1,1, 18757
26,18757,3,3,1, 18760
24,18759,1,1,0, 18760
1,18761,1,1,0, 18762
26,18762,3,3,1, 18765
2,18763,2,2,1, 18765
24,18764,1,1,1, 18765
18,18763,4,4,1, 18767
1,18766,1,1,0, 18767
4,18766,4,4,1, 18770
3,18767,3,3,1, 18770
24,18769,1,1,1, 18770
18,18768,4,4,1, 18772
1,18771,1,1,0, 18772
9,18772,2,2,1, 18774
4,18771,4,4,1, 18775
24,18774,1,1,0, 18775
5,18772,3,5,1, 18777
17,18774,3,3,1, 18777
1,18776,1,1,0, 18777
31,18776,2,2,1, 18778
3,18777,3,3,1, 18780
26,18777,3,3,1, 18780
24,18779,1,1,0, 18780
5,18777,3,5,1, 18782
18,18778,4,4,1, 18782
17,18779,3,3,1, 18782
24,18784,1,1,1, 18785
31,18786,2,2,1, 18788
24,18789,1,1,1, 18790
31,18791,2,2,1, 18793
24,18794,1,1,0, 18795
31,18796,2,2,1, 18798
24,18799,1,1,0, 18800
31,18801,2,2,1, 18803
24,18804,1,1,0, 18805
31,18806,2,2,1, 18808
24,18809,1,1,1, 18810
24,18814,1,1,1, 18815
31,18816,2,2,1, 18818
24,18819,1,1,0, 18820
30,18818,3,3,1, 18821
24,18824,1,1,0, 18825
30,18823,3,3,1, 18826
24,18829,1,1,1, 18830
29,18828,4,4,1, 18832
31,18831,2,2,1, 18833
24,18834,1,1,0, 18835
29,18833,4,4,1, 18837
8,18851,1,1,0, 18852
8,18856,1,1,0, 18857
8,18861,1,1,0, 18862
8,18866,1,1,1, 18867
15,18866,2,2,1, 18868
8,18871,1,1,1, 18872
8,18876,1,1,0, 18877
15,18876,2,2,1, 18878
8,18881,1,1,0, 18882
8,18886,1,1,1, 18887
15,18886,2,2,1, 18888
1,18891,1,1,0, 18892
8,18891,1,1,1, 18892
15,18891,2,2,1, 18893
2,18893,2,2,1, 18895
18,18893,4,4,1, 18897
1,18896,1,1,1, 18897
8,18896,1,1,0, 18897
26,18897,3,3,1, 18900
18,18898,4,4,1, 18902
1,18901,1,1,0, 18902
8,18901,1,1,1, 18902
26,18902,3,3,1, 18905
2,18903,2,2,1, 18905
18,18903,4,4,1, 18907
14,18904,3,3,1, 18907
1,18906,1,1,0, 18907
8,18906,1,1,1, 18907
15,18906,2,2,1, 18908
26,18907,3,3,1, 18910
2,18908,2,2,1, 18910
1,18911,1,1,0, 18912
8,18911,1,1,0, 18912
15,18911,2,2,1, 18913
6,18910,2,4,1, 18914
26,18912,3,3,1, 18915
2,18913,2,2,1, 18915
14,18914,3,3,1, 18917
25,18915,2,2,1, 18917
1,18916,1,1,1, 18917
8,18916,1,1,0, 18917
15,18916,2,2,1, 18918
2,18918,2,2,1, 18920
8,18921,1,1,1, 18922
15,18921,2,2,1, 18923
6,18920,2,4,1, 18924
24,18949,1,1,0, 18950
24,18954,1,1,0, 18955
24,18959,1,1,1, 18960
24,18964,1,1,0, 18965
24,18969,1,1,1, 18970
24,18974,1,1,1, 18975
24,18979,1,1,0, 18980
24,18984,1,1,0, 18985
24,18989,1,1,1, 18990
31,18991,2,2,1, 18993
24,18994,1,1,1, 18995
24,18999,1,1,1, 19000
24,19004,1,1,1, 19005
31,19006,2,2,1, 19008
24,19009,1,1,1, 19010
30,19008,3,3,1, 19011
24,19014,1,1,0, 19015
30,19013,3,3,1, 19016
24,19019,1,1,1, 19020
1,19021,1,1,0, 19022
9,19022,2,2,1, 19024
24,19024,1,1,1, 19025
30,19023,3,3,1, 19026
29,19023,4,4,1, 19027
1,19026,1,1,0, 19027
8,19026,1,1,1, 19027
31,19026,2,2,1, 19028
24,19029,1,1,0, 19030
30,19028,3,3,1, 19031
29,19028,4,4,1, 19032
17,19029,3,3,1, 19032
1,19031,1,1,0, 19032
8,19031,1,1,0, 19032
31,19031,2,2,1, 19033
24,19034,1,1,1, 19035
25,19035,2,2,1, 19037
1,19036,1,1,0, 19037
8,19036,1,1,0, 19037
31,19036,2,2,1, 19038
25,19040,2,2,1, 19042
1,19041,1,1,1, 19042
8,19041,1,1,0, 19042
25,19045,2,2,1, 19047
1,19046,1,1,1, 19047
8,19046,1,1,1, 19047
25,19050,2,2,1, 19052
1,19051,1,1,0, 19052
8,19051,1,1,0, 19052
25,19055,2,2,1, 19057
1,19056,1,1,0, 19057
8,19056,1,1,0, 19057
25,19060,2,2,1, 19062
1,19061,1,1,1, 19062
8,19061,1,1,1, 19062
15,19061,2,2,1, 19063
2,19063,2,2,1, 19065
1,19066,1,1,1, 19067
8,19066,1,1,0, 19067
15,19066,2,2,1, 19068
2,19068,2,2,1, 19070
25,19070,2,2,1, 19072
1,19071,1,1,0, 19072
8,19071,1,1,1, 19072
2,19073,2,2,1, 19075
1,19076,1,1,0, 19077
8,19076,1,1,1, 19077
2,19078,2,2,1, 19080
8,19081,1,1,1, 19082
15,19081,2,2,1, 19083
14,19084,3,3,1, 19087
8,19086,1,1,1, 19087
14,19089,3,3,1, 19092
8,19091,1,1,0, 19092
13,19089,4,4,1, 19093
6,19090,2,4,1, 19094
14,19094,3,3,1, 19097
8,19096,1,1,1, 19097
13,19094,4,4,1, 19098
15,19096,2,2,1, 19098
8,19101,1,1,1, 19102
8,19106,1,1,0, 19107
13,19104,4,4,1, 19108
6,19105,2,4,1, 19109
14,19109,3,3,1, 19112
8,19111,1,1,1, 19112
13,19109,4,4,1, 19113
24,19144,1,1,1, 19145
24,19149,1,1,0, 19150
24,19154,1,1,0, 19155
24,19159,1,1,1, 19160
24,19164,1,1,1, 19165
24,19169,1,1,1, 19170
31,19171,2,2,1, 19173
24,19174,1,1,1, 19175
24,19179,1,1,1, 19180
25,19180,2,2,1, 19182
1,19181,1,1,1, 19182
9,19182,2,2,1, 19184
24,19184,1,1,1, 19185
25,19185,2,2,1, 19187
1,19186,1,1,0, 19187
9,19187,2,2,1, 19189
24,19189,1,1,1, 19190
17,19189,3,3,1, 19192
25,19190,2,2,1, 19192
1,19191,1,1,0, 19192
24,19194,1,1,0, 19195
17,19194,3,3,1, 19197
1,19196,1,1,0, 19197
31,19196,2,2,1, 19198
24,19199,1,1,1, 19200
17,19199,3,3,1, 19202
1,19201,1,1,1, 19202
31,19201,2,2,1, 19203
9,19202,2,2,1, 19204
24,19204,1,1,1, 19205
17,19204,3,3,1, 19207
25,19205,2,2,1, 19207
1,19206,1,1,1, 19207
31,19206,2,2,1, 19208
24,19209,1,1,0, 19210
17,19209,3,3,1, 19212
1,19211,1,1,0, 19212
31,19211,2,2,1, 19213
24,19214,1,1,0, 19215
17,19214,3,3,1, 19217
1,19216,1,1,0, 19217
9,19217,2,2,1, 19219
24,19219,1,1,0, 19220
8,19221,1,1,0, 19222
24,19224,1,1,1, 19225
8,19226,1,1,0, 19227
31,19226,2,2,1, 19228
24,19229,1,1,0, 19230
8,19231,1,1,1, 19232
24,19234,1,1,1, 19235
8,19236,1,1,1, 19237
24,19239,1,1,0, 19240
8,19241,1,1,0, 19242
15,19241,2,2,1, 19243
31,19241,2,2,1, 19243
24,19244,1,1,0, 19245
8,19246,1,1,0, 19247
15,19246,2,2,1, 19248
31,19246,2,2,1, 19248
24,19249,1,1,1, 19250
8,19251,1,1,0, 19252
15,19251,2,2,1, 19253
24,19254,1,1,1, 19255
8,19256,1,1,1, 19257
13,19254,4,4,1, 19258
24,19259,1,1,1, 19260
8,19261,1,1,1, 19262
13,19259,4,4,1, 19263
6,19260,2,4,1, 19264
24,19264,1,1,1, 19265
30,19263,3,3,1, 19266
14,19264,3,3,1, 19267
8,19266,1,1,0, 19267
13,19264,4,4,1, 19268
6,19265,2,4,1, 19269
8,19271,1,1,1, 19272
14,19274,3,3,1, 19277
8,19276,1,1,1, 19277
15,19276,2,2,1, 19278
14,19279,3,3,1, 19282
8,19281,1,1,0, 19282
13,19279,4,4,1, 19283
1,19326,1,1,0, 19327
1,19331,1,1,1, 19332
1,19336,1,1,1, 19337
1,19341,1,1,1, 19342
9,19342,2,2,1, 19344
1,19346,1,1,1, 19347
17,19349,3,3,1, 19352
1,19351,1,1,1, 19352
1,19356,1,1,0, 19357
17,19359,3,3,1, 19362
1,19361,1,1,0, 19362
9,19362,2,2,1, 19364
1,19366,1,1,1, 19367
9,19367,2,2,1, 19369
24,19369,1,1,1, 19370
17,19369,3,3,1, 19372
1,19371,1,1,0, 19372
24,19374,1,1,0, 19375
17,19374,3,3,1, 19377
1,19376,1,1,1, 19377
24,19379,1,1,0, 19380
17,19379,3,3,1, 19382
1,19381,1,1,1, 19382
9,19382,2,2,1, 19384
24,19384,1,1,1, 19385
17,19384,3,3,1, 19387
1,19386,1,1,0, 19387
9,19387,2,2,1, 19389
22,19386,4,4,1, 19390
24,19389,1,1,1, 19390
16,19389,2,2,1, 19391
1,19391,1,1,0, 19392
8,19391,1,1,0, 19392
22,19391,4,4,1, 19395
24,19394,1,1,1, 19395
23,19393,3,3,1, 19396
1,19396,1,1,1, 19397
8,19396,1,1,0, 19397
2,19398,2,2,1, 19400
24,19399,1,1,0, 19400
1,19401,1,1,1, 19402
8,19401,1,1,0, 19402
22,19401,4,4,1, 19405
24,19404,1,1,0, 19405
16,19404,2,2,1, 19406
1,19406,1,1,1, 19407
8,19406,1,1,1, 19407
9,19407,2,2,1, 19409
22,19406,4,4,1, 19410
24,19409,1,1,1, 19410
8,19411,1,1,1, 19412
15,19411,2,2,1, 19413
22,19411,4,4,1, 19415
24,19414,1,1,0, 19415
16,19414,2,2,1, 19416
8,19416,1,1,0, 19417
15,19416,2,2,1, 19418
22,19416,4,4,1, 19420
24,19419,1,1,0, 19420
16,19419,2,2,1, 19421
8,19421,1,1,1, 19422
15,19421,2,2,1, 19423
24,19424,1,1,0, 19425
14,19424,3,3,1, 19427
24,19429,1,1,1, 19430
24,19434,1,1,0, 19435
31,19436,2,2,1, 19438
24,19439,1,1,1, 19440
31,19441,2,2,1, 19443
24,19444,1,1,1, 19445
24,19449,1,1,1, 19450
24,19454,1,1,1, 19455
24,19459,1,1,0, 19460
24,19464,1,1,1, 19465
31,19466,2,2,1, 19468
24,19469,1,1,1, 19470
31,19471,2,2,1, 19473
24,19474,1,1,0, 19475
31,19476,2,2,1, 19478
24,19479,1,1,1, 19480
24,19484,1,1,0, 19485
31,19486,2,2,1, 19488
24,19489,1,1,0, 19490
30,19488,3,3,1, 19491
24,19494,1,1,0, 19495
24,19499,1,1,0, 19500
29,19498,4,4,1, 19502
24,19504,1,1,0, 19505
24,19509,1,1,0, 19510
24,19514,1,1,0, 19515
30,19513,3,3,1, 19516
25,19515,2,2,1, 19517
1,19516,1,1,1, 19517
25,19520,2,2,1, 19522
1,19521,1,1,1, 19522
1,19526,1,1,0, 19527
1,19531,1,1,1, 19532
8,19531,1,1,1, 19532
16,19534,2,2,1, 19536
25,19535,2,2,1, 19537
1,19536,1,1,0, 19537
8,19536,1,1,1, 19537
1,19541,1,1,0, 19542
8,19541,1,1,0, 19542
25,19545,2,2,1, 19547
1,19546,1,1,1, 19547
8,19546,1,1,1, 19547
16,19549,2,2,1, 19551
25,19550,2,2,1, 19552
1,19551,1,1,0, 19552
8,19551,1,1,1, 19552
9,19552,2,2,1, 19554
16,19554,2,2,1, 19556
17,19554,3,3,1, 19557
1,19556,1,1,1, 19557
8,19556,1,1,0, 19557
9,19557,2,2,1, 19559
17,19559,3,3,1, 19562
1,19561,1,1,1, 19562
8,19561,1,1,0, 19562
9,19562,2,2,1, 19564
23,19563,3,3,1, 19566
16,19564,2,2,1, 19566
25,19565,2,2,1, 19567
1,19566,1,1,0, 19567
8,19566,1,1,0, 19567
16,19569,2,2,1, 19571
17,19569,3,3,1, 19572
25,19570,2,2,1, 19572
1,19571,1,1,0, 19572
8,19571,1,1,1, 19572
9,19572,2,2,1, 19574
16,19574,2,2,1, 19576
8,19576,1,1,1, 19577
16,19579,2,2,1, 19581
8,19581,1,1,0, 19582
22,19581,4,4,1, 19585
23,19583,3,3,1, 19586
8,19586,1,1,1, 19587
22,19586,4,4,1, 19590
8,19591,1,1,0, 19592
22,19591,4,4,1, 19595
24,19619,1,1,1, 19620
24,19624,1,1,1, 19625
24,19629,1,1,0, 19630
24,19634,1,1,1, 19635
24,19639,1,1,0, 19640
24,19644,1,1,0, 19645
24,19649,1,1,1, 19650
24,19654,1,1,1, 19655
24,19659,1,1,0, 19660
24,19664,1,1,1, 19665
24,19669,1,1,1, 19670
24,19674,1,1,1, 19675
24,19679,1,1,1, 19680
25,19680,2,2,1, 19682
1,19681,1,1,1, 19682
31,19681,2,2,1, 19683
24,19684,1,1,0, 19685
25,19685,2,2,1, 19687
1,19686,1,1,1, 19687
31,19686,2,2,1, 19688
24,19689,1,1,0, 19690
1,19691,1,1,1, 19692
24,19694,1,1,1, 19695
1,19696,1,1,0, 19697
31,19696,2,2,1, 19698
24,19699,1,1,1, 19700
25,19700,2,2,1, 19702
1,19701,1,1,0, 19702
8,19701,1,1,0, 19702
24,19704,1,1,1, 19705
1,19706,1,1,1, 19707
8,19706,1,1,0, 19707
31,19706,2,2,1, 19708
24,19709,1,1,1, 19710
25,19710,2,2,1, 19712
1,19711,1,1,0, 19712
8,19711,1,1,0, 19712
31,19711,2,2,1, 19713
24,19714,1,1,1, 19715
1,19716,1,1,0, 19717
8,19716,1,1,0, 19717
31,19716,2,2,1, 19718
24,19719,1,1,1, 19720
1,19721,1,1,0, 19722
8,19721,1,1,1, 19722
31,19721,2,2,1, 19723
24,19724,1,1,0, 19725
25,19725,2,2,1, 19727
1,19726,1,1,0, 19727
8,19726,1,1,0, 19727
24,19729,1,1,1, 19730
16,19729,2,2,1, 19731
1,19731,1,1,0, 19732
8,19731,1,1,1, 19732
24,19734,1,1,0, 19735
30,19733,3,3,1, 19736
16,19734,2,2,1, 19736
1,19736,1,1,1, 19737
8,19736,1,1,1, 19737
31,19736,2,2,1, 19738
9,19737,2,2,1, 19739
24,19739,1,1,1, 19740
1,19741,1,1,0, 19742
8,19741,1,1,1, 19742
2,19743,2,2,1, 19745
16,19744,2,2,1, 19746
25,19745,2,2,1, 19747
1,19746,1,1,1, 19747
8,19746,1,1,1, 19747
18,19748,4,4,1, 19752
1,19751,1,1,0, 19752
8,19751,1,1,1, 19752
9,19752,2,2,1, 19754
2,19753,2,2,1, 19755
18,19753,4,4,1, 19757
8,19756,1,1,1, 19757
16,19759,2,2,1, 19761
8,19761,1,1,1, 19762
8,19766,1,1,0, 19767
16,19769,2,2,1, 19771
8,19771,1,1,1, 19772
23,19773,3,3,1, 19776
8,19776,1,1,0, 19777
16,19779,2,2,1, 19781
8,19781,1,1,0, 19782
23,19783,3,3,1, 19786
16,19784,2,2,1, 19786
8,19786,1,1,1, 19787
22,19786,4,4,1, 19790
23,19788,3,3,1, 19791
8,19791,1,1,1, 19792
23,19793,3,3,1, 19796
24,19844,1,1,1, 19845
24,19849,1,1,1, 19850
24,19854,1,1,1, 19855
24,19859,1,1,1, 19860
1,19861,1,1,1, 19862
9,19862,2,2,1, 19864
24,19864,1,1,0, 19865
1,19866,1,1,1, 19867
24,19869,1,1,0, 19870
25,19870,2,2,1, 19872
1,19871,1,1,1, 19872
24,19874,1,1,0, 19875
1,19876,1,1,0, 19877
9,19877,2,2,1, 19879
24,19879,1,1,1, 19880
17,19879,3,3,1, 19882
25,19880,2,2,1, 19882
1,19881,1,1,1, 19882
24,19884,1,1,0, 19885
25,19885,2,2,1, 19887
1,19886,1,1,1, 19887
24,19889,1,1,1, 19890
1,19891,1,1,0, 19892
24,19894,1,1,0, 19895
18,19893,4,4,1, 19897
1,19896,1,1,0, 19897
26,19897,3,3,1, 19900
24,19899,1,1,0, 19900
18,19898,4,4,1, 19902
1,19901,1,1,0, 19902
8,19901,1,1,1, 19902
26,19902,3,3,1, 19905
24,19904,1,1,1, 19905
1,19906,1,1,1, 19907
8,19906,1,1,1, 19907
26,19907,3,3,1, 19910
2,19908,2,2,1, 19910
24,19909,1,1,1, 19910
18,19908,4,4,1, 19912
25,19910,2,2,1, 19912
8,19911,1,1,1, 19912
24,19914,1,1,0, 19915
8,19916,1,1,1, 19917
24,19919,1,1,1, 19920
8,19921,1,1,0, 19922
24,19924,1,1,0, 19925
8,19926,1,1,0, 19927
24,19929,1,1,0, 19930
8,19931,1,1,0, 19932
24,19934,1,1,1, 19935
8,19936,1,1,1, 19937
31,19936,2,2,1, 19938
24,19939,1,1,0, 19940
8,19941,1,1,1, 19942
24,19944,1,1,0, 19945
8,19946,1,1,0, 19947
24,19949,1,1,1, 19950
8,19951,1,1,1, 19952
31,19951,2,2,1, 19953
24,19954,1,1,0, 19955
16,19954,2,2,1, 19956
8,19956,1,1,0, 19957
31,19956,2,2,1, 19958
24,19959,1,1,0, 19960
16,19959,2,2,1, 19961
8,19961,1,1,1, 19962
31,19961,2,2,1, 19963
24,19964,1,1,0, 19965
8,19966,1,1,0, 19967
15,19966,2,2,1, 19968
31,19966,2,2,1, 19968
24,19969,1,1,0, 19970
8,19971,1,1,0, 19972
24,19974,1,1,0, 19975
16,19974,2,2,1, 19976
8,19976,1,1,0, 19977
15,19976,2,2,1, 19978
31,19976,2,2,1, 19978
24,19979,1,1,1, 19980
16,19979,2,2,1, 19981
8,19981,1,1,0, 19982
31,19981,2,2,1, 19983
24,19984,1,1,1, 19985
16,19984,2,2,1, 19986
8,19986,1,1,0, 19987
15,19986,2,2,1, 19988
24,19989,1,1,1, 19990
30,19988,3,3,1, 19991
29,19988,4,4,1, 19992
8,19991,1,1,1, 19992
15,19991,2,2,1, 19993
8,19996,1,1,1, 19997
22,19996,4,4,1, 20000
1,20021,1,1,1, 20022
17,20024,3,3,1, 20027
1,20026,1,1,1, 20027
9,20027,2,2,1, 20029
17,20029,3,3,1, 20032
1,20031,1,1,0, 20032
1,20036,1,1,0, 20037
9,20037,2,2,1, 20039
25,20040,2,2,1, 20042
1,20041,1,1,1, 20042
17,20044,3,3,1, 20047
25,20045,2,2,1, 20047
1,20046,1,1,0, 20047
9,20047,2,2,1, 20049
1,20051,1,1,1, 20052
17,20054,3,3,1, 20057
1,20056,1,1,1, 20057
9,20057,2,2,1, 20059
18,20058,4,4,1, 20062
17,20059,3,3,1, 20062
1,20061,1,1,0, 20062
17,20064,3,3,1, 20067
1,20066,1,1,0, 20067
9,20067,2,2,1, 20069
24,20099,1,1,1, 20100
8,20101,1,1,1, 20102
24,20104,1,1,1, 20105
8,20106,1,1,0, 20107
24,20109,1,1,0, 20110
8,20111,1,1,1, 20112
24,20114,1,1,1, 20115
8,20116,1,1,0, 20117
24,20119,1,1,1, 20120
8,20121,1,1,1, 20122
24,20124,1,1,1, 20125
8,20126,1,1,0, 20127
24,20129,1,1,0, 20130
8,20131,1,1,0, 20132
24,20134,1,1,0, 20135
8,20136,1,1,0, 20137
24,20139,1,1,0, 20140
8,20141,1,1,0, 20142
24,20144,1,1,0, 20145
8,20146,1,1,1, 20147
24,20149,1,1,0, 20150
8,20151,1,1,0, 20152
24,20154,1,1,1, 20155
8,20156,1,1,0, 20157
24,20159,1,1,0, 20160
16,20159,2,2,1, 20161
8,20161,1,1,1, 20162
31,20161,2,2,1, 20163
24,20164,1,1,0, 20165
16,20164,2,2,1, 20166
8,20166,1,1,1, 20167
31,20166,2,2,1, 20168
24,20169,1,1,0, 20170
16,20169,2,2,1, 20171
8,20171,1,1,1, 20172
15,20171,2,2,1, 20173
31,20171,2,2,1, 20173
24,20174,1,1,0, 20175
16,20174,2,2,1, 20176
25,20175,2,2,1, 20177
1,20176,1,1,1, 20177
8,20176,1,1,0, 20177
15,20176,2,2,1, 20178
24,20179,1,1,1, 20180
16,20179,2,2,1, 20181
1,20181,1,1,1, 20182
8,20181,1,1,0, 20182
31,20181,2,2,1, 20183
24,20184,1,1,0, 20185
25,20185,2,2,1, 20187
1,20186,1,1,1, 20187
8,20186,1,1,1, 20187
24,20189,1,1,0, 20190
1,20191,1,1,1, 20192
8,20191,1,1,1, 20192
24,20194,1,1,1, 20195
1,20196,1,1,1, 20197
8,20196,1,1,1, 20197
15,20196,2,2,1, 20198
31,20196,2,2,1, 20198
6,20195,2,4,1, 20199
24,20199,1,1,0, 20200
16,20199,2,2,1, 20201
25,20200,2,2,1, 20202
1,20201,1,1,1, 20202
8,20201,1,1,1, 20202
13,20199,4,4,1, 20203
31,20201,2,2,1, 20203
9,20202,2,2,1, 20204
24,20204,1,1,1, 20205
25,20205,2,2,1, 20207
1,20206,1,1,1, 20207
9,20207,2,2,1, 20209
24,20209,1,1,0, 20210
30,20208,3,3,1, 20211
29,20208,4,4,1, 20212
25,20210,2,2,1, 20212
1,20211,1,1,0, 20212
9,20212,2,2,1, 20214
24,20214,1,1,1, 20215
30,20213,3,3,1, 20216
17,20214,3,3,1, 20217
1,20216,1,1,1, 20217
24,20219,1,1,0, 20220
30,20218,3,3,1, 20221
1,20221,1,1,1, 20222
1,20226,1,1,0, 20227
1,20231,1,1,0, 20232
9,20232,2,2,1, 20234
1,20236,1,1,1, 20237
9,20237,2,2,1, 20239
1,20241,1,1,0, 20242
25,20245,2,2,1, 20247
1,20246,1,1,0, 20247
9,20247,2,2,1, 20249
8,20311,1,1,0, 20312
8,20316,1,1,1, 20317
8,20321,1,1,1, 20322
24,20324,1,1,1, 20325
8,20326,1,1,1, 20327
24,20329,1,1,0, 20330
8,20331,1,1,1, 20332
24,20334,1,1,1, 20335
8,20336,1,1,1, 20337
24,20339,1,1,1, 20340
8,20341,1,1,1, 20342
24,20344,1,1,0, 20345
8,20346,1,1,1, 20347
15,20346,2,2,1, 20348
24,20349,1,1,1, 20350
8,20351,1,1,1, 20352
15,20351,2,2,1, 20353
24,20354,1,1,0, 20355
14,20354,3,3,1, 20357
17,20354,3,3,1, 20357
1,20356,1,1,1, 20357
8,20356,1,1,0, 20357
13,20354,4,4,1, 20358
15,20356,2,2,1, 20358
24,20359,1,1,0, 20360
1,20361,1,1,1, 20362
8,20361,1,1,1, 20362
13,20359,4,4,1, 20363
15,20361,2,2,1, 20363
9,20362,2,2,1, 20364
24,20364,1,1,0, 20365
16,20364,2,2,1, 20366
1,20366,1,1,0, 20367
8,20366,1,1,1, 20367
9,20367,2,2,1, 20369
24,20369,1,1,0, 20370
25,20370,2,2,1, 20372
1,20371,1,1,0, 20372
8,20371,1,1,1, 20372
24,20374,1,1,0, 20375
16,20374,2,2,1, 20376
17,20374,3,3,1, 20377
1,20376,1,1,0, 20377
8,20376,1,1,1, 20377
13,20374,4,4,1, 20378
15,20376,2,2,1, 20378
24,20379,1,1,1, 20380
16,20379,2,2,1, 20381
17,20379,3,3,1, 20382
1,20381,1,1,1, 20382
8,20381,1,1,1, 20382
24,20384,1,1,1, 20385
23,20383,3,3,1, 20386
29,20383,4,4,1, 20387
25,20385,2,2,1, 20387
1,20386,1,1,0, 20387
24,20389,1,1,1, 20390
30,20388,3,3,1, 20391
29,20388,4,4,1, 20392
1,20391,1,1,1, 20392
9,20392,2,2,1, 20394
24,20394,1,1,1, 20395
17,20394,3,3,1, 20397
25,20395,2,2,1, 20397
1,20396,1,1,0, 20397
31,20396,2,2,1, 20398
24,20399,1,1,1, 20400
25,20400,2,2,1, 20402
1,20401,1,1,0, 20402
31,20401,2,2,1, 20403
24,20404,1,1,0, 20405
25,20405,2,2,1, 20407
1,20406,1,1,0, 20407
24,20409,1,1,1, 20410
1,20411,1,1,0, 20412
24,20414,1,1,0, 20415
25,20415,2,2,1, 20417
1,20416,1,1,0, 20417
31,20416,2,2,1, 20418
24,20419,1,1,0, 20420
1,20421,1,1,0, 20422
31,20421,2,2,1, 20423
24,20424,1,1,0, 20425
25,20425,2,2,1, 20427
1,20426,1,1,1, 20427
31,20426,2,2,1, 20428
24,20429,1,1,0, 20430
1,20431,1,1,0, 20432
31,20431,2,2,1, 20433
2,20433,2,2,1, 20435
24,20434,1,1,0, 20435
24,20439,1,1,1, 20440
31,20441,2,2,1, 20443
8,20491,1,1,0, 20492
23,20493,3,3,1, 20496
8,20496,1,1,1, 20497
8,20501,1,1,0, 20502
8,20506,1,1,0, 20507
8,20511,1,1,1, 20512
8,20516,1,1,0, 20517
8,20521,1,1,1, 20522
8,20526,1,1,0, 20527
8,20531,1,1,0, 20532
8,20536,1,1,1, 20537
15,20536,2,2,1, 20538
1,20541,1,1,1, 20542
8,20541,1,1,0, 20542
15,20541,2,2,1, 20543
9,20542,2,2,1, 20544
1,20546,1,1,0, 20547
8,20546,1,1,0, 20547
15,20546,2,2,1, 20548
9,20547,2,2,1, 20549
24,20549,1,1,0, 20550
1,20551,1,1,0, 20552
8,20551,1,1,1, 20552
9,20552,2,2,1, 20554
24,20554,1,1,0, 20555
17,20554,3,3,1, 20557
1,20556,1,1,1, 20557
8,20556,1,1,1, 20557
15,20556,2,2,1, 20558
9,20557,2,2,1, 20559
24,20559,1,1,0, 20560
17,20559,3,3,1, 20562
1,20561,1,1,0, 20562
8,20561,1,1,1, 20562
24,20564,1,1,0, 20565
1,20566,1,1,1, 20567
8,20566,1,1,1, 20567
15,20566,2,2,1, 20568
24,20569,1,1,0, 20570
17,20569,3,3,1, 20572
1,20571,1,1,0, 20572
8,20571,1,1,0, 20572
13,20569,4,4,1, 20573
6,20570,2,4,1, 20574
24,20574,1,1,0, 20575
14,20574,3,3,1, 20577
17,20574,3,3,1, 20577
1,20576,1,1,0, 20577
8,20576,1,1,0, 20577
13,20574,4,4,1, 20578
24,20579,1,1,1, 20580
1,20581,1,1,0, 20582
8,20581,1,1,1, 20582
13,20579,4,4,1, 20583
24,20584,1,1,0, 20585
17,20584,3,3,1, 20587
1,20586,1,1,0, 20587
24,20589,1,1,0, 20590
1,20591,1,1,0, 20592
24,20594,1,1,0, 20595
17,20594,3,3,1, 20597
1,20596,1,1,0, 20597
24,20599,1,1,0, 20600
1,20601,1,1,0, 20602
24,20604,1,1,1, 20605
1,20606,1,1,0, 20607
24,20609,1,1,0, 20610
1,20611,1,1,0, 20612
2,20613,2,2,1, 20615
24,20614,1,1,0, 20615
1,20616,1,1,0, 20617
24,20619,1,1,0, 20620
1,20621,1,1,0, 20622
2,20623,2,2,1, 20625
24,20624,1,1,0, 20625
25,20625,2,2,1, 20627
1,20626,1,1,1, 20627
2,20628,2,2,1, 20630
24,20629,1,1,0, 20630
24,20634,1,1,1, 20635
24,20639,1,1,1, 20640
24,20644,1,1,0, 20645
24,20649,1,1,1, 20650
31,20651,2,2,1, 20653
24,20654,1,1,1, 20655
24,20659,1,1,1, 20660
24,20664,1,1,0, 20665
31,20666,2,2,1, 20668
24,20669,1,1,1, 20670
31,20671,2,2,1, 20673
24,20674,1,1,0, 20675
31,20676,2,2,1, 20678
24,20679,1,1,0, 20680
24,20684,1,1,1, 20685
8,20686,1,1,0, 20687
24,20689,1,1,0, 20690
16,20689,2,2,1, 20691
8,20691,1,1,1, 20692
31,20691,2,2,1, 20693
22,20691,4,4,1, 20695
24,20694,1,1,1, 20695
16,20694,2,2,1, 20696
8,20696,1,1,0, 20697
24,20699,1,1,1, 20700
30,20698,3,3,1, 20701
8,20701,1,1,0, 20702
22,20701,4,4,1, 20705
24,20704,1,1,0, 20705
23,20703,3,3,1, 20706
30,20703,3,3,1, 20706
16,20704,2,2,1, 20706
29,20703,4,4,1, 20707
8,20706,1,1,0, 20707
31,20706,2,2,1, 20708
22,20706,4,4,1, 20710
23,20708,3,3,1, 20711
16,20709,2,2,1, 20711
8,20711,1,1,1, 20712
15,20711,2,2,1, 20713
14,20714,3,3,1, 20717
8,20716,1,1,1, 20717
6,20715,2,4,1, 20719
14,20719,3,3,1, 20722
17,20739,3,3,1, 20742
1,20741,1,1,0, 20742
25,20745,2,2,1, 20747
1,20746,1,1,1, 20747
25,20750,2,2,1, 20752
1,20751,1,1,1, 20752
9,20752,2,2,1, 20754
25,20755,2,2,1, 20757
1,20756,1,1,0, 20757
25,20760,2,2,1, 20762
1,20761,1,1,0, 20762
9,20762,2,2,1, 20764
1,20766,1,1,0, 20767
1,20771,1,1,0, 20772
9,20772,2,2,1, 20774
1,20776,1,1,1, 20777
25,20780,2,2,1, 20782
1,20781,1,1,0, 20782
25,20785,2,2,1, 20787
1,20786,1,1,0, 20787
1,20791,1,1,0, 20792
1,20796,1,1,1, 20797
9,20797,2,2,1, 20799
25,20800,2,2,1, 20802
1,20801,1,1,0, 20802
9,20802,2,2,1, 20804
25,20805,2,2,1, 20807
24,20814,1,1,0, 20815
24,20819,1,1,1, 20820
24,20824,1,1,0, 20825
8,20826,1,1,0, 20827
24,20829,1,1,1, 20830
8,20831,1,1,1, 20832
24,20834,1,1,1, 20835
8,20836,1,1,1, 20837
24,20839,1,1,1, 20840
16,20839,2,2,1, 20841
8,20841,1,1,1, 20842
24,20844,1,1,1, 20845
16,20844,2,2,1, 20846
8,20846,1,1,0, 20847
24,20849,1,1,0, 20850
8,20851,1,1,0, 20852
24,20854,1,1,1, 20855
30,20853,3,3,1, 20856
16,20854,2,2,1, 20856
8,20856,1,1,0, 20857
24,20859,1,1,1, 20860
8,20861,1,1,1, 20862
31,20861,2,2,1, 20863
24,20864,1,1,0, 20865
16,20864,2,2,1, 20866
8,20866,1,1,1, 20867
24,20869,1,1,1, 20870
29,20868,4,4,1, 20872
8,20871,1,1,1, 20872
15,20871,2,2,1, 20873
31,20871,2,2,1, 20873
24,20874,1,1,1, 20875
16,20874,2,2,1, 20876
29,20873,4,4,1, 20877
8,20876,1,1,1, 20877
24,20879,1,1,0, 20880
29,20878,4,4,1, 20882
8,20881,1,1,0, 20882
31,20881,2,2,1, 20883
24,20884,1,1,0, 20885
8,20886,1,1,0, 20887
13,20884,4,4,1, 20888
24,20889,1,1,0, 20890
23,20888,3,3,1, 20891
16,20889,2,2,1, 20891
14,20889,3,3,1, 20892
8,20891,1,1,1, 20892
13,20889,4,4,1, 20893
15,20891,2,2,1, 20893
24,20894,1,1,0, 20895
16,20894,2,2,1, 20896
8,20896,1,1,1, 20897
13,20894,4,4,1, 20898
24,20899,1,1,1, 20900
31,20901,2,2,1, 20903
24,20904,1,1,0, 20905
31,20906,2,2,1, 20908
24,20909,1,1,1, 20910
1,20911,1,1,0, 20912
24,20914,1,1,0, 20915
25,20915,2,2,1, 20917
1,20916,1,1,0, 20917
24,20919,1,1,0, 20920
1,20921,1,1,0, 20922
31,20921,2,2,1, 20923
25,20925,2,2,1, 20927
1,20926,1,1,0, 20927
1,20931,1,1,1, 20932
1,20936,1,1,0, 20937
25,20940,2,2,1, 20942
1,20941,1,1,0, 20942
1,20946,1,1,1, 20947
25,20950,2,2,1, 20952
1,20951,1,1,1, 20952
1,20956,1,1,0, 20957
25,20960,2,2,1, 20962
1,20961,1,1,0, 20962
25,20965,2,2,1, 20967
1,20966,1,1,0, 20967
1,20971,1,1,0, 20972
25,20975,2,2,1, 20977
1,20976,1,1,1, 20977
25,20980,2,2,1, 20982
1,20981,1,1,0, 20982
9,20982,2,2,1, 20984
25,20985,2,2,1, 20987
1,20986,1,1,1, 20987
9,20987,2,2,1, 20989
2,20988,2,2,1, 20990
1,20991,1,1,1, 20992
9,20992,2,2,1, 20994
2,20993,2,2,1, 20995
8,21006,1,1,0, 21007
8,21011,1,1,0, 21012
8,21016,1,1,0, 21017
8,21021,1,1,0, 21022
24,21024,1,1,0, 21025
8,21026,1,1,0, 21027
24,21029,1,1,0, 21030
8,21031,1,1,1, 21032
24,21034,1,1,1, 21035
8,21036,1,1,1, 21037
24,21039,1,1,1, 21040
8,21041,1,1,0, 21042
24,21044,1,1,1, 21045
8,21046,1,1,1, 21047
15,21046,2,2,1, 21048
24,21049,1,1,0, 21050
8,21051,1,1,1, 21052
24,21054,1,1,0, 21055
14,21054,3,3,1, 21057
8,21056,1,1,0, 21057
24,21059,1,1,0, 21060
14,21059,3,3,1, 21062
8,21061,1,1,1, 21062
6,21060,2,4,1, 21064
24,21064,1,1,0, 21065
8,21066,1,1,1, 21067
15,21066,2,2,1, 21068
6,21065,2,4,1, 21069
24,21069,1,1,1, 21070
23,21068,3,3,1, 21071
16,21069,2,2,1, 21071
8,21071,1,1,0, 21072
24,21074,1,1,0, 21075
14,21074,3,3,1, 21077
8,21076,1,1,1, 21077
15,21076,2,2,1, 21078
24,21079,1,1,1, 21080
8,21081,1,1,0, 21082
15,21081,2,2,1, 21083
24,21084,1,1,1, 21085
23,21083,3,3,1, 21086
16,21084,2,2,1, 21086
24,21089,1,1,1, 21090
24,21094,1,1,0, 21095
24,21099,1,1,0, 21100
1,21101,1,1,0, 21102
9,21102,2,2,1, 21104
24,21104,1,1,0, 21105
17,21104,3,3,1, 21107
1,21106,1,1,1, 21107
24,21109,1,1,0, 21110
25,21110,2,2,1, 21112
1,21111,1,1,0, 21112
24,21114,1,1,0, 21115
25,21115,2,2,1, 21117
1,21116,1,1,1, 21117
31,21116,2,2,1, 21118
24,21119,1,1,0, 21120
1,21121,1,1,0, 21122
31,21121,2,2,1, 21123
24,21124,1,1,0, 21125
1,21126,1,1,0, 21127
31,21126,2,2,1, 21128
24,21129,1,1,1, 21130
1,21131,1,1,1, 21132
24,21134,1,1,1, 21135
1,21136,1,1,0, 21137
24,21139,1,1,1, 21140
1,21141,1,1,1, 21142
24,21144,1,1,1, 21145
1,21146,1,1,1, 21147
24,21149,1,1,0, 21150
1,21151,1,1,1, 21152
31,21151,2,2,1, 21153
24,21154,1,1,0, 21155
1,21156,1,1,1, 21157
24,21159,1,1,0, 21160
1,21161,1,1,0, 21162
31,21161,2,2,1, 21163
24,21164,1,1,1, 21165
30,21163,3,3,1, 21166
29,21163,4,4,1, 21167
1,21166,1,1,0, 21167
2,21168,2,2,1, 21170
24,21169,1,1,0, 21170
30,21168,3,3,1, 21171
18,21168,4,4,1, 21172
29,21168,4,4,1, 21172
1,21171,1,1,1, 21172
31,21171,2,2,1, 21173
2,21173,2,2,1, 21175
24,21174,1,1,1, 21175
30,21173,3,3,1, 21176
18,21173,4,4,1, 21177
1,21176,1,1,1, 21177
26,21177,3,3,1, 21180
2,21178,2,2,1, 21180
1,21181,1,1,1, 21182
26,21182,3,3,1, 21185
2,21183,2,2,1, 21185
1,21186,1,1,1, 21187
26,21187,3,3,1, 21190
8,21191,1,1,0, 21192
8,21196,1,1,0, 21197
16,21199,2,2,1, 21201
8,21201,1,1,0, 21202
8,21206,1,1,0, 21207
8,21211,1,1,0, 21212
16,21214,2,2,1, 21216
8,21216,1,1,1, 21217
16,21219,2,2,1, 21221
8,21221,1,1,0, 21222
23,21223,3,3,1, 21226
8,21226,1,1,0, 21227
15,21226,2,2,1, 21228
22,21226,4,4,1, 21230
23,21228,3,3,1, 21231
16,21229,2,2,1, 21231
8,21231,1,1,0, 21232
22,21231,4,4,1, 21235
23,21233,3,3,1, 21236
8,21236,1,1,1, 21237
15,21236,2,2,1, 21238
8,21241,1,1,1, 21242
15,21241,2,2,1, 21243
8,21246,1,1,0, 21247
6,21245,2,4,1, 21249
24,21289,1,1,1, 21290
9,21292,2,2,1, 21294
24,21294,1,1,1, 21295
1,21296,1,1,0, 21297
9,21297,2,2,1, 21299
24,21299,1,1,0, 21300
17,21299,3,3,1, 21302
1,21301,1,1,1, 21302
24,21304,1,1,0, 21305
1,21306,1,1,0, 21307
9,21307,2,2,1, 21309
24,21309,1,1,1, 21310
17,21309,3,3,1, 21312
25,21310,2,2,1, 21312
1,21311,1,1,1, 21312
9,21312,2,2,1, 21314
24,21314,1,1,0, 21315
1,21316,1,1,0, 21317
24,21319,1,1,1, 21320
17,21319,3,3,1, 21322
25,21320,2,2,1, 21322
1,21321,1,1,1, 21322
31,21321,2,2,1, 21323
2,21323,2,2,1, 21325
24,21324,1,1,1, 21325
1,21326,1,1,1, 21327
2,21328,2,2,1, 21330
24,21329,1,1,0, 21330
25,21330,2,2,1, 21332
1,21331,1,1,1, 21332
31,21331,2,2,1, 21333
3,21332,3,3,1, 21335
24,21334,1,1,1, 21335
24,21339,1,1,0, 21340
31,21341,2,2,1, 21343
24,21344,1,1,0, 21345
30,21343,3,3,1, 21346
31,21346,2,2,1, 21348
24,21349,1,1,1, 21350
24,21354,1,1,0, 21355
30,21353,3,3,1, 21356
8,21356,1,1,1, 21357
24,21359,1,1,1, 21360
16,21359,2,2,1, 21361
8,21361,1,1,0, 21362
24,21364,1,1,1, 21365
8,21366,1,1,0, 21367
24,21369,1,1,0, 21370
8,21371,1,1,0, 21372
24,21374,1,1,0, 21375
30,21373,3,3,1, 21376
8,21376,1,1,0, 21377
31,21376,2,2,1, 21378
24,21379,1,1,0, 21380
30,21378,3,3,1, 21381
8,21381,1,1,0, 21382
24,21384,1,1,0, 21385
30,21383,3,3,1, 21386
16,21384,2,2,1, 21386
8,21386,1,1,1, 21387
16,21389,2,2,1, 21391
8,21391,1,1,1, 21392
15,21391,2,2,1, 21393
16,21394,2,2,1, 21396
8,21396,1,1,0, 21397
15,21396,2,2,1, 21398
16,21399,2,2,1, 21401
8,21401,1,1,0, 21402
14,21404,3,3,1, 21407
8,21406,1,1,1, 21407
15,21406,2,2,1, 21408
8,21411,1,1,0, 21412
13,21409,4,4,1, 21413
15,21411,2,2,1, 21413
16,21414,2,2,1, 21416
8,21416,1,1,1, 21417
15,21416,2,2,1, 21418
1,21436,1,1,0, 21437
9,21437,2,2,1, 21439
1,21441,1,1,0, 21442
9,21442,2,2,1, 21444
25,21445,2,2,1, 21447
1,21446,1,1,0, 21447
9,21447,2,2,1, 21449
1,21451,1,1,0, 21452
1,21456,1,1,1, 21457
1,21461,1,1,0, 21462
9,21462,2,2,1, 21464
25,21465,2,2,1, 21467
1,21466,1,1,0, 21467
9,21467,2,2,1, 21469
17,21469,3,3,1, 21472
1,21471,1,1,0, 21472
9,21472,2,2,1, 21474
17,21474,3,3,1, 21477
1,21476,1,1,0, 21477
9,21477,2,2,1, 21479
2,21478,2,2,1, 21480
17,21479,3,3,1, 21482
25,21480,2,2,1, 21482
24,21494,1,1,1, 21495
24,21499,1,1,1, 21500
24,21504,1,1,0, 21505
24,21509,1,1,0, 21510
24,21514,1,1,0, 21515
24,21519,1,1,0, 21520
24,21524,1,1,1, 21525
8,21526,1,1,1, 21527
24,21529,1,1,1, 21530
8,21531,1,1,0, 21532
24,21534,1,1,1, 21535
8,21536,1,1,1, 21537
24,21539,1,1,0, 21540
8,21541,1,1,1, 21542
31,21541,2,2,1, 21543
24,21544,1,1,1, 21545
8,21546,1,1,0, 21547
24,21549,1,1,0, 21550
8,21551,1,1,1, 21552
24,21554,1,1,0, 21555
8,21556,1,1,0, 21557
24,21559,1,1,1, 21560
8,21561,1,1,1, 21562
31,21561,2,2,1, 21563
24,21564,1,1,0, 21565
8,21566,1,1,0, 21567
24,21569,1,1,1, 21570
8,21571,1,1,1, 21572
31,21571,2,2,1, 21573
24,21574,1,1,1, 21575
30,21573,3,3,1, 21576
29,21573,4,4,1, 21577
8,21576,1,1,1, 21577
15,21576,2,2,1, 21578
31,21576,2,2,1, 21578
24,21579,1,1,0, 21580
30,21578,3,3,1, 21581
29,21578,4,4,1, 21582
8,21581,1,1,0, 21582
31,21581,2,2,1, 21583
24,21584,1,1,1, 21585
30,21583,3,3,1, 21586
29,21583,4,4,1, 21587
1,21586,1,1,1, 21587
8,21586,1,1,0, 21587
15,21586,2,2,1, 21588
24,21589,1,1,0, 21590
29,21588,4,4,1, 21592
1,21591,1,1,0, 21592
8,21591,1,1,1, 21592
31,21591,2,2,1, 21593
25,21595,2,2,1, 21597
1,21596,1,1,0, 21597
8,21596,1,1,1, 21597
15,21596,2,2,1, 21598
16,21599,2,2,1, 21601
1,21601,1,1,0, 21602
8,21601,1,1,1, 21602
25,21605,2,2,1, 21607
1,21606,1,1,0, 21607
8,21606,1,1,1, 21607
6,21605,2,4,1, 21609
14,21609,3,3,1, 21612
1,21611,1,1,1, 21612
8,21611,1,1,1, 21612
15,21611,2,2,1, 21613
14,21614,3,3,1, 21617
25,21615,2,2,1, 21617
1,21616,1,1,0, 21617
8,21616,1,1,1, 21617
6,21615,2,4,1, 21619
16,21619,2,2,1, 21621
25,21620,2,2,1, 21622
1,21621,1,1,1, 21622
8,21621,1,1,0, 21622
6,21620,2,4,1, 21624
9,21622,2,2,1, 21624
17,21624,3,3,1, 21627
25,21625,2,2,1, 21627
1,21626,1,1,1, 21627
17,21629,3,3,1, 21632
1,21631,1,1,0, 21632
9,21632,2,2,1, 21634
17,21634,3,3,1, 21637
1,21636,1,1,0, 21637
9,21637,2,2,1, 21639
17,21639,3,3,1, 21642
25,21640,2,2,1, 21642
1,21641,1,1,0, 21642
1,21646,1,1,0, 21647
9,21647,2,2,1, 21649
24,21699,1,1,0, 21700
24,21704,1,1,1, 21705
24,21709,1,1,0, 21710
24,21714,1,1,0, 21715
24,21719,1,1,0, 21720
24,21724,1,1,0, 21725
31,21726,2,2,1, 21728
24,21729,1,1,1, 21730
24,21734,1,1,1, 21735
8,21736,1,1,1, 21737
31,21736,2,2,1, 21738
24,21739,1,1,1, 21740
8,21741,1,1,0, 21742
31,21741,2,2,1, 21743
24,21744,1,1,1, 21745
8,21746,1,1,1, 21747
24,21749,1,1,0, 21750
8,21751,1,1,0, 21752
24,21754,1,1,1, 21755
1,21756,1,1,1, 21757
8,21756,1,1,1, 21757
24,21759,1,1,0, 21760
25,21760,2,2,1, 21762
1,21761,1,1,0, 21762
8,21761,1,1,0, 21762
15,21761,2,2,1, 21763
31,21761,2,2,1, 21763
24,21764,1,1,1, 21765
29,21763,4,4,1, 21767
25,21765,2,2,1, 21767
1,21766,1,1,0, 21767
8,21766,1,1,0, 21767
15,21766,2,2,1, 21768
31,21766,2,2,1, 21768
24,21769,1,1,0, 21770
30,21768,3,3,1, 21771
29,21768,4,4,1, 21772
1,21771,1,1,0, 21772
8,21771,1,1,1, 21772
15,21771,2,2,1, 21773
31,21771,2,2,1, 21773
24,21774,1,1,0, 21775
30,21773,3,3,1, 21776
29,21773,4,4,1, 21777
1,21776,1,1,0, 21777
8,21776,1,1,1, 21777
15,21776,2,2,1, 21778
24,21779,1,1,0, 21780
30,21778,3,3,1, 21781
1,21781,1,1,0, 21782
8,21781,1,1,1, 21782
1,21786,1,1,1, 21787
8,21786,1,1,1, 21787
15,21786,2,2,1, 21788
1,21791,1,1,1, 21792
8,21791,1,1,0, 21792
15,21791,2,2,1, 21793
1,21796,1,1,0, 21797
8,21796,1,1,1, 21797
15,21796,2,2,1, 21798
1,21801,1,1,0, 21802
8,21801,1,1,1, 21802
1,21806,1,1,0, 21807
8,21806,1,1,1, 21807
15,21806,2,2,1, 21808
16,21809,2,2,1, 21811
1,21811,1,1,0, 21812
8,21811,1,1,0, 21812
22,21811,4,4,1, 21815
3,21812,3,3,1, 21815
2,21813,2,2,1, 21815
19,21811,5,5,1, 21816
14,21814,3,3,1, 21817
1,21816,1,1,0, 21817
8,21816,1,1,1, 21817
13,21814,4,4,1, 21818
26,21817,3,3,1, 21820
18,21818,4,4,1, 21822
1,21821,1,1,0, 21822
11,21819,4,4,1, 21823
26,21822,3,3,1, 21825
1,21826,1,1,0, 21827
9,21827,2,2,1, 21829
2,21828,2,2,1, 21830
1,21831,1,1,0, 21832
3,21832,3,3,1, 21835
26,21832,3,3,1, 21835
24,21884,1,1,0, 21885
24,21889,1,1,1, 21890
24,21894,1,1,0, 21895
24,21899,1,1,1, 21900
24,21904,1,1,0, 21905
24,21909,1,1,0, 21910
24,21914,1,1,0, 21915
31,21916,2,2,1, 21918
24,21919,1,1,1, 21920
8,21921,1,1,1, 21922
22,21921,4,4,1, 21925
24,21924,1,1,1, 21925
23,21923,3,3,1, 21926
8,21926,1,1,1, 21927
31,21926,2,2,1, 21928
24,21929,1,1,0, 21930
23,21928,3,3,1, 21931
8,21931,1,1,1, 21932
22,21931,4,4,1, 21935
24,21934,1,1,0, 21935
16,21934,2,2,1, 21936
8,21936,1,1,0, 21937
31,21936,2,2,1, 21938
24,21939,1,1,0, 21940
16,21939,2,2,1, 21941
25,21940,2,2,1, 21942
1,21941,1,1,0, 21942
8,21941,1,1,1, 21942
24,21944,1,1,0, 21945
23,21943,3,3,1, 21946
29,21943,4,4,1, 21947
25,21945,2,2,1, 21947
1,21946,1,1,0, 21947
8,21946,1,1,1, 21947
22,21946,4,4,1, 21950
24,21949,1,1,0, 21950
29,21948,4,4,1, 21952
25,21950,2,2,1, 21952
1,21951,1,1,0, 21952
8,21951,1,1,1, 21952
31,21951,2,2,1, 21953
9,21952,2,2,1, 21954
24,21954,1,1,1, 21955
23,21953,3,3,1, 21956
30,21953,3,3,1, 21956
29,21953,4,4,1, 21957
25,21955,2,2,1, 21957
1,21956,1,1,1, 21957
8,21956,1,1,1, 21957
15,21956,2,2,1, 21958
31,21956,2,2,1, 21958
22,21956,4,4,1, 21960
2,21958,2,2,1, 21960
24,21959,1,1,0, 21960
30,21958,3,3,1, 21961
16,21959,2,2,1, 21961
25,21960,2,2,1, 21962
1,21961,1,1,1, 21962
31,21961,2,2,1, 21963
9,21962,2,2,1, 21964
2,21963,2,2,1, 21965
25,21965,2,2,1, 21967
1,21966,1,1,0, 21967
2,21968,2,2,1, 21970
25,21970,2,2,1, 21972
1,21971,1,1,1, 21972
3,21972,3,3,1, 21975
8,22066,1,1,1, 22067
24,22069,1,1,0, 22070
16,22069,2,2,1, 22071
8,22071,1,1,0, 22072
24,22074,1,1,1, 22075
1,22076,1,1,0, 22077
8,22076,1,1,0, 22077
24,22079,1,1,1, 22080
25,22080,2,2,1, 22082
1,22081,1,1,0, 22082
8,22081,1,1,1, 22082
24,22084,1,1,1, 22085
16,22084,2,2,1, 22086
1,22086,1,1,1, 22087
8,22086,1,1,0, 22087
24,22089,1,1,0, 22090
1,22091,1,1,0, 22092
8,22091,1,1,1, 22092
24,22094,1,1,1, 22095
16,22094,2,2,1, 22096
1,22096,1,1,1, 22097
8,22096,1,1,1, 22097
24,22099,1,1,1, 22100
16,22099,2,2,1, 22101
25,22100,2,2,1, 22102
1,22101,1,1,1, 22102
8,22101,1,1,1, 22102
31,22101,2,2,1, 22103
24,22104,1,1,1, 22105
25,22105,2,2,1, 22107
1,22106,1,1,0, 22107
8,22106,1,1,0, 22107
31,22106,2,2,1, 22108
2,22108,2,2,1, 22110
24,22109,1,1,0, 22110
16,22109,2,2,1, 22111
25,22110,2,2,1, 22112
1,22111,1,1,1, 22112
8,22111,1,1,1, 22112
24,22114,1,1,0, 22115
25,22115,2,2,1, 22117
1,22116,1,1,0, 22117
8,22116,1,1,0, 22117
24,22119,1,1,0, 22120
16,22119,2,2,1, 22121
17,22119,3,3,1, 22122
1,22121,1,1,1, 22122
8,22121,1,1,0, 22122
31,22121,2,2,1, 22123
24,22124,1,1,0, 22125
30,22123,3,3,1, 22126
1,22126,1,1,0, 22127
8,22126,1,1,1, 22127
31,22126,2,2,1, 22128
9,22127,2,2,1, 22129
22,22126,4,4,1, 22130
2,22128,2,2,1, 22130
24,22129,1,1,1, 22130
16,22129,2,2,1, 22131
17,22129,3,3,1, 22132
1,22131,1,1,0, 22132
8,22131,1,1,0, 22132
31,22131,2,2,1, 22133
2,22133,2,2,1, 22135
24,22134,1,1,0, 22135
17,22134,3,3,1, 22137
25,22135,2,2,1, 22137
1,22136,1,1,0, 22137
8,22136,1,1,1, 22137
15,22136,2,2,1, 22138
2,22138,2,2,1, 22140
24,22139,1,1,0, 22140
30,22138,3,3,1, 22141
16,22139,2,2,1, 22141
8,22141,1,1,0, 22142
15,22141,2,2,1, 22143
31,22141,2,2,1, 22143
24,22144,1,1,1, 22145
30,22143,3,3,1, 22146
29,22143,4,4,1, 22147
1,22246,1,1,0, 22247
1,22251,1,1,1, 22252
8,22251,1,1,0, 22252
24,22254,1,1,1, 22255
25,22255,2,2,1, 22257
1,22256,1,1,0, 22257
8,22256,1,1,0, 22257
24,22259,1,1,1, 22260
1,22261,1,1,0, 22262
8,22261,1,1,0, 22262
24,22264,1,1,1, 22265
1,22266,1,1,1, 22267
8,22266,1,1,1, 22267
24,22269,1,1,1, 22270
25,22270,2,2,1, 22272
1,22271,1,1,1, 22272
8,22271,1,1,0, 22272
24,22274,1,1,1, 22275
1,22276,1,1,0, 22277
8,22276,1,1,1, 22277
24,22279,1,1,0, 22280
25,22280,2,2,1, 22282
1,22281,1,1,0, 22282
8,22281,1,1,0, 22282
24,22284,1,1,1, 22285
25,22285,2,2,1, 22287
1,22286,1,1,0, 22287
8,22286,1,1,1, 22287
24,22289,1,1,0, 22290
1,22291,1,1,1, 22292
8,22291,1,1,1, 22292
31,22291,2,2,1, 22293
24,22294,1,1,0, 22295
1,22296,1,1,1, 22297
8,22296,1,1,1, 22297
31,22296,2,2,1, 22298
9,22297,2,2,1, 22299
2,22298,2,2,1, 22300
24,22299,1,1,0, 22300
16,22299,2,2,1, 22301
1,22301,1,1,0, 22302
8,22301,1,1,0, 22302
3,22302,3,3,1, 22305
2,22303,2,2,1, 22305
24,22304,1,1,1, 22305
16,22304,2,2,1, 22306
25,22305,2,2,1, 22307
1,22306,1,1,0, 22307
8,22306,1,1,1, 22307
11,22304,4,4,1, 22308
31,22306,2,2,1, 22308
3,22307,3,3,1, 22310
26,22307,3,3,1, 22310
2,22308,2,2,1, 22310
24,22309,1,1,1, 22310
18,22308,4,4,1, 22312
8,22311,1,1,1, 22312
24,22314,1,1,0, 22315
8,22316,1,1,0, 22317
24,22319,1,1,0, 22320
8,22321,1,1,0, 22322
15,22321,2,2,1, 22323
31,22321,2,2,1, 22323
24,22324,1,1,1, 22325
16,22324,2,2,1, 22326
8,22326,1,1,1, 22327
15,22326,2,2,1, 22328
6,22325,2,4,1, 22329
24,22329,1,1,1, 22330
14,22329,3,3,1, 22332
8,22331,1,1,0, 22332
31,22331,2,2,1, 22333
6,22330,2,4,1, 22334
24,22334,1,1,1, 22335
16,22334,2,2,1, 22336
14,22334,3,3,1, 22337
8,22336,1,1,1, 22337
15,22336,2,2,1, 22338
31,22336,2,2,1, 22338
24,22339,1,1,1, 22340
24,22344,1,1,1, 22345
30,22343,3,3,1, 22346
29,22343,4,4,1, 22347
24,22349,1,1,0, 22350
31,22351,2,2,1, 22353
24,22354,1,1,0, 22355
24,22359,1,1,0, 22360
31,22361,2,2,1, 22363
17,22414,3,3,1, 22417
1,22416,1,1,1, 22417
1,22421,1,1,1, 22422
17,22424,3,3,1, 22427
1,22426,1,1,0, 22427
9,22427,2,2,1, 22429
1,22431,1,1,1, 22432
2,22433,2,2,1, 22435
17,22434,3,3,1, 22437
1,22436,1,1,1, 22437
1,22441,1,1,0, 22442
2,22443,2,2,1, 22445
1,22446,1,1,1, 22447
8,22446,1,1,0, 22447
1,22451,1,1,0, 22452
8,22451,1,1,1, 22452
3,22452,3,3,1, 22455
2,22453,2,2,1, 22455
1,22456,1,1,1, 22457
8,22456,1,1,0, 22457
3,22457,3,3,1, 22460
2,22458,2,2,1, 22460
1,22461,1,1,1, 22462
8,22461,1,1,0, 22462
24,22464,1,1,0, 22465
1,22466,1,1,0, 22467
8,22466,1,1,0, 22467
3,22467,3,3,1, 22470
2,22468,2,2,1, 22470
24,22469,1,1,0, 22470
1,22471,1,1,1, 22472
8,22471,1,1,0, 22472
3,22472,3,3,1, 22475
24,22474,1,1,0, 22475
1,22476,1,1,0, 22477
8,22476,1,1,1, 22477
15,22476,2,2,1, 22478
26,22477,3,3,1, 22480
24,22479,1,1,1, 22480
8,22481,1,1,0, 22482
24,22484,1,1,0, 22485
8,22486,1,1,1, 22487
13,22484,4,4,1, 22488
15,22486,2,2,1, 22488
24,22489,1,1,1, 22490
8,22491,1,1,1, 22492
24,22494,1,1,1, 22495
8,22496,1,1,0, 22497
13,22494,4,4,1, 22498
24,22499,1,1,0, 22500
14,22499,3,3,1, 22502
8,22501,1,1,1, 22502
24,22504,1,1,1, 22505
14,22504,3,3,1, 22507
8,22506,1,1,1, 22507
13,22504,4,4,1, 22508
24,22509,1,1,0, 22510
14,22509,3,3,1, 22512
8,22511,1,1,1, 22512
13,22509,4,4,1, 22513
15,22511,2,2,1, 22513
24,22514,1,1,0, 22515
14,22514,3,3,1, 22517
8,22516,1,1,0, 22517
15,22516,2,2,1, 22518
24,22519,1,1,0, 22520
14,22519,3,3,1, 22522
8,22521,1,1,0, 22522
15,22521,2,2,1, 22523
24,22524,1,1,0, 22525
24,22529,1,1,0, 22530
24,22534,1,1,0, 22535
24,22539,1,1,0, 22540
24,22544,1,1,1, 22545
29,22543,4,4,1, 22547
24,22549,1,1,1, 22550
31,22551,2,2,1, 22553
24,22554,1,1,1, 22555
31,22556,2,2,1, 22558
24,22559,1,1,1, 22560
31,22561,2,2,1, 22563
24,22564,1,1,1, 22565
31,22566,2,2,1, 22568
24,22569,1,1,0, 22570
24,22574,1,1,0, 22575
24,22579,1,1,1, 22580
31,22581,2,2,1, 22583
24,22584,1,1,1, 22585
1,22586,1,1,0, 22587
24,22589,1,1,0, 22590
1,22591,1,1,1, 22592
31,22591,2,2,1, 22593
9,22592,2,2,1, 22594
24,22594,1,1,1, 22595
1,22596,1,1,0, 22597
31,22596,2,2,1, 22598
24,22599,1,1,1, 22600
1,22601,1,1,0, 22602
31,22601,2,2,1, 22603
9,22602,2,2,1, 22604
2,22603,2,2,1, 22605
24,22604,1,1,0, 22605
18,22603,4,4,1, 22607
25,22605,2,2,1, 22607
1,22606,1,1,0, 22607
9,22607,2,2,1, 22609
2,22608,2,2,1, 22610
24,22609,1,1,1, 22610
17,22609,3,3,1, 22612
25,22610,2,2,1, 22612
1,22611,1,1,0, 22612
31,22611,2,2,1, 22613
2,22613,2,2,1, 22615
18,22613,4,4,1, 22617
17,22614,3,3,1, 22617
1,22616,1,1,0, 22617
1,22621,1,1,1, 22622
2,22623,2,2,1, 22625
8,22636,1,1,1, 22637
23,22638,3,3,1, 22641
8,22641,1,1,1, 22642
8,22646,1,1,0, 22647
8,22651,1,1,0, 22652
8,22656,1,1,1, 22657
15,22656,2,2,1, 22658
23,22658,3,3,1, 22661
8,22661,1,1,1, 22662
8,22666,1,1,1, 22667
6,22665,2,4,1, 22669
23,22668,3,3,1, 22671
16,22669,2,2,1, 22671
8,22671,1,1,0, 22672
15,22671,2,2,1, 22673
6,22670,2,4,1, 22674
22,22671,4,4,1, 22675
23,22673,3,3,1, 22676
16,22674,2,2,1, 22676
14,22674,3,3,1, 22677
8,22676,1,1,0, 22677
15,22676,2,2,1, 22678
23,22678,3,3,1, 22681
16,22679,2,2,1, 22681
24,22719,1,1,1, 22720
24,22724,1,1,0, 22725
24,22729,1,1,0, 22730
25,22730,2,2,1, 22732
1,22731,1,1,1, 22732
24,22734,1,1,0, 22735
25,22735,2,2,1, 22737
1,22736,1,1,0, 22737
24,22739,1,1,0, 22740
25,22740,2,2,1, 22742
1,22741,1,1,1, 22742
24,22744,1,1,0, 22745
1,22746,1,1,0, 22747
24,22749,1,1,1, 22750
25,22750,2,2,1, 22752
1,22751,1,1,1, 22752
24,22754,1,1,1, 22755
25,22755,2,2,1, 22757
1,22756,1,1,1, 22757
24,22759,1,1,1, 22760
1,22761,1,1,1, 22762
24,22764,1,1,1, 22765
1,22766,1,1,0, 22767
24,22769,1,1,0, 22770
1,22771,1,1,1, 22772
24,22774,1,1,1, 22775
1,22776,1,1,0, 22777
24,22779,1,1,0, 22780
1,22781,1,1,0, 22782
24,22784,1,1,0, 22785
1,22786,1,1,1, 22787
8,22786,1,1,1, 22787
24,22789,1,1,0, 22790
1,22791,1,1,0, 22792
8,22791,1,1,0, 22792
24,22794,1,1,0, 22795
17,22794,3,3,1, 22797
1,22796,1,1,1, 22797
8,22796,1,1,1, 22797
26,22797,3,3,1, 22800
24,22799,1,1,1, 22800
16,22799,2,2,1, 22801
25,22800,2,2,1, 22802
1,22801,1,1,0, 22802
8,22801,1,1,1, 22802
11,22799,4,4,1, 22803
9,22802,2,2,1, 22804
3,22802,3,3,1, 22805
24,22804,1,1,1, 22805
16,22804,2,2,1, 22806
17,22804,3,3,1, 22807
1,22806,1,1,1, 22807
8,22806,1,1,0, 22807
26,22807,3,3,1, 22810
24,22809,1,1,1, 22810
8,22811,1,1,0, 22812
24,22814,1,1,1, 22815
8,22816,1,1,0, 22817
24,22819,1,1,0, 22820
8,22821,1,1,0, 22822
15,22821,2,2,1, 22823
31,22821,2,2,1, 22823
24,22824,1,1,1, 22825
16,22824,2,2,1, 22826
8,22826,1,1,1, 22827
31,22826,2,2,1, 22828
24,22829,1,1,0, 22830
8,22831,1,1,0, 22832
24,22834,1,1,0, 22835
16,22834,2,2,1, 22836
8,22836,1,1,0, 22837
15,22836,2,2,1, 22838
24,22839,1,1,0, 22840
16,22839,2,2,1, 22841
8,22841,1,1,1, 22842
6,22840,2,4,1, 22844
24,22844,1,1,1, 22845
14,22844,3,3,1, 22847
8,22846,1,1,0, 22847
24,22849,1,1,0, 22850
16,22849,2,2,1, 22851
14,22849,3,3,1, 22852
8,22851,1,1,0, 22852
13,22849,4,4,1, 22853
6,22850,2,4,1, 22854
24,22854,1,1,0, 22855
31,22856,2,2,1, 22858
24,22859,1,1,1, 22860
30,22858,3,3,1, 22861
31,22861,2,2,1, 22863
24,22864,1,1,0, 22865
30,22863,3,3,1, 22866
31,22866,2,2,1, 22868
24,22869,1,1,0, 22870
31,22871,2,2,1, 22873
24,22874,1,1,0, 22875
29,22873,4,4,1, 22877
25,22920,2,2,1, 22922
1,22921,1,1,0, 22922
25,22925,2,2,1, 22927
1,22926,1,1,0, 22927
25,22930,2,2,1, 22932
1,22931,1,1,0, 22932
25,22935,2,2,1, 22937
1,22936,1,1,1, 22937
2,22938,2,2,1, 22940
1,22941,1,1,0, 22942
3,22942,3,3,1, 22945
2,22943,2,2,1, 22945
25,22945,2,2,1, 22947
1,22946,1,1,0, 22947
3,22947,3,3,1, 22950
2,22948,2,2,1, 22950
25,22950,2,2,1, 22952
1,22951,1,1,0, 22952
2,22953,2,2,1, 22955
1,22956,1,1,1, 22957
25,22960,2,2,1, 22962
1,22961,1,1,1, 22962
8,22961,1,1,0, 22962
25,22965,2,2,1, 22967
8,22966,1,1,0, 22967
8,22971,1,1,1, 22972
8,22976,1,1,1, 22977
8,22981,1,1,0, 22982
8,22986,1,1,1, 22987
15,22986,2,2,1, 22988
24,22989,1,1,0, 22990
8,22991,1,1,1, 22992
24,22994,1,1,0, 22995
8,22996,1,1,1, 22997
24,22999,1,1,1, 23000
8,23001,1,1,0, 23002
15,23001,2,2,1, 23003
24,23004,1,1,0, 23005
8,23006,1,1,1, 23007
15,23006,2,2,1, 23008
24,23009,1,1,0, 23010
8,23011,1,1,1, 23012
13,23009,4,4,1, 23013
6,23010,2,4,1, 23014
24,23014,1,1,1, 23015
8,23016,1,1,1, 23017
6,23015,2,4,1, 23019
24,23019,1,1,1, 23020
16,23019,2,2,1, 23021
8,23021,1,1,1, 23022
13,23019,4,4,1, 23023
24,23024,1,1,1, 23025
8,23026,1,1,0, 23027
6,23025,2,4,1, 23029
24,23029,1,1,0, 23030
16,23029,2,2,1, 23031
29,23028,4,4,1, 23032
14,23029,3,3,1, 23032
8,23031,1,1,1, 23032
15,23031,2,2,1, 23033
31,23031,2,2,1, 23033
24,23034,1,1,0, 23035
31,23036,2,2,1, 23038
24,23039,1,1,1, 23040
30,23038,3,3,1, 23041
29,23038,4,4,1, 23042
24,23044,1,1,0, 23045
29,23043,4,4,1, 23047
24,23049,1,1,1, 23050
24,23054,1,1,1, 23055
30,23053,3,3,1, 23056
29,23053,4,4,1, 23057
31,23056,2,2,1, 23058
24,23059,1,1,1, 23060
31,23061,2,2,1, 23063
24,23064,1,1,1, 23065
31,23066,2,2,1, 23068
24,23069,1,1,1, 23070
1,23071,1,1,0, 23072
31,23071,2,2,1, 23073
1,23076,1,1,1, 23077
1,23081,1,1,0, 23082
1,23086,1,1,0, 23087
9,23087,2,2,1, 23089
1,23091,1,1,1, 23092
1,23096,1,1,0, 23097
1,23101,1,1,1, 23102
9,23102,2,2,1, 23104
1,23106,1,1,1, 23107
9,23107,2,2,1, 23109
3,23107,3,3,1, 23110
2,23108,2,2,1, 23110
1,23111,1,1,0, 23112
9,23112,2,2,1, 23114
2,23113,2,2,1, 23115
25,23115,2,2,1, 23117
1,23116,1,1,1, 23117
9,23117,2,2,1, 23119
3,23117,3,3,1, 23120
2,23118,2,2,1, 23120
1,23121,1,1,1, 23122
4,23121,4,4,1, 23125
8,23141,1,1,0, 23142
8,23146,1,1,0, 23147
8,23151,1,1,1, 23152
8,23156,1,1,1, 23157
15,23156,2,2,1, 23158
8,23161,1,1,1, 23162
14,23164,3,3,1, 23167
8,23166,1,1,0, 23167
15,23166,2,2,1, 23168
8,23171,1,1,1, 23172
15,23171,2,2,1, 23173
6,23170,2,4,1, 23174
24,23174,1,1,1, 23175
14,23174,3,3,1, 23177
8,23176,1,1,0, 23177
24,23179,1,1,0, 23180
14,23179,3,3,1, 23182
8,23181,1,1,1, 23182
24,23184,1,1,0, 23185
14,23184,3,3,1, 23187
8,23186,1,1,0, 23187
15,23186,2,2,1, 23188
6,23185,2,4,1, 23189
24,23189,1,1,0, 23190
8,23191,1,1,0, 23192
15,23191,2,2,1, 23193
6,23190,2,4,1, 23194
24,23194,1,1,0, 23195
14,23194,3,3,1, 23197
8,23196,1,1,0, 23197
15,23196,2,2,1, 23198
24,23199,1,1,0, 23200
24,23204,1,1,1, 23205
24,23209,1,1,1, 23210
24,23214,1,1,1, 23215
24,23219,1,1,1, 23220
24,23224,1,1,1, 23225
25,23225,2,2,1, 23227
1,23226,1,1,0, 23227
24,23229,1,1,0, 23230
1,23231,1,1,0, 23232
24,23234,1,1,0, 23235
1,23236,1,1,0, 23237
24,23239,1,1,0, 23240
1,23241,1,1,0, 23242
24,23244,1,1,1, 23245
1,23246,1,1,1, 23247
24,23249,1,1,0, 23250
1,23251,1,1,1, 23252
24,23254,1,1,1, 23255
25,23255,2,2,1, 23257
1,23256,1,1,0, 23257
24,23259,1,1,0, 23260
18,23258,4,4,1, 23262
1,23261,1,1,0, 23262
24,23264,1,1,0, 23265
25,23265,2,2,1, 23267
1,23266,1,1,1, 23267
9,23267,2,2,1, 23269
2,23268,2,2,1, 23270
24,23269,1,1,1, 23270
19,23266,5,5,1, 23271
25,23270,2,2,1, 23272
1,23271,1,1,0, 23272
11,23269,4,4,1, 23273
9,23272,2,2,1, 23274
24,23274,1,1,0, 23275
1,23276,1,1,0, 23277
11,23274,4,4,1, 23278
31,23276,2,2,1, 23278
3,23277,3,3,1, 23280
26,23277,3,3,1, 23280
24,23279,1,1,0, 23280
18,23278,4,4,1, 23282
17,23279,3,3,1, 23282
31,23281,2,2,1, 23283
24,23284,1,1,1, 23285
31,23286,2,2,1, 23288
24,23289,1,1,1, 23290
24,23294,1,1,1, 23295
24,23299,1,1,0, 23300
24,23304,1,1,1, 23305
16,23304,2,2,1, 23306
8,23306,1,1,1, 23307
24,23309,1,1,1, 23310
23,23308,3,3,1, 23311
8,23311,1,1,0, 23312
24,23314,1,1,0, 23315
8,23316,1,1,1, 23317
24,23319,1,1,1, 23320
16,23319,2,2,1, 23321
8,23321,1,1,0, 23322
22,23321,4,4,1, 23325
24,23324,1,1,1, 23325
23,23323,3,3,1, 23326
8,23326,1,1,0, 23327
22,23326,4,4,1, 23330
24,23329,1,1,0, 23330
23,23328,3,3,1, 23331
16,23329,2,2,1, 23331
8,23331,1,1,0, 23332
31,23331,2,2,1, 23333
22,23331,4,4,1, 23335
24,23334,1,1,1, 23335
23,23333,3,3,1, 23336
8,23336,1,1,1, 23337
15,23336,2,2,1, 23338
31,23336,2,2,1, 23338
22,23336,4,4,1, 23340
24,23339,1,1,1, 23340
23,23338,3,3,1, 23341
16,23339,2,2,1, 23341
31,23341,2,2,1, 23343
24,23344,1,1,0, 23345
31,23346,2,2,1, 23348
24,23349,1,1,1, 23350
29,23348,4,4,1, 23352
1,23386,1,1,0, 23387
25,23390,2,2,1, 23392
1,23391,1,1,1, 23392
25,23395,2,2,1, 23397
1,23396,1,1,0, 23397
26,23397,3,3,1, 23400
25,23400,2,2,1, 23402
1,23401,1,1,0, 23402
26,23402,3,3,1, 23405
1,23406,1,1,0, 23407
26,23407,3,3,1, 23410
25,23410,2,2,1, 23412
1,23411,1,1,1, 23412
2,23413,2,2,1, 23415
25,23415,2,2,1, 23417
1,23416,1,1,0, 23417
1,23421,1,1,1, 23422
25,23425,2,2,1, 23427
1,23426,1,1,0, 23427
1,23431,1,1,1, 23432
3,23432,3,3,1, 23435
2,23433,2,2,1, 23435
1,23436,1,1,1, 23437
26,23437,3,3,1, 23440
8,23446,1,1,0, 23447
8,23451,1,1,1, 23452
24,23454,1,1,1, 23455
8,23456,1,1,1, 23457
24,23459,1,1,1, 23460
8,23461,1,1,1, 23462
24,23464,1,1,0, 23465
8,23466,1,1,1, 23467
24,23469,1,1,0, 23470
8,23471,1,1,0, 23472
24,23474,1,1,0, 23475
8,23476,1,1,0, 23477
24,23479,1,1,0, 23480
16,23479,2,2,1, 23481
8,23481,1,1,0, 23482
24,23484,1,1,0, 23485
16,23484,2,2,1, 23486
8,23486,1,1,0, 23487
22,23486,4,4,1, 23490
24,23489,1,1,0, 23490
8,23491,1,1,1, 23492
22,23491,4,4,1, 23495
24,23494,1,1,1, 23495
16,23494,2,2,1, 23496
8,23496,1,1,1, 23497
22,23496,4,4,1, 23500
24,23499,1,1,1, 23500
8,23501,1,1,0, 23502
22,23501,4,4,1, 23505
24,23504,1,1,0, 23505
23,23503,3,3,1, 23506
8,23506,1,1,1, 23507
31,23506,2,2,1, 23508
22,23506,4,4,1, 23510
24,23509,1,1,1, 23510
23,23508,3,3,1, 23511
16,23509,2,2,1, 23511
8,23511,1,1,0, 23512
22,23511,4,4,1, 23515
24,23514,1,1,0, 23515
31,23516,2,2,1, 23518
24,23519,1,1,1, 23520
24,23524,1,1,0, 23525
31,23526,2,2,1, 23528
24,23529,1,1,0, 23530
24,23534,1,1,1, 23535
31,23536,2,2,1, 23538
24,23539,1,1,1, 23540
31,23541,2,2,1, 23543
24,23544,1,1,1, 23545
17,23544,3,3,1, 23547
1,23546,1,1,1, 23547
24,23549,1,1,0, 23550
1,23551,1,1,1, 23552
24,23554,1,1,1, 23555
1,23556,1,1,0, 23557
31,23556,2,2,1, 23558
24,23559,1,1,0, 23560
17,23559,3,3,1, 23562
1,23561,1,1,0, 23562
31,23561,2,2,1, 23563
9,23562,2,2,1, 23564
24,23564,1,1,1, 23565
17,23564,3,3,1, 23567
1,23566,1,1,0, 23567
31,23566,2,2,1, 23568
24,23569,1,1,1, 23570
29,23568,4,4,1, 23572
17,23569,3,3,1, 23572
1,23571,1,1,0, 23572
31,23571,2,2,1, 23573
2,23573,2,2,1, 23575
1,23576,1,1,1, 23577
2,23578,2,2,1, 23580
1,23581,1,1,0, 23582
1,23586,1,1,1, 23587
2,23588,2,2,1, 23590
1,23591,1,1,0, 23592
1,23596,1,1,0, 23597
2,23598,2,2,1, 23600
1,23601,1,1,1, 23602
2,23603,2,2,1, 23605
1,23606,1,1,1, 23607
1,23611,1,1,1, 23612
14,23614,3,3,1, 23617
1,23616,1,1,1, 23617
8,23616,1,1,1, 23617
14,23619,3,3,1, 23622
1,23621,1,1,1, 23622
8,23621,1,1,0, 23622
1,23626,1,1,1, 23627
8,23626,1,1,1, 23627
19,23626,5,5,1, 23631
1,23631,1,1,0, 23632
8,23631,1,1,0, 23632
26,23632,3,3,1, 23635
19,23631,5,5,1, 23636
25,23635,2,2,1, 23637
8,23636,1,1,0, 23637
16,23639,2,2,1, 23641
8,23641,1,1,0, 23642
16,23644,2,2,1, 23646
8,23646,1,1,1, 23647
16,23649,2,2,1, 23651
8,23651,1,1,0, 23652
8,23656,1,1,1, 23657
8,23661,1,1,0, 23662
16,23664,2,2,1, 23666
8,23666,1,1,1, 23667
16,23669,2,2,1, 23671
8,23671,1,1,0, 23672
16,23674,2,2,1, 23676
8,23676,1,1,0, 23677
24,23679,1,1,1, 23680
8,23681,1,1,1, 23682
24,23684,1,1,1, 23685
16,23684,2,2,1, 23686
8,23686,1,1,0, 23687
24,23689,1,1,0, 23690
8,23691,1,1,0, 23692
24,23694,1,1,0, 23695
23,23693,3,3,1, 23696
8,23696,1,1,0, 23697
24,23699,1,1,1, 23700
23,23698,3,3,1, 23701
8,23701,1,1,1, 23702
24,23704,1,1,0, 23705
8,23706,1,1,0, 23707
24,23709,1,1,1, 23710
23,23708,3,3,1, 23711
24,23714,1,1,0, 23715
24,23719,1,1,0, 23720
24,23724,1,1,0, 23725
24,23729,1,1,1, 23730
24,23734,1,1,1, 23735
24,23739,1,1,1, 23740
1,23741,1,1,1, 23742
31,23741,2,2,1, 23743
9,23742,2,2,1, 23744
24,23744,1,1,1, 23745
17,23744,3,3,1, 23747
25,23745,2,2,1, 23747
1,23746,1,1,0, 23747
31,23746,2,2,1, 23748
9,23747,2,2,1, 23749
24,23749,1,1,1, 23750
17,23749,3,3,1, 23752
1,23751,1,1,1, 23752
31,23751,2,2,1, 23753
24,23754,1,1,0, 23755
1,23756,1,1,1, 23757
31,23756,2,2,1, 23758
24,23759,1,1,1, 23760
17,23759,3,3,1, 23762
1,23761,1,1,0, 23762
24,23764,1,1,0, 23765
1,23766,1,1,1, 23767
24,23769,1,1,0, 23770
1,23771,1,1,0, 23772
11,23769,4,4,1, 23773
31,23771,2,2,1, 23773
24,23774,1,1,0, 23775
17,23774,3,3,1, 23777
25,23775,2,2,1, 23777
1,23776,1,1,1, 23777
9,23777,2,2,1, 23779
3,23777,3,3,1, 23780
24,23779,1,1,1, 23780
29,23778,4,4,1, 23782
17,23779,3,3,1, 23782
25,23780,2,2,1, 23782
1,23781,1,1,1, 23782
31,23781,2,2,1, 23783
9,23782,2,2,1, 23784
24,23784,1,1,0, 23785
29,23783,4,4,1, 23787
24,23789,1,1,0, 23790
29,23788,4,4,1, 23792
31,23791,2,2,1, 23793
8,23821,1,1,1, 23822
8,23826,1,1,0, 23827
8,23831,1,1,0, 23832
8,23836,1,1,1, 23837
8,23841,1,1,1, 23842
8,23846,1,1,0, 23847
8,23851,1,1,0, 23852
8,23856,1,1,0, 23857
8,23861,1,1,0, 23862
8,23866,1,1,1, 23867
8,23871,1,1,1, 23872
8,23876,1,1,0, 23877
8,23881,1,1,0, 23882
8,23886,1,1,1, 23887
16,23889,2,2,1, 23891
8,23891,1,1,1, 23892
17,23894,3,3,1, 23897
25,23895,2,2,1, 23897
1,23896,1,1,0, 23897
8,23896,1,1,0, 23897
9,23897,2,2,1, 23899
24,23899,1,1,0, 23900
17,23899,3,3,1, 23902
1,23901,1,1,0, 23902
8,23901,1,1,0, 23902
15,23901,2,2,1, 23903
24,23904,1,1,1, 23905
16,23904,2,2,1, 23906
17,23904,3,3,1, 23907
25,23905,2,2,1, 23907
1,23906,1,1,0, 23907
8,23906,1,1,0, 23907
24,23909,1,1,0, 23910
1,23911,1,1,1, 23912
8,23911,1,1,1, 23912
24,23914,1,1,0, 23915
1,23916,1,1,0, 23917
8,23916,1,1,0, 23917
9,23917,2,2,1, 23919
24,23919,1,1,0, 23920
16,23919,2,2,1, 23921
25,23920,2,2,1, 23922
1,23921,1,1,1, 23922
8,23921,1,1,1, 23922
24,23924,1,1,0, 23925
16,23924,2,2,1, 23926
17,23924,3,3,1, 23927
1,23926,1,1,1, 23927
8,23926,1,1,1, 23927
26,23927,3,3,1, 23930
2,23928,2,2,1, 23930
24,23929,1,1,0, 23930
16,23929,2,2,1, 23931
17,23929,3,3,1, 23932
1,23931,1,1,1, 23932
8,23931,1,1,0, 23932
31,23931,2,2,1, 23933
26,23932,3,3,1, 23935
24,23934,1,1,0, 23935
16,23934,2,2,1, 23936
14,23934,3,3,1, 23937
17,23934,3,3,1, 23937
25,23935,2,2,1, 23937
1,23936,1,1,1, 23937
8,23936,1,1,0, 23937
13,23934,4,4,1, 23938
15,23936,2,2,1, 23938
9,23937,2,2,1, 23939
24,23939,1,1,0, 23940
31,23941,2,2,1, 23943
24,23944,1,1,1, 23945
24,23949,1,1,1, 23950
31,23951,2,2,1, 23953
24,23954,1,1,1, 23955
31,23956,2,2,1, 23958
24,23959,1,1,1, 23960
24,23964,1,1,1, 23965
24,23969,1,1,0, 23970
31,23971,2,2,1, 23973
24,23974,1,1,1, 23975
24,23979,1,1,0, 23980
31,23981,2,2,1, 23983
24,23984,1,1,1, 23985
29,23983,4,4,1, 23987
24,23989,1,1,1, 23990
30,23988,3,3,1, 23991
24,23994,1,1,0, 23995
30,23993,3,3,1, 23996
24,23999,1,1,1, 24000
29,23998,4,4,1, 24002
25,24045,2,2,1, 24047
1,24046,1,1,0, 24047
8,24046,1,1,0, 24047
25,24050,2,2,1, 24052
1,24051,1,1,0, 24052
8,24051,1,1,0, 24052
1,24056,1,1,1, 24057
8,24056,1,1,1, 24057
1,24061,1,1,1, 24062
8,24061,1,1,1, 24062
25,24065,2,2,1, 24067
1,24066,1,1,0, 24067
8,24066,1,1,1, 24067
2,24068,2,2,1, 24070
25,24070,2,2,1, 24072
1,24071,1,1,1, 24072
8,24071,1,1,0, 24072
2,24073,2,2,1, 24075
25,24075,2,2,1, 24077
1,24076,1,1,0, 24077
8,24076,1,1,1, 24077
25,24080,2,2,1, 24082
1,24081,1,1,0, 24082
8,24081,1,1,1, 24082
25,24085,2,2,1, 24087
1,24086,1,1,1, 24087
8,24086,1,1,1, 24087
15,24086,2,2,1, 24088
2,24088,2,2,1, 24090
1,24091,1,1,1, 24092
8,24091,1,1,1, 24092
15,24091,2,2,1, 24093
25,24095,2,2,1, 24097
1,24096,1,1,1, 24097
8,24096,1,1,0, 24097
3,24097,3,3,1, 24100
1,24101,1,1,1, 24102
8,24101,1,1,0, 24102
15,24101,2,2,1, 24103
24,24104,1,1,0, 24105
14,24104,3,3,1, 24107
25,24105,2,2,1, 24107
1,24106,1,1,0, 24107
8,24106,1,1,0, 24107
15,24106,2,2,1, 24108
9,24107,2,2,1, 24109
24,24109,1,1,1, 24110
14,24109,3,3,1, 24112
8,24111,1,1,0, 24112
15,24111,2,2,1, 24113
24,24114,1,1,1, 24115
8,24116,1,1,0, 24117
15,24116,2,2,1, 24118
6,24115,2,4,1, 24119
24,24119,1,1,0, 24120
16,24119,2,2,1, 24121
8,24121,1,1,0, 24122
24,24124,1,1,0, 24125
8,24126,1,1,0, 24127
13,24124,4,4,1, 24128
24,24129,1,1,1, 24130
24,24134,1,1,1, 24135
24,24139,1,1,0, 24140
24,24144,1,1,0, 24145
24,24149,1,1,0, 24150
24,24154,1,1,1, 24155
24,24159,1,1,1, 24160
24,24164,1,1,0, 24165
24,24169,1,1,0, 24170
31,24171,2,2,1, 24173
24,24174,1,1,1, 24175
31,24176,2,2,1, 24178
24,24179,1,1,0, 24180
24,24184,1,1,1, 24185
24,24189,1,1,0, 24190
24,24194,1,1,0, 24195
24,24199,1,1,1, 24200
31,24201,2,2,1, 24203
24,24204,1,1,1, 24205
24,24209,1,1,1, 24210
24,24214,1,1,0, 24215
9,24217,2,2,1, 24219
24,24219,1,1,1, 24220
17,24219,3,3,1, 24222
1,24221,1,1,1, 24222
31,24221,2,2,1, 24223
24,24224,1,1,0, 24225
1,24226,1,1,1, 24227
9,24227,2,2,1, 24229
24,24229,1,1,1, 24230
17,24229,3,3,1, 24232
1,24231,1,1,1, 24232
31,24231,2,2,1, 24233
9,24232,2,2,1, 24234
24,24234,1,1,1, 24235
17,24234,3,3,1, 24237
1,24236,1,1,1, 24237
8,24236,1,1,0, 24237
31,24236,2,2,1, 24238
9,24237,2,2,1, 24239
24,24239,1,1,1, 24240
17,24239,3,3,1, 24242
1,24241,1,1,0, 24242
8,24241,1,1,1, 24242
24,24244,1,1,0, 24245
1,24246,1,1,0, 24247
8,24246,1,1,0, 24247
24,24249,1,1,0, 24250
30,24248,3,3,1, 24251
1,24251,1,1,0, 24252
8,24251,1,1,1, 24252
2,24253,2,2,1, 24255
24,24254,1,1,0, 24255
30,24253,3,3,1, 24256
1,24256,1,1,0, 24257
8,24256,1,1,0, 24257
2,24258,2,2,1, 24260
24,24259,1,1,1, 24260
1,24261,1,1,1, 24262
8,24261,1,1,1, 24262
15,24261,2,2,1, 24263
31,24261,2,2,1, 24263
26,24262,3,3,1, 24265
2,24263,2,2,1, 24265
24,24264,1,1,0, 24265
30,24263,3,3,1, 24266
1,24266,1,1,0, 24267
8,24266,1,1,0, 24267
26,24267,3,3,1, 24270
2,24268,2,2,1, 24270
8,24271,1,1,0, 24272
8,24276,1,1,1, 24277
15,24276,2,2,1, 24278
8,24281,1,1,1, 24282
15,24281,2,2,1, 24283
14,24284,3,3,1, 24287
8,24286,1,1,0, 24287
14,24289,3,3,1, 24292
8,24291,1,1,0, 24292
15,24291,2,2,1, 24293
14,24294,3,3,1, 24297
8,24296,1,1,1, 24297
15,24296,2,2,1, 24298
14,24299,3,3,1, 24302
8,24301,1,1,0, 24302
8,24306,1,1,0, 24307
15,24306,2,2,1, 24308
14,24309,3,3,1, 24312
8,24311,1,1,1, 24312
15,24311,2,2,1, 24313
24,24374,1,1,1, 24375
17,24374,3,3,1, 24377
1,24376,1,1,1, 24377
24,24379,1,1,0, 24380
1,24381,1,1,0, 24382
24,24384,1,1,0, 24385
17,24384,3,3,1, 24387
25,24385,2,2,1, 24387
1,24386,1,1,1, 24387
24,24389,1,1,0, 24390
1,24391,1,1,1, 24392
24,24394,1,1,1, 24395
1,24396,1,1,1, 24397
9,24397,2,2,1, 24399
24,24399,1,1,0, 24400
25,24400,2,2,1, 24402
1,24401,1,1,1, 24402
9,24402,2,2,1, 24404
24,24404,1,1,0, 24405
17,24404,3,3,1, 24407
25,24405,2,2,1, 24407
1,24406,1,1,1, 24407
24,24409,1,1,0, 24410
17,24409,3,3,1, 24412
25,24410,2,2,1, 24412
1,24411,1,1,1, 24412
31,24411,2,2,1, 24413
9,24412,2,2,1, 24414
26,24412,3,3,1, 24415
2,24413,2,2,1, 24415
24,24414,1,1,0, 24415
17,24414,3,3,1, 24417
25,24415,2,2,1, 24417
1,24416,1,1,1, 24417
8,24416,1,1,0, 24417
24,24419,1,1,0, 24420
16,24419,2,2,1, 24421
17,24419,3,3,1, 24422
8,24421,1,1,0, 24422
31,24421,2,2,1, 24423
22,24421,4,4,1, 24425
24,24424,1,1,1, 24425
23,24423,3,3,1, 24426
8,24426,1,1,1, 24427
24,24429,1,1,1, 24430
16,24429,2,2,1, 24431
8,24431,1,1,0, 24432
22,24431,4,4,1, 24435
24,24434,1,1,0, 24435
23,24433,3,3,1, 24436
8,24436,1,1,1, 24437
24,24439,1,1,1, 24440
8,24441,1,1,1, 24442
24,24444,1,1,1, 24445
8,24446,1,1,1, 24447
31,24446,2,2,1, 24448
24,24449,1,1,0, 24450
8,24451,1,1,1, 24452
24,24454,1,1,0, 24455
8,24456,1,1,0, 24457
15,24456,2,2,1, 24458
31,24456,2,2,1, 24458
24,24459,1,1,0, 24460
30,24458,3,3,1, 24461
8,24461,1,1,0, 24462
24,24464,1,1,0, 24465
30,24463,3,3,1, 24466
8,24466,1,1,0, 24467
24,24469,1,1,1, 24470
30,24468,3,3,1, 24471
8,24471,1,1,0, 24472
15,24471,2,2,1, 24473
31,24471,2,2,1, 24473
24,24474,1,1,0, 24475
8,24476,1,1,1, 24477
15,24476,2,2,1, 24478
24,24479,1,1,0, 24480
8,24481,1,1,0, 24482
31,24481,2,2,1, 24483
24,24484,1,1,1, 24485
29,24483,4,4,1, 24487
14,24484,3,3,1, 24487
8,24486,1,1,0, 24487
13,24484,4,4,1, 24488
31,24486,2,2,1, 24488
6,24485,2,4,1, 24489
1,24526,1,1,1, 24527
1,24531,1,1,0, 24532
1,24536,1,1,0, 24537
25,24540,2,2,1, 24542
1,24541,1,1,1, 24542
25,24545,2,2,1, 24547
1,24546,1,1,1, 24547
25,24550,2,2,1, 24552
1,24551,1,1,0, 24552
1,24556,1,1,0, 24557
25,24560,2,2,1, 24562
1,24561,1,1,1, 24562
17,24564,3,3,1, 24567
25,24565,2,2,1, 24567
1,24566,1,1,1, 24567
25,24570,2,2,1, 24572
1,24571,1,1,1, 24572
25,24575,2,2,1, 24577
1,24576,1,1,1, 24577
9,24577,2,2,1, 24579
17,24579,3,3,1, 24582
1,24581,1,1,0, 24582
9,24582,2,2,1, 24584
17,24584,3,3,1, 24587
1,24586,1,1,1, 24587
17,24589,3,3,1, 24592
25,24590,2,2,1, 24592
1,24591,1,1,0, 24592
24,24594,1,1,0, 24595
25,24595,2,2,1, 24597
8,24596,1,1,1, 24597
24,24599,1,1,1, 24600
16,24599,2,2,1, 24601
8,24601,1,1,1, 24602
24,24604,1,1,1, 24605
8,24606,1,1,0, 24607
24,24609,1,1,1, 24610
23,24608,3,3,1, 24611
8,24611,1,1,1, 24612
24,24614,1,1,1, 24615
16,24614,2,2,1, 24616
8,24616,1,1,1, 24617
22,24616,4,4,1, 24620
24,24619,1,1,0, 24620
16,24619,2,2,1, 24621
8,24621,1,1,1, 24622
15,24621,2,2,1, 24623
22,24621,4,4,1, 24625
24,24624,1,1,1, 24625
16,24624,2,2,1, 24626
8,24626,1,1,0, 24627
15,24626,2,2,1, 24628
24,24629,1,1,0, 24630
23,24628,3,3,1, 24631
30,24628,3,3,1, 24631
16,24629,2,2,1, 24631
8,24631,1,1,1, 24632
24,24634,1,1,1, 24635
30,24633,3,3,1, 24636
16,24634,2,2,1, 24636
8,24636,1,1,0, 24637
15,24636,2,2,1, 24638
31,24636,2,2,1, 24638
24,24639,1,1,1, 24640
30,24638,3,3,1, 24641
24,24644,1,1,0, 24645
30,24643,3,3,1, 24646
29,24643,4,4,1, 24647
31,24646,2,2,1, 24648
24,24649,1,1,1, 24650
31,24651,2,2,1, 24653
24,24654,1,1,1, 24655
31,24656,2,2,1, 24658
24,24659,1,1,1, 24660
24,24664,1,1,0, 24665
24,24669,1,1,0, 24670
24,24674,1,1,1, 24675
24,24679,1,1,0, 24680
24,24684,1,1,1, 24685
24,24689,1,1,0, 24690
24,24694,1,1,0, 24695
31,24696,2,2,1, 24698
1,24701,1,1,1, 24702
9,24702,2,2,1, 24704
1,24706,1,1,1, 24707
9,24707,2,2,1, 24709
1,24711,1,1,0, 24712
9,24712,2,2,1, 24714
17,24714,3,3,1, 24717
1,24716,1,1,0, 24717
1,24721,1,1,1, 24722
9,24722,2,2,1, 24724
17,24724,3,3,1, 24727
25,24725,2,2,1, 24727
1,24726,1,1,1, 24727
9,24727,2,2,1, 24729
17,24729,3,3,1, 24732
25,24730,2,2,1, 24732
1,24731,1,1,0, 24732
17,24734,3,3,1, 24737
1,24736,1,1,1, 24737
9,24737,2,2,1, 24739
1,24741,1,1,1, 24742
17,24744,3,3,1, 24747
8,24751,1,1,1, 24752
8,24756,1,1,0, 24757
8,24761,1,1,0, 24762
8,24766,1,1,0, 24767
8,24771,1,1,0, 24772
8,24776,1,1,0, 24777
8,24781,1,1,1, 24782
16,24784,2,2,1, 24786
8,24786,1,1,0, 24787
8,24791,1,1,1, 24792
8,24796,1,1,1, 24797
8,24801,1,1,1, 24802
24,24804,1,1,0, 24805
8,24806,1,1,0, 24807
24,24809,1,1,0, 24810
8,24811,1,1,1, 24812
24,24814,1,1,1, 24815
8,24816,1,1,0, 24817
24,24819,1,1,0, 24820
16,24819,2,2,1, 24821
8,24821,1,1,0, 24822
24,24824,1,1,0, 24825
16,24824,2,2,1, 24826
8,24826,1,1,1, 24827
22,24826,4,4,1, 24830
24,24829,1,1,0, 24830
8,24831,1,1,0, 24832
15,24831,2,2,1, 24833
24,24834,1,1,1, 24835
8,24836,1,1,0, 24837
24,24839,1,1,1, 24840
23,24838,3,3,1, 24841
16,24839,2,2,1, 24841
8,24841,1,1,0, 24842
22,24841,4,4,1, 24845
24,24844,1,1,1, 24845
14,24844,3,3,1, 24847
8,24846,1,1,1, 24847
24,24849,1,1,0, 24850
1,24851,1,1,1, 24852
8,24851,1,1,0, 24852
22,24851,4,4,1, 24855
24,24854,1,1,0, 24855
23,24853,3,3,1, 24856
17,24854,3,3,1, 24857
1,24856,1,1,0, 24857
24,24859,1,1,1, 24860
1,24861,1,1,1, 24862
24,24864,1,1,0, 24865
17,24864,3,3,1, 24867
1,24866,1,1,1, 24867
9,24867,2,2,1, 24869
24,24869,1,1,1, 24870
1,24871,1,1,0, 24872
9,24872,2,2,1, 24874
24,24874,1,1,1, 24875
1,24876,1,1,0, 24877
9,24877,2,2,1, 24879
24,24879,1,1,1, 24880
17,24879,3,3,1, 24882
1,24881,1,1,0, 24882
9,24882,2,2,1, 24884
24,24884,1,1,1, 24885
17,24884,3,3,1, 24887
25,24885,2,2,1, 24887
1,24886,1,1,0, 24887
24,24889,1,1,0, 24890
25,24890,2,2,1, 24892
1,24891,1,1,0, 24892
24,24894,1,1,1, 24895
17,24894,3,3,1, 24897
1,24896,1,1,0, 24897
31,24896,2,2,1, 24898
24,24899,1,1,1, 24900
25,24900,2,2,1, 24902
1,24901,1,1,1, 24902
26,24902,3,3,1, 24905
24,24904,1,1,1, 24905
18,24903,4,4,1, 24907
24,24909,1,1,1, 24910
31,24911,2,2,1, 24913
24,24914,1,1,1, 24915
31,24916,2,2,1, 24918
24,24919,1,1,0, 24920
24,24924,1,1,1, 24925
24,24929,1,1,0, 24930
31,24931,2,2,1, 24933
24,24934,1,1,1, 24935
31,24936,2,2,1, 24938
24,24939,1,1,0, 24940
24,24944,1,1,0, 24945
24,24949,1,1,1, 24950
31,24951,2,2,1, 24953
24,24954,1,1,1, 24955
31,24956,2,2,1, 24958
24,24959,1,1,0, 24960
8,24961,1,1,0, 24962
31,24961,2,2,1, 24963
24,24964,1,1,1, 24965
8,24966,1,1,1, 24967
24,24969,1,1,0, 24970
8,24971,1,1,0, 24972
31,24971,2,2,1, 24973
24,24974,1,1,1, 24975
8,24976,1,1,1, 24977
24,24979,1,1,0, 24980
8,24981,1,1,1, 24982
24,24984,1,1,0, 24985
8,24986,1,1,1, 24987
24,24989,1,1,1, 24990
23,24988,3,3,1, 24991
16,24989,2,2,1, 24991
8,24991,1,1,1, 24992
31,24991,2,2,1, 24993
23,24993,3,3,1, 24996
8,24996,1,1,1, 24997
23,24998,3,3,1, 25001
16,24999,2,2,1, 25001
8,25001,1,1,0, 25002
16,25004,2,2,1, 25006
8,25006,1,1,0, 25007
22,25006,4,4,1, 25010
23,25008,3,3,1, 25011
1,25011,1,1,1, 25012
8,25011,1,1,0, 25012
22,25011,4,4,1, 25015
23,25013,3,3,1, 25016
16,25014,2,2,1, 25016
1,25016,1,1,0, 25017
8,25016,1,1,0, 25017
16,25019,2,2,1, 25021
1,25021,1,1,1, 25022
1,25026,1,1,1, 25027
1,25031,1,1,0, 25032
25,25035,2,2,1, 25037
1,25036,1,1,0, 25037
25,25040,2,2,1, 25042
1,25041,1,1,1, 25042
17,25044,3,3,1, 25047
25,25045,2,2,1, 25047
1,25046,1,1,0, 25047
25,25050,2,2,1, 25052
1,25051,1,1,1, 25052
1,25056,1,1,0, 25057
9,25057,2,2,1, 25059
1,25061,1,1,0, 25062
9,25062,2,2,1, 25064
26,25062,3,3,1, 25065
2,25063,2,2,1, 25065
25,25065,2,2,1, 25067
1,25066,1,1,1, 25067
26,25067,3,3,1, 25070
17,25069,3,3,1, 25072
25,25070,2,2,1, 25072
1,25071,1,1,1, 25072
17,25074,3,3,1, 25077
24,25099,1,1,0, 25100
24,25104,1,1,0, 25105
24,25109,1,1,0, 25110
24,25114,1,1,1, 25115
24,25119,1,1,1, 25120
24,25124,1,1,1, 25125
16,25124,2,2,1, 25126
8,25126,1,1,0, 25127
24,25129,1,1,0, 25130
8,25131,1,1,0, 25132
22,25131,4,4,1, 25135
24,25134,1,1,1, 25135
23,25133,3,3,1, 25136
8,25136,1,1,0, 25137
24,25139,1,1,0, 25140
23,25138,3,3,1, 25141
8,25141,1,1,1, 25142
22,25141,4,4,1, 25145
24,25144,1,1,0, 25145
16,25144,2,2,1, 25146
8,25146,1,1,0, 25147
24,25149,1,1,0, 25150
16,25149,2,2,1, 25151
8,25151,1,1,0, 25152
22,25151,4,4,1, 25155
24,25154,1,1,0, 25155
8,25156,1,1,1, 25157
24,25159,1,1,1, 25160
8,25161,1,1,1, 25162
24,25164,1,1,0, 25165
8,25166,1,1,1, 25167
24,25169,1,1,0, 25170
8,25171,1,1,1, 25172
24,25174,1,1,0, 25175
8,25176,1,1,1, 25177
24,25179,1,1,1, 25180
1,25181,1,1,1, 25182
8,25181,1,1,1, 25182
24,25184,1,1,0, 25185
29,25183,4,4,1, 25187
25,25185,2,2,1, 25187
1,25186,1,1,0, 25187
8,25186,1,1,1, 25187
31,25186,2,2,1, 25188
24,25189,1,1,0, 25190
1,25191,1,1,1, 25192
8,25191,1,1,1, 25192
15,25191,2,2,1, 25193
24,25194,1,1,0, 25195
30,25193,3,3,1, 25196
29,25193,4,4,1, 25197
25,25195,2,2,1, 25197
1,25196,1,1,0, 25197
8,25196,1,1,0, 25197
15,25196,2,2,1, 25198
9,25197,2,2,1, 25199
24,25199,1,1,0, 25200
30,25198,3,3,1, 25201
29,25198,4,4,1, 25202
25,25200,2,2,1, 25202
1,25201,1,1,1, 25202
8,25201,1,1,1, 25202
31,25201,2,2,1, 25203
24,25204,1,1,1, 25205
1,25206,1,1,0, 25207
8,25206,1,1,0, 25207
24,25209,1,1,0, 25210
30,25208,3,3,1, 25211
14,25209,3,3,1, 25212
1,25211,1,1,0, 25212
8,25211,1,1,0, 25212
13,25209,4,4,1, 25213
31,25211,2,2,1, 25213
24,25214,1,1,1, 25215
30,25213,3,3,1, 25216
1,25216,1,1,1, 25217
24,25219,1,1,0, 25220
30,25218,3,3,1, 25221
25,25220,2,2,1, 25222
1,25221,1,1,0, 25222
2,25223,2,2,1, 25225
18,25223,4,4,1, 25227
25,25225,2,2,1, 25227
1,25226,1,1,0, 25227
25,25230,2,2,1, 25232
1,25231,1,1,1, 25232
26,25232,3,3,1, 25235
2,25233,2,2,1, 25235
18,25233,4,4,1, 25237
1,25236,1,1,0, 25237
18,25238,4,4,1, 25242
1,25241,1,1,1, 25242
26,25242,3,3,1, 25245
8,25321,1,1,0, 25322
22,25321,4,4,1, 25325
16,25324,2,2,1, 25326
8,25326,1,1,0, 25327
24,25329,1,1,0, 25330
16,25329,2,2,1, 25331
8,25331,1,1,0, 25332
24,25334,1,1,0, 25335
23,25333,3,3,1, 25336
8,25336,1,1,0, 25337
22,25336,4,4,1, 25340
24,25339,1,1,0, 25340
16,25339,2,2,1, 25341
8,25341,1,1,1, 25342
15,25341,2,2,1, 25343
24,25344,1,1,0, 25345
23,25343,3,3,1, 25346
16,25344,2,2,1, 25346
8,25346,1,1,1, 25347
15,25346,2,2,1, 25348
24,25349,1,1,1, 25350
17,25349,3,3,1, 25352
1,25351,1,1,0, 25352
8,25351,1,1,0, 25352
15,25351,2,2,1, 25353
24,25354,1,1,1, 25355
23,25353,3,3,1, 25356
30,25353,3,3,1, 25356
17,25354,3,3,1, 25357
25,25355,2,2,1, 25357
1,25356,1,1,0, 25357
8,25356,1,1,0, 25357
22,25356,4,4,1, 25360
24,25359,1,1,0, 25360
23,25358,3,3,1, 25361
30,25358,3,3,1, 25361
17,25359,3,3,1, 25362
25,25360,2,2,1, 25362
1,25361,1,1,0, 25362
9,25362,2,2,1, 25364
24,25364,1,1,0, 25365
29,25363,4,4,1, 25367
17,25364,3,3,1, 25367
1,25366,1,1,0, 25367
31,25366,2,2,1, 25368
9,25367,2,2,1, 25369
24,25369,1,1,0, 25370
30,25368,3,3,1, 25371
1,25371,1,1,0, 25372
24,25374,1,1,0, 25375
29,25373,4,4,1, 25377
1,25376,1,1,1, 25377
31,25376,2,2,1, 25378
9,25377,2,2,1, 25379
2,25378,2,2,1, 25380
24,25379,1,1,1, 25380
30,25378,3,3,1, 25381
29,25378,4,4,1, 25382
25,25380,2,2,1, 25382
1,25381,1,1,1, 25382
24,25384,1,1,1, 25385
30,25383,3,3,1, 25386
29,25383,4,4,1, 25387
17,25384,3,3,1, 25387
1,25386,1,1,1, 25387
9,25387,2,2,1, 25389
2,25388,2,2,1, 25390
24,25389,1,1,1, 25390
30,25388,3,3,1, 25391
29,25388,4,4,1, 25392
8,25466,1,1,0, 25467
8,25471,1,1,1, 25472
8,25476,1,1,0, 25477
8,25481,1,1,0, 25482
16,25484,2,2,1, 25486
8,25486,1,1,1, 25487
16,25489,2,2,1, 25491
8,25491,1,1,0, 25492
1,25496,1,1,0, 25497
8,25496,1,1,0, 25497
24,25499,1,1,0, 25500
17,25499,3,3,1, 25502
1,25501,1,1,0, 25502
8,25501,1,1,0, 25502
31,25501,2,2,1, 25503
9,25502,2,2,1, 25504
24,25504,1,1,1, 25505
1,25506,1,1,0, 25507
8,25506,1,1,0, 25507
24,25509,1,1,0, 25510
16,25509,2,2,1, 25511
17,25509,3,3,1, 25512
1,25511,1,1,0, 25512
8,25511,1,1,0, 25512
22,25511,4,4,1, 25515
24,25514,1,1,1, 25515
16,25514,2,2,1, 25516
1,25516,1,1,0, 25517
8,25516,1,1,1, 25517
31,25516,2,2,1, 25518
24,25519,1,1,0, 25520
23,25518,3,3,1, 25521
1,25521,1,1,1, 25522
8,25521,1,1,1, 25522
31,25521,2,2,1, 25523
22,25521,4,4,1, 25525
24,25524,1,1,1, 25525
23,25523,3,3,1, 25526
17,25524,3,3,1, 25527
1,25526,1,1,1, 25527
8,25526,1,1,1, 25527
9,25527,2,2,1, 25529
22,25526,4,4,1, 25530
24,25529,1,1,0, 25530
23,25528,3,3,1, 25531
16,25529,2,2,1, 25531
1,25531,1,1,1, 25532
8,25531,1,1,1, 25532
9,25532,2,2,1, 25534
22,25531,4,4,1, 25535
24,25534,1,1,0, 25535
17,25534,3,3,1, 25537
1,25536,1,1,1, 25537
31,25536,2,2,1, 25538
24,25539,1,1,1, 25540
30,25538,3,3,1, 25541
1,25541,1,1,1, 25542
2,25543,2,2,1, 25545
24,25544,1,1,1, 25545
25,25545,2,2,1, 25547
1,25546,1,1,1, 25547
24,25549,1,1,0, 25550
29,25548,4,4,1, 25552
1,25551,1,1,1, 25552
24,25554,1,1,1, 25555
29,25553,4,4,1, 25557
25,25555,2,2,1, 25557
1,25556,1,1,0, 25557
24,25559,1,1,0, 25560
30,25558,3,3,1, 25561
17,25559,3,3,1, 25562
25,25560,2,2,1, 25562
1,25561,1,1,1, 25562
31,25561,2,2,1, 25563
9,25562,2,2,1, 25564
24,25564,1,1,1, 25565
31,25566,2,2,1, 25568
24,25569,1,1,1, 25570
29,25568,4,4,1, 25572
8,25636,1,1,0, 25637
8,25641,1,1,1, 25642
8,25646,1,1,0, 25647
8,25651,1,1,1, 25652
8,25656,1,1,0, 25657
8,25661,1,1,0, 25662
16,25664,2,2,1, 25666
8,25666,1,1,0, 25667
23,25668,3,3,1, 25671
16,25669,2,2,1, 25671
8,25671,1,1,1, 25672
22,25671,4,4,1, 25675
25,25675,2,2,1, 25677
1,25676,1,1,0, 25677
8,25676,1,1,0, 25677
24,25679,1,1,0, 25680
16,25679,2,2,1, 25681
17,25679,3,3,1, 25682
25,25680,2,2,1, 25682
1,25681,1,1,0, 25682
8,25681,1,1,0, 25682
22,25681,4,4,1, 25685
24,25684,1,1,0, 25685
23,25683,3,3,1, 25686
1,25686,1,1,1, 25687
8,25686,1,1,1, 25687
9,25687,2,2,1, 25689
24,25689,1,1,1, 25690
23,25688,3,3,1, 25691
16,25689,2,2,1, 25691
25,25690,2,2,1, 25692
1,25691,1,1,0, 25692
8,25691,1,1,0, 25692
9,25692,2,2,1, 25694
24,25694,1,1,0, 25695
25,25695,2,2,1, 25697
1,25696,1,1,1, 25697
8,25696,1,1,0, 25697
22,25696,4,4,1, 25700
24,25699,1,1,0, 25700
16,25699,2,2,1, 25701
1,25701,1,1,0, 25702
8,25701,1,1,1, 25702
31,25701,2,2,1, 25703
22,25701,4,4,1, 25705
24,25704,1,1,1, 25705
30,25703,3,3,1, 25706
25,25705,2,2,1, 25707
1,25706,1,1,1, 25707
9,25707,2,2,1, 25709
24,25709,1,1,0, 25710
30,25708,3,3,1, 25711
1,25711,1,1,0, 25712
9,25712,2,2,1, 25714
24,25714,1,1,1, 25715
30,25713,3,3,1, 25716
25,25715,2,2,1, 25717
1,25716,1,1,0, 25717
24,25719,1,1,0, 25720
30,25718,3,3,1, 25721
1,25721,1,1,1, 25722
9,25722,2,2,1, 25724
24,25724,1,1,0, 25725
30,25723,3,3,1, 25726
1,25726,1,1,1, 25727
31,25726,2,2,1, 25728
9,25727,2,2,1, 25729
24,25729,1,1,1, 25730
30,25728,3,3,1, 25731
29,25728,4,4,1, 25732
31,25731,2,2,1, 25733
24,25734,1,1,1, 25735
29,25733,4,4,1, 25737
31,25736,2,2,1, 25738
8,25806,1,1,0, 25807
8,25811,1,1,0, 25812
8,25816,1,1,0, 25817
8,25821,1,1,0, 25822
8,25826,1,1,1, 25827
1,25831,1,1,0, 25832
8,25831,1,1,1, 25832
25,25835,2,2,1, 25837
1,25836,1,1,0, 25837
8,25836,1,1,1, 25837
16,25839,2,2,1, 25841
25,25840,2,2,1, 25842
1,25841,1,1,1, 25842
8,25841,1,1,0, 25842
24,25844,1,1,0, 25845
25,25845,2,2,1, 25847
1,25846,1,1,1, 25847
8,25846,1,1,1, 25847
31,25846,2,2,1, 25848
24,25849,1,1,0, 25850
25,25850,2,2,1, 25852
1,25851,1,1,0, 25852
8,25851,1,1,0, 25852
31,25851,2,2,1, 25853
22,25851,4,4,1, 25855
24,25854,1,1,0, 25855
23,25853,3,3,1, 25856
16,25854,2,2,1, 25856
29,25853,4,4,1, 25857
1,25856,1,1,1, 25857
8,25856,1,1,0, 25857
22,25856,4,4,1, 25860
24,25859,1,1,0, 25860
23,25858,3,3,1, 25861
30,25858,3,3,1, 25861
16,25859,2,2,1, 25861
1,25861,1,1,0, 25862
8,25861,1,1,0, 25862
24,25864,1,1,1, 25865
23,25863,3,3,1, 25866
16,25864,2,2,1, 25866
1,25866,1,1,0, 25867
8,25866,1,1,1, 25867
22,25866,4,4,1, 25870
24,25869,1,1,1, 25870
16,25869,2,2,1, 25871
1,25871,1,1,1, 25872
8,25871,1,1,0, 25872
22,25871,4,4,1, 25875
24,25874,1,1,0, 25875
25,25875,2,2,1, 25877
1,25876,1,1,0, 25877
8,25876,1,1,0, 25877
24,25879,1,1,1, 25880
23,25878,3,3,1, 25881
1,25881,1,1,0, 25882
8,25881,1,1,1, 25882
24,25884,1,1,0, 25885
1,25886,1,1,1, 25887
8,25886,1,1,1, 25887
24,25889,1,1,0, 25890
23,25888,3,3,1, 25891
25,25890,2,2,1, 25892
1,25891,1,1,1, 25892
24,25894,1,1,0, 25895
1,25896,1,1,0, 25897
24,25899,1,1,0, 25900
25,25900,2,2,1, 25902
1,25901,1,1,0, 25902
26,25902,3,3,1, 25905
2,25903,2,2,1, 25905
24,25904,1,1,1, 25905
18,25903,4,4,1, 25907
25,25905,2,2,1, 25907
1,25906,1,1,0, 25907
26,25907,3,3,1, 25910
24,25909,1,1,1, 25910
18,25908,4,4,1, 25912
25,25910,2,2,1, 25912
1,25911,1,1,1, 25912
26,25912,3,3,1, 25915
24,25914,1,1,1, 25915
24,25919,1,1,1, 25920
24,25924,1,1,0, 25925
24,25929,1,1,1, 25930
24,25934,1,1,1, 25935
24,25939,1,1,1, 25940
24,25944,1,1,0, 25945
24,25949,1,1,1, 25950
24,25954,1,1,0, 25955
24,25959,1,1,0, 25960
24,25964,1,1,0, 25965
30,25963,3,3,1, 25966
31,25966,2,2,1, 25968
24,25969,1,1,1, 25970
30,25968,3,3,1, 25971
24,25974,1,1,1, 25975
30,25973,3,3,1, 25976
29,25973,4,4,1, 25977
31,25976,2,2,1, 25978
24,25979,1,1,1, 25980
8,26001,1,1,0, 26002
8,26006,1,1,0, 26007
8,26011,1,1,0, 26012
8,26016,1,1,1, 26017
8,26021,1,1,1, 26022
25,26025,2,2,1, 26027
1,26026,1,1,1, 26027
8,26026,1,1,1, 26027
16,26029,2,2,1, 26031
1,26031,1,1,1, 26032
8,26031,1,1,1, 26032
16,26034,2,2,1, 26036
25,26035,2,2,1, 26037
1,26036,1,1,0, 26037
8,26036,1,1,1, 26037
9,26037,2,2,1, 26039
16,26039,2,2,1, 26041
25,26040,2,2,1, 26042
1,26041,1,1,0, 26042
8,26041,1,1,0, 26042
16,26044,2,2,1, 26046
1,26046,1,1,0, 26047
8,26046,1,1,1, 26047
1,26051,1,1,1, 26052
8,26051,1,1,0, 26052
16,26054,2,2,1, 26056
25,26055,2,2,1, 26057
1,26056,1,1,1, 26057
8,26056,1,1,1, 26057
2,26058,2,2,1, 26060
16,26059,2,2,1, 26061
1,26061,1,1,0, 26062
8,26061,1,1,1, 26062
16,26064,2,2,1, 26066
1,26066,1,1,0, 26067
8,26066,1,1,1, 26067
2,26068,2,2,1, 26070
16,26069,2,2,1, 26071
1,26071,1,1,0, 26072
8,26071,1,1,0, 26072
1,26076,1,1,0, 26077
8,26076,1,1,1, 26077
26,26077,3,3,1, 26080
2,26078,2,2,1, 26080
16,26079,2,2,1, 26081
1,26081,1,1,1, 26082
8,26081,1,1,0, 26082
24,26084,1,1,0, 26085
23,26083,3,3,1, 26086
16,26084,2,2,1, 26086
29,26083,4,4,1, 26087
1,26086,1,1,1, 26087
8,26086,1,1,1, 26087
11,26084,4,4,1, 26088
26,26087,3,3,1, 26090
2,26088,2,2,1, 26090
24,26089,1,1,1, 26090
23,26088,3,3,1, 26091
30,26088,3,3,1, 26091
1,26091,1,1,0, 26092
8,26091,1,1,1, 26092
11,26089,4,4,1, 26093
26,26092,3,3,1, 26095
24,26094,1,1,0, 26095
30,26093,3,3,1, 26096
16,26094,2,2,1, 26096
31,26096,2,2,1, 26098
24,26099,1,1,0, 26100
30,26098,3,3,1, 26101
29,26098,4,4,1, 26102
24,26104,1,1,1, 26105
29,26103,4,4,1, 26107
24,26109,1,1,0, 26110
24,26114,1,1,1, 26115
24,26119,1,1,0, 26120
24,26124,1,1,1, 26125
24,26129,1,1,1, 26130
24,26134,1,1,0, 26135
24,26139,1,1,1, 26140
24,26144,1,1,0, 26145
24,26149,1,1,1, 26150
24,26154,1,1,0, 26155
24,26159,1,1,1, 26160
24,26164,1,1,0, 26165
24,26169,1,1,1, 26170
24,26174,1,1,0, 26175
24,26179,1,1,1, 26180
24,26184,1,1,1, 26185
24,26189,1,1,0, 26190
24,26194,1,1,1, 26195
24,26199,1,1,1, 26200
1,26201,1,1,0, 26202
9,26202,2,2,1, 26204
24,26204,1,1,0, 26205
17,26204,3,3,1, 26207
1,26206,1,1,1, 26207
8,26206,1,1,0, 26207
9,26207,2,2,1, 26209
24,26209,1,1,0, 26210
17,26209,3,3,1, 26212
1,26211,1,1,1, 26212
8,26211,1,1,1, 26212
24,26214,1,1,0, 26215
1,26216,1,1,0, 26217
8,26216,1,1,0, 26217
24,26219,1,1,1, 26220
1,26221,1,1,1, 26222
8,26221,1,1,1, 26222
2,26223,2,2,1, 26225
24,26224,1,1,1, 26225
18,26223,4,4,1, 26227
1,26226,1,1,1, 26227
8,26226,1,1,0, 26227
31,26226,2,2,1, 26228
26,26227,3,3,1, 26230
24,26229,1,1,1, 26230
1,26231,1,1,1, 26232
8,26231,1,1,0, 26232
31,26231,2,2,1, 26233
24,26234,1,1,1, 26235
1,26236,1,1,0, 26237
8,26236,1,1,0, 26237
26,26237,3,3,1, 26240
2,26238,2,2,1, 26240
24,26239,1,1,1, 26240
1,26241,1,1,0, 26242
8,26241,1,1,1, 26242
2,26243,2,2,1, 26245
24,26244,1,1,0, 26245
18,26243,4,4,1, 26247
1,26246,1,1,1, 26247
8,26246,1,1,1, 26247
31,26246,2,2,1, 26248
26,26247,3,3,1, 26250
2,26248,2,2,1, 26250
24,26249,1,1,1, 26250
8,26251,1,1,1, 26252
31,26251,2,2,1, 26253
16,26254,2,2,1, 26256
8,26256,1,1,1, 26257
23,26258,3,3,1, 26261
8,26261,1,1,1, 26262
23,26263,3,3,1, 26266
8,26266,1,1,0, 26267
16,26269,2,2,1, 26271
8,26271,1,1,0, 26272
22,26271,4,4,1, 26275
23,26273,3,3,1, 26276
8,26276,1,1,0, 26277
15,26276,2,2,1, 26278
22,26276,4,4,1, 26280
23,26278,3,3,1, 26281
16,26279,2,2,1, 26281
8,26281,1,1,0, 26282
15,26281,2,2,1, 26283
23,26283,3,3,1, 26286
1,26351,1,1,0, 26352
9,26352,2,2,1, 26354
25,26355,2,2,1, 26357
1,26356,1,1,0, 26357
24,26359,1,1,0, 26360
25,26360,2,2,1, 26362
1,26361,1,1,1, 26362
24,26364,1,1,1, 26365
1,26366,1,1,0, 26367
24,26369,1,1,0, 26370
1,26371,1,1,0, 26372
24,26374,1,1,1, 26375
25,26375,2,2,1, 26377
1,26376,1,1,1, 26377
24,26379,1,1,1, 26380
25,26380,2,2,1, 26382
1,26381,1,1,1, 26382
9,26382,2,2,1, 26384
24,26384,1,1,1, 26385
18,26383,4,4,1, 26387
25,26385,2,2,1, 26387
1,26386,1,1,0, 26387
26,26387,3,3,1, 26390
24,26389,1,1,1, 26390
16,26389,2,2,1, 26391
18,26388,4,4,1, 26392
1,26391,1,1,1, 26392
8,26391,1,1,0, 26392
9,26392,2,2,1, 26394
26,26392,3,3,1, 26395
2,26393,2,2,1, 26395
24,26394,1,1,1, 26395
1,26396,1,1,0, 26397
8,26396,1,1,1, 26397
24,26399,1,1,1, 26400
17,26399,3,3,1, 26402
25,26400,2,2,1, 26402
8,26401,1,1,0, 26402
24,26404,1,1,1, 26405
8,26406,1,1,1, 26407
24,26409,1,1,1, 26410
23,26408,3,3,1, 26411
8,26411,1,1,1, 26412
24,26414,1,1,0, 26415
23,26413,3,3,1, 26416
8,26416,1,1,0, 26417
22,26416,4,4,1, 26420
24,26419,1,1,0, 26420
8,26421,1,1,0, 26422
24,26424,1,1,0, 26425
8,26426,1,1,1, 26427
24,26429,1,1,1, 26430
8,26431,1,1,0, 26432
31,26431,2,2,1, 26433
24,26434,1,1,1, 26435
8,26436,1,1,1, 26437
24,26439,1,1,1, 26440
8,26441,1,1,0, 26442
31,26441,2,2,1, 26443
24,26444,1,1,0, 26445
8,26446,1,1,0, 26447
31,26446,2,2,1, 26448
24,26449,1,1,1, 26450
8,26451,1,1,1, 26452
31,26451,2,2,1, 26453
24,26454,1,1,0, 26455
8,26456,1,1,0, 26457
15,26456,2,2,1, 26458
24,26459,1,1,0, 26460
8,26461,1,1,0, 26462
24,26464,1,1,1, 26465
8,26466,1,1,0, 26467
31,26466,2,2,1, 26468
24,26469,1,1,0, 26470
8,26471,1,1,1, 26472
15,26471,2,2,1, 26473
24,26474,1,1,0, 26475
8,26476,1,1,0, 26477
15,26476,2,2,1, 26478
31,26476,2,2,1, 26478
24,26479,1,1,1, 26480
8,26481,1,1,1, 26482
6,26480,2,4,1, 26484
24,26484,1,1,1, 26485
8,26486,1,1,0, 26487
15,26486,2,2,1, 26488
6,26485,2,4,1, 26489
24,26489,1,1,1, 26490
8,26491,1,1,0, 26492
15,26491,2,2,1, 26493
31,26491,2,2,1, 26493
24,26494,1,1,1, 26495
14,26494,3,3,1, 26497
24,26499,1,1,0, 26500
31,26501,2,2,1, 26503
24,26504,1,1,0, 26505
1,26506,1,1,0, 26507
24,26509,1,1,1, 26510
30,26508,3,3,1, 26511
29,26508,4,4,1, 26512
1,26511,1,1,0, 26512
31,26511,2,2,1, 26513
1,26516,1,1,1, 26517
25,26520,2,2,1, 26522
1,26521,1,1,0, 26522
1,26526,1,1,1, 26527
1,26531,1,1,0, 26532
1,26536,1,1,1, 26537
1,26541,1,1,0, 26542
25,26545,2,2,1, 26547
1,26546,1,1,0, 26547
2,26548,2,2,1, 26550
1,26551,1,1,1, 26552
2,26553,2,2,1, 26555
1,26556,1,1,0, 26557
2,26558,2,2,1, 26560
18,26558,4,4,1, 26562
25,26560,2,2,1, 26562
1,26561,1,1,0, 26562
26,26562,3,3,1, 26565
18,26563,4,4,1, 26567
25,26565,2,2,1, 26567
1,26566,1,1,1, 26567
2,26568,2,2,1, 26570
18,26568,4,4,1, 26572
17,26569,3,3,1, 26572
1,26571,1,1,0, 26572
2,26573,2,2,1, 26575
8,26601,1,1,1, 26602
16,26604,2,2,1, 26606
8,26606,1,1,0, 26607
16,26609,2,2,1, 26611
8,26611,1,1,1, 26612
16,26614,2,2,1, 26616
8,26616,1,1,0, 26617
24,26619,1,1,0, 26620
8,26621,1,1,1, 26622
24,26624,1,1,0, 26625
16,26624,2,2,1, 26626
8,26626,1,1,1, 26627
24,26629,1,1,0, 26630
23,26628,3,3,1, 26631
16,26629,2,2,1, 26631
8,26631,1,1,0, 26632
22,26631,4,4,1, 26635
24,26634,1,1,0, 26635
23,26633,3,3,1, 26636
8,26636,1,1,1, 26637
24,26639,1,1,1, 26640
23,26638,3,3,1, 26641
16,26639,2,2,1, 26641
8,26641,1,1,1, 26642
15,26641,2,2,1, 26643
22,26641,4,4,1, 26645
24,26644,1,1,0, 26645
24,26649,1,1,1, 26650
24,26654,1,1,1, 26655
24,26659,1,1,0, 26660
24,26664,1,1,0, 26665
24,26669,1,1,0, 26670
24,26674,1,1,1, 26675
24,26679,1,1,0, 26680
25,26680,2,2,1, 26682
1,26681,1,1,0, 26682
31,26681,2,2,1, 26683
24,26684,1,1,1, 26685
1,26686,1,1,0, 26687
24,26689,1,1,1, 26690
25,26690,2,2,1, 26692
1,26691,1,1,1, 26692
24,26694,1,1,1, 26695
1,26696,1,1,1, 26697
31,26696,2,2,1, 26698
24,26699,1,1,0, 26700
1,26701,1,1,1, 26702
24,26704,1,1,0, 26705
1,26706,1,1,1, 26707
24,26709,1,1,1, 26710
1,26711,1,1,1, 26712
31,26711,2,2,1, 26713
24,26714,1,1,0, 26715
1,26716,1,1,0, 26717
2,26718,2,2,1, 26720
24,26719,1,1,1, 26720
18,26718,4,4,1, 26722
1,26721,1,1,0, 26722
31,26721,2,2,1, 26723
2,26723,2,2,1, 26725
24,26724,1,1,0, 26725
1,26726,1,1,1, 26727
2,26728,2,2,1, 26730
24,26729,1,1,1, 26730
1,26731,1,1,0, 26732
31,26731,2,2,1, 26733
2,26733,2,2,1, 26735
24,26734,1,1,0, 26735
1,26736,1,1,0, 26737
11,26734,4,4,1, 26738
31,26736,2,2,1, 26738
24,26739,1,1,0, 26740
18,26738,4,4,1, 26742
1,26741,1,1,1, 26742
31,26741,2,2,1, 26743
26,26742,3,3,1, 26745
24,26744,1,1,1, 26745
19,26741,5,5,1, 26746
29,26743,4,4,1, 26747
1,26746,1,1,0, 26747
11,26744,4,4,1, 26748
3,26747,3,3,1, 26750
24,26749,1,1,1, 26750
30,26748,3,3,1, 26751
29,26748,4,4,1, 26752
8,26751,1,1,1, 26752
31,26751,2,2,1, 26753
8,26756,1,1,1, 26757
8,26761,1,1,0, 26762
8,26766,1,1,1, 26767
8,26771,1,1,0, 26772
8,26776,1,1,1, 26777
8,26781,1,1,0, 26782
16,26784,2,2,1, 26786
8,26786,1,1,1, 26787
16,26789,2,2,1, 26791
8,26791,1,1,1, 26792
8,26796,1,1,1, 26797
16,26799,2,2,1, 26801
8,26801,1,1,0, 26802
8,26806,1,1,1, 26807
22,26806,4,4,1, 26810
8,26811,1,1,1, 26812
22,26811,4,4,1, 26815
8,26816,1,1,0, 26817
22,26816,4,4,1, 26820
23,26818,3,3,1, 26821
8,26821,1,1,1, 26822
15,26821,2,2,1, 26823
8,26826,1,1,1, 26827
23,26828,3,3,1, 26831
16,26829,2,2,1, 26831
8,26831,1,1,1, 26832
23,26833,3,3,1, 26836
1,26856,1,1,1, 26857
24,26859,1,1,0, 26860
17,26859,3,3,1, 26862
25,26860,2,2,1, 26862
1,26861,1,1,0, 26862
24,26864,1,1,0, 26865
1,26866,1,1,0, 26867
26,26867,3,3,1, 26870
2,26868,2,2,1, 26870
24,26869,1,1,0, 26870
25,26870,2,2,1, 26872
1,26871,1,1,0, 26872
24,26874,1,1,1, 26875
1,26876,1,1,0, 26877
2,26878,2,2,1, 26880
24,26879,1,1,1, 26880
18,26878,4,4,1, 26882
25,26880,2,2,1, 26882
1,26881,1,1,1, 26882
24,26884,1,1,1, 26885
19,26881,5,5,1, 26886
1,26886,1,1,1, 26887
3,26887,3,3,1, 26890
24,26889,1,1,0, 26890
19,26886,5,5,1, 26891
18,26888,4,4,1, 26892
1,26891,1,1,0, 26892
3,26892,3,3,1, 26895
24,26894,1,1,1, 26895
18,26893,4,4,1, 26897
25,26895,2,2,1, 26897
24,26899,1,1,1, 26900
24,26904,1,1,1, 26905
24,26909,1,1,1, 26910
24,26914,1,1,0, 26915
24,26919,1,1,0, 26920
24,26924,1,1,0, 26925
31,26926,2,2,1, 26928
24,26929,1,1,1, 26930
30,26928,3,3,1, 26931
29,26928,4,4,1, 26932
24,26934,1,1,0, 26935
29,26933,4,4,1, 26937
31,26936,2,2,1, 26938
24,26939,1,1,1, 26940
8,26941,1,1,1, 26942
24,26944,1,1,0, 26945
8,26946,1,1,1, 26947
24,26949,1,1,0, 26950
8,26951,1,1,1, 26952
24,26954,1,1,1, 26955
8,26956,1,1,0, 26957
31,26956,2,2,1, 26958
24,26959,1,1,0, 26960
8,26961,1,1,0, 26962
24,26964,1,1,1, 26965
8,26966,1,1,0, 26967
31,26966,2,2,1, 26968
24,26969,1,1,0, 26970
8,26971,1,1,0, 26972
24,26974,1,1,1, 26975
8,26976,1,1,1, 26977
24,26979,1,1,1, 26980
8,26981,1,1,0, 26982
31,26981,2,2,1, 26983
24,26984,1,1,0, 26985
14,26984,3,3,1, 26987
8,26986,1,1,1, 26987
15,26986,2,2,1, 26988
31,26986,2,2,1, 26988
24,26989,1,1,1, 26990
8,26991,1,1,1, 26992
15,26991,2,2,1, 26993
24,26994,1,1,1, 26995
23,26993,3,3,1, 26996
16,26994,2,2,1, 26996
14,26994,3,3,1, 26997
8,26996,1,1,1, 26997
13,26994,4,4,1, 26998
22,26996,4,4,1, 27000
24,26999,1,1,0, 27000
23,26998,3,3,1, 27001
16,26999,2,2,1, 27001
8,27001,1,1,1, 27002
15,27001,2,2,1, 27003
24,27004,1,1,0, 27005
17,27004,3,3,1, 27007
1,27006,1,1,0, 27007
31,27006,2,2,1, 27008
1,27011,1,1,0, 27012
9,27012,2,2,1, 27014
1,27016,1,1,0, 27017
17,27019,3,3,1, 27022
25,27020,2,2,1, 27022
1,27021,1,1,1, 27022
2,27023,2,2,1, 27025
17,27024,3,3,1, 27027
1,27026,1,1,1, 27027
9,27027,2,2,1, 27029
17,27029,3,3,1, 27032
25,27030,2,2,1, 27032
1,27031,1,1,0, 27032
3,27032,3,3,1, 27035
1,27036,1,1,0, 27037
1,27041,1,1,0, 27042
9,27042,2,2,1, 27044
26,27042,3,3,1, 27045
18,27043,4,4,1, 27047
1,27046,1,1,0, 27047
9,27047,2,2,1, 27049
26,27047,3,3,1, 27050
8,27106,1,1,1, 27107
22,27106,4,4,1, 27110
23,27108,3,3,1, 27111
8,27111,1,1,1, 27112
24,27114,1,1,0, 27115
16,27114,2,2,1, 27116
8,27116,1,1,0, 27117
22,27116,4,4,1, 27120
24,27119,1,1,1, 27120
23,27118,3,3,1, 27121
8,27121,1,1,0, 27122
24,27124,1,1,1, 27125
16,27124,2,2,1, 27126
8,27126,1,1,1, 27127
22,27126,4,4,1, 27130
24,27129,1,1,0, 27130
8,27131,1,1,0, 27132
24,27134,1,1,1, 27135
23,27133,3,3,1, 27136
8,27136,1,1,0, 27137
24,27139,1,1,0, 27140
8,27141,1,1,0, 27142
24,27144,1,1,0, 27145
8,27146,1,1,0, 27147
24,27149,1,1,1, 27150
8,27151,1,1,1, 27152
24,27154,1,1,1, 27155
1,27156,1,1,0, 27157
8,27156,1,1,1, 27157
24,27159,1,1,0, 27160
25,27160,2,2,1, 27162
1,27161,1,1,1, 27162
8,27161,1,1,0, 27162
24,27164,1,1,1, 27165
1,27166,1,1,0, 27167
8,27166,1,1,1, 27167
24,27169,1,1,1, 27170
25,27170,2,2,1, 27172
1,27171,1,1,1, 27172
8,27171,1,1,1, 27172
15,27171,2,2,1, 27173
24,27174,1,1,0, 27175
25,27175,2,2,1, 27177
1,27176,1,1,0, 27177
8,27176,1,1,1, 27177
15,27176,2,2,1, 27178
9,27177,2,2,1, 27179
24,27179,1,1,1, 27180
1,27181,1,1,0, 27182
8,27181,1,1,1, 27182
9,27182,2,2,1, 27184
24,27184,1,1,0, 27185
14,27184,3,3,1, 27187
25,27185,2,2,1, 27187
1,27186,1,1,0, 27187
9,27187,2,2,1, 27189
2,27188,2,2,1, 27190
24,27189,1,1,0, 27190
1,27191,1,1,0, 27192
31,27191,2,2,1, 27193
9,27192,2,2,1, 27194
24,27194,1,1,1, 27195
17,27194,3,3,1, 27197
1,27196,1,1,0, 27197
31,27196,2,2,1, 27198
2,27198,2,2,1, 27200
24,27199,1,1,1, 27200
1,27201,1,1,0, 27202
9,27202,2,2,1, 27204
2,27203,2,2,1, 27205
24,27204,1,1,1, 27205
31,27206,2,2,1, 27208
24,27209,1,1,0, 27210
31,27211,2,2,1, 27213
24,27214,1,1,0, 27215
31,27216,2,2,1, 27218
24,27219,1,1,1, 27220
24,27224,1,1,0, 27225
31,27226,2,2,1, 27228
24,27229,1,1,1, 27230
30,27228,3,3,1, 27231
24,27234,1,1,1, 27235
30,27233,3,3,1, 27236
31,27236,2,2,1, 27238
24,27239,1,1,1, 27240
16,27289,2,2,1, 27291
8,27291,1,1,0, 27292
8,27296,1,1,1, 27297
8,27301,1,1,1, 27302
16,27304,2,2,1, 27306
8,27306,1,1,1, 27307
22,27306,4,4,1, 27310
16,27309,2,2,1, 27311
1,27311,1,1,1, 27312
8,27311,1,1,0, 27312
22,27311,4,4,1, 27315
23,27313,3,3,1, 27316
1,27316,1,1,0, 27317
8,27316,1,1,0, 27317
1,27321,1,1,0, 27322
8,27321,1,1,1, 27322
22,27321,4,4,1, 27325
16,27324,2,2,1, 27326
1,27326,1,1,0, 27327
8,27326,1,1,0, 27327
15,27326,2,2,1, 27328
22,27326,4,4,1, 27330
23,27328,3,3,1, 27331
16,27329,2,2,1, 27331
1,27331,1,1,1, 27332
8,27331,1,1,1, 27332
15,27331,2,2,1, 27333
1,27336,1,1,0, 27337
1,27341,1,1,0, 27342
24,27344,1,1,1, 27345
1,27346,1,1,1, 27347
24,27349,1,1,0, 27350
1,27351,1,1,1, 27352
24,27354,1,1,0, 27355
1,27356,1,1,0, 27357
24,27359,1,1,0, 27360
1,27361,1,1,0, 27362
24,27364,1,1,1, 27365
1,27366,1,1,1, 27367
24,27369,1,1,1, 27370
1,27371,1,1,0, 27372
24,27374,1,1,1, 27375
1,27376,1,1,0, 27377
24,27379,1,1,1, 27380
1,27381,1,1,0, 27382
24,27384,1,1,0, 27385
1,27386,1,1,1, 27387
24,27389,1,1,0, 27390
1,27391,1,1,0, 27392
24,27394,1,1,0, 27395
1,27396,1,1,1, 27397
2,27398,2,2,1, 27400
24,27399,1,1,0, 27400
1,27401,1,1,0, 27402
2,27403,2,2,1, 27405
24,27404,1,1,1, 27405
30,27403,3,3,1, 27406
29,27403,4,4,1, 27407
1,27406,1,1,0, 27407
2,27408,2,2,1, 27410
24,27409,1,1,0, 27410
17,27409,3,3,1, 27412
1,27411,1,1,1, 27412
2,27413,2,2,1, 27415
24,27414,1,1,0, 27415
29,27413,4,4,1, 27417
25,27415,2,2,1, 27417
1,27416,1,1,0, 27417
28,27414,5,5,1, 27419
9,27417,2,2,1, 27419
4,27416,4,4,1, 27420
24,27419,1,1,0, 27420
30,27418,3,3,1, 27421
1,27421,1,1,1, 27422
28,27419,5,5,1, 27424
24,27424,1,1,1, 27425
25,27425,2,2,1, 27427
24,27429,1,1,0, 27430
31,27431,2,2,1, 27433
24,27434,1,1,1, 27435
8,27436,1,1,0, 27437
31,27436,2,2,1, 27438
24,27439,1,1,0, 27440
8,27441,1,1,0, 27442
24,27444,1,1,1, 27445
8,27446,1,1,0, 27447
31,27446,2,2,1, 27448
24,27449,1,1,1, 27450
8,27451,1,1,0, 27452
31,27451,2,2,1, 27453
24,27454,1,1,0, 27455
8,27456,1,1,1, 27457
24,27459,1,1,1, 27460
8,27461,1,1,1, 27462
31,27461,2,2,1, 27463
24,27464,1,1,1, 27465
8,27466,1,1,1, 27467
24,27469,1,1,1, 27470
8,27471,1,1,0, 27472
24,27474,1,1,1, 27475
8,27476,1,1,0, 27477
24,27479,1,1,1, 27480
8,27481,1,1,1, 27482
16,27484,2,2,1, 27486
8,27486,1,1,1, 27487
8,27491,1,1,1, 27492
16,27494,2,2,1, 27496
8,27496,1,1,1, 27497
8,27501,1,1,1, 27502
8,27506,1,1,0, 27507
15,27506,2,2,1, 27508
8,27511,1,1,0, 27512
8,27516,1,1,1, 27517
15,27516,2,2,1, 27518
16,27519,2,2,1, 27521
8,27521,1,1,0, 27522
8,27526,1,1,1, 27527
6,27525,2,4,1, 27529
23,27528,3,3,1, 27531
14,27529,3,3,1, 27532
1,27531,1,1,0, 27532
8,27531,1,1,1, 27532
13,27529,4,4,1, 27533
16,27534,2,2,1, 27536
14,27534,3,3,1, 27537
1,27536,1,1,1, 27537
8,27536,1,1,1, 27537
16,27539,2,2,1, 27541
14,27539,3,3,1, 27542
17,27539,3,3,1, 27542
1,27541,1,1,1, 27542
17,27544,3,3,1, 27547
1,27546,1,1,0, 27547
9,27547,2,2,1, 27549
17,27549,3,3,1, 27552
1,27551,1,1,0, 27552
17,27554,3,3,1, 27557
25,27555,2,2,1, 27557
1,27556,1,1,0, 27557
17,27559,3,3,1, 27562
1,27561,1,1,1, 27562
17,27564,3,3,1, 27567
1,27566,1,1,0, 27567
25,27570,2,2,1, 27572
1,27571,1,1,1, 27572
26,27572,3,3,1, 27575
2,27573,2,2,1, 27575
18,27573,4,4,1, 27577
1,27576,1,1,1, 27577
26,27577,3,3,1, 27580
1,27581,1,1,1, 27582
3,27582,3,3,1, 27585
24,27584,1,1,0, 27585
24,27589,1,1,1, 27590
24,27594,1,1,0, 27595
24,27599,1,1,1, 27600
24,27604,1,1,1, 27605
24,27609,1,1,1, 27610
24,27614,1,1,1, 27615
24,27619,1,1,0, 27620
24,27624,1,1,0, 27625
24,27629,1,1,0, 27630
24,27634,1,1,1, 27635
24,27639,1,1,1, 27640
24,27644,1,1,0, 27645
24,27649,1,1,1, 27650
8,27651,1,1,0, 27652
24,27654,1,1,1, 27655
8,27656,1,1,1, 27657
24,27659,1,1,1, 27660
8,27661,1,1,0, 27662
24,27664,1,1,1, 27665
8,27666,1,1,1, 27667
31,27666,2,2,1, 27668
24,27669,1,1,0, 27670
8,27671,1,1,0, 27672
24,27674,1,1,0, 27675
8,27676,1,1,0, 27677
24,27679,1,1,0, 27680
8,27681,1,1,1, 27682
31,27681,2,2,1, 27683
24,27684,1,1,1, 27685
8,27686,1,1,1, 27687
15,27686,2,2,1, 27688
9,27687,2,2,1, 27689
24,27689,1,1,1, 27690
1,27691,1,1,1, 27692
8,27691,1,1,1, 27692
9,27692,2,2,1, 27694
24,27694,1,1,1, 27695
17,27694,3,3,1, 27697
25,27695,2,2,1, 27697
1,27696,1,1,0, 27697
8,27696,1,1,1, 27697
15,27696,2,2,1, 27698
31,27696,2,2,1, 27698
24,27699,1,1,0, 27700
25,27700,2,2,1, 27702
1,27701,1,1,0, 27702
8,27701,1,1,1, 27702
15,27701,2,2,1, 27703
9,27702,2,2,1, 27704
24,27704,1,1,1, 27705
16,27704,2,2,1, 27706
17,27704,3,3,1, 27707
1,27706,1,1,0, 27707
8,27706,1,1,0, 27707
31,27706,2,2,1, 27708
9,27707,2,2,1, 27709
24,27709,1,1,1, 27710
1,27711,1,1,1, 27712
8,27711,1,1,1, 27712
15,27711,2,2,1, 27713
2,27713,2,2,1, 27715
24,27714,1,1,1, 27715
16,27714,2,2,1, 27716
17,27714,3,3,1, 27717
1,27716,1,1,0, 27717
8,27716,1,1,1, 27717
15,27716,2,2,1, 27718
31,27716,2,2,1, 27718
24,27719,1,1,1, 27720
16,27719,2,2,1, 27721
1,27721,1,1,0, 27722
8,27721,1,1,0, 27722
31,27721,2,2,1, 27723
9,27722,2,2,1, 27724
24,27724,1,1,1, 27725
1,27726,1,1,0, 27727
8,27726,1,1,0, 27727
15,27726,2,2,1, 27728
9,27727,2,2,1, 27729
3,27727,3,3,1, 27730
24,27729,1,1,0, 27730
8,27731,1,1,1, 27732
15,27731,2,2,1, 27733
24,27734,1,1,0, 27735
16,27734,2,2,1, 27736
31,27736,2,2,1, 27738
24,27739,1,1,0, 27740
31,27741,2,2,1, 27743
24,27744,1,1,1, 27745
29,27743,4,4,1, 27747
31,27746,2,2,1, 27748
1,27836,1,1,0, 27837
1,27841,1,1,1, 27842
8,27841,1,1,0, 27842
22,27841,4,4,1, 27845
1,27846,1,1,0, 27847
8,27846,1,1,0, 27847
22,27846,4,4,1, 27850
23,27848,3,3,1, 27851
1,27851,1,1,0, 27852
8,27851,1,1,0, 27852
24,27854,1,1,0, 27855
1,27856,1,1,1, 27857
8,27856,1,1,1, 27857
24,27859,1,1,0, 27860
1,27861,1,1,1, 27862
8,27861,1,1,0, 27862
24,27864,1,1,0, 27865
1,27866,1,1,1, 27867
8,27866,1,1,0, 27867
24,27869,1,1,1, 27870
1,27871,1,1,0, 27872
8,27871,1,1,1, 27872
2,27873,2,2,1, 27875
24,27874,1,1,0, 27875
1,27876,1,1,0, 27877
8,27876,1,1,0, 27877
26,27877,3,3,1, 27880
2,27878,2,2,1, 27880
24,27879,1,1,0, 27880
1,27881,1,1,0, 27882
8,27881,1,1,0, 27882
26,27882,3,3,1, 27885
24,27884,1,1,0, 27885
18,27883,4,4,1, 27887
1,27886,1,1,0, 27887
8,27886,1,1,0, 27887
15,27886,2,2,1, 27888
31,27886,2,2,1, 27888
2,27888,2,2,1, 27890
24,27889,1,1,1, 27890
30,27888,3,3,1, 27891
1,27891,1,1,1, 27892
8,27891,1,1,1, 27892
15,27891,2,2,1, 27893
9,27892,2,2,1, 27894
2,27893,2,2,1, 27895
24,27894,1,1,1, 27895
1,27896,1,1,0, 27897
8,27896,1,1,1, 27897
15,27896,2,2,1, 27898
31,27896,2,2,1, 27898
2,27898,2,2,1, 27900
24,27899,1,1,0, 27900
17,27899,3,3,1, 27902
1,27901,1,1,1, 27902
8,27901,1,1,1, 27902
15,27901,2,2,1, 27903
31,27901,2,2,1, 27903
3,27902,3,3,1, 27905
24,27904,1,1,0, 27905
1,27906,1,1,0, 27907
8,27906,1,1,0, 27907
4,27906,4,4,1, 27910
24,27909,1,1,1, 27910
14,27909,3,3,1, 27912
8,27911,1,1,1, 27912
15,27911,2,2,1, 27913
31,27911,2,2,1, 27913
24,27914,1,1,0, 27915
8,27916,1,1,1, 27917
15,27916,2,2,1, 27918
31,27916,2,2,1, 27918
24,27919,1,1,0, 27920
8,27921,1,1,0, 27922
15,27921,2,2,1, 27923
24,27924,1,1,1, 27925
31,27926,2,2,1, 27928
24,27929,1,1,0, 27930
24,27934,1,1,1, 27935
24,27939,1,1,1, 27940
24,27944,1,1,1, 27945
31,27946,2,2,1, 27948
24,27949,1,1,0, 27950
31,27951,2,2,1, 27953
24,27954,1,1,0, 27955
31,27956,2,2,1, 27958
24,27959,1,1,0, 27960
1,28016,1,1,1, 28017
25,28020,2,2,1, 28022
1,28021,1,1,1, 28022
9,28022,2,2,1, 28024
1,28026,1,1,0, 28027
9,28027,2,2,1, 28029
22,28026,4,4,1, 28030
23,28028,3,3,1, 28031
16,28029,2,2,1, 28031
1,28031,1,1,1, 28032
8,28031,1,1,1, 28032
9,28032,2,2,1, 28034
16,28034,2,2,1, 28036
25,28035,2,2,1, 28037
1,28036,1,1,0, 28037
8,28036,1,1,0, 28037
9,28037,2,2,1, 28039
26,28037,3,3,1, 28040
2,28038,2,2,1, 28040
16,28039,2,2,1, 28041
25,28040,2,2,1, 28042
1,28041,1,1,0, 28042
8,28041,1,1,0, 28042
22,28041,4,4,1, 28045
26,28042,3,3,1, 28045
18,28043,4,4,1, 28047
25,28045,2,2,1, 28047
1,28046,1,1,0, 28047
8,28046,1,1,0, 28047
9,28047,2,2,1, 28049
22,28046,4,4,1, 28050
8,28051,1,1,1, 28052
23,28053,3,3,1, 28056
16,28054,2,2,1, 28056
8,28056,1,1,1, 28057
22,28056,4,4,1, 28060
8,28061,1,1,0, 28062
24,28064,1,1,0, 28065
23,28063,3,3,1, 28066
16,28064,2,2,1, 28066
29,28063,4,4,1, 28067
8,28066,1,1,0, 28067
22,28066,4,4,1, 28070
24,28069,1,1,1, 28070
8,28071,1,1,0, 28072
24,28074,1,1,0, 28075
8,28076,1,1,0, 28077
24,28079,1,1,0, 28080
8,28081,1,1,0, 28082
24,28084,1,1,1, 28085
8,28086,1,1,0, 28087
24,28089,1,1,1, 28090
8,28091,1,1,1, 28092
24,28094,1,1,1, 28095
8,28096,1,1,1, 28097
15,28096,2,2,1, 28098
24,28099,1,1,0, 28100
24,28104,1,1,0, 28105
24,28109,1,1,0, 28110
24,28114,1,1,1, 28115
24,28119,1,1,0, 28120
24,28124,1,1,0, 28125
24,28129,1,1,0, 28130
24,28134,1,1,1, 28135
24,28139,1,1,0, 28140
24,28144,1,1,0, 28145
24,28149,1,1,0, 28150
24,28154,1,1,0, 28155
1,28156,1,1,1, 28157
24,28159,1,1,1, 28160
25,28160,2,2,1, 28162
1,28161,1,1,1, 28162
24,28164,1,1,0, 28165
1,28166,1,1,1, 28167
24,28169,1,1,0, 28170
1,28171,1,1,0, 28172
2,28173,2,2,1, 28175
24,28174,1,1,1, 28175
1,28176,1,1,1, 28177
31,28176,2,2,1, 28178
24,28179,1,1,0, 28180
25,28180,2,2,1, 28182
1,28181,1,1,1, 28182
9,28182,2,2,1, 28184
2,28183,2,2,1, 28185
24,28184,1,1,1, 28185
17,28184,3,3,1, 28187
25,28185,2,2,1, 28187
1,28186,1,1,0, 28187
24,28189,1,1,0, 28190
17,28189,3,3,1, 28192
25,28190,2,2,1, 28192
1,28191,1,1,1, 28192
2,28193,2,2,1, 28195
24,28194,1,1,1, 28195
17,28194,3,3,1, 28197
1,28196,1,1,1, 28197
11,28194,4,4,1, 28198
31,28196,2,2,1, 28198
3,28197,3,3,1, 28200
2,28198,2,2,1, 28200
24,28199,1,1,0, 28200
18,28198,4,4,1, 28202
24,28204,1,1,1, 28205
8,28206,1,1,0, 28207
24,28209,1,1,0, 28210
8,28211,1,1,1, 28212
24,28214,1,1,0, 28215
23,28213,3,3,1, 28216
16,28214,2,2,1, 28216
8,28216,1,1,0, 28217
24,28219,1,1,0, 28220
8,28221,1,1,1, 28222
24,28224,1,1,0, 28225
8,28226,1,1,1, 28227
24,28229,1,1,1, 28230
23,28228,3,3,1, 28231
30,28228,3,3,1, 28231
29,28228,4,4,1, 28232
8,28231,1,1,0, 28232
24,28234,1,1,0, 28235
23,28233,3,3,1, 28236
30,28233,3,3,1, 28236
16,28234,2,2,1, 28236
29,28233,4,4,1, 28237
8,28236,1,1,1, 28237
31,28236,2,2,1, 28238
24,28239,1,1,0, 28240
23,28238,3,3,1, 28241
16,28239,2,2,1, 28241
8,28241,1,1,1, 28242
31,28241,2,2,1, 28243
24,28244,1,1,1, 28245
23,28243,3,3,1, 28246
16,28244,2,2,1, 28246
8,28246,1,1,0, 28247
24,28249,1,1,1, 28250
23,28248,3,3,1, 28251
8,28251,1,1,0, 28252
31,28251,2,2,1, 28253
24,28254,1,1,0, 28255
30,28253,3,3,1, 28256
8,28256,1,1,1, 28257
22,28256,4,4,1, 28260
23,28258,3,3,1, 28261
16,28259,2,2,1, 28261
8,28261,1,1,0, 28262
22,28261,4,4,1, 28265
25,28305,2,2,1, 28307
1,28306,1,1,1, 28307
1,28311,1,1,0, 28312
25,28315,2,2,1, 28317
1,28316,1,1,1, 28317
1,28321,1,1,0, 28322
25,28325,2,2,1, 28327
1,28326,1,1,1, 28327
25,28330,2,2,1, 28332
1,28331,1,1,1, 28332
25,28335,2,2,1, 28337
1,28336,1,1,1, 28337
25,28340,2,2,1, 28342
1,28341,1,1,1, 28342
2,28343,2,2,1, 28345
1,28346,1,1,1, 28347
2,28348,2,2,1, 28350
1,28351,1,1,0, 28352
1,28356,1,1,0, 28357
26,28357,3,3,1, 28360
18,28358,4,4,1, 28362
25,28360,2,2,1, 28362
1,28361,1,1,1, 28362
2,28363,2,2,1, 28365
24,28364,1,1,0, 28365
18,28363,4,4,1, 28367
17,28364,3,3,1, 28367
24,28369,1,1,0, 28370
8,28371,1,1,0, 28372
24,28374,1,1,1, 28375
8,28376,1,1,1, 28377
24,28379,1,1,1, 28380
8,28381,1,1,0, 28382
24,28384,1,1,0, 28385
8,28386,1,1,0, 28387
24,28389,1,1,1, 28390
16,28389,2,2,1, 28391
8,28391,1,1,0, 28392
24,28394,1,1,1, 28395
8,28396,1,1,1, 28397
31,28396,2,2,1, 28398
24,28399,1,1,1, 28400
16,28399,2,2,1, 28401
8,28401,1,1,1, 28402
31,28401,2,2,1, 28403
24,28404,1,1,0, 28405
16,28404,2,2,1, 28406
8,28406,1,1,1, 28407
24,28409,1,1,1, 28410
16,28409,2,2,1, 28411
8,28411,1,1,1, 28412
24,28414,1,1,1, 28415
16,28414,2,2,1, 28416
8,28416,1,1,1, 28417
24,28419,1,1,0, 28420
8,28421,1,1,0, 28422
31,28421,2,2,1, 28423
24,28424,1,1,1, 28425
16,28424,2,2,1, 28426
8,28426,1,1,1, 28427
24,28429,1,1,0, 28430
8,28431,1,1,1, 28432
31,28431,2,2,1, 28433
24,28434,1,1,1, 28435
16,28434,2,2,1, 28436
8,28436,1,1,0, 28437
15,28436,2,2,1, 28438
24,28439,1,1,1, 28440
8,28441,1,1,1, 28442
24,28444,1,1,1, 28445
16,28444,2,2,1, 28446
8,28446,1,1,0, 28447
15,28446,2,2,1, 28448
31,28446,2,2,1, 28448
24,28449,1,1,0, 28450
24,28454,1,1,1, 28455
24,28459,1,1,1, 28460
24,28464,1,1,1, 28465
24,28469,1,1,0, 28470
1,28471,1,1,1, 28472
31,28471,2,2,1, 28473
24,28474,1,1,1, 28475
1,28476,1,1,0, 28477
31,28476,2,2,1, 28478
24,28479,1,1,1, 28480
1,28481,1,1,0, 28482
31,28481,2,2,1, 28483
24,28484,1,1,0, 28485
1,28486,1,1,0, 28487
24,28489,1,1,1, 28490
1,28491,1,1,0, 28492
24,28494,1,1,0, 28495
29,28493,4,4,1, 28497
1,28496,1,1,0, 28497
24,28499,1,1,1, 28500
29,28498,4,4,1, 28502
1,28501,1,1,1, 28502
1,28506,1,1,0, 28507
1,28511,1,1,1, 28512
1,28516,1,1,1, 28517
1,28521,1,1,0, 28522
1,28526,1,1,0, 28527
1,28531,1,1,1, 28532
2,28533,2,2,1, 28535
18,28533,4,4,1, 28537
1,28536,1,1,1, 28537
26,28537,3,3,1, 28540
18,28538,4,4,1, 28542
1,28541,1,1,1, 28542
9,28542,2,2,1, 28544
17,28544,3,3,1, 28547
25,28545,2,2,1, 28547
1,28546,1,1,1, 28547
26,28547,3,3,1, 28550
19,28546,5,5,1, 28551
25,28550,2,2,1, 28552
1,28551,1,1,0, 28552
26,28552,3,3,1, 28555
19,28551,5,5,1, 28556
17,28554,3,3,1, 28557
1,28556,1,1,1, 28557
8,28556,1,1,0, 28557
11,28554,4,4,1, 28558
8,28561,1,1,1, 28562
8,28566,1,1,1, 28567
8,28571,1,1,0, 28572
8,28576,1,1,1, 28577
8,28581,1,1,0, 28582
8,28586,1,1,1, 28587
8,28591,1,1,0, 28592
8,28596,1,1,1, 28597
8,28601,1,1,1, 28602
8,28606,1,1,1, 28607
15,28606,2,2,1, 28608
24,28609,1,1,0, 28610
8,28611,1,1,0, 28612
24,28614,1,1,0, 28615
8,28616,1,1,1, 28617
24,28619,1,1,0, 28620
8,28621,1,1,0, 28622
24,28624,1,1,1, 28625
8,28626,1,1,0, 28627
24,28629,1,1,0, 28630
8,28631,1,1,1, 28632
15,28631,2,2,1, 28633
24,28634,1,1,1, 28635
8,28636,1,1,0, 28637
15,28636,2,2,1, 28638
24,28639,1,1,0, 28640
8,28641,1,1,1, 28642
15,28641,2,2,1, 28643
24,28644,1,1,1, 28645
8,28646,1,1,1, 28647
15,28646,2,2,1, 28648
24,28649,1,1,0, 28650
8,28651,1,1,1, 28652
15,28651,2,2,1, 28653
24,28654,1,1,0, 28655
16,28654,2,2,1, 28656
8,28656,1,1,1, 28657
24,28659,1,1,0, 28660
8,28661,1,1,1, 28662
24,28664,1,1,1, 28665
1,28666,1,1,0, 28667
8,28666,1,1,1, 28667
13,28664,4,4,1, 28668
15,28666,2,2,1, 28668
24,28669,1,1,0, 28670
14,28669,3,3,1, 28672
1,28671,1,1,1, 28672
8,28671,1,1,0, 28672
24,28674,1,1,0, 28675
25,28675,2,2,1, 28677
1,28676,1,1,0, 28677
8,28676,1,1,0, 28677
15,28676,2,2,1, 28678
31,28676,2,2,1, 28678
9,28677,2,2,1, 28679
3,28677,3,3,1, 28680
2,28678,2,2,1, 28680
24,28679,1,1,0, 28680
25,28680,2,2,1, 28682
1,28681,1,1,1, 28682
11,28679,4,4,1, 28683
3,28682,3,3,1, 28685
2,28683,2,2,1, 28685
24,28684,1,1,0, 28685
25,28685,2,2,1, 28687
1,28686,1,1,0, 28687
24,28689,1,1,0, 28690
1,28691,1,1,1, 28692
31,28691,2,2,1, 28693
28,28689,5,5,1, 28694
4,28691,4,4,1, 28695
3,28692,3,3,1, 28695
2,28693,2,2,1, 28695
24,28694,1,1,0, 28695
31,28696,2,2,1, 28698
24,28699,1,1,0, 28700
24,28704,1,1,1, 28705
31,28706,2,2,1, 28708
24,28709,1,1,1, 28710
31,28711,2,2,1, 28713
24,28714,1,1,1, 28715
29,28713,4,4,1, 28717
31,28716,2,2,1, 28718
24,28719,1,1,1, 28720
24,28724,1,1,0, 28725
29,28723,4,4,1, 28727
24,28729,1,1,0, 28730
29,28728,4,4,1, 28732
31,28731,2,2,1, 28733
8,28786,1,1,1, 28787
8,28791,1,1,0, 28792
8,28796,1,1,0, 28797
25,28800,2,2,1, 28802
1,28801,1,1,0, 28802
8,28801,1,1,0, 28802
1,28806,1,1,0, 28807
8,28806,1,1,0, 28807
1,28811,1,1,0, 28812
8,28811,1,1,0, 28812
25,28815,2,2,1, 28817
1,28816,1,1,0, 28817
8,28816,1,1,0, 28817
26,28817,3,3,1, 28820
2,28818,2,2,1, 28820
25,28820,2,2,1, 28822
1,28821,1,1,1, 28822
8,28821,1,1,0, 28822
26,28822,3,3,1, 28825
1,28826,1,1,0, 28827
8,28826,1,1,1, 28827
15,28826,2,2,1, 28828
2,28828,2,2,1, 28830
25,28830,2,2,1, 28832
1,28831,1,1,0, 28832
8,28831,1,1,0, 28832
15,28831,2,2,1, 28833
3,28832,3,3,1, 28835
2,28833,2,2,1, 28835
1,28836,1,1,0, 28837
8,28836,1,1,0, 28837
15,28836,2,2,1, 28838
3,28837,3,3,1, 28840
24,28839,1,1,0, 28840
25,28840,2,2,1, 28842
1,28841,1,1,0, 28842
8,28841,1,1,1, 28842
15,28841,2,2,1, 28843
3,28842,3,3,1, 28845
26,28842,3,3,1, 28845
24,28844,1,1,1, 28845
8,28846,1,1,1, 28847
24,28849,1,1,1, 28850
8,28851,1,1,1, 28852
24,28854,1,1,0, 28855
16,28854,2,2,1, 28856
14,28854,3,3,1, 28857
8,28856,1,1,1, 28857
24,28859,1,1,1, 28860
16,28859,2,2,1, 28861
8,28861,1,1,0, 28862
13,28859,4,4,1, 28863
24,28864,1,1,1, 28865
14,28864,3,3,1, 28867
8,28866,1,1,0, 28867
15,28866,2,2,1, 28868
31,28866,2,2,1, 28868
6,28865,2,4,1, 28869
24,28869,1,1,0, 28870
24,28874,1,1,1, 28875
31,28876,2,2,1, 28878
24,28879,1,1,0, 28880
30,28878,3,3,1, 28881
24,28884,1,1,0, 28885
29,28883,4,4,1, 28887
31,28886,2,2,1, 28888
24,28889,1,1,1, 28890
29,28888,4,4,1, 28892
24,28894,1,1,1, 28895
30,28893,3,3,1, 28896
29,28893,4,4,1, 28897
24,28899,1,1,0, 28900
29,28898,4,4,1, 28902
24,28904,1,1,0, 28905
30,28903,3,3,1, 28906
29,28903,4,4,1, 28907
31,28906,2,2,1, 28908
24,28909,1,1,1, 28910
30,28908,3,3,1, 28911
1,28946,1,1,1, 28947
9,28947,2,2,1, 28949
17,28949,3,3,1, 28952
1,28951,1,1,1, 28952
25,28955,2,2,1, 28957
1,28956,1,1,0, 28957
1,28961,1,1,0, 28962
25,28965,2,2,1, 28967
1,28966,1,1,1, 28967
1,28971,1,1,1, 28972
25,28975,2,2,1, 28977
1,28976,1,1,1, 28977
8,28976,1,1,0, 28977
2,28978,2,2,1, 28980
1,28981,1,1,0, 28982
8,28981,1,1,0, 28982
2,28983,2,2,1, 28985
25,28985,2,2,1, 28987
1,28986,1,1,1, 28987
8,28986,1,1,0, 28987
1,28991,1,1,1, 28992
8,28991,1,1,0, 28992
25,28995,2,2,1, 28997
1,28996,1,1,0, 28997
8,28996,1,1,1, 28997
25,29000,2,2,1, 29002
1,29001,1,1,1, 29002
8,29001,1,1,1, 29002
4,29001,4,4,1, 29005
3,29002,3,3,1, 29005
26,29002,3,3,1, 29005
1,29006,1,1,0, 29007
8,29006,1,1,1, 29007
11,29004,4,4,1, 29008
8,29011,1,1,1, 29012
15,29011,2,2,1, 29013
8,29016,1,1,0, 29017
8,29021,1,1,0, 29022
24,29024,1,1,1, 29025
14,29024,3,3,1, 29027
8,29026,1,1,1, 29027
13,29024,4,4,1, 29028
24,29029,1,1,1, 29030
30,29028,3,3,1, 29031
8,29031,1,1,1, 29032
15,29031,2,2,1, 29033
31,29031,2,2,1, 29033
6,29030,2,4,1, 29034
24,29034,1,1,0, 29035
30,29033,3,3,1, 29036
29,29033,4,4,1, 29037
8,29036,1,1,1, 29037
13,29034,4,4,1, 29038
15,29036,2,2,1, 29038
6,29035,2,4,1, 29039
24,29039,1,1,1, 29040
29,29038,4,4,1, 29042
14,29039,3,3,1, 29042
8,29041,1,1,0, 29042
31,29041,2,2,1, 29043
24,29044,1,1,0, 29045
14,29044,3,3,1, 29047
8,29046,1,1,1, 29047
15,29046,2,2,1, 29048
24,29049,1,1,0, 29050
24,29054,1,1,0, 29055
24,29059,1,1,0, 29060
31,29061,2,2,1, 29063
24,29064,1,1,1, 29065
31,29066,2,2,1, 29068
24,29069,1,1,1, 29070
24,29074,1,1,1, 29075
31,29076,2,2,1, 29078
24,29079,1,1,1, 29080
24,29084,1,1,1, 29085
31,29086,2,2,1, 29088
24,29089,1,1,0, 29090
24,29094,1,1,0, 29095
24,29099,1,1,1, 29100
31,29101,2,2,1, 29103
1,29116,1,1,1, 29117
2,29118,2,2,1, 29120
1,29121,1,1,1, 29122
1,29126,1,1,0, 29127
9,29127,2,2,1, 29129
1,29131,1,1,1, 29132
9,29132,2,2,1, 29134
1,29136,1,1,1, 29137
9,29137,2,2,1, 29139
2,29138,2,2,1, 29140
1,29141,1,1,1, 29142
9,29142,2,2,1, 29144
2,29143,2,2,1, 29145
1,29146,1,1,1, 29147
11,29144,4,4,1, 29148
9,29147,2,2,1, 29149
4,29146,4,4,1, 29150
3,29147,3,3,1, 29150
2,29148,2,2,1, 29150
19,29146,5,5,1, 29151
25,29150,2,2,1, 29152
1,29151,1,1,0, 29152
8,29151,1,1,0, 29152
28,29149,5,5,1, 29154
23,29153,3,3,1, 29156
16,29154,2,2,1, 29156
8,29156,1,1,1, 29157
16,29159,2,2,1, 29161
8,29161,1,1,1, 29162
8,29166,1,1,1, 29167
8,29171,1,1,1, 29172
8,29176,1,1,0, 29177
8,29181,1,1,1, 29182
8,29186,1,1,1, 29187
8,29191,1,1,1, 29192
8,29196,1,1,1, 29197
8,29201,1,1,1, 29202
14,29204,3,3,1, 29207
8,29206,1,1,1, 29207
13,29204,4,4,1, 29208
15,29206,2,2,1, 29208
6,29205,2,4,1, 29209
24,29209,1,1,0, 29210
14,29209,3,3,1, 29212
8,29211,1,1,1, 29212
15,29211,2,2,1, 29213
6,29210,2,4,1, 29214
24,29214,1,1,0, 29215
14,29214,3,3,1, 29217
8,29216,1,1,0, 29217
13,29214,4,4,1, 29218
15,29216,2,2,1, 29218
24,29219,1,1,0, 29220
14,29219,3,3,1, 29222
24,29224,1,1,1, 29225
24,29229,1,1,1, 29230
24,29234,1,1,1, 29235
24,29239,1,1,1, 29240
24,29244,1,1,1, 29245
24,29249,1,1,0, 29250
24,29254,1,1,0, 29255
24,29259,1,1,0, 29260
24,29264,1,1,0, 29265
17,29264,3,3,1, 29267
25,29265,2,2,1, 29267
1,29266,1,1,1, 29267
31,29266,2,2,1, 29268
24,29269,1,1,0, 29270
1,29271,1,1,0, 29272
24,29274,1,1,0, 29275
25,29275,2,2,1, 29277
1,29276,1,1,1, 29277
31,29276,2,2,1, 29278
24,29279,1,1,1, 29280
25,29280,2,2,1, 29282
1,29281,1,1,0, 29282
24,29284,1,1,0, 29285
1,29286,1,1,1, 29287
31,29286,2,2,1, 29288
24,29289,1,1,1, 29290
25,29290,2,2,1, 29292
1,29291,1,1,0, 29292
31,29291,2,2,1, 29293
26,29292,3,3,1, 29295
2,29293,2,2,1, 29295
24,29294,1,1,1, 29295
1,29296,1,1,0, 29297
31,29296,2,2,1, 29298
2,29298,2,2,1, 29300
24,29299,1,1,0, 29300
25,29300,2,2,1, 29302
1,29301,1,1,1, 29302
2,29303,2,2,1, 29305
24,29304,1,1,0, 29305
1,29306,1,1,0, 29307
2,29308,2,2,1, 29310
24,29309,1,1,1, 29310
25,29310,2,2,1, 29312
1,29311,1,1,1, 29312
3,29312,3,3,1, 29315
24,29314,1,1,0, 29315
1,29316,1,1,0, 29317
3,29317,3,3,1, 29320
24,29319,1,1,1, 29320
31,29321,2,2,1, 29323
24,29324,1,1,1, 29325
30,29323,3,3,1, 29326
16,29324,2,2,1, 29326
29,29323,4,4,1, 29327
8,29326,1,1,1, 29327
22,29326,4,4,1, 29330
24,29329,1,1,1, 29330
8,29331,1,1,0, 29332
24,29334,1,1,0, 29335
23,29333,3,3,1, 29336
30,29333,3,3,1, 29336
16,29334,2,2,1, 29336
8,29336,1,1,0, 29337
24,29339,1,1,1, 29340
30,29338,3,3,1, 29341
8,29341,1,1,0, 29342
22,29341,4,4,1, 29345
23,29343,3,3,1, 29346
8,29346,1,1,0, 29347
22,29346,4,4,1, 29350
14,29349,3,3,1, 29352
8,29351,1,1,1, 29352
13,29349,4,4,1, 29353
14,29354,3,3,1, 29357
8,29356,1,1,1, 29357
13,29354,4,4,1, 29358
15,29356,2,2,1, 29358
6,29355,2,4,1, 29359
17,29419,3,3,1, 29422
1,29421,1,1,1, 29422
17,29424,3,3,1, 29427
25,29425,2,2,1, 29427
1,29426,1,1,0, 29427
1,29431,1,1,0, 29432
17,29434,3,3,1, 29437
25,29435,2,2,1, 29437
1,29436,1,1,1, 29437
9,29437,2,2,1, 29439
1,29441,1,1,0, 29442
24,29444,1,1,0, 29445
25,29445,2,2,1, 29447
1,29446,1,1,1, 29447
24,29449,1,1,1, 29450
1,29451,1,1,1, 29452
9,29452,2,2,1, 29454
24,29454,1,1,1, 29455
17,29454,3,3,1, 29457
25,29455,2,2,1, 29457
1,29456,1,1,0, 29457
9,29457,2,2,1, 29459
2,29458,2,2,1, 29460
24,29459,1,1,0, 29460
17,29459,3,3,1, 29462
1,29461,1,1,0, 29462
2,29463,2,2,1, 29465
24,29464,1,1,1, 29465
23,29463,3,3,1, 29466
16,29464,2,2,1, 29466
8,29466,1,1,1, 29467
24,29469,1,1,0, 29470
8,29471,1,1,0, 29472
24,29474,1,1,0, 29475
8,29476,1,1,0, 29477
24,29479,1,1,1, 29480
8,29481,1,1,0, 29482
24,29484,1,1,1, 29485
23,29483,3,3,1, 29486
8,29486,1,1,1, 29487
24,29489,1,1,0, 29490
16,29489,2,2,1, 29491
8,29491,1,1,1, 29492
24,29494,1,1,0, 29495
23,29493,3,3,1, 29496
16,29494,2,2,1, 29496
8,29496,1,1,0, 29497
24,29499,1,1,0, 29500
23,29498,3,3,1, 29501
8,29501,1,1,0, 29502
15,29501,2,2,1, 29503
24,29504,1,1,0, 29505
16,29504,2,2,1, 29506
8,29506,1,1,1, 29507
15,29506,2,2,1, 29508
31,29506,2,2,1, 29508
22,29506,4,4,1, 29510
24,29509,1,1,0, 29510
23,29508,3,3,1, 29511
16,29509,2,2,1, 29511
8,29511,1,1,1, 29512
15,29511,2,2,1, 29513
31,29511,2,2,1, 29513
24,29514,1,1,0, 29515
23,29513,3,3,1, 29516
31,29516,2,2,1, 29518
24,29519,1,1,0, 29520
31,29521,2,2,1, 29523
24,29524,1,1,1, 29525
31,29526,2,2,1, 29528
24,29529,1,1,0, 29530
24,29534,1,1,0, 29535
31,29536,2,2,1, 29538
24,29539,1,1,1, 29540
30,29538,3,3,1, 29541
31,29541,2,2,1, 29543
24,29544,1,1,0, 29545
24,29549,1,1,0, 29550
30,29548,3,3,1, 29551
24,29554,1,1,1, 29555
24,29559,1,1,1, 29560
24,29564,1,1,1, 29565
29,29563,4,4,1, 29567
9,29567,2,2,1, 29569
17,29569,3,3,1, 29572
25,29570,2,2,1, 29572
1,29571,1,1,0, 29572
9,29572,2,2,1, 29574
17,29574,3,3,1, 29577
25,29575,2,2,1, 29577
1,29576,1,1,0, 29577
1,29581,1,1,0, 29582
17,29584,3,3,1, 29587
25,29585,2,2,1, 29587
1,29586,1,1,1, 29587
9,29587,2,2,1, 29589
17,29589,3,3,1, 29592
25,29590,2,2,1, 29592
1,29591,1,1,0, 29592
9,29592,2,2,1, 29594
17,29594,3,3,1, 29597
25,29595,2,2,1, 29597
8,29621,1,1,0, 29622
23,29623,3,3,1, 29626
16,29624,2,2,1, 29626
8,29626,1,1,0, 29627
23,29628,3,3,1, 29631
16,29629,2,2,1, 29631
8,29631,1,1,1, 29632
8,29636,1,1,1, 29637
23,29638,3,3,1, 29641
16,29639,2,2,1, 29641
8,29641,1,1,1, 29642
8,29646,1,1,0, 29647
8,29651,1,1,1, 29652
8,29656,1,1,1, 29657
8,29661,1,1,0, 29662
8,29666,1,1,0, 29667
8,29671,1,1,0, 29672
15,29671,2,2,1, 29673
24,29674,1,1,1, 29675
8,29676,1,1,1, 29677
24,29679,1,1,1, 29680
8,29681,1,1,1, 29682
15,29681,2,2,1, 29683
24,29684,1,1,0, 29685
8,29686,1,1,0, 29687
24,29689,1,1,0, 29690
8,29691,1,1,0, 29692
15,29691,2,2,1, 29693
6,29690,2,4,1, 29694
24,29694,1,1,1, 29695
8,29696,1,1,1, 29697
24,29699,1,1,1, 29700
1,29701,1,1,1, 29702
8,29701,1,1,1, 29702
6,29700,2,4,1, 29704
24,29704,1,1,1, 29705
14,29704,3,3,1, 29707
1,29706,1,1,1, 29707
8,29706,1,1,0, 29707
24,29709,1,1,1, 29710
14,29709,3,3,1, 29712
1,29711,1,1,1, 29712
24,29714,1,1,0, 29715
1,29716,1,1,1, 29717
24,29719,1,1,0, 29720
1,29721,1,1,1, 29722
24,29724,1,1,1, 29725
1,29726,1,1,0, 29727
24,29729,1,1,1, 29730
1,29731,1,1,1, 29732
24,29734,1,1,0, 29735
1,29736,1,1,1, 29737
24,29739,1,1,1, 29740
1,29741,1,1,0, 29742
31,29741,2,2,1, 29743
24,29744,1,1,1, 29745
17,29744,3,3,1, 29747
25,29745,2,2,1, 29747
1,29746,1,1,0, 29747
31,29746,2,2,1, 29748
24,29749,1,1,0, 29750
25,29750,2,2,1, 29752
1,29751,1,1,0, 29752
24,29754,1,1,0, 29755
1,29756,1,1,0, 29757
31,29756,2,2,1, 29758
9,29757,2,2,1, 29759
24,29759,1,1,1, 29760
25,29760,2,2,1, 29762
1,29761,1,1,0, 29762
2,29763,2,2,1, 29765
24,29764,1,1,0, 29765
29,29763,4,4,1, 29767
1,29766,1,1,0, 29767
31,29766,2,2,1, 29768
9,29767,2,2,1, 29769
2,29768,2,2,1, 29770
24,29769,1,1,0, 29770
30,29768,3,3,1, 29771
29,29768,4,4,1, 29772
25,29770,2,2,1, 29772
1,29771,1,1,1, 29772
9,29772,2,2,1, 29774
24,29774,1,1,1, 29775
30,29773,3,3,1, 29776
1,29776,1,1,1, 29777
31,29776,2,2,1, 29778
24,29779,1,1,1, 29780
29,29778,4,4,1, 29782
25,29780,2,2,1, 29782
1,29781,1,1,1, 29782
11,29779,4,4,1, 29783
8,29816,1,1,0, 29817
16,29819,2,2,1, 29821
8,29821,1,1,0, 29822
16,29824,2,2,1, 29826
8,29826,1,1,0, 29827
8,29831,1,1,0, 29832
8,29836,1,1,0, 29837
16,29839,2,2,1, 29841
8,29841,1,1,1, 29842
16,29844,2,2,1, 29846
8,29846,1,1,1, 29847
16,29849,2,2,1, 29851
8,29851,1,1,1, 29852
15,29851,2,2,1, 29853
16,29854,2,2,1, 29856
8,29856,1,1,1, 29857
15,29856,2,2,1, 29858
22,29856,4,4,1, 29860
23,29858,3,3,1, 29861
14,29859,3,3,1, 29862
8,29861,1,1,1, 29862
6,29860,2,4,1, 29864
1,29886,1,1,1, 29887
24,29889,1,1,1, 29890
25,29890,2,2,1, 29892
1,29891,1,1,1, 29892
24,29894,1,1,0, 29895
25,29895,2,2,1, 29897
1,29896,1,1,1, 29897
24,29899,1,1,1, 29900
17,29899,3,3,1, 29902
1,29901,1,1,0, 29902
9,29902,2,2,1, 29904
24,29904,1,1,1, 29905
17,29904,3,3,1, 29907
25,29905,2,2,1, 29907
1,29906,1,1,1, 29907
9,29907,2,2,1, 29909
24,29909,1,1,1, 29910
25,29910,2,2,1, 29912
1,29911,1,1,1, 29912
9,29912,2,2,1, 29914
24,29914,1,1,1, 29915
1,29916,1,1,1, 29917
31,29916,2,2,1, 29918
2,29918,2,2,1, 29920
24,29919,1,1,0, 29920
17,29919,3,3,1, 29922
1,29921,1,1,1, 29922
31,29921,2,2,1, 29923
9,29922,2,2,1, 29924
26,29922,3,3,1, 29925
24,29924,1,1,1, 29925
17,29924,3,3,1, 29927
25,29925,2,2,1, 29927
31,29926,2,2,1, 29928
24,29929,1,1,1, 29930
31,29931,2,2,1, 29933
24,29934,1,1,0, 29935
31,29936,2,2,1, 29938
24,29939,1,1,0, 29940
24,29944,1,1,0, 29945
31,29946,2,2,1, 29948
24,29949,1,1,0, 29950
31,29951,2,2,1, 29953
24,29954,1,1,0, 29955
24,29959,1,1,0, 29960
24,29964,1,1,0, 29965
31,29966,2,2,1, 29968
24,29969,1,1,0, 29970
8,29971,1,1,0, 29972
31,29971,2,2,1, 29973
24,29974,1,1,0, 29975
29,29973,4,4,1, 29977
8,29976,1,1,1, 29977
31,29976,2,2,1, 29978
24,29979,1,1,0, 29980
30,29978,3,3,1, 29981
8,29981,1,1,0, 29982
8,29986,1,1,0, 29987
8,29991,1,1,1, 29992
8,29996,1,1,1, 29997
15,29996,2,2,1, 29998
8,30001,1,1,1, 30002
8,30006,1,1,1, 30007
15,30006,2,2,1, 30008
8,30011,1,1,0, 30012
16,30014,2,2,1, 30016
8,30016,1,1,0, 30017
14,30019,3,3,1, 30022
8,30021,1,1,0, 30022
6,30020,2,4,1, 30024
8,30026,1,1,0, 30027
13,30024,4,4,1, 30028
1,30031,1,1,0, 30032
8,30031,1,1,1, 30032
6,30030,2,4,1, 30034
16,30034,2,2,1, 30036
14,30034,3,3,1, 30037
1,30036,1,1,0, 30037
8,30036,1,1,0, 30037
13,30034,4,4,1, 30038
9,30037,2,2,1, 30039
16,30039,2,2,1, 30041
14,30039,3,3,1, 30042
25,30040,2,2,1, 30042
1,30041,1,1,0, 30042
8,30041,1,1,0, 30042
13,30039,4,4,1, 30043
9,30042,2,2,1, 30044
17,30044,3,3,1, 30047
25,30045,2,2,1, 30047
1,30046,1,1,0, 30047
1,30051,1,1,1, 30052
1,30056,1,1,0, 30057
1,30061,1,1,1, 30062
9,30062,2,2,1, 30064
1,30066,1,1,0, 30067
1,30071,1,1,1, 30072
2,30073,2,2,1, 30075
25,30075,2,2,1, 30077
1,30076,1,1,1, 30077
17,30079,3,3,1, 30082
25,30080,2,2,1, 30082
1,30081,1,1,0, 30082
9,30082,2,2,1, 30084
25,30085,2,2,1, 30087
1,30086,1,1,0, 30087
2,30088,2,2,1, 30090
24,30089,1,1,0, 30090
24,30094,1,1,0, 30095
24,30099,1,1,1, 30100
24,30104,1,1,0, 30105
24,30109,1,1,0, 30110
24,30114,1,1,0, 30115
24,30119,1,1,0, 30120
24,30124,1,1,1, 30125
24,30129,1,1,0, 30130
24,30134,1,1,1, 30135
24,30139,1,1,1, 30140
24,30144,1,1,1, 30145
24,30149,1,1,0, 30150
8,30151,1,1,0, 30152
15,30151,2,2,1, 30153
31,30151,2,2,1, 30153
24,30154,1,1,0, 30155
16,30154,2,2,1, 30156
8,30156,1,1,1, 30157
24,30159,1,1,0, 30160
8,30161,1,1,0, 30162
15,30161,2,2,1, 30163
24,30164,1,1,1, 30165
23,30163,3,3,1, 30166
8,30166,1,1,0, 30167
15,30166,2,2,1, 30168
31,30166,2,2,1, 30168
22,30166,4,4,1, 30170
24,30169,1,1,1, 30170
23,30168,3,3,1, 30171
16,30169,2,2,1, 30171
8,30171,1,1,0, 30172
15,30171,2,2,1, 30173
31,30171,2,2,1, 30173
24,30174,1,1,0, 30175
23,30173,3,3,1, 30176
8,30176,1,1,0, 30177
31,30176,2,2,1, 30178
24,30179,1,1,1, 30180
8,30181,1,1,1, 30182
15,30181,2,2,1, 30183
31,30181,2,2,1, 30183
24,30184,1,1,1, 30185
8,30186,1,1,1, 30187
31,30186,2,2,1, 30188
24,30189,1,1,0, 30190
1,30191,1,1,1, 30192
8,30191,1,1,0, 30192
15,30191,2,2,1, 30193
24,30194,1,1,0, 30195
1,30196,1,1,1, 30197
8,30196,1,1,0, 30197
15,30196,2,2,1, 30198
24,30199,1,1,1, 30200
1,30201,1,1,1, 30202
24,30204,1,1,1, 30205
1,30206,1,1,1, 30207
31,30206,2,2,1, 30208
24,30209,1,1,0, 30210
1,30211,1,1,1, 30212
31,30211,2,2,1, 30213
24,30214,1,1,1, 30215
1,30216,1,1,1, 30217
31,30216,2,2,1, 30218
24,30219,1,1,1, 30220
1,30221,1,1,1, 30222
31,30221,2,2,1, 30223
2,30223,2,2,1, 30225
24,30224,1,1,0, 30225
1,30226,1,1,0, 30227
2,30228,2,2,1, 30230
24,30229,1,1,0, 30230
1,30231,1,1,1, 30232
2,30233,2,2,1, 30235
24,30234,1,1,0, 30235
1,30236,1,1,1, 30237
24,30239,1,1,1, 30240
1,30241,1,1,1, 30242
2,30243,2,2,1, 30245
1,30246,1,1,1, 30247
2,30248,2,2,1, 30250
1,30251,1,1,0, 30252
3,30252,3,3,1, 30255
1,30256,1,1,1, 30257
3,30257,3,3,1, 30260
2,30258,2,2,1, 30260
1,30261,1,1,1, 30262
5,30262,3,5,1, 30267
1,30266,1,1,1, 30267
28,30264,5,5,1, 30269
5,30267,3,5,1, 30272
1,30271,1,1,1, 30272
4,30271,4,4,1, 30275
16,30304,2,2,1, 30306
8,30306,1,1,1, 30307
8,30311,1,1,0, 30312
16,30314,2,2,1, 30316
8,30316,1,1,0, 30317
8,30321,1,1,0, 30322
8,30326,1,1,1, 30327
8,30331,1,1,0, 30332
16,30334,2,2,1, 30336
8,30336,1,1,0, 30337
8,30341,1,1,0, 30342
24,30344,1,1,0, 30345
8,30346,1,1,1, 30347
24,30349,1,1,0, 30350
23,30348,3,3,1, 30351
8,30351,1,1,1, 30352
15,30351,2,2,1, 30353
22,30351,4,4,1, 30355
24,30354,1,1,1, 30355
23,30353,3,3,1, 30356
16,30354,2,2,1, 30356
8,30356,1,1,1, 30357
22,30356,4,4,1, 30360
24,30359,1,1,1, 30360
23,30358,3,3,1, 30361
16,30359,2,2,1, 30361
8,30361,1,1,0, 30362
15,30361,2,2,1, 30363
24,30364,1,1,1, 30365
16,30364,2,2,1, 30366
24,30369,1,1,0, 30370
24,30374,1,1,0, 30375
24,30379,1,1,0, 30380
25,30380,2,2,1, 30382
1,30381,1,1,1, 30382
24,30384,1,1,0, 30385
1,30386,1,1,0, 30387
24,30389,1,1,0, 30390
25,30390,2,2,1, 30392
1,30391,1,1,1, 30392
26,30392,3,3,1, 30395
24,30394,1,1,0, 30395
1,30396,1,1,0, 30397
26,30397,3,3,1, 30400
2,30398,2,2,1, 30400
24,30399,1,1,1, 30400
25,30400,2,2,1, 30402
1,30401,1,1,0, 30402
31,30401,2,2,1, 30403
9,30402,2,2,1, 30404
24,30404,1,1,0, 30405
19,30401,5,5,1, 30406
1,30406,1,1,0, 30407
26,30407,3,3,1, 30410
2,30408,2,2,1, 30410
24,30409,1,1,1, 30410
17,30409,3,3,1, 30412
25,30410,2,2,1, 30412
1,30411,1,1,0, 30412
26,30412,3,3,1, 30415
2,30413,2,2,1, 30415
24,30414,1,1,0, 30415
25,30415,2,2,1, 30417
1,30416,1,1,0, 30417
24,30419,1,1,1, 30420
17,30419,3,3,1, 30422
31,30421,2,2,1, 30423
24,30424,1,1,1, 30425
24,30429,1,1,0, 30430
31,30431,2,2,1, 30433
24,30434,1,1,0, 30435
31,30436,2,2,1, 30438
24,30439,1,1,0, 30440
24,30444,1,1,0, 30445
31,30446,2,2,1, 30448
24,30449,1,1,0, 30450
31,30451,2,2,1, 30453
24,30454,1,1,1, 30455
31,30456,2,2,1, 30458
24,30459,1,1,0, 30460
31,30461,2,2,1, 30463
24,30464,1,1,1, 30465
30,30463,3,3,1, 30466
24,30469,1,1,1, 30470
29,30468,4,4,1, 30472
8,30471,1,1,0, 30472
8,30476,1,1,0, 30477
8,30481,1,1,0, 30482
8,30486,1,1,1, 30487
8,30491,1,1,1, 30492
16,30494,2,2,1, 30496
8,30496,1,1,1, 30497
8,30501,1,1,0, 30502
16,30504,2,2,1, 30506
8,30506,1,1,1, 30507
16,30509,2,2,1, 30511
8,30511,1,1,1, 30512
8,30516,1,1,1, 30517
8,30521,1,1,0, 30522
1,30526,1,1,1, 30527
8,30526,1,1,0, 30527
1,30531,1,1,0, 30532
8,30531,1,1,1, 30532
25,30535,2,2,1, 30537
1,30536,1,1,1, 30537
8,30536,1,1,0, 30537
22,30536,4,4,1, 30540
23,30538,3,3,1, 30541
1,30541,1,1,0, 30542
8,30541,1,1,0, 30542
16,30544,2,2,1, 30546
1,30546,1,1,0, 30547
8,30546,1,1,1, 30547
15,30546,2,2,1, 30548
23,30548,3,3,1, 30551
1,30551,1,1,1, 30552
8,30551,1,1,1, 30552
15,30551,2,2,1, 30553
22,30551,4,4,1, 30555
16,30554,2,2,1, 30556
1,30556,1,1,1, 30557
2,30558,2,2,1, 30560
25,30560,2,2,1, 30562
1,30561,1,1,0, 30562
9,30562,2,2,1, 30564
3,30562,3,3,1, 30565
17,30564,3,3,1, 30567
25,30565,2,2,1, 30567
1,30566,1,1,0, 30567
9,30567,2,2,1, 30569
2,30568,2,2,1, 30570
19,30566,5,5,1, 30571
17,30569,3,3,1, 30572
25,30570,2,2,1, 30572
1,30571,1,1,1, 30572
24,30574,1,1,1, 30575
19,30571,5,5,1, 30576
24,30579,1,1,1, 30580
24,30584,1,1,1, 30585
24,30589,1,1,0, 30590
24,30594,1,1,0, 30595
24,30599,1,1,0, 30600
24,30604,1,1,0, 30605
24,30609,1,1,0, 30610
24,30614,1,1,1, 30615
24,30619,1,1,1, 30620
24,30624,1,1,0, 30625
24,30629,1,1,0, 30630
24,30634,1,1,0, 30635
24,30639,1,1,1, 30640
24,30644,1,1,1, 30645
30,30643,3,3,1, 30646
31,30646,2,2,1, 30648
24,30649,1,1,1, 30650
24,30654,1,1,0, 30655
31,30656,2,2,1, 30658
24,30659,1,1,0, 30660
30,30658,3,3,1, 30661
8,30661,1,1,0, 30662
24,30664,1,1,0, 30665
30,30663,3,3,1, 30666
8,30666,1,1,0, 30667
24,30669,1,1,0, 30670
8,30671,1,1,1, 30672
31,30671,2,2,1, 30673
24,30674,1,1,1, 30675
30,30673,3,3,1, 30676
8,30676,1,1,1, 30677
31,30676,2,2,1, 30678
24,30679,1,1,0, 30680
25,30680,2,2,1, 30682
1,30681,1,1,0, 30682
8,30681,1,1,0, 30682
24,30684,1,1,1, 30685
30,30683,3,3,1, 30686
29,30683,4,4,1, 30687
1,30686,1,1,0, 30687
8,30686,1,1,1, 30687
24,30689,1,1,0, 30690
30,30688,3,3,1, 30691
1,30691,1,1,1, 30692
8,30691,1,1,0, 30692
2,30693,2,2,1, 30695
1,30696,1,1,1, 30697
8,30696,1,1,0, 30697
2,30698,2,2,1, 30700
16,30699,2,2,1, 30701
1,30701,1,1,1, 30702
8,30701,1,1,0, 30702
25,30705,2,2,1, 30707
1,30706,1,1,1, 30707
8,30706,1,1,0, 30707
25,30710,2,2,1, 30712
1,30711,1,1,0, 30712
8,30711,1,1,1, 30712
11,30709,4,4,1, 30713
15,30711,2,2,1, 30713
3,30712,3,3,1, 30715
1,30716,1,1,1, 30717
8,30716,1,1,0, 30717
25,30720,2,2,1, 30722
1,30721,1,1,0, 30722
8,30721,1,1,0, 30722
11,30719,4,4,1, 30723
13,30719,4,4,1, 30723
3,30722,3,3,1, 30725
16,30724,2,2,1, 30726
14,30724,3,3,1, 30727
1,30726,1,1,0, 30727
8,30726,1,1,1, 30727
11,30724,4,4,1, 30728
15,30726,2,2,1, 30728
3,30727,3,3,1, 30730
2,30728,2,2,1, 30730
14,30729,3,3,1, 30732
8,30731,1,1,1, 30732
15,30731,2,2,1, 30733
14,30734,3,3,1, 30737
8,30736,1,1,1, 30737
15,30736,2,2,1, 30738
23,30738,3,3,1, 30741
24,30799,1,1,1, 30800
24,30804,1,1,1, 30805
24,30809,1,1,1, 30810
24,30814,1,1,0, 30815
31,30816,2,2,1, 30818
24,30819,1,1,1, 30820
24,30824,1,1,1, 30825
31,30826,2,2,1, 30828
24,30829,1,1,0, 30830
30,30828,3,3,1, 30831
29,30828,4,4,1, 30832
24,30834,1,1,1, 30835
30,30833,3,3,1, 30836
1,30836,1,1,1, 30837
24,30839,1,1,1, 30840
30,30838,3,3,1, 30841
29,30838,4,4,1, 30842
1,30841,1,1,1, 30842
24,30844,1,1,1, 30845
30,30843,3,3,1, 30846
1,30846,1,1,1, 30847
8,30846,1,1,0, 30847
31,30846,2,2,1, 30848
9,30847,2,2,1, 30849
24,30849,1,1,1, 30850
1,30851,1,1,1, 30852
8,30851,1,1,1, 30852
31,30851,2,2,1, 30853
2,30853,2,2,1, 30855
24,30854,1,1,0, 30855
30,30853,3,3,1, 30856
1,30856,1,1,0, 30857
8,30856,1,1,1, 30857
31,30856,2,2,1, 30858
24,30859,1,1,0, 30860
1,30861,1,1,0, 30862
8,30861,1,1,1, 30862
31,30861,2,2,1, 30863
1,30866,1,1,0, 30867
8,30866,1,1,0, 30867
11,30864,4,4,1, 30868
9,30867,2,2,1, 30869
3,30867,3,3,1, 30870
2,30868,2,2,1, 30870
1,30871,1,1,1, 30872
8,30871,1,1,0, 30872
3,30872,3,3,1, 30875
2,30873,2,2,1, 30875
1,30876,1,1,1, 30877
8,30876,1,1,0, 30877
11,30874,4,4,1, 30878
2,30878,2,2,1, 30880
1,30881,1,1,1, 30882
8,30881,1,1,0, 30882
3,30882,3,3,1, 30885
2,30883,2,2,1, 30885
1,30886,1,1,0, 30887
8,30886,1,1,0, 30887
15,30886,2,2,1, 30888
9,30887,2,2,1, 30889
8,30891,1,1,0, 30892
8,30896,1,1,0, 30897
8,30901,1,1,0, 30902
8,30906,1,1,0, 30907
15,30906,2,2,1, 30908
8,30911,1,1,0, 30912
8,30916,1,1,1, 30917
16,30919,2,2,1, 30921
8,30921,1,1,1, 30922
16,30924,2,2,1, 30926
8,30926,1,1,1, 30927
8,30931,1,1,1, 30932
16,30934,2,2,1, 30936
8,30936,1,1,1, 30937
16,30939,2,2,1, 30941
8,30941,1,1,1, 30942
8,30946,1,1,1, 30947
13,30944,4,4,1, 30948
15,30946,2,2,1, 30948
14,30949,3,3,1, 30952
8,30951,1,1,0, 30952
16,30954,2,2,1, 30956
14,30954,3,3,1, 30957
8,30956,1,1,0, 30957
13,30954,4,4,1, 30958
24,30969,1,1,0, 30970
24,30974,1,1,1, 30975
24,30979,1,1,0, 30980
24,30984,1,1,1, 30985
24,30989,1,1,1, 30990
24,30994,1,1,1, 30995
24,30999,1,1,1, 31000
1,31001,1,1,1, 31002
24,31004,1,1,0, 31005
25,31005,2,2,1, 31007
1,31006,1,1,0, 31007
31,31006,2,2,1, 31008
24,31009,1,1,1, 31010
1,31011,1,1,0, 31012
24,31014,1,1,0, 31015
1,31016,1,1,1, 31017
2,31018,2,2,1, 31020
24,31019,1,1,1, 31020
25,31020,2,2,1, 31022
1,31021,1,1,1, 31022
31,31021,2,2,1, 31023
2,31023,2,2,1, 31025
24,31024,1,1,0, 31025
1,31026,1,1,0, 31027
11,31024,4,4,1, 31028
31,31026,2,2,1, 31028
24,31029,1,1,0, 31030
19,31026,5,5,1, 31031
30,31028,3,3,1, 31031
1,31031,1,1,1, 31032
11,31029,4,4,1, 31033
31,31031,2,2,1, 31033
24,31034,1,1,0, 31035
29,31033,4,4,1, 31037
1,31036,1,1,1, 31037
11,31034,4,4,1, 31038
26,31037,3,3,1, 31040
2,31038,2,2,1, 31040
24,31039,1,1,0, 31040
30,31038,3,3,1, 31041
29,31038,4,4,1, 31042
25,31040,2,2,1, 31042
1,31041,1,1,1, 31042
31,31041,2,2,1, 31043
24,31044,1,1,1, 31045
30,31043,3,3,1, 31046
29,31043,4,4,1, 31047
25,31045,2,2,1, 31047
1,31046,1,1,1, 31047
9,31047,2,2,1, 31049
24,31049,1,1,1, 31050
30,31048,3,3,1, 31051
24,31054,1,1,0, 31055
29,31053,4,4,1, 31057
8,31061,1,1,1, 31062
8,31066,1,1,1, 31067
8,31071,1,1,1, 31072
8,31076,1,1,0, 31077
8,31081,1,1,0, 31082
8,31086,1,1,0, 31087
15,31086,2,2,1, 31088
8,31091,1,1,0, 31092
8,31096,1,1,0, 31097
15,31096,2,2,1, 31098
8,31101,1,1,1, 31102
14,31104,3,3,1, 31107
8,31106,1,1,1, 31107
8,31111,1,1,0, 31112
13,31109,4,4,1, 31113
15,31111,2,2,1, 31113
6,31110,2,4,1, 31114
14,31114,3,3,1, 31117
8,31116,1,1,0, 31117
6,31115,2,4,1, 31119
14,31119,3,3,1, 31122
8,31121,1,1,1, 31122
15,31121,2,2,1, 31123
6,31120,2,4,1, 31124
8,31126,1,1,1, 31127
6,31125,2,4,1, 31129
16,31129,2,2,1, 31131
1,31151,1,1,1, 31152
9,31152,2,2,1, 31154
17,31154,3,3,1, 31157
1,31156,1,1,0, 31157
17,31159,3,3,1, 31162
1,31161,1,1,0, 31162
2,31163,2,2,1, 31165
1,31166,1,1,0, 31167
2,31168,2,2,1, 31170
24,31169,1,1,0, 31170
1,31171,1,1,0, 31172
24,31174,1,1,0, 31175
25,31175,2,2,1, 31177
1,31176,1,1,0, 31177
3,31177,3,3,1, 31180
24,31179,1,1,1, 31180
25,31180,2,2,1, 31182
1,31181,1,1,1, 31182
2,31183,2,2,1, 31185
24,31184,1,1,0, 31185
1,31186,1,1,0, 31187
3,31187,3,3,1, 31190
24,31189,1,1,1, 31190
30,31188,3,3,1, 31191
29,31188,4,4,1, 31192
25,31190,2,2,1, 31192
1,31191,1,1,0, 31192
31,31191,2,2,1, 31193
24,31194,1,1,0, 31195
30,31193,3,3,1, 31196
25,31195,2,2,1, 31197
1,31196,1,1,1, 31197
31,31196,2,2,1, 31198
2,31198,2,2,1, 31200
24,31199,1,1,1, 31200
29,31198,4,4,1, 31202
25,31200,2,2,1, 31202
31,31201,2,2,1, 31203
24,31204,1,1,1, 31205
30,31203,3,3,1, 31206
29,31203,4,4,1, 31207
24,31209,1,1,1, 31210
30,31208,3,3,1, 31211
24,31214,1,1,0, 31215
30,31213,3,3,1, 31216
29,31213,4,4,1, 31217
31,31216,2,2,1, 31218
8,31236,1,1,0, 31237
8,31241,1,1,0, 31242
22,31241,4,4,1, 31245
8,31246,1,1,1, 31247
8,31251,1,1,1, 31252
15,31251,2,2,1, 31253
8,31256,1,1,1, 31257
8,31261,1,1,0, 31262
15,31261,2,2,1, 31263
8,31266,1,1,1, 31267
8,31271,1,1,1, 31272
15,31271,2,2,1, 31273
14,31274,3,3,1, 31277
8,31276,1,1,1, 31277
15,31276,2,2,1, 31278
14,31279,3,3,1, 31282
8,31281,1,1,0, 31282
14,31284,3,3,1, 31287
8,31286,1,1,0, 31287
14,31289,3,3,1, 31292
8,31291,1,1,0, 31292
15,31291,2,2,1, 31293
14,31294,3,3,1, 31297
8,31296,1,1,0, 31297
15,31296,2,2,1, 31298
14,31299,3,3,1, 31302
8,31301,1,1,0, 31302
14,31304,3,3,1, 31307
17,31304,3,3,1, 31307
25,31305,2,2,1, 31307
1,31306,1,1,0, 31307
9,31307,2,2,1, 31309
17,31309,3,3,1, 31312
25,31310,2,2,1, 31312
1,31311,1,1,0, 31312
17,31314,3,3,1, 31317
25,31315,2,2,1, 31317
1,31316,1,1,0, 31317
25,31320,2,2,1, 31322
1,31321,1,1,0, 31322
24,31324,1,1,0, 31325
30,31323,3,3,1, 31326
25,31325,2,2,1, 31327
1,31326,1,1,0, 31327
9,31327,2,2,1, 31329
24,31329,1,1,1, 31330
1,31331,1,1,1, 31332
24,31334,1,1,1, 31335
25,31335,2,2,1, 31337
1,31336,1,1,0, 31337
24,31339,1,1,0, 31340
1,31341,1,1,0, 31342
24,31344,1,1,1, 31345
18,31343,4,4,1, 31347
25,31345,2,2,1, 31347
1,31346,1,1,1, 31347
9,31347,2,2,1, 31349
24,31349,1,1,1, 31350
24,31354,1,1,1, 31355
24,31359,1,1,0, 31360
24,31364,1,1,0, 31365
24,31369,1,1,0, 31370
24,31374,1,1,1, 31375
24,31379,1,1,0, 31380
24,31384,1,1,1, 31385
24,31389,1,1,1, 31390
24,31394,1,1,1, 31395
24,31399,1,1,1, 31400
24,31404,1,1,0, 31405
24,31409,1,1,1, 31410
24,31414,1,1,0, 31415
8,31416,1,1,1, 31417
24,31419,1,1,0, 31420
23,31418,3,3,1, 31421
8,31421,1,1,0, 31422
24,31424,1,1,1, 31425
23,31423,3,3,1, 31426
16,31424,2,2,1, 31426
8,31426,1,1,1, 31427
15,31426,2,2,1, 31428
22,31426,4,4,1, 31430
24,31429,1,1,1, 31430
16,31429,2,2,1, 31431
8,31431,1,1,0, 31432
15,31431,2,2,1, 31433
31,31431,2,2,1, 31433
22,31431,4,4,1, 31435
24,31434,1,1,0, 31435
16,31434,2,2,1, 31436
29,31433,4,4,1, 31437
8,31436,1,1,0, 31437
22,31436,4,4,1, 31440
24,31439,1,1,0, 31440
23,31438,3,3,1, 31441
16,31439,2,2,1, 31441
8,31441,1,1,1, 31442
15,31441,2,2,1, 31443
31,31441,2,2,1, 31443
24,31444,1,1,1, 31445
24,31449,1,1,0, 31450
1,31451,1,1,1, 31452
24,31454,1,1,0, 31455
1,31456,1,1,0, 31457
24,31459,1,1,0, 31460
1,31461,1,1,0, 31462
24,31464,1,1,0, 31465
1,31466,1,1,0, 31467
24,31469,1,1,1, 31470
1,31471,1,1,0, 31472
24,31474,1,1,0, 31475
1,31476,1,1,0, 31477
24,31479,1,1,0, 31480
1,31481,1,1,0, 31482
24,31484,1,1,0, 31485
1,31486,1,1,0, 31487
31,31486,2,2,1, 31488
24,31489,1,1,0, 31490
1,31491,1,1,0, 31492
31,31491,2,2,1, 31493
24,31494,1,1,0, 31495
1,31496,1,1,0, 31497
24,31499,1,1,0, 31500
18,31498,4,4,1, 31502
1,31501,1,1,0, 31502
2,31503,2,2,1, 31505
24,31504,1,1,0, 31505
1,31506,1,1,0, 31507
24,31509,1,1,0, 31510
1,31511,1,1,0, 31512
26,31512,3,3,1, 31515
2,31513,2,2,1, 31515
24,31514,1,1,0, 31515
1,31516,1,1,1, 31517
31,31516,2,2,1, 31518
2,31518,2,2,1, 31520
24,31519,1,1,0, 31520
19,31516,5,5,1, 31521
1,31521,1,1,0, 31522
31,31521,2,2,1, 31523
24,31524,1,1,0, 31525
1,31526,1,1,0, 31527
11,31524,4,4,1, 31528
3,31527,3,3,1, 31530
26,31527,3,3,1, 31530
2,31528,2,2,1, 31530
24,31529,1,1,1, 31530
19,31526,5,5,1, 31531
1,31531,1,1,0, 31532
31,31531,2,2,1, 31533
3,31532,3,3,1, 31535
2,31533,2,2,1, 31535
24,31534,1,1,0, 31535
31,31536,2,2,1, 31538
8,31546,1,1,1, 31547
8,31551,1,1,0, 31552
8,31556,1,1,0, 31557
8,31561,1,1,0, 31562
8,31566,1,1,1, 31567
8,31571,1,1,0, 31572
8,31576,1,1,1, 31577
8,31581,1,1,0, 31582
8,31586,1,1,1, 31587
8,31591,1,1,0, 31592
8,31596,1,1,0, 31597
16,31599,2,2,1, 31601
8,31601,1,1,0, 31602
8,31606,1,1,0, 31607
8,31611,1,1,1, 31612
16,31614,2,2,1, 31616
8,31616,1,1,0, 31617
16,31619,2,2,1, 31621
8,31621,1,1,0, 31622
16,31624,2,2,1, 31626
8,31626,1,1,1, 31627
8,31631,1,1,1, 31632
16,31634,2,2,1, 31636
8,31636,1,1,0, 31637
15,31636,2,2,1, 31638
6,31635,2,4,1, 31639
24,31639,1,1,1, 31640
23,31638,3,3,1, 31641
14,31639,3,3,1, 31642
1,31641,1,1,0, 31642
8,31641,1,1,0, 31642
22,31641,4,4,1, 31645
24,31644,1,1,0, 31645
25,31645,2,2,1, 31647
1,31646,1,1,0, 31647
26,31647,3,3,1, 31650
2,31648,2,2,1, 31650
24,31649,1,1,0, 31650
25,31650,2,2,1, 31652
1,31651,1,1,0, 31652
24,31654,1,1,0, 31655
1,31656,1,1,1, 31657
26,31657,3,3,1, 31660
2,31658,2,2,1, 31660
24,31659,1,1,1, 31660
25,31660,2,2,1, 31662
1,31661,1,1,1, 31662
26,31662,3,3,1, 31665
24,31664,1,1,1, 31665
1,31666,1,1,0, 31667
3,31667,3,3,1, 31670
24,31669,1,1,0, 31670
1,31671,1,1,0, 31672
26,31672,3,3,1, 31675
24,31674,1,1,1, 31675
18,31673,4,4,1, 31677
25,31675,2,2,1, 31677
1,31676,1,1,0, 31677
3,31677,3,3,1, 31680
26,31677,3,3,1, 31680
2,31678,2,2,1, 31680
24,31679,1,1,1, 31680
19,31676,5,5,1, 31681
24,31684,1,1,1, 31685
31,31686,2,2,1, 31688
24,31689,1,1,1, 31690
24,31694,1,1,1, 31695
24,31699,1,1,1, 31700
31,31701,2,2,1, 31703
24,31704,1,1,0, 31705
24,31709,1,1,1, 31710
24,31714,1,1,1, 31715
24,31719,1,1,0, 31720
31,31721,2,2,1, 31723
24,31724,1,1,0, 31725
24,31729,1,1,0, 31730
24,31734,1,1,0, 31735
24,31739,1,1,1, 31740
31,31741,2,2,1, 31743
24,31744,1,1,0, 31745
8,31746,1,1,1, 31747
24,31749,1,1,0, 31750
8,31751,1,1,1, 31752
31,31751,2,2,1, 31753
24,31754,1,1,1, 31755
8,31756,1,1,0, 31757
31,31756,2,2,1, 31758
24,31759,1,1,1, 31760
8,31761,1,1,1, 31762
24,31764,1,1,1, 31765
8,31766,1,1,0, 31767
24,31769,1,1,1, 31770
8,31771,1,1,1, 31772
31,31771,2,2,1, 31773
24,31774,1,1,0, 31775
8,31776,1,1,1, 31777
24,31779,1,1,0, 31780
8,31781,1,1,0, 31782
24,31784,1,1,1, 31785
17,31784,3,3,1, 31787
1,31786,1,1,0, 31787
8,31786,1,1,1, 31787
31,31786,2,2,1, 31788
24,31789,1,1,1, 31790
16,31789,2,2,1, 31791
25,31790,2,2,1, 31792
1,31791,1,1,1, 31792
8,31791,1,1,1, 31792
15,31791,2,2,1, 31793
9,31792,2,2,1, 31794
24,31794,1,1,1, 31795
30,31793,3,3,1, 31796
1,31796,1,1,0, 31797
8,31796,1,1,0, 31797
24,31799,1,1,1, 31800
30,31798,3,3,1, 31801
16,31799,2,2,1, 31801
29,31798,4,4,1, 31802
17,31799,3,3,1, 31802
25,31800,2,2,1, 31802
1,31801,1,1,0, 31802
8,31801,1,1,1, 31802
9,31802,2,2,1, 31804
2,31803,2,2,1, 31805
16,31804,2,2,1, 31806
25,31805,2,2,1, 31807
1,31806,1,1,1, 31807
8,31806,1,1,0, 31807
15,31806,2,2,1, 31808
18,31808,4,4,1, 31812
17,31809,3,3,1, 31812
25,31810,2,2,1, 31812
1,31811,1,1,1, 31812
8,31811,1,1,1, 31812
2,31813,2,2,1, 31815
18,31813,4,4,1, 31817
25,31815,2,2,1, 31817
8,31816,1,1,1, 31817
15,31816,2,2,1, 31818
8,31821,1,1,1, 31822
15,31821,2,2,1, 31823
14,31824,3,3,1, 31827
8,31826,1,1,1, 31827
14,31829,3,3,1, 31832
8,31831,1,1,0, 31832
15,31831,2,2,1, 31833
8,31836,1,1,0, 31837
23,31838,3,3,1, 31841
8,31841,1,1,0, 31842
15,31841,2,2,1, 31843
24,31909,1,1,1, 31910
24,31914,1,1,1, 31915
24,31919,1,1,1, 31920
1,31921,1,1,1, 31922
24,31924,1,1,1, 31925
1,31926,1,1,1, 31927
24,31929,1,1,1, 31930
25,31930,2,2,1, 31932
1,31931,1,1,1, 31932
24,31934,1,1,0, 31935
25,31935,2,2,1, 31937
1,31936,1,1,0, 31937
24,31939,1,1,1, 31940
25,31940,2,2,1, 31942
1,31941,1,1,0, 31942
9,31942,2,2,1, 31944
24,31944,1,1,1, 31945
25,31945,2,2,1, 31947
1,31946,1,1,0, 31947
24,31949,1,1,0, 31950
25,31950,2,2,1, 31952
1,31951,1,1,1, 31952
8,31951,1,1,1, 31952
24,31954,1,1,0, 31955
25,31955,2,2,1, 31957
1,31956,1,1,0, 31957
8,31956,1,1,0, 31957
9,31957,2,2,1, 31959
2,31958,2,2,1, 31960
24,31959,1,1,0, 31960
25,31960,2,2,1, 31962
1,31961,1,1,0, 31962
8,31961,1,1,1, 31962
24,31964,1,1,0, 31965
18,31963,4,4,1, 31967
25,31965,2,2,1, 31967
1,31966,1,1,1, 31967
8,31966,1,1,0, 31967
31,31966,2,2,1, 31968
24,31969,1,1,0, 31970
18,31968,4,4,1, 31972
17,31969,3,3,1, 31972
8,31971,1,1,1, 31972
31,31971,2,2,1, 31973
24,31974,1,1,1, 31975
8,31976,1,1,1, 31977
24,31979,1,1,0, 31980
8,31981,1,1,1, 31982
24,31984,1,1,1, 31985
8,31986,1,1,0, 31987
24,31989,1,1,1, 31990
8,31991,1,1,1, 31992
31,31991,2,2,1, 31993
24,31994,1,1,0, 31995
8,31996,1,1,0, 31997
24,31999,1,1,0, 32000
8,32001,1,1,1, 32002
24,32004,1,1,0, 32005
8,32006,1,1,1, 32007
24,32009,1,1,1, 32010
30,32008,3,3,1, 32011
8,32011,1,1,0, 32012
24,32014,1,1,0, 32015
30,32013,3,3,1, 32016
16,32014,2,2,1, 32016
29,32013,4,4,1, 32017
8,32016,1,1,1, 32017
31,32016,2,2,1, 32018
24,32019,1,1,0, 32020
16,32019,2,2,1, 32021
8,32021,1,1,1, 32022
15,32021,2,2,1, 32023
24,32024,1,1,0, 32025
29,32023,4,4,1, 32027
8,32026,1,1,0, 32027
15,32026,2,2,1, 32028
31,32026,2,2,1, 32028
24,32029,1,1,0, 32030
30,32028,3,3,1, 32031
8,32031,1,1,0, 32032
16,32034,2,2,1, 32036
8,32036,1,1,1, 32037
8,32041,1,1,1, 32042
15,32041,2,2,1, 32043
14,32044,3,3,1, 32047
8,32046,1,1,0, 32047
16,32049,2,2,1, 32051
14,32049,3,3,1, 32052
8,32051,1,1,0, 32052
13,32049,4,4,1, 32053
15,32051,2,2,1, 32053
1,32076,1,1,1, 32077
1,32081,1,1,1, 32082
1,32086,1,1,0, 32087
1,32091,1,1,0, 32092
1,32096,1,1,0, 32097
1,32101,1,1,0, 32102
1,32106,1,1,0, 32107
1,32111,1,1,1, 32112
1,32116,1,1,0, 32117
1,32121,1,1,1, 32122
1,32126,1,1,1, 32127
1,32131,1,1,0, 32132
24,32134,1,1,1, 32135
1,32136,1,1,0, 32137
2,32138,2,2,1, 32140
24,32139,1,1,0, 32140
1,32141,1,1,0, 32142
24,32144,1,1,0, 32145
1,32146,1,1,0, 32147
9,32147,2,2,1, 32149
2,32148,2,2,1, 32150
24,32149,1,1,0, 32150
1,32151,1,1,0, 32152
9,32152,2,2,1, 32154
24,32154,1,1,0, 32155
25,32155,2,2,1, 32157
1,32156,1,1,0, 32157
9,32157,2,2,1, 32159
2,32158,2,2,1, 32160
24,32159,1,1,0, 32160
25,32160,2,2,1, 32162
1,32161,1,1,0, 32162
8,32161,1,1,0, 32162
31,32161,2,2,1, 32163
24,32164,1,1,1, 32165
25,32165,2,2,1, 32167
1,32166,1,1,0, 32167
8,32166,1,1,1, 32167
3,32167,3,3,1, 32170
2,32168,2,2,1, 32170
24,32169,1,1,1, 32170
8,32171,1,1,1, 32172
24,32174,1,1,0, 32175
8,32176,1,1,0, 32177
31,32176,2,2,1, 32178
24,32179,1,1,0, 32180
8,32181,1,1,1, 32182
31,32181,2,2,1, 32183
24,32184,1,1,0, 32185
8,32186,1,1,1, 32187
31,32186,2,2,1, 32188
24,32189,1,1,1, 32190
8,32191,1,1,0, 32192
31,32191,2,2,1, 32193
24,32194,1,1,1, 32195
8,32196,1,1,0, 32197
24,32199,1,1,1, 32200
8,32201,1,1,0, 32202
31,32201,2,2,1, 32203
24,32204,1,1,0, 32205
30,32203,3,3,1, 32206
8,32206,1,1,1, 32207
15,32206,2,2,1, 32208
31,32206,2,2,1, 32208
24,32209,1,1,1, 32210
30,32208,3,3,1, 32211
8,32211,1,1,0, 32212
24,32214,1,1,1, 32215
8,32216,1,1,1, 32217
15,32216,2,2,1, 32218
24,32219,1,1,0, 32220
14,32219,3,3,1, 32222
8,32221,1,1,1, 32222
6,32220,2,4,1, 32224
24,32224,1,1,1, 32225
30,32223,3,3,1, 32226
14,32224,3,3,1, 32227
8,32226,1,1,1, 32227
31,32226,2,2,1, 32228
8,32231,1,1,0, 32232
15,32231,2,2,1, 32233
6,32230,2,4,1, 32234
14,32234,3,3,1, 32237
8,32236,1,1,0, 32237
15,32236,2,2,1, 32238
6,32235,2,4,1, 32239
8,32241,1,1,0, 32242
6,32240,2,4,1, 32244
14,32244,3,3,1, 32247
25,32275,2,2,1, 32277
1,32276,1,1,1, 32277
25,32280,2,2,1, 32282
1,32281,1,1,1, 32282
25,32285,2,2,1, 32287
1,32286,1,1,1, 32287
1,32291,1,1,0, 32292
25,32295,2,2,1, 32297
1,32296,1,1,0, 32297
25,32300,2,2,1, 32302
1,32301,1,1,0, 32302
25,32305,2,2,1, 32307
1,32306,1,1,0, 32307
25,32310,2,2,1, 32312
1,32311,1,1,0, 32312
3,32312,3,3,1, 32315
2,32313,2,2,1, 32315
25,32315,2,2,1, 32317
1,32316,1,1,0, 32317
25,32320,2,2,1, 32322
1,32321,1,1,0, 32322
25,32325,2,2,1, 32327
1,32326,1,1,0, 32327
25,32330,2,2,1, 32332
1,32331,1,1,0, 32332
2,32333,2,2,1, 32335
24,32334,1,1,0, 32335
1,32336,1,1,1, 32337
2,32338,2,2,1, 32340
24,32339,1,1,0, 32340
24,32344,1,1,1, 32345
24,32349,1,1,1, 32350
8,32351,1,1,0, 32352
24,32354,1,1,0, 32355
23,32353,3,3,1, 32356
16,32354,2,2,1, 32356
8,32356,1,1,0, 32357
22,32356,4,4,1, 32360
24,32359,1,1,0, 32360
8,32361,1,1,0, 32362
24,32364,1,1,1, 32365
8,32366,1,1,0, 32367
15,32366,2,2,1, 32368
24,32369,1,1,1, 32370
8,32371,1,1,1, 32372
31,32371,2,2,1, 32373
24,32374,1,1,0, 32375
8,32376,1,1,0, 32377
15,32376,2,2,1, 32378
31,32376,2,2,1, 32378
24,32379,1,1,0, 32380
8,32381,1,1,0, 32382
15,32381,2,2,1, 32383
24,32384,1,1,0, 32385
8,32386,1,1,0, 32387
24,32389,1,1,0, 32390
14,32389,3,3,1, 32392
8,32391,1,1,0, 32392
15,32391,2,2,1, 32393
31,32391,2,2,1, 32393
24,32394,1,1,0, 32395
8,32396,1,1,0, 32397
24,32399,1,1,1, 32400
8,32401,1,1,0, 32402
15,32401,2,2,1, 32403
24,32404,1,1,1, 32405
14,32404,3,3,1, 32407
8,32406,1,1,0, 32407
15,32406,2,2,1, 32408
24,32409,1,1,0, 32410
8,32411,1,1,1, 32412
15,32411,2,2,1, 32413
24,32414,1,1,0, 32415
8,32416,1,1,0, 32417
31,32416,2,2,1, 32418
24,32419,1,1,0, 32420
8,32421,1,1,0, 32422
15,32421,2,2,1, 32423
31,32421,2,2,1, 32423
24,32424,1,1,1, 32425
31,32426,2,2,1, 32428
24,32429,1,1,1, 32430
24,32434,1,1,0, 32435
24,32439,1,1,0, 32440
24,32444,1,1,1, 32445
25,32445,2,2,1, 32447
1,32446,1,1,1, 32447
24,32449,1,1,0, 32450
1,32451,1,1,0, 32452
24,32454,1,1,1, 32455
30,32453,3,3,1, 32456
29,32453,4,4,1, 32457
1,32456,1,1,0, 32457
24,32459,1,1,1, 32460
30,32458,3,3,1, 32461
29,32458,4,4,1, 32462
25,32460,2,2,1, 32462
1,32461,1,1,1, 32462
1,32466,1,1,0, 32467
1,32471,1,1,1, 32472
26,32472,3,3,1, 32475
25,32475,2,2,1, 32477
1,32476,1,1,0, 32477
3,32477,3,3,1, 32480
2,32478,2,2,1, 32480
1,32481,1,1,0, 32482
11,32479,4,4,1, 32483
18,32483,4,4,1, 32487
25,32485,2,2,1, 32487
1,32486,1,1,0, 32487
3,32487,3,3,1, 32490
25,32490,2,2,1, 32492
1,32491,1,1,0, 32492
3,32492,3,3,1, 32495
2,32493,2,2,1, 32495
25,32495,2,2,1, 32497
23,32528,3,3,1, 32531
16,32529,2,2,1, 32531
8,32531,1,1,0, 32532
22,32531,4,4,1, 32535
23,32533,3,3,1, 32536
16,32534,2,2,1, 32536
8,32536,1,1,0, 32537
23,32538,3,3,1, 32541
8,32541,1,1,0, 32542
22,32541,4,4,1, 32545
23,32543,3,3,1, 32546
8,32546,1,1,1, 32547
8,32551,1,1,1, 32552
8,32556,1,1,1, 32557
8,32561,1,1,0, 32562
8,32566,1,1,0, 32567
24,32569,1,1,0, 32570
8,32571,1,1,0, 32572
15,32571,2,2,1, 32573
24,32574,1,1,0, 32575
8,32576,1,1,1, 32577
24,32579,1,1,1, 32580
8,32581,1,1,0, 32582
15,32581,2,2,1, 32583
24,32584,1,1,1, 32585
8,32586,1,1,0, 32587
15,32586,2,2,1, 32588
24,32589,1,1,1, 32590
8,32591,1,1,0, 32592
13,32589,4,4,1, 32593
6,32590,2,4,1, 32594
24,32594,1,1,1, 32595
24,32599,1,1,1, 32600
1,32601,1,1,0, 32602
31,32601,2,2,1, 32603
24,32604,1,1,1, 32605
17,32604,3,3,1, 32607
1,32606,1,1,0, 32607
31,32606,2,2,1, 32608
9,32607,2,2,1, 32609
24,32609,1,1,0, 32610
17,32609,3,3,1, 32612
1,32611,1,1,0, 32612
24,32614,1,1,1, 32615
25,32615,2,2,1, 32617
1,32616,1,1,0, 32617
31,32616,2,2,1, 32618
2,32618,2,2,1, 32620
24,32619,1,1,0, 32620
1,32621,1,1,0, 32622
31,32621,2,2,1, 32623
9,32622,2,2,1, 32624
3,32622,3,3,1, 32625
24,32624,1,1,0, 32625
18,32623,4,4,1, 32627
17,32624,3,3,1, 32627
1,32626,1,1,0, 32627
31,32626,2,2,1, 32628
9,32627,2,2,1, 32629
3,32627,3,3,1, 32630
2,32628,2,2,1, 32630
24,32629,1,1,0, 32630
17,32629,3,3,1, 32632
1,32631,1,1,0, 32632
9,32632,2,2,1, 32634
2,32633,2,2,1, 32635
24,32634,1,1,0, 32635
31,32636,2,2,1, 32638
24,32639,1,1,0, 32640
24,32644,1,1,1, 32645
30,32643,3,3,1, 32646
29,32643,4,4,1, 32647
24,32649,1,1,1, 32650
30,32648,3,3,1, 32651
24,32654,1,1,0, 32655
24,32659,1,1,0, 32660
30,32658,3,3,1, 32661
24,32664,1,1,1, 32665
29,32663,4,4,1, 32667
8,32696,1,1,0, 32697
16,32699,2,2,1, 32701
8,32701,1,1,0, 32702
16,32704,2,2,1, 32706
8,32706,1,1,0, 32707
8,32711,1,1,0, 32712
8,32716,1,1,0, 32717
16,32719,2,2,1, 32721
8,32721,1,1,0, 32722
16,32724,2,2,1, 32726
8,32726,1,1,1, 32727
15,32726,2,2,1, 32728
8,32731,1,1,0, 32732
15,32731,2,2,1, 32733
8,32736,1,1,0, 32737
15,32736,2,2,1, 32738
23,32738,3,3,1, 32741
1,32741,1,1,1, 32742
8,32741,1,1,1, 32742
16,32744,2,2,1, 32746
1,32746,1,1,1, 32747
8,32746,1,1,0, 32747
15,32746,2,2,1, 32748
22,32746,4,4,1, 32750
23,32748,3,3,1, 32751
25,32750,2,2,1, 32752
1,32751,1,1,0, 32752
25,32755,2,2,1, 32757
1,32756,1,1,1, 32757
17,32759,3,3,1, 32762
25,32760,2,2,1, 32762
1,32761,1,1,1, 32762
9,32762,2,2,1, 32764
17,32764,3,3,1, 32767
25,32765,2,2,1, 32767
1,32766,1,1,1, 32767
17,32769,3,3,1, 32772
25,32770,2,2,1, 32772
1,32771,1,1,0, 32772
2,32773,2,2,1, 32775
24,32774,1,1,0, 32775
17,32774,3,3,1, 32777
1,32776,1,1,1, 32777
9,32777,2,2,1, 32779
2,32778,2,2,1, 32780
24,32779,1,1,1, 32780
1,32781,1,1,0, 32782
2,32783,2,2,1, 32785
24,32784,1,1,0, 32785
24,32789,1,1,1, 32790
24,32794,1,1,1, 32795
24,32799,1,1,1, 32800
24,32804,1,1,0, 32805
24,32809,1,1,0, 32810
24,32814,1,1,1, 32815
24,32819,1,1,0, 32820
24,32824,1,1,0, 32825
24,32829,1,1,0, 32830
31,32831,2,2,1, 32833
24,32834,1,1,0, 32835
24,32839,1,1,1, 32840
24,32844,1,1,0, 32845
24,32849,1,1,1, 32850
31,32851,2,2,1, 32853
24,32854,1,1,1, 32855
8,32856,1,1,1, 32857
31,32856,2,2,1, 32858
24,32859,1,1,0, 32860
8,32861,1,1,0, 32862
31,32861,2,2,1, 32863
24,32864,1,1,1, 32865
8,32866,1,1,0, 32867
31,32866,2,2,1, 32868
24,32869,1,1,1, 32870
8,32871,1,1,1, 32872
24,32874,1,1,0, 32875
8,32876,1,1,0, 32877
31,32876,2,2,1, 32878
24,32879,1,1,0, 32880
8,32881,1,1,0, 32882
31,32881,2,2,1, 32883
24,32884,1,1,0, 32885
8,32886,1,1,1, 32887
24,32889,1,1,0, 32890
1,32891,1,1,1, 32892
8,32891,1,1,1, 32892
31,32891,2,2,1, 32893
24,32894,1,1,0, 32895
25,32895,2,2,1, 32897
1,32896,1,1,1, 32897
8,32896,1,1,1, 32897
31,32896,2,2,1, 32898
24,32899,1,1,1, 32900
1,32901,1,1,0, 32902
8,32901,1,1,1, 32902
24,32904,1,1,0, 32905
1,32906,1,1,0, 32907
8,32906,1,1,1, 32907
24,32909,1,1,0, 32910
25,32910,2,2,1, 32912
1,32911,1,1,0, 32912
8,32911,1,1,0, 32912
15,32911,2,2,1, 32913
24,32914,1,1,0, 32915
16,32914,2,2,1, 32916
1,32916,1,1,1, 32917
8,32916,1,1,1, 32917
24,32919,1,1,0, 32920
16,32919,2,2,1, 32921
1,32921,1,1,0, 32922
8,32921,1,1,0, 32922
26,32922,3,3,1, 32925
2,32923,2,2,1, 32925
24,32924,1,1,0, 32925
16,32924,2,2,1, 32926
29,32923,4,4,1, 32927
1,32926,1,1,0, 32927
8,32926,1,1,0, 32927
26,32927,3,3,1, 32930
24,32929,1,1,1, 32930
18,32928,4,4,1, 32932
29,32928,4,4,1, 32932
1,32931,1,1,1, 32932
8,32931,1,1,1, 32932
15,32931,2,2,1, 32933
26,32932,3,3,1, 32935
2,32933,2,2,1, 32935
16,32934,2,2,1, 32936
18,32933,4,4,1, 32937
1,32936,1,1,0, 32937
8,32936,1,1,0, 32937
26,32937,3,3,1, 32940
2,32938,2,2,1, 32940
18,32938,4,4,1, 32942
1,32941,1,1,1, 32942
8,32941,1,1,1, 32942
15,32941,2,2,1, 32943
2,32943,2,2,1, 32945
14,32944,3,3,1, 32947
8,32946,1,1,0, 32947
8,32951,1,1,0, 32952
15,32951,2,2,1, 32953
16,32954,2,2,1, 32956
14,32954,3,3,1, 32957
24,33039,1,1,0, 33040
24,33044,1,1,0, 33045
1,33046,1,1,1, 33047
9,33047,2,2,1, 33049
24,33049,1,1,0, 33050
1,33051,1,1,1, 33052
24,33054,1,1,1, 33055
25,33055,2,2,1, 33057
1,33056,1,1,1, 33057
9,33057,2,2,1, 33059
24,33059,1,1,0, 33060
25,33060,2,2,1, 33062
1,33061,1,1,1, 33062
8,33061,1,1,1, 33062
9,33062,2,2,1, 33064
2,33063,2,2,1, 33065
24,33064,1,1,1, 33065
1,33066,1,1,1, 33067
8,33066,1,1,1, 33067
2,33068,2,2,1, 33070
24,33069,1,1,1, 33070
1,33071,1,1,0, 33072
8,33071,1,1,1, 33072
9,33072,2,2,1, 33074
24,33074,1,1,0, 33075
1,33076,1,1,0, 33077
8,33076,1,1,0, 33077
9,33077,2,2,1, 33079
24,33079,1,1,1, 33080
1,33081,1,1,0, 33082
8,33081,1,1,0, 33082
24,33084,1,1,1, 33085
25,33085,2,2,1, 33087
1,33086,1,1,0, 33087
8,33086,1,1,0, 33087
31,33086,2,2,1, 33088
2,33088,2,2,1, 33090
24,33089,1,1,0, 33090
25,33090,2,2,1, 33092
1,33091,1,1,0, 33092
8,33091,1,1,1, 33092
9,33092,2,2,1, 33094
24,33094,1,1,1, 33095
8,33096,1,1,0, 33097
31,33096,2,2,1, 33098
24,33099,1,1,0, 33100
8,33101,1,1,1, 33102
24,33104,1,1,0, 33105
8,33106,1,1,0, 33107
24,33109,1,1,0, 33110
8,33111,1,1,0, 33112
15,33111,2,2,1, 33113
24,33114,1,1,1, 33115
30,33113,3,3,1, 33116
8,33116,1,1,0, 33117
24,33119,1,1,1, 33120
8,33121,1,1,0, 33122
31,33121,2,2,1, 33123
24,33124,1,1,1, 33125
30,33123,3,3,1, 33126
29,33123,4,4,1, 33127
8,33126,1,1,0, 33127
13,33124,4,4,1, 33128
15,33126,2,2,1, 33128
6,33125,2,4,1, 33129
24,33129,1,1,0, 33130
29,33128,4,4,1, 33132
8,33131,1,1,0, 33132
24,33134,1,1,0, 33135
29,33133,4,4,1, 33137
8,33136,1,1,0, 33137
13,33134,4,4,1, 33138
15,33136,2,2,1, 33138
6,33135,2,4,1, 33139
24,33139,1,1,1, 33140
30,33138,3,3,1, 33141
29,33138,4,4,1, 33142
8,33141,1,1,0, 33142
15,33141,2,2,1, 33143
31,33141,2,2,1, 33143
24,33144,1,1,1, 33145
29,33143,4,4,1, 33147
8,33146,1,1,0, 33147
15,33146,2,2,1, 33148
14,33149,3,3,1, 33152
8,33151,1,1,0, 33152
13,33149,4,4,1, 33153
25,33205,2,2,1, 33207
1,33206,1,1,0, 33207
1,33211,1,1,1, 33212
25,33215,2,2,1, 33217
1,33216,1,1,0, 33217
1,33221,1,1,1, 33222
25,33225,2,2,1, 33227
1,33226,1,1,1, 33227
9,33227,2,2,1, 33229
26,33227,3,3,1, 33230
17,33229,3,3,1, 33232
1,33231,1,1,0, 33232
9,33232,2,2,1, 33234
26,33232,3,3,1, 33235
2,33233,2,2,1, 33235
17,33234,3,3,1, 33237
1,33236,1,1,0, 33237
2,33238,2,2,1, 33240
1,33241,1,1,0, 33242
9,33242,2,2,1, 33244
1,33246,1,1,0, 33247
2,33248,2,2,1, 33250
19,33246,5,5,1, 33251
8,33256,1,1,0, 33257
24,33259,1,1,1, 33260
8,33261,1,1,1, 33262
24,33264,1,1,0, 33265
8,33266,1,1,1, 33267
24,33269,1,1,1, 33270
8,33271,1,1,0, 33272
24,33274,1,1,0, 33275
8,33276,1,1,0, 33277
31,33276,2,2,1, 33278
24,33279,1,1,0, 33280
8,33281,1,1,1, 33282
31,33281,2,2,1, 33283
24,33284,1,1,0, 33285
8,33286,1,1,1, 33287
24,33289,1,1,0, 33290
8,33291,1,1,1, 33292
24,33294,1,1,1, 33295
8,33296,1,1,0, 33297
31,33296,2,2,1, 33298
24,33299,1,1,0, 33300
30,33298,3,3,1, 33301
8,33301,1,1,1, 33302
15,33301,2,2,1, 33303
31,33301,2,2,1, 33303
24,33304,1,1,0, 33305
30,33303,3,3,1, 33306
8,33306,1,1,0, 33307
15,33306,2,2,1, 33308
31,33306,2,2,1, 33308
6,33305,2,4,1, 33309
24,33309,1,1,1, 33310
14,33309,3,3,1, 33312
8,33311,1,1,1, 33312
24,33314,1,1,1, 33315
30,33313,3,3,1, 33316
14,33314,3,3,1, 33317
8,33316,1,1,0, 33317
13,33314,4,4,1, 33318
31,33316,2,2,1, 33318
24,33319,1,1,0, 33320
30,33318,3,3,1, 33321
14,33319,3,3,1, 33322
8,33321,1,1,1, 33322
31,33321,2,2,1, 33323
6,33320,2,4,1, 33324
24,33324,1,1,0, 33325
8,33326,1,1,1, 33327
15,33326,2,2,1, 33328
6,33325,2,4,1, 33329
24,33329,1,1,1, 33330
8,33331,1,1,0, 33332
15,33331,2,2,1, 33333
31,33331,2,2,1, 33333
6,33330,2,4,1, 33334
14,33334,3,3,1, 33337
25,33355,2,2,1, 33357
1,33356,1,1,0, 33357
1,33361,1,1,0, 33362
1,33366,1,1,0, 33367
25,33370,2,2,1, 33372
1,33371,1,1,1, 33372
1,33376,1,1,0, 33377
1,33381,1,1,0, 33382
2,33383,2,2,1, 33385
1,33386,1,1,0, 33387
25,33390,2,2,1, 33392
1,33391,1,1,1, 33392
26,33392,3,3,1, 33395
18,33393,4,4,1, 33397
25,33395,2,2,1, 33397
1,33396,1,1,0, 33397
26,33397,3,3,1, 33400
18,33398,4,4,1, 33402
1,33401,1,1,0, 33402
3,33402,3,3,1, 33405
26,33402,3,3,1, 33405
1,33406,1,1,1, 33407
11,33404,4,4,1, 33408
3,33407,3,3,1, 33410
24,33439,1,1,1, 33440
8,33441,1,1,1, 33442
24,33444,1,1,1, 33445
8,33446,1,1,0, 33447
24,33449,1,1,0, 33450
8,33451,1,1,0, 33452
15,33451,2,2,1, 33453
24,33454,1,1,1, 33455
16,33454,2,2,1, 33456
8,33456,1,1,1, 33457
15,33456,2,2,1, 33458
24,33459,1,1,1, 33460
16,33459,2,2,1, 33461
8,33461,1,1,1, 33462
15,33461,2,2,1, 33463
24,33464,1,1,1, 33465
8,33466,1,1,0, 33467
24,33469,1,1,0, 33470
14,33469,3,3,1, 33472
8,33471,1,1,0, 33472
24,33474,1,1,1, 33475
8,33476,1,1,0, 33477
24,33479,1,1,0, 33480
16,33479,2,2,1, 33481
14,33479,3,3,1, 33482
8,33481,1,1,1, 33482
24,33484,1,1,1, 33485
8,33486,1,1,1, 33487
15,33486,2,2,1, 33488
31,33486,2,2,1, 33488
24,33489,1,1,0, 33490
14,33489,3,3,1, 33492
8,33491,1,1,0, 33492
15,33491,2,2,1, 33493
31,33491,2,2,1, 33493
24,33494,1,1,0, 33495
8,33496,1,1,0, 33497
31,33496,2,2,1, 33498
24,33499,1,1,0, 33500
14,33499,3,3,1, 33502
8,33501,1,1,1, 33502
15,33501,2,2,1, 33503
24,33504,1,1,1, 33505
24,33509,1,1,0, 33510
9,33512,2,2,1, 33514
24,33514,1,1,0, 33515
17,33514,3,3,1, 33517
1,33516,1,1,1, 33517
9,33517,2,2,1, 33519
24,33519,1,1,0, 33520
25,33520,2,2,1, 33522
1,33521,1,1,1, 33522
31,33521,2,2,1, 33523
2,33523,2,2,1, 33525
24,33524,1,1,0, 33525
25,33525,2,2,1, 33527
1,33526,1,1,0, 33527
9,33527,2,2,1, 33529
24,33529,1,1,0, 33530
17,33529,3,3,1, 33532
1,33531,1,1,0, 33532
24,33534,1,1,0, 33535
1,33536,1,1,0, 33537
31,33536,2,2,1, 33538
24,33539,1,1,1, 33540
25,33540,2,2,1, 33542
1,33541,1,1,1, 33542
31,33541,2,2,1, 33543
2,33543,2,2,1, 33545
24,33544,1,1,1, 33545
1,33546,1,1,1, 33547
2,33548,2,2,1, 33550
24,33549,1,1,1, 33550
25,33550,2,2,1, 33552
1,33551,1,1,1, 33552
31,33551,2,2,1, 33553
24,33554,1,1,1, 33555
25,33555,2,2,1, 33557
1,33556,1,1,0, 33557
3,33557,3,3,1, 33560
24,33559,1,1,1, 33560
24,33564,1,1,0, 33565
24,33569,1,1,1, 33570
29,33568,4,4,1, 33572
31,33571,2,2,1, 33573
24,33574,1,1,0, 33575
30,33573,3,3,1, 33576
24,33579,1,1,1, 33580
30,33578,3,3,1, 33581
8,33611,1,1,1, 33612
16,33614,2,2,1, 33616
8,33616,1,1,1, 33617
16,33619,2,2,1, 33621
8,33621,1,1,1, 33622
8,33626,1,1,0, 33627
16,33629,2,2,1, 33631
8,33631,1,1,1, 33632
16,33634,2,2,1, 33636
8,33636,1,1,1, 33637
16,33639,2,2,1, 33641
8,33641,1,1,0, 33642
8,33646,1,1,0, 33647
15,33646,2,2,1, 33648
16,33649,2,2,1, 33651
8,33651,1,1,0, 33652
15,33651,2,2,1, 33653
16,33654,2,2,1, 33656
8,33656,1,1,1, 33657
15,33656,2,2,1, 33658
8,33661,1,1,0, 33662
15,33661,2,2,1, 33663
9,33662,2,2,1, 33664
1,33666,1,1,0, 33667
8,33666,1,1,0, 33667
15,33666,2,2,1, 33668
9,33667,2,2,1, 33669
25,33670,2,2,1, 33672
1,33671,1,1,0, 33672
25,33675,2,2,1, 33677
1,33676,1,1,1, 33677
9,33677,2,2,1, 33679
1,33681,1,1,1, 33682
9,33682,2,2,1, 33684
25,33685,2,2,1, 33687
1,33686,1,1,0, 33687
9,33687,2,2,1, 33689
24,33689,1,1,1, 33690
25,33690,2,2,1, 33692
1,33691,1,1,1, 33692
9,33692,2,2,1, 33694
24,33694,1,1,1, 33695
1,33696,1,1,0, 33697
9,33697,2,2,1, 33699
24,33699,1,1,0, 33700
1,33701,1,1,0, 33702
9,33702,2,2,1, 33704
2,33703,2,2,1, 33705
24,33704,1,1,1, 33705
17,33704,3,3,1, 33707
25,33705,2,2,1, 33707
24,33709,1,1,1, 33710
24,33714,1,1,0, 33715
31,33716,2,2,1, 33718
24,33719,1,1,1, 33720
24,33724,1,1,0, 33725
24,33729,1,1,0, 33730
31,33731,2,2,1, 33733
24,33734,1,1,0, 33735
31,33736,2,2,1, 33738
24,33739,1,1,0, 33740
24,33744,1,1,1, 33745
24,33749,1,1,0, 33750
24,33754,1,1,0, 33755
24,33759,1,1,1, 33760
24,33764,1,1,0, 33765
30,33763,3,3,1, 33766
31,33766,2,2,1, 33768
24,33769,1,1,0, 33770
29,33768,4,4,1, 33772
8,33771,1,1,0, 33772
24,33774,1,1,0, 33775
30,33773,3,3,1, 33776
8,33776,1,1,1, 33777
31,33776,2,2,1, 33778
24,33779,1,1,1, 33780
8,33781,1,1,0, 33782
31,33781,2,2,1, 33783
24,33784,1,1,1, 33785
30,33783,3,3,1, 33786
8,33786,1,1,0, 33787
31,33786,2,2,1, 33788
8,33791,1,1,1, 33792
8,33796,1,1,1, 33797
8,33801,1,1,0, 33802
8,33806,1,1,0, 33807
1,33811,1,1,0, 33812
8,33811,1,1,1, 33812
25,33815,2,2,1, 33817
1,33816,1,1,0, 33817
8,33816,1,1,1, 33817
1,33821,1,1,0, 33822
8,33821,1,1,1, 33822
15,33821,2,2,1, 33823
25,33825,2,2,1, 33827
1,33826,1,1,0, 33827
8,33826,1,1,1, 33827
15,33826,2,2,1, 33828
1,33831,1,1,0, 33832
8,33831,1,1,0, 33832
15,33831,2,2,1, 33833
25,33835,2,2,1, 33837
1,33836,1,1,0, 33837
8,33836,1,1,1, 33837
15,33836,2,2,1, 33838
25,33840,2,2,1, 33842
1,33841,1,1,1, 33842
8,33841,1,1,1, 33842
1,33846,1,1,1, 33847
8,33846,1,1,1, 33847
15,33846,2,2,1, 33848
1,33851,1,1,1, 33852
8,33851,1,1,0, 33852
15,33851,2,2,1, 33853
16,33854,2,2,1, 33856
1,33856,1,1,1, 33857
8,33856,1,1,0, 33857
16,33859,2,2,1, 33861
1,33861,1,1,0, 33862
8,33861,1,1,1, 33862
16,33864,2,2,1, 33866
14,33864,3,3,1, 33867
1,33866,1,1,1, 33867
8,33866,1,1,0, 33867
15,33866,2,2,1, 33868
1,33871,1,1,0, 33872
26,33872,3,3,1, 33875
1,33876,1,1,1, 33877
2,33878,2,2,1, 33880
18,33878,4,4,1, 33882
1,33881,1,1,0, 33882
18,33883,4,4,1, 33887
1,33886,1,1,1, 33887
2,33888,2,2,1, 33890
18,33888,4,4,1, 33892
1,33891,1,1,0, 33892
3,33892,3,3,1, 33895
24,33894,1,1,0, 33895
19,33891,5,5,1, 33896
5,33892,3,5,1, 33897
1,33896,1,1,0, 33897
9,33897,2,2,1, 33899
24,33899,1,1,1, 33900
24,33904,1,1,1, 33905
24,33909,1,1,1, 33910
24,33914,1,1,0, 33915
24,33919,1,1,1, 33920
24,33924,1,1,0, 33925
29,33923,4,4,1, 33927
24,33929,1,1,1, 33930
29,33928,4,4,1, 33932
24,33934,1,1,1, 33935
30,33933,3,3,1, 33936
24,33939,1,1,1, 33940
29,33938,4,4,1, 33942
24,33944,1,1,1, 33945
24,33949,1,1,0, 33950
30,33948,3,3,1, 33951
29,33948,4,4,1, 33952
31,33951,2,2,1, 33953
24,33954,1,1,1, 33955
24,33959,1,1,0, 33960
31,33961,2,2,1, 33963
24,33964,1,1,0, 33965
24,33969,1,1,0, 33970
24,33974,1,1,1, 33975
23,33973,3,3,1, 33976
8,33976,1,1,1, 33977
24,33979,1,1,0, 33980
23,33978,3,3,1, 33981
8,33981,1,1,1, 33982
24,33984,1,1,0, 33985
8,33986,1,1,1, 33987
31,33986,2,2,1, 33988
24,33989,1,1,1, 33990
8,33991,1,1,0, 33992
31,33991,2,2,1, 33993
8,33996,1,1,0, 33997
8,34001,1,1,0, 34002
8,34006,1,1,0, 34007
1,34011,1,1,1, 34012
8,34011,1,1,0, 34012
2,34013,2,2,1, 34015
1,34016,1,1,1, 34017
8,34016,1,1,0, 34017
2,34018,2,2,1, 34020
25,34020,2,2,1, 34022
1,34021,1,1,1, 34022
8,34021,1,1,0, 34022
18,34023,4,4,1, 34027
1,34026,1,1,1, 34027
8,34026,1,1,0, 34027
3,34027,3,3,1, 34030
25,34030,2,2,1, 34032
1,34031,1,1,1, 34032
8,34031,1,1,0, 34032
11,34029,4,4,1, 34033
15,34031,2,2,1, 34033
18,34033,4,4,1, 34037
25,34035,2,2,1, 34037
1,34036,1,1,0, 34037
8,34036,1,1,0, 34037
11,34034,4,4,1, 34038
15,34036,2,2,1, 34038
3,34037,3,3,1, 34040
2,34038,2,2,1, 34040
14,34039,3,3,1, 34042
1,34041,1,1,0, 34042
8,34041,1,1,0, 34042
11,34039,4,4,1, 34043
14,34044,3,3,1, 34047
8,34046,1,1,1, 34047
15,34046,2,2,1, 34048
14,34049,3,3,1, 34052
8,34051,1,1,1, 34052
8,34056,1,1,0, 34057
8,34061,1,1,1, 34062
15,34061,2,2,1, 34063
8,34066,1,1,1, 34067
15,34066,2,2,1, 34068
14,34069,3,3,1, 34072
8,34071,1,1,1, 34072
13,34069,4,4,1, 34073
6,34070,2,4,1, 34074
24,34099,1,1,1, 34100
24,34104,1,1,1, 34105
24,34109,1,1,0, 34110
24,34114,1,1,1, 34115
24,34119,1,1,1, 34120
24,34124,1,1,0, 34125
24,34129,1,1,1, 34130
24,34134,1,1,1, 34135
24,34139,1,1,0, 34140
24,34144,1,1,1, 34145
1,34146,1,1,1, 34147
9,34147,2,2,1, 34149
24,34149,1,1,1, 34150
25,34150,2,2,1, 34152
1,34151,1,1,1, 34152
9,34152,2,2,1, 34154
24,34154,1,1,0, 34155
1,34156,1,1,1, 34157
9,34157,2,2,1, 34159
2,34158,2,2,1, 34160
24,34159,1,1,1, 34160
25,34160,2,2,1, 34162
1,34161,1,1,0, 34162
24,34164,1,1,0, 34165
1,34166,1,1,1, 34167
2,34168,2,2,1, 34170
24,34169,1,1,1, 34170
1,34171,1,1,1, 34172
9,34172,2,2,1, 34174
2,34173,2,2,1, 34175
24,34174,1,1,1, 34175
25,34175,2,2,1, 34177
1,34176,1,1,1, 34177
8,34176,1,1,0, 34177
22,34176,4,4,1, 34180
24,34179,1,1,1, 34180
25,34180,2,2,1, 34182
1,34181,1,1,0, 34182
8,34181,1,1,1, 34182
22,34181,4,4,1, 34185
24,34184,1,1,0, 34185
23,34183,3,3,1, 34186
25,34185,2,2,1, 34187
1,34186,1,1,0, 34187
8,34186,1,1,0, 34187
9,34187,2,2,1, 34189
2,34188,2,2,1, 34190
24,34189,1,1,0, 34190
16,34189,2,2,1, 34191
8,34191,1,1,0, 34192
15,34191,2,2,1, 34193
31,34191,2,2,1, 34193
24,34194,1,1,1, 34195
23,34193,3,3,1, 34196
16,34194,2,2,1, 34196
8,34196,1,1,0, 34197
24,34199,1,1,0, 34200
23,34198,3,3,1, 34201
16,34199,2,2,1, 34201
8,34201,1,1,1, 34202
15,34201,2,2,1, 34203
31,34201,2,2,1, 34203
24,34204,1,1,0, 34205
8,34206,1,1,0, 34207
24,34209,1,1,1, 34210
8,34211,1,1,0, 34212
31,34211,2,2,1, 34213
22,34211,4,4,1, 34215
24,34214,1,1,0, 34215
16,34214,2,2,1, 34216
8,34216,1,1,0, 34217
15,34216,2,2,1, 34218
24,34219,1,1,1, 34220
24,34224,1,1,0, 34225
31,34226,2,2,1, 34228
24,34229,1,1,1, 34230
31,34231,2,2,1, 34233
24,34234,1,1,1, 34235
24,34239,1,1,1, 34240
24,34244,1,1,0, 34245
31,34246,2,2,1, 34248
24,34249,1,1,1, 34250
30,34248,3,3,1, 34251
24,34254,1,1,0, 34255
30,34253,3,3,1, 34256
29,34253,4,4,1, 34257
31,34256,2,2,1, 34258
24,34259,1,1,1, 34260
30,34258,3,3,1, 34261
1,34296,1,1,1, 34297
1,34301,1,1,1, 34302
25,34305,2,2,1, 34307
1,34306,1,1,1, 34307
25,34310,2,2,1, 34312
1,34311,1,1,0, 34312
25,34315,2,2,1, 34317
1,34316,1,1,1, 34317
1,34321,1,1,0, 34322
1,34326,1,1,0, 34327
8,34326,1,1,0, 34327
1,34331,1,1,0, 34332
8,34331,1,1,1, 34332
1,34336,1,1,1, 34337
8,34336,1,1,1, 34337
1,34341,1,1,1, 34342
8,34341,1,1,0, 34342
16,34344,2,2,1, 34346
1,34346,1,1,0, 34347
8,34346,1,1,0, 34347
1,34351,1,1,0, 34352
8,34351,1,1,1, 34352
1,34356,1,1,0, 34357
8,34356,1,1,0, 34357
2,34358,2,2,1, 34360
16,34359,2,2,1, 34361
1,34361,1,1,0, 34362
8,34361,1,1,0, 34362
25,34365,2,2,1, 34367
1,34366,1,1,1, 34367
8,34366,1,1,1, 34367
15,34366,2,2,1, 34368
24,34369,1,1,1, 34370
17,34369,3,3,1, 34372
25,34370,2,2,1, 34372
1,34371,1,1,1, 34372
8,34371,1,1,1, 34372
11,34369,4,4,1, 34373
9,34372,2,2,1, 34374
3,34372,3,3,1, 34375
24,34374,1,1,0, 34375
19,34371,5,5,1, 34376
16,34374,2,2,1, 34376
17,34374,3,3,1, 34377
25,34375,2,2,1, 34377
1,34376,1,1,0, 34377
8,34376,1,1,0, 34377
11,34374,4,4,1, 34378
24,34379,1,1,1, 34380
8,34381,1,1,1, 34382
15,34381,2,2,1, 34383
24,34384,1,1,1, 34385
16,34384,2,2,1, 34386
8,34386,1,1,1, 34387
24,34389,1,1,0, 34390
8,34391,1,1,0, 34392
24,34394,1,1,0, 34395
8,34396,1,1,1, 34397
15,34396,2,2,1, 34398
24,34399,1,1,1, 34400
8,34401,1,1,0, 34402
15,34401,2,2,1, 34403
24,34404,1,1,0, 34405
8,34406,1,1,0, 34407
31,34406,2,2,1, 34408
6,34405,2,4,1, 34409
22,34406,4,4,1, 34410
24,34409,1,1,0, 34410
14,34409,3,3,1, 34412
8,34411,1,1,1, 34412
13,34409,4,4,1, 34413
24,34414,1,1,1, 34415
24,34419,1,1,1, 34420
31,34421,2,2,1, 34423
24,34424,1,1,0, 34425
24,34429,1,1,1, 34430
24,34434,1,1,1, 34435
24,34439,1,1,0, 34440
31,34441,2,2,1, 34443
24,34444,1,1,0, 34445
24,34449,1,1,1, 34450
24,34454,1,1,0, 34455
31,34456,2,2,1, 34458
24,34459,1,1,1, 34460
24,34464,1,1,0, 34465
31,34466,2,2,1, 34468
24,34469,1,1,0, 34470
24,34474,1,1,1, 34475
31,34476,2,2,1, 34478
24,34479,1,1,1, 34480
1,34481,1,1,0, 34482
24,34484,1,1,0, 34485
30,34483,3,3,1, 34486
1,34486,1,1,0, 34487
31,34486,2,2,1, 34488
24,34489,1,1,1, 34490
30,34488,3,3,1, 34491
29,34488,4,4,1, 34492
1,34491,1,1,0, 34492
1,34496,1,1,0, 34497
2,34498,2,2,1, 34500
1,34501,1,1,1, 34502
2,34503,2,2,1, 34505
1,34506,1,1,0, 34507
1,34511,1,1,1, 34512
3,34512,3,3,1, 34515
2,34513,2,2,1, 34515
1,34516,1,1,0, 34517
1,34521,1,1,1, 34522
8,34521,1,1,1, 34522
3,34522,3,3,1, 34525
1,34526,1,1,1, 34527
8,34526,1,1,1, 34527
3,34527,3,3,1, 34530
1,34531,1,1,1, 34532
8,34531,1,1,0, 34532
2,34533,2,2,1, 34535
1,34536,1,1,1, 34537
8,34536,1,1,0, 34537
3,34537,3,3,1, 34540
1,34541,1,1,1, 34542
8,34541,1,1,0, 34542
11,34539,4,4,1, 34543
25,34545,2,2,1, 34547
1,34546,1,1,1, 34547
8,34546,1,1,0, 34547
3,34547,3,3,1, 34550
2,34548,2,2,1, 34550
8,34551,1,1,1, 34552
8,34556,1,1,0, 34557
16,34559,2,2,1, 34561
8,34561,1,1,0, 34562
14,34564,3,3,1, 34567
8,34566,1,1,0, 34567
15,34566,2,2,1, 34568
16,34569,2,2,1, 34571
14,34569,3,3,1, 34572
8,34571,1,1,0, 34572
14,34574,3,3,1, 34577
8,34576,1,1,1, 34577
15,34576,2,2,1, 34578
8,34581,1,1,0, 34582
15,34581,2,2,1, 34583
16,34584,2,2,1, 34586
8,34586,1,1,1, 34587
16,34589,2,2,1, 34591
14,34589,3,3,1, 34592
8,34591,1,1,0, 34592
16,34594,2,2,1, 34596
14,34594,3,3,1, 34597
8,34596,1,1,1, 34597
24,34599,1,1,1, 34600
16,34599,2,2,1, 34601
24,34604,1,1,1, 34605
24,34609,1,1,1, 34610
24,34614,1,1,0, 34615
24,34619,1,1,0, 34620
24,34624,1,1,0, 34625
24,34629,1,1,0, 34630
24,34634,1,1,0, 34635
24,34639,1,1,0, 34640
31,34641,2,2,1, 34643
24,34644,1,1,0, 34645
31,34646,2,2,1, 34648
24,34649,1,1,1, 34650
31,34651,2,2,1, 34653
9,34652,2,2,1, 34654
24,34654,1,1,0, 34655
25,34655,2,2,1, 34657
1,34656,1,1,0, 34657
31,34656,2,2,1, 34658
24,34659,1,1,0, 34660
17,34659,3,3,1, 34662
25,34660,2,2,1, 34662
1,34661,1,1,0, 34662
31,34661,2,2,1, 34663
24,34664,1,1,0, 34665
25,34665,2,2,1, 34667
1,34666,1,1,1, 34667
2,34668,2,2,1, 34670
24,34669,1,1,0, 34670
25,34670,2,2,1, 34672
1,34671,1,1,0, 34672
24,34674,1,1,0, 34675
25,34675,2,2,1, 34677
1,34676,1,1,1, 34677
24,34679,1,1,1, 34680
30,34678,3,3,1, 34681
29,34678,4,4,1, 34682
1,34681,1,1,0, 34682
31,34681,2,2,1, 34683
24,34684,1,1,1, 34685
30,34683,3,3,1, 34686
29,34683,4,4,1, 34687
25,34685,2,2,1, 34687
1,34686,1,1,0, 34687
24,34689,1,1,1, 34690
30,34688,3,3,1, 34691
25,34690,2,2,1, 34692
1,34691,1,1,0, 34692
19,34691,5,5,1, 34696
25,34695,2,2,1, 34697
1,34696,1,1,1, 34697
11,34694,4,4,1, 34698
2,34698,2,2,1, 34700
19,34696,5,5,1, 34701
8,34711,1,1,1, 34712
8,34716,1,1,1, 34717
8,34721,1,1,1, 34722
8,34726,1,1,0, 34727
15,34726,2,2,1, 34728
8,34731,1,1,0, 34732
8,34736,1,1,0, 34737
8,34741,1,1,1, 34742
15,34741,2,2,1, 34743
8,34746,1,1,0, 34747
15,34746,2,2,1, 34748
8,34751,1,1,0, 34752
14,34754,3,3,1, 34757
8,34756,1,1,0, 34757
16,34759,2,2,1, 34761
8,34761,1,1,0, 34762
15,34761,2,2,1, 34763
6,34760,2,4,1, 34764
16,34764,2,2,1, 34766
14,34764,3,3,1, 34767
8,34766,1,1,0, 34767
13,34764,4,4,1, 34768
16,34769,2,2,1, 34771
8,34771,1,1,0, 34772
6,34770,2,4,1, 34774
8,34776,1,1,1, 34777
13,34774,4,4,1, 34778
24,34799,1,1,1, 34800
24,34804,1,1,0, 34805
17,34804,3,3,1, 34807
25,34805,2,2,1, 34807
1,34806,1,1,1, 34807
24,34809,1,1,0, 34810
25,34810,2,2,1, 34812
1,34811,1,1,1, 34812
9,34812,2,2,1, 34814
24,34814,1,1,1, 34815
17,34814,3,3,1, 34817
25,34815,2,2,1, 34817
1,34816,1,1,1, 34817
9,34817,2,2,1, 34819
24,34819,1,1,1, 34820
17,34819,3,3,1, 34822
1,34821,1,1,0, 34822
24,34824,1,1,1, 34825
17,34824,3,3,1, 34827
1,34826,1,1,0, 34827
24,34829,1,1,0, 34830
25,34830,2,2,1, 34832
1,34831,1,1,0, 34832
24,34834,1,1,0, 34835
17,34834,3,3,1, 34837
25,34835,2,2,1, 34837
1,34836,1,1,1, 34837
24,34839,1,1,0, 34840
17,34839,3,3,1, 34842
25,34840,2,2,1, 34842
1,34841,1,1,1, 34842
31,34841,2,2,1, 34843
24,34844,1,1,1, 34845
30,34843,3,3,1, 34846
17,34844,3,3,1, 34847
25,34845,2,2,1, 34847
31,34846,2,2,1, 34848
24,34849,1,1,0, 34850
29,34848,4,4,1, 34852
24,34854,1,1,1, 34855
30,34853,3,3,1, 34856
24,34859,1,1,0, 34860
24,34864,1,1,1, 34865
30,34863,3,3,1, 34866
24,34869,1,1,0, 34870
31,34871,2,2,1, 34873
24,34874,1,1,1, 34875
24,34879,1,1,0, 34880
31,34881,2,2,1, 34883
24,34884,1,1,1, 34885
8,34886,1,1,0, 34887
24,34889,1,1,1, 34890
30,34888,3,3,1, 34891
8,34891,1,1,1, 34892
31,34891,2,2,1, 34893
24,34894,1,1,1, 34895
8,34896,1,1,0, 34897
15,34896,2,2,1, 34898
31,34896,2,2,1, 34898
8,34901,1,1,0, 34902
8,34906,1,1,0, 34907
15,34906,2,2,1, 34908
8,34911,1,1,1, 34912
15,34911,2,2,1, 34913
8,34916,1,1,0, 34917
15,34916,2,2,1, 34918
8,34921,1,1,1, 34922
15,34921,2,2,1, 34923
8,34926,1,1,1, 34927
15,34926,2,2,1, 34928
8,34931,1,1,1, 34932
8,34936,1,1,0, 34937
13,34934,4,4,1, 34938
15,34936,2,2,1, 34938
8,34941,1,1,1, 34942
6,34940,2,4,1, 34944
14,34944,3,3,1, 34947
8,34946,1,1,1, 34947
13,34944,4,4,1, 34948
6,34945,2,4,1, 34949
1,34951,1,1,0, 34952
1,34956,1,1,1, 34957
1,34961,1,1,0, 34962
1,34966,1,1,0, 34967
1,34971,1,1,1, 34972
9,34972,2,2,1, 34974
25,34975,2,2,1, 34977
1,34976,1,1,0, 34977
9,34977,2,2,1, 34979
25,34980,2,2,1, 34982
1,34981,1,1,0, 34982
9,34982,2,2,1, 34984
25,34985,2,2,1, 34987
1,34986,1,1,0, 34987
2,34988,2,2,1, 34990
1,34991,1,1,1, 34992
25,34995,2,2,1, 34997
1,34996,1,1,0, 34997
2,34998,2,2,1, 35000
17,34999,3,3,1, 35002
25,35000,2,2,1, 35002
1,35001,1,1,0, 35002
25,35005,2,2,1, 35007
1,35006,1,1,1, 35007
9,35007,2,2,1, 35009
3,35007,3,3,1, 35010
24,35009,1,1,0, 35010
24,35014,1,1,0, 35015
24,35019,1,1,0, 35020
24,35024,1,1,0, 35025
31,35026,2,2,1, 35028
24,35029,1,1,1, 35030
30,35028,3,3,1, 35031
24,35034,1,1,0, 35035
24,35039,1,1,1, 35040
31,35041,2,2,1, 35043
24,35044,1,1,1, 35045
30,35043,3,3,1, 35046
29,35043,4,4,1, 35047
24,35049,1,1,1, 35050
31,35051,2,2,1, 35053
22,35051,4,4,1, 35055
24,35054,1,1,0, 35055
23,35053,3,3,1, 35056
8,35056,1,1,0, 35057
31,35056,2,2,1, 35058
22,35056,4,4,1, 35060
24,35059,1,1,0, 35060
16,35059,2,2,1, 35061
8,35061,1,1,0, 35062
31,35061,2,2,1, 35063
22,35061,4,4,1, 35065
24,35064,1,1,1, 35065
8,35066,1,1,0, 35067
31,35066,2,2,1, 35068
24,35069,1,1,0, 35070
8,35071,1,1,1, 35072
31,35071,2,2,1, 35073
22,35071,4,4,1, 35075
24,35074,1,1,0, 35075
8,35076,1,1,1, 35077
22,35076,4,4,1, 35080
24,35079,1,1,1, 35080
16,35079,2,2,1, 35081
8,35081,1,1,0, 35082
31,35081,2,2,1, 35083
24,35084,1,1,0, 35085
8,35086,1,1,0, 35087
22,35086,4,4,1, 35090
24,35089,1,1,0, 35090
14,35089,3,3,1, 35092
8,35091,1,1,0, 35092
15,35091,2,2,1, 35093
24,35094,1,1,1, 35095
14,35094,3,3,1, 35097
8,35096,1,1,0, 35097
15,35096,2,2,1, 35098
31,35096,2,2,1, 35098
8,35101,1,1,0, 35102
8,35106,1,1,1, 35107
15,35106,2,2,1, 35108
1,35116,1,1,0, 35117
1,35121,1,1,1, 35122
1,35126,1,1,0, 35127
1,35131,1,1,0, 35132
1,35136,1,1,0, 35137
1,35141,1,1,0, 35142
25,35145,2,2,1, 35147
1,35146,1,1,0, 35147
1,35151,1,1,0, 35152
2,35153,2,2,1, 35155
25,35155,2,2,1, 35157
1,35156,1,1,1, 35157
2,35158,2,2,1, 35160
1,35161,1,1,0, 35162
11,35159,4,4,1, 35163
1,35166,1,1,0, 35167
25,35170,2,2,1, 35172
1,35171,1,1,0, 35172
3,35172,3,3,1, 35175
2,35173,2,2,1, 35175
25,35175,2,2,1, 35177
1,35176,1,1,0, 35177
2,35178,2,2,1, 35180
17,35179,3,3,1, 35182
25,35180,2,2,1, 35182
1,35181,1,1,1, 35182
11,35179,4,4,1, 35183
24,35199,1,1,1, 35200
24,35204,1,1,0, 35205
24,35209,1,1,1, 35210
24,35214,1,1,0, 35215
16,35214,2,2,1, 35216
8,35216,1,1,1, 35217
24,35219,1,1,1, 35220
8,35221,1,1,0, 35222
24,35224,1,1,0, 35225
16,35224,2,2,1, 35226
8,35226,1,1,0, 35227
24,35229,1,1,1, 35230
8,35231,1,1,1, 35232
24,35234,1,1,0, 35235
16,35234,2,2,1, 35236
8,35236,1,1,0, 35237
24,35239,1,1,1, 35240
16,35239,2,2,1, 35241
8,35241,1,1,0, 35242
24,35244,1,1,1, 35245
16,35244,2,2,1, 35246
8,35246,1,1,1, 35247
24,35249,1,1,0, 35250
16,35249,2,2,1, 35251
8,35251,1,1,0, 35252
24,35254,1,1,0, 35255
16,35254,2,2,1, 35256
8,35256,1,1,1, 35257
24,35259,1,1,1, 35260
8,35261,1,1,1, 35262
24,35264,1,1,0, 35265
8,35266,1,1,1, 35267
15,35266,2,2,1, 35268
24,35269,1,1,1, 35270
8,35271,1,1,0, 35272
15,35271,2,2,1, 35273
24,35274,1,1,0, 35275
8,35276,1,1,0, 35277
15,35276,2,2,1, 35278
24,35279,1,1,1, 35280
16,35279,2,2,1, 35281
24,35284,1,1,0, 35285
24,35289,1,1,0, 35290
25,35290,2,2,1, 35292
1,35291,1,1,1, 35292
9,35292,2,2,1, 35294
24,35294,1,1,1, 35295
25,35295,2,2,1, 35297
1,35296,1,1,0, 35297
24,35299,1,1,0, 35300
1,35301,1,1,1, 35302
31,35301,2,2,1, 35303
24,35304,1,1,0, 35305
1,35306,1,1,1, 35307
31,35306,2,2,1, 35308
9,35307,2,2,1, 35309
24,35309,1,1,0, 35310
1,35311,1,1,0, 35312
24,35314,1,1,0, 35315
25,35315,2,2,1, 35317
1,35316,1,1,0, 35317
31,35316,2,2,1, 35318
24,35319,1,1,0, 35320
1,35321,1,1,1, 35322
11,35319,4,4,1, 35323
9,35322,2,2,1, 35324
24,35324,1,1,0, 35325
25,35325,2,2,1, 35327
1,35326,1,1,1, 35327
31,35326,2,2,1, 35328
9,35327,2,2,1, 35329
3,35327,3,3,1, 35330
24,35329,1,1,1, 35330
19,35326,5,5,1, 35331
1,35331,1,1,1, 35332
31,35331,2,2,1, 35333
9,35332,2,2,1, 35334
24,35334,1,1,1, 35335
19,35331,5,5,1, 35336
17,35334,3,3,1, 35337
1,35336,1,1,0, 35337
31,35336,2,2,1, 35338
24,35339,1,1,0, 35340
19,35336,5,5,1, 35341
31,35341,2,2,1, 35343
24,35344,1,1,0, 35345
24,35349,1,1,1, 35350
24,35354,1,1,0, 35355
30,35353,3,3,1, 35356
8,35386,1,1,1, 35387
8,35391,1,1,1, 35392
8,35396,1,1,0, 35397
8,35401,1,1,0, 35402
8,35406,1,1,1, 35407
8,35411,1,1,0, 35412
8,35416,1,1,1, 35417
8,35421,1,1,0, 35422
8,35426,1,1,0, 35427
8,35431,1,1,0, 35432
8,35436,1,1,0, 35437
8,35441,1,1,0, 35442
25,35445,2,2,1, 35447
1,35446,1,1,0, 35447
8,35446,1,1,0, 35447
15,35446,2,2,1, 35448
1,35451,1,1,1, 35452
8,35451,1,1,0, 35452
15,35451,2,2,1, 35453
14,35454,3,3,1, 35457
17,35454,3,3,1, 35457
1,35456,1,1,0, 35457
8,35456,1,1,0, 35457
13,35454,4,4,1, 35458
9,35457,2,2,1, 35459
26,35457,3,3,1, 35460
24,35459,1,1,0, 35460
17,35459,3,3,1, 35462
1,35461,1,1,0, 35462
8,35461,1,1,0, 35462
13,35459,4,4,1, 35463
26,35462,3,3,1, 35465
24,35464,1,1,0, 35465
18,35463,4,4,1, 35467
17,35464,3,3,1, 35467
25,35465,2,2,1, 35467
1,35466,1,1,1, 35467
8,35466,1,1,0, 35467
13,35464,4,4,1, 35468
15,35466,2,2,1, 35468
6,35465,2,4,1, 35469
9,35467,2,2,1, 35469
3,35467,3,3,1, 35470
26,35467,3,3,1, 35470
24,35469,1,1,0, 35470
16,35469,2,2,1, 35471
14,35469,3,3,1, 35472
1,35471,1,1,0, 35472
8,35471,1,1,0, 35472
13,35469,4,4,1, 35473
9,35472,2,2,1, 35474
24,35474,1,1,1, 35475
24,35479,1,1,0, 35480
24,35484,1,1,0, 35485
24,35489,1,1,1, 35490
24,35494,1,1,1, 35495
24,35499,1,1,1, 35500
24,35504,1,1,1, 35505
30,35503,3,3,1, 35506
24,35509,1,1,1, 35510
29,35508,4,4,1, 35512
31,35511,2,2,1, 35513
24,35514,1,1,1, 35515
30,35513,3,3,1, 35516
24,35519,1,1,1, 35520
30,35518,3,3,1, 35521
31,35521,2,2,1, 35523
24,35524,1,1,1, 35525
31,35526,2,2,1, 35528
24,35529,1,1,0, 35530
24,35534,1,1,1, 35535
31,35536,2,2,1, 35538
24,35539,1,1,1, 35540
31,35541,2,2,1, 35543
24,35544,1,1,1, 35545
24,35549,1,1,0, 35550
24,35554,1,1,0, 35555
31,35556,2,2,1, 35558
1,35576,1,1,0, 35577
1,35581,1,1,1, 35582
8,35581,1,1,1, 35582
1,35586,1,1,1, 35587
8,35586,1,1,0, 35587
1,35591,1,1,1, 35592
8,35591,1,1,1, 35592
25,35595,2,2,1, 35597
1,35596,1,1,1, 35597
8,35596,1,1,1, 35597
1,35601,1,1,1, 35602
8,35601,1,1,0, 35602
2,35603,2,2,1, 35605
25,35605,2,2,1, 35607
1,35606,1,1,0, 35607
8,35606,1,1,1, 35607
14,35609,3,3,1, 35612
1,35611,1,1,1, 35612
8,35611,1,1,0, 35612
15,35611,2,2,1, 35613
2,35613,2,2,1, 35615
14,35614,3,3,1, 35617
25,35615,2,2,1, 35617
1,35616,1,1,0, 35617
8,35616,1,1,1, 35617
14,35619,3,3,1, 35622
25,35620,2,2,1, 35622
1,35621,1,1,0, 35622
8,35621,1,1,1, 35622
15,35621,2,2,1, 35623
26,35622,3,3,1, 35625
18,35623,4,4,1, 35627
14,35624,3,3,1, 35627
25,35625,2,2,1, 35627
1,35626,1,1,1, 35627
8,35626,1,1,0, 35627
26,35627,3,3,1, 35630
2,35628,2,2,1, 35630
14,35629,3,3,1, 35632
1,35631,1,1,0, 35632
8,35631,1,1,1, 35632
2,35633,2,2,1, 35635
1,35636,1,1,0, 35637
8,35636,1,1,0, 35637
15,35636,2,2,1, 35638
26,35637,3,3,1, 35640
14,35639,3,3,1, 35642
8,35641,1,1,1, 35642
8,35646,1,1,1, 35647
8,35651,1,1,1, 35652
14,35654,3,3,1, 35657
8,35656,1,1,0, 35657
8,35661,1,1,1, 35662
15,35661,2,2,1, 35663
24,35664,1,1,0, 35665
8,35666,1,1,0, 35667
15,35666,2,2,1, 35668
24,35669,1,1,0, 35670
24,35674,1,1,0, 35675
24,35679,1,1,1, 35680
24,35684,1,1,1, 35685
24,35689,1,1,0, 35690
24,35694,1,1,1, 35695
24,35699,1,1,1, 35700
24,35704,1,1,0, 35705
24,35709,1,1,1, 35710
24,35714,1,1,1, 35715
24,35719,1,1,0, 35720
24,35724,1,1,1, 35725
24,35729,1,1,0, 35730
24,35734,1,1,1, 35735
24,35739,1,1,1, 35740
24,35744,1,1,1, 35745
1,35746,1,1,0, 35747
24,35749,1,1,1, 35750
25,35750,2,2,1, 35752
1,35751,1,1,0, 35752
24,35754,1,1,0, 35755
25,35755,2,2,1, 35757
1,35756,1,1,1, 35757
24,35759,1,1,0, 35760
1,35761,1,1,0, 35762
24,35764,1,1,0, 35765
1,35766,1,1,0, 35767
24,35769,1,1,1, 35770
25,35770,2,2,1, 35772
1,35771,1,1,1, 35772
31,35771,2,2,1, 35773
24,35774,1,1,1, 35775
23,35773,3,3,1, 35776
16,35774,2,2,1, 35776
1,35776,1,1,0, 35777
8,35776,1,1,0, 35777
2,35778,2,2,1, 35780
24,35779,1,1,0, 35780
23,35778,3,3,1, 35781
1,35781,1,1,1, 35782
8,35781,1,1,1, 35782
2,35783,2,2,1, 35785
24,35784,1,1,0, 35785
23,35783,3,3,1, 35786
1,35786,1,1,0, 35787
8,35786,1,1,1, 35787
2,35788,2,2,1, 35790
24,35789,1,1,0, 35790
23,35788,3,3,1, 35791
16,35789,2,2,1, 35791
25,35790,2,2,1, 35792
1,35791,1,1,1, 35792
8,35791,1,1,1, 35792
15,35791,2,2,1, 35793
31,35791,2,2,1, 35793
24,35794,1,1,1, 35795
23,35793,3,3,1, 35796
1,35796,1,1,0, 35797
8,35796,1,1,0, 35797
24,35799,1,1,0, 35800
23,35798,3,3,1, 35801
1,35801,1,1,1, 35802
8,35801,1,1,1, 35802
15,35801,2,2,1, 35803
24,35804,1,1,0, 35805
1,35806,1,1,0, 35807
8,35806,1,1,0, 35807
22,35806,4,4,1, 35810
24,35809,1,1,0, 35810
1,35811,1,1,0, 35812
8,35811,1,1,1, 35812
31,35811,2,2,1, 35813
24,35814,1,1,1, 35815
1,35816,1,1,0, 35817
8,35816,1,1,0, 35817
15,35816,2,2,1, 35818
9,35817,2,2,1, 35819
24,35819,1,1,1, 35820
25,35820,2,2,1, 35822
1,35821,1,1,0, 35822
8,35821,1,1,0, 35822
2,35823,2,2,1, 35825
24,35824,1,1,0, 35825
30,35823,3,3,1, 35826
29,35823,4,4,1, 35827
25,35825,2,2,1, 35827
1,35826,1,1,0, 35827
8,35826,1,1,0, 35827
31,35826,2,2,1, 35828
9,35827,2,2,1, 35829
24,35829,1,1,0, 35830
30,35828,3,3,1, 35831
8,35831,1,1,0, 35832
15,35831,2,2,1, 35833
31,35831,2,2,1, 35833
24,35834,1,1,0, 35835
30,35833,3,3,1, 35836
25,35935,2,2,1, 35937
1,35936,1,1,0, 35937
24,35939,1,1,1, 35940
17,35939,3,3,1, 35942
25,35940,2,2,1, 35942
1,35941,1,1,1, 35942
8,35941,1,1,1, 35942
24,35944,1,1,1, 35945
16,35944,2,2,1, 35946
17,35944,3,3,1, 35947
1,35946,1,1,1, 35947
8,35946,1,1,1, 35947
24,35949,1,1,0, 35950
25,35950,2,2,1, 35952
1,35951,1,1,0, 35952
8,35951,1,1,1, 35952
24,35954,1,1,1, 35955
16,35954,2,2,1, 35956
1,35956,1,1,0, 35957
8,35956,1,1,1, 35957
2,35958,2,2,1, 35960
24,35959,1,1,1, 35960
16,35959,2,2,1, 35961
1,35961,1,1,0, 35962
8,35961,1,1,1, 35962
24,35964,1,1,1, 35965
1,35966,1,1,0, 35967
8,35966,1,1,1, 35967
2,35968,2,2,1, 35970
24,35969,1,1,0, 35970
16,35969,2,2,1, 35971
1,35971,1,1,0, 35972
8,35971,1,1,0, 35972
11,35969,4,4,1, 35973
3,35972,3,3,1, 35975
26,35972,3,3,1, 35975
24,35974,1,1,0, 35975
19,35971,5,5,1, 35976
16,35974,2,2,1, 35976
25,35975,2,2,1, 35977
1,35976,1,1,1, 35977
8,35976,1,1,0, 35977
26,35977,3,3,1, 35980
24,35979,1,1,0, 35980
16,35979,2,2,1, 35981
8,35981,1,1,1, 35982
24,35984,1,1,0, 35985
16,35984,2,2,1, 35986
8,35986,1,1,1, 35987
24,35989,1,1,0, 35990
16,35989,2,2,1, 35991
8,35991,1,1,1, 35992
24,35994,1,1,0, 35995
16,35994,2,2,1, 35996
8,35996,1,1,0, 35997
31,35996,2,2,1, 35998
22,35996,4,4,1, 36000
24,35999,1,1,0, 36000
23,35998,3,3,1, 36001
16,35999,2,2,1, 36001
31,36001,2,2,1, 36003
24,36004,1,1,0, 36005
24,36009,1,1,0, 36010
31,36011,2,2,1, 36013
24,36014,1,1,1, 36015
24,36019,1,1,1, 36020
24,36024,1,1,0, 36025
31,36026,2,2,1, 36028
24,36029,1,1,1, 36030
24,36034,1,1,1, 36035
24,36039,1,1,1, 36040
31,36041,2,2,1, 36043
24,36044,1,1,1, 36045
24,36049,1,1,0, 36050
30,36048,3,3,1, 36051
29,36048,4,4,1, 36052
24,36054,1,1,0, 36055
30,36053,3,3,1, 36056
31,36056,2,2,1, 36058
24,36059,1,1,1, 36060
30,36058,3,3,1, 36061
17,36079,3,3,1, 36082
25,36080,2,2,1, 36082
1,36081,1,1,1, 36082
9,36082,2,2,1, 36084
17,36084,3,3,1, 36087
1,36086,1,1,1, 36087
9,36087,2,2,1, 36089
1,36091,1,1,0, 36092
17,36094,3,3,1, 36097
1,36096,1,1,0, 36097
17,36099,3,3,1, 36102
1,36101,1,1,1, 36102
25,36105,2,2,1, 36107
1,36106,1,1,0, 36107
8,36106,1,1,1, 36107
9,36107,2,2,1, 36109
25,36110,2,2,1, 36112
1,36111,1,1,0, 36112
8,36111,1,1,1, 36112
9,36112,2,2,1, 36114
2,36113,2,2,1, 36115
17,36114,3,3,1, 36117
1,36116,1,1,1, 36117
8,36116,1,1,0, 36117
1,36121,1,1,0, 36122
8,36121,1,1,0, 36122
2,36123,2,2,1, 36125
8,36126,1,1,1, 36127
8,36131,1,1,0, 36132
8,36136,1,1,0, 36137
8,36141,1,1,1, 36142
8,36146,1,1,1, 36147
8,36151,1,1,1, 36152
16,36154,2,2,1, 36156
8,36156,1,1,0, 36157
16,36159,2,2,1, 36161
8,36161,1,1,1, 36162
8,36166,1,1,0, 36167
24,36169,1,1,1, 36170
8,36171,1,1,0, 36172
24,36174,1,1,0, 36175
16,36174,2,2,1, 36176
8,36176,1,1,0, 36177
15,36176,2,2,1, 36178
24,36179,1,1,0, 36180
8,36181,1,1,0, 36182
24,36184,1,1,1, 36185
16,36184,2,2,1, 36186
8,36186,1,1,0, 36187
24,36189,1,1,0, 36190
8,36191,1,1,0, 36192
24,36194,1,1,1, 36195
16,36194,2,2,1, 36196
8,36196,1,1,1, 36197
15,36196,2,2,1, 36198
24,36199,1,1,1, 36200
16,36199,2,2,1, 36201
14,36199,3,3,1, 36202
8,36201,1,1,1, 36202
15,36201,2,2,1, 36203
31,36201,2,2,1, 36203
24,36204,1,1,0, 36205
16,36204,2,2,1, 36206
24,36209,1,1,1, 36210
24,36214,1,1,0, 36215
24,36219,1,1,1, 36220
24,36224,1,1,0, 36225
31,36226,2,2,1, 36228
24,36229,1,1,0, 36230
24,36234,1,1,1, 36235
25,36235,2,2,1, 36237
1,36236,1,1,1, 36237
31,36236,2,2,1, 36238
24,36239,1,1,0, 36240
1,36241,1,1,1, 36242
9,36242,2,2,1, 36244
24,36244,1,1,0, 36245
1,36246,1,1,1, 36247
9,36247,2,2,1, 36249
24,36249,1,1,1, 36250
1,36251,1,1,0, 36252
9,36252,2,2,1, 36254
24,36254,1,1,0, 36255
29,36253,4,4,1, 36257
1,36256,1,1,1, 36257
9,36257,2,2,1, 36259
24,36259,1,1,0, 36260
29,36258,4,4,1, 36262
1,36261,1,1,1, 36262
31,36261,2,2,1, 36263
24,36264,1,1,1, 36265
29,36263,4,4,1, 36267
1,36266,1,1,0, 36267
31,36266,2,2,1, 36268
2,36268,2,2,1, 36270
24,36269,1,1,1, 36270
30,36268,3,3,1, 36271
1,36271,1,1,0, 36272
9,36272,2,2,1, 36274
24,36274,1,1,1, 36275
29,36273,4,4,1, 36277
1,36276,1,1,0, 36277
9,36277,2,2,1, 36279
3,36277,3,3,1, 36280
2,36278,2,2,1, 36280
1,36281,1,1,0, 36282
3,36282,3,3,1, 36285
1,36286,1,1,1, 36287
9,36287,2,2,1, 36289
8,36306,1,1,0, 36307
8,36311,1,1,1, 36312
8,36316,1,1,1, 36317
8,36321,1,1,0, 36322
8,36326,1,1,1, 36327
8,36331,1,1,0, 36332
8,36336,1,1,1, 36337
8,36341,1,1,1, 36342
8,36346,1,1,0, 36347
8,36351,1,1,1, 36352
8,36356,1,1,0, 36357
8,36361,1,1,1, 36362
16,36364,2,2,1, 36366
8,36366,1,1,0, 36367
16,36369,2,2,1, 36371
8,36371,1,1,1, 36372
16,36374,2,2,1, 36376
8,36376,1,1,1, 36377
15,36376,2,2,1, 36378
24,36379,1,1,0, 36380
16,36379,2,2,1, 36381
8,36381,1,1,1, 36382
24,36384,1,1,0, 36385
16,36384,2,2,1, 36386
8,36386,1,1,1, 36387
15,36386,2,2,1, 36388
24,36389,1,1,1, 36390
8,36391,1,1,1, 36392
15,36391,2,2,1, 36393
24,36394,1,1,0, 36395
16,36394,2,2,1, 36396
1,36396,1,1,0, 36397
8,36396,1,1,0, 36397
24,36399,1,1,0, 36400
23,36398,3,3,1, 36401
16,36399,2,2,1, 36401
25,36400,2,2,1, 36402
1,36401,1,1,1, 36402
8,36401,1,1,0, 36402
9,36402,2,2,1, 36404
24,36404,1,1,1, 36405
23,36403,3,3,1, 36406
25,36405,2,2,1, 36407
1,36406,1,1,0, 36407
9,36407,2,2,1, 36409
24,36409,1,1,1, 36410
17,36409,3,3,1, 36412
1,36411,1,1,0, 36412
9,36412,2,2,1, 36414
24,36414,1,1,0, 36415
17,36414,3,3,1, 36417
25,36415,2,2,1, 36417
1,36416,1,1,0, 36417
24,36419,1,1,0, 36420
25,36420,2,2,1, 36422
1,36421,1,1,1, 36422
9,36422,2,2,1, 36424
24,36424,1,1,1, 36425
25,36425,2,2,1, 36427
1,36426,1,1,0, 36427
24,36429,1,1,1, 36430
25,36430,2,2,1, 36432
1,36431,1,1,0, 36432
24,36434,1,1,0, 36435
17,36434,3,3,1, 36437
1,36436,1,1,0, 36437
24,36439,1,1,0, 36440
1,36441,1,1,0, 36442
31,36441,2,2,1, 36443
24,36444,1,1,1, 36445
1,36446,1,1,1, 36447
24,36449,1,1,0, 36450
25,36450,2,2,1, 36452
24,36454,1,1,0, 36455
31,36456,2,2,1, 36458
24,36459,1,1,0, 36460
31,36461,2,2,1, 36463
24,36464,1,1,1, 36465
24,36469,1,1,0, 36470
30,36468,3,3,1, 36471
24,36474,1,1,1, 36475
30,36473,3,3,1, 36476
29,36473,4,4,1, 36477
31,36476,2,2,1, 36478
24,36479,1,1,1, 36480
30,36478,3,3,1, 36481
24,36484,1,1,0, 36485
31,36486,2,2,1, 36488
24,36489,1,1,0, 36490
24,36494,1,1,0, 36495
30,36493,3,3,1, 36496
8,36511,1,1,1, 36512
8,36516,1,1,0, 36517
8,36521,1,1,1, 36522
8,36526,1,1,0, 36527
8,36531,1,1,1, 36532
8,36536,1,1,0, 36537
8,36541,1,1,1, 36542
8,36546,1,1,1, 36547
8,36551,1,1,0, 36552
17,36554,3,3,1, 36557
25,36555,2,2,1, 36557
1,36556,1,1,1, 36557
8,36556,1,1,0, 36557
15,36556,2,2,1, 36558
9,36557,2,2,1, 36559
17,36559,3,3,1, 36562
25,36560,2,2,1, 36562
1,36561,1,1,1, 36562
8,36561,1,1,1, 36562
25,36565,2,2,1, 36567
1,36566,1,1,0, 36567
8,36566,1,1,1, 36567
15,36566,2,2,1, 36568
17,36569,3,3,1, 36572
25,36570,2,2,1, 36572
1,36571,1,1,1, 36572
8,36571,1,1,0, 36572
25,36575,2,2,1, 36577
1,36576,1,1,0, 36577
8,36576,1,1,1, 36577
6,36575,2,4,1, 36579
9,36577,2,2,1, 36579
17,36579,3,3,1, 36582
25,36580,2,2,1, 36582
1,36581,1,1,0, 36582
8,36581,1,1,1, 36582
13,36579,4,4,1, 36583
15,36581,2,2,1, 36583
6,36580,2,4,1, 36584
14,36584,3,3,1, 36587
1,36586,1,1,0, 36587
8,36586,1,1,0, 36587
9,36587,2,2,1, 36589
14,36589,3,3,1, 36592
1,36591,1,1,0, 36592
8,36591,1,1,1, 36592
13,36589,4,4,1, 36593
15,36591,2,2,1, 36593
6,36590,2,4,1, 36594
16,36594,2,2,1, 36596
25,36595,2,2,1, 36597
1,36596,1,1,1, 36597
8,36596,1,1,1, 36597
16,36599,2,2,1, 36601
25,36600,2,2,1, 36602
24,36604,1,1,1, 36605
24,36609,1,1,0, 36610
24,36614,1,1,0, 36615
24,36619,1,1,0, 36620
24,36624,1,1,0, 36625
24,36629,1,1,0, 36630
24,36634,1,1,1, 36635
24,36639,1,1,1, 36640
24,36644,1,1,0, 36645
24,36649,1,1,0, 36650
24,36654,1,1,1, 36655
24,36659,1,1,0, 36660
24,36664,1,1,1, 36665
24,36669,1,1,1, 36670
31,36671,2,2,1, 36673
24,36674,1,1,0, 36675
24,36679,1,1,1, 36680
24,36684,1,1,1, 36685
31,36686,2,2,1, 36688
24,36689,1,1,0, 36690
24,36694,1,1,1, 36695
24,36699,1,1,0, 36700
24,36704,1,1,0, 36705
25,36705,2,2,1, 36707
1,36706,1,1,1, 36707
8,36706,1,1,0, 36707
24,36709,1,1,1, 36710
25,36710,2,2,1, 36712
1,36711,1,1,1, 36712
8,36711,1,1,0, 36712
24,36714,1,1,0, 36715
25,36715,2,2,1, 36717
1,36716,1,1,1, 36717
8,36716,1,1,1, 36717
31,36716,2,2,1, 36718
24,36719,1,1,1, 36720
25,36720,2,2,1, 36722
1,36721,1,1,1, 36722
8,36721,1,1,1, 36722
31,36721,2,2,1, 36723
24,36724,1,1,1, 36725
1,36726,1,1,1, 36727
8,36726,1,1,1, 36727
31,36726,2,2,1, 36728
24,36729,1,1,1, 36730
1,36731,1,1,0, 36732
8,36731,1,1,0, 36732
24,36734,1,1,1, 36735
1,36736,1,1,0, 36737
8,36736,1,1,1, 36737
15,36736,2,2,1, 36738
24,36739,1,1,0, 36740
30,36738,3,3,1, 36741
29,36738,4,4,1, 36742
1,36741,1,1,0, 36742
8,36741,1,1,1, 36742
15,36741,2,2,1, 36743
24,36744,1,1,0, 36745
30,36743,3,3,1, 36746
1,36746,1,1,1, 36747
8,36746,1,1,1, 36747
13,36744,4,4,1, 36748
15,36746,2,2,1, 36748
31,36746,2,2,1, 36748
24,36749,1,1,1, 36750
29,36748,4,4,1, 36752
1,36751,1,1,1, 36752
8,36751,1,1,0, 36752
15,36751,2,2,1, 36753
14,36754,3,3,1, 36757
1,36756,1,1,0, 36757
8,36756,1,1,0, 36757
13,36754,4,4,1, 36758
15,36756,2,2,1, 36758
1,36761,1,1,1, 36762
8,36761,1,1,1, 36762
13,36759,4,4,1, 36763
14,36764,3,3,1, 36767
1,36766,1,1,0, 36767
8,36766,1,1,1, 36767
15,36766,2,2,1, 36768
9,36767,2,2,1, 36769
2,36768,2,2,1, 36770
17,36769,3,3,1, 36772
1,36771,1,1,1, 36772
8,36771,1,1,1, 36772
13,36769,4,4,1, 36773
6,36770,2,4,1, 36774
2,36773,2,2,1, 36775
17,36774,3,3,1, 36777
1,36776,1,1,1, 36777
9,36777,2,2,1, 36779
17,36779,3,3,1, 36782
1,36781,1,1,1, 36782
9,36782,2,2,1, 36784
24,36864,1,1,1, 36865
24,36869,1,1,1, 36870
24,36874,1,1,0, 36875
24,36879,1,1,1, 36880
8,36881,1,1,1, 36882
24,36884,1,1,1, 36885
1,36886,1,1,1, 36887
8,36886,1,1,0, 36887
24,36889,1,1,1, 36890
17,36889,3,3,1, 36892
25,36890,2,2,1, 36892
1,36891,1,1,1, 36892
8,36891,1,1,0, 36892
9,36892,2,2,1, 36894
24,36894,1,1,0, 36895
17,36894,3,3,1, 36897
25,36895,2,2,1, 36897
1,36896,1,1,0, 36897
8,36896,1,1,0, 36897
9,36897,2,2,1, 36899
24,36899,1,1,0, 36900
1,36901,1,1,0, 36902
8,36901,1,1,0, 36902
31,36901,2,2,1, 36903
24,36904,1,1,1, 36905
17,36904,3,3,1, 36907
1,36906,1,1,0, 36907
8,36906,1,1,1, 36907
31,36906,2,2,1, 36908
9,36907,2,2,1, 36909
24,36909,1,1,1, 36910
25,36910,2,2,1, 36912
1,36911,1,1,1, 36912
8,36911,1,1,1, 36912
31,36911,2,2,1, 36913
9,36912,2,2,1, 36914
24,36914,1,1,0, 36915
17,36914,3,3,1, 36917
25,36915,2,2,1, 36917
1,36916,1,1,1, 36917
8,36916,1,1,0, 36917
9,36917,2,2,1, 36919
24,36919,1,1,1, 36920
8,36921,1,1,1, 36922
24,36924,1,1,0, 36925
8,36926,1,1,0, 36927
15,36926,2,2,1, 36928
31,36926,2,2,1, 36928
24,36929,1,1,0, 36930
8,36931,1,1,0, 36932
31,36931,2,2,1, 36933
24,36934,1,1,0, 36935
8,36936,1,1,0, 36937
24,36939,1,1,1, 36940
29,36938,4,4,1, 36942
8,36941,1,1,1, 36942
15,36941,2,2,1, 36943
24,36944,1,1,1, 36945
30,36943,3,3,1, 36946
8,36946,1,1,0, 36947
31,36946,2,2,1, 36948
24,36949,1,1,1, 36950
14,36949,3,3,1, 36952
8,36951,1,1,0, 36952
13,36949,4,4,1, 36953
24,36954,1,1,0, 36955
14,36954,3,3,1, 36957
8,36956,1,1,1, 36957
13,36954,4,4,1, 36958
15,36956,2,2,1, 36958
31,36956,2,2,1, 36958
6,36955,2,4,1, 36959
24,36959,1,1,0, 36960
30,36958,3,3,1, 36961
8,36961,1,1,0, 36962
13,36959,4,4,1, 36963
31,36961,2,2,1, 36963
24,36964,1,1,1, 36965
8,36966,1,1,1, 36967
31,36966,2,2,1, 36968
6,36965,2,4,1, 36969
8,36971,1,1,0, 36972
13,36969,4,4,1, 36973
1,37021,1,1,1, 37022
1,37026,1,1,1, 37027
9,37027,2,2,1, 37029
1,37031,1,1,1, 37032
1,37036,1,1,0, 37037
9,37037,2,2,1, 37039
25,37040,2,2,1, 37042
1,37041,1,1,1, 37042
17,37044,3,3,1, 37047
25,37045,2,2,1, 37047
1,37046,1,1,1, 37047
25,37050,2,2,1, 37052
1,37051,1,1,1, 37052
17,37054,3,3,1, 37057
25,37055,2,2,1, 37057
1,37056,1,1,1, 37057
17,37059,3,3,1, 37062
25,37060,2,2,1, 37062
1,37061,1,1,1, 37062
17,37064,3,3,1, 37067
1,37066,1,1,1, 37067
17,37069,3,3,1, 37072
25,37070,2,2,1, 37072
1,37071,1,1,0, 37072
9,37072,2,2,1, 37074
8,37076,1,1,1, 37077
24,37079,1,1,0, 37080
8,37081,1,1,0, 37082
24,37084,1,1,0, 37085
8,37086,1,1,1, 37087
24,37089,1,1,0, 37090
16,37089,2,2,1, 37091
8,37091,1,1,0, 37092
24,37094,1,1,0, 37095
8,37096,1,1,1, 37097
15,37096,2,2,1, 37098
24,37099,1,1,0, 37100
23,37098,3,3,1, 37101
30,37098,3,3,1, 37101
16,37099,2,2,1, 37101
8,37101,1,1,0, 37102
15,37101,2,2,1, 37103
24,37104,1,1,1, 37105
16,37104,2,2,1, 37106
8,37106,1,1,1, 37107
15,37106,2,2,1, 37108
24,37109,1,1,0, 37110
23,37108,3,3,1, 37111
30,37108,3,3,1, 37111
8,37111,1,1,1, 37112
15,37111,2,2,1, 37113
24,37114,1,1,1, 37115
16,37114,2,2,1, 37116
14,37114,3,3,1, 37117
8,37116,1,1,0, 37117
13,37114,4,4,1, 37118
15,37116,2,2,1, 37118
31,37116,2,2,1, 37118
24,37119,1,1,0, 37120
31,37121,2,2,1, 37123
24,37124,1,1,1, 37125
30,37123,3,3,1, 37126
29,37123,4,4,1, 37127
24,37129,1,1,0, 37130
24,37134,1,1,0, 37135
30,37133,3,3,1, 37136
29,37133,4,4,1, 37137
24,37139,1,1,0, 37140
24,37144,1,1,1, 37145
24,37149,1,1,0, 37150
24,37154,1,1,0, 37155
31,37156,2,2,1, 37158
24,37159,1,1,1, 37160
24,37164,1,1,0, 37165
31,37166,2,2,1, 37168
24,37169,1,1,1, 37170
24,37174,1,1,1, 37175
31,37176,2,2,1, 37178
1,37181,1,1,1, 37182
25,37185,2,2,1, 37187
1,37186,1,1,0, 37187
25,37190,2,2,1, 37192
1,37191,1,1,0, 37192
25,37195,2,2,1, 37197
1,37196,1,1,0, 37197
1,37201,1,1,0, 37202
1,37206,1,1,1, 37207
25,37210,2,2,1, 37212
1,37211,1,1,1, 37212
25,37215,2,2,1, 37217
1,37216,1,1,0, 37217
1,37221,1,1,0, 37222
25,37225,2,2,1, 37227
1,37226,1,1,0, 37227
8,37226,1,1,0, 37227
1,37231,1,1,0, 37232
8,37231,1,1,0, 37232
25,37235,2,2,1, 37237
1,37236,1,1,1, 37237
8,37236,1,1,0, 37237
25,37240,2,2,1, 37242
1,37241,1,1,0, 37242
8,37241,1,1,0, 37242
16,37244,2,2,1, 37246
17,37244,3,3,1, 37247
1,37246,1,1,0, 37247
8,37246,1,1,1, 37247
9,37247,2,2,1, 37249
16,37249,2,2,1, 37251
1,37251,1,1,0, 37252
8,37251,1,1,0, 37252
17,37254,3,3,1, 37257
1,37256,1,1,1, 37257
8,37256,1,1,1, 37257
9,37257,2,2,1, 37259
16,37259,2,2,1, 37261
17,37259,3,3,1, 37262
8,37261,1,1,1, 37262
16,37264,2,2,1, 37266
8,37266,1,1,1, 37267
15,37266,2,2,1, 37268
8,37271,1,1,1, 37272
15,37271,2,2,1, 37273
8,37276,1,1,1, 37277
15,37276,2,2,1, 37278
16,37279,2,2,1, 37281
14,37279,3,3,1, 37282
8,37281,1,1,1, 37282
15,37281,2,2,1, 37283
24,37284,1,1,0, 37285
16,37284,2,2,1, 37286
14,37284,3,3,1, 37287
8,37286,1,1,0, 37287
15,37286,2,2,1, 37288
24,37289,1,1,0, 37290
24,37294,1,1,0, 37295
24,37299,1,1,1, 37300
24,37304,1,1,1, 37305
24,37309,1,1,1, 37310
24,37314,1,1,1, 37315
24,37319,1,1,0, 37320
24,37324,1,1,1, 37325
24,37329,1,1,0, 37330
24,37334,1,1,0, 37335
24,37339,1,1,0, 37340
24,37344,1,1,0, 37345
24,37349,1,1,1, 37350
24,37354,1,1,0, 37355
24,37359,1,1,0, 37360
24,37364,1,1,0, 37365
1,37366,1,1,0, 37367
9,37367,2,2,1, 37369
24,37369,1,1,0, 37370
1,37371,1,1,1, 37372
31,37371,2,2,1, 37373
24,37374,1,1,0, 37375
25,37375,2,2,1, 37377
1,37376,1,1,0, 37377
31,37376,2,2,1, 37378
9,37377,2,2,1, 37379
24,37379,1,1,1, 37380
1,37381,1,1,0, 37382
9,37382,2,2,1, 37384
24,37384,1,1,0, 37385
25,37385,2,2,1, 37387
1,37386,1,1,1, 37387
31,37386,2,2,1, 37388
9,37387,2,2,1, 37389
24,37389,1,1,1, 37390
25,37390,2,2,1, 37392
1,37391,1,1,1, 37392
24,37394,1,1,0, 37395
1,37396,1,1,1, 37397
8,37396,1,1,0, 37397
24,37399,1,1,0, 37400
25,37400,2,2,1, 37402
1,37401,1,1,0, 37402
8,37401,1,1,1, 37402
9,37402,2,2,1, 37404
24,37404,1,1,0, 37405
25,37405,2,2,1, 37407
1,37406,1,1,1, 37407
8,37406,1,1,0, 37407
31,37406,2,2,1, 37408
24,37409,1,1,1, 37410
25,37410,2,2,1, 37412
1,37411,1,1,1, 37412
8,37411,1,1,1, 37412
24,37414,1,1,1, 37415
25,37415,2,2,1, 37417
1,37416,1,1,0, 37417
8,37416,1,1,0, 37417
31,37416,2,2,1, 37418
24,37419,1,1,1, 37420
25,37420,2,2,1, 37422
8,37421,1,1,0, 37422
31,37421,2,2,1, 37423
24,37424,1,1,0, 37425
8,37426,1,1,1, 37427
31,37426,2,2,1, 37428
24,37429,1,1,0, 37430
8,37431,1,1,0, 37432
31,37431,2,2,1, 37433
24,37434,1,1,1, 37435
8,37436,1,1,1, 37437
24,37439,1,1,1, 37440
8,37441,1,1,0, 37442
31,37441,2,2,1, 37443
24,37444,1,1,1, 37445
30,37443,3,3,1, 37446
8,37446,1,1,1, 37447
15,37446,2,2,1, 37448
8,37451,1,1,1, 37452
15,37451,2,2,1, 37453
8,37456,1,1,0, 37457
15,37456,2,2,1, 37458
8,37461,1,1,1, 37462
15,37461,2,2,1, 37463
8,37466,1,1,1, 37467
15,37466,2,2,1, 37468
8,37471,1,1,0, 37472
8,37476,1,1,0, 37477
15,37476,2,2,1, 37478
8,37481,1,1,0, 37482
16,37484,2,2,1, 37486
8,37486,1,1,0, 37487
15,37486,2,2,1, 37488
6,37485,2,4,1, 37489
16,37489,2,2,1, 37491
14,37489,3,3,1, 37492
8,37491,1,1,1, 37492
15,37491,2,2,1, 37493
8,37496,1,1,0, 37497
15,37496,2,2,1, 37498
1,37526,1,1,0, 37527
25,37530,2,2,1, 37532
1,37531,1,1,1, 37532
1,37536,1,1,0, 37537
1,37541,1,1,0, 37542
9,37542,2,2,1, 37544
25,37545,2,2,1, 37547
1,37546,1,1,0, 37547
17,37549,3,3,1, 37552
25,37550,2,2,1, 37552
1,37551,1,1,0, 37552
9,37552,2,2,1, 37554
24,37554,1,1,1, 37555
25,37555,2,2,1, 37557
1,37556,1,1,0, 37557
9,37557,2,2,1, 37559
24,37559,1,1,1, 37560
17,37559,3,3,1, 37562
1,37561,1,1,1, 37562
24,37564,1,1,0, 37565
17,37564,3,3,1, 37567
25,37565,2,2,1, 37567
1,37566,1,1,0, 37567
9,37567,2,2,1, 37569
24,37569,1,1,1, 37570
17,37569,3,3,1, 37572
1,37571,1,1,0, 37572
24,37574,1,1,1, 37575
1,37576,1,1,1, 37577
24,37579,1,1,1, 37580
17,37579,3,3,1, 37582
24,37584,1,1,0, 37585
24,37589,1,1,0, 37590
24,37594,1,1,0, 37595
24,37599,1,1,0, 37600
31,37601,2,2,1, 37603
24,37604,1,1,1, 37605
8,37606,1,1,1, 37607
31,37606,2,2,1, 37608
24,37609,1,1,0, 37610
8,37611,1,1,1, 37612
24,37614,1,1,0, 37615
8,37616,1,1,1, 37617
31,37616,2,2,1, 37618
24,37619,1,1,0, 37620
8,37621,1,1,1, 37622
31,37621,2,2,1, 37623
24,37624,1,1,0, 37625
8,37626,1,1,1, 37627
24,37629,1,1,0, 37630
8,37631,1,1,0, 37632
24,37634,1,1,1, 37635
8,37636,1,1,0, 37637
31,37636,2,2,1, 37638
24,37639,1,1,1, 37640
8,37641,1,1,0, 37642
24,37644,1,1,0, 37645
14,37644,3,3,1, 37647
8,37646,1,1,1, 37647
15,37646,2,2,1, 37648
6,37645,2,4,1, 37649
24,37649,1,1,0, 37650
14,37649,3,3,1, 37652
8,37651,1,1,0, 37652
15,37651,2,2,1, 37653
31,37651,2,2,1, 37653
6,37650,2,4,1, 37654
24,37654,1,1,0, 37655
30,37653,3,3,1, 37656
8,37656,1,1,0, 37657
13,37654,4,4,1, 37658
15,37656,2,2,1, 37658
24,37659,1,1,1, 37660
30,37658,3,3,1, 37661
14,37659,3,3,1, 37662
8,37661,1,1,1, 37662
13,37659,4,4,1, 37663
6,37660,2,4,1, 37664
24,37664,1,1,1, 37665
30,37663,3,3,1, 37666
8,37666,1,1,0, 37667
15,37666,2,2,1, 37668
31,37666,2,2,1, 37668
24,37669,1,1,0, 37670
8,37671,1,1,1, 37672
13,37669,4,4,1, 37673
24,37674,1,1,1, 37675
30,37673,3,3,1, 37676
1,37686,1,1,0, 37687
1,37691,1,1,0, 37692
25,37695,2,2,1, 37697
1,37696,1,1,1, 37697
1,37701,1,1,1, 37702
1,37706,1,1,1, 37707
1,37711,1,1,1, 37712
25,37715,2,2,1, 37717
1,37716,1,1,0, 37717
25,37720,2,2,1, 37722
1,37721,1,1,1, 37722
1,37726,1,1,1, 37727
1,37731,1,1,0, 37732
1,37736,1,1,0, 37737
1,37741,1,1,1, 37742
25,37745,2,2,1, 37747
1,37746,1,1,1, 37747
17,37749,3,3,1, 37752
25,37750,2,2,1, 37752
1,37751,1,1,1, 37752
1,37756,1,1,0, 37757
9,37757,2,2,1, 37759
17,37759,3,3,1, 37762
1,37761,1,1,1, 37762
18,37763,4,4,1, 37767
17,37764,3,3,1, 37767
1,37766,1,1,0, 37767
9,37767,2,2,1, 37769
17,37769,3,3,1, 37772
25,37770,2,2,1, 37772
1,37771,1,1,1, 37772
2,37773,2,2,1, 37775
25,37775,2,2,1, 37777
8,37781,1,1,0, 37782
24,37784,1,1,1, 37785
23,37783,3,3,1, 37786
16,37784,2,2,1, 37786
8,37786,1,1,1, 37787
24,37789,1,1,1, 37790
23,37788,3,3,1, 37791
16,37789,2,2,1, 37791
8,37791,1,1,0, 37792
24,37794,1,1,1, 37795
23,37793,3,3,1, 37796
16,37794,2,2,1, 37796
8,37796,1,1,1, 37797
24,37799,1,1,1, 37800
23,37798,3,3,1, 37801
8,37801,1,1,0, 37802
15,37801,2,2,1, 37803
24,37804,1,1,1, 37805
8,37806,1,1,1, 37807
24,37809,1,1,1, 37810
8,37811,1,1,0, 37812
15,37811,2,2,1, 37813
24,37814,1,1,0, 37815
14,37814,3,3,1, 37817
8,37816,1,1,0, 37817
24,37819,1,1,1, 37820
8,37821,1,1,1, 37822
24,37824,1,1,0, 37825
14,37824,3,3,1, 37827
8,37826,1,1,1, 37827
24,37829,1,1,1, 37830
8,37831,1,1,0, 37832
15,37831,2,2,1, 37833
24,37834,1,1,1, 37835
8,37836,1,1,1, 37837
24,37839,1,1,1, 37840
8,37841,1,1,0, 37842
15,37841,2,2,1, 37843
24,37844,1,1,1, 37845
24,37849,1,1,0, 37850
24,37854,1,1,1, 37855
24,37859,1,1,0, 37860
24,37864,1,1,1, 37865
24,37869,1,1,1, 37870
24,37874,1,1,1, 37875
24,37879,1,1,0, 37880
1,37881,1,1,1, 37882
24,37884,1,1,0, 37885
1,37886,1,1,0, 37887
31,37886,2,2,1, 37888
24,37889,1,1,0, 37890
1,37891,1,1,1, 37892
31,37891,2,2,1, 37893
24,37894,1,1,1, 37895
1,37896,1,1,0, 37897
31,37896,2,2,1, 37898
24,37899,1,1,0, 37900
1,37901,1,1,0, 37902
24,37904,1,1,0, 37905
30,37903,3,3,1, 37906
25,37905,2,2,1, 37907
1,37906,1,1,1, 37907
24,37909,1,1,1, 37910
30,37908,3,3,1, 37911
1,37911,1,1,1, 37912
31,37911,2,2,1, 37913
24,37914,1,1,1, 37915
29,37913,4,4,1, 37917
1,37916,1,1,0, 37917
31,37916,2,2,1, 37918
24,37919,1,1,1, 37920
1,37921,1,1,1, 37922
24,37924,1,1,0, 37925
1,37926,1,1,0, 37927
24,37929,1,1,1, 37930
29,37928,4,4,1, 37932
25,37930,2,2,1, 37932
1,37931,1,1,1, 37932
24,37934,1,1,0, 37935
30,37933,3,3,1, 37936
18,37933,4,4,1, 37937
1,37936,1,1,1, 37937
26,37937,3,3,1, 37940
2,37938,2,2,1, 37940
1,37941,1,1,0, 37942
9,37942,2,2,1, 37944
26,37942,3,3,1, 37945
2,37943,2,2,1, 37945
18,37943,4,4,1, 37947
25,37945,2,2,1, 37947
1,37946,1,1,0, 37947
26,37947,3,3,1, 37950
16,37949,2,2,1, 37951
18,37948,4,4,1, 37952
1,37951,1,1,0, 37952
8,37951,1,1,1, 37952
3,37952,3,3,1, 37955
16,37954,2,2,1, 37956
8,37956,1,1,0, 37957
8,37961,1,1,0, 37962
16,37964,2,2,1, 37966
8,37966,1,1,0, 37967
8,37971,1,1,0, 37972
16,37974,2,2,1, 37976
8,37976,1,1,1, 37977
16,37979,2,2,1, 37981
8,37981,1,1,1, 37982
16,37984,2,2,1, 37986
8,37986,1,1,1, 37987
8,37991,1,1,0, 37992
16,37994,2,2,1, 37996
8,37996,1,1,1, 37997
8,38001,1,1,0, 38002
16,38004,2,2,1, 38006
8,38006,1,1,0, 38007
16,38009,2,2,1, 38011
8,38011,1,1,0, 38012
8,38016,1,1,0, 38017
8,38021,1,1,0, 38022
16,38024,2,2,1, 38026
8,38026,1,1,1, 38027
15,38026,2,2,1, 38028
23,38028,3,3,1, 38031
24,38039,1,1,0, 38040
24,38044,1,1,0, 38045
24,38049,1,1,1, 38050
24,38054,1,1,1, 38055
17,38054,3,3,1, 38057
25,38055,2,2,1, 38057
1,38056,1,1,1, 38057
9,38057,2,2,1, 38059
24,38059,1,1,0, 38060
1,38061,1,1,1, 38062
9,38062,2,2,1, 38064
24,38064,1,1,1, 38065
17,38064,3,3,1, 38067
1,38066,1,1,1, 38067
24,38069,1,1,1, 38070
25,38070,2,2,1, 38072
1,38071,1,1,0, 38072
31,38071,2,2,1, 38073
24,38074,1,1,0, 38075
1,38076,1,1,1, 38077
31,38076,2,2,1, 38078
24,38079,1,1,0, 38080
1,38081,1,1,1, 38082
9,38082,2,2,1, 38084
24,38084,1,1,1, 38085
17,38084,3,3,1, 38087
1,38086,1,1,0, 38087
9,38087,2,2,1, 38089
24,38089,1,1,0, 38090
17,38089,3,3,1, 38092
1,38091,1,1,1, 38092
9,38092,2,2,1, 38094
2,38093,2,2,1, 38095
24,38094,1,1,0, 38095
30,38093,3,3,1, 38096
1,38096,1,1,1, 38097
31,38096,2,2,1, 38098
9,38097,2,2,1, 38099
26,38097,3,3,1, 38100
2,38098,2,2,1, 38100
24,38099,1,1,1, 38100
30,38098,3,3,1, 38101
31,38101,2,2,1, 38103
24,38104,1,1,0, 38105
24,38109,1,1,1, 38110
24,38114,1,1,1, 38115
30,38113,3,3,1, 38116
24,38119,1,1,1, 38120
30,38118,3,3,1, 38121
31,38121,2,2,1, 38123
24,38124,1,1,0, 38125
30,38123,3,3,1, 38126
8,38136,1,1,0, 38137
8,38141,1,1,1, 38142
8,38146,1,1,1, 38147
8,38151,1,1,0, 38152
8,38156,1,1,0, 38157
16,38159,2,2,1, 38161
8,38161,1,1,1, 38162
16,38164,2,2,1, 38166
8,38166,1,1,1, 38167
8,38171,1,1,1, 38172
16,38174,2,2,1, 38176
8,38176,1,1,0, 38177
16,38179,2,2,1, 38181
8,38181,1,1,1, 38182
8,38186,1,1,1, 38187
8,38191,1,1,1, 38192
16,38194,2,2,1, 38196
8,38196,1,1,1, 38197
8,38201,1,1,0, 38202
22,38201,4,4,1, 38205
16,38204,2,2,1, 38206
1,38206,1,1,1, 38207
8,38206,1,1,0, 38207
16,38209,2,2,1, 38211
25,38210,2,2,1, 38212
1,38211,1,1,1, 38212
8,38211,1,1,0, 38212
23,38213,3,3,1, 38216
25,38215,2,2,1, 38217
1,38216,1,1,0, 38217
8,38216,1,1,1, 38217
16,38219,2,2,1, 38221
1,38221,1,1,0, 38222
8,38221,1,1,0, 38222
23,38223,3,3,1, 38226
1,38226,1,1,1, 38227
8,38226,1,1,0, 38227
15,38226,2,2,1, 38228
24,38229,1,1,0, 38230
1,38231,1,1,1, 38232
24,38234,1,1,0, 38235
25,38235,2,2,1, 38237
1,38236,1,1,0, 38237
24,38239,1,1,0, 38240
1,38241,1,1,1, 38242
9,38242,2,2,1, 38244
24,38244,1,1,1, 38245
17,38244,3,3,1, 38247
1,38246,1,1,0, 38247
9,38247,2,2,1, 38249
24,38249,1,1,1, 38250
25,38250,2,2,1, 38252
1,38251,1,1,0, 38252
2,38253,2,2,1, 38255
24,38254,1,1,0, 38255
18,38253,4,4,1, 38257
1,38256,1,1,0, 38257
26,38257,3,3,1, 38260
2,38258,2,2,1, 38260
24,38259,1,1,0, 38260
18,38258,4,4,1, 38262
17,38259,3,3,1, 38262
25,38260,2,2,1, 38262
24,38264,1,1,0, 38265
24,38269,1,1,0, 38270
24,38274,1,1,0, 38275
24,38279,1,1,0, 38280
24,38284,1,1,0, 38285
24,38289,1,1,0, 38290
24,38294,1,1,1, 38295
24,38299,1,1,0, 38300
24,38304,1,1,1, 38305
24,38309,1,1,1, 38310
24,38314,1,1,0, 38315
24,38319,1,1,0, 38320
24,38324,1,1,1, 38325
24,38329,1,1,1, 38330
24,38334,1,1,1, 38335
31,38336,2,2,1, 38338
24,38339,1,1,1, 38340
8,38341,1,1,0, 38342
24,38344,1,1,1, 38345
8,38346,1,1,1, 38347
31,38346,2,2,1, 38348
24,38349,1,1,1, 38350
8,38351,1,1,1, 38352
31,38351,2,2,1, 38353
24,38354,1,1,0, 38355
8,38356,1,1,1, 38357
31,38356,2,2,1, 38358
24,38359,1,1,1, 38360
8,38361,1,1,0, 38362
31,38361,2,2,1, 38363
24,38364,1,1,1, 38365
1,38366,1,1,0, 38367
8,38366,1,1,0, 38367
15,38366,2,2,1, 38368
31,38366,2,2,1, 38368
24,38369,1,1,1, 38370
25,38370,2,2,1, 38372
1,38371,1,1,1, 38372
8,38371,1,1,1, 38372
15,38371,2,2,1, 38373
31,38371,2,2,1, 38373
24,38374,1,1,0, 38375
16,38374,2,2,1, 38376
1,38376,1,1,0, 38377
8,38376,1,1,0, 38377
15,38376,2,2,1, 38378
24,38379,1,1,1, 38380
25,38380,2,2,1, 38382
1,38381,1,1,0, 38382
8,38381,1,1,0, 38382
24,38384,1,1,1, 38385
14,38384,3,3,1, 38387
25,38385,2,2,1, 38387
1,38386,1,1,0, 38387
8,38386,1,1,1, 38387
15,38386,2,2,1, 38388
31,38386,2,2,1, 38388
24,38389,1,1,1, 38390
30,38388,3,3,1, 38391
29,38388,4,4,1, 38392
25,38390,2,2,1, 38392
1,38391,1,1,1, 38392
8,38391,1,1,0, 38392
24,38394,1,1,0, 38395
14,38394,3,3,1, 38397
1,38396,1,1,1, 38397
8,38396,1,1,1, 38397
26,38397,3,3,1, 38400
2,38398,2,2,1, 38400
24,38399,1,1,0, 38400
14,38399,3,3,1, 38402
25,38400,2,2,1, 38402
1,38401,1,1,0, 38402
8,38401,1,1,0, 38402
15,38401,2,2,1, 38403
26,38402,3,3,1, 38405
14,38404,3,3,1, 38407
1,38406,1,1,0, 38407
8,38406,1,1,1, 38407
2,38408,2,2,1, 38410
16,38409,2,2,1, 38411
1,38411,1,1,0, 38412
8,38411,1,1,1, 38412
15,38411,2,2,1, 38413
26,38412,3,3,1, 38415
2,38413,2,2,1, 38415
18,38413,4,4,1, 38417
1,38416,1,1,1, 38417
2,38418,2,2,1, 38420
24,38504,1,1,1, 38505
24,38509,1,1,0, 38510
24,38514,1,1,1, 38515
24,38519,1,1,1, 38520
25,38520,2,2,1, 38522
1,38521,1,1,0, 38522
8,38521,1,1,1, 38522
24,38524,1,1,0, 38525
1,38526,1,1,1, 38527
8,38526,1,1,0, 38527
9,38527,2,2,1, 38529
24,38529,1,1,0, 38530
25,38530,2,2,1, 38532
1,38531,1,1,0, 38532
8,38531,1,1,1, 38532
9,38532,2,2,1, 38534
24,38534,1,1,1, 38535
1,38536,1,1,0, 38537
8,38536,1,1,0, 38537
24,38539,1,1,1, 38540
1,38541,1,1,1, 38542
8,38541,1,1,0, 38542
9,38542,2,2,1, 38544
24,38544,1,1,0, 38545
25,38545,2,2,1, 38547
1,38546,1,1,0, 38547
8,38546,1,1,1, 38547
9,38547,2,2,1, 38549
2,38548,2,2,1, 38550
24,38549,1,1,1, 38550
1,38551,1,1,0, 38552
8,38551,1,1,0, 38552
9,38552,2,2,1, 38554
24,38554,1,1,1, 38555
25,38555,2,2,1, 38557
1,38556,1,1,0, 38557
8,38556,1,1,0, 38557
24,38559,1,1,0, 38560
1,38561,1,1,1, 38562
8,38561,1,1,1, 38562
2,38563,2,2,1, 38565
24,38564,1,1,0, 38565
1,38566,1,1,1, 38567
8,38566,1,1,0, 38567
24,38569,1,1,0, 38570
17,38569,3,3,1, 38572
1,38571,1,1,1, 38572
8,38571,1,1,0, 38572
9,38572,2,2,1, 38574
24,38574,1,1,1, 38575
8,38576,1,1,0, 38577
24,38579,1,1,1, 38580
14,38579,3,3,1, 38582
8,38581,1,1,1, 38582
15,38581,2,2,1, 38583
24,38584,1,1,0, 38585
8,38586,1,1,1, 38587
24,38589,1,1,0, 38590
14,38589,3,3,1, 38592
8,38591,1,1,0, 38592
6,38590,2,4,1, 38594
24,38594,1,1,1, 38595
14,38594,3,3,1, 38597
8,38596,1,1,0, 38597
15,38596,2,2,1, 38598
6,38595,2,4,1, 38599
24,38599,1,1,1, 38600
8,38601,1,1,1, 38602
6,38600,2,4,1, 38604
24,38604,1,1,0, 38605
8,38606,1,1,0, 38607
15,38606,2,2,1, 38608
24,38609,1,1,0, 38610
14,38609,3,3,1, 38612
8,38611,1,1,1, 38612
6,38610,2,4,1, 38614
24,38614,1,1,0, 38615
8,38616,1,1,0, 38617
13,38614,4,4,1, 38618
31,38616,2,2,1, 38618
24,38619,1,1,0, 38620
24,38624,1,1,0, 38625
31,38626,2,2,1, 38628
24,38629,1,1,1, 38630
24,38634,1,1,0, 38635
24,38639,1,1,1, 38640
24,38644,1,1,0, 38645
31,38646,2,2,1, 38648
24,38649,1,1,1, 38650
24,38654,1,1,1, 38655
24,38659,1,1,0, 38660
24,38664,1,1,1, 38665
31,38666,2,2,1, 38668
24,38669,1,1,1, 38670
24,38674,1,1,0, 38675
31,38676,2,2,1, 38678
24,38679,1,1,0, 38680
24,38684,1,1,0, 38685
30,38683,3,3,1, 38686
1,38686,1,1,0, 38687
24,38689,1,1,0, 38690
25,38690,2,2,1, 38692
1,38691,1,1,0, 38692
24,38694,1,1,1, 38695
25,38695,2,2,1, 38697
1,38696,1,1,0, 38697
24,38699,1,1,0, 38700
30,38698,3,3,1, 38701
25,38700,2,2,1, 38702
1,38701,1,1,0, 38702
24,38704,1,1,1, 38705
1,38706,1,1,1, 38707
24,38709,1,1,0, 38710
25,38710,2,2,1, 38712
1,38711,1,1,0, 38712
31,38711,2,2,1, 38713
25,38715,2,2,1, 38717
1,38716,1,1,1, 38717
25,38720,2,2,1, 38722
1,38721,1,1,0, 38722
8,38721,1,1,0, 38722
16,38724,2,2,1, 38726
1,38726,1,1,1, 38727
8,38726,1,1,0, 38727
22,38726,4,4,1, 38730
23,38728,3,3,1, 38731
16,38729,2,2,1, 38731
1,38731,1,1,1, 38732
8,38731,1,1,0, 38732
22,38731,4,4,1, 38735
23,38733,3,3,1, 38736
17,38734,3,3,1, 38737
25,38735,2,2,1, 38737
1,38736,1,1,1, 38737
8,38736,1,1,0, 38737
22,38736,4,4,1, 38740
26,38737,3,3,1, 38740
2,38738,2,2,1, 38740
23,38738,3,3,1, 38741
16,38739,2,2,1, 38741
25,38740,2,2,1, 38742
1,38741,1,1,1, 38742
8,38741,1,1,1, 38742
9,38742,2,2,1, 38744
26,38742,3,3,1, 38745
23,38743,3,3,1, 38746
25,38745,2,2,1, 38747
1,38746,1,1,0, 38747
8,38746,1,1,1, 38747
15,38746,2,2,1, 38748
26,38747,3,3,1, 38750
16,38749,2,2,1, 38751
8,38751,1,1,0, 38752
15,38751,2,2,1, 38753
8,38756,1,1,1, 38757
22,38756,4,4,1, 38760
24,38819,1,1,1, 38820
24,38824,1,1,1, 38825
24,38829,1,1,1, 38830
24,38834,1,1,1, 38835
24,38839,1,1,1, 38840
24,38844,1,1,1, 38845
24,38849,1,1,1, 38850
24,38854,1,1,1, 38855
1,38856,1,1,0, 38857
24,38859,1,1,0, 38860
1,38861,1,1,1, 38862
8,38861,1,1,1, 38862
24,38864,1,1,1, 38865
25,38865,2,2,1, 38867
1,38866,1,1,0, 38867
8,38866,1,1,1, 38867
24,38869,1,1,1, 38870
16,38869,2,2,1, 38871
1,38871,1,1,0, 38872
8,38871,1,1,0, 38872
24,38874,1,1,1, 38875
16,38874,2,2,1, 38876
25,38875,2,2,1, 38877
1,38876,1,1,0, 38877
8,38876,1,1,1, 38877
24,38879,1,1,1, 38880
16,38879,2,2,1, 38881
25,38880,2,2,1, 38882
1,38881,1,1,0, 38882
8,38881,1,1,0, 38882
31,38881,2,2,1, 38883
24,38884,1,1,1, 38885
16,38884,2,2,1, 38886
1,38886,1,1,0, 38887
8,38886,1,1,1, 38887
24,38889,1,1,1, 38890
1,38891,1,1,0, 38892
8,38891,1,1,0, 38892
31,38891,2,2,1, 38893
24,38894,1,1,1, 38895
16,38894,2,2,1, 38896
1,38896,1,1,0, 38897
8,38896,1,1,1, 38897
31,38896,2,2,1, 38898
24,38899,1,1,0, 38900
16,38899,2,2,1, 38901
25,38900,2,2,1, 38902
1,38901,1,1,1, 38902
8,38901,1,1,1, 38902
31,38901,2,2,1, 38903
24,38904,1,1,0, 38905
16,38904,2,2,1, 38906
25,38905,2,2,1, 38907
1,38906,1,1,1, 38907
8,38906,1,1,1, 38907
31,38906,2,2,1, 38908
24,38909,1,1,0, 38910
1,38911,1,1,0, 38912
8,38911,1,1,1, 38912
15,38911,2,2,1, 38913
31,38911,2,2,1, 38913
24,38914,1,1,1, 38915
16,38914,2,2,1, 38916
25,38915,2,2,1, 38917
1,38916,1,1,0, 38917
8,38916,1,1,1, 38917
15,38916,2,2,1, 38918
31,38916,2,2,1, 38918
24,38919,1,1,1, 38920
1,38921,1,1,0, 38922
8,38921,1,1,1, 38922
15,38921,2,2,1, 38923
22,38921,4,4,1, 38925
24,38924,1,1,0, 38925
25,38925,2,2,1, 38927
1,38926,1,1,1, 38927
31,38926,2,2,1, 38928
24,38929,1,1,0, 38930
1,38931,1,1,1, 38932
31,38931,2,2,1, 38933
24,38934,1,1,1, 38935
25,38935,2,2,1, 38937
1,38936,1,1,0, 38937
31,38936,2,2,1, 38938
26,38937,3,3,1, 38940
2,38938,2,2,1, 38940
1,38941,1,1,0, 38942
9,38942,2,2,1, 38944
26,38942,3,3,1, 38945
2,38943,2,2,1, 38945
8,39031,1,1,0, 39032
8,39036,1,1,0, 39037
24,39039,1,1,0, 39040
8,39041,1,1,0, 39042
24,39044,1,1,1, 39045
8,39046,1,1,0, 39047
24,39049,1,1,1, 39050
1,39051,1,1,1, 39052
8,39051,1,1,0, 39052
24,39054,1,1,0, 39055
25,39055,2,2,1, 39057
1,39056,1,1,0, 39057
8,39056,1,1,0, 39057
24,39059,1,1,0, 39060
1,39061,1,1,1, 39062
8,39061,1,1,0, 39062
24,39064,1,1,1, 39065
25,39065,2,2,1, 39067
1,39066,1,1,1, 39067
8,39066,1,1,1, 39067
9,39067,2,2,1, 39069
24,39069,1,1,1, 39070
1,39071,1,1,1, 39072
8,39071,1,1,0, 39072
9,39072,2,2,1, 39074
24,39074,1,1,0, 39075
1,39076,1,1,0, 39077
8,39076,1,1,0, 39077
9,39077,2,2,1, 39079
24,39079,1,1,0, 39080
1,39081,1,1,0, 39082
8,39081,1,1,0, 39082
9,39082,2,2,1, 39084
24,39084,1,1,1, 39085
25,39085,2,2,1, 39087
1,39086,1,1,1, 39087
8,39086,1,1,0, 39087
24,39089,1,1,1, 39090
23,39088,3,3,1, 39091
16,39089,2,2,1, 39091
1,39091,1,1,1, 39092
8,39091,1,1,0, 39092
9,39092,2,2,1, 39094
24,39094,1,1,1, 39095
23,39093,3,3,1, 39096
1,39096,1,1,1, 39097
8,39096,1,1,0, 39097
9,39097,2,2,1, 39099
24,39099,1,1,1, 39100
16,39099,2,2,1, 39101
1,39101,1,1,0, 39102
8,39101,1,1,1, 39102
9,39102,2,2,1, 39104
24,39104,1,1,0, 39105
16,39104,2,2,1, 39106
17,39104,3,3,1, 39107
1,39106,1,1,0, 39107
8,39106,1,1,1, 39107
9,39107,2,2,1, 39109
24,39109,1,1,0, 39110
23,39108,3,3,1, 39111
25,39110,2,2,1, 39112
8,39111,1,1,0, 39112
31,39111,2,2,1, 39113
24,39114,1,1,0, 39115
23,39113,3,3,1, 39116
8,39116,1,1,1, 39117
15,39116,2,2,1, 39118
31,39116,2,2,1, 39118
22,39116,4,4,1, 39120
24,39119,1,1,1, 39120
23,39118,3,3,1, 39121
8,39121,1,1,1, 39122
15,39121,2,2,1, 39123
31,39121,2,2,1, 39123
24,39124,1,1,0, 39125
31,39126,2,2,1, 39128
24,39129,1,1,1, 39130
31,39131,2,2,1, 39133
24,39134,1,1,0, 39135
31,39136,2,2,1, 39138
24,39139,1,1,0, 39140
31,39141,2,2,1, 39143
24,39144,1,1,1, 39145
24,39149,1,1,1, 39150
29,39148,4,4,1, 39152
31,39151,2,2,1, 39153
24,39154,1,1,1, 39155
31,39156,2,2,1, 39158
1,39216,1,1,0, 39217
1,39221,1,1,0, 39222
25,39225,2,2,1, 39227
1,39226,1,1,1, 39227
9,39227,2,2,1, 39229
17,39229,3,3,1, 39232
25,39230,2,2,1, 39232
1,39231,1,1,0, 39232
9,39232,2,2,1, 39234
17,39234,3,3,1, 39237
1,39236,1,1,1, 39237
8,39236,1,1,1, 39237
9,39237,2,2,1, 39239
25,39240,2,2,1, 39242
1,39241,1,1,1, 39242
8,39241,1,1,1, 39242
9,39242,2,2,1, 39244
1,39246,1,1,1, 39247
8,39246,1,1,1, 39247
17,39249,3,3,1, 39252
1,39251,1,1,1, 39252
8,39251,1,1,1, 39252
25,39255,2,2,1, 39257
1,39256,1,1,0, 39257
8,39256,1,1,1, 39257
1,39261,1,1,1, 39262
8,39261,1,1,0, 39262
9,39262,2,2,1, 39264
24,39264,1,1,0, 39265
25,39265,2,2,1, 39267
8,39266,1,1,1, 39267
24,39269,1,1,0, 39270
8,39271,1,1,1, 39272
24,39274,1,1,0, 39275
8,39276,1,1,0, 39277
24,39279,1,1,0, 39280
8,39281,1,1,1, 39282
24,39284,1,1,1, 39285
16,39284,2,2,1, 39286
8,39286,1,1,1, 39287
15,39286,2,2,1, 39288
24,39289,1,1,0, 39290
8,39291,1,1,1, 39292
15,39291,2,2,1, 39293
24,39294,1,1,0, 39295
8,39296,1,1,1, 39297
15,39296,2,2,1, 39298
24,39299,1,1,0, 39300
16,39299,2,2,1, 39301
8,39301,1,1,0, 39302
24,39304,1,1,0, 39305
16,39304,2,2,1, 39306
8,39306,1,1,1, 39307
15,39306,2,2,1, 39308
24,39309,1,1,1, 39310
16,39309,2,2,1, 39311
14,39309,3,3,1, 39312
8,39311,1,1,0, 39312
15,39311,2,2,1, 39313
24,39314,1,1,0, 39315
16,39314,2,2,1, 39316
24,39319,1,1,0, 39320
24,39324,1,1,1, 39325
24,39329,1,1,0, 39330
31,39331,2,2,1, 39333
24,39334,1,1,1, 39335
24,39339,1,1,1, 39340
24,39344,1,1,0, 39345
31,39346,2,2,1, 39348
24,39349,1,1,1, 39350
31,39351,2,2,1, 39353
24,39354,1,1,1, 39355
24,39359,1,1,1, 39360
24,39364,1,1,1, 39365
24,39369,1,1,0, 39370
1,39371,1,1,0, 39372
31,39371,2,2,1, 39373
24,39374,1,1,0, 39375
25,39375,2,2,1, 39377
1,39376,1,1,1, 39377
31,39376,2,2,1, 39378
24,39379,1,1,0, 39380
25,39380,2,2,1, 39382
1,39381,1,1,0, 39382
31,39381,2,2,1, 39383
24,39384,1,1,1, 39385
1,39386,1,1,0, 39387
31,39386,2,2,1, 39388
24,39389,1,1,0, 39390
25,39390,2,2,1, 39392
1,39391,1,1,1, 39392
31,39391,2,2,1, 39393
24,39394,1,1,0, 39395
1,39396,1,1,1, 39397
31,39396,2,2,1, 39398
24,39399,1,1,1, 39400
25,39400,2,2,1, 39402
1,39401,1,1,0, 39402
24,39404,1,1,1, 39405
29,39403,4,4,1, 39407
1,39406,1,1,1, 39407
25,39410,2,2,1, 39412
1,39411,1,1,0, 39412
25,39415,2,2,1, 39417
1,39416,1,1,0, 39417
25,39420,2,2,1, 39422
1,39421,1,1,0, 39422
8,39421,1,1,1, 39422
25,39425,2,2,1, 39427
1,39426,1,1,1, 39427
8,39426,1,1,1, 39427
1,39431,1,1,1, 39432
8,39431,1,1,1, 39432
1,39436,1,1,1, 39437
8,39436,1,1,0, 39437
25,39440,2,2,1, 39442
1,39441,1,1,1, 39442
8,39441,1,1,1, 39442
9,39442,2,2,1, 39444
1,39446,1,1,1, 39447
8,39446,1,1,0, 39447
9,39447,2,2,1, 39449
17,39449,3,3,1, 39452
25,39450,2,2,1, 39452
1,39451,1,1,0, 39452
8,39451,1,1,1, 39452
9,39452,2,2,1, 39454
1,39456,1,1,0, 39457
8,39456,1,1,1, 39457
25,39460,2,2,1, 39462
8,39461,1,1,0, 39462
8,39466,1,1,1, 39467
8,39471,1,1,1, 39472
8,39476,1,1,1, 39477
8,39481,1,1,0, 39482
15,39481,2,2,1, 39483
8,39486,1,1,1, 39487
15,39486,2,2,1, 39488
16,39489,2,2,1, 39491
8,39491,1,1,0, 39492
15,39491,2,2,1, 39493
8,39496,1,1,0, 39497
15,39496,2,2,1, 39498
16,39499,2,2,1, 39501
8,39501,1,1,0, 39502
16,39504,2,2,1, 39506
8,39506,1,1,0, 39507
14,39509,3,3,1, 39512
8,39511,1,1,0, 39512
15,39511,2,2,1, 39513
24,39514,1,1,0, 39515
8,39516,1,1,1, 39517
24,39519,1,1,0, 39520
8,39521,1,1,1, 39522
15,39521,2,2,1, 39523
24,39524,1,1,1, 39525
14,39524,3,3,1, 39527
24,39529,1,1,1, 39530
24,39534,1,1,0, 39535
24,39539,1,1,1, 39540
31,39541,2,2,1, 39543
24,39544,1,1,1, 39545
24,39549,1,1,1, 39550
24,39554,1,1,1, 39555
24,39559,1,1,0, 39560
31,39561,2,2,1, 39563
24,39564,1,1,0, 39565
1,39566,1,1,0, 39567
24,39569,1,1,1, 39570
1,39571,1,1,1, 39572
31,39571,2,2,1, 39573
9,39572,2,2,1, 39574
24,39574,1,1,1, 39575
1,39576,1,1,0, 39577
31,39576,2,2,1, 39578
9,39577,2,2,1, 39579
24,39579,1,1,0, 39580
1,39581,1,1,0, 39582
9,39582,2,2,1, 39584
24,39584,1,1,1, 39585
30,39583,3,3,1, 39586
1,39586,1,1,1, 39587
9,39587,2,2,1, 39589
24,39589,1,1,0, 39590
29,39588,4,4,1, 39592
25,39590,2,2,1, 39592
1,39591,1,1,1, 39592
31,39591,2,2,1, 39593
24,39594,1,1,1, 39595
30,39593,3,3,1, 39596
29,39593,4,4,1, 39597
25,39595,2,2,1, 39597
1,39596,1,1,0, 39597
31,39596,2,2,1, 39598
24,39599,1,1,0, 39600
29,39598,4,4,1, 39602
25,39600,2,2,1, 39602
1,39601,1,1,0, 39602
1,39606,1,1,0, 39607
9,39607,2,2,1, 39609
2,39608,2,2,1, 39610
1,39611,1,1,1, 39612
9,39612,2,2,1, 39614
25,39615,2,2,1, 39617
1,39616,1,1,1, 39617
2,39618,2,2,1, 39620
8,39631,1,1,0, 39632
8,39636,1,1,1, 39637
8,39641,1,1,0, 39642
8,39646,1,1,1, 39647
8,39651,1,1,0, 39652
8,39656,1,1,1, 39657
8,39661,1,1,1, 39662
8,39666,1,1,0, 39667
15,39666,2,2,1, 39668
8,39671,1,1,0, 39672
8,39676,1,1,1, 39677
8,39681,1,1,1, 39682
14,39684,3,3,1, 39687
8,39686,1,1,1, 39687
13,39684,4,4,1, 39688
6,39685,2,4,1, 39689
16,39689,2,2,1, 39691
8,39691,1,1,0, 39692
15,39691,2,2,1, 39693
6,39690,2,4,1, 39694
14,39694,3,3,1, 39697
8,39696,1,1,0, 39697
15,39696,2,2,1, 39698
6,39695,2,4,1, 39699
23,39698,3,3,1, 39701
14,39699,3,3,1, 39702
8,39701,1,1,1, 39702
13,39699,4,4,1, 39703
15,39701,2,2,1, 39703
24,39704,1,1,0, 39705
24,39709,1,1,1, 39710
24,39714,1,1,0, 39715
24,39719,1,1,0, 39720
25,39720,2,2,1, 39722
1,39721,1,1,1, 39722
24,39724,1,1,0, 39725
25,39725,2,2,1, 39727
1,39726,1,1,0, 39727
31,39726,2,2,1, 39728
24,39729,1,1,0, 39730
25,39730,2,2,1, 39732
1,39731,1,1,0, 39732
24,39734,1,1,1, 39735
25,39735,2,2,1, 39737
1,39736,1,1,1, 39737
31,39736,2,2,1, 39738
24,39739,1,1,1, 39740
25,39740,2,2,1, 39742
1,39741,1,1,0, 39742
24,39744,1,1,0, 39745
25,39745,2,2,1, 39747
1,39746,1,1,1, 39747
31,39746,2,2,1, 39748
24,39749,1,1,1, 39750
1,39751,1,1,1, 39752
24,39754,1,1,0, 39755
25,39755,2,2,1, 39757
1,39756,1,1,0, 39757
24,39759,1,1,0, 39760
17,39759,3,3,1, 39762
25,39760,2,2,1, 39762
1,39761,1,1,0, 39762
31,39761,2,2,1, 39763
24,39764,1,1,0, 39765
30,39763,3,3,1, 39766
1,39766,1,1,1, 39767
31,39766,2,2,1, 39768
24,39769,1,1,1, 39770
25,39770,2,2,1, 39772
1,39771,1,1,1, 39772
24,39774,1,1,0, 39775
25,39775,2,2,1, 39777
1,39776,1,1,0, 39777
31,39776,2,2,1, 39778
24,39779,1,1,0, 39780
30,39778,3,3,1, 39781
1,39781,1,1,0, 39782
31,39781,2,2,1, 39783
9,39782,2,2,1, 39784
24,39784,1,1,0, 39785
30,39783,3,3,1, 39786
17,39784,3,3,1, 39787
8,39811,1,1,1, 39812
8,39816,1,1,1, 39817
16,39819,2,2,1, 39821
8,39821,1,1,0, 39822
23,39823,3,3,1, 39826
16,39824,2,2,1, 39826
8,39826,1,1,1, 39827
16,39829,2,2,1, 39831
8,39831,1,1,1, 39832
15,39831,2,2,1, 39833
23,39833,3,3,1, 39836
16,39834,2,2,1, 39836
8,39836,1,1,1, 39837
15,39836,2,2,1, 39838
23,39838,3,3,1, 39841
16,39839,2,2,1, 39841
14,39839,3,3,1, 39842
8,39841,1,1,0, 39842
13,39839,4,4,1, 39843
6,39840,2,4,1, 39844
1,39891,1,1,0, 39892
24,39894,1,1,0, 39895
1,39896,1,1,0, 39897
24,39899,1,1,1, 39900
25,39900,2,2,1, 39902
1,39901,1,1,0, 39902
24,39904,1,1,1, 39905
25,39905,2,2,1, 39907
1,39906,1,1,1, 39907
24,39909,1,1,0, 39910
25,39910,2,2,1, 39912
1,39911,1,1,1, 39912
24,39914,1,1,1, 39915
25,39915,2,2,1, 39917
1,39916,1,1,0, 39917
24,39919,1,1,1, 39920
25,39920,2,2,1, 39922
1,39921,1,1,1, 39922
24,39924,1,1,1, 39925
1,39926,1,1,1, 39927
24,39929,1,1,1, 39930
25,39930,2,2,1, 39932
1,39931,1,1,1, 39932
24,39934,1,1,0, 39935
1,39936,1,1,0, 39937
24,39939,1,1,0, 39940
1,39941,1,1,1, 39942
2,39943,2,2,1, 39945
24,39944,1,1,1, 39945
25,39945,2,2,1, 39947
1,39946,1,1,1, 39947
8,39946,1,1,0, 39947
2,39948,2,2,1, 39950
24,39949,1,1,0, 39950
1,39951,1,1,1, 39952
8,39951,1,1,1, 39952
2,39953,2,2,1, 39955
24,39954,1,1,0, 39955
1,39956,1,1,0, 39957
8,39956,1,1,1, 39957
24,39959,1,1,1, 39960
1,39961,1,1,0, 39962
8,39961,1,1,0, 39962
9,39962,2,2,1, 39964
2,39963,2,2,1, 39965
24,39964,1,1,1, 39965
8,39966,1,1,0, 39967
31,39966,2,2,1, 39968
24,39969,1,1,0, 39970
8,39971,1,1,0, 39972
24,39974,1,1,0, 39975
8,39976,1,1,1, 39977
24,39979,1,1,0, 39980
8,39981,1,1,0, 39982
15,39981,2,2,1, 39983
31,39981,2,2,1, 39983
24,39984,1,1,1, 39985
16,39984,2,2,1, 39986
8,39986,1,1,0, 39987
15,39986,2,2,1, 39988
31,39986,2,2,1, 39988
24,39989,1,1,1, 39990
8,39991,1,1,1, 39992
31,39991,2,2,1, 39993
24,39994,1,1,0, 39995
8,39996,1,1,0, 39997
24,39999,1,1,1, 40000
8,40001,1,1,1, 40002
24,40004,1,1,1, 40005
16,40004,2,2,1, 40006
29,40003,4,4,1, 40007
8,40006,1,1,1, 40007
15,40006,2,2,1, 40008
31,40006,2,2,1, 40008
24,40009,1,1,0, 40010
8,40011,1,1,0, 40012
24,40014,1,1,1, 40015
30,40013,3,3,1, 40016
14,40014,3,3,1, 40017
8,40016,1,1,0, 40017
24,40019,1,1,1, 40020
30,40018,3,3,1, 40021
16,40019,2,2,1, 40021
8,40021,1,1,1, 40022
24,40024,1,1,1, 40025
30,40023,3,3,1, 40026
8,40026,1,1,1, 40027
15,40026,2,2,1, 40028
8,40031,1,1,1, 40032
16,40034,2,2,1, 40036
8,40036,1,1,1, 40037
15,40036,2,2,1, 40038
1,40071,1,1,0, 40072
1,40076,1,1,0, 40077
1,40081,1,1,0, 40082
1,40086,1,1,1, 40087
1,40091,1,1,0, 40092
1,40096,1,1,0, 40097
1,40101,1,1,0, 40102
1,40106,1,1,0, 40107
1,40111,1,1,0, 40112
1,40116,1,1,0, 40117
1,40121,1,1,1, 40122
25,40125,2,2,1, 40127
1,40126,1,1,1, 40127
2,40128,2,2,1, 40130
25,40130,2,2,1, 40132
1,40131,1,1,1, 40132
24,40134,1,1,0, 40135
1,40136,1,1,1, 40137
2,40138,2,2,1, 40140
24,40139,1,1,1, 40140
25,40140,2,2,1, 40142
1,40141,1,1,1, 40142
8,40141,1,1,0, 40142
24,40144,1,1,1, 40145
1,40146,1,1,0, 40147
8,40146,1,1,1, 40147
24,40149,1,1,1, 40150
25,40150,2,2,1, 40152
1,40151,1,1,0, 40152
8,40151,1,1,0, 40152
2,40153,2,2,1, 40155
24,40154,1,1,0, 40155
1,40156,1,1,0, 40157
8,40156,1,1,0, 40157
11,40154,4,4,1, 40158
31,40156,2,2,1, 40158
9,40157,2,2,1, 40159
24,40159,1,1,0, 40160
25,40160,2,2,1, 40162
1,40161,1,1,1, 40162
8,40161,1,1,1, 40162
11,40159,4,4,1, 40163
3,40162,3,3,1, 40165
24,40164,1,1,0, 40165
8,40166,1,1,1, 40167
31,40166,2,2,1, 40168
24,40169,1,1,1, 40170
8,40171,1,1,0, 40172
24,40174,1,1,1, 40175
8,40176,1,1,0, 40177
31,40176,2,2,1, 40178
24,40179,1,1,0, 40180
8,40181,1,1,0, 40182
31,40181,2,2,1, 40183
24,40184,1,1,0, 40185
8,40186,1,1,1, 40187
24,40189,1,1,0, 40190
8,40191,1,1,0, 40192
15,40191,2,2,1, 40193
31,40191,2,2,1, 40193
24,40194,1,1,0, 40195
30,40193,3,3,1, 40196
8,40196,1,1,0, 40197
31,40196,2,2,1, 40198
24,40199,1,1,0, 40200
30,40198,3,3,1, 40201
8,40201,1,1,0, 40202
24,40204,1,1,0, 40205
29,40203,4,4,1, 40207
8,40206,1,1,0, 40207
24,40209,1,1,0, 40210
30,40208,3,3,1, 40211
14,40209,3,3,1, 40212
8,40211,1,1,0, 40212
13,40209,4,4,1, 40213
15,40211,2,2,1, 40213
8,40216,1,1,1, 40217
8,40221,1,1,1, 40222
13,40219,4,4,1, 40223
15,40221,2,2,1, 40223
6,40220,2,4,1, 40224
8,40226,1,1,0, 40227
13,40224,4,4,1, 40228
15,40226,2,2,1, 40228
14,40229,3,3,1, 40232
8,40231,1,1,1, 40232
15,40231,2,2,1, 40233
25,40270,2,2,1, 40272
1,40271,1,1,0, 40272
1,40276,1,1,0, 40277
1,40281,1,1,0, 40282
25,40285,2,2,1, 40287
1,40286,1,1,0, 40287
1,40291,1,1,0, 40292
1,40296,1,1,1, 40297
1,40301,1,1,0, 40302
1,40306,1,1,1, 40307
25,40310,2,2,1, 40312
1,40311,1,1,1, 40312
18,40313,4,4,1, 40317
25,40315,2,2,1, 40317
1,40316,1,1,0, 40317
4,40316,4,4,1, 40320
24,40319,1,1,0, 40320
1,40321,1,1,1, 40322
28,40319,5,5,1, 40324
4,40321,4,4,1, 40325
3,40322,3,3,1, 40325
24,40324,1,1,0, 40325
25,40325,2,2,1, 40327
1,40326,1,1,1, 40327
28,40324,5,5,1, 40329
3,40327,3,3,1, 40330
24,40329,1,1,1, 40330
5,40327,3,5,1, 40332
25,40330,2,2,1, 40332
24,40334,1,1,1, 40335
8,40336,1,1,0, 40337
24,40339,1,1,1, 40340
8,40341,1,1,1, 40342
24,40344,1,1,0, 40345
30,40343,3,3,1, 40346
16,40344,2,2,1, 40346
8,40346,1,1,0, 40347
24,40349,1,1,0, 40350
30,40348,3,3,1, 40351
16,40349,2,2,1, 40351
8,40351,1,1,1, 40352
24,40354,1,1,1, 40355
23,40353,3,3,1, 40356
30,40353,3,3,1, 40356
16,40354,2,2,1, 40356
8,40356,1,1,0, 40357
24,40359,1,1,1, 40360
23,40358,3,3,1, 40361
30,40358,3,3,1, 40361
8,40361,1,1,1, 40362
24,40364,1,1,1, 40365
23,40363,3,3,1, 40366
16,40364,2,2,1, 40366
29,40363,4,4,1, 40367
8,40366,1,1,0, 40367
24,40369,1,1,0, 40370
23,40368,3,3,1, 40371
16,40369,2,2,1, 40371
8,40371,1,1,0, 40372
31,40371,2,2,1, 40373
22,40371,4,4,1, 40375
24,40374,1,1,0, 40375
30,40373,3,3,1, 40376
16,40374,2,2,1, 40376
29,40373,4,4,1, 40377
8,40376,1,1,0, 40377
31,40376,2,2,1, 40378
24,40379,1,1,0, 40380
14,40379,3,3,1, 40382
8,40381,1,1,0, 40382
15,40381,2,2,1, 40383
24,40384,1,1,0, 40385
31,40386,2,2,1, 40388
24,40389,1,1,1, 40390
24,40394,1,1,1, 40395
31,40396,2,2,1, 40398
1,40436,1,1,0, 40437
1,40441,1,1,0, 40442
9,40442,2,2,1, 40444
17,40444,3,3,1, 40447
1,40446,1,1,1, 40447
2,40448,2,2,1, 40450
1,40451,1,1,1, 40452
2,40453,2,2,1, 40455
25,40455,2,2,1, 40457
1,40456,1,1,0, 40457
25,40460,2,2,1, 40462
1,40461,1,1,1, 40462
9,40462,2,2,1, 40464
17,40464,3,3,1, 40467
1,40466,1,1,0, 40467
25,40470,2,2,1, 40472
1,40471,1,1,0, 40472
9,40472,2,2,1, 40474
2,40473,2,2,1, 40475
17,40474,3,3,1, 40477
1,40476,1,1,1, 40477
9,40477,2,2,1, 40479
8,40491,1,1,1, 40492
8,40496,1,1,1, 40497
16,40499,2,2,1, 40501
8,40501,1,1,1, 40502
24,40504,1,1,1, 40505
8,40506,1,1,1, 40507
24,40509,1,1,0, 40510
8,40511,1,1,1, 40512
24,40514,1,1,1, 40515
8,40516,1,1,1, 40517
24,40519,1,1,0, 40520
8,40521,1,1,1, 40522
15,40521,2,2,1, 40523
24,40524,1,1,0, 40525
16,40524,2,2,1, 40526
8,40526,1,1,1, 40527
24,40529,1,1,1, 40530
8,40531,1,1,1, 40532
24,40534,1,1,0, 40535
8,40536,1,1,0, 40537
24,40539,1,1,0, 40540
8,40541,1,1,1, 40542
24,40544,1,1,1, 40545
16,40544,2,2,1, 40546
8,40546,1,1,0, 40547
24,40549,1,1,0, 40550
23,40548,3,3,1, 40551
16,40549,2,2,1, 40551
8,40551,1,1,0, 40552
22,40551,4,4,1, 40555
24,40554,1,1,1, 40555
23,40553,3,3,1, 40556
14,40554,3,3,1, 40557
8,40556,1,1,0, 40557
13,40554,4,4,1, 40558
15,40556,2,2,1, 40558
22,40556,4,4,1, 40560
24,40559,1,1,1, 40560
23,40558,3,3,1, 40561
24,40564,1,1,0, 40565
24,40569,1,1,1, 40570
24,40574,1,1,1, 40575
24,40579,1,1,1, 40580
24,40584,1,1,0, 40585
1,40586,1,1,1, 40587
24,40589,1,1,0, 40590
1,40591,1,1,1, 40592
24,40594,1,1,1, 40595
1,40596,1,1,0, 40597
24,40599,1,1,1, 40600
1,40601,1,1,0, 40602
9,40602,2,2,1, 40604
24,40604,1,1,0, 40605
1,40606,1,1,0, 40607
9,40607,2,2,1, 40609
24,40609,1,1,1, 40610
1,40611,1,1,0, 40612
31,40611,2,2,1, 40613
9,40612,2,2,1, 40614
24,40614,1,1,1, 40615
1,40616,1,1,0, 40617
24,40619,1,1,1, 40620
1,40621,1,1,1, 40622
31,40621,2,2,1, 40623
26,40622,3,3,1, 40625
2,40623,2,2,1, 40625
24,40624,1,1,1, 40625
18,40623,4,4,1, 40627
1,40626,1,1,1, 40627
31,40626,2,2,1, 40628
9,40627,2,2,1, 40629
24,40629,1,1,0, 40630
1,40631,1,1,1, 40632
11,40629,4,4,1, 40633
31,40631,2,2,1, 40633
9,40632,2,2,1, 40634
2,40633,2,2,1, 40635
24,40634,1,1,1, 40635
1,40636,1,1,0, 40637
11,40634,4,4,1, 40638
31,40636,2,2,1, 40638
3,40637,3,3,1, 40640
24,40639,1,1,0, 40640
31,40641,2,2,1, 40643
24,40644,1,1,1, 40645
31,40646,2,2,1, 40648
24,40649,1,1,0, 40650
24,40654,1,1,1, 40655
24,40659,1,1,0, 40660
31,40661,2,2,1, 40663
24,40664,1,1,1, 40665
29,40663,4,4,1, 40667
8,40666,1,1,1, 40667
24,40669,1,1,0, 40670
29,40668,4,4,1, 40672
8,40671,1,1,0, 40672
31,40671,2,2,1, 40673
8,40676,1,1,1, 40677
8,40681,1,1,0, 40682
8,40686,1,1,0, 40687
8,40691,1,1,1, 40692
16,40694,2,2,1, 40696
8,40696,1,1,1, 40697
16,40699,2,2,1, 40701
8,40701,1,1,0, 40702
16,40704,2,2,1, 40706
8,40706,1,1,0, 40707
16,40709,2,2,1, 40711
8,40711,1,1,0, 40712
16,40714,2,2,1, 40716
8,40716,1,1,0, 40717
16,40719,2,2,1, 40721
8,40721,1,1,1, 40722
16,40724,2,2,1, 40726
8,40726,1,1,0, 40727
22,40726,4,4,1, 40730
16,40729,2,2,1, 40731
8,40731,1,1,1, 40732
23,40733,3,3,1, 40736
8,40736,1,1,0, 40737
15,40736,2,2,1, 40738
16,40739,2,2,1, 40741
25,40745,2,2,1, 40747
1,40746,1,1,0, 40747
1,40751,1,1,1, 40752
9,40752,2,2,1, 40754
17,40754,3,3,1, 40757
1,40756,1,1,1, 40757
9,40757,2,2,1, 40759
25,40760,2,2,1, 40762
1,40761,1,1,1, 40762
9,40762,2,2,1, 40764
2,40763,2,2,1, 40765
25,40765,2,2,1, 40767
1,40766,1,1,0, 40767
9,40767,2,2,1, 40769
26,40767,3,3,1, 40770
18,40768,4,4,1, 40772
25,40770,2,2,1, 40772
1,40771,1,1,1, 40772
9,40772,2,2,1, 40774
18,40773,4,4,1, 40777
25,40775,2,2,1, 40777
24,40779,1,1,1, 40780
24,40784,1,1,1, 40785
24,40789,1,1,0, 40790
24,40794,1,1,0, 40795
24,40799,1,1,0, 40800
24,40804,1,1,1, 40805
24,40809,1,1,1, 40810
24,40814,1,1,1, 40815
24,40819,1,1,0, 40820
24,40824,1,1,1, 40825
24,40829,1,1,1, 40830
24,40834,1,1,1, 40835
24,40839,1,1,0, 40840
31,40841,2,2,1, 40843
24,40844,1,1,0, 40845
8,40846,1,1,1, 40847
24,40849,1,1,0, 40850
8,40851,1,1,1, 40852
24,40854,1,1,0, 40855
8,40856,1,1,0, 40857
31,40856,2,2,1, 40858
24,40859,1,1,1, 40860
8,40861,1,1,0, 40862
24,40864,1,1,0, 40865
30,40863,3,3,1, 40866
8,40866,1,1,1, 40867
24,40869,1,1,0, 40870
30,40868,3,3,1, 40871
8,40871,1,1,0, 40872
31,40871,2,2,1, 40873
24,40874,1,1,0, 40875
8,40876,1,1,1, 40877
31,40876,2,2,1, 40878
24,40879,1,1,0, 40880
30,40878,3,3,1, 40881
25,40880,2,2,1, 40882
1,40881,1,1,0, 40882
8,40881,1,1,0, 40882
24,40884,1,1,1, 40885
30,40883,3,3,1, 40886
1,40886,1,1,1, 40887
8,40886,1,1,1, 40887
31,40886,2,2,1, 40888
24,40889,1,1,0, 40890
1,40891,1,1,0, 40892
8,40891,1,1,0, 40892
24,40894,1,1,1, 40895
30,40893,3,3,1, 40896
1,40896,1,1,1, 40897
8,40896,1,1,1, 40897
24,40899,1,1,0, 40900
30,40898,3,3,1, 40901
1,40901,1,1,0, 40902
8,40901,1,1,0, 40902
1,40906,1,1,1, 40907
8,40906,1,1,0, 40907
2,40908,2,2,1, 40910
25,40910,2,2,1, 40912
1,40911,1,1,1, 40912
8,40911,1,1,1, 40912
9,40912,2,2,1, 40914
2,40913,2,2,1, 40915
25,40915,2,2,1, 40917
1,40916,1,1,1, 40917
8,40916,1,1,0, 40917
9,40917,2,2,1, 40919
16,40919,2,2,1, 40921
25,40920,2,2,1, 40922
1,40921,1,1,1, 40922
8,40921,1,1,1, 40922
9,40922,2,2,1, 40924
25,40925,2,2,1, 40927
1,40926,1,1,0, 40927
8,40926,1,1,1, 40927
2,40928,2,2,1, 40930
25,40930,2,2,1, 40932
1,40931,1,1,0, 40932
8,40931,1,1,0, 40932
17,40934,3,3,1, 40937
25,40935,2,2,1, 40937
8,40936,1,1,0, 40937
15,40936,2,2,1, 40938
16,40939,2,2,1, 40941
14,40939,3,3,1, 40942
8,40941,1,1,0, 40942
13,40939,4,4,1, 40943
23,40943,3,3,1, 40946
14,40944,3,3,1, 40947
8,40946,1,1,0, 40947
15,40946,2,2,1, 40948
6,40945,2,4,1, 40949
23,40948,3,3,1, 40951
16,40949,2,2,1, 40951
8,40951,1,1,0, 40952
15,40951,2,2,1, 40953
24,41004,1,1,0, 41005
24,41009,1,1,1, 41010
24,41014,1,1,1, 41015
24,41019,1,1,0, 41020
24,41024,1,1,1, 41025
24,41029,1,1,1, 41030
24,41034,1,1,0, 41035
31,41036,2,2,1, 41038
24,41039,1,1,0, 41040
1,41041,1,1,0, 41042
31,41041,2,2,1, 41043
24,41044,1,1,1, 41045
1,41046,1,1,0, 41047
31,41046,2,2,1, 41048
24,41049,1,1,0, 41050
25,41050,2,2,1, 41052
1,41051,1,1,0, 41052
24,41054,1,1,0, 41055
25,41055,2,2,1, 41057
1,41056,1,1,0, 41057
24,41059,1,1,1, 41060
1,41061,1,1,1, 41062
31,41061,2,2,1, 41063
24,41064,1,1,0, 41065
1,41066,1,1,0, 41067
8,41066,1,1,0, 41067
31,41066,2,2,1, 41068
24,41069,1,1,0, 41070
1,41071,1,1,1, 41072
8,41071,1,1,0, 41072
31,41071,2,2,1, 41073
24,41074,1,1,1, 41075
25,41075,2,2,1, 41077
1,41076,1,1,0, 41077
8,41076,1,1,0, 41077
24,41079,1,1,1, 41080
1,41081,1,1,0, 41082
8,41081,1,1,0, 41082
31,41081,2,2,1, 41083
24,41084,1,1,1, 41085
25,41085,2,2,1, 41087
1,41086,1,1,0, 41087
8,41086,1,1,1, 41087
31,41086,2,2,1, 41088
24,41089,1,1,1, 41090
25,41090,2,2,1, 41092
1,41091,1,1,0, 41092
8,41091,1,1,0, 41092
15,41091,2,2,1, 41093
24,41094,1,1,0, 41095
25,41095,2,2,1, 41097
1,41096,1,1,1, 41097
8,41096,1,1,0, 41097
15,41096,2,2,1, 41098
24,41099,1,1,1, 41100
1,41101,1,1,0, 41102
8,41101,1,1,0, 41102
31,41101,2,2,1, 41103
24,41104,1,1,0, 41105
29,41103,4,4,1, 41107
1,41106,1,1,1, 41107
8,41106,1,1,0, 41107
31,41106,2,2,1, 41108
2,41108,2,2,1, 41110
1,41111,1,1,0, 41112
8,41111,1,1,0, 41112
15,41111,2,2,1, 41113
2,41113,2,2,1, 41115
14,41114,3,3,1, 41117
1,41116,1,1,0, 41117
8,41116,1,1,1, 41117
15,41116,2,2,1, 41118
14,41119,3,3,1, 41122
1,41121,1,1,0, 41122
8,41121,1,1,1, 41122
28,41119,5,5,1, 41124
4,41121,4,4,1, 41125
3,41122,3,3,1, 41125
19,41121,5,5,1, 41126
8,41126,1,1,0, 41127
14,41129,3,3,1, 41132
8,41131,1,1,1, 41132
15,41131,2,2,1, 41133
8,41136,1,1,1, 41137
15,41136,2,2,1, 41138
8,41141,1,1,0, 41142
14,41144,3,3,1, 41147
8,41146,1,1,0, 41147
15,41146,2,2,1, 41148
6,41145,2,4,1, 41149
16,41149,2,2,1, 41151
24,41214,1,1,1, 41215
24,41219,1,1,1, 41220
24,41224,1,1,0, 41225
24,41229,1,1,0, 41230
25,41230,2,2,1, 41232
1,41231,1,1,0, 41232
9,41232,2,2,1, 41234
24,41234,1,1,0, 41235
25,41235,2,2,1, 41237
1,41236,1,1,0, 41237
24,41239,1,1,1, 41240
1,41241,1,1,1, 41242
24,41244,1,1,1, 41245
18,41243,4,4,1, 41247
1,41246,1,1,0, 41247
9,41247,2,2,1, 41249
26,41247,3,3,1, 41250
24,41249,1,1,0, 41250
18,41248,4,4,1, 41252
1,41251,1,1,1, 41252
26,41252,3,3,1, 41255
2,41253,2,2,1, 41255
24,41254,1,1,0, 41255
18,41253,4,4,1, 41257
1,41256,1,1,1, 41257
8,41256,1,1,1, 41257
26,41257,3,3,1, 41260
2,41258,2,2,1, 41260
24,41259,1,1,0, 41260
23,41258,3,3,1, 41261
16,41259,2,2,1, 41261
1,41261,1,1,1, 41262
8,41261,1,1,0, 41262
2,41263,2,2,1, 41265
24,41264,1,1,0, 41265
23,41263,3,3,1, 41266
25,41265,2,2,1, 41267
1,41266,1,1,0, 41267
8,41266,1,1,1, 41267
22,41266,4,4,1, 41270
24,41269,1,1,0, 41270
18,41268,4,4,1, 41272
8,41271,1,1,0, 41272
24,41274,1,1,1, 41275
8,41276,1,1,1, 41277
31,41276,2,2,1, 41278
22,41276,4,4,1, 41280
24,41279,1,1,0, 41280
23,41278,3,3,1, 41281
16,41279,2,2,1, 41281
8,41281,1,1,1, 41282
31,41281,2,2,1, 41283
24,41284,1,1,0, 41285
8,41286,1,1,0, 41287
31,41286,2,2,1, 41288
24,41289,1,1,1, 41290
8,41291,1,1,0, 41292
31,41291,2,2,1, 41293
24,41294,1,1,0, 41295
8,41296,1,1,0, 41297
31,41296,2,2,1, 41298
24,41299,1,1,0, 41300
8,41301,1,1,1, 41302
15,41301,2,2,1, 41303
24,41304,1,1,0, 41305
8,41306,1,1,1, 41307
15,41306,2,2,1, 41308
24,41309,1,1,1, 41310
8,41311,1,1,0, 41312
31,41311,2,2,1, 41313
24,41314,1,1,0, 41315
8,41316,1,1,0, 41317
24,41319,1,1,0, 41320
8,41321,1,1,1, 41322
15,41321,2,2,1, 41323
31,41321,2,2,1, 41323
24,41324,1,1,0, 41325
8,41326,1,1,1, 41327
24,41329,1,1,1, 41330
29,41328,4,4,1, 41332
8,41331,1,1,1, 41332
31,41331,2,2,1, 41333
24,41334,1,1,0, 41335
30,41333,3,3,1, 41336
8,41336,1,1,0, 41337
13,41334,4,4,1, 41338
15,41336,2,2,1, 41338
6,41335,2,4,1, 41339
24,41339,1,1,0, 41340
25,41375,2,2,1, 41377
1,41376,1,1,0, 41377
1,41381,1,1,1, 41382
25,41385,2,2,1, 41387
1,41386,1,1,0, 41387
26,41387,3,3,1, 41390
2,41388,2,2,1, 41390
1,41391,1,1,1, 41392
26,41392,3,3,1, 41395
1,41396,1,1,0, 41397
1,41401,1,1,1, 41402
1,41406,1,1,1, 41407
2,41408,2,2,1, 41410
1,41411,1,1,0, 41412
26,41412,3,3,1, 41415
1,41416,1,1,1, 41417
9,41417,2,2,1, 41419
26,41417,3,3,1, 41420
25,41420,2,2,1, 41422
1,41421,1,1,1, 41422
4,41421,4,4,1, 41425
26,41422,3,3,1, 41425
2,41423,2,2,1, 41425
8,41446,1,1,0, 41447
24,41449,1,1,0, 41450
8,41451,1,1,1, 41452
24,41454,1,1,1, 41455
8,41456,1,1,1, 41457
22,41456,4,4,1, 41460
24,41459,1,1,0, 41460
23,41458,3,3,1, 41461
16,41459,2,2,1, 41461
8,41461,1,1,0, 41462
24,41464,1,1,1, 41465
8,41466,1,1,0, 41467
24,41469,1,1,0, 41470
8,41471,1,1,1, 41472
24,41474,1,1,1, 41475
8,41476,1,1,1, 41477
24,41479,1,1,0, 41480
23,41478,3,3,1, 41481
16,41479,2,2,1, 41481
8,41481,1,1,1, 41482
24,41484,1,1,0, 41485
23,41483,3,3,1, 41486
16,41484,2,2,1, 41486
8,41486,1,1,1, 41487
24,41489,1,1,0, 41490
8,41491,1,1,1, 41492
15,41491,2,2,1, 41493
24,41494,1,1,0, 41495
23,41493,3,3,1, 41496
8,41496,1,1,1, 41497
15,41496,2,2,1, 41498
24,41499,1,1,0, 41500
23,41498,3,3,1, 41501
8,41501,1,1,1, 41502
24,41504,1,1,0, 41505
23,41503,3,3,1, 41506
16,41504,2,2,1, 41506
29,41503,4,4,1, 41507
8,41506,1,1,1, 41507
6,41505,2,4,1, 41509
24,41509,1,1,1, 41510
31,41511,2,2,1, 41513
24,41514,1,1,0, 41515
29,41513,4,4,1, 41517
24,41519,1,1,1, 41520
30,41518,3,3,1, 41521
29,41518,4,4,1, 41522
31,41521,2,2,1, 41523
24,41524,1,1,0, 41525
31,41526,2,2,1, 41528
24,41529,1,1,0, 41530
1,41531,1,1,0, 41532
24,41534,1,1,0, 41535
25,41535,2,2,1, 41537
1,41536,1,1,1, 41537
31,41536,2,2,1, 41538
24,41539,1,1,0, 41540
25,41540,2,2,1, 41542
1,41541,1,1,1, 41542
31,41541,2,2,1, 41543
24,41544,1,1,0, 41545
25,41545,2,2,1, 41547
1,41546,1,1,1, 41547
24,41549,1,1,1, 41550
1,41551,1,1,0, 41552
31,41551,2,2,1, 41553
1,41556,1,1,0, 41557
2,41558,2,2,1, 41560
25,41560,2,2,1, 41562
1,41561,1,1,1, 41562
26,41562,3,3,1, 41565
2,41563,2,2,1, 41565
18,41563,4,4,1, 41567
25,41565,2,2,1, 41567
1,41566,1,1,0, 41567
2,41568,2,2,1, 41570
19,41566,5,5,1, 41571
25,41570,2,2,1, 41572
1,41571,1,1,0, 41572
26,41572,3,3,1, 41575
5,41572,3,5,1, 41577
25,41575,2,2,1, 41577
1,41576,1,1,1, 41577
28,41574,5,5,1, 41579
8,41621,1,1,0, 41622
8,41626,1,1,1, 41627
8,41631,1,1,0, 41632
8,41636,1,1,1, 41637
16,41639,2,2,1, 41641
8,41641,1,1,1, 41642
23,41643,3,3,1, 41646
16,41644,2,2,1, 41646
8,41646,1,1,1, 41647
8,41651,1,1,0, 41652
22,41651,4,4,1, 41655
24,41654,1,1,1, 41655
8,41656,1,1,0, 41657
15,41656,2,2,1, 41658
24,41659,1,1,1, 41660
16,41659,2,2,1, 41661
8,41661,1,1,1, 41662
24,41664,1,1,1, 41665
16,41664,2,2,1, 41666
14,41664,3,3,1, 41667
8,41666,1,1,1, 41667
24,41669,1,1,1, 41670
14,41669,3,3,1, 41672
8,41671,1,1,0, 41672
24,41674,1,1,1, 41675
8,41676,1,1,0, 41677
24,41679,1,1,1, 41680
8,41681,1,1,0, 41682
15,41681,2,2,1, 41683
24,41684,1,1,1, 41685
1,41686,1,1,1, 41687
8,41686,1,1,0, 41687
15,41686,2,2,1, 41688
24,41689,1,1,0, 41690
16,41689,2,2,1, 41691
17,41689,3,3,1, 41692
25,41690,2,2,1, 41692
1,41691,1,1,1, 41692
8,41691,1,1,1, 41692
6,41690,2,4,1, 41694
9,41692,2,2,1, 41694
24,41694,1,1,1, 41695
17,41694,3,3,1, 41697
1,41696,1,1,1, 41697
2,41698,2,2,1, 41700
24,41699,1,1,0, 41700
18,41698,4,4,1, 41702
17,41699,3,3,1, 41702
25,41700,2,2,1, 41702
1,41701,1,1,1, 41702
2,41703,2,2,1, 41705
24,41704,1,1,0, 41705
1,41706,1,1,0, 41707
11,41704,4,4,1, 41708
3,41707,3,3,1, 41710
2,41708,2,2,1, 41710
24,41709,1,1,0, 41710
1,41711,1,1,1, 41712
11,41709,4,4,1, 41713
9,41712,2,2,1, 41714
24,41714,1,1,1, 41715
24,41719,1,1,1, 41720
24,41724,1,1,1, 41725
24,41729,1,1,0, 41730
24,41734,1,1,0, 41735
24,41739,1,1,0, 41740
24,41744,1,1,0, 41745
24,41749,1,1,1, 41750
24,41754,1,1,1, 41755
24,41759,1,1,1, 41760
24,41764,1,1,1, 41765
24,41769,1,1,1, 41770
31,41771,2,2,1, 41773
24,41774,1,1,1, 41775
24,41779,1,1,1, 41780
31,41781,2,2,1, 41783
24,41784,1,1,0, 41785
31,41786,2,2,1, 41788
24,41789,1,1,0, 41790
31,41791,2,2,1, 41793
24,41794,1,1,0, 41795
24,41799,1,1,0, 41800
8,41801,1,1,1, 41802
24,41804,1,1,0, 41805
8,41806,1,1,0, 41807
24,41809,1,1,1, 41810
8,41811,1,1,1, 41812
24,41814,1,1,0, 41815
8,41816,1,1,0, 41817
31,41816,2,2,1, 41818
24,41819,1,1,0, 41820
1,41821,1,1,0, 41822
8,41821,1,1,0, 41822
24,41824,1,1,0, 41825
1,41826,1,1,0, 41827
8,41826,1,1,1, 41827
31,41826,2,2,1, 41828
2,41828,2,2,1, 41830
24,41829,1,1,0, 41830
1,41831,1,1,0, 41832
8,41831,1,1,0, 41832
2,41833,2,2,1, 41835
24,41834,1,1,0, 41835
1,41836,1,1,0, 41837
8,41836,1,1,1, 41837
15,41836,2,2,1, 41838
31,41836,2,2,1, 41838
24,41839,1,1,0, 41840
30,41838,3,3,1, 41841
29,41838,4,4,1, 41842
1,41841,1,1,0, 41842
8,41841,1,1,1, 41842
15,41841,2,2,1, 41843
2,41843,2,2,1, 41845
24,41844,1,1,0, 41845
30,41843,3,3,1, 41846
1,41846,1,1,0, 41847
8,41846,1,1,1, 41847
2,41848,2,2,1, 41850
1,41851,1,1,0, 41852
8,41851,1,1,0, 41852
1,41856,1,1,1, 41857
8,41856,1,1,1, 41857
1,41861,1,1,1, 41862
8,41861,1,1,1, 41862
15,41861,2,2,1, 41863
3,41862,3,3,1, 41865
2,41863,2,2,1, 41865
25,41865,2,2,1, 41867
1,41866,1,1,0, 41867
8,41866,1,1,1, 41867
15,41866,2,2,1, 41868
9,41867,2,2,1, 41869
3,41867,3,3,1, 41870
2,41868,2,2,1, 41870
25,41870,2,2,1, 41872
1,41871,1,1,0, 41872
8,41871,1,1,1, 41872
11,41869,4,4,1, 41873
15,41871,2,2,1, 41873
9,41872,2,2,1, 41874
8,41876,1,1,1, 41877
8,41881,1,1,0, 41882
13,41879,4,4,1, 41883
15,41881,2,2,1, 41883
6,41880,2,4,1, 41884
8,41886,1,1,1, 41887
15,41886,2,2,1, 41888
6,41885,2,4,1, 41889
8,41891,1,1,1, 41892
13,41889,4,4,1, 41893
24,41954,1,1,1, 41955
24,41959,1,1,0, 41960
24,41964,1,1,0, 41965
24,41969,1,1,1, 41970
24,41974,1,1,1, 41975
24,41979,1,1,1, 41980
17,41979,3,3,1, 41982
25,41980,2,2,1, 41982
1,41981,1,1,1, 41982
24,41984,1,1,1, 41985
30,41983,3,3,1, 41986
25,41985,2,2,1, 41987
1,41986,1,1,1, 41987
9,41987,2,2,1, 41989
24,41989,1,1,1, 41990
29,41988,4,4,1, 41992
1,41991,1,1,0, 41992
31,41991,2,2,1, 41993
9,41992,2,2,1, 41994
24,41994,1,1,1, 41995
30,41993,3,3,1, 41996
29,41993,4,4,1, 41997
25,41995,2,2,1, 41997
1,41996,1,1,0, 41997
24,41999,1,1,0, 42000
30,41998,3,3,1, 42001
29,41998,4,4,1, 42002
17,41999,3,3,1, 42002
1,42001,1,1,0, 42002
8,42001,1,1,0, 42002
22,42001,4,4,1, 42005
24,42004,1,1,1, 42005
16,42004,2,2,1, 42006
25,42005,2,2,1, 42007
1,42006,1,1,1, 42007
8,42006,1,1,0, 42007
31,42006,2,2,1, 42008
22,42006,4,4,1, 42010
24,42009,1,1,1, 42010
23,42008,3,3,1, 42011
16,42009,2,2,1, 42011
25,42010,2,2,1, 42012
1,42011,1,1,1, 42012
8,42011,1,1,1, 42012
26,42012,3,3,1, 42015
24,42014,1,1,1, 42015
16,42014,2,2,1, 42016
25,42015,2,2,1, 42017
1,42016,1,1,0, 42017
8,42016,1,1,1, 42017
31,42016,2,2,1, 42018
22,42016,4,4,1, 42020
24,42019,1,1,1, 42020
25,42020,2,2,1, 42022
1,42021,1,1,0, 42022
8,42021,1,1,1, 42022
26,42022,3,3,1, 42025
2,42023,2,2,1, 42025
24,42024,1,1,0, 42025
8,42026,1,1,0, 42027
24,42029,1,1,1, 42030
8,42031,1,1,0, 42032
31,42031,2,2,1, 42033
24,42034,1,1,0, 42035
8,42036,1,1,0, 42037
15,42036,2,2,1, 42038
31,42036,2,2,1, 42038
24,42039,1,1,0, 42040
8,42041,1,1,0, 42042
15,42041,2,2,1, 42043
6,42040,2,4,1, 42044
24,42044,1,1,0, 42045
8,42046,1,1,0, 42047
13,42044,4,4,1, 42048
6,42045,2,4,1, 42049
24,42049,1,1,1, 42050
8,42051,1,1,1, 42052
15,42051,2,2,1, 42053
31,42051,2,2,1, 42053
17,42129,3,3,1, 42132
1,42131,1,1,0, 42132
17,42134,3,3,1, 42137
25,42135,2,2,1, 42137
1,42136,1,1,1, 42137
9,42137,2,2,1, 42139
25,42140,2,2,1, 42142
1,42141,1,1,1, 42142
9,42142,2,2,1, 42144
17,42144,3,3,1, 42147
1,42146,1,1,1, 42147
9,42147,2,2,1, 42149
17,42149,3,3,1, 42152
25,42150,2,2,1, 42152
1,42151,1,1,1, 42152
9,42152,2,2,1, 42154
24,42154,1,1,1, 42155
25,42155,2,2,1, 42157
1,42156,1,1,0, 42157
9,42157,2,2,1, 42159
24,42159,1,1,1, 42160
25,42160,2,2,1, 42162
1,42161,1,1,0, 42162
8,42161,1,1,0, 42162
9,42162,2,2,1, 42164
24,42164,1,1,1, 42165
8,42166,1,1,0, 42167
24,42169,1,1,0, 42170
8,42171,1,1,0, 42172
24,42174,1,1,0, 42175
8,42176,1,1,1, 42177
24,42179,1,1,1, 42180
16,42179,2,2,1, 42181
8,42181,1,1,1, 42182
24,42184,1,1,0, 42185
8,42186,1,1,0, 42187
24,42189,1,1,1, 42190
8,42191,1,1,1, 42192
24,42194,1,1,1, 42195
16,42194,2,2,1, 42196
8,42196,1,1,1, 42197
24,42199,1,1,0, 42200
8,42201,1,1,1, 42202
15,42201,2,2,1, 42203
24,42204,1,1,1, 42205
8,42206,1,1,1, 42207
24,42209,1,1,1, 42210
16,42209,2,2,1, 42211
8,42211,1,1,0, 42212
24,42214,1,1,1, 42215
16,42214,2,2,1, 42216
8,42216,1,1,1, 42217
24,42219,1,1,1, 42220
16,42219,2,2,1, 42221
14,42219,3,3,1, 42222
8,42221,1,1,1, 42222
13,42219,4,4,1, 42223
15,42221,2,2,1, 42223
24,42224,1,1,1, 42225
14,42224,3,3,1, 42227
8,42226,1,1,1, 42227
22,42226,4,4,1, 42230
24,42229,1,1,1, 42230
16,42229,2,2,1, 42231
8,42231,1,1,0, 42232
13,42229,4,4,1, 42233
31,42231,2,2,1, 42233
24,42234,1,1,0, 42235
24,42239,1,1,1, 42240
24,42244,1,1,1, 42245
31,42246,2,2,1, 42248
24,42249,1,1,1, 42250
31,42251,2,2,1, 42253
24,42254,1,1,0, 42255
24,42259,1,1,1, 42260
24,42264,1,1,0, 42265
1,42266,1,1,0, 42267
24,42269,1,1,1, 42270
25,42270,2,2,1, 42272
1,42271,1,1,1, 42272
24,42274,1,1,1, 42275
25,42275,2,2,1, 42277
1,42276,1,1,0, 42277
31,42276,2,2,1, 42278
24,42279,1,1,1, 42280
1,42281,1,1,0, 42282
24,42284,1,1,0, 42285
25,42285,2,2,1, 42287
1,42286,1,1,0, 42287
31,42286,2,2,1, 42288
24,42289,1,1,1, 42290
25,42290,2,2,1, 42292
1,42291,1,1,1, 42292
31,42291,2,2,1, 42293
24,42294,1,1,0, 42295
1,42296,1,1,0, 42297
24,42299,1,1,1, 42300
1,42301,1,1,0, 42302
31,42301,2,2,1, 42303
24,42304,1,1,0, 42305
1,42306,1,1,0, 42307
9,42307,2,2,1, 42309
24,42309,1,1,0, 42310
1,42311,1,1,0, 42312
9,42312,2,2,1, 42314
24,42314,1,1,1, 42315
1,42316,1,1,1, 42317
9,42317,2,2,1, 42319
24,42319,1,1,1, 42320
29,42318,4,4,1, 42322
1,42321,1,1,0, 42322
9,42322,2,2,1, 42324
24,42324,1,1,1, 42325
29,42323,4,4,1, 42327
1,42326,1,1,0, 42327
9,42327,2,2,1, 42329
2,42328,2,2,1, 42330
1,42331,1,1,1, 42332
9,42332,2,2,1, 42334
2,42333,2,2,1, 42335
1,42336,1,1,0, 42337
1,42341,1,1,0, 42342
9,42342,2,2,1, 42344
8,42346,1,1,1, 42347
8,42351,1,1,1, 42352
8,42356,1,1,1, 42357
8,42361,1,1,1, 42362
8,42366,1,1,0, 42367
8,42371,1,1,0, 42372
8,42376,1,1,1, 42377
8,42381,1,1,1, 42382
8,42386,1,1,1, 42387
8,42391,1,1,1, 42392
8,42396,1,1,0, 42397
15,42396,2,2,1, 42398
8,42401,1,1,0, 42402
16,42404,2,2,1, 42406
8,42406,1,1,0, 42407
15,42406,2,2,1, 42408
8,42411,1,1,1, 42412
8,42416,1,1,0, 42417
8,42421,1,1,1, 42422
16,42424,2,2,1, 42426
8,42426,1,1,0, 42427
15,42426,2,2,1, 42428
24,42429,1,1,1, 42430
8,42431,1,1,0, 42432
15,42431,2,2,1, 42433
24,42434,1,1,1, 42435
16,42434,2,2,1, 42436
8,42436,1,1,1, 42437
24,42439,1,1,1, 42440
16,42439,2,2,1, 42441
8,42441,1,1,1, 42442
24,42444,1,1,0, 42445
16,42444,2,2,1, 42446
14,42444,3,3,1, 42447
8,42446,1,1,0, 42447
6,42445,2,4,1, 42449
24,42449,1,1,0, 42450
25,42450,2,2,1, 42452
1,42451,1,1,1, 42452
24,42454,1,1,1, 42455
25,42455,2,2,1, 42457
1,42456,1,1,1, 42457
24,42459,1,1,1, 42460
25,42460,2,2,1, 42462
1,42461,1,1,1, 42462
24,42464,1,1,1, 42465
1,42466,1,1,0, 42467
31,42466,2,2,1, 42468
24,42469,1,1,1, 42470
1,42471,1,1,1, 42472
24,42474,1,1,0, 42475
25,42475,2,2,1, 42477
1,42476,1,1,1, 42477
24,42479,1,1,0, 42480
1,42481,1,1,0, 42482
3,42482,3,3,1, 42485
2,42483,2,2,1, 42485
24,42484,1,1,1, 42485
19,42481,5,5,1, 42486
1,42486,1,1,1, 42487
11,42484,4,4,1, 42488
31,42486,2,2,1, 42488
3,42487,3,3,1, 42490
24,42489,1,1,0, 42490
25,42490,2,2,1, 42492
1,42491,1,1,0, 42492
4,42491,4,4,1, 42495
2,42493,2,2,1, 42495
24,42494,1,1,1, 42495
5,42492,3,5,1, 42497
25,42495,2,2,1, 42497
24,42499,1,1,1, 42500
24,42504,1,1,0, 42505
31,42506,2,2,1, 42508
24,42509,1,1,1, 42510
31,42511,2,2,1, 42513
24,42514,1,1,1, 42515
31,42516,2,2,1, 42518
24,42519,1,1,0, 42520
30,42518,3,3,1, 42521
31,42521,2,2,1, 42523
24,42524,1,1,1, 42525
29,42523,4,4,1, 42527
31,42526,2,2,1, 42528
24,42529,1,1,0, 42530
30,42528,3,3,1, 42531
31,42531,2,2,1, 42533
24,42534,1,1,0, 42535
31,42536,2,2,1, 42538
8,42556,1,1,0, 42557
8,42561,1,1,1, 42562
8,42566,1,1,0, 42567
8,42571,1,1,0, 42572
8,42576,1,1,0, 42577
8,42581,1,1,1, 42582
8,42586,1,1,0, 42587
8,42591,1,1,0, 42592
8,42596,1,1,1, 42597
1,42601,1,1,0, 42602
8,42601,1,1,1, 42602
15,42601,2,2,1, 42603
9,42602,2,2,1, 42604
25,42605,2,2,1, 42607
1,42606,1,1,0, 42607
8,42606,1,1,0, 42607
15,42606,2,2,1, 42608
9,42607,2,2,1, 42609
25,42610,2,2,1, 42612
1,42611,1,1,0, 42612
8,42611,1,1,1, 42612
9,42612,2,2,1, 42614
17,42614,3,3,1, 42617
25,42615,2,2,1, 42617
1,42616,1,1,0, 42617
8,42616,1,1,1, 42617
6,42615,2,4,1, 42619
3,42617,3,3,1, 42620
26,42617,3,3,1, 42620
14,42619,3,3,1, 42622
1,42621,1,1,0, 42622
8,42621,1,1,0, 42622
15,42621,2,2,1, 42623
6,42620,2,4,1, 42624
1,42626,1,1,1, 42627
8,42626,1,1,1, 42627
15,42626,2,2,1, 42628
26,42627,3,3,1, 42630
2,42628,2,2,1, 42630
16,42629,2,2,1, 42631
14,42629,3,3,1, 42632
1,42631,1,1,0, 42632
8,42631,1,1,0, 42632
13,42629,4,4,1, 42633
6,42630,2,4,1, 42634
3,42632,3,3,1, 42635
2,42633,2,2,1, 42635
8,42636,1,1,0, 42637
6,42635,2,4,1, 42639
14,42639,3,3,1, 42642
24,42649,1,1,1, 42650
24,42654,1,1,1, 42655
24,42659,1,1,1, 42660
24,42664,1,1,1, 42665
24,42669,1,1,1, 42670
24,42674,1,1,1, 42675
24,42679,1,1,0, 42680
24,42684,1,1,1, 42685
31,42686,2,2,1, 42688
24,42689,1,1,0, 42690
31,42691,2,2,1, 42693
24,42694,1,1,0, 42695
31,42696,2,2,1, 42698
24,42699,1,1,1, 42700
31,42701,2,2,1, 42703
24,42704,1,1,1, 42705
24,42709,1,1,0, 42710
31,42711,2,2,1, 42713
24,42714,1,1,1, 42715
31,42716,2,2,1, 42718
24,42719,1,1,0, 42720
24,42724,1,1,1, 42725
31,42726,2,2,1, 42728
24,42729,1,1,0, 42730
30,42728,3,3,1, 42731
29,42728,4,4,1, 42732
31,42731,2,2,1, 42733
24,42734,1,1,0, 42735
29,42733,4,4,1, 42737
9,42737,2,2,1, 42739
25,42740,2,2,1, 42742
1,42741,1,1,0, 42742
9,42742,2,2,1, 42744
25,42745,2,2,1, 42747
1,42746,1,1,0, 42747
8,42746,1,1,1, 42747
17,42749,3,3,1, 42752
25,42750,2,2,1, 42752
1,42751,1,1,0, 42752
8,42751,1,1,0, 42752
9,42752,2,2,1, 42754
1,42756,1,1,0, 42757
8,42756,1,1,1, 42757
1,42761,1,1,1, 42762
8,42761,1,1,1, 42762
25,42765,2,2,1, 42767
1,42766,1,1,1, 42767
8,42766,1,1,1, 42767
17,42769,3,3,1, 42772
1,42771,1,1,0, 42772
8,42771,1,1,1, 42772
2,42773,2,2,1, 42775
1,42776,1,1,0, 42777
8,42776,1,1,0, 42777
15,42776,2,2,1, 42778
2,42778,2,2,1, 42780
17,42779,3,3,1, 42782
1,42781,1,1,0, 42782
8,42781,1,1,1, 42782
15,42781,2,2,1, 42783
9,42782,2,2,1, 42784
2,42783,2,2,1, 42785
8,42786,1,1,1, 42787
15,42786,2,2,1, 42788
8,42791,1,1,0, 42792
15,42791,2,2,1, 42793
8,42796,1,1,1, 42797
14,42799,3,3,1, 42802
8,42801,1,1,0, 42802
8,42806,1,1,0, 42807
14,42809,3,3,1, 42812
8,42811,1,1,1, 42812
8,42816,1,1,1, 42817
15,42816,2,2,1, 42818
8,42821,1,1,1, 42822
14,42824,3,3,1, 42827
8,42826,1,1,0, 42827
6,42825,2,4,1, 42829
23,42828,3,3,1, 42831
8,42831,1,1,1, 42832
6,42830,2,4,1, 42834
23,42833,3,3,1, 42836
14,42834,3,3,1, 42837
24,42844,1,1,0, 42845
24,42849,1,1,1, 42850
24,42854,1,1,1, 42855
24,42859,1,1,1, 42860
24,42864,1,1,0, 42865
24,42869,1,1,0, 42870
24,42874,1,1,0, 42875
24,42879,1,1,1, 42880
24,42884,1,1,0, 42885
31,42886,2,2,1, 42888
24,42889,1,1,1, 42890
1,42891,1,1,1, 42892
24,42894,1,1,0, 42895
17,42894,3,3,1, 42897
1,42896,1,1,1, 42897
31,42896,2,2,1, 42898
24,42899,1,1,1, 42900
17,42899,3,3,1, 42902
1,42901,1,1,1, 42902
24,42904,1,1,1, 42905
1,42906,1,1,1, 42907
24,42909,1,1,1, 42910
1,42911,1,1,0, 42912
24,42914,1,1,0, 42915
1,42916,1,1,1, 42917
24,42919,1,1,1, 42920
1,42921,1,1,0, 42922
31,42921,2,2,1, 42923
24,42924,1,1,1, 42925
1,42926,1,1,1, 42927
31,42926,2,2,1, 42928
24,42929,1,1,0, 42930
1,42931,1,1,0, 42932
24,42934,1,1,1, 42935
1,42936,1,1,1, 42937
24,42939,1,1,0, 42940
1,42941,1,1,0, 42942
31,42941,2,2,1, 42943
2,42943,2,2,1, 42945
24,42944,1,1,0, 42945
30,42943,3,3,1, 42946
1,42946,1,1,0, 42947
8,42946,1,1,0, 42947
31,42946,2,2,1, 42948
12,42945,5,5,1, 42950
4,42946,4,4,1, 42950
3,42947,3,3,1, 42950
2,42948,2,2,1, 42950
24,42949,1,1,1, 42950
5,42947,3,5,1, 42952
1,42951,1,1,1, 42952
8,42951,1,1,0, 42952
11,42949,4,4,1, 42953
20,42948,6,6,1, 42954
28,42949,5,5,1, 42954
12,42950,5,5,1, 42955
2,42953,2,2,1, 42955
24,42954,1,1,1, 42955
19,42951,5,5,1, 42956
29,42953,4,4,1, 42957
8,42956,1,1,1, 42957
24,42959,1,1,0, 42960
8,42961,1,1,1, 42962
31,42961,2,2,1, 42963
24,42964,1,1,1, 42965
30,42963,3,3,1, 42966
8,42966,1,1,0, 42967
8,42971,1,1,1, 42972
8,42976,1,1,0, 42977
15,42976,2,2,1, 42978
16,42979,2,2,1, 42981
8,42981,1,1,1, 42982
15,42981,2,2,1, 42983
22,42981,4,4,1, 42985
16,42984,2,2,1, 42986
8,42986,1,1,0, 42987
16,42989,2,2,1, 42991
8,42991,1,1,0, 42992
15,42991,2,2,1, 42993
22,42991,4,4,1, 42995
23,42993,3,3,1, 42996
8,42996,1,1,1, 42997
8,43001,1,1,1, 43002
15,43001,2,2,1, 43003
8,43006,1,1,1, 43007
15,43006,2,2,1, 43008
8,43011,1,1,0, 43012
15,43011,2,2,1, 43013
17,43059,3,3,1, 43062
25,43060,2,2,1, 43062
1,43061,1,1,1, 43062
9,43062,2,2,1, 43064
17,43064,3,3,1, 43067
1,43066,1,1,0, 43067
9,43067,2,2,1, 43069
3,43067,3,3,1, 43070
26,43067,3,3,1, 43070
2,43068,2,2,1, 43070
24,43069,1,1,1, 43070
17,43069,3,3,1, 43072
1,43071,1,1,0, 43072
3,43072,3,3,1, 43075
24,43074,1,1,0, 43075
17,43074,3,3,1, 43077
1,43076,1,1,0, 43077
2,43078,2,2,1, 43080
24,43079,1,1,1, 43080
18,43078,4,4,1, 43082
17,43079,3,3,1, 43082
25,43080,2,2,1, 43082
24,43084,1,1,0, 43085
24,43089,1,1,0, 43090
24,43094,1,1,0, 43095
24,43099,1,1,1, 43100
24,43104,1,1,0, 43105
24,43109,1,1,0, 43110
24,43114,1,1,0, 43115
8,43116,1,1,1, 43117
31,43116,2,2,1, 43118
24,43119,1,1,1, 43120
16,43119,2,2,1, 43121
29,43118,4,4,1, 43122
8,43121,1,1,0, 43122
31,43121,2,2,1, 43123
24,43124,1,1,0, 43125
16,43124,2,2,1, 43126
8,43126,1,1,1, 43127
31,43126,2,2,1, 43128
24,43129,1,1,0, 43130
29,43128,4,4,1, 43132
8,43131,1,1,0, 43132
24,43134,1,1,1, 43135
16,43134,2,2,1, 43136
8,43136,1,1,1, 43137
31,43136,2,2,1, 43138
24,43139,1,1,0, 43140
16,43139,2,2,1, 43141
8,43141,1,1,0, 43142
24,43144,1,1,1, 43145
8,43146,1,1,1, 43147
31,43146,2,2,1, 43148
24,43149,1,1,1, 43150
16,43149,2,2,1, 43151
8,43151,1,1,0, 43152
31,43151,2,2,1, 43153
24,43154,1,1,0, 43155
8,43156,1,1,1, 43157
15,43156,2,2,1, 43158
24,43159,1,1,0, 43160
8,43161,1,1,1, 43162
15,43161,2,2,1, 43163
31,43161,2,2,1, 43163
24,43164,1,1,0, 43165
16,43164,2,2,1, 43166
8,43166,1,1,0, 43167
15,43166,2,2,1, 43168
31,43166,2,2,1, 43168
8,43171,1,1,0, 43172
14,43174,3,3,1, 43177
8,43176,1,1,1, 43177
13,43174,4,4,1, 43178
15,43176,2,2,1, 43178
1,43186,1,1,1, 43187
25,43190,2,2,1, 43192
1,43191,1,1,0, 43192
25,43195,2,2,1, 43197
1,43196,1,1,1, 43197
17,43199,3,3,1, 43202
1,43201,1,1,0, 43202
9,43202,2,2,1, 43204
2,43203,2,2,1, 43205
17,43204,3,3,1, 43207
1,43206,1,1,1, 43207
17,43209,3,3,1, 43212
1,43211,1,1,1, 43212
9,43212,2,2,1, 43214
25,43215,2,2,1, 43217
1,43216,1,1,1, 43217
9,43217,2,2,1, 43219
25,43220,2,2,1, 43222
1,43221,1,1,0, 43222
3,43222,3,3,1, 43225
2,43223,2,2,1, 43225
24,43274,1,1,0, 43275
24,43279,1,1,1, 43280
24,43284,1,1,0, 43285
8,43286,1,1,1, 43287
24,43289,1,1,1, 43290
8,43291,1,1,0, 43292
24,43294,1,1,0, 43295
8,43296,1,1,1, 43297
24,43299,1,1,0, 43300
8,43301,1,1,1, 43302
24,43304,1,1,0, 43305
8,43306,1,1,0, 43307
24,43309,1,1,0, 43310
8,43311,1,1,0, 43312
24,43314,1,1,0, 43315
8,43316,1,1,0, 43317
24,43319,1,1,1, 43320
8,43321,1,1,1, 43322
15,43321,2,2,1, 43323
24,43324,1,1,0, 43325
14,43324,3,3,1, 43327
25,43325,2,2,1, 43327
1,43326,1,1,0, 43327
8,43326,1,1,1, 43327
13,43324,4,4,1, 43328
15,43326,2,2,1, 43328
24,43329,1,1,0, 43330
14,43329,3,3,1, 43332
25,43330,2,2,1, 43332
1,43331,1,1,0, 43332
8,43331,1,1,1, 43332
24,43334,1,1,0, 43335
25,43335,2,2,1, 43337
1,43336,1,1,1, 43337
8,43336,1,1,1, 43337
13,43334,4,4,1, 43338
15,43336,2,2,1, 43338
24,43339,1,1,1, 43340
25,43340,2,2,1, 43342
1,43341,1,1,0, 43342
8,43341,1,1,0, 43342
24,43344,1,1,0, 43345
16,43344,2,2,1, 43346
14,43344,3,3,1, 43347
1,43346,1,1,1, 43347
8,43346,1,1,0, 43347
13,43344,4,4,1, 43348
15,43346,2,2,1, 43348
2,43348,2,2,1, 43350
24,43349,1,1,1, 43350
1,43351,1,1,0, 43352
8,43351,1,1,0, 43352
24,43354,1,1,1, 43355
16,43354,2,2,1, 43356
1,43356,1,1,1, 43357
8,43356,1,1,1, 43357
24,43359,1,1,0, 43360
14,43359,3,3,1, 43362
1,43361,1,1,0, 43362
8,43361,1,1,1, 43362
13,43359,4,4,1, 43363
3,43362,3,3,1, 43365
24,43364,1,1,1, 43365
25,43365,2,2,1, 43367
1,43366,1,1,0, 43367
3,43367,3,3,1, 43370
24,43369,1,1,0, 43370
19,43366,5,5,1, 43371
1,43371,1,1,0, 43372
11,43369,4,4,1, 43373
31,43371,2,2,1, 43373
24,43374,1,1,0, 43375
1,43376,1,1,0, 43377
3,43377,3,3,1, 43380
24,43379,1,1,0, 43380
1,43381,1,1,0, 43382
31,43381,2,2,1, 43383
9,43382,2,2,1, 43384
3,43382,3,3,1, 43385
24,43384,1,1,0, 43385
31,43386,2,2,1, 43388
24,43389,1,1,1, 43390
31,43391,2,2,1, 43393
24,43394,1,1,0, 43395
31,43396,2,2,1, 43398
24,43399,1,1,1, 43400
31,43401,2,2,1, 43403
24,43404,1,1,0, 43405
31,43406,2,2,1, 43408
24,43409,1,1,0, 43410
31,43411,2,2,1, 43413
24,43414,1,1,1, 43415
24,43419,1,1,0, 43420
31,43421,2,2,1, 43423
24,43424,1,1,1, 43425
29,43423,4,4,1, 43427
8,43471,1,1,1, 43472
23,43473,3,3,1, 43476
8,43476,1,1,0, 43477
8,43481,1,1,0, 43482
23,43483,3,3,1, 43486
16,43484,2,2,1, 43486
8,43486,1,1,0, 43487
22,43486,4,4,1, 43490
1,43491,1,1,1, 43492
8,43491,1,1,1, 43492
9,43492,2,2,1, 43494
22,43491,4,4,1, 43495
25,43495,2,2,1, 43497
1,43496,1,1,0, 43497
8,43496,1,1,0, 43497
9,43497,2,2,1, 43499
22,43496,4,4,1, 43500
1,43501,1,1,0, 43502
8,43501,1,1,0, 43502
17,43504,3,3,1, 43507
1,43506,1,1,1, 43507
8,43506,1,1,0, 43507
17,43509,3,3,1, 43512
1,43511,1,1,0, 43512
8,43511,1,1,0, 43512
26,43512,3,3,1, 43515
17,43514,3,3,1, 43517
1,43516,1,1,1, 43517
8,43516,1,1,0, 43517
15,43516,2,2,1, 43518
9,43517,2,2,1, 43519
18,43518,4,4,1, 43522
1,43521,1,1,1, 43522
8,43521,1,1,0, 43522
26,43522,3,3,1, 43525
2,43523,2,2,1, 43525
17,43524,3,3,1, 43527
1,43526,1,1,1, 43527
8,43526,1,1,1, 43527
15,43526,2,2,1, 43528
3,43527,3,3,1, 43530
19,43526,5,5,1, 43531
8,43531,1,1,1, 43532
24,43534,1,1,0, 43535
8,43536,1,1,0, 43537
24,43539,1,1,1, 43540
8,43541,1,1,0, 43542
24,43544,1,1,0, 43545
8,43546,1,1,1, 43547
15,43546,2,2,1, 43548
24,43549,1,1,1, 43550
8,43551,1,1,1, 43552
24,43554,1,1,1, 43555
8,43556,1,1,0, 43557
15,43556,2,2,1, 43558
24,43559,1,1,0, 43560
8,43561,1,1,0, 43562
15,43561,2,2,1, 43563
24,43564,1,1,0, 43565
24,43569,1,1,0, 43570
24,43574,1,1,0, 43575
24,43579,1,1,0, 43580
24,43584,1,1,0, 43585
24,43589,1,1,1, 43590
31,43591,2,2,1, 43593
24,43594,1,1,1, 43595
24,43599,1,1,0, 43600
24,43604,1,1,1, 43605
31,43606,2,2,1, 43608
24,43609,1,1,1, 43610
24,43614,1,1,0, 43615
24,43619,1,1,0, 43620
24,43624,1,1,0, 43625
31,43626,2,2,1, 43628
24,43629,1,1,1, 43630
24,43634,1,1,0, 43635
1,43636,1,1,0, 43637
24,43639,1,1,1, 43640
25,43640,2,2,1, 43642
1,43641,1,1,1, 43642
24,43644,1,1,1, 43645
25,43645,2,2,1, 43647
1,43646,1,1,0, 43647
24,43649,1,1,1, 43650
25,43650,2,2,1, 43652
1,43651,1,1,0, 43652
31,43651,2,2,1, 43653
24,43654,1,1,1, 43655
25,43655,2,2,1, 43657
1,43656,1,1,1, 43657
31,43656,2,2,1, 43658
24,43659,1,1,1, 43660
25,43660,2,2,1, 43662
1,43661,1,1,0, 43662
31,43661,2,2,1, 43663
24,43664,1,1,0, 43665
25,43665,2,2,1, 43667
1,43666,1,1,1, 43667
2,43668,2,2,1, 43670
24,43669,1,1,0, 43670
17,43669,3,3,1, 43672
1,43671,1,1,1, 43672
8,43671,1,1,1, 43672
9,43672,2,2,1, 43674
24,43674,1,1,0, 43675
23,43673,3,3,1, 43676
16,43674,2,2,1, 43676
17,43674,3,3,1, 43677
25,43675,2,2,1, 43677
1,43676,1,1,0, 43677
8,43676,1,1,0, 43677
31,43676,2,2,1, 43678
9,43677,2,2,1, 43679
2,43678,2,2,1, 43680
24,43679,1,1,0, 43680
1,43681,1,1,0, 43682
8,43681,1,1,0, 43682
22,43681,4,4,1, 43685
3,43682,3,3,1, 43685
24,43684,1,1,1, 43685
23,43683,3,3,1, 43686
8,43686,1,1,0, 43687
22,43686,4,4,1, 43690
24,43689,1,1,1, 43690
23,43688,3,3,1, 43691
16,43689,2,2,1, 43691
8,43691,1,1,0, 43692
22,43691,4,4,1, 43695
24,43694,1,1,0, 43695
23,43693,3,3,1, 43696
30,43693,3,3,1, 43696
16,43694,2,2,1, 43696
8,43696,1,1,1, 43697
31,43696,2,2,1, 43698
22,43696,4,4,1, 43700
16,43699,2,2,1, 43701
8,43701,1,1,1, 43702
22,43701,4,4,1, 43705
1,43791,1,1,1, 43792
1,43796,1,1,1, 43797
25,43800,2,2,1, 43802
1,43801,1,1,1, 43802
24,43804,1,1,1, 43805
25,43805,2,2,1, 43807
1,43806,1,1,0, 43807
24,43809,1,1,1, 43810
25,43810,2,2,1, 43812
1,43811,1,1,1, 43812
8,43811,1,1,0, 43812
24,43814,1,1,0, 43815
16,43814,2,2,1, 43816
25,43815,2,2,1, 43817
1,43816,1,1,0, 43817
8,43816,1,1,1, 43817
24,43819,1,1,0, 43820
16,43819,2,2,1, 43821
25,43820,2,2,1, 43822
1,43821,1,1,1, 43822
8,43821,1,1,1, 43822
24,43824,1,1,1, 43825
16,43824,2,2,1, 43826
1,43826,1,1,1, 43827
8,43826,1,1,1, 43827
26,43827,3,3,1, 43830
2,43828,2,2,1, 43830
24,43829,1,1,0, 43830
18,43828,4,4,1, 43832
25,43830,2,2,1, 43832
1,43831,1,1,0, 43832
8,43831,1,1,0, 43832
2,43833,2,2,1, 43835
24,43834,1,1,1, 43835
25,43835,2,2,1, 43837
1,43836,1,1,1, 43837
8,43836,1,1,1, 43837
3,43837,3,3,1, 43840
2,43838,2,2,1, 43840
24,43839,1,1,0, 43840
16,43839,2,2,1, 43841
25,43840,2,2,1, 43842
1,43841,1,1,1, 43842
8,43841,1,1,1, 43842
24,43844,1,1,1, 43845
16,43844,2,2,1, 43846
18,43843,4,4,1, 43847
8,43846,1,1,0, 43847
31,43846,2,2,1, 43848
24,43849,1,1,0, 43850
8,43851,1,1,1, 43852
31,43851,2,2,1, 43853
22,43851,4,4,1, 43855
24,43854,1,1,0, 43855
23,43853,3,3,1, 43856
8,43856,1,1,0, 43857
22,43856,4,4,1, 43860
24,43859,1,1,1, 43860
23,43858,3,3,1, 43861
16,43859,2,2,1, 43861
8,43861,1,1,1, 43862
24,43864,1,1,0, 43865
8,43866,1,1,1, 43867
24,43869,1,1,0, 43870
23,43868,3,3,1, 43871
8,43871,1,1,1, 43872
22,43871,4,4,1, 43875
24,43874,1,1,1, 43875
23,43873,3,3,1, 43876
30,43873,3,3,1, 43876
31,43876,2,2,1, 43878
24,43879,1,1,1, 43880
29,43878,4,4,1, 43882
31,43881,2,2,1, 43883
24,43884,1,1,0, 43885
30,43883,3,3,1, 43886
24,43889,1,1,1, 43890
31,43891,2,2,1, 43893
24,43894,1,1,0, 43895
30,43893,3,3,1, 43896
31,43896,2,2,1, 43898
24,43899,1,1,1, 43900
30,43898,3,3,1, 43901
25,43955,2,2,1, 43957
1,43956,1,1,0, 43957
25,43960,2,2,1, 43962
1,43961,1,1,1, 43962
25,43965,2,2,1, 43967
1,43966,1,1,1, 43967
17,43969,3,3,1, 43972
25,43970,2,2,1, 43972
1,43971,1,1,0, 43972
25,43975,2,2,1, 43977
1,43976,1,1,0, 43977
25,43980,2,2,1, 43982
1,43981,1,1,0, 43982
8,43981,1,1,1, 43982
25,43985,2,2,1, 43987
1,43986,1,1,0, 43987
8,43986,1,1,0, 43987
25,43990,2,2,1, 43992
1,43991,1,1,1, 43992
8,43991,1,1,1, 43992
25,43995,2,2,1, 43997
1,43996,1,1,1, 43997
8,43996,1,1,0, 43997
1,44001,1,1,0, 44002
8,44001,1,1,0, 44002
24,44004,1,1,0, 44005
1,44006,1,1,1, 44007
8,44006,1,1,0, 44007
24,44009,1,1,1, 44010
25,44010,2,2,1, 44012
1,44011,1,1,0, 44012
8,44011,1,1,0, 44012
24,44014,1,1,1, 44015
1,44016,1,1,0, 44017
8,44016,1,1,1, 44017
24,44019,1,1,0, 44020
1,44021,1,1,1, 44022
8,44021,1,1,0, 44022
2,44023,2,2,1, 44025
24,44024,1,1,1, 44025
16,44024,2,2,1, 44026
18,44023,4,4,1, 44027
1,44026,1,1,1, 44027
8,44026,1,1,0, 44027
26,44027,3,3,1, 44030
24,44029,1,1,0, 44030
1,44031,1,1,1, 44032
8,44031,1,1,0, 44032
3,44032,3,3,1, 44035
24,44034,1,1,0, 44035
16,44034,2,2,1, 44036
8,44036,1,1,0, 44037
31,44036,2,2,1, 44038
24,44039,1,1,0, 44040
8,44041,1,1,0, 44042
24,44044,1,1,0, 44045
8,44046,1,1,1, 44047
24,44049,1,1,1, 44050
16,44049,2,2,1, 44051
8,44051,1,1,0, 44052
31,44051,2,2,1, 44053
24,44054,1,1,1, 44055
16,44054,2,2,1, 44056
8,44056,1,1,1, 44057
24,44059,1,1,0, 44060
16,44059,2,2,1, 44061
8,44061,1,1,0, 44062
24,44064,1,1,0, 44065
23,44063,3,3,1, 44066
16,44064,2,2,1, 44066
8,44066,1,1,0, 44067
15,44066,2,2,1, 44068
24,44069,1,1,1, 44070
16,44069,2,2,1, 44071
8,44071,1,1,1, 44072
24,44074,1,1,1, 44075
8,44076,1,1,1, 44077
24,44079,1,1,1, 44080
23,44078,3,3,1, 44081
16,44079,2,2,1, 44081
24,44084,1,1,1, 44085
30,44083,3,3,1, 44086
24,44089,1,1,1, 44090
30,44088,3,3,1, 44091
24,44094,1,1,1, 44095
30,44093,3,3,1, 44096
31,44096,2,2,1, 44098
24,44099,1,1,0, 44100
31,44101,2,2,1, 44103
24,44104,1,1,1, 44105
31,44106,2,2,1, 44108
24,44109,1,1,0, 44110
31,44111,2,2,1, 44113
24,44114,1,1,1, 44115
30,44113,3,3,1, 44116
1,44141,1,1,1, 44142
9,44142,2,2,1, 44144
17,44144,3,3,1, 44147
1,44146,1,1,0, 44147
9,44147,2,2,1, 44149
17,44149,3,3,1, 44152
1,44151,1,1,0, 44152
9,44152,2,2,1, 44154
17,44154,3,3,1, 44157
1,44156,1,1,1, 44157
9,44157,2,2,1, 44159
17,44159,3,3,1, 44162
1,44161,1,1,1, 44162
1,44166,1,1,1, 44167
1,44171,1,1,0, 44172
26,44172,3,3,1, 44175
18,44173,4,4,1, 44177
1,44176,1,1,1, 44177
1,44181,1,1,0, 44182
26,44182,3,3,1, 44185
1,44186,1,1,1, 44187
8,44186,1,1,0, 44187
26,44187,3,3,1, 44190
18,44188,4,4,1, 44192
1,44191,1,1,0, 44192
8,44191,1,1,1, 44192
26,44192,3,3,1, 44195
8,44196,1,1,0, 44197
8,44201,1,1,1, 44202
8,44206,1,1,1, 44207
8,44211,1,1,1, 44212
8,44216,1,1,1, 44217
8,44221,1,1,1, 44222
24,44224,1,1,0, 44225
8,44226,1,1,1, 44227
24,44229,1,1,0, 44230
8,44231,1,1,0, 44232
24,44234,1,1,1, 44235
8,44236,1,1,0, 44237
24,44239,1,1,1, 44240
8,44241,1,1,1, 44242
24,44244,1,1,0, 44245
16,44244,2,2,1, 44246
8,44246,1,1,1, 44247
24,44249,1,1,0, 44250
16,44249,2,2,1, 44251
8,44251,1,1,0, 44252
24,44254,1,1,0, 44255
8,44256,1,1,1, 44257
15,44256,2,2,1, 44258
31,44256,2,2,1, 44258
24,44259,1,1,0, 44260
8,44261,1,1,1, 44262
24,44264,1,1,1, 44265
14,44264,3,3,1, 44267
8,44266,1,1,0, 44267
15,44266,2,2,1, 44268
6,44265,2,4,1, 44269
22,44266,4,4,1, 44270
24,44269,1,1,0, 44270
23,44268,3,3,1, 44271
16,44269,2,2,1, 44271
8,44271,1,1,1, 44272
15,44271,2,2,1, 44273
24,44274,1,1,0, 44275
14,44274,3,3,1, 44277
8,44276,1,1,0, 44277
15,44276,2,2,1, 44278
31,44276,2,2,1, 44278
22,44276,4,4,1, 44280
24,44279,1,1,0, 44280
24,44284,1,1,0, 44285
31,44286,2,2,1, 44288
24,44289,1,1,1, 44290
31,44291,2,2,1, 44293
24,44294,1,1,0, 44295
31,44296,2,2,1, 44298
24,44299,1,1,1, 44300
31,44301,2,2,1, 44303
24,44304,1,1,1, 44305
17,44304,3,3,1, 44307
25,44305,2,2,1, 44307
1,44306,1,1,1, 44307
31,44306,2,2,1, 44308
9,44307,2,2,1, 44309
24,44309,1,1,0, 44310
17,44309,3,3,1, 44312
25,44310,2,2,1, 44312
1,44311,1,1,1, 44312
9,44312,2,2,1, 44314
24,44314,1,1,0, 44315
17,44314,3,3,1, 44317
1,44316,1,1,1, 44317
9,44317,2,2,1, 44319
24,44319,1,1,1, 44320
17,44319,3,3,1, 44322
1,44321,1,1,0, 44322
31,44321,2,2,1, 44323
24,44324,1,1,0, 44325
30,44323,3,3,1, 44326
29,44323,4,4,1, 44327
1,44326,1,1,0, 44327
31,44326,2,2,1, 44328
2,44328,2,2,1, 44330
24,44329,1,1,1, 44330
30,44328,3,3,1, 44331
17,44329,3,3,1, 44332
1,44331,1,1,1, 44332
25,44335,2,2,1, 44337
1,44336,1,1,0, 44337
2,44338,2,2,1, 44340
1,44341,1,1,0, 44342
25,44345,2,2,1, 44347
8,44386,1,1,0, 44387
8,44391,1,1,0, 44392
8,44396,1,1,0, 44397
8,44401,1,1,0, 44402
8,44406,1,1,1, 44407
8,44411,1,1,1, 44412
8,44416,1,1,0, 44417
8,44421,1,1,1, 44422
8,44426,1,1,1, 44427
15,44426,2,2,1, 44428
14,44429,3,3,1, 44432
8,44431,1,1,0, 44432
13,44429,4,4,1, 44433
15,44431,2,2,1, 44433
14,44434,3,3,1, 44437
8,44436,1,1,0, 44437
24,44439,1,1,0, 44440
16,44439,2,2,1, 44441
14,44439,3,3,1, 44442
8,44441,1,1,1, 44442
13,44439,4,4,1, 44443
24,44444,1,1,0, 44445
16,44444,2,2,1, 44446
14,44444,3,3,1, 44447
8,44446,1,1,0, 44447
24,44449,1,1,1, 44450
25,44450,2,2,1, 44452
1,44451,1,1,0, 44452
8,44451,1,1,1, 44452
13,44449,4,4,1, 44453
24,44454,1,1,1, 44455
16,44454,2,2,1, 44456
14,44454,3,3,1, 44457
25,44455,2,2,1, 44457
1,44456,1,1,0, 44457
8,44456,1,1,1, 44457
15,44456,2,2,1, 44458
24,44459,1,1,1, 44460
1,44461,1,1,1, 44462
24,44464,1,1,0, 44465
17,44464,3,3,1, 44467
1,44466,1,1,1, 44467
24,44469,1,1,1, 44470
25,44470,2,2,1, 44472
1,44471,1,1,1, 44472
9,44472,2,2,1, 44474
24,44474,1,1,1, 44475
17,44474,3,3,1, 44477
1,44476,1,1,0, 44477
24,44479,1,1,0, 44480
17,44479,3,3,1, 44482
1,44481,1,1,0, 44482
9,44482,2,2,1, 44484
24,44484,1,1,0, 44485
25,44485,2,2,1, 44487
1,44486,1,1,0, 44487
31,44486,2,2,1, 44488
9,44487,2,2,1, 44489
24,44489,1,1,1, 44490
17,44489,3,3,1, 44492
25,44490,2,2,1, 44492
1,44491,1,1,0, 44492
31,44491,2,2,1, 44493
9,44492,2,2,1, 44494
24,44494,1,1,0, 44495
1,44496,1,1,1, 44497
31,44496,2,2,1, 44498
24,44499,1,1,0, 44500
17,44499,3,3,1, 44502
24,44504,1,1,1, 44505
24,44509,1,1,0, 44510
24,44514,1,1,0, 44515
24,44519,1,1,1, 44520
30,44518,3,3,1, 44521
24,44524,1,1,0, 44525
30,44523,3,3,1, 44526
24,44529,1,1,1, 44530
29,44528,4,4,1, 44532
31,44531,2,2,1, 44533
24,44534,1,1,1, 44535
30,44533,3,3,1, 44536
24,44539,1,1,0, 44540
29,44538,4,4,1, 44542
24,44544,1,1,1, 44545
29,44543,4,4,1, 44547
8,44566,1,1,0, 44567
8,44571,1,1,1, 44572
8,44576,1,1,0, 44577
8,44581,1,1,1, 44582
8,44586,1,1,0, 44587
8,44591,1,1,1, 44592
8,44596,1,1,0, 44597
8,44601,1,1,0, 44602
25,44605,2,2,1, 44607
1,44606,1,1,1, 44607
8,44606,1,1,0, 44607
1,44611,1,1,0, 44612
8,44611,1,1,0, 44612
1,44616,1,1,1, 44617
8,44616,1,1,1, 44617
1,44621,1,1,0, 44622
8,44621,1,1,0, 44622
25,44625,2,2,1, 44627
1,44626,1,1,0, 44627
8,44626,1,1,0, 44627
1,44631,1,1,0, 44632
8,44631,1,1,0, 44632
15,44631,2,2,1, 44633
25,44635,2,2,1, 44637
1,44636,1,1,0, 44637
8,44636,1,1,0, 44637
14,44639,3,3,1, 44642
25,44640,2,2,1, 44642
1,44641,1,1,1, 44642
8,44641,1,1,0, 44642
6,44640,2,4,1, 44644
1,44646,1,1,0, 44647
8,44646,1,1,1, 44647
15,44646,2,2,1, 44648
1,44651,1,1,1, 44652
8,44651,1,1,0, 44652
15,44651,2,2,1, 44653
24,44654,1,1,0, 44655
25,44655,2,2,1, 44657
1,44656,1,1,1, 44657
8,44656,1,1,0, 44657
15,44656,2,2,1, 44658
6,44655,2,4,1, 44659
9,44657,2,2,1, 44659
24,44659,1,1,0, 44660
14,44659,3,3,1, 44662
1,44661,1,1,0, 44662
8,44661,1,1,0, 44662
6,44660,2,4,1, 44664
9,44662,2,2,1, 44664
2,44663,2,2,1, 44665
24,44664,1,1,0, 44665
25,44665,2,2,1, 44667
1,44666,1,1,1, 44667
8,44666,1,1,0, 44667
15,44666,2,2,1, 44668
2,44668,2,2,1, 44670
24,44669,1,1,0, 44670
1,44671,1,1,0, 44672
8,44671,1,1,0, 44672
15,44671,2,2,1, 44673
2,44673,2,2,1, 44675
24,44674,1,1,1, 44675
18,44673,4,4,1, 44677
1,44676,1,1,1, 44677
3,44677,3,3,1, 44680
2,44678,2,2,1, 44680
24,44679,1,1,1, 44680
24,44684,1,1,0, 44685
24,44689,1,1,0, 44690
30,44688,3,3,1, 44691
31,44691,2,2,1, 44693
24,44694,1,1,0, 44695
30,44693,3,3,1, 44696
24,44699,1,1,0, 44700
30,44698,3,3,1, 44701
24,44704,1,1,0, 44705
24,44709,1,1,0, 44710
24,44714,1,1,0, 44715
31,44716,2,2,1, 44718
24,44719,1,1,1, 44720
31,44721,2,2,1, 44723
24,44724,1,1,0, 44725
31,44726,2,2,1, 44728
24,44729,1,1,1, 44730
24,44734,1,1,1, 44735
31,44736,2,2,1, 44738
24,44739,1,1,1, 44740
31,44741,2,2,1, 44743
24,44744,1,1,1, 44745
24,44749,1,1,1, 44750
24,44754,1,1,0, 44755
24,44759,1,1,1, 44760
31,44761,2,2,1, 44763
24,44764,1,1,0, 44765
31,44766,2,2,1, 44768
8,44781,1,1,0, 44782
1,44786,1,1,0, 44787
8,44786,1,1,0, 44787
1,44791,1,1,0, 44792
8,44791,1,1,1, 44792
1,44796,1,1,1, 44797
8,44796,1,1,0, 44797
1,44801,1,1,1, 44802
8,44801,1,1,0, 44802
1,44806,1,1,0, 44807
8,44806,1,1,1, 44807
2,44808,2,2,1, 44810
1,44811,1,1,0, 44812
8,44811,1,1,0, 44812
15,44811,2,2,1, 44813
2,44813,2,2,1, 44815
25,44815,2,2,1, 44817
1,44816,1,1,0, 44817
8,44816,1,1,1, 44817
15,44816,2,2,1, 44818
26,44817,3,3,1, 44820
2,44818,2,2,1, 44820
25,44820,2,2,1, 44822
1,44821,1,1,1, 44822
8,44821,1,1,0, 44822
26,44822,3,3,1, 44825
1,44826,1,1,0, 44827
8,44826,1,1,0, 44827
15,44826,2,2,1, 44828
26,44827,3,3,1, 44830
2,44828,2,2,1, 44830
1,44831,1,1,1, 44832
8,44831,1,1,0, 44832
2,44833,2,2,1, 44835
25,44835,2,2,1, 44837
1,44836,1,1,1, 44837
8,44836,1,1,0, 44837
25,44840,2,2,1, 44842
1,44841,1,1,1, 44842
8,44841,1,1,1, 44842
15,44841,2,2,1, 44843
6,44840,2,4,1, 44844
3,44842,3,3,1, 44845
8,44846,1,1,1, 44847
15,44846,2,2,1, 44848
6,44845,2,4,1, 44849
8,44851,1,1,1, 44852
13,44849,4,4,1, 44853
15,44851,2,2,1, 44853
8,44856,1,1,0, 44857
6,44855,2,4,1, 44859
14,44859,3,3,1, 44862
8,44861,1,1,0, 44862
13,44859,4,4,1, 44863
24,44874,1,1,1, 44875
24,44879,1,1,1, 44880
24,44884,1,1,0, 44885
24,44889,1,1,0, 44890
24,44894,1,1,0, 44895
24,44899,1,1,1, 44900
24,44904,1,1,1, 44905
24,44909,1,1,0, 44910
24,44914,1,1,0, 44915
24,44919,1,1,1, 44920
24,44924,1,1,0, 44925
31,44926,2,2,1, 44928
24,44929,1,1,1, 44930
24,44934,1,1,0, 44935
31,44936,2,2,1, 44938
24,44939,1,1,0, 44940
31,44941,2,2,1, 44943
24,44944,1,1,0, 44945
24,44949,1,1,1, 44950
25,44950,2,2,1, 44952
1,44951,1,1,0, 44952
31,44951,2,2,1, 44953
24,44954,1,1,1, 44955
17,44954,3,3,1, 44957
25,44955,2,2,1, 44957
1,44956,1,1,1, 44957
31,44956,2,2,1, 44958
9,44957,2,2,1, 44959
24,44959,1,1,0, 44960
25,44960,2,2,1, 44962
1,44961,1,1,1, 44962
9,44962,2,2,1, 44964
24,44964,1,1,1, 44965
25,44965,2,2,1, 44967
1,44966,1,1,0, 44967
8,44966,1,1,0, 44967
31,44966,2,2,1, 44968
9,44967,2,2,1, 44969
24,44969,1,1,0, 44970
16,44969,2,2,1, 44971
17,44969,3,3,1, 44972
25,44970,2,2,1, 44972
1,44971,1,1,0, 44972
8,44971,1,1,0, 44972
22,44971,4,4,1, 44975
24,44974,1,1,1, 44975
17,44974,3,3,1, 44977
25,44975,2,2,1, 44977
1,44976,1,1,1, 44977
8,44976,1,1,1, 44977
31,44976,2,2,1, 44978
9,44977,2,2,1, 44979
26,44977,3,3,1, 44980
24,44979,1,1,0, 44980
16,44979,2,2,1, 44981
25,44980,2,2,1, 44982
1,44981,1,1,1, 44982
8,44981,1,1,0, 44982
26,44982,3,3,1, 44985
24,44984,1,1,1, 44985
16,44984,2,2,1, 44986
8,44986,1,1,0, 44987
15,44986,2,2,1, 44988
22,44986,4,4,1, 44990
24,44989,1,1,1, 44990
8,44991,1,1,1, 44992
24,44994,1,1,1, 44995
8,44996,1,1,0, 44997
24,44999,1,1,1, 45000
8,45001,1,1,0, 45002
24,45004,1,1,0, 45005
8,45006,1,1,1, 45007
13,45004,4,4,1, 45008
15,45006,2,2,1, 45008
31,45006,2,2,1, 45008
24,45009,1,1,0, 45010
8,45011,1,1,0, 45012
31,45011,2,2,1, 45013
8,45016,1,1,1, 45017
13,45014,4,4,1, 45018
14,45019,3,3,1, 45022
8,45021,1,1,0, 45022
13,45019,4,4,1, 45023
15,45021,2,2,1, 45023
8,45026,1,1,1, 45027
13,45024,4,4,1, 45028
25,45090,2,2,1, 45092
1,45091,1,1,0, 45092
1,45096,1,1,1, 45097
1,45101,1,1,1, 45102
1,45106,1,1,1, 45107
17,45109,3,3,1, 45112
25,45110,2,2,1, 45112
1,45111,1,1,1, 45112
24,45114,1,1,1, 45115
17,45114,3,3,1, 45117
1,45116,1,1,0, 45117
9,45117,2,2,1, 45119
24,45119,1,1,0, 45120
1,45121,1,1,1, 45122
24,45124,1,1,0, 45125
25,45125,2,2,1, 45127
1,45126,1,1,0, 45127
24,45129,1,1,1, 45130
1,45131,1,1,0, 45132
2,45133,2,2,1, 45135
24,45134,1,1,1, 45135
25,45135,2,2,1, 45137
1,45136,1,1,1, 45137
8,45136,1,1,0, 45137
22,45136,4,4,1, 45140
2,45138,2,2,1, 45140
24,45139,1,1,0, 45140
1,45141,1,1,0, 45142
8,45141,1,1,0, 45142
22,45141,4,4,1, 45145
24,45144,1,1,0, 45145
16,45144,2,2,1, 45146
25,45145,2,2,1, 45147
1,45146,1,1,0, 45147
8,45146,1,1,1, 45147
9,45147,2,2,1, 45149
24,45149,1,1,1, 45150
16,45149,2,2,1, 45151
1,45151,1,1,1, 45152
8,45151,1,1,0, 45152
2,45153,2,2,1, 45155
24,45154,1,1,0, 45155
23,45153,3,3,1, 45156
16,45154,2,2,1, 45156
1,45156,1,1,0, 45157
8,45156,1,1,1, 45157
9,45157,2,2,1, 45159
24,45159,1,1,1, 45160
23,45158,3,3,1, 45161
8,45161,1,1,0, 45162
22,45161,4,4,1, 45165
24,45164,1,1,1, 45165
23,45163,3,3,1, 45166
16,45164,2,2,1, 45166
8,45166,1,1,0, 45167
31,45166,2,2,1, 45168
22,45166,4,4,1, 45170
24,45169,1,1,1, 45170
23,45168,3,3,1, 45171
30,45168,3,3,1, 45171
16,45169,2,2,1, 45171
8,45171,1,1,1, 45172
24,45174,1,1,0, 45175
23,45173,3,3,1, 45176
8,45176,1,1,0, 45177
24,45179,1,1,0, 45180
30,45178,3,3,1, 45181
16,45179,2,2,1, 45181
31,45181,2,2,1, 45183
24,45184,1,1,0, 45185
31,45186,2,2,1, 45188
24,45189,1,1,1, 45190
31,45191,2,2,1, 45193
24,45194,1,1,1, 45195
24,45199,1,1,1, 45200
24,45204,1,1,0, 45205
24,45209,1,1,1, 45210
31,45211,2,2,1, 45213
24,45214,1,1,0, 45215
31,45216,2,2,1, 45218
24,45219,1,1,1, 45220
24,45224,1,1,1, 45225
24,45229,1,1,0, 45230
31,45231,2,2,1, 45233
24,45234,1,1,0, 45235
31,45236,2,2,1, 45238
1,45261,1,1,1, 45262
9,45262,2,2,1, 45264
17,45264,3,3,1, 45267
1,45266,1,1,1, 45267
1,45271,1,1,1, 45272
1,45276,1,1,1, 45277
1,45281,1,1,0, 45282
1,45286,1,1,1, 45287
16,45289,2,2,1, 45291
1,45291,1,1,1, 45292
8,45291,1,1,0, 45292
2,45293,2,2,1, 45295
16,45294,2,2,1, 45296
1,45296,1,1,0, 45297
8,45296,1,1,0, 45297
1,45301,1,1,1, 45302
8,45301,1,1,0, 45302
2,45303,2,2,1, 45305
16,45304,2,2,1, 45306
1,45306,1,1,1, 45307
8,45306,1,1,0, 45307
2,45308,2,2,1, 45310
1,45311,1,1,1, 45312
8,45311,1,1,1, 45312
3,45312,3,3,1, 45315
16,45314,2,2,1, 45316
1,45316,1,1,1, 45317
8,45316,1,1,0, 45317
11,45314,4,4,1, 45318
3,45317,3,3,1, 45320
1,45321,1,1,0, 45322
8,45321,1,1,0, 45322
11,45319,4,4,1, 45323
2,45323,2,2,1, 45325
1,45326,1,1,0, 45327
8,45326,1,1,1, 45327
11,45324,4,4,1, 45328
2,45328,2,2,1, 45330
16,45329,2,2,1, 45331
8,45331,1,1,0, 45332
16,45334,2,2,1, 45336
8,45336,1,1,1, 45337
24,45339,1,1,0, 45340
16,45339,2,2,1, 45341
8,45341,1,1,0, 45342
24,45344,1,1,0, 45345
16,45344,2,2,1, 45346
8,45346,1,1,1, 45347
24,45349,1,1,0, 45350
16,45349,2,2,1, 45351
8,45351,1,1,0, 45352
24,45354,1,1,1, 45355
8,45356,1,1,1, 45357
15,45356,2,2,1, 45358
22,45356,4,4,1, 45360
24,45359,1,1,1, 45360
16,45359,2,2,1, 45361
24,45364,1,1,0, 45365
24,45369,1,1,0, 45370
24,45374,1,1,1, 45375
24,45379,1,1,0, 45380
24,45384,1,1,1, 45385
24,45389,1,1,0, 45390
24,45394,1,1,1, 45395
24,45399,1,1,1, 45400
24,45404,1,1,0, 45405
24,45409,1,1,1, 45410
24,45414,1,1,1, 45415
24,45419,1,1,0, 45420
24,45424,1,1,1, 45425
24,45429,1,1,1, 45430
9,45432,2,2,1, 45434
24,45434,1,1,1, 45435
1,45436,1,1,1, 45437
9,45437,2,2,1, 45439
24,45439,1,1,1, 45440
25,45440,2,2,1, 45442
1,45441,1,1,1, 45442
31,45441,2,2,1, 45443
9,45442,2,2,1, 45444
24,45444,1,1,0, 45445
17,45444,3,3,1, 45447
25,45445,2,2,1, 45447
1,45446,1,1,1, 45447
9,45447,2,2,1, 45449
24,45449,1,1,0, 45450
17,45449,3,3,1, 45452
1,45451,1,1,0, 45452
9,45452,2,2,1, 45454
24,45454,1,1,1, 45455
25,45455,2,2,1, 45457
1,45456,1,1,1, 45457
31,45456,2,2,1, 45458
24,45459,1,1,0, 45460
25,45460,2,2,1, 45462
1,45461,1,1,0, 45462
31,45461,2,2,1, 45463
24,45464,1,1,0, 45465
17,45464,3,3,1, 45467
1,45466,1,1,1, 45467
8,45466,1,1,0, 45467
31,45466,2,2,1, 45468
26,45467,3,3,1, 45470
24,45469,1,1,1, 45470
25,45470,2,2,1, 45472
1,45471,1,1,0, 45472
8,45471,1,1,0, 45472
26,45472,3,3,1, 45475
24,45474,1,1,1, 45475
8,45476,1,1,1, 45477
31,45476,2,2,1, 45478
24,45479,1,1,1, 45480
8,45481,1,1,0, 45482
24,45484,1,1,1, 45485
8,45486,1,1,0, 45487
24,45489,1,1,1, 45490
8,45491,1,1,0, 45492
24,45494,1,1,1, 45495
8,45496,1,1,0, 45497
31,45496,2,2,1, 45498
24,45499,1,1,0, 45500
8,45501,1,1,1, 45502
31,45501,2,2,1, 45503
24,45504,1,1,0, 45505
29,45503,4,4,1, 45507
8,45506,1,1,0, 45507
24,45509,1,1,1, 45510
8,45511,1,1,1, 45512
31,45511,2,2,1, 45513
8,45516,1,1,0, 45517
8,45521,1,1,0, 45522
16,45524,2,2,1, 45526
8,45526,1,1,1, 45527
16,45529,2,2,1, 45531
8,45531,1,1,0, 45532
8,45536,1,1,1, 45537
16,45539,2,2,1, 45541
8,45541,1,1,1, 45542
15,45541,2,2,1, 45543
16,45544,2,2,1, 45546
8,45546,1,1,1, 45547
15,45546,2,2,1, 45548
8,45551,1,1,0, 45552
15,45551,2,2,1, 45553
16,45554,2,2,1, 45556
8,45556,1,1,1, 45557
14,45559,3,3,1, 45562
8,45561,1,1,1, 45562
13,45559,4,4,1, 45563
15,45561,2,2,1, 45563
16,45564,2,2,1, 45566
1,45576,1,1,0, 45577
9,45577,2,2,1, 45579
1,45581,1,1,1, 45582
17,45584,3,3,1, 45587
1,45586,1,1,0, 45587
9,45587,2,2,1, 45589
1,45591,1,1,1, 45592
9,45592,2,2,1, 45594
17,45594,3,3,1, 45597
25,45595,2,2,1, 45597
1,45596,1,1,1, 45597
9,45597,2,2,1, 45599
25,45600,2,2,1, 45602
1,45601,1,1,0, 45602
9,45602,2,2,1, 45604
17,45604,3,3,1, 45607
25,45605,2,2,1, 45607
1,45606,1,1,0, 45607
25,45610,2,2,1, 45612
1,45611,1,1,1, 45612
24,45614,1,1,0, 45615
1,45616,1,1,0, 45617
9,45617,2,2,1, 45619
24,45619,1,1,0, 45620
24,45624,1,1,0, 45625
24,45629,1,1,0, 45630
24,45634,1,1,0, 45635
24,45639,1,1,1, 45640
24,45644,1,1,0, 45645
24,45649,1,1,1, 45650
24,45654,1,1,1, 45655
24,45659,1,1,0, 45660
31,45661,2,2,1, 45663
24,45664,1,1,1, 45665
31,45666,2,2,1, 45668
24,45669,1,1,1, 45670
8,45671,1,1,1, 45672
31,45671,2,2,1, 45673
24,45674,1,1,0, 45675
8,45676,1,1,1, 45677
24,45679,1,1,1, 45680
8,45681,1,1,0, 45682
24,45684,1,1,1, 45685
8,45686,1,1,1, 45687
31,45686,2,2,1, 45688
24,45689,1,1,0, 45690
8,45691,1,1,1, 45692
24,45694,1,1,1, 45695
8,45696,1,1,0, 45697
24,45699,1,1,0, 45700
8,45701,1,1,0, 45702
31,45701,2,2,1, 45703
24,45704,1,1,0, 45705
30,45703,3,3,1, 45706
8,45706,1,1,1, 45707
31,45706,2,2,1, 45708
24,45709,1,1,1, 45710
8,45711,1,1,1, 45712
31,45711,2,2,1, 45713
24,45714,1,1,0, 45715
8,45716,1,1,1, 45717
31,45716,2,2,1, 45718
24,45719,1,1,0, 45720
30,45718,3,3,1, 45721
8,45721,1,1,1, 45722
16,45724,2,2,1, 45726
1,45726,1,1,1, 45727
8,45726,1,1,0, 45727
16,45729,2,2,1, 45731
25,45730,2,2,1, 45732
1,45731,1,1,0, 45732
8,45731,1,1,1, 45732
1,45736,1,1,0, 45737
8,45736,1,1,0, 45737
9,45737,2,2,1, 45739
16,45739,2,2,1, 45741
1,45741,1,1,0, 45742
8,45741,1,1,0, 45742
1,45746,1,1,0, 45747
8,45746,1,1,1, 45747
15,45746,2,2,1, 45748
16,45749,2,2,1, 45751
14,45749,3,3,1, 45752
25,45750,2,2,1, 45752
1,45751,1,1,0, 45752
8,45751,1,1,0, 45752
1,45756,1,1,0, 45757
8,45756,1,1,0, 45757
15,45756,2,2,1, 45758
22,45756,4,4,1, 45760
23,45758,3,3,1, 45761
16,45759,2,2,1, 45761
14,45759,3,3,1, 45762
1,45761,1,1,0, 45762
8,45761,1,1,0, 45762
6,45760,2,4,1, 45764
22,45761,4,4,1, 45765
17,45764,3,3,1, 45767
25,45765,2,2,1, 45767
1,45766,1,1,1, 45767
9,45767,2,2,1, 45769
1,45771,1,1,0, 45772
17,45774,3,3,1, 45777
25,45775,2,2,1, 45777
1,45776,1,1,1, 45777
2,45778,2,2,1, 45780
25,45780,2,2,1, 45782
1,45781,1,1,0, 45782
2,45783,2,2,1, 45785
25,45785,2,2,1, 45787
1,45786,1,1,0, 45787
2,45788,2,2,1, 45790
1,45791,1,1,1, 45792
1,45796,1,1,1, 45797
2,45798,2,2,1, 45800
24,45824,1,1,0, 45825
24,45829,1,1,0, 45830
24,45834,1,1,1, 45835
24,45839,1,1,0, 45840
24,45844,1,1,1, 45845
24,45849,1,1,1, 45850
24,45854,1,1,1, 45855
24,45859,1,1,1, 45860
24,45864,1,1,1, 45865
24,45869,1,1,1, 45870
8,45871,1,1,1, 45872
24,45874,1,1,1, 45875
8,45876,1,1,0, 45877
24,45879,1,1,0, 45880
8,45881,1,1,0, 45882
24,45884,1,1,1, 45885
8,45886,1,1,1, 45887
24,45889,1,1,1, 45890
8,45891,1,1,0, 45892
15,45891,2,2,1, 45893
24,45894,1,1,1, 45895
8,45896,1,1,0, 45897
31,45896,2,2,1, 45898
24,45899,1,1,0, 45900
8,45901,1,1,1, 45902
31,45901,2,2,1, 45903
9,45902,2,2,1, 45904
24,45904,1,1,0, 45905
17,45904,3,3,1, 45907
1,45906,1,1,0, 45907
8,45906,1,1,1, 45907
31,45906,2,2,1, 45908
9,45907,2,2,1, 45909
24,45909,1,1,0, 45910
17,45909,3,3,1, 45912
1,45911,1,1,1, 45912
8,45911,1,1,1, 45912
15,45911,2,2,1, 45913
24,45914,1,1,1, 45915
17,45914,3,3,1, 45917
1,45916,1,1,0, 45917
8,45916,1,1,0, 45917
31,45916,2,2,1, 45918
24,45919,1,1,0, 45920
14,45919,3,3,1, 45922
17,45919,3,3,1, 45922
1,45921,1,1,1, 45922
8,45921,1,1,1, 45922
15,45921,2,2,1, 45923
9,45922,2,2,1, 45924
24,45924,1,1,1, 45925
1,45926,1,1,1, 45927
8,45926,1,1,1, 45927
31,45926,2,2,1, 45928
6,45925,2,4,1, 45929
9,45927,2,2,1, 45929
24,45929,1,1,1, 45930
1,45931,1,1,1, 45932
8,45931,1,1,0, 45932
15,45931,2,2,1, 45933
9,45932,2,2,1, 45934
24,45934,1,1,1, 45935
14,45934,3,3,1, 45937
1,45936,1,1,1, 45937
8,45936,1,1,1, 45937
15,45936,2,2,1, 45938
31,45936,2,2,1, 45938
9,45937,2,2,1, 45939
24,45939,1,1,0, 45940
14,45939,3,3,1, 45942
1,45941,1,1,1, 45942
8,45941,1,1,1, 45942
15,45941,2,2,1, 45943
6,45940,2,4,1, 45944
9,45942,2,2,1, 45944
24,45944,1,1,0, 45945
16,45944,2,2,1, 45946
17,45944,3,3,1, 45947
1,45946,1,1,0, 45947
8,45946,1,1,0, 45947
13,45944,4,4,1, 45948
31,45946,2,2,1, 45948
24,45949,1,1,0, 45950
1,45951,1,1,0, 45952
26,45952,3,3,1, 45955
2,45953,2,2,1, 45955
24,45954,1,1,0, 45955
30,45953,3,3,1, 45956
1,45956,1,1,1, 45957
31,45956,2,2,1, 45958
9,45957,2,2,1, 45959
24,45959,1,1,1, 45960
30,45958,3,3,1, 45961
29,45958,4,4,1, 45962
8,46056,1,1,0, 46057
16,46059,2,2,1, 46061
8,46061,1,1,1, 46062
16,46064,2,2,1, 46066
25,46065,2,2,1, 46067
1,46066,1,1,0, 46067
8,46066,1,1,0, 46067
15,46066,2,2,1, 46068
24,46069,1,1,0, 46070
1,46071,1,1,0, 46072
8,46071,1,1,1, 46072
15,46071,2,2,1, 46073
22,46071,4,4,1, 46075
24,46074,1,1,1, 46075
23,46073,3,3,1, 46076
1,46076,1,1,1, 46077
8,46076,1,1,0, 46077
22,46076,4,4,1, 46080
24,46079,1,1,1, 46080
23,46078,3,3,1, 46081
16,46079,2,2,1, 46081
14,46079,3,3,1, 46082
25,46080,2,2,1, 46082
1,46081,1,1,1, 46082
8,46081,1,1,1, 46082
24,46084,1,1,0, 46085
16,46084,2,2,1, 46086
1,46086,1,1,1, 46087
8,46086,1,1,1, 46087
13,46084,4,4,1, 46088
24,46089,1,1,0, 46090
25,46090,2,2,1, 46092
1,46091,1,1,1, 46092
24,46094,1,1,1, 46095
25,46095,2,2,1, 46097
1,46096,1,1,1, 46097
24,46099,1,1,0, 46100
1,46101,1,1,1, 46102
24,46104,1,1,0, 46105
25,46105,2,2,1, 46107
1,46106,1,1,0, 46107
24,46109,1,1,1, 46110
25,46110,2,2,1, 46112
1,46111,1,1,1, 46112
9,46112,2,2,1, 46114
24,46114,1,1,0, 46115
17,46114,3,3,1, 46117
1,46116,1,1,1, 46117
9,46117,2,2,1, 46119
24,46119,1,1,0, 46120
1,46121,1,1,1, 46122
31,46121,2,2,1, 46123
9,46122,2,2,1, 46124
24,46124,1,1,1, 46125
18,46123,4,4,1, 46127
25,46125,2,2,1, 46127
1,46126,1,1,0, 46127
9,46127,2,2,1, 46129
2,46128,2,2,1, 46130
24,46129,1,1,1, 46130
31,46131,2,2,1, 46133
24,46134,1,1,1, 46135
24,46139,1,1,0, 46140
31,46141,2,2,1, 46143
24,46144,1,1,1, 46145
31,46146,2,2,1, 46148
24,46149,1,1,1, 46150
31,46151,2,2,1, 46153
24,46154,1,1,0, 46155
31,46156,2,2,1, 46158
24,46159,1,1,1, 46160
30,46158,3,3,1, 46161
24,46164,1,1,0, 46165
24,46169,1,1,1, 46170
29,46168,4,4,1, 46172
31,46171,2,2,1, 46173
24,46174,1,1,0, 46175
29,46173,4,4,1, 46177
24,46179,1,1,1, 46180
24,46184,1,1,1, 46185
30,46183,3,3,1, 46186
8,46191,1,1,0, 46192
16,46194,2,2,1, 46196
8,46196,1,1,0, 46197
16,46199,2,2,1, 46201
8,46201,1,1,1, 46202
8,46206,1,1,0, 46207
16,46209,2,2,1, 46211
8,46211,1,1,0, 46212
8,46216,1,1,1, 46217
16,46219,2,2,1, 46221
8,46221,1,1,1, 46222
8,46226,1,1,0, 46227
8,46231,1,1,0, 46232
1,46236,1,1,1, 46237
8,46236,1,1,0, 46237
9,46237,2,2,1, 46239
16,46239,2,2,1, 46241
25,46240,2,2,1, 46242
1,46241,1,1,1, 46242
8,46241,1,1,0, 46242
16,46244,2,2,1, 46246
25,46245,2,2,1, 46247
1,46246,1,1,0, 46247
8,46246,1,1,1, 46247
16,46249,2,2,1, 46251
25,46250,2,2,1, 46252
1,46251,1,1,1, 46252
8,46251,1,1,0, 46252
9,46252,2,2,1, 46254
16,46254,2,2,1, 46256
1,46256,1,1,0, 46257
8,46256,1,1,0, 46257
15,46256,2,2,1, 46258
6,46255,2,4,1, 46259
16,46259,2,2,1, 46261
25,46260,2,2,1, 46262
1,46261,1,1,0, 46262
1,46266,1,1,0, 46267
25,46270,2,2,1, 46272
1,46271,1,1,1, 46272
25,46275,2,2,1, 46277
1,46276,1,1,1, 46277
25,46280,2,2,1, 46282
1,46281,1,1,1, 46282
25,46285,2,2,1, 46287
1,46286,1,1,0, 46287
1,46291,1,1,0, 46292
24,46294,1,1,1, 46295
1,46296,1,1,0, 46297
24,46299,1,1,0, 46300
25,46300,2,2,1, 46302
1,46301,1,1,1, 46302
2,46303,2,2,1, 46305
24,46304,1,1,0, 46305
25,46305,2,2,1, 46307
1,46306,1,1,0, 46307
2,46308,2,2,1, 46310
24,46309,1,1,0, 46310
24,46314,1,1,1, 46315
24,46319,1,1,0, 46320
29,46318,4,4,1, 46322
24,46324,1,1,1, 46325
24,46329,1,1,1, 46330
30,46328,3,3,1, 46331
29,46328,4,4,1, 46332
24,46334,1,1,0, 46335
31,46336,2,2,1, 46338
24,46339,1,1,0, 46340
31,46341,2,2,1, 46343
24,46344,1,1,1, 46345
24,46349,1,1,0, 46350
31,46351,2,2,1, 46353
24,46354,1,1,0, 46355
31,46356,2,2,1, 46358
24,46359,1,1,0, 46360
31,46361,2,2,1, 46363
24,46364,1,1,1, 46365
8,46366,1,1,0, 46367
31,46366,2,2,1, 46368
24,46369,1,1,0, 46370
8,46371,1,1,1, 46372
24,46374,1,1,0, 46375
8,46376,1,1,0, 46377
24,46379,1,1,0, 46380
8,46381,1,1,1, 46382
24,46384,1,1,0, 46385
8,46386,1,1,1, 46387
31,46386,2,2,1, 46388
24,46389,1,1,1, 46390
8,46391,1,1,1, 46392
31,46391,2,2,1, 46393
8,46396,1,1,1, 46397
8,46401,1,1,0, 46402
8,46406,1,1,0, 46407
8,46411,1,1,1, 46412
15,46411,2,2,1, 46413
17,46414,3,3,1, 46417
1,46416,1,1,1, 46417
8,46416,1,1,1, 46417
15,46416,2,2,1, 46418
17,46419,3,3,1, 46422
1,46421,1,1,0, 46422
8,46421,1,1,1, 46422
9,46422,2,2,1, 46424
14,46424,3,3,1, 46427
17,46424,3,3,1, 46427
1,46426,1,1,0, 46427
8,46426,1,1,1, 46427
13,46424,4,4,1, 46428
1,46431,1,1,1, 46432
8,46431,1,1,1, 46432
15,46431,2,2,1, 46433
6,46430,2,4,1, 46434
9,46432,2,2,1, 46434
17,46434,3,3,1, 46437
25,46435,2,2,1, 46437
1,46436,1,1,0, 46437
8,46436,1,1,1, 46437
6,46435,2,4,1, 46439
16,46439,2,2,1, 46441
14,46439,3,3,1, 46442
25,46440,2,2,1, 46442
1,46441,1,1,1, 46442
8,46441,1,1,0, 46442
13,46439,4,4,1, 46443
15,46441,2,2,1, 46443
9,46442,2,2,1, 46444
25,46445,2,2,1, 46447
1,46446,1,1,0, 46447
2,46448,2,2,1, 46450
17,46449,3,3,1, 46452
1,46451,1,1,1, 46452
3,46452,3,3,1, 46455
25,46455,2,2,1, 46457
24,46499,1,1,1, 46500
24,46504,1,1,0, 46505
24,46509,1,1,0, 46510
24,46514,1,1,1, 46515
24,46519,1,1,1, 46520
24,46524,1,1,0, 46525
24,46529,1,1,0, 46530
24,46534,1,1,0, 46535
24,46539,1,1,1, 46540
24,46544,1,1,1, 46545
24,46549,1,1,0, 46550
8,46551,1,1,0, 46552
24,46554,1,1,0, 46555
8,46556,1,1,0, 46557
24,46559,1,1,1, 46560
1,46561,1,1,0, 46562
8,46561,1,1,1, 46562
24,46564,1,1,1, 46565
1,46566,1,1,0, 46567
8,46566,1,1,0, 46567
24,46569,1,1,1, 46570
1,46571,1,1,1, 46572
8,46571,1,1,0, 46572
24,46574,1,1,0, 46575
17,46574,3,3,1, 46577
1,46576,1,1,1, 46577
8,46576,1,1,1, 46577
15,46576,2,2,1, 46578
9,46577,2,2,1, 46579
24,46579,1,1,0, 46580
1,46581,1,1,1, 46582
8,46581,1,1,1, 46582
15,46581,2,2,1, 46583
24,46584,1,1,0, 46585
17,46584,3,3,1, 46587
1,46586,1,1,1, 46587
8,46586,1,1,0, 46587
24,46589,1,1,1, 46590
1,46591,1,1,1, 46592
8,46591,1,1,0, 46592
13,46589,4,4,1, 46593
15,46591,2,2,1, 46593
24,46594,1,1,1, 46595
17,46594,3,3,1, 46597
1,46596,1,1,1, 46597
8,46596,1,1,1, 46597
15,46596,2,2,1, 46598
24,46599,1,1,1, 46600
1,46601,1,1,1, 46602
8,46601,1,1,1, 46602
13,46599,4,4,1, 46603
15,46601,2,2,1, 46603
24,46604,1,1,1, 46605
14,46604,3,3,1, 46607
25,46605,2,2,1, 46607
1,46606,1,1,1, 46607
8,46606,1,1,0, 46607
13,46604,4,4,1, 46608
15,46606,2,2,1, 46608
31,46606,2,2,1, 46608
2,46608,2,2,1, 46610
24,46609,1,1,0, 46610
14,46609,3,3,1, 46612
1,46611,1,1,1, 46612
8,46611,1,1,0, 46612
31,46611,2,2,1, 46613
24,46614,1,1,1, 46615
17,46614,3,3,1, 46617
1,46616,1,1,1, 46617
8,46616,1,1,0, 46617
15,46616,2,2,1, 46618
9,46617,2,2,1, 46619
2,46618,2,2,1, 46620
24,46619,1,1,1, 46620
14,46619,3,3,1, 46622
1,46621,1,1,1, 46622
9,46622,2,2,1, 46624
2,46623,2,2,1, 46625
24,46624,1,1,0, 46625
24,46629,1,1,1, 46630
31,46631,2,2,1, 46633
24,46634,1,1,1, 46635
31,46636,2,2,1, 46638
24,46639,1,1,0, 46640
24,46644,1,1,0, 46645
30,46643,3,3,1, 46646
29,46643,4,4,1, 46647
31,46646,2,2,1, 46648
24,46649,1,1,0, 46650
30,46648,3,3,1, 46651
29,46648,4,4,1, 46652
31,46651,2,2,1, 46653
24,46654,1,1,1, 46655
30,46653,3,3,1, 46656
8,46726,1,1,0, 46727
25,46730,2,2,1, 46732
1,46731,1,1,0, 46732
8,46731,1,1,1, 46732
16,46734,2,2,1, 46736
25,46735,2,2,1, 46737
1,46736,1,1,1, 46737
8,46736,1,1,1, 46737
25,46740,2,2,1, 46742
1,46741,1,1,0, 46742
8,46741,1,1,0, 46742
16,46744,2,2,1, 46746
1,46746,1,1,1, 46747
8,46746,1,1,1, 46747
25,46750,2,2,1, 46752
1,46751,1,1,1, 46752
8,46751,1,1,1, 46752
1,46756,1,1,0, 46757
8,46756,1,1,1, 46757
1,46761,1,1,0, 46762
8,46761,1,1,1, 46762
24,46764,1,1,1, 46765
16,46764,2,2,1, 46766
25,46765,2,2,1, 46767
1,46766,1,1,1, 46767
8,46766,1,1,1, 46767
24,46769,1,1,1, 46770
25,46770,2,2,1, 46772
1,46771,1,1,1, 46772
8,46771,1,1,0, 46772
15,46771,2,2,1, 46773
24,46774,1,1,1, 46775
16,46774,2,2,1, 46776
1,46776,1,1,1, 46777
8,46776,1,1,1, 46777
24,46779,1,1,1, 46780
1,46781,1,1,0, 46782
8,46781,1,1,1, 46782
15,46781,2,2,1, 46783
24,46784,1,1,1, 46785
16,46784,2,2,1, 46786
1,46786,1,1,1, 46787
8,46786,1,1,1, 46787
15,46786,2,2,1, 46788
24,46789,1,1,1, 46790
14,46789,3,3,1, 46792
25,46790,2,2,1, 46792
1,46791,1,1,1, 46792
8,46791,1,1,0, 46792
9,46792,2,2,1, 46794
3,46792,3,3,1, 46795
2,46793,2,2,1, 46795
24,46794,1,1,0, 46795
14,46794,3,3,1, 46797
1,46796,1,1,0, 46797
8,46796,1,1,0, 46797
31,46796,2,2,1, 46798
9,46797,2,2,1, 46799
24,46799,1,1,0, 46800
23,46798,3,3,1, 46801
30,46798,3,3,1, 46801
16,46799,2,2,1, 46801
14,46799,3,3,1, 46802
25,46800,2,2,1, 46802
1,46801,1,1,0, 46802
3,46802,3,3,1, 46805
24,46804,1,1,0, 46805
30,46803,3,3,1, 46806
24,46809,1,1,1, 46810
24,46814,1,1,1, 46815
30,46813,3,3,1, 46816
31,46816,2,2,1, 46818
24,46819,1,1,1, 46820
24,46824,1,1,1, 46825
30,46823,3,3,1, 46826
24,46829,1,1,0, 46830
24,46834,1,1,0, 46835
24,46839,1,1,0, 46840
31,46841,2,2,1, 46843
24,46844,1,1,0, 46845
29,46843,4,4,1, 46847
24,46849,1,1,1, 46850
30,46848,3,3,1, 46851
24,46854,1,1,0, 46855
30,46853,3,3,1, 46856
29,46853,4,4,1, 46857
31,46856,2,2,1, 46858
8,46906,1,1,0, 46907
16,46909,2,2,1, 46911
1,46911,1,1,0, 46912
8,46911,1,1,1, 46912
9,46912,2,2,1, 46914
17,46914,3,3,1, 46917
25,46915,2,2,1, 46917
1,46916,1,1,0, 46917
8,46916,1,1,0, 46917
9,46917,2,2,1, 46919
16,46919,2,2,1, 46921
17,46919,3,3,1, 46922
1,46921,1,1,1, 46922
8,46921,1,1,0, 46922
16,46924,2,2,1, 46926
25,46925,2,2,1, 46927
1,46926,1,1,0, 46927
8,46926,1,1,1, 46927
25,46930,2,2,1, 46932
1,46931,1,1,1, 46932
8,46931,1,1,1, 46932
2,46933,2,2,1, 46935
16,46934,2,2,1, 46936
25,46935,2,2,1, 46937
1,46936,1,1,0, 46937
8,46936,1,1,1, 46937
25,46940,2,2,1, 46942
1,46941,1,1,1, 46942
8,46941,1,1,0, 46942
15,46941,2,2,1, 46943
2,46943,2,2,1, 46945
16,46944,2,2,1, 46946
25,46945,2,2,1, 46947
1,46946,1,1,1, 46947
8,46946,1,1,0, 46947
15,46946,2,2,1, 46948
16,46949,2,2,1, 46951
1,46951,1,1,0, 46952
8,46951,1,1,0, 46952
28,46949,5,5,1, 46954
2,46953,2,2,1, 46955
8,46956,1,1,1, 46957
15,46956,2,2,1, 46958
8,46961,1,1,1, 46962
24,46964,1,1,0, 46965
29,46963,4,4,1, 46967
14,46964,3,3,1, 46967
8,46966,1,1,0, 46967
13,46964,4,4,1, 46968
31,46966,2,2,1, 46968
24,46969,1,1,0, 46970
8,46971,1,1,0, 46972
24,46974,1,1,0, 46975
30,46973,3,3,1, 46976
8,46976,1,1,0, 46977
6,46975,2,4,1, 46979
24,46979,1,1,0, 46980
16,46979,2,2,1, 46981
24,46984,1,1,0, 46985
24,46989,1,1,1, 46990
24,46994,1,1,0, 46995
24,46999,1,1,0, 47000
24,47004,1,1,1, 47005
24,47009,1,1,0, 47010
24,47014,1,1,1, 47015
24,47019,1,1,1, 47020
24,47024,1,1,0, 47025
24,47029,1,1,1, 47030
24,47034,1,1,1, 47035
24,47039,1,1,0, 47040
24,47044,1,1,1, 47045
24,47049,1,1,1, 47050
24,47054,1,1,0, 47055
24,47059,1,1,1, 47060
17,47059,3,3,1, 47062
25,47060,2,2,1, 47062
1,47061,1,1,1, 47062
24,47064,1,1,0, 47065
17,47064,3,3,1, 47067
1,47066,1,1,0, 47067
24,47069,1,1,0, 47070
25,47070,2,2,1, 47072
1,47071,1,1,1, 47072
9,47072,2,2,1, 47074
24,47074,1,1,1, 47075
17,47074,3,3,1, 47077
25,47075,2,2,1, 47077
1,47076,1,1,0, 47077
24,47079,1,1,0, 47080
25,47080,2,2,1, 47082
1,47081,1,1,0, 47082
26,47082,3,3,1, 47085
2,47083,2,2,1, 47085
24,47084,1,1,0, 47085
30,47083,3,3,1, 47086
18,47083,4,4,1, 47087
29,47083,4,4,1, 47087
25,47085,2,2,1, 47087
1,47086,1,1,1, 47087
31,47086,2,2,1, 47088
9,47087,2,2,1, 47089
24,47089,1,1,1, 47090
17,47089,3,3,1, 47092
25,47090,2,2,1, 47092
1,47091,1,1,0, 47092
8,47091,1,1,0, 47092
31,47091,2,2,1, 47093
26,47092,3,3,1, 47095
24,47094,1,1,0, 47095
29,47093,4,4,1, 47097
8,47096,1,1,1, 47097
31,47096,2,2,1, 47098
24,47099,1,1,1, 47100
29,47098,4,4,1, 47102
8,47101,1,1,0, 47102
31,47101,2,2,1, 47103
8,47106,1,1,1, 47107
8,47111,1,1,1, 47112
8,47116,1,1,0, 47117
8,47121,1,1,1, 47122
14,47124,3,3,1, 47127
8,47126,1,1,0, 47127
8,47131,1,1,1, 47132
13,47129,4,4,1, 47133
14,47134,3,3,1, 47137
8,47136,1,1,1, 47137
15,47136,2,2,1, 47138
16,47139,2,2,1, 47141
8,47141,1,1,1, 47142
16,47144,2,2,1, 47146
8,47146,1,1,0, 47147
13,47144,4,4,1, 47148
15,47146,2,2,1, 47148
16,47149,2,2,1, 47151
8,47151,1,1,1, 47152
13,47149,4,4,1, 47153
15,47151,2,2,1, 47153
14,47154,3,3,1, 47157
8,47156,1,1,0, 47157
13,47154,4,4,1, 47158
16,47159,2,2,1, 47161
1,47201,1,1,1, 47202
1,47206,1,1,0, 47207
24,47209,1,1,1, 47210
30,47208,3,3,1, 47211
29,47208,4,4,1, 47212
1,47211,1,1,0, 47212
24,47214,1,1,0, 47215
1,47216,1,1,0, 47217
24,47219,1,1,0, 47220
25,47220,2,2,1, 47222
1,47221,1,1,0, 47222
31,47221,2,2,1, 47223
24,47224,1,1,0, 47225
30,47223,3,3,1, 47226
29,47223,4,4,1, 47227
1,47226,1,1,0, 47227
9,47227,2,2,1, 47229
26,47227,3,3,1, 47230
24,47229,1,1,0, 47230
30,47228,3,3,1, 47231
18,47228,4,4,1, 47232
29,47228,4,4,1, 47232
25,47230,2,2,1, 47232
1,47231,1,1,0, 47232
24,47234,1,1,1, 47235
1,47236,1,1,0, 47237
24,47239,1,1,1, 47240
25,47240,2,2,1, 47242
1,47241,1,1,0, 47242
26,47242,3,3,1, 47245
2,47243,2,2,1, 47245
24,47244,1,1,1, 47245
1,47246,1,1,0, 47247
31,47246,2,2,1, 47248
9,47247,2,2,1, 47249
26,47247,3,3,1, 47250
24,47249,1,1,0, 47250
1,47251,1,1,1, 47252
31,47251,2,2,1, 47253
9,47252,2,2,1, 47254
12,47250,5,5,1, 47255
4,47251,4,4,1, 47255
3,47252,3,3,1, 47255
24,47254,1,1,1, 47255
31,47256,2,2,1, 47258
24,47259,1,1,1, 47260
29,47258,4,4,1, 47262
24,47264,1,1,1, 47265
8,47266,1,1,1, 47267
24,47269,1,1,1, 47270
8,47271,1,1,1, 47272
24,47274,1,1,1, 47275
8,47276,1,1,1, 47277
24,47279,1,1,1, 47280
8,47281,1,1,1, 47282
24,47284,1,1,0, 47285
8,47286,1,1,0, 47287
24,47289,1,1,1, 47290
8,47291,1,1,0, 47292
24,47294,1,1,0, 47295
8,47296,1,1,0, 47297
24,47299,1,1,0, 47300
8,47301,1,1,0, 47302
24,47304,1,1,0, 47305
8,47306,1,1,1, 47307
24,47309,1,1,1, 47310
8,47311,1,1,0, 47312
24,47314,1,1,0, 47315
8,47316,1,1,1, 47317
24,47319,1,1,1, 47320
8,47321,1,1,1, 47322
24,47324,1,1,1, 47325
8,47326,1,1,0, 47327
24,47329,1,1,1, 47330
8,47331,1,1,1, 47332
13,47329,4,4,1, 47333
15,47331,2,2,1, 47333
24,47334,1,1,1, 47335
8,47336,1,1,0, 47337
6,47335,2,4,1, 47339
24,47339,1,1,0, 47340
14,47339,3,3,1, 47342
8,47341,1,1,0, 47342
15,47341,2,2,1, 47343
8,47346,1,1,0, 47347
14,47349,3,3,1, 47352
8,47351,1,1,1, 47352
6,47350,2,4,1, 47354
14,47354,3,3,1, 47357
8,47356,1,1,0, 47357
6,47355,2,4,1, 47359
14,47359,3,3,1, 47362
1,47361,1,1,0, 47362
8,47361,1,1,1, 47362
6,47360,2,4,1, 47364
1,47366,1,1,0, 47367
1,47371,1,1,0, 47372
1,47376,1,1,0, 47377
25,47380,2,2,1, 47382
1,47381,1,1,1, 47382
9,47382,2,2,1, 47384
17,47384,3,3,1, 47387
25,47385,2,2,1, 47387
1,47386,1,1,0, 47387
9,47387,2,2,1, 47389
2,47388,2,2,1, 47390
1,47391,1,1,0, 47392
9,47392,2,2,1, 47394
3,47392,3,3,1, 47395
17,47394,3,3,1, 47397
1,47396,1,1,1, 47397
11,47394,4,4,1, 47398
2,47398,2,2,1, 47400
17,47399,3,3,1, 47402
1,47401,1,1,0, 47402
3,47402,3,3,1, 47405
24,47444,1,1,0, 47445
31,47446,2,2,1, 47448
24,47449,1,1,1, 47450
29,47448,4,4,1, 47452
31,47451,2,2,1, 47453
24,47454,1,1,0, 47455
30,47453,3,3,1, 47456
29,47453,4,4,1, 47457
24,47459,1,1,0, 47460
30,47458,3,3,1, 47461
31,47461,2,2,1, 47463
24,47464,1,1,1, 47465
30,47463,3,3,1, 47466
29,47463,4,4,1, 47467
31,47466,2,2,1, 47468
24,47469,1,1,1, 47470
30,47468,3,3,1, 47471
29,47468,4,4,1, 47472
8,47471,1,1,1, 47472
16,47474,2,2,1, 47476
8,47476,1,1,1, 47477
8,47481,1,1,1, 47482
8,47486,1,1,1, 47487
8,47491,1,1,1, 47492
8,47496,1,1,0, 47497
22,47496,4,4,1, 47500
8,47501,1,1,1, 47502
15,47501,2,2,1, 47503
23,47503,3,3,1, 47506
8,47506,1,1,1, 47507
15,47506,2,2,1, 47508
22,47506,4,4,1, 47510
1,47511,1,1,0, 47512
8,47511,1,1,0, 47512
15,47511,2,2,1, 47513
16,47514,2,2,1, 47516
1,47516,1,1,1, 47517
8,47516,1,1,1, 47517
22,47516,4,4,1, 47520
25,47520,2,2,1, 47522
1,47521,1,1,0, 47522
8,47521,1,1,1, 47522
15,47521,2,2,1, 47523
25,47525,2,2,1, 47527
1,47526,1,1,0, 47527
8,47526,1,1,1, 47527
1,47531,1,1,0, 47532
8,47531,1,1,0, 47532
1,47536,1,1,1, 47537
8,47536,1,1,1, 47537
13,47534,4,4,1, 47538
6,47535,2,4,1, 47539
26,47537,3,3,1, 47540
2,47538,2,2,1, 47540
25,47540,2,2,1, 47542
1,47541,1,1,0, 47542
8,47541,1,1,1, 47542
13,47539,4,4,1, 47543
9,47542,2,2,1, 47544
26,47542,3,3,1, 47545
2,47543,2,2,1, 47545
1,47546,1,1,0, 47547
2,47548,2,2,1, 47550
1,47551,1,1,0, 47552
9,47552,2,2,1, 47554
2,47553,2,2,1, 47555
17,47554,3,3,1, 47557
25,47555,2,2,1, 47557
24,47579,1,1,0, 47580
24,47584,1,1,1, 47585
31,47586,2,2,1, 47588
24,47589,1,1,1, 47590
31,47591,2,2,1, 47593
24,47594,1,1,0, 47595
31,47596,2,2,1, 47598
24,47599,1,1,1, 47600
24,47604,1,1,1, 47605
31,47606,2,2,1, 47608
24,47609,1,1,1, 47610
24,47614,1,1,0, 47615
24,47619,1,1,1, 47620
31,47621,2,2,1, 47623
24,47624,1,1,1, 47625
30,47623,3,3,1, 47626
29,47623,4,4,1, 47627
24,47629,1,1,1, 47630
30,47628,3,3,1, 47631
31,47631,2,2,1, 47633
24,47634,1,1,1, 47635
29,47633,4,4,1, 47637
24,47639,1,1,0, 47640
29,47638,4,4,1, 47642
8,47651,1,1,1, 47652
16,47654,2,2,1, 47656
8,47656,1,1,0, 47657
25,47660,2,2,1, 47662
1,47661,1,1,1, 47662
8,47661,1,1,0, 47662
1,47666,1,1,1, 47667
8,47666,1,1,0, 47667
1,47671,1,1,1, 47672
8,47671,1,1,1, 47672
16,47674,2,2,1, 47676
25,47675,2,2,1, 47677
1,47676,1,1,0, 47677
8,47676,1,1,0, 47677
16,47679,2,2,1, 47681
1,47681,1,1,1, 47682
8,47681,1,1,0, 47682
16,47684,2,2,1, 47686
1,47686,1,1,0, 47687
8,47686,1,1,0, 47687
16,47689,2,2,1, 47691
1,47691,1,1,0, 47692
8,47691,1,1,0, 47692
14,47694,3,3,1, 47697
1,47696,1,1,0, 47697
8,47696,1,1,0, 47697
15,47696,2,2,1, 47698
2,47698,2,2,1, 47700
25,47700,2,2,1, 47702
1,47701,1,1,0, 47702
8,47701,1,1,1, 47702
14,47704,3,3,1, 47707
1,47706,1,1,0, 47707
8,47706,1,1,0, 47707
13,47704,4,4,1, 47708
15,47706,2,2,1, 47708
2,47708,2,2,1, 47710
16,47709,2,2,1, 47711
1,47711,1,1,0, 47712
8,47711,1,1,1, 47712
15,47711,2,2,1, 47713
16,47714,2,2,1, 47716
1,47716,1,1,1, 47717
3,47717,3,3,1, 47720
2,47718,2,2,1, 47720
1,47721,1,1,1, 47722
2,47723,2,2,1, 47725
1,47726,1,1,1, 47727
3,47727,3,3,1, 47730
1,47731,1,1,0, 47732
3,47732,3,3,1, 47735
1,47736,1,1,0, 47737
3,47737,3,3,1, 47740
2,47738,2,2,1, 47740
1,47741,1,1,0, 47742
26,47742,3,3,1, 47745
24,47744,1,1,0, 47745
24,47749,1,1,1, 47750
24,47754,1,1,1, 47755
24,47759,1,1,0, 47760
24,47764,1,1,1, 47765
24,47769,1,1,0, 47770
24,47774,1,1,0, 47775
31,47776,2,2,1, 47778
24,47779,1,1,0, 47780
24,47784,1,1,1, 47785
24,47789,1,1,0, 47790
24,47794,1,1,0, 47795
31,47796,2,2,1, 47798
24,47799,1,1,1, 47800
24,47804,1,1,0, 47805
31,47806,2,2,1, 47808
24,47809,1,1,1, 47810
24,47814,1,1,1, 47815
24,47819,1,1,1, 47820
8,47821,1,1,1, 47822
31,47821,2,2,1, 47823
24,47824,1,1,0, 47825
8,47826,1,1,1, 47827
31,47826,2,2,1, 47828
24,47829,1,1,0, 47830
29,47828,4,4,1, 47832
8,47831,1,1,0, 47832
24,47834,1,1,1, 47835
29,47833,4,4,1, 47837
8,47836,1,1,0, 47837
24,47839,1,1,0, 47840
29,47838,4,4,1, 47842
8,47841,1,1,1, 47842
31,47841,2,2,1, 47843
24,47844,1,1,1, 47845
29,47843,4,4,1, 47847
1,47846,1,1,0, 47847
8,47846,1,1,1, 47847
31,47846,2,2,1, 47848
25,47850,2,2,1, 47852
1,47851,1,1,1, 47852
8,47851,1,1,1, 47852
1,47856,1,1,1, 47857
8,47856,1,1,0, 47857
16,47859,2,2,1, 47861
1,47861,1,1,1, 47862
8,47861,1,1,0, 47862
2,47863,2,2,1, 47865
16,47864,2,2,1, 47866
1,47866,1,1,1, 47867
8,47866,1,1,1, 47867
15,47866,2,2,1, 47868
1,47871,1,1,0, 47872
8,47871,1,1,0, 47872
2,47873,2,2,1, 47875
16,47874,2,2,1, 47876
25,47875,2,2,1, 47877
1,47876,1,1,1, 47877
8,47876,1,1,0, 47877
1,47881,1,1,1, 47882
8,47881,1,1,1, 47882
14,47884,3,3,1, 47887
25,47885,2,2,1, 47887
1,47886,1,1,1, 47887
8,47886,1,1,1, 47887
16,47889,2,2,1, 47891
1,47891,1,1,1, 47892
8,47891,1,1,0, 47892
6,47890,2,4,1, 47894
14,47894,3,3,1, 47897
1,47896,1,1,1, 47897
8,47896,1,1,0, 47897
15,47896,2,2,1, 47898
6,47895,2,4,1, 47899
3,47897,3,3,1, 47900
16,47899,2,2,1, 47901
1,47901,1,1,0, 47902
3,47902,3,3,1, 47905
25,47905,2,2,1, 47907
1,47906,1,1,1, 47907
3,47907,3,3,1, 47910
1,47911,1,1,0, 47912
5,47912,3,5,1, 47917
1,47916,1,1,0, 47917
12,47915,5,5,1, 47920
2,47918,2,2,1, 47920
5,47917,3,5,1, 47922
24,47954,1,1,0, 47955
24,47959,1,1,0, 47960
24,47964,1,1,1, 47965
24,47969,1,1,0, 47970
24,47974,1,1,0, 47975
24,47979,1,1,1, 47980
31,47981,2,2,1, 47983
24,47984,1,1,1, 47985
31,47986,2,2,1, 47988
24,47989,1,1,1, 47990
24,47994,1,1,1, 47995
30,47993,3,3,1, 47996
29,47993,4,4,1, 47997
31,47996,2,2,1, 47998
24,47999,1,1,0, 48000
30,47998,3,3,1, 48001
29,47998,4,4,1, 48002
24,48004,1,1,0, 48005
8,48006,1,1,1, 48007
24,48009,1,1,1, 48010
8,48011,1,1,1, 48012
24,48014,1,1,0, 48015
8,48016,1,1,1, 48017
24,48019,1,1,1, 48020
8,48021,1,1,1, 48022
31,48021,2,2,1, 48023
24,48024,1,1,0, 48025
1,48026,1,1,0, 48027
8,48026,1,1,0, 48027
31,48026,2,2,1, 48028
9,48027,2,2,1, 48029
24,48029,1,1,0, 48030
17,48029,3,3,1, 48032
25,48030,2,2,1, 48032
1,48031,1,1,0, 48032
8,48031,1,1,0, 48032
24,48034,1,1,1, 48035
1,48036,1,1,1, 48037
8,48036,1,1,1, 48037
31,48036,2,2,1, 48038
9,48037,2,2,1, 48039
24,48039,1,1,1, 48040
17,48039,3,3,1, 48042
1,48041,1,1,1, 48042
8,48041,1,1,1, 48042
31,48041,2,2,1, 48043
9,48042,2,2,1, 48044
2,48043,2,2,1, 48045
24,48044,1,1,1, 48045
25,48045,2,2,1, 48047
1,48046,1,1,1, 48047
8,48046,1,1,1, 48047
15,48046,2,2,1, 48048
31,48046,2,2,1, 48048
9,48047,2,2,1, 48049
26,48047,3,3,1, 48050
24,48049,1,1,0, 48050
25,48050,2,2,1, 48052
1,48051,1,1,1, 48052
8,48051,1,1,0, 48052
3,48052,3,3,1, 48055
2,48053,2,2,1, 48055
24,48054,1,1,0, 48055
1,48056,1,1,0, 48057
8,48056,1,1,1, 48057
31,48056,2,2,1, 48058
4,48056,4,4,1, 48060
17,48059,3,3,1, 48062
8,48061,1,1,1, 48062
15,48061,2,2,1, 48063
8,48066,1,1,0, 48067
15,48066,2,2,1, 48068
8,48071,1,1,1, 48072
15,48071,2,2,1, 48073
8,48076,1,1,0, 48077
15,48076,2,2,1, 48078
8,48081,1,1,1, 48082
15,48081,2,2,1, 48083
8,48086,1,1,0, 48087
15,48086,2,2,1, 48088
8,48091,1,1,1, 48092
15,48091,2,2,1, 48093
14,48094,3,3,1, 48097
8,48096,1,1,1, 48097
15,48096,2,2,1, 48098
14,48099,3,3,1, 48102
8,48101,1,1,0, 48102
15,48101,2,2,1, 48103
24,48164,1,1,0, 48165
1,48166,1,1,0, 48167
24,48169,1,1,0, 48170
17,48169,3,3,1, 48172
1,48171,1,1,0, 48172
24,48174,1,1,1, 48175
17,48174,3,3,1, 48177
25,48175,2,2,1, 48177
1,48176,1,1,0, 48177
24,48179,1,1,1, 48180
1,48181,1,1,0, 48182
24,48184,1,1,0, 48185
1,48186,1,1,0, 48187
24,48189,1,1,0, 48190
17,48189,3,3,1, 48192
25,48190,2,2,1, 48192
1,48191,1,1,0, 48192
24,48194,1,1,0, 48195
17,48194,3,3,1, 48197
1,48196,1,1,1, 48197
24,48199,1,1,0, 48200
17,48199,3,3,1, 48202
1,48201,1,1,1, 48202
2,48203,2,2,1, 48205
24,48204,1,1,0, 48205
17,48204,3,3,1, 48207
25,48205,2,2,1, 48207
1,48206,1,1,0, 48207
9,48207,2,2,1, 48209
2,48208,2,2,1, 48210
24,48209,1,1,0, 48210
16,48209,2,2,1, 48211
17,48209,3,3,1, 48212
25,48210,2,2,1, 48212
8,48211,1,1,0, 48212
24,48214,1,1,1, 48215
16,48214,2,2,1, 48216
8,48216,1,1,1, 48217
24,48219,1,1,0, 48220
23,48218,3,3,1, 48221
16,48219,2,2,1, 48221
8,48221,1,1,0, 48222
24,48224,1,1,1, 48225
8,48226,1,1,0, 48227
22,48226,4,4,1, 48230
24,48229,1,1,0, 48230
16,48229,2,2,1, 48231
8,48231,1,1,0, 48232
22,48231,4,4,1, 48235
24,48234,1,1,0, 48235
8,48236,1,1,0, 48237
24,48239,1,1,0, 48240
16,48239,2,2,1, 48241
8,48241,1,1,0, 48242
24,48244,1,1,1, 48245
8,48246,1,1,1, 48247
22,48246,4,4,1, 48250
24,48249,1,1,1, 48250
8,48251,1,1,0, 48252
15,48251,2,2,1, 48253
24,48254,1,1,0, 48255
16,48254,2,2,1, 48256
8,48256,1,1,0, 48257
31,48256,2,2,1, 48258
22,48256,4,4,1, 48260
24,48259,1,1,1, 48260
8,48261,1,1,0, 48262
15,48261,2,2,1, 48263
31,48261,2,2,1, 48263
24,48264,1,1,0, 48265
31,48266,2,2,1, 48268
24,48269,1,1,1, 48270
31,48271,2,2,1, 48273
24,48274,1,1,1, 48275
31,48276,2,2,1, 48278
24,48279,1,1,0, 48280
30,48278,3,3,1, 48281
24,48284,1,1,1, 48285
29,48283,4,4,1, 48287
31,48286,2,2,1, 48288
24,48289,1,1,1, 48290
31,48291,2,2,1, 48293
24,48294,1,1,0, 48295
31,48296,2,2,1, 48298
1,48316,1,1,0, 48317
1,48321,1,1,1, 48322
1,48326,1,1,0, 48327
1,48331,1,1,0, 48332
1,48336,1,1,0, 48337
1,48341,1,1,0, 48342
1,48346,1,1,1, 48347
2,48348,2,2,1, 48350
17,48349,3,3,1, 48352
1,48351,1,1,1, 48352
9,48352,2,2,1, 48354
17,48354,3,3,1, 48357
1,48356,1,1,1, 48357
1,48361,1,1,0, 48362
9,48362,2,2,1, 48364
2,48363,2,2,1, 48365
17,48364,3,3,1, 48367
1,48366,1,1,0, 48367
1,48371,1,1,0, 48372
8,48371,1,1,1, 48372
3,48372,3,3,1, 48375
2,48373,2,2,1, 48375
16,48374,2,2,1, 48376
1,48376,1,1,1, 48377
8,48376,1,1,0, 48377
2,48378,2,2,1, 48380
16,48379,2,2,1, 48381
1,48381,1,1,1, 48382
8,48381,1,1,0, 48382
3,48382,3,3,1, 48385
16,48384,2,2,1, 48386
1,48386,1,1,1, 48387
8,48386,1,1,0, 48387
2,48388,2,2,1, 48390
1,48391,1,1,1, 48392
8,48391,1,1,0, 48392
9,48392,2,2,1, 48394
8,48396,1,1,0, 48397
8,48401,1,1,0, 48402
24,48404,1,1,1, 48405
16,48404,2,2,1, 48406
8,48406,1,1,0, 48407
31,48406,2,2,1, 48408
22,48406,4,4,1, 48410
24,48409,1,1,1, 48410
23,48408,3,3,1, 48411
30,48408,3,3,1, 48411
8,48411,1,1,0, 48412
22,48411,4,4,1, 48415
24,48414,1,1,1, 48415
30,48413,3,3,1, 48416
8,48416,1,1,0, 48417
15,48416,2,2,1, 48418
22,48416,4,4,1, 48420
24,48419,1,1,1, 48420
23,48418,3,3,1, 48421
29,48418,4,4,1, 48422
8,48421,1,1,0, 48422
31,48421,2,2,1, 48423
22,48421,4,4,1, 48425
24,48424,1,1,0, 48425
8,48426,1,1,1, 48427
31,48426,2,2,1, 48428
22,48426,4,4,1, 48430
24,48429,1,1,0, 48430
24,48434,1,1,1, 48435
30,48433,3,3,1, 48436
31,48436,2,2,1, 48438
24,48439,1,1,0, 48440
24,48444,1,1,1, 48445
31,48446,2,2,1, 48448
24,48449,1,1,1, 48450
30,48448,3,3,1, 48451
24,48454,1,1,1, 48455
24,48459,1,1,0, 48460
31,48461,2,2,1, 48463
24,48464,1,1,0, 48465
24,48469,1,1,1, 48470
30,48468,3,3,1, 48471
25,48505,2,2,1, 48507
1,48506,1,1,1, 48507
1,48511,1,1,0, 48512
25,48515,2,2,1, 48517
1,48516,1,1,0, 48517
1,48521,1,1,0, 48522
25,48525,2,2,1, 48527
1,48526,1,1,0, 48527
18,48528,4,4,1, 48532
25,48530,2,2,1, 48532
1,48531,1,1,1, 48532
26,48532,3,3,1, 48535
25,48535,2,2,1, 48537
1,48536,1,1,0, 48537
8,48536,1,1,0, 48537
3,48537,3,3,1, 48540
2,48538,2,2,1, 48540
1,48541,1,1,0, 48542
8,48541,1,1,1, 48542
2,48543,2,2,1, 48545
1,48546,1,1,1, 48547
8,48546,1,1,1, 48547
2,48548,2,2,1, 48550
25,48550,2,2,1, 48552
1,48551,1,1,1, 48552
8,48551,1,1,1, 48552
4,48551,4,4,1, 48555
2,48553,2,2,1, 48555
8,48556,1,1,1, 48557
8,48561,1,1,0, 48562
8,48566,1,1,1, 48567
16,48569,2,2,1, 48571
8,48571,1,1,0, 48572
8,48576,1,1,0, 48577
24,48579,1,1,1, 48580
30,48578,3,3,1, 48581
29,48578,4,4,1, 48582
8,48581,1,1,0, 48582
15,48581,2,2,1, 48583
31,48581,2,2,1, 48583
24,48584,1,1,1, 48585
30,48583,3,3,1, 48586
16,48584,2,2,1, 48586
8,48586,1,1,0, 48587
15,48586,2,2,1, 48588
31,48586,2,2,1, 48588
24,48589,1,1,1, 48590
16,48589,2,2,1, 48591
8,48591,1,1,1, 48592
31,48591,2,2,1, 48593
24,48594,1,1,0, 48595
30,48593,3,3,1, 48596
16,48594,2,2,1, 48596
8,48596,1,1,0, 48597
15,48596,2,2,1, 48598
31,48596,2,2,1, 48598
24,48599,1,1,0, 48600
16,48599,2,2,1, 48601
8,48601,1,1,1, 48602
31,48601,2,2,1, 48603
24,48604,1,1,0, 48605
16,48604,2,2,1, 48606
8,48606,1,1,0, 48607
31,48606,2,2,1, 48608
24,48609,1,1,1, 48610
16,48609,2,2,1, 48611
8,48611,1,1,0, 48612
15,48611,2,2,1, 48613
24,48614,1,1,1, 48615
24,48619,1,1,0, 48620
31,48621,2,2,1, 48623
24,48624,1,1,1, 48625
31,48626,2,2,1, 48628
1,48661,1,1,0, 48662
9,48662,2,2,1, 48664
1,48666,1,1,1, 48667
9,48667,2,2,1, 48669
17,48669,3,3,1, 48672
1,48671,1,1,1, 48672
9,48672,2,2,1, 48674
17,48674,3,3,1, 48677
1,48676,1,1,0, 48677
1,48681,1,1,0, 48682
9,48682,2,2,1, 48684
1,48686,1,1,0, 48687
17,48689,3,3,1, 48692
1,48691,1,1,1, 48692
9,48692,2,2,1, 48694
1,48696,1,1,1, 48697
9,48697,2,2,1, 48699
2,48698,2,2,1, 48700
17,48699,3,3,1, 48702
25,48700,2,2,1, 48702
1,48701,1,1,0, 48702
2,48703,2,2,1, 48705
8,48721,1,1,0, 48722
8,48726,1,1,1, 48727
8,48731,1,1,0, 48732
24,48734,1,1,0, 48735
8,48736,1,1,1, 48737
24,48739,1,1,1, 48740
30,48738,3,3,1, 48741
8,48741,1,1,0, 48742
24,48744,1,1,0, 48745
8,48746,1,1,1, 48747
24,48749,1,1,1, 48750
8,48751,1,1,0, 48752
24,48754,1,1,0, 48755
8,48756,1,1,0, 48757
24,48759,1,1,0, 48760
8,48761,1,1,1, 48762
24,48764,1,1,1, 48765
8,48766,1,1,1, 48767
15,48766,2,2,1, 48768
24,48769,1,1,1, 48770
8,48771,1,1,1, 48772
15,48771,2,2,1, 48773
24,48774,1,1,0, 48775
8,48776,1,1,1, 48777
15,48776,2,2,1, 48778
24,48779,1,1,1, 48780
8,48781,1,1,1, 48782
15,48781,2,2,1, 48783
24,48784,1,1,1, 48785
8,48786,1,1,0, 48787
15,48786,2,2,1, 48788
24,48789,1,1,1, 48790
16,48789,2,2,1, 48791
14,48789,3,3,1, 48792
8,48791,1,1,1, 48792
13,48789,4,4,1, 48793
15,48791,2,2,1, 48793
24,48794,1,1,0, 48795
8,48796,1,1,1, 48797
24,48799,1,1,0, 48800
14,48799,3,3,1, 48802
8,48801,1,1,0, 48802
13,48799,4,4,1, 48803
24,48804,1,1,1, 48805
24,48809,1,1,1, 48810
17,48809,3,3,1, 48812
1,48811,1,1,1, 48812
24,48814,1,1,0, 48815
17,48814,3,3,1, 48817
25,48815,2,2,1, 48817
1,48816,1,1,0, 48817
9,48817,2,2,1, 48819
24,48819,1,1,0, 48820
25,48820,2,2,1, 48822
1,48821,1,1,0, 48822
24,48824,1,1,0, 48825
17,48824,3,3,1, 48827
1,48826,1,1,1, 48827
24,48829,1,1,1, 48830
17,48829,3,3,1, 48832
25,48830,2,2,1, 48832
1,48831,1,1,0, 48832
24,48834,1,1,1, 48835
17,48834,3,3,1, 48837
25,48835,2,2,1, 48837
1,48836,1,1,0, 48837
24,48839,1,1,1, 48840
17,48839,3,3,1, 48842
25,48840,2,2,1, 48842
1,48841,1,1,1, 48842
9,48842,2,2,1, 48844
24,48844,1,1,0, 48845
1,48846,1,1,0, 48847
31,48846,2,2,1, 48848
9,48847,2,2,1, 48849
24,48849,1,1,0, 48850
25,48850,2,2,1, 48852
24,48854,1,1,1, 48855
24,48859,1,1,1, 48860
31,48861,2,2,1, 48863
24,48864,1,1,0, 48865
24,48869,1,1,0, 48870
24,48874,1,1,0, 48875
31,48876,2,2,1, 48878
24,48879,1,1,0, 48880
24,48884,1,1,0, 48885
24,48889,1,1,1, 48890
31,48891,2,2,1, 48893
24,48894,1,1,1, 48895
31,48896,2,2,1, 48898
24,48899,1,1,1, 48900
24,48904,1,1,1, 48905
31,48906,2,2,1, 48908
24,48909,1,1,1, 48910
8,48911,1,1,1, 48912
31,48911,2,2,1, 48913
24,48914,1,1,0, 48915
8,48916,1,1,1, 48917
24,48919,1,1,1, 48920
30,48918,3,3,1, 48921
8,48921,1,1,1, 48922
8,48926,1,1,1, 48927
8,48931,1,1,0, 48932
8,48936,1,1,0, 48937
8,48941,1,1,0, 48942
8,48946,1,1,0, 48947
8,48951,1,1,1, 48952
1,48956,1,1,0, 48957
8,48956,1,1,1, 48957
1,48961,1,1,0, 48962
8,48961,1,1,0, 48962
15,48961,2,2,1, 48963
1,48966,1,1,0, 48967
8,48966,1,1,1, 48967
15,48966,2,2,1, 48968
1,48971,1,1,0, 48972
8,48971,1,1,0, 48972
15,48971,2,2,1, 48973
1,48976,1,1,0, 48977
8,48976,1,1,0, 48977
15,48976,2,2,1, 48978
6,48975,2,4,1, 48979
1,48981,1,1,0, 48982
8,48981,1,1,1, 48982
15,48981,2,2,1, 48983
6,48980,2,4,1, 48984
1,48986,1,1,1, 48987
8,48986,1,1,0, 48987
14,48989,3,3,1, 48992
1,48991,1,1,0, 48992
8,48991,1,1,0, 48992
15,48991,2,2,1, 48993
6,48990,2,4,1, 48994
1,48996,1,1,1, 48997
8,48996,1,1,0, 48997
6,48995,2,4,1, 48999
14,48999,3,3,1, 49002
1,49001,1,1,0, 49002
8,49001,1,1,1, 49002
15,49001,2,2,1, 49003
17,49004,3,3,1, 49007
1,49006,1,1,0, 49007
9,49007,2,2,1, 49009
1,49011,1,1,0, 49012
17,49014,3,3,1, 49017
1,49016,1,1,1, 49017
1,49021,1,1,1, 49022
9,49022,2,2,1, 49024
24,49024,1,1,1, 49025
1,49026,1,1,0, 49027
24,49029,1,1,1, 49030
1,49031,1,1,1, 49032
24,49034,1,1,1, 49035
1,49036,1,1,1, 49037
9,49037,2,2,1, 49039
24,49039,1,1,1, 49040
1,49041,1,1,1, 49042
9,49042,2,2,1, 49044
2,49043,2,2,1, 49045
24,49044,1,1,0, 49045
25,49045,2,2,1, 49047
1,49046,1,1,0, 49047
2,49048,2,2,1, 49050
24,49049,1,1,0, 49050
25,49050,2,2,1, 49052
1,49051,1,1,1, 49052
24,49054,1,1,0, 49055
1,49056,1,1,1, 49057
24,49059,1,1,0, 49060
1,49061,1,1,1, 49062
24,49064,1,1,0, 49065
1,49066,1,1,1, 49067
24,49069,1,1,0, 49070
1,49071,1,1,1, 49072
31,49071,2,2,1, 49073
3,49072,3,3,1, 49075
24,49074,1,1,1, 49075
29,49073,4,4,1, 49077
24,49079,1,1,0, 49080
29,49078,4,4,1, 49082
24,49084,1,1,1, 49085
29,49083,4,4,1, 49087
24,49089,1,1,0, 49090
31,49091,2,2,1, 49093
24,49094,1,1,0, 49095
30,49093,3,3,1, 49096
24,49099,1,1,0, 49100
30,49098,3,3,1, 49101
29,49098,4,4,1, 49102
31,49101,2,2,1, 49103
24,49104,1,1,0, 49105
30,49103,3,3,1, 49106
29,49103,4,4,1, 49107
24,49109,1,1,1, 49110
16,49109,2,2,1, 49111
8,49111,1,1,0, 49112
31,49111,2,2,1, 49113
8,49116,1,1,1, 49117
22,49116,4,4,1, 49120
23,49118,3,3,1, 49121
16,49119,2,2,1, 49121
8,49121,1,1,0, 49122
22,49121,4,4,1, 49125
23,49123,3,3,1, 49126
8,49126,1,1,1, 49127
22,49126,4,4,1, 49130
8,49131,1,1,0, 49132
15,49131,2,2,1, 49133
14,49134,3,3,1, 49137
8,49136,1,1,0, 49137
13,49134,4,4,1, 49138
14,49139,3,3,1, 49142
8,49141,1,1,1, 49142
13,49139,4,4,1, 49143
6,49140,2,4,1, 49144
8,49146,1,1,1, 49147
13,49144,4,4,1, 49148
17,49179,3,3,1, 49182
1,49181,1,1,1, 49182
25,49185,2,2,1, 49187
1,49186,1,1,0, 49187
25,49190,2,2,1, 49192
1,49191,1,1,1, 49192
1,49196,1,1,0, 49197
25,49200,2,2,1, 49202
1,49201,1,1,1, 49202
1,49206,1,1,0, 49207
1,49211,1,1,0, 49212
1,49216,1,1,0, 49217
24,49219,1,1,1, 49220
25,49220,2,2,1, 49222
1,49221,1,1,1, 49222
24,49224,1,1,0, 49225
25,49225,2,2,1, 49227
1,49226,1,1,1, 49227
2,49228,2,2,1, 49230
24,49229,1,1,1, 49230
18,49228,4,4,1, 49232
1,49231,1,1,0, 49232
26,49232,3,3,1, 49235
2,49233,2,2,1, 49235
24,49234,1,1,1, 49235
1,49236,1,1,1, 49237
26,49237,3,3,1, 49240
2,49238,2,2,1, 49240
24,49239,1,1,1, 49240
25,49240,2,2,1, 49242
1,49241,1,1,1, 49242
2,49243,2,2,1, 49245
24,49244,1,1,0, 49245
18,49243,4,4,1, 49247
24,49249,1,1,0, 49250
24,49254,1,1,0, 49255
8,49256,1,1,1, 49257
24,49259,1,1,0, 49260
16,49259,2,2,1, 49261
8,49261,1,1,0, 49262
24,49264,1,1,0, 49265
16,49264,2,2,1, 49266
8,49266,1,1,0, 49267
24,49269,1,1,0, 49270
16,49269,2,2,1, 49271
8,49271,1,1,0, 49272
24,49274,1,1,1, 49275
8,49276,1,1,1, 49277
24,49279,1,1,1, 49280
16,49279,2,2,1, 49281
8,49281,1,1,0, 49282
15,49281,2,2,1, 49283
24,49284,1,1,1, 49285
16,49284,2,2,1, 49286
8,49286,1,1,0, 49287
15,49286,2,2,1, 49288
24,49289,1,1,1, 49290
16,49289,2,2,1, 49291
8,49291,1,1,1, 49292
15,49291,2,2,1, 49293
24,49294,1,1,0, 49295
8,49296,1,1,0, 49297
15,49296,2,2,1, 49298
24,49299,1,1,0, 49300
16,49299,2,2,1, 49301
8,49301,1,1,1, 49302
15,49301,2,2,1, 49303
24,49304,1,1,0, 49305
24,49309,1,1,1, 49310
24,49314,1,1,0, 49315
24,49319,1,1,0, 49320
24,49324,1,1,0, 49325
30,49323,3,3,1, 49326
31,49326,2,2,1, 49328
24,49329,1,1,1, 49330
31,49331,2,2,1, 49333
24,49334,1,1,1, 49335
30,49333,3,3,1, 49336
24,49339,1,1,1, 49340
29,49338,4,4,1, 49342
31,49341,2,2,1, 49343
24,49344,1,1,0, 49345
30,49343,3,3,1, 49346
29,49343,4,4,1, 49347
24,49349,1,1,0, 49350
1,49351,1,1,0, 49352
24,49354,1,1,1, 49355
1,49356,1,1,1, 49357
9,49357,2,2,1, 49359
24,49359,1,1,1, 49360
17,49359,3,3,1, 49362
1,49361,1,1,0, 49362
31,49361,2,2,1, 49363
24,49364,1,1,0, 49365
17,49364,3,3,1, 49367
1,49366,1,1,1, 49367
31,49366,2,2,1, 49368
9,49367,2,2,1, 49369
25,49370,2,2,1, 49372
1,49371,1,1,0, 49372
9,49372,2,2,1, 49374
18,49373,4,4,1, 49377
17,49374,3,3,1, 49377
1,49376,1,1,1, 49377
26,49377,3,3,1, 49380
2,49378,2,2,1, 49380
17,49379,3,3,1, 49382
25,49380,2,2,1, 49382
1,49381,1,1,1, 49382
26,49382,3,3,1, 49385
1,49386,1,1,0, 49387
2,49388,2,2,1, 49390
8,49406,1,1,0, 49407
8,49411,1,1,1, 49412
8,49416,1,1,1, 49417
8,49421,1,1,1, 49422
8,49426,1,1,0, 49427
8,49431,1,1,1, 49432
8,49436,1,1,0, 49437
8,49441,1,1,0, 49442
8,49446,1,1,1, 49447
8,49451,1,1,0, 49452
8,49456,1,1,0, 49457
8,49461,1,1,0, 49462
8,49466,1,1,1, 49467
24,49469,1,1,1, 49470
8,49471,1,1,1, 49472
24,49474,1,1,1, 49475
8,49476,1,1,0, 49477
15,49476,2,2,1, 49478
24,49479,1,1,1, 49480
8,49481,1,1,1, 49482
24,49484,1,1,1, 49485
8,49486,1,1,1, 49487
24,49489,1,1,1, 49490
14,49489,3,3,1, 49492
8,49491,1,1,1, 49492
24,49494,1,1,0, 49495
14,49494,3,3,1, 49497
1,49496,1,1,1, 49497
8,49496,1,1,0, 49497
13,49494,4,4,1, 49498
15,49496,2,2,1, 49498
9,49497,2,2,1, 49499
24,49499,1,1,0, 49500
23,49498,3,3,1, 49501
16,49499,2,2,1, 49501
17,49499,3,3,1, 49502
25,49500,2,2,1, 49502
1,49501,1,1,0, 49502
8,49501,1,1,1, 49502
13,49499,4,4,1, 49503
6,49500,2,4,1, 49504
9,49502,2,2,1, 49504
24,49504,1,1,1, 49505
16,49504,2,2,1, 49506
1,49506,1,1,1, 49507
8,49506,1,1,1, 49507
15,49506,2,2,1, 49508
9,49507,2,2,1, 49509
24,49509,1,1,0, 49510
1,49511,1,1,0, 49512
9,49512,2,2,1, 49514
24,49514,1,1,0, 49515
1,49516,1,1,0, 49517
9,49517,2,2,1, 49519
24,49519,1,1,0, 49520
1,49521,1,1,1, 49522
9,49522,2,2,1, 49524
2,49523,2,2,1, 49525
24,49524,1,1,1, 49525
17,49524,3,3,1, 49527
1,49526,1,1,0, 49527
2,49528,2,2,1, 49530
24,49529,1,1,0, 49530
1,49531,1,1,1, 49532
24,49534,1,1,1, 49535
17,49534,3,3,1, 49537
1,49536,1,1,1, 49537
9,49537,2,2,1, 49539
24,49539,1,1,1, 49540
24,49544,1,1,1, 49545
24,49549,1,1,0, 49550
24,49554,1,1,1, 49555
24,49559,1,1,0, 49560
24,49564,1,1,1, 49565
30,49563,3,3,1, 49566
24,49569,1,1,0, 49570
30,49568,3,3,1, 49571
31,49571,2,2,1, 49573
24,49574,1,1,1, 49575
30,49573,3,3,1, 49576
31,49576,2,2,1, 49578
24,49579,1,1,0, 49580
31,49581,2,2,1, 49583
24,49584,1,1,0, 49585
30,49583,3,3,1, 49586
31,49586,2,2,1, 49588
24,49589,1,1,0, 49590
30,49588,3,3,1, 49591
24,49594,1,1,1, 49595
30,49593,3,3,1, 49596
31,49596,2,2,1, 49598
8,49611,1,1,1, 49612
8,49616,1,1,0, 49617
16,49619,2,2,1, 49621
8,49621,1,1,0, 49622
22,49621,4,4,1, 49625
8,49626,1,1,0, 49627
22,49626,4,4,1, 49630
8,49631,1,1,1, 49632
23,49633,3,3,1, 49636
8,49636,1,1,0, 49637
23,49638,3,3,1, 49641
16,49639,2,2,1, 49641
8,49641,1,1,1, 49642
15,49641,2,2,1, 49643
16,49644,2,2,1, 49646
25,49645,2,2,1, 49647
1,49646,1,1,0, 49647
8,49646,1,1,1, 49647
22,49646,4,4,1, 49650
23,49648,3,3,1, 49651
25,49650,2,2,1, 49652
1,49651,1,1,0, 49652
8,49651,1,1,1, 49652
22,49651,4,4,1, 49655
23,49653,3,3,1, 49656
25,49655,2,2,1, 49657
1,49656,1,1,1, 49657
8,49656,1,1,1, 49657
25,49660,2,2,1, 49662
1,49661,1,1,0, 49662
8,49661,1,1,1, 49662
9,49662,2,2,1, 49664
22,49661,4,4,1, 49665
1,49666,1,1,1, 49667
9,49667,2,2,1, 49669
17,49669,3,3,1, 49672
25,49670,2,2,1, 49672
1,49671,1,1,1, 49672
17,49674,3,3,1, 49677
1,49676,1,1,0, 49677
25,49680,2,2,1, 49682
1,49681,1,1,1, 49682
1,49686,1,1,1, 49687
25,49690,2,2,1, 49692
1,49691,1,1,1, 49692
1,49696,1,1,0, 49697
2,49698,2,2,1, 49700
25,49700,2,2,1, 49702
1,49701,1,1,1, 49702
2,49703,2,2,1, 49705
24,49704,1,1,1, 49705
1,49706,1,1,0, 49707
2,49708,2,2,1, 49710
24,49709,1,1,1, 49710
24,49714,1,1,1, 49715
24,49719,1,1,1, 49720
24,49724,1,1,1, 49725
24,49729,1,1,0, 49730
24,49734,1,1,1, 49735
24,49739,1,1,0, 49740
31,49741,2,2,1, 49743
24,49744,1,1,1, 49745
24,49749,1,1,1, 49750
31,49751,2,2,1, 49753
24,49754,1,1,1, 49755
24,49759,1,1,0, 49760
24,49764,1,1,0, 49765
24,49769,1,1,0, 49770
31,49771,2,2,1, 49773
24,49774,1,1,0, 49775
16,49774,2,2,1, 49776
8,49776,1,1,1, 49777
24,49779,1,1,1, 49780
16,49779,2,2,1, 49781
8,49781,1,1,1, 49782
24,49784,1,1,1, 49785
30,49783,3,3,1, 49786
8,49786,1,1,0, 49787
31,49786,2,2,1, 49788
24,49789,1,1,1, 49790
29,49788,4,4,1, 49792
8,49791,1,1,0, 49792
31,49791,2,2,1, 49793
24,49794,1,1,0, 49795
16,49794,2,2,1, 49796
8,49796,1,1,0, 49797
31,49796,2,2,1, 49798
24,49799,1,1,1, 49800
8,49801,1,1,0, 49802
24,49804,1,1,0, 49805
30,49803,3,3,1, 49806
29,49803,4,4,1, 49807
8,49806,1,1,0, 49807
16,49809,2,2,1, 49811
8,49811,1,1,0, 49812
15,49811,2,2,1, 49813
1,49816,1,1,1, 49817
8,49816,1,1,1, 49817
25,49820,2,2,1, 49822
1,49821,1,1,1, 49822
8,49821,1,1,1, 49822
1,49826,1,1,1, 49827
8,49826,1,1,1, 49827
16,49829,2,2,1, 49831
25,49830,2,2,1, 49832
1,49831,1,1,0, 49832
8,49831,1,1,1, 49832
13,49829,4,4,1, 49833
15,49831,2,2,1, 49833
9,49832,2,2,1, 49834
17,49834,3,3,1, 49837
1,49836,1,1,1, 49837
8,49836,1,1,0, 49837
13,49834,4,4,1, 49838
23,49838,3,3,1, 49841
17,49839,3,3,1, 49842
1,49841,1,1,0, 49842
8,49841,1,1,0, 49842
15,49841,2,2,1, 49843
23,49843,3,3,1, 49846
16,49844,2,2,1, 49846
25,49845,2,2,1, 49847
1,49846,1,1,0, 49847
17,49849,3,3,1, 49852
1,49851,1,1,1, 49852
25,49855,2,2,1, 49857
1,49856,1,1,0, 49857
9,49857,2,2,1, 49859
25,49860,2,2,1, 49862
1,49861,1,1,1, 49862
25,49865,2,2,1, 49867
1,49866,1,1,1, 49867
25,49870,2,2,1, 49872
1,49871,1,1,1, 49872
2,49873,2,2,1, 49875
1,49876,1,1,1, 49877
9,49877,2,2,1, 49879
24,49909,1,1,1, 49910
24,49914,1,1,0, 49915
24,49919,1,1,1, 49920
24,49924,1,1,1, 49925
24,49929,1,1,0, 49930
24,49934,1,1,0, 49935
24,49939,1,1,1, 49940
24,49944,1,1,1, 49945
24,49949,1,1,1, 49950
8,49951,1,1,0, 49952
24,49954,1,1,0, 49955
8,49956,1,1,1, 49957
24,49959,1,1,1, 49960
8,49961,1,1,0, 49962
31,49961,2,2,1, 49963
24,49964,1,1,0, 49965
8,49966,1,1,1, 49967
24,49969,1,1,0, 49970
8,49971,1,1,1, 49972
24,49974,1,1,0, 49975
8,49976,1,1,1, 49977
24,49979,1,1,0, 49980
8,49981,1,1,0, 49982
24,49984,1,1,0, 49985
1,49986,1,1,0, 49987
8,49986,1,1,0, 49987
31,49986,2,2,1, 49988
24,49989,1,1,1, 49990
30,49988,3,3,1, 49991
29,49988,4,4,1, 49992
1,49991,1,1,1, 49992
8,49991,1,1,0, 49992
24,49994,1,1,0, 49995
30,49993,3,3,1, 49996
1,49996,1,1,0, 49997
8,49996,1,1,1, 49997
24,49999,1,1,0, 50000
30,49998,3,3,1, 50001
29,49998,4,4,1, 50002
1,50001,1,1,1, 50002
8,50001,1,1,1, 50002
24,50004,1,1,0, 50005
30,50003,3,3,1, 50006
29,50003,4,4,1, 50007
1,50006,1,1,1, 50007
8,50006,1,1,0, 50007
24,50009,1,1,1, 50010
30,50008,3,3,1, 50011
1,50011,1,1,0, 50012
8,50011,1,1,1, 50012
24,50014,1,1,1, 50015
29,50013,4,4,1, 50017
1,50016,1,1,0, 50017
8,50016,1,1,0, 50017
31,50016,2,2,1, 50018
26,50017,3,3,1, 50020
2,50018,2,2,1, 50020
1,50021,1,1,0, 50022
8,50021,1,1,1, 50022
15,50021,2,2,1, 50023
26,50022,3,3,1, 50025
2,50023,2,2,1, 50025
1,50026,1,1,0, 50027
8,50026,1,1,0, 50027
15,50026,2,2,1, 50028
26,50027,3,3,1, 50030
2,50028,2,2,1, 50030
1,50031,1,1,1, 50032
8,50031,1,1,1, 50032
15,50031,2,2,1, 50033
16,50034,2,2,1, 50036
17,50034,3,3,1, 50037
1,50036,1,1,0, 50037
8,50036,1,1,1, 50037
15,50036,2,2,1, 50038
9,50037,2,2,1, 50039
3,50037,3,3,1, 50040
26,50037,3,3,1, 50040
2,50038,2,2,1, 50040
17,50039,3,3,1, 50042
1,50041,1,1,1, 50042
8,50041,1,1,1, 50042
15,50041,2,2,1, 50043
20,50038,6,6,1, 50044
8,50046,1,1,0, 50047
14,50049,3,3,1, 50052
8,50051,1,1,0, 50052
16,50054,2,2,1, 50056
8,50056,1,1,1, 50057
14,50059,3,3,1, 50062
8,50061,1,1,0, 50062
6,50060,2,4,1, 50064
14,50064,3,3,1, 50067
24,50124,1,1,0, 50125
24,50129,1,1,1, 50130
24,50134,1,1,0, 50135
24,50139,1,1,1, 50140
30,50138,3,3,1, 50141
24,50144,1,1,0, 50145
30,50143,3,3,1, 50146
29,50143,4,4,1, 50147
24,50149,1,1,1, 50150
30,50148,3,3,1, 50151
1,50151,1,1,0, 50152
24,50154,1,1,1, 50155
30,50153,3,3,1, 50156
29,50153,4,4,1, 50157
25,50155,2,2,1, 50157
1,50156,1,1,1, 50157
9,50157,2,2,1, 50159
24,50159,1,1,0, 50160
30,50158,3,3,1, 50161
1,50161,1,1,0, 50162
31,50161,2,2,1, 50163
2,50163,2,2,1, 50165
24,50164,1,1,0, 50165
25,50165,2,2,1, 50167
1,50166,1,1,1, 50167
31,50166,2,2,1, 50168
24,50169,1,1,0, 50170
25,50170,2,2,1, 50172
1,50171,1,1,0, 50172
8,50171,1,1,1, 50172
2,50173,2,2,1, 50175
24,50174,1,1,1, 50175
25,50175,2,2,1, 50177
1,50176,1,1,1, 50177
8,50176,1,1,0, 50177
31,50176,2,2,1, 50178
3,50177,3,3,1, 50180
24,50179,1,1,1, 50180
1,50181,1,1,1, 50182
8,50181,1,1,1, 50182
11,50179,4,4,1, 50183
31,50181,2,2,1, 50183
3,50182,3,3,1, 50185
2,50183,2,2,1, 50185
24,50184,1,1,0, 50185
1,50186,1,1,0, 50187
8,50186,1,1,1, 50187
31,50186,2,2,1, 50188
1,50191,1,1,0, 50192
8,50191,1,1,0, 50192
3,50192,3,3,1, 50195
1,50196,1,1,1, 50197
8,50196,1,1,1, 50197
2,50198,2,2,1, 50200
8,50201,1,1,1, 50202
8,50206,1,1,0, 50207
8,50211,1,1,0, 50212
8,50216,1,1,0, 50217
8,50221,1,1,1, 50222
8,50226,1,1,0, 50227
15,50226,2,2,1, 50228
8,50231,1,1,0, 50232
15,50231,2,2,1, 50233
8,50236,1,1,0, 50237
15,50236,2,2,1, 50238
8,50241,1,1,1, 50242
8,50246,1,1,1, 50247
8,50251,1,1,0, 50252
15,50251,2,2,1, 50253
8,50256,1,1,0, 50257
6,50255,2,4,1, 50259
14,50259,3,3,1, 50262
8,50261,1,1,1, 50262
15,50261,2,2,1, 50263
14,50264,3,3,1, 50267
8,50266,1,1,1, 50267
6,50265,2,4,1, 50269
16,50269,2,2,1, 50271
14,50269,3,3,1, 50272
8,50271,1,1,1, 50272
6,50270,2,4,1, 50274
24,50294,1,1,0, 50295
24,50299,1,1,0, 50300
17,50299,3,3,1, 50302
25,50300,2,2,1, 50302
1,50301,1,1,1, 50302
24,50304,1,1,0, 50305
17,50304,3,3,1, 50307
1,50306,1,1,1, 50307
9,50307,2,2,1, 50309
24,50309,1,1,1, 50310
25,50310,2,2,1, 50312
1,50311,1,1,0, 50312
24,50314,1,1,0, 50315
17,50314,3,3,1, 50317
25,50315,2,2,1, 50317
1,50316,1,1,0, 50317
9,50317,2,2,1, 50319
24,50319,1,1,1, 50320
1,50321,1,1,1, 50322
24,50324,1,1,1, 50325
18,50323,4,4,1, 50327
17,50324,3,3,1, 50327
1,50326,1,1,0, 50327
9,50327,2,2,1, 50329
2,50328,2,2,1, 50330
24,50329,1,1,0, 50330
19,50326,5,5,1, 50331
18,50328,4,4,1, 50332
25,50330,2,2,1, 50332
1,50331,1,1,0, 50332
3,50332,3,3,1, 50335
24,50334,1,1,0, 50335
24,50339,1,1,1, 50340
24,50344,1,1,0, 50345
24,50349,1,1,0, 50350
24,50354,1,1,0, 50355
24,50359,1,1,0, 50360
24,50364,1,1,1, 50365
24,50369,1,1,0, 50370
24,50374,1,1,1, 50375
22,50376,4,4,1, 50380
24,50379,1,1,1, 50380
8,50381,1,1,0, 50382
22,50381,4,4,1, 50385
24,50384,1,1,0, 50385
8,50386,1,1,1, 50387
15,50386,2,2,1, 50388
24,50389,1,1,0, 50390
8,50391,1,1,0, 50392
15,50391,2,2,1, 50393
24,50394,1,1,1, 50395
8,50396,1,1,0, 50397
15,50396,2,2,1, 50398
31,50396,2,2,1, 50398
24,50399,1,1,1, 50400
8,50401,1,1,1, 50402
24,50404,1,1,0, 50405
8,50406,1,1,0, 50407
15,50406,2,2,1, 50408
31,50406,2,2,1, 50408
24,50409,1,1,1, 50410
8,50411,1,1,0, 50412
31,50411,2,2,1, 50413
24,50414,1,1,0, 50415
8,50416,1,1,1, 50417
31,50416,2,2,1, 50418
24,50419,1,1,0, 50420
8,50421,1,1,1, 50422
31,50421,2,2,1, 50423
24,50424,1,1,0, 50425
8,50426,1,1,1, 50427
24,50429,1,1,1, 50430
8,50431,1,1,1, 50432
15,50431,2,2,1, 50433
24,50434,1,1,1, 50435
8,50436,1,1,0, 50437
13,50434,4,4,1, 50438
15,50436,2,2,1, 50438
24,50439,1,1,1, 50440
14,50439,3,3,1, 50442
1,50441,1,1,1, 50442
8,50441,1,1,0, 50442
15,50441,2,2,1, 50443
9,50442,2,2,1, 50444
24,50444,1,1,1, 50445
25,50445,2,2,1, 50447
1,50446,1,1,0, 50447
8,50446,1,1,1, 50447
13,50444,4,4,1, 50448
15,50446,2,2,1, 50448
24,50449,1,1,0, 50450
25,50450,2,2,1, 50452
1,50451,1,1,0, 50452
26,50452,3,3,1, 50455
2,50453,2,2,1, 50455
24,50454,1,1,1, 50455
18,50453,4,4,1, 50457
1,50456,1,1,1, 50457
9,50457,2,2,1, 50459
24,50459,1,1,0, 50460
17,50459,3,3,1, 50462
1,50461,1,1,0, 50462
26,50462,3,3,1, 50465
24,50464,1,1,1, 50465
25,50465,2,2,1, 50467
1,50466,1,1,0, 50467
31,50466,2,2,1, 50468
9,50467,2,2,1, 50469
2,50468,2,2,1, 50470
24,50469,1,1,1, 50470
18,50468,4,4,1, 50472
29,50468,4,4,1, 50472
31,50471,2,2,1, 50473
24,50474,1,1,1, 50475
30,50473,3,3,1, 50476
31,50476,2,2,1, 50478
23,50553,3,3,1, 50556
16,50554,2,2,1, 50556
8,50556,1,1,1, 50557
23,50558,3,3,1, 50561
16,50559,2,2,1, 50561
8,50561,1,1,1, 50562
23,50563,3,3,1, 50566
16,50564,2,2,1, 50566
8,50566,1,1,0, 50567
22,50566,4,4,1, 50570
8,50571,1,1,1, 50572
22,50571,4,4,1, 50575
16,50574,2,2,1, 50576
1,50576,1,1,0, 50577
8,50576,1,1,1, 50577
9,50577,2,2,1, 50579
17,50579,3,3,1, 50582
1,50581,1,1,1, 50582
8,50581,1,1,0, 50582
15,50581,2,2,1, 50583
22,50581,4,4,1, 50585
24,50584,1,1,0, 50585
16,50584,2,2,1, 50586
1,50586,1,1,1, 50587
8,50586,1,1,0, 50587
22,50586,4,4,1, 50590
24,50589,1,1,0, 50590
1,50591,1,1,0, 50592
24,50594,1,1,1, 50595
1,50596,1,1,0, 50597
24,50599,1,1,0, 50600
1,50601,1,1,0, 50602
24,50604,1,1,0, 50605
1,50606,1,1,1, 50607
24,50609,1,1,0, 50610
1,50611,1,1,1, 50612
24,50614,1,1,0, 50615
1,50616,1,1,0, 50617
24,50619,1,1,1, 50620
1,50621,1,1,0, 50622
24,50624,1,1,1, 50625
1,50626,1,1,0, 50627
24,50629,1,1,0, 50630
1,50631,1,1,1, 50632
2,50633,2,2,1, 50635
24,50634,1,1,0, 50635
1,50636,1,1,1, 50637
2,50638,2,2,1, 50640
24,50639,1,1,0, 50640
1,50641,1,1,1, 50642
31,50641,2,2,1, 50643
24,50644,1,1,0, 50645
1,50646,1,1,0, 50647
26,50647,3,3,1, 50650
24,50649,1,1,1, 50650
18,50648,4,4,1, 50652
1,50651,1,1,0, 50652
24,50654,1,1,1, 50655
18,50653,4,4,1, 50657
1,50656,1,1,1, 50657
26,50657,3,3,1, 50660
24,50659,1,1,0, 50660
1,50661,1,1,1, 50662
31,50661,2,2,1, 50663
3,50662,3,3,1, 50665
24,50664,1,1,0, 50665
18,50663,4,4,1, 50667
1,50666,1,1,1, 50667
4,50666,4,4,1, 50670
24,50669,1,1,1, 50670
1,50671,1,1,0, 50672
31,50671,2,2,1, 50673
4,50671,4,4,1, 50675
24,50674,1,1,0, 50675
30,50673,3,3,1, 50676
24,50679,1,1,0, 50680
24,50684,1,1,1, 50685
29,50683,4,4,1, 50687
31,50686,2,2,1, 50688
24,50689,1,1,0, 50690
30,50688,3,3,1, 50691
24,50694,1,1,0, 50695
30,50693,3,3,1, 50696
29,50693,4,4,1, 50697
8,50696,1,1,0, 50697
24,50699,1,1,0, 50700
30,50698,3,3,1, 50701
29,50698,4,4,1, 50702
8,50701,1,1,1, 50702
16,50704,2,2,1, 50706
8,50706,1,1,0, 50707
8,50711,1,1,0, 50712
16,50714,2,2,1, 50716
8,50716,1,1,1, 50717
8,50721,1,1,0, 50722
8,50726,1,1,1, 50727
8,50731,1,1,1, 50732
8,50736,1,1,0, 50737
16,50739,2,2,1, 50741
8,50741,1,1,0, 50742
8,50746,1,1,1, 50747
22,50746,4,4,1, 50750
8,50751,1,1,1, 50752
23,50753,3,3,1, 50756
16,50754,2,2,1, 50756
8,50756,1,1,1, 50757
15,50756,2,2,1, 50758
22,50756,4,4,1, 50760
16,50759,2,2,1, 50761
8,50761,1,1,1, 50762
15,50761,2,2,1, 50763
23,50763,3,3,1, 50766
1,50781,1,1,0, 50782
9,50782,2,2,1, 50784
17,50784,3,3,1, 50787
25,50785,2,2,1, 50787
1,50786,1,1,0, 50787
9,50787,2,2,1, 50789
2,50788,2,2,1, 50790
17,50789,3,3,1, 50792
1,50791,1,1,0, 50792
17,50794,3,3,1, 50797
25,50795,2,2,1, 50797
1,50796,1,1,1, 50797
9,50797,2,2,1, 50799
2,50798,2,2,1, 50800
17,50799,3,3,1, 50802
25,50800,2,2,1, 50802
1,50801,1,1,0, 50802
2,50803,2,2,1, 50805
24,50804,1,1,0, 50805
25,50805,2,2,1, 50807
1,50806,1,1,1, 50807
9,50807,2,2,1, 50809
24,50809,1,1,1, 50810
24,50814,1,1,0, 50815
24,50819,1,1,0, 50820
24,50824,1,1,1, 50825
31,50826,2,2,1, 50828
24,50829,1,1,1, 50830
24,50834,1,1,1, 50835
24,50839,1,1,0, 50840
31,50841,2,2,1, 50843
24,50844,1,1,1, 50845
31,50846,2,2,1, 50848
24,50849,1,1,0, 50850
24,50854,1,1,0, 50855
24,50859,1,1,0, 50860
24,50864,1,1,0, 50865
24,50869,1,1,0, 50870
8,50871,1,1,1, 50872
31,50871,2,2,1, 50873
24,50874,1,1,0, 50875
8,50876,1,1,1, 50877
31,50876,2,2,1, 50878
24,50879,1,1,0, 50880
8,50881,1,1,1, 50882
31,50881,2,2,1, 50883
24,50884,1,1,0, 50885
8,50886,1,1,0, 50887
31,50886,2,2,1, 50888
24,50889,1,1,1, 50890
30,50888,3,3,1, 50891
29,50888,4,4,1, 50892
8,50891,1,1,1, 50892
31,50891,2,2,1, 50893
8,50896,1,1,1, 50897
8,50901,1,1,0, 50902
8,50906,1,1,1, 50907
1,50911,1,1,1, 50912
8,50911,1,1,1, 50912
16,50914,2,2,1, 50916
25,50915,2,2,1, 50917
1,50916,1,1,1, 50917
8,50916,1,1,1, 50917
16,50919,2,2,1, 50921
1,50921,1,1,1, 50922
8,50921,1,1,0, 50922
16,50924,2,2,1, 50926
17,50924,3,3,1, 50927
1,50926,1,1,1, 50927
8,50926,1,1,0, 50927
17,50929,3,3,1, 50932
25,50930,2,2,1, 50932
1,50931,1,1,0, 50932
8,50931,1,1,0, 50932
9,50932,2,2,1, 50934
16,50934,2,2,1, 50936
1,50936,1,1,1, 50937
8,50936,1,1,1, 50937
23,50938,3,3,1, 50941
16,50939,2,2,1, 50941
17,50939,3,3,1, 50942
25,50940,2,2,1, 50942
1,50941,1,1,1, 50942
8,50941,1,1,1, 50942
22,50941,4,4,1, 50945
26,50942,3,3,1, 50945
1,50946,1,1,0, 50947
8,50946,1,1,1, 50947
9,50947,2,2,1, 50949
22,50946,4,4,1, 50950
26,50947,3,3,1, 50950
18,50948,4,4,1, 50952
1,50951,1,1,0, 50952
8,50951,1,1,0, 50952
9,50952,2,2,1, 50954
23,50953,3,3,1, 50956
1,50956,1,1,1, 50957
8,50956,1,1,0, 50957
15,50956,2,2,1, 50958
9,50957,2,2,1, 50959
24,50999,1,1,0, 51000
24,51004,1,1,1, 51005
24,51009,1,1,0, 51010
24,51014,1,1,0, 51015
24,51019,1,1,1, 51020
24,51024,1,1,0, 51025
24,51029,1,1,0, 51030
24,51034,1,1,0, 51035
24,51039,1,1,0, 51040
24,51044,1,1,1, 51045
31,51046,2,2,1, 51048
24,51049,1,1,1, 51050
24,51054,1,1,0, 51055
24,51059,1,1,0, 51060
31,51061,2,2,1, 51063
24,51064,1,1,1, 51065
1,51066,1,1,1, 51067
8,51066,1,1,0, 51067
24,51069,1,1,1, 51070
1,51071,1,1,0, 51072
8,51071,1,1,1, 51072
24,51074,1,1,0, 51075
1,51076,1,1,0, 51077
8,51076,1,1,0, 51077
24,51079,1,1,1, 51080
1,51081,1,1,0, 51082
8,51081,1,1,0, 51082
24,51084,1,1,0, 51085
25,51085,2,2,1, 51087
1,51086,1,1,0, 51087
8,51086,1,1,1, 51087
31,51086,2,2,1, 51088
24,51089,1,1,1, 51090
25,51090,2,2,1, 51092
1,51091,1,1,0, 51092
8,51091,1,1,1, 51092
24,51094,1,1,1, 51095
1,51096,1,1,0, 51097
8,51096,1,1,0, 51097
24,51099,1,1,1, 51100
1,51101,1,1,1, 51102
8,51101,1,1,1, 51102
24,51104,1,1,0, 51105
1,51106,1,1,1, 51107
8,51106,1,1,1, 51107
2,51108,2,2,1, 51110
24,51109,1,1,1, 51110
16,51109,2,2,1, 51111
25,51110,2,2,1, 51112
1,51111,1,1,1, 51112
8,51111,1,1,1, 51112
2,51113,2,2,1, 51115
24,51114,1,1,1, 51115
16,51114,2,2,1, 51116
1,51116,1,1,0, 51117
8,51116,1,1,1, 51117
22,51116,4,4,1, 51120
2,51118,2,2,1, 51120
24,51119,1,1,1, 51120
23,51118,3,3,1, 51121
16,51119,2,2,1, 51121
1,51121,1,1,0, 51122
8,51121,1,1,0, 51122
31,51121,2,2,1, 51123
3,51122,3,3,1, 51125
24,51124,1,1,0, 51125
30,51123,3,3,1, 51126
1,51126,1,1,0, 51127
8,51126,1,1,0, 51127
31,51126,2,2,1, 51128
2,51128,2,2,1, 51130
24,51129,1,1,0, 51130
30,51128,3,3,1, 51131
1,51131,1,1,0, 51132
8,51131,1,1,0, 51132
31,51131,2,2,1, 51133
24,51134,1,1,1, 51135
30,51133,3,3,1, 51136
16,51134,2,2,1, 51136
1,51136,1,1,0, 51137
8,51136,1,1,0, 51137
3,51137,3,3,1, 51140
2,51138,2,2,1, 51140
24,51139,1,1,0, 51140
30,51138,3,3,1, 51141
16,51139,2,2,1, 51141
1,51141,1,1,0, 51142
8,51141,1,1,1, 51142
3,51142,3,3,1, 51145
1,51146,1,1,1, 51147
8,51146,1,1,1, 51147
3,51147,3,3,1, 51150
16,51149,2,2,1, 51151
1,51151,1,1,1, 51152
8,51151,1,1,0, 51152
2,51153,2,2,1, 51155
16,51154,2,2,1, 51156
8,51156,1,1,0, 51157
16,51159,2,2,1, 51161
8,51161,1,1,0, 51162
16,51164,2,2,1, 51166
8,51166,1,1,0, 51167
8,51171,1,1,0, 51172
15,51171,2,2,1, 51173
24,51249,1,1,1, 51250
24,51254,1,1,0, 51255
24,51259,1,1,0, 51260
1,51261,1,1,1, 51262
24,51264,1,1,0, 51265
25,51265,2,2,1, 51267
1,51266,1,1,0, 51267
24,51269,1,1,0, 51270
25,51270,2,2,1, 51272
1,51271,1,1,1, 51272
9,51272,2,2,1, 51274
24,51274,1,1,1, 51275
25,51275,2,2,1, 51277
1,51276,1,1,0, 51277
8,51276,1,1,0, 51277
24,51279,1,1,0, 51280
1,51281,1,1,1, 51282
8,51281,1,1,1, 51282
9,51282,2,2,1, 51284
24,51284,1,1,0, 51285
29,51283,4,4,1, 51287
1,51286,1,1,0, 51287
8,51286,1,1,1, 51287
2,51288,2,2,1, 51290
24,51289,1,1,1, 51290
25,51290,2,2,1, 51292
1,51291,1,1,0, 51292
8,51291,1,1,0, 51292
26,51292,3,3,1, 51295
2,51293,2,2,1, 51295
24,51294,1,1,1, 51295
30,51293,3,3,1, 51296
17,51294,3,3,1, 51297
25,51295,2,2,1, 51297
1,51296,1,1,0, 51297
8,51296,1,1,0, 51297
31,51296,2,2,1, 51298
9,51297,2,2,1, 51299
24,51299,1,1,1, 51300
25,51300,2,2,1, 51302
1,51301,1,1,0, 51302
8,51301,1,1,0, 51302
31,51301,2,2,1, 51303
24,51304,1,1,1, 51305
29,51303,4,4,1, 51307
25,51305,2,2,1, 51307
8,51306,1,1,1, 51307
31,51306,2,2,1, 51308
24,51309,1,1,0, 51310
29,51308,4,4,1, 51312
8,51311,1,1,0, 51312
24,51314,1,1,1, 51315
8,51316,1,1,0, 51317
31,51316,2,2,1, 51318
24,51319,1,1,0, 51320
8,51321,1,1,1, 51322
24,51324,1,1,0, 51325
8,51326,1,1,0, 51327
31,51326,2,2,1, 51328
24,51329,1,1,0, 51330
8,51331,1,1,0, 51332
24,51334,1,1,0, 51335
8,51336,1,1,1, 51337
31,51336,2,2,1, 51338
24,51339,1,1,0, 51340
8,51341,1,1,0, 51342
31,51341,2,2,1, 51343
24,51344,1,1,1, 51345
8,51346,1,1,0, 51347
15,51346,2,2,1, 51348
31,51346,2,2,1, 51348
8,51351,1,1,1, 51352
15,51351,2,2,1, 51353
8,51356,1,1,0, 51357
8,51361,1,1,1, 51362
14,51364,3,3,1, 51367
8,51366,1,1,0, 51367
15,51366,2,2,1, 51368
6,51365,2,4,1, 51369
14,51369,3,3,1, 51372
8,51371,1,1,1, 51372
13,51369,4,4,1, 51373
6,51370,2,4,1, 51374
14,51374,3,3,1, 51377
8,51376,1,1,1, 51377
13,51374,4,4,1, 51378
8,51381,1,1,0, 51382
13,51379,4,4,1, 51383
25,51415,2,2,1, 51417
1,51416,1,1,1, 51417
1,51421,1,1,1, 51422
1,51426,1,1,0, 51427
25,51430,2,2,1, 51432
1,51431,1,1,0, 51432
25,51435,2,2,1, 51437
1,51436,1,1,0, 51437
25,51440,2,2,1, 51442
1,51441,1,1,0, 51442
1,51446,1,1,1, 51447
29,51448,4,4,1, 51452
25,51450,2,2,1, 51452
1,51451,1,1,1, 51452
31,51451,2,2,1, 51453
24,51454,1,1,0, 51455
25,51455,2,2,1, 51457
1,51456,1,1,1, 51457
31,51456,2,2,1, 51458
24,51459,1,1,1, 51460
25,51460,2,2,1, 51462
1,51461,1,1,0, 51462
24,51464,1,1,1, 51465
30,51463,3,3,1, 51466
1,51466,1,1,1, 51467
31,51466,2,2,1, 51468
26,51467,3,3,1, 51470
24,51469,1,1,1, 51470
30,51468,3,3,1, 51471
18,51468,4,4,1, 51472
25,51470,2,2,1, 51472
1,51471,1,1,1, 51472
26,51472,3,3,1, 51475
2,51473,2,2,1, 51475
24,51474,1,1,0, 51475
25,51475,2,2,1, 51477
1,51476,1,1,1, 51477
3,51477,3,3,1, 51480
24,51479,1,1,0, 51480
24,51484,1,1,1, 51485
24,51489,1,1,0, 51490
8,51491,1,1,1, 51492
24,51494,1,1,0, 51495
8,51496,1,1,1, 51497
24,51499,1,1,1, 51500
8,51501,1,1,1, 51502
24,51504,1,1,1, 51505
8,51506,1,1,0, 51507
24,51509,1,1,0, 51510
8,51511,1,1,0, 51512
15,51511,2,2,1, 51513
24,51514,1,1,0, 51515
8,51516,1,1,0, 51517
15,51516,2,2,1, 51518
24,51519,1,1,0, 51520
8,51521,1,1,1, 51522
13,51519,4,4,1, 51523
15,51521,2,2,1, 51523
24,51524,1,1,0, 51525
14,51524,3,3,1, 51527
8,51526,1,1,1, 51527
13,51524,4,4,1, 51528
24,51529,1,1,1, 51530
8,51531,1,1,1, 51532
6,51530,2,4,1, 51534
24,51534,1,1,0, 51535
8,51536,1,1,1, 51537
24,51539,1,1,1, 51540
14,51539,3,3,1, 51542
8,51541,1,1,0, 51542
6,51540,2,4,1, 51544
24,51544,1,1,1, 51545
14,51544,3,3,1, 51547
8,51546,1,1,1, 51547
13,51544,4,4,1, 51548
15,51546,2,2,1, 51548
24,51549,1,1,1, 51550
14,51549,3,3,1, 51552
8,51551,1,1,0, 51552
13,51549,4,4,1, 51553
24,51554,1,1,0, 51555
24,51559,1,1,0, 51560
24,51564,1,1,1, 51565
24,51569,1,1,0, 51570
24,51574,1,1,1, 51575
24,51579,1,1,1, 51580
17,51579,3,3,1, 51582
25,51580,2,2,1, 51582
1,51581,1,1,1, 51582
31,51581,2,2,1, 51583
9,51582,2,2,1, 51584
24,51584,1,1,1, 51585
1,51586,1,1,0, 51587
31,51586,2,2,1, 51588
24,51589,1,1,0, 51590
17,51589,3,3,1, 51592
1,51591,1,1,1, 51592
31,51591,2,2,1, 51593
9,51592,2,2,1, 51594
24,51594,1,1,0, 51595
1,51596,1,1,1, 51597
31,51596,2,2,1, 51598
24,51599,1,1,1, 51600
17,51599,3,3,1, 51602
1,51601,1,1,1, 51602
31,51601,2,2,1, 51603
1,51606,1,1,1, 51607
25,51610,2,2,1, 51612
1,51611,1,1,0, 51612
1,51616,1,1,0, 51617
25,51620,2,2,1, 51622
1,51621,1,1,0, 51622
1,51626,1,1,1, 51627
1,51631,1,1,1, 51632
18,51633,4,4,1, 51637
25,51635,2,2,1, 51637
1,51636,1,1,0, 51637
2,51638,2,2,1, 51640
25,51640,2,2,1, 51642
1,51641,1,1,1, 51642
18,51643,4,4,1, 51647
1,51646,1,1,0, 51647
26,51647,3,3,1, 51650
22,51661,4,4,1, 51665
8,51666,1,1,1, 51667
22,51666,4,4,1, 51670
23,51668,3,3,1, 51671
16,51669,2,2,1, 51671
8,51671,1,1,1, 51672
8,51676,1,1,0, 51677
22,51676,4,4,1, 51680
8,51681,1,1,1, 51682
15,51681,2,2,1, 51683
22,51681,4,4,1, 51685
23,51683,3,3,1, 51686
8,51686,1,1,0, 51687
16,51689,2,2,1, 51691
14,51689,3,3,1, 51692
8,51691,1,1,1, 51692
15,51691,2,2,1, 51693
14,51694,3,3,1, 51697
8,51696,1,1,0, 51697
15,51696,2,2,1, 51698
6,51695,2,4,1, 51699
22,51696,4,4,1, 51700
24,51709,1,1,0, 51710
30,51708,3,3,1, 51711
24,51714,1,1,1, 51715
24,51719,1,1,1, 51720
24,51724,1,1,1, 51725
24,51729,1,1,0, 51730
24,51734,1,1,1, 51735
24,51739,1,1,1, 51740
24,51744,1,1,0, 51745
24,51749,1,1,1, 51750
24,51754,1,1,1, 51755
1,51756,1,1,0, 51757
24,51759,1,1,0, 51760
1,51761,1,1,0, 51762
9,51762,2,2,1, 51764
24,51764,1,1,0, 51765
17,51764,3,3,1, 51767
1,51766,1,1,1, 51767
24,51769,1,1,0, 51770
17,51769,3,3,1, 51772
1,51771,1,1,0, 51772
9,51772,2,2,1, 51774
24,51774,1,1,1, 51775
1,51776,1,1,1, 51777
24,51779,1,1,0, 51780
1,51781,1,1,0, 51782
24,51784,1,1,1, 51785
1,51786,1,1,0, 51787
24,51789,1,1,1, 51790
1,51791,1,1,0, 51792
2,51793,2,2,1, 51795
24,51794,1,1,0, 51795
17,51794,3,3,1, 51797
1,51796,1,1,1, 51797
9,51797,2,2,1, 51799
2,51798,2,2,1, 51800
24,51799,1,1,1, 51800
1,51801,1,1,1, 51802
9,51802,2,2,1, 51804
2,51803,2,2,1, 51805
24,51804,1,1,0, 51805
17,51804,3,3,1, 51807
1,51806,1,1,0, 51807
8,51806,1,1,1, 51807
9,51807,2,2,1, 51809
24,51809,1,1,1, 51810
17,51809,3,3,1, 51812
8,51811,1,1,0, 51812
24,51814,1,1,0, 51815
16,51814,2,2,1, 51816
29,51813,4,4,1, 51817
8,51816,1,1,0, 51817
24,51819,1,1,1, 51820
8,51821,1,1,0, 51822
31,51821,2,2,1, 51823
24,51824,1,1,0, 51825
23,51823,3,3,1, 51826
16,51824,2,2,1, 51826
29,51823,4,4,1, 51827
8,51826,1,1,1, 51827
24,51829,1,1,0, 51830
8,51831,1,1,1, 51832
24,51834,1,1,0, 51835
23,51833,3,3,1, 51836
16,51834,2,2,1, 51836
8,51836,1,1,0, 51837
24,51839,1,1,0, 51840
23,51838,3,3,1, 51841
8,51841,1,1,0, 51842
15,51841,2,2,1, 51843
24,51844,1,1,0, 51845
23,51843,3,3,1, 51846
16,51844,2,2,1, 51846
8,51846,1,1,0, 51847
15,51846,2,2,1, 51848
24,51849,1,1,1, 51850
23,51848,3,3,1, 51851
16,51849,2,2,1, 51851
8,51851,1,1,0, 51852
22,51851,4,4,1, 51855
24,51854,1,1,0, 51855
31,51856,2,2,1, 51858
24,51859,1,1,0, 51860
24,51864,1,1,0, 51865
24,51869,1,1,0, 51870
31,51871,2,2,1, 51873
24,51874,1,1,0, 51875
31,51876,2,2,1, 51878
24,51879,1,1,1, 51880
31,51881,2,2,1, 51883
24,51884,1,1,0, 51885
31,51886,2,2,1, 51888
24,51889,1,1,1, 51890
31,51891,2,2,1, 51893
1,51916,1,1,1, 51917
1,51921,1,1,1, 51922
25,51925,2,2,1, 51927
1,51926,1,1,0, 51927
1,51931,1,1,0, 51932
1,51936,1,1,1, 51937
25,51940,2,2,1, 51942
1,51941,1,1,0, 51942
2,51943,2,2,1, 51945
25,51945,2,2,1, 51947
1,51946,1,1,1, 51947
2,51948,2,2,1, 51950
25,51950,2,2,1, 51952
1,51951,1,1,1, 51952
2,51953,2,2,1, 51955
25,51955,2,2,1, 51957
1,51956,1,1,1, 51957
9,51957,2,2,1, 51959
3,51957,3,3,1, 51960
1,51961,1,1,1, 51962
8,51961,1,1,0, 51962
3,51962,3,3,1, 51965
2,51963,2,2,1, 51965
1,51966,1,1,1, 51967
8,51966,1,1,1, 51967
11,51964,4,4,1, 51968
8,51971,1,1,1, 51972
8,51976,1,1,0, 51977
8,51981,1,1,0, 51982
8,51986,1,1,1, 51987
8,51991,1,1,0, 51992
16,51994,2,2,1, 51996
8,51996,1,1,1, 51997
24,51999,1,1,0, 52000
16,51999,2,2,1, 52001
8,52001,1,1,0, 52002
24,52004,1,1,0, 52005
8,52006,1,1,0, 52007
24,52009,1,1,1, 52010
16,52009,2,2,1, 52011
8,52011,1,1,0, 52012
24,52014,1,1,0, 52015
16,52014,2,2,1, 52016
8,52016,1,1,1, 52017
24,52019,1,1,1, 52020
8,52021,1,1,1, 52022
24,52024,1,1,0, 52025
8,52026,1,1,0, 52027
15,52026,2,2,1, 52028
24,52029,1,1,0, 52030
8,52031,1,1,0, 52032
15,52031,2,2,1, 52033
24,52034,1,1,0, 52035
8,52036,1,1,1, 52037
22,52036,4,4,1, 52040
24,52039,1,1,0, 52040
23,52038,3,3,1, 52041
8,52041,1,1,1, 52042
22,52041,4,4,1, 52045
24,52044,1,1,1, 52045
16,52044,2,2,1, 52046
8,52046,1,1,0, 52047
22,52046,4,4,1, 52050
24,52049,1,1,0, 52050
24,52054,1,1,1, 52055
24,52059,1,1,1, 52060
24,52064,1,1,1, 52065
24,52069,1,1,1, 52070
24,52074,1,1,1, 52075
17,52074,3,3,1, 52077
1,52076,1,1,0, 52077
31,52076,2,2,1, 52078
24,52079,1,1,1, 52080
25,52080,2,2,1, 52082
1,52081,1,1,0, 52082
24,52084,1,1,0, 52085
1,52086,1,1,1, 52087
31,52086,2,2,1, 52088
2,52088,2,2,1, 52090
24,52089,1,1,1, 52090
25,52090,2,2,1, 52092
1,52091,1,1,1, 52092
26,52092,3,3,1, 52095
24,52094,1,1,0, 52095
1,52096,1,1,1, 52097
31,52096,2,2,1, 52098
26,52097,3,3,1, 52100
24,52099,1,1,1, 52100
18,52098,4,4,1, 52102
1,52101,1,1,1, 52102
3,52102,3,3,1, 52105
24,52104,1,1,0, 52105
18,52103,4,4,1, 52107
25,52105,2,2,1, 52107
1,52106,1,1,1, 52107
31,52106,2,2,1, 52108
26,52107,3,3,1, 52110
2,52108,2,2,1, 52110
24,52109,1,1,1, 52110
18,52108,4,4,1, 52112
25,52110,2,2,1, 52112
1,52111,1,1,1, 52112
31,52111,2,2,1, 52113
4,52111,4,4,1, 52115
24,52114,1,1,0, 52115
24,52119,1,1,0, 52120
31,52121,2,2,1, 52123
24,52124,1,1,0, 52125
24,52129,1,1,1, 52130
30,52128,3,3,1, 52131
24,52134,1,1,1, 52135
31,52136,2,2,1, 52138
24,52139,1,1,1, 52140
24,52144,1,1,1, 52145
30,52143,3,3,1, 52146
8,52156,1,1,0, 52157
8,52161,1,1,1, 52162
8,52166,1,1,0, 52167
8,52171,1,1,0, 52172
8,52176,1,1,0, 52177
8,52181,1,1,0, 52182
8,52186,1,1,0, 52187
16,52189,2,2,1, 52191
8,52191,1,1,0, 52192
8,52196,1,1,0, 52197
16,52199,2,2,1, 52201
8,52201,1,1,0, 52202
8,52206,1,1,1, 52207
16,52209,2,2,1, 52211
8,52211,1,1,0, 52212
16,52214,2,2,1, 52216
8,52216,1,1,0, 52217
16,52219,2,2,1, 52221
8,52221,1,1,0, 52222
16,52224,2,2,1, 52226
1,52226,1,1,1, 52227
8,52226,1,1,0, 52227
25,52230,2,2,1, 52232
1,52231,1,1,1, 52232
8,52231,1,1,1, 52232
23,52233,3,3,1, 52236
16,52234,2,2,1, 52236
1,52236,1,1,0, 52237
8,52236,1,1,0, 52237
2,52238,2,2,1, 52240
16,52239,2,2,1, 52241
25,52240,2,2,1, 52242
1,52241,1,1,1, 52242
8,52241,1,1,0, 52242
9,52242,2,2,1, 52244
16,52244,2,2,1, 52246
25,52245,2,2,1, 52247
1,52246,1,1,0, 52247
8,52246,1,1,1, 52247
15,52246,2,2,1, 52248
2,52248,2,2,1, 52250
24,52249,1,1,0, 52250
1,52251,1,1,1, 52252
8,52251,1,1,1, 52252
15,52251,2,2,1, 52253
2,52253,2,2,1, 52255
24,52254,1,1,0, 52255
25,52255,2,2,1, 52257
1,52256,1,1,1, 52257
3,52257,3,3,1, 52260
2,52258,2,2,1, 52260
24,52259,1,1,0, 52260
1,52261,1,1,0, 52262
26,52262,3,3,1, 52265
24,52264,1,1,0, 52265
18,52263,4,4,1, 52267
1,52266,1,1,1, 52267
9,52267,2,2,1, 52269
24,52269,1,1,0, 52270
24,52274,1,1,0, 52275
24,52279,1,1,0, 52280
24,52284,1,1,1, 52285
24,52289,1,1,0, 52290
24,52294,1,1,1, 52295
24,52299,1,1,0, 52300
30,52298,3,3,1, 52301
31,52301,2,2,1, 52303
24,52304,1,1,1, 52305
31,52306,2,2,1, 52308
24,52309,1,1,1, 52310
29,52308,4,4,1, 52312
31,52311,2,2,1, 52313
24,52314,1,1,1, 52315
30,52313,3,3,1, 52316
24,52319,1,1,1, 52320
24,52324,1,1,0, 52325
30,52323,3,3,1, 52326
24,52329,1,1,1, 52330
31,52331,2,2,1, 52333
24,52334,1,1,1, 52335
29,52333,4,4,1, 52337
31,52336,2,2,1, 52338
24,52339,1,1,0, 52340
24,52344,1,1,1, 52345
31,52346,2,2,1, 52348
8,52361,1,1,1, 52362
8,52366,1,1,0, 52367
8,52371,1,1,0, 52372
1,52376,1,1,1, 52377
8,52376,1,1,1, 52377
1,52381,1,1,0, 52382
8,52381,1,1,1, 52382
1,52386,1,1,1, 52387
8,52386,1,1,0, 52387
26,52387,3,3,1, 52390
2,52388,2,2,1, 52390
1,52391,1,1,1, 52392
8,52391,1,1,0, 52392
26,52392,3,3,1, 52395
1,52396,1,1,1, 52397
8,52396,1,1,1, 52397
16,52399,2,2,1, 52401
1,52401,1,1,0, 52402
8,52401,1,1,1, 52402
2,52403,2,2,1, 52405
16,52404,2,2,1, 52406
1,52406,1,1,1, 52407
8,52406,1,1,0, 52407
2,52408,2,2,1, 52410
16,52409,2,2,1, 52411
1,52411,1,1,1, 52412
8,52411,1,1,0, 52412
26,52412,3,3,1, 52415
16,52414,2,2,1, 52416
1,52416,1,1,1, 52417
8,52416,1,1,1, 52417
16,52419,2,2,1, 52421
1,52421,1,1,1, 52422
8,52421,1,1,0, 52422
3,52422,3,3,1, 52425
26,52422,3,3,1, 52425
1,52426,1,1,1, 52427
8,52426,1,1,0, 52427
11,52424,4,4,1, 52428
15,52426,2,2,1, 52428
3,52427,3,3,1, 52430
23,52428,3,3,1, 52431
18,52428,4,4,1, 52432
25,52430,2,2,1, 52432
1,52431,1,1,1, 52432
8,52431,1,1,1, 52432
11,52429,4,4,1, 52433
8,52436,1,1,1, 52437
15,52436,2,2,1, 52438
22,52436,4,4,1, 52440
23,52438,3,3,1, 52441
8,52441,1,1,0, 52442
22,52441,4,4,1, 52445
23,52443,3,3,1, 52446
24,52459,1,1,0, 52460
24,52464,1,1,0, 52465
30,52463,3,3,1, 52466
24,52469,1,1,0, 52470
24,52474,1,1,0, 52475
24,52479,1,1,0, 52480
24,52484,1,1,0, 52485
24,52489,1,1,0, 52490
24,52494,1,1,0, 52495
24,52499,1,1,0, 52500
24,52504,1,1,0, 52505
24,52509,1,1,0, 52510
24,52514,1,1,1, 52515
24,52519,1,1,0, 52520
24,52524,1,1,0, 52525
24,52529,1,1,1, 52530
24,52534,1,1,1, 52535
24,52539,1,1,1, 52540
1,52541,1,1,1, 52542
9,52542,2,2,1, 52544
24,52544,1,1,0, 52545
1,52546,1,1,1, 52547
2,52548,2,2,1, 52550
24,52549,1,1,0, 52550
17,52549,3,3,1, 52552
1,52551,1,1,0, 52552
8,52551,1,1,1, 52552
9,52552,2,2,1, 52554
2,52553,2,2,1, 52555
24,52554,1,1,0, 52555
25,52555,2,2,1, 52557
1,52556,1,1,0, 52557
8,52556,1,1,1, 52557
26,52557,3,3,1, 52560
24,52559,1,1,1, 52560
18,52558,4,4,1, 52562
25,52560,2,2,1, 52562
1,52561,1,1,1, 52562
8,52561,1,1,1, 52562
26,52562,3,3,1, 52565
24,52564,1,1,1, 52565
1,52566,1,1,0, 52567
8,52566,1,1,1, 52567
2,52568,2,2,1, 52570
24,52569,1,1,1, 52570
18,52568,4,4,1, 52572
25,52570,2,2,1, 52572
8,52571,1,1,0, 52572
31,52571,2,2,1, 52573
24,52574,1,1,0, 52575
8,52576,1,1,0, 52577
31,52576,2,2,1, 52578
24,52579,1,1,0, 52580
8,52581,1,1,0, 52582
31,52581,2,2,1, 52583
24,52584,1,1,0, 52585
8,52586,1,1,0, 52587
31,52586,2,2,1, 52588
24,52589,1,1,1, 52590
8,52591,1,1,0, 52592
31,52591,2,2,1, 52593
24,52594,1,1,1, 52595
8,52596,1,1,0, 52597
24,52599,1,1,1, 52600
8,52601,1,1,1, 52602
31,52601,2,2,1, 52603
24,52604,1,1,1, 52605
8,52606,1,1,1, 52607
31,52606,2,2,1, 52608
24,52609,1,1,0, 52610
16,52609,2,2,1, 52611
8,52611,1,1,0, 52612
31,52611,2,2,1, 52613
24,52614,1,1,0, 52615
8,52616,1,1,1, 52617
24,52619,1,1,0, 52620
16,52619,2,2,1, 52621
8,52621,1,1,0, 52622
31,52621,2,2,1, 52623
22,52621,4,4,1, 52625
24,52624,1,1,0, 52625
16,52624,2,2,1, 52626
8,52626,1,1,1, 52627
15,52626,2,2,1, 52628
22,52626,4,4,1, 52630
24,52629,1,1,1, 52630
23,52628,3,3,1, 52631
8,52631,1,1,1, 52632
15,52631,2,2,1, 52633
22,52631,4,4,1, 52635
24,52634,1,1,1, 52635
16,52634,2,2,1, 52636
8,52636,1,1,1, 52637
15,52636,2,2,1, 52638
31,52636,2,2,1, 52638
1,52676,1,1,1, 52677
9,52677,2,2,1, 52679
1,52681,1,1,1, 52682
17,52684,3,3,1, 52687
1,52686,1,1,0, 52687
25,52690,2,2,1, 52692
1,52691,1,1,0, 52692
9,52692,2,2,1, 52694
1,52696,1,1,0, 52697
17,52699,3,3,1, 52702
1,52701,1,1,0, 52702
9,52702,2,2,1, 52704
17,52704,3,3,1, 52707
1,52706,1,1,1, 52707
9,52707,2,2,1, 52709
2,52708,2,2,1, 52710
17,52709,3,3,1, 52712
25,52710,2,2,1, 52712
1,52711,1,1,0, 52712
17,52714,3,3,1, 52717
1,52716,1,1,1, 52717
9,52717,2,2,1, 52719
8,52741,1,1,1, 52742
24,52744,1,1,1, 52745
8,52746,1,1,1, 52747
24,52749,1,1,0, 52750
8,52751,1,1,1, 52752
24,52754,1,1,1, 52755
8,52756,1,1,0, 52757
24,52759,1,1,0, 52760
8,52761,1,1,1, 52762
24,52764,1,1,1, 52765
8,52766,1,1,0, 52767
24,52769,1,1,1, 52770
8,52771,1,1,1, 52772
24,52774,1,1,0, 52775
8,52776,1,1,1, 52777
24,52779,1,1,1, 52780
8,52781,1,1,0, 52782
24,52784,1,1,1, 52785
16,52784,2,2,1, 52786
8,52786,1,1,1, 52787
24,52789,1,1,0, 52790
8,52791,1,1,0, 52792
24,52794,1,1,1, 52795
16,52794,2,2,1, 52796
8,52796,1,1,0, 52797
24,52799,1,1,0, 52800
16,52799,2,2,1, 52801
8,52801,1,1,0, 52802
15,52801,2,2,1, 52803
24,52804,1,1,0, 52805
16,52804,2,2,1, 52806
8,52806,1,1,1, 52807
24,52809,1,1,0, 52810
8,52811,1,1,0, 52812
31,52811,2,2,1, 52813
24,52814,1,1,0, 52815
16,52814,2,2,1, 52816
8,52816,1,1,1, 52817
31,52816,2,2,1, 52818
6,52815,2,4,1, 52819
24,52819,1,1,1, 52820
8,52821,1,1,0, 52822
31,52821,2,2,1, 52823
6,52820,2,4,1, 52824
24,52824,1,1,1, 52825
14,52824,3,3,1, 52827
1,52826,1,1,0, 52827
8,52826,1,1,0, 52827
31,52826,2,2,1, 52828
24,52829,1,1,0, 52830
23,52828,3,3,1, 52831
16,52829,2,2,1, 52831
25,52830,2,2,1, 52832
1,52831,1,1,0, 52832
24,52834,1,1,1, 52835
25,52835,2,2,1, 52837
1,52836,1,1,1, 52837
24,52839,1,1,1, 52840
1,52841,1,1,0, 52842
24,52844,1,1,0, 52845
29,52843,4,4,1, 52847
25,52845,2,2,1, 52847
1,52846,1,1,1, 52847
24,52849,1,1,1, 52850
30,52848,3,3,1, 52851
25,52850,2,2,1, 52852
1,52851,1,1,0, 52852
31,52851,2,2,1, 52853
24,52854,1,1,1, 52855
25,52855,2,2,1, 52857
1,52856,1,1,1, 52857
24,52859,1,1,0, 52860
30,52858,3,3,1, 52861
1,52861,1,1,1, 52862
24,52864,1,1,1, 52865
30,52863,3,3,1, 52866
29,52863,4,4,1, 52867
25,52865,2,2,1, 52867
1,52866,1,1,0, 52867
25,52870,2,2,1, 52872
1,52871,1,1,1, 52872
25,52875,2,2,1, 52877
1,52876,1,1,1, 52877
2,52878,2,2,1, 52880
25,52880,2,2,1, 52882
1,52881,1,1,1, 52882
1,52886,1,1,1, 52887
1,52891,1,1,1, 52892
2,52893,2,2,1, 52895
1,52896,1,1,0, 52897
25,52900,2,2,1, 52902
1,52901,1,1,1, 52902
2,52903,2,2,1, 52905
25,52905,2,2,1, 52907
1,52906,1,1,0, 52907
9,52907,2,2,1, 52909
8,52936,1,1,0, 52937
8,52941,1,1,1, 52942
8,52946,1,1,0, 52947
8,52951,1,1,0, 52952
8,52956,1,1,0, 52957
8,52961,1,1,0, 52962
8,52966,1,1,0, 52967
8,52971,1,1,1, 52972
15,52971,2,2,1, 52973
24,52974,1,1,1, 52975
8,52976,1,1,0, 52977
15,52976,2,2,1, 52978
24,52979,1,1,1, 52980
8,52981,1,1,0, 52982
15,52981,2,2,1, 52983
24,52984,1,1,1, 52985
8,52986,1,1,1, 52987
15,52986,2,2,1, 52988
24,52989,1,1,1, 52990
8,52991,1,1,1, 52992
24,52994,1,1,1, 52995
8,52996,1,1,1, 52997
24,52999,1,1,1, 53000
8,53001,1,1,0, 53002
15,53001,2,2,1, 53003
24,53004,1,1,0, 53005
8,53006,1,1,1, 53007
24,53009,1,1,0, 53010
8,53011,1,1,0, 53012
15,53011,2,2,1, 53013
24,53014,1,1,0, 53015
8,53016,1,1,1, 53017
24,53019,1,1,0, 53020
1,53021,1,1,1, 53022
8,53021,1,1,0, 53022
24,53024,1,1,0, 53025
30,53023,3,3,1, 53026
25,53025,2,2,1, 53027
1,53026,1,1,0, 53027
8,53026,1,1,0, 53027
31,53026,2,2,1, 53028
6,53025,2,4,1, 53029
24,53029,1,1,1, 53030
16,53029,2,2,1, 53031
29,53028,4,4,1, 53032
14,53029,3,3,1, 53032
25,53030,2,2,1, 53032
1,53031,1,1,1, 53032
8,53031,1,1,1, 53032
31,53031,2,2,1, 53033
6,53030,2,4,1, 53034
24,53034,1,1,1, 53035
29,53033,4,4,1, 53037
1,53036,1,1,0, 53037
8,53036,1,1,1, 53037
13,53034,4,4,1, 53038
31,53036,2,2,1, 53038
24,53039,1,1,0, 53040
30,53038,3,3,1, 53041
29,53038,4,4,1, 53042
14,53039,3,3,1, 53042
1,53041,1,1,1, 53042
24,53044,1,1,1, 53045
30,53043,3,3,1, 53046
29,53043,4,4,1, 53047
1,53046,1,1,0, 53047
31,53046,2,2,1, 53048
2,53048,2,2,1, 53050
25,53050,2,2,1, 53052
1,53051,1,1,0, 53052
1,53056,1,1,0, 53057
2,53058,2,2,1, 53060
25,53060,2,2,1, 53062
1,53061,1,1,0, 53062
3,53062,3,3,1, 53065
2,53063,2,2,1, 53065
25,53065,2,2,1, 53067
1,53066,1,1,1, 53067
25,53070,2,2,1, 53072
1,53071,1,1,0, 53072
3,53072,3,3,1, 53075
2,53073,2,2,1, 53075
25,53075,2,2,1, 53077
1,53076,1,1,0, 53077
2,53078,2,2,1, 53080
16,53144,2,2,1, 53146
8,53146,1,1,1, 53147
8,53151,1,1,1, 53152
22,53151,4,4,1, 53155
24,53154,1,1,0, 53155
23,53153,3,3,1, 53156
16,53154,2,2,1, 53156
8,53156,1,1,1, 53157
22,53156,4,4,1, 53160
24,53159,1,1,1, 53160
8,53161,1,1,0, 53162
24,53164,1,1,1, 53165
8,53166,1,1,0, 53167
24,53169,1,1,0, 53170
8,53171,1,1,0, 53172
24,53174,1,1,1, 53175
8,53176,1,1,1, 53177
15,53176,2,2,1, 53178
24,53179,1,1,1, 53180
8,53181,1,1,1, 53182
24,53184,1,1,0, 53185
17,53184,3,3,1, 53187
1,53186,1,1,0, 53187
8,53186,1,1,1, 53187
24,53189,1,1,1, 53190
17,53189,3,3,1, 53192
1,53191,1,1,1, 53192
8,53191,1,1,0, 53192
15,53191,2,2,1, 53193
31,53191,2,2,1, 53193
24,53194,1,1,1, 53195
17,53194,3,3,1, 53197
1,53196,1,1,0, 53197
8,53196,1,1,0, 53197
15,53196,2,2,1, 53198
9,53197,2,2,1, 53199
24,53199,1,1,1, 53200
17,53199,3,3,1, 53202
25,53200,2,2,1, 53202
1,53201,1,1,0, 53202
8,53201,1,1,1, 53202
31,53201,2,2,1, 53203
24,53204,1,1,1, 53205
17,53204,3,3,1, 53207
25,53205,2,2,1, 53207
1,53206,1,1,1, 53207
8,53206,1,1,1, 53207
13,53204,4,4,1, 53208
15,53206,2,2,1, 53208
24,53209,1,1,1, 53210
30,53208,3,3,1, 53211
29,53208,4,4,1, 53212
14,53209,3,3,1, 53212
25,53210,2,2,1, 53212
1,53211,1,1,0, 53212
8,53211,1,1,1, 53212
31,53211,2,2,1, 53213
6,53210,2,4,1, 53214
24,53214,1,1,0, 53215
30,53213,3,3,1, 53216
29,53213,4,4,1, 53217
1,53216,1,1,1, 53217
8,53216,1,1,1, 53217
13,53214,4,4,1, 53218
24,53219,1,1,0, 53220
29,53218,4,4,1, 53222
25,53220,2,2,1, 53222
1,53221,1,1,1, 53222
31,53221,2,2,1, 53223
24,53224,1,1,0, 53225
30,53223,3,3,1, 53226
25,53225,2,2,1, 53227
1,53226,1,1,0, 53227
31,53226,2,2,1, 53228
24,53229,1,1,1, 53230
18,53228,4,4,1, 53232
25,53230,2,2,1, 53232
1,53231,1,1,0, 53232
31,53231,2,2,1, 53233
3,53232,3,3,1, 53235
2,53233,2,2,1, 53235
23,53323,3,3,1, 53326
8,53326,1,1,1, 53327
22,53326,4,4,1, 53330
16,53329,2,2,1, 53331
8,53331,1,1,0, 53332
22,53331,4,4,1, 53335
23,53333,3,3,1, 53336
1,53336,1,1,1, 53337
8,53336,1,1,0, 53337
22,53336,4,4,1, 53340
23,53338,3,3,1, 53341
16,53339,2,2,1, 53341
17,53339,3,3,1, 53342
1,53341,1,1,0, 53342
8,53341,1,1,0, 53342
24,53344,1,1,1, 53345
16,53344,2,2,1, 53346
25,53345,2,2,1, 53347
1,53346,1,1,1, 53347
8,53346,1,1,1, 53347
9,53347,2,2,1, 53349
24,53349,1,1,0, 53350
23,53348,3,3,1, 53351
16,53349,2,2,1, 53351
1,53351,1,1,1, 53352
8,53351,1,1,1, 53352
24,53354,1,1,1, 53355
23,53353,3,3,1, 53356
25,53355,2,2,1, 53357
1,53356,1,1,0, 53357
8,53356,1,1,0, 53357
9,53357,2,2,1, 53359
24,53359,1,1,1, 53360
23,53358,3,3,1, 53361
1,53361,1,1,0, 53362
24,53364,1,1,1, 53365
25,53365,2,2,1, 53367
1,53366,1,1,0, 53367
24,53369,1,1,0, 53370
25,53370,2,2,1, 53372
1,53371,1,1,0, 53372
9,53372,2,2,1, 53374
24,53374,1,1,0, 53375
1,53376,1,1,0, 53377
9,53377,2,2,1, 53379
24,53379,1,1,0, 53380
25,53380,2,2,1, 53382
1,53381,1,1,1, 53382
24,53384,1,1,1, 53385
25,53385,2,2,1, 53387
1,53386,1,1,0, 53387
2,53388,2,2,1, 53390
24,53389,1,1,1, 53390
29,53388,4,4,1, 53392
1,53391,1,1,0, 53392
26,53392,3,3,1, 53395
24,53394,1,1,1, 53395
31,53396,2,2,1, 53398
24,53399,1,1,1, 53400
24,53404,1,1,0, 53405
24,53409,1,1,1, 53410
24,53414,1,1,0, 53415
24,53419,1,1,1, 53420
24,53424,1,1,1, 53425
31,53426,2,2,1, 53428
24,53429,1,1,1, 53430
24,53434,1,1,1, 53435
24,53439,1,1,1, 53440
31,53441,2,2,1, 53443
24,53444,1,1,0, 53445
24,53449,1,1,0, 53450
24,53454,1,1,0, 53455
31,53456,2,2,1, 53458
24,53459,1,1,1, 53460
31,53461,2,2,1, 53463
24,53464,1,1,1, 53465
8,53466,1,1,1, 53467
31,53466,2,2,1, 53468
24,53469,1,1,0, 53470
16,53469,2,2,1, 53471
8,53471,1,1,1, 53472
24,53474,1,1,1, 53475
8,53476,1,1,0, 53477
24,53479,1,1,0, 53480
8,53481,1,1,0, 53482
24,53484,1,1,0, 53485
16,53484,2,2,1, 53486
8,53486,1,1,1, 53487
24,53489,1,1,0, 53490
16,53489,2,2,1, 53491
8,53491,1,1,1, 53492
31,53491,2,2,1, 53493
24,53494,1,1,1, 53495
30,53493,3,3,1, 53496
16,53494,2,2,1, 53496
8,53496,1,1,0, 53497
31,53496,2,2,1, 53498
9,53497,2,2,1, 53499
1,53501,1,1,0, 53502
8,53501,1,1,0, 53502
9,53502,2,2,1, 53504
23,53503,3,3,1, 53506
17,53504,3,3,1, 53507
1,53506,1,1,1, 53507
8,53506,1,1,1, 53507
9,53507,2,2,1, 53509
1,53511,1,1,0, 53512
8,53511,1,1,0, 53512
15,53511,2,2,1, 53513
9,53512,2,2,1, 53514
23,53513,3,3,1, 53516
1,53516,1,1,0, 53517
8,53516,1,1,1, 53517
23,53518,3,3,1, 53521
16,53519,2,2,1, 53521
1,53521,1,1,1, 53522
8,53521,1,1,0, 53522
1,53526,1,1,1, 53527
8,53526,1,1,1, 53527
1,53531,1,1,1, 53532
8,53531,1,1,0, 53532
15,53531,2,2,1, 53533
23,53533,3,3,1, 53536
16,53534,2,2,1, 53536
1,53536,1,1,1, 53537
8,53536,1,1,0, 53537
15,53536,2,2,1, 53538
2,53538,2,2,1, 53540
1,53541,1,1,1, 53542
11,53539,4,4,1, 53543
19,53541,5,5,1, 53546
1,53546,1,1,1, 53547
4,53546,4,4,1, 53550
2,53548,2,2,1, 53550
1,53551,1,1,0, 53552
11,53549,4,4,1, 53553
4,53551,4,4,1, 53555
3,53552,3,3,1, 53555
24,53604,1,1,1, 53605
24,53609,1,1,0, 53610
24,53614,1,1,1, 53615
24,53619,1,1,0, 53620
24,53624,1,1,0, 53625
24,53629,1,1,1, 53630
24,53634,1,1,1, 53635
24,53639,1,1,0, 53640
24,53644,1,1,0, 53645
8,53646,1,1,1, 53647
24,53649,1,1,1, 53650
8,53651,1,1,1, 53652
24,53654,1,1,0, 53655
8,53656,1,1,0, 53657
24,53659,1,1,1, 53660
17,53659,3,3,1, 53662
25,53660,2,2,1, 53662
1,53661,1,1,1, 53662
8,53661,1,1,1, 53662
31,53661,2,2,1, 53663
9,53662,2,2,1, 53664
24,53664,1,1,0, 53665
1,53666,1,1,1, 53667
8,53666,1,1,0, 53667
31,53666,2,2,1, 53668
9,53667,2,2,1, 53669
24,53669,1,1,0, 53670
17,53669,3,3,1, 53672
25,53670,2,2,1, 53672
1,53671,1,1,1, 53672
8,53671,1,1,0, 53672
31,53671,2,2,1, 53673
24,53674,1,1,0, 53675
25,53675,2,2,1, 53677
1,53676,1,1,1, 53677
8,53676,1,1,0, 53677
31,53676,2,2,1, 53678
26,53677,3,3,1, 53680
2,53678,2,2,1, 53680
24,53679,1,1,1, 53680
18,53678,4,4,1, 53682
25,53680,2,2,1, 53682
1,53681,1,1,1, 53682
8,53681,1,1,1, 53682
31,53681,2,2,1, 53683
26,53682,3,3,1, 53685
24,53684,1,1,0, 53685
29,53683,4,4,1, 53687
1,53686,1,1,1, 53687
8,53686,1,1,0, 53687
31,53686,2,2,1, 53688
9,53687,2,2,1, 53689
3,53687,3,3,1, 53690
2,53688,2,2,1, 53690
24,53689,1,1,0, 53690
30,53688,3,3,1, 53691
16,53689,2,2,1, 53691
18,53688,4,4,1, 53692
29,53688,4,4,1, 53692
8,53691,1,1,1, 53692
24,53694,1,1,0, 53695
30,53693,3,3,1, 53696
16,53694,2,2,1, 53696
29,53693,4,4,1, 53697
8,53696,1,1,0, 53697
24,53699,1,1,1, 53700
30,53698,3,3,1, 53701
16,53699,2,2,1, 53701
8,53701,1,1,0, 53702
16,53704,2,2,1, 53706
8,53706,1,1,1, 53707
16,53709,2,2,1, 53711
8,53711,1,1,0, 53712
16,53714,2,2,1, 53716
8,53716,1,1,0, 53717
15,53716,2,2,1, 53718
8,53721,1,1,0, 53722
16,53724,2,2,1, 53726
8,53726,1,1,1, 53727
16,53729,2,2,1, 53731
8,53731,1,1,1, 53732
8,53736,1,1,0, 53737
15,53736,2,2,1, 53738
8,53741,1,1,0, 53742
15,53741,2,2,1, 53743
1,53801,1,1,0, 53802
1,53806,1,1,1, 53807
24,53809,1,1,1, 53810
17,53809,3,3,1, 53812
25,53810,2,2,1, 53812
1,53811,1,1,0, 53812
24,53814,1,1,1, 53815
1,53816,1,1,0, 53817
9,53817,2,2,1, 53819
24,53819,1,1,1, 53820
18,53818,4,4,1, 53822
25,53820,2,2,1, 53822
1,53821,1,1,0, 53822
26,53822,3,3,1, 53825
24,53824,1,1,0, 53825
25,53825,2,2,1, 53827
1,53826,1,1,0, 53827
9,53827,2,2,1, 53829
2,53828,2,2,1, 53830
24,53829,1,1,1, 53830
1,53831,1,1,0, 53832
9,53832,2,2,1, 53834
26,53832,3,3,1, 53835
2,53833,2,2,1, 53835
24,53834,1,1,1, 53835
25,53835,2,2,1, 53837
1,53836,1,1,1, 53837
31,53836,2,2,1, 53838
9,53837,2,2,1, 53839
24,53839,1,1,0, 53840
24,53844,1,1,1, 53845
8,53846,1,1,0, 53847
24,53849,1,1,0, 53850
8,53851,1,1,1, 53852
24,53854,1,1,1, 53855
8,53856,1,1,0, 53857
24,53859,1,1,1, 53860
8,53861,1,1,0, 53862
24,53864,1,1,0, 53865
30,53863,3,3,1, 53866
8,53866,1,1,0, 53867
24,53869,1,1,1, 53870
8,53871,1,1,0, 53872
24,53874,1,1,0, 53875
30,53873,3,3,1, 53876
8,53876,1,1,0, 53877
24,53879,1,1,1, 53880
8,53881,1,1,0, 53882
15,53881,2,2,1, 53883
31,53881,2,2,1, 53883
24,53884,1,1,1, 53885
30,53883,3,3,1, 53886
8,53886,1,1,0, 53887
15,53886,2,2,1, 53888
31,53886,2,2,1, 53888
24,53889,1,1,1, 53890
8,53891,1,1,1, 53892
31,53891,2,2,1, 53893
24,53894,1,1,0, 53895
30,53893,3,3,1, 53896
8,53896,1,1,1, 53897
31,53896,2,2,1, 53898
6,53895,2,4,1, 53899
24,53899,1,1,0, 53900
30,53898,3,3,1, 53901
8,53901,1,1,0, 53902
13,53899,4,4,1, 53903
15,53901,2,2,1, 53903
31,53901,2,2,1, 53903
6,53900,2,4,1, 53904
8,53906,1,1,0, 53907
15,53906,2,2,1, 53908
6,53905,2,4,1, 53909
14,53909,3,3,1, 53912
8,53911,1,1,1, 53912
15,53911,2,2,1, 53913
14,53914,3,3,1, 53917
8,53916,1,1,1, 53917
13,53914,4,4,1, 53918
15,53916,2,2,1, 53918
25,53950,2,2,1, 53952
1,53951,1,1,1, 53952
1,53956,1,1,1, 53957
1,53961,1,1,0, 53962
9,53962,2,2,1, 53964
1,53966,1,1,0, 53967
9,53967,2,2,1, 53969
1,53971,1,1,0, 53972
9,53972,2,2,1, 53974
1,53976,1,1,0, 53977
9,53977,2,2,1, 53979
1,53981,1,1,0, 53982
18,53983,4,4,1, 53987
25,53985,2,2,1, 53987
1,53986,1,1,0, 53987
26,53987,3,3,1, 53990
18,53988,4,4,1, 53992
25,53990,2,2,1, 53992
1,53991,1,1,0, 53992
9,53992,2,2,1, 53994
1,53996,1,1,0, 53997
17,53999,3,3,1, 54002
25,54000,2,2,1, 54002
1,54001,1,1,0, 54002
17,54004,3,3,1, 54007
24,54009,1,1,1, 54010
24,54014,1,1,1, 54015
24,54019,1,1,0, 54020
24,54024,1,1,1, 54025
23,54023,3,3,1, 54026
16,54024,2,2,1, 54026
8,54026,1,1,0, 54027
22,54026,4,4,1, 54030
24,54029,1,1,0, 54030
16,54029,2,2,1, 54031
8,54031,1,1,0, 54032
24,54034,1,1,1, 54035
16,54034,2,2,1, 54036
8,54036,1,1,1, 54037
15,54036,2,2,1, 54038
22,54036,4,4,1, 54040
24,54039,1,1,0, 54040
23,54038,3,3,1, 54041
16,54039,2,2,1, 54041
8,54041,1,1,1, 54042
15,54041,2,2,1, 54043
24,54044,1,1,0, 54045
23,54043,3,3,1, 54046
8,54046,1,1,0, 54047
15,54046,2,2,1, 54048
22,54046,4,4,1, 54050
24,54049,1,1,0, 54050
16,54049,2,2,1, 54051
8,54051,1,1,1, 54052
15,54051,2,2,1, 54053
24,54054,1,1,1, 54055
31,54056,2,2,1, 54058
24,54059,1,1,1, 54060
24,54064,1,1,0, 54065
24,54069,1,1,0, 54070
31,54071,2,2,1, 54073
24,54074,1,1,1, 54075
24,54079,1,1,0, 54080
31,54081,2,2,1, 54083
24,54084,1,1,1, 54085
31,54086,2,2,1, 54088
24,54089,1,1,0, 54090
24,54094,1,1,0, 54095
31,54096,2,2,1, 54098
24,54099,1,1,1, 54100
24,54104,1,1,0, 54105
30,54103,3,3,1, 54106
24,54109,1,1,0, 54110
30,54108,3,3,1, 54111
29,54108,4,4,1, 54112
31,54111,2,2,1, 54113
24,54114,1,1,0, 54115
17,54114,3,3,1, 54117
1,54116,1,1,0, 54117
9,54117,2,2,1, 54119
24,54119,1,1,1, 54120
30,54118,3,3,1, 54121
17,54119,3,3,1, 54122
1,54121,1,1,0, 54122
31,54121,2,2,1, 54123
24,54124,1,1,0, 54125
1,54126,1,1,0, 54127
31,54126,2,2,1, 54128
17,54129,3,3,1, 54132
1,54131,1,1,1, 54132
1,54136,1,1,1, 54137
17,54139,3,3,1, 54142
1,54141,1,1,0, 54142
9,54142,2,2,1, 54144
1,54146,1,1,1, 54147
1,54151,1,1,0, 54152
17,54154,3,3,1, 54157
1,54156,1,1,1, 54157
9,54157,2,2,1, 54159
1,54161,1,1,1, 54162
8,54161,1,1,0, 54162
9,54162,2,2,1, 54164
26,54162,3,3,1, 54165
18,54163,4,4,1, 54167
17,54164,3,3,1, 54167
1,54166,1,1,0, 54167
8,54166,1,1,1, 54167
3,54167,3,3,1, 54170
23,54168,3,3,1, 54171
16,54169,2,2,1, 54171
8,54171,1,1,1, 54172
22,54171,4,4,1, 54175
16,54174,2,2,1, 54176
8,54176,1,1,1, 54177
16,54179,2,2,1, 54181
8,54181,1,1,1, 54182
16,54184,2,2,1, 54186
8,54186,1,1,1, 54187
16,54189,2,2,1, 54191
8,54191,1,1,1, 54192
8,54196,1,1,1, 54197
16,54199,2,2,1, 54201
8,54201,1,1,0, 54202
8,54206,1,1,1, 54207
16,54209,2,2,1, 54211
8,54211,1,1,1, 54212
16,54214,2,2,1, 54216
8,54216,1,1,1, 54217
16,54219,2,2,1, 54221
8,54221,1,1,1, 54222
16,54224,2,2,1, 54226
24,54234,1,1,1, 54235
24,54239,1,1,1, 54240
24,54244,1,1,0, 54245
24,54249,1,1,0, 54250
24,54254,1,1,0, 54255
24,54259,1,1,0, 54260
24,54264,1,1,1, 54265
31,54266,2,2,1, 54268
24,54269,1,1,1, 54270
25,54270,2,2,1, 54272
1,54271,1,1,1, 54272
24,54274,1,1,1, 54275
1,54276,1,1,1, 54277
24,54279,1,1,1, 54280
1,54281,1,1,1, 54282
24,54284,1,1,0, 54285
1,54286,1,1,0, 54287
24,54289,1,1,1, 54290
25,54290,2,2,1, 54292
1,54291,1,1,1, 54292
24,54294,1,1,1, 54295
1,54296,1,1,0, 54297
31,54296,2,2,1, 54298
24,54299,1,1,0, 54300
25,54300,2,2,1, 54302
1,54301,1,1,1, 54302
2,54303,2,2,1, 54305
24,54304,1,1,1, 54305
18,54303,4,4,1, 54307
25,54305,2,2,1, 54307
1,54306,1,1,0, 54307
31,54306,2,2,1, 54308
3,54307,3,3,1, 54310
2,54308,2,2,1, 54310
24,54309,1,1,0, 54310
1,54311,1,1,0, 54312
31,54311,2,2,1, 54313
3,54312,3,3,1, 54315
26,54312,3,3,1, 54315
2,54313,2,2,1, 54315
24,54314,1,1,1, 54315
25,54315,2,2,1, 54317
1,54316,1,1,1, 54317
31,54316,2,2,1, 54318
3,54317,3,3,1, 54320
26,54317,3,3,1, 54320
24,54319,1,1,1, 54320
29,54318,4,4,1, 54322
24,54324,1,1,1, 54325
29,54323,4,4,1, 54327
31,54326,2,2,1, 54328
24,54329,1,1,1, 54330
8,54331,1,1,1, 54332
24,54334,1,1,1, 54335
30,54333,3,3,1, 54336
29,54333,4,4,1, 54337
8,54336,1,1,1, 54337
24,54339,1,1,0, 54340
30,54338,3,3,1, 54341
8,54341,1,1,0, 54342
8,54346,1,1,0, 54347
8,54351,1,1,1, 54352
8,54356,1,1,1, 54357
8,54361,1,1,1, 54362
8,54366,1,1,1, 54367
8,54371,1,1,0, 54372
8,54376,1,1,1, 54377
8,54381,1,1,0, 54382
8,54386,1,1,1, 54387
8,54391,1,1,1, 54392
8,54396,1,1,0, 54397
8,54401,1,1,1, 54402
8,54406,1,1,0, 54407
8,54411,1,1,0, 54412
8,54416,1,1,1, 54417
8,54421,1,1,0, 54422
25,54425,2,2,1, 54427
1,54426,1,1,0, 54427
8,54426,1,1,1, 54427
1,54431,1,1,0, 54432
8,54431,1,1,1, 54432
15,54431,2,2,1, 54433
25,54435,2,2,1, 54437
1,54436,1,1,1, 54437
8,54436,1,1,0, 54437
25,54440,2,2,1, 54442
1,54441,1,1,0, 54442
8,54441,1,1,1, 54442
15,54441,2,2,1, 54443
1,54446,1,1,0, 54447
8,54446,1,1,0, 54447
15,54446,2,2,1, 54448
24,54449,1,1,1, 54450
16,54449,2,2,1, 54451
25,54450,2,2,1, 54452
1,54451,1,1,1, 54452
8,54451,1,1,0, 54452
15,54451,2,2,1, 54453
2,54453,2,2,1, 54455
24,54454,1,1,0, 54455
16,54454,2,2,1, 54456
1,54456,1,1,1, 54457
8,54456,1,1,0, 54457
15,54456,2,2,1, 54458
24,54459,1,1,1, 54460
1,54461,1,1,1, 54462
8,54461,1,1,1, 54462
15,54461,2,2,1, 54463
24,54464,1,1,1, 54465
14,54464,3,3,1, 54467
25,54465,2,2,1, 54467
1,54466,1,1,0, 54467
8,54466,1,1,1, 54467
13,54464,4,4,1, 54468
2,54468,2,2,1, 54470
24,54469,1,1,0, 54470
1,54471,1,1,1, 54472
8,54471,1,1,1, 54472
24,54474,1,1,1, 54475
25,54475,2,2,1, 54477
1,54476,1,1,0, 54477
8,54476,1,1,1, 54477
6,54475,2,4,1, 54479
3,54477,3,3,1, 54480
24,54479,1,1,0, 54480
25,54480,2,2,1, 54482
1,54481,1,1,1, 54482
11,54479,4,4,1, 54483
3,54482,3,3,1, 54485
24,54484,1,1,1, 54485
25,54485,2,2,1, 54487
1,54486,1,1,1, 54487
11,54484,4,4,1, 54488
31,54486,2,2,1, 54488
24,54489,1,1,0, 54490
24,54494,1,1,1, 54495
24,54499,1,1,0, 54500
24,54504,1,1,1, 54505
31,54506,2,2,1, 54508
24,54509,1,1,1, 54510
24,54514,1,1,1, 54515
31,54516,2,2,1, 54518
24,54519,1,1,0, 54520
31,54521,2,2,1, 54523
24,54524,1,1,1, 54525
31,54526,2,2,1, 54528
24,54529,1,1,0, 54530
31,54531,2,2,1, 54533
24,54534,1,1,0, 54535
24,54539,1,1,1, 54540
31,54541,2,2,1, 54543
24,54544,1,1,1, 54545
24,54549,1,1,0, 54550
24,54554,1,1,1, 54555
31,54556,2,2,1, 54558
24,54559,1,1,0, 54560
31,54561,2,2,1, 54563
24,54564,1,1,1, 54565
24,54569,1,1,1, 54570
24,54574,1,1,0, 54575
31,54576,2,2,1, 54578
8,54586,1,1,0, 54587
8,54591,1,1,1, 54592
1,54596,1,1,1, 54597
8,54596,1,1,0, 54597
9,54597,2,2,1, 54599
17,54599,3,3,1, 54602
1,54601,1,1,0, 54602
8,54601,1,1,0, 54602
17,54604,3,3,1, 54607
1,54606,1,1,1, 54607
8,54606,1,1,1, 54607
25,54610,2,2,1, 54612
1,54611,1,1,1, 54612
8,54611,1,1,1, 54612
1,54616,1,1,1, 54617
8,54616,1,1,1, 54617
1,54621,1,1,1, 54622
8,54621,1,1,1, 54622
25,54625,2,2,1, 54627
1,54626,1,1,0, 54627
8,54626,1,1,0, 54627
6,54625,2,4,1, 54629
14,54629,3,3,1, 54632
25,54630,2,2,1, 54632
1,54631,1,1,1, 54632
8,54631,1,1,1, 54632
14,54634,3,3,1, 54637
25,54635,2,2,1, 54637
1,54636,1,1,0, 54637
8,54636,1,1,0, 54637
15,54636,2,2,1, 54638
6,54635,2,4,1, 54639
14,54639,3,3,1, 54642
1,54641,1,1,1, 54642
8,54641,1,1,1, 54642
25,54645,2,2,1, 54647
1,54646,1,1,1, 54647
8,54646,1,1,0, 54647
11,54644,4,4,1, 54648
13,54644,4,4,1, 54648
15,54646,2,2,1, 54648
6,54645,2,4,1, 54649
16,54649,2,2,1, 54651
25,54650,2,2,1, 54652
1,54651,1,1,1, 54652
8,54651,1,1,0, 54652
11,54649,4,4,1, 54653
15,54651,2,2,1, 54653
6,54650,2,4,1, 54654
3,54652,3,3,1, 54655
2,54653,2,2,1, 54655
19,54651,5,5,1, 54656
14,54654,3,3,1, 54657
8,54656,1,1,1, 54657
13,54654,4,4,1, 54658
24,54679,1,1,1, 54680
24,54684,1,1,0, 54685
24,54689,1,1,0, 54690
24,54694,1,1,1, 54695
24,54699,1,1,1, 54700
24,54704,1,1,1, 54705
24,54709,1,1,0, 54710
24,54714,1,1,1, 54715
24,54719,1,1,1, 54720
24,54724,1,1,0, 54725
31,54726,2,2,1, 54728
24,54729,1,1,1, 54730
31,54731,2,2,1, 54733
24,54734,1,1,1, 54735
24,54739,1,1,1, 54740
31,54741,2,2,1, 54743
24,54744,1,1,1, 54745
24,54749,1,1,1, 54750
24,54754,1,1,0, 54755
24,54759,1,1,1, 54760
1,54761,1,1,1, 54762
31,54761,2,2,1, 54763
24,54764,1,1,1, 54765
1,54766,1,1,1, 54767
8,54766,1,1,1, 54767
31,54766,2,2,1, 54768
9,54767,2,2,1, 54769
24,54769,1,1,0, 54770
1,54771,1,1,1, 54772
8,54771,1,1,0, 54772
15,54771,2,2,1, 54773
24,54774,1,1,0, 54775
1,54776,1,1,1, 54777
8,54776,1,1,0, 54777
15,54776,2,2,1, 54778
24,54779,1,1,1, 54780
1,54781,1,1,0, 54782
8,54781,1,1,1, 54782
15,54781,2,2,1, 54783
9,54782,2,2,1, 54784
24,54784,1,1,0, 54785
1,54786,1,1,0, 54787
8,54786,1,1,1, 54787
24,54789,1,1,1, 54790
14,54789,3,3,1, 54792
17,54789,3,3,1, 54792
1,54791,1,1,1, 54792
8,54791,1,1,1, 54792
31,54791,2,2,1, 54793
6,54790,2,4,1, 54794
9,54792,2,2,1, 54794
24,54794,1,1,1, 54795
17,54794,3,3,1, 54797
1,54796,1,1,1, 54797
8,54796,1,1,1, 54797
13,54794,4,4,1, 54798
15,54796,2,2,1, 54798
31,54796,2,2,1, 54798
9,54797,2,2,1, 54799
24,54799,1,1,0, 54800
30,54798,3,3,1, 54801
18,54798,4,4,1, 54802
14,54799,3,3,1, 54802
1,54801,1,1,1, 54802
8,54801,1,1,0, 54802
13,54799,4,4,1, 54803
6,54800,2,4,1, 54804
24,54804,1,1,0, 54805
18,54803,4,4,1, 54807
29,54803,4,4,1, 54807
1,54806,1,1,0, 54807
8,54806,1,1,0, 54807
13,54804,4,4,1, 54808
26,54807,3,3,1, 54810
2,54808,2,2,1, 54810
24,54809,1,1,0, 54810
18,54808,4,4,1, 54812
29,54808,4,4,1, 54812
14,54809,3,3,1, 54812
17,54809,3,3,1, 54812
1,54811,1,1,0, 54812
8,54811,1,1,0, 54812
13,54809,4,4,1, 54813
31,54811,2,2,1, 54813
26,54812,3,3,1, 54815
24,54814,1,1,0, 54815
30,54813,3,3,1, 54816
1,54921,1,1,1, 54922
8,54921,1,1,0, 54922
24,54924,1,1,1, 54925
23,54923,3,3,1, 54926
16,54924,2,2,1, 54926
25,54925,2,2,1, 54927
1,54926,1,1,0, 54927
8,54926,1,1,0, 54927
24,54929,1,1,0, 54930
23,54928,3,3,1, 54931
16,54929,2,2,1, 54931
25,54930,2,2,1, 54932
1,54931,1,1,0, 54932
8,54931,1,1,1, 54932
24,54934,1,1,0, 54935
23,54933,3,3,1, 54936
1,54936,1,1,0, 54937
8,54936,1,1,0, 54937
24,54939,1,1,1, 54940
23,54938,3,3,1, 54941
16,54939,2,2,1, 54941
25,54940,2,2,1, 54942
1,54941,1,1,0, 54942
8,54941,1,1,0, 54942
31,54941,2,2,1, 54943
9,54942,2,2,1, 54944
24,54944,1,1,0, 54945
23,54943,3,3,1, 54946
16,54944,2,2,1, 54946
17,54944,3,3,1, 54947
25,54945,2,2,1, 54947
1,54946,1,1,1, 54947
8,54946,1,1,1, 54947
22,54946,4,4,1, 54950
2,54948,2,2,1, 54950
24,54949,1,1,0, 54950
23,54948,3,3,1, 54951
1,54951,1,1,1, 54952
8,54951,1,1,0, 54952
15,54951,2,2,1, 54953
31,54951,2,2,1, 54953
6,54950,2,4,1, 54954
9,54952,2,2,1, 54954
26,54952,3,3,1, 54955
2,54953,2,2,1, 54955
24,54954,1,1,1, 54955
16,54954,2,2,1, 54956
14,54954,3,3,1, 54957
1,54956,1,1,0, 54957
26,54957,3,3,1, 54960
24,54959,1,1,0, 54960
25,54960,2,2,1, 54962
1,54961,1,1,0, 54962
26,54962,3,3,1, 54965
24,54964,1,1,1, 54965
1,54966,1,1,0, 54967
9,54967,2,2,1, 54969
24,54969,1,1,1, 54970
31,54971,2,2,1, 54973
24,54974,1,1,1, 54975
24,54979,1,1,0, 54980
24,54984,1,1,0, 54985
24,54989,1,1,0, 54990
31,54991,2,2,1, 54993
24,54994,1,1,1, 54995
31,54996,2,2,1, 54998
24,54999,1,1,1, 55000
24,55004,1,1,1, 55005
31,55006,2,2,1, 55008
24,55009,1,1,1, 55010
29,55008,4,4,1, 55012
31,55011,2,2,1, 55013
24,55014,1,1,0, 55015
30,55013,3,3,1, 55016
24,55019,1,1,1, 55020
24,55024,1,1,0, 55025
30,55023,3,3,1, 55026
24,55029,1,1,0, 55030
30,55028,3,3,1, 55031
22,55061,4,4,1, 55065
8,55066,1,1,1, 55067
8,55071,1,1,0, 55072
8,55076,1,1,0, 55077
1,55081,1,1,0, 55082
8,55081,1,1,0, 55082
1,55086,1,1,1, 55087
8,55086,1,1,1, 55087
16,55089,2,2,1, 55091
25,55090,2,2,1, 55092
1,55091,1,1,0, 55092
8,55091,1,1,0, 55092
16,55094,2,2,1, 55096
25,55095,2,2,1, 55097
1,55096,1,1,0, 55097
8,55096,1,1,1, 55097
9,55097,2,2,1, 55099
1,55101,1,1,0, 55102
8,55101,1,1,1, 55102
15,55101,2,2,1, 55103
16,55104,2,2,1, 55106
25,55105,2,2,1, 55107
1,55106,1,1,0, 55107
8,55106,1,1,0, 55107
25,55110,2,2,1, 55112
1,55111,1,1,0, 55112
8,55111,1,1,1, 55112
15,55111,2,2,1, 55113
9,55112,2,2,1, 55114
1,55116,1,1,1, 55117
8,55116,1,1,1, 55117
16,55119,2,2,1, 55121
1,55121,1,1,1, 55122
8,55121,1,1,1, 55122
9,55122,2,2,1, 55124
16,55124,2,2,1, 55126
14,55124,3,3,1, 55127
17,55124,3,3,1, 55127
1,55126,1,1,1, 55127
8,55126,1,1,1, 55127
15,55126,2,2,1, 55128
6,55125,2,4,1, 55129
2,55128,2,2,1, 55130
16,55129,2,2,1, 55131
17,55129,3,3,1, 55132
25,55130,2,2,1, 55132
1,55131,1,1,1, 55132
8,55131,1,1,1, 55132
15,55131,2,2,1, 55133
9,55132,2,2,1, 55134
17,55134,3,3,1, 55137
1,55136,1,1,1, 55137
2,55138,2,2,1, 55140
24,55139,1,1,0, 55140
24,55144,1,1,1, 55145
24,55149,1,1,0, 55150
24,55154,1,1,0, 55155
24,55159,1,1,1, 55160
31,55161,2,2,1, 55163
24,55164,1,1,0, 55165
31,55166,2,2,1, 55168
24,55169,1,1,1, 55170
24,55174,1,1,0, 55175
24,55179,1,1,1, 55180
24,55184,1,1,1, 55185
24,55189,1,1,1, 55190
24,55194,1,1,0, 55195
24,55199,1,1,0, 55200
30,55198,3,3,1, 55201
29,55198,4,4,1, 55202
24,55204,1,1,0, 55205
30,55203,3,3,1, 55206
29,55203,4,4,1, 55207
31,55206,2,2,1, 55208
24,55209,1,1,1, 55210
24,55214,1,1,0, 55215
30,55213,3,3,1, 55216
31,55216,2,2,1, 55218
24,55219,1,1,0, 55220
30,55218,3,3,1, 55221
29,55218,4,4,1, 55222
17,55244,3,3,1, 55247
1,55246,1,1,1, 55247
8,55246,1,1,1, 55247
1,55251,1,1,1, 55252
8,55251,1,1,0, 55252
25,55255,2,2,1, 55257
1,55256,1,1,0, 55257
8,55256,1,1,0, 55257
1,55261,1,1,1, 55262
8,55261,1,1,1, 55262
1,55266,1,1,1, 55267
8,55266,1,1,1, 55267
9,55267,2,2,1, 55269
17,55269,3,3,1, 55272
25,55270,2,2,1, 55272
1,55271,1,1,1, 55272
8,55271,1,1,1, 55272
17,55274,3,3,1, 55277
1,55276,1,1,0, 55277
8,55276,1,1,0, 55277
17,55279,3,3,1, 55282
25,55280,2,2,1, 55282
1,55281,1,1,0, 55282
8,55281,1,1,1, 55282
9,55282,2,2,1, 55284
17,55284,3,3,1, 55287
1,55286,1,1,1, 55287
8,55286,1,1,1, 55287
9,55287,2,2,1, 55289
17,55289,3,3,1, 55292
25,55290,2,2,1, 55292
1,55291,1,1,0, 55292
8,55291,1,1,0, 55292
9,55292,2,2,1, 55294
8,55296,1,1,1, 55297
8,55301,1,1,0, 55302
15,55301,2,2,1, 55303
8,55306,1,1,0, 55307
15,55306,2,2,1, 55308
8,55311,1,1,1, 55312
8,55316,1,1,0, 55317
8,55321,1,1,0, 55322
8,55326,1,1,1, 55327
15,55326,2,2,1, 55328
24,55329,1,1,0, 55330
8,55331,1,1,1, 55332
15,55331,2,2,1, 55333
24,55334,1,1,0, 55335
8,55336,1,1,0, 55337
15,55336,2,2,1, 55338
24,55339,1,1,0, 55340
16,55339,2,2,1, 55341
8,55341,1,1,0, 55342
24,55344,1,1,0, 55345
8,55346,1,1,1, 55347
15,55346,2,2,1, 55348
24,55349,1,1,1, 55350
8,55351,1,1,0, 55352
15,55351,2,2,1, 55353
24,55354,1,1,1, 55355
16,55354,2,2,1, 55356
8,55356,1,1,1, 55357
24,55359,1,1,1, 55360
8,55361,1,1,0, 55362
31,55361,2,2,1, 55363
6,55360,2,4,1, 55364
24,55364,1,1,0, 55365
8,55366,1,1,0, 55367
15,55366,2,2,1, 55368
24,55369,1,1,0, 55370
31,55371,2,2,1, 55373
24,55374,1,1,0, 55375
31,55376,2,2,1, 55378
24,55379,1,1,0, 55380
30,55378,3,3,1, 55381
31,55381,2,2,1, 55383
24,55384,1,1,1, 55385
29,55383,4,4,1, 55387
24,55389,1,1,1, 55390
30,55388,3,3,1, 55391
29,55388,4,4,1, 55392
31,55391,2,2,1, 55393
24,55394,1,1,0, 55395
29,55393,4,4,1, 55397
31,55396,2,2,1, 55398
24,55399,1,1,1, 55400
30,55398,3,3,1, 55401
1,55401,1,1,1, 55402
1,55406,1,1,1, 55407
1,55411,1,1,1, 55412
1,55416,1,1,1, 55417
1,55421,1,1,1, 55422
9,55422,2,2,1, 55424
1,55426,1,1,0, 55427
9,55427,2,2,1, 55429
17,55429,3,3,1, 55432
1,55431,1,1,0, 55432
17,55434,3,3,1, 55437
1,55436,1,1,0, 55437
17,55439,3,3,1, 55442
25,55440,2,2,1, 55442
1,55441,1,1,1, 55442
9,55442,2,2,1, 55444
1,55446,1,1,1, 55447
17,55449,3,3,1, 55452
1,55451,1,1,1, 55452
25,55455,2,2,1, 55457
1,55456,1,1,0, 55457
9,55457,2,2,1, 55459
2,55458,2,2,1, 55460
1,55461,1,1,1, 55462
2,55463,2,2,1, 55465
17,55464,3,3,1, 55467
1,55466,1,1,0, 55467
2,55468,2,2,1, 55470
16,55474,2,2,1, 55476
8,55476,1,1,1, 55477
23,55478,3,3,1, 55481
8,55481,1,1,1, 55482
8,55486,1,1,1, 55487
23,55488,3,3,1, 55491
16,55489,2,2,1, 55491
8,55491,1,1,1, 55492
8,55496,1,1,0, 55497
23,55498,3,3,1, 55501
8,55501,1,1,1, 55502
23,55503,3,3,1, 55506
16,55504,2,2,1, 55506
8,55506,1,1,1, 55507
24,55509,1,1,0, 55510
23,55508,3,3,1, 55511
8,55511,1,1,0, 55512
24,55514,1,1,0, 55515
8,55516,1,1,0, 55517
24,55519,1,1,1, 55520
8,55521,1,1,0, 55522
24,55524,1,1,0, 55525
8,55526,1,1,0, 55527
15,55526,2,2,1, 55528
24,55529,1,1,1, 55530
8,55531,1,1,1, 55532
24,55534,1,1,1, 55535
8,55536,1,1,0, 55537
15,55536,2,2,1, 55538
31,55536,2,2,1, 55538
24,55539,1,1,1, 55540
14,55539,3,3,1, 55542
8,55541,1,1,1, 55542
15,55541,2,2,1, 55543
6,55540,2,4,1, 55544
24,55544,1,1,0, 55545
24,55549,1,1,0, 55550
24,55554,1,1,1, 55555
24,55559,1,1,0, 55560
31,55561,2,2,1, 55563
24,55564,1,1,1, 55565
24,55569,1,1,1, 55570
24,55574,1,1,0, 55575
24,55579,1,1,0, 55580
25,55580,2,2,1, 55582
1,55581,1,1,0, 55582
31,55581,2,2,1, 55583
24,55584,1,1,0, 55585
1,55586,1,1,1, 55587
24,55589,1,1,0, 55590
25,55590,2,2,1, 55592
1,55591,1,1,1, 55592
24,55594,1,1,1, 55595
1,55596,1,1,0, 55597
24,55599,1,1,0, 55600
25,55600,2,2,1, 55602
1,55601,1,1,0, 55602
24,55604,1,1,1, 55605
29,55603,4,4,1, 55607
25,55605,2,2,1, 55607
1,55606,1,1,0, 55607
31,55606,2,2,1, 55608
24,55609,1,1,0, 55610
29,55608,4,4,1, 55612
1,55611,1,1,1, 55612
24,55614,1,1,1, 55615
1,55616,1,1,0, 55617
31,55616,2,2,1, 55618
24,55619,1,1,0, 55620
29,55618,4,4,1, 55622
1,55621,1,1,0, 55622
24,55624,1,1,0, 55625
30,55623,3,3,1, 55626
1,55626,1,1,1, 55627
31,55626,2,2,1, 55628
24,55629,1,1,0, 55630
29,55628,4,4,1, 55632
1,55631,1,1,1, 55632
25,55635,2,2,1, 55637
1,55636,1,1,1, 55637
2,55638,2,2,1, 55640
1,55641,1,1,1, 55642
2,55643,2,2,1, 55645
25,55645,2,2,1, 55647
1,55646,1,1,0, 55647
11,55644,4,4,1, 55648
2,55648,2,2,1, 55650
25,55650,2,2,1, 55652
1,55651,1,1,1, 55652
8,55651,1,1,0, 55652
16,55654,2,2,1, 55656
1,55656,1,1,0, 55657
8,55656,1,1,0, 55657
9,55657,2,2,1, 55659
2,55658,2,2,1, 55660
25,55660,2,2,1, 55662
8,55661,1,1,0, 55662
8,55666,1,1,1, 55667
16,55669,2,2,1, 55671
8,55671,1,1,1, 55672
8,55676,1,1,1, 55677
16,55679,2,2,1, 55681
8,55681,1,1,1, 55682
16,55684,2,2,1, 55686
8,55686,1,1,1, 55687
8,55691,1,1,0, 55692
22,55691,4,4,1, 55695
23,55693,3,3,1, 55696
16,55694,2,2,1, 55696
8,55696,1,1,1, 55697
15,55696,2,2,1, 55698
23,55698,3,3,1, 55701
8,55701,1,1,1, 55702
16,55704,2,2,1, 55706
14,55704,3,3,1, 55707
8,55706,1,1,0, 55707
15,55706,2,2,1, 55708
24,55744,1,1,1, 55745
24,55749,1,1,0, 55750
24,55754,1,1,1, 55755
24,55759,1,1,0, 55760
24,55764,1,1,0, 55765
24,55769,1,1,0, 55770
1,55771,1,1,1, 55772
24,55774,1,1,1, 55775
17,55774,3,3,1, 55777
25,55775,2,2,1, 55777
1,55776,1,1,1, 55777
9,55777,2,2,1, 55779
24,55779,1,1,1, 55780
25,55780,2,2,1, 55782
1,55781,1,1,1, 55782
31,55781,2,2,1, 55783
24,55784,1,1,1, 55785
1,55786,1,1,1, 55787
31,55786,2,2,1, 55788
9,55787,2,2,1, 55789
24,55789,1,1,0, 55790
1,55791,1,1,0, 55792
31,55791,2,2,1, 55793
9,55792,2,2,1, 55794
24,55794,1,1,1, 55795
18,55793,4,4,1, 55797
17,55794,3,3,1, 55797
1,55796,1,1,1, 55797
31,55796,2,2,1, 55798
9,55797,2,2,1, 55799
3,55797,3,3,1, 55800
24,55799,1,1,0, 55800
29,55798,4,4,1, 55802
17,55799,3,3,1, 55802
25,55800,2,2,1, 55802
1,55801,1,1,0, 55802
24,55804,1,1,1, 55805
17,55804,3,3,1, 55807
25,55805,2,2,1, 55807
31,55806,2,2,1, 55808
24,55809,1,1,0, 55810
29,55808,4,4,1, 55812
8,55811,1,1,0, 55812
24,55814,1,1,1, 55815
30,55813,3,3,1, 55816
29,55813,4,4,1, 55817
8,55816,1,1,0, 55817
31,55816,2,2,1, 55818
24,55819,1,1,0, 55820
8,55821,1,1,1, 55822
31,55821,2,2,1, 55823
24,55824,1,1,1, 55825
30,55823,3,3,1, 55826
8,55826,1,1,0, 55827
8,55831,1,1,1, 55832
8,55836,1,1,0, 55837
8,55841,1,1,0, 55842
8,55846,1,1,0, 55847
16,55849,2,2,1, 55851
8,55851,1,1,0, 55852
16,55854,2,2,1, 55856
8,55856,1,1,1, 55857
8,55861,1,1,1, 55862
8,55866,1,1,1, 55867
8,55871,1,1,0, 55872
8,55876,1,1,1, 55877
8,55881,1,1,1, 55882
16,55884,2,2,1, 55886
8,55886,1,1,0, 55887
8,55891,1,1,1, 55892
23,55893,3,3,1, 55896
16,55894,2,2,1, 55896
14,55894,3,3,1, 55897
8,55896,1,1,0, 55897
15,55896,2,2,1, 55898
6,55895,2,4,1, 55899
23,55898,3,3,1, 55901
16,55899,2,2,1, 55901
8,55901,1,1,1, 55902
13,55899,4,4,1, 55903
15,55901,2,2,1, 55903
6,55900,2,4,1, 55904
1,55911,1,1,1, 55912
1,55916,1,1,1, 55917
9,55917,2,2,1, 55919
25,55920,2,2,1, 55922
1,55921,1,1,1, 55922
17,55924,3,3,1, 55927
1,55926,1,1,1, 55927
9,55927,2,2,1, 55929
17,55929,3,3,1, 55932
1,55931,1,1,1, 55932
9,55932,2,2,1, 55934
24,55934,1,1,0, 55935
1,55936,1,1,1, 55937
9,55937,2,2,1, 55939
24,55939,1,1,0, 55940
17,55939,3,3,1, 55942
1,55941,1,1,1, 55942
24,55944,1,1,1, 55945
17,55944,3,3,1, 55947
1,55946,1,1,1, 55947
9,55947,2,2,1, 55949
26,55947,3,3,1, 55950
24,55949,1,1,0, 55950
1,55951,1,1,0, 55952
9,55952,2,2,1, 55954
3,55952,3,3,1, 55955
24,55954,1,1,1, 55955
24,55959,1,1,0, 55960
24,55964,1,1,1, 55965
24,55969,1,1,0, 55970
24,55974,1,1,1, 55975
24,55979,1,1,1, 55980
24,55984,1,1,0, 55985
31,55986,2,2,1, 55988
24,55989,1,1,0, 55990
31,55991,2,2,1, 55993
24,55994,1,1,1, 55995
31,55996,2,2,1, 55998
24,55999,1,1,0, 56000
24,56004,1,1,0, 56005
8,56006,1,1,0, 56007
24,56009,1,1,0, 56010
8,56011,1,1,1, 56012
31,56011,2,2,1, 56013
24,56014,1,1,0, 56015
8,56016,1,1,0, 56017
31,56016,2,2,1, 56018
24,56019,1,1,1, 56020
30,56018,3,3,1, 56021
8,56021,1,1,1, 56022
31,56021,2,2,1, 56023
24,56024,1,1,1, 56025
8,56026,1,1,1, 56027
24,56029,1,1,0, 56030
8,56031,1,1,1, 56032
31,56031,2,2,1, 56033
24,56034,1,1,0, 56035
8,56036,1,1,0, 56037
24,56039,1,1,1, 56040
8,56041,1,1,1, 56042
31,56041,2,2,1, 56043
24,56044,1,1,0, 56045
30,56043,3,3,1, 56046
8,56046,1,1,1, 56047
15,56046,2,2,1, 56048
31,56046,2,2,1, 56048
8,56051,1,1,1, 56052
13,56049,4,4,1, 56053
15,56051,2,2,1, 56053
6,56050,2,4,1, 56054
16,56054,2,2,1, 56056
14,56054,3,3,1, 56057
8,56056,1,1,1, 56057
15,56056,2,2,1, 56058
6,56055,2,4,1, 56059
16,56059,2,2,1, 56061
14,56059,3,3,1, 56062
25,56060,2,2,1, 56062
1,56061,1,1,0, 56062
8,56061,1,1,0, 56062
13,56059,4,4,1, 56063
15,56061,2,2,1, 56063
6,56060,2,4,1, 56064
25,56065,2,2,1, 56067
1,56066,1,1,0, 56067
25,56070,2,2,1, 56072
1,56071,1,1,0, 56072
1,56076,1,1,0, 56077
25,56080,2,2,1, 56082
1,56081,1,1,0, 56082
25,56085,2,2,1, 56087
1,56086,1,1,1, 56087
1,56091,1,1,0, 56092
25,56095,2,2,1, 56097
1,56096,1,1,1, 56097
2,56098,2,2,1, 56100
1,56101,1,1,0, 56102
17,56104,3,3,1, 56107
1,56106,1,1,1, 56107
9,56107,2,2,1, 56109
2,56108,2,2,1, 56110
1,56111,1,1,1, 56112
9,56112,2,2,1, 56114
2,56113,2,2,1, 56115
17,56114,3,3,1, 56117
25,56115,2,2,1, 56117
24,56154,1,1,1, 56155
24,56159,1,1,0, 56160
24,56164,1,1,0, 56165
24,56169,1,1,0, 56170
8,56171,1,1,0, 56172
24,56174,1,1,0, 56175
8,56176,1,1,1, 56177
24,56179,1,1,0, 56180
8,56181,1,1,1, 56182
24,56184,1,1,0, 56185
8,56186,1,1,1, 56187
24,56189,1,1,1, 56190
8,56191,1,1,0, 56192
24,56194,1,1,0, 56195
8,56196,1,1,0, 56197
24,56199,1,1,1, 56200
8,56201,1,1,1, 56202
15,56201,2,2,1, 56203
24,56204,1,1,0, 56205
8,56206,1,1,0, 56207
15,56206,2,2,1, 56208
24,56209,1,1,1, 56210
8,56211,1,1,1, 56212
15,56211,2,2,1, 56213
24,56214,1,1,1, 56215
8,56216,1,1,0, 56217
24,56219,1,1,0, 56220
25,56220,2,2,1, 56222
1,56221,1,1,1, 56222
8,56221,1,1,1, 56222
15,56221,2,2,1, 56223
31,56221,2,2,1, 56223
24,56224,1,1,1, 56225
25,56225,2,2,1, 56227
1,56226,1,1,0, 56227
8,56226,1,1,1, 56227
31,56226,2,2,1, 56228
24,56229,1,1,1, 56230
1,56231,1,1,0, 56232
8,56231,1,1,1, 56232
24,56234,1,1,0, 56235
25,56235,2,2,1, 56237
1,56236,1,1,1, 56237
8,56236,1,1,1, 56237
15,56236,2,2,1, 56238
31,56236,2,2,1, 56238
24,56239,1,1,1, 56240
25,56240,2,2,1, 56242
1,56241,1,1,1, 56242
8,56241,1,1,0, 56242
15,56241,2,2,1, 56243
31,56241,2,2,1, 56243
24,56244,1,1,1, 56245
25,56245,2,2,1, 56247
1,56246,1,1,1, 56247
8,56246,1,1,1, 56247
15,56246,2,2,1, 56248
24,56249,1,1,0, 56250
25,56250,2,2,1, 56252
1,56251,1,1,0, 56252
8,56251,1,1,0, 56252
15,56251,2,2,1, 56253
31,56251,2,2,1, 56253
24,56254,1,1,1, 56255
1,56256,1,1,1, 56257
8,56256,1,1,0, 56257
24,56259,1,1,0, 56260
14,56259,3,3,1, 56262
25,56260,2,2,1, 56262
1,56261,1,1,0, 56262
8,56261,1,1,1, 56262
15,56261,2,2,1, 56263
31,56261,2,2,1, 56263
2,56263,2,2,1, 56265
24,56264,1,1,1, 56265
14,56264,3,3,1, 56267
1,56266,1,1,1, 56267
8,56266,1,1,0, 56267
24,56269,1,1,0, 56270
30,56268,3,3,1, 56271
16,56269,2,2,1, 56271
29,56268,4,4,1, 56272
25,56270,2,2,1, 56272
1,56271,1,1,0, 56272
8,56271,1,1,0, 56272
15,56271,2,2,1, 56273
31,56271,2,2,1, 56273
2,56273,2,2,1, 56275
24,56274,1,1,1, 56275
30,56273,3,3,1, 56276
29,56273,4,4,1, 56277
25,56275,2,2,1, 56277
1,56276,1,1,1, 56277
31,56276,2,2,1, 56278
1,56281,1,1,1, 56282
2,56283,2,2,1, 56285
8,56381,1,1,1, 56382
24,56384,1,1,0, 56385
17,56384,3,3,1, 56387
25,56385,2,2,1, 56387
1,56386,1,1,0, 56387
8,56386,1,1,0, 56387
9,56387,2,2,1, 56389
24,56389,1,1,1, 56390
16,56389,2,2,1, 56391
17,56389,3,3,1, 56392
25,56390,2,2,1, 56392
1,56391,1,1,1, 56392
8,56391,1,1,0, 56392
9,56392,2,2,1, 56394
22,56391,4,4,1, 56395
24,56394,1,1,1, 56395
17,56394,3,3,1, 56397
1,56396,1,1,0, 56397
8,56396,1,1,0, 56397
9,56397,2,2,1, 56399
22,56396,4,4,1, 56400
24,56399,1,1,1, 56400
16,56399,2,2,1, 56401
25,56400,2,2,1, 56402
1,56401,1,1,1, 56402
8,56401,1,1,0, 56402
24,56404,1,1,1, 56405
16,56404,2,2,1, 56406
25,56405,2,2,1, 56407
1,56406,1,1,0, 56407
8,56406,1,1,0, 56407
9,56407,2,2,1, 56409
24,56409,1,1,0, 56410
16,56409,2,2,1, 56411
25,56410,2,2,1, 56412
1,56411,1,1,0, 56412
8,56411,1,1,1, 56412
24,56414,1,1,1, 56415
1,56416,1,1,0, 56417
8,56416,1,1,0, 56417
31,56416,2,2,1, 56418
22,56416,4,4,1, 56420
24,56419,1,1,0, 56420
17,56419,3,3,1, 56422
1,56421,1,1,1, 56422
8,56421,1,1,0, 56422
15,56421,2,2,1, 56423
24,56424,1,1,0, 56425
23,56423,3,3,1, 56426
16,56424,2,2,1, 56426
17,56424,3,3,1, 56427
8,56426,1,1,0, 56427
24,56429,1,1,0, 56430
23,56428,3,3,1, 56431
16,56429,2,2,1, 56431
8,56431,1,1,0, 56432
15,56431,2,2,1, 56433
31,56431,2,2,1, 56433
24,56434,1,1,0, 56435
24,56439,1,1,0, 56440
24,56444,1,1,1, 56445
24,56449,1,1,1, 56450
30,56448,3,3,1, 56451
29,56448,4,4,1, 56452
24,56454,1,1,0, 56455
30,56453,3,3,1, 56456
24,56459,1,1,0, 56460
24,56464,1,1,1, 56465
30,56463,3,3,1, 56466
31,56466,2,2,1, 56468
24,56469,1,1,1, 56470
30,56468,3,3,1, 56471
24,56474,1,1,1, 56475
30,56473,3,3,1, 56476
31,56476,2,2,1, 56478
24,56479,1,1,1, 56480
29,56478,4,4,1, 56482
1,56531,1,1,1, 56532
1,56536,1,1,0, 56537
9,56537,2,2,1, 56539
17,56539,3,3,1, 56542
1,56541,1,1,0, 56542
17,56544,3,3,1, 56547
1,56546,1,1,0, 56547
8,56546,1,1,1, 56547
1,56551,1,1,0, 56552
8,56551,1,1,0, 56552
9,56552,2,2,1, 56554
16,56554,2,2,1, 56556
1,56556,1,1,0, 56557
8,56556,1,1,1, 56557
9,56557,2,2,1, 56559
16,56559,2,2,1, 56561
1,56561,1,1,0, 56562
8,56561,1,1,0, 56562
1,56566,1,1,0, 56567
8,56566,1,1,0, 56567
9,56567,2,2,1, 56569
16,56569,2,2,1, 56571
1,56571,1,1,1, 56572
8,56571,1,1,0, 56572
1,56576,1,1,1, 56577
8,56576,1,1,0, 56577
9,56577,2,2,1, 56579
17,56579,3,3,1, 56582
1,56581,1,1,1, 56582
8,56581,1,1,1, 56582
9,56582,2,2,1, 56584
16,56584,2,2,1, 56586
1,56586,1,1,1, 56587
8,56586,1,1,1, 56587
22,56586,4,4,1, 56590
1,56591,1,1,1, 56592
8,56591,1,1,1, 56592
9,56592,2,2,1, 56594
24,56594,1,1,1, 56595
17,56594,3,3,1, 56597
1,56596,1,1,0, 56597
8,56596,1,1,1, 56597
9,56597,2,2,1, 56599
22,56596,4,4,1, 56600
24,56599,1,1,0, 56600
8,56601,1,1,0, 56602
15,56601,2,2,1, 56603
22,56601,4,4,1, 56605
24,56604,1,1,1, 56605
23,56603,3,3,1, 56606
16,56604,2,2,1, 56606
8,56606,1,1,0, 56607
15,56606,2,2,1, 56608
22,56606,4,4,1, 56610
24,56609,1,1,0, 56610
24,56614,1,1,1, 56615
24,56619,1,1,0, 56620
30,56618,3,3,1, 56621
24,56624,1,1,0, 56625
30,56623,3,3,1, 56626
31,56626,2,2,1, 56628
24,56629,1,1,1, 56630
31,56631,2,2,1, 56633
24,56634,1,1,1, 56635
29,56633,4,4,1, 56637
24,56639,1,1,0, 56640
24,56644,1,1,1, 56645
31,56646,2,2,1, 56648
24,56649,1,1,1, 56650
31,56651,2,2,1, 56653
24,56654,1,1,1, 56655
24,56659,1,1,0, 56660
24,56664,1,1,0, 56665
31,56666,2,2,1, 56668
24,56669,1,1,1, 56670
24,56674,1,1,1, 56675
31,56676,2,2,1, 56678
24,56679,1,1,1, 56680
31,56681,2,2,1, 56683
24,56684,1,1,0, 56685
31,56686,2,2,1, 56688
24,56689,1,1,1, 56690
31,56691,2,2,1, 56693
1,56701,1,1,0, 56702
25,56705,2,2,1, 56707
1,56706,1,1,1, 56707
1,56711,1,1,0, 56712
1,56716,1,1,1, 56717
8,56716,1,1,1, 56717
1,56721,1,1,0, 56722
8,56721,1,1,1, 56722
25,56725,2,2,1, 56727
1,56726,1,1,1, 56727
8,56726,1,1,1, 56727
25,56730,2,2,1, 56732
1,56731,1,1,0, 56732
8,56731,1,1,1, 56732
1,56736,1,1,0, 56737
8,56736,1,1,0, 56737
16,56739,2,2,1, 56741
25,56740,2,2,1, 56742
1,56741,1,1,0, 56742
8,56741,1,1,0, 56742
1,56746,1,1,0, 56747
8,56746,1,1,1, 56747
25,56750,2,2,1, 56752
1,56751,1,1,0, 56752
8,56751,1,1,0, 56752
1,56756,1,1,1, 56757
8,56756,1,1,0, 56757
17,56759,3,3,1, 56762
25,56760,2,2,1, 56762
1,56761,1,1,1, 56762
8,56761,1,1,1, 56762
15,56761,2,2,1, 56763
25,56765,2,2,1, 56767
1,56766,1,1,1, 56767
8,56766,1,1,0, 56767
9,56767,2,2,1, 56769
1,56771,1,1,0, 56772
8,56771,1,1,0, 56772
16,56774,2,2,1, 56776
1,56776,1,1,0, 56777
8,56776,1,1,1, 56777
15,56776,2,2,1, 56778
25,56780,2,2,1, 56782
1,56781,1,1,0, 56782
8,56781,1,1,1, 56782
9,56782,2,2,1, 56784
16,56784,2,2,1, 56786
25,56785,2,2,1, 56787
8,56786,1,1,1, 56787
16,56789,2,2,1, 56791
8,56791,1,1,0, 56792
24,56794,1,1,0, 56795
23,56793,3,3,1, 56796
8,56796,1,1,1, 56797
15,56796,2,2,1, 56798
24,56799,1,1,0, 56800
16,56799,2,2,1, 56801
8,56801,1,1,0, 56802
15,56801,2,2,1, 56803
24,56804,1,1,0, 56805
8,56806,1,1,0, 56807
13,56804,4,4,1, 56808
15,56806,2,2,1, 56808
24,56809,1,1,1, 56810
24,56814,1,1,1, 56815
24,56819,1,1,0, 56820
24,56824,1,1,0, 56825
24,56829,1,1,1, 56830
24,56834,1,1,0, 56835
24,56839,1,1,0, 56840
24,56844,1,1,1, 56845
24,56849,1,1,1, 56850
24,56854,1,1,1, 56855
24,56859,1,1,1, 56860
24,56864,1,1,0, 56865
24,56869,1,1,0, 56870
24,56874,1,1,1, 56875
24,56879,1,1,0, 56880
24,56884,1,1,0, 56885
9,56887,2,2,1, 56889
24,56889,1,1,0, 56890
1,56891,1,1,0, 56892
24,56894,1,1,0, 56895
25,56895,2,2,1, 56897
1,56896,1,1,1, 56897
9,56897,2,2,1, 56899
24,56899,1,1,1, 56900
17,56899,3,3,1, 56902
1,56901,1,1,1, 56902
31,56901,2,2,1, 56903
24,56904,1,1,0, 56905
1,56906,1,1,0, 56907
9,56907,2,2,1, 56909
24,56909,1,1,1, 56910
17,56909,3,3,1, 56912
1,56911,1,1,1, 56912
8,56911,1,1,0, 56912
31,56911,2,2,1, 56913
9,56912,2,2,1, 56914
24,56914,1,1,1, 56915
1,56916,1,1,0, 56917
8,56916,1,1,1, 56917
31,56916,2,2,1, 56918
24,56919,1,1,1, 56920
25,56920,2,2,1, 56922
1,56921,1,1,0, 56922
8,56921,1,1,0, 56922
31,56921,2,2,1, 56923
24,56924,1,1,0, 56925
30,56923,3,3,1, 56926
29,56923,4,4,1, 56927
17,56924,3,3,1, 56927
25,56925,2,2,1, 56927
1,56926,1,1,1, 56927
8,56926,1,1,1, 56927
9,56927,2,2,1, 56929
2,56928,2,2,1, 56930
24,56929,1,1,1, 56930
30,56928,3,3,1, 56931
29,56928,4,4,1, 56932
1,56931,1,1,1, 56932
8,56931,1,1,1, 56932
9,56932,2,2,1, 56934
2,56933,2,2,1, 56935
24,56934,1,1,0, 56935
30,56933,3,3,1, 56936
17,56934,3,3,1, 56937
8,56936,1,1,1, 56937
24,56939,1,1,1, 56940
8,56941,1,1,1, 56942
24,56944,1,1,0, 56945
8,56946,1,1,1, 56947
24,56949,1,1,1, 56950
30,56948,3,3,1, 56951
8,56951,1,1,1, 56952
15,56951,2,2,1, 56953
8,56956,1,1,1, 56957
15,56956,2,2,1, 56958
8,56961,1,1,0, 56962
8,56966,1,1,0, 56967
8,56971,1,1,1, 56972
16,56974,2,2,1, 56976
8,56976,1,1,1, 56977
15,56976,2,2,1, 56978
8,56981,1,1,0, 56982
15,56981,2,2,1, 56983
8,56986,1,1,1, 56987
13,56984,4,4,1, 56988
15,56986,2,2,1, 56988
14,56989,3,3,1, 56992
8,56991,1,1,0, 56992
13,56989,4,4,1, 56993
6,56990,2,4,1, 56994
16,56994,2,2,1, 56996
8,56996,1,1,0, 56997
13,56994,4,4,1, 56998
15,56996,2,2,1, 56998
1,57041,1,1,1, 57042
17,57044,3,3,1, 57047
1,57046,1,1,0, 57047
17,57049,3,3,1, 57052
1,57051,1,1,0, 57052
9,57052,2,2,1, 57054
17,57054,3,3,1, 57057
25,57055,2,2,1, 57057
1,57056,1,1,1, 57057
9,57057,2,2,1, 57059
24,57059,1,1,1, 57060
25,57060,2,2,1, 57062
1,57061,1,1,1, 57062
9,57062,2,2,1, 57064
24,57064,1,1,0, 57065
17,57064,3,3,1, 57067
1,57066,1,1,1, 57067
9,57067,2,2,1, 57069
24,57069,1,1,0, 57070
1,57071,1,1,1, 57072
9,57072,2,2,1, 57074
24,57074,1,1,1, 57075
17,57074,3,3,1, 57077
25,57075,2,2,1, 57077
1,57076,1,1,0, 57077
24,57079,1,1,0, 57080
1,57081,1,1,1, 57082
24,57084,1,1,1, 57085
25,57085,2,2,1, 57087
31,57086,2,2,1, 57088
24,57089,1,1,0, 57090
24,57094,1,1,1, 57095
31,57096,2,2,1, 57098
24,57099,1,1,0, 57100
24,57104,1,1,0, 57105
8,57106,1,1,1, 57107
24,57109,1,1,0, 57110
8,57111,1,1,0, 57112
31,57111,2,2,1, 57113
24,57114,1,1,0, 57115
30,57113,3,3,1, 57116
8,57116,1,1,0, 57117
31,57116,2,2,1, 57118
24,57119,1,1,0, 57120
8,57121,1,1,0, 57122
24,57124,1,1,1, 57125
8,57126,1,1,0, 57127
24,57129,1,1,0, 57130
8,57131,1,1,0, 57132
31,57131,2,2,1, 57133
24,57134,1,1,1, 57135
30,57133,3,3,1, 57136
8,57136,1,1,0, 57137
15,57136,2,2,1, 57138
31,57136,2,2,1, 57138
24,57139,1,1,1, 57140
30,57138,3,3,1, 57141
8,57141,1,1,1, 57142
31,57141,2,2,1, 57143
24,57144,1,1,1, 57145
8,57146,1,1,1, 57147
31,57146,2,2,1, 57148
14,57149,3,3,1, 57152
8,57151,1,1,0, 57152
13,57149,4,4,1, 57153
15,57151,2,2,1, 57153
8,57156,1,1,0, 57157
6,57155,2,4,1, 57159
14,57159,3,3,1, 57162
8,57161,1,1,1, 57162
13,57159,4,4,1, 57163
14,57164,3,3,1, 57167
8,57166,1,1,0, 57167
15,57166,2,2,1, 57168
8,57171,1,1,0, 57172
14,57174,3,3,1, 57177
8,57176,1,1,0, 57177
15,57176,2,2,1, 57178
6,57175,2,4,1, 57179
1,57191,1,1,0, 57192
1,57196,1,1,0, 57197
20,57193,6,6,1, 57199
3,57197,3,3,1, 57200
5,57197,3,5,1, 57202
1,57201,1,1,0, 57202
4,57201,4,4,1, 57205
1,57206,1,1,1, 57207
3,57207,3,3,1, 57210
2,57208,2,2,1, 57210
5,57207,3,5,1, 57212
1,57211,1,1,0, 57212
1,57216,1,1,1, 57217
1,57221,1,1,0, 57222
25,57225,2,2,1, 57227
1,57226,1,1,0, 57227
25,57230,2,2,1, 57232
1,57231,1,1,1, 57232
9,57232,2,2,1, 57234
1,57236,1,1,1, 57237
9,57237,2,2,1, 57239
25,57240,2,2,1, 57242
1,57241,1,1,1, 57242
25,57245,2,2,1, 57247
1,57246,1,1,0, 57247
9,57247,2,2,1, 57249
24,57254,1,1,1, 57255
24,57259,1,1,0, 57260
24,57264,1,1,1, 57265
24,57269,1,1,1, 57270
24,57274,1,1,0, 57275
24,57279,1,1,0, 57280
22,57281,4,4,1, 57285
24,57284,1,1,1, 57285
23,57283,3,3,1, 57286
16,57284,2,2,1, 57286
8,57286,1,1,1, 57287
22,57286,4,4,1, 57290
24,57289,1,1,1, 57290
8,57291,1,1,1, 57292
24,57294,1,1,1, 57295
8,57296,1,1,1, 57297
24,57299,1,1,0, 57300
8,57301,1,1,0, 57302
24,57304,1,1,0, 57305
8,57306,1,1,0, 57307
31,57306,2,2,1, 57308
24,57309,1,1,1, 57310
8,57311,1,1,0, 57312
15,57311,2,2,1, 57313
24,57314,1,1,0, 57315
8,57316,1,1,0, 57317
15,57316,2,2,1, 57318
24,57319,1,1,0, 57320
8,57321,1,1,0, 57322
31,57321,2,2,1, 57323
24,57324,1,1,0, 57325
14,57324,3,3,1, 57327
8,57326,1,1,0, 57327
15,57326,2,2,1, 57328
31,57326,2,2,1, 57328
24,57329,1,1,0, 57330
8,57331,1,1,1, 57332
15,57331,2,2,1, 57333
24,57334,1,1,0, 57335
14,57334,3,3,1, 57337
8,57336,1,1,1, 57337
15,57336,2,2,1, 57338
31,57336,2,2,1, 57338
24,57339,1,1,0, 57340
14,57339,3,3,1, 57342
8,57341,1,1,0, 57342
15,57341,2,2,1, 57343
31,57341,2,2,1, 57343
24,57344,1,1,1, 57345
29,57343,4,4,1, 57347
24,57349,1,1,1, 57350
29,57348,4,4,1, 57352
31,57351,2,2,1, 57353
24,57354,1,1,0, 57355
29,57353,4,4,1, 57357
4,57356,4,4,1, 57360
3,57357,3,3,1, 57360
24,57359,1,1,1, 57360
19,57356,5,5,1, 57361
30,57358,3,3,1, 57361
25,57360,2,2,1, 57362
1,57361,1,1,1, 57362
11,57359,4,4,1, 57363
28,57359,5,5,1, 57364
9,57362,2,2,1, 57364
12,57360,5,5,1, 57365
4,57361,4,4,1, 57365
24,57364,1,1,0, 57365
29,57363,4,4,1, 57367
1,57366,1,1,0, 57367
25,57370,2,2,1, 57372
1,57371,1,1,1, 57372
9,57372,2,2,1, 57374
25,57375,2,2,1, 57377
1,57376,1,1,0, 57377
9,57377,2,2,1, 57379
25,57380,2,2,1, 57382
8,57446,1,1,1, 57447
23,57448,3,3,1, 57451
8,57451,1,1,0, 57452
23,57453,3,3,1, 57456
8,57456,1,1,0, 57457
16,57459,2,2,1, 57461
8,57461,1,1,0, 57462
8,57466,1,1,0, 57467
8,57471,1,1,1, 57472
22,57471,4,4,1, 57475
24,57474,1,1,1, 57475
16,57474,2,2,1, 57476
8,57476,1,1,0, 57477
24,57479,1,1,1, 57480
8,57481,1,1,1, 57482
24,57484,1,1,1, 57485
19,57481,5,5,1, 57486
25,57485,2,2,1, 57487
1,57486,1,1,0, 57487
8,57486,1,1,1, 57487
11,57484,4,4,1, 57488
24,57489,1,1,0, 57490
23,57488,3,3,1, 57491
1,57491,1,1,1, 57492
8,57491,1,1,0, 57492
22,57491,4,4,1, 57495
24,57494,1,1,0, 57495
16,57494,2,2,1, 57496
1,57496,1,1,0, 57497
8,57496,1,1,1, 57497
11,57494,4,4,1, 57498
2,57498,2,2,1, 57500
24,57499,1,1,0, 57500
19,57496,5,5,1, 57501
16,57499,2,2,1, 57501
25,57500,2,2,1, 57502
1,57501,1,1,0, 57502
8,57501,1,1,1, 57502
22,57501,4,4,1, 57505
2,57503,2,2,1, 57505
24,57504,1,1,1, 57505
19,57501,5,5,1, 57506
1,57506,1,1,0, 57507
8,57506,1,1,0, 57507
11,57504,4,4,1, 57508
4,57506,4,4,1, 57510
24,57509,1,1,1, 57510
16,57509,2,2,1, 57511
1,57511,1,1,0, 57512
8,57511,1,1,1, 57512
15,57511,2,2,1, 57513
28,57509,5,5,1, 57514
4,57511,4,4,1, 57515
24,57514,1,1,1, 57515
1,57516,1,1,0, 57517
31,57516,2,2,1, 57518
24,57519,1,1,0, 57520
25,57520,2,2,1, 57522
24,57524,1,1,1, 57525
24,57529,1,1,1, 57530
24,57534,1,1,1, 57535
31,57536,2,2,1, 57538
24,57539,1,1,1, 57540
31,57541,2,2,1, 57543
24,57544,1,1,0, 57545
30,57543,3,3,1, 57546
29,57543,4,4,1, 57547
24,57549,1,1,0, 57550
24,57554,1,1,0, 57555
30,57553,3,3,1, 57556
29,57553,4,4,1, 57557
31,57556,2,2,1, 57558
24,57559,1,1,1, 57560
24,57564,1,1,1, 57565
31,57566,2,2,1, 57568
24,57569,1,1,1, 57570
31,57571,2,2,1, 57573
24,57574,1,1,0, 57575
29,57573,4,4,1, 57577
8,57621,1,1,1, 57622
3,57622,3,3,1, 57625
26,57622,3,3,1, 57625
2,57623,2,2,1, 57625
1,57626,1,1,0, 57627
8,57626,1,1,0, 57627
2,57628,2,2,1, 57630
18,57628,4,4,1, 57632
1,57631,1,1,1, 57632
8,57631,1,1,1, 57632
9,57632,2,2,1, 57634
26,57632,3,3,1, 57635
18,57633,4,4,1, 57637
1,57636,1,1,1, 57637
8,57636,1,1,1, 57637
26,57637,3,3,1, 57640
17,57639,3,3,1, 57642
1,57641,1,1,0, 57642
8,57641,1,1,0, 57642
3,57642,3,3,1, 57645
2,57643,2,2,1, 57645
18,57643,4,4,1, 57647
17,57644,3,3,1, 57647
1,57646,1,1,1, 57647
8,57646,1,1,1, 57647
16,57649,2,2,1, 57651
18,57648,4,4,1, 57652
1,57651,1,1,1, 57652
8,57651,1,1,1, 57652
9,57652,2,2,1, 57654
8,57656,1,1,1, 57657
16,57659,2,2,1, 57661
8,57661,1,1,0, 57662
8,57666,1,1,0, 57667
16,57669,2,2,1, 57671
8,57671,1,1,1, 57672
23,57673,3,3,1, 57676
8,57676,1,1,0, 57677
22,57676,4,4,1, 57680
23,57678,3,3,1, 57681
8,57681,1,1,0, 57682
24,57684,1,1,0, 57685
16,57684,2,2,1, 57686
8,57686,1,1,1, 57687
24,57689,1,1,0, 57690
8,57691,1,1,0, 57692
24,57694,1,1,0, 57695
16,57694,2,2,1, 57696
8,57696,1,1,0, 57697
15,57696,2,2,1, 57698
24,57699,1,1,0, 57700
8,57701,1,1,0, 57702
24,57704,1,1,0, 57705
23,57703,3,3,1, 57706
16,57704,2,2,1, 57706
8,57706,1,1,0, 57707
15,57706,2,2,1, 57708
24,57709,1,1,0, 57710
24,57714,1,1,0, 57715
24,57719,1,1,1, 57720
24,57724,1,1,1, 57725
30,57723,3,3,1, 57726
24,57729,1,1,1, 57730
31,57731,2,2,1, 57733
24,57734,1,1,0, 57735
30,57733,3,3,1, 57736
29,57733,4,4,1, 57737
31,57736,2,2,1, 57738
24,57739,1,1,1, 57740
30,57738,3,3,1, 57741
29,57738,4,4,1, 57742
31,57741,2,2,1, 57743
24,57744,1,1,0, 57745
31,57746,2,2,1, 57748
24,57749,1,1,1, 57750
24,57754,1,1,1, 57755
31,57756,2,2,1, 57758
24,57759,1,1,0, 57760
31,57761,2,2,1, 57763
24,57764,1,1,0, 57765
17,57764,3,3,1, 57767
1,57766,1,1,1, 57767
9,57767,2,2,1, 57769
26,57767,3,3,1, 57770
24,57769,1,1,1, 57770
18,57768,4,4,1, 57772
1,57771,1,1,0, 57772
9,57772,2,2,1, 57774
2,57773,2,2,1, 57775
24,57774,1,1,0, 57775
1,57776,1,1,0, 57777
31,57776,2,2,1, 57778
9,57777,2,2,1, 57779
26,57777,3,3,1, 57780
17,57779,3,3,1, 57782
1,57781,1,1,0, 57782
9,57782,2,2,1, 57784
26,57782,3,3,1, 57785
18,57783,4,4,1, 57787
17,57784,3,3,1, 57787
8,57816,1,1,1, 57817
8,57821,1,1,1, 57822
8,57826,1,1,1, 57827
8,57831,1,1,0, 57832
8,57836,1,1,0, 57837
8,57841,1,1,0, 57842
8,57846,1,1,1, 57847
8,57851,1,1,1, 57852
16,57854,2,2,1, 57856
8,57856,1,1,1, 57857
8,57861,1,1,1, 57862
15,57861,2,2,1, 57863
16,57864,2,2,1, 57866
8,57866,1,1,0, 57867
15,57866,2,2,1, 57868
16,57869,2,2,1, 57871
8,57871,1,1,0, 57872
8,57876,1,1,0, 57877
15,57876,2,2,1, 57878
16,57879,2,2,1, 57881
14,57879,3,3,1, 57882
8,57881,1,1,0, 57882
15,57881,2,2,1, 57883
24,57884,1,1,0, 57885
16,57884,2,2,1, 57886
8,57886,1,1,1, 57887
24,57889,1,1,0, 57890
25,57890,2,2,1, 57892
1,57891,1,1,1, 57892
8,57891,1,1,1, 57892
24,57894,1,1,1, 57895
23,57893,3,3,1, 57896
16,57894,2,2,1, 57896
25,57895,2,2,1, 57897
1,57896,1,1,0, 57897
8,57896,1,1,1, 57897
24,57899,1,1,1, 57900
1,57901,1,1,0, 57902
8,57901,1,1,0, 57902
15,57901,2,2,1, 57903
24,57904,1,1,0, 57905
25,57905,2,2,1, 57907
1,57906,1,1,1, 57907
24,57909,1,1,0, 57910
1,57911,1,1,1, 57912
24,57914,1,1,0, 57915
25,57915,2,2,1, 57917
1,57916,1,1,1, 57917
24,57919,1,1,1, 57920
1,57921,1,1,1, 57922
24,57924,1,1,0, 57925
1,57926,1,1,1, 57927
24,57929,1,1,0, 57930
1,57931,1,1,1, 57932
2,57933,2,2,1, 57935
24,57934,1,1,1, 57935
1,57936,1,1,0, 57937
2,57938,2,2,1, 57940
24,57939,1,1,0, 57940
1,57941,1,1,0, 57942
24,57944,1,1,1, 57945
25,57945,2,2,1, 57947
1,57946,1,1,0, 57947
9,57947,2,2,1, 57949
24,57949,1,1,0, 57950
1,57951,1,1,1, 57952
9,57952,2,2,1, 57954
2,57953,2,2,1, 57955
24,57954,1,1,1, 57955
25,57955,2,2,1, 57957
1,57956,1,1,0, 57957
26,57957,3,3,1, 57960
2,57958,2,2,1, 57960
24,57959,1,1,1, 57960
24,57964,1,1,1, 57965
24,57969,1,1,1, 57970
31,57971,2,2,1, 57973
24,57974,1,1,0, 57975
24,57979,1,1,0, 57980
31,57981,2,2,1, 57983
24,57984,1,1,0, 57985
24,57989,1,1,0, 57990
31,57991,2,2,1, 57993
24,57994,1,1,0, 57995
24,57999,1,1,0, 58000
31,58001,2,2,1, 58003
24,58004,1,1,1, 58005
24,58009,1,1,1, 58010
24,58014,1,1,0, 58015
8,58016,1,1,1, 58017
31,58016,2,2,1, 58018
24,58019,1,1,1, 58020
8,58021,1,1,0, 58022
31,58021,2,2,1, 58023
24,58024,1,1,0, 58025
8,58026,1,1,1, 58027
24,58029,1,1,0, 58030
8,58031,1,1,1, 58032
31,58031,2,2,1, 58033
24,58034,1,1,1, 58035
8,58036,1,1,0, 58037
31,58036,2,2,1, 58038
24,58039,1,1,1, 58040
8,58041,1,1,0, 58042
24,58044,1,1,0, 58045
8,58046,1,1,1, 58047
31,58046,2,2,1, 58048
24,58049,1,1,1, 58050
8,58051,1,1,0, 58052
31,58051,2,2,1, 58053
8,58056,1,1,1, 58057
17,58059,3,3,1, 58062
1,58061,1,1,0, 58062
8,58061,1,1,0, 58062
9,58062,2,2,1, 58064
1,58066,1,1,0, 58067
8,58066,1,1,0, 58067
23,58068,3,3,1, 58071
1,58071,1,1,1, 58072
8,58071,1,1,1, 58072
15,58071,2,2,1, 58073
22,58071,4,4,1, 58075
17,58074,3,3,1, 58077
25,58075,2,2,1, 58077
1,58076,1,1,0, 58077
8,58076,1,1,0, 58077
17,58079,3,3,1, 58082
1,58081,1,1,1, 58082
8,58081,1,1,0, 58082
23,58083,3,3,1, 58086
16,58084,2,2,1, 58086
1,58086,1,1,1, 58087
8,58086,1,1,0, 58087
1,58091,1,1,0, 58092
8,58091,1,1,1, 58092
23,58093,3,3,1, 58096
1,58096,1,1,0, 58097
8,58096,1,1,1, 58097
15,58096,2,2,1, 58098
2,58098,2,2,1, 58100
16,58099,2,2,1, 58101
25,58100,2,2,1, 58102
1,58101,1,1,1, 58102
8,58101,1,1,1, 58102
15,58101,2,2,1, 58103
2,58103,2,2,1, 58105
16,58104,2,2,1, 58106
25,58105,2,2,1, 58107
1,58106,1,1,1, 58107
8,58106,1,1,1, 58107
23,58108,3,3,1, 58111
25,58110,2,2,1, 58112
1,58111,1,1,0, 58112
1,58116,1,1,1, 58117
4,58116,4,4,1, 58120
3,58117,3,3,1, 58120
2,58118,2,2,1, 58120
19,58116,5,5,1, 58121
24,58159,1,1,0, 58160
24,58164,1,1,0, 58165
24,58169,1,1,0, 58170
24,58174,1,1,1, 58175
24,58179,1,1,1, 58180
24,58184,1,1,0, 58185
24,58189,1,1,1, 58190
24,58194,1,1,0, 58195
24,58199,1,1,0, 58200
24,58204,1,1,0, 58205
24,58209,1,1,0, 58210
24,58214,1,1,1, 58215
8,58216,1,1,0, 58217
24,58219,1,1,0, 58220
8,58221,1,1,1, 58222
24,58224,1,1,1, 58225
17,58224,3,3,1, 58227
25,58225,2,2,1, 58227
1,58226,1,1,0, 58227
8,58226,1,1,1, 58227
24,58229,1,1,0, 58230
17,58229,3,3,1, 58232
25,58230,2,2,1, 58232
1,58231,1,1,1, 58232
8,58231,1,1,1, 58232
9,58232,2,2,1, 58234
24,58234,1,1,0, 58235
1,58236,1,1,1, 58237
8,58236,1,1,1, 58237
24,58239,1,1,0, 58240
17,58239,3,3,1, 58242
1,58241,1,1,1, 58242
8,58241,1,1,1, 58242
9,58242,2,2,1, 58244
24,58244,1,1,1, 58245
1,58246,1,1,1, 58247
8,58246,1,1,1, 58247
31,58246,2,2,1, 58248
9,58247,2,2,1, 58249
24,58249,1,1,1, 58250
17,58249,3,3,1, 58252
25,58250,2,2,1, 58252
1,58251,1,1,0, 58252
8,58251,1,1,1, 58252
15,58251,2,2,1, 58253
31,58251,2,2,1, 58253
9,58252,2,2,1, 58254
2,58253,2,2,1, 58255
24,58254,1,1,1, 58255
19,58251,5,5,1, 58256
17,58254,3,3,1, 58257
25,58255,2,2,1, 58257
1,58256,1,1,0, 58257
8,58256,1,1,0, 58257
11,58254,4,4,1, 58258
31,58256,2,2,1, 58258
24,58259,1,1,0, 58260
8,58261,1,1,1, 58262
24,58264,1,1,1, 58265
8,58266,1,1,1, 58267
31,58266,2,2,1, 58268
24,58269,1,1,0, 58270
30,58268,3,3,1, 58271
29,58268,4,4,1, 58272
8,58271,1,1,1, 58272
13,58269,4,4,1, 58273
31,58271,2,2,1, 58273
24,58274,1,1,1, 58275
14,58274,3,3,1, 58277
8,58276,1,1,1, 58277
13,58274,4,4,1, 58278
15,58276,2,2,1, 58278
31,58276,2,2,1, 58278
24,58279,1,1,0, 58280
14,58279,3,3,1, 58282
8,58281,1,1,1, 58282
15,58281,2,2,1, 58283
6,58280,2,4,1, 58284
24,58284,1,1,1, 58285
8,58286,1,1,0, 58287
13,58284,4,4,1, 58288
24,58289,1,1,0, 58290
14,58289,3,3,1, 58292
8,58291,1,1,1, 58292
15,58291,2,2,1, 58293
31,58291,2,2,1, 58293
24,58294,1,1,0, 58295
14,58294,3,3,1, 58297
8,58296,1,1,0, 58297
13,58294,4,4,1, 58298
24,58299,1,1,0, 58300
31,58301,2,2,1, 58303
24,58304,1,1,0, 58305
24,58309,1,1,0, 58310
31,58311,2,2,1, 58313
17,58369,3,3,1, 58372
1,58371,1,1,1, 58372
17,58374,3,3,1, 58377
1,58376,1,1,0, 58377
1,58381,1,1,0, 58382
9,58382,2,2,1, 58384
17,58384,3,3,1, 58387
1,58386,1,1,1, 58387
9,58387,2,2,1, 58389
2,58388,2,2,1, 58390
17,58389,3,3,1, 58392
1,58391,1,1,0, 58392
9,58392,2,2,1, 58394
2,58393,2,2,1, 58395
1,58396,1,1,1, 58397
9,58397,2,2,1, 58399
1,58401,1,1,0, 58402
8,58401,1,1,1, 58402
2,58403,2,2,1, 58405
16,58404,2,2,1, 58406
17,58404,3,3,1, 58407
1,58406,1,1,0, 58407
8,58406,1,1,0, 58407
11,58404,4,4,1, 58408
8,58411,1,1,0, 58412
16,58414,2,2,1, 58416
8,58416,1,1,1, 58417
24,58419,1,1,0, 58420
16,58419,2,2,1, 58421
8,58421,1,1,0, 58422
24,58424,1,1,1, 58425
16,58424,2,2,1, 58426
8,58426,1,1,0, 58427
15,58426,2,2,1, 58428
24,58429,1,1,1, 58430
8,58431,1,1,1, 58432
24,58434,1,1,1, 58435
16,58434,2,2,1, 58436
8,58436,1,1,0, 58437
15,58436,2,2,1, 58438
24,58439,1,1,1, 58440
8,58441,1,1,0, 58442
24,58444,1,1,0, 58445
8,58446,1,1,1, 58447
15,58446,2,2,1, 58448
24,58449,1,1,0, 58450
16,58449,2,2,1, 58451
14,58449,3,3,1, 58452
8,58451,1,1,0, 58452
15,58451,2,2,1, 58453
24,58454,1,1,1, 58455
14,58454,3,3,1, 58457
24,58459,1,1,0, 58460
24,58464,1,1,0, 58465
24,58469,1,1,1, 58470
24,58474,1,1,0, 58475
24,58479,1,1,0, 58480
24,58484,1,1,0, 58485
24,58489,1,1,1, 58490
24,58494,1,1,1, 58495
24,58499,1,1,0, 58500
24,58504,1,1,0, 58505
24,58509,1,1,1, 58510
24,58514,1,1,0, 58515
25,58515,2,2,1, 58517
1,58516,1,1,0, 58517
24,58519,1,1,0, 58520
1,58521,1,1,1, 58522
31,58521,2,2,1, 58523
24,58524,1,1,1, 58525
1,58526,1,1,1, 58527
31,58526,2,2,1, 58528
24,58529,1,1,1, 58530
25,58530,2,2,1, 58532
1,58531,1,1,0, 58532
24,58534,1,1,1, 58535
1,58536,1,1,0, 58537
31,58536,2,2,1, 58538
24,58539,1,1,1, 58540
1,58541,1,1,1, 58542
31,58541,2,2,1, 58543
24,58544,1,1,1, 58545
25,58545,2,2,1, 58547
1,58546,1,1,1, 58547
31,58546,2,2,1, 58548
2,58548,2,2,1, 58550
24,58549,1,1,1, 58550
18,58548,4,4,1, 58552
25,58550,2,2,1, 58552
1,58551,1,1,0, 58552
31,58551,2,2,1, 58553
9,58552,2,2,1, 58554
2,58553,2,2,1, 58555
24,58554,1,1,0, 58555
17,58554,3,3,1, 58557
25,58555,2,2,1, 58557
1,58556,1,1,1, 58557
31,58556,2,2,1, 58558
9,58557,2,2,1, 58559
24,58559,1,1,1, 58560
17,58559,3,3,1, 58562
25,58560,2,2,1, 58562
1,58561,1,1,0, 58562
8,58561,1,1,0, 58562
2,58563,2,2,1, 58565
24,58564,1,1,1, 58565
8,58566,1,1,1, 58567
31,58566,2,2,1, 58568
24,58569,1,1,0, 58570
8,58571,1,1,0, 58572
24,58574,1,1,0, 58575
8,58576,1,1,1, 58577
24,58579,1,1,0, 58580
16,58579,2,2,1, 58581
8,58581,1,1,0, 58582
24,58584,1,1,0, 58585
23,58583,3,3,1, 58586
8,58586,1,1,0, 58587
31,58586,2,2,1, 58588
24,58589,1,1,0, 58590
16,58589,2,2,1, 58591
8,58591,1,1,0, 58592
24,58594,1,1,1, 58595
23,58593,3,3,1, 58596
8,58596,1,1,1, 58597
24,58599,1,1,0, 58600
16,58599,2,2,1, 58601
8,58601,1,1,0, 58602
24,58604,1,1,0, 58605
23,58603,3,3,1, 58606
16,58604,2,2,1, 58606
8,58606,1,1,0, 58607
31,58606,2,2,1, 58608
23,58608,3,3,1, 58611
16,58609,2,2,1, 58611
8,58611,1,1,0, 58612
23,58613,3,3,1, 58616
16,58614,2,2,1, 58616
8,58616,1,1,1, 58617
15,58616,2,2,1, 58618
1,58671,1,1,1, 58672
1,58676,1,1,1, 58677
25,58680,2,2,1, 58682
1,58681,1,1,1, 58682
1,58686,1,1,0, 58687
1,58691,1,1,0, 58692
1,58696,1,1,1, 58697
1,58701,1,1,1, 58702
25,58705,2,2,1, 58707
1,58706,1,1,0, 58707
26,58707,3,3,1, 58710
2,58708,2,2,1, 58710
1,58711,1,1,0, 58712
24,58714,1,1,0, 58715
1,58716,1,1,1, 58717
24,58719,1,1,0, 58720
1,58721,1,1,1, 58722
8,58721,1,1,0, 58722
24,58724,1,1,0, 58725
1,58726,1,1,0, 58727
8,58726,1,1,0, 58727
3,58727,3,3,1, 58730
26,58727,3,3,1, 58730
24,58729,1,1,1, 58730
25,58730,2,2,1, 58732
1,58731,1,1,1, 58732
8,58731,1,1,1, 58732
26,58732,3,3,1, 58735
24,58734,1,1,1, 58735
17,58734,3,3,1, 58737
25,58735,2,2,1, 58737
1,58736,1,1,0, 58737
8,58736,1,1,0, 58737
26,58737,3,3,1, 58740
24,58739,1,1,0, 58740
17,58739,3,3,1, 58742
25,58740,2,2,1, 58742
8,58741,1,1,1, 58742
24,58744,1,1,0, 58745
8,58746,1,1,1, 58747
24,58749,1,1,1, 58750
8,58751,1,1,1, 58752
24,58754,1,1,1, 58755
8,58756,1,1,1, 58757
24,58759,1,1,1, 58760
8,58761,1,1,0, 58762
24,58764,1,1,0, 58765
8,58766,1,1,0, 58767
24,58769,1,1,1, 58770
8,58771,1,1,0, 58772
24,58774,1,1,1, 58775
8,58776,1,1,0, 58777
24,58779,1,1,1, 58780
8,58781,1,1,1, 58782
24,58784,1,1,0, 58785
16,58784,2,2,1, 58786
8,58786,1,1,0, 58787
22,58786,4,4,1, 58790
24,58789,1,1,1, 58790
30,58788,3,3,1, 58791
16,58789,2,2,1, 58791
8,58791,1,1,0, 58792
31,58791,2,2,1, 58793
22,58791,4,4,1, 58795
24,58794,1,1,0, 58795
23,58793,3,3,1, 58796
8,58796,1,1,0, 58797
24,58799,1,1,0, 58800
30,58798,3,3,1, 58801
16,58799,2,2,1, 58801
8,58801,1,1,1, 58802
24,58804,1,1,1, 58805
29,58803,4,4,1, 58807
8,58806,1,1,1, 58807
24,58809,1,1,1, 58810
23,58808,3,3,1, 58811
30,58808,3,3,1, 58811
16,58809,2,2,1, 58811
8,58811,1,1,1, 58812
15,58811,2,2,1, 58813
22,58811,4,4,1, 58815
24,58814,1,1,0, 58815
16,58814,2,2,1, 58816
29,58813,4,4,1, 58817
24,58819,1,1,0, 58820
29,58818,4,4,1, 58822
31,58821,2,2,1, 58823
24,58824,1,1,0, 58825
29,58823,4,4,1, 58827
24,58829,1,1,1, 58830
30,58828,3,3,1, 58831
1,58846,1,1,1, 58847
1,58851,1,1,0, 58852
25,58855,2,2,1, 58857
1,58856,1,1,0, 58857
1,58861,1,1,1, 58862
1,58866,1,1,0, 58867
26,58867,3,3,1, 58870
2,58868,2,2,1, 58870
18,58868,4,4,1, 58872
1,58871,1,1,1, 58872
3,58872,3,3,1, 58875
26,58872,3,3,1, 58875
1,58876,1,1,0, 58877
18,58878,4,4,1, 58882
1,58881,1,1,0, 58882
11,58879,4,4,1, 58883
1,58886,1,1,1, 58887
1,58891,1,1,0, 58892
11,58889,4,4,1, 58893
1,58896,1,1,1, 58897
11,58894,4,4,1, 58898
4,58896,4,4,1, 58900
2,58898,2,2,1, 58900
5,58897,3,5,1, 58902
8,58921,1,1,1, 58922
8,58926,1,1,1, 58927
8,58931,1,1,0, 58932
8,58936,1,1,0, 58937
24,58939,1,1,0, 58940
8,58941,1,1,1, 58942
24,58944,1,1,1, 58945
8,58946,1,1,0, 58947
24,58949,1,1,1, 58950
8,58951,1,1,0, 58952
24,58954,1,1,1, 58955
8,58956,1,1,0, 58957
24,58959,1,1,1, 58960
8,58961,1,1,1, 58962
22,58961,4,4,1, 58965
24,58964,1,1,0, 58965
23,58963,3,3,1, 58966
8,58966,1,1,1, 58967
31,58966,2,2,1, 58968
22,58966,4,4,1, 58970
24,58969,1,1,1, 58970
23,58968,3,3,1, 58971
16,58969,2,2,1, 58971
8,58971,1,1,1, 58972
31,58971,2,2,1, 58973
22,58971,4,4,1, 58975
24,58974,1,1,0, 58975
23,58973,3,3,1, 58976
8,58976,1,1,1, 58977
31,58976,2,2,1, 58978
24,58979,1,1,1, 58980
16,58979,2,2,1, 58981
29,58978,4,4,1, 58982
8,58981,1,1,0, 58982
31,58981,2,2,1, 58983
22,58981,4,4,1, 58985
24,58984,1,1,1, 58985
16,58984,2,2,1, 58986
8,58986,1,1,1, 58987
31,58986,2,2,1, 58988
22,58986,4,4,1, 58990
24,58989,1,1,0, 58990
16,58989,2,2,1, 58991
31,58991,2,2,1, 58993
24,58994,1,1,0, 58995
31,58996,2,2,1, 58998
24,58999,1,1,1, 59000
29,58998,4,4,1, 59002
31,59001,2,2,1, 59003
24,59004,1,1,0, 59005
30,59003,3,3,1, 59006
29,59003,4,4,1, 59007
25,59005,2,2,1, 59007
1,59006,1,1,0, 59007
9,59007,2,2,1, 59009
25,59010,2,2,1, 59012
1,59011,1,1,1, 59012
9,59012,2,2,1, 59014
1,59016,1,1,1, 59017
25,59020,2,2,1, 59022
1,59021,1,1,0, 59022
9,59022,2,2,1, 59024
26,59022,3,3,1, 59025
18,59023,4,4,1, 59027
25,59025,2,2,1, 59027
1,59026,1,1,1, 59027
9,59027,2,2,1, 59029
1,59031,1,1,1, 59032
3,59032,3,3,1, 59035
26,59032,3,3,1, 59035
18,59033,4,4,1, 59037
1,59036,1,1,0, 59037
3,59037,3,3,1, 59040
26,59037,3,3,1, 59040
8,59096,1,1,0, 59097
8,59101,1,1,1, 59102
8,59106,1,1,1, 59107
8,59111,1,1,1, 59112
24,59114,1,1,0, 59115
8,59116,1,1,0, 59117
24,59119,1,1,1, 59120
16,59119,2,2,1, 59121
8,59121,1,1,1, 59122
24,59124,1,1,1, 59125
8,59126,1,1,0, 59127
24,59129,1,1,0, 59130
8,59131,1,1,0, 59132
24,59134,1,1,1, 59135
16,59134,2,2,1, 59136
8,59136,1,1,0, 59137
24,59139,1,1,0, 59140
8,59141,1,1,1, 59142
24,59144,1,1,1, 59145
16,59144,2,2,1, 59146
1,59146,1,1,1, 59147
8,59146,1,1,1, 59147
15,59146,2,2,1, 59148
24,59149,1,1,1, 59150
16,59149,2,2,1, 59151
25,59150,2,2,1, 59152
1,59151,1,1,1, 59152
8,59151,1,1,0, 59152
24,59154,1,1,1, 59155
23,59153,3,3,1, 59156
25,59155,2,2,1, 59157
1,59156,1,1,1, 59157
8,59156,1,1,1, 59157
15,59156,2,2,1, 59158
24,59159,1,1,1, 59160
23,59158,3,3,1, 59161
16,59159,2,2,1, 59161
25,59160,2,2,1, 59162
1,59161,1,1,0, 59162
8,59161,1,1,0, 59162
15,59161,2,2,1, 59163
24,59164,1,1,1, 59165
23,59163,3,3,1, 59166
25,59165,2,2,1, 59167
1,59166,1,1,1, 59167
8,59166,1,1,0, 59167
15,59166,2,2,1, 59168
24,59169,1,1,1, 59170
25,59170,2,2,1, 59172
1,59171,1,1,0, 59172
31,59171,2,2,1, 59173
2,59173,2,2,1, 59175
24,59174,1,1,0, 59175
1,59176,1,1,1, 59177
31,59176,2,2,1, 59178
2,59178,2,2,1, 59180
24,59179,1,1,0, 59180
25,59180,2,2,1, 59182
1,59181,1,1,1, 59182
31,59181,2,2,1, 59183
24,59184,1,1,1, 59185
1,59186,1,1,1, 59187
31,59186,2,2,1, 59188
2,59188,2,2,1, 59190
24,59189,1,1,0, 59190
25,59190,2,2,1, 59192
1,59191,1,1,1, 59192
31,59191,2,2,1, 59193
3,59192,3,3,1, 59195
2,59193,2,2,1, 59195
24,59194,1,1,1, 59195
19,59191,5,5,1, 59196
29,59193,4,4,1, 59197
25,59195,2,2,1, 59197
1,59196,1,1,0, 59197
31,59196,2,2,1, 59198
3,59197,3,3,1, 59200
24,59199,1,1,0, 59200
30,59198,3,3,1, 59201
29,59198,4,4,1, 59202
31,59201,2,2,1, 59203
24,59204,1,1,0, 59205
30,59203,3,3,1, 59206
29,59203,4,4,1, 59207
8,59276,1,1,0, 59277
8,59281,1,1,0, 59282
8,59286,1,1,0, 59287
8,59291,1,1,0, 59292
8,59296,1,1,1, 59297
8,59301,1,1,0, 59302
8,59306,1,1,0, 59307
17,59309,3,3,1, 59312
1,59311,1,1,1, 59312
8,59311,1,1,0, 59312
9,59312,2,2,1, 59314
24,59314,1,1,0, 59315
1,59316,1,1,1, 59317
8,59316,1,1,1, 59317
24,59319,1,1,0, 59320
17,59319,3,3,1, 59322
1,59321,1,1,0, 59322
8,59321,1,1,1, 59322
9,59322,2,2,1, 59324
24,59324,1,1,0, 59325
1,59326,1,1,1, 59327
8,59326,1,1,0, 59327
24,59329,1,1,0, 59330
1,59331,1,1,0, 59332
8,59331,1,1,0, 59332
24,59334,1,1,0, 59335
1,59336,1,1,0, 59337
8,59336,1,1,1, 59337
9,59337,2,2,1, 59339
24,59339,1,1,1, 59340
1,59341,1,1,0, 59342
8,59341,1,1,0, 59342
26,59342,3,3,1, 59345
2,59343,2,2,1, 59345
24,59344,1,1,1, 59345
17,59344,3,3,1, 59347
25,59345,2,2,1, 59347
1,59346,1,1,0, 59347
8,59346,1,1,0, 59347
26,59347,3,3,1, 59350
2,59348,2,2,1, 59350
24,59349,1,1,1, 59350
25,59350,2,2,1, 59352
1,59351,1,1,1, 59352
8,59351,1,1,0, 59352
15,59351,2,2,1, 59353
2,59353,2,2,1, 59355
24,59354,1,1,1, 59355
8,59356,1,1,0, 59357
24,59359,1,1,0, 59360
16,59359,2,2,1, 59361
8,59361,1,1,0, 59362
15,59361,2,2,1, 59363
24,59364,1,1,1, 59365
8,59366,1,1,0, 59367
15,59366,2,2,1, 59368
24,59369,1,1,0, 59370
8,59371,1,1,1, 59372
15,59371,2,2,1, 59373
31,59371,2,2,1, 59373
24,59374,1,1,1, 59375
8,59376,1,1,1, 59377
13,59374,4,4,1, 59378
15,59376,2,2,1, 59378
31,59376,2,2,1, 59378
6,59375,2,4,1, 59379
24,59379,1,1,0, 59380
16,59379,2,2,1, 59381
14,59379,3,3,1, 59382
8,59381,1,1,0, 59382
13,59379,4,4,1, 59383
24,59384,1,1,0, 59385
24,59389,1,1,1, 59390
24,59394,1,1,0, 59395
31,59396,2,2,1, 59398
24,59399,1,1,1, 59400
24,59404,1,1,0, 59405
31,59406,2,2,1, 59408
24,59409,1,1,1, 59410
31,59411,2,2,1, 59413
24,59414,1,1,1, 59415
24,59419,1,1,1, 59420
31,59421,2,2,1, 59423
24,59424,1,1,1, 59425
24,59429,1,1,1, 59430
31,59431,2,2,1, 59433
24,59434,1,1,0, 59435
31,59436,2,2,1, 59438
24,59439,1,1,0, 59440
31,59441,2,2,1, 59443
24,59444,1,1,1, 59445
24,59449,1,1,1, 59450
24,59454,1,1,0, 59455
30,59453,3,3,1, 59456
25,59455,2,2,1, 59457
1,59456,1,1,0, 59457
17,59459,3,3,1, 59462
25,59460,2,2,1, 59462
1,59461,1,1,1, 59462
17,59464,3,3,1, 59467
1,59466,1,1,0, 59467
17,59469,3,3,1, 59472
1,59471,1,1,0, 59472
9,59472,2,2,1, 59474
25,59475,2,2,1, 59477
1,59476,1,1,1, 59477
9,59477,2,2,1, 59479
17,59479,3,3,1, 59482
1,59481,1,1,1, 59482
17,59484,3,3,1, 59487
1,59486,1,1,1, 59487
1,59491,1,1,1, 59492
8,59491,1,1,0, 59492
9,59492,2,2,1, 59494
25,59495,2,2,1, 59497
1,59496,1,1,0, 59497
8,59496,1,1,1, 59497
18,59498,4,4,1, 59502
17,59499,3,3,1, 59502
8,59501,1,1,1, 59502
8,59506,1,1,1, 59507
8,59511,1,1,0, 59512
15,59511,2,2,1, 59513
8,59516,1,1,1, 59517
15,59516,2,2,1, 59518
8,59521,1,1,0, 59522
8,59526,1,1,0, 59527
15,59526,2,2,1, 59528
8,59531,1,1,0, 59532
8,59536,1,1,0, 59537
14,59539,3,3,1, 59542
8,59541,1,1,1, 59542
14,59544,3,3,1, 59547
8,59546,1,1,1, 59547
15,59546,2,2,1, 59548
14,59549,3,3,1, 59552
8,59551,1,1,0, 59552
16,59554,2,2,1, 59556
8,59556,1,1,1, 59557
15,59556,2,2,1, 59558
16,59559,2,2,1, 59561
14,59559,3,3,1, 59562
8,59561,1,1,1, 59562
24,59564,1,1,1, 59565
14,59564,3,3,1, 59567
8,59566,1,1,1, 59567
15,59566,2,2,1, 59568
24,59569,1,1,1, 59570
24,59574,1,1,1, 59575
24,59579,1,1,0, 59580
24,59584,1,1,1, 59585
24,59589,1,1,0, 59590
24,59594,1,1,0, 59595
24,59599,1,1,1, 59600
24,59604,1,1,0, 59605
1,59606,1,1,0, 59607
24,59609,1,1,0, 59610
1,59611,1,1,1, 59612
24,59614,1,1,1, 59615
1,59616,1,1,1, 59617
24,59619,1,1,0, 59620
1,59621,1,1,0, 59622
24,59624,1,1,0, 59625
1,59626,1,1,1, 59627
9,59627,2,2,1, 59629
24,59629,1,1,1, 59630
17,59629,3,3,1, 59632
1,59631,1,1,1, 59632
9,59632,2,2,1, 59634
24,59634,1,1,0, 59635
25,59635,2,2,1, 59637
1,59636,1,1,1, 59637
24,59639,1,1,0, 59640
17,59639,3,3,1, 59642
1,59641,1,1,0, 59642
2,59643,2,2,1, 59645
24,59644,1,1,0, 59645
25,59645,2,2,1, 59647
1,59646,1,1,0, 59647
24,59649,1,1,1, 59650
25,59650,2,2,1, 59652
1,59651,1,1,1, 59652
31,59651,2,2,1, 59653
2,59653,2,2,1, 59655
24,59654,1,1,0, 59655
1,59656,1,1,1, 59657
24,59659,1,1,1, 59660
1,59661,1,1,0, 59662
31,59661,2,2,1, 59663
24,59664,1,1,1, 59665
1,59666,1,1,1, 59667
24,59669,1,1,0, 59670
1,59671,1,1,0, 59672
24,59674,1,1,0, 59675
1,59676,1,1,0, 59677
8,59676,1,1,0, 59677
24,59679,1,1,0, 59680
25,59680,2,2,1, 59682
1,59681,1,1,0, 59682
8,59681,1,1,0, 59682
31,59681,2,2,1, 59683
2,59683,2,2,1, 59685
24,59684,1,1,0, 59685
30,59683,3,3,1, 59686
25,59685,2,2,1, 59687
1,59686,1,1,1, 59687
8,59686,1,1,1, 59687
11,59684,4,4,1, 59688
31,59686,2,2,1, 59688
3,59687,3,3,1, 59690
24,59689,1,1,0, 59690
30,59688,3,3,1, 59691
29,59688,4,4,1, 59692
8,59691,1,1,0, 59692
31,59691,2,2,1, 59693
24,59694,1,1,1, 59695
30,59693,3,3,1, 59696
8,59696,1,1,0, 59697
15,59696,2,2,1, 59698
24,59699,1,1,0, 59700
8,59701,1,1,1, 59702
31,59701,2,2,1, 59703
8,59706,1,1,1, 59707
15,59706,2,2,1, 59708
8,59711,1,1,1, 59712
15,59711,2,2,1, 59713
8,59716,1,1,1, 59717
15,59716,2,2,1, 59718
8,59721,1,1,1, 59722
15,59721,2,2,1, 59723
8,59726,1,1,0, 59727
13,59724,4,4,1, 59728
15,59726,2,2,1, 59728
6,59725,2,4,1, 59729
16,59729,2,2,1, 59731
14,59729,3,3,1, 59732
8,59731,1,1,1, 59732
15,59731,2,2,1, 59733
16,59734,2,2,1, 59736
14,59734,3,3,1, 59737
17,59794,3,3,1, 59797
25,59795,2,2,1, 59797
1,59796,1,1,1, 59797
9,59797,2,2,1, 59799
17,59799,3,3,1, 59802
25,59800,2,2,1, 59802
1,59801,1,1,0, 59802
9,59802,2,2,1, 59804
25,59805,2,2,1, 59807
1,59806,1,1,1, 59807
9,59807,2,2,1, 59809
24,59809,1,1,1, 59810
17,59809,3,3,1, 59812
1,59811,1,1,1, 59812
24,59814,1,1,1, 59815
18,59813,4,4,1, 59817
17,59814,3,3,1, 59817
1,59816,1,1,1, 59817
9,59817,2,2,1, 59819
24,59819,1,1,0, 59820
17,59819,3,3,1, 59822
1,59821,1,1,1, 59822
24,59824,1,1,0, 59825
1,59826,1,1,1, 59827
9,59827,2,2,1, 59829
24,59829,1,1,0, 59830
24,59834,1,1,0, 59835
24,59839,1,1,1, 59840
8,59841,1,1,1, 59842
31,59841,2,2,1, 59843
24,59844,1,1,1, 59845
23,59843,3,3,1, 59846
16,59844,2,2,1, 59846
8,59846,1,1,0, 59847
31,59846,2,2,1, 59848
24,59849,1,1,0, 59850
23,59848,3,3,1, 59851
8,59851,1,1,0, 59852
31,59851,2,2,1, 59853
24,59854,1,1,1, 59855
8,59856,1,1,0, 59857
31,59856,2,2,1, 59858
24,59859,1,1,0, 59860
16,59859,2,2,1, 59861
8,59861,1,1,1, 59862
24,59864,1,1,1, 59865
16,59864,2,2,1, 59866
8,59866,1,1,0, 59867
15,59866,2,2,1, 59868
31,59866,2,2,1, 59868
24,59869,1,1,1, 59870
8,59871,1,1,0, 59872
31,59871,2,2,1, 59873
22,59871,4,4,1, 59875
24,59874,1,1,0, 59875
23,59873,3,3,1, 59876
8,59876,1,1,0, 59877
24,59879,1,1,0, 59880
23,59878,3,3,1, 59881
16,59879,2,2,1, 59881
8,59881,1,1,1, 59882
15,59881,2,2,1, 59883
31,59881,2,2,1, 59883
6,59880,2,4,1, 59884
24,59884,1,1,0, 59885
23,59883,3,3,1, 59886
24,59889,1,1,0, 59890
24,59894,1,1,0, 59895
31,59896,2,2,1, 59898
24,59899,1,1,0, 59900
31,59901,2,2,1, 59903
24,59904,1,1,1, 59905
31,59906,2,2,1, 59908
25,59935,2,2,1, 59937
1,59936,1,1,1, 59937
25,59940,2,2,1, 59942
1,59941,1,1,1, 59942
9,59942,2,2,1, 59944
17,59944,3,3,1, 59947
25,59945,2,2,1, 59947
1,59946,1,1,0, 59947
9,59947,2,2,1, 59949
1,59951,1,1,1, 59952
9,59952,2,2,1, 59954
17,59954,3,3,1, 59957
1,59956,1,1,0, 59957
17,59959,3,3,1, 59962
25,59960,2,2,1, 59962
1,59961,1,1,1, 59962
17,59964,3,3,1, 59967
1,59966,1,1,1, 59967
18,59968,4,4,1, 59972
1,59971,1,1,0, 59972
9,59972,2,2,1, 59974
3,59972,3,3,1, 59975
8,59991,1,1,0, 59992
8,59996,1,1,0, 59997
16,59999,2,2,1, 60001
8,60001,1,1,1, 60002
16,60004,2,2,1, 60006
8,60006,1,1,1, 60007
24,60009,1,1,0, 60010
8,60011,1,1,0, 60012
24,60014,1,1,1, 60015
16,60014,2,2,1, 60016
8,60016,1,1,0, 60017
24,60019,1,1,1, 60020
16,60019,2,2,1, 60021
8,60021,1,1,1, 60022
24,60024,1,1,0, 60025
8,60026,1,1,1, 60027
24,60029,1,1,0, 60030
8,60031,1,1,1, 60032
15,60031,2,2,1, 60033
24,60034,1,1,1, 60035
16,60034,2,2,1, 60036
8,60036,1,1,1, 60037
24,60039,1,1,1, 60040
8,60041,1,1,0, 60042
24,60044,1,1,1, 60045
8,60046,1,1,1, 60047
24,60049,1,1,0, 60050
8,60051,1,1,1, 60052
24,60054,1,1,0, 60055
16,60054,2,2,1, 60056
8,60056,1,1,0, 60057
15,60056,2,2,1, 60058
6,60055,2,4,1, 60059
22,60056,4,4,1, 60060
24,60059,1,1,0, 60060
23,60058,3,3,1, 60061
16,60059,2,2,1, 60061
24,60064,1,1,1, 60065
24,60069,1,1,1, 60070
24,60074,1,1,1, 60075
24,60079,1,1,1, 60080
1,60081,1,1,1, 60082
24,60084,1,1,0, 60085
25,60085,2,2,1, 60087
1,60086,1,1,0, 60087
24,60089,1,1,0, 60090
1,60091,1,1,0, 60092
31,60091,2,2,1, 60093
24,60094,1,1,1, 60095
1,60096,1,1,1, 60097
31,60096,2,2,1, 60098
24,60099,1,1,0, 60100
1,60101,1,1,1, 60102
24,60104,1,1,1, 60105
25,60105,2,2,1, 60107
1,60106,1,1,1, 60107
31,60106,2,2,1, 60108
2,60108,2,2,1, 60110
24,60109,1,1,1, 60110
18,60108,4,4,1, 60112
25,60110,2,2,1, 60112
1,60111,1,1,1, 60112
31,60111,2,2,1, 60113
26,60112,3,3,1, 60115
24,60114,1,1,1, 60115
1,60116,1,1,1, 60117
26,60117,3,3,1, 60120
24,60119,1,1,0, 60120
25,60120,2,2,1, 60122
1,60121,1,1,0, 60122
31,60121,2,2,1, 60123
9,60122,2,2,1, 60124
2,60123,2,2,1, 60125
24,60124,1,1,1, 60125
1,60126,1,1,0, 60127
31,60126,2,2,1, 60128
9,60127,2,2,1, 60129
2,60128,2,2,1, 60130
24,60129,1,1,0, 60130
18,60128,4,4,1, 60132
29,60128,4,4,1, 60132
1,60131,1,1,1, 60132
31,60131,2,2,1, 60133
9,60132,2,2,1, 60134
24,60134,1,1,0, 60135
30,60133,3,3,1, 60136
24,60139,1,1,0, 60140
29,60138,4,4,1, 60142
24,60144,1,1,0, 60145
30,60143,3,3,1, 60146
8,60166,1,1,0, 60167
8,60171,1,1,1, 60172
8,60176,1,1,0, 60177
8,60181,1,1,1, 60182
8,60186,1,1,1, 60187
8,60191,1,1,1, 60192
8,60196,1,1,0, 60197
8,60201,1,1,1, 60202
8,60206,1,1,0, 60207
16,60209,2,2,1, 60211
8,60211,1,1,0, 60212
8,60216,1,1,1, 60217
16,60219,2,2,1, 60221
8,60221,1,1,0, 60222
23,60223,3,3,1, 60226
8,60226,1,1,1, 60227
8,60231,1,1,1, 60232
23,60233,3,3,1, 60236
16,60234,2,2,1, 60236
8,60236,1,1,1, 60237
15,60236,2,2,1, 60238
23,60238,3,3,1, 60241
16,60239,2,2,1, 60241
8,60241,1,1,1, 60242
22,60241,4,4,1, 60245
16,60244,2,2,1, 60246
1,60246,1,1,0, 60247
8,60246,1,1,0, 60247
15,60246,2,2,1, 60248
17,60249,3,3,1, 60252
1,60251,1,1,0, 60252
24,60254,1,1,0, 60255
1,60256,1,1,0, 60257
24,60259,1,1,1, 60260
1,60261,1,1,1, 60262
2,60263,2,2,1, 60265
24,60264,1,1,1, 60265
25,60265,2,2,1, 60267
1,60266,1,1,1, 60267
24,60269,1,1,1, 60270
25,60270,2,2,1, 60272
1,60271,1,1,1, 60272
24,60274,1,1,1, 60275
1,60276,1,1,0, 60277
2,60278,2,2,1, 60280
24,60279,1,1,0, 60280
1,60281,1,1,0, 60282
11,60279,4,4,1, 60283
3,60282,3,3,1, 60285
2,60283,2,2,1, 60285
24,60284,1,1,1, 60285
25,60285,2,2,1, 60287
1,60286,1,1,0, 60287
11,60284,4,4,1, 60288
31,60286,2,2,1, 60288
2,60288,2,2,1, 60290
24,60289,1,1,1, 60290
25,60290,2,2,1, 60292
1,60291,1,1,1, 60292
11,60289,4,4,1, 60293
31,60291,2,2,1, 60293
24,60294,1,1,0, 60295
19,60291,5,5,1, 60296
25,60295,2,2,1, 60297
31,60296,2,2,1, 60298
24,60299,1,1,0, 60300
24,60304,1,1,1, 60305
31,60306,2,2,1, 60308
24,60309,1,1,0, 60310
31,60311,2,2,1, 60313
24,60314,1,1,1, 60315
31,60316,2,2,1, 60318
24,60319,1,1,0, 60320
31,60321,2,2,1, 60323
24,60324,1,1,0, 60325
30,60323,3,3,1, 60326
31,60326,2,2,1, 60328
24,60329,1,1,1, 60330
24,60334,1,1,0, 60335
31,60336,2,2,1, 60338
24,60339,1,1,1, 60340
24,60344,1,1,0, 60345
31,60346,2,2,1, 60348
24,60349,1,1,0, 60350
30,60348,3,3,1, 60351
8,60356,1,1,0, 60357
8,60361,1,1,1, 60362
8,60366,1,1,0, 60367
8,60371,1,1,1, 60372
8,60376,1,1,0, 60377
8,60381,1,1,0, 60382
8,60386,1,1,1, 60387
8,60391,1,1,1, 60392
16,60394,2,2,1, 60396
8,60396,1,1,0, 60397
16,60399,2,2,1, 60401
1,60401,1,1,1, 60402
8,60401,1,1,1, 60402
17,60404,3,3,1, 60407
1,60406,1,1,1, 60407
8,60406,1,1,1, 60407
9,60407,2,2,1, 60409
17,60409,3,3,1, 60412
25,60410,2,2,1, 60412
1,60411,1,1,1, 60412
8,60411,1,1,0, 60412
1,60416,1,1,1, 60417
8,60416,1,1,0, 60417
25,60420,2,2,1, 60422
1,60421,1,1,1, 60422
8,60421,1,1,0, 60422
15,60421,2,2,1, 60423
3,60422,3,3,1, 60425
26,60422,3,3,1, 60425
1,60426,1,1,0, 60427
8,60426,1,1,0, 60427
15,60426,2,2,1, 60428
9,60427,2,2,1, 60429
3,60427,3,3,1, 60430
2,60428,2,2,1, 60430
17,60429,3,3,1, 60432
25,60430,2,2,1, 60432
1,60431,1,1,1, 60432
8,60431,1,1,0, 60432
9,60432,2,2,1, 60434
3,60432,3,3,1, 60435
8,60436,1,1,0, 60437
15,60436,2,2,1, 60438
16,60439,2,2,1, 60441
8,60441,1,1,1, 60442
15,60441,2,2,1, 60443
23,60443,3,3,1, 60446
16,60444,2,2,1, 60446
8,60446,1,1,1, 60447
13,60444,4,4,1, 60448
15,60446,2,2,1, 60448
24,60459,1,1,1, 60460
24,60464,1,1,0, 60465
24,60469,1,1,1, 60470
24,60474,1,1,0, 60475
24,60479,1,1,0, 60480
24,60484,1,1,1, 60485
24,60489,1,1,0, 60490
24,60494,1,1,1, 60495
24,60499,1,1,1, 60500
24,60504,1,1,0, 60505
24,60509,1,1,0, 60510
24,60514,1,1,1, 60515
24,60519,1,1,0, 60520
24,60524,1,1,1, 60525
24,60529,1,1,0, 60530
24,60534,1,1,0, 60535
24,60539,1,1,0, 60540
1,60541,1,1,1, 60542
24,60544,1,1,1, 60545
25,60545,2,2,1, 60547
1,60546,1,1,0, 60547
31,60546,2,2,1, 60548
24,60549,1,1,1, 60550
1,60551,1,1,1, 60552
8,60551,1,1,0, 60552
31,60551,2,2,1, 60553
24,60554,1,1,0, 60555
1,60556,1,1,1, 60557
8,60556,1,1,1, 60557
24,60559,1,1,1, 60560
1,60561,1,1,1, 60562
8,60561,1,1,0, 60562
31,60561,2,2,1, 60563
2,60563,2,2,1, 60565
24,60564,1,1,0, 60565
1,60566,1,1,1, 60567
8,60566,1,1,1, 60567
2,60568,2,2,1, 60570
24,60569,1,1,0, 60570
1,60571,1,1,0, 60572
8,60571,1,1,1, 60572
31,60571,2,2,1, 60573
24,60574,1,1,0, 60575
1,60576,1,1,1, 60577
8,60576,1,1,0, 60577
24,60579,1,1,0, 60580
1,60581,1,1,1, 60582
8,60581,1,1,0, 60582
9,60582,2,2,1, 60584
2,60583,2,2,1, 60585
24,60584,1,1,1, 60585
1,60586,1,1,0, 60587
8,60586,1,1,1, 60587
31,60586,2,2,1, 60588
24,60589,1,1,0, 60590
25,60590,2,2,1, 60592
1,60591,1,1,0, 60592
8,60591,1,1,0, 60592
15,60591,2,2,1, 60593
31,60591,2,2,1, 60593
9,60592,2,2,1, 60594
24,60594,1,1,0, 60595
19,60591,5,5,1, 60596
25,60595,2,2,1, 60597
1,60596,1,1,0, 60597
8,60596,1,1,1, 60597
15,60596,2,2,1, 60598
24,60599,1,1,1, 60600
19,60596,5,5,1, 60601
17,60599,3,3,1, 60602
8,60601,1,1,0, 60602
15,60601,2,2,1, 60603
31,60601,2,2,1, 60603
24,60604,1,1,0, 60605
30,60603,3,3,1, 60606
8,60606,1,1,0, 60607
24,60609,1,1,1, 60610
8,60611,1,1,0, 60612
15,60611,2,2,1, 60613
31,60611,2,2,1, 60613
24,60614,1,1,0, 60615
8,60616,1,1,0, 60617
31,60616,2,2,1, 60618
8,60621,1,1,1, 60622
8,60626,1,1,1, 60627
15,60626,2,2,1, 60628
14,60629,3,3,1, 60632
8,60631,1,1,0, 60632
8,60636,1,1,0, 60637
8,60641,1,1,1, 60642
15,60641,2,2,1, 60643
14,60644,3,3,1, 60647
8,60646,1,1,0, 60647
15,60646,2,2,1, 60648
8,60651,1,1,1, 60652
15,60651,2,2,1, 60653
8,60656,1,1,0, 60657
15,60656,2,2,1, 60658
16,60659,2,2,1, 60661
1,60706,1,1,1, 60707
25,60710,2,2,1, 60712
1,60711,1,1,1, 60712
17,60714,3,3,1, 60717
1,60716,1,1,1, 60717
17,60719,3,3,1, 60722
1,60721,1,1,1, 60722
24,60724,1,1,0, 60725
1,60726,1,1,1, 60727
24,60729,1,1,0, 60730
18,60728,4,4,1, 60732
17,60729,3,3,1, 60732
1,60731,1,1,1, 60732
3,60732,3,3,1, 60735
2,60733,2,2,1, 60735
24,60734,1,1,0, 60735
18,60733,4,4,1, 60737
1,60736,1,1,0, 60737
3,60737,3,3,1, 60740
24,60739,1,1,0, 60740
17,60739,3,3,1, 60742
1,60741,1,1,0, 60742
9,60742,2,2,1, 60744
3,60742,3,3,1, 60745
2,60743,2,2,1, 60745
24,60744,1,1,0, 60745
1,60746,1,1,1, 60747
11,60744,4,4,1, 60748
24,60749,1,1,1, 60750
24,60754,1,1,1, 60755
24,60759,1,1,0, 60760
24,60764,1,1,1, 60765
16,60764,2,2,1, 60766
8,60766,1,1,0, 60767
22,60766,4,4,1, 60770
24,60769,1,1,0, 60770
16,60769,2,2,1, 60771
8,60771,1,1,0, 60772
24,60774,1,1,0, 60775
16,60774,2,2,1, 60776
8,60776,1,1,0, 60777
31,60776,2,2,1, 60778
22,60776,4,4,1, 60780
24,60779,1,1,0, 60780
23,60778,3,3,1, 60781
8,60781,1,1,0, 60782
24,60784,1,1,1, 60785
8,60786,1,1,0, 60787
24,60789,1,1,1, 60790
8,60791,1,1,1, 60792
31,60791,2,2,1, 60793
24,60794,1,1,0, 60795
8,60796,1,1,1, 60797
24,60799,1,1,0, 60800
8,60801,1,1,0, 60802
31,60801,2,2,1, 60803
24,60804,1,1,1, 60805
8,60806,1,1,0, 60807
24,60809,1,1,1, 60810
8,60811,1,1,0, 60812
24,60814,1,1,0, 60815
8,60816,1,1,0, 60817
24,60819,1,1,0, 60820
8,60821,1,1,1, 60822
31,60821,2,2,1, 60823
24,60824,1,1,0, 60825
8,60826,1,1,0, 60827
15,60826,2,2,1, 60828
24,60829,1,1,1, 60830
8,60831,1,1,0, 60832
15,60831,2,2,1, 60833
31,60831,2,2,1, 60833
24,60834,1,1,0, 60835
30,60833,3,3,1, 60836
29,60833,4,4,1, 60837
8,60836,1,1,0, 60837
15,60836,2,2,1, 60838
31,60836,2,2,1, 60838
24,60839,1,1,0, 60840
30,60838,3,3,1, 60841
29,60838,4,4,1, 60842
8,60841,1,1,0, 60842
15,60841,2,2,1, 60843
24,60844,1,1,0, 60845
30,60843,3,3,1, 60846
8,60846,1,1,0, 60847
15,60846,2,2,1, 60848
24,60849,1,1,0, 60850
30,60848,3,3,1, 60851
8,60851,1,1,1, 60852
15,60851,2,2,1, 60853
1,60856,1,1,1, 60857
25,60860,2,2,1, 60862
1,60861,1,1,1, 60862
25,60865,2,2,1, 60867
1,60866,1,1,1, 60867
2,60868,2,2,1, 60870
18,60868,4,4,1, 60872
1,60871,1,1,0, 60872
26,60872,3,3,1, 60875
2,60873,2,2,1, 60875
25,60875,2,2,1, 60877
1,60876,1,1,0, 60877
26,60877,3,3,1, 60880
1,60881,1,1,0, 60882
18,60883,4,4,1, 60887
1,60886,1,1,0, 60887
9,60887,2,2,1, 60889
3,60887,3,3,1, 60890
2,60888,2,2,1, 60890
17,60889,3,3,1, 60892
1,60891,1,1,0, 60892
1,60896,1,1,1, 60897
3,60897,3,3,1, 60900
2,60898,2,2,1, 60900
8,60956,1,1,1, 60957
24,60959,1,1,0, 60960
23,60958,3,3,1, 60961
16,60959,2,2,1, 60961
8,60961,1,1,1, 60962
22,60961,4,4,1, 60965
24,60964,1,1,0, 60965
16,60964,2,2,1, 60966
8,60966,1,1,1, 60967
22,60966,4,4,1, 60970
24,60969,1,1,1, 60970
16,60969,2,2,1, 60971
8,60971,1,1,0, 60972
22,60971,4,4,1, 60975
24,60974,1,1,1, 60975
23,60973,3,3,1, 60976
8,60976,1,1,0, 60977
24,60979,1,1,1, 60980
8,60981,1,1,0, 60982
22,60981,4,4,1, 60985
24,60984,1,1,0, 60985
23,60983,3,3,1, 60986
16,60984,2,2,1, 60986
8,60986,1,1,0, 60987
24,60989,1,1,1, 60990
16,60989,2,2,1, 60991
8,60991,1,1,1, 60992
22,60991,4,4,1, 60995
24,60994,1,1,1, 60995
24,60999,1,1,0, 61000
31,61001,2,2,1, 61003
24,61004,1,1,1, 61005
1,61006,1,1,0, 61007
31,61006,2,2,1, 61008
24,61009,1,1,1, 61010
30,61008,3,3,1, 61011
29,61008,4,4,1, 61012
1,61011,1,1,0, 61012
31,61011,2,2,1, 61013
24,61014,1,1,0, 61015
1,61016,1,1,0, 61017
24,61019,1,1,0, 61020
25,61020,2,2,1, 61022
1,61021,1,1,0, 61022
24,61024,1,1,1, 61025
25,61025,2,2,1, 61027
1,61026,1,1,0, 61027
31,61026,2,2,1, 61028
24,61029,1,1,1, 61030
25,61030,2,2,1, 61032
1,61031,1,1,0, 61032
24,61034,1,1,0, 61035
25,61035,2,2,1, 61037
1,61036,1,1,1, 61037
31,61036,2,2,1, 61038
24,61039,1,1,1, 61040
1,61041,1,1,0, 61042
24,61044,1,1,0, 61045
25,61045,2,2,1, 61047
1,61046,1,1,0, 61047
31,61046,2,2,1, 61048
24,61049,1,1,1, 61050
25,61050,2,2,1, 61052
1,61051,1,1,1, 61052
24,61054,1,1,0, 61055
25,61055,2,2,1, 61057
1,61056,1,1,0, 61057
24,61059,1,1,1, 61060
25,61060,2,2,1, 61062
1,61061,1,1,0, 61062
31,61061,2,2,1, 61063
2,61063,2,2,1, 61065
24,61064,1,1,0, 61065
25,61065,2,2,1, 61067
1,61066,1,1,1, 61067
2,61068,2,2,1, 61070
24,61069,1,1,1, 61070
1,61071,1,1,1, 61072
31,61071,2,2,1, 61073
24,61074,1,1,1, 61075
1,61076,1,1,1, 61077
11,61074,4,4,1, 61078
2,61078,2,2,1, 61080
24,61079,1,1,0, 61080
23,61098,3,3,1, 61101
16,61099,2,2,1, 61101
8,61101,1,1,1, 61102
23,61103,3,3,1, 61106
8,61106,1,1,1, 61107
16,61109,2,2,1, 61111
8,61111,1,1,1, 61112
23,61113,3,3,1, 61116
8,61116,1,1,0, 61117
16,61119,2,2,1, 61121
8,61121,1,1,0, 61122
16,61124,2,2,1, 61126
8,61126,1,1,1, 61127
16,61129,2,2,1, 61131
8,61131,1,1,1, 61132
8,61136,1,1,0, 61137
22,61136,4,4,1, 61140
8,61141,1,1,0, 61142
8,61146,1,1,1, 61147
8,61151,1,1,1, 61152
16,61154,2,2,1, 61156
8,61156,1,1,1, 61157
16,61159,2,2,1, 61161
8,61161,1,1,1, 61162
16,61164,2,2,1, 61166
25,61185,2,2,1, 61187
1,61186,1,1,0, 61187
24,61189,1,1,0, 61190
1,61191,1,1,1, 61192
24,61194,1,1,1, 61195
1,61196,1,1,0, 61197
24,61199,1,1,0, 61200
25,61200,2,2,1, 61202
1,61201,1,1,0, 61202
24,61204,1,1,0, 61205
1,61206,1,1,0, 61207
24,61209,1,1,1, 61210
1,61211,1,1,0, 61212
9,61212,2,2,1, 61214
24,61214,1,1,0, 61215
25,61215,2,2,1, 61217
1,61216,1,1,1, 61217
2,61218,2,2,1, 61220
24,61219,1,1,1, 61220
18,61218,4,4,1, 61222
1,61221,1,1,1, 61222
3,61222,3,3,1, 61225
24,61224,1,1,1, 61225
1,61226,1,1,0, 61227
3,61227,3,3,1, 61230
2,61228,2,2,1, 61230
24,61229,1,1,0, 61230
25,61230,2,2,1, 61232
1,61231,1,1,1, 61232
3,61232,3,3,1, 61235
24,61234,1,1,0, 61235
1,61236,1,1,1, 61237
3,61237,3,3,1, 61240
24,61239,1,1,0, 61240
1,61241,1,1,1, 61242
9,61242,2,2,1, 61244
24,61244,1,1,1, 61245
24,61249,1,1,1, 61250
24,61254,1,1,1, 61255
24,61259,1,1,0, 61260
31,61261,2,2,1, 61263
24,61264,1,1,1, 61265
24,61269,1,1,1, 61270
8,61271,1,1,1, 61272
24,61274,1,1,0, 61275
23,61273,3,3,1, 61276
8,61276,1,1,0, 61277
24,61279,1,1,1, 61280
8,61281,1,1,0, 61282
31,61281,2,2,1, 61283
24,61284,1,1,0, 61285
8,61286,1,1,1, 61287
31,61286,2,2,1, 61288
24,61289,1,1,1, 61290
8,61291,1,1,1, 61292
31,61291,2,2,1, 61293
24,61294,1,1,0, 61295
8,61296,1,1,0, 61297
24,61299,1,1,0, 61300
8,61301,1,1,0, 61302
31,61301,2,2,1, 61303
24,61304,1,1,1, 61305
8,61306,1,1,1, 61307
24,61309,1,1,1, 61310
8,61311,1,1,1, 61312
31,61311,2,2,1, 61313
24,61314,1,1,1, 61315
8,61316,1,1,1, 61317
24,61319,1,1,1, 61320
8,61321,1,1,1, 61322
31,61321,2,2,1, 61323
24,61324,1,1,1, 61325
8,61326,1,1,1, 61327
31,61326,2,2,1, 61328
24,61329,1,1,1, 61330
8,61331,1,1,1, 61332
24,61334,1,1,1, 61335
8,61336,1,1,0, 61337
31,61336,2,2,1, 61338
8,61341,1,1,0, 61342
1,61346,1,1,1, 61347
8,61346,1,1,1, 61347
1,61351,1,1,0, 61352
8,61351,1,1,1, 61352
1,61356,1,1,1, 61357
8,61356,1,1,0, 61357
1,61361,1,1,0, 61362
8,61361,1,1,1, 61362
1,61366,1,1,1, 61367
8,61366,1,1,0, 61367
9,61367,2,2,1, 61369
1,61371,1,1,1, 61372
8,61371,1,1,1, 61372
9,61372,2,2,1, 61374
26,61372,3,3,1, 61375
1,61376,1,1,0, 61377
8,61376,1,1,0, 61377
9,61377,2,2,1, 61379
26,61377,3,3,1, 61380
2,61378,2,2,1, 61380
16,61379,2,2,1, 61381
17,61379,3,3,1, 61382
1,61381,1,1,0, 61382
8,61381,1,1,1, 61382
15,61381,2,2,1, 61383
9,61382,2,2,1, 61384
3,61382,3,3,1, 61385
18,61383,4,4,1, 61387
1,61386,1,1,0, 61387
8,61386,1,1,1, 61387
3,61387,3,3,1, 61390
18,61388,4,4,1, 61392
14,61389,3,3,1, 61392
1,61391,1,1,1, 61392
8,61391,1,1,0, 61392
13,61389,4,4,1, 61393
6,61390,2,4,1, 61394
9,61392,2,2,1, 61394
16,61394,2,2,1, 61396
8,61396,1,1,1, 61397
13,61394,4,4,1, 61398
15,61396,2,2,1, 61398
6,61395,2,4,1, 61399
8,61401,1,1,0, 61402
15,61401,2,2,1, 61403
24,61444,1,1,0, 61445
24,61449,1,1,1, 61450
24,61454,1,1,1, 61455
24,61459,1,1,0, 61460
24,61464,1,1,1, 61465
24,61469,1,1,0, 61470
24,61474,1,1,0, 61475
24,61479,1,1,1, 61480
24,61484,1,1,0, 61485
24,61489,1,1,0, 61490
24,61494,1,1,1, 61495
30,61493,3,3,1, 61496
29,61493,4,4,1, 61497
31,61496,2,2,1, 61498
24,61499,1,1,0, 61500
30,61498,3,3,1, 61501
24,61504,1,1,0, 61505
30,61503,3,3,1, 61506
25,61505,2,2,1, 61507
1,61506,1,1,0, 61507
8,61506,1,1,0, 61507
31,61506,2,2,1, 61508
24,61509,1,1,1, 61510
25,61510,2,2,1, 61512
1,61511,1,1,1, 61512
8,61511,1,1,1, 61512
24,61514,1,1,1, 61515
1,61516,1,1,0, 61517
8,61516,1,1,0, 61517
31,61516,2,2,1, 61518
24,61519,1,1,1, 61520
25,61520,2,2,1, 61522
1,61521,1,1,0, 61522
8,61521,1,1,1, 61522
24,61524,1,1,1, 61525
29,61523,4,4,1, 61527
25,61525,2,2,1, 61527
1,61526,1,1,0, 61527
8,61526,1,1,0, 61527
31,61526,2,2,1, 61528
24,61529,1,1,1, 61530
29,61528,4,4,1, 61532
25,61530,2,2,1, 61532
1,61531,1,1,1, 61532
8,61531,1,1,0, 61532
2,61533,2,2,1, 61535
24,61534,1,1,1, 61535
30,61533,3,3,1, 61536
25,61535,2,2,1, 61537
1,61536,1,1,1, 61537
8,61536,1,1,1, 61537
26,61537,3,3,1, 61540
2,61538,2,2,1, 61540
1,61541,1,1,0, 61542
8,61541,1,1,1, 61542
26,61542,3,3,1, 61545
25,61545,2,2,1, 61547
1,61546,1,1,1, 61547
8,61546,1,1,0, 61547
25,61550,2,2,1, 61552
1,61551,1,1,1, 61552
8,61551,1,1,0, 61552
13,61549,4,4,1, 61553
15,61551,2,2,1, 61553
26,61552,3,3,1, 61555
2,61553,2,2,1, 61555
1,61556,1,1,1, 61557
8,61556,1,1,0, 61557
13,61554,4,4,1, 61558
6,61555,2,4,1, 61559
2,61558,2,2,1, 61560
18,61558,4,4,1, 61562
8,61561,1,1,1, 61562
15,61561,2,2,1, 61563
6,61560,2,4,1, 61564
8,61566,1,1,1, 61567
13,61564,4,4,1, 61568
14,61569,3,3,1, 61572
8,61571,1,1,1, 61572
13,61569,4,4,1, 61573
14,61574,3,3,1, 61577
8,61576,1,1,1, 61577
13,61574,4,4,1, 61578
15,61576,2,2,1, 61578
8,61581,1,1,0, 61582
13,61579,4,4,1, 61583
24,61644,1,1,1, 61645
31,61646,2,2,1, 61648
24,61649,1,1,1, 61650
31,61651,2,2,1, 61653
24,61654,1,1,0, 61655
30,61653,3,3,1, 61656
24,61659,1,1,1, 61660
24,61664,1,1,0, 61665
1,61666,1,1,1, 61667
24,61669,1,1,0, 61670
1,61671,1,1,1, 61672
9,61672,2,2,1, 61674
24,61674,1,1,1, 61675
25,61675,2,2,1, 61677
1,61676,1,1,1, 61677
24,61679,1,1,0, 61680
1,61681,1,1,0, 61682
24,61684,1,1,1, 61685
1,61686,1,1,1, 61687
9,61687,2,2,1, 61689
24,61689,1,1,0, 61690
23,61688,3,3,1, 61691
16,61689,2,2,1, 61691
1,61691,1,1,0, 61692
8,61691,1,1,1, 61692
2,61693,2,2,1, 61695
24,61694,1,1,0, 61695
25,61695,2,2,1, 61697
1,61696,1,1,0, 61697
8,61696,1,1,0, 61697
9,61697,2,2,1, 61699
2,61698,2,2,1, 61700
24,61699,1,1,0, 61700
23,61698,3,3,1, 61701
1,61701,1,1,1, 61702
8,61701,1,1,1, 61702
15,61701,2,2,1, 61703
9,61702,2,2,1, 61704
24,61704,1,1,1, 61705
16,61704,2,2,1, 61706
14,61704,3,3,1, 61707
1,61706,1,1,1, 61707
8,61706,1,1,1, 61707
2,61708,2,2,1, 61710
24,61709,1,1,0, 61710
23,61708,3,3,1, 61711
14,61709,3,3,1, 61712
25,61710,2,2,1, 61712
1,61711,1,1,0, 61712
8,61711,1,1,1, 61712
13,61709,4,4,1, 61713
15,61711,2,2,1, 61713
24,61714,1,1,0, 61715
23,61713,3,3,1, 61716
1,61716,1,1,1, 61717
8,61716,1,1,0, 61717
11,61714,4,4,1, 61718
3,61717,3,3,1, 61720
24,61719,1,1,0, 61720
14,61719,3,3,1, 61722
8,61721,1,1,0, 61722
15,61721,2,2,1, 61723
24,61724,1,1,0, 61725
23,61723,3,3,1, 61726
16,61724,2,2,1, 61726
24,61729,1,1,0, 61730
24,61734,1,1,1, 61735
24,61739,1,1,0, 61740
24,61744,1,1,0, 61745
24,61749,1,1,1, 61750
24,61754,1,1,0, 61755
24,61759,1,1,0, 61760
24,61764,1,1,1, 61765
29,61763,4,4,1, 61767
31,61766,2,2,1, 61768
24,61769,1,1,1, 61770
30,61768,3,3,1, 61771
31,61771,2,2,1, 61773
24,61774,1,1,0, 61775
30,61773,3,3,1, 61776
29,61773,4,4,1, 61777
31,61776,2,2,1, 61778
24,61779,1,1,0, 61780
24,61784,1,1,1, 61785
31,61786,2,2,1, 61788
24,61789,1,1,1, 61790
31,61791,2,2,1, 61793
1,61826,1,1,0, 61827
8,61826,1,1,0, 61827
25,61830,2,2,1, 61832
1,61831,1,1,1, 61832
8,61831,1,1,0, 61832
1,61836,1,1,0, 61837
8,61836,1,1,1, 61837
25,61840,2,2,1, 61842
1,61841,1,1,1, 61842
8,61841,1,1,0, 61842
16,61844,2,2,1, 61846
17,61844,3,3,1, 61847
1,61846,1,1,0, 61847
8,61846,1,1,1, 61847
9,61847,2,2,1, 61849
16,61849,2,2,1, 61851
17,61849,3,3,1, 61852
25,61850,2,2,1, 61852
1,61851,1,1,1, 61852
8,61851,1,1,0, 61852
9,61852,2,2,1, 61854
25,61855,2,2,1, 61857
1,61856,1,1,0, 61857
8,61856,1,1,1, 61857
17,61859,3,3,1, 61862
25,61860,2,2,1, 61862
1,61861,1,1,0, 61862
8,61861,1,1,1, 61862
9,61862,2,2,1, 61864
16,61864,2,2,1, 61866
25,61865,2,2,1, 61867
1,61866,1,1,1, 61867
8,61866,1,1,0, 61867
3,61867,3,3,1, 61870
25,61870,2,2,1, 61872
1,61871,1,1,1, 61872
8,61871,1,1,0, 61872
4,61871,4,4,1, 61875
8,61876,1,1,0, 61877
16,61879,2,2,1, 61881
8,61881,1,1,1, 61882
16,61884,2,2,1, 61886
8,61886,1,1,0, 61887
8,61891,1,1,0, 61892
16,61894,2,2,1, 61896
29,61893,4,4,1, 61897
8,61896,1,1,1, 61897
24,61899,1,1,0, 61900
30,61898,3,3,1, 61901
16,61899,2,2,1, 61901
29,61898,4,4,1, 61902
8,61901,1,1,0, 61902
15,61901,2,2,1, 61903
31,61901,2,2,1, 61903
24,61904,1,1,0, 61905
16,61904,2,2,1, 61906
8,61906,1,1,0, 61907
15,61906,2,2,1, 61908
31,61906,2,2,1, 61908
24,61909,1,1,1, 61910
8,61911,1,1,0, 61912
24,61914,1,1,1, 61915
30,61913,3,3,1, 61916
16,61914,2,2,1, 61916
8,61916,1,1,0, 61917
24,61919,1,1,1, 61920
24,61924,1,1,0, 61925
24,61929,1,1,1, 61930
24,61934,1,1,0, 61935
24,61939,1,1,0, 61940
24,61944,1,1,1, 61945
24,61949,1,1,0, 61950
24,61954,1,1,0, 61955
24,61959,1,1,0, 61960
24,61964,1,1,1, 61965
24,61969,1,1,0, 61970
24,61974,1,1,0, 61975
24,61979,1,1,1, 61980
24,61984,1,1,1, 61985
1,61986,1,1,0, 61987
24,61989,1,1,1, 61990
1,61991,1,1,0, 61992
24,61994,1,1,0, 61995
1,61996,1,1,1, 61997
24,61999,1,1,1, 62000
1,62001,1,1,0, 62002
2,62003,2,2,1, 62005
24,62004,1,1,1, 62005
1,62006,1,1,0, 62007
2,62008,2,2,1, 62010
24,62009,1,1,0, 62010
1,62011,1,1,1, 62012
3,62012,3,3,1, 62015
26,62012,3,3,1, 62015
24,62014,1,1,1, 62015
1,62016,1,1,0, 62017
26,62017,3,3,1, 62020
24,62019,1,1,1, 62020
30,62018,3,3,1, 62021
1,62021,1,1,0, 62022
31,62021,2,2,1, 62023
2,62023,2,2,1, 62025
24,62024,1,1,1, 62025
29,62023,4,4,1, 62027
1,62026,1,1,1, 62027
8,62026,1,1,0, 62027
31,62026,2,2,1, 62028
9,62027,2,2,1, 62029
3,62027,3,3,1, 62030
26,62027,3,3,1, 62030
24,62029,1,1,0, 62030
17,62029,3,3,1, 62032
1,62031,1,1,0, 62032
8,62031,1,1,1, 62032
24,62034,1,1,0, 62035
25,62035,2,2,1, 62037
1,62036,1,1,1, 62037
8,62036,1,1,0, 62037
9,62037,2,2,1, 62039
26,62037,3,3,1, 62040
24,62039,1,1,1, 62040
17,62039,3,3,1, 62042
8,62041,1,1,0, 62042
24,62044,1,1,1, 62045
30,62043,3,3,1, 62046
8,62046,1,1,0, 62047
8,62051,1,1,0, 62052
8,62056,1,1,1, 62057
8,62061,1,1,1, 62062
8,62066,1,1,0, 62067
8,62071,1,1,0, 62072
8,62076,1,1,0, 62077
8,62081,1,1,0, 62082
8,62086,1,1,0, 62087
8,62091,1,1,1, 62092
8,62096,1,1,1, 62097
8,62101,1,1,0, 62102
15,62101,2,2,1, 62103
22,62101,4,4,1, 62105
8,62106,1,1,0, 62107
15,62106,2,2,1, 62108
8,62111,1,1,1, 62112
8,62116,1,1,1, 62117
13,62114,4,4,1, 62118
15,62116,2,2,1, 62118
6,62115,2,4,1, 62119
16,62119,2,2,1, 62121
14,62119,3,3,1, 62122
8,62121,1,1,0, 62122
6,62120,2,4,1, 62124
16,62124,2,2,1, 62126
14,62124,3,3,1, 62127
1,62146,1,1,0, 62147
1,62151,1,1,1, 62152
24,62154,1,1,0, 62155
25,62155,2,2,1, 62157
1,62156,1,1,1, 62157
24,62159,1,1,0, 62160
25,62160,2,2,1, 62162
1,62161,1,1,1, 62162
24,62164,1,1,1, 62165
25,62165,2,2,1, 62167
1,62166,1,1,1, 62167
2,62168,2,2,1, 62170
24,62169,1,1,1, 62170
25,62170,2,2,1, 62172
1,62171,1,1,0, 62172
2,62173,2,2,1, 62175
24,62174,1,1,0, 62175
25,62175,2,2,1, 62177
1,62176,1,1,0, 62177
3,62177,3,3,1, 62180
2,62178,2,2,1, 62180
24,62179,1,1,1, 62180
1,62181,1,1,0, 62182
11,62179,4,4,1, 62183
3,62182,3,3,1, 62185
2,62183,2,2,1, 62185
24,62184,1,1,0, 62185
1,62186,1,1,0, 62187
3,62187,3,3,1, 62190
24,62189,1,1,1, 62190
24,62194,1,1,0, 62195
24,62199,1,1,1, 62200
24,62204,1,1,0, 62205
24,62209,1,1,0, 62210
24,62214,1,1,0, 62215
24,62219,1,1,1, 62220
24,62224,1,1,1, 62225
24,62229,1,1,1, 62230
23,62228,3,3,1, 62231
8,62231,1,1,0, 62232
24,62234,1,1,1, 62235
23,62233,3,3,1, 62236
8,62236,1,1,0, 62237
24,62239,1,1,1, 62240
23,62238,3,3,1, 62241
8,62241,1,1,0, 62242
24,62244,1,1,0, 62245
8,62246,1,1,1, 62247
24,62249,1,1,1, 62250
8,62251,1,1,0, 62252
24,62254,1,1,1, 62255
8,62256,1,1,0, 62257
24,62259,1,1,1, 62260
8,62261,1,1,0, 62262
24,62264,1,1,0, 62265
8,62266,1,1,1, 62267
24,62269,1,1,1, 62270
8,62271,1,1,1, 62272
15,62271,2,2,1, 62273
24,62274,1,1,0, 62275
8,62276,1,1,1, 62277
15,62276,2,2,1, 62278
31,62276,2,2,1, 62278
24,62279,1,1,1, 62280
30,62278,3,3,1, 62281
29,62278,4,4,1, 62282
8,62281,1,1,0, 62282
24,62284,1,1,0, 62285
30,62283,3,3,1, 62286
14,62284,3,3,1, 62287
8,62286,1,1,1, 62287
24,62289,1,1,0, 62290
8,62291,1,1,0, 62292
15,62291,2,2,1, 62293
31,62291,2,2,1, 62293
24,62294,1,1,0, 62295
1,62296,1,1,1, 62297
8,62296,1,1,1, 62297
31,62296,2,2,1, 62298
24,62299,1,1,0, 62300
30,62298,3,3,1, 62301
29,62298,4,4,1, 62302
25,62300,2,2,1, 62302
1,62301,1,1,0, 62302
8,62301,1,1,1, 62302
24,62304,1,1,0, 62305
30,62303,3,3,1, 62306
29,62303,4,4,1, 62307
25,62305,2,2,1, 62307
1,62306,1,1,0, 62307
8,62306,1,1,1, 62307
24,62309,1,1,1, 62310
29,62308,4,4,1, 62312
1,62311,1,1,0, 62312
8,62311,1,1,0, 62312
15,62311,2,2,1, 62313
9,62312,2,2,1, 62314
2,62313,2,2,1, 62315
1,62316,1,1,1, 62317
8,62316,1,1,1, 62317
2,62318,2,2,1, 62320
1,62321,1,1,1, 62322
8,62321,1,1,0, 62322
26,62322,3,3,1, 62325
2,62323,2,2,1, 62325
1,62326,1,1,0, 62327
8,62326,1,1,1, 62327
15,62326,2,2,1, 62328
26,62327,3,3,1, 62330
17,62329,3,3,1, 62332
25,62330,2,2,1, 62332
1,62331,1,1,0, 62332
8,62331,1,1,1, 62332
6,62330,2,4,1, 62334
18,62333,4,4,1, 62337
14,62334,3,3,1, 62337
17,62334,3,3,1, 62337
25,62335,2,2,1, 62337
1,62336,1,1,0, 62337
8,62336,1,1,1, 62337
13,62334,4,4,1, 62338
14,62339,3,3,1, 62342
1,62341,1,1,1, 62342
9,62342,2,2,1, 62344
24,62419,1,1,0, 62420
29,62418,4,4,1, 62422
24,62424,1,1,0, 62425
24,62429,1,1,0, 62430
24,62434,1,1,0, 62435
24,62439,1,1,1, 62440
24,62444,1,1,1, 62445
8,62446,1,1,1, 62447
24,62449,1,1,0, 62450
1,62451,1,1,1, 62452
8,62451,1,1,0, 62452
24,62454,1,1,0, 62455
16,62454,2,2,1, 62456
1,62456,1,1,0, 62457
8,62456,1,1,0, 62457
24,62459,1,1,0, 62460
16,62459,2,2,1, 62461
1,62461,1,1,1, 62462
8,62461,1,1,1, 62462
24,62464,1,1,1, 62465
16,62464,2,2,1, 62466
1,62466,1,1,0, 62467
8,62466,1,1,0, 62467
24,62469,1,1,0, 62470
1,62471,1,1,1, 62472
8,62471,1,1,1, 62472
24,62474,1,1,1, 62475
16,62474,2,2,1, 62476
1,62476,1,1,0, 62477
8,62476,1,1,0, 62477
2,62478,2,2,1, 62480
24,62479,1,1,0, 62480
16,62479,2,2,1, 62481
18,62478,4,4,1, 62482
1,62481,1,1,0, 62482
8,62481,1,1,0, 62482
24,62484,1,1,0, 62485
16,62484,2,2,1, 62486
18,62483,4,4,1, 62487
25,62485,2,2,1, 62487
1,62486,1,1,0, 62487
8,62486,1,1,1, 62487
15,62486,2,2,1, 62488
2,62488,2,2,1, 62490
24,62489,1,1,1, 62490
16,62489,2,2,1, 62491
1,62491,1,1,0, 62492
8,62491,1,1,0, 62492
6,62490,2,4,1, 62494
2,62493,2,2,1, 62495
24,62494,1,1,1, 62495
14,62494,3,3,1, 62497
1,62496,1,1,1, 62497
8,62496,1,1,1, 62497
15,62496,2,2,1, 62498
28,62494,5,5,1, 62499
4,62496,4,4,1, 62500
26,62497,3,3,1, 62500
2,62498,2,2,1, 62500
24,62499,1,1,0, 62500
16,62499,2,2,1, 62501
18,62498,4,4,1, 62502
25,62500,2,2,1, 62502
1,62501,1,1,1, 62502
4,62501,4,4,1, 62505
24,62504,1,1,0, 62505
24,62509,1,1,0, 62510
24,62514,1,1,1, 62515
24,62519,1,1,0, 62520
24,62524,1,1,1, 62525
30,62523,3,3,1, 62526
31,62526,2,2,1, 62528
24,62529,1,1,1, 62530
30,62528,3,3,1, 62531
24,62534,1,1,0, 62535
30,62533,3,3,1, 62536
31,62536,2,2,1, 62538
24,62539,1,1,0, 62540
24,62544,1,1,1, 62545
24,62549,1,1,0, 62550
30,62548,3,3,1, 62551
31,62551,2,2,1, 62553
24,62554,1,1,0, 62555
30,62553,3,3,1, 62556
31,62556,2,2,1, 62558
24,62559,1,1,1, 62560
30,62558,3,3,1, 62561
24,62564,1,1,0, 62565
29,62563,4,4,1, 62567
8,62606,1,1,1, 62607
17,62609,3,3,1, 62612
1,62611,1,1,0, 62612
8,62611,1,1,0, 62612
1,62616,1,1,0, 62617
8,62616,1,1,0, 62617
1,62621,1,1,0, 62622
8,62621,1,1,1, 62622
25,62625,2,2,1, 62627
1,62626,1,1,0, 62627
8,62626,1,1,1, 62627
2,62628,2,2,1, 62630
1,62631,1,1,1, 62632
8,62631,1,1,0, 62632
26,62632,3,3,1, 62635
2,62633,2,2,1, 62635
18,62633,4,4,1, 62637
1,62636,1,1,1, 62637
8,62636,1,1,0, 62637
15,62636,2,2,1, 62638
26,62637,3,3,1, 62640
18,62638,4,4,1, 62642
1,62641,1,1,1, 62642
8,62641,1,1,0, 62642
15,62641,2,2,1, 62643
2,62643,2,2,1, 62645
25,62645,2,2,1, 62647
1,62646,1,1,1, 62647
8,62646,1,1,1, 62647
15,62646,2,2,1, 62648
2,62648,2,2,1, 62650
16,62649,2,2,1, 62651
1,62651,1,1,0, 62652
8,62651,1,1,1, 62652
2,62653,2,2,1, 62655
25,62655,2,2,1, 62657
1,62656,1,1,1, 62657
8,62656,1,1,1, 62657
12,62655,5,5,1, 62660
8,62661,1,1,1, 62662
15,62661,2,2,1, 62663
16,62664,2,2,1, 62666
8,62666,1,1,0, 62667
8,62671,1,1,0, 62672
8,62676,1,1,0, 62677
13,62674,4,4,1, 62678
6,62675,2,4,1, 62679
24,62679,1,1,1, 62680
16,62679,2,2,1, 62681
14,62679,3,3,1, 62682
8,62681,1,1,0, 62682
13,62679,4,4,1, 62683
15,62681,2,2,1, 62683
24,62684,1,1,1, 62685
14,62684,3,3,1, 62687
8,62686,1,1,0, 62687
13,62684,4,4,1, 62688
31,62686,2,2,1, 62688
24,62689,1,1,1, 62690
31,62691,2,2,1, 62693
24,62694,1,1,0, 62695
24,62699,1,1,0, 62700
31,62701,2,2,1, 62703
24,62704,1,1,0, 62705
31,62706,2,2,1, 62708
24,62709,1,1,1, 62710
31,62711,2,2,1, 62713
24,62714,1,1,1, 62715
24,62719,1,1,0, 62720
24,62724,1,1,1, 62725
29,62723,4,4,1, 62727
24,62729,1,1,0, 62730
29,62728,4,4,1, 62732
31,62731,2,2,1, 62733
24,62734,1,1,0, 62735
29,62733,4,4,1, 62737
24,62739,1,1,1, 62740
29,62738,4,4,1, 62742
24,62744,1,1,1, 62745
24,62749,1,1,1, 62750
29,62748,4,4,1, 62752
31,62751,2,2,1, 62753
1,62766,1,1,1, 62767
1,62771,1,1,1, 62772
25,62775,2,2,1, 62777
1,62776,1,1,1, 62777
1,62781,1,1,0, 62782
9,62782,2,2,1, 62784
26,62782,3,3,1, 62785
25,62785,2,2,1, 62787
1,62786,1,1,0, 62787
26,62787,3,3,1, 62790
2,62788,2,2,1, 62790
25,62790,2,2,1, 62792
1,62791,1,1,0, 62792
26,62792,3,3,1, 62795
25,62795,2,2,1, 62797
1,62796,1,1,1, 62797
8,62796,1,1,1, 62797
2,62798,2,2,1, 62800
18,62798,4,4,1, 62802
1,62801,1,1,0, 62802
8,62801,1,1,1, 62802
9,62802,2,2,1, 62804
26,62802,3,3,1, 62805
2,62803,2,2,1, 62805
1,62806,1,1,1, 62807
8,62806,1,1,1, 62807
25,62810,2,2,1, 62812
8,62811,1,1,0, 62812
8,62816,1,1,0, 62817
15,62816,2,2,1, 62818
8,62821,1,1,0, 62822
8,62826,1,1,0, 62827
15,62826,2,2,1, 62828
14,62829,3,3,1, 62832
8,62831,1,1,0, 62832
15,62831,2,2,1, 62833
8,62836,1,1,0, 62837
15,62836,2,2,1, 62838
14,62839,3,3,1, 62842
8,62841,1,1,0, 62842
15,62841,2,2,1, 62843
8,62846,1,1,0, 62847
8,62851,1,1,0, 62852
15,62851,2,2,1, 62853
8,62856,1,1,0, 62857
15,62856,2,2,1, 62858
24,62859,1,1,1, 62860
8,62861,1,1,1, 62862
15,62861,2,2,1, 62863
24,62864,1,1,0, 62865
16,62864,2,2,1, 62866
8,62866,1,1,1, 62867
13,62864,4,4,1, 62868
24,62869,1,1,0, 62870
24,62874,1,1,0, 62875
24,62879,1,1,1, 62880
24,62884,1,1,0, 62885
24,62889,1,1,1, 62890
24,62894,1,1,0, 62895
24,62899,1,1,1, 62900
24,62904,1,1,0, 62905
24,62909,1,1,1, 62910
24,62914,1,1,0, 62915
17,62914,3,3,1, 62917
25,62915,2,2,1, 62917
1,62916,1,1,1, 62917
9,62917,2,2,1, 62919
24,62919,1,1,1, 62920
1,62921,1,1,0, 62922
31,62921,2,2,1, 62923
24,62924,1,1,1, 62925
17,62924,3,3,1, 62927
1,62926,1,1,1, 62927
31,62926,2,2,1, 62928
24,62929,1,1,1, 62930
30,62928,3,3,1, 62931
1,62931,1,1,1, 62932
31,62931,2,2,1, 62933
26,62932,3,3,1, 62935
2,62933,2,2,1, 62935
24,62934,1,1,0, 62935
30,62933,3,3,1, 62936
25,62935,2,2,1, 62937
1,62936,1,1,1, 62937
31,62936,2,2,1, 62938
2,62938,2,2,1, 62940
24,62939,1,1,0, 62940
30,62938,3,3,1, 62941
18,62938,4,4,1, 62942
29,62938,4,4,1, 62942
1,62941,1,1,0, 62942
26,62942,3,3,1, 62945
24,62944,1,1,1, 62945
30,62943,3,3,1, 62946
18,62943,4,4,1, 62947
1,62946,1,1,0, 62947
24,62949,1,1,1, 62950
18,62948,4,4,1, 62952
29,62948,4,4,1, 62952
1,62951,1,1,0, 62952
3,62952,3,3,1, 62955
2,62953,2,2,1, 62955
18,62953,4,4,1, 62957
16,62974,2,2,1, 62976
8,62976,1,1,1, 62977
23,62978,3,3,1, 62981
8,62981,1,1,0, 62982
23,62983,3,3,1, 62986
16,62984,2,2,1, 62986
8,62986,1,1,0, 62987
23,62988,3,3,1, 62991
8,62991,1,1,1, 62992
8,62996,1,1,0, 62997
22,62996,4,4,1, 63000
23,62998,3,3,1, 63001
8,63001,1,1,1, 63002
22,63001,4,4,1, 63005
8,63006,1,1,1, 63007
22,63006,4,4,1, 63010
8,63011,1,1,1, 63012
8,63016,1,1,1, 63017
15,63016,2,2,1, 63018
8,63021,1,1,1, 63022
8,63026,1,1,0, 63027
8,63031,1,1,0, 63032
15,63031,2,2,1, 63033
6,63030,2,4,1, 63034
8,63036,1,1,1, 63037
13,63034,4,4,1, 63038
24,63054,1,1,1, 63055
24,63059,1,1,1, 63060
1,63061,1,1,0, 63062
24,63064,1,1,0, 63065
25,63065,2,2,1, 63067
1,63066,1,1,1, 63067
24,63069,1,1,0, 63070
17,63069,3,3,1, 63072
1,63071,1,1,1, 63072
9,63072,2,2,1, 63074
24,63074,1,1,0, 63075
1,63076,1,1,1, 63077
9,63077,2,2,1, 63079
24,63079,1,1,0, 63080
30,63078,3,3,1, 63081
17,63079,3,3,1, 63082
1,63081,1,1,0, 63082
31,63081,2,2,1, 63083
9,63082,2,2,1, 63084
24,63084,1,1,0, 63085
30,63083,3,3,1, 63086
25,63085,2,2,1, 63087
1,63086,1,1,1, 63087
9,63087,2,2,1, 63089
2,63088,2,2,1, 63090
24,63089,1,1,1, 63090
30,63088,3,3,1, 63091
17,63089,3,3,1, 63092
25,63090,2,2,1, 63092
1,63091,1,1,0, 63092
24,63094,1,1,1, 63095
17,63094,3,3,1, 63097
25,63095,2,2,1, 63097
1,63096,1,1,1, 63097
24,63099,1,1,1, 63100
25,63100,2,2,1, 63102
24,63104,1,1,1, 63105
24,63109,1,1,0, 63110
31,63111,2,2,1, 63113
24,63114,1,1,0, 63115
30,63113,3,3,1, 63116
29,63113,4,4,1, 63117
31,63116,2,2,1, 63118
24,63119,1,1,1, 63120
30,63118,3,3,1, 63121
29,63118,4,4,1, 63122
8,63146,1,1,0, 63147
16,63149,2,2,1, 63151
8,63151,1,1,1, 63152
8,63156,1,1,1, 63157
8,63161,1,1,0, 63162
8,63166,1,1,1, 63167
8,63171,1,1,1, 63172
14,63174,3,3,1, 63177
8,63176,1,1,0, 63177
13,63174,4,4,1, 63178
15,63176,2,2,1, 63178
6,63175,2,4,1, 63179
22,63176,4,4,1, 63180
16,63179,2,2,1, 63181
8,63181,1,1,0, 63182
13,63179,4,4,1, 63183
15,63181,2,2,1, 63183
16,63184,2,2,1, 63186
8,63186,1,1,0, 63187
15,63186,2,2,1, 63188
6,63185,2,4,1, 63189
16,63189,2,2,1, 63191
1,63206,1,1,0, 63207
1,63211,1,1,1, 63212
1,63216,1,1,1, 63217
1,63221,1,1,1, 63222
24,63224,1,1,0, 63225
1,63226,1,1,1, 63227
24,63229,1,1,1, 63230
25,63230,2,2,1, 63232
1,63231,1,1,0, 63232
24,63234,1,1,1, 63235
29,63233,4,4,1, 63237
25,63235,2,2,1, 63237
1,63236,1,1,0, 63237
31,63236,2,2,1, 63238
24,63239,1,1,0, 63240
29,63238,4,4,1, 63242
1,63241,1,1,1, 63242
24,63244,1,1,1, 63245
25,63245,2,2,1, 63247
1,63246,1,1,0, 63247
24,63249,1,1,1, 63250
17,63249,3,3,1, 63252
25,63250,2,2,1, 63252
1,63251,1,1,1, 63252
24,63254,1,1,0, 63255
17,63254,3,3,1, 63257
1,63256,1,1,0, 63257
9,63257,2,2,1, 63259
24,63259,1,1,1, 63260
17,63259,3,3,1, 63262
25,63260,2,2,1, 63262
1,63261,1,1,1, 63262
9,63262,2,2,1, 63264
24,63264,1,1,0, 63265
17,63264,3,3,1, 63267
1,63266,1,1,0, 63267
9,63267,2,2,1, 63269
24,63269,1,1,0, 63270
17,63269,3,3,1, 63272
25,63270,2,2,1, 63272
24,63274,1,1,0, 63275
24,63279,1,1,0, 63280
24,63284,1,1,1, 63285
24,63289,1,1,0, 63290
24,63294,1,1,0, 63295
8,63296,1,1,0, 63297
24,63299,1,1,0, 63300
8,63301,1,1,1, 63302
24,63304,1,1,0, 63305
8,63306,1,1,0, 63307
24,63309,1,1,1, 63310
8,63311,1,1,1, 63312
15,63311,2,2,1, 63313
24,63314,1,1,0, 63315
8,63316,1,1,0, 63317
24,63319,1,1,0, 63320
8,63321,1,1,1, 63322
15,63321,2,2,1, 63323
24,63324,1,1,0, 63325
8,63326,1,1,0, 63327
15,63326,2,2,1, 63328
24,63329,1,1,0, 63330
8,63331,1,1,0, 63332
24,63334,1,1,1, 63335
14,63334,3,3,1, 63337
8,63336,1,1,1, 63337
24,63339,1,1,0, 63340
14,63339,3,3,1, 63342
8,63341,1,1,0, 63342
15,63341,2,2,1, 63343
24,63344,1,1,0, 63345
16,63344,2,2,1, 63346
8,63346,1,1,1, 63347
15,63346,2,2,1, 63348
31,63346,2,2,1, 63348
24,63349,1,1,1, 63350
16,63349,2,2,1, 63351
14,63349,3,3,1, 63352
8,63351,1,1,0, 63352
15,63351,2,2,1, 63353
31,63351,2,2,1, 63353
24,63354,1,1,0, 63355
16,63354,2,2,1, 63356
14,63354,3,3,1, 63357
8,63356,1,1,0, 63357
31,63356,2,2,1, 63358
24,63359,1,1,1, 63360
16,63359,2,2,1, 63361
24,63364,1,1,0, 63365
24,63369,1,1,1, 63370
31,63371,2,2,1, 63373
24,63374,1,1,1, 63375
1,63376,1,1,0, 63377
9,63377,2,2,1, 63379
24,63379,1,1,0, 63380
1,63381,1,1,1, 63382
24,63384,1,1,0, 63385
1,63386,1,1,0, 63387
9,63387,2,2,1, 63389
24,63389,1,1,0, 63390
25,63390,2,2,1, 63392
1,63391,1,1,0, 63392
24,63394,1,1,0, 63395
25,63395,2,2,1, 63397
1,63396,1,1,1, 63397
31,63396,2,2,1, 63398
24,63399,1,1,1, 63400
25,63400,2,2,1, 63402
1,63401,1,1,0, 63402
24,63404,1,1,1, 63405
17,63404,3,3,1, 63407
25,63405,2,2,1, 63407
1,63406,1,1,0, 63407
31,63406,2,2,1, 63408
24,63409,1,1,0, 63410
1,63411,1,1,1, 63412
31,63411,2,2,1, 63413
17,63414,3,3,1, 63417
25,63415,2,2,1, 63417
1,63416,1,1,0, 63417
9,63417,2,2,1, 63419
17,63419,3,3,1, 63422
25,63420,2,2,1, 63422
1,63421,1,1,1, 63422
25,63425,2,2,1, 63427
1,63426,1,1,1, 63427
25,63430,2,2,1, 63432
1,63431,1,1,0, 63432
1,63436,1,1,0, 63437
25,63440,2,2,1, 63442
16,63469,2,2,1, 63471
8,63471,1,1,0, 63472
22,63471,4,4,1, 63475
8,63476,1,1,1, 63477
8,63481,1,1,0, 63482
8,63486,1,1,0, 63487
8,63491,1,1,1, 63492
8,63496,1,1,1, 63497
8,63501,1,1,0, 63502
8,63506,1,1,1, 63507
8,63511,1,1,1, 63512
15,63511,2,2,1, 63513
8,63516,1,1,1, 63517
15,63516,2,2,1, 63518
24,63519,1,1,1, 63520
8,63521,1,1,0, 63522
15,63521,2,2,1, 63523
24,63524,1,1,1, 63525
8,63526,1,1,1, 63527
24,63529,1,1,1, 63530
8,63531,1,1,1, 63532
15,63531,2,2,1, 63533
6,63530,2,4,1, 63534
24,63534,1,1,1, 63535
8,63536,1,1,1, 63537
13,63534,4,4,1, 63538
15,63536,2,2,1, 63538
6,63535,2,4,1, 63539
24,63539,1,1,0, 63540
14,63539,3,3,1, 63542
8,63541,1,1,0, 63542
24,63544,1,1,0, 63545
14,63544,3,3,1, 63547
1,63546,1,1,1, 63547
24,63549,1,1,0, 63550
17,63549,3,3,1, 63552
25,63550,2,2,1, 63552
1,63551,1,1,1, 63552
24,63554,1,1,1, 63555
17,63554,3,3,1, 63557
1,63556,1,1,1, 63557
9,63557,2,2,1, 63559
24,63559,1,1,0, 63560
25,63560,2,2,1, 63562
1,63561,1,1,0, 63562
9,63562,2,2,1, 63564
24,63564,1,1,0, 63565
17,63564,3,3,1, 63567
1,63566,1,1,0, 63567
24,63569,1,1,0, 63570
1,63571,1,1,0, 63572
24,63574,1,1,0, 63575
25,63575,2,2,1, 63577
1,63576,1,1,0, 63577
31,63576,2,2,1, 63578
24,63579,1,1,1, 63580
17,63579,3,3,1, 63582
1,63581,1,1,1, 63582
24,63584,1,1,1, 63585
17,63584,3,3,1, 63587
1,63586,1,1,1, 63587
24,63589,1,1,1, 63590
17,63589,3,3,1, 63592
25,63590,2,2,1, 63592
1,63591,1,1,0, 63592
31,63591,2,2,1, 63593
24,63594,1,1,1, 63595
1,63596,1,1,1, 63597
31,63596,2,2,1, 63598
9,63597,2,2,1, 63599
24,63599,1,1,0, 63600
17,63599,3,3,1, 63602
24,63604,1,1,0, 63605
31,63606,2,2,1, 63608
24,63609,1,1,0, 63610
24,63614,1,1,0, 63615
24,63619,1,1,0, 63620
24,63624,1,1,1, 63625
31,63626,2,2,1, 63628
24,63629,1,1,1, 63630
24,63634,1,1,1, 63635
31,63636,2,2,1, 63638
24,63639,1,1,1, 63640
31,63641,2,2,1, 63643
24,63644,1,1,1, 63645
30,63643,3,3,1, 63646
29,63643,4,4,1, 63647
24,63649,1,1,1, 63650
30,63648,3,3,1, 63651
16,63649,2,2,1, 63651
8,63651,1,1,1, 63652
8,63656,1,1,0, 63657
8,63661,1,1,0, 63662
8,63666,1,1,1, 63667
8,63671,1,1,0, 63672
16,63674,2,2,1, 63676
8,63676,1,1,1, 63677
8,63681,1,1,0, 63682
16,63684,2,2,1, 63686
8,63686,1,1,1, 63687
16,63689,2,2,1, 63691
8,63691,1,1,1, 63692
15,63691,2,2,1, 63693
16,63694,2,2,1, 63696
8,63696,1,1,0, 63697
15,63696,2,2,1, 63698
8,63701,1,1,0, 63702
15,63701,2,2,1, 63703
25,63705,2,2,1, 63707
1,63706,1,1,1, 63707
8,63706,1,1,0, 63707
13,63704,4,4,1, 63708
6,63705,2,4,1, 63709
16,63709,2,2,1, 63711
14,63709,3,3,1, 63712
1,63711,1,1,0, 63712
8,63711,1,1,1, 63712
13,63709,4,4,1, 63713
1,63716,1,1,0, 63717
25,63720,2,2,1, 63722
1,63721,1,1,0, 63722
1,63726,1,1,0, 63727
1,63731,1,1,1, 63732
1,63736,1,1,0, 63737
1,63741,1,1,1, 63742
17,63744,3,3,1, 63747
1,63746,1,1,1, 63747
17,63749,3,3,1, 63752
1,63751,1,1,0, 63752
9,63752,2,2,1, 63754
24,63754,1,1,0, 63755
1,63756,1,1,0, 63757
24,63759,1,1,0, 63760
1,63761,1,1,0, 63762
9,63762,2,2,1, 63764
24,63764,1,1,1, 63765
1,63766,1,1,0, 63767
2,63768,2,2,1, 63770
24,63769,1,1,1, 63770
1,63771,1,1,0, 63772
9,63772,2,2,1, 63774
2,63773,2,2,1, 63775
24,63774,1,1,0, 63775
1,63776,1,1,1, 63777
24,63779,1,1,0, 63780
19,63776,5,5,1, 63781
17,63779,3,3,1, 63782
1,63781,1,1,0, 63782
3,63782,3,3,1, 63785
24,63784,1,1,0, 63785
24,63789,1,1,0, 63790
24,63794,1,1,0, 63795
24,63799,1,1,1, 63800
24,63804,1,1,0, 63805
24,63809,1,1,1, 63810
24,63814,1,1,0, 63815
24,63819,1,1,0, 63820
8,63821,1,1,1, 63822
24,63824,1,1,1, 63825
8,63826,1,1,1, 63827
24,63829,1,1,1, 63830
8,63831,1,1,0, 63832
24,63834,1,1,1, 63835
8,63836,1,1,0, 63837
31,63836,2,2,1, 63838
24,63839,1,1,0, 63840
8,63841,1,1,0, 63842
24,63844,1,1,1, 63845
8,63846,1,1,0, 63847
24,63849,1,1,1, 63850
8,63851,1,1,0, 63852
31,63851,2,2,1, 63853
24,63854,1,1,0, 63855
8,63856,1,1,1, 63857
31,63856,2,2,1, 63858
24,63859,1,1,1, 63860
16,63859,2,2,1, 63861
8,63861,1,1,0, 63862
24,63864,1,1,1, 63865
30,63863,3,3,1, 63866
16,63864,2,2,1, 63866
8,63866,1,1,0, 63867
15,63866,2,2,1, 63868
31,63866,2,2,1, 63868
24,63869,1,1,0, 63870
16,63869,2,2,1, 63871
14,63869,3,3,1, 63872
8,63871,1,1,0, 63872
15,63871,2,2,1, 63873
24,63874,1,1,1, 63875
30,63873,3,3,1, 63876
29,63873,4,4,1, 63877
8,63876,1,1,0, 63877
24,63879,1,1,1, 63880
16,63879,2,2,1, 63881
29,63878,4,4,1, 63882
14,63879,3,3,1, 63882
8,63881,1,1,1, 63882
13,63879,4,4,1, 63883
24,63884,1,1,1, 63885
30,63883,3,3,1, 63886
16,63884,2,2,1, 63886
14,63884,3,3,1, 63887
8,63886,1,1,0, 63887
13,63884,4,4,1, 63888
15,63886,2,2,1, 63888
24,63889,1,1,0, 63890
30,63888,3,3,1, 63891
25,63890,2,2,1, 63892
1,63891,1,1,1, 63892
25,63895,2,2,1, 63897
1,63896,1,1,1, 63897
9,63897,2,2,1, 63899
1,63901,1,1,0, 63902
25,63905,2,2,1, 63907
1,63906,1,1,0, 63907
25,63910,2,2,1, 63912
1,63911,1,1,1, 63912
25,63915,2,2,1, 63917
1,63916,1,1,1, 63917
1,63921,1,1,0, 63922
25,63925,2,2,1, 63927
1,63926,1,1,1, 63927
2,63928,2,2,1, 63930
1,63931,1,1,0, 63932
26,63932,3,3,1, 63935
1,63936,1,1,0, 63937
3,63937,3,3,1, 63940
1,63941,1,1,1, 63942
26,63942,3,3,1, 63945
2,63943,2,2,1, 63945
25,63945,2,2,1, 63947
1,63946,1,1,0, 63947
11,63944,4,4,1, 63948
8,63996,1,1,0, 63997
22,63996,4,4,1, 64000
24,63999,1,1,1, 64000
23,63998,3,3,1, 64001
16,63999,2,2,1, 64001
8,64001,1,1,0, 64002
24,64004,1,1,1, 64005
23,64003,3,3,1, 64006
16,64004,2,2,1, 64006
8,64006,1,1,0, 64007
24,64009,1,1,1, 64010
23,64008,3,3,1, 64011
16,64009,2,2,1, 64011
8,64011,1,1,0, 64012
22,64011,4,4,1, 64015
24,64014,1,1,1, 64015
8,64016,1,1,1, 64017
24,64019,1,1,1, 64020
23,64018,3,3,1, 64021
8,64021,1,1,0, 64022
31,64021,2,2,1, 64023
24,64024,1,1,0, 64025
8,64026,1,1,0, 64027
31,64026,2,2,1, 64028
24,64029,1,1,1, 64030
8,64031,1,1,1, 64032
31,64031,2,2,1, 64033
24,64034,1,1,0, 64035
8,64036,1,1,0, 64037
15,64036,2,2,1, 64038
24,64039,1,1,0, 64040
8,64041,1,1,0, 64042
15,64041,2,2,1, 64043
31,64041,2,2,1, 64043
24,64044,1,1,0, 64045
8,64046,1,1,1, 64047
15,64046,2,2,1, 64048
24,64049,1,1,1, 64050
8,64051,1,1,0, 64052
15,64051,2,2,1, 64053
24,64054,1,1,0, 64055
1,64056,1,1,1, 64057
31,64056,2,2,1, 64058
24,64059,1,1,0, 64060
17,64059,3,3,1, 64062
25,64060,2,2,1, 64062
1,64061,1,1,0, 64062
31,64061,2,2,1, 64063
9,64062,2,2,1, 64064
24,64064,1,1,0, 64065
17,64064,3,3,1, 64067
1,64066,1,1,0, 64067
31,64066,2,2,1, 64068
26,64067,3,3,1, 64070
24,64069,1,1,1, 64070
18,64068,4,4,1, 64072
29,64068,4,4,1, 64072
1,64071,1,1,0, 64072
26,64072,3,3,1, 64075
24,64074,1,1,1, 64075
30,64073,3,3,1, 64076
25,64075,2,2,1, 64077
1,64076,1,1,1, 64077
3,64077,3,3,1, 64080
2,64078,2,2,1, 64080
24,64079,1,1,0, 64080
19,64076,5,5,1, 64081
30,64078,3,3,1, 64081
29,64078,4,4,1, 64082
25,64080,2,2,1, 64082
1,64081,1,1,0, 64082
31,64081,2,2,1, 64083
3,64082,3,3,1, 64085
18,64083,4,4,1, 64087
8,64161,1,1,1, 64162
16,64164,2,2,1, 64166
8,64166,1,1,0, 64167
8,64171,1,1,1, 64172
23,64173,3,3,1, 64176
16,64174,2,2,1, 64176
8,64176,1,1,1, 64177
8,64181,1,1,0, 64182
23,64183,3,3,1, 64186
8,64186,1,1,0, 64187
24,64189,1,1,1, 64190
23,64188,3,3,1, 64191
1,64191,1,1,0, 64192
8,64191,1,1,0, 64192
9,64192,2,2,1, 64194
24,64194,1,1,0, 64195
17,64194,3,3,1, 64197
1,64196,1,1,1, 64197
8,64196,1,1,1, 64197
9,64197,2,2,1, 64199
24,64199,1,1,1, 64200
23,64198,3,3,1, 64201
17,64199,3,3,1, 64202
1,64201,1,1,0, 64202
8,64201,1,1,0, 64202
24,64204,1,1,0, 64205
17,64204,3,3,1, 64207
25,64205,2,2,1, 64207
1,64206,1,1,0, 64207
8,64206,1,1,1, 64207
9,64207,2,2,1, 64209
24,64209,1,1,0, 64210
23,64208,3,3,1, 64211
17,64209,3,3,1, 64212
1,64211,1,1,0, 64212
8,64211,1,1,0, 64212
24,64214,1,1,0, 64215
17,64214,3,3,1, 64217
1,64216,1,1,0, 64217
8,64216,1,1,1, 64217
9,64217,2,2,1, 64219
24,64219,1,1,0, 64220
17,64219,3,3,1, 64222
1,64221,1,1,0, 64222
8,64221,1,1,0, 64222
9,64222,2,2,1, 64224
2,64223,2,2,1, 64225
24,64224,1,1,0, 64225
16,64224,2,2,1, 64226
17,64224,3,3,1, 64227
8,64226,1,1,0, 64227
15,64226,2,2,1, 64228
24,64229,1,1,1, 64230
23,64228,3,3,1, 64231
8,64231,1,1,1, 64232
13,64229,4,4,1, 64233
15,64231,2,2,1, 64233
6,64230,2,4,1, 64234
24,64234,1,1,1, 64235
24,64239,1,1,0, 64240
24,64244,1,1,1, 64245
24,64249,1,1,1, 64250
24,64254,1,1,0, 64255
24,64259,1,1,1, 64260
24,64264,1,1,1, 64265
24,64269,1,1,0, 64270
24,64274,1,1,1, 64275
31,64276,2,2,1, 64278
24,64279,1,1,1, 64280
31,64281,2,2,1, 64283
24,64284,1,1,0, 64285
24,64289,1,1,1, 64290
31,64291,2,2,1, 64293
24,64294,1,1,0, 64295
31,64296,2,2,1, 64298
24,64299,1,1,1, 64300
24,64304,1,1,1, 64305
31,64306,2,2,1, 64308
24,64309,1,1,1, 64310
24,64314,1,1,0, 64315
24,64319,1,1,1, 64320
24,64324,1,1,0, 64325
24,64329,1,1,0, 64330
24,64334,1,1,0, 64335
1,64336,1,1,0, 64337
31,64336,2,2,1, 64338
24,64339,1,1,0, 64340
1,64341,1,1,0, 64342
8,64341,1,1,1, 64342
31,64341,2,2,1, 64343
24,64344,1,1,0, 64345
1,64346,1,1,0, 64347
8,64346,1,1,0, 64347
24,64349,1,1,1, 64350
1,64351,1,1,1, 64352
8,64351,1,1,1, 64352
31,64351,2,2,1, 64353
24,64354,1,1,0, 64355
30,64353,3,3,1, 64356
1,64356,1,1,0, 64357
8,64356,1,1,0, 64357
1,64361,1,1,0, 64362
8,64361,1,1,1, 64362
26,64362,3,3,1, 64365
2,64363,2,2,1, 64365
1,64366,1,1,1, 64367
8,64366,1,1,1, 64367
26,64367,3,3,1, 64370
18,64368,4,4,1, 64372
1,64371,1,1,0, 64372
8,64371,1,1,0, 64372
9,64372,2,2,1, 64374
26,64372,3,3,1, 64375
16,64374,2,2,1, 64376
17,64374,3,3,1, 64377
1,64376,1,1,0, 64377
8,64376,1,1,0, 64377
9,64377,2,2,1, 64379
1,64381,1,1,1, 64382
8,64381,1,1,1, 64382
11,64379,4,4,1, 64383
13,64379,4,4,1, 64383
9,64382,2,2,1, 64384
3,64382,3,3,1, 64385
26,64382,3,3,1, 64385
1,64386,1,1,1, 64387
8,64386,1,1,1, 64387
15,64386,2,2,1, 64388
6,64385,2,4,1, 64389
9,64387,2,2,1, 64389
8,64391,1,1,0, 64392
13,64389,4,4,1, 64393
15,64391,2,2,1, 64393
6,64390,2,4,1, 64394
16,64394,2,2,1, 64396
8,64396,1,1,0, 64397
15,64396,2,2,1, 64398
6,64395,2,4,1, 64399
16,64399,2,2,1, 64401
14,64399,3,3,1, 64402
8,64401,1,1,0, 64402
13,64399,4,4,1, 64403
24,64459,1,1,0, 64460
24,64464,1,1,0, 64465
24,64469,1,1,0, 64470
24,64474,1,1,0, 64475
24,64479,1,1,0, 64480
24,64484,1,1,1, 64485
24,64489,1,1,0, 64490
31,64491,2,2,1, 64493
24,64494,1,1,1, 64495
25,64495,2,2,1, 64497
1,64496,1,1,1, 64497
24,64499,1,1,0, 64500
17,64499,3,3,1, 64502
25,64500,2,2,1, 64502
1,64501,1,1,1, 64502
31,64501,2,2,1, 64503
24,64504,1,1,1, 64505
1,64506,1,1,0, 64507
31,64506,2,2,1, 64508
24,64509,1,1,0, 64510
17,64509,3,3,1, 64512
1,64511,1,1,1, 64512
8,64511,1,1,0, 64512
31,64511,2,2,1, 64513
2,64513,2,2,1, 64515
24,64514,1,1,0, 64515
18,64513,4,4,1, 64517
25,64515,2,2,1, 64517
1,64516,1,1,0, 64517
8,64516,1,1,1, 64517
31,64516,2,2,1, 64518
9,64517,2,2,1, 64519
2,64518,2,2,1, 64520
24,64519,1,1,1, 64520
18,64518,4,4,1, 64522
17,64519,3,3,1, 64522
25,64520,2,2,1, 64522
1,64521,1,1,1, 64522
8,64521,1,1,0, 64522
24,64524,1,1,0, 64525
18,64523,4,4,1, 64527
17,64524,3,3,1, 64527
8,64526,1,1,0, 64527
24,64529,1,1,1, 64530
8,64531,1,1,1, 64532
6,64530,2,4,1, 64534
24,64534,1,1,0, 64535
8,64536,1,1,1, 64537
24,64539,1,1,0, 64540
14,64539,3,3,1, 64542
8,64541,1,1,0, 64542
31,64541,2,2,1, 64543
6,64540,2,4,1, 64544
24,64544,1,1,0, 64545
14,64544,3,3,1, 64547
8,64546,1,1,1, 64547
6,64545,2,4,1, 64549
24,64549,1,1,0, 64550
8,64551,1,1,1, 64552
13,64549,4,4,1, 64553
15,64551,2,2,1, 64553
31,64551,2,2,1, 64553
6,64550,2,4,1, 64554
24,64554,1,1,1, 64555
29,64553,4,4,1, 64557
8,64556,1,1,1, 64557
13,64554,4,4,1, 64558
6,64555,2,4,1, 64559
24,64559,1,1,1, 64560
29,64558,4,4,1, 64562
8,64561,1,1,1, 64562
24,64564,1,1,0, 64565
30,64563,3,3,1, 64566
29,64563,4,4,1, 64567
8,64566,1,1,0, 64567
13,64564,4,4,1, 64568
15,64566,2,2,1, 64568
6,64565,2,4,1, 64569
8,64571,1,1,0, 64572
13,64569,4,4,1, 64573
25,64630,2,2,1, 64632
1,64631,1,1,0, 64632
25,64635,2,2,1, 64637
1,64636,1,1,1, 64637
25,64640,2,2,1, 64642
1,64641,1,1,0, 64642
1,64646,1,1,0, 64647
1,64651,1,1,1, 64652
1,64656,1,1,0, 64657
25,64660,2,2,1, 64662
1,64661,1,1,0, 64662
1,64666,1,1,1, 64667
25,64670,2,2,1, 64672
1,64671,1,1,1, 64672
2,64673,2,2,1, 64675
24,64674,1,1,0, 64675
1,64676,1,1,0, 64677
2,64678,2,2,1, 64680
24,64679,1,1,1, 64680
1,64681,1,1,0, 64682
8,64681,1,1,1, 64682
13,64679,4,4,1, 64683
6,64680,2,4,1, 64684
22,64681,4,4,1, 64685
24,64684,1,1,1, 64685
14,64684,3,3,1, 64687
17,64684,3,3,1, 64687
1,64686,1,1,0, 64687
8,64686,1,1,0, 64687
13,64684,4,4,1, 64688
6,64685,2,4,1, 64689
9,64687,2,2,1, 64689
26,64687,3,3,1, 64690
24,64689,1,1,1, 64690
1,64691,1,1,0, 64692
8,64691,1,1,1, 64692
13,64689,4,4,1, 64693
15,64691,2,2,1, 64693
6,64690,2,4,1, 64694
9,64692,2,2,1, 64694
22,64691,4,4,1, 64695
26,64692,3,3,1, 64695
24,64694,1,1,1, 64695
16,64694,2,2,1, 64696
17,64694,3,3,1, 64697
25,64695,2,2,1, 64697
8,64696,1,1,0, 64697
13,64694,4,4,1, 64698
15,64696,2,2,1, 64698
6,64695,2,4,1, 64699
24,64699,1,1,0, 64700
24,64704,1,1,0, 64705
30,64703,3,3,1, 64706
24,64709,1,1,0, 64710
30,64708,3,3,1, 64711
24,64714,1,1,1, 64715
31,64716,2,2,1, 64718
24,64719,1,1,1, 64720
30,64718,3,3,1, 64721
31,64721,2,2,1, 64723
24,64724,1,1,1, 64725
24,64729,1,1,1, 64730
24,64734,1,1,0, 64735
29,64733,4,4,1, 64737
24,64739,1,1,1, 64740
30,64738,3,3,1, 64741
29,64738,4,4,1, 64742
24,64744,1,1,1, 64745
24,64749,1,1,0, 64750
24,64754,1,1,0, 64755
24,64759,1,1,1, 64760
31,64761,2,2,1, 64763
24,64764,1,1,0, 64765
31,64766,2,2,1, 64768
24,64769,1,1,0, 64770
31,64771,2,2,1, 64773
25,64805,2,2,1, 64807
1,64806,1,1,1, 64807
8,64806,1,1,1, 64807
1,64811,1,1,0, 64812
8,64811,1,1,0, 64812
16,64814,2,2,1, 64816
1,64816,1,1,0, 64817
8,64816,1,1,0, 64817
1,64821,1,1,1, 64822
8,64821,1,1,1, 64822
15,64821,2,2,1, 64823
16,64824,2,2,1, 64826
1,64826,1,1,0, 64827
8,64826,1,1,0, 64827
1,64831,1,1,0, 64832
8,64831,1,1,0, 64832
16,64834,2,2,1, 64836
1,64836,1,1,0, 64837
8,64836,1,1,1, 64837
1,64841,1,1,1, 64842
8,64841,1,1,1, 64842
15,64841,2,2,1, 64843
16,64844,2,2,1, 64846
14,64844,3,3,1, 64847
25,64845,2,2,1, 64847
1,64846,1,1,0, 64847
8,64846,1,1,1, 64847
23,64848,3,3,1, 64851
25,64850,2,2,1, 64852
1,64851,1,1,1, 64852
8,64851,1,1,0, 64852
13,64849,4,4,1, 64853
15,64851,2,2,1, 64853
23,64853,3,3,1, 64856
14,64854,3,3,1, 64857
25,64855,2,2,1, 64857
1,64856,1,1,0, 64857
8,64856,1,1,1, 64857
13,64854,4,4,1, 64858
15,64856,2,2,1, 64858
26,64857,3,3,1, 64860
2,64858,2,2,1, 64860
16,64859,2,2,1, 64861
18,64858,4,4,1, 64862
1,64861,1,1,1, 64862
26,64862,3,3,1, 64865
2,64863,2,2,1, 64865
18,64863,4,4,1, 64867
1,64866,1,1,1, 64867
26,64867,3,3,1, 64870
1,64871,1,1,0, 64872
1,64876,1,1,0, 64877
24,64879,1,1,0, 64880
1,64881,1,1,1, 64882
26,64882,3,3,1, 64885
24,64884,1,1,1, 64885
18,64883,4,4,1, 64887
17,64884,3,3,1, 64887
1,64886,1,1,0, 64887
26,64887,3,3,1, 64890
24,64889,1,1,0, 64890
24,64894,1,1,1, 64895
24,64899,1,1,1, 64900
24,64904,1,1,1, 64905
24,64909,1,1,1, 64910
24,64914,1,1,0, 64915
24,64919,1,1,1, 64920
24,64924,1,1,0, 64925
24,64929,1,1,1, 64930
24,64934,1,1,0, 64935
24,64939,1,1,0, 64940
24,64944,1,1,0, 64945
24,64949,1,1,1, 64950
24,64954,1,1,0, 64955
24,64959,1,1,0, 64960
24,64964,1,1,0, 64965
8,64966,1,1,0, 64967
24,64969,1,1,1, 64970
8,64971,1,1,1, 64972
24,64974,1,1,1, 64975
8,64976,1,1,1, 64977
31,64976,2,2,1, 64978
24,64979,1,1,1, 64980
8,64981,1,1,1, 64982
31,64981,2,2,1, 64983
24,64984,1,1,0, 64985
8,64986,1,1,0, 64987
31,64986,2,2,1, 64988
24,64989,1,1,1, 64990
8,64991,1,1,1, 64992
31,64991,2,2,1, 64993
24,64994,1,1,0, 64995
1,64996,1,1,1, 64997
8,64996,1,1,1, 64997
31,64996,2,2,1, 64998
24,64999,1,1,0, 65000
1,65001,1,1,0, 65002
8,65001,1,1,0, 65002
24,65004,1,1,1, 65005
25,65005,2,2,1, 65007
1,65006,1,1,0, 65007
8,65006,1,1,1, 65007
9,65007,2,2,1, 65009
24,65009,1,1,1, 65010
25,65010,2,2,1, 65012
1,65011,1,1,0, 65012
8,65011,1,1,0, 65012
15,65011,2,2,1, 65013
31,65011,2,2,1, 65013
24,65014,1,1,1, 65015
1,65016,1,1,0, 65017
8,65016,1,1,1, 65017
15,65016,2,2,1, 65018
9,65017,2,2,1, 65019
2,65018,2,2,1, 65020
24,65019,1,1,0, 65020
25,65020,2,2,1, 65022
1,65021,1,1,1, 65022
8,65021,1,1,1, 65022
31,65021,2,2,1, 65023
9,65022,2,2,1, 65024
26,65022,3,3,1, 65025
2,65023,2,2,1, 65025
24,65024,1,1,0, 65025
17,65024,3,3,1, 65027
1,65026,1,1,1, 65027
8,65026,1,1,0, 65027
15,65026,2,2,1, 65028
26,65027,3,3,1, 65030
2,65028,2,2,1, 65030
24,65029,1,1,1, 65030
14,65029,3,3,1, 65032
17,65029,3,3,1, 65032
25,65030,2,2,1, 65032
1,65031,1,1,1, 65032
8,65031,1,1,0, 65032
9,65032,2,2,1, 65034
24,65034,1,1,0, 65035
8,65036,1,1,1, 65037
6,65035,2,4,1, 65039
24,65039,1,1,0, 65040
16,65039,2,2,1, 65041
14,65039,3,3,1, 65042
8,65041,1,1,1, 65042
24,65044,1,1,0, 65045
16,65044,2,2,1, 65046
14,65044,3,3,1, 65047
8,65046,1,1,1, 65047
6,65045,2,4,1, 65049
24,65049,1,1,1, 65050
14,65049,3,3,1, 65052
24,65054,1,1,1, 65055
31,65056,2,2,1, 65058
24,65059,1,1,1, 65060
29,65058,4,4,1, 65062
25,65140,2,2,1, 65142
1,65141,1,1,0, 65142
1,65146,1,1,0, 65147
25,65150,2,2,1, 65152
1,65151,1,1,1, 65152
9,65152,2,2,1, 65154
1,65156,1,1,0, 65157
8,65156,1,1,0, 65157
25,65160,2,2,1, 65162
1,65161,1,1,1, 65162
8,65161,1,1,1, 65162
1,65166,1,1,0, 65167
8,65166,1,1,0, 65167
24,65169,1,1,0, 65170
17,65169,3,3,1, 65172
25,65170,2,2,1, 65172
1,65171,1,1,1, 65172
8,65171,1,1,0, 65172
24,65174,1,1,1, 65175
17,65174,3,3,1, 65177
25,65175,2,2,1, 65177
1,65176,1,1,0, 65177
8,65176,1,1,0, 65177
9,65177,2,2,1, 65179
24,65179,1,1,0, 65180
17,65179,3,3,1, 65182
1,65181,1,1,1, 65182
8,65181,1,1,0, 65182
15,65181,2,2,1, 65183
9,65182,2,2,1, 65184
24,65184,1,1,1, 65185
25,65185,2,2,1, 65187
1,65186,1,1,1, 65187
8,65186,1,1,0, 65187
9,65187,2,2,1, 65189
2,65188,2,2,1, 65190
24,65189,1,1,0, 65190
8,65191,1,1,1, 65192
15,65191,2,2,1, 65193
24,65194,1,1,1, 65195
8,65196,1,1,0, 65197
15,65196,2,2,1, 65198
24,65199,1,1,1, 65200
8,65201,1,1,0, 65202
15,65201,2,2,1, 65203
31,65201,2,2,1, 65203
24,65204,1,1,0, 65205
8,65206,1,1,0, 65207
13,65204,4,4,1, 65208
15,65206,2,2,1, 65208
24,65209,1,1,1, 65210
8,65211,1,1,1, 65212
6,65210,2,4,1, 65214
24,65214,1,1,0, 65215
30,65213,3,3,1, 65216
14,65214,3,3,1, 65217
8,65216,1,1,1, 65217
13,65214,4,4,1, 65218
31,65216,2,2,1, 65218
24,65219,1,1,1, 65220
30,65218,3,3,1, 65221
8,65221,1,1,0, 65222
31,65221,2,2,1, 65223
24,65224,1,1,0, 65225
14,65224,3,3,1, 65227
8,65226,1,1,1, 65227
13,65224,4,4,1, 65228
31,65226,2,2,1, 65228
24,65229,1,1,1, 65230
24,65234,1,1,0, 65235
31,65236,2,2,1, 65238
24,65239,1,1,0, 65240
31,65241,2,2,1, 65243
24,65244,1,1,0, 65245
31,65246,2,2,1, 65248
24,65249,1,1,1, 65250
24,65254,1,1,0, 65255
24,65259,1,1,1, 65260
24,65264,1,1,1, 65265
31,65266,2,2,1, 65268
24,65269,1,1,1, 65270
24,65274,1,1,0, 65275
31,65276,2,2,1, 65278
24,65279,1,1,0, 65280
1,65296,1,1,1, 65297
25,65300,2,2,1, 65302
1,65301,1,1,0, 65302
1,65306,1,1,0, 65307
25,65310,2,2,1, 65312
1,65311,1,1,0, 65312
1,65316,1,1,1, 65317
25,65320,2,2,1, 65322
1,65321,1,1,0, 65322
25,65325,2,2,1, 65327
1,65326,1,1,1, 65327
1,65331,1,1,1, 65332
25,65335,2,2,1, 65337
1,65336,1,1,1, 65337
8,65336,1,1,1, 65337
17,65339,3,3,1, 65342
25,65340,2,2,1, 65342
1,65341,1,1,1, 65342
8,65341,1,1,0, 65342
9,65342,2,2,1, 65344
25,65345,2,2,1, 65347
1,65346,1,1,1, 65347
8,65346,1,1,0, 65347
9,65347,2,2,1, 65349
17,65349,3,3,1, 65352
25,65350,2,2,1, 65352
1,65351,1,1,0, 65352
8,65351,1,1,1, 65352
9,65352,2,2,1, 65354
1,65356,1,1,0, 65357
8,65356,1,1,0, 65357
9,65357,2,2,1, 65359
8,65361,1,1,0, 65362
8,65366,1,1,0, 65367
8,65371,1,1,1, 65372
15,65371,2,2,1, 65373
14,65374,3,3,1, 65377
8,65376,1,1,0, 65377
15,65376,2,2,1, 65378
14,65379,3,3,1, 65382
8,65381,1,1,1, 65382
15,65381,2,2,1, 65383
8,65386,1,1,1, 65387
15,65386,2,2,1, 65388
6,65385,2,4,1, 65389
24,65389,1,1,0, 65390
14,65389,3,3,1, 65392
8,65391,1,1,0, 65392
24,65394,1,1,0, 65395
8,65396,1,1,0, 65397
13,65394,4,4,1, 65398
24,65399,1,1,0, 65400
14,65399,3,3,1, 65402
8,65401,1,1,0, 65402
13,65399,4,4,1, 65403
24,65404,1,1,0, 65405
8,65406,1,1,1, 65407
13,65404,4,4,1, 65408
24,65409,1,1,1, 65410
24,65414,1,1,1, 65415
24,65419,1,1,0, 65420
24,65424,1,1,0, 65425
24,65429,1,1,0, 65430
24,65434,1,1,1, 65435
24,65439,1,1,0, 65440
24,65444,1,1,1, 65445
24,65449,1,1,0, 65450
24,65454,1,1,1, 65455
24,65459,1,1,1, 65460
31,65461,2,2,1, 65463
24,65464,1,1,1, 65465
1,65466,1,1,1, 65467
31,65466,2,2,1, 65468
24,65469,1,1,0, 65470
1,65471,1,1,1, 65472
31,65471,2,2,1, 65473
24,65474,1,1,1, 65475
1,65476,1,1,1, 65477
31,65476,2,2,1, 65478
24,65479,1,1,0, 65480
1,65481,1,1,0, 65482
31,65481,2,2,1, 65483
24,65484,1,1,0, 65485
1,65486,1,1,1, 65487
24,65489,1,1,0, 65490
1,65491,1,1,0, 65492
24,65494,1,1,1, 65495
1,65496,1,1,0, 65497
24,65499,1,1,0, 65500
1,65501,1,1,1, 65502
24,65504,1,1,0, 65505
1,65506,1,1,1, 65507
31,65506,2,2,1, 65508
24,65509,1,1,1, 65510
29,65508,4,4,1, 65512
1,65511,1,1,0, 65512
24,65514,1,1,0, 65515
1,65516,1,1,1, 65517
8,65516,1,1,1, 65517
31,65516,2,2,1, 65518
9,65517,2,2,1, 65519
24,65519,1,1,0, 65520
23,65518,3,3,1, 65521
30,65518,3,3,1, 65521
29,65518,4,4,1, 65522
1,65521,1,1,0, 65522
8,65521,1,1,0, 65522
9,65522,2,2,1, 65524
23,65523,3,3,1, 65526
16,65524,2,2,1, 65526
1,65526,1,1,0, 65527
8,65526,1,1,1, 65527
9,65527,2,2,1, 65529
23,65528,3,3,1, 65531
1,65531,1,1,1, 65532
8,65531,1,1,1, 65532
9,65532,2,2,1, 65534
1,65536,1,1,0, 65537
8,65536,1,1,1, 65537
1,65541,1,1,1, 65542
8,65541,1,1,0, 65542
1,65546,1,1,1, 65547
8,65546,1,1,0, 65547
15,65546,2,2,1, 65548
9,65547,2,2,1, 65549
26,65547,3,3,1, 65550
2,65548,2,2,1, 65550
18,65548,4,4,1, 65552
1,65551,1,1,0, 65552
8,65551,1,1,0, 65552
3,65552,3,3,1, 65555
18,65553,4,4,1, 65557
1,65556,1,1,0, 65557
8,65556,1,1,1, 65557
9,65557,2,2,1, 65559
3,65557,3,3,1, 65560
8,65561,1,1,1, 65562
8,65566,1,1,0, 65567
15,65566,2,2,1, 65568
8,65571,1,1,1, 65572
8,65576,1,1,0, 65577
15,65576,2,2,1, 65578
8,65581,1,1,0, 65582
15,65581,2,2,1, 65583
14,65584,3,3,1, 65587
8,65586,1,1,0, 65587
15,65586,2,2,1, 65588
6,65585,2,4,1, 65589
24,65624,1,1,1, 65625
24,65629,1,1,1, 65630
24,65634,1,1,0, 65635
24,65639,1,1,0, 65640
24,65644,1,1,1, 65645
24,65649,1,1,1, 65650
24,65654,1,1,1, 65655
24,65659,1,1,0, 65660
24,65664,1,1,0, 65665
1,65666,1,1,0, 65667
24,65669,1,1,1, 65670
25,65670,2,2,1, 65672
1,65671,1,1,1, 65672
24,65674,1,1,0, 65675
25,65675,2,2,1, 65677
1,65676,1,1,0, 65677
24,65679,1,1,1, 65680
25,65680,2,2,1, 65682
1,65681,1,1,0, 65682
31,65681,2,2,1, 65683
24,65684,1,1,1, 65685
25,65685,2,2,1, 65687
1,65686,1,1,0, 65687
24,65689,1,1,1, 65690
1,65691,1,1,0, 65692
31,65691,2,2,1, 65693
26,65692,3,3,1, 65695
24,65694,1,1,1, 65695
18,65693,4,4,1, 65697
25,65695,2,2,1, 65697
1,65696,1,1,0, 65697
8,65696,1,1,1, 65697
31,65696,2,2,1, 65698
26,65697,3,3,1, 65700
2,65698,2,2,1, 65700
24,65699,1,1,0, 65700
16,65699,2,2,1, 65701
25,65700,2,2,1, 65702
1,65701,1,1,0, 65702
8,65701,1,1,1, 65702
26,65702,3,3,1, 65705
2,65703,2,2,1, 65705
24,65704,1,1,1, 65705
16,65704,2,2,1, 65706
1,65706,1,1,0, 65707
8,65706,1,1,1, 65707
11,65704,4,4,1, 65708
31,65706,2,2,1, 65708
26,65707,3,3,1, 65710
24,65709,1,1,0, 65710
30,65708,3,3,1, 65711
8,65711,1,1,0, 65712
24,65714,1,1,0, 65715
30,65713,3,3,1, 65716
8,65716,1,1,1, 65717
31,65716,2,2,1, 65718
24,65719,1,1,1, 65720
8,65721,1,1,1, 65722
31,65721,2,2,1, 65723
24,65724,1,1,0, 65725
8,65726,1,1,1, 65727
24,65729,1,1,1, 65730
30,65728,3,3,1, 65731
16,65729,2,2,1, 65731
8,65731,1,1,1, 65732
31,65731,2,2,1, 65733
8,65736,1,1,1, 65737
16,65739,2,2,1, 65741
8,65741,1,1,0, 65742
15,65741,2,2,1, 65743
8,65746,1,1,0, 65747
15,65746,2,2,1, 65748
22,65746,4,4,1, 65750
8,65751,1,1,1, 65752
23,65753,3,3,1, 65756
8,65756,1,1,1, 65757
23,65758,3,3,1, 65761
16,65759,2,2,1, 65761
8,65761,1,1,1, 65762
23,65763,3,3,1, 65766
9,65812,2,2,1, 65814
25,65815,2,2,1, 65817
1,65816,1,1,0, 65817
1,65821,1,1,1, 65822
17,65824,3,3,1, 65827
25,65825,2,2,1, 65827
1,65826,1,1,0, 65827
25,65830,2,2,1, 65832
1,65831,1,1,1, 65832
9,65832,2,2,1, 65834
25,65835,2,2,1, 65837
1,65836,1,1,0, 65837
9,65837,2,2,1, 65839
24,65839,1,1,1, 65840
25,65840,2,2,1, 65842
1,65841,1,1,0, 65842
24,65844,1,1,1, 65845
17,65844,3,3,1, 65847
25,65845,2,2,1, 65847
1,65846,1,1,1, 65847
9,65847,2,2,1, 65849
24,65849,1,1,0, 65850
25,65850,2,2,1, 65852
1,65851,1,1,0, 65852
11,65849,4,4,1, 65853
24,65854,1,1,0, 65855
24,65859,1,1,1, 65860
24,65864,1,1,0, 65865
24,65869,1,1,1, 65870
24,65874,1,1,0, 65875
8,65876,1,1,1, 65877
24,65879,1,1,0, 65880
8,65881,1,1,0, 65882
24,65884,1,1,1, 65885
8,65886,1,1,0, 65887
24,65889,1,1,0, 65890
8,65891,1,1,0, 65892
24,65894,1,1,1, 65895
8,65896,1,1,0, 65897
24,65899,1,1,1, 65900
8,65901,1,1,1, 65902
31,65901,2,2,1, 65903
24,65904,1,1,0, 65905
8,65906,1,1,1, 65907
24,65909,1,1,1, 65910
8,65911,1,1,0, 65912
24,65914,1,1,1, 65915
16,65914,2,2,1, 65916
8,65916,1,1,0, 65917
24,65919,1,1,0, 65920
8,65921,1,1,0, 65922
31,65921,2,2,1, 65923
24,65924,1,1,1, 65925
16,65924,2,2,1, 65926
8,65926,1,1,1, 65927
24,65929,1,1,0, 65930
8,65931,1,1,0, 65932
31,65931,2,2,1, 65933
24,65934,1,1,0, 65935
8,65936,1,1,0, 65937
15,65936,2,2,1, 65938
31,65936,2,2,1, 65938
24,65939,1,1,0, 65940
16,65939,2,2,1, 65941
8,65941,1,1,1, 65942
31,65941,2,2,1, 65943
24,65944,1,1,1, 65945
8,65946,1,1,1, 65947
15,65946,2,2,1, 65948
24,65949,1,1,1, 65950
16,65949,2,2,1, 65951
8,65951,1,1,1, 65952
15,65951,2,2,1, 65953
24,65954,1,1,0, 65955
14,65954,3,3,1, 65957
8,65956,1,1,1, 65957
13,65954,4,4,1, 65958
24,65959,1,1,0, 65960
14,65959,3,3,1, 65962
1,65961,1,1,1, 65962
8,65961,1,1,1, 65962
13,65959,4,4,1, 65963
31,65961,2,2,1, 65963
24,65964,1,1,1, 65965
14,65964,3,3,1, 65967
1,65966,1,1,0, 65967
8,65966,1,1,0, 65967
13,65964,4,4,1, 65968
31,65966,2,2,1, 65968
24,65969,1,1,1, 65970
1,65971,1,1,0, 65972
24,65974,1,1,0, 65975
1,65976,1,1,1, 65977
31,65976,2,2,1, 65978
24,65979,1,1,0, 65980
1,65981,1,1,0, 65982
31,65981,2,2,1, 65983
9,65982,2,2,1, 65984
24,65984,1,1,1, 65985
1,65986,1,1,1, 65987
31,65986,2,2,1, 65988
17,65989,3,3,1, 65992
1,65991,1,1,0, 65992
1,65996,1,1,0, 65997
9,65997,2,2,1, 65999
2,65998,2,2,1, 66000
18,65998,4,4,1, 66002
1,66001,1,1,0, 66002
9,66002,2,2,1, 66004
3,66002,3,3,1, 66005
2,66003,2,2,1, 66005
1,66006,1,1,0, 66007
9,66007,2,2,1, 66009
3,66007,3,3,1, 66010
2,66008,2,2,1, 66010
1,66011,1,1,1, 66012
9,66012,2,2,1, 66014
1,66016,1,1,0, 66017
9,66017,2,2,1, 66019
8,66081,1,1,0, 66082
8,66086,1,1,0, 66087
8,66091,1,1,1, 66092
24,66094,1,1,0, 66095
8,66096,1,1,0, 66097
24,66099,1,1,0, 66100
8,66101,1,1,1, 66102
24,66104,1,1,0, 66105
8,66106,1,1,0, 66107
24,66109,1,1,0, 66110
8,66111,1,1,1, 66112
24,66114,1,1,0, 66115
8,66116,1,1,0, 66117
15,66116,2,2,1, 66118
24,66119,1,1,0, 66120
8,66121,1,1,1, 66122
24,66124,1,1,1, 66125
25,66125,2,2,1, 66127
1,66126,1,1,0, 66127
8,66126,1,1,1, 66127
9,66127,2,2,1, 66129
24,66129,1,1,0, 66130
17,66129,3,3,1, 66132
1,66131,1,1,1, 66132
8,66131,1,1,0, 66132
15,66131,2,2,1, 66133
24,66134,1,1,0, 66135
1,66136,1,1,1, 66137
8,66136,1,1,1, 66137
15,66136,2,2,1, 66138
9,66137,2,2,1, 66139
24,66139,1,1,0, 66140
17,66139,3,3,1, 66142
25,66140,2,2,1, 66142
1,66141,1,1,1, 66142
8,66141,1,1,1, 66142
9,66142,2,2,1, 66144
24,66144,1,1,0, 66145
16,66144,2,2,1, 66146
17,66144,3,3,1, 66147
25,66145,2,2,1, 66147
1,66146,1,1,0, 66147
8,66146,1,1,0, 66147
15,66146,2,2,1, 66148
9,66147,2,2,1, 66149
24,66149,1,1,1, 66150
1,66151,1,1,0, 66152
8,66151,1,1,0, 66152
9,66152,2,2,1, 66154
24,66154,1,1,1, 66155
23,66153,3,3,1, 66156
16,66154,2,2,1, 66156
17,66154,3,3,1, 66157
1,66156,1,1,1, 66157
8,66156,1,1,0, 66157
15,66156,2,2,1, 66158
9,66157,2,2,1, 66159
26,66157,3,3,1, 66160
24,66159,1,1,0, 66160
14,66159,3,3,1, 66162
25,66160,2,2,1, 66162
8,66161,1,1,0, 66162
31,66161,2,2,1, 66163
6,66160,2,4,1, 66164
24,66164,1,1,1, 66165
16,66164,2,2,1, 66166
14,66164,3,3,1, 66167
8,66166,1,1,0, 66167
31,66166,2,2,1, 66168
24,66169,1,1,1, 66170
23,66168,3,3,1, 66171
31,66171,2,2,1, 66173
24,66174,1,1,1, 66175
31,66176,2,2,1, 66178
24,66179,1,1,0, 66180
31,66181,2,2,1, 66183
24,66184,1,1,0, 66185
31,66186,2,2,1, 66188
24,66189,1,1,0, 66190
31,66191,2,2,1, 66193
24,66194,1,1,0, 66195
31,66196,2,2,1, 66198
24,66199,1,1,0, 66200
29,66198,4,4,1, 66202
24,66204,1,1,1, 66205
30,66203,3,3,1, 66206
1,66266,1,1,0, 66267
25,66270,2,2,1, 66272
1,66271,1,1,0, 66272
25,66275,2,2,1, 66277
1,66276,1,1,0, 66277
25,66280,2,2,1, 66282
1,66281,1,1,0, 66282
8,66281,1,1,0, 66282
9,66282,2,2,1, 66284
16,66284,2,2,1, 66286
17,66284,3,3,1, 66287
1,66286,1,1,0, 66287
8,66286,1,1,0, 66287
9,66287,2,2,1, 66289
16,66289,2,2,1, 66291
1,66291,1,1,0, 66292
8,66291,1,1,0, 66292
25,66295,2,2,1, 66297
1,66296,1,1,0, 66297
8,66296,1,1,0, 66297
17,66299,3,3,1, 66302
25,66300,2,2,1, 66302
1,66301,1,1,1, 66302
8,66301,1,1,0, 66302
9,66302,2,2,1, 66304
25,66305,2,2,1, 66307
1,66306,1,1,0, 66307
8,66306,1,1,1, 66307
9,66307,2,2,1, 66309
24,66309,1,1,0, 66310
16,66309,2,2,1, 66311
1,66311,1,1,0, 66312
8,66311,1,1,1, 66312
24,66314,1,1,1, 66315
25,66315,2,2,1, 66317
1,66316,1,1,0, 66317
8,66316,1,1,0, 66317
24,66319,1,1,1, 66320
16,66319,2,2,1, 66321
18,66318,4,4,1, 66322
8,66321,1,1,0, 66322
15,66321,2,2,1, 66323
24,66324,1,1,1, 66325
16,66324,2,2,1, 66326
8,66326,1,1,0, 66327
24,66329,1,1,1, 66330
8,66331,1,1,1, 66332
15,66331,2,2,1, 66333
24,66334,1,1,1, 66335
8,66336,1,1,0, 66337
15,66336,2,2,1, 66338
24,66339,1,1,0, 66340
8,66341,1,1,1, 66342
24,66344,1,1,0, 66345
23,66343,3,3,1, 66346
8,66346,1,1,1, 66347
24,66349,1,1,1, 66350
8,66351,1,1,1, 66352
24,66354,1,1,0, 66355
14,66354,3,3,1, 66357
8,66356,1,1,0, 66357
13,66354,4,4,1, 66358
15,66356,2,2,1, 66358
24,66359,1,1,1, 66360
24,66364,1,1,0, 66365
24,66369,1,1,1, 66370
30,66368,3,3,1, 66371
24,66374,1,1,1, 66375
24,66379,1,1,1, 66380
29,66378,4,4,1, 66382
24,66384,1,1,1, 66385
29,66383,4,4,1, 66387
24,66389,1,1,0, 66390
30,66388,3,3,1, 66391
31,66391,2,2,1, 66393
24,66394,1,1,1, 66395
24,66399,1,1,1, 66400
30,66398,3,3,1, 66401
24,66404,1,1,0, 66405
29,66403,4,4,1, 66407
24,66409,1,1,1, 66410
30,66408,3,3,1, 66411
31,66411,2,2,1, 66413
24,66414,1,1,0, 66415
24,66419,1,1,1, 66420
30,66418,3,3,1, 66421
29,66418,4,4,1, 66422
1,66426,1,1,0, 66427
1,66431,1,1,1, 66432
1,66436,1,1,1, 66437
1,66441,1,1,0, 66442
1,66446,1,1,1, 66447
1,66451,1,1,1, 66452
1,66456,1,1,1, 66457
1,66461,1,1,0, 66462
8,66461,1,1,1, 66462
16,66464,2,2,1, 66466
1,66466,1,1,1, 66467
8,66466,1,1,0, 66467
1,66471,1,1,0, 66472
8,66471,1,1,1, 66472
16,66474,2,2,1, 66476
1,66476,1,1,0, 66477
8,66476,1,1,1, 66477
23,66478,3,3,1, 66481
1,66481,1,1,0, 66482
8,66481,1,1,1, 66482
2,66483,2,2,1, 66485
16,66484,2,2,1, 66486
18,66483,4,4,1, 66487
1,66486,1,1,1, 66487
8,66486,1,1,1, 66487
2,66488,2,2,1, 66490
23,66488,3,3,1, 66491
18,66488,4,4,1, 66492
1,66491,1,1,1, 66492
8,66491,1,1,1, 66492
26,66492,3,3,1, 66495
2,66493,2,2,1, 66495
23,66493,3,3,1, 66496
16,66494,2,2,1, 66496
18,66493,4,4,1, 66497
1,66496,1,1,1, 66497
8,66496,1,1,0, 66497
16,66499,2,2,1, 66501
1,66501,1,1,1, 66502
8,66501,1,1,0, 66502
2,66503,2,2,1, 66505
18,66503,4,4,1, 66507
1,66506,1,1,0, 66507
8,66506,1,1,0, 66507
2,66508,2,2,1, 66510
1,66511,1,1,0, 66512
8,66511,1,1,0, 66512
15,66511,2,2,1, 66513
2,66513,2,2,1, 66515
1,66516,1,1,1, 66517
8,66516,1,1,1, 66517
9,66517,2,2,1, 66519
1,66521,1,1,1, 66522
8,66521,1,1,0, 66522
9,66522,2,2,1, 66524
23,66523,3,3,1, 66526
16,66524,2,2,1, 66526
8,66526,1,1,1, 66527
13,66524,4,4,1, 66528
31,66526,2,2,1, 66528
24,66529,1,1,1, 66530
31,66531,2,2,1, 66533
24,66534,1,1,1, 66535
29,66533,4,4,1, 66537
31,66536,2,2,1, 66538
24,66539,1,1,0, 66540
30,66538,3,3,1, 66541
24,66544,1,1,0, 66545
24,66549,1,1,0, 66550
24,66554,1,1,1, 66555
24,66559,1,1,0, 66560
24,66564,1,1,1, 66565
24,66569,1,1,0, 66570
24,66574,1,1,0, 66575
24,66579,1,1,0, 66580
24,66584,1,1,0, 66585
24,66589,1,1,1, 66590
24,66594,1,1,0, 66595
24,66599,1,1,1, 66600
24,66604,1,1,0, 66605
24,66609,1,1,0, 66610
24,66614,1,1,1, 66615
24,66619,1,1,0, 66620
24,66624,1,1,0, 66625
24,66629,1,1,0, 66630
24,66634,1,1,0, 66635
1,66636,1,1,0, 66637
8,66636,1,1,1, 66637
24,66639,1,1,1, 66640
1,66641,1,1,0, 66642
8,66641,1,1,1, 66642
24,66644,1,1,0, 66645
17,66644,3,3,1, 66647
1,66646,1,1,0, 66647
8,66646,1,1,1, 66647
24,66649,1,1,1, 66650
17,66649,3,3,1, 66652
1,66651,1,1,1, 66652
8,66651,1,1,0, 66652
31,66651,2,2,1, 66653
24,66654,1,1,1, 66655
17,66654,3,3,1, 66657
1,66656,1,1,1, 66657
8,66656,1,1,1, 66657
9,66657,2,2,1, 66659
24,66659,1,1,1, 66660
1,66661,1,1,0, 66662
8,66661,1,1,0, 66662
24,66664,1,1,1, 66665
17,66664,3,3,1, 66667
1,66666,1,1,1, 66667
8,66666,1,1,0, 66667
26,66667,3,3,1, 66670
24,66669,1,1,0, 66670
1,66671,1,1,1, 66672
8,66671,1,1,0, 66672
9,66672,2,2,1, 66674
2,66673,2,2,1, 66675
24,66674,1,1,1, 66675
18,66673,4,4,1, 66677
17,66674,3,3,1, 66677
1,66676,1,1,1, 66677
8,66676,1,1,1, 66677
31,66676,2,2,1, 66678
24,66679,1,1,0, 66680
17,66679,3,3,1, 66682
1,66681,1,1,0, 66682
8,66681,1,1,0, 66682
9,66682,2,2,1, 66684
24,66684,1,1,0, 66685
1,66686,1,1,1, 66687
8,66686,1,1,0, 66687
31,66686,2,2,1, 66688
9,66687,2,2,1, 66689
24,66689,1,1,1, 66690
1,66691,1,1,1, 66692
8,66691,1,1,0, 66692
31,66691,2,2,1, 66693
9,66692,2,2,1, 66694
24,66694,1,1,1, 66695
8,66696,1,1,0, 66697
24,66699,1,1,0, 66700
8,66701,1,1,1, 66702
24,66704,1,1,0, 66705
14,66704,3,3,1, 66707
8,66706,1,1,0, 66707
15,66706,2,2,1, 66708
31,66706,2,2,1, 66708
24,66709,1,1,0, 66710
23,66708,3,3,1, 66711
16,66709,2,2,1, 66711
14,66709,3,3,1, 66712
8,66711,1,1,1, 66712
15,66711,2,2,1, 66713
24,66714,1,1,0, 66715
30,66713,3,3,1, 66716
16,66714,2,2,1, 66716
8,66716,1,1,0, 66717
23,66718,3,3,1, 66721
16,66719,2,2,1, 66721
8,66721,1,1,1, 66722
8,66726,1,1,1, 66727
6,66725,2,4,1, 66729
23,66728,3,3,1, 66731
14,66729,3,3,1, 66732
8,66731,1,1,1, 66732
15,66731,2,2,1, 66733
1,66806,1,1,0, 66807
1,66811,1,1,1, 66812
1,66816,1,1,0, 66817
1,66821,1,1,1, 66822
9,66822,2,2,1, 66824
24,66824,1,1,0, 66825
1,66826,1,1,0, 66827
24,66829,1,1,1, 66830
1,66831,1,1,1, 66832
9,66832,2,2,1, 66834
2,66833,2,2,1, 66835
24,66834,1,1,1, 66835
1,66836,1,1,1, 66837
9,66837,2,2,1, 66839
24,66839,1,1,1, 66840
1,66841,1,1,0, 66842
9,66842,2,2,1, 66844
24,66844,1,1,0, 66845
1,66846,1,1,0, 66847
8,66846,1,1,0, 66847
9,66847,2,2,1, 66849
2,66848,2,2,1, 66850
24,66849,1,1,0, 66850
1,66851,1,1,1, 66852
8,66851,1,1,0, 66852
2,66853,2,2,1, 66855
24,66854,1,1,0, 66855
1,66856,1,1,1, 66857
8,66856,1,1,0, 66857
9,66857,2,2,1, 66859
24,66859,1,1,0, 66860
1,66861,1,1,1, 66862
8,66861,1,1,1, 66862
24,66864,1,1,0, 66865
1,66866,1,1,1, 66867
8,66866,1,1,1, 66867
9,66867,2,2,1, 66869
3,66867,3,3,1, 66870
2,66868,2,2,1, 66870
24,66869,1,1,0, 66870
8,66871,1,1,0, 66872
24,66874,1,1,1, 66875
8,66876,1,1,0, 66877
15,66876,2,2,1, 66878
24,66879,1,1,1, 66880
8,66881,1,1,1, 66882
24,66884,1,1,1, 66885
8,66886,1,1,0, 66887
24,66889,1,1,1, 66890
30,66888,3,3,1, 66891
14,66889,3,3,1, 66892
8,66891,1,1,0, 66892
31,66891,2,2,1, 66893
24,66894,1,1,0, 66895
8,66896,1,1,0, 66897
15,66896,2,2,1, 66898
31,66896,2,2,1, 66898
24,66899,1,1,1, 66900
30,66898,3,3,1, 66901
8,66901,1,1,1, 66902
24,66904,1,1,1, 66905
8,66906,1,1,1, 66907
15,66906,2,2,1, 66908
31,66906,2,2,1, 66908
24,66909,1,1,0, 66910
14,66909,3,3,1, 66912
8,66911,1,1,0, 66912
15,66911,2,2,1, 66913
24,66914,1,1,0, 66915
30,66913,3,3,1, 66916
14,66914,3,3,1, 66917
8,66916,1,1,1, 66917
24,66919,1,1,0, 66920
30,66918,3,3,1, 66921
16,66919,2,2,1, 66921
8,66921,1,1,1, 66922
15,66921,2,2,1, 66923
31,66921,2,2,1, 66923
24,66924,1,1,0, 66925
30,66923,3,3,1, 66926
16,66924,2,2,1, 66926
8,66926,1,1,0, 66927
31,66926,2,2,1, 66928
14,66929,3,3,1, 66932
8,66931,1,1,0, 66932
16,66934,2,2,1, 66936
14,66934,3,3,1, 66937
9,66972,2,2,1, 66974
1,66976,1,1,1, 66977
9,66977,2,2,1, 66979
1,66981,1,1,0, 66982
9,66982,2,2,1, 66984
1,66986,1,1,1, 66987
1,66991,1,1,0, 66992
9,66992,2,2,1, 66994
1,66996,1,1,1, 66997
9,66997,2,2,1, 66999
1,67001,1,1,0, 67002
1,67006,1,1,1, 67007
9,67007,2,2,1, 67009
26,67007,3,3,1, 67010
1,67011,1,1,0, 67012
9,67012,2,2,1, 67014
26,67012,3,3,1, 67015
1,67016,1,1,0, 67017
1,67021,1,1,0, 67022
9,67022,2,2,1, 67024
26,67022,3,3,1, 67025
1,67026,1,1,1, 67027
1,67031,1,1,0, 67032
24,67034,1,1,0, 67035
1,67036,1,1,0, 67037
11,67034,4,4,1, 67038
24,67039,1,1,1, 67040
8,67041,1,1,0, 67042
24,67044,1,1,1, 67045
16,67044,2,2,1, 67046
8,67046,1,1,0, 67047
24,67049,1,1,0, 67050
16,67049,2,2,1, 67051
8,67051,1,1,1, 67052
24,67054,1,1,0, 67055
8,67056,1,1,0, 67057
24,67059,1,1,0, 67060
23,67058,3,3,1, 67061
16,67059,2,2,1, 67061
8,67061,1,1,0, 67062
24,67064,1,1,0, 67065
23,67063,3,3,1, 67066
8,67066,1,1,1, 67067
15,67066,2,2,1, 67068
24,67069,1,1,0, 67070
23,67068,3,3,1, 67071
16,67069,2,2,1, 67071
14,67069,3,3,1, 67072
8,67071,1,1,1, 67072
15,67071,2,2,1, 67073
24,67074,1,1,1, 67075
8,67076,1,1,1, 67077
15,67076,2,2,1, 67078
31,67076,2,2,1, 67078
24,67079,1,1,1, 67080
30,67078,3,3,1, 67081
14,67079,3,3,1, 67082
8,67081,1,1,0, 67082
31,67081,2,2,1, 67083
24,67084,1,1,0, 67085
30,67083,3,3,1, 67086
14,67084,3,3,1, 67087
8,67086,1,1,1, 67087
31,67086,2,2,1, 67088
24,67089,1,1,1, 67090
8,67091,1,1,0, 67092
24,67094,1,1,1, 67095
30,67093,3,3,1, 67096
8,67096,1,1,0, 67097
24,67099,1,1,1, 67100
30,67098,3,3,1, 67101
14,67099,3,3,1, 67102
31,67101,2,2,1, 67103
24,67104,1,1,0, 67105
30,67103,3,3,1, 67106
31,67106,2,2,1, 67108
24,67109,1,1,0, 67110
31,67111,2,2,1, 67113
24,67114,1,1,0, 67115
31,67116,2,2,1, 67118
1,67146,1,1,0, 67147
1,67151,1,1,1, 67152
1,67156,1,1,0, 67157
9,67157,2,2,1, 67159
1,67161,1,1,0, 67162
9,67162,2,2,1, 67164
1,67166,1,1,1, 67167
1,67171,1,1,0, 67172
1,67176,1,1,0, 67177
1,67181,1,1,0, 67182
9,67182,2,2,1, 67184
1,67186,1,1,1, 67187
26,67187,3,3,1, 67190
2,67188,2,2,1, 67190
1,67191,1,1,1, 67192
2,67193,2,2,1, 67195
1,67196,1,1,1, 67197
26,67197,3,3,1, 67200
1,67201,1,1,0, 67202
11,67199,4,4,1, 67203
9,67202,2,2,1, 67204
2,67203,2,2,1, 67205
1,67206,1,1,0, 67207
8,67206,1,1,0, 67207
11,67204,4,4,1, 67208
3,67207,3,3,1, 67210
8,67211,1,1,1, 67212
23,67213,3,3,1, 67216
8,67216,1,1,1, 67217
16,67219,2,2,1, 67221
8,67221,1,1,0, 67222
24,67224,1,1,1, 67225
23,67223,3,3,1, 67226
8,67226,1,1,1, 67227
24,67229,1,1,1, 67230
8,67231,1,1,1, 67232
24,67234,1,1,1, 67235
23,67233,3,3,1, 67236
16,67234,2,2,1, 67236
8,67236,1,1,1, 67237
24,67239,1,1,1, 67240
23,67238,3,3,1, 67241
8,67241,1,1,0, 67242
24,67244,1,1,1, 67245
8,67246,1,1,0, 67247
24,67249,1,1,1, 67250
16,67249,2,2,1, 67251
8,67251,1,1,0, 67252
24,67254,1,1,0, 67255
16,67254,2,2,1, 67256
8,67256,1,1,1, 67257
24,67259,1,1,1, 67260
23,67258,3,3,1, 67261
16,67259,2,2,1, 67261
8,67261,1,1,1, 67262
24,67264,1,1,1, 67265
23,67263,3,3,1, 67266
16,67264,2,2,1, 67266
8,67266,1,1,1, 67267
24,67269,1,1,1, 67270
23,67268,3,3,1, 67271
24,67274,1,1,1, 67275
24,67279,1,1,0, 67280
24,67284,1,1,0, 67285
24,67289,1,1,1, 67290
24,67294,1,1,1, 67295
31,67296,2,2,1, 67298
24,67299,1,1,0, 67300
24,67304,1,1,0, 67305
30,67303,3,3,1, 67306
24,67309,1,1,0, 67310
31,67311,2,2,1, 67313
24,67314,1,1,1, 67315
1,67316,1,1,0, 67317
31,67316,2,2,1, 67318
24,67319,1,1,0, 67320
1,67321,1,1,1, 67322
31,67321,2,2,1, 67323
24,67324,1,1,0, 67325
30,67323,3,3,1, 67326
1,67326,1,1,0, 67327
31,67326,2,2,1, 67328
24,67329,1,1,0, 67330
30,67328,3,3,1, 67331
1,67331,1,1,0, 67332
24,67334,1,1,0, 67335
1,67336,1,1,1, 67337
31,67336,2,2,1, 67338
24,67339,1,1,1, 67340
1,67341,1,1,1, 67342
24,67344,1,1,0, 67345
1,67346,1,1,1, 67347
26,67347,3,3,1, 67350
2,67348,2,2,1, 67350
24,67349,1,1,0, 67350
30,67348,3,3,1, 67351
1,67351,1,1,0, 67352
31,67351,2,2,1, 67353
2,67353,2,2,1, 67355
1,67356,1,1,0, 67357
2,67358,2,2,1, 67360
1,67361,1,1,0, 67362
26,67362,3,3,1, 67365
2,67363,2,2,1, 67365
1,67366,1,1,0, 67367
9,67367,2,2,1, 67369
26,67367,3,3,1, 67370
1,67371,1,1,0, 67372
9,67372,2,2,1, 67374
1,67376,1,1,1, 67377
2,67378,2,2,1, 67380
14,67379,3,3,1, 67382
1,67381,1,1,0, 67382
8,67381,1,1,1, 67382
9,67382,2,2,1, 67384
8,67386,1,1,0, 67387
14,67389,3,3,1, 67392
8,67391,1,1,1, 67392
8,67396,1,1,0, 67397
14,67399,3,3,1, 67402
8,67401,1,1,1, 67402
15,67401,2,2,1, 67403
14,67404,3,3,1, 67407
8,67406,1,1,0, 67407
23,67408,3,3,1, 67411
8,67411,1,1,0, 67412
23,67413,3,3,1, 67416
14,67414,3,3,1, 67417
8,67416,1,1,1, 67417
15,67416,2,2,1, 67418
8,67421,1,1,1, 67422
15,67421,2,2,1, 67423
23,67423,3,3,1, 67426
16,67424,2,2,1, 67426
14,67424,3,3,1, 67427
8,67426,1,1,1, 67427
8,67431,1,1,0, 67432
23,67433,3,3,1, 67436
24,67459,1,1,1, 67460
24,67464,1,1,0, 67465
24,67469,1,1,1, 67470
24,67474,1,1,0, 67475
24,67479,1,1,1, 67480
24,67484,1,1,1, 67485
1,67486,1,1,0, 67487
9,67487,2,2,1, 67489
24,67489,1,1,0, 67490
1,67491,1,1,0, 67492
24,67494,1,1,0, 67495
1,67496,1,1,0, 67497
24,67499,1,1,1, 67500
1,67501,1,1,0, 67502
24,67504,1,1,0, 67505
1,67506,1,1,0, 67507
24,67509,1,1,1, 67510
1,67511,1,1,1, 67512
9,67512,2,2,1, 67514
24,67514,1,1,0, 67515
1,67516,1,1,1, 67517
9,67517,2,2,1, 67519
24,67519,1,1,1, 67520
1,67521,1,1,0, 67522
24,67524,1,1,0, 67525
1,67526,1,1,1, 67527
24,67529,1,1,0, 67530
1,67531,1,1,1, 67532
9,67532,2,2,1, 67534
2,67533,2,2,1, 67535
24,67534,1,1,0, 67535
1,67536,1,1,0, 67537
24,67539,1,1,1, 67540
14,67539,3,3,1, 67542
1,67541,1,1,1, 67542
8,67541,1,1,1, 67542
31,67541,2,2,1, 67543
9,67542,2,2,1, 67544
26,67542,3,3,1, 67545
24,67544,1,1,1, 67545
23,67543,3,3,1, 67546
30,67543,3,3,1, 67546
14,67544,3,3,1, 67547
1,67546,1,1,1, 67547
8,67546,1,1,1, 67547
2,67548,2,2,1, 67550
24,67549,1,1,0, 67550
30,67548,3,3,1, 67551
16,67549,2,2,1, 67551
1,67551,1,1,1, 67552
8,67551,1,1,1, 67552
31,67551,2,2,1, 67553
9,67552,2,2,1, 67554
24,67554,1,1,0, 67555
14,67554,3,3,1, 67557
1,67556,1,1,0, 67557
8,67556,1,1,1, 67557
31,67556,2,2,1, 67558
26,67557,3,3,1, 67560
24,67559,1,1,0, 67560
16,67559,2,2,1, 67561
14,67559,3,3,1, 67562
8,67561,1,1,1, 67562
15,67561,2,2,1, 67563
24,67564,1,1,1, 67565
23,67563,3,3,1, 67566
30,67563,3,3,1, 67566
16,67564,2,2,1, 67566
8,67566,1,1,0, 67567
15,67566,2,2,1, 67568
31,67566,2,2,1, 67568
24,67569,1,1,0, 67570
8,67571,1,1,0, 67572
31,67571,2,2,1, 67573
24,67574,1,1,1, 67575
16,67574,2,2,1, 67576
8,67576,1,1,0, 67577
15,67576,2,2,1, 67578
31,67576,2,2,1, 67578
24,67579,1,1,0, 67580
30,67578,3,3,1, 67581
1,67666,1,1,0, 67667
9,67667,2,2,1, 67669
1,67671,1,1,0, 67672
1,67676,1,1,1, 67677
1,67681,1,1,0, 67682
9,67682,2,2,1, 67684
1,67686,1,1,1, 67687
8,67686,1,1,0, 67687
24,67689,1,1,1, 67690
1,67691,1,1,1, 67692
8,67691,1,1,0, 67692
24,67694,1,1,0, 67695
1,67696,1,1,1, 67697
8,67696,1,1,0, 67697
24,67699,1,1,1, 67700
1,67701,1,1,0, 67702
8,67701,1,1,0, 67702
24,67704,1,1,0, 67705
1,67706,1,1,0, 67707
8,67706,1,1,0, 67707
9,67707,2,2,1, 67709
24,67709,1,1,1, 67710
1,67711,1,1,1, 67712
8,67711,1,1,1, 67712
9,67712,2,2,1, 67714
24,67714,1,1,0, 67715
1,67716,1,1,1, 67717
8,67716,1,1,1, 67717
9,67717,2,2,1, 67719
24,67719,1,1,0, 67720
1,67721,1,1,0, 67722
8,67721,1,1,1, 67722
9,67722,2,2,1, 67724
24,67724,1,1,1, 67725
23,67723,3,3,1, 67726
1,67726,1,1,0, 67727
8,67726,1,1,1, 67727
9,67727,2,2,1, 67729
24,67729,1,1,1, 67730
16,67729,2,2,1, 67731
14,67729,3,3,1, 67732
1,67731,1,1,0, 67732
8,67731,1,1,0, 67732
15,67731,2,2,1, 67733
9,67732,2,2,1, 67734
24,67734,1,1,0, 67735
16,67734,2,2,1, 67736
1,67736,1,1,0, 67737
8,67736,1,1,1, 67737
2,67738,2,2,1, 67740
24,67739,1,1,1, 67740
14,67739,3,3,1, 67742
1,67741,1,1,0, 67742
8,67741,1,1,1, 67742
15,67741,2,2,1, 67743
31,67741,2,2,1, 67743
9,67742,2,2,1, 67744
24,67744,1,1,1, 67745
16,67744,2,2,1, 67746
8,67746,1,1,0, 67747
15,67746,2,2,1, 67748
24,67749,1,1,0, 67750
23,67748,3,3,1, 67751
8,67751,1,1,0, 67752
15,67751,2,2,1, 67753
31,67751,2,2,1, 67753
24,67754,1,1,0, 67755
8,67756,1,1,1, 67757
15,67756,2,2,1, 67758
31,67756,2,2,1, 67758
24,67759,1,1,0, 67760
23,67758,3,3,1, 67761
30,67758,3,3,1, 67761
31,67761,2,2,1, 67763
24,67764,1,1,0, 67765
31,67766,2,2,1, 67768
24,67769,1,1,1, 67770
24,67774,1,1,0, 67775
31,67776,2,2,1, 67778
24,67779,1,1,1, 67780
30,67778,3,3,1, 67781
24,67784,1,1,1, 67785
31,67786,2,2,1, 67788
24,67789,1,1,0, 67790
30,67788,3,3,1, 67791
24,67794,1,1,1, 67795
31,67796,2,2,1, 67798
24,67799,1,1,0, 67800
1,67851,1,1,1, 67852
1,67856,1,1,1, 67857
1,67861,1,1,0, 67862
1,67866,1,1,0, 67867
8,67866,1,1,1, 67867
1,67871,1,1,0, 67872
8,67871,1,1,0, 67872
15,67871,2,2,1, 67873
14,67874,3,3,1, 67877
1,67876,1,1,1, 67877
8,67876,1,1,0, 67877
1,67881,1,1,0, 67882
8,67881,1,1,0, 67882
14,67884,3,3,1, 67887
1,67886,1,1,0, 67887
8,67886,1,1,1, 67887
1,67891,1,1,1, 67892
8,67891,1,1,0, 67892
1,67896,1,1,1, 67897
8,67896,1,1,1, 67897
15,67896,2,2,1, 67898
14,67899,3,3,1, 67902
1,67901,1,1,1, 67902
8,67901,1,1,0, 67902
24,67904,1,1,1, 67905
1,67906,1,1,0, 67907
8,67906,1,1,1, 67907
15,67906,2,2,1, 67908
2,67908,2,2,1, 67910
24,67909,1,1,0, 67910
1,67911,1,1,0, 67912
8,67911,1,1,0, 67912
15,67911,2,2,1, 67913
2,67913,2,2,1, 67915
24,67914,1,1,0, 67915
14,67914,3,3,1, 67917
1,67916,1,1,0, 67917
8,67916,1,1,0, 67917
9,67917,2,2,1, 67919
2,67918,2,2,1, 67920
24,67919,1,1,1, 67920
1,67921,1,1,1, 67922
8,67921,1,1,1, 67922
26,67922,3,3,1, 67925
24,67924,1,1,1, 67925
1,67926,1,1,0, 67927
8,67926,1,1,0, 67927
9,67927,2,2,1, 67929
26,67927,3,3,1, 67930
2,67928,2,2,1, 67930
24,67929,1,1,1, 67930
1,67931,1,1,0, 67932
8,67931,1,1,0, 67932
9,67932,2,2,1, 67934
24,67934,1,1,1, 67935
1,67936,1,1,1, 67937
8,67936,1,1,1, 67937
2,67938,2,2,1, 67940
24,67939,1,1,0, 67940
8,67941,1,1,0, 67942
24,67944,1,1,0, 67945
8,67946,1,1,1, 67947
24,67949,1,1,0, 67950
8,67951,1,1,0, 67952
24,67954,1,1,0, 67955
8,67956,1,1,1, 67957
24,67959,1,1,0, 67960
8,67961,1,1,1, 67962
24,67964,1,1,0, 67965
23,67963,3,3,1, 67966
8,67966,1,1,0, 67967
24,67969,1,1,1, 67970
8,67971,1,1,1, 67972
31,67971,2,2,1, 67973
24,67974,1,1,1, 67975
16,67974,2,2,1, 67976
8,67976,1,1,0, 67977
24,67979,1,1,1, 67980
30,67978,3,3,1, 67981
8,67981,1,1,0, 67982
24,67984,1,1,1, 67985
30,67983,3,3,1, 67986
8,67986,1,1,1, 67987
31,67986,2,2,1, 67988
24,67989,1,1,1, 67990
8,67991,1,1,0, 67992
24,67994,1,1,1, 67995
30,67993,3,3,1, 67996
16,67994,2,2,1, 67996
8,67996,1,1,0, 67997
31,67996,2,2,1, 67998
24,67999,1,1,1, 68000
23,67998,3,3,1, 68001
24,68004,1,1,1, 68005
30,68003,3,3,1, 68006
24,68009,1,1,0, 68010
30,68008,3,3,1, 68011
31,68011,2,2,1, 68013
24,68014,1,1,1, 68015
30,68013,3,3,1, 68016
1,68041,1,1,0, 68042
1,68046,1,1,1, 68047
9,68047,2,2,1, 68049
1,68051,1,1,0, 68052
1,68056,1,1,0, 68057
9,68057,2,2,1, 68059
1,68061,1,1,1, 68062
1,68066,1,1,1, 68067
9,68067,2,2,1, 68069
1,68071,1,1,0, 68072
9,68072,2,2,1, 68074
1,68076,1,1,1, 68077
9,68077,2,2,1, 68079
1,68081,1,1,0, 68082
9,68082,2,2,1, 68084
1,68086,1,1,0, 68087
9,68087,2,2,1, 68089
1,68091,1,1,1, 68092
2,68093,2,2,1, 68095
1,68096,1,1,0, 68097
9,68097,2,2,1, 68099
2,68098,2,2,1, 68100
16,68104,2,2,1, 68106
8,68106,1,1,1, 68107
16,68109,2,2,1, 68111
8,68111,1,1,1, 68112
15,68111,2,2,1, 68113
14,68114,3,3,1, 68117
8,68116,1,1,0, 68117
14,68119,3,3,1, 68122
8,68121,1,1,0, 68122
24,68124,1,1,0, 68125
8,68126,1,1,1, 68127
15,68126,2,2,1, 68128
31,68126,2,2,1, 68128
24,68129,1,1,1, 68130
16,68129,2,2,1, 68131
8,68131,1,1,1, 68132
15,68131,2,2,1, 68133
31,68131,2,2,1, 68133
24,68134,1,1,0, 68135
8,68136,1,1,1, 68137
15,68136,2,2,1, 68138
31,68136,2,2,1, 68138
24,68139,1,1,1, 68140
16,68139,2,2,1, 68141
14,68139,3,3,1, 68142
8,68141,1,1,0, 68142
31,68141,2,2,1, 68143
24,68144,1,1,1, 68145
23,68143,3,3,1, 68146
30,68143,3,3,1, 68146
16,68144,2,2,1, 68146
8,68146,1,1,0, 68147
31,68146,2,2,1, 68148
24,68149,1,1,0, 68150
23,68148,3,3,1, 68151
30,68148,3,3,1, 68151
16,68149,2,2,1, 68151
24,68154,1,1,0, 68155
24,68159,1,1,0, 68160
24,68164,1,1,0, 68165
24,68169,1,1,1, 68170
24,68174,1,1,0, 68175
24,68179,1,1,0, 68180
24,68184,1,1,0, 68185
24,68189,1,1,1, 68190
24,68194,1,1,0, 68195
24,68199,1,1,0, 68200
24,68204,1,1,1, 68205
1,68206,1,1,0, 68207
24,68209,1,1,1, 68210
1,68211,1,1,1, 68212
9,68212,2,2,1, 68214
24,68214,1,1,0, 68215
1,68216,1,1,1, 68217
24,68219,1,1,1, 68220
1,68221,1,1,0, 68222
24,68224,1,1,0, 68225
1,68226,1,1,0, 68227
9,68227,2,2,1, 68229
24,68229,1,1,0, 68230
1,68231,1,1,1, 68232
9,68232,2,2,1, 68234
24,68234,1,1,0, 68235
1,68236,1,1,0, 68237
9,68237,2,2,1, 68239
24,68239,1,1,0, 68240
1,68241,1,1,1, 68242
9,68242,2,2,1, 68244
24,68244,1,1,1, 68245
1,68246,1,1,0, 68247
9,68247,2,2,1, 68249
24,68249,1,1,1, 68250
1,68251,1,1,0, 68252
9,68252,2,2,1, 68254
24,68254,1,1,0, 68255
1,68256,1,1,0, 68257
8,68256,1,1,0, 68257
31,68256,2,2,1, 68258
24,68259,1,1,0, 68260
30,68258,3,3,1, 68261
1,68261,1,1,1, 68262
8,68261,1,1,0, 68262
31,68261,2,2,1, 68263
9,68262,2,2,1, 68264
24,68264,1,1,0, 68265
30,68263,3,3,1, 68266
1,68266,1,1,0, 68267
8,68266,1,1,1, 68267
15,68266,2,2,1, 68268
31,68266,2,2,1, 68268
1,68271,1,1,0, 68272
8,68271,1,1,0, 68272
1,68276,1,1,1, 68277
8,68276,1,1,0, 68277
9,68277,2,2,1, 68279
2,68278,2,2,1, 68280
8,68281,1,1,0, 68282
8,68286,1,1,0, 68287
15,68286,2,2,1, 68288
8,68291,1,1,1, 68292
23,68293,3,3,1, 68296
16,68294,2,2,1, 68296
8,68296,1,1,0, 68297
16,68299,2,2,1, 68301
8,68301,1,1,0, 68302
15,68301,2,2,1, 68303
23,68303,3,3,1, 68306
8,68306,1,1,0, 68307
15,68306,2,2,1, 68308
16,68309,2,2,1, 68311
8,68311,1,1,0, 68312
23,68313,3,3,1, 68316
8,68316,1,1,0, 68317
15,68316,2,2,1, 68318
23,68318,3,3,1, 68321
8,68321,1,1,1, 68322
8,68326,1,1,0, 68327
23,68328,3,3,1, 68331
24,68374,1,1,0, 68375
24,68379,1,1,0, 68380
24,68384,1,1,1, 68385
1,68386,1,1,0, 68387
24,68389,1,1,0, 68390
1,68391,1,1,1, 68392
24,68394,1,1,1, 68395
1,68396,1,1,1, 68397
24,68399,1,1,0, 68400
1,68401,1,1,0, 68402
24,68404,1,1,1, 68405
1,68406,1,1,1, 68407
24,68409,1,1,0, 68410
1,68411,1,1,1, 68412
24,68414,1,1,1, 68415
1,68416,1,1,1, 68417
24,68419,1,1,1, 68420
1,68421,1,1,1, 68422
24,68424,1,1,0, 68425
1,68426,1,1,0, 68427
24,68429,1,1,1, 68430
1,68431,1,1,0, 68432
24,68434,1,1,0, 68435
1,68436,1,1,1, 68437
24,68439,1,1,0, 68440
1,68441,1,1,0, 68442
8,68441,1,1,0, 68442
9,68442,2,2,1, 68444
24,68444,1,1,1, 68445
30,68443,3,3,1, 68446
1,68446,1,1,0, 68447
8,68446,1,1,0, 68447
11,68444,4,4,1, 68448
9,68447,2,2,1, 68449
12,68445,5,5,1, 68450
3,68447,3,3,1, 68450
2,68448,2,2,1, 68450
24,68449,1,1,1, 68450
1,68451,1,1,1, 68452
8,68451,1,1,1, 68452
9,68452,2,2,1, 68454
4,68451,4,4,1, 68455
2,68453,2,2,1, 68455
24,68454,1,1,0, 68455
1,68456,1,1,0, 68457
8,68456,1,1,0, 68457
31,68456,2,2,1, 68458
2,68458,2,2,1, 68460
24,68459,1,1,0, 68460
1,68461,1,1,1, 68462
8,68461,1,1,0, 68462
9,68462,2,2,1, 68464
24,68464,1,1,0, 68465
8,68466,1,1,0, 68467
31,68466,2,2,1, 68468
24,68469,1,1,0, 68470
8,68471,1,1,0, 68472
31,68471,2,2,1, 68473
24,68474,1,1,0, 68475
30,68473,3,3,1, 68476
8,68476,1,1,1, 68477
31,68476,2,2,1, 68478
24,68479,1,1,1, 68480
8,68481,1,1,0, 68482
24,68484,1,1,1, 68485
8,68486,1,1,1, 68487
31,68486,2,2,1, 68488
24,68489,1,1,1, 68490
8,68491,1,1,1, 68492
31,68491,2,2,1, 68493
24,68494,1,1,0, 68495
8,68496,1,1,0, 68497
31,68496,2,2,1, 68498
24,68499,1,1,0, 68500
8,68501,1,1,1, 68502
24,68504,1,1,0, 68505
8,68506,1,1,0, 68507
24,68509,1,1,0, 68510
8,68511,1,1,0, 68512
31,68511,2,2,1, 68513
24,68514,1,1,0, 68515
23,68513,3,3,1, 68516
16,68514,2,2,1, 68516
8,68516,1,1,0, 68517
24,68519,1,1,0, 68520
16,68519,2,2,1, 68521
8,68521,1,1,0, 68522
16,68524,2,2,1, 68526
14,68524,3,3,1, 68527
8,68526,1,1,1, 68527
8,68531,1,1,0, 68532
15,68531,2,2,1, 68533
23,68533,3,3,1, 68536
16,68534,2,2,1, 68536
14,68534,3,3,1, 68537
8,68536,1,1,0, 68537
23,68538,3,3,1, 68541
8,68541,1,1,0, 68542
23,68543,3,3,1, 68546
16,68544,2,2,1, 68546
1,68566,1,1,1, 68567
1,68571,1,1,0, 68572
9,68572,2,2,1, 68574
1,68576,1,1,0, 68577
1,68581,1,1,0, 68582
9,68582,2,2,1, 68584
1,68586,1,1,0, 68587
1,68591,1,1,1, 68592
9,68592,2,2,1, 68594
1,68596,1,1,0, 68597
9,68597,2,2,1, 68599
1,68601,1,1,1, 68602
1,68606,1,1,0, 68607
1,68611,1,1,1, 68612
9,68612,2,2,1, 68614
1,68616,1,1,0, 68617
9,68617,2,2,1, 68619
1,68621,1,1,0, 68622
9,68622,2,2,1, 68624
24,68624,1,1,0, 68625
1,68626,1,1,1, 68627
24,68629,1,1,1, 68630
1,68631,1,1,0, 68632
9,68632,2,2,1, 68634
24,68634,1,1,1, 68635
1,68636,1,1,0, 68637
24,68639,1,1,1, 68640
1,68641,1,1,1, 68642
24,68644,1,1,1, 68645
1,68646,1,1,1, 68647
9,68647,2,2,1, 68649
24,68649,1,1,0, 68650
1,68651,1,1,1, 68652
8,68651,1,1,0, 68652
9,68652,2,2,1, 68654
24,68654,1,1,0, 68655
8,68656,1,1,1, 68657
24,68659,1,1,1, 68660
8,68661,1,1,0, 68662
24,68664,1,1,1, 68665
8,68666,1,1,0, 68667
24,68669,1,1,0, 68670
8,68671,1,1,1, 68672
24,68674,1,1,0, 68675
8,68676,1,1,0, 68677
24,68679,1,1,1, 68680
8,68681,1,1,1, 68682
24,68684,1,1,0, 68685
8,68686,1,1,0, 68687
24,68689,1,1,0, 68690
8,68691,1,1,0, 68692
31,68691,2,2,1, 68693
24,68694,1,1,1, 68695
30,68693,3,3,1, 68696
8,68696,1,1,0, 68697
31,68696,2,2,1, 68698
24,68699,1,1,0, 68700
8,68701,1,1,0, 68702
24,68704,1,1,1, 68705
30,68703,3,3,1, 68706
8,68706,1,1,1, 68707
24,68709,1,1,1, 68710
30,68708,3,3,1, 68711
8,68711,1,1,1, 68712
24,68714,1,1,0, 68715
30,68713,3,3,1, 68716
8,68716,1,1,0, 68717
31,68716,2,2,1, 68718
24,68719,1,1,1, 68720
30,68718,3,3,1, 68721
8,68721,1,1,0, 68722
31,68721,2,2,1, 68723
24,68724,1,1,0, 68725
8,68726,1,1,0, 68727
15,68726,2,2,1, 68728
24,68729,1,1,0, 68730
30,68728,3,3,1, 68731
8,68731,1,1,1, 68732
31,68731,2,2,1, 68733
8,68736,1,1,0, 68737
15,68736,2,2,1, 68738
8,68741,1,1,1, 68742
16,68744,2,2,1, 68746
8,68746,1,1,0, 68747
15,68746,2,2,1, 68748
23,68748,3,3,1, 68751
16,68749,2,2,1, 68751
8,68751,1,1,1, 68752
23,68753,3,3,1, 68756
8,68756,1,1,0, 68757
15,68756,2,2,1, 68758
23,68758,3,3,1, 68761
1,68761,1,1,0, 68762
8,68761,1,1,1, 68762
11,68759,4,4,1, 68763
9,68762,2,2,1, 68764
23,68763,3,3,1, 68766
1,68766,1,1,0, 68767
8,68766,1,1,0, 68767
15,68766,2,2,1, 68768
1,68771,1,1,0, 68772
1,68776,1,1,1, 68777
9,68777,2,2,1, 68779
1,68781,1,1,1, 68782
9,68782,2,2,1, 68784
1,68786,1,1,1, 68787
9,68787,2,2,1, 68789
1,68791,1,1,0, 68792
1,68796,1,1,0, 68797
1,68801,1,1,0, 68802
1,68806,1,1,0, 68807
1,68811,1,1,1, 68812
1,68816,1,1,1, 68817
9,68817,2,2,1, 68819
1,68821,1,1,1, 68822
1,68826,1,1,0, 68827
1,68831,1,1,1, 68832
1,68836,1,1,0, 68837
24,68839,1,1,0, 68840
1,68841,1,1,0, 68842
24,68844,1,1,1, 68845
1,68846,1,1,1, 68847
24,68849,1,1,1, 68850
1,68851,1,1,1, 68852
24,68854,1,1,1, 68855
1,68856,1,1,1, 68857
24,68859,1,1,0, 68860
1,68861,1,1,1, 68862
24,68864,1,1,0, 68865
1,68866,1,1,1, 68867
24,68869,1,1,1, 68870
30,68868,3,3,1, 68871
1,68871,1,1,1, 68872
31,68871,2,2,1, 68873
26,68872,3,3,1, 68875
24,68874,1,1,1, 68875
30,68873,3,3,1, 68876
1,68876,1,1,1, 68877
8,68876,1,1,0, 68877
31,68876,2,2,1, 68878
2,68878,2,2,1, 68880
24,68879,1,1,0, 68880
1,68881,1,1,0, 68882
8,68881,1,1,0, 68882
26,68882,3,3,1, 68885
24,68884,1,1,0, 68885
1,68886,1,1,0, 68887
8,68886,1,1,0, 68887
26,68887,3,3,1, 68890
24,68889,1,1,1, 68890
8,68891,1,1,0, 68892
24,68894,1,1,1, 68895
8,68896,1,1,0, 68897
31,68896,2,2,1, 68898
24,68899,1,1,0, 68900
8,68901,1,1,1, 68902
24,68904,1,1,0, 68905
8,68906,1,1,1, 68907
24,68909,1,1,1, 68910
8,68911,1,1,0, 68912
31,68911,2,2,1, 68913
24,68914,1,1,0, 68915
8,68916,1,1,1, 68917
24,68919,1,1,0, 68920
8,68921,1,1,1, 68922
24,68924,1,1,1, 68925
8,68926,1,1,1, 68927
31,68926,2,2,1, 68928
24,68929,1,1,0, 68930
8,68931,1,1,1, 68932
31,68931,2,2,1, 68933
24,68934,1,1,0, 68935
8,68936,1,1,0, 68937
24,68939,1,1,0, 68940
23,68938,3,3,1, 68941
8,68941,1,1,1, 68942
24,68944,1,1,1, 68945
23,68943,3,3,1, 68946
8,68946,1,1,0, 68947
31,68946,2,2,1, 68948
24,68949,1,1,0, 68950
8,68951,1,1,0, 68952
31,68951,2,2,1, 68953
16,68954,2,2,1, 68956
8,68956,1,1,0, 68957
8,68961,1,1,1, 68962
23,68963,3,3,1, 68966
8,68966,1,1,0, 68967
8,68971,1,1,0, 68972
8,68976,1,1,1, 68977
16,68979,2,2,1, 68981
8,68981,1,1,1, 68982
23,68983,3,3,1, 68986
16,68984,2,2,1, 68986
14,68984,3,3,1, 68987
8,68986,1,1,0, 68987
15,68986,2,2,1, 68988
8,68991,1,1,0, 68992
15,68991,2,2,1, 68993
1,68996,1,1,1, 68997
1,69001,1,1,1, 69002
1,69006,1,1,1, 69007
9,69007,2,2,1, 69009
1,69011,1,1,1, 69012
9,69012,2,2,1, 69014
1,69016,1,1,1, 69017
9,69017,2,2,1, 69019
1,69021,1,1,1, 69022
1,69026,1,1,0, 69027
1,69031,1,1,0, 69032
1,69036,1,1,1, 69037
9,69037,2,2,1, 69039
1,69041,1,1,0, 69042
1,69046,1,1,0, 69047
9,69047,2,2,1, 69049
1,69051,1,1,1, 69052
9,69052,2,2,1, 69054
1,69056,1,1,0, 69057
24,69059,1,1,1, 69060
1,69061,1,1,0, 69062
24,69064,1,1,0, 69065
1,69066,1,1,1, 69067
24,69069,1,1,1, 69070
1,69071,1,1,0, 69072
24,69074,1,1,1, 69075
1,69076,1,1,1, 69077
9,69077,2,2,1, 69079
26,69077,3,3,1, 69080
2,69078,2,2,1, 69080
24,69079,1,1,0, 69080
1,69081,1,1,1, 69082
9,69082,2,2,1, 69084
24,69084,1,1,0, 69085
24,69089,1,1,1, 69090
24,69094,1,1,1, 69095
14,69094,3,3,1, 69097
8,69096,1,1,1, 69097
15,69096,2,2,1, 69098
24,69099,1,1,0, 69100
14,69099,3,3,1, 69102
8,69101,1,1,0, 69102
24,69104,1,1,0, 69105
8,69106,1,1,1, 69107
24,69109,1,1,1, 69110
8,69111,1,1,1, 69112
24,69114,1,1,0, 69115
8,69116,1,1,1, 69117
24,69119,1,1,1, 69120
8,69121,1,1,0, 69122
24,69124,1,1,1, 69125
8,69126,1,1,1, 69127
24,69129,1,1,0, 69130
8,69131,1,1,0, 69132
24,69134,1,1,1, 69135
8,69136,1,1,1, 69137
24,69139,1,1,0, 69140
8,69141,1,1,1, 69142
24,69144,1,1,0, 69145
8,69146,1,1,0, 69147
24,69149,1,1,0, 69150
8,69151,1,1,1, 69152
24,69154,1,1,0, 69155
30,69153,3,3,1, 69156
8,69156,1,1,1, 69157
24,69159,1,1,0, 69160
16,69159,2,2,1, 69161
8,69161,1,1,1, 69162
31,69161,2,2,1, 69163
24,69164,1,1,1, 69165
30,69163,3,3,1, 69166
8,69166,1,1,1, 69167
24,69169,1,1,0, 69170
16,69169,2,2,1, 69171
8,69171,1,1,0, 69172
31,69171,2,2,1, 69173
24,69174,1,1,0, 69175
30,69173,3,3,1, 69176
16,69174,2,2,1, 69176
8,69176,1,1,0, 69177
31,69176,2,2,1, 69178
24,69179,1,1,1, 69180
30,69178,3,3,1, 69181
8,69181,1,1,1, 69182
24,69184,1,1,0, 69185
30,69183,3,3,1, 69186
8,69186,1,1,0, 69187
24,69189,1,1,0, 69190
1,69191,1,1,0, 69192
8,69191,1,1,0, 69192
31,69191,2,2,1, 69193
9,69192,2,2,1, 69194
16,69194,2,2,1, 69196
1,69196,1,1,0, 69197
8,69196,1,1,0, 69197
9,69197,2,2,1, 69199
1,69201,1,1,1, 69202
8,69201,1,1,0, 69202
9,69202,2,2,1, 69204
16,69204,2,2,1, 69206
1,69206,1,1,1, 69207
8,69206,1,1,0, 69207
1,69211,1,1,1, 69212
8,69211,1,1,0, 69212
15,69211,2,2,1, 69213
9,69212,2,2,1, 69214
1,69216,1,1,1, 69217
8,69216,1,1,0, 69217
15,69216,2,2,1, 69218
1,69221,1,1,1, 69222
8,69221,1,1,1, 69222
16,69224,2,2,1, 69226
1,69226,1,1,1, 69227
8,69226,1,1,0, 69227
1,69231,1,1,1, 69232
8,69231,1,1,1, 69232
15,69231,2,2,1, 69233
9,69232,2,2,1, 69234
1,69236,1,1,1, 69237
1,69241,1,1,1, 69242
9,69242,2,2,1, 69244
1,69246,1,1,0, 69247
9,69247,2,2,1, 69249
1,69251,1,1,0, 69252
1,69256,1,1,1, 69257
9,69257,2,2,1, 69259
2,69258,2,2,1, 69260
1,69261,1,1,0, 69262
9,69262,2,2,1, 69264
2,69263,2,2,1, 69265
1,69266,1,1,0, 69267
1,69271,1,1,1, 69272
1,69276,1,1,1, 69277
1,69281,1,1,0, 69282
9,69282,2,2,1, 69284
24,69299,1,1,1, 69300
24,69304,1,1,1, 69305
24,69309,1,1,0, 69310
24,69314,1,1,0, 69315
24,69319,1,1,0, 69320
24,69324,1,1,0, 69325
24,69329,1,1,0, 69330
24,69334,1,1,0, 69335
24,69339,1,1,0, 69340
31,69341,2,2,1, 69343
24,69344,1,1,1, 69345
16,69344,2,2,1, 69346
8,69346,1,1,0, 69347
15,69346,2,2,1, 69348
31,69346,2,2,1, 69348
24,69349,1,1,1, 69350
23,69348,3,3,1, 69351
14,69349,3,3,1, 69352
8,69351,1,1,0, 69352
24,69354,1,1,1, 69355
30,69353,3,3,1, 69356
14,69354,3,3,1, 69357
8,69356,1,1,1, 69357
15,69356,2,2,1, 69358
24,69359,1,1,0, 69360
8,69361,1,1,0, 69362
24,69364,1,1,0, 69365
8,69366,1,1,0, 69367
24,69369,1,1,1, 69370
30,69368,3,3,1, 69371
8,69371,1,1,0, 69372
31,69371,2,2,1, 69373
24,69374,1,1,0, 69375
8,69376,1,1,1, 69377
31,69376,2,2,1, 69378
24,69379,1,1,0, 69380
8,69381,1,1,1, 69382
31,69381,2,2,1, 69383
24,69384,1,1,0, 69385
8,69386,1,1,0, 69387
24,69389,1,1,0, 69390
8,69391,1,1,1, 69392
24,69394,1,1,0, 69395
30,69393,3,3,1, 69396
1,69396,1,1,0, 69397
8,69396,1,1,1, 69397
24,69399,1,1,1, 69400
30,69398,3,3,1, 69401
1,69401,1,1,1, 69402
8,69401,1,1,1, 69402
24,69404,1,1,0, 69405
1,69406,1,1,1, 69407
8,69406,1,1,0, 69407
31,69406,2,2,1, 69408
24,69409,1,1,0, 69410
1,69411,1,1,1, 69412
8,69411,1,1,1, 69412
31,69411,2,2,1, 69413
1,69416,1,1,0, 69417
8,69416,1,1,0, 69417
1,69421,1,1,0, 69422
8,69421,1,1,1, 69422
1,69426,1,1,0, 69427
8,69426,1,1,0, 69427
1,69431,1,1,1, 69432
8,69431,1,1,0, 69432
1,69436,1,1,1, 69437
8,69436,1,1,0, 69437
1,69441,1,1,0, 69442
8,69441,1,1,1, 69442
1,69446,1,1,1, 69447
8,69446,1,1,1, 69447
1,69451,1,1,0, 69452
8,69451,1,1,1, 69452
1,69456,1,1,0, 69457
8,69456,1,1,1, 69457
16,69459,2,2,1, 69461
1,69461,1,1,1, 69462
8,69461,1,1,0, 69462
9,69462,2,2,1, 69464
23,69463,3,3,1, 69466
1,69466,1,1,0, 69467
8,69466,1,1,0, 69467
15,69466,2,2,1, 69468
26,69467,3,3,1, 69470
1,69471,1,1,1, 69472
8,69471,1,1,0, 69472
2,69473,2,2,1, 69475
14,69474,3,3,1, 69477
1,69476,1,1,0, 69477
8,69476,1,1,0, 69477
15,69476,2,2,1, 69478
9,69477,2,2,1, 69479
14,69479,3,3,1, 69482
1,69481,1,1,1, 69482
8,69481,1,1,0, 69482
15,69481,2,2,1, 69483
9,69482,2,2,1, 69484
2,69483,2,2,1, 69485
1,69486,1,1,1, 69487
26,69487,3,3,1, 69490
2,69488,2,2,1, 69490
1,69491,1,1,0, 69492
9,69492,2,2,1, 69494
2,69493,2,2,1, 69495
1,69496,1,1,0, 69497
9,69497,2,2,1, 69499
24,69519,1,1,1, 69520
24,69524,1,1,0, 69525
24,69529,1,1,1, 69530
24,69534,1,1,0, 69535
24,69539,1,1,1, 69540
24,69544,1,1,1, 69545
24,69549,1,1,1, 69550
24,69554,1,1,0, 69555
31,69556,2,2,1, 69558
24,69559,1,1,1, 69560
30,69558,3,3,1, 69561
31,69561,2,2,1, 69563
24,69564,1,1,1, 69565
24,69569,1,1,0, 69570
24,69574,1,1,0, 69575
24,69579,1,1,1, 69580
30,69578,3,3,1, 69581
31,69581,2,2,1, 69583
24,69584,1,1,1, 69585
24,69589,1,1,0, 69590
30,69588,3,3,1, 69591
8,69591,1,1,0, 69592
31,69591,2,2,1, 69593
24,69594,1,1,1, 69595
30,69593,3,3,1, 69596
8,69596,1,1,1, 69597
24,69599,1,1,0, 69600
8,69601,1,1,1, 69602
24,69604,1,1,1, 69605
8,69606,1,1,0, 69607
31,69606,2,2,1, 69608
24,69609,1,1,0, 69610
1,69611,1,1,1, 69612
8,69611,1,1,1, 69612
31,69611,2,2,1, 69613
9,69612,2,2,1, 69614
1,69616,1,1,0, 69617
8,69616,1,1,0, 69617
9,69617,2,2,1, 69619
1,69621,1,1,1, 69622
8,69621,1,1,0, 69622
9,69622,2,2,1, 69624
1,69626,1,1,0, 69627
8,69626,1,1,0, 69627
9,69627,2,2,1, 69629
1,69631,1,1,0, 69632
8,69631,1,1,0, 69632
9,69632,2,2,1, 69634
1,69636,1,1,0, 69637
8,69636,1,1,0, 69637
1,69641,1,1,1, 69642
8,69641,1,1,0, 69642
9,69642,2,2,1, 69644
1,69646,1,1,1, 69647
8,69646,1,1,1, 69647
9,69647,2,2,1, 69649
26,69647,3,3,1, 69650
2,69648,2,2,1, 69650
14,69649,3,3,1, 69652
1,69651,1,1,1, 69652
8,69651,1,1,1, 69652
15,69651,2,2,1, 69653
26,69652,3,3,1, 69655
14,69654,3,3,1, 69657
1,69656,1,1,1, 69657
8,69656,1,1,1, 69657
9,69657,2,2,1, 69659
26,69657,3,3,1, 69660
14,69659,3,3,1, 69662
8,69661,1,1,1, 69662
15,69661,2,2,1, 69663
8,69666,1,1,0, 69667
8,69671,1,1,0, 69672
8,69676,1,1,1, 69677
15,69676,2,2,1, 69678
8,69681,1,1,0, 69682
16,69684,2,2,1, 69686
8,69686,1,1,1, 69687
23,69688,3,3,1, 69691
8,69691,1,1,1, 69692
15,69691,2,2,1, 69693
23,69693,3,3,1, 69696
16,69694,2,2,1, 69696
24,69714,1,1,0, 69715
24,69719,1,1,0, 69720
24,69724,1,1,0, 69725
24,69729,1,1,1, 69730
24,69734,1,1,0, 69735
24,69739,1,1,0, 69740
24,69744,1,1,0, 69745
24,69749,1,1,0, 69750
24,69754,1,1,0, 69755
24,69759,1,1,0, 69760
24,69764,1,1,0, 69765
1,69766,1,1,0, 69767
9,69767,2,2,1, 69769
24,69769,1,1,0, 69770
1,69771,1,1,0, 69772
24,69774,1,1,0, 69775
1,69776,1,1,1, 69777
24,69779,1,1,0, 69780
1,69781,1,1,1, 69782
24,69784,1,1,1, 69785
1,69786,1,1,1, 69787
24,69789,1,1,0, 69790
1,69791,1,1,0, 69792
31,69791,2,2,1, 69793
24,69794,1,1,0, 69795
1,69796,1,1,0, 69797
9,69797,2,2,1, 69799
24,69799,1,1,1, 69800
16,69799,2,2,1, 69801
1,69801,1,1,1, 69802
8,69801,1,1,1, 69802
15,69801,2,2,1, 69803
24,69804,1,1,1, 69805
1,69806,1,1,0, 69807
8,69806,1,1,0, 69807
31,69806,2,2,1, 69808
24,69809,1,1,1, 69810
1,69811,1,1,1, 69812
8,69811,1,1,0, 69812
15,69811,2,2,1, 69813
9,69812,2,2,1, 69814
24,69814,1,1,0, 69815
16,69814,2,2,1, 69816
14,69814,3,3,1, 69817
1,69816,1,1,1, 69817
8,69816,1,1,1, 69817
15,69816,2,2,1, 69818
9,69817,2,2,1, 69819
24,69819,1,1,1, 69820
14,69819,3,3,1, 69822
1,69821,1,1,0, 69822
8,69821,1,1,1, 69822
31,69821,2,2,1, 69823
9,69822,2,2,1, 69824
26,69822,3,3,1, 69825
24,69824,1,1,1, 69825
16,69824,2,2,1, 69826
1,69826,1,1,1, 69827
8,69826,1,1,0, 69827
26,69827,3,3,1, 69830
24,69829,1,1,0, 69830
1,69831,1,1,1, 69832
8,69831,1,1,0, 69832
26,69832,3,3,1, 69835
24,69834,1,1,1, 69835
23,69833,3,3,1, 69836
1,69836,1,1,1, 69837
8,69836,1,1,1, 69837
2,69838,2,2,1, 69840
24,69839,1,1,0, 69840
23,69838,3,3,1, 69841
16,69839,2,2,1, 69841
1,69841,1,1,1, 69842
8,69841,1,1,1, 69842
31,69841,2,2,1, 69843
9,69842,2,2,1, 69844
24,69844,1,1,0, 69845
8,69846,1,1,0, 69847
24,69849,1,1,0, 69850
23,69848,3,3,1, 69851
16,69849,2,2,1, 69851
8,69851,1,1,0, 69852
24,69854,1,1,1, 69855
23,69853,3,3,1, 69856
24,69859,1,1,0, 69860
31,69861,2,2,1, 69863
24,69864,1,1,1, 69865
31,69866,2,2,1, 69868
24,69869,1,1,0, 69870
31,69871,2,2,1, 69873
24,69874,1,1,1, 69875
24,69879,1,1,0, 69880
31,69881,2,2,1, 69883
1,69946,1,1,0, 69947
1,69951,1,1,0, 69952
1,69956,1,1,1, 69957
1,69961,1,1,1, 69962
14,69964,3,3,1, 69967
1,69966,1,1,1, 69967
8,69966,1,1,0, 69967
15,69966,2,2,1, 69968
1,69971,1,1,1, 69972
8,69971,1,1,0, 69972
15,69971,2,2,1, 69973
1,69976,1,1,1, 69977
8,69976,1,1,0, 69977
16,69979,2,2,1, 69981
14,69979,3,3,1, 69982
1,69981,1,1,1, 69982
8,69981,1,1,1, 69982
24,69984,1,1,1, 69985
16,69984,2,2,1, 69986
1,69986,1,1,1, 69987
8,69986,1,1,0, 69987
24,69989,1,1,1, 69990
1,69991,1,1,1, 69992
8,69991,1,1,1, 69992
15,69991,2,2,1, 69993
24,69994,1,1,0, 69995
23,69993,3,3,1, 69996
14,69994,3,3,1, 69997
1,69996,1,1,0, 69997
8,69996,1,1,1, 69997
24,69999,1,1,0, 70000
1,70001,1,1,1, 70002
8,70001,1,1,1, 70002
24,70004,1,1,0, 70005
1,70006,1,1,0, 70007
8,70006,1,1,0, 70007
9,70007,2,2,1, 70009
24,70009,1,1,1, 70010
23,70008,3,3,1, 70011
1,70011,1,1,0, 70012
8,70011,1,1,1, 70012
15,70011,2,2,1, 70013
24,70014,1,1,0, 70015
1,70016,1,1,1, 70017
8,70016,1,1,0, 70017
15,70016,2,2,1, 70018
9,70017,2,2,1, 70019
2,70018,2,2,1, 70020
24,70019,1,1,1, 70020
16,70019,2,2,1, 70021
1,70021,1,1,1, 70022
9,70022,2,2,1, 70024
26,70022,3,3,1, 70025
24,70024,1,1,1, 70025
1,70026,1,1,0, 70027
26,70027,3,3,1, 70030
2,70028,2,2,1, 70030
24,70029,1,1,1, 70030
1,70031,1,1,1, 70032
24,70034,1,1,1, 70035
1,70036,1,1,0, 70037
9,70037,2,2,1, 70039
2,70038,2,2,1, 70040
24,70039,1,1,1, 70040
1,70041,1,1,1, 70042
26,70042,3,3,1, 70045
2,70043,2,2,1, 70045
24,70044,1,1,1, 70045
24,70049,1,1,1, 70050
24,70054,1,1,0, 70055
24,70059,1,1,1, 70060
24,70064,1,1,1, 70065
24,70069,1,1,1, 70070
30,70068,3,3,1, 70071
24,70074,1,1,1, 70075
24,70079,1,1,1, 70080
30,70078,3,3,1, 70081
31,70081,2,2,1, 70083
24,70084,1,1,1, 70085
24,70089,1,1,0, 70090
24,70094,1,1,0, 70095
31,70096,2,2,1, 70098
24,70099,1,1,0, 70100
30,70098,3,3,1, 70101
31,70101,2,2,1, 70103
24,70104,1,1,0, 70105
30,70103,3,3,1, 70106
31,70106,2,2,1, 70108
24,70109,1,1,0, 70110
24,70114,1,1,0, 70115
30,70113,3,3,1, 70116
31,70116,2,2,1, 70118
8,70126,1,1,1, 70127
8,70131,1,1,0, 70132
8,70136,1,1,0, 70137
8,70141,1,1,1, 70142
8,70146,1,1,1, 70147
1,70151,1,1,1, 70152
8,70151,1,1,1, 70152
9,70152,2,2,1, 70154
1,70156,1,1,0, 70157
8,70156,1,1,1, 70157
1,70161,1,1,0, 70162
8,70161,1,1,0, 70162
1,70166,1,1,1, 70167
8,70166,1,1,1, 70167
9,70167,2,2,1, 70169
1,70171,1,1,0, 70172
8,70171,1,1,0, 70172
9,70172,2,2,1, 70174
1,70176,1,1,1, 70177
8,70176,1,1,0, 70177
1,70181,1,1,1, 70182
8,70181,1,1,1, 70182
15,70181,2,2,1, 70183
9,70182,2,2,1, 70184
1,70186,1,1,0, 70187
8,70186,1,1,0, 70187
1,70191,1,1,1, 70192
8,70191,1,1,1, 70192
15,70191,2,2,1, 70193
26,70192,3,3,1, 70195
1,70196,1,1,0, 70197
8,70196,1,1,0, 70197
15,70196,2,2,1, 70198
26,70197,3,3,1, 70200
2,70198,2,2,1, 70200
1,70201,1,1,0, 70202
8,70201,1,1,1, 70202
1,70206,1,1,0, 70207
8,70206,1,1,0, 70207
9,70207,2,2,1, 70209
1,70211,1,1,0, 70212
8,70211,1,1,0, 70212
15,70211,2,2,1, 70213
9,70212,2,2,1, 70214
26,70212,3,3,1, 70215
2,70213,2,2,1, 70215
16,70214,2,2,1, 70216
1,70216,1,1,0, 70217
8,70216,1,1,0, 70217
9,70217,2,2,1, 70219
23,70218,3,3,1, 70221
8,70221,1,1,1, 70222
24,70224,1,1,0, 70225
23,70223,3,3,1, 70226
16,70224,2,2,1, 70226
8,70226,1,1,1, 70227
24,70229,1,1,0, 70230
16,70229,2,2,1, 70231
8,70231,1,1,1, 70232
15,70231,2,2,1, 70233
24,70234,1,1,0, 70235
23,70233,3,3,1, 70236
24,70239,1,1,1, 70240
24,70244,1,1,0, 70245
30,70243,3,3,1, 70246
31,70246,2,2,1, 70248
24,70249,1,1,1, 70250
24,70254,1,1,1, 70255
31,70256,2,2,1, 70258
24,70259,1,1,0, 70260
30,70258,3,3,1, 70261
31,70261,2,2,1, 70263
24,70264,1,1,0, 70265
31,70266,2,2,1, 70268
24,70269,1,1,1, 70270
30,70268,3,3,1, 70271
24,70274,1,1,1, 70275
30,70273,3,3,1, 70276
31,70276,2,2,1, 70278
24,70279,1,1,0, 70280
30,70278,3,3,1, 70281
24,70284,1,1,1, 70285
30,70283,3,3,1, 70286
31,70286,2,2,1, 70288
1,70326,1,1,1, 70327
1,70331,1,1,0, 70332
1,70336,1,1,1, 70337
9,70337,2,2,1, 70339
1,70341,1,1,0, 70342
8,70341,1,1,1, 70342
16,70344,2,2,1, 70346
1,70346,1,1,0, 70347
8,70346,1,1,1, 70347
16,70349,2,2,1, 70351
1,70351,1,1,1, 70352
8,70351,1,1,1, 70352
9,70352,2,2,1, 70354
1,70356,1,1,0, 70357
8,70356,1,1,1, 70357
1,70361,1,1,0, 70362
8,70361,1,1,1, 70362
9,70362,2,2,1, 70364
23,70363,3,3,1, 70366
1,70366,1,1,0, 70367
8,70366,1,1,0, 70367
9,70367,2,2,1, 70369
16,70369,2,2,1, 70371
1,70371,1,1,0, 70372
8,70371,1,1,0, 70372
26,70372,3,3,1, 70375
2,70373,2,2,1, 70375
16,70374,2,2,1, 70376
1,70376,1,1,1, 70377
8,70376,1,1,0, 70377
9,70377,2,2,1, 70379
1,70381,1,1,1, 70382
8,70381,1,1,1, 70382
26,70382,3,3,1, 70385
2,70383,2,2,1, 70385
16,70384,2,2,1, 70386
1,70386,1,1,1, 70387
8,70386,1,1,0, 70387
9,70387,2,2,1, 70389
2,70388,2,2,1, 70390
23,70388,3,3,1, 70391
16,70389,2,2,1, 70391
1,70391,1,1,0, 70392
8,70391,1,1,0, 70392
24,70394,1,1,1, 70395
1,70396,1,1,1, 70397
8,70396,1,1,1, 70397
26,70397,3,3,1, 70400
24,70399,1,1,1, 70400
8,70401,1,1,0, 70402
24,70404,1,1,1, 70405
23,70403,3,3,1, 70406
16,70404,2,2,1, 70406
8,70406,1,1,1, 70407
24,70409,1,1,1, 70410
16,70409,2,2,1, 70411
8,70411,1,1,0, 70412
24,70414,1,1,1, 70415
23,70413,3,3,1, 70416
24,70419,1,1,0, 70420
24,70424,1,1,1, 70425
24,70429,1,1,0, 70430
30,70428,3,3,1, 70431
24,70434,1,1,0, 70435
31,70436,2,2,1, 70438
24,70439,1,1,1, 70440
30,70438,3,3,1, 70441
31,70441,2,2,1, 70443
24,70444,1,1,0, 70445
30,70443,3,3,1, 70446
31,70446,2,2,1, 70448
24,70449,1,1,0, 70450
30,70448,3,3,1, 70451
24,70454,1,1,1, 70455
30,70453,3,3,1, 70456
24,70459,1,1,0, 70460
30,70458,3,3,1, 70461
31,70461,2,2,1, 70463
24,70464,1,1,1, 70465
24,70469,1,1,1, 70470
30,70468,3,3,1, 70471
24,70474,1,1,0, 70475
24,70479,1,1,1, 70480
31,70481,2,2,1, 70483
1,70506,1,1,0, 70507
1,70511,1,1,1, 70512
1,70516,1,1,0, 70517
1,70521,1,1,1, 70522
8,70521,1,1,1, 70522
1,70526,1,1,0, 70527
8,70526,1,1,1, 70527
1,70531,1,1,0, 70532
8,70531,1,1,1, 70532
1,70536,1,1,1, 70537
8,70536,1,1,0, 70537
2,70538,2,2,1, 70540
1,70541,1,1,0, 70542
8,70541,1,1,1, 70542
9,70542,2,2,1, 70544
2,70543,2,2,1, 70545
1,70546,1,1,0, 70547
8,70546,1,1,0, 70547
2,70548,2,2,1, 70550
23,70548,3,3,1, 70551
16,70549,2,2,1, 70551
1,70551,1,1,1, 70552
8,70551,1,1,0, 70552
9,70552,2,2,1, 70554
26,70552,3,3,1, 70555
2,70553,2,2,1, 70555
1,70556,1,1,1, 70557
8,70556,1,1,0, 70557
16,70559,2,2,1, 70561
1,70561,1,1,1, 70562
8,70561,1,1,0, 70562
16,70564,2,2,1, 70566
1,70566,1,1,1, 70567
8,70566,1,1,0, 70567
26,70567,3,3,1, 70570
1,70571,1,1,1, 70572
8,70571,1,1,1, 70572
2,70573,2,2,1, 70575
1,70576,1,1,1, 70577
8,70576,1,1,1, 70577
9,70577,2,2,1, 70579
23,70578,3,3,1, 70581
16,70579,2,2,1, 70581
1,70581,1,1,1, 70582
8,70581,1,1,1, 70582
9,70582,2,2,1, 70584
2,70583,2,2,1, 70585
16,70584,2,2,1, 70586
8,70586,1,1,1, 70587
24,70589,1,1,1, 70590
23,70588,3,3,1, 70591
8,70591,1,1,0, 70592
24,70594,1,1,0, 70595
23,70593,3,3,1, 70596
16,70594,2,2,1, 70596
8,70596,1,1,1, 70597
24,70599,1,1,0, 70600
16,70599,2,2,1, 70601
8,70601,1,1,1, 70602
24,70604,1,1,0, 70605
23,70603,3,3,1, 70606
24,70609,1,1,0, 70610
24,70614,1,1,1, 70615
24,70619,1,1,0, 70620
30,70618,3,3,1, 70621
31,70621,2,2,1, 70623
24,70624,1,1,1, 70625
31,70626,2,2,1, 70628
24,70629,1,1,0, 70630
31,70631,2,2,1, 70633
24,70634,1,1,0, 70635
31,70636,2,2,1, 70638
24,70639,1,1,0, 70640
24,70644,1,1,0, 70645
24,70649,1,1,0, 70650
31,70651,2,2,1, 70653
24,70654,1,1,0, 70655
24,70659,1,1,0, 70660
24,70664,1,1,0, 70665
31,70666,2,2,1, 70668
24,70669,1,1,0, 70670
31,70671,2,2,1, 70673
24,70674,1,1,0, 70675
31,70676,2,2,1, 70678
24,70679,1,1,1, 70680
24,70684,1,1,0, 70685
31,70686,2,2,1, 70688
24,70689,1,1,1, 70690
1,70691,1,1,0, 70692
9,70692,2,2,1, 70694
24,70694,1,1,1, 70695
1,70696,1,1,0, 70697
24,70699,1,1,1, 70700
1,70701,1,1,1, 70702
31,70701,2,2,1, 70703
9,70702,2,2,1, 70704
1,70706,1,1,1, 70707
1,70711,1,1,1, 70712
8,70711,1,1,1, 70712
9,70712,2,2,1, 70714
1,70716,1,1,0, 70717
8,70716,1,1,1, 70717
15,70716,2,2,1, 70718
9,70717,2,2,1, 70719
1,70721,1,1,1, 70722
8,70721,1,1,0, 70722
1,70726,1,1,0, 70727
8,70726,1,1,0, 70727
15,70726,2,2,1, 70728
1,70731,1,1,1, 70732
8,70731,1,1,1, 70732
15,70731,2,2,1, 70733
14,70734,3,3,1, 70737
1,70736,1,1,0, 70737
8,70736,1,1,0, 70737
9,70737,2,2,1, 70739
1,70741,1,1,1, 70742
8,70741,1,1,1, 70742
15,70741,2,2,1, 70743
1,70746,1,1,1, 70747
8,70746,1,1,1, 70747
2,70748,2,2,1, 70750
1,70751,1,1,1, 70752
8,70751,1,1,1, 70752
15,70751,2,2,1, 70753
3,70752,3,3,1, 70755
26,70752,3,3,1, 70755
14,70754,3,3,1, 70757
1,70756,1,1,1, 70757
8,70756,1,1,1, 70757
15,70756,2,2,1, 70758
26,70757,3,3,1, 70760
2,70758,2,2,1, 70760
14,70759,3,3,1, 70762
1,70761,1,1,1, 70762
8,70761,1,1,0, 70762
9,70762,2,2,1, 70764
3,70762,3,3,1, 70765
2,70763,2,2,1, 70765
8,70766,1,1,0, 70767
14,70769,3,3,1, 70772
8,70771,1,1,0, 70772
14,70774,3,3,1, 70777
8,70776,1,1,0, 70777
8,70781,1,1,1, 70782
15,70781,2,2,1, 70783
23,70783,3,3,1, 70786
24,70809,1,1,0, 70810
24,70814,1,1,1, 70815
24,70819,1,1,0, 70820
24,70824,1,1,0, 70825
24,70829,1,1,1, 70830
24,70834,1,1,1, 70835
24,70839,1,1,1, 70840
24,70844,1,1,1, 70845
24,70849,1,1,0, 70850
24,70854,1,1,1, 70855
24,70859,1,1,1, 70860
24,70864,1,1,0, 70865
24,70869,1,1,1, 70870
1,70871,1,1,0, 70872
24,70874,1,1,0, 70875
1,70876,1,1,0, 70877
9,70877,2,2,1, 70879
24,70879,1,1,1, 70880
1,70881,1,1,0, 70882
24,70884,1,1,1, 70885
1,70886,1,1,1, 70887
24,70889,1,1,1, 70890
1,70891,1,1,0, 70892
8,70891,1,1,1, 70892
24,70894,1,1,0, 70895
1,70896,1,1,1, 70897
8,70896,1,1,1, 70897
9,70897,2,2,1, 70899
24,70899,1,1,1, 70900
16,70899,2,2,1, 70901
1,70901,1,1,0, 70902
8,70901,1,1,1, 70902
9,70902,2,2,1, 70904
24,70904,1,1,0, 70905
23,70903,3,3,1, 70906
16,70904,2,2,1, 70906
1,70906,1,1,0, 70907
8,70906,1,1,0, 70907
15,70906,2,2,1, 70908
2,70908,2,2,1, 70910
24,70909,1,1,0, 70910
16,70909,2,2,1, 70911
1,70911,1,1,1, 70912
8,70911,1,1,1, 70912
9,70912,2,2,1, 70914
26,70912,3,3,1, 70915
2,70913,2,2,1, 70915
24,70914,1,1,0, 70915
30,70913,3,3,1, 70916
16,70914,2,2,1, 70916
14,70914,3,3,1, 70917
1,70916,1,1,1, 70917
8,70916,1,1,0, 70917
15,70916,2,2,1, 70918
31,70916,2,2,1, 70918
24,70919,1,1,0, 70920
16,70919,2,2,1, 70921
1,70921,1,1,1, 70922
8,70921,1,1,0, 70922
9,70922,2,2,1, 70924
24,70924,1,1,1, 70925
23,70923,3,3,1, 70926
1,70926,1,1,0, 70927
8,70926,1,1,1, 70927
31,70926,2,2,1, 70928
9,70927,2,2,1, 70929
26,70927,3,3,1, 70930
24,70929,1,1,0, 70930
23,70928,3,3,1, 70931
30,70928,3,3,1, 70931
16,70929,2,2,1, 70931
14,70929,3,3,1, 70932
1,70931,1,1,1, 70932
9,70932,2,2,1, 70934
2,70933,2,2,1, 70935
24,70934,1,1,0, 70935
30,70933,3,3,1, 70936
31,70936,2,2,1, 70938
24,70939,1,1,0, 70940
30,70938,3,3,1, 70941
24,70944,1,1,1, 70945
30,70943,3,3,1, 70946
24,70949,1,1,1, 70950
30,70948,3,3,1, 70951
31,70951,2,2,1, 70953
8,71036,1,1,0, 71037
1,71041,1,1,0, 71042
8,71041,1,1,0, 71042
1,71046,1,1,0, 71047
8,71046,1,1,0, 71047
1,71051,1,1,0, 71052
8,71051,1,1,1, 71052
1,71056,1,1,0, 71057
8,71056,1,1,1, 71057
24,71059,1,1,1, 71060
1,71061,1,1,0, 71062
8,71061,1,1,0, 71062
24,71064,1,1,0, 71065
1,71066,1,1,1, 71067
8,71066,1,1,0, 71067
24,71069,1,1,0, 71070
1,71071,1,1,1, 71072
8,71071,1,1,1, 71072
24,71074,1,1,1, 71075
1,71076,1,1,1, 71077
8,71076,1,1,1, 71077
24,71079,1,1,1, 71080
1,71081,1,1,0, 71082
8,71081,1,1,1, 71082
24,71084,1,1,1, 71085
23,71083,3,3,1, 71086
30,71083,3,3,1, 71086
1,71086,1,1,1, 71087
8,71086,1,1,1, 71087
24,71089,1,1,1, 71090
16,71089,2,2,1, 71091
1,71091,1,1,0, 71092
8,71091,1,1,1, 71092
2,71093,2,2,1, 71095
24,71094,1,1,0, 71095
1,71096,1,1,0, 71097
8,71096,1,1,1, 71097
24,71099,1,1,0, 71100
1,71101,1,1,1, 71102
8,71101,1,1,1, 71102
15,71101,2,2,1, 71103
31,71101,2,2,1, 71103
9,71102,2,2,1, 71104
2,71103,2,2,1, 71105
24,71104,1,1,0, 71105
23,71103,3,3,1, 71106
30,71103,3,3,1, 71106
16,71104,2,2,1, 71106
1,71106,1,1,0, 71107
8,71106,1,1,1, 71107
31,71106,2,2,1, 71108
9,71107,2,2,1, 71109
24,71109,1,1,0, 71110
23,71108,3,3,1, 71111
16,71109,2,2,1, 71111
1,71111,1,1,1, 71112
8,71111,1,1,0, 71112
15,71111,2,2,1, 71113
24,71114,1,1,1, 71115
23,71113,3,3,1, 71116
30,71113,3,3,1, 71116
16,71114,2,2,1, 71116
1,71116,1,1,1, 71117
8,71116,1,1,0, 71117
31,71116,2,2,1, 71118
9,71117,2,2,1, 71119
24,71119,1,1,1, 71120
23,71118,3,3,1, 71121
30,71118,3,3,1, 71121
1,71121,1,1,1, 71122
8,71121,1,1,0, 71122
15,71121,2,2,1, 71123
31,71121,2,2,1, 71123
24,71124,1,1,1, 71125
1,71126,1,1,0, 71127
31,71126,2,2,1, 71128
2,71128,2,2,1, 71130
24,71129,1,1,0, 71130
30,71128,3,3,1, 71131
1,71131,1,1,1, 71132
31,71131,2,2,1, 71133
9,71132,2,2,1, 71134
2,71133,2,2,1, 71135
24,71134,1,1,1, 71135
30,71133,3,3,1, 71136
1,71136,1,1,1, 71137
9,71137,2,2,1, 71139
2,71138,2,2,1, 71140
1,71141,1,1,0, 71142
26,71142,3,3,1, 71145
8,71231,1,1,1, 71232
15,71231,2,2,1, 71233
8,71236,1,1,1, 71237
15,71236,2,2,1, 71238
14,71239,3,3,1, 71242
8,71241,1,1,0, 71242
24,71244,1,1,0, 71245
14,71244,3,3,1, 71247
8,71246,1,1,1, 71247
24,71249,1,1,1, 71250
8,71251,1,1,1, 71252
24,71254,1,1,0, 71255
1,71256,1,1,1, 71257
8,71256,1,1,0, 71257
15,71256,2,2,1, 71258
9,71257,2,2,1, 71259
24,71259,1,1,1, 71260
1,71261,1,1,0, 71262
8,71261,1,1,1, 71262
9,71262,2,2,1, 71264
24,71264,1,1,0, 71265
1,71266,1,1,0, 71267
8,71266,1,1,0, 71267
24,71269,1,1,0, 71270
14,71269,3,3,1, 71272
1,71271,1,1,0, 71272
8,71271,1,1,0, 71272
24,71274,1,1,0, 71275
30,71273,3,3,1, 71276
1,71276,1,1,1, 71277
8,71276,1,1,1, 71277
9,71277,2,2,1, 71279
24,71279,1,1,0, 71280
1,71281,1,1,1, 71282
8,71281,1,1,1, 71282
9,71282,2,2,1, 71284
24,71284,1,1,0, 71285
30,71283,3,3,1, 71286
1,71286,1,1,0, 71287
8,71286,1,1,0, 71287
31,71286,2,2,1, 71288
24,71289,1,1,0, 71290
30,71288,3,3,1, 71291
1,71291,1,1,1, 71292
8,71291,1,1,1, 71292
24,71294,1,1,0, 71295
30,71293,3,3,1, 71296
1,71296,1,1,0, 71297
8,71296,1,1,0, 71297
31,71296,2,2,1, 71298
24,71299,1,1,1, 71300
1,71301,1,1,0, 71302
8,71301,1,1,1, 71302
24,71304,1,1,0, 71305
30,71303,3,3,1, 71306
1,71306,1,1,0, 71307
8,71306,1,1,1, 71307
31,71306,2,2,1, 71308
4,71306,4,4,1, 71310
2,71308,2,2,1, 71310
24,71309,1,1,0, 71310
1,71311,1,1,1, 71312
8,71311,1,1,1, 71312
9,71312,2,2,1, 71314
26,71312,3,3,1, 71315
2,71313,2,2,1, 71315
24,71314,1,1,1, 71315
1,71316,1,1,1, 71317
8,71316,1,1,1, 71317
26,71317,3,3,1, 71320
24,71319,1,1,0, 71320
1,71321,1,1,0, 71322
8,71321,1,1,0, 71322
9,71322,2,2,1, 71324
26,71322,3,3,1, 71325
24,71324,1,1,1, 71325
8,71326,1,1,0, 71327
31,71326,2,2,1, 71328
24,71329,1,1,1, 71330
23,71328,3,3,1, 71331
16,71329,2,2,1, 71331
8,71331,1,1,0, 71332
24,71334,1,1,0, 71335
30,71333,3,3,1, 71336
16,71334,2,2,1, 71336
8,71336,1,1,0, 71337
24,71339,1,1,1, 71340
8,71341,1,1,0, 71342
16,71344,2,2,1, 71346
8,71346,1,1,0, 71347
16,71349,2,2,1, 71351
8,71351,1,1,1, 71352
16,71354,2,2,1, 71356
1,71431,1,1,1, 71432
1,71436,1,1,1, 71437
9,71437,2,2,1, 71439
1,71441,1,1,0, 71442
24,71444,1,1,1, 71445
1,71446,1,1,1, 71447
24,71449,1,1,0, 71450
1,71451,1,1,0, 71452
24,71454,1,1,0, 71455
1,71456,1,1,0, 71457
24,71459,1,1,0, 71460
16,71459,2,2,1, 71461
14,71459,3,3,1, 71462
1,71461,1,1,1, 71462
8,71461,1,1,0, 71462
9,71462,2,2,1, 71464
24,71464,1,1,1, 71465
16,71464,2,2,1, 71466
1,71466,1,1,0, 71467
8,71466,1,1,1, 71467
24,71469,1,1,1, 71470
23,71468,3,3,1, 71471
16,71469,2,2,1, 71471
1,71471,1,1,1, 71472
8,71471,1,1,0, 71472
24,71474,1,1,1, 71475
23,71473,3,3,1, 71476
16,71474,2,2,1, 71476
1,71476,1,1,0, 71477
8,71476,1,1,1, 71477
24,71479,1,1,0, 71480
23,71478,3,3,1, 71481
1,71481,1,1,0, 71482
8,71481,1,1,0, 71482
9,71482,2,2,1, 71484
24,71484,1,1,0, 71485
23,71483,3,3,1, 71486
16,71484,2,2,1, 71486
1,71486,1,1,1, 71487
8,71486,1,1,0, 71487
9,71487,2,2,1, 71489
24,71489,1,1,1, 71490
23,71488,3,3,1, 71491
16,71489,2,2,1, 71491
1,71491,1,1,0, 71492
8,71491,1,1,0, 71492
24,71494,1,1,0, 71495
16,71494,2,2,1, 71496
1,71496,1,1,1, 71497
24,71499,1,1,0, 71500
1,71501,1,1,1, 71502
31,71501,2,2,1, 71503
9,71502,2,2,1, 71504
24,71504,1,1,1, 71505
1,71506,1,1,1, 71507
31,71506,2,2,1, 71508
24,71509,1,1,0, 71510
1,71511,1,1,1, 71512
31,71511,2,2,1, 71513
24,71514,1,1,0, 71515
1,71516,1,1,1, 71517
26,71517,3,3,1, 71520
24,71519,1,1,1, 71520
1,71521,1,1,1, 71522
31,71521,2,2,1, 71523
2,71523,2,2,1, 71525
24,71524,1,1,0, 71525
1,71526,1,1,1, 71527
31,71526,2,2,1, 71528
2,71528,2,2,1, 71530
24,71529,1,1,1, 71530
1,71531,1,1,1, 71532
26,71532,3,3,1, 71535
2,71533,2,2,1, 71535
24,71534,1,1,1, 71535
1,71536,1,1,1, 71537
31,71536,2,2,1, 71538
26,71537,3,3,1, 71540
24,71539,1,1,1, 71540
31,71541,2,2,1, 71543
24,71544,1,1,1, 71545
31,71546,2,2,1, 71548
24,71549,1,1,1, 71550
24,71554,1,1,1, 71555
24,71559,1,1,1, 71560
31,71561,2,2,1, 71563
24,71564,1,1,1, 71565
24,71569,1,1,1, 71570
24,71574,1,1,1, 71575
24,71579,1,1,0, 71580
30,71578,3,3,1, 71581
8,71601,1,1,0, 71602
15,71601,2,2,1, 71603
8,71606,1,1,0, 71607
15,71606,2,2,1, 71608
8,71611,1,1,0, 71612
15,71611,2,2,1, 71613
8,71616,1,1,0, 71617
8,71621,1,1,0, 71622
16,71624,2,2,1, 71626
8,71626,1,1,0, 71627
15,71626,2,2,1, 71628
23,71628,3,3,1, 71631
16,71629,2,2,1, 71631
8,71631,1,1,1, 71632
16,71634,2,2,1, 71636
8,71636,1,1,1, 71637
15,71636,2,2,1, 71638
16,71639,2,2,1, 71641
8,71641,1,1,1, 71642
9,71642,2,2,1, 71644
23,71643,3,3,1, 71646
1,71646,1,1,1, 71647
8,71646,1,1,1, 71647
15,71646,2,2,1, 71648
9,71647,2,2,1, 71649
1,71651,1,1,0, 71652
9,71652,2,2,1, 71654
1,71656,1,1,0, 71657
9,71657,2,2,1, 71659
1,71661,1,1,1, 71662
9,71662,2,2,1, 71664
1,71666,1,1,0, 71667
1,71671,1,1,0, 71672
1,71676,1,1,1, 71677
9,71677,2,2,1, 71679
1,71681,1,1,0, 71682
9,71682,2,2,1, 71684
24,71684,1,1,0, 71685
1,71686,1,1,0, 71687
9,71687,2,2,1, 71689
24,71689,1,1,1, 71690
1,71691,1,1,0, 71692
4,71691,4,4,1, 71695
3,71692,3,3,1, 71695
24,71694,1,1,0, 71695
1,71696,1,1,0, 71697
9,71697,2,2,1, 71699
4,71696,4,4,1, 71700
2,71698,2,2,1, 71700
24,71699,1,1,0, 71700
24,71704,1,1,0, 71705
24,71709,1,1,0, 71710
24,71714,1,1,1, 71715
24,71719,1,1,0, 71720
24,71724,1,1,0, 71725
24,71729,1,1,1, 71730
24,71734,1,1,0, 71735
24,71739,1,1,1, 71740
24,71744,1,1,0, 71745
24,71749,1,1,0, 71750
8,71751,1,1,0, 71752
24,71754,1,1,1, 71755
8,71756,1,1,1, 71757
24,71759,1,1,0, 71760
8,71761,1,1,1, 71762
24,71764,1,1,1, 71765
8,71766,1,1,0, 71767
24,71769,1,1,1, 71770
8,71771,1,1,0, 71772
31,71771,2,2,1, 71773
24,71774,1,1,0, 71775
30,71773,3,3,1, 71776
8,71776,1,1,1, 71777
24,71779,1,1,1, 71780
30,71778,3,3,1, 71781
8,71781,1,1,0, 71782
31,71781,2,2,1, 71783
24,71784,1,1,1, 71785
8,71786,1,1,0, 71787
24,71789,1,1,0, 71790
8,71791,1,1,1, 71792
31,71791,2,2,1, 71793
24,71794,1,1,1, 71795
8,71796,1,1,0, 71797
24,71799,1,1,0, 71800
30,71798,3,3,1, 71801
8,71801,1,1,0, 71802
31,71801,2,2,1, 71803
24,71804,1,1,1, 71805
30,71803,3,3,1, 71806
1,71806,1,1,1, 71807
8,71806,1,1,0, 71807
3,71807,3,3,1, 71810
26,71807,3,3,1, 71810
24,71809,1,1,1, 71810
30,71808,3,3,1, 71811
1,71811,1,1,0, 71812
8,71811,1,1,1, 71812
31,71811,2,2,1, 71813
9,71812,2,2,1, 71814
3,71812,3,3,1, 71815
26,71812,3,3,1, 71815
24,71814,1,1,1, 71815
30,71813,3,3,1, 71816
1,71816,1,1,0, 71817
8,71816,1,1,0, 71817
1,71821,1,1,1, 71822
8,71821,1,1,0, 71822
1,71826,1,1,1, 71827
8,71826,1,1,0, 71827
1,71831,1,1,1, 71832
8,71831,1,1,0, 71832
15,71831,2,2,1, 71833
1,71836,1,1,0, 71837
8,71836,1,1,1, 71837
15,71836,2,2,1, 71838
9,71837,2,2,1, 71839
1,71841,1,1,1, 71842
8,71841,1,1,1, 71842
14,71844,3,3,1, 71847
1,71846,1,1,0, 71847
8,71846,1,1,0, 71847
15,71846,2,2,1, 71848
9,71847,2,2,1, 71849
23,71848,3,3,1, 71851
16,71849,2,2,1, 71851
1,71851,1,1,0, 71852
8,71851,1,1,1, 71852
15,71851,2,2,1, 71853
9,71852,2,2,1, 71854
23,71853,3,3,1, 71856
1,71856,1,1,1, 71857
8,71856,1,1,0, 71857
9,71857,2,2,1, 71859
23,71858,3,3,1, 71861
14,71859,3,3,1, 71862
1,71861,1,1,0, 71862
8,71861,1,1,0, 71862
9,71862,2,2,1, 71864
23,71863,3,3,1, 71866
1,71866,1,1,1, 71867
1,71871,1,1,0, 71872
1,71876,1,1,1, 71877
9,71877,2,2,1, 71879
1,71881,1,1,1, 71882
1,71886,1,1,0, 71887
1,71891,1,1,0, 71892
1,71896,1,1,1, 71897
9,71897,2,2,1, 71899
24,71929,1,1,1, 71930
24,71934,1,1,0, 71935
24,71939,1,1,0, 71940
24,71944,1,1,0, 71945
24,71949,1,1,0, 71950
24,71954,1,1,1, 71955
24,71959,1,1,1, 71960
24,71964,1,1,1, 71965
24,71969,1,1,0, 71970
8,71971,1,1,1, 71972
31,71971,2,2,1, 71973
24,71974,1,1,1, 71975
30,71973,3,3,1, 71976
8,71976,1,1,1, 71977
31,71976,2,2,1, 71978
24,71979,1,1,0, 71980
30,71978,3,3,1, 71981
8,71981,1,1,1, 71982
31,71981,2,2,1, 71983
24,71984,1,1,1, 71985
30,71983,3,3,1, 71986
8,71986,1,1,1, 71987
31,71986,2,2,1, 71988
24,71989,1,1,0, 71990
8,71991,1,1,0, 71992
24,71994,1,1,0, 71995
30,71993,3,3,1, 71996
8,71996,1,1,1, 71997
24,71999,1,1,1, 72000
8,72001,1,1,1, 72002
24,72004,1,1,0, 72005
30,72003,3,3,1, 72006
8,72006,1,1,1, 72007
31,72006,2,2,1, 72008
26,72007,3,3,1, 72010
24,72009,1,1,1, 72010
1,72011,1,1,1, 72012
8,72011,1,1,1, 72012
9,72012,2,2,1, 72014
24,72014,1,1,1, 72015
1,72016,1,1,0, 72017
8,72016,1,1,1, 72017
11,72014,4,4,1, 72018
31,72016,2,2,1, 72018
26,72017,3,3,1, 72020
1,72021,1,1,0, 72022
8,72021,1,1,1, 72022
9,72022,2,2,1, 72024
1,72026,1,1,1, 72027
8,72026,1,1,1, 72027
1,72031,1,1,1, 72032
8,72031,1,1,0, 72032
1,72036,1,1,1, 72037
8,72036,1,1,0, 72037
9,72037,2,2,1, 72039
1,72041,1,1,1, 72042
8,72041,1,1,1, 72042
1,72046,1,1,0, 72047
8,72046,1,1,0, 72047
15,72046,2,2,1, 72048
23,72048,3,3,1, 72051
14,72049,3,3,1, 72052
1,72051,1,1,1, 72052
8,72051,1,1,1, 72052
23,72053,3,3,1, 72056
16,72054,2,2,1, 72056
14,72054,3,3,1, 72057
1,72056,1,1,0, 72057
8,72056,1,1,1, 72057
15,72056,2,2,1, 72058
23,72058,3,3,1, 72061
1,72061,1,1,0, 72062
8,72061,1,1,1, 72062
23,72063,3,3,1, 72066
1,72066,1,1,0, 72067
8,72066,1,1,1, 72067
15,72066,2,2,1, 72068
23,72068,3,3,1, 72071
1,72071,1,1,1, 72072
8,72071,1,1,1, 72072
23,72073,3,3,1, 72076
1,72076,1,1,0, 72077
1,72081,1,1,1, 72082
1,72086,1,1,1, 72087
1,72091,1,1,0, 72092
1,72096,1,1,0, 72097
1,72101,1,1,0, 72102
1,72106,1,1,1, 72107
1,72111,1,1,1, 72112
1,72116,1,1,1, 72117
1,72121,1,1,0, 72122
24,72124,1,1,0, 72125
1,72126,1,1,0, 72127
26,72127,3,3,1, 72130
2,72128,2,2,1, 72130
24,72129,1,1,0, 72130
1,72131,1,1,1, 72132
24,72134,1,1,1, 72135
1,72136,1,1,1, 72137
26,72137,3,3,1, 72140
24,72139,1,1,0, 72140
1,72141,1,1,0, 72142
2,72143,2,2,1, 72145
24,72144,1,1,0, 72145
1,72146,1,1,0, 72147
24,72149,1,1,0, 72150
1,72151,1,1,0, 72152
2,72153,2,2,1, 72155
24,72154,1,1,1, 72155
1,72156,1,1,0, 72157
26,72157,3,3,1, 72160
24,72159,1,1,1, 72160
24,72164,1,1,1, 72165
24,72169,1,1,1, 72170
31,72171,2,2,1, 72173
24,72174,1,1,1, 72175
30,72173,3,3,1, 72176
24,72179,1,1,1, 72180
8,72181,1,1,0, 72182
15,72181,2,2,1, 72183
24,72184,1,1,0, 72185
30,72183,3,3,1, 72186
14,72184,3,3,1, 72187
8,72186,1,1,1, 72187
15,72186,2,2,1, 72188
24,72189,1,1,0, 72190
30,72188,3,3,1, 72191
8,72191,1,1,0, 72192
15,72191,2,2,1, 72193
31,72191,2,2,1, 72193
24,72194,1,1,0, 72195
8,72196,1,1,0, 72197
15,72196,2,2,1, 72198
24,72199,1,1,1, 72200
8,72201,1,1,0, 72202
15,72201,2,2,1, 72203
31,72201,2,2,1, 72203
24,72204,1,1,0, 72205
14,72204,3,3,1, 72207
8,72206,1,1,0, 72207
15,72206,2,2,1, 72208
24,72209,1,1,0, 72210
14,72209,3,3,1, 72212
8,72211,1,1,0, 72212
31,72211,2,2,1, 72213
24,72214,1,1,0, 72215
30,72213,3,3,1, 72216
14,72214,3,3,1, 72217
8,72216,1,1,0, 72217
24,72219,1,1,0, 72220
30,72218,3,3,1, 72221
8,72221,1,1,0, 72222
15,72221,2,2,1, 72223
31,72221,2,2,1, 72223
24,72224,1,1,0, 72225
30,72223,3,3,1, 72226
8,72226,1,1,1, 72227
16,72229,2,2,1, 72231
14,72229,3,3,1, 72232
8,72231,1,1,0, 72232
8,72236,1,1,1, 72237
9,72262,2,2,1, 72264
1,72266,1,1,0, 72267
9,72267,2,2,1, 72269
1,72271,1,1,0, 72272
1,72276,1,1,0, 72277
1,72281,1,1,0, 72282
1,72286,1,1,1, 72287
1,72291,1,1,0, 72292
9,72292,2,2,1, 72294
1,72296,1,1,0, 72297
1,72301,1,1,1, 72302
9,72302,2,2,1, 72304
1,72306,1,1,0, 72307
1,72311,1,1,1, 72312
1,72316,1,1,0, 72317
2,72318,2,2,1, 72320
1,72321,1,1,1, 72322
1,72326,1,1,0, 72327
1,72331,1,1,0, 72332
9,72332,2,2,1, 72334
2,72333,2,2,1, 72335
24,72334,1,1,1, 72335
1,72336,1,1,1, 72337
9,72337,2,2,1, 72339
2,72338,2,2,1, 72340
24,72339,1,1,1, 72340
1,72341,1,1,1, 72342
9,72342,2,2,1, 72344
2,72343,2,2,1, 72345
24,72344,1,1,1, 72345
14,72344,3,3,1, 72347
1,72346,1,1,1, 72347
8,72346,1,1,1, 72347
26,72347,3,3,1, 72350
24,72349,1,1,0, 72350
16,72349,2,2,1, 72351
14,72349,3,3,1, 72352
8,72351,1,1,0, 72352
15,72351,2,2,1, 72353
24,72354,1,1,0, 72355
23,72353,3,3,1, 72356
14,72354,3,3,1, 72357
8,72356,1,1,0, 72357
24,72359,1,1,1, 72360
23,72358,3,3,1, 72361
16,72359,2,2,1, 72361
8,72361,1,1,1, 72362
24,72364,1,1,1, 72365
14,72364,3,3,1, 72367
8,72366,1,1,0, 72367
24,72369,1,1,0, 72370
14,72369,3,3,1, 72372
8,72371,1,1,0, 72372
24,72374,1,1,0, 72375
8,72376,1,1,0, 72377
24,72379,1,1,1, 72380
8,72381,1,1,0, 72382
15,72381,2,2,1, 72383
24,72384,1,1,1, 72385
14,72384,3,3,1, 72387
8,72386,1,1,0, 72387
15,72386,2,2,1, 72388
24,72389,1,1,1, 72390
24,72394,1,1,0, 72395
24,72399,1,1,0, 72400
24,72404,1,1,1, 72405
31,72406,2,2,1, 72408
24,72409,1,1,0, 72410
31,72411,2,2,1, 72413
24,72414,1,1,1, 72415
31,72416,2,2,1, 72418
24,72419,1,1,0, 72420
24,72424,1,1,0, 72425
31,72426,2,2,1, 72428
24,72429,1,1,0, 72430
30,72428,3,3,1, 72431
31,72431,2,2,1, 72433
24,72434,1,1,1, 72435
30,72433,3,3,1, 72436
24,72439,1,1,1, 72440
31,72441,2,2,1, 72443
24,72444,1,1,0, 72445
24,72449,1,1,1, 72450
24,72454,1,1,0, 72455
1,72456,1,1,1, 72457
9,72457,2,2,1, 72459
24,72459,1,1,0, 72460
1,72461,1,1,0, 72462
24,72464,1,1,1, 72465
1,72466,1,1,0, 72467
9,72467,2,2,1, 72469
24,72469,1,1,1, 72470
1,72471,1,1,0, 72472
9,72472,2,2,1, 72474
24,72474,1,1,1, 72475
30,72473,3,3,1, 72476
1,72476,1,1,0, 72477
24,72479,1,1,1, 72480
30,72478,3,3,1, 72481
1,72481,1,1,0, 72482
9,72482,2,2,1, 72484
1,72486,1,1,0, 72487
9,72487,2,2,1, 72489
1,72491,1,1,0, 72492
8,72491,1,1,0, 72492
23,72493,3,3,1, 72496
16,72494,2,2,1, 72496
1,72496,1,1,0, 72497
8,72496,1,1,0, 72497
2,72498,2,2,1, 72500
23,72498,3,3,1, 72501
1,72501,1,1,1, 72502
8,72501,1,1,1, 72502
26,72502,3,3,1, 72505
2,72503,2,2,1, 72505
23,72503,3,3,1, 72506
16,72504,2,2,1, 72506
1,72506,1,1,1, 72507
8,72506,1,1,0, 72507
2,72508,2,2,1, 72510
16,72509,2,2,1, 72511
1,72511,1,1,0, 72512
8,72511,1,1,0, 72512
9,72512,2,2,1, 72514
26,72512,3,3,1, 72515
16,72514,2,2,1, 72516
1,72516,1,1,1, 72517
8,72516,1,1,0, 72517
9,72517,2,2,1, 72519
23,72518,3,3,1, 72521
16,72519,2,2,1, 72521
8,72521,1,1,0, 72522
23,72523,3,3,1, 72526
8,72526,1,1,1, 72527
15,72526,2,2,1, 72528
16,72529,2,2,1, 72531
8,72531,1,1,0, 72532
23,72533,3,3,1, 72536
16,72534,2,2,1, 72536
24,72589,1,1,1, 72590
24,72594,1,1,1, 72595
24,72599,1,1,1, 72600
24,72604,1,1,1, 72605
24,72609,1,1,1, 72610
24,72614,1,1,0, 72615
24,72619,1,1,1, 72620
30,72618,3,3,1, 72621
24,72624,1,1,1, 72625
30,72623,3,3,1, 72626
1,72626,1,1,1, 72627
31,72626,2,2,1, 72628
24,72629,1,1,1, 72630
30,72628,3,3,1, 72631
1,72631,1,1,0, 72632
24,72634,1,1,1, 72635
1,72636,1,1,0, 72637
24,72639,1,1,0, 72640
16,72639,2,2,1, 72641
1,72641,1,1,0, 72642
8,72641,1,1,0, 72642
15,72641,2,2,1, 72643
31,72641,2,2,1, 72643
24,72644,1,1,1, 72645
23,72643,3,3,1, 72646
30,72643,3,3,1, 72646
16,72644,2,2,1, 72646
1,72646,1,1,0, 72647
8,72646,1,1,0, 72647
15,72646,2,2,1, 72648
24,72649,1,1,1, 72650
23,72648,3,3,1, 72651
16,72649,2,2,1, 72651
14,72649,3,3,1, 72652
1,72651,1,1,1, 72652
8,72651,1,1,0, 72652
15,72651,2,2,1, 72653
31,72651,2,2,1, 72653
24,72654,1,1,0, 72655
1,72656,1,1,0, 72657
8,72656,1,1,0, 72657
15,72656,2,2,1, 72658
24,72659,1,1,1, 72660
14,72659,3,3,1, 72662
1,72661,1,1,1, 72662
8,72661,1,1,1, 72662
24,72664,1,1,0, 72665
14,72664,3,3,1, 72667
1,72666,1,1,1, 72667
8,72666,1,1,0, 72667
15,72666,2,2,1, 72668
24,72669,1,1,0, 72670
14,72669,3,3,1, 72672
1,72671,1,1,0, 72672
31,72671,2,2,1, 72673
24,72674,1,1,0, 72675
30,72673,3,3,1, 72676
1,72676,1,1,1, 72677
31,72676,2,2,1, 72678
24,72679,1,1,0, 72680
30,72678,3,3,1, 72681
1,72681,1,1,0, 72682
1,72686,1,1,0, 72687
1,72691,1,1,0, 72692
1,72696,1,1,1, 72697
26,72697,3,3,1, 72700
2,72698,2,2,1, 72700
1,72701,1,1,0, 72702
9,72702,2,2,1, 72704
2,72703,2,2,1, 72705
1,72706,1,1,1, 72707
26,72707,3,3,1, 72710
2,72708,2,2,1, 72710
1,72711,1,1,1, 72712
9,72712,2,2,1, 72714
26,72712,3,3,1, 72715
2,72713,2,2,1, 72715
1,72716,1,1,1, 72717
2,72718,2,2,1, 72720
1,72721,1,1,0, 72722
1,72726,1,1,0, 72727
2,72728,2,2,1, 72730
8,72776,1,1,1, 72777
8,72781,1,1,1, 72782
16,72784,2,2,1, 72786
8,72786,1,1,0, 72787
24,72789,1,1,0, 72790
23,72788,3,3,1, 72791
16,72789,2,2,1, 72791
8,72791,1,1,1, 72792
24,72794,1,1,0, 72795
23,72793,3,3,1, 72796
16,72794,2,2,1, 72796
8,72796,1,1,1, 72797
24,72799,1,1,0, 72800
16,72799,2,2,1, 72801
8,72801,1,1,0, 72802
24,72804,1,1,0, 72805
16,72804,2,2,1, 72806
8,72806,1,1,0, 72807
24,72809,1,1,0, 72810
23,72808,3,3,1, 72811
8,72811,1,1,1, 72812
24,72814,1,1,0, 72815
14,72814,3,3,1, 72817
8,72816,1,1,0, 72817
24,72819,1,1,0, 72820
23,72818,3,3,1, 72821
16,72819,2,2,1, 72821
14,72819,3,3,1, 72822
8,72821,1,1,1, 72822
24,72824,1,1,0, 72825
23,72823,3,3,1, 72826
31,72826,2,2,1, 72828
24,72829,1,1,1, 72830
24,72834,1,1,1, 72835
1,72836,1,1,1, 72837
24,72839,1,1,0, 72840
30,72838,3,3,1, 72841
1,72841,1,1,1, 72842
31,72841,2,2,1, 72843
24,72844,1,1,1, 72845
1,72846,1,1,0, 72847
24,72849,1,1,0, 72850
1,72851,1,1,0, 72852
31,72851,2,2,1, 72853
24,72854,1,1,0, 72855
30,72853,3,3,1, 72856
1,72856,1,1,0, 72857
31,72856,2,2,1, 72858
9,72857,2,2,1, 72859
24,72859,1,1,1, 72860
30,72858,3,3,1, 72861
1,72861,1,1,0, 72862
9,72862,2,2,1, 72864
24,72864,1,1,0, 72865
1,72866,1,1,1, 72867
9,72867,2,2,1, 72869
24,72869,1,1,0, 72870
1,72871,1,1,1, 72872
9,72872,2,2,1, 72874
24,72874,1,1,0, 72875
30,72873,3,3,1, 72876
1,72876,1,1,0, 72877
31,72876,2,2,1, 72878
9,72877,2,2,1, 72879
2,72878,2,2,1, 72880
24,72879,1,1,1, 72880
1,72881,1,1,0, 72882
2,72883,2,2,1, 72885
24,72884,1,1,1, 72885
1,72886,1,1,1, 72887
2,72888,2,2,1, 72890
24,72889,1,1,1, 72890
1,72891,1,1,0, 72892
31,72891,2,2,1, 72893
24,72894,1,1,0, 72895
1,72896,1,1,0, 72897
31,72896,2,2,1, 72898
24,72899,1,1,0, 72900
1,72901,1,1,0, 72902
2,72903,2,2,1, 72905
1,72906,1,1,1, 72907
9,72907,2,2,1, 72909
8,72936,1,1,1, 72937
8,72941,1,1,1, 72942
8,72946,1,1,0, 72947
8,72951,1,1,0, 72952
8,72956,1,1,1, 72957
8,72961,1,1,1, 72962
8,72966,1,1,0, 72967
8,72971,1,1,0, 72972
8,72976,1,1,0, 72977
8,72981,1,1,1, 72982
8,72986,1,1,0, 72987
8,72991,1,1,1, 72992
8,72996,1,1,0, 72997
8,73001,1,1,0, 73002
16,73004,2,2,1, 73006
8,73006,1,1,0, 73007
24,73009,1,1,1, 73010
23,73008,3,3,1, 73011
16,73009,2,2,1, 73011
8,73011,1,1,1, 73012
24,73014,1,1,0, 73015
1,73016,1,1,1, 73017
8,73016,1,1,0, 73017
9,73017,2,2,1, 73019
24,73019,1,1,1, 73020
23,73018,3,3,1, 73021
1,73021,1,1,0, 73022
8,73021,1,1,1, 73022
9,73022,2,2,1, 73024
24,73024,1,1,1, 73025
23,73023,3,3,1, 73026
16,73024,2,2,1, 73026
1,73026,1,1,0, 73027
8,73026,1,1,0, 73027
24,73029,1,1,0, 73030
23,73028,3,3,1, 73031
1,73031,1,1,0, 73032
8,73031,1,1,1, 73032
15,73031,2,2,1, 73033
31,73031,2,2,1, 73033
24,73034,1,1,0, 73035
30,73033,3,3,1, 73036
1,73036,1,1,0, 73037
8,73036,1,1,0, 73037
15,73036,2,2,1, 73038
24,73039,1,1,0, 73040
30,73038,3,3,1, 73041
1,73041,1,1,1, 73042
8,73041,1,1,0, 73042
9,73042,2,2,1, 73044
24,73044,1,1,0, 73045
1,73046,1,1,0, 73047
8,73046,1,1,0, 73047
15,73046,2,2,1, 73048
31,73046,2,2,1, 73048
24,73049,1,1,1, 73050
1,73051,1,1,1, 73052
8,73051,1,1,0, 73052
31,73051,2,2,1, 73053
9,73052,2,2,1, 73054
24,73054,1,1,1, 73055
1,73056,1,1,1, 73057
8,73056,1,1,1, 73057
15,73056,2,2,1, 73058
9,73057,2,2,1, 73059
24,73059,1,1,0, 73060
30,73058,3,3,1, 73061
1,73061,1,1,1, 73062
9,73062,2,2,1, 73064
24,73064,1,1,0, 73065
30,73063,3,3,1, 73066
1,73066,1,1,1, 73067
2,73068,2,2,1, 73070
24,73069,1,1,1, 73070
1,73071,1,1,1, 73072
9,73072,2,2,1, 73074
3,73072,3,3,1, 73075
26,73072,3,3,1, 73075
24,73074,1,1,0, 73075
1,73076,1,1,1, 73077
11,73074,4,4,1, 73078
24,73079,1,1,1, 73080
30,73078,3,3,1, 73081
31,73081,2,2,1, 73083
24,73084,1,1,0, 73085
31,73086,2,2,1, 73088
14,73164,3,3,1, 73167
8,73166,1,1,0, 73167
15,73166,2,2,1, 73168
14,73169,3,3,1, 73172
8,73171,1,1,1, 73172
8,73176,1,1,0, 73177
15,73176,2,2,1, 73178
14,73179,3,3,1, 73182
8,73181,1,1,1, 73182
14,73184,3,3,1, 73187
1,73186,1,1,1, 73187
8,73186,1,1,0, 73187
15,73186,2,2,1, 73188
14,73189,3,3,1, 73192
1,73191,1,1,0, 73192
8,73191,1,1,1, 73192
24,73194,1,1,1, 73195
1,73196,1,1,0, 73197
8,73196,1,1,1, 73197
24,73199,1,1,1, 73200
1,73201,1,1,1, 73202
8,73201,1,1,1, 73202
24,73204,1,1,1, 73205
1,73206,1,1,1, 73207
8,73206,1,1,0, 73207
24,73209,1,1,1, 73210
1,73211,1,1,1, 73212
8,73211,1,1,1, 73212
24,73214,1,1,0, 73215
1,73216,1,1,1, 73217
8,73216,1,1,0, 73217
24,73219,1,1,0, 73220
1,73221,1,1,1, 73222
8,73221,1,1,1, 73222
24,73224,1,1,1, 73225
1,73226,1,1,1, 73227
8,73226,1,1,1, 73227
2,73228,2,2,1, 73230
24,73229,1,1,1, 73230
1,73231,1,1,1, 73232
8,73231,1,1,0, 73232
24,73234,1,1,1, 73235
1,73236,1,1,1, 73237
8,73236,1,1,0, 73237
24,73239,1,1,0, 73240
16,73239,2,2,1, 73241
1,73241,1,1,1, 73242
8,73241,1,1,1, 73242
2,73243,2,2,1, 73245
24,73244,1,1,0, 73245
23,73243,3,3,1, 73246
16,73244,2,2,1, 73246
1,73246,1,1,0, 73247
8,73246,1,1,0, 73247
26,73247,3,3,1, 73250
24,73249,1,1,1, 73250
23,73248,3,3,1, 73251
16,73249,2,2,1, 73251
1,73251,1,1,0, 73252
8,73251,1,1,0, 73252
24,73254,1,1,1, 73255
16,73254,2,2,1, 73256
1,73256,1,1,0, 73257
31,73256,2,2,1, 73258
9,73257,2,2,1, 73259
26,73257,3,3,1, 73260
2,73258,2,2,1, 73260
24,73259,1,1,1, 73260
1,73261,1,1,0, 73262
31,73261,2,2,1, 73263
9,73262,2,2,1, 73264
2,73263,2,2,1, 73265
24,73264,1,1,1, 73265
1,73266,1,1,1, 73267
26,73267,3,3,1, 73270
24,73269,1,1,1, 73270
30,73268,3,3,1, 73271
1,73271,1,1,0, 73272
31,73271,2,2,1, 73273
2,73273,2,2,1, 73275
24,73274,1,1,1, 73275
1,73276,1,1,1, 73277
24,73279,1,1,0, 73280
30,73278,3,3,1, 73281
1,73281,1,1,1, 73282
31,73281,2,2,1, 73283
26,73282,3,3,1, 73285
24,73284,1,1,0, 73285
31,73286,2,2,1, 73288
24,73289,1,1,1, 73290
30,73288,3,3,1, 73291
24,73294,1,1,0, 73295
24,73299,1,1,0, 73300
24,73304,1,1,1, 73305
31,73306,2,2,1, 73308
24,73309,1,1,1, 73310
24,73314,1,1,0, 73315
31,73316,2,2,1, 73318
8,73361,1,1,0, 73362
8,73366,1,1,0, 73367
15,73366,2,2,1, 73368
14,73369,3,3,1, 73372
8,73371,1,1,1, 73372
15,73371,2,2,1, 73373
14,73374,3,3,1, 73377
8,73376,1,1,1, 73377
15,73376,2,2,1, 73378
14,73379,3,3,1, 73382
8,73381,1,1,1, 73382
8,73386,1,1,0, 73387
1,73391,1,1,1, 73392
8,73391,1,1,1, 73392
1,73396,1,1,0, 73397
8,73396,1,1,0, 73397
1,73401,1,1,0, 73402
8,73401,1,1,1, 73402
1,73406,1,1,0, 73407
8,73406,1,1,0, 73407
1,73411,1,1,0, 73412
8,73411,1,1,0, 73412
1,73416,1,1,1, 73417
8,73416,1,1,0, 73417
9,73417,2,2,1, 73419
24,73419,1,1,1, 73420
1,73421,1,1,1, 73422
8,73421,1,1,1, 73422
9,73422,2,2,1, 73424
24,73424,1,1,0, 73425
1,73426,1,1,0, 73427
8,73426,1,1,0, 73427
24,73429,1,1,0, 73430
1,73431,1,1,0, 73432
8,73431,1,1,1, 73432
24,73434,1,1,0, 73435
1,73436,1,1,0, 73437
8,73436,1,1,1, 73437
9,73437,2,2,1, 73439
26,73437,3,3,1, 73440
24,73439,1,1,0, 73440
1,73441,1,1,0, 73442
8,73441,1,1,0, 73442
9,73442,2,2,1, 73444
24,73444,1,1,1, 73445
1,73446,1,1,1, 73447
8,73446,1,1,1, 73447
2,73448,2,2,1, 73450
24,73449,1,1,1, 73450
1,73451,1,1,0, 73452
8,73451,1,1,1, 73452
24,73454,1,1,1, 73455
1,73456,1,1,0, 73457
8,73456,1,1,0, 73457
2,73458,2,2,1, 73460
24,73459,1,1,0, 73460
23,73458,3,3,1, 73461
16,73459,2,2,1, 73461
1,73461,1,1,0, 73462
8,73461,1,1,0, 73462
9,73462,2,2,1, 73464
24,73464,1,1,0, 73465
16,73464,2,2,1, 73466
1,73466,1,1,1, 73467
8,73466,1,1,1, 73467
9,73467,2,2,1, 73469
2,73468,2,2,1, 73470
24,73469,1,1,1, 73470
23,73468,3,3,1, 73471
1,73471,1,1,0, 73472
8,73471,1,1,1, 73472
9,73472,2,2,1, 73474
24,73474,1,1,0, 73475
23,73473,3,3,1, 73476
30,73473,3,3,1, 73476
8,73476,1,1,1, 73477
31,73476,2,2,1, 73478
24,73479,1,1,1, 73480
23,73478,3,3,1, 73481
31,73481,2,2,1, 73483
24,73484,1,1,0, 73485
31,73486,2,2,1, 73488
24,73489,1,1,1, 73490
31,73491,2,2,1, 73493
24,73494,1,1,0, 73495
30,73493,3,3,1, 73496
24,73499,1,1,0, 73500
30,73498,3,3,1, 73501
31,73501,2,2,1, 73503
24,73504,1,1,0, 73505
30,73503,3,3,1, 73506
24,73509,1,1,0, 73510
30,73508,3,3,1, 73511
1,73576,1,1,0, 73577
9,73577,2,2,1, 73579
1,73581,1,1,1, 73582
9,73582,2,2,1, 73584
1,73586,1,1,1, 73587
9,73587,2,2,1, 73589
1,73591,1,1,0, 73592
8,73591,1,1,1, 73592
9,73592,2,2,1, 73594
23,73593,3,3,1, 73596
1,73596,1,1,1, 73597
8,73596,1,1,1, 73597
1,73601,1,1,1, 73602
8,73601,1,1,1, 73602
9,73602,2,2,1, 73604
1,73606,1,1,0, 73607
8,73606,1,1,1, 73607
15,73606,2,2,1, 73608
23,73608,3,3,1, 73611
14,73609,3,3,1, 73612
1,73611,1,1,0, 73612
8,73611,1,1,0, 73612
15,73611,2,2,1, 73613
14,73614,3,3,1, 73617
1,73616,1,1,0, 73617
8,73616,1,1,0, 73617
15,73616,2,2,1, 73618
24,73619,1,1,1, 73620
1,73621,1,1,1, 73622
8,73621,1,1,1, 73622
24,73624,1,1,0, 73625
14,73624,3,3,1, 73627
1,73626,1,1,0, 73627
8,73626,1,1,1, 73627
15,73626,2,2,1, 73628
24,73629,1,1,1, 73630
14,73629,3,3,1, 73632
1,73631,1,1,1, 73632
8,73631,1,1,0, 73632
26,73632,3,3,1, 73635
2,73633,2,2,1, 73635
24,73634,1,1,0, 73635
14,73634,3,3,1, 73637
1,73636,1,1,0, 73637
8,73636,1,1,0, 73637
15,73636,2,2,1, 73638
26,73637,3,3,1, 73640
2,73638,2,2,1, 73640
24,73639,1,1,0, 73640
1,73641,1,1,1, 73642
8,73641,1,1,1, 73642
15,73641,2,2,1, 73643
9,73642,2,2,1, 73644
26,73642,3,3,1, 73645
24,73644,1,1,0, 73645
1,73646,1,1,0, 73647
8,73646,1,1,0, 73647
15,73646,2,2,1, 73648
9,73647,2,2,1, 73649
24,73649,1,1,0, 73650
24,73654,1,1,0, 73655
24,73659,1,1,0, 73660
24,73664,1,1,1, 73665
31,73666,2,2,1, 73668
24,73669,1,1,0, 73670
30,73668,3,3,1, 73671
31,73671,2,2,1, 73673
24,73674,1,1,1, 73675
30,73673,3,3,1, 73676
24,73679,1,1,1, 73680
24,73684,1,1,1, 73685
24,73689,1,1,1, 73690
30,73688,3,3,1, 73691
31,73691,2,2,1, 73693
24,73694,1,1,0, 73695
30,73693,3,3,1, 73696
24,73699,1,1,0, 73700
30,73698,3,3,1, 73701
24,73704,1,1,0, 73705
30,73703,3,3,1, 73706
24,73709,1,1,1, 73710
31,73711,2,2,1, 73713
1,73756,1,1,0, 73757
8,73756,1,1,1, 73757
16,73759,2,2,1, 73761
1,73761,1,1,1, 73762
8,73761,1,1,1, 73762
14,73764,3,3,1, 73767
1,73766,1,1,0, 73767
8,73766,1,1,1, 73767
15,73766,2,2,1, 73768
14,73769,3,3,1, 73772
1,73771,1,1,0, 73772
8,73771,1,1,0, 73772
14,73774,3,3,1, 73777
1,73776,1,1,0, 73777
8,73776,1,1,0, 73777
14,73779,3,3,1, 73782
1,73781,1,1,0, 73782
8,73781,1,1,1, 73782
9,73782,2,2,1, 73784
16,73784,2,2,1, 73786
1,73786,1,1,0, 73787
8,73786,1,1,0, 73787
9,73787,2,2,1, 73789
14,73789,3,3,1, 73792
1,73791,1,1,0, 73792
8,73791,1,1,1, 73792
15,73791,2,2,1, 73793
23,73793,3,3,1, 73796
16,73794,2,2,1, 73796
1,73796,1,1,1, 73797
8,73796,1,1,0, 73797
15,73796,2,2,1, 73798
2,73798,2,2,1, 73800
1,73801,1,1,0, 73802
8,73801,1,1,0, 73802
15,73801,2,2,1, 73803
9,73802,2,2,1, 73804
26,73802,3,3,1, 73805
1,73806,1,1,0, 73807
9,73807,2,2,1, 73809
26,73807,3,3,1, 73810
2,73808,2,2,1, 73810
1,73811,1,1,1, 73812
26,73812,3,3,1, 73815
1,73816,1,1,1, 73817
2,73818,2,2,1, 73820
24,73819,1,1,1, 73820
1,73821,1,1,1, 73822
9,73822,2,2,1, 73824
3,73822,3,3,1, 73825
24,73824,1,1,1, 73825
24,73829,1,1,1, 73830
24,73834,1,1,0, 73835
24,73839,1,1,1, 73840
24,73844,1,1,1, 73845
24,73849,1,1,0, 73850
30,73848,3,3,1, 73851
24,73854,1,1,0, 73855
24,73859,1,1,0, 73860
24,73864,1,1,1, 73865
24,73869,1,1,0, 73870
30,73868,3,3,1, 73871
24,73874,1,1,1, 73875
31,73876,2,2,1, 73878
24,73879,1,1,1, 73880
30,73878,3,3,1, 73881
24,73884,1,1,0, 73885
30,73883,3,3,1, 73886
31,73886,2,2,1, 73888
24,73889,1,1,0, 73890
31,73891,2,2,1, 73893
24,73894,1,1,1, 73895
24,73899,1,1,0, 73900
24,73904,1,1,0, 73905
24,73909,1,1,0, 73910
23,73908,3,3,1, 73911
8,73911,1,1,0, 73912
31,73911,2,2,1, 73913
24,73914,1,1,0, 73915
23,73913,3,3,1, 73916
30,73913,3,3,1, 73916
8,73916,1,1,0, 73917
31,73916,2,2,1, 73918
24,73919,1,1,1, 73920
23,73918,3,3,1, 73921
8,73921,1,1,0, 73922
31,73921,2,2,1, 73923
8,73926,1,1,1, 73927
1,73931,1,1,0, 73932
8,73931,1,1,0, 73932
1,73936,1,1,0, 73937
8,73936,1,1,1, 73937
9,73937,2,2,1, 73939
1,73941,1,1,1, 73942
8,73941,1,1,1, 73942
9,73942,2,2,1, 73944
1,73946,1,1,1, 73947
8,73946,1,1,1, 73947
9,73947,2,2,1, 73949
1,73951,1,1,1, 73952
8,73951,1,1,0, 73952
9,73952,2,2,1, 73954
14,73954,3,3,1, 73957
1,73956,1,1,1, 73957
8,73956,1,1,1, 73957
9,73957,2,2,1, 73959
26,73957,3,3,1, 73960
14,73959,3,3,1, 73962
1,73961,1,1,1, 73962
8,73961,1,1,0, 73962
15,73961,2,2,1, 73963
9,73962,2,2,1, 73964
2,73963,2,2,1, 73965
1,73966,1,1,0, 73967
8,73966,1,1,1, 73967
15,73966,2,2,1, 73968
26,73967,3,3,1, 73970
1,73971,1,1,1, 73972
8,73971,1,1,1, 73972
2,73973,2,2,1, 73975
14,73974,3,3,1, 73977
1,73976,1,1,1, 73977
8,73976,1,1,0, 73977
26,73977,3,3,1, 73980
2,73978,2,2,1, 73980
14,73979,3,3,1, 73982
8,73981,1,1,0, 73982
8,73986,1,1,1, 73987
15,73986,2,2,1, 73988
8,73991,1,1,0, 73992
8,73996,1,1,0, 73997
8,74001,1,1,0, 74002
8,74006,1,1,1, 74007
8,74011,1,1,1, 74012
15,74011,2,2,1, 74013
8,74016,1,1,0, 74017
8,74021,1,1,1, 74022
23,74023,3,3,1, 74026
8,74026,1,1,0, 74027
24,74029,1,1,0, 74030
16,74029,2,2,1, 74031
31,74031,2,2,1, 74033
24,74034,1,1,1, 74035
31,74036,2,2,1, 74038
24,74039,1,1,1, 74040
24,74044,1,1,0, 74045
24,74049,1,1,1, 74050
24,74054,1,1,0, 74055
24,74059,1,1,1, 74060
24,74064,1,1,1, 74065
24,74069,1,1,0, 74070
24,74074,1,1,1, 74075
24,74079,1,1,1, 74080
9,74082,2,2,1, 74084
24,74084,1,1,1, 74085
1,74086,1,1,0, 74087
9,74087,2,2,1, 74089
24,74089,1,1,1, 74090
1,74091,1,1,0, 74092
9,74092,2,2,1, 74094
24,74094,1,1,0, 74095
1,74096,1,1,1, 74097
24,74099,1,1,0, 74100
1,74101,1,1,1, 74102
24,74104,1,1,1, 74105
1,74106,1,1,0, 74107
24,74109,1,1,0, 74110
1,74111,1,1,1, 74112
24,74114,1,1,0, 74115
1,74116,1,1,1, 74117
24,74119,1,1,0, 74120
1,74121,1,1,0, 74122
9,74122,2,2,1, 74124
24,74124,1,1,1, 74125
1,74126,1,1,0, 74127
9,74127,2,2,1, 74129
24,74129,1,1,1, 74130
1,74131,1,1,1, 74132
24,74134,1,1,0, 74135
1,74136,1,1,1, 74137
9,74137,2,2,1, 74139
24,74139,1,1,1, 74140
1,74141,1,1,0, 74142
8,74141,1,1,0, 74142
9,74142,2,2,1, 74144
26,74142,3,3,1, 74145
2,74143,2,2,1, 74145
24,74144,1,1,0, 74145
16,74144,2,2,1, 74146
1,74146,1,1,1, 74147
8,74146,1,1,0, 74147
31,74146,2,2,1, 74148
9,74147,2,2,1, 74149
24,74149,1,1,1, 74150
1,74151,1,1,0, 74152
8,74151,1,1,0, 74152
9,74152,2,2,1, 74154
24,74154,1,1,0, 74155
16,74154,2,2,1, 74156
1,74156,1,1,1, 74157
8,74156,1,1,0, 74157
9,74157,2,2,1, 74159
24,74159,1,1,0, 74160
30,74158,3,3,1, 74161
16,74159,2,2,1, 74161
8,74161,1,1,1, 74162
24,74164,1,1,1, 74165
8,74166,1,1,0, 74167
24,74169,1,1,0, 74170
8,74171,1,1,1, 74172
31,74171,2,2,1, 74173
24,74174,1,1,0, 74175
30,74173,3,3,1, 74176
8,74176,1,1,0, 74177
31,74176,2,2,1, 74178
24,74179,1,1,0, 74180
30,74178,3,3,1, 74181
8,74181,1,1,1, 74182
24,74184,1,1,0, 74185
8,74186,1,1,0, 74187
24,74189,1,1,0, 74190
8,74191,1,1,1, 74192
24,74194,1,1,0, 74195
8,74196,1,1,0, 74197
31,74196,2,2,1, 74198
24,74199,1,1,1, 74200
30,74198,3,3,1, 74201
8,74201,1,1,1, 74202
8,74206,1,1,1, 74207
8,74211,1,1,1, 74212
8,74216,1,1,1, 74217
8,74221,1,1,0, 74222
8,74226,1,1,0, 74227
8,74231,1,1,1, 74232
15,74231,2,2,1, 74233
8,74236,1,1,0, 74237
15,74236,2,2,1, 74238
14,74239,3,3,1, 74242
8,74241,1,1,0, 74242
8,74246,1,1,0, 74247
8,74251,1,1,0, 74252
15,74251,2,2,1, 74253
8,74256,1,1,0, 74257
15,74256,2,2,1, 74258
8,74261,1,1,0, 74262
16,74264,2,2,1, 74266
14,74264,3,3,1, 74267
1,74266,1,1,0, 74267
8,74266,1,1,0, 74267
15,74266,2,2,1, 74268
1,74271,1,1,0, 74272
1,74276,1,1,1, 74277
1,74281,1,1,0, 74282
1,74286,1,1,0, 74287
1,74291,1,1,0, 74292
1,74296,1,1,0, 74297
1,74301,1,1,1, 74302
1,74306,1,1,1, 74307
24,74309,1,1,1, 74310
1,74311,1,1,0, 74312
24,74314,1,1,1, 74315
1,74316,1,1,0, 74317
24,74319,1,1,1, 74320
1,74321,1,1,1, 74322
9,74322,2,2,1, 74324
24,74324,1,1,0, 74325
1,74326,1,1,0, 74327
9,74327,2,2,1, 74329
24,74329,1,1,0, 74330
1,74331,1,1,1, 74332
24,74334,1,1,0, 74335
1,74336,1,1,0, 74337
24,74339,1,1,1, 74340
1,74341,1,1,1, 74342
24,74344,1,1,0, 74345
1,74346,1,1,1, 74347
24,74349,1,1,0, 74350
1,74351,1,1,0, 74352
9,74352,2,2,1, 74354
26,74352,3,3,1, 74355
2,74353,2,2,1, 74355
24,74354,1,1,0, 74355
1,74356,1,1,0, 74357
9,74357,2,2,1, 74359
26,74357,3,3,1, 74360
2,74358,2,2,1, 74360
24,74359,1,1,0, 74360
1,74361,1,1,1, 74362
9,74362,2,2,1, 74364
2,74363,2,2,1, 74365
24,74364,1,1,0, 74365
1,74366,1,1,0, 74367
9,74367,2,2,1, 74369
24,74369,1,1,1, 74370
24,74374,1,1,0, 74375
14,74374,3,3,1, 74377
8,74376,1,1,1, 74377
15,74376,2,2,1, 74378
24,74379,1,1,0, 74380
16,74379,2,2,1, 74381
8,74381,1,1,0, 74382
24,74384,1,1,0, 74385
23,74383,3,3,1, 74386
30,74383,3,3,1, 74386
14,74384,3,3,1, 74387
8,74386,1,1,1, 74387
31,74386,2,2,1, 74388
24,74389,1,1,1, 74390
23,74388,3,3,1, 74391
30,74388,3,3,1, 74391
8,74391,1,1,1, 74392
31,74391,2,2,1, 74393
24,74394,1,1,1, 74395
23,74393,3,3,1, 74396
16,74394,2,2,1, 74396
8,74396,1,1,1, 74397
24,74399,1,1,0, 74400
8,74401,1,1,0, 74402
31,74401,2,2,1, 74403
24,74404,1,1,0, 74405
23,74403,3,3,1, 74406
30,74403,3,3,1, 74406
16,74404,2,2,1, 74406
8,74406,1,1,1, 74407
31,74406,2,2,1, 74408
24,74409,1,1,0, 74410
23,74408,3,3,1, 74411
16,74409,2,2,1, 74411
8,74411,1,1,1, 74412
31,74411,2,2,1, 74413
24,74414,1,1,0, 74415
23,74413,3,3,1, 74416
8,74416,1,1,0, 74417
24,74419,1,1,1, 74420
23,74418,3,3,1, 74421
30,74418,3,3,1, 74421
24,74424,1,1,0, 74425
31,74426,2,2,1, 74428
9,74477,2,2,1, 74479
1,74481,1,1,0, 74482
1,74486,1,1,0, 74487
9,74487,2,2,1, 74489
1,74491,1,1,0, 74492
1,74496,1,1,0, 74497
1,74501,1,1,1, 74502
1,74506,1,1,0, 74507
1,74511,1,1,0, 74512
1,74516,1,1,1, 74517
1,74521,1,1,0, 74522
1,74526,1,1,0, 74527
8,74526,1,1,0, 74527
9,74527,2,2,1, 74529
24,74529,1,1,0, 74530
1,74531,1,1,1, 74532
8,74531,1,1,1, 74532
24,74534,1,1,0, 74535
16,74534,2,2,1, 74536
1,74536,1,1,0, 74537
8,74536,1,1,0, 74537
15,74536,2,2,1, 74538
24,74539,1,1,0, 74540
1,74541,1,1,1, 74542
8,74541,1,1,1, 74542
15,74541,2,2,1, 74543
2,74543,2,2,1, 74545
24,74544,1,1,1, 74545
1,74546,1,1,0, 74547
8,74546,1,1,0, 74547
2,74548,2,2,1, 74550
24,74549,1,1,1, 74550
16,74549,2,2,1, 74551
1,74551,1,1,0, 74552
8,74551,1,1,1, 74552
15,74551,2,2,1, 74553
2,74553,2,2,1, 74555
24,74554,1,1,0, 74555
23,74553,3,3,1, 74556
1,74556,1,1,1, 74557
8,74556,1,1,0, 74557
24,74559,1,1,1, 74560
16,74559,2,2,1, 74561
1,74561,1,1,1, 74562
8,74561,1,1,0, 74562
15,74561,2,2,1, 74563
9,74562,2,2,1, 74564
26,74562,3,3,1, 74565
2,74563,2,2,1, 74565
24,74564,1,1,0, 74565
14,74564,3,3,1, 74567
1,74566,1,1,0, 74567
8,74566,1,1,1, 74567
9,74567,2,2,1, 74569
26,74567,3,3,1, 74570
2,74568,2,2,1, 74570
24,74569,1,1,1, 74570
1,74571,1,1,1, 74572
8,74571,1,1,1, 74572
3,74572,3,3,1, 74575
24,74574,1,1,1, 74575
16,74574,2,2,1, 74576
14,74574,3,3,1, 74577
8,74576,1,1,1, 74577
24,74579,1,1,1, 74580
23,74578,3,3,1, 74581
14,74579,3,3,1, 74582
24,74584,1,1,0, 74585
24,74589,1,1,0, 74590
24,74594,1,1,0, 74595
30,74593,3,3,1, 74596
24,74599,1,1,0, 74600
31,74601,2,2,1, 74603
24,74604,1,1,0, 74605
30,74603,3,3,1, 74606
24,74609,1,1,1, 74610
31,74611,2,2,1, 74613
24,74614,1,1,1, 74615
24,74619,1,1,0, 74620
30,74618,3,3,1, 74621
31,74621,2,2,1, 74623
24,74624,1,1,0, 74625
30,74623,3,3,1, 74626
24,74629,1,1,0, 74630
30,74628,3,3,1, 74631
31,74631,2,2,1, 74633
24,74634,1,1,1, 74635
30,74633,3,3,1, 74636
31,74636,2,2,1, 74638
24,74639,1,1,0, 74640
1,74686,1,1,0, 74687
8,74686,1,1,1, 74687
16,74689,2,2,1, 74691
1,74691,1,1,0, 74692
8,74691,1,1,1, 74692
1,74696,1,1,1, 74697
8,74696,1,1,1, 74697
16,74699,2,2,1, 74701
1,74701,1,1,1, 74702
8,74701,1,1,0, 74702
9,74702,2,2,1, 74704
1,74706,1,1,0, 74707
8,74706,1,1,0, 74707
23,74708,3,3,1, 74711
1,74711,1,1,1, 74712
8,74711,1,1,0, 74712
9,74712,2,2,1, 74714
16,74714,2,2,1, 74716
1,74716,1,1,1, 74717
8,74716,1,1,0, 74717
1,74721,1,1,1, 74722
8,74721,1,1,1, 74722
23,74723,3,3,1, 74726
1,74726,1,1,0, 74727
8,74726,1,1,0, 74727
9,74727,2,2,1, 74729
1,74731,1,1,1, 74732
8,74731,1,1,1, 74732
9,74732,2,2,1, 74734
1,74736,1,1,0, 74737
8,74736,1,1,1, 74737
9,74737,2,2,1, 74739
1,74741,1,1,0, 74742
8,74741,1,1,1, 74742
26,74742,3,3,1, 74745
2,74743,2,2,1, 74745
1,74746,1,1,0, 74747
8,74746,1,1,1, 74747
15,74746,2,2,1, 74748
26,74747,3,3,1, 74750
24,74749,1,1,1, 74750
1,74751,1,1,0, 74752
8,74751,1,1,0, 74752
15,74751,2,2,1, 74753
9,74752,2,2,1, 74754
26,74752,3,3,1, 74755
2,74753,2,2,1, 74755
24,74754,1,1,1, 74755
1,74756,1,1,0, 74757
8,74756,1,1,1, 74757
26,74757,3,3,1, 74760
24,74759,1,1,0, 74760
14,74759,3,3,1, 74762
8,74761,1,1,0, 74762
24,74764,1,1,1, 74765
14,74764,3,3,1, 74767
8,74766,1,1,1, 74767
24,74769,1,1,0, 74770
14,74769,3,3,1, 74772
8,74771,1,1,1, 74772
15,74771,2,2,1, 74773
24,74774,1,1,1, 74775
8,74776,1,1,1, 74777
15,74776,2,2,1, 74778
24,74779,1,1,0, 74780
24,74784,1,1,0, 74785
24,74789,1,1,1, 74790
24,74794,1,1,0, 74795
24,74799,1,1,0, 74800
24,74804,1,1,0, 74805
31,74806,2,2,1, 74808
24,74809,1,1,1, 74810
31,74811,2,2,1, 74813
24,74814,1,1,0, 74815
30,74813,3,3,1, 74816
24,74819,1,1,0, 74820
30,74818,3,3,1, 74821
31,74821,2,2,1, 74823
24,74824,1,1,1, 74825
30,74823,3,3,1, 74826
24,74829,1,1,0, 74830
30,74828,3,3,1, 74831
24,74834,1,1,1, 74835
31,74836,2,2,1, 74838
24,74839,1,1,0, 74840
31,74841,2,2,1, 74843
24,74844,1,1,0, 74845
30,74843,3,3,1, 74846
9,74862,2,2,1, 74864
1,74866,1,1,0, 74867
1,74871,1,1,1, 74872
1,74876,1,1,0, 74877
9,74877,2,2,1, 74879
1,74881,1,1,0, 74882
9,74882,2,2,1, 74884
1,74886,1,1,1, 74887
8,74886,1,1,0, 74887
1,74891,1,1,0, 74892
8,74891,1,1,0, 74892
9,74892,2,2,1, 74894
1,74896,1,1,0, 74897
8,74896,1,1,1, 74897
16,74899,2,2,1, 74901
1,74901,1,1,0, 74902
8,74901,1,1,0, 74902
1,74906,1,1,1, 74907
8,74906,1,1,1, 74907
9,74907,2,2,1, 74909
1,74911,1,1,1, 74912
8,74911,1,1,1, 74912
16,74914,2,2,1, 74916
1,74916,1,1,0, 74917
8,74916,1,1,0, 74917
16,74919,2,2,1, 74921
1,74921,1,1,1, 74922
8,74921,1,1,0, 74922
26,74922,3,3,1, 74925
1,74926,1,1,1, 74927
8,74926,1,1,1, 74927
9,74927,2,2,1, 74929
16,74929,2,2,1, 74931
1,74931,1,1,0, 74932
8,74931,1,1,0, 74932
9,74932,2,2,1, 74934
1,74936,1,1,1, 74937
8,74936,1,1,1, 74937
26,74937,3,3,1, 74940
2,74938,2,2,1, 74940
1,74941,1,1,1, 74942
8,74941,1,1,1, 74942
2,74943,2,2,1, 74945
16,74944,2,2,1, 74946
8,74946,1,1,1, 74947
8,74951,1,1,0, 74952
24,74954,1,1,0, 74955
8,74956,1,1,1, 74957
24,74959,1,1,0, 74960
8,74961,1,1,1, 74962
24,74964,1,1,0, 74965
8,74966,1,1,1, 74967
24,74969,1,1,1, 74970
8,74971,1,1,0, 74972
15,74971,2,2,1, 74973
24,74974,1,1,0, 74975
16,74974,2,2,1, 74976
8,74976,1,1,1, 74977
24,74979,1,1,0, 74980
8,74981,1,1,0, 74982
24,74984,1,1,0, 74985
23,74983,3,3,1, 74986
8,74986,1,1,0, 74987
24,74989,1,1,1, 74990
8,74991,1,1,0, 74992
15,74991,2,2,1, 74993
24,74994,1,1,1, 74995
16,74994,2,2,1, 74996
8,74996,1,1,1, 74997
24,74999,1,1,1, 75000
23,74998,3,3,1, 75001
24,75004,1,1,0, 75005
24,75009,1,1,1, 75010
24,75014,1,1,0, 75015
24,75019,1,1,0, 75020
24,75024,1,1,1, 75025
24,75029,1,1,1, 75030
24,75034,1,1,1, 75035
24,75039,1,1,0, 75040
24,75044,1,1,1, 75045
31,75046,2,2,1, 75048
24,75049,1,1,1, 75050
1,75051,1,1,0, 75052
31,75051,2,2,1, 75053
24,75054,1,1,1, 75055
1,75056,1,1,1, 75057
31,75056,2,2,1, 75058
24,75059,1,1,1, 75060
30,75058,3,3,1, 75061
1,75061,1,1,1, 75062
9,75062,2,2,1, 75064
24,75064,1,1,0, 75065
30,75063,3,3,1, 75066
1,75066,1,1,1, 75067
9,75067,2,2,1, 75069
24,75069,1,1,0, 75070
30,75068,3,3,1, 75071
1,75071,1,1,0, 75072
31,75071,2,2,1, 75073
24,75074,1,1,1, 75075
1,75076,1,1,0, 75077
31,75076,2,2,1, 75078
24,75079,1,1,0, 75080
30,75078,3,3,1, 75081
1,75081,1,1,1, 75082
24,75084,1,1,0, 75085
1,75086,1,1,0, 75087
31,75086,2,2,1, 75088
24,75089,1,1,0, 75090
1,75091,1,1,0, 75092
31,75091,2,2,1, 75093
9,75092,2,2,1, 75094
1,75096,1,1,0, 75097
1,75101,1,1,0, 75102
1,75106,1,1,0, 75107
8,75106,1,1,0, 75107
14,75109,3,3,1, 75112
1,75111,1,1,1, 75112
8,75111,1,1,1, 75112
26,75112,3,3,1, 75115
14,75114,3,3,1, 75117
1,75116,1,1,0, 75117
8,75116,1,1,1, 75117
15,75116,2,2,1, 75118
9,75117,2,2,1, 75119
26,75117,3,3,1, 75120
2,75118,2,2,1, 75120
1,75121,1,1,0, 75122
8,75121,1,1,0, 75122
9,75122,2,2,1, 75124
26,75122,3,3,1, 75125
1,75126,1,1,1, 75127
8,75126,1,1,1, 75127
26,75127,3,3,1, 75130
8,75131,1,1,1, 75132
8,75136,1,1,1, 75137
8,75141,1,1,0, 75142
8,75146,1,1,1, 75147
8,75151,1,1,1, 75152
8,75156,1,1,1, 75157
23,75158,3,3,1, 75161
16,75159,2,2,1, 75161
8,75161,1,1,1, 75162
23,75163,3,3,1, 75166
8,75166,1,1,0, 75167
16,75169,2,2,1, 75171
8,75171,1,1,1, 75172
8,75176,1,1,1, 75177
23,75178,3,3,1, 75181
8,75181,1,1,0, 75182
23,75183,3,3,1, 75186
16,75184,2,2,1, 75186
8,75186,1,1,0, 75187
23,75188,3,3,1, 75191
8,75191,1,1,0, 75192
23,75193,3,3,1, 75196
24,75199,1,1,1, 75200
24,75204,1,1,0, 75205
24,75209,1,1,1, 75210
24,75214,1,1,1, 75215
24,75219,1,1,0, 75220
24,75224,1,1,0, 75225
24,75229,1,1,0, 75230
9,75232,2,2,1, 75234
24,75234,1,1,1, 75235
30,75233,3,3,1, 75236
1,75236,1,1,1, 75237
24,75239,1,1,0, 75240
30,75238,3,3,1, 75241
1,75241,1,1,1, 75242
24,75244,1,1,0, 75245
1,75246,1,1,0, 75247
24,75249,1,1,1, 75250
30,75248,3,3,1, 75251
1,75251,1,1,0, 75252
31,75251,2,2,1, 75253
24,75254,1,1,0, 75255
30,75253,3,3,1, 75256
1,75256,1,1,1, 75257
24,75259,1,1,1, 75260
30,75258,3,3,1, 75261
1,75261,1,1,0, 75262
31,75261,2,2,1, 75263
24,75264,1,1,1, 75265
30,75263,3,3,1, 75266
1,75266,1,1,0, 75267
31,75266,2,2,1, 75268
24,75269,1,1,1, 75270
1,75271,1,1,0, 75272
24,75274,1,1,0, 75275
30,75273,3,3,1, 75276
1,75276,1,1,0, 75277
2,75278,2,2,1, 75280
24,75279,1,1,0, 75280
30,75278,3,3,1, 75281
1,75281,1,1,1, 75282
2,75283,2,2,1, 75285
1,75286,1,1,0, 75287
1,75291,1,1,1, 75292
2,75293,2,2,1, 75295
1,75296,1,1,0, 75297
14,75299,3,3,1, 75302
1,75301,1,1,1, 75302
8,75301,1,1,1, 75302
15,75301,2,2,1, 75303
1,75306,1,1,1, 75307
8,75306,1,1,0, 75307
14,75309,3,3,1, 75312
1,75311,1,1,1, 75312
8,75311,1,1,0, 75312
15,75311,2,2,1, 75313
1,75316,1,1,1, 75317
8,75316,1,1,1, 75317
15,75316,2,2,1, 75318
14,75319,3,3,1, 75322
1,75321,1,1,0, 75322
8,75321,1,1,0, 75322
2,75323,2,2,1, 75325
1,75326,1,1,1, 75327
8,75326,1,1,0, 75327
1,75331,1,1,0, 75332
8,75331,1,1,0, 75332
1,75336,1,1,1, 75337
8,75336,1,1,1, 75337
2,75338,2,2,1, 75340
1,75341,1,1,1, 75342
8,75341,1,1,1, 75342
9,75342,2,2,1, 75344
26,75342,3,3,1, 75345
2,75343,2,2,1, 75345
1,75346,1,1,1, 75347
8,75346,1,1,0, 75347
11,75344,4,4,1, 75348
9,75347,2,2,1, 75349
8,75351,1,1,0, 75352
8,75356,1,1,0, 75357
8,75361,1,1,0, 75362
8,75366,1,1,0, 75367
8,75371,1,1,0, 75372
8,75376,1,1,0, 75377
8,75381,1,1,0, 75382
24,75384,1,1,0, 75385
8,75386,1,1,0, 75387
24,75389,1,1,1, 75390
8,75391,1,1,0, 75392
24,75394,1,1,1, 75395
8,75396,1,1,1, 75397
24,75399,1,1,1, 75400
8,75401,1,1,0, 75402
24,75404,1,1,0, 75405
8,75406,1,1,1, 75407
24,75409,1,1,0, 75410
23,75408,3,3,1, 75411
16,75409,2,2,1, 75411
8,75411,1,1,1, 75412
24,75414,1,1,0, 75415
8,75416,1,1,1, 75417
24,75419,1,1,0, 75420
23,75418,3,3,1, 75421
8,75421,1,1,0, 75422
31,75421,2,2,1, 75423
24,75424,1,1,1, 75425
30,75423,3,3,1, 75426
8,75426,1,1,0, 75427
31,75426,2,2,1, 75428
24,75429,1,1,0, 75430
23,75428,3,3,1, 75431
8,75431,1,1,0, 75432
24,75434,1,1,0, 75435
8,75436,1,1,0, 75437
15,75436,2,2,1, 75438
24,75439,1,1,1, 75440
31,75441,2,2,1, 75443
24,75444,1,1,1, 75445
30,75443,3,3,1, 75446
31,75446,2,2,1, 75448
24,75449,1,1,0, 75450
1,75451,1,1,0, 75452
24,75454,1,1,0, 75455
1,75456,1,1,1, 75457
31,75456,2,2,1, 75458
9,75457,2,2,1, 75459
24,75459,1,1,1, 75460
1,75461,1,1,1, 75462
31,75461,2,2,1, 75463
9,75462,2,2,1, 75464
24,75464,1,1,1, 75465
30,75463,3,3,1, 75466
1,75466,1,1,0, 75467
2,75468,2,2,1, 75470
24,75469,1,1,1, 75470
1,75471,1,1,1, 75472
31,75471,2,2,1, 75473
2,75473,2,2,1, 75475
24,75474,1,1,0, 75475
30,75473,3,3,1, 75476
1,75476,1,1,0, 75477
9,75477,2,2,1, 75479
2,75478,2,2,1, 75480
1,75481,1,1,0, 75482
26,75482,3,3,1, 75485
2,75483,2,2,1, 75485
1,75486,1,1,1, 75487
1,75491,1,1,0, 75492
9,75492,2,2,1, 75494
26,75492,3,3,1, 75495
1,75496,1,1,1, 75497
2,75498,2,2,1, 75500
1,75501,1,1,1, 75502
3,75502,3,3,1, 75505
16,75549,2,2,1, 75551
8,75551,1,1,1, 75552
8,75556,1,1,1, 75557
8,75561,1,1,0, 75562
15,75561,2,2,1, 75563
8,75566,1,1,0, 75567
14,75569,3,3,1, 75572
8,75571,1,1,0, 75572
15,75571,2,2,1, 75573
8,75576,1,1,0, 75577
24,75579,1,1,1, 75580
16,75579,2,2,1, 75581
14,75579,3,3,1, 75582
8,75581,1,1,0, 75582
24,75584,1,1,1, 75585
23,75583,3,3,1, 75586
16,75584,2,2,1, 75586
14,75584,3,3,1, 75587
8,75586,1,1,0, 75587
15,75586,2,2,1, 75588
24,75589,1,1,1, 75590
8,75591,1,1,0, 75592
15,75591,2,2,1, 75593
24,75594,1,1,1, 75595
23,75593,3,3,1, 75596
16,75594,2,2,1, 75596
14,75594,3,3,1, 75597
8,75596,1,1,1, 75597
15,75596,2,2,1, 75598
24,75599,1,1,0, 75600
24,75604,1,1,0, 75605
24,75609,1,1,0, 75610
1,75611,1,1,0, 75612
24,75614,1,1,1, 75615
1,75616,1,1,0, 75617
24,75619,1,1,1, 75620
1,75621,1,1,0, 75622
9,75622,2,2,1, 75624
24,75624,1,1,1, 75625
1,75626,1,1,1, 75627
9,75627,2,2,1, 75629
24,75629,1,1,0, 75630
1,75631,1,1,1, 75632
24,75634,1,1,1, 75635
1,75636,1,1,0, 75637
24,75639,1,1,0, 75640
1,75641,1,1,1, 75642
9,75642,2,2,1, 75644
24,75644,1,1,1, 75645
30,75643,3,3,1, 75646
1,75646,1,1,0, 75647
31,75646,2,2,1, 75648
24,75649,1,1,0, 75650
30,75648,3,3,1, 75651
1,75651,1,1,0, 75652
24,75654,1,1,1, 75655
1,75656,1,1,0, 75657
9,75657,2,2,1, 75659
24,75659,1,1,0, 75660
1,75661,1,1,1, 75662
24,75664,1,1,0, 75665
30,75663,3,3,1, 75666
1,75666,1,1,1, 75667
24,75669,1,1,0, 75670
1,75671,1,1,0, 75672
26,75672,3,3,1, 75675
24,75674,1,1,1, 75675
30,75673,3,3,1, 75676
1,75676,1,1,1, 75677
31,75676,2,2,1, 75678
9,75677,2,2,1, 75679
26,75677,3,3,1, 75680
2,75678,2,2,1, 75680
24,75679,1,1,1, 75680
30,75678,3,3,1, 75681
1,75681,1,1,0, 75682
31,75681,2,2,1, 75683
9,75682,2,2,1, 75684
2,75683,2,2,1, 75685
24,75684,1,1,1, 75685
30,75683,3,3,1, 75686
1,75686,1,1,0, 75687
9,75687,2,2,1, 75689
26,75687,3,3,1, 75690
24,75689,1,1,1, 75690
31,75691,2,2,1, 75693
24,75694,1,1,1, 75695
31,75696,2,2,1, 75698
8,75706,1,1,0, 75707
23,75708,3,3,1, 75711
16,75709,2,2,1, 75711
8,75711,1,1,0, 75712
16,75714,2,2,1, 75716
8,75716,1,1,1, 75717
23,75718,3,3,1, 75721
8,75721,1,1,0, 75722
23,75723,3,3,1, 75726
16,75724,2,2,1, 75726
8,75726,1,1,1, 75727
16,75729,2,2,1, 75731
8,75731,1,1,1, 75732
16,75734,2,2,1, 75736
8,75736,1,1,1, 75737
14,75739,3,3,1, 75742
8,75741,1,1,1, 75742
8,75746,1,1,1, 75747
23,75748,3,3,1, 75751
16,75749,2,2,1, 75751
14,75749,3,3,1, 75752
8,75751,1,1,1, 75752
16,75754,2,2,1, 75756
1,75796,1,1,0, 75797
1,75801,1,1,1, 75802
24,75804,1,1,1, 75805
1,75806,1,1,0, 75807
24,75809,1,1,0, 75810
1,75811,1,1,0, 75812
24,75814,1,1,1, 75815
1,75816,1,1,1, 75817
31,75816,2,2,1, 75818
24,75819,1,1,0, 75820
1,75821,1,1,0, 75822
24,75824,1,1,0, 75825
30,75823,3,3,1, 75826
1,75826,1,1,0, 75827
24,75829,1,1,1, 75830
1,75831,1,1,1, 75832
24,75834,1,1,1, 75835
1,75836,1,1,1, 75837
24,75839,1,1,0, 75840
1,75841,1,1,0, 75842
24,75844,1,1,1, 75845
1,75846,1,1,0, 75847
2,75848,2,2,1, 75850
24,75849,1,1,0, 75850
1,75851,1,1,1, 75852
2,75853,2,2,1, 75855
24,75854,1,1,1, 75855
1,75856,1,1,0, 75857
2,75858,2,2,1, 75860
24,75859,1,1,0, 75860
1,75861,1,1,1, 75862
8,75861,1,1,0, 75862
24,75864,1,1,0, 75865
1,75866,1,1,0, 75867
8,75866,1,1,0, 75867
2,75868,2,2,1, 75870
24,75869,1,1,1, 75870
1,75871,1,1,1, 75872
8,75871,1,1,0, 75872
24,75874,1,1,1, 75875
1,75876,1,1,0, 75877
8,75876,1,1,0, 75877
24,75879,1,1,1, 75880
1,75881,1,1,0, 75882
8,75881,1,1,0, 75882
11,75879,4,4,1, 75883
3,75882,3,3,1, 75885
2,75883,2,2,1, 75885
24,75884,1,1,1, 75885
1,75886,1,1,0, 75887
8,75886,1,1,1, 75887
11,75884,4,4,1, 75888
2,75888,2,2,1, 75890
24,75889,1,1,1, 75890
1,75891,1,1,1, 75892
8,75891,1,1,1, 75892
2,75893,2,2,1, 75895
24,75894,1,1,0, 75895
1,75896,1,1,0, 75897
8,75896,1,1,0, 75897
3,75897,3,3,1, 75900
24,75899,1,1,1, 75900
8,75901,1,1,0, 75902
24,75904,1,1,0, 75905
8,75906,1,1,1, 75907
24,75909,1,1,1, 75910
8,75911,1,1,1, 75912
24,75914,1,1,0, 75915
8,75916,1,1,0, 75917
24,75919,1,1,1, 75920
8,75921,1,1,1, 75922
24,75924,1,1,0, 75925
8,75926,1,1,0, 75927
24,75929,1,1,0, 75930
8,75931,1,1,0, 75932
24,75934,1,1,1, 75935
8,75936,1,1,0, 75937
24,75939,1,1,1, 75940
8,75941,1,1,1, 75942
24,75944,1,1,0, 75945
8,75946,1,1,1, 75947
24,75949,1,1,0, 75950
23,75948,3,3,1, 75951
30,75948,3,3,1, 75951
8,75951,1,1,0, 75952
15,75951,2,2,1, 75953
31,75951,2,2,1, 75953
24,75954,1,1,0, 75955
23,75953,3,3,1, 75956
16,75954,2,2,1, 75956
8,75956,1,1,1, 75957
31,75956,2,2,1, 75958
24,75959,1,1,1, 75960
8,75961,1,1,0, 75962
15,75961,2,2,1, 75963
24,75964,1,1,1, 75965
23,75963,3,3,1, 75966
30,75963,3,3,1, 75966
8,75966,1,1,0, 75967
31,75966,2,2,1, 75968
24,75969,1,1,0, 75970
8,75971,1,1,0, 75972
15,75971,2,2,1, 75973
24,75974,1,1,0, 75975
23,75973,3,3,1, 75976
8,75976,1,1,0, 75977
24,75979,1,1,0, 75980
30,75978,3,3,1, 75981
8,75981,1,1,0, 75982
31,75981,2,2,1, 75983
24,75984,1,1,1, 75985
30,75983,3,3,1, 75986
8,75986,1,1,1, 75987
15,75986,2,2,1, 75988
24,75989,1,1,1, 75990
8,75991,1,1,1, 75992
15,75991,2,2,1, 75993
31,75991,2,2,1, 75993
16,75994,2,2,1, 75996
9,76002,2,2,1, 76004
1,76006,1,1,0, 76007
1,76011,1,1,0, 76012
9,76012,2,2,1, 76014
1,76016,1,1,1, 76017
1,76021,1,1,0, 76022
1,76026,1,1,1, 76027
9,76027,2,2,1, 76029
1,76031,1,1,1, 76032
9,76032,2,2,1, 76034
1,76036,1,1,1, 76037
1,76041,1,1,1, 76042
1,76046,1,1,1, 76047
9,76047,2,2,1, 76049
2,76048,2,2,1, 76050
1,76051,1,1,1, 76052
9,76052,2,2,1, 76054
2,76053,2,2,1, 76055
1,76056,1,1,0, 76057
9,76057,2,2,1, 76059
2,76058,2,2,1, 76060
1,76061,1,1,0, 76062
9,76062,2,2,1, 76064
2,76063,2,2,1, 76065
8,76096,1,1,1, 76097
24,76099,1,1,1, 76100
8,76101,1,1,0, 76102
24,76104,1,1,1, 76105
8,76106,1,1,1, 76107
24,76109,1,1,0, 76110
8,76111,1,1,0, 76112
24,76114,1,1,1, 76115
8,76116,1,1,1, 76117
24,76119,1,1,1, 76120
8,76121,1,1,0, 76122
24,76124,1,1,0, 76125
8,76126,1,1,1, 76127
24,76129,1,1,0, 76130
8,76131,1,1,1, 76132
24,76134,1,1,0, 76135
8,76136,1,1,0, 76137
24,76139,1,1,0, 76140
8,76141,1,1,0, 76142
24,76144,1,1,0, 76145
8,76146,1,1,0, 76147
24,76149,1,1,0, 76150
8,76151,1,1,0, 76152
24,76154,1,1,1, 76155
8,76156,1,1,0, 76157
31,76156,2,2,1, 76158
24,76159,1,1,1, 76160
30,76158,3,3,1, 76161
8,76161,1,1,1, 76162
31,76161,2,2,1, 76163
24,76164,1,1,1, 76165
8,76166,1,1,0, 76167
24,76169,1,1,1, 76170
16,76169,2,2,1, 76171
1,76171,1,1,1, 76172
8,76171,1,1,0, 76172
24,76174,1,1,0, 76175
16,76174,2,2,1, 76176
1,76176,1,1,0, 76177
8,76176,1,1,0, 76177
24,76179,1,1,0, 76180
16,76179,2,2,1, 76181
1,76181,1,1,0, 76182
8,76181,1,1,0, 76182
24,76184,1,1,1, 76185
1,76186,1,1,0, 76187
8,76186,1,1,1, 76187
24,76189,1,1,0, 76190
16,76189,2,2,1, 76191
1,76191,1,1,1, 76192
8,76191,1,1,0, 76192
9,76192,2,2,1, 76194
24,76194,1,1,0, 76195
23,76193,3,3,1, 76196
30,76193,3,3,1, 76196
1,76196,1,1,0, 76197
8,76196,1,1,0, 76197
9,76197,2,2,1, 76199
24,76199,1,1,0, 76200
1,76201,1,1,1, 76202
8,76201,1,1,0, 76202
24,76204,1,1,1, 76205
1,76206,1,1,0, 76207
8,76206,1,1,1, 76207
15,76206,2,2,1, 76208
31,76206,2,2,1, 76208
9,76207,2,2,1, 76209
24,76209,1,1,0, 76210
23,76208,3,3,1, 76211
30,76208,3,3,1, 76211
16,76209,2,2,1, 76211
1,76211,1,1,1, 76212
8,76211,1,1,1, 76212
15,76211,2,2,1, 76213
24,76214,1,1,1, 76215
23,76213,3,3,1, 76216
1,76216,1,1,0, 76217
8,76216,1,1,1, 76217
9,76217,2,2,1, 76219
24,76219,1,1,1, 76220
23,76218,3,3,1, 76221
1,76221,1,1,1, 76222
9,76222,2,2,1, 76224
24,76224,1,1,0, 76225
30,76223,3,3,1, 76226
1,76226,1,1,0, 76227
9,76227,2,2,1, 76229
24,76229,1,1,1, 76230
1,76231,1,1,0, 76232
24,76234,1,1,0, 76235
30,76233,3,3,1, 76236
1,76236,1,1,0, 76237
24,76239,1,1,0, 76240
30,76238,3,3,1, 76241
1,76241,1,1,0, 76242
31,76241,2,2,1, 76243
1,76246,1,1,0, 76247
9,76247,2,2,1, 76249
1,76251,1,1,1, 76252
1,76256,1,1,1, 76257
26,76257,3,3,1, 76260
1,76261,1,1,0, 76262
26,76262,3,3,1, 76265
2,76263,2,2,1, 76265
14,76329,3,3,1, 76332
8,76331,1,1,0, 76332
8,76336,1,1,0, 76337
8,76341,1,1,0, 76342
8,76346,1,1,0, 76347
24,76349,1,1,0, 76350
8,76351,1,1,1, 76352
24,76354,1,1,0, 76355
8,76356,1,1,1, 76357
24,76359,1,1,0, 76360
8,76361,1,1,1, 76362
24,76364,1,1,1, 76365
1,76366,1,1,1, 76367
8,76366,1,1,0, 76367
24,76369,1,1,1, 76370
1,76371,1,1,1, 76372
8,76371,1,1,0, 76372
24,76374,1,1,0, 76375
1,76376,1,1,1, 76377
8,76376,1,1,1, 76377
24,76379,1,1,0, 76380
1,76381,1,1,1, 76382
8,76381,1,1,1, 76382
24,76384,1,1,1, 76385
30,76383,3,3,1, 76386
1,76386,1,1,0, 76387
8,76386,1,1,1, 76387
24,76389,1,1,1, 76390
1,76391,1,1,1, 76392
8,76391,1,1,0, 76392
24,76394,1,1,1, 76395
30,76393,3,3,1, 76396
1,76396,1,1,1, 76397
8,76396,1,1,1, 76397
24,76399,1,1,0, 76400
30,76398,3,3,1, 76401
16,76399,2,2,1, 76401
1,76401,1,1,0, 76402
8,76401,1,1,1, 76402
31,76401,2,2,1, 76403
24,76404,1,1,1, 76405
1,76406,1,1,1, 76407
8,76406,1,1,1, 76407
24,76409,1,1,1, 76410
23,76408,3,3,1, 76411
30,76408,3,3,1, 76411
16,76409,2,2,1, 76411
1,76411,1,1,0, 76412
8,76411,1,1,0, 76412
31,76411,2,2,1, 76413
24,76414,1,1,0, 76415
23,76413,3,3,1, 76416
16,76414,2,2,1, 76416
1,76416,1,1,1, 76417
8,76416,1,1,1, 76417
31,76416,2,2,1, 76418
24,76419,1,1,1, 76420
23,76418,3,3,1, 76421
30,76418,3,3,1, 76421
1,76421,1,1,0, 76422
8,76421,1,1,0, 76422
31,76421,2,2,1, 76423
9,76422,2,2,1, 76424
24,76424,1,1,0, 76425
23,76423,3,3,1, 76426
30,76423,3,3,1, 76426
16,76424,2,2,1, 76426
1,76426,1,1,0, 76427
8,76426,1,1,0, 76427
24,76429,1,1,0, 76430
16,76429,2,2,1, 76431
1,76431,1,1,0, 76432
8,76431,1,1,1, 76432
31,76431,2,2,1, 76433
9,76432,2,2,1, 76434
24,76434,1,1,0, 76435
23,76433,3,3,1, 76436
30,76433,3,3,1, 76436
1,76436,1,1,1, 76437
8,76436,1,1,0, 76437
26,76437,3,3,1, 76440
23,76438,3,3,1, 76441
16,76439,2,2,1, 76441
1,76441,1,1,0, 76442
9,76442,2,2,1, 76444
1,76446,1,1,1, 76447
2,76448,2,2,1, 76450
1,76451,1,1,0, 76452
9,76452,2,2,1, 76454
2,76453,2,2,1, 76455
1,76456,1,1,0, 76457
9,76457,2,2,1, 76459
1,76461,1,1,1, 76462
9,76462,2,2,1, 76464
2,76463,2,2,1, 76465
1,76466,1,1,0, 76467
9,76467,2,2,1, 76469
24,76544,1,1,0, 76545
14,76544,3,3,1, 76547
8,76546,1,1,1, 76547
24,76549,1,1,1, 76550
8,76551,1,1,1, 76552
15,76551,2,2,1, 76553
24,76554,1,1,1, 76555
8,76556,1,1,0, 76557
24,76559,1,1,1, 76560
8,76561,1,1,0, 76562
31,76561,2,2,1, 76563
24,76564,1,1,0, 76565
8,76566,1,1,0, 76567
31,76566,2,2,1, 76568
24,76569,1,1,1, 76570
8,76571,1,1,1, 76572
24,76574,1,1,0, 76575
8,76576,1,1,1, 76577
24,76579,1,1,1, 76580
1,76581,1,1,0, 76582
8,76581,1,1,1, 76582
9,76582,2,2,1, 76584
24,76584,1,1,0, 76585
1,76586,1,1,1, 76587
8,76586,1,1,0, 76587
31,76586,2,2,1, 76588
24,76589,1,1,1, 76590
1,76591,1,1,0, 76592
8,76591,1,1,0, 76592
31,76591,2,2,1, 76593
9,76592,2,2,1, 76594
24,76594,1,1,1, 76595
1,76596,1,1,1, 76597
8,76596,1,1,0, 76597
9,76597,2,2,1, 76599
24,76599,1,1,0, 76600
1,76601,1,1,1, 76602
8,76601,1,1,1, 76602
9,76602,2,2,1, 76604
24,76604,1,1,0, 76605
1,76606,1,1,0, 76607
8,76606,1,1,0, 76607
9,76607,2,2,1, 76609
24,76609,1,1,1, 76610
1,76611,1,1,0, 76612
8,76611,1,1,0, 76612
9,76612,2,2,1, 76614
24,76614,1,1,0, 76615
1,76616,1,1,1, 76617
8,76616,1,1,1, 76617
9,76617,2,2,1, 76619
24,76619,1,1,1, 76620
1,76621,1,1,0, 76622
8,76621,1,1,1, 76622
31,76621,2,2,1, 76623
24,76624,1,1,1, 76625
1,76626,1,1,0, 76627
8,76626,1,1,0, 76627
31,76626,2,2,1, 76628
9,76627,2,2,1, 76629
24,76629,1,1,0, 76630
1,76631,1,1,1, 76632
8,76631,1,1,1, 76632
31,76631,2,2,1, 76633
9,76632,2,2,1, 76634
24,76634,1,1,1, 76635
1,76636,1,1,0, 76637
8,76636,1,1,1, 76637
24,76639,1,1,0, 76640
16,76639,2,2,1, 76641
1,76641,1,1,0, 76642
8,76641,1,1,1, 76642
31,76641,2,2,1, 76643
9,76642,2,2,1, 76644
24,76644,1,1,0, 76645
1,76646,1,1,1, 76647
8,76646,1,1,0, 76647
24,76649,1,1,0, 76650
1,76651,1,1,0, 76652
8,76651,1,1,1, 76652
9,76652,2,2,1, 76654
26,76652,3,3,1, 76655
24,76654,1,1,1, 76655
8,76656,1,1,1, 76657
31,76656,2,2,1, 76658
24,76659,1,1,0, 76660
8,76661,1,1,0, 76662
24,76664,1,1,0, 76665
30,76663,3,3,1, 76666
14,76664,3,3,1, 76667
8,76666,1,1,1, 76667
16,76669,2,2,1, 76671
14,76669,3,3,1, 76672
8,76671,1,1,0, 76672
8,76676,1,1,1, 76677
15,76676,2,2,1, 76678
8,76681,1,1,0, 76682
8,76686,1,1,0, 76687
16,76689,2,2,1, 76691
14,76689,3,3,1, 76692
8,76691,1,1,1, 76692
14,76694,3,3,1, 76697
1,76761,1,1,1, 76762
9,76762,2,2,1, 76764
1,76766,1,1,0, 76767
1,76771,1,1,0, 76772
24,76774,1,1,0, 76775
1,76776,1,1,0, 76777
9,76777,2,2,1, 76779
24,76779,1,1,0, 76780
1,76781,1,1,1, 76782
9,76782,2,2,1, 76784
24,76784,1,1,0, 76785
1,76786,1,1,1, 76787
24,76789,1,1,0, 76790
1,76791,1,1,1, 76792
24,76794,1,1,0, 76795
1,76796,1,1,1, 76797
9,76797,2,2,1, 76799
24,76799,1,1,1, 76800
1,76801,1,1,0, 76802
8,76801,1,1,1, 76802
24,76804,1,1,0, 76805
23,76803,3,3,1, 76806
16,76804,2,2,1, 76806
1,76806,1,1,1, 76807
8,76806,1,1,1, 76807
24,76809,1,1,0, 76810
23,76808,3,3,1, 76811
16,76809,2,2,1, 76811
1,76811,1,1,0, 76812
8,76811,1,1,0, 76812
24,76814,1,1,0, 76815
1,76816,1,1,1, 76817
8,76816,1,1,0, 76817
24,76819,1,1,1, 76820
1,76821,1,1,1, 76822
8,76821,1,1,0, 76822
26,76822,3,3,1, 76825
24,76824,1,1,0, 76825
23,76823,3,3,1, 76826
16,76824,2,2,1, 76826
1,76826,1,1,1, 76827
8,76826,1,1,0, 76827
2,76828,2,2,1, 76830
24,76829,1,1,1, 76830
23,76828,3,3,1, 76831
16,76829,2,2,1, 76831
1,76831,1,1,1, 76832
8,76831,1,1,1, 76832
2,76833,2,2,1, 76835
24,76834,1,1,0, 76835
23,76833,3,3,1, 76836
1,76836,1,1,0, 76837
8,76836,1,1,0, 76837
26,76837,3,3,1, 76840
2,76838,2,2,1, 76840
24,76839,1,1,0, 76840
1,76841,1,1,0, 76842
8,76841,1,1,0, 76842
26,76842,3,3,1, 76845
24,76844,1,1,1, 76845
1,76846,1,1,0, 76847
8,76846,1,1,0, 76847
11,76844,4,4,1, 76848
2,76848,2,2,1, 76850
24,76849,1,1,1, 76850
8,76851,1,1,1, 76852
31,76851,2,2,1, 76853
24,76854,1,1,1, 76855
8,76856,1,1,0, 76857
31,76856,2,2,1, 76858
24,76859,1,1,1, 76860
30,76858,3,3,1, 76861
8,76861,1,1,0, 76862
31,76861,2,2,1, 76863
24,76864,1,1,0, 76865
30,76863,3,3,1, 76866
8,76866,1,1,1, 76867
31,76866,2,2,1, 76868
24,76869,1,1,1, 76870
30,76868,3,3,1, 76871
8,76871,1,1,1, 76872
24,76874,1,1,1, 76875
8,76876,1,1,0, 76877
31,76876,2,2,1, 76878
24,76879,1,1,0, 76880
8,76881,1,1,0, 76882
31,76881,2,2,1, 76883
24,76884,1,1,0, 76885
8,76886,1,1,1, 76887
24,76889,1,1,0, 76890
30,76888,3,3,1, 76891
8,76891,1,1,0, 76892
31,76891,2,2,1, 76893
8,76896,1,1,0, 76897
15,76896,2,2,1, 76898
8,76901,1,1,1, 76902
15,76901,2,2,1, 76903
8,76906,1,1,0, 76907
8,76911,1,1,0, 76912
15,76911,2,2,1, 76913
1,76956,1,1,0, 76957
1,76961,1,1,0, 76962
1,76966,1,1,1, 76967
1,76971,1,1,1, 76972
1,76976,1,1,1, 76977
1,76981,1,1,1, 76982
1,76986,1,1,0, 76987
1,76991,1,1,1, 76992
1,76996,1,1,1, 76997
2,76998,2,2,1, 77000
24,76999,1,1,1, 77000
1,77001,1,1,0, 77002
24,77004,1,1,1, 77005
1,77006,1,1,1, 77007
26,77007,3,3,1, 77010
24,77009,1,1,1, 77010
1,77011,1,1,1, 77012
24,77014,1,1,1, 77015
1,77016,1,1,0, 77017
8,77016,1,1,1, 77017
26,77017,3,3,1, 77020
24,77019,1,1,1, 77020
23,77018,3,3,1, 77021
14,77019,3,3,1, 77022
1,77021,1,1,0, 77022
8,77021,1,1,1, 77022
26,77022,3,3,1, 77025
24,77024,1,1,0, 77025
16,77024,2,2,1, 77026
1,77026,1,1,1, 77027
8,77026,1,1,1, 77027
9,77027,2,2,1, 77029
26,77027,3,3,1, 77030
24,77029,1,1,1, 77030
23,77028,3,3,1, 77031
1,77031,1,1,1, 77032
8,77031,1,1,1, 77032
26,77032,3,3,1, 77035
24,77034,1,1,1, 77035
23,77033,3,3,1, 77036
1,77036,1,1,1, 77037
8,77036,1,1,0, 77037
31,77036,2,2,1, 77038
24,77039,1,1,1, 77040
30,77038,3,3,1, 77041
14,77039,3,3,1, 77042
1,77041,1,1,0, 77042
8,77041,1,1,0, 77042
15,77041,2,2,1, 77043
31,77041,2,2,1, 77043
9,77042,2,2,1, 77044
2,77043,2,2,1, 77045
24,77044,1,1,0, 77045
1,77046,1,1,1, 77047
8,77046,1,1,1, 77047
9,77047,2,2,1, 77049
24,77049,1,1,1, 77050
8,77051,1,1,0, 77052
24,77054,1,1,1, 77055
30,77053,3,3,1, 77056
8,77056,1,1,0, 77057
15,77056,2,2,1, 77058
24,77059,1,1,0, 77060
30,77058,3,3,1, 77061
8,77061,1,1,1, 77062
24,77064,1,1,1, 77065
8,77066,1,1,1, 77067
15,77066,2,2,1, 77068
24,77069,1,1,1, 77070
14,77069,3,3,1, 77072
8,77071,1,1,0, 77072
15,77071,2,2,1, 77073
24,77074,1,1,0, 77075
30,77073,3,3,1, 77076
14,77074,3,3,1, 77077
8,77076,1,1,1, 77077
24,77079,1,1,0, 77080
30,77078,3,3,1, 77081
8,77081,1,1,0, 77082
24,77084,1,1,0, 77085
8,77086,1,1,0, 77087
31,77086,2,2,1, 77088
24,77089,1,1,0, 77090
30,77088,3,3,1, 77091
8,77091,1,1,0, 77092
24,77094,1,1,1, 77095
30,77093,3,3,1, 77096
8,77096,1,1,1, 77097
31,77096,2,2,1, 77098
24,77099,1,1,1, 77100
8,77101,1,1,1, 77102
8,77106,1,1,1, 77107
8,77111,1,1,1, 77112
8,77116,1,1,1, 77117
8,77121,1,1,0, 77122
8,77126,1,1,1, 77127
8,77131,1,1,0, 77132
8,77136,1,1,0, 77137
23,77138,3,3,1, 77141
1,77156,1,1,1, 77157
9,77157,2,2,1, 77159
1,77161,1,1,0, 77162
1,77166,1,1,0, 77167
1,77171,1,1,1, 77172
1,77176,1,1,1, 77177
9,77177,2,2,1, 77179
1,77181,1,1,1, 77182
1,77186,1,1,1, 77187
9,77187,2,2,1, 77189
1,77191,1,1,1, 77192
1,77196,1,1,1, 77197
1,77201,1,1,0, 77202
9,77202,2,2,1, 77204
24,77204,1,1,1, 77205
1,77206,1,1,0, 77207
9,77207,2,2,1, 77209
24,77209,1,1,0, 77210
1,77211,1,1,1, 77212
31,77211,2,2,1, 77213
26,77212,3,3,1, 77215
24,77214,1,1,0, 77215
1,77216,1,1,0, 77217
26,77217,3,3,1, 77220
2,77218,2,2,1, 77220
24,77219,1,1,1, 77220
30,77218,3,3,1, 77221
1,77221,1,1,0, 77222
31,77221,2,2,1, 77223
2,77223,2,2,1, 77225
24,77224,1,1,0, 77225
1,77226,1,1,0, 77227
31,77226,2,2,1, 77228
9,77227,2,2,1, 77229
24,77229,1,1,1, 77230
24,77234,1,1,1, 77235
30,77233,3,3,1, 77236
24,77239,1,1,0, 77240
24,77244,1,1,0, 77245
30,77243,3,3,1, 77246
31,77246,2,2,1, 77248
24,77249,1,1,1, 77250
30,77248,3,3,1, 77251
8,77251,1,1,0, 77252
31,77251,2,2,1, 77253
24,77254,1,1,0, 77255
30,77253,3,3,1, 77256
16,77254,2,2,1, 77256
14,77254,3,3,1, 77257
8,77256,1,1,0, 77257
15,77256,2,2,1, 77258
24,77259,1,1,1, 77260
8,77261,1,1,1, 77262
15,77261,2,2,1, 77263
24,77264,1,1,0, 77265
8,77266,1,1,0, 77267
15,77266,2,2,1, 77268
31,77266,2,2,1, 77268
16,77269,2,2,1, 77271
8,77271,1,1,0, 77272
16,77274,2,2,1, 77276
14,77274,3,3,1, 77277
8,77276,1,1,0, 77277
14,77279,3,3,1, 77282
8,77281,1,1,1, 77282
16,77284,2,2,1, 77286
8,77286,1,1,1, 77287
15,77286,2,2,1, 77288
16,77289,2,2,1, 77291
8,77291,1,1,0, 77292
15,77291,2,2,1, 77293
1,77336,1,1,0, 77337
9,77337,2,2,1, 77339
1,77341,1,1,0, 77342
1,77346,1,1,0, 77347
1,77351,1,1,1, 77352
1,77356,1,1,1, 77357
1,77361,1,1,1, 77362
1,77366,1,1,0, 77367
24,77369,1,1,1, 77370
1,77371,1,1,0, 77372
24,77374,1,1,1, 77375
1,77376,1,1,1, 77377
24,77379,1,1,1, 77380
1,77381,1,1,1, 77382
26,77382,3,3,1, 77385
24,77384,1,1,1, 77385
1,77386,1,1,1, 77387
24,77389,1,1,0, 77390
1,77391,1,1,1, 77392
26,77392,3,3,1, 77395
24,77394,1,1,0, 77395
1,77396,1,1,0, 77397
24,77399,1,1,1, 77400
1,77401,1,1,1, 77402
8,77401,1,1,1, 77402
2,77403,2,2,1, 77405
24,77404,1,1,0, 77405
1,77406,1,1,0, 77407
8,77406,1,1,0, 77407
26,77407,3,3,1, 77410
2,77408,2,2,1, 77410
24,77409,1,1,1, 77410
1,77411,1,1,0, 77412
8,77411,1,1,1, 77412
24,77414,1,1,0, 77415
1,77416,1,1,1, 77417
8,77416,1,1,0, 77417
26,77417,3,3,1, 77420
2,77418,2,2,1, 77420
24,77419,1,1,0, 77420
1,77421,1,1,1, 77422
8,77421,1,1,1, 77422
24,77424,1,1,1, 77425
1,77426,1,1,1, 77427
8,77426,1,1,1, 77427
24,77429,1,1,1, 77430
1,77431,1,1,1, 77432
8,77431,1,1,0, 77432
31,77431,2,2,1, 77433
2,77433,2,2,1, 77435
24,77434,1,1,1, 77435
1,77436,1,1,1, 77437
8,77436,1,1,0, 77437
31,77436,2,2,1, 77438
12,77435,5,5,1, 77440
4,77436,4,4,1, 77440
26,77437,3,3,1, 77440
24,77439,1,1,1, 77440
8,77441,1,1,0, 77442
24,77444,1,1,0, 77445
8,77446,1,1,0, 77447
15,77446,2,2,1, 77448
31,77446,2,2,1, 77448
24,77449,1,1,0, 77450
8,77451,1,1,0, 77452
31,77451,2,2,1, 77453
24,77454,1,1,0, 77455
8,77456,1,1,0, 77457
24,77459,1,1,0, 77460
8,77461,1,1,0, 77462
24,77464,1,1,0, 77465
14,77464,3,3,1, 77467
8,77466,1,1,0, 77467
24,77469,1,1,1, 77470
8,77471,1,1,0, 77472
24,77474,1,1,0, 77475
16,77474,2,2,1, 77476
14,77474,3,3,1, 77477
8,77476,1,1,1, 77477
15,77476,2,2,1, 77478
31,77476,2,2,1, 77478
24,77479,1,1,1, 77480
23,77478,3,3,1, 77481
16,77479,2,2,1, 77481
8,77481,1,1,1, 77482
15,77481,2,2,1, 77483
31,77481,2,2,1, 77483
24,77484,1,1,1, 77485
23,77483,3,3,1, 77486
16,77484,2,2,1, 77486
8,77486,1,1,1, 77487
24,77489,1,1,0, 77490
16,77489,2,2,1, 77491
14,77489,3,3,1, 77492
8,77491,1,1,0, 77492
15,77491,2,2,1, 77493
31,77491,2,2,1, 77493
24,77494,1,1,1, 77495
31,77496,2,2,1, 77498
24,77499,1,1,0, 77500
24,77504,1,1,1, 77505
30,77503,3,3,1, 77506
31,77506,2,2,1, 77508
24,77509,1,1,0, 77510
30,77508,3,3,1, 77511
9,77542,2,2,1, 77544
1,77546,1,1,1, 77547
1,77551,1,1,1, 77552
1,77556,1,1,0, 77557
1,77561,1,1,1, 77562
9,77562,2,2,1, 77564
1,77566,1,1,0, 77567
1,77571,1,1,0, 77572
26,77572,3,3,1, 77575
1,77576,1,1,1, 77577
2,77578,2,2,1, 77580
1,77581,1,1,0, 77582
2,77583,2,2,1, 77585
1,77586,1,1,0, 77587
9,77587,2,2,1, 77589
1,77591,1,1,0, 77592
9,77592,2,2,1, 77594
26,77592,3,3,1, 77595
1,77596,1,1,0, 77597
1,77601,1,1,1, 77602
11,77599,4,4,1, 77603
2,77603,2,2,1, 77605
1,77606,1,1,0, 77607
8,77606,1,1,1, 77607
11,77604,4,4,1, 77608
3,77607,3,3,1, 77610
8,77611,1,1,1, 77612
8,77616,1,1,0, 77617
24,77619,1,1,0, 77620
8,77621,1,1,1, 77622
24,77624,1,1,1, 77625
8,77626,1,1,0, 77627
24,77629,1,1,1, 77630
8,77631,1,1,1, 77632
24,77634,1,1,0, 77635
8,77636,1,1,1, 77637
24,77639,1,1,1, 77640
8,77641,1,1,0, 77642
24,77644,1,1,0, 77645
8,77646,1,1,0, 77647
24,77649,1,1,0, 77650
8,77651,1,1,1, 77652
24,77654,1,1,1, 77655
8,77656,1,1,1, 77657
24,77659,1,1,0, 77660
8,77661,1,1,1, 77662
24,77664,1,1,0, 77665
8,77666,1,1,0, 77667
24,77669,1,1,1, 77670
8,77671,1,1,0, 77672
24,77674,1,1,1, 77675
8,77676,1,1,0, 77677
24,77679,1,1,1, 77680
8,77681,1,1,0, 77682
24,77684,1,1,1, 77685
30,77683,3,3,1, 77686
14,77684,3,3,1, 77687
8,77686,1,1,0, 77687
31,77686,2,2,1, 77688
24,77689,1,1,1, 77690
23,77688,3,3,1, 77691
30,77688,3,3,1, 77691
16,77689,2,2,1, 77691
14,77689,3,3,1, 77692
8,77691,1,1,0, 77692
24,77694,1,1,0, 77695
30,77693,3,3,1, 77696
8,77696,1,1,0, 77697
31,77696,2,2,1, 77698
24,77699,1,1,0, 77700
23,77698,3,3,1, 77701
16,77699,2,2,1, 77701
8,77701,1,1,1, 77702
24,77704,1,1,0, 77705
23,77703,3,3,1, 77706
8,77706,1,1,0, 77707
31,77706,2,2,1, 77708
24,77709,1,1,0, 77710
23,77708,3,3,1, 77711
30,77708,3,3,1, 77711
8,77711,1,1,1, 77712
15,77711,2,2,1, 77713
24,77714,1,1,1, 77715
30,77713,3,3,1, 77716
1,77716,1,1,0, 77717
8,77716,1,1,1, 77717
31,77716,2,2,1, 77718
24,77719,1,1,0, 77720
14,77719,3,3,1, 77722
1,77721,1,1,0, 77722
8,77721,1,1,0, 77722
15,77721,2,2,1, 77723
31,77721,2,2,1, 77723
9,77722,2,2,1, 77724
1,77726,1,1,0, 77727
9,77727,2,2,1, 77729
1,77731,1,1,1, 77732
1,77736,1,1,0, 77737
1,77741,1,1,0, 77742
9,77742,2,2,1, 77744
2,77743,2,2,1, 77745
1,77746,1,1,0, 77747
9,77747,2,2,1, 77749
1,77751,1,1,1, 77752
2,77753,2,2,1, 77755
1,77756,1,1,1, 77757
9,77757,2,2,1, 77759
2,77758,2,2,1, 77760
1,77761,1,1,1, 77762
1,77766,1,1,0, 77767
9,77767,2,2,1, 77769
3,77767,3,3,1, 77770
2,77768,2,2,1, 77770
1,77771,1,1,0, 77772
11,77769,4,4,1, 77773
8,77826,1,1,1, 77827
24,77829,1,1,0, 77830
16,77829,2,2,1, 77831
8,77831,1,1,1, 77832
24,77834,1,1,1, 77835
16,77834,2,2,1, 77836
8,77836,1,1,1, 77837
24,77839,1,1,0, 77840
8,77841,1,1,1, 77842
24,77844,1,1,0, 77845
16,77844,2,2,1, 77846
8,77846,1,1,1, 77847
24,77849,1,1,0, 77850
8,77851,1,1,0, 77852
24,77854,1,1,0, 77855
16,77854,2,2,1, 77856
8,77856,1,1,1, 77857
24,77859,1,1,0, 77860
8,77861,1,1,0, 77862
24,77864,1,1,1, 77865
23,77863,3,3,1, 77866
8,77866,1,1,0, 77867
31,77866,2,2,1, 77868
24,77869,1,1,1, 77870
23,77868,3,3,1, 77871
16,77869,2,2,1, 77871
8,77871,1,1,1, 77872
24,77874,1,1,0, 77875
23,77873,3,3,1, 77876
8,77876,1,1,0, 77877
24,77879,1,1,0, 77880
30,77878,3,3,1, 77881
1,77881,1,1,1, 77882
8,77881,1,1,0, 77882
31,77881,2,2,1, 77883
24,77884,1,1,1, 77885
1,77886,1,1,0, 77887
8,77886,1,1,1, 77887
24,77889,1,1,1, 77890
1,77891,1,1,1, 77892
8,77891,1,1,0, 77892
31,77891,2,2,1, 77893
24,77894,1,1,1, 77895
1,77896,1,1,1, 77897
8,77896,1,1,1, 77897
31,77896,2,2,1, 77898
24,77899,1,1,1, 77900
1,77901,1,1,0, 77902
8,77901,1,1,1, 77902
24,77904,1,1,1, 77905
1,77906,1,1,0, 77907
8,77906,1,1,0, 77907
24,77909,1,1,0, 77910
30,77908,3,3,1, 77911
1,77911,1,1,0, 77912
8,77911,1,1,0, 77912
24,77914,1,1,1, 77915
30,77913,3,3,1, 77916
1,77916,1,1,1, 77917
8,77916,1,1,1, 77917
31,77916,2,2,1, 77918
24,77919,1,1,0, 77920
30,77918,3,3,1, 77921
1,77921,1,1,1, 77922
8,77921,1,1,1, 77922
31,77921,2,2,1, 77923
2,77923,2,2,1, 77925
24,77924,1,1,0, 77925
30,77923,3,3,1, 77926
14,77924,3,3,1, 77927
1,77926,1,1,0, 77927
8,77926,1,1,0, 77927
15,77926,2,2,1, 77928
31,77926,2,2,1, 77928
26,77927,3,3,1, 77930
2,77928,2,2,1, 77930
24,77929,1,1,1, 77930
1,77931,1,1,1, 77932
8,77931,1,1,0, 77932
15,77931,2,2,1, 77933
31,77931,2,2,1, 77933
26,77932,3,3,1, 77935
2,77933,2,2,1, 77935
14,77934,3,3,1, 77937
1,77936,1,1,1, 77937
8,77936,1,1,1, 77937
15,77936,2,2,1, 77938
2,77938,2,2,1, 77940
1,77941,1,1,1, 77942
2,77943,2,2,1, 77945
1,77946,1,1,0, 77947
2,77948,2,2,1, 77950
1,77951,1,1,0, 77952
26,77952,3,3,1, 77955
1,77956,1,1,1, 77957
2,77958,2,2,1, 77960
1,77961,1,1,0, 77962
26,77962,3,3,1, 77965
24,78044,1,1,1, 78045
23,78043,3,3,1, 78046
8,78046,1,1,1, 78047
24,78049,1,1,0, 78050
23,78048,3,3,1, 78051
8,78051,1,1,0, 78052
24,78054,1,1,1, 78055
16,78054,2,2,1, 78056
8,78056,1,1,0, 78057
24,78059,1,1,0, 78060
8,78061,1,1,0, 78062
24,78064,1,1,0, 78065
8,78066,1,1,0, 78067
31,78066,2,2,1, 78068
9,78067,2,2,1, 78069
24,78069,1,1,0, 78070
23,78068,3,3,1, 78071
1,78071,1,1,0, 78072
8,78071,1,1,0, 78072
31,78071,2,2,1, 78073
9,78072,2,2,1, 78074
24,78074,1,1,1, 78075
30,78073,3,3,1, 78076
1,78076,1,1,0, 78077
8,78076,1,1,0, 78077
31,78076,2,2,1, 78078
9,78077,2,2,1, 78079
24,78079,1,1,0, 78080
23,78078,3,3,1, 78081
30,78078,3,3,1, 78081
1,78081,1,1,1, 78082
8,78081,1,1,1, 78082
9,78082,2,2,1, 78084
24,78084,1,1,1, 78085
23,78083,3,3,1, 78086
30,78083,3,3,1, 78086
1,78086,1,1,1, 78087
8,78086,1,1,0, 78087
31,78086,2,2,1, 78088
24,78089,1,1,0, 78090
30,78088,3,3,1, 78091
1,78091,1,1,0, 78092
8,78091,1,1,0, 78092
31,78091,2,2,1, 78093
1,78096,1,1,1, 78097
8,78096,1,1,1, 78097
9,78097,2,2,1, 78099
2,78098,2,2,1, 78100
1,78101,1,1,0, 78102
8,78101,1,1,0, 78102
26,78102,3,3,1, 78105
2,78103,2,2,1, 78105
1,78106,1,1,0, 78107
8,78106,1,1,0, 78107
9,78107,2,2,1, 78109
1,78111,1,1,0, 78112
8,78111,1,1,1, 78112
1,78116,1,1,0, 78117
8,78116,1,1,0, 78117
9,78117,2,2,1, 78119
1,78121,1,1,0, 78122
8,78121,1,1,0, 78122
9,78122,2,2,1, 78124
2,78123,2,2,1, 78125
8,78126,1,1,1, 78127
8,78131,1,1,0, 78132
8,78136,1,1,0, 78137
15,78136,2,2,1, 78138
8,78141,1,1,1, 78142
14,78144,3,3,1, 78147
8,78146,1,1,1, 78147
8,78151,1,1,1, 78152
8,78156,1,1,1, 78157
15,78156,2,2,1, 78158
14,78159,3,3,1, 78162
8,78161,1,1,0, 78162
14,78164,3,3,1, 78167
8,78166,1,1,1, 78167
15,78166,2,2,1, 78168
8,78171,1,1,0, 78172
14,78174,3,3,1, 78177
8,78176,1,1,1, 78177
14,78179,3,3,1, 78182
24,78199,1,1,0, 78200
24,78204,1,1,0, 78205
24,78209,1,1,0, 78210
24,78214,1,1,1, 78215
24,78219,1,1,0, 78220
24,78224,1,1,0, 78225
24,78229,1,1,0, 78230
1,78231,1,1,0, 78232
9,78232,2,2,1, 78234
24,78234,1,1,0, 78235
30,78233,3,3,1, 78236
1,78236,1,1,1, 78237
31,78236,2,2,1, 78238
9,78237,2,2,1, 78239
24,78239,1,1,0, 78240
30,78238,3,3,1, 78241
1,78241,1,1,1, 78242
31,78241,2,2,1, 78243
24,78244,1,1,0, 78245
23,78243,3,3,1, 78246
1,78246,1,1,0, 78247
31,78246,2,2,1, 78248
24,78249,1,1,0, 78250
23,78248,3,3,1, 78251
1,78251,1,1,0, 78252
24,78254,1,1,1, 78255
1,78256,1,1,0, 78257
31,78256,2,2,1, 78258
9,78257,2,2,1, 78259
24,78259,1,1,0, 78260
23,78258,3,3,1, 78261
1,78261,1,1,1, 78262
31,78261,2,2,1, 78263
24,78264,1,1,0, 78265
23,78263,3,3,1, 78266
1,78266,1,1,0, 78267
9,78267,2,2,1, 78269
24,78269,1,1,0, 78270
1,78271,1,1,0, 78272
9,78272,2,2,1, 78274
2,78273,2,2,1, 78275
24,78274,1,1,0, 78275
1,78276,1,1,0, 78277
26,78277,3,3,1, 78280
24,78279,1,1,0, 78280
1,78281,1,1,0, 78282
2,78283,2,2,1, 78285
24,78284,1,1,1, 78285
1,78286,1,1,1, 78287
8,78286,1,1,0, 78287
31,78286,2,2,1, 78288
1,78291,1,1,0, 78292
8,78291,1,1,0, 78292
11,78289,4,4,1, 78293
3,78292,3,3,1, 78295
26,78292,3,3,1, 78295
2,78293,2,2,1, 78295
1,78296,1,1,0, 78297
8,78296,1,1,0, 78297
11,78294,4,4,1, 78298
8,78301,1,1,1, 78302
8,78306,1,1,1, 78307
8,78311,1,1,0, 78312
8,78316,1,1,1, 78317
8,78321,1,1,1, 78322
8,78326,1,1,1, 78327
8,78331,1,1,0, 78332
8,78336,1,1,1, 78337
8,78341,1,1,1, 78342
8,78346,1,1,1, 78347
8,78351,1,1,1, 78352
8,78356,1,1,0, 78357
8,78361,1,1,0, 78362
15,78361,2,2,1, 78363
8,78366,1,1,1, 78367
15,78366,2,2,1, 78368
8,78371,1,1,1, 78372
8,78376,1,1,1, 78377
8,78381,1,1,1, 78382
15,78381,2,2,1, 78383
8,78386,1,1,1, 78387
15,78386,2,2,1, 78388
8,78391,1,1,0, 78392
15,78391,2,2,1, 78393
24,78394,1,1,1, 78395
8,78396,1,1,1, 78397
15,78396,2,2,1, 78398
24,78399,1,1,1, 78400
8,78401,1,1,0, 78402
15,78401,2,2,1, 78403
24,78404,1,1,1, 78405
14,78404,3,3,1, 78407
8,78406,1,1,1, 78407
15,78406,2,2,1, 78408
24,78409,1,1,1, 78410
1,78411,1,1,1, 78412
8,78411,1,1,0, 78412
15,78411,2,2,1, 78413
24,78414,1,1,1, 78415
1,78416,1,1,0, 78417
24,78419,1,1,0, 78420
1,78421,1,1,1, 78422
24,78424,1,1,0, 78425
1,78426,1,1,0, 78427
24,78429,1,1,1, 78430
1,78431,1,1,0, 78432
24,78434,1,1,1, 78435
1,78436,1,1,0, 78437
24,78439,1,1,1, 78440
1,78441,1,1,1, 78442
24,78444,1,1,1, 78445
1,78446,1,1,1, 78447
2,78448,2,2,1, 78450
24,78449,1,1,1, 78450
1,78451,1,1,1, 78452
24,78454,1,1,0, 78455
1,78456,1,1,0, 78457
24,78459,1,1,0, 78460
1,78461,1,1,0, 78462
9,78462,2,2,1, 78464
26,78462,3,3,1, 78465
2,78463,2,2,1, 78465
24,78464,1,1,1, 78465
1,78466,1,1,0, 78467
31,78466,2,2,1, 78468
3,78467,3,3,1, 78470
2,78468,2,2,1, 78470
24,78469,1,1,1, 78470
23,78468,3,3,1, 78471
30,78468,3,3,1, 78471
1,78471,1,1,0, 78472
9,78472,2,2,1, 78474
2,78473,2,2,1, 78475
24,78474,1,1,1, 78475
30,78473,3,3,1, 78476
1,78476,1,1,1, 78477
9,78477,2,2,1, 78479
26,78477,3,3,1, 78480
24,78479,1,1,0, 78480
23,78478,3,3,1, 78481
1,78481,1,1,1, 78482
26,78482,3,3,1, 78485
24,78484,1,1,1, 78485
23,78483,3,3,1, 78486
30,78483,3,3,1, 78486
31,78486,2,2,1, 78488
24,78489,1,1,0, 78490
30,78488,3,3,1, 78491
24,78494,1,1,0, 78495
23,78493,3,3,1, 78496
30,78493,3,3,1, 78496
8,78516,1,1,0, 78517
8,78521,1,1,0, 78522
8,78526,1,1,0, 78527
8,78531,1,1,1, 78532
8,78536,1,1,1, 78537
8,78541,1,1,1, 78542
8,78546,1,1,1, 78547
8,78551,1,1,0, 78552
8,78556,1,1,1, 78557
8,78561,1,1,1, 78562
8,78566,1,1,0, 78567
8,78571,1,1,0, 78572
8,78576,1,1,0, 78577
8,78581,1,1,0, 78582
8,78586,1,1,0, 78587
1,78591,1,1,0, 78592
8,78591,1,1,0, 78592
9,78592,2,2,1, 78594
14,78594,3,3,1, 78597
1,78596,1,1,1, 78597
8,78596,1,1,1, 78597
1,78601,1,1,0, 78602
8,78601,1,1,1, 78602
9,78602,2,2,1, 78604
24,78604,1,1,0, 78605
1,78606,1,1,1, 78607
8,78606,1,1,0, 78607
15,78606,2,2,1, 78608
24,78609,1,1,1, 78610
1,78611,1,1,0, 78612
8,78611,1,1,1, 78612
15,78611,2,2,1, 78613
9,78612,2,2,1, 78614
24,78614,1,1,1, 78615
23,78613,3,3,1, 78616
14,78614,3,3,1, 78617
1,78616,1,1,1, 78617
8,78616,1,1,0, 78617
9,78617,2,2,1, 78619
24,78619,1,1,0, 78620
30,78618,3,3,1, 78621
1,78621,1,1,1, 78622
8,78621,1,1,1, 78622
31,78621,2,2,1, 78623
24,78624,1,1,1, 78625
30,78623,3,3,1, 78626
14,78624,3,3,1, 78627
1,78626,1,1,0, 78627
8,78626,1,1,0, 78627
15,78626,2,2,1, 78628
9,78627,2,2,1, 78629
2,78628,2,2,1, 78630
24,78629,1,1,0, 78630
23,78628,3,3,1, 78631
30,78628,3,3,1, 78631
14,78629,3,3,1, 78632
1,78631,1,1,1, 78632
8,78631,1,1,0, 78632
31,78631,2,2,1, 78633
2,78633,2,2,1, 78635
24,78634,1,1,0, 78635
23,78633,3,3,1, 78636
30,78633,3,3,1, 78636
1,78636,1,1,1, 78637
8,78636,1,1,0, 78637
9,78637,2,2,1, 78639
24,78639,1,1,0, 78640
30,78638,3,3,1, 78641
1,78641,1,1,1, 78642
8,78641,1,1,0, 78642
31,78641,2,2,1, 78643
26,78642,3,3,1, 78645
24,78644,1,1,0, 78645
30,78643,3,3,1, 78646
14,78644,3,3,1, 78647
1,78646,1,1,1, 78647
8,78646,1,1,1, 78647
31,78646,2,2,1, 78648
24,78649,1,1,0, 78650
1,78651,1,1,0, 78652
8,78651,1,1,1, 78652
15,78651,2,2,1, 78653
31,78651,2,2,1, 78653
3,78652,3,3,1, 78655
2,78653,2,2,1, 78655
1,78656,1,1,1, 78657
8,78656,1,1,1, 78657
15,78656,2,2,1, 78658
9,78657,2,2,1, 78659
14,78659,3,3,1, 78662
24,78759,1,1,1, 78760
24,78764,1,1,0, 78765
8,78766,1,1,0, 78767
24,78769,1,1,1, 78770
1,78771,1,1,0, 78772
8,78771,1,1,1, 78772
31,78771,2,2,1, 78773
24,78774,1,1,0, 78775
30,78773,3,3,1, 78776
1,78776,1,1,0, 78777
8,78776,1,1,1, 78777
9,78777,2,2,1, 78779
24,78779,1,1,0, 78780
23,78778,3,3,1, 78781
30,78778,3,3,1, 78781
1,78781,1,1,0, 78782
8,78781,1,1,1, 78782
9,78782,2,2,1, 78784
24,78784,1,1,1, 78785
23,78783,3,3,1, 78786
30,78783,3,3,1, 78786
1,78786,1,1,1, 78787
8,78786,1,1,1, 78787
24,78789,1,1,1, 78790
1,78791,1,1,0, 78792
8,78791,1,1,1, 78792
24,78794,1,1,0, 78795
23,78793,3,3,1, 78796
1,78796,1,1,1, 78797
8,78796,1,1,1, 78797
9,78797,2,2,1, 78799
26,78797,3,3,1, 78800
2,78798,2,2,1, 78800
24,78799,1,1,1, 78800
23,78798,3,3,1, 78801
1,78801,1,1,1, 78802
8,78801,1,1,1, 78802
9,78802,2,2,1, 78804
24,78804,1,1,0, 78805
23,78803,3,3,1, 78806
30,78803,3,3,1, 78806
1,78806,1,1,0, 78807
8,78806,1,1,0, 78807
15,78806,2,2,1, 78808
31,78806,2,2,1, 78808
26,78807,3,3,1, 78810
24,78809,1,1,0, 78810
1,78811,1,1,0, 78812
8,78811,1,1,0, 78812
15,78811,2,2,1, 78813
9,78812,2,2,1, 78814
2,78813,2,2,1, 78815
24,78814,1,1,0, 78815
23,78813,3,3,1, 78816
1,78816,1,1,0, 78817
8,78816,1,1,0, 78817
15,78816,2,2,1, 78818
3,78817,3,3,1, 78820
26,78817,3,3,1, 78820
1,78821,1,1,1, 78822
8,78821,1,1,1, 78822
15,78821,2,2,1, 78823
9,78822,2,2,1, 78824
8,78826,1,1,0, 78827
15,78826,2,2,1, 78828
8,78831,1,1,1, 78832
8,78836,1,1,1, 78837
15,78836,2,2,1, 78838
8,78841,1,1,1, 78842
8,78846,1,1,0, 78847
15,78846,2,2,1, 78848
8,78851,1,1,0, 78852
15,78851,2,2,1, 78853
8,78856,1,1,1, 78857
15,78856,2,2,1, 78858
8,78861,1,1,0, 78862
15,78861,2,2,1, 78863
24,78924,1,1,0, 78925
1,78926,1,1,0, 78927
24,78929,1,1,0, 78930
1,78931,1,1,0, 78932
24,78934,1,1,1, 78935
1,78936,1,1,0, 78937
24,78939,1,1,1, 78940
1,78941,1,1,0, 78942
9,78942,2,2,1, 78944
2,78943,2,2,1, 78945
24,78944,1,1,1, 78945
1,78946,1,1,1, 78947
31,78946,2,2,1, 78948
26,78947,3,3,1, 78950
2,78948,2,2,1, 78950
24,78949,1,1,1, 78950
23,78948,3,3,1, 78951
1,78951,1,1,0, 78952
26,78952,3,3,1, 78955
24,78954,1,1,0, 78955
1,78956,1,1,0, 78957
2,78958,2,2,1, 78960
24,78959,1,1,0, 78960
1,78961,1,1,1, 78962
9,78962,2,2,1, 78964
2,78963,2,2,1, 78965
24,78964,1,1,1, 78965
1,78966,1,1,0, 78967
31,78966,2,2,1, 78968
9,78967,2,2,1, 78969
2,78968,2,2,1, 78970
24,78969,1,1,0, 78970
23,78968,3,3,1, 78971
1,78971,1,1,0, 78972
8,78971,1,1,0, 78972
31,78971,2,2,1, 78973
9,78972,2,2,1, 78974
2,78973,2,2,1, 78975
24,78974,1,1,0, 78975
8,78976,1,1,0, 78977
31,78976,2,2,1, 78978
24,78979,1,1,1, 78980
8,78981,1,1,0, 78982
24,78984,1,1,1, 78985
8,78986,1,1,0, 78987
24,78989,1,1,0, 78990
8,78991,1,1,1, 78992
24,78994,1,1,0, 78995
23,78993,3,3,1, 78996
8,78996,1,1,1, 78997
31,78996,2,2,1, 78998
24,78999,1,1,1, 79000
23,78998,3,3,1, 79001
8,79001,1,1,0, 79002
31,79001,2,2,1, 79003
24,79004,1,1,0, 79005
8,79006,1,1,0, 79007
24,79009,1,1,1, 79010
8,79011,1,1,1, 79012
24,79014,1,1,1, 79015
8,79016,1,1,0, 79017
31,79016,2,2,1, 79018
24,79019,1,1,1, 79020
8,79021,1,1,0, 79022
8,79026,1,1,0, 79027
8,79031,1,1,1, 79032
8,79036,1,1,1, 79037
8,79041,1,1,0, 79042
8,79046,1,1,1, 79047
8,79051,1,1,0, 79052
8,79056,1,1,1, 79057
8,79061,1,1,1, 79062
14,79064,3,3,1, 79067
8,79066,1,1,0, 79067
14,79069,3,3,1, 79072
8,79071,1,1,0, 79072
15,79071,2,2,1, 79073
8,79076,1,1,0, 79077
15,79076,2,2,1, 79078
14,79079,3,3,1, 79082
1,79081,1,1,0, 79082
8,79081,1,1,0, 79082
14,79084,3,3,1, 79087
1,79086,1,1,0, 79087
8,79086,1,1,0, 79087
15,79086,2,2,1, 79088
9,79087,2,2,1, 79089
14,79089,3,3,1, 79092
1,79091,1,1,1, 79092
8,79091,1,1,1, 79092
9,79092,2,2,1, 79094
1,79096,1,1,1, 79097
8,79096,1,1,0, 79097
9,79097,2,2,1, 79099
14,79099,3,3,1, 79102
1,79101,1,1,0, 79102
8,79101,1,1,1, 79102
9,79102,2,2,1, 79104
14,79104,3,3,1, 79107
1,79106,1,1,1, 79107
8,79106,1,1,1, 79107
15,79106,2,2,1, 79108
1,79111,1,1,1, 79112
8,79111,1,1,0, 79112
15,79111,2,2,1, 79113
9,79112,2,2,1, 79114
1,79116,1,1,0, 79117
9,79117,2,2,1, 79119
1,79121,1,1,0, 79122
9,79122,2,2,1, 79124
24,79124,1,1,1, 79125
1,79126,1,1,1, 79127
9,79127,2,2,1, 79129
26,79127,3,3,1, 79130
24,79129,1,1,1, 79130
1,79131,1,1,0, 79132
2,79133,2,2,1, 79135
24,79134,1,1,1, 79135
1,79136,1,1,1, 79137
9,79137,2,2,1, 79139
24,79139,1,1,0, 79140
24,79144,1,1,0, 79145
24,79149,1,1,1, 79150
24,79154,1,1,1, 79155
24,79159,1,1,1, 79160
24,79164,1,1,1, 79165
24,79169,1,1,1, 79170
24,79174,1,1,1, 79175
24,79179,1,1,0, 79180
24,79184,1,1,0, 79185
23,79183,3,3,1, 79186
24,79189,1,1,1, 79190
24,79194,1,1,1, 79195
23,79193,3,3,1, 79196
24,79199,1,1,1, 79200
23,79198,3,3,1, 79201
24,79204,1,1,1, 79205
23,79203,3,3,1, 79206
31,79206,2,2,1, 79208
24,79209,1,1,0, 79210
24,79214,1,1,0, 79215
23,79213,3,3,1, 79216
31,79216,2,2,1, 79218
24,79219,1,1,0, 79220
8,79221,1,1,1, 79222
31,79221,2,2,1, 79223
24,79224,1,1,1, 79225
23,79223,3,3,1, 79226
8,79226,1,1,0, 79227
31,79226,2,2,1, 79228
8,79231,1,1,1, 79232
8,79236,1,1,0, 79237
1,79241,1,1,1, 79242
8,79241,1,1,1, 79242
1,79246,1,1,0, 79247
8,79246,1,1,0, 79247
1,79251,1,1,1, 79252
8,79251,1,1,1, 79252
9,79252,2,2,1, 79254
1,79256,1,1,1, 79257
8,79256,1,1,1, 79257
9,79257,2,2,1, 79259
1,79261,1,1,0, 79262
8,79261,1,1,1, 79262
15,79261,2,2,1, 79263
9,79262,2,2,1, 79264
1,79266,1,1,0, 79267
8,79266,1,1,1, 79267
1,79271,1,1,1, 79272
8,79271,1,1,0, 79272
15,79271,2,2,1, 79273
1,79276,1,1,1, 79277
8,79276,1,1,0, 79277
15,79276,2,2,1, 79278
9,79277,2,2,1, 79279
1,79281,1,1,1, 79282
8,79281,1,1,1, 79282
9,79282,2,2,1, 79284
1,79286,1,1,1, 79287
8,79286,1,1,1, 79287
15,79286,2,2,1, 79288
9,79287,2,2,1, 79289
1,79291,1,1,0, 79292
8,79291,1,1,1, 79292
1,79296,1,1,1, 79297
8,79296,1,1,0, 79297
15,79296,2,2,1, 79298
1,79301,1,1,1, 79302
8,79301,1,1,1, 79302
15,79301,2,2,1, 79303
9,79302,2,2,1, 79304
1,79306,1,1,1, 79307
8,79306,1,1,1, 79307
1,79311,1,1,1, 79312
8,79311,1,1,1, 79312
15,79311,2,2,1, 79313
26,79312,3,3,1, 79315
1,79316,1,1,1, 79317
8,79316,1,1,0, 79317
15,79316,2,2,1, 79318
1,79321,1,1,1, 79322
8,79321,1,1,0, 79322
12,79320,5,5,1, 79325
3,79322,3,3,1, 79325
8,79326,1,1,0, 79327
15,79326,2,2,1, 79328
8,79331,1,1,1, 79332
24,79334,1,1,0, 79335
8,79336,1,1,1, 79337
15,79336,2,2,1, 79338
24,79339,1,1,0, 79340
24,79344,1,1,0, 79345
24,79349,1,1,1, 79350
24,79354,1,1,1, 79355
24,79359,1,1,1, 79360
24,79364,1,1,0, 79365
24,79369,1,1,1, 79370
31,79371,2,2,1, 79373
24,79374,1,1,0, 79375
23,79373,3,3,1, 79376
31,79376,2,2,1, 79378
24,79379,1,1,1, 79380
23,79378,3,3,1, 79381
24,79384,1,1,1, 79385
31,79386,2,2,1, 79388
24,79389,1,1,1, 79390
24,79394,1,1,0, 79395
24,79399,1,1,1, 79400
31,79401,2,2,1, 79403
24,79404,1,1,0, 79405
31,79406,2,2,1, 79408
24,79409,1,1,0, 79410
24,79414,1,1,1, 79415
31,79416,2,2,1, 79418
24,79419,1,1,0, 79420
31,79421,2,2,1, 79423
24,79424,1,1,1, 79425
9,79427,2,2,1, 79429
24,79429,1,1,0, 79430
1,79431,1,1,1, 79432
31,79431,2,2,1, 79433
24,79434,1,1,0, 79435
1,79436,1,1,0, 79437
9,79437,2,2,1, 79439
24,79439,1,1,1, 79440
1,79441,1,1,0, 79442
1,79446,1,1,0, 79447
8,79446,1,1,0, 79447
1,79451,1,1,0, 79452
8,79451,1,1,0, 79452
9,79452,2,2,1, 79454
1,79456,1,1,1, 79457
8,79456,1,1,1, 79457
26,79457,3,3,1, 79460
1,79461,1,1,0, 79462
8,79461,1,1,0, 79462
1,79466,1,1,0, 79467
8,79466,1,1,1, 79467
2,79468,2,2,1, 79470
1,79471,1,1,1, 79472
8,79471,1,1,0, 79472
1,79476,1,1,1, 79477
8,79476,1,1,0, 79477
9,79477,2,2,1, 79479
2,79478,2,2,1, 79480
1,79481,1,1,1, 79482
8,79481,1,1,0, 79482
9,79482,2,2,1, 79484
26,79482,3,3,1, 79485
2,79483,2,2,1, 79485
1,79486,1,1,1, 79487
8,79486,1,1,0, 79487
9,79487,2,2,1, 79489
1,79491,1,1,1, 79492
8,79491,1,1,0, 79492
26,79492,3,3,1, 79495
8,79496,1,1,0, 79497
8,79501,1,1,0, 79502
8,79506,1,1,0, 79507
8,79511,1,1,1, 79512
8,79516,1,1,1, 79517
8,79521,1,1,0, 79522
8,79526,1,1,1, 79527
8,79531,1,1,1, 79532
8,79536,1,1,1, 79537
8,79541,1,1,1, 79542
24,79544,1,1,0, 79545
8,79546,1,1,1, 79547
24,79549,1,1,1, 79550
14,79549,3,3,1, 79552
8,79551,1,1,0, 79552
24,79554,1,1,0, 79555
8,79556,1,1,0, 79557
