Time,  Packets Generated,  Packets Reached,High Priority Packets Generated, High Priority Packets reached, Packet Dropped, Packet Dropped due to Faulty Node, High Prio Packet Dropped due to Faulty Node, Low Prio Packet Dropped due to Faulty Node 
5,1,1,1,1,0,0,0,0
10,7,5,6,4,2,2,2,0
15,15,9,9,5,5,5,4,1
20,31,17,16,10,9,9,5,4
25,50,30,26,16,14,14,7,7
30,74,48,36,24,20,20,9,11
35,102,66,46,30,28,28,13,15
40,133,87,64,41,38,38,18,20
45,164,108,81,50,48,48,24,24
50,195,127,96,66,62,58,28,30
55,226,143,110,77,77,68,32,36
60,257,153,125,83,96,78,37,41
65,288,170,140,96,110,82,40,42
70,319,190,157,110,120,86,42,44
75,350,202,173,118,142,90,44,46
80,381,209,188,123,166,94,46,48
85,412,220,202,130,186,98,47,51
90,443,228,213,136,210,102,49,53
95,474,235,226,142,234,106,50,56
100,505,242,237,145,256,110,50,60
105,536,251,250,153,281,114,51,63
110,567,257,259,156,306,118,52,66
115,598,265,278,161,327,122,55,67
120,629,273,292,165,353,126,55,71
125,660,277,310,167,379,130,56,74
130,691,281,329,170,406,134,60,74
135,722,285,347,173,433,138,62,76
140,753,289,363,174,461,142,65,77
145,784,293,377,177,489,146,68,78
150,815,297,385,179,515,150,69,81
155,846,299,398,180,545,154,70,84
160,877,301,412,181,575,158,74,84
165,908,303,427,182,601,162,74,88
170,939,305,442,184,633,166,77,89
175,970,307,460,185,661,170,80,90
180,1001,309,473,187,689,174,82,92
185,1032,314,488,192,716,178,84,94
190,1063,318,505,195,742,182,85,97
195,1094,324,518,200,768,186,86,100
200,1125,329,536,205,792,190,89,101
205,1156,335,552,210,820,194,92,102
210,1187,337,569,211,850,198,96,102
215,1218,339,583,212,879,202,98,104
220,1249,341,596,213,906,206,100,106
225,1280,345,612,216,934,210,103,107
230,1311,350,624,221,960,214,103,111
235,1342,355,635,226,986,218,105,113
240,1373,360,653,230,1011,222,108,114
245,1404,365,668,234,1037,226,110,116
250,1435,370,684,238,1065,230,113,117
255,1466,374,699,241,1091,234,114,120
260,1497,378,713,244,1118,238,116,122
265,1528,379,730,245,1148,242,120,122
270,1559,381,744,246,1178,246,124,122
275,1590,382,756,247,1207,250,126,124
280,1621,384,772,249,1235,254,127,127
285,1652,384,786,249,1267,258,129,129
290,1683,384,806,249,1298,262,130,132
295,1714,384,819,249,1329,266,132,134
300,1745,384,833,249,1360,270,134,136
305,1776,384,845,249,1392,274,135,139
310,1807,384,859,249,1423,278,137,141
315,1838,384,875,249,1454,282,140,142
320,1869,386,891,250,1481,286,143,143
325,1900,389,905,253,1509,290,143,147
330,1931,393,927,257,1536,294,145,149
335,1962,397,942,260,1564,298,148,150
340,1993,399,954,261,1593,302,150,152
345,2024,402,967,263,1621,306,151,155
350,2055,404,986,265,1650,310,153,157
355,2086,407,1001,267,1678,314,156,158
360,2117,408,1017,268,1709,318,159,159
365,2148,409,1033,269,1739,322,160,162
370,2179,410,1049,269,1769,326,163,163
375,2210,411,1065,270,1799,330,166,164
380,2241,412,1080,270,1829,334,166,168
385,2272,415,1097,271,1857,338,169,169
390,2303,418,1111,272,1884,342,170,172
395,2334,420,1123,274,1913,346,170,176
400,2365,423,1139,277,1941,350,172,178
405,2396,427,1157,280,1968,354,175,179
410,2427,430,1175,283,1994,358,178,180
415,2458,435,1186,286,2021,362,178,184
420,2489,440,1197,290,2047,366,180,186
425,2520,442,1215,292,2077,370,182,188
430,2551,443,1226,292,2106,374,185,189
435,2582,445,1245,294,2136,378,189,189
440,2613,446,1258,295,2167,382,190,192
445,2644,447,1276,296,2195,386,193,193
450,2675,450,1289,298,2223,390,194,196
455,2706,452,1302,299,2252,394,196,198
460,2737,454,1316,301,2282,398,198,200
465,2768,458,1329,304,2309,402,199,203
470,2799,461,1350,307,2335,406,203,203
475,2830,466,1363,312,2363,410,205,205
480,2861,468,1380,313,2392,414,207,207
485,2892,470,1395,315,2422,418,209,209
490,2923,471,1409,316,2451,422,212,210
495,2954,473,1421,317,2481,426,212,214
500,2985,474,1438,318,2510,430,215,215
505,3016,477,1454,321,2539,434,216,218
510,3047,478,1464,322,2568,438,217,221
515,3078,481,1477,324,2596,442,220,222
520,3109,484,1491,326,2624,446,222,224
525,3140,486,1507,328,2654,450,223,227
530,3171,488,1517,329,2683,454,224,230
535,3202,492,1530,332,2710,458,227,231
540,3233,495,1547,334,2738,462,230,232
545,3264,497,1565,336,2766,466,232,234
550,3295,499,1581,338,2796,470,234,236
555,3326,500,1602,338,2825,474,238,236
560,3357,502,1618,339,2852,478,239,239
565,3388,504,1642,340,2883,482,242,240
570,3419,506,1660,341,2913,486,244,242
575,3450,507,1673,342,2942,490,245,245
580,3481,509,1686,344,2971,494,246,248
585,3512,510,1696,344,3001,498,248,250
590,3543,514,1711,348,3026,502,249,253
595,3574,519,1720,351,3053,506,249,257
600,3605,523,1733,354,3082,510,250,260
605,3636,524,1748,354,3110,514,251,263
610,3667,525,1763,354,3141,518,254,264
615,3698,526,1779,354,3171,522,257,265
620,3729,527,1794,355,3201,526,259,267
625,3760,528,1806,356,3232,530,261,269
630,3791,529,1820,356,3261,534,263,271
635,3822,530,1836,356,3292,538,266,272
640,3853,531,1856,357,3322,542,269,273
645,3884,532,1878,358,3350,546,271,275
650,3915,535,1890,359,3378,550,272,278
655,3946,538,1901,361,3407,554,272,282
660,3977,542,1919,364,3433,558,275,283
665,4008,547,1936,368,3459,562,277,285
670,4039,553,1954,373,3484,566,279,287
675,4070,558,1967,377,3512,570,281,289
680,4101,559,1980,378,3542,574,283,291
685,4132,560,1997,379,3572,578,285,293
690,4163,561,2009,380,3602,582,287,295
695,4194,562,2026,381,3632,586,289,297
700,4225,563,2040,381,3661,590,291,299
705,4256,565,2057,381,3691,594,293,301
710,4287,567,2071,382,3719,598,295,303
715,4318,569,2087,382,3749,602,298,304
720,4349,571,2105,383,3777,606,301,305
725,4380,574,2123,385,3805,610,303,307
730,4411,577,2138,387,3834,614,303,311
735,4442,581,2150,390,3860,618,304,314
740,4473,585,2167,392,3888,622,306,316
745,4504,587,2182,393,3917,626,309,317
750,4535,590,2200,396,3945,630,310,320
755,4566,593,2217,398,3973,634,312,322
760,4597,597,2232,401,4000,638,313,325
765,4628,602,2244,404,4024,642,314,328
770,4659,607,2262,409,4052,646,317,329
775,4690,609,2274,410,4079,650,318,332
780,4721,613,2290,414,4105,654,319,335
785,4752,617,2307,418,4132,658,319,339
790,4783,619,2321,420,4162,662,321,341
795,4814,622,2337,423,4188,666,322,344
800,4845,626,2350,426,4217,670,323,347
805,4876,628,2362,428,4247,674,324,350
810,4907,631,2378,430,4273,678,326,352
815,4938,633,2398,432,4304,682,328,354
820,4969,633,2409,432,4336,686,328,358
825,5000,633,2426,432,4367,690,330,360
830,5031,633,2443,432,4398,694,333,361
835,5062,633,2460,432,4429,698,333,365
840,5093,633,2473,432,4460,702,336,366
845,5124,633,2489,432,4490,706,338,368
850,5155,633,2506,432,4522,710,341,369
855,5186,633,2525,432,4552,714,343,371
860,5217,633,2540,432,4584,718,344,374
865,5248,633,2553,432,4614,722,346,376
870,5279,633,2572,432,4645,726,349,377
875,5310,634,2586,433,4676,730,352,378
880,5341,635,2604,434,4706,734,354,380
885,5372,636,2615,434,4735,738,355,383
890,5403,637,2627,434,4766,742,356,386
895,5434,639,2640,435,4795,746,359,387
900,5465,641,2655,436,4824,750,361,389
905,5496,643,2668,437,4853,754,362,392
910,5527,645,2681,438,4882,758,364,394
915,5558,647,2696,438,4910,762,367,395
920,5589,651,2710,439,4937,766,368,398
925,5620,655,2723,441,4963,770,370,400
930,5651,662,2737,446,4989,774,373,401
935,5682,666,2751,449,5015,778,374,404
940,5713,671,2764,454,5041,782,375,407
945,5744,676,2778,459,5067,786,377,409
950,5775,682,2792,463,5091,790,380,410
955,5806,689,2809,468,5114,794,382,412
960,5837,695,2825,472,5138,798,385,413
965,5868,700,2843,476,5165,802,389,413
970,5899,705,2861,481,5192,806,393,413
975,5930,712,2875,486,5216,810,395,415
980,5961,717,2890,491,5243,814,397,417
985,5992,717,2911,491,5275,818,399,419
990,6023,717,2926,491,5306,822,401,421
995,6054,717,2939,491,5337,826,402,424
1000,6085,717,2953,491,5368,830,404,426
1005,6116,717,2965,491,5399,834,406,428
1010,6147,717,2986,491,5428,838,408,430
1015,6178,717,3002,491,5459,842,411,431
1020,6209,717,3017,491,5490,846,413,433
1025,6240,717,3032,491,5521,850,416,434
1030,6271,717,3047,491,5553,854,417,437
1035,6302,717,3060,491,5585,858,417,441
1040,6333,717,3081,491,5616,862,418,444
1045,6364,717,3100,491,5647,866,419,447
1050,6395,717,3114,491,5678,870,420,450
1055,6426,717,3128,491,5709,874,423,451
1060,6457,717,3139,491,5740,878,423,455
1065,6488,718,3152,492,5770,882,425,457
1070,6519,720,3171,493,5799,886,428,458
1075,6550,723,3182,496,5827,890,429,461
1080,6581,726,3199,499,5855,894,432,462
1085,6612,731,3211,501,5881,898,434,464
1090,6643,737,3226,506,5904,902,435,467
1095,6674,743,3237,509,5930,906,435,471
1100,6705,746,3254,510,5958,910,438,472
1105,6736,748,3265,511,5987,914,439,475
1110,6767,750,3282,513,6017,918,442,476
1115,6798,752,3301,514,6044,922,446,476
1120,6829,755,3318,517,6072,926,447,479
1125,6860,758,3333,519,6100,930,448,482
1130,6891,761,3347,522,6128,934,450,484
1135,6922,766,3359,525,6155,938,452,486
1140,6953,770,3375,528,6182,942,455,487
1145,6984,774,3390,532,6207,946,456,490
1150,7015,779,3403,536,6235,950,458,492
1155,7046,781,3419,538,6265,954,460,494
1160,7077,782,3431,539,6294,958,462,496
1165,7108,783,3444,539,6325,962,464,498
1170,7139,784,3462,539,6355,966,467,499
1175,7170,785,3477,540,6384,970,469,501
1180,7201,788,3497,543,6411,974,472,502
1185,7232,790,3508,545,6442,978,475,503
1190,7263,791,3523,545,6472,982,477,505
1195,7294,794,3543,548,6500,986,480,506
1200,7325,796,3558,550,6529,990,483,507
1205,7356,799,3578,552,6557,994,487,507
1210,7387,800,3602,553,6587,998,489,509
1215,7418,801,3616,553,6617,1002,491,511
1220,7449,802,3636,553,6647,1006,494,512
1225,7480,804,3656,555,6676,1010,495,515
1230,7511,805,3668,555,6706,1014,496,518
1235,7542,806,3679,555,6736,1018,497,521
1240,7573,808,3690,556,6765,1022,497,525
1245,7604,810,3705,557,6794,1026,499,527
1250,7635,811,3719,557,6824,1030,503,527
1255,7666,814,3732,559,6852,1034,505,529
1260,7697,818,3754,563,6877,1038,507,531
1265,7728,825,3775,570,6900,1042,510,532
1270,7759,831,3789,575,6926,1046,512,534
1275,7790,833,3800,577,6956,1050,514,536
1280,7821,835,3813,579,6985,1054,515,539
1285,7852,837,3833,581,7012,1058,515,543
1290,7883,840,3845,583,7041,1062,516,546
1295,7914,845,3864,588,7067,1066,519,547
1300,7945,845,3879,588,7098,1070,522,548
1305,7976,845,3891,588,7130,1074,523,551
1310,8007,846,3902,588,7161,1078,523,555
1315,8038,847,3914,588,7190,1082,525,557
1320,8069,848,3926,588,7221,1086,525,561
1325,8100,849,3939,589,7251,1090,526,564
1330,8131,850,3958,590,7281,1094,528,566
1335,8162,852,3976,591,7310,1098,530,568
1340,8193,854,3991,592,7339,1102,532,570
1345,8224,855,4007,593,7369,1106,535,571
1350,8255,856,4018,593,7399,1110,537,573
1355,8286,858,4033,594,7428,1114,539,575
1360,8317,860,4051,595,7457,1118,542,576
1365,8348,862,4062,596,7485,1122,543,579
1370,8379,864,4076,597,7514,1126,546,580
1375,8410,868,4091,600,7542,1130,549,581
1380,8441,872,4108,602,7568,1134,551,583
1385,8472,874,4121,604,7598,1138,552,586
1390,8503,875,4140,604,7628,1142,555,587
1395,8534,876,4155,604,7656,1146,556,590
1400,8565,880,4172,608,7684,1150,557,593
1405,8596,884,4189,611,7710,1154,559,595
1410,8627,889,4206,615,7737,1158,561,597
1415,8658,893,4223,618,7764,1162,563,599
1420,8689,898,4239,622,7790,1166,564,602
1425,8720,902,4251,626,7818,1170,567,603
1430,8751,907,4261,629,7843,1174,568,606
1435,8782,913,4280,635,7866,1178,570,608
1440,8813,921,4294,641,7890,1182,572,610
1445,8844,921,4307,641,7923,1186,574,612
1450,8875,921,4318,641,7954,1190,575,615
1455,8906,921,4332,641,7984,1194,578,616
1460,8937,921,4351,641,8015,1198,581,617
1465,8968,921,4362,641,8046,1202,584,618
1470,8999,921,4373,641,8078,1206,586,620
1475,9030,921,4389,641,8108,1210,587,623
1480,9061,921,4407,641,8137,1214,590,624
1485,9092,921,4427,641,8169,1218,593,625
1490,9123,922,4446,642,8199,1222,596,626
1495,9154,923,4459,642,8231,1226,597,629
1500,9185,924,4474,643,8261,1230,597,633
1505,9216,925,4489,644,8290,1234,598,636
1510,9247,926,4506,644,8321,1238,599,639
1515,9278,927,4523,644,8351,1242,600,642
1520,9309,928,4533,644,8381,1246,601,645
1525,9340,929,4546,644,8411,1250,603,647
1530,9371,930,4560,644,8441,1254,605,649
1535,9402,931,4574,645,8471,1258,607,651
1540,9433,933,4589,646,8500,1262,608,654
1545,9464,934,4612,647,8530,1266,611,655
1550,9495,936,4630,649,8558,1270,613,657
1555,9526,940,4648,652,8585,1274,614,660
1560,9557,944,4662,655,8612,1278,615,663
1565,9588,950,4679,660,8635,1282,618,664
1570,9619,958,4699,667,8659,1286,620,666
1575,9650,963,4715,669,8685,1290,623,667
1580,9681,970,4733,675,8710,1294,625,669
1585,9712,976,4747,678,8734,1298,627,671
1590,9743,983,4763,683,8759,1302,629,673
1595,9774,987,4780,687,8787,1306,630,676
1600,9805,990,4794,689,8813,1310,633,677
1605,9836,994,4805,692,8840,1314,634,680
1610,9867,998,4821,695,8866,1318,636,682
1615,9898,1002,4839,699,8894,1322,639,683
1620,9929,1005,4856,702,8923,1326,642,684
1625,9960,1005,4868,702,8954,1330,644,686
1630,9991,1005,4878,702,8985,1334,646,688
1635,10022,1005,4892,702,9014,1338,649,689
1640,10053,1005,4906,702,9045,1342,650,692
1645,10084,1005,4922,702,9077,1346,653,693
1650,10115,1005,4934,702,9108,1350,655,695
1655,10146,1005,4954,702,9141,1354,658,696
1660,10177,1005,4970,702,9172,1358,660,698
1665,10208,1005,4981,702,9203,1362,663,699
1670,10239,1005,4996,702,9234,1366,663,703
1675,10270,1005,5010,702,9265,1370,664,706
1680,10301,1005,5023,702,9296,1374,666,708
1685,10332,1005,5043,702,9327,1378,670,708
1690,10363,1005,5058,702,9358,1382,672,710
1695,10394,1005,5080,702,9389,1386,676,710
1700,10425,1006,5099,702,9419,1390,677,713
1705,10456,1007,5109,702,9449,1394,678,716
1710,10487,1009,5123,702,9478,1398,680,718
1715,10518,1011,5137,703,9507,1402,682,720
1720,10549,1013,5157,705,9535,1406,684,722
1725,10580,1017,5173,709,9563,1410,687,723
1730,10611,1021,5185,710,9589,1414,687,727
1735,10642,1026,5203,715,9615,1418,690,728
1740,10673,1030,5215,717,9643,1422,691,731
1745,10704,1034,5231,720,9669,1426,694,732
1750,10735,1039,5247,723,9695,1430,694,736
1755,10766,1046,5261,727,9717,1434,696,738
1760,10797,1055,5278,733,9737,1438,698,740
1765,10828,1067,5295,744,9759,1442,701,741
1770,10859,1073,5305,748,9784,1446,702,744
1775,10890,1078,5323,753,9808,1450,704,746
1780,10921,1082,5342,755,9838,1454,707,747
1785,10952,1084,5361,757,9865,1458,708,750
1790,10983,1087,5378,759,9893,1462,709,753
1795,11014,1088,5398,760,9925,1466,711,755
1800,11045,1088,5412,760,9956,1470,714,756
1805,11076,1088,5426,760,9988,1474,715,759
1810,11107,1088,5440,760,10019,1478,716,762
1815,11138,1088,5456,760,10050,1482,717,765
1820,11169,1088,5473,760,10081,1486,719,767
1825,11200,1088,5486,760,10112,1490,721,769
1830,11231,1088,5503,760,10143,1494,723,771
1835,11262,1088,5524,760,10174,1498,726,772
1840,11293,1088,5540,760,10205,1502,729,773
1845,11324,1088,5554,760,10236,1506,730,776
1850,11355,1088,5566,760,10267,1510,731,779
1855,11386,1088,5577,760,10298,1514,734,780
1860,11417,1088,5592,760,10329,1518,736,782
1865,11448,1088,5606,760,10360,1522,738,784
1870,11479,1089,5621,761,10388,1526,740,786
1875,11510,1092,5635,763,10417,1530,742,788
1880,11541,1094,5644,764,10446,1534,744,790
1885,11572,1097,5653,766,10475,1538,745,793
1890,11603,1100,5666,768,10502,1542,746,796
1895,11634,1105,5680,771,10528,1546,748,798
1900,11665,1111,5693,775,10553,1550,750,800
1905,11696,1117,5705,780,10579,1554,752,802
1910,11727,1123,5721,783,10600,1558,756,802
1915,11758,1131,5741,789,10621,1562,759,803
1920,11789,1139,5754,796,10648,1566,761,805
1925,11820,1141,5765,797,10677,1570,762,808
1930,11851,1143,5780,799,10707,1574,765,809
1935,11882,1144,5799,800,10737,1578,768,810
1940,11913,1146,5817,801,10767,1582,770,812
1945,11944,1149,5833,803,10794,1586,774,812
1950,11975,1152,5847,805,10821,1590,775,815
1955,12006,1155,5862,808,10850,1594,779,815
1960,12037,1157,5880,809,10879,1598,781,817
1965,12068,1158,5895,810,10909,1602,783,819
1970,12099,1158,5914,810,10941,1606,785,821
1975,12130,1158,5930,810,10972,1610,786,824
1980,12161,1158,5944,810,11003,1614,787,827
1985,12192,1158,5959,810,11034,1618,788,830
1990,12223,1158,5974,810,11065,1622,790,832
1995,12254,1158,5989,810,11096,1626,793,833
2000,12285,1158,5997,810,11127,1630,793,837
2005,12316,1158,6007,810,11158,1634,793,841
2010,12347,1158,6022,810,11189,1638,795,843
2015,12378,1158,6031,810,11220,1642,795,847
2020,12409,1158,6040,810,11251,1646,796,850
2025,12440,1158,6051,810,11282,1650,797,853
2030,12471,1161,6065,812,11310,1654,801,853
2035,12502,1165,6080,815,11336,1658,804,854
2040,12533,1168,6092,818,11364,1662,804,858
2045,12564,1173,6106,821,11389,1666,806,860
2050,12595,1181,6121,827,11412,1670,808,862
2055,12626,1185,6138,831,11441,1674,809,865
2060,12657,1187,6153,833,11470,1678,809,869
2065,12688,1189,6168,834,11498,1682,811,871
2070,12719,1193,6179,836,11526,1686,812,874
2075,12750,1195,6189,836,11554,1690,812,878
2080,12781,1199,6202,838,11579,1694,815,879
2085,12812,1202,6218,840,11608,1698,816,882
2090,12843,1205,6234,841,11637,1702,819,883
2095,12874,1210,6253,845,11664,1706,820,886
2100,12905,1211,6267,845,11693,1710,820,890
2105,12936,1213,6280,847,11723,1714,821,893
2110,12967,1215,6296,849,11752,1718,822,896
2115,12998,1217,6317,850,11780,1722,825,897
2120,13029,1218,6334,851,11810,1726,827,899
2125,13060,1220,6354,853,11839,1730,828,902
2130,13091,1221,6367,854,11870,1734,829,905
2135,13122,1222,6378,855,11900,1738,831,907
2140,13153,1223,6391,855,11930,1742,831,911
2145,13184,1226,6408,857,11956,1746,832,914
2150,13215,1228,6421,858,11986,1750,834,916
2155,13246,1231,6435,860,12013,1754,835,919
2160,13277,1234,6446,863,12043,1758,837,921
2165,13308,1235,6464,863,12072,1762,837,925
2170,13339,1237,6481,864,12101,1766,839,927
2175,13370,1240,6497,867,12129,1770,840,930
2180,13401,1242,6513,869,12159,1774,842,932
2185,13432,1244,6531,870,12188,1778,846,932
2190,13463,1246,6546,872,12215,1782,848,934
2195,13494,1252,6560,878,12242,1786,849,937
2200,13525,1256,6577,882,12268,1790,851,939
2205,13556,1257,6594,882,12299,1794,854,940
2210,13587,1258,6614,883,12328,1798,858,940
2215,13618,1259,6626,884,12359,1802,862,940
2220,13649,1260,6639,885,12388,1806,864,942
2225,13680,1261,6653,885,12419,1810,866,944
2230,13711,1262,6668,886,12449,1814,868,946
2235,13742,1264,6677,887,12478,1818,870,948
2240,13773,1265,6688,888,12508,1822,870,952
2245,13804,1266,6708,889,12538,1826,873,953
2250,13835,1267,6723,889,12568,1830,876,954
2255,13866,1269,6734,891,12597,1834,876,958
2260,13897,1271,6744,892,12626,1838,877,961
2265,13928,1273,6756,893,12654,1842,879,963
2270,13959,1278,6770,896,12680,1846,880,966
2275,13990,1282,6784,899,12707,1850,881,969
2280,14021,1286,6797,902,12733,1854,883,971
2285,14052,1288,6807,903,12763,1858,883,975
2290,14083,1289,6823,903,12793,1862,886,976
2295,14114,1290,6838,903,12823,1866,888,978
2300,14145,1292,6854,905,12850,1870,890,980
2305,14176,1296,6865,908,12878,1874,892,982
2310,14207,1300,6877,912,12905,1878,894,984
2315,14238,1303,6890,913,12933,1882,896,986
2320,14269,1308,6911,917,12960,1886,896,990
2325,14300,1313,6928,921,12985,1890,899,991
2330,14331,1319,6944,926,13011,1894,901,993
2335,14362,1325,6955,931,13036,1898,903,995
2340,14393,1330,6968,934,13061,1902,905,997
2345,14424,1334,6980,937,13090,1905,906,999
2350,14455,1334,6999,937,13120,1908,907,1001
2355,14486,1334,7013,937,13152,1911,909,1002
2360,14517,1334,7025,937,13182,1914,910,1004
2365,14548,1334,7040,937,13213,1917,912,1005
2370,14579,1334,7058,937,13245,1920,912,1008
2375,14610,1334,7076,937,13276,1923,914,1009
2380,14641,1334,7087,937,13307,1926,915,1011
2385,14672,1334,7101,937,13338,1929,916,1013
2390,14703,1335,7113,938,13368,1932,917,1015
2395,14734,1336,7130,939,13398,1935,918,1017
2400,14765,1337,7146,940,13428,1938,920,1018
2405,14796,1338,7167,941,13458,1941,923,1018
2410,14827,1339,7182,942,13488,1944,924,1020
2415,14858,1340,7195,942,13518,1947,925,1022
2420,14889,1341,7206,942,13548,1950,927,1023
2425,14920,1343,7220,943,13577,1953,928,1025
2430,14951,1344,7234,943,13606,1956,931,1025
2435,14982,1346,7250,944,13633,1959,934,1025
2440,15013,1351,7261,949,13659,1962,934,1028
2445,15044,1357,7275,953,13685,1966,936,1030
2450,15075,1363,7295,959,13709,1970,937,1033
2455,15106,1369,7308,962,13734,1974,939,1035
2460,15137,1374,7325,966,13761,1978,940,1038
2465,15168,1377,7347,969,13789,1982,944,1038
2470,15199,1380,7356,970,13819,1986,946,1040
2475,15230,1384,7372,973,13846,1990,950,1040
2480,15261,1387,7384,974,13874,1994,951,1043
2485,15292,1390,7393,975,13902,1998,953,1045
2490,15323,1391,7409,976,13932,2002,955,1047
2495,15354,1392,7425,977,13962,2006,956,1050
2500,15385,1394,7444,979,13991,2010,959,1051
2505,15416,1396,7457,980,14019,2014,961,1053
2510,15447,1400,7471,984,14047,2018,963,1055
2515,15478,1401,7484,984,14076,2022,965,1057
2520,15509,1402,7500,985,14105,2026,968,1058
2525,15540,1403,7515,986,14135,2030,970,1060
2530,15571,1405,7532,988,14163,2034,972,1062
2535,15602,1408,7550,990,14192,2038,974,1064
2540,15633,1410,7570,992,14222,2042,975,1067
2545,15664,1412,7589,994,14251,2046,978,1068
2550,15695,1413,7608,995,14282,2050,980,1070
2555,15726,1413,7623,995,14313,2054,982,1072
2560,15757,1416,7639,998,14341,2058,984,1074
2565,15788,1418,7654,1000,14370,2062,985,1077
2570,15819,1421,7667,1003,14398,2066,986,1080
2575,15850,1423,7686,1004,14425,2070,989,1081
2580,15881,1426,7703,1007,14455,2074,991,1083
2585,15912,1428,7715,1008,14483,2078,994,1084
2590,15943,1430,7725,1010,14512,2082,995,1087
2595,15974,1433,7742,1012,14539,2086,997,1089
2600,16005,1437,7762,1015,14568,2090,1000,1090
2605,16036,1438,7781,1016,14597,2094,1001,1093
2610,16067,1440,7798,1017,14626,2098,1004,1094
2615,16098,1441,7813,1017,14656,2102,1006,1096
2620,16129,1443,7833,1019,14684,2106,1008,1098
2625,16160,1445,7853,1021,14714,2110,1011,1099
2630,16191,1446,7864,1022,14745,2114,1013,1101
2635,16222,1447,7881,1022,14775,2118,1016,1102
2640,16253,1448,7894,1023,14805,2122,1018,1104
2645,16284,1449,7909,1024,14834,2126,1020,1106
2650,16315,1454,7926,1028,14859,2130,1023,1107
2655,16346,1460,7941,1034,14886,2134,1025,1109
2660,16377,1462,7957,1036,14913,2138,1028,1110
2665,16408,1467,7973,1040,14941,2142,1030,1112
2670,16439,1468,7987,1040,14971,2146,1031,1115
2675,16470,1470,8003,1041,15000,2150,1033,1117
2680,16501,1471,8016,1041,15030,2154,1035,1119
2685,16532,1474,8028,1043,15057,2158,1036,1122
2690,16563,1476,8046,1044,15087,2162,1039,1123
2695,16594,1478,8058,1045,15116,2166,1040,1126
2700,16625,1481,8072,1047,15143,2170,1042,1128
2705,16656,1484,8086,1049,15170,2174,1045,1129
2710,16687,1488,8103,1052,15198,2178,1045,1133
2715,16718,1491,8112,1053,15227,2182,1047,1135
2720,16749,1495,8121,1055,15254,2186,1049,1137
2725,16780,1498,8136,1057,15282,2190,1051,1139
2730,16811,1504,8150,1062,15306,2194,1054,1140
2735,16842,1507,8167,1064,15335,2198,1057,1141
2740,16873,1509,8179,1065,15364,2202,1059,1143
2745,16904,1511,8196,1067,15393,2206,1060,1146
2750,16935,1513,8212,1069,15422,2210,1063,1147
2755,16966,1516,8226,1072,15450,2214,1065,1149
2760,16997,1516,8241,1072,15481,2218,1068,1150
2765,17028,1516,8255,1072,15512,2221,1071,1150
2770,17059,1517,8272,1072,15542,2224,1074,1150
2775,17090,1518,8291,1072,15571,2227,1077,1150
2780,17121,1520,8308,1073,15600,2230,1079,1151
2785,17152,1522,8319,1074,15630,2233,1081,1152
2790,17183,1523,8340,1074,15659,2236,1083,1153
2795,17214,1526,8355,1076,15686,2239,1085,1154
2800,17245,1530,8366,1080,15713,2242,1087,1155
2805,17276,1535,8379,1084,15739,2245,1087,1158
2810,17307,1538,8390,1086,15769,2248,1089,1159
2815,17338,1540,8409,1087,15797,2251,1091,1160
2820,17369,1540,8419,1087,15828,2254,1092,1162
2825,17400,1540,8429,1087,15858,2256,1092,1164
2830,17431,1540,8444,1087,15889,2258,1094,1164
2835,17462,1540,8458,1087,15921,2260,1096,1164
2840,17493,1541,8475,1088,15951,2262,1097,1165
2845,17524,1542,8489,1088,15982,2264,1099,1165
2850,17555,1543,8503,1088,16012,2266,1101,1165
2855,17586,1544,8522,1089,16042,2268,1102,1166
2860,17617,1545,8537,1089,16071,2270,1103,1167
2865,17648,1548,8550,1091,16099,2273,1104,1169
2870,17679,1550,8568,1092,16129,2276,1104,1172
2875,17710,1552,8580,1094,16157,2279,1104,1175
2880,17741,1554,8594,1095,16186,2282,1106,1176
2885,17772,1557,8607,1098,16214,2285,1107,1178
2890,17803,1562,8620,1102,16241,2288,1108,1180
2895,17834,1566,8634,1104,16268,2291,1110,1181
2900,17865,1570,8652,1107,16295,2294,1113,1181
2905,17896,1575,8669,1111,16321,2297,1115,1182
2910,17927,1578,8683,1114,16349,2300,1117,1183
2915,17958,1579,8700,1114,16377,2303,1118,1185
2920,17989,1585,8719,1120,16403,2306,1121,1185
2925,18020,1590,8737,1124,16428,2310,1122,1188
2930,18051,1596,8756,1129,16453,2314,1124,1190
2935,18082,1601,8772,1133,16480,2318,1128,1190
2940,18113,1607,8784,1137,16503,2322,1128,1194
2945,18144,1610,8799,1139,16534,2325,1130,1195
2950,18175,1612,8811,1141,16563,2328,1131,1197
2955,18206,1613,8830,1141,16592,2331,1132,1199
2960,18237,1615,8846,1143,16622,2334,1132,1202
2965,18268,1617,8861,1145,16651,2337,1134,1203
2970,18299,1617,8874,1145,16682,2340,1134,1206
2975,18330,1617,8889,1145,16713,2343,1135,1208
2980,18361,1617,8905,1145,16744,2346,1136,1210
2985,18392,1617,8925,1145,16773,2349,1138,1211
2990,18423,1617,8945,1145,16805,2352,1140,1212
2995,18454,1617,8963,1145,16837,2355,1141,1214
3000,18485,1617,8976,1145,16867,2358,1143,1215
3005,18516,1617,8990,1145,16897,2361,1144,1217
3010,18547,1617,9002,1145,16929,2364,1147,1217
3015,18578,1618,9022,1145,16958,2367,1149,1218
3020,18609,1619,9036,1145,16990,2370,1150,1220
3025,18640,1620,9047,1145,17020,2373,1151,1222
3030,18671,1621,9067,1146,17049,2376,1154,1222
3035,18702,1622,9079,1146,17080,2379,1155,1224
3040,18733,1625,9097,1149,17106,2382,1157,1225
3045,18764,1627,9113,1151,17137,2386,1159,1227
3050,18795,1630,9126,1153,17164,2390,1159,1231
3055,18826,1634,9140,1156,17189,2394,1160,1234
3060,18857,1640,9158,1160,17216,2398,1164,1234
3065,18888,1644,9178,1164,17243,2402,1166,1236
3070,18919,1650,9192,1169,17269,2406,1169,1237
3075,18950,1655,9208,1172,17293,2410,1171,1239
3080,18981,1661,9223,1176,17318,2414,1172,1242
3085,19012,1665,9232,1179,17347,2418,1174,1244
3090,19043,1667,9248,1180,17375,2422,1176,1246
3095,19074,1669,9261,1181,17405,2426,1177,1249
3100,19105,1671,9280,1182,17434,2430,1179,1251
3105,19136,1673,9298,1183,17463,2434,1182,1252
3110,19167,1676,9310,1185,17491,2438,1183,1255
3115,19198,1679,9329,1187,17519,2442,1186,1256
3120,19229,1681,9342,1189,17547,2446,1188,1258
3125,19260,1683,9356,1191,17577,2450,1190,1260
3130,19291,1685,9369,1192,17606,2454,1194,1260
3135,19322,1686,9382,1192,17636,2458,1194,1264
3140,19353,1688,9399,1193,17665,2462,1196,1266
3145,19384,1690,9415,1195,17694,2466,1199,1267
3150,19415,1692,9429,1196,17723,2470,1201,1269
3155,19446,1695,9445,1198,17751,2474,1202,1272
3160,19477,1697,9460,1200,17778,2478,1205,1273
3165,19508,1700,9475,1203,17807,2482,1209,1273
3170,19539,1703,9491,1205,17834,2486,1212,1274
3175,19570,1704,9507,1206,17864,2490,1214,1276
3180,19601,1704,9523,1206,17894,2494,1216,1278
3185,19632,1704,9535,1206,17925,2498,1218,1280
3190,19663,1705,9550,1206,17957,2502,1218,1284
3195,19694,1706,9566,1206,17986,2506,1219,1287
3200,19725,1707,9579,1207,18018,2510,1221,1289
3205,19756,1708,9600,1208,18047,2514,1225,1289
3210,19787,1709,9614,1209,18078,2518,1228,1290
3215,19818,1710,9631,1209,18108,2522,1230,1292
3220,19849,1711,9646,1209,18138,2526,1232,1294
3225,19880,1713,9663,1210,18167,2530,1234,1296
3230,19911,1715,9677,1211,18196,2534,1234,1300
3235,19942,1717,9692,1211,18225,2538,1235,1303
3240,19973,1720,9703,1213,18253,2542,1237,1305
3245,20004,1723,9716,1216,18281,2546,1238,1308
3250,20035,1726,9732,1218,18308,2550,1241,1309
3255,20066,1730,9750,1221,18335,2554,1243,1311
3260,20097,1733,9768,1224,18363,2558,1246,1312
3265,20128,1736,9777,1225,18392,2562,1247,1315
3270,20159,1739,9792,1226,18420,2566,1247,1319
3275,20190,1741,9803,1226,18449,2570,1248,1322
3280,20221,1744,9821,1227,18477,2574,1250,1324
3285,20252,1749,9833,1229,18503,2578,1252,1326
3290,20283,1753,9845,1231,18529,2582,1253,1329
3295,20314,1757,9856,1232,18556,2586,1254,1332
3300,20345,1760,9870,1233,18585,2590,1258,1332
3305,20376,1762,9885,1233,18613,2592,1259,1333
3310,20407,1764,9901,1233,18643,2594,1260,1334
3315,20438,1767,9916,1234,18671,2596,1260,1336
3320,20469,1769,9932,1236,18699,2598,1261,1337
3325,20500,1772,9947,1238,18728,2600,1262,1338
3330,20531,1776,9963,1241,18755,2602,1262,1340
3335,20562,1778,9975,1242,18782,2604,1263,1341
3340,20593,1782,9988,1244,18809,2606,1263,1343
3345,20624,1789,10012,1249,18832,2608,1264,1344
3350,20655,1795,10026,1254,18859,2610,1264,1346
3355,20686,1800,10041,1257,18885,2612,1266,1346
3360,20717,1801,10052,1258,18916,2614,1266,1348
3365,20748,1803,10068,1260,18944,2616,1268,1348
3370,20779,1806,10080,1262,18972,2618,1269,1349
3375,20810,1807,10096,1263,19003,2620,1270,1350
3380,20841,1807,10113,1263,19034,2622,1271,1351
3385,20872,1807,10130,1263,19065,2624,1271,1353
3390,20903,1807,10145,1263,19095,2626,1271,1355
3395,20934,1807,10161,1263,19126,2628,1272,1356
3400,20965,1807,10170,1263,19158,2630,1273,1357
3405,20996,1807,10187,1263,19186,2634,1274,1360
3410,21027,1810,10197,1266,19216,2638,1276,1362
3415,21058,1812,10212,1267,19246,2642,1279,1363
3420,21089,1813,10228,1267,19273,2646,1280,1366
3425,21120,1816,10240,1270,19303,2650,1281,1369
3430,21151,1818,10256,1272,19332,2654,1284,1370
3435,21182,1820,10268,1273,19361,2658,1285,1373
3440,21213,1821,10282,1273,19391,2662,1286,1376
3445,21244,1824,10301,1275,19420,2666,1290,1376
3450,21275,1829,10316,1280,19446,2670,1293,1377
3455,21306,1832,10330,1282,19474,2674,1296,1378
3460,21337,1832,10342,1282,19504,2678,1297,1381
3465,21368,1833,10356,1282,19534,2682,1299,1383
3470,21399,1834,10374,1282,19564,2686,1300,1386
3475,21430,1835,10386,1283,19594,2690,1303,1387
3480,21461,1837,10404,1284,19622,2694,1306,1388
3485,21492,1839,10423,1284,19653,2698,1310,1388
3490,21523,1841,10433,1284,19681,2702,1311,1391
3495,21554,1843,10449,1285,19710,2706,1311,1395
3500,21585,1845,10469,1285,19739,2710,1315,1395
3505,21616,1847,10488,1287,19768,2714,1315,1399
3510,21647,1849,10502,1289,19798,2718,1317,1401
3515,21678,1853,10517,1291,19825,2722,1319,1403
3520,21709,1857,10535,1294,19852,2726,1321,1405
3525,21740,1861,10547,1296,19879,2730,1321,1409
3530,21771,1864,10562,1298,19907,2734,1322,1412
3535,21802,1867,10573,1299,19935,2738,1324,1414
3540,21833,1869,10588,1300,19964,2742,1327,1415
3545,21864,1871,10608,1302,19993,2745,1330,1415
3550,21895,1874,10626,1304,20019,2748,1331,1417
3555,21926,1880,10641,1309,20045,2751,1331,1420
3560,21957,1885,10659,1314,20070,2754,1332,1422
3565,21988,1891,10673,1319,20095,2757,1335,1422
3570,22019,1896,10686,1323,20121,2760,1335,1425
3575,22050,1900,10699,1327,20149,2763,1336,1427
3580,22081,1903,10712,1329,20176,2766,1336,1430
3585,22112,1906,10726,1332,20204,2769,1338,1431
3590,22143,1908,10739,1333,20233,2772,1338,1434
3595,22174,1912,10750,1336,20262,2775,1339,1436
3600,22205,1915,10764,1339,20287,2778,1340,1438
3605,22236,1917,10777,1341,20319,2781,1342,1439
3610,22267,1917,10789,1341,20350,2784,1342,1442
3615,22298,1917,10803,1341,20381,2787,1344,1443
3620,22329,1917,10818,1341,20412,2790,1344,1446
3625,22360,1917,10829,1341,20443,2793,1345,1448
3630,22391,1917,10847,1341,20474,2796,1347,1449
3635,22422,1917,10864,1341,20505,2799,1348,1451
3640,22453,1917,10879,1341,20535,2802,1350,1452
3645,22484,1917,10890,1341,20567,2806,1353,1453
3650,22515,1917,10904,1341,20597,2810,1355,1455
3655,22546,1917,10920,1341,20627,2814,1356,1458
3660,22577,1917,10935,1341,20660,2818,1357,1461
3665,22608,1917,10951,1341,20690,2822,1360,1462
3670,22639,1917,10968,1341,20721,2826,1362,1464
3675,22670,1918,10983,1341,20752,2830,1364,1466
3680,22701,1919,10998,1342,20781,2834,1366,1468
3685,22732,1920,11011,1343,20812,2838,1367,1471
3690,22763,1922,11026,1345,20841,2842,1367,1475
3695,22794,1924,11042,1346,20870,2846,1370,1476
3700,22825,1926,11057,1348,20899,2850,1371,1479
3705,22856,1928,11074,1350,20925,2854,1373,1481
3710,22887,1935,11093,1357,20951,2858,1375,1483
3715,22918,1940,11108,1359,20975,2862,1378,1484
3720,22949,1946,11126,1364,21002,2866,1381,1485
3725,22980,1951,11140,1369,21028,2870,1381,1489
3730,23011,1956,11157,1372,21053,2874,1383,1491
3735,23042,1962,11173,1378,21080,2878,1385,1493
3740,23073,1965,11187,1380,21106,2882,1388,1494
3745,23104,1971,11202,1385,21131,2886,1389,1497
3750,23135,1977,11217,1390,21158,2890,1391,1499
3755,23166,1980,11233,1391,21183,2894,1393,1501
3760,23197,1985,11241,1394,21211,2898,1394,1504
3765,23228,1990,11258,1398,21236,2902,1398,1504
3770,23259,1993,11267,1401,21265,2906,1398,1508
3775,23290,1994,11288,1401,21296,2910,1400,1510
3780,23321,1995,11300,1401,21326,2914,1401,1513
3785,23352,1996,11316,1401,21356,2917,1403,1514
3790,23383,1997,11326,1401,21386,2920,1403,1517
3795,23414,1999,11340,1402,21415,2923,1405,1518
3800,23445,2001,11359,1403,21444,2926,1406,1520
3805,23476,2002,11371,1403,21473,2929,1407,1522
3810,23507,2003,11388,1403,21503,2932,1408,1524
3815,23538,2005,11404,1404,21532,2935,1410,1525
3820,23569,2007,11421,1406,21562,2938,1410,1528
3825,23600,2009,11436,1408,21590,2941,1410,1531
3830,23631,2011,11450,1409,21620,2944,1413,1531
3835,23662,2011,11464,1409,21651,2947,1415,1532
3840,23693,2011,11477,1409,21682,2950,1416,1534
3845,23724,2011,11493,1409,21713,2953,1417,1536
3850,23755,2011,11503,1409,21744,2956,1419,1537
3855,23786,2011,11512,1409,21775,2959,1421,1538
3860,23817,2013,11529,1410,21804,2962,1423,1539
3865,23848,2014,11547,1411,21834,2965,1424,1541
3870,23879,2015,11566,1411,21864,2968,1425,1543
3875,23910,2017,11584,1412,21893,2971,1426,1545
3880,23941,2020,11600,1413,21921,2974,1428,1546
3885,23972,2023,11612,1415,21949,2978,1429,1549
3890,24003,2026,11632,1417,21975,2982,1433,1549
3895,24034,2030,11648,1420,22001,2986,1435,1551
3900,24065,2035,11662,1425,22028,2990,1436,1554
3905,24096,2040,11675,1429,22054,2993,1437,1556
3910,24127,2044,11687,1432,22081,2996,1437,1559
3915,24158,2049,11698,1436,22108,2999,1438,1561
3920,24189,2052,11710,1438,22136,3002,1440,1562
3925,24220,2053,11725,1439,22167,3005,1441,1564
3930,24251,2054,11738,1439,22195,3008,1441,1567
3935,24282,2056,11751,1440,22226,3011,1443,1568
3940,24313,2061,11767,1444,22251,3014,1445,1569
3945,24344,2068,11785,1450,22275,3017,1446,1571
3950,24375,2069,11801,1450,22304,3020,1448,1572
3955,24406,2070,11818,1450,22335,3023,1449,1574
3960,24437,2071,11828,1450,22366,3026,1450,1576
3965,24468,2072,11842,1451,22396,3029,1451,1578
3970,24499,2073,11857,1452,22426,3032,1451,1581
3975,24530,2074,11874,1453,22456,3035,1452,1583
3980,24561,2075,11892,1454,22485,3038,1454,1584
3985,24592,2076,11903,1454,22515,3041,1456,1585
3990,24623,2077,11916,1454,22546,3044,1458,1586
3995,24654,2078,11929,1455,22576,3047,1459,1588
4000,24685,2079,11938,1456,22606,3050,1460,1590
4005,24716,2080,11957,1457,22635,3054,1464,1590
4010,24747,2081,11972,1457,22666,3058,1466,1592
4015,24778,2082,11987,1458,22696,3062,1468,1594
4020,24809,2084,12005,1460,22725,3066,1472,1594
4025,24840,2087,12022,1463,22753,3070,1475,1595
4030,24871,2090,12039,1466,22781,3074,1476,1598
4035,24902,2092,12049,1466,22810,3078,1476,1602
4040,24933,2096,12063,1469,22837,3082,1479,1603
4045,24964,2099,12077,1471,22865,3086,1481,1605
4050,24995,2103,12087,1473,22892,3090,1481,1609
4055,25026,2107,12095,1474,22919,3094,1481,1613
4060,25057,2112,12111,1478,22944,3098,1483,1615
4065,25088,2120,12124,1484,22965,3102,1484,1618
4070,25119,2130,12142,1492,22985,3106,1485,1621
4075,25150,2138,12155,1498,23011,3110,1487,1623
4080,25181,2141,12173,1501,23039,3114,1489,1625
4085,25212,2142,12186,1501,23068,3118,1491,1627
4090,25243,2144,12201,1503,23098,3122,1494,1628
4095,25274,2147,12215,1505,23125,3126,1495,1631
4100,25305,2149,12225,1506,23154,3130,1496,1634
4105,25336,2150,12238,1507,23185,3134,1498,1636
4110,25367,2152,12253,1508,23213,3138,1501,1637
4115,25398,2155,12263,1510,23242,3142,1502,1640
4120,25429,2155,12278,1510,23273,3146,1504,1642
4125,25460,2155,12288,1510,23303,3150,1505,1645
4130,25491,2155,12302,1510,23336,3154,1509,1645
4135,25522,2155,12315,1510,23367,3158,1511,1647
4140,25553,2155,12330,1510,23397,3162,1513,1649
4145,25584,2155,12343,1510,23429,3166,1514,1652
4150,25615,2155,12360,1510,23460,3170,1516,1654
4155,25646,2155,12376,1510,23491,3174,1519,1655
4160,25677,2155,12394,1510,23522,3178,1521,1657
4165,25708,2155,12414,1510,23553,3182,1522,1660
4170,25739,2155,12427,1510,23584,3186,1523,1663
4175,25770,2155,12439,1510,23615,3190,1525,1665
4180,25801,2156,12456,1511,23645,3194,1527,1667
4185,25832,2158,12473,1513,23674,3198,1528,1670
4190,25863,2160,12488,1515,23703,3202,1530,1672
4195,25894,2162,12498,1516,23732,3206,1531,1675
4200,25925,2164,12514,1517,23761,3210,1532,1678
4205,25956,2166,12529,1518,23790,3213,1533,1680
4210,25987,2169,12543,1520,23817,3216,1534,1682
4215,26018,2172,12561,1523,23845,3219,1535,1684
4220,26049,2177,12578,1527,23872,3222,1538,1684
4225,26080,2183,12592,1531,23896,3225,1538,1687
4230,26111,2189,12606,1535,23922,3228,1539,1689
4235,26142,2192,12616,1537,23949,3231,1539,1692
4240,26173,2198,12627,1542,23973,3234,1540,1694
4245,26204,2208,12648,1552,23994,3237,1542,1695
4250,26235,2216,12666,1560,24017,3240,1544,1696
4255,26266,2223,12684,1566,24041,3243,1545,1698
4260,26297,2230,12700,1572,24065,3246,1546,1700
4265,26328,2233,12714,1575,24093,3248,1548,1700
4270,26359,2236,12731,1578,24122,3250,1549,1701
4275,26390,2236,12742,1578,24154,3252,1550,1702
4280,26421,2236,12761,1578,24184,3254,1552,1702
4285,26452,2236,12776,1578,24215,3256,1553,1703
4290,26483,2236,12791,1578,24246,3258,1553,1705
4295,26514,2236,12808,1578,24277,3260,1555,1705
4300,26545,2236,12824,1578,24309,3262,1557,1705
4305,26576,2236,12836,1578,24340,3265,1558,1707
4310,26607,2236,12852,1578,24370,3268,1560,1708
4315,26638,2236,12867,1578,24402,3271,1562,1709
4320,26669,2236,12881,1578,24433,3274,1563,1711
4325,26700,2236,12898,1578,24464,3276,1563,1713
4330,26731,2236,12912,1578,24495,3278,1564,1714
4335,26762,2236,12929,1578,24526,3280,1566,1714
4340,26793,2236,12946,1578,24557,3282,1566,1716
4345,26824,2236,12962,1578,24588,3284,1567,1717
4350,26855,2236,12987,1578,24619,3286,1569,1717
4355,26886,2236,13000,1578,24650,3288,1570,1718
4360,26917,2236,13013,1578,24680,3290,1572,1718
4365,26948,2236,13029,1578,24711,3292,1574,1718
4370,26979,2240,13046,1581,24737,3295,1577,1718
4375,27010,2244,13062,1585,24764,3298,1579,1719
4380,27041,2249,13079,1588,24790,3301,1580,1721
4385,27072,2253,13099,1590,24818,3304,1582,1722
4390,27103,2256,13115,1593,24847,3307,1583,1724
4395,27134,2259,13133,1595,24875,3310,1585,1725
4400,27165,2263,13150,1598,24902,3313,1585,1728
4405,27196,2266,13162,1598,24930,3316,1586,1730
4410,27227,2271,13175,1600,24956,3319,1587,1732
4415,27258,2276,13195,1604,24980,3322,1588,1734
4420,27289,2282,13213,1607,25006,3325,1590,1735
4425,27320,2287,13229,1610,25031,3329,1591,1738
4430,27351,2293,13239,1613,25056,3333,1592,1741
4435,27382,2299,13257,1617,25081,3337,1596,1741
4440,27413,2305,13269,1622,25107,3341,1598,1743
4445,27444,2309,13280,1624,25134,3344,1600,1744
4450,27475,2313,13291,1628,25162,3347,1601,1746
4455,27506,2314,13305,1628,25191,3350,1602,1748
4460,27537,2315,13318,1628,25222,3353,1605,1748
4465,27568,2316,13333,1628,25252,3356,1606,1750
4470,27599,2317,13345,1629,25281,3359,1607,1752
4475,27630,2318,13355,1629,25312,3362,1608,1754
4480,27661,2319,13367,1629,25341,3365,1610,1755
4485,27692,2320,13384,1630,25372,3368,1611,1757
4490,27723,2322,13395,1631,25401,3371,1612,1759
4495,27754,2323,13406,1632,25430,3374,1614,1760
4500,27785,2326,13427,1635,25457,3377,1617,1760
4505,27816,2326,13436,1635,25489,3380,1618,1762
4510,27847,2326,13451,1635,25520,3383,1619,1764
4515,27878,2326,13465,1635,25551,3386,1620,1766
4520,27909,2326,13484,1635,25582,3389,1623,1766
4525,27940,2326,13500,1635,25612,3392,1624,1768
4530,27971,2326,13515,1635,25645,3395,1626,1769
4535,28002,2326,13528,1635,25676,3398,1627,1771
4540,28033,2326,13542,1635,25707,3401,1628,1773
4545,28064,2326,13559,1635,25738,3405,1631,1774
4550,28095,2326,13570,1635,25769,3409,1632,1777
4555,28126,2327,13580,1635,25799,3413,1634,1779
4560,28157,2328,13595,1635,25829,3417,1634,1783
4565,28188,2330,13610,1637,25857,3421,1635,1786
4570,28219,2333,13626,1640,25886,3425,1636,1789
4575,28250,2335,13643,1640,25915,3429,1639,1790
4580,28281,2337,13655,1641,25943,3433,1640,1793
4585,28312,2340,13673,1644,25971,3437,1642,1795
4590,28343,2343,13680,1646,25999,3441,1642,1799
4595,28374,2346,13693,1648,26027,3445,1644,1801
4600,28405,2349,13705,1650,26056,3449,1647,1802
4605,28436,2353,13719,1653,26082,3453,1649,1804
4610,28467,2359,13736,1657,26102,3457,1652,1805
4615,28498,2370,13751,1668,26124,3461,1654,1807
4620,28529,2379,13770,1674,26145,3465,1658,1807
4625,28560,2389,13784,1682,26170,3469,1659,1810
4630,28591,2395,13796,1686,26196,3473,1660,1813
4635,28622,2400,13815,1690,26218,3477,1662,1815
4640,28653,2401,13824,1691,26252,3481,1663,1818
4645,28684,2402,13837,1692,26281,3485,1666,1819
4650,28715,2403,13853,1692,26309,3489,1667,1822
4655,28746,2404,13872,1692,26340,3493,1671,1822
4660,28777,2405,13887,1692,26370,3497,1673,1824
4665,28808,2406,13902,1692,26402,3501,1674,1827
4670,28839,2407,13915,1692,26432,3505,1675,1830
4675,28870,2408,13930,1692,26462,3509,1677,1832
4680,28901,2409,13941,1693,26492,3513,1677,1836
4685,28932,2409,13956,1693,26523,3517,1679,1838
4690,28963,2409,13973,1693,26554,3521,1682,1839
4695,28994,2409,13985,1693,26585,3525,1682,1843
4700,29025,2409,13993,1693,26616,3529,1683,1846
4705,29056,2409,14006,1693,26647,3533,1683,1850
4710,29087,2409,14022,1693,26678,3537,1685,1852
4715,29118,2409,14038,1693,26709,3541,1687,1854
4720,29149,2409,14053,1693,26740,3545,1690,1855
4725,29180,2409,14069,1693,26771,3549,1694,1855
4730,29211,2409,14085,1693,26802,3553,1696,1857
4735,29242,2409,14106,1693,26833,3557,1699,1858
4740,29273,2409,14122,1693,26863,3561,1701,1860
4745,29304,2413,14136,1696,26891,3564,1703,1861
4750,29335,2415,14148,1696,26920,3567,1704,1863
4755,29366,2418,14161,1698,26948,3570,1705,1865
4760,29397,2421,14175,1700,26975,3573,1705,1868
4765,29428,2425,14189,1703,27001,3576,1706,1870
4770,29459,2431,14209,1708,27026,3579,1709,1870
4775,29490,2438,14223,1713,27052,3582,1710,1872
4780,29521,2443,14242,1716,27077,3585,1713,1872
4785,29552,2450,14260,1722,27101,3588,1714,1874
4790,29583,2454,14275,1725,27127,3591,1716,1875
4795,29614,2457,14288,1728,27156,3594,1718,1876
4800,29645,2461,14306,1732,27181,3597,1719,1878
4805,29676,2463,14326,1734,27211,3600,1721,1879
4810,29707,2465,14341,1735,27241,3603,1722,1881
4815,29738,2466,14355,1735,27271,3606,1723,1883
4820,29769,2467,14371,1736,27302,3609,1724,1885
4825,29800,2468,14392,1737,27332,3612,1726,1886
4830,29831,2469,14407,1738,27362,3615,1727,1888
4835,29862,2471,14423,1739,27391,3618,1729,1889
4840,29893,2473,14436,1741,27420,3621,1730,1891
4845,29924,2474,14453,1742,27448,3625,1732,1893
4850,29955,2475,14467,1743,27479,3629,1733,1896
4855,29986,2477,14485,1744,27507,3633,1734,1899
4860,30017,2478,14500,1745,27539,3637,1736,1901
4865,30048,2479,14517,1745,27569,3640,1737,1903
4870,30079,2480,14529,1745,27599,3643,1739,1904
4875,30110,2482,14548,1746,27628,3646,1741,1905
4880,30141,2484,14560,1748,27657,3649,1742,1907
4885,30172,2486,14571,1750,27686,3652,1743,1909
4890,30203,2487,14588,1751,27716,3655,1746,1909
4895,30234,2490,14599,1752,27744,3658,1746,1912
4900,30265,2492,14616,1754,27773,3661,1749,1912
4905,30296,2494,14629,1755,27802,3664,1751,1913
4910,30327,2497,14643,1756,27830,3667,1754,1913
4915,30358,2500,14657,1756,27858,3670,1756,1914
4920,30389,2503,14671,1758,27886,3673,1757,1916
4925,30420,2507,14688,1761,27913,3676,1758,1918
4930,30451,2511,14703,1764,27939,3679,1760,1919
4935,30482,2516,14716,1768,27965,3682,1761,1921
4940,30513,2521,14730,1772,27992,3685,1762,1923
4945,30544,2525,14747,1774,28017,3688,1763,1925
4950,30575,2531,14763,1778,28042,3691,1765,1926
4955,30606,2539,14786,1785,28066,3694,1767,1927
4960,30637,2541,14801,1786,28095,3697,1770,1927
4965,30668,2544,14819,1788,28121,3701,1772,1929
4970,30699,2549,14836,1792,28149,3705,1775,1930
4975,30730,2552,14847,1794,28177,3709,1776,1933
4980,30761,2555,14859,1796,28205,3713,1776,1937
4985,30792,2557,14879,1798,28233,3717,1778,1939
4990,30823,2560,14895,1800,28263,3721,1780,1941
4995,30854,2560,14909,1800,28293,3725,1782,1943
5000,30885,2560,14923,1800,28322,3729,1782,1947
5005,30916,2560,14938,1800,28353,3733,1784,1949
5010,30947,2560,14954,1800,28386,3737,1787,1950
5015,30978,2560,14969,1800,28417,3741,1789,1952
5020,31009,2560,14989,1800,28448,3745,1792,1953
5025,31040,2560,15003,1800,28480,3749,1794,1955
5030,31071,2560,15019,1800,28511,3753,1796,1957
5035,31102,2560,15030,1800,28542,3757,1797,1960
5040,31133,2560,15046,1800,28573,3761,1798,1963
5045,31164,2560,15058,1800,28604,3764,1799,1965
5050,31195,2560,15069,1800,28635,3767,1800,1967
5055,31226,2560,15075,1800,28666,3770,1800,1970
5060,31257,2560,15092,1800,28697,3773,1802,1971
5065,31288,2561,15112,1801,28727,3776,1804,1972
5070,31319,2562,15126,1802,28757,3779,1804,1975
5075,31350,2563,15141,1803,28787,3782,1804,1978
5080,31381,2565,15155,1805,28816,3785,1804,1981
5085,31412,2568,15170,1807,28844,3788,1806,1982
5090,31443,2573,15183,1810,28868,3791,1806,1985
5095,31474,2580,15202,1816,28890,3794,1807,1987
5100,31505,2587,15216,1822,28915,3797,1808,1989
5105,31536,2594,15229,1827,28940,3800,1809,1991
5110,31567,2601,15242,1832,28964,3803,1811,1992
5115,31598,2606,15257,1836,28990,3806,1812,1994
5120,31629,2610,15273,1840,29017,3809,1813,1996
5125,31660,2614,15284,1842,29044,3812,1814,1998
5130,31691,2620,15298,1846,29070,3815,1816,1999
5135,31722,2625,15316,1850,29094,3818,1816,2002
5140,31753,2627,15334,1851,29125,3821,1817,2004
5145,31784,2628,15351,1852,29154,3825,1820,2005
5150,31815,2628,15359,1852,29187,3829,1821,2008
5155,31846,2628,15376,1852,29218,3833,1824,2009
5160,31877,2628,15389,1852,29248,3837,1825,2012
5165,31908,2628,15406,1852,29278,3841,1828,2013
5170,31939,2628,15420,1852,29310,3845,1830,2015
5175,31970,2628,15437,1852,29342,3849,1832,2017
5180,32001,2628,15454,1852,29373,3853,1832,2021
5185,32032,2628,15467,1852,29404,3857,1832,2025
5190,32063,2628,15483,1852,29435,3861,1835,2026
5195,32094,2628,15500,1852,29466,3865,1839,2026
5200,32125,2628,15513,1852,29497,3869,1842,2027
5205,32156,2628,15529,1852,29528,3873,1844,2029
5210,32187,2628,15542,1852,29559,3877,1846,2031
5215,32218,2628,15557,1852,29590,3881,1848,2033
5220,32249,2630,15573,1854,29619,3885,1851,2034
5225,32280,2633,15592,1856,29647,3889,1854,2035
5230,32311,2634,15605,1857,29677,3893,1855,2038
5235,32342,2635,15618,1858,29707,3897,1857,2040
5240,32373,2638,15630,1860,29734,3901,1859,2042
5245,32404,2642,15647,1863,29759,3905,1862,2043
5250,32435,2652,15666,1872,29780,3909,1864,2045
5255,32466,2660,15682,1879,29804,3913,1865,2048
5260,32497,2667,15702,1884,29828,3917,1868,2049
5265,32528,2672,15722,1887,29852,3921,1871,2050
5270,32559,2677,15741,1892,29881,3925,1872,2053
5275,32590,2679,15748,1893,29911,3929,1874,2055
5280,32621,2680,15761,1894,29940,3933,1875,2058
5285,32652,2682,15774,1895,29968,3936,1877,2059
5290,32683,2684,15787,1896,29996,3939,1879,2060
5295,32714,2686,15798,1897,30027,3942,1880,2062
5300,32745,2687,15814,1897,30055,3945,1882,2063
5305,32776,2688,15829,1897,30084,3948,1885,2063
5310,32807,2689,15846,1898,30118,3951,1886,2065
5315,32838,2690,15865,1898,30148,3954,1887,2067
5320,32869,2691,15877,1898,30178,3957,1888,2069
5325,32900,2693,15893,1899,30207,3960,1890,2070
5330,32931,2695,15905,1901,30235,3963,1891,2072
5335,32962,2697,15923,1903,30265,3966,1893,2073
5340,32993,2699,15942,1904,30294,3969,1896,2073
5345,33024,2701,15951,1905,30323,3971,1897,2074
5350,33055,2702,15969,1906,30353,3973,1897,2076
5355,33086,2702,15983,1906,30384,3975,1899,2076
5360,33117,2702,16000,1906,30415,3977,1899,2078
5365,33148,2703,16016,1907,30445,3979,1900,2079
5370,33179,2704,16026,1907,30475,3981,1901,2080
5375,33210,2706,16041,1907,30504,3983,1903,2080
5380,33241,2709,16058,1909,30531,3985,1904,2081
5385,33272,2712,16068,1912,30559,3987,1904,2083
5390,33303,2716,16086,1916,30586,3990,1907,2083
5395,33334,2721,16102,1919,30612,3993,1908,2085
5400,33365,2726,16118,1922,30637,3996,1910,2086
5405,33396,2733,16133,1928,30662,3998,1911,2087
5410,33427,2738,16152,1932,30689,4000,1913,2087
5415,33458,2740,16168,1934,30718,4002,1915,2087
5420,33489,2743,16192,1937,30744,4004,1916,2088
5425,33520,2748,16208,1941,30770,4006,1917,2089
5430,33551,2748,16223,1941,30803,4008,1919,2089
5435,33582,2748,16236,1941,30833,4010,1920,2090
5440,33613,2748,16255,1941,30864,4012,1921,2091
5445,33644,2748,16268,1941,30895,4015,1923,2092
5450,33675,2748,16283,1941,30926,4018,1924,2094
5455,33706,2749,16299,1941,30957,4021,1925,2096
5460,33737,2750,16314,1941,30983,4024,1925,2099
5465,33768,2751,16329,1941,31015,4027,1928,2099
5470,33799,2752,16343,1942,31046,4030,1930,2100
5475,33830,2753,16359,1942,31077,4033,1933,2100
5480,33861,2754,16379,1942,31105,4036,1935,2101
5485,33892,2755,16392,1942,31137,4039,1936,2103
5490,33923,2756,16407,1943,31167,4042,1936,2106
5495,33954,2757,16423,1943,31197,4045,1937,2108
5500,33985,2758,16438,1943,31227,4048,1938,2110
5505,34016,2759,16456,1944,31257,4052,1940,2112
5510,34047,2760,16464,1944,31287,4056,1941,2115
5515,34078,2762,16479,1945,31316,4060,1942,2118
5520,34109,2764,16497,1945,31345,4064,1943,2121
5525,34140,2766,16513,1946,31374,4068,1945,2123
5530,34171,2769,16531,1949,31402,4072,1948,2124
5535,34202,2772,16548,1951,31430,4076,1950,2126
5540,34233,2776,16565,1954,31457,4080,1953,2127
5545,34264,2781,16583,1958,31483,4084,1954,2130
5550,34295,2785,16596,1960,31510,4088,1957,2131
5555,34326,2789,16609,1962,31537,4092,1958,2134
5560,34357,2792,16626,1964,31565,4096,1961,2135
5565,34388,2795,16642,1964,31592,4100,1962,2138
5570,34419,2800,16657,1967,31617,4104,1963,2141
5575,34450,2807,16673,1972,31642,4108,1965,2143
5580,34481,2813,16691,1978,31667,4112,1968,2144
5585,34512,2817,16705,1981,31694,4116,1971,2145
5590,34543,2823,16722,1987,31717,4120,1971,2149
5595,34574,2830,16734,1994,31744,4124,1973,2151
5600,34605,2834,16748,1997,31769,4128,1975,2153
5605,34636,2839,16761,2001,31796,4132,1978,2154
5610,34667,2842,16780,2003,31824,4136,1980,2156
5615,34698,2846,16792,2007,31852,4140,1980,2160
5620,34729,2846,16807,2007,31883,4144,1982,2162
5625,34760,2846,16819,2007,31913,4148,1984,2164
5630,34791,2846,16834,2007,31943,4152,1987,2165
5635,34822,2846,16851,2007,31972,4156,1989,2167
5640,34853,2846,16868,2007,32007,4160,1991,2169
5645,34884,2846,16880,2007,32038,4163,1993,2170
5650,34915,2846,16894,2007,32069,4166,1996,2170
5655,34946,2846,16908,2007,32100,4169,1998,2171
5660,34977,2846,16920,2007,32131,4172,1999,2173
5665,35008,2846,16936,2007,32160,4175,2001,2174
5670,35039,2846,16952,2007,32192,4178,2003,2175
5675,35070,2846,16965,2007,32223,4181,2005,2176
5680,35101,2846,16985,2007,32255,4184,2007,2177
5685,35132,2846,16994,2007,32286,4187,2008,2179
5690,35163,2848,17013,2009,32314,4190,2010,2180
5695,35194,2851,17029,2011,32342,4193,2013,2180
5700,35225,2853,17043,2013,32372,4196,2014,2182
5705,35256,2855,17061,2015,32399,4199,2015,2184
5710,35287,2860,17073,2018,32426,4202,2016,2186
5715,35318,2864,17088,2021,32452,4205,2017,2188
5720,35349,2868,17098,2023,32481,4208,2019,2189
5725,35380,2871,17114,2024,32509,4211,2021,2190
5730,35411,2875,17131,2027,32536,4214,2023,2191
5735,35442,2877,17145,2028,32565,4217,2025,2192
5740,35473,2879,17160,2029,32594,4220,2026,2194
5745,35504,2883,17177,2033,32621,4224,2027,2197
5750,35535,2887,17193,2037,32648,4228,2028,2200
5755,35566,2890,17207,2039,32675,4232,2031,2201
5760,35597,2895,17224,2044,32702,4236,2033,2203
5765,35628,2898,17238,2046,32729,4240,2035,2205
5770,35659,2902,17251,2048,32757,4244,2037,2207
5775,35690,2906,17264,2051,32784,4248,2040,2208
5780,35721,2909,17279,2053,32812,4252,2042,2210
5785,35752,2912,17297,2055,32839,4256,2044,2212
5790,35783,2916,17312,2058,32865,4260,2045,2215
5795,35814,2921,17327,2062,32893,4264,2048,2216
5800,35845,2922,17341,2063,32923,4268,2050,2218
5805,35876,2925,17360,2065,32948,4272,2052,2220
5810,35907,2928,17376,2067,32978,4276,2055,2221
5815,35938,2928,17390,2067,33008,4280,2055,2225
5820,35969,2928,17410,2067,33039,4284,2058,2226
5825,36000,2928,17427,2067,33072,4288,2061,2227
5830,36031,2928,17440,2067,33103,4292,2063,2229
5835,36062,2929,17457,2068,33132,4296,2066,2230
5840,36093,2931,17476,2070,33160,4300,2068,2232
5845,36124,2933,17493,2071,33190,4304,2071,2233
5850,36155,2934,17511,2072,33221,4308,2073,2235
5855,36186,2935,17520,2072,33251,4312,2073,2239
5860,36217,2936,17536,2072,33281,4316,2074,2242
5865,36248,2937,17553,2073,33311,4320,2077,2243
5870,36279,2938,17573,2074,33340,4324,2080,2244
5875,36310,2940,17589,2076,33370,4328,2081,2247
5880,36341,2941,17600,2076,33400,4332,2083,2249
5885,36372,2942,17614,2076,33430,4336,2083,2253
5890,36403,2943,17630,2077,33459,4340,2085,2255
5895,36434,2946,17647,2079,33488,4344,2086,2258
5900,36465,2948,17658,2080,33515,4348,2087,2261
5905,36496,2952,17671,2082,33543,4352,2089,2263
5910,36527,2956,17687,2086,33569,4356,2090,2266
5915,36558,2961,17700,2091,33597,4360,2091,2269
5920,36589,2966,17713,2094,33623,4364,2093,2271
5925,36620,2970,17728,2097,33650,4368,2094,2274
5930,36651,2973,17740,2100,33677,4372,2095,2277
5935,36682,2975,17753,2100,33706,4376,2097,2279
5940,36713,2978,17769,2103,33734,4380,2100,2280
5945,36744,2980,17782,2103,33763,4382,2101,2281
5950,36775,2982,17797,2105,33792,4384,2103,2281
5955,36806,2984,17815,2106,33821,4386,2105,2281
5960,36837,2987,17826,2108,33850,4388,2106,2282
5965,36868,2990,17840,2109,33876,4390,2107,2283
5970,36899,2995,17855,2114,33902,4392,2108,2284
5975,36930,3000,17869,2118,33930,4394,2108,2286
5980,36961,3002,17883,2119,33957,4396,2109,2287
5985,36992,3006,17895,2121,33984,4398,2110,2288
5990,37023,3007,17909,2121,34016,4400,2111,2289
5995,37054,3009,17926,2123,34043,4402,2112,2290
6000,37085,3010,17944,2123,34073,4404,2113,2291
6005,37116,3012,17959,2124,34103,4406,2114,2292
6010,37147,3013,17971,2124,34134,4408,2114,2294
6015,37178,3015,17983,2125,34163,4410,2115,2295
6020,37209,3016,17993,2125,34193,4412,2115,2297
6025,37240,3018,18007,2126,34222,4414,2115,2299
6030,37271,3020,18022,2128,34251,4416,2116,2300
6035,37302,3021,18039,2129,34281,4418,2117,2301
6040,37333,3024,18056,2131,34309,4420,2119,2301
6045,37364,3026,18078,2133,34337,4424,2121,2303
6050,37395,3029,18093,2135,34366,4428,2123,2305
6055,37426,3032,18109,2137,34394,4432,2125,2307
6060,37457,3035,18126,2140,34422,4436,2128,2308
6065,37488,3038,18136,2143,34450,4439,2129,2310
6070,37519,3040,18143,2143,34478,4442,2130,2312
6075,37550,3046,18161,2149,34504,4445,2131,2314
6080,37581,3048,18179,2151,34533,4448,2131,2317
6085,37612,3051,18194,2153,34561,4451,2132,2319
6090,37643,3053,18207,2154,34590,4454,2134,2320
6095,37674,3055,18223,2154,34619,4457,2137,2320
6100,37705,3058,18236,2156,34647,4460,2140,2320
6105,37736,3063,18253,2160,34673,4463,2141,2322
6110,37767,3069,18268,2165,34698,4466,2143,2323
6115,37798,3072,18284,2168,34726,4469,2145,2324
6120,37829,3075,18299,2170,34754,4472,2146,2326
6125,37860,3078,18314,2173,34781,4475,2147,2328
6130,37891,3080,18328,2174,34811,4478,2149,2329
6135,37922,3083,18343,2176,34839,4481,2151,2330
6140,37953,3085,18357,2177,34867,4484,2152,2332
6145,37984,3085,18372,2177,34899,4487,2154,2333
6150,38015,3085,18389,2177,34928,4490,2155,2335
6155,38046,3085,18409,2177,34960,4493,2157,2336
6160,38077,3085,18424,2177,34990,4496,2157,2339
6165,38108,3085,18441,2177,35022,4499,2158,2341
6170,38139,3085,18457,2177,35053,4503,2160,2343
6175,38170,3085,18474,2177,35083,4507,2161,2346
6180,38201,3085,18486,2177,35114,4511,2163,2348
6185,38232,3086,18499,2177,35146,4514,2165,2349
6190,38263,3087,18516,2177,35175,4517,2166,2351
6195,38294,3088,18528,2177,35206,4520,2168,2352
6200,38325,3089,18544,2178,35236,4523,2169,2354
6205,38356,3090,18558,2179,35266,4526,2170,2356
6210,38387,3091,18573,2180,35296,4529,2172,2357
6215,38418,3092,18587,2180,35326,4532,2174,2358
6220,38449,3094,18605,2181,35354,4535,2175,2360
6225,38480,3097,18613,2183,35383,4538,2175,2363
6230,38511,3099,18625,2183,35412,4541,2176,2365
6235,38542,3101,18639,2183,35440,4544,2178,2366
6240,38573,3105,18655,2187,35468,4547,2180,2367
6245,38604,3108,18670,2190,35496,4550,2181,2369
6250,38635,3113,18683,2193,35522,4553,2183,2370
6255,38666,3118,18697,2195,35548,4556,2183,2373
6260,38697,3122,18710,2197,35574,4559,2184,2375
6265,38728,3127,18725,2199,35600,4562,2185,2377
6270,38759,3134,18745,2205,35624,4565,2187,2378
6275,38790,3139,18759,2209,35651,4568,2189,2379
6280,38821,3144,18771,2212,35677,4571,2189,2382
6285,38852,3149,18789,2216,35703,4575,2192,2383
6290,38883,3154,18809,2220,35727,4579,2195,2384
6295,38914,3157,18823,2221,35757,4583,2198,2385
6300,38945,3159,18840,2223,35784,4587,2199,2388
6305,38976,3165,18856,2229,35809,4591,2201,2390
6310,39007,3169,18871,2232,35836,4595,2203,2392
6315,39038,3172,18889,2234,35864,4599,2205,2394
6320,39069,3175,18904,2236,35894,4603,2205,2398
6325,39100,3175,18920,2236,35924,4607,2206,2401
6330,39131,3175,18933,2236,35955,4611,2209,2402
6335,39162,3175,18949,2236,35986,4615,2210,2405
6340,39193,3175,18966,2236,36017,4619,2212,2407
6345,39224,3175,18984,2236,36047,4623,2216,2407
6350,39255,3175,18996,2236,36080,4627,2218,2409
6355,39286,3175,19011,2236,36110,4631,2220,2411
6360,39317,3175,19029,2236,36141,4635,2224,2411
6365,39348,3175,19049,2236,36173,4639,2227,2412
6370,39379,3175,19067,2236,36204,4643,2230,2413
6375,39410,3175,19081,2236,36235,4647,2232,2415
6380,39441,3175,19095,2236,36266,4651,2234,2417
6385,39472,3175,19110,2236,36296,4655,2234,2421
6390,39503,3177,19128,2238,36325,4659,2237,2422
6395,39534,3179,19147,2239,36353,4663,2241,2422
6400,39565,3183,19163,2242,36382,4667,2245,2422
6405,39596,3185,19174,2244,36411,4671,2246,2425
6410,39627,3187,19192,2246,36439,4675,2247,2428
6415,39658,3191,19208,2248,36465,4679,2250,2429
6420,39689,3196,19224,2252,36491,4683,2251,2432
6425,39720,3199,19239,2255,36520,4687,2252,2435
6430,39751,3201,19255,2256,36550,4691,2255,2436
6435,39782,3203,19266,2257,36578,4695,2256,2439
6440,39813,3205,19279,2257,36608,4699,2257,2442
6445,39844,3207,19298,2258,36637,4703,2260,2443
6450,39875,3209,19309,2258,36666,4707,2262,2445
6455,39906,3211,19325,2259,36694,4711,2265,2446
6460,39937,3214,19336,2261,36722,4715,2266,2449
6465,39968,3216,19347,2261,36751,4719,2266,2453
6470,39999,3219,19358,2264,36780,4723,2267,2456
6475,40030,3222,19371,2266,36807,4727,2270,2457
6480,40061,3226,19395,2270,36831,4731,2272,2459
6485,40092,3232,19407,2275,36860,4734,2274,2460
6490,40123,3235,19420,2278,36885,4737,2276,2461
6495,40154,3241,19437,2284,36912,4740,2278,2462
6500,40185,3246,19451,2289,36938,4743,2280,2463
6505,40216,3249,19462,2292,36967,4746,2280,2466
6510,40247,3252,19477,2295,36993,4749,2282,2467
6515,40278,3253,19491,2296,37025,4752,2282,2470
6520,40309,3255,19506,2297,37051,4755,2282,2473
6525,40340,3258,19520,2300,37082,4758,2283,2475
6530,40371,3262,19537,2304,37107,4761,2284,2477
6535,40402,3266,19550,2306,37132,4764,2284,2480
6540,40433,3270,19561,2309,37163,4767,2285,2482
6545,40464,3271,19575,2309,37193,4769,2286,2483
6550,40495,3272,19593,2310,37223,4771,2287,2484
6555,40526,3273,19606,2310,37253,4773,2288,2485
6560,40557,3274,19615,2310,37283,4775,2289,2486
6565,40588,3275,19632,2310,37313,4777,2290,2487
6570,40619,3277,19647,2312,37341,4779,2291,2488
6575,40650,3279,19659,2314,37371,4781,2293,2488
6580,40681,3280,19670,2314,37401,4783,2293,2490
6585,40712,3283,19681,2316,37428,4786,2294,2492
6590,40743,3287,19696,2319,37456,4789,2295,2494
6595,40774,3290,19712,2321,37484,4792,2297,2495
6600,40805,3290,19729,2321,37515,4795,2300,2495
6605,40836,3290,19739,2321,37546,4798,2301,2497
6610,40867,3290,19757,2321,37576,4801,2302,2499
6615,40898,3290,19773,2321,37608,4804,2305,2499
6620,40929,3291,19790,2322,37638,4807,2308,2499
6625,40960,3292,19804,2322,37668,4810,2311,2499
6630,40991,3293,19818,2322,37697,4813,2313,2500
6635,41022,3294,19834,2323,37728,4816,2315,2501
6640,41053,3295,19855,2323,37758,4819,2317,2502
6645,41084,3298,19872,2326,37786,4823,2318,2505
6650,41115,3301,19890,2328,37811,4827,2320,2507
6655,41146,3307,19908,2332,37836,4831,2321,2510
6660,41177,3312,19926,2336,37863,4835,2324,2511
6665,41208,3317,19946,2340,37890,4839,2328,2511
6670,41239,3318,19962,2340,37921,4843,2329,2514
6675,41270,3319,19975,2341,37950,4847,2331,2516
6680,41301,3321,19990,2342,37980,4851,2332,2519
6685,41332,3322,20004,2343,38009,4855,2334,2521
6690,41363,3324,20021,2344,38038,4859,2337,2522
6695,41394,3326,20035,2345,38068,4863,2339,2524
6700,41425,3327,20046,2346,38096,4867,2341,2526
6705,41456,3330,20057,2347,38125,4871,2343,2528
6710,41487,3333,20065,2349,38154,4875,2344,2531
6715,41518,3337,20080,2351,38180,4879,2344,2535
6720,41549,3340,20095,2353,38209,4883,2345,2538
6725,41580,3343,20111,2355,38237,4886,2348,2538
6730,41611,3347,20133,2357,38264,4889,2350,2539
6735,41642,3350,20150,2359,38292,4892,2352,2540
6740,41673,3355,20162,2362,38318,4895,2352,2543
6745,41704,3358,20179,2365,38346,4898,2354,2544
6750,41735,3362,20198,2369,38373,4901,2354,2547
6755,41766,3365,20215,2372,38401,4904,2356,2548
6760,41797,3367,20226,2374,38430,4907,2358,2549
6765,41828,3369,20240,2375,38459,4910,2360,2550
6770,41859,3369,20255,2375,38486,4913,2362,2551
6775,41890,3370,20270,2376,38517,4916,2365,2551
6780,41921,3371,20285,2376,38548,4919,2366,2553
6785,41952,3372,20299,2376,38579,4922,2367,2555
6790,41983,3374,20311,2378,38608,4925,2367,2558
6795,42014,3376,20328,2380,38637,4928,2369,2559
6800,42045,3378,20340,2381,38667,4931,2370,2561
6805,42076,3379,20357,2381,38697,4934,2372,2562
6810,42107,3380,20369,2381,38727,4937,2374,2563
6815,42138,3382,20383,2383,38756,4940,2375,2565
6820,42169,3385,20397,2386,38784,4943,2375,2568
6825,42200,3387,20417,2388,38812,4947,2378,2569
6830,42231,3390,20436,2390,38840,4951,2380,2571
6835,42262,3394,20450,2394,38867,4955,2381,2574
6840,42293,3394,20466,2394,38898,4959,2384,2575
6845,42324,3394,20480,2394,38929,4963,2385,2578
6850,42355,3395,20497,2394,38960,4967,2389,2578
6855,42386,3396,20510,2395,38989,4971,2390,2581
6860,42417,3397,20524,2396,39019,4975,2392,2583
6865,42448,3398,20537,2397,39050,4979,2394,2585
6870,42479,3399,20554,2397,39079,4983,2396,2587
6875,42510,3402,20567,2399,39105,4987,2397,2590
6880,42541,3406,20585,2403,39133,4991,2399,2592
6885,42572,3411,20599,2407,39161,4995,2401,2594
6890,42603,3414,20620,2410,39188,4999,2403,2596
6895,42634,3418,20626,2413,39214,5003,2403,2600
6900,42665,3422,20645,2417,39240,5007,2405,2602
6905,42696,3426,20657,2420,39269,5011,2406,2605
6910,42727,3428,20672,2421,39299,5015,2408,2607
6915,42758,3430,20687,2422,39328,5019,2410,2609
6920,42789,3431,20703,2423,39358,5023,2410,2613
6925,42820,3433,20719,2425,39387,5027,2413,2614
6930,42851,3435,20737,2427,39416,5031,2414,2617
6935,42882,3437,20754,2428,39445,5035,2416,2619
6940,42913,3440,20763,2429,39473,5039,2416,2623
6945,42944,3442,20779,2430,39500,5043,2418,2625
6950,42975,3444,20792,2431,39531,5047,2422,2625
6955,43006,3446,20800,2432,39560,5051,2423,2628
6960,43037,3448,20818,2432,39589,5055,2425,2630
6965,43068,3451,20831,2433,39617,5059,2425,2634
6970,43099,3454,20845,2435,39645,5063,2427,2636
6975,43130,3456,20856,2436,39674,5067,2429,2638
6980,43161,3459,20868,2438,39702,5071,2430,2641
6985,43192,3461,20884,2438,39731,5075,2433,2642
6990,43223,3464,20899,2441,39759,5079,2435,2644
6995,43254,3466,20906,2441,39788,5083,2435,2648
7000,43285,3469,20926,2444,39816,5087,2438,2649
7005,43316,3471,20941,2445,39845,5091,2441,2650
7010,43347,3473,20956,2447,39873,5095,2443,2652
7015,43378,3477,20968,2451,39898,5099,2446,2653
7020,43409,3483,20977,2456,39926,5103,2448,2655
7025,43440,3486,20995,2458,39952,5105,2449,2656
7030,43471,3491,21013,2463,39976,5107,2451,2656
7035,43502,3496,21023,2466,40005,5109,2451,2658
7040,43533,3498,21042,2468,40033,5111,2453,2658
7045,43564,3501,21058,2471,40060,5113,2453,2660
7050,43595,3505,21073,2474,40088,5115,2453,2662
7055,43626,3508,21089,2476,40115,5117,2454,2663
7060,43657,3513,21109,2480,40143,5119,2455,2664
7065,43688,3513,21124,2480,40175,5121,2456,2665
7070,43719,3513,21136,2480,40206,5123,2458,2665
7075,43750,3513,21151,2480,40236,5125,2459,2666
7080,43781,3513,21166,2480,40267,5127,2460,2667
7085,43812,3513,21183,2480,40298,5128,2461,2667
7090,43843,3513,21199,2480,40330,5129,2462,2667
7095,43874,3513,21211,2480,40361,5130,2463,2667
7100,43905,3513,21225,2480,40392,5131,2463,2668
7105,43936,3513,21234,2480,40423,5132,2464,2668
7110,43967,3514,21245,2480,40453,5133,2464,2669
7115,43998,3515,21262,2481,40482,5134,2465,2669
7120,44029,3516,21277,2481,40513,5135,2466,2669
7125,44060,3517,21290,2481,40543,5137,2467,2670
7130,44091,3518,21305,2481,40573,5140,2470,2670
7135,44122,3519,21322,2482,40603,5143,2472,2671
7140,44153,3520,21339,2482,40633,5146,2474,2672
7145,44184,3522,21358,2483,40662,5149,2477,2672
7150,44215,3524,21376,2485,40691,5152,2480,2672
7155,44246,3526,21386,2485,40720,5155,2481,2674
7160,44277,3528,21405,2485,40749,5158,2484,2674
7165,44308,3531,21419,2487,40775,5161,2486,2675
7170,44339,3537,21432,2491,40801,5164,2487,2677
7175,44370,3543,21450,2497,40825,5167,2489,2678
7180,44401,3550,21473,2504,40848,5170,2492,2678
7185,44432,3558,21487,2509,40873,5174,2495,2679
7190,44463,3562,21505,2512,40899,5178,2498,2680
7195,44494,3570,21519,2518,40923,5182,2499,2683
7200,44525,3577,21536,2524,40944,5186,2501,2685
7205,44556,3585,21550,2530,40970,5190,2503,2687
7210,44587,3586,21562,2530,41001,5194,2504,2690
7215,44618,3588,21577,2531,41030,5198,2507,2691
7220,44649,3589,21591,2531,41059,5202,2511,2691
7225,44680,3590,21604,2531,41090,5206,2512,2694
7230,44711,3591,21617,2531,41118,5210,2513,2697
7235,44742,3593,21629,2533,41149,5214,2515,2699
7240,44773,3594,21641,2534,41178,5218,2515,2703
7245,44804,3596,21651,2535,41207,5222,2517,2705
7250,44835,3597,21666,2536,41237,5226,2519,2707
7255,44866,3597,21675,2536,41268,5230,2522,2708
7260,44897,3597,21693,2536,41300,5234,2526,2708
7265,44928,3597,21707,2536,41331,5238,2527,2711
7270,44959,3597,21728,2536,41361,5242,2530,2712
7275,44990,3597,21745,2536,41392,5246,2534,2712
7280,45021,3597,21764,2536,41424,5250,2537,2713
7285,45052,3597,21775,2536,41455,5254,2537,2717
7290,45083,3597,21786,2536,41485,5258,2537,2721
7295,45114,3597,21800,2536,41517,5262,2538,2724
7300,45145,3597,21813,2536,41548,5266,2539,2727
7305,45176,3597,21828,2536,41579,5270,2541,2729
7310,45207,3598,21841,2537,41609,5274,2542,2732
7315,45238,3602,21860,2541,41636,5278,2544,2734
7320,45269,3604,21872,2542,41665,5282,2546,2736
7325,45300,3608,21886,2545,41692,5285,2548,2737
7330,45331,3611,21898,2547,41720,5288,2549,2739
7335,45362,3616,21920,2551,41746,5291,2551,2740
7340,45393,3620,21934,2554,41773,5294,2554,2740
7345,45424,3625,21951,2558,41799,5297,2556,2741
7350,45455,3630,21965,2563,41825,5300,2558,2742
7355,45486,3634,21976,2564,41852,5303,2558,2745
7360,45517,3636,21992,2564,41881,5306,2561,2745
7365,45548,3639,22008,2566,41907,5309,2562,2747
7370,45579,3643,22025,2570,41933,5312,2564,2748
7375,45610,3651,22044,2577,41957,5315,2565,2750
7380,45641,3653,22062,2578,41987,5318,2567,2751
7385,45672,3654,22074,2578,42017,5321,2568,2753
7390,45703,3655,22085,2578,42047,5324,2570,2754
7395,45734,3656,22100,2579,42077,5327,2571,2756
7400,45765,3657,22112,2579,42108,5330,2573,2757
7405,45796,3658,22132,2580,42137,5333,2575,2758
7410,45827,3659,22147,2580,42167,5336,2577,2759
7415,45858,3660,22164,2581,42198,5339,2580,2759
7420,45889,3661,22183,2581,42228,5342,2582,2760
7425,45920,3662,22201,2581,42255,5346,2585,2761
7430,45951,3663,22220,2582,42286,5350,2587,2763
7435,45982,3664,22234,2583,42317,5354,2589,2765
7440,46013,3665,22249,2583,42347,5358,2591,2767
7445,46044,3666,22263,2583,42378,5362,2593,2769
7450,46075,3668,22274,2585,42407,5366,2595,2771
7455,46106,3669,22288,2585,42437,5370,2598,2772
7460,46137,3671,22305,2587,42466,5374,2599,2775
7465,46168,3672,22320,2588,42496,5378,2601,2777
7470,46199,3675,22338,2590,42524,5382,2604,2778
7475,46230,3678,22353,2592,42552,5386,2606,2780
7480,46261,3682,22370,2594,42579,5390,2609,2781
7485,46292,3686,22388,2597,42605,5394,2610,2784
7490,46323,3691,22403,2601,42631,5398,2614,2784
7495,46354,3696,22421,2603,42657,5402,2616,2786
7500,46385,3702,22435,2608,42682,5406,2618,2788
7505,46416,3706,22448,2609,42709,5410,2620,2790
7510,46447,3710,22467,2612,42736,5414,2622,2792
7515,46478,3716,22479,2616,42762,5418,2625,2793
7520,46509,3720,22492,2618,42789,5422,2627,2795
7525,46540,3724,22507,2621,42815,5426,2629,2797
7530,46571,3730,22521,2626,42840,5430,2631,2799
7535,46602,3737,22539,2631,42864,5434,2633,2801
7540,46633,3739,22551,2632,42894,5438,2635,2803
7545,46664,3741,22566,2634,42923,5442,2637,2805
7550,46695,3741,22583,2634,42954,5446,2638,2808
7555,46726,3741,22599,2634,42985,5450,2640,2810
7560,46757,3741,22614,2634,43015,5454,2642,2812
7565,46788,3741,22632,2634,43046,5457,2644,2813
7570,46819,3741,22641,2634,43077,5460,2645,2815
7575,46850,3741,22655,2634,43108,5463,2647,2816
7580,46881,3741,22669,2634,43139,5466,2648,2818
7585,46912,3741,22686,2634,43169,5469,2649,2820
7590,46943,3741,22704,2634,43200,5472,2652,2820
7595,46974,3741,22722,2634,43231,5475,2655,2820
7600,47005,3741,22739,2634,43264,5478,2657,2821
7605,47036,3741,22749,2634,43295,5481,2659,2822
7610,47067,3742,22764,2635,43324,5484,2660,2824
7615,47098,3743,22779,2635,43354,5487,2660,2827
7620,47129,3744,22794,2636,43383,5490,2662,2828
7625,47160,3745,22805,2636,43415,5493,2663,2830
7630,47191,3746,22816,2636,43445,5496,2665,2831
7635,47222,3747,22835,2637,43475,5499,2667,2832
7640,47253,3748,22851,2637,43505,5502,2668,2834
7645,47284,3750,22862,2639,43534,5505,2668,2837
7650,47315,3752,22876,2640,43563,5508,2670,2838
7655,47346,3755,22890,2642,43591,5511,2671,2840
7660,47377,3758,22904,2644,43619,5514,2672,2842
7665,47408,3762,22917,2646,43646,5518,2674,2844
7670,47439,3765,22927,2647,43673,5522,2676,2846
7675,47470,3769,22940,2650,43701,5526,2677,2849
7680,47501,3773,22956,2653,43728,5530,2679,2851
7685,47532,3776,22965,2654,43755,5533,2679,2854
7690,47563,3780,22975,2655,43782,5536,2680,2856
7695,47594,3786,22990,2659,43807,5539,2682,2857
7700,47625,3791,23008,2663,43833,5542,2684,2858
7705,47656,3797,23023,2668,43859,5545,2686,2859
7710,47687,3802,23041,2671,43883,5548,2688,2860
7715,47718,3809,23059,2678,43908,5551,2690,2861
7720,47749,3815,23077,2683,43934,5554,2692,2862
7725,47780,3819,23093,2686,43960,5557,2695,2862
7730,47811,3823,23110,2689,43985,5560,2696,2864
7735,47842,3829,23127,2694,44009,5563,2698,2865
7740,47873,3831,23140,2695,44040,5566,2699,2867
7745,47904,3833,23149,2697,44069,5569,2699,2870
7750,47935,3835,23161,2698,44099,5572,2700,2872
7755,47966,3836,23178,2699,44130,5575,2701,2874
7760,47997,3836,23192,2699,44160,5578,2702,2876
7765,48028,3836,23206,2699,44191,5581,2704,2877
7770,48059,3836,23224,2699,44222,5584,2706,2878
7775,48090,3836,23236,2699,44253,5587,2708,2879
7780,48121,3836,23254,2699,44284,5590,2710,2880
7785,48152,3836,23273,2699,44316,5594,2713,2881
7790,48183,3836,23290,2699,44347,5598,2716,2882
7795,48214,3836,23300,2699,44378,5602,2717,2885
7800,48245,3836,23314,2699,44409,5606,2718,2888
7805,48276,3836,23331,2699,44440,5610,2720,2890
7810,48307,3836,23343,2699,44471,5614,2721,2893
7815,48338,3836,23359,2699,44502,5618,2723,2895
7820,48369,3836,23374,2699,44533,5622,2725,2897
7825,48400,3837,23385,2699,44562,5626,2726,2900
7830,48431,3839,23400,2701,44591,5630,2727,2903
7835,48462,3841,23417,2703,44620,5634,2730,2904
7840,48493,3843,23432,2704,44650,5638,2732,2906
7845,48524,3846,23448,2707,44677,5642,2734,2908
7850,48555,3851,23464,2712,44704,5646,2736,2910
7855,48586,3855,23475,2715,44730,5650,2737,2913
7860,48617,3860,23490,2719,44756,5654,2740,2914
7865,48648,3865,23505,2723,44782,5657,2743,2914
7870,48679,3868,23523,2724,44811,5660,2744,2916
7875,48710,3870,23538,2725,44840,5663,2745,2918
7880,48741,3872,23556,2726,44869,5666,2747,2919
7885,48772,3875,23571,2729,44897,5669,2747,2922
7890,48803,3878,23582,2730,44925,5672,2749,2923
7895,48834,3881,23599,2732,44953,5675,2751,2924
7900,48865,3885,23608,2734,44980,5678,2752,2926
7905,48896,3889,23620,2737,45006,5681,2754,2927
7910,48927,3893,23632,2740,45031,5684,2754,2930
7915,48958,3897,23649,2743,45057,5687,2756,2931
7920,48989,3901,23657,2746,45087,5690,2757,2933
7925,49020,3904,23679,2749,45113,5693,2758,2935
7930,49051,3909,23694,2753,45141,5696,2760,2936
7935,49082,3913,23710,2757,45169,5699,2763,2936
7940,49113,3916,23730,2760,45196,5702,2765,2937
7945,49144,3917,23743,2761,45227,5705,2767,2938
7950,49175,3917,23763,2761,45258,5708,2769,2939
7955,49206,3917,23775,2761,45289,5711,2772,2939
7960,49237,3917,23793,2761,45320,5714,2775,2939
7965,49268,3917,23807,2761,45350,5718,2775,2943
7970,49299,3917,23821,2761,45381,5722,2776,2946
7975,49330,3919,23833,2762,45410,5726,2778,2948
7980,49361,3920,23848,2763,45440,5730,2780,2950
7985,49392,3922,23865,2764,45469,5733,2783,2950
7990,49423,3924,23883,2766,45499,5736,2784,2952
7995,49454,3925,23895,2766,45529,5739,2785,2954
8000,49485,3926,23909,2766,45558,5742,2786,2956
8005,49516,3928,23924,2768,45586,5745,2788,2957
8010,49547,3931,23939,2770,45615,5748,2788,2960
8015,49578,3933,23951,2772,45644,5751,2789,2962
8020,49609,3937,23969,2775,45671,5754,2791,2963
8025,49640,3941,23982,2779,45698,5757,2793,2964
8030,49671,3942,24000,2780,45728,5760,2794,2966
8035,49702,3942,24017,2780,45759,5763,2796,2967
8040,49733,3944,24031,2781,45788,5766,2797,2969
8045,49764,3945,24044,2782,45819,5769,2798,2971
8050,49795,3949,24060,2784,45844,5772,2801,2971
8055,49826,3954,24074,2788,45871,5775,2802,2973
8060,49857,3958,24086,2791,45899,5778,2804,2974
8065,49888,3962,24097,2794,45926,5781,2807,2974
8070,49919,3968,24113,2799,45950,5784,2807,2977
8075,49950,3973,24129,2803,45976,5787,2809,2978
8080,49981,3977,24148,2805,46004,5790,2810,2980
8085,50012,3979,24159,2806,46033,5793,2810,2983
8090,50043,3981,24170,2807,46062,5797,2812,2985
8095,50074,3984,24184,2808,46090,5801,2814,2987
8100,50105,3986,24195,2808,46119,5805,2816,2989
8105,50136,3988,24208,2809,46148,5808,2817,2991
8110,50167,3991,24225,2811,46176,5811,2819,2992
8115,50198,3992,24236,2811,46206,5814,2820,2994
8120,50229,3993,24250,2812,46236,5817,2821,2996
8125,50260,3994,24270,2812,46266,5820,2823,2997
8130,50291,3995,24288,2812,46295,5823,2825,2998
8135,50322,3998,24303,2814,46323,5826,2826,3000
8140,50353,4001,24317,2815,46350,5829,2828,3001
8145,50384,4004,24333,2817,46379,5832,2831,3001
8150,50415,4006,24350,2818,46407,5835,2833,3002
8155,50446,4009,24364,2820,46436,5838,2834,3004
8160,50477,4011,24381,2821,46464,5841,2836,3005
8165,50508,4014,24396,2823,46493,5844,2837,3007
8170,50539,4018,24405,2826,46519,5847,2838,3009
8175,50570,4023,24418,2829,46546,5850,2838,3012
8180,50601,4026,24430,2830,46575,5853,2840,3013
8185,50632,4030,24448,2833,46602,5856,2842,3014
8190,50663,4031,24462,2834,46630,5859,2844,3015
8195,50694,4032,24478,2835,46662,5862,2845,3017
8200,50725,4033,24496,2836,46692,5865,2846,3019
8205,50756,4035,24512,2837,46720,5869,2847,3022
8210,50787,4037,24522,2838,46749,5873,2847,3026
8215,50818,4038,24543,2839,46780,5877,2849,3028
8220,50849,4040,24559,2841,46809,5881,2851,3030
8225,50880,4042,24576,2842,46838,5885,2853,3032
8230,50911,4044,24588,2843,46867,5889,2854,3035
8235,50942,4047,24600,2846,46895,5893,2856,3037
8240,50973,4049,24615,2847,46924,5897,2858,3039
8245,51004,4053,24631,2850,46951,5901,2859,3042
8250,51035,4054,24642,2851,46981,5905,2861,3044
8255,51066,4057,24661,2854,47009,5909,2864,3045
8260,51097,4060,24677,2856,47037,5913,2867,3046
8265,51128,4060,24689,2856,47068,5917,2868,3049
8270,51159,4060,24703,2856,47099,5921,2871,3050
8275,51190,4060,24722,2856,47130,5925,2874,3051
8280,51221,4060,24738,2856,47161,5929,2877,3052
8285,51252,4060,24749,2856,47192,5932,2877,3055
8290,51283,4061,24767,2857,47221,5935,2880,3055
8295,51314,4064,24782,2860,47249,5938,2881,3057
8300,51345,4065,24799,2860,47279,5941,2882,3059
8305,51376,4066,24811,2860,47310,5944,2884,3060
8310,51407,4067,24824,2861,47339,5947,2886,3061
8315,51438,4073,24843,2865,47361,5950,2888,3062
8320,51469,4077,24855,2868,47390,5953,2889,3064
8325,51500,4083,24870,2872,47414,5956,2890,3066
8330,51531,4087,24880,2874,47443,5959,2890,3069
8335,51562,4088,24894,2874,47473,5962,2891,3071
8340,51593,4089,24909,2875,47504,5965,2892,3073
8345,51624,4090,24922,2876,47534,5968,2894,3074
8350,51655,4091,24936,2877,47564,5971,2895,3076
8355,51686,4092,24951,2877,47593,5974,2895,3079
8360,51717,4093,24963,2877,47624,5977,2896,3081
8365,51748,4094,24979,2877,47653,5980,2898,3082
8370,51779,4095,24996,2878,47684,5983,2901,3082
8375,51810,4097,25011,2880,47712,5986,2903,3083
8380,51841,4099,25031,2881,47741,5989,2905,3084
8385,51872,4101,25046,2882,47771,5993,2907,3086
8390,51903,4104,25057,2884,47799,5997,2908,3089
8395,51934,4106,25072,2886,47828,6001,2910,3091
8400,51965,4109,25088,2888,47855,6005,2911,3094
8405,51996,4112,25103,2889,47884,6008,2912,3096
8410,52027,4115,25118,2891,47912,6011,2914,3097
8415,52058,4117,25134,2891,47941,6014,2917,3097
8420,52089,4121,25152,2894,47968,6017,2920,3097
8425,52120,4124,25160,2895,47996,6020,2922,3098
8430,52151,4128,25173,2898,48023,6023,2923,3100
8435,52182,4133,25188,2902,48049,6026,2925,3101
8440,52213,4137,25200,2904,48076,6029,2928,3101
8445,52244,4143,25220,2907,48100,6032,2930,3102
8450,52275,4148,25235,2910,48126,6035,2932,3103
8455,52306,4157,25258,2919,48148,6038,2933,3105
8460,52337,4162,25269,2924,48175,6041,2934,3107
8465,52368,4163,25283,2924,48205,6044,2935,3109
8470,52399,4164,25298,2925,48235,6047,2936,3111
8475,52430,4165,25311,2926,48265,6050,2937,3113
8480,52461,4166,25324,2927,48295,6053,2938,3115
8485,52492,4168,25340,2928,48324,6056,2939,3117
8490,52523,4170,25351,2929,48352,6059,2940,3119
8495,52554,4172,25362,2930,48381,6062,2940,3122
8500,52585,4177,25375,2935,48408,6065,2940,3125
8505,52616,4181,25392,2938,48434,6069,2942,3127
8510,52647,4181,25403,2938,48466,6073,2946,3127
8515,52678,4181,25418,2938,48495,6077,2948,3129
8520,52709,4181,25428,2938,48527,6081,2950,3131
8525,52740,4181,25439,2938,48559,6085,2952,3133
8530,52771,4181,25458,2938,48590,6089,2954,3135
8535,52802,4181,25473,2938,48620,6093,2955,3138
8540,52833,4181,25488,2938,48652,6097,2957,3140
8545,52864,4181,25504,2938,48682,6101,2959,3142
8550,52895,4181,25522,2938,48714,6105,2960,3145
8555,52926,4181,25536,2938,48744,6109,2961,3148
8560,52957,4181,25549,2938,48776,6113,2963,3150
8565,52988,4182,25562,2938,48806,6117,2963,3154
8570,53019,4184,25579,2940,48834,6121,2966,3155
8575,53050,4186,25599,2942,48863,6125,2967,3158
8580,53081,4188,25613,2943,48892,6129,2969,3160
8585,53112,4190,25629,2944,48922,6133,2970,3163
8590,53143,4192,25640,2944,48951,6137,2972,3165
8595,53174,4194,25654,2945,48980,6141,2975,3166
8600,53205,4196,25666,2945,49009,6145,2975,3170
8605,53236,4198,25687,2946,49037,6149,2978,3171
8610,53267,4202,25701,2947,49065,6153,2981,3172
8615,53298,4205,25715,2949,49092,6157,2982,3175
8620,53329,4209,25732,2950,49120,6161,2985,3176
8625,53360,4212,25749,2952,49148,6165,2988,3177
8630,53391,4216,25762,2955,49175,6169,2990,3179
8635,53422,4220,25773,2956,49200,6173,2991,3182
8640,53453,4228,25786,2962,49224,6177,2993,3184
8645,53484,4235,25802,2969,49248,6180,2994,3186
8650,53515,4242,25821,2975,49273,6183,2996,3187
8655,53546,4247,25835,2978,49299,6186,2996,3190
8660,53577,4253,25853,2983,49324,6189,2998,3191
8665,53608,4257,25864,2986,49350,6192,2998,3194
8670,53639,4262,25876,2990,49376,6195,2998,3197
8675,53670,4268,25895,2996,49402,6198,3001,3197
8680,53701,4271,25913,2999,49430,6201,3001,3200
8685,53732,4272,25931,3000,49460,6204,3004,3200
8690,53763,4274,25951,3001,49488,6207,3006,3201
8695,53794,4276,25966,3002,49518,6210,3009,3201
8700,53825,4278,25982,3003,49547,6213,3012,3201
8705,53856,4278,25994,3003,49577,6216,3012,3204
8710,53887,4278,26011,3003,49606,6219,3013,3206
8715,53918,4278,26021,3003,49640,6222,3014,3208
8720,53949,4278,26034,3003,49671,6225,3015,3210
8725,53980,4278,26045,3003,49701,6228,3016,3212
8730,54011,4278,26058,3003,49731,6231,3018,3213
8735,54042,4278,26072,3003,49763,6234,3021,3213
8740,54073,4278,26087,3003,49794,6237,3022,3215
8745,54104,4278,26105,3003,49825,6241,3025,3216
8750,54135,4278,26119,3003,49856,6245,3027,3218
8755,54166,4278,26135,3003,49888,6249,3029,3220
8760,54197,4278,26149,3003,49918,6253,3029,3224
8765,54228,4278,26165,3003,49949,6257,3031,3226
8770,54259,4278,26177,3003,49981,6261,3033,3228
8775,54290,4278,26191,3003,50012,6265,3035,3230
8780,54321,4280,26203,3004,50041,6269,3036,3233
8785,54352,4283,26220,3006,50069,6273,3036,3237
8790,54383,4286,26231,3008,50097,6277,3036,3241
8795,54414,4288,26243,3009,50126,6281,3039,3242
8800,54445,4290,26257,3010,50154,6285,3039,3246
8805,54476,4294,26273,3014,50181,6289,3040,3249
8810,54507,4298,26287,3018,50209,6293,3040,3253
8815,54538,4303,26303,3022,50235,6297,3043,3254
8820,54569,4306,26314,3023,50263,6301,3044,3257
8825,54600,4310,26328,3025,50290,6304,3046,3258
8830,54631,4313,26341,3026,50318,6307,3047,3260
8835,54662,4316,26355,3028,50346,6310,3048,3262
8840,54693,4320,26373,3031,50373,6313,3049,3264
8845,54724,4325,26385,3034,50399,6316,3051,3265
8850,54755,4327,26399,3034,50428,6319,3052,3267
8855,54786,4329,26412,3035,50456,6322,3052,3270
8860,54817,4331,26422,3035,50485,6325,3052,3273
8865,54848,4334,26438,3037,50514,6328,3054,3274
8870,54879,4337,26457,3040,50540,6331,3055,3276
8875,54910,4340,26474,3041,50567,6334,3056,3278
8880,54941,4345,26483,3044,50596,6337,3056,3281
8885,54972,4349,26506,3047,50620,6340,3057,3283
8890,55003,4356,26523,3052,50645,6343,3058,3285
8895,55034,4357,26539,3052,50676,6346,3059,3287
8900,55065,4358,26554,3053,50706,6349,3060,3289
8905,55096,4360,26571,3054,50736,6352,3061,3291
8910,55127,4362,26586,3055,50764,6355,3062,3293
8915,55158,4363,26601,3055,50795,6358,3065,3293
8920,55189,4364,26610,3056,50825,6361,3067,3294
8925,55220,4366,26626,3057,50852,6364,3068,3296
8930,55251,4368,26636,3058,50882,6368,3068,3300
8935,55282,4371,26651,3061,50910,6372,3070,3302
8940,55313,4374,26670,3064,50939,6376,3074,3302
8945,55344,4374,26684,3064,50969,6378,3074,3304
8950,55375,4376,26695,3065,50998,6380,3074,3306
8955,55406,4378,26709,3066,51028,6382,3074,3308
8960,55437,4380,26725,3068,51056,6384,3076,3308
8965,55468,4382,26742,3070,51085,6386,3078,3308
8970,55499,4384,26758,3071,51114,6388,3079,3309
8975,55530,4386,26771,3073,51144,6390,3079,3311
8980,55561,4388,26787,3074,51171,6392,3080,3312
8985,55592,4394,26798,3079,51196,6394,3080,3314
8990,55623,4399,26817,3083,51223,6396,3081,3315
8995,55654,4399,26829,3083,51255,6398,3082,3316
9000,55685,4400,26840,3084,51283,6400,3083,3317
9005,55716,4401,26851,3085,51313,6402,3084,3318
9010,55747,4402,26863,3086,51345,6404,3085,3319
9015,55778,4403,26881,3086,51375,6406,3086,3320
9020,55809,4404,26895,3086,51405,6408,3087,3321
9025,55840,4406,26911,3087,51434,6410,3087,3323
9030,55871,4407,26924,3087,51464,6412,3087,3325
9035,55902,4409,26943,3088,51493,6414,3089,3325
9040,55933,4411,26951,3090,51522,6416,3089,3327
9045,55964,4414,26967,3092,51549,6420,3092,3328
9050,55995,4418,26980,3096,51575,6424,3093,3331
9055,56026,4423,26992,3099,51602,6428,3094,3334
9060,56057,4426,27002,3101,51630,6432,3095,3337
9065,56088,4430,27015,3104,51657,6436,3097,3339
9070,56119,4431,27031,3104,51688,6440,3098,3342
9075,56150,4432,27040,3104,51718,6444,3099,3345
9080,56181,4433,27054,3105,51748,6448,3101,3347
9085,56212,4434,27074,3106,51777,6452,3104,3348
9090,56243,4435,27087,3107,51807,6456,3105,3351
9095,56274,4436,27106,3107,51838,6460,3107,3353
9100,56305,4438,27116,3107,51867,6464,3107,3357
9105,56336,4440,27131,3107,51895,6468,3109,3359
9110,56367,4443,27145,3109,51924,6472,3112,3360
9115,56398,4446,27162,3111,51951,6476,3114,3362
9120,56429,4450,27179,3115,51977,6480,3114,3366
9125,56460,4457,27198,3120,52002,6484,3117,3367
9130,56491,4464,27213,3126,52026,6488,3118,3370
9135,56522,4469,27230,3130,52052,6492,3120,3372
9140,56553,4472,27245,3133,52081,6496,3123,3373
9145,56584,4474,27260,3135,52109,6500,3124,3376
9150,56615,4478,27277,3139,52137,6504,3126,3378
9155,56646,4478,27293,3139,52168,6508,3129,3379
9160,56677,4478,27312,3139,52199,6512,3131,3381
9165,56708,4478,27328,3139,52229,6516,3133,3383
9170,56739,4478,27339,3139,52261,6520,3136,3384
9175,56770,4479,27356,3140,52291,6524,3138,3386
9180,56801,4481,27372,3142,52319,6528,3140,3388
9185,56832,4484,27385,3145,52346,6531,3141,3390
9190,56863,4485,27401,3146,52377,6534,3142,3392
9195,56894,4487,27414,3148,52407,6537,3144,3393
9200,56925,4488,27428,3148,52437,6540,3146,3394
9205,56956,4489,27439,3149,52467,6543,3146,3397
9210,56987,4490,27452,3149,52497,6546,3147,3399
9215,57018,4491,27463,3149,52527,6549,3149,3400
9220,57049,4492,27476,3149,52557,6552,3150,3402
9225,57080,4493,27490,3150,52587,6555,3151,3404
9230,57111,4495,27505,3152,52616,6558,3153,3405
9235,57142,4496,27520,3153,52646,6561,3156,3405
9240,57173,4498,27532,3155,52675,6564,3158,3406
9245,57204,4500,27542,3156,52702,6567,3159,3408
9250,57235,4506,27557,3160,52728,6570,3160,3410
9255,57266,4511,27574,3164,52753,6573,3163,3410
9260,57297,4516,27591,3168,52778,6576,3164,3412
9265,57328,4520,27604,3171,52807,6579,3166,3413
9270,57359,4522,27618,3172,52837,6582,3167,3415
9275,57390,4524,27635,3172,52864,6585,3168,3417
9280,57421,4527,27649,3174,52894,6588,3171,3417
9285,57452,4529,27661,3174,52921,6592,3173,3419
9290,57483,4532,27683,3176,52948,6596,3176,3420
9295,57514,4535,27694,3177,52978,6600,3177,3423
9300,57545,4540,27702,3181,53004,6604,3177,3427
9305,57576,4544,27718,3184,53031,6608,3179,3429
9310,57607,4550,27733,3189,53054,6612,3179,3433
9315,57638,4552,27743,3191,53086,6616,3180,3436
9320,57669,4553,27753,3191,53114,6620,3182,3438
9325,57700,4554,27772,3192,53146,6624,3184,3440
9330,57731,4555,27787,3192,53175,6628,3186,3442
9335,57762,4556,27801,3192,53206,6632,3187,3445
9340,57793,4557,27815,3193,53236,6636,3188,3448
9345,57824,4558,27831,3194,53266,6640,3190,3450
9350,57855,4559,27844,3195,53296,6644,3191,3453
9355,57886,4560,27861,3196,53326,6648,3194,3454
9360,57917,4561,27876,3197,53356,6652,3195,3457
9365,57948,4564,27889,3198,53384,6656,3197,3459
9370,57979,4567,27900,3200,53412,6660,3198,3462
9375,58010,4570,27918,3203,53440,6664,3200,3464
9380,58041,4573,27938,3205,53468,6668,3203,3465
9385,58072,4577,27956,3208,53495,6672,3204,3468
9390,58103,4581,27969,3211,53522,6676,3206,3470
9395,58134,4583,27982,3212,53551,6680,3209,3471
9400,58165,4586,27996,3214,53579,6684,3210,3474
9405,58196,4588,28011,3215,53608,6688,3211,3477
9410,58227,4591,28028,3218,53636,6692,3212,3480
9415,58258,4593,28045,3220,53665,6696,3212,3484
9420,58289,4596,28065,3223,53689,6700,3215,3485
9425,58320,4602,28080,3228,53716,6704,3219,3485
9430,58351,4606,28099,3231,53742,6708,3221,3487
9435,58382,4609,28116,3233,53771,6712,3223,3489
9440,58413,4612,28128,3235,53798,6716,3225,3491
9445,58444,4616,28146,3239,53828,6720,3227,3493
9450,58475,4616,28158,3239,53858,6724,3230,3494
9455,58506,4616,28178,3239,53890,6728,3234,3494
9460,58537,4616,28194,3239,53919,6732,3235,3497
9465,58568,4616,28211,3239,53950,6736,3238,3498
9470,58599,4616,28222,3239,53981,6740,3239,3501
9475,58630,4616,28235,3239,54014,6744,3241,3503
9480,58661,4616,28251,3239,54045,6748,3244,3504
9485,58692,4616,28261,3239,54076,6750,3244,3506
9490,58723,4616,28276,3239,54107,6752,3244,3508
9495,58754,4616,28290,3239,54138,6754,3246,3508
9500,58785,4617,28301,3240,54168,6756,3247,3509
9505,58816,4619,28317,3241,54197,6758,3248,3510
9510,58847,4621,28331,3243,54225,6760,3249,3511
9515,58878,4622,28347,3243,54255,6762,3249,3513
9520,58909,4625,28364,3246,54283,6764,3251,3513
9525,58940,4627,28379,3248,54313,6766,3251,3515
9530,58971,4629,28392,3249,54342,6768,3251,3517
9535,59002,4632,28409,3252,54370,6770,3252,3518
9540,59033,4634,28422,3252,54399,6772,3254,3518
9545,59064,4637,28434,3255,54427,6774,3255,3519
9550,59095,4640,28454,3257,54454,6776,3257,3519
9555,59126,4646,28466,3262,54480,6778,3257,3521
9560,59157,4649,28483,3265,54508,6780,3257,3523
9565,59188,4652,28494,3266,54535,6782,3257,3525
9570,59219,4655,28506,3267,54564,6784,3258,3526
9575,59250,4657,28519,3268,54593,6786,3259,3527
9580,59281,4661,28532,3272,54619,6788,3260,3528
9585,59312,4667,28549,3277,54642,6792,3262,3530
9590,59343,4675,28564,3283,54667,6796,3265,3531
9595,59374,4680,28577,3287,54693,6800,3266,3534
9600,59405,4685,28590,3291,54720,6804,3268,3536
9605,59436,4688,28604,3293,54747,6808,3269,3539
9610,59467,4690,28619,3294,54776,6812,3271,3541
9615,59498,4691,28635,3295,54807,6816,3274,3542
9620,59529,4691,28652,3295,54838,6820,3277,3543
9625,59560,4691,28669,3295,54869,6824,3278,3546
9630,59591,4691,28689,3295,54900,6828,3281,3547
9635,59622,4691,28707,3295,54931,6832,3282,3550
9640,59653,4691,28722,3295,54962,6836,3285,3551
9645,59684,4691,28740,3295,54992,6840,3288,3552
9650,59715,4691,28754,3295,55022,6844,3291,3553
9655,59746,4691,28771,3295,55054,6848,3292,3556
9660,59777,4691,28785,3295,55085,6852,3294,3558
9665,59808,4692,28802,3295,55115,6856,3296,3560
9670,59839,4693,28816,3296,55143,6860,3298,3562
9675,59870,4694,28830,3297,55175,6864,3299,3565
9680,59901,4695,28837,3297,55206,6868,3300,3568
9685,59932,4696,28854,3298,55236,6872,3301,3571
9690,59963,4698,28863,3299,55264,6876,3302,3574
9695,59994,4699,28879,3300,55295,6880,3304,3576
9700,60025,4700,28893,3301,55325,6884,3306,3578
9705,60056,4701,28913,3302,55354,6888,3308,3580
9710,60087,4704,28927,3303,55383,6892,3310,3582
9715,60118,4706,28944,3304,55412,6896,3314,3582
9720,60149,4711,28957,3306,55438,6900,3316,3584
9725,60180,4714,28971,3308,55466,6903,3318,3585
9730,60211,4717,28987,3308,55494,6906,3319,3587
9735,60242,4721,29003,3311,55521,6909,3322,3587
9740,60273,4725,29014,3314,55548,6912,3322,3590
9745,60304,4729,29031,3316,55575,6915,3323,3592
9750,60335,4733,29047,3318,55602,6918,3325,3593
9755,60366,4739,29064,3322,55626,6921,3327,3594
9760,60397,4746,29078,3328,55651,6924,3327,3597
9765,60428,4749,29095,3331,55678,6927,3327,3600
9770,60459,4753,29112,3333,55705,6930,3329,3601
9775,60490,4758,29124,3337,55731,6933,3331,3602
9780,60521,4763,29142,3341,55756,6936,3334,3602
9785,60552,4770,29159,3348,55781,6938,3334,3604
9790,60583,4773,29172,3351,55809,6940,3335,3605
9795,60614,4775,29184,3352,55838,6942,3336,3606
9800,60645,4776,29199,3353,55868,6944,3337,3607
9805,60676,4777,29218,3354,55898,6946,3338,3608
9810,60707,4778,29234,3354,55929,6948,3339,3609
9815,60738,4779,29253,3354,55955,6950,3339,3611
9820,60769,4783,29270,3357,55983,6952,3339,3613
9825,60800,4787,29286,3360,56011,6955,3341,3614
9830,60831,4788,29305,3361,56041,6958,3344,3614
9835,60862,4788,29319,3361,56073,6961,3346,3615
9840,60893,4788,29331,3361,56104,6964,3346,3618
9845,60924,4788,29346,3361,56135,6967,3347,3620
9850,60955,4788,29357,3361,56166,6970,3347,3623
9855,60986,4788,29372,3361,56198,6973,3348,3625
9860,61017,4788,29387,3361,56229,6976,3349,3627
9865,61048,4788,29401,3361,56259,6979,3350,3629
9870,61079,4788,29412,3361,56291,6982,3352,3630
9875,61110,4788,29427,3361,56322,6985,3354,3631
9880,61141,4788,29437,3361,56353,6988,3356,3632
9885,61172,4789,29452,3362,56383,6991,3357,3634
9890,61203,4790,29466,3362,56413,6995,3358,3637
9895,61234,4792,29480,3362,56441,6999,3360,3639
9900,61265,4795,29494,3365,56468,7003,3362,3641
9905,61296,4799,29509,3369,56497,7007,3363,3644
9910,61327,4801,29527,3371,56525,7011,3365,3646
9915,61358,4805,29544,3374,56552,7015,3368,3647
9920,61389,4808,29555,3377,56581,7019,3371,3648
9925,61420,4811,29573,3379,56608,7023,3373,3650
9930,61451,4815,29586,3383,56634,7027,3375,3652
9935,61482,4825,29602,3392,56656,7031,3377,3654
9940,61513,4831,29618,3396,56681,7035,3380,3655
9945,61544,4836,29632,3400,56707,7039,3382,3657
9950,61575,4841,29651,3404,56733,7043,3384,3659
9955,61606,4846,29667,3407,56759,7047,3387,3660
9960,61637,4850,29681,3411,56787,7051,3390,3661
9965,61668,4853,29694,3413,56813,7055,3392,3663
9970,61699,4858,29709,3417,56840,7059,3395,3664
9975,61730,4860,29724,3419,56869,7063,3397,3666
9980,61761,4862,29737,3421,56898,7067,3400,3667
9985,61792,4864,29754,3423,56926,7071,3401,3670
9990,61823,4866,29769,3425,56955,7075,3403,3672
9995,61854,4867,29780,3426,56986,7079,3405,3674
10000,61885,4868,29792,3427,57017,7083,3408,3675
10005,61916,4868,29806,3427,57047,7087,3408,3679
10010,61947,4868,29821,3427,57079,7091,3410,3681
10015,61978,4868,29842,3427,57109,7095,3413,3682
10020,62009,4868,29854,3427,57141,7099,3415,3684
10025,62040,4868,29867,3427,57171,7101,3415,3686
10030,62071,4868,29887,3427,57202,7103,3416,3687
10035,62102,4868,29903,3427,57234,7105,3417,3688
10040,62133,4868,29920,3427,57265,7107,3417,3690
10045,62164,4868,29935,3427,57295,7109,3417,3692
10050,62195,4868,29948,3427,57326,7111,3417,3694
10055,62226,4869,29964,3428,57355,7113,3418,3695
10060,62257,4873,29974,3431,57384,7115,3419,3696
10065,62288,4874,29988,3432,57413,7117,3420,3697
10070,62319,4876,30003,3434,57442,7119,3420,3699
10075,62350,4879,30014,3436,57471,7121,3420,3701
10080,62381,4882,30029,3437,57498,7123,3421,3702
10085,62412,4888,30044,3443,57523,7125,3421,3704
10090,62443,4892,30057,3446,57550,7127,3421,3706
10095,62474,4897,30069,3449,57576,7129,3421,3708
10100,62505,4902,30087,3453,57603,7131,3421,3710
10105,62536,4905,30102,3455,57631,7133,3423,3710
10110,62567,4907,30121,3456,57660,7135,3424,3711
10115,62598,4910,30134,3457,57688,7137,3425,3712
10120,62629,4912,30144,3457,57717,7139,3426,3713
10125,62660,4916,30160,3460,57744,7143,3429,3714
10130,62691,4919,30172,3462,57772,7147,3431,3716
10135,62722,4924,30191,3466,57796,7151,3435,3716
10140,62753,4930,30208,3471,57820,7155,3436,3719
10145,62784,4931,30219,3471,57853,7159,3436,3723
10150,62815,4932,30232,3471,57883,7163,3436,3727
10155,62846,4933,30246,3472,57913,7167,3438,3729
10160,62877,4934,30261,3473,57943,7171,3441,3730
10165,62908,4935,30271,3474,57973,7175,3442,3733
10170,62939,4936,30284,3475,58003,7179,3443,3736
10175,62970,4937,30296,3476,58033,7183,3444,3739
10180,63001,4938,30315,3477,58063,7187,3447,3740
10185,63032,4939,30326,3478,58093,7191,3449,3742
10190,63063,4940,30342,3478,58123,7195,3452,3743
10195,63094,4942,30357,3479,58151,7199,3454,3745
10200,63125,4944,30374,3481,58180,7203,3456,3747
10205,63156,4945,30391,3481,58208,7207,3458,3749
10210,63187,4950,30409,3486,58235,7211,3461,3750
10215,63218,4954,30420,3489,58263,7215,3463,3752
10220,63249,4957,30432,3490,58291,7219,3464,3755
10225,63280,4960,30446,3493,58318,7223,3466,3757
10230,63311,4964,30458,3496,58344,7227,3468,3759
10235,63342,4968,30473,3500,58374,7231,3470,3761
10240,63373,4971,30485,3502,58401,7235,3473,3762
10245,63404,4977,30503,3508,58424,7239,3474,3765
10250,63435,4981,30518,3510,58454,7243,3476,3767
10255,63466,4985,30535,3513,58481,7247,3478,3769
10260,63497,4988,30550,3514,58509,7251,3480,3771
10265,63528,4989,30566,3515,58539,7254,3481,3773
10270,63559,4991,30580,3516,58567,7257,3482,3775
10275,63590,4993,30594,3517,58597,7260,3482,3778
10280,63621,4994,30610,3517,58627,7263,3484,3779
10285,63652,4995,30622,3518,58656,7266,3485,3781
10290,63683,4996,30636,3518,58686,7269,3485,3784
10295,63714,4997,30648,3518,58717,7272,3485,3787
10300,63745,4998,30665,3519,58746,7275,3488,3787
10305,63776,5000,30683,3520,58776,7278,3490,3788
10310,63807,5001,30696,3520,58806,7281,3493,3788
10315,63838,5003,30714,3521,58835,7284,3495,3789
10320,63869,5004,30727,3522,58865,7287,3497,3790
10325,63900,5006,30743,3524,58894,7290,3498,3792
10330,63931,5008,30758,3526,58923,7293,3500,3793
10335,63962,5010,30775,3527,58951,7296,3500,3796
10340,63993,5013,30790,3530,58980,7299,3502,3797
10345,64024,5015,30807,3532,59008,7302,3505,3797
10350,64055,5015,30822,3532,59040,7305,3507,3798
10355,64086,5016,30840,3532,59070,7308,3509,3799
10360,64117,5017,30854,3532,59100,7311,3511,3800
10365,64148,5018,30874,3532,59128,7315,3514,3801
10370,64179,5020,30889,3533,59159,7319,3516,3803
10375,64210,5022,30905,3534,59188,7323,3517,3806
10380,64241,5024,30919,3535,59216,7327,3518,3809
10385,64272,5026,30930,3536,59245,7331,3519,3812
10390,64303,5028,30948,3537,59274,7335,3521,3814
10395,64334,5030,30961,3538,59304,7339,3524,3815
10400,64365,5032,30977,3538,59333,7343,3527,3816
10405,64396,5035,30991,3539,59361,7347,3529,3818
10410,64427,5039,31009,3542,59385,7351,3531,3820
10415,64458,5042,31027,3545,59415,7355,3533,3822
10420,64489,5045,31042,3548,59442,7359,3535,3824
10425,64520,5049,31056,3551,59470,7363,3536,3827
10430,64551,5054,31075,3554,59497,7367,3540,3827
10435,64582,5057,31093,3557,59523,7371,3542,3829
10440,64613,5060,31105,3558,59550,7375,3544,3831
10445,64644,5063,31117,3561,59581,7379,3545,3834
10450,64675,5065,31135,3562,59610,7383,3547,3836
10455,64706,5067,31153,3563,59639,7387,3550,3837
10460,64737,5070,31174,3564,59665,7391,3552,3839
10465,64768,5074,31189,3567,59692,7395,3554,3841
10470,64799,5077,31201,3569,59721,7399,3556,3843
10475,64830,5081,31221,3572,59747,7403,3558,3845
10480,64861,5083,31236,3573,59778,7407,3562,3845
10485,64892,5084,31249,3574,59808,7411,3564,3847
10490,64923,5085,31270,3574,59838,7415,3567,3848
10495,64954,5086,31283,3574,59868,7419,3569,3850
10500,64985,5087,31298,3574,59898,7423,3570,3853
10505,65016,5088,31313,3575,59928,7427,3572,3855
10510,65047,5089,31326,3575,59958,7431,3572,3859
10515,65078,5091,31338,3576,59987,7435,3573,3862
10520,65109,5093,31350,3577,60016,7439,3574,3865
10525,65140,5094,31364,3577,60045,7443,3577,3866
10530,65171,5096,31379,3578,60075,7447,3579,3868
10535,65202,5098,31393,3579,60103,7451,3580,3871
10540,65233,5099,31410,3579,60133,7455,3583,3872
10545,65264,5102,31423,3581,60162,7459,3587,3872
10550,65295,5108,31442,3586,60184,7463,3588,3875
10555,65326,5114,31460,3591,60206,7467,3591,3876
10560,65357,5120,31469,3596,60236,7471,3591,3880
10565,65388,5122,31486,3597,60264,7473,3592,3881
10570,65419,5126,31504,3601,60290,7475,3594,3881
10575,65450,5130,31523,3604,60318,7477,3595,3882
10580,65481,5131,31537,3605,60348,7479,3595,3884
10585,65512,5135,31548,3609,60377,7481,3596,3885
10590,65543,5136,31563,3609,60407,7483,3597,3886
10595,65574,5137,31581,3610,60436,7485,3598,3887
10600,65605,5138,31597,3611,60467,7487,3599,3888
10605,65636,5139,31614,3612,60495,7489,3599,3890
10610,65667,5140,31629,3613,60526,7491,3600,3891
10615,65698,5141,31648,3614,60556,7493,3601,3892
10620,65729,5142,31662,3614,60586,7495,3603,3892
10625,65760,5143,31674,3614,60616,7496,3603,3893
10630,65791,5144,31688,3615,60646,7497,3603,3894
10635,65822,5146,31706,3617,60676,7498,3603,3895
10640,65853,5147,31718,3618,60706,7499,3604,3895
10645,65884,5149,31740,3620,60735,7500,3605,3895
10650,65915,5151,31753,3621,60764,7501,3606,3895
10655,65946,5152,31761,3622,60794,7502,3606,3896
10660,65977,5154,31781,3624,60823,7503,3606,3897
10665,66008,5156,31795,3625,60852,7505,3606,3899
10670,66039,5160,31811,3629,60878,7508,3608,3900
10675,66070,5164,31825,3632,60905,7511,3610,3901
10680,66101,5167,31840,3635,60934,7514,3611,3903
10685,66132,5169,31855,3637,60963,7517,3612,3905
10690,66163,5170,31870,3637,60993,7520,3614,3906
10695,66194,5171,31879,3637,61022,7523,3616,3907
10700,66225,5174,31892,3639,61049,7526,3617,3909
10705,66256,5178,31908,3642,61077,7529,3619,3910
10710,66287,5183,31926,3646,61102,7532,3619,3913
10715,66318,5188,31942,3651,61128,7535,3621,3914
10720,66349,5193,31955,3655,61155,7538,3621,3917
10725,66380,5196,31967,3657,61183,7542,3622,3920
10730,66411,5200,31980,3660,61209,7546,3623,3923
10735,66442,5207,31995,3665,61232,7550,3624,3926
10740,66473,5212,32010,3669,61259,7554,3627,3927
10745,66504,5216,32025,3672,61288,7558,3629,3929
10750,66535,5219,32040,3674,61316,7562,3632,3930
10755,66566,5219,32050,3674,61347,7566,3634,3932
10760,66597,5219,32066,3674,61378,7570,3635,3935
10765,66628,5219,32081,3674,61409,7574,3636,3938
10770,66659,5219,32098,3674,61440,7578,3640,3938
10775,66690,5219,32114,3674,61470,7582,3641,3941
10780,66721,5219,32131,3674,61501,7586,3644,3942
10785,66752,5220,32146,3675,61530,7590,3646,3944
10790,66783,5221,32158,3676,61560,7594,3648,3946
10795,66814,5222,32173,3677,61591,7598,3650,3948
10800,66845,5223,32191,3678,61620,7602,3652,3950
10805,66876,5224,32207,3679,61652,7605,3654,3951
10810,66907,5225,32221,3680,61682,7608,3656,3952
10815,66938,5226,32236,3680,61711,7611,3658,3953
10820,66969,5227,32248,3681,61741,7614,3659,3955
10825,67000,5229,32267,3683,61770,7617,3661,3956
10830,67031,5231,32283,3685,61800,7620,3661,3959
10835,67062,5233,32302,3686,61829,7623,3663,3960
10840,67093,5234,32318,3687,61859,7626,3665,3961
10845,67124,5235,32330,3687,61889,7629,3668,3961
10850,67155,5237,32347,3687,61916,7632,3670,3962
10855,67186,5241,32367,3691,61944,7635,3671,3964
10860,67217,5244,32379,3693,61972,7638,3673,3965
10865,67248,5248,32394,3696,61999,7641,3674,3967
10870,67279,5252,32407,3697,62025,7644,3677,3967
10875,67310,5258,32424,3701,62052,7647,3680,3967
10880,67341,5263,32440,3704,62077,7650,3680,3970
10885,67372,5267,32454,3708,62104,7653,3683,3970
10890,67403,5271,32467,3711,62132,7656,3685,3971
10895,67434,5274,32482,3713,62159,7659,3687,3972
10900,67465,5278,32495,3716,62187,7662,3689,3973
10905,67496,5280,32512,3717,62215,7666,3692,3974
10910,67527,5283,32525,3719,62242,7670,3693,3977
10915,67558,5290,32539,3726,62266,7674,3694,3980
10920,67589,5296,32559,3730,62293,7678,3696,3982
10925,67620,5299,32579,3732,62320,7682,3698,3984
10930,67651,5301,32593,3733,62348,7686,3700,3986
10935,67682,5306,32608,3737,62374,7690,3702,3988
10940,67713,5307,32617,3738,62405,7694,3703,3991
10945,67744,5307,32634,3738,62436,7698,3706,3992
10950,67775,5307,32646,3738,62467,7702,3709,3993
10955,67806,5307,32661,3738,62497,7706,3712,3994
10960,67837,5307,32672,3738,62529,7710,3714,3996
10965,67868,5307,32686,3738,62561,7714,3717,3997
10970,67899,5307,32702,3738,62590,7718,3720,3998
10975,67930,5307,32720,3738,62622,7722,3721,4001
10980,67961,5307,32731,3738,62654,7726,3722,4004
10985,67992,5307,32747,3738,62684,7730,3725,4005
10990,68023,5307,32766,3738,62715,7734,3727,4007
10995,68054,5308,32778,3738,62746,7738,3730,4008
11000,68085,5309,32793,3739,62776,7742,3731,4011
11005,68116,5310,32805,3740,62806,7746,3731,4015
11010,68147,5311,32818,3741,62836,7750,3733,4017
11015,68178,5312,32836,3742,62866,7754,3736,4018
11020,68209,5313,32846,3742,62896,7758,3737,4021
11025,68240,5314,32862,3742,62926,7762,3740,4022
11030,68271,5315,32879,3743,62955,7766,3743,4023
11035,68302,5316,32889,3743,62985,7770,3744,4026
11040,68333,5322,32905,3749,63010,7774,3745,4029
11045,68364,5326,32917,3751,63038,7778,3748,4030
11050,68395,5329,32930,3752,63065,7782,3750,4032
11055,68426,5334,32942,3755,63092,7786,3752,4034
11060,68457,5338,32963,3759,63119,7790,3755,4035
11065,68488,5342,32981,3763,63145,7794,3757,4037
11070,68519,5346,32995,3766,63172,7798,3759,4039
11075,68550,5350,33007,3769,63200,7802,3760,4042
11080,68581,5354,33021,3770,63226,7806,3761,4045
11085,68612,5359,33032,3774,63252,7810,3762,4048
11090,68643,5367,33048,3780,63274,7814,3764,4050
11095,68674,5373,33064,3785,63298,7818,3766,4052
11100,68705,5380,33079,3789,63321,7822,3768,4054
11105,68736,5387,33099,3796,63347,7825,3769,4056
11110,68767,5391,33113,3799,63375,7828,3770,4058
11115,68798,5394,33124,3802,63403,7831,3771,4060
11120,68829,5396,33140,3803,63431,7834,3772,4062
11125,68860,5397,33155,3803,63462,7837,3775,4062
11130,68891,5399,33167,3805,63492,7840,3776,4064
11135,68922,5400,33182,3805,63522,7843,3778,4065
11140,68953,5402,33195,3806,63551,7846,3780,4066
11145,68984,5403,33204,3806,63581,7849,3781,4068
11150,69015,5404,33219,3807,63609,7852,3782,4070
11155,69046,5404,33229,3807,63642,7855,3782,4073
11160,69077,5404,33242,3807,63672,7858,3784,4074
11165,69108,5404,33253,3807,63704,7860,3786,4074
11170,69139,5404,33267,3807,63735,7862,3787,4075
11175,69170,5404,33287,3807,63766,7864,3788,4076
11180,69201,5404,33299,3807,63797,7866,3789,4077
11185,69232,5404,33317,3807,63827,7868,3789,4079
11190,69263,5404,33330,3807,63859,7870,3791,4079
11195,69294,5404,33342,3807,63890,7872,3791,4081
11200,69325,5404,33355,3807,63920,7874,3791,4083
11205,69356,5404,33373,3807,63952,7877,3792,4085
11210,69387,5405,33385,3807,63981,7880,3794,4086
11215,69418,5408,33401,3810,64009,7883,3797,4086
11220,69449,5412,33414,3812,64035,7886,3799,4087
11225,69480,5416,33424,3814,64064,7889,3799,4090
11230,69511,5420,33443,3817,64089,7892,3800,4092
11235,69542,5427,33456,3823,64115,7895,3803,4092
11240,69573,5430,33471,3825,64143,7898,3805,4093
11245,69604,5433,33483,3827,64171,7901,3807,4094
11250,69635,5438,33494,3830,64196,7904,3807,4097
11255,69666,5444,33509,3835,64221,7907,3809,4098
11260,69697,5448,33525,3839,64249,7910,3811,4099
11265,69728,5451,33541,3841,64277,7914,3814,4100
11270,69759,5454,33556,3842,64305,7918,3815,4103
11275,69790,5455,33571,3843,64335,7922,3817,4105
11280,69821,5456,33585,3843,64364,7926,3818,4108
11285,69852,5457,33599,3843,64395,7930,3819,4111
11290,69883,5458,33613,3843,64425,7934,3819,4115
11295,69914,5459,33632,3843,64455,7938,3822,4116
11300,69945,5460,33646,3843,64485,7942,3823,4119
11305,69976,5461,33664,3844,64515,7946,3824,4122
11310,70007,5462,33683,3845,64545,7950,3826,4124
11315,70038,5464,33694,3846,64574,7954,3826,4128
11320,70069,5466,33713,3848,64603,7958,3830,4128
11325,70100,5468,33728,3850,64630,7962,3831,4131
11330,70131,5470,33742,3851,64660,7966,3832,4134
11335,70162,5472,33757,3853,64690,7970,3835,4135
11340,70193,5474,33773,3854,64719,7974,3836,4138
11345,70224,5475,33785,3855,64748,7977,3837,4140
11350,70255,5477,33802,3856,64777,7980,3839,4141
11355,70286,5479,33811,3857,64807,7983,3840,4143
11360,70317,5480,33823,3857,64836,7986,3840,4146
11365,70348,5484,33836,3861,64863,7989,3840,4149
11370,70379,5487,33853,3863,64890,7992,3843,4149
11375,70410,5490,33866,3864,64919,7995,3844,4151
11380,70441,5493,33881,3865,64943,7998,3846,4152
11385,70472,5497,33894,3868,64973,8001,3847,4154
11390,70503,5499,33910,3870,65003,8004,3849,4155
11395,70534,5502,33922,3871,65031,8007,3850,4157
11400,70565,5504,33942,3873,65060,8010,3852,4158
11405,70596,5506,33957,3874,65090,8013,3853,4160
11410,70627,5508,33973,3875,65119,8016,3854,4162
11415,70658,5510,33983,3876,65147,8019,3854,4165
11420,70689,5513,33996,3878,65175,8022,3855,4167
11425,70720,5516,34008,3879,65204,8025,3857,4168
11430,70751,5519,34021,3881,65231,8028,3858,4170
11435,70782,5524,34036,3885,65257,8031,3859,4172
11440,70813,5528,34051,3887,65283,8034,3860,4174
11445,70844,5533,34068,3891,65311,8038,3862,4176
11450,70875,5536,34087,3894,65339,8042,3864,4178
11455,70906,5539,34104,3896,65367,8046,3866,4180
11460,70937,5540,34117,3896,65397,8050,3868,4182
11465,70968,5541,34133,3897,65427,8054,3869,4185
11470,70999,5542,34149,3898,65457,8058,3871,4187
11475,71030,5544,34162,3900,65486,8062,3872,4190
11480,71061,5546,34178,3901,65515,8066,3874,4192
11485,71092,5548,34190,3902,65544,8070,3877,4193
11490,71123,5552,34204,3904,65571,8074,3880,4194
11495,71154,5555,34224,3907,65599,8078,3884,4194
11500,71185,5556,34239,3907,65629,8082,3885,4197
11505,71216,5557,34258,3908,65658,8086,3887,4199
11510,71247,5558,34267,3908,65688,8090,3889,4201
11515,71278,5559,34288,3909,65718,8094,3892,4202
11520,71309,5560,34304,3909,65747,8098,3892,4206
11525,71340,5561,34319,3909,65776,8101,3894,4207
11530,71371,5562,34335,3909,65807,8104,3896,4208
11535,71402,5563,34349,3910,65838,8107,3898,4209
11540,71433,5564,34358,3910,65866,8110,3898,4212
11545,71464,5565,34374,3910,65897,8113,3899,4214
11550,71495,5567,34387,3912,65926,8116,3900,4216
11555,71526,5570,34404,3913,65956,8119,3900,4219
11560,71557,5572,34418,3914,65985,8122,3901,4221
11565,71588,5575,34433,3916,66012,8125,3902,4223
11570,71619,5580,34452,3920,66038,8128,3904,4224
11575,71650,5585,34463,3923,66064,8131,3904,4227
11580,71681,5590,34479,3927,66090,8134,3904,4230
11585,71712,5593,34491,3929,66118,8137,3906,4231
11590,71743,5595,34504,3931,66148,8140,3906,4234
11595,71774,5596,34516,3932,66178,8143,3906,4237
11600,71805,5597,34530,3932,66208,8146,3907,4239
11605,71836,5598,34542,3932,66238,8149,3909,4240
11610,71867,5600,34559,3934,66266,8152,3910,4242
11615,71898,5603,34575,3937,66294,8155,3912,4243
11620,71929,5607,34591,3940,66321,8158,3913,4245
11625,71960,5611,34604,3943,66348,8161,3913,4248
11630,71991,5615,34621,3945,66376,8165,3916,4249
11635,72022,5618,34632,3947,66404,8169,3917,4252
11640,72053,5621,34644,3948,66432,8173,3919,4254
11645,72084,5623,34659,3949,66461,8176,3920,4256
11650,72115,5625,34672,3951,66490,8179,3922,4257
11655,72146,5628,34687,3954,66518,8182,3924,4258
11660,72177,5629,34702,3955,66548,8185,3926,4259
11665,72208,5632,34720,3958,66574,8188,3926,4262
11670,72239,5634,34733,3959,66603,8191,3927,4264
11675,72270,5637,34749,3961,66631,8194,3928,4266
11680,72301,5640,34766,3963,66659,8197,3930,4267
11685,72332,5643,34785,3966,66687,8200,3933,4267
11690,72363,5644,34796,3966,66717,8203,3934,4269
11695,72394,5645,34815,3967,66748,8206,3936,4270
11700,72425,5646,34832,3968,66777,8209,3937,4272
11705,72456,5647,34843,3969,66809,8211,3938,4273
11710,72487,5648,34865,3970,66839,8213,3940,4273
11715,72518,5649,34880,3971,66869,8215,3941,4274
11720,72549,5650,34898,3972,66899,8217,3941,4276
11725,72580,5651,34911,3973,66929,8219,3943,4276
11730,72611,5652,34926,3973,66959,8221,3945,4276
11735,72642,5653,34939,3974,66989,8223,3945,4278
11740,72673,5655,34955,3976,67018,8225,3945,4280
11745,72704,5657,34971,3978,67046,8228,3947,4281
11750,72735,5661,34992,3982,67072,8231,3949,4282
11755,72766,5666,35008,3986,67100,8234,3951,4283
11760,72797,5669,35029,3988,67128,8237,3954,4283
11765,72828,5672,35044,3991,67156,8240,3954,4286
11770,72859,5675,35061,3993,67184,8243,3955,4288
11775,72890,5678,35073,3995,67211,8246,3957,4289
11780,72921,5682,35092,3998,67238,8249,3957,4292
11785,72952,5686,35103,4001,67266,8252,3958,4294
11790,72983,5690,35118,4004,67293,8255,3959,4296
11795,73014,5695,35130,4007,67318,8258,3960,4298
11800,73045,5701,35146,4012,67342,8261,3960,4301
11805,73076,5709,35164,4020,67367,8265,3962,4303
11810,73107,5712,35176,4022,67395,8269,3963,4306
11815,73138,5713,35191,4023,67425,8273,3966,4307
11820,73169,5714,35207,4024,67453,8277,3968,4309
11825,73200,5716,35221,4025,67482,8281,3971,4310
11830,73231,5718,35235,4027,67512,8285,3972,4313
11835,73262,5720,35249,4028,67540,8289,3974,4315
11840,73293,5722,35265,4030,67570,8293,3977,4316
11845,73324,5724,35280,4031,67597,8297,3979,4318
11850,73355,5725,35296,4032,67630,8301,3982,4319
11855,73386,5725,35312,4032,67659,8305,3984,4321
11860,73417,5725,35324,4032,67692,8309,3986,4323
11865,73448,5725,35340,4032,67722,8313,3987,4326
11870,73479,5725,35354,4032,67754,8317,3989,4328
11875,73510,5725,35373,4032,67785,8321,3992,4329
11880,73541,5725,35390,4032,67815,8325,3995,4330
11885,73572,5725,35407,4032,67847,8328,3996,4332
11890,73603,5725,35425,4032,67877,8331,3997,4334
11895,73634,5725,35441,4032,67908,8334,3999,4335
11900,73665,5726,35460,4032,67938,8337,3999,4338
11905,73696,5727,35473,4032,67969,8340,4001,4339
11910,73727,5728,35484,4032,67998,8343,4001,4342
11915,73758,5732,35499,4036,68024,8346,4003,4343
11920,73789,5735,35511,4037,68052,8349,4005,4344
11925,73820,5740,35528,4040,68079,8352,4007,4345
11930,73851,5744,35543,4043,68106,8355,4010,4345
11935,73882,5747,35557,4045,68132,8358,4011,4347
11940,73913,5753,35571,4051,68160,8361,4012,4349
11945,73944,5756,35586,4054,68188,8364,4014,4350
11950,73975,5757,35598,4054,68218,8367,4016,4351
11955,74006,5762,35615,4058,68244,8370,4017,4353
11960,74037,5766,35632,4062,68271,8373,4019,4354
11965,74068,5769,35647,4064,68299,8376,4019,4357
11970,74099,5773,35664,4066,68326,8379,4021,4358
11975,74130,5776,35675,4068,68354,8382,4021,4361
11980,74161,5781,35687,4071,68380,8385,4021,4364
11985,74192,5785,35705,4075,68407,8389,4023,4366
11990,74223,5788,35716,4077,68435,8393,4023,4370
11995,74254,5789,35729,4077,68463,8397,4024,4373
12000,74285,5790,35742,4077,68494,8401,4026,4375
12005,74316,5791,35753,4078,68524,8405,4026,4379
12010,74347,5792,35767,4079,68554,8409,4026,4383
12015,74378,5793,35786,4080,68584,8413,4028,4385
12020,74409,5795,35803,4081,68613,8417,4029,4388
12025,74440,5796,35818,4081,68644,8421,4030,4391
12030,74471,5798,35836,4082,68673,8425,4033,4392
12035,74502,5799,35854,4082,68703,8429,4037,4392
12040,74533,5800,35870,4083,68733,8433,4040,4393
12045,74564,5802,35885,4084,68760,8437,4041,4396
12050,74595,5803,35896,4084,68791,8441,4044,4397
12055,74626,5805,35911,4085,68819,8445,4046,4399
12060,74657,5810,35924,4088,68845,8449,4047,4402
12065,74688,5815,35941,4093,68871,8453,4049,4404
12070,74719,5820,35960,4097,68897,8457,4052,4405
12075,74750,5824,35975,4100,68926,8461,4054,4407
12080,74781,5825,35991,4100,68954,8465,4057,4408
12085,74812,5827,36005,4101,68985,8469,4059,4410
12090,74843,5828,36020,4101,69015,8473,4061,4412
12095,74874,5830,36034,4102,69044,8477,4063,4414
12100,74905,5833,36043,4103,69072,8481,4064,4417
12105,74936,5837,36062,4107,69098,8485,4068,4417
12110,74967,5842,36077,4111,69125,8489,4070,4419
12115,74998,5843,36091,4112,69155,8493,4072,4421
12120,75029,5844,36109,4113,69184,8497,4074,4423
12125,75060,5846,36126,4114,69213,8501,4075,4426
12130,75091,5848,36139,4116,69242,8505,4075,4430
12135,75122,5850,36154,4118,69272,8509,4078,4431
12140,75153,5852,36169,4120,69301,8513,4080,4433
12145,75184,5854,36184,4122,69329,8517,4081,4436
12150,75215,5857,36201,4124,69357,8521,4084,4437
12155,75246,5859,36214,4125,69386,8525,4085,4440
12160,75277,5861,36229,4126,69415,8529,4087,4442
12165,75308,5864,36250,4129,69444,8533,4091,4442
12170,75339,5867,36268,4131,69472,8537,4094,4443
12175,75370,5867,36285,4131,69503,8541,4096,4445
12180,75401,5867,36301,4131,69534,8545,4098,4447
12185,75432,5868,36313,4132,69564,8548,4101,4447
12190,75463,5869,36328,4132,69594,8551,4102,4449
12195,75494,5870,36341,4132,69624,8554,4103,4451
12200,75525,5871,36354,4133,69654,8557,4104,4453
12205,75556,5872,36371,4133,69683,8560,4106,4454
12210,75587,5873,36389,4134,69714,8563,4109,4454
12215,75618,5876,36400,4136,69742,8566,4110,4456
12220,75649,5879,36416,4138,69770,8569,4111,4458
12225,75680,5882,36431,4140,69796,8572,4112,4460
12230,75711,5886,36442,4142,69824,8575,4112,4463
12235,75742,5890,36459,4145,69850,8578,4114,4464
12240,75773,5895,36473,4149,69877,8581,4115,4466
12245,75804,5901,36491,4155,69902,8583,4115,4468
12250,75835,5904,36507,4158,69930,8585,4116,4469
12255,75866,5907,36519,4160,69958,8587,4118,4469
12260,75897,5910,36531,4162,69987,8589,4119,4470
12265,75928,5911,36544,4163,70016,8591,4120,4471
12270,75959,5912,36556,4164,70047,8593,4120,4473
12275,75990,5913,36571,4164,70075,8595,4122,4473
12280,76021,5914,36585,4164,70107,8597,4124,4473
12285,76052,5917,36593,4165,70134,8600,4124,4476
12290,76083,5920,36606,4167,70160,8603,4124,4479
12295,76114,5923,36619,4169,70190,8606,4126,4480
12300,76145,5926,36635,4171,70217,8609,4128,4481
12305,76176,5930,36651,4175,70246,8612,4130,4482
12310,76207,5931,36668,4176,70275,8615,4132,4483
12315,76238,5933,36682,4177,70304,8618,4133,4485
12320,76269,5936,36700,4180,70333,8621,4134,4487
12325,76300,5938,36712,4182,70361,8624,4135,4489
12330,76331,5940,36723,4183,70390,8627,4135,4492
12335,76362,5944,36739,4187,70418,8630,4138,4492
12340,76393,5947,36757,4190,70446,8633,4140,4493
12345,76424,5948,36765,4190,70476,8637,4141,4496
12350,76455,5950,36779,4191,70505,8641,4143,4498
12355,76486,5951,36795,4191,70535,8645,4145,4500
12360,76517,5953,36812,4193,70563,8649,4146,4503
12365,76548,5956,36828,4196,70590,8653,4150,4503
12370,76579,5959,36844,4199,70618,8657,4151,4506
12375,76610,5963,36856,4202,70647,8661,4152,4509
12380,76641,5965,36864,4203,70676,8665,4154,4511
12385,76672,5966,36882,4204,70706,8669,4156,4513
12390,76703,5968,36897,4205,70734,8673,4159,4514
12395,76734,5970,36912,4206,70762,8677,4160,4517
12400,76765,5975,36929,4210,70790,8681,4161,4520
12405,76796,5975,36947,4210,70821,8685,4162,4523
12410,76827,5975,36963,4210,70851,8689,4164,4525
12415,76858,5976,36982,4211,70881,8693,4167,4526
12420,76889,5977,36998,4211,70911,8697,4170,4527
12425,76920,5978,37011,4211,70942,8700,4173,4527
12430,76951,5979,37027,4212,70970,8703,4175,4528
12435,76982,5981,37039,4213,70999,8706,4176,4530
12440,77013,5983,37054,4214,71026,8709,4178,4531
12445,77044,5985,37071,4215,71056,8712,4181,4531
12450,77075,5986,37079,4215,71088,8715,4182,4533
12455,77106,5987,37095,4216,71118,8718,4183,4535
12460,77137,5989,37111,4218,71146,8721,4186,4535
12465,77168,5990,37125,4218,71176,8724,4188,4536
12470,77199,5993,37139,4221,71206,8727,4189,4538
12475,77230,5998,37148,4224,71232,8730,4189,4541
12480,77261,6002,37159,4226,71258,8733,4192,4541
12485,77292,6005,37170,4228,71287,8735,4193,4542
12490,77323,6009,37186,4230,71313,8737,4194,4543
12495,77354,6011,37199,4231,71343,8739,4195,4544
12500,77385,6015,37213,4234,71370,8741,4195,4546
12505,77416,6018,37230,4236,71397,8743,4196,4547
12510,77447,6021,37245,4238,71425,8745,4197,4548
12515,77478,6024,37258,4239,71454,8747,4199,4548
12520,77509,6026,37271,4241,71482,8749,4199,4550
12525,77540,6029,37288,4242,71511,8752,4201,4551
12530,77571,6031,37305,4243,71539,8755,4202,4553
12535,77602,6034,37320,4245,71568,8758,4203,4555
12540,77633,6036,37345,4247,71596,8761,4205,4556
12545,77664,6039,37363,4249,71625,8764,4207,4557
12550,77695,6041,37377,4250,71653,8767,4209,4558
12555,77726,6044,37392,4252,71682,8770,4211,4559
12560,77757,6046,37413,4253,71711,8773,4212,4561
12565,77788,6049,37430,4254,71739,8776,4214,4562
12570,77819,6052,37447,4257,71767,8779,4215,4564
12575,77850,6055,37463,4260,71795,8782,4217,4565
12580,77881,6058,37472,4261,71823,8785,4219,4566
12585,77912,6061,37481,4263,71851,8788,4220,4568
12590,77943,6066,37491,4267,71876,8792,4220,4572
12595,77974,6070,37504,4269,71904,8796,4222,4574
12600,78005,6073,37517,4271,71931,8800,4224,4576
12605,78036,6074,37530,4271,71961,8804,4225,4579
12610,78067,6075,37542,4271,71991,8808,4226,4582
12615,78098,6079,37556,4275,72017,8812,4227,4585
12620,78129,6080,37568,4275,72048,8816,4231,4585
12625,78160,6081,37584,4276,72079,8820,4233,4587
12630,78191,6082,37603,4277,72108,8824,4234,4590
12635,78222,6083,37616,4277,72138,8828,4236,4592
12640,78253,6084,37636,4277,72166,8832,4239,4593
12645,78284,6085,37647,4277,72199,8836,4241,4595
12650,78315,6087,37663,4279,72226,8840,4244,4596
12655,78346,6089,37683,4281,72257,8844,4247,4597
12660,78377,6091,37704,4283,72285,8848,4249,4599
12665,78408,6093,37717,4284,72315,8852,4251,4601
12670,78439,6094,37728,4284,72345,8856,4252,4604
12675,78470,6095,37740,4284,72374,8860,4252,4608
12680,78501,6096,37755,4284,72405,8864,4255,4609
12685,78532,6097,37769,4285,72435,8868,4257,4611
12690,78563,6098,37779,4285,72465,8872,4258,4614
12695,78594,6100,37793,4286,72494,8876,4259,4617
12700,78625,6102,37808,4287,72522,8880,4261,4619
12705,78656,6106,37824,4290,72549,8884,4263,4621
12710,78687,6111,37838,4293,72575,8888,4266,4622
12715,78718,6115,37848,4296,72603,8892,4266,4626
12720,78749,6116,37862,4297,72632,8896,4269,4627
12725,78780,6120,37881,4300,72659,8900,4273,4627
12730,78811,6125,37899,4305,72685,8904,4275,4629
12735,78842,6130,37912,4309,72712,8908,4276,4632
12740,78873,6133,37924,4311,72739,8912,4279,4633
12745,78904,6138,37940,4315,72765,8916,4282,4634
12750,78935,6140,37950,4316,72795,8920,4284,4636
12755,78966,6141,37967,4317,72825,8924,4287,4637
12760,78997,6142,37984,4318,72855,8928,4290,4638
12765,79028,6143,38002,4319,72885,8932,4291,4641
12770,79059,6144,38019,4320,72915,8936,4293,4643
12775,79090,6145,38034,4320,72945,8940,4294,4646
12780,79121,6146,38050,4320,72975,8944,4297,4647
12785,79152,6147,38064,4320,73005,8946,4298,4648
12790,79183,6149,38079,4321,73034,8948,4300,4648
12795,79214,6150,38095,4322,73064,8950,4302,4648
12800,79245,6151,38109,4322,73092,8952,4303,4649
12805,79276,6154,38123,4324,73121,8954,4305,4649
12810,79307,6157,38135,4326,73150,8956,4306,4650
12815,79338,6160,38149,4329,73176,8958,4307,4651
12820,79369,6164,38166,4333,73204,8960,4308,4652
12825,79400,6168,38184,4336,73231,8962,4310,4652
12830,79431,6169,38199,4336,73260,8964,4310,4654
12835,79462,6170,38214,4336,73290,8966,4312,4654
12840,79493,6171,38227,4337,73321,8968,4313,4655
12845,79524,6172,38242,4337,73351,8970,4314,4656
12850,79555,6173,38255,4338,73380,8972,4314,4658
12855,79586,6175,38268,4340,73410,8974,4314,4660
12860,79617,6178,38277,4342,73439,8976,4314,4662
12865,79648,6180,38292,4342,73466,8978,4315,4663
12870,79679,6183,38312,4345,73494,8980,4316,4664
12875,79710,6186,38322,4346,73523,8982,4317,4665
12880,79741,6188,38338,4347,73551,8984,4318,4666
12885,79772,6193,38358,4351,73577,8988,4321,4667
12890,79803,6198,38377,4355,73603,8992,4325,4667
12895,79834,6203,38391,4359,73630,8996,4326,4670
12900,79865,6208,38402,4362,73655,9000,4328,4672
12905,79896,6211,38417,4365,73685,9004,4331,4673
12910,79927,6213,38431,4366,73714,9008,4332,4676
12915,79958,6215,38445,4367,73743,9012,4333,4679
12920,79989,6217,38459,4368,73772,9016,4334,4682
12925,80020,6218,38472,4368,73801,9020,4336,4684
12930,80051,6220,38484,4369,73830,9024,4337,4687
12935,80082,6223,38499,4371,73859,9028,4338,4690
12940,80113,6226,38512,4373,73886,9032,4341,4691
12945,80144,6229,38527,4376,73914,9036,4343,4693
12950,80175,6235,38540,4381,73939,9040,4346,4694
12955,80206,6240,38558,4385,73965,9044,4350,4694
12960,80237,6242,38575,4387,73994,9048,4351,4697
12965,80268,6243,38592,4388,74025,9051,4352,4699
12970,80299,6245,38604,4390,74054,9054,4354,4700
12975,80330,6246,38623,4391,74083,9057,4357,4700
12980,80361,6248,38638,4393,74113,9060,4358,4702
12985,80392,6249,38653,4394,74143,9063,4360,4703
12990,80423,6250,38669,4395,74173,9066,4362,4704
12995,80454,6251,38684,4395,74203,9069,4364,4705
13000,80485,6252,38698,4396,74233,9072,4366,4706
13005,80516,6254,38714,4397,74262,9075,4368,4707
13010,80547,6257,38726,4399,74289,9078,4368,4710
13015,80578,6261,38742,4402,74315,9081,4371,4710
13020,80609,6265,38756,4404,74343,9084,4372,4712
13025,80640,6267,38767,4405,74371,9087,4372,4715
13030,80671,6268,38784,4406,74401,9090,4375,4715
13035,80702,6271,38800,4409,74429,9093,4377,4716
13040,80733,6273,38816,4411,74457,9096,4377,4719
13045,80764,6277,38831,4415,74486,9099,4379,4720
13050,80795,6278,38849,4415,74515,9102,4380,4722
13055,80826,6281,38863,4418,74542,9105,4382,4723
13060,80857,6284,38882,4420,74573,9108,4383,4725
13065,80888,6285,38894,4421,74603,9112,4385,4727
13070,80919,6286,38914,4422,74632,9116,4387,4729
13075,80950,6287,38930,4423,74662,9120,4388,4732
13080,80981,6288,38946,4423,74693,9124,4390,4734
13085,81012,6289,38960,4424,74723,9128,4391,4737
13090,81043,6290,38974,4424,74753,9132,4393,4739
13095,81074,6291,38990,4424,74783,9136,4396,4740
13100,81105,6292,39001,4424,74813,9140,4396,4744
13105,81136,6293,39016,4425,74843,9144,4399,4745
13110,81167,6294,39030,4425,74873,9148,4401,4747
13115,81198,6295,39046,4425,74903,9152,4401,4751
13120,81229,6296,39064,4426,74932,9156,4404,4752
13125,81260,6299,39077,4428,74960,9160,4406,4754
13130,81291,6301,39091,4429,74988,9164,4409,4755
13135,81322,6304,39101,4432,75017,9168,4409,4759
13140,81353,6308,39116,4434,75043,9172,4413,4759
13145,81384,6313,39132,4437,75071,9176,4413,4763
13150,81415,6318,39150,4441,75096,9180,4415,4765
13155,81446,6324,39164,4445,75122,9184,4417,4767
13160,81477,6327,39179,4448,75150,9188,4420,4768
13165,81508,6332,39190,4451,75175,9192,4421,4771
13170,81539,6338,39205,4456,75200,9196,4423,4773
13175,81570,6341,39225,4458,75229,9200,4427,4773
13180,81601,6344,39242,4460,75257,9204,4429,4775
13185,81632,6345,39256,4461,75286,9208,4431,4777
13190,81663,6348,39273,4463,75313,9212,4433,4779
13195,81694,6351,39287,4465,75343,9216,4435,4781
13200,81725,6353,39307,4467,75371,9220,4438,4782
13205,81756,6355,39328,4469,75399,9224,4442,4782
13210,81787,6356,39342,4469,75430,9228,4444,4784
13215,81818,6358,39353,4470,75459,9232,4445,4787
13220,81849,6359,39370,4470,75489,9236,4447,4789
13225,81880,6361,39385,4471,75518,9240,4448,4792
13230,81911,6362,39399,4472,75548,9244,4450,4794
13235,81942,6363,39415,4472,75579,9248,4452,4796
13240,81973,6364,39432,4473,75609,9252,4456,4796
13245,82004,6366,39445,4475,75637,9256,4458,4798
13250,82035,6368,39461,4476,75667,9260,4461,4799
13255,82066,6370,39480,4478,75695,9264,4462,4802
13260,82097,6373,39498,4480,75724,9268,4464,4804
13265,82128,6373,39513,4480,75755,9272,4466,4806
13270,82159,6373,39531,4480,75786,9276,4466,4810
13275,82190,6374,39544,4481,75816,9280,4467,4813
13280,82221,6375,39559,4482,75846,9284,4469,4815
13285,82252,6377,39572,4482,75874,9288,4470,4818
13290,82283,6379,39590,4484,75904,9292,4472,4820
13295,82314,6382,39611,4486,75932,9296,4475,4821
13300,82345,6385,39628,4489,75959,9300,4477,4823
13305,82376,6387,39642,4490,75988,9304,4479,4825
13310,82407,6389,39655,4491,76016,9308,4480,4828
13315,82438,6391,39668,4492,76046,9312,4480,4832
13320,82469,6394,39687,4494,76074,9316,4482,4834
13325,82500,6396,39702,4495,76103,9319,4485,4834
13330,82531,6398,39718,4496,76132,9322,4486,4836
13335,82562,6400,39733,4497,76161,9325,4488,4837
13340,82593,6404,39749,4500,76189,9328,4489,4839
13345,82624,6407,39760,4502,76217,9331,4490,4841
13350,82655,6409,39776,4503,76246,9334,4491,4843
13355,82686,6413,39793,4506,76272,9337,4494,4843
13360,82717,6419,39806,4511,76297,9340,4495,4845
13365,82748,6424,39820,4515,76324,9343,4496,4847
13370,82779,6426,39834,4516,76352,9346,4496,4850
13375,82810,6429,39851,4518,76379,9349,4497,4852
13380,82841,6432,39870,4519,76407,9352,4500,4852
13385,82872,6435,39883,4522,76436,9355,4501,4854
13390,82903,6438,39902,4524,76463,9358,4504,4854
13395,82934,6441,39915,4525,76492,9361,4505,4856
13400,82965,6444,39932,4527,76519,9364,4507,4857
13405,82996,6447,39947,4528,76548,9367,4508,4859
13410,83027,6450,39960,4529,76575,9370,4510,4860
13415,83058,6453,39977,4532,76603,9373,4511,4862
13420,83089,6458,39995,4535,76630,9376,4512,4864
13425,83120,6464,40012,4540,76654,9380,4515,4865
13430,83151,6468,40019,4544,76683,9384,4515,4869
13435,83182,6471,40034,4547,76711,9388,4517,4871
13440,83213,6471,40053,4547,76741,9392,4519,4873
13445,83244,6471,40068,4547,76771,9394,4520,4874
13450,83275,6471,40085,4547,76803,9396,4521,4875
13455,83306,6471,40100,4547,76834,9398,4522,4876
13460,83337,6471,40113,4547,76865,9400,4522,4878
13465,83368,6471,40130,4547,76896,9402,4523,4879
13470,83399,6471,40145,4547,76928,9404,4523,4881
13475,83430,6472,40158,4547,76958,9406,4524,4882
13480,83461,6473,40173,4548,76988,9408,4525,4883
13485,83492,6474,40185,4548,77018,9410,4525,4885
13490,83523,6475,40197,4548,77048,9412,4525,4887
13495,83554,6476,40217,4549,77078,9414,4526,4888
13500,83585,6477,40231,4550,77108,9416,4527,4889
13505,83616,6478,40246,4550,77138,9417,4527,4890
13510,83647,6479,40262,4550,77168,9418,4528,4890
13515,83678,6481,40277,4551,77197,9419,4528,4891
13520,83709,6483,40294,4553,77226,9420,4528,4892
13525,83740,6484,40310,4554,77255,9421,4528,4893
13530,83771,6487,40320,4556,77284,9422,4529,4893
13535,83802,6490,40330,4557,77311,9423,4529,4894
13540,83833,6494,40345,4559,77336,9424,4529,4895
13545,83864,6500,40355,4563,77363,9426,4529,4897
13550,83895,6507,40374,4568,77386,9429,4530,4899
13555,83926,6514,40386,4572,77410,9432,4531,4901
13560,83957,6519,40403,4576,77436,9435,4533,4902
13565,83988,6523,40419,4579,77463,9438,4534,4904
13570,84019,6527,40436,4583,77489,9441,4535,4906
13575,84050,6530,40450,4585,77520,9444,4538,4906
13580,84081,6531,40466,4585,77549,9447,4540,4907
13585,84112,6533,40478,4586,77579,9450,4542,4908
13590,84143,6535,40493,4588,77607,9453,4544,4909
13595,84174,6537,40511,4590,77636,9456,4545,4911
13600,84205,6539,40529,4592,77665,9459,4547,4912
13605,84236,6541,40542,4594,77694,9463,4549,4914
13610,84267,6544,40560,4597,77722,9467,4553,4914
13615,84298,6547,40577,4600,77749,9471,4554,4917
13620,84329,6548,40592,4601,77779,9475,4557,4918
13625,84360,6549,40605,4602,77811,9479,4559,4920
13630,84391,6549,40617,4602,77842,9483,4561,4922
13635,84422,6549,40634,4602,77872,9487,4562,4925
13640,84453,6549,40647,4602,77903,9491,4565,4926
13645,84484,6549,40667,4602,77935,9495,4568,4927
13650,84515,6549,40681,4602,77966,9499,4569,4930
13655,84546,6549,40693,4602,77997,9503,4570,4933
13660,84577,6549,40708,4602,78028,9507,4570,4937
13665,84608,6549,40724,4602,78059,9511,4573,4938
13670,84639,6550,40740,4603,78089,9515,4577,4938
13675,84670,6551,40751,4603,78119,9519,4578,4941
13680,84701,6553,40770,4604,78147,9523,4581,4942
13685,84732,6556,40787,4607,78176,9527,4584,4943
13690,84763,6558,40805,4607,78205,9531,4586,4945
13695,84794,6561,40823,4609,78232,9535,4590,4945
13700,84825,6564,40839,4612,78261,9539,4593,4946
13705,84856,6567,40852,4614,78289,9543,4593,4950
13710,84887,6569,40862,4615,78315,9547,4594,4953
13715,84918,6574,40874,4618,78342,9551,4595,4956
13720,84949,6580,40886,4622,78367,9555,4597,4958
13725,84980,6586,40897,4626,78391,9559,4598,4961
13730,85011,6596,40911,4635,78412,9563,4599,4964
13735,85042,6604,40928,4641,78437,9567,4600,4967
13740,85073,6605,40945,4642,78467,9571,4601,4970
13745,85104,6606,40960,4642,78498,9575,4602,4973
13750,85135,6607,40973,4642,78528,9579,4604,4975
13755,85166,6609,40987,4644,78555,9583,4607,4976
13760,85197,6610,41005,4645,78585,9587,4609,4978
13765,85228,6611,41022,4646,78617,9591,4611,4980
13770,85259,6613,41039,4647,78645,9595,4614,4981
13775,85290,6614,41052,4647,78675,9599,4617,4982
13780,85321,6616,41069,4648,78704,9603,4618,4985
13785,85352,6618,41089,4649,78734,9607,4619,4988
13790,85383,6620,41108,4651,78762,9611,4620,4991
13795,85414,6621,41120,4651,78793,9615,4624,4991
13800,85445,6624,41132,4654,78820,9619,4624,4995
13805,85476,6626,41147,4655,78850,9623,4627,4996
13810,85507,6628,41160,4657,78879,9627,4628,4999
13815,85538,6630,41171,4658,78908,9631,4629,5002
13820,85569,6631,41181,4658,78938,9635,4629,5006
13825,85600,6632,41194,4659,78968,9639,4630,5009
13830,85631,6634,41205,4661,78997,9643,4630,5013
13835,85662,6634,41217,4661,79028,9647,4631,5016
13840,85693,6637,41238,4664,79056,9651,4634,5017
13845,85724,6640,41249,4666,79082,9655,4635,5020
13850,85755,6645,41265,4670,79110,9659,4638,5021
13855,85786,6649,41281,4674,79137,9663,4639,5024
13860,85817,6652,41295,4675,79165,9667,4640,5027
13865,85848,6654,41307,4676,79194,9671,4641,5030
13870,85879,6656,41318,4676,79223,9675,4642,5033
13875,85910,6658,41332,4678,79251,9679,4644,5035
13880,85941,6662,41345,4680,79278,9683,4647,5036
13885,85972,6665,41357,4683,79305,9687,4649,5038
13890,86003,6669,41373,4687,79332,9691,4651,5040
13895,86034,6673,41390,4690,79360,9695,4653,5042
13900,86065,6675,41407,4691,79389,9699,4654,5045
13905,86096,6678,41425,4694,79415,9703,4656,5047
13910,86127,6681,41441,4697,79445,9707,4658,5049
13915,86158,6683,41450,4698,79475,9711,4660,5051
13920,86189,6685,41462,4700,79502,9715,4662,5053
13925,86220,6687,41479,4701,79531,9718,4664,5054
13930,86251,6690,41497,4703,79560,9721,4666,5055
13935,86282,6691,41512,4704,79590,9724,4667,5057
13940,86313,6692,41528,4704,79621,9727,4668,5059
13945,86344,6693,41545,4705,79651,9730,4669,5061
13950,86375,6694,41560,4705,79681,9733,4670,5063
13955,86406,6695,41573,4706,79711,9736,4671,5065
13960,86437,6696,41590,4707,79741,9739,4673,5066
13965,86468,6697,41601,4707,79771,9742,4674,5068
13970,86499,6698,41611,4708,79801,9745,4675,5070
13975,86530,6699,41624,4708,79831,9748,4676,5072
13980,86561,6700,41639,4709,79861,9751,4678,5073
13985,86592,6701,41654,4709,79891,9754,4680,5074
13990,86623,6702,41670,4710,79921,9757,4683,5074
13995,86654,6704,41688,4711,79950,9760,4684,5076
14000,86685,6705,41699,4711,79980,9763,4686,5077
14005,86716,6707,41716,4713,80009,9766,4687,5079
14010,86747,6709,41729,4715,80038,9769,4687,5082
14015,86778,6712,41747,4717,80066,9772,4689,5083
14020,86809,6715,41761,4718,80094,9775,4690,5085
14025,86840,6717,41776,4719,80123,9779,4692,5087
14030,86871,6720,41790,4721,80151,9783,4694,5089
14035,86902,6725,41804,4724,80177,9787,4697,5090
14040,86933,6729,41818,4727,80203,9791,4699,5092
14045,86964,6736,41836,4733,80228,9793,4700,5093
14050,86995,6742,41847,4736,80251,9795,4702,5093
14055,87026,6749,41865,4743,80275,9797,4702,5095
14060,87057,6754,41881,4747,80302,9799,4703,5096
14065,87088,6758,41895,4750,80328,9801,4704,5097
14070,87119,6761,41910,4751,80357,9803,4705,5098
14075,87150,6764,41929,4754,80385,9805,4707,5098
14080,87181,6768,41942,4758,80412,9807,4709,5098
14085,87212,6772,41958,4761,80438,9809,4710,5099
14090,87243,6777,41973,4765,80464,9811,4711,5100
14095,87274,6779,41988,4767,80494,9813,4712,5101
14100,87305,6781,42007,4769,80523,9815,4713,5102
14105,87336,6781,42023,4769,80555,9817,4713,5104
14110,87367,6781,42038,4769,80585,9819,4714,5105
14115,87398,6781,42054,4769,80617,9821,4714,5107
14120,87429,6781,42071,4769,80648,9823,4714,5109
14125,87460,6781,42086,4769,80678,9825,4715,5110
14130,87491,6781,42101,4769,80709,9827,4716,5111
14135,87522,6781,42116,4769,80741,9829,4718,5111
14140,87553,6781,42138,4769,80771,9831,4720,5111
14145,87584,6781,42154,4769,80801,9835,4723,5112
14150,87615,6781,42168,4769,80833,9839,4726,5113
14155,87646,6781,42182,4769,80864,9843,4729,5114
14160,87677,6781,42197,4769,80895,9847,4731,5116
14165,87708,6782,42211,4769,80926,9851,4732,5119
14170,87739,6783,42226,4770,80956,9855,4734,5121
14175,87770,6784,42245,4771,80986,9859,4736,5123
14180,87801,6785,42262,4771,81016,9863,4737,5126
14185,87832,6786,42282,4771,81046,9867,4740,5127
14190,87863,6787,42299,4771,81076,9871,4742,5129
14195,87894,6788,42315,4771,81106,9875,4744,5131
14200,87925,6790,42325,4771,81135,9879,4745,5134
14205,87956,6793,42338,4773,81163,9883,4746,5137
14210,87987,6796,42356,4774,81190,9887,4750,5137
14215,88018,6801,42370,4777,81217,9891,4751,5140
14220,88049,6805,42383,4779,81244,9895,4753,5142
14225,88080,6810,42398,4783,81268,9899,4754,5145
14230,88111,6817,42411,4788,81291,9903,4755,5148
14235,88142,6826,42425,4796,81316,9907,4758,5149
14240,88173,6829,42438,4797,81340,9911,4761,5150
14245,88204,6839,42454,4807,81362,9915,4763,5152
14250,88235,6847,42464,4813,81386,9919,4764,5155
14255,88266,6850,42480,4815,81415,9923,4767,5156
14260,88297,6851,42493,4816,81445,9927,4768,5159
14265,88328,6854,42510,4818,81472,9931,4770,5161
14270,88359,6856,42526,4819,81502,9935,4772,5163
14275,88390,6859,42546,4822,81529,9939,4775,5164
14280,88421,6861,42557,4823,81558,9943,4777,5166
14285,88452,6862,42569,4824,81590,9947,4778,5169
14290,88483,6862,42585,4824,81618,9951,4779,5172
14295,88514,6862,42600,4824,81650,9955,4780,5175
14300,88545,6862,42618,4824,81682,9959,4783,5176
14305,88576,6862,42632,4824,81712,9963,4786,5177
14310,88607,6862,42645,4824,81745,9967,4787,5180
14315,88638,6862,42661,4824,81776,9971,4789,5182
14320,88669,6862,42674,4824,81807,9975,4791,5184
14325,88700,6862,42685,4824,81837,9979,4791,5188
14330,88731,6862,42705,4824,81868,9983,4793,5190
14335,88762,6862,42722,4824,81899,9987,4794,5193
14340,88793,6862,42733,4824,81931,9991,4796,5195
14345,88824,6862,42748,4824,81962,9995,4797,5198
14350,88855,6862,42761,4824,81993,9999,4798,5201
14355,88886,6862,42777,4824,82023,10003,4800,5203
14360,88917,6864,42791,4825,82053,10007,4801,5206
14365,88948,6869,42804,4829,82078,10011,4802,5209
14370,88979,6873,42818,4832,82106,10015,4803,5212
14375,89010,6876,42831,4833,82133,10019,4805,5214
14380,89041,6881,42846,4837,82159,10023,4806,5217
14385,89072,6886,42864,4842,82184,10027,4808,5219
14390,89103,6891,42875,4846,82210,10031,4810,5221
14395,89134,6898,42889,4850,82234,10035,4811,5224
14400,89165,6904,42904,4854,82258,10039,4813,5226
14405,89196,6910,42922,4860,82285,10042,4815,5227
14410,89227,6914,42939,4864,82311,10045,4815,5230
14415,89258,6917,42957,4865,82339,10048,4818,5230
14420,89289,6921,42971,4869,82367,10051,4820,5231
14425,89320,6922,42981,4870,82398,10054,4821,5233
14430,89351,6923,42993,4871,82428,10057,4822,5235
14435,89382,6924,43007,4872,82457,10060,4823,5237
14440,89413,6925,43018,4873,82488,10063,4824,5239
14445,89444,6927,43032,4874,82516,10066,4824,5242
14450,89475,6928,43047,4874,82546,10069,4825,5244
14455,89506,6929,43064,4875,82577,10072,4827,5245
14460,89537,6931,43085,4877,82604,10075,4830,5245
14465,89568,6933,43104,4879,82635,10077,4832,5245
14470,89599,6935,43122,4880,82663,10079,4832,5247
14475,89630,6936,43140,4880,82694,10081,4832,5249
14480,89661,6938,43152,4881,82723,10083,4832,5251
14485,89692,6940,43169,4883,82752,10085,4832,5253
14490,89723,6941,43183,4883,82782,10087,4832,5255
14495,89754,6943,43196,4884,82811,10089,4832,5257
14500,89785,6945,43214,4885,82840,10091,4833,5258
14505,89816,6948,43235,4888,82868,10094,4834,5260
14510,89847,6951,43245,4889,82896,10097,4837,5260
14515,89878,6953,43261,4890,82924,10100,4839,5261
14520,89909,6955,43276,4891,82954,10103,4840,5263
14525,89940,6956,43294,4891,82983,10106,4842,5264
14530,89971,6959,43309,4893,83011,10109,4844,5265
14535,90002,6962,43320,4895,83039,10112,4845,5267
14540,90033,6966,43338,4898,83067,10115,4847,5268
14545,90064,6968,43350,4899,83096,10118,4849,5269
14550,90095,6971,43366,4902,83123,10121,4850,5271
14555,90126,6974,43384,4903,83151,10124,4851,5273
14560,90157,6978,43404,4907,83179,10127,4852,5275
14565,90188,6980,43414,4908,83208,10130,4853,5277
14570,90219,6985,43426,4912,83233,10134,4853,5281
14575,90250,6989,43433,4914,83261,10138,4856,5282
14580,90281,6993,43447,4917,83285,10142,4859,5283
14585,90312,7000,43460,4923,83311,10145,4860,5285
14590,90343,7004,43477,4926,83338,10148,4863,5285
14595,90374,7007,43488,4928,83367,10151,4864,5287
14600,90405,7007,43499,4928,83396,10154,4865,5289
14605,90436,7007,43519,4928,83427,10157,4867,5290
14610,90467,7007,43534,4928,83459,10160,4868,5292
14615,90498,7007,43553,4928,83489,10163,4869,5294
14620,90529,7007,43568,4928,83522,10166,4871,5295
14625,90560,7008,43584,4929,83551,10169,4874,5295
14630,90591,7009,43599,4929,83580,10172,4877,5295
14635,90622,7010,43609,4929,83611,10175,4877,5298
14640,90653,7011,43623,4929,83641,10178,4877,5301
14645,90684,7012,43641,4929,83672,10180,4878,5302
14650,90715,7013,43655,4929,83702,10182,4878,5304
14655,90746,7014,43672,4929,83732,10184,4879,5305
14660,90777,7015,43684,4930,83762,10186,4879,5307
14665,90808,7016,43696,4931,83792,10188,4879,5309
14670,90839,7018,43713,4933,83821,10190,4880,5310
14675,90870,7019,43722,4933,83851,10192,4881,5311
14680,90901,7021,43735,4935,83880,10194,4881,5313
14685,90932,7022,43749,4935,83910,10197,4882,5315
14690,90963,7023,43767,4935,83940,10200,4883,5317
14695,90994,7026,43780,4937,83968,10203,4885,5318
14700,91025,7030,43792,4940,83994,10206,4885,5321
14705,91056,7034,43808,4942,84021,10209,4887,5322
14710,91087,7039,43827,4946,84047,10212,4890,5322
14715,91118,7043,43839,4949,84074,10215,4890,5325
14720,91149,7047,43858,4952,84101,10218,4893,5325
14725,91180,7050,43870,4955,84130,10221,4894,5327
14730,91211,7053,43887,4957,84157,10224,4896,5328
14735,91242,7058,43904,4961,84182,10227,4897,5330
14740,91273,7064,43927,4967,84208,10230,4900,5330
14745,91304,7069,43944,4972,84234,10234,4904,5330
14750,91335,7075,43961,4977,84260,10238,4906,5332
14755,91366,7078,43975,4979,84288,10242,4907,5335
14760,91397,7083,43992,4982,84313,10246,4909,5337
14765,91428,7087,44004,4985,84341,10250,4911,5339
14770,91459,7087,44016,4985,84371,10254,4913,5341
14775,91490,7087,44038,4985,84400,10258,4914,5344
14780,91521,7087,44051,4985,84431,10262,4916,5346
14785,91552,7087,44069,4985,84460,10266,4919,5347
14790,91583,7087,44081,4985,84495,10270,4921,5349
14795,91614,7087,44096,4985,84525,10274,4924,5350
14800,91645,7087,44111,4985,84558,10278,4924,5354
14805,91676,7087,44127,4985,84586,10282,4926,5356
14810,91707,7087,44140,4985,84620,10286,4927,5359
14815,91738,7087,44150,4985,84649,10290,4929,5361
14820,91769,7088,44168,4986,84679,10294,4931,5363
14825,91800,7089,44185,4987,84710,10298,4933,5365
14830,91831,7090,44202,4987,84741,10302,4935,5367
14835,91862,7091,44213,4987,84771,10306,4936,5370
14840,91893,7092,44226,4987,84801,10310,4938,5372
14845,91924,7093,44245,4988,84831,10314,4941,5373
14850,91955,7094,44258,4988,84861,10318,4941,5377
14855,91986,7095,44272,4989,84891,10322,4944,5378
14860,92017,7096,44286,4989,84921,10326,4946,5380
14865,92048,7097,44303,4990,84950,10330,4947,5383
14870,92079,7101,44312,4993,84978,10334,4948,5386
14875,92110,7105,44323,4996,85005,10338,4952,5386
14880,92141,7109,44338,4998,85031,10342,4954,5388
14885,92172,7113,44348,4999,85059,10346,4955,5391
14890,92203,7118,44365,5002,85085,10350,4956,5394
14895,92234,7123,44377,5007,85111,10354,4958,5396
14900,92265,7127,44386,5008,85137,10358,4960,5398
14905,92296,7132,44401,5012,85163,10362,4962,5400
14910,92327,7140,44420,5019,85185,10366,4965,5401
14915,92358,7147,44435,5025,85210,10370,4967,5403
14920,92389,7149,44449,5025,85239,10374,4969,5405
14925,92420,7153,44463,5028,85266,10378,4972,5406
14930,92451,7156,44474,5030,85295,10382,4973,5409
14935,92482,7157,44485,5031,85325,10386,4974,5412
14940,92513,7159,44503,5032,85354,10390,4976,5414
14945,92544,7161,44517,5033,85383,10394,4978,5416
14950,92575,7162,44534,5034,85411,10398,4981,5417
14955,92606,7165,44547,5036,85440,10402,4984,5418
14960,92637,7168,44559,5038,85469,10406,4985,5421
14965,92668,7170,44568,5039,85497,10410,4987,5423
14970,92699,7173,44583,5042,85525,10414,4988,5426
14975,92730,7175,44594,5043,85554,10418,4989,5429
14980,92761,7177,44609,5044,85583,10422,4992,5430
14985,92792,7177,44622,5044,85614,10426,4993,5433
14990,92823,7177,44634,5044,85644,10430,4993,5437
14995,92854,7177,44646,5044,85677,10434,4997,5437
15000,92885,7177,44662,5044,85707,10438,4998,5440
15005,92916,7177,44674,5044,85739,10441,5001,5440
15010,92947,7177,44687,5044,85770,10444,5002,5442
15015,92978,7177,44703,5044,85801,10447,5005,5442
15020,93009,7177,44712,5044,85832,10450,5006,5444
15025,93040,7177,44724,5044,85862,10453,5008,5445
15030,93071,7178,44741,5045,85891,10456,5009,5447
15035,93102,7181,44760,5047,85920,10459,5010,5449
15040,93133,7184,44773,5050,85948,10462,5011,5451
15045,93164,7187,44786,5051,85976,10465,5012,5453
15050,93195,7191,44800,5055,86003,10468,5013,5455
15055,93226,7195,44814,5059,86031,10471,5014,5457
15060,93257,7197,44831,5060,86059,10474,5016,5458
15065,93288,7202,44846,5063,86086,10477,5018,5459
15070,93319,7206,44863,5066,86112,10480,5019,5461
15075,93350,7210,44878,5069,86140,10483,5021,5462
15080,93381,7211,44894,5070,86170,10486,5023,5463
15085,93412,7212,44914,5071,86200,10489,5025,5464
15090,93443,7215,44926,5074,86228,10492,5026,5466
15095,93474,7217,44946,5076,86256,10495,5027,5468
15100,93505,7222,44962,5080,86282,10498,5029,5469
15105,93536,7226,44980,5084,86310,10502,5030,5472
15110,93567,7229,44998,5087,86338,10506,5032,5474
15115,93598,7232,45017,5088,86365,10510,5034,5476
15120,93629,7234,45031,5089,86394,10514,5036,5478
15125,93660,7237,45041,5090,86423,10517,5037,5480
15130,93691,7239,45060,5092,86452,10520,5039,5481
15135,93722,7242,45074,5094,86479,10523,5042,5481
15140,93753,7246,45091,5098,86506,10526,5043,5483
15145,93784,7249,45103,5101,86535,10529,5045,5484
15150,93815,7251,45122,5103,86564,10532,5047,5485
15155,93846,7252,45134,5104,86594,10535,5049,5486
15160,93877,7253,45150,5104,86622,10538,5050,5488
15165,93908,7257,45172,5108,86648,10541,5052,5489
15170,93939,7261,45185,5112,86676,10544,5053,5491
15175,93970,7264,45201,5115,86703,10547,5055,5492
15180,94001,7268,45217,5118,86732,10550,5056,5494
15185,94032,7268,45233,5118,86762,10552,5057,5495
15190,94063,7270,45245,5120,86792,10554,5058,5496
15195,94094,7271,45261,5120,86823,10556,5060,5496
15200,94125,7272,45279,5121,86853,10558,5061,5497
15205,94156,7273,45295,5121,86883,10560,5063,5497
15210,94187,7274,45309,5121,86912,10562,5065,5497
15215,94218,7276,45323,5123,86942,10564,5065,5499
15220,94249,7277,45337,5124,86972,10566,5065,5501
15225,94280,7278,45355,5125,87002,10569,5067,5502
15230,94311,7279,45372,5126,87031,10572,5069,5503
15235,94342,7281,45390,5128,87061,10575,5071,5504
15240,94373,7283,45404,5129,87089,10578,5072,5506
15245,94404,7286,45419,5131,87118,10581,5074,5507
15250,94435,7289,45433,5133,87146,10584,5075,5509
15255,94466,7295,45454,5139,87171,10587,5078,5509
15260,94497,7298,45468,5140,87198,10590,5079,5511
15265,94528,7302,45479,5142,87224,10593,5080,5513
15270,94559,7305,45495,5144,87254,10596,5082,5514
15275,94590,7306,45510,5144,87284,10599,5082,5517
15280,94621,7307,45527,5145,87314,10602,5082,5520
15285,94652,7308,45541,5145,87344,10606,5083,5523
15290,94683,7310,45556,5147,87373,10610,5085,5525
15295,94714,7314,45569,5149,87400,10614,5086,5528
15300,94745,7320,45585,5155,87423,10618,5089,5529
15305,94776,7324,45601,5157,87452,10622,5091,5531
15310,94807,7327,45618,5160,87479,10626,5093,5533
15315,94838,7330,45636,5163,87507,10630,5096,5534
15320,94869,7333,45650,5165,87535,10634,5097,5537
15325,94900,7336,45666,5167,87560,10638,5098,5540
15330,94931,7340,45684,5169,87589,10642,5101,5541
15335,94962,7341,45703,5169,87618,10646,5103,5543
15340,94993,7342,45722,5170,87648,10650,5105,5545
15345,95024,7343,45736,5170,87681,10654,5106,5548
15350,95055,7344,45753,5171,87710,10658,5110,5548
15355,95086,7345,45770,5171,87740,10662,5112,5550
15360,95117,7346,45785,5172,87771,10666,5113,5553
15365,95148,7348,45801,5173,87799,10669,5113,5556
15370,95179,7349,45813,5173,87829,10672,5115,5557
15375,95210,7352,45821,5175,87858,10675,5115,5560
15380,95241,7355,45834,5177,87886,10678,5115,5563
15385,95272,7357,45852,5179,87915,10681,5118,5563
15390,95303,7359,45869,5179,87944,10684,5120,5564
15395,95334,7362,45885,5182,87972,10687,5121,5566
15400,95365,7365,45896,5184,87999,10690,5121,5569
15405,95396,7368,45909,5187,88028,10693,5123,5570
15410,95427,7371,45926,5189,88055,10696,5123,5573
15415,95458,7375,45941,5191,88082,10699,5123,5576
15420,95489,7379,45966,5194,88108,10702,5125,5577
15425,95520,7382,45978,5196,88138,10705,5126,5579
15430,95551,7383,45992,5197,88167,10708,5128,5580
15435,95582,7386,46007,5199,88196,10711,5128,5583
15440,95613,7387,46024,5199,88225,10714,5130,5584
15445,95644,7391,46039,5202,88253,10717,5132,5585
15450,95675,7394,46057,5204,88280,10720,5133,5587
15455,95706,7401,46075,5210,88304,10723,5133,5590
15460,95737,7406,46090,5214,88331,10726,5133,5593
15465,95768,7408,46107,5215,88360,10729,5136,5593
15470,95799,7411,46124,5217,88386,10733,5137,5596
15475,95830,7414,46142,5220,88414,10737,5139,5598
15480,95861,7418,46158,5223,88443,10741,5141,5600
15485,95892,7420,46174,5224,88469,10745,5142,5603
15490,95923,7421,46190,5225,88501,10749,5146,5603
15495,95954,7421,46205,5225,88532,10753,5148,5605
15500,95985,7421,46217,5225,88564,10757,5151,5606
15505,96016,7421,46229,5225,88594,10761,5152,5609
15510,96047,7421,46240,5225,88625,10765,5153,5612
15515,96078,7421,46255,5225,88657,10769,5156,5613
15520,96109,7421,46273,5225,88688,10773,5158,5615
15525,96140,7421,46288,5225,88718,10777,5161,5616
15530,96171,7422,46301,5226,88748,10781,5162,5619
15535,96202,7423,46317,5226,88779,10785,5163,5622
15540,96233,7424,46330,5226,88809,10789,5165,5624
15545,96264,7425,46343,5226,88839,10792,5166,5626
15550,96295,7426,46354,5226,88869,10795,5167,5628
15555,96326,7427,46372,5227,88899,10798,5168,5630
15560,96357,7428,46384,5228,88929,10801,5169,5632
15565,96388,7429,46398,5229,88959,10804,5169,5635
15570,96419,7431,46414,5229,88987,10807,5172,5635
15575,96450,7434,46430,5230,89015,10810,5173,5637
15580,96481,7437,46445,5232,89044,10813,5175,5638
15585,96512,7439,46459,5233,89073,10816,5175,5641
15590,96543,7442,46478,5236,89100,10819,5176,5643
15595,96574,7446,46496,5238,89126,10822,5178,5644
15600,96605,7452,46510,5243,89152,10825,5181,5644
15605,96636,7459,46528,5250,89175,10828,5181,5647
15610,96667,7467,46546,5255,89199,10831,5182,5649
15615,96698,7473,46568,5259,89224,10834,5185,5649
15620,96729,7476,46582,5261,89253,10837,5185,5652
15625,96760,7478,46594,5262,89282,10840,5186,5654
15630,96791,7480,46602,5262,89311,10843,5188,5655
15635,96822,7483,46616,5264,89338,10846,5191,5655
15640,96853,7485,46631,5265,89367,10849,5192,5657
15645,96884,7488,46647,5266,89396,10853,5195,5658
15650,96915,7492,46664,5269,89422,10857,5196,5661
15655,96946,7496,46684,5273,89448,10861,5199,5662
15660,96977,7501,46703,5277,89474,10865,5201,5664
15665,97008,7505,46715,5281,89502,10868,5204,5664
15670,97039,7508,46731,5283,89530,10871,5205,5666
15675,97070,7508,46746,5283,89561,10874,5207,5667
15680,97101,7508,46761,5283,89593,10877,5209,5668
15685,97132,7508,46778,5283,89624,10880,5210,5670
15690,97163,7508,46793,5283,89654,10883,5213,5670
15695,97194,7508,46806,5283,89686,10886,5215,5671
15700,97225,7508,46823,5283,89717,10889,5217,5672
15705,97256,7508,46838,5283,89748,10892,5220,5672
15710,97287,7508,46852,5283,89779,10895,5221,5674
15715,97318,7508,46865,5283,89809,10898,5222,5676
15720,97349,7508,46881,5283,89841,10901,5224,5677
15725,97380,7510,46902,5284,89869,10903,5224,5679
15730,97411,7513,46923,5286,89897,10905,5226,5679
15735,97442,7515,46939,5288,89927,10907,5228,5679
15740,97473,7516,46954,5288,89956,10909,5229,5680
15745,97504,7518,46971,5290,89986,10911,5231,5680
15750,97535,7519,46983,5291,90016,10913,5231,5682
15755,97566,7520,46996,5291,90045,10915,5231,5684
15760,97597,7523,47011,5292,90074,10917,5232,5685
15765,97628,7526,47024,5294,90101,10920,5233,5687
15770,97659,7530,47041,5298,90128,10923,5235,5688
15775,97690,7535,47057,5302,90153,10926,5236,5690
15780,97721,7541,47071,5307,90180,10929,5239,5690
15785,97752,7543,47082,5308,90209,10932,5239,5693
15790,97783,7545,47093,5309,90238,10935,5241,5694
15795,97814,7547,47106,5311,90267,10938,5241,5697
15800,97845,7549,47123,5311,90296,10941,5244,5697
15805,97876,7552,47141,5313,90324,10944,5246,5698
15810,97907,7555,47161,5314,90352,10947,5249,5698
15815,97938,7557,47177,5315,90381,10950,5250,5700
15820,97969,7559,47191,5316,90410,10953,5252,5701
15825,98000,7562,47209,5318,90438,10957,5254,5703
15830,98031,7564,47220,5318,90467,10961,5256,5705
15835,98062,7567,47232,5319,90495,10965,5258,5707
15840,98093,7570,47252,5322,90522,10969,5261,5708
15845,98124,7573,47268,5325,90549,10973,5261,5712
15850,98155,7577,47284,5328,90575,10977,5263,5714
15855,98186,7582,47304,5332,90603,10981,5266,5715
15860,98217,7584,47321,5333,90631,10985,5268,5717
15865,98248,7585,47332,5333,90662,10989,5270,5719
15870,98279,7586,47345,5333,90691,10993,5272,5721
15875,98310,7587,47363,5334,90722,10997,5276,5721
15880,98341,7588,47373,5334,90753,11001,5276,5725
15885,98372,7590,47391,5335,90780,11005,5278,5727
15890,98403,7596,47411,5341,90805,11009,5282,5727
15895,98434,7601,47424,5344,90833,11013,5284,5729
15900,98465,7604,47440,5346,90860,11017,5287,5730
15905,98496,7608,47456,5348,90888,11021,5289,5732
15910,98527,7612,47472,5351,90914,11025,5291,5734
15915,98558,7615,47487,5354,90942,11029,5293,5736
15920,98589,7619,47504,5357,90970,11033,5296,5737
15925,98620,7620,47515,5357,90999,11037,5298,5739
15930,98651,7622,47526,5359,91029,11041,5300,5741
15935,98682,7624,47541,5361,91058,11045,5301,5744
15940,98713,7626,47561,5362,91087,11049,5304,5745
15945,98744,7626,47575,5362,91118,11053,5307,5746
15950,98775,7626,47589,5362,91149,11057,5309,5748
15955,98806,7626,47600,5362,91180,11061,5310,5751
15960,98837,7628,47612,5363,91209,11065,5312,5753
15965,98868,7630,47627,5364,91238,11069,5315,5754
15970,98899,7631,47641,5364,91268,11073,5316,5757
15975,98930,7633,47656,5365,91297,11077,5317,5760
15980,98961,7634,47671,5365,91327,11081,5318,5763
15985,98992,7637,47684,5367,91355,11085,5319,5766
15990,99023,7639,47696,5368,91384,11089,5321,5768
15995,99054,7641,47714,5369,91413,11093,5323,5770
16000,99085,7643,47724,5371,91441,11097,5325,5772
16005,99116,7646,47736,5374,91469,11101,5326,5775
16010,99147,7649,47751,5376,91497,11105,5329,5776
16015,99178,7649,47769,5376,91529,11109,5331,5778
16020,99209,7650,47788,5377,91559,11113,5333,5780
16025,99240,7651,47805,5378,91586,11116,5334,5782
16030,99271,7652,47821,5379,91618,11119,5335,5784
16035,99302,7653,47837,5380,91648,11122,5337,5785
16040,99333,7654,47857,5381,91678,11125,5338,5787
16045,99364,7655,47872,5381,91708,11128,5339,5789
16050,99395,7658,47884,5383,91737,11131,5340,5791
16055,99426,7660,47898,5383,91765,11134,5341,5793
16060,99457,7663,47913,5385,91793,11137,5344,5793
16065,99488,7666,47930,5387,91822,11140,5346,5794
16070,99519,7668,47944,5389,91850,11143,5347,5796
16075,99550,7670,47958,5391,91879,11146,5348,5798
16080,99581,7672,47970,5392,91908,11149,5349,5800
16085,99612,7675,47983,5395,91937,11152,5351,5801
16090,99643,7677,47997,5395,91966,11155,5352,5803
16095,99674,7679,48012,5397,91995,11158,5352,5806
16100,99705,7682,48030,5400,92022,11161,5353,5808
16105,99736,7686,48047,5403,92049,11164,5356,5808
16110,99767,7690,48059,5406,92076,11167,5356,5811
16115,99798,7694,48076,5409,92104,11170,5358,5812
16120,99829,7698,48091,5411,92130,11173,5361,5812
16125,99860,7702,48106,5413,92158,11177,5363,5814
16130,99891,7707,48122,5417,92183,11181,5366,5815
16135,99922,7712,48133,5419,92210,11185,5367,5818
16140,99953,7715,48140,5419,92236,11189,5368,5821
16145,99984,7722,48153,5424,92262,11193,5369,5824
16150,100015,7724,48168,5425,92291,11197,5371,5826
16155,100046,7726,48183,5427,92320,11201,5373,5828
16160,100077,7729,48196,5428,92348,11205,5374,5831
16165,100108,7733,48210,5431,92375,11209,5376,5833
16170,100139,7737,48230,5435,92402,11213,5378,5835
16175,100170,7740,48246,5438,92430,11217,5378,5839
16180,100201,7743,48265,5440,92457,11221,5381,5840
16185,100232,7745,48276,5442,92487,11225,5382,5843
16190,100263,7747,48286,5444,92516,11229,5385,5844
16195,100294,7749,48302,5445,92542,11233,5388,5845
16200,100325,7752,48317,5447,92572,11237,5390,5847
16205,100356,7752,48330,5447,92604,11240,5391,5849
16210,100387,7752,48342,5447,92634,11243,5393,5850
16215,100418,7752,48359,5447,92663,11246,5393,5853
16220,100449,7752,48376,5447,92697,11249,5395,5854
16225,100480,7752,48391,5447,92727,11252,5395,5857
16230,100511,7752,48405,5447,92758,11255,5395,5860
16235,100542,7752,48420,5447,92789,11258,5397,5861
16240,100573,7752,48442,5447,92820,11261,5399,5862
16245,100604,7752,48457,5447,92851,11264,5401,5863
16250,100635,7752,48466,5447,92883,11267,5401,5866
16255,100666,7753,48481,5447,92911,11270,5403,5867
16260,100697,7756,48497,5449,92939,11273,5404,5869
16265,100728,7758,48507,5450,92969,11275,5404,5871
16270,100759,7762,48519,5453,92997,11277,5406,5871
16275,100790,7764,48533,5454,93026,11279,5407,5872
16280,100821,7766,48546,5455,93055,11281,5408,5873
16285,100852,7769,48556,5458,93082,11283,5409,5874
16290,100883,7772,48569,5460,93111,11285,5411,5874
16295,100914,7774,48580,5460,93140,11287,5413,5874
16300,100945,7776,48598,5461,93169,11289,5413,5876
16305,100976,7778,48615,5463,93198,11292,5416,5876
16310,101007,7784,48628,5467,93222,11295,5417,5878
16315,101038,7792,48647,5475,93246,11298,5418,5880
16320,101069,7796,48661,5479,93273,11301,5420,5881
16325,101100,7800,48672,5480,93299,11304,5420,5884
16330,101131,7805,48684,5482,93324,11307,5422,5885
16335,101162,7808,48697,5484,93353,11310,5423,5887
16340,101193,7810,48710,5485,93382,11313,5423,5890
16345,101224,7813,48730,5487,93410,11316,5423,5893
16350,101255,7816,48749,5489,93437,11319,5425,5894
16355,101286,7818,48760,5490,93467,11322,5426,5896
16360,101317,7821,48780,5492,93493,11325,5428,5897
16365,101348,7823,48794,5493,93523,11329,5430,5899
16370,101379,7827,48809,5496,93550,11333,5432,5901
16375,101410,7831,48820,5498,93578,11337,5434,5903
16380,101441,7835,48836,5501,93603,11341,5435,5906
16385,101472,7840,48849,5505,93630,11344,5436,5908
16390,101503,7842,48867,5506,93660,11347,5438,5909
16395,101534,7844,48883,5508,93690,11350,5440,5910
16400,101565,7846,48899,5509,93717,11353,5442,5911
16405,101596,7848,48917,5510,93748,11356,5444,5912
16410,101627,7849,48926,5511,93778,11359,5445,5914
16415,101658,7850,48942,5512,93806,11362,5446,5916
16420,101689,7850,48956,5512,93839,11365,5447,5918
16425,101720,7850,48972,5512,93869,11368,5448,5920
16430,101751,7850,48991,5512,93900,11371,5451,5920
16435,101782,7850,49001,5512,93932,11374,5452,5922
16440,101813,7852,49022,5514,93960,11377,5454,5923
16445,101844,7855,49036,5517,93989,11380,5456,5924
16450,101875,7857,49057,5519,94018,11383,5457,5926
16455,101906,7858,49071,5520,94047,11386,5458,5928
16460,101937,7861,49086,5522,94075,11389,5461,5928
16465,101968,7864,49099,5525,94104,11392,5462,5930
16470,101999,7866,49120,5527,94131,11395,5464,5931
16475,102030,7871,49140,5532,94159,11398,5465,5933
16480,102061,7871,49150,5532,94190,11401,5465,5936
16485,102092,7871,49165,5532,94221,11404,5466,5938
16490,102123,7871,49170,5532,94251,11408,5466,5942
16495,102154,7874,49186,5534,94280,11412,5468,5944
16500,102185,7877,49201,5536,94305,11416,5470,5946
16505,102216,7879,49216,5538,94334,11420,5473,5947
16510,102247,7881,49227,5540,94366,11424,5473,5951
16515,102278,7883,49239,5541,94393,11428,5474,5954
16520,102309,7886,49248,5543,94422,11432,5477,5955
16525,102340,7889,49263,5545,94450,11436,5478,5958
16530,102371,7893,49279,5549,94478,11440,5480,5960
16535,102402,7896,49293,5551,94506,11444,5480,5964
16540,102433,7897,49311,5552,94535,11448,5483,5965
16545,102464,7898,49328,5553,94565,11452,5485,5967
16550,102495,7899,49342,5554,94596,11456,5486,5970
16555,102526,7900,49354,5554,94625,11460,5487,5973
16560,102557,7901,49372,5554,94655,11464,5490,5974
16565,102588,7902,49388,5554,94686,11467,5492,5975
16570,102619,7903,49400,5555,94716,11470,5494,5976
16575,102650,7905,49414,5556,94745,11473,5496,5977
16580,102681,7907,49430,5558,94772,11476,5498,5978
16585,102712,7912,49446,5562,94799,11479,5499,5980
16590,102743,7916,49459,5564,94827,11482,5501,5981
16595,102774,7919,49476,5565,94854,11485,5502,5983
16600,102805,7923,49495,5568,94882,11488,5505,5983
16605,102836,7926,49509,5569,94910,11491,5507,5984
16610,102867,7929,49531,5572,94937,11494,5509,5985
16615,102898,7934,49547,5577,94963,11497,5510,5987
16620,102929,7939,49561,5581,94990,11500,5512,5988
16625,102960,7945,49576,5585,95014,11503,5515,5988
16630,102991,7947,49590,5586,95044,11506,5517,5989
16635,103022,7949,49601,5588,95073,11509,5517,5992
16640,103053,7951,49617,5589,95100,11512,5519,5993
16645,103084,7953,49633,5590,95130,11515,5519,5996
16650,103115,7954,49647,5590,95161,11518,5520,5998
16655,103146,7955,49661,5590,95191,11521,5521,6000
16660,103177,7957,49676,5592,95218,11524,5522,6002
16665,103208,7960,49692,5594,95246,11528,5524,6004
16670,103239,7962,49704,5595,95276,11532,5526,6006
16675,103270,7965,49722,5598,95305,11536,5528,6008
16680,103301,7967,49736,5600,95333,11540,5530,6010
16685,103332,7969,49755,5602,95363,11544,5532,6012
16690,103363,7970,49770,5603,95393,11548,5534,6014
16695,103394,7971,49787,5604,95423,11552,5538,6014
16700,103425,7973,49800,5605,95452,11556,5541,6015
16705,103456,7975,49812,5606,95481,11560,5542,6018
16710,103487,7978,49829,5608,95509,11564,5543,6021
16715,103518,7978,49843,5608,95540,11568,5546,6022
16720,103549,7978,49857,5608,95571,11572,5549,6023
16725,103580,7978,49874,5608,95602,11576,5551,6025
16730,103611,7978,49892,5608,95633,11580,5554,6026
16735,103642,7979,49904,5608,95663,11584,5557,6027
16740,103673,7980,49919,5608,95693,11588,5559,6029
16745,103704,7981,49932,5608,95722,11591,5559,6032
16750,103735,7984,49945,5610,95749,11594,5561,6033
16755,103766,7989,49961,5615,95775,11597,5563,6034
16760,103797,7993,49977,5619,95801,11600,5565,6035
16765,103828,7997,49989,5621,95829,11603,5566,6037
16770,103859,8001,50006,5625,95856,11606,5568,6038
16775,103890,8005,50020,5628,95884,11609,5570,6039
16780,103921,8009,50031,5631,95911,11612,5570,6042
16785,103952,8011,50047,5632,95937,11615,5572,6043
16790,103983,8014,50062,5634,95969,11618,5573,6045
16795,104014,8016,50080,5636,95995,11621,5574,6047
16800,104045,8018,50097,5638,96027,11624,5575,6049
16805,104076,8020,50110,5640,96056,11627,5575,6052
16810,104107,8022,50126,5642,96083,11630,5576,6054
16815,104138,8023,50138,5642,96115,11633,5578,6055
16820,104169,8025,50153,5643,96143,11636,5580,6056
16825,104200,8028,50171,5645,96170,11639,5581,6058
16830,104231,8030,50181,5645,96201,11642,5583,6059
16835,104262,8032,50192,5645,96230,11645,5584,6061
16840,104293,8035,50205,5647,96258,11648,5586,6062
16845,104324,8039,50218,5650,96285,11652,5587,6065
16850,104355,8041,50235,5652,96314,11656,5589,6067
16855,104386,8044,50253,5655,96341,11660,5591,6069
16860,104417,8048,50266,5657,96369,11664,5594,6070
16865,104448,8049,50275,5658,96399,11667,5595,6072
16870,104479,8050,50284,5658,96429,11670,5595,6075
16875,104510,8051,50302,5659,96459,11673,5596,6077
16880,104541,8052,50321,5659,96489,11676,5599,6077
16885,104572,8053,50336,5659,96519,11679,5601,6078
16890,104603,8054,50350,5660,96549,11682,5603,6079
16895,104634,8056,50359,5662,96578,11685,5605,6080
16900,104665,8058,50376,5663,96607,11688,5605,6083
16905,104696,8062,50393,5665,96634,11691,5606,6085
16910,104727,8064,50407,5665,96663,11694,5608,6086
16915,104758,8068,50424,5669,96689,11697,5611,6086
16920,104789,8072,50440,5671,96716,11700,5614,6086
16925,104820,8076,50451,5674,96743,11703,5616,6087
16930,104851,8083,50470,5680,96767,11706,5617,6089
16935,104882,8090,50482,5685,96791,11709,5618,6091
16940,104913,8097,50496,5691,96815,11712,5618,6094
16945,104944,8099,50505,5693,96845,11715,5619,6096
16950,104975,8101,50515,5694,96873,11718,5621,6097
16955,105006,8101,50531,5694,96903,11721,5623,6098
16960,105037,8101,50544,5694,96935,11724,5624,6100
16965,105068,8101,50557,5694,96967,11728,5626,6102
16970,105099,8102,50572,5694,96995,11732,5628,6104
16975,105130,8103,50586,5694,97026,11736,5629,6107
16980,105161,8104,50601,5695,97056,11740,5632,6108
16985,105192,8105,50611,5695,97087,11744,5634,6110
16990,105223,8106,50623,5695,97116,11748,5636,6112
16995,105254,8107,50638,5695,97146,11752,5639,6113
17000,105285,8108,50655,5695,97176,11756,5640,6116
17005,105316,8109,50664,5696,97206,11760,5642,6118
17010,105347,8110,50678,5696,97236,11764,5643,6121
17015,105378,8112,50697,5698,97264,11768,5645,6123
17020,105409,8113,50714,5699,97296,11772,5649,6123
17025,105440,8115,50731,5700,97325,11776,5651,6125
17030,105471,8117,50752,5701,97354,11780,5652,6128
17035,105502,8119,50767,5703,97383,11784,5655,6129
17040,105533,8122,50784,5706,97410,11788,5657,6131
17045,105564,8125,50795,5708,97439,11792,5658,6134
17050,105595,8128,50809,5710,97466,11796,5660,6136
17055,105626,8130,50824,5712,97496,11800,5661,6139
17060,105657,8132,50839,5712,97524,11804,5663,6141
17065,105688,8136,50857,5715,97552,11808,5666,6142
17070,105719,8138,50872,5717,97581,11812,5668,6144
17075,105750,8140,50889,5719,97610,11816,5671,6145
17080,105781,8142,50901,5719,97638,11820,5672,6148
17085,105812,8145,50917,5722,97667,11824,5676,6148
17090,105843,8148,50935,5725,97693,11828,5679,6149
17095,105874,8154,50946,5729,97720,11832,5681,6151
17100,105905,8160,50963,5735,97744,11836,5683,6153
17105,105936,8164,50979,5738,97771,11840,5685,6155
17110,105967,8169,50998,5742,97798,11844,5685,6159
17115,105998,8172,51012,5744,97825,11848,5685,6163
17120,106029,8175,51024,5746,97853,11852,5687,6165
17125,106060,8178,51039,5748,97881,11856,5689,6167
17130,106091,8180,51052,5750,97911,11860,5692,6168
17135,106122,8181,51073,5751,97940,11864,5695,6169
17140,106153,8183,51087,5753,97969,11868,5696,6172
17145,106184,8187,51100,5756,97996,11872,5697,6175
17150,106215,8187,51114,5756,98028,11876,5700,6176
17155,106246,8188,51130,5757,98058,11880,5703,6177
17160,106277,8189,51150,5758,98087,11884,5704,6180
17165,106308,8190,51166,5759,98117,11887,5707,6180
17170,106339,8191,51178,5759,98146,11890,5710,6180
17175,106370,8192,51192,5759,98176,11893,5713,6180
17180,106401,8193,51203,5760,98207,11896,5714,6182
17185,106432,8194,51216,5761,98238,11899,5714,6185
17190,106463,8195,51226,5761,98268,11902,5715,6187
17195,106494,8197,51239,5763,98297,11905,5717,6188
17200,106525,8198,51252,5764,98327,11908,5718,6190
17205,106556,8201,51265,5766,98354,11911,5720,6191
17210,106587,8204,51282,5769,98382,11914,5721,6193
17215,106618,8206,51295,5770,98411,11917,5722,6195
17220,106649,8209,51313,5773,98437,11920,5724,6196
17225,106680,8215,51324,5778,98463,11923,5724,6199
17230,106711,8219,51340,5781,98491,11926,5725,6201
17235,106742,8222,51354,5783,98519,11929,5727,6202
17240,106773,8225,51362,5785,98548,11932,5727,6205
17245,106804,8227,51378,5787,98576,11935,5727,6208
17250,106835,8232,51391,5791,98602,11938,5728,6210
17255,106866,8236,51407,5794,98630,11941,5730,6211
17260,106897,8239,51420,5796,98658,11944,5731,6213
17265,106928,8244,51440,5800,98684,11948,5734,6214
17270,106959,8246,51456,5801,98713,11952,5735,6217
17275,106990,8247,51469,5801,98743,11956,5738,6218
17280,107021,8251,51487,5804,98770,11960,5740,6220
17285,107052,8252,51504,5804,98799,11963,5742,6221
17290,107083,8254,51521,5805,98829,11966,5744,6222
17295,107114,8256,51536,5806,98857,11969,5746,6223
17300,107145,8257,51552,5806,98888,11972,5749,6223
17305,107176,8258,51568,5807,98917,11975,5751,6224
17310,107207,8260,51587,5809,98946,11978,5752,6226
17315,107238,8260,51601,5809,98978,11981,5754,6227
17320,107269,8260,51616,5809,99008,11984,5755,6229
17325,107300,8260,51631,5809,99038,11987,5756,6231
17330,107331,8260,51642,5809,99070,11990,5756,6234
17335,107362,8261,51657,5810,99101,11993,5756,6237
17340,107393,8262,51677,5811,99129,11996,5758,6238
17345,107424,8263,51693,5811,99161,11998,5760,6238
17350,107455,8264,51708,5812,99190,12000,5761,6239
17355,107486,8265,51719,5813,99221,12002,5763,6239
17360,107517,8266,51729,5814,99251,12004,5764,6240
17365,107548,8267,51745,5815,99279,12006,5765,6241
17370,107579,8270,51762,5818,99306,12008,5766,6242
17375,107610,8273,51780,5821,99336,12010,5767,6243
17380,107641,8276,51794,5823,99364,12012,5768,6244
17385,107672,8278,51807,5824,99392,12015,5769,6246
17390,107703,8282,51820,5828,99420,12018,5770,6248
17395,107734,8286,51836,5830,99447,12021,5772,6249
17400,107765,8289,51850,5832,99476,12024,5774,6250
17405,107796,8292,51864,5833,99503,12027,5776,6251
17410,107827,8296,51879,5836,99531,12030,5777,6253
17415,107858,8299,51892,5838,99558,12033,5779,6254
17420,107889,8304,51904,5841,99585,12036,5782,6254
17425,107920,8309,51920,5845,99610,12039,5783,6256
17430,107951,8312,51935,5847,99638,12042,5785,6257
17435,107982,8316,51952,5850,99664,12045,5787,6258
17440,108013,8322,51966,5856,99690,12048,5788,6260
17445,108044,8326,51976,5858,99718,12051,5788,6263
17450,108075,8330,51990,5861,99745,12055,5790,6265
17455,108106,8332,51999,5861,99774,12059,5792,6267
17460,108137,8336,52015,5864,99801,12063,5793,6270
17465,108168,8337,52030,5864,99831,12066,5794,6272
17470,108199,8338,52045,5864,99861,12069,5796,6273
17475,108230,8340,52068,5865,99890,12072,5797,6275
17480,108261,8342,52084,5866,99919,12075,5800,6275
17485,108292,8344,52098,5868,99948,12078,5803,6275
17490,108323,8346,52113,5870,99976,12081,5805,6276
17495,108354,8347,52126,5871,100006,12084,5806,6278
17500,108385,8348,52137,5872,100037,12087,5808,6279
17505,108416,8349,52152,5873,100064,12090,5810,6280
17510,108447,8352,52162,5875,100095,12093,5812,6281
17515,108478,8352,52183,5875,100123,12096,5814,6282
17520,108509,8352,52200,5875,100156,12099,5814,6285
17525,108540,8352,52211,5875,100188,12102,5815,6287
17530,108571,8352,52224,5875,100217,12105,5816,6289
17535,108602,8352,52240,5875,100249,12108,5818,6290
17540,108633,8353,52255,5876,100280,12111,5820,6291
17545,108664,8354,52272,5876,100310,12114,5823,6291
17550,108695,8355,52288,5877,100339,12117,5824,6293
17555,108726,8356,52302,5877,100370,12120,5825,6295
17560,108757,8357,52320,5877,100400,12123,5828,6295
17565,108788,8358,52340,5878,100429,12127,5831,6296
17570,108819,8361,52355,5881,100458,12131,5832,6299
17575,108850,8364,52375,5883,100486,12135,5833,6302
17580,108881,8366,52391,5884,100514,12139,5835,6304
17585,108912,8368,52405,5886,100544,12143,5837,6306
17590,108943,8370,52418,5888,100573,12147,5840,6307
17595,108974,8373,52431,5889,100601,12151,5843,6308
17600,109005,8376,52444,5890,100629,12155,5845,6310
17605,109036,8378,52457,5891,100658,12159,5845,6314
17610,109067,8381,52469,5893,100686,12163,5847,6316
17615,109098,8384,52485,5894,100713,12167,5850,6317
17620,109129,8389,52499,5898,100738,12171,5853,6318
17625,109160,8395,52517,5903,100764,12175,5856,6319
17630,109191,8403,52535,5910,100787,12179,5858,6321
17635,109222,8411,52550,5916,100810,12183,5861,6322
17640,109253,8417,52565,5920,100835,12187,5863,6324
17645,109284,8420,52578,5922,100863,12191,5863,6328
17650,109315,8422,52591,5923,100891,12195,5867,6328
17655,109346,8423,52598,5923,100922,12199,5868,6331
17660,109377,8425,52613,5925,100951,12203,5871,6332
17665,109408,8427,52627,5927,100981,12207,5873,6334
17670,109439,8429,52643,5929,101008,12211,5876,6335
17675,109470,8432,52655,5931,101038,12215,5878,6337
17680,109501,8434,52667,5932,101067,12219,5880,6339
17685,109532,8436,52685,5934,101096,12223,5882,6341
17690,109563,8439,52698,5937,101123,12227,5882,6345
17695,109594,8439,52721,5937,101153,12231,5886,6345
17700,109625,8439,52734,5937,101186,12235,5888,6347
17705,109656,8439,52751,5937,101216,12238,5889,6349
17710,109687,8439,52766,5937,101247,12241,5889,6352
17715,109718,8439,52779,5937,101278,12244,5890,6354
17720,109749,8439,52796,5937,101309,12247,5891,6356
17725,109780,8439,52816,5937,101340,12250,5891,6359
17730,109811,8439,52838,5937,101372,12253,5892,6361
17735,109842,8439,52854,5937,101403,12256,5893,6363
17740,109873,8439,52873,5937,101434,12259,5894,6365
17745,109904,8439,52885,5937,101465,12262,5894,6368
17750,109935,8441,52898,5937,101493,12265,5896,6369
17755,109966,8444,52911,5939,101521,12268,5897,6371
17760,109997,8447,52933,5941,101549,12271,5900,6371
17765,110028,8452,52953,5946,101575,12274,5902,6372
17770,110059,8457,52964,5950,101601,12277,5903,6374
17775,110090,8461,52977,5954,101629,12280,5904,6376
17780,110121,8465,52998,5957,101655,12283,5905,6378
17785,110152,8469,53014,5960,101683,12286,5906,6380
17790,110183,8470,53031,5961,101713,12289,5908,6381
17795,110214,8471,53044,5961,101743,12292,5909,6383
17800,110245,8473,53063,5962,101772,12295,5911,6384
17805,110276,8475,53077,5963,101801,12299,5912,6387
17810,110307,8477,53097,5964,101829,12303,5914,6389
17815,110338,8479,53115,5965,101858,12307,5916,6391
17820,110369,8481,53134,5966,101888,12311,5918,6393
17825,110400,8483,53152,5967,101917,12314,5919,6395
17830,110431,8485,53169,5968,101945,12317,5921,6396
17835,110462,8488,53186,5970,101972,12320,5922,6398
17840,110493,8491,53202,5973,102000,12323,5923,6400
17845,110524,8493,53216,5973,102030,12326,5925,6401
17850,110555,8497,53224,5975,102058,12329,5925,6404
17855,110586,8501,53237,5978,102085,12332,5926,6406
17860,110617,8506,53251,5982,102111,12335,5926,6409
17865,110648,8509,53261,5985,102139,12338,5927,6411
17870,110679,8514,53278,5990,102165,12341,5928,6413
17875,110710,8518,53295,5993,102192,12344,5928,6416
17880,110741,8521,53309,5996,102220,12347,5929,6418
17885,110772,8522,53323,5997,102250,12350,5929,6421
17890,110803,8524,53338,5999,102278,12353,5930,6423
17895,110834,8528,53357,6002,102306,12356,5931,6425
17900,110865,8531,53373,6004,102333,12359,5934,6425
17905,110896,8536,53389,6008,102359,12362,5935,6427
17910,110927,8539,53403,6011,102388,12365,5938,6427
17915,110958,8540,53418,6012,102417,12368,5938,6430
17920,110989,8542,53438,6014,102445,12371,5940,6431
17925,111020,8546,53452,6017,102473,12375,5942,6433
17930,111051,8549,53465,6020,102502,12379,5942,6437
17935,111082,8550,53476,6021,102531,12383,5943,6440
17940,111113,8551,53491,6022,102561,12387,5944,6443
17945,111144,8554,53499,6025,102590,12391,5944,6447
17950,111175,8556,53519,6026,102617,12395,5948,6447
17955,111206,8556,53538,6026,102648,12399,5950,6449
17960,111237,8556,53556,6026,102678,12403,5951,6452
17965,111268,8556,53568,6026,102710,12407,5952,6455
17970,111299,8556,53582,6026,102742,12411,5955,6456
17975,111330,8556,53595,6026,102773,12415,5956,6459
17980,111361,8556,53610,6026,102803,12419,5957,6462
17985,111392,8556,53627,6026,102835,12423,5961,6462
17990,111423,8557,53639,6026,102865,12427,5963,6464
17995,111454,8558,53652,6027,102895,12431,5965,6466
18000,111485,8559,53665,6027,102926,12435,5966,6469
18005,111516,8560,53680,6028,102956,12438,5968,6470
18010,111547,8561,53691,6029,102986,12441,5968,6473
18015,111578,8563,53705,6031,103015,12444,5970,6474
18020,111609,8565,53723,6033,103044,12447,5971,6476
18025,111640,8567,53737,6034,103073,12450,5972,6478
18030,111671,8569,53754,6035,103102,12453,5972,6481
18035,111702,8571,53775,6037,103130,12456,5973,6483
18040,111733,8573,53789,6038,103160,12459,5975,6484
18045,111764,8575,53805,6039,103188,12462,5975,6487
18050,111795,8577,53823,6040,103216,12465,5976,6489
18055,111826,8582,53837,6042,103244,12468,5978,6490
18060,111857,8586,53853,6045,103270,12471,5978,6493
18065,111888,8591,53870,6049,103296,12474,5980,6494
18070,111919,8597,53881,6054,103321,12477,5980,6497
18075,111950,8603,53895,6058,103347,12480,5980,6500
18080,111981,8608,53905,6061,103373,12483,5981,6502
18085,112012,8614,53927,6066,103397,12486,5982,6504
18090,112043,8619,53938,6069,103424,12489,5984,6505
18095,112074,8625,53954,6073,103448,12492,5986,6506
18100,112105,8630,53968,6076,103475,12495,5988,6507
18105,112136,8634,53983,6078,103502,12499,5992,6507
18110,112167,8636,53993,6079,103529,12503,5993,6510
18115,112198,8639,54010,6081,103558,12507,5994,6513
18120,112229,8641,54026,6083,103587,12511,5997,6514
18125,112260,8643,54043,6084,103617,12515,6000,6515
18130,112291,8646,54056,6086,103643,12519,6001,6518
18135,112322,8649,54072,6089,103673,12523,6002,6521
18140,112353,8649,54088,6089,103703,12527,6004,6523
18145,112384,8649,54099,6089,103735,12531,6005,6526
18150,112415,8649,54113,6089,103765,12535,6008,6527
18155,112446,8649,54130,6089,103796,12539,6011,6528
18160,112477,8649,54147,6089,103827,12543,6013,6530
18165,112508,8649,54160,6089,103856,12547,6016,6531
18170,112539,8649,54169,6089,103889,12551,6019,6532
18175,112570,8649,54187,6089,103917,12555,6022,6533
18180,112601,8649,54201,6089,103950,12559,6023,6536
18185,112632,8649,54217,6089,103983,12563,6026,6537
18190,112663,8649,54231,6089,104013,12567,6027,6540
18195,112694,8649,54247,6089,104044,12571,6030,6541
18200,112725,8649,54263,6089,104076,12575,6032,6543
18205,112756,8651,54277,6090,104105,12579,6033,6546
18210,112787,8652,54294,6091,104135,12583,6035,6548
18215,112818,8655,54305,6092,104163,12587,6036,6551
18220,112849,8658,54319,6093,104190,12591,6038,6553
18225,112880,8661,54334,6095,104218,12595,6039,6556
18230,112911,8664,54345,6097,104247,12599,6040,6559
18235,112942,8666,54357,6099,104276,12603,6042,6561
18240,112973,8668,54371,6100,104304,12607,6044,6563
18245,113004,8672,54393,6103,104331,12610,6046,6564
18250,113035,8676,54406,6106,104358,12613,6048,6565
18255,113066,8680,54417,6107,104386,12616,6049,6567
18260,113097,8683,54432,6109,104413,12619,6052,6567
18265,113128,8687,54446,6111,104441,12622,6052,6570
18270,113159,8690,54461,6113,104468,12625,6053,6572
18275,113190,8694,54474,6117,104496,12628,6054,6574
18280,113221,8698,54487,6119,104523,12631,6055,6576
18285,113252,8704,54501,6122,104548,12634,6056,6578
18290,113283,8712,54521,6128,104568,12637,6059,6578
18295,113314,8717,54539,6132,104596,12640,6062,6578
18300,113345,8722,54555,6136,104621,12643,6063,6580
18305,113376,8727,54569,6139,104649,12646,6065,6581
18310,113407,8729,54586,6139,104678,12649,6067,6582
18315,113438,8733,54603,6142,104705,12652,6069,6583
18320,113469,8737,54616,6146,104731,12655,6070,6585
18325,113500,8738,54628,6146,104761,12658,6073,6585
18330,113531,8740,54641,6147,104790,12661,6075,6586
18335,113562,8742,54659,6148,104818,12664,6077,6587
18340,113593,8743,54670,6149,104850,12667,6080,6587
18345,113624,8744,54689,6149,104879,12671,6083,6588
18350,113655,8745,54701,6149,104908,12675,6085,6590
18355,113686,8746,54714,6149,104939,12679,6085,6594
18360,113717,8747,54735,6149,104968,12683,6087,6596
18365,113748,8749,54748,6150,104999,12685,6087,6598
18370,113779,8750,54762,6151,105029,12687,6088,6599
18375,113810,8750,54777,6151,105060,12689,6090,6599
18380,113841,8750,54790,6151,105091,12691,6092,6599
18385,113872,8750,54805,6151,105122,12693,6093,6600
18390,113903,8750,54819,6151,105153,12695,6095,6600
18395,113934,8751,54837,6152,105181,12697,6096,6601
18400,113965,8754,54853,6154,105210,12699,6097,6602
18405,113996,8756,54864,6155,105239,12701,6099,6602
18410,114027,8758,54875,6156,105268,12703,6099,6604
18415,114058,8760,54894,6158,105298,12705,6100,6605
18420,114089,8761,54905,6158,105328,12707,6100,6607
18425,114120,8762,54917,6158,105357,12709,6100,6609
18430,114151,8765,54931,6160,105386,12711,6101,6610
18435,114182,8768,54944,6163,105414,12713,6102,6611
18440,114213,8770,54955,6163,105443,12715,6103,6612
18445,114244,8772,54971,6163,105472,12717,6104,6613
18450,114275,8775,54987,6164,105500,12719,6104,6615
18455,114306,8777,55000,6166,105529,12721,6104,6617
18460,114337,8780,55015,6168,105555,12723,6106,6617
18465,114368,8785,55027,6171,105582,12726,6106,6620
18470,114399,8789,55043,6174,105610,12730,6108,6622
18475,114430,8792,55062,6176,105637,12734,6112,6622
18480,114461,8795,55079,6179,105665,12738,6116,6622
18485,114492,8797,55093,6180,105694,12742,6117,6625
18490,114523,8800,55107,6182,105723,12746,6118,6628
18495,114554,8803,55119,6184,105751,12750,6119,6631
18500,114585,8806,55136,6186,105779,12754,6123,6631
18505,114616,8809,55152,6187,105807,12758,6125,6633
18510,114647,8812,55166,6188,105835,12762,6128,6634
18515,114678,8814,55185,6189,105864,12766,6130,6636
18520,114709,8817,55199,6191,105892,12770,6133,6637
18525,114740,8821,55213,6193,105919,12774,6133,6641
18530,114771,8825,55229,6195,105946,12778,6135,6643
18535,114802,8826,55247,6195,105976,12782,6137,6645
18540,114833,8827,55259,6196,106005,12786,6138,6648
18545,114864,8828,55275,6197,106035,12790,6141,6649
18550,114895,8829,55290,6198,106066,12794,6143,6651
18555,114926,8830,55305,6198,106094,12798,6144,6654
18560,114957,8832,55323,6200,106125,12802,6145,6657
18565,114988,8833,55334,6200,106154,12806,6147,6659
18570,115019,8834,55347,6200,106183,12810,6149,6661
18575,115050,8835,55364,6200,106215,12814,6153,6661
18580,115081,8837,55378,6202,106244,12818,6154,6664
18585,115112,8839,55392,6204,106273,12822,6157,6665
18590,115143,8842,55408,6206,106300,12826,6159,6667
18595,115174,8847,55423,6210,106326,12830,6161,6669
18600,115205,8852,55440,6214,106351,12834,6163,6671
18605,115236,8857,55455,6219,106378,12837,6163,6674
18610,115267,8862,55471,6223,106404,12840,6163,6677
18615,115298,8867,55483,6228,106431,12843,6163,6680
18620,115329,8870,55495,6231,106458,12846,6164,6682
18625,115360,8873,55510,6234,106487,12849,6165,6684
18630,115391,8873,55523,6234,106517,12852,6165,6687
18635,115422,8873,55536,6234,106548,12855,6166,6689
18640,115453,8874,55552,6235,106578,12858,6166,6692
18645,115484,8875,55567,6235,106608,12861,6167,6694
18650,115515,8876,55584,6236,106635,12864,6169,6695
18655,115546,8877,55600,6236,106668,12867,6170,6697
18660,115577,8878,55611,6236,106698,12870,6170,6700
18665,115608,8879,55626,6237,106729,12873,6172,6701
18670,115639,8880,55642,6237,106759,12876,6173,6703
18675,115670,8881,55660,6238,106789,12879,6175,6704
18680,115701,8882,55676,6239,106819,12882,6176,6706
18685,115732,8883,55689,6239,106849,12885,6177,6708
18690,115763,8884,55702,6240,106879,12888,6178,6710
18695,115794,8885,55716,6241,106909,12891,6180,6711
18700,115825,8886,55731,6241,106939,12894,6182,6712
18705,115856,8888,55748,6243,106968,12898,6185,6713
18710,115887,8889,55760,6243,106998,12902,6185,6717
18715,115918,8891,55780,6244,107027,12906,6187,6719
18720,115949,8892,55793,6244,107057,12910,6188,6722
18725,115980,8895,55813,6246,107082,12914,6190,6724
18730,116011,8900,55829,6249,107109,12918,6194,6724
18735,116042,8905,55840,6253,107136,12922,6195,6727
18740,116073,8909,55860,6256,107161,12926,6198,6728
18745,116104,8915,55879,6262,107189,12930,6201,6729
18750,116135,8917,55896,6262,107217,12934,6202,6732
18755,116166,8919,55908,6262,107246,12938,6203,6735
18760,116197,8922,55924,6264,107275,12942,6206,6736
18765,116228,8926,55944,6267,107301,12946,6208,6738
18770,116259,8931,55960,6271,107326,12950,6209,6741
18775,116290,8936,55974,6274,107352,12954,6211,6743
18780,116321,8943,55991,6279,107374,12958,6214,6744
18785,116352,8947,56004,6283,107405,12962,6217,6745
18790,116383,8949,56018,6285,107434,12966,6217,6749
18795,116414,8951,56034,6286,107463,12970,6219,6751
18800,116445,8953,56050,6287,107492,12974,6222,6752
18805,116476,8955,56066,6288,107520,12978,6225,6753
18810,116507,8957,56081,6290,107548,12982,6226,6756
18815,116538,8958,56096,6291,107579,12986,6228,6758
18820,116569,8961,56110,6293,107608,12990,6229,6761
18825,116600,8963,56123,6294,107637,12994,6230,6764
18830,116631,8964,56137,6295,107666,12998,6231,6767
18835,116662,8967,56155,6297,107693,13002,6233,6769
18840,116693,8968,56168,6298,107725,13006,6234,6772
18845,116724,8968,56178,6298,107756,13009,6235,6774
18850,116755,8968,56191,6298,107787,13012,6237,6775
18855,116786,8969,56205,6298,107817,13015,6237,6778
18860,116817,8970,56220,6298,107847,13018,6239,6779
18865,116848,8971,56232,6298,107877,13021,6240,6781
18870,116879,8973,56245,6300,107906,13024,6241,6783
18875,116910,8974,56260,6301,107936,13027,6242,6785
18880,116941,8976,56276,6302,107965,13030,6242,6788
18885,116972,8977,56286,6302,107995,13033,6243,6790
18890,117003,8979,56300,6304,108024,13036,6244,6792
18895,117034,8983,56315,6307,108050,13039,6246,6793
18900,117065,8987,56329,6310,108077,13042,6248,6794
18905,117096,8992,56344,6314,108102,13044,6250,6794
18910,117127,8999,56361,6320,108127,13046,6251,6795
18915,117158,9005,56377,6324,108151,13048,6252,6796
18920,117189,9011,56393,6329,108177,13050,6254,6796
18925,117220,9014,56408,6332,108205,13052,6255,6797
18930,117251,9014,56423,6332,108236,13054,6256,6798
18935,117282,9014,56438,6332,108268,13056,6256,6800
18940,117313,9014,56453,6332,108299,13058,6256,6802
18945,117344,9014,56467,6332,108329,13061,6257,6804
18950,117375,9015,56484,6332,108357,13064,6259,6805
18955,117406,9016,56499,6332,108390,13067,6261,6806
18960,117437,9017,56520,6333,108418,13070,6264,6806
18965,117468,9018,56532,6333,108449,13073,6267,6806
18970,117499,9019,56547,6334,108480,13076,6268,6808
18975,117530,9020,56561,6335,108510,13079,6270,6809
18980,117561,9021,56578,6335,108540,13082,6272,6810
18985,117592,9022,56592,6335,108570,13085,6273,6812
18990,117623,9023,56609,6336,108600,13088,6273,6815
18995,117654,9025,56623,6338,108629,13091,6274,6817
19000,117685,9026,56638,6339,108659,13094,6276,6818
19005,117716,9027,56655,6340,108689,13098,6277,6821
19010,117747,9030,56670,6343,108717,13102,6279,6823
19015,117778,9032,56681,6344,108746,13106,6281,6825
19020,117809,9033,56690,6345,108776,13110,6281,6829
19025,117840,9037,56703,6348,108802,13114,6282,6832
19030,117871,9043,56716,6352,108826,13118,6284,6834
19035,117902,9049,56734,6356,108852,13122,6287,6835
19040,117933,9053,56745,6358,108879,13126,6288,6838
19045,117964,9056,56763,6360,108907,13130,6290,6840
19050,117995,9059,56778,6363,108935,13134,6294,6840
19055,118026,9062,56789,6364,108963,13138,6294,6844
19060,118057,9065,56803,6365,108991,13142,6295,6847
19065,118088,9070,56816,6370,109018,13146,6296,6850
19070,118119,9074,56831,6373,109044,13150,6298,6852
19075,118150,9078,56846,6376,109072,13154,6299,6855
19080,118181,9081,56863,6378,109100,13158,6302,6856
19085,118212,9083,56880,6380,109128,13162,6304,6858
19090,118243,9085,56898,6382,109155,13166,6307,6859
19095,118274,9089,56911,6385,109183,13170,6310,6860
19100,118305,9093,56923,6389,109212,13174,6311,6863
19105,118336,9094,56941,6390,109239,13178,6312,6866
19110,118367,9097,56956,6392,109266,13182,6315,6867
19115,118398,9100,56972,6395,109295,13186,6318,6868
19120,118429,9100,56987,6395,109328,13190,6320,6870
19125,118460,9100,56999,6395,109360,13194,6320,6874
19130,118491,9100,57019,6395,109388,13198,6323,6875
19135,118522,9100,57038,6395,109422,13202,6325,6877
19140,118553,9100,57054,6395,109452,13206,6328,6878
19145,118584,9101,57072,6396,109483,13210,6331,6879
19150,118615,9102,57091,6396,109513,13214,6334,6880
19155,118646,9103,57106,6396,109543,13218,6336,6882
19160,118677,9104,57123,6397,109573,13222,6339,6883
19165,118708,9105,57140,6398,109603,13226,6342,6884
19170,118739,9106,57154,6399,109633,13230,6344,6886
19175,118770,9108,57168,6401,109662,13234,6346,6888
19180,118801,9109,57189,6402,109691,13238,6349,6889
19185,118832,9113,57204,6406,109718,13242,6349,6893
19190,118863,9117,57222,6409,109744,13246,6352,6894
19195,118894,9121,57235,6411,109772,13250,6353,6897
19200,118925,9125,57256,6414,109799,13254,6356,6898
19205,118956,9130,57275,6419,109824,13257,6359,6898
19210,118987,9135,57293,6423,109851,13260,6360,6900
19215,119018,9139,57309,6425,109878,13263,6361,6902
19220,119049,9143,57323,6427,109906,13266,6362,6904
19225,119080,9145,57339,6428,109935,13269,6363,6906
19230,119111,9148,57348,6429,109963,13272,6364,6908
19235,119142,9150,57366,6431,109992,13275,6366,6909
19240,119173,9152,57376,6432,110021,13278,6368,6910
19245,119204,9156,57395,6434,110048,13281,6369,6912
19250,119235,9160,57413,6437,110075,13284,6371,6913
19255,119266,9163,57424,6439,110102,13287,6372,6915
19260,119297,9166,57437,6442,110129,13290,6373,6917
19265,119328,9171,57452,6447,110154,13292,6374,6918
19270,119359,9175,57462,6450,110183,13294,6375,6919
19275,119390,9176,57477,6451,110212,13296,6376,6920
19280,119421,9179,57490,6454,110239,13298,6376,6922
19285,119452,9182,57506,6456,110269,13300,6377,6923
19290,119483,9182,57523,6456,110300,13302,6379,6923
19295,119514,9182,57539,6456,110329,13304,6381,6923
19300,119545,9182,57553,6456,110361,13306,6382,6924
19305,119576,9182,57569,6456,110393,13309,6383,6926
19310,119607,9182,57578,6456,110424,13312,6383,6929
19315,119638,9182,57588,6456,110456,13315,6384,6931
19320,119669,9182,57599,6456,110486,13318,6386,6932
19325,119700,9182,57618,6456,110517,13321,6388,6933
19330,119731,9183,57628,6456,110548,13324,6390,6934
19335,119762,9184,57645,6457,110577,13327,6392,6935
19340,119793,9185,57658,6458,110608,13330,6394,6936
19345,119824,9187,57673,6460,110637,13333,6397,6936
19350,119855,9188,57690,6461,110666,13336,6399,6937
19355,119886,9190,57703,6463,110696,13339,6401,6938
19360,119917,9191,57716,6463,110725,13342,6402,6940
19365,119948,9194,57730,6465,110754,13345,6404,6941
19370,119979,9197,57749,6468,110781,13349,6405,6944
19375,120010,9200,57763,6469,110809,13353,6407,6946
19380,120041,9203,57782,6471,110837,13357,6410,6947
19385,120072,9207,57802,6475,110864,13360,6411,6949
19390,120103,9213,57819,6480,110890,13363,6412,6951
19395,120134,9218,57829,6483,110916,13366,6414,6952
19400,120165,9222,57842,6485,110943,13369,6416,6953
19405,120196,9227,57852,6488,110969,13372,6418,6954
19410,120227,9232,57870,6493,110995,13375,6421,6954
19415,120258,9237,57882,6497,111021,13378,6422,6956
19420,120289,9242,57899,6500,111047,13381,6422,6959
19425,120320,9245,57912,6502,111074,13384,6422,6962
19430,120351,9247,57927,6504,111104,13387,6424,6963
19435,120382,9248,57938,6504,111134,13390,6426,6964
19440,120413,9250,57950,6506,111163,13393,6427,6966
19445,120444,9252,57968,6508,111191,13395,6429,6966
19450,120475,9253,57982,6509,111222,13397,6431,6966
19455,120506,9254,58001,6510,111251,13399,6432,6967
19460,120537,9255,58016,6510,111281,13401,6433,6968
19465,120568,9256,58028,6511,111310,13403,6433,6970
19470,120599,9258,58046,6513,111339,13405,6433,6972
19475,120630,9260,58058,6514,111370,13407,6433,6974
19480,120661,9262,58067,6516,111398,13409,6433,6976
19485,120692,9263,58074,6516,111427,13412,6435,6977
19490,120723,9266,58091,6518,111455,13415,6436,6979
19495,120754,9267,58100,6518,111486,13418,6436,6982
19500,120785,9268,58115,6518,111515,13421,6437,6984
19505,120816,9270,58126,6519,111546,13424,6438,6986
19510,120847,9271,58138,6519,111575,13427,6439,6988
19515,120878,9273,58154,6520,111604,13430,6442,6988
19520,120909,9275,58171,6522,111633,13433,6444,6989
19525,120940,9277,58186,6524,111663,13436,6445,6991
19530,120971,9278,58196,6524,111693,13439,6445,6994
19535,121002,9281,58215,6527,111720,13442,6447,6995
19540,121033,9284,58228,6529,111749,13445,6448,6997
19545,121064,9286,58239,6529,111777,13449,6450,6999
19550,121095,9290,58254,6533,111804,13453,6452,7001
19555,121126,9295,58271,6537,111830,13457,6455,7002
19560,121157,9299,58284,6540,111857,13461,6456,7005
19565,121188,9305,58297,6545,111882,13465,6457,7008
19570,121219,9309,58307,6547,111908,13469,6459,7010
19575,121250,9315,58322,6552,111935,13473,6463,7010
19580,121281,9317,58338,6554,111964,13477,6464,7013
19585,121312,9320,58358,6556,111992,13481,6467,7014
19590,121343,9322,58371,6558,112021,13485,6468,7017
19595,121374,9324,58388,6559,112050,13489,6471,7018
19600,121405,9324,58400,6559,112081,13493,6474,7019
19605,121436,9324,58419,6559,112111,13497,6477,7020
19610,121467,9324,58432,6559,112143,13501,6478,7023
19615,121498,9324,58447,6559,112174,13505,6480,7025
19620,121529,9325,58466,6560,112202,13509,6483,7026
19625,121560,9326,58484,6561,112234,13513,6486,7027
19630,121591,9327,58494,6561,112262,13517,6487,7030
19635,121622,9328,58510,6562,112293,13521,6490,7031
19640,121653,9329,58524,6562,112323,13525,6492,7033
19645,121684,9330,58540,6562,112352,13529,6493,7036
19650,121715,9331,58557,6563,112382,13533,6495,7038
19655,121746,9332,58567,6564,112414,13537,6497,7040
19660,121777,9333,58580,6564,112444,13541,6499,7042
19665,121808,9334,58598,6565,112472,13545,6500,7045
19670,121839,9335,58612,6566,112502,13549,6503,7046
19675,121870,9336,58625,6567,112534,13553,6504,7049
19680,121901,9337,58641,6568,112562,13557,6507,7050
19685,121932,9341,58657,6571,112589,13561,6510,7051
19690,121963,9345,58678,6574,112617,13565,6512,7053
19695,121994,9347,58695,6576,112647,13569,6514,7055
19700,122025,9350,58708,6578,112674,13573,6515,7058
19705,122056,9354,58720,6580,112702,13577,6516,7061
19710,122087,9358,58737,6583,112728,13581,6519,7062
19715,122118,9363,58750,6586,112755,13585,6519,7066
19720,122149,9367,58767,6588,112782,13589,6521,7068
19725,122180,9371,58783,6590,112808,13593,6523,7070
19730,122211,9376,58797,6593,112835,13597,6525,7072
19735,122242,9381,58812,6596,112861,13601,6528,7073
19740,122273,9386,58830,6601,112887,13605,6532,7073
19745,122304,9390,58842,6604,112913,13608,6532,7076
19750,122335,9393,58853,6607,112941,13611,6534,7077
19755,122366,9398,58867,6611,112967,13614,6535,7079
19760,122397,9401,58883,6614,112996,13617,6536,7081
19765,122428,9402,58897,6615,113026,13620,6538,7082
19770,122459,9404,58914,6616,113055,13623,6541,7082
19775,122490,9406,58930,6618,113084,13626,6542,7084
19780,122521,9408,58943,6619,113113,13629,6543,7086
19785,122552,9411,58957,6621,113141,13632,6544,7088
19790,122583,9414,58972,6624,113167,13635,6546,7089
19795,122614,9416,58983,6626,113198,13638,6547,7091
19800,122645,9416,58997,6626,113228,13641,6548,7093
19805,122676,9416,59014,6626,113259,13644,6550,7094
19810,122707,9416,59030,6626,113290,13647,6552,7095
19815,122738,9416,59046,6626,113322,13650,6554,7096
19820,122769,9416,59060,6626,113353,13653,6556,7097
19825,122800,9416,59075,6626,113384,13656,6557,7099
19830,122831,9416,59091,6626,113415,13659,6558,7101
19835,122862,9416,59104,6626,113446,13662,6559,7103
19840,122893,9416,59126,6626,113476,13665,6560,7105
19845,122924,9417,59142,6627,113507,13669,6560,7109
19850,122955,9418,59162,6628,113536,13673,6563,7110
19855,122986,9419,59172,6629,113566,13677,6564,7113
19860,123017,9420,59189,6630,113597,13681,6566,7115
19865,123048,9423,59202,6632,113625,13685,6569,7116
19870,123079,9425,59216,6633,113653,13689,6570,7119
19875,123110,9428,59232,6635,113682,13693,6572,7121
19880,123141,9431,59247,6637,113708,13697,6575,7122
19885,123172,9435,59261,6640,113736,13701,6577,7124
19890,123203,9438,59276,6643,113765,13705,6579,7126
19895,123234,9440,59288,6643,113792,13709,6581,7128
19900,123265,9444,59305,6645,113820,13713,6584,7129
19905,123296,9449,59322,6649,113847,13717,6587,7130
19910,123327,9454,59344,6654,113871,13721,6590,7131
19915,123358,9458,59365,6657,113900,13725,6594,7131
19920,123389,9460,59383,6659,113929,13729,6595,7134
19925,123420,9462,59394,6659,113958,13733,6595,7138
19930,123451,9464,59405,6659,113987,13737,6598,7139
19935,123482,9466,59423,6660,114016,13741,6601,7140
19940,123513,9469,59440,6662,114044,13745,6603,7142
19945,123544,9471,59454,6663,114073,13749,6604,7145
19950,123575,9473,59469,6664,114102,13753,6606,7147
19955,123606,9477,59486,6667,114129,13757,6609,7148
19960,123637,9481,59502,6669,114156,13761,6612,7149
19965,123668,9484,59514,6671,114184,13765,6613,7152
19970,123699,9488,59528,6673,114211,13769,6614,7155
19975,123730,9491,59541,6674,114239,13773,6615,7158
19980,123761,9496,59561,6678,114265,13777,6618,7159
19985,123792,9500,59578,6681,114292,13779,6620,7159
19990,123823,9504,59588,6684,114318,13781,6621,7160
19995,123854,9507,59605,6687,114347,13783,6622,7161
20000,123885,9509,59619,6689,114376,13785,6623,7162
20005,123916,9509,59631,6689,114407,13787,6623,7164
20010,123947,9509,59644,6689,114438,13789,6623,7166
20015,123978,9509,59653,6689,114469,13791,6624,7167
20020,124009,9509,59665,6689,114500,13793,6626,7167
20025,124040,9510,59681,6690,114527,13795,6627,7168
20030,124071,9513,59695,6693,114555,13797,6628,7169
20035,124102,9515,59703,6694,114586,13799,6628,7171
20040,124133,9517,59718,6695,114614,13801,6629,7172
20045,124164,9519,59737,6697,114643,13802,6630,7172
20050,124195,9523,59753,6700,114671,13803,6631,7172
20055,124226,9524,59766,6701,114700,13804,6631,7173
20060,124257,9527,59789,6704,114728,13805,6632,7173
20065,124288,9530,59803,6706,114757,13806,6632,7174
20070,124319,9533,59815,6708,114786,13807,6633,7174
20075,124350,9533,59833,6708,114816,13808,6634,7174
20080,124381,9533,59847,6708,114848,13809,6635,7174
20085,124412,9533,59867,6708,114878,13812,6637,7175
20090,124443,9533,59882,6708,114910,13815,6638,7177
20095,124474,9533,59893,6708,114941,13818,6638,7180
20100,124505,9534,59904,6709,114971,13821,6639,7182
20105,124536,9536,59921,6711,115000,13824,6641,7183
20110,124567,9538,59935,6711,115029,13827,6644,7183
20115,124598,9540,59953,6713,115058,13830,6646,7184
20120,124629,9542,59970,6714,115087,13833,6648,7185
20125,124660,9544,59987,6716,115116,13836,6648,7188
20130,124691,9546,60003,6716,115145,13839,6650,7189
20135,124722,9548,60017,6716,115174,13842,6653,7189
20140,124753,9550,60029,6716,115203,13845,6653,7192
20145,124784,9552,60042,6716,115232,13848,6654,7194
20150,124815,9554,60058,6717,115261,13852,6656,7196
20155,124846,9556,60071,6718,115289,13856,6657,7199
20160,124877,9559,60086,6719,115318,13860,6659,7201
20165,124908,9563,60102,6722,115345,13864,6659,7205
20170,124939,9567,60116,6725,115372,13868,6660,7208
20175,124970,9572,60135,6729,115397,13872,6662,7210
20180,125001,9578,60153,6734,115423,13876,6664,7212
20185,125032,9582,60170,6736,115447,13880,6665,7215
20190,125063,9586,60183,6739,115476,13884,6666,7218
20195,125094,9589,60196,6742,115504,13888,6670,7218
20200,125125,9596,60216,6748,115526,13892,6673,7219
20205,125156,9603,60236,6755,115551,13896,6676,7220
20210,125187,9608,60251,6759,115576,13900,6678,7222
20215,125218,9614,60267,6764,115602,13904,6681,7223
20220,125249,9618,60282,6767,115629,13908,6684,7224
20225,125280,9619,60292,6768,115660,13912,6685,7227
20230,125311,9620,60305,6768,115689,13916,6687,7229
20235,125342,9622,60320,6769,115719,13920,6689,7231
20240,125373,9624,60336,6771,115748,13924,6691,7233
20245,125404,9625,60354,6771,115778,13928,6692,7236
20250,125435,9628,60367,6773,115807,13932,6692,7240
20255,125466,9628,60384,6773,115838,13936,6695,7241
20260,125497,9628,60399,6773,115869,13940,6697,7243
20265,125528,9628,60414,6773,115900,13944,6699,7245
20270,125559,9628,60427,6773,115931,13948,6701,7247
20275,125590,9628,60445,6773,115962,13952,6703,7249
20280,125621,9628,60460,6773,115993,13956,6705,7251
20285,125652,9628,60475,6773,116024,13960,6708,7252
20290,125683,9628,60491,6773,116055,13964,6711,7253
20295,125714,9628,60507,6773,116086,13968,6712,7256
20300,125745,9628,60523,6773,116116,13972,6714,7258
20305,125776,9628,60533,6773,116148,13976,6717,7259
20310,125807,9628,60548,6773,116179,13980,6720,7260
20315,125838,9629,60568,6773,116208,13984,6724,7260
20320,125869,9630,60583,6774,116238,13988,6726,7262
20325,125900,9632,60598,6776,116268,13992,6729,7263
20330,125931,9634,60615,6777,116296,13996,6731,7265
20335,125962,9636,60632,6779,116326,14000,6732,7268
20340,125993,9638,60650,6781,116355,14004,6736,7268
20345,126024,9640,60667,6782,116384,14007,6739,7268
20350,126055,9643,60684,6785,116412,14010,6740,7270
20355,126086,9646,60696,6787,116437,14013,6742,7271
20360,126117,9653,60709,6792,116463,14016,6744,7272
20365,126148,9660,60721,6798,116488,14019,6744,7275
20370,126179,9664,60735,6800,116514,14022,6747,7275
20375,126210,9669,60745,6803,116539,14025,6747,7278
20380,126241,9676,60759,6809,116564,14028,6749,7279
20385,126272,9681,60773,6814,116589,14031,6750,7281
20390,126303,9686,60789,6818,116614,14034,6751,7283
20395,126334,9690,60805,6822,116642,14037,6752,7285
20400,126365,9695,60821,6826,116667,14040,6754,7286
20405,126396,9699,60836,6828,116695,14043,6757,7286
20410,126427,9702,60848,6830,116724,14046,6758,7288
20415,126458,9704,60862,6830,116752,14049,6760,7289
20420,126489,9708,60873,6832,116779,14052,6761,7291
20425,126520,9711,60888,6833,116808,14055,6763,7292
20430,126551,9715,60902,6836,116835,14058,6764,7294
20435,126582,9719,60918,6838,116862,14061,6766,7295
20440,126613,9720,60933,6839,116893,14064,6768,7296
20445,126644,9721,60953,6840,116922,14068,6769,7299
20450,126675,9721,60970,6840,116953,14072,6771,7301
20455,126706,9721,60989,6840,116984,14076,6773,7303
20460,126737,9721,60999,6840,117016,14080,6776,7304
20465,126768,9721,61014,6840,117047,14084,6779,7305
20470,126799,9721,61030,6840,117078,14088,6780,7308
20475,126830,9721,61044,6840,117109,14092,6784,7308
20480,126861,9721,61061,6840,117140,14096,6787,7309
20485,126892,9721,61075,6840,117171,14100,6789,7311
20490,126923,9721,61094,6840,117202,14104,6792,7312
20495,126954,9723,61109,6841,117231,14108,6795,7313
20500,126985,9724,61120,6842,117261,14112,6797,7315
20505,127016,9725,61135,6842,117290,14116,6798,7318
20510,127047,9726,61151,6842,117321,14120,6800,7320
20515,127078,9727,61172,6843,117351,14124,6801,7323
20520,127109,9728,61191,6843,117381,14128,6802,7326
20525,127140,9729,61205,6844,117411,14130,6803,7327
20530,127171,9730,61221,6844,117441,14132,6803,7329
20535,127202,9731,61236,6844,117471,14134,6803,7331
20540,127233,9733,61250,6846,117500,14136,6804,7332
20545,127264,9737,61264,6849,117527,14138,6804,7334
20550,127295,9742,61277,6851,117553,14140,6805,7335
20555,127326,9746,61295,6853,117579,14142,6806,7336
20560,127357,9752,61312,6858,117604,14144,6807,7337
20565,127388,9756,61326,6860,117632,14146,6808,7338
20570,127419,9760,61341,6863,117656,14148,6808,7340
20575,127450,9766,61359,6866,117681,14150,6810,7340
20580,127481,9772,61372,6870,117707,14152,6811,7341
20585,127512,9776,61386,6872,117734,14154,6811,7343
20590,127543,9779,61396,6873,117763,14156,6812,7344
20595,127574,9781,61407,6873,117790,14158,6812,7346
20600,127605,9784,61426,6874,117820,14160,6813,7347
20605,127636,9786,61443,6875,117849,14162,6815,7347
20610,127667,9788,61460,6875,117879,14164,6816,7348
20615,127698,9791,61473,6876,117907,14166,6816,7350
20620,127729,9793,61485,6876,117936,14168,6816,7352
20625,127760,9796,61500,6877,117963,14172,6818,7354
20630,127791,9800,61517,6880,117991,14176,6819,7357
20635,127822,9801,61529,6881,118021,14180,6819,7361
20640,127853,9802,61545,6882,118051,14184,6822,7362
20645,127884,9803,61555,6882,118081,14188,6823,7365
20650,127915,9804,61567,6883,118111,14192,6823,7369
20655,127946,9806,61583,6885,118140,14196,6825,7371
20660,127977,9807,61597,6886,118170,14200,6827,7373
20665,128008,9808,61611,6886,118200,14204,6828,7376
20670,128039,9810,61627,6888,118229,14208,6830,7378
20675,128070,9812,61640,6889,118258,14212,6832,7380
20680,128101,9814,61656,6890,118287,14216,6834,7382
20685,128132,9815,61674,6891,118316,14220,6837,7383
20690,128163,9818,61685,6892,118344,14224,6840,7384
20695,128194,9823,61700,6897,118371,14228,6843,7385
20700,128225,9826,61709,6899,118399,14232,6843,7389
20705,128256,9832,61726,6903,118423,14236,6845,7391
20710,128287,9838,61742,6908,118448,14240,6848,7392
20715,128318,9840,61760,6910,118475,14244,6850,7394
20720,128349,9843,61773,6913,118505,14248,6851,7397
20725,128380,9844,61785,6914,118534,14252,6854,7398
20730,128411,9844,61803,6914,118564,14256,6857,7399
20735,128442,9844,61816,6914,118597,14260,6858,7402
20740,128473,9844,61833,6914,118626,14264,6858,7406
20745,128504,9846,61848,6915,118655,14268,6860,7408
20750,128535,9848,61863,6917,118685,14272,6862,7410
20755,128566,9851,61877,6920,118713,14276,6863,7413
20760,128597,9853,61890,6921,118743,14280,6866,7414
20765,128628,9856,61909,6923,118771,14284,6869,7415
20770,128659,9857,61919,6923,118802,14288,6872,7416
20775,128690,9859,61932,6924,118830,14292,6873,7419
20780,128721,9860,61948,6925,118860,14296,6874,7422
20785,128752,9862,61962,6926,118889,14300,6877,7423
20790,128783,9864,61978,6927,118919,14304,6879,7425
20795,128814,9865,61991,6927,118949,14308,6881,7427
20800,128845,9867,62008,6929,118977,14312,6883,7429
20805,128876,9870,62021,6931,119005,14316,6884,7432
20810,128907,9871,62042,6932,119036,14320,6887,7433
20815,128938,9872,62054,6932,119066,14324,6887,7437
20820,128969,9873,62072,6933,119096,14328,6890,7438
20825,129000,9874,62083,6933,119126,14332,6891,7441
20830,129031,9876,62099,6934,119155,14336,6893,7443
20835,129062,9878,62114,6936,119184,14340,6894,7446
20840,129093,9881,62134,6939,119212,14344,6898,7446
20845,129124,9884,62150,6942,119240,14348,6899,7449
20850,129155,9886,62161,6942,119269,14352,6902,7450
20855,129186,9890,62177,6945,119295,14356,6905,7451
20860,129217,9892,62188,6946,119325,14360,6907,7453
20865,129248,9896,62202,6949,119351,14364,6907,7457
20870,129279,9898,62218,6951,119379,14368,6909,7459
20875,129310,9904,62233,6957,119404,14372,6911,7461
20880,129341,9907,62242,6959,119433,14376,6912,7464
20885,129372,9911,62254,6961,119460,14380,6913,7467
20890,129403,9916,62268,6964,119485,14384,6914,7470
20895,129434,9922,62287,6969,119511,14388,6917,7471
20900,129465,9925,62303,6972,119539,14392,6919,7473
20905,129496,9927,62318,6973,119569,14396,6919,7477
20910,129527,9929,62327,6975,119597,14400,6919,7481
20915,129558,9931,62342,6975,119626,14404,6923,7481
20920,129589,9934,62356,6976,119655,14408,6926,7482
20925,129620,9936,62370,6977,119683,14412,6929,7483
20930,129651,9938,62382,6978,119711,14416,6931,7485
20935,129682,9939,62400,6979,119742,14420,6934,7486
20940,129713,9940,62420,6979,119769,14424,6936,7488
20945,129744,9942,62431,6980,119801,14427,6936,7491
20950,129775,9943,62447,6981,119831,14430,6937,7493
20955,129806,9945,62463,6983,119861,14433,6939,7494
20960,129837,9946,62477,6983,119890,14436,6939,7497
20965,129868,9948,62495,6984,119919,14439,6941,7498
20970,129899,9950,62510,6985,119949,14442,6944,7498
20975,129930,9951,62526,6985,119978,14445,6945,7500
20980,129961,9953,62544,6987,120007,14448,6947,7501
20985,129992,9956,62558,6989,120035,14451,6949,7502
20990,130023,9960,62578,6993,120063,14454,6952,7502
20995,130054,9963,62597,6996,120091,14457,6955,7502
21000,130085,9963,62612,6996,120122,14460,6955,7505
21005,130116,9963,62629,6996,120153,14462,6956,7506
21010,130147,9964,62642,6996,120183,14464,6956,7508
21015,130178,9965,62657,6996,120213,14466,6957,7509
21020,130209,9966,62675,6996,120243,14468,6958,7510
21025,130240,9968,62689,6996,120272,14470,6960,7510
21030,130271,9970,62704,6996,120300,14472,6961,7511
21035,130302,9972,62720,6998,120330,14474,6963,7511
21040,130333,9974,62735,7000,120359,14476,6964,7512
21045,130364,9976,62753,7001,120387,14479,6965,7514
21050,130395,9979,62766,7003,120416,14482,6965,7517
21055,130426,9981,62778,7004,120443,14485,6965,7520
21060,130457,9984,62791,7005,120471,14488,6966,7522
21065,130488,9988,62806,7008,120499,14489,6967,7522
21070,130519,9994,62826,7014,120524,14490,6968,7522
21075,130550,9996,62837,7014,120552,14491,6969,7522
21080,130581,10000,62849,7018,120581,14492,6969,7523
21085,130612,10005,62866,7022,120607,14493,6970,7523
21090,130643,10006,62881,7023,120637,14494,6970,7524
21095,130674,10007,62895,7023,120667,14495,6971,7524
21100,130705,10008,62913,7023,120696,14496,6971,7525
21105,130736,10011,62928,7024,120724,14497,6972,7525
21110,130767,10014,62948,7026,120751,14499,6973,7526
21115,130798,10017,62962,7027,120779,14501,6973,7528
21120,130829,10021,62977,7030,120808,14503,6974,7529
21125,130860,10024,62994,7031,120835,14505,6976,7529
21130,130891,10027,63010,7033,120864,14507,6977,7530
21135,130922,10029,63028,7035,120892,14509,6979,7530
21140,130953,10031,63045,7036,120922,14511,6981,7530
21145,130984,10033,63064,7038,120951,14513,6982,7531
21150,131015,10035,63074,7039,120980,14515,6983,7532
21155,131046,10038,63090,7041,121008,14517,6984,7533
21160,131077,10040,63103,7042,121037,14519,6984,7535
21165,131108,10044,63119,7045,121063,14523,6986,7537
21170,131139,10049,63137,7048,121088,14527,6987,7540
21175,131170,10056,63155,7055,121113,14531,6989,7542
21180,131201,10060,63170,7059,121141,14535,6991,7544
21185,131232,10063,63190,7062,121169,14539,6993,7546
21190,131263,10065,63205,7064,121198,14543,6996,7547
21195,131294,10066,63217,7064,121228,14547,6997,7550
21200,131325,10068,63233,7065,121256,14551,7000,7551
21205,131356,10069,63241,7065,121286,14555,7002,7553
21210,131387,10070,63257,7065,121316,14559,7005,7554
21215,131418,10072,63271,7066,121345,14563,7008,7555
21220,131449,10074,63292,7068,121374,14567,7011,7556
21225,131480,10076,63302,7069,121401,14571,7011,7560
21230,131511,10081,63313,7073,121429,14575,7013,7562
21235,131542,10084,63329,7075,121458,14579,7014,7565
21240,131573,10086,63344,7077,121487,14583,7016,7567
21245,131604,10088,63358,7079,121515,14587,7017,7570
21250,131635,10090,63369,7080,121544,14591,7018,7573
21255,131666,10090,63386,7080,121576,14595,7021,7574
21260,131697,10090,63400,7080,121606,14599,7022,7577
21265,131728,10090,63415,7080,121637,14603,7023,7580
21270,131759,10090,63429,7080,121668,14607,7024,7583
21275,131790,10090,63449,7080,121699,14611,7027,7584
21280,131821,10090,63465,7080,121729,14615,7029,7586
21285,131852,10090,63478,7080,121761,14619,7029,7590
21290,131883,10091,63496,7081,121792,14623,7032,7591
21295,131914,10093,63506,7083,121821,14627,7033,7594
21300,131945,10096,63523,7084,121848,14631,7034,7597
21305,131976,10099,63537,7086,121877,14635,7036,7599
21310,132007,10102,63550,7088,121903,14639,7038,7601
21315,132038,10107,63569,7092,121931,14643,7041,7602
21320,132069,10109,63585,7093,121958,14647,7043,7604
21325,132100,10115,63604,7099,121985,14651,7047,7604
21330,132131,10118,63618,7101,122012,14655,7049,7606
21335,132162,10123,63637,7106,122039,14659,7051,7608
21340,132193,10124,63652,7106,122069,14663,7051,7612
21345,132224,10127,63668,7108,122097,14667,7053,7614
21350,132255,10129,63682,7110,122126,14671,7056,7615
21355,132286,10131,63696,7111,122155,14675,7057,7618
21360,132317,10134,63711,7114,122183,14679,7059,7620
21365,132348,10136,63725,7115,122211,14683,7061,7622
21370,132379,10138,63741,7115,122238,14687,7061,7626
21375,132410,10141,63755,7116,122268,14691,7064,7627
21380,132441,10145,63770,7118,122296,14695,7066,7629
21385,132472,10149,63784,7120,122322,14699,7068,7631
21390,132503,10151,63799,7122,122351,14703,7068,7635
21395,132534,10154,63817,7125,122378,14707,7071,7636
21400,132565,10157,63830,7127,122408,14711,7072,7639
21405,132596,10158,63845,7127,122437,14715,7073,7642
21410,132627,10161,63861,7130,122464,14719,7076,7643
21415,132658,10165,63875,7133,122493,14723,7079,7644
21420,132689,10167,63889,7135,122522,14727,7080,7647
21425,132720,10167,63905,7135,122553,14731,7084,7647
21430,132751,10167,63925,7135,122583,14735,7084,7651
21435,132782,10167,63937,7135,122615,14739,7086,7653
21440,132813,10169,63953,7136,122644,14743,7088,7655
21445,132844,10171,63973,7137,122672,14747,7090,7657
21450,132875,10174,63992,7139,122700,14751,7093,7658
21455,132906,10175,64002,7139,122730,14755,7094,7661
21460,132937,10176,64020,7140,122760,14759,7095,7664
21465,132968,10178,64035,7141,122789,14763,7097,7666
21470,132999,10181,64043,7143,122817,14767,7098,7669
21475,133030,10184,64054,7145,122845,14771,7099,7672
21480,133061,10188,64071,7148,122871,14775,7101,7674
21485,133092,10190,64089,7150,122901,14778,7103,7675
21490,133123,10190,64108,7150,122933,14781,7105,7676
21495,133154,10191,64126,7151,122963,14784,7106,7678
21500,133185,10192,64143,7152,122993,14787,7108,7679
21505,133216,10193,64162,7152,123022,14790,7109,7681
21510,133247,10194,64176,7152,123053,14793,7111,7682
21515,133278,10195,64193,7152,123082,14796,7111,7685
21520,133309,10196,64204,7152,123112,14799,7111,7688
21525,133340,10197,64222,7153,123141,14802,7113,7689
21530,133371,10199,64237,7155,123171,14805,7115,7690
21535,133402,10201,64248,7156,123201,14808,7116,7692
21540,133433,10203,64259,7157,123229,14811,7118,7693
21545,133464,10206,64276,7160,123258,14814,7119,7695
21550,133495,10208,64289,7160,123287,14817,7120,7697
21555,133526,10210,64306,7161,123316,14820,7122,7698
21560,133557,10212,64321,7162,123345,14823,7123,7700
21565,133588,10215,64335,7164,123372,14826,7124,7702
21570,133619,10217,64350,7165,123402,14829,7126,7703
21575,133650,10221,64365,7169,123427,14832,7127,7705
21580,133681,10227,64383,7174,123453,14835,7128,7707
21585,133712,10232,64395,7178,123479,14839,7128,7711
21590,133743,10237,64413,7181,123505,14843,7130,7713
21595,133774,10241,64427,7184,123532,14847,7132,7715
21600,133805,10246,64444,7188,123559,14851,7133,7718
21605,133836,10248,64458,7189,123586,14854,7135,7719
21610,133867,10252,64467,7192,123614,14857,7136,7721
21615,133898,10256,64488,7196,123639,14860,7139,7721
21620,133929,10262,64502,7201,123665,14863,7140,7723
21625,133960,10267,64521,7205,123690,14866,7142,7724
21630,133991,10270,64530,7208,123720,14869,7142,7727
21635,134022,10273,64545,7210,123747,14872,7144,7728
21640,134053,10276,64560,7212,123775,14875,7145,7730
21645,134084,10279,64573,7214,123804,14878,7147,7731
21650,134115,10281,64587,7215,123833,14881,7149,7732
21655,134146,10281,64600,7215,123865,14884,7151,7733
21660,134177,10281,64615,7215,123896,14887,7153,7734
21665,134208,10281,64632,7215,123927,14889,7153,7736
21670,134239,10281,64644,7215,123957,14891,7153,7738
21675,134270,10281,64659,7215,123989,14893,7154,7739
21680,134301,10281,64672,7215,124020,14895,7156,7739
21685,134332,10281,64686,7215,124050,14897,7156,7741
21690,134363,10281,64702,7215,124081,14899,7157,7742
21695,134394,10281,64712,7215,124112,14901,7157,7744
21700,134425,10282,64727,7215,124141,14903,7157,7746
21705,134456,10283,64741,7216,124171,14906,7160,7746
21710,134487,10284,64753,7216,124203,14909,7160,7749
21715,134518,10285,64766,7216,124233,14912,7162,7750
21720,134549,10286,64778,7216,124263,14915,7164,7751
21725,134580,10287,64795,7216,124293,14918,7166,7752
21730,134611,10289,64807,7218,124322,14921,7168,7753
21735,134642,10290,64824,7219,124352,14924,7169,7755
21740,134673,10293,64837,7222,124380,14927,7171,7756
21745,134704,10296,64853,7224,124408,14930,7172,7758
21750,134735,10298,64870,7225,124437,14933,7175,7758
21755,134766,10300,64884,7226,124466,14936,7177,7759
21760,134797,10303,64900,7228,124493,14939,7178,7761
21765,134828,10309,64917,7232,124517,14943,7180,7763
21770,134859,10317,64931,7237,124541,14947,7180,7767
21775,134890,10324,64946,7242,124565,14951,7181,7770
21780,134921,10330,64962,7246,124591,14955,7184,7771
21785,134952,10332,64976,7247,124620,14959,7186,7773
21790,134983,10335,64993,7250,124648,14963,7190,7773
21795,135014,10338,65007,7252,124676,14967,7193,7774
21800,135045,10341,65024,7254,124704,14971,7196,7775
21805,135076,10343,65037,7255,124733,14975,7198,7777
21810,135107,10347,65055,7258,124760,14979,7201,7778
21815,135138,10353,65071,7262,124782,14983,7203,7780
21820,135169,10358,65084,7266,124808,14987,7203,7784
21825,135200,10362,65100,7269,124836,14991,7206,7785
21830,135231,10365,65109,7271,124865,14995,7207,7788
21835,135262,10368,65127,7273,124893,14999,7210,7789
21840,135293,10368,65140,7273,124925,15003,7210,7793
21845,135324,10368,65152,7273,124956,15007,7212,7795
21850,135355,10368,65169,7273,124986,15011,7215,7796
21855,135386,10368,65181,7273,125017,15015,7217,7798
21860,135417,10368,65200,7273,125046,15019,7220,7799
21865,135448,10368,65212,7273,125079,15023,7221,7802
21870,135479,10368,65228,7273,125110,15027,7224,7803
21875,135510,10368,65241,7273,125142,15031,7227,7804
21880,135541,10368,65257,7273,125172,15035,7228,7807
21885,135572,10369,65269,7273,125203,15039,7230,7809
21890,135603,10370,65282,7274,125232,15043,7231,7812
21895,135634,10371,65293,7274,125263,15047,7232,7815
21900,135665,10372,65307,7275,125293,15051,7233,7818
21905,135696,10373,65323,7275,125323,15055,7235,7820
21910,135727,10374,65338,7275,125353,15059,7238,7821
21915,135758,10375,65355,7275,125383,15063,7240,7823
21920,135789,10377,65371,7277,125412,15067,7242,7825
21925,135820,10381,65387,7281,125439,15071,7244,7827
21930,135851,10385,65408,7284,125466,15075,7247,7828
21935,135882,10389,65425,7287,125493,15079,7249,7830
21940,135913,10393,65440,7289,125519,15083,7251,7832
21945,135944,10398,65454,7292,125544,15087,7253,7834
21950,135975,10404,65468,7296,125569,15091,7255,7836
21955,136006,10413,65485,7304,125591,15095,7257,7838
21960,136037,10424,65501,7314,125612,15099,7258,7841
21965,136068,10429,65519,7319,125638,15103,7261,7842
21970,136099,10432,65535,7321,125666,15107,7263,7844
21975,136130,10435,65551,7324,125694,15111,7265,7846
21980,136161,10435,65567,7324,125726,15115,7267,7848
21985,136192,10435,65578,7324,125757,15119,7269,7850
21990,136223,10435,65592,7324,125788,15123,7270,7853
21995,136254,10435,65608,7324,125818,15127,7272,7855
22000,136285,10435,65621,7324,125849,15131,7273,7858
22005,136316,10435,65634,7324,125879,15135,7273,7862
22010,136347,10435,65653,7324,125911,15139,7276,7863
22015,136378,10435,65663,7324,125943,15143,7276,7867
22020,136409,10435,65681,7324,125974,15147,7279,7868
22025,136440,10435,65695,7324,126004,15149,7279,7870
22030,136471,10435,65709,7324,126036,15151,7280,7871
22035,136502,10435,65723,7324,126067,15153,7282,7871
22040,136533,10435,65739,7324,126098,15155,7284,7871
22045,136564,10435,65762,7324,126128,15157,7286,7871
22050,136595,10435,65777,7324,126160,15159,7287,7872
22055,136626,10435,65794,7324,126190,15161,7288,7873
22060,136657,10435,65808,7324,126222,15163,7289,7874
22065,136688,10435,65816,7324,126252,15165,7289,7876
22070,136719,10438,65830,7326,126281,15167,7290,7877
22075,136750,10440,65849,7327,126310,15169,7291,7878
22080,136781,10443,65867,7328,126337,15171,7292,7879
22085,136812,10448,65881,7332,126364,15173,7293,7880
22090,136843,10451,65897,7333,126392,15175,7294,7881
22095,136874,10455,65914,7336,126419,15177,7294,7883
22100,136905,10459,65931,7340,126445,15179,7294,7885
22105,136936,10464,65949,7345,126471,15181,7296,7885
22110,136967,10471,65964,7349,126495,15183,7297,7886
22115,136998,10475,65975,7352,126522,15185,7297,7888
22120,137029,10480,65983,7354,126548,15187,7298,7889
22125,137060,10486,65993,7358,126574,15190,7298,7892
22130,137091,10494,66011,7365,126596,15194,7300,7894
22135,137122,10500,66022,7368,126620,15198,7302,7896
22140,137153,10509,66034,7375,126644,15202,7304,7898
22145,137184,10514,66054,7379,126669,15205,7306,7899
22150,137215,10515,66068,7380,126700,15208,7308,7900
22155,137246,10515,66082,7380,126731,15211,7308,7903
22160,137277,10515,66093,7380,126762,15214,7311,7903
22165,137308,10515,66110,7380,126793,15217,7313,7904
22170,137339,10515,66120,7380,126823,15220,7314,7906
22175,137370,10515,66138,7380,126854,15223,7315,7908
22180,137401,10515,66153,7380,126884,15226,7317,7909
22185,137432,10515,66167,7380,126916,15229,7319,7910
22190,137463,10515,66186,7380,126943,15232,7321,7911
22195,137494,10515,66206,7380,126975,15235,7322,7913
22200,137525,10515,66219,7380,127009,15238,7323,7915
22205,137556,10515,66230,7380,127041,15240,7323,7917
22210,137587,10515,66244,7380,127071,15242,7323,7919
22215,137618,10515,66262,7380,127102,15244,7324,7920
22220,137649,10515,66275,7380,127133,15246,7324,7922
22225,137680,10515,66288,7380,127165,15248,7324,7924
22230,137711,10515,66300,7380,127196,15250,7326,7924
22235,137742,10515,66316,7380,127227,15252,7327,7925
22240,137773,10515,66332,7380,127258,15254,7329,7925
22245,137804,10515,66348,7380,127289,15257,7331,7926
22250,137835,10516,66361,7380,127319,15260,7332,7928
22255,137866,10519,66375,7382,127346,15263,7333,7930
22260,137897,10523,66386,7384,127374,15266,7334,7932
22265,137928,10526,66402,7385,127402,15269,7336,7933
22270,137959,10529,66420,7388,127429,15272,7337,7935
22275,137990,10533,66438,7391,127457,15275,7339,7936
22280,138021,10536,66453,7392,127484,15278,7339,7939
22285,138052,10540,66470,7394,127511,15281,7341,7940
22290,138083,10544,66484,7396,127539,15284,7343,7941
22295,138114,10548,66499,7399,127566,15287,7344,7943
22300,138145,10555,66514,7405,127590,15290,7345,7945
22305,138176,10561,66529,7409,127613,15294,7348,7946
22310,138207,10570,66545,7417,127635,15298,7349,7949
22315,138238,10573,66554,7419,127665,15302,7349,7953
22320,138269,10575,66572,7419,127693,15306,7352,7954
22325,138300,10580,66590,7423,127717,15310,7354,7956
22330,138331,10584,66609,7427,127743,15314,7357,7957
22335,138362,10590,66623,7432,127768,15318,7358,7960
22340,138393,10595,66638,7437,127797,15322,7360,7962
22345,138424,10597,66654,7439,127824,15326,7361,7965
22350,138455,10599,66668,7440,127855,15330,7364,7966
22355,138486,10601,66680,7441,127885,15334,7365,7969
22360,138517,10602,66695,7441,127914,15338,7366,7972
22365,138548,10603,66710,7442,127944,15342,7370,7972
22370,138579,10603,66725,7442,127975,15346,7371,7975
22375,138610,10603,66739,7442,128006,15350,7375,7975
22380,138641,10603,66751,7442,128037,15354,7377,7977
22385,138672,10603,66766,7442,128069,15358,7377,7981
22390,138703,10603,66779,7442,128100,15362,7379,7983
22395,138734,10603,66794,7442,128131,15366,7382,7984
22400,138765,10603,66809,7442,128162,15370,7385,7985
22405,138796,10603,66820,7442,128193,15374,7385,7989
22410,138827,10603,66835,7442,128224,15378,7387,7991
22415,138858,10603,66849,7442,128254,15382,7390,7992
22420,138889,10605,66864,7444,128284,15386,7392,7994
22425,138920,10606,66884,7445,128313,15390,7394,7996
22430,138951,10609,66897,7447,128342,15394,7395,7999
22435,138982,10611,66915,7449,128370,15398,7397,8001
22440,139013,10613,66936,7451,128400,15402,7400,8002
22445,139044,10615,66952,7452,128429,15406,7404,8002
22450,139075,10617,66970,7453,128458,15410,7408,8002
22455,139106,10621,66983,7456,128485,15414,7410,8004
22460,139137,10625,66996,7459,128512,15418,7412,8006
22465,139168,10628,67009,7460,128540,15422,7414,8008
22470,139199,10633,67022,7462,128566,15426,7416,8010
22475,139230,10637,67039,7464,128593,15430,7420,8010
22480,139261,10642,67056,7468,128619,15434,7422,8012
22485,139292,10644,67069,7468,128647,15438,7425,8013
22490,139323,10648,67086,7472,128674,15442,7428,8014
22495,139354,10650,67103,7474,128701,15446,7430,8016
22500,139385,10653,67118,7475,128729,15450,7434,8016
22505,139416,10656,67137,7478,128758,15454,7437,8017
22510,139447,10660,67153,7481,128785,15458,7438,8020
22515,139478,10665,67171,7485,128812,15462,7440,8022
22520,139509,10669,67186,7487,128839,15466,7442,8024
22525,139540,10673,67202,7489,128866,15470,7446,8024
22530,139571,10674,67215,7489,128897,15474,7447,8027
22535,139602,10675,67226,7489,128927,15478,7447,8031
22540,139633,10676,67242,7489,128957,15482,7449,8033
22545,139664,10677,67259,7490,128985,15486,7451,8035
22550,139695,10679,67274,7492,129015,15490,7452,8038
22555,139726,10681,67291,7494,129045,15494,7453,8041
22560,139757,10683,67306,7496,129074,15498,7455,8043
22565,139788,10685,67318,7498,129103,15502,7456,8046
22570,139819,10687,67334,7499,129132,15506,7458,8048
22575,139850,10688,67349,7499,129162,15510,7460,8050
22580,139881,10689,67362,7500,129192,15514,7463,8051
22585,139912,10691,67374,7502,129221,15518,7465,8053
22590,139943,10693,67388,7502,129250,15522,7468,8054
22595,139974,10697,67406,7506,129277,15526,7471,8055
22600,140005,10700,67419,7508,129305,15530,7473,8057
22605,140036,10705,67435,7511,129329,15534,7476,8058
22610,140067,10711,67454,7516,129354,15538,7480,8058
22615,140098,10716,67469,7520,129380,15542,7483,8059
22620,140129,10719,67480,7522,129410,15546,7483,8063
22625,140160,10721,67493,7524,129439,15549,7484,8065
22630,140191,10721,67503,7524,129470,15552,7485,8067
22635,140222,10721,67522,7524,129501,15555,7487,8068
22640,140253,10723,67534,7526,129530,15558,7488,8070
22645,140284,10724,67545,7527,129560,15561,7490,8071
22650,140315,10725,67558,7527,129590,15564,7492,8072
22655,140346,10726,67568,7527,129620,15567,7493,8074
22660,140377,10729,67584,7530,129648,15570,7493,8077
22665,140408,10730,67600,7531,129675,15573,7496,8077
22670,140439,10734,67620,7535,129704,15576,7499,8077
22675,140470,10740,67636,7540,129727,15579,7500,8079
22680,140501,10745,67648,7544,129755,15582,7501,8081
22685,140532,10745,67655,7544,129786,15584,7501,8083
22690,140563,10745,67667,7544,129817,15586,7501,8085
22695,140594,10745,67684,7544,129845,15588,7502,8086
22700,140625,10745,67694,7544,129879,15590,7502,8088
22705,140656,10745,67709,7544,129910,15592,7503,8089
22710,140687,10745,67727,7544,129941,15594,7504,8090
22715,140718,10745,67744,7544,129972,15596,7505,8091
22720,140749,10746,67759,7545,130003,15598,7507,8091
22725,140780,10747,67771,7545,130033,15601,7508,8093
22730,140811,10748,67783,7545,130062,15604,7509,8095
22735,140842,10751,67797,7547,130090,15607,7510,8097
22740,140873,10754,67816,7548,130118,15610,7511,8099
22745,140904,10757,67832,7550,130147,15612,7512,8100
22750,140935,10759,67843,7551,130175,15614,7512,8102
22755,140966,10762,67857,7554,130203,15616,7513,8103
22760,140997,10765,67871,7557,130232,15618,7513,8105
22765,141028,10767,67889,7559,130261,15620,7515,8105
22770,141059,10769,67900,7559,130290,15622,7516,8106
22775,141090,10771,67914,7561,130319,15624,7517,8107
22780,141121,10773,67931,7561,130348,15626,7518,8108
22785,141152,10775,67941,7561,130377,15629,7519,8110
22790,141183,10778,67956,7563,130405,15632,7520,8112
22795,141214,10781,67965,7563,130432,15635,7522,8113
22800,141245,10787,67984,7569,130456,15638,7524,8114
22805,141276,10795,68002,7576,130480,15641,7525,8116
22810,141307,10800,68014,7580,130506,15644,7527,8117
22815,141338,10802,68025,7581,130535,15647,7528,8119
22820,141369,10804,68038,7581,130564,15650,7530,8120
22825,141400,10809,68056,7585,130589,15653,7530,8123
22830,141431,10812,68072,7587,130619,15656,7533,8123
22835,141462,10815,68088,7588,130647,15659,7534,8125
22840,141493,10819,68106,7590,130673,15662,7535,8127
22845,141524,10822,68118,7593,130700,15666,7536,8130
22850,141555,10826,68129,7595,130725,15670,7537,8133
22855,141586,10831,68138,7598,130755,15674,7539,8135
22860,141617,10834,68155,7601,130781,15678,7542,8136
22865,141648,10837,68169,7603,130809,15682,7543,8139
22870,141679,10839,68184,7604,130839,15686,7544,8142
22875,141710,10841,68196,7605,130868,15690,7545,8145
22880,141741,10842,68219,7606,130899,15694,7548,8146
22885,141772,10842,68232,7606,130929,15698,7550,8148
22890,141803,10842,68245,7606,130961,15702,7551,8151
22895,141834,10842,68261,7606,130992,15706,7554,8152
22900,141865,10842,68271,7606,131022,15710,7555,8155
22905,141896,10842,68286,7606,131054,15714,7557,8157
22910,141927,10842,68300,7606,131085,15718,7559,8159
22915,141958,10842,68314,7606,131116,15722,7563,8159
22920,141989,10842,68329,7606,131146,15726,7563,8163
22925,142020,10844,68347,7607,131175,15729,7565,8164
22930,142051,10846,68365,7608,131204,15732,7567,8165
22935,142082,10848,68379,7609,131233,15735,7568,8167
22940,142113,10851,68397,7612,131262,15738,7571,8167
22945,142144,10854,68416,7614,131289,15741,7573,8168
22950,142175,10858,68429,7617,131316,15744,7574,8170
22955,142206,10861,68441,7619,131345,15747,7575,8172
22960,142237,10862,68455,7620,131374,15750,7577,8173
22965,142268,10865,68466,7622,131402,15753,7578,8175
22970,142299,10867,68476,7623,131432,15756,7579,8177
22975,142330,10868,68490,7624,131461,15759,7582,8177
22980,142361,10869,68505,7625,131490,15762,7584,8178
22985,142392,10870,68516,7625,131521,15765,7586,8179
22990,142423,10873,68531,7627,131547,15768,7587,8181
22995,142454,10875,68542,7628,131579,15771,7589,8182
23000,142485,10877,68556,7630,131608,15774,7591,8183
23005,142516,10880,68570,7631,131636,15777,7591,8186
23010,142547,10883,68587,7633,131662,15780,7592,8188
23015,142578,10887,68601,7637,131690,15783,7593,8190
23020,142609,10891,68615,7641,131717,15786,7594,8192
23025,142640,10894,68633,7644,131745,15789,7596,8193
23030,142671,10898,68649,7646,131770,15793,7598,8195
23035,142702,10904,68667,7651,131796,15797,7600,8197
23040,142733,10907,68688,7654,131824,15801,7602,8199
23045,142764,10909,68702,7655,131853,15805,7605,8200
23050,142795,10911,68712,7657,131884,15809,7605,8204
23055,142826,10913,68729,7659,131912,15813,7605,8208
23060,142857,10916,68743,7662,131941,15817,7608,8209
23065,142888,10918,68755,7664,131970,15821,7610,8211
23070,142919,10920,68770,7666,131999,15825,7612,8213
23075,142950,10922,68782,7667,132028,15829,7615,8214
23080,142981,10923,68799,7668,132058,15833,7617,8216
23085,143012,10924,68815,7668,132088,15837,7619,8218
23090,143043,10926,68831,7669,132117,15841,7621,8220
23095,143074,10927,68841,7670,132147,15845,7623,8222
23100,143105,10928,68856,7670,132177,15849,7625,8224
23105,143136,10930,68870,7672,132206,15853,7627,8226
23110,143167,10934,68887,7676,132233,15857,7628,8229
23115,143198,10937,68905,7678,132260,15861,7631,8230
23120,143229,10942,68920,7683,132287,15865,7632,8233
23125,143260,10944,68932,7685,132316,15869,7632,8237
23130,143291,10944,68943,7685,132347,15873,7633,8240
23135,143322,10944,68957,7685,132378,15877,7634,8243
23140,143353,10944,68972,7685,132408,15881,7636,8245
23145,143384,10945,68984,7685,132439,15885,7639,8246
23150,143415,10946,68996,7685,132468,15889,7642,8247
23155,143446,10947,69012,7686,132498,15893,7644,8249
23160,143477,10949,69026,7688,132526,15897,7648,8249
23165,143508,10950,69041,7689,132557,15900,7650,8250
23170,143539,10953,69054,7691,132585,15903,7651,8252
23175,143570,10957,69070,7695,132612,15906,7653,8253
23180,143601,10960,69077,7696,132640,15909,7654,8255
23185,143632,10963,69093,7698,132667,15912,7655,8257
23190,143663,10968,69108,7701,132694,15915,7655,8260
23195,143694,10972,69117,7703,132721,15918,7655,8263
23200,143725,10976,69129,7705,132749,15921,7657,8264
23205,143756,10977,69139,7706,132779,15924,7657,8267
23210,143787,10978,69153,7707,132809,15927,7658,8269
23215,143818,10979,69170,7708,132839,15930,7659,8271
23220,143849,10980,69184,7709,132869,15933,7661,8272
23225,143880,10981,69198,7710,132898,15935,7661,8274
23230,143911,10984,69210,7711,132927,15937,7662,8275
23235,143942,10986,69226,7711,132955,15939,7663,8276
23240,143973,10988,69243,7711,132984,15941,7664,8277
23245,144004,10990,69258,7712,133014,15943,7665,8278
23250,144035,10992,69272,7713,133042,15945,7666,8279
23255,144066,10994,69288,7715,133070,15947,7667,8280
23260,144097,10997,69302,7716,133098,15949,7668,8281
23265,144128,11000,69311,7717,133127,15952,7670,8282
23270,144159,11006,69328,7723,133150,15955,7672,8283
23275,144190,11011,69342,7726,133177,15958,7675,8283
23280,144221,11017,69355,7730,133201,15961,7677,8284
23285,144252,11021,69367,7734,133230,15964,7677,8287
23290,144283,11023,69382,7736,133260,15967,7678,8289
23295,144314,11024,69402,7737,133290,15970,7679,8291
23300,144345,11025,69413,7737,133320,15973,7681,8292
23305,144376,11027,69425,7739,133349,15976,7683,8293
23310,144407,11030,69439,7742,133376,15979,7683,8296
23315,144438,11032,69451,7742,133406,15982,7684,8298
23320,144469,11035,69461,7745,133434,15985,7684,8301
23325,144500,11039,69472,7748,133461,15989,7685,8304
23330,144531,11044,69487,7751,133487,15993,7687,8306
23335,144562,11049,69501,7755,133513,15997,7688,8309
23340,144593,11056,69517,7762,133537,16001,7689,8312
23345,144624,11058,69534,7763,133566,16004,7691,8313
23350,144655,11060,69552,7765,133594,16007,7694,8313
23355,144686,11061,69571,7766,133625,16010,7696,8314
23360,144717,11061,69583,7766,133656,16013,7697,8316
23365,144748,11061,69598,7766,133687,16016,7697,8319
23370,144779,11061,69611,7766,133718,16019,7698,8321
23375,144810,11061,69623,7766,133749,16022,7698,8324
23380,144841,11061,69641,7766,133780,16025,7699,8326
23385,144872,11061,69656,7766,133811,16028,7700,8328
23390,144903,11062,69671,7766,133839,16031,7702,8329
23395,144934,11064,69687,7768,133867,16034,7703,8331
23400,144965,11067,69701,7770,133895,16037,7703,8334
23405,144996,11070,69716,7772,133925,16040,7705,8335
23410,145027,11072,69729,7773,133953,16043,7705,8338
23415,145058,11075,69749,7776,133981,16046,7707,8339
23420,145089,11077,69767,7777,134012,16049,7709,8340
23425,145120,11078,69780,7778,134041,16052,7712,8340
23430,145151,11080,69791,7779,134070,16055,7713,8342
23435,145182,11083,69804,7782,134099,16058,7714,8344
23440,145213,11085,69820,7784,134127,16061,7715,8346
23445,145244,11085,69835,7784,134159,16065,7717,8348
23450,145275,11086,69850,7784,134188,16069,7718,8351
23455,145306,11088,69859,7786,134218,16073,7720,8353
23460,145337,11090,69882,7788,134246,16077,7723,8354
23465,145368,11092,69895,7789,134276,16081,7723,8358
23470,145399,11094,69909,7790,134305,16085,7726,8359
23475,145430,11096,69926,7790,134334,16089,7727,8362
23480,145461,11099,69940,7791,134362,16093,7730,8363
23485,145492,11102,69950,7792,134390,16097,7733,8364
23490,145523,11105,69964,7793,134418,16101,7736,8365
23495,145554,11109,69985,7797,134445,16105,7738,8367
23500,145585,11112,70002,7800,134473,16109,7739,8370
23505,145616,11116,70020,7802,134500,16113,7741,8372
23510,145647,11122,70040,7808,134525,16117,7744,8373
23515,145678,11125,70057,7809,134553,16121,7746,8375
23520,145709,11127,70071,7811,134582,16125,7746,8379
23525,145740,11128,70082,7811,134611,16129,7747,8382
23530,145771,11130,70098,7812,134641,16133,7749,8384
23535,145802,11131,70117,7813,134671,16137,7751,8386
23540,145833,11133,70132,7815,134700,16141,7754,8387
23545,145864,11135,70149,7817,134728,16145,7755,8390
23550,145895,11138,70161,7819,134757,16149,7757,8392
23555,145926,11140,70172,7821,134786,16153,7758,8395
23560,145957,11143,70189,7822,134813,16157,7761,8396
23565,145988,11148,70205,7826,134839,16161,7763,8398
23570,146019,11152,70217,7829,134864,16165,7765,8400
23575,146050,11157,70226,7833,134893,16169,7767,8402
23580,146081,11159,70246,7835,134920,16173,7769,8404
23585,146112,11160,70259,7835,134951,16177,7771,8406
23590,146143,11162,70275,7837,134980,16181,7773,8408
23595,146174,11163,70285,7837,135011,16185,7775,8410
23600,146205,11165,70300,7838,135040,16189,7776,8413
23605,146236,11167,70314,7840,135069,16193,7777,8416
23610,146267,11168,70326,7841,135098,16197,7779,8418
23615,146298,11169,70341,7842,135128,16201,7781,8420
23620,146329,11172,70361,7845,135155,16205,7783,8422
23625,146360,11175,70373,7847,135184,16209,7785,8424
23630,146391,11178,70389,7850,135212,16213,7787,8426
23635,146422,11182,70404,7852,135239,16217,7788,8429
23640,146453,11185,70420,7854,135267,16221,7790,8431
23645,146484,11187,70431,7855,135297,16225,7791,8434
23650,146515,11189,70453,7857,135326,16229,7795,8434
23655,146546,11190,70468,7857,135356,16233,7797,8436
23660,146577,11191,70486,7858,135386,16237,7800,8437
23665,146608,11193,70502,7859,135415,16241,7803,8438
23670,146639,11195,70517,7861,135443,16245,7804,8441
23675,146670,11197,70535,7862,135473,16249,7808,8441
23680,146701,11199,70551,7863,135502,16253,7810,8443
23685,146732,11202,70568,7866,135529,16257,7813,8444
23690,146763,11204,70586,7866,135558,16261,7817,8444
23695,146794,11207,70596,7867,135587,16265,7819,8446
23700,146825,11210,70605,7869,135615,16269,7821,8448
23705,146856,11212,70620,7870,135644,16273,7823,8450
23710,146887,11215,70636,7872,135672,16277,7824,8453
23715,146918,11216,70653,7872,135702,16281,7828,8453
23720,146949,11217,70670,7872,135732,16285,7829,8456
23725,146980,11218,70688,7872,135762,16289,7832,8457
23730,147011,11219,70701,7873,135792,16293,7835,8458
23735,147042,11220,70720,7874,135822,16297,7838,8459
23740,147073,11221,70732,7875,135852,16301,7839,8462
23745,147104,11225,70749,7879,135877,16305,7841,8464
23750,147135,11231,70771,7884,135902,16309,7845,8464
23755,147166,11235,70787,7887,135929,16313,7848,8465
23760,147197,11238,70800,7890,135957,16317,7850,8467
23765,147228,11241,70813,7891,135986,16319,7851,8468
23770,147259,11243,70824,7892,136015,16321,7852,8469
23775,147290,11247,70838,7894,136040,16323,7853,8470
23780,147321,11253,70854,7900,136065,16325,7853,8472
23785,147352,11260,70870,7906,136090,16327,7853,8474
23790,147383,11262,70885,7907,136118,16329,7853,8476
23795,147414,11264,70901,7909,136150,16331,7854,8477
23800,147445,11264,70919,7909,136180,16333,7855,8478
23805,147476,11264,70930,7909,136210,16335,7857,8478
23810,147507,11264,70944,7909,136242,16337,7859,8478
23815,147538,11264,70961,7909,136273,16339,7860,8479
23820,147569,11264,70977,7909,136304,16341,7861,8480
23825,147600,11265,70991,7910,136334,16343,7861,8482
23830,147631,11266,71006,7910,136365,16345,7862,8483
23835,147662,11267,71017,7910,136395,16347,7862,8485
23840,147693,11268,71035,7911,136425,16349,7863,8486
23845,147724,11269,71053,7912,136455,16351,7864,8487
23850,147755,11270,71063,7912,136485,16353,7864,8489
23855,147786,11271,71079,7912,136515,16355,7865,8490
23860,147817,11272,71092,7912,136545,16357,7866,8491
23865,147848,11273,71110,7912,136575,16361,7868,8493
23870,147879,11274,71125,7913,136605,16365,7871,8494
23875,147910,11275,71138,7914,136635,16369,7874,8495
23880,147941,11276,71147,7914,136665,16373,7875,8498
23885,147972,11277,71161,7914,136695,16375,7876,8499
23890,148003,11279,71178,7916,136724,16377,7877,8500
23895,148034,11280,71194,7917,136752,16379,7878,8501
23900,148065,11286,71205,7920,136778,16381,7879,8502
23905,148096,11292,71221,7924,136802,16383,7880,8503
23910,148127,11297,71233,7926,136830,16385,7882,8503
23915,148158,11300,71246,7928,136858,16387,7883,8504
23920,148189,11305,71265,7930,136883,16389,7885,8504
23925,148220,11310,71282,7934,136909,16391,7886,8505
23930,148251,11317,71295,7940,136933,16393,7888,8505
23935,148282,11324,71314,7945,136954,16395,7890,8505
23940,148313,11333,71323,7952,136979,16397,7891,8506
23945,148344,11335,71343,7954,137008,16399,7893,8506
23950,148375,11336,71360,7955,137037,16401,7895,8506
23955,148406,11338,71378,7957,137067,16403,7897,8506
23960,148437,11340,71392,7959,137096,16405,7898,8507
23965,148468,11341,71403,7960,137126,16407,7898,8509
23970,148499,11342,71420,7960,137156,16409,7899,8510
23975,148530,11344,71435,7962,137186,16411,7899,8512
23980,148561,11345,71449,7962,137215,16413,7901,8512
23985,148592,11347,71469,7964,137243,16416,7903,8513
23990,148623,11350,71485,7967,137273,16420,7906,8514
23995,148654,11352,71504,7968,137300,16424,7910,8514
24000,148685,11353,71521,7969,137330,16428,7911,8517
24005,148716,11354,71534,7970,137361,16432,7913,8519
24010,148747,11354,71547,7970,137393,16436,7913,8523
24015,148778,11354,71560,7970,137423,16440,7914,8526
24020,148809,11354,71572,7970,137455,16444,7914,8530
24025,148840,11354,71589,7970,137485,16448,7915,8533
24030,148871,11354,71604,7970,137517,16452,7918,8534
24035,148902,11354,71619,7970,137548,16456,7921,8535
24040,148933,11354,71634,7970,137578,16460,7923,8537
24045,148964,11354,71653,7970,137609,16464,7926,8538
24050,148995,11357,71665,7971,137637,16468,7928,8540
24055,149026,11360,71680,7972,137666,16472,7929,8543
24060,149057,11362,71690,7974,137695,16476,7929,8547
24065,149088,11364,71706,7976,137723,16480,7933,8547
24070,149119,11368,71721,7979,137750,16484,7934,8550
24075,149150,11372,71739,7982,137777,16488,7937,8551
24080,149181,11375,71755,7984,137805,16492,7940,8552
24085,149212,11378,71770,7986,137833,16496,7941,8555
24090,149243,11383,71787,7991,137860,16500,7944,8556
24095,149274,11386,71799,7994,137887,16504,7945,8559
24100,149305,11390,71808,7997,137915,16508,7947,8561
24105,149336,11394,71818,7999,137940,16512,7947,8565
24110,149367,11401,71832,8004,137965,16516,7950,8566
24115,149398,11405,71849,8007,137992,16520,7952,8568
24120,149429,11410,71864,8010,138018,16524,7955,8569
24125,149460,11412,71877,8010,138045,16528,7956,8572
24130,149491,11415,71891,8012,138074,16532,7956,8576
24135,149522,11416,71906,8013,138105,16536,7958,8578
24140,149553,11417,71917,8013,138135,16540,7960,8580
24145,149584,11418,71933,8013,138163,16544,7961,8583
24150,149615,11419,71945,8013,138196,16548,7962,8586
24155,149646,11420,71960,8014,138226,16552,7963,8589
24160,149677,11421,71971,8015,138255,16556,7963,8593
24165,149708,11422,71980,8015,138286,16560,7964,8596
24170,149739,11423,71992,8015,138316,16564,7965,8599
24175,149770,11425,72007,8017,138343,16568,7966,8602
24180,149801,11427,72023,8018,138372,16572,7967,8605
24185,149832,11428,72040,8019,138403,16576,7969,8607
24190,149863,11429,72054,8019,138434,16580,7971,8609
24195,149894,11430,72069,8019,138464,16584,7973,8611
24200,149925,11431,72083,8020,138494,16588,7975,8613
24205,149956,11433,72101,8022,138523,16592,7975,8617
24210,149987,11434,72115,8023,138553,16596,7977,8619
24215,150018,11435,72127,8023,138583,16600,7978,8622
24220,150049,11437,72143,8025,138611,16604,7979,8625
24225,150080,11441,72156,8028,138639,16608,7982,8626
24230,150111,11444,72172,8031,138666,16612,7985,8627
24235,150142,11449,72193,8036,138692,16616,7987,8629
24240,150173,11455,72208,8041,138717,16620,7988,8632
24245,150204,11459,72226,8043,138745,16624,7991,8633
24250,150235,11463,72236,8044,138772,16628,7992,8636
24255,150266,11468,72248,8047,138798,16632,7992,8640
24260,150297,11472,72260,8049,138825,16636,7994,8642
24265,150328,11480,72280,8056,138848,16640,7997,8643
24270,150359,11484,72292,8058,138875,16644,7999,8645
24275,150390,11485,72312,8058,138905,16648,8003,8645
24280,150421,11487,72327,8060,138934,16652,8005,8647
24285,150452,11489,72345,8062,138962,16656,8008,8648
24290,150483,11491,72358,8063,138991,16660,8010,8650
24295,150514,11494,72374,8065,139017,16664,8012,8652
24300,150545,11497,72390,8068,139047,16668,8015,8653
24305,150576,11499,72403,8069,139076,16671,8015,8656
24310,150607,11501,72412,8070,139105,16674,8016,8658
24315,150638,11504,72428,8073,139133,16677,8018,8659
24320,150669,11504,72439,8073,139164,16680,8018,8662
24325,150700,11504,72449,8073,139195,16683,8019,8664
24330,150731,11504,72459,8073,139227,16686,8019,8667
24335,150762,11504,72469,8073,139258,16689,8021,8668
24340,150793,11504,72483,8073,139288,16692,8022,8670
24345,150824,11504,72499,8073,139318,16695,8022,8673
24350,150855,11504,72511,8073,139350,16698,8023,8675
24355,150886,11504,72528,8073,139382,16701,8023,8678
24360,150917,11504,72542,8073,139412,16704,8025,8679
24365,150948,11504,72559,8073,139443,16706,8025,8681
24370,150979,11504,72575,8073,139474,16708,8026,8682
24375,151010,11505,72595,8074,139503,16710,8027,8683
24380,151041,11508,72606,8076,139533,16712,8027,8685
24385,151072,11510,72621,8076,139560,16714,8028,8686
24390,151103,11514,72631,8079,139589,16716,8029,8687
24395,151134,11516,72643,8081,139618,16718,8031,8687
24400,151165,11519,72661,8083,139645,16720,8033,8687
24405,151196,11523,72680,8086,139671,16723,8035,8688
24410,151227,11527,72694,8089,139698,16726,8036,8690
24415,151258,11535,72712,8096,139721,16729,8038,8691
24420,151289,11541,72724,8100,139747,16732,8039,8693
24425,151320,11547,72742,8105,139773,16735,8041,8694
24430,151351,11550,72756,8108,139801,16738,8042,8696
24435,151382,11554,72772,8110,139828,16741,8045,8696
24440,151413,11556,72787,8112,139857,16744,8046,8698
24445,151444,11558,72802,8114,139886,16747,8048,8699
24450,151475,11561,72815,8116,139914,16750,8049,8701
24455,151506,11563,72831,8117,139943,16753,8051,8702
24460,151537,11568,72843,8120,139969,16756,8052,8704
24465,151568,11571,72855,8121,139997,16760,8053,8707
24470,151599,11574,72867,8123,140025,16764,8056,8708
24475,151630,11578,72882,8125,140052,16768,8060,8708
24480,151661,11581,72898,8127,140080,16772,8063,8709
24485,151692,11584,72913,8129,140104,16775,8064,8711
24490,151723,11590,72931,8134,140131,16778,8066,8712
24495,151754,11590,72952,8134,140160,16781,8067,8714
24500,151785,11590,72971,8134,140192,16784,8069,8715
24505,151816,11590,72983,8134,140225,16787,8070,8717
24510,151847,11590,73000,8134,140256,16790,8072,8718
24515,151878,11590,73018,8134,140287,16793,8074,8719
24520,151909,11590,73030,8134,140318,16796,8076,8720
24525,151940,11590,73049,8134,140350,16799,8078,8721
24530,151971,11591,73064,8135,140378,16802,8080,8722
24535,152002,11592,73085,8135,140408,16805,8082,8723
24540,152033,11593,73102,8135,140439,16808,8084,8724
24545,152064,11595,73120,8137,140468,16811,8086,8725
24550,152095,11597,73134,8139,140497,16814,8087,8727
24555,152126,11599,73146,8140,140527,16817,8088,8729
24560,152157,11600,73161,8140,140556,16820,8090,8730
24565,152188,11602,73171,8142,140584,16823,8090,8733
24570,152219,11605,73188,8145,140613,16826,8093,8733
24575,152250,11607,73202,8147,140642,16829,8093,8736
24580,152281,11610,73218,8150,140670,16832,8093,8739
24585,152312,11613,73227,8152,140698,16836,8094,8742
24590,152343,11615,73248,8154,140726,16840,8098,8742
24595,152374,11619,73262,8156,140754,16844,8101,8743
24600,152405,11623,73274,8160,140782,16848,8101,8747
24605,152436,11625,73289,8162,140811,16852,8104,8748
24610,152467,11628,73301,8164,140839,16856,8106,8750
24615,152498,11631,73316,8167,140867,16860,8110,8750
24620,152529,11635,73332,8170,140894,16864,8112,8752
24625,152560,11640,73350,8175,140920,16868,8113,8755
24630,152591,11646,73368,8179,140945,16872,8115,8757
24635,152622,11650,73384,8183,140972,16876,8117,8759
24640,152653,11655,73401,8187,140997,16880,8117,8763
24645,152684,11657,73416,8188,141023,16884,8119,8765
24650,152715,11660,73432,8191,141054,16888,8121,8767
24655,152746,11662,73448,8193,141082,16892,8123,8769
24660,152777,11664,73462,8195,141111,16896,8123,8773
24665,152808,11665,73473,8195,141142,16900,8125,8775
24670,152839,11666,73490,8195,141172,16904,8126,8778
24675,152870,11667,73506,8196,141202,16908,8129,8779
24680,152901,11668,73521,8196,141233,16912,8130,8782
24685,152932,11669,73537,8197,141262,16916,8132,8784
24690,152963,11670,73552,8197,141292,16920,8135,8785
24695,152994,11671,73561,8197,141321,16924,8137,8787
24700,153025,11672,73573,8198,141353,16928,8139,8789
24705,153056,11674,73588,8200,141382,16932,8140,8792
24710,153087,11676,73604,8202,141410,16936,8142,8794
24715,153118,11678,73621,8203,141439,16940,8145,8795
24720,153149,11680,73631,8204,141469,16944,8147,8797
24725,153180,11682,73650,8206,141496,16948,8150,8798
24730,153211,11686,73663,8210,141523,16952,8151,8801
24735,153242,11689,73679,8212,141552,16956,8153,8803
24740,153273,11692,73693,8215,141581,16960,8154,8806
24745,153304,11693,73705,8216,141610,16964,8154,8810
24750,153335,11694,73717,8217,141641,16968,8155,8813
24755,153366,11695,73730,8218,141671,16972,8156,8816
24760,153397,11696,73742,8218,141701,16976,8157,8819
24765,153428,11697,73758,8218,141731,16980,8160,8820
24770,153459,11698,73770,8218,141761,16984,8162,8822
24775,153490,11699,73784,8218,141791,16988,8164,8824
24780,153521,11700,73796,8218,141821,16992,8165,8827
24785,153552,11702,73812,8220,141850,16996,8167,8829
24790,153583,11703,73826,8220,141879,17000,8169,8831
24795,153614,11704,73844,8221,141908,17004,8172,8832
24800,153645,11705,73858,8222,141940,17008,8173,8835
24805,153676,11707,73872,8223,141968,17012,8174,8838
24810,153707,11709,73883,8223,141998,17016,8177,8839
24815,153738,11711,73902,8225,142027,17020,8181,8839
24820,153769,11714,73919,8226,142055,17024,8184,8840
24825,153800,11717,73928,8227,142083,17028,8185,8843
24830,153831,11720,73945,8229,142111,17032,8189,8843
24835,153862,11723,73958,8231,142139,17036,8192,8844
24840,153893,11727,73972,8234,142166,17040,8196,8844
24845,153924,11730,73989,8236,142193,17041,8196,8845
24850,153955,11733,73997,8238,142222,17042,8196,8846
24855,153986,11738,74010,8241,142247,17043,8196,8847
24860,154017,11741,74024,8243,142276,17044,8196,8848
24865,154048,11743,74039,8244,142304,17045,8196,8849
24870,154079,11747,74056,8248,142332,17046,8196,8850
24875,154110,11750,74066,8250,142360,17047,8197,8850
24880,154141,11753,74079,8252,142387,17048,8197,8851
24885,154172,11757,74097,8255,142413,17049,8197,8852
24890,154203,11761,74107,8257,142441,17050,8197,8853
24895,154234,11764,74120,8259,142469,17051,8198,8853
24900,154265,11768,74136,8262,142495,17052,8198,8854
24905,154296,11772,74153,8266,142523,17053,8199,8854
24910,154327,11774,74171,8268,142551,17054,8199,8855
24915,154358,11776,74188,8270,142581,17055,8200,8855
24920,154389,11778,74202,8271,142610,17056,8200,8856
24925,154420,11779,74213,8272,142641,17057,8201,8856
24930,154451,11780,74229,8272,142670,17058,8202,8856
24935,154482,11782,74241,8274,142699,17059,8202,8857
24940,154513,11784,74260,8275,142727,17060,8203,8857
24945,154544,11785,74270,8275,142759,17063,8205,8858
24950,154575,11786,74282,8276,142789,17067,8207,8860
24955,154606,11788,74299,8278,142818,17071,8209,8862
24960,154637,11790,74315,8279,142847,17075,8212,8863
24965,154668,11793,74330,8281,142875,17079,8215,8864
24970,154699,11795,74348,8282,142904,17083,8217,8866
24975,154730,11798,74364,8284,142932,17087,8219,8868
24980,154761,11800,74372,8285,142960,17091,8220,8871
24985,154792,11802,74385,8286,142988,17095,8221,8874
24990,154823,11806,74398,8290,143016,17099,8222,8877
24995,154854,11809,74414,8293,143045,17103,8224,8879
25000,154885,11812,74429,8296,143073,17107,8226,8881
25005,154916,11814,74444,8297,143101,17111,8228,8883
25010,154947,11817,74455,8299,143130,17115,8230,8885
25015,154978,11822,74473,8303,143155,17119,8232,8887
25020,155009,11825,74482,8304,143183,17123,8234,8889
25025,155040,11826,74495,8305,143214,17126,8237,8889
25030,155071,11827,74510,8306,143244,17129,8238,8891
25035,155102,11828,74522,8306,143273,17132,8239,8893
25040,155133,11830,74538,8307,143302,17135,8242,8893
25045,155164,11832,74553,8309,143330,17138,8244,8894
25050,155195,11835,74566,8311,143359,17141,8246,8895
25055,155226,11837,74585,8313,143387,17144,8247,8897
25060,155257,11839,74597,8314,143417,17147,8248,8899
25065,155288,11843,74610,8317,143443,17150,8249,8901
25070,155319,11846,74628,8320,143470,17153,8251,8902
25075,155350,11849,74640,8323,143500,17156,8253,8903
25080,155381,11850,74659,8324,143530,17159,8256,8903
25085,155412,11850,74673,8324,143561,17162,8258,8904
25090,155443,11850,74691,8324,143592,17165,8260,8905
25095,155474,11850,74713,8324,143623,17168,8262,8906
25100,155505,11851,74724,8324,143653,17171,8264,8907
25105,155536,11852,74737,8324,143683,17174,8266,8908
25110,155567,11853,74755,8324,143714,17177,8267,8910
25115,155598,11854,74773,8325,143744,17180,8269,8911
25120,155629,11855,74787,8326,143774,17183,8270,8913
25125,155660,11857,74801,8328,143803,17187,8271,8916
25130,155691,11859,74814,8328,143831,17191,8273,8918
25135,155722,11863,74828,8331,143859,17195,8275,8920
25140,155753,11866,74840,8332,143887,17199,8278,8921
25145,155784,11870,74854,8335,143914,17203,8278,8925
25150,155815,11873,74869,8336,143942,17207,8281,8926
25155,155846,11876,74885,8337,143970,17211,8282,8929
25160,155877,11878,74905,8339,143999,17215,8283,8932
25165,155908,11880,74918,8340,144028,17219,8284,8935
25170,155939,11882,74934,8341,144057,17223,8286,8937
25175,155970,11884,74953,8342,144086,17227,8289,8938
25180,156001,11886,74969,8344,144115,17231,8290,8941
25185,156032,11889,74988,8346,144141,17235,8292,8943
25190,156063,11895,75003,8350,144168,17239,8292,8947
25195,156094,11900,75021,8354,144192,17243,8294,8949
25200,156125,11908,75037,8359,144215,17247,8297,8950
25205,156156,11914,75049,8365,144242,17251,8298,8953
25210,156187,11918,75063,8366,144267,17255,8301,8954
25215,156218,11925,75080,8371,144291,17259,8302,8957
25220,156249,11928,75093,8373,144319,17263,8304,8959
25225,156280,11931,75106,8375,144346,17267,8305,8962
25230,156311,11934,75121,8377,144376,17271,8306,8965
25235,156342,11938,75138,8381,144401,17275,8308,8967
25240,156373,11940,75150,8382,144431,17279,8309,8970
25245,156404,11943,75165,8385,144460,17283,8310,8973
25250,156435,11943,75178,8385,144492,17287,8312,8975
25255,156466,11943,75192,8385,144522,17291,8314,8977
25260,156497,11943,75207,8385,144553,17295,8317,8978
25265,156528,11943,75218,8385,144585,17299,8318,8981
25270,156559,11943,75235,8385,144616,17303,8319,8984
25275,156590,11943,75251,8385,144647,17307,8322,8985
25280,156621,11943,75269,8385,144678,17311,8323,8988
25285,156652,11943,75279,8385,144709,17315,8325,8990
25290,156683,11943,75298,8385,144740,17319,8327,8992
25295,156714,11943,75315,8385,144771,17323,8329,8994
25300,156745,11943,75333,8385,144802,17327,8331,8996
25305,156776,11943,75352,8385,144833,17331,8334,8997
25310,156807,11943,75368,8385,144864,17335,8335,9000
25315,156838,11943,75390,8385,144895,17339,8338,9001
25320,156869,11943,75410,8385,144926,17343,8341,9002
25325,156900,11946,75428,8387,144954,17347,8343,9004
25330,156931,11949,75437,8388,144982,17351,8345,9006
25335,156962,11952,75448,8389,145010,17355,8346,9009
25340,156993,11956,75462,8391,145037,17359,8347,9012
25345,157024,11961,75476,8395,145063,17363,8348,9015
25350,157055,11964,75494,8398,145090,17367,8350,9017
25355,157086,11971,75509,8403,145113,17371,8353,9018
25360,157117,11979,75526,8408,145136,17375,8354,9021
25365,157148,11984,75538,8411,145162,17379,8357,9022
25370,157179,11991,75554,8416,145187,17383,8359,9024
25375,157210,11993,75568,8416,145214,17387,8362,9025
25380,157241,12000,75589,8423,145239,17391,8366,9025
25385,157272,12005,75606,8428,145264,17394,8367,9027
25390,157303,12012,75621,8435,145290,17397,8368,9029
25395,157334,12013,75632,8436,145321,17400,8368,9032
25400,157365,12013,75643,8436,145352,17403,8369,9034
25405,157396,12013,75658,8436,145383,17406,8370,9036
25410,157427,12013,75676,8436,145413,17409,8372,9037
25415,157458,12013,75695,8436,145444,17412,8374,9038
25420,157489,12013,75712,8436,145476,17415,8374,9041
25425,157520,12013,75729,8436,145505,17418,8374,9044
25430,157551,12013,75745,8436,145537,17421,8376,9045
25435,157582,12013,75759,8436,145568,17424,8378,9046
25440,157613,12013,75770,8436,145600,17427,8378,9049
25445,157644,12013,75782,8436,145631,17429,8378,9051
25450,157675,12013,75796,8436,145662,17431,8380,9051
25455,157706,12013,75810,8436,145693,17433,8381,9052
25460,157737,12013,75825,8436,145724,17435,8382,9053
25465,157768,12013,75845,8436,145755,17437,8384,9053
25470,157799,12014,75861,8436,145785,17439,8386,9053
25475,157830,12015,75874,8437,145815,17441,8387,9054
25480,157861,12016,75884,8437,145845,17443,8388,9055
25485,157892,12018,75898,8438,145873,17446,8389,9057
25490,157923,12020,75910,8440,145902,17449,8391,9058
25495,157954,12021,75929,8440,145931,17452,8392,9060
25500,157985,12024,75938,8440,145959,17455,8394,9061
25505,158016,12030,75954,8444,145986,17458,8397,9061
25510,158047,12034,75965,8445,146012,17461,8398,9063
25515,158078,12040,75979,8449,146038,17464,8399,9065
25520,158109,12045,75995,8452,146064,17467,8401,9066
25525,158140,12051,76016,8458,146088,17470,8402,9068
25530,158171,12059,76030,8465,146112,17473,8402,9071
25535,158202,12064,76043,8469,146137,17476,8403,9073
25540,158233,12069,76054,8474,146164,17479,8405,9074
25545,158264,12072,76070,8477,146191,17483,8406,9077
25550,158295,12075,76082,8479,146219,17487,8409,9078
25555,158326,12078,76094,8482,146246,17491,8411,9080
25560,158357,12083,76106,8485,146272,17495,8413,9082
25565,158388,12089,76121,8491,146299,17498,8416,9082
25570,158419,12091,76137,8493,146327,17501,8417,9084
25575,158450,12092,76155,8494,146357,17504,8418,9086
25580,158481,12092,76170,8494,146388,17507,8420,9087
25585,158512,12092,76183,8494,146419,17510,8422,9088
25590,158543,12092,76199,8494,146450,17513,8424,9089
25595,158574,12092,76214,8494,146481,17516,8424,9092
25600,158605,12092,76226,8494,146512,17519,8425,9094
25605,158636,12092,76238,8494,146544,17522,8428,9094
25610,158667,12092,76251,8494,146575,17525,8429,9096
25615,158698,12092,76266,8494,146605,17528,8431,9097
25620,158729,12092,76281,8494,146636,17531,8434,9097
25625,158760,12092,76293,8494,146668,17534,8435,9099
25630,158791,12092,76308,8494,146699,17537,8436,9101
25635,158822,12092,76321,8494,146730,17540,8438,9102
25640,158853,12093,76337,8494,146760,17543,8439,9104
25645,158884,12094,76353,8495,146790,17546,8440,9106
25650,158915,12095,76368,8495,146820,17549,8440,9109
25655,158946,12096,76381,8496,146849,17552,8443,9109
25660,158977,12097,76398,8496,146879,17555,8445,9110
25665,159008,12099,76411,8497,146908,17559,8446,9113
25670,159039,12102,76430,8499,146935,17563,8448,9115
25675,159070,12104,76453,8501,146962,17567,8452,9115
25680,159101,12109,76465,8503,146989,17571,8453,9118
25685,159132,12116,76478,8507,147016,17575,8455,9120
25690,159163,12122,76497,8513,147040,17579,8457,9122
25695,159194,12127,76513,8515,147066,17583,8460,9123
25700,159225,12133,76525,8519,147092,17587,8461,9126
25705,159256,12139,76544,8524,147116,17591,8462,9129
25710,159287,12144,76561,8528,147143,17595,8465,9130
25715,159318,12148,76579,8531,147169,17599,8468,9131
25720,159349,12152,76594,8533,147197,17603,8472,9131
25725,159380,12156,76607,8536,147224,17607,8475,9132
25730,159411,12161,76622,8541,147249,17611,8478,9133
25735,159442,12164,76639,8544,147277,17615,8479,9136
25740,159473,12166,76653,8546,147307,17619,8481,9138
25745,159504,12166,76669,8546,147338,17622,8483,9139
25750,159535,12166,76685,8546,147369,17625,8484,9141
25755,159566,12166,76696,8546,147400,17628,8484,9144
25760,159597,12166,76713,8546,147429,17631,8486,9145
25765,159628,12166,76727,8546,147461,17634,8488,9146
25770,159659,12166,76740,8546,147493,17637,8488,9149
25775,159690,12166,76754,8546,147524,17640,8490,9150
25780,159721,12166,76768,8546,147553,17643,8491,9152
25785,159752,12166,76781,8546,147582,17646,8491,9155
25790,159783,12166,76794,8546,147616,17649,8492,9157
25795,159814,12166,76810,8546,147646,17652,8494,9158
25800,159845,12166,76828,8546,147678,17655,8497,9158
25805,159876,12166,76838,8546,147710,17658,8497,9161
25810,159907,12167,76851,8546,147740,17661,8499,9162
25815,159938,12168,76865,8546,147770,17664,8500,9164
25820,159969,12169,76881,8546,147800,17667,8503,9164
25825,160000,12170,76893,8546,147830,17670,8504,9166
25830,160031,12171,76911,8547,147860,17673,8507,9166
25835,160062,12173,76925,8548,147888,17676,8509,9167
25840,160093,12177,76942,8551,147915,17679,8511,9168
25845,160124,12181,76959,8553,147941,17682,8513,9169
25850,160155,12186,76975,8557,147968,17686,8515,9171
25855,160186,12194,76990,8562,147991,17690,8518,9172
25860,160217,12202,77005,8568,148015,17694,8519,9175
25865,160248,12207,77016,8571,148041,17698,8521,9177
25870,160279,12212,77031,8575,148067,17702,8523,9179
25875,160310,12216,77048,8577,148093,17706,8525,9181
25880,160341,12221,77058,8580,148120,17710,8526,9184
25885,160372,12224,77074,8581,148148,17714,8527,9187
25890,160403,12228,77088,8584,148174,17718,8528,9190
25895,160434,12231,77100,8586,148203,17722,8528,9194
25900,160465,12233,77115,8586,148231,17726,8529,9197
25905,160496,12238,77134,8590,148256,17730,8532,9198
25910,160527,12243,77153,8594,148282,17734,8536,9198
25915,160558,12248,77170,8599,148310,17738,8540,9198
25920,160589,12249,77179,8600,148340,17742,8540,9202
25925,160620,12250,77193,8600,148370,17745,8541,9204
25930,160651,12251,77213,8601,148399,17748,8543,9205
25935,160682,12252,77226,8602,148429,17751,8545,9206
25940,160713,12253,77244,8603,148460,17754,8547,9207
25945,160744,12254,77259,8603,148490,17757,8547,9210
25950,160775,12255,77273,8604,148519,17760,8548,9212
25955,160806,12256,77289,8604,148550,17763,8550,9213
25960,160837,12257,77305,8604,148580,17766,8551,9215
25965,160868,12259,77318,8605,148608,17769,8553,9216
25970,160899,12262,77333,8608,148636,17772,8554,9218
25975,160930,12264,77345,8610,148663,17775,8555,9220
25980,160961,12267,77360,8613,148693,17778,8557,9221
25985,160992,12267,77374,8613,148724,17781,8560,9221
25990,161023,12267,77388,8613,148755,17784,8561,9223
25995,161054,12267,77405,8613,148787,17787,8562,9225
26000,161085,12267,77420,8613,148817,17790,8563,9227
26005,161116,12268,77430,8613,148848,17793,8564,9229
26010,161147,12269,77443,8613,148877,17796,8564,9232
26015,161178,12270,77456,8613,148908,17799,8566,9233
26020,161209,12271,77476,8614,148938,17802,8568,9234
26025,161240,12272,77489,8615,148967,17806,8570,9236
26030,161271,12276,77506,8619,148995,17810,8572,9238
26035,161302,12279,77521,8622,149022,17814,8575,9239
26040,161333,12284,77539,8626,149048,17818,8576,9242
26045,161364,12288,77559,8628,149076,17821,8579,9242
26050,161395,12290,77568,8629,149105,17824,8579,9245
26055,161426,12293,77582,8631,149132,17827,8581,9246
26060,161457,12298,77598,8636,149159,17830,8583,9247
26065,161488,12301,77612,8638,149187,17833,8584,9249
26070,161519,12305,77628,8641,149214,17836,8584,9252
26075,161550,12307,77641,8641,149243,17839,8586,9253
26080,161581,12312,77654,8645,149269,17842,8589,9253
26085,161612,12317,77665,8648,149293,17845,8591,9254
26090,161643,12326,77677,8657,149316,17848,8591,9257
26095,161674,12333,77692,8662,149340,17851,8593,9258
26100,161705,12336,77705,8664,149367,17854,8595,9259
26105,161736,12338,77722,8666,149397,17857,8597,9260
26110,161767,12340,77735,8667,149427,17860,8599,9261
26115,161798,12341,77752,8668,149457,17863,8601,9262
26120,161829,12342,77764,8668,149487,17866,8601,9265
26125,161860,12343,77779,8669,149517,17869,8603,9266
26130,161891,12344,77793,8670,149546,17872,8604,9268
26135,161922,12345,77808,8670,149576,17875,8604,9271
26140,161953,12346,77823,8671,149606,17878,8606,9272
26145,161984,12347,77840,8671,149637,17882,8609,9273
26150,162015,12348,77858,8672,149666,17886,8609,9277
26155,162046,12349,77871,8672,149695,17890,8611,9279
26160,162077,12350,77890,8673,149723,17894,8612,9282
26165,162108,12351,77910,8673,149755,17897,8614,9283
26170,162139,12352,77929,8674,149787,17900,8615,9285
26175,162170,12353,77945,8674,149817,17903,8616,9287
26180,162201,12354,77958,8675,149846,17906,8617,9289
26185,162232,12355,77976,8676,149877,17909,8618,9291
26190,162263,12356,77994,8676,149907,17912,8618,9294
26195,162294,12357,78010,8677,149937,17915,8621,9294
26200,162325,12358,78028,8678,149967,17918,8623,9295
26205,162356,12361,78039,8679,149994,17921,8624,9297
26210,162387,12366,78053,8682,150020,17924,8624,9300
26215,162418,12370,78067,8685,150048,17927,8625,9302
26220,162449,12373,78079,8686,150076,17930,8626,9304
26225,162480,12377,78097,8690,150102,17933,8627,9306
26230,162511,12383,78114,8695,150128,17936,8629,9307
26235,162542,12387,78126,8698,150155,17939,8631,9308
26240,162573,12392,78140,8701,150181,17942,8633,9309
26245,162604,12396,78155,8703,150207,17945,8635,9310
26250,162635,12403,78177,8710,150232,17948,8637,9311
26255,162666,12406,78197,8713,150260,17951,8640,9311
26260,162697,12408,78209,8715,150289,17954,8641,9313
26265,162728,12410,78223,8717,150318,17958,8644,9314
26270,162759,12412,78244,8718,150346,17962,8647,9315
26275,162790,12415,78258,8720,150374,17966,8648,9318
26280,162821,12420,78275,8724,150400,17970,8650,9320
26285,162852,12423,78289,8726,150429,17974,8653,9321
26290,162883,12423,78300,8726,150459,17978,8653,9325
26295,162914,12423,78320,8726,150490,17982,8655,9327
26300,162945,12423,78333,8726,150522,17986,8656,9330
26305,162976,12423,78345,8726,150553,17990,8657,9333
26310,163007,12423,78361,8726,150583,17994,8661,9333
26315,163038,12423,78378,8726,150613,17998,8663,9335
26320,163069,12423,78393,8726,150643,18002,8666,9336
26325,163100,12423,78406,8726,150676,18006,8667,9339
26330,163131,12423,78427,8726,150706,18010,8669,9341
26335,163162,12423,78442,8726,150737,18014,8670,9344
26340,163193,12423,78453,8726,150770,18018,8672,9346
26345,163224,12423,78469,8726,150800,18022,8675,9347
26350,163255,12423,78483,8726,150831,18026,8676,9350
26355,163286,12425,78501,8727,150860,18030,8678,9352
26360,163317,12428,78514,8728,150888,18034,8680,9354
26365,163348,12431,78531,8731,150917,18038,8682,9356
26370,163379,12433,78540,8731,150946,18042,8684,9358
26375,163410,12435,78557,8732,150974,18046,8686,9360
26380,163441,12438,78571,8735,151002,18050,8686,9364
26385,163472,12442,78590,8739,151028,18054,8689,9365
26390,163503,12448,78602,8744,151054,18058,8690,9368
26395,163534,12455,78618,8750,151079,18062,8692,9370
26400,163565,12458,78632,8752,151105,18066,8696,9370
26405,163596,12462,78649,8755,151134,18070,8698,9372
26410,163627,12465,78671,8758,151162,18074,8701,9373
26415,163658,12468,78690,8760,151190,18078,8703,9375
26420,163689,12471,78707,8761,151218,18082,8707,9375
26425,163720,12473,78722,8761,151247,18086,8711,9375
26430,163751,12475,78743,8763,151276,18090,8712,9378
26435,163782,12478,78760,8765,151304,18094,8714,9380
26440,163813,12480,78779,8767,151333,18098,8717,9381
26445,163844,12483,78791,8768,151360,18102,8719,9383
26450,163875,12486,78807,8770,151389,18106,8722,9384
26455,163906,12489,78823,8772,151417,18110,8724,9386
26460,163937,12492,78829,8773,151445,18114,8724,9390
26465,163968,12494,78845,8774,151473,18117,8726,9391
26470,163999,12497,78858,8775,151502,18120,8727,9393
26475,164030,12500,78873,8777,151530,18123,8728,9395
26480,164061,12504,78888,8780,151556,18126,8729,9397
26485,164092,12507,78899,8783,151584,18129,8730,9399
26490,164123,12511,78914,8786,151612,18132,8730,9402
26495,164154,12515,78932,8789,151638,18135,8732,9403
26500,164185,12517,78948,8790,151668,18138,8733,9405
26505,164216,12519,78964,8791,151697,18141,8735,9406
26510,164247,12522,78981,8793,151723,18144,8738,9406
26515,164278,12525,78995,8795,151752,18147,8740,9407
26520,164309,12526,79012,8796,151782,18150,8741,9409
26525,164340,12528,79024,8797,151812,18152,8742,9410
26530,164371,12529,79039,8798,151841,18154,8743,9411
26535,164402,12530,79052,8798,151871,18156,8744,9412
26540,164433,12531,79069,8799,151901,18158,8745,9413
26545,164464,12532,79086,8799,151930,18160,8747,9413
26550,164495,12535,79100,8801,151959,18162,8748,9414
26555,164526,12537,79118,8803,151988,18164,8750,9414
26560,164557,12539,79138,8804,152015,18166,8752,9414
26565,164588,12543,79153,8807,152043,18169,8753,9416
26570,164619,12547,79168,8811,152070,18172,8756,9416
26575,164650,12551,79181,8814,152099,18175,8759,9416
26580,164681,12551,79191,8814,152130,18178,8761,9417
26585,164712,12551,79207,8814,152161,18180,8762,9418
26590,164743,12551,79225,8814,152192,18182,8764,9418
26595,164774,12551,79239,8814,152223,18184,8765,9419
26600,164805,12551,79250,8814,152254,18186,8766,9420
26605,164836,12553,79261,8816,152283,18188,8766,9422
26610,164867,12555,79275,8817,152311,18190,8767,9423
26615,164898,12557,79290,8819,152340,18192,8768,9424
26620,164929,12559,79305,8819,152368,18194,8769,9425
26625,164960,12562,79318,8821,152396,18196,8771,9425
26630,164991,12566,79337,8824,152424,18199,8772,9427
26635,165022,12570,79348,8826,152452,18202,8773,9429
26640,165053,12574,79360,8830,152479,18205,8775,9430
26645,165084,12578,79375,8833,152506,18208,8777,9431
26650,165115,12579,79391,8834,152536,18211,8777,9434
26655,165146,12580,79411,8835,152566,18214,8779,9435
26660,165177,12581,79424,8835,152596,18217,8781,9436
26665,165208,12582,79437,8835,152626,18220,8782,9438
26670,165239,12583,79452,8835,152656,18223,8784,9439
26675,165270,12584,79470,8836,152684,18226,8786,9440
26680,165301,12585,79483,8836,152715,18229,8787,9442
26685,165332,12589,79500,8839,152741,18233,8789,9444
26690,165363,12591,79515,8840,152770,18237,8791,9446
26695,165394,12594,79533,8843,152799,18241,8794,9447
26700,165425,12597,79543,8845,152828,18245,8795,9450
26705,165456,12599,79553,8846,152856,18248,8795,9453
26710,165487,12601,79568,8848,152885,18251,8797,9454
26715,165518,12604,79581,8850,152913,18254,8798,9456
26720,165549,12607,79591,8852,152941,18257,8800,9457
26725,165580,12612,79605,8855,152968,18260,8801,9459
26730,165611,12615,79620,8858,152996,18263,8801,9462
26735,165642,12619,79632,8860,153022,18266,8802,9464
26740,165673,12623,79642,8862,153049,18269,8804,9465
26745,165704,12629,79658,8868,153073,18272,8805,9467
26750,165735,12635,79677,8873,153099,18275,8806,9469
26755,165766,12638,79694,8876,153127,18278,8807,9471
26760,165797,12639,79706,8877,153156,18281,8809,9472
26765,165828,12640,79719,8877,153187,18284,8811,9473
26770,165859,12641,79736,8878,153217,18287,8814,9473
26775,165890,12642,79753,8878,153247,18290,8815,9475
26780,165921,12643,79771,8879,153277,18293,8816,9477
26785,165952,12645,79787,8880,153307,18296,8819,9477
26790,165983,12647,79805,8882,153336,18299,8821,9478
26795,166014,12648,79820,8883,153366,18302,8824,9478
26800,166045,12650,79840,8885,153395,18305,8827,9478
26805,166076,12651,79855,8885,153425,18309,8829,9480
26810,166107,12653,79866,8887,153454,18313,8830,9483
26815,166138,12655,79878,8889,153483,18317,8832,9485
26820,166169,12658,79895,8891,153511,18321,8835,9486
26825,166200,12660,79911,8893,153540,18325,8837,9488
26830,166231,12663,79928,8896,153568,18329,8840,9489
26835,166262,12665,79943,8898,153595,18333,8842,9491
26840,166293,12665,79963,8898,153626,18337,8844,9493
26845,166324,12665,79981,8898,153658,18341,8845,9496
26850,166355,12665,79995,8898,153689,18345,8847,9498
26855,166386,12665,80010,8898,153720,18349,8850,9499
26860,166417,12667,80023,8899,153746,18353,8851,9502
26865,166448,12671,80038,8901,153776,18357,8855,9502
26870,166479,12675,80056,8903,153801,18361,8859,9502
26875,166510,12678,80069,8905,153831,18365,8859,9506
26880,166541,12681,80087,8907,153858,18369,8860,9509
26885,166572,12686,80101,8912,153886,18373,8861,9512
26890,166603,12690,80113,8915,153912,18377,8863,9514
26895,166634,12694,80129,8918,153937,18381,8864,9517
26900,166665,12697,80143,8921,153968,18385,8865,9520
26905,166696,12698,80157,8922,153998,18389,8866,9523
26910,166727,12699,80170,8923,154028,18393,8868,9525
26915,166758,12700,80189,8923,154058,18397,8871,9526
26920,166789,12701,80206,8923,154088,18401,8874,9527
26925,166820,12702,80222,8923,154118,18405,8874,9531
26930,166851,12705,80238,8926,154145,18409,8875,9534
26935,166882,12707,80250,8927,154174,18413,8875,9538
26940,166913,12710,80261,8930,154203,18417,8876,9541
26945,166944,12712,80276,8931,154232,18421,8877,9544
26950,166975,12714,80294,8932,154261,18425,8881,9544
26955,167006,12716,80309,8934,154290,18429,8883,9546
26960,167037,12719,80324,8935,154318,18433,8885,9548
26965,167068,12721,80341,8936,154347,18437,8887,9550
26970,167099,12724,80360,8937,154375,18441,8890,9551
26975,167130,12726,80373,8938,154404,18445,8891,9554
26980,167161,12728,80391,8940,154433,18449,8893,9556
26985,167192,12731,80404,8941,154460,18453,8894,9559
26990,167223,12736,80417,8946,154487,18457,8896,9561
26995,167254,12741,80437,8951,154511,18461,8898,9563
27000,167285,12748,80454,8957,154537,18465,8902,9563
27005,167316,12751,80466,8959,154564,18468,8902,9566
27010,167347,12754,80476,8961,154593,18471,8902,9569
27015,167378,12756,80485,8962,154622,18474,8903,9571
27020,167409,12757,80504,8962,154649,18477,8906,9571
27025,167440,12761,80519,8966,154677,18480,8908,9572
27030,167471,12764,80532,8969,154705,18483,8909,9574
27035,167502,12768,80546,8972,154733,18486,8910,9576
27040,167533,12769,80558,8972,154763,18489,8911,9578
27045,167564,12772,80572,8974,154791,18492,8912,9580
27050,167595,12776,80590,8977,154818,18495,8915,9580
27055,167626,12776,80604,8977,154849,18498,8915,9583
27060,167657,12776,80623,8977,154880,18501,8916,9585
27065,167688,12776,80634,8977,154912,18504,8917,9587
27070,167719,12776,80646,8977,154942,18507,8918,9589
27075,167750,12776,80661,8977,154974,18510,8919,9591
27080,167781,12776,80674,8977,155004,18513,8920,9593
27085,167812,12776,80691,8977,155036,18516,8920,9596
27090,167843,12776,80704,8977,155067,18519,8921,9598
27095,167874,12776,80723,8977,155098,18522,8924,9598
27100,167905,12776,80732,8977,155128,18525,8924,9601
27105,167936,12776,80749,8977,155157,18529,8926,9603
27110,167967,12779,80765,8980,155188,18533,8929,9604
27115,167998,12782,80777,8982,155215,18537,8930,9607
27120,168029,12786,80794,8985,155243,18541,8932,9609
27125,168060,12789,80808,8987,155271,18544,8934,9610
27130,168091,12792,80819,8989,155299,18547,8934,9613
27135,168122,12795,80833,8991,155327,18550,8935,9615
27140,168153,12797,80844,8991,155356,18553,8936,9617
27145,168184,12799,80858,8991,155385,18556,8937,9619
27150,168215,12801,80870,8992,155414,18559,8938,9621
27155,168246,12803,80888,8994,155443,18562,8940,9622
27160,168277,12806,80903,8995,155470,18565,8941,9624
27165,168308,12810,80919,8998,155498,18568,8943,9625
27170,168339,12813,80933,9000,155525,18571,8944,9627
27175,168370,12818,80947,9004,155551,18574,8944,9630
27180,168401,12824,80960,9009,155577,18577,8946,9631
27185,168432,12828,80976,9011,155601,18580,8948,9632
27190,168463,12834,80991,9015,155628,18583,8949,9634
27195,168494,12838,81012,9018,155653,18586,8952,9634
27200,168525,12843,81025,9022,155681,18589,8952,9637
27205,168556,12847,81041,9025,155709,18592,8953,9639
27210,168587,12849,81053,9026,155737,18595,8954,9641
27215,168618,12851,81069,9027,155766,18598,8956,9642
27220,168649,12853,81087,9029,155794,18601,8957,9644
27225,168680,12854,81106,9029,155825,18605,8959,9646
27230,168711,12857,81121,9032,155854,18609,8961,9648
27235,168742,12859,81126,9034,155883,18613,8961,9652
27240,168773,12861,81138,9036,155912,18617,8963,9654
27245,168804,12861,81153,9036,155943,18621,8965,9656
27250,168835,12861,81174,9036,155974,18625,8967,9658
27255,168866,12861,81186,9036,156005,18629,8970,9659
27260,168897,12861,81203,9036,156036,18633,8973,9660
27265,168928,12861,81224,9036,156067,18637,8975,9662
27270,168959,12861,81239,9036,156098,18641,8977,9664
27275,168990,12861,81252,9036,156129,18645,8978,9667
27280,169021,12861,81266,9036,156160,18649,8980,9669
27285,169052,12861,81281,9036,156190,18653,8982,9671
27290,169083,12862,81297,9037,156219,18657,8983,9674
27295,169114,12863,81313,9037,156250,18661,8984,9677
27300,169145,12864,81327,9038,156280,18665,8985,9680
27305,169176,12866,81341,9040,156309,18668,8985,9683
27310,169207,12869,81355,9043,156338,18671,8988,9683
27315,169238,12873,81372,9046,156365,18674,8990,9684
27320,169269,12875,81385,9046,156394,18677,8992,9685
27325,169300,12879,81401,9049,156421,18680,8995,9685
27330,169331,12885,81415,9053,156446,18683,8996,9687
27335,169362,12888,81427,9056,156474,18686,8997,9689
27340,169393,12889,81440,9056,156504,18689,8999,9690
27345,169424,12891,81454,9057,156532,18692,9000,9692
27350,169455,12893,81472,9058,156560,18695,9002,9693
27355,169486,12895,81490,9059,156591,18698,9005,9693
27360,169517,12897,81506,9059,156618,18701,9006,9695
27365,169548,12899,81520,9060,156649,18704,9009,9695
27370,169579,12901,81532,9062,156677,18707,9011,9696
27375,169610,12903,81547,9063,156707,18710,9012,9698
27380,169641,12905,81565,9064,156736,18713,9015,9698
27385,169672,12907,81575,9064,156764,18716,9017,9699
27390,169703,12909,81591,9065,156794,18719,9018,9701
27395,169734,12911,81607,9065,156822,18722,9019,9703
27400,169765,12914,81620,9067,156850,18725,9019,9706
27405,169796,12918,81636,9070,156877,18729,9023,9706
27410,169827,12922,81651,9072,156904,18733,9026,9707
27415,169858,12926,81666,9075,156929,18737,9029,9708
27420,169889,12934,81684,9081,156954,18741,9032,9709
27425,169920,12937,81695,9084,156982,18745,9034,9711
27430,169951,12939,81706,9085,157012,18749,9036,9713
27435,169982,12941,81724,9087,157041,18753,9038,9715
27440,170013,12944,81739,9088,157069,18757,9038,9719
27445,170044,12946,81754,9089,157098,18761,9040,9721
27450,170075,12949,81771,9091,157126,18765,9042,9723
27455,170106,12952,81789,9092,157154,18769,9045,9724
27460,170137,12954,81805,9094,157183,18773,9046,9727
27465,170168,12957,81820,9097,157211,18777,9048,9729
27470,170199,12959,81830,9099,157238,18781,9049,9732
27475,170230,12961,81848,9100,157267,18785,9051,9734
27480,170261,12963,81866,9101,157297,18789,9054,9735
27485,170292,12965,81883,9103,157327,18793,9057,9736
27490,170323,12966,81898,9104,157357,18797,9059,9738
27495,170354,12968,81915,9106,157386,18801,9061,9740
27500,170385,12969,81930,9107,157416,18805,9062,9743
27505,170416,12970,81945,9108,157446,18809,9063,9746
27510,170447,12972,81960,9109,157475,18813,9065,9748
27515,170478,12973,81975,9109,157505,18817,9066,9751
27520,170509,12976,81992,9112,157533,18821,9068,9753
27525,170540,12977,82010,9112,157562,18825,9070,9755
27530,170571,12980,82024,9115,157589,18829,9072,9757
27535,170602,12985,82034,9119,157616,18833,9073,9760
27540,170633,12989,82049,9123,157641,18837,9074,9763
27545,170664,12992,82062,9126,157670,18839,9074,9765
27550,170695,12995,82077,9128,157699,18841,9076,9765
27555,170726,12997,82097,9129,157727,18843,9077,9766
27560,170757,13000,82111,9131,157756,18845,9078,9767
27565,170788,13002,82125,9133,157785,18847,9079,9768
27570,170819,13004,82141,9134,157813,18849,9081,9768
27575,170850,13008,82165,9138,157840,18851,9082,9769
27580,170881,13011,82179,9141,157870,18853,9082,9771
27585,170912,13014,82193,9143,157896,18855,9084,9771
27590,170943,13015,82209,9144,157927,18857,9085,9772
27595,170974,13016,82221,9144,157957,18859,9085,9774
27600,171005,13017,82235,9145,157988,18861,9085,9776
27605,171036,13018,82251,9146,158016,18863,9086,9777
27610,171067,13019,82264,9147,158048,18865,9088,9777
27615,171098,13020,82279,9148,158077,18867,9089,9778
27620,171129,13021,82292,9148,158107,18869,9089,9780
27625,171160,13022,82308,9148,158138,18871,9091,9780
27630,171191,13023,82326,9148,158167,18873,9092,9781
27635,171222,13024,82337,9149,158198,18875,9093,9782
27640,171253,13025,82354,9150,158227,18877,9094,9783
27645,171284,13026,82374,9150,158258,18880,9095,9785
27650,171315,13027,82388,9151,158287,18884,9097,9787
27655,171346,13029,82403,9152,158317,18888,9098,9790
27660,171377,13031,82417,9154,158346,18892,9099,9793
27665,171408,13033,82430,9155,158375,18896,9101,9795
27670,171439,13036,82442,9157,158403,18900,9102,9798
27675,171470,13038,82455,9157,158432,18904,9103,9801
27680,171501,13040,82468,9157,158461,18908,9104,9804
27685,171532,13043,82484,9160,158489,18912,9104,9808
27690,171563,13047,82500,9164,158516,18916,9106,9810
27695,171594,13051,82518,9168,158541,18920,9108,9812
27700,171625,13058,82534,9173,158566,18924,9109,9815
27705,171656,13065,82551,9179,158590,18928,9111,9817
27710,171687,13071,82563,9183,158616,18932,9114,9818
27715,171718,13077,82575,9189,158640,18936,9116,9820
27720,171749,13084,82591,9195,158665,18940,9118,9822
27725,171780,13089,82604,9198,158691,18943,9119,9824
27730,171811,13095,82615,9201,158716,18946,9120,9826
27735,171842,13099,82630,9204,158743,18949,9122,9827
27740,171873,13101,82645,9205,158772,18952,9122,9830
27745,171904,13103,82661,9207,158799,18955,9124,9831
27750,171935,13105,82679,9209,158829,18958,9126,9832
27755,171966,13105,82692,9209,158860,18961,9127,9834
27760,171997,13105,82708,9209,158890,18964,9129,9835
27765,172028,13105,82722,9209,158922,18967,9131,9836
27770,172059,13105,82738,9209,158950,18970,9132,9838
27775,172090,13105,82753,9209,158982,18973,9134,9839
27780,172121,13105,82764,9209,159014,18976,9135,9841
27785,172152,13105,82779,9209,159047,18979,9136,9843
27790,172183,13105,82794,9209,159077,18982,9137,9845
27795,172214,13105,82812,9209,159108,18985,9139,9846
27800,172245,13105,82833,9209,159139,18988,9142,9846
27805,172276,13105,82848,9209,159171,18991,9144,9847
27810,172307,13105,82859,9209,159202,18994,9146,9848
27815,172338,13105,82874,9209,159233,18997,9148,9849
27820,172369,13105,82892,9209,159264,19000,9151,9849
27825,172400,13105,82907,9209,159295,19004,9154,9850
27830,172431,13105,82923,9209,159326,19008,9155,9853
27835,172462,13105,82940,9209,159357,19012,9158,9854
27840,172493,13106,82958,9209,159387,19016,9160,9856
27845,172524,13109,82974,9211,159415,19019,9162,9857
27850,172555,13113,82983,9213,159442,19022,9163,9859
27855,172586,13116,82994,9213,159470,19025,9163,9862
27860,172617,13119,83009,9215,159498,19028,9164,9864
27865,172648,13122,83024,9216,159526,19031,9167,9864
27870,172679,13125,83038,9218,159554,19034,9168,9866
27875,172710,13129,83051,9220,159581,19037,9169,9868
27880,172741,13134,83064,9222,159607,19040,9172,9868
27885,172772,13138,83080,9223,159633,19043,9174,9869
27890,172803,13146,83096,9229,159657,19046,9177,9869
27895,172834,13152,83111,9235,159682,19049,9178,9871
27900,172865,13158,83129,9239,159706,19052,9180,9872
27905,172896,13165,83142,9245,159731,19055,9182,9873
27910,172927,13169,83158,9247,159757,19058,9183,9875
27915,172958,13174,83175,9251,159783,19061,9185,9876
27920,172989,13178,83190,9254,159811,19064,9186,9878
27925,173020,13181,83207,9256,159838,19067,9188,9879
27930,173051,13183,83222,9257,159867,19070,9188,9882
27935,173082,13184,83242,9258,159896,19073,9190,9883
27940,173113,13185,83255,9259,159928,19076,9191,9885
27945,173144,13186,83270,9260,159957,19080,9193,9887
27950,173175,13188,83280,9261,159986,19084,9195,9889
27955,173206,13190,83295,9262,160015,19088,9197,9891
27960,173237,13192,83311,9263,160045,19092,9199,9893
27965,173268,13192,83324,9263,160075,19096,9200,9896
27970,173299,13192,83341,9263,160106,19100,9201,9899
27975,173330,13192,83353,9263,160138,19104,9203,9901
27980,173361,13192,83367,9263,160169,19108,9206,9902
27985,173392,13192,83379,9263,160199,19112,9209,9903
27990,173423,13192,83388,9263,160231,19116,9211,9905
27995,173454,13192,83398,9263,160262,19120,9212,9908
28000,173485,13192,83412,9263,160293,19124,9214,9910
28005,173516,13192,83430,9263,160323,19128,9216,9912
28010,173547,13192,83444,9263,160354,19132,9218,9914
28015,173578,13192,83457,9263,160386,19136,9220,9916
28020,173609,13193,83473,9264,160415,19140,9223,9917
28025,173640,13196,83484,9267,160444,19144,9224,9920
28030,173671,13201,83503,9271,160470,19148,9225,9923
28035,173702,13205,83516,9275,160496,19152,9226,9926
28040,173733,13212,83527,9280,160520,19156,9226,9930
28045,173764,13217,83539,9283,160545,19160,9228,9932
28050,173795,13223,83550,9287,160571,19164,9229,9935
28055,173826,13226,83567,9290,160600,19168,9233,9935
28060,173857,13228,83583,9292,160628,19172,9234,9938
28065,173888,13232,83596,9294,160654,19176,9236,9940
28070,173919,13236,83607,9297,160682,19180,9237,9943
28075,173950,13238,83618,9297,160712,19184,9241,9943
28080,173981,13240,83630,9297,160741,19188,9244,9944
28085,174012,13242,83644,9298,160769,19191,9245,9946
28090,174043,13244,83659,9299,160798,19194,9245,9949
28095,174074,13246,83672,9301,160828,19197,9246,9951
28100,174105,13249,83689,9303,160856,19200,9248,9952
28105,174136,13250,83701,9303,160886,19203,9249,9954
28110,174167,13251,83719,9303,160916,19206,9249,9957
28115,174198,13252,83732,9304,160946,19209,9250,9959
28120,174229,13253,83746,9304,160976,19212,9251,9961
28125,174260,13254,83766,9304,161005,19215,9253,9962
28130,174291,13255,83774,9304,161036,19218,9253,9965
28135,174322,13256,83786,9305,161065,19221,9253,9968
28140,174353,13257,83800,9305,161094,19224,9253,9971
28145,174384,13258,83815,9305,161125,19227,9254,9973
28150,174415,13259,83831,9305,161155,19230,9256,9974
28155,174446,13260,83846,9305,161184,19233,9257,9976
28160,174477,13262,83865,9307,161214,19236,9259,9977
28165,174508,13265,83878,9309,161243,19239,9261,9978
28170,174539,13267,83891,9310,161271,19242,9262,9980
28175,174570,13270,83909,9312,161300,19245,9264,9981
28180,174601,13273,83926,9314,161326,19248,9266,9982
28185,174632,13278,83943,9319,161352,19252,9268,9984
28190,174663,13282,83954,9321,161378,19256,9269,9987
28195,174694,13287,83968,9326,161405,19260,9269,9991
28200,174725,13294,83981,9332,161430,19264,9272,9992
28205,174756,13296,83993,9334,161460,19268,9274,9994
28210,174787,13298,84008,9334,161489,19272,9276,9996
28215,174818,13302,84021,9337,161516,19276,9277,9999
28220,174849,13304,84039,9337,161545,19280,9279,10001
28225,174880,13306,84053,9338,161574,19284,9282,10002
28230,174911,13310,84070,9342,161600,19288,9284,10004
28235,174942,13316,84086,9346,161625,19292,9287,10005
28240,174973,13322,84102,9351,161651,19296,9289,10007
28245,175004,13327,84115,9356,161677,19300,9291,10009
28250,175035,13330,84126,9358,161705,19304,9294,10010
28255,175066,13334,84140,9360,161732,19308,9297,10011
28260,175097,13338,84159,9364,161758,19312,9298,10014
28265,175128,13340,84173,9365,161788,19316,9300,10016
28270,175159,13340,84189,9365,161818,19320,9302,10018
28275,175190,13340,84200,9365,161849,19324,9303,10021
28280,175221,13340,84212,9365,161880,19328,9304,10024
28285,175252,13340,84221,9365,161912,19332,9306,10026
28290,175283,13340,84235,9365,161943,19336,9307,10029
28295,175314,13340,84257,9365,161973,19340,9309,10031
28300,175345,13340,84264,9365,162004,19344,9309,10035
28305,175376,13340,84283,9365,162033,19348,9311,10037
28310,175407,13342,84298,9367,162064,19352,9313,10039
28315,175438,13343,84311,9367,162092,19356,9315,10041
28320,175469,13345,84328,9369,162123,19360,9318,10042
28325,175500,13346,84339,9369,162152,19363,9319,10044
28330,175531,13348,84352,9371,162182,19366,9320,10046
28335,175562,13350,84367,9373,162210,19369,9320,10049
28340,175593,13352,84381,9375,162240,19372,9320,10052
28345,175624,13355,84393,9378,162269,19375,9321,10054
28350,175655,13357,84408,9380,162298,19378,9322,10056
28355,175686,13358,84421,9380,162328,19381,9323,10058
28360,175717,13360,84438,9381,162355,19384,9323,10061
28365,175748,13365,84454,9385,162381,19387,9324,10063
28370,175779,13368,84465,9387,162411,19390,9325,10065
28375,175810,13370,84483,9388,162440,19393,9327,10066
28380,175841,13372,84498,9390,162469,19396,9329,10067
28385,175872,13374,84511,9390,162498,19398,9330,10068
28390,175903,13377,84527,9392,162526,19400,9332,10068
28395,175934,13379,84538,9393,162555,19402,9334,10068
28400,175965,13383,84553,9397,162582,19404,9334,10070
28405,175996,13387,84574,9400,162609,19406,9336,10070
28410,176027,13390,84588,9403,162637,19408,9336,10072
28415,176058,13393,84603,9406,162665,19410,9336,10074
28420,176089,13395,84620,9407,162694,19412,9336,10076
28425,176120,13399,84634,9410,162720,19415,9339,10076
28430,176151,13401,84652,9411,162748,19418,9341,10077
28435,176182,13405,84672,9415,162775,19421,9343,10078
28440,176213,13408,84683,9417,162802,19424,9343,10081
28445,176244,13411,84700,9420,162833,19426,9344,10082
28450,176275,13415,84716,9422,162859,19428,9345,10083
28455,176306,13416,84726,9423,162889,19430,9346,10084
28460,176337,13417,84740,9424,162920,19432,9348,10084
28465,176368,13418,84749,9425,162950,19434,9348,10086
28470,176399,13419,84763,9425,162979,19436,9350,10086
28475,176430,13422,84781,9428,163007,19438,9350,10088
28480,176461,13425,84797,9430,163035,19440,9352,10088
28485,176492,13428,84806,9431,163063,19443,9353,10090
28490,176523,13430,84818,9432,163092,19446,9353,10093
28495,176554,13432,84830,9432,163121,19449,9354,10095
28500,176585,13435,84846,9434,163148,19452,9354,10098
28505,176616,13437,84865,9436,163179,19455,9355,10100
28510,176647,13438,84877,9436,163209,19458,9356,10102
28515,176678,13439,84887,9437,163239,19461,9357,10104
28520,176709,13440,84901,9438,163269,19464,9357,10107
28525,176740,13441,84918,9438,163299,19467,9358,10109
28530,176771,13442,84931,9438,163329,19470,9360,10110
28535,176802,13444,84951,9440,163357,19473,9362,10111
28540,176833,13447,84964,9443,163385,19476,9364,10112
28545,176864,13450,84983,9446,163411,19479,9365,10114
28550,176895,13455,85000,9451,163439,19483,9367,10116
28555,176926,13459,85015,9454,163464,19487,9369,10118
28560,176957,13463,85027,9457,163492,19491,9369,10122
28565,176988,13464,85039,9458,163522,19495,9369,10126
28570,177019,13465,85055,9459,163552,19499,9371,10128
28575,177050,13466,85070,9459,163584,19503,9372,10131
28580,177081,13467,85086,9460,163613,19507,9373,10134
28585,177112,13468,85098,9460,163644,19511,9374,10137
28590,177143,13469,85115,9461,163674,19515,9377,10138
28595,177174,13470,85131,9461,163704,19519,9379,10140
28600,177205,13471,85147,9462,163734,19523,9382,10141
28605,177236,13472,85166,9463,163764,19527,9384,10143
28610,177267,13475,85181,9465,163792,19531,9386,10145
28615,177298,13477,85192,9465,163821,19535,9388,10147
28620,177329,13479,85206,9466,163850,19539,9390,10149
28625,177360,13481,85222,9467,163879,19542,9391,10151
28630,177391,13483,85238,9467,163908,19545,9393,10152
28635,177422,13486,85255,9470,163936,19548,9395,10153
28640,177453,13489,85270,9471,163964,19551,9397,10154
28645,177484,13492,85284,9474,163992,19554,9398,10156
28650,177515,13495,85299,9476,164020,19557,9399,10158
28655,177546,13499,85317,9479,164047,19560,9401,10159
28660,177577,13501,85330,9480,164076,19563,9402,10161
28665,177608,13503,85341,9482,164104,19566,9402,10164
28670,177639,13508,85352,9485,164130,19569,9403,10166
28675,177670,13512,85365,9487,164156,19572,9404,10168
28680,177701,13521,85384,9493,164178,19575,9407,10168
28685,177732,13527,85400,9498,164203,19578,9408,10170
28690,177763,13530,85405,9499,164232,19581,9410,10171
28695,177794,13537,85422,9505,164256,19584,9412,10172
28700,177825,13539,85440,9506,164284,19587,9413,10174
28705,177856,13540,85458,9507,164314,19590,9414,10176
28710,177887,13542,85474,9509,164344,19593,9415,10178
28715,177918,13544,85485,9511,164372,19596,9415,10181
28720,177949,13547,85500,9514,164401,19599,9417,10182
28725,177980,13548,85517,9514,164430,19603,9418,10185
28730,178011,13550,85536,9515,164459,19607,9421,10186
28735,178042,13552,85547,9517,164490,19611,9422,10189
28740,178073,13552,85558,9517,164520,19615,9423,10192
28745,178104,13552,85572,9517,164552,19619,9426,10193
28750,178135,13552,85588,9517,164583,19623,9428,10195
28755,178166,13552,85608,9517,164614,19627,9431,10196
28760,178197,13552,85623,9517,164645,19631,9432,10199
28765,178228,13552,85640,9517,164676,19635,9433,10202
28770,178259,13552,85653,9517,164707,19639,9433,10206
28775,178290,13552,85665,9517,164738,19643,9435,10208
28780,178321,13552,85678,9517,164769,19647,9437,10210
28785,178352,13552,85693,9517,164800,19651,9439,10212
28790,178383,13553,85710,9518,164830,19655,9442,10213
28795,178414,13554,85729,9518,164860,19659,9443,10216
28800,178445,13555,85741,9518,164889,19663,9445,10218
28805,178476,13558,85754,9519,164918,19667,9446,10221
28810,178507,13560,85767,9519,164947,19671,9448,10223
28815,178538,13562,85780,9519,164975,19675,9449,10226
28820,178569,13567,85797,9522,165001,19679,9451,10228
28825,178600,13571,85812,9525,165029,19683,9452,10231
28830,178631,13575,85830,9528,165055,19687,9452,10235
28835,178662,13581,85848,9532,165081,19691,9456,10235
28840,178693,13586,85862,9534,165106,19695,9457,10238
28845,178724,13593,85877,9540,165131,19699,9457,10242
28850,178755,13595,85892,9542,165160,19703,9459,10244
28855,178786,13598,85910,9544,165186,19707,9463,10244
28860,178817,13602,85927,9548,165212,19711,9464,10247
28865,178848,13605,85940,9550,165240,19715,9464,10251
28870,178879,13611,85956,9554,165267,19719,9465,10254
28875,178910,13612,85969,9555,165297,19723,9466,10257
28880,178941,13615,85981,9557,165325,19727,9468,10259
28885,178972,13616,85996,9557,165354,19731,9470,10261
28890,179003,13619,86014,9560,165380,19735,9472,10263
28895,179034,13622,86030,9563,165411,19739,9474,10265
28900,179065,13624,86043,9564,165438,19743,9474,10269
28905,179096,13627,86055,9566,165468,19747,9477,10270
28910,179127,13631,86072,9570,165496,19751,9478,10273
28915,179158,13631,86091,9570,165526,19755,9480,10275
28920,179189,13631,86106,9570,165558,19759,9483,10276
28925,179220,13631,86122,9570,165589,19761,9485,10276
28930,179251,13631,86133,9570,165620,19763,9485,10278
28935,179282,13631,86147,9570,165651,19765,9487,10278
28940,179313,13631,86165,9570,165682,19767,9489,10278
28945,179344,13631,86176,9570,165713,19769,9491,10278
28950,179375,13633,86193,9572,165741,19771,9493,10278
28955,179406,13635,86207,9574,165770,19773,9495,10278
28960,179437,13637,86220,9575,165800,19775,9496,10279
28965,179468,13638,86239,9575,165829,19777,9498,10279
28970,179499,13640,86255,9577,165859,19779,9500,10279
28975,179530,13641,86274,9578,165888,19781,9502,10279
28980,179561,13645,86290,9581,165916,19783,9502,10281
28985,179592,13648,86305,9582,165943,19785,9503,10282
28990,179623,13651,86317,9584,165972,19787,9503,10284
28995,179654,13653,86330,9585,166000,19789,9505,10284
29000,179685,13656,86339,9587,166028,19791,9507,10284
29005,179716,13662,86354,9593,166051,19793,9508,10285
29010,179747,13665,86364,9595,166080,19795,9508,10287
29015,179778,13667,86380,9597,166110,19797,9508,10289
29020,179809,13668,86395,9597,166139,19799,9510,10289
29025,179840,13670,86407,9598,166167,19803,9512,10291
29030,179871,13675,86424,9603,166194,19807,9514,10293
29035,179902,13681,86444,9608,166216,19811,9518,10293
29040,179933,13687,86458,9614,166244,19815,9520,10295
29045,179964,13692,86472,9617,166271,19819,9521,10298
29050,179995,13696,86487,9620,166298,19823,9523,10300
29055,180026,13697,86501,9620,166328,19827,9526,10301
29060,180057,13698,86514,9620,166359,19831,9526,10305
29065,180088,13700,86526,9622,166388,19835,9527,10308
29070,180119,13702,86540,9624,166417,19839,9529,10310
29075,180150,13703,86553,9625,166447,19843,9531,10312
29080,180181,13705,86575,9627,166476,19847,9533,10314
29085,180212,13706,86589,9628,166506,19851,9536,10315
29090,180243,13708,86604,9629,166535,19855,9537,10318
29095,180274,13709,86614,9629,166565,19859,9540,10319
29100,180305,13710,86626,9630,166595,19863,9541,10322
29105,180336,13711,86637,9631,166625,19867,9542,10325
29110,180367,13711,86648,9631,166656,19871,9543,10328
29115,180398,13711,86664,9631,166687,19875,9546,10329
29120,180429,13713,86682,9633,166716,19879,9548,10331
29125,180460,13714,86695,9634,166746,19883,9550,10333
29130,180491,13716,86712,9635,166775,19887,9553,10334
29135,180522,13718,86730,9637,166804,19891,9554,10337
29140,180553,13721,86746,9640,166832,19895,9556,10339
29145,180584,13724,86761,9643,166859,19899,9560,10339
29150,180615,13731,86781,9650,166882,19903,9561,10342
29155,180646,13737,86794,9654,166908,19907,9564,10343
29160,180677,13739,86808,9656,166938,19911,9566,10345
29165,180708,13740,86825,9657,166967,19914,9568,10346
29170,180739,13741,86841,9658,166998,19917,9569,10348
29175,180770,13742,86854,9659,167027,19920,9570,10350
29180,180801,13743,86867,9659,167058,19923,9571,10352
29185,180832,13744,86881,9660,167088,19926,9572,10354
29190,180863,13745,86901,9661,167117,19929,9573,10356
29195,180894,13746,86915,9662,167148,19932,9575,10357
29200,180925,13747,86928,9663,167178,19935,9575,10360
29205,180956,13748,86941,9664,167205,19938,9576,10362
29210,180987,13754,86958,9669,167231,19941,9578,10363
29215,181018,13759,86971,9673,167256,19944,9578,10366
29220,181049,13764,86988,9676,167282,19947,9581,10366
29225,181080,13766,87004,9678,167312,19950,9583,10367
29230,181111,13767,87021,9679,167343,19953,9585,10368
29235,181142,13768,87037,9680,167372,19956,9588,10368
29240,181173,13769,87051,9681,167404,19959,9590,10369
29245,181204,13770,87071,9682,167434,19962,9592,10370
29250,181235,13771,87084,9682,167464,19965,9592,10373
29255,181266,13772,87102,9682,167494,19968,9594,10374
29260,181297,13773,87116,9682,167524,19971,9597,10374
29265,181328,13774,87130,9682,167552,19975,9599,10376
29270,181359,13779,87148,9686,167580,19979,9603,10376
29275,181390,13781,87161,9686,167608,19983,9603,10380
29280,181421,13785,87177,9690,167635,19987,9604,10383
29285,181452,13788,87193,9691,167664,19991,9607,10384
29290,181483,13791,87207,9694,167691,19995,9611,10384
29295,181514,13797,87225,9699,167717,19999,9615,10384
29300,181545,13801,87238,9701,167743,20003,9615,10388
29305,181576,13805,87250,9704,167771,20007,9617,10390
29310,181607,13808,87267,9706,167798,20011,9619,10392
29315,181638,13812,87279,9709,167826,20015,9620,10395
29320,181669,13815,87294,9711,167854,20019,9622,10397
29325,181700,13819,87308,9715,167880,20023,9624,10399
29330,181731,13823,87323,9719,167908,20027,9627,10400
29335,181762,13828,87338,9722,167934,20031,9630,10401
29340,181793,13831,87348,9724,167962,20035,9630,10405
29345,181824,13834,87364,9726,167989,20038,9632,10406
29350,181855,13836,87386,9727,168017,20041,9635,10406
29355,181886,13839,87399,9730,168043,20044,9636,10408
29360,181917,13844,87412,9735,168071,20047,9638,10409
29365,181948,13844,87425,9735,168102,20050,9640,10410
29370,181979,13844,87442,9735,168133,20053,9641,10412
29375,182010,13844,87455,9735,168165,20056,9642,10414
29380,182041,13844,87473,9735,168197,20059,9645,10414
29385,182072,13844,87484,9735,168228,20062,9647,10415
29390,182103,13844,87501,9735,168257,20065,9650,10415
29395,182134,13844,87516,9735,168289,20068,9651,10417
29400,182165,13844,87530,9735,168321,20071,9652,10419
29405,182196,13844,87546,9735,168351,20074,9655,10419
29410,182227,13844,87558,9735,168383,20077,9656,10421
29415,182258,13844,87574,9735,168414,20080,9658,10422
29420,182289,13844,87588,9735,168444,20083,9659,10424
29425,182320,13846,87604,9737,168472,20086,9659,10427
29430,182351,13849,87616,9739,168502,20089,9659,10430
29435,182382,13850,87631,9739,168530,20092,9660,10432
29440,182413,13854,87650,9743,168559,20095,9663,10432
29445,182444,13856,87660,9743,168587,20098,9664,10434
29450,182475,13859,87677,9746,168616,20102,9665,10437
29455,182506,13862,87699,9749,168642,20106,9668,10438
29460,182537,13868,87712,9753,168668,20110,9669,10441
29465,182568,13874,87731,9758,168694,20113,9670,10443
29470,182599,13876,87744,9759,168723,20116,9671,10445
29475,182630,13878,87758,9759,168752,20119,9673,10446
29480,182661,13880,87774,9760,168781,20122,9675,10447
29485,182692,13883,87787,9762,168809,20125,9677,10448
29490,182723,13886,87805,9764,168836,20128,9680,10448
29495,182754,13890,87825,9767,168863,20131,9683,10448
29500,182785,13893,87836,9768,168891,20134,9685,10449
29505,182816,13897,87851,9770,168917,20137,9686,10451
29510,182847,13904,87868,9776,168942,20140,9688,10452
29515,182878,13909,87888,9780,168966,20143,9690,10453
29520,182909,13911,87901,9781,168998,20146,9692,10454
29525,182940,13913,87921,9783,169025,20148,9693,10455
29530,182971,13915,87938,9784,169055,20150,9695,10455
29535,183002,13916,87951,9784,169084,20152,9696,10456
29540,183033,13919,87961,9787,169114,20154,9697,10457
29545,183064,13921,87975,9788,169143,20156,9698,10458
29550,183095,13923,87988,9789,169171,20158,9698,10460
29555,183126,13924,88004,9790,169201,20160,9698,10462
29560,183157,13925,88019,9791,169230,20162,9699,10463
29565,183188,13926,88030,9792,169261,20165,9699,10466
29570,183219,13928,88047,9794,169288,20168,9701,10467
29575,183250,13932,88064,9797,169316,20171,9703,10468
29580,183281,13935,88072,9799,169346,20174,9705,10469
29585,183312,13936,88089,9799,169374,20177,9707,10470
29590,183343,13940,88106,9803,169401,20180,9710,10470
29595,183374,13944,88122,9806,169428,20183,9712,10471
29600,183405,13946,88139,9808,169459,20186,9713,10473
29605,183436,13946,88155,9808,169490,20189,9715,10474
29610,183467,13946,88167,9808,169521,20192,9717,10475
29615,183498,13946,88179,9808,169552,20195,9718,10477
29620,183529,13946,88194,9808,169583,20198,9720,10478
29625,183560,13949,88211,9810,169611,20202,9722,10480
29630,183591,13952,88229,9812,169639,20206,9723,10483
29635,183622,13953,88240,9813,169669,20210,9724,10486
29640,183653,13956,88256,9816,169697,20214,9726,10488
29645,183684,13957,88277,9817,169726,20218,9727,10491
29650,183715,13958,88296,9817,169756,20222,9730,10492
29655,183746,13959,88310,9818,169786,20226,9732,10494
29660,183777,13960,88329,9819,169815,20230,9733,10497
29665,183808,13961,88344,9819,169846,20234,9733,10501
29670,183839,13962,88357,9819,169876,20238,9734,10504
29675,183870,13965,88373,9821,169905,20242,9736,10506
29680,183901,13967,88388,9823,169934,20246,9739,10507
29685,183932,13970,88404,9825,169962,20250,9742,10508
29690,183963,13972,88423,9825,169989,20254,9745,10509
29695,183994,13976,88435,9828,170018,20258,9746,10512
29700,184025,13978,88452,9830,170046,20262,9749,10513
29705,184056,13982,88463,9834,170073,20265,9749,10516
29710,184087,13986,88482,9837,170099,20268,9749,10519
29715,184118,13989,88495,9839,170129,20271,9750,10521
29720,184149,13991,88508,9840,170157,20274,9750,10524
29725,184180,13993,88525,9842,170186,20277,9751,10526
29730,184211,13995,88544,9843,170215,20280,9753,10527
29735,184242,13997,88557,9844,170244,20283,9755,10528
29740,184273,13999,88573,9846,170273,20286,9757,10529
29745,184304,14002,88589,9848,170300,20289,9758,10531
29750,184335,14007,88603,9851,170327,20292,9759,10533
29755,184366,14010,88614,9852,170355,20295,9760,10535
29760,184397,14014,88630,9855,170382,20298,9761,10537
29765,184428,14018,88640,9857,170409,20301,9761,10540
29770,184459,14025,88652,9862,170432,20304,9763,10541
29775,184490,14031,88669,9868,170459,20307,9763,10544
29780,184521,14034,88687,9871,170484,20310,9765,10545
29785,184552,14038,88705,9875,170514,20313,9768,10545
29790,184583,14038,88718,9875,170544,20316,9768,10548
29795,184614,14038,88733,9875,170575,20319,9769,10550
29800,184645,14038,88752,9875,170605,20322,9770,10552
29805,184676,14038,88764,9875,170636,20326,9773,10553
29810,184707,14038,88777,9875,170669,20330,9773,10557
29815,184738,14038,88792,9875,170700,20334,9776,10558
29820,184769,14040,88806,9876,170729,20338,9778,10560
29825,184800,14042,88817,9877,170758,20342,9779,10563
29830,184831,14043,88831,9877,170787,20346,9781,10565
29835,184862,14044,88845,9877,170818,20350,9781,10569
29840,184893,14046,88858,9878,170846,20354,9781,10573
29845,184924,14048,88876,9880,170876,20358,9783,10575
29850,184955,14050,88892,9882,170905,20362,9783,10579
29855,184986,14053,88911,9885,170933,20366,9784,10582
29860,185017,14057,88930,9889,170958,20370,9787,10583
29865,185048,14060,88947,9892,170987,20374,9790,10584
29870,185079,14060,88957,9892,171018,20378,9792,10586
29875,185110,14060,88972,9892,171049,20382,9793,10589
29880,185141,14060,88984,9892,171080,20386,9793,10593
29885,185172,14060,88996,9892,171110,20390,9794,10596
29890,185203,14062,89014,9894,171139,20394,9797,10597
29895,185234,14065,89029,9896,171168,20398,9799,10599
29900,185265,14068,89046,9899,171195,20402,9799,10603
29905,185296,14072,89064,9902,171222,20406,9800,10606
29910,185327,14077,89074,9907,171249,20410,9801,10609
29915,185358,14081,89089,9911,171277,20414,9803,10611
29920,185389,14085,89104,9914,171303,20418,9805,10613
29925,185420,14091,89121,9920,171327,20422,9808,10614
29930,185451,14095,89138,9924,171356,20426,9812,10614
29935,185482,14097,89154,9925,171385,20430,9814,10616
29940,185513,14099,89166,9926,171414,20434,9816,10618
29945,185544,14100,89180,9926,171444,20438,9820,10618
29950,185575,14102,89193,9927,171472,20442,9821,10621
29955,185606,14104,89206,9928,171501,20446,9821,10625
29960,185637,14105,89220,9928,171532,20450,9824,10626
29965,185668,14106,89238,9928,171561,20454,9827,10627
29970,185699,14108,89252,9929,171591,20458,9829,10629
29975,185730,14111,89271,9930,171617,20462,9831,10631
29980,185761,14116,89286,9934,171645,20466,9832,10634
29985,185792,14117,89302,9934,171675,20470,9834,10636
29990,185823,14118,89316,9934,171705,20474,9835,10639
29995,185854,14119,89331,9935,171735,20478,9838,10640
30000,185885,14121,89349,9937,171764,20482,9842,10640
30005,185916,14122,89362,9938,171794,20486,9843,10643
30010,185947,14124,89376,9940,171823,20490,9844,10646
30015,185978,14126,89391,9941,171852,20494,9847,10647
30020,186009,14127,89406,9941,171880,20498,9849,10649
30025,186040,14130,89414,9943,171909,20502,9850,10652
30030,186071,14132,89424,9944,171938,20506,9854,10652
30035,186102,14136,89439,9947,171964,20510,9855,10655
30040,186133,14142,89454,9951,171987,20514,9858,10656
30045,186164,14148,89470,9955,172012,20518,9859,10659
30050,186195,14151,89484,9957,172044,20522,9862,10660
30055,186226,14152,89493,9958,172074,20526,9864,10662
30060,186257,14153,89506,9958,172104,20530,9866,10664
30065,186288,14155,89519,9960,172133,20532,9866,10666
30070,186319,14156,89525,9960,172163,20534,9866,10668
30075,186350,14158,89538,9962,172191,20536,9867,10669
30080,186381,14160,89554,9964,172219,20538,9867,10671
30085,186412,14164,89571,9967,172246,20540,9869,10671
30090,186443,14168,89583,9969,172275,20542,9870,10672
30095,186474,14169,89600,9969,172304,20544,9870,10674
30100,186505,14170,89618,9970,172335,20546,9871,10675
30105,186536,14171,89623,9970,172364,20548,9871,10677
30110,186567,14172,89641,9970,172393,20550,9872,10678
30115,186598,14173,89655,9970,172422,20552,9873,10679
30120,186629,14174,89667,9970,172454,20554,9873,10681
30125,186660,14175,89686,9971,172484,20556,9875,10681
30130,186691,14176,89699,9971,172515,20558,9876,10682
30135,186722,14177,89714,9972,172544,20560,9877,10683
30140,186753,14178,89726,9973,172574,20562,9878,10684
30145,186784,14179,89743,9974,172604,20564,9880,10684
30150,186815,14180,89753,9974,172635,20566,9881,10685
30155,186846,14185,89765,9977,172661,20568,9881,10687
30160,186877,14187,89777,9978,172690,20570,9881,10689
30165,186908,14191,89789,9981,172717,20574,9882,10692
30170,186939,14198,89807,9987,172741,20578,9883,10695
30175,186970,14203,89823,9990,172767,20582,9885,10697
30180,187001,14206,89839,9992,172795,20586,9886,10700
30185,187032,14210,89852,9996,172822,20590,9886,10704
30190,187063,14213,89866,9998,172850,20594,9888,10706
30195,187094,14217,89878,10000,172877,20598,9891,10707
30200,187125,14221,89895,10003,172904,20602,9893,10709
30205,187156,14223,89910,10005,172933,20606,9895,10711
30210,187187,14226,89926,10007,172961,20610,9898,10712
30215,187218,14229,89943,10010,172989,20614,9899,10715
30220,187249,14232,89965,10013,173017,20618,9901,10717
30225,187280,14236,89989,10016,173043,20622,9905,10717
30230,187311,14239,90001,10017,173072,20626,9906,10720
30235,187342,14242,90013,10019,173099,20630,9909,10721
30240,187373,14244,90028,10021,173128,20634,9911,10723
30245,187404,14246,90038,10023,173158,20637,9911,10726
30250,187435,14248,90055,10025,173187,20640,9913,10727
30255,187466,14250,90070,10026,173216,20643,9914,10729
30260,187497,14253,90086,10029,173244,20646,9915,10731
30265,187528,14254,90106,10030,173272,20649,9916,10733
30270,187559,14257,90119,10033,173301,20652,9916,10736
30275,187590,14260,90138,10036,173329,20655,9917,10738
30280,187621,14260,90152,10036,173360,20658,9920,10738
30285,187652,14260,90172,10036,173390,20661,9921,10740
30290,187683,14260,90188,10036,173422,20664,9923,10741
30295,187714,14260,90202,10036,173452,20667,9925,10742
30300,187745,14260,90217,10036,173483,20670,9926,10744
30305,187776,14261,90233,10037,173515,20672,9927,10745
30310,187807,14262,90246,10038,173545,20674,9929,10745
30315,187838,14264,90260,10039,173574,20676,9930,10746
30320,187869,14265,90275,10039,173604,20678,9931,10747
30325,187900,14266,90286,10039,173634,20680,9931,10749
30330,187931,14267,90301,10040,173664,20682,9932,10750
30335,187962,14269,90319,10041,173693,20684,9933,10751
30340,187993,14270,90332,10041,173723,20686,9934,10752
30345,188024,14272,90344,10041,173752,20689,9934,10755
30350,188055,14275,90357,10043,173780,20692,9935,10757
30355,188086,14281,90378,10049,173805,20695,9937,10758
30360,188117,14286,90397,10054,173831,20698,9938,10760
30365,188148,14290,90415,10057,173858,20701,9940,10761
30370,188179,14291,90433,10057,173888,20704,9943,10761
30375,188210,14292,90450,10057,173918,20707,9945,10762
30380,188241,14293,90461,10057,173947,20710,9946,10764
30385,188272,14296,90478,10059,173976,20713,9948,10765
30390,188303,14298,90495,10059,174004,20716,9951,10765
30395,188334,14302,90509,10062,174032,20719,9953,10766
30400,188365,14306,90523,10065,174058,20722,9954,10768
30405,188396,14312,90538,10069,174083,20725,9956,10769
30410,188427,14316,90551,10072,174109,20729,9957,10772
30415,188458,14322,90567,10076,174133,20733,9959,10774
30420,188489,14325,90580,10078,174160,20737,9961,10776
30425,188520,14328,90598,10081,174191,20741,9964,10777
30430,188551,14329,90610,10081,174220,20745,9964,10781
30435,188582,14331,90626,10082,174251,20749,9967,10782
30440,188613,14333,90645,10083,174279,20753,9970,10783
30445,188644,14334,90657,10083,174309,20757,9972,10785
30450,188675,14336,90672,10084,174338,20761,9972,10789
30455,188706,14338,90690,10086,174367,20765,9973,10792
30460,188737,14340,90709,10087,174397,20769,9976,10793
30465,188768,14343,90725,10090,174425,20773,9978,10795
30470,188799,14344,90738,10091,174454,20777,9979,10798
30475,188830,14346,90758,10092,174484,20781,9982,10799
30480,188861,14347,90770,10092,174514,20785,9986,10799
30485,188892,14348,90783,10092,174544,20789,9989,10800
30490,188923,14349,90794,10093,174574,20793,9990,10803
30495,188954,14351,90813,10095,174603,20797,9990,10807
30500,188985,14352,90828,10096,174633,20801,9991,10810
30505,189016,14354,90841,10097,174662,20805,9992,10813
30510,189047,14356,90856,10099,174691,20809,9994,10815
30515,189078,14357,90875,10100,174721,20813,9997,10816
30520,189109,14358,90890,10101,174751,20817,10001,10816
30525,189140,14359,90900,10101,174781,20821,10003,10818
30530,189171,14361,90910,10102,174810,20825,10005,10820
30535,189202,14363,90925,10103,174838,20829,10007,10822
30540,189233,14368,90940,10107,174865,20833,10010,10823
30545,189264,14371,90952,10108,174893,20837,10011,10826
30550,189295,14375,90964,10111,174920,20841,10013,10828
30555,189326,14380,90985,10116,174946,20845,10017,10828
30560,189357,14382,91001,10118,174974,20849,10019,10830
30565,189388,14386,91016,10121,174999,20853,10021,10832
30570,189419,14392,91033,10126,175024,20857,10024,10833
30575,189450,14397,91052,10131,175048,20861,10026,10835
30580,189481,14398,91070,10132,175080,20865,10027,10838
30585,189512,14399,91086,10133,175111,20869,10030,10839
30590,189543,14400,91101,10133,175141,20873,10032,10841
30595,189574,14401,91117,10133,175170,20877,10034,10843
30600,189605,14402,91135,10133,175201,20881,10036,10845
30605,189636,14403,91146,10133,175231,20884,10037,10847
30610,189667,14404,91159,10133,175262,20887,10039,10848
30615,189698,14405,91177,10134,175293,20890,10040,10850
30620,189729,14406,91194,10135,175323,20893,10043,10850
30625,189760,14407,91213,10135,175353,20896,10046,10850
30630,189791,14408,91223,10135,175383,20899,10048,10851
30635,189822,14409,91237,10135,175413,20902,10049,10853
30640,189853,14410,91251,10136,175443,20905,10050,10855
30645,189884,14412,91264,10138,175472,20908,10051,10857
30650,189915,14414,91277,10140,175501,20911,10052,10859
30655,189946,14415,91290,10140,175531,20914,10054,10860
30660,189977,14418,91304,10142,175559,20917,10055,10862
30665,190008,14421,91316,10143,175587,20919,10055,10864
30670,190039,14423,91329,10143,175616,20921,10056,10865
30675,190070,14427,91344,10147,175643,20923,10058,10865
30680,190101,14430,91358,10149,175670,20925,10060,10865
30685,190132,14435,91370,10152,175696,20927,10060,10867
30690,190163,14440,91383,10155,175723,20929,10060,10869
30695,190194,14443,91397,10157,175751,20931,10060,10871
30700,190225,14447,91412,10160,175778,20933,10062,10871
30705,190256,14449,91426,10161,175806,20936,10064,10872
30710,190287,14452,91442,10163,175833,20939,10065,10874
30715,190318,14458,91450,10168,175860,20942,10066,10876
30720,190349,14460,91466,10169,175886,20945,10069,10876
30725,190380,14467,91483,10174,175911,20948,10070,10878
30730,190411,14474,91505,10180,175935,20951,10072,10879
30735,190442,14477,91518,10183,175964,20954,10074,10880
30740,190473,14481,91540,10187,175991,20957,10076,10881
30745,190504,14481,91556,10187,176023,20960,10078,10882
30750,190535,14481,91570,10187,176054,20963,10080,10883
30755,190566,14481,91585,10187,176085,20966,10082,10884
30760,190597,14481,91598,10187,176116,20969,10084,10885
30765,190628,14481,91615,10187,176147,20973,10087,10886
30770,190659,14481,91631,10187,176177,20977,10089,10888
30775,190690,14481,91649,10187,176209,20981,10091,10890
30780,190721,14481,91664,10187,176240,20985,10093,10892
30785,190752,14481,91681,10187,176270,20988,10094,10894
30790,190783,14481,91697,10187,176302,20991,10095,10896
30795,190814,14481,91715,10187,176332,20994,10096,10898
30800,190845,14482,91732,10188,176363,20997,10098,10899
30805,190876,14483,91748,10189,176392,21000,10100,10900
30810,190907,14484,91763,10190,176423,21003,10101,10902
30815,190938,14485,91776,10190,176452,21006,10103,10903
30820,190969,14487,91791,10192,176482,21009,10104,10905
30825,191000,14488,91811,10193,176511,21012,10104,10908
30830,191031,14491,91826,10195,176538,21015,10104,10911
30835,191062,14494,91836,10198,176568,21018,10105,10913
30840,191093,14497,91853,10201,176595,21021,10107,10914
30845,191124,14501,91869,10205,176623,21024,10109,10915
30850,191155,14506,91883,10209,176649,21027,10109,10918
30855,191186,14512,91896,10214,176674,21030,10110,10920
30860,191217,14516,91913,10216,176701,21033,10112,10921
30865,191248,14519,91930,10218,176728,21036,10114,10922
30870,191279,14525,91944,10222,176754,21039,10116,10923
30875,191310,14529,91966,10225,176780,21042,10119,10923
30880,191341,14533,91977,10228,176808,21045,10120,10925
30885,191372,14537,91993,10231,176835,21049,10121,10928
30890,191403,14541,92011,10233,176861,21053,10123,10930
30895,191434,14542,92027,10233,176891,21057,10127,10930
30900,191465,14543,92041,10233,176922,21061,10129,10932
30905,191496,14544,92053,10233,176952,21065,10129,10936
30910,191527,14546,92068,10234,176980,21069,10130,10939
30915,191558,14547,92084,10234,177011,21073,10133,10940
30920,191589,14549,92100,10236,177039,21077,10134,10943
30925,191620,14551,92116,10238,177069,21081,10135,10946
30930,191651,14552,92128,10239,177099,21085,10138,10947
30935,191682,14554,92138,10241,177128,21089,10139,10950
30940,191713,14556,92156,10243,177157,21093,10142,10951
30945,191744,14557,92170,10244,177186,21097,10145,10952
30950,191775,14560,92186,10247,177214,21101,10148,10953
30955,191806,14563,92200,10249,177240,21105,10148,10957
30960,191837,14566,92216,10251,177271,21109,10152,10957
30965,191868,14566,92231,10251,177301,21113,10155,10958
30970,191899,14567,92247,10251,177331,21117,10155,10962
30975,191930,14568,92263,10252,177362,21121,10157,10964
30980,191961,14569,92277,10252,177391,21125,10159,10966
30985,191992,14570,92292,10253,177421,21129,10162,10967
30990,192023,14571,92304,10254,177452,21133,10162,10971
30995,192054,14572,92323,10255,177481,21137,10165,10972
31000,192085,14573,92339,10256,177511,21141,10166,10975
31005,192116,14575,92351,10257,177540,21145,10167,10978
31010,192147,14579,92367,10260,177568,21149,10168,10981
31015,192178,14581,92378,10260,177597,21153,10170,10983
31020,192209,14584,92397,10263,177624,21157,10172,10985
31025,192240,14589,92413,10267,177650,21161,10173,10988
31030,192271,14595,92424,10271,177675,21165,10174,10991
31035,192302,14599,92436,10274,177701,21169,10174,10995
31040,192333,14606,92450,10280,177725,21173,10176,10997
31045,192364,14612,92468,10286,177749,21177,10178,10999
31050,192395,14618,92483,10292,177776,21181,10180,11001
31055,192426,14619,92496,10292,177805,21185,10182,11003
31060,192457,14620,92512,10293,177837,21189,10185,11004
31065,192488,14621,92532,10294,177867,21193,10189,11004
31070,192519,14622,92547,10295,177896,21197,10190,11007
31075,192550,14623,92560,10296,177927,21201,10191,11010
31080,192581,14624,92573,10296,177957,21205,10194,11011
31085,192612,14625,92585,10296,177987,21209,10197,11012
31090,192643,14627,92599,10297,178016,21213,10199,11014
31095,192674,14628,92613,10297,178046,21217,10201,11016
31100,192705,14630,92631,10298,178075,21221,10204,11017
31105,192736,14631,92644,10299,178104,21225,10205,11020
31110,192767,14633,92661,10301,178132,21229,10208,11021
31115,192798,14637,92675,10304,178159,21233,10209,11024
31120,192829,14640,92688,10306,178187,21237,10211,11026
31125,192860,14644,92706,10310,178215,21241,10212,11029
31130,192891,14647,92720,10313,178243,21245,10213,11032
31135,192922,14647,92733,10313,178275,21249,10215,11034
31140,192953,14647,92749,10313,178306,21253,10216,11037
31145,192984,14647,92766,10313,178336,21256,10218,11038
31150,193015,14647,92779,10313,178367,21259,10221,11038
31155,193046,14649,92798,10315,178396,21262,10223,11039
31160,193077,14651,92811,10316,178425,21265,10225,11040
31165,193108,14654,92828,10318,178453,21268,10227,11041
31170,193139,14657,92844,10319,178482,21271,10229,11042
31175,193170,14659,92860,10319,178510,21274,10231,11043
31180,193201,14663,92878,10322,178537,21277,10232,11045
31185,193232,14667,92897,10325,178565,21280,10234,11046
31190,193263,14671,92914,10328,178590,21283,10236,11047
31195,193294,14677,92928,10332,178616,21286,10237,11049
31200,193325,14682,92944,10337,178640,21289,10238,11051
31205,193356,14687,92962,10342,178668,21292,10238,11054
31210,193387,14690,92978,10345,178696,21295,10238,11057
31215,193418,14692,92992,10346,178725,21298,10241,11057
31220,193449,14694,93003,10348,178755,21301,10244,11057
31225,193480,14694,93017,10348,178785,21304,10245,11059
31230,193511,14694,93032,10348,178816,21307,10247,11060
31235,193542,14694,93044,10348,178848,21310,10249,11061
31240,193573,14695,93057,10348,178878,21313,10250,11063
31245,193604,14697,93069,10349,178907,21317,10253,11064
31250,193635,14698,93083,10350,178937,21321,10254,11067
31255,193666,14700,93102,10352,178966,21325,10256,11069
31260,193697,14701,93119,10353,178996,21329,10257,11072
31265,193728,14703,93134,10354,179025,21331,10259,11072
31270,193759,14704,93153,10355,179054,21333,10260,11073
31275,193790,14706,93170,10357,179083,21335,10262,11073
31280,193821,14709,93185,10360,179111,21337,10263,11074
31285,193852,14711,93198,10361,179140,21339,10263,11076
31290,193883,14713,93215,10362,179169,21341,10263,11078
31295,193914,14716,93229,10364,179197,21343,10265,11078
31300,193945,14719,93247,10366,179225,21345,10266,11079
31305,193976,14721,93258,10367,179252,21347,10267,11080
31310,194007,14726,93270,10371,179279,21349,10267,11082
31315,194038,14729,93281,10373,179306,21351,10267,11084
31320,194069,14732,93295,10375,179335,21353,10269,11084
31325,194100,14736,93313,10377,179363,21354,10270,11084
31330,194131,14740,93330,10380,179390,21355,10271,11084
31335,194162,14742,93343,10382,179419,21356,10271,11085
31340,194193,14745,93355,10383,179447,21357,10272,11085
31345,194224,14747,93364,10384,179475,21358,10272,11086
31350,194255,14752,93381,10389,179503,21359,10272,11087
31355,194286,14753,93395,10390,179531,21360,10272,11088
31360,194317,14754,93412,10390,179562,21361,10273,11088
31365,194348,14755,93431,10390,179591,21363,10274,11089
31370,194379,14756,93442,10390,179623,21366,10275,11091
31375,194410,14757,93455,10391,179652,21369,10275,11094
31380,194441,14758,93471,10391,179682,21372,10276,11096
31385,194472,14759,93487,10392,179713,21375,10278,11097
31390,194503,14760,93507,10393,179742,21378,10279,11099
31395,194534,14761,93521,10394,179772,21381,10281,11100
31400,194565,14762,93530,10395,179803,21384,10283,11101
31405,194596,14763,93546,10395,179832,21387,10285,11102
31410,194627,14764,93564,10396,179863,21390,10287,11103
31415,194658,14765,93578,10396,179893,21393,10288,11105
31420,194689,14768,93590,10398,179921,21396,10289,11107
31425,194720,14772,93607,10401,179948,21400,10291,11109
31430,194751,14777,93625,10406,179974,21404,10295,11109
31435,194782,14783,93642,10410,179998,21408,10299,11109
31440,194813,14789,93656,10414,180024,21412,10301,11111
31445,194844,14793,93667,10418,180051,21416,10303,11113
31450,194875,14794,93681,10418,180081,21420,10305,11115
31455,194906,14796,93695,10419,180110,21424,10305,11119
31460,194937,14798,93702,10419,180139,21428,10305,11123
31465,194968,14800,93713,10419,180168,21432,10306,11126
31470,194999,14802,93724,10420,180197,21436,10308,11128
31475,195030,14804,93737,10420,180226,21440,10311,11129
31480,195061,14806,93749,10420,180255,21444,10313,11131
31485,195092,14808,93761,10420,180283,21448,10315,11133
31490,195123,14811,93774,10421,180310,21452,10315,11137
31495,195154,14814,93788,10422,180339,21456,10318,11138
31500,195185,14816,93799,10422,180367,21460,10321,11139
31505,195216,14820,93817,10424,180394,21464,10322,11142
31510,195247,14822,93829,10424,180424,21468,10326,11142
31515,195278,14826,93847,10426,180451,21472,10329,11143
31520,195309,14831,93861,10430,180478,21476,10332,11144
31525,195340,14834,93876,10431,180505,21480,10335,11145
31530,195371,14841,93892,10437,180530,21484,10337,11147
31535,195402,14846,93905,10440,180555,21488,10338,11150
31540,195433,14847,93918,10441,180586,21492,10339,11153
31545,195464,14847,93932,10441,180616,21496,10341,11155
31550,195495,14848,93949,10442,180646,21500,10342,11158
31555,195526,14849,93967,10442,180675,21504,10344,11160
31560,195557,14850,93986,10442,180706,21508,10347,11161
31565,195588,14851,93998,10442,180736,21512,10350,11162
31570,195619,14852,94010,10443,180767,21516,10352,11164
31575,195650,14853,94022,10443,180797,21520,10355,11165
31580,195681,14854,94038,10444,180827,21524,10357,11167
31585,195712,14855,94055,10444,180856,21528,10358,11170
31590,195743,14856,94068,10445,180886,21532,10358,11174
31595,195774,14857,94081,10445,180917,21536,10360,11176
31600,195805,14859,94099,10446,180945,21540,10363,11177
31605,195836,14860,94113,10446,180976,21544,10365,11179
31610,195867,14861,94128,10446,181006,21548,10368,11180
31615,195898,14863,94151,10448,181035,21552,10372,11180
31620,195929,14865,94166,10449,181064,21556,10374,11182
31625,195960,14867,94181,10450,181093,21560,10376,11184
31630,195991,14868,94197,10451,181123,21564,10378,11186
31635,196022,14870,94218,10453,181151,21568,10382,11186
31640,196053,14875,94230,10457,181177,21572,10384,11188
31645,196084,14880,94243,10459,181203,21576,10387,11189
31650,196115,14885,94257,10462,181228,21580,10390,11190
31655,196146,14888,94268,10463,181258,21584,10391,11193
31660,196177,14892,94287,10467,181284,21588,10394,11194
31665,196208,14896,94304,10471,181311,21592,10396,11196
31670,196239,14899,94316,10472,181339,21596,10398,11198
31675,196270,14902,94329,10474,181365,21600,10400,11200
31680,196301,14910,94349,10481,181390,21604,10401,11203
31685,196332,14911,94364,10482,181420,21607,10404,11203
31690,196363,14913,94382,10484,181449,21610,10406,11204
31695,196394,14914,94396,10485,181479,21613,10407,11206
31700,196425,14915,94409,10486,181510,21616,10407,11209
31705,196456,14917,94425,10487,181538,21619,10409,11210
31710,196487,14918,94440,10488,181568,21622,10411,11211
31715,196518,14919,94455,10489,181598,21625,10412,11213
31720,196549,14920,94466,10489,181629,21628,10412,11216
31725,196580,14922,94477,10490,181658,21631,10412,11219
31730,196611,14923,94484,10490,181688,21634,10414,11220
31735,196642,14924,94496,10490,181718,21637,10414,11223
31740,196673,14925,94509,10491,181748,21640,10415,11225
31745,196704,14927,94523,10492,181777,21643,10416,11227
31750,196735,14929,94536,10493,181806,21646,10417,11229
31755,196766,14932,94551,10496,181834,21649,10418,11231
31760,196797,14935,94570,10498,181862,21652,10420,11232
31765,196828,14937,94587,10500,181891,21655,10421,11234
31770,196859,14939,94600,10501,181920,21658,10422,11236
31775,196890,14942,94610,10503,181948,21661,10423,11238
31780,196921,14944,94624,10504,181977,21664,10423,11241
31785,196952,14946,94636,10505,182005,21668,10425,11243
31790,196983,14952,94647,10510,182030,21672,10427,11245
31795,197014,14959,94665,10517,182055,21676,10431,11245
31800,197045,14964,94681,10520,182078,21680,10433,11247
31805,197076,14972,94694,10527,182103,21684,10435,11249
31810,197107,14976,94708,10530,182128,21688,10437,11251
31815,197138,14982,94719,10536,182154,21692,10438,11254
31820,197169,14986,94735,10540,182183,21696,10438,11258
31825,197200,14988,94752,10542,182211,21700,10441,11259
31830,197231,14990,94768,10544,182240,21704,10443,11261
31835,197262,14993,94780,10546,182269,21708,10444,11264
31840,197293,14995,94790,10547,182298,21712,10444,11268
31845,197324,14997,94804,10548,182327,21716,10446,11270
31850,197355,14997,94820,10548,182358,21720,10448,11272
31855,197386,14997,94835,10548,182388,21724,10451,11273
31860,197417,14997,94845,10548,182420,21728,10452,11276
31865,197448,14997,94860,10548,182451,21730,10453,11277
31870,197479,14997,94879,10548,182482,21732,10454,11278
31875,197510,14997,94894,10548,182513,21734,10455,11279
31880,197541,14997,94906,10548,182541,21736,10456,11280
31885,197572,14997,94920,10548,182573,21738,10457,11281
31890,197603,14997,94936,10548,182604,21740,10458,11282
31895,197634,14997,94952,10548,182637,21742,10459,11283
31900,197665,14997,94971,10548,182668,21744,10460,11284
31905,197696,14997,94990,10548,182699,21746,10460,11286
31910,197727,14998,95009,10549,182729,21748,10462,11286
31915,197758,14999,95025,10550,182759,21750,10464,11286
31920,197789,15000,95040,10551,182788,21752,10466,11286
31925,197820,15002,95054,10553,182818,21754,10468,11286
31930,197851,15004,95069,10555,182846,21756,10468,11288
31935,197882,15007,95080,10557,182873,21758,10468,11290
31940,197913,15010,95092,10559,182902,21760,10468,11292
31945,197944,15014,95111,10562,182929,21762,10468,11294
31950,197975,15017,95126,10563,182957,21764,10469,11295
31955,198006,15021,95139,10566,182984,21766,10469,11297
31960,198037,15027,95154,10569,183009,21768,10470,11298
31965,198068,15031,95169,10571,183035,21772,10472,11300
31970,198099,15037,95182,10575,183060,21776,10473,11303
31975,198130,15042,95199,10580,183088,21780,10475,11305
31980,198161,15044,95213,10581,183117,21784,10477,11307
31985,198192,15046,95230,10583,183146,21788,10479,11309
31990,198223,15048,95246,10584,183175,21792,10482,11310
31995,198254,15051,95258,10586,183203,21796,10482,11314
32000,198285,15053,95270,10586,183231,21800,10482,11318
32005,198316,15055,95285,10587,183261,21804,10485,11319
32010,198347,15058,95300,10590,183289,21808,10487,11321
32015,198378,15062,95311,10592,183315,21812,10489,11323
32020,198409,15067,95328,10596,183341,21816,10492,11324
32025,198440,15070,95347,10598,183369,21820,10494,11326
32030,198471,15076,95368,10602,183395,21824,10497,11327
32035,198502,15078,95380,10603,183424,21828,10497,11331
32040,198533,15079,95393,10604,183452,21832,10498,11334
32045,198564,15081,95409,10606,183482,21835,10501,11334
32050,198595,15084,95421,10608,183508,21838,10503,11335
32055,198626,15088,95433,10611,183538,21841,10505,11336
32060,198657,15088,95445,10611,183567,21844,10507,11337
32065,198688,15088,95459,10611,183598,21847,10510,11337
32070,198719,15088,95479,10611,183629,21850,10512,11338
32075,198750,15088,95496,10611,183660,21853,10513,11340
32080,198781,15089,95509,10612,183691,21856,10515,11341
32085,198812,15090,95525,10613,183720,21859,10517,11342
32090,198843,15091,95534,10613,183752,21862,10518,11344
32095,198874,15092,95547,10613,183782,21865,10521,11344
32100,198905,15093,95560,10613,183812,21868,10523,11345
32105,198936,15094,95576,10613,183841,21871,10525,11346
32110,198967,15095,95589,10613,183872,21874,10525,11349
32115,198998,15096,95600,10614,183902,21877,10526,11351
32120,199029,15097,95615,10614,183932,21880,10529,11351
32125,199060,15098,95634,10615,183962,21883,10530,11353
32130,199091,15099,95648,10616,183992,21886,10531,11355
32135,199122,15101,95668,10617,184021,21889,10533,11356
32140,199153,15104,95686,10618,184049,21892,10535,11357
32145,199184,15106,95698,10618,184078,21895,10536,11359
32150,199215,15110,95715,10620,184105,21899,10539,11360
32155,199246,15113,95730,10621,184132,21903,10540,11363
32160,199277,15118,95745,10624,184158,21907,10542,11365
32165,199308,15123,95765,10627,184184,21911,10546,11365
32170,199339,15129,95778,10632,184210,21915,10548,11367
32175,199370,15131,95794,10633,184239,21919,10551,11368
32180,199401,15134,95813,10634,184266,21923,10552,11371
32185,199432,15137,95832,10636,184295,21927,10555,11372
32190,199463,15140,95847,10639,184322,21931,10558,11373
32195,199494,15143,95863,10641,184350,21935,10560,11375
32200,199525,15145,95875,10642,184379,21939,10560,11379
32205,199556,15149,95886,10644,184406,21943,10561,11382
32210,199587,15154,95904,10649,184433,21947,10563,11384
32215,199618,15156,95920,10650,184462,21951,10565,11386
32220,199649,15159,95940,10652,184488,21955,10567,11388
32225,199680,15164,95955,10657,184515,21958,10568,11390
32230,199711,15167,95972,10660,184543,21961,10568,11393
32235,199742,15170,95985,10662,184570,21964,10568,11396
32240,199773,15174,96000,10665,184598,21967,10568,11399
32245,199804,15176,96012,10666,184626,21970,10571,11399
32250,199835,15177,96031,10667,184656,21973,10572,11401
32255,199866,15177,96047,10667,184687,21976,10572,11404
32260,199897,15177,96065,10667,184719,21979,10573,11406
32265,199928,15177,96077,10667,184751,21982,10573,11409
32270,199959,15177,96091,10667,184782,21985,10574,11411
32275,199990,15177,96106,10667,184812,21988,10577,11411
32280,200021,15179,96122,10669,184841,21991,10579,11412
32285,200052,15181,96138,10671,184870,21994,10581,11413
32290,200083,15183,96153,10673,184900,21997,10582,11415
32295,200114,15184,96166,10673,184929,22000,10583,11417
32300,200145,15186,96180,10674,184958,22003,10584,11419
32305,200176,15188,96197,10675,184987,22006,10586,11420
32310,200207,15190,96213,10676,185016,22009,10589,11420
32315,200238,15194,96232,10679,185043,22012,10591,11421
32320,200269,15196,96242,10680,185072,22015,10592,11423
32325,200300,15198,96258,10681,185101,22019,10594,11425
32330,200331,15200,96272,10682,185130,22023,10595,11428
32335,200362,15204,96284,10684,185158,22027,10596,11431
32340,200393,15207,96299,10686,185186,22031,10598,11433
32345,200424,15208,96313,10687,185215,22035,10600,11435
32350,200455,15209,96325,10688,185245,22039,10601,11438
32355,200486,15213,96338,10690,185271,22043,10603,11440
32360,200517,15216,96353,10691,185299,22047,10605,11442
32365,200548,15218,96364,10692,185329,22051,10606,11445
32370,200579,15221,96376,10694,185357,22055,10606,11449
32375,200610,15224,96395,10696,185386,22059,10608,11451
32380,200641,15228,96411,10698,185413,22063,10609,11454
32385,200672,15231,96425,10699,185441,22067,10611,11456
32390,200703,15233,96440,10699,185469,22071,10613,11458
32395,200734,15238,96452,10702,185496,22075,10614,11461
32400,200765,15240,96467,10703,185525,22079,10616,11463
32405,200796,15243,96484,10705,185552,22082,10618,11464
32410,200827,15247,96500,10707,185580,22085,10620,11465
32415,200858,15250,96515,10709,185608,22088,10621,11467
32420,200889,15253,96527,10710,185636,22091,10623,11468
32425,200920,15257,96550,10713,185663,22094,10625,11469
32430,200951,15259,96567,10715,185692,22097,10626,11471
32435,200982,15260,96578,10715,185722,22100,10627,11473
32440,201013,15261,96594,10715,185752,22103,10629,11474
32445,201044,15262,96613,10716,185781,22106,10631,11475
32450,201075,15265,96630,10718,185809,22109,10633,11476
32455,201106,15268,96649,10720,185835,22112,10636,11476
32460,201137,15272,96665,10723,185862,22115,10637,11478
32465,201168,15275,96687,10726,185892,22117,10638,11479
32470,201199,15276,96704,10726,185922,22119,10639,11480
32475,201230,15278,96723,10728,185951,22121,10640,11481
32480,201261,15282,96741,10731,185978,22123,10642,11481
32485,201292,15284,96758,10732,186006,22125,10643,11482
32490,201323,15288,96773,10735,186034,22127,10643,11484
32495,201354,15292,96789,10738,186060,22129,10644,11485
32500,201385,15293,96799,10739,186092,22131,10645,11486
32505,201416,15293,96812,10739,186121,22134,10647,11487
32510,201447,15293,96831,10739,186151,22137,10649,11488
32515,201478,15293,96844,10739,186185,22140,10650,11490
32520,201509,15293,96864,10739,186215,22143,10653,11490
32525,201540,15293,96883,10739,186246,22146,10655,11491
32530,201571,15295,96902,10741,186276,22149,10657,11492
32535,201602,15299,96920,10744,186303,22152,10658,11494
32540,201633,15301,96933,10745,186332,22155,10659,11496
32545,201664,15304,96950,10747,186360,22158,10660,11498
32550,201695,15305,96965,10748,186390,22161,10661,11500
32555,201726,15306,96977,10749,186420,22164,10663,11501
32560,201757,15307,96992,10750,186450,22167,10664,11503
32565,201788,15308,97008,10750,186480,22171,10667,11504
32570,201819,15310,97024,10750,186509,22175,10670,11505
32575,201850,15313,97041,10751,186537,22179,10672,11507
32580,201881,15315,97055,10753,186566,22183,10674,11509
32585,201912,15318,97067,10755,186594,22187,10676,11511
32590,201943,15321,97084,10757,186620,22191,10678,11513
32595,201974,15325,97098,10760,186649,22195,10680,11515
32600,202005,15326,97113,10761,186678,22199,10681,11518
32605,202036,15329,97130,10763,186704,22203,10684,11519
32610,202067,15334,97145,10766,186731,22207,10685,11522
32615,202098,15337,97158,10768,186759,22211,10685,11526
32620,202129,15342,97170,10771,186787,22215,10687,11528
32625,202160,15347,97187,10774,186811,22219,10690,11529
32630,202191,15355,97204,10780,186835,22223,10693,11530
32635,202222,15360,97215,10783,186862,22227,10695,11532
32640,202253,15362,97232,10784,186891,22231,10697,11534
32645,202284,15364,97248,10786,186918,22235,10701,11534
32650,202315,15367,97258,10789,186948,22239,10703,11536
32655,202346,15368,97272,10789,186976,22243,10705,11538
32660,202377,15370,97286,10790,187007,22247,10706,11541
32665,202408,15371,97304,10791,187036,22251,10710,11541
32670,202439,15372,97316,10792,187067,22255,10711,11544
32675,202470,15372,97327,10792,187098,22259,10711,11548
32680,202501,15372,97348,10792,187128,22263,10714,11549
32685,202532,15372,97359,10792,187160,22267,10716,11551
32690,202563,15372,97375,10792,187191,22271,10718,11553
32695,202594,15372,97397,10792,187221,22275,10721,11554
32700,202625,15374,97413,10793,187250,22279,10722,11557
32705,202656,15376,97431,10794,187280,22283,10725,11558
32710,202687,15377,97450,10794,187310,22287,10727,11560
32715,202718,15378,97462,10794,187340,22291,10730,11561
32720,202749,15380,97473,10795,187369,22295,10732,11563
32725,202780,15382,97489,10796,187398,22299,10735,11564
32730,202811,15384,97506,10798,187427,22303,10739,11564
32735,202842,15386,97520,10799,187456,22307,10741,11566
32740,202873,15389,97536,10801,187484,22311,10743,11568
32745,202904,15392,97552,10804,187512,22315,10745,11570
32750,202935,15397,97567,10808,187537,22319,10746,11573
32755,202966,15399,97585,10809,187566,22323,10748,11575
32760,202997,15401,97604,10811,187594,22327,10751,11576
32765,203028,15405,97619,10815,187620,22330,10752,11578
32770,203059,15408,97634,10818,187647,22333,10754,11579
32775,203090,15413,97644,10821,187676,22336,10754,11582
32780,203121,15418,97655,10826,187702,22339,10755,11584
32785,203152,15421,97668,10827,187730,22342,10756,11586
32790,203183,15422,97684,10828,187760,22345,10758,11587
32795,203214,15423,97700,10829,187791,22348,10760,11588
32800,203245,15424,97716,10830,187819,22351,10761,11590
32805,203276,15425,97732,10830,187850,22354,10762,11592
32810,203307,15426,97743,10830,187880,22357,10763,11594
32815,203338,15427,97758,10831,187911,22360,10764,11596
32820,203369,15428,97773,10831,187939,22363,10766,11597
32825,203400,15429,97783,10831,187970,22366,10766,11600
32830,203431,15430,97796,10831,188001,22369,10769,11600
32835,203462,15432,97812,10832,188030,22372,10771,11601
32840,203493,15433,97829,10833,188060,22375,10773,11602
32845,203524,15434,97839,10833,188090,22378,10774,11604
32850,203555,15435,97853,10834,188120,22381,10774,11607
32855,203586,15437,97871,10836,188149,22384,10775,11609
32860,203617,15440,97882,10838,188177,22387,10775,11612
32865,203648,15443,97902,10840,188205,22391,10778,11613
32870,203679,15446,97921,10842,188233,22395,10780,11615
32875,203710,15448,97937,10843,188262,22399,10783,11616
32880,203741,15451,97952,10844,188290,22403,10785,11618
32885,203772,15454,97964,10845,188318,22407,10787,11620
32890,203803,15456,97978,10846,188347,22411,10789,11622
32895,203834,15460,97993,10849,188373,22415,10791,11624
32900,203865,15465,98011,10854,188400,22419,10794,11625
32905,203896,15468,98023,10855,188428,22423,10797,11626
32910,203927,15471,98037,10856,188455,22427,10800,11627
32915,203958,15477,98049,10859,188481,22431,10802,11629
32920,203989,15481,98063,10862,188508,22435,10804,11631
32925,204020,15487,98076,10865,188532,22439,10806,11633
32930,204051,15492,98086,10868,188557,22443,10808,11635
32935,204082,15500,98105,10876,188581,22447,10810,11637
32940,204113,15505,98126,10879,188607,22451,10813,11638
32945,204144,15510,98143,10884,188633,22454,10816,11638
32950,204175,15512,98161,10885,188662,22457,10818,11639
32955,204206,15515,98180,10887,188690,22460,10820,11640
32960,204237,15516,98198,10888,188721,22463,10821,11642
32965,204268,15516,98213,10888,188752,22466,10822,11644
32970,204299,15516,98228,10888,188783,22469,10824,11645
32975,204330,15516,98242,10888,188812,22472,10824,11648
32980,204361,15516,98256,10888,188843,22475,10825,11650
32985,204392,15516,98271,10888,188871,22478,10827,11651
32990,204423,15516,98290,10888,188904,22481,10829,11652
32995,204454,15516,98305,10888,188936,22484,10829,11655
33000,204485,15516,98321,10888,188969,22487,10832,11655
33005,204516,15516,98335,10888,189000,22489,10832,11657
33010,204547,15516,98347,10888,189030,22491,10832,11659
33015,204578,15516,98363,10888,189061,22493,10834,11659
33020,204609,15516,98374,10888,189093,22495,10835,11660
33025,204640,15516,98389,10888,189124,22497,10835,11662
33030,204671,15516,98397,10888,189155,22499,10836,11663
33035,204702,15516,98412,10888,189186,22501,10837,11664
33040,204733,15517,98427,10888,189216,22503,10839,11664
33045,204764,15518,98441,10888,189246,22506,10840,11666
33050,204795,15521,98456,10890,189274,22509,10842,11667
33055,204826,15523,98476,10892,189302,22512,10844,11668
33060,204857,15527,98494,10895,189329,22515,10845,11670
33065,204888,15533,98509,10901,189355,22517,10846,11671
33070,204919,15537,98522,10905,189382,22519,10848,11671
33075,204950,15541,98537,10907,189409,22521,10848,11673
33080,204981,15545,98551,10909,189436,22523,10848,11675
33085,205012,15548,98567,10910,189463,22525,10849,11676
33090,205043,15554,98585,10913,189488,22527,10851,11676
33095,205074,15559,98601,10917,189515,22529,10852,11677
33100,205105,15562,98615,10918,189543,22531,10853,11678
33105,205136,15564,98628,10919,189571,22533,10855,11678
33110,205167,15566,98642,10919,189599,22536,10856,11680
33115,205198,15570,98654,10922,189627,22539,10856,11683
33120,205229,15572,98667,10923,189656,22542,10857,11685
33125,205260,15576,98687,10926,189680,22545,10858,11687
33130,205291,15582,98702,10930,189708,22548,10860,11688
33135,205322,15585,98715,10931,189733,22551,10862,11689
33140,205353,15592,98732,10937,189758,22554,10864,11690
33145,205384,15597,98746,10941,189786,22557,10865,11692
33150,205415,15600,98762,10943,189813,22560,10865,11695
33155,205446,15603,98772,10945,189842,22563,10867,11696
33160,205477,15603,98785,10945,189874,22566,10867,11699
33165,205508,15603,98803,10945,189905,22570,10869,11701
33170,205539,15603,98825,10945,189935,22574,10871,11703
33175,205570,15603,98839,10945,189967,22578,10873,11705
33180,205601,15603,98855,10945,189998,22582,10876,11706
33185,205632,15603,98871,10945,190028,22586,10879,11707
33190,205663,15603,98888,10945,190059,22590,10881,11709
33195,205694,15603,98906,10945,190090,22594,10883,11711
33200,205725,15603,98923,10945,190122,22598,10884,11714
33205,205756,15603,98938,10945,190152,22602,10885,11717
33210,205787,15605,98949,10946,190182,22606,10886,11720
33215,205818,15606,98966,10947,190211,22610,10886,11724
33220,205849,15608,98981,10948,190241,22614,10889,11725
33225,205880,15609,98996,10949,190270,22618,10891,11727
33230,205911,15613,99018,10953,190297,22622,10893,11729
33235,205942,15618,99030,10957,190323,22626,10895,11731
33240,205973,15621,99044,10959,190352,22630,10897,11733
33245,206004,15623,99057,10960,190381,22634,10898,11736
33250,206035,15626,99073,10962,190408,22638,10902,11736
33255,206066,15626,99088,10962,190440,22642,10904,11738
33260,206097,15628,99102,10963,190469,22646,10907,11739
33265,206128,15630,99116,10964,190496,22650,10910,11740
33270,206159,15632,99136,10966,190526,22654,10914,11740
33275,206190,15634,99147,10966,190554,22658,10914,11744
33280,206221,15637,99162,10967,190584,22662,10916,11746
33285,206252,15640,99178,10969,190611,22666,10918,11748
33290,206283,15642,99190,10970,190639,22670,10920,11750
33295,206314,15644,99204,10972,190669,22674,10923,11751
33300,206345,15648,99216,10974,190697,22678,10926,11752
33305,206376,15653,99233,10978,190722,22681,10927,11754
33310,206407,15658,99248,10982,190748,22684,10929,11755
33315,206438,15662,99263,10986,190774,22687,10930,11757
33320,206469,15668,99279,10990,190799,22690,10931,11759
33325,206500,15673,99293,10994,190826,22693,10932,11761
33330,206531,15677,99308,10998,190853,22696,10934,11762
33335,206562,15681,99324,11001,190880,22699,10935,11764
33340,206593,15682,99340,11002,190909,22702,10935,11767
33345,206624,15682,99355,11002,190942,22705,10937,11768
33350,206655,15682,99372,11002,190972,22708,10938,11770
33355,206686,15682,99385,11002,191003,22711,10939,11772
33360,206717,15684,99403,11003,191032,22714,10941,11773
33365,206748,15685,99414,11003,191063,22717,10943,11774
33370,206779,15686,99427,11003,191092,22720,10944,11776
33375,206810,15688,99442,11005,191122,22723,10945,11778
33380,206841,15689,99456,11005,191152,22726,10946,11780
33385,206872,15691,99473,11006,191181,22729,10949,11780
33390,206903,15692,99486,11006,191210,22732,10950,11782
33395,206934,15695,99501,11009,191237,22735,10950,11785
33400,206965,15699,99519,11012,191265,22738,10952,11786
33405,206996,15703,99532,11015,191292,22742,10954,11788
33410,207027,15706,99544,11018,191320,22746,10956,11790
33415,207058,15706,99563,11018,191352,22750,10957,11793
33420,207089,15706,99583,11018,191383,22754,10960,11794
33425,207120,15706,99596,11018,191414,22758,10962,11796
33430,207151,15706,99614,11018,191445,22762,10964,11798
33435,207182,15706,99631,11018,191475,22766,10967,11799
33440,207213,15707,99646,11019,191505,22770,10970,11800
33445,207244,15709,99658,11021,191535,22774,10971,11803
33450,207275,15711,99674,11021,191564,22778,10972,11806
33455,207306,15715,99691,11024,191591,22782,10973,11809
33460,207337,15719,99709,11028,191617,22786,10975,11811
33465,207368,15722,99725,11031,191645,22790,10977,11813
33470,207399,15724,99737,11031,191674,22794,10979,11815
33475,207430,15727,99748,11033,191703,22798,10981,11817
33480,207461,15730,99768,11034,191730,22802,10984,11818
33485,207492,15733,99786,11037,191759,22805,10985,11820
33490,207523,15737,99802,11040,191785,22808,10986,11822
33495,207554,15742,99818,11043,191812,22811,10988,11823
33500,207585,15745,99830,11044,191839,22814,10989,11825
33505,207616,15749,99841,11048,191867,22817,10990,11827
33510,207647,15750,99855,11048,191897,22820,10992,11828
33515,207678,15752,99868,11049,191925,22823,10994,11829
33520,207709,15756,99885,11052,191952,22826,10996,11830
33525,207740,15761,99902,11056,191977,22829,10997,11832
33530,207771,15765,99913,11058,192005,22832,10999,11833
33535,207802,15768,99928,11059,192034,22835,11002,11833
33540,207833,15771,99944,11061,192059,22838,11003,11835
33545,207864,15776,99960,11066,192087,22841,11004,11837
33550,207895,15779,99975,11069,192114,22844,11005,11839
33555,207926,15783,99993,11073,192142,22847,11007,11840
33560,207957,15787,100013,11076,192169,22850,11008,11842
33565,207988,15788,100028,11076,192199,22853,11010,11843
33570,208019,15789,100037,11077,192229,22856,11011,11845
33575,208050,15793,100053,11080,192257,22859,11011,11848
33580,208081,15795,100071,11082,192286,22862,11013,11849
33585,208112,15795,100089,11082,192317,22866,11016,11850
33590,208143,15795,100102,11082,192348,22870,11017,11853
33595,208174,15795,100116,11082,192378,22874,11019,11855
33600,208205,15795,100130,11082,192409,22878,11021,11857
33605,208236,15795,100145,11082,192440,22882,11023,11859
33610,208267,15795,100157,11082,192472,22886,11024,11862
33615,208298,15797,100173,11084,192500,22890,11027,11863
33620,208329,15799,100188,11086,192530,22894,11028,11866
33625,208360,15800,100202,11087,192560,22898,11029,11869
33630,208391,15802,100215,11088,192589,22902,11031,11871
33635,208422,15804,100231,11090,192618,22906,11032,11874
33640,208453,15806,100246,11092,192647,22910,11034,11876
33645,208484,15807,100262,11092,192677,22914,11036,11878
33650,208515,15810,100277,11094,192705,22918,11037,11881
33655,208546,15813,100290,11096,192733,22922,11037,11885
33660,208577,15815,100304,11098,192762,22926,11039,11887
33665,208608,15818,100321,11100,192790,22929,11040,11889
33670,208639,15822,100338,11102,192816,22932,11042,11890
33675,208670,15824,100353,11103,192845,22935,11043,11892
33680,208701,15827,100367,11106,192873,22938,11044,11894
33685,208732,15829,100382,11108,192902,22941,11045,11896
33690,208763,15833,100403,11111,192929,22944,11046,11898
33695,208794,15837,100419,11115,192955,22947,11046,11901
33700,208825,15840,100436,11116,192985,22950,11049,11901
33705,208856,15844,100453,11119,193009,22953,11050,11903
33710,208887,15847,100469,11122,193038,22956,11051,11905
33715,208918,15848,100483,11122,193070,22959,11053,11906
33720,208949,15850,100500,11124,193099,22962,11054,11908
33725,208980,15851,100512,11124,193129,22965,11055,11910
33730,209011,15852,100526,11124,193158,22968,11056,11912
33735,209042,15854,100544,11125,193188,22971,11059,11912
33740,209073,15856,100560,11126,193217,22974,11061,11913
33745,209104,15857,100577,11127,193246,22977,11064,11913
33750,209135,15858,100592,11127,193276,22980,11066,11914
33755,209166,15859,100608,11127,193305,22983,11068,11915
33760,209197,15860,100620,11128,193335,22986,11068,11918
33765,209228,15862,100634,11129,193365,22990,11069,11921
33770,209259,15864,100648,11130,193394,22994,11071,11923
33775,209290,15868,100667,11132,193420,22998,11075,11923
33780,209321,15871,100681,11135,193448,23002,11078,11924
33785,209352,15875,100698,11138,193477,23006,11080,11926
33790,209383,15877,100714,11139,193506,23010,11081,11929
33795,209414,15878,100728,11140,193536,23014,11082,11932
33800,209445,15879,100741,11141,193566,23018,11085,11933
33805,209476,15880,100762,11141,193596,23022,11089,11933
33810,209507,15881,100777,11141,193626,23026,11090,11936
33815,209538,15883,100793,11142,193654,23030,11092,11938
33820,209569,15886,100808,11144,193683,23034,11096,11938
33825,209600,15889,100827,11146,193710,23038,11099,11939
33830,209631,15893,100840,11149,193738,23042,11102,11940
33835,209662,15896,100850,11150,193765,23046,11102,11944
33840,209693,15900,100862,11153,193792,23050,11104,11946
33845,209724,15903,100880,11156,193821,23052,11105,11947
33850,209755,15906,100892,11159,193849,23054,11106,11948
33855,209786,15910,100906,11162,193876,23056,11108,11948
33860,209817,15913,100921,11164,193904,23058,11109,11949
33865,209848,15916,100942,11166,193931,23060,11111,11949
33870,209879,15920,100960,11169,193958,23062,11112,11950
33875,209910,15922,100971,11170,193987,23064,11112,11952
33880,209941,15924,100983,11172,194016,23066,11114,11952
33885,209972,15926,101001,11173,194043,23068,11115,11953
33890,210003,15929,101017,11176,194072,23070,11117,11953
33895,210034,15934,101030,11179,194098,23072,11117,11955
33900,210065,15938,101045,11182,194124,23074,11117,11957
33905,210096,15939,101066,11183,194156,23076,11118,11958
33910,210127,15940,101086,11184,194186,23078,11119,11959
33915,210158,15941,101102,11184,194217,23080,11121,11959
33920,210189,15942,101124,11185,194246,23082,11123,11959
33925,210220,15943,101140,11185,194276,23084,11124,11960
33930,210251,15945,101158,11187,194305,23086,11125,11961
33935,210282,15948,101171,11190,194334,23088,11125,11963
33940,210313,15949,101188,11191,194363,23090,11126,11964
33945,210344,15951,101204,11193,194393,23093,11129,11964
33950,210375,15953,101219,11194,194421,23097,11129,11968
33955,210406,15956,101232,11197,194450,23101,11130,11971
33960,210437,15957,101248,11197,194480,23105,11132,11973
33965,210468,15959,101262,11198,194509,23109,11134,11975
33970,210499,15960,101273,11198,194539,23113,11135,11978
33975,210530,15962,101290,11200,194567,23117,11137,11980
33980,210561,15965,101303,11202,194596,23121,11139,11982
33985,210592,15967,101318,11203,194625,23125,11142,11983
33990,210623,15970,101332,11206,194653,23129,11145,11984
33995,210654,15972,101346,11207,194682,23133,11146,11987
34000,210685,15973,101363,11207,194712,23137,11148,11989
34005,210716,15974,101375,11207,194742,23141,11151,11990
34010,210747,15975,101392,11207,194772,23145,11153,11992
34015,210778,15978,101407,11209,194800,23149,11155,11994
34020,210809,15981,101426,11211,194827,23153,11159,11994
34025,210840,15984,101445,11213,194855,23156,11161,11995
34030,210871,15988,101456,11216,194881,23159,11161,11998
34035,210902,15993,101471,11220,194906,23162,11163,11999
34040,210933,16001,101486,11226,194930,23165,11163,12002
34045,210964,16005,101505,11228,194957,23168,11165,12003
34050,210995,16008,101519,11231,194986,23171,11167,12004
34055,211026,16010,101535,11233,195016,23174,11170,12004
34060,211057,16011,101544,11233,195046,23177,11171,12006
34065,211088,16013,101556,11235,195075,23180,11172,12008
34070,211119,16015,101572,11237,195101,23183,11174,12009
34075,211150,16019,101588,11241,195130,23186,11174,12012
34080,211181,16019,101608,11241,195161,23189,11175,12014
34085,211212,16019,101625,11241,195190,23192,11176,12016
34090,211243,16019,101640,11241,195222,23195,11178,12017
34095,211274,16019,101655,11241,195255,23198,11181,12017
34100,211305,16020,101668,11242,195285,23201,11182,12019
34105,211336,16021,101684,11243,195314,23204,11185,12019
34110,211367,16022,101694,11243,195344,23207,11187,12020
34115,211398,16023,101710,11244,195374,23210,11188,12022
34120,211429,16024,101724,11245,195405,23213,11190,12023
34125,211460,16025,101735,11245,195435,23217,11191,12026
34130,211491,16026,101752,11246,195465,23221,11193,12028
34135,211522,16027,101763,11247,195495,23225,11195,12030
34140,211553,16028,101781,11247,195525,23229,11197,12032
34145,211584,16029,101797,11248,195555,23232,11200,12032
34150,211615,16032,101813,11251,195582,23235,11202,12033
34155,211646,16036,101824,11254,195610,23238,11202,12036
34160,211677,16040,101839,11258,195636,23241,11204,12037
34165,211708,16043,101852,11259,195665,23244,11207,12037
34170,211739,16046,101863,11262,195693,23247,11207,12040
34175,211770,16050,101880,11266,195719,23250,11208,12042
34180,211801,16055,101892,11270,195745,23253,11210,12043
34185,211832,16061,101905,11274,195770,23256,11211,12045
34190,211863,16068,101916,11278,195795,23259,11212,12047
34195,211894,16074,101931,11283,195820,23262,11213,12049
34200,211925,16078,101942,11285,195847,23265,11213,12052
34205,211956,16082,101956,11288,195873,23268,11215,12053
34210,211987,16084,101967,11289,195903,23271,11217,12054
34215,212018,16089,101983,11292,195929,23274,11219,12055
34220,212049,16092,101998,11294,195957,23277,11220,12057
34225,212080,16093,102009,11294,195987,23280,11220,12060
34230,212111,16095,102024,11296,196016,23283,11221,12062
34235,212142,16097,102038,11298,196044,23286,11222,12064
34240,212173,16098,102054,11299,196075,23289,11224,12065
34245,212204,16099,102064,11299,196104,23293,11226,12067
34250,212235,16102,102077,11302,196129,23297,11226,12071
34255,212266,16104,102092,11303,196158,23301,11227,12074
34260,212297,16108,102106,11307,196186,23305,11228,12077
34265,212328,16108,102120,11307,196220,23309,11230,12079
34270,212359,16108,102138,11307,196250,23313,11233,12080
34275,212390,16108,102154,11307,196280,23317,11235,12082
34280,212421,16108,102173,11307,196311,23321,11238,12083
34285,212452,16108,102186,11307,196344,23325,11240,12085
34290,212483,16108,102201,11307,196373,23329,11241,12088
34295,212514,16108,102221,11307,196406,23333,11242,12091
34300,212545,16109,102238,11308,196436,23337,11244,12093
34305,212576,16110,102254,11309,196465,23341,11246,12095
34310,212607,16112,102269,11311,196494,23345,11248,12097
34315,212638,16114,102282,11312,196523,23349,11250,12099
34320,212669,16116,102295,11314,196553,23353,11253,12100
34325,212700,16117,102311,11314,196583,23357,11254,12103
34330,212731,16119,102325,11314,196612,23361,11256,12105
34335,212762,16121,102345,11315,196641,23365,11258,12107
34340,212793,16123,102359,11317,196670,23369,11261,12108
34345,212824,16126,102376,11319,196698,23373,11263,12110
34350,212855,16128,102388,11319,196727,23377,11265,12112
34355,212886,16130,102398,11320,196756,23381,11268,12113
34360,212917,16134,102414,11322,196783,23385,11271,12114
34365,212948,16136,102428,11322,196811,23389,11273,12116
34370,212979,16141,102442,11327,196835,23393,11275,12118
34375,213010,16151,102463,11336,196856,23397,11278,12119
34380,213041,16157,102479,11340,196883,23401,11279,12122
34385,213072,16161,102495,11344,196911,23404,11280,12124
34390,213103,16163,102515,11345,196940,23407,11282,12125
34395,213134,16165,102529,11345,196969,23410,11285,12125
34400,213165,16168,102544,11348,196996,23413,11285,12128
34405,213196,16171,102559,11349,197024,23416,11287,12129
34410,213227,16176,102569,11352,197048,23419,11287,12132
34415,213258,16180,102588,11356,197076,23422,11289,12133
34420,213289,16181,102604,11357,197107,23425,11290,12135
34425,213320,16183,102619,11358,197137,23428,11293,12135
34430,213351,16184,102632,11359,197165,23431,11296,12135
34435,213382,16185,102648,11360,197196,23434,11297,12137
34440,213413,16186,102665,11360,197225,23437,11299,12138
34445,213444,16188,102680,11361,197255,23440,11300,12140
34450,213475,16189,102698,11362,197286,23443,11301,12142
34455,213506,16190,102712,11362,197316,23446,11301,12145
34460,213537,16192,102730,11364,197345,23449,11304,12145
34465,213568,16193,102749,11364,197375,23452,11306,12146
34470,213599,16195,102766,11365,197404,23455,11307,12148
34475,213630,16196,102782,11366,197434,23458,11308,12150
34480,213661,16198,102798,11368,197463,23461,11310,12151
34485,213692,16201,102811,11369,197491,23465,11313,12152
34490,213723,16205,102834,11372,197517,23469,11317,12152
34495,213754,16207,102847,11373,197547,23473,11320,12153
34500,213785,16209,102862,11374,197576,23477,11323,12154
34505,213816,16211,102877,11376,197605,23481,11326,12155
34510,213847,16212,102889,11376,197635,23485,11328,12157
34515,213878,16215,102902,11379,197663,23489,11329,12160
34520,213909,16216,102913,11379,197693,23493,11331,12162
34525,213940,16219,102933,11382,197721,23497,11335,12162
34530,213971,16222,102950,11385,197749,23501,11338,12163
34535,214002,16225,102962,11387,197777,23505,11338,12167
34540,214033,16228,102977,11389,197804,23509,11340,12169
34545,214064,16231,102990,11391,197832,23513,11341,12172
34550,214095,16236,103006,11395,197858,23517,11343,12174
34555,214126,16237,103022,11396,197888,23521,11343,12178
34560,214157,16239,103040,11397,197918,23525,11346,12179
34565,214188,16240,103054,11397,197947,23528,11348,12180
34570,214219,16244,103072,11400,197974,23531,11351,12180
34575,214250,16246,103083,11401,198003,23534,11351,12183
34580,214281,16249,103097,11404,198032,23537,11352,12185
34585,214312,16252,103113,11406,198060,23540,11353,12187
34590,214343,16254,103133,11408,198088,23543,11355,12188
34595,214374,16257,103152,11410,198116,23546,11358,12188
34600,214405,16261,103170,11414,198144,23549,11361,12188
34605,214436,16262,103188,11415,198174,23552,11364,12188
34610,214467,16263,103202,11416,198203,23555,11366,12189
34615,214498,16264,103215,11416,198233,23558,11367,12191
34620,214529,16265,103231,11416,198263,23561,11368,12193
34625,214560,16266,103250,11416,198293,23564,11370,12194
34630,214591,16267,103268,11416,198323,23567,11370,12197
34635,214622,16268,103277,11416,198354,23570,11371,12199
34640,214653,16269,103288,11416,198384,23573,11372,12201
34645,214684,16271,103304,11417,198413,23576,11373,12203
34650,214715,16273,103322,11419,198442,23579,11374,12205
34655,214746,16276,103342,11421,198469,23582,11376,12206
34660,214777,16280,103359,11423,198495,23585,11378,12207
34665,214808,16285,103377,11426,198522,23589,11380,12209
34670,214839,16289,103393,11429,198549,23593,11382,12211
34675,214870,16292,103405,11430,198577,23597,11384,12213
34680,214901,16296,103422,11434,198604,23601,11386,12215
34685,214932,16301,103441,11438,198629,23604,11387,12217
34690,214963,16306,103455,11442,198656,23607,11388,12219
34695,214994,16309,103465,11444,198683,23610,11390,12220
34700,215025,16314,103480,11449,198711,23613,11391,12222
34705,215056,16314,103498,11449,198742,23616,11391,12225
34710,215087,16314,103509,11449,198773,23619,11393,12226
34715,215118,16315,103530,11450,198803,23622,11395,12227
34720,215149,16316,103545,11451,198833,23625,11396,12229
34725,215180,16317,103561,11452,198863,23628,11396,12232
34730,215211,16319,103578,11453,198890,23631,11397,12234
34735,215242,16320,103591,11453,198921,23634,11398,12236
34740,215273,16321,103604,11453,198950,23637,11398,12239
34745,215304,16323,103617,11455,198981,23640,11401,12239
34750,215335,16325,103632,11456,199009,23643,11404,12239
34755,215366,16326,103647,11456,199038,23646,11404,12242
34760,215397,16329,103664,11458,199065,23649,11405,12244
34765,215428,16333,103679,11461,199092,23652,11405,12247
34770,215459,16337,103689,11464,199120,23655,11405,12250
34775,215490,16339,103704,11465,199150,23658,11407,12251
34780,215521,16341,103720,11467,199179,23661,11408,12253
34785,215552,16341,103731,11467,199209,23664,11409,12255
34790,215583,16341,103750,11467,199241,23668,11412,12256
34795,215614,16341,103767,11467,199272,23672,11415,12257
34800,215645,16342,103779,11468,199303,23676,11416,12260
34805,215676,16343,103793,11468,199331,23679,11418,12261
34810,215707,16347,103809,11471,199359,23682,11420,12262
34815,215738,16351,103827,11475,199385,23685,11422,12263
34820,215769,16356,103844,11480,199412,23688,11423,12265
34825,215800,16359,103856,11482,199440,23691,11425,12266
34830,215831,16362,103867,11483,199468,23694,11425,12269
34835,215862,16365,103882,11484,199495,23697,11425,12272
34840,215893,16369,103897,11487,199522,23700,11428,12272
34845,215924,16375,103913,11493,199547,23703,11430,12273
34850,215955,16379,103929,11496,199575,23706,11432,12274
34855,215986,16382,103945,11499,199604,23709,11435,12274
34860,216017,16383,103960,11499,199634,23712,11437,12275
34865,216048,16385,103978,11501,199663,23714,11439,12275
34870,216079,16386,103993,11501,199692,23716,11440,12276
34875,216110,16388,104014,11503,199721,23718,11442,12276
34880,216141,16389,104026,11503,199750,23720,11443,12277
34885,216172,16391,104043,11505,199780,23722,11444,12278
34890,216203,16394,104060,11507,199808,23724,11445,12279
34895,216234,16397,104074,11510,199836,23726,11445,12281
34900,216265,16400,104094,11512,199865,23728,11445,12283
34905,216296,16401,104107,11512,199895,23731,11447,12284
34910,216327,16403,104125,11513,199924,23734,11449,12285
34915,216358,16405,104143,11515,199953,23737,11451,12286
34920,216389,16407,104155,11516,199982,23740,11451,12289
34925,216420,16409,104176,11518,200011,23743,11452,12291
34930,216451,16411,104188,11520,200040,23746,11454,12292
34935,216482,16412,104205,11521,200069,23749,11456,12293
34940,216513,16415,104221,11523,200097,23752,11458,12294
34945,216544,16417,104240,11525,200124,23755,11460,12295
34950,216575,16421,104253,11529,200153,23758,11461,12297
34955,216606,16422,104264,11529,200183,23761,11461,12300
34960,216637,16423,104281,11530,200212,23764,11461,12303
34965,216668,16424,104291,11530,200243,23768,11463,12305
34970,216699,16425,104309,11530,200274,23772,11466,12306
34975,216730,16427,104325,11532,200302,23776,11467,12309
34980,216761,16430,104342,11534,200329,23780,11468,12312
34985,216792,16433,104357,11536,200358,23784,11471,12313
34990,216823,16436,104369,11538,200387,23788,11473,12315
34995,216854,16437,104385,11539,200416,23792,11476,12316
35000,216885,16440,104398,11541,200443,23796,11478,12318
35005,216916,16443,104413,11543,200472,23800,11479,12321
35010,216947,16448,104429,11547,200499,23804,11481,12323
35015,216978,16449,104439,11547,200529,23808,11482,12326
35020,217009,16450,104456,11547,200559,23812,11484,12328
35025,217040,16451,104470,11547,200589,23816,11485,12331
35030,217071,16454,104484,11550,200616,23820,11486,12334
35035,217102,16455,104495,11550,200647,23824,11488,12336
35040,217133,16456,104508,11551,200675,23828,11490,12338
35045,217164,16459,104527,11554,200702,23832,11491,12341
35050,217195,16461,104542,11556,200734,23836,11491,12345
35055,217226,16465,104559,11559,200760,23840,11493,12347
35060,217257,16470,104575,11562,200787,23844,11497,12347
35065,217288,16474,104592,11565,200814,23848,11501,12347
35070,217319,16477,104604,11566,200842,23852,11503,12349
35075,217350,16481,104621,11569,200869,23856,11505,12351
35080,217381,16485,104636,11573,200896,23860,11507,12353
35085,217412,16488,104648,11574,200924,23864,11509,12355
35090,217443,16491,104665,11575,200951,23868,11513,12355
35095,217474,16495,104676,11578,200978,23872,11515,12357
35100,217505,16499,104691,11581,201006,23876,11517,12359
35105,217536,16500,104704,11581,201036,23879,11518,12361
35110,217567,16502,104718,11583,201065,23882,11518,12364
35115,217598,16502,104731,11583,201096,23885,11520,12365
35120,217629,16503,104748,11583,201126,23888,11522,12366
35125,217660,16504,104767,11584,201156,23891,11525,12366
35130,217691,16505,104785,11584,201186,23894,11525,12369
35135,217722,16506,104800,11584,201216,23897,11527,12370
35140,217753,16507,104815,11584,201246,23900,11529,12371
35145,217784,16508,104825,11584,201275,23903,11529,12374
35150,217815,16510,104832,11585,201304,23906,11530,12376
35155,217846,16512,104848,11586,201333,23909,11532,12377
35160,217877,16515,104868,11589,201360,23912,11533,12379
35165,217908,16517,104883,11590,201390,23915,11535,12380
35170,217939,16518,104895,11590,201420,23918,11536,12382
35175,217970,16522,104914,11593,201446,23921,11536,12385
35180,218001,16525,104935,11595,201473,23924,11538,12386
35185,218032,16529,104947,11599,201503,23927,11540,12387
35190,218063,16529,104963,11599,201533,23930,11541,12389
35195,218094,16529,104978,11599,201564,23933,11543,12390
35200,218125,16530,104996,11600,201592,23936,11544,12392
35205,218156,16531,105014,11600,201622,23940,11546,12394
35210,218187,16532,105033,11601,201655,23944,11548,12396
35215,218218,16534,105050,11602,201684,23948,11552,12396
35220,218249,16536,105063,11604,201713,23952,11554,12398
35225,218280,16539,105076,11605,201740,23956,11556,12400
35230,218311,16541,105090,11606,201770,23960,11560,12400
35235,218342,16544,105109,11608,201798,23964,11564,12400
35240,218373,16547,105128,11610,201826,23968,11565,12403
35245,218404,16550,105139,11612,201854,23972,11565,12407
35250,218435,16553,105153,11614,201882,23976,11567,12409
35255,218466,16556,105167,11615,201910,23980,11568,12412
35260,218497,16558,105182,11617,201939,23984,11570,12414
35265,218528,16560,105199,11618,201968,23988,11571,12417
35270,218559,16563,105217,11621,201996,23992,11574,12418
35275,218590,16566,105230,11622,202024,23996,11576,12420
35280,218621,16570,105246,11625,202051,24000,11578,12422
35285,218652,16571,105259,11625,202081,24004,11579,12425
35290,218683,16572,105271,11625,202110,24008,11580,12428
35295,218714,16576,105282,11629,202137,24012,11581,12431
35300,218745,16579,105293,11630,202166,24016,11583,12433
35305,218776,16582,105307,11632,202194,24020,11585,12435
35310,218807,16586,105322,11635,202220,24024,11587,12437
35315,218838,16588,105338,11635,202247,24028,11587,12441
35320,218869,16592,105349,11637,202274,24032,11587,12445
35325,218900,16596,105365,11640,202301,24036,11590,12446
35330,218931,16603,105383,11647,202327,24040,11592,12448
35335,218962,16608,105401,11652,202352,24044,11594,12450
35340,218993,16613,105417,11655,202379,24048,11598,12450
35345,219024,16615,105433,11656,202408,24052,11602,12450
35350,219055,16616,105449,11657,202438,24056,11605,12451
35355,219086,16618,105462,11658,202468,24060,11607,12453
35360,219117,16618,105480,11658,202499,24064,11608,12456
35365,219148,16618,105494,11658,202530,24068,11609,12459
35370,219179,16618,105510,11658,202561,24072,11611,12461
35375,219210,16618,105524,11658,202592,24076,11613,12463
35380,219241,16618,105536,11658,202623,24080,11614,12466
35385,219272,16618,105552,11658,202653,24084,11616,12468
35390,219303,16619,105569,11659,202683,24088,11617,12471
35395,219334,16620,105582,11660,202713,24092,11617,12475
35400,219365,16621,105599,11660,202743,24096,11617,12479
35405,219396,16622,105620,11660,202774,24098,11618,12480
35410,219427,16623,105632,11661,202804,24100,11620,12480
35415,219458,16624,105644,11661,202834,24102,11620,12482
35420,219489,16625,105659,11662,202864,24104,11620,12484
35425,219520,16626,105678,11662,202894,24106,11621,12485
35430,219551,16627,105696,11662,202924,24108,11622,12486
35435,219582,16628,105708,11662,202954,24110,11623,12487
35440,219613,16629,105724,11662,202984,24112,11624,12488
35445,219644,16630,105741,11662,203013,24114,11625,12489
35450,219675,16634,105750,11664,203041,24116,11626,12490
35455,219706,16637,105765,11666,203066,24118,11626,12492
35460,219737,16645,105775,11671,203090,24120,11628,12492
35465,219768,16651,105787,11674,203112,24122,11630,12492
35470,219799,16664,105807,11685,203132,24124,11631,12493
35475,219830,16670,105827,11689,203158,24126,11632,12494
35480,219861,16671,105842,11689,203189,24128,11633,12495
35485,219892,16672,105855,11689,203219,24130,11634,12496
35490,219923,16673,105868,11690,203250,24132,11636,12496
35495,219954,16674,105886,11691,203278,24134,11637,12497
35500,219985,16675,105901,11692,203310,24136,11638,12498
35505,220016,16677,105912,11694,203339,24140,11639,12501
35510,220047,16678,105923,11695,203368,24144,11642,12502
35515,220078,16682,105939,11699,203395,24148,11645,12503
35520,220109,16684,105954,11701,203424,24152,11647,12505
35525,220140,16686,105971,11703,203454,24156,11649,12507
35530,220171,16688,105984,11704,203483,24160,11652,12508
35535,220202,16689,106000,11705,203513,24164,11654,12510
35540,220233,16691,106016,11707,203542,24168,11657,12511
35545,220264,16693,106032,11709,203571,24172,11660,12512
35550,220295,16694,106049,11709,203601,24176,11663,12513
35555,220326,16695,106062,11709,203631,24180,11665,12515
35560,220357,16696,106081,11710,203661,24184,11668,12516
35565,220388,16696,106096,11710,203692,24188,11668,12520
35570,220419,16696,106113,11710,203723,24192,11671,12521
35575,220450,16696,106129,11710,203754,24196,11673,12523
35580,220481,16697,106145,11710,203784,24200,11675,12525
35585,220512,16699,106163,11712,203813,24204,11678,12526
35590,220543,16701,106178,11713,203842,24208,11680,12528
35595,220574,16703,106191,11715,203870,24212,11681,12531
35600,220605,16706,106205,11718,203899,24216,11683,12533
35605,220636,16709,106221,11720,203926,24220,11685,12535
35610,220667,16712,106233,11722,203954,24224,11687,12537
35615,220698,16717,106246,11726,203979,24228,11689,12539
35620,220729,16721,106259,11729,204006,24232,11691,12541
35625,220760,16727,106276,11734,204030,24236,11691,12545
35630,220791,16734,106293,11740,204056,24240,11694,12546
35635,220822,16738,106304,11743,204084,24244,11695,12549
35640,220853,16742,106317,11745,204110,24248,11696,12552
35645,220884,16744,106334,11747,204140,24250,11697,12553
35650,220915,16745,106351,11748,204170,24252,11697,12555
35655,220946,16746,106363,11749,204199,24254,11698,12556
35660,220977,16748,106377,11750,204229,24256,11700,12556
35665,221008,16751,106393,11752,204257,24258,11701,12557
35670,221039,16754,106410,11753,204285,24260,11703,12557
35675,221070,16755,106422,11753,204315,24262,11704,12558
35680,221101,16756,106441,11754,204345,24264,11704,12560
35685,221132,16757,106461,11755,204373,24266,11704,12562
35690,221163,16758,106476,11755,204405,24268,11705,12563
35695,221194,16759,106490,11756,204434,24270,11706,12564
35700,221225,16760,106510,11757,204464,24272,11708,12564
35705,221256,16761,106526,11757,204495,24274,11709,12565
35710,221287,16762,106544,11758,204524,24276,11711,12565
35715,221318,16763,106561,11759,204553,24278,11711,12567
35720,221349,16764,106578,11759,204583,24280,11712,12568
35725,221380,16765,106592,11760,204613,24282,11714,12568
35730,221411,16766,106603,11760,204645,24284,11715,12569
35735,221442,16767,106621,11761,204674,24286,11717,12569
35740,221473,16768,106637,11762,204704,24288,11718,12570
35745,221504,16769,106651,11763,204735,24291,11720,12571
35750,221535,16771,106669,11764,204763,24295,11721,12574
35755,221566,16774,106682,11765,204791,24299,11722,12577
35760,221597,16777,106697,11767,204820,24303,11723,12580
35765,221628,16779,106711,11767,204849,24307,11724,12583
35770,221659,16781,106728,11768,204877,24311,11726,12585
35775,221690,16787,106744,11774,204903,24315,11728,12587
35780,221721,16792,106758,11776,204929,24319,11730,12589
35785,221752,16797,106773,11780,204955,24323,11730,12593
35790,221783,16803,106789,11784,204979,24327,11731,12596
35795,221814,16810,106807,11791,205004,24331,11733,12598
35800,221845,16814,106818,11792,205031,24335,11735,12600
35805,221876,16818,106830,11795,205058,24339,11738,12601
35810,221907,16822,106843,11796,205085,24343,11739,12604
35815,221938,16826,106858,11799,205112,24347,11740,12607
35820,221969,16831,106872,11802,205137,24351,11741,12610
35825,222000,16837,106883,11805,205161,24355,11742,12613
35830,222031,16845,106898,11810,205185,24359,11744,12615
35835,222062,16850,106911,11813,205211,24363,11747,12616
35840,222093,16850,106923,11813,205243,24367,11750,12617
35845,222124,16850,106935,11813,205274,24371,11751,12620
35850,222155,16850,106951,11813,205302,24375,11754,12621
35855,222186,16850,106968,11813,205333,24379,11757,12622
35860,222217,16850,106984,11813,205364,24383,11759,12624
35865,222248,16850,107000,11813,205397,24387,11761,12626
35870,222279,16850,107017,11813,205428,24391,11763,12628
35875,222310,16850,107030,11813,205458,24395,11763,12632
35880,222341,16850,107045,11813,205491,24399,11766,12633
35885,222372,16850,107066,11813,205521,24403,11768,12635
35890,222403,16850,107079,11813,205553,24407,11771,12636
35895,222434,16850,107091,11813,205584,24411,11773,12638
35900,222465,16850,107107,11813,205615,24415,11774,12641
35905,222496,16850,107119,11813,205645,24419,11775,12644
35910,222527,16850,107137,11813,205677,24423,11778,12645
35915,222558,16850,107152,11813,205707,24427,11781,12646
35920,222589,16850,107167,11813,205739,24431,11783,12648
35925,222620,16850,107183,11813,205769,24435,11786,12649
35930,222651,16850,107200,11813,205801,24439,11788,12651
35935,222682,16850,107215,11813,205831,24443,11790,12653
35940,222713,16853,107231,11815,205858,24447,11792,12655
35945,222744,16859,107248,11821,205884,24450,11794,12656
35950,222775,16863,107265,11824,205911,24453,11794,12659
35955,222806,16868,107281,11828,205938,24456,11796,12660
35960,222837,16873,107293,11832,205964,24459,11797,12662
35965,222868,16876,107306,11834,205992,24462,11799,12663
35970,222899,16881,107316,11837,206017,24465,11801,12664
35975,222930,16889,107330,11842,206040,24468,11802,12666
35980,222961,16895,107343,11846,206066,24471,11802,12669
35985,222992,16898,107357,11848,206093,24474,11804,12670
35990,223023,16901,107373,11850,206121,24477,11805,12672
35995,223054,16904,107389,11852,206150,24480,11807,12673
36000,223085,16910,107406,11856,206175,24483,11809,12674
36005,223116,16912,107427,11857,206204,24485,11811,12674
36010,223147,16913,107440,11857,206234,24487,11812,12675
36015,223178,16915,107453,11859,206263,24489,11813,12676
36020,223209,16916,107470,11860,206293,24491,11814,12677
36025,223240,16917,107485,11860,206323,24493,11815,12678
36030,223271,16919,107500,11862,206352,24495,11815,12680
36035,223302,16920,107512,11863,206382,24497,11816,12681
36040,223333,16921,107525,11864,206411,24499,11816,12683
36045,223364,16923,107543,11866,206439,24502,11816,12686
36050,223395,16925,107561,11867,206468,24505,11817,12688
36055,223426,16928,107577,11869,206496,24508,11819,12689
36060,223457,16931,107589,11872,206525,24511,11819,12692
36065,223488,16931,107603,11872,206555,24514,11820,12694
36070,223519,16931,107614,11872,206588,24517,11822,12695
36075,223550,16931,107627,11872,206619,24520,11825,12695
36080,223581,16931,107636,11872,206648,24523,11826,12697
36085,223612,16935,107655,11876,206676,24526,11828,12698
36090,223643,16938,107670,11879,206705,24529,11830,12699
36095,223674,16939,107682,11879,206734,24532,11831,12701
36100,223705,16941,107701,11880,206763,24535,11833,12702
36105,223736,16943,107719,11882,206792,24539,11837,12702
36110,223767,16947,107731,11885,206819,24543,11837,12706
36115,223798,16952,107748,11889,206845,24547,11839,12708
36120,223829,16955,107763,11891,206874,24551,11842,12709
36125,223860,16958,107779,11892,206902,24554,11843,12711
36130,223891,16959,107790,11893,206932,24557,11843,12714
36135,223922,16960,107807,11893,206962,24560,11845,12715
36140,223953,16961,107817,11893,206992,24563,11845,12718
36145,223984,16962,107831,11894,207022,24566,11845,12721
36150,224015,16963,107852,11895,207049,24569,11848,12721
36155,224046,16965,107867,11897,207081,24572,11850,12722
36160,224077,16967,107883,11898,207108,24575,11851,12724
36165,224108,16968,107896,11899,207140,24578,11852,12726
36170,224139,16970,107907,11900,207169,24581,11852,12729
36175,224170,16973,107921,11901,207197,24584,11852,12732
36180,224201,16976,107936,11902,207225,24587,11854,12733
36185,224232,16979,107948,11904,207253,24590,11854,12736
36190,224263,16981,107959,11904,207282,24593,11856,12737
36195,224294,16984,107975,11906,207310,24596,11858,12738
36200,224325,16988,107991,11910,207336,24599,11860,12739
36205,224356,16994,108008,11915,207362,24602,11862,12740
36210,224387,16995,108021,11916,207392,24605,11863,12742
36215,224418,16996,108033,11916,207422,24608,11866,12742
36220,224449,16997,108047,11917,207452,24611,11868,12743
36225,224480,16998,108063,11917,207482,24615,11871,12744
36230,224511,17000,108074,11918,207511,24619,11872,12747
36235,224542,17001,108090,11919,207540,24623,11875,12748
36240,224573,17005,108104,11922,207568,24627,11877,12750
36245,224604,17008,108122,11924,207595,24631,11880,12751
36250,224635,17011,108137,11927,207624,24635,11883,12752
36255,224666,17014,108149,11928,207650,24639,11883,12756
36260,224697,17018,108166,11931,207677,24643,11885,12758
36265,224728,17022,108179,11935,207705,24647,11886,12761
36270,224759,17028,108190,11940,207730,24651,11888,12763
36275,224790,17031,108205,11942,207758,24655,11889,12766
36280,224821,17036,108222,11946,207784,24659,11893,12766
36285,224852,17038,108233,11947,207814,24663,11895,12768
36290,224883,17040,108245,11949,207842,24667,11897,12770
36295,224914,17040,108262,11949,207873,24671,11898,12773
36300,224945,17040,108276,11949,207905,24675,11899,12776
36305,224976,17040,108291,11949,207935,24679,11901,12778
36310,225007,17041,108306,11949,207966,24683,11904,12779
36315,225038,17042,108325,11950,207996,24687,11907,12780
36320,225069,17043,108342,11951,208026,24691,11909,12782
36325,225100,17044,108359,11951,208056,24695,11911,12784
36330,225131,17045,108377,11952,208085,24699,11912,12787
36335,225162,17046,108387,11952,208114,24703,11913,12790
36340,225193,17047,108402,11953,208144,24707,11914,12793
36345,225224,17048,108414,11954,208176,24711,11915,12796
36350,225255,17049,108428,11954,208205,24715,11918,12797
36355,225286,17050,108446,11955,208235,24719,11920,12799
36360,225317,17051,108456,11955,208265,24723,11922,12801
36365,225348,17053,108472,11957,208295,24727,11924,12803
36370,225379,17055,108490,11958,208324,24731,11927,12804
36375,225410,17057,108501,11960,208353,24735,11928,12807
36380,225441,17061,108519,11963,208380,24739,11931,12808
36385,225472,17064,108529,11965,208408,24743,11932,12811
36390,225503,17067,108542,11968,208436,24747,11935,12812
36395,225534,17071,108554,11971,208463,24751,11936,12815
36400,225565,17076,108567,11973,208488,24755,11938,12817
36405,225596,17082,108582,11978,208513,24759,11939,12820
36410,225627,17086,108602,11981,208540,24763,11941,12822
36415,225658,17090,108621,11983,208565,24767,11943,12824
36420,225689,17094,108633,11985,208594,24771,11946,12825
36425,225720,17098,108654,11989,208621,24775,11949,12826
36430,225751,17101,108674,11991,208648,24779,11953,12826
36435,225782,17104,108687,11992,208676,24783,11956,12827
36440,225813,17107,108704,11993,208705,24787,11958,12829
36445,225844,17110,108718,11995,208732,24791,11960,12831
36450,225875,17112,108730,11996,208761,24795,11963,12832
36455,225906,17114,108744,11997,208791,24799,11964,12835
36460,225937,17116,108761,11998,208820,24803,11967,12836
36465,225968,17118,108774,12000,208849,24807,11969,12838
36470,225999,17120,108790,12001,208878,24811,11971,12840
36475,226030,17122,108807,12003,208906,24815,11972,12843
36480,226061,17126,108821,12007,208935,24819,11972,12847
36485,226092,17127,108836,12007,208965,24821,11973,12848
36490,226123,17129,108853,12008,208994,24823,11973,12850
36495,226154,17131,108869,12009,209023,24825,11974,12851
36500,226185,17131,108884,12009,209054,24827,11976,12851
36505,226216,17131,108901,12009,209085,24829,11977,12852
36510,226247,17131,108921,12009,209114,24831,11977,12854
36515,226278,17132,108935,12010,209145,24833,11978,12855
36520,226309,17133,108954,12010,209175,24835,11980,12855
36525,226340,17134,108969,12011,209204,24837,11980,12857
36530,226371,17135,108987,12011,209235,24839,11980,12859
36535,226402,17136,109001,12012,209265,24841,11982,12859
36540,226433,17137,109012,12012,209296,24843,11982,12861
36545,226464,17138,109033,12013,209326,24844,11983,12861
36550,226495,17139,109046,12014,209356,24845,11984,12861
36555,226526,17140,109065,12014,209384,24846,11985,12861
36560,226557,17146,109082,12019,209409,24847,11985,12862
36565,226588,17150,109094,12023,209437,24848,11986,12862
36570,226619,17154,109112,12026,209463,24849,11987,12862
36575,226650,17158,109128,12029,209490,24850,11987,12863
36580,226681,17163,109146,12033,209514,24851,11988,12863
36585,226712,17170,109162,12039,209541,24853,11989,12864
36590,226743,17174,109180,12041,209566,24856,11990,12866
36595,226774,17181,109196,12047,209592,24859,11993,12866
36600,226805,17185,109212,12051,209618,24862,11996,12866
36605,226836,17187,109227,12053,209648,24865,11997,12868
36610,226867,17188,109236,12053,209679,24868,11998,12870
36615,226898,17189,109242,12053,209709,24871,11998,12873
36620,226929,17190,109261,12053,209738,24874,11998,12876
36625,226960,17191,109273,12053,209767,24877,12000,12877
36630,226991,17192,109290,12053,209797,24880,12002,12878
36635,227022,17193,109305,12054,209829,24883,12003,12880
36640,227053,17194,109321,12055,209858,24886,12003,12883
36645,227084,17195,109331,12055,209889,24890,12004,12886
36650,227115,17196,109346,12055,209918,24894,12006,12888
36655,227146,17197,109368,12056,209949,24898,12007,12891
36660,227177,17198,109386,12056,209979,24902,12009,12893
36665,227208,17199,109403,12057,210009,24905,12010,12895
36670,227239,17200,109414,12058,210039,24908,12011,12897
36675,227270,17202,109430,12059,210068,24911,12013,12898
36680,227301,17203,109444,12060,210098,24914,12013,12901
36685,227332,17204,109460,12061,210127,24917,12016,12901
36690,227363,17206,109472,12062,210157,24920,12018,12902
36695,227394,17207,109486,12063,210187,24923,12019,12904
36700,227425,17208,109495,12063,210216,24926,12020,12906
36705,227456,17209,109514,12063,210246,24929,12022,12907
36710,227487,17213,109526,12066,210272,24932,12022,12910
36715,227518,17217,109540,12068,210299,24935,12023,12912
36720,227549,17222,109559,12073,210326,24938,12026,12912
36725,227580,17227,109577,12078,210353,24941,12028,12913
36730,227611,17231,109592,12082,210380,24944,12029,12915
36735,227642,17234,109601,12083,210408,24947,12030,12917
36740,227673,17239,109619,12086,210433,24950,12031,12919
36745,227704,17245,109632,12090,210458,24953,12032,12921
36750,227735,17251,109646,12096,210483,24956,12034,12922
36755,227766,17255,109661,12099,210509,24959,12035,12924
36760,227797,17260,109676,12102,210536,24962,12036,12926
36765,227828,17263,109688,12105,210564,24966,12038,12928
36770,227859,17269,109708,12110,210587,24970,12042,12928
36775,227890,17275,109722,12116,210613,24974,12045,12929
36780,227921,17278,109735,12119,210642,24978,12048,12930
36785,227952,17281,109750,12122,210671,24982,12051,12931
36790,227983,17281,109763,12122,210702,24986,12053,12933
36795,228014,17281,109778,12122,210733,24990,12055,12935
36800,228045,17281,109792,12122,210763,24994,12056,12938
36805,228076,17281,109808,12122,210795,24998,12057,12941
36810,228107,17281,109824,12122,210824,25002,12059,12943
36815,228138,17281,109841,12122,210856,25006,12061,12945
36820,228169,17281,109856,12122,210887,25010,12062,12948
36825,228200,17281,109875,12122,210916,25014,12065,12949
36830,228231,17281,109888,12122,210949,25018,12067,12951
36835,228262,17281,109900,12122,210980,25022,12068,12954
36840,228293,17281,109916,12122,211012,25026,12069,12957
36845,228324,17281,109931,12122,211043,25030,12071,12959
36850,228355,17281,109944,12122,211074,25034,12074,12960
36855,228386,17281,109957,12122,211105,25038,12076,12962
36860,228417,17281,109976,12122,211136,25042,12077,12965
36865,228448,17282,109993,12123,211166,25046,12080,12966
36870,228479,17283,110006,12124,211196,25050,12081,12969
36875,228510,17284,110024,12124,211226,25054,12084,12970
36880,228541,17285,110036,12125,211256,25058,12087,12971
36885,228572,17287,110055,12127,211285,25062,12088,12974
36890,228603,17290,110065,12129,211311,25066,12088,12978
36895,228634,17296,110078,12133,211336,25070,12090,12980
36900,228665,17302,110088,12136,211363,25074,12092,12982
36905,228696,17306,110099,12138,211389,25078,12094,12984
36910,228727,17312,110114,12143,211414,25082,12096,12986
36915,228758,17318,110131,12148,211438,25086,12099,12987
36920,228789,17324,110143,12153,211465,25090,12101,12989
36925,228820,17326,110155,12154,211494,25094,12101,12993
36930,228851,17330,110166,12156,211521,25098,12103,12995
36935,228882,17333,110179,12157,211549,25102,12106,12996
36940,228913,17335,110194,12158,211577,25106,12108,12998
36945,228944,17340,110209,12163,211604,25110,12110,13000
36950,228975,17343,110221,12165,211630,25114,12110,13004
36955,229006,17347,110235,12167,211656,25118,12111,13007
36960,229037,17355,110251,12174,211681,25122,12114,13008
36965,229068,17359,110266,12177,211707,25126,12115,13011
36970,229099,17362,110281,12180,211736,25130,12118,13012
36975,229130,17364,110293,12181,211766,25134,12121,13013
36980,229161,17364,110310,12181,211794,25138,12123,13015
36985,229192,17364,110324,12181,211827,25142,12125,13017
36990,229223,17364,110341,12181,211858,25146,12128,13018
36995,229254,17364,110355,12181,211889,25150,12129,13021
37000,229285,17364,110368,12181,211921,25154,12129,13025
37005,229316,17364,110387,12181,211952,25158,12133,13025
37010,229347,17364,110403,12181,211983,25162,12135,13027
37015,229378,17364,110417,12181,212014,25166,12136,13030
37020,229409,17364,110435,12181,212045,25170,12139,13031
37025,229440,17365,110448,12182,212073,25174,12139,13035
37030,229471,17367,110459,12184,212103,25178,12142,13036
37035,229502,17368,110478,12185,212133,25182,12144,13038
37040,229533,17370,110493,12186,212162,25186,12147,13039
37045,229564,17372,110507,12188,212190,25190,12148,13042
37050,229595,17375,110517,12191,212219,25194,12149,13045
37055,229626,17377,110535,12193,212247,25198,12152,13046
37060,229657,17380,110549,12196,212274,25202,12154,13048
37065,229688,17383,110565,12199,212304,25206,12157,13049
37070,229719,17385,110583,12201,212332,25210,12158,13052
37075,229750,17389,110596,12204,212361,25214,12161,13053
37080,229781,17391,110611,12205,212390,25218,12164,13054
37085,229812,17393,110625,12205,212419,25221,12165,13056
37090,229843,17396,110641,12207,212447,25224,12167,13057
37095,229874,17398,110656,12207,212476,25227,12169,13058
37100,229905,17404,110673,12212,212501,25230,12171,13059
37105,229936,17408,110685,12215,212528,25233,12172,13061
37110,229967,17413,110696,12219,212554,25236,12172,13064
37115,229998,17417,110710,12223,212578,25239,12172,13067
37120,230029,17423,110727,12227,212605,25242,12173,13069
37125,230060,17426,110743,12230,212632,25245,12174,13071
37130,230091,17428,110761,12231,212661,25248,12176,13072
37135,230122,17430,110776,12232,212690,25251,12178,13073
37140,230153,17432,110789,12233,212721,25254,12180,13074
37145,230184,17433,110805,12234,212750,25256,12181,13075
37150,230215,17434,110817,12234,212780,25258,12182,13076
37155,230246,17435,110832,12234,212811,25260,12184,13076
37160,230277,17437,110848,12236,212837,25262,12185,13077
37165,230308,17438,110864,12236,212870,25264,12185,13079
37170,230339,17440,110883,12238,212898,25266,12186,13080
37175,230370,17441,110897,12239,212929,25268,12187,13081
37180,230401,17442,110913,12240,212959,25270,12189,13081
37185,230432,17443,110926,12241,212987,25273,12189,13084
37190,230463,17445,110941,12242,213015,25276,12190,13086
37195,230494,17447,110959,12243,213045,25279,12191,13088
37200,230525,17449,110971,12244,213076,25282,12192,13090
37205,230556,17450,110986,12244,213106,25284,12194,13090
37210,230587,17451,111005,12245,213134,25286,12196,13090
37215,230618,17453,111016,12247,213163,25288,12198,13090
37220,230649,17455,111029,12248,213194,25290,12198,13092
37225,230680,17456,111045,12248,213223,25292,12200,13092
37230,230711,17459,111055,12249,213252,25294,12201,13093
37235,230742,17461,111071,12249,213280,25296,12203,13093
37240,230773,17464,111085,12251,213308,25298,12204,13094
37245,230804,17468,111099,12253,213335,25301,12206,13095
37250,230835,17473,111114,12257,213362,25304,12207,13097
37255,230866,17475,111128,12257,213390,25307,12209,13098
37260,230897,17480,111142,12262,213416,25310,12211,13099
37265,230928,17483,111164,12265,213445,25313,12212,13101
37270,230959,17485,111181,12267,213474,25316,12212,13104
37275,230990,17487,111198,12269,213503,25319,12214,13105
37280,231021,17490,111211,12272,213530,25322,12215,13107
37285,231052,17495,111229,12276,213556,25325,12216,13109
37290,231083,17499,111237,12278,213584,25328,12217,13111
37295,231114,17500,111251,12278,213614,25331,12218,13113
37300,231145,17501,111268,12279,213644,25334,12219,13115
37305,231176,17502,111281,12280,213673,25338,12222,13116
37310,231207,17503,111296,12281,213702,25342,12225,13117
37315,231238,17504,111309,12282,213733,25346,12227,13119
37320,231269,17505,111325,12282,213762,25350,12228,13122
37325,231300,17506,111341,12283,213794,25354,12230,13124
37330,231331,17507,111354,12283,213823,25358,12232,13126
37335,231362,17508,111367,12283,213853,25362,12233,13129
37340,231393,17509,111386,12283,213882,25366,12236,13130
37345,231424,17510,111401,12283,213913,25370,12239,13131
37350,231455,17511,111415,12284,213944,25374,12240,13134
37355,231486,17512,111434,12284,213974,25378,12243,13135
37360,231517,17513,111447,12284,214004,25382,12244,13138
37365,231548,17514,111462,12284,214033,25386,12246,13140
37370,231579,17517,111470,12285,214062,25390,12248,13142
37375,231610,17520,111479,12287,214089,25394,12248,13146
37380,231641,17525,111493,12291,214116,25398,12251,13147
37385,231672,17528,111505,12292,214143,25402,12253,13149
37390,231703,17533,111526,12297,214169,25406,12256,13150
37395,231734,17536,111538,12299,214198,25410,12256,13154
37400,231765,17539,111556,12300,214225,25414,12259,13155
37405,231796,17544,111570,12303,214251,25418,12261,13157
37410,231827,17549,111584,12307,214277,25422,12263,13159
37415,231858,17553,111600,12311,214304,25426,12264,13162
37420,231889,17558,111616,12314,214330,25430,12267,13163
37425,231920,17562,111633,12316,214358,25434,12269,13165
37430,231951,17565,111647,12318,214386,25438,12269,13169
37435,231982,17568,111663,12320,214414,25442,12269,13173
37440,232013,17570,111682,12322,214443,25446,12271,13175
37445,232044,17574,111697,12325,214470,25449,12272,13177
37450,232075,17576,111710,12327,214499,25452,12274,13178
37455,232106,17578,111724,12329,214528,25455,12275,13180
37460,232137,17580,111742,12330,214557,25458,12277,13181
37465,232168,17582,111760,12332,214586,25461,12278,13183
37470,232199,17584,111777,12334,214614,25464,12280,13184
37475,232230,17585,111789,12334,214644,25467,12281,13186
37480,232261,17587,111804,12335,214674,25470,12281,13189
37485,232292,17589,111819,12336,214702,25473,12282,13191
37490,232323,17593,111837,12339,214729,25476,12284,13192
37495,232354,17596,111850,12342,214758,25479,12286,13193
37500,232385,17598,111864,12343,214787,25482,12287,13195
37505,232416,17598,111879,12343,214816,25485,12288,13197
37510,232447,17598,111888,12343,214846,25488,12289,13199
37515,232478,17598,111897,12343,214879,25491,12290,13201
37520,232509,17598,111911,12343,214908,25494,12293,13201
37525,232540,17598,111929,12343,214939,25497,12295,13202
37530,232571,17599,111949,12343,214970,25500,12298,13202
37535,232602,17601,111961,12345,215001,25503,12299,13204
37540,232633,17602,111976,12345,215030,25506,12300,13206
37545,232664,17604,111996,12346,215059,25509,12303,13206
37550,232695,17606,112011,12347,215087,25513,12306,13207
37555,232726,17611,112027,12351,215114,25517,12307,13210
37560,232757,17615,112039,12354,215141,25521,12308,13213
37565,232788,17618,112056,12356,215168,25525,12310,13215
37570,232819,17623,112067,12360,215195,25529,12312,13217
37575,232850,17626,112088,12362,215224,25533,12315,13218
37580,232881,17628,112105,12364,215252,25537,12318,13219
37585,232912,17630,112117,12365,215282,25541,12318,13223
37590,232943,17631,112129,12365,215312,25545,12320,13225
37595,232974,17632,112143,12365,215342,25549,12321,13228
37600,233005,17633,112157,12365,215372,25553,12324,13229
37605,233036,17635,112168,12367,215401,25557,12325,13232
37610,233067,17638,112183,12369,215429,25561,12327,13234
37615,233098,17640,112194,12370,215458,25565,12329,13236
37620,233129,17643,112210,12372,215486,25569,12330,13239
37625,233160,17646,112222,12374,215513,25572,12331,13241
37630,233191,17648,112238,12375,215543,25575,12333,13242
37635,233222,17650,112249,12376,215571,25578,12333,13245
37640,233253,17653,112265,12378,215600,25581,12335,13246
37645,233284,17655,112280,12378,215626,25584,12336,13248
37650,233315,17660,112290,12382,215652,25587,12337,13250
37655,233346,17667,112305,12387,215676,25590,12339,13251
37660,233377,17672,112321,12391,215701,25593,12340,13253
37665,233408,17678,112335,12397,215730,25596,12343,13253
37670,233439,17682,112349,12399,215754,25599,12344,13255
37675,233470,17686,112363,12403,215783,25602,12344,13258
37680,233501,17686,112374,12403,215814,25605,12346,13259
37685,233532,17686,112387,12403,215845,25606,12346,13260
37690,233563,17687,112401,12403,215875,25607,12347,13260
37695,233594,17688,112414,12403,215904,25608,12347,13261
37700,233625,17690,112428,12405,215935,25609,12348,13261
37705,233656,17691,112438,12406,215964,25610,12348,13262
37710,233687,17692,112451,12407,215995,25611,12349,13262
37715,233718,17693,112463,12408,216024,25612,12349,13263
37720,233749,17695,112477,12409,216053,25613,12350,13263
37725,233780,17697,112492,12411,216083,25615,12350,13265
37730,233811,17698,112511,12412,216113,25617,12352,13265
37735,233842,17699,112523,12412,216143,25619,12354,13265
37740,233873,17700,112538,12412,216173,25621,12355,13266
37745,233904,17701,112560,12413,216202,25623,12357,13266
37750,233935,17703,112572,12415,216230,25625,12358,13267
37755,233966,17706,112589,12418,216260,25627,12360,13267
37760,233997,17708,112602,12419,216288,25629,12360,13269
37765,234028,17710,112619,12421,216316,25631,12361,13270
37770,234059,17714,112636,12424,216343,25633,12361,13272
37775,234090,17718,112649,12428,216371,25635,12361,13274
37780,234121,17719,112662,12429,216402,25637,12362,13275
37785,234152,17723,112678,12432,216429,25641,12364,13277
37790,234183,17727,112699,12436,216456,25645,12367,13278
37795,234214,17731,112716,12439,216483,25649,12369,13280
37800,234245,17734,112730,12442,216511,25653,12370,13283
37805,234276,17737,112743,12444,216538,25657,12370,13287
37810,234307,17739,112756,12446,216568,25661,12372,13289
37815,234338,17742,112772,12447,216594,25665,12373,13292
37820,234369,17745,112784,12449,216624,25669,12375,13294
37825,234400,17747,112795,12450,216652,25673,12376,13297
37830,234431,17750,112807,12453,216681,25677,12378,13299
37835,234462,17753,112817,12455,216709,25681,12380,13301
37840,234493,17755,112835,12457,216738,25685,12383,13302
37845,234524,17758,112843,12459,216766,25689,12383,13306
37850,234555,17759,112855,12459,216796,25693,12385,13308
37855,234586,17760,112872,12460,216826,25697,12389,13308
37860,234617,17761,112883,12460,216856,25701,12390,13311
37865,234648,17762,112900,12461,216886,25705,12393,13312
37870,234679,17763,112914,12462,216916,25709,12395,13314
37875,234710,17764,112930,12463,216946,25713,12397,13316
37880,234741,17765,112945,12463,216976,25717,12399,13318
37885,234772,17767,112962,12464,217005,25721,12401,13320
37890,234803,17770,112969,12465,217033,25725,12401,13324
37895,234834,17773,112981,12468,217061,25729,12402,13327
37900,234865,17776,112996,12469,217089,25733,12404,13329
37905,234896,17779,113012,12470,217115,25737,12405,13332
37910,234927,17783,113023,12474,217144,25741,12407,13334
37915,234958,17786,113042,12477,217170,25745,12410,13335
37920,234989,17790,113058,12480,217198,25749,12412,13337
37925,235020,17792,113069,12481,217228,25753,12412,13341
37930,235051,17794,113086,12482,217254,25757,12412,13345
37935,235082,17799,113099,12486,217282,25761,12413,13348
37940,235113,17803,113113,12490,217310,25765,12415,13350
37945,235144,17807,113128,12493,217335,25769,12419,13350
37950,235175,17812,113143,12497,217361,25773,12422,13351
37955,235206,17817,113160,12501,217389,25777,12425,13352
37960,235237,17818,113174,12501,217419,25781,12427,13354
37965,235268,17820,113183,12502,217448,25785,12428,13357
37970,235299,17821,113197,12502,217478,25789,12430,13359
37975,235330,17823,113211,12503,217507,25793,12433,13360
37980,235361,17825,113228,12505,217535,25797,12435,13362
37985,235392,17827,113243,12507,217565,25801,12438,13363
37990,235423,17828,113254,12508,217594,25805,12438,13367
37995,235454,17830,113267,12509,217623,25809,12439,13370
38000,235485,17831,113281,12510,217652,25813,12441,13372
38005,235516,17833,113296,12511,217682,25817,12445,13372
38010,235547,17835,113310,12512,217711,25821,12447,13374
38015,235578,17836,113323,12512,217741,25825,12450,13375
38020,235609,17837,113335,12512,217771,25829,12450,13379
38025,235640,17839,113353,12513,217800,25833,12452,13381
38030,235671,17842,113365,12516,217829,25837,12455,13382
38035,235702,17842,113387,12516,217860,25841,12458,13383
38040,235733,17843,113400,12516,217890,25845,12459,13386
38045,235764,17844,113418,12516,217920,25849,12461,13388
38050,235795,17845,113430,12517,217950,25853,12463,13390
38055,235826,17846,113449,12518,217978,25857,12466,13391
38060,235857,17851,113467,12522,218006,25861,12468,13393
38065,235888,17854,113478,12525,218033,25865,12469,13396
38070,235919,17857,113496,12528,218059,25869,12471,13398
38075,235950,17861,113515,12530,218087,25873,12473,13400
38080,235981,17864,113529,12532,218116,25877,12475,13402
38085,236012,17867,113547,12535,218142,25881,12477,13404
38090,236043,17871,113557,12537,218171,25885,12478,13407
38095,236074,17877,113571,12542,218197,25889,12481,13408
38100,236105,17884,113586,12549,218221,25893,12483,13410
38105,236136,17886,113605,12550,218249,25897,12485,13412
38110,236167,17887,113622,12551,218279,25901,12486,13415
38115,236198,17889,113638,12553,218308,25905,12487,13418
38120,236229,17891,113655,12555,218338,25909,12490,13419
38125,236260,17894,113668,12557,218366,25913,12492,13421
38130,236291,17894,113681,12557,218396,25917,12494,13423
38135,236322,17894,113697,12557,218427,25921,12496,13425
38140,236353,17895,113711,12557,218457,25925,12497,13428
38145,236384,17896,113724,12558,218486,25929,12499,13430
38150,236415,17897,113743,12559,218517,25933,12502,13431
38155,236446,17898,113756,12559,218547,25937,12502,13435
38160,236477,17900,113774,12560,218577,25941,12503,13438
38165,236508,17902,113791,12562,218606,25944,12504,13440
38170,236539,17903,113803,12563,218636,25947,12506,13441
38175,236570,17905,113819,12565,218665,25950,12508,13442
38180,236601,17907,113833,12566,218694,25953,12510,13443
38185,236632,17908,113846,12567,218724,25956,12512,13444
38190,236663,17909,113858,12568,218754,25959,12514,13445
38195,236694,17911,113874,12570,218783,25962,12515,13447
38200,236725,17912,113890,12571,218813,25965,12517,13448
38205,236756,17915,113905,12573,218841,25968,12519,13449
38210,236787,17918,113919,12575,218868,25971,12520,13451
38215,236818,17922,113938,12578,218895,25974,12521,13453
38220,236849,17926,113951,12581,218923,25977,12522,13455
38225,236880,17929,113959,12582,218950,25978,12523,13455
38230,236911,17933,113974,12584,218977,25979,12523,13456
38235,236942,17935,113993,12585,219005,25980,12524,13456
38240,236973,17938,114010,12586,219033,25981,12525,13456
38245,237004,17941,114026,12589,219061,25982,12526,13456
38250,237035,17945,114042,12592,219088,25983,12527,13456
38255,237066,17949,114061,12594,219114,25984,12527,13457
38260,237097,17954,114077,12597,219138,25985,12528,13457
38265,237128,17958,114093,12600,219170,25987,12530,13457
38270,237159,17959,114105,12600,219200,25989,12532,13457
38275,237190,17960,114117,12600,219229,25991,12533,13458
38280,237221,17961,114126,12600,219259,25993,12533,13460
38285,237252,17962,114138,12600,219289,25994,12533,13461
38290,237283,17963,114157,12600,219319,25995,12534,13461
38295,237314,17964,114173,12601,219350,25996,12535,13461
38300,237345,17965,114182,12601,219380,25997,12535,13462
38305,237376,17966,114196,12602,219410,25998,12536,13462
38310,237407,17967,114208,12603,219440,25999,12536,13463
38315,237438,17968,114222,12603,219470,26000,12536,13464
38320,237469,17969,114239,12603,219500,26001,12536,13465
38325,237500,17970,114254,12604,219530,26003,12538,13465
38330,237531,17971,114266,12605,219560,26006,12539,13467
38335,237562,17972,114279,12606,219590,26009,12541,13468
38340,237593,17974,114289,12608,219619,26012,12541,13471
38345,237624,17976,114306,12609,219648,26015,12542,13473
38350,237655,17979,114326,12612,219676,26018,12542,13476
38355,237686,17982,114341,12614,219704,26021,12542,13479
38360,237717,17985,114355,12617,219732,26024,12542,13482
38365,237748,17988,114369,12619,219760,26027,12544,13483
38370,237779,17993,114389,12622,219785,26030,12546,13484
38375,237810,18000,114405,12628,219810,26033,12547,13486
38380,237841,18004,114419,12630,219836,26036,12548,13488
38385,237872,18008,114436,12632,219862,26040,12549,13491
38390,237903,18016,114452,12639,219885,26044,12550,13494
38395,237934,18021,114468,12642,219912,26048,12552,13496
38400,237965,18027,114485,12647,219936,26052,12555,13497
38405,237996,18033,114498,12651,219962,26056,12556,13500
38410,238027,18038,114515,12655,219989,26060,12559,13501
38415,238058,18043,114527,12659,220014,26064,12560,13504
38420,238089,18046,114539,12662,220043,26068,12561,13507
38425,238120,18046,114553,12662,220074,26072,12564,13508
38430,238151,18046,114565,12662,220105,26076,12565,13511
38435,238182,18046,114583,12662,220136,26080,12569,13511
38440,238213,18046,114598,12662,220167,26084,12570,13514
38445,238244,18046,114616,12662,220196,26088,12573,13515
38450,238275,18046,114629,12662,220228,26092,12574,13518
38455,238306,18046,114643,12662,220259,26096,12574,13522
38460,238337,18046,114657,12662,220290,26100,12575,13525
38465,238368,18046,114672,12662,220321,26104,12576,13528
38470,238399,18046,114685,12662,220352,26108,12579,13529
38475,238430,18046,114696,12662,220383,26112,12580,13532
38480,238461,18046,114710,12662,220414,26116,12581,13535
38485,238492,18046,114721,12662,220446,26120,12582,13538
38490,238523,18046,114739,12662,220477,26124,12584,13540
38495,238554,18046,114754,12662,220507,26128,12584,13544
38500,238585,18046,114767,12662,220538,26132,12586,13546
38505,238616,18047,114781,12663,220568,26136,12587,13549
38510,238647,18048,114793,12663,220599,26140,12588,13552
38515,238678,18049,114809,12664,220629,26144,12589,13555
38520,238709,18050,114824,12665,220658,26148,12591,13557
38525,238740,18054,114838,12667,220686,26152,12594,13558
38530,238771,18058,114853,12669,220712,26156,12597,13559
38535,238802,18063,114866,12673,220739,26160,12599,13561
38540,238833,18066,114878,12674,220767,26164,12600,13564
38545,238864,18070,114892,12676,220793,26168,12602,13566
38550,238895,18076,114907,12681,220819,26172,12605,13567
38555,238926,18080,114924,12683,220845,26176,12608,13568
38560,238957,18084,114941,12684,220873,26180,12612,13568
38565,238988,18088,114956,12687,220900,26184,12615,13569
38570,239019,18091,114970,12688,220927,26188,12616,13572
38575,239050,18096,114986,12692,220954,26192,12619,13573
38580,239081,18098,115001,12693,220982,26196,12620,13576
38585,239112,18102,115014,12696,221010,26200,12622,13578
38590,239143,18104,115026,12697,221037,26204,12623,13581
38595,239174,18108,115041,12700,221064,26208,12626,13582
38600,239205,18113,115059,12704,221091,26212,12628,13584
38605,239236,18116,115070,12706,221120,26216,12630,13586
38610,239267,18119,115083,12707,221146,26220,12632,13588
38615,239298,18123,115098,12710,221174,26224,12635,13589
38620,239329,18127,115111,12712,221201,26228,12638,13590
38625,239360,18128,115125,12712,221229,26232,12640,13592
38630,239391,18130,115144,12714,221261,26236,12644,13592
38635,239422,18131,115155,12714,221291,26240,12646,13594
38640,239453,18132,115170,12715,221321,26244,12649,13595
38645,239484,18133,115189,12715,221350,26248,12652,13596
38650,239515,18135,115206,12717,221380,26252,12655,13597
38655,239546,18136,115224,12718,221410,26256,12658,13598
38660,239577,18137,115237,12718,221440,26260,12660,13600
38665,239608,18138,115258,12719,221470,26264,12663,13601
38670,239639,18140,115276,12721,221499,26268,12665,13603
38675,239670,18141,115287,12721,221529,26272,12668,13604
38680,239701,18143,115302,12722,221558,26276,12671,13605
38685,239732,18145,115316,12723,221587,26280,12674,13606
38690,239763,18147,115335,12723,221612,26284,12676,13608
38695,239794,18150,115352,12725,221641,26288,12680,13608
38700,239825,18154,115365,12727,221670,26292,12682,13610
38705,239856,18157,115377,12729,221699,26295,12684,13611
38710,239887,18159,115392,12730,221727,26298,12686,13612
38715,239918,18162,115406,12732,221755,26301,12688,13613
38720,239949,18164,115427,12734,221784,26304,12691,13613
38725,239980,18168,115441,12736,221812,26307,12692,13615
38730,240011,18173,115456,12740,221838,26310,12694,13616
38735,240042,18177,115475,12743,221863,26313,12696,13617
38740,240073,18186,115491,12751,221886,26316,12697,13619
38745,240104,18192,115502,12757,221911,26319,12698,13621
38750,240135,18198,115521,12762,221937,26322,12699,13623
38755,240166,18200,115529,12763,221966,26325,12701,13624
38760,240197,18202,115544,12765,221995,26328,12703,13625
38765,240228,18202,115562,12765,222025,26330,12704,13626
38770,240259,18202,115577,12765,222055,26332,12705,13627
38775,240290,18202,115596,12765,222086,26334,12706,13628
38780,240321,18202,115612,12765,222119,26336,12707,13629
38785,240352,18202,115628,12765,222149,26338,12709,13629
38790,240383,18202,115643,12765,222181,26340,12710,13630
38795,240414,18202,115655,12765,222211,26342,12711,13631
38800,240445,18202,115670,12765,222241,26344,12711,13633
38805,240476,18202,115689,12765,222273,26347,12714,13633
38810,240507,18202,115705,12765,222303,26350,12715,13635
38815,240538,18202,115722,12765,222335,26353,12717,13636
38820,240569,18203,115738,12766,222364,26356,12719,13637
38825,240600,18204,115751,12767,222396,26358,12721,13637
38830,240631,18205,115766,12768,222425,26360,12721,13639
38835,240662,18206,115780,12769,222456,26362,12723,13639
38840,240693,18207,115801,12770,222486,26364,12724,13640
38845,240724,18208,115812,12771,222516,26366,12724,13642
38850,240755,18209,115824,12772,222546,26368,12725,13643
38855,240786,18210,115839,12773,222576,26370,12726,13644
38860,240817,18212,115853,12773,222605,26372,12726,13646
38865,240848,18215,115871,12776,222631,26375,12729,13646
38870,240879,18220,115890,12780,222658,26378,12732,13646
38875,240910,18224,115902,12782,222685,26381,12734,13647
38880,240941,18229,115916,12786,222711,26384,12734,13650
38885,240972,18235,115935,12790,222737,26387,12736,13651
38890,241003,18238,115948,12792,222765,26390,12737,13653
38895,241034,18243,115965,12795,222791,26393,12739,13654
38900,241065,18248,115978,12798,222816,26396,12740,13656
38905,241096,18254,115995,12803,222841,26399,12742,13657
38910,241127,18259,116012,12807,222868,26402,12744,13658
38915,241158,18265,116027,12812,222892,26405,12744,13661
38920,241189,18271,116042,12817,222918,26408,12747,13661
38925,241220,18276,116059,12820,222943,26412,12750,13662
38930,241251,18280,116078,12823,222971,26416,12752,13664
38935,241282,18283,116091,12826,222998,26420,12753,13667
38940,241313,18288,116109,12830,223025,26424,12755,13669
38945,241344,18292,116124,12833,223052,26428,12756,13672
38950,241375,18292,116133,12833,223083,26432,12756,13676
38955,241406,18292,116148,12833,223114,26436,12757,13679
38960,241437,18292,116164,12833,223145,26440,12760,13680
38965,241468,18292,116181,12833,223176,26444,12762,13682
38970,241499,18292,116199,12833,223207,26448,12763,13685
38975,241530,18292,116215,12833,223237,26452,12767,13685
38980,241561,18292,116231,12833,223269,26456,12769,13687
38985,241592,18292,116241,12833,223299,26460,12769,13691
38990,241623,18292,116259,12833,223330,26464,12772,13692
38995,241654,18292,116274,12833,223362,26468,12774,13694
39000,241685,18292,116288,12833,223392,26472,12776,13696
39005,241716,18292,116305,12833,223424,26476,12780,13696
39010,241747,18292,116316,12833,223454,26480,12781,13699
39015,241778,18292,116335,12833,223484,26484,12784,13700
39020,241809,18292,116349,12833,223516,26488,12786,13702
39025,241840,18292,116362,12833,223547,26492,12787,13705
39030,241871,18292,116373,12833,223578,26496,12788,13708
39035,241902,18293,116387,12833,223609,26500,12790,13710
39040,241933,18295,116403,12833,223636,26504,12792,13712
39045,241964,18297,116418,12834,223666,26508,12792,13716
39050,241995,18299,116433,12835,223695,26512,12794,13718
39055,242026,18302,116446,12836,223723,26516,12797,13719
39060,242057,18306,116459,12837,223751,26520,12799,13721
39065,242088,18309,116475,12839,223778,26524,12800,13724
39070,242119,18314,116489,12844,223805,26528,12803,13725
39075,242150,18318,116503,12846,223832,26532,12805,13727
39080,242181,18322,116514,12847,223859,26536,12807,13729
39085,242212,18326,116530,12849,223885,26540,12810,13730
39090,242243,18332,116543,12854,223911,26544,12812,13732
39095,242274,18337,116558,12858,223937,26548,12813,13735
39100,242305,18342,116573,12862,223963,26552,12816,13736
39105,242336,18347,116584,12865,223988,26556,12817,13739
39110,242367,18353,116599,12869,224013,26560,12820,13740
39115,242398,18358,116615,12872,224040,26564,12822,13742
39120,242429,18364,116631,12878,224065,26568,12823,13745
39125,242460,18368,116649,12881,224092,26572,12824,13748
39130,242491,18370,116665,12883,224121,26576,12825,13751
39135,242522,18372,116675,12884,224149,26580,12825,13755
39140,242553,18374,116688,12885,224178,26584,12825,13759
39145,242584,18376,116699,12887,224208,26588,12827,13761
39150,242615,18377,116721,12888,224236,26592,12829,13763
39155,242646,18380,116735,12891,224265,26596,12831,13765
39160,242677,18381,116753,12892,224295,26600,12833,13767
39165,242708,18381,116767,12892,224327,26604,12833,13771
39170,242739,18381,116781,12892,224357,26608,12835,13773
39175,242770,18381,116799,12892,224388,26612,12838,13774
39180,242801,18381,116813,12892,224419,26616,12841,13775
39185,242832,18381,116829,12892,224451,26619,12842,13777
39190,242863,18381,116842,12892,224482,26622,12844,13778
39195,242894,18381,116858,12892,224511,26625,12845,13780
39200,242925,18381,116876,12892,224543,26628,12847,13781
39205,242956,18381,116893,12892,224574,26631,12848,13783
39210,242987,18381,116907,12892,224605,26634,12848,13786
39215,243018,18381,116922,12892,224637,26637,12849,13788
39220,243049,18382,116934,12892,224666,26640,12850,13790
39225,243080,18383,116951,12892,224695,26643,12852,13791
39230,243111,18386,116964,12895,224723,26646,12853,13793
39235,243142,18390,116977,12898,224751,26649,12855,13794
39240,243173,18394,116993,12902,224778,26652,12855,13797
39245,243204,18398,117006,12906,224806,26654,12855,13799
39250,243235,18400,117024,12908,224834,26656,12856,13800
39255,243266,18403,117040,12911,224862,26658,12856,13802
39260,243297,18406,117059,12913,224891,26660,12858,13802
39265,243328,18410,117074,12915,224917,26662,12860,13802
39270,243359,18413,117090,12917,224946,26664,12861,13803
39275,243390,18415,117107,12918,224975,26666,12862,13804
39280,243421,18417,117118,12918,225004,26668,12864,13804
39285,243452,18420,117135,12921,225032,26670,12865,13805
39290,243483,18423,117149,12923,225060,26673,12865,13808
39295,243514,18426,117166,12925,225088,26676,12867,13809
39300,243545,18430,117179,12928,225115,26679,12869,13810
39305,243576,18433,117192,12929,225143,26681,12869,13812
39310,243607,18437,117209,12933,225169,26683,12870,13813
39315,243638,18442,117223,12936,225196,26685,12871,13814
39320,243669,18443,117240,12936,225225,26687,12872,13815
39325,243700,18444,117253,12937,225256,26689,12873,13816
39330,243731,18445,117268,12937,225286,26691,12875,13816
39335,243762,18447,117285,12939,225315,26693,12877,13816
39340,243793,18448,117300,12940,225343,26695,12878,13817
39345,243824,18449,117311,12940,225375,26698,12880,13818
39350,243855,18451,117328,12942,225404,26701,12882,13819
39355,243886,18453,117347,12944,225433,26704,12883,13821
39360,243917,18454,117363,12945,225460,26707,12884,13823
39365,243948,18455,117379,12946,225491,26710,12887,13823
39370,243979,18456,117398,12946,225521,26713,12889,13824
39375,244010,18459,117413,12947,225550,26716,12891,13825
39380,244041,18463,117427,12950,225576,26719,12893,13826
39385,244072,18467,117440,12953,225603,26722,12895,13827
39390,244103,18470,117456,12954,225632,26725,12897,13828
39395,244134,18474,117468,12957,225659,26728,12898,13830
39400,244165,18477,117485,12960,225687,26731,12899,13832
39405,244196,18480,117501,12962,225715,26735,12902,13833
39410,244227,18482,117518,12964,225744,26739,12904,13835
39415,244258,18484,117532,12965,225773,26743,12907,13836
39420,244289,18486,117552,12966,225802,26747,12910,13837
39425,244320,18489,117566,12968,225830,26750,12912,13838
39430,244351,18492,117584,12971,225859,26753,12913,13840
39435,244382,18494,117600,12973,225888,26756,12915,13841
39440,244413,18496,117612,12974,225916,26759,12915,13844
39445,244444,18500,117626,12978,225944,26762,12917,13845
39450,244475,18503,117647,12980,225970,26765,12920,13845
39455,244506,18508,117658,12984,225998,26768,12921,13847
39460,244537,18510,117670,12985,226026,26771,12924,13847
39465,244568,18512,117685,12986,226056,26774,12925,13849
39470,244599,18513,117701,12987,226086,26777,12926,13851
39475,244630,18514,117716,12988,226116,26780,12927,13853
39480,244661,18515,117732,12989,226145,26783,12929,13854
39485,244692,18517,117752,12990,226174,26786,12930,13856
39490,244723,18520,117771,12993,226203,26789,12931,13858
39495,244754,18522,117782,12994,226230,26792,12933,13859
39500,244785,18525,117800,12996,226259,26795,12935,13860
39505,244816,18527,117816,12997,226289,26798,12936,13862
39510,244847,18528,117829,12997,226318,26801,12938,13863
39515,244878,18532,117838,12999,226346,26804,12940,13864
39520,244909,18534,117854,13000,226375,26807,12940,13867
39525,244940,18537,117870,13003,226402,26811,12942,13869
39530,244971,18539,117882,13005,226431,26815,12943,13872
39535,245002,18540,117897,13005,226461,26819,12945,13874
39540,245033,18541,117913,13006,226490,26823,12946,13877
39545,245064,18543,117925,13008,226521,26827,12947,13880
39550,245095,18544,117939,13009,226549,26831,12948,13883
39555,245126,18545,117953,13010,226580,26835,12950,13885
39560,245157,18546,117969,13010,226610,26839,12952,13887
39565,245188,18548,117985,13011,226640,26843,12954,13889
39570,245219,18550,117997,13012,226669,26847,12955,13892
39575,245250,18554,118010,13016,226695,26851,12957,13894
39580,245281,18558,118023,13018,226723,26855,12959,13896
39585,245312,18562,118041,13021,226750,26859,12962,13897
39590,245343,18565,118055,13023,226776,26863,12963,13900
39595,245374,18571,118073,13029,226801,26867,12964,13903
39600,245405,18576,118090,13032,226827,26871,12967,13904
39605,245436,18579,118104,13034,226857,26875,12969,13906
39610,245467,18582,118119,13036,226885,26879,12971,13908
39615,245498,18584,118132,13038,226913,26883,12973,13910
39620,245529,18587,118147,13041,226942,26887,12973,13914
39625,245560,18587,118162,13041,226973,26891,12977,13914
39630,245591,18587,118176,13041,227004,26895,12979,13916
39635,245622,18588,118195,13041,227033,26899,12982,13917
39640,245653,18589,118213,13042,227064,26903,12985,13918
39645,245684,18590,118230,13042,227094,26907,12988,13919
39650,245715,18591,118248,13043,227124,26911,12988,13923
39655,245746,18592,118258,13043,227153,26915,12989,13926
39660,245777,18593,118270,13044,227184,26919,12991,13928
39665,245808,18594,118287,13045,227214,26923,12994,13929
39670,245839,18596,118301,13046,227241,26927,12996,13931
39675,245870,18597,118313,13046,227272,26931,12997,13934
39680,245901,18598,118326,13047,227301,26935,12998,13937
39685,245932,18599,118342,13048,227329,26939,12999,13940
39690,245963,18604,118354,13053,227357,26943,12999,13944
39695,245994,18607,118371,13055,227384,26947,13002,13945
39700,246025,18612,118388,13059,227410,26951,13003,13948
39705,246056,18617,118404,13063,227438,26955,13006,13949
39710,246087,18618,118421,13064,227466,26959,13008,13951
39715,246118,18619,118434,13064,227498,26963,13009,13954
39720,246149,18620,118449,13064,227526,26967,13009,13958
39725,246180,18623,118461,13066,227556,26971,13011,13960
39730,246211,18627,118474,13068,227583,26975,13012,13963
39735,246242,18630,118487,13070,227611,26979,13014,13965
39740,246273,18634,118501,13074,227638,26983,13016,13967
39745,246304,18637,118511,13075,227666,26987,13017,13970
39750,246335,18641,118530,13079,227694,26991,13019,13972
39755,246366,18643,118541,13080,227722,26995,13020,13975
39760,246397,18646,118555,13081,227749,26999,13022,13977
39765,246428,18652,118563,13085,227776,27003,13024,13979
39770,246459,18655,118579,13088,227803,27007,13026,13981
39775,246490,18658,118593,13090,227831,27011,13028,13983
39780,246521,18663,118607,13093,227858,27015,13030,13985
39785,246552,18668,118625,13096,227883,27018,13031,13987
39790,246583,18669,118636,13097,227914,27021,13034,13987
39795,246614,18669,118652,13097,227945,27024,13034,13990
39800,246645,18669,118665,13097,227976,27027,13036,13991
39805,246676,18669,118678,13097,228007,27030,13037,13993
39810,246707,18669,118692,13097,228038,27033,13038,13995
39815,246738,18670,118708,13098,228068,27036,13038,13998
39820,246769,18672,118723,13100,228097,27039,13038,14001
39825,246800,18675,118738,13102,228125,27042,13038,14004
39830,246831,18677,118757,13104,228153,27045,13041,14004
39835,246862,18681,118775,13108,228181,27048,13043,14005
39840,246893,18685,118794,13112,228205,27051,13045,14006
39845,246924,18689,118810,13115,228234,27053,13046,14007
39850,246955,18689,118827,13115,228264,27055,13048,14007
39855,246986,18689,118839,13115,228296,27057,13050,14007
39860,247017,18689,118854,13115,228328,27059,13051,14008
39865,247048,18689,118866,13115,228357,27061,13052,14009
39870,247079,18689,118882,13115,228389,27063,13053,14010
39875,247110,18689,118898,13115,228421,27065,13053,14012
39880,247141,18689,118914,13115,228451,27067,13055,14012
39885,247172,18689,118931,13115,228482,27070,13057,14013
39890,247203,18689,118942,13115,228514,27073,13057,14016
39895,247234,18691,118955,13115,228543,27076,13059,14017
39900,247265,18693,118974,13116,228570,27079,13062,14017
39905,247296,18696,118991,13118,228599,27082,13063,14019
39910,247327,18699,119003,13120,228627,27085,13064,14021
39915,247358,18702,119018,13123,228655,27088,13067,14021
39920,247389,18705,119037,13125,228683,27091,13069,14022
39925,247420,18708,119054,13128,228712,27094,13069,14025
39930,247451,18710,119071,13130,228740,27097,13069,14028
39935,247482,18713,119090,13132,228769,27100,13070,14030
39940,247513,18715,119107,13132,228798,27103,13073,14030
39945,247544,18718,119121,13135,228825,27107,13073,14034
39950,247575,18723,119137,13138,228852,27111,13076,14035
39955,247606,18727,119154,13141,228879,27115,13077,14038
39960,247637,18730,119169,13143,228907,27119,13079,14040
39965,247668,18735,119183,13146,228933,27122,13079,14043
39970,247699,18738,119197,13147,228961,27125,13080,14045
39975,247730,18740,119211,13147,228990,27128,13081,14047
39980,247761,18742,119223,13148,229019,27131,13082,14049
39985,247792,18747,119239,13152,229045,27134,13083,14051
39990,247823,18751,119254,13155,229072,27137,13086,14051
39995,247854,18754,119270,13157,229099,27140,13088,14052
40000,247885,18756,119285,13158,229128,27143,13090,14053
40005,247916,18759,119301,13161,229156,27146,13091,14055
40010,247947,18764,119315,13165,229183,27149,13093,14056
40015,247978,18767,119330,13167,229210,27152,13095,14057
40020,248009,18772,119346,13171,229237,27155,13097,14058
40025,248040,18775,119363,13174,229264,27158,13100,14058
40030,248071,18777,119378,13176,229293,27161,13100,14061
40035,248102,18779,119398,13178,229323,27164,13102,14062
40040,248133,18781,119414,13180,229352,27167,13102,14065
40045,248164,18781,119433,13180,229383,27170,13104,14066
40050,248195,18781,119447,13180,229414,27173,13106,14067
40055,248226,18781,119463,13180,229445,27176,13107,14069
40060,248257,18781,119473,13180,229476,27179,13107,14072
40065,248288,18781,119487,13180,229505,27183,13109,14074
40070,248319,18781,119501,13180,229538,27187,13112,14075
40075,248350,18782,119513,13180,229567,27191,13114,14077
40080,248381,18783,119523,13180,229597,27195,13115,14080
40085,248412,18784,119536,13180,229628,27198,13115,14083
40090,248443,18785,119547,13181,229657,27201,13116,14085
40095,248474,18786,119565,13181,229687,27204,13118,14086
40100,248505,18787,119584,13181,229718,27207,13120,14087
40105,248536,18788,119594,13181,229748,27210,13122,14088
40110,248567,18789,119608,13181,229778,27213,13123,14090
40115,248598,18790,119626,13181,229808,27216,13124,14092
40120,248629,18791,119643,13181,229838,27219,13126,14093
40125,248660,18792,119653,13182,229867,27222,13127,14095
40130,248691,18795,119669,13185,229895,27225,13128,14097
40135,248722,18798,119684,13187,229924,27228,13130,14098
40140,248753,18801,119703,13190,229951,27231,13133,14098
40145,248784,18805,119717,13193,229979,27234,13135,14099
40150,248815,18808,119732,13195,230006,27237,13136,14101
40155,248846,18813,119746,13197,230032,27240,13137,14103
40160,248877,18819,119757,13200,230056,27243,13137,14106
40165,248908,18825,119769,13205,230083,27246,13138,14108
40170,248939,18828,119784,13208,230110,27249,13139,14110
40175,248970,18830,119798,13209,230140,27252,13140,14112
40180,249001,18833,119812,13210,230166,27255,13141,14114
40185,249032,18836,119827,13211,230194,27258,13141,14117
40190,249063,18838,119841,13212,230223,27262,13141,14121
40195,249094,18843,119853,13215,230250,27266,13143,14123
40200,249125,18847,119868,13217,230277,27270,13146,14124
40205,249156,18849,119880,13217,230305,27274,13147,14127
40210,249187,18853,119896,13219,230332,27278,13150,14128
40215,249218,18857,119906,13222,230361,27282,13150,14132
40220,249249,18858,119923,13223,230389,27286,13152,14134
40225,249280,18862,119936,13227,230417,27290,13152,14138
40230,249311,18865,119951,13229,230444,27294,13154,14140
40235,249342,18868,119971,13232,230472,27298,13156,14142
40240,249373,18868,119980,13232,230505,27302,13158,14144
40245,249404,18868,119998,13232,230535,27306,13161,14145
40250,249435,18868,120010,13232,230566,27310,13164,14146
40255,249466,18868,120020,13232,230598,27314,13166,14148
40260,249497,18868,120036,13232,230629,27318,13168,14150
40265,249528,18868,120050,13232,230660,27322,13171,14151
40270,249559,18868,120065,13232,230690,27326,13173,14153
40275,249590,18870,120083,13233,230719,27330,13175,14155
40280,249621,18871,120097,13233,230750,27334,13178,14156
40285,249652,18872,120111,13233,230779,27338,13181,14157
40290,249683,18874,120126,13234,230809,27342,13182,14160
40295,249714,18875,120143,13234,230839,27346,13184,14162
40300,249745,18876,120157,13235,230869,27350,13185,14165
40305,249776,18877,120169,13235,230899,27354,13186,14168
40310,249807,18878,120183,13236,230928,27358,13188,14170
40315,249838,18880,120198,13238,230956,27362,13191,14171
40320,249869,18885,120206,13241,230983,27366,13192,14174
40325,249900,18890,120224,13245,231008,27369,13194,14175
40330,249931,18895,120243,13250,231033,27372,13194,14178
40335,249962,18898,120256,13253,231064,27375,13194,14181
40340,249993,18900,120269,13254,231093,27378,13197,14181
40345,250024,18904,120287,13257,231119,27381,13199,14182
40350,250055,18908,120301,13259,231147,27384,13202,14182
40355,250086,18913,120321,13264,231172,27387,13203,14184
40360,250117,18917,120336,13267,231200,27390,13204,14186
40365,250148,18921,120352,13271,231226,27393,13204,14189
40370,250179,18926,120367,13274,231253,27396,13207,14189
40375,250210,18932,120380,13278,231277,27399,13208,14191
40380,250241,18936,120391,13280,231304,27402,13209,14193
40385,250272,18940,120405,13282,231332,27404,13211,14193
40390,250303,18942,120420,13284,231360,27406,13212,14194
40395,250334,18943,120436,13285,231389,27408,13213,14195
40400,250365,18944,120454,13286,231420,27410,13214,14196
40405,250396,18944,120470,13286,231451,27412,13214,14198
40410,250427,18944,120483,13286,231481,27414,13215,14199
40415,250458,18944,120495,13286,231514,27416,13216,14200
40420,250489,18944,120513,13286,231545,27418,13217,14201
40425,250520,18944,120532,13286,231576,27421,13219,14202
40430,250551,18944,120549,13286,231607,27424,13221,14203
40435,250582,18944,120560,13286,231637,27427,13222,14205
40440,250613,18945,120575,13286,231668,27430,13222,14208
40445,250644,18947,120592,13287,231696,27433,13224,14209
40450,250675,18950,120608,13290,231725,27436,13226,14210
40455,250706,18952,120621,13292,231753,27439,13228,14211
40460,250737,18954,120630,13293,231782,27442,13229,14213
40465,250768,18957,120649,13296,231810,27445,13229,14216
40470,250799,18959,120662,13297,231839,27448,13230,14218
40475,250830,18963,120675,13300,231866,27451,13230,14221
40480,250861,18966,120689,13303,231895,27454,13230,14224
40485,250892,18966,120702,13303,231926,27458,13232,14226
40490,250923,18966,120718,13303,231956,27462,13234,14228
40495,250954,18967,120737,13304,231986,27466,13237,14229
40500,250985,18969,120750,13306,232016,27470,13238,14232
40505,251016,18971,120763,13308,232045,27473,13239,14234
40510,251047,18973,120775,13309,232073,27476,13239,14237
40515,251078,18975,120786,13311,232102,27479,13240,14239
40520,251109,18977,120804,13312,232131,27482,13241,14241
40525,251140,18981,120823,13315,232158,27485,13241,14244
40530,251171,18983,120839,13317,232188,27488,13242,14246
40535,251202,18985,120848,13318,232217,27491,13243,14248
40540,251233,18987,120864,13318,232246,27494,13244,14250
40545,251264,18990,120880,13321,232274,27497,13244,14253
40550,251295,18994,120892,13323,232301,27500,13245,14255
40555,251326,18998,120910,13326,232326,27503,13247,14256
40560,251357,19005,120928,13332,232352,27506,13248,14258
40565,251388,19006,120945,13332,232382,27509,13251,14258
40570,251419,19007,120961,13333,232412,27512,13252,14260
40575,251450,19008,120980,13334,232442,27515,13254,14261
40580,251481,19009,120994,13335,232472,27518,13256,14262
40585,251512,19010,121008,13335,232502,27521,13256,14265
40590,251543,19012,121018,13336,232531,27524,13257,14267
40595,251574,19014,121032,13338,232560,27527,13259,14268
40600,251605,19016,121048,13339,232589,27530,13260,14270
40605,251636,19019,121058,13340,232617,27534,13262,14272
40610,251667,19022,121068,13342,232645,27538,13263,14275
40615,251698,19026,121081,13345,232672,27542,13265,14277
40620,251729,19028,121098,13346,232701,27546,13268,14278
40625,251760,19033,121117,13351,232726,27550,13270,14280
40630,251791,19038,121129,13355,232751,27554,13272,14282
40635,251822,19044,121146,13361,232776,27558,13273,14285
40640,251853,19049,121158,13364,232803,27562,13275,14287
40645,251884,19051,121175,13366,232830,27566,13277,14289
40650,251915,19053,121189,13367,232860,27570,13279,14291
40655,251946,19054,121206,13368,232890,27574,13281,14293
40660,251977,19055,121225,13368,232921,27578,13284,14294
40665,252008,19057,121244,13370,232948,27582,13287,14295
40670,252039,19060,121257,13372,232978,27586,13289,14297
40675,252070,19063,121272,13374,233006,27590,13290,14300
40680,252101,19064,121282,13375,233037,27594,13293,14301
40685,252132,19065,121298,13375,233067,27598,13296,14302
40690,252163,19066,121317,13375,233097,27602,13297,14305
40695,252194,19068,121334,13377,233126,27606,13298,14308
40700,252225,19070,121352,13379,233155,27610,13301,14309
40705,252256,19072,121366,13380,233184,27614,13304,14310
40710,252287,19074,121381,13381,233213,27618,13306,14312
40715,252318,19076,121391,13382,233242,27622,13308,14314
40720,252349,19078,121404,13383,233271,27626,13309,14317
40725,252380,19080,121416,13385,233300,27630,13310,14320
40730,252411,19083,121430,13387,233328,27634,13312,14322
40735,252442,19085,121441,13389,233357,27638,13313,14325
40740,252473,19088,121458,13391,233385,27642,13314,14328
40745,252504,19088,121469,13391,233415,27646,13316,14330
40750,252535,19090,121484,13392,233445,27650,13319,14331
40755,252566,19092,121501,13394,233473,27654,13322,14332
40760,252597,19095,121517,13397,233501,27658,13324,14334
40765,252628,19099,121534,13401,233528,27662,13326,14336
40770,252659,19103,121552,13404,233554,27666,13329,14337
40775,252690,19107,121566,13408,233581,27670,13330,14340
40780,252721,19110,121580,13411,233611,27674,13331,14343
40785,252752,19111,121597,13412,233641,27678,13333,14345
40790,252783,19112,121607,13412,233671,27682,13335,14347
40795,252814,19113,121621,13412,233700,27686,13336,14350
40800,252845,19114,121640,13412,233730,27690,13338,14352
40805,252876,19115,121659,13413,233760,27694,13341,14353
40810,252907,19116,121676,13414,233789,27698,13341,14357
40815,252938,19117,121691,13415,233820,27702,13343,14359
40820,252969,19118,121710,13415,233850,27706,13346,14360
40825,253000,19119,121727,13416,233880,27710,13348,14362
40830,253031,19120,121742,13417,233910,27714,13351,14363
40835,253062,19121,121753,13418,233941,27718,13352,14366
40840,253093,19122,121766,13418,233969,27722,13355,14367
40845,253124,19124,121782,13419,233998,27726,13357,14369
40850,253155,19126,121792,13420,234027,27730,13360,14370
40855,253186,19128,121802,13421,234058,27734,13361,14373
40860,253217,19131,121817,13423,234085,27738,13364,14374
40865,253248,19134,121829,13424,234114,27742,13366,14376
40870,253279,19137,121846,13426,234142,27746,13368,14378
40875,253310,19140,121862,13427,234170,27750,13369,14381
40880,253341,19144,121881,13430,234196,27754,13370,14384
40885,253372,19149,121892,13433,234223,27758,13373,14385
40890,253403,19153,121902,13436,234250,27762,13375,14387
40895,253434,19157,121917,13438,234277,27766,13377,14389
40900,253465,19161,121929,13441,234304,27770,13378,14392
40905,253496,19163,121941,13441,234333,27774,13380,14394
40910,253527,19166,121957,13443,234360,27778,13381,14397
40915,253558,19171,121971,13448,234386,27782,13383,14399
40920,253589,19176,121990,13452,234412,27786,13387,14399
40925,253620,19180,122004,13456,234439,27788,13388,14400
40930,253651,19184,122022,13459,234466,27790,13390,14400
40935,253682,19187,122033,13460,234493,27792,13391,14401
40940,253713,19192,122049,13464,234519,27794,13392,14402
40945,253744,19196,122063,13467,234546,27796,13393,14403
40950,253775,19202,122078,13472,234573,27798,13394,14404
40955,253806,19204,122096,13473,234602,27800,13394,14406
40960,253837,19204,122110,13473,234632,27802,13395,14407
40965,253868,19204,122127,13473,234663,27804,13396,14408
40970,253899,19204,122142,13473,234694,27806,13398,14408
40975,253930,19204,122157,13473,234725,27808,13398,14410
40980,253961,19204,122168,13473,234757,27810,13399,14411
40985,253992,19204,122180,13473,234787,27811,13399,14412
40990,254023,19204,122196,13473,234818,27812,13399,14413
40995,254054,19204,122212,13473,234847,27813,13399,14414
41000,254085,19204,122229,13473,234880,27814,13399,14415
41005,254116,19205,122246,13473,234908,27815,13400,14415
41010,254147,19206,122265,13474,234939,27816,13400,14416
41015,254178,19207,122280,13475,234970,27817,13401,14416
41020,254209,19208,122291,13475,235001,27818,13401,14417
41025,254240,19209,122306,13476,235031,27821,13401,14420
41030,254271,19210,122314,13477,235061,27824,13401,14423
41035,254302,19211,122325,13477,235091,27827,13401,14426
41040,254333,19213,122337,13478,235120,27830,13403,14427
41045,254364,19216,122352,13480,235148,27832,13403,14429
41050,254395,19219,122367,13481,235175,27834,13403,14431
41055,254426,19222,122378,13482,235203,27836,13403,14433
41060,254457,19225,122392,13484,235232,27838,13404,14434
41065,254488,19228,122410,13486,235260,27840,13406,14434
41070,254519,19232,122426,13487,235287,27842,13407,14435
41075,254550,19236,122443,13490,235313,27844,13408,14436
41080,254581,19240,122462,13492,235341,27846,13410,14436
41085,254612,19244,122474,13494,235367,27848,13411,14437
41090,254643,19249,122487,13498,235393,27851,13411,14440
41095,254674,19254,122502,13500,235419,27854,13413,14441
41100,254705,19259,122512,13504,235446,27857,13414,14443
41105,254736,19263,122529,13505,235472,27860,13415,14445
41110,254767,19268,122545,13509,235499,27863,13418,14445
41115,254798,19272,122556,13511,235525,27866,13421,14445
41120,254829,19276,122570,13514,235551,27869,13423,14446
41125,254860,19283,122582,13520,235576,27872,13425,14447
41130,254891,19284,122598,13520,235605,27875,13426,14449
41135,254922,19287,122618,13523,235634,27878,13429,14449
41140,254953,19289,122631,13525,235663,27881,13431,14450
41145,254984,19290,122646,13525,235691,27885,13433,14452
41150,255015,19295,122661,13529,235720,27889,13435,14454
41155,255046,19295,122676,13529,235750,27893,13438,14455
41160,255077,19295,122692,13529,235781,27897,13440,14457
41165,255108,19295,122707,13529,235813,27901,13442,14459
41170,255139,19295,122721,13529,235843,27905,13445,14460
41175,255170,19295,122739,13529,235875,27909,13447,14462
41180,255201,19295,122752,13529,235905,27913,13448,14465
41185,255232,19295,122764,13529,235936,27917,13448,14469
41190,255263,19295,122775,13529,235967,27921,13449,14472
41195,255294,19295,122793,13529,235998,27925,13450,14475
41200,255325,19295,122807,13529,236030,27929,13452,14477
41205,255356,19295,122824,13529,236060,27933,13454,14479
41210,255387,19295,122835,13529,236092,27937,13456,14481
41215,255418,19296,122849,13530,236122,27941,13458,14483
41220,255449,19297,122865,13531,236152,27945,13460,14485
41225,255480,19298,122874,13531,236182,27949,13461,14488
41230,255511,19299,122889,13531,236211,27953,13462,14491
41235,255542,19303,122905,13533,236238,27957,13464,14493
41240,255573,19306,122918,13535,236267,27961,13467,14494
41245,255604,19308,122935,13537,236295,27965,13468,14497
41250,255635,19313,122951,13540,236321,27969,13468,14501
41255,255666,19318,122967,13544,236347,27973,13470,14503
41260,255697,19326,122984,13551,236371,27977,13472,14505
41265,255728,19331,122996,13554,236396,27981,13474,14507
41270,255759,19336,123009,13557,236422,27985,13475,14510
41275,255790,19339,123022,13559,236451,27989,13477,14512
41280,255821,19345,123039,13564,236474,27993,13478,14515
41285,255852,19348,123054,13566,236503,27997,13480,14517
41290,255883,19351,123068,13568,236531,28001,13482,14519
41295,255914,19354,123084,13569,236559,28005,13485,14520
41300,255945,19357,123102,13570,236587,28009,13488,14521
41305,255976,19360,123122,13572,236615,28013,13492,14521
41310,256007,19363,123137,13575,236644,28017,13494,14523
41315,256038,19366,123150,13576,236672,28021,13496,14525
41320,256069,19368,123163,13576,236701,28025,13497,14528
41325,256100,19372,123174,13579,236728,28029,13498,14531
41330,256131,19374,123194,13581,236756,28033,13501,14532
41335,256162,19379,123212,13585,236781,28037,13504,14533
41340,256193,19384,123224,13588,236808,28041,13505,14536
41345,256224,19384,123234,13588,236840,28045,13507,14538
41350,256255,19384,123251,13588,236870,28049,13509,14540
41355,256286,19384,123271,13588,236901,28053,13512,14541
41360,256317,19384,123287,13588,236933,28057,13515,14542
41365,256348,19384,123299,13588,236962,28061,13517,14544
41370,256379,19384,123312,13588,236994,28065,13518,14547
41375,256410,19384,123332,13588,237025,28069,13520,14549
41380,256441,19386,123348,13589,237054,28073,13523,14550
41385,256472,19387,123366,13590,237083,28077,13525,14552
41390,256503,19391,123383,13593,237112,28081,13526,14555
41395,256534,19393,123398,13595,237141,28085,13527,14558
41400,256565,19394,123414,13595,237171,28089,13529,14560
41405,256596,19395,123427,13596,237201,28093,13533,14560
41410,256627,19397,123440,13598,237230,28097,13535,14562
41415,256658,19399,123449,13599,237259,28101,13537,14564
41420,256689,19402,123467,13602,237286,28105,13538,14567
41425,256720,19407,123482,13607,237313,28109,13541,14568
41430,256751,19407,123496,13607,237344,28113,13542,14571
41435,256782,19407,123511,13607,237375,28117,13543,14574
41440,256813,19407,123529,13607,237406,28121,13545,14576
41445,256844,19407,123541,13607,237437,28125,13549,14576
41450,256875,19409,123553,13607,237464,28129,13549,14580
41455,256906,19411,123562,13609,237493,28133,13551,14582
41460,256937,19416,123579,13613,237519,28137,13553,14584
41465,256968,19418,123593,13614,237549,28140,13555,14585
41470,256999,19420,123607,13614,237579,28143,13556,14587
41475,257030,19422,123621,13616,237608,28146,13557,14589
41480,257061,19426,123636,13619,237635,28149,13558,14591
41485,257092,19430,123654,13622,237662,28152,13559,14593
41490,257123,19432,123667,13623,237691,28155,13561,14594
41495,257154,19436,123680,13626,237718,28158,13561,14597
41500,257185,19440,123693,13629,237745,28161,13562,14599
41505,257216,19444,123711,13632,237770,28164,13564,14600
41510,257247,19448,123724,13636,237798,28167,13565,14602
41515,257278,19450,123741,13637,237826,28170,13566,14604
41520,257309,19453,123755,13640,237853,28173,13568,14605
41525,257340,19456,123766,13642,237883,28175,13568,14607
41530,257371,19458,123778,13643,237912,28177,13569,14608
41535,257402,19460,123789,13643,237940,28179,13569,14610
41540,257433,19464,123810,13646,237968,28181,13571,14610
41545,257464,19468,123824,13649,237994,28183,13571,14612
41550,257495,19471,123840,13652,238024,28185,13572,14613
41555,257526,19473,123857,13653,238053,28187,13572,14615
41560,257557,19475,123873,13654,238080,28189,13573,14616
41565,257588,19479,123889,13658,238107,28192,13575,14617
41570,257619,19484,123905,13662,238134,28195,13577,14618
41575,257650,19487,123917,13664,238160,28198,13578,14620
41580,257681,19491,123934,13668,238188,28201,13580,14621
41585,257712,19491,123951,13668,238220,28204,13582,14622
41590,257743,19491,123966,13668,238251,28207,13583,14624
41595,257774,19491,123985,13668,238283,28210,13585,14625
41600,257805,19491,123997,13668,238314,28213,13585,14628
41605,257836,19491,124014,13668,238345,28216,13586,14630
41610,257867,19491,124022,13668,238376,28219,13586,14633
41615,257898,19491,124037,13668,238407,28222,13587,14635
41620,257929,19491,124048,13668,238438,28225,13587,14638
41625,257960,19492,124057,13668,238468,28229,13589,14640
41630,257991,19493,124068,13669,238498,28233,13591,14642
41635,258022,19494,124087,13669,238528,28237,13594,14643
41640,258053,19496,124103,13671,238557,28241,13597,14644
41645,258084,19499,124117,13674,238585,28244,13597,14647
41650,258115,19500,124128,13675,238615,28247,13598,14649
41655,258146,19503,124146,13677,238643,28250,13599,14651
41660,258177,19507,124162,13680,238670,28253,13600,14653
41665,258208,19510,124180,13683,238697,28256,13601,14655
41670,258239,19513,124197,13686,238725,28259,13603,14656
41675,258270,19516,124209,13688,238754,28262,13604,14658
41680,258301,19518,124222,13689,238783,28265,13606,14659
41685,258332,19521,124234,13691,238811,28268,13607,14661
41690,258363,19526,124245,13694,238834,28271,13607,14664
41695,258394,19533,124263,13701,238860,28274,13609,14665
41700,258425,19537,124275,13704,238885,28277,13610,14667
41705,258456,19543,124294,13709,238911,28280,13612,14668
41710,258487,19548,124306,13712,238938,28283,13612,14671
41715,258518,19552,124323,13716,238966,28286,13612,14674
41720,258549,19553,124341,13717,238994,28289,13613,14676
41725,258580,19554,124362,13718,239024,28292,13615,14677
41730,258611,19555,124377,13718,239056,28295,13616,14679
41735,258642,19556,124391,13718,239086,28298,13618,14680
41740,258673,19557,124404,13718,239116,28301,13619,14682
41745,258704,19558,124418,13718,239144,28305,13622,14683
41750,258735,19559,124434,13719,239175,28309,13624,14685
41755,258766,19560,124450,13720,239205,28313,13627,14686
41760,258797,19561,124466,13721,239236,28317,13630,14687
41765,258828,19562,124478,13722,239266,28321,13630,14691
41770,258859,19563,124490,13723,239296,28325,13631,14694
41775,258890,19565,124513,13725,239325,28329,13634,14695
41780,258921,19566,124530,13726,239355,28333,13636,14697
41785,258952,19568,124544,13727,239384,28337,13636,14701
41790,258983,19570,124559,13728,239413,28341,13636,14705
41795,259014,19572,124579,13729,239442,28345,13638,14707
41800,259045,19573,124589,13729,239472,28349,13640,14709
41805,259076,19575,124602,13730,239501,28353,13641,14712
41810,259107,19577,124622,13731,239530,28357,13644,14713
41815,259138,19579,124637,13732,239559,28361,13644,14717
41820,259169,19582,124651,13733,239587,28365,13645,14720
41825,259200,19585,124664,13733,239615,28368,13645,14723
41830,259231,19590,124679,13736,239641,28371,13647,14724
41835,259262,19594,124695,13737,239668,28374,13649,14725
41840,259293,19600,124713,13741,239692,28377,13650,14727
41845,259324,19607,124729,13746,239717,28380,13651,14729
41850,259355,19610,124745,13748,239745,28383,13652,14731
41855,259386,19612,124756,13748,239774,28386,13653,14733
41860,259417,19614,124774,13750,239803,28389,13654,14735
41865,259448,19619,124790,13755,239828,28392,13656,14736
41870,259479,19626,124805,13761,239851,28395,13658,14737
41875,259510,19632,124822,13766,239878,28398,13660,14738
41880,259541,19633,124839,13767,239905,28401,13660,14741
41885,259572,19637,124851,13770,239934,28404,13661,14743
41890,259603,19640,124869,13773,239962,28407,13663,14744
41895,259634,19642,124886,13775,239991,28410,13664,14746
41900,259665,19642,124905,13775,240022,28413,13665,14748
41905,259696,19642,124921,13775,240052,28416,13667,14749
41910,259727,19642,124934,13775,240083,28419,13669,14750
41915,259758,19642,124949,13775,240113,28422,13669,14753
41920,259789,19642,124964,13775,240145,28425,13672,14753
41925,259820,19642,124977,13775,240178,28428,13675,14753
41930,259851,19642,124989,13775,240209,28432,13677,14755
41935,259882,19642,125008,13775,240240,28436,13679,14757
41940,259913,19642,125022,13775,240271,28440,13679,14761
41945,259944,19642,125033,13775,240302,28444,13680,14764
41950,259975,19642,125047,13775,240333,28448,13680,14768
41955,260006,19643,125065,13776,240363,28452,13681,14771
41960,260037,19644,125080,13776,240393,28456,13684,14772
41965,260068,19645,125097,13776,240423,28460,13687,14773
41970,260099,19646,125111,13777,240453,28464,13689,14775
41975,260130,19647,125129,13778,240483,28468,13692,14776
41980,260161,19648,125146,13779,240511,28472,13693,14779
41985,260192,19653,125162,13784,240538,28476,13695,14781
41990,260223,19657,125177,13788,240565,28480,13696,14784
41995,260254,19663,125194,13793,240589,28484,13697,14787
42000,260285,19668,125210,13796,240615,28488,13699,14789
42005,260316,19675,125223,13801,240640,28491,13699,14792
42010,260347,19683,125240,13808,240663,28494,13701,14793
42015,260378,19689,125260,13814,240688,28497,13703,14794
42020,260409,19695,125278,13819,240713,28500,13705,14795
42025,260440,19701,125296,13823,240739,28503,13707,14796
42030,260471,19703,125311,13824,240768,28506,13709,14797
42035,260502,19706,125325,13825,240795,28509,13710,14799
42040,260533,19710,125342,13827,240821,28512,13712,14800
42045,260564,19714,125357,13829,240847,28515,13714,14801
42050,260595,19718,125369,13832,240875,28518,13715,14803
42055,260626,19721,125386,13835,240904,28521,13716,14805
42060,260657,19721,125399,13835,240936,28524,13717,14807
42065,260688,19721,125415,13835,240967,28526,13717,14809
42070,260719,19721,125433,13835,240998,28528,13718,14810
42075,260750,19721,125450,13835,241028,28530,13719,14811
42080,260781,19721,125467,13835,241060,28532,13720,14812
42085,260812,19721,125482,13835,241090,28534,13721,14813
42090,260843,19721,125501,13835,241120,28536,13723,14813
42095,260874,19721,125517,13835,241151,28538,13723,14815
42100,260905,19721,125529,13835,241183,28540,13724,14816
42105,260936,19721,125544,13835,241215,28543,13726,14817
42110,260967,19721,125561,13835,241245,28546,13726,14820
42115,260998,19721,125574,13835,241276,28549,13727,14822
42120,261029,19721,125589,13835,241308,28552,13729,14823
42125,261060,19721,125606,13835,241339,28555,13729,14826
42130,261091,19721,125622,13835,241369,28558,13730,14828
42135,261122,19723,125637,13836,241397,28561,13733,14828
42140,261153,19727,125653,13840,241425,28564,13734,14830
42145,261184,19730,125671,13843,241453,28567,13736,14831
42150,261215,19733,125689,13846,241480,28570,13737,14833
42155,261246,19738,125703,13851,241507,28573,13738,14835
42160,261277,19742,125715,13854,241534,28576,13738,14838
42165,261308,19747,125731,13857,241561,28580,13741,14839
42170,261339,19749,125743,13857,241590,28584,13742,14842
42175,261370,19751,125755,13857,241619,28588,13743,14845
42180,261401,19754,125774,13860,241647,28592,13746,14846
42185,261432,19756,125787,13861,241676,28596,13749,14847
42190,261463,19758,125802,13862,241705,28600,13752,14848
42195,261494,19761,125817,13865,241733,28604,13753,14851
42200,261525,19763,125834,13866,241762,28608,13756,14852
42205,261556,19766,125849,13869,241789,28612,13759,14853
42210,261587,19769,125864,13872,241818,28616,13761,14855
42215,261618,19772,125879,13874,241845,28620,13763,14857
42220,261649,19775,125895,13877,241871,28624,13766,14858
42225,261680,19780,125911,13882,241898,28628,13768,14860
42230,261711,19785,125928,13887,241924,28632,13771,14861
42235,261742,19789,125941,13889,241952,28636,13773,14863
42240,261773,19790,125956,13890,241982,28640,13776,14864
42245,261804,19791,125978,13891,242012,28643,13778,14865
42250,261835,19793,125999,13893,242042,28646,13779,14867
42255,261866,19795,126018,13894,242071,28649,13781,14868
42260,261897,19796,126034,13895,242101,28652,13782,14870
42265,261928,19797,126052,13895,242131,28655,13783,14872
42270,261959,19799,126069,13896,242159,28658,13784,14874
42275,261990,19802,126087,13899,242187,28661,13787,14874
42280,262021,19806,126102,13902,242215,28664,13789,14875
42285,262052,19808,126118,13902,242242,28667,13791,14876
42290,262083,19812,126133,13905,242270,28670,13792,14878
42295,262114,19816,126151,13908,242298,28673,13792,14881
42300,262145,19818,126165,13909,242326,28676,13793,14883
42305,262176,19821,126177,13910,242354,28679,13794,14885
42310,262207,19824,126189,13911,242382,28682,13795,14887
42315,262238,19827,126205,13913,242410,28685,13797,14888
42320,262269,19830,126222,13916,242437,28688,13800,14888
42325,262300,19834,126239,13919,242465,28691,13802,14889
42330,262331,19838,126251,13922,242493,28694,13802,14892
42335,262362,19841,126273,13925,242520,28697,13803,14894
42340,262393,19842,126287,13925,242551,28700,13805,14895
42345,262424,19844,126300,13926,242580,28704,13808,14896
42350,262455,19845,126313,13927,242610,28708,13811,14897
42355,262486,19846,126331,13928,242639,28712,13814,14898
42360,262517,19847,126348,13929,242669,28716,13816,14900
42365,262548,19848,126361,13930,242699,28720,13817,14903
42370,262579,19849,126378,13930,242729,28724,13820,14904
42375,262610,19850,126397,13930,242760,28728,13822,14906
42380,262641,19851,126414,13931,242790,28732,13822,14910
42385,262672,19852,126435,13932,242820,28736,13825,14911
42390,262703,19853,126450,13933,242850,28740,13828,14912
42395,262734,19854,126465,13934,242880,28744,13829,14915
42400,262765,19856,126484,13935,242909,28748,13831,14917
42405,262796,19858,126499,13936,242938,28752,13831,14921
42410,262827,19860,126515,13937,242967,28756,13832,14924
42415,262858,19861,126531,13938,242997,28760,13832,14928
42420,262889,19862,126546,13938,243027,28764,13834,14930
42425,262920,19864,126555,13940,243056,28768,13836,14932
42430,262951,19867,126575,13942,243084,28772,13838,14934
42435,262982,19871,126589,13945,243111,28776,13838,14938
42440,263013,19874,126603,13948,243139,28780,13840,14940
42445,263044,19877,126621,13950,243165,28784,13843,14941
42450,263075,19881,126635,13952,243191,28788,13846,14942
42455,263106,19884,126654,13955,243220,28792,13849,14943
42460,263137,19887,126674,13958,243248,28796,13852,14944
42465,263168,19890,126689,13961,243278,28800,13854,14946
42470,263199,19893,126704,13963,243305,28804,13857,14947
42475,263230,19895,126719,13964,243333,28808,13858,14950
42480,263261,19898,126731,13966,243363,28812,13860,14952
42485,263292,19903,126747,13970,243388,28816,13862,14954
42490,263323,19908,126764,13974,243414,28820,13864,14956
42495,263354,19913,126783,13978,243437,28824,13868,14956
42500,263385,19916,126796,13981,243468,28828,13869,14959
42505,263416,19917,126812,13981,243498,28832,13873,14959
42510,263447,19919,126830,13983,243528,28836,13873,14963
42515,263478,19921,126846,13985,243557,28840,13877,14963
42520,263509,19924,126865,13987,243585,28844,13880,14964
42525,263540,19926,126887,13989,243613,28848,13883,14965
42530,263571,19930,126903,13992,243641,28852,13886,14966
42535,263602,19932,126914,13993,243670,28856,13887,14969
42540,263633,19933,126929,13994,243700,28860,13889,14971
42545,263664,19933,126942,13994,243731,28863,13891,14972
42550,263695,19933,126957,13994,243762,28866,13893,14973
42555,263726,19933,126971,13994,243793,28869,13895,14974
42560,263757,19934,126984,13994,243823,28872,13896,14976
42565,263788,19935,126998,13995,243853,28875,13896,14979
42570,263819,19936,127005,13995,243883,28878,13896,14982
42575,263850,19937,127020,13995,243913,28881,13897,14984
42580,263881,19938,127033,13995,243943,28884,13898,14986
42585,263912,19939,127046,13996,243973,28887,13898,14989
42590,263943,19940,127053,13996,244003,28890,13899,14991
42595,263974,19941,127066,13996,244033,28893,13900,14993
42600,264005,19942,127083,13997,244063,28896,13902,14994
42605,264036,19946,127096,14000,244089,28899,13904,14995
42610,264067,19951,127109,14003,244115,28902,13904,14998
42615,264098,19955,127127,14006,244140,28905,13907,14998
42620,264129,19962,127144,14012,244165,28908,13910,14998
42625,264160,19967,127157,14015,244193,28911,13912,14999
42630,264191,19973,127179,14021,244215,28914,13914,15000
42635,264222,19980,127193,14026,244241,28917,13914,15003
42640,264253,19982,127209,14027,244269,28920,13916,15004
42645,264284,19983,127227,14028,244301,28924,13920,15004
42650,264315,19984,127248,14029,244329,28928,13922,15006
42655,264346,19985,127261,14030,244361,28932,13922,15010
42660,264377,19986,127277,14031,244390,28936,13923,15013
42665,264408,19987,127289,14032,244419,28938,13924,15014
42670,264439,19988,127306,14033,244451,28940,13925,15015
42675,264470,19989,127315,14034,244479,28942,13926,15016
42680,264501,19990,127332,14034,244508,28944,13927,15017
42685,264532,19991,127346,14035,244540,28946,13929,15017
42690,264563,19993,127360,14036,244567,28948,13931,15017
42695,264594,19995,127377,14037,244599,28950,13931,15019
42700,264625,19997,127392,14039,244628,28952,13933,15019
42705,264656,19999,127411,14041,244657,28954,13934,15020
42710,264687,20000,127426,14041,244687,28956,13935,15021
42715,264718,20002,127440,14043,244716,28958,13936,15022
42720,264749,20004,127457,14044,244745,28960,13936,15024
42725,264780,20005,127471,14045,244775,28962,13937,15025
42730,264811,20008,127488,14047,244802,28964,13938,15026
42735,264842,20011,127500,14049,244830,28966,13939,15027
42740,264873,20013,127514,14051,244859,28968,13939,15029
42745,264904,20016,127529,14053,244887,28970,13941,15029
42750,264935,20019,127544,14055,244914,28972,13941,15031
42755,264966,20024,127554,14058,244942,28974,13941,15033
42760,264997,20026,127568,14059,244971,28976,13942,15034
42765,265028,20028,127577,14061,244999,28979,13942,15037
42770,265059,20031,127588,14064,245027,28983,13943,15040
42775,265090,20035,127601,14067,245055,28987,13943,15044
42780,265121,20039,127617,14069,245081,28991,13945,15046
42785,265152,20045,127639,14074,245107,28995,13948,15047
42790,265183,20047,127656,14076,245136,28999,13951,15048
42795,265214,20049,127669,14077,245165,29003,13953,15050
42800,265245,20050,127685,14078,245194,29007,13956,15051
42805,265276,20052,127695,14079,245222,29011,13957,15054
42810,265307,20053,127712,14079,245251,29015,13960,15055
42815,265338,20055,127725,14081,245283,29019,13962,15057
42820,265369,20057,127742,14083,245310,29023,13964,15059
42825,265400,20058,127755,14084,245338,29027,13965,15062
42830,265431,20062,127766,14087,245368,29031,13966,15065
42835,265462,20065,127782,14090,245396,29035,13969,15066
42840,265493,20066,127797,14091,245427,29039,13972,15067
42845,265524,20067,127810,14091,245456,29042,13974,15068
42850,265555,20068,127824,14092,245487,29045,13976,15069
42855,265586,20069,127838,14093,245516,29048,13978,15070
42860,265617,20070,127851,14094,245547,29051,13979,15072
42865,265648,20071,127868,14094,245577,29054,13981,15073
42870,265679,20072,127888,14094,245606,29057,13984,15073
42875,265710,20073,127901,14094,245637,29060,13984,15076
42880,265741,20074,127913,14095,245666,29063,13987,15076
42885,265772,20075,127935,14095,245697,29066,13989,15077
42890,265803,20077,127949,14097,245726,29069,13991,15078
42895,265834,20079,127966,14098,245753,29072,13994,15078
42900,265865,20083,127981,14102,245781,29075,13996,15079
42905,265896,20086,128001,14105,245810,29078,13998,15080
42910,265927,20088,128016,14107,245839,29081,13999,15082
42915,265958,20090,128030,14107,245868,29084,14000,15084
42920,265989,20092,128049,14109,245897,29087,14002,15085
42925,266020,20095,128067,14111,245925,29090,14003,15087
42930,266051,20098,128084,14113,245953,29093,14003,15090
42935,266082,20100,128103,14114,245982,29096,14005,15091
42940,266113,20102,128114,14115,246011,29099,14006,15093
42945,266144,20107,128129,14118,246036,29103,14008,15095
42950,266175,20115,128144,14124,246055,29107,14009,15098
42955,266206,20125,128156,14133,246079,29111,14010,15101
42960,266237,20128,128170,14135,246107,29115,14013,15102
42965,266268,20132,128188,14139,246135,29119,14016,15103
42970,266299,20133,128196,14139,246166,29123,14017,15106
42975,266330,20134,128209,14140,246196,29127,14019,15108
42980,266361,20137,128224,14142,246224,29131,14021,15110
42985,266392,20141,128247,14146,246251,29135,14023,15112
42990,266423,20143,128266,14147,246280,29139,14026,15113
42995,266454,20147,128281,14150,246307,29143,14028,15115
43000,266485,20148,128298,14151,246337,29147,14031,15116
43005,266516,20150,128315,14153,246366,29151,14031,15120
43010,266547,20152,128330,14155,246395,29155,14032,15123
43015,266578,20154,128338,14156,246423,29159,14034,15125
43020,266609,20154,128354,14156,246454,29163,14036,15127
43025,266640,20154,128370,14156,246485,29167,14038,15129
43030,266671,20154,128386,14156,246516,29171,14042,15129
43035,266702,20154,128403,14156,246547,29175,14043,15132
43040,266733,20154,128415,14156,246577,29179,14044,15135
43045,266764,20154,128431,14156,246609,29183,14046,15137
43050,266795,20154,128450,14156,246639,29187,14048,15139
43055,266826,20154,128464,14156,246671,29191,14050,15141
43060,266857,20154,128479,14156,246701,29195,14053,15142
43065,266888,20158,128495,14160,246729,29199,14057,15142
43070,266919,20165,128508,14166,246753,29203,14058,15145
43075,266950,20169,128524,14168,246780,29207,14061,15146
43080,266981,20173,128541,14171,246805,29211,14062,15149
43085,267012,20177,128556,14174,246834,29214,14064,15150
43090,267043,20178,128574,14174,246865,29217,14067,15150
43095,267074,20179,128590,14174,246894,29220,14068,15152
43100,267105,20180,128611,14175,246924,29223,14070,15153
43105,267136,20181,128625,14175,246954,29226,14071,15155
43110,267167,20182,128640,14175,246984,29229,14073,15156
43115,267198,20183,128655,14175,247014,29232,14074,15158
43120,267229,20187,128669,14179,247040,29235,14075,15160
43125,267260,20192,128685,14182,247067,29238,14075,15163
43130,267291,20195,128698,14184,247095,29241,14078,15163
43135,267322,20199,128710,14187,247123,29244,14078,15166
43140,267353,20203,128726,14190,247150,29247,14080,15167
43145,267384,20205,128738,14191,247179,29250,14083,15167
43150,267415,20209,128753,14195,247206,29253,14083,15170
43155,267446,20212,128767,14196,247234,29256,14086,15170
43160,267477,20215,128782,14198,247262,29259,14087,15172
43165,267508,20220,128795,14202,247288,29262,14088,15174
43170,267539,20223,128808,14204,247316,29265,14090,15175
43175,267570,20224,128818,14204,247343,29268,14091,15177
43180,267601,20228,128832,14208,247372,29271,14093,15178
43185,267632,20228,128847,14208,247402,29275,14097,15178
43190,267663,20229,128861,14209,247433,29279,14100,15179
43195,267694,20231,128879,14210,247461,29283,14102,15181
43200,267725,20233,128896,14212,247490,29287,14103,15184
43205,267756,20237,128915,14215,247516,29291,14106,15185
43210,267787,20239,128934,14217,247545,29295,14108,15187
43215,267818,20242,128948,14220,247574,29299,14108,15191
43220,267849,20245,128968,14223,247603,29303,14110,15193
43225,267880,20249,128983,14226,247630,29307,14112,15195
43230,267911,20249,128995,14226,247661,29311,14115,15196
43235,267942,20249,129010,14226,247691,29315,14115,15200
43240,267973,20249,129025,14226,247723,29319,14118,15201
43245,268004,20249,129039,14226,247754,29323,14119,15204
43250,268035,20249,129057,14226,247786,29327,14121,15206
43255,268066,20249,129070,14226,247816,29331,14124,15207
43260,268097,20249,129084,14226,247848,29335,14126,15209
43265,268128,20249,129101,14226,247879,29338,14127,15211
43270,268159,20249,129121,14226,247910,29341,14130,15211
43275,268190,20250,129134,14226,247940,29344,14131,15213
43280,268221,20251,129148,14227,247970,29347,14132,15215
43285,268252,20252,129165,14227,248000,29350,14134,15216
43290,268283,20254,129182,14229,248029,29353,14135,15218
43295,268314,20256,129199,14229,248058,29356,14138,15218
43300,268345,20258,129212,14230,248087,29359,14140,15219
43305,268376,20260,129227,14231,248116,29362,14140,15222
43310,268407,20262,129241,14231,248145,29365,14141,15224
43315,268438,20264,129255,14231,248174,29368,14144,15224
43320,268469,20266,129266,14232,248203,29371,14145,15226
43325,268500,20269,129283,14234,248228,29374,14146,15228
43330,268531,20276,129295,14239,248253,29377,14148,15229
43335,268562,20281,129307,14242,248279,29380,14150,15230
43340,268593,20287,129323,14248,248305,29383,14152,15231
43345,268624,20292,129342,14250,248330,29386,14154,15232
43350,268655,20299,129359,14256,248356,29389,14155,15234
43355,268686,20303,129372,14258,248383,29392,14157,15235
43360,268717,20306,129390,14260,248409,29395,14159,15236
43365,268748,20312,129408,14265,248435,29399,14161,15238
43370,268779,20317,129425,14268,248460,29403,14162,15241
43375,268810,20321,129437,14270,248488,29407,14165,15242
43380,268841,20324,129449,14271,248517,29411,14167,15244
43385,268872,20329,129467,14274,248543,29415,14171,15244
43390,268903,20331,129483,14276,248572,29419,14173,15246
43395,268934,20333,129499,14277,248600,29423,14175,15248
43400,268965,20335,129515,14279,248628,29427,14176,15251
43405,268996,20337,129533,14280,248658,29431,14179,15252
43410,269027,20339,129551,14281,248687,29435,14182,15253
43415,269058,20341,129562,14283,248717,29439,14182,15257
43420,269089,20342,129578,14283,248745,29443,14184,15259
43425,269120,20344,129595,14285,248773,29447,14186,15261
43430,269151,20345,129612,14286,248804,29451,14188,15263
43435,269182,20345,129624,14286,248837,29455,14190,15265
43440,269213,20345,129638,14286,248867,29459,14190,15269
43445,269244,20345,129650,14286,248899,29462,14191,15271
43450,269275,20345,129662,14286,248930,29465,14191,15274
43455,269306,20345,129682,14286,248960,29468,14192,15276
43460,269337,20345,129694,14286,248992,29471,14194,15277
43465,269368,20345,129709,14286,249023,29474,14195,15279
43470,269399,20345,129722,14286,249054,29477,14196,15281
43475,269430,20347,129736,14288,249083,29480,14198,15282
43480,269461,20348,129751,14288,249113,29483,14201,15282
43485,269492,20351,129765,14290,249141,29486,14202,15284
43490,269523,20353,129780,14291,249170,29489,14204,15285
43495,269554,20357,129793,14295,249196,29492,14205,15287
43500,269585,20362,129806,14298,249223,29495,14207,15288
43505,269616,20364,129823,14298,249251,29498,14208,15290
43510,269647,20367,129835,14300,249279,29501,14209,15292
43515,269678,20371,129849,14302,249306,29504,14209,15295
43520,269709,20376,129866,14306,249332,29507,14210,15297
43525,269740,20381,129879,14310,249358,29510,14211,15299
43530,269771,20387,129898,14316,249383,29513,14211,15302
43535,269802,20389,129910,14317,249412,29516,14212,15304
43540,269833,20391,129922,14318,249442,29519,14214,15305
43545,269864,20393,129934,14318,249471,29523,14215,15308
43550,269895,20396,129951,14321,249499,29527,14218,15309
43555,269926,20398,129964,14323,249528,29531,14219,15312
43560,269957,20401,129979,14324,249555,29535,14219,15316
43565,269988,20404,129995,14325,249583,29538,14222,15316
43570,270019,20405,130010,14325,249613,29541,14223,15318
43575,270050,20406,130017,14325,249644,29544,14223,15321
43580,270081,20407,130031,14325,249673,29547,14224,15323
43585,270112,20408,130047,14325,249704,29550,14225,15325
43590,270143,20409,130067,14326,249734,29553,14228,15325
43595,270174,20411,130082,14328,249763,29556,14230,15326
43600,270205,20412,130098,14328,249792,29559,14232,15327
43605,270236,20413,130113,14329,249822,29562,14233,15329
43610,270267,20415,130128,14331,249850,29565,14235,15330
43615,270298,20416,130140,14331,249882,29568,14236,15332
43620,270329,20417,130155,14331,249912,29571,14236,15335
43625,270360,20418,130167,14331,249941,29573,14237,15336
43630,270391,20420,130181,14333,249971,29575,14238,15337
43635,270422,20421,130192,14333,250001,29577,14239,15338
43640,270453,20423,130207,14334,250029,29579,14241,15338
43645,270484,20426,130221,14337,250057,29581,14242,15339
43650,270515,20429,130232,14339,250085,29583,14244,15339
43655,270546,20433,130245,14342,250112,29585,14245,15340
43660,270577,20437,130264,14346,250139,29587,14246,15341
43665,270608,20441,130278,14348,250166,29589,14247,15342
43670,270639,20445,130292,14351,250193,29592,14250,15342
43675,270670,20452,130303,14357,250216,29595,14251,15344
43680,270701,20460,130314,14362,250241,29598,14253,15345
43685,270732,20466,130324,14366,250266,29601,14255,15346
43690,270763,20471,130340,14370,250292,29604,14256,15348
43695,270794,20477,130348,14374,250317,29607,14256,15351
43700,270825,20481,130362,14378,250344,29610,14257,15353
43705,270856,20483,130377,14380,250372,29613,14257,15356
43710,270887,20483,130391,14380,250404,29616,14258,15358
43715,270918,20483,130407,14380,250434,29619,14258,15361
43720,270949,20483,130422,14380,250466,29622,14259,15363
43725,270980,20483,130435,14380,250497,29626,14262,15364
43730,271011,20483,130447,14380,250527,29630,14264,15366
43735,271042,20483,130465,14380,250558,29634,14267,15367
43740,271073,20483,130482,14380,250590,29638,14269,15369
43745,271104,20483,130493,14380,250621,29641,14270,15371
43750,271135,20483,130510,14380,250650,29644,14271,15373
43755,271166,20483,130523,14380,250682,29647,14274,15373
43760,271197,20483,130538,14380,250712,29650,14274,15376
43765,271228,20483,130558,14380,250744,29653,14276,15377
43770,271259,20483,130574,14380,250774,29656,14278,15378
43775,271290,20483,130593,14380,250807,29659,14281,15378
43780,271321,20483,130607,14380,250838,29662,14283,15379
43785,271352,20483,130620,14380,250868,29665,14285,15380
43790,271383,20483,130632,14380,250900,29668,14286,15382
43795,271414,20484,130647,14381,250930,29671,14286,15385
43800,271445,20485,130663,14382,250959,29674,14288,15386
43805,271476,20488,130677,14385,250987,29677,14288,15389
43810,271507,20491,130691,14387,251015,29680,14289,15391
43815,271538,20496,130703,14390,251041,29683,14291,15392
43820,271569,20501,130720,14393,251067,29686,14293,15393
43825,271600,20506,130736,14398,251094,29689,14293,15396
43830,271631,20511,130754,14402,251118,29692,14295,15397
43835,271662,20517,130771,14406,251144,29695,14297,15398
43840,271693,20524,130788,14412,251168,29698,14298,15400
43845,271724,20529,130805,14417,251194,29702,14300,15402
43850,271755,20533,130820,14419,251222,29706,14303,15403
43855,271786,20538,130837,14423,251248,29710,14304,15406
43860,271817,20543,130851,14427,251274,29714,14306,15408
43865,271848,20545,130864,14428,251303,29718,14306,15412
43870,271879,20548,130876,14430,251331,29722,14309,15413
43875,271910,20553,130894,14435,251357,29726,14311,15415
43880,271941,20555,130909,14437,251385,29730,14312,15418
43885,271972,20559,130924,14440,251413,29734,14315,15419
43890,272003,20560,130936,14441,251442,29738,14317,15421
43895,272034,20563,130950,14443,251470,29742,14318,15424
43900,272065,20566,130963,14446,251499,29746,14319,15427
43905,272096,20566,130973,14446,251529,29750,14320,15430
43910,272127,20566,130985,14446,251558,29754,14322,15432
43915,272158,20566,130999,14446,251591,29758,14323,15435
43920,272189,20566,131013,14446,251621,29762,14325,15437
43925,272220,20566,131026,14446,251653,29766,14327,15439
43930,272251,20566,131040,14446,251685,29770,14330,15440
43935,272282,20566,131055,14446,251715,29774,14331,15443
43940,272313,20566,131074,14446,251746,29778,14333,15445
43945,272344,20566,131088,14446,251777,29782,14335,15447
43950,272375,20566,131105,14446,251809,29786,14337,15449
43955,272406,20566,131119,14446,251839,29790,14339,15451
43960,272437,20568,131133,14447,251868,29794,14340,15454
43965,272468,20570,131147,14449,251897,29798,14343,15455
43970,272499,20572,131162,14451,251925,29802,14344,15458
43975,272530,20575,131176,14453,251954,29806,14347,15459
43980,272561,20577,131191,14454,251982,29810,14347,15463
43985,272592,20580,131208,14456,252010,29814,14348,15466
43990,272623,20583,131221,14457,252039,29818,14350,15468
43995,272654,20586,131239,14460,252067,29822,14352,15470
44000,272685,20589,131255,14462,252096,29826,14355,15471
44005,272716,20592,131268,14462,252124,29830,14357,15473
44010,272747,20595,131285,14464,252151,29834,14358,15476
44015,272778,20599,131300,14466,252179,29838,14362,15476
44020,272809,20602,131308,14467,252207,29842,14362,15480
44025,272840,20607,131324,14471,252232,29846,14363,15483
44030,272871,20612,131334,14474,252259,29850,14366,15484
44035,272902,20617,131353,14477,252285,29854,14367,15487
44040,272933,20620,131365,14478,252313,29858,14370,15488
44045,272964,20622,131375,14478,252342,29862,14371,15491
44050,272995,20625,131393,14481,252370,29866,14373,15493
44055,273026,20629,131410,14484,252397,29870,14375,15495
44060,273057,20632,131427,14486,252425,29874,14378,15496
44065,273088,20636,131445,14488,252452,29878,14381,15497
44070,273119,20640,131460,14491,252479,29882,14383,15499
44075,273150,20642,131475,14493,252508,29886,14387,15499
44080,273181,20646,131493,14497,252533,29890,14388,15502
44085,273212,20648,131513,14499,252563,29894,14391,15503
44090,273243,20650,131527,14501,252592,29898,14394,15504
44095,273274,20652,131539,14503,252621,29902,14396,15506
44100,273305,20654,131560,14504,252649,29906,14400,15506
44105,273336,20656,131572,14506,252680,29909,14401,15508
44110,273367,20658,131586,14507,252708,29912,14403,15509
44115,273398,20661,131603,14510,252734,29915,14405,15510
44120,273429,20661,131617,14510,252766,29918,14407,15511
44125,273460,20661,131627,14510,252799,29921,14407,15514
44130,273491,20661,131643,14510,252829,29924,14409,15515
44135,273522,20661,131661,14510,252860,29927,14410,15517
44140,273553,20661,131681,14510,252891,29930,14413,15517
44145,273584,20663,131698,14512,252919,29933,14415,15518
44150,273615,20666,131715,14514,252948,29936,14417,15519
44155,273646,20669,131732,14516,252976,29939,14419,15520
44160,273677,20672,131748,14519,253004,29942,14422,15520
44165,273708,20674,131766,14521,253034,29944,14423,15521
44170,273739,20675,131785,14522,253064,29946,14425,15521
44175,273770,20677,131803,14523,253092,29948,14427,15521
44180,273801,20679,131817,14525,253122,29950,14428,15522
44185,273832,20681,131830,14526,253151,29952,14429,15523
44190,273863,20684,131848,14528,253178,29954,14429,15525
44195,273894,20688,131861,14531,253206,29956,14429,15527
44200,273925,20689,131873,14531,253236,29958,14430,15528
44205,273956,20690,131892,14532,253266,29961,14432,15529
44210,273987,20691,131913,14533,253296,29964,14433,15531
44215,274018,20692,131930,14534,253326,29967,14435,15532
44220,274049,20693,131945,14535,253356,29970,14436,15534
44225,274080,20695,131963,14536,253385,29973,14437,15536
44230,274111,20697,131982,14537,253411,29976,14439,15537
44235,274142,20699,131996,14538,253440,29979,14440,15539
44240,274173,20701,132015,14539,253470,29982,14442,15540
44245,274204,20704,132028,14541,253500,29985,14442,15543
44250,274235,20707,132037,14543,253528,29988,14443,15545
44255,274266,20709,132049,14543,253555,29991,14446,15545
44260,274297,20713,132063,14546,253584,29994,14448,15546
44265,274328,20715,132080,14548,253611,29998,14451,15547
44270,274359,20723,132096,14554,253636,30002,14453,15549
44275,274390,20726,132106,14556,253663,30006,14454,15552
44280,274421,20732,132121,14560,253689,30010,14456,15554
44285,274452,20733,132135,14560,253717,30014,14458,15556
44290,274483,20735,132158,14562,253747,30018,14461,15557
44295,274514,20737,132176,14563,253775,30022,14463,15559
44300,274545,20739,132192,14565,253804,30026,14466,15560
44305,274576,20741,132210,14567,253832,30030,14470,15560
44310,274607,20747,132225,14572,253857,30034,14473,15561
44315,274638,20752,132241,14576,253885,30038,14474,15564
44320,274669,20756,132254,14580,253912,30042,14475,15567
44325,274700,20761,132264,14583,253938,30046,14477,15569
44330,274731,20767,132278,14588,253963,30050,14479,15571
44335,274762,20769,132295,14590,253992,30054,14482,15572
44340,274793,20772,132309,14592,254021,30058,14484,15574
44345,274824,20773,132326,14592,254050,30061,14486,15575
44350,274855,20774,132340,14593,254081,30064,14488,15576
44355,274886,20774,132352,14593,254112,30067,14490,15577
44360,274917,20774,132365,14593,254143,30070,14491,15579
44365,274948,20774,132374,14593,254173,30073,14492,15581
44370,274979,20774,132388,14593,254205,30076,14494,15582
44375,275010,20774,132400,14593,254236,30079,14495,15584
44380,275041,20774,132416,14593,254266,30082,14497,15585
44385,275072,20774,132427,14593,254298,30085,14499,15586
44390,275103,20775,132440,14593,254327,30088,14500,15588
44395,275134,20776,132453,14593,254357,30091,14501,15590
44400,275165,20777,132466,14593,254387,30094,14501,15593
44405,275196,20778,132486,14593,254418,30097,14504,15593
44410,275227,20779,132504,14594,254448,30100,14505,15595
44415,275258,20780,132521,14595,254478,30103,14506,15597
44420,275289,20781,132537,14595,254508,30106,14506,15600
44425,275320,20782,132549,14596,254538,30109,14509,15600
44430,275351,20784,132566,14598,254565,30112,14511,15601
44435,275382,20788,132581,14601,254593,30115,14512,15603
44440,275413,20792,132594,14603,254619,30118,14512,15606
44445,275444,20797,132610,14607,254646,30122,14513,15609
44450,275475,20800,132625,14609,254673,30126,14514,15612
44455,275506,20806,132640,14614,254698,30130,14515,15615
44460,275537,20812,132653,14619,254725,30134,14516,15618
44465,275568,20814,132667,14620,254753,30138,14520,15618
44470,275599,20817,132683,14623,254780,30142,14522,15620
44475,275630,20821,132694,14627,254808,30146,14524,15622
44480,275661,20824,132713,14628,254836,30150,14527,15623
44485,275692,20828,132726,14630,254863,30154,14530,15624
44490,275723,20833,132743,14634,254888,30158,14532,15626
44495,275754,20839,132755,14638,254915,30162,14535,15627
44500,275785,20842,132767,14640,254941,30166,14535,15631
44505,275816,20844,132781,14642,254972,30170,14537,15633
44510,275847,20845,132802,14642,255001,30174,14541,15633
44515,275878,20846,132811,14642,255032,30178,14543,15635
44520,275909,20848,132825,14644,255060,30182,14545,15637
44525,275940,20850,132843,14645,255090,30186,14549,15637
44530,275971,20851,132858,14646,255118,30190,14550,15640
44535,276002,20855,132872,14650,255147,30194,14553,15641
44540,276033,20856,132887,14650,255174,30198,14555,15643
44545,276064,20858,132899,14652,255205,30202,14557,15645
44550,276095,20859,132911,14653,255236,30206,14558,15648
44555,276126,20859,132929,14653,255265,30210,14561,15649
44560,276157,20859,132941,14653,255298,30214,14563,15651
44565,276188,20859,132956,14653,255326,30218,14564,15654
44570,276219,20860,132972,14653,255358,30222,14566,15656
44575,276250,20861,132983,14654,255389,30226,14568,15658
44580,276281,20862,133000,14654,255419,30230,14569,15661
44585,276312,20863,133016,14655,255449,30233,14571,15662
44590,276343,20864,133033,14655,255479,30236,14573,15663
44595,276374,20865,133044,14656,255509,30239,14573,15666
44600,276405,20866,133059,14656,255539,30242,14574,15668
44605,276436,20867,133074,14656,255568,30245,14574,15671
44610,276467,20870,133086,14658,255597,30248,14576,15672
44615,276498,20872,133103,14658,255626,30251,14578,15673
44620,276529,20874,133116,14660,255655,30254,14578,15676
44625,276560,20876,133129,14660,255683,30257,14580,15677
44630,276591,20879,133139,14661,255712,30260,14582,15678
44635,276622,20882,133160,14662,255739,30263,14584,15679
44640,276653,20885,133175,14663,255765,30266,14586,15680
44645,276684,20890,133187,14667,255794,30269,14588,15681
44650,276715,20893,133204,14669,255822,30272,14589,15683
44655,276746,20897,133218,14671,255847,30275,14590,15685
44660,276777,20904,133231,14676,255871,30278,14591,15687
44665,276808,20911,133245,14680,255896,30281,14592,15689
44670,276839,20917,133253,14684,255922,30284,14593,15691
44675,276870,20922,133267,14687,255946,30287,14596,15691
44680,276901,20927,133280,14692,255973,30290,14597,15693
44685,276932,20928,133290,14692,256004,30293,14598,15695
44690,276963,20930,133306,14693,256030,30297,14600,15697
44695,276994,20933,133319,14695,256060,30301,14602,15699
44700,277025,20935,133335,14696,256089,30305,14604,15701
44705,277056,20936,133342,14696,256119,30307,14604,15703
44710,277087,20937,133356,14696,256149,30309,14605,15704
44715,277118,20938,133367,14696,256178,30311,14606,15705
44720,277149,20940,133383,14698,256208,30313,14608,15705
44725,277180,20942,133398,14699,256237,30315,14610,15705
44730,277211,20944,133411,14701,256267,30317,14611,15706
44735,277242,20945,133431,14702,256297,30319,14611,15708
44740,277273,20947,133453,14704,256326,30321,14611,15710
44745,277304,20949,133468,14706,256355,30323,14611,15712
44750,277335,20950,133481,14707,256385,30325,14613,15712
44755,277366,20951,133496,14707,256415,30327,14615,15712
44760,277397,20952,133508,14708,256445,30329,14616,15713
44765,277428,20954,133519,14709,256474,30331,14618,15713
44770,277459,20955,133539,14710,256504,30333,14620,15713
44775,277490,20955,133556,14710,256535,30335,14621,15714
44780,277521,20955,133577,14710,256566,30337,14622,15715
44785,277552,20956,133588,14710,256596,30339,14622,15717
44790,277583,20958,133600,14710,256625,30341,14622,15719
44795,277614,20960,133623,14711,256654,30343,14623,15720
44800,277645,20962,133636,14712,256683,30345,14623,15722
44805,277676,20964,133650,14713,256712,30349,14624,15725
44810,277707,20967,133664,14715,256740,30353,14627,15726
44815,277738,20971,133678,14717,256766,30357,14629,15728
44820,277769,20977,133694,14722,256791,30361,14630,15731
44825,277800,20981,133709,14725,256819,30365,14633,15732
44830,277831,20986,133725,14728,256845,30369,14636,15733
44835,277862,20989,133739,14730,256872,30373,14637,15736
44840,277893,20992,133751,14732,256899,30377,14639,15738
44845,277924,20998,133764,14738,256925,30381,14642,15739
44850,277955,21001,133777,14741,256951,30385,14643,15742
44855,277986,21004,133791,14744,256979,30389,14644,15745
44860,278017,21006,133805,14745,257007,30393,14645,15748
44865,278048,21009,133822,14747,257037,30397,14649,15748
44870,278079,21009,133835,14747,257069,30401,14650,15751
44875,278110,21010,133844,14748,257098,30405,14650,15755
44880,278141,21011,133862,14749,257129,30409,14652,15757
44885,278172,21012,133874,14749,257160,30413,14652,15761
44890,278203,21013,133888,14749,257190,30417,14654,15763
44895,278234,21014,133904,14749,257220,30421,14657,15764
44900,278265,21015,133921,14750,257250,30425,14660,15765
44905,278296,21016,133943,14751,257280,30429,14662,15767
44910,278327,21017,133962,14751,257310,30433,14663,15770
44915,278358,21018,133973,14751,257340,30437,14663,15774
44920,278389,21019,133986,14752,257370,30441,14665,15776
44925,278420,21020,133995,14752,257400,30445,14666,15779
44930,278451,21022,134009,14754,257429,30449,14666,15783
44935,278482,21023,134023,14754,257459,30453,14667,15786
44940,278513,21025,134035,14755,257488,30457,14669,15788
44945,278544,21027,134048,14756,257517,30460,14670,15790
44950,278575,21028,134063,14757,257546,30463,14672,15791
44955,278606,21032,134081,14760,257572,30466,14673,15793
44960,278637,21038,134096,14765,257598,30469,14674,15795
44965,278668,21042,134111,14769,257625,30472,14676,15796
44970,278699,21049,134127,14773,257648,30475,14677,15798
44975,278730,21055,134140,14777,257673,30478,14680,15798
44980,278761,21064,134156,14785,257696,30481,14682,15799
44985,278792,21070,134171,14790,257722,30484,14684,15800
44990,278823,21074,134187,14793,257749,30487,14686,15801
44995,278854,21076,134205,14795,257778,30490,14688,15802
45000,278885,21078,134222,14796,257807,30493,14691,15802
45005,278916,21080,134233,14796,257835,30496,14692,15804
45010,278947,21085,134246,14800,257862,30499,14692,15807
45015,278978,21087,134265,14801,257888,30502,14694,15808
45020,279009,21089,134282,14803,257917,30505,14695,15810
45025,279040,21093,134292,14806,257946,30508,14695,15813
45030,279071,21095,134307,14808,257975,30511,14698,15813
45035,279102,21095,134319,14808,258006,30514,14698,15816
45040,279133,21095,134335,14808,258036,30517,14700,15817
45045,279164,21095,134348,14808,258066,30521,14702,15819
45050,279195,21095,134369,14808,258097,30525,14706,15819
45055,279226,21095,134385,14808,258130,30529,14708,15821
45060,279257,21095,134399,14808,258162,30533,14710,15823
45065,279288,21095,134417,14808,258193,30537,14712,15825
45070,279319,21095,134430,14808,258224,30541,14713,15828
45075,279350,21095,134445,14808,258254,30545,14714,15831
45080,279381,21095,134458,14808,258286,30549,14715,15834
45085,279412,21095,134471,14808,258317,30553,14715,15838
45090,279443,21095,134482,14808,258347,30557,14716,15841
45095,279474,21097,134497,14809,258377,30561,14719,15842
45100,279505,21098,134516,14810,258407,30565,14722,15843
45105,279536,21099,134527,14811,258437,30569,14723,15846
45110,279567,21100,134540,14812,258465,30573,14724,15849
45115,279598,21104,134553,14816,258493,30577,14725,15852
45120,279629,21108,134563,14818,258521,30581,14726,15855
45125,279660,21110,134580,14819,258549,30585,14730,15855
45130,279691,21113,134595,14821,258578,30589,14733,15856
45135,279722,21116,134607,14823,258605,30593,14736,15857
45140,279753,21122,134622,14827,258631,30597,14738,15859
45145,279784,21127,134634,14829,258656,30601,14741,15860
45150,279815,21133,134648,14834,258682,30605,14744,15861
45155,279846,21139,134660,14838,258707,30609,14745,15864
45160,279877,21144,134678,14842,258733,30613,14747,15866
45165,279908,21149,134695,14846,258759,30617,14748,15869
45170,279939,21156,134713,14852,258783,30621,14751,15870
45175,279970,21159,134725,14854,258811,30625,14753,15872
45180,280001,21163,134736,14856,258838,30629,14753,15876
45185,280032,21165,134746,14857,258867,30633,14755,15878
45190,280063,21167,134762,14859,258896,30637,14757,15880
45195,280094,21169,134778,14861,258924,30641,14760,15881
45200,280125,21170,134793,14862,258955,30645,14762,15883
45205,280156,21171,134810,14862,258984,30649,14764,15885
45210,280187,21172,134828,14863,259015,30653,14768,15885
45215,280218,21174,134843,14864,259044,30657,14769,15888
45220,280249,21176,134854,14866,259073,30661,14770,15891
45225,280280,21177,134868,14867,259103,30665,14770,15895
45230,280311,21178,134883,14867,259132,30669,14773,15896
45235,280342,21180,134896,14868,259160,30673,14775,15898
45240,280373,21181,134907,14869,259192,30677,14777,15900
45245,280404,21181,134925,14869,259222,30679,14778,15901
45250,280435,21181,134939,14869,259253,30681,14779,15902
45255,280466,21181,134955,14869,259284,30683,14781,15902
45260,280497,21181,134971,14869,259316,30685,14783,15902
45265,280528,21183,134988,14871,259344,30687,14783,15904
45270,280559,21185,135002,14873,259373,30689,14785,15904
45275,280590,21186,135016,14874,259404,30691,14785,15906
45280,280621,21187,135031,14875,259434,30693,14786,15907
45285,280652,21188,135046,14875,259464,30695,14786,15909
45290,280683,21190,135062,14877,259493,30697,14787,15910
45295,280714,21194,135078,14880,259520,30699,14787,15912
45300,280745,21196,135090,14880,259549,30701,14787,15914
45305,280776,21200,135106,14883,259576,30703,14788,15915
45310,280807,21203,135120,14885,259604,30705,14788,15917
45315,280838,21207,135129,14889,259630,30707,14788,15919
45320,280869,21211,135144,14892,259657,30709,14789,15920
45325,280900,21215,135157,14894,259684,30711,14790,15921
45330,280931,21220,135176,14898,259710,30713,14790,15923
45335,280962,21222,135194,14899,259740,30715,14790,15925
45340,280993,21225,135210,14901,259768,30717,14791,15926
45345,281024,21228,135225,14902,259796,30721,14792,15929
45350,281055,21231,135237,14904,259824,30725,14793,15932
45355,281086,21233,135252,14905,259852,30729,14796,15933
45360,281117,21238,135272,14910,259878,30733,14799,15934
45365,281148,21239,135291,14910,259909,30737,14801,15936
45370,281179,21240,135304,14910,259939,30741,14803,15938
45375,281210,21241,135319,14911,259969,30745,14806,15939
45380,281241,21242,135337,14911,259999,30749,14809,15940
45385,281272,21243,135352,14912,260028,30753,14812,15941
45390,281303,21244,135365,14912,260058,30757,14814,15943
45395,281334,21245,135380,14913,260088,30761,14816,15945
45400,281365,21246,135396,14914,260119,30765,14818,15947
45405,281396,21247,135414,14914,260148,30769,14821,15948
45410,281427,21248,135426,14915,260179,30773,14822,15951
45415,281458,21249,135435,14916,260208,30777,14823,15954
45420,281489,21250,135454,14916,260238,30781,14824,15957
45425,281520,21251,135470,14917,260269,30784,14826,15958
45430,281551,21252,135482,14918,260299,30787,14828,15959
45435,281582,21254,135495,14920,260327,30790,14828,15962
45440,281613,21257,135512,14923,260354,30793,14830,15963
45445,281644,21262,135530,14927,260379,30796,14832,15964
45450,281675,21267,135550,14931,260406,30799,14833,15966
45455,281706,21271,135564,14934,260434,30802,14835,15967
45460,281737,21275,135581,14937,260461,30805,14836,15969
45465,281768,21279,135597,14939,260488,30808,14839,15969
45470,281799,21285,135609,14944,260513,30811,14839,15972
45475,281830,21290,135628,14947,260540,30814,14841,15973
45480,281861,21293,135642,14950,260568,30817,14843,15974
45485,281892,21295,135657,14951,260597,30820,14845,15975
45490,281923,21297,135674,14952,260626,30823,14846,15977
45495,281954,21299,135690,14953,260655,30826,14849,15977
45500,281985,21302,135703,14954,260683,30829,14850,15979
45505,282016,21305,135715,14956,260710,30832,14851,15981
45510,282047,21308,135733,14958,260739,30835,14852,15983
45515,282078,21310,135744,14960,260768,30838,14854,15984
45520,282109,21311,135759,14960,260798,30841,14856,15985
45525,282140,21313,135772,14961,260827,30844,14857,15987
45530,282171,21315,135789,14963,260855,30848,14859,15989
45535,282202,21316,135804,14963,260884,30852,14861,15991
45540,282233,21318,135823,14965,260913,30856,14865,15991
45545,282264,21321,135839,14968,260942,30859,14866,15993
45550,282295,21323,135856,14970,260972,30862,14868,15994
45555,282326,21326,135866,14972,261000,30865,14870,15995
45560,282357,21327,135884,14973,261027,30868,14872,15996
45565,282388,21332,135901,14978,261056,30871,14874,15997
45570,282419,21332,135913,14978,261087,30874,14876,15998
45575,282450,21332,135929,14978,261117,30877,14876,16001
45580,282481,21334,135945,14979,261147,30880,14877,16003
45585,282512,21335,135958,14980,261175,30883,14877,16006
45590,282543,21338,135974,14982,261205,30886,14879,16007
45595,282574,21340,135995,14984,261232,30889,14881,16008
45600,282605,21344,136010,14988,261259,30892,14884,16008
45605,282636,21347,136028,14990,261285,30895,14885,16010
45610,282667,21350,136042,14992,261316,30898,14886,16012
45615,282698,21353,136059,14994,261344,30901,14888,16013
45620,282729,21356,136076,14995,261372,30904,14888,16016
45625,282760,21357,136092,14995,261402,30907,14890,16017
45630,282791,21358,136107,14995,261433,30910,14892,16018
45635,282822,21359,136121,14995,261463,30913,14894,16019
45640,282853,21360,136132,14996,261493,30916,14897,16019
45645,282884,21361,136144,14996,261523,30920,14898,16022
45650,282915,21362,136158,14997,261553,30924,14898,16026
45655,282946,21363,136174,14998,261582,30928,14900,16028
45660,282977,21364,136190,14998,261613,30932,14903,16029
45665,283008,21366,136204,15000,261642,30936,14905,16031
45670,283039,21368,136219,15002,261671,30940,14907,16033
45675,283070,21371,136234,15004,261699,30944,14910,16034
45680,283101,21373,136254,15006,261728,30948,14913,16035
45685,283132,21375,136266,15007,261757,30952,14914,16038
45690,283163,21378,136282,15009,261785,30956,14916,16040
45695,283194,21380,136295,15011,261814,30960,14917,16043
45700,283225,21382,136305,15011,261843,30964,14919,16045
45705,283256,21386,136320,15013,261870,30968,14923,16045
45710,283287,21389,136336,15016,261897,30972,14925,16047
45715,283318,21392,136352,15018,261924,30976,14926,16050
45720,283349,21396,136363,15021,261953,30980,14926,16054
45725,283380,21398,136382,15023,261981,30984,14929,16055
45730,283411,21401,136399,15025,262009,30988,14932,16056
45735,283442,21404,136413,15027,262038,30992,14935,16057
45740,283473,21408,136428,15029,262065,30996,14936,16060
45745,283504,21410,136440,15029,262094,31000,14938,16062
45750,283535,21414,136455,15032,262119,31004,14940,16064
45755,283566,21418,136463,15034,262148,31008,14943,16065
45760,283597,21424,136480,15038,262171,31012,14945,16067
45765,283628,21429,136495,15041,262196,31016,14948,16068
45770,283659,21433,136506,15045,262225,31020,14950,16070
45775,283690,21434,136520,15045,262253,31024,14951,16073
45780,283721,21438,136541,15049,262280,31028,14953,16075
45785,283752,21441,136552,15051,262310,31031,14955,16076
45790,283783,21444,136567,15053,262338,31034,14956,16078
45795,283814,21445,136584,15054,262369,31037,14957,16080
45800,283845,21447,136596,15056,262398,31040,14959,16081
45805,283876,21447,136610,15056,262429,31043,14960,16083
45810,283907,21447,136626,15056,262459,31046,14962,16084
45815,283938,21447,136642,15056,262490,31049,14964,16085
45820,283969,21447,136661,15056,262522,31052,14966,16086
45825,284000,21448,136672,15056,262551,31055,14969,16086
45830,284031,21449,136686,15056,262581,31058,14971,16087
45835,284062,21450,136699,15057,262612,31061,14971,16090
45840,284093,21451,136709,15057,262642,31064,14973,16091
45845,284124,21452,136724,15058,262672,31066,14973,16093
45850,284155,21453,136735,15059,262701,31068,14973,16095
45855,284186,21454,136751,15060,262732,31070,14974,16096
45860,284217,21455,136767,15061,262761,31072,14975,16097
45865,284248,21456,136780,15062,262791,31074,14975,16099
45870,284279,21457,136795,15063,262821,31076,14977,16099
45875,284310,21459,136814,15065,262851,31078,14979,16099
45880,284341,21461,136829,15065,262880,31080,14980,16100
45885,284372,21463,136843,15066,262909,31083,14982,16101
45890,284403,21465,136860,15068,262938,31086,14983,16103
45895,284434,21468,136876,15070,262965,31089,14985,16104
45900,284465,21471,136887,15071,262994,31092,14987,16105
45905,284496,21475,136903,15074,263020,31095,14988,16107
45910,284527,21481,136921,15078,263045,31098,14988,16110
45915,284558,21486,136937,15083,263071,31101,14990,16111
45920,284589,21491,136946,15085,263096,31104,14991,16113
45925,284620,21498,136967,15092,263121,31107,14994,16113
45930,284651,21504,136985,15098,263147,31110,14995,16115
45935,284682,21509,137000,15102,263172,31113,14996,16117
45940,284713,21516,137017,15108,263195,31116,14997,16119
45945,284744,21524,137036,15115,263217,31120,14998,16122
45950,284775,21530,137049,15118,263244,31124,14999,16125
45955,284806,21535,137063,15121,263269,31128,15000,16128
45960,284837,21540,137080,15126,263296,31132,15003,16129
45965,284868,21541,137094,15127,263327,31136,15006,16130
45970,284899,21541,137113,15127,263357,31140,15009,16131
45975,284930,21541,137128,15127,263388,31144,15012,16132
45980,284961,21541,137139,15127,263420,31148,15014,16134
45985,284992,21541,137150,15127,263451,31152,15017,16135
45990,285023,21541,137164,15127,263482,31156,15018,16138
45995,285054,21541,137175,15127,263513,31160,15020,16140
46000,285085,21541,137189,15127,263544,31164,15022,16142
46005,285116,21541,137201,15127,263575,31168,15025,16143
46010,285147,21541,137213,15127,263606,31172,15026,16146
46015,285178,21541,137225,15127,263637,31176,15027,16149
46020,285209,21541,137241,15127,263667,31180,15029,16151
46025,285240,21541,137258,15127,263698,31184,15031,16153
46030,285271,21541,137268,15127,263730,31188,15032,16156
46035,285302,21541,137285,15127,263761,31192,15033,16159
46040,285333,21541,137300,15127,263791,31196,15036,16160
46045,285364,21541,137311,15127,263823,31200,15037,16163
46050,285395,21541,137328,15127,263853,31204,15040,16164
46055,285426,21541,137345,15127,263885,31208,15043,16165
46060,285457,21543,137365,15128,263914,31212,15045,16167
46065,285488,21545,137379,15130,263942,31216,15047,16169
46070,285519,21550,137387,15132,263969,31220,15048,16172
46075,285550,21556,137404,15137,263994,31224,15050,16174
46080,285581,21562,137418,15142,264017,31228,15050,16178
46085,285612,21568,137434,15147,264043,31232,15054,16178
46090,285643,21572,137449,15150,264070,31236,15056,16180
46095,285674,21575,137463,15153,264098,31240,15058,16182
46100,285705,21578,137471,15155,264126,31244,15059,16185
46105,285736,21580,137483,15156,264155,31248,15061,16187
46110,285767,21583,137493,15158,264183,31252,15062,16190
46115,285798,21587,137510,15161,264210,31256,15063,16193
46120,285829,21591,137530,15164,264237,31260,15065,16195
46125,285860,21595,137545,15168,264262,31264,15065,16199
46130,285891,21601,137561,15173,264288,31268,15066,16202
46135,285922,21603,137576,15175,264318,31272,15068,16204
46140,285953,21604,137593,15175,264348,31276,15070,16206
46145,285984,21606,137608,15177,264378,31279,15070,16209
46150,286015,21608,137629,15179,264407,31282,15073,16209
46155,286046,21610,137644,15180,264436,31285,15074,16211
46160,286077,21613,137661,15183,264464,31288,15077,16211
46165,286108,21614,137676,15183,264494,31291,15080,16211
46170,286139,21615,137692,15184,264523,31294,15082,16212
46175,286170,21618,137706,15186,264551,31297,15083,16214
46180,286201,21620,137720,15188,264581,31300,15085,16215
46185,286232,21622,137733,15190,264610,31303,15087,16216
46190,286263,21622,137750,15190,264640,31306,15089,16217
46195,286294,21624,137762,15191,264667,31309,15090,16219
46200,286325,21626,137771,15192,264696,31312,15091,16221
46205,286356,21627,137791,15193,264728,31315,15093,16222
46210,286387,21629,137811,15194,264756,31318,15095,16223
46215,286418,21630,137825,15194,264788,31321,15097,16224
46220,286449,21632,137840,15196,264817,31324,15098,16226
46225,286480,21633,137851,15197,264847,31327,15099,16228
46230,286511,21634,137864,15197,264877,31330,15102,16228
46235,286542,21635,137879,15197,264907,31333,15103,16230
46240,286573,21639,137900,15200,264933,31336,15105,16231
46245,286604,21643,137917,15203,264960,31340,15107,16233
46250,286635,21647,137931,15206,264987,31344,15109,16235
46255,286666,21652,137948,15210,265013,31348,15111,16237
46260,286697,21657,137968,15213,265038,31352,15113,16239
46265,286728,21659,137986,15214,265068,31355,15114,16241
46270,286759,21660,138001,15214,265097,31358,15116,16242
46275,286790,21662,138020,15216,265126,31361,15117,16244
46280,286821,21664,138038,15218,265155,31364,15119,16245
46285,286852,21666,138053,15220,265185,31367,15120,16247
46290,286883,21668,138064,15221,265215,31370,15122,16248
46295,286914,21670,138084,15222,265243,31373,15124,16249
46300,286945,21672,138101,15222,265272,31376,15126,16250
46305,286976,21676,138118,15225,265299,31379,15129,16250
46310,287007,21680,138133,15227,265327,31382,15132,16250
46315,287038,21681,138149,15228,265357,31385,15134,16251
46320,287069,21682,138164,15228,265385,31388,15135,16253
46325,287100,21684,138178,15230,265415,31390,15136,16254
46330,287131,21686,138198,15232,265442,31392,15138,16254
46335,287162,21688,138210,15233,265472,31394,15139,16255
46340,287193,21690,138224,15234,265502,31396,15139,16257
46345,287224,21692,138244,15236,265532,31398,15141,16257
46350,287255,21693,138261,15236,265562,31400,15142,16258
46355,287286,21695,138279,15237,265591,31402,15144,16258
46360,287317,21697,138292,15238,265620,31404,15145,16259
46365,287348,21699,138306,15240,265649,31406,15146,16260
46370,287379,21702,138316,15241,265676,31409,15147,16262
46375,287410,21704,138327,15242,265706,31412,15148,16264
46380,287441,21706,138339,15242,265735,31415,15150,16265
46385,287472,21708,138355,15243,265764,31418,15152,16266
46390,287503,21711,138372,15246,265792,31421,15152,16269
46395,287534,21713,138388,15248,265821,31424,15153,16271
46400,287565,21714,138402,15249,265851,31427,15155,16272
46405,287596,21715,138415,15249,265881,31430,15157,16273
46410,287627,21716,138430,15249,265911,31433,15158,16275
46415,287658,21718,138442,15251,265939,31436,15158,16278
46420,287689,21722,138461,15255,265966,31439,15161,16278
46425,287720,21726,138476,15258,265991,31443,15162,16281
46430,287751,21731,138490,15262,266019,31447,15164,16283
46435,287782,21736,138507,15267,266043,31451,15167,16284
46440,287813,21742,138520,15272,266067,31455,15168,16287
46445,287844,21749,138537,15278,266093,31459,15169,16290
46450,287875,21752,138550,15280,266122,31463,15171,16292
46455,287906,21755,138562,15283,266150,31467,15173,16294
46460,287937,21756,138578,15284,266179,31471,15175,16296
46465,287968,21756,138591,15284,266212,31475,15176,16299
46470,287999,21756,138605,15284,266242,31479,15177,16302
46475,288030,21756,138617,15284,266274,31483,15179,16304
46480,288061,21756,138632,15284,266304,31487,15181,16306
46485,288092,21756,138642,15284,266335,31491,15183,16308
46490,288123,21756,138659,15284,266365,31495,15185,16310
46495,288154,21756,138673,15284,266397,31499,15185,16314
46500,288185,21757,138685,15285,266428,31503,15186,16317
46505,288216,21758,138695,15285,266458,31506,15188,16318
46510,288247,21759,138711,15285,266488,31509,15190,16319
46515,288278,21760,138724,15286,266518,31512,15192,16320
46520,288309,21761,138743,15287,266548,31515,15195,16320
46525,288340,21762,138760,15287,266578,31518,15196,16322
46530,288371,21763,138773,15287,266608,31521,15199,16322
46535,288402,21764,138786,15287,266638,31524,15201,16323
46540,288433,21765,138801,15288,266668,31527,15202,16325
46545,288464,21766,138819,15289,266698,31530,15203,16327
46550,288495,21767,138831,15289,266728,31533,15203,16330
46555,288526,21769,138844,15289,266757,31536,15203,16333
46560,288557,21771,138856,15290,266786,31539,15203,16336
46565,288588,21774,138870,15292,266814,31542,15205,16337
46570,288619,21777,138881,15293,266842,31545,15206,16339
46575,288650,21780,138893,15294,266869,31548,15208,16340
46580,288681,21786,138909,15299,266895,31551,15211,16340
46585,288712,21790,138924,15302,266921,31554,15213,16341
46590,288743,21794,138943,15305,266948,31557,15214,16343
46595,288774,21799,138958,15309,266974,31560,15215,16345
46600,288805,21804,138971,15314,267000,31563,15215,16348
46605,288836,21809,138986,15319,267024,31567,15215,16352
46610,288867,21818,138997,15326,267048,31571,15216,16355
46615,288898,21823,139012,15330,267074,31575,15219,16356
46620,288929,21830,139026,15336,267097,31579,15221,16358
46625,288960,21835,139042,15340,267124,31583,15224,16359
46630,288991,21836,139057,15341,267155,31587,15226,16361
46635,289022,21838,139081,15343,267183,31591,15229,16362
46640,289053,21840,139096,15344,267213,31595,15230,16365
46645,289084,21842,139110,15345,267241,31599,15231,16368
46650,289115,21846,139126,15348,267268,31603,15233,16370
46655,289146,21850,139142,15352,267295,31607,15235,16372
46660,289177,21850,139157,15352,267326,31611,15236,16375
46665,289208,21850,139176,15352,267357,31615,15236,16379
46670,289239,21850,139193,15352,267389,31619,15239,16380
46675,289270,21850,139208,15352,267419,31623,15240,16383
46680,289301,21850,139223,15352,267451,31627,15240,16387
46685,289332,21850,139241,15352,267482,31630,15242,16388
46690,289363,21850,139260,15352,267513,31633,15244,16389
46695,289394,21850,139281,15352,267544,31636,15247,16389
46700,289425,21850,139295,15352,267575,31639,15249,16390
46705,289456,21850,139309,15352,267606,31642,15251,16391
46710,289487,21850,139323,15352,267637,31645,15252,16393
46715,289518,21850,139338,15352,267668,31648,15253,16395
46720,289549,21850,139348,15352,267699,31651,15254,16397
46725,289580,21850,139362,15352,267730,31654,15256,16398
46730,289611,21851,139380,15352,267759,31657,15258,16399
46735,289642,21855,139392,15355,267786,31660,15258,16402
46740,289673,21858,139408,15358,267814,31663,15260,16403
46745,289704,21862,139423,15360,267842,31666,15262,16404
46750,289735,21864,139438,15362,267870,31669,15262,16407
46755,289766,21867,139453,15365,267899,31672,15264,16408
46760,289797,21869,139464,15366,267928,31675,15264,16411
46765,289828,21873,139479,15369,267954,31678,15266,16412
46770,289859,21877,139497,15373,267981,31681,15267,16414
46775,289890,21883,139513,15378,268007,31684,15267,16417
46780,289921,21886,139526,15381,268035,31687,15269,16418
46785,289952,21891,139542,15385,268061,31691,15271,16420
46790,289983,21895,139556,15389,268086,31695,15273,16422
46795,290014,21903,139568,15395,268110,31699,15275,16424
46800,290045,21912,139585,15401,268129,31703,15275,16428
46805,290076,21918,139598,15405,268157,31707,15276,16431
46810,290107,21919,139618,15406,268187,31711,15279,16432
46815,290138,21921,139629,15408,268216,31715,15279,16436
46820,290169,21923,139650,15410,268242,31719,15281,16438
46825,290200,21925,139671,15412,268271,31723,15282,16441
46830,290231,21926,139687,15412,268304,31727,15285,16442
46835,290262,21927,139699,15412,268333,31731,15287,16444
46840,290293,21928,139714,15412,268364,31735,15289,16446
46845,290324,21930,139731,15413,268393,31739,15290,16449
46850,290355,21933,139748,15416,268421,31743,15293,16450
46855,290386,21935,139763,15417,268450,31747,15296,16451
46860,290417,21937,139781,15419,268479,31751,15298,16453
46865,290448,21937,139795,15419,268511,31754,15301,16453
46870,290479,21937,139804,15419,268542,31757,15301,16456
46875,290510,21937,139825,15419,268573,31760,15303,16457
46880,290541,21937,139841,15419,268604,31763,15306,16457
46885,290572,21937,139856,15419,268635,31766,15308,16458
46890,290603,21937,139875,15419,268666,31769,15310,16459
46895,290634,21937,139894,15419,268697,31772,15313,16459
46900,290665,21937,139907,15419,268728,31775,15314,16461
46905,290696,21937,139918,15419,268759,31778,15316,16462
46910,290727,21939,139932,15420,268788,31781,15317,16464
46915,290758,21942,139948,15422,268814,31784,15318,16466
46920,290789,21948,139963,15426,268840,31787,15320,16467
46925,290820,21952,139978,15429,268867,31790,15321,16469
46930,290851,21955,139995,15431,268895,31793,15322,16471
46935,290882,21960,140009,15436,268921,31796,15322,16474
46940,290913,21963,140026,15438,268949,31799,15323,16476
46945,290944,21969,140042,15443,268974,31802,15325,16477
46950,290975,21974,140055,15447,269000,31805,15326,16479
46955,291006,21978,140068,15449,269027,31808,15329,16479
46960,291037,21980,140087,15451,269055,31811,15331,16480
46965,291068,21982,140106,15452,269082,31815,15334,16481
46970,291099,21988,140118,15456,269109,31819,15336,16483
46975,291130,21991,140130,15457,269135,31823,15336,16487
46980,291161,21995,140147,15459,269161,31827,15339,16488
46985,291192,21996,140161,15459,269195,31831,15342,16489
46990,291223,21997,140177,15460,269224,31835,15344,16491
46995,291254,21998,140190,15460,269255,31839,15347,16492
47000,291285,21999,140200,15460,269285,31843,15347,16496
47005,291316,22000,140216,15461,269315,31847,15349,16498
47010,291347,22001,140231,15461,269344,31851,15349,16502
47015,291378,22002,140249,15462,269376,31855,15351,16504
47020,291409,22003,140264,15463,269406,31859,15354,16505
47025,291440,22004,140276,15463,269436,31863,15354,16509
47030,291471,22005,140290,15464,269466,31867,15357,16510
47035,291502,22006,140309,15465,269496,31871,15359,16512
47040,291533,22007,140322,15465,269526,31875,15360,16515
47045,291564,22008,140342,15466,269556,31879,15363,16516
47050,291595,22009,140358,15467,269586,31883,15365,16518
47055,291626,22010,140373,15467,269616,31887,15367,16520
47060,291657,22011,140387,15468,269644,31891,15368,16523
47065,291688,22015,140402,15471,269672,31895,15370,16525
47070,291719,22018,140414,15472,269700,31899,15371,16528
47075,291750,22022,140431,15476,269726,31903,15373,16530
47080,291781,22026,140438,15478,269754,31907,15375,16532
47085,291812,22032,140452,15482,269777,31911,15376,16535
47090,291843,22039,140465,15489,269802,31915,15376,16539
47095,291874,22046,140479,15493,269827,31919,15379,16540
47100,291905,22050,140493,15497,269854,31923,15380,16543
47105,291936,22053,140508,15499,269882,31926,15381,16545
47110,291967,22054,140519,15500,269912,31929,15381,16548
47115,291998,22055,140531,15501,269943,31932,15382,16550
47120,292029,22056,140546,15501,269972,31935,15383,16552
47125,292060,22057,140563,15502,270001,31938,15386,16552
47130,292091,22059,140580,15503,270030,31941,15387,16554
47135,292122,22061,140600,15505,270059,31944,15388,16556
47140,292153,22065,140613,15509,270088,31947,15389,16558
47145,292184,22067,140627,15511,270116,31950,15390,16560
47150,292215,22071,140638,15514,270143,31953,15392,16561
47155,292246,22074,140651,15517,270170,31956,15393,16563
47160,292277,22078,140664,15520,270199,31959,15395,16564
47165,292308,22078,140677,15520,270229,31962,15397,16565
47170,292339,22078,140687,15520,270260,31965,15397,16568
47175,292370,22078,140701,15520,270292,31968,15397,16571
47180,292401,22078,140718,15520,270323,31971,15399,16572
47185,292432,22078,140736,15520,270353,31974,15402,16572
47190,292463,22078,140749,15520,270385,31977,15405,16572
47195,292494,22078,140766,15520,270415,31980,15406,16574
47200,292525,22078,140781,15520,270447,31983,15407,16576
47205,292556,22079,140798,15521,270477,31987,15408,16579
47210,292587,22082,140812,15523,270504,31991,15409,16582
47215,292618,22085,140821,15524,270533,31995,15410,16585
47220,292649,22087,140835,15524,270561,31999,15413,16586
47225,292680,22092,140848,15527,270587,32002,15415,16587
47230,292711,22098,140869,15531,270610,32005,15417,16588
47235,292742,22103,140879,15535,270639,32008,15419,16589
47240,292773,22105,140894,15536,270667,32011,15420,16591
47245,292804,22110,140908,15540,270694,32014,15421,16593
47250,292835,22115,140921,15543,270719,32017,15423,16594
47255,292866,22122,140939,15550,270744,32020,15424,16596
47260,292897,22124,140955,15552,270772,32023,15425,16598
47265,292928,22126,140967,15554,270801,32026,15426,16600
47270,292959,22128,140982,15556,270830,32029,15427,16602
47275,292990,22130,140999,15558,270859,32032,15430,16602
47280,293021,22132,141018,15560,270888,32035,15433,16602
47285,293052,22134,141031,15561,270916,32037,15434,16603
47290,293083,22136,141041,15562,270947,32039,15436,16603
47295,293114,22138,141059,15562,270976,32041,15438,16603
47300,293145,22140,141070,15562,271005,32043,15439,16604
47305,293176,22142,141081,15562,271034,32045,15441,16604
47310,293207,22144,141097,15564,271063,32047,15441,16606
47315,293238,22146,141109,15564,271092,32049,15441,16608
47320,293269,22148,141117,15566,271121,32051,15442,16609
47325,293300,22150,141134,15568,271150,32053,15443,16610
47330,293331,22152,141153,15569,271178,32056,15445,16611
47335,293362,22156,141167,15573,271205,32059,15446,16613
47340,293393,22159,141176,15574,271233,32062,15447,16615
47345,293424,22162,141191,15576,271262,32065,15449,16616
47350,293455,22163,141205,15576,271290,32068,15451,16617
47355,293486,22166,141222,15579,271318,32071,15452,16619
47360,293517,22169,141235,15581,271346,32074,15453,16621
47365,293548,22173,141250,15584,271375,32077,15455,16622
47370,293579,22174,141265,15584,271404,32080,15458,16622
47375,293610,22175,141280,15584,271435,32083,15459,16624
47380,293641,22176,141295,15584,271464,32086,15459,16627
47385,293672,22179,141315,15587,271491,32090,15463,16627
47390,293703,22184,141333,15591,271519,32094,15464,16630
47395,293734,22187,141347,15593,271544,32098,15464,16634
47400,293765,22191,141360,15597,271572,32102,15465,16637
47405,293796,22194,141377,15599,271600,32105,15467,16638
47410,293827,22194,141394,15599,271631,32108,15468,16640
47415,293858,22194,141404,15599,271664,32111,15469,16642
47420,293889,22194,141418,15599,271694,32114,15470,16644
47425,293920,22194,141428,15599,271725,32117,15473,16644
47430,293951,22194,141443,15599,271757,32120,15476,16644
47435,293982,22194,141460,15599,271788,32123,15479,16644
47440,294013,22194,141475,15599,271818,32126,15480,16646
47445,294044,22195,141489,15599,271848,32129,15481,16648
47450,294075,22197,141505,15601,271876,32132,15484,16648
47455,294106,22201,141525,15604,271902,32135,15486,16649
47460,294137,22204,141534,15606,271933,32138,15488,16650
47465,294168,22207,141548,15609,271960,32141,15490,16651
47470,294199,22211,141568,15613,271987,32144,15492,16652
47475,294230,22214,141584,15616,272016,32147,15493,16654
47480,294261,22215,141596,15617,272045,32150,15493,16657
47485,294292,22216,141612,15618,272076,32153,15495,16658
47490,294323,22217,141631,15619,272106,32156,15496,16660
47495,294354,22218,141648,15620,272136,32159,15498,16661
47500,294385,22220,141663,15621,272165,32162,15500,16662
47505,294416,22223,141678,15624,272193,32166,15503,16663
47510,294447,22226,141689,15627,272221,32170,15504,16666
47515,294478,22230,141705,15629,272248,32174,15507,16667
47520,294509,22233,141723,15632,272275,32178,15510,16668
47525,294540,22237,141743,15635,272302,32182,15513,16669
47530,294571,22240,141759,15637,272331,32186,15514,16672
47535,294602,22242,141771,15637,272358,32190,15516,16674
47540,294633,22248,141786,15643,272383,32194,15517,16677
47545,294664,22255,141801,15649,272408,32198,15520,16678
47550,294695,22257,141813,15650,272437,32202,15522,16680
47555,294726,22260,141826,15652,272463,32206,15523,16683
47560,294757,22262,141839,15654,272494,32210,15524,16686
47565,294788,22262,141851,15654,272525,32214,15525,16689
47570,294819,22262,141866,15654,272554,32218,15526,16692
47575,294850,22262,141877,15654,272587,32222,15528,16694
47580,294881,22263,141891,15654,272617,32226,15529,16697
47585,294912,22264,141907,15655,272647,32230,15531,16699
47590,294943,22266,141925,15657,272675,32234,15535,16699
47595,294974,22268,141939,15658,272705,32238,15538,16700
47600,295005,22270,141958,15660,272734,32242,15541,16701
47605,295036,22271,141974,15661,272765,32246,15544,16702
47610,295067,22273,141994,15663,272794,32250,15547,16703
47615,295098,22274,142008,15663,272824,32254,15548,16706
47620,295129,22275,142023,15664,272854,32258,15550,16708
47625,295160,22278,142042,15667,272881,32262,15552,16710
47630,295191,22281,142056,15670,272910,32266,15554,16712
47635,295222,22283,142071,15672,272937,32270,15555,16715
47640,295253,22285,142090,15673,272967,32274,15557,16717
47645,295284,22286,142105,15674,272998,32277,15558,16719
47650,295315,22286,142120,15674,273029,32280,15559,16721
47655,295346,22288,142140,15676,273058,32283,15562,16721
47660,295377,22289,142155,15676,273087,32286,15562,16724
47665,295408,22292,142164,15678,273116,32289,15565,16724
47670,295439,22294,142177,15679,273145,32292,15566,16726
47675,295470,22297,142197,15682,273172,32295,15568,16727
47680,295501,22301,142211,15684,273200,32298,15569,16729
47685,295532,22304,142229,15686,273228,32301,15572,16729
47690,295563,22307,142238,15687,273256,32304,15573,16731
47695,295594,22309,142250,15687,273284,32307,15576,16731
47700,295625,22314,142265,15690,273310,32310,15578,16732
47705,295656,22317,142278,15692,273337,32313,15579,16734
47710,295687,22324,142286,15697,273363,32316,15582,16734
47715,295718,22328,142299,15700,273390,32319,15585,16734
47720,295749,22331,142316,15703,273418,32322,15587,16735
47725,295780,22333,142330,15705,273447,32325,15587,16738
47730,295811,22335,142345,15707,273475,32328,15588,16740
47735,295842,22337,142361,15708,273505,32331,15589,16742
47740,295873,22340,142378,15710,273533,32334,15591,16743
47745,295904,22343,142389,15711,273559,32338,15593,16745
47750,295935,22344,142403,15712,273589,32342,15595,16747
47755,295966,22345,142420,15713,273619,32346,15596,16750
47760,295997,22346,142429,15713,273650,32350,15598,16752
47765,296028,22347,142439,15714,273681,32354,15599,16755
47770,296059,22348,142455,15714,273711,32358,15602,16756
47775,296090,22349,142473,15714,273741,32362,15604,16758
47780,296121,22351,142487,15715,273770,32366,15605,16761
47785,296152,22352,142501,15716,273800,32370,15607,16763
47790,296183,22353,142512,15716,273830,32374,15609,16765
47795,296214,22354,142528,15716,273860,32378,15611,16767
47800,296245,22356,142543,15718,273889,32382,15613,16769
47805,296276,22357,142562,15718,273919,32386,15615,16771
47810,296307,22359,142581,15720,273948,32390,15618,16772
47815,296338,22360,142597,15721,273978,32394,15621,16773
47820,296369,22361,142614,15722,274008,32398,15623,16775
47825,296400,22364,142632,15724,274036,32401,15625,16776
47830,296431,22367,142647,15726,274063,32404,15627,16777
47835,296462,22370,142660,15728,274091,32407,15629,16778
47840,296493,22373,142673,15729,274119,32410,15630,16780
47845,296524,22377,142691,15733,274146,32413,15631,16782
47850,296555,22381,142705,15736,274173,32416,15633,16783
47855,296586,22384,142721,15739,274202,32419,15636,16783
47860,296617,22387,142739,15741,274230,32422,15637,16785
47865,296648,22391,142752,15744,274257,32425,15638,16787
47870,296679,22394,142770,15747,274285,32428,15640,16788
47875,296710,22398,142788,15749,274311,32431,15641,16790
47880,296741,22401,142801,15751,274340,32434,15642,16792
47885,296772,22403,142818,15753,274367,32437,15645,16792
47890,296803,22408,142833,15758,274394,32440,15647,16793
47895,296834,22411,142845,15760,274421,32443,15647,16796
47900,296865,22418,142858,15766,274446,32446,15649,16797
47905,296896,22420,142873,15767,274474,32449,15651,16798
47910,296927,22423,142893,15770,274504,32452,15652,16800
47915,296958,22424,142906,15770,274531,32455,15655,16800
47920,296989,22428,142926,15773,274558,32458,15655,16803
47925,297020,22429,142943,15774,274589,32462,15658,16804
47930,297051,22429,142958,15774,274621,32466,15660,16806
47935,297082,22429,142971,15774,274651,32470,15663,16807
47940,297113,22429,142985,15774,274683,32474,15666,16808
47945,297144,22429,142992,15774,274715,32477,15666,16811
47950,297175,22429,143008,15774,274744,32480,15668,16812
47955,297206,22430,143022,15774,274775,32483,15668,16815
47960,297237,22431,143037,15774,274805,32486,15669,16817
47965,297268,22432,143049,15775,274836,32489,15672,16817
47970,297299,22433,143067,15775,274865,32492,15675,16817
47975,297330,22434,143081,15775,274896,32495,15676,16819
47980,297361,22435,143098,15776,274926,32498,15678,16820
47985,297392,22437,143112,15778,274955,32501,15680,16821
47990,297423,22439,143129,15780,274984,32504,15682,16822
47995,297454,22441,143140,15782,275012,32507,15683,16824
48000,297485,22445,143155,15785,275039,32510,15685,16825
48005,297516,22447,143172,15786,275069,32513,15687,16826
48010,297547,22449,143192,15788,275098,32516,15689,16827
48015,297578,22451,143205,15789,275127,32519,15689,16830
48020,297609,22453,143217,15791,275156,32522,15690,16832
48025,297640,22456,143234,15793,275184,32525,15693,16832
48030,297671,22461,143252,15795,275208,32528,15694,16834
48035,297702,22466,143264,15798,275236,32531,15695,16836
48040,297733,22471,143283,15803,275261,32534,15696,16838
48045,297764,22478,143302,15810,275285,32538,15699,16839
48050,297795,22486,143317,15817,275308,32542,15699,16843
48055,297826,22492,143330,15821,275334,32546,15701,16845
48060,297857,22496,143346,15824,275359,32550,15704,16846
48065,297888,22499,143362,15827,275387,32554,15706,16848
48070,297919,22501,143377,15828,275417,32558,15707,16851
48075,297950,22503,143395,15830,275446,32562,15711,16851
48080,297981,22505,143414,15831,275475,32566,15714,16852
48085,298012,22507,143430,15833,275504,32570,15717,16853
48090,298043,22509,143447,15834,275533,32574,15720,16854
48095,298074,22511,143460,15836,275561,32578,15722,16856
48100,298105,22514,143479,15839,275589,32582,15724,16858
48105,298136,22517,143495,15841,275617,32586,15726,16860
48110,298167,22517,143510,15841,275650,32590,15728,16862
48115,298198,22517,143522,15841,275679,32594,15729,16865
48120,298229,22517,143537,15841,275711,32598,15731,16867
48125,298260,22517,143551,15841,275742,32601,15732,16869
48130,298291,22517,143569,15841,275772,32604,15734,16870
48135,298322,22517,143579,15841,275804,32607,15736,16871
48140,298353,22517,143592,15841,275836,32610,15739,16871
48145,298384,22517,143609,15841,275866,32613,15740,16873
48150,298415,22517,143626,15841,275898,32616,15742,16874
48155,298446,22517,143644,15841,275929,32619,15743,16876
48160,298477,22517,143657,15841,275960,32622,15745,16877
48165,298508,22518,143670,15841,275990,32625,15746,16879
48170,298539,22520,143683,15841,276018,32628,15747,16881
48175,298570,22523,143702,15843,276045,32631,15748,16883
48180,298601,22527,143717,15846,276074,32634,15751,16883
48185,298632,22529,143732,15846,276103,32637,15752,16885
48190,298663,22531,143750,15846,276130,32640,15755,16885
48195,298694,22535,143762,15848,276158,32643,15756,16887
48200,298725,22538,143771,15850,276186,32646,15756,16890
48205,298756,22542,143785,15853,276212,32649,15759,16890
48210,298787,22549,143801,15858,276235,32652,15760,16892
48215,298818,22554,143818,15862,276264,32655,15762,16893
48220,298849,22558,143833,15865,276291,32658,15763,16895
48225,298880,22560,143849,15866,276320,32661,15764,16897
48230,298911,22564,143863,15868,276346,32665,15765,16900
48235,298942,22567,143876,15869,276373,32669,15767,16902
48240,298973,22570,143892,15870,276403,32673,15768,16905
48245,299004,22572,143905,15871,276432,32676,15769,16907
48250,299035,22575,143921,15874,276460,32679,15772,16907
48255,299066,22579,143930,15876,276487,32682,15774,16908
48260,299097,22583,143941,15879,276514,32685,15775,16910
48265,299128,22587,143955,15881,276540,32688,15776,16912
48270,299159,22589,143971,15883,276569,32691,15776,16915
48275,299190,22591,143985,15885,276599,32694,15777,16917
48280,299221,22594,143999,15887,276627,32697,15778,16919
48285,299252,22595,144014,15888,276655,32700,15780,16920
48290,299283,22598,144030,15891,276684,32703,15782,16921
48295,299314,22600,144047,15892,276713,32706,15784,16922
48300,299345,22601,144061,15893,276742,32709,15784,16925
48305,299376,22601,144083,15893,276774,32712,15786,16926
48310,299407,22601,144096,15893,276806,32715,15787,16928
48315,299438,22601,144108,15893,276836,32718,15788,16930
48320,299469,22602,144121,15893,276867,32721,15788,16933
48325,299500,22603,144134,15894,276897,32724,15789,16935
48330,299531,22604,144147,15894,276927,32727,15790,16937
48335,299562,22605,144166,15894,276957,32730,15793,16937
48340,299593,22606,144180,15894,276987,32733,15793,16940
48345,299624,22607,144194,15894,277017,32737,15795,16942
48350,299655,22609,144207,15896,277045,32741,15795,16946
48355,299686,22612,144223,15899,277073,32745,15798,16947
48360,299717,22614,144241,15901,277103,32749,15801,16948
48365,299748,22617,144254,15903,277130,32753,15802,16951
48370,299779,22619,144268,15904,277160,32757,15802,16955
48375,299810,22624,144282,15908,277186,32761,15805,16956
48380,299841,22628,144299,15911,277213,32765,15808,16957
48385,299872,22632,144314,15914,277240,32769,15809,16960
48390,299903,22635,144327,15916,277267,32773,15811,16962
48395,299934,22638,144343,15918,277296,32777,15812,16965
48400,299965,22639,144361,15918,277324,32781,15814,16967
48405,299996,22642,144374,15920,277354,32785,15817,16968
48410,300027,22648,144386,15925,277379,32789,15819,16970
48415,300058,22652,144399,15928,277404,32793,15822,16971
48420,300089,22657,144419,15932,277430,32797,15825,16972
48425,300120,22662,144426,15935,277458,32799,15826,16973
48430,300151,22666,144442,15938,277484,32801,15827,16974
48435,300182,22668,144453,15940,277514,32803,15827,16976
48440,300213,22670,144464,15941,277541,32805,15827,16978
48445,300244,22671,144477,15942,277573,32807,15828,16979
48450,300275,22674,144496,15945,277600,32809,15828,16981
48455,300306,22675,144511,15946,277630,32811,15828,16983
48460,300337,22676,144526,15946,277660,32813,15829,16984
48465,300368,22678,144545,15947,277689,32815,15830,16985
48470,300399,22680,144559,15949,277718,32817,15831,16986
48475,300430,22680,144572,15949,277750,32819,15833,16986
48480,300461,22680,144586,15949,277781,32821,15834,16987
48485,300492,22680,144601,15949,277812,32823,15834,16989
48490,300523,22680,144616,15949,277842,32825,15835,16990
48495,300554,22680,144630,15949,277874,32827,15836,16991
48500,300585,22680,144648,15949,277904,32829,15838,16991
48505,300616,22680,144661,15949,277935,32831,15839,16992
48510,300647,22682,144671,15951,277965,32833,15839,16994
48515,300678,22683,144690,15951,277994,32835,15840,16995
48520,300709,22685,144701,15952,278023,32837,15840,16997
48525,300740,22686,144717,15952,278052,32841,15842,16999
48530,300771,22688,144731,15953,278081,32845,15844,17001
48535,300802,22692,144743,15957,278109,32849,15846,17003
48540,300833,22697,144752,15960,278136,32853,15847,17006
48545,300864,22700,144763,15962,278164,32857,15848,17009
48550,300895,22703,144778,15965,278191,32861,15852,17009
48555,300926,22708,144795,15970,278217,32865,15855,17010
48560,300957,22709,144808,15971,278248,32869,15856,17013
48565,300988,22710,144818,15971,278277,32873,15857,17016
48570,301019,22712,144837,15973,278307,32877,15860,17017
48575,301050,22713,144852,15973,278337,32881,15863,17018
48580,301081,22716,144868,15975,278363,32885,15865,17020
48585,301112,22723,144883,15981,278388,32889,15866,17023
48590,301143,22728,144902,15985,278413,32893,15868,17025
48595,301174,22733,144920,15989,278441,32897,15871,17026
48600,301205,22738,144937,15992,278467,32901,15875,17026
48605,301236,22742,144956,15995,278494,32905,15879,17026
48610,301267,22746,144971,15998,278521,32909,15880,17029
48615,301298,22749,144985,16000,278549,32913,15882,17031
48620,301329,22750,144999,16000,278579,32917,15884,17033
48625,301360,22752,145015,16002,278607,32921,15886,17035
48630,301391,22753,145033,16003,278637,32925,15887,17038
48635,301422,22753,145047,16003,278668,32929,15888,17041
48640,301453,22753,145066,16003,278699,32933,15890,17043
48645,301484,22753,145081,16003,278729,32937,15891,17046
48650,301515,22753,145091,16003,278760,32941,15892,17049
48655,301546,22753,145105,16003,278792,32945,15895,17050
48660,301577,22753,145119,16003,278823,32949,15898,17051
48665,301608,22755,145130,16004,278852,32953,15899,17054
48670,301639,22757,145150,16006,278881,32957,15902,17055
48675,301670,22760,145165,16009,278909,32961,15905,17056
48680,301701,22762,145178,16010,278939,32965,15906,17059
48685,301732,22764,145193,16011,278968,32969,15908,17061
48690,301763,22765,145205,16011,278997,32973,15910,17063
48695,301794,22768,145218,16014,279026,32977,15913,17064
48700,301825,22771,145235,16017,279052,32981,15915,17066
48705,301856,22775,145252,16020,279081,32985,15916,17069
48710,301887,22775,145267,16020,279112,32989,15918,17071
48715,301918,22775,145276,16020,279143,32993,15920,17073
48720,301949,22775,145291,16020,279174,32997,15923,17074
48725,301980,22776,145309,16020,279204,33001,15926,17075
48730,302011,22777,145324,16021,279233,33005,15929,17076
48735,302042,22779,145335,16021,279262,33009,15932,17077
48740,302073,22782,145351,16024,279290,33013,15935,17078
48745,302104,22784,145364,16024,279320,33017,15936,17081
48750,302135,22786,145384,16026,279349,33021,15938,17083
48755,302166,22788,145401,16026,279378,33025,15941,17084
48760,302197,22790,145414,16026,279407,33029,15943,17086
48765,302228,22792,145422,16028,279436,33033,15943,17090
48770,302259,22795,145436,16031,279464,33037,15944,17093
48775,302290,22798,145454,16033,279492,33041,15945,17096
48780,302321,22801,145473,16036,279520,33045,15947,17098
48785,302352,22804,145492,16039,279548,33049,15948,17101
48790,302383,22808,145504,16042,279573,33053,15951,17102
48795,302414,22813,145521,16046,279601,33057,15954,17103
48800,302445,22815,145534,16047,279628,33061,15956,17105
48805,302476,22819,145551,16050,279657,33065,15957,17108
48810,302507,22820,145570,16051,279686,33069,15958,17111
48815,302538,22823,145586,16053,279712,33073,15960,17113
48820,302569,22828,145601,16056,279740,33077,15961,17116
48825,302600,22831,145610,16057,279768,33081,15963,17118
48830,302631,22834,145634,16060,279794,33085,15967,17118
48835,302662,22838,145645,16063,279822,33089,15968,17121
48840,302693,22842,145659,16066,279849,33093,15971,17122
48845,302724,22847,145670,16070,279877,33096,15972,17124
48850,302755,22851,145684,16072,279902,33099,15973,17126
48855,302786,22853,145695,16074,279932,33102,15974,17128
48860,302817,22854,145711,16075,279962,33105,15975,17130
48865,302848,22856,145728,16076,279992,33108,15977,17131
48870,302879,22857,145741,16076,280022,33111,15979,17132
48875,302910,22858,145758,16076,280052,33114,15981,17133
48880,302941,22860,145768,16077,280081,33117,15982,17135
48885,302972,22861,145788,16077,280111,33120,15985,17135
48890,303003,22862,145801,16078,280141,33123,15987,17136
48895,303034,22864,145818,16080,280170,33126,15988,17138
48900,303065,22866,145835,16082,280199,33129,15990,17139
48905,303096,22867,145854,16083,280229,33130,15990,17140
48910,303127,22869,145871,16085,280258,33131,15991,17140
48915,303158,22872,145884,16087,280286,33132,15992,17140
48920,303189,22875,145903,16090,280314,33133,15993,17140
48925,303220,22876,145915,16091,280344,33134,15993,17141
48930,303251,22877,145931,16092,280374,33135,15994,17141
48935,303282,22878,145940,16092,280404,33136,15994,17142
48940,303313,22879,145955,16092,280434,33137,15994,17143
48945,303344,22880,145972,16092,280461,33139,15995,17144
48950,303375,22881,145989,16092,280494,33141,15996,17145
48955,303406,22882,146004,16093,280523,33143,15997,17146
48960,303437,22884,146022,16094,280552,33145,15999,17146
48965,303468,22887,146037,16095,280580,33146,15999,17147
48970,303499,22890,146054,16097,280609,33147,16000,17147
48975,303530,22893,146065,16098,280636,33148,16000,17148
48980,303561,22897,146083,16100,280662,33149,16001,17148
48985,303592,22901,146100,16103,280691,33150,16002,17148
48990,303623,22903,146116,16104,280718,33151,16003,17148
48995,303654,22908,146130,16107,280745,33152,16004,17148
49000,303685,22911,146149,16109,280772,33153,16005,17148
49005,303716,22915,146161,16112,280799,33155,16006,17149
49010,303747,22918,146177,16114,280828,33158,16008,17150
49015,303778,22919,146190,16114,280858,33161,16009,17152
49020,303809,22921,146202,16116,280886,33164,16011,17153
49025,303840,22924,146219,16119,280915,33167,16013,17154
49030,303871,22926,146234,16120,280945,33170,16013,17157
49035,303902,22928,146252,16122,280974,33173,16015,17158
49040,303933,22931,146271,16125,281002,33176,16017,17159
49045,303964,22935,146289,16128,281028,33179,16019,17160
49050,303995,22939,146300,16130,281055,33182,16020,17162
49055,304026,22942,146315,16132,281084,33185,16023,17162
49060,304057,22944,146326,16133,281113,33188,16023,17165
49065,304088,22946,146340,16134,281142,33192,16025,17167
49070,304119,22948,146353,16135,281171,33196,16028,17168
49075,304150,22952,146370,16139,281197,33200,16031,17169
49080,304181,22954,146385,16140,281225,33204,16032,17172
49085,304212,22956,146399,16142,281254,33208,16034,17174
49090,304243,22958,146412,16143,281285,33212,16035,17177
49095,304274,22961,146424,16145,281311,33216,16038,17178
49100,304305,22963,146436,16146,281341,33220,16040,17180
49105,304336,22967,146451,16149,281367,33224,16040,17184
49110,304367,22970,146464,16152,281395,33228,16042,17186
49115,304398,22972,146476,16153,281426,33232,16044,17188
49120,304429,22976,146488,16157,281452,33236,16044,17192
49125,304460,22979,146505,16159,281480,33240,16045,17195
49130,304491,22981,146524,16161,281510,33244,16046,17198
49135,304522,22983,146538,16162,281537,33248,16047,17201
49140,304553,22986,146552,16164,281564,33252,16049,17203
49145,304584,22990,146568,16168,281593,33256,16051,17205
49150,304615,22992,146582,16170,281623,33260,16051,17209
49155,304646,22992,146597,16170,281653,33264,16054,17210
49160,304677,22992,146610,16170,281685,33268,16056,17212
49165,304708,22992,146629,16170,281716,33272,16058,17214
49170,304739,22992,146643,16170,281747,33276,16058,17218
49175,304770,22992,146661,16170,281776,33280,16061,17219
49180,304801,22992,146679,16170,281807,33284,16063,17221
49185,304832,22994,146697,16172,281836,33288,16067,17221
49190,304863,22996,146708,16173,281865,33292,16069,17223
49195,304894,22998,146723,16175,281895,33296,16071,17225
49200,304925,22999,146735,16175,281925,33300,16073,17227
49205,304956,23001,146755,16177,281955,33304,16076,17228
49210,304987,23002,146765,16177,281985,33308,16077,17231
49215,305018,23003,146777,16177,282015,33312,16077,17235
49220,305049,23005,146793,16178,282043,33316,16080,17236
49225,305080,23008,146806,16180,282071,33320,16083,17237
49230,305111,23012,146818,16184,282098,33324,16085,17239
49235,305142,23017,146833,16188,282125,33328,16087,17241
49240,305173,23021,146850,16192,282151,33332,16087,17245
49245,305204,23025,146867,16195,282178,33336,16090,17246
49250,305235,23027,146880,16196,282208,33340,16091,17249
49255,305266,23028,146892,16196,282238,33344,16093,17251
49260,305297,23031,146910,16198,282266,33348,16095,17253
49265,305328,23034,146927,16199,282294,33352,16098,17254
49270,305359,23037,146944,16200,282322,33356,16102,17254
49275,305390,23039,146958,16201,282351,33360,16103,17257
49280,305421,23042,146972,16204,282379,33364,16104,17260
49285,305452,23046,146990,16207,282406,33368,16107,17261
49290,305483,23050,147007,16210,282433,33372,16110,17262
49295,305514,23053,147022,16212,282461,33376,16111,17265
49300,305545,23057,147034,16214,282488,33380,16113,17267
49305,305576,23060,147052,16216,282515,33384,16116,17268
49310,305607,23061,147068,16217,282544,33388,16119,17269
49315,305638,23062,147084,16217,282576,33392,16121,17271
49320,305669,23063,147096,16217,282605,33396,16123,17273
49325,305700,23065,147104,16218,282634,33400,16124,17276
49330,305731,23067,147120,16220,282664,33404,16126,17278
49335,305762,23070,147136,16223,282691,33408,16127,17281
49340,305793,23071,147152,16224,282721,33412,16128,17284
49345,305824,23075,147171,16227,282748,33416,16132,17284
49350,305855,23077,147185,16228,282777,33420,16133,17287
49355,305886,23079,147201,16229,282806,33424,16135,17289
49360,305917,23082,147216,16232,282834,33428,16138,17290
49365,305948,23086,147230,16234,282859,33432,16141,17291
49370,305979,23090,147246,16238,282888,33436,16143,17293
49375,306010,23093,147262,16240,282915,33440,16147,17293
49380,306041,23098,147278,16245,282940,33444,16150,17294
49385,306072,23102,147293,16249,282970,33446,16152,17294
49390,306103,23104,147309,16250,282999,33448,16153,17295
49395,306134,23104,147323,16250,283030,33450,16154,17296
49400,306165,23104,147333,16250,283061,33452,16154,17298
49405,306196,23104,147349,16250,283092,33454,16156,17298
49410,306227,23105,147368,16250,283122,33456,16156,17300
49415,306258,23106,147382,16251,283152,33458,16156,17302
49420,306289,23107,147397,16252,283182,33460,16157,17303
49425,306320,23108,147412,16253,283212,33462,16158,17304
49430,306351,23109,147422,16253,283242,33464,16158,17306
49435,306382,23110,147431,16254,283272,33466,16158,17308
49440,306413,23111,147447,16254,283301,33468,16159,17309
49445,306444,23112,147462,16254,283332,33470,16160,17310
49450,306475,23113,147475,16255,283361,33472,16161,17311
49455,306506,23114,147493,16255,283392,33474,16163,17311
49460,306537,23115,147508,16255,283422,33476,16165,17311
49465,306568,23116,147525,16255,283452,33478,16167,17311
49470,306599,23118,147538,16257,283480,33480,16167,17313
49475,306630,23120,147552,16259,283510,33482,16167,17315
49480,306661,23123,147567,16261,283538,33484,16168,17316
49485,306692,23125,147586,16263,283567,33488,16170,17318
49490,306723,23127,147603,16265,283595,33492,16174,17318
49495,306754,23130,147623,16267,283622,33496,16178,17318
49500,306785,23139,147641,16274,283642,33500,16180,17320
49505,306816,23148,147655,16282,283668,33503,16181,17322
49510,306847,23153,147671,16286,283693,33506,16182,17324
49515,306878,23156,147683,16287,283721,33509,16183,17326
49520,306909,23159,147699,16288,283749,33512,16185,17327
49525,306940,23163,147715,16292,283775,33515,16187,17328
49530,306971,23167,147730,16294,283803,33518,16188,17330
49535,307002,23169,147750,16296,283831,33521,16189,17332
49540,307033,23173,147764,16300,283859,33524,16189,17335
49545,307064,23174,147783,16301,283890,33527,16191,17336
49550,307095,23175,147794,16301,283920,33530,16192,17338
49555,307126,23176,147811,16302,283950,33533,16195,17338
49560,307157,23177,147826,16302,283980,33536,16197,17339
49565,307188,23179,147844,16304,284009,33539,16197,17342
49570,307219,23181,147862,16305,284038,33542,16199,17343
49575,307250,23184,147879,16308,284066,33545,16201,17344
49580,307281,23186,147891,16309,284095,33548,16201,17347
49585,307312,23189,147905,16311,284123,33551,16202,17349
49590,307343,23192,147925,16313,284151,33554,16202,17352
49595,307374,23194,147941,16315,284180,33557,16204,17353
49600,307405,23195,147955,16316,284209,33560,16206,17354
49605,307436,23195,147970,16316,284240,33564,16208,17356
49610,307467,23195,147982,16316,284272,33568,16210,17358
49615,307498,23196,147993,16317,284300,33572,16211,17361
49620,307529,23198,148009,16318,284329,33576,16214,17362
49625,307560,23200,148025,16319,284359,33580,16215,17365
49630,307591,23202,148033,16320,284389,33584,16216,17368
49635,307622,23204,148045,16322,284418,33588,16218,17370
49640,307653,23207,148057,16324,284446,33592,16222,17370
49645,307684,23210,148076,16327,284473,33596,16225,17371
49650,307715,23215,148090,16331,284499,33600,16227,17373
49655,307746,23220,148107,16335,284525,33604,16229,17375
49660,307777,23223,148123,16338,284553,33608,16232,17376
49665,307808,23228,148135,16342,284579,33612,16233,17379
49670,307839,23230,148147,16344,284605,33616,16233,17383
49675,307870,23233,148161,16347,284635,33620,16236,17384
49680,307901,23235,148174,16348,284664,33624,16237,17387
49685,307932,23237,148191,16350,284694,33628,16239,17389
49690,307963,23238,148209,16351,284723,33632,16240,17392
49695,307994,23240,148222,16353,284754,33636,16242,17394
49700,308025,23242,148238,16354,284782,33640,16244,17396
49705,308056,23246,148259,16358,284809,33644,16246,17398
49710,308087,23249,148274,16360,284837,33648,16247,17401
49715,308118,23250,148291,16361,284868,33652,16248,17404
49720,308149,23251,148310,16362,284898,33656,16251,17405
49725,308180,23252,148321,16363,284928,33660,16253,17407
49730,308211,23253,148337,16363,284958,33664,16253,17411
49735,308242,23254,148353,16364,284988,33668,16257,17411
49740,308273,23255,148370,16364,285018,33672,16257,17415
49745,308304,23257,148384,16366,285047,33676,16259,17417
49750,308335,23258,148403,16367,285075,33680,16261,17419
49755,308366,23260,148418,16369,285106,33684,16261,17423
49760,308397,23261,148429,16369,285134,33688,16262,17426
49765,308428,23262,148444,16369,285165,33692,16264,17428
49770,308459,23263,148461,16369,285195,33696,16266,17430
49775,308490,23266,148477,16371,285223,33700,16270,17430
49780,308521,23269,148495,16374,285252,33704,16272,17432
49785,308552,23272,148513,16377,285280,33708,16274,17434
49790,308583,23275,148529,16379,285307,33712,16276,17436
49795,308614,23280,148543,16382,285334,33716,16280,17436
49800,308645,23283,148555,16384,285362,33720,16281,17439
49805,308676,23286,148569,16385,285389,33724,16284,17440
49810,308707,23289,148584,16387,285418,33728,16287,17441
49815,308738,23291,148597,16388,285447,33732,16289,17443
49820,308769,23293,148618,16390,285475,33736,16292,17444
49825,308800,23296,148634,16393,285504,33740,16295,17445
49830,308831,23299,148647,16396,285530,33744,16296,17448
49835,308862,23305,148661,16401,285555,33748,16298,17450
49840,308893,23310,148673,16405,285582,33752,16300,17452
49845,308924,23316,148690,16409,285607,33756,16302,17454
49850,308955,23318,148700,16410,285636,33760,16304,17456
49855,308986,23320,148713,16412,285665,33764,16307,17457
49860,309017,23323,148730,16414,285693,33768,16311,17457
49865,309048,23325,148746,16416,285722,33772,16313,17459
49870,309079,23327,148758,16418,285751,33776,16315,17461
49875,309110,23330,148775,16421,285779,33780,16316,17464
49880,309141,23332,148792,16423,285807,33784,16318,17466
49885,309172,23332,148803,16423,285839,33788,16320,17468
49890,309203,23332,148813,16423,285870,33792,16321,17471
49895,309234,23332,148828,16423,285902,33796,16323,17473
49900,309265,23332,148848,16423,285932,33800,16326,17474
49905,309296,23332,148861,16423,285964,33804,16330,17474
49910,309327,23333,148879,16424,285993,33808,16333,17475
49915,309358,23334,148893,16424,286022,33812,16336,17476
49920,309389,23335,148908,16425,286054,33816,16337,17479
49925,309420,23336,148925,16426,286082,33817,16338,17479
49930,309451,23337,148936,16426,286113,33818,16338,17480
49935,309482,23338,148951,16426,286144,33819,16339,17480
49940,309513,23339,148964,16427,286174,33820,16339,17481
49945,309544,23340,148986,16428,286204,33821,16340,17481
49950,309575,23341,149005,16429,286234,33822,16341,17481
49955,309606,23343,149025,16429,286263,33823,16342,17481
49960,309637,23345,149038,16431,286292,33824,16342,17482
49965,309668,23348,149054,16432,286320,33825,16343,17482
49970,309699,23350,149069,16433,286349,33826,16344,17482
49975,309730,23352,149085,16434,286378,33827,16345,17482
49980,309761,23354,149100,16435,286407,33828,16345,17483
49985,309792,23356,149110,16435,286436,33829,16346,17483
49990,309823,23361,149128,16438,286461,33830,16347,17483
49995,309854,23366,149141,16441,286488,33831,16347,17484
50000,309885,23370,149153,16443,286514,33832,16348,17484
50005,309916,23375,149165,16447,286540,33833,16349,17484
50010,309947,23380,149178,16451,286567,33834,16349,17485
50015,309978,23383,149188,16453,286594,33835,16349,17486
50020,310009,23389,149201,16457,286620,33836,16349,17487
50025,310040,23394,149215,16461,286646,33839,16350,17489
50030,310071,23399,149230,16464,286672,33843,16351,17492
50035,310102,23403,149245,16468,286698,33847,16352,17495
50040,310133,23411,149263,16475,286719,33851,16354,17497
50045,310164,23416,149279,16480,286748,33854,16356,17498
50050,310195,23417,149292,16480,286775,33857,16356,17501
50055,310226,23420,149304,16482,286806,33860,16359,17501
50060,310257,23421,149322,16483,286834,33863,16362,17501
50065,310288,23424,149337,16485,286862,33866,16364,17502
50070,310319,23425,149349,16486,286892,33869,16365,17504
50075,310350,23425,149361,16486,286924,33872,16367,17505
50080,310381,23425,149371,16486,286955,33875,16368,17507
50085,310412,23425,149385,16486,286987,33878,16370,17508
50090,310443,23425,149400,16486,287018,33881,16370,17511
50095,310474,23425,149419,16486,287048,33884,16372,17512
50100,310505,23425,149436,16486,287080,33887,16373,17514
50105,310536,23425,149453,16486,287111,33890,16375,17515
50110,310567,23425,149468,16486,287141,33893,16377,17516
50115,310598,23425,149485,16486,287172,33896,16379,17517
50120,310629,23425,149501,16486,287204,33899,16381,17518
50125,310660,23426,149517,16486,287233,33902,16382,17520
50130,310691,23427,149532,16487,287263,33905,16384,17521
50135,310722,23428,149547,16487,287293,33908,16387,17521
50140,310753,23430,149562,16489,287323,33911,16389,17522
50145,310784,23432,149575,16490,287351,33915,16390,17525
50150,310815,23435,149590,16493,287380,33919,16392,17527
50155,310846,23438,149602,16495,287406,33923,16392,17531
50160,310877,23444,149616,16500,287433,33927,16394,17533
50165,310908,23448,149633,16502,287459,33931,16395,17536
50170,310939,23452,149651,16505,287486,33935,16396,17539
50175,310970,23457,149666,16509,287512,33939,16396,17543
50180,311001,23463,149687,16514,287537,33943,16398,17545
50185,311032,23470,149698,16520,287562,33947,16399,17548
50190,311063,23473,149711,16522,287590,33951,16401,17550
50195,311094,23476,149727,16523,287618,33955,16403,17552
50200,311125,23479,149745,16526,287645,33959,16404,17555
50205,311156,23480,149758,16527,287676,33963,16404,17559
50210,311187,23481,149774,16527,287703,33967,16406,17561
50215,311218,23482,149789,16527,287735,33971,16408,17563
50220,311249,23483,149808,16527,287764,33975,16410,17565
50225,311280,23484,149823,16528,287796,33979,16412,17567
50230,311311,23486,149837,16529,287824,33983,16413,17570
50235,311342,23488,149847,16530,287854,33987,16415,17572
50240,311373,23490,149860,16531,287883,33991,16416,17575
50245,311404,23491,149878,16532,287912,33995,16418,17577
50250,311435,23492,149890,16533,287943,33999,16419,17580
50255,311466,23494,149903,16534,287971,34003,16421,17582
50260,311497,23496,149914,16535,287999,34007,16423,17584
50265,311528,23499,149930,16538,288027,34011,16424,17587
50270,311559,23503,149942,16542,288054,34015,16426,17589
50275,311590,23506,149962,16545,288082,34019,16429,17590
50280,311621,23506,149979,16545,288114,34023,16432,17591
50285,311652,23506,149998,16545,288146,34027,16434,17593
50290,311683,23506,150012,16545,288176,34031,16436,17595
50295,311714,23507,150029,16545,288206,34035,16438,17597
50300,311745,23508,150043,16545,288235,34039,16440,17599
50305,311776,23512,150060,16548,288262,34043,16443,17600
50310,311807,23516,150082,16552,288290,34047,16446,17601
50315,311838,23519,150094,16553,288317,34051,16448,17603
50320,311869,23524,150107,16557,288345,34055,16449,17606
50325,311900,23526,150125,16559,288372,34059,16450,17609
50330,311931,23533,150142,16564,288396,34063,16453,17610
50335,311962,23538,150158,16567,288424,34067,16457,17610
50340,311993,23539,150179,16568,288454,34071,16458,17613
50345,312024,23540,150193,16568,288483,34075,16460,17615
50350,312055,23541,150211,16568,288513,34079,16462,17617
50355,312086,23542,150226,16568,288544,34083,16462,17621
50360,312117,23543,150243,16568,288574,34087,16464,17623
50365,312148,23544,150259,16569,288604,34091,16466,17625
50370,312179,23545,150272,16569,288634,34095,16467,17628
50375,312210,23546,150289,16570,288664,34099,16468,17631
50380,312241,23548,150300,16572,288693,34103,16469,17634
50385,312272,23551,150318,16573,288721,34107,16470,17637
50390,312303,23554,150333,16575,288749,34111,16472,17639
50395,312334,23557,150351,16577,288777,34115,16473,17642
50400,312365,23561,150368,16580,288803,34119,16474,17645
50405,312396,23563,150376,16581,288833,34123,16475,17648
50410,312427,23567,150388,16584,288860,34127,16476,17651
50415,312458,23570,150405,16585,288887,34131,16478,17653
50420,312489,23573,150421,16587,288915,34135,16482,17653
50425,312520,23576,150434,16589,288943,34139,16483,17656
50430,312551,23578,150447,16591,288973,34143,16484,17659
50435,312582,23581,150462,16594,289000,34147,16484,17663
50440,312613,23585,150473,16597,289027,34151,16485,17666
50445,312644,23591,150488,16602,289051,34155,16487,17668
50450,312675,23597,150500,16606,289076,34159,16489,17670
50455,312706,23602,150513,16610,289101,34163,16490,17673
50460,312737,23606,150527,16613,289129,34167,16492,17675
50465,312768,23610,150538,16616,289157,34170,16494,17676
50470,312799,23616,150558,16621,289181,34173,16497,17676
50475,312830,23621,150576,16626,289209,34176,16499,17677
50480,312861,23622,150591,16627,289238,34179,16500,17679
50485,312892,23622,150603,16627,289269,34182,16500,17682
50490,312923,23622,150620,16627,289300,34185,16501,17684
50495,312954,23622,150631,16627,289332,34188,16503,17685
50500,312985,23622,150648,16627,289363,34191,16506,17685
50505,313016,23622,150662,16627,289394,34194,16508,17686
50510,313047,23622,150675,16627,289425,34197,16509,17688
50515,313078,23622,150689,16627,289456,34200,16510,17690
50520,313109,23622,150707,16627,289487,34203,16511,17692
50525,313140,23622,150721,16627,289518,34205,16513,17692
50530,313171,23622,150736,16627,289549,34207,16515,17692
50535,313202,23622,150751,16627,289579,34209,16517,17692
50540,313233,23622,150764,16627,289610,34211,16517,17694
50545,313264,23622,150780,16627,289642,34213,16517,17696
50550,313295,23622,150799,16627,289672,34215,16518,17697
50555,313326,23624,150814,16629,289701,34217,16520,17697
50560,313357,23627,150830,16632,289730,34219,16521,17698
50565,313388,23630,150848,16635,289758,34222,16523,17699
50570,313419,23632,150858,16636,289787,34225,16524,17701
50575,313450,23635,150873,16639,289815,34228,16525,17703
50580,313481,23638,150890,16641,289842,34231,16527,17704
50585,313512,23645,150907,16646,289867,34233,16528,17705
50590,313543,23649,150927,16648,289894,34235,16529,17706
50595,313574,23651,150939,16649,289923,34237,16531,17706
50600,313605,23653,150955,16649,289952,34239,16531,17708
50605,313636,23655,150972,16649,289980,34241,16533,17708
50610,313667,23657,150983,16650,290010,34243,16535,17708
50615,313698,23659,151003,16651,290038,34245,16535,17710
50620,313729,23661,151013,16652,290067,34247,16535,17712
50625,313760,23663,151026,16653,290097,34250,16537,17713
50630,313791,23665,151042,16653,290126,34253,16539,17714
50635,313822,23668,151056,16655,290154,34256,16539,17717
50640,313853,23671,151076,16657,290181,34259,16541,17718
50645,313884,23674,151093,16659,290210,34262,16542,17720
50650,313915,23677,151109,16661,290236,34265,16544,17721
50655,313946,23680,151125,16663,290265,34268,16547,17721
50660,313977,23684,151139,16666,290293,34271,16547,17724
50665,314008,23688,151156,16669,290319,34274,16549,17725
50670,314039,23692,151165,16673,290347,34277,16551,17726
50675,314070,23697,151183,16676,290372,34280,16554,17726
50680,314101,23698,151195,16676,290402,34283,16556,17727
50685,314132,23699,151211,16677,290429,34287,16559,17728
50690,314163,23703,151229,16680,290458,34291,16560,17731
50695,314194,23705,151241,16681,290487,34295,16563,17732
50700,314225,23709,151254,16683,290514,34299,16566,17733
50705,314256,23712,151267,16686,290544,34303,16568,17735
50710,314287,23713,151285,16686,290573,34307,16571,17736
50715,314318,23715,151302,16687,290603,34311,16574,17737
50720,314349,23716,151317,16688,290632,34315,16575,17740
50725,314380,23717,151328,16688,290663,34319,16577,17742
50730,314411,23718,151345,16689,290693,34323,16580,17743
50735,314442,23719,151360,16690,290723,34327,16582,17745
50740,314473,23721,151373,16691,290752,34331,16582,17749
50745,314504,23722,151387,16691,290782,34335,16584,17751
50750,314535,23724,151402,16693,290811,34339,16584,17755
50755,314566,23727,151418,16696,290839,34343,16586,17757
50760,314597,23731,151431,16700,290866,34347,16589,17758
50765,314628,23734,151442,16703,290894,34350,16590,17760
50770,314659,23734,151457,16703,290925,34353,16591,17762
50775,314690,23734,151471,16703,290956,34356,16592,17764
50780,314721,23734,151487,16703,290987,34359,16595,17764
50785,314752,23736,151504,16704,291014,34362,16597,17765
50790,314783,23741,151525,16708,291041,34365,16599,17766
50795,314814,23743,151544,16709,291069,34368,16602,17766
50800,314845,23748,151559,16714,291095,34371,16603,17768
50805,314876,23753,151570,16717,291122,34374,16604,17770
50810,314907,23757,151586,16721,291149,34377,16605,17772
50815,314938,23758,151598,16721,291179,34380,16606,17774
50820,314969,23759,151617,16721,291208,34383,16608,17775
50825,315000,23760,151632,16722,291239,34386,16610,17776
50830,315031,23762,151649,16724,291268,34389,16612,17777
50835,315062,23763,151660,16725,291299,34392,16613,17779
50840,315093,23764,151677,16725,291327,34395,16615,17780
50845,315124,23766,151699,16727,291356,34398,16617,17781
50850,315155,23768,151713,16728,291386,34401,16619,17782
50855,315186,23769,151727,16728,291417,34404,16621,17783
50860,315217,23770,151740,16728,291447,34407,16623,17784
50865,315248,23771,151751,16728,291476,34410,16626,17784
50870,315279,23772,151770,16728,291507,34414,16627,17787
50875,315310,23775,151790,16730,291534,34418,16629,17789
50880,315341,23778,151806,16732,291562,34422,16631,17791
50885,315372,23781,151820,16734,291591,34426,16633,17793
50890,315403,23785,151835,16737,291616,34430,16633,17797
50895,315434,23788,151852,16740,291646,34434,16636,17798
50900,315465,23789,151865,16741,291676,34438,16638,17800
50905,315496,23790,151878,16741,291706,34442,16639,17803
50910,315527,23791,151899,16742,291736,34446,16643,17803
50915,315558,23794,151918,16745,291763,34450,16644,17806
50920,315589,23798,151932,16749,291791,34454,16646,17808
50925,315620,23801,151944,16751,291818,34458,16648,17810
50930,315651,23804,151956,16753,291845,34462,16648,17814
50935,315682,23810,151969,16757,291872,34466,16649,17817
50940,315713,23814,151984,16761,291897,34470,16652,17818
50945,315744,23820,151997,16767,291924,34474,16655,17819
50950,315775,23825,152013,16771,291949,34478,16657,17821
50955,315806,23830,152026,16774,291976,34482,16658,17824
50960,315837,23834,152039,16777,292003,34486,16660,17826
50965,315868,23834,152051,16777,292034,34490,16663,17827
50970,315899,23834,152057,16777,292065,34494,16663,17831
50975,315930,23834,152077,16777,292096,34498,16666,17832
50980,315961,23834,152088,16777,292126,34502,16667,17835
50985,315992,23834,152098,16777,292158,34506,16668,17838
50990,316023,23834,152115,16777,292188,34510,16671,17839
50995,316054,23834,152130,16777,292219,34514,16672,17842
51000,316085,23835,152145,16777,292250,34518,16675,17843
51005,316116,23836,152160,16778,292280,34521,16677,17844
51010,316147,23837,152175,16778,292310,34524,16679,17845
51015,316178,23838,152186,16778,292339,34527,16680,17847
51020,316209,23839,152198,16779,292370,34530,16682,17848
51025,316240,23840,152211,16779,292399,34533,16683,17850
51030,316271,23841,152224,16779,292429,34536,16684,17852
51035,316302,23842,152234,16779,292460,34539,16684,17855
51040,316333,23843,152247,16779,292490,34542,16686,17856
51045,316364,23844,152267,16780,292518,34545,16688,17857
51050,316395,23846,152285,16782,292548,34548,16688,17860
51055,316426,23847,152294,16782,292578,34551,16689,17862
51060,316457,23848,152312,16782,292608,34554,16690,17864
51065,316488,23850,152327,16784,292638,34556,16690,17866
51070,316519,23853,152341,16786,292666,34558,16690,17868
51075,316550,23856,152353,16787,292694,34560,16691,17869
51080,316581,23859,152371,16788,292722,34562,16692,17870
51085,316612,23862,152386,16788,292749,34564,16692,17872
51090,316643,23867,152398,16792,292775,34566,16694,17872
51095,316674,23871,152413,16795,292803,34568,16695,17873
51100,316705,23874,152427,16796,292831,34570,16696,17874
51105,316736,23877,152440,16798,292859,34573,16698,17875
51110,316767,23882,152458,16803,292884,34576,16699,17877
51115,316798,23888,152475,16809,292910,34579,16701,17878
51120,316829,23895,152489,16815,292934,34582,16701,17881
51125,316860,23901,152506,16818,292959,34584,16701,17883
51130,316891,23907,152520,16821,292984,34586,16701,17885
51135,316922,23913,152537,16825,293009,34588,16702,17886
51140,316953,23920,152554,16829,293033,34590,16703,17887
51145,316984,23923,152569,16831,293061,34592,16703,17889
51150,317015,23927,152582,16835,293088,34594,16704,17890
51155,317046,23931,152597,16838,293115,34596,16705,17891
51160,317077,23933,152612,16839,293144,34598,16705,17893
51165,317108,23935,152624,16840,293173,34601,16705,17896
51170,317139,23936,152632,16840,293202,34604,16706,17898
51175,317170,23938,152645,16841,293231,34607,16707,17900
51180,317201,23938,152663,16841,293261,34610,16708,17902
51185,317232,23938,152676,16841,293293,34613,16709,17904
51190,317263,23938,152691,16841,293324,34616,16711,17905
51195,317294,23938,152711,16841,293355,34619,16712,17907
51200,317325,23938,152728,16841,293385,34622,16714,17908
51205,317356,23938,152740,16841,293418,34625,16715,17910
51210,317387,23938,152756,16841,293448,34628,16715,17913
51215,317418,23938,152768,16841,293480,34631,16716,17915
51220,317449,23938,152781,16841,293510,34634,16717,17917
51225,317480,23938,152792,16841,293542,34638,16719,17919
51230,317511,23938,152807,16841,293571,34642,16719,17923
51235,317542,23938,152824,16841,293603,34646,16719,17927
51240,317573,23938,152834,16841,293634,34650,16719,17931
51245,317604,23938,152848,16841,293666,34654,16721,17933
51250,317635,23939,152860,16842,293696,34658,16721,17937
51255,317666,23940,152875,16842,293726,34662,16723,17939
51260,317697,23941,152893,16842,293756,34666,16725,17941
51265,317728,23943,152911,16843,293784,34670,16728,17942
51270,317759,23946,152918,16844,293812,34674,16729,17945
51275,317790,23950,152932,16848,293839,34678,16731,17947
51280,317821,23954,152948,16849,293867,34682,16734,17948
51285,317852,23958,152960,16852,293893,34686,16734,17952
51290,317883,23963,152974,16856,293919,34690,16738,17952
51295,317914,23970,152987,16861,293942,34694,16741,17953
51300,317945,23977,153005,16866,293967,34698,16743,17955
51305,317976,23982,153015,16869,293992,34702,16743,17959
51310,318007,23987,153030,16873,294019,34706,16745,17961
51315,318038,23990,153042,16875,294048,34710,16747,17963
51320,318069,23993,153056,16876,294076,34714,16750,17964
51325,318100,23995,153070,16877,294105,34718,16752,17966
51330,318131,23998,153087,16878,294133,34722,16754,17968
51335,318162,24000,153097,16878,294162,34726,16754,17972
51340,318193,24003,153107,16880,294190,34730,16757,17973
51345,318224,24006,153119,16882,294218,34734,16760,17974
51350,318255,24009,153136,16884,294245,34738,16762,17976
51355,318286,24011,153153,16886,294274,34742,16764,17978
51360,318317,24012,153163,16886,294304,34746,16767,17979
51365,318348,24013,153182,16887,294333,34750,16771,17979
51370,318379,24017,153200,16890,294359,34754,16772,17982
51375,318410,24021,153214,16894,294386,34758,16772,17986
51380,318441,24024,153228,16897,294416,34762,16774,17988
51385,318472,24026,153241,16898,294444,34766,16777,17989
51390,318503,24026,153258,16898,294477,34770,16779,17991
51395,318534,24026,153268,16898,294507,34774,16780,17994
51400,318565,24026,153284,16898,294537,34778,16783,17995
51405,318596,24026,153300,16898,294569,34782,16785,17997
51410,318627,24026,153314,16898,294601,34786,16788,17998
51415,318658,24026,153334,16898,294631,34790,16791,17999
51420,318689,24028,153347,16900,294661,34794,16792,18002
51425,318720,24029,153364,16901,294691,34798,16795,18003
51430,318751,24030,153376,16901,294720,34802,16796,18006
51435,318782,24032,153388,16902,294749,34806,16800,18006
51440,318813,24034,153401,16903,294778,34810,16802,18008
51445,318844,24036,153418,16904,294808,34814,16804,18010
51450,318875,24037,153434,16905,294836,34818,16806,18012
51455,318906,24042,153451,16909,294863,34822,16809,18013
51460,318937,24046,153468,16913,294890,34826,16812,18014
51465,318968,24050,153481,16916,294918,34830,16813,18017
51470,318999,24055,153495,16921,294942,34834,16813,18021
51475,319030,24061,153508,16926,294968,34838,16814,18024
51480,319061,24065,153526,16929,294996,34842,16818,18024
51485,319092,24066,153545,16930,295026,34846,16821,18025
51490,319123,24067,153562,16930,295056,34850,16824,18026
51495,319154,24069,153580,16931,295085,34854,16826,18028
51500,319185,24071,153595,16933,295114,34858,16830,18028
51505,319216,24073,153612,16935,295143,34862,16832,18030
51510,319247,24075,153623,16935,295172,34866,16834,18032
51515,319278,24078,153635,16936,295200,34870,16836,18034
51520,319309,24081,153647,16937,295226,34874,16838,18036
51525,319340,24085,153666,16940,295253,34878,16840,18038
51530,319371,24089,153678,16944,295281,34882,16841,18041
51535,319402,24092,153688,16946,295310,34886,16842,18044
51540,319433,24094,153702,16948,295335,34890,16844,18046
51545,319464,24098,153721,16951,295363,34893,16845,18048
51550,319495,24103,153742,16956,295389,34896,16846,18050
51555,319526,24107,153755,16958,295419,34899,16848,18051
51560,319557,24108,153770,16958,295448,34902,16850,18052
51565,319588,24109,153791,16959,295479,34905,16851,18054
51570,319619,24110,153808,16959,295509,34908,16852,18056
51575,319650,24111,153824,16960,295538,34911,16854,18057
51580,319681,24112,153840,16961,295567,34914,16855,18059
51585,319712,24118,153854,16967,295594,34917,16856,18061
51590,319743,24121,153868,16968,295621,34920,16857,18063
51595,319774,24126,153884,16972,295648,34923,16859,18064
51600,319805,24129,153900,16975,295675,34926,16861,18065
51605,319836,24132,153918,16978,295704,34929,16863,18066
51610,319867,24133,153931,16979,295733,34932,16864,18068
51615,319898,24135,153939,16980,295763,34935,16865,18070
51620,319929,24136,153955,16980,295792,34938,16867,18071
51625,319960,24138,153970,16981,295822,34941,16870,18071
51630,319991,24139,153986,16982,295852,34944,16871,18073
51635,320022,24140,154007,16983,295880,34947,16873,18074
51640,320053,24144,154022,16986,295908,34950,16875,18075
51645,320084,24146,154039,16988,295937,34954,16876,18078
51650,320115,24149,154056,16990,295966,34958,16878,18080
51655,320146,24149,154071,16990,295997,34962,16881,18081
51660,320177,24149,154086,16990,296028,34966,16883,18083
51665,320208,24150,154102,16991,296058,34967,16883,18084
51670,320239,24154,154121,16995,296085,34968,16884,18084
51675,320270,24155,154135,16996,296114,34969,16884,18085
51680,320301,24157,154149,16997,296143,34970,16884,18086
51685,320332,24161,154168,17001,296170,34971,16884,18087
51690,320363,24163,154182,17002,296198,34972,16885,18087
51695,320394,24166,154202,17005,296225,34973,16885,18088
51700,320425,24171,154219,17009,296252,34974,16885,18089
51705,320456,24171,154239,17009,296284,34975,16885,18090
51710,320487,24173,154255,17010,296313,34976,16885,18091
51715,320518,24174,154279,17011,296343,34977,16886,18091
51720,320549,24175,154297,17012,296374,34978,16886,18092
51725,320580,24176,154311,17013,296403,34979,16886,18093
51730,320611,24177,154330,17013,296433,34980,16886,18094
51735,320642,24178,154345,17014,296464,34981,16886,18095
51740,320673,24179,154355,17015,296493,34982,16886,18096
51745,320704,24180,154366,17015,296523,34983,16886,18097
51750,320735,24181,154380,17016,296554,34984,16887,18097
51755,320766,24182,154393,17017,296584,34985,16887,18098
51760,320797,24184,154409,17017,296612,34986,16888,18098
51765,320828,24187,154424,17018,296640,34989,16890,18099
51770,320859,24190,154438,17020,296668,34993,16893,18100
51775,320890,24194,154450,17023,296696,34997,16894,18103
51780,320921,24196,154463,17024,296725,35001,16898,18103
51785,320952,24198,154482,17025,296754,35005,16902,18103
51790,320983,24200,154497,17026,296783,35009,16904,18105
51795,321014,24203,154507,17027,296810,35013,16905,18108
51800,321045,24208,154526,17032,296837,35017,16907,18110
51805,321076,24212,154543,17035,296863,35021,16909,18112
51810,321107,24217,154561,17039,296889,35025,16911,18114
51815,321138,24221,154574,17041,296916,35029,16913,18116
51820,321169,24224,154589,17043,296944,35033,16915,18118
51825,321200,24229,154603,17046,296970,35037,16917,18120
51830,321231,24232,154617,17048,296998,35041,16921,18120
51835,321262,24236,154629,17051,297025,35045,16922,18123
51840,321293,24239,154641,17052,297051,35049,16924,18125
51845,321324,24244,154651,17055,297080,35053,16927,18126
51850,321355,24249,154672,17059,297106,35057,16929,18128
51855,321386,24252,154689,17060,297134,35061,16931,18130
51860,321417,24254,154708,17061,297163,35065,16932,18133
51865,321448,24255,154720,17061,297193,35069,16932,18137
51870,321479,24256,154733,17061,297223,35073,16934,18139
51875,321510,24258,154751,17062,297252,35077,16935,18142
51880,321541,24260,154768,17064,297281,35081,16937,18144
51885,321572,24262,154780,17065,297310,35085,16940,18145
51890,321603,24264,154797,17067,297338,35089,16942,18147
51895,321634,24265,154814,17068,297367,35093,16943,18150
51900,321665,24265,154830,17068,297400,35097,16945,18152
51905,321696,24265,154850,17068,297431,35101,16948,18153
51910,321727,24265,154869,17068,297462,35105,16951,18154
51915,321758,24265,154885,17068,297493,35109,16954,18155
51920,321789,24266,154898,17069,297523,35113,16956,18157
51925,321820,24267,154916,17070,297551,35117,16959,18158
51930,321851,24269,154934,17071,297582,35121,16962,18159
51935,321882,24270,154952,17071,297611,35125,16964,18161
51940,321913,24271,154968,17072,297641,35129,16967,18162
51945,321944,24274,154982,17074,297669,35133,16969,18164
51950,321975,24277,154997,17077,297697,35137,16971,18166
51955,322006,24280,155018,17080,297725,35141,16972,18169
51960,322037,24284,155028,17084,297753,35145,16975,18170
51965,322068,24288,155043,17087,297778,35149,16977,18172
51970,322099,24291,155056,17090,297806,35153,16978,18175
51975,322130,24292,155073,17091,297836,35157,16979,18178
51980,322161,24293,155087,17091,297867,35161,16980,18181
51985,322192,24294,155103,17091,297897,35165,16982,18183
51990,322223,24295,155119,17092,297928,35169,16983,18186
51995,322254,24297,155136,17093,297957,35173,16984,18189
52000,322285,24300,155148,17095,297984,35177,16988,18189
52005,322316,24302,155165,17095,298014,35181,16990,18191
52010,322347,24305,155184,17097,298042,35185,16990,18195
52015,322378,24308,155196,17098,298070,35189,16992,18197
52020,322409,24310,155211,17100,298099,35193,16995,18198
52025,322440,24312,155228,17101,298128,35197,16997,18200
52030,322471,24315,155240,17102,298156,35201,16998,18203
52035,322502,24318,155251,17103,298184,35205,16999,18206
52040,322533,24322,155265,17106,298211,35209,17000,18209
52045,322564,24326,155282,17110,298238,35213,17002,18211
52050,322595,24329,155294,17111,298266,35217,17003,18214
52055,322626,24330,155307,17112,298296,35221,17005,18216
52060,322657,24331,155322,17113,298326,35225,17006,18219
52065,322688,24332,155337,17114,298356,35229,17009,18220
52070,322719,24333,155350,17115,298386,35233,17010,18223
52075,322750,24334,155367,17116,298415,35237,17011,18226
52080,322781,24338,155383,17119,298442,35241,17012,18229
52085,322812,24341,155398,17120,298470,35244,17014,18230
52090,322843,24345,155413,17124,298497,35247,17016,18231
52095,322874,24349,155430,17127,298525,35250,17018,18232
52100,322905,24353,155444,17131,298550,35253,17019,18234
52105,322936,24357,155459,17134,298577,35256,17021,18235
52110,322967,24364,155479,17141,298600,35259,17023,18236
52115,322998,24370,155494,17146,298627,35262,17023,18239
52120,323029,24371,155506,17146,298657,35265,17025,18240
52125,323060,24373,155521,17147,298685,35268,17028,18240
52130,323091,24375,155537,17149,298714,35271,17031,18240
52135,323122,24376,155552,17150,298744,35274,17033,18241
52140,323153,24378,155561,17152,298775,35277,17033,18244
52145,323184,24380,155575,17154,298801,35279,17034,18245
52150,323215,24380,155585,17154,298834,35281,17035,18246
52155,323246,24380,155601,17154,298866,35283,17036,18247
52160,323277,24381,155618,17154,298896,35285,17036,18249
52165,323308,24382,155634,17155,298925,35287,17037,18250
52170,323339,24383,155647,17155,298956,35289,17038,18251
52175,323370,24384,155660,17155,298986,35291,17039,18252
52180,323401,24385,155676,17155,299016,35293,17040,18253
52185,323432,24386,155692,17155,299046,35296,17041,18255
52190,323463,24388,155708,17156,299075,35299,17042,18257
52195,323494,24389,155725,17156,299105,35302,17044,18258
52200,323525,24391,155743,17157,299134,35305,17046,18259
52205,323556,24392,155756,17157,299164,35308,17047,18261
52210,323587,24394,155778,17159,299193,35311,17050,18261
52215,323618,24396,155793,17160,299222,35314,17051,18263
52220,323649,24398,155809,17161,299251,35317,17053,18264
52225,323680,24400,155826,17162,299280,35320,17055,18265
52230,323711,24402,155841,17163,299308,35323,17057,18266
52235,323742,24407,155856,17168,299335,35326,17058,18268
52240,323773,24411,155872,17170,299361,35329,17059,18270
52245,323804,24416,155890,17174,299387,35333,17060,18273
52250,323835,24422,155901,17178,299413,35337,17061,18276
52255,323866,24427,155917,17182,299438,35341,17063,18278
52260,323897,24432,155930,17186,299465,35345,17066,18279
52265,323928,24435,155946,17187,299492,35348,17068,18280
52270,323959,24439,155965,17190,299519,35351,17069,18282
52275,323990,24440,155980,17190,299549,35354,17072,18282
52280,324021,24441,155994,17190,299578,35357,17073,18284
52285,324052,24442,156008,17191,299608,35360,17073,18287
52290,324083,24443,156021,17191,299640,35363,17074,18289
52295,324114,24444,156033,17192,299669,35366,17076,18290
52300,324145,24446,156048,17193,299697,35369,17079,18290
52305,324176,24448,156063,17195,299726,35372,17080,18292
52310,324207,24450,156083,17197,299756,35375,17082,18293
52315,324238,24454,156100,17201,299780,35378,17083,18295
52320,324269,24455,156112,17202,299814,35381,17085,18296
52325,324300,24457,156127,17203,299843,35384,17088,18296
52330,324331,24458,156138,17204,299872,35387,17090,18297
52335,324362,24460,156150,17206,299900,35390,17091,18299
52340,324393,24463,156162,17208,299929,35393,17092,18301
52345,324424,24464,156180,17209,299959,35396,17094,18302
52350,324455,24465,156195,17210,299990,35399,17095,18304
52355,324486,24465,156210,17210,300021,35402,17097,18305
52360,324517,24465,156225,17210,300052,35405,17099,18306
52365,324548,24466,156238,17211,300081,35409,17101,18308
52370,324579,24467,156255,17211,300112,35413,17103,18310
52375,324610,24468,156267,17211,300142,35417,17104,18313
52380,324641,24470,156281,17213,300171,35421,17106,18315
52385,324672,24472,156296,17214,300200,35425,17107,18318
52390,324703,24476,156314,17217,300227,35429,17109,18320
52395,324734,24479,156328,17219,300255,35433,17112,18321
52400,324765,24482,156340,17222,300283,35437,17115,18322
52405,324796,24486,156356,17225,300310,35441,17118,18323
52410,324827,24490,156373,17228,300337,35445,17120,18325
52415,324858,24494,156391,17231,300364,35449,17123,18326
52420,324889,24497,156409,17234,300392,35453,17125,18328
52425,324920,24501,156419,17237,300418,35457,17126,18331
52430,324951,24507,156436,17242,300441,35461,17127,18334
52435,324982,24512,156447,17247,300469,35465,17128,18337
52440,325013,24516,156464,17251,300497,35469,17129,18340
52445,325044,24519,156480,17253,300525,35473,17130,18343
52450,325075,24519,156497,17253,300556,35477,17133,18344
52455,325106,24519,156516,17253,300587,35481,17135,18346
52460,325137,24520,156529,17253,300617,35485,17136,18349
52465,325168,24522,156546,17254,300646,35489,17140,18349
52470,325199,24523,156561,17254,300676,35493,17143,18350
52475,325230,24524,156575,17254,300705,35497,17146,18351
52480,325261,24525,156589,17254,300736,35501,17148,18353
52485,325292,24526,156606,17254,300765,35505,17151,18354
52490,325323,24527,156625,17254,300795,35509,17154,18355
52495,325354,24528,156641,17254,300825,35513,17157,18356
52500,325385,24529,156653,17254,300855,35517,17158,18359
52505,325416,24530,156666,17254,300885,35520,17159,18361
52510,325447,24531,156681,17254,300916,35523,17161,18362
52515,325478,24532,156695,17255,300945,35526,17163,18363
52520,325509,24533,156714,17255,300975,35529,17164,18365
52525,325540,24534,156726,17255,301006,35532,17166,18366
52530,325571,24535,156740,17256,301036,35535,17169,18366
52535,325602,24536,156757,17257,301066,35538,17169,18369
52540,325633,24537,156775,17258,301096,35541,17171,18370
52545,325664,24540,156791,17260,301124,35544,17174,18370
52550,325695,24543,156805,17262,301151,35547,17176,18371
52555,325726,24549,156818,17266,301176,35550,17176,18374
52560,325757,24554,156835,17270,301201,35553,17178,18375
52565,325788,24560,156849,17276,301228,35556,17179,18377
52570,325819,24564,156864,17279,301253,35559,17179,18380
52575,325850,24569,156877,17282,301281,35562,17181,18381
52580,325881,24572,156890,17283,301309,35565,17182,18383
52585,325912,24575,156907,17284,301337,35568,17183,18385
52590,325943,24578,156926,17286,301365,35571,17185,18386
52595,325974,24581,156946,17288,301392,35574,17187,18387
52600,326005,24583,156961,17289,301422,35577,17187,18390
52605,326036,24586,156979,17292,301450,35580,17188,18392
52610,326067,24590,156994,17295,301476,35584,17189,18395
52615,326098,24593,157009,17296,301505,35588,17191,18397
52620,326129,24596,157023,17298,301533,35592,17194,18398
52625,326160,24601,157037,17301,301558,35595,17194,18401
52630,326191,24606,157054,17306,301584,35598,17196,18402
52635,326222,24611,157070,17311,301611,35601,17199,18402
52640,326253,24614,157090,17314,301638,35604,17199,18405
52645,326284,24614,157106,17314,301669,35607,17199,18408
52650,326315,24614,157119,17314,301701,35610,17199,18411
52655,326346,24614,157137,17314,301732,35613,17200,18413
52660,326377,24614,157153,17314,301762,35616,17201,18415
52665,326408,24614,157165,17314,301793,35619,17202,18417
52670,326439,24614,157178,17314,301823,35622,17204,18418
52675,326470,24614,157190,17314,301855,35625,17206,18419
52680,326501,24616,157203,17316,301884,35628,17208,18420
52685,326532,24617,157219,17317,301912,35630,17208,18422
52690,326563,24619,157232,17318,301942,35632,17209,18423
52695,326594,24622,157248,17320,301971,35634,17211,18423
52700,326625,24623,157260,17320,302001,35636,17211,18425
52705,326656,24626,157270,17322,302028,35638,17212,18426
52710,326687,24630,157282,17326,302055,35640,17213,18427
52715,326718,24633,157299,17328,302084,35642,17215,18427
52720,326749,24636,157312,17331,302113,35644,17215,18429
52725,326780,24636,157326,17331,302144,35647,17218,18429
52730,326811,24636,157337,17331,302175,35650,17218,18432
52735,326842,24636,157353,17331,302206,35653,17218,18435
52740,326873,24636,157369,17331,302237,35656,17220,18436
52745,326904,24638,157381,17333,302266,35659,17221,18438
52750,326935,24640,157394,17334,302295,35662,17222,18440
52755,326966,24642,157411,17336,302324,35665,17225,18440
52760,326997,24644,157427,17336,302353,35668,17225,18443
52765,327028,24646,157447,17338,302382,35671,17225,18446
52770,327059,24648,157459,17339,302411,35674,17226,18448
52775,327090,24650,157473,17340,302440,35677,17227,18450
52780,327121,24652,157485,17342,302468,35680,17228,18452
52785,327152,24655,157499,17344,302496,35684,17228,18456
52790,327183,24657,157509,17345,302526,35688,17230,18458
52795,327214,24660,157523,17347,302553,35692,17232,18460
52800,327245,24663,157534,17348,302581,35696,17233,18463
52805,327276,24667,157544,17350,302608,35700,17234,18466
52810,327307,24669,157560,17351,302638,35704,17234,18470
52815,327338,24673,157575,17353,302664,35708,17237,18471
52820,327369,24677,157592,17357,302691,35712,17240,18472
52825,327400,24681,157607,17360,302718,35716,17243,18473
52830,327431,24688,157623,17364,302742,35720,17244,18476
52835,327462,24691,157634,17366,302770,35724,17244,18480
52840,327493,24694,157652,17369,302798,35728,17246,18482
52845,327524,24696,157664,17369,302825,35732,17248,18484
52850,327555,24701,157675,17374,302852,35736,17248,18488
52855,327586,24705,157690,17377,302879,35740,17250,18490
52860,327617,24709,157708,17380,302907,35744,17253,18491
52865,327648,24712,157726,17383,302933,35747,17253,18494
52870,327679,24715,157740,17385,302962,35750,17254,18496
52875,327710,24717,157754,17387,302992,35753,17256,18497
52880,327741,24720,157772,17390,303020,35756,17258,18498
52885,327772,24722,157786,17392,303050,35759,17260,18499
52890,327803,24723,157799,17393,303080,35762,17262,18500
52895,327834,24725,157815,17395,303109,35765,17262,18503
52900,327865,24726,157831,17395,303137,35768,17264,18504
52905,327896,24729,157848,17398,303165,35771,17265,18506
52910,327927,24732,157863,17400,303194,35774,17267,18507
52915,327958,24732,157877,17400,303226,35777,17269,18508
52920,327989,24732,157892,17400,303256,35780,17271,18509
52925,328020,24732,157913,17400,303288,35783,17273,18510
52930,328051,24732,157925,17400,303319,35786,17275,18511
52935,328082,24732,157938,17400,303350,35789,17276,18513
52940,328113,24733,157952,17400,303378,35792,17278,18514
52945,328144,24734,157967,17401,303408,35795,17279,18516
52950,328175,24735,157978,17401,303440,35798,17279,18519
52955,328206,24736,157993,17401,303470,35801,17281,18520
52960,328237,24737,158007,17401,303500,35804,17283,18521
52965,328268,24738,158027,17401,303530,35808,17284,18524
52970,328299,24739,158041,17401,303560,35812,17285,18527
52975,328330,24742,158058,17404,303588,35816,17288,18528
52980,328361,24745,158071,17406,303616,35820,17290,18530
52985,328392,24748,158087,17408,303644,35824,17292,18532
52990,328423,24751,158105,17411,303672,35828,17295,18533
52995,328454,24753,158116,17413,303701,35832,17295,18537
53000,328485,24755,158131,17415,303730,35836,17296,18540
53005,328516,24758,158148,17416,303758,35840,17298,18542
53010,328547,24760,158161,17417,303787,35844,17299,18545
53015,328578,24763,158179,17418,303815,35848,17301,18547
53020,328609,24765,158197,17419,303844,35852,17303,18549
53025,328640,24769,158210,17421,303869,35856,17306,18550
53030,328671,24776,158224,17426,303891,35860,17308,18552
53035,328702,24784,158237,17434,303916,35864,17309,18555
53040,328733,24791,158250,17439,303939,35868,17311,18557
53045,328764,24796,158264,17444,303967,35872,17312,18560
53050,328795,24800,158283,17447,303993,35876,17314,18562
53055,328826,24802,158294,17448,304023,35880,17315,18565
53060,328857,24804,158306,17449,304052,35884,17316,18568
53065,328888,24808,158323,17452,304078,35888,17318,18570
53070,328919,24810,158338,17454,304107,35892,17318,18574
53075,328950,24814,158355,17457,304135,35896,17320,18576
53080,328981,24817,158364,17459,304164,35900,17320,18580
53085,329012,24817,158384,17459,304195,35904,17323,18581
53090,329043,24817,158400,17459,304226,35908,17325,18583
53095,329074,24817,158415,17459,304256,35912,17328,18584
53100,329105,24817,158431,17459,304288,35916,17331,18585
53105,329136,24817,158446,17459,304318,35920,17333,18587
53110,329167,24817,158462,17459,304349,35924,17336,18588
53115,329198,24817,158481,17459,304381,35928,17340,18588
53120,329229,24817,158497,17459,304410,35932,17342,18590
53125,329260,24817,158510,17459,304442,35936,17342,18594
53130,329291,24817,158525,17459,304474,35940,17343,18597
53135,329322,24817,158539,17459,304504,35944,17345,18599
53140,329353,24817,158553,17459,304535,35948,17346,18602
53145,329384,24818,158568,17460,304565,35952,17349,18603
53150,329415,24819,158587,17461,304595,35956,17352,18604
53155,329446,24824,158605,17465,304622,35960,17355,18605
53160,329477,24827,158620,17468,304650,35964,17357,18607
53165,329508,24829,158634,17469,304679,35967,17357,18610
53170,329539,24831,158648,17469,304708,35970,17358,18612
53175,329570,24833,158661,17470,304737,35973,17360,18613
53180,329601,24836,158676,17473,304765,35976,17362,18614
53185,329632,24838,158692,17474,304793,35979,17363,18616
53190,329663,24842,158711,17477,304820,35982,17366,18616
53195,329694,24848,158726,17482,304845,35985,17368,18617
53200,329725,24854,158741,17486,304869,35988,17368,18620
53205,329756,24860,158754,17491,304893,35991,17368,18623
53210,329787,24868,158774,17499,304915,35994,17371,18623
53215,329818,24877,158785,17506,304939,35997,17372,18625
53220,329849,24882,158802,17510,304965,36000,17375,18625
53225,329880,24888,158819,17515,304990,36002,17376,18626
53230,329911,24892,158835,17518,305017,36004,17378,18626
53235,329942,24898,158849,17523,305044,36006,17379,18627
53240,329973,24898,158859,17523,305073,36008,17379,18629
53245,330004,24898,158873,17523,305105,36010,17380,18630
53250,330035,24898,158890,17523,305137,36012,17381,18631
53255,330066,24898,158907,17523,305168,36014,17382,18632
53260,330097,24898,158921,17523,305197,36016,17383,18633
53265,330128,24898,158934,17523,305230,36019,17384,18635
53270,330159,24898,158948,17523,305261,36022,17386,18636
53275,330190,24898,158968,17523,305290,36025,17389,18636
53280,330221,24898,158982,17523,305321,36028,17391,18637
53285,330252,24898,158994,17523,305353,36031,17392,18639
53290,330283,24898,159007,17523,305385,36034,17393,18641
53295,330314,24898,159017,17523,305416,36037,17394,18643
53300,330345,24898,159031,17523,305447,36040,17394,18646
53305,330376,24898,159045,17523,305478,36043,17395,18648
53310,330407,24898,159061,17523,305509,36046,17397,18649
53315,330438,24898,159075,17523,305540,36049,17398,18651
53320,330469,24898,159093,17523,305571,36052,17401,18651
53325,330500,24899,159109,17524,305601,36056,17404,18652
53330,330531,24902,159126,17527,305629,36060,17406,18654
53335,330562,24905,159138,17529,305657,36064,17409,18655
53340,330593,24910,159158,17533,305682,36068,17411,18657
53345,330624,24915,159173,17536,305708,36072,17414,18658
53350,330655,24922,159187,17542,305733,36076,17417,18659
53355,330686,24926,159205,17546,305759,36080,17418,18662
53360,330717,24932,159218,17550,305785,36084,17419,18665
53365,330748,24934,159231,17551,305813,36088,17421,18667
53370,330779,24937,159243,17552,305841,36092,17423,18669
53375,330810,24941,159255,17554,305869,36096,17425,18671
53380,330841,24944,159268,17555,305894,36100,17425,18675
53385,330872,24947,159287,17558,305922,36104,17427,18677
53390,330903,24951,159297,17561,305950,36108,17427,18681
53395,330934,24955,159310,17564,305978,36112,17428,18684
53400,330965,24957,159325,17566,306006,36116,17429,18687
53405,330996,24958,159339,17566,306037,36119,17430,18689
53410,331027,24959,159351,17567,306068,36122,17431,18691
53415,331058,24960,159367,17567,306098,36125,17433,18692
53420,331089,24961,159383,17568,306125,36128,17435,18693
53425,331120,24962,159400,17569,306156,36131,17437,18694
53430,331151,24964,159415,17571,306185,36134,17440,18694
53435,331182,24965,159434,17572,306214,36137,17443,18694
53440,331213,24966,159447,17573,306247,36140,17444,18696
53445,331244,24968,159464,17574,306276,36143,17445,18698
53450,331275,24969,159478,17574,306305,36146,17446,18700
53455,331306,24970,159492,17574,306336,36149,17447,18702
53460,331337,24972,159508,17576,306365,36152,17448,18704
53465,331368,24974,159523,17578,306394,36154,17449,18705
53470,331399,24978,159537,17581,306421,36156,17451,18705
53475,331430,24980,159551,17583,306450,36158,17453,18705
53480,331461,24982,159560,17583,306479,36160,17453,18707
53485,331492,24985,159573,17584,306507,36162,17454,18708
53490,331523,24988,159588,17586,306535,36164,17456,18708
53495,331554,24993,159607,17591,306561,36166,17457,18709
53500,331585,24996,159619,17593,306589,36168,17458,18710
53505,331616,25000,159631,17595,306615,36170,17458,18712
53510,331647,25004,159643,17599,306643,36173,17461,18712
53515,331678,25009,159661,17602,306669,36176,17464,18712
53520,331709,25013,159674,17605,306696,36179,17464,18715
53525,331740,25015,159689,17606,306725,36182,17464,18718
53530,331771,25017,159705,17608,306754,36185,17465,18720
53535,331802,25022,159722,17612,306780,36188,17466,18722
53540,331833,25026,159741,17615,306806,36191,17468,18723
53545,331864,25029,159758,17618,306835,36194,17469,18725
53550,331895,25032,159774,17621,306862,36197,17472,18725
53555,331926,25036,159790,17624,306889,36200,17474,18726
53560,331957,25036,159802,17624,306920,36203,17475,18728
53565,331988,25036,159820,17624,306950,36207,17479,18728
53570,332019,25036,159839,17624,306980,36211,17482,18729
53575,332050,25036,159858,17624,307012,36215,17485,18730
53580,332081,25036,159874,17624,307045,36219,17487,18732
53585,332112,25036,159888,17624,307076,36223,17488,18735
53590,332143,25036,159902,17624,307106,36227,17490,18737
53595,332174,25036,159918,17624,307138,36231,17492,18739
53600,332205,25036,159930,17624,307168,36235,17493,18742
53605,332236,25037,159941,17625,307199,36239,17495,18744
53610,332267,25038,159953,17625,307229,36243,17498,18745
53615,332298,25039,159967,17626,307259,36247,17501,18746
53620,332329,25040,159980,17626,307289,36251,17502,18749
53625,332360,25041,159996,17626,307319,36255,17505,18750
53630,332391,25042,160012,17627,307349,36259,17507,18752
53635,332422,25043,160026,17628,307379,36263,17509,18754
53640,332453,25044,160041,17628,307409,36267,17511,18756
53645,332484,25045,160060,17628,307439,36271,17513,18758
53650,332515,25047,160072,17630,307468,36275,17515,18760
53655,332546,25049,160089,17631,307497,36279,17518,18761
53660,332577,25051,160106,17632,307524,36283,17520,18763
53665,332608,25058,160123,17638,307550,36287,17522,18765
53670,332639,25063,160136,17641,307574,36291,17524,18767
53675,332670,25069,160148,17645,307600,36295,17527,18768
53680,332701,25076,160162,17651,307623,36299,17528,18771
53685,332732,25083,160178,17657,307648,36303,17531,18772
53690,332763,25093,160195,17665,307668,36307,17532,18775
53695,332794,25099,160213,17670,307694,36311,17535,18776
53700,332825,25104,160229,17674,307721,36315,17535,18780
53705,332856,25106,160243,17675,307750,36318,17535,18783
53710,332887,25108,160261,17677,307778,36321,17536,18785
53715,332918,25110,160274,17678,307808,36324,17537,18787
53720,332949,25112,160288,17679,307836,36327,17540,18787
53725,332980,25114,160299,17680,307866,36330,17542,18788
53730,333011,25116,160312,17682,307894,36333,17544,18789
53735,333042,25117,160327,17683,307924,36336,17545,18791
53740,333073,25119,160341,17684,307954,36339,17546,18793
53745,333104,25121,160358,17685,307981,36342,17549,18793
53750,333135,25121,160369,17685,308013,36345,17550,18795
53755,333166,25121,160386,17685,308042,36348,17552,18796
53760,333197,25121,160402,17685,308075,36351,17552,18799
53765,333228,25121,160415,17685,308107,36354,17554,18800
53770,333259,25121,160426,17685,308136,36357,17556,18801
53775,333290,25121,160447,17685,308167,36360,17558,18802
53780,333321,25121,160458,17685,308199,36363,17559,18804
53785,333352,25121,160473,17685,308231,36366,17561,18805
53790,333383,25121,160486,17685,308262,36369,17562,18807
53795,333414,25121,160503,17685,308293,36372,17563,18809
53800,333445,25121,160512,17685,308324,36375,17563,18812
53805,333476,25122,160527,17685,308354,36379,17565,18814
53810,333507,25124,160543,17687,308381,36383,17568,18815
53815,333538,25128,160558,17690,308410,36387,17569,18818
53820,333569,25131,160576,17692,308436,36391,17571,18820
53825,333600,25136,160590,17695,308463,36394,17572,18822
53830,333631,25141,160604,17699,308490,36397,17574,18823
53835,333662,25146,160622,17703,308515,36400,17575,18825
53840,333693,25151,160643,17707,308542,36403,17577,18826
53845,333724,25152,160654,17708,308572,36406,17578,18828
53850,333755,25154,160667,17708,308601,36409,17578,18831
53855,333786,25156,160685,17710,308630,36412,17581,18831
53860,333817,25158,160699,17711,308659,36415,17581,18834
53865,333848,25161,160709,17712,308687,36418,17582,18836
53870,333879,25163,160725,17713,308716,36421,17583,18838
53875,333910,25166,160739,17714,308743,36424,17586,18838
53880,333941,25168,160752,17715,308773,36427,17586,18841
53885,333972,25173,160768,17719,308798,36430,17587,18843
53890,334003,25177,160785,17722,308825,36433,17589,18844
53895,334034,25181,160803,17725,308851,36436,17591,18845
53900,334065,25186,160818,17729,308876,36439,17592,18847
53905,334096,25191,160830,17733,308904,36442,17592,18850
53910,334127,25194,160841,17735,308932,36445,17593,18852
53915,334158,25197,160857,17738,308959,36448,17595,18853
53920,334189,25201,160877,17742,308986,36451,17596,18855
53925,334220,25201,160893,17742,309017,36455,17598,18857
53930,334251,25201,160906,17742,309049,36459,17599,18860
53935,334282,25201,160920,17742,309081,36463,17601,18862
53940,334313,25201,160934,17742,309111,36467,17602,18865
53945,334344,25201,160945,17742,309143,36471,17603,18868
53950,334375,25201,160960,17742,309173,36475,17604,18871
53955,334406,25203,160969,17744,309203,36479,17604,18875
53960,334437,25204,160986,17745,309233,36483,17604,18879
53965,334468,25206,161003,17746,309262,36487,17607,18880
53970,334499,25208,161017,17747,309291,36491,17610,18881
53975,334530,25210,161032,17748,309320,36495,17611,18884
53980,334561,25212,161049,17749,309349,36499,17611,18888
53985,334592,25213,161067,17749,309377,36503,17615,18888
53990,334623,25217,161080,17752,309404,36507,17618,18889
53995,334654,25221,161095,17755,309433,36511,17619,18892
54000,334685,25222,161110,17755,309461,36515,17619,18896
54005,334716,25225,161125,17757,309490,36518,17621,18897
54010,334747,25227,161141,17759,309520,36521,17622,18899
54015,334778,25228,161154,17760,309550,36524,17623,18901
54020,334809,25229,161166,17760,309580,36527,17623,18904
54025,334840,25232,161179,17763,309608,36530,17624,18906
54030,334871,25236,161191,17765,309634,36533,17625,18908
54035,334902,25239,161202,17767,309663,36536,17626,18910
54040,334933,25245,161222,17772,309688,36539,17628,18911
54045,334964,25249,161239,17775,309712,36542,17629,18913
54050,334995,25254,161249,17778,309741,36545,17631,18914
54055,335026,25257,161266,17781,309768,36548,17634,18914
54060,335057,25259,161284,17783,309797,36551,17636,18915
54065,335088,25260,161297,17783,309828,36554,17638,18916
54070,335119,25261,161310,17783,309858,36557,17641,18916
54075,335150,25263,161326,17785,309887,36560,17642,18918
54080,335181,25264,161346,17785,309917,36563,17644,18919
54085,335212,25266,161367,17787,309946,36566,17647,18919
54090,335243,25268,161385,17788,309975,36569,17650,18919
54095,335274,25269,161398,17788,310005,36572,17650,18922
54100,335305,25271,161415,17790,310034,36575,17652,18923
54105,335336,25273,161429,17791,310062,36579,17653,18926
54110,335367,25275,161445,17792,310091,36583,17657,18926
54115,335398,25278,161459,17794,310119,36587,17659,18928
54120,335429,25283,161473,17798,310145,36591,17661,18930
54125,335460,25287,161484,17800,310173,36595,17662,18933
54130,335491,25289,161500,17801,310201,36599,17665,18934
54135,335522,25291,161513,17803,310231,36603,17666,18937
54140,335553,25292,161526,17804,310260,36607,17670,18937
54145,335584,25295,161538,17806,310289,36611,17671,18940
54150,335615,25296,161550,17807,310319,36615,17673,18942
54155,335646,25297,161564,17807,310348,36619,17675,18944
54160,335677,25300,161581,17810,310377,36623,17678,18945
54165,335708,25304,161595,17813,310402,36627,17681,18946
54170,335739,25311,161611,17819,310427,36631,17683,18948
54175,335770,25314,161630,17822,310454,36635,17685,18950
54180,335801,25316,161648,17824,310485,36639,17689,18950
54185,335832,25318,161661,17826,310513,36643,17692,18951
54190,335863,25320,161679,17828,310541,36647,17695,18952
54195,335894,25321,161697,17829,310571,36651,17696,18955
54200,335925,25323,161710,17831,310602,36655,17696,18959
54205,335956,25324,161724,17831,310631,36659,17697,18962
54210,335987,25326,161740,17833,310661,36663,17700,18963
54215,336018,25328,161756,17835,310689,36667,17700,18967
54220,336049,25330,161769,17837,310719,36671,17702,18969
54225,336080,25332,161786,17839,310747,36675,17704,18971
54230,336111,25332,161802,17839,310779,36679,17706,18973
54235,336142,25333,161820,17840,310808,36683,17709,18974
54240,336173,25334,161836,17841,310838,36687,17711,18976
54245,336204,25335,161850,17841,310869,36690,17713,18977
54250,336235,25336,161867,17841,310899,36693,17714,18979
54255,336266,25337,161879,17841,310929,36696,17717,18979
54260,336297,25338,161893,17841,310959,36699,17718,18981
54265,336328,25339,161912,17842,310989,36702,17719,18983
54270,336359,25341,161923,17844,311017,36705,17721,18984
54275,336390,25344,161938,17847,311046,36708,17722,18986
54280,336421,25346,161951,17849,311075,36711,17723,18988
54285,336452,25348,161961,17850,311104,36714,17724,18990
54290,336483,25350,161977,17851,311131,36717,17726,18991
54295,336514,25353,161990,17854,311160,36720,17728,18992
54300,336545,25356,162000,17855,311188,36723,17728,18995
54305,336576,25360,162019,17859,311213,36726,17728,18998
54310,336607,25367,162036,17864,311239,36729,17731,18998
54315,336638,25373,162055,17869,311263,36732,17732,19000
54320,336669,25379,162077,17875,311288,36735,17734,19001
54325,336700,25381,162092,17877,311317,36738,17734,19004
54330,336731,25384,162106,17880,311347,36741,17736,19005
54335,336762,25387,162120,17883,311374,36744,17737,19007
54340,336793,25391,162130,17886,311402,36747,17738,19009
54345,336824,25392,162146,17886,311431,36751,17740,19011
54350,336855,25393,162154,17886,311461,36755,17740,19015
54355,336886,25394,162167,17887,311490,36759,17741,19018
54360,336917,25395,162177,17888,311521,36763,17741,19022
54365,336948,25396,162197,17889,311552,36765,17741,19024
54370,336979,25397,162210,17890,311582,36767,17742,19025
54375,337010,25398,162223,17890,311612,36769,17744,19025
54380,337041,25399,162238,17891,311642,36771,17746,19025
54385,337072,25400,162254,17891,311672,36773,17747,19026
54390,337103,25401,162272,17892,311702,36775,17748,19027
54395,337134,25402,162286,17893,311732,36777,17749,19028
54400,337165,25403,162301,17893,311762,36779,17750,19029
54405,337196,25404,162316,17894,311792,36781,17752,19029
54410,337227,25405,162330,17894,311822,36783,17754,19029
54415,337258,25406,162346,17894,311852,36785,17756,19029
54420,337289,25407,162361,17895,311882,36787,17758,19029
54425,337320,25408,162376,17895,311911,36789,17759,19030
54430,337351,25411,162391,17897,311940,36791,17760,19031
54435,337382,25414,162403,17899,311967,36793,17761,19032
54440,337413,25417,162420,17901,311995,36795,17762,19033
54445,337444,25421,162431,17904,312023,36797,17762,19035
54450,337475,25426,162444,17907,312048,36799,17764,19035
54455,337506,25433,162457,17912,312073,36801,17766,19035
54460,337537,25437,162476,17915,312100,36803,17767,19036
54465,337568,25441,162494,17919,312124,36806,17768,19038
54470,337599,25448,162508,17924,312151,36810,17770,19040
54475,337630,25451,162524,17927,312177,36814,17771,19043
54480,337661,25457,162537,17931,312201,36818,17775,19043
54485,337692,25462,162554,17936,312227,36822,17776,19046
54490,337723,25467,162567,17940,312255,36826,17777,19049
54495,337754,25468,162583,17941,312284,36830,17778,19052
54500,337785,25469,162591,17941,312315,36834,17779,19055
54505,337816,25470,162607,17942,312344,36838,17781,19057
54510,337847,25472,162620,17944,312374,36842,17783,19059
54515,337878,25473,162634,17945,312405,36846,17784,19062
54520,337909,25475,162647,17946,312433,36850,17785,19065
54525,337940,25477,162661,17948,312462,36854,17786,19068
54530,337971,25479,162674,17949,312491,36858,17788,19070
54535,338002,25481,162688,17950,312520,36862,17790,19072
54540,338033,25482,162704,17951,312550,36866,17791,19075
54545,338064,25484,162721,17953,312580,36870,17793,19077
54550,338095,25485,162733,17953,312610,36874,17794,19080
54555,338126,25486,162749,17954,312640,36878,17797,19081
54560,338157,25488,162765,17955,312668,36882,17800,19082
54565,338188,25490,162780,17957,312698,36886,17803,19083
54570,338219,25491,162793,17958,312728,36890,17806,19084
54575,338250,25492,162805,17958,312758,36894,17808,19086
54580,338281,25493,162821,17959,312788,36898,17811,19087
54585,338312,25493,162842,17959,312819,36902,17813,19089
54590,338343,25494,162856,17959,312849,36906,17815,19091
54595,338374,25495,162870,17960,312879,36910,17818,19092
54600,338405,25498,162885,17962,312906,36914,17820,19094
54605,338436,25501,162896,17963,312934,36917,17820,19097
54610,338467,25504,162914,17966,312962,36920,17821,19099
54615,338498,25507,162925,17969,312991,36923,17822,19101
54620,338529,25509,162939,17971,313020,36926,17822,19104
54625,338560,25511,162955,17973,313047,36929,17825,19104
54630,338591,25515,162970,17975,313074,36932,17825,19107
54635,338622,25519,162986,17979,313100,36935,17827,19108
54640,338653,25525,163004,17983,313127,36938,17829,19109
54645,338684,25528,163021,17986,313152,36941,17830,19111
54650,338715,25536,163039,17993,313176,36944,17833,19111
54655,338746,25545,163059,18001,313198,36947,17834,19113
54660,338777,25548,163076,18004,313226,36950,17836,19114
54665,338808,25548,163092,18004,313260,36953,17838,19115
54670,338839,25548,163106,18004,313291,36956,17840,19116
54675,338870,25548,163122,18004,313322,36959,17843,19116
54680,338901,25549,163139,18005,313351,36962,17844,19118
54685,338932,25550,163150,18005,313382,36965,17845,19120
54690,338963,25551,163167,18005,313412,36968,17847,19121
54695,338994,25552,163181,18006,313442,36971,17849,19122
54700,339025,25553,163200,18007,313471,36974,17850,19124
54705,339056,25554,163221,18008,313501,36978,17851,19127
54710,339087,25555,163234,18008,313532,36982,17853,19129
54715,339118,25556,163248,18009,313562,36986,17854,19132
54720,339149,25557,163266,18010,313591,36990,17856,19134
54725,339180,25558,163284,18010,313621,36994,17858,19136
54730,339211,25560,163299,18012,313651,36998,17860,19138
54735,339242,25562,163314,18014,313680,37002,17863,19139
54740,339273,25563,163328,18015,313710,37006,17866,19140
54745,339304,25565,163348,18017,313738,37010,17868,19142
54750,339335,25566,163361,18018,313768,37014,17870,19144
54755,339366,25567,163378,18018,313798,37018,17872,19146
54760,339397,25568,163393,18019,313829,37022,17874,19148
54765,339428,25571,163405,18022,313857,37026,17875,19151
54770,339459,25576,163420,18026,313883,37030,17876,19154
54775,339490,25580,163432,18028,313910,37034,17877,19157
54780,339521,25584,163446,18031,313937,37038,17878,19160
54785,339552,25589,163458,18034,313963,37041,17880,19161
54790,339583,25592,163473,18036,313988,37044,17881,19163
54795,339614,25600,163492,18044,314012,37047,17882,19165
54800,339645,25609,163511,18052,314032,37050,17885,19165
54805,339676,25616,163524,18057,314057,37053,17888,19165
54810,339707,25624,163538,18062,314078,37056,17890,19166
54815,339738,25635,163555,18070,314101,37059,17892,19167
54820,339769,25635,163567,18070,314134,37062,17893,19169
54825,339800,25635,163579,18070,314164,37065,17895,19170
54830,339831,25635,163596,18070,314195,37068,17896,19172
54835,339862,25635,163611,18070,314226,37071,17899,19172
54840,339893,25635,163626,18070,314257,37074,17902,19172
54845,339924,25635,163641,18070,314289,37077,17904,19173
54850,339955,25635,163653,18070,314320,37080,17906,19174
54855,339986,25635,163669,18070,314351,37083,17908,19175
54860,340017,25635,163685,18070,314382,37086,17910,19176
54865,340048,25635,163699,18070,314413,37089,17912,19177
54870,340079,25635,163710,18070,314444,37092,17912,19180
54875,340110,25635,163726,18070,314474,37095,17913,19182
54880,340141,25635,163737,18070,314505,37098,17914,19184
54885,340172,25635,163750,18070,314537,37102,17916,19186
54890,340203,25635,163765,18070,314567,37106,17917,19189
54895,340234,25635,163778,18070,314598,37110,17919,19191
54900,340265,25635,163796,18070,314629,37114,17921,19193
54905,340296,25635,163811,18070,314661,37117,17922,19195
54910,340327,25635,163825,18070,314692,37120,17923,19197
54915,340358,25635,163840,18070,314723,37123,17926,19197
54920,340389,25635,163853,18070,314754,37126,17927,19199
54925,340420,25640,163866,18074,314779,37129,17928,19201
54930,340451,25646,163882,18077,314804,37132,17928,19204
54935,340482,25651,163896,18080,314831,37135,17929,19206
54940,340513,25656,163919,18083,314856,37138,17931,19207
54945,340544,25664,163934,18088,314878,37141,17932,19209
54950,340575,25672,163946,18095,314902,37144,17935,19209
54955,340606,25682,163961,18104,314922,37147,17936,19211
54960,340637,25686,163976,18106,314949,37150,17936,19214
54965,340668,25690,163990,18109,314978,37153,17938,19215
54970,340699,25693,164002,18111,315004,37156,17938,19218
54975,340730,25695,164016,18113,315035,37159,17940,19219
54980,340761,25696,164030,18113,315064,37162,17941,19221
54985,340792,25697,164045,18113,315094,37165,17943,19222
54990,340823,25698,164059,18113,315125,37168,17946,19222
54995,340854,25700,164068,18115,315154,37171,17948,19223
55000,340885,25702,164084,18117,315183,37174,17951,19223
55005,340916,25703,164101,18118,315212,37178,17952,19226
55010,340947,25705,164117,18120,315241,37182,17956,19226
55015,340978,25709,164129,18123,315269,37186,17957,19229
55020,341009,25710,164147,18124,315298,37190,17960,19230
55025,341040,25712,164156,18125,315327,37194,17963,19231
55030,341071,25714,164173,18126,315354,37198,17964,19234
55035,341102,25714,164189,18126,315386,37202,17966,19236
55040,341133,25714,164209,18126,315417,37206,17970,19236
55045,341164,25714,164225,18126,315450,37210,17972,19238
55050,341195,25714,164240,18126,315480,37214,17974,19240
55055,341226,25714,164253,18126,315512,37218,17976,19242
55060,341257,25714,164274,18126,315543,37222,17978,19244
55065,341288,25715,164286,18127,315573,37226,17979,19247
55070,341319,25716,164302,18128,315603,37230,17982,19248
55075,341350,25717,164316,18128,315633,37234,17984,19250
55080,341381,25718,164329,18128,315663,37238,17985,19253
55085,341412,25720,164342,18128,315692,37242,17986,19256
55090,341443,25723,164358,18131,315719,37246,17989,19257
55095,341474,25727,164373,18133,315746,37250,17991,19259
55100,341505,25731,164384,18136,315774,37254,17993,19261
55105,341536,25735,164400,18139,315800,37258,17994,19264
55110,341567,25738,164411,18140,315828,37262,17995,19267
55115,341598,25743,164428,18144,315855,37266,17998,19268
55120,341629,25746,164443,18147,315883,37270,18000,19270
55125,341660,25750,164460,18151,315907,37274,18001,19273
55130,341691,25758,164477,18159,315930,37278,18003,19275
55135,341722,25764,164495,18165,315956,37282,18005,19277
55140,341753,25768,164511,18168,315985,37286,18006,19280
55145,341784,25769,164525,18169,316015,37290,18007,19283
55150,341815,25770,164540,18169,316045,37294,18008,19286
55155,341846,25771,164551,18169,316075,37298,18009,19289
55160,341877,25772,164570,18170,316105,37302,18011,19291
55165,341908,25774,164585,18171,316133,37306,18014,19292
55170,341939,25776,164604,18173,316163,37310,18015,19295
55175,341970,25777,164621,18173,316193,37314,18016,19298
55180,342001,25778,164639,18174,316222,37318,18017,19301
55185,342032,25779,164657,18175,316251,37322,18020,19302
55190,342063,25780,164671,18176,316283,37326,18023,19303
55195,342094,25781,164685,18176,316313,37330,18024,19306
55200,342125,25783,164700,18177,316341,37334,18026,19308
55205,342156,25786,164712,18179,316368,37337,18027,19310
55210,342187,25789,164730,18182,316398,37340,18030,19310
55215,342218,25791,164742,18183,316427,37343,18030,19313
55220,342249,25794,164757,18185,316454,37346,18032,19314
55225,342280,25795,164772,18186,316485,37349,18034,19315
55230,342311,25795,164785,18186,316515,37352,18034,19318
55235,342342,25795,164801,18186,316547,37355,18037,19318
55240,342373,25795,164817,18186,316577,37358,18038,19320
55245,342404,25795,164832,18186,316607,37361,18039,19322
55250,342435,25798,164844,18189,316636,37364,18039,19325
55255,342466,25800,164862,18190,316665,37367,18040,19327
55260,342497,25803,164874,18191,316694,37370,18040,19330
55265,342528,25805,164884,18193,316723,37373,18041,19332
55270,342559,25808,164904,18196,316749,37376,18042,19334
55275,342590,25812,164920,18200,316777,37379,18042,19337
55280,342621,25815,164933,18201,316804,37382,18044,19338
55285,342652,25820,164952,18205,316831,37385,18044,19341
55290,342683,25824,164968,18209,316857,37388,18046,19342
55295,342714,25829,164977,18212,316885,37391,18047,19344
55300,342745,25830,164995,18213,316915,37394,18049,19345
55305,342776,25832,165016,18214,316943,37398,18052,19346
55310,342807,25834,165032,18215,316972,37402,18055,19347
55315,342838,25835,165051,18216,317003,37406,18057,19349
55320,342869,25836,165065,18216,317032,37410,18059,19351
55325,342900,25837,165075,18216,317062,37413,18060,19353
55330,342931,25840,165085,18218,317091,37416,18062,19354
55335,342962,25843,165101,18220,317118,37419,18064,19355
55340,342993,25847,165117,18222,317146,37422,18064,19358
55345,343024,25849,165128,18222,317175,37425,18064,19361
55350,343055,25852,165143,18225,317202,37428,18067,19361
55355,343086,25856,165159,18228,317230,37431,18068,19363
55360,343117,25858,165177,18230,317258,37434,18069,19365
55365,343148,25862,165190,18232,317285,37437,18070,19367
55370,343179,25865,165201,18233,317314,37440,18071,19369
55375,343210,25867,165217,18234,317341,37443,18073,19370
55380,343241,25870,165233,18236,317370,37446,18076,19370
55385,343272,25872,165249,18238,317399,37448,18077,19371
55390,343303,25875,165269,18241,317425,37450,18078,19372
55395,343334,25878,165279,18243,317455,37452,18079,19373
55400,343365,25882,165295,18247,317483,37454,18080,19374
55405,343396,25883,165312,18248,317512,37456,18080,19376
55410,343427,25884,165326,18249,317543,37458,18082,19376
55415,343458,25885,165340,18250,317572,37460,18084,19376
55420,343489,25886,165356,18251,317602,37462,18086,19376
55425,343520,25888,165370,18253,317632,37465,18087,19378
55430,343551,25890,165384,18254,317660,37468,18088,19380
55435,343582,25892,165397,18255,317689,37471,18089,19382
55440,343613,25894,165410,18256,317717,37474,18090,19384
55445,343644,25898,165423,18260,317746,37476,18092,19384
55450,343675,25899,165440,18261,317775,37478,18094,19384
55455,343706,25901,165452,18263,317804,37480,18095,19385
55460,343737,25905,165466,18266,317832,37482,18096,19386
55465,343768,25907,165483,18268,317860,37484,18098,19386
55470,343799,25910,165499,18270,317889,37486,18100,19386
55475,343830,25911,165513,18271,317919,37488,18102,19386
55480,343861,25913,165536,18273,317948,37490,18103,19387
55485,343892,25914,165551,18274,317978,37492,18103,19389
55490,343923,25917,165567,18277,318006,37495,18104,19391
55495,343954,25918,165576,18278,318036,37498,18105,19393
55500,343985,25920,165589,18279,318064,37501,18106,19395
55505,344016,25923,165606,18282,318092,37504,18107,19397
55510,344047,25926,165621,18284,318121,37507,18109,19398
55515,344078,25928,165629,18284,318149,37510,18109,19401
55520,344109,25930,165645,18285,318178,37513,18111,19402
55525,344140,25932,165658,18285,318208,37516,18113,19403
55530,344171,25935,165676,18287,318236,37519,18113,19406
55535,344202,25937,165692,18289,318264,37522,18115,19407
55540,344233,25941,165712,18292,318289,37525,18117,19408
55545,344264,25946,165724,18296,318317,37529,18119,19410
55550,344295,25947,165739,18296,318346,37533,18121,19412
55555,344326,25948,165754,18297,318377,37537,18122,19415
55560,344357,25949,165766,18297,318407,37541,18124,19417
55565,344388,25951,165784,18299,318436,37545,18125,19420
55570,344419,25952,165797,18300,318466,37549,18126,19423
55575,344450,25953,165809,18300,318495,37553,18128,19425
55580,344481,25954,165824,18300,318526,37557,18130,19427
55585,344512,25958,165835,18302,318552,37561,18131,19430
55590,344543,25960,165850,18303,318581,37565,18133,19432
55595,344574,25963,165861,18306,318611,37569,18133,19436
55600,344605,25965,165880,18306,318639,37573,18136,19437
55605,344636,25968,165889,18308,318666,37577,18137,19440
55610,344667,25973,165903,18311,318693,37581,18138,19443
55615,344698,25976,165920,18314,318722,37585,18142,19443
55620,344729,25979,165932,18315,318749,37589,18142,19447
55625,344760,25983,165949,18317,318777,37593,18144,19449
55630,344791,25986,165968,18319,318804,37597,18148,19449
55635,344822,25988,165981,18321,318833,37601,18149,19452
55640,344853,25991,165994,18324,318862,37605,18149,19456
55645,344884,25993,166009,18326,318889,37609,18151,19458
55650,344915,25997,166021,18329,318917,37613,18153,19460
55655,344946,26001,166036,18332,318945,37617,18156,19461
55660,344977,26005,166050,18334,318970,37621,18158,19463
55665,345008,26007,166062,18335,319001,37625,18158,19467
55670,345039,26009,166081,18337,319029,37629,18159,19470
55675,345070,26010,166093,18338,319060,37633,18160,19473
55680,345101,26012,166114,18340,319088,37637,18163,19474
55685,345132,26014,166130,18342,319117,37641,18164,19477
55690,345163,26015,166152,18343,319147,37645,18167,19478
55695,345194,26019,166169,18346,319175,37649,18168,19481
55700,345225,26022,166183,18349,319203,37653,18169,19484
55705,345256,26024,166197,18351,319230,37657,18172,19485
55710,345287,26027,166212,18353,319259,37661,18173,19488
55715,345318,26027,166228,18353,319291,37665,18176,19489
55720,345349,26027,166240,18353,319321,37669,18177,19492
55725,345380,26027,166253,18353,319353,37673,18178,19495
55730,345411,26027,166270,18353,319382,37677,18179,19498
55735,345442,26027,166278,18353,319415,37681,18179,19502
55740,345473,26027,166286,18353,319445,37685,18180,19505
55745,345504,26028,166299,18354,319475,37688,18182,19506
55750,345535,26029,166314,18354,319505,37691,18182,19509
55755,345566,26030,166329,18355,319535,37694,18183,19511
55760,345597,26031,166341,18355,319565,37697,18184,19513
55765,345628,26032,166357,18355,319595,37700,18185,19515
55770,345659,26033,166374,18355,319625,37703,18187,19516
55775,345690,26035,166396,18357,319652,37706,18189,19517
55780,345721,26040,166410,18362,319679,37709,18191,19518
55785,345752,26044,166423,18366,319708,37712,18193,19519
55790,345783,26048,166440,18369,319735,37715,18195,19520
55795,345814,26052,166455,18372,319760,37718,18197,19521
55800,345845,26059,166474,18378,319783,37721,18198,19523
55805,345876,26064,166482,18382,319810,37724,18199,19525
55810,345907,26068,166498,18385,319837,37727,18200,19527
55815,345938,26072,166512,18388,319865,37730,18201,19529
55820,345969,26076,166522,18390,319892,37733,18202,19531
55825,346000,26080,166537,18394,319919,37736,18203,19533
55830,346031,26081,166550,18394,319949,37739,18205,19534
55835,346062,26082,166564,18395,319979,37742,18206,19536
55840,346093,26083,166575,18395,320010,37745,18207,19538
55845,346124,26084,166594,18395,320038,37749,18209,19540
55850,346155,26086,166613,18396,320068,37753,18211,19542
55855,346186,26088,166624,18397,320098,37757,18213,19544
55860,346217,26089,166636,18398,320127,37761,18216,19545
55865,346248,26090,166649,18399,320157,37764,18218,19546
55870,346279,26091,166667,18400,320187,37767,18220,19547
55875,346310,26092,166684,18400,320218,37770,18222,19548
55880,346341,26093,166699,18401,320248,37773,18224,19549
55885,346372,26095,166714,18403,320277,37776,18225,19551
55890,346403,26096,166729,18403,320307,37779,18227,19552
55895,346434,26099,166747,18406,320333,37782,18228,19554
55900,346465,26105,166766,18411,320358,37785,18231,19554
55905,346496,26109,166779,18415,320386,37788,18233,19555
55910,346527,26109,166793,18415,320417,37791,18234,19557
55915,346558,26110,166804,18416,320447,37794,18235,19559
55920,346589,26112,166822,18418,320474,37797,18237,19560
55925,346620,26114,166841,18420,320504,37800,18237,19563
55930,346651,26117,166855,18423,320532,37803,18239,19564
55935,346682,26121,166871,18426,320560,37806,18240,19566
55940,346713,26124,166889,18428,320588,37809,18241,19568
55945,346744,26127,166906,18431,320616,37812,18242,19570
55950,346775,26132,166923,18435,320643,37815,18243,19572
55955,346806,26136,166934,18438,320670,37818,18244,19574
55960,346837,26137,166951,18438,320700,37821,18246,19575
55965,346868,26138,166965,18439,320730,37825,18248,19577
55970,346899,26139,166982,18439,320760,37829,18249,19580
55975,346930,26140,166999,18440,320790,37833,18252,19581
55980,346961,26141,167011,18441,320819,37837,18252,19585
55985,346992,26142,167019,18441,320850,37841,18253,19588
55990,347023,26144,167034,18442,320878,37845,18255,19590
55995,347054,26146,167051,18444,320907,37849,18257,19592
56000,347085,26148,167068,18445,320936,37853,18258,19595
56005,347116,26149,167081,18445,320966,37857,18261,19596
56010,347147,26151,167098,18445,320996,37861,18264,19597
56015,347178,26154,167115,18447,321024,37865,18265,19600
56020,347209,26158,167128,18450,321051,37869,18266,19603
56025,347240,26161,167142,18453,321079,37873,18267,19606
56030,347271,26163,167151,18454,321108,37877,18268,19609
56035,347302,26166,167164,18456,321136,37881,18269,19612
56040,347333,26168,167178,18457,321165,37885,18270,19615
56045,347364,26172,167190,18460,321192,37888,18271,19617
56050,347395,26175,167206,18463,321218,37891,18274,19617
56055,347426,26180,167225,18468,321244,37894,18275,19619
56060,347457,26185,167246,18473,321268,37897,18278,19619
56065,347488,26192,167259,18478,321295,37900,18279,19621
56070,347519,26194,167270,18479,321324,37903,18280,19623
56075,347550,26196,167281,18480,321352,37906,18280,19626
56080,347581,26197,167297,18480,321382,37909,18282,19627
56085,347612,26199,167314,18481,321412,37912,18285,19627
56090,347643,26201,167332,18483,321441,37915,18287,19628
56095,347674,26202,167344,18483,321470,37918,18288,19630
56100,347705,26205,167355,18486,321500,37921,18290,19631
56105,347736,26206,167364,18486,321529,37924,18290,19634
56110,347767,26210,167380,18490,321557,37927,18293,19634
56115,347798,26213,167397,18493,321582,37930,18294,19636
56120,347829,26215,167409,18495,321614,37933,18294,19639
56125,347860,26215,167423,18495,321645,37936,18294,19642
56130,347891,26215,167441,18495,321675,37939,18294,19645
56135,347922,26215,167460,18495,321705,37942,18297,19645
56140,347953,26215,167477,18495,321737,37945,18298,19647
56145,347984,26215,167490,18495,321769,37949,18299,19650
56150,348015,26215,167507,18495,321799,37953,18300,19653
56155,348046,26216,167520,18496,321829,37957,18302,19655
56160,348077,26217,167535,18496,321860,37961,18304,19657
56165,348108,26218,167549,18496,321890,37965,18306,19659
56170,348139,26219,167562,18496,321920,37969,18306,19663
56175,348170,26221,167573,18496,321949,37973,18307,19666
56180,348201,26223,167591,18497,321978,37977,18310,19667
56185,348232,26225,167604,18498,322007,37981,18312,19669
56190,348263,26227,167621,18500,322036,37985,18314,19671
56195,348294,26229,167633,18500,322065,37989,18316,19673
56200,348325,26231,167649,18501,322094,37993,18319,19674
56205,348356,26234,167665,18503,322122,37997,18322,19675
56210,348387,26237,167679,18505,322150,38001,18323,19678
56215,348418,26240,167697,18508,322178,38005,18324,19681
56220,348449,26242,167706,18508,322206,38009,18326,19683
56225,348480,26248,167724,18514,322231,38013,18328,19685
56230,348511,26253,167741,18518,322258,38017,18330,19687
56235,348542,26256,167753,18519,322285,38021,18332,19689
56240,348573,26262,167774,18525,322310,38025,18334,19691
56245,348604,26268,167790,18530,322335,38029,18335,19694
56250,348635,26273,167807,18534,322361,38033,18337,19696
56255,348666,26279,167821,18538,322387,38037,18340,19697
56260,348697,26282,167833,18539,322413,38041,18342,19699
56265,348728,26290,167846,18546,322437,38045,18342,19703
56270,348759,26296,167859,18550,322461,38049,18344,19705
56275,348790,26305,167872,18557,322483,38053,18344,19709
56280,348821,26309,167888,18561,322512,38057,18346,19711
56285,348852,26311,167904,18563,322540,38060,18346,19714
56290,348883,26311,167918,18563,322571,38063,18347,19716
56295,348914,26311,167934,18563,322602,38066,18347,19719
56300,348945,26311,167944,18563,322633,38069,18347,19722
56305,348976,26311,167961,18563,322665,38072,18347,19725
56310,349007,26311,167977,18563,322696,38075,18348,19727
56315,349038,26311,167995,18563,322727,38078,18351,19727
56320,349069,26311,168009,18563,322758,38081,18353,19728
56325,349100,26311,168023,18563,322788,38084,18355,19729
56330,349131,26311,168042,18563,322819,38087,18356,19731
56335,349162,26311,168055,18563,322851,38090,18357,19733
56340,349193,26311,168070,18563,322881,38093,18358,19735
56345,349224,26311,168087,18563,322913,38095,18360,19735
56350,349255,26311,168107,18563,322944,38097,18362,19735
56355,349286,26311,168119,18563,322974,38099,18363,19736
56360,349317,26311,168135,18563,323005,38101,18363,19738
56365,349348,26311,168152,18563,323036,38103,18364,19739
56370,349379,26311,168171,18563,323066,38105,18365,19740
56375,349410,26311,168184,18563,323097,38107,18367,19740
56380,349441,26311,168195,18563,323128,38109,18367,19742
56385,349472,26313,168213,18564,323154,38111,18368,19743
56390,349503,26320,168227,18569,323181,38114,18369,19745
56395,349534,26327,168239,18575,323206,38117,18371,19746
56400,349565,26334,168251,18580,323230,38120,18372,19748
56405,349596,26339,168268,18584,323256,38122,18373,19749
56410,349627,26345,168284,18587,323281,38124,18373,19751
56415,349658,26349,168296,18590,323309,38126,18375,19751
56420,349689,26354,168311,18592,323334,38128,18377,19751
56425,349720,26361,168325,18597,323358,38130,18379,19751
56430,349751,26366,168341,18600,323385,38132,18381,19751
56435,349782,26370,168356,18602,323412,38134,18381,19753
56440,349813,26371,168373,18602,323442,38136,18382,19754
56445,349844,26372,168384,18603,323471,38139,18384,19755
56450,349875,26374,168399,18605,323500,38142,18387,19755
56455,349906,26377,168408,18607,323529,38145,18389,19756
56460,349937,26378,168419,18607,323558,38148,18389,19759
56465,349968,26380,168433,18609,323586,38151,18391,19760
56470,349999,26383,168449,18612,323614,38154,18393,19761
56475,350030,26385,168466,18614,323643,38157,18394,19763
56480,350061,26387,168484,18616,323671,38160,18394,19766
56485,350092,26388,168502,18617,323703,38163,18396,19767
56490,350123,26388,168518,18617,323735,38166,18399,19767
56495,350154,26388,168529,18617,323766,38169,18401,19768
56500,350185,26388,168546,18617,323796,38172,18402,19770
56505,350216,26388,168559,18617,323828,38176,18404,19772
56510,350247,26388,168572,18617,323859,38180,18406,19774
56515,350278,26388,168584,18617,323890,38184,18408,19776
56520,350309,26388,168596,18617,323921,38188,18410,19778
56525,350340,26388,168616,18617,323952,38192,18412,19780
56530,350371,26388,168629,18617,323983,38196,18414,19782
56535,350402,26389,168645,18618,324013,38200,18415,19785
56540,350433,26391,168662,18619,324040,38204,18417,19787
56545,350464,26393,168679,18620,324070,38208,18420,19788
56550,350495,26396,168690,18622,324097,38212,18421,19791
56555,350526,26400,168704,18624,324125,38216,18421,19795
56560,350557,26404,168714,18627,324153,38220,18421,19799
56565,350588,26406,168730,18627,324182,38224,18425,19799
56570,350619,26410,168748,18629,324209,38228,18428,19800
56575,350650,26412,168760,18630,324238,38232,18431,19801
56580,350681,26415,168775,18632,324265,38236,18433,19803
56585,350712,26420,168791,18637,324292,38239,18434,19805
56590,350743,26423,168807,18640,324320,38242,18435,19807
56595,350774,26427,168823,18644,324346,38245,18438,19807
56600,350805,26433,168840,18648,324372,38248,18440,19808
56605,350836,26439,168852,18653,324397,38251,18442,19809
56610,350867,26443,168866,18655,324424,38254,18443,19811
56615,350898,26444,168877,18656,324454,38257,18444,19813
56620,350929,26446,168891,18657,324483,38260,18447,19813
56625,350960,26448,168905,18658,324512,38263,18448,19815
56630,350991,26450,168919,18660,324541,38266,18449,19817
56635,351022,26452,168938,18662,324568,38269,18450,19819
56640,351053,26454,168952,18663,324598,38272,18452,19820
56645,351084,26455,168966,18664,324628,38275,18453,19822
56650,351115,26457,168981,18666,324657,38278,18454,19824
56655,351146,26459,168997,18668,324685,38281,18456,19825
56660,351177,26460,169011,18668,324715,38284,18458,19826
56665,351208,26461,169023,18668,324744,38287,18459,19828
56670,351239,26463,169037,18670,324775,38290,18461,19829
56675,351270,26464,169054,18671,324805,38293,18463,19830
56680,351301,26466,169075,18673,324830,38296,18464,19832
56685,351332,26468,169090,18674,324864,38300,18466,19834
56690,351363,26470,169102,18676,324892,38304,18468,19836
56695,351394,26471,169118,18677,324923,38308,18470,19838
56700,351425,26471,169138,18677,324954,38312,18473,19839
56705,351456,26472,169152,18677,324983,38316,18475,19841
56710,351487,26474,169171,18679,325013,38320,18477,19843
56715,351518,26475,169185,18679,325043,38324,18478,19846
56720,351549,26477,169199,18681,325072,38328,18480,19848
56725,351580,26479,169213,18682,325100,38332,18481,19851
56730,351611,26482,169230,18685,325128,38336,18482,19854
56735,351642,26485,169242,18687,325157,38340,18484,19856
56740,351673,26488,169254,18688,325184,38344,18485,19859
56745,351704,26491,169265,18689,325213,38348,18486,19862
56750,351735,26493,169277,18690,325241,38352,18488,19864
56755,351766,26496,169291,18691,325270,38356,18490,19866
56760,351797,26498,169303,18692,325297,38360,18491,19869
56765,351828,26503,169320,18697,325324,38364,18494,19870
56770,351859,26507,169333,18700,325352,38368,18497,19871
56775,351890,26510,169346,18701,325380,38372,18499,19873
56780,351921,26513,169365,18703,325407,38376,18502,19874
56785,351952,26518,169382,18707,325433,38380,18503,19877
56790,351983,26521,169403,18710,325462,38384,18506,19878
56795,352014,26524,169417,18711,325490,38388,18508,19880
56800,352045,26528,169434,18714,325517,38392,18509,19883
56805,352076,26531,169449,18715,325544,38396,18512,19884
56810,352107,26535,169466,18718,325572,38400,18513,19887
56815,352138,26536,169482,18719,325601,38404,18514,19890
56820,352169,26537,169502,18719,325631,38408,18515,19893
56825,352200,26538,169516,18719,325662,38412,18517,19895
56830,352231,26539,169535,18720,325692,38416,18520,19896
56835,352262,26540,169549,18720,325721,38420,18522,19898
56840,352293,26541,169565,18720,325751,38424,18522,19902
56845,352324,26542,169582,18721,325782,38428,18524,19904
56850,352355,26543,169599,18722,325811,38432,18527,19905
56855,352386,26544,169613,18723,325842,38436,18529,19907
56860,352417,26545,169626,18724,325872,38440,18530,19910
56865,352448,26546,169641,18724,325900,38444,18532,19912
56870,352479,26547,169652,18724,325932,38448,18535,19913
56875,352510,26548,169665,18725,325962,38452,18537,19915
56880,352541,26549,169677,18725,325991,38456,18539,19917
56885,352572,26550,169695,18725,326021,38459,18541,19918
56890,352603,26552,169711,18726,326050,38462,18542,19920
56895,352634,26554,169723,18726,326079,38465,18544,19921
56900,352665,26558,169741,18730,326106,38468,18547,19921
56905,352696,26562,169758,18733,326133,38471,18549,19922
56910,352727,26565,169776,18735,326161,38474,18551,19923
56915,352758,26571,169795,18740,326187,38477,18553,19924
56920,352789,26575,169811,18743,326213,38480,18553,19927
56925,352820,26581,169825,18746,326236,38483,18554,19929
56930,352851,26590,169844,18755,326260,38486,18555,19931
56935,352882,26597,169865,18761,326284,38489,18557,19932
56940,352913,26600,169877,18764,326313,38492,18557,19935
56945,352944,26602,169894,18765,326342,38494,18559,19935
56950,352975,26605,169908,18768,326370,38496,18560,19936
56955,353006,26607,169926,18770,326399,38498,18561,19937
56960,353037,26609,169943,18772,326428,38500,18562,19938
56965,353068,26610,169960,18772,326458,38502,18564,19938
56970,353099,26611,169975,18772,326488,38504,18565,19939
56975,353130,26613,169990,18774,326517,38506,18565,19941
56980,353161,26615,170003,18776,326546,38508,18565,19943
56985,353192,26617,170015,18777,326574,38511,18567,19944
56990,353223,26620,170029,18780,326600,38514,18568,19946
56995,353254,26625,170044,18784,326628,38517,18569,19948
57000,353285,26628,170055,18786,326657,38520,18570,19950
57005,353316,26628,170073,18786,326687,38523,18572,19951
57010,353347,26628,170083,18786,326719,38526,18572,19954
57015,353378,26628,170098,18786,326750,38529,18575,19954
57020,353409,26628,170113,18786,326778,38532,18575,19957
57025,353440,26628,170126,18786,326810,38535,18576,19959
57030,353471,26628,170140,18786,326843,38538,18576,19962
57035,353502,26628,170157,18786,326872,38541,18577,19964
57040,353533,26628,170175,18786,326905,38544,18579,19965
57045,353564,26629,170194,18787,326933,38548,18582,19966
57050,353595,26631,170206,18788,326963,38552,18583,19969
57055,353626,26634,170221,18790,326990,38556,18585,19971
57060,353657,26639,170238,18795,327017,38560,18586,19974
57065,353688,26643,170254,18798,327044,38564,18588,19976
57070,353719,26647,170264,18801,327072,38568,18589,19979
57075,353750,26650,170277,18804,327098,38572,18589,19983
57080,353781,26654,170288,18806,327127,38576,18591,19985
57085,353812,26656,170303,18808,327155,38580,18593,19987
57090,353843,26659,170318,18810,327184,38584,18595,19989
57095,353874,26660,170331,18811,327214,38588,18596,19992
57100,353905,26662,170348,18812,327243,38592,18599,19993
57105,353936,26663,170359,18812,327273,38596,18600,19996
57110,353967,26665,170370,18813,327302,38600,18601,19999
57115,353998,26669,170392,18815,327329,38604,18605,19999
57120,354029,26672,170405,18816,327357,38608,18606,20002
57125,354060,26674,170422,18817,327386,38611,18608,20003
57130,354091,26676,170435,18817,327415,38614,18610,20004
57135,354122,26680,170446,18820,327442,38617,18611,20006
57140,354153,26685,170465,18824,327468,38620,18613,20007
57145,354184,26688,170477,18827,327496,38623,18614,20009
57150,354215,26690,170493,18829,327523,38626,18615,20011
57155,354246,26694,170509,18832,327550,38629,18618,20011
57160,354277,26696,170522,18833,327579,38632,18618,20014
57165,354308,26699,170536,18836,327608,38635,18620,20015
57170,354339,26702,170548,18838,327637,38638,18622,20016
57175,354370,26703,170568,18838,327665,38641,18625,20016
57180,354401,26707,170582,18841,327694,38644,18627,20017
57185,354432,26707,170595,18841,327723,38646,18629,20017
57190,354463,26707,170605,18841,327755,38648,18629,20019
57195,354494,26708,170619,18841,327784,38650,18630,20020
57200,354525,26711,170632,18843,327812,38652,18631,20021
57205,354556,26714,170641,18845,327842,38654,18631,20023
57210,354587,26717,170661,18848,327867,38656,18633,20023
57215,354618,26719,170680,18849,327898,38658,18633,20025
57220,354649,26720,170695,18850,327928,38660,18635,20025
57225,354680,26721,170709,18850,327957,38663,18638,20025
57230,354711,26723,170725,18851,327987,38666,18640,20026
57235,354742,26726,170740,18854,328016,38669,18641,20028
57240,354773,26728,170756,18856,328044,38672,18642,20030
57245,354804,26730,170772,18858,328073,38675,18643,20032
57250,354835,26733,170786,18860,328102,38678,18644,20034
57255,354866,26734,170799,18861,328132,38681,18646,20035
57260,354897,26735,170815,18861,328162,38684,18648,20036
57265,354928,26736,170833,18862,328192,38687,18651,20036
57270,354959,26737,170852,18863,328222,38690,18654,20036
57275,354990,26738,170868,18863,328252,38693,18655,20038
57280,355021,26739,170885,18863,328282,38696,18656,20040
57285,355052,26743,170902,18867,328309,38699,18657,20042
57290,355083,26746,170914,18870,328337,38703,18660,20043
57295,355114,26748,170931,18872,328366,38707,18661,20046
57300,355145,26750,170943,18873,328395,38711,18664,20047
57305,355176,26752,170956,18873,328424,38715,18667,20048
57310,355207,26755,170972,18875,328452,38719,18668,20051
57315,355238,26758,170987,18876,328480,38723,18670,20053
57320,355269,26761,171000,18877,328508,38727,18672,20055
57325,355300,26764,171017,18878,328535,38731,18674,20057
57330,355331,26769,171033,18881,328562,38735,18676,20059
57335,355362,26772,171050,18883,328589,38739,18678,20061
57340,355393,26777,171066,18887,328615,38743,18681,20062
57345,355424,26782,171081,18891,328640,38747,18682,20065
57350,355455,26784,171099,18893,328669,38751,18685,20066
57355,355486,26787,171112,18895,328697,38755,18687,20068
57360,355517,26793,171128,18901,328720,38759,18689,20070
57365,355548,26801,171142,18908,328743,38763,18691,20072
57370,355579,26803,171157,18909,328774,38767,18693,20074
57375,355610,26806,171174,18912,328801,38771,18696,20075
57380,355641,26809,171188,18914,328830,38775,18699,20076
57385,355672,26810,171198,18915,328860,38779,18700,20079
57390,355703,26810,171212,18915,328892,38783,18701,20082
57395,355734,26810,171224,18915,328924,38787,18701,20086
57400,355765,26810,171239,18915,328955,38791,18704,20087
57405,355796,26810,171251,18915,328986,38795,18705,20090
57410,355827,26810,171270,18915,329017,38799,18709,20090
57415,355858,26810,171288,18915,329048,38803,18711,20092
57420,355889,26810,171306,18915,329078,38807,18712,20095
57425,355920,26810,171321,18915,329110,38810,18714,20096
57430,355951,26810,171337,18915,329141,38813,18716,20097
57435,355982,26810,171353,18915,329172,38816,18718,20098
57440,356013,26810,171367,18915,329203,38819,18721,20098
57445,356044,26810,171384,18915,329234,38822,18721,20101
57450,356075,26812,171399,18917,329263,38825,18723,20102
57455,356106,26814,171415,18918,329292,38828,18726,20102
57460,356137,26816,171427,18919,329321,38831,18727,20104
57465,356168,26817,171441,18919,329351,38834,18728,20106
57470,356199,26818,171456,18919,329381,38837,18731,20106
57475,356230,26822,171469,18923,329408,38840,18731,20109
57480,356261,26824,171483,18924,329436,38843,18732,20111
57485,356292,26827,171495,18927,329463,38845,18733,20112
57490,356323,26833,171506,18931,329490,38847,18734,20113
57495,356354,26838,171518,18934,329515,38849,18734,20115
57500,356385,26845,171530,18939,329539,38851,18735,20116
57505,356416,26852,171547,18945,329563,38853,18736,20117
57510,356447,26858,171557,18949,329588,38855,18736,20119
57515,356478,26864,171575,18954,329614,38857,18736,20121
57520,356509,26867,171595,18955,329641,38859,18738,20121
57525,356540,26869,171612,18957,329671,38862,18739,20123
57530,356571,26870,171623,18958,329700,38865,18740,20125
57535,356602,26871,171640,18959,329729,38868,18743,20125
57540,356633,26873,171651,18961,329760,38871,18745,20126
57545,356664,26876,171663,18963,329787,38874,18748,20126
57550,356695,26878,171672,18964,329817,38877,18749,20128
57555,356726,26880,171688,18965,329845,38880,18750,20130
57560,356757,26883,171698,18968,329873,38883,18752,20131
57565,356788,26884,171714,18969,329903,38886,18754,20132
57570,356819,26886,171727,18971,329933,38889,18755,20134
57575,356850,26888,171743,18972,329961,38892,18756,20136
57580,356881,26889,171762,18973,329992,38895,18757,20138
57585,356912,26889,171781,18973,330022,38899,18759,20140
57590,356943,26889,171798,18973,330054,38903,18763,20140
57595,356974,26889,171812,18973,330084,38907,18764,20143
57600,357005,26889,171824,18973,330116,38911,18766,20145
57605,357036,26889,171840,18973,330146,38915,18768,20147
57610,357067,26889,171852,18973,330178,38919,18768,20151
57615,357098,26889,171868,18973,330209,38923,18769,20154
57620,357129,26889,171879,18973,330240,38927,18771,20156
57625,357160,26893,171893,18977,330267,38931,18771,20160
57630,357191,26896,171911,18978,330294,38935,18775,20160
57635,357222,26901,171926,18983,330320,38939,18778,20161
57640,357253,26905,171939,18987,330347,38943,18779,20164
57645,357284,26910,171951,18990,330372,38947,18780,20167
57650,357315,26915,171966,18995,330399,38951,18783,20168
57655,357346,26919,171980,18999,330427,38955,18785,20170
57660,357377,26921,171998,19001,330456,38959,18787,20172
57665,357408,26922,172010,19001,330486,38962,18788,20174
57670,357439,26924,172025,19002,330515,38965,18788,20177
57675,357470,26926,172038,19004,330544,38968,18788,20180
57680,357501,26929,172050,19006,330572,38971,18789,20182
57685,357532,26932,172059,19007,330600,38974,18790,20184
57690,357563,26934,172074,19008,330629,38977,18792,20185
57695,357594,26937,172089,19009,330657,38980,18794,20186
57700,357625,26940,172102,19010,330683,38983,18796,20187
57705,357656,26944,172119,19012,330712,38986,18798,20188
57710,357687,26947,172137,19013,330738,38989,18799,20190
57715,357718,26948,172146,19013,330768,38992,18800,20192
57720,357749,26949,172164,19014,330798,38995,18801,20194
57725,357780,26951,172181,19016,330828,38998,18802,20196
57730,357811,26952,172192,19017,330858,39001,18805,20196
57735,357842,26955,172205,19019,330885,39004,18806,20198
57740,357873,26959,172225,19023,330912,39007,18807,20200
57745,357904,26962,172241,19025,330941,39010,18808,20202
57750,357935,26964,172257,19027,330969,39013,18810,20203
57755,357966,26965,172269,19028,331001,39016,18812,20204
57760,357997,26967,172286,19029,331029,39019,18813,20206
57765,358028,26969,172303,19030,331058,39023,18816,20207
57770,358059,26974,172313,19035,331084,39027,18816,20211
57775,358090,26979,172324,19038,331111,39031,18818,20213
57780,358121,26983,172340,19041,331137,39035,18821,20214
57785,358152,26987,172353,19044,331163,39039,18822,20217
57790,358183,26989,172370,19046,331194,39043,18824,20219
57795,358214,26989,172380,19046,331225,39047,18825,20222
57800,358245,26989,172395,19046,331256,39051,18826,20225
57805,358276,26989,172407,19046,331287,39055,18830,20225
57810,358307,26989,172426,19046,331318,39059,18834,20225
57815,358338,26989,172437,19046,331349,39063,18835,20228
57820,358369,26990,172454,19047,331379,39067,18838,20229
57825,358400,26991,172473,19048,331409,39071,18839,20232
57830,358431,26992,172487,19049,331439,39075,18840,20235
57835,358462,26993,172495,19049,331469,39079,18841,20238
57840,358493,26994,172509,19049,331498,39083,18842,20241
57845,358524,26995,172517,19049,331527,39087,18844,20243
57850,358555,26996,172539,19050,331557,39091,18848,20243
57855,358586,26998,172553,19052,331587,39095,18851,20244
57860,358617,26999,172572,19053,331618,39099,18852,20247
57865,358648,27002,172589,19056,331645,39103,18855,20248
57870,358679,27005,172605,19058,331674,39107,18858,20249
57875,358710,27006,172615,19058,331704,39111,18860,20251
57880,358741,27009,172629,19060,331731,39115,18862,20253
57885,358772,27014,172641,19063,331758,39119,18863,20256
57890,358803,27016,172654,19064,331786,39123,18866,20257
57895,358834,27022,172672,19070,331811,39127,18868,20259
57900,358865,27026,172682,19073,331839,39131,18869,20262
57905,358896,27030,172701,19074,331865,39135,18871,20264
57910,358927,27033,172714,19076,331894,39139,18873,20266
57915,358958,27035,172728,19077,331922,39143,18874,20269
57920,358989,27038,172741,19080,331951,39147,18876,20271
57925,359020,27040,172756,19081,331980,39151,18879,20272
57930,359051,27042,172765,19082,332009,39155,18881,20274
57935,359082,27045,172781,19085,332037,39159,18882,20277
57940,359113,27048,172794,19086,332065,39163,18884,20279
57945,359144,27050,172809,19087,332092,39167,18886,20281
57950,359175,27054,172825,19089,332120,39171,18888,20283
57955,359206,27058,172845,19093,332146,39175,18891,20284
57960,359237,27063,172855,19097,332174,39179,18893,20286
57965,359268,27064,172871,19098,332203,39182,18894,20288
57970,359299,27065,172886,19099,332234,39185,18897,20288
57975,359330,27067,172900,19100,332261,39188,18898,20290
57980,359361,27068,172915,19100,332291,39191,18900,20291
57985,359392,27070,172928,19101,332322,39194,18900,20294
57990,359423,27071,172940,19101,332350,39197,18901,20296
57995,359454,27073,172959,19102,332380,39200,18904,20296
58000,359485,27074,172966,19102,332410,39203,18905,20298
58005,359516,27076,172980,19104,332438,39206,18906,20300
58010,359547,27077,173000,19105,332469,39209,18908,20301
58015,359578,27078,173015,19105,332500,39212,18910,20302
58020,359609,27081,173034,19108,332528,39215,18912,20303
58025,359640,27084,173048,19109,332556,39217,18913,20304
58030,359671,27086,173060,19110,332585,39219,18914,20305
58035,359702,27089,173081,19113,332613,39221,18916,20305
58040,359733,27092,173099,19115,332641,39223,18916,20307
58045,359764,27094,173112,19115,332670,39225,18918,20307
58050,359795,27097,173132,19118,332698,39227,18919,20308
58055,359826,27099,173142,19119,332727,39229,18919,20310
58060,359857,27100,173156,19120,332756,39231,18920,20311
58065,359888,27104,173167,19122,332784,39234,18921,20313
58070,359919,27107,173177,19123,332812,39237,18922,20315
58075,359950,27111,173196,19127,332837,39240,18925,20315
58080,359981,27115,173208,19129,332865,39243,18927,20316
58085,360012,27120,173222,19133,332892,39246,18927,20319
58090,360043,27122,173236,19134,332921,39249,18929,20320
58095,360074,27125,173251,19136,332949,39252,18931,20321
58100,360105,27130,173269,19140,332974,39255,18933,20322
58105,360136,27136,173283,19146,332999,39258,18934,20324
58110,360167,27140,173300,19150,333026,39261,18935,20326
58115,360198,27142,173311,19151,333055,39264,18936,20328
58120,360229,27147,173331,19156,333079,39267,18938,20329
58125,360260,27147,173343,19156,333110,39271,18939,20332
58130,360291,27147,173353,19156,333142,39275,18941,20334
58135,360322,27147,173373,19156,333172,39279,18944,20335
58140,360353,27147,173387,19156,333203,39283,18944,20339
58145,360384,27147,173405,19156,333233,39286,18947,20339
58150,360415,27147,173420,19156,333267,39289,18949,20340
58155,360446,27147,173433,19156,333299,39292,18951,20341
58160,360477,27148,173446,19156,333328,39295,18952,20343
58165,360508,27149,173464,19156,333359,39298,18954,20344
58170,360539,27150,173482,19156,333389,39301,18955,20346
58175,360570,27151,173497,19157,333419,39304,18957,20347
58180,360601,27152,173511,19158,333449,39307,18959,20348
58185,360632,27153,173526,19158,333479,39310,18962,20348
58190,360663,27154,173540,19159,333509,39313,18964,20349
58195,360694,27155,173560,19159,333539,39316,18964,20352
58200,360725,27156,173575,19159,333569,39319,18965,20354
58205,360756,27157,173590,19159,333599,39321,18966,20355
58210,360787,27158,173605,19159,333629,39323,18966,20357
58215,360818,27159,173621,19160,333659,39325,18966,20359
58220,360849,27161,173635,19160,333688,39327,18967,20360
58225,360880,27163,173647,19162,333715,39329,18968,20361
58230,360911,27168,173660,19165,333741,39331,18969,20362
58235,360942,27174,173677,19170,333768,39333,18971,20362
58240,360973,27177,173693,19172,333795,39335,18972,20363
58245,361004,27182,173703,19177,333822,39337,18974,20363
58250,361035,27187,173725,19182,333846,39340,18975,20365
58255,361066,27197,173741,19191,333866,39343,18976,20367
58260,361097,27204,173754,19195,333893,39346,18977,20369
58265,361128,27206,173768,19197,333922,39349,18978,20371
58270,361159,27210,173783,19200,333946,39352,18978,20374
58275,361190,27215,173796,19205,333972,39355,18979,20376
58280,361221,27221,173811,19210,333998,39358,18981,20377
58285,361252,27226,173824,19215,334023,39361,18982,20379
58290,361283,27229,173836,19216,334053,39364,18984,20380
58295,361314,27234,173856,19220,334078,39367,18987,20380
58300,361345,27238,173870,19222,334107,39370,18990,20380
58305,361376,27240,173885,19223,334136,39374,18993,20381
58310,361407,27241,173897,19223,334166,39378,18994,20384
58315,361438,27242,173910,19224,334196,39382,18994,20388
58320,361469,27242,173922,19224,334226,39386,18997,20389
58325,361500,27242,173937,19224,334257,39390,18998,20392
58330,361531,27242,173951,19224,334288,39394,19000,20394
58335,361562,27242,173968,19224,334320,39398,19002,20396
58340,361593,27242,173991,19224,334349,39402,19005,20397
58345,361624,27242,174004,19224,334382,39406,19007,20399
58350,361655,27242,174016,19224,334413,39410,19010,20400
58355,361686,27242,174028,19224,334444,39414,19011,20403
58360,361717,27242,174042,19224,334475,39418,19012,20406
58365,361748,27242,174055,19224,334506,39422,19012,20410
58370,361779,27242,174066,19224,334536,39426,19013,20413
58375,361810,27244,174082,19226,334565,39430,19015,20415
58380,361841,27246,174098,19227,334595,39434,19017,20417
58385,361872,27248,174115,19228,334623,39438,19020,20418
58390,361903,27252,174132,19232,334650,39442,19022,20420
58395,361934,27256,174151,19235,334678,39446,19024,20422
58400,361965,27258,174170,19237,334707,39450,19027,20423
58405,361996,27262,174185,19240,334732,39454,19030,20424
58410,362027,27266,174194,19242,334761,39458,19031,20427
58415,362058,27268,174214,19243,334789,39462,19034,20428
58420,362089,27271,174228,19245,334817,39466,19037,20429
58425,362120,27274,174244,19247,334845,39470,19039,20431
58430,362151,27277,174258,19249,334873,39474,19041,20433
58435,362182,27280,174271,19252,334902,39478,19043,20435
58440,362213,27283,174289,19254,334930,39482,19044,20438
58445,362244,27285,174302,19254,334959,39486,19046,20440
58450,362275,27289,174319,19257,334985,39490,19048,20442
58455,362306,27293,174334,19260,335011,39494,19050,20444
58460,362337,27295,174346,19261,335042,39498,19052,20446
58465,362368,27296,174356,19261,335071,39502,19053,20449
58470,362399,27297,174368,19262,335102,39506,19055,20451
58475,362430,27298,174382,19262,335132,39510,19058,20452
58480,362461,27299,174397,19262,335162,39514,19060,20454
58485,362492,27300,174407,19262,335192,39518,19062,20456
58490,362523,27301,174419,19263,335222,39522,19062,20460
58495,362554,27302,174436,19264,335250,39526,19066,20460
58500,362585,27303,174450,19264,335280,39530,19069,20461
58505,362616,27304,174463,19264,335312,39534,19071,20463
58510,362647,27305,174476,19265,335342,39538,19073,20465
58515,362678,27306,174489,19265,335371,39542,19076,20466
58520,362709,27309,174502,19266,335400,39546,19077,20469
58525,362740,27312,174516,19269,335427,39550,19079,20471
58530,362771,27315,174534,19272,335454,39554,19081,20473
58535,362802,27318,174549,19274,335483,39558,19082,20476
58540,362833,27321,174568,19276,335512,39562,19086,20476
58545,362864,27324,174589,19279,335538,39566,19090,20476
58550,362895,27329,174605,19284,335564,39570,19092,20478
58555,362926,27336,174624,19289,335588,39574,19095,20479
58560,362957,27342,174642,19295,335613,39578,19098,20480
58565,362988,27348,174657,19299,335640,39581,19100,20481
58570,363019,27351,174671,19301,335667,39584,19102,20482
58575,363050,27353,174683,19301,335697,39587,19104,20483
58580,363081,27356,174698,19303,335725,39590,19105,20485
58585,363112,27359,174712,19304,335752,39593,19107,20486
58590,363143,27363,174729,19306,335779,39596,19108,20488
58595,363174,27366,174740,19308,335807,39599,19108,20491
58600,363205,27369,174751,19310,335836,39602,19109,20493
58605,363236,27373,174767,19312,335862,39605,19111,20494
58610,363267,27377,174780,19315,335888,39608,19111,20497
58615,363298,27380,174793,19317,335917,39611,19111,20500
58620,363329,27382,174810,19319,335946,39614,19113,20501
58625,363360,27382,174826,19319,335977,39616,19114,20502
58630,363391,27382,174837,19319,336008,39618,19115,20503
58635,363422,27382,174850,19319,336040,39620,19116,20504
58640,363453,27382,174867,19319,336071,39622,19118,20504
58645,363484,27382,174886,19319,336102,39624,19119,20505
58650,363515,27382,174903,19319,336133,39626,19121,20505
58655,363546,27382,174922,19319,336163,39628,19121,20507
58660,363577,27382,174936,19319,336195,39630,19121,20509
58665,363608,27382,174951,19319,336226,39633,19122,20511
58670,363639,27382,174964,19319,336255,39636,19123,20513
58675,363670,27383,174983,19320,336286,39639,19124,20515
58680,363701,27384,174999,19321,336314,39642,19126,20516
58685,363732,27386,175014,19323,336345,39645,19127,20518
58690,363763,27387,175031,19323,336375,39648,19128,20520
58695,363794,27388,175045,19323,336405,39651,19129,20522
58700,363825,27389,175059,19324,336435,39654,19130,20524
58705,363856,27390,175073,19325,336464,39657,19131,20526
58710,363887,27394,175087,19328,336493,39660,19132,20528
58715,363918,27396,175101,19328,336522,39663,19134,20529
58720,363949,27398,175114,19329,336551,39666,19135,20531
58725,363980,27401,175122,19330,336579,39670,19137,20533
58730,364011,27406,175137,19333,336604,39674,19139,20535
58735,364042,27411,175157,19338,336629,39678,19142,20536
58740,364073,27417,175169,19341,336654,39682,19144,20538
58745,364104,27421,175178,19344,336683,39685,19146,20539
58750,364135,27423,175196,19346,336710,39688,19148,20540
58755,364166,27425,175208,19348,336740,39691,19148,20543
58760,364197,27427,175229,19350,336767,39694,19151,20543
58765,364228,27429,175243,19350,336799,39697,19151,20546
58770,364259,27431,175256,19351,336827,39700,19152,20548
58775,364290,27433,175270,19352,336856,39703,19154,20549
58780,364321,27435,175286,19353,336886,39706,19154,20552
58785,364352,27438,175301,19355,336914,39709,19155,20554
58790,364383,27443,175319,19359,336940,39712,19157,20555
58795,364414,27448,175334,19362,336966,39715,19158,20557
58800,364445,27452,175343,19364,336993,39718,19158,20560
58805,364476,27454,175357,19366,337021,39721,19160,20561
58810,364507,27460,175370,19372,337047,39724,19162,20562
58815,364538,27465,175385,19376,337072,39727,19164,20563
58820,364569,27467,175402,19377,337100,39730,19164,20566
58825,364600,27470,175420,19379,337128,39733,19167,20566
58830,364631,27473,175440,19382,337156,39736,19170,20566
58835,364662,27473,175458,19382,337189,39739,19172,20567
58840,364693,27473,175471,19382,337219,39742,19175,20567
58845,364724,27473,175487,19382,337250,39746,19176,20570
58850,364755,27474,175506,19383,337279,39750,19179,20571
58855,364786,27475,175521,19383,337309,39754,19182,20572
58860,364817,27477,175531,19384,337340,39758,19183,20575
58865,364848,27478,175545,19385,337369,39762,19186,20576
58870,364879,27481,175560,19387,337397,39766,19188,20578
58875,364910,27485,175576,19391,337425,39770,19190,20580
58880,364941,27486,175588,19391,337453,39774,19192,20582
58885,364972,27489,175605,19393,337482,39778,19193,20585
58890,365003,27490,175621,19394,337512,39782,19196,20586
58895,365034,27492,175633,19395,337541,39786,19196,20590
58900,365065,27496,175646,19399,337568,39790,19197,20593
58905,365096,27497,175666,19400,337598,39794,19200,20594
58910,365127,27497,175682,19400,337630,39798,19200,20598
58915,365158,27497,175693,19400,337661,39802,19200,20602
58920,365189,27497,175705,19400,337692,39806,19200,20606
58925,365220,27498,175721,19401,337722,39810,19201,20609
58930,365251,27499,175739,19402,337752,39814,19203,20611
58935,365282,27500,175752,19402,337782,39818,19204,20614
58940,365313,27502,175765,19402,337810,39822,19205,20617
58945,365344,27504,175783,19404,337840,39826,19207,20619
58950,365375,27506,175797,19405,337868,39830,19209,20621
58955,365406,27508,175810,19406,337897,39834,19212,20622
58960,365437,27510,175824,19407,337927,39838,19215,20623
58965,365468,27514,175838,19410,337954,39842,19216,20626
58970,365499,27520,175859,19416,337979,39846,19220,20626
58975,365530,27525,175878,19420,338005,39850,19223,20627
58980,365561,27529,175897,19424,338031,39854,19227,20627
58985,365592,27535,175909,19429,338057,39858,19229,20629
58990,365623,27540,175922,19433,338083,39862,19229,20633
58995,365654,27542,175941,19434,338112,39866,19232,20634
59000,365685,27544,175960,19436,338140,39870,19233,20637
59005,365716,27548,175979,19439,338166,39874,19235,20639
59010,365747,27552,175995,19442,338194,39878,19236,20642
59015,365778,27555,176010,19445,338223,39882,19237,20645
59020,365809,27556,176027,19446,338252,39886,19240,20646
59025,365840,27560,176042,19449,338277,39890,19240,20650
59030,365871,27564,176055,19453,338306,39894,19240,20654
59035,365902,27567,176072,19456,338332,39898,19242,20656
59040,365933,27571,176089,19459,338362,39902,19244,20658
59045,365964,27571,176104,19459,338393,39905,19246,20659
59050,365995,27571,176120,19459,338423,39908,19247,20661
59055,366026,27571,176128,19459,338455,39911,19248,20663
59060,366057,27571,176139,19459,338485,39914,19250,20664
59065,366088,27571,176149,19459,338517,39917,19251,20666
59070,366119,27571,176162,19459,338545,39920,19253,20667
59075,366150,27571,176177,19459,338578,39923,19253,20670
59080,366181,27571,176189,19459,338607,39926,19255,20671
59085,366212,27571,176204,19459,338640,39929,19258,20671
59090,366243,27571,176218,19459,338671,39932,19259,20673
59095,366274,27571,176233,19459,338702,39935,19260,20675
59100,366305,27572,176245,19459,338732,39938,19261,20677
59105,366336,27573,176262,19460,338763,39940,19263,20677
59110,366367,27574,176275,19461,338793,39942,19264,20678
59115,366398,27576,176292,19462,338822,39944,19264,20680
59120,366429,27579,176307,19464,338850,39946,19264,20682
59125,366460,27581,176322,19466,338879,39948,19264,20684
59130,366491,27583,176336,19466,338908,39950,19264,20686
59135,366522,27586,176350,19468,338936,39952,19265,20687
59140,366553,27588,176364,19468,338965,39954,19265,20689
59145,366584,27591,176379,19471,338993,39956,19267,20689
59150,366615,27596,176397,19476,339018,39959,19269,20690
59155,366646,27601,176410,19480,339044,39962,19271,20691
59160,366677,27608,176430,19487,339068,39965,19273,20692
59165,366708,27614,176443,19491,339093,39967,19275,20692
59170,366739,27619,176457,19495,339119,39969,19277,20692
59175,366770,27624,176468,19498,339146,39971,19278,20693
59180,366801,27628,176486,19501,339172,39973,19280,20693
59185,366832,27632,176500,19505,339200,39975,19280,20695
59190,366863,27636,176513,19508,339226,39977,19280,20697
59195,366894,27643,176533,19515,339249,39979,19281,20698
59200,366925,27650,176550,19520,339274,39981,19281,20700
59205,366956,27654,176568,19523,339301,39984,19281,20703
59210,366987,27655,176583,19524,339331,39987,19284,20703
59215,367018,27655,176591,19524,339362,39990,19284,20706
59220,367049,27655,176608,19524,339393,39993,19286,20707
59225,367080,27655,176620,19524,339425,39996,19288,20708
59230,367111,27655,176630,19524,339455,39999,19289,20710
59235,367142,27655,176644,19524,339485,40002,19290,20712
59240,367173,27655,176657,19524,339517,40005,19291,20714
59245,367204,27655,176669,19524,339548,40008,19292,20716
59250,367235,27655,176682,19524,339580,40011,19293,20718
59255,367266,27655,176698,19524,339609,40014,19294,20720
59260,367297,27655,176713,19524,339638,40017,19295,20722
59265,367328,27655,176728,19524,339671,40021,19296,20725
59270,367359,27655,176745,19524,339704,40025,19298,20727
59275,367390,27655,176755,19524,339735,40029,19302,20727
59280,367421,27656,176768,19524,339765,40033,19304,20729
59285,367452,27657,176787,19524,339795,40036,19305,20731
59290,367483,27658,176801,19524,339825,40039,19306,20733
59295,367514,27659,176821,19524,339855,40042,19308,20734
59300,367545,27660,176838,19525,339885,40045,19309,20736
59305,367576,27661,176852,19525,339915,40048,19310,20738
59310,367607,27662,176867,19525,339944,40051,19310,20741
59315,367638,27667,176883,19528,339971,40054,19312,20742
59320,367669,27670,176900,19530,339998,40057,19314,20743
59325,367700,27675,176914,19533,340025,40060,19316,20744
59330,367731,27678,176928,19534,340053,40063,19318,20745
59335,367762,27681,176943,19534,340081,40066,19321,20745
59340,367793,27685,176958,19537,340108,40069,19322,20747
59345,367824,27690,176975,19540,340132,40072,19323,20749
59350,367855,27697,176990,19545,340157,40075,19325,20750
59355,367886,27703,177008,19550,340183,40078,19327,20751
59360,367917,27706,177019,19551,340211,40081,19327,20754
59365,367948,27709,177034,19553,340239,40084,19328,20756
59370,367979,27712,177047,19554,340267,40087,19329,20758
59375,368010,27716,177066,19558,340291,40090,19331,20759
59380,368041,27723,177083,19564,340314,40093,19332,20761
59385,368072,27727,177093,19566,340345,40097,19332,20765
59390,368103,27728,177110,19567,340372,40101,19333,20768
59395,368134,27729,177131,19567,340404,40105,19336,20769
59400,368165,27731,177150,19569,340432,40109,19339,20770
59405,368196,27732,177168,19569,340462,40113,19341,20772
59410,368227,27734,177183,19571,340492,40117,19342,20775
59415,368258,27736,177202,19573,340522,40121,19343,20778
59420,368289,27737,177221,19574,340550,40125,19344,20781
59425,368320,27739,177229,19576,340580,40129,19345,20784
59430,368351,27740,177244,19577,340611,40133,19346,20787
59435,368382,27742,177263,19578,340640,40137,19349,20788
59440,368413,27744,177276,19579,340669,40141,19352,20789
59445,368444,27746,177297,19581,340698,40145,19355,20790
59450,368475,27747,177309,19582,340728,40149,19356,20793
59455,368506,27749,177326,19583,340756,40153,19358,20795
59460,368537,27751,177344,19584,340784,40157,19361,20796
59465,368568,27754,177359,19587,340813,40161,19364,20797
59470,368599,27756,177372,19588,340842,40165,19364,20801
59475,368630,27759,177384,19590,340870,40169,19365,20804
59480,368661,27762,177396,19593,340898,40173,19368,20805
59485,368692,27764,177415,19595,340927,40177,19372,20805
59490,368723,27766,177430,19597,340957,40181,19374,20807
59495,368754,27769,177444,19599,340984,40185,19376,20809
59500,368785,27772,177457,19601,341011,40189,19379,20810
59505,368816,27775,177469,19604,341041,40193,19380,20813
59510,368847,27776,177484,19605,341071,40197,19381,20816
59515,368878,27778,177497,19606,341100,40201,19382,20819
59520,368909,27780,177514,19608,341129,40205,19383,20822
59525,368940,27781,177527,19608,341159,40209,19385,20824
59530,368971,27783,177541,19609,341188,40213,19385,20828
59535,369002,27784,177554,19609,341218,40217,19386,20831
59540,369033,27785,177568,19609,341246,40221,19389,20832
59545,369064,27787,177585,19611,341276,40225,19391,20834
59550,369095,27790,177603,19614,341304,40229,19393,20836
59555,369126,27793,177618,19616,341332,40233,19395,20838
59560,369157,27796,177636,19619,341359,40237,19396,20841
59565,369188,27799,177646,19622,341387,40241,19398,20843
59570,369219,27803,177660,19626,341416,40245,19401,20844
59575,369250,27804,177674,19627,341444,40249,19404,20845
59580,369281,27805,177694,19627,341474,40253,19407,20846
59585,369312,27806,177708,19628,341506,40257,19408,20849
59590,369343,27807,177721,19628,341536,40261,19411,20850
59595,369374,27808,177738,19628,341565,40265,19414,20851
59600,369405,27809,177755,19629,341596,40269,19416,20853
59605,369436,27810,177775,19629,341626,40273,19418,20855
59610,369467,27812,177789,19629,341655,40277,19420,20857
59615,369498,27814,177805,19631,341684,40281,19421,20860
59620,369529,27816,177816,19632,341713,40285,19423,20862
59625,369560,27818,177827,19632,341742,40289,19425,20864
59630,369591,27821,177844,19635,341769,40293,19427,20866
59635,369622,27825,177859,19638,341796,40297,19429,20868
59640,369653,27828,177872,19640,341824,40301,19431,20870
59645,369684,27832,177887,19642,341851,40304,19433,20871
59650,369715,27835,177902,19644,341879,40307,19435,20872
59655,369746,27840,177913,19648,341906,40310,19437,20873
59660,369777,27842,177930,19650,341935,40313,19439,20874
59665,369808,27845,177944,19652,341963,40316,19440,20876
59670,369839,27847,177957,19653,341992,40319,19440,20879
59675,369870,27849,177973,19653,342021,40322,19442,20880
59680,369901,27852,177986,19653,342048,40325,19445,20880
59685,369932,27859,178003,19657,342071,40328,19448,20880
59690,369963,27867,178022,19664,342095,40331,19450,20881
59695,369994,27872,178035,19668,342121,40334,19450,20884
59700,370025,27875,178052,19669,342148,40337,19451,20886
59705,370056,27877,178067,19671,342177,40339,19452,20887
59710,370087,27879,178081,19673,342206,40341,19454,20887
59715,370118,27881,178095,19675,342235,40343,19455,20888
59720,370149,27883,178108,19677,342265,40345,19455,20890
59725,370180,27885,178124,19679,342293,40347,19455,20892
59730,370211,27890,178138,19683,342320,40349,19456,20893
59735,370242,27894,178155,19687,342345,40351,19456,20895
59740,370273,27895,178175,19688,342377,40353,19458,20895
59745,370304,27895,178196,19688,342408,40356,19458,20898
59750,370335,27895,178214,19688,342438,40359,19459,20900
59755,370366,27895,178229,19688,342471,40362,19460,20902
59760,370397,27895,178244,19688,342501,40365,19462,20903
59765,370428,27895,178258,19688,342532,40368,19464,20904
59770,370459,27895,178270,19688,342563,40371,19466,20905
59775,370490,27895,178285,19688,342595,40374,19467,20907
59780,370521,27895,178303,19688,342626,40377,19469,20908
59785,370552,27895,178317,19688,342657,40380,19470,20910
59790,370583,27895,178333,19688,342688,40383,19470,20913
59795,370614,27895,178352,19688,342717,40386,19471,20915
59800,370645,27899,178369,19692,342744,40389,19472,20917
59805,370676,27903,178380,19695,342772,40393,19474,20919
59810,370707,27907,178393,19699,342799,40397,19476,20921
59815,370738,27910,178408,19702,342826,40401,19476,20925
59820,370769,27915,178423,19706,342853,40405,19478,20927
59825,370800,27918,178433,19708,342882,40408,19479,20929
59830,370831,27921,178449,19710,342910,40411,19481,20930
59835,370862,27922,178458,19710,342940,40414,19481,20933
59840,370893,27923,178471,19711,342970,40417,19482,20935
59845,370924,27928,178490,19716,342996,40420,19482,20938
59850,370955,27932,178501,19718,343022,40423,19483,20940
59855,370986,27935,178514,19720,343049,40426,19485,20941
59860,371017,27939,178529,19722,343074,40429,19486,20943
59865,371048,27942,178545,19725,343105,40432,19488,20944
59870,371079,27946,178556,19728,343133,40435,19489,20946
59875,371110,27951,178570,19731,343158,40438,19489,20949
59880,371141,27955,178588,19733,343185,40441,19492,20949
59885,371172,27961,178607,19738,343210,40443,19494,20949
59890,371203,27962,178623,19738,343240,40445,19496,20949
59895,371234,27963,178637,19738,343270,40447,19497,20950
59900,371265,27965,178653,19739,343299,40449,19499,20950
59905,371296,27967,178663,19741,343328,40451,19500,20951
59910,371327,27968,178680,19742,343359,40453,19502,20951
59915,371358,27968,178697,19742,343388,40455,19503,20952
59920,371389,27968,178710,19742,343421,40457,19503,20954
59925,371420,27968,178724,19742,343451,40460,19504,20956
59930,371451,27968,178739,19742,343482,40463,19505,20958
59935,371482,27968,178755,19742,343513,40466,19508,20958
59940,371513,27970,178771,19744,343542,40469,19510,20959
59945,371544,27973,178791,19747,343569,40472,19511,20961
59950,371575,27977,178807,19750,343598,40475,19514,20961
59955,371606,27979,178821,19752,343626,40478,19515,20963
59960,371637,27981,178835,19753,343654,40481,19516,20965
59965,371668,27984,178848,19756,343683,40484,19518,20966
59970,371699,27986,178862,19758,343712,40487,19519,20968
59975,371730,27990,178880,19761,343740,40490,19521,20969
59980,371761,27990,178893,19761,343771,40493,19521,20972
59985,371792,27990,178909,19761,343802,40496,19523,20973
59990,371823,27990,178924,19761,343833,40500,19523,20977
59995,371854,27991,178938,19761,343862,40504,19526,20978
60000,371885,27993,178950,19762,343892,40508,19527,20981
60005,371916,27995,178964,19764,343921,40512,19528,20984
60010,371947,27997,178977,19765,343949,40516,19530,20986
60015,371978,28000,178993,19767,343977,40520,19531,20989
60020,372009,28003,179012,19769,344005,40524,19535,20989
60025,372040,28005,179028,19770,344034,40528,19537,20991
60030,372071,28007,179041,19771,344063,40532,19540,20992
60035,372102,28011,179054,19775,344091,40536,19541,20995
60040,372133,28013,179067,19777,344119,40540,19541,20999
60045,372164,28015,179084,19778,344149,40544,19544,21000
60050,372195,28017,179096,19779,344178,40548,19545,21003
60055,372226,28020,179112,19781,344205,40552,19547,21005
60060,372257,28027,179126,19786,344229,40556,19549,21007
60065,372288,28028,179143,19787,344260,40560,19551,21009
60070,372319,28029,179162,19788,344290,40564,19553,21011
60075,372350,28030,179177,19789,344320,40568,19556,21012
60080,372381,28031,179196,19790,344350,40572,19558,21014
60085,372412,28033,179213,19791,344378,40576,19560,21016
60090,372443,28036,179225,19792,344407,40580,19564,21016
60095,372474,28039,179240,19794,344435,40584,19565,21019
60100,372505,28042,179256,19796,344463,40588,19566,21022
60105,372536,28044,179273,19798,344491,40592,19568,21024
60110,372567,28049,179288,19803,344516,40596,19570,21026
60115,372598,28055,179305,19809,344543,40600,19572,21028
60120,372629,28058,179318,19811,344570,40604,19576,21028
60125,372660,28064,179334,19816,344595,40608,19577,21031
60130,372691,28069,179346,19819,344620,40612,19578,21034
60135,372722,28076,179364,19825,344646,40616,19580,21036
60140,372753,28077,179380,19825,344674,40620,19582,21038
60145,372784,28080,179393,19827,344704,40624,19585,21039
60150,372815,28080,179413,19827,344735,40628,19587,21041
60155,372846,28080,179432,19827,344766,40632,19589,21043
60160,372877,28080,179442,19827,344796,40636,19589,21047
60165,372908,28080,179453,19827,344828,40640,19592,21048
60170,372939,28081,179469,19827,344856,40644,19596,21048
60175,372970,28082,179483,19828,344888,40648,19597,21051
60180,373001,28083,179498,19828,344918,40652,19598,21054
60185,373032,28084,179515,19829,344948,40655,19599,21056
60190,373063,28085,179530,19830,344978,40658,19599,21059
60195,373094,28086,179543,19831,345007,40661,19600,21061
60200,373125,28087,179563,19831,345038,40664,19602,21062
60205,373156,28088,179581,19832,345068,40667,19604,21063
60210,373187,28090,179598,19833,345097,40670,19607,21063
60215,373218,28091,179611,19833,345127,40673,19609,21064
60220,373249,28093,179625,19835,345156,40676,19609,21067
60225,373280,28095,179637,19836,345185,40679,19610,21069
60230,373311,28096,179652,19837,345215,40682,19610,21072
60235,373342,28099,179667,19840,345243,40685,19611,21074
60240,373373,28103,179684,19844,345270,40688,19613,21075
60245,373404,28106,179694,19847,345298,40690,19613,21077
60250,373435,28109,179713,19848,345325,40692,19615,21077
60255,373466,28112,179728,19849,345354,40694,19616,21078
60260,373497,28114,179745,19850,345383,40696,19617,21079
60265,373528,28117,179764,19853,345410,40698,19617,21081
60270,373559,28120,179777,19856,345438,40700,19617,21083
60275,373590,28123,179794,19859,345466,40702,19618,21084
60280,373621,28126,179809,19860,345493,40704,19620,21084
60285,373652,28131,179828,19864,345519,40707,19622,21085
60290,373683,28137,179844,19869,345542,40710,19624,21086
60295,373714,28143,179858,19874,345568,40713,19625,21088
60300,373745,28146,179874,19876,345598,40716,19627,21089
60305,373776,28147,179887,19877,345628,40719,19630,21089
60310,373807,28149,179901,19878,345657,40722,19632,21090
60315,373838,28151,179922,19880,345684,40725,19634,21091
60320,373869,28153,179934,19881,345715,40728,19634,21094
60325,373900,28156,179951,19883,345743,40731,19636,21095
60330,373931,28158,179964,19885,345772,40734,19637,21097
60335,373962,28159,179980,19885,345802,40737,19639,21098
60340,373993,28161,179992,19887,345831,40740,19641,21099
60345,374024,28162,180010,19887,345862,40744,19643,21101
60350,374055,28165,180023,19889,345890,40748,19644,21104
60355,374086,28165,180039,19889,345921,40752,19646,21106
60360,374117,28166,180053,19889,345951,40756,19649,21107
60365,374148,28167,180068,19890,345981,40760,19652,21108
60370,374179,28168,180083,19890,346011,40764,19654,21110
60375,374210,28169,180101,19891,346041,40768,19656,21112
60380,374241,28170,180117,19891,346071,40772,19657,21115
60385,374272,28171,180125,19891,346101,40776,19657,21119
60390,374303,28172,180143,19892,346131,40780,19660,21120
60395,374334,28174,180161,19894,346160,40784,19660,21124
60400,374365,28176,180173,19895,346189,40788,19661,21127
60405,374396,28178,180190,19897,346217,40792,19664,21128
60410,374427,28182,180204,19901,346243,40796,19666,21130
60415,374458,28186,180216,19904,346272,40800,19668,21132
60420,374489,28188,180232,19905,346300,40804,19669,21135
60425,374520,28194,180245,19910,346326,40807,19670,21137
60430,374551,28200,180261,19914,346349,40810,19671,21139
60435,374582,28206,180274,19919,346376,40813,19673,21140
60440,374613,28209,180294,19921,346404,40816,19673,21143
60445,374644,28213,180312,19925,346430,40819,19675,21144
60450,374675,28216,180323,19928,346457,40822,19676,21146
60455,374706,28216,180343,19928,346488,40825,19679,21146
60460,374737,28217,180356,19929,346518,40828,19680,21148
60465,374768,28218,180372,19929,346548,40831,19682,21149
60470,374799,28219,180386,19930,346580,40834,19685,21149
60475,374830,28220,180392,19930,346609,40837,19685,21152
60480,374861,28221,180411,19930,346639,40840,19687,21153
60485,374892,28222,180423,19931,346669,40843,19687,21156
60490,374923,28223,180437,19931,346700,40846,19688,21158
60495,374954,28224,180450,19932,346729,40849,19689,21160
60500,374985,28225,180468,19933,346760,40852,19690,21162
60505,375016,28226,180485,19933,346790,40855,19692,21163
60510,375047,28227,180499,19933,346820,40858,19694,21164
60515,375078,28228,180518,19934,346850,40861,19695,21166
60520,375109,28229,180534,19934,346880,40864,19695,21169
60525,375140,28230,180551,19935,346910,40868,19697,21171
60530,375171,28231,180566,19935,346940,40872,19699,21173
60535,375202,28232,180578,19935,346970,40876,19699,21177
60540,375233,28233,180590,19935,347000,40880,19700,21180
60545,375264,28235,180608,19937,347028,40884,19701,21183
60550,375295,28239,180626,19940,347056,40888,19703,21185
60555,375326,28243,180636,19942,347083,40892,19704,21188
60560,375357,28246,180652,19945,347111,40896,19706,21190
60565,375388,28251,180670,19948,347137,40900,19708,21192
60570,375419,28255,180681,19951,347164,40904,19709,21195
60575,375450,28259,180692,19953,347191,40908,19712,21196
60580,375481,28262,180703,19954,347219,40912,19713,21199
60585,375512,28267,180721,19958,347245,40916,19716,21200
60590,375543,28271,180734,19960,347271,40920,19717,21203
60595,375574,28279,180748,19965,347294,40924,19719,21205
60600,375605,28285,180760,19970,347319,40928,19720,21208
60605,375636,28291,180772,19974,347344,40932,19721,21211
60610,375667,28293,180784,19975,347373,40936,19724,21212
60615,375698,28297,180792,19977,347400,40940,19725,21215
60620,375729,28299,180809,19978,347427,40944,19726,21218
60625,375760,28300,180822,19979,347459,40948,19727,21221
60630,375791,28302,180836,19981,347488,40952,19728,21224
60635,375822,28304,180851,19982,347517,40956,19730,21226
60640,375853,28305,180863,19982,347547,40960,19730,21230
60645,375884,28307,180879,19984,347575,40964,19734,21230
60650,375915,28310,180891,19986,347605,40968,19735,21233
60655,375946,28312,180908,19988,347634,40972,19738,21234
60660,375977,28315,180921,19990,347662,40976,19740,21236
60665,376008,28315,180934,19990,347693,40980,19740,21240
60670,376039,28315,180950,19990,347724,40984,19743,21241
60675,376070,28315,180961,19990,347755,40988,19745,21243
60680,376101,28315,180970,19990,347786,40992,19745,21247
60685,376132,28315,180988,19990,347817,40996,19747,21249
60690,376163,28315,181005,19990,347848,41000,19750,21250
60695,376194,28315,181015,19990,347879,41004,19750,21254
60700,376225,28315,181033,19990,347910,41008,19753,21255
60705,376256,28315,181051,19990,347940,41012,19755,21257
60710,376287,28316,181069,19991,347969,41016,19756,21260
60715,376318,28318,181081,19993,347998,41020,19759,21261
60720,376349,28320,181096,19995,348027,41024,19760,21264
60725,376380,28323,181114,19997,348056,41027,19760,21267
60730,376411,28325,181126,19998,348083,41030,19762,21268
60735,376442,28331,181141,20003,348109,41033,19763,21270
60740,376473,28335,181152,20005,348137,41036,19764,21272
60745,376504,28341,181172,20009,348162,41039,19765,21274
60750,376535,28344,181187,20012,348191,41042,19768,21274
60755,376566,28345,181204,20013,348220,41045,19769,21276
60760,376597,28346,181219,20013,348250,41048,19769,21279
60765,376628,28348,181234,20015,348279,41051,19769,21282
60770,376659,28352,181249,20017,348307,41054,19771,21283
60775,376690,28355,181263,20018,348335,41057,19773,21284
60780,376721,28360,181278,20021,348361,41060,19773,21287
60785,376752,28362,181292,20022,348390,41062,19774,21288
60790,376783,28364,181306,20023,348419,41064,19775,21289
60795,376814,28367,181321,20025,348447,41066,19777,21289
60800,376845,28369,181339,20026,348476,41068,19777,21291
60805,376876,28372,181355,20028,348504,41070,19777,21293
60810,376907,28374,181372,20029,348533,41072,19779,21293
60815,376938,28376,181385,20029,348562,41074,19779,21295
60820,376969,28378,181400,20029,348590,41076,19780,21296
60825,377000,28381,181411,20031,348619,41079,19780,21299
60830,377031,28384,181425,20033,348646,41082,19782,21300
60835,377062,28389,181436,20036,348671,41085,19783,21302
60840,377093,28395,181453,20040,348696,41088,19784,21304
60845,377124,28400,181468,20043,348724,41090,19785,21305
60850,377155,28404,181482,20045,348751,41092,19786,21306
60855,377186,28406,181496,20047,348779,41094,19786,21308
60860,377217,28407,181513,20048,348807,41096,19787,21309
60865,377248,28409,181530,20050,348837,41098,19789,21309
60870,377279,28412,181546,20053,348865,41100,19790,21310
60875,377310,28416,181558,20056,348893,41102,19791,21311
60880,377341,28419,181568,20058,348921,41104,19792,21312
60885,377372,28420,181583,20058,348951,41106,19794,21312
60890,377403,28425,181599,20062,348977,41109,19796,21313
60895,377434,28427,181608,20063,349006,41112,19797,21315
60900,377465,28430,181627,20066,349034,41115,19798,21317
60905,377496,28430,181643,20066,349066,41118,19801,21317
60910,377527,28430,181660,20066,349096,41121,19803,21318
60915,377558,28430,181679,20066,349127,41124,19806,21318
60920,377589,28430,181695,20066,349159,41127,19807,21320
60925,377620,28430,181708,20066,349190,41130,19809,21321
60930,377651,28430,181720,20066,349221,41133,19810,21323
60935,377682,28430,181736,20066,349252,41136,19812,21324
60940,377713,28430,181752,20066,349283,41139,19814,21325
60945,377744,28430,181770,20066,349314,41143,19818,21325
60950,377775,28430,181784,20066,349345,41147,19820,21327
60955,377806,28430,181798,20066,349373,41151,19823,21328
60960,377837,28434,181814,20069,349400,41155,19826,21329
60965,377868,28438,181832,20072,349429,41158,19827,21331
60970,377899,28442,181847,20076,349457,41161,19827,21334
60975,377930,28446,181860,20079,349484,41164,19827,21337
60980,377961,28448,181869,20080,349513,41167,19828,21339
60985,377992,28453,181882,20083,349539,41170,19828,21342
60990,378023,28456,181899,20085,349567,41173,19830,21343
60995,378054,28459,181913,20088,349595,41176,19830,21346
61000,378085,28460,181925,20088,349625,41179,19831,21348
61005,378116,28462,181935,20090,349654,41182,19832,21350
61010,378147,28466,181952,20093,349680,41185,19834,21351
61015,378178,28470,181966,20095,349708,41188,19836,21352
61020,378209,28472,181985,20095,349736,41191,19839,21352
61025,378240,28475,182002,20097,349764,41194,19840,21354
61030,378271,28479,182018,20100,349790,41197,19842,21355
61035,378302,28482,182035,20101,349819,41200,19843,21357
61040,378333,28486,182049,20105,349846,41203,19845,21358
61045,378364,28488,182061,20105,349874,41206,19845,21361
61050,378395,28492,182077,20108,349900,41209,19846,21363
61055,378426,28495,182091,20110,349930,41212,19847,21365
61060,378457,28498,182104,20112,349957,41215,19850,21365
61065,378488,28503,182121,20115,349984,41219,19852,21367
61070,378519,28507,182138,20119,350012,41223,19855,21368
61075,378550,28510,182155,20122,350038,41227,19857,21370
61080,378581,28514,182172,20125,350065,41231,19860,21371
61085,378612,28514,182188,20125,350096,41235,19861,21374
61090,378643,28514,182202,20125,350128,41239,19863,21376
61095,378674,28514,182221,20125,350159,41243,19867,21376
61100,378705,28516,182240,20127,350187,41247,19869,21378
61105,378736,28518,182257,20129,350216,41251,19870,21381
61110,378767,28520,182268,20131,350246,41255,19871,21384
61115,378798,28522,182283,20133,350276,41259,19873,21386
61120,378829,28524,182296,20134,350304,41263,19874,21389
61125,378860,28526,182313,20135,350334,41267,19876,21391
61130,378891,28528,182330,20137,350362,41271,19878,21393
61135,378922,28529,182344,20138,350392,41275,19881,21394
61140,378953,28531,182360,20139,350421,41279,19883,21396
61145,378984,28532,182368,20139,350452,41283,19885,21398
61150,379015,28533,182382,20140,350482,41287,19886,21401
61155,379046,28535,182398,20142,350511,41291,19888,21403
61160,379077,28537,182414,20144,350540,41295,19891,21404
61165,379108,28539,182431,20146,350569,41299,19894,21405
61170,379139,28539,182443,20146,350600,41303,19895,21408
61175,379170,28539,182458,20146,350631,41307,19897,21410
61180,379201,28539,182473,20146,350662,41311,19899,21412
61185,379232,28539,182486,20146,350692,41315,19902,21413
61190,379263,28542,182496,20147,350721,41319,19904,21415
61195,379294,28544,182513,20149,350750,41323,19907,21416
61200,379325,28546,182523,20149,350778,41327,19909,21418
61205,379356,28549,182534,20150,350807,41331,19910,21421
61210,379387,28551,182549,20151,350836,41335,19912,21423
61215,379418,28554,182562,20152,350863,41339,19915,21424
61220,379449,28558,182582,20156,350890,41343,19918,21425
61225,379480,28562,182598,20160,350918,41347,19920,21427
61230,379511,28566,182613,20162,350944,41351,19922,21429
61235,379542,28570,182623,20165,350972,41355,19924,21431
61240,379573,28573,182636,20167,351000,41359,19925,21434
61245,379604,28576,182653,20170,351027,41363,19928,21435
61250,379635,28577,182665,20171,351057,41367,19931,21436
61255,379666,28578,182679,20172,351087,41371,19931,21440
61260,379697,28579,182699,20172,351114,41375,19933,21442
61265,379728,28581,182714,20174,351145,41378,19934,21444
61270,379759,28582,182727,20175,351176,41381,19935,21446
61275,379790,28585,182740,20177,351204,41384,19936,21448
61280,379821,28587,182752,20178,351234,41387,19938,21449
61285,379852,28590,182768,20179,351262,41390,19940,21450
61290,379883,28593,182785,20182,351290,41393,19941,21452
61295,379914,28596,182804,20184,351318,41396,19943,21453
61300,379945,28598,182820,20184,351347,41399,19944,21455
61305,379976,28601,182832,20186,351375,41402,19945,21457
61310,380007,28603,182851,20188,351404,41405,19946,21459
61315,380038,28606,182860,20191,351432,41408,19946,21462
61320,380069,28608,182875,20193,351461,41411,19949,21462
61325,380100,28611,182897,20196,351489,41414,19951,21463
61330,380131,28614,182917,20199,351517,41417,19954,21463
61335,380162,28616,182930,20201,351546,41420,19954,21466
61340,380193,28618,182943,20202,351575,41423,19957,21466
61345,380224,28619,182959,20202,351605,41426,19958,21468
61350,380255,28621,182980,20204,351634,41429,19959,21470
61355,380286,28623,182995,20205,351663,41432,19961,21471
61360,380317,28625,183008,20206,351692,41435,19962,21473
61365,380348,28627,183026,20207,351721,41439,19963,21476
61370,380379,28630,183044,20209,351749,41443,19966,21477
61375,380410,28634,183059,20213,351776,41447,19966,21481
61380,380441,28640,183076,20217,351800,41451,19968,21483
61385,380472,28646,183090,20222,351825,41454,19969,21485
61390,380503,28650,183105,20225,351849,41457,19971,21486
61395,380534,28658,183124,20232,351874,41460,19973,21487
61400,380565,28662,183139,20236,351902,41463,19975,21488
61405,380596,28664,183154,20237,351932,41466,19978,21488
61410,380627,28664,183169,20237,351962,41469,19981,21488
61415,380658,28664,183183,20237,351994,41472,19983,21489
61420,380689,28664,183196,20237,352024,41475,19983,21492
61425,380720,28664,183205,20237,352055,41478,19985,21493
61430,380751,28664,183215,20237,352084,41481,19986,21495
61435,380782,28664,183229,20237,352115,41484,19988,21496
61440,380813,28664,183244,20237,352148,41487,19989,21498
61445,380844,28665,183256,20237,352178,41489,19990,21499
61450,380875,28666,183274,20238,352207,41491,19991,21500
61455,380906,28667,183290,20239,352239,41493,19991,21502
61460,380937,28668,183307,20239,352269,41495,19992,21503
61465,380968,28669,183317,20240,352299,41497,19993,21504
61470,380999,28670,183332,20240,352329,41499,19993,21506
61475,381030,28671,183348,20240,352359,41501,19994,21507
61480,381061,28672,183365,20241,352389,41503,19995,21508
61485,381092,28673,183379,20241,352419,41506,19997,21509
61490,381123,28674,183393,20241,352449,41509,19998,21511
61495,381154,28676,183406,20243,352477,41512,19999,21513
61500,381185,28680,183419,20246,352505,41515,20000,21515
61505,381216,28682,183432,20247,352533,41518,20003,21515
61510,381247,28687,183448,20250,352559,41521,20005,21516
61515,381278,28691,183463,20254,352587,41524,20007,21517
61520,381309,28695,183482,20256,352613,41527,20008,21519
61525,381340,28699,183499,20259,352639,41530,20009,21521
61530,381371,28705,183518,20263,352664,41533,20011,21522
61535,381402,28712,183537,20269,352689,41536,20012,21524
61540,381433,28717,183559,20274,352716,41539,20013,21526
61545,381464,28720,183576,20276,352743,41543,20016,21527
61550,381495,28723,183592,20278,352770,41547,20018,21529
61555,381526,28730,183607,20284,352794,41551,20020,21531
61560,381557,28735,183625,20288,352820,41555,20023,21532
61565,381588,28739,183641,20292,352848,41559,20026,21533
61570,381619,28741,183664,20294,352876,41563,20029,21534
61575,381650,28744,183678,20297,352904,41567,20032,21535
61580,381681,28748,183699,20301,352932,41571,20036,21535
61585,381712,28750,183710,20302,352961,41575,20037,21538
61590,381743,28750,183730,20302,352992,41579,20039,21540
61595,381774,28750,183748,20302,353022,41583,20041,21542
61600,381805,28750,183766,20302,353053,41587,20043,21544
61605,381836,28750,183779,20302,353086,41591,20045,21546
61610,381867,28750,183792,20302,353116,41595,20046,21549
61615,381898,28750,183808,20302,353147,41599,20046,21553
61620,381929,28750,183821,20302,353178,41603,20047,21556
61625,381960,28750,183838,20302,353210,41607,20048,21559
61630,381991,28750,183854,20302,353241,41611,20051,21560
61635,382022,28750,183873,20302,353272,41615,20053,21562
61640,382053,28750,183893,20302,353303,41619,20056,21563
61645,382084,28751,183907,20303,353333,41623,20058,21565
61650,382115,28753,183918,20305,353362,41627,20060,21567
61655,382146,28756,183934,20307,353390,41631,20062,21569
61660,382177,28757,183947,20308,353420,41635,20064,21571
61665,382208,28758,183965,20308,353450,41639,20066,21573
61670,382239,28760,183977,20309,353479,41643,20067,21576
61675,382270,28763,183993,20312,353506,41647,20069,21578
61680,382301,28766,184005,20314,353535,41651,20070,21581
61685,382332,28768,184017,20315,353564,41655,20071,21584
61690,382363,28773,184035,20319,353590,41659,20074,21585
61695,382394,28777,184048,20321,353616,41663,20077,21586
61700,382425,28784,184061,20325,353641,41667,20080,21587
61705,382456,28790,184078,20331,353665,41671,20082,21589
61710,382487,28796,184098,20336,353688,41675,20085,21590
61715,382518,28804,184113,20342,353713,41679,20089,21590
61720,382549,28809,184130,20345,353738,41683,20092,21591
61725,382580,28815,184144,20349,353764,41687,20094,21593
61730,382611,28816,184162,20349,353793,41691,20096,21595
61735,382642,28817,184175,20350,353825,41695,20097,21598
61740,382673,28818,184191,20350,353853,41699,20100,21599
61745,382704,28819,184207,20350,353885,41702,20102,21600
61750,382735,28820,184221,20351,353915,41705,20103,21602
61755,382766,28821,184240,20351,353945,41708,20105,21603
61760,382797,28822,184258,20351,353975,41711,20107,21604
61765,382828,28823,184275,20352,354004,41714,20109,21605
61770,382859,28827,184290,20356,354032,41717,20110,21607
61775,382890,28830,184304,20358,354059,41720,20112,21608
61780,382921,28833,184322,20360,354088,41723,20113,21610
61785,382952,28834,184340,20361,354118,41726,20115,21611
61790,382983,28836,184359,20363,354146,41729,20116,21613
61795,383014,28837,184371,20364,354176,41732,20117,21615
61800,383045,28837,184386,20364,354208,41735,20118,21617
61805,383076,28837,184401,20364,354238,41737,20119,21618
61810,383107,28837,184418,20364,354269,41739,20120,21619
61815,383138,28837,184435,20364,354300,41741,20121,21620
61820,383169,28837,184453,20364,354332,41743,20122,21621
61825,383200,28837,184465,20364,354363,41745,20123,21622
61830,383231,28839,184481,20364,354390,41747,20123,21624
61835,383262,28842,184493,20366,354420,41749,20124,21625
61840,383293,28844,184508,20367,354447,41751,20126,21625
61845,383324,28848,184524,20370,354474,41753,20128,21625
61850,383355,28853,184544,20374,354500,41756,20129,21627
61855,383386,28858,184554,20378,354527,41759,20131,21628
61860,383417,28861,184568,20380,354554,41762,20133,21629
61865,383448,28867,184588,20385,354580,41765,20134,21631
61870,383479,28871,184600,20388,354607,41768,20136,21632
61875,383510,28875,184616,20391,354634,41771,20138,21633
61880,383541,28877,184633,20392,354664,41774,20140,21634
61885,383572,28879,184648,20394,354692,41777,20141,21636
61890,383603,28880,184662,20394,354722,41780,20141,21639
61895,383634,28882,184680,20395,354749,41783,20142,21641
61900,383665,28887,184700,20399,354776,41786,20144,21642
61905,383696,28893,184716,20403,354803,41790,20146,21644
61910,383727,28897,184729,20406,354830,41794,20147,21647
61915,383758,28901,184745,20409,354857,41798,20149,21649
61920,383789,28903,184762,20410,354886,41802,20152,21650
61925,383820,28904,184776,20410,354916,41806,20154,21652
61930,383851,28905,184788,20411,354946,41810,20157,21653
61935,383882,28906,184802,20411,354976,41814,20159,21655
61940,383913,28907,184813,20411,355006,41818,20160,21658
61945,383944,28908,184828,20412,355036,41822,20161,21661
61950,383975,28909,184842,20412,355066,41826,20163,21663
61955,384006,28910,184857,20412,355095,41830,20165,21665
61960,384037,28911,184869,20412,355125,41834,20168,21666
61965,384068,28912,184882,20413,355155,41838,20171,21667
61970,384099,28913,184897,20413,355185,41842,20174,21668
61975,384130,28914,184913,20413,355216,41846,20176,21670
61980,384161,28915,184930,20414,355246,41850,20179,21671
61985,384192,28916,184942,20415,355275,41854,20181,21673
61990,384223,28918,184956,20416,355303,41858,20184,21674
61995,384254,28920,184975,20416,355333,41862,20187,21675
62000,384285,28922,184989,20418,355362,41866,20188,21678
62005,384316,28925,185006,20420,355391,41870,20188,21682
62010,384347,28928,185018,20421,355419,41874,20190,21684
62015,384378,28932,185037,20425,355446,41878,20194,21684
62020,384409,28936,185054,20428,355473,41882,20194,21688
62025,384440,28940,185071,20431,355499,41886,20196,21690
62030,384471,28948,185086,20437,355522,41890,20197,21693
62035,384502,28952,185100,20439,355549,41894,20200,21694
62040,384533,28958,185113,20444,355574,41898,20202,21696
62045,384564,28962,185125,20447,355602,41900,20202,21698
62050,384595,28963,185139,20447,355631,41902,20204,21698
62055,384626,28964,185155,20447,355661,41904,20205,21699
62060,384657,28965,185171,20448,355691,41906,20205,21701
62065,384688,28966,185182,20449,355720,41908,20205,21703
62070,384719,28967,185198,20449,355750,41910,20205,21705
62075,384750,28968,185213,20449,355782,41912,20207,21705
62080,384781,28969,185227,20449,355811,41914,20208,21706
62085,384812,28970,185240,20449,355842,41916,20209,21707
62090,384843,28971,185253,20449,355872,41918,20210,21708
62095,384874,28972,185268,20450,355902,41920,20210,21710
62100,384905,28973,185282,20451,355932,41922,20211,21711
62105,384936,28976,185297,20453,355960,41924,20212,21712
62110,384967,28978,185310,20454,355989,41926,20214,21712
62115,384998,28979,185324,20455,356017,41928,20214,21714
62120,385029,28984,185342,20460,356043,41930,20214,21716
62125,385060,28988,185356,20463,356070,41932,20215,21717
62130,385091,28989,185373,20464,356101,41934,20216,21718
62135,385122,28989,185389,20464,356132,41936,20217,21719
62140,385153,28989,185407,20464,356162,41938,20218,21720
62145,385184,28989,185423,20464,356195,41942,20220,21722
62150,385215,28990,185437,20464,356224,41946,20221,21725
62155,385246,28992,185457,20465,356252,41950,20224,21726
62160,385277,28995,185470,20467,356281,41954,20225,21729
62165,385308,28998,185487,20470,356308,41958,20227,21731
62170,385339,29002,185505,20474,356336,41962,20229,21733
62175,385370,29006,185519,20476,356363,41966,20230,21736
62180,385401,29011,185537,20480,356389,41970,20232,21738
62185,385432,29016,185548,20483,356416,41974,20234,21740
62190,385463,29019,185564,20485,356444,41978,20237,21741
62195,385494,29020,185577,20485,356474,41982,20239,21743
62200,385525,29021,185595,20486,356504,41986,20242,21744
62205,385556,29022,185611,20486,356533,41990,20244,21746
62210,385587,29023,185621,20486,356564,41994,20245,21749
62215,385618,29024,185633,20486,356593,41998,20247,21751
62220,385649,29025,185645,20487,356623,42002,20249,21753
62225,385680,29026,185659,20488,356653,42006,20249,21757
62230,385711,29028,185672,20490,356682,42010,20252,21758
62235,385742,29031,185686,20492,356710,42014,20255,21759
62240,385773,29034,185701,20494,356739,42018,20256,21762
62245,385804,29036,185717,20494,356768,42022,20259,21763
62250,385835,29038,185734,20496,356797,42026,20261,21765
62255,385866,29040,185753,20497,356826,42030,20264,21766
62260,385897,29042,185769,20498,356855,42034,20267,21767
62265,385928,29044,185785,20498,356884,42038,20268,21770
62270,385959,29046,185800,20500,356913,42042,20270,21772
62275,385990,29049,185813,20502,356941,42046,20273,21773
62280,386021,29054,185830,20507,356966,42050,20277,21773
62285,386052,29058,185842,20509,356993,42054,20279,21775
62290,386083,29061,185854,20511,357022,42058,20280,21778
62295,386114,29065,185870,20513,357049,42062,20282,21780
62300,386145,29070,185886,20517,357073,42066,20282,21784
62305,386176,29076,185901,20521,357098,42070,20283,21787
62310,386207,29081,185915,20525,357125,42074,20285,21789
62315,386238,29087,185929,20529,357151,42078,20288,21790
62320,386269,29090,185943,20532,357179,42082,20291,21791
62325,386300,29094,185954,20535,357206,42086,20293,21793
62330,386331,29098,185970,20538,357230,42090,20294,21796
62335,386362,29103,185983,20542,357254,42094,20295,21799
62340,386393,29110,185991,20548,357282,42098,20296,21802
62345,386424,29113,186005,20551,357309,42101,20298,21803
62350,386455,29113,186020,20551,357339,42104,20299,21805
62355,386486,29113,186030,20551,357371,42107,20300,21807
62360,386517,29113,186050,20551,357401,42110,20301,21809
62365,386548,29113,186066,20551,357433,42113,20303,21810
62370,386579,29113,186081,20551,357465,42116,20304,21812
62375,386610,29113,186098,20551,357495,42119,20306,21813
62380,386641,29113,186114,20551,357527,42122,20308,21814
62385,386672,29113,186135,20551,357558,42125,20311,21814
62390,386703,29113,186149,20551,357590,42128,20313,21815
62395,386734,29113,186159,20551,357621,42131,20315,21816
62400,386765,29113,186169,20551,357652,42134,20316,21818
62405,386796,29113,186185,20551,357683,42137,20317,21820
62410,386827,29113,186203,20551,357714,42140,20319,21821
62415,386858,29113,186216,20551,357745,42143,20320,21823
62420,386889,29114,186228,20551,357774,42146,20322,21824
62425,386920,29116,186242,20552,357804,42149,20323,21826
62430,386951,29117,186255,20552,357834,42152,20323,21829
62435,386982,29118,186271,20552,357864,42155,20325,21830
62440,387013,29119,186286,20553,357894,42158,20327,21831
62445,387044,29120,186302,20554,357924,42162,20330,21832
62450,387075,29122,186324,20555,357953,42166,20334,21832
62455,387106,29126,186342,20557,357980,42170,20335,21835
62460,387137,29130,186352,20558,358007,42174,20335,21839
62465,387168,29134,186369,20562,358034,42178,20338,21840
62470,387199,29137,186382,20562,358062,42182,20339,21843
62475,387230,29141,186393,20566,358089,42186,20340,21846
62480,387261,29146,186409,20568,358114,42190,20342,21848
62485,387292,29151,186424,20570,358139,42194,20344,21850
62490,387323,29159,186438,20577,358163,42198,20345,21853
62495,387354,29164,186449,20580,358188,42202,20347,21855
62500,387385,29174,186467,20589,358208,42206,20349,21857
62505,387416,29179,186477,20593,358235,42210,20350,21860
62510,387447,29180,186491,20593,358266,42214,20353,21861
62515,387478,29181,186508,20594,358296,42218,20355,21863
62520,387509,29182,186521,20594,358326,42222,20356,21866
62525,387540,29184,186539,20596,358355,42225,20357,21868
62530,387571,29187,186552,20599,358383,42228,20359,21869
62535,387602,29189,186564,20600,358413,42231,20359,21872
62540,387633,29191,186574,20601,358441,42234,20359,21875
62545,387664,29192,186585,20602,358471,42237,20360,21877
62550,387695,29194,186601,20603,358500,42240,20362,21878
62555,387726,29197,186622,20605,358529,42243,20364,21879
62560,387757,29200,186634,20608,358557,42246,20365,21881
62565,387788,29201,186650,20608,358586,42249,20365,21884
62570,387819,29202,186667,20609,358617,42252,20366,21886
62575,387850,29202,186682,20609,358648,42255,20366,21889
62580,387881,29202,186698,20609,358679,42258,20366,21892
62585,387912,29202,186711,20609,358710,42260,20366,21894
62590,387943,29202,186726,20609,358741,42262,20367,21895
62595,387974,29202,186740,20609,358772,42264,20367,21897
62600,388005,29202,186754,20609,358803,42266,20368,21898
62605,388036,29202,186763,20609,358834,42268,20368,21900
62610,388067,29203,186776,20610,358863,42270,20369,21901
62615,388098,29206,186791,20611,358892,42272,20370,21902
62620,388129,29208,186802,20611,358921,42274,20371,21903
62625,388160,29210,186818,20612,358949,42277,20373,21904
62630,388191,29214,186833,20615,358977,42280,20375,21905
62635,388222,29218,186850,20618,359003,42283,20377,21906
62640,388253,29223,186864,20622,359029,42286,20379,21907
62645,388284,29228,186879,20626,359055,42288,20381,21907
62650,388315,29234,186897,20632,359081,42290,20383,21907
62655,388346,29237,186908,20634,359107,42292,20384,21908
62660,388377,29241,186925,20638,359134,42294,20385,21909
62665,388408,29244,186937,20641,359163,42296,20385,21911
62670,388439,29245,186948,20641,359193,42298,20385,21913
62675,388470,29246,186963,20641,359221,42300,20386,21914
62680,388501,29251,186979,20645,359248,42302,20386,21916
62685,388532,29256,186995,20649,359274,42305,20388,21917
62690,388563,29261,187008,20653,359301,42308,20390,21918
62695,388594,29263,187025,20654,359330,42311,20392,21919
62700,388625,29264,187036,20654,359359,42314,20393,21921
62705,388656,29266,187050,20655,359389,42317,20393,21924
62710,388687,29268,187066,20657,359418,42320,20394,21926
62715,388718,29270,187080,20659,359448,42323,20394,21929
62720,388749,29271,187093,20659,359478,42326,20396,21930
62725,388780,29272,187104,20660,359507,42329,20396,21933
62730,388811,29274,187122,20661,359536,42332,20399,21933
62735,388842,29277,187138,20663,359564,42335,20400,21935
62740,388873,29279,187160,20665,359593,42338,20400,21938
62745,388904,29281,187174,20667,359623,42341,20400,21941
62750,388935,29282,187187,20668,359652,42345,20403,21942
62755,388966,29284,187199,20670,359682,42349,20405,21944
62760,388997,29284,187207,20670,359713,42353,20406,21947
62765,389028,29284,187219,20670,359744,42357,20408,21949
62770,389059,29285,187236,20671,359774,42361,20412,21949
62775,389090,29286,187255,20672,359803,42365,20415,21950
62780,389121,29288,187270,20674,359833,42369,20417,21952
62785,389152,29291,187288,20676,359860,42373,20420,21953
62790,389183,29295,187306,20679,359887,42377,20423,21954
62795,389214,29298,187323,20681,359915,42381,20425,21956
62800,389245,29302,187340,20685,359942,42385,20425,21960
62805,389276,29308,187359,20690,359968,42389,20428,21961
62810,389307,29310,187373,20692,359996,42393,20431,21962
62815,389338,29312,187387,20693,360026,42397,20432,21965
62820,389369,29314,187401,20694,360054,42401,20434,21967
62825,389400,29315,187416,20694,360085,42405,20435,21970
62830,389431,29317,187430,20695,360113,42409,20438,21971
62835,389462,29320,187447,20697,360142,42413,20442,21971
62840,389493,29322,187463,20698,360168,42417,20444,21973
62845,389524,29325,187481,20700,360197,42421,20447,21974
62850,389555,29326,187493,20700,360228,42425,20448,21977
62855,389586,29328,187504,20701,360257,42429,20451,21978
62860,389617,29331,187518,20703,360285,42433,20453,21980
62865,389648,29335,187537,20706,360310,42437,20455,21982
62870,389679,29338,187551,20708,360339,42441,20457,21984
62875,389710,29339,187569,20708,360370,42445,20459,21986
62880,389741,29340,187587,20709,360401,42449,20461,21988
62885,389772,29341,187599,20709,360430,42452,20462,21990
62890,389803,29342,187609,20710,360461,42455,20462,21993
62895,389834,29343,187622,20710,360491,42458,20463,21995
62900,389865,29344,187638,20711,360519,42461,20465,21996
62905,389896,29345,187651,20711,360551,42464,20466,21998
62910,389927,29346,187665,20712,360581,42467,20468,21999
62915,389958,29347,187682,20712,360608,42470,20471,21999
62920,389989,29352,187693,20717,360636,42473,20473,22000
62925,390020,29355,187707,20719,360664,42476,20475,22001
62930,390051,29360,187723,20724,360691,42479,20477,22002
62935,390082,29366,187736,20729,360715,42482,20478,22004
62940,390113,29372,187753,20734,360739,42485,20479,22006
62945,390144,29378,187767,20739,360765,42488,20481,22007
62950,390175,29381,187783,20741,360792,42491,20483,22008
62955,390206,29386,187798,20745,360819,42494,20484,22010
62960,390237,29387,187819,20746,360850,42497,20487,22010
62965,390268,29387,187836,20746,360881,42500,20489,22011
62970,390299,29387,187851,20746,360912,42503,20490,22013
62975,390330,29388,187862,20747,360942,42506,20491,22015
62980,390361,29390,187880,20749,360971,42509,20492,22017
62985,390392,29393,187897,20751,360999,42513,20494,22019
62990,390423,29395,187906,20752,361028,42517,20495,22022
62995,390454,29396,187917,20753,361058,42521,20496,22025
63000,390485,29399,187930,20755,361086,42525,20498,22027
63005,390516,29401,187941,20757,361115,42529,20500,22029
63010,390547,29403,187959,20759,361143,42533,20502,22031
63015,390578,29404,187981,20760,361173,42537,20504,22033
63020,390609,29406,187997,20762,361203,42541,20505,22036
63025,390640,29407,188017,20763,361233,42545,20507,22038
63030,390671,29408,188033,20763,361262,42549,20509,22040
63035,390702,29411,188054,20765,361289,42553,20512,22041
63040,390733,29413,188072,20767,361319,42557,20514,22043
63045,390764,29413,188082,20767,361350,42561,20517,22044
63050,390795,29413,188100,20767,361380,42565,20519,22046
63055,390826,29414,188114,20768,361410,42569,20521,22048
63060,390857,29415,188132,20769,361441,42573,20523,22050
63065,390888,29417,188143,20769,361468,42576,20526,22050
63070,390919,29420,188163,20771,361498,42579,20528,22051
63075,390950,29424,188177,20774,361526,42582,20528,22054
63080,390981,29428,188198,20777,361552,42585,20529,22056
63085,391012,29434,188212,20781,361577,42588,20531,22057
63090,391043,29440,188232,20787,361601,42591,20534,22057
63095,391074,29444,188244,20790,361628,42594,20535,22059
63100,391105,29448,188256,20794,361656,42597,20538,22059
63105,391136,29450,188272,20796,361686,42600,20539,22061
63110,391167,29451,188287,20796,361716,42603,20541,22062
63115,391198,29454,188301,20798,361743,42606,20541,22065
63120,391229,29458,188316,20802,361770,42609,20544,22065
63125,391260,29459,188332,20803,361801,42611,20545,22066
63130,391291,29459,188345,20803,361832,42613,20547,22066
63135,391322,29459,188364,20803,361863,42615,20548,22067
63140,391353,29459,188376,20803,361894,42617,20549,22068
63145,391384,29459,188394,20803,361925,42619,20551,22068
63150,391415,29461,188407,20804,361954,42621,20551,22070
63155,391446,29462,188422,20805,361984,42623,20552,22071
63160,391477,29463,188440,20806,362014,42625,20553,22072
63165,391508,29464,188456,20806,362042,42628,20555,22073
63170,391539,29465,188471,20807,362072,42631,20557,22074
63175,391570,29466,188492,20808,362098,42634,20560,22074
63180,391601,29473,188511,20814,362125,42637,20562,22075
63185,391632,29477,188524,20817,362154,42640,20565,22075
63190,391663,29481,188540,20820,362180,42643,20565,22078
63195,391694,29481,188556,20820,362211,42646,20567,22079
63200,391725,29481,188564,20820,362243,42649,20570,22079
63205,391756,29481,188582,20820,362273,42652,20572,22080
63210,391787,29482,188594,20820,362305,42655,20574,22081
63215,391818,29483,188611,20821,362335,42658,20576,22082
63220,391849,29484,188621,20822,362365,42661,20577,22084
63225,391880,29486,188638,20823,362394,42665,20579,22086
63230,391911,29488,188655,20825,362422,42669,20581,22088
63235,391942,29491,188669,20827,362449,42673,20582,22091
63240,391973,29496,188683,20830,362476,42677,20583,22094
63245,392004,29499,188702,20833,362504,42681,20584,22097
63250,392035,29502,188715,20835,362531,42685,20585,22100
63255,392066,29506,188727,20838,362559,42689,20586,22103
63260,392097,29510,188747,20841,362585,42693,20589,22104
63265,392128,29515,188764,20845,362612,42697,20591,22106
63270,392159,29519,188782,20847,362638,42701,20594,22107
63275,392190,29522,188801,20849,362668,42705,20596,22109
63280,392221,29523,188814,20849,362698,42709,20598,22111
63285,392252,29524,188833,20850,362728,42713,20600,22113
63290,392283,29525,188846,20850,362758,42717,20601,22116
63295,392314,29526,188863,20850,362788,42721,20602,22119
63300,392345,29528,188880,20850,362817,42725,20603,22122
63305,392376,29530,188901,20851,362846,42729,20607,22122
63310,392407,29532,188917,20852,362875,42733,20609,22124
63315,392438,29535,188926,20854,362903,42737,20610,22127
63320,392469,29537,188935,20854,362931,42741,20610,22131
63325,392500,29540,188951,20856,362959,42745,20613,22132
63330,392531,29543,188964,20857,362986,42749,20613,22136
63335,392562,29545,188976,20858,363015,42753,20615,22138
63340,392593,29548,188994,20860,363043,42757,20615,22142
63345,392624,29553,189009,20863,363070,42761,20618,22143
63350,392655,29558,189028,20868,363095,42765,20622,22143
63355,392686,29564,189043,20872,363119,42769,20624,22145
63360,392717,29569,189059,20876,363147,42773,20626,22147
63365,392748,29570,189072,20876,363177,42777,20629,22148
63370,392779,29571,189092,20877,363208,42781,20632,22149
63375,392810,29573,189106,20879,363236,42785,20633,22152
63380,392841,29576,189122,20880,363265,42789,20636,22153
63385,392872,29578,189136,20881,363293,42793,20637,22156
63390,392903,29581,189153,20882,363320,42797,20639,22158
63395,392934,29584,189166,20883,363349,42801,20640,22161
63400,392965,29588,189185,20887,363375,42805,20643,22162
63405,392996,29591,189204,20889,363402,42809,20646,22163
63410,393027,29596,189218,20892,363430,42813,20647,22166
63415,393058,29598,189239,20894,363458,42817,20649,22168
63420,393089,29602,189260,20897,363484,42821,20651,22170
63425,393120,29605,189274,20900,363514,42824,20652,22172
63430,393151,29607,189289,20902,363543,42827,20653,22174
63435,393182,29609,189301,20903,363573,42830,20654,22176
63440,393213,29610,189318,20903,363602,42833,20654,22179
63445,393244,29611,189333,20904,363633,42836,20654,22182
63450,393275,29611,189346,20904,363664,42839,20656,22183
63455,393306,29611,189357,20904,363695,42842,20658,22184
63460,393337,29611,189370,20904,363726,42845,20660,22185
63465,393368,29611,189387,20904,363757,42848,20662,22186
63470,393399,29612,189403,20905,363787,42851,20663,22188
63475,393430,29614,189414,20906,363816,42854,20663,22191
63480,393461,29615,189423,20907,363846,42857,20663,22194
63485,393492,29616,189438,20907,363875,42860,20665,22195
63490,393523,29617,189455,20907,363905,42863,20666,22197
63495,393554,29618,189471,20908,363935,42866,20666,22200
63500,393585,29619,189489,20909,363965,42869,20668,22201
63505,393616,29620,189508,20909,363995,42872,20669,22203
63510,393647,29621,189526,20910,364026,42875,20672,22203
63515,393678,29623,189540,20912,364055,42878,20674,22204
63520,393709,29626,189558,20915,364083,42881,20675,22206
63525,393740,29629,189571,20917,364111,42885,20676,22209
63530,393771,29631,189585,20919,364139,42889,20677,22212
63535,393802,29635,189606,20923,364165,42893,20679,22214
63540,393833,29640,189622,20927,364192,42897,20682,22215
63545,393864,29643,189636,20928,364219,42901,20684,22217
63550,393895,29646,189651,20930,364247,42905,20686,22219
63555,393926,29650,189667,20934,364273,42909,20688,22221
63560,393957,29654,189681,20937,364301,42913,20690,22223
63565,393988,29658,189694,20939,364328,42917,20691,22226
63570,394019,29661,189704,20940,364358,42921,20692,22229
63575,394050,29663,189715,20940,364386,42925,20695,22230
63580,394081,29667,189727,20943,364412,42929,20697,22232
63585,394112,29670,189739,20946,364440,42933,20698,22235
63590,394143,29673,189755,20949,364467,42937,20700,22237
63595,394174,29678,189771,20953,364496,42941,20703,22238
63600,394205,29682,189789,20956,364522,42945,20706,22239
63605,394236,29684,189803,20957,364552,42948,20708,22240
63610,394267,29686,189820,20958,364581,42951,20710,22241
63615,394298,29687,189835,20958,364611,42954,20711,22243
63620,394329,29688,189845,20958,364641,42957,20711,22246
63625,394360,29689,189858,20959,364671,42960,20712,22248
63630,394391,29691,189873,20961,364700,42963,20713,22250
63635,394422,29692,189885,20962,364730,42966,20715,22251
63640,394453,29694,189901,20964,364759,42969,20716,22253
63645,394484,29697,189921,20967,364786,42972,20718,22254
63650,394515,29701,189936,20971,364812,42975,20720,22255
63655,394546,29702,189953,20972,364843,42978,20722,22256
63660,394577,29703,189970,20972,364873,42981,20725,22256
63665,394608,29704,189983,20972,364903,42983,20725,22258
63670,394639,29705,189999,20973,364933,42985,20725,22260
63675,394670,29707,190014,20974,364963,42987,20725,22262
63680,394701,29708,190029,20975,364993,42989,20725,22264
63685,394732,29710,190046,20976,365022,42991,20726,22265
63690,394763,29712,190062,20978,365051,42993,20727,22266
63695,394794,29715,190079,20981,365079,42995,20728,22267
63700,394825,29717,190094,20982,365108,42997,20729,22268
63705,394856,29719,190110,20983,365134,42999,20729,22270
63710,394887,29725,190121,20988,365160,43002,20731,22271
63715,394918,29729,190136,20991,365189,43005,20733,22272
63720,394949,29730,190146,20991,365216,43008,20734,22274
63725,394980,29732,190161,20992,365248,43010,20735,22275
63730,395011,29733,190175,20992,365277,43012,20736,22276
63735,395042,29734,190194,20993,365306,43014,20737,22277
63740,395073,29735,190208,20993,365337,43016,20737,22279
63745,395104,29736,190227,20994,365367,43018,20737,22281
63750,395135,29738,190244,20996,365396,43020,20738,22282
63755,395166,29742,190259,20998,365424,43022,20740,22282
63760,395197,29744,190276,20998,365453,43024,20740,22284
63765,395228,29747,190289,21000,365481,43027,20742,22285
63770,395259,29750,190305,21002,365509,43030,20745,22285
63775,395290,29754,190319,21004,365536,43033,20745,22288
63780,395321,29757,190335,21006,365563,43036,20746,22290
63785,395352,29761,190347,21008,365591,43039,20748,22291
63790,395383,29762,190366,21008,365619,43042,20750,22292
63795,395414,29763,190380,21008,365651,43045,20752,22293
63800,395445,29764,190394,21009,365681,43048,20754,22294
63805,395476,29765,190408,21009,365708,43051,20755,22296
63810,395507,29766,190422,21010,365740,43054,20756,22298
63815,395538,29767,190435,21010,365769,43057,20756,22301
63820,395569,29768,190447,21010,365800,43060,20757,22303
63825,395600,29770,190464,21012,365829,43064,20758,22306
63830,395631,29772,190481,21014,365858,43068,20760,22308
63835,395662,29774,190500,21015,365888,43072,20762,22310
63840,395693,29777,190513,21016,365916,43076,20764,22312
63845,395724,29779,190527,21017,365945,43080,20767,22313
63850,395755,29781,190542,21018,365974,43084,20769,22315
63855,395786,29784,190558,21019,366002,43088,20771,22317
63860,395817,29788,190574,21023,366029,43092,20773,22319
63865,395848,29792,190591,21026,366056,43096,20776,22320
63870,395879,29797,190604,21029,366081,43100,20778,22322
63875,395910,29802,190620,21033,366107,43104,20781,22323
63880,395941,29806,190632,21036,366132,43108,20782,22326
63885,395972,29813,190651,21043,366156,43112,20785,22327
63890,396003,29819,190663,21047,366182,43116,20785,22331
63895,396034,29821,190680,21049,366211,43120,20787,22333
63900,396065,29824,190698,21052,366240,43124,20787,22337
63905,396096,29825,190711,21052,366270,43128,20790,22338
63910,396127,29827,190726,21053,366299,43132,20793,22339
63915,396158,29829,190742,21055,366327,43136,20796,22340
63920,396189,29831,190751,21057,366357,43140,20797,22343
63925,396220,29832,190765,21057,366386,43144,20798,22346
63930,396251,29835,190779,21060,366416,43148,20799,22349
63935,396282,29837,190797,21061,366444,43152,20802,22350
63940,396313,29839,190811,21062,366474,43156,20802,22354
63945,396344,29842,190829,21065,366499,43160,20805,22355
63950,396375,29845,190845,21067,366528,43164,20808,22356
63955,396406,29845,190862,21067,366559,43168,20810,22358
63960,396437,29845,190873,21067,366591,43172,20813,22359
63965,396468,29845,190887,21067,366622,43175,20815,22360
63970,396499,29845,190905,21067,366653,43178,20815,22363
63975,396530,29845,190921,21067,366684,43181,20817,22364
63980,396561,29845,190935,21067,366716,43184,20819,22365
63985,396592,29845,190949,21067,366747,43187,20820,22367
63990,396623,29845,190965,21067,366778,43190,20821,22369
63995,396654,29845,190978,21067,366809,43193,20822,22371
64000,396685,29850,190990,21071,366835,43196,20822,22374
64005,396716,29854,191004,21074,366862,43199,20823,22376
64010,396747,29858,191020,21077,366889,43202,20823,22379
64015,396778,29861,191037,21079,366917,43205,20824,22381
64020,396809,29864,191053,21082,366945,43208,20826,22382
64025,396840,29867,191072,21083,366973,43211,20827,22384
64030,396871,29870,191092,21085,367001,43214,20828,22386
64035,396902,29873,191104,21087,367029,43217,20830,22387
64040,396933,29876,191119,21088,367057,43220,20831,22389
64045,396964,29880,191135,21090,367084,43223,20833,22390
64050,396995,29883,191155,21093,367112,43226,20834,22392
64055,397026,29886,191168,21094,367140,43229,20835,22394
64060,397057,29889,191187,21096,367166,43232,20837,22395
64065,397088,29895,191203,21100,367192,43236,20841,22395
64070,397119,29900,191221,21104,367216,43240,20844,22396
64075,397150,29906,191233,21109,367243,43244,20845,22399
64080,397181,29913,191254,21115,367265,43248,20848,22400
64085,397212,29918,191268,21119,367293,43252,20851,22401
64090,397243,29919,191280,21120,367323,43256,20852,22404
64095,397274,29919,191295,21120,367354,43260,20854,22406
64100,397305,29919,191315,21120,367382,43264,20857,22407
64105,397336,29919,191328,21120,367414,43268,20860,22408
64110,397367,29919,191346,21120,367444,43272,20864,22408
64115,397398,29919,191362,21120,367475,43276,20866,22410
64120,397429,29919,191376,21120,367509,43280,20867,22413
64125,397460,29919,191388,21120,367541,43284,20870,22414
64130,397491,29919,191403,21120,367572,43288,20873,22415
64135,397522,29919,191416,21120,367602,43292,20874,22418
64140,397553,29919,191429,21120,367634,43296,20875,22421
64145,397584,29919,191447,21120,367665,43300,20877,22423
64150,397615,29919,191466,21120,367696,43304,20880,22424
64155,397646,29919,191483,21120,367727,43308,20883,22425
64160,397677,29919,191498,21120,367758,43312,20887,22425
64165,397708,29921,191514,21122,367787,43316,20889,22427
64170,397739,29922,191528,21122,367817,43320,20890,22430
64175,397770,29925,191543,21125,367845,43324,20892,22432
64180,397801,29926,191555,21126,367875,43328,20895,22433
64185,397832,29928,191568,21127,367904,43332,20896,22436
64190,397863,29931,191580,21129,367932,43336,20897,22439
64195,397894,29935,191591,21130,367958,43340,20899,22441
64200,397925,29941,191612,21136,367983,43344,20902,22442
64205,397956,29945,191627,21137,368009,43347,20904,22443
64210,397987,29952,191647,21142,368034,43350,20907,22443
64215,398018,29956,191657,21143,368061,43353,20909,22444
64220,398049,29961,191675,21146,368087,43356,20912,22444
64225,398080,29968,191684,21150,368111,43359,20912,22447
64230,398111,29973,191701,21154,368135,43362,20912,22450
64235,398142,29978,191715,21159,368162,43365,20913,22452
64240,398173,29979,191728,21159,368192,43368,20914,22454
64245,398204,29980,191746,21160,368223,43371,20917,22454
64250,398235,29981,191760,21161,368251,43374,20919,22455
64255,398266,29982,191773,21161,368282,43377,20920,22457
64260,398297,29983,191788,21162,368311,43380,20921,22459
64265,398328,29984,191801,21163,368344,43383,20922,22461
64270,398359,29985,191817,21163,368374,43386,20925,22461
64275,398390,29986,191832,21164,368404,43389,20925,22464
64280,398421,29988,191851,21166,368433,43392,20927,22465
64285,398452,29990,191868,21167,368462,43395,20928,22467
64290,398483,29991,191879,21168,368492,43398,20929,22469
64295,398514,29993,191897,21169,368521,43401,20931,22470
64300,398545,29995,191911,21171,368550,43404,20933,22471
64305,398576,29996,191925,21172,368580,43408,20934,22474
64310,398607,29998,191943,21174,368609,43412,20936,22476
64315,398638,29999,191959,21174,368639,43416,20937,22479
64320,398669,30000,191977,21175,368669,43420,20940,22480
64325,398700,30001,191996,21175,368699,43424,20942,22482
64330,398731,30002,192008,21175,368728,43428,20942,22486
64335,398762,30003,192025,21175,368758,43432,20944,22488
64340,398793,30006,192040,21176,368787,43436,20945,22491
64345,398824,30010,192053,21178,368814,43440,20946,22494
64350,398855,30013,192065,21179,368841,43444,20948,22496
64355,398886,30018,192083,21183,368868,43448,20950,22498
64360,398917,30020,192097,21183,368896,43452,20952,22500
64365,398948,30024,192112,21186,368923,43456,20954,22502
64370,398979,30027,192123,21189,368951,43460,20955,22505
64375,399010,30033,192134,21193,368976,43464,20957,22507
64380,399041,30037,192146,21195,369002,43468,20957,22511
64385,399072,30044,192161,21202,369027,43471,20958,22513
64390,399103,30049,192175,21207,369051,43474,20959,22515
64395,399134,30054,192190,21211,369079,43477,20961,22516
64400,399165,30058,192206,21214,369103,43480,20962,22518
64405,399196,30061,192217,21216,369134,43483,20963,22520
64410,399227,30061,192229,21216,369165,43486,20964,22522
64415,399258,30061,192243,21216,369195,43489,20964,22525
64420,399289,30061,192255,21216,369227,43492,20965,22527
64425,399320,30061,192271,21216,369258,43495,20965,22530
64430,399351,30061,192282,21216,369290,43498,20967,22531
64435,399382,30061,192297,21216,369321,43501,20970,22531
64440,399413,30061,192310,21216,369352,43504,20970,22534
64445,399444,30061,192326,21216,369383,43507,20972,22535
64450,399475,30061,192335,21216,369414,43510,20973,22537
64455,399506,30061,192349,21216,369445,43513,20976,22537
64460,399537,30062,192361,21216,369475,43516,20977,22539
64465,399568,30063,192374,21216,369505,43519,20979,22540
64470,399599,30064,192392,21216,369534,43522,20982,22540
64475,399630,30065,192406,21216,369565,43525,20983,22542
64480,399661,30066,192422,21216,369595,43528,20984,22544
64485,399692,30067,192434,21217,369625,43532,20984,22548
64490,399723,30068,192452,21217,369654,43536,20987,22549
64495,399754,30070,192468,21219,369682,43540,20988,22552
64500,399785,30073,192483,21221,369709,43544,20990,22554
64505,399816,30078,192496,21226,369738,43547,20992,22555
64510,399847,30081,192510,21227,369765,43550,20994,22556
64515,399878,30087,192524,21231,369789,43553,20995,22558
64520,399909,30095,192541,21238,369811,43556,20998,22558
64525,399940,30101,192553,21242,369837,43559,20999,22560
64530,399971,30105,192569,21245,369865,43562,21000,22562
64535,400002,30108,192580,21247,369894,43565,21001,22564
64540,400033,30110,192601,21248,369921,43568,21004,22564
64545,400064,30115,192615,21251,369947,43571,21004,22567
64550,400095,30119,192627,21254,369974,43574,21006,22568
64555,400126,30125,192644,21260,369998,43577,21007,22570
64560,400157,30130,192652,21265,370026,43580,21007,22573
64565,400188,30134,192664,21268,370051,43582,21007,22575
64570,400219,30139,192682,21272,370078,43584,21009,22575
64575,400250,30141,192699,21273,370108,43586,21009,22577
64580,400281,30141,192715,21273,370140,43588,21010,22578
64585,400312,30141,192726,21273,370171,43590,21011,22579
64590,400343,30141,192744,21273,370202,43592,21012,22580
64595,400374,30141,192762,21273,370233,43594,21014,22580
64600,400405,30141,192771,21273,370264,43596,21015,22581
64605,400436,30141,192784,21273,370295,43599,21017,22582
64610,400467,30141,192797,21273,370326,43602,21020,22582
64615,400498,30141,192810,21273,370356,43605,21022,22583
64620,400529,30141,192824,21273,370386,43608,21024,22584
64625,400560,30141,192834,21273,370419,43611,21025,22586
64630,400591,30141,192853,21273,370447,43614,21026,22588
64635,400622,30143,192865,21274,370476,43617,21026,22591
64640,400653,30145,192881,21276,370506,43620,21028,22592
64645,400684,30147,192897,21277,370537,43623,21029,22594
64650,400715,30148,192910,21277,370567,43626,21031,22595
64655,400746,30149,192926,21278,370597,43629,21032,22597
64660,400777,30150,192942,21278,370626,43632,21034,22598
64665,400808,30152,192956,21279,370656,43635,21036,22599
64670,400839,30153,192971,21280,370685,43639,21038,22601
64675,400870,30157,192985,21283,370713,43643,21041,22602
64680,400901,30160,192999,21285,370739,43647,21042,22605
64685,400932,30166,193016,21290,370762,43651,21045,22606
64690,400963,30175,193027,21297,370786,43655,21046,22609
64695,400994,30185,193044,21306,370805,43659,21047,22612
64700,401025,30192,193057,21311,370833,43663,21048,22615
64705,401056,30194,193068,21312,370861,43667,21050,22617
64710,401087,30196,193080,21313,370889,43671,21051,22620
64715,401118,30197,193091,21314,370921,43675,21052,22623
64720,401149,30200,193111,21317,370949,43679,21055,22624
64725,401180,30202,193125,21319,370977,43683,21056,22627
64730,401211,30203,193134,21320,371008,43687,21057,22630
64735,401242,30204,193154,21320,371037,43691,21060,22631
64740,401273,30207,193169,21323,371064,43695,21061,22634
64745,401304,30209,193185,21325,371095,43698,21063,22635
64750,401335,30210,193202,21325,371125,43701,21066,22635
64755,401366,30211,193213,21325,371155,43704,21067,22637
64760,401397,30212,193225,21326,371185,43707,21068,22639
64765,401428,30214,193240,21327,371214,43710,21069,22641
64770,401459,30216,193255,21328,371243,43713,21069,22644
64775,401490,30217,193270,21329,371273,43716,21071,22645
64780,401521,30217,193282,21329,371304,43719,21072,22647
64785,401552,30217,193296,21329,371335,43722,21073,22649
64790,401583,30217,193314,21329,371366,43725,21074,22651
64795,401614,30217,193323,21329,371397,43728,21076,22652
64800,401645,30217,193343,21329,371426,43731,21078,22653
64805,401676,30217,193357,21329,371457,43733,21078,22655
64810,401707,30220,193371,21332,371487,43735,21079,22656
64815,401738,30223,193386,21333,371514,43737,21080,22657
64820,401769,30225,193393,21333,371543,43739,21080,22659
64825,401800,30229,193408,21337,371570,43741,21082,22659
64830,401831,30231,193421,21337,371600,43743,21083,22660
64835,401862,30234,193432,21338,371628,43745,21084,22661
64840,401893,30236,193445,21339,371657,43747,21084,22663
64845,401924,30240,193464,21343,371681,43750,21085,22665
64850,401955,30245,193477,21347,371708,43753,21086,22667
64855,401986,30251,193493,21352,371731,43756,21088,22668
64860,402017,30260,193511,21360,371755,43759,21090,22669
64865,402048,30264,193524,21364,371782,43762,21092,22670
64870,402079,30267,193541,21367,371811,43765,21093,22672
64875,402110,30268,193551,21367,371842,43768,21095,22673
64880,402141,30270,193564,21367,371871,43771,21096,22675
64885,402172,30273,193580,21370,371896,43774,21097,22677
64890,402203,30278,193593,21373,371925,43777,21099,22678
64895,402234,30279,193609,21374,371955,43780,21100,22680
64900,402265,30280,193629,21375,371984,43783,21102,22681
64905,402296,30281,193645,21376,372014,43786,21104,22682
64910,402327,30282,193662,21377,372044,43789,21105,22684
64915,402358,30283,193674,21377,372075,43792,21106,22686
64920,402389,30284,193693,21378,372104,43795,21108,22687
64925,402420,30285,193709,21378,372135,43798,21109,22689
64930,402451,30286,193724,21379,372165,43801,21111,22690
64935,402482,30287,193736,21379,372195,43804,21113,22691
64940,402513,30288,193747,21379,372225,43807,21115,22692
64945,402544,30289,193762,21379,372255,43810,21115,22695
64950,402575,30290,193779,21380,372285,43813,21116,22697
64955,402606,30291,193793,21380,372315,43816,21118,22698
64960,402637,30292,193808,21380,372345,43819,21120,22699
64965,402668,30293,193826,21380,372374,43822,21122,22700
64970,402699,30295,193837,21381,372403,43825,21123,22702
64975,402730,30297,193851,21383,372431,43828,21124,22704
64980,402761,30300,193866,21386,372461,43831,21126,22705
64985,402792,30303,193881,21388,372489,43833,21126,22707
64990,402823,30306,193899,21390,372517,43835,21126,22709
64995,402854,30309,193918,21392,372545,43837,21127,22710
65000,402885,30313,193931,21395,372572,43839,21127,22712
65005,402916,30316,193941,21396,372599,43841,21127,22714
65010,402947,30321,193956,21400,372625,43843,21128,22715
65015,402978,30327,193969,21404,372651,43845,21130,22715
65020,403009,30333,193986,21408,372675,43847,21130,22717
65025,403040,30341,193999,21415,372698,43849,21130,22719
65030,403071,30348,194016,21421,372720,43851,21130,22721
65035,403102,30355,194032,21426,372746,43853,21131,22722
65040,403133,30359,194046,21429,372773,43855,21133,22722
65045,403164,30363,194060,21432,372799,43856,21133,22723
65050,403195,30367,194075,21436,372826,43857,21133,22724
65055,403226,30369,194088,21438,372856,43858,21134,22724
65060,403257,30371,194102,21440,372884,43859,21135,22724
65065,403288,30372,194114,21441,372915,43860,21135,22725
65070,403319,30372,194126,21441,372946,43861,21135,22726
65075,403350,30372,194142,21441,372978,43862,21135,22727
65080,403381,30372,194157,21441,373008,43863,21135,22728
65085,403412,30372,194173,21441,373040,43865,21135,22730
65090,403443,30372,194187,21441,373071,43867,21136,22731
65095,403474,30372,194194,21441,373102,43869,21136,22733
65100,403505,30372,194213,21441,373133,43871,21138,22733
65105,403536,30372,194227,21441,373164,43873,21139,22734
65110,403567,30372,194245,21441,373195,43875,21141,22734
65115,403598,30372,194260,21441,373226,43877,21141,22736
65120,403629,30372,194276,21441,373255,43879,21142,22737
65125,403660,30372,194292,21441,373287,43881,21143,22738
65130,403691,30372,194305,21441,373319,43883,21145,22738
65135,403722,30372,194323,21441,373348,43885,21145,22740
65140,403753,30372,194342,21441,373378,43887,21145,22742
65145,403784,30374,194356,21442,373409,43890,21147,22743
65150,403815,30375,194372,21442,373438,43893,21149,22744
65155,403846,30378,194388,21445,373468,43896,21151,22745
65160,403877,30380,194406,21445,373496,43899,21154,22745
65165,403908,30383,194421,21448,373525,43902,21155,22747
65170,403939,30386,194429,21448,373551,43905,21156,22749
65175,403970,30391,194444,21452,373577,43908,21156,22752
65180,404001,30397,194457,21455,373603,43911,21157,22754
65185,404032,30403,194472,21460,373628,43914,21160,22754
65190,404063,30409,194489,21464,373654,43917,21162,22755
65195,404094,30412,194508,21467,373682,43920,21163,22757
65200,404125,30415,194520,21469,373710,43923,21164,22759
65205,404156,30419,194531,21471,373736,43926,21165,22761
65210,404187,30423,194543,21474,373763,43929,21166,22763
65215,404218,30427,194560,21477,373789,43932,21168,22764
65220,404249,30433,194576,21483,373816,43935,21168,22767
65225,404280,30436,194593,21484,373841,43938,21170,22768
65230,404311,30441,194611,21489,373869,43941,21171,22770
65235,404342,30442,194621,21489,373900,43944,21171,22773
65240,404373,30444,194639,21490,373927,43947,21173,22774
65245,404404,30446,194650,21491,373958,43950,21174,22776
65250,404435,30448,194662,21493,373986,43953,21174,22779
65255,404466,30449,194672,21493,374017,43956,21174,22782
65260,404497,30450,194690,21494,374046,43959,21176,22783
65265,404528,30451,194711,21495,374077,43962,21178,22784
65270,404559,30453,194729,21497,374104,43965,21179,22786
65275,404590,30454,194743,21497,374135,43968,21181,22787
65280,404621,30456,194763,21498,374164,43971,21182,22789
65285,404652,30456,194775,21498,374195,43974,21184,22790
65290,404683,30456,194792,21498,374227,43977,21186,22791
65295,404714,30456,194808,21498,374257,43980,21187,22793
65300,404745,30457,194824,21499,374286,43983,21189,22794
65305,404776,30459,194838,21500,374316,43986,21190,22796
65310,404807,30460,194854,21500,374346,43989,21191,22798
65315,404838,30462,194866,21501,374376,43992,21192,22800
65320,404869,30463,194881,21502,374405,43995,21194,22801
65325,404900,30465,194896,21503,374434,43998,21195,22803
65330,404931,30467,194912,21505,374464,44001,21196,22805
65335,404962,30468,194930,21506,374493,44004,21199,22805
65340,404993,30471,194944,21509,374520,44007,21200,22807
65345,405024,30476,194964,21513,374547,44009,21202,22807
65350,405055,30480,194982,21516,374573,44011,21204,22807
65355,405086,30485,194996,21520,374601,44013,21205,22808
65360,405117,30488,195013,21521,374629,44015,21206,22809
65365,405148,30489,195030,21521,374659,44017,21206,22811
65370,405179,30490,195042,21521,374689,44019,21206,22813
65375,405210,30492,195054,21523,374717,44021,21206,22815
65380,405241,30495,195065,21525,374745,44023,21207,22816
65385,405272,30498,195080,21528,374773,44025,21208,22817
65390,405303,30502,195091,21531,374800,44027,21208,22819
65395,405334,30505,195105,21532,374828,44029,21210,22819
65400,405365,30508,195118,21533,374855,44031,21210,22821
65405,405396,30512,195132,21535,374883,44033,21210,22823
65410,405427,30515,195145,21538,374912,44035,21211,22824
65415,405458,30516,195162,21539,374941,44037,21211,22826
65420,405489,30517,195174,21539,374971,44039,21211,22828
65425,405520,30518,195191,21539,375001,44041,21212,22829
65430,405551,30519,195205,21539,375029,44043,21212,22831
65435,405582,30520,195223,21540,375061,44045,21213,22832
65440,405613,30521,195242,21540,375092,44047,21214,22833
65445,405644,30522,195256,21541,375122,44050,21216,22834
65450,405675,30523,195273,21541,375152,44053,21218,22835
65455,405706,30524,195286,21542,375182,44056,21218,22838
65460,405737,30525,195304,21543,375212,44059,21220,22839
65465,405768,30527,195321,21545,375241,44062,21222,22840
65470,405799,30530,195335,21547,375269,44065,21222,22843
65475,405830,30533,195353,21550,375297,44068,21225,22843
65480,405861,30536,195368,21552,375325,44071,21225,22846
65485,405892,30539,195380,21553,375353,44074,21227,22847
65490,405923,30541,195394,21554,375382,44077,21229,22848
65495,405954,30543,195409,21555,375411,44080,21231,22849
65500,405985,30545,195422,21555,375440,44083,21234,22849
65505,406016,30547,195439,21556,375469,44086,21235,22851
65510,406047,30550,195452,21559,375496,44089,21236,22853
65515,406078,30553,195467,21560,375525,44092,21237,22855
65520,406109,30560,195483,21566,375548,44095,21238,22857
65525,406140,30566,195498,21570,375574,44097,21239,22858
65530,406171,30570,195516,21573,375601,44099,21239,22860
65535,406202,30573,195533,21576,375629,44101,21240,22861
65540,406233,30575,195543,21577,375658,44103,21241,22862
65545,406264,30577,195556,21578,375687,44105,21243,22862
65550,406295,30583,195574,21583,375711,44107,21244,22863
65555,406326,30587,195588,21585,375738,44109,21246,22863
65560,406357,30592,195603,21589,375765,44111,21247,22864
65565,406388,30593,195615,21590,375795,44113,21248,22865
65570,406419,30595,195629,21591,375824,44115,21248,22867
65575,406450,30596,195641,21592,375853,44117,21249,22868
65580,406481,30598,195656,21593,375881,44119,21249,22870
65585,406512,30600,195673,21594,375908,44120,21249,22871
65590,406543,30604,195690,21597,375937,44121,21249,22872
65595,406574,30604,195709,21597,375968,44122,21250,22872
65600,406605,30604,195724,21597,376001,44123,21251,22872
65605,406636,30604,195740,21597,376032,44124,21251,22873
65610,406667,30604,195757,21597,376062,44125,21252,22873
65615,406698,30604,195767,21597,376094,44126,21252,22874
65620,406729,30604,195784,21597,376124,44127,21252,22875
65625,406760,30605,195794,21598,376155,44129,21252,22877
65630,406791,30606,195816,21599,376183,44131,21254,22877
65635,406822,30607,195834,21599,376214,44133,21256,22877
65640,406853,30608,195851,21599,376244,44135,21258,22877
65645,406884,30609,195862,21600,376274,44137,21258,22879
65650,406915,30610,195873,21601,376305,44139,21258,22881
65655,406946,30611,195887,21602,376334,44141,21260,22881
65660,406977,30612,195905,21602,376365,44143,21262,22881
65665,407008,30613,195919,21602,376395,44145,21264,22881
65670,407039,30615,195932,21603,376423,44147,21265,22882
65675,407070,30618,195945,21605,376450,44149,21265,22884
65680,407101,30621,195958,21607,376479,44151,21266,22885
65685,407132,30625,195976,21610,376505,44154,21268,22886
65690,407163,30628,195991,21612,376535,44157,21269,22888
65695,407194,30632,196007,21615,376560,44160,21272,22888
65700,407225,30641,196022,21622,376583,44163,21272,22891
65705,407256,30648,196040,21628,376607,44166,21272,22894
65710,407287,30655,196056,21633,376632,44169,21273,22896
65715,407318,30658,196069,21634,376658,44172,21274,22898
65720,407349,30661,196086,21637,376687,44175,21275,22900
65725,407380,30664,196099,21639,376716,44178,21277,22901
65730,407411,30668,196113,21643,376743,44181,21278,22903
65735,407442,30670,196133,21645,376772,44184,21280,22904
65740,407473,30672,196145,21647,376801,44187,21281,22906
65745,407504,30674,196157,21648,376830,44190,21282,22908
65750,407535,30677,196173,21650,376858,44193,21283,22910
65755,407566,30679,196189,21652,376887,44196,21285,22911
65760,407597,30682,196205,21655,376915,44199,21286,22913
65765,407628,30684,196214,21657,376944,44202,21287,22915
65770,407659,30684,196225,21657,376975,44205,21289,22916
65775,407690,30684,196241,21657,377005,44208,21290,22918
65780,407721,30684,196253,21657,377037,44211,21292,22919
65785,407752,30684,196268,21657,377068,44214,21293,22921
65790,407783,30684,196283,21657,377099,44217,21294,22923
65795,407814,30684,196297,21657,377129,44220,21294,22926
65800,407845,30684,196314,21657,377159,44223,21295,22928
65805,407876,30684,196334,21657,377191,44226,21298,22928
65810,407907,30684,196350,21657,377221,44229,21300,22929
65815,407938,30685,196366,21658,377251,44232,21303,22929
65820,407969,30687,196376,21659,377282,44235,21303,22932
65825,408000,30688,196389,21660,377310,44238,21304,22934
65830,408031,30691,196400,21662,377338,44241,21305,22936
65835,408062,30694,196420,21665,377366,44244,21307,22937
65840,408093,30698,196436,21668,377393,44247,21308,22939
65845,408124,30701,196452,21670,377421,44250,21309,22941
65850,408155,30706,196469,21674,377447,44253,21311,22942
65855,408186,30710,196483,21676,377475,44256,21314,22942
65860,408217,30711,196500,21677,377505,44259,21317,22942
65865,408248,30712,196514,21677,377536,44262,21319,22943
65870,408279,30713,196526,21678,377565,44265,21319,22946
65875,408310,30714,196540,21678,377596,44268,21319,22949
65880,408341,30716,196555,21679,377625,44271,21320,22951
65885,408372,30718,196571,21680,377654,44273,21321,22952
65890,408403,30720,196584,21680,377681,44275,21322,22953
65895,408434,30722,196592,21681,377712,44277,21322,22955
65900,408465,30724,196608,21682,377740,44279,21322,22957
65905,408496,30727,196626,21684,377769,44281,21324,22957
65910,408527,30729,196642,21686,377798,44283,21324,22959
65915,408558,30732,196659,21688,377826,44285,21326,22959
65920,408589,30734,196672,21688,377855,44287,21326,22961
65925,408620,30738,196691,21691,377881,44289,21327,22962
65930,408651,30740,196707,21692,377910,44291,21328,22963
65935,408682,30743,196721,21693,377939,44293,21330,22963
65940,408713,30748,196734,21696,377965,44295,21332,22963
65945,408744,30751,196750,21699,377993,44297,21333,22964
65950,408775,30755,196766,21703,378020,44299,21333,22966
65955,408806,30758,196779,21705,378046,44301,21333,22968
65960,408837,30762,196791,21708,378073,44303,21334,22969
65965,408868,30768,196807,21714,378098,44305,21335,22970
65970,408899,30774,196825,21718,378124,44307,21337,22970
65975,408930,30776,196835,21718,378153,44309,21337,22972
65980,408961,30779,196858,21720,378182,44311,21339,22972
65985,408992,30783,196872,21723,378208,44314,21340,22974
65990,409023,30785,196894,21725,378237,44317,21342,22975
65995,409054,30787,196910,21726,378267,44320,21343,22977
66000,409085,30790,196924,21728,378293,44323,21345,22978
66005,409116,30795,196940,21732,378321,44326,21345,22981
66010,409147,30799,196957,21735,378348,44329,21346,22983
66015,409178,30801,196975,21737,378377,44332,21348,22984
66020,409209,30803,196994,21738,378405,44335,21351,22984
66025,409240,30803,197005,21738,378436,44338,21351,22987
66030,409271,30803,197018,21738,378467,44341,21353,22988
66035,409302,30803,197033,21738,378499,44344,21353,22991
66040,409333,30803,197044,21738,378530,44346,21354,22992
66045,409364,30803,197064,21738,378559,44348,21355,22993
66050,409395,30803,197082,21738,378591,44350,21357,22993
66055,409426,30803,197095,21738,378623,44352,21358,22994
66060,409457,30803,197111,21738,378654,44354,21359,22995
66065,409488,30803,197123,21738,378685,44356,21359,22997
66070,409519,30803,197138,21738,378716,44358,21360,22998
66075,409550,30803,197158,21738,378747,44360,21361,22999
66080,409581,30803,197172,21738,378778,44362,21361,23001
66085,409612,30804,197184,21738,378808,44364,21362,23002
66090,409643,30805,197199,21738,378838,44366,21363,23003
66095,409674,30807,197214,21739,378867,44368,21363,23005
66100,409705,30809,197229,21739,378896,44370,21364,23006
66105,409736,30811,197239,21740,378925,44372,21364,23008
66110,409767,30813,197256,21740,378954,44374,21366,23008
66115,409798,30815,197266,21741,378983,44376,21366,23010
66120,409829,30818,197286,21742,379011,44378,21367,23011
66125,409860,30820,197297,21744,379039,44379,21368,23011
66130,409891,30825,197311,21747,379065,44380,21368,23012
66135,409922,30830,197327,21750,379092,44381,21369,23012
66140,409953,30835,197346,21754,379116,44382,21369,23013
66145,409984,30842,197364,21760,379140,44383,21370,23013
66150,410015,30849,197379,21765,379166,44384,21370,23014
66155,410046,30855,197394,21769,379190,44385,21370,23015
66160,410077,30862,197412,21774,379212,44387,21371,23016
66165,410108,30869,197427,21780,379238,44389,21372,23017
66170,410139,30874,197445,21784,379264,44391,21374,23017
66175,410170,30876,197460,21786,379294,44393,21376,23017
66180,410201,30878,197476,21787,379323,44395,21378,23017
66185,410232,30880,197485,21788,379352,44397,21378,23019
66190,410263,30882,197496,21789,379380,44399,21378,23021
66195,410294,30884,197511,21790,379410,44401,21379,23022
66200,410325,30886,197526,21791,379437,44403,21380,23023
66205,410356,30889,197543,21794,379467,44405,21382,23023
66210,410387,30889,197554,21794,379497,44407,21383,23024
66215,410418,30889,197567,21794,379529,44409,21384,23025
66220,410449,30889,197582,21794,379558,44411,21385,23026
66225,410480,30889,197597,21794,379591,44414,21385,23029
66230,410511,30889,197608,21794,379621,44417,21386,23031
66235,410542,30889,197620,21794,379652,44420,21387,23033
66240,410573,30889,197634,21794,379682,44423,21387,23036
66245,410604,30889,197645,21794,379715,44426,21387,23039
66250,410635,30889,197659,21794,379746,44429,21388,23041
66255,410666,30889,197671,21794,379777,44432,21388,23044
66260,410697,30889,197681,21794,379807,44435,21390,23045
66265,410728,30889,197693,21794,379839,44438,21390,23048
66270,410759,30890,197706,21794,379868,44441,21393,23048
66275,410790,30892,197716,21795,379897,44444,21394,23050
66280,410821,30894,197729,21796,379926,44447,21395,23052
66285,410852,30899,197742,21799,379952,44450,21398,23052
66290,410883,30904,197756,21802,379979,44453,21399,23054
66295,410914,30906,197774,21802,380007,44456,21401,23055
66300,410945,30909,197789,21803,380034,44459,21403,23056
66305,410976,30914,197810,21807,380061,44462,21405,23057
66310,411007,30920,197824,21811,380087,44465,21407,23058
66315,411038,30923,197835,21813,380114,44468,21407,23061
66320,411069,30928,197847,21816,380140,44471,21409,23062
66325,411100,30933,197864,21820,380167,44474,21412,23062
66330,411131,30935,197875,21821,380196,44477,21412,23065
66335,411162,30938,197890,21824,380224,44480,21412,23068
66340,411193,30941,197906,21825,380252,44483,21413,23070
66345,411224,30944,197922,21827,380280,44486,21414,23072
66350,411255,30946,197938,21829,380309,44489,21416,23073
66355,411286,30948,197952,21830,380336,44492,21416,23076
66360,411317,30953,197963,21834,380364,44495,21417,23078
66365,411348,30954,197977,21834,380393,44498,21419,23079
66370,411379,30956,197991,21836,380421,44501,21420,23081
66375,411410,30957,198005,21837,380450,44504,21421,23083
66380,411441,30958,198020,21838,380482,44507,21422,23085
66385,411472,30960,198033,21840,380510,44510,21423,23087
66390,411503,30963,198051,21842,380537,44513,21425,23088
66395,411534,30965,198064,21844,380567,44516,21425,23091
66400,411565,30967,198078,21846,380597,44519,21428,23091
66405,411596,30968,198094,21846,380627,44522,21431,23091
66410,411627,30971,198111,21849,380655,44525,21434,23091
66415,411658,30973,198125,21850,380685,44528,21436,23092
66420,411689,30975,198145,21852,380712,44531,21437,23094
66425,411720,30976,198155,21853,380744,44534,21437,23097
66430,411751,30977,198169,21853,380774,44536,21437,23099
66435,411782,30978,198186,21854,380804,44538,21438,23100
66440,411813,30979,198200,21855,380834,44540,21439,23101
66445,411844,30980,198211,21855,380864,44542,21441,23101
66450,411875,30981,198231,21856,380894,44544,21441,23103
66455,411906,30982,198247,21857,380924,44546,21441,23105
66460,411937,30983,198265,21858,380954,44548,21441,23107
66465,411968,30986,198278,21860,380982,44550,21442,23108
66470,411999,30988,198290,21861,381010,44552,21442,23110
66475,412030,30991,198311,21863,381039,44554,21442,23112
66480,412061,30994,198329,21865,381067,44556,21443,23113
66485,412092,30998,198343,21868,381093,44557,21443,23114
66490,412123,31003,198357,21873,381119,44558,21444,23114
66495,412154,31010,198373,21880,381143,44559,21445,23114
66500,412185,31014,198385,21883,381171,44560,21445,23115
66505,412216,31017,198406,21885,381198,44561,21446,23115
66510,412247,31021,198421,21887,381226,44562,21446,23116
66515,412278,31025,198430,21889,381253,44563,21446,23117
66520,412309,31028,198446,21892,381281,44564,21446,23118
66525,412340,31033,198461,21896,381305,44565,21446,23119
66530,412371,31037,198481,21900,381333,44566,21447,23119
66535,412402,31039,198498,21902,381361,44567,21447,23120
66540,412433,31043,198513,21905,381390,44568,21448,23120
66545,412464,31044,198526,21905,381418,44569,21448,23121
66550,412495,31045,198543,21905,381448,44570,21448,23122
66555,412526,31046,198561,21906,381479,44571,21448,23123
66560,412557,31047,198576,21906,381509,44572,21448,23124
66565,412588,31048,198591,21907,381540,44573,21448,23125
66570,412619,31049,198606,21907,381570,44574,21448,23126
66575,412650,31050,198621,21907,381600,44575,21448,23127
66580,412681,31051,198640,21907,381629,44576,21449,23127
66585,412712,31052,198654,21907,381659,44578,21451,23127
66590,412743,31053,198665,21908,381690,44580,21451,23129
66595,412774,31054,198681,21908,381719,44582,21452,23130
66600,412805,31055,198695,21909,381749,44584,21453,23131
66605,412836,31056,198706,21909,381780,44585,21454,23131
66610,412867,31057,198718,21909,381810,44586,21454,23132
66615,412898,31058,198735,21910,381840,44587,21454,23133
66620,412929,31059,198746,21910,381870,44588,21454,23134
66625,412960,31060,198758,21910,381900,44589,21455,23134
66630,412991,31061,198775,21910,381930,44590,21456,23134
66635,413022,31062,198785,21910,381960,44591,21456,23135
66640,413053,31065,198800,21912,381988,44592,21457,23135
66645,413084,31068,198810,21913,382015,44593,21457,23136
66650,413115,31072,198825,21916,382042,44594,21458,23136
66655,413146,31077,198843,21920,382068,44595,21458,23137
66660,413177,31082,198856,21925,382095,44596,21459,23137
66665,413208,31085,198872,21926,382122,44596,21459,23137
66670,413239,31090,198882,21929,382149,44596,21459,23137
66675,413270,31095,198901,21933,382173,44596,21459,23137
66680,413301,31101,198916,21938,382199,44596,21459,23137
66685,413332,31106,198925,21940,382226,44596,21459,23137
66690,413363,31111,198941,21944,382252,44596,21459,23137
66695,413394,31116,198956,21948,382278,44596,21459,23137
66700,413425,31118,198966,21948,382307,44596,21459,23137
66705,413456,31120,198981,21949,382335,44596,21459,23137
66710,413487,31127,198999,21954,382359,44596,21459,23137
66715,413518,31133,199016,21959,382385,44596,21459,23137
66720,413549,31136,199031,21961,382412,44596,21459,23137
66725,413580,31137,199043,21962,382442,44596,21459,23137
66730,413611,31140,199057,21965,382469,44596,21459,23137
66735,413642,31143,199068,21968,382498,44596,21459,23137
66740,413673,31143,199081,21968,382530,44596,21459,23137
66745,413704,31143,199095,21968,382559,44596,21459,23137
66750,413735,31143,199109,21968,382592,44596,21459,23137
66755,413766,31143,199127,21968,382621,44596,21459,23137
66760,413797,31143,199140,21968,382653,44596,21459,23137
66765,413828,31143,199157,21968,382685,44597,21460,23137
66770,413859,31143,199176,21968,382715,44598,21460,23138
66775,413890,31143,199192,21968,382747,44599,21461,23138
66780,413921,31143,199207,21968,382777,44600,21462,23138
66785,413952,31143,199222,21968,382809,44601,21463,23138
66790,413983,31143,199232,21968,382840,44601,21463,23138
66795,414014,31143,199250,21968,382871,44601,21463,23138
66800,414045,31143,199264,21968,382902,44601,21463,23138
66805,414076,31143,199281,21968,382933,44601,21463,23138
66810,414107,31144,199294,21968,382963,44601,21463,23138
66815,414138,31145,199309,21969,382993,44601,21463,23138
66820,414169,31146,199323,21969,383023,44601,21463,23138
66825,414200,31149,199340,21971,383051,44601,21463,23138
66830,414231,31151,199353,21972,383080,44601,21463,23138
66835,414262,31155,199372,21976,383107,44601,21463,23138
66840,414293,31158,199389,21979,383135,44601,21463,23138
66845,414324,31161,199402,21980,383163,44601,21463,23138
66850,414355,31166,199418,21982,383189,44601,21463,23138
66855,414386,31170,199434,21984,383216,44601,21463,23138
66860,414417,31174,199449,21986,383243,44601,21463,23138
66865,414448,31177,199460,21988,383271,44601,21463,23138
66870,414479,31183,199472,21993,383296,44601,21463,23138
66875,414510,31185,199488,21994,383325,44601,21463,23138
66880,414541,31188,199501,21996,383352,44601,21463,23138
66885,414572,31190,199520,21998,383382,44601,21463,23138
66890,414603,31193,199537,22000,383408,44601,21463,23138
66895,414634,31197,199556,22002,383436,44601,21463,23138
66900,414665,31202,199574,22006,383463,44601,21463,23138
66905,414696,31204,199589,22008,383491,44601,21463,23138
66910,414727,31208,199612,22011,383518,44601,21463,23138
66915,414758,31213,199626,22014,383543,44601,21463,23138
66920,414789,31218,199643,22018,383570,44601,21463,23138
66925,414820,31224,199665,22023,383595,44601,21463,23138
66930,414851,31226,199675,22024,383624,44601,21463,23138
66935,414882,31229,199692,22026,383652,44601,21463,23138
66940,414913,31230,199705,22027,383683,44601,21463,23138
66945,414944,31230,199722,22027,383714,44601,21463,23138
66950,414975,31230,199742,22027,383744,44601,21463,23138
66955,415006,31230,199758,22027,383776,44601,21463,23138
66960,415037,31230,199776,22027,383806,44601,21463,23138
66965,415068,31230,199796,22027,383838,44601,21463,23138
66970,415099,31230,199813,22027,383869,44601,21463,23138
66975,415130,31231,199828,22028,383899,44601,21463,23138
66980,415161,31233,199844,22030,383928,44601,21463,23138
66985,415192,31235,199861,22031,383957,44601,21463,23138
66990,415223,31236,199875,22032,383987,44601,21463,23138
66995,415254,31238,199886,22033,384016,44601,21463,23138
67000,415285,31240,199907,22035,384045,44601,21463,23138
67005,415316,31241,199921,22035,384075,44601,21463,23138
67010,415347,31244,199935,22038,384103,44601,21463,23138
67015,415378,31247,199953,22040,384131,44601,21463,23138
67020,415409,31248,199967,22040,384161,44601,21463,23138
67025,415440,31251,199981,22042,384189,44601,21463,23138
67030,415471,31252,199989,22043,384219,44601,21463,23138
67035,415502,31254,200001,22043,384247,44601,21463,23138
67040,415533,31257,200013,22045,384276,44601,21463,23138
67045,415564,31260,200025,22047,384304,44601,21463,23138
67050,415595,31263,200040,22048,384332,44601,21463,23138
67055,415626,31265,200054,22049,384361,44601,21463,23138
67060,415657,31269,200067,22051,384388,44601,21463,23138
67065,415688,31272,200083,22052,384416,44601,21463,23138
67070,415719,31277,200100,22056,384439,44601,21463,23138
67075,415750,31281,200113,22060,384468,44601,21463,23138
67080,415781,31286,200129,22065,384493,44601,21463,23138
67085,415812,31291,200148,22068,384519,44601,21463,23138
67090,415843,31295,200161,22072,384547,44601,21463,23138
67095,415874,31298,200175,22074,384575,44601,21463,23138
67100,415905,31301,200190,22076,384602,44601,21463,23138
67105,415936,31305,200209,22079,384630,44601,21463,23138
67110,415967,31307,200222,22080,384659,44601,21463,23138
67115,415998,31309,200236,22081,384688,44601,21463,23138
67120,416029,31310,200255,22082,384719,44601,21463,23138
67125,416060,31310,200265,22082,384750,44601,21463,23138
67130,416091,31310,200279,22082,384781,44601,21463,23138
67135,416122,31310,200294,22082,384812,44601,21463,23138
67140,416153,31310,200305,22082,384843,44601,21463,23138
67145,416184,31310,200317,22082,384874,44601,21463,23138
67150,416215,31311,200327,22082,384904,44601,21463,23138
67155,416246,31312,200338,22083,384934,44601,21463,23138
67160,416277,31314,200350,22084,384962,44601,21463,23138
67165,416308,31316,200363,22085,384991,44601,21463,23138
67170,416339,31317,200383,22086,385022,44601,21463,23138
67175,416370,31318,200396,22086,385052,44601,21463,23138
67180,416401,31319,200406,22086,385082,44601,21463,23138
67185,416432,31321,200420,22087,385111,44601,21463,23138
67190,416463,31324,200438,22090,385139,44601,21463,23138
67195,416494,31326,200458,22092,385168,44601,21463,23138
67200,416525,31328,200471,22094,385196,44601,21463,23138
67205,416556,31332,200488,22097,385223,44601,21463,23138
67210,416587,31336,200498,22099,385251,44601,21463,23138
67215,416618,31338,200515,22101,385279,44601,21463,23138
67220,416649,31340,200529,22103,385309,44601,21463,23138
67225,416680,31343,200542,22105,385337,44601,21463,23138
67230,416711,31345,200556,22107,385366,44601,21463,23138
67235,416742,31349,200571,22111,385393,44601,21463,23138
67240,416773,31352,200590,22114,385421,44601,21463,23138
67245,416804,31354,200600,22115,385449,44601,21463,23138
67250,416835,31357,200616,22117,385478,44601,21463,23138
67255,416866,31360,200631,22118,385506,44601,21463,23138
67260,416897,31364,200649,22122,385533,44601,21463,23138
67265,416928,31368,200667,22126,385560,44601,21463,23138
67270,416959,31371,200683,22129,385588,44601,21463,23138
67275,416990,31372,200697,22130,385618,44601,21463,23138
67280,417021,31373,200711,22130,385648,44601,21463,23138
67285,417052,31374,200723,22130,385677,44601,21463,23138
67290,417083,31375,200737,22131,385707,44601,21463,23138
67295,417114,31376,200751,22132,385737,44601,21463,23138
67300,417145,31378,200763,22133,385767,44601,21463,23138
67305,417176,31380,200772,22134,385796,44601,21463,23138
67310,417207,31381,200785,22134,385826,44601,21463,23138
67315,417238,31383,200802,22136,385854,44601,21463,23138
67320,417269,31386,200821,22137,385882,44601,21463,23138
67325,417300,31390,200835,22140,385910,44601,21463,23138
67330,417331,31394,200854,22142,385937,44601,21463,23138
67335,417362,31396,200867,22142,385966,44601,21463,23138
67340,417393,31399,200884,22145,385993,44601,21463,23138
67345,417424,31401,200897,22146,386022,44601,21463,23138
67350,417455,31406,200914,22150,386049,44601,21463,23138
67355,417486,31409,200928,22152,386077,44601,21463,23138
67360,417517,31411,200940,22153,386106,44601,21463,23138
67365,417548,31414,200955,22155,386134,44601,21463,23138
67370,417579,31417,200972,22157,386161,44601,21463,23138
67375,417610,31419,200982,22158,386191,44601,21463,23138
67380,417641,31421,200994,22160,386218,44601,21463,23138
67385,417672,31425,201009,22163,386247,44601,21463,23138
67390,417703,31426,201018,22163,386275,44601,21463,23138
67395,417734,31428,201032,22165,386305,44601,21463,23138
67400,417765,31429,201047,22165,386334,44601,21463,23138
67405,417796,31432,201066,22168,386363,44601,21463,23138
67410,417827,31435,201083,22170,386392,44601,21463,23138
67415,417858,31437,201097,22171,386420,44601,21463,23138
67420,417889,31440,201109,22174,386449,44601,21463,23138
67425,417920,31444,201126,22178,386474,44601,21463,23138
67430,417951,31446,201140,22180,386505,44601,21463,23138
67435,417982,31448,201158,22181,386534,44601,21463,23138
67440,418013,31448,201172,22181,386565,44601,21463,23138
67445,418044,31448,201183,22181,386596,44601,21463,23138
67450,418075,31448,201205,22181,386627,44601,21463,23138
67455,418106,31448,201213,22181,386658,44601,21463,23138
67460,418137,31449,201228,22182,386688,44601,21463,23138
67465,418168,31450,201241,22182,386718,44601,21463,23138
67470,418199,31451,201255,22183,386748,44601,21463,23138
67475,418230,31452,201268,22183,386778,44601,21463,23138
67480,418261,31453,201284,22184,386808,44601,21463,23138
67485,418292,31454,201296,22185,386838,44601,21463,23138
67490,418323,31457,201313,22186,386866,44601,21463,23138
67495,418354,31459,201331,22186,386895,44601,21463,23138
67500,418385,31461,201347,22187,386924,44601,21463,23138
67505,418416,31463,201363,22187,386953,44601,21463,23138
67510,418447,31465,201381,22188,386982,44601,21463,23138
67515,418478,31468,201396,22190,387010,44601,21463,23138
67520,418509,31471,201411,22193,387038,44601,21463,23138
67525,418540,31473,201422,22193,387067,44601,21463,23138
67530,418571,31475,201433,22194,387096,44601,21463,23138
67535,418602,31479,201450,22197,387123,44601,21463,23138
67540,418633,31481,201461,22198,387151,44601,21463,23138
67545,418664,31490,201481,22207,387173,44601,21463,23138
67550,418695,31497,201496,22213,387198,44601,21463,23138
67555,418726,31502,201512,22217,387223,44601,21463,23138
67560,418757,31509,201531,22222,387246,44601,21463,23138
67565,418788,31516,201549,22229,387271,44601,21463,23138
67570,418819,31520,201563,22231,387299,44601,21463,23138
67575,418850,31524,201577,22234,387326,44601,21463,23138
67580,418881,31529,201594,22237,387351,44601,21463,23138
67585,418912,31529,201610,22237,387382,44601,21463,23138
67590,418943,31529,201625,22237,387413,44601,21463,23138
67595,418974,31529,201639,22237,387444,44601,21463,23138
67600,419005,31529,201653,22237,387475,44601,21463,23138
67605,419036,31529,201665,22237,387507,44601,21463,23138
67610,419067,31529,201681,22237,387538,44601,21463,23138
67615,419098,31529,201695,22237,387568,44601,21463,23138
67620,419129,31529,201709,22237,387599,44601,21463,23138
67625,419160,31529,201722,22237,387630,44601,21463,23138
67630,419191,31529,201734,22237,387661,44601,21463,23138
67635,419222,31529,201753,22237,387692,44601,21463,23138
67640,419253,31529,201768,22237,387724,44601,21463,23138
67645,419284,31529,201783,22237,387755,44601,21463,23138
67650,419315,31529,201798,22237,387786,44601,21463,23138
67655,419346,31529,201819,22237,387817,44601,21463,23138
67660,419377,31529,201832,22237,387848,44601,21463,23138
67665,419408,31529,201845,22237,387879,44601,21463,23138
67670,419439,31531,201862,22238,387908,44601,21463,23138
67675,419470,31532,201880,22238,387938,44601,21463,23138
67680,419501,31533,201893,22239,387968,44601,21463,23138
67685,419532,31535,201906,22240,387997,44601,21463,23138
67690,419563,31538,201919,22242,388025,44601,21463,23138
67695,419594,31541,201929,22243,388053,44601,21463,23138
67700,419625,31544,201946,22245,388081,44601,21463,23138
67705,419656,31547,201957,22245,388109,44601,21463,23138
67710,419687,31551,201972,22247,388136,44601,21463,23138
67715,419718,31555,201983,22250,388163,44601,21463,23138
67720,419749,31559,201996,22253,388190,44601,21463,23138
67725,419780,31564,202013,22257,388216,44601,21463,23138
67730,419811,31569,202028,22261,388241,44601,21463,23138
67735,419842,31576,202040,22265,388266,44601,21463,23138
67740,419873,31580,202052,22268,388291,44601,21463,23138
67745,419904,31588,202065,22275,388316,44601,21463,23138
67750,419935,31592,202080,22277,388342,44601,21463,23138
67755,419966,31596,202096,22279,388370,44601,21463,23138
67760,419997,31602,202110,22284,388394,44601,21463,23138
67765,420028,31604,202122,22285,388423,44601,21463,23138
67770,420059,31606,202134,22287,388452,44601,21463,23138
67775,420090,31607,202147,22287,388482,44601,21463,23138
67780,420121,31610,202165,22290,388510,44601,21463,23138
67785,420152,31611,202180,22291,388540,44601,21463,23138
67790,420183,31614,202198,22293,388568,44601,21463,23138
67795,420214,31615,202215,22294,388598,44601,21463,23138
67800,420245,31617,202227,22295,388627,44601,21463,23138
67805,420276,31617,202246,22295,388658,44601,21463,23138
67810,420307,31617,202260,22295,388689,44601,21463,23138
67815,420338,31617,202277,22295,388721,44601,21463,23138
67820,420369,31617,202289,22295,388752,44601,21463,23138
67825,420400,31617,202305,22295,388782,44601,21463,23138
67830,420431,31617,202317,22295,388814,44601,21463,23138
67835,420462,31617,202328,22295,388845,44601,21463,23138
67840,420493,31617,202341,22295,388876,44601,21463,23138
67845,420524,31617,202356,22295,388907,44601,21463,23138
67850,420555,31617,202369,22295,388938,44601,21463,23138
67855,420586,31618,202383,22296,388968,44601,21463,23138
67860,420617,31619,202402,22297,388997,44601,21463,23138
67865,420648,31620,202417,22297,389028,44601,21463,23138
67870,420679,31622,202432,22298,389057,44601,21463,23138
67875,420710,31625,202444,22299,389084,44601,21463,23138
67880,420741,31628,202457,22301,389113,44601,21463,23138
67885,420772,31630,202470,22301,389141,44601,21463,23138
67890,420803,31633,202485,22303,389170,44601,21463,23138
67895,420834,31635,202498,22304,389199,44601,21463,23138
67900,420865,31638,202519,22307,389226,44601,21463,23138
67905,420896,31642,202537,22310,389254,44601,21463,23138
67910,420927,31647,202554,22313,389280,44601,21463,23138
67915,420958,31652,202568,22315,389305,44601,21463,23138
67920,420989,31658,202583,22319,389331,44601,21463,23138
67925,421020,31662,202597,22323,389358,44601,21463,23138
67930,421051,31668,202616,22327,389383,44601,21463,23138
67935,421082,31672,202627,22329,389410,44601,21463,23138
67940,421113,31676,202638,22332,389437,44601,21463,23138
67945,421144,31678,202653,22332,389466,44601,21463,23138
67950,421175,31680,202671,22333,389495,44601,21463,23138
67955,421206,31682,202684,22333,389524,44601,21463,23138
67960,421237,31684,202700,22334,389553,44601,21463,23138
67965,421268,31687,202716,22336,389579,44601,21463,23138
67970,421299,31689,202729,22337,389609,44601,21463,23138
67975,421330,31693,202743,22341,389635,44601,21463,23138
67980,421361,31696,202755,22343,389663,44601,21463,23138
67985,421392,31699,202768,22345,389692,44601,21463,23138
67990,421423,31702,202782,22348,389720,44601,21463,23138
67995,421454,31706,202796,22351,389747,44601,21463,23138
68000,421485,31710,202811,22354,389775,44601,21463,23138
68005,421516,31712,202822,22356,389803,44601,21463,23138
68010,421547,31714,202833,22357,389833,44601,21463,23138
68015,421578,31717,202851,22360,389861,44601,21463,23138
68020,421609,31717,202866,22360,389891,44601,21463,23138
68025,421640,31717,202878,22360,389922,44601,21463,23138
68030,421671,31717,202891,22360,389954,44601,21463,23138
68035,421702,31717,202904,22360,389984,44601,21463,23138
68040,421733,31717,202920,22360,390016,44601,21463,23138
68045,421764,31718,202936,22360,390045,44601,21463,23138
68050,421795,31720,202957,22362,390075,44601,21463,23138
68055,421826,31721,202976,22362,390105,44601,21463,23138
68060,421857,31723,202987,22363,390134,44601,21463,23138
68065,421888,31724,202999,22364,390164,44601,21463,23138
68070,421919,31726,203013,22366,390193,44601,21463,23138
68075,421950,31728,203021,22367,390222,44601,21463,23138
68080,421981,31730,203031,22369,390250,44601,21463,23138
68085,422012,31732,203044,22370,390280,44601,21463,23138
68090,422043,31734,203059,22371,390309,44601,21463,23138
68095,422074,31736,203074,22373,390338,44601,21463,23138
68100,422105,31739,203092,22375,390366,44601,21463,23138
68105,422136,31740,203109,22376,390396,44601,21463,23138
68110,422167,31742,203123,22378,390424,44601,21463,23138
68115,422198,31744,203139,22380,390453,44601,21463,23138
68120,422229,31746,203153,22381,390482,44601,21463,23138
68125,422260,31749,203168,22382,390511,44601,21463,23138
68130,422291,31754,203186,22387,390537,44601,21463,23138
68135,422322,31758,203203,22390,390563,44601,21463,23138
68140,422353,31763,203220,22395,390589,44601,21463,23138
68145,422384,31770,203237,22401,390613,44601,21463,23138
68150,422415,31776,203253,22405,390639,44601,21463,23138
68155,422446,31777,203266,22405,390669,44601,21463,23138
68160,422477,31778,203280,22405,390699,44601,21463,23138
68165,422508,31779,203297,22405,390729,44601,21463,23138
68170,422539,31780,203313,22406,390759,44601,21463,23138
68175,422570,31781,203331,22406,390789,44601,21463,23138
68180,422601,31782,203344,22406,390819,44601,21463,23138
68185,422632,31783,203356,22406,390849,44601,21463,23138
68190,422663,31784,203372,22407,390879,44601,21463,23138
68195,422694,31785,203384,22407,390909,44601,21463,23138
68200,422725,31786,203399,22407,390939,44601,21463,23138
68205,422756,31787,203409,22408,390969,44601,21463,23138
68210,422787,31789,203426,22409,390998,44601,21463,23138
68215,422818,31792,203442,22411,391025,44601,21463,23138
68220,422849,31794,203461,22413,391054,44601,21463,23138
68225,422880,31796,203479,22413,391084,44601,21463,23138
68230,422911,31799,203493,22414,391111,44601,21463,23138
68235,422942,31802,203507,22416,391139,44601,21463,23138
68240,422973,31805,203524,22417,391167,44601,21463,23138
68245,423004,31808,203544,22420,391195,44601,21463,23138
68250,423035,31811,203557,22422,391223,44601,21463,23138
68255,423066,31814,203571,22423,391251,44601,21463,23138
68260,423097,31819,203580,22425,391278,44601,21463,23138
68265,423128,31825,203597,22429,391302,44601,21463,23138
68270,423159,31829,203611,22432,391330,44601,21463,23138
68275,423190,31831,203625,22432,391358,44601,21463,23138
68280,423221,31835,203643,22435,391386,44601,21463,23138
68285,423252,31836,203657,22435,391416,44601,21463,23138
68290,423283,31838,203669,22436,391445,44601,21463,23138
68295,423314,31841,203685,22439,391472,44601,21463,23138
68300,423345,31843,203699,22440,391502,44601,21463,23138
68305,423376,31846,203708,22442,391530,44601,21463,23138
68310,423407,31849,203726,22444,391558,44601,21463,23138
68315,423438,31851,203741,22445,391587,44601,21463,23138
68320,423469,31854,203755,22447,391614,44601,21463,23138
68325,423500,31855,203767,22448,391645,44601,21463,23138
68330,423531,31857,203777,22449,391674,44601,21463,23138
68335,423562,31857,203793,22449,391705,44601,21463,23138
68340,423593,31857,203807,22449,391736,44601,21463,23138
68345,423624,31857,203822,22449,391767,44601,21463,23138
68350,423655,31857,203838,22449,391798,44601,21463,23138
68355,423686,31857,203847,22449,391829,44601,21463,23138
68360,423717,31857,203864,22449,391860,44601,21463,23138
68365,423748,31857,203880,22449,391891,44601,21463,23138
68370,423779,31857,203899,22449,391922,44601,21463,23138
68375,423810,31858,203911,22449,391952,44601,21463,23138
68380,423841,31859,203925,22449,391982,44601,21463,23138
68385,423872,31860,203939,22450,392012,44601,21463,23138
68390,423903,31862,203949,22450,392041,44601,21463,23138
68395,423934,31864,203968,22452,392070,44601,21463,23138
68400,423965,31866,203984,22453,392099,44601,21463,23138
68405,423996,31868,204000,22454,392128,44601,21463,23138
68410,424027,31870,204018,22455,392157,44601,21463,23138
68415,424058,31872,204034,22457,392186,44601,21463,23138
68420,424089,31874,204047,22459,392215,44601,21463,23138
68425,424120,31876,204065,22460,392244,44601,21463,23138
68430,424151,31878,204081,22461,392273,44601,21463,23138
68435,424182,31880,204099,22461,392302,44601,21463,23138
68440,424213,31882,204114,22462,392331,44601,21463,23138
68445,424244,31887,204130,22465,392355,44601,21463,23138
68450,424275,31895,204149,22471,392380,44601,21463,23138
68455,424306,31901,204165,22476,392405,44601,21463,23138
68460,424337,31906,204180,22478,392431,44601,21463,23138
68465,424368,31910,204191,22480,392458,44601,21463,23138
68470,424399,31913,204207,22481,392486,44601,21463,23138
68475,424430,31917,204220,22483,392513,44601,21463,23138
68480,424461,31920,204238,22486,392541,44601,21463,23138
68485,424492,31922,204251,22487,392569,44601,21463,23138
68490,424523,31925,204268,22490,392598,44601,21463,23138
68495,424554,31928,204281,22492,392625,44601,21463,23138
68500,424585,31931,204297,22493,392653,44601,21463,23138
68505,424616,31933,204309,22494,392683,44601,21463,23138
68510,424647,31935,204321,22494,392712,44601,21463,23138
68515,424678,31940,204338,22497,392737,44601,21463,23138
68520,424709,31943,204347,22498,392765,44601,21463,23138
68525,424740,31945,204364,22499,392794,44601,21463,23138
68530,424771,31947,204379,22501,392823,44601,21463,23138
68535,424802,31951,204393,22504,392850,44601,21463,23138
68540,424833,31954,204408,22506,392878,44601,21463,23138
68545,424864,31957,204426,22508,392906,44601,21463,23138
68550,424895,31957,204441,22508,392938,44601,21463,23138
68555,424926,31957,204458,22508,392968,44601,21463,23138
68560,424957,31957,204475,22508,392999,44601,21463,23138
68565,424988,31957,204489,22508,393031,44601,21463,23138
68570,425019,31958,204504,22509,393061,44601,21463,23138
68575,425050,31960,204521,22510,393089,44601,21463,23138
68580,425081,31961,204535,22510,393119,44601,21463,23138
68585,425112,31963,204542,22511,393149,44601,21463,23138
68590,425143,31964,204553,22511,393179,44601,21463,23138
68595,425174,31966,204569,22513,393208,44601,21463,23138
68600,425205,31968,204585,22514,393237,44601,21463,23138
68605,425236,31969,204601,22515,393267,44601,21463,23138
68610,425267,31970,204616,22515,393297,44601,21463,23138
68615,425298,31972,204627,22517,393326,44601,21463,23138
68620,425329,31974,204644,22518,393355,44601,21463,23138
68625,425360,31977,204662,22519,393383,44601,21463,23138
68630,425391,31979,204674,22521,393412,44601,21463,23138
68635,425422,31982,204693,22523,393440,44601,21463,23138
68640,425453,31984,204708,22524,393469,44601,21463,23138
68645,425484,31986,204721,22526,393498,44601,21463,23138
68650,425515,31989,204738,22528,393526,44601,21463,23138
68655,425546,31993,204755,22530,393553,44601,21463,23138
68660,425577,31995,204766,22532,393582,44601,21463,23138
68665,425608,31997,204786,22533,393611,44601,21463,23138
68670,425639,31999,204799,22533,393640,44601,21463,23138
68675,425670,32001,204812,22534,393669,44601,21463,23138
68680,425701,32003,204832,22535,393698,44601,21463,23138
68685,425732,32005,204846,22536,393727,44601,21463,23138
68690,425763,32007,204856,22536,393756,44601,21463,23138
68695,425794,32011,204869,22539,393782,44601,21463,23138
68700,425825,32014,204883,22540,393810,44601,21463,23138
68705,425856,32017,204900,22542,393838,44601,21463,23138
68710,425887,32020,204915,22545,393867,44601,21463,23138
68715,425918,32023,204933,22547,393894,44601,21463,23138
68720,425949,32027,204949,22550,393921,44601,21463,23138
68725,425980,32030,204961,22551,393949,44601,21463,23138
68730,426011,32034,204974,22553,393976,44601,21463,23138
68735,426042,32036,204993,22555,394005,44601,21463,23138
68740,426073,32038,205004,22556,394034,44601,21463,23138
68745,426104,32040,205015,22558,394063,44601,21463,23138
68750,426135,32044,205041,22561,394090,44601,21463,23138
68755,426166,32046,205058,22563,394118,44601,21463,23138
68760,426197,32049,205070,22565,394147,44601,21463,23138
68765,426228,32054,205088,22569,394174,44601,21463,23138
68770,426259,32057,205099,22570,394202,44601,21463,23138
68775,426290,32058,205110,22570,394232,44601,21463,23138
68780,426321,32060,205127,22572,394261,44601,21463,23138
68785,426352,32062,205141,22574,394290,44601,21463,23138
68790,426383,32064,205157,22576,394319,44601,21463,23138
68795,426414,32065,205172,22576,394349,44601,21463,23138
68800,426445,32066,205185,22576,394379,44601,21463,23138
68805,426476,32067,205200,22576,394409,44601,21463,23138
68810,426507,32068,205215,22576,394439,44601,21463,23138
68815,426538,32069,205229,22577,394469,44601,21463,23138
68820,426569,32071,205245,22579,394498,44601,21463,23138
68825,426600,32072,205257,22580,394528,44601,21463,23138
68830,426631,32073,205271,22580,394558,44601,21463,23138
68835,426662,32074,205285,22581,394588,44601,21463,23138
68840,426693,32076,205299,22581,394617,44601,21463,23138
68845,426724,32078,205315,22582,394646,44601,21463,23138
68850,426755,32080,205326,22584,394675,44601,21463,23138
68855,426786,32082,205339,22586,394704,44601,21463,23138
68860,426817,32084,205354,22587,394733,44601,21463,23138
68865,426848,32086,205371,22588,394762,44601,21463,23138
68870,426879,32089,205385,22591,394790,44601,21463,23138
68875,426910,32094,205402,22596,394816,44601,21463,23138
68880,426941,32099,205417,22599,394842,44601,21463,23138
68885,426972,32103,205429,22600,394869,44601,21463,23138
68890,427003,32107,205444,22602,394896,44601,21463,23138
68895,427034,32109,205455,22603,394925,44601,21463,23138
68900,427065,32112,205470,22604,394953,44601,21463,23138
68905,427096,32114,205482,22605,394982,44601,21463,23138
68910,427127,32116,205498,22607,395011,44601,21463,23138
68915,427158,32119,205511,22608,395039,44601,21463,23138
68920,427189,32121,205523,22609,395068,44601,21463,23138
68925,427220,32123,205534,22611,395097,44601,21463,23138
68930,427251,32126,205549,22613,395125,44601,21463,23138
68935,427282,32129,205566,22615,395152,44601,21463,23138
68940,427313,32132,205579,22616,395181,44601,21463,23138
68945,427344,32135,205594,22619,395209,44601,21463,23138
68950,427375,32138,205607,22620,395237,44601,21463,23138
68955,427406,32141,205622,22622,395265,44601,21463,23138
68960,427437,32142,205639,22622,395295,44601,21463,23138
68965,427468,32144,205653,22624,395324,44601,21463,23138
68970,427499,32145,205665,22624,395353,44601,21463,23138
68975,427530,32146,205676,22624,395384,44601,21463,23138
68980,427561,32148,205691,22626,395412,44601,21463,23138
68985,427592,32151,205708,22629,395439,44601,21463,23138
68990,427623,32154,205723,22631,395469,44601,21463,23138
68995,427654,32156,205735,22632,395497,44601,21463,23138
69000,427685,32157,205749,22633,395528,44601,21463,23138
69005,427716,32158,205762,22634,395557,44601,21463,23138
69010,427747,32160,205774,22636,395587,44601,21463,23138
69015,427778,32162,205795,22638,395615,44601,21463,23138
69020,427809,32164,205808,22640,395644,44601,21463,23138
69025,427840,32165,205824,22641,395675,44601,21463,23138
69030,427871,32166,205838,22641,395704,44601,21463,23138
69035,427902,32167,205848,22641,395735,44601,21463,23138
69040,427933,32169,205862,22643,395764,44601,21463,23138
69045,427964,32170,205872,22643,395794,44601,21463,23138
69050,427995,32172,205888,22644,395823,44601,21463,23138
69055,428026,32174,205903,22646,395851,44601,21463,23138
69060,428057,32176,205918,22647,395880,44601,21463,23138
69065,428088,32178,205934,22647,395910,44601,21463,23138
69070,428119,32180,205953,22649,395939,44601,21463,23138
69075,428150,32182,205968,22650,395968,44601,21463,23138
69080,428181,32187,205987,22654,395994,44601,21463,23138
69085,428212,32190,205998,22656,396022,44601,21463,23138
69090,428243,32191,206010,22657,396052,44601,21463,23138
69095,428274,32192,206024,22658,396081,44601,21463,23138
69100,428305,32196,206044,22661,396108,44601,21463,23138
69105,428336,32199,206061,22662,396137,44601,21463,23138
69110,428367,32201,206076,22664,396166,44601,21463,23138
69115,428398,32203,206091,22665,396195,44601,21463,23138
69120,428429,32205,206106,22667,396224,44601,21463,23138
69125,428460,32207,206122,22668,396253,44601,21463,23138
69130,428491,32209,206140,22669,396282,44601,21463,23138
69135,428522,32211,206154,22670,396310,44601,21463,23138
69140,428553,32213,206169,22671,396339,44601,21463,23138
69145,428584,32215,206184,22672,396368,44601,21463,23138
69150,428615,32217,206203,22672,396398,44601,21463,23138
69155,428646,32220,206220,22674,396426,44601,21463,23138
69160,428677,32223,206233,22676,396454,44601,21463,23138
69165,428708,32227,206252,22680,396481,44601,21463,23138
69170,428739,32230,206267,22682,396508,44601,21463,23138
69175,428770,32235,206286,22685,396535,44601,21463,23138
69180,428801,32239,206301,22688,396562,44601,21463,23138
69185,428832,32242,206313,22690,396590,44601,21463,23138
69190,428863,32244,206326,22690,396619,44601,21463,23138
69195,428894,32249,206345,22693,396644,44601,21463,23138
69200,428925,32252,206365,22694,396672,44601,21463,23138
69205,428956,32256,206376,22697,396700,44601,21463,23138
69210,428987,32258,206389,22698,396729,44601,21463,23138
69215,429018,32262,206404,22701,396755,44601,21463,23138
69220,429049,32265,206415,22703,396783,44601,21463,23138
69225,429080,32268,206431,22706,396812,44601,21463,23138
69230,429111,32270,206441,22707,396841,44601,21463,23138
69235,429142,32274,206456,22711,396867,44601,21463,23138
69240,429173,32275,206471,22712,396898,44601,21463,23138
69245,429204,32277,206479,22714,396927,44601,21463,23138
69250,429235,32279,206494,22715,396956,44601,21463,23138
69255,429266,32280,206507,22715,396986,44601,21463,23138
69260,429297,32283,206524,22718,397014,44601,21463,23138
69265,429328,32286,206540,22720,397041,44601,21463,23138
69270,429359,32287,206550,22720,397072,44601,21463,23138
69275,429390,32288,206560,22721,397101,44601,21463,23138
69280,429421,32289,206573,22722,397131,44601,21463,23138
69285,429452,32291,206585,22723,397161,44601,21463,23138
69290,429483,32291,206593,22723,397192,44601,21463,23138
69295,429514,32291,206608,22723,397222,44601,21463,23138
69300,429545,32292,206624,22724,397252,44601,21463,23138
69305,429576,32293,206637,22725,397283,44601,21463,23138
69310,429607,32294,206650,22725,397313,44601,21463,23138
69315,429638,32295,206659,22725,397343,44601,21463,23138
69320,429669,32296,206671,22725,397373,44601,21463,23138
69325,429700,32297,206683,22725,397403,44601,21463,23138
69330,429731,32298,206698,22725,397433,44601,21463,23138
69335,429762,32299,206718,22725,397463,44601,21463,23138
69340,429793,32300,206732,22725,397493,44601,21463,23138
69345,429824,32303,206744,22728,397520,44601,21463,23138
69350,429855,32308,206759,22732,397546,44601,21463,23138
69355,429886,32312,206773,22735,397572,44601,21463,23138
69360,429917,32316,206787,22738,397601,44601,21463,23138
69365,429948,32318,206807,22738,397630,44601,21463,23138
69370,429979,32321,206817,22740,397658,44601,21463,23138
69375,430010,32324,206834,22741,397686,44601,21463,23138
69380,430041,32327,206850,22743,397714,44601,21463,23138
69385,430072,32330,206865,22745,397742,44601,21463,23138
69390,430103,32332,206882,22745,397771,44601,21463,23138
69395,430134,32335,206897,22747,397799,44601,21463,23138
69400,430165,32339,206913,22750,397826,44601,21463,23138
69405,430196,32342,206928,22752,397854,44601,21463,23138
69410,430227,32346,206935,22754,397881,44601,21463,23138
69415,430258,32349,206949,22757,397909,44601,21463,23138
69420,430289,32351,206962,22757,397937,44601,21463,23138
69425,430320,32353,206980,22758,397967,44601,21463,23138
69430,430351,32355,206993,22758,397996,44601,21463,23138
69435,430382,32357,207009,22759,398025,44601,21463,23138
69440,430413,32359,207024,22760,398054,44601,21463,23138
69445,430444,32361,207043,22761,398083,44601,21463,23138
69450,430475,32363,207056,22763,398112,44601,21463,23138
69455,430506,32365,207071,22764,398141,44601,21463,23138
69460,430537,32368,207084,22766,398169,44601,21463,23138
69465,430568,32372,207099,22769,398196,44601,21463,23138
69470,430599,32376,207112,22771,398223,44601,21463,23138
69475,430630,32379,207130,22773,398250,44601,21463,23138
69480,430661,32384,207142,22776,398276,44601,21463,23138
69485,430692,32390,207157,22781,398302,44601,21463,23138
69490,430723,32393,207176,22784,398330,44601,21463,23138
69495,430754,32396,207193,22786,398358,44601,21463,23138
69500,430785,32398,207208,22787,398387,44601,21463,23138
69505,430816,32398,207224,22787,398418,44601,21463,23138
69510,430847,32398,207244,22787,398449,44601,21463,23138
69515,430878,32398,207260,22787,398480,44601,21463,23138
69520,430909,32399,207276,22788,398510,44601,21463,23138
69525,430940,32400,207292,22788,398540,44601,21463,23138
69530,430971,32401,207309,22789,398568,44601,21463,23138
69535,431002,32402,207319,22789,398599,44601,21463,23138
69540,431033,32403,207335,22790,398630,44601,21463,23138
69545,431064,32404,207353,22791,398660,44601,21463,23138
69550,431095,32405,207370,22792,398689,44601,21463,23138
69555,431126,32406,207383,22792,398719,44601,21463,23138
69560,431157,32409,207399,22795,398747,44601,21463,23138
69565,431188,32411,207417,22797,398777,44601,21463,23138
69570,431219,32412,207430,22797,398806,44601,21463,23138
69575,431250,32413,207446,22797,398836,44601,21463,23138
69580,431281,32415,207460,22799,398866,44601,21463,23138
69585,431312,32417,207477,22801,398894,44601,21463,23138
69590,431343,32419,207494,22802,398923,44601,21463,23138
69595,431374,32423,207511,22805,398951,44601,21463,23138
69600,431405,32425,207528,22806,398980,44601,21463,23138
69605,431436,32427,207546,22808,399009,44601,21463,23138
69610,431467,32430,207556,22809,399037,44601,21463,23138
69615,431498,32434,207573,22813,399064,44601,21463,23138
69620,431529,32437,207584,22814,399092,44601,21463,23138
69625,431560,32440,207601,22816,399120,44601,21463,23138
69630,431591,32443,207620,22817,399148,44601,21463,23138
69635,431622,32446,207636,22818,399176,44601,21463,23138
69640,431653,32448,207653,22818,399205,44601,21463,23138
69645,431684,32451,207666,22820,399233,44601,21463,23138
69650,431715,32456,207683,22825,399258,44601,21463,23138
69655,431746,32461,207701,22830,399284,44601,21463,23138
69660,431777,32466,207717,22835,399310,44601,21463,23138
69665,431808,32469,207736,22838,399339,44601,21463,23138
69670,431839,32470,207752,22838,399369,44601,21463,23138
69675,431870,32471,207765,22838,399399,44601,21463,23138
69680,431901,32473,207778,22840,399428,44601,21463,23138
69685,431932,32475,207797,22841,399456,44601,21463,23138
69690,431963,32477,207811,22843,399485,44601,21463,23138
69695,431994,32481,207829,22847,399513,44601,21463,23138
69700,432025,32481,207849,22847,399543,44601,21463,23138
69705,432056,32481,207860,22847,399573,44601,21463,23138
69710,432087,32481,207878,22847,399605,44601,21463,23138
69715,432118,32482,207891,22847,399636,44601,21463,23138
69720,432149,32483,207904,22847,399665,44601,21463,23138
69725,432180,32484,207913,22847,399696,44601,21463,23138
69730,432211,32485,207924,22848,399726,44601,21463,23138
69735,432242,32486,207939,22848,399755,44601,21463,23138
69740,432273,32487,207956,22848,399785,44601,21463,23138
69745,432304,32488,207976,22848,399816,44601,21463,23138
69750,432335,32489,207985,22848,399846,44601,21463,23138
69755,432366,32490,208002,22848,399875,44601,21463,23138
69760,432397,32491,208008,22848,399906,44601,21463,23138
69765,432428,32492,208023,22848,399935,44601,21463,23138
69770,432459,32495,208031,22849,399964,44601,21463,23138
69775,432490,32497,208044,22849,399992,44601,21463,23138
69780,432521,32499,208060,22850,400022,44601,21463,23138
69785,432552,32501,208073,22852,400050,44601,21463,23138
69790,432583,32503,208084,22853,400079,44601,21463,23138
69795,432614,32506,208101,22854,400108,44601,21463,23138
69800,432645,32510,208116,22857,400135,44601,21463,23138
69805,432676,32514,208132,22861,400161,44601,21463,23138
69810,432707,32518,208141,22863,400188,44601,21463,23138
69815,432738,32524,208160,22867,400212,44601,21463,23138
69820,432769,32530,208177,22873,400238,44601,21463,23138
69825,432800,32538,208189,22880,400262,44601,21463,23138
69830,432831,32542,208204,22882,400288,44601,21463,23138
69835,432862,32547,208221,22886,400315,44601,21463,23138
69840,432893,32553,208236,22891,400340,44601,21463,23138
69845,432924,32558,208251,22895,400366,44601,21463,23138
69850,432955,32562,208263,22897,400393,44601,21463,23138
69855,432986,32565,208279,22899,400421,44601,21463,23138
69860,433017,32566,208293,22899,400451,44601,21463,23138
69865,433048,32568,208307,22901,400480,44601,21463,23138
69870,433079,32570,208319,22902,400509,44601,21463,23138
69875,433110,32572,208337,22904,400538,44601,21463,23138
69880,433141,32573,208351,22904,400568,44601,21463,23138
69885,433172,32574,208366,22905,400598,44601,21463,23138
69890,433203,32574,208379,22905,400628,44601,21463,23138
69895,433234,32574,208393,22905,400659,44601,21463,23138
69900,433265,32574,208406,22905,400691,44601,21463,23138
69905,433296,32574,208421,22905,400722,44601,21463,23138
69910,433327,32574,208432,22905,400752,44601,21463,23138
69915,433358,32574,208454,22905,400784,44601,21463,23138
69920,433389,32574,208465,22905,400815,44601,21463,23138
69925,433420,32574,208479,22905,400846,44601,21463,23138
69930,433451,32574,208493,22905,400877,44601,21463,23138
69935,433482,32574,208510,22905,400908,44601,21463,23138
69940,433513,32574,208526,22905,400938,44601,21463,23138
69945,433544,32574,208535,22905,400970,44601,21463,23138
69950,433575,32575,208555,22905,400999,44601,21463,23138
69955,433606,32576,208569,22905,401030,44601,21463,23138
69960,433637,32577,208584,22906,401060,44601,21463,23138
69965,433668,32578,208602,22907,401088,44601,21463,23138
69970,433699,32582,208619,22910,401116,44601,21463,23138
69975,433730,32585,208634,22912,401145,44601,21463,23138
69980,433761,32588,208647,22914,401172,44601,21463,23138
69985,433792,32593,208666,22919,401198,44601,21463,23138
69990,433823,32596,208684,22921,401226,44601,21463,23138
69995,433854,32601,208697,22925,401252,44601,21463,23138
70000,433885,32605,208710,22927,401280,44601,21463,23138
70005,433916,32608,208722,22929,401307,44601,21463,23138
70010,433947,32613,208738,22932,401334,44601,21463,23138
70015,433978,32617,208752,22934,401360,44601,21463,23138
70020,434009,32624,208769,22940,401384,44601,21463,23138
70025,434040,32628,208784,22944,401412,44601,21463,23138
70030,434071,32632,208801,22947,401438,44601,21463,23138
70035,434102,32634,208816,22949,401468,44601,21463,23138
70040,434133,32638,208828,22952,401495,44601,21463,23138
70045,434164,32642,208843,22956,401522,44601,21463,23138
70050,434195,32643,208859,22957,401552,44601,21463,23138
70055,434226,32644,208875,22957,401581,44601,21463,23138
70060,434257,32645,208889,22958,401611,44601,21463,23138
70065,434288,32646,208902,22959,401641,44601,21463,23138
70070,434319,32648,208916,22961,401671,44601,21463,23138
70075,434350,32649,208932,22962,401700,44601,21463,23138
70080,434381,32651,208953,22964,401729,44601,21463,23138
70085,434412,32653,208970,22966,401759,44601,21463,23138
70090,434443,32654,208980,22966,401789,44601,21463,23138
70095,434474,32655,208993,22966,401819,44601,21463,23138
70100,434505,32658,209009,22968,401847,44601,21463,23138
70105,434536,32661,209023,22970,401875,44601,21463,23138
70110,434567,32663,209035,22971,401904,44601,21463,23138
70115,434598,32665,209050,22972,401933,44601,21463,23138
70120,434629,32666,209068,22973,401963,44601,21463,23138
70125,434660,32666,209080,22973,401994,44601,21463,23138
70130,434691,32667,209094,22974,402024,44601,21463,23138
70135,434722,32668,209109,22974,402054,44601,21463,23138
70140,434753,32669,209118,22974,402084,44601,21463,23138
70145,434784,32670,209134,22975,402114,44601,21463,23138
70150,434815,32671,209146,22976,402144,44601,21463,23138
70155,434846,32674,209163,22979,402172,44601,21463,23138
70160,434877,32676,209174,22980,402201,44601,21463,23138
70165,434908,32678,209186,22980,402230,44601,21463,23138
70170,434939,32681,209203,22983,402258,44601,21463,23138
70175,434970,32684,209220,22984,402286,44601,21463,23138
70180,435001,32686,209236,22985,402315,44601,21463,23138
70185,435032,32690,209257,22989,402342,44601,21463,23138
70190,435063,32692,209267,22989,402371,44601,21463,23138
70195,435094,32696,209282,22993,402398,44601,21463,23138
70200,435125,32701,209294,22996,402424,44601,21463,23138
70205,435156,32703,209304,22997,402453,44601,21463,23138
70210,435187,32706,209317,22998,402481,44601,21463,23138
70215,435218,32713,209329,23003,402505,44601,21463,23138
70220,435249,32717,209341,23005,402531,44601,21463,23138
70225,435280,32721,209357,23008,402558,44601,21463,23138
70230,435311,32724,209373,23010,402586,44601,21463,23138
70235,435342,32728,209391,23013,402613,44601,21463,23138
70240,435373,32729,209404,23014,402643,44601,21463,23138
70245,435404,32731,209416,23015,402673,44601,21463,23138
70250,435435,32733,209429,23017,402702,44601,21463,23138
70255,435466,32734,209441,23018,402732,44601,21463,23138
70260,435497,32737,209462,23020,402759,44601,21463,23138
70265,435528,32739,209478,23021,402788,44601,21463,23138
70270,435559,32742,209495,23024,402817,44601,21463,23138
70275,435590,32744,209513,23026,402845,44601,21463,23138
70280,435621,32747,209529,23028,402873,44601,21463,23138
70285,435652,32749,209541,23030,402902,44601,21463,23138
70290,435683,32750,209556,23031,402932,44601,21463,23138
70295,435714,32750,209573,23031,402963,44601,21463,23138
70300,435745,32750,209587,23031,402995,44601,21463,23138
70305,435776,32750,209599,23031,403026,44601,21463,23138
70310,435807,32750,209619,23031,403057,44601,21463,23138
70315,435838,32750,209637,23031,403088,44601,21463,23138
70320,435869,32750,209654,23031,403119,44601,21463,23138
70325,435900,32750,209669,23031,403150,44601,21463,23138
70330,435931,32751,209684,23032,403180,44601,21463,23138
70335,435962,32752,209698,23032,403210,44601,21463,23138
70340,435993,32754,209717,23034,403239,44601,21463,23138
70345,436024,32757,209734,23036,403267,44601,21463,23138
70350,436055,32760,209753,23038,403295,44601,21463,23138
70355,436086,32763,209768,23041,403323,44601,21463,23138
70360,436117,32765,209780,23042,403352,44601,21463,23138
70365,436148,32769,209798,23045,403379,44601,21463,23138
70370,436179,32773,209810,23047,403406,44601,21463,23138
70375,436210,32778,209824,23050,403432,44601,21463,23138
70380,436241,32781,209841,23052,403460,44601,21463,23138
70385,436272,32786,209854,23057,403486,44601,21463,23138
70390,436303,32792,209872,23062,403511,44601,21463,23138
70395,436334,32795,209883,23063,403539,44601,21463,23138
70400,436365,32799,209901,23067,403565,44601,21463,23138
70405,436396,32803,209919,23070,403593,44601,21463,23138
70410,436427,32806,209932,23073,403621,44601,21463,23138
70415,436458,32809,209945,23075,403649,44601,21463,23138
70420,436489,32810,209961,23075,403679,44601,21463,23138
70425,436520,32811,209978,23076,403708,44601,21463,23138
70430,436551,32813,209997,23077,403736,44601,21463,23138
70435,436582,32814,210017,23077,403767,44601,21463,23138
70440,436613,32817,210033,23080,403795,44601,21463,23138
70445,436644,32820,210046,23082,403823,44601,21463,23138
70450,436675,32823,210059,23084,403852,44601,21463,23138
70455,436706,32825,210076,23086,403880,44601,21463,23138
70460,436737,32827,210094,23087,403909,44601,21463,23138
70465,436768,32829,210109,23089,403939,44601,21463,23138
70470,436799,32831,210126,23091,403968,44601,21463,23138
70475,436830,32832,210142,23091,403998,44601,21463,23138
70480,436861,32833,210155,23092,404028,44601,21463,23138
70485,436892,32834,210168,23093,404057,44601,21463,23138
70490,436923,32834,210187,23093,404088,44601,21463,23138
70495,436954,32834,210201,23093,404119,44601,21463,23138
70500,436985,32834,210217,23093,404151,44601,21463,23138
70505,437016,32834,210230,23093,404181,44601,21463,23138
70510,437047,32835,210247,23093,404212,44601,21463,23138
70515,437078,32836,210262,23094,404241,44601,21463,23138
70520,437109,32837,210279,23094,404271,44601,21463,23138
70525,437140,32839,210293,23096,404301,44601,21463,23138
70530,437171,32841,210306,23097,404330,44601,21463,23138
70535,437202,32843,210321,23098,404359,44601,21463,23138
70540,437233,32846,210336,23100,404387,44601,21463,23138
70545,437264,32850,210351,23103,404414,44601,21463,23138
70550,437295,32855,210367,23106,404440,44601,21463,23138
70555,437326,32860,210388,23110,404466,44601,21463,23138
70560,437357,32863,210402,23112,404494,44601,21463,23138
70565,437388,32866,210416,23114,404522,44601,21463,23138
70570,437419,32869,210433,23116,404550,44601,21463,23138
70575,437450,32872,210453,23119,404578,44601,21463,23138
70580,437481,32877,210470,23124,404604,44601,21463,23138
70585,437512,32882,210487,23129,404630,44601,21463,23138
70590,437543,32885,210503,23132,404658,44601,21463,23138
70595,437574,32889,210521,23134,404685,44601,21463,23138
70600,437605,32892,210537,23136,404713,44601,21463,23138
70605,437636,32895,210550,23138,404740,44601,21463,23138
70610,437667,32896,210568,23138,404770,44601,21463,23138
70615,437698,32897,210580,23139,404801,44601,21463,23138
70620,437729,32899,210596,23140,404829,44601,21463,23138
70625,437760,32901,210614,23142,404857,44601,21463,23138
70630,437791,32903,210631,23143,404887,44601,21463,23138
70635,437822,32905,210648,23144,404917,44601,21463,23138
70640,437853,32907,210661,23145,404946,44601,21463,23138
70645,437884,32908,210677,23145,404975,44601,21463,23138
70650,437915,32909,210694,23145,405005,44601,21463,23138
70655,437946,32911,210713,23146,405034,44601,21463,23138
70660,437977,32912,210727,23146,405064,44601,21463,23138
70665,438008,32913,210743,23146,405095,44601,21463,23138
70670,438039,32915,210757,23147,405123,44601,21463,23138
70675,438070,32917,210772,23148,405152,44601,21463,23138
70680,438101,32919,210786,23150,405182,44601,21463,23138
70685,438132,32920,210799,23150,405212,44601,21463,23138
70690,438163,32922,210815,23152,405240,44601,21463,23138
70695,438194,32925,210829,23154,405269,44601,21463,23138
70700,438225,32927,210839,23155,405297,44601,21463,23138
70705,438256,32930,210854,23158,405325,44601,21463,23138
70710,438287,32931,210868,23159,405356,44601,21463,23138
70715,438318,32934,210886,23162,405384,44601,21463,23138
70720,438349,32938,210902,23165,405410,44601,21463,23138
70725,438380,32940,210918,23166,405439,44601,21463,23138
70730,438411,32943,210931,23167,405468,44601,21463,23138
70735,438442,32946,210946,23170,405495,44601,21463,23138
70740,438473,32950,210962,23172,405522,44601,21463,23138
70745,438504,32953,210975,23175,405551,44601,21463,23138
70750,438535,32956,210991,23178,405579,44601,21463,23138
70755,438566,32961,211009,23183,405604,44601,21463,23138
70760,438597,32967,211028,23189,405629,44601,21463,23138
70765,438628,32973,211042,23194,405655,44601,21463,23138
70770,438659,32974,211055,23194,405684,44601,21463,23138
70775,438690,32976,211070,23195,405713,44601,21463,23138
70780,438721,32978,211082,23196,405743,44601,21463,23138
70785,438752,32981,211096,23199,405770,44601,21463,23138
70790,438783,32981,211112,23199,405801,44601,21463,23138
70795,438814,32981,211130,23199,405832,44601,21463,23138
70800,438845,32981,211144,23199,405864,44601,21463,23138
70805,438876,32981,211161,23199,405895,44601,21463,23138
70810,438907,32982,211175,23199,405925,44601,21463,23138
70815,438938,32983,211195,23200,405955,44601,21463,23138
70820,438969,32984,211210,23200,405985,44601,21463,23138
70825,439000,32985,211225,23200,406015,44601,21463,23138
70830,439031,32986,211244,23201,406045,44601,21463,23138
70835,439062,32987,211259,23202,406075,44601,21463,23138
70840,439093,32988,211277,23203,406105,44601,21463,23138
70845,439124,32989,211295,23204,406134,44601,21463,23138
70850,439155,32990,211305,23204,406165,44601,21463,23138
70855,439186,32991,211318,23205,406194,44601,21463,23138
70860,439217,32992,211338,23206,406224,44601,21463,23138
70865,439248,32993,211348,23206,406254,44601,21463,23138
70870,439279,32994,211365,23207,406284,44601,21463,23138
70875,439310,32996,211380,23207,406313,44601,21463,23138
70880,439341,32999,211397,23209,406342,44601,21463,23138
70885,439372,33001,211412,23210,406371,44601,21463,23138
70890,439403,33003,211429,23212,406400,44601,21463,23138
70895,439434,33006,211445,23213,406427,44601,21463,23138
70900,439465,33011,211466,23218,406453,44601,21463,23138
70905,439496,33017,211483,23222,406479,44601,21463,23138
70910,439527,33023,211489,23225,406504,44601,21463,23138
70915,439558,33031,211506,23232,406525,44601,21463,23138
70920,439589,33038,211515,23237,406551,44601,21463,23138
70925,439620,33043,211529,23241,406576,44601,21463,23138
70930,439651,33052,211544,23248,406597,44601,21463,23138
70935,439682,33058,211559,23253,406624,44601,21463,23138
70940,439713,33061,211573,23255,406652,44601,21463,23138
70945,439744,33063,211590,23257,406680,44601,21463,23138
70950,439775,33065,211604,23259,406709,44601,21463,23138
70955,439806,33066,211621,23260,406740,44601,21463,23138
70960,439837,33066,211633,23260,406771,44601,21463,23138
70965,439868,33066,211649,23260,406802,44601,21463,23138
70970,439899,33066,211666,23260,406833,44601,21463,23138
70975,439930,33066,211682,23260,406864,44601,21463,23138
70980,439961,33066,211698,23260,406895,44601,21463,23138
70985,439992,33066,211711,23260,406925,44601,21463,23138
70990,440023,33066,211728,23260,406957,44601,21463,23138
70995,440054,33066,211735,23260,406988,44601,21463,23138
71000,440085,33066,211752,23260,407019,44601,21463,23138
71005,440116,33066,211768,23260,407050,44601,21463,23138
71010,440147,33066,211782,23260,407081,44601,21463,23138
71015,440178,33066,211799,23260,407112,44601,21463,23138
71020,440209,33066,211819,23260,407143,44601,21463,23138
71025,440240,33066,211829,23260,407174,44601,21463,23138
71030,440271,33066,211846,23260,407205,44601,21463,23138
71035,440302,33066,211856,23260,407236,44601,21463,23138
71040,440333,33067,211870,23260,407266,44601,21463,23138
71045,440364,33069,211887,23260,407295,44601,21463,23138
71050,440395,33071,211900,23260,407324,44601,21463,23138
71055,440426,33073,211917,23261,407353,44601,21463,23138
71060,440457,33076,211935,23263,407380,44601,21463,23138
71065,440488,33079,211948,23263,407408,44601,21463,23138
71070,440519,33082,211965,23264,407437,44601,21463,23138
71075,440550,33085,211986,23267,407464,44601,21463,23138
71080,440581,33088,211999,23270,407493,44601,21463,23138
71085,440612,33093,212013,23274,407519,44601,21463,23138
71090,440643,33097,212032,23278,407545,44601,21463,23138
71095,440674,33101,212046,23280,407572,44601,21463,23138
71100,440705,33104,212052,23281,407600,44601,21463,23138
71105,440736,33114,212070,23290,407621,44601,21463,23138
71110,440767,33121,212084,23295,407646,44601,21463,23138
71115,440798,33128,212096,23301,407670,44601,21463,23138
71120,440829,33135,212111,23307,407693,44601,21463,23138
71125,440860,33140,212128,23311,407719,44601,21463,23138
71130,440891,33145,212145,23314,407745,44601,21463,23138
71135,440922,33151,212162,23320,407771,44601,21463,23138
71140,440953,33154,212180,23323,407798,44601,21463,23138
71145,440984,33156,212193,23324,407827,44601,21463,23138
71150,441015,33156,212209,23324,407859,44601,21463,23138
71155,441046,33156,212226,23324,407889,44601,21463,23138
71160,441077,33156,212238,23324,407920,44601,21463,23138
71165,441108,33156,212259,23324,407952,44601,21463,23138
71170,441139,33156,212274,23324,407983,44601,21463,23138
71175,441170,33156,212289,23324,408014,44601,21463,23138
71180,441201,33156,212303,23324,408045,44601,21463,23138
71185,441232,33156,212316,23324,408076,44601,21463,23138
71190,441263,33156,212333,23324,408107,44601,21463,23138
71195,441294,33156,212346,23324,408138,44601,21463,23138
71200,441325,33156,212358,23324,408169,44601,21463,23138
71205,441356,33156,212375,23324,408200,44601,21463,23138
71210,441387,33156,212391,23324,408231,44601,21463,23138
71215,441418,33156,212406,23324,408262,44601,21463,23138
71220,441449,33156,212422,23324,408293,44601,21463,23138
71225,441480,33156,212439,23324,408324,44601,21463,23138
71230,441511,33156,212453,23324,408355,44601,21463,23138
71235,441542,33158,212469,23326,408384,44601,21463,23138
71240,441573,33160,212487,23328,408412,44601,21463,23138
71245,441604,33163,212502,23329,408440,44601,21463,23138
71250,441635,33166,212518,23332,408469,44601,21463,23138
71255,441666,33168,212532,23333,408498,44601,21463,23138
71260,441697,33173,212549,23337,408524,44601,21463,23138
71265,441728,33177,212563,23339,408551,44601,21463,23138
71270,441759,33180,212575,23339,408578,44601,21463,23138
71275,441790,33185,212585,23341,408604,44601,21463,23138
71280,441821,33189,212600,23344,408632,44601,21463,23138
71285,441852,33194,212615,23348,408657,44601,21463,23138
71290,441883,33199,212630,23350,408684,44601,21463,23138
71295,441914,33203,212643,23353,408711,44601,21463,23138
71300,441945,33207,212659,23355,408738,44601,21463,23138
71305,441976,33211,212673,23357,408765,44601,21463,23138
71310,442007,33217,212686,23361,408790,44601,21463,23138
71315,442038,33223,212702,23367,408815,44601,21463,23138
71320,442069,33227,212715,23370,408842,44601,21463,23138
71325,442100,33232,212734,23373,408867,44601,21463,23138
71330,442131,33237,212751,23377,408894,44601,21463,23138
71335,442162,33241,212767,23379,408920,44601,21463,23138
71340,442193,33243,212777,23380,408950,44601,21463,23138
71345,442224,33245,212791,23381,408979,44601,21463,23138
71350,442255,33247,212804,23382,409008,44601,21463,23138
71355,442286,33249,212817,23384,409036,44601,21463,23138
71360,442317,33249,212831,23384,409067,44601,21463,23138
71365,442348,33249,212846,23384,409098,44601,21463,23138
71370,442379,33249,212862,23384,409129,44601,21463,23138
71375,442410,33249,212878,23384,409161,44601,21463,23138
71380,442441,33249,212893,23384,409192,44601,21463,23138
71385,442472,33249,212907,23384,409223,44601,21463,23138
71390,442503,33249,212924,23384,409254,44601,21463,23138
71395,442534,33249,212939,23384,409285,44601,21463,23138
71400,442565,33249,212951,23384,409316,44601,21463,23138
71405,442596,33249,212968,23384,409347,44601,21463,23138
71410,442627,33249,212980,23384,409378,44601,21463,23138
71415,442658,33249,212991,23384,409409,44601,21463,23138
71420,442689,33249,213003,23384,409440,44601,21463,23138
71425,442720,33249,213021,23384,409471,44601,21463,23138
71430,442751,33249,213030,23384,409502,44601,21463,23138
71435,442782,33250,213045,23385,409532,44601,21463,23138
71440,442813,33252,213064,23387,409561,44601,21463,23138
71445,442844,33254,213077,23388,409590,44601,21463,23138
71450,442875,33256,213095,23389,409619,44601,21463,23138
71455,442906,33258,213107,23389,409648,44601,21463,23138
71460,442937,33261,213122,23390,409675,44601,21463,23138
71465,442968,33267,213138,23395,409701,44601,21463,23138
71470,442999,33272,213151,23399,409727,44601,21463,23138
71475,443030,33277,213168,23403,409753,44601,21463,23138
71480,443061,33281,213180,23405,409780,44601,21463,23138
71485,443092,33287,213198,23408,409805,44601,21463,23138
71490,443123,33293,213213,23413,409830,44601,21463,23138
71495,443154,33297,213224,23414,409857,44601,21463,23138
71500,443185,33299,213238,23415,409886,44601,21463,23138
71505,443216,33303,213253,23419,409912,44601,21463,23138
71510,443247,33306,213268,23421,409941,44601,21463,23138
71515,443278,33309,213278,23423,409969,44601,21463,23138
71520,443309,33312,213290,23426,409997,44601,21463,23138
71525,443340,33316,213307,23429,410024,44601,21463,23138
71530,443371,33320,213321,23433,410051,44601,21463,23138
71535,443402,33324,213338,23437,410078,44601,21463,23138
71540,443433,33328,213358,23441,410105,44601,21463,23138
71545,443464,33330,213373,23443,410134,44601,21463,23138
71550,443495,33332,213395,23445,410163,44601,21463,23138
71555,443526,33333,213405,23446,410193,44601,21463,23138
71560,443557,33334,213418,23447,410223,44601,21463,23138
71565,443588,33336,213433,23449,410252,44601,21463,23138
71570,443619,33337,213443,23450,410282,44601,21463,23138
71575,443650,33338,213455,23451,410312,44601,21463,23138
71580,443681,33340,213471,23452,410341,44601,21463,23138
71585,443712,33340,213485,23452,410372,44601,21463,23138
71590,443743,33340,213501,23452,410402,44601,21463,23138
71595,443774,33340,213513,23452,410434,44601,21463,23138
71600,443805,33340,213527,23452,410465,44601,21463,23138
71605,443836,33342,213539,23453,410494,44601,21463,23138
71610,443867,33344,213552,23454,410523,44601,21463,23138
71615,443898,33346,213568,23455,410552,44601,21463,23138
71620,443929,33347,213587,23455,410582,44601,21463,23138
71625,443960,33349,213602,23456,410610,44601,21463,23138
71630,443991,33353,213615,23459,410638,44601,21463,23138
71635,444022,33355,213624,23461,410667,44601,21463,23138
71640,444053,33358,213636,23464,410694,44601,21463,23138
71645,444084,33361,213653,23467,410722,44601,21463,23138
71650,444115,33365,213668,23471,410750,44601,21463,23138
71655,444146,33367,213684,23472,410778,44601,21463,23138
71660,444177,33369,213697,23473,410808,44601,21463,23138
71665,444208,33371,213713,23475,410836,44601,21463,23138
71670,444239,33372,213726,23475,410867,44601,21463,23138
71675,444270,33373,213739,23475,410897,44601,21463,23138
71680,444301,33375,213753,23477,410926,44601,21463,23138
71685,444332,33378,213765,23478,410954,44601,21463,23138
71690,444363,33381,213779,23480,410982,44601,21463,23138
71695,444394,33385,213788,23482,411009,44601,21463,23138
71700,444425,33390,213808,23485,411035,44601,21463,23138
71705,444456,33391,213822,23485,411065,44601,21463,23138
71710,444487,33392,213835,23485,411095,44601,21463,23138
71715,444518,33393,213851,23486,411124,44601,21463,23138
71720,444549,33394,213862,23486,411155,44601,21463,23138
71725,444580,33395,213876,23486,411184,44601,21463,23138
71730,444611,33396,213888,23487,411215,44601,21463,23138
71735,444642,33397,213907,23487,411244,44601,21463,23138
71740,444673,33398,213922,23488,411274,44601,21463,23138
71745,444704,33399,213933,23488,411305,44601,21463,23138
71750,444735,33400,213945,23488,411334,44601,21463,23138
71755,444766,33402,213964,23489,411363,44601,21463,23138
71760,444797,33404,213982,23490,411392,44601,21463,23138
71765,444828,33406,213995,23492,411422,44601,21463,23138
71770,444859,33408,214006,23493,411451,44601,21463,23138
71775,444890,33412,214019,23495,411478,44601,21463,23138
71780,444921,33415,214034,23498,411506,44601,21463,23138
71785,444952,33418,214050,23500,411534,44601,21463,23138
71790,444983,33420,214065,23500,411563,44601,21463,23138
71795,445014,33423,214081,23503,411591,44601,21463,23138
71800,445045,33426,214095,23504,411619,44601,21463,23138
71805,445076,33430,214111,23507,411646,44601,21463,23138
71810,445107,33436,214124,23512,411671,44601,21463,23138
71815,445138,33444,214141,23519,411694,44601,21463,23138
71820,445169,33446,214158,23519,411723,44601,21463,23138
71825,445200,33448,214169,23520,411752,44601,21463,23138
71830,445231,33450,214186,23521,411781,44601,21463,23138
71835,445262,33453,214201,23523,411809,44601,21463,23138
71840,445293,33457,214215,23526,411836,44601,21463,23138
71845,445324,33459,214228,23528,411864,44601,21463,23138
71850,445355,33466,214245,23533,411889,44601,21463,23138
71855,445386,33471,214260,23537,411915,44601,21463,23138
71860,445417,33475,214274,23540,411941,44601,21463,23138
71865,445448,33480,214288,23543,411967,44601,21463,23138
71870,445479,33481,214304,23544,411997,44601,21463,23138
71875,445510,33482,214321,23544,412027,44601,21463,23138
71880,445541,33484,214334,23546,412057,44601,21463,23138
71885,445572,33485,214348,23547,412087,44601,21463,23138
71890,445603,33486,214360,23547,412117,44601,21463,23138
71895,445634,33487,214374,23547,412146,44601,21463,23138
71900,445665,33489,214388,23549,412175,44601,21463,23138
71905,445696,33489,214402,23549,412207,44601,21463,23138
71910,445727,33489,214422,23549,412238,44601,21463,23138
71915,445758,33489,214437,23549,412269,44601,21463,23138
71920,445789,33489,214453,23549,412299,44601,21463,23138
71925,445820,33489,214470,23549,412330,44601,21463,23138
71930,445851,33490,214480,23550,412360,44601,21463,23138
71935,445882,33491,214494,23550,412390,44601,21463,23138
71940,445913,33492,214512,23550,412420,44601,21463,23138
71945,445944,33493,214529,23550,412450,44601,21463,23138
71950,445975,33494,214543,23550,412481,44601,21463,23138
71955,446006,33495,214556,23551,412511,44601,21463,23138
71960,446037,33496,214571,23552,412541,44601,21463,23138
71965,446068,33497,214587,23553,412571,44601,21463,23138
71970,446099,33498,214607,23553,412600,44601,21463,23138
71975,446130,33502,214621,23557,412628,44601,21463,23138
71980,446161,33506,214633,23560,412655,44601,21463,23138
71985,446192,33510,214651,23564,412682,44601,21463,23138
71990,446223,33513,214667,23566,412710,44601,21463,23138
71995,446254,33516,214675,23567,412738,44601,21463,23138
72000,446285,33518,214691,23569,412767,44601,21463,23138
72005,446316,33521,214700,23571,412795,44601,21463,23138
72010,446347,33525,214717,23575,412822,44601,21463,23138
72015,446378,33529,214730,23579,412848,44601,21463,23138
72020,446409,33534,214750,23583,412875,44601,21463,23138
72025,446440,33537,214766,23585,412903,44601,21463,23138
72030,446471,33539,214785,23587,412932,44601,21463,23138
72035,446502,33541,214805,23588,412961,44601,21463,23138
72040,446533,33544,214822,23590,412989,44601,21463,23138
72045,446564,33546,214839,23592,413018,44601,21463,23138
72050,446595,33550,214853,23594,413044,44601,21463,23138
72055,446626,33555,214863,23599,413070,44601,21463,23138
72060,446657,33560,214879,23603,413097,44601,21463,23138
72065,446688,33563,214897,23605,413125,44601,21463,23138
72070,446719,33567,214910,23608,413152,44601,21463,23138
72075,446750,33570,214929,23611,413180,44601,21463,23138
72080,446781,33571,214942,23611,413210,44601,21463,23138
72085,446812,33572,214958,23612,413240,44601,21463,23138
72090,446843,33573,214975,23613,413270,44601,21463,23138
72095,446874,33574,214984,23613,413300,44601,21463,23138
72100,446905,33575,215004,23613,413330,44601,21463,23138
72105,446936,33576,215017,23613,413360,44601,21463,23138
72110,446967,33577,215030,23614,413390,44601,21463,23138
72115,446998,33578,215047,23615,413420,44601,21463,23138
72120,447029,33579,215062,23616,413450,44601,21463,23138
72125,447060,33581,215075,23616,413479,44601,21463,23138
72130,447091,33585,215088,23618,413506,44601,21463,23138
72135,447122,33587,215103,23620,413535,44601,21463,23138
72140,447153,33590,215121,23622,413563,44601,21463,23138
72145,447184,33593,215135,23623,413591,44601,21463,23138
72150,447215,33595,215146,23623,413620,44601,21463,23138
72155,447246,33598,215163,23625,413648,44601,21463,23138
72160,447277,33601,215179,23627,413676,44601,21463,23138
72165,447308,33602,215197,23628,413706,44601,21463,23138
72170,447339,33603,215211,23629,413736,44601,21463,23138
72175,447370,33606,215229,23632,413764,44601,21463,23138
72180,447401,33607,215241,23633,413794,44601,21463,23138
72185,447432,33611,215264,23635,413819,44601,21463,23138
72190,447463,33616,215275,23639,413846,44601,21463,23138
72195,447494,33620,215287,23641,413873,44601,21463,23138
72200,447525,33623,215301,23643,413902,44601,21463,23138
72205,447556,33627,215316,23645,413928,44601,21463,23138
72210,447587,33631,215334,23647,413955,44601,21463,23138
72215,447618,33636,215349,23650,413981,44601,21463,23138
72220,447649,33640,215362,23652,414008,44601,21463,23138
72225,447680,33645,215374,23655,414034,44601,21463,23138
72230,447711,33647,215388,23657,414063,44601,21463,23138
72235,447742,33649,215402,23658,414093,44601,21463,23138
72240,447773,33650,215417,23659,414122,44601,21463,23138
72245,447804,33650,215432,23659,414153,44601,21463,23138
72250,447835,33650,215448,23659,414185,44601,21463,23138
72255,447866,33650,215466,23659,414215,44601,21463,23138
72260,447897,33650,215482,23659,414247,44601,21463,23138
72265,447928,33651,215495,23660,414277,44601,21463,23138
72270,447959,33653,215511,23661,414306,44601,21463,23138
72275,447990,33654,215522,23661,414335,44601,21463,23138
72280,448021,33655,215535,23661,414366,44601,21463,23138
72285,448052,33656,215547,23661,414396,44601,21463,23138
72290,448083,33657,215561,23662,414426,44601,21463,23138
72295,448114,33659,215575,23663,414455,44601,21463,23138
72300,448145,33660,215586,23663,414485,44601,21463,23138
72305,448176,33662,215605,23665,414514,44601,21463,23138
72310,448207,33663,215620,23665,414544,44601,21463,23138
72315,448238,33664,215633,23666,414574,44601,21463,23138
72320,448269,33666,215649,23667,414603,44601,21463,23138
72325,448300,33667,215665,23668,414633,44601,21463,23138
72330,448331,33668,215683,23668,414663,44601,21463,23138
72335,448362,33672,215699,23671,414690,44601,21463,23138
72340,448393,33676,215717,23675,414717,44601,21463,23138
72345,448424,33680,215737,23679,414743,44601,21463,23138
72350,448455,33686,215755,23684,414768,44601,21463,23138
72355,448486,33691,215769,23687,414794,44601,21463,23138
72360,448517,33696,215787,23691,414820,44601,21463,23138
72365,448548,33698,215805,23693,414848,44601,21463,23138
72370,448579,33701,215820,23694,414877,44601,21463,23138
72375,448610,33704,215835,23695,414906,44601,21463,23138
72380,448641,33706,215845,23696,414933,44601,21463,23138
72385,448672,33709,215859,23698,414961,44601,21463,23138
72390,448703,33713,215877,23701,414989,44601,21463,23138
72395,448734,33714,215887,23701,415019,44601,21463,23138
72400,448765,33715,215899,23701,415050,44601,21463,23138
72405,448796,33716,215913,23702,415080,44601,21463,23138
72410,448827,33718,215927,23703,415109,44601,21463,23138
72415,448858,33720,215941,23705,415138,44601,21463,23138
72420,448889,33722,215957,23706,415166,44601,21463,23138
72425,448920,33723,215972,23706,415196,44601,21463,23138
72430,448951,33726,215986,23708,415225,44601,21463,23138
72435,448982,33729,216002,23711,415252,44601,21463,23138
72440,449013,33730,216019,23712,415283,44601,21463,23138
72445,449044,33732,216037,23713,415312,44601,21463,23138
72450,449075,33733,216055,23714,415342,44601,21463,23138
72455,449106,33734,216069,23714,415371,44601,21463,23138
72460,449137,33737,216082,23716,415400,44601,21463,23138
72465,449168,33739,216097,23717,415429,44601,21463,23138
72470,449199,33742,216110,23719,415456,44601,21463,23138
72475,449230,33746,216129,23722,415483,44601,21463,23138
72480,449261,33749,216146,23724,415512,44601,21463,23138
72485,449292,33751,216160,23725,415541,44601,21463,23138
72490,449323,33753,216180,23726,415569,44601,21463,23138
72495,449354,33757,216197,23728,415597,44601,21463,23138
72500,449385,33761,216212,23730,415623,44601,21463,23138
72505,449416,33767,216230,23736,415648,44601,21463,23138
72510,449447,33771,216244,23739,415676,44601,21463,23138
72515,449478,33776,216260,23742,415702,44601,21463,23138
72520,449509,33781,216275,23746,415727,44601,21463,23138
72525,449540,33783,216286,23747,415757,44601,21463,23138
72530,449571,33786,216298,23750,415785,44601,21463,23138
72535,449602,33789,216312,23752,415813,44601,21463,23138
72540,449633,33789,216326,23752,415844,44601,21463,23138
72545,449664,33789,216348,23752,415875,44601,21463,23138
72550,449695,33789,216362,23752,415906,44601,21463,23138
72555,449726,33789,216377,23752,415937,44601,21463,23138
72560,449757,33789,216394,23752,415967,44601,21463,23138
72565,449788,33789,216412,23752,415999,44601,21463,23138
72570,449819,33789,216428,23752,416030,44601,21463,23138
72575,449850,33789,216437,23752,416060,44601,21463,23138
72580,449881,33789,216453,23752,416092,44601,21463,23138
72585,449912,33789,216467,23752,416123,44601,21463,23138
72590,449943,33790,216480,23753,416153,44601,21463,23138
72595,449974,33791,216500,23754,416183,44601,21463,23138
72600,450005,33792,216518,23755,416213,44601,21463,23138
72605,450036,33793,216531,23756,416243,44601,21463,23138
72610,450067,33794,216544,23757,416273,44601,21463,23138
72615,450098,33795,216558,23757,416303,44601,21463,23138
72620,450129,33797,216574,23759,416332,44601,21463,23138
72625,450160,33799,216585,23761,416361,44601,21463,23138
72630,450191,33803,216604,23765,416388,44601,21463,23138
72635,450222,33805,216617,23766,416416,44601,21463,23138
72640,450253,33808,216627,23767,416445,44601,21463,23138
72645,450284,33816,216645,23773,416467,44601,21463,23138
72650,450315,33822,216661,23777,416491,44601,21463,23138
72655,450346,33828,216677,23781,416518,44601,21463,23138
72660,450377,33832,216688,23783,416543,44601,21463,23138
72665,450408,33836,216705,23786,416571,44601,21463,23138
72670,450439,33841,216718,23789,416597,44601,21463,23138
72675,450470,33846,216734,23792,416624,44601,21463,23138
72680,450501,33850,216750,23795,416651,44601,21463,23138
72685,450532,33851,216766,23795,416681,44601,21463,23138
72690,450563,33852,216775,23795,416711,44601,21463,23138
72695,450594,33853,216795,23795,416741,44601,21463,23138
72700,450625,33856,216812,23798,416769,44601,21463,23138
72705,450656,33859,216833,23800,416797,44601,21463,23138
72710,450687,33862,216848,23803,416825,44601,21463,23138
72715,450718,33866,216866,23807,416852,44601,21463,23138
72720,450749,33868,216883,23809,416881,44601,21463,23138
72725,450780,33869,216894,23809,416911,44601,21463,23138
72730,450811,33871,216910,23810,416940,44601,21463,23138
72735,450842,33871,216924,23810,416971,44601,21463,23138
72740,450873,33871,216944,23810,417002,44601,21463,23138
72745,450904,33871,216952,23810,417033,44601,21463,23138
72750,450935,33871,216966,23810,417064,44601,21463,23138
72755,450966,33871,216977,23810,417095,44601,21463,23138
72760,450997,33871,216993,23810,417125,44601,21463,23138
72765,451028,33871,217004,23810,417156,44601,21463,23138
72770,451059,33871,217016,23810,417186,44601,21463,23138
72775,451090,33871,217032,23810,417218,44601,21463,23138
72780,451121,33872,217043,23811,417249,44601,21463,23138
72785,451152,33874,217058,23813,417278,44601,21463,23138
72790,451183,33878,217073,23815,417305,44601,21463,23138
72795,451214,33882,217087,23818,417332,44601,21463,23138
72800,451245,33885,217105,23820,417359,44601,21463,23138
72805,451276,33888,217121,23821,417387,44601,21463,23138
72810,451307,33891,217138,23822,417415,44601,21463,23138
72815,451338,33893,217150,23823,417444,44601,21463,23138
72820,451369,33898,217163,23826,417470,44601,21463,23138
72825,451400,33902,217179,23829,417497,44601,21463,23138
72830,451431,33904,217200,23831,417527,44601,21463,23138
72835,451462,33905,217215,23832,417557,44601,21463,23138
72840,451493,33908,217227,23834,417585,44601,21463,23138
72845,451524,33911,217246,23837,417613,44601,21463,23138
72850,451555,33913,217256,23837,417642,44601,21463,23138
72855,451586,33917,217268,23839,417669,44601,21463,23138
72860,451617,33922,217283,23843,417695,44601,21463,23138
72865,451648,33925,217293,23844,417723,44601,21463,23138
72870,451679,33928,217309,23846,417751,44601,21463,23138
72875,451710,33932,217330,23849,417778,44601,21463,23138
72880,451741,33937,217342,23853,417804,44601,21463,23138
72885,451772,33940,217357,23855,417832,44601,21463,23138
72890,451803,33943,217367,23858,417860,44601,21463,23138
72895,451834,33946,217380,23859,417888,44601,21463,23138
72900,451865,33949,217390,23860,417916,44601,21463,23138
72905,451896,33951,217401,23861,417945,44601,21463,23138
72910,451927,33953,217416,23863,417974,44601,21463,23138
72915,451958,33953,217432,23863,418005,44601,21463,23138
72920,451989,33953,217446,23863,418035,44601,21463,23138
72925,452020,33953,217460,23863,418066,44601,21463,23138
72930,452051,33953,217477,23863,418097,44601,21463,23138
72935,452082,33953,217491,23863,418128,44601,21463,23138
72940,452113,33954,217503,23864,418159,44601,21463,23138
72945,452144,33955,217522,23865,418187,44601,21463,23138
72950,452175,33956,217534,23865,418217,44601,21463,23138
72955,452206,33957,217547,23865,418249,44601,21463,23138
72960,452237,33958,217563,23866,418278,44601,21463,23138
72965,452268,33959,217586,23867,418309,44601,21463,23138
72970,452299,33960,217601,23867,418338,44601,21463,23138
72975,452330,33961,217617,23867,418368,44601,21463,23138
72980,452361,33962,217634,23867,418398,44601,21463,23138
72985,452392,33963,217647,23868,418429,44601,21463,23138
72990,452423,33964,217659,23868,418459,44601,21463,23138
72995,452454,33965,217671,23869,418489,44601,21463,23138
73000,452485,33966,217679,23869,418519,44601,21463,23138
73005,452516,33968,217692,23870,418548,44601,21463,23138
73010,452547,33972,217709,23873,418575,44601,21463,23138
73015,452578,33974,217720,23874,418604,44601,21463,23138
73020,452609,33979,217735,23878,418630,44601,21463,23138
73025,452640,33985,217750,23883,418655,44601,21463,23138
73030,452671,33989,217763,23884,418682,44601,21463,23138
73035,452702,33995,217775,23888,418707,44601,21463,23138
73040,452733,34000,217789,23890,418732,44601,21463,23138
73045,452764,34004,217799,23892,418759,44601,21463,23138
73050,452795,34009,217817,23895,418785,44601,21463,23138
73055,452826,34014,217833,23899,418812,44601,21463,23138
73060,452857,34020,217847,23904,418836,44601,21463,23138
73065,452888,34024,217861,23907,418864,44601,21463,23138
73070,452919,34027,217875,23910,418892,44601,21463,23138
73075,452950,34032,217889,23914,418917,44601,21463,23138
73080,452981,34036,217902,23918,418944,44601,21463,23138
73085,453012,34038,217918,23919,418974,44601,21463,23138
73090,453043,34039,217933,23920,419004,44601,21463,23138
73095,453074,34039,217946,23920,419035,44601,21463,23138
73100,453105,34039,217965,23920,419066,44601,21463,23138
73105,453136,34039,217981,23920,419097,44601,21463,23138
73110,453167,34039,217994,23920,419128,44601,21463,23138
73115,453198,34039,218010,23920,419159,44601,21463,23138
73120,453229,34039,218028,23920,419190,44601,21463,23138
73125,453260,34039,218045,23920,419221,44601,21463,23138
73130,453291,34039,218056,23920,419252,44601,21463,23138
73135,453322,34039,218068,23920,419283,44601,21463,23138
73140,453353,34039,218084,23920,419314,44601,21463,23138
73145,453384,34039,218097,23920,419345,44601,21463,23138
73150,453415,34039,218113,23920,419376,44601,21463,23138
73155,453446,34039,218123,23920,419407,44601,21463,23138
73160,453477,34039,218139,23920,419438,44601,21463,23138
73165,453508,34039,218155,23920,419468,44601,21463,23138
73170,453539,34042,218173,23922,419496,44601,21463,23138
73175,453570,34044,218184,23924,419526,44601,21463,23138
73180,453601,34046,218199,23925,419554,44601,21463,23138
73185,453632,34048,218218,23927,419582,44601,21463,23138
73190,453663,34052,218231,23930,419609,44601,21463,23138
73195,453694,34056,218249,23933,419637,44601,21463,23138
73200,453725,34059,218267,23935,419665,44601,21463,23138
73205,453756,34062,218282,23938,419693,44601,21463,23138
73210,453787,34065,218297,23940,419721,44601,21463,23138
73215,453818,34068,218309,23942,419750,44601,21463,23138
73220,453849,34071,218324,23943,419778,44601,21463,23138
73225,453880,34074,218341,23946,419805,44601,21463,23138
73230,453911,34078,218352,23950,419833,44601,21463,23138
73235,453942,34081,218368,23952,419861,44601,21463,23138
73240,453973,34085,218380,23954,419887,44601,21463,23138
73245,454004,34091,218393,23959,419913,44601,21463,23138
73250,454035,34097,218408,23963,419938,44601,21463,23138
73255,454066,34101,218418,23965,419965,44601,21463,23138
73260,454097,34107,218436,23970,419989,44601,21463,23138
73265,454128,34112,218450,23974,420016,44601,21463,23138
73270,454159,34116,218463,23978,420042,44601,21463,23138
73275,454190,34120,218480,23981,420070,44601,21463,23138
73280,454221,34123,218496,23983,420098,44601,21463,23138
73285,454252,34127,218513,23986,420124,44601,21463,23138
73290,454283,34130,218533,23989,420152,44601,21463,23138
73295,454314,34131,218548,23989,420183,44601,21463,23138
73300,454345,34132,218567,23989,420213,44601,21463,23138
73305,454376,34133,218578,23990,420243,44601,21463,23138
73310,454407,34135,218593,23992,420272,44601,21463,23138
73315,454438,34136,218605,23992,420301,44601,21463,23138
73320,454469,34137,218621,23993,420332,44601,21463,23138
73325,454500,34137,218634,23993,420363,44601,21463,23138
73330,454531,34137,218646,23993,420394,44601,21463,23138
73335,454562,34137,218661,23993,420425,44601,21463,23138
73340,454593,34137,218678,23993,420456,44601,21463,23138
73345,454624,34137,218695,23993,420487,44601,21463,23138
73350,454655,34137,218712,23993,420518,44601,21463,23138
73355,454686,34137,218723,23993,420549,44601,21463,23138
73360,454717,34137,218736,23993,420580,44601,21463,23138
73365,454748,34138,218754,23993,420610,44601,21463,23138
73370,454779,34140,218769,23994,420638,44601,21463,23138
73375,454810,34143,218788,23997,420666,44601,21463,23138
73380,454841,34146,218802,24000,420694,44601,21463,23138
73385,454872,34148,218819,24002,420724,44601,21463,23138
73390,454903,34149,218831,24002,420754,44601,21463,23138
73395,454934,34151,218844,24004,420783,44601,21463,23138
73400,454965,34153,218857,24004,420812,44601,21463,23138
73405,454996,34155,218870,24005,420841,44601,21463,23138
73410,455027,34157,218885,24005,420870,44601,21463,23138
73415,455058,34159,218901,24005,420899,44601,21463,23138
73420,455089,34163,218917,24008,420926,44601,21463,23138
73425,455120,34167,218933,24011,420952,44601,21463,23138
73430,455151,34170,218941,24011,420981,44601,21463,23138
73435,455182,34173,218954,24012,421009,44601,21463,23138
73440,455213,34178,218970,24015,421034,44601,21463,23138
73445,455244,34182,218988,24017,421061,44601,21463,23138
73450,455275,34186,219003,24021,421088,44601,21463,23138
73455,455306,34189,219017,24023,421117,44601,21463,23138
73460,455337,34195,219032,24026,421141,44601,21463,23138
73465,455368,34200,219044,24028,421168,44601,21463,23138
73470,455399,34206,219064,24034,421192,44601,21463,23138
73475,455430,34212,219077,24038,421218,44601,21463,23138
73480,455461,34216,219095,24042,421245,44601,21463,23138
73485,455492,34218,219111,24043,421273,44601,21463,23138
73490,455523,34220,219128,24045,421303,44601,21463,23138
73495,455554,34223,219148,24047,421330,44601,21463,23138
73500,455585,34225,219162,24048,421359,44601,21463,23138
73505,455616,34228,219173,24050,421388,44601,21463,23138
73510,455647,34230,219187,24051,421417,44601,21463,23138
73515,455678,34230,219204,24051,421447,44601,21463,23138
73520,455709,34230,219219,24051,421478,44601,21463,23138
73525,455740,34230,219237,24051,421510,44601,21463,23138
73530,455771,34230,219250,24051,421541,44601,21463,23138
73535,455802,34230,219263,24051,421571,44601,21463,23138
73540,455833,34230,219279,24051,421603,44601,21463,23138
73545,455864,34230,219293,24051,421634,44601,21463,23138
73550,455895,34230,219308,24051,421665,44601,21463,23138
73555,455926,34230,219318,24051,421696,44601,21463,23138
73560,455957,34230,219332,24051,421727,44601,21463,23138
73565,455988,34230,219347,24051,421758,44601,21463,23138
73570,456019,34230,219364,24051,421789,44601,21463,23138
73575,456050,34230,219381,24051,421820,44601,21463,23138
73580,456081,34232,219396,24052,421849,44601,21463,23138
73585,456112,34234,219412,24054,421878,44601,21463,23138
73590,456143,34236,219425,24056,421907,44601,21463,23138
73595,456174,34240,219437,24059,421934,44601,21463,23138
73600,456205,34242,219452,24061,421963,44601,21463,23138
73605,456236,34245,219469,24064,421991,44601,21463,23138
73610,456267,34249,219487,24067,422017,44601,21463,23138
73615,456298,34253,219501,24069,422044,44601,21463,23138
73620,456329,34258,219514,24072,422071,44601,21463,23138
73625,456360,34261,219531,24074,422098,44601,21463,23138
73630,456391,34266,219544,24078,422124,44601,21463,23138
73635,456422,34272,219562,24082,422149,44601,21463,23138
73640,456453,34279,219578,24086,422174,44601,21463,23138
73645,456484,34285,219591,24091,422199,44601,21463,23138
73650,456515,34290,219603,24093,422225,44601,21463,23138
73655,456546,34291,219616,24093,422255,44601,21463,23138
73660,456577,34292,219632,24093,422285,44601,21463,23138
73665,456608,34293,219643,24094,422314,44601,21463,23138
73670,456639,34296,219657,24096,422341,44601,21463,23138
73675,456670,34299,219670,24099,422370,44601,21463,23138
73680,456701,34300,219683,24100,422401,44601,21463,23138
73685,456732,34301,219696,24101,422430,44601,21463,23138
73690,456763,34303,219712,24103,422460,44601,21463,23138
73695,456794,34306,219727,24105,422487,44601,21463,23138
73700,456825,34308,219741,24106,422516,44601,21463,23138
73705,456856,34310,219758,24107,422545,44601,21463,23138
73710,456887,34311,219774,24108,422576,44601,21463,23138
73715,456918,34312,219794,24109,422606,44601,21463,23138
73720,456949,34312,219813,24109,422637,44601,21463,23138
73725,456980,34312,219827,24109,422667,44601,21463,23138
73730,457011,34312,219841,24109,422698,44601,21463,23138
73735,457042,34312,219856,24109,422729,44601,21463,23138
73740,457073,34312,219869,24109,422761,44601,21463,23138
73745,457104,34312,219883,24109,422792,44601,21463,23138
73750,457135,34312,219897,24109,422822,44601,21463,23138
73755,457166,34312,219909,24109,422854,44601,21463,23138
73760,457197,34315,219924,24111,422882,44601,21463,23138
73765,457228,34317,219942,24113,422910,44601,21463,23138
73770,457259,34321,219957,24116,422936,44601,21463,23138
73775,457290,34324,219975,24117,422964,44601,21463,23138
73780,457321,34327,219991,24118,422993,44601,21463,23138
73785,457352,34332,220005,24122,423019,44601,21463,23138
73790,457383,34335,220019,24123,423047,44601,21463,23138
73795,457414,34341,220033,24128,423072,44601,21463,23138
73800,457445,34345,220046,24131,423099,44601,21463,23138
73805,457476,34350,220065,24134,423126,44601,21463,23138
73810,457507,34354,220077,24137,423153,44601,21463,23138
73815,457538,34356,220092,24139,423182,44601,21463,23138
73820,457569,34359,220105,24142,423210,44601,21463,23138
73825,457600,34363,220123,24146,423236,44601,21463,23138
73830,457631,34364,220138,24147,423266,44601,21463,23138
73835,457662,34365,220154,24147,423296,44601,21463,23138
73840,457693,34366,220167,24148,423327,44601,21463,23138
73845,457724,34367,220182,24149,423356,44601,21463,23138
73850,457755,34369,220200,24150,423386,44601,21463,23138
73855,457786,34370,220217,24150,423416,44601,21463,23138
73860,457817,34371,220227,24150,423446,44601,21463,23138
73865,457848,34372,220244,24151,423476,44601,21463,23138
73870,457879,34374,220255,24152,423505,44601,21463,23138
73875,457910,34375,220270,24153,423535,44601,21463,23138
73880,457941,34378,220283,24156,423563,44601,21463,23138
73885,457972,34380,220302,24157,423592,44601,21463,23138
73890,458003,34382,220316,24158,423621,44601,21463,23138
73895,458034,34384,220331,24160,423650,44601,21463,23138
73900,458065,34385,220346,24160,423680,44601,21463,23138
73905,458096,34386,220361,24160,423710,44601,21463,23138
73910,458127,34388,220374,24161,423739,44601,21463,23138
73915,458158,34393,220386,24164,423765,44601,21463,23138
73920,458189,34397,220401,24167,423792,44601,21463,23138
73925,458220,34399,220419,24168,423821,44601,21463,23138
73930,458251,34400,220434,24169,423851,44601,21463,23138
73935,458282,34402,220453,24169,423879,44601,21463,23138
73940,458313,34405,220469,24171,423908,44601,21463,23138
73945,458344,34408,220489,24174,423936,44601,21463,23138
73950,458375,34411,220503,24177,423964,44601,21463,23138
73955,458406,34414,220520,24179,423990,44601,21463,23138
73960,458437,34419,220533,24184,424017,44601,21463,23138
73965,458468,34425,220548,24189,424043,44601,21463,23138
73970,458499,34429,220566,24192,424069,44601,21463,23138
73975,458530,34432,220581,24195,424096,44601,21463,23138
73980,458561,34437,220600,24199,424122,44601,21463,23138
73985,458592,34439,220616,24200,424153,44601,21463,23138
73990,458623,34441,220629,24202,424182,44601,21463,23138
73995,458654,34442,220639,24202,424212,44601,21463,23138
74000,458685,34443,220653,24202,424242,44601,21463,23138
74005,458716,34444,220664,24202,424272,44601,21463,23138
74010,458747,34445,220679,24203,424302,44601,21463,23138
74015,458778,34447,220696,24205,424331,44601,21463,23138
74020,458809,34448,220708,24205,424361,44601,21463,23138
74025,458840,34450,220723,24207,424390,44601,21463,23138
74030,458871,34453,220738,24208,424418,44601,21463,23138
74035,458902,34455,220756,24210,424447,44601,21463,23138
74040,458933,34457,220773,24212,424475,44601,21463,23138
74045,458964,34458,220792,24212,424506,44601,21463,23138
74050,458995,34459,220808,24213,424536,44601,21463,23138
74055,459026,34460,220818,24213,424566,44601,21463,23138
74060,459057,34461,220833,24214,424596,44601,21463,23138
74065,459088,34462,220854,24215,424626,44601,21463,23138
74070,459119,34463,220867,24215,424656,44601,21463,23138
74075,459150,34464,220880,24216,424686,44601,21463,23138
74080,459181,34465,220892,24217,424716,44601,21463,23138
74085,459212,34467,220908,24219,424745,44601,21463,23138
74090,459243,34470,220923,24221,424772,44601,21463,23138
74095,459274,34473,220935,24222,424801,44601,21463,23138
74100,459305,34475,220948,24223,424830,44601,21463,23138
74105,459336,34477,220968,24225,424858,44601,21463,23138
74110,459367,34479,220982,24225,424888,44601,21463,23138
74115,459398,34481,220999,24226,424917,44601,21463,23138
74120,459429,34483,221015,24227,424946,44601,21463,23138
74125,459460,34486,221030,24229,424974,44601,21463,23138
74130,459491,34489,221050,24231,425001,44601,21463,23138
74135,459522,34491,221061,24232,425031,44601,21463,23138
74140,459553,34494,221076,24235,425059,44601,21463,23138
74145,459584,34501,221088,24239,425083,44601,21463,23138
74150,459615,34506,221104,24243,425109,44601,21463,23138
74155,459646,34511,221114,24245,425135,44601,21463,23138
74160,459677,34517,221127,24249,425160,44601,21463,23138
74165,459708,34519,221139,24251,425189,44601,21463,23138
74170,459739,34521,221155,24251,425218,44601,21463,23138
74175,459770,34525,221170,24254,425245,44601,21463,23138
74180,459801,34529,221187,24256,425272,44601,21463,23138
74185,459832,34531,221202,24257,425301,44601,21463,23138
74190,459863,34533,221216,24257,425330,44601,21463,23138
74195,459894,34535,221228,24258,425359,44601,21463,23138
74200,459925,34539,221245,24261,425386,44601,21463,23138
74205,459956,34540,221261,24262,425416,44601,21463,23138
74210,459987,34541,221282,24263,425445,44601,21463,23138
74215,460018,34542,221298,24264,425476,44601,21463,23138
74220,460049,34543,221315,24265,425506,44601,21463,23138
74225,460080,34544,221331,24265,425536,44601,21463,23138
74230,460111,34545,221346,24265,425566,44601,21463,23138
74235,460142,34547,221363,24267,425593,44601,21463,23138
74240,460173,34549,221384,24268,425622,44601,21463,23138
74245,460204,34551,221395,24269,425652,44601,21463,23138
74250,460235,34552,221407,24269,425683,44601,21463,23138
74255,460266,34554,221423,24270,425712,44601,21463,23138
74260,460297,34556,221443,24271,425740,44601,21463,23138
74265,460328,34558,221456,24272,425769,44601,21463,23138
74270,460359,34562,221468,24274,425796,44601,21463,23138
74275,460390,34563,221484,24274,425826,44601,21463,23138
74280,460421,34564,221498,24275,425857,44601,21463,23138
74285,460452,34565,221512,24275,425886,44601,21463,23138
74290,460483,34566,221522,24275,425917,44601,21463,23138
74295,460514,34567,221539,24275,425946,44601,21463,23138
74300,460545,34568,221552,24275,425977,44601,21463,23138
74305,460576,34569,221569,24276,426006,44601,21463,23138
74310,460607,34571,221583,24278,426035,44601,21463,23138
74315,460638,34573,221596,24279,426065,44601,21463,23138
74320,460669,34575,221607,24280,426093,44601,21463,23138
74325,460700,34578,221618,24282,426122,44601,21463,23138
74330,460731,34581,221628,24283,426149,44601,21463,23138
74335,460762,34583,221641,24284,426179,44601,21463,23138
74340,460793,34585,221660,24285,426207,44601,21463,23138
74345,460824,34587,221673,24286,426237,44601,21463,23138
74350,460855,34589,221687,24287,426266,44601,21463,23138
74355,460886,34594,221696,24290,426292,44601,21463,23138
74360,460917,34599,221711,24293,426318,44601,21463,23138
74365,460948,34603,221723,24296,426345,44601,21463,23138
74370,460979,34606,221737,24298,426373,44601,21463,23138
74375,461010,34607,221755,24298,426401,44601,21463,23138
74380,461041,34612,221768,24302,426429,44601,21463,23138
74385,461072,34616,221782,24304,426454,44601,21463,23138
74390,461103,34622,221801,24310,426481,44601,21463,23138
74395,461134,34627,221821,24315,426507,44601,21463,23138
74400,461165,34629,221833,24316,426536,44601,21463,23138
74405,461196,34635,221846,24320,426561,44601,21463,23138
74410,461227,34640,221860,24324,426587,44601,21463,23138
74415,461258,34644,221872,24327,426614,44601,21463,23138
74420,461289,34648,221887,24330,426641,44601,21463,23138
74425,461320,34649,221903,24330,426670,44601,21463,23138
74430,461351,34650,221913,24331,426701,44601,21463,23138
74435,461382,34650,221928,24331,426732,44601,21463,23138
74440,461413,34650,221943,24331,426763,44601,21463,23138
74445,461444,34650,221951,24331,426794,44601,21463,23138
74450,461475,34650,221966,24331,426825,44601,21463,23138
74455,461506,34650,221976,24331,426855,44601,21463,23138
74460,461537,34650,221990,24331,426886,44601,21463,23138
74465,461568,34650,222001,24331,426917,44601,21463,23138
74470,461599,34650,222013,24331,426948,44601,21463,23138
74475,461630,34650,222028,24331,426980,44601,21463,23138
74480,461661,34651,222039,24332,427010,44601,21463,23138
74485,461692,34652,222057,24332,427040,44601,21463,23138
74490,461723,34654,222070,24333,427069,44601,21463,23138
74495,461754,34655,222084,24333,427099,44601,21463,23138
74500,461785,34656,222099,24333,427129,44601,21463,23138
74505,461816,34657,222116,24334,427159,44601,21463,23138
74510,461847,34658,222136,24334,427188,44601,21463,23138
74515,461878,34659,222147,24334,427219,44601,21463,23138
74520,461909,34660,222164,24335,427248,44601,21463,23138
74525,461940,34661,222177,24335,427278,44601,21463,23138
74530,461971,34665,222187,24336,427306,44601,21463,23138
74535,462002,34669,222202,24339,427332,44601,21463,23138
74540,462033,34673,222213,24340,427360,44601,21463,23138
74545,462064,34678,222227,24345,427385,44601,21463,23138
74550,462095,34683,222241,24348,427411,44601,21463,23138
74555,462126,34689,222256,24352,427436,44601,21463,23138
74560,462157,34693,222270,24355,427464,44601,21463,23138
74565,462188,34700,222284,24360,427487,44601,21463,23138
74570,462219,34707,222297,24366,427511,44601,21463,23138
74575,462250,34712,222314,24371,427537,44601,21463,23138
74580,462281,34716,222326,24375,427564,44601,21463,23138
74585,462312,34718,222339,24376,427594,44601,21463,23138
74590,462343,34719,222355,24376,427624,44601,21463,23138
74595,462374,34721,222372,24377,427653,44601,21463,23138
74600,462405,34722,222391,24377,427683,44601,21463,23138
74605,462436,34725,222404,24379,427711,44601,21463,23138
74610,462467,34726,222419,24380,427741,44601,21463,23138
74615,462498,34728,222434,24382,427770,44601,21463,23138
74620,462529,34730,222448,24383,427799,44601,21463,23138
74625,462560,34733,222462,24385,427827,44601,21463,23138
74630,462591,34735,222479,24386,427856,44601,21463,23138
74635,462622,34738,222494,24389,427884,44601,21463,23138
74640,462653,34740,222510,24390,427913,44601,21463,23138
74645,462684,34740,222524,24390,427944,44601,21463,23138
74650,462715,34740,222538,24390,427975,44601,21463,23138
74655,462746,34740,222556,24390,428006,44601,21463,23138
74660,462777,34740,222570,24390,428037,44601,21463,23138
74665,462808,34740,222584,24390,428068,44601,21463,23138
74670,462839,34740,222598,24390,428099,44601,21463,23138
74675,462870,34740,222614,24390,428130,44601,21463,23138
74680,462901,34740,222626,24390,428161,44601,21463,23138
74685,462932,34740,222637,24390,428192,44601,21463,23138
74690,462963,34743,222650,24392,428220,44601,21463,23138
74695,462994,34745,222663,24393,428249,44601,21463,23138
74700,463025,34748,222679,24396,428277,44601,21463,23138
74705,463056,34751,222694,24398,428305,44601,21463,23138
74710,463087,34754,222705,24399,428333,44601,21463,23138
74715,463118,34758,222721,24402,428360,44601,21463,23138
74720,463149,34760,222735,24403,428389,44601,21463,23138
74725,463180,34763,222752,24406,428417,44601,21463,23138
74730,463211,34766,222766,24407,428445,44601,21463,23138
74735,463242,34769,222779,24410,428473,44601,21463,23138
74740,463273,34772,222797,24412,428501,44601,21463,23138
74745,463304,34776,222812,24415,428527,44601,21463,23138
74750,463335,34781,222827,24419,428554,44601,21463,23138
74755,463366,34788,222844,24424,428577,44601,21463,23138
74760,463397,34792,222858,24426,428604,44601,21463,23138
74765,463428,34795,222873,24428,428631,44601,21463,23138
74770,463459,34798,222887,24430,428659,44601,21463,23138
74775,463490,34802,222904,24434,428688,44601,21463,23138
74780,463521,34805,222918,24436,428716,44601,21463,23138
74785,463552,34806,222930,24436,428746,44601,21463,23138
74790,463583,34807,222944,24437,428775,44601,21463,23138
74795,463614,34808,222960,24437,428805,44601,21463,23138
74800,463645,34809,222972,24437,428836,44601,21463,23138
74805,463676,34810,222984,24437,428865,44601,21463,23138
74810,463707,34812,222997,24439,428895,44601,21463,23138
74815,463738,34815,223013,24441,428923,44601,21463,23138
74820,463769,34817,223024,24442,428952,44601,21463,23138
74825,463800,34820,223043,24445,428980,44601,21463,23138
74830,463831,34822,223057,24446,429009,44601,21463,23138
74835,463862,34823,223073,24447,429039,44601,21463,23138
74840,463893,34825,223089,24448,429067,44601,21463,23138
74845,463924,34828,223106,24450,429096,44601,21463,23138
74850,463955,34828,223120,24450,429126,44601,21463,23138
74855,463986,34828,223133,24450,429157,44601,21463,23138
74860,464017,34828,223152,24450,429189,44601,21463,23138
74865,464048,34829,223166,24451,429219,44601,21463,23138
74870,464079,34830,223180,24451,429249,44601,21463,23138
74875,464110,34831,223191,24452,429279,44601,21463,23138
74880,464141,34833,223204,24453,429308,44601,21463,23138
74885,464172,34835,223223,24454,429337,44601,21463,23138
74890,464203,34837,223234,24455,429366,44601,21463,23138
74895,464234,34840,223248,24456,429394,44601,21463,23138
74900,464265,34843,223264,24458,429422,44601,21463,23138
74905,464296,34845,223279,24458,429451,44601,21463,23138
74910,464327,34848,223293,24461,429479,44601,21463,23138
74915,464358,34851,223305,24464,429507,44601,21463,23138
74920,464389,34854,223320,24465,429535,44601,21463,23138
74925,464420,34857,223333,24467,429563,44601,21463,23138
74930,464451,34861,223347,24471,429590,44601,21463,23138
74935,464482,34864,223365,24472,429618,44601,21463,23138
74940,464513,34868,223385,24476,429645,44601,21463,23138
74945,464544,34872,223399,24480,429672,44601,21463,23138
74950,464575,34873,223411,24481,429702,44601,21463,23138
74955,464606,34875,223422,24481,429731,44601,21463,23138
74960,464637,34877,223435,24482,429760,44601,21463,23138
74965,464668,34879,223450,24483,429789,44601,21463,23138
74970,464699,34881,223459,24485,429818,44601,21463,23138
74975,464730,34885,223473,24487,429845,44601,21463,23138
74980,464761,34887,223484,24488,429874,44601,21463,23138
74985,464792,34890,223502,24489,429902,44601,21463,23138
74990,464823,34892,223515,24490,429930,44601,21463,23138
74995,464854,34896,223532,24493,429957,44601,21463,23138
75000,464885,34899,223549,24496,429984,44601,21463,23138
75005,464916,34900,223567,24496,430016,44601,21463,23138
75010,464947,34901,223583,24497,430045,44601,21463,23138
75015,464978,34902,223597,24497,430075,44601,21463,23138
75020,465009,34903,223618,24497,430106,44601,21463,23138
75025,465040,34904,223628,24498,430136,44601,21463,23138
75030,465071,34905,223640,24499,430165,44601,21463,23138
75035,465102,34906,223655,24500,430195,44601,21463,23138
75040,465133,34907,223668,24500,430226,44601,21463,23138
75045,465164,34908,223679,24501,430256,44601,21463,23138
75050,465195,34910,223693,24503,430285,44601,21463,23138
75055,465226,34913,223709,24505,430313,44601,21463,23138
75060,465257,34917,223723,24509,430340,44601,21463,23138
75065,465288,34921,223741,24512,430366,44601,21463,23138
75070,465319,34925,223759,24515,430393,44601,21463,23138
75075,465350,34928,223770,24517,430422,44601,21463,23138
75080,465381,34932,223784,24519,430448,44601,21463,23138
75085,465412,34934,223802,24520,430477,44601,21463,23138
75090,465443,34937,223813,24521,430505,44601,21463,23138
75095,465474,34940,223831,24523,430533,44601,21463,23138
75100,465505,34941,223846,24523,430564,44601,21463,23138
75105,465536,34942,223863,24523,430594,44601,21463,23138
75110,465567,34944,223874,24523,430622,44601,21463,23138
75115,465598,34948,223889,24527,430649,44601,21463,23138
75120,465629,34955,223905,24533,430674,44601,21463,23138
75125,465660,34959,223921,24535,430701,44601,21463,23138
75130,465691,34962,223940,24538,430729,44601,21463,23138
75135,465722,34963,223955,24539,430759,44601,21463,23138
75140,465753,34964,223967,24540,430789,44601,21463,23138
75145,465784,34965,223983,24540,430819,44601,21463,23138
75150,465815,34966,224002,24541,430849,44601,21463,23138
75155,465846,34967,224021,24542,430878,44601,21463,23138
75160,465877,34970,224043,24545,430907,44601,21463,23138
75165,465908,34972,224057,24547,430936,44601,21463,23138
75170,465939,34974,224075,24548,430964,44601,21463,23138
75175,465970,34975,224083,24549,430995,44601,21463,23138
75180,466001,34977,224095,24551,431024,44601,21463,23138
75185,466032,34980,224114,24553,431052,44601,21463,23138
75190,466063,34982,224130,24554,431081,44601,21463,23138
75195,466094,34984,224145,24555,431110,44601,21463,23138
75200,466125,34985,224160,24556,431140,44601,21463,23138
75205,466156,34986,224174,24556,431170,44601,21463,23138
75210,466187,34987,224191,24557,431199,44601,21463,23138
75215,466218,34988,224211,24558,431230,44601,21463,23138
75220,466249,34989,224233,24558,431259,44601,21463,23138
75225,466280,34990,224246,24558,431290,44601,21463,23138
75230,466311,34991,224261,24558,431320,44601,21463,23138
75235,466342,34994,224274,24561,431348,44601,21463,23138
75240,466373,34997,224290,24563,431376,44601,21463,23138
75245,466404,34999,224307,24564,431405,44601,21463,23138
75250,466435,35002,224319,24566,431433,44601,21463,23138
75255,466466,35006,224336,24568,431460,44601,21463,23138
75260,466497,35009,224350,24571,431488,44601,21463,23138
75265,466528,35013,224366,24574,431515,44601,21463,23138
75270,466559,35016,224375,24576,431543,44601,21463,23138
75275,466590,35019,224389,24577,431570,44601,21463,23138
75280,466621,35023,224402,24579,431598,44601,21463,23138
75285,466652,35025,224417,24581,431627,44601,21463,23138
75290,466683,35026,224429,24581,431656,44601,21463,23138
75295,466714,35028,224446,24583,431685,44601,21463,23138
75300,466745,35029,224458,24583,431715,44601,21463,23138
75305,466776,35033,224473,24587,431743,44601,21463,23138
75310,466807,35035,224491,24588,431771,44601,21463,23138
75315,466838,35039,224504,24591,431799,44601,21463,23138
75320,466869,35042,224519,24594,431826,44601,21463,23138
75325,466900,35046,224531,24596,431854,44601,21463,23138
75330,466931,35048,224544,24597,431883,44601,21463,23138
75335,466962,35050,224561,24597,431912,44601,21463,23138
75340,466993,35053,224576,24600,431940,44601,21463,23138
75345,467024,35058,224596,24605,431965,44601,21463,23138
75350,467055,35062,224611,24608,431993,44601,21463,23138
75355,467086,35063,224625,24608,432022,44601,21463,23138
75360,467117,35064,224643,24608,432053,44601,21463,23138
75365,467148,35065,224655,24608,432082,44601,21463,23138
75370,467179,35066,224670,24608,432113,44601,21463,23138
75375,467210,35067,224686,24608,432143,44601,21463,23138
75380,467241,35068,224700,24608,432173,44601,21463,23138
75385,467272,35070,224716,24608,432202,44601,21463,23138
75390,467303,35072,224732,24609,432231,44601,21463,23138
75395,467334,35074,224750,24610,432260,44601,21463,23138
75400,467365,35076,224764,24612,432289,44601,21463,23138
75405,467396,35078,224774,24612,432318,44601,21463,23138
75410,467427,35082,224792,24615,432344,44601,21463,23138
75415,467458,35084,224809,24616,432374,44601,21463,23138
75420,467489,35087,224825,24618,432402,44601,21463,23138
75425,467520,35091,224841,24621,432428,44601,21463,23138
75430,467551,35095,224851,24623,432456,44601,21463,23138
75435,467582,35097,224866,24623,432484,44601,21463,23138
75440,467613,35100,224879,24625,432513,44601,21463,23138
75445,467644,35103,224900,24628,432541,44601,21463,23138
75450,467675,35105,224915,24629,432570,44601,21463,23138
75455,467706,35107,224928,24629,432599,44601,21463,23138
75460,467737,35111,224946,24633,432626,44601,21463,23138
75465,467768,35116,224962,24638,432652,44601,21463,23138
75470,467799,35119,224975,24640,432680,44601,21463,23138
75475,467830,35124,224991,24644,432706,44601,21463,23138
75480,467861,35127,225009,24646,432734,44601,21463,23138
75485,467892,35130,225022,24648,432762,44601,21463,23138
75490,467923,35131,225033,24649,432792,44601,21463,23138
75495,467954,35134,225053,24651,432820,44601,21463,23138
75500,467985,35136,225069,24653,432849,44601,21463,23138
75505,468016,35138,225077,24655,432878,44601,21463,23138
75510,468047,35138,225096,24655,432909,44601,21463,23138
75515,468078,35138,225108,24655,432940,44601,21463,23138
75520,468109,35138,225121,24655,432971,44601,21463,23138
75525,468140,35138,225133,24655,433002,44601,21463,23138
75530,468171,35138,225148,24655,433033,44601,21463,23138
75535,468202,35138,225165,24655,433064,44601,21463,23138
75540,468233,35138,225180,24655,433095,44601,21463,23138
75545,468264,35138,225197,24655,433125,44601,21463,23138
75550,468295,35139,225207,24656,433156,44601,21463,23138
75555,468326,35140,225217,24657,433185,44601,21463,23138
75560,468357,35141,225233,24658,433215,44601,21463,23138
75565,468388,35143,225247,24659,433244,44601,21463,23138
75570,468419,35144,225260,24659,433273,44601,21463,23138
75575,468450,35147,225272,24661,433303,44601,21463,23138
75580,468481,35150,225285,24663,433329,44601,21463,23138
75585,468512,35155,225301,24667,433355,44601,21463,23138
75590,468543,35159,225316,24670,433383,44601,21463,23138
75595,468574,35164,225335,24674,433409,44601,21463,23138
75600,468605,35168,225352,24677,433437,44601,21463,23138
75605,468636,35169,225369,24677,433467,44601,21463,23138
75610,468667,35170,225381,24677,433496,44601,21463,23138
75615,468698,35172,225399,24678,433525,44601,21463,23138
75620,468729,35174,225414,24679,433554,44601,21463,23138
75625,468760,35177,225431,24681,433583,44601,21463,23138
75630,468791,35180,225447,24683,433610,44601,21463,23138
75635,468822,35182,225461,24685,433640,44601,21463,23138
75640,468853,35184,225477,24685,433668,44601,21463,23138
75645,468884,35188,225492,24689,433696,44601,21463,23138
75650,468915,35192,225505,24691,433723,44601,21463,23138
75655,468946,35194,225518,24692,433752,44601,21463,23138
75660,468977,35197,225533,24693,433780,44601,21463,23138
75665,469008,35200,225547,24695,433808,44601,21463,23138
75670,469039,35202,225560,24696,433837,44601,21463,23138
75675,469070,35206,225570,24699,433864,44601,21463,23138
75680,469101,35213,225592,24706,433888,44601,21463,23138
75685,469132,35219,225604,24711,433913,44601,21463,23138
75690,469163,35223,225621,24714,433940,44601,21463,23138
75695,469194,35225,225638,24716,433969,44601,21463,23138
75700,469225,35226,225656,24717,433998,44601,21463,23138
75705,469256,35226,225670,24717,434029,44601,21463,23138
75710,469287,35229,225684,24719,434058,44601,21463,23138
75715,469318,35231,225696,24720,434087,44601,21463,23138
75720,469349,35233,225711,24722,434115,44601,21463,23138
75725,469380,35236,225728,24724,434144,44601,21463,23138
75730,469411,35238,225749,24726,434173,44601,21463,23138
75735,469442,35240,225768,24728,434202,44601,21463,23138
75740,469473,35241,225778,24729,434231,44601,21463,23138
75745,469504,35243,225790,24731,434261,44601,21463,23138
75750,469535,35246,225805,24734,434287,44601,21463,23138
75755,469566,35249,225818,24737,434316,44601,21463,23138
75760,469597,35249,225831,24737,434348,44601,21463,23138
75765,469628,35249,225841,24737,434379,44601,21463,23138
75770,469659,35249,225858,24737,434409,44601,21463,23138
75775,469690,35249,225874,24737,434440,44601,21463,23138
75780,469721,35249,225889,24737,434472,44601,21463,23138
75785,469752,35249,225898,24737,434503,44601,21463,23138
75790,469783,35249,225915,24737,434534,44601,21463,23138
75795,469814,35249,225931,24737,434564,44601,21463,23138
75800,469845,35250,225943,24737,434595,44601,21463,23138
75805,469876,35252,225952,24739,434624,44601,21463,23138
75810,469907,35254,225973,24739,434652,44601,21463,23138
75815,469938,35256,225988,24740,434682,44601,21463,23138
75820,469969,35259,226000,24742,434709,44601,21463,23138
75825,470000,35262,226012,24743,434737,44601,21463,23138
75830,470031,35264,226033,24744,434766,44601,21463,23138
75835,470062,35266,226045,24746,434795,44601,21463,23138
75840,470093,35268,226063,24747,434824,44601,21463,23138
75845,470124,35270,226080,24748,434853,44601,21463,23138
75850,470155,35273,226099,24749,434882,44601,21463,23138
75855,470186,35276,226118,24752,434910,44601,21463,23138
75860,470217,35279,226130,24753,434937,44601,21463,23138
75865,470248,35282,226143,24754,434966,44601,21463,23138
75870,470279,35286,226157,24756,434993,44601,21463,23138
75875,470310,35289,226171,24758,435021,44601,21463,23138
75880,470341,35292,226186,24759,435048,44601,21463,23138
75885,470372,35298,226202,24763,435073,44601,21463,23138
75890,470403,35303,226215,24767,435100,44601,21463,23138
75895,470434,35307,226229,24770,435127,44601,21463,23138
75900,470465,35311,226243,24772,435154,44601,21463,23138
75905,470496,35313,226258,24772,435183,44601,21463,23138
75910,470527,35315,226270,24774,435212,44601,21463,23138
75915,470558,35317,226287,24775,435241,44601,21463,23138
75920,470589,35319,226304,24776,435269,44601,21463,23138
75925,470620,35321,226322,24777,435298,44601,21463,23138
75930,470651,35323,226335,24777,435328,44601,21463,23138
75935,470682,35325,226349,24778,435356,44601,21463,23138
75940,470713,35327,226362,24779,435386,44601,21463,23138
75945,470744,35329,226378,24780,435415,44601,21463,23138
75950,470775,35333,226394,24783,435442,44601,21463,23138
75955,470806,35339,226407,24787,435467,44601,21463,23138
75960,470837,35342,226420,24790,435495,44601,21463,23138
75965,470868,35347,226432,24794,435521,44601,21463,23138
75970,470899,35350,226448,24795,435549,44601,21463,23138
75975,470930,35354,226462,24797,435576,44601,21463,23138
75980,470961,35357,226468,24798,435604,44601,21463,23138
75985,470992,35361,226486,24801,435631,44601,21463,23138
75990,471023,35364,226503,24804,435659,44601,21463,23138
75995,471054,35368,226515,24808,435686,44601,21463,23138
76000,471085,35368,226529,24808,435717,44601,21463,23138
76005,471116,35369,226548,24809,435746,44601,21463,23138
76010,471147,35370,226564,24809,435777,44601,21463,23138
76015,471178,35372,226581,24810,435806,44601,21463,23138
76020,471209,35373,226595,24811,435835,44601,21463,23138
76025,471240,35374,226612,24811,435866,44601,21463,23138
76030,471271,35376,226629,24813,435894,44601,21463,23138
76035,471302,35378,226643,24815,435924,44601,21463,23138
76040,471333,35379,226659,24816,435954,44601,21463,23138
76045,471364,35380,226674,24817,435983,44601,21463,23138
76050,471395,35383,226691,24820,436012,44601,21463,23138
76055,471426,35386,226710,24823,436040,44601,21463,23138
76060,471457,35389,226728,24825,436067,44601,21463,23138
76065,471488,35392,226742,24827,436095,44601,21463,23138
76070,471519,35392,226754,24827,436126,44601,21463,23138
76075,471550,35392,226769,24827,436157,44601,21463,23138
76080,471581,35392,226787,24827,436188,44601,21463,23138
76085,471612,35392,226797,24827,436220,44601,21463,23138
76090,471643,35392,226814,24827,436250,44601,21463,23138
76095,471674,35392,226828,24827,436281,44601,21463,23138
76100,471705,35394,226846,24829,436310,44601,21463,23138
76105,471736,35396,226861,24830,436340,44601,21463,23138
76110,471767,35398,226870,24831,436369,44601,21463,23138
76115,471798,35400,226891,24832,436397,44601,21463,23138
76120,471829,35402,226915,24834,436427,44601,21463,23138
76125,471860,35404,226928,24834,436455,44601,21463,23138
76130,471891,35406,226942,24835,436484,44601,21463,23138
76135,471922,35408,226953,24836,436513,44601,21463,23138
76140,471953,35410,226966,24836,436543,44601,21463,23138
76145,471984,35412,226978,24836,436572,44601,21463,23138
76150,472015,35414,226992,24836,436601,44601,21463,23138
76155,472046,35416,227007,24837,436630,44601,21463,23138
76160,472077,35420,227023,24840,436657,44601,21463,23138
76165,472108,35423,227039,24843,436685,44601,21463,23138
76170,472139,35426,227055,24845,436713,44601,21463,23138
76175,472170,35430,227069,24847,436740,44601,21463,23138
76180,472201,35434,227082,24848,436767,44601,21463,23138
76185,472232,35437,227094,24849,436795,44601,21463,23138
76190,472263,35441,227104,24851,436822,44601,21463,23138
76195,472294,35447,227113,24855,436847,44601,21463,23138
76200,472325,35451,227127,24856,436874,44601,21463,23138
76205,472356,35454,227143,24858,436902,44601,21463,23138
76210,472387,35463,227161,24865,436923,44601,21463,23138
76215,472418,35468,227176,24870,436950,44601,21463,23138
76220,472449,35473,227191,24874,436975,44601,21463,23138
76225,472480,35477,227207,24877,437003,44601,21463,23138
76230,472511,35480,227224,24879,437030,44601,21463,23138
76235,472542,35483,227241,24880,437059,44601,21463,23138
76240,472573,35486,227255,24881,437086,44601,21463,23138
76245,472604,35488,227269,24882,437116,44601,21463,23138
76250,472635,35490,227286,24883,437145,44601,21463,23138
76255,472666,35491,227300,24884,437174,44601,21463,23138
76260,472697,35493,227318,24886,437203,44601,21463,23138
76265,472728,35496,227338,24888,437231,44601,21463,23138
76270,472759,35496,227351,24888,437263,44601,21463,23138
76275,472790,35496,227362,24888,437293,44601,21463,23138
76280,472821,35496,227384,24888,437324,44601,21463,23138
76285,472852,35496,227399,24888,437355,44601,21463,23138
76290,472883,35496,227414,24888,437386,44601,21463,23138
76295,472914,35496,227437,24888,437418,44601,21463,23138
76300,472945,35496,227452,24888,437448,44601,21463,23138
76305,472976,35496,227467,24888,437480,44601,21463,23138
76310,473007,35496,227486,24888,437511,44601,21463,23138
76315,473038,35496,227499,24888,437542,44601,21463,23138
76320,473069,35496,227510,24888,437573,44601,21463,23138
76325,473100,35496,227521,24888,437603,44601,21463,23138
76330,473131,35496,227534,24888,437633,44601,21463,23138
76335,473162,35498,227547,24889,437664,44601,21463,23138
76340,473193,35499,227562,24889,437694,44601,21463,23138
76345,473224,35500,227577,24889,437724,44601,21463,23138
76350,473255,35502,227588,24889,437753,44601,21463,23138
76355,473286,35504,227603,24890,437782,44601,21463,23138
76360,473317,35506,227619,24891,437811,44601,21463,23138
76365,473348,35508,227633,24893,437840,44601,21463,23138
76370,473379,35511,227647,24895,437868,44601,21463,23138
76375,473410,35514,227661,24896,437896,44601,21463,23138
76380,473441,35517,227677,24898,437924,44601,21463,23138
76385,473472,35521,227695,24902,437951,44601,21463,23138
76390,473503,35524,227711,24904,437979,44601,21463,23138
76395,473534,35528,227731,24907,438006,44601,21463,23138
76400,473565,35533,227747,24911,438032,44601,21463,23138
76405,473596,35537,227765,24914,438059,44601,21463,23138
76410,473627,35543,227783,24920,438084,44601,21463,23138
76415,473658,35549,227796,24923,438109,44601,21463,23138
76420,473689,35555,227811,24929,438134,44601,21463,23138
76425,473720,35563,227827,24934,438157,44601,21463,23138
76430,473751,35567,227843,24935,438184,44601,21463,23138
76435,473782,35574,227862,24940,438208,44601,21463,23138
76440,473813,35579,227878,24944,438234,44601,21463,23138
76445,473844,35581,227895,24945,438263,44601,21463,23138
76450,473875,35583,227912,24947,438291,44601,21463,23138
76455,473906,35586,227931,24949,438319,44601,21463,23138
76460,473937,35588,227947,24950,438349,44601,21463,23138
76465,473968,35591,227962,24953,438376,44601,21463,23138
76470,473999,35593,227978,24954,438405,44601,21463,23138
76475,474030,35593,227992,24954,438437,44601,21463,23138
76480,474061,35593,228007,24954,438467,44601,21463,23138
76485,474092,35593,228020,24954,438498,44601,21463,23138
76490,474123,35593,228027,24954,438530,44601,21463,23138
76495,474154,35593,228037,24954,438561,44601,21463,23138
76500,474185,35593,228049,24954,438592,44601,21463,23138
76505,474216,35593,228064,24954,438622,44601,21463,23138
76510,474247,35593,228081,24954,438654,44601,21463,23138
76515,474278,35593,228099,24954,438685,44601,21463,23138
76520,474309,35593,228112,24954,438716,44601,21463,23138
76525,474340,35593,228124,24954,438746,44601,21463,23138
76530,474371,35593,228141,24954,438778,44601,21463,23138
76535,474402,35593,228153,24954,438809,44601,21463,23138
76540,474433,35593,228167,24954,438840,44601,21463,23138
76545,474464,35594,228177,24954,438869,44601,21463,23138
76550,474495,35597,228197,24957,438898,44601,21463,23138
76555,474526,35600,228214,24960,438926,44601,21463,23138
76560,474557,35602,228227,24961,438955,44601,21463,23138
76565,474588,35605,228238,24962,438983,44601,21463,23138
76570,474619,35608,228252,24964,439011,44601,21463,23138
76575,474650,35610,228264,24965,439040,44601,21463,23138
76580,474681,35612,228278,24967,439069,44601,21463,23138
76585,474712,35616,228294,24969,439096,44601,21463,23138
76590,474743,35620,228308,24972,439123,44601,21463,23138
76595,474774,35625,228322,24975,439149,44601,21463,23138
76600,474805,35629,228332,24977,439176,44601,21463,23138
76605,474836,35633,228345,24980,439203,44601,21463,23138
76610,474867,35637,228358,24982,439230,44601,21463,23138
76615,474898,35641,228371,24983,439257,44601,21463,23138
76620,474929,35645,228383,24987,439284,44601,21463,23138
76625,474960,35649,228395,24990,439311,44601,21463,23138
76630,474991,35654,228404,24992,439337,44601,21463,23138
76635,475022,35659,228419,24997,439363,44601,21463,23138
76640,475053,35663,228432,24999,439390,44601,21463,23138
76645,475084,35668,228447,25002,439416,44601,21463,23138
76650,475115,35671,228458,25003,439444,44601,21463,23138
76655,475146,35676,228470,25007,439470,44601,21463,23138
76660,475177,35679,228483,25009,439498,44601,21463,23138
76665,475208,35682,228501,25010,439525,44601,21463,23138
76670,475239,35685,228515,25013,439553,44601,21463,23138
76675,475270,35687,228530,25014,439583,44601,21463,23138
76680,475301,35689,228542,25016,439612,44601,21463,23138
76685,475332,35690,228555,25016,439641,44601,21463,23138
76690,475363,35692,228565,25017,439669,44601,21463,23138
76695,475394,35694,228583,25019,439698,44601,21463,23138
76700,475425,35695,228601,25020,439729,44601,21463,23138
76705,475456,35695,228613,25020,439761,44601,21463,23138
76710,475487,35695,228628,25020,439792,44601,21463,23138
76715,475518,35695,228645,25020,439823,44601,21463,23138
76720,475549,35695,228657,25020,439854,44601,21463,23138
76725,475580,35695,228667,25020,439885,44601,21463,23138
76730,475611,35695,228677,25020,439916,44601,21463,23138
76735,475642,35695,228692,25020,439946,44601,21463,23138
76740,475673,35695,228709,25020,439978,44601,21463,23138
76745,475704,35695,228725,25020,440008,44601,21463,23138
76750,475735,35695,228739,25020,440040,44601,21463,23138
76755,475766,35695,228755,25020,440071,44601,21463,23138
76760,475797,35695,228775,25020,440101,44601,21463,23138
76765,475828,35697,228790,25022,440130,44601,21463,23138
76770,475859,35698,228804,25022,440160,44601,21463,23138
76775,475890,35700,228816,25022,440190,44601,21463,23138
76780,475921,35703,228833,25023,440218,44601,21463,23138
76785,475952,35706,228851,25025,440245,44601,21463,23138
76790,475983,35708,228864,25026,440274,44601,21463,23138
76795,476014,35710,228878,25027,440303,44601,21463,23138
76800,476045,35713,228892,25030,440331,44601,21463,23138
76805,476076,35718,228909,25033,440357,44601,21463,23138
76810,476107,35723,228927,25037,440383,44601,21463,23138
76815,476138,35726,228942,25037,440411,44601,21463,23138
76820,476169,35729,228957,25039,440440,44601,21463,23138
76825,476200,35735,228972,25043,440465,44601,21463,23138
76830,476231,35741,228989,25048,440490,44601,21463,23138
76835,476262,35746,229004,25052,440516,44601,21463,23138
76840,476293,35751,229022,25054,440542,44601,21463,23138
76845,476324,35755,229042,25056,440568,44601,21463,23138
76850,476355,35760,229056,25059,440594,44601,21463,23138
76855,476386,35763,229075,25062,440623,44601,21463,23138
76860,476417,35767,229091,25065,440650,44601,21463,23138
76865,476448,35771,229106,25067,440677,44601,21463,23138
76870,476479,35775,229127,25071,440704,44601,21463,23138
76875,476510,35777,229143,25073,440733,44601,21463,23138
76880,476541,35780,229156,25074,440761,44601,21463,23138
76885,476572,35783,229171,25075,440788,44601,21463,23138
76890,476603,35786,229187,25077,440817,44601,21463,23138
76895,476634,35788,229203,25078,440846,44601,21463,23138
76900,476665,35790,229214,25079,440875,44601,21463,23138
76905,476696,35792,229231,25081,440904,44601,21463,23138
76910,476727,35793,229241,25081,440934,44601,21463,23138
76915,476758,35795,229254,25082,440963,44601,21463,23138
76920,476789,35795,229266,25082,440993,44601,21463,23138
76925,476820,35795,229282,25082,441025,44601,21463,23138
76930,476851,35795,229297,25082,441055,44601,21463,23138
76935,476882,35795,229308,25082,441087,44601,21463,23138
76940,476913,35795,229325,25082,441118,44601,21463,23138
76945,476944,35795,229338,25082,441148,44601,21463,23138
76950,476975,35795,229351,25082,441180,44601,21463,23138
76955,477006,35795,229366,25082,441210,44601,21463,23138
76960,477037,35796,229380,25082,441240,44601,21463,23138
76965,477068,35797,229391,25082,441271,44601,21463,23138
76970,477099,35798,229408,25083,441300,44601,21463,23138
76975,477130,35799,229424,25084,441331,44601,21463,23138
76980,477161,35800,229440,25085,441360,44601,21463,23138
76985,477192,35801,229453,25086,441390,44601,21463,23138
76990,477223,35802,229471,25086,441421,44601,21463,23138
76995,477254,35803,229487,25087,441450,44601,21463,23138
77000,477285,35806,229504,25090,441478,44601,21463,23138
77005,477316,35808,229519,25091,441507,44601,21463,23138
77010,477347,35811,229537,25094,441536,44601,21463,23138
77015,477378,35813,229554,25096,441565,44601,21463,23138
77020,477409,35818,229567,25100,441589,44601,21463,23138
77025,477440,35824,229583,25104,441616,44601,21463,23138
77030,477471,35830,229597,25110,441641,44601,21463,23138
77035,477502,35835,229609,25115,441667,44601,21463,23138
77040,477533,35840,229627,25119,441692,44601,21463,23138
77045,477564,35848,229641,25124,441716,44601,21463,23138
77050,477595,35852,229653,25128,441743,44601,21463,23138
77055,477626,35855,229664,25130,441771,44601,21463,23138
77060,477657,35859,229680,25132,441798,44601,21463,23138
77065,477688,35861,229693,25134,441826,44601,21463,23138
77070,477719,35864,229710,25137,441854,44601,21463,23138
77075,477750,35869,229727,25140,441880,44601,21463,23138
77080,477781,35873,229741,25143,441908,44601,21463,23138
77085,477812,35875,229750,25143,441937,44601,21463,23138
77090,477843,35879,229769,25145,441963,44601,21463,23138
77095,477874,35882,229783,25147,441992,44601,21463,23138
77100,477905,35885,229795,25150,442020,44601,21463,23138
77105,477936,35886,229809,25151,442049,44601,21463,23138
77110,477967,35887,229827,25152,442080,44601,21463,23138
77115,477998,35888,229844,25153,442110,44601,21463,23138
77120,478029,35889,229859,25154,442140,44601,21463,23138
77125,478060,35890,229872,25154,442170,44601,21463,23138
77130,478091,35891,229888,25155,442200,44601,21463,23138
77135,478122,35892,229900,25155,442230,44601,21463,23138
77140,478153,35894,229917,25156,442258,44601,21463,23138
77145,478184,35894,229934,25156,442290,44601,21463,23138
77150,478215,35894,229951,25156,442321,44601,21463,23138
77155,478246,35894,229964,25156,442351,44601,21463,23138
77160,478277,35896,229979,25158,442381,44601,21463,23138
77165,478308,35897,229988,25158,442411,44601,21463,23138
77170,478339,35898,230005,25158,442441,44601,21463,23138
77175,478370,35899,230019,25159,442471,44601,21463,23138
77180,478401,35901,230039,25161,442500,44601,21463,23138
77185,478432,35902,230051,25162,442530,44601,21463,23138
77190,478463,35904,230067,25164,442559,44601,21463,23138
77195,478494,35905,230080,25165,442589,44601,21463,23138
77200,478525,35906,230094,25166,442619,44601,21463,23138
77205,478556,35909,230106,25168,442647,44601,21463,23138
77210,478587,35912,230119,25169,442675,44601,21463,23138
77215,478618,35916,230131,25172,442702,44601,21463,23138
77220,478649,35921,230143,25176,442728,44601,21463,23138
77225,478680,35925,230155,25178,442755,44601,21463,23138
77230,478711,35929,230173,25181,442782,44601,21463,23138
77235,478742,35931,230189,25183,442811,44601,21463,23138
77240,478773,35932,230204,25183,442841,44601,21463,23138
77245,478804,35934,230218,25184,442870,44601,21463,23138
77250,478835,35937,230235,25187,442898,44601,21463,23138
77255,478866,35942,230249,25190,442923,44601,21463,23138
77260,478897,35946,230262,25193,442950,44601,21463,23138
77265,478928,35949,230272,25195,442979,44601,21463,23138
77270,478959,35953,230285,25198,443005,44601,21463,23138
77275,478990,35955,230301,25199,443032,44601,21463,23138
77280,479021,35957,230314,25200,443062,44601,21463,23138
77285,479052,35960,230323,25203,443091,44601,21463,23138
77290,479083,35963,230341,25206,443120,44601,21463,23138
77295,479114,35965,230353,25207,443149,44601,21463,23138
77300,479145,35965,230361,25207,443180,44601,21463,23138
77305,479176,35965,230372,25207,443210,44601,21463,23138
77310,479207,35965,230385,25207,443241,44601,21463,23138
77315,479238,35965,230405,25207,443272,44601,21463,23138
77320,479269,35965,230423,25207,443303,44601,21463,23138
77325,479300,35965,230441,25207,443334,44601,21463,23138
77330,479331,35965,230457,25207,443365,44601,21463,23138
77335,479362,35965,230474,25207,443397,44601,21463,23138
77340,479393,35967,230485,25208,443426,44601,21463,23138
77345,479424,35968,230501,25208,443456,44601,21463,23138
77350,479455,35969,230518,25208,443486,44601,21463,23138
77355,479486,35970,230535,25209,443516,44601,21463,23138
77360,479517,35971,230549,25210,443546,44601,21463,23138
77365,479548,35972,230566,25211,443576,44601,21463,23138
77370,479579,35974,230583,25212,443605,44601,21463,23138
77375,479610,35976,230599,25213,443634,44601,21463,23138
77380,479641,35978,230617,25215,443663,44601,21463,23138
77385,479672,35981,230635,25218,443691,44601,21463,23138
77390,479703,35983,230646,25219,443720,44601,21463,23138
77395,479734,35986,230662,25221,443748,44601,21463,23138
77400,479765,35988,230672,25222,443777,44601,21463,23138
77405,479796,35992,230691,25225,443804,44601,21463,23138
77410,479827,35997,230707,25228,443830,44601,21463,23138
77415,479858,36000,230720,25229,443858,44601,21463,23138
77420,479889,36005,230737,25232,443884,44601,21463,23138
77425,479920,36008,230755,25235,443912,44601,21463,23138
77430,479951,36011,230770,25238,443940,44601,21463,23138
77435,479982,36016,230785,25242,443965,44601,21463,23138
77440,480013,36023,230801,25248,443989,44601,21463,23138
77445,480044,36025,230817,25248,444018,44601,21463,23138
77450,480075,36029,230831,25250,444045,44601,21463,23138
77455,480106,36032,230850,25251,444073,44601,21463,23138
77460,480137,36034,230864,25251,444103,44601,21463,23138
77465,480168,36036,230876,25251,444131,44601,21463,23138
77470,480199,36039,230886,25253,444159,44601,21463,23138
77475,480230,36042,230901,25254,444187,44601,21463,23138
77480,480261,36049,230919,25261,444212,44601,21463,23138
77485,480292,36055,230939,25267,444236,44601,21463,23138
77490,480323,36058,230952,25269,444264,44601,21463,23138
77495,480354,36063,230965,25273,444291,44601,21463,23138
77500,480385,36065,230980,25274,444319,44601,21463,23138
77505,480416,36067,230997,25276,444348,44601,21463,23138
77510,480447,36070,231016,25278,444376,44601,21463,23138
77515,480478,36070,231034,25278,444408,44601,21463,23138
77520,480509,36070,231047,25278,444438,44601,21463,23138
77525,480540,36070,231067,25278,444469,44601,21463,23138
77530,480571,36070,231082,25278,444501,44601,21463,23138
77535,480602,36070,231093,25278,444532,44601,21463,23138
77540,480633,36070,231111,25278,444563,44601,21463,23138
77545,480664,36071,231127,25279,444593,44601,21463,23138
77550,480695,36072,231140,25280,444623,44601,21463,23138
77555,480726,36073,231156,25281,444653,44601,21463,23138
77560,480757,36074,231173,25281,444683,44601,21463,23138
77565,480788,36076,231186,25283,444712,44601,21463,23138
77570,480819,36077,231198,25283,444742,44601,21463,23138
77575,480850,36079,231214,25284,444771,44601,21463,23138
77580,480881,36081,231234,25286,444800,44601,21463,23138
77585,480912,36083,231248,25287,444829,44601,21463,23138
77590,480943,36085,231265,25288,444858,44601,21463,23138
77595,480974,36088,231284,25290,444886,44601,21463,23138
77600,481005,36089,231297,25290,444915,44601,21463,23138
77605,481036,36092,231311,25293,444943,44601,21463,23138
77610,481067,36096,231324,25296,444970,44601,21463,23138
77615,481098,36097,231338,25297,445001,44601,21463,23138
77620,481129,36099,231355,25297,445029,44601,21463,23138
77625,481160,36101,231367,25299,445058,44601,21463,23138
77630,481191,36103,231380,25300,445088,44601,21463,23138
77635,481222,36105,231397,25301,445116,44601,21463,23138
77640,481253,36107,231408,25303,445146,44601,21463,23138
77645,481284,36109,231426,25303,445175,44601,21463,23138
77650,481315,36111,231439,25303,445203,44601,21463,23138
77655,481346,36113,231453,25305,445232,44601,21463,23138
77660,481377,36115,231467,25306,445261,44601,21463,23138
77665,481408,36117,231483,25307,445291,44601,21463,23138
77670,481439,36119,231499,25308,445319,44601,21463,23138
77675,481470,36121,231510,25309,445349,44601,21463,23138
77680,481501,36123,231523,25310,445377,44601,21463,23138
77685,481532,36126,231541,25312,445404,44601,21463,23138
77690,481563,36133,231562,25318,445428,44601,21463,23138
77695,481594,36137,231575,25320,445456,44601,21463,23138
77700,481625,36142,231589,25323,445482,44601,21463,23138
77705,481656,36145,231601,25325,445511,44601,21463,23138
77710,481687,36150,231616,25328,445537,44601,21463,23138
77715,481718,36154,231629,25332,445564,44601,21463,23138
77720,481749,36158,231642,25334,445589,44601,21463,23138
77725,481780,36164,231659,25338,445615,44601,21463,23138
77730,481811,36166,231674,25339,445645,44601,21463,23138
77735,481842,36167,231687,25340,445675,44601,21463,23138
77740,481873,36168,231701,25340,445705,44601,21463,23138
77745,481904,36171,231716,25342,445732,44601,21463,23138
77750,481935,36173,231734,25343,445762,44601,21463,23138
77755,481966,36175,231745,25345,445791,44601,21463,23138
77760,481997,36178,231761,25348,445819,44601,21463,23138
77765,482028,36179,231772,25349,445849,44601,21463,23138
77770,482059,36183,231787,25352,445875,44601,21463,23138
77775,482090,36185,231801,25353,445905,44601,21463,23138
77780,482121,36185,231816,25353,445936,44601,21463,23138
77785,482152,36185,231832,25353,445966,44601,21463,23138
77790,482183,36185,231846,25353,445998,44601,21463,23138
77795,482214,36185,231861,25353,446028,44601,21463,23138
77800,482245,36185,231877,25353,446060,44601,21463,23138
77805,482276,36185,231890,25353,446091,44601,21463,23138
77810,482307,36185,231904,25353,446121,44601,21463,23138
77815,482338,36185,231920,25353,446152,44601,21463,23138
77820,482369,36185,231932,25353,446184,44601,21463,23138
77825,482400,36185,231950,25353,446215,44601,21463,23138
77830,482431,36188,231964,25355,446243,44601,21463,23138
77835,482462,36191,231984,25358,446271,44601,21463,23138
77840,482493,36193,231993,25359,446300,44601,21463,23138
77845,482524,36196,232006,25361,446328,44601,21463,23138
77850,482555,36198,232023,25362,446357,44601,21463,23138
77855,482586,36201,232039,25363,446385,44601,21463,23138
77860,482617,36203,232051,25364,446414,44601,21463,23138
77865,482648,36206,232065,25366,446442,44601,21463,23138
77870,482679,36211,232083,25370,446468,44601,21463,23138
77875,482710,36214,232098,25372,446496,44601,21463,23138
77880,482741,36217,232113,25373,446524,44601,21463,23138
77885,482772,36221,232129,25376,446551,44601,21463,23138
77890,482803,36224,232141,25378,446579,44601,21463,23138
77895,482834,36228,232156,25381,446606,44601,21463,23138
77900,482865,36232,232169,25385,446633,44601,21463,23138
77905,482896,36235,232184,25387,446661,44601,21463,23138
77910,482927,36239,232196,25388,446688,44601,21463,23138
77915,482958,36243,232211,25390,446715,44601,21463,23138
77920,482989,36248,232228,25394,446741,44601,21463,23138
77925,483020,36254,232247,25399,446765,44601,21463,23138
77930,483051,36262,232263,25405,446789,44601,21463,23138
77935,483082,36268,232278,25410,446812,44601,21463,23138
77940,483113,36273,232297,25415,446839,44601,21463,23138
77945,483144,36275,232315,25417,446869,44601,21463,23138
77950,483175,36277,232329,25418,446897,44601,21463,23138
77955,483206,36279,232342,25419,446927,44601,21463,23138
77960,483237,36281,232357,25421,446956,44601,21463,23138
77965,483268,36283,232373,25422,446984,44601,21463,23138
77970,483299,36283,232389,25422,447016,44601,21463,23138
77975,483330,36283,232404,25422,447046,44601,21463,23138
77980,483361,36283,232422,25422,447077,44601,21463,23138
77985,483392,36283,232435,25422,447108,44601,21463,23138
77990,483423,36283,232450,25422,447140,44601,21463,23138
77995,483454,36283,232468,25422,447171,44601,21463,23138
78000,483485,36283,232485,25422,447202,44601,21463,23138
78005,483516,36283,232499,25422,447232,44601,21463,23138
78010,483547,36283,232516,25422,447264,44601,21463,23138
78015,483578,36283,232532,25422,447294,44601,21463,23138
78020,483609,36283,232550,25422,447326,44601,21463,23138
78025,483640,36283,232565,25422,447357,44601,21463,23138
78030,483671,36283,232575,25422,447388,44601,21463,23138
78035,483702,36283,232590,25422,447418,44601,21463,23138
78040,483733,36283,232606,25422,447449,44601,21463,23138
78045,483764,36285,232620,25424,447479,44601,21463,23138
78050,483795,36288,232636,25426,447507,44601,21463,23138
78055,483826,36291,232652,25428,447535,44601,21463,23138
78060,483857,36293,232668,25428,447564,44601,21463,23138
78065,483888,36295,232679,25428,447593,44601,21463,23138
78070,483919,36300,232694,25431,447619,44601,21463,23138
78075,483950,36306,232711,25435,447644,44601,21463,23138
78080,483981,36313,232727,25439,447668,44601,21463,23138
78085,484012,36319,232746,25445,447693,44601,21463,23138
78090,484043,36324,232763,25448,447719,44601,21463,23138
78095,484074,36327,232777,25449,447747,44601,21463,23138
78100,484105,36331,232795,25453,447774,44601,21463,23138
78105,484136,36335,232810,25455,447801,44601,21463,23138
78110,484167,36338,232827,25456,447829,44601,21463,23138
78115,484198,36340,232843,25457,447858,44601,21463,23138
78120,484229,36343,232858,25458,447886,44601,21463,23138
78125,484260,36347,232874,25460,447913,44601,21463,23138
78130,484291,36348,232887,25461,447943,44601,21463,23138
78135,484322,36349,232904,25461,447972,44601,21463,23138
78140,484353,36351,232915,25462,448002,44601,21463,23138
78145,484384,36352,232927,25463,448031,44601,21463,23138
78150,484415,36354,232941,25465,448060,44601,21463,23138
78155,484446,36355,232958,25466,448089,44601,21463,23138
78160,484477,36357,232970,25468,448117,44601,21463,23138
78165,484508,36359,232982,25469,448148,44601,21463,23138
78170,484539,36362,232994,25472,448176,44601,21463,23138
78175,484570,36363,233008,25472,448206,44601,21463,23138
78180,484601,36365,233026,25474,448234,44601,21463,23138
78185,484632,36366,233041,25475,448265,44601,21463,23138
78190,484663,36366,233048,25475,448297,44601,21463,23138
78195,484694,36366,233060,25475,448328,44601,21463,23138
78200,484725,36367,233074,25475,448358,44601,21463,23138
78205,484756,36368,233095,25475,448387,44601,21463,23138
78210,484787,36369,233109,25475,448418,44601,21463,23138
78215,484818,36370,233125,25476,448447,44601,21463,23138
78220,484849,36371,233140,25476,448477,44601,21463,23138
78225,484880,36372,233158,25476,448507,44601,21463,23138
78230,484911,36373,233174,25476,448537,44601,21463,23138
78235,484942,36377,233191,25478,448564,44601,21463,23138
78240,484973,36382,233203,25482,448591,44601,21463,23138
78245,485004,36386,233217,25485,448618,44601,21463,23138
78250,485035,36390,233233,25487,448645,44601,21463,23138
78255,485066,36392,233243,25488,448674,44601,21463,23138
78260,485097,36397,233257,25491,448700,44601,21463,23138
78265,485128,36401,233277,25494,448727,44601,21463,23138
78270,485159,36404,233292,25495,448755,44601,21463,23138
78275,485190,36408,233306,25497,448782,44601,21463,23138
78280,485221,36411,233321,25498,448810,44601,21463,23138
78285,485252,36414,233331,25500,448838,44601,21463,23138
78290,485283,36417,233346,25502,448865,44601,21463,23138
78295,485314,36423,233365,25506,448890,44601,21463,23138
78300,485345,36426,233380,25507,448919,44601,21463,23138
78305,485376,36427,233391,25508,448949,44601,21463,23138
78310,485407,36428,233408,25509,448978,44601,21463,23138
78315,485438,36429,233423,25509,449009,44601,21463,23138
78320,485469,36430,233438,25510,449039,44601,21463,23138
78325,485500,36431,233450,25511,449069,44601,21463,23138
78330,485531,36432,233469,25512,449099,44601,21463,23138
78335,485562,36433,233482,25512,449128,44601,21463,23138
78340,485593,36434,233501,25513,449159,44601,21463,23138
78345,485624,36435,233517,25514,449188,44601,21463,23138
78350,485655,36436,233535,25515,449218,44601,21463,23138
78355,485686,36437,233553,25516,449248,44601,21463,23138
78360,485717,36438,233569,25516,449278,44601,21463,23138
78365,485748,36440,233589,25517,449307,44601,21463,23138
78370,485779,36442,233606,25519,449336,44601,21463,23138
78375,485810,36443,233623,25520,449367,44601,21463,23138
78380,485841,36444,233639,25521,449396,44601,21463,23138
78385,485872,36446,233652,25523,449425,44601,21463,23138
78390,485903,36448,233669,25525,449455,44601,21463,23138
78395,485934,36451,233684,25527,449482,44601,21463,23138
78400,485965,36454,233699,25530,449511,44601,21463,23138
78405,485996,36457,233714,25532,449537,44601,21463,23138
78410,486027,36461,233730,25536,449565,44601,21463,23138
78415,486058,36465,233745,25539,449593,44601,21463,23138
78420,486089,36467,233759,25539,449622,44601,21463,23138
78425,486120,36469,233775,25540,449650,44601,21463,23138
78430,486151,36471,233788,25541,449680,44601,21463,23138
78435,486182,36473,233803,25542,449709,44601,21463,23138
78440,486213,36475,233822,25543,449738,44601,21463,23138
78445,486244,36477,233841,25545,449767,44601,21463,23138
78450,486275,36480,233857,25548,449795,44601,21463,23138
78455,486306,36482,233875,25549,449824,44601,21463,23138
78460,486337,36484,233892,25549,449853,44601,21463,23138
78465,486368,36489,233908,25553,449879,44601,21463,23138
78470,486399,36496,233923,25559,449903,44601,21463,23138
78475,486430,36501,233934,25563,449929,44601,21463,23138
78480,486461,36506,233949,25567,449955,44601,21463,23138
78485,486492,36511,233969,25572,449980,44601,21463,23138
78490,486523,36514,233981,25574,450008,44601,21463,23138
78495,486554,36517,233994,25576,450036,44601,21463,23138
78500,486585,36517,234012,25576,450068,44601,21463,23138
78505,486616,36517,234030,25576,450099,44601,21463,23138
78510,486647,36517,234045,25576,450130,44601,21463,23138
78515,486678,36517,234060,25576,450161,44601,21463,23138
78520,486709,36518,234073,25576,450190,44601,21463,23138
78525,486740,36519,234092,25576,450221,44601,21463,23138
78530,486771,36520,234107,25576,450251,44601,21463,23138
78535,486802,36521,234122,25577,450281,44601,21463,23138
78540,486833,36522,234142,25578,450311,44601,21463,23138
78545,486864,36523,234155,25579,450341,44601,21463,23138
78550,486895,36524,234170,25580,450371,44601,21463,23138
78555,486926,36525,234183,25580,450401,44601,21463,23138
78560,486957,36526,234197,25581,450431,44601,21463,23138
78565,486988,36527,234215,25582,450461,44601,21463,23138
78570,487019,36528,234226,25582,450491,44601,21463,23138
78575,487050,36529,234240,25582,450521,44601,21463,23138
78580,487081,36530,234254,25582,450551,44601,21463,23138
78585,487112,36531,234269,25582,450580,44601,21463,23138
78590,487143,36532,234280,25582,450610,44601,21463,23138
78595,487174,36535,234292,25583,450637,44601,21463,23138
78600,487205,36538,234305,25586,450666,44601,21463,23138
78605,487236,36542,234324,25588,450693,44601,21463,23138
78610,487267,36546,234337,25591,450721,44601,21463,23138
78615,487298,36552,234353,25596,450745,44601,21463,23138
78620,487329,36558,234364,25600,450770,44601,21463,23138
78625,487360,36563,234381,25605,450796,44601,21463,23138
78630,487391,36572,234400,25611,450818,44601,21463,23138
78635,487422,36580,234414,25617,450841,44601,21463,23138
78640,487453,36585,234429,25620,450868,44601,21463,23138
78645,487484,36591,234440,25624,450892,44601,21463,23138
78650,487515,36596,234453,25628,450919,44601,21463,23138
78655,487546,36602,234473,25633,450943,44601,21463,23138
78660,487577,36606,234491,25637,450970,44601,21463,23138
78665,487608,36607,234510,25638,451000,44601,21463,23138
78670,487639,36607,234531,25638,451030,44601,21463,23138
78675,487670,36607,234550,25638,451063,44601,21463,23138
78680,487701,36607,234561,25638,451093,44601,21463,23138
78685,487732,36607,234575,25638,451125,44601,21463,23138
78690,487763,36607,234593,25638,451156,44601,21463,23138
78695,487794,36607,234604,25638,451186,44601,21463,23138
78700,487825,36607,234622,25638,451218,44601,21463,23138
78705,487856,36607,234634,25638,451249,44601,21463,23138
78710,487887,36607,234648,25638,451280,44601,21463,23138
78715,487918,36607,234658,25638,451311,44601,21463,23138
78720,487949,36607,234679,25638,451342,44601,21463,23138
78725,487980,36607,234690,25638,451373,44601,21463,23138
78730,488011,36607,234704,25638,451404,44601,21463,23138
78735,488042,36607,234719,25638,451435,44601,21463,23138
78740,488073,36607,234735,25638,451466,44601,21463,23138
78745,488104,36607,234755,25638,451497,44601,21463,23138
78750,488135,36607,234772,25638,451528,44601,21463,23138
78755,488166,36607,234782,25638,451559,44601,21463,23138
78760,488197,36608,234802,25639,451589,44601,21463,23138
78765,488228,36609,234818,25639,451619,44601,21463,23138
78770,488259,36611,234833,25640,451648,44601,21463,23138
78775,488290,36616,234849,25643,451674,44601,21463,23138
78780,488321,36622,234864,25647,451699,44601,21463,23138
78785,488352,36628,234881,25652,451724,44601,21463,23138
78790,488383,36631,234895,25655,451752,44601,21463,23138
78795,488414,36635,234905,25657,451779,44601,21463,23138
78800,488445,36642,234924,25664,451803,44601,21463,23138
78805,488476,36648,234941,25669,451828,44601,21463,23138
78810,488507,36654,234956,25672,451852,44601,21463,23138
78815,488538,36661,234969,25676,451877,44601,21463,23138
78820,488569,36666,234984,25679,451902,44601,21463,23138
78825,488600,36670,235002,25683,451928,44601,21463,23138
78830,488631,36672,235013,25684,451958,44601,21463,23138
78835,488662,36673,235027,25685,451988,44601,21463,23138
78840,488693,36675,235041,25687,452018,44601,21463,23138
78845,488724,36676,235056,25688,452047,44601,21463,23138
78850,488755,36678,235067,25689,452077,44601,21463,23138
78855,488786,36680,235082,25690,452105,44601,21463,23138
78860,488817,36682,235096,25692,452135,44601,21463,23138
78865,488848,36684,235113,25693,452163,44601,21463,23138
78870,488879,36684,235127,25693,452194,44601,21463,23138
78875,488910,36684,235144,25693,452225,44601,21463,23138
78880,488941,36684,235155,25693,452256,44601,21463,23138
78885,488972,36684,235167,25693,452288,44601,21463,23138
78890,489003,36684,235185,25693,452318,44601,21463,23138
78895,489034,36684,235202,25693,452349,44601,21463,23138
78900,489065,36684,235221,25693,452380,44601,21463,23138
78905,489096,36684,235238,25693,452412,44601,21463,23138
78910,489127,36684,235253,25693,452442,44601,21463,23138
78915,489158,36684,235265,25693,452474,44601,21463,23138
78920,489189,36684,235282,25693,452505,44601,21463,23138
78925,489220,36685,235294,25693,452535,44601,21463,23138
78930,489251,36687,235306,25693,452564,44601,21463,23138
78935,489282,36689,235321,25694,452593,44601,21463,23138
78940,489313,36691,235331,25695,452622,44601,21463,23138
78945,489344,36695,235345,25698,452649,44601,21463,23138
78950,489375,36701,235361,25704,452674,44601,21463,23138
78955,489406,36704,235373,25705,452702,44601,21463,23138
78960,489437,36707,235388,25706,452730,44601,21463,23138
78965,489468,36711,235406,25710,452757,44601,21463,23138
78970,489499,36717,235422,25714,452782,44601,21463,23138
78975,489530,36723,235436,25717,452807,44601,21463,23138
78980,489561,36726,235454,25719,452835,44601,21463,23138
78985,489592,36728,235465,25720,452864,44601,21463,23138
78990,489623,36730,235479,25720,452892,44601,21463,23138
78995,489654,36733,235493,25722,452921,44601,21463,23138
79000,489685,36737,235508,25726,452948,44601,21463,23138
79005,489716,36740,235518,25727,452975,44601,21463,23138
79010,489747,36742,235531,25728,453005,44601,21463,23138
79015,489778,36744,235548,25730,453034,44601,21463,23138
79020,489809,36747,235564,25732,453061,44601,21463,23138
79025,489840,36748,235575,25732,453091,44601,21463,23138
79030,489871,36749,235594,25732,453121,44601,21463,23138
79035,489902,36750,235607,25733,453152,44601,21463,23138
79040,489933,36751,235622,25734,453182,44601,21463,23138
79045,489964,36752,235638,25734,453212,44601,21463,23138
79050,489995,36753,235651,25735,453241,44601,21463,23138
79055,490026,36754,235662,25735,453271,44601,21463,23138
79060,490057,36755,235679,25736,453302,44601,21463,23138
79065,490088,36756,235695,25737,453331,44601,21463,23138
79070,490119,36758,235711,25738,453360,44601,21463,23138
79075,490150,36761,235723,25740,453388,44601,21463,23138
79080,490181,36763,235741,25741,453417,44601,21463,23138
79085,490212,36766,235754,25742,453445,44601,21463,23138
79090,490243,36771,235767,25745,453471,44601,21463,23138
79095,490274,36775,235779,25749,453499,44601,21463,23138
79100,490305,36778,235798,25751,453526,44601,21463,23138
79105,490336,36782,235810,25754,453553,44601,21463,23138
79110,490367,36786,235823,25758,453581,44601,21463,23138
79115,490398,36790,235840,25761,453608,44601,21463,23138
79120,490429,36792,235850,25762,453637,44601,21463,23138
79125,490460,36795,235866,25764,453665,44601,21463,23138
79130,490491,36799,235889,25768,453692,44601,21463,23138
79135,490522,36802,235901,25770,453720,44601,21463,23138
79140,490553,36805,235916,25772,453748,44601,21463,23138
79145,490584,36806,235928,25772,453778,44601,21463,23138
79150,490615,36807,235950,25773,453808,44601,21463,23138
79155,490646,36808,235964,25774,453838,44601,21463,23138
79160,490677,36809,235977,25775,453868,44601,21463,23138
79165,490708,36810,235994,25776,453897,44601,21463,23138
79170,490739,36811,236010,25777,453927,44601,21463,23138
79175,490770,36812,236023,25778,453958,44601,21463,23138
79180,490801,36813,236036,25778,453987,44601,21463,23138
79185,490832,36815,236053,25779,454017,44601,21463,23138
79190,490863,36816,236074,25780,454046,44601,21463,23138
79195,490894,36818,236090,25782,454075,44601,21463,23138
79200,490925,36820,236106,25784,454105,44601,21463,23138
79205,490956,36822,236123,25786,454134,44601,21463,23138
79210,490987,36824,236137,25787,454162,44601,21463,23138
79215,491018,36826,236149,25788,454192,44601,21463,23138
79220,491049,36828,236164,25789,454221,44601,21463,23138
79225,491080,36832,236181,25793,454248,44601,21463,23138
79230,491111,36834,236195,25794,454277,44601,21463,23138
79235,491142,36835,236208,25795,454307,44601,21463,23138
79240,491173,36836,236229,25795,454337,44601,21463,23138
79245,491204,36838,236240,25797,454366,44601,21463,23138
79250,491235,36840,236258,25797,454395,44601,21463,23138
79255,491266,36843,236278,25800,454423,44601,21463,23138
79260,491297,36846,236292,25803,454451,44601,21463,23138
79265,491328,36850,236306,25806,454478,44601,21463,23138
79270,491359,36852,236318,25807,454507,44601,21463,23138
79275,491390,36855,236338,25809,454535,44601,21463,23138
79280,491421,36859,236356,25812,454562,44601,21463,23138
79285,491452,36862,236375,25815,454590,44601,21463,23138
79290,491483,36866,236391,25819,454617,44601,21463,23138
79295,491514,36868,236405,25820,454646,44601,21463,23138
79300,491545,36871,236422,25822,454674,44601,21463,23138
79305,491576,36875,236437,25826,454701,44601,21463,23138
79310,491607,36877,236451,25828,454730,44601,21463,23138
79315,491638,36881,236466,25832,454757,44601,21463,23138
79320,491669,36884,236479,25834,454784,44601,21463,23138
79325,491700,36888,236494,25837,454811,44601,21463,23138
79330,491731,36890,236510,25838,454841,44601,21463,23138
79335,491762,36892,236529,25839,454870,44601,21463,23138
79340,491793,36895,236548,25841,454897,44601,21463,23138
79345,491824,36896,236555,25841,454928,44601,21463,23138
79350,491855,36897,236571,25842,454957,44601,21463,23138
79355,491886,36898,236583,25843,454988,44601,21463,23138
79360,491917,36899,236604,25844,455017,44601,21463,23138
79365,491948,36900,236620,25844,455048,44601,21463,23138
79370,491979,36901,236635,25845,455078,44601,21463,23138
79375,492010,36904,236653,25847,455106,44601,21463,23138
79380,492041,36907,236677,25850,455134,44601,21463,23138
79385,492072,36908,236694,25851,455164,44601,21463,23138
79390,492103,36910,236711,25853,455193,44601,21463,23138
79395,492134,36911,236725,25853,455223,44601,21463,23138
79400,492165,36912,236742,25854,455253,44601,21463,23138
79405,492196,36914,236755,25855,455282,44601,21463,23138
79410,492227,36916,236769,25856,455311,44601,21463,23138
79415,492258,36917,236786,25857,455341,44601,21463,23138
79420,492289,36919,236802,25858,455370,44601,21463,23138
79425,492320,36921,236817,25860,455399,44601,21463,23138
79430,492351,36923,236830,25861,455428,44601,21463,23138
79435,492382,36926,236845,25863,455456,44601,21463,23138
79440,492413,36929,236863,25865,455484,44601,21463,23138
79445,492444,36930,236880,25865,455514,44601,21463,23138
79450,492475,36932,236891,25865,455543,44601,21463,23138
79455,492506,36935,236904,25866,455571,44601,21463,23138
79460,492537,36938,236918,25869,455599,44601,21463,23138
79465,492568,36940,236933,25869,455628,44601,21463,23138
79470,492599,36943,236945,25871,455656,44601,21463,23138
79475,492630,36945,236959,25872,455685,44601,21463,23138
79480,492661,36949,236974,25875,455712,44601,21463,23138
79485,492692,36954,236990,25879,455738,44601,21463,23138
79490,492723,36957,237002,25881,455766,44601,21463,23138
79495,492754,36960,237020,25883,455794,44601,21463,23138
79500,492785,36961,237033,25883,455824,44601,21463,23138
79505,492816,36962,237048,25883,455854,44601,21463,23138
79510,492847,36963,237064,25883,455884,44601,21463,23138
79515,492878,36964,237077,25884,455914,44601,21463,23138
79520,492909,36965,237087,25885,455944,44601,21463,23138
79525,492940,36966,237101,25885,455974,44601,21463,23138
79530,492971,36967,237119,25886,456004,44601,21463,23138
79535,493002,36968,237136,25887,456034,44601,21463,23138
79540,493033,36969,237156,25888,456064,44601,21463,23138
79545,493064,36971,237162,25889,456093,44601,21463,23138
79550,493095,36973,237179,25891,456121,44601,21463,23138
79555,493126,36976,237192,25892,456150,44601,21463,23138
