Time,  Packets Generated,  Packets Reached,High Priority Packets Generated, High Priority Packets reached, Packet Dropped, Packet Dropped due to Faulty Node, High Prio Packet Dropped due to Faulty Node, Low Prio Packet Dropped due to Faulty Node 
5,1,1,1,1,0,0,0,0
10,7,4,6,3,3,3,3,0
15,15,7,9,3,7,7,6,1
20,31,14,16,8,15,15,8,7
25,50,23,26,12,25,25,13,12
30,74,36,36,18,36,36,17,19
35,102,49,46,22,50,50,24,26
40,133,64,64,29,66,66,33,33
45,164,79,81,34,82,82,44,38
50,195,94,96,45,98,98,51,47
55,226,109,110,53,114,114,57,57
60,257,122,125,58,132,130,65,65
65,288,134,140,67,146,137,70,67
70,319,152,157,80,159,144,74,70
75,350,170,173,91,172,151,76,75
80,381,187,188,103,186,158,80,78
85,412,206,202,115,200,165,83,82
90,443,219,213,124,218,172,86,86
95,474,230,226,129,238,179,87,92
100,505,238,237,132,261,186,89,97
105,536,247,250,139,284,193,90,103
110,567,254,259,142,307,200,91,109
115,598,263,278,147,328,207,97,110
120,629,272,292,152,351,214,100,114
125,660,280,310,159,375,220,102,118
130,691,288,329,167,399,226,106,120
135,722,295,347,174,422,232,110,122
140,753,301,363,179,447,238,114,124
145,784,309,377,186,472,244,117,127
150,815,316,385,191,497,250,119,131
155,846,320,398,195,523,256,121,135
160,877,326,412,199,550,262,126,136
165,908,332,427,204,571,268,128,140
170,939,337,442,209,600,274,133,141
175,970,340,460,211,627,280,138,142
180,1001,342,473,212,657,286,140,146
185,1032,342,488,212,688,292,143,149
190,1063,342,505,212,719,298,145,153
195,1094,342,518,212,750,304,146,158
200,1125,344,536,214,778,310,151,159
205,1156,348,552,218,806,316,154,162
210,1187,352,569,222,835,322,160,162
215,1218,353,583,223,864,328,162,166
220,1249,355,596,224,892,334,164,170
225,1280,359,612,228,918,340,168,172
230,1311,365,624,233,946,346,170,176
235,1342,365,635,233,977,352,174,178
240,1373,365,653,233,1008,358,178,180
245,1404,365,668,233,1039,364,180,184
250,1435,365,684,233,1070,370,185,185
255,1466,365,699,233,1101,376,188,188
260,1497,365,713,233,1132,382,192,190
265,1528,365,730,233,1163,388,197,191
270,1559,365,744,233,1194,394,201,193
275,1590,366,756,234,1224,400,204,196
280,1621,367,772,235,1254,406,207,199
285,1652,368,786,236,1284,412,210,202
290,1683,369,806,237,1314,418,212,206
295,1714,372,819,238,1342,424,216,208
300,1745,374,833,240,1371,430,219,211
305,1776,379,845,243,1397,436,222,214
310,1807,383,859,246,1423,442,224,218
315,1838,387,875,249,1449,448,227,221
320,1869,392,891,252,1473,454,230,224
325,1900,399,905,258,1500,460,231,229
330,1931,402,927,261,1528,466,235,231
335,1962,403,942,262,1558,472,240,232
340,1993,406,954,264,1586,478,244,234
345,2024,410,967,267,1613,484,245,239
350,2055,414,986,271,1640,490,248,242
355,2086,417,1001,273,1667,496,252,244
360,2117,422,1017,278,1694,502,255,247
365,2148,426,1033,281,1720,508,257,251
370,2179,431,1049,284,1747,514,262,252
375,2210,435,1065,286,1774,520,267,253
380,2241,440,1080,290,1801,526,268,258
385,2272,440,1097,290,1832,532,273,259
390,2303,440,1111,290,1863,538,274,264
395,2334,440,1123,290,1894,544,275,269
400,2365,440,1139,290,1925,550,278,272
405,2396,440,1157,290,1956,556,282,274
410,2427,440,1175,290,1987,562,286,276
415,2458,440,1186,290,2018,568,288,280
420,2489,440,1197,290,2049,574,291,283
425,2520,440,1215,290,2080,580,294,286
430,2551,441,1226,290,2110,586,298,288
435,2582,442,1245,291,2140,592,304,288
440,2613,443,1258,292,2170,598,306,292
445,2644,444,1276,293,2199,604,309,295
450,2675,447,1289,295,2226,610,311,299
455,2706,450,1302,297,2254,616,314,302
460,2737,453,1316,300,2284,622,317,305
465,2768,456,1329,303,2311,628,320,308
470,2799,458,1350,305,2337,634,326,308
475,2830,464,1363,311,2364,640,329,311
480,2861,464,1380,311,2396,646,331,315
485,2892,464,1395,311,2428,652,334,318
490,2923,467,1409,313,2455,658,338,320
495,2954,470,1421,314,2484,664,340,324
500,2985,472,1438,315,2512,670,344,326
505,3016,476,1454,319,2540,676,346,330
510,3047,478,1464,320,2568,682,347,335
515,3078,482,1477,323,2595,688,351,337
520,3109,485,1491,324,2623,694,354,340
525,3140,489,1507,328,2651,700,357,343
530,3171,492,1517,330,2679,706,359,347
535,3202,494,1530,331,2707,712,362,350
540,3233,497,1547,333,2735,718,366,352
545,3264,502,1565,337,2761,724,369,355
550,3295,507,1581,341,2788,730,372,358
555,3326,510,1602,342,2814,736,378,358
560,3357,515,1618,345,2841,742,380,362
565,3388,518,1642,347,2870,748,385,363
570,3419,520,1660,348,2899,754,389,365
575,3450,521,1673,349,2929,760,391,369
580,3481,523,1686,351,2958,766,393,373
585,3512,524,1696,351,2988,772,395,377
590,3543,525,1711,351,3018,778,398,380
595,3574,527,1720,352,3046,784,399,385
600,3605,529,1733,353,3075,790,401,389
605,3636,532,1748,355,3104,796,402,394
610,3667,534,1763,356,3133,802,405,397
615,3698,535,1779,356,3163,808,409,399
620,3729,536,1794,357,3193,814,412,402
625,3760,537,1806,358,3223,820,416,404
630,3791,538,1820,358,3253,826,418,408
635,3822,539,1836,358,3283,832,422,410
640,3853,542,1856,361,3311,838,427,411
645,3884,545,1878,364,3337,844,431,413
650,3915,548,1890,366,3366,850,433,417
655,3946,549,1901,367,3397,856,434,422
660,3977,549,1919,367,3427,862,437,425
665,4008,549,1936,367,3456,868,440,428
670,4039,551,1954,369,3487,874,443,431
675,4070,553,1967,371,3516,880,445,435
680,4101,555,1980,373,3546,886,449,437
685,4132,557,1997,373,3574,892,451,441
690,4163,561,2009,375,3602,898,454,444
695,4194,564,2026,377,3630,904,457,447
700,4225,566,2040,379,3659,910,460,450
705,4256,568,2057,380,3687,916,462,454
710,4287,572,2071,383,3715,922,465,457
715,4318,574,2087,384,3744,928,468,460
720,4349,577,2105,387,3771,934,473,461
725,4380,580,2123,389,3800,940,476,464
730,4411,584,2138,392,3825,946,477,469
735,4442,589,2150,396,3851,952,479,473
740,4473,594,2167,399,3878,958,483,475
745,4504,597,2182,402,3907,964,487,477
750,4535,603,2200,408,3931,970,489,481
755,4566,604,2217,408,3961,976,493,483
760,4597,607,2232,410,3990,982,494,488
765,4628,611,2244,412,4015,988,496,492
770,4659,614,2262,415,4044,994,499,495
775,4690,615,2274,415,4075,1000,501,499
780,4721,617,2290,416,4104,1006,503,503
785,4752,619,2307,418,4133,1012,503,509
790,4783,621,2321,420,4162,1018,506,512
795,4814,623,2337,422,4191,1024,508,516
800,4845,626,2350,424,4219,1030,510,520
805,4876,627,2362,424,4249,1036,512,524
810,4907,629,2378,426,4278,1042,516,526
815,4938,631,2398,427,4307,1048,520,528
820,4969,633,2409,429,4336,1054,520,534
825,5000,635,2426,431,4363,1060,522,538
830,5031,636,2443,432,4394,1066,526,540
835,5062,636,2460,432,4425,1072,528,544
840,5093,636,2473,432,4457,1078,531,547
845,5124,636,2489,432,4486,1084,535,549
850,5155,636,2506,432,4519,1090,539,551
855,5186,636,2525,432,4550,1096,543,553
860,5217,637,2540,432,4580,1102,545,557
865,5248,638,2553,433,4610,1108,547,561
870,5279,639,2572,433,4640,1114,552,562
875,5310,640,2586,433,4669,1120,556,564
880,5341,644,2604,436,4696,1126,559,567
885,5372,648,2615,438,4723,1132,561,571
890,5403,651,2627,440,4751,1138,562,576
895,5434,654,2640,442,4780,1144,566,578
900,5465,656,2655,443,4808,1150,570,580
905,5496,661,2668,447,4834,1156,572,584
910,5527,666,2681,450,4861,1162,575,587
915,5558,671,2696,453,4886,1168,578,590
920,5589,675,2710,455,4913,1174,580,594
925,5620,676,2723,455,4942,1180,584,596
930,5651,679,2737,456,4971,1186,588,598
935,5682,681,2751,458,4999,1192,590,602
940,5713,684,2764,461,5028,1198,591,607
945,5744,687,2778,464,5057,1204,593,611
950,5775,691,2792,467,5084,1210,597,613
955,5806,695,2809,470,5111,1216,601,615
960,5837,697,2825,470,5140,1222,604,618
965,5868,701,2843,473,5167,1228,609,619
970,5899,705,2861,477,5194,1234,614,620
975,5930,709,2875,480,5221,1240,617,623
980,5961,711,2890,481,5250,1246,619,627
985,5992,714,2911,484,5278,1252,623,629
990,6023,716,2926,486,5307,1258,626,632
995,6054,718,2939,488,5336,1264,627,637
1000,6085,720,2953,490,5365,1270,629,641
1005,6116,720,2965,490,5395,1276,632,644
1010,6147,720,2986,490,5426,1282,635,647
1015,6178,720,3002,490,5457,1288,638,650
1020,6209,720,3017,490,5488,1294,641,653
1025,6240,720,3032,490,5519,1300,645,655
1030,6271,720,3047,490,5550,1306,648,658
1035,6302,722,3060,492,5578,1312,649,663
1040,6333,723,3081,493,5609,1318,652,666
1045,6364,725,3100,494,5637,1324,654,670
1050,6395,728,3114,496,5667,1330,656,674
1055,6426,731,3128,498,5695,1336,659,677
1060,6457,735,3139,501,5722,1342,659,683
1065,6488,737,3152,502,5750,1348,663,685
1070,6519,742,3171,506,5775,1354,666,688
1075,6550,745,3182,508,5804,1360,668,692
1080,6581,745,3199,508,5835,1366,673,693
1085,6612,746,3211,508,5866,1372,676,696
1090,6643,748,3226,509,5895,1378,678,700
1095,6674,750,3237,510,5924,1384,679,705
1100,6705,752,3254,512,5952,1390,683,707
1105,6736,753,3265,512,5982,1396,684,712
1110,6767,754,3282,513,6013,1402,688,714
1115,6798,756,3301,514,6042,1408,693,715
1120,6829,759,3318,516,6070,1414,696,718
1125,6860,761,3333,517,6099,1420,697,723
1130,6891,763,3347,519,6128,1426,700,726
1135,6922,767,3359,521,6155,1432,702,730
1140,6953,770,3375,522,6183,1438,706,732
1145,6984,772,3390,524,6212,1444,709,735
1150,7015,775,3403,525,6240,1450,712,738
1155,7046,779,3419,528,6267,1456,715,741
1160,7077,781,3431,530,6296,1462,718,744
1165,7108,784,3444,531,6324,1468,721,747
1170,7139,788,3462,533,6351,1474,725,749
1175,7170,791,3477,535,6379,1480,728,752
1180,7201,795,3497,538,6405,1486,732,754
1185,7232,798,3508,540,6434,1492,736,756
1190,7263,801,3523,542,6461,1498,739,759
1195,7294,807,3543,548,6485,1504,744,760
1200,7325,812,3558,552,6512,1510,749,761
1205,7356,817,3578,557,6535,1516,754,762
1210,7387,823,3602,562,6562,1522,758,764
1215,7418,824,3616,563,6594,1528,760,768
1220,7449,824,3636,563,6624,1534,765,769
1225,7480,824,3656,563,6655,1540,767,773
1230,7511,824,3668,563,6687,1546,769,777
1235,7542,824,3679,563,6718,1552,771,781
1240,7573,824,3690,563,6747,1558,772,786
1245,7604,824,3705,563,6780,1564,776,788
1250,7635,824,3719,563,6811,1570,781,789
1255,7666,824,3732,563,6842,1576,784,792
1260,7697,824,3754,563,6873,1582,788,794
1265,7728,824,3775,563,6904,1588,793,795
1270,7759,824,3789,563,6933,1594,795,799
1275,7790,824,3800,563,6965,1600,798,802
1280,7821,824,3813,563,6997,1606,800,806
1285,7852,826,3833,565,7026,1612,800,812
1290,7883,828,3845,567,7055,1618,802,816
1295,7914,830,3864,569,7084,1624,807,817
1300,7945,831,3879,569,7114,1630,811,819
1305,7976,832,3891,569,7144,1636,812,824
1310,8007,835,3902,571,7172,1642,812,830
1315,8038,837,3914,571,7201,1648,814,834
1320,8069,840,3926,571,7228,1654,816,838
1325,8100,844,3939,575,7254,1660,818,842
1330,8131,851,3958,582,7279,1666,820,846
1335,8162,858,3976,588,7302,1672,823,849
1340,8193,867,3991,595,7325,1678,825,853
1345,8224,873,4007,600,7351,1684,828,856
1350,8255,875,4018,600,7380,1690,831,859
1355,8286,879,4033,602,7407,1696,834,862
1360,8317,882,4051,603,7435,1702,838,864
1365,8348,885,4062,604,7463,1708,840,868
1370,8379,888,4076,605,7491,1714,844,870
1375,8410,892,4091,608,7518,1720,847,873
1380,8441,896,4108,610,7544,1726,850,876
1385,8472,897,4121,611,7575,1732,852,880
1390,8503,900,4140,613,7603,1738,856,882
1395,8534,900,4155,613,7634,1744,859,885
1400,8565,900,4172,613,7665,1750,861,889
1405,8596,900,4189,613,7696,1756,865,891
1410,8627,900,4206,613,7727,1762,868,894
1415,8658,900,4223,613,7758,1768,872,896
1420,8689,900,4239,613,7788,1774,873,901
1425,8720,900,4251,613,7820,1780,876,904
1430,8751,900,4261,613,7850,1786,878,908
1435,8782,900,4280,613,7880,1792,881,911
1440,8813,900,4294,613,7910,1798,884,914
1445,8844,900,4307,613,7944,1804,886,918
1450,8875,900,4318,613,7974,1810,888,922
1455,8906,902,4332,614,8002,1816,892,924
1460,8937,904,4351,616,8033,1822,897,925
1465,8968,905,4362,617,8062,1828,901,927
1470,8999,906,4373,617,8092,1834,903,931
1475,9030,908,4389,618,8121,1840,905,935
1480,9061,910,4407,619,8150,1846,909,937
1485,9092,914,4427,623,8177,1852,914,938
1490,9123,917,4446,625,8205,1858,917,941
1495,9154,921,4459,627,8231,1864,920,944
1500,9185,926,4474,630,8258,1870,921,949
1505,9216,933,4489,635,8283,1876,923,953
1510,9247,937,4506,636,8310,1882,925,957
1515,9278,940,4523,638,8338,1888,926,962
1520,9309,942,4533,638,8367,1894,928,966
1525,9340,944,4546,638,8396,1900,932,968
1530,9371,946,4560,639,8425,1906,935,971
1535,9402,948,4574,640,8454,1912,938,974
1540,9433,952,4589,642,8481,1918,941,977
1545,9464,955,4612,645,8508,1924,945,979
1550,9495,957,4630,647,8537,1930,949,981
1555,9526,960,4648,649,8565,1936,952,984
1560,9557,963,4662,651,8594,1942,953,989
1565,9588,967,4679,654,8621,1948,956,992
1570,9619,970,4699,657,8648,1954,960,994
1575,9650,973,4715,658,8677,1960,964,996
1580,9681,978,4733,662,8703,1966,967,999
1585,9712,980,4747,663,8732,1972,969,1003
1590,9743,982,4763,664,8761,1978,972,1006
1595,9774,985,4780,667,8789,1984,973,1011
1600,9805,987,4794,669,8817,1990,976,1014
1605,9836,989,4805,671,8846,1996,978,1018
1610,9867,990,4821,672,8875,2002,981,1021
1615,9898,990,4839,672,8906,2008,984,1024
1620,9929,992,4856,674,8936,2014,988,1026
1625,9960,994,4868,675,8965,2020,991,1029
1630,9991,995,4878,676,8996,2026,993,1033
1635,10022,996,4892,676,9024,2032,997,1035
1640,10053,998,4906,677,9054,2038,999,1039
1645,10084,999,4922,678,9084,2044,1002,1042
1650,10115,1000,4934,679,9114,2050,1006,1044
1655,10146,1001,4954,680,9144,2056,1010,1046
1660,10177,1003,4970,682,9174,2062,1013,1049
1665,10208,1004,4981,682,9204,2068,1016,1052
1670,10239,1006,4996,684,9231,2074,1016,1058
1675,10270,1010,5010,688,9260,2080,1017,1063
1680,10301,1012,5023,690,9287,2086,1019,1067
1685,10332,1017,5043,694,9315,2092,1024,1068
1690,10363,1020,5058,696,9343,2098,1026,1072
1695,10394,1023,5080,698,9371,2104,1032,1072
1700,10425,1027,5099,702,9398,2110,1035,1075
1705,10456,1029,5109,704,9427,2116,1037,1079
1710,10487,1031,5123,706,9456,2122,1040,1082
1715,10518,1033,5137,707,9485,2128,1043,1085
1720,10549,1036,5157,709,9512,2134,1046,1088
1725,10580,1039,5173,712,9541,2140,1049,1091
1730,10611,1041,5185,712,9569,2146,1051,1095
1735,10642,1043,5203,714,9598,2152,1054,1098
1740,10673,1046,5215,716,9626,2158,1056,1102
1745,10704,1047,5231,716,9657,2164,1060,1104
1750,10735,1048,5247,716,9686,2170,1062,1108
1755,10766,1050,5261,717,9716,2176,1065,1111
1760,10797,1052,5278,718,9745,2182,1068,1114
1765,10828,1054,5295,720,9774,2188,1072,1116
1770,10859,1056,5305,721,9803,2194,1075,1119
1775,10890,1058,5323,723,9832,2200,1079,1121
1780,10921,1059,5342,723,9862,2206,1083,1123
1785,10952,1061,5361,725,9891,2212,1085,1127
1790,10983,1063,5378,726,9919,2218,1088,1130
1795,11014,1066,5398,728,9947,2224,1092,1132
1800,11045,1070,5412,730,9974,2230,1095,1135
1805,11076,1074,5426,734,10002,2236,1097,1139
1810,11107,1075,5440,735,10032,2242,1099,1143
1815,11138,1076,5456,736,10062,2248,1101,1147
1820,11169,1077,5473,737,10091,2254,1105,1149
1825,11200,1079,5486,738,10121,2260,1107,1153
1830,11231,1080,5503,739,10150,2266,1110,1156
1835,11262,1081,5524,740,10180,2272,1114,1158
1840,11293,1082,5540,740,10209,2278,1118,1160
1845,11324,1085,5554,742,10238,2284,1120,1164
1850,11355,1088,5566,743,10267,2290,1122,1168
1855,11386,1091,5577,744,10295,2296,1126,1170
1860,11417,1094,5592,746,10322,2302,1129,1173
1865,11448,1099,5606,749,10347,2308,1132,1176
1870,11479,1105,5621,754,10372,2314,1135,1179
1875,11510,1108,5635,757,10402,2320,1138,1182
1880,11541,1109,5644,757,10432,2326,1140,1186
1885,11572,1112,5653,759,10460,2332,1141,1191
1890,11603,1114,5666,760,10489,2338,1143,1195
1895,11634,1116,5680,761,10518,2344,1145,1199
1900,11665,1120,5693,764,10544,2350,1148,1202
1905,11696,1122,5705,766,10574,2356,1150,1206
1910,11727,1124,5721,767,10603,2362,1155,1207
1915,11758,1125,5741,767,10632,2368,1160,1208
1920,11789,1126,5754,768,10662,2374,1162,1212
1925,11820,1127,5765,768,10693,2380,1164,1216
1930,11851,1128,5780,769,10723,2386,1167,1219
1935,11882,1129,5799,770,10753,2392,1170,1222
1940,11913,1131,5817,771,10782,2398,1173,1225
1945,11944,1133,5833,772,10811,2404,1179,1225
1950,11975,1135,5847,773,10840,2410,1180,1230
1955,12006,1137,5862,775,10869,2416,1186,1230
1960,12037,1139,5880,776,10898,2422,1189,1233
1965,12068,1142,5895,779,10926,2428,1193,1235
1970,12099,1145,5914,782,10953,2434,1197,1237
1975,12130,1148,5930,784,10980,2440,1199,1241
1980,12161,1149,5944,785,11012,2446,1202,1244
1985,12192,1150,5959,786,11042,2452,1203,1249
1990,12223,1151,5974,786,11071,2458,1206,1252
1995,12254,1153,5989,788,11101,2464,1209,1255
2000,12285,1154,5997,789,11130,2470,1209,1261
2005,12316,1156,6007,791,11159,2476,1210,1266
2010,12347,1158,6022,793,11189,2482,1213,1269
2015,12378,1159,6031,793,11219,2488,1214,1274
2020,12409,1160,6040,793,11249,2494,1216,1278
2025,12440,1162,6051,794,11277,2500,1218,1282
2030,12471,1167,6065,798,11304,2506,1222,1284
2035,12502,1171,6080,801,11329,2512,1225,1287
2040,12533,1174,6092,804,11356,2518,1225,1293
2045,12564,1180,6106,808,11383,2524,1227,1297
2050,12595,1182,6121,809,11413,2530,1230,1300
2055,12626,1184,6138,811,11442,2536,1232,1304
2060,12657,1187,6153,814,11470,2542,1233,1309
2065,12688,1189,6168,815,11499,2548,1236,1312
2070,12719,1192,6179,817,11527,2554,1239,1315
2075,12750,1193,6189,817,11557,2560,1239,1321
2080,12781,1195,6202,818,11586,2566,1242,1324
2085,12812,1197,6218,819,11615,2572,1245,1327
2090,12843,1201,6234,821,11642,2578,1250,1328
2095,12874,1204,6253,823,11670,2584,1251,1333
2100,12905,1205,6267,823,11700,2590,1252,1338
2105,12936,1206,6280,824,11730,2596,1254,1342
2110,12967,1207,6296,825,11760,2602,1256,1346
2115,12998,1208,6317,825,11790,2608,1261,1347
2120,13029,1209,6334,826,11820,2614,1265,1349
2125,13060,1210,6354,827,11850,2620,1268,1352
2130,13091,1211,6367,828,11880,2626,1271,1355
2135,13122,1212,6378,829,11910,2632,1273,1359
2140,13153,1213,6391,829,11940,2638,1274,1364
2145,13184,1214,6408,829,11969,2644,1276,1368
2150,13215,1215,6421,829,11999,2650,1279,1371
2155,13246,1220,6435,832,12025,2656,1281,1375
2160,13277,1224,6446,835,12053,2662,1284,1378
2165,13308,1227,6464,836,12079,2668,1286,1382
2170,13339,1232,6481,840,12106,2674,1289,1385
2175,13370,1235,6497,843,12134,2680,1292,1388
2180,13401,1239,6513,847,12162,2686,1296,1390
2185,13432,1244,6531,851,12188,2692,1301,1391
2190,13463,1246,6546,852,12215,2698,1304,1394
2195,13494,1252,6560,857,12242,2704,1306,1398
2200,13525,1257,6577,861,12268,2710,1308,1402
2205,13556,1262,6594,865,12292,2716,1312,1404
2210,13587,1267,6614,870,12317,2722,1317,1405
2215,13618,1271,6626,874,12346,2728,1322,1406
2220,13649,1272,6639,875,12376,2734,1324,1410
2225,13680,1274,6653,876,12406,2740,1326,1414
2230,13711,1275,6668,877,12436,2746,1330,1416
2235,13742,1277,6677,878,12465,2752,1333,1419
2240,13773,1278,6688,879,12495,2758,1334,1424
2245,13804,1279,6708,880,12525,2764,1339,1425
2250,13835,1280,6723,880,12555,2770,1343,1427
2255,13866,1282,6734,882,12584,2776,1344,1432
2260,13897,1284,6744,883,12613,2782,1345,1437
2265,13928,1285,6756,884,12643,2788,1347,1441
2270,13959,1288,6770,886,12671,2794,1348,1446
2275,13990,1290,6784,887,12700,2800,1349,1451
2280,14021,1292,6797,888,12729,2806,1353,1453
2285,14052,1292,6807,888,12760,2812,1354,1458
2290,14083,1292,6823,888,12791,2818,1357,1461
2295,14114,1292,6838,888,12822,2824,1360,1464
2300,14145,1292,6854,888,12853,2830,1364,1466
2305,14176,1292,6865,888,12884,2836,1366,1470
2310,14207,1293,6877,889,12913,2842,1369,1473
2315,14238,1294,6890,889,12942,2848,1373,1475
2320,14269,1295,6911,890,12970,2854,1375,1479
2325,14300,1299,6928,893,12999,2860,1378,1482
2330,14331,1303,6944,896,13026,2866,1381,1485
2335,14362,1306,6955,898,13055,2872,1383,1489
2340,14393,1310,6968,900,13081,2878,1385,1493
2345,14424,1317,6980,906,13107,2884,1386,1498
2350,14455,1320,6999,907,13133,2890,1390,1500
2355,14486,1326,7013,912,13160,2896,1392,1504
2360,14517,1328,7025,912,13186,2902,1394,1508
2365,14548,1333,7040,917,13213,2908,1397,1511
2370,14579,1339,7058,922,13239,2914,1398,1516
2375,14610,1342,7076,925,13268,2920,1401,1519
2380,14641,1342,7087,925,13299,2926,1402,1524
2385,14672,1342,7101,925,13330,2932,1405,1527
2390,14703,1342,7113,925,13361,2938,1407,1531
2395,14734,1344,7130,927,13389,2944,1410,1534
2400,14765,1345,7146,928,13418,2950,1414,1536
2405,14796,1346,7167,929,13450,2956,1418,1538
2410,14827,1347,7182,930,13480,2962,1419,1543
2415,14858,1348,7195,930,13510,2968,1422,1546
2420,14889,1350,7206,931,13539,2974,1425,1549
2425,14920,1352,7220,932,13568,2980,1427,1553
2430,14951,1353,7234,932,13598,2986,1431,1555
2435,14982,1354,7250,932,13627,2992,1435,1557
2440,15013,1356,7261,934,13657,2998,1435,1563
2445,15044,1359,7275,936,13685,3004,1437,1567
2450,15075,1361,7295,938,13713,3010,1439,1571
2455,15106,1362,7308,938,13743,3016,1442,1574
2460,15137,1364,7325,940,13773,3022,1445,1577
2465,15168,1366,7347,942,13801,3026,1449,1577
2470,15199,1367,7356,943,13832,3030,1451,1579
2475,15230,1368,7372,943,13861,3034,1454,1580
2480,15261,1371,7384,944,13890,3038,1455,1583
2485,15292,1375,7393,946,13916,3042,1457,1585
2490,15323,1379,7409,950,13942,3046,1458,1588
2495,15354,1382,7425,953,13971,3050,1458,1592
2500,15385,1386,7444,957,13998,3054,1462,1592
2505,15416,1389,7457,958,14026,3058,1463,1595
2510,15447,1393,7471,961,14052,3062,1464,1598
2515,15478,1397,7484,963,14078,3066,1465,1601
2520,15509,1403,7500,969,14105,3070,1467,1603
2525,15540,1407,7515,973,14131,3073,1469,1604
2530,15571,1412,7532,978,14157,3076,1471,1605
2535,15602,1416,7550,981,14184,3079,1472,1607
2540,15633,1420,7570,985,14211,3082,1472,1610
2545,15664,1422,7589,987,14241,3085,1475,1610
2550,15695,1422,7608,987,14273,3088,1477,1611
2555,15726,1422,7623,987,14304,3091,1478,1613
2560,15757,1422,7639,987,14335,3094,1479,1615
2565,15788,1422,7654,987,14366,3099,1481,1618
2570,15819,1422,7667,987,14397,3104,1482,1622
2575,15850,1422,7686,987,14428,3109,1486,1623
2580,15881,1422,7703,987,14459,3114,1488,1626
2585,15912,1422,7715,987,14490,3119,1492,1627
2590,15943,1422,7725,987,14521,3124,1494,1630
2595,15974,1423,7742,987,14551,3129,1497,1632
2600,16005,1425,7762,989,14580,3134,1500,1634
2605,16036,1427,7781,990,14609,3139,1501,1638
2610,16067,1428,7798,991,14639,3144,1505,1639
2615,16098,1429,7813,991,14668,3149,1508,1641
2620,16129,1430,7833,992,14699,3154,1510,1644
2625,16160,1432,7853,993,14728,3159,1513,1646
2630,16191,1434,7864,995,14757,3165,1517,1648
2635,16222,1436,7881,996,14786,3171,1521,1650
2640,16253,1439,7894,999,14814,3177,1524,1653
2645,16284,1441,7909,1001,14842,3182,1526,1656
2650,16315,1445,7926,1003,14870,3187,1529,1658
2655,16346,1449,7941,1007,14897,3192,1531,1661
2660,16377,1453,7957,1010,14923,3197,1533,1664
2665,16408,1458,7973,1013,14949,3202,1536,1666
2670,16439,1463,7987,1017,14976,3207,1538,1669
2675,16470,1468,8003,1019,15000,3212,1542,1670
2680,16501,1474,8016,1023,15026,3217,1545,1672
2685,16532,1479,8028,1026,15053,3222,1547,1675
2690,16563,1482,8046,1027,15078,3227,1551,1676
2695,16594,1488,8058,1031,15103,3232,1553,1679
2700,16625,1495,8072,1036,15127,3237,1555,1682
2705,16656,1498,8086,1038,15157,3242,1558,1684
2710,16687,1499,8103,1039,15187,3247,1559,1688
2715,16718,1499,8112,1039,15219,3252,1562,1690
2720,16749,1499,8121,1039,15250,3257,1564,1693
2725,16780,1499,8136,1039,15280,3262,1567,1695
2730,16811,1499,8150,1039,15311,3267,1569,1698
2735,16842,1499,8167,1039,15343,3272,1571,1701
2740,16873,1499,8179,1039,15374,3277,1573,1704
2745,16904,1499,8196,1039,15405,3283,1576,1707
2750,16935,1499,8212,1039,15436,3289,1579,1710
2755,16966,1499,8226,1039,15467,3295,1583,1712
2760,16997,1499,8241,1039,15498,3301,1586,1715
2765,17028,1499,8255,1039,15529,3307,1591,1716
2770,17059,1499,8272,1039,15560,3313,1595,1718
2775,17090,1499,8291,1039,15591,3319,1600,1719
2780,17121,1499,8308,1039,15622,3325,1604,1721
2785,17152,1501,8319,1040,15651,3331,1607,1724
2790,17183,1502,8340,1040,15681,3337,1611,1726
2795,17214,1503,8355,1040,15711,3343,1614,1729
2800,17245,1504,8366,1040,15741,3349,1616,1733
2805,17276,1506,8379,1040,15770,3355,1616,1739
2810,17307,1508,8390,1041,15799,3361,1619,1742
2815,17338,1511,8409,1042,15827,3367,1624,1743
2820,17369,1514,8419,1042,15854,3373,1627,1746
2825,17400,1518,8429,1044,15882,3379,1629,1750
2830,17431,1521,8444,1044,15910,3385,1633,1752
2835,17462,1525,8458,1047,15937,3391,1637,1754
2840,17493,1528,8475,1050,15964,3397,1640,1757
2845,17524,1533,8489,1052,15989,3403,1644,1759
2850,17555,1539,8503,1055,16016,3409,1648,1761
2855,17586,1544,8522,1058,16039,3415,1652,1763
2860,17617,1550,8537,1062,16065,3421,1655,1766
2865,17648,1556,8550,1066,16088,3427,1656,1771
2870,17679,1561,8568,1071,16116,3433,1659,1774
2875,17710,1564,8580,1074,16144,3439,1659,1780
2880,17741,1569,8594,1078,16172,3445,1663,1782
2885,17772,1573,8607,1081,16198,3451,1665,1786
2890,17803,1577,8620,1085,16225,3457,1667,1790
2895,17834,1581,8634,1088,16253,3463,1669,1794
2900,17865,1582,8652,1088,16283,3469,1674,1795
2905,17896,1586,8669,1091,16310,3475,1677,1798
2910,17927,1588,8683,1093,16339,3481,1681,1800
2915,17958,1590,8700,1094,16368,3487,1683,1804
2920,17989,1592,8719,1096,16397,3493,1689,1804
2925,18020,1592,8737,1096,16428,3499,1691,1808
2930,18051,1592,8756,1096,16459,3505,1695,1810
2935,18082,1592,8772,1096,16490,3511,1699,1812
2940,18113,1592,8784,1096,16521,3517,1701,1816
2945,18144,1592,8799,1096,16552,3523,1705,1818
2950,18175,1592,8811,1096,16583,3529,1706,1823
2955,18206,1592,8830,1096,16614,3535,1708,1827
2960,18237,1592,8846,1096,16645,3541,1710,1831
2965,18268,1592,8861,1096,16676,3547,1713,1834
2970,18299,1593,8874,1096,16706,3553,1714,1839
2975,18330,1594,8889,1097,16736,3559,1715,1844
2980,18361,1595,8905,1098,16765,3565,1717,1848
2985,18392,1596,8925,1099,16796,3571,1721,1850
2990,18423,1598,8945,1101,16825,3577,1724,1853
2995,18454,1600,8963,1103,16854,3583,1728,1855
3000,18485,1603,8976,1104,16882,3589,1732,1857
3005,18516,1606,8990,1107,16910,3594,1734,1860
3010,18547,1608,9002,1107,16938,3599,1737,1862
3015,18578,1613,9022,1111,16964,3604,1740,1864
3020,18609,1616,9036,1113,16992,3609,1743,1866
3025,18640,1619,9047,1114,17020,3614,1745,1869
3030,18671,1624,9067,1118,17046,3619,1748,1871
3035,18702,1631,9079,1124,17070,3624,1750,1874
3040,18733,1639,9097,1130,17092,3629,1753,1876
3045,18764,1648,9113,1137,17116,3634,1756,1878
3050,18795,1652,9126,1139,17140,3639,1756,1883
3055,18826,1658,9140,1145,17167,3644,1757,1887
3060,18857,1662,9158,1147,17195,3649,1761,1888
3065,18888,1663,9178,1148,17225,3652,1762,1890
3070,18919,1664,9192,1148,17254,3655,1763,1892
3075,18950,1665,9208,1148,17284,3658,1764,1894
3080,18981,1667,9223,1149,17311,3661,1764,1897
3085,19012,1669,9232,1151,17342,3664,1765,1899
3090,19043,1671,9248,1153,17370,3667,1767,1900
3095,19074,1672,9261,1154,17402,3670,1769,1901
3100,19105,1672,9280,1154,17433,3673,1770,1903
3105,19136,1672,9298,1154,17464,3677,1773,1904
3110,19167,1672,9310,1154,17495,3681,1774,1907
3115,19198,1672,9329,1154,17526,3685,1776,1909
3120,19229,1672,9342,1154,17557,3689,1779,1910
3125,19260,1672,9356,1154,17588,3692,1780,1912
3130,19291,1672,9369,1154,17619,3695,1783,1912
3135,19322,1672,9382,1154,17650,3698,1783,1915
3140,19353,1672,9399,1154,17681,3701,1785,1916
3145,19384,1672,9415,1154,17712,3704,1787,1917
3150,19415,1672,9429,1154,17743,3707,1788,1919
3155,19446,1673,9445,1154,17773,3710,1788,1922
3160,19477,1674,9460,1154,17803,3713,1791,1922
3165,19508,1675,9475,1155,17833,3718,1795,1923
3170,19539,1677,9491,1155,17861,3723,1799,1924
3175,19570,1679,9507,1157,17891,3728,1801,1927
3180,19601,1683,9523,1159,17918,3733,1803,1930
3185,19632,1686,9535,1161,17946,3737,1806,1931
3190,19663,1691,9550,1164,17972,3741,1807,1934
3195,19694,1695,9566,1166,17999,3745,1808,1937
3200,19725,1700,9579,1170,18025,3749,1811,1938
3205,19756,1704,9600,1174,18051,3753,1815,1938
3210,19787,1710,9614,1178,18075,3757,1817,1940
3215,19818,1716,9631,1181,18100,3761,1820,1941
3220,19849,1720,9646,1183,18127,3765,1823,1942
3225,19880,1722,9663,1185,18157,3769,1825,1944
3230,19911,1725,9677,1187,18186,3774,1826,1948
3235,19942,1728,9692,1189,18212,3779,1826,1953
3240,19973,1733,9703,1192,18240,3784,1828,1956
3245,20004,1736,9716,1195,18267,3789,1829,1960
3250,20035,1737,9732,1196,18298,3794,1831,1963
3255,20066,1738,9750,1196,18328,3799,1834,1965
3260,20097,1739,9768,1197,18358,3804,1837,1967
3265,20128,1740,9777,1197,18388,3809,1838,1971
3270,20159,1741,9792,1197,18418,3814,1839,1975
3275,20190,1742,9803,1197,18448,3819,1841,1978
3280,20221,1743,9821,1197,18478,3824,1844,1980
3285,20252,1745,9833,1198,18507,3830,1846,1984
3290,20283,1748,9845,1201,18533,3836,1847,1989
3295,20314,1751,9856,1203,18562,3842,1849,1993
3300,20345,1754,9870,1205,18590,3848,1855,1993
3305,20376,1755,9885,1205,18621,3854,1859,1995
3310,20407,1757,9901,1207,18650,3860,1862,1998
3315,20438,1758,9916,1208,18679,3866,1865,2001
3320,20469,1761,9932,1211,18705,3872,1868,2004
3325,20500,1763,9947,1212,18737,3878,1872,2006
3330,20531,1764,9963,1213,18767,3884,1876,2008
3335,20562,1765,9975,1213,18797,3890,1879,2011
3340,20593,1766,9988,1213,18827,3896,1880,2016
3345,20624,1767,10012,1213,18857,3902,1885,2017
3350,20655,1768,10026,1213,18886,3908,1888,2020
3355,20686,1771,10041,1214,18915,3914,1890,2024
3360,20717,1773,10052,1215,18944,3920,1892,2028
3365,20748,1775,10068,1216,18972,3926,1896,2030
3370,20779,1777,10080,1216,19002,3932,1900,2032
3375,20810,1780,10096,1218,19028,3938,1903,2035
3380,20841,1783,10113,1220,19057,3944,1905,2039
3385,20872,1786,10130,1223,19085,3950,1907,2043
3390,20903,1788,10145,1225,19112,3956,1910,2046
3395,20934,1790,10161,1227,19142,3962,1912,2050
3400,20965,1793,10170,1228,19172,3968,1914,2054
3405,20996,1797,10187,1231,19199,3974,1915,2059
3410,21027,1799,10197,1232,19228,3980,1919,2061
3415,21058,1802,10212,1235,19256,3986,1923,2063
3420,21089,1806,10228,1239,19283,3992,1925,2067
3425,21120,1809,10240,1240,19311,3998,1927,2071
3430,21151,1813,10256,1242,19337,4004,1930,2074
3435,21182,1818,10268,1246,19364,4010,1932,2078
3440,21213,1822,10282,1249,19390,4016,1935,2081
3445,21244,1828,10301,1253,19416,4022,1940,2082
3450,21275,1832,10316,1256,19443,4028,1945,2083
3455,21306,1836,10330,1257,19469,4034,1948,2086
3460,21337,1840,10342,1260,19496,4040,1950,2090
3465,21368,1844,10356,1263,19524,4046,1953,2093
3470,21399,1847,10374,1265,19551,4052,1955,2097
3475,21430,1849,10386,1266,19580,4058,1959,2099
3480,21461,1851,10404,1267,19608,4064,1963,2101
3485,21492,1856,10423,1272,19635,4070,1968,2102
3490,21523,1858,10433,1273,19665,4076,1970,2106
3495,21554,1859,10449,1274,19695,4082,1971,2111
3500,21585,1862,10469,1276,19722,4088,1976,2112
3505,21616,1865,10488,1278,19750,4094,1977,2117
3510,21647,1865,10502,1278,19781,4100,1980,2120
3515,21678,1865,10517,1278,19812,4106,1983,2123
3520,21709,1865,10535,1278,19843,4112,1986,2126
3525,21740,1865,10547,1278,19875,4118,1986,2132
3530,21771,1865,10562,1278,19904,4124,1988,2136
3535,21802,1865,10573,1278,19937,4130,1990,2140
3540,21833,1865,10588,1278,19967,4136,1994,2142
3545,21864,1865,10608,1278,19999,4141,1997,2144
3550,21895,1865,10626,1278,20028,4146,1999,2147
3555,21926,1865,10641,1278,20061,4151,2000,2151
3560,21957,1865,10659,1278,20092,4156,2003,2153
3565,21988,1866,10673,1279,20122,4161,2005,2156
3570,22019,1867,10686,1280,20152,4166,2007,2159
3575,22050,1868,10699,1281,20182,4171,2007,2164
3580,22081,1870,10712,1282,20211,4176,2007,2169
3585,22112,1872,10726,1283,20240,4181,2009,2172
3590,22143,1875,10739,1285,20267,4186,2011,2175
3595,22174,1878,10750,1287,20295,4191,2013,2178
3600,22205,1880,10764,1288,20325,4196,2014,2182
3605,22236,1882,10777,1290,20354,4200,2017,2183
3610,22267,1885,10789,1291,20382,4204,2019,2185
3615,22298,1888,10803,1293,20409,4208,2022,2186
3620,22329,1892,10818,1295,20436,4212,2023,2189
3625,22360,1897,10829,1299,20463,4216,2025,2191
3630,22391,1901,10847,1301,20490,4220,2028,2192
3635,22422,1905,10864,1303,20516,4224,2030,2194
3640,22453,1910,10879,1305,20542,4228,2033,2195
3645,22484,1916,10890,1308,20568,4233,2036,2197
3650,22515,1921,10904,1312,20593,4238,2038,2200
3655,22546,1927,10920,1317,20617,4243,2039,2204
3660,22577,1936,10935,1326,20640,4248,2040,2208
3665,22608,1938,10951,1328,20669,4253,2044,2209
3670,22639,1942,10968,1332,20695,4258,2046,2212
3675,22670,1945,10983,1335,20725,4263,2048,2215
3680,22701,1947,10998,1337,20754,4268,2050,2218
3685,22732,1949,11011,1338,20781,4273,2051,2222
3690,22763,1952,11026,1341,20811,4278,2052,2226
3695,22794,1952,11042,1341,20842,4283,2056,2227
3700,22825,1952,11057,1341,20873,4288,2058,2230
3705,22856,1952,11074,1341,20904,4294,2061,2233
3710,22887,1952,11093,1341,20935,4300,2064,2236
3715,22918,1952,11108,1341,20966,4306,2068,2238
3720,22949,1952,11126,1341,20997,4312,2072,2240
3725,22980,1952,11140,1341,21028,4315,2073,2242
3730,23011,1952,11157,1341,21059,4318,2074,2244
3735,23042,1952,11173,1341,21090,4321,2075,2246
3740,23073,1952,11187,1341,21121,4324,2078,2246
3745,23104,1952,11202,1341,21152,4327,2078,2249
3750,23135,1952,11217,1341,21182,4330,2080,2250
3755,23166,1952,11233,1341,21213,4333,2081,2252
3760,23197,1952,11241,1341,21244,4336,2081,2255
3765,23228,1952,11258,1341,21276,4339,2084,2255
3770,23259,1955,11267,1342,21301,4342,2085,2257
3775,23290,1963,11288,1350,21324,4345,2087,2258
3780,23321,1969,11300,1355,21350,4348,2088,2260
3785,23352,1975,11316,1361,21374,4351,2091,2260
3790,23383,1981,11326,1366,21402,4354,2091,2263
3795,23414,1985,11340,1368,21426,4357,2094,2263
3800,23445,1991,11359,1372,21452,4360,2096,2264
3805,23476,1995,11371,1374,21480,4363,2098,2265
3810,23507,1997,11388,1375,21510,4366,2100,2266
3815,23538,1998,11404,1375,21540,4369,2102,2267
3820,23569,2000,11421,1377,21569,4372,2102,2270
3825,23600,2002,11436,1379,21598,4377,2103,2274
3830,23631,2003,11450,1379,21628,4383,2108,2275
3835,23662,2005,11464,1380,21657,4389,2112,2277
3840,23693,2006,11477,1380,21687,4395,2113,2282
3845,23724,2007,11493,1381,21717,4400,2116,2284
3850,23755,2008,11503,1381,21747,4405,2120,2285
3855,23786,2010,11512,1383,21776,4410,2122,2288
3860,23817,2012,11529,1385,21805,4415,2124,2291
3865,23848,2014,11547,1386,21834,4420,2125,2295
3870,23879,2016,11566,1388,21863,4425,2128,2297
3875,23910,2018,11584,1389,21891,4430,2132,2298
3880,23941,2020,11600,1391,21920,4435,2134,2301
3885,23972,2022,11612,1393,21950,4440,2135,2305
3890,24003,2024,11632,1395,21978,4445,2139,2306
3895,24034,2025,11648,1396,22008,4450,2142,2308
3900,24065,2025,11662,1396,22039,4455,2142,2313
3905,24096,2027,11675,1398,22069,4460,2143,2317
3910,24127,2029,11687,1399,22098,4465,2143,2322
3915,24158,2032,11698,1401,22126,4470,2145,2325
3920,24189,2034,11710,1402,22155,4475,2147,2328
3925,24220,2038,11725,1406,22181,4480,2148,2332
3930,24251,2041,11738,1408,22208,4485,2149,2336
3935,24282,2044,11751,1410,22237,4490,2151,2339
3940,24313,2048,11767,1412,22263,4495,2155,2340
3945,24344,2052,11785,1415,22291,4500,2156,2344
3950,24375,2054,11801,1416,22320,4506,2160,2346
3955,24406,2058,11818,1420,22348,4512,2162,2350
3960,24437,2062,11828,1423,22374,4518,2164,2354
3965,24468,2065,11842,1426,22402,4524,2165,2359
3970,24499,2067,11857,1428,22431,4530,2167,2363
3975,24530,2069,11874,1430,22461,4536,2170,2366
3980,24561,2070,11892,1430,22490,4542,2174,2368
3985,24592,2073,11903,1432,22519,4548,2177,2371
3990,24623,2074,11916,1432,22548,4554,2179,2375
3995,24654,2077,11929,1435,22576,4560,2181,2379
4000,24685,2079,11938,1437,22606,4566,2183,2383
4005,24716,2080,11957,1438,22636,4572,2187,2385
4010,24747,2081,11972,1438,22666,4578,2190,2388
4015,24778,2082,11987,1439,22696,4584,2193,2391
4020,24809,2083,12005,1440,22726,4590,2198,2392
4025,24840,2084,12022,1441,22756,4596,2201,2395
4030,24871,2085,12039,1442,22786,4602,2203,2399
4035,24902,2086,12049,1442,22816,4608,2204,2404
4040,24933,2088,12063,1443,22845,4614,2208,2406
4045,24964,2089,12077,1444,22875,4620,2211,2409
4050,24995,2090,12087,1444,22905,4626,2212,2414
4055,25026,2092,12095,1445,22933,4632,2213,2419
4060,25057,2094,12111,1446,22962,4638,2215,2423
4065,25088,2096,12124,1447,22991,4644,2217,2427
4070,25119,2099,12142,1448,23019,4650,2219,2431
4075,25150,2103,12155,1450,23047,4656,2222,2434
4080,25181,2106,12173,1451,23074,4662,2225,2437
4085,25212,2110,12186,1455,23102,4668,2227,2441
4090,25243,2112,12201,1455,23131,4674,2231,2443
4095,25274,2117,12215,1460,23156,4680,2233,2447
4100,25305,2122,12225,1464,23181,4686,2235,2451
4105,25336,2124,12238,1465,23210,4692,2238,2454
4110,25367,2129,12253,1469,23235,4698,2242,2456
4115,25398,2134,12263,1472,23264,4704,2243,2461
4120,25429,2138,12278,1475,23288,4710,2246,2464
4125,25460,2142,12288,1477,23317,4716,2248,2468
4130,25491,2143,12302,1477,23347,4722,2253,2469
4135,25522,2145,12315,1478,23377,4728,2255,2473
4140,25553,2146,12330,1479,23406,4734,2259,2475
4145,25584,2148,12343,1481,23435,4738,2259,2479
4150,25615,2150,12360,1483,23464,4742,2261,2481
4155,25646,2152,12376,1484,23494,4746,2264,2482
4160,25677,2153,12394,1485,23524,4750,2267,2483
4165,25708,2154,12414,1486,23553,4754,2269,2485
4170,25739,2156,12427,1487,23583,4758,2270,2488
4175,25770,2157,12439,1487,23612,4762,2272,2490
4180,25801,2159,12456,1488,23640,4766,2273,2493
4185,25832,2162,12473,1491,23669,4770,2275,2495
4190,25863,2165,12488,1493,23696,4774,2276,2498
4195,25894,2168,12498,1495,23726,4778,2276,2502
4200,25925,2168,12514,1495,23757,4782,2278,2504
4205,25956,2168,12529,1495,23788,4786,2280,2506
4210,25987,2169,12543,1495,23818,4790,2281,2509
4215,26018,2170,12561,1496,23848,4794,2283,2511
4220,26049,2171,12578,1497,23878,4798,2285,2513
4225,26080,2172,12592,1497,23908,4802,2286,2516
4230,26111,2175,12606,1499,23935,4806,2288,2518
4235,26142,2177,12616,1501,23965,4810,2289,2521
4240,26173,2180,12627,1503,23993,4814,2289,2525
4245,26204,2185,12648,1508,24018,4820,2291,2529
4250,26235,2189,12666,1512,24046,4826,2294,2532
4255,26266,2195,12684,1517,24070,4832,2297,2535
4260,26297,2200,12700,1520,24097,4838,2299,2539
4265,26328,2203,12714,1521,24124,4843,2302,2541
4270,26359,2207,12731,1523,24152,4848,2306,2542
4275,26390,2208,12742,1523,24182,4853,2309,2544
4280,26421,2210,12761,1525,24208,4858,2312,2546
4285,26452,2211,12776,1526,24240,4863,2315,2548
4290,26483,2213,12791,1528,24268,4868,2316,2552
4295,26514,2215,12808,1530,24298,4873,2321,2552
4300,26545,2216,12824,1530,24328,4878,2324,2554
4305,26576,2218,12836,1531,24357,4883,2325,2558
4310,26607,2222,12852,1533,24382,4888,2329,2559
4315,26638,2226,12867,1537,24410,4893,2331,2562
4320,26669,2228,12881,1539,24438,4898,2333,2565
4325,26700,2230,12898,1540,24468,4901,2335,2566
4330,26731,2232,12912,1541,24498,4904,2337,2567
4335,26762,2234,12929,1543,24526,4907,2340,2567
4340,26793,2236,12946,1544,24555,4910,2340,2570
4345,26824,2238,12962,1546,24586,4913,2341,2572
4350,26855,2239,12987,1547,24616,4916,2344,2572
4355,26886,2240,13000,1548,24645,4919,2345,2574
4360,26917,2242,13013,1550,24674,4922,2346,2576
4365,26948,2244,13029,1551,24703,4926,2348,2578
4370,26979,2246,13046,1553,24732,4930,2352,2578
4375,27010,2250,13062,1556,24759,4934,2354,2580
4380,27041,2254,13079,1558,24784,4938,2356,2582
4385,27072,2259,13099,1562,24813,4942,2359,2583
4390,27103,2260,13115,1563,24843,4946,2361,2585
4395,27134,2263,13133,1566,24871,4950,2364,2586
4400,27165,2265,13150,1567,24900,4954,2364,2590
4405,27196,2266,13162,1567,24930,4958,2365,2593
4410,27227,2268,13175,1568,24959,4962,2366,2596
4415,27258,2271,13195,1571,24987,4966,2368,2598
4420,27289,2275,13213,1573,25014,4970,2371,2599
4425,27320,2277,13229,1574,25043,4975,2372,2603
4430,27351,2279,13239,1574,25071,4981,2373,2608
4435,27382,2282,13257,1576,25100,4987,2379,2608
4440,27413,2284,13269,1578,25129,4993,2381,2612
4445,27444,2285,13280,1579,25159,4999,2385,2614
4450,27475,2286,13291,1580,25189,5005,2388,2617
4455,27506,2288,13305,1581,25218,5011,2391,2620
4460,27537,2290,13318,1582,25247,5017,2395,2622
4465,27568,2291,13333,1582,25277,5023,2398,2625
4470,27599,2293,13345,1584,25306,5029,2399,2630
4475,27630,2294,13355,1584,25336,5035,2401,2634
4480,27661,2295,13367,1584,25366,5041,2404,2637
4485,27692,2296,13384,1585,25394,5047,2406,2641
4490,27723,2300,13395,1588,25420,5053,2408,2645
4495,27754,2304,13406,1591,25449,5059,2410,2649
4500,27785,2309,13427,1595,25473,5065,2416,2649
4505,27816,2316,13436,1601,25499,5071,2417,2654
4510,27847,2317,13451,1601,25529,5077,2420,2657
4515,27878,2320,13465,1603,25556,5083,2423,2660
4520,27909,2322,13484,1605,25585,5089,2427,2662
4525,27940,2325,13500,1607,25615,5095,2429,2666
4530,27971,2326,13515,1608,25645,5101,2432,2669
4535,28002,2327,13528,1608,25672,5107,2434,2673
4540,28033,2332,13542,1612,25700,5113,2437,2676
4545,28064,2332,13559,1612,25732,5119,2441,2678
4550,28095,2333,13570,1612,25762,5125,2444,2681
4555,28126,2334,13580,1612,25792,5131,2447,2684
4560,28157,2335,13595,1612,25822,5137,2448,2689
4565,28188,2336,13610,1613,25852,5143,2449,2694
4570,28219,2337,13626,1614,25882,5149,2451,2698
4575,28250,2338,13643,1614,25912,5155,2454,2701
4580,28281,2339,13655,1615,25942,5161,2456,2705
4585,28312,2340,13673,1616,25972,5167,2460,2707
4590,28343,2341,13680,1616,26002,5173,2460,2713
4595,28374,2342,13693,1616,26032,5179,2463,2716
4600,28405,2343,13705,1616,26062,5185,2467,2718
4605,28436,2344,13719,1617,26092,5191,2470,2721
4610,28467,2346,13736,1619,26121,5197,2475,2722
4615,28498,2348,13751,1621,26150,5203,2479,2724
4620,28529,2351,13770,1622,26177,5209,2483,2726
4625,28560,2355,13784,1625,26205,5215,2484,2731
4630,28591,2358,13796,1627,26233,5221,2485,2736
4635,28622,2362,13815,1630,26260,5227,2487,2740
4640,28653,2365,13824,1632,26288,5233,2489,2744
4645,28684,2369,13837,1635,26314,5239,2493,2746
4650,28715,2375,13853,1640,26340,5245,2495,2750
4655,28746,2381,13872,1645,26363,5251,2500,2751
4660,28777,2388,13887,1650,26388,5257,2503,2754
4665,28808,2392,13902,1652,26415,5263,2505,2758
4670,28839,2396,13915,1655,26442,5269,2507,2762
4675,28870,2398,13930,1656,26469,5275,2510,2765
4680,28901,2400,13941,1657,26500,5281,2511,2770
4685,28932,2401,13956,1657,26528,5285,2513,2772
4690,28963,2404,13973,1660,26558,5289,2516,2773
4695,28994,2406,13985,1662,26587,5293,2516,2777
4700,29025,2409,13993,1664,26614,5297,2516,2781
4705,29056,2411,14006,1666,26643,5301,2517,2784
4710,29087,2414,14022,1669,26671,5305,2519,2786
4715,29118,2416,14038,1670,26699,5309,2520,2789
4720,29149,2420,14053,1673,26728,5313,2523,2790
4725,29180,2420,14069,1673,26759,5317,2526,2791
4730,29211,2420,14085,1673,26791,5321,2529,2792
4735,29242,2420,14106,1673,26822,5325,2533,2792
4740,29273,2420,14122,1673,26853,5329,2533,2796
4745,29304,2420,14136,1673,26884,5332,2534,2798
4750,29335,2420,14148,1673,26915,5335,2536,2799
4755,29366,2420,14161,1673,26946,5338,2537,2801
4760,29397,2420,14175,1673,26977,5341,2539,2802
4765,29428,2420,14189,1673,27008,5344,2540,2804
4770,29459,2422,14209,1675,27037,5347,2542,2805
4775,29490,2424,14223,1676,27066,5350,2543,2807
4780,29521,2427,14242,1677,27094,5353,2545,2808
4785,29552,2430,14260,1679,27122,5357,2548,2809
4790,29583,2433,14275,1681,27150,5362,2551,2811
4795,29614,2435,14288,1682,27179,5367,2554,2813
4800,29645,2437,14306,1683,27207,5372,2557,2815
4805,29676,2439,14326,1684,27236,5377,2560,2817
4810,29707,2442,14341,1686,27264,5382,2562,2820
4815,29738,2444,14355,1687,27294,5387,2565,2822
4820,29769,2446,14371,1689,27323,5392,2566,2826
4825,29800,2449,14392,1692,27350,5397,2570,2827
4830,29831,2454,14407,1696,27375,5402,2571,2831
4835,29862,2461,14423,1701,27400,5407,2575,2832
4840,29893,2466,14436,1704,27426,5412,2576,2836
4845,29924,2470,14453,1708,27452,5418,2580,2838
4850,29955,2473,14467,1710,27480,5424,2581,2843
4855,29986,2480,14485,1715,27503,5430,2584,2846
4860,30017,2485,14500,1718,27531,5436,2588,2848
4865,30048,2487,14517,1719,27560,5441,2591,2850
4870,30079,2491,14529,1721,27587,5446,2593,2853
4875,30110,2497,14548,1725,27611,5451,2596,2855
4880,30141,2499,14560,1727,27641,5456,2596,2860
4885,30172,2502,14571,1730,27669,5461,2596,2865
4890,30203,2504,14588,1732,27697,5466,2601,2865
4895,30234,2506,14599,1734,27728,5471,2602,2869
4900,30265,2506,14616,1734,27759,5476,2605,2871
4905,30296,2506,14629,1734,27790,5481,2606,2875
4910,30327,2506,14643,1734,27821,5486,2609,2877
4915,30358,2506,14657,1734,27852,5491,2611,2880
4920,30389,2506,14671,1734,27883,5496,2614,2882
4925,30420,2506,14688,1734,27914,5499,2615,2884
4930,30451,2506,14703,1734,27945,5502,2617,2885
4935,30482,2506,14716,1734,27975,5505,2618,2887
4940,30513,2506,14730,1734,28007,5508,2619,2889
4945,30544,2506,14747,1734,28037,5511,2620,2891
4950,30575,2506,14763,1734,28067,5514,2622,2892
4955,30606,2506,14786,1734,28100,5517,2624,2893
4960,30637,2506,14801,1734,28131,5520,2627,2893
4965,30668,2506,14819,1734,28162,5524,2629,2895
4970,30699,2507,14836,1735,28192,5528,2633,2895
4975,30730,2509,14847,1737,28221,5532,2635,2897
4980,30761,2511,14859,1738,28250,5536,2635,2901
4985,30792,2514,14879,1741,28277,5540,2638,2902
4990,30823,2517,14895,1742,28306,5544,2641,2903
4995,30854,2522,14909,1746,28331,5548,2643,2905
5000,30885,2531,14923,1754,28354,5552,2643,2909
5005,30916,2538,14938,1758,28377,5556,2645,2911
5010,30947,2544,14954,1764,28403,5560,2647,2913
5015,30978,2548,14969,1766,28428,5564,2650,2914
5020,31009,2553,14989,1770,28454,5568,2652,2916
5025,31040,2555,15003,1771,28485,5573,2654,2919
5030,31071,2557,15019,1772,28513,5579,2658,2921
5035,31102,2559,15030,1772,28543,5585,2659,2926
5040,31133,2563,15046,1774,28569,5591,2660,2931
5045,31164,2567,15058,1776,28597,5597,2662,2935
5050,31195,2570,15069,1777,28625,5603,2664,2939
5055,31226,2572,15075,1778,28654,5609,2665,2944
5060,31257,2575,15092,1781,28682,5615,2668,2947
5065,31288,2578,15112,1784,28709,5621,2670,2951
5070,31319,2582,15126,1788,28736,5627,2671,2956
5075,31350,2583,15141,1789,28767,5633,2672,2961
5080,31381,2583,15155,1789,28798,5639,2674,2965
5085,31412,2583,15170,1789,28829,5645,2678,2967
5090,31443,2583,15183,1789,28859,5651,2681,2970
5095,31474,2583,15202,1789,28890,5657,2683,2974
5100,31505,2583,15216,1789,28921,5663,2686,2977
5105,31536,2583,15229,1789,28953,5669,2687,2982
5110,31567,2583,15242,1789,28984,5675,2689,2986
5115,31598,2583,15257,1789,29015,5681,2692,2989
5120,31629,2583,15273,1789,29046,5687,2694,2993
5125,31660,2583,15284,1789,29076,5693,2695,2998
5130,31691,2586,15298,1791,29104,5699,2697,3002
5135,31722,2589,15316,1794,29132,5705,2699,3006
5140,31753,2593,15334,1797,29159,5711,2701,3010
5145,31784,2596,15351,1799,29186,5717,2705,3012
5150,31815,2600,15359,1802,29213,5723,2706,3017
5155,31846,2604,15376,1806,29240,5729,2710,3019
5160,31877,2605,15389,1807,29270,5735,2713,3022
5165,31908,2606,15406,1807,29302,5741,2716,3025
5170,31939,2607,15420,1807,29332,5747,2719,3028
5175,31970,2609,15437,1808,29361,5753,2722,3031
5180,32001,2611,15454,1809,29390,5759,2724,3035
5185,32032,2613,15467,1810,29418,5765,2724,3041
5190,32063,2615,15483,1811,29448,5771,2727,3044
5195,32094,2617,15500,1813,29477,5777,2732,3045
5200,32125,2619,15513,1814,29506,5783,2736,3047
5205,32156,2622,15529,1816,29533,5789,2739,3050
5210,32187,2625,15542,1818,29561,5795,2742,3053
5215,32218,2629,15557,1820,29589,5801,2745,3056
5220,32249,2631,15573,1822,29617,5807,2750,3057
5225,32280,2634,15592,1824,29646,5813,2754,3059
5230,32311,2637,15605,1826,29674,5819,2756,3063
5235,32342,2640,15618,1829,29702,5825,2758,3067
5240,32373,2642,15630,1829,29731,5831,2760,3071
5245,32404,2644,15647,1831,29760,5837,2764,3073
5250,32435,2649,15666,1835,29786,5843,2767,3076
5255,32466,2652,15682,1838,29814,5849,2768,3081
5260,32497,2657,15702,1842,29840,5855,2773,3082
5265,32528,2663,15722,1845,29862,5861,2777,3084
5270,32559,2673,15741,1854,29886,5867,2780,3087
5275,32590,2676,15748,1855,29913,5873,2782,3091
5280,32621,2678,15761,1856,29942,5879,2783,3096
5285,32652,2680,15774,1857,29971,5883,2786,3097
5290,32683,2681,15787,1857,30001,5887,2790,3097
5295,32714,2682,15798,1858,30031,5891,2792,3099
5300,32745,2686,15814,1861,30056,5895,2795,3100
5305,32776,2690,15829,1864,30084,5899,2798,3101
5310,32807,2692,15846,1866,30113,5903,2798,3105
5315,32838,2697,15865,1871,30140,5907,2800,3107
5320,32869,2697,15877,1871,30171,5911,2802,3109
5325,32900,2697,15893,1871,30202,5915,2804,3111
5330,32931,2697,15905,1871,30234,5919,2806,3113
5335,32962,2697,15923,1871,30265,5923,2807,3116
5340,32993,2697,15942,1871,30296,5927,2810,3117
5345,33024,2697,15951,1871,30327,5931,2813,3118
5350,33055,2697,15969,1871,30358,5935,2815,3120
5355,33086,2697,15983,1871,30389,5939,2817,3122
5360,33117,2697,16000,1871,30418,5943,2818,3125
5365,33148,2697,16016,1871,30449,5947,2819,3128
5370,33179,2697,16026,1871,30481,5951,2822,3129
5375,33210,2697,16041,1871,30511,5955,2825,3130
5380,33241,2698,16058,1872,30542,5959,2826,3133
5385,33272,2700,16068,1873,30571,5965,2827,3138
5390,33303,2702,16086,1875,30601,5971,2832,3139
5395,33334,2705,16102,1877,30629,5977,2834,3143
5400,33365,2708,16118,1878,30656,5983,2837,3146
5405,33396,2710,16133,1879,30686,5988,2838,3150
5410,33427,2712,16152,1880,30715,5993,2843,3150
5415,33458,2716,16168,1883,30742,5998,2845,3153
5420,33489,2721,16192,1888,30767,6003,2849,3154
5425,33520,2728,16208,1892,30791,6008,2851,3157
5430,33551,2735,16223,1897,30815,6013,2853,3160
5435,33582,2740,16236,1901,30842,6018,2854,3164
5440,33613,2746,16255,1907,30864,6023,2857,3166
5445,33644,2755,16268,1914,30885,6028,2860,3168
5450,33675,2765,16283,1924,30908,6033,2861,3172
5455,33706,2768,16299,1927,30938,6038,2864,3174
5460,33737,2770,16314,1928,30965,6043,2866,3177
5465,33768,2772,16329,1930,30995,6048,2868,3180
5470,33799,2773,16343,1931,31026,6053,2870,3183
5475,33830,2775,16359,1933,31055,6058,2872,3186
5480,33861,2777,16379,1934,31084,6063,2877,3186
5485,33892,2777,16392,1934,31115,6068,2878,3190
5490,33923,2777,16407,1934,31146,6073,2879,3194
5495,33954,2777,16423,1934,31177,6078,2883,3195
5500,33985,2777,16438,1934,31208,6083,2885,3198
5505,34016,2777,16456,1934,31239,6089,2887,3202
5510,34047,2777,16464,1934,31270,6095,2889,3206
5515,34078,2777,16479,1934,31299,6101,2891,3210
5520,34109,2777,16497,1934,31329,6107,2893,3214
5525,34140,2777,16513,1934,31362,6111,2896,3215
5530,34171,2777,16531,1934,31393,6115,2899,3216
5535,34202,2777,16548,1934,31424,6119,2901,3218
5540,34233,2777,16565,1934,31456,6123,2904,3219
5545,34264,2777,16583,1934,31487,6127,2905,3222
5550,34295,2777,16596,1934,31518,6131,2907,3224
5555,34326,2777,16609,1934,31549,6135,2908,3227
5560,34357,2779,16626,1936,31578,6139,2912,3227
5565,34388,2781,16642,1936,31607,6143,2914,3229
5570,34419,2783,16657,1936,31634,6147,2916,3231
5575,34450,2789,16673,1941,31660,6151,2918,3233
5580,34481,2794,16691,1946,31686,6155,2920,3235
5585,34512,2798,16705,1950,31713,6158,2922,3236
5590,34543,2806,16722,1957,31737,6161,2923,3238
5595,34574,2811,16734,1962,31763,6164,2925,3239
5600,34605,2817,16748,1967,31787,6167,2926,3241
5605,34636,2825,16761,1973,31809,6170,2928,3242
5610,34667,2834,16780,1980,31833,6173,2929,3244
5615,34698,2836,16792,1982,31862,6176,2929,3247
5620,34729,2837,16807,1983,31892,6179,2930,3249
5625,34760,2838,16819,1984,31922,6183,2932,3251
5630,34791,2840,16834,1985,31949,6188,2937,3251
5635,34822,2841,16851,1985,31979,6193,2939,3254
5640,34853,2843,16868,1986,32010,6198,2940,3258
5645,34884,2845,16880,1988,32039,6203,2942,3261
5650,34915,2846,16894,1988,32068,6208,2945,3263
5655,34946,2847,16908,1988,32099,6213,2948,3265
5660,34977,2848,16920,1989,32129,6218,2949,3269
5665,35008,2849,16936,1990,32159,6223,2953,3270
5670,35039,2850,16952,1991,32189,6228,2955,3273
5675,35070,2852,16965,1992,32217,6233,2956,3277
5680,35101,2855,16985,1995,32246,6238,2960,3278
5685,35132,2857,16994,1996,32275,6243,2962,3281
5690,35163,2857,17013,1996,32306,6249,2965,3284
5695,35194,2857,17029,1996,32337,6255,2969,3286
5700,35225,2857,17043,1996,32368,6261,2972,3289
5705,35256,2857,17061,1996,32398,6267,2974,3293
5710,35287,2857,17073,1996,32429,6273,2976,3297
5715,35318,2858,17088,1996,32459,6279,2980,3299
5720,35349,2859,17098,1996,32489,6285,2983,3302
5725,35380,2861,17114,1997,32517,6291,2986,3305
5730,35411,2863,17131,1998,32548,6297,2990,3307
5735,35442,2865,17145,2000,32577,6303,2993,3310
5740,35473,2867,17160,2001,32606,6309,2997,3312
5745,35504,2870,17177,2003,32634,6315,3000,3315
5750,35535,2873,17193,2005,32661,6321,3003,3318
5755,35566,2876,17207,2008,32690,6327,3007,3320
5760,35597,2880,17224,2012,32716,6333,3010,3323
5765,35628,2884,17238,2016,32744,6338,3013,3325
5770,35659,2887,17251,2017,32771,6343,3016,3327
5775,35690,2891,17264,2020,32799,6348,3019,3329
5780,35721,2894,17279,2022,32826,6353,3022,3331
5785,35752,2899,17297,2026,32852,6358,3024,3334
5790,35783,2903,17312,2030,32880,6363,3027,3336
5795,35814,2908,17327,2034,32906,6368,3031,3337
5800,35845,2913,17341,2038,32931,6373,3032,3341
5805,35876,2919,17360,2042,32956,6378,3036,3342
5810,35907,2924,17376,2046,32983,6383,3039,3344
5815,35938,2926,17390,2048,33011,6388,3041,3347
5820,35969,2929,17410,2051,33038,6393,3045,3348
5825,36000,2930,17427,2051,33069,6397,3048,3349
5830,36031,2931,17440,2051,33099,6401,3051,3350
5835,36062,2932,17457,2051,33128,6405,3054,3351
5840,36093,2933,17476,2052,33159,6409,3056,3353
5845,36124,2935,17493,2053,33189,6413,3058,3355
5850,36155,2936,17511,2053,33219,6417,3060,3357
5855,36186,2937,17520,2053,33249,6421,3061,3360
5860,36217,2938,17536,2053,33279,6425,3063,3362
5865,36248,2939,17553,2054,33309,6430,3067,3363
5870,36279,2941,17573,2055,33338,6435,3070,3365
5875,36310,2942,17589,2056,33368,6440,3071,3369
5880,36341,2943,17600,2056,33398,6445,3074,3371
5885,36372,2945,17614,2057,33427,6450,3074,3376
5890,36403,2947,17630,2059,33456,6455,3076,3379
5895,36434,2949,17647,2061,33483,6460,3077,3383
5900,36465,2950,17658,2061,33514,6465,3079,3386
5905,36496,2951,17671,2061,33545,6470,3081,3389
5910,36527,2952,17687,2062,33575,6475,3083,3392
5915,36558,2953,17700,2063,33605,6480,3084,3396
5920,36589,2955,17713,2063,33634,6485,3087,3398
5925,36620,2957,17728,2064,33662,6491,3089,3402
5930,36651,2960,17740,2066,33690,6497,3090,3407
5935,36682,2963,17753,2067,33719,6503,3094,3409
5940,36713,2966,17769,2069,33746,6509,3099,3410
5945,36744,2970,17782,2071,33774,6515,3102,3413
5950,36775,2974,17797,2075,33800,6521,3105,3416
5955,36806,2977,17815,2078,33828,6527,3110,3417
5960,36837,2980,17826,2081,33857,6533,3112,3421
5965,36868,2983,17840,2082,33885,6539,3116,3423
5970,36899,2986,17855,2085,33912,6545,3118,3427
5975,36930,2992,17869,2090,33938,6551,3119,3432
5980,36961,2996,17883,2093,33964,6557,3122,3435
5985,36992,3000,17895,2096,33988,6563,3124,3439
5990,37023,3009,17909,2103,34013,6569,3128,3441
5995,37054,3009,17926,2103,34045,6575,3130,3445
6000,37085,3009,17944,2103,34076,6581,3134,3447
6005,37116,3011,17959,2104,34104,6587,3135,3452
6010,37147,3013,17971,2105,34133,6593,3138,3455
6015,37178,3015,17983,2106,34161,6599,3141,3458
6020,37209,3017,17993,2107,34191,6605,3143,3462
6025,37240,3019,18007,2109,34219,6611,3144,3467
6030,37271,3021,18022,2111,34250,6617,3146,3471
6035,37302,3022,18039,2111,34280,6623,3150,3473
6040,37333,3025,18056,2114,34308,6629,3154,3475
6045,37364,3029,18078,2118,34335,6635,3156,3479
6050,37395,3032,18093,2121,34363,6641,3158,3483
6055,37426,3032,18109,2121,34394,6647,3160,3487
6060,37457,3032,18126,2121,34425,6653,3165,3488
6065,37488,3032,18136,2121,34456,6657,3166,3491
6070,37519,3032,18143,2121,34487,6661,3167,3494
6075,37550,3032,18161,2121,34518,6665,3170,3495
6080,37581,3032,18179,2121,34548,6669,3172,3497
6085,37612,3032,18194,2121,34580,6673,3174,3499
6090,37643,3032,18207,2121,34611,6677,3176,3501
6095,37674,3032,18223,2121,34642,6681,3178,3503
6100,37705,3035,18236,2124,34670,6685,3180,3505
6105,37736,3037,18253,2126,34698,6689,3180,3509
6110,37767,3040,18268,2128,34726,6693,3180,3513
6115,37798,3044,18284,2131,34754,6697,3183,3514
6120,37829,3047,18299,2133,34781,6701,3185,3516
6125,37860,3051,18314,2137,34809,6704,3185,3519
6130,37891,3054,18328,2138,34836,6707,3186,3521
6135,37922,3059,18343,2141,34861,6710,3189,3521
6140,37953,3066,18357,2147,34887,6713,3189,3524
6145,37984,3070,18372,2150,34913,6716,3191,3525
6150,38015,3075,18389,2154,34940,6719,3192,3527
6155,38046,3078,18409,2157,34968,6722,3195,3527
6160,38077,3081,18424,2159,34996,6725,3196,3529
6165,38108,3085,18441,2162,35022,6730,3198,3532
6170,38139,3086,18457,2163,35053,6735,3200,3535
6175,38170,3087,18474,2164,35083,6740,3202,3538
6180,38201,3089,18486,2166,35112,6745,3204,3541
6185,38232,3091,18499,2167,35140,6750,3208,3542
6190,38263,3093,18516,2169,35169,6755,3211,3544
6195,38294,3095,18528,2170,35199,6760,3215,3545
6200,38325,3097,18544,2172,35227,6765,3217,3548
6205,38356,3098,18558,2173,35257,6770,3220,3550
6210,38387,3100,18573,2174,35286,6775,3224,3551
6215,38418,3102,18587,2175,35315,6780,3227,3553
6220,38449,3104,18605,2176,35345,6785,3229,3556
6225,38480,3105,18613,2176,35375,6790,3229,3561
6230,38511,3107,18625,2177,35404,6796,3231,3565
6235,38542,3108,18639,2178,35434,6802,3235,3567
6240,38573,3109,18655,2178,35464,6808,3238,3570
6245,38604,3110,18670,2178,35494,6814,3241,3573
6250,38635,3111,18683,2178,35524,6820,3244,3576
6255,38666,3113,18697,2179,35553,6826,3247,3579
6260,38697,3114,18710,2179,35582,6832,3248,3584
6265,38728,3116,18725,2180,35610,6838,3250,3588
6270,38759,3119,18745,2183,35638,6844,3255,3589
6275,38790,3122,18759,2186,35667,6850,3259,3591
6280,38821,3126,18771,2188,35694,6856,3260,3596
6285,38852,3129,18789,2190,35721,6862,3264,3598
6290,38883,3134,18809,2194,35748,6868,3268,3600
6295,38914,3138,18823,2197,35775,6874,3272,3602
6300,38945,3141,18840,2200,35803,6880,3275,3605
6305,38976,3144,18856,2203,35832,6886,3277,3609
6310,39007,3146,18871,2204,35861,6892,3281,3611
6315,39038,3148,18889,2206,35890,6898,3283,3615
6320,39069,3150,18904,2207,35918,6904,3285,3619
6325,39100,3154,18920,2210,35946,6910,3288,3622
6330,39131,3156,18933,2211,35975,6916,3292,3624
6335,39162,3158,18949,2213,36003,6922,3295,3627
6340,39193,3162,18966,2217,36031,6928,3297,3631
6345,39224,3162,18984,2217,36061,6934,3302,3632
6350,39255,3162,18996,2217,36093,6940,3305,3635
6355,39286,3162,19011,2217,36123,6946,3307,3639
6360,39317,3162,19029,2217,36153,6952,3313,3639
6365,39348,3163,19049,2218,36184,6956,3316,3640
6370,39379,3165,19067,2220,36214,6960,3319,3641
6375,39410,3166,19081,2220,36244,6964,3320,3644
6380,39441,3168,19095,2221,36272,6968,3323,3645
6385,39472,3169,19110,2221,36301,6972,3323,3649
6390,39503,3170,19128,2221,36332,6976,3326,3650
6395,39534,3172,19147,2222,36362,6980,3330,3650
6400,39565,3174,19163,2223,36391,6984,3333,3651
6405,39596,3175,19174,2223,36421,6988,3333,3655
6410,39627,3178,19192,2226,36449,6992,3333,3659
6415,39658,3180,19208,2227,36477,6996,3335,3661
6420,39689,3185,19224,2231,36503,7000,3337,3663
6425,39720,3189,19239,2235,36531,7004,3338,3666
6430,39751,3193,19255,2237,36558,7008,3340,3668
6435,39782,3196,19266,2239,36586,7012,3342,3670
6440,39813,3197,19279,2239,36615,7016,3342,3674
6445,39844,3199,19298,2241,36644,7020,3345,3675
6450,39875,3201,19309,2241,36673,7024,3348,3676
6455,39906,3204,19325,2243,36701,7028,3351,3677
6460,39937,3206,19336,2244,36730,7032,3353,3679
6465,39968,3209,19347,2245,36758,7038,3355,3683
6470,39999,3212,19358,2248,36786,7044,3356,3688
6475,40030,3216,19371,2251,36813,7050,3359,3691
6480,40061,3219,19395,2253,36839,7056,3363,3693
6485,40092,3225,19407,2257,36867,7061,3365,3696
6490,40123,3229,19420,2260,36893,7066,3366,3700
6495,40154,3234,19437,2265,36920,7071,3370,3701
6500,40185,3236,19451,2267,36949,7076,3372,3704
6505,40216,3237,19462,2268,36979,7081,3374,3707
6510,40247,3238,19477,2269,37007,7086,3376,3710
6515,40278,3241,19491,2272,37036,7091,3377,3714
6520,40309,3244,19506,2274,37063,7096,3379,3717
6525,40340,3246,19520,2276,37094,7101,3381,3720
6530,40371,3246,19537,2276,37125,7106,3383,3723
6535,40402,3246,19550,2276,37155,7111,3385,3726
6540,40433,3248,19561,2277,37185,7116,3386,3730
6545,40464,3250,19575,2278,37214,7121,3391,3730
6550,40495,3252,19593,2280,37243,7126,3396,3730
6555,40526,3254,19606,2282,37272,7131,3399,3732
6560,40557,3255,19615,2283,37302,7136,3401,3735
6565,40588,3256,19632,2284,37332,7141,3405,3736
6570,40619,3257,19647,2285,37362,7146,3407,3739
6575,40650,3259,19659,2286,37391,7151,3409,3742
6580,40681,3263,19670,2290,37418,7156,3411,3745
6585,40712,3266,19681,2293,37446,7161,3411,3750
6590,40743,3269,19696,2295,37474,7167,3413,3754
6595,40774,3269,19712,2295,37505,7173,3417,3756
6600,40805,3269,19729,2295,37536,7179,3422,3757
6605,40836,3270,19739,2295,37566,7184,3423,3761
6610,40867,3271,19757,2295,37596,7189,3425,3764
6615,40898,3272,19773,2296,37626,7194,3428,3766
6620,40929,3273,19790,2297,37655,7199,3430,3769
6625,40960,3275,19804,2298,37685,7204,3434,3770
6630,40991,3277,19818,2299,37714,7209,3436,3773
6635,41022,3279,19834,2300,37742,7214,3439,3775
6640,41053,3282,19855,2303,37770,7219,3443,3776
6645,41084,3285,19872,2305,37799,7224,3445,3779
6650,41115,3288,19890,2306,37824,7229,3448,3781
6655,41146,3293,19908,2309,37851,7234,3451,3783
6660,41177,3297,19926,2313,37879,7239,3454,3785
6665,41208,3303,19946,2318,37903,7243,3457,3786
6670,41239,3310,19962,2323,37926,7247,3459,3788
6675,41270,3317,19975,2329,37951,7251,3460,3791
6680,41301,3318,19990,2330,37983,7255,3462,3793
6685,41332,3318,20004,2330,38013,7259,3464,3795
6690,41363,3318,20021,2330,38044,7263,3467,3796
6695,41394,3318,20035,2330,38076,7267,3468,3799
6700,41425,3320,20046,2331,38105,7271,3469,3802
6705,41456,3322,20057,2332,38134,7276,3472,3804
6710,41487,3324,20065,2333,38163,7281,3474,3807
6715,41518,3326,20080,2334,38192,7286,3475,3811
6720,41549,3328,20095,2336,38221,7291,3477,3814
6725,41580,3330,20111,2338,38250,7295,3479,3816
6730,41611,3333,20133,2340,38278,7299,3482,3817
6735,41642,3335,20150,2341,38307,7303,3485,3818
6740,41673,3337,20162,2342,38336,7307,3485,3822
6745,41704,3339,20179,2344,38365,7311,3486,3825
6750,41735,3341,20198,2346,38394,7315,3487,3828
6755,41766,3341,20215,2346,38425,7319,3489,3830
6760,41797,3341,20226,2346,38456,7323,3491,3832
6765,41828,3341,20240,2346,38487,7328,3494,3834
6770,41859,3341,20255,2346,38518,7333,3497,3836
6775,41890,3341,20270,2346,38549,7338,3501,3837
6780,41921,3341,20285,2346,38580,7343,3503,3840
6785,41952,3342,20299,2347,38609,7348,3504,3844
6790,41983,3345,20311,2348,38638,7353,3504,3849
6795,42014,3348,20328,2350,38666,7358,3507,3851
6800,42045,3350,20340,2350,38695,7363,3508,3855
6805,42076,3354,20357,2352,38721,7368,3510,3858
6810,42107,3357,20369,2355,38749,7373,3513,3860
6815,42138,3361,20383,2357,38777,7378,3515,3863
6820,42169,3364,20397,2359,38805,7383,3516,3867
6825,42200,3368,20417,2361,38829,7388,3520,3868
6830,42231,3372,20436,2363,38854,7394,3523,3871
6835,42262,3379,20450,2369,38883,7400,3524,3876
6840,42293,3380,20466,2369,38912,7406,3527,3879
6845,42324,3381,20480,2369,38942,7412,3528,3884
6850,42355,3383,20497,2370,38970,7418,3534,3884
6855,42386,3385,20510,2372,38999,7424,3536,3888
6860,42417,3388,20524,2374,39028,7430,3539,3891
6865,42448,3391,20537,2376,39055,7436,3542,3894
6870,42479,3394,20554,2379,39085,7442,3545,3897
6875,42510,3396,20567,2381,39113,7448,3546,3902
6880,42541,3399,20585,2383,39141,7454,3549,3905
6885,42572,3403,20599,2385,39169,7460,3553,3907
6890,42603,3406,20620,2388,39196,7466,3557,3909
6895,42634,3410,20626,2390,39224,7472,3557,3915
6900,42665,3411,20645,2391,39254,7478,3560,3918
6905,42696,3412,20657,2392,39284,7482,3561,3921
6910,42727,3413,20672,2392,39314,7486,3563,3923
6915,42758,3414,20687,2392,39344,7490,3566,3924
6920,42789,3415,20703,2393,39374,7494,3566,3928
6925,42820,3416,20719,2394,39404,7498,3568,3930
6930,42851,3417,20737,2394,39434,7502,3570,3932
6935,42882,3418,20754,2394,39464,7506,3572,3934
6940,42913,3419,20763,2394,39493,7510,3572,3938
6945,42944,3421,20779,2396,39523,7514,3574,3940
6950,42975,3425,20792,2399,39549,7518,3577,3941
6955,43006,3427,20800,2400,39579,7522,3578,3944
6960,43037,3431,20818,2402,39606,7526,3580,3946
6965,43068,3435,20831,2404,39633,7530,3581,3949
6970,43099,3439,20845,2407,39660,7534,3583,3951
6975,43130,3443,20856,2410,39687,7538,3584,3954
6980,43161,3448,20868,2414,39711,7542,3585,3957
6985,43192,3453,20884,2417,39737,7546,3588,3958
6990,43223,3456,20899,2420,39765,7550,3589,3961
6995,43254,3458,20906,2421,39796,7554,3589,3965
7000,43285,3460,20926,2423,39825,7558,3593,3965
7005,43316,3463,20941,2425,39852,7564,3597,3967
7010,43347,3464,20956,2426,39882,7570,3599,3971
7015,43378,3466,20968,2428,39911,7576,3603,3973
7020,43409,3467,20977,2429,39942,7582,3605,3977
7025,43440,3468,20995,2430,39972,7588,3609,3979
7030,43471,3469,21013,2431,40000,7594,3614,3980
7035,43502,3470,21023,2431,40031,7600,3615,3985
7040,43533,3471,21042,2432,40062,7606,3620,3986
7045,43564,3472,21058,2433,40092,7612,3623,3989
7050,43595,3473,21073,2433,40121,7618,3626,3992
7055,43626,3474,21089,2433,40152,7624,3630,3994
7060,43657,3475,21109,2433,40182,7630,3634,3996
7065,43688,3476,21124,2433,40211,7636,3636,4000
7070,43719,3479,21136,2436,40240,7642,3640,4002
7075,43750,3481,21151,2437,40268,7648,3643,4005
7080,43781,3485,21166,2441,40295,7654,3647,4007
7085,43812,3487,21183,2443,40324,7660,3651,4009
7090,43843,3489,21199,2445,40354,7666,3654,4012
7095,43874,3492,21211,2448,40381,7672,3656,4016
7100,43905,3496,21225,2452,40409,7678,3659,4019
7105,43936,3498,21234,2453,40438,7684,3660,4024
7110,43967,3499,21245,2453,40467,7690,3662,4028
7115,43998,3501,21262,2455,40497,7696,3665,4031
7120,44029,3503,21277,2456,40525,7702,3668,4034
7125,44060,3506,21290,2457,40553,7708,3670,4038
7130,44091,3509,21305,2458,40581,7714,3674,4040
7135,44122,3511,21322,2460,40611,7720,3677,4043
7140,44153,3514,21339,2461,40639,7726,3682,4044
7145,44184,3517,21358,2463,40667,7732,3685,4047
7150,44215,3520,21376,2466,40695,7738,3691,4047
7155,44246,3522,21386,2466,40724,7744,3694,4050
7160,44277,3527,21405,2469,40748,7750,3697,4053
7165,44308,3532,21419,2473,40774,7756,3700,4056
7170,44339,3537,21432,2477,40800,7762,3702,4060
7175,44370,3541,21450,2481,40828,7768,3705,4063
7180,44401,3542,21473,2482,40858,7774,3709,4065
7185,44432,3544,21487,2483,40888,7780,3713,4067
7190,44463,3545,21505,2484,40918,7786,3717,4069
7195,44494,3547,21519,2485,40945,7792,3718,4074
7200,44525,3548,21536,2486,40975,7798,3721,4077
7205,44556,3554,21550,2491,41001,7803,3723,4080
7210,44587,3558,21562,2495,41028,7808,3724,4084
7215,44618,3562,21577,2497,41056,7813,3727,4086
7220,44649,3563,21591,2497,41086,7818,3731,4087
7225,44680,3565,21604,2498,41115,7823,3732,4091
7230,44711,3567,21617,2499,41144,7828,3733,4095
7235,44742,3568,21629,2499,41174,7833,3736,4097
7240,44773,3570,21641,2501,41202,7838,3737,4101
7245,44804,3573,21651,2503,41231,7843,3738,4105
7250,44835,3574,21666,2504,41259,7848,3741,4107
7255,44866,3577,21675,2507,41289,7853,3743,4110
7260,44897,3579,21693,2509,41316,7858,3747,4111
7265,44928,3581,21707,2511,41347,7862,3747,4115
7270,44959,3581,21728,2511,41378,7866,3751,4115
7275,44990,3581,21745,2511,41409,7870,3755,4115
7280,45021,3582,21764,2512,41439,7874,3758,4116
7285,45052,3583,21775,2513,41469,7878,3758,4120
7290,45083,3584,21786,2513,41499,7882,3759,4123
7295,45114,3585,21800,2513,41529,7886,3761,4125
7300,45145,3586,21813,2513,41559,7890,3762,4128
7305,45176,3587,21828,2514,41586,7895,3764,4131
7310,45207,3592,21841,2518,41612,7900,3766,4134
7315,45238,3596,21860,2521,41639,7905,3768,4137
7320,45269,3600,21872,2524,41667,7910,3771,4139
7325,45300,3604,21886,2528,41696,7913,3771,4142
7330,45331,3605,21898,2529,41726,7916,3771,4145
7335,45362,3606,21920,2530,41756,7919,3774,4145
7340,45393,3607,21934,2530,41786,7922,3776,4146
7345,45424,3608,21951,2531,41816,7925,3778,4147
7350,45455,3609,21965,2532,41846,7928,3780,4148
7355,45486,3610,21976,2532,41876,7931,3781,4150
7360,45517,3611,21992,2532,41906,7934,3783,4151
7365,45548,3612,22008,2533,41936,7937,3784,4153
7370,45579,3613,22025,2533,41965,7941,3786,4155
7375,45610,3616,22044,2535,41993,7945,3787,4158
7380,45641,3619,22062,2538,42021,7949,3790,4159
7385,45672,3622,22074,2539,42050,7953,3793,4160
7390,45703,3624,22085,2540,42079,7957,3796,4161
7395,45734,3626,22100,2541,42108,7961,3797,4164
7400,45765,3628,22112,2541,42136,7965,3799,4166
7405,45796,3631,22132,2544,42165,7969,3801,4168
7410,45827,3633,22147,2544,42193,7973,3802,4171
7415,45858,3636,22164,2545,42221,7977,3805,4172
7420,45889,3641,22183,2550,42246,7981,3808,4173
7425,45920,3646,22201,2554,42272,7986,3811,4175
7430,45951,3654,22220,2561,42297,7992,3815,4177
7435,45982,3658,22234,2565,42324,7998,3817,4181
7440,46013,3662,22249,2567,42351,8004,3819,4185
7445,46044,3664,22263,2568,42380,8008,3820,4188
7450,46075,3666,22274,2569,42409,8012,3822,4190
7455,46106,3670,22288,2571,42436,8016,3825,4191
7460,46137,3674,22305,2575,42463,8020,3826,4194
7465,46168,3677,22320,2577,42491,8024,3828,4196
7470,46199,3680,22338,2579,42519,8028,3830,4198
7475,46230,3682,22353,2580,42547,8032,3833,4199
7480,46261,3685,22370,2581,42576,8036,3836,4200
7485,46292,3686,22388,2581,42604,8040,3838,4202
7490,46323,3687,22403,2581,42635,8044,3841,4203
7495,46354,3688,22421,2581,42664,8048,3844,4204
7500,46385,3689,22435,2581,42695,8052,3845,4207
7505,46416,3690,22448,2581,42726,8056,3847,4209
7510,46447,3691,22467,2582,42756,8060,3848,4212
7515,46478,3692,22479,2582,42786,8064,3851,4213
7520,46509,3693,22492,2583,42816,8068,3853,4215
7525,46540,3694,22507,2584,42846,8072,3855,4217
7530,46571,3695,22521,2585,42875,8076,3857,4219
7535,46602,3698,22539,2587,42903,8080,3860,4220
7540,46633,3701,22551,2589,42932,8084,3861,4223
7545,46664,3703,22566,2591,42960,8090,3863,4227
7550,46695,3706,22583,2594,42988,8096,3865,4231
7555,46726,3709,22599,2595,43016,8102,3868,4234
7560,46757,3712,22614,2596,43045,8108,3871,4237
7565,46788,3714,22632,2597,43074,8114,3875,4239
7570,46819,3717,22641,2598,43102,8120,3877,4243
7575,46850,3720,22655,2599,43130,8126,3880,4246
7580,46881,3723,22669,2602,43158,8132,3884,4248
7585,46912,3726,22686,2604,43186,8138,3888,4250
7590,46943,3730,22704,2606,43212,8144,3893,4251
7595,46974,3734,22722,2609,43240,8150,3896,4254
7600,47005,3740,22739,2613,43265,8156,3899,4257
7605,47036,3744,22749,2615,43291,8162,3901,4261
7610,47067,3750,22764,2620,43317,8168,3904,4264
7615,47098,3755,22779,2623,43342,8174,3905,4269
7620,47129,3758,22794,2625,43371,8180,3908,4272
7625,47160,3759,22805,2626,43401,8186,3909,4277
7630,47191,3761,22816,2627,43430,8192,3912,4280
7635,47222,3762,22835,2628,43460,8198,3916,4282
7640,47253,3764,22851,2629,43489,8204,3919,4285
7645,47284,3765,22862,2630,43519,8210,3920,4290
7650,47315,3766,22876,2630,43549,8216,3923,4293
7655,47346,3768,22890,2632,43578,8222,3925,4297
7660,47377,3770,22904,2634,43606,8228,3926,4302
7665,47408,3773,22917,2636,43635,8234,3929,4305
7670,47439,3776,22927,2638,43663,8240,3932,4308
7675,47470,3778,22940,2639,43691,8246,3933,4313
7680,47501,3778,22956,2639,43722,8252,3935,4317
7685,47532,3778,22965,2639,43754,8258,3935,4323
7690,47563,3778,22975,2639,43785,8264,3936,4328
7695,47594,3778,22990,2639,43816,8270,3938,4332
7700,47625,3778,23008,2639,43846,8276,3942,4334
7705,47656,3778,23023,2639,43878,8282,3945,4337
7710,47687,3778,23041,2639,43908,8288,3950,4338
7715,47718,3778,23059,2639,43940,8294,3954,4340
7720,47749,3781,23077,2642,43967,8300,3958,4342
7725,47780,3784,23093,2643,43996,8306,3964,4342
7730,47811,3786,23110,2644,44024,8312,3967,4345
7735,47842,3789,23127,2646,44052,8318,3970,4348
7740,47873,3792,23140,2648,44081,8324,3972,4352
7745,47904,3794,23149,2649,44110,8330,3972,4358
7750,47935,3796,23161,2649,44138,8336,3975,4361
7755,47966,3799,23178,2652,44167,8342,3977,4365
7760,47997,3801,23192,2652,44196,8348,3979,4369
7765,48028,3803,23206,2653,44225,8354,3983,4371
7770,48059,3805,23224,2654,44254,8360,3987,4373
7775,48090,3808,23236,2656,44281,8366,3990,4376
7780,48121,3813,23254,2659,44307,8372,3994,4378
7785,48152,3818,23273,2662,44332,8378,3998,4380
7790,48183,3825,23290,2667,44357,8384,4002,4382
7795,48214,3828,23300,2668,44383,8390,4003,4387
7800,48245,3834,23314,2672,44410,8396,4005,4391
7805,48276,3840,23331,2676,44435,8400,4008,4392
7810,48307,3846,23343,2680,44461,8404,4009,4395
7815,48338,3849,23359,2682,44487,8408,4011,4397
7820,48369,3857,23374,2688,44510,8412,4012,4400
7825,48400,3864,23385,2692,44535,8416,4012,4404
7830,48431,3868,23400,2695,44562,8420,4013,4407
7835,48462,3869,23417,2696,44593,8424,4016,4408
7840,48493,3869,23432,2696,44624,8428,4019,4409
7845,48524,3869,23448,2696,44655,8432,4021,4411
7850,48555,3869,23464,2696,44686,8436,4024,4412
7855,48586,3869,23475,2696,44717,8440,4025,4415
7860,48617,3869,23490,2696,44748,8444,4028,4416
7865,48648,3869,23505,2696,44779,8448,4030,4418
7870,48679,3869,23523,2696,44810,8452,4033,4419
7875,48710,3869,23538,2696,44841,8456,4034,4422
7880,48741,3869,23556,2696,44872,8460,4036,4424
7885,48772,3869,23571,2696,44903,8464,4037,4427
7890,48803,3869,23582,2696,44934,8468,4039,4429
7895,48834,3869,23599,2696,44965,8472,4040,4432
7900,48865,3869,23608,2696,44996,8476,4041,4435
7905,48896,3869,23620,2696,45027,8481,4044,4437
7910,48927,3869,23632,2696,45056,8487,4044,4443
7915,48958,3869,23649,2696,45088,8493,4048,4445
7920,48989,3869,23657,2696,45120,8499,4049,4450
7925,49020,3869,23679,2696,45149,8504,4052,4452
7930,49051,3869,23694,2696,45182,8509,4055,4454
7935,49082,3871,23710,2698,45210,8514,4058,4456
7940,49113,3877,23730,2703,45235,8519,4061,4458
7945,49144,3882,23743,2705,45261,8524,4064,4460
7950,49175,3887,23763,2710,45287,8529,4065,4464
7955,49206,3892,23775,2713,45313,8534,4068,4466
7960,49237,3898,23793,2716,45337,8539,4071,4468
7965,49268,3904,23807,2720,45363,8544,4072,4472
7970,49299,3911,23821,2726,45386,8549,4074,4475
7975,49330,3917,23833,2732,45412,8554,4076,4478
7980,49361,3920,23848,2735,45440,8559,4079,4480
7985,49392,3923,23865,2738,45469,8564,4083,4481
7990,49423,3928,23883,2743,45495,8569,4085,4484
7995,49454,3931,23895,2745,45523,8574,4087,4487
8000,49485,3935,23909,2749,45550,8579,4089,4490
8005,49516,3937,23924,2750,45579,8584,4090,4494
8010,49547,3938,23939,2751,45609,8589,4093,4496
8015,49578,3939,23951,2752,45639,8594,4095,4499
8020,49609,3941,23969,2753,45668,8599,4098,4501
8025,49640,3942,23982,2753,45698,8605,4102,4503
8030,49671,3944,24000,2754,45727,8611,4105,4506
8035,49702,3945,24017,2754,45753,8617,4108,4509
8040,49733,3952,24031,2760,45781,8623,4110,4513
8045,49764,3952,24044,2760,45811,8627,4112,4515
8050,49795,3952,24060,2760,45842,8631,4116,4515
8055,49826,3952,24074,2760,45873,8635,4118,4517
8060,49857,3952,24086,2760,45905,8639,4121,4518
8065,49888,3952,24097,2760,45935,8643,4124,4519
8070,49919,3952,24113,2760,45967,8647,4125,4522
8075,49950,3952,24129,2760,45998,8651,4128,4523
8080,49981,3955,24148,2763,46025,8655,4129,4526
8085,50012,3958,24159,2766,46053,8659,4130,4529
8090,50043,3961,24170,2769,46080,8663,4133,4530
8095,50074,3967,24184,2774,46106,8667,4136,4531
8100,50105,3969,24195,2775,46133,8671,4139,4532
8105,50136,3972,24208,2777,46164,8675,4139,4536
8110,50167,3974,24225,2779,46193,8679,4140,4539
8115,50198,3975,24236,2779,46223,8683,4141,4542
8120,50229,3976,24250,2780,46253,8687,4142,4545
8125,50260,3977,24270,2781,46283,8691,4146,4545
8130,50291,3978,24288,2782,46313,8695,4148,4547
8135,50322,3979,24303,2782,46342,8699,4150,4549
8140,50353,3981,24317,2783,46371,8703,4152,4551
8145,50384,3983,24333,2784,46399,8709,4156,4553
8150,50415,3985,24350,2786,46429,8715,4159,4556
8155,50446,3987,24364,2786,46458,8721,4162,4559
8160,50477,3989,24381,2787,46488,8727,4165,4562
8165,50508,3991,24396,2787,46517,8733,4168,4565
8170,50539,3993,24405,2788,46546,8739,4169,4570
8175,50570,3998,24418,2791,46570,8745,4171,4574
8180,50601,4003,24430,2794,46597,8751,4174,4577
8185,50632,4009,24448,2799,46621,8757,4178,4579
8190,50663,4015,24462,2804,46644,8763,4181,4582
8195,50694,4022,24478,2811,46670,8769,4183,4586
8200,50725,4026,24496,2814,46699,8775,4186,4589
8205,50756,4026,24512,2814,46729,8781,4187,4594
8210,50787,4028,24522,2815,46758,8787,4187,4600
8215,50818,4030,24543,2817,46788,8793,4190,4603
8220,50849,4032,24559,2819,46817,8799,4194,4605
8225,50880,4034,24576,2821,46846,8804,4196,4608
8230,50911,4036,24588,2823,46874,8809,4197,4612
8235,50942,4040,24600,2826,46901,8814,4199,4615
8240,50973,4043,24615,2829,46930,8819,4201,4618
8245,51004,4045,24631,2831,46958,8824,4203,4621
8250,51035,4048,24642,2834,46987,8829,4205,4624
8255,51066,4048,24661,2834,47018,8834,4209,4625
8260,51097,4048,24677,2834,47049,8839,4211,4628
8265,51128,4048,24689,2834,47080,8844,4212,4632
8270,51159,4048,24703,2834,47111,8849,4217,4632
8275,51190,4048,24722,2834,47142,8854,4220,4634
8280,51221,4048,24738,2834,47173,8859,4222,4637
8285,51252,4048,24749,2834,47204,8864,4223,4641
8290,51283,4048,24767,2834,47235,8869,4226,4643
8295,51314,4048,24782,2834,47266,8874,4228,4646
8300,51345,4048,24799,2834,47297,8879,4230,4649
8305,51376,4049,24811,2834,47327,8884,4233,4651
8310,51407,4052,24824,2836,47355,8889,4235,4654
8315,51438,4055,24843,2837,47383,8894,4240,4654
8320,51469,4058,24855,2839,47410,8899,4243,4656
8325,51500,4062,24870,2842,47437,8904,4246,4658
8330,51531,4066,24880,2844,47462,8910,4246,4664
8335,51562,4071,24894,2848,47490,8916,4250,4666
8340,51593,4075,24909,2851,47517,8922,4252,4670
8345,51624,4079,24922,2855,47545,8927,4254,4673
8350,51655,4082,24936,2857,47573,8932,4257,4675
8355,51686,4085,24951,2859,47601,8937,4258,4679
8360,51717,4089,24963,2861,47627,8942,4259,4683
8365,51748,4094,24979,2865,47654,8947,4261,4686
8370,51779,4098,24996,2868,47680,8952,4265,4687
8375,51810,4102,25011,2871,47707,8957,4268,4689
8380,51841,4106,25031,2874,47734,8962,4272,4690
8385,51872,4111,25046,2879,47760,8967,4274,4693
8390,51903,4114,25057,2881,47789,8972,4276,4696
8395,51934,4117,25072,2883,47817,8977,4279,4698
8400,51965,4120,25088,2885,47844,8982,4280,4702
8405,51996,4124,25103,2888,47872,8986,4282,4704
8410,52027,4128,25118,2891,47899,8990,4285,4705
8415,52058,4129,25134,2891,47929,8994,4289,4705
8420,52089,4131,25152,2893,47958,8998,4292,4706
8425,52120,4131,25160,2893,47989,9002,4294,4708
8430,52151,4131,25173,2893,48020,9006,4295,4711
8435,52182,4131,25188,2893,48051,9010,4296,4714
8440,52213,4131,25200,2893,48082,9014,4299,4715
8445,52244,4131,25220,2893,48113,9018,4303,4715
8450,52275,4131,25235,2893,48144,9023,4305,4718
8455,52306,4131,25258,2893,48175,9028,4308,4720
8460,52337,4131,25269,2893,48206,9033,4311,4722
8465,52368,4131,25283,2893,48237,9038,4313,4725
8470,52399,4131,25298,2893,48268,9043,4316,4727
8475,52430,4131,25311,2893,48299,9048,4319,4729
8480,52461,4132,25324,2894,48329,9053,4321,4732
8485,52492,4133,25340,2894,48359,9058,4322,4736
8490,52523,4134,25351,2894,48389,9063,4322,4741
8495,52554,4135,25362,2894,48419,9068,4323,4745
8500,52585,4136,25375,2894,48449,9073,4324,4749
8505,52616,4137,25392,2894,48479,9079,4327,4752
8510,52647,4138,25403,2894,48509,9085,4331,4754
8515,52678,4141,25418,2895,48535,9091,4334,4757
8520,52709,4145,25428,2897,48563,9097,4336,4761
8525,52740,4149,25439,2900,48589,9102,4337,4765
8530,52771,4157,25458,2906,48613,9107,4338,4769
8535,52802,4163,25473,2912,48639,9112,4340,4772
8540,52833,4167,25488,2914,48664,9117,4343,4774
8545,52864,4173,25504,2919,48691,9122,4345,4777
8550,52895,4177,25522,2922,48717,9127,4346,4781
8555,52926,4180,25536,2924,48746,9132,4349,4783
8560,52957,4184,25549,2926,48772,9137,4352,4785
8565,52988,4187,25562,2927,48800,9142,4354,4788
8570,53019,4192,25579,2931,48825,9147,4356,4791
8575,53050,4196,25599,2934,48853,9152,4358,4794
8580,53081,4198,25613,2935,48883,9157,4362,4795
8585,53112,4202,25629,2937,48910,9160,4362,4798
8590,53143,4205,25640,2939,48938,9163,4364,4799
8595,53174,4208,25654,2941,48966,9166,4366,4800
8600,53205,4210,25666,2941,48995,9169,4367,4802
8605,53236,4214,25687,2945,49021,9172,4369,4803
8610,53267,4216,25701,2946,49051,9175,4372,4803
8615,53298,4218,25715,2948,49080,9178,4373,4805
8620,53329,4218,25732,2948,49111,9181,4376,4805
8625,53360,4218,25749,2948,49142,9185,4379,4806
8630,53391,4218,25762,2948,49173,9189,4381,4808
8635,53422,4218,25773,2948,49204,9193,4382,4811
8640,53453,4218,25786,2948,49235,9197,4383,4814
8645,53484,4218,25802,2948,49266,9201,4384,4817
8650,53515,4218,25821,2948,49297,9205,4387,4818
8655,53546,4218,25835,2948,49328,9209,4388,4821
8660,53577,4219,25853,2948,49358,9213,4390,4823
8665,53608,4221,25864,2949,49387,9217,4391,4826
8670,53639,4222,25876,2949,49417,9221,4391,4830
8675,53670,4224,25895,2951,49446,9225,4395,4830
8680,53701,4226,25913,2953,49475,9229,4396,4833
8685,53732,4228,25931,2955,49504,9235,4402,4833
8690,53763,4231,25951,2957,49528,9241,4407,4834
8695,53794,4237,25966,2962,49556,9247,4410,4837
8700,53825,4241,25982,2966,49584,9253,4415,4838
8705,53856,4241,25994,2966,49614,9259,4416,4843
8710,53887,4241,26011,2966,49643,9265,4420,4845
8715,53918,4243,26021,2967,49675,9271,4423,4848
8720,53949,4248,26034,2972,49700,9277,4425,4852
8725,53980,4252,26045,2975,49727,9283,4427,4856
8730,54011,4257,26058,2979,49753,9289,4429,4860
8735,54042,4262,26072,2983,49779,9295,4434,4861
8740,54073,4267,26087,2987,49806,9301,4435,4866
8745,54104,4270,26105,2989,49833,9307,4439,4868
8750,54135,4275,26119,2992,49860,9313,4442,4871
8755,54166,4277,26135,2993,49888,9319,4445,4874
8760,54197,4281,26149,2995,49915,9325,4446,4879
8765,54228,4284,26165,2998,49944,9331,4449,4882
8770,54259,4285,26177,2998,49973,9337,4451,4886
8775,54290,4288,26191,3000,50002,9343,4454,4889
8780,54321,4290,26203,3001,50031,9349,4456,4893
8785,54352,4292,26220,3002,50060,9355,4457,4898
8790,54383,4293,26231,3003,50090,9361,4457,4904
8795,54414,4294,26243,3004,50120,9367,4461,4906
8800,54445,4296,26257,3005,50149,9373,4462,4911
8805,54476,4296,26273,3005,50179,9379,4463,4916
8810,54507,4297,26287,3006,50209,9385,4464,4921
8815,54538,4298,26303,3006,50239,9391,4468,4923
8820,54569,4300,26314,3008,50268,9397,4470,4927
8825,54600,4301,26328,3009,50298,9403,4472,4931
8830,54631,4303,26341,3010,50328,9409,4475,4934
8835,54662,4305,26355,3012,50356,9415,4478,4937
8840,54693,4307,26373,3014,50386,9421,4481,4940
8845,54724,4308,26385,3014,50416,9427,4483,4944
8850,54755,4310,26399,3015,50444,9433,4486,4947
8855,54786,4312,26412,3017,50473,9439,4488,4951
8860,54817,4315,26422,3019,50502,9445,4489,4956
8865,54848,4317,26438,3020,50529,9451,4493,4958
8870,54879,4323,26457,3026,50553,9457,4497,4960
8875,54910,4327,26474,3029,50582,9463,4501,4962
8880,54941,4330,26483,3031,50611,9469,4502,4967
8885,54972,4333,26506,3033,50639,9475,4506,4969
8890,55003,4335,26523,3034,50668,9481,4509,4972
8895,55034,4337,26539,3035,50697,9487,4512,4975
8900,55065,4338,26554,3035,50727,9493,4514,4979
8905,55096,4343,26571,3039,50753,9499,4517,4982
8910,55127,4344,26586,3040,50783,9505,4520,4985
8915,55158,4346,26601,3041,50812,9511,4524,4987
8920,55189,4347,26610,3042,50842,9517,4526,4991
8925,55220,4348,26626,3043,50871,9523,4528,4995
8930,55251,4350,26636,3045,50901,9529,4530,4999
8935,55282,4351,26651,3045,50930,9535,4533,5002
8940,55313,4354,26670,3048,50959,9541,4538,5003
8945,55344,4355,26684,3049,50989,9546,4540,5006
8950,55375,4356,26695,3049,51018,9551,4541,5010
8955,55406,4359,26709,3051,51046,9556,4543,5013
8960,55437,4362,26725,3054,51074,9561,4547,5014
8965,55468,4365,26742,3057,51103,9566,4550,5016
8970,55499,4367,26758,3058,51131,9571,4553,5018
8975,55530,4371,26771,3062,51159,9576,4553,5023
8980,55561,4372,26787,3062,51189,9581,4556,5025
8985,55592,4373,26798,3062,51218,9586,4557,5029
8990,55623,4375,26817,3064,51248,9591,4560,5031
8995,55654,4377,26829,3065,51277,9596,4562,5034
9000,55685,4379,26840,3066,51306,9601,4564,5037
9005,55716,4381,26851,3068,51335,9605,4565,5040
9010,55747,4385,26863,3071,51362,9609,4567,5042
9015,55778,4388,26881,3073,51389,9613,4571,5042
9020,55809,4393,26895,3076,51416,9617,4573,5044
9025,55840,4399,26911,3080,51441,9621,4575,5046
9030,55871,4404,26924,3083,51466,9625,4576,5049
9035,55902,4407,26943,3085,51495,9629,4577,5052
9040,55933,4410,26951,3087,51523,9633,4579,5054
9045,55964,4412,26967,3089,51552,9637,4582,5055
9050,55995,4414,26980,3091,51581,9642,4585,5057
9055,56026,4416,26992,3092,51610,9647,4586,5061
9060,56057,4417,27002,3092,51640,9652,4588,5064
9065,56088,4418,27015,3092,51669,9656,4590,5066
9070,56119,4420,27031,3094,51698,9660,4590,5070
9075,56150,4421,27040,3095,51729,9664,4592,5072
9080,56181,4423,27054,3096,51758,9668,4595,5073
9085,56212,4423,27074,3096,51787,9672,4598,5074
9090,56243,4427,27087,3100,51816,9676,4600,5076
9095,56274,4429,27106,3101,51843,9680,4604,5076
9100,56305,4432,27116,3103,51873,9684,4605,5079
9105,56336,4434,27131,3104,51900,9689,4608,5081
9110,56367,4435,27145,3105,51932,9694,4611,5083
9115,56398,4436,27162,3105,51961,9699,4614,5085
9120,56429,4437,27179,3106,51989,9704,4615,5089
9125,56460,4441,27198,3109,52018,9707,4617,5090
9130,56491,4444,27213,3112,52047,9710,4619,5091
9135,56522,4446,27230,3113,52076,9713,4620,5093
9140,56553,4446,27245,3113,52107,9716,4621,5095
9145,56584,4447,27260,3113,52137,9719,4622,5097
9150,56615,4448,27277,3113,52167,9722,4624,5098
9155,56646,4449,27293,3113,52197,9725,4626,5099
9160,56677,4450,27312,3114,52227,9728,4627,5101
9165,56708,4451,27328,3115,52257,9732,4630,5102
9170,56739,4452,27339,3115,52287,9736,4632,5104
9175,56770,4453,27356,3115,52317,9740,4635,5105
9180,56801,4454,27372,3115,52347,9744,4638,5106
9185,56832,4455,27385,3115,52377,9747,4639,5108
9190,56863,4458,27401,3117,52405,9750,4641,5109
9195,56894,4461,27414,3119,52433,9753,4641,5112
9200,56925,4466,27428,3122,52459,9756,4643,5113
9205,56956,4468,27439,3124,52488,9759,4644,5115
9210,56987,4470,27452,3124,52517,9762,4647,5115
9215,57018,4472,27463,3124,52546,9765,4647,5118
9220,57049,4476,27476,3126,52573,9768,4650,5118
9225,57080,4479,27490,3128,52601,9772,4652,5120
9230,57111,4484,27505,3133,52627,9777,4654,5123
9235,57142,4488,27520,3137,52654,9782,4657,5125
9240,57173,4494,27532,3141,52678,9787,4660,5127
9245,57204,4500,27542,3145,52704,9792,4660,5132
9250,57235,4505,27557,3148,52730,9797,4662,5135
9255,57266,4508,27574,3150,52758,9802,4667,5135
9260,57297,4511,27591,3152,52785,9807,4669,5138
9265,57328,4514,27604,3154,52814,9812,4672,5140
9270,57359,4517,27618,3156,52840,9817,4673,5144
9275,57390,4518,27635,3156,52870,9822,4674,5148
9280,57421,4520,27649,3157,52901,9827,4677,5150
9285,57452,4521,27661,3157,52930,9833,4680,5153
9290,57483,4524,27683,3160,52955,9839,4684,5155
9295,57514,4527,27694,3162,52985,9845,4686,5159
9300,57545,4529,27702,3163,53015,9851,4686,5165
9305,57576,4532,27718,3165,53042,9857,4689,5168
9310,57607,4534,27733,3167,53072,9863,4690,5173
9315,57638,4534,27743,3167,53104,9869,4692,5177
9320,57669,4534,27753,3167,53135,9875,4695,5180
9325,57700,4534,27772,3167,53166,9881,4699,5182
9330,57731,4534,27787,3167,53196,9887,4703,5184
9335,57762,4534,27801,3167,53228,9893,4706,5187
9340,57793,4534,27815,3167,53258,9899,4707,5192
9345,57824,4534,27831,3167,53290,9905,4711,5194
9350,57855,4534,27844,3167,53321,9911,4713,5198
9355,57886,4534,27861,3167,53352,9917,4716,5201
9360,57917,4534,27876,3167,53383,9923,4719,5204
9365,57948,4535,27889,3167,53413,9929,4721,5208
9370,57979,4536,27900,3168,53443,9935,4722,5213
9375,58010,4537,27918,3169,53473,9941,4724,5217
9380,58041,4539,27938,3170,53502,9947,4729,5218
9385,58072,4543,27956,3173,53529,9953,4730,5223
9390,58103,4547,27969,3176,53556,9959,4732,5227
9395,58134,4549,27982,3177,53585,9965,4736,5229
9400,58165,4553,27996,3179,53612,9971,4738,5233
9405,58196,4557,28011,3182,53639,9977,4739,5238
9410,58227,4561,28028,3186,53666,9983,4741,5242
9415,58258,4566,28045,3191,53692,9989,4742,5247
9420,58289,4570,28065,3195,53719,9995,4747,5248
9425,58320,4574,28080,3198,53746,10001,4753,5248
9430,58351,4576,28099,3199,53775,10007,4757,5250
9435,58382,4579,28116,3200,53803,10013,4761,5252
9440,58413,4582,28128,3201,53831,10019,4763,5256
9445,58444,4584,28146,3203,53860,10025,4766,5259
9450,58475,4586,28158,3203,53889,10031,4769,5262
9455,58506,4589,28178,3206,53915,10037,4775,5262
9460,58537,4594,28194,3209,53943,10043,4777,5266
9465,58568,4597,28211,3211,53969,10049,4780,5269
9470,58599,4600,28222,3212,53998,10055,4783,5272
9475,58630,4604,28235,3214,54025,10061,4785,5276
9480,58661,4606,28251,3216,54054,10067,4789,5278
9485,58692,4608,28261,3217,54083,10072,4789,5283
9490,58723,4610,28276,3218,54113,10077,4791,5286
9495,58754,4612,28290,3220,54141,10082,4793,5289
9500,58785,4615,28301,3223,54168,10087,4795,5292
9505,58816,4617,28317,3224,54199,10092,4797,5295
9510,58847,4618,28331,3224,54229,10097,4800,5297
9515,58878,4621,28347,3227,54256,10102,4803,5299
9520,58909,4623,28364,3228,54285,10107,4805,5302
9525,58940,4625,28379,3230,54315,10112,4807,5305
9530,58971,4628,28392,3232,54343,10117,4808,5309
9535,59002,4631,28409,3235,54371,10122,4811,5311
9540,59033,4632,28422,3235,54401,10127,4814,5313
9545,59064,4633,28434,3236,54431,10131,4815,5316
9550,59095,4635,28454,3237,54459,10135,4817,5318
9555,59126,4636,28466,3237,54489,10139,4818,5321
9560,59157,4638,28483,3239,54518,10143,4819,5324
9565,59188,4640,28494,3240,54548,10147,4819,5328
9570,59219,4641,28506,3240,54578,10151,4821,5330
9575,59250,4642,28519,3240,54608,10155,4823,5332
9580,59281,4643,28532,3241,54638,10159,4826,5333
9585,59312,4645,28549,3242,54666,10163,4829,5334
9590,59343,4647,28564,3242,54695,10168,4832,5336
9595,59374,4649,28577,3243,54725,10173,4834,5339
9600,59405,4651,28590,3244,54754,10178,4836,5342
9605,59436,4653,28604,3245,54783,10183,4839,5344
9610,59467,4655,28619,3245,54812,10188,4843,5345
9615,59498,4657,28635,3247,54841,10193,4846,5347
9620,59529,4659,28652,3247,54870,10198,4848,5350
9625,59560,4661,28669,3248,54899,10203,4850,5353
9630,59591,4664,28689,3250,54926,10208,4853,5355
9635,59622,4666,28707,3251,54955,10213,4855,5358
9640,59653,4669,28722,3252,54982,10218,4859,5359
9645,59684,4673,28740,3256,55010,10224,4863,5361
9650,59715,4679,28754,3259,55035,10230,4866,5364
9655,59746,4685,28771,3264,55061,10236,4869,5367
9660,59777,4688,28785,3265,55089,10242,4872,5370
9665,59808,4691,28802,3266,55116,10247,4874,5373
9670,59839,4696,28816,3269,55140,10252,4876,5376
9675,59870,4703,28830,3276,55166,10257,4877,5380
9680,59901,4708,28837,3279,55192,10262,4878,5384
9685,59932,4714,28854,3284,55217,10267,4879,5388
9690,59963,4720,28863,3287,55242,10272,4880,5392
9695,59994,4726,28879,3292,55268,10277,4882,5395
9700,60025,4727,28893,3293,55298,10282,4885,5397
9705,60056,4729,28913,3295,55326,10287,4887,5400
9710,60087,4731,28927,3296,55355,10292,4890,5402
9715,60118,4735,28944,3300,55382,10297,4895,5402
9720,60149,4738,28957,3302,55411,10302,4898,5404
9725,60180,4738,28971,3302,55442,10305,4899,5406
9730,60211,4738,28987,3302,55473,10308,4901,5407
9735,60242,4738,29003,3302,55504,10311,4903,5408
9740,60273,4738,29014,3302,55535,10314,4904,5410
9745,60304,4738,29031,3302,55566,10317,4904,5413
9750,60335,4738,29047,3302,55597,10320,4907,5413
9755,60366,4738,29064,3302,55627,10323,4907,5416
9760,60397,4738,29078,3302,55659,10326,4908,5418
9765,60428,4738,29095,3302,55690,10330,4909,5421
9770,60459,4738,29112,3302,55721,10334,4911,5423
9775,60490,4738,29124,3302,55752,10338,4911,5427
9780,60521,4738,29142,3302,55783,10342,4914,5428
9785,60552,4738,29159,3302,55813,10346,4918,5428
9790,60583,4738,29172,3302,55844,10350,4919,5431
9795,60614,4738,29184,3302,55876,10354,4921,5433
9800,60645,4740,29199,3304,55905,10358,4923,5435
9805,60676,4744,29218,3307,55931,10362,4925,5437
9810,60707,4748,29234,3310,55959,10366,4928,5438
9815,60738,4750,29253,3310,55988,10370,4932,5438
9820,60769,4752,29270,3310,56016,10374,4935,5439
9825,60800,4754,29286,3310,56045,10380,4939,5441
9830,60831,4757,29305,3313,56072,10386,4944,5442
9835,60862,4761,29319,3315,56099,10392,4947,5445
9840,60893,4765,29331,3316,56126,10398,4949,5449
9845,60924,4770,29346,3321,56153,10404,4951,5453
9850,60955,4774,29357,3324,56178,10410,4952,5458
9855,60986,4780,29372,3328,56204,10416,4954,5462
9860,61017,4786,29387,3332,56229,10422,4958,5464
9865,61048,4791,29401,3335,56256,10428,4961,5467
9870,61079,4795,29412,3336,56284,10434,4965,5469
9875,61110,4800,29427,3339,56309,10440,4968,5472
9880,61141,4807,29437,3345,56334,10446,4972,5474
9885,61172,4809,29452,3346,56363,10452,4975,5477
9890,61203,4813,29466,3349,56390,10458,4977,5481
9895,61234,4816,29480,3351,56417,10464,4980,5484
9900,61265,4819,29494,3353,56443,10470,4983,5487
9905,61296,4824,29509,3357,56472,10476,4985,5491
9910,61327,4827,29527,3360,56500,10482,4988,5494
9915,61358,4830,29544,3362,56528,10488,4992,5496
9920,61389,4831,29555,3363,56558,10494,4995,5499
9925,61420,4833,29573,3365,56587,10500,4998,5502
9930,61451,4834,29586,3366,56617,10506,5001,5505
9935,61482,4835,29602,3367,56647,10512,5004,5508
9940,61513,4837,29618,3368,56676,10518,5008,5510
9945,61544,4837,29632,3368,56707,10524,5010,5514
9950,61575,4837,29651,3368,56738,10530,5013,5517
9955,61606,4837,29667,3368,56769,10536,5016,5520
9960,61637,4837,29681,3368,56800,10542,5019,5523
9965,61668,4837,29694,3368,56831,10547,5021,5526
9970,61699,4837,29709,3368,56862,10552,5024,5528
9975,61730,4837,29724,3368,56893,10557,5028,5529
9980,61761,4837,29737,3368,56924,10562,5032,5530
9985,61792,4837,29754,3368,56954,10567,5035,5532
9990,61823,4839,29769,3369,56983,10572,5036,5536
9995,61854,4841,29780,3370,57012,10577,5038,5539
10000,61885,4843,29792,3371,57042,10582,5041,5541
10005,61916,4845,29806,3373,57069,10587,5042,5545
10010,61947,4847,29821,3375,57099,10592,5045,5547
10015,61978,4849,29842,3377,57125,10597,5049,5548
10020,62009,4852,29854,3379,57155,10602,5052,5550
10025,62040,4854,29867,3380,57185,10606,5053,5553
10030,62071,4856,29887,3382,57215,10610,5057,5553
10035,62102,4859,29903,3384,57242,10614,5059,5555
10040,62133,4862,29920,3386,57271,10618,5062,5556
10045,62164,4865,29935,3388,57299,10622,5063,5559
10050,62195,4870,29948,3392,57325,10626,5064,5562
10055,62226,4873,29964,3394,57353,10630,5066,5564
10060,62257,4877,29974,3396,57380,10634,5068,5566
10065,62288,4881,29988,3400,57406,10638,5070,5568
10070,62319,4884,30003,3402,57435,10643,5072,5571
10075,62350,4886,30014,3404,57464,10648,5074,5574
10080,62381,4890,30029,3407,57491,10653,5076,5577
10085,62412,4893,30044,3409,57519,10658,5076,5582
10090,62443,4895,30057,3410,57548,10663,5078,5585
10095,62474,4898,30069,3411,57576,10668,5079,5589
10100,62505,4901,30087,3414,57604,10673,5081,5592
10105,62536,4903,30102,3415,57633,10678,5084,5594
10110,62567,4905,30121,3416,57662,10683,5085,5598
10115,62598,4907,30134,3416,57691,10688,5089,5599
10120,62629,4910,30144,3417,57719,10693,5091,5602
10125,62660,4913,30160,3419,57747,10698,5094,5604
10130,62691,4915,30172,3420,57776,10704,5096,5608
10135,62722,4918,30191,3422,57804,10710,5102,5608
10140,62753,4922,30208,3425,57831,10716,5105,5611
10145,62784,4925,30219,3426,57858,10721,5106,5615
10150,62815,4927,30232,3426,57888,10726,5108,5618
10155,62846,4929,30246,3428,57917,10731,5110,5621
10160,62877,4932,30261,3430,57945,10736,5114,5622
10165,62908,4935,30271,3432,57973,10741,5116,5625
10170,62939,4938,30284,3434,58001,10746,5118,5628
10175,62970,4943,30296,3437,58027,10751,5120,5631
10180,63001,4947,30315,3441,58052,10756,5124,5632
10185,63032,4950,30326,3443,58081,10761,5126,5635
10190,63063,4955,30342,3446,58106,10766,5131,5635
10195,63094,4959,30357,3450,58133,10771,5132,5639
10200,63125,4962,30374,3452,58160,10776,5134,5642
10205,63156,4966,30391,3455,58187,10780,5135,5645
10210,63187,4968,30409,3457,58217,10784,5138,5646
10215,63218,4969,30420,3458,58249,10788,5140,5648
10220,63249,4970,30432,3458,58278,10792,5141,5651
10225,63280,4972,30446,3460,58307,10796,5142,5654
10230,63311,4974,30458,3462,58336,10800,5143,5657
10235,63342,4976,30473,3464,58366,10804,5146,5658
10240,63373,4977,30485,3465,58395,10808,5148,5660
10245,63404,4980,30503,3468,58423,10813,5150,5663
10250,63435,4982,30518,3469,58453,10818,5153,5665
10255,63466,4984,30535,3470,58482,10823,5155,5668
10260,63497,4985,30550,3470,58511,10828,5157,5671
10265,63528,4988,30566,3472,58540,10833,5160,5673
10270,63559,4988,30580,3472,58571,10838,5161,5677
10275,63590,4988,30594,3472,58602,10843,5161,5682
10280,63621,4988,30610,3472,58633,10848,5164,5684
10285,63652,4988,30622,3472,58664,10853,5165,5688
10290,63683,4988,30636,3472,58695,10858,5166,5692
10295,63714,4988,30648,3472,58726,10863,5167,5696
10300,63745,4989,30665,3472,58756,10868,5171,5697
10305,63776,4990,30683,3473,58786,10874,5174,5700
10310,63807,4991,30696,3474,58816,10880,5178,5702
10315,63838,4993,30714,3476,58844,10886,5182,5704
10320,63869,4996,30727,3479,58873,10892,5185,5707
10325,63900,4999,30743,3481,58900,10896,5188,5708
10330,63931,5003,30758,3484,58927,10900,5188,5712
10335,63962,5008,30775,3488,58954,10904,5189,5715
10340,63993,5012,30790,3491,58981,10908,5191,5717
10345,64024,5015,30807,3493,59009,10912,5192,5720
10350,64055,5020,30822,3496,59035,10916,5194,5722
10355,64086,5023,30840,3497,59063,10920,5196,5724
10360,64117,5026,30854,3499,59091,10924,5198,5726
10365,64148,5027,30874,3500,59117,10928,5202,5726
10370,64179,5029,30889,3501,59148,10932,5205,5727
10375,64210,5031,30905,3503,59179,10936,5207,5729
10380,64241,5034,30919,3506,59205,10940,5207,5733
10385,64272,5036,30930,3508,59235,10944,5208,5736
10390,64303,5040,30948,3511,59260,10948,5210,5738
10395,64334,5044,30961,3514,59290,10952,5212,5740
10400,64365,5045,30977,3514,59318,10956,5215,5741
10405,64396,5047,30991,3515,59349,10960,5218,5742
10410,64427,5048,31009,3516,59378,10964,5219,5745
10415,64458,5049,31027,3517,59407,10968,5221,5747
10420,64489,5051,31042,3519,59438,10972,5223,5749
10425,64520,5052,31056,3520,59468,10978,5225,5753
10430,64551,5053,31075,3520,59498,10984,5231,5753
10435,64582,5055,31093,3522,59526,10990,5234,5756
10440,64613,5057,31105,3523,59554,10996,5236,5760
10445,64644,5061,31117,3526,59583,11002,5238,5764
10450,64675,5063,31135,3528,59611,11008,5241,5767
10455,64706,5067,31153,3531,59639,11014,5244,5770
10460,64737,5067,31174,3531,59670,11020,5248,5772
10465,64768,5068,31189,3531,59700,11026,5252,5774
10470,64799,5069,31201,3531,59730,11032,5256,5776
10475,64830,5070,31221,3531,59760,11038,5259,5779
10480,64861,5071,31236,3531,59790,11044,5263,5781
10485,64892,5072,31249,3531,59820,11050,5266,5784
10490,64923,5073,31270,3531,59850,11056,5271,5785
10495,64954,5075,31283,3532,59879,11062,5275,5787
10500,64985,5077,31298,3534,59908,11068,5277,5791
10505,65016,5079,31313,3535,59937,11074,5280,5794
10510,65047,5083,31326,3538,59964,11080,5280,5800
10515,65078,5087,31338,3541,59991,11086,5281,5805
10520,65109,5089,31350,3541,60018,11092,5282,5810
10525,65140,5093,31364,3543,60045,11098,5285,5813
10530,65171,5099,31379,3548,60071,11104,5289,5815
10535,65202,5104,31393,3552,60098,11110,5291,5819
10540,65233,5105,31410,3552,60127,11116,5295,5821
10545,65264,5107,31423,3553,60156,11122,5299,5823
10550,65295,5108,31442,3553,60184,11128,5302,5826
10555,65326,5109,31460,3554,60215,11134,5306,5828
10560,65357,5111,31469,3555,60244,11140,5306,5834
10565,65388,5115,31486,3557,60272,11146,5309,5837
10570,65419,5120,31504,3562,60298,11152,5313,5839
10575,65450,5125,31523,3566,60325,11158,5316,5842
10580,65481,5127,31537,3567,60354,11164,5317,5847
10585,65512,5131,31548,3571,60381,11170,5320,5850
10590,65543,5134,31563,3573,60408,11176,5324,5852
10595,65574,5138,31581,3576,60435,11182,5327,5855
10600,65605,5140,31597,3578,60465,11188,5328,5860
10605,65636,5141,31614,3579,60492,11194,5331,5863
10610,65667,5145,31629,3583,60520,11200,5332,5868
10615,65698,5146,31648,3584,60552,11206,5337,5869
10620,65729,5146,31662,3584,60583,11212,5340,5872
10625,65760,5146,31674,3584,60613,11217,5341,5876
10630,65791,5146,31688,3584,60645,11222,5343,5879
10635,65822,5146,31706,3584,60676,11227,5345,5882
10640,65853,5146,31718,3584,60707,11232,5348,5884
10645,65884,5147,31740,3585,60737,11237,5351,5886
10650,65915,5148,31753,3585,60767,11242,5354,5888
10655,65946,5149,31761,3586,60797,11247,5354,5893
10660,65977,5150,31781,3587,60827,11252,5358,5894
10665,66008,5151,31795,3587,60857,11257,5360,5897
10670,66039,5152,31811,3588,60887,11262,5362,5900
10675,66070,5154,31825,3590,60915,11267,5365,5902
10680,66101,5155,31840,3591,60946,11272,5368,5904
10685,66132,5157,31855,3592,60975,11277,5370,5907
10690,66163,5158,31870,3592,61005,11282,5374,5908
10695,66194,5159,31879,3593,61035,11287,5376,5911
10700,66225,5161,31892,3594,61062,11292,5378,5914
10705,66256,5164,31908,3595,61090,11297,5381,5916
10710,66287,5167,31926,3597,61119,11302,5383,5919
10715,66318,5169,31942,3599,61149,11307,5386,5921
10720,66349,5173,31955,3602,61174,11312,5386,5926
10725,66380,5176,31967,3604,61202,11317,5387,5930
10730,66411,5181,31980,3607,61227,11323,5388,5935
10735,66442,5189,31995,3612,61249,11329,5389,5940
10740,66473,5196,32010,3618,61276,11335,5393,5942
10745,66504,5199,32025,3619,61303,11339,5395,5944
10750,66535,5201,32040,3620,61334,11343,5397,5946
10755,66566,5204,32050,3622,61361,11347,5398,5949
10760,66597,5207,32066,3624,61390,11351,5399,5952
10765,66628,5210,32081,3625,61418,11355,5401,5954
10770,66659,5214,32098,3628,61445,11359,5404,5955
10775,66690,5217,32114,3629,61473,11363,5406,5957
10780,66721,5220,32131,3632,61501,11367,5409,5958
10785,66752,5223,32146,3635,61528,11371,5410,5961
10790,66783,5227,32158,3637,61555,11375,5412,5963
10795,66814,5233,32173,3641,61581,11379,5414,5965
10800,66845,5236,32191,3644,61608,11383,5415,5968
10805,66876,5238,32207,3646,61638,11386,5416,5970
10810,66907,5240,32221,3647,61667,11389,5418,5971
10815,66938,5240,32236,3647,61698,11392,5419,5973
10820,66969,5240,32248,3647,61729,11395,5419,5976
10825,67000,5240,32267,3647,61760,11398,5421,5977
10830,67031,5240,32283,3647,61791,11401,5422,5979
10835,67062,5240,32302,3647,61821,11404,5425,5979
10840,67093,5240,32318,3647,61853,11407,5426,5981
10845,67124,5241,32330,3647,61882,11412,5430,5982
10850,67155,5242,32347,3647,61912,11417,5434,5983
10855,67186,5243,32367,3648,61942,11422,5437,5985
10860,67217,5244,32379,3648,61972,11427,5438,5989
10865,67248,5248,32394,3651,61999,11432,5440,5992
10870,67279,5250,32407,3652,62028,11437,5443,5994
10875,67310,5253,32424,3654,62055,11442,5447,5995
10880,67341,5258,32440,3659,62078,11447,5448,5999
10885,67372,5261,32454,3662,62111,11452,5451,6001
10890,67403,5261,32467,3662,62140,11457,5454,6003
10895,67434,5261,32482,3662,62171,11462,5457,6005
10900,67465,5261,32495,3662,62204,11467,5459,6008
10905,67496,5261,32512,3662,62233,11473,5463,6010
10910,67527,5263,32525,3664,62263,11479,5466,6013
10915,67558,5267,32539,3668,62289,11485,5467,6018
10920,67589,5271,32559,3670,62318,11491,5471,6020
10925,67620,5274,32579,3672,62346,11495,5474,6021
10930,67651,5276,32593,3672,62375,11499,5476,6023
10935,67682,5279,32608,3674,62402,11503,5478,6025
10940,67713,5283,32617,3676,62430,11507,5478,6029
10945,67744,5285,32634,3676,62459,11511,5480,6031
10950,67775,5287,32646,3677,62487,11515,5482,6033
10955,67806,5290,32661,3678,62516,11519,5485,6034
10960,67837,5293,32672,3679,62544,11523,5487,6036
10965,67868,5296,32686,3681,62571,11527,5490,6037
10970,67899,5301,32702,3685,62597,11531,5492,6039
10975,67930,5306,32720,3689,62624,11535,5494,6041
10980,67961,5309,32731,3692,62651,11539,5495,6044
10985,67992,5313,32747,3695,62678,11543,5497,6046
10990,68023,5315,32766,3697,62708,11547,5500,6047
10995,68054,5316,32778,3697,62738,11551,5503,6048
11000,68085,5318,32793,3699,62767,11555,5504,6051
11005,68116,5320,32805,3701,62796,11559,5504,6055
11010,68147,5321,32818,3702,62826,11563,5506,6057
11015,68178,5324,32836,3705,62854,11567,5509,6058
11020,68209,5325,32846,3705,62884,11571,5510,6061
11025,68240,5327,32862,3706,62913,11576,5512,6064
11030,68271,5329,32879,3708,62942,11582,5515,6067
11035,68302,5330,32889,3708,62972,11588,5517,6071
11040,68333,5333,32905,3711,62999,11594,5519,6075
11045,68364,5334,32917,3712,63029,11600,5523,6077
11050,68395,5336,32930,3714,63059,11606,5525,6081
11055,68426,5337,32942,3714,63088,11612,5528,6084
11060,68457,5339,32963,3716,63117,11618,5532,6086
11065,68488,5341,32981,3718,63146,11624,5534,6090
11070,68519,5342,32995,3719,63177,11630,5537,6093
11075,68550,5343,33007,3720,63207,11636,5539,6097
11080,68581,5344,33021,3721,63237,11642,5541,6101
11085,68612,5344,33032,3721,63267,11648,5543,6105
11090,68643,5346,33048,3723,63296,11654,5547,6107
11095,68674,5351,33064,3728,63322,11660,5551,6109
11100,68705,5355,33079,3730,63349,11666,5555,6111
11105,68736,5360,33099,3735,63375,11672,5558,6114
11110,68767,5363,33113,3736,63404,11678,5562,6116
11115,68798,5365,33124,3736,63432,11684,5566,6118
11120,68829,5369,33140,3740,63458,11690,5568,6122
11125,68860,5373,33155,3743,63485,11696,5572,6124
11130,68891,5376,33167,3744,63514,11702,5573,6129
11135,68922,5379,33182,3746,63543,11708,5576,6132
11140,68953,5382,33195,3749,63570,11714,5579,6135
11145,68984,5385,33204,3751,63598,11720,5582,6138
11150,69015,5390,33219,3756,63625,11726,5584,6142
11155,69046,5391,33229,3756,63654,11732,5585,6147
11160,69077,5393,33242,3757,63684,11738,5589,6149
11165,69108,5394,33253,3758,63713,11744,5593,6151
11170,69139,5396,33267,3760,63742,11750,5595,6155
11175,69170,5400,33287,3764,63770,11756,5599,6157
11180,69201,5400,33299,3764,63801,11762,5601,6161
11185,69232,5401,33317,3764,63830,11768,5603,6165
11190,69263,5402,33330,3764,63861,11774,5606,6168
11195,69294,5403,33342,3765,63891,11780,5609,6171
11200,69325,5404,33355,3766,63921,11786,5611,6175
11205,69356,5406,33373,3768,63949,11792,5613,6179
11210,69387,5408,33385,3770,63978,11798,5615,6183
11215,69418,5409,33401,3770,64007,11804,5619,6185
11220,69449,5410,33414,3770,64037,11810,5623,6187
11225,69480,5412,33424,3771,64067,11813,5623,6190
11230,69511,5414,33443,3773,64096,11816,5625,6191
11235,69542,5416,33456,3774,64126,11819,5627,6192
11240,69573,5418,33471,3776,64155,11822,5629,6193
11245,69604,5420,33483,3778,64184,11825,5631,6194
11250,69635,5422,33494,3779,64213,11828,5631,6197
11255,69666,5423,33509,3779,64243,11831,5633,6198
11260,69697,5427,33525,3783,64270,11834,5634,6200
11265,69728,5429,33541,3784,64299,11837,5636,6201
11270,69759,5432,33556,3785,64327,11840,5637,6203
11275,69790,5434,33571,3787,64356,11843,5638,6205
11280,69821,5437,33585,3790,64382,11846,5639,6207
11285,69852,5440,33599,3792,64411,11849,5640,6209
11290,69883,5443,33613,3795,64439,11852,5640,6212
11295,69914,5447,33632,3798,64465,11855,5642,6213
11300,69945,5450,33646,3800,64493,11858,5643,6215
11305,69976,5453,33664,3802,64523,11861,5643,6218
11310,70007,5456,33683,3804,64551,11864,5645,6219
11315,70038,5458,33694,3805,64580,11867,5645,6222
11320,70069,5462,33713,3807,64606,11870,5648,6222
11325,70100,5465,33728,3808,64635,11875,5649,6226
11330,70131,5469,33742,3810,64662,11881,5651,6230
11335,70162,5472,33757,3812,64690,11887,5654,6233
11340,70193,5475,33773,3815,64718,11893,5657,6236
11345,70224,5479,33785,3818,64745,11898,5658,6240
11350,70255,5483,33802,3822,64771,11903,5661,6242
11355,70286,5488,33811,3826,64798,11908,5662,6246
11360,70317,5491,33823,3828,64825,11913,5663,6250
11365,70348,5494,33836,3831,64854,11918,5664,6254
11370,70379,5494,33853,3831,64884,11923,5668,6255
11375,70410,5494,33866,3831,64915,11928,5672,6256
11380,70441,5494,33881,3831,64947,11933,5676,6257
11385,70472,5495,33894,3832,64976,11938,5678,6260
11390,70503,5496,33910,3832,65005,11943,5680,6263
11395,70534,5497,33922,3833,65036,11948,5682,6266
11400,70565,5498,33942,3834,65065,11953,5686,6267
11405,70596,5499,33957,3834,65097,11958,5689,6269
11410,70627,5501,33973,3835,65126,11963,5692,6271
11415,70658,5502,33983,3835,65156,11968,5692,6276
11420,70689,5503,33996,3835,65186,11973,5692,6281
11425,70720,5505,34008,3836,65215,11978,5694,6284
11430,70751,5506,34021,3837,65243,11983,5695,6288
11435,70782,5510,34036,3840,65272,11988,5698,6290
11440,70813,5512,34051,3842,65301,11993,5700,6293
11445,70844,5515,34068,3845,65328,11999,5702,6297
11450,70875,5519,34087,3848,65356,12005,5705,6300
11455,70906,5521,34104,3849,65385,12011,5707,6304
11460,70937,5521,34117,3849,65416,12017,5709,6308
11465,70968,5521,34133,3849,65447,12023,5711,6312
11470,70999,5521,34149,3849,65478,12029,5714,6315
11475,71030,5524,34162,3851,65504,12035,5716,6319
11480,71061,5531,34178,3857,65529,12041,5719,6322
11485,71092,5534,34190,3858,65557,12047,5723,6324
11490,71123,5539,34204,3861,65582,12053,5727,6326
11495,71154,5544,34224,3866,65607,12059,5731,6328
11500,71185,5551,34239,3872,65634,12065,5734,6331
11505,71216,5555,34258,3875,65660,12071,5738,6333
11510,71247,5556,34267,3876,65691,12077,5741,6336
11515,71278,5558,34288,3878,65719,12083,5745,6338
11520,71309,5559,34304,3879,65749,12089,5747,6342
11525,71340,5561,34319,3880,65778,12095,5750,6345
11530,71371,5562,34335,3880,65809,12101,5753,6348
11535,71402,5564,34349,3881,65838,12107,5757,6350
11540,71433,5565,34358,3881,65868,12113,5757,6356
11545,71464,5567,34374,3883,65897,12119,5760,6359
11550,71495,5569,34387,3884,65925,12125,5762,6363
11555,71526,5571,34404,3885,65955,12131,5764,6367
11560,71557,5573,34418,3887,65984,12137,5767,6370
11565,71588,5575,34433,3888,66012,12143,5769,6374
11570,71619,5577,34452,3889,66040,12149,5773,6376
11575,71650,5579,34463,3890,66070,12155,5774,6381
11580,71681,5582,34479,3892,66098,12161,5777,6384
11585,71712,5584,34491,3893,66128,12166,5781,6385
11590,71743,5586,34504,3894,66157,12171,5782,6389
11595,71774,5587,34516,3894,66187,12176,5782,6394
11600,71805,5589,34530,3895,66216,12181,5785,6396
11605,71836,5590,34542,3896,66246,12186,5788,6398
11610,71867,5592,34559,3898,66274,12191,5790,6401
11615,71898,5596,34575,3901,66300,12196,5791,6405
11620,71929,5601,34591,3904,66326,12201,5792,6409
11625,71960,5607,34604,3908,66352,12206,5793,6413
11630,71991,5613,34621,3913,66377,12211,5798,6413
11635,72022,5617,34632,3915,66405,12216,5799,6417
11640,72053,5621,34644,3917,66432,12221,5801,6420
11645,72084,5624,34659,3919,66459,12226,5802,6424
11650,72115,5626,34672,3921,66489,12231,5805,6426
11655,72146,5626,34687,3921,66520,12236,5808,6428
11660,72177,5626,34702,3921,66551,12241,5811,6430
11665,72208,5626,34720,3921,66581,12246,5811,6435
11670,72239,5626,34733,3921,66613,12251,5813,6438
11675,72270,5626,34749,3921,66644,12256,5815,6441
11680,72301,5626,34766,3921,66674,12261,5818,6443
11685,72332,5626,34785,3921,66705,12267,5822,6445
11690,72363,5628,34796,3923,66735,12273,5825,6448
11695,72394,5629,34815,3924,66764,12279,5830,6449
11700,72425,5630,34832,3924,66794,12285,5834,6451
11705,72456,5631,34843,3925,66825,12291,5838,6453
11710,72487,5632,34865,3926,66854,12297,5844,6453
11715,72518,5633,34880,3927,66885,12303,5846,6457
11720,72549,5634,34898,3928,66915,12309,5849,6460
11725,72580,5635,34911,3928,66945,12315,5852,6463
11730,72611,5636,34926,3928,66974,12321,5856,6465
11735,72642,5637,34939,3929,67004,12327,5857,6470
11740,72673,5638,34955,3929,67035,12333,5859,6474
11745,72704,5639,34971,3929,67065,12339,5863,6476
11750,72735,5640,34992,3929,67093,12345,5868,6477
11755,72766,5644,35008,3932,67121,12351,5871,6480
11760,72797,5648,35029,3934,67146,12357,5875,6482
11765,72828,5653,35044,3939,67175,12361,5876,6485
11770,72859,5657,35061,3941,67201,12365,5876,6489
11775,72890,5662,35073,3944,67227,12369,5879,6490
11780,72921,5667,35092,3947,67253,12373,5881,6492
11785,72952,5671,35103,3950,67281,12377,5883,6494
11790,72983,5675,35118,3953,67307,12381,5885,6496
11795,73014,5680,35130,3955,67334,12385,5888,6497
11800,73045,5685,35146,3958,67359,12389,5889,6500
11805,73076,5690,35164,3962,67386,12393,5891,6502
11810,73107,5693,35176,3964,67414,12397,5892,6505
11815,73138,5698,35191,3969,67440,12401,5894,6507
11820,73169,5701,35207,3971,67468,12405,5896,6509
11825,73200,5704,35221,3972,67496,12407,5898,6509
11830,73231,5706,35235,3973,67525,12409,5899,6510
11835,73262,5708,35249,3974,67554,12411,5900,6511
11840,73293,5709,35265,3975,67584,12413,5902,6511
11845,73324,5710,35280,3975,67614,12415,5903,6512
11850,73355,5713,35296,3977,67641,12417,5904,6513
11855,73386,5716,35312,3979,67669,12419,5905,6514
11860,73417,5718,35324,3980,67698,12421,5906,6515
11865,73448,5722,35340,3983,67725,12425,5907,6518
11870,73479,5722,35354,3983,67756,12429,5908,6521
11875,73510,5722,35373,3983,67787,12433,5911,6522
11880,73541,5722,35390,3983,67818,12437,5914,6523
11885,73572,5722,35407,3983,67850,12440,5916,6524
11890,73603,5722,35425,3983,67880,12443,5918,6525
11895,73634,5722,35441,3983,67912,12446,5920,6526
11900,73665,5722,35460,3983,67943,12449,5921,6528
11905,73696,5722,35473,3983,67974,12452,5922,6530
11910,73727,5723,35484,3983,68004,12455,5923,6532
11915,73758,5725,35499,3985,68032,12458,5925,6533
11920,73789,5727,35511,3986,68061,12461,5927,6534
11925,73820,5730,35528,3988,68090,12464,5929,6535
11930,73851,5732,35543,3990,68118,12469,5932,6537
11935,73882,5736,35557,3993,68144,12474,5934,6540
11940,73913,5741,35571,3998,68172,12479,5937,6542
11945,73944,5745,35586,4001,68199,12484,5939,6545
11950,73975,5747,35598,4002,68228,12489,5941,6548
11955,74006,5751,35615,4004,68255,12494,5945,6549
11960,74037,5753,35632,4005,68283,12499,5948,6551
11965,74068,5758,35647,4009,68309,12504,5949,6555
11970,74099,5762,35664,4011,68337,12509,5950,6559
11975,74130,5766,35675,4013,68363,12514,5951,6563
11980,74161,5770,35687,4015,68391,12519,5953,6566
11985,74192,5773,35705,4018,68419,12525,5956,6569
11990,74223,5775,35716,4019,68448,12531,5956,6575
11995,74254,5777,35729,4019,68477,12537,5958,6579
12000,74285,5779,35742,4019,68506,12543,5962,6581
12005,74316,5781,35753,4021,68535,12549,5963,6586
12010,74347,5783,35767,4023,68564,12555,5965,6590
12015,74378,5785,35786,4025,68592,12561,5968,6593
12020,74409,5788,35803,4027,68619,12567,5971,6596
12025,74440,5791,35818,4029,68647,12573,5973,6600
12030,74471,5796,35836,4033,68673,12579,5976,6603
12035,74502,5797,35854,4034,68705,12585,5980,6605
12040,74533,5797,35870,4034,68736,12591,5983,6608
12045,74564,5797,35885,4034,68766,12597,5985,6612
12050,74595,5797,35896,4034,68798,12603,5988,6615
12055,74626,5797,35911,4034,68826,12609,5991,6618
12060,74657,5797,35924,4034,68858,12615,5993,6622
12065,74688,5797,35941,4034,68891,12621,5996,6625
12070,74719,5797,35960,4034,68922,12627,5999,6628
12075,74750,5797,35975,4034,68953,12633,6001,6632
12080,74781,5797,35991,4034,68983,12639,6004,6635
12085,74812,5799,36005,4035,69013,12645,6006,6639
12090,74843,5800,36020,4035,69043,12651,6009,6642
12095,74874,5801,36034,4035,69073,12657,6011,6646
12100,74905,5802,36043,4035,69103,12663,6014,6649
12105,74936,5803,36062,4036,69133,12669,6019,6650
12110,74967,5808,36077,4040,69158,12675,6022,6653
12115,74998,5815,36091,4047,69182,12681,6024,6657
12120,75029,5821,36109,4053,69207,12687,6028,6659
12125,75060,5826,36126,4056,69233,12693,6030,6663
12130,75091,5832,36139,4061,69257,12699,6030,6669
12135,75122,5836,36154,4065,69285,12705,6034,6671
12140,75153,5839,36169,4067,69314,12711,6038,6673
12145,75184,5842,36184,4070,69341,12717,6041,6676
12150,75215,5846,36201,4073,69369,12723,6045,6678
12155,75246,5848,36214,4074,69398,12729,6047,6682
12160,75277,5850,36229,4075,69427,12735,6051,6684
12165,75308,5852,36250,4077,69455,12741,6057,6684
12170,75339,5854,36268,4079,69483,12747,6060,6687
12175,75370,5858,36285,4083,69511,12753,6063,6690
12180,75401,5861,36301,4085,69540,12759,6066,6693
12185,75432,5862,36313,4086,69570,12764,6070,6694
12190,75463,5865,36328,4088,69598,12769,6073,6696
12195,75494,5867,36341,4089,69625,12774,6075,6699
12200,75525,5868,36354,4090,69657,12779,6077,6702
12205,75556,5868,36371,4090,69687,12784,6080,6704
12210,75587,5868,36389,4090,69717,12789,6084,6705
12215,75618,5868,36400,4090,69749,12794,6085,6709
12220,75649,5868,36416,4090,69781,12799,6088,6711
12225,75680,5868,36431,4090,69812,12804,6091,6713
12230,75711,5868,36442,4090,69843,12809,6092,6717
12235,75742,5868,36459,4090,69874,12814,6095,6719
12240,75773,5869,36473,4090,69904,12819,6097,6722
12245,75804,5871,36491,4091,69933,12824,6097,6727
12250,75835,5873,36507,4093,69962,12829,6099,6730
12255,75866,5874,36519,4093,69991,12834,6102,6732
12260,75897,5877,36531,4096,70019,12839,6103,6736
12265,75928,5881,36544,4099,70047,12844,6105,6739
12270,75959,5883,36556,4099,70076,12849,6105,6744
12275,75990,5887,36571,4101,70103,12854,6108,6746
12280,76021,5889,36585,4102,70131,12859,6112,6747
12285,76052,5892,36593,4104,70160,12865,6115,6750
12290,76083,5896,36606,4107,70187,12871,6116,6755
12295,76114,5900,36619,4110,70214,12877,6120,6757
12300,76145,5904,36635,4114,70241,12883,6123,6760
12305,76176,5906,36651,4116,70269,12889,6126,6763
12310,76207,5910,36668,4119,70296,12895,6129,6766
12315,76238,5915,36682,4122,70322,12901,6133,6768
12320,76269,5919,36700,4125,70349,12907,6136,6771
12325,76300,5923,36712,4128,70377,12913,6138,6775
12330,76331,5928,36723,4132,70403,12919,6138,6781
12335,76362,5932,36739,4134,70430,12925,6141,6784
12340,76393,5935,36757,4137,70457,12931,6145,6786
12345,76424,5939,36765,4139,70483,12937,6146,6791
12350,76455,5945,36779,4144,70510,12943,6150,6793
12355,76486,5946,36795,4145,70539,12949,6154,6795
12360,76517,5949,36812,4148,70567,12955,6155,6800
12365,76548,5952,36828,4150,70596,12959,6159,6800
12370,76579,5953,36844,4151,70626,12963,6160,6803
12375,76610,5953,36856,4151,70657,12967,6162,6805
12380,76641,5953,36864,4151,70688,12971,6163,6808
12385,76672,5953,36882,4151,70719,12975,6165,6810
12390,76703,5953,36897,4151,70750,12979,6168,6811
12395,76734,5953,36912,4151,70781,12983,6170,6813
12400,76765,5953,36929,4151,70811,12987,6172,6815
12405,76796,5953,36947,4151,70841,12991,6173,6818
12410,76827,5953,36963,4151,70874,12995,6175,6820
12415,76858,5953,36982,4151,70904,12999,6177,6822
12420,76889,5953,36998,4151,70936,13003,6180,6823
12425,76920,5955,37011,4152,70965,13006,6183,6823
12430,76951,5957,37027,4153,70994,13009,6185,6824
12435,76982,5958,37039,4153,71024,13012,6186,6826
12440,77013,5960,37054,4154,71053,13015,6188,6827
12445,77044,5961,37071,4155,71083,13018,6191,6827
12450,77075,5963,37079,4156,71112,13021,6192,6829
12455,77106,5965,37095,4158,71141,13024,6193,6831
12460,77137,5966,37111,4159,71170,13027,6196,6831
12465,77168,5969,37125,4162,71198,13032,6198,6834
12470,77199,5972,37139,4164,71227,13037,6200,6837
12475,77230,5976,37148,4165,71254,13042,6200,6842
12480,77261,5979,37159,4166,71282,13047,6203,6844
12485,77292,5982,37170,4167,71310,13051,6206,6845
12490,77323,5987,37186,4169,71336,13055,6207,6848
12495,77354,5991,37199,4171,71363,13059,6210,6849
12500,77385,5996,37213,4175,71389,13063,6212,6851
12505,77416,6000,37230,4177,71416,13067,6213,6854
12510,77447,6004,37245,4179,71443,13071,6215,6856
12515,77478,6007,37258,4180,71471,13075,6216,6859
12520,77509,6010,37271,4183,71499,13079,6218,6861
12525,77540,6012,37288,4184,71526,13083,6222,6861
12530,77571,6017,37305,4187,71552,13088,6225,6863
12535,77602,6022,37320,4190,71578,13093,6228,6865
12540,77633,6029,37345,4197,71603,13098,6231,6867
12545,77664,6031,37363,4199,71633,13103,6234,6869
12550,77695,6032,37377,4200,71663,13108,6237,6871
12555,77726,6033,37392,4200,71693,13113,6240,6873
12560,77757,6034,37413,4201,71722,13118,6243,6875
12565,77788,6038,37430,4204,71749,13123,6244,6879
12570,77819,6042,37447,4208,71777,13128,6247,6881
12575,77850,6044,37463,4210,71806,13133,6249,6884
12580,77881,6044,37472,4210,71837,13138,6251,6887
12585,77912,6044,37481,4210,71868,13144,6252,6892
12590,77943,6044,37491,4210,71899,13150,6253,6897
12595,77974,6044,37504,4210,71930,13156,6256,6900
12600,78005,6044,37517,4210,71961,13162,6259,6903
12605,78036,6044,37530,4210,71992,13168,6261,6907
12610,78067,6044,37542,4210,72023,13174,6263,6911
12615,78098,6044,37556,4210,72054,13180,6265,6915
12620,78129,6045,37568,4210,72084,13186,6270,6916
12625,78160,6046,37584,4210,72114,13192,6274,6918
12630,78191,6048,37603,4212,72143,13198,6276,6922
12635,78222,6049,37616,4212,72173,13204,6279,6925
12640,78253,6050,37636,4213,72203,13210,6284,6926
12645,78284,6052,37647,4214,72232,13216,6286,6930
12650,78315,6054,37663,4216,72261,13222,6289,6933
12655,78346,6057,37683,4219,72288,13228,6292,6936
12660,78377,6060,37704,4221,72317,13234,6295,6939
12665,78408,6062,37717,4221,72346,13240,6299,6941
12670,78439,6065,37728,4223,72374,13246,6300,6946
12675,78470,6068,37740,4224,72402,13252,6301,6951
12680,78501,6071,37755,4225,72430,13258,6305,6953
12685,78532,6073,37769,4227,72458,13264,6307,6957
12690,78563,6077,37779,4228,72486,13270,6308,6962
12695,78594,6081,37793,4230,72513,13276,6309,6967
12700,78625,6086,37808,4232,72538,13282,6312,6970
12705,78656,6091,37824,4235,72565,13288,6315,6973
12710,78687,6095,37838,4236,72592,13294,6318,6976
12715,78718,6100,37848,4239,72618,13300,6318,6982
12720,78749,6103,37862,4241,72645,13306,6322,6984
12725,78780,6109,37881,4245,72670,13312,6327,6985
12730,78811,6112,37899,4248,72696,13318,6330,6988
12735,78842,6116,37912,4250,72726,13324,6331,6993
12740,78873,6118,37924,4250,72752,13330,6335,6995
12745,78904,6122,37940,4254,72779,13336,6339,6997
12750,78935,6128,37950,4260,72807,13342,6342,7000
12755,78966,6131,37967,4262,72834,13348,6347,7001
12760,78997,6135,37984,4266,72860,13354,6352,7002
12765,79028,6140,38002,4271,72887,13360,6354,7006
12770,79059,6141,38019,4272,72918,13366,6357,7009
12775,79090,6141,38034,4272,72949,13372,6358,7014
12780,79121,6141,38050,4272,72980,13378,6361,7017
12785,79152,6141,38064,4272,73011,13383,6364,7019
12790,79183,6141,38079,4272,73042,13388,6367,7021
12795,79214,6141,38095,4272,73073,13393,6371,7022
12800,79245,6141,38109,4272,73104,13398,6374,7024
12805,79276,6141,38123,4272,73135,13403,6377,7026
12810,79307,6141,38135,4272,73166,13408,6380,7028
12815,79338,6141,38149,4272,73197,13413,6381,7032
12820,79369,6141,38166,4272,73228,13418,6384,7034
12825,79400,6141,38184,4272,73259,13423,6388,7035
12830,79431,6141,38199,4272,73289,13428,6391,7037
12835,79462,6141,38214,4272,73321,13433,6392,7041
12840,79493,6143,38227,4273,73350,13438,6394,7044
12845,79524,6144,38242,4273,73379,13442,6396,7046
12850,79555,6145,38255,4273,73409,13446,6398,7048
12855,79586,6146,38268,4273,73439,13450,6399,7051
12860,79617,6147,38277,4273,73470,13454,6400,7054
12865,79648,6149,38292,4274,73498,13458,6402,7056
12870,79679,6152,38312,4277,73525,13462,6404,7058
12875,79710,6156,38322,4278,73554,13466,6404,7062
12880,79741,6159,38338,4280,73581,13470,6408,7062
12885,79772,6164,38358,4284,73604,13474,6411,7063
12890,79803,6168,38377,4287,73634,13479,6414,7065
12895,79834,6172,38391,4290,73661,13484,6417,7067
12900,79865,6177,38402,4292,73686,13489,6421,7068
12905,79896,6182,38417,4296,73713,13492,6423,7069
12910,79927,6187,38431,4299,73739,13495,6424,7071
12915,79958,6192,38445,4302,73766,13498,6425,7073
12920,79989,6197,38459,4305,73791,13501,6425,7076
12925,80020,6200,38472,4306,73820,13504,6427,7077
12930,80051,6203,38484,4308,73848,13507,6427,7080
12935,80082,6206,38499,4310,73876,13510,6427,7083
12940,80113,6209,38512,4312,73904,13513,6429,7084
12945,80144,6212,38527,4315,73932,13517,6431,7086
12950,80175,6218,38540,4320,73957,13521,6433,7088
12955,80206,6223,38558,4324,73983,13525,6436,7089
12960,80237,6227,38575,4327,74010,13529,6438,7091
12965,80268,6230,38592,4330,74038,13533,6440,7093
12970,80299,6233,38604,4332,74066,13537,6443,7094
12975,80330,6235,38623,4333,74095,13541,6447,7094
12980,80361,6237,38638,4335,74124,13545,6449,7096
12985,80392,6237,38653,4335,74155,13549,6452,7097
12990,80423,6237,38669,4335,74186,13553,6455,7098
12995,80454,6237,38684,4335,74217,13557,6458,7099
13000,80485,6237,38698,4335,74248,13561,6460,7101
13005,80516,6237,38714,4335,74279,13567,6464,7103
13010,80547,6237,38726,4335,74310,13573,6466,7107
13015,80578,6237,38742,4335,74341,13579,6470,7109
13020,80609,6237,38756,4335,74371,13585,6471,7114
13025,80640,6237,38767,4335,74401,13589,6472,7117
13030,80671,6241,38784,4339,74429,13593,6476,7117
13035,80702,6243,38800,4341,74459,13597,6479,7118
13040,80733,6244,38816,4342,74487,13601,6480,7121
13045,80764,6246,38831,4344,74518,13605,6483,7122
13050,80795,6247,38849,4344,74547,13609,6485,7124
13055,80826,6249,38863,4346,74575,13613,6486,7127
13060,80857,6251,38882,4348,74605,13617,6489,7128
13065,80888,6253,38894,4350,74634,13621,6491,7130
13070,80919,6255,38914,4352,74661,13625,6494,7131
13075,80950,6258,38930,4354,74689,13629,6495,7134
13080,80981,6261,38946,4357,74720,13633,6497,7136
13085,81012,6266,38960,4360,74746,13637,6498,7139
13090,81043,6270,38974,4361,74773,13641,6500,7141
13095,81074,6276,38990,4365,74797,13645,6502,7143
13100,81105,6280,39001,4367,74825,13649,6503,7146
13105,81136,6282,39016,4368,74854,13653,6505,7148
13110,81167,6285,39030,4370,74882,13657,6506,7151
13115,81198,6289,39046,4373,74909,13661,6507,7154
13120,81229,6292,39064,4375,74937,13665,6511,7154
13125,81260,6295,39077,4377,74965,13670,6514,7156
13130,81291,6298,39091,4379,74993,13676,6518,7158
13135,81322,6299,39101,4380,75023,13682,6518,7164
13140,81353,6300,39116,4380,75053,13688,6524,7164
13145,81384,6301,39132,4380,75083,13694,6525,7169
13150,81415,6303,39150,4381,75112,13700,6528,7172
13155,81446,6305,39164,4382,75141,13706,6530,7176
13160,81477,6306,39179,4383,75171,13712,6535,7177
13165,81508,6308,39190,4384,75200,13718,6537,7181
13170,81539,6310,39205,4386,75229,13724,6539,7185
13175,81570,6312,39225,4388,75257,13730,6544,7186
13180,81601,6313,39242,4388,75288,13736,6547,7189
13185,81632,6316,39256,4390,75315,13742,6550,7192
13190,81663,6319,39273,4392,75343,13748,6554,7194
13195,81694,6321,39287,4393,75372,13754,6556,7198
13200,81725,6324,39307,4396,75400,13760,6561,7199
13205,81756,6325,39328,4397,75430,13766,6566,7200
13210,81787,6326,39342,4397,75460,13772,6569,7203
13215,81818,6328,39353,4398,75489,13778,6571,7207
13220,81849,6330,39370,4399,75517,13784,6573,7211
13225,81880,6332,39385,4400,75548,13790,6575,7215
13230,81911,6333,39399,4401,75577,13796,6577,7219
13235,81942,6335,39415,4402,75606,13802,6580,7222
13240,81973,6340,39432,4406,75633,13808,6585,7223
13245,82004,6343,39445,4408,75660,13814,6587,7227
13250,82035,6348,39461,4412,75687,13820,6592,7228
13255,82066,6351,39480,4415,75711,13826,6594,7232
13260,82097,6355,39498,4417,75740,13832,6598,7234
13265,82128,6358,39513,4419,75769,13838,6601,7237
13270,82159,6361,39531,4422,75798,13844,6603,7241
13275,82190,6363,39544,4424,75826,13850,6606,7244
13280,82221,6368,39559,4428,75852,13856,6608,7248
13285,82252,6372,39572,4430,75880,13862,6610,7252
13290,82283,6375,39590,4433,75907,13868,6613,7255
13295,82314,6380,39611,4437,75934,13874,6618,7256
13300,82345,6380,39628,4437,75965,13880,6621,7259
13305,82376,6380,39642,4437,75996,13886,6624,7262
13310,82407,6381,39655,4437,76026,13892,6625,7267
13315,82438,6382,39668,4437,76056,13898,6625,7273
13320,82469,6383,39687,4437,76086,13904,6629,7275
13325,82500,6384,39702,4437,76116,13910,6633,7277
13330,82531,6385,39718,4437,76146,13916,6635,7281
13335,82562,6386,39733,4438,76176,13922,6639,7283
13340,82593,6388,39749,4440,76205,13928,6640,7288
13345,82624,6389,39760,4441,76235,13934,6641,7293
13350,82655,6390,39776,4442,76265,13940,6644,7296
13355,82686,6392,39793,4443,76294,13946,6648,7298
13360,82717,6394,39806,4444,76323,13952,6650,7302
13365,82748,6395,39820,4444,76352,13958,6653,7305
13370,82779,6398,39834,4447,76380,13964,6654,7310
13375,82810,6401,39851,4449,76409,13970,6656,7314
13380,82841,6402,39870,4449,76438,13976,6660,7316
13385,82872,6404,39883,4451,76467,13982,6662,7320
13390,82903,6408,39902,4454,76494,13988,6666,7322
13395,82934,6408,39915,4454,76524,13994,6669,7325
13400,82965,6412,39932,4457,76551,14000,6673,7327
13405,82996,6416,39947,4459,76578,14006,6676,7330
13410,83027,6420,39960,4462,76605,14012,6679,7333
13415,83058,6424,39977,4466,76630,14018,6681,7337
13420,83089,6429,39995,4469,76656,14024,6685,7339
13425,83120,6434,40012,4472,76683,14030,6689,7341
13430,83151,6436,40019,4473,76715,14036,6690,7346
13435,83182,6437,40034,4474,76744,14042,6693,7349
13440,83213,6438,40053,4475,76775,14048,6695,7353
13445,83244,6439,40068,4475,76805,14053,6696,7357
13450,83275,6440,40085,4475,76835,14058,6700,7358
13455,83306,6441,40100,4476,76865,14063,6704,7359
13460,83337,6442,40113,4477,76895,14068,6707,7361
13465,83368,6443,40130,4477,76925,14073,6710,7363
13470,83399,6446,40145,4479,76953,14078,6712,7366
13475,83430,6447,40158,4479,76983,14083,6713,7370
13480,83461,6449,40173,4481,77012,14088,6716,7372
13485,83492,6451,40185,4482,77041,14093,6717,7376
13490,83523,6452,40197,4482,77071,14098,6717,7381
13495,83554,6455,40217,4485,77099,14103,6721,7382
13500,83585,6457,40231,4486,77128,14108,6723,7385
13505,83616,6459,40246,4486,77157,14111,6723,7388
13510,83647,6461,40262,4486,77186,14114,6726,7388
13515,83678,6464,40277,4488,77214,14117,6726,7391
13520,83709,6469,40294,4492,77240,14120,6727,7393
13525,83740,6472,40310,4495,77268,14123,6729,7394
13530,83771,6476,40320,4497,77293,14126,6731,7395
13535,83802,6485,40330,4503,77315,14129,6732,7397
13540,83833,6491,40345,4507,77340,14132,6733,7399
13545,83864,6496,40355,4511,77366,14136,6733,7403
13550,83895,6502,40374,4516,77391,14140,6735,7405
13555,83926,6508,40386,4520,77417,14144,6738,7406
13560,83957,6513,40403,4524,77443,14148,6740,7408
13565,83988,6516,40419,4527,77472,14150,6741,7409
13570,84019,6516,40436,4527,77503,14152,6741,7411
13575,84050,6516,40450,4527,77534,14154,6742,7412
13580,84081,6516,40466,4527,77565,14156,6742,7414
13585,84112,6516,40478,4527,77596,14158,6743,7415
13590,84143,6516,40493,4527,77627,14160,6745,7415
13595,84174,6516,40511,4527,77657,14162,6747,7415
13600,84205,6516,40529,4527,77688,14164,6747,7417
13605,84236,6516,40542,4527,77720,14168,6749,7419
13610,84267,6516,40560,4527,77750,14172,6753,7419
13615,84298,6516,40577,4527,77781,14176,6754,7422
13620,84329,6516,40592,4527,77812,14180,6758,7422
13625,84360,6516,40605,4527,77844,14184,6760,7424
13630,84391,6516,40617,4527,77875,14188,6761,7427
13635,84422,6516,40634,4527,77906,14192,6763,7429
13640,84453,6516,40647,4527,77937,14196,6766,7430
13645,84484,6516,40667,4527,77968,14200,6769,7431
13650,84515,6516,40681,4527,77999,14204,6771,7433
13655,84546,6517,40693,4527,78029,14208,6772,7436
13660,84577,6518,40708,4528,78059,14212,6773,7439
13665,84608,6520,40724,4528,78088,14217,6776,7441
13670,84639,6523,40740,4531,78116,14223,6781,7442
13675,84670,6525,40751,4531,78144,14229,6782,7447
13680,84701,6530,40770,4535,78169,14235,6786,7449
13685,84732,6536,40787,4540,78195,14241,6791,7450
13690,84763,6541,40805,4542,78221,14247,6794,7453
13695,84794,6547,40823,4547,78247,14253,6799,7454
13700,84825,6551,40839,4551,78274,14259,6804,7455
13705,84856,6557,40852,4555,78299,14265,6805,7460
13710,84887,6560,40862,4556,78326,14271,6806,7465
13715,84918,6566,40874,4560,78351,14277,6807,7470
13720,84949,6571,40886,4564,78378,14283,6809,7474
13725,84980,6575,40897,4567,78405,14289,6811,7478
13730,85011,6579,40911,4570,78432,14295,6814,7481
13735,85042,6583,40928,4573,78459,14301,6816,7485
13740,85073,6586,40945,4575,78487,14307,6819,7488
13745,85104,6589,40960,4576,78515,14312,6822,7490
13750,85135,6590,40973,4576,78543,14317,6824,7493
13755,85166,6594,40987,4580,78571,14322,6827,7495
13760,85197,6596,41005,4582,78600,14327,6829,7498
13765,85228,6599,41022,4585,78629,14332,6833,7499
13770,85259,6599,41039,4585,78659,14337,6838,7499
13775,85290,6599,41052,4585,78690,14342,6841,7501
13780,85321,6599,41069,4585,78722,14347,6842,7505
13785,85352,6599,41089,4585,78751,14352,6844,7508
13790,85383,6599,41108,4585,78782,14357,6845,7512
13795,85414,6599,41120,4585,78814,14362,6848,7514
13800,85445,6599,41132,4585,78845,14367,6849,7518
13805,85476,6599,41147,4585,78876,14372,6852,7520
13810,85507,6599,41160,4585,78907,14377,6854,7523
13815,85538,6599,41171,4585,78939,14382,6854,7528
13820,85569,6599,41181,4585,78969,14387,6854,7533
13825,85600,6601,41194,4587,78999,14392,6856,7536
13830,85631,6602,41205,4587,79028,14397,6857,7540
13835,85662,6606,41217,4590,79056,14402,6859,7543
13840,85693,6607,41238,4591,79085,14407,6863,7544
13845,85724,6611,41249,4594,79113,14412,6864,7548
13850,85755,6616,41265,4598,79139,14418,6868,7550
13855,85786,6621,41281,4603,79164,14424,6870,7554
13860,85817,6627,41295,4607,79190,14430,6872,7558
13865,85848,6629,41307,4608,79217,14436,6873,7563
13870,85879,6634,41318,4611,79245,14442,6876,7566
13875,85910,6639,41332,4615,79270,14448,6879,7569
13880,85941,6641,41345,4615,79299,14454,6883,7571
13885,85972,6643,41357,4617,79329,14460,6887,7573
13890,86003,6645,41373,4619,79358,14466,6890,7576
13895,86034,6647,41390,4620,79387,14472,6893,7579
13900,86065,6649,41407,4622,79416,14478,6895,7583
13905,86096,6652,41425,4624,79444,14484,6898,7586
13910,86127,6655,41441,4627,79472,14490,6901,7589
13915,86158,6658,41450,4629,79500,14496,6904,7592
13920,86189,6661,41462,4630,79528,14502,6907,7595
13925,86220,6664,41479,4633,79555,14507,6910,7597
13930,86251,6666,41497,4634,79585,14512,6913,7599
13935,86282,6667,41512,4634,79615,14517,6916,7601
13940,86313,6668,41528,4634,79645,14522,6920,7602
13945,86344,6669,41545,4635,79675,14527,6922,7605
13950,86375,6671,41560,4636,79704,14532,6924,7608
13955,86406,6673,41573,4638,79732,14537,6926,7611
13960,86437,6674,41590,4639,79761,14542,6929,7613
13965,86468,6676,41601,4640,79792,14547,6930,7617
13970,86499,6677,41611,4641,79822,14552,6931,7621
13975,86530,6679,41624,4642,79850,14557,6932,7625
13980,86561,6680,41639,4643,79881,14562,6935,7627
13985,86592,6682,41654,4644,79909,14567,6938,7629
13990,86623,6685,41670,4646,79936,14572,6941,7631
13995,86654,6689,41688,4650,79964,14577,6943,7634
14000,86685,6691,41699,4651,79993,14582,6946,7636
14005,86716,6693,41716,4653,80021,14587,6947,7640
14010,86747,6695,41729,4654,80050,14592,6949,7643
14015,86778,6697,41747,4656,80079,14597,6952,7645
14020,86809,6700,41761,4658,80108,14602,6955,7647
14025,86840,6702,41776,4659,80136,14608,6959,7649
14030,86871,6709,41790,4665,80161,14614,6963,7651
14035,86902,6714,41804,4668,80187,14620,6967,7653
14040,86933,6717,41818,4671,80215,14626,6970,7656
14045,86964,6719,41836,4673,80245,14632,6974,7658
14050,86995,6721,41847,4674,80274,14638,6977,7661
14055,87026,6723,41865,4676,80303,14644,6979,7665
14060,87057,6724,41881,4677,80333,14650,6982,7668
14065,87088,6725,41895,4677,80363,14656,6984,7672
14070,87119,6726,41910,4677,80393,14662,6987,7675
14075,87150,6728,41929,4679,80422,14668,6991,7677
14080,87181,6729,41942,4679,80452,14674,6994,7680
14085,87212,6731,41958,4681,80481,14680,6997,7683
14090,87243,6733,41973,4682,80509,14686,6999,7687
14095,87274,6735,41988,4684,80538,14692,7002,7690
14100,87305,6737,42007,4685,80567,14698,7005,7693
14105,87336,6740,42023,4687,80595,14701,7006,7695
14110,87367,6743,42038,4689,80624,14704,7008,7696
14115,87398,6744,42054,4689,80654,14707,7010,7697
14120,87429,6745,42071,4689,80684,14710,7010,7700
14125,87460,6746,42086,4689,80714,14713,7012,7701
14130,87491,6747,42101,4690,80744,14716,7015,7701
14135,87522,6748,42116,4691,80774,14719,7017,7702
14140,87553,6749,42138,4691,80804,14722,7020,7702
14145,87584,6750,42154,4691,80832,14725,7021,7704
14150,87615,6754,42168,4694,80859,14728,7022,7706
14155,87646,6756,42182,4695,80889,14731,7023,7708
14160,87677,6759,42197,4696,80918,14734,7024,7710
14165,87708,6761,42211,4697,80946,14736,7025,7711
14170,87739,6764,42226,4699,80975,14738,7026,7712
14175,87770,6767,42245,4700,81002,14740,7027,7713
14180,87801,6770,42262,4703,81031,14742,7028,7714
14185,87832,6773,42282,4704,81058,14744,7030,7714
14190,87863,6777,42299,4707,81086,14746,7031,7715
14195,87894,6779,42315,4708,81114,14748,7032,7716
14200,87925,6782,42325,4710,81143,14750,7032,7718
14205,87956,6784,42338,4711,81172,14755,7033,7722
14210,87987,6788,42356,4714,81198,14760,7038,7722
14215,88018,6792,42370,4716,81225,14765,7039,7726
14220,88049,6797,42383,4720,81251,14770,7042,7728
14225,88080,6802,42398,4724,81277,14775,7044,7731
14230,88111,6808,42411,4729,81303,14780,7045,7735
14235,88142,6810,42425,4731,81332,14785,7048,7737
14240,88173,6811,42438,4731,81362,14790,7052,7738
14245,88204,6813,42454,4733,81391,14795,7054,7741
14250,88235,6814,42464,4733,81421,14800,7055,7745
14255,88266,6815,42480,4733,81451,14805,7058,7747
14260,88297,6816,42493,4734,81481,14810,7060,7750
14265,88328,6817,42510,4734,81509,14815,7062,7753
14270,88359,6819,42526,4735,81539,14821,7065,7756
14275,88390,6821,42546,4737,81569,14827,7069,7758
14280,88421,6823,42557,4738,81598,14833,7071,7762
14285,88452,6825,42569,4739,81627,14839,7072,7767
14290,88483,6827,42585,4741,81656,14845,7074,7771
14295,88514,6829,42600,4743,81685,14851,7076,7775
14300,88545,6830,42618,4744,81715,14857,7080,7777
14305,88576,6831,42632,4744,81745,14863,7084,7779
14310,88607,6832,42645,4744,81775,14869,7086,7783
14315,88638,6834,42661,4746,81803,14875,7089,7786
14320,88669,6834,42674,4746,81834,14881,7093,7788
14325,88700,6835,42685,4746,81863,14887,7094,7793
14330,88731,6836,42705,4747,81893,14893,7098,7795
14335,88762,6837,42722,4748,81923,14899,7100,7799
14340,88793,6840,42733,4749,81952,14905,7103,7802
14345,88824,6842,42748,4750,81981,14911,7104,7807
14350,88855,6845,42761,4752,82010,14917,7105,7812
14355,88886,6847,42777,4752,82038,14923,7108,7815
14360,88917,6850,42791,4753,82067,14929,7110,7819
14365,88948,6852,42804,4754,82095,14935,7111,7824
14370,88979,6856,42818,4757,82123,14941,7113,7828
14375,89010,6859,42831,4758,82150,14947,7115,7832
14380,89041,6862,42846,4760,82178,14953,7117,7836
14385,89072,6866,42864,4764,82205,14959,7120,7839
14390,89103,6870,42875,4767,82233,14965,7123,7842
14395,89134,6875,42889,4770,82258,14971,7125,7846
14400,89165,6881,42904,4775,82282,14977,7128,7849
14405,89196,6887,42922,4781,82307,14983,7131,7852
14410,89227,6889,42939,4783,82337,14989,7133,7856
14415,89258,6889,42957,4783,82367,14995,7139,7856
14420,89289,6889,42971,4783,82398,15001,7142,7859
14425,89320,6889,42981,4783,82430,15007,7145,7862
14430,89351,6890,42993,4784,82460,15013,7148,7865
14435,89382,6891,43007,4784,82490,15019,7150,7869
14440,89413,6892,43018,4785,82521,15025,7152,7873
14445,89444,6893,43032,4785,82551,15031,7154,7877
14450,89475,6894,43047,4786,82581,15037,7158,7879
14455,89506,6895,43064,4787,82611,15043,7163,7880
14460,89537,6897,43085,4789,82640,15049,7168,7881
14465,89568,6899,43104,4791,82669,15054,7172,7882
14470,89599,6901,43122,4792,82695,15059,7174,7885
14475,89630,6902,43140,4793,82725,15064,7176,7888
14480,89661,6903,43152,4794,82757,15069,7178,7891
14485,89692,6905,43169,4796,82787,15074,7180,7894
14490,89723,6907,43183,4797,82816,15079,7181,7898
14495,89754,6909,43196,4798,82845,15084,7183,7901
14500,89785,6911,43214,4800,82874,15089,7185,7904
14505,89816,6913,43235,4802,82903,15094,7188,7906
14510,89847,6914,43245,4802,82933,15099,7191,7908
14515,89878,6916,43261,4803,82961,15104,7193,7911
14520,89909,6921,43276,4807,82987,15109,7195,7914
14525,89940,6925,43294,4810,83014,15114,7198,7916
14530,89971,6930,43309,4814,83040,15119,7199,7920
14535,90002,6934,43320,4816,83067,15124,7201,7923
14540,90033,6939,43338,4820,83094,15129,7206,7923
14545,90064,6941,43350,4821,83123,15134,7208,7926
14550,90095,6943,43366,4823,83151,15139,7210,7929
14555,90126,6948,43384,4826,83177,15144,7212,7932
14560,90157,6952,43404,4830,83205,15149,7214,7935
14565,90188,6955,43414,4833,83233,15155,7215,7940
14570,90219,6959,43426,4836,83259,15161,7216,7945
14575,90250,6962,43433,4837,83288,15167,7219,7948
14580,90281,6965,43447,4838,83315,15173,7223,7950
14585,90312,6969,43460,4840,83343,15179,7225,7954
14590,90343,6972,43477,4841,83371,15185,7230,7955
14595,90374,6974,43488,4843,83400,15191,7233,7958
14600,90405,6975,43499,4843,83428,15197,7234,7963
14605,90436,6978,43519,4845,83455,15203,7239,7964
14610,90467,6980,43534,4847,83485,15209,7241,7968
14615,90498,6980,43553,4847,83516,15215,7245,7970
14620,90529,6980,43568,4847,83548,15221,7248,7973
14625,90560,6980,43584,4847,83579,15227,7252,7975
14630,90591,6980,43599,4847,83611,15233,7256,7977
14635,90622,6980,43609,4847,83642,15239,7257,7982
14640,90653,6980,43623,4847,83673,15245,7258,7987
14645,90684,6980,43641,4847,83704,15248,7261,7987
14650,90715,6981,43655,4847,83734,15251,7264,7987
14655,90746,6982,43672,4848,83764,15254,7266,7988
14660,90777,6983,43684,4848,83794,15257,7268,7989
14665,90808,6984,43696,4848,83824,15260,7269,7991
14670,90839,6985,43713,4849,83853,15263,7271,7992
14675,90870,6986,43722,4850,83883,15266,7271,7995
14680,90901,6987,43735,4850,83914,15269,7273,7996
14685,90932,6988,43749,4850,83944,15272,7274,7998
14690,90963,6990,43767,4852,83973,15275,7275,8000
14695,90994,6992,43780,4853,84001,15278,7277,8001
14700,91025,6996,43792,4855,84028,15281,7279,8002
14705,91056,7000,43808,4857,84056,15283,7280,8003
14710,91087,7003,43827,4859,84083,15285,7281,8004
14715,91118,7007,43839,4861,84110,15287,7281,8006
14720,91149,7013,43858,4866,84135,15289,7283,8006
14725,91180,7018,43870,4870,84162,15291,7283,8008
14730,91211,7022,43887,4873,84188,15293,7285,8008
14735,91242,7027,43904,4877,84214,15295,7287,8008
14740,91273,7032,43927,4882,84239,15297,7289,8008
14745,91304,7038,43944,4887,84263,15301,7292,8009
14750,91335,7046,43961,4894,84286,15306,7296,8010
14755,91366,7054,43975,4901,84311,15311,7299,8012
14760,91397,7064,43992,4908,84331,15316,7303,8013
14765,91428,7065,44004,4909,84363,15320,7305,8015
14770,91459,7065,44016,4909,84393,15324,7306,8018
14775,91490,7065,44038,4909,84424,15328,7308,8020
14780,91521,7065,44051,4909,84456,15332,7310,8022
14785,91552,7065,44069,4909,84485,15336,7312,8024
14790,91583,7065,44081,4909,84517,15340,7314,8026
14795,91614,7065,44096,4909,84549,15344,7317,8027
14800,91645,7065,44111,4909,84579,15348,7317,8031
14805,91676,7065,44127,4909,84610,15353,7320,8033
14810,91707,7065,44140,4909,84642,15358,7322,8036
14815,91738,7065,44150,4909,84673,15363,7324,8039
14820,91769,7065,44168,4909,84704,15368,7327,8041
14825,91800,7065,44185,4909,84735,15373,7330,8043
14830,91831,7065,44202,4909,84766,15378,7333,8045
14835,91862,7065,44213,4909,84797,15383,7334,8049
14840,91893,7065,44226,4909,84828,15388,7337,8051
14845,91924,7065,44245,4909,84859,15393,7341,8052
14850,91955,7065,44258,4909,84890,15398,7341,8057
14855,91986,7065,44272,4909,84920,15403,7344,8059
14860,92017,7065,44286,4909,84950,15408,7347,8061
14865,92048,7066,44303,4910,84980,15413,7348,8065
14870,92079,7069,44312,4911,85010,15419,7349,8070
14875,92110,7072,44323,4913,85037,15425,7353,8072
14880,92141,7077,44338,4916,85063,15431,7356,8075
14885,92172,7081,44348,4917,85091,15437,7359,8078
14890,92203,7088,44365,4922,85115,15443,7361,8082
14895,92234,7094,44377,4928,85139,15449,7364,8085
14900,92265,7102,44386,4933,85162,15455,7366,8089
14905,92296,7108,44401,4938,85187,15461,7370,8091
14910,92327,7116,44420,4945,85208,15467,7374,8093
14915,92358,7125,44435,4953,85232,15473,7377,8096
14920,92389,7130,44449,4956,85257,15479,7380,8099
14925,92420,7133,44463,4958,85285,15485,7383,8102
14930,92451,7135,44474,4960,85316,15491,7385,8106
14935,92482,7135,44485,4960,85347,15497,7387,8110
14940,92513,7135,44503,4960,85377,15503,7390,8113
14945,92544,7135,44517,4960,85409,15509,7393,8116
14950,92575,7135,44534,4960,85440,15515,7398,8117
14955,92606,7135,44547,4960,85470,15521,7402,8119
14960,92637,7135,44559,4960,85502,15527,7403,8124
14965,92668,7135,44568,4960,85533,15533,7406,8127
14970,92699,7135,44583,4960,85564,15539,7408,8131
14975,92730,7135,44594,4960,85595,15545,7409,8136
14980,92761,7135,44609,4960,85626,15551,7412,8139
14985,92792,7135,44622,4960,85657,15557,7415,8142
14990,92823,7135,44634,4960,85688,15563,7416,8147
14995,92854,7135,44646,4960,85719,15569,7421,8148
15000,92885,7135,44662,4960,85750,15575,7424,8151
15005,92916,7135,44674,4960,85781,15580,7427,8153
15010,92947,7135,44687,4960,85812,15585,7429,8156
15015,92978,7135,44703,4960,85843,15590,7433,8157
15020,93009,7135,44712,4960,85874,15595,7436,8159
15025,93040,7137,44724,4961,85903,15600,7439,8161
15030,93071,7141,44741,4963,85928,15605,7442,8163
15035,93102,7145,44760,4966,85954,15610,7445,8165
15040,93133,7150,44773,4970,85982,15615,7445,8170
15045,93164,7156,44786,4974,86007,15620,7446,8174
15050,93195,7160,44800,4978,86034,15625,7449,8176
15055,93226,7166,44814,4983,86060,15630,7451,8179
15060,93257,7171,44831,4987,86086,15635,7454,8181
15065,93288,7176,44846,4989,86112,15640,7458,8182
15070,93319,7180,44863,4991,86139,15645,7462,8183
15075,93350,7185,44878,4994,86164,15650,7464,8186
15080,93381,7192,44894,5000,86188,15655,7468,8187
15085,93412,7196,44914,5004,86214,15660,7471,8189
15090,93443,7201,44926,5009,86241,15665,7472,8193
15095,93474,7204,44946,5012,86265,15670,7474,8196
15100,93505,7210,44962,5018,86293,15675,7476,8199
15105,93536,7214,44980,5021,86320,15681,7478,8203
15110,93567,7215,44998,5022,86352,15687,7480,8207
15115,93598,7215,45017,5022,86383,15693,7483,8210
15120,93629,7215,45031,5022,86414,15699,7486,8213
15125,93660,7215,45041,5022,86445,15705,7487,8218
15130,93691,7215,45060,5022,86476,15711,7491,8220
15135,93722,7215,45074,5022,86507,15717,7494,8223
15140,93753,7215,45091,5022,86538,15723,7497,8226
15145,93784,7215,45103,5022,86569,15729,7499,8230
15150,93815,7215,45122,5022,86600,15735,7501,8234
15155,93846,7215,45134,5022,86631,15741,7505,8236
15160,93877,7215,45150,5022,86661,15747,7507,8240
15165,93908,7215,45172,5022,86693,15753,7512,8241
15170,93939,7215,45185,5022,86724,15759,7515,8244
15175,93970,7215,45201,5022,86755,15765,7520,8245
15180,94001,7215,45217,5022,86786,15771,7523,8248
15185,94032,7216,45233,5023,86816,15775,7526,8249
15190,94063,7217,45245,5024,86846,15779,7526,8253
15195,94094,7218,45261,5025,86876,15783,7530,8253
15200,94125,7219,45279,5026,86906,15787,7532,8255
15205,94156,7221,45295,5027,86933,15791,7534,8257
15210,94187,7223,45309,5028,86962,15795,7536,8259
15215,94218,7228,45323,5031,86990,15799,7538,8261
15220,94249,7232,45337,5033,87017,15803,7540,8263
15225,94280,7237,45355,5037,87042,15807,7541,8266
15230,94311,7241,45372,5040,87066,15811,7542,8269
15235,94342,7249,45390,5047,87091,15815,7545,8270
15240,94373,7256,45404,5051,87115,15819,7547,8272
15245,94404,7260,45419,5054,87143,15823,7548,8275
15250,94435,7263,45433,5056,87172,15827,7550,8277
15255,94466,7265,45454,5057,87200,15831,7552,8279
15260,94497,7267,45468,5057,87230,15835,7553,8282
15265,94528,7269,45479,5057,87258,15839,7554,8285
15270,94559,7274,45495,5062,87284,15843,7558,8285
15275,94590,7279,45510,5066,87310,15847,7560,8287
15280,94621,7283,45527,5070,87338,15851,7562,8289
15285,94652,7287,45541,5073,87364,15857,7564,8293
15290,94683,7291,45556,5076,87391,15863,7567,8296
15295,94714,7296,45569,5079,87418,15869,7569,8300
15300,94745,7299,45585,5082,87446,15875,7573,8302
15305,94776,7301,45601,5083,87475,15880,7575,8305
15310,94807,7303,45618,5085,87504,15885,7577,8308
15315,94838,7303,45636,5085,87535,15890,7581,8309
15320,94869,7303,45650,5085,87566,15895,7582,8313
15325,94900,7303,45666,5085,87596,15900,7585,8315
15330,94931,7303,45684,5085,87628,15905,7587,8318
15335,94962,7303,45703,5085,87658,15910,7589,8321
15340,94993,7303,45722,5085,87690,15915,7593,8322
15345,95024,7304,45736,5085,87720,15920,7595,8325
15350,95055,7305,45753,5086,87750,15925,7599,8326
15355,95086,7306,45770,5086,87780,15930,7602,8328
15360,95117,7307,45785,5087,87810,15935,7605,8330
15365,95148,7309,45801,5088,87839,15939,7607,8332
15370,95179,7311,45813,5089,87867,15943,7610,8333
15375,95210,7313,45821,5091,87897,15947,7610,8337
15380,95241,7316,45834,5093,87925,15951,7610,8341
15385,95272,7318,45852,5095,87952,15955,7613,8342
15390,95303,7320,45869,5096,87982,15959,7615,8344
15395,95334,7323,45885,5099,88009,15963,7617,8346
15400,95365,7326,45896,5101,88038,15967,7618,8349
15405,95396,7328,45909,5103,88066,15972,7622,8350
15410,95427,7329,45926,5104,88097,15977,7623,8354
15415,95458,7330,45941,5104,88128,15982,7624,8358
15420,95489,7333,45966,5107,88154,15987,7627,8360
15425,95520,7336,45978,5108,88184,15992,7628,8364
15430,95551,7338,45992,5109,88213,15997,7631,8366
15435,95582,7341,46007,5110,88241,16002,7633,8369
15440,95613,7344,46024,5111,88268,16007,7636,8371
15445,95644,7347,46039,5113,88296,16012,7639,8373
15450,95675,7352,46057,5117,88322,16017,7642,8375
15455,95706,7358,46075,5122,88348,16022,7644,8378
15460,95737,7362,46090,5125,88375,16027,7646,8381
15465,95768,7366,46107,5128,88401,16032,7650,8382
15470,95799,7371,46124,5132,88426,16038,7653,8385
15475,95830,7376,46142,5136,88454,16044,7656,8388
15480,95861,7378,46158,5137,88483,16050,7659,8391
15485,95892,7378,46174,5137,88514,16056,7661,8395
15490,95923,7378,46190,5137,88545,16062,7667,8395
15495,95954,7378,46205,5137,88576,16068,7670,8398
15500,95985,7378,46217,5137,88607,16074,7674,8400
15505,96016,7378,46229,5137,88638,16080,7675,8405
15510,96047,7378,46240,5137,88669,16086,7676,8410
15515,96078,7379,46255,5137,88699,16092,7679,8413
15520,96109,7380,46273,5138,88729,16098,7682,8416
15525,96140,7381,46288,5138,88759,16104,7685,8419
15530,96171,7382,46301,5139,88789,16110,7688,8422
15535,96202,7383,46317,5139,88819,16116,7691,8425
15540,96233,7385,46330,5140,88848,16122,7694,8428
15545,96264,7386,46343,5140,88877,16126,7696,8430
15550,96295,7388,46354,5141,88904,16130,7698,8432
15555,96326,7391,46372,5144,88931,16134,7699,8435
15560,96357,7395,46384,5148,88959,16138,7700,8438
15565,96388,7398,46398,5151,88989,16142,7701,8441
15570,96419,7400,46414,5152,89018,16146,7703,8443
15575,96450,7402,46430,5153,89044,16150,7706,8444
15580,96481,7407,46445,5158,89074,16154,7708,8446
15585,96512,7409,46459,5159,89103,16158,7709,8449
15590,96543,7414,46478,5164,89128,16162,7712,8450
15595,96574,7420,46496,5168,89152,16166,7714,8452
15600,96605,7425,46510,5173,89178,16170,7715,8455
15605,96636,7429,46528,5177,89206,16174,7716,8458
15610,96667,7433,46546,5179,89233,16178,7720,8458
15615,96698,7437,46568,5182,89260,16182,7724,8458
15620,96729,7440,46582,5184,89288,16186,7726,8460
15625,96760,7443,46594,5186,89317,16190,7728,8462
15630,96791,7444,46602,5186,89347,16194,7729,8465
15635,96822,7445,46616,5187,89377,16198,7732,8466
15640,96853,7447,46631,5189,89406,16202,7734,8468
15645,96884,7448,46647,5189,89436,16207,7738,8469
15650,96915,7449,46664,5190,89466,16213,7739,8474
15655,96946,7451,46684,5192,89495,16219,7744,8475
15660,96977,7452,46703,5192,89525,16225,7747,8478
15665,97008,7453,46715,5193,89555,16231,7751,8480
15670,97039,7454,46731,5193,89585,16237,7752,8485
15675,97070,7455,46746,5193,89615,16243,7755,8488
15680,97101,7457,46761,5194,89644,16249,7758,8491
15685,97132,7459,46778,5196,89673,16255,7761,8494
15690,97163,7461,46793,5197,89702,16261,7766,8495
15695,97194,7463,46806,5197,89731,16267,7770,8497
15700,97225,7465,46823,5198,89760,16273,7774,8499
15705,97256,7467,46838,5199,89788,16279,7777,8502
15710,97287,7471,46852,5202,89816,16285,7779,8506
15715,97318,7472,46865,5203,89846,16291,7782,8509
15720,97349,7473,46881,5204,89876,16297,7785,8512
15725,97380,7475,46902,5206,89902,16301,7786,8515
15730,97411,7481,46923,5211,89928,16305,7789,8516
15735,97442,7485,46939,5215,89955,16309,7793,8516
15740,97473,7488,46954,5216,89983,16313,7795,8518
15745,97504,7492,46971,5219,90011,16317,7798,8519
15750,97535,7495,46983,5221,90039,16321,7799,8522
15755,97566,7499,46996,5223,90066,16325,7799,8526
15760,97597,7504,47011,5226,90092,16329,7802,8527
15765,97628,7509,47024,5230,90116,16333,7802,8531
15770,97659,7517,47041,5238,90139,16337,7803,8534
15775,97690,7519,47057,5240,90171,16341,7806,8535
15780,97721,7519,47071,5240,90202,16345,7809,8536
15785,97752,7519,47082,5240,90233,16349,7809,8540
15790,97783,7519,47093,5240,90264,16353,7812,8541
15795,97814,7519,47106,5240,90295,16357,7813,8544
15800,97845,7519,47123,5240,90326,16361,7815,8546
15805,97876,7519,47141,5240,90357,16365,7817,8548
15810,97907,7519,47161,5240,90387,16369,7820,8549
15815,97938,7519,47177,5240,90419,16373,7821,8552
15820,97969,7522,47191,5242,90446,16377,7822,8555
15825,98000,7525,47209,5245,90475,16383,7825,8558
15830,98031,7527,47220,5246,90504,16389,7828,8561
15835,98062,7529,47232,5247,90533,16395,7830,8565
15840,98093,7531,47252,5249,90562,16401,7834,8567
15845,98124,7532,47268,5250,90592,16407,7835,8572
15850,98155,7533,47284,5251,90622,16413,7839,8574
15855,98186,7535,47304,5253,90651,16419,7843,8576
15860,98217,7537,47321,5254,90680,16425,7846,8579
15865,98248,7539,47332,5256,90709,16431,7848,8583
15870,98279,7541,47345,5258,90738,16437,7852,8585
15875,98310,7542,47363,5259,90768,16443,7857,8586
15880,98341,7545,47373,5259,90796,16449,7859,8590
15885,98372,7549,47391,5261,90822,16455,7863,8592
15890,98403,7552,47411,5264,90850,16461,7868,8593
15895,98434,7555,47424,5265,90879,16467,7870,8597
15900,98465,7557,47440,5266,90908,16473,7875,8598
15905,98496,7559,47456,5266,90936,16478,7877,8601
15910,98527,7561,47472,5267,90965,16483,7881,8602
15915,98558,7564,47487,5270,90993,16488,7883,8605
15920,98589,7568,47504,5273,91019,16493,7885,8608
15925,98620,7570,47515,5273,91048,16498,7886,8612
15930,98651,7573,47526,5275,91078,16503,7890,8613
15935,98682,7576,47541,5277,91106,16508,7893,8615
15940,98713,7580,47561,5280,91131,16513,7895,8618
15945,98744,7586,47575,5286,91157,16518,7898,8620
15950,98775,7591,47589,5290,91181,16523,7901,8622
15955,98806,7598,47600,5295,91206,16528,7904,8624
15960,98837,7601,47612,5298,91236,16533,7906,8627
15965,98868,7602,47627,5299,91263,16537,7910,8627
15970,98899,7604,47641,5301,91294,16541,7910,8631
15975,98930,7604,47656,5301,91325,16545,7912,8633
15980,98961,7604,47671,5301,91357,16549,7914,8635
15985,98992,7604,47684,5301,91388,16553,7916,8637
15990,99023,7604,47696,5301,91419,16557,7917,8640
15995,99054,7606,47714,5302,91448,16561,7918,8643
16000,99085,7607,47724,5303,91478,16565,7921,8644
16005,99116,7609,47736,5305,91507,16570,7923,8647
16010,99147,7612,47751,5307,91535,16575,7926,8649
16015,99178,7615,47769,5310,91563,16580,7928,8652
16020,99209,7616,47788,5311,91593,16585,7931,8654
16025,99240,7617,47805,5311,91623,16589,7934,8655
16030,99271,7619,47821,5313,91652,16593,7936,8657
16035,99302,7621,47837,5314,91681,16597,7939,8658
16040,99333,7623,47857,5316,91710,16601,7941,8660
16045,99364,7625,47872,5318,91739,16605,7942,8663
16050,99395,7627,47884,5319,91768,16609,7944,8665
16055,99426,7629,47898,5321,91797,16613,7945,8668
16060,99457,7629,47913,5321,91828,16617,7948,8669
16065,99488,7631,47930,5323,91857,16621,7951,8670
16070,99519,7633,47944,5325,91885,16626,7953,8673
16075,99550,7635,47958,5327,91915,16631,7956,8675
16080,99581,7638,47970,5329,91942,16636,7958,8678
16085,99612,7642,47983,5333,91970,16641,7962,8679
16090,99643,7644,47997,5333,91998,16646,7964,8682
16095,99674,7647,48012,5336,92024,16651,7966,8685
16100,99705,7653,48030,5342,92051,16656,7967,8689
16105,99736,7657,48047,5345,92078,16661,7970,8691
16110,99767,7663,48059,5350,92104,16666,7971,8695
16115,99798,7667,48076,5353,92131,16671,7975,8696
16120,99829,7668,48091,5354,92161,16676,7978,8698
16125,99860,7670,48106,5355,92190,16682,7981,8701
16130,99891,7672,48122,5356,92219,16688,7985,8703
16135,99922,7675,48133,5358,92247,16694,7988,8706
16140,99953,7676,48140,5358,92277,16700,7989,8711
16145,99984,7676,48153,5358,92308,16706,7990,8716
16150,100015,7676,48168,5358,92339,16712,7993,8719
16155,100046,7676,48183,5358,92370,16718,7995,8723
16160,100077,7677,48196,5358,92400,16724,7997,8727
16165,100108,7678,48210,5358,92430,16730,8000,8730
16170,100139,7679,48230,5359,92459,16736,8004,8732
16175,100170,7680,48246,5360,92489,16742,8005,8737
16180,100201,7681,48265,5360,92520,16748,8010,8738
16185,100232,7682,48276,5361,92550,16754,8012,8742
16190,100263,7683,48286,5362,92580,16760,8015,8745
16195,100294,7684,48302,5362,92609,16766,8020,8746
16200,100325,7685,48317,5362,92639,16772,8022,8750
16205,100356,7686,48330,5362,92670,16778,8025,8753
16210,100387,7687,48342,5362,92699,16784,8028,8756
16215,100418,7688,48359,5362,92729,16790,8029,8761
16220,100449,7693,48376,5366,92755,16796,8034,8762
16225,100480,7697,48391,5370,92783,16802,8035,8767
16230,100511,7702,48405,5374,92808,16808,8037,8771
16235,100542,7706,48420,5376,92834,16814,8041,8773
16240,100573,7713,48442,5383,92859,16820,8045,8775
16245,100604,7719,48457,5386,92884,16826,8049,8777
16250,100635,7721,48466,5386,92914,16832,8051,8781
16255,100666,7725,48481,5389,92941,16838,8053,8785
16260,100697,7727,48497,5391,92970,16844,8056,8788
16265,100728,7730,48507,5392,92998,16849,8058,8791
16270,100759,7733,48519,5393,93026,16854,8061,8793
16275,100790,7735,48533,5393,93054,16859,8064,8795
16280,100821,7737,48546,5394,93082,16864,8067,8797
16285,100852,7740,48556,5396,93111,16869,8068,8801
16290,100883,7743,48569,5397,93140,16874,8071,8803
16295,100914,7744,48580,5397,93169,16879,8073,8806
16300,100945,7745,48598,5397,93200,16884,8075,8809
16305,100976,7747,48615,5399,93229,16889,8079,8810
16310,101007,7748,48628,5400,93259,16894,8081,8813
16315,101038,7750,48647,5402,93288,16899,8083,8816
16320,101069,7751,48661,5403,93318,16904,8086,8818
16325,101100,7754,48672,5405,93346,16908,8088,8820
16330,101131,7755,48684,5405,93376,16912,8091,8821
16335,101162,7758,48697,5407,93404,16916,8093,8823
16340,101193,7759,48710,5408,93434,16920,8093,8827
16345,101224,7762,48730,5410,93460,16924,8095,8829
16350,101255,7769,48749,5416,93485,16928,8098,8830
16355,101286,7772,48760,5418,93514,16932,8099,8833
16360,101317,7774,48780,5420,93541,16936,8100,8836
16365,101348,7779,48794,5425,93569,16941,8103,8838
16370,101379,7782,48809,5427,93596,16946,8106,8840
16375,101410,7786,48820,5430,93624,16951,8107,8844
16380,101441,7786,48836,5430,93654,16956,8109,8847
16385,101472,7786,48849,5430,93686,16961,8110,8851
16390,101503,7786,48867,5430,93717,16966,8112,8854
16395,101534,7786,48883,5430,93748,16971,8116,8855
16400,101565,7788,48899,5432,93776,16976,8118,8858
16405,101596,7790,48917,5434,93806,16981,8122,8859
16410,101627,7792,48926,5436,93835,16986,8122,8864
16415,101658,7794,48942,5437,93863,16991,8123,8868
16420,101689,7796,48956,5438,93893,16996,8126,8870
16425,101720,7798,48972,5439,93921,17002,8129,8873
16430,101751,7801,48991,5441,93948,17008,8134,8874
16435,101782,7804,49001,5443,93978,17014,8136,8878
16440,101813,7806,49022,5445,94005,17020,8140,8880
16445,101844,7808,49036,5447,94036,17025,8143,8882
16450,101875,7808,49057,5447,94067,17030,8145,8885
16455,101906,7809,49071,5448,94096,17035,8146,8889
16460,101937,7810,49086,5449,94126,17040,8149,8891
16465,101968,7811,49099,5449,94156,17045,8151,8894
16470,101999,7812,49120,5449,94186,17050,8155,8895
16475,102030,7813,49140,5450,94216,17055,8157,8898
16480,102061,7815,49150,5451,94245,17060,8157,8903
16485,102092,7818,49165,5453,94273,17065,8158,8907
16490,102123,7821,49170,5454,94300,17070,8158,8912
16495,102154,7825,49186,5458,94329,17075,8161,8914
16500,102185,7828,49201,5459,94355,17080,8163,8917
16505,102216,7832,49216,5461,94384,17084,8165,8919
16510,102247,7836,49227,5463,94410,17088,8165,8923
16515,102278,7840,49239,5465,94438,17092,8166,8926
16520,102309,7842,49248,5466,94467,17096,8168,8928
16525,102340,7846,49263,5469,94493,17100,8170,8930
16530,102371,7848,49279,5471,94523,17104,8173,8931
16535,102402,7850,49293,5472,94552,17108,8174,8934
16540,102433,7851,49311,5473,94582,17112,8177,8935
16545,102464,7852,49328,5474,94612,17116,8179,8937
16550,102495,7858,49342,5479,94637,17121,8181,8940
16555,102526,7862,49354,5482,94663,17126,8183,8943
16560,102557,7867,49372,5486,94689,17131,8188,8943
16565,102588,7872,49388,5490,94715,17135,8190,8945
16570,102619,7877,49400,5494,94742,17139,8191,8948
16575,102650,7880,49414,5496,94769,17143,8193,8950
16580,102681,7881,49430,5497,94800,17147,8196,8951
16585,102712,7883,49446,5499,94829,17151,8198,8953
16590,102743,7884,49459,5499,94859,17155,8200,8955
16595,102774,7886,49476,5501,94888,17159,8202,8957
16600,102805,7887,49495,5502,94918,17163,8205,8958
16605,102836,7889,49509,5503,94946,17168,8208,8960
16610,102867,7889,49531,5503,94977,17173,8212,8961
16615,102898,7889,49547,5503,95009,17178,8215,8963
16620,102929,7889,49561,5503,95039,17183,8218,8965
16625,102960,7889,49576,5503,95071,17187,8220,8967
16630,102991,7889,49590,5503,95102,17191,8222,8969
16635,103022,7890,49601,5504,95131,17195,8224,8971
16640,103053,7892,49617,5506,95159,17199,8226,8973
16645,103084,7895,49633,5508,95186,17203,8227,8976
16650,103115,7897,49647,5509,95215,17207,8228,8979
16655,103146,7899,49661,5511,95245,17211,8229,8982
16660,103177,7901,49676,5513,95275,17215,8229,8986
16665,103208,7903,49692,5514,95304,17220,8232,8988
16670,103239,7905,49704,5515,95333,17225,8235,8990
16675,103270,7907,49722,5517,95363,17230,8237,8993
16680,103301,7909,49736,5517,95392,17235,8239,8996
16685,103332,7911,49755,5519,95421,17240,8241,8999
16690,103363,7913,49770,5521,95450,17245,8243,9002
16695,103394,7915,49787,5523,95479,17250,8247,9003
16700,103425,7918,49800,5524,95507,17255,8251,9004
16705,103456,7920,49812,5525,95536,17260,8252,9008
16710,103487,7925,49829,5529,95562,17265,8254,9011
16715,103518,7929,49843,5531,95589,17270,8257,9013
16720,103549,7935,49857,5535,95614,17275,8260,9015
16725,103580,7942,49874,5541,95638,17280,8262,9018
16730,103611,7947,49892,5544,95664,17286,8267,9019
16735,103642,7951,49904,5547,95690,17292,8271,9021
16740,103673,7957,49919,5551,95714,17298,8273,9025
16745,103704,7961,49932,5553,95742,17304,8276,9028
16750,103735,7965,49945,5556,95769,17310,8279,9031
16755,103766,7968,49961,5558,95796,17316,8281,9035
16760,103797,7970,49977,5560,95826,17322,8285,9037
16765,103828,7971,49989,5560,95856,17328,8288,9040
16770,103859,7974,50006,5563,95885,17334,8292,9042
16775,103890,7974,50020,5563,95915,17340,8297,9043
16780,103921,7974,50031,5563,95946,17346,8297,9049
16785,103952,7974,50047,5563,95978,17352,8300,9052
16790,103983,7974,50062,5563,96009,17358,8303,9055
16795,104014,7974,50080,5563,96040,17364,8305,9059
16800,104045,7974,50097,5563,96071,17370,8307,9063
16805,104076,7974,50110,5563,96102,17375,8307,9068
16810,104107,7974,50126,5563,96133,17380,8310,9070
16815,104138,7974,50138,5563,96164,17385,8313,9072
16820,104169,7974,50153,5563,96195,17390,8317,9073
16825,104200,7974,50171,5563,96226,17395,8318,9077
16830,104231,7974,50181,5563,96255,17400,8320,9080
16835,104262,7975,50192,5564,96286,17405,8321,9084
16840,104293,7977,50205,5565,96315,17410,8323,9087
16845,104324,7979,50218,5567,96345,17415,8324,9091
16850,104355,7981,50235,5569,96374,17420,8327,9093
16855,104386,7984,50253,5571,96401,17425,8330,9095
16860,104417,7987,50266,5572,96429,17430,8334,9096
16865,104448,7991,50275,5575,96457,17434,8336,9098
16870,104479,7994,50284,5576,96484,17438,8337,9101
16875,104510,7997,50302,5579,96513,17442,8340,9102
16880,104541,8002,50321,5581,96538,17446,8343,9103
16885,104572,8008,50336,5584,96564,17450,8346,9104
16890,104603,8011,50350,5585,96591,17454,8349,9105
16895,104634,8016,50359,5589,96618,17458,8351,9107
16900,104665,8021,50376,5594,96643,17462,8352,9110
16905,104696,8027,50393,5599,96668,17467,8354,9113
16910,104727,8031,50407,5601,96694,17472,8356,9116
16915,104758,8038,50424,5608,96719,17477,8359,9118
16920,104789,8041,50440,5610,96747,17482,8363,9119
16925,104820,8043,50451,5611,96777,17487,8366,9121
16930,104851,8045,50470,5612,96805,17492,8368,9124
16935,104882,8048,50482,5614,96834,17497,8370,9127
16940,104913,8048,50496,5614,96865,17502,8370,9132
16945,104944,8048,50505,5614,96896,17507,8372,9135
16950,104975,8048,50515,5614,96927,17512,8373,9139
16955,105006,8048,50531,5614,96957,17517,8375,9142
16960,105037,8048,50544,5614,96989,17522,8377,9145
16965,105068,8048,50557,5614,97019,17528,8379,9149
16970,105099,8048,50572,5614,97050,17534,8383,9151
16975,105130,8048,50586,5614,97082,17540,8386,9154
16980,105161,8048,50601,5614,97113,17546,8390,9156
16985,105192,8048,50611,5614,97144,17552,8393,9159
16990,105223,8048,50623,5614,97175,17558,8395,9163
16995,105254,8048,50638,5614,97203,17564,8399,9165
17000,105285,8048,50655,5614,97235,17570,8402,9168
17005,105316,8050,50664,5615,97264,17576,8404,9172
17010,105347,8051,50678,5615,97295,17582,8407,9175
17015,105378,8054,50697,5617,97322,17588,8411,9177
17020,105409,8057,50714,5619,97350,17594,8416,9178
17025,105440,8060,50731,5621,97378,17600,8419,9181
17030,105471,8065,50752,5625,97404,17606,8421,9185
17035,105502,8071,50767,5630,97431,17612,8424,9188
17040,105533,8077,50784,5634,97454,17618,8427,9191
17045,105564,8084,50795,5639,97480,17624,8429,9195
17050,105595,8090,50809,5643,97503,17630,8433,9197
17055,105626,8096,50824,5647,97528,17636,8435,9201
17060,105657,8101,50839,5650,97554,17642,8439,9203
17065,105688,8106,50857,5655,97582,17648,8444,9204
17070,105719,8108,50872,5657,97610,17654,8447,9207
17075,105750,8110,50889,5659,97639,17660,8451,9209
17080,105781,8112,50901,5660,97668,17666,8454,9212
17085,105812,8113,50917,5661,97698,17672,8459,9213
17090,105843,8114,50935,5662,97729,17678,8464,9214
17095,105874,8116,50946,5663,97758,17684,8466,9218
17100,105905,8118,50963,5665,97786,17690,8469,9221
17105,105936,8118,50979,5665,97818,17695,8472,9223
17110,105967,8118,50998,5665,97849,17700,8473,9227
17115,105998,8118,51012,5665,97880,17705,8474,9231
17120,106029,8118,51024,5665,97911,17710,8477,9233
17125,106060,8118,51039,5665,97942,17715,8480,9235
17130,106091,8118,51052,5665,97972,17720,8483,9237
17135,106122,8118,51073,5665,98004,17725,8486,9239
17140,106153,8118,51087,5665,98035,17730,8488,9242
17145,106184,8118,51100,5665,98065,17735,8490,9245
17150,106215,8118,51114,5665,98097,17740,8494,9246
17155,106246,8118,51130,5665,98127,17745,8498,9247
17160,106277,8118,51150,5665,98156,17750,8501,9249
17165,106308,8118,51166,5665,98188,17754,8503,9251
17170,106339,8120,51178,5666,98219,17758,8505,9253
17175,106370,8122,51192,5666,98247,17762,8507,9255
17180,106401,8125,51203,5668,98276,17766,8509,9257
17185,106432,8127,51216,5670,98305,17770,8511,9259
17190,106463,8130,51226,5671,98332,17774,8512,9262
17195,106494,8134,51239,5674,98359,17778,8514,9264
17200,106525,8137,51252,5676,98387,17782,8515,9267
17205,106556,8141,51265,5679,98415,17787,8519,9268
17210,106587,8146,51282,5684,98439,17792,8521,9271
17215,106618,8152,51295,5688,98463,17797,8524,9273
17220,106649,8161,51313,5695,98486,17802,8526,9276
17225,106680,8167,51324,5699,98512,17806,8526,9280
17230,106711,8172,51340,5702,98539,17810,8526,9284
17235,106742,8174,51354,5702,98568,17814,8528,9286
17240,106773,8177,51362,5704,98596,17818,8528,9290
17245,106804,8181,51378,5707,98621,17822,8530,9292
17250,106835,8189,51391,5714,98643,17826,8531,9295
17255,106866,8194,51407,5718,98671,17830,8533,9297
17260,106897,8197,51420,5721,98699,17834,8533,9301
17265,106928,8200,51440,5724,98728,17839,8537,9302
17270,106959,8200,51456,5724,98759,17844,8538,9306
17275,106990,8200,51469,5724,98790,17849,8541,9308
17280,107021,8200,51487,5724,98821,17854,8543,9311
17285,107052,8200,51504,5724,98852,17859,8546,9313
17290,107083,8200,51521,5724,98883,17864,8550,9314
17295,107114,8200,51536,5724,98914,17869,8553,9316
17300,107145,8200,51552,5724,98945,17874,8557,9317
17305,107176,8200,51568,5724,98976,17879,8561,9318
17310,107207,8200,51587,5724,99007,17884,8563,9321
17315,107238,8200,51601,5724,99038,17889,8567,9322
17320,107269,8200,51616,5724,99069,17894,8569,9325
17325,107300,8200,51631,5724,99100,17899,8571,9328
17330,107331,8200,51642,5724,99130,17905,8572,9333
17335,107362,8201,51657,5725,99161,17911,8574,9337
17340,107393,8202,51677,5726,99190,17917,8577,9340
17345,107424,8203,51693,5726,99221,17922,8582,9340
17350,107455,8204,51708,5727,99251,17927,8586,9341
17355,107486,8205,51719,5728,99281,17932,8590,9342
17360,107517,8208,51729,5730,99309,17937,8593,9344
17365,107548,8211,51745,5733,99337,17942,8595,9347
17370,107579,8214,51762,5735,99365,17947,8598,9349
17375,107610,8218,51780,5739,99391,17952,8601,9351
17380,107641,8222,51794,5741,99416,17957,8603,9354
17385,107672,8229,51807,5747,99440,17962,8605,9357
17390,107703,8236,51820,5754,99466,17967,8607,9360
17395,107734,8243,51836,5759,99490,17972,8609,9363
17400,107765,8249,51850,5763,99515,17977,8612,9365
17405,107796,8253,51864,5765,99542,17981,8615,9366
17410,107827,8258,51879,5768,99568,17985,8616,9369
17415,107858,8262,51892,5772,99594,17989,8618,9371
17420,107889,8267,51904,5776,99621,17993,8622,9371
17425,107920,8270,51920,5779,99650,17997,8624,9373
17430,107951,8272,51935,5780,99679,18001,8626,9375
17435,107982,8274,51952,5782,99708,18005,8629,9376
17440,108013,8276,51966,5784,99737,18009,8631,9378
17445,108044,8278,51976,5785,99766,18014,8632,9382
17450,108075,8278,51990,5785,99797,18019,8634,9385
17455,108106,8278,51999,5785,99828,18024,8637,9387
17460,108137,8278,52015,5785,99858,18029,8639,9390
17465,108168,8278,52030,5785,99889,18033,8641,9392
17470,108199,8278,52045,5785,99921,18037,8643,9394
17475,108230,8278,52068,5785,99952,18041,8645,9396
17480,108261,8278,52084,5785,99983,18045,8647,9398
17485,108292,8278,52098,5785,100014,18049,8650,9399
17490,108323,8278,52113,5785,100045,18053,8650,9403
17495,108354,8278,52126,5785,100076,18057,8651,9406
17500,108385,8278,52137,5785,100107,18061,8653,9408
17505,108416,8279,52152,5785,100137,18065,8656,9409
17510,108447,8280,52162,5785,100167,18070,8658,9412
17515,108478,8281,52183,5786,100197,18075,8662,9413
17520,108509,8282,52200,5787,100227,18080,8665,9415
17525,108540,8283,52211,5787,100256,18085,8667,9418
17530,108571,8286,52224,5788,100285,18090,8670,9420
17535,108602,8289,52240,5789,100313,18095,8673,9422
17540,108633,8292,52255,5791,100340,18100,8676,9424
17545,108664,8298,52272,5796,100366,18105,8679,9426
17550,108695,8301,52288,5799,100392,18110,8683,9427
17555,108726,8309,52302,5805,100417,18115,8685,9430
17560,108757,8313,52320,5807,100442,18120,8689,9431
17565,108788,8321,52340,5814,100464,18126,8694,9432
17570,108819,8329,52355,5821,100489,18132,8697,9435
17575,108850,8336,52375,5827,100512,18138,8699,9439
17580,108881,8341,52391,5832,100540,18144,8701,9443
17585,108912,8342,52405,5832,100570,18150,8704,9446
17590,108943,8344,52418,5833,100599,18156,8707,9449
17595,108974,8345,52431,5834,100629,18162,8710,9452
17600,109005,8347,52444,5836,100658,18168,8713,9455
17605,109036,8348,52457,5836,100688,18174,8714,9460
17610,109067,8350,52469,5837,100717,18180,8717,9463
17615,109098,8351,52485,5838,100747,18186,8722,9464
17620,109129,8352,52499,5839,100777,18192,8725,9467
17625,109160,8353,52517,5839,100806,18198,8730,9468
17630,109191,8354,52535,5840,100836,18204,8734,9470
17635,109222,8356,52550,5842,100864,18210,8737,9473
17640,109253,8357,52565,5843,100894,18216,8741,9475
17645,109284,8360,52578,5845,100923,18222,8742,9480
17650,109315,8362,52591,5846,100952,18228,8746,9482
17655,109346,8362,52598,5846,100984,18234,8747,9487
17660,109377,8362,52613,5846,101015,18240,8752,9488
17665,109408,8362,52627,5846,101046,18246,8755,9491
17670,109439,8362,52643,5846,101077,18252,8759,9493
17675,109470,8362,52655,5846,101108,18258,8762,9496
17680,109501,8362,52667,5846,101138,18264,8766,9498
17685,109532,8364,52685,5848,101166,18270,8769,9501
17690,109563,8366,52698,5849,101194,18276,8770,9506
17695,109594,8371,52721,5854,101220,18282,8775,9507
17700,109625,8375,52734,5858,101249,18288,8779,9509
17705,109656,8378,52751,5859,101277,18292,8781,9511
17710,109687,8381,52766,5861,101304,18296,8781,9515
17715,109718,8386,52779,5864,101331,18300,8783,9517
17720,109749,8389,52796,5867,101359,18304,8783,9521
17725,109780,8392,52816,5868,101386,18308,8785,9523
17730,109811,8395,52838,5871,101416,18312,8787,9525
17735,109842,8396,52854,5871,101446,18316,8790,9526
17740,109873,8397,52873,5872,101476,18320,8793,9527
17745,109904,8398,52885,5872,101506,18324,8794,9530
17750,109935,8399,52898,5872,101536,18328,8795,9533
17755,109966,8400,52911,5872,101566,18332,8798,9534
17760,109997,8404,52933,5876,101593,18336,8801,9535
17765,110028,8408,52953,5880,101620,18340,8802,9538
17770,110059,8411,52964,5881,101648,18344,8803,9541
17775,110090,8414,52977,5883,101676,18348,8803,9545
17780,110121,8418,52998,5887,101702,18352,8805,9547
17785,110152,8421,53014,5889,101730,18356,8807,9549
17790,110183,8425,53031,5892,101757,18360,8809,9551
17795,110214,8429,53044,5894,101785,18364,8811,9553
17800,110245,8433,53063,5897,101812,18368,8813,9555
17805,110276,8438,53077,5901,101838,18374,8815,9559
17810,110307,8439,53097,5901,101868,18380,8819,9561
17815,110338,8440,53115,5902,101897,18386,8823,9563
17820,110369,8442,53134,5904,101925,18392,8826,9566
17825,110400,8443,53152,5904,101957,18397,8829,9568
17830,110431,8444,53169,5904,101987,18402,8831,9571
17835,110462,8446,53186,5906,102015,18407,8833,9574
17840,110493,8448,53202,5907,102044,18412,8836,9576
17845,110524,8450,53216,5908,102073,18417,8840,9577
17850,110555,8452,53224,5908,102103,18422,8840,9582
17855,110586,8454,53237,5909,102132,18427,8841,9586
17860,110617,8456,53251,5911,102160,18432,8842,9590
17865,110648,8459,53261,5913,102189,18437,8844,9593
17870,110679,8462,53278,5916,102216,18442,8846,9596
17875,110710,8464,53295,5916,102244,18447,8847,9600
17880,110741,8468,53309,5920,102272,18452,8848,9604
17885,110772,8470,53323,5921,102300,18456,8848,9608
17890,110803,8472,53338,5923,102330,18460,8850,9610
17895,110834,8475,53357,5926,102359,18464,8851,9613
17900,110865,8476,53373,5926,102388,18468,8854,9614
17905,110896,8478,53389,5927,102417,18472,8855,9617
17910,110927,8482,53403,5930,102445,18476,8859,9617
17915,110958,8484,53418,5931,102473,18480,8859,9621
17920,110989,8487,53438,5934,102500,18484,8862,9622
17925,111020,8491,53452,5937,102528,18488,8864,9624
17930,111051,8494,53465,5940,102557,18493,8865,9628
17935,111082,8496,53476,5941,102586,18498,8867,9631
17940,111113,8498,53491,5942,102615,18503,8868,9635
17945,111144,8499,53499,5942,102645,18508,8868,9640
17950,111175,8501,53519,5943,102674,18513,8872,9641
17955,111206,8502,53538,5943,102703,18518,8875,9643
17960,111237,8504,53556,5944,102732,18523,8876,9647
17965,111268,8505,53568,5945,102763,18528,8878,9650
17970,111299,8507,53582,5946,102791,18533,8881,9652
17975,111330,8509,53595,5947,102821,18538,8882,9656
17980,111361,8511,53610,5949,102849,18543,8884,9659
17985,111392,8512,53627,5950,102880,18549,8890,9659
17990,111423,8516,53639,5952,102906,18555,8892,9663
17995,111454,8520,53652,5956,102933,18561,8895,9666
18000,111485,8522,53665,5957,102963,18567,8897,9670
18005,111516,8523,53680,5958,102993,18572,8899,9673
18010,111547,8524,53691,5959,103023,18577,8900,9677
18015,111578,8525,53705,5960,103053,18582,8903,9679
18020,111609,8526,53723,5961,103083,18587,8905,9682
18025,111640,8527,53737,5962,103113,18592,8908,9684
18030,111671,8528,53754,5962,103143,18597,8910,9687
18035,111702,8531,53775,5965,103171,18602,8913,9689
18040,111733,8533,53789,5965,103200,18607,8915,9692
18045,111764,8536,53805,5967,103226,18612,8917,9695
18050,111795,8539,53823,5969,103255,18617,8918,9699
18055,111826,8541,53837,5969,103285,18622,8921,9701
18060,111857,8544,53853,5971,103312,18627,8922,9705
18065,111888,8548,53870,5974,103339,18632,8925,9707
18070,111919,8552,53881,5977,103366,18637,8927,9710
18075,111950,8556,53895,5979,103394,18642,8929,9713
18080,111981,8559,53905,5980,103422,18647,8932,9715
18085,112012,8562,53927,5983,103449,18652,8934,9718
18090,112043,8564,53938,5984,103479,18657,8937,9720
18095,112074,8566,53954,5986,103507,18662,8938,9724
18100,112105,8568,53968,5988,103536,18667,8940,9727
18105,112136,8573,53983,5992,103563,18673,8946,9727
18110,112167,8576,53993,5994,103590,18679,8948,9731
18115,112198,8580,54010,5996,103617,18685,8950,9735
18120,112229,8584,54026,5999,103645,18691,8953,9738
18125,112260,8585,54043,5999,103675,18697,8958,9739
18130,112291,8586,54056,5999,103705,18703,8960,9743
18135,112322,8587,54072,6000,103735,18709,8962,9747
18140,112353,8588,54088,6000,103765,18715,8965,9750
18145,112384,8590,54099,6001,103794,18721,8967,9754
18150,112415,8591,54113,6002,103824,18727,8971,9756
18155,112446,8592,54130,6003,103851,18733,8974,9759
18160,112477,8597,54147,6008,103879,18739,8977,9762
18165,112508,8599,54160,6010,103907,18745,8981,9764
18170,112539,8602,54169,6013,103937,18751,8984,9767
18175,112570,8604,54187,6014,103962,18757,8987,9770
18180,112601,8608,54201,6017,103990,18763,8988,9775
18185,112632,8609,54217,6018,104022,18769,8992,9777
18190,112663,8610,54231,6019,104052,18775,8993,9782
18195,112694,8611,54247,6019,104083,18781,8997,9784
18200,112725,8612,54263,6020,104113,18787,9001,9786
18205,112756,8614,54277,6022,104142,18793,9003,9790
18210,112787,8616,54294,6024,104171,18799,9007,9792
18215,112818,8617,54305,6024,104201,18805,9010,9795
18220,112849,8618,54319,6024,104230,18811,9013,9798
18225,112880,8620,54334,6025,104259,18817,9016,9801
18230,112911,8623,54345,6027,104288,18823,9018,9805
18235,112942,8625,54357,6029,104314,18829,9020,9809
18240,112973,8627,54371,6030,104343,18835,9023,9812
18245,113004,8630,54393,6032,104373,18840,9026,9814
18250,113035,8633,54406,6034,104401,18845,9027,9818
18255,113066,8636,54417,6035,104430,18850,9029,9821
18260,113097,8639,54432,6038,104457,18855,9031,9824
18265,113128,8644,54446,6042,104484,18860,9032,9828
18270,113159,8647,54461,6044,104511,18865,9035,9830
18275,113190,8650,54474,6047,104540,18870,9037,9833
18280,113221,8652,54487,6048,104569,18875,9039,9836
18285,113252,8657,54501,6051,104595,18880,9040,9840
18290,113283,8662,54521,6055,104619,18885,9044,9841
18295,113314,8669,54539,6060,104645,18890,9047,9843
18300,113345,8673,54555,6063,104672,18895,9050,9845
18305,113376,8675,54569,6064,104701,18898,9051,9847
18310,113407,8676,54586,6064,104729,18901,9053,9848
18315,113438,8680,54603,6067,104757,18904,9054,9850
18320,113469,8684,54616,6071,104784,18907,9055,9852
18325,113500,8686,54628,6072,104813,18910,9057,9853
18330,113531,8690,54641,6075,104841,18913,9059,9854
18335,113562,8691,54659,6076,104870,18916,9060,9856
18340,113593,8691,54670,6076,104902,18919,9060,9859
18345,113624,8691,54689,6076,104932,18923,9064,9859
18350,113655,8691,54701,6076,104964,18927,9066,9861
18355,113686,8691,54714,6076,104995,18931,9067,9864
18360,113717,8691,54735,6076,105025,18935,9069,9866
18365,113748,8691,54748,6076,105057,18939,9069,9870
18370,113779,8691,54762,6076,105088,18943,9071,9872
18375,113810,8691,54777,6076,105119,18947,9074,9873
18380,113841,8691,54790,6076,105150,18951,9077,9874
18385,113872,8691,54805,6076,105181,18955,9077,9878
18390,113903,8691,54819,6076,105211,18959,9079,9880
18395,113934,8691,54837,6076,105243,18963,9082,9881
18400,113965,8691,54853,6076,105273,18967,9086,9881
18405,113996,8692,54864,6076,105302,18972,9090,9882
18410,114027,8698,54875,6081,105328,18978,9093,9885
18415,114058,8705,54894,6087,105351,18984,9097,9887
18420,114089,8711,54905,6091,105378,18990,9100,9890
18425,114120,8714,54917,6092,105405,18994,9101,9893
18430,114151,8718,54931,6095,105432,18998,9104,9894
18435,114182,8722,54944,6099,105459,19002,9106,9896
18440,114213,8726,54955,6101,105487,19006,9108,9898
18445,114244,8729,54971,6102,105515,19010,9111,9899
18450,114275,8732,54987,6104,105542,19014,9112,9902
18455,114306,8736,55000,6107,105570,19018,9113,9905
18460,114337,8738,55015,6107,105599,19022,9117,9905
18465,114368,8741,55027,6109,105626,19026,9118,9908
18470,114399,8745,55043,6113,105652,19030,9120,9910
18475,114430,8750,55062,6118,105678,19034,9124,9910
18480,114461,8754,55079,6122,105706,19038,9128,9910
18485,114492,8757,55093,6124,105733,19042,9129,9913
18490,114523,8760,55107,6127,105762,19046,9130,9916
18495,114554,8763,55119,6129,105791,19050,9131,9919
18500,114585,8763,55136,6129,105822,19054,9135,9919
18505,114616,8763,55152,6129,105852,19058,9137,9921
18510,114647,8763,55166,6129,105884,19062,9140,9922
18515,114678,8763,55185,6129,105914,19066,9142,9924
18520,114709,8763,55199,6129,105946,19070,9145,9925
18525,114740,8763,55213,6129,105977,19075,9145,9930
18530,114771,8763,55229,6129,106008,19081,9148,9933
18535,114802,8763,55247,6129,106039,19087,9152,9935
18540,114833,8764,55259,6130,106068,19093,9154,9939
18545,114864,8765,55275,6130,106099,19099,9158,9941
18550,114895,8768,55290,6133,106127,19105,9161,9944
18555,114926,8769,55305,6134,106157,19111,9163,9948
18560,114957,8772,55323,6137,106185,19117,9165,9952
18565,114988,8774,55334,6139,106214,19123,9168,9955
18570,115019,8776,55347,6141,106243,19129,9170,9959
18575,115050,8778,55364,6143,106272,19135,9175,9960
18580,115081,8779,55378,6144,106302,19141,9177,9964
18585,115112,8782,55392,6146,106330,19147,9181,9966
18590,115143,8786,55408,6149,106356,19153,9184,9969
18595,115174,8789,55423,6151,106384,19159,9188,9971
18600,115205,8794,55440,6155,106410,19165,9192,9973
18605,115236,8797,55455,6158,106438,19170,9193,9977
18610,115267,8800,55471,6160,106466,19175,9196,9979
18615,115298,8803,55483,6163,106495,19180,9198,9982
18620,115329,8805,55495,6165,106524,19185,9200,9985
18625,115360,8808,55510,6168,106551,19190,9202,9988
18630,115391,8812,55523,6172,106579,19195,9203,9992
18635,115422,8816,55536,6175,106604,19200,9205,9995
18640,115453,8822,55552,6179,106629,19205,9206,9999
18645,115484,8826,55567,6182,106653,19210,9208,10002
18650,115515,8833,55584,6188,106679,19215,9211,10004
18655,115546,8839,55600,6194,106704,19220,9211,10009
18660,115577,8843,55611,6197,106732,19225,9212,10013
18665,115608,8843,55626,6197,106765,19230,9214,10016
18670,115639,8843,55642,6197,106796,19235,9216,10019
18675,115670,8843,55660,6197,106827,19240,9220,10020
18680,115701,8843,55676,6197,106858,19245,9223,10022
18685,115732,8843,55689,6197,106889,19250,9227,10023
18690,115763,8843,55702,6197,106920,19255,9230,10025
18695,115794,8843,55716,6197,106951,19260,9234,10026
18700,115825,8843,55731,6197,106982,19265,9236,10029
18705,115856,8845,55748,6199,107011,19271,9239,10032
18710,115887,8846,55760,6199,107041,19277,9240,10037
18715,115918,8848,55780,6200,107070,19283,9244,10039
18720,115949,8849,55793,6200,107100,19289,9246,10043
18725,115980,8851,55813,6202,107129,19295,9249,10046
18730,116011,8852,55829,6202,107159,19301,9255,10046
18735,116042,8853,55840,6202,107189,19307,9257,10050
18740,116073,8854,55860,6202,107219,19313,9261,10052
18745,116104,8855,55879,6203,107249,19319,9266,10053
18750,116135,8857,55896,6205,107278,19325,9268,10057
18755,116166,8859,55908,6206,107307,19331,9270,10061
18760,116197,8861,55924,6208,107336,19337,9273,10064
18765,116228,8864,55944,6210,107364,19343,9277,10066
18770,116259,8869,55960,6213,107390,19349,9280,10069
18775,116290,8874,55974,6215,107415,19355,9283,10072
18780,116321,8880,55991,6218,107440,19361,9287,10074
18785,116352,8884,56004,6221,107467,19366,9291,10075
18790,116383,8889,56018,6225,107491,19371,9291,10080
18795,116414,8895,56034,6229,107517,19376,9292,10084
18800,116445,8899,56050,6232,107543,19381,9296,10085
18805,116476,8903,56066,6235,107573,19386,9299,10087
18810,116507,8905,56081,6236,107601,19391,9301,10090
18815,116538,8909,56096,6239,107629,19396,9305,10091
18820,116569,8912,56110,6241,107655,19401,9307,10094
18825,116600,8915,56123,6244,107683,19406,9308,10098
18830,116631,8919,56137,6248,107711,19411,9310,10101
18835,116662,8922,56155,6251,107739,19416,9314,10102
18840,116693,8925,56168,6253,107768,19421,9316,10105
18845,116724,8925,56178,6253,107799,19426,9317,10109
18850,116755,8925,56191,6253,107830,19431,9319,10112
18855,116786,8925,56205,6253,107861,19436,9321,10115
18860,116817,8925,56220,6253,107892,19441,9322,10119
18865,116848,8925,56232,6253,107923,19446,9324,10122
18870,116879,8925,56245,6253,107954,19451,9325,10126
18875,116910,8925,56260,6253,107985,19456,9326,10130
18880,116941,8925,56276,6253,108016,19461,9329,10132
18885,116972,8925,56286,6253,108047,19467,9332,10135
18890,117003,8925,56300,6253,108078,19473,9334,10139
18895,117034,8925,56315,6253,108109,19479,9338,10141
18900,117065,8925,56329,6253,108140,19485,9341,10144
18905,117096,8926,56344,6254,108170,19491,9346,10145
18910,117127,8927,56361,6255,108200,19497,9348,10149
18915,117158,8928,56377,6255,108230,19503,9352,10151
18920,117189,8929,56393,6255,108260,19509,9355,10154
18925,117220,8930,56408,6255,108290,19515,9359,10156
18930,117251,8934,56423,6258,108317,19521,9361,10160
18935,117282,8937,56438,6260,108345,19527,9363,10164
18940,117313,8940,56453,6261,108373,19533,9366,10167
18945,117344,8945,56467,6263,108398,19539,9369,10170
18950,117375,8953,56484,6268,108418,19545,9373,10172
18955,117406,8961,56499,6273,108442,19551,9376,10175
18960,117437,8969,56520,6279,108463,19557,9381,10176
18965,117468,8977,56532,6284,108491,19562,9384,10178
18970,117499,8981,56547,6287,108517,19567,9387,10180
18975,117530,8986,56561,6290,108543,19572,9390,10182
18980,117561,8991,56578,6293,108568,19577,9393,10184
18985,117592,8995,56592,6296,108595,19582,9395,10187
18990,117623,8998,56609,6298,108623,19587,9396,10191
18995,117654,9001,56623,6299,108652,19592,9400,10192
19000,117685,9003,56638,6300,108681,19597,9402,10195
19005,117716,9006,56655,6303,108709,19602,9404,10198
19010,117747,9008,56670,6304,108739,19607,9407,10200
19015,117778,9009,56681,6304,108769,19612,9410,10202
19020,117809,9010,56690,6304,108799,19617,9411,10206
19025,117840,9011,56703,6305,108829,19620,9412,10208
19030,117871,9012,56716,6306,108859,19623,9413,10210
19035,117902,9013,56734,6306,108889,19626,9415,10211
19040,117933,9014,56745,6306,108919,19629,9416,10213
19045,117964,9015,56763,6306,108949,19632,9418,10214
19050,117995,9016,56778,6307,108979,19635,9421,10214
19055,118026,9017,56789,6307,109009,19638,9421,10217
19060,118057,9019,56803,6308,109038,19641,9422,10219
19065,118088,9021,56816,6310,109067,19645,9423,10222
19070,118119,9023,56831,6311,109096,19649,9425,10224
19075,118150,9023,56846,6311,109127,19653,9426,10227
19080,118181,9023,56863,6311,109158,19657,9429,10228
19085,118212,9023,56880,6311,109189,19661,9431,10230
19090,118243,9024,56898,6312,109219,19665,9434,10231
19095,118274,9025,56911,6312,109249,19669,9437,10232
19100,118305,9026,56923,6312,109279,19673,9438,10235
19105,118336,9028,56941,6314,109308,19677,9439,10238
19110,118367,9030,56956,6316,109337,19681,9442,10239
19115,118398,9033,56972,6318,109364,19685,9445,10240
19120,118429,9038,56987,6322,109388,19689,9447,10242
19125,118460,9044,56999,6328,109415,19694,9447,10247
19130,118491,9049,57019,6333,109438,19700,9451,10249
19135,118522,9055,57038,6338,109464,19706,9454,10252
19140,118553,9061,57054,6344,109490,19712,9458,10254
19145,118584,9062,57072,6344,109520,19717,9460,10257
19150,118615,9066,57091,6348,109547,19722,9463,10259
19155,118646,9068,57106,6350,109577,19727,9466,10261
19160,118677,9068,57123,6350,109609,19732,9468,10264
19165,118708,9068,57140,6350,109639,19737,9472,10265
19170,118739,9068,57154,6350,109671,19742,9474,10268
19175,118770,9068,57168,6350,109702,19747,9477,10270
19180,118801,9072,57189,6354,109729,19752,9482,10270
19185,118832,9076,57204,6357,109756,19757,9483,10274
19190,118863,9080,57222,6361,109783,19762,9485,10277
19195,118894,9081,57235,6361,109813,19767,9486,10281
19200,118925,9083,57256,6363,109842,19772,9490,10282
19205,118956,9084,57275,6364,109872,19777,9493,10284
19210,118987,9086,57293,6365,109901,19782,9497,10285
19215,119018,9087,57309,6366,109931,19787,9500,10287
19220,119049,9089,57323,6367,109960,19792,9501,10291
19225,119080,9090,57339,6367,109990,19797,9502,10295
19230,119111,9091,57348,6367,110020,19802,9504,10298
19235,119142,9093,57366,6369,110049,19807,9507,10300
19240,119173,9093,57376,6369,110080,19812,9509,10303
19245,119204,9094,57395,6369,110110,19818,9513,10305
19250,119235,9095,57413,6370,110140,19824,9517,10307
19255,119266,9096,57424,6371,110168,19830,9518,10312
19260,119297,9102,57437,6376,110193,19836,9520,10316
19265,119328,9108,57452,6381,110216,19841,9522,10319
19270,119359,9113,57462,6385,110245,19846,9523,10323
19275,119390,9116,57477,6386,110273,19851,9527,10324
19280,119421,9119,57490,6389,110297,19856,9528,10328
19285,119452,9125,57506,6394,110323,19861,9532,10329
19290,119483,9131,57523,6399,110350,19866,9536,10330
19295,119514,9134,57539,6401,110378,19871,9538,10333
19300,119545,9137,57553,6404,110405,19876,9539,10337
19305,119576,9137,57569,6404,110438,19881,9541,10340
19310,119607,9137,57578,6404,110470,19886,9543,10343
19315,119638,9137,57588,6404,110501,19891,9544,10347
19320,119669,9137,57599,6404,110531,19896,9546,10350
19325,119700,9137,57618,6404,110563,19900,9549,10351
19330,119731,9137,57628,6404,110594,19904,9551,10353
19335,119762,9137,57645,6404,110625,19908,9555,10353
19340,119793,9137,57658,6404,110656,19912,9557,10355
19345,119824,9139,57673,6405,110685,19916,9559,10357
19350,119855,9141,57690,6407,110714,19920,9561,10359
19355,119886,9145,57703,6411,110741,19924,9563,10361
19360,119917,9149,57716,6414,110768,19928,9565,10363
19365,119948,9152,57730,6416,110796,19932,9568,10364
19370,119979,9156,57749,6419,110823,19937,9571,10366
19375,120010,9157,57763,6420,110853,19942,9572,10370
19380,120041,9159,57782,6421,110882,19947,9576,10371
19385,120072,9159,57802,6421,110913,19952,9578,10374
19390,120103,9159,57819,6421,110944,19957,9579,10378
19395,120134,9160,57829,6421,110973,19962,9580,10382
19400,120165,9164,57842,6425,111000,19967,9582,10385
19405,120196,9167,57852,6428,111029,19972,9583,10389
19410,120227,9171,57870,6432,111055,19977,9588,10389
19415,120258,9175,57882,6435,111083,19982,9588,10394
19420,120289,9181,57899,6439,111106,19987,9590,10397
19425,120320,9186,57912,6443,111134,19993,9592,10401
19430,120351,9188,57927,6445,111162,19999,9595,10404
19435,120382,9191,57938,6447,111190,20005,9597,10408
19440,120413,9194,57950,6450,111219,20011,9598,10413
19445,120444,9197,57968,6453,111247,20017,9603,10414
19450,120475,9199,57982,6455,111276,20023,9607,10416
19455,120506,9201,58001,6457,111305,20029,9609,10420
19460,120537,9202,58016,6457,111335,20035,9614,10421
19465,120568,9203,58028,6458,111365,20041,9616,10425
19470,120599,9204,58046,6459,111394,20047,9618,10429
19475,120630,9204,58058,6459,111425,20053,9619,10434
19480,120661,9204,58067,6459,111457,20059,9619,10440
19485,120692,9204,58074,6459,111487,20065,9621,10444
19490,120723,9207,58091,6462,111515,20071,9623,10448
19495,120754,9210,58100,6464,111542,20077,9624,10453
19500,120785,9212,58115,6466,111572,20083,9626,10457
19505,120816,9214,58126,6467,111602,20089,9629,10460
19510,120847,9217,58138,6470,111629,20095,9631,10464
19515,120878,9220,58154,6473,111658,20101,9637,10464
19520,120909,9223,58171,6475,111686,20107,9640,10467
19525,120940,9225,58186,6476,111715,20113,9643,10470
19530,120971,9225,58196,6476,111745,20119,9645,10474
19535,121002,9226,58215,6477,111774,20125,9648,10477
19540,121033,9228,58228,6478,111804,20131,9651,10480
19545,121064,9230,58239,6479,111832,20137,9653,10484
19550,121095,9234,58254,6483,111859,20143,9655,10488
19555,121126,9238,58271,6486,111888,20149,9658,10491
19560,121157,9239,58284,6487,111917,20155,9660,10495
19565,121188,9242,58297,6490,111945,20159,9660,10499
19570,121219,9244,58307,6491,111973,20163,9661,10502
19575,121250,9249,58322,6494,112001,20167,9664,10503
19580,121281,9250,58338,6495,112031,20171,9666,10505
19585,121312,9251,58358,6496,112061,20175,9669,10506
19590,121343,9252,58371,6496,112091,20179,9671,10508
19595,121374,9253,58388,6497,112121,20183,9674,10509
19600,121405,9254,58400,6498,112151,20187,9676,10511
19605,121436,9255,58419,6499,112181,20191,9679,10512
19610,121467,9256,58432,6500,112211,20195,9681,10514
19615,121498,9257,58447,6501,112241,20199,9684,10515
19620,121529,9258,58466,6502,112270,20203,9686,10517
19625,121560,9259,58484,6503,112301,20206,9688,10518
19630,121591,9260,58494,6503,112330,20209,9689,10520
19635,121622,9262,58510,6505,112360,20212,9691,10521
19640,121653,9265,58524,6507,112388,20215,9692,10523
19645,121684,9267,58540,6508,112417,20218,9693,10525
19650,121715,9270,58557,6510,112445,20221,9694,10527
19655,121746,9273,58567,6512,112473,20224,9695,10529
19660,121777,9277,58580,6514,112500,20227,9697,10530
19665,121808,9279,58598,6516,112528,20231,9698,10533
19670,121839,9283,58612,6519,112555,20236,9701,10535
19675,121870,9287,58625,6522,112583,20241,9702,10539
19680,121901,9290,58641,6524,112609,20246,9705,10541
19685,121932,9296,58657,6530,112634,20250,9707,10543
19690,121963,9299,58678,6533,112662,20254,9708,10546
19695,121994,9302,58695,6536,112691,20258,9711,10547
19700,122025,9304,58708,6536,112719,20262,9713,10549
19705,122056,9309,58720,6539,112746,20266,9714,10552
19710,122087,9312,58737,6541,112774,20270,9717,10553
19715,122118,9317,58750,6544,112801,20274,9718,10556
19720,122149,9320,58767,6545,112828,20278,9720,10558
19725,122180,9322,58783,6546,112857,20283,9723,10560
19730,122211,9327,58797,6549,112884,20288,9725,10563
19735,122242,9330,58812,6551,112912,20293,9728,10565
19740,122273,9332,58830,6553,112941,20298,9732,10566
19745,122304,9336,58842,6556,112967,20303,9734,10569
19750,122335,9338,58853,6558,112997,20308,9737,10571
19755,122366,9340,58867,6559,113026,20313,9738,10575
19760,122397,9343,58883,6561,113052,20318,9741,10577
19765,122428,9345,58897,6563,113083,20323,9742,10581
19770,122459,9345,58914,6563,113114,20328,9745,10583
19775,122490,9345,58930,6563,113145,20333,9747,10586
19780,122521,9345,58943,6563,113176,20338,9749,10589
19785,122552,9345,58957,6563,113207,20344,9751,10593
19790,122583,9345,58972,6563,113238,20350,9754,10596
19795,122614,9346,58983,6563,113268,20356,9755,10601
19800,122645,9347,58997,6563,113298,20362,9758,10604
19805,122676,9348,59014,6564,113327,20368,9761,10607
19810,122707,9349,59030,6565,113357,20374,9764,10610
19815,122738,9351,59046,6566,113386,20380,9768,10612
19820,122769,9352,59060,6567,113417,20386,9771,10615
19825,122800,9354,59075,6568,113446,20392,9773,10619
19830,122831,9355,59091,6569,113476,20398,9776,10622
19835,122862,9357,59104,6570,113505,20404,9779,10625
19840,122893,9358,59126,6571,113535,20410,9782,10628
19845,122924,9360,59142,6573,113560,20416,9783,10633
19850,122955,9364,59162,6577,113587,20422,9788,10634
19855,122986,9368,59172,6581,113616,20428,9790,10638
19860,123017,9372,59189,6585,113641,20434,9793,10641
19865,123048,9375,59202,6587,113670,20439,9795,10644
19870,123079,9377,59216,6589,113702,20444,9798,10646
19875,123110,9380,59232,6592,113729,20449,9800,10649
19880,123141,9383,59247,6594,113758,20454,9803,10651
19885,123172,9386,59261,6597,113786,20459,9805,10654
19890,123203,9389,59276,6599,113814,20464,9807,10657
19895,123234,9391,59288,6599,113843,20469,9809,10660
19900,123265,9393,59305,6599,113872,20474,9812,10662
19905,123296,9397,59322,6602,113899,20479,9816,10663
19910,123327,9401,59344,6606,113925,20484,9818,10666
19915,123358,9405,59365,6610,113953,20489,9822,10667
19920,123389,9409,59383,6614,113980,20494,9824,10670
19925,123420,9411,59394,6615,114009,20499,9825,10674
19930,123451,9412,59405,6616,114039,20504,9827,10677
19935,123482,9413,59423,6616,114069,20509,9831,10678
19940,123513,9414,59440,6617,114098,20514,9834,10680
19945,123544,9416,59454,6619,114127,20519,9837,10682
19950,123575,9419,59469,6622,114155,20524,9838,10686
19955,123606,9421,59486,6623,114184,20529,9841,10688
19960,123637,9423,59502,6625,114213,20534,9844,10690
19965,123668,9425,59514,6627,114243,20540,9845,10695
19970,123699,9429,59528,6630,114268,20546,9846,10700
19975,123730,9435,59541,6635,114295,20552,9848,10704
19980,123761,9437,59561,6637,114324,20558,9852,10706
19985,123792,9439,59578,6639,114352,20564,9855,10709
19990,123823,9441,59588,6641,114381,20570,9857,10713
19995,123854,9444,59605,6643,114410,20576,9861,10715
20000,123885,9446,59619,6644,114439,20582,9863,10719
20005,123916,9447,59631,6644,114469,20588,9865,10723
20010,123947,9449,59644,6645,114497,20594,9865,10729
20015,123978,9451,59653,6647,114527,20600,9868,10732
20020,124009,9453,59665,6648,114556,20606,9873,10733
20025,124040,9456,59681,6651,114580,20612,9875,10737
20030,124071,9461,59695,6655,114608,20618,9877,10741
20035,124102,9463,59703,6656,114638,20624,9878,10746
20040,124133,9465,59718,6658,114667,20630,9881,10749
20045,124164,9467,59737,6659,114696,20636,9883,10753
20050,124195,9468,59753,6660,114727,20642,9886,10756
20055,124226,9469,59766,6661,114757,20648,9887,10761
20060,124257,9471,59789,6663,114786,20654,9892,10762
20065,124288,9473,59803,6665,114815,20660,9896,10764
20070,124319,9475,59815,6667,114844,20666,9899,10767
20075,124350,9477,59833,6669,114873,20672,9903,10769
20080,124381,9478,59847,6669,114902,20678,9906,10772
20085,124412,9482,59867,6672,114930,20684,9911,10773
20090,124443,9485,59882,6675,114958,20690,9914,10776
20095,124474,9488,59893,6677,114985,20696,9914,10782
20100,124505,9491,59904,6680,115013,20702,9916,10786
20105,124536,9495,59921,6684,115041,20708,9920,10788
20110,124567,9497,59935,6684,115070,20714,9925,10789
20115,124598,9500,59953,6686,115097,20720,9930,10790
20120,124629,9504,59970,6688,115124,20726,9934,10792
20125,124660,9508,59987,6692,115151,20732,9936,10796
20130,124691,9512,60003,6695,115179,20738,9939,10799
20135,124722,9515,60017,6696,115207,20744,9943,10801
20140,124753,9520,60029,6698,115233,20750,9943,10807
20145,124784,9523,60042,6699,115261,20756,9945,10811
20150,124815,9524,60058,6699,115291,20762,9949,10813
20155,124846,9525,60071,6700,115320,20768,9951,10817
20160,124877,9527,60086,6701,115350,20774,9955,10819
20165,124908,9529,60102,6702,115379,20778,9955,10823
20170,124939,9532,60116,6704,115407,20782,9956,10826
20175,124970,9534,60135,6705,115436,20786,9959,10827
20180,125001,9536,60153,6707,115465,20790,9961,10829
20185,125032,9538,60170,6708,115494,20794,9962,10832
20190,125063,9540,60183,6709,115523,20798,9964,10834
20195,125094,9541,60196,6710,115553,20802,9967,10835
20200,125125,9543,60216,6711,115582,20806,9970,10836
20205,125156,9545,60236,6713,115611,20810,9973,10837
20210,125187,9547,60251,6714,115638,20814,9974,10840
20215,125218,9548,60267,6715,115670,20818,9977,10841
20220,125249,9548,60282,6715,115699,20822,9979,10843
20225,125280,9548,60292,6715,115732,20824,9980,10844
20230,125311,9548,60305,6715,115761,20826,9981,10845
20235,125342,9548,60320,6715,115793,20828,9982,10846
20240,125373,9548,60336,6715,115825,20830,9982,10848
20245,125404,9548,60354,6715,115856,20832,9983,10849
20250,125435,9550,60367,6716,115884,20834,9983,10851
20255,125466,9553,60384,6719,115911,20836,9984,10852
20260,125497,9558,60399,6723,115939,20838,9984,10854
20265,125528,9562,60414,6725,115965,20841,9986,10855
20270,125559,9567,60427,6729,115990,20845,9988,10857
20275,125590,9575,60445,6737,116013,20849,9990,10859
20280,125621,9582,60460,6743,116038,20853,9993,10860
20285,125652,9585,60475,6745,116067,20856,9995,10861
20290,125683,9589,60491,6748,116094,20859,9998,10861
20295,125714,9591,60507,6750,116123,20862,9999,10863
20300,125745,9591,60523,6750,116154,20865,10000,10865
20305,125776,9591,60533,6750,116185,20868,10002,10866
20310,125807,9591,60548,6750,116216,20871,10004,10867
20315,125838,9591,60568,6750,116247,20874,10007,10867
20320,125869,9592,60583,6751,116277,20877,10009,10868
20325,125900,9593,60598,6752,116307,20881,10011,10870
20330,125931,9595,60615,6753,116336,20886,10013,10873
20335,125962,9597,60632,6755,116365,20891,10016,10875
20340,125993,9599,60650,6757,116393,20896,10020,10876
20345,126024,9602,60667,6759,116422,20901,10023,10878
20350,126055,9603,60684,6760,116452,20906,10024,10882
20355,126086,9606,60696,6762,116480,20911,10026,10885
20360,126117,9607,60709,6762,116510,20916,10027,10889
20365,126148,9608,60721,6762,116540,20921,10028,10893
20370,126179,9609,60735,6762,116570,20926,10030,10896
20375,126210,9611,60745,6763,116599,20931,10031,10900
20380,126241,9613,60759,6765,116628,20936,10032,10904
20385,126272,9616,60773,6768,116654,20942,10033,10909
20390,126303,9620,60789,6771,116681,20948,10034,10914
20395,126334,9621,60805,6772,116712,20954,10035,10919
20400,126365,9623,60821,6773,116739,20960,10038,10922
20405,126396,9627,60836,6775,116767,20965,10041,10924
20410,126427,9632,60848,6779,116794,20970,10042,10928
20415,126458,9635,60862,6780,116820,20975,10046,10929
20420,126489,9638,60873,6782,116850,20980,10048,10932
20425,126520,9642,60888,6785,116876,20985,10050,10935
20430,126551,9645,60902,6787,116904,20990,10052,10938
20435,126582,9649,60918,6790,116929,20995,10054,10941
20440,126613,9655,60933,6795,116957,21000,10056,10944
20445,126644,9660,60953,6799,116982,21005,10058,10947
20450,126675,9663,60970,6801,117012,21010,10060,10950
20455,126706,9666,60989,6803,117040,21015,10064,10951
20460,126737,9668,60999,6804,117069,21020,10066,10954
20465,126768,9668,61014,6804,117100,21025,10070,10955
20470,126799,9668,61030,6804,117131,21030,10073,10957
20475,126830,9668,61044,6804,117162,21035,10076,10959
20480,126861,9668,61061,6804,117193,21040,10080,10960
20485,126892,9668,61075,6804,117224,21045,10082,10963
20490,126923,9668,61094,6804,117255,21050,10085,10965
20495,126954,9668,61109,6804,117286,21055,10087,10968
20500,126985,9669,61120,6805,117316,21060,10090,10970
20505,127016,9670,61135,6806,117346,21066,10092,10974
20510,127047,9671,61151,6807,117376,21072,10095,10977
20515,127078,9672,61172,6808,117406,21078,10098,10980
20520,127109,9673,61191,6808,117436,21084,10101,10983
20525,127140,9674,61205,6809,117466,21090,10103,10987
20530,127171,9675,61221,6810,117496,21096,10105,10991
20535,127202,9677,61236,6812,117525,21102,10107,10995
20540,127233,9679,61250,6814,117554,21108,10110,10998
20545,127264,9681,61264,6815,117582,21114,10112,11002
20550,127295,9684,61277,6817,117611,21120,10116,11004
20555,127326,9688,61295,6819,117638,21126,10120,11006
20560,127357,9691,61312,6821,117666,21132,10124,11008
20565,127388,9695,61326,6823,117692,21138,10128,11010
20570,127419,9700,61341,6827,117714,21144,10129,11015
20575,127450,9707,61359,6831,117739,21150,10134,11016
20580,127481,9712,61372,6834,117769,21156,10135,11021
20585,127512,9714,61386,6835,117797,21162,10138,11024
20590,127543,9717,61396,6836,117825,21168,10140,11028
20595,127574,9720,61407,6838,117852,21174,10141,11033
20600,127605,9724,61426,6840,117880,21180,10146,11034
20605,127636,9728,61443,6843,117906,21186,10150,11036
20610,127667,9733,61460,6847,117933,21192,10152,11040
20615,127698,9734,61473,6847,117963,21198,10153,11045
20620,127729,9735,61485,6848,117994,21204,10154,11050
20625,127760,9737,61500,6849,118023,21210,10156,11054
20630,127791,9738,61517,6849,118053,21216,10159,11057
20635,127822,9739,61529,6849,118083,21222,10160,11062
20640,127853,9740,61545,6849,118113,21228,10164,11064
20645,127884,9741,61555,6850,118143,21234,10166,11068
20650,127915,9743,61567,6852,118172,21240,10168,11072
20655,127946,9745,61583,6854,118201,21246,10171,11075
20660,127977,9746,61597,6854,118231,21252,10173,11079
20665,128008,9747,61611,6854,118261,21258,10175,11083
20670,128039,9749,61627,6855,118290,21264,10179,11085
20675,128070,9750,61640,6856,118320,21270,10182,11088
20680,128101,9752,61656,6858,118349,21276,10185,11091
20685,128132,9755,61674,6860,118377,21282,10189,11093
20690,128163,9758,61685,6861,118405,21288,10193,11095
20695,128194,9761,61700,6864,118433,21294,10197,11097
20700,128225,9763,61709,6865,118462,21300,10197,11103
20705,128256,9766,61726,6866,118490,21306,10199,11107
20710,128287,9767,61742,6867,118520,21312,10203,11109
20715,128318,9768,61760,6868,118549,21318,10207,11111
20720,128349,9772,61773,6872,118576,21324,10209,11115
20725,128380,9775,61785,6873,118604,21330,10213,11117
20730,128411,9779,61803,6877,118630,21336,10217,11119
20735,128442,9784,61816,6880,118655,21342,10219,11123
20740,128473,9791,61833,6885,118680,21348,10221,11127
20745,128504,9796,61848,6888,118704,21354,10224,11130
20750,128535,9799,61863,6891,118733,21360,10227,11133
20755,128566,9802,61877,6894,118761,21366,10229,11137
20760,128597,9804,61890,6895,118792,21372,10233,11139
20765,128628,9807,61909,6897,118820,21375,10235,11140
20770,128659,9809,61919,6898,118849,21378,10237,11141
20775,128690,9812,61932,6900,118878,21381,10237,11144
20780,128721,9813,61948,6901,118907,21384,10238,11146
20785,128752,9814,61962,6902,118938,21387,10240,11147
20790,128783,9814,61978,6902,118969,21390,10241,11149
20795,128814,9814,61991,6902,119000,21393,10243,11150
20800,128845,9814,62008,6902,119031,21396,10245,11151
20805,128876,9814,62021,6902,119062,21399,10246,11153
20810,128907,9814,62042,6902,119093,21402,10248,11154
20815,128938,9814,62054,6902,119124,21405,10248,11157
20820,128969,9816,62072,6903,119153,21408,10250,11158
20825,129000,9818,62083,6904,119182,21410,10250,11160
20830,129031,9819,62099,6904,119212,21412,10250,11162
20835,129062,9821,62114,6906,119241,21414,10250,11164
20840,129093,9823,62134,6908,119270,21416,10252,11164
20845,129124,9825,62150,6910,119299,21418,10253,11165
20850,129155,9826,62161,6910,119329,21420,10254,11166
20855,129186,9828,62177,6911,119358,21422,10256,11166
20860,129217,9830,62188,6912,119387,21424,10257,11167
20865,129248,9833,62202,6914,119414,21428,10258,11170
20870,129279,9836,62218,6917,119441,21433,10260,11173
20875,129310,9842,62233,6923,119466,21438,10263,11175
20880,129341,9845,62242,6925,119496,21443,10266,11177
20885,129372,9848,62254,6926,119522,21448,10268,11180
20890,129403,9855,62268,6930,119546,21453,10271,11182
20895,129434,9863,62287,6937,119568,21458,10274,11184
20900,129465,9870,62303,6944,119593,21463,10276,11187
20905,129496,9873,62318,6946,119621,21468,10278,11190
20910,129527,9877,62327,6948,119650,21473,10279,11194
20915,129558,9880,62342,6949,119677,21478,10282,11196
20920,129589,9884,62356,6952,119705,21483,10285,11198
20925,129620,9885,62370,6952,119734,21489,10288,11201
20930,129651,9887,62382,6953,119762,21495,10290,11205
20935,129682,9889,62400,6955,119790,21501,10293,11208
20940,129713,9892,62420,6957,119818,21507,10296,11211
20945,129744,9893,62431,6958,119850,21512,10298,11214
20950,129775,9893,62447,6958,119882,21517,10302,11215
20955,129806,9893,62463,6958,119912,21522,10304,11218
20960,129837,9893,62477,6958,119944,21527,10307,11220
20965,129868,9893,62495,6958,119975,21532,10310,11222
20970,129899,9893,62510,6958,120006,21537,10314,11223
20975,129930,9893,62526,6958,120037,21542,10318,11224
20980,129961,9893,62544,6958,120068,21547,10323,11224
20985,129992,9893,62558,6958,120099,21552,10325,11227
20990,130023,9893,62578,6958,120130,21557,10329,11228
20995,130054,9893,62597,6958,120161,21562,10332,11230
21000,130085,9894,62612,6958,120191,21567,10334,11233
21005,130116,9895,62629,6959,120221,21572,10334,11238
21010,130147,9896,62642,6959,120251,21577,10335,11242
21015,130178,9897,62657,6960,120281,21582,10336,11246
21020,130209,9899,62675,6962,120310,21587,10339,11248
21025,130240,9900,62689,6962,120339,21592,10342,11250
21030,130271,9906,62704,6966,120365,21597,10344,11253
21035,130302,9910,62720,6970,120391,21602,10348,11254
21040,130333,9915,62735,6975,120417,21607,10350,11257
21045,130364,9921,62753,6980,120441,21613,10353,11260
21050,130395,9928,62766,6985,120466,21619,10355,11264
21055,130426,9934,62778,6989,120491,21625,10358,11267
21060,130457,9939,62791,6992,120517,21631,10361,11270
21065,130488,9943,62806,6995,120544,21637,10366,11271
21070,130519,9949,62826,7000,120569,21643,10369,11274
21075,130550,9953,62837,7003,120597,21649,10372,11277
21080,130581,9957,62849,7007,120624,21655,10372,11283
21085,130612,9959,62866,7008,120652,21661,10375,11286
21090,130643,9961,62881,7010,120680,21667,10378,11289
21095,130674,9963,62895,7012,120709,21673,10381,11292
21100,130705,9963,62913,7012,120741,21679,10384,11295
21105,130736,9963,62928,7012,120773,21685,10387,11298
21110,130767,9963,62948,7012,120804,21691,10390,11301
21115,130798,9963,62962,7012,120835,21697,10391,11306
21120,130829,9963,62977,7012,120864,21703,10395,11308
21125,130860,9963,62994,7012,120897,21708,10398,11310
21130,130891,9963,63010,7012,120928,21713,10401,11312
21135,130922,9963,63028,7012,120959,21718,10404,11314
21140,130953,9963,63045,7012,120990,21723,10407,11316
21145,130984,9963,63064,7012,121021,21728,10412,11316
21150,131015,9963,63074,7012,121052,21733,10413,11320
21155,131046,9963,63090,7012,121083,21738,10416,11322
21160,131077,9963,63103,7012,121114,21743,10418,11325
21165,131108,9964,63119,7013,121144,21748,10421,11327
21170,131139,9965,63137,7013,121174,21753,10423,11330
21175,131170,9967,63155,7015,121203,21758,10425,11333
21180,131201,9968,63170,7015,121232,21763,10428,11335
21185,131232,9971,63190,7018,121259,21768,10431,11337
21190,131263,9975,63205,7022,121287,21773,10435,11338
21195,131294,9979,63217,7026,121315,21778,10436,11342
21200,131325,9984,63233,7030,121340,21783,10438,11345
21205,131356,9989,63241,7032,121367,21788,10440,11348
21210,131387,9995,63257,7036,121390,21793,10443,11350
21215,131418,10002,63271,7042,121415,21798,10445,11353
21220,131449,10010,63292,7050,121437,21803,10448,11355
21225,131480,10014,63302,7052,121465,21808,10450,11358
21230,131511,10020,63313,7057,121490,21814,10452,11362
21235,131542,10027,63329,7062,121513,21820,10454,11366
21240,131573,10031,63344,7065,121541,21826,10457,11369
21245,131604,10035,63358,7069,121567,21832,10459,11373
21250,131635,10036,63369,7070,121598,21838,10461,11377
21255,131666,10036,63386,7070,121630,21844,10466,11378
21260,131697,10036,63400,7070,121661,21850,10468,11382
21265,131728,10036,63415,7070,121692,21856,10471,11385
21270,131759,10036,63429,7070,121722,21862,10474,11388
21275,131790,10036,63449,7070,121754,21868,10478,11390
21280,131821,10036,63465,7070,121785,21874,10481,11393
21285,131852,10036,63478,7070,121816,21880,10482,11398
21290,131883,10036,63496,7070,121845,21886,10486,11400
21295,131914,10036,63506,7070,121878,21892,10488,11404
21300,131945,10036,63523,7070,121908,21898,10490,11408
21305,131976,10036,63537,7070,121940,21903,10492,11411
21310,132007,10036,63550,7070,121971,21908,10494,11414
21315,132038,10036,63569,7070,122002,21913,10498,11415
21320,132069,10036,63585,7070,122033,21918,10500,11418
21325,132100,10036,63604,7070,122064,21923,10505,11418
21330,132131,10037,63618,7070,122094,21928,10507,11421
21335,132162,10038,63637,7071,122124,21933,10510,11423
21340,132193,10039,63652,7071,122154,21938,10511,11427
21345,132224,10042,63668,7073,122180,21943,10513,11430
21350,132255,10047,63682,7077,122207,21948,10517,11431
21355,132286,10051,63696,7080,122231,21953,10518,11435
21360,132317,10058,63711,7087,122259,21958,10521,11437
21365,132348,10061,63725,7088,122286,21961,10522,11439
21370,132379,10065,63741,7089,122312,21964,10522,11442
21375,132410,10070,63755,7093,122338,21967,10524,11443
21380,132441,10074,63770,7095,122366,21970,10526,11444
21385,132472,10076,63784,7096,122395,21973,10527,11446
21390,132503,10080,63799,7099,122422,21976,10527,11449
21395,132534,10085,63817,7103,122449,21979,10530,11449
21400,132565,10091,63830,7107,122474,21982,10531,11451
21405,132596,10095,63845,7110,122500,21986,10533,11453
21410,132627,10101,63861,7116,122526,21990,10536,11454
21415,132658,10105,63875,7119,122553,21994,10539,11455
21420,132689,10109,63889,7123,122579,21998,10540,11458
21425,132720,10109,63905,7123,122611,22001,10543,11458
21430,132751,10109,63925,7123,122642,22004,10544,11460
21435,132782,10109,63937,7123,122673,22007,10546,11461
21440,132813,10109,63953,7123,122704,22010,10548,11462
21445,132844,10109,63973,7123,122735,22013,10549,11464
21450,132875,10109,63992,7123,122764,22016,10552,11464
21455,132906,10109,64002,7123,122796,22019,10552,11467
21460,132937,10109,64020,7123,122826,22022,10554,11468
21465,132968,10109,64035,7123,122859,22026,10556,11470
21470,132999,10109,64043,7123,122890,22031,10557,11474
21475,133030,10109,64054,7123,122920,22036,10559,11477
21480,133061,10109,64071,7123,122951,22041,10563,11478
21485,133092,10110,64089,7124,122980,22045,10564,11481
21490,133123,10112,64108,7125,123009,22049,10566,11483
21495,133154,10117,64126,7130,123035,22053,10568,11485
21500,133185,10121,64143,7134,123064,22057,10570,11487
21505,133216,10123,64162,7135,123093,22061,10571,11490
21510,133247,10124,64176,7135,123121,22065,10573,11492
21515,133278,10131,64193,7141,123144,22069,10575,11494
21520,133309,10134,64204,7143,123174,22073,10575,11498
21525,133340,10138,64222,7147,123200,22078,10578,11500
21530,133371,10142,64237,7150,123228,22083,10580,11503
21535,133402,10147,64248,7153,123255,22088,10581,11507
21540,133433,10151,64259,7156,123281,22093,10583,11510
21545,133464,10155,64276,7160,123307,22098,10586,11512
21550,133495,10160,64289,7164,123333,22103,10588,11515
21555,133526,10166,64306,7170,123360,22108,10592,11516
21560,133557,10169,64321,7172,123388,22113,10596,11517
21565,133588,10172,64335,7175,123416,22118,10598,11520
21570,133619,10174,64350,7176,123445,22123,10601,11522
21575,133650,10174,64365,7176,123476,22128,10603,11525
21580,133681,10174,64383,7176,123507,22133,10606,11527
21585,133712,10174,64395,7176,123538,22139,10606,11533
21590,133743,10174,64413,7176,123568,22145,10610,11535
21595,133774,10174,64427,7176,123600,22151,10614,11537
21600,133805,10174,64444,7176,123631,22157,10617,11540
21605,133836,10174,64458,7176,123662,22163,10620,11543
21610,133867,10174,64467,7176,123693,22169,10622,11547
21615,133898,10174,64488,7176,123724,22175,10628,11547
21620,133929,10174,64502,7176,123755,22181,10629,11552
21625,133960,10175,64521,7176,123785,22187,10634,11553
21630,133991,10176,64530,7176,123815,22193,10635,11558
21635,134022,10178,64545,7177,123844,22199,10638,11561
21640,134053,10180,64560,7179,123872,22205,10641,11564
21645,134084,10182,64573,7180,123901,22211,10645,11566
21650,134115,10184,64587,7181,123930,22217,10648,11569
21655,134146,10186,64600,7182,123959,22223,10651,11572
21660,134177,10187,64615,7182,123988,22229,10654,11575
21665,134208,10192,64632,7186,124015,22235,10657,11578
21670,134239,10196,64644,7188,124041,22241,10658,11583
21675,134270,10205,64659,7196,124064,22247,10661,11586
21680,134301,10211,64672,7200,124089,22253,10666,11587
21685,134332,10217,64686,7205,124113,22259,10667,11592
21690,134363,10223,64702,7209,124137,22265,10669,11596
21695,134394,10227,64712,7211,124167,22271,10671,11600
21700,134425,10231,64727,7214,124193,22277,10673,11604
21705,134456,10233,64741,7215,124222,22283,10676,11607
21710,134487,10236,64753,7217,124250,22289,10677,11612
21715,134518,10238,64766,7218,124280,22295,10681,11614
21720,134549,10239,64778,7218,124308,22301,10684,11617
21725,134580,10242,64795,7220,124337,22307,10687,11620
21730,134611,10244,64807,7221,124367,22313,10691,11622
21735,134642,10246,64824,7222,124396,22319,10693,11626
21740,134673,10246,64837,7222,124427,22325,10696,11629
21745,134704,10246,64853,7222,124458,22331,10698,11633
21750,134735,10246,64870,7222,124489,22337,10701,11636
21755,134766,10246,64884,7222,124520,22343,10705,11638
21760,134797,10246,64900,7222,124551,22349,10709,11640
21765,134828,10246,64917,7222,124581,22355,10712,11643
21770,134859,10246,64931,7222,124612,22361,10713,11648
21775,134890,10246,64946,7222,124644,22367,10716,11651
21780,134921,10246,64962,7222,124675,22373,10721,11652
21785,134952,10246,64976,7222,124706,22379,10723,11656
21790,134983,10246,64993,7222,124737,22385,10728,11657
21795,135014,10247,65007,7223,124767,22391,10732,11659
21800,135045,10248,65024,7224,124797,22397,10736,11661
21805,135076,10249,65037,7225,124827,22403,10738,11665
21810,135107,10251,65055,7225,124856,22409,10743,11666
21815,135138,10253,65071,7225,124885,22415,10747,11668
21820,135169,10256,65084,7226,124912,22421,10748,11673
21825,135200,10259,65100,7227,124939,22427,10753,11674
21830,135231,10262,65109,7228,124968,22433,10755,11678
21835,135262,10266,65127,7230,124994,22439,10759,11680
21840,135293,10270,65140,7232,125021,22445,10761,11684
21845,135324,10277,65152,7237,125046,22450,10764,11686
21850,135355,10282,65169,7239,125071,22455,10768,11687
21855,135386,10287,65181,7242,125097,22460,10771,11689
21860,135417,10293,65200,7248,125122,22465,10775,11690
21865,135448,10299,65212,7253,125149,22470,10777,11693
21870,135479,10303,65228,7255,125173,22475,10781,11694
21875,135510,10308,65241,7258,125200,22480,10784,11696
21880,135541,10311,65257,7260,125229,22485,10785,11700
21885,135572,10312,65269,7260,125259,22490,10788,11702
21890,135603,10313,65282,7260,125288,22495,10789,11706
21895,135634,10314,65293,7261,125320,22500,10791,11709
21900,135665,10316,65307,7263,125349,22505,10792,11713
21905,135696,10318,65323,7265,125378,22510,10794,11716
21910,135727,10319,65338,7265,125408,22515,10797,11718
21915,135758,10320,65355,7266,125438,22520,10799,11721
21920,135789,10322,65371,7268,125467,22525,10802,11723
21925,135820,10323,65387,7269,125497,22530,10805,11725
21930,135851,10324,65408,7270,125527,22535,10809,11726
21935,135882,10326,65425,7272,125556,22540,10812,11728
21940,135913,10328,65440,7273,125585,22545,10814,11731
21945,135944,10330,65454,7275,125614,22551,10817,11734
21950,135975,10331,65468,7276,125644,22557,10820,11737
21955,136006,10333,65485,7278,125672,22563,10824,11739
21960,136037,10336,65501,7281,125701,22569,10827,11742
21965,136068,10336,65519,7281,125732,22572,10828,11744
21970,136099,10336,65535,7281,125763,22575,10829,11746
21975,136130,10336,65551,7281,125794,22578,10831,11747
21980,136161,10337,65567,7281,125824,22581,10832,11749
21985,136192,10339,65578,7282,125852,22584,10835,11749
21990,136223,10343,65592,7285,125878,22587,10837,11750
21995,136254,10346,65608,7286,125907,22590,10838,11752
22000,136285,10349,65621,7287,125933,22593,10840,11753
22005,136316,10353,65634,7289,125961,22596,10841,11755
22010,136347,10357,65653,7293,125989,22599,10843,11756
22015,136378,10360,65663,7294,126016,22602,10843,11759
22020,136409,10365,65681,7299,126043,22605,10846,11759
22025,136440,10368,65695,7301,126072,22607,10847,11760
22030,136471,10371,65709,7302,126100,22609,10848,11761
22035,136502,10373,65723,7302,126126,22611,10850,11761
22040,136533,10377,65739,7306,126156,22613,10851,11762
22045,136564,10379,65762,7307,126183,22615,10852,11763
22050,136595,10381,65777,7308,126212,22617,10853,11764
22055,136626,10383,65794,7310,126242,22619,10855,11764
22060,136657,10386,65808,7312,126271,22621,10855,11766
22065,136688,10387,65816,7312,126301,22625,10855,11770
22070,136719,10389,65830,7313,126326,22630,10858,11772
22075,136750,10393,65849,7316,126357,22635,10861,11774
22080,136781,10396,65867,7317,126383,22640,10865,11775
22085,136812,10399,65881,7320,126413,22645,10867,11778
22090,136843,10400,65897,7320,126443,22650,10870,11780
22095,136874,10401,65914,7321,126473,22655,10871,11784
22100,136905,10402,65931,7322,126503,22660,10872,11788
22105,136936,10404,65949,7324,126532,22665,10875,11790
22110,136967,10405,65964,7324,126562,22670,10877,11793
22115,136998,10407,65975,7326,126591,22675,10878,11797
22120,137029,10408,65983,7326,126621,22680,10880,11800
22125,137060,10409,65993,7326,126651,22686,10881,11805
22130,137091,10411,66011,7328,126679,22692,10884,11808
22135,137122,10412,66022,7328,126710,22698,10886,11812
22140,137153,10415,66034,7331,126738,22704,10889,11815
22145,137184,10419,66054,7334,126764,22710,10892,11818
22150,137215,10422,66068,7335,126792,22716,10897,11819
22155,137246,10425,66082,7337,126821,22722,10898,11824
22160,137277,10430,66093,7340,126847,22728,10901,11827
22165,137308,10432,66110,7342,126876,22734,10904,11830
22170,137339,10433,66120,7342,126906,22740,10905,11835
22175,137370,10435,66138,7344,126933,22746,10909,11837
22180,137401,10438,66153,7347,126961,22752,10911,11841
22185,137432,10440,66167,7349,126992,22758,10915,11843
22190,137463,10443,66186,7352,127016,22764,10918,11846
22195,137494,10452,66206,7360,127039,22770,10921,11849
22200,137525,10457,66219,7364,127068,22776,10923,11853
22205,137556,10459,66230,7365,127095,22781,10926,11855
22210,137587,10462,66244,7367,127123,22786,10929,11857
22215,137618,10464,66262,7369,127153,22791,10931,11860
22220,137649,10466,66275,7370,127182,22796,10933,11863
22225,137680,10468,66288,7372,127211,22801,10936,11865
22230,137711,10470,66300,7373,127241,22806,10937,11869
22235,137742,10471,66316,7374,127271,22811,10940,11871
22240,137773,10472,66332,7375,127300,22816,10942,11874
22245,137804,10474,66348,7376,127330,22821,10944,11877
22250,137835,10475,66361,7376,127360,22826,10946,11880
22255,137866,10476,66375,7377,127389,22831,10949,11882
22260,137897,10477,66386,7378,127420,22836,10950,11886
22265,137928,10477,66402,7378,127451,22841,10953,11888
22270,137959,10479,66420,7380,127480,22846,10955,11891
22275,137990,10481,66438,7381,127509,22851,10960,11891
22280,138021,10482,66453,7382,127538,22856,10962,11894
22285,138052,10484,66470,7383,127568,22861,10964,11897
22290,138083,10485,66484,7384,127598,22866,10968,11898
22295,138114,10486,66499,7385,127628,22871,10970,11901
22300,138145,10488,66514,7387,127656,22876,10972,11904
22305,138176,10490,66529,7388,127684,22881,10975,11906
22310,138207,10493,66545,7391,127713,22887,10976,11911
22315,138238,10495,66554,7392,127743,22893,10976,11917
22320,138269,10497,66572,7392,127771,22899,10979,11920
22325,138300,10500,66590,7394,127800,22905,10982,11923
22330,138331,10503,66609,7397,127828,22911,10986,11925
22335,138362,10505,66623,7398,127857,22917,10988,11929
22340,138393,10508,66638,7401,127885,22923,10991,11932
22345,138424,10510,66654,7403,127914,22929,10993,11936
22350,138455,10514,66668,7405,127941,22935,10997,11938
22355,138486,10519,66680,7408,127967,22941,10999,11942
22360,138517,10520,66695,7408,127997,22947,11000,11947
22365,138548,10523,66710,7410,128024,22953,11005,11948
22370,138579,10527,66725,7413,128051,22959,11008,11951
22375,138610,10530,66739,7415,128079,22965,11014,11951
22380,138641,10533,66751,7417,128106,22971,11016,11955
22385,138672,10537,66766,7419,128134,22976,11017,11959
22390,138703,10539,66779,7419,128163,22981,11020,11961
22395,138734,10544,66794,7424,128190,22986,11023,11963
22400,138765,10548,66809,7427,128217,22991,11026,11965
22405,138796,10550,66820,7428,128246,22996,11026,11970
22410,138827,10553,66835,7430,128274,23001,11029,11972
22415,138858,10558,66849,7433,128299,23006,11033,11973
22420,138889,10561,66864,7435,128328,23011,11035,11976
22425,138920,10564,66884,7438,128355,23016,11037,11979
22430,138951,10567,66897,7440,128384,23021,11039,11982
22435,138982,10568,66915,7441,128413,23026,11042,11984
22440,139013,10570,66936,7443,128443,23031,11046,11985
22445,139044,10572,66952,7444,128472,23036,11051,11985
22450,139075,10573,66970,7445,128502,23041,11056,11985
22455,139106,10575,66983,7446,128531,23046,11058,11988
22460,139137,10575,66996,7446,128562,23051,11060,11991
22465,139168,10576,67009,7446,128592,23056,11062,11994
22470,139199,10577,67022,7446,128622,23061,11064,11997
22475,139230,10578,67039,7446,128652,23066,11069,11997
22480,139261,10579,67056,7447,128682,23071,11071,12000
22485,139292,10580,67069,7447,128710,23077,11075,12002
22490,139323,10581,67086,7448,128739,23083,11078,12005
22495,139354,10582,67103,7449,128772,23089,11081,12008
22500,139385,10583,67118,7449,128801,23095,11086,12009
22505,139416,10584,67137,7450,128831,23099,11088,12011
22510,139447,10585,67153,7451,128860,23103,11091,12012
22515,139478,10586,67171,7452,128892,23107,11094,12013
22520,139509,10587,67186,7452,128922,23111,11097,12014
22525,139540,10588,67202,7452,128952,23115,11100,12015
22530,139571,10590,67215,7453,128980,23119,11102,12017
22535,139602,10592,67226,7454,129008,23123,11102,12021
22540,139633,10594,67242,7454,129037,23127,11104,12023
22545,139664,10596,67259,7455,129067,23131,11106,12025
22550,139695,10599,67274,7457,129095,23135,11108,12027
22555,139726,10602,67291,7459,129123,23139,11110,12029
22560,139757,10605,67306,7462,129152,23143,11113,12030
22565,139788,10609,67318,7464,129178,23145,11113,12032
22570,139819,10615,67334,7468,129203,23147,11114,12033
22575,139850,10620,67349,7471,129228,23149,11116,12033
22580,139881,10627,67362,7476,129254,23151,11117,12034
22585,139912,10631,67374,7478,129280,23153,11118,12035
22590,139943,10636,67388,7481,129307,23155,11119,12036
22595,139974,10642,67406,7487,129331,23157,11121,12036
22600,140005,10646,67419,7490,129358,23159,11122,12037
22605,140036,10651,67435,7493,129384,23163,11124,12039
22610,140067,10655,67454,7496,129410,23167,11128,12039
22615,140098,10660,67469,7499,129437,23171,11131,12040
22620,140129,10662,67480,7500,129466,23175,11131,12044
22625,140160,10665,67493,7502,129495,23179,11133,12046
22630,140191,10667,67503,7504,129524,23183,11135,12048
22635,140222,10669,67522,7506,129553,23187,11137,12050
22640,140253,10670,67534,7507,129583,23191,11138,12053
22645,140284,10671,67545,7508,129613,23195,11141,12054
22650,140315,10671,67558,7508,129644,23199,11144,12055
22655,140346,10671,67568,7508,129675,23203,11146,12057
22660,140377,10671,67584,7508,129706,23207,11146,12061
22665,140408,10671,67600,7508,129737,23212,11150,12062
22670,140439,10671,67620,7508,129768,23218,11154,12064
22675,140470,10671,67636,7508,129798,23224,11157,12067
22680,140501,10671,67648,7508,129830,23230,11158,12072
22685,140532,10671,67655,7508,129861,23236,11159,12077
22690,140563,10671,67667,7508,129891,23242,11160,12082
22695,140594,10671,67684,7508,129923,23248,11163,12085
22700,140625,10671,67694,7508,129954,23254,11164,12090
22705,140656,10674,67709,7511,129981,23260,11166,12094
22710,140687,10678,67727,7515,130008,23266,11169,12097
22715,140718,10680,67744,7517,130037,23272,11173,12099
22720,140749,10682,67759,7518,130066,23278,11177,12101
22725,140780,10686,67771,7521,130092,23284,11179,12105
22730,140811,10690,67783,7523,130120,23290,11181,12109
22735,140842,10694,67797,7527,130146,23296,11183,12113
22740,140873,10697,67816,7528,130173,23302,11187,12115
22745,140904,10702,67832,7532,130202,23308,11189,12119
22750,140935,10705,67843,7533,130229,23314,11190,12124
22755,140966,10709,67857,7536,130256,23320,11192,12128
22760,140997,10713,67871,7540,130284,23326,11195,12131
22765,141028,10717,67889,7544,130311,23332,11200,12132
22770,141059,10720,67900,7544,130339,23338,11203,12135
22775,141090,10724,67914,7548,130366,23344,11205,12139
22780,141121,10727,67931,7549,130394,23350,11207,12143
22785,141152,10730,67941,7549,130422,23356,11209,12147
22790,141183,10734,67956,7552,130449,23362,11211,12151
22795,141214,10738,67965,7553,130476,23368,11214,12154
22800,141245,10740,67984,7555,130504,23374,11218,12156
22805,141276,10743,68002,7557,130533,23380,11221,12159
22810,141307,10745,68014,7559,130562,23386,11224,12162
22815,141338,10747,68025,7560,130590,23392,11225,12167
22820,141369,10750,68038,7562,130619,23398,11230,12168
22825,141400,10754,68056,7566,130645,23404,11231,12173
22830,141431,10757,68072,7568,130674,23410,11235,12175
22835,141462,10758,68088,7568,130704,23416,11238,12178
22840,141493,10760,68106,7569,130732,23422,11242,12180
22845,141524,10762,68118,7571,130761,23428,11245,12183
22850,141555,10764,68129,7572,130790,23434,11247,12187
22855,141586,10766,68138,7573,130820,23440,11249,12191
22860,141617,10769,68155,7576,130847,23446,11253,12193
22865,141648,10772,68169,7578,130874,23452,11255,12197
22870,141679,10772,68184,7578,130905,23458,11258,12200
22875,141710,10772,68196,7578,130938,23464,11260,12204
22880,141741,10772,68219,7578,130969,23470,11264,12206
22885,141772,10772,68232,7578,130999,23476,11267,12209
22890,141803,10772,68245,7578,131031,23482,11269,12213
22895,141834,10772,68261,7578,131062,23488,11272,12216
22900,141865,10774,68271,7579,131090,23494,11274,12220
22905,141896,10777,68286,7581,131119,23500,11277,12223
22910,141927,10781,68300,7584,131145,23506,11280,12226
22915,141958,10782,68314,7584,131176,23512,11286,12226
22920,141989,10785,68329,7587,131202,23518,11286,12232
22925,142020,10788,68347,7590,131232,23523,11288,12235
22930,142051,10791,68365,7593,131260,23528,11290,12238
22935,142082,10794,68379,7595,131287,23533,11292,12241
22940,142113,10796,68397,7597,131317,23538,11296,12242
22945,142144,10797,68416,7597,131346,23543,11300,12243
22950,142175,10799,68429,7598,131375,23548,11303,12245
22955,142206,10801,68441,7599,131405,23553,11305,12248
22960,142237,10802,68455,7600,131434,23558,11308,12250
22965,142268,10804,68466,7602,131463,23563,11310,12253
22970,142299,10807,68476,7604,131492,23568,11311,12257
22975,142330,10809,68490,7605,131521,23573,11315,12258
22980,142361,10811,68505,7605,131550,23578,11317,12261
22985,142392,10814,68516,7607,131578,23583,11319,12264
22990,142423,10816,68531,7608,131607,23588,11320,12268
22995,142454,10818,68542,7609,131636,23593,11323,12270
23000,142485,10820,68556,7610,131665,23598,11326,12272
23005,142516,10823,68570,7611,131693,23603,11328,12275
23010,142547,10827,68587,7614,131720,23608,11330,12278
23015,142578,10830,68601,7617,131748,23613,11331,12282
23020,142609,10833,68615,7619,131776,23618,11333,12285
23025,142640,10839,68633,7625,131799,23624,11336,12288
23030,142671,10844,68649,7629,131825,23630,11339,12291
23035,142702,10847,68667,7631,131853,23636,11342,12294
23040,142733,10851,68688,7635,131882,23642,11346,12296
23045,142764,10852,68702,7635,131911,23646,11347,12299
23050,142795,10855,68712,7637,131940,23650,11349,12301
23055,142826,10856,68729,7638,131969,23654,11350,12304
23060,142857,10857,68743,7638,131999,23658,11352,12306
23065,142888,10858,68755,7638,132029,23662,11353,12309
23070,142919,10859,68770,7638,132058,23666,11355,12311
23075,142950,10861,68782,7639,132089,23670,11357,12313
23080,142981,10863,68799,7640,132116,23674,11359,12315
23085,143012,10864,68815,7641,132148,23678,11362,12316
23090,143043,10866,68831,7642,132176,23682,11365,12317
23095,143074,10869,68841,7644,132205,23686,11367,12319
23100,143105,10871,68856,7646,132233,23690,11369,12321
23105,143136,10874,68870,7648,132262,23692,11370,12322
23110,143167,10877,68887,7651,132290,23694,11370,12324
23115,143198,10879,68905,7652,132319,23696,11371,12325
23120,143229,10879,68920,7652,132350,23698,11372,12326
23125,143260,10879,68932,7652,132381,23700,11373,12327
23130,143291,10879,68943,7652,132412,23702,11373,12329
23135,143322,10879,68957,7652,132443,23704,11374,12330
23140,143353,10880,68972,7652,132472,23706,11375,12331
23145,143384,10882,68984,7653,132502,23710,11378,12332
23150,143415,10884,68996,7655,132531,23714,11381,12333
23155,143446,10887,69012,7656,132558,23718,11383,12335
23160,143477,10890,69026,7657,132585,23722,11385,12337
23165,143508,10895,69041,7662,132612,23725,11387,12338
23170,143539,10899,69054,7665,132640,23728,11388,12340
23175,143570,10901,69070,7666,132668,23731,11390,12341
23180,143601,10904,69077,7667,132696,23734,11391,12343
23185,143632,10908,69093,7669,132723,23737,11393,12344
23190,143663,10912,69108,7672,132751,23740,11393,12347
23195,143694,10914,69117,7673,132780,23743,11394,12349
23200,143725,10916,69129,7674,132808,23746,11395,12351
23205,143756,10919,69139,7677,132837,23750,11397,12353
23210,143787,10920,69153,7678,132866,23755,11400,12355
23215,143818,10923,69170,7681,132892,23760,11402,12358
23220,143849,10929,69184,7687,132920,23765,11405,12360
23225,143880,10931,69198,7688,132949,23770,11407,12363
23230,143911,10935,69210,7690,132976,23775,11409,12366
23235,143942,10937,69226,7691,133004,23780,11410,12370
23240,143973,10939,69243,7692,133033,23785,11413,12372
23245,144004,10941,69258,7694,133063,23790,11416,12374
23250,144035,10942,69272,7694,133091,23795,11419,12376
23255,144066,10943,69288,7695,133122,23800,11421,12379
23260,144097,10944,69302,7695,133152,23805,11424,12381
23265,144128,10945,69311,7696,133183,23810,11426,12384
23270,144159,10946,69328,7696,133210,23816,11429,12387
23275,144190,10947,69342,7696,133242,23822,11434,12388
23280,144221,10949,69355,7697,133272,23828,11437,12391
23285,144252,10950,69367,7697,133302,23834,11438,12396
23290,144283,10952,69382,7698,133331,23840,11441,12399
23295,144314,10954,69402,7700,133360,23846,11445,12401
23300,144345,10957,69413,7703,133388,23852,11447,12405
23305,144376,10960,69425,7705,133416,23858,11451,12407
23310,144407,10964,69439,7708,133443,23864,11451,12413
23315,144438,10967,69451,7709,133470,23870,11454,12416
23320,144469,10972,69461,7713,133496,23876,11454,12422
23325,144500,10975,69472,7715,133524,23882,11455,12427
23330,144531,10979,69487,7719,133551,23888,11458,12430
23335,144562,10982,69501,7721,133578,23894,11460,12434
23340,144593,10988,69517,7726,133605,23900,11462,12438
23345,144624,10990,69534,7727,133634,23906,11466,12440
23350,144655,10992,69552,7729,133663,23912,11472,12440
23355,144686,10994,69571,7730,133692,23918,11477,12441
23360,144717,10995,69583,7731,133722,23924,11479,12445
23365,144748,10996,69598,7732,133752,23930,11480,12450
23370,144779,10997,69611,7732,133782,23936,11482,12454
23375,144810,10999,69623,7734,133811,23942,11484,12458
23380,144841,11001,69641,7736,133840,23948,11486,12462
23385,144872,11004,69656,7738,133867,23954,11489,12465
23390,144903,11006,69671,7740,133895,23960,11492,12468
23395,144934,11011,69687,7745,133921,23966,11494,12472
23400,144965,11011,69701,7745,133953,23972,11494,12478
23405,144996,11011,69716,7745,133984,23978,11499,12479
23410,145027,11011,69729,7745,134016,23984,11501,12483
23415,145058,11011,69749,7745,134046,23990,11504,12486
23420,145089,11011,69767,7745,134078,23996,11508,12488
23425,145120,11011,69780,7745,134109,24002,11512,12490
23430,145151,11014,69791,7748,134137,24008,11514,12494
23435,145182,11017,69804,7751,134165,24014,11515,12499
23440,145213,11019,69820,7753,134194,24020,11517,12503
23445,145244,11020,69835,7753,134223,24026,11520,12506
23450,145275,11021,69850,7753,134252,24032,11522,12510
23455,145306,11024,69859,7755,134281,24038,11524,12514
23460,145337,11027,69882,7758,134310,24044,11528,12516
23465,145368,11030,69895,7761,134338,24049,11529,12520
23470,145399,11033,69909,7764,134366,24054,11533,12521
23475,145430,11036,69926,7766,134394,24059,11534,12525
23480,145461,11039,69940,7768,134420,24064,11537,12527
23485,145492,11044,69950,7771,134448,24069,11540,12529
23490,145523,11046,69964,7771,134477,24074,11544,12530
23495,145554,11050,69985,7775,134503,24079,11547,12532
23500,145585,11053,70002,7778,134531,24084,11548,12536
23505,145616,11056,70020,7780,134558,24089,11551,12538
23510,145647,11063,70040,7787,134584,24094,11554,12540
23515,145678,11066,70057,7789,134612,24099,11557,12542
23520,145709,11068,70071,7791,134641,24104,11558,12546
23525,145740,11069,70082,7791,134671,24109,11559,12550
23530,145771,11072,70098,7793,134699,24114,11562,12552
23535,145802,11074,70117,7795,134727,24119,11565,12554
23540,145833,11078,70132,7799,134753,24124,11568,12556
23545,145864,11083,70149,7804,134779,24129,11569,12560
23550,145895,11085,70161,7806,134809,24134,11572,12562
23555,145926,11085,70172,7806,134840,24139,11574,12565
23560,145957,11085,70189,7806,134871,24144,11578,12566
23565,145988,11085,70205,7806,134903,24150,11580,12570
23570,146019,11085,70217,7806,134934,24156,11583,12573
23575,146050,11085,70226,7806,134964,24162,11586,12576
23580,146081,11085,70246,7806,134995,24168,11589,12579
23585,146112,11085,70259,7806,135027,24172,11591,12581
23590,146143,11085,70275,7806,135058,24176,11592,12584
23595,146174,11085,70285,7806,135089,24180,11595,12585
23600,146205,11086,70300,7807,135119,24184,11596,12588
23605,146236,11089,70314,7809,135147,24188,11597,12591
23610,146267,11090,70326,7810,135177,24192,11599,12593
23615,146298,11091,70341,7811,135206,24196,11600,12596
23620,146329,11095,70361,7815,135231,24200,11604,12596
23625,146360,11097,70373,7816,135262,24204,11606,12598
23630,146391,11102,70389,7821,135289,24208,11608,12600
23635,146422,11107,70404,7824,135314,24212,11609,12603
23640,146453,11110,70420,7825,135342,24216,11611,12605
23645,146484,11111,70431,7826,135373,24220,11612,12608
23650,146515,11112,70453,7827,135403,24224,11615,12609
23655,146546,11113,70468,7828,135433,24228,11616,12612
23660,146577,11115,70486,7828,135462,24232,11619,12613
23665,146608,11117,70502,7829,135491,24236,11623,12613
23670,146639,11120,70517,7832,135519,24240,11623,12617
23675,146670,11122,70535,7834,135547,24244,11626,12618
23680,146701,11128,70551,7840,135572,24248,11627,12621
23685,146732,11133,70568,7845,135597,24254,11631,12623
23690,146763,11140,70586,7850,135622,24260,11637,12623
23695,146794,11145,70596,7854,135647,24266,11640,12626
23700,146825,11150,70605,7858,135674,24272,11642,12630
23705,146856,11157,70620,7864,135697,24278,11644,12634
23710,146887,11158,70636,7865,135728,24284,11646,12638
23715,146918,11158,70653,7865,135759,24290,11652,12638
23720,146949,11158,70670,7865,135790,24296,11654,12642
23725,146980,11158,70688,7865,135822,24302,11658,12644
23730,147011,11158,70701,7865,135853,24308,11661,12647
23735,147042,11158,70720,7865,135884,24314,11665,12649
23740,147073,11158,70732,7865,135915,24320,11667,12653
23745,147104,11158,70749,7865,135946,24326,11670,12656
23750,147135,11159,70771,7866,135976,24332,11676,12656
23755,147166,11160,70787,7867,136006,24338,11680,12658
23760,147197,11161,70800,7867,136036,24344,11684,12660
23765,147228,11162,70813,7867,136066,24349,11688,12661
23770,147259,11164,70824,7868,136095,24354,11690,12664
23775,147290,11166,70838,7869,136124,24359,11693,12666
23780,147321,11169,70854,7872,136152,24364,11694,12670
23785,147352,11172,70870,7874,136179,24369,11696,12673
23790,147383,11175,70885,7877,136208,24374,11697,12677
23795,147414,11178,70901,7879,136235,24379,11699,12680
23800,147445,11181,70919,7881,136264,24384,11701,12683
23805,147476,11183,70930,7882,136293,24389,11705,12684
23810,147507,11184,70944,7883,136322,24394,11710,12684
23815,147538,11185,70961,7883,136352,24399,11713,12686
23820,147569,11188,70977,7885,136380,24404,11714,12690
23825,147600,11191,70991,7887,136409,24408,11716,12692
23830,147631,11194,71006,7890,136435,24412,11717,12695
23835,147662,11199,71017,7893,136462,24416,11717,12699
23840,147693,11204,71035,7897,136487,24420,11719,12701
23845,147724,11210,71053,7903,136511,24424,11720,12704
23850,147755,11217,71063,7908,136538,24428,11720,12708
23855,147786,11220,71079,7911,136563,24432,11723,12709
23860,147817,11225,71092,7915,136589,24436,11725,12711
23865,147848,11228,71110,7917,136617,24441,11728,12713
23870,147879,11229,71125,7918,136649,24446,11732,12714
23875,147910,11229,71138,7918,136680,24451,11736,12715
23880,147941,11229,71147,7918,136712,24456,11737,12719
23885,147972,11229,71161,7918,136743,24461,11740,12721
23890,148003,11229,71178,7918,136774,24466,11741,12725
23895,148034,11229,71194,7918,136805,24471,11743,12728
23900,148065,11229,71205,7918,136836,24476,11745,12731
23905,148096,11229,71221,7918,136867,24481,11746,12735
23910,148127,11229,71233,7918,136898,24486,11749,12737
23915,148158,11230,71246,7919,136928,24491,11751,12740
23920,148189,11232,71265,7920,136957,24496,11756,12740
23925,148220,11234,71282,7922,136986,24501,11759,12742
23930,148251,11236,71295,7924,137015,24507,11762,12745
23935,148282,11240,71314,7927,137042,24513,11765,12748
23940,148313,11242,71323,7928,137071,24519,11766,12753
23945,148344,11245,71343,7931,137099,24525,11769,12756
23950,148375,11246,71360,7931,137129,24531,11772,12759
23955,148406,11247,71378,7932,137159,24537,11775,12762
23960,148437,11248,71392,7933,137189,24543,11778,12765
23965,148468,11251,71403,7935,137217,24549,11779,12770
23970,148499,11253,71420,7935,137244,24555,11781,12774
23975,148530,11257,71435,7938,137270,24561,11783,12778
23980,148561,11262,71449,7941,137299,24567,11786,12781
23985,148592,11266,71469,7945,137326,24573,11790,12783
23990,148623,11270,71485,7948,137352,24579,11795,12784
23995,148654,11275,71504,7951,137379,24585,11799,12786
24000,148685,11278,71521,7953,137407,24591,11802,12789
24005,148716,11283,71534,7957,137431,24596,11805,12791
24010,148747,11289,71547,7963,137457,24601,11805,12796
24015,148778,11295,71560,7967,137482,24606,11806,12800
24020,148809,11300,71572,7971,137507,24611,11807,12804
24025,148840,11306,71589,7976,137532,24616,11808,12808
24030,148871,11308,71604,7978,137563,24621,11812,12809
24035,148902,11308,71619,7978,137594,24626,11815,12811
24040,148933,11308,71634,7978,137624,24631,11818,12813
24045,148964,11308,71653,7978,137654,24636,11823,12813
24050,148995,11308,71665,7978,137685,24641,11825,12816
24055,149026,11308,71680,7978,137717,24646,11828,12818
24060,149057,11308,71690,7978,137749,24651,11830,12821
24065,149088,11308,71706,7978,137780,24654,11833,12821
24070,149119,11308,71721,7978,137811,24657,11834,12823
24075,149150,11308,71739,7978,137842,24660,11836,12824
24080,149181,11308,71755,7978,137873,24663,11839,12824
24085,149212,11308,71770,7978,137904,24666,11839,12827
24090,149243,11308,71787,7978,137935,24669,11841,12828
24095,149274,11308,71799,7978,137966,24672,11841,12831
24100,149305,11308,71808,7978,137996,24675,11843,12832
24105,149336,11308,71818,7978,138027,24678,11844,12834
24110,149367,11311,71832,7980,138055,24682,11846,12836
24115,149398,11314,71849,7982,138084,24686,11848,12838
24120,149429,11317,71864,7984,138111,24690,11851,12839
24125,149460,11320,71877,7986,138140,24694,11852,12842
24130,149491,11324,71891,7989,138166,24698,11852,12846
24135,149522,11327,71906,7991,138193,24702,11854,12848
24140,149553,11332,71917,7993,138221,24706,11855,12851
24145,149584,11335,71933,7994,138247,24710,11857,12853
24150,149615,11339,71945,7996,138276,24714,11859,12855
24155,149646,11341,71960,7997,138304,24718,11860,12858
24160,149677,11343,71971,7999,138332,24722,11861,12861
24165,149708,11346,71980,8001,138362,24728,11863,12865
24170,149739,11349,71992,8003,138389,24734,11864,12870
24175,149770,11353,72007,8006,138416,24740,11866,12874
24180,149801,11357,72023,8009,138444,24746,11869,12877
24185,149832,11359,72040,8011,138473,24751,11872,12879
24190,149863,11362,72054,8013,138501,24756,11876,12880
24195,149894,11364,72069,8014,138530,24761,11877,12884
24200,149925,11367,72083,8017,138558,24766,11879,12887
24205,149956,11371,72101,8021,138585,24771,11880,12891
24210,149987,11373,72115,8022,138614,24776,11882,12894
24215,150018,11375,72127,8023,138643,24781,11885,12896
24220,150049,11378,72143,8026,138671,24786,11886,12900
24225,150080,11381,72156,8028,138699,24791,11889,12902
24230,150111,11386,72172,8033,138724,24796,11893,12903
24235,150142,11391,72193,8038,138749,24801,11896,12905
24240,150173,11395,72208,8042,138777,24806,11897,12909
24245,150204,11396,72226,8043,138807,24811,11901,12910
24250,150235,11396,72236,8043,138839,24816,11901,12915
24255,150266,11396,72248,8043,138870,24821,11903,12918
24260,150297,11397,72260,8043,138899,24826,11906,12920
24265,150328,11398,72280,8044,138928,24831,11908,12923
24270,150359,11399,72292,8044,138959,24836,11910,12926
24275,150390,11400,72312,8044,138990,24841,11914,12927
24280,150421,11401,72327,8045,139020,24846,11915,12931
24285,150452,11402,72345,8046,139049,24852,11920,12932
24290,150483,11404,72358,8047,139078,24858,11924,12934
24295,150514,11407,72374,8049,139105,24864,11927,12937
24300,150545,11409,72390,8051,139134,24870,11931,12939
24305,150576,11410,72403,8051,139165,24876,11933,12943
24310,150607,11412,72412,8052,139195,24882,11936,12946
24315,150638,11415,72428,8055,139221,24888,11940,12948
24320,150669,11418,72439,8057,139251,24894,11941,12953
24325,150700,11420,72449,8058,139280,24900,11942,12958
24330,150731,11422,72459,8059,139309,24906,11944,12962
24335,150762,11425,72469,8061,139337,24912,11947,12965
24340,150793,11426,72483,8062,139367,24918,11949,12969
24345,150824,11427,72499,8062,139397,24924,11952,12972
24350,150855,11430,72511,8064,139425,24930,11954,12976
24355,150886,11432,72528,8066,139452,24936,11956,12980
24360,150917,11436,72542,8069,139481,24942,11958,12984
24365,150948,11439,72559,8072,139508,24947,11959,12988
24370,150979,11444,72575,8075,139534,24952,11962,12990
24375,151010,11447,72595,8078,139561,24957,11964,12993
24380,151041,11452,72606,8082,139588,24962,11965,12997
24385,151072,11456,72621,8084,139613,24967,11967,13000
24390,151103,11461,72631,8088,139642,24972,11970,13002
24395,151134,11463,72643,8090,139671,24977,11972,13005
24400,151165,11466,72661,8092,139697,24982,11976,13006
24405,151196,11472,72680,8097,139722,24987,11979,13008
24410,151227,11475,72694,8099,139751,24992,11982,13010
24415,151258,11478,72712,8101,139779,24997,11985,13012
24420,151289,11481,72724,8103,139808,25002,11986,13016
24425,151320,11481,72742,8103,139839,25006,11988,13018
24430,151351,11481,72756,8103,139869,25010,11989,13021
24435,151382,11481,72772,8103,139898,25014,11993,13021
24440,151413,11481,72787,8103,139931,25018,11994,13024
24445,151444,11482,72802,8104,139959,25022,11996,13026
24450,151475,11484,72815,8106,139990,25026,11997,13029
24455,151506,11485,72831,8107,140019,25030,12000,13030
24460,151537,11487,72843,8108,140050,25034,12001,13033
24465,151568,11488,72855,8108,140078,25038,12001,13037
24470,151599,11489,72867,8108,140109,25043,12004,13039
24475,151630,11491,72882,8109,140139,25048,12007,13041
24480,151661,11493,72898,8111,140168,25053,12009,13044
24485,151692,11494,72913,8111,140198,25058,12011,13047
24490,151723,11495,72931,8111,140228,25063,12015,13048
24495,151754,11497,72952,8113,140257,25068,12017,13051
24500,151785,11499,72971,8114,140286,25073,12020,13053
24505,151816,11501,72983,8116,140315,25078,12023,13055
24510,151847,11502,73000,8117,140344,25083,12027,13056
24515,151878,11509,73018,8122,140367,25088,12030,13058
24520,151909,11514,73030,8125,140393,25093,12033,13060
24525,151940,11520,73049,8131,140419,25099,12037,13062
24530,151971,11524,73064,8134,140446,25105,12040,13065
24535,152002,11532,73085,8140,140470,25111,12045,13066
24540,152033,11536,73102,8143,140497,25117,12048,13069
24545,152064,11538,73120,8145,140526,25123,12051,13072
24550,152095,11539,73134,8145,140556,25129,12053,13076
24555,152126,11541,73146,8146,140585,25135,12056,13079
24560,152157,11543,73161,8147,140614,25141,12058,13083
24565,152188,11544,73171,8147,140644,25147,12059,13088
24570,152219,11547,73188,8150,140672,25153,12065,13088
24575,152250,11549,73202,8152,140699,25159,12066,13093
24580,152281,11553,73218,8156,140727,25165,12068,13097
24585,152312,11554,73227,8157,140758,25171,12069,13102
24590,152343,11554,73248,8157,140789,25177,12075,13102
24595,152374,11554,73262,8157,140819,25183,12079,13104
24600,152405,11554,73274,8157,140850,25189,12080,13109
24605,152436,11554,73289,8157,140881,25193,12082,13111
24610,152467,11554,73301,8157,140912,25197,12083,13114
24615,152498,11554,73316,8157,140943,25201,12087,13114
24620,152529,11554,73332,8157,140974,25205,12090,13115
24625,152560,11554,73350,8157,141003,25209,12091,13118
24630,152591,11554,73368,8157,141035,25213,12093,13120
24635,152622,11554,73384,8157,141067,25217,12096,13121
24640,152653,11554,73401,8157,141096,25221,12097,13124
24645,152684,11560,73416,8161,141123,25225,12098,13127
24650,152715,11564,73432,8163,141150,25229,12099,13130
24655,152746,11568,73448,8166,141177,25233,12101,13132
24660,152777,11575,73462,8172,141201,25237,12101,13136
24665,152808,11580,73473,8176,141227,25241,12102,13139
24670,152839,11585,73490,8179,141253,25245,12103,13142
24675,152870,11591,73506,8184,141279,25249,12106,13143
24680,152901,11596,73521,8187,141305,25253,12107,13146
24685,152932,11598,73537,8189,141334,25257,12110,13147
24690,152963,11599,73552,8189,141364,25261,12113,13148
24695,152994,11600,73561,8189,141394,25265,12115,13150
24700,153025,11601,73573,8189,141424,25269,12117,13152
24705,153056,11602,73588,8190,141454,25275,12119,13156
24710,153087,11604,73604,8192,141483,25281,12122,13159
24715,153118,11605,73621,8193,141513,25287,12126,13161
24720,153149,11607,73631,8195,141540,25293,12128,13165
24725,153180,11611,73650,8199,141568,25299,12133,13166
24730,153211,11614,73663,8202,141596,25305,12135,13170
24735,153242,11618,73679,8205,141623,25311,12138,13173
24740,153273,11621,73693,8208,141651,25317,12140,13177
24745,153304,11622,73705,8209,141682,25323,12142,13181
24750,153335,11622,73717,8209,141713,25329,12145,13184
24755,153366,11622,73730,8209,141742,25335,12148,13187
24760,153397,11622,73742,8209,141775,25341,12149,13192
24765,153428,11622,73758,8209,141806,25347,12153,13194
24770,153459,11622,73770,8209,141837,25353,12156,13197
24775,153490,11622,73784,8209,141868,25359,12159,13200
24780,153521,11622,73796,8209,141899,25365,12161,13204
24785,153552,11622,73812,8209,141930,25370,12162,13208
24790,153583,11623,73826,8210,141960,25375,12165,13210
24795,153614,11626,73844,8213,141988,25380,12169,13211
24800,153645,11628,73858,8215,142017,25385,12170,13215
24805,153676,11631,73872,8217,142045,25390,12173,13217
24810,153707,11633,73883,8218,142074,25395,12175,13220
24815,153738,11636,73902,8220,142102,25400,12180,13220
24820,153769,11640,73919,8223,142129,25405,12182,13223
24825,153800,11644,73928,8226,142155,25410,12183,13227
24830,153831,11649,73945,8231,142180,25415,12187,13228
24835,153862,11653,73958,8233,142207,25420,12189,13231
24840,153893,11658,73972,8236,142235,25425,12192,13233
24845,153924,11661,73989,8238,142263,25430,12194,13236
24850,153955,11662,73997,8239,142293,25435,12194,13241
24855,153986,11665,74010,8240,142321,25440,12196,13244
24860,154017,11668,74024,8243,142349,25445,12197,13248
24865,154048,11670,74039,8244,142378,25450,12201,13249
24870,154079,11674,74056,8247,142404,25455,12203,13252
24875,154110,11677,74066,8249,142433,25460,12207,13253
24880,154141,11680,74079,8251,142460,25465,12208,13257
24885,154172,11687,74097,8258,142485,25471,12211,13260
24890,154203,11691,74107,8261,142510,25477,12213,13264
24895,154234,11696,74120,8265,142538,25483,12216,13267
24900,154265,11699,74136,8268,142564,25489,12220,13269
24905,154296,11704,74153,8273,142591,25494,12223,13271
24910,154327,11706,74171,8275,142621,25499,12225,13274
24915,154358,11706,74188,8275,142652,25504,12228,13276
24920,154389,11706,74202,8275,142683,25509,12229,13280
24925,154420,11706,74213,8275,142714,25514,12232,13282
24930,154451,11706,74229,8275,142744,25519,12234,13285
24935,154482,11706,74241,8275,142776,25524,12236,13288
24940,154513,11706,74260,8275,142807,25529,12240,13289
24945,154544,11706,74270,8275,142838,25534,12243,13291
24950,154575,11706,74282,8275,142869,25539,12245,13294
24955,154606,11706,74299,8275,142899,25544,12247,13297
24960,154637,11708,74315,8277,142928,25549,12250,13299
24965,154668,11710,74330,8278,142958,25553,12252,13301
24970,154699,11711,74348,8279,142988,25557,12255,13302
24975,154730,11712,74364,8280,143017,25561,12258,13303
24980,154761,11714,74372,8281,143046,25565,12258,13307
24985,154792,11716,74385,8283,143074,25569,12260,13309
24990,154823,11717,74398,8284,143105,25573,12262,13311
24995,154854,11719,74414,8285,143132,25577,12265,13312
25000,154885,11722,74429,8287,143163,25581,12267,13314
25005,154916,11724,74444,8288,143191,25585,12269,13316
25010,154947,11726,74455,8290,143220,25590,12270,13320
25015,154978,11728,74473,8292,143249,25595,12274,13321
25020,155009,11735,74482,8297,143274,25600,12276,13324
25025,155040,11737,74495,8298,143303,25605,12278,13327
25030,155071,11740,74510,8300,143331,25610,12281,13329
25035,155102,11743,74522,8302,143359,25615,12281,13334
25040,155133,11747,74538,8305,143385,25620,12284,13336
25045,155164,11750,74553,8306,143413,25625,12289,13336
25050,155195,11753,74566,8308,143442,25630,12292,13338
25055,155226,11757,74585,8310,143468,25635,12296,13339
25060,155257,11762,74597,8314,143493,25640,12297,13343
25065,155288,11767,74610,8318,143521,25645,12299,13346
25070,155319,11770,74628,8320,143549,25651,12303,13348
25075,155350,11773,74640,8323,143577,25657,12307,13350
25080,155381,11777,74659,8327,143603,25663,12311,13352
25085,155412,11779,74673,8328,143632,25667,12314,13353
25090,155443,11779,74691,8328,143663,25671,12316,13355
25095,155474,11779,74713,8328,143695,25675,12319,13356
25100,155505,11779,74724,8328,143726,25679,12320,13359
25105,155536,11779,74737,8328,143756,25683,12323,13360
25110,155567,11779,74755,8328,143788,25687,12326,13361
25115,155598,11779,74773,8328,143818,25691,12327,13364
25120,155629,11779,74787,8328,143849,25695,12329,13366
25125,155660,11779,74801,8328,143880,25699,12331,13368
25130,155691,11781,74814,8330,143910,25703,12333,13370
25135,155722,11782,74828,8330,143940,25707,12336,13371
25140,155753,11783,74840,8330,143970,25711,12339,13372
25145,155784,11784,74854,8331,144000,25714,12339,13375
25150,155815,11785,74869,8332,144029,25717,12342,13375
25155,155846,11787,74885,8333,144058,25720,12343,13377
25160,155877,11789,74905,8335,144085,25723,12344,13379
25165,155908,11791,74918,8337,144116,25726,12345,13381
25170,155939,11792,74934,8337,144146,25729,12348,13381
25175,155970,11795,74953,8338,144172,25732,12351,13381
25180,156001,11798,74969,8341,144202,25735,12353,13382
25185,156032,11800,74988,8342,144231,25740,12355,13385
25190,156063,11804,75003,8344,144258,25745,12356,13389
25195,156094,11807,75021,8346,144286,25750,12359,13391
25200,156125,11812,75037,8348,144312,25755,12362,13393
25205,156156,11817,75049,8353,144339,25760,12364,13396
25210,156187,11820,75063,8353,144367,25765,12367,13398
25215,156218,11824,75080,8355,144394,25770,12369,13401
25220,156249,11827,75093,8356,144421,25775,12372,13403
25225,156280,11832,75106,8359,144446,25780,12373,13407
25230,156311,11840,75121,8366,144471,25785,12375,13410
25235,156342,11844,75138,8368,144496,25790,12378,13412
25240,156373,11849,75150,8372,144523,25795,12380,13415
25245,156404,11854,75165,8376,144547,25801,12382,13419
25250,156435,11858,75178,8380,144576,25807,12386,13421
25255,156466,11859,75192,8380,144607,25813,12389,13424
25260,156497,11860,75207,8380,144635,25819,12392,13427
25265,156528,11861,75218,8380,144667,25825,12394,13431
25270,156559,11862,75235,8380,144697,25831,12397,13434
25275,156590,11863,75251,8380,144727,25837,12402,13435
25280,156621,11864,75269,8380,144757,25843,12404,13439
25285,156652,11865,75279,8380,144787,25849,12406,13443
25290,156683,11866,75298,8380,144817,25855,12410,13445
25295,156714,11867,75315,8380,144847,25861,12414,13447
25300,156745,11868,75333,8381,144875,25867,12417,13450
25305,156776,11870,75352,8382,144904,25873,12422,13451
25310,156807,11872,75368,8383,144935,25879,12425,13454
25315,156838,11874,75390,8385,144963,25885,12429,13456
25320,156869,11876,75410,8387,144993,25891,12432,13459
25325,156900,11878,75428,8388,145022,25897,12435,13462
25330,156931,11878,75437,8388,145053,25903,12437,13466
25335,156962,11880,75448,8390,145082,25909,12440,13469
25340,156993,11881,75462,8391,145111,25915,12443,13472
25345,157024,11883,75476,8392,145140,25921,12444,13477
25350,157055,11886,75494,8394,145169,25927,12447,13480
25355,157086,11887,75509,8394,145198,25933,12452,13481
25360,157117,11890,75526,8395,145226,25939,12454,13485
25365,157148,11894,75538,8397,145253,25945,12459,13486
25370,157179,11900,75554,8401,145279,25951,12463,13488
25375,157210,11902,75568,8401,145307,25957,12468,13489
25380,157241,11908,75589,8407,145330,25963,12473,13490
25385,157272,11914,75606,8413,145354,25968,12475,13493
25390,157303,11922,75621,8421,145380,25973,12477,13496
25395,157334,11923,75632,8422,145411,25978,12478,13500
25400,157365,11923,75643,8422,145441,25983,12479,13504
25405,157396,11923,75658,8422,145473,25988,12481,13507
25410,157427,11923,75676,8422,145504,25993,12484,13509
25415,157458,11923,75695,8422,145535,25998,12487,13511
25420,157489,11923,75712,8422,145566,26003,12488,13515
25425,157520,11923,75729,8422,145597,26008,12489,13519
25430,157551,11923,75745,8422,145628,26013,12492,13521
25435,157582,11927,75759,8425,145655,26018,12495,13523
25440,157613,11930,75770,8427,145683,26023,12495,13528
25445,157644,11933,75782,8430,145711,26027,12495,13532
25450,157675,11937,75796,8434,145738,26031,12497,13534
25455,157706,11940,75810,8436,145766,26035,12499,13536
25460,157737,11941,75825,8436,145795,26039,12502,13537
25465,157768,11943,75845,8438,145823,26043,12506,13537
25470,157799,11943,75861,8438,145853,26047,12510,13537
25475,157830,11943,75874,8438,145886,26051,12513,13538
25480,157861,11943,75884,8438,145918,26055,12515,13540
25485,157892,11943,75898,8438,145948,26060,12517,13543
25490,157923,11943,75910,8438,145979,26065,12520,13545
25495,157954,11943,75929,8438,146007,26070,12523,13547
25500,157985,11946,75938,8439,146038,26075,12527,13548
25505,158016,11948,75954,8440,146068,26080,12531,13549
25510,158047,11950,75965,8440,146096,26085,12532,13553
25515,158078,11954,75979,8443,146122,26090,12535,13555
25520,158109,11959,75995,8446,146150,26095,12538,13557
25525,158140,11963,76016,8450,146174,26100,12541,13559
25530,158171,11969,76030,8455,146201,26105,12542,13563
25535,158202,11973,76043,8458,146228,26110,12544,13566
25540,158233,11978,76054,8463,146255,26115,12546,13569
25545,158264,11980,76070,8465,146282,26120,12548,13572
25550,158295,11984,76082,8468,146309,26126,12552,13574
25555,158326,11988,76094,8472,146336,26132,12556,13576
25560,158357,11991,76106,8474,146364,26138,12559,13579
25565,158388,11993,76121,8476,146395,26144,12562,13582
25570,158419,11993,76137,8476,146426,26150,12564,13586
25575,158450,11995,76155,8478,146455,26156,12566,13590
25580,158481,11997,76170,8479,146484,26162,12569,13593
25585,158512,11998,76183,8479,146514,26168,12572,13596
25590,158543,12000,76199,8481,146543,26174,12574,13600
25595,158574,12002,76214,8482,146572,26180,12576,13604
25600,158605,12004,76226,8483,146601,26186,12578,13608
25605,158636,12005,76238,8483,146631,26192,12583,13609
25610,158667,12006,76251,8484,146659,26198,12586,13612
25615,158698,12007,76266,8484,146688,26204,12588,13616
25620,158729,12008,76281,8484,146718,26210,12592,13618
25625,158760,12010,76293,8485,146750,26215,12594,13621
25630,158791,12013,76308,8488,146777,26220,12596,13624
25635,158822,12014,76321,8489,146806,26225,12598,13627
25640,158853,12017,76337,8491,146835,26230,12601,13629
25645,158884,12020,76353,8494,146864,26235,12603,13632
25650,158915,12020,76368,8494,146895,26240,12603,13637
25655,158946,12020,76381,8494,146926,26245,12608,13637
25660,158977,12020,76398,8494,146957,26250,12611,13639
25665,159008,12021,76411,8494,146987,26255,12614,13641
25670,159039,12023,76430,8494,147015,26260,12617,13643
25675,159070,12026,76453,8496,147043,26265,12622,13643
25680,159101,12029,76465,8497,147071,26270,12622,13648
25685,159132,12032,76478,8498,147100,26273,12623,13650
25690,159163,12034,76497,8500,147128,26276,12625,13651
25695,159194,12037,76513,8501,147156,26279,12628,13651
25700,159225,12041,76525,8504,147184,26282,12630,13652
25705,159256,12044,76544,8506,147211,26285,12631,13654
25710,159287,12047,76561,8508,147240,26288,12634,13654
25715,159318,12049,76579,8509,147268,26291,12636,13655
25720,159349,12052,76594,8510,147297,26294,12638,13656
25725,159380,12054,76607,8511,147326,26298,12640,13658
25730,159411,12057,76622,8514,147354,26302,12643,13659
25735,159442,12061,76639,8518,147380,26306,12643,13663
25740,159473,12068,76653,8524,147402,26310,12645,13665
25745,159504,12072,76669,8527,147431,26314,12647,13667
25750,159535,12076,76685,8531,147457,26318,12649,13669
25755,159566,12080,76696,8534,147485,26322,12650,13672
25760,159597,12083,76713,8536,147513,26326,12652,13674
25765,159628,12085,76727,8538,147543,26330,12654,13676
25770,159659,12087,76740,8540,147570,26334,12655,13679
25775,159690,12089,76754,8541,147599,26338,12657,13681
25780,159721,12090,76768,8542,147631,26342,12659,13683
25785,159752,12091,76781,8543,147659,26348,12660,13688
25790,159783,12092,76794,8543,147690,26354,12663,13691
25795,159814,12094,76810,8545,147718,26360,12668,13692
25800,159845,12096,76828,8546,147749,26366,12672,13694
25805,159876,12097,76838,8546,147779,26372,12673,13699
25810,159907,12098,76851,8546,147809,26378,12676,13702
25815,159938,12099,76865,8546,147839,26384,12680,13704
25820,159969,12100,76881,8546,147869,26390,12685,13705
25825,160000,12101,76893,8546,147899,26396,12687,13709
25830,160031,12102,76911,8547,147929,26402,12693,13709
25835,160062,12103,76925,8548,147958,26408,12696,13712
25840,160093,12105,76942,8550,147987,26414,12699,13715
25845,160124,12106,76959,8550,148017,26420,12703,13717
25850,160155,12109,76975,8553,148044,26426,12706,13720
25855,160186,12114,76990,8556,148072,26432,12710,13722
25860,160217,12120,77005,8561,148097,26438,12711,13727
25865,160248,12123,77016,8562,148125,26444,12713,13731
25870,160279,12125,77031,8563,148154,26450,12716,13734
25875,160310,12127,77048,8564,148182,26456,12719,13737
25880,160341,12130,77058,8566,148211,26462,12721,13741
25885,160372,12132,77074,8566,148240,26468,12722,13746
25890,160403,12134,77088,8567,148268,26474,12723,13751
25895,160434,12139,77100,8571,148295,26480,12724,13756
25900,160465,12142,77115,8572,148321,26486,12726,13760
25905,160496,12148,77134,8577,148347,26492,12729,13763
25910,160527,12150,77153,8579,148377,26498,12734,13764
25915,160558,12151,77170,8580,148407,26504,12738,13766
25920,160589,12152,77179,8581,148437,26510,12739,13771
25925,160620,12153,77193,8581,148467,26514,12740,13774
25930,160651,12154,77213,8582,148496,26518,12742,13776
25935,160682,12155,77226,8583,148526,26522,12744,13778
25940,160713,12156,77244,8584,148557,26526,12747,13779
25945,160744,12157,77259,8584,148587,26530,12749,13781
25950,160775,12158,77273,8585,148617,26534,12750,13784
25955,160806,12160,77289,8586,148646,26538,12752,13786
25960,160837,12162,77305,8587,148675,26542,12752,13790
25965,160868,12165,77318,8589,148703,26546,12754,13792
25970,160899,12168,77333,8592,148729,26550,12757,13793
25975,160930,12170,77345,8594,148758,26554,12758,13796
25980,160961,12173,77360,8597,148787,26558,12762,13796
25985,160992,12177,77374,8600,148814,26562,12764,13798
25990,161023,12179,77388,8602,148843,26566,12765,13801
25995,161054,12181,77405,8604,148873,26570,12767,13803
26000,161085,12184,77420,8606,148901,26574,12769,13805
26005,161116,12185,77430,8606,148931,26578,12770,13808
26010,161147,12187,77443,8607,148960,26582,12770,13812
26015,161178,12189,77456,8608,148988,26586,12772,13814
26020,161209,12194,77476,8613,149013,26590,12774,13816
26025,161240,12198,77489,8616,149041,26595,12776,13819
26030,161271,12202,77506,8620,149068,26601,12779,13822
26035,161302,12205,77521,8623,149097,26607,12783,13824
26040,161333,12209,77539,8626,149124,26613,12786,13827
26045,161364,12214,77559,8629,149147,26618,12790,13828
26050,161395,12219,77568,8633,149175,26623,12791,13832
26055,161426,12223,77582,8636,149200,26628,12793,13835
26060,161457,12228,77598,8641,149229,26633,12796,13837
26065,161488,12230,77612,8643,149258,26638,12798,13840
26070,161519,12230,77628,8643,149289,26643,12799,13844
26075,161550,12230,77641,8643,149320,26648,12801,13847
26080,161581,12230,77654,8643,149351,26653,12804,13849
26085,161612,12230,77665,8643,149382,26658,12806,13852
26090,161643,12230,77677,8643,149413,26663,12807,13856
26095,161674,12230,77692,8643,149444,26668,12810,13858
26100,161705,12231,77705,8643,149473,26673,12813,13860
26105,161736,12232,77722,8644,149504,26678,12815,13863
26110,161767,12233,77735,8644,149534,26683,12819,13864
26115,161798,12234,77752,8645,149564,26688,12821,13867
26120,161829,12235,77764,8645,149594,26693,12822,13871
26125,161860,12236,77779,8646,149624,26698,12824,13874
26130,161891,12237,77793,8647,149653,26703,12826,13877
26135,161922,12238,77808,8647,149682,26708,12827,13881
26140,161953,12239,77823,8648,149713,26713,12831,13882
26145,161984,12240,77840,8648,149744,26718,12834,13884
26150,162015,12242,77858,8650,149773,26724,12835,13889
26155,162046,12243,77871,8650,149803,26730,12839,13891
26160,162077,12244,77890,8651,149833,26736,12841,13895
26165,162108,12245,77910,8651,149862,26742,12844,13898
26170,162139,12250,77929,8655,149886,26748,12846,13902
26175,162170,12258,77945,8662,149912,26754,12850,13904
26180,162201,12261,77958,8665,149939,26760,12854,13906
26185,162232,12267,77976,8671,149961,26766,12857,13909
26190,162263,12273,77994,8677,149989,26772,12859,13913
26195,162294,12276,78010,8678,150017,26778,12863,13915
26200,162325,12281,78028,8681,150042,26784,12867,13917
26205,162356,12286,78039,8685,150068,26790,12868,13922
26210,162387,12291,78053,8689,150094,26796,12870,13926
26215,162418,12294,78067,8692,150124,26802,12872,13930
26220,162449,12296,78079,8693,150153,26808,12873,13935
26225,162480,12298,78097,8695,150182,26812,12875,13937
26230,162511,12299,78114,8695,150212,26816,12878,13938
26235,162542,12300,78126,8695,150242,26820,12881,13939
26240,162573,12301,78140,8695,150272,26824,12883,13941
26245,162604,12303,78155,8697,150301,26828,12885,13943
26250,162635,12305,78177,8699,150330,26832,12888,13944
26255,162666,12308,78197,8702,150357,26836,12891,13945
26260,162697,12310,78209,8704,150387,26840,12892,13948
26265,162728,12312,78223,8706,150416,26844,12895,13949
26270,162759,12315,78244,8708,150443,26848,12898,13950
26275,162790,12315,78258,8708,150474,26852,12899,13953
26280,162821,12315,78275,8708,150505,26856,12901,13955
26285,162852,12315,78289,8708,150536,26859,12904,13955
26290,162883,12316,78300,8708,150567,26862,12905,13957
26295,162914,12317,78320,8709,150597,26865,12906,13959
26300,162945,12318,78333,8709,150627,26868,12908,13960
26305,162976,12319,78345,8709,150656,26871,12908,13963
26310,163007,12320,78361,8709,150686,26874,12910,13964
26315,163038,12321,78378,8710,150716,26877,12910,13967
26320,163069,12322,78393,8711,150745,26880,12913,13967
26325,163100,12325,78406,8713,150774,26885,12915,13970
26330,163131,12328,78427,8715,150801,26890,12918,13972
26335,163162,12332,78442,8718,150828,26895,12919,13976
26340,163193,12335,78453,8720,150858,26900,12920,13980
26345,163224,12337,78469,8721,150887,26905,12925,13980
26350,163255,12339,78483,8723,150916,26910,12925,13985
26355,163286,12342,78501,8725,150943,26915,12928,13987
26360,163317,12346,78514,8727,150970,26920,12931,13989
26365,163348,12349,78531,8730,150999,26925,12934,13991
26370,163379,12351,78540,8730,151028,26930,12937,13993
26375,163410,12355,78557,8733,151054,26935,12940,13995
26380,163441,12359,78571,8737,151081,26940,12941,13999
26385,163472,12364,78590,8742,151107,26946,12945,14001
26390,163503,12370,78602,8746,151133,26952,12946,14006
26395,163534,12379,78618,8754,151154,26958,12949,14009
26400,163565,12384,78632,8758,151179,26964,12953,14011
26405,163596,12387,78649,8760,151209,26970,12956,14014
26410,163627,12389,78671,8762,151238,26976,12960,14016
26415,163658,12391,78690,8764,151266,26982,12964,14018
26420,163689,12393,78707,8765,151296,26988,12968,14020
26425,163720,12394,78722,8765,151326,26994,12973,14021
26430,163751,12395,78743,8766,151355,27000,12976,14024
26435,163782,12396,78760,8766,151385,27006,12978,14028
26440,163813,12397,78779,8767,151416,27012,12982,14030
26445,163844,12398,78791,8767,151446,27018,12984,14034
26450,163875,12399,78807,8767,151476,27024,12989,14035
26455,163906,12400,78823,8768,151506,27030,12992,14038
26460,163937,12401,78829,8768,151536,27036,12992,14044
26465,163968,12402,78845,8768,151565,27041,12995,14046
26470,163999,12403,78858,8768,151596,27046,12997,14049
26475,164030,12404,78873,8769,151625,27051,12999,14052
26480,164061,12405,78888,8769,151656,27056,13000,14056
26485,164092,12406,78899,8770,151686,27061,13001,14060
26490,164123,12407,78914,8770,151716,27066,13001,14065
26495,164154,12408,78932,8770,151746,27071,13004,14067
26500,164185,12409,78948,8770,151776,27076,13006,14070
26505,164216,12411,78964,8770,151805,27081,13008,14073
26510,164247,12414,78981,8771,151831,27086,13013,14073
26515,164278,12418,78995,8774,151859,27091,13015,14076
26520,164309,12423,79012,8778,151884,27096,13017,14079
26525,164340,12429,79024,8781,151911,27101,13019,14082
26530,164371,12434,79039,8784,151936,27106,13021,14085
26535,164402,12439,79052,8787,151963,27111,13023,14088
26540,164433,12444,79069,8790,151989,27116,13026,14090
26545,164464,12448,79086,8791,152015,27121,13029,14092
26550,164495,12452,79100,8793,152043,27126,13032,14094
26555,164526,12455,79118,8795,152071,27131,13035,14096
26560,164557,12457,79138,8796,152099,27136,13039,14097
26565,164588,12461,79153,8799,152126,27142,13043,14099
26570,164619,12464,79168,8801,152155,27148,13047,14101
26575,164650,12467,79181,8803,152183,27154,13050,14104
26580,164681,12469,79191,8804,152212,27160,13053,14107
26585,164712,12472,79207,8807,152239,27165,13054,14111
26590,164743,12475,79225,8809,152268,27170,13057,14113
26595,164774,12478,79239,8810,152296,27175,13059,14116
26600,164805,12480,79250,8811,152325,27180,13061,14119
26605,164836,12481,79261,8812,152355,27185,13062,14123
26610,164867,12482,79275,8813,152385,27190,13066,14124
26615,164898,12483,79290,8814,152414,27195,13068,14127
26620,164929,12485,79305,8815,152444,27200,13070,14130
26625,164960,12486,79318,8815,152472,27205,13073,14132
26630,164991,12488,79337,8816,152499,27210,13076,14134
26635,165022,12490,79348,8818,152529,27215,13078,14137
26640,165053,12490,79360,8818,152563,27220,13080,14140
26645,165084,12490,79375,8818,152593,27225,13083,14142
26650,165115,12491,79391,8819,152623,27230,13084,14146
26655,165146,12495,79411,8822,152651,27235,13088,14147
26660,165177,12498,79424,8824,152679,27240,13092,14148
26665,165208,12499,79437,8824,152709,27245,13094,14151
26670,165239,12501,79452,8826,152738,27250,13097,14153
26675,165270,12502,79470,8826,152768,27255,13100,14155
26680,165301,12503,79483,8827,152798,27260,13102,14158
26685,165332,12504,79500,8828,152826,27265,13105,14160
26690,165363,12505,79515,8829,152857,27271,13107,14164
26695,165394,12507,79533,8831,152887,27277,13111,14166
26700,165425,12508,79543,8831,152917,27283,13113,14170
26705,165456,12510,79553,8833,152944,27289,13113,14176
26710,165487,12515,79568,8837,152971,27295,13117,14178
26715,165518,12520,79581,8841,152998,27301,13119,14182
26720,165549,12522,79591,8841,153027,27307,13122,14185
26725,165580,12524,79605,8841,153054,27313,13124,14189
26730,165611,12529,79620,8845,153081,27319,13126,14193
26735,165642,12532,79632,8846,153109,27325,13128,14197
26740,165673,12536,79642,8847,153137,27331,13131,14200
26745,165704,12540,79658,8850,153162,27337,13134,14203
26750,165735,12546,79677,8855,153185,27343,13135,14208
26755,165766,12551,79694,8859,153215,27349,13137,14212
26760,165797,12555,79706,8861,153242,27355,13140,14215
26765,165828,12558,79719,8863,153270,27359,13142,14217
26770,165859,12559,79736,8863,153300,27363,13146,14217
26775,165890,12560,79753,8864,153330,27367,13148,14219
26780,165921,12561,79771,8864,153360,27371,13150,14221
26785,165952,12563,79787,8865,153389,27375,13153,14222
26790,165983,12564,79805,8865,153419,27379,13156,14223
26795,166014,12566,79820,8866,153448,27383,13159,14224
26800,166045,12567,79840,8867,153478,27387,13162,14225
26805,166076,12568,79855,8868,153508,27391,13165,14226
26810,166107,12569,79866,8869,153537,27395,13166,14229
26815,166138,12570,79878,8869,153567,27399,13168,14231
26820,166169,12572,79895,8871,153596,27403,13172,14231
26825,166200,12573,79911,8872,153627,27406,13173,14233
26830,166231,12574,79928,8872,153657,27409,13175,14234
26835,166262,12575,79943,8873,153687,27412,13177,14235
26840,166293,12577,79963,8874,153716,27415,13180,14235
26845,166324,12578,79981,8875,153746,27418,13182,14236
26850,166355,12579,79995,8875,153776,27421,13183,14238
26855,166386,12581,80010,8876,153805,27424,13184,14240
26860,166417,12582,80023,8876,153834,27427,13185,14242
26865,166448,12584,80038,8877,153861,27432,13188,14244
26870,166479,12588,80056,8879,153887,27437,13192,14245
26875,166510,12592,80069,8882,153916,27442,13193,14249
26880,166541,12598,80087,8887,153940,27447,13196,14251
26885,166572,12602,80101,8890,153970,27451,13197,14254
26890,166603,12604,80113,8892,153999,27455,13198,14257
26895,166634,12608,80129,8894,154025,27459,13199,14260
26900,166665,12612,80143,8898,154052,27463,13201,14262
26905,166696,12616,80157,8900,154080,27467,13203,14264
26910,166727,12619,80170,8902,154107,27471,13205,14266
26915,166758,12624,80189,8906,154133,27475,13209,14266
26920,166789,12629,80206,8909,154160,27479,13213,14266
26925,166820,12631,80222,8911,154189,27483,13214,14269
26930,166851,12632,80238,8912,154219,27488,13214,14274
26935,166882,12634,80250,8914,154248,27493,13215,14278
26940,166913,12635,80261,8915,154278,27498,13216,14282
26945,166944,12636,80276,8916,154307,27503,13216,14287
26950,166975,12638,80294,8918,154336,27508,13219,14289
26955,167006,12640,80309,8920,154366,27513,13221,14292
26960,167037,12641,80324,8920,154394,27518,13224,14294
26965,167068,12642,80341,8920,154425,27523,13228,14295
26970,167099,12645,80360,8922,154454,27528,13232,14296
26975,167130,12645,80373,8922,154485,27533,13233,14300
26980,167161,12645,80391,8922,154516,27538,13235,14303
26985,167192,12645,80404,8922,154547,27544,13237,14307
26990,167223,12646,80417,8923,154577,27550,13240,14310
26995,167254,12647,80437,8924,154607,27556,13244,14312
27000,167285,12648,80454,8924,154637,27562,13248,14314
27005,167316,12649,80466,8924,154667,27568,13250,14318
27010,167347,12650,80476,8925,154697,27574,13253,14321
27015,167378,12651,80485,8925,154727,27580,13256,14324
27020,167409,12652,80504,8926,154757,27586,13260,14326
27025,167440,12654,80519,8928,154786,27592,13262,14330
27030,167471,12656,80532,8930,154813,27598,13264,14334
27035,167502,12659,80546,8931,154841,27604,13266,14338
27040,167533,12661,80558,8931,154872,27610,13268,14342
27045,167564,12663,80572,8932,154899,27616,13271,14345
27050,167595,12665,80590,8933,154930,27622,13275,14347
27055,167626,12667,80604,8934,154959,27628,13277,14351
27060,167657,12670,80623,8935,154987,27634,13281,14353
27065,167688,12672,80634,8937,155016,27639,13282,14357
27070,167719,12674,80646,8937,155045,27644,13283,14361
27075,167750,12677,80661,8938,155072,27649,13284,14365
27080,167781,12682,80674,8941,155097,27654,13285,14369
27085,167812,12688,80691,8946,155122,27659,13287,14372
27090,167843,12693,80704,8948,155148,27664,13290,14374
27095,167874,12699,80723,8953,155173,27669,13293,14376
27100,167905,12706,80732,8957,155199,27674,13294,14380
27105,167936,12708,80749,8959,155227,27679,13296,14383
27110,167967,12712,80765,8962,155254,27684,13300,14384
27115,167998,12715,80777,8964,155280,27689,13303,14386
27120,168029,12720,80794,8968,155309,27694,13306,14388
27125,168060,12723,80808,8970,155337,27699,13308,14391
27130,168091,12724,80819,8971,155366,27704,13311,14393
27135,168122,12726,80833,8972,155395,27709,13313,14396
27140,168153,12728,80844,8973,155425,27714,13314,14400
27145,168184,12729,80858,8973,155455,27719,13317,14402
27150,168215,12730,80870,8973,155485,27724,13319,14405
27155,168246,12732,80888,8975,155513,27729,13322,14407
27160,168277,12734,80903,8977,155542,27734,13325,14409
27165,168308,12735,80919,8977,155572,27740,13328,14412
27170,168339,12736,80933,8978,155602,27746,13330,14416
27175,168370,12739,80947,8981,155630,27752,13331,14421
27180,168401,12741,80960,8983,155660,27758,13333,14425
27185,168432,12743,80976,8985,155689,27763,13336,14427
27190,168463,12745,80991,8987,155718,27768,13338,14430
27195,168494,12745,81012,8987,155749,27773,13342,14431
27200,168525,12745,81025,8987,155780,27778,13343,14435
27205,168556,12746,81041,8988,155809,27783,13345,14438
27210,168587,12747,81053,8988,155838,27788,13347,14441
27215,168618,12748,81069,8988,155868,27793,13350,14443
27220,168649,12749,81087,8989,155900,27798,13352,14446
27225,168680,12750,81106,8989,155930,27803,13355,14448
27230,168711,12752,81121,8990,155959,27808,13357,14451
27235,168742,12754,81126,8991,155988,27813,13357,14456
27240,168773,12757,81138,8994,156016,27818,13359,14459
27245,168804,12759,81153,8994,156045,27823,13362,14461
27250,168835,12762,81174,8997,156073,27828,13365,14463
27255,168866,12764,81186,8998,156102,27833,13368,14465
27260,168897,12767,81203,9000,156129,27838,13372,14466
27265,168928,12771,81224,9002,156155,27843,13374,14469
27270,168959,12776,81239,9006,156182,27848,13377,14471
27275,168990,12779,81252,9009,156210,27853,13378,14475
27280,169021,12783,81266,9013,156236,27858,13381,14477
27285,169052,12785,81281,9015,156265,27863,13384,14479
27290,169083,12787,81297,9017,156294,27869,13386,14483
27295,169114,12790,81313,9020,156323,27875,13389,14486
27300,169145,12795,81327,9025,156349,27881,13390,14491
27305,169176,12802,81341,9032,156373,27886,13391,14495
27310,169207,12805,81355,9034,156402,27891,13395,14496
27315,169238,12808,81372,9036,156430,27896,13399,14497
27320,169269,12810,81385,9037,156459,27901,13402,14499
27325,169300,12811,81401,9038,156489,27906,13405,14501
27330,169331,12813,81415,9039,156518,27911,13406,14505
27335,169362,12815,81427,9041,156547,27916,13408,14508
27340,169393,12817,81440,9042,156576,27921,13411,14510
27345,169424,12818,81454,9042,156606,27926,13413,14513
27350,169455,12820,81472,9044,156634,27931,13415,14516
27355,169486,12821,81490,9045,156665,27936,13420,14516
27360,169517,12822,81506,9046,156695,27941,13422,14519
27365,169548,12823,81520,9047,156725,27945,13425,14520
27370,169579,12824,81532,9047,156755,27949,13428,14521
27375,169610,12826,81547,9049,156784,27953,13430,14523
27380,169641,12828,81565,9050,156813,27957,13434,14523
27385,169672,12829,81575,9050,156843,27961,13436,14525
27390,169703,12832,81591,9052,156871,27965,13437,14528
27395,169734,12835,81607,9054,156899,27969,13438,14531
27400,169765,12837,81620,9055,156928,27973,13439,14534
27405,169796,12839,81636,9057,156957,27978,13443,14535
27410,169827,12840,81651,9057,156985,27983,13447,14536
27415,169858,12841,81666,9057,157016,27988,13450,14538
27420,169889,12844,81684,9058,157045,27993,13454,14539
27425,169920,12846,81695,9060,157073,27998,13455,14543
27430,169951,12850,81706,9062,157101,28003,13457,14546
27435,169982,12853,81724,9065,157128,28008,13458,14550
27440,170013,12857,81739,9068,157155,28013,13460,14553
27445,170044,12861,81754,9071,157182,28018,13462,14556
27450,170075,12866,81771,9076,157209,28023,13466,14557
27455,170106,12870,81789,9079,157234,28028,13469,14559
27460,170137,12872,81805,9080,157263,28033,13470,14563
27465,170168,12873,81820,9081,157292,28039,13472,14567
27470,170199,12876,81830,9083,157321,28045,13473,14572
27475,170230,12879,81848,9086,157349,28051,13476,14575
27480,170261,12883,81866,9090,157378,28057,13480,14577
27485,170292,12883,81883,9090,157409,28063,13484,14579
27490,170323,12883,81898,9090,157440,28069,13487,14582
27495,170354,12883,81915,9090,157471,28075,13490,14585
27500,170385,12883,81930,9090,157502,28081,13492,14589
27505,170416,12886,81945,9093,157530,28087,13494,14593
27510,170447,12888,81960,9094,157559,28093,13497,14596
27515,170478,12890,81975,9095,157588,28099,13500,14599
27520,170509,12893,81992,9098,157616,28105,13504,14601
27525,170540,12895,82010,9099,157645,28111,13506,14605
27530,170571,12897,82024,9101,157674,28117,13510,14607
27535,170602,12898,82034,9102,157704,28123,13513,14610
27540,170633,12899,82049,9103,157734,28129,13516,14613
27545,170664,12900,82062,9103,157764,28134,13518,14616
27550,170695,12901,82077,9103,157794,28139,13521,14618
27555,170726,12902,82097,9104,157824,28144,13525,14619
27560,170757,12904,82111,9104,157853,28149,13526,14623
27565,170788,12906,82125,9104,157882,28154,13529,14625
27570,170819,12908,82141,9104,157911,28159,13531,14628
27575,170850,12911,82165,9107,157939,28164,13534,14630
27580,170881,12913,82179,9107,157968,28169,13536,14633
27585,170912,12916,82193,9109,157994,28174,13538,14636
27590,170943,12923,82209,9116,158018,28179,13543,14636
27595,170974,12929,82221,9119,158044,28184,13544,14640
27600,171005,12933,82235,9123,158072,28189,13545,14644
27605,171036,12938,82251,9127,158098,28194,13548,14646
27610,171067,12941,82264,9128,158126,28199,13552,14647
27615,171098,12945,82279,9130,158152,28204,13555,14649
27620,171129,12950,82292,9134,158179,28209,13557,14652
27625,171160,12954,82308,9135,158205,28214,13561,14653
27630,171191,12959,82326,9138,158230,28219,13565,14654
27635,171222,12965,82337,9142,158256,28224,13567,14657
27640,171253,12969,82354,9145,158282,28229,13569,14660
27645,171284,12973,82374,9149,158308,28235,13573,14662
27650,171315,12977,82388,9152,158337,28241,13575,14666
27655,171346,12981,82403,9155,158365,28247,13578,14669
27660,171377,12982,82417,9155,158393,28253,13580,14673
27665,171408,12983,82430,9156,158425,28258,13581,14677
27670,171439,12983,82442,9156,158456,28263,13583,14680
27675,171470,12983,82455,9156,158487,28268,13585,14683
27680,171501,12983,82468,9156,158518,28273,13586,14687
27685,171532,12983,82484,9156,158549,28278,13588,14690
27690,171563,12983,82500,9156,158580,28283,13590,14693
27695,171594,12983,82518,9156,158611,28288,13592,14696
27700,171625,12983,82534,9156,158642,28293,13593,14700
27705,171656,12983,82551,9156,158673,28298,13596,14702
27710,171687,12983,82563,9156,158703,28303,13600,14703
27715,171718,12983,82575,9156,158735,28308,13602,14706
27720,171749,12983,82591,9156,158766,28313,13604,14709
27725,171780,12983,82604,9156,158797,28318,13606,14712
27730,171811,12983,82615,9156,158828,28323,13607,14716
27735,171842,12983,82630,9156,158859,28328,13611,14717
27740,171873,12983,82645,9156,158890,28333,13613,14720
27745,171904,12983,82661,9156,158921,28338,13617,14721
27750,171935,12984,82679,9157,158951,28343,13620,14723
27755,171966,12985,82692,9157,158981,28348,13623,14725
27760,171997,12987,82708,9159,159010,28353,13624,14729
27765,172028,12990,82722,9162,159038,28359,13627,14732
27770,172059,12996,82738,9166,159058,28365,13629,14736
27775,172090,13004,82753,9174,159082,28371,13631,14740
27780,172121,13011,82764,9180,159107,28377,13633,14744
27785,172152,13017,82779,9184,159133,28381,13636,14745
27790,172183,13023,82794,9189,159160,28385,13638,14747
27795,172214,13026,82812,9191,159186,28389,13641,14748
27800,172245,13030,82833,9194,159213,28393,13645,14748
27805,172276,13033,82848,9197,159242,28397,13647,14750
27810,172307,13035,82859,9198,159271,28401,13649,14752
27815,172338,13038,82874,9201,159300,28405,13651,14754
27820,172369,13041,82892,9203,159328,28409,13655,14754
27825,172400,13044,82907,9205,159355,28413,13657,14756
27830,172431,13049,82923,9209,159381,28417,13658,14759
27835,172462,13052,82940,9212,159410,28421,13660,14761
27840,172493,13053,82958,9213,159440,28425,13661,14764
27845,172524,13054,82974,9213,159470,28428,13662,14766
27850,172555,13055,82983,9213,159500,28431,13662,14769
27855,172586,13057,82994,9214,159529,28434,13663,14771
27860,172617,13059,83009,9216,159558,28437,13665,14772
27865,172648,13062,83024,9218,159586,28440,13667,14773
27870,172679,13062,83038,9218,159617,28443,13668,14775
27875,172710,13062,83051,9218,159648,28446,13669,14777
27880,172741,13062,83064,9218,159679,28449,13672,14777
27885,172772,13062,83080,9218,159709,28452,13675,14777
27890,172803,13063,83096,9219,159740,28457,13679,14778
27895,172834,13064,83111,9220,159769,28462,13680,14782
27900,172865,13065,83129,9220,159799,28467,13683,14784
27905,172896,13066,83142,9220,159829,28471,13685,14786
27910,172927,13067,83158,9221,159860,28475,13687,14788
27915,172958,13069,83175,9222,159889,28479,13689,14790
27920,172989,13071,83190,9223,159918,28483,13690,14793
27925,173020,13072,83207,9224,159948,28487,13693,14794
27930,173051,13074,83222,9225,159977,28491,13694,14797
27935,173082,13075,83242,9226,160007,28495,13696,14799
27940,173113,13077,83255,9227,160035,28499,13698,14801
27945,173144,13080,83270,9229,160064,28504,13702,14802
27950,173175,13083,83280,9230,160091,28509,13704,14805
27955,173206,13087,83295,9233,160118,28514,13707,14807
27960,173237,13090,83311,9234,160146,28519,13710,14809
27965,173268,13093,83324,9236,160175,28524,13711,14813
27970,173299,13096,83341,9238,160203,28529,13712,14817
27975,173330,13101,83353,9242,160229,28534,13714,14820
27980,173361,13106,83367,9245,160255,28539,13717,14822
27985,173392,13111,83379,9247,160281,28544,13721,14823
27990,173423,13114,83388,9249,160309,28549,13724,14825
27995,173454,13119,83398,9252,160335,28554,13725,14829
28000,173485,13123,83412,9253,160362,28559,13727,14832
28005,173516,13127,83430,9256,160389,28565,13731,14834
28010,173547,13129,83444,9257,160416,28571,13735,14836
28015,173578,13132,83457,9259,160445,28577,13737,14840
28020,173609,13135,83473,9261,160472,28583,13740,14843
28025,173640,13140,83484,9265,160500,28589,13741,14848
28030,173671,13143,83503,9267,160528,28595,13743,14852
28035,173702,13144,83516,9268,160558,28601,13745,14856
28040,173733,13145,83527,9268,160588,28607,13745,14862
28045,173764,13146,83539,9268,160618,28613,13747,14866
28050,173795,13147,83550,9268,160648,28619,13748,14871
28055,173826,13148,83567,9269,160678,28625,13753,14872
28060,173857,13149,83583,9270,160708,28631,13755,14876
28065,173888,13151,83596,9271,160737,28637,13759,14878
28070,173919,13152,83607,9271,160767,28643,13761,14882
28075,173950,13155,83618,9273,160795,28649,13766,14883
28080,173981,13157,83630,9274,160824,28655,13771,14884
28085,174012,13158,83644,9274,160853,28661,13774,14887
28090,174043,13160,83659,9275,160882,28667,13775,14892
28095,174074,13161,83672,9276,160913,28673,13778,14895
28100,174105,13163,83689,9278,160942,28679,13782,14897
28105,174136,13166,83701,9280,160970,28685,13783,14902
28110,174167,13167,83719,9280,161000,28691,13784,14907
28115,174198,13168,83732,9281,161029,28697,13786,14911
28120,174229,13169,83746,9281,161060,28703,13788,14915
28125,174260,13170,83766,9281,161090,28709,13792,14917
28130,174291,13171,83774,9281,161119,28715,13793,14922
28135,174322,13172,83786,9282,161149,28721,13794,14927
28140,174353,13174,83800,9282,161175,28727,13795,14932
28145,174384,13178,83815,9284,161206,28732,13796,14936
28150,174415,13180,83831,9284,161233,28737,13799,14938
28155,174446,13184,83846,9287,161261,28742,13800,14942
28160,174477,13187,83865,9290,161288,28747,13803,14944
28165,174508,13191,83878,9293,161316,28752,13806,14946
28170,174539,13195,83891,9296,161344,28757,13807,14950
28175,174570,13199,83909,9299,161370,28762,13809,14953
28180,174601,13204,83926,9303,161396,28767,13812,14955
28185,174632,13208,83943,9307,161424,28772,13814,14958
28190,174663,13209,83954,9307,161454,28777,13816,14961
28195,174694,13210,83968,9308,161484,28782,13817,14965
28200,174725,13212,83981,9309,161513,28787,13819,14968
28205,174756,13213,83993,9310,161543,28792,13821,14971
28210,174787,13215,84008,9310,161572,28797,13824,14973
28215,174818,13217,84021,9311,161601,28802,13826,14976
28220,174849,13219,84039,9311,161630,28807,13830,14977
28225,174880,13221,84053,9312,161659,28812,13833,14979
28230,174911,13223,84070,9314,161688,28817,13837,14980
28235,174942,13225,84086,9314,161717,28822,13840,14982
28240,174973,13228,84102,9316,161745,28827,13842,14985
28245,175004,13231,84115,9319,161773,28833,13844,14989
28250,175035,13234,84126,9321,161801,28839,13848,14991
28255,175066,13239,84140,9324,161826,28845,13852,14993
28260,175097,13244,84159,9329,161852,28851,13854,14997
28265,175128,13246,84173,9330,161882,28856,13856,15000
28270,175159,13248,84189,9331,161910,28861,13859,15002
28275,175190,13249,84200,9332,161941,28866,13860,15006
28280,175221,13251,84212,9334,161970,28871,13862,15009
28285,175252,13252,84221,9334,162000,28876,13864,15012
28290,175283,13254,84235,9335,162028,28881,13865,15016
28295,175314,13256,84257,9336,162056,28886,13867,15019
28300,175345,13260,84264,9338,162083,28891,13868,15023
28305,175376,13265,84283,9342,162105,28896,13870,15026
28310,175407,13271,84298,9348,162133,28901,13871,15030
28315,175438,13275,84311,9350,162159,28906,13873,15033
28320,175469,13279,84328,9354,162188,28911,13877,15034
28325,175500,13281,84339,9355,162215,28916,13879,15037
28330,175531,13285,84352,9359,162245,28921,13882,15039
28335,175562,13288,84367,9362,162273,28926,13882,15044
28340,175593,13288,84381,9362,162305,28931,13884,15047
28345,175624,13288,84393,9362,162336,28936,13887,15049
28350,175655,13288,84408,9362,162367,28941,13890,15051
28355,175686,13288,84421,9362,162398,28946,13894,15052
28360,175717,13288,84438,9362,162429,28951,13895,15056
28365,175748,13288,84454,9362,162460,28957,13897,15060
28370,175779,13289,84465,9362,162490,28963,13900,15063
28375,175810,13290,84483,9363,162520,28969,13904,15065
28380,175841,13291,84498,9364,162550,28975,13908,15067
28385,175872,13292,84511,9364,162580,28980,13910,15070
28390,175903,13293,84527,9365,162610,28985,13914,15071
28395,175934,13294,84538,9366,162640,28990,13917,15073
28400,175965,13295,84553,9367,162670,28995,13918,15077
28405,175996,13296,84574,9367,162700,29000,13922,15078
28410,176027,13297,84588,9368,162730,29005,13924,15081
28415,176058,13298,84603,9369,162760,29010,13926,15084
28420,176089,13299,84620,9369,162790,29015,13927,15088
28425,176120,13301,84634,9371,162819,29020,13930,15090
28430,176151,13306,84652,9375,162843,29025,13933,15092
28435,176182,13313,84672,9382,162869,29030,13936,15094
28440,176213,13317,84683,9385,162895,29035,13937,15098
28445,176244,13323,84700,9391,162921,29038,13938,15100
28450,176275,13330,84716,9395,162943,29041,13939,15102
28455,176306,13333,84726,9398,162972,29044,13940,15104
28460,176337,13337,84740,9400,162999,29047,13942,15105
28465,176368,13341,84749,9404,163027,29050,13943,15107
28470,176399,13345,84763,9406,163054,29053,13946,15107
28475,176430,13347,84781,9408,163082,29056,13946,15110
28480,176461,13349,84797,9409,163112,29059,13949,15110
28485,176492,13351,84806,9409,163141,29062,13950,15112
28490,176523,13353,84818,9409,163170,29066,13952,15114
28495,176554,13355,84830,9410,163198,29070,13954,15116
28500,176585,13358,84846,9412,163226,29074,13954,15120
28505,176616,13360,84865,9414,163256,29078,13957,15121
28510,176647,13363,84877,9415,163283,29082,13958,15124
28515,176678,13365,84887,9416,163313,29086,13960,15126
28520,176709,13367,84901,9417,163342,29090,13962,15128
28525,176740,13370,84918,9419,163369,29094,13965,15129
28530,176771,13375,84931,9423,163396,29098,13966,15132
28535,176802,13378,84951,9426,163423,29102,13969,15133
28540,176833,13380,84964,9427,163453,29106,13971,15135
28545,176864,13384,84983,9430,163479,29112,13974,15138
28550,176895,13385,85000,9431,163510,29118,13978,15140
28555,176926,13385,85015,9431,163541,29124,13981,15143
28560,176957,13386,85027,9432,163571,29130,13982,15148
28565,176988,13387,85039,9432,163601,29136,13984,15152
28570,177019,13389,85055,9434,163630,29142,13986,15156
28575,177050,13391,85070,9436,163659,29148,13988,15160
28580,177081,13393,85086,9437,163688,29154,13991,15163
28585,177112,13395,85098,9438,163717,29160,13993,15167
28590,177143,13397,85115,9439,163746,29166,13997,15169
28595,177174,13398,85131,9440,163776,29172,14001,15171
28600,177205,13399,85147,9441,163806,29178,14004,15174
28605,177236,13401,85166,9443,163834,29184,14007,15177
28610,177267,13404,85181,9445,163863,29190,14011,15179
28615,177298,13405,85192,9445,163893,29196,14014,15182
28620,177329,13407,85206,9446,163922,29202,14016,15186
28625,177360,13409,85222,9448,163951,29208,14019,15189
28630,177391,13409,85238,9448,163982,29214,14022,15192
28635,177422,13409,85255,9448,164013,29220,14027,15193
28640,177453,13409,85270,9448,164044,29226,14030,15196
28645,177484,13409,85284,9448,164074,29232,14032,15200
28650,177515,13409,85299,9448,164105,29238,14034,15204
28655,177546,13414,85317,9452,164132,29244,14038,15206
28660,177577,13417,85330,9454,164159,29250,14040,15210
28665,177608,13422,85341,9458,164185,29256,14040,15216
28670,177639,13426,85352,9461,164212,29262,14043,15219
28675,177670,13429,85365,9463,164240,29268,14046,15222
28680,177701,13434,85384,9466,164265,29274,14052,15222
28685,177732,13440,85400,9471,164289,29279,14053,15226
28690,177763,13445,85405,9474,164318,29284,14056,15228
28695,177794,13448,85422,9476,164345,29289,14060,15229
28700,177825,13450,85440,9478,164371,29294,14063,15231
28705,177856,13454,85458,9482,164400,29299,14066,15233
28710,177887,13456,85474,9484,164431,29304,14068,15236
28715,177918,13456,85485,9484,164462,29309,14069,15240
28720,177949,13456,85500,9484,164493,29314,14071,15243
28725,177980,13456,85517,9484,164524,29319,14073,15246
28730,178011,13457,85536,9484,164554,29324,14077,15247
28735,178042,13458,85547,9485,164584,29329,14078,15251
28740,178073,13459,85558,9485,164614,29334,14079,15255
28745,178104,13460,85572,9486,164644,29338,14080,15258
28750,178135,13461,85588,9486,164674,29342,14082,15260
28755,178166,13462,85608,9487,164704,29346,14085,15261
28760,178197,13463,85623,9488,164734,29350,14085,15265
28765,178228,13464,85640,9488,164764,29354,14086,15268
28770,178259,13465,85653,9489,164794,29358,14088,15270
28775,178290,13466,85665,9489,164824,29362,14089,15273
28780,178321,13468,85678,9490,164853,29366,14090,15276
28785,178352,13470,85693,9492,164881,29371,14092,15279
28790,178383,13473,85710,9494,164909,29376,14095,15281
28795,178414,13476,85729,9497,164937,29381,14098,15283
28800,178445,13478,85741,9499,164966,29386,14099,15287
28805,178476,13483,85754,9502,164993,29391,14101,15290
28810,178507,13485,85767,9503,165021,29396,14103,15293
28815,178538,13488,85780,9504,165049,29401,14105,15296
28820,178569,13493,85797,9507,165074,29406,14107,15299
28825,178600,13498,85812,9511,165100,29411,14109,15302
28830,178631,13503,85830,9515,165125,29416,14110,15306
28835,178662,13509,85848,9519,165151,29421,14113,15308
28840,178693,13514,85862,9522,165177,29426,14115,15311
28845,178724,13518,85877,9525,165205,29431,14116,15315
28850,178755,13523,85892,9529,165230,29437,14118,15319
28855,178786,13529,85910,9535,165256,29443,14124,15319
28860,178817,13532,85927,9538,165283,29449,14126,15323
28865,178848,13532,85940,9538,165316,29454,14127,15327
28870,178879,13532,85956,9538,165346,29459,14129,15330
28875,178910,13532,85969,9538,165378,29464,14130,15334
28880,178941,13532,85981,9538,165409,29469,14131,15338
28885,178972,13532,85996,9538,165439,29474,14133,15341
28890,179003,13532,86014,9538,165471,29479,14134,15345
28895,179034,13532,86030,9538,165502,29484,14135,15349
28900,179065,13532,86043,9538,165533,29489,14136,15353
28905,179096,13532,86055,9538,165564,29494,14138,15356
28910,179127,13533,86072,9539,165594,29499,14139,15360
28915,179158,13534,86091,9539,165624,29504,14141,15363
28920,179189,13535,86106,9539,165654,29509,14144,15365
28925,179220,13536,86122,9539,165684,29513,14146,15367
28930,179251,13538,86133,9540,165713,29517,14146,15371
28935,179282,13539,86147,9541,165743,29521,14149,15372
28940,179313,13540,86165,9542,165773,29525,14151,15374
28945,179344,13542,86176,9544,165802,29529,14152,15377
28950,179375,13544,86193,9546,165831,29533,14154,15379
28955,179406,13546,86207,9547,165860,29537,14156,15381
28960,179437,13547,86220,9547,165890,29541,14157,15384
28965,179468,13551,86239,9550,165916,29546,14162,15384
28970,179499,13557,86255,9555,165942,29551,14164,15387
28975,179530,13562,86274,9560,165966,29556,14167,15389
28980,179561,13571,86290,9568,165990,29561,14168,15393
28985,179592,13576,86305,9571,166015,29564,14169,15395
28990,179623,13581,86317,9575,166042,29567,14170,15397
28995,179654,13585,86330,9578,166068,29570,14172,15398
29000,179685,13586,86339,9579,166099,29573,14174,15399
29005,179716,13587,86354,9580,166128,29576,14176,15400
29010,179747,13588,86364,9581,166159,29579,14177,15402
29015,179778,13590,86380,9583,166188,29582,14177,15405
29020,179809,13591,86395,9583,166217,29585,14179,15406
29025,179840,13593,86407,9584,166247,29589,14182,15407
29030,179871,13595,86424,9586,166274,29593,14183,15410
29035,179902,13598,86444,9589,166302,29597,14186,15411
29040,179933,13600,86458,9591,166333,29601,14189,15412
29045,179964,13602,86472,9592,166361,29605,14191,15414
29050,179995,13605,86487,9595,166390,29609,14193,15416
29055,180026,13607,86501,9597,166419,29613,14196,15417
29060,180057,13609,86514,9598,166447,29617,14197,15420
29065,180088,13609,86526,9598,166479,29621,14198,15423
29070,180119,13609,86540,9598,166510,29625,14199,15426
29075,180150,13609,86553,9598,166541,29629,14200,15429
29080,180181,13609,86575,9598,166572,29633,14201,15432
29085,180212,13609,86589,9598,166603,29638,14205,15433
29090,180243,13609,86604,9598,166634,29644,14207,15437
29095,180274,13609,86614,9598,166664,29650,14210,15440
29100,180305,13612,86626,9600,166693,29656,14211,15445
29105,180336,13616,86637,9603,166720,29662,14212,15450
29110,180367,13618,86648,9603,166749,29668,14214,15454
29115,180398,13621,86664,9605,166777,29674,14218,15456
29120,180429,13624,86682,9608,166805,29680,14221,15459
29125,180460,13626,86695,9609,166834,29686,14224,15462
29130,180491,13629,86712,9611,166862,29692,14228,15464
29135,180522,13632,86730,9614,166890,29698,14231,15467
29140,180553,13637,86746,9618,166916,29704,14233,15471
29145,180584,13641,86761,9622,166943,29710,14237,15473
29150,180615,13645,86781,9626,166970,29716,14240,15476
29155,180646,13646,86794,9626,167000,29722,14243,15479
29160,180677,13649,86808,9628,167028,29728,14247,15481
29165,180708,13652,86825,9630,167056,29734,14251,15483
29170,180739,13654,86841,9632,167085,29740,14253,15487
29175,180770,13658,86854,9635,167112,29746,14255,15491
29180,180801,13661,86867,9637,167140,29752,14258,15494
29185,180832,13664,86881,9640,167168,29758,14260,15498
29190,180863,13666,86901,9642,167197,29764,14262,15502
29195,180894,13667,86915,9643,167227,29770,14265,15505
29200,180925,13668,86928,9644,167257,29776,14266,15510
29205,180956,13669,86941,9645,167286,29782,14269,15513
29210,180987,13671,86958,9647,167315,29788,14274,15514
29215,181018,13673,86971,9649,167345,29794,14276,15518
29220,181049,13675,86988,9650,167373,29800,14282,15518
29225,181080,13676,87004,9651,167403,29806,14286,15520
29230,181111,13678,87021,9652,167432,29812,14290,15522
29235,181142,13680,87037,9654,167460,29818,14294,15524
29240,181173,13681,87051,9654,167491,29824,14298,15526
29245,181204,13682,87071,9655,167521,29830,14301,15529
29250,181235,13684,87084,9657,167551,29836,14303,15533
29255,181266,13686,87102,9659,167579,29842,14307,15535
29260,181297,13688,87116,9660,167608,29848,14312,15536
29265,181328,13692,87130,9662,167635,29854,14315,15539
29270,181359,13695,87148,9665,167664,29860,14320,15540
29275,181390,13698,87161,9666,167691,29866,14321,15545
29280,181421,13702,87177,9669,167718,29872,14322,15550
29285,181452,13706,87193,9671,167746,29877,14326,15551
29290,181483,13707,87207,9672,167775,29882,14329,15553
29295,181514,13710,87225,9674,167804,29887,14332,15555
29300,181545,13713,87238,9675,167831,29892,14333,15559
29305,181576,13717,87250,9678,167859,29897,14335,15562
29310,181607,13720,87267,9680,167885,29902,14338,15564
29315,181638,13724,87279,9683,167914,29907,14339,15568
29320,181669,13726,87294,9684,167941,29912,14342,15570
29325,181700,13731,87308,9689,167968,29917,14346,15571
29330,181731,13735,87323,9693,167996,29922,14348,15574
29335,181762,13736,87338,9693,168026,29927,14350,15577
29340,181793,13737,87348,9694,168056,29932,14351,15581
29345,181824,13740,87364,9696,168083,29937,14353,15584
29350,181855,13744,87386,9700,168110,29942,14357,15585
29355,181886,13748,87399,9703,168138,29947,14360,15587
29360,181917,13749,87412,9703,168168,29952,14364,15588
29365,181948,13750,87425,9703,168197,29957,14368,15589
29370,181979,13752,87442,9704,168226,29962,14372,15590
29375,182010,13755,87455,9706,168254,29967,14374,15593
29380,182041,13756,87473,9707,168284,29972,14378,15594
29385,182072,13756,87484,9707,168314,29978,14382,15596
29390,182103,13756,87501,9707,168346,29984,14386,15598
29395,182134,13756,87516,9707,168378,29990,14390,15600
29400,182165,13758,87530,9708,168406,29996,14393,15603
29405,182196,13760,87546,9710,168436,30001,14395,15606
29410,182227,13761,87558,9711,168466,30006,14397,15609
29415,182258,13763,87574,9713,168495,30011,14401,15610
29420,182289,13764,87588,9713,168524,30016,14402,15614
29425,182320,13765,87604,9713,168554,30021,14403,15618
29430,182351,13766,87616,9714,168585,30026,14405,15621
29435,182382,13769,87631,9716,168613,30031,14409,15622
29440,182413,13772,87650,9718,168641,30036,14412,15624
29445,182444,13774,87660,9719,168668,30041,14413,15628
29450,182475,13778,87677,9723,168695,30046,14415,15631
29455,182506,13782,87699,9727,168723,30051,14419,15632
29460,182537,13785,87712,9729,168752,30056,14421,15635
29465,182568,13788,87731,9731,168779,30060,14422,15638
29470,182599,13790,87744,9732,168809,30064,14424,15640
29475,182630,13791,87758,9732,168838,30068,14426,15642
29480,182661,13793,87774,9733,168868,30072,14429,15643
29485,182692,13794,87787,9733,168898,30076,14431,15645
29490,182723,13796,87805,9734,168926,30080,14433,15647
29495,182754,13799,87825,9736,168955,30084,14437,15647
29500,182785,13801,87836,9737,168984,30088,14438,15650
29505,182816,13803,87851,9737,169013,30093,14441,15652
29510,182847,13806,87868,9739,169040,30098,14444,15654
29515,182878,13812,87888,9744,169066,30103,14448,15655
29520,182909,13816,87901,9746,169092,30108,14451,15657
29525,182940,13822,87921,9752,169118,30111,14452,15659
29530,182971,13824,87938,9753,169147,30114,14455,15659
29535,183002,13825,87951,9753,169176,30117,14456,15661
29540,183033,13829,87961,9757,169203,30120,14457,15663
29545,183064,13832,87975,9759,169230,30123,14459,15664
29550,183095,13834,87988,9761,169260,30126,14460,15666
29555,183126,13834,88004,9761,169292,30129,14460,15669
29560,183157,13834,88019,9761,169322,30132,14461,15671
29565,183188,13834,88030,9761,169354,30136,14462,15674
29570,183219,13836,88047,9762,169382,30140,14465,15675
29575,183250,13838,88064,9764,169411,30144,14468,15676
29580,183281,13840,88072,9766,169441,30148,14470,15678
29585,183312,13842,88089,9768,169470,30152,14472,15680
29590,183343,13844,88106,9769,169499,30156,14475,15681
29595,183374,13845,88122,9770,169529,30160,14477,15683
29600,183405,13847,88139,9771,169557,30164,14478,15686
29605,183436,13849,88155,9773,169586,30168,14481,15687
29610,183467,13851,88167,9774,169616,30172,14483,15689
29615,183498,13853,88179,9775,169645,30176,14484,15692
29620,183529,13854,88194,9775,169675,30180,14487,15693
29625,183560,13855,88211,9775,169703,30185,14490,15695
29630,183591,13858,88229,9777,169731,30191,14492,15699
29635,183622,13861,88240,9780,169760,30197,14493,15704
29640,183653,13863,88256,9782,169789,30203,14496,15707
29645,183684,13866,88277,9785,169817,30209,14499,15710
29650,183715,13870,88296,9788,169844,30215,14504,15711
29655,183746,13875,88310,9792,169870,30221,14507,15714
29660,183777,13878,88329,9795,169899,30227,14509,15718
29665,183808,13880,88344,9797,169928,30233,14510,15723
29670,183839,13882,88357,9799,169956,30239,14511,15728
29675,183870,13885,88373,9801,169984,30245,14514,15731
29680,183901,13888,88388,9803,170013,30251,14517,15734
29685,183932,13892,88404,9806,170040,30257,14521,15736
29690,183963,13895,88423,9808,170067,30263,14525,15738
29695,183994,13900,88435,9813,170094,30269,14526,15743
29700,184025,13903,88452,9816,170122,30275,14529,15746
29705,184056,13905,88463,9818,170151,30280,14531,15749
29710,184087,13906,88482,9819,170181,30285,14534,15751
29715,184118,13907,88495,9819,170211,30290,14537,15753
29720,184149,13908,88508,9819,170241,30295,14538,15757
29725,184180,13909,88525,9820,170271,30300,14540,15760
29730,184211,13910,88544,9821,170301,30305,14541,15764
29735,184242,13911,88557,9821,170330,30310,14542,15768
29740,184273,13913,88573,9823,170360,30315,14545,15770
29745,184304,13915,88589,9825,170387,30320,14547,15773
29750,184335,13919,88603,9828,170415,30325,14550,15775
29755,184366,13921,88614,9829,170444,30330,14552,15778
29760,184397,13927,88630,9835,170469,30335,14556,15779
29765,184428,13930,88640,9837,170498,30340,14559,15781
29770,184459,13932,88652,9838,170527,30345,14560,15785
29775,184490,13935,88669,9840,170555,30350,14563,15787
29780,184521,13937,88687,9841,170583,30355,14565,15790
29785,184552,13939,88705,9843,170612,30360,14568,15792
29790,184583,13941,88718,9844,170641,30365,14569,15796
29795,184614,13942,88733,9845,170671,30370,14571,15799
29800,184645,13944,88752,9846,170699,30375,14573,15802
29805,184676,13945,88764,9847,170729,30380,14577,15803
29810,184707,13950,88777,9852,170755,30386,14578,15808
29815,184738,13955,88792,9856,170782,30392,14581,15811
29820,184769,13957,88806,9858,170812,30398,14584,15814
29825,184800,13959,88817,9860,170841,30404,14586,15818
29830,184831,13960,88831,9860,170871,30410,14589,15821
29835,184862,13962,88845,9862,170898,30416,14590,15826
29840,184893,13966,88858,9866,170926,30422,14591,15831
29845,184924,13969,88876,9869,170953,30428,14595,15833
29850,184955,13973,88892,9872,170982,30434,14597,15837
29855,184986,13973,88911,9872,171013,30440,14600,15840
29860,185017,13973,88930,9872,171044,30446,14604,15842
29865,185048,13973,88947,9872,171075,30452,14607,15845
29870,185079,13974,88957,9872,171105,30458,14609,15849
29875,185110,13975,88972,9872,171135,30464,14612,15852
29880,185141,13976,88984,9872,171165,30470,14613,15857
29885,185172,13977,88996,9872,171195,30476,14615,15861
29890,185203,13979,89014,9874,171224,30482,14620,15862
29895,185234,13980,89029,9874,171254,30488,14623,15865
29900,185265,13983,89046,9877,171281,30494,14623,15871
29905,185296,13987,89064,9881,171309,30500,14625,15875
29910,185327,13988,89074,9882,171338,30506,14627,15879
29915,185358,13991,89089,9885,171366,30512,14630,15882
29920,185389,13994,89104,9887,171393,30518,14634,15884
29925,185420,13997,89121,9890,171423,30524,14638,15886
29930,185451,13999,89138,9891,171451,30530,14644,15886
29935,185482,14001,89154,9892,171480,30536,14646,15890
29940,185513,14002,89166,9893,171510,30542,14649,15893
29945,185544,14003,89180,9893,171540,30547,14654,15893
29950,185575,14005,89193,9895,171569,30552,14655,15897
29955,185606,14006,89206,9896,171600,30557,14656,15901
29960,185637,14009,89220,9897,171628,30562,14660,15902
29965,185668,14014,89238,9901,171652,30567,14663,15904
29970,185699,14020,89252,9906,171678,30572,14665,15907
29975,185730,14026,89271,9911,171701,30577,14667,15910
29980,185761,14032,89286,9917,171727,30582,14669,15913
29985,185792,14037,89302,9920,171754,30587,14671,15916
29990,185823,14041,89316,9923,171781,30592,14673,15919
29995,185854,14043,89331,9924,171810,30597,14675,15922
30000,185885,14045,89349,9926,171839,30602,14679,15923
30005,185916,14046,89362,9927,171870,30605,14680,15925
30010,185947,14046,89376,9927,171901,30608,14681,15927
30015,185978,14046,89391,9927,171932,30611,14683,15928
30020,186009,14046,89406,9927,171963,30614,14684,15930
30025,186040,14046,89414,9927,171994,30617,14685,15932
30030,186071,14047,89424,9927,172024,30620,14688,15932
30035,186102,14048,89439,9927,172054,30623,14688,15935
30040,186133,14049,89454,9927,172084,30626,14690,15936
30045,186164,14050,89470,9928,172114,30630,14692,15938
30050,186195,14052,89484,9930,172143,30634,14694,15940
30055,186226,14053,89493,9930,172172,30638,14696,15942
30060,186257,14056,89506,9933,172200,30642,14699,15943
30065,186288,14060,89519,9936,172228,30645,14700,15945
30070,186319,14061,89525,9936,172258,30648,14700,15948
30075,186350,14062,89538,9937,172286,30651,14701,15950
30080,186381,14067,89554,9942,172314,30654,14703,15951
30085,186412,14068,89571,9943,172344,30657,14704,15953
30090,186443,14070,89583,9944,172373,30660,14704,15956
30095,186474,14073,89600,9946,172401,30663,14704,15959
30100,186505,14076,89618,9949,172429,30666,14705,15961
30105,186536,14078,89623,9950,172458,30671,14705,15966
30110,186567,14086,89641,9957,172479,30676,14707,15969
30115,186598,14092,89655,9961,172504,30681,14709,15972
30120,186629,14097,89667,9964,172532,30686,14711,15975
30125,186660,14101,89686,9968,172558,30690,14713,15977
30130,186691,14104,89699,9970,172587,30694,14716,15978
30135,186722,14106,89714,9970,172615,30698,14719,15979
30140,186753,14109,89726,9972,172644,30702,14721,15981
30145,186784,14112,89743,9974,172672,30706,14724,15982
30150,186815,14115,89753,9976,172700,30710,14725,15985
30155,186846,14118,89765,9978,172728,30714,14725,15989
30160,186877,14120,89777,9979,172756,30718,14727,15991
30165,186908,14123,89789,9981,172783,30723,14728,15995
30170,186939,14126,89807,9982,172812,30728,14730,15998
30175,186970,14129,89823,9983,172840,30733,14732,16001
30180,187001,14130,89839,9984,172871,30738,14734,16004
30185,187032,14130,89852,9984,172902,30743,14735,16008
30190,187063,14130,89866,9984,172933,30748,14738,16010
30195,187094,14130,89878,9984,172964,30753,14741,16012
30200,187125,14130,89895,9984,172995,30758,14744,16014
30205,187156,14131,89910,9985,173025,30763,14746,16017
30210,187187,14132,89926,9985,173055,30768,14750,16018
30215,187218,14133,89943,9986,173085,30773,14752,16021
30220,187249,14134,89965,9987,173115,30778,14755,16023
30225,187280,14136,89989,9988,173144,30783,14760,16023
30230,187311,14137,90001,9988,173174,30789,14762,16027
30235,187342,14138,90013,9988,173204,30795,14765,16030
30240,187373,14139,90028,9989,173234,30801,14769,16032
30245,187404,14140,90038,9990,173264,30807,14770,16037
30250,187435,14141,90055,9990,173294,30813,14774,16039
30255,187466,14143,90070,9992,173323,30819,14776,16043
30260,187497,14144,90086,9993,173353,30825,14778,16047
30265,187528,14145,90106,9994,173383,30831,14781,16050
30270,187559,14146,90119,9995,173412,30837,14781,16056
30275,187590,14150,90138,9999,173440,30843,14785,16058
30280,187621,14152,90152,10000,173468,30849,14789,16060
30285,187652,14159,90172,10006,173490,30855,14792,16063
30290,187683,14168,90188,10013,173513,30861,14795,16066
30295,187714,14172,90202,10016,173540,30867,14799,16068
30300,187745,14179,90217,10022,173566,30873,14802,16071
30305,187776,14182,90233,10025,173592,30879,14804,16075
30310,187807,14188,90246,10030,173617,30885,14808,16077
30315,187838,14193,90260,10033,173644,30891,14810,16081
30320,187869,14196,90275,10034,173672,30897,14813,16084
30325,187900,14200,90286,10036,173699,30903,14815,16088
30330,187931,14205,90301,10040,173723,30909,14818,16091
30335,187962,14209,90319,10044,173751,30915,14823,16092
30340,187993,14209,90332,10044,173784,30921,14827,16094
30345,188024,14209,90344,10044,173814,30927,14828,16099
30350,188055,14209,90357,10044,173846,30933,14829,16104
30355,188086,14209,90378,10044,173877,30939,14833,16106
30360,188117,14209,90397,10044,173908,30945,14837,16108
30365,188148,14209,90415,10044,173939,30951,14841,16110
30370,188179,14209,90433,10044,173970,30957,14846,16111
30375,188210,14209,90450,10044,174001,30963,14850,16113
30380,188241,14209,90461,10044,174032,30969,14852,16117
30385,188272,14209,90478,10044,174063,30975,14856,16119
30390,188303,14209,90495,10044,174094,30981,14861,16120
30395,188334,14209,90509,10044,174125,30987,14864,16123
30400,188365,14210,90523,10045,174155,30993,14868,16125
30405,188396,14211,90538,10045,174185,30999,14870,16129
30410,188427,14212,90551,10046,174215,31005,14871,16134
30415,188458,14213,90567,10046,174245,31011,14875,16136
30420,188489,14214,90580,10047,174275,31017,14879,16138
30425,188520,14216,90598,10049,174304,31023,14883,16140
30430,188551,14217,90610,10049,174333,31029,14884,16145
30435,188582,14221,90626,10052,174361,31035,14888,16147
30440,188613,14223,90645,10053,174388,31041,14892,16149
30445,188644,14229,90657,10058,174414,31047,14895,16152
30450,188675,14236,90672,10063,174438,31053,14896,16157
30455,188706,14241,90690,10068,174463,31059,14898,16161
30460,188737,14246,90709,10072,174489,31065,14903,16162
30465,188768,14249,90725,10074,174517,31071,14905,16166
30470,188799,14252,90738,10076,174545,31077,14906,16171
30475,188830,14256,90758,10078,174572,31083,14911,16172
30480,188861,14260,90770,10080,174599,31089,14916,16173
30485,188892,14264,90783,10082,174627,31095,14920,16175
30490,188923,14266,90794,10084,174657,31101,14922,16179
30495,188954,14268,90813,10086,174685,31107,14924,16183
30500,188985,14269,90828,10087,174716,31113,14926,16187
30505,189016,14271,90841,10088,174745,31119,14928,16191
30510,189047,14273,90856,10090,174772,31125,14930,16195
30515,189078,14274,90875,10091,174804,31131,14933,16198
30520,189109,14275,90890,10092,174834,31137,14937,16200
30525,189140,14277,90900,10093,174863,31143,14940,16203
30530,189171,14278,90910,10093,174893,31149,14944,16205
30535,189202,14280,90925,10095,174920,31155,14947,16208
30540,189233,14284,90940,10098,174949,31161,14951,16210
30545,189264,14286,90952,10099,174978,31166,14951,16215
30550,189295,14286,90964,10099,175009,31171,14952,16219
30555,189326,14286,90985,10099,175039,31176,14957,16219
30560,189357,14287,91001,10099,175070,31181,14960,16221
30565,189388,14288,91016,10099,175100,31186,14963,16223
30570,189419,14289,91033,10099,175130,31191,14968,16223
30575,189450,14291,91052,10101,175159,31196,14972,16224
30580,189481,14293,91070,10103,175188,31201,14974,16227
30585,189512,14294,91086,10104,175218,31206,14977,16229
30590,189543,14296,91101,10105,175247,31211,14979,16232
30595,189574,14299,91117,10106,175275,31216,14981,16235
30600,189605,14302,91135,10107,175302,31221,14984,16237
30605,189636,14306,91146,10110,175330,31222,14984,16238
30610,189667,14309,91159,10112,175357,31223,14984,16239
30615,189698,14314,91177,10116,175383,31224,14985,16239
30620,189729,14318,91194,10119,175410,31225,14986,16239
30625,189760,14325,91213,10124,175434,31226,14986,16240
30630,189791,14329,91223,10126,175462,31227,14986,16241
30635,189822,14331,91237,10127,175491,31228,14987,16241
30640,189853,14334,91251,10130,175519,31229,14987,16242
30645,189884,14337,91264,10133,175547,31231,14989,16242
30650,189915,14338,91277,10134,175577,31233,14989,16244
30655,189946,14340,91290,10136,175606,31235,14990,16245
30660,189977,14341,91304,10136,175635,31237,14992,16245
30665,190008,14342,91316,10136,175666,31239,14993,16246
30670,190039,14344,91329,10137,175694,31241,14994,16247
30675,190070,14345,91344,10138,175725,31243,14994,16249
30680,190101,14347,91358,10140,175754,31245,14994,16251
30685,190132,14348,91370,10140,175783,31247,14994,16253
30690,190163,14349,91383,10141,175814,31249,14995,16254
30695,190194,14350,91397,10141,175844,31251,14995,16256
30700,190225,14353,91412,10143,175872,31253,14996,16257
30705,190256,14354,91426,10143,175900,31258,14999,16259
30710,190287,14355,91442,10143,175929,31264,15003,16261
30715,190318,14357,91450,10145,175959,31270,15004,16266
30720,190349,14358,91466,10145,175989,31276,15007,16269
30725,190380,14360,91483,10146,176020,31281,15010,16271
30730,190411,14362,91505,10148,176048,31286,15014,16272
30735,190442,14368,91518,10153,176074,31291,15018,16273
30740,190473,14369,91540,10154,176102,31296,15021,16275
30745,190504,14373,91556,10157,176131,31301,15024,16277
30750,190535,14374,91570,10158,176161,31306,15027,16279
30755,190566,14377,91585,10160,176188,31311,15029,16282
30760,190597,14380,91598,10162,176215,31316,15032,16284
30765,190628,14385,91615,10167,176243,31321,15035,16286
30770,190659,14389,91631,10170,176268,31326,15038,16288
30775,190690,14394,91649,10175,176296,31331,15041,16290
30780,190721,14395,91664,10176,176326,31336,15044,16292
30785,190752,14396,91681,10177,176356,31341,15046,16295
30790,190783,14397,91697,10177,176386,31346,15048,16298
30795,190814,14398,91715,10178,176416,31351,15049,16302
30800,190845,14399,91732,10179,176446,31356,15053,16303
30805,190876,14401,91748,10181,176475,31361,15057,16304
30810,190907,14403,91763,10183,176504,31366,15059,16307
30815,190938,14405,91776,10184,176533,31371,15061,16310
30820,190969,14408,91791,10187,176561,31376,15063,16313
30825,191000,14410,91811,10189,176589,31381,15065,16316
30830,191031,14414,91826,10192,176616,31387,15067,16320
30835,191062,14417,91836,10195,176645,31393,15069,16324
30840,191093,14419,91853,10197,176674,31399,15072,16327
30845,191124,14421,91869,10199,176702,31405,15075,16330
30850,191155,14423,91883,10200,176732,31411,15076,16335
30855,191186,14424,91896,10201,176762,31417,15079,16338
30860,191217,14426,91913,10203,176791,31423,15084,16339
30865,191248,14428,91930,10205,176819,31429,15088,16341
30870,191279,14429,91944,10205,176849,31435,15092,16343
30875,191310,14431,91966,10206,176877,31441,15098,16343
30880,191341,14432,91977,10206,176907,31447,15102,16345
30885,191372,14436,91993,10209,176935,31453,15103,16350
30890,191403,14440,92011,10211,176961,31459,15106,16353
30895,191434,14444,92027,10214,176989,31465,15110,16355
30900,191465,14447,92041,10215,177017,31471,15114,16357
30905,191496,14451,92053,10218,177044,31477,15114,16363
30910,191527,14456,92068,10221,177071,31483,15116,16367
30915,191558,14458,92084,10221,177099,31489,15120,16369
30920,191589,14462,92100,10224,177126,31495,15121,16374
30925,191620,14464,92116,10226,177155,31501,15124,16377
30930,191651,14466,92128,10228,177185,31507,15127,16380
30935,191682,14467,92138,10228,177215,31513,15129,16384
30940,191713,14468,92156,10228,177245,31519,15133,16386
30945,191744,14469,92170,10229,177274,31525,15136,16389
30950,191775,14472,92186,10232,177303,31531,15141,16390
30955,191806,14474,92200,10234,177332,31537,15143,16394
30960,191837,14477,92216,10236,177360,31543,15148,16395
30965,191868,14479,92231,10237,177389,31549,15152,16397
30970,191899,14482,92247,10238,177417,31555,15154,16401
30975,191930,14484,92263,10240,177446,31561,15157,16404
30980,191961,14486,92277,10241,177475,31567,15160,16407
30985,191992,14487,92292,10242,177504,31573,15164,16409
30990,192023,14488,92304,10243,177535,31579,15166,16413
30995,192054,14490,92323,10245,177563,31585,15171,16414
31000,192085,14492,92339,10247,177592,31591,15173,16418
31005,192116,14494,92351,10248,177622,31597,15174,16423
31010,192147,14497,92367,10251,177650,31603,15177,16426
31015,192178,14499,92378,10252,177678,31609,15179,16430
31020,192209,14502,92397,10255,177706,31615,15182,16433
31025,192240,14504,92413,10256,177736,31621,15184,16437
31030,192271,14505,92424,10257,177766,31627,15185,16442
31035,192302,14506,92436,10257,177796,31633,15187,16446
31040,192333,14507,92450,10258,177825,31639,15189,16450
31045,192364,14508,92468,10259,177855,31645,15192,16453
31050,192395,14509,92483,10260,177884,31651,15195,16456
31055,192426,14510,92496,10261,177915,31657,15198,16459
31060,192457,14511,92512,10262,177944,31663,15203,16460
31065,192488,14512,92532,10263,177976,31669,15208,16461
31070,192519,14513,92547,10264,178005,31675,15211,16464
31075,192550,14514,92560,10265,178036,31681,15213,16468
31080,192581,14516,92573,10266,178064,31687,15218,16469
31085,192612,14519,92585,10267,178093,31692,15222,16470
31090,192643,14522,92599,10269,178121,31697,15224,16473
31095,192674,14525,92613,10270,178149,31702,15228,16474
31100,192705,14528,92631,10272,178176,31707,15231,16476
31105,192736,14532,92644,10276,178203,31712,15234,16478
31110,192767,14535,92661,10279,178231,31717,15237,16480
31115,192798,14540,92675,10282,178258,31722,15238,16484
31120,192829,14543,92688,10284,178285,31727,15240,16487
31125,192860,14547,92706,10288,178312,31732,15242,16490
31130,192891,14550,92720,10291,178341,31737,15243,16494
31135,192922,14553,92733,10293,178369,31742,15246,16496
31140,192953,14555,92749,10293,178398,31747,15249,16498
31145,192984,14558,92766,10296,178426,31750,15252,16498
31150,193015,14560,92779,10297,178455,31753,15253,16500
31155,193046,14564,92798,10299,178482,31756,15255,16501
31160,193077,14567,92811,10300,178510,31759,15256,16503
31165,193108,14572,92828,10304,178536,31762,15258,16504
31170,193139,14577,92844,10307,178562,31765,15260,16505
31175,193170,14581,92860,10309,178589,31768,15262,16506
31180,193201,14584,92878,10312,178617,31771,15265,16506
31185,193232,14585,92897,10312,178647,31775,15268,16507
31190,193263,14587,92914,10314,178674,31779,15270,16509
31195,193294,14592,92928,10318,178702,31783,15272,16511
31200,193325,14594,92944,10320,178729,31787,15273,16514
31205,193356,14595,92962,10321,178760,31790,15273,16517
31210,193387,14595,92978,10321,178792,31793,15274,16519
31215,193418,14595,92992,10321,178823,31796,15276,16520
31220,193449,14595,93003,10321,178854,31799,15278,16521
31225,193480,14595,93017,10321,178885,31802,15278,16524
31230,193511,14595,93032,10321,178916,31805,15281,16524
31235,193542,14596,93044,10322,178944,31808,15284,16524
31240,193573,14599,93057,10325,178971,31811,15286,16525
31245,193604,14602,93069,10327,179001,31816,15289,16527
31250,193635,14604,93083,10329,179030,31821,15290,16531
31255,193666,14606,93102,10331,179058,31826,15294,16532
31260,193697,14609,93119,10334,179086,31831,15296,16535
31265,193728,14612,93134,10336,179115,31836,15299,16537
31270,193759,14614,93153,10338,179143,31841,15304,16537
31275,193790,14617,93170,10341,179172,31846,15308,16538
31280,193821,14618,93185,10342,179203,31851,15312,16539
31285,193852,14619,93198,10342,179233,31856,15315,16541
31290,193883,14620,93215,10342,179263,31861,15318,16543
31295,193914,14622,93229,10343,179292,31866,15320,16546
31300,193945,14624,93247,10344,179321,31871,15324,16547
31305,193976,14625,93258,10344,179351,31877,15327,16550
31310,194007,14627,93270,10344,179380,31883,15329,16554
31315,194038,14629,93281,10344,179409,31889,15330,16559
31320,194069,14631,93295,10344,179438,31895,15334,16561
31325,194100,14635,93313,10346,179465,31900,15339,16561
31330,194131,14640,93330,10351,179491,31905,15342,16563
31335,194162,14642,93343,10353,179520,31910,15343,16567
31340,194193,14644,93355,10354,179549,31915,15345,16570
31345,194224,14647,93364,10356,179577,31920,15345,16575
31350,194255,14651,93381,10359,179604,31925,15348,16577
31355,194286,14654,93395,10362,179632,31930,15351,16579
31360,194317,14658,93412,10364,179659,31935,15356,16579
31365,194348,14662,93431,10366,179686,31940,15359,16581
31370,194379,14665,93442,10368,179714,31945,15361,16584
31375,194410,14668,93455,10371,179742,31950,15362,16588
31380,194441,14670,93471,10372,179770,31955,15364,16591
31385,194472,14676,93487,10377,179795,31960,15366,16594
31390,194503,14684,93507,10385,179818,31965,15368,16597
31395,194534,14687,93521,10388,179845,31970,15371,16599
31400,194565,14690,93530,10390,179875,31975,15373,16602
31405,194596,14691,93546,10390,179903,31980,15377,16603
31410,194627,14694,93564,10393,179933,31985,15379,16606
31415,194658,14694,93578,10393,179963,31990,15381,16609
31420,194689,14694,93590,10393,179995,31995,15384,16611
31425,194720,14694,93607,10393,180025,32000,15387,16613
31430,194751,14694,93625,10393,180055,32006,15393,16613
31435,194782,14694,93642,10393,180086,32012,15398,16614
31440,194813,14694,93656,10393,180119,32018,15402,16616
31445,194844,14694,93667,10393,180150,32023,15403,16620
31450,194875,14694,93681,10393,180180,32028,15406,16622
31455,194906,14694,93695,10393,180212,32033,15408,16625
31460,194937,14694,93702,10393,180243,32038,15409,16629
31465,194968,14694,93713,10393,180274,32043,15412,16631
31470,194999,14694,93724,10393,180305,32048,15415,16633
31475,195030,14695,93737,10393,180335,32053,15419,16634
31480,195061,14697,93749,10395,180364,32058,15422,16636
31485,195092,14698,93761,10396,180394,32063,15424,16639
31490,195123,14699,93774,10396,180424,32068,15426,16642
31495,195154,14701,93788,10398,180453,32073,15431,16642
31500,195185,14703,93799,10398,180482,32078,15434,16644
31505,195216,14706,93817,10399,180510,32083,15437,16646
31510,195247,14708,93829,10399,180539,32088,15440,16648
31515,195278,14712,93847,10400,180565,32093,15444,16649
31520,195309,14717,93861,10404,180592,32098,15446,16652
31525,195340,14721,93876,10405,180618,32103,15449,16654
31530,195371,14727,93892,10410,180643,32108,15452,16656
31535,195402,14734,93905,10415,180668,32113,15454,16659
31540,195433,14739,93918,10419,180694,32118,15455,16663
31545,195464,14742,93932,10420,180720,32123,15459,16664
31550,195495,14752,93949,10429,180741,32129,15461,16668
31555,195526,14762,93967,10436,180763,32135,15464,16671
31560,195557,14768,93986,10441,180788,32141,15469,16672
31565,195588,14770,93998,10442,180818,32147,15472,16675
31570,195619,14771,94010,10442,180848,32153,15475,16678
31575,195650,14772,94022,10443,180878,32159,15479,16680
31580,195681,14774,94038,10444,180905,32165,15481,16684
31585,195712,14775,94055,10445,180935,32171,15483,16688
31590,195743,14775,94068,10445,180967,32177,15484,16693
31595,195774,14775,94081,10445,180999,32183,15487,16696
31600,195805,14775,94099,10445,181029,32189,15491,16698
31605,195836,14775,94113,10445,181059,32195,15494,16701
31610,195867,14775,94128,10445,181089,32201,15497,16704
31615,195898,14775,94151,10445,181122,32207,15503,16704
31620,195929,14775,94166,10445,181153,32213,15506,16707
31625,195960,14775,94181,10445,181185,32218,15510,16708
31630,195991,14775,94197,10445,181216,32223,15512,16711
31635,196022,14775,94218,10445,181247,32228,15516,16712
31640,196053,14775,94230,10445,181277,32233,15519,16714
31645,196084,14775,94243,10445,181308,32238,15522,16716
31650,196115,14775,94257,10445,181339,32243,15526,16717
31655,196146,14775,94268,10445,181371,32248,15528,16720
31660,196177,14775,94287,10445,181402,32253,15532,16721
31665,196208,14779,94304,10449,181428,32258,15536,16722
31670,196239,14786,94316,10454,181453,32263,15538,16725
31675,196270,14789,94329,10456,181479,32268,15540,16728
31680,196301,14796,94349,10462,181504,32273,15542,16731
31685,196332,14802,94364,10466,181530,32277,15545,16732
31690,196363,14807,94382,10469,181554,32281,15547,16734
31695,196394,14813,94396,10473,181580,32285,15548,16737
31700,196425,14817,94409,10476,181607,32289,15548,16741
31705,196456,14823,94425,10479,181633,32293,15549,16744
31710,196487,14825,94440,10481,181662,32297,15551,16746
31715,196518,14827,94455,10483,181691,32301,15553,16748
31720,196549,14829,94466,10483,181720,32305,15554,16751
31725,196580,14832,94477,10484,181748,32310,15554,16756
31730,196611,14834,94484,10484,181777,32315,15556,16759
31735,196642,14837,94496,10485,181805,32320,15556,16764
31740,196673,14839,94509,10487,181834,32325,15559,16766
31745,196704,14844,94523,10490,181860,32328,15560,16768
31750,196735,14846,94536,10491,181888,32331,15562,16769
31755,196766,14849,94551,10494,181917,32334,15563,16771
31760,196797,14851,94570,10496,181945,32337,15565,16772
31765,196828,14853,94587,10498,181974,32340,15566,16774
31770,196859,14856,94600,10501,182002,32343,15566,16777
31775,196890,14856,94610,10501,182034,32346,15567,16779
31780,196921,14856,94624,10501,182065,32349,15567,16782
31785,196952,14856,94636,10501,182095,32353,15569,16784
31790,196983,14856,94647,10501,182127,32357,15571,16786
31795,197014,14856,94665,10501,182158,32361,15574,16787
31800,197045,14856,94681,10501,182189,32365,15576,16789
31805,197076,14856,94694,10501,182220,32369,15579,16790
31810,197107,14857,94708,10502,182249,32373,15581,16792
31815,197138,14859,94719,10504,182277,32377,15582,16795
31820,197169,14861,94735,10505,182304,32381,15584,16797
31825,197200,14863,94752,10506,182335,32385,15588,16797
31830,197231,14865,94768,10508,182364,32389,15590,16799
31835,197262,14867,94780,10509,182394,32393,15590,16803
31840,197293,14869,94790,10511,182423,32397,15590,16807
31845,197324,14871,94804,10513,182453,32403,15594,16809
31850,197355,14873,94820,10515,182481,32409,15597,16812
31855,197386,14878,94835,10519,182507,32415,15602,16813
31860,197417,14883,94845,10523,182533,32421,15603,16818
31865,197448,14888,94860,10527,182560,32426,15606,16820
31870,197479,14893,94879,10531,182585,32431,15609,16822
31875,197510,14896,94894,10534,182614,32436,15611,16825
31880,197541,14899,94906,10535,182642,32441,15613,16828
31885,197572,14901,94920,10536,182671,32446,15615,16831
31890,197603,14903,94936,10537,182700,32451,15618,16833
31895,197634,14905,94952,10539,182729,32456,15621,16835
31900,197665,14909,94971,10542,182756,32461,15624,16837
31905,197696,14914,94990,10547,182782,32466,15626,16840
31910,197727,14918,95009,10550,182809,32471,15630,16841
31915,197758,14920,95025,10552,182838,32476,15633,16843
31920,197789,14922,95040,10554,182867,32481,15637,16844
31925,197820,14924,95054,10556,182896,32486,15641,16845
31930,197851,14926,95069,10558,182925,32491,15641,16850
31935,197882,14928,95080,10559,182954,32496,15642,16854
31940,197913,14930,95092,10561,182983,32501,15643,16858
31945,197944,14932,95111,10563,183012,32506,15644,16862
31950,197975,14935,95126,10565,183040,32511,15648,16863
31955,198006,14935,95139,10565,183071,32516,15649,16867
31960,198037,14935,95154,10565,183102,32521,15652,16869
31965,198068,14935,95169,10565,183133,32526,15655,16871
31970,198099,14935,95182,10565,183164,32532,15657,16875
31975,198130,14935,95199,10565,183195,32538,15660,16878
31980,198161,14936,95213,10565,183223,32544,15663,16881
31985,198192,14940,95230,10569,183250,32550,15666,16884
31990,198223,14942,95246,10571,183280,32556,15671,16885
31995,198254,14944,95258,10572,183310,32562,15672,16890
32000,198285,14945,95270,10573,183340,32568,15673,16895
32005,198316,14946,95285,10574,183368,32574,15678,16896
32010,198347,14949,95300,10577,183396,32580,15682,16898
32015,198378,14953,95311,10580,183424,32586,15684,16902
32020,198409,14957,95328,10583,183451,32592,15689,16903
32025,198440,14960,95347,10586,183479,32598,15692,16906
32030,198471,14962,95368,10587,183509,32604,15697,16907
32035,198502,14963,95380,10587,183539,32610,15698,16912
32040,198533,14964,95393,10588,183569,32616,15699,16917
32045,198564,14966,95409,10590,183598,32622,15705,16917
32050,198595,14967,95421,10590,183628,32628,15710,16918
32055,198626,14969,95433,10591,183657,32634,15713,16921
32060,198657,14971,95445,10591,183686,32640,15716,16924
32065,198688,14973,95459,10591,183715,32646,15720,16926
32070,198719,14976,95479,10592,183743,32652,15724,16928
32075,198750,14979,95496,10594,183771,32658,15727,16931
32080,198781,14981,95509,10595,183800,32664,15730,16934
32085,198812,14983,95525,10597,183829,32670,15732,16938
32090,198843,14985,95534,10598,183858,32676,15735,16941
32095,198874,14988,95547,10601,183886,32682,15739,16943
32100,198905,14992,95560,10603,183913,32688,15743,16945
32105,198936,14995,95576,10606,183941,32694,15746,16948
32110,198967,14997,95589,10607,183970,32700,15748,16952
32115,198998,15000,95600,10609,183998,32706,15750,16956
32120,199029,15004,95615,10611,184024,32712,15756,16956
32125,199060,15013,95634,10619,184045,32718,15758,16960
32130,199091,15021,95648,10626,184068,32724,15761,16963
32135,199122,15027,95668,10631,184092,32730,15764,16966
32140,199153,15031,95686,10634,184121,32736,15767,16969
32145,199184,15033,95698,10635,184151,32742,15769,16973
32150,199215,15035,95715,10636,184180,32748,15774,16974
32155,199246,15037,95730,10637,184207,32754,15775,16979
32160,199277,15040,95745,10639,184235,32760,15777,16983
32165,199308,15041,95765,10640,184267,32766,15783,16983
32170,199339,15041,95778,10640,184298,32772,15785,16987
32175,199370,15041,95794,10640,184329,32778,15789,16989
32180,199401,15041,95813,10640,184360,32784,15792,16992
32185,199432,15041,95832,10640,184391,32790,15796,16994
32190,199463,15041,95847,10640,184421,32796,15799,16997
32195,199494,15041,95863,10640,184453,32802,15802,17000
32200,199525,15041,95875,10640,184484,32808,15803,17005
32205,199556,15041,95886,10640,184514,32814,15805,17009
32210,199587,15041,95904,10640,184546,32820,15809,17011
32215,199618,15041,95920,10640,184577,32826,15812,17014
32220,199649,15041,95940,10640,184608,32832,15815,17017
32225,199680,15041,95955,10640,184639,32836,15817,17019
32230,199711,15041,95972,10640,184670,32840,15817,17023
32235,199742,15041,95985,10640,184701,32844,15818,17026
32240,199773,15043,96000,10641,184730,32848,15818,17030
32245,199804,15045,96012,10641,184759,32852,15821,17031
32250,199835,15047,96031,10643,184788,32856,15822,17034
32255,199866,15049,96047,10644,184817,32860,15823,17037
32260,199897,15051,96065,10646,184846,32864,15824,17040
32265,199928,15053,96077,10647,184875,32868,15825,17043
32270,199959,15057,96091,10650,184902,32872,15828,17044
32275,199990,15061,96106,10653,184928,32876,15831,17045
32280,200021,15067,96122,10659,184951,32880,15834,17046
32285,200052,15074,96138,10665,184976,32883,15837,17046
32290,200083,15083,96153,10673,185000,32886,15837,17049
32295,200114,15089,96166,10676,185024,32889,15838,17051
32300,200145,15094,96180,10679,185050,32892,15840,17052
32305,200176,15100,96197,10683,185073,32895,15842,17053
32310,200207,15107,96213,10688,185098,32898,15845,17053
32315,200238,15112,96232,10693,185125,32901,15847,17054
32320,200269,15114,96242,10694,185155,32904,15847,17057
32325,200300,15117,96258,10697,185182,32909,15850,17059
32330,200331,15119,96272,10698,185212,32914,15852,17062
32335,200362,15121,96284,10699,185241,32919,15855,17064
32340,200393,15121,96299,10699,185271,32924,15857,17067
32345,200424,15121,96313,10699,185303,32928,15858,17070
32350,200455,15121,96325,10699,185334,32932,15859,17073
32355,200486,15121,96338,10699,185365,32936,15861,17075
32360,200517,15121,96353,10699,185396,32940,15864,17076
32365,200548,15121,96364,10699,185427,32944,15866,17078
32370,200579,15121,96376,10699,185458,32948,15866,17082
32375,200610,15121,96395,10699,185489,32952,15869,17083
32380,200641,15121,96411,10699,185520,32956,15872,17084
32385,200672,15121,96425,10699,185551,32961,15874,17087
32390,200703,15121,96440,10699,185580,32966,15876,17090
32395,200734,15121,96452,10699,185613,32971,15877,17094
32400,200765,15121,96467,10699,185644,32976,15879,17097
32405,200796,15121,96484,10699,185675,32980,15881,17099
32410,200827,15121,96500,10699,185706,32984,15883,17101
32415,200858,15122,96515,10700,185736,32988,15884,17104
32420,200889,15124,96527,10701,185765,32992,15886,17106
32425,200920,15127,96550,10703,185792,32996,15888,17108
32430,200951,15131,96567,10707,185820,33000,15890,17110
32435,200982,15133,96578,10707,185849,33004,15890,17114
32440,201013,15139,96594,10711,185872,33008,15894,17114
32445,201044,15146,96613,10717,185896,33013,15898,17115
32450,201075,15154,96630,10723,185920,33018,15901,17117
32455,201106,15161,96649,10729,185942,33023,15904,17119
32460,201137,15169,96665,10736,185964,33028,15907,17121
32465,201168,15178,96687,10743,185990,33032,15908,17124
32470,201199,15180,96704,10745,186019,33036,15912,17124
32475,201230,15182,96723,10747,186048,33040,15915,17125
32480,201261,15183,96741,10747,186078,33044,15916,17128
32485,201292,15184,96758,10748,186108,33048,15917,17131
32490,201323,15185,96773,10749,186138,33052,15919,17133
32495,201354,15186,96789,10750,186168,33056,15921,17135
32500,201385,15187,96799,10751,186198,33060,15923,17137
32505,201416,15189,96812,10753,186226,33064,15924,17140
32510,201447,15190,96831,10754,186257,33069,15927,17142
32515,201478,15191,96844,10755,186287,33074,15930,17144
32520,201509,15192,96864,10756,186316,33079,15933,17146
32525,201540,15194,96883,10758,186346,33084,15936,17148
32530,201571,15195,96902,10759,186376,33089,15939,17150
32535,201602,15197,96920,10760,186405,33094,15940,17154
32540,201633,15198,96933,10760,186435,33099,15941,17158
32545,201664,15201,96950,10762,186463,33104,15942,17162
32550,201695,15201,96965,10762,186494,33109,15945,17164
32555,201726,15201,96977,10762,186525,33114,15948,17166
32560,201757,15201,96992,10762,186556,33119,15950,17169
32565,201788,15201,97008,10762,186586,33124,15954,17170
32570,201819,15204,97024,10764,186615,33130,15958,17172
32575,201850,15206,97041,10765,186643,33136,15961,17175
32580,201881,15210,97055,10768,186669,33142,15963,17179
32585,201912,15213,97067,10770,186698,33148,15966,17182
32590,201943,15216,97084,10772,186727,33154,15969,17185
32595,201974,15218,97098,10774,186755,33160,15973,17187
32600,202005,15222,97113,10777,186783,33166,15976,17190
32605,202036,15225,97130,10779,186811,33172,15981,17191
32610,202067,15228,97145,10780,186839,33178,15983,17195
32615,202098,15230,97158,10781,186867,33184,15985,17199
32620,202129,15234,97170,10783,186894,33190,15989,17201
32625,202160,15238,97187,10785,186920,33196,15992,17204
32630,202191,15245,97204,10790,186944,33202,15996,17206
32635,202222,15251,97215,10794,186970,33208,15999,17209
32640,202253,15255,97232,10797,186998,33214,16002,17212
32645,202284,15255,97248,10797,187029,33220,16006,17214
32650,202315,15255,97258,10797,187060,33226,16010,17216
32655,202346,15257,97272,10798,187088,33232,16014,17218
32660,202377,15258,97286,10799,187119,33238,16016,17222
32665,202408,15260,97304,10801,187147,33244,16020,17224
32670,202439,15262,97316,10802,187177,33250,16022,17228
32675,202470,15264,97327,10803,187205,33256,16022,17234
32680,202501,15266,97348,10805,187234,33262,16027,17235
32685,202532,15267,97359,10806,187265,33268,16030,17238
32690,202563,15268,97375,10807,187294,33274,16033,17241
32695,202594,15270,97397,10809,187323,33280,16037,17243
32700,202625,15271,97413,10809,187354,33286,16040,17246
32705,202656,15272,97431,10809,187384,33292,16044,17248
32710,202687,15273,97450,10809,187414,33298,16048,17250
32715,202718,15274,97462,10809,187444,33304,16051,17253
32720,202749,15275,97473,10809,187474,33310,16054,17256
32725,202780,15276,97489,10809,187504,33316,16059,17257
32730,202811,15277,97506,10810,187534,33322,16064,17258
32735,202842,15278,97520,10810,187564,33328,16067,17261
32740,202873,15279,97536,10810,187594,33334,16070,17264
32745,202904,15283,97552,10814,187620,33340,16073,17267
32750,202935,15289,97567,10818,187644,33346,16074,17272
32755,202966,15294,97585,10820,187671,33352,16077,17275
32760,202997,15299,97604,10825,187696,33358,16082,17276
32765,203028,15302,97619,10827,187724,33363,16084,17279
32770,203059,15305,97634,10829,187751,33368,16087,17281
32775,203090,15308,97644,10830,187782,33373,16088,17285
32780,203121,15310,97655,10832,187811,33378,16090,17288
32785,203152,15312,97668,10832,187840,33383,16091,17292
32790,203183,15315,97684,10834,187868,33388,16095,17293
32795,203214,15318,97700,10836,187896,33393,16099,17294
32800,203245,15322,97716,10840,187921,33398,16100,17298
32805,203276,15327,97732,10844,187946,33403,16102,17301
32810,203307,15332,97743,10848,187973,33408,16103,17305
32815,203338,15338,97758,10854,187997,33413,16105,17308
32820,203369,15343,97773,10859,188025,33418,16108,17310
32825,203400,15345,97783,10860,188055,33422,16110,17312
32830,203431,15345,97796,10860,188085,33426,16113,17313
32835,203462,15345,97812,10860,188117,33430,16115,17315
32840,203493,15345,97829,10860,188148,33434,16117,17317
32845,203524,15345,97839,10860,188179,33438,16118,17320
32850,203555,15345,97853,10860,188210,33442,16119,17323
32855,203586,15345,97871,10860,188241,33446,16120,17326
32860,203617,15345,97882,10860,188272,33450,16120,17330
32865,203648,15347,97902,10862,188301,33455,16123,17332
32870,203679,15351,97921,10865,188328,33460,16125,17335
32875,203710,15355,97937,10869,188355,33465,16128,17337
32880,203741,15360,97952,10873,188381,33470,16130,17340
32885,203772,15361,97964,10873,188411,33473,16131,17342
32890,203803,15362,97978,10874,188441,33476,16132,17344
32895,203834,15363,97993,10875,188471,33479,16133,17346
32900,203865,15364,98011,10876,188501,33482,16134,17348
32905,203896,15365,98023,10877,188531,33485,16135,17350
32910,203927,15367,98037,10879,188560,33488,16137,17351
32915,203958,15369,98049,10880,188589,33491,16138,17353
32920,203989,15369,98063,10880,188620,33494,16139,17355
32925,204020,15370,98076,10880,188648,33498,16141,17357
32930,204051,15373,98086,10882,188677,33502,16142,17360
32935,204082,15376,98105,10884,188703,33506,16144,17362
32940,204113,15380,98126,10887,188731,33510,16147,17363
32945,204144,15383,98143,10890,188761,33514,16150,17364
32950,204175,15386,98161,10891,188787,33518,16152,17366
32955,204206,15389,98180,10893,188816,33522,16156,17366
32960,204237,15394,98198,10897,188841,33526,16158,17368
32965,204268,15400,98213,10901,188867,33530,16159,17371
32970,204299,15404,98228,10903,188894,33534,16162,17372
32975,204330,15408,98242,10906,188921,33538,16163,17375
32980,204361,15410,98256,10907,188950,33542,16164,17378
32985,204392,15413,98271,10909,188979,33548,16167,17381
32990,204423,15415,98290,10910,189008,33554,16171,17383
32995,204454,15416,98305,10911,189037,33560,16174,17386
33000,204485,15418,98321,10913,189066,33566,16177,17389
33005,204516,15421,98335,10915,189094,33572,16178,17394
33010,204547,15422,98347,10916,189124,33578,16179,17399
33015,204578,15422,98363,10916,189156,33584,16183,17401
33020,204609,15422,98374,10916,189186,33590,16185,17405
33025,204640,15423,98389,10917,189217,33596,16188,17408
33030,204671,15425,98397,10918,189245,33602,16190,17412
33035,204702,15428,98412,10920,189274,33608,16194,17414
33040,204733,15431,98427,10922,189302,33614,16199,17415
33045,204764,15434,98441,10925,189330,33620,16202,17418
33050,204795,15436,98456,10926,189359,33626,16204,17422
33055,204826,15439,98476,10929,189387,33632,16207,17425
33060,204857,15442,98494,10932,189414,33638,16210,17428
33065,204888,15444,98509,10934,189444,33643,16213,17430
33070,204919,15444,98522,10934,189475,33648,16217,17431
33075,204950,15444,98537,10934,189506,33653,16219,17434
33080,204981,15444,98551,10934,189537,33658,16220,17438
33085,205012,15444,98567,10934,189568,33663,16223,17440
33090,205043,15445,98585,10934,189598,33668,16225,17443
33095,205074,15446,98601,10935,189628,33673,16227,17446
33100,205105,15447,98615,10935,189658,33678,16229,17449
33105,205136,15448,98628,10935,189687,33683,16233,17450
33110,205167,15449,98642,10935,189717,33688,16235,17453
33115,205198,15452,98654,10938,189745,33693,16236,17457
33120,205229,15455,98667,10940,189772,33698,16238,17460
33125,205260,15459,98687,10944,189800,33703,16240,17463
33130,205291,15463,98702,10947,189826,33708,16243,17465
33135,205322,15468,98715,10950,189853,33713,16246,17467
33140,205353,15472,98732,10953,189880,33718,16249,17469
33145,205384,15476,98746,10957,189907,33723,16250,17473
33150,205415,15479,98762,10960,189935,33728,16252,17476
33155,205446,15483,98772,10964,189963,33733,16255,17478
33160,205477,15486,98785,10966,189991,33738,16256,17482
33165,205508,15488,98803,10968,190020,33743,16259,17484
33170,205539,15490,98825,10969,190049,33749,16263,17486
33175,205570,15493,98839,10971,190077,33755,16266,17489
33180,205601,15497,98855,10973,190104,33761,16269,17492
33185,205632,15499,98871,10974,190132,33766,16272,17494
33190,205663,15504,98888,10978,190158,33771,16274,17497
33195,205694,15508,98906,10982,190185,33776,16275,17501
33200,205725,15510,98923,10984,190215,33781,16277,17504
33205,205756,15513,98938,10986,190243,33786,16278,17508
33210,205787,15514,98949,10987,190273,33791,16280,17511
33215,205818,15516,98966,10988,190302,33796,16281,17515
33220,205849,15518,98981,10990,190331,33801,16284,17517
33225,205880,15519,98996,10990,190360,33806,16285,17521
33230,205911,15522,99018,10993,190388,33811,16289,17522
33235,205942,15523,99030,10993,190418,33816,16293,17523
33240,205973,15525,99044,10994,190448,33821,16294,17527
33245,206004,15526,99057,10995,190478,33826,16294,17532
33250,206035,15527,99073,10996,190508,33831,16298,17533
33255,206066,15529,99088,10997,190537,33836,16300,17536
33260,206097,15529,99102,10997,190568,33841,16303,17538
33265,206128,15529,99116,10997,190599,33846,16305,17541
33270,206159,15530,99136,10998,190629,33851,16308,17543
33275,206190,15531,99147,10998,190657,33856,16308,17548
33280,206221,15533,99162,11000,190688,33861,16311,17550
33285,206252,15534,99178,11001,190717,33866,16313,17553
33290,206283,15535,99190,11002,190748,33872,16315,17557
33295,206314,15536,99204,11002,190776,33878,16319,17559
33300,206345,15540,99216,11004,190803,33884,16322,17562
33305,206376,15545,99233,11007,190830,33890,16324,17566
33310,206407,15548,99248,11009,190859,33896,16329,17567
33315,206438,15550,99263,11010,190887,33902,16333,17569
33320,206469,15554,99279,11013,190914,33908,16336,17572
33325,206500,15558,99293,11015,190940,33914,16338,17576
33330,206531,15562,99308,11019,190968,33920,16341,17579
33335,206562,15567,99324,11023,190994,33926,16345,17581
33340,206593,15571,99340,11027,191022,33932,16347,17585
33345,206624,15573,99355,11028,191051,33938,16350,17588
33350,206655,15576,99372,11030,191078,33944,16353,17591
33355,206686,15579,99385,11033,191107,33950,16356,17594
33360,206717,15581,99403,11035,191134,33956,16359,17597
33365,206748,15583,99414,11037,191165,33961,16363,17598
33370,206779,15584,99427,11037,191195,33966,16365,17601
33375,206810,15585,99442,11038,191225,33971,16367,17604
33380,206841,15587,99456,11040,191254,33976,16369,17607
33385,206872,15588,99473,11040,191284,33981,16374,17607
33390,206903,15589,99486,11041,191314,33986,16375,17611
33395,206934,15591,99501,11042,191343,33991,16376,17615
33400,206965,15592,99519,11043,191373,33996,16378,17618
33405,206996,15594,99532,11044,191402,34001,16381,17620
33410,207027,15595,99544,11044,191432,34006,16383,17623
33415,207058,15597,99563,11046,191460,34011,16385,17626
33420,207089,15599,99583,11048,191490,34016,16389,17627
33425,207120,15600,99596,11048,191519,34018,16390,17628
33430,207151,15602,99614,11049,191548,34020,16392,17628
33435,207182,15604,99631,11051,191578,34022,16393,17629
33440,207213,15606,99646,11053,191607,34024,16394,17630
33445,207244,15607,99658,11054,191637,34026,16394,17632
33450,207275,15610,99674,11056,191665,34028,16395,17633
33455,207306,15614,99691,11059,191692,34030,16396,17634
33460,207337,15617,99709,11061,191720,34032,16396,17636
33465,207368,15618,99725,11061,191748,34035,16399,17636
33470,207399,15623,99737,11064,191774,34038,16402,17636
33475,207430,15626,99748,11066,191802,34041,16402,17639
33480,207461,15631,99768,11070,191828,34044,16405,17639
33485,207492,15636,99786,11074,191856,34047,16406,17641
33490,207523,15639,99802,11075,191884,34050,16409,17641
33495,207554,15642,99818,11077,191911,34053,16410,17643
33500,207585,15644,99830,11078,191941,34056,16412,17644
33505,207616,15645,99841,11079,191971,34059,16413,17646
33510,207647,15646,99855,11079,192001,34062,16415,17647
33515,207678,15647,99868,11079,192031,34065,16416,17649
33520,207709,15648,99885,11079,192061,34068,16418,17650
33525,207740,15650,99902,11080,192090,34074,16420,17654
33530,207771,15651,99913,11080,192120,34080,16422,17658
33535,207802,15652,99928,11080,192150,34086,16426,17660
33540,207833,15654,99944,11082,192179,34092,16428,17664
33545,207864,15657,99960,11085,192206,34098,16431,17667
33550,207895,15659,99975,11087,192235,34104,16433,17671
33555,207926,15662,99993,11090,192263,34110,16438,17672
33560,207957,15665,100013,11093,192291,34116,16441,17675
33565,207988,15667,100028,11095,192320,34122,16444,17678
33570,208019,15670,100037,11097,192349,34128,16445,17683
33575,208050,15672,100053,11099,192378,34134,16446,17688
33580,208081,15674,100071,11101,192407,34140,16450,17690
33585,208112,15676,100089,11102,192436,34146,16454,17692
33590,208143,15677,100102,11103,192466,34152,16456,17696
33595,208174,15678,100116,11103,192496,34158,16459,17699
33600,208205,15680,100130,11104,192524,34164,16462,17702
33605,208236,15682,100145,11104,192552,34170,16465,17705
33610,208267,15686,100157,11107,192580,34176,16467,17709
33615,208298,15689,100173,11109,192608,34182,16471,17711
33620,208329,15693,100188,11113,192636,34188,16473,17715
33625,208360,15695,100202,11114,192664,34194,16474,17720
33630,208391,15699,100215,11116,192692,34200,16476,17724
33635,208422,15702,100231,11118,192718,34206,16478,17728
33640,208453,15706,100246,11121,192746,34212,16481,17731
33645,208484,15708,100262,11122,192776,34218,16485,17733
33650,208515,15710,100277,11123,192802,34224,16487,17737
33655,208546,15713,100290,11126,192832,34230,16489,17741
33660,208577,15715,100304,11128,192861,34236,16493,17743
33665,208608,15719,100321,11132,192889,34241,16496,17745
33670,208639,15722,100338,11134,192917,34246,16499,17747
33675,208670,15723,100353,11135,192947,34251,16501,17750
33680,208701,15724,100367,11136,192977,34256,16503,17753
33685,208732,15725,100382,11137,193007,34261,16506,17755
33690,208763,15726,100403,11138,193037,34266,16509,17757
33695,208794,15727,100419,11139,193065,34271,16510,17761
33700,208825,15728,100436,11139,193097,34276,16514,17762
33705,208856,15729,100453,11140,193127,34281,16516,17765
33710,208887,15731,100469,11142,193156,34286,16518,17768
33715,208918,15732,100483,11142,193186,34291,16521,17770
33720,208949,15734,100500,11144,193215,34296,16524,17772
33725,208980,15735,100512,11144,193245,34301,16527,17774
33730,209011,15736,100526,11144,193275,34306,16528,17778
33735,209042,15738,100544,11145,193304,34311,16533,17778
33740,209073,15740,100560,11146,193333,34316,16535,17781
33745,209104,15742,100577,11148,193362,34321,16540,17781
33750,209135,15746,100592,11151,193389,34326,16542,17784
33755,209166,15748,100608,11151,193415,34331,16546,17785
33760,209197,15753,100620,11156,193443,34336,16546,17790
33765,209228,15759,100634,11161,193469,34341,16547,17794
33770,209259,15763,100648,11163,193494,34347,16551,17796
33775,209290,15769,100667,11168,193520,34353,16556,17797
33780,209321,15772,100681,11170,193547,34359,16560,17799
33785,209352,15778,100698,11174,193573,34365,16562,17803
33790,209383,15783,100714,11178,193599,34371,16563,17808
33795,209414,15785,100728,11179,193628,34377,16566,17811
33800,209445,15787,100741,11181,193658,34383,16569,17814
33805,209476,15788,100762,11181,193687,34389,16573,17816
33810,209507,15790,100777,11182,193716,34395,16575,17820
33815,209538,15792,100793,11183,193745,34401,16577,17824
33820,209569,15794,100808,11184,193775,34407,16581,17826
33825,209600,15795,100827,11184,193804,34413,16586,17827
33830,209631,15797,100840,11185,193834,34419,16589,17830
33835,209662,15798,100850,11185,193863,34425,16590,17835
33840,209693,15801,100862,11187,193891,34431,16592,17839
33845,209724,15803,100880,11189,193920,34437,16595,17842
33850,209755,15804,100892,11190,193951,34443,16598,17845
33855,209786,15804,100906,11190,193982,34449,16601,17848
33860,209817,15804,100921,11190,194011,34455,16605,17850
33865,209848,15804,100942,11190,194043,34461,16611,17850
33870,209879,15804,100960,11190,194073,34467,16613,17854
33875,209910,15804,100971,11190,194106,34473,16615,17858
33880,209941,15805,100983,11190,194136,34479,16619,17860
33885,209972,15806,101001,11191,194166,34485,16623,17862
33890,210003,15808,101017,11192,194195,34491,16627,17864
33895,210034,15809,101030,11192,194225,34497,16628,17869
33900,210065,15811,101045,11193,194254,34503,16629,17874
33905,210096,15813,101066,11195,194283,34508,16631,17877
33910,210127,15816,101086,11198,194311,34513,16632,17881
33915,210158,15820,101102,11201,194338,34518,16635,17883
33920,210189,15824,101124,11205,194364,34523,16639,17884
33925,210220,15830,101140,11210,194390,34528,16641,17887
33930,210251,15834,101158,11213,194415,34533,16643,17890
33935,210282,15840,101171,11219,194442,34538,16645,17893
33940,210313,15843,101188,11221,194468,34543,16648,17895
33945,210344,15849,101204,11226,194495,34548,16653,17895
33950,210375,15851,101219,11227,194524,34553,16653,17900
33955,210406,15855,101232,11231,194551,34558,16654,17904
33960,210437,15857,101248,11232,194579,34563,16657,17906
33965,210468,15859,101262,11233,194608,34566,16660,17906
33970,210499,15862,101273,11235,194636,34569,16660,17909
33975,210530,15865,101290,11238,194664,34572,16661,17911
33980,210561,15867,101303,11239,194694,34575,16663,17912
33985,210592,15868,101318,11240,194724,34578,16666,17912
33990,210623,15870,101332,11241,194752,34581,16668,17913
33995,210654,15873,101346,11244,194780,34584,16669,17915
34000,210685,15875,101363,11245,194810,34587,16671,17916
34005,210716,15876,101375,11246,194840,34591,16673,17918
34010,210747,15877,101392,11247,194870,34595,16674,17921
34015,210778,15878,101407,11248,194900,34599,16676,17923
34020,210809,15879,101426,11249,194927,34603,16679,17924
34025,210840,15880,101445,11250,194958,34607,16683,17924
34030,210871,15880,101456,11250,194991,34611,16684,17927
34035,210902,15880,101471,11250,195021,34615,16685,17930
34040,210933,15880,101486,11250,195053,34619,16686,17933
34045,210964,15880,101505,11250,195082,34623,16689,17934
34050,210995,15883,101519,11253,195112,34627,16692,17935
34055,211026,15885,101535,11255,195140,34631,16694,17937
34060,211057,15886,101544,11255,195171,34635,16694,17941
34065,211088,15890,101556,11259,195198,34641,16695,17946
34070,211119,15894,101572,11263,195225,34647,16700,17947
34075,211150,15899,101588,11268,195251,34653,16701,17952
34080,211181,15905,101608,11274,195276,34659,16705,17954
34085,211212,15907,101625,11276,195305,34663,16708,17955
34090,211243,15908,101640,11276,195335,34667,16710,17957
34095,211274,15910,101655,11278,195364,34671,16712,17959
34100,211305,15912,101668,11280,195393,34675,16713,17962
34105,211336,15914,101684,11282,195422,34679,16716,17963
34110,211367,15915,101694,11282,195452,34683,16717,17966
34115,211398,15917,101710,11284,195481,34687,16718,17969
34120,211429,15918,101724,11285,195510,34691,16720,17971
34125,211460,15921,101735,11287,195538,34695,16721,17974
34130,211491,15926,101752,11291,195563,34699,16724,17975
34135,211522,15931,101763,11296,195589,34703,16725,17978
34140,211553,15937,101781,11301,195613,34707,16727,17980
34145,211584,15941,101797,11305,195642,34711,16730,17981
34150,211615,15943,101813,11307,195671,34715,16732,17983
34155,211646,15946,101824,11310,195700,34719,16733,17986
34160,211677,15948,101839,11312,195727,34723,16734,17989
34165,211708,15948,101852,11312,195758,34727,16737,17990
34170,211739,15948,101863,11312,195791,34731,16737,17994
34175,211770,15948,101880,11312,195822,34735,16739,17996
34180,211801,15948,101892,11312,195852,34739,16743,17996
34185,211832,15948,101905,11312,195884,34744,16746,17998
34190,211863,15949,101916,11312,195914,34750,16748,18002
34195,211894,15951,101931,11313,195943,34756,16750,18006
34200,211925,15953,101942,11314,195972,34762,16752,18010
34205,211956,15955,101956,11316,196001,34767,16755,18012
34210,211987,15956,101967,11316,196031,34772,16758,18014
34215,212018,15958,101983,11317,196060,34777,16760,18017
34220,212049,15960,101998,11318,196089,34782,16762,18020
34225,212080,15962,102009,11320,196118,34787,16763,18024
34230,212111,15964,102024,11322,196147,34792,16764,18028
34235,212142,15966,102038,11323,196176,34797,16767,18030
34240,212173,15969,102054,11325,196204,34802,16771,18031
34245,212204,15970,102064,11325,196234,34807,16773,18034
34250,212235,15972,102077,11326,196261,34812,16774,18038
34255,212266,15974,102092,11326,196289,34817,16776,18041
34260,212297,15976,102106,11327,196319,34822,16778,18044
34265,212328,15977,102120,11328,196350,34827,16780,18047
34270,212359,15980,102138,11330,196379,34832,16783,18049
34275,212390,15983,102154,11331,196407,34837,16786,18051
34280,212421,15986,102173,11334,196434,34842,16789,18053
34285,212452,15989,102186,11336,196463,34847,16792,18055
34290,212483,15992,102201,11338,196491,34852,16794,18058
34295,212514,15995,102221,11340,196519,34857,16796,18061
34300,212545,15999,102238,11344,196546,34862,16798,18064
34305,212576,16004,102254,11349,196571,34867,16801,18066
34310,212607,16009,102269,11353,196597,34873,16804,18069
34315,212638,16012,102282,11354,196624,34879,16807,18072
34320,212669,16019,102295,11360,196649,34885,16811,18074
34325,212700,16023,102311,11363,196677,34891,16813,18078
34330,212731,16026,102325,11364,196705,34897,16816,18081
34335,212762,16029,102345,11366,196733,34903,16820,18083
34340,212793,16029,102359,11366,196764,34909,16823,18086
34345,212824,16029,102376,11366,196795,34915,16825,18090
34350,212855,16029,102388,11366,196826,34921,16828,18093
34355,212886,16029,102398,11366,196857,34927,16832,18095
34360,212917,16029,102414,11366,196888,34933,16837,18096
34365,212948,16029,102428,11366,196919,34939,16839,18100
34370,212979,16031,102442,11368,196948,34945,16842,18103
34375,213010,16032,102463,11369,196976,34951,16847,18104
34380,213041,16033,102479,11369,197006,34957,16850,18107
34385,213072,16035,102495,11371,197037,34963,16852,18111
34390,213103,16036,102515,11372,197067,34969,16856,18113
34395,213134,16037,102529,11372,197097,34975,16861,18114
34400,213165,16039,102544,11374,197126,34981,16863,18118
34405,213196,16041,102559,11375,197155,34987,16867,18120
34410,213227,16042,102569,11375,197185,34993,16869,18124
34415,213258,16043,102588,11376,197215,34999,16873,18126
34420,213289,16044,102604,11377,197245,35005,16875,18130
34425,213320,16045,102619,11377,197274,35011,16880,18131
34430,213351,16047,102632,11378,197302,35017,16884,18133
34435,213382,16050,102648,11381,197331,35023,16886,18137
34440,213413,16052,102665,11382,197361,35029,16891,18138
34445,213444,16055,102680,11384,197389,35035,16894,18141
34450,213475,16058,102698,11386,197417,35041,16898,18143
34455,213506,16062,102712,11389,197444,35047,16900,18147
34460,213537,16065,102730,11391,197472,35053,16904,18149
34465,213568,16068,102749,11393,197500,35059,16907,18152
34470,213599,16072,102766,11395,197526,35065,16908,18157
34475,213630,16075,102782,11398,197555,35071,16910,18161
34480,213661,16077,102798,11400,197584,35077,16914,18163
34485,213692,16079,102811,11400,197612,35083,16917,18166
34490,213723,16085,102834,11405,197638,35089,16922,18167
34495,213754,16088,102847,11406,197665,35095,16927,18168
34500,213785,16095,102862,11411,197690,35101,16932,18169
34505,213816,16100,102877,11416,197716,35105,16935,18170
34510,213847,16103,102889,11418,197744,35109,16936,18173
34515,213878,16108,102902,11423,197770,35113,16937,18176
34520,213909,16111,102913,11425,197798,35117,16939,18178
34525,213940,16116,102933,11429,197824,35121,16943,18178
34530,213971,16118,102950,11430,197853,35125,16946,18179
34535,214002,16119,102962,11430,197883,35129,16947,18182
34540,214033,16121,102977,11432,197912,35133,16950,18183
34545,214064,16121,102990,11432,197943,35137,16950,18187
34550,214095,16121,103006,11432,197972,35141,16953,18188
34555,214126,16121,103022,11432,198004,35145,16953,18192
34560,214157,16121,103040,11432,198036,35149,16956,18193
34565,214188,16121,103054,11432,198067,35152,16957,18195
34570,214219,16121,103072,11432,198098,35155,16960,18195
34575,214250,16121,103083,11432,198128,35158,16960,18198
34580,214281,16123,103097,11434,198158,35161,16961,18200
34585,214312,16125,103113,11435,198186,35164,16962,18202
34590,214343,16126,103133,11436,198216,35167,16964,18203
34595,214374,16127,103152,11436,198247,35170,16966,18204
34600,214405,16128,103170,11437,198277,35173,16968,18205
34605,214436,16129,103188,11438,198306,35178,16972,18206
34610,214467,16131,103202,11440,198336,35183,16974,18209
34615,214498,16132,103215,11440,198366,35188,16975,18213
34620,214529,16133,103231,11441,198396,35193,16977,18216
34625,214560,16134,103250,11441,198426,35198,16979,18219
34630,214591,16135,103268,11442,198456,35203,16981,18222
34635,214622,16137,103277,11443,198484,35208,16983,18225
34640,214653,16141,103288,11445,198511,35213,16986,18227
34645,214684,16145,103304,11448,198539,35218,16989,18229
34650,214715,16148,103322,11451,198567,35223,16992,18231
34655,214746,16152,103342,11452,198593,35228,16995,18233
34660,214777,16156,103359,11453,198619,35233,16998,18235
34665,214808,16165,103377,11459,198641,35239,17001,18238
34670,214839,16172,103393,11465,198666,35245,17004,18241
34675,214870,16176,103405,11467,198693,35251,17007,18244
34680,214901,16182,103422,11472,198718,35257,17010,18247
34685,214932,16187,103441,11476,198745,35263,17011,18252
34690,214963,16190,103455,11479,198773,35269,17013,18256
34695,214994,16193,103465,11481,198801,35275,17016,18259
34700,215025,16196,103480,11483,198829,35281,17019,18262
34705,215056,16200,103498,11487,198856,35287,17022,18265
34710,215087,16201,103509,11488,198886,35293,17025,18268
34715,215118,16204,103530,11491,198914,35299,17029,18270
34720,215149,16205,103545,11491,198944,35305,17031,18274
34725,215180,16206,103561,11492,198974,35311,17033,18278
34730,215211,16207,103578,11492,199004,35317,17037,18280
34735,215242,16209,103591,11493,199033,35323,17039,18284
34740,215273,16211,103604,11494,199062,35329,17040,18289
34745,215304,16212,103617,11495,199092,35333,17043,18290
34750,215335,16213,103632,11496,199122,35337,17045,18292
34755,215366,16213,103647,11496,199153,35341,17047,18294
34760,215397,16213,103664,11496,199183,35345,17048,18297
34765,215428,16213,103679,11496,199215,35349,17050,18299
34770,215459,16213,103689,11496,199245,35353,17050,18303
34775,215490,16213,103704,11496,199276,35357,17052,18305
34780,215521,16213,103720,11496,199308,35361,17054,18307
34785,215552,16213,103731,11496,199337,35365,17055,18310
34790,215583,16214,103750,11497,199366,35369,17058,18311
34795,215614,16217,103767,11499,199394,35373,17061,18312
34800,215645,16220,103779,11502,199423,35377,17062,18315
34805,215676,16221,103793,11502,199453,35381,17065,18316
34810,215707,16224,103809,11505,199481,35385,17067,18318
34815,215738,16227,103827,11508,199509,35389,17070,18319
34820,215769,16232,103844,11513,199537,35393,17071,18322
34825,215800,16235,103856,11514,199565,35397,17073,18324
34830,215831,16238,103867,11515,199592,35401,17073,18328
34835,215862,16242,103882,11518,199619,35405,17074,18331
34840,215893,16245,103897,11520,199648,35409,17078,18331
34845,215924,16247,103913,11522,199677,35414,17081,18333
34850,215955,16249,103929,11523,199706,35420,17084,18336
34855,215986,16252,103945,11526,199734,35426,17087,18339
34860,216017,16255,103960,11528,199762,35432,17091,18341
34865,216048,16258,103978,11531,199790,35438,17095,18343
34870,216079,16260,103993,11531,199819,35444,17098,18346
34875,216110,16262,104014,11532,199848,35450,17102,18348
34880,216141,16266,104026,11534,199875,35456,17104,18352
34885,216172,16268,104043,11536,199904,35462,17107,18355
34890,216203,16272,104060,11539,199931,35468,17110,18358
34895,216234,16276,104074,11543,199958,35474,17113,18361
34900,216265,16280,104094,11546,199985,35480,17116,18364
34905,216296,16282,104107,11548,200013,35486,17120,18366
34910,216327,16286,104125,11551,200038,35492,17124,18368
34915,216358,16292,104143,11557,200065,35498,17127,18371
34920,216389,16294,104155,11558,200093,35504,17127,18377
34925,216420,16295,104176,11559,200125,35510,17131,18379
34930,216451,16295,104188,11559,200155,35516,17134,18382
34935,216482,16295,104205,11559,200186,35522,17138,18384
34940,216513,16295,104221,11559,200218,35528,17141,18387
34945,216544,16297,104240,11561,200247,35534,17146,18388
34950,216575,16298,104253,11562,200276,35540,17148,18392
34955,216606,16300,104264,11563,200306,35546,17150,18396
34960,216637,16302,104281,11565,200335,35552,17152,18400
34965,216668,16303,104291,11565,200365,35558,17155,18403
34970,216699,16304,104309,11565,200394,35564,17158,18406
34975,216730,16307,104325,11568,200422,35570,17161,18409
34980,216761,16310,104342,11570,200450,35576,17163,18413
34985,216792,16313,104357,11572,200478,35582,17167,18415
34990,216823,16315,104369,11573,200508,35588,17170,18418
34995,216854,16316,104385,11574,200535,35594,17174,18420
35000,216885,16318,104398,11575,200565,35600,17177,18423
35005,216916,16321,104413,11577,200594,35606,17179,18427
35010,216947,16323,104429,11579,200624,35612,17182,18430
35015,216978,16325,104439,11581,200652,35618,17184,18434
35020,217009,16327,104456,11582,200682,35624,17188,18436
35025,217040,16328,104470,11582,200712,35630,17191,18439
35030,217071,16329,104484,11582,200742,35636,17194,18442
35035,217102,16331,104495,11583,200771,35642,17197,18445
35040,217133,16335,104508,11587,200798,35648,17199,18449
35045,217164,16338,104527,11589,200826,35652,17202,18450
35050,217195,16340,104542,11591,200855,35656,17203,18453
35055,217226,16343,104559,11593,200883,35660,17204,18456
35060,217257,16346,104575,11594,200911,35664,17207,18457
35065,217288,16349,104592,11596,200939,35668,17210,18458
35070,217319,16352,104604,11597,200967,35672,17212,18460
35075,217350,16355,104621,11599,200995,35676,17215,18461
35080,217381,16357,104636,11601,201024,35680,17219,18461
35085,217412,16360,104648,11602,201052,35684,17221,18463
35090,217443,16362,104665,11602,201081,35688,17225,18463
35095,217474,16365,104676,11604,201109,35692,17228,18464
35100,217505,16369,104691,11606,201136,35696,17231,18465
35105,217536,16372,104704,11607,201164,35698,17232,18466
35110,217567,16376,104718,11610,201191,35700,17232,18468
35115,217598,16380,104731,11611,201218,35702,17234,18468
35120,217629,16383,104748,11613,201246,35704,17235,18469
35125,217660,16387,104767,11615,201271,35706,17236,18470
35130,217691,16391,104785,11618,201298,35708,17236,18472
35135,217722,16396,104800,11622,201326,35710,17237,18473
35140,217753,16398,104815,11622,201354,35712,17238,18474
35145,217784,16402,104825,11624,201382,35715,17239,18476
35150,217815,16405,104832,11625,201410,35719,17240,18479
35155,217846,16409,104848,11628,201435,35723,17244,18479
35160,217877,16411,104868,11630,201464,35727,17245,18482
35165,217908,16413,104883,11631,201493,35731,17249,18482
35170,217939,16415,104895,11632,201522,35735,17250,18485
35175,217970,16417,104914,11633,201551,35739,17252,18487
35180,218001,16419,104935,11634,201580,35743,17255,18488
35185,218032,16421,104947,11636,201610,35747,17257,18490
35190,218063,16424,104963,11639,201639,35751,17259,18492
35195,218094,16424,104978,11639,201670,35755,17260,18495
35200,218125,16424,104996,11639,201701,35759,17262,18497
35205,218156,16424,105014,11639,201732,35765,17266,18499
35210,218187,16424,105033,11639,201763,35771,17268,18503
35215,218218,16424,105050,11639,201793,35777,17274,18503
35220,218249,16424,105063,11639,201825,35783,17278,18505
35225,218280,16424,105076,11639,201856,35789,17280,18509
35230,218311,16424,105090,11639,201886,35795,17284,18511
35235,218342,16425,105109,11639,201916,35801,17289,18512
35240,218373,16426,105128,11640,201947,35807,17292,18515
35245,218404,16427,105139,11641,201977,35813,17293,18520
35250,218435,16428,105153,11641,202007,35819,17296,18523
35255,218466,16429,105167,11641,202037,35825,17299,18526
35260,218497,16430,105182,11642,202067,35831,17302,18529
35265,218528,16431,105199,11642,202097,35837,17303,18534
35270,218559,16436,105217,11647,202123,35843,17307,18536
35275,218590,16440,105230,11649,202150,35849,17310,18539
35280,218621,16446,105246,11654,202175,35855,17313,18542
35285,218652,16450,105259,11656,202202,35861,17315,18546
35290,218683,16453,105271,11657,202230,35867,17316,18551
35295,218714,16455,105282,11658,202258,35873,17318,18555
35300,218745,16459,105293,11659,202286,35879,17321,18558
35305,218776,16464,105307,11662,202312,35885,17324,18561
35310,218807,16468,105322,11665,202339,35891,17326,18565
35315,218838,16471,105338,11666,202366,35897,17326,18571
35320,218869,16476,105349,11668,202393,35903,17328,18575
35325,218900,16481,105365,11672,202418,35909,17333,18576
35330,218931,16488,105383,11679,202443,35915,17337,18578
35335,218962,16493,105401,11683,202468,35921,17341,18580
35340,218993,16499,105417,11686,202489,35927,17346,18581
35345,219024,16505,105433,11691,202519,35932,17351,18581
35350,219055,16506,105449,11691,202548,35937,17354,18583
35355,219086,16508,105462,11692,202578,35942,17357,18585
35360,219117,16510,105480,11694,202606,35947,17358,18589
35365,219148,16512,105494,11696,202636,35952,17359,18593
35370,219179,16514,105510,11697,202665,35957,17362,18595
35375,219210,16514,105524,11697,202696,35962,17364,18598
35380,219241,16514,105536,11697,202727,35967,17366,18601
35385,219272,16514,105552,11697,202758,35972,17368,18604
35390,219303,16514,105569,11697,202788,35977,17370,18607
35395,219334,16514,105582,11697,202819,35982,17370,18612
35400,219365,16514,105599,11697,202850,35987,17370,18617
35405,219396,16514,105620,11697,202882,35991,17372,18619
35410,219427,16514,105632,11697,202913,35995,17376,18619
35415,219458,16514,105644,11697,202944,35999,17378,18621
35420,219489,16514,105659,11697,202975,36003,17380,18623
35425,219520,16514,105678,11697,203006,36007,17383,18624
35430,219551,16514,105696,11697,203037,36011,17386,18625
35435,219582,16514,105708,11697,203068,36015,17387,18628
35440,219613,16514,105724,11697,203099,36019,17389,18630
35445,219644,16514,105741,11697,203130,36023,17391,18632
35450,219675,16517,105750,11698,203158,36028,17392,18636
35455,219706,16520,105765,11699,203186,36033,17394,18639
35460,219737,16522,105775,11699,203215,36038,17398,18640
35465,219768,16524,105787,11699,203244,36043,17401,18642
35470,219799,16529,105807,11702,203270,36048,17405,18643
35475,219830,16536,105827,11708,203294,36053,17408,18645
35480,219861,16541,105842,11711,203319,36058,17409,18649
35485,219892,16548,105855,11716,203344,36063,17412,18651
35490,219923,16551,105868,11719,203372,36068,17415,18653
35495,219954,16554,105886,11722,203400,36073,17418,18655
35500,219985,16556,105901,11724,203429,36078,17419,18659
35505,220016,16559,105912,11726,203455,36084,17420,18664
35510,220047,16563,105923,11729,203483,36090,17423,18667
35515,220078,16568,105939,11734,203510,36096,17426,18670
35520,220109,16571,105954,11736,203536,36102,17429,18673
35525,220140,16574,105971,11739,203566,36108,17432,18676
35530,220171,16575,105984,11739,203596,36114,17436,18678
35535,220202,16576,106000,11740,203624,36120,17439,18681
35540,220233,16578,106016,11741,203654,36126,17442,18684
35545,220264,16579,106032,11741,203684,36132,17447,18685
35550,220295,16580,106049,11741,203715,36138,17452,18686
35555,220326,16581,106062,11741,203744,36144,17454,18690
35560,220357,16583,106081,11743,203773,36150,17458,18692
35565,220388,16584,106096,11743,203801,36156,17460,18696
35570,220419,16587,106113,11746,203831,36162,17463,18699
35575,220450,16590,106129,11748,203859,36168,17466,18702
35580,220481,16592,106145,11749,203888,36174,17468,18706
35585,220512,16595,106163,11752,203917,36179,17472,18707
35590,220543,16595,106178,11752,203948,36184,17474,18710
35595,220574,16596,106191,11753,203978,36189,17475,18714
35600,220605,16597,106205,11754,204008,36194,17476,18718
35605,220636,16598,106221,11754,204038,36199,17477,18722
35610,220667,16599,106233,11755,204068,36204,17479,18725
35615,220698,16600,106246,11755,204098,36209,17481,18728
35620,220729,16601,106259,11756,204128,36214,17483,18731
35625,220760,16602,106276,11757,204158,36219,17485,18734
35630,220791,16605,106293,11758,204186,36224,17489,18735
35635,220822,16609,106304,11761,204213,36229,17491,18738
35640,220853,16612,106317,11762,204241,36234,17493,18741
35645,220884,16615,106334,11764,204269,36239,17495,18744
35650,220915,16619,106351,11768,204296,36244,17496,18748
35655,220946,16623,106363,11771,204323,36249,17499,18750
35660,220977,16626,106377,11772,204351,36254,17502,18752
35665,221008,16630,106393,11775,204378,36259,17503,18756
35670,221039,16633,106410,11776,204406,36264,17507,18757
35675,221070,16634,106422,11776,204436,36269,17509,18760
35680,221101,16635,106441,11777,204465,36274,17511,18763
35685,221132,16639,106461,11781,204491,36280,17514,18766
35690,221163,16642,106476,11783,204520,36286,17518,18768
35695,221194,16645,106490,11786,204548,36292,17520,18772
35700,221225,16649,106510,11789,204575,36298,17524,18774
35705,221256,16652,106526,11791,204604,36302,17525,18777
35710,221287,16653,106544,11792,204634,36306,17526,18780
35715,221318,16654,106561,11793,204664,36310,17528,18782
35720,221349,16655,106578,11793,204693,36314,17530,18784
35725,221380,16656,106592,11793,204723,36318,17533,18785
35730,221411,16657,106603,11793,204754,36322,17533,18789
35735,221442,16658,106621,11794,204784,36326,17535,18791
35740,221473,16659,106637,11795,204813,36330,17538,18792
35745,221504,16660,106651,11796,204842,36334,17540,18794
35750,221535,16661,106669,11796,204873,36338,17542,18796
35755,221566,16662,106682,11796,204903,36342,17542,18800
35760,221597,16663,106697,11797,204934,36346,17544,18802
35765,221628,16665,106711,11798,204963,36350,17545,18805
35770,221659,16666,106728,11798,204993,36354,17548,18806
35775,221690,16669,106744,11801,205021,36358,17551,18807
35780,221721,16674,106758,11804,205047,36362,17553,18809
35785,221752,16678,106773,11808,205074,36366,17554,18812
35790,221783,16681,106789,11810,205102,36370,17555,18815
35795,221814,16685,106807,11814,205129,36374,17556,18818
35800,221845,16689,106818,11816,205156,36378,17557,18821
35805,221876,16693,106830,11820,205183,36384,17560,18824
35810,221907,16697,106843,11822,205210,36390,17561,18829
35815,221938,16701,106858,11825,205237,36396,17563,18833
35820,221969,16704,106872,11827,205265,36402,17565,18837
35825,222000,16706,106883,11827,205294,36408,17566,18842
35830,222031,16708,106898,11827,205323,36414,17569,18845
35835,222062,16712,106911,11829,205350,36420,17572,18848
35840,222093,16715,106923,11830,205378,36426,17576,18850
35845,222124,16717,106935,11831,205407,36432,17579,18853
35850,222155,16721,106951,11834,205434,36438,17583,18855
35855,222186,16723,106968,11835,205462,36444,17587,18857
35860,222217,16726,106984,11837,205490,36450,17590,18860
35865,222248,16729,107000,11840,205518,36456,17593,18863
35870,222279,16732,107017,11842,205544,36462,17596,18866
35875,222310,16737,107030,11845,205572,36468,17597,18871
35880,222341,16742,107045,11849,205598,36474,17601,18873
35885,222372,16745,107066,11852,205627,36480,17603,18877
35890,222403,16745,107079,11852,205658,36486,17606,18880
35895,222434,16745,107091,11852,205689,36492,17608,18884
35900,222465,16745,107107,11852,205720,36498,17611,18887
35905,222496,16745,107119,11852,205751,36504,17613,18891
35910,222527,16745,107137,11852,205782,36510,17618,18892
35915,222558,16745,107152,11852,205813,36516,17622,18894
35920,222589,16746,107167,11853,205843,36522,17624,18898
35925,222620,16748,107183,11855,205870,36528,17628,18900
35930,222651,16751,107200,11858,205899,36534,17630,18904
35935,222682,16753,107215,11859,205927,36540,17633,18907
35940,222713,16755,107231,11860,205956,36546,17636,18910
35945,222744,16758,107248,11863,205986,36550,17640,18910
35950,222775,16759,107265,11864,206015,36554,17642,18912
35955,222806,16761,107281,11865,206045,36558,17646,18912
35960,222837,16762,107293,11865,206075,36562,17648,18914
35965,222868,16763,107306,11865,206105,36566,17649,18917
35970,222899,16764,107316,11865,206135,36570,17650,18920
35975,222930,16765,107330,11865,206164,36574,17652,18922
35980,222961,16767,107343,11867,206193,36578,17652,18926
35985,222992,16770,107357,11869,206220,36582,17654,18928
35990,223023,16776,107373,11875,206246,36586,17656,18930
35995,223054,16780,107389,11878,206274,36590,17658,18932
36000,223085,16785,107406,11881,206300,36594,17661,18933
36005,223116,16791,107427,11885,206325,36597,17663,18934
36010,223147,16795,107440,11888,206352,36600,17663,18937
36015,223178,16798,107453,11890,206380,36603,17665,18938
36020,223209,16799,107470,11891,206410,36606,17666,18940
36025,223240,16800,107485,11891,206440,36609,17666,18943
36030,223271,16801,107500,11892,206470,36612,17667,18945
36035,223302,16802,107512,11893,206500,36615,17668,18947
36040,223333,16803,107525,11894,206530,36618,17669,18949
36045,223364,16805,107543,11896,206559,36621,17669,18952
36050,223395,16806,107561,11896,206588,36626,17671,18955
36055,223426,16807,107577,11896,206619,36631,17674,18957
36060,223457,16809,107589,11898,206648,36636,17675,18961
36065,223488,16810,107603,11898,206678,36641,17677,18964
36070,223519,16812,107614,11900,206707,36646,17680,18966
36075,223550,16813,107627,11901,206737,36651,17684,18967
36080,223581,16814,107636,11901,206767,36656,17686,18970
36085,223612,16815,107655,11901,206797,36661,17689,18972
36090,223643,16816,107670,11902,206827,36666,17692,18974
36095,223674,16818,107682,11903,206856,36671,17694,18977
36100,223705,16822,107701,11905,206881,36676,17697,18979
36105,223736,16827,107719,11909,206906,36682,17703,18979
36110,223767,16831,107731,11912,206934,36688,17704,18984
36115,223798,16836,107748,11916,206960,36694,17706,18988
36120,223829,16840,107763,11920,206989,36700,17710,18990
36125,223860,16842,107779,11920,207017,36706,17714,18992
36130,223891,16845,107790,11922,207046,36712,17715,18997
36135,223922,16848,107807,11924,207072,36718,17718,19000
36140,223953,16852,107817,11926,207100,36724,17719,19005
36145,223984,16857,107831,11930,207125,36730,17720,19010
36150,224015,16861,107852,11933,207154,36736,17724,19012
36155,224046,16864,107867,11936,207182,36742,17728,19014
36160,224077,16869,107883,11940,207208,36748,17731,19017
36165,224108,16870,107896,11941,207238,36754,17735,19019
36170,224139,16872,107907,11942,207266,36760,17736,19024
36175,224170,16875,107921,11944,207295,36766,17738,19028
36180,224201,16877,107936,11945,207323,36772,17742,19030
36185,224232,16879,107948,11946,207352,36777,17743,19034
36190,224263,16880,107959,11946,207383,36782,17746,19036
36195,224294,16882,107975,11947,207412,36787,17749,19038
36200,224325,16884,107991,11949,207441,36792,17752,19040
36205,224356,16884,108008,11949,207471,36797,17754,19043
36210,224387,16884,108021,11949,207503,36802,17756,19046
36215,224418,16884,108033,11949,207533,36807,17761,19046
36220,224449,16884,108047,11949,207565,36812,17763,19049
36225,224480,16885,108063,11949,207595,36817,17767,19050
36230,224511,16886,108074,11949,207624,36822,17768,19054
36235,224542,16887,108090,11950,207654,36827,17772,19055
36240,224573,16888,108104,11950,207685,36832,17773,19059
36245,224604,16889,108122,11950,207715,36837,17777,19060
36250,224635,16890,108137,11951,207745,36842,17782,19060
36255,224666,16891,108149,11951,207775,36847,17782,19065
36260,224697,16892,108166,11951,207803,36852,17784,19068
36265,224728,16893,108179,11952,207832,36857,17785,19072
36270,224759,16897,108190,11955,207861,36862,17786,19076
36275,224790,16901,108205,11958,207889,36867,17788,19079
36280,224821,16904,108222,11959,207916,36872,17793,19079
36285,224852,16907,108233,11960,207945,36878,17796,19082
36290,224883,16910,108245,11962,207971,36884,17799,19085
36295,224914,16915,108262,11967,207998,36890,17801,19089
36300,224945,16918,108276,11970,208026,36896,17804,19092
36305,224976,16922,108291,11972,208054,36900,17806,19094
36310,225007,16926,108306,11974,208081,36904,17809,19095
36315,225038,16932,108325,11979,208106,36908,17812,19096
36320,225069,16935,108342,11982,208134,36912,17814,19098
36325,225100,16938,108359,11983,208162,36916,17816,19100
36330,225131,16941,108377,11986,208189,36920,17817,19103
36335,225162,16947,108387,11990,208215,36924,17817,19107
36340,225193,16950,108402,11993,208243,36928,17818,19110
36345,225224,16952,108414,11994,208271,36932,17819,19113
36350,225255,16954,108428,11995,208300,36936,17821,19115
36355,225286,16956,108446,11997,208329,36940,17822,19118
36360,225317,16957,108456,11997,208360,36944,17823,19121
36365,225348,16958,108472,11998,208389,36948,17824,19124
36370,225379,16960,108490,11999,208419,36952,17826,19126
36375,225410,16962,108501,12001,208447,36956,17827,19129
36380,225441,16965,108519,12004,208476,36960,17830,19130
36385,225472,16967,108529,12006,208504,36964,17831,19133
36390,225503,16969,108542,12008,208534,36968,17834,19134
36395,225534,16972,108554,12011,208561,36972,17835,19137
36400,225565,16974,108567,12012,208591,36976,17837,19139
36405,225596,16974,108582,12012,208622,36982,17840,19142
36410,225627,16974,108602,12012,208653,36988,17843,19145
36415,225658,16974,108621,12012,208684,36994,17845,19149
36420,225689,16974,108633,12012,208715,37000,17849,19151
36425,225720,16975,108654,12013,208744,37006,17854,19152
36430,225751,16977,108674,12014,208773,37012,17860,19152
36435,225782,16979,108687,12015,208802,37018,17865,19153
36440,225813,16981,108704,12016,208832,37024,17867,19157
36445,225844,16982,108718,12016,208862,37030,17869,19161
36450,225875,16983,108730,12017,208891,37036,17874,19162
36455,225906,16986,108744,12019,208919,37042,17876,19166
36460,225937,16989,108761,12020,208947,37048,17880,19168
36465,225968,16991,108774,12021,208976,37054,17882,19172
36470,225999,16994,108790,12022,209004,37060,17886,19174
36475,226030,16997,108807,12025,209033,37066,17889,19177
36480,226061,17000,108821,12027,209060,37072,17889,19183
36485,226092,17003,108836,12029,209088,37078,17892,19186
36490,226123,17007,108853,12031,209115,37084,17894,19190
36495,226154,17010,108869,12032,209143,37090,17898,19192
36500,226185,17015,108884,12035,209170,37096,17902,19194
36505,226216,17019,108901,12038,209196,37102,17905,19197
36510,226247,17025,108921,12043,209221,37108,17909,19199
36515,226278,17029,108935,12046,209248,37114,17911,19203
36520,226309,17035,108954,12050,209273,37120,17916,19204
36525,226340,17040,108969,12054,209299,37126,17918,19208
36530,226371,17042,108987,12055,209327,37132,17921,19211
36535,226402,17043,109001,12056,209359,37138,17926,19212
36540,226433,17044,109012,12056,209388,37144,17928,19216
36545,226464,17047,109033,12059,209417,37149,17932,19217
36550,226495,17048,109046,12060,209447,37154,17934,19220
36555,226526,17051,109065,12062,209475,37159,17938,19221
36560,226557,17054,109082,12064,209503,37164,17939,19225
36565,226588,17055,109094,12065,209533,37169,17942,19227
36570,226619,17058,109112,12068,209560,37174,17946,19228
36575,226650,17060,109128,12069,209589,37179,17946,19233
36580,226681,17062,109146,12071,209619,37184,17948,19236
36585,226712,17062,109162,12071,209649,37189,17951,19238
36590,226743,17062,109180,12071,209681,37194,17953,19241
36595,226774,17062,109196,12071,209712,37199,17957,19242
36600,226805,17062,109212,12071,209743,37204,17961,19243
36605,226836,17062,109227,12071,209774,37209,17962,19247
36610,226867,17062,109236,12071,209805,37214,17964,19250
36615,226898,17062,109242,12071,209836,37219,17964,19255
36620,226929,17062,109261,12071,209867,37224,17966,19258
36625,226960,17064,109273,12072,209895,37229,17968,19261
36630,226991,17067,109290,12074,209922,37234,17970,19264
36635,227022,17072,109305,12078,209950,37239,17973,19266
36640,227053,17074,109321,12079,209978,37244,17975,19269
36645,227084,17078,109331,12081,210004,37249,17977,19272
36650,227115,17082,109346,12083,210031,37255,17980,19275
36655,227146,17087,109368,12088,210056,37261,17982,19279
36660,227177,17092,109386,12092,210084,37267,17985,19282
36665,227208,17096,109403,12096,210112,37272,17989,19283
36670,227239,17098,109414,12098,210141,37277,17992,19285
36675,227270,17102,109430,12101,210167,37282,17995,19287
36680,227301,17105,109444,12104,210196,37287,17998,19289
36685,227332,17107,109460,12105,210223,37292,18000,19292
36690,227363,17114,109472,12111,210248,37297,18002,19295
36695,227394,17117,109486,12114,210277,37302,18005,19297
36700,227425,17120,109495,12116,210304,37307,18007,19300
36705,227456,17122,109514,12118,210333,37312,18011,19301
36710,227487,17123,109526,12118,210362,37317,18011,19306
36715,227518,17125,109540,12119,210393,37322,18012,19310
36720,227549,17127,109559,12121,210422,37327,18015,19312
36725,227580,17128,109577,12122,210452,37331,18018,19313
36730,227611,17129,109592,12123,210482,37335,18019,19316
36735,227642,17130,109601,12123,210512,37339,18019,19320
36740,227673,17131,109619,12124,210542,37343,18020,19323
36745,227704,17132,109632,12125,210572,37347,18021,19326
36750,227735,17133,109646,12126,210602,37351,18023,19328
36755,227766,17134,109661,12126,210632,37355,18025,19330
36760,227797,17136,109676,12127,210661,37359,18025,19334
36765,227828,17138,109688,12129,210690,37364,18029,19335
36770,227859,17140,109708,12131,210719,37369,18033,19336
36775,227890,17141,109722,12132,210749,37374,18036,19338
36780,227921,17143,109735,12133,210778,37379,18038,19341
36785,227952,17144,109750,12134,210807,37384,18041,19343
36790,227983,17146,109763,12136,210837,37389,18043,19346
36795,228014,17148,109778,12137,210866,37394,18044,19350
36800,228045,17149,109792,12137,210896,37399,18046,19353
36805,228076,17150,109808,12137,210925,37404,18048,19356
36810,228107,17154,109824,12139,210951,37409,18050,19359
36815,228138,17159,109841,12142,210977,37414,18052,19362
36820,228169,17165,109856,12147,211003,37419,18054,19365
36825,228200,17170,109875,12152,211028,37425,18058,19367
36830,228231,17175,109888,12156,211054,37431,18062,19369
36835,228262,17181,109900,12161,211078,37437,18064,19373
36840,228293,17187,109916,12166,211103,37443,18067,19376
36845,228324,17189,109931,12168,211135,37447,18070,19377
36850,228355,17190,109944,12168,211165,37451,18073,19378
36855,228386,17192,109957,12169,211194,37455,18075,19380
36860,228417,17194,109976,12171,211223,37459,18077,19382
36865,228448,17195,109993,12172,211253,37463,18080,19383
36870,228479,17197,110006,12174,211282,37467,18081,19386
36875,228510,17198,110024,12174,211312,37471,18083,19388
36880,228541,17199,110036,12175,211342,37475,18087,19388
36885,228572,17199,110055,12175,211373,37479,18088,19391
36890,228603,17199,110065,12175,211404,37483,18089,19394
36895,228634,17199,110078,12175,211435,37487,18091,19396
36900,228665,17200,110088,12175,211465,37491,18093,19398
36905,228696,17201,110099,12175,211495,37494,18095,19399
36910,228727,17203,110114,12177,211524,37497,18096,19401
36915,228758,17205,110131,12179,211553,37500,18099,19401
36920,228789,17207,110143,12180,211581,37503,18100,19403
36925,228820,17210,110155,12183,211610,37506,18101,19405
36930,228851,17213,110166,12185,211638,37509,18104,19405
36935,228882,17216,110179,12187,211666,37512,18105,19407
36940,228913,17219,110194,12189,211694,37515,18107,19408
36945,228944,17221,110209,12191,211720,37519,18110,19409
36950,228975,17224,110221,12194,211746,37524,18112,19412
36955,229006,17230,110235,12200,211773,37529,18113,19416
36960,229037,17237,110251,12206,211797,37534,18117,19417
36965,229068,17240,110266,12209,211827,37539,18118,19421
36970,229099,17240,110281,12209,211859,37544,18121,19423
36975,229130,17240,110293,12209,211890,37549,18124,19425
36980,229161,17240,110310,12209,211921,37554,18128,19426
36985,229192,17241,110324,12210,211951,37559,18131,19428
36990,229223,17242,110341,12211,211981,37564,18135,19429
36995,229254,17243,110355,12212,212011,37569,18135,19434
37000,229285,17245,110368,12213,212040,37574,18137,19437
37005,229316,17246,110387,12214,212070,37580,18142,19438
37010,229347,17248,110403,12215,212099,37586,18146,19440
37015,229378,17249,110417,12215,212129,37592,18148,19444
37020,229409,17251,110435,12216,212158,37598,18153,19445
37025,229440,17253,110448,12217,212187,37604,18154,19450
37030,229471,17254,110459,12218,212217,37610,18157,19453
37035,229502,17256,110478,12220,212246,37616,18161,19455
37040,229533,17257,110493,12221,212276,37622,18164,19458
37045,229564,17258,110507,12222,212306,37628,18166,19462
37050,229595,17259,110517,12223,212336,37634,18167,19467
37055,229626,17262,110535,12224,212364,37640,18172,19468
37060,229657,17265,110549,12225,212392,37646,18175,19471
37065,229688,17270,110565,12229,212418,37652,18180,19472
37070,229719,17276,110583,12233,212441,37658,18183,19475
37075,229750,17282,110596,12237,212467,37664,18187,19477
37080,229781,17286,110611,12240,212493,37670,18190,19480
37085,229812,17291,110625,12244,212521,37675,18192,19483
37090,229843,17295,110641,12247,212546,37680,18196,19484
37095,229874,17300,110656,12250,212574,37685,18200,19485
37100,229905,17306,110673,12255,212598,37690,18202,19488
37105,229936,17309,110685,12257,212627,37695,18203,19492
37110,229967,17311,110696,12259,212656,37700,18203,19497
37115,229998,17313,110710,12261,212684,37705,18205,19500
37120,230029,17316,110727,12264,212710,37710,18207,19503
37125,230060,17316,110743,12264,212741,37715,18209,19506
37130,230091,17316,110761,12264,212774,37720,18212,19508
37135,230122,17316,110776,12264,212806,37725,18216,19509
37140,230153,17316,110789,12264,212837,37730,18218,19512
37145,230184,17316,110805,12264,212868,37735,18221,19514
37150,230215,17316,110817,12264,212899,37740,18223,19517
37155,230246,17316,110832,12264,212930,37745,18226,19519
37160,230277,17316,110848,12264,212960,37750,18228,19522
37165,230308,17316,110864,12264,212992,37755,18229,19526
37170,230339,17316,110883,12264,213023,37760,18230,19530
37175,230370,17316,110897,12264,213054,37765,18233,19532
37180,230401,17316,110913,12264,213085,37770,18237,19533
37185,230432,17317,110926,12264,213115,37775,18238,19537
37190,230463,17318,110941,12264,213145,37781,18240,19541
37195,230494,17319,110959,12264,213175,37787,18244,19543
37200,230525,17321,110971,12265,213204,37793,18248,19545
37205,230556,17323,110986,12267,213233,37799,18252,19547
37210,230587,17327,111005,12270,213260,37805,18255,19550
37215,230618,17329,111016,12271,213289,37811,18258,19553
37220,230649,17333,111029,12274,213316,37817,18259,19558
37225,230680,17335,111045,12276,213344,37823,18261,19562
37230,230711,17339,111055,12278,213372,37829,18262,19567
37235,230742,17343,111071,12279,213397,37835,18266,19569
37240,230773,17350,111085,12284,213422,37841,18269,19572
37245,230804,17356,111099,12287,213447,37847,18272,19575
37250,230835,17363,111114,12292,213472,37853,18274,19579
37255,230866,17369,111128,12295,213496,37859,18278,19581
37260,230897,17374,111142,12300,213522,37865,18282,19583
37265,230928,17380,111164,12305,213546,37870,18285,19585
37270,230959,17384,111181,12308,213572,37875,18285,19590
37275,230990,17389,111198,12313,213598,37880,18288,19592
37280,231021,17391,111211,12315,213630,37885,18291,19594
37285,231052,17394,111229,12318,213657,37890,18293,19597
37290,231083,17396,111237,12319,213685,37895,18296,19599
37295,231114,17398,111251,12321,213716,37900,18297,19603
37300,231145,17398,111268,12321,213747,37905,18300,19605
37305,231176,17398,111281,12321,213778,37910,18303,19607
37310,231207,17398,111296,12321,213809,37915,18308,19607
37315,231238,17398,111309,12321,213840,37920,18310,19610
37320,231269,17398,111325,12321,213871,37925,18313,19612
37325,231300,17398,111341,12321,213902,37929,18315,19614
37330,231331,17398,111354,12321,213933,37933,18317,19616
37335,231362,17398,111367,12321,213964,37937,18318,19619
37340,231393,17398,111386,12321,213995,37941,18320,19621
37345,231424,17398,111401,12321,214026,37945,18322,19623
37350,231455,17398,111415,12321,214057,37949,18325,19624
37355,231486,17398,111434,12321,214088,37953,18328,19625
37360,231517,17398,111447,12321,214119,37957,18328,19629
37365,231548,17398,111462,12321,214149,37962,18329,19633
37370,231579,17398,111470,12321,214181,37967,18330,19637
37375,231610,17399,111479,12322,214210,37972,18330,19642
37380,231641,17402,111493,12324,214239,37977,18333,19644
37385,231672,17404,111505,12325,214267,37981,18335,19646
37390,231703,17408,111526,12329,214292,37985,18339,19646
37395,231734,17413,111538,12333,214319,37989,18340,19649
37400,231765,17418,111556,12337,214346,37993,18344,19649
37405,231796,17424,111570,12341,214372,37997,18346,19651
37410,231827,17427,111584,12343,214400,38001,18348,19653
37415,231858,17431,111600,12347,214424,38005,18350,19655
37420,231889,17433,111616,12348,214453,38009,18352,19657
37425,231920,17437,111633,12350,214481,38014,18354,19660
37430,231951,17441,111647,12353,214507,38019,18354,19665
37435,231982,17447,111663,12358,214534,38024,18354,19670
37440,232013,17453,111682,12364,214559,38029,18356,19673
37445,232044,17455,111697,12366,214588,38033,18357,19676
37450,232075,17456,111710,12366,214619,38037,18359,19678
37455,232106,17458,111724,12367,214648,38041,18360,19681
37460,232137,17460,111742,12368,214677,38045,18362,19683
37465,232168,17461,111760,12369,214707,38049,18363,19686
37470,232199,17463,111777,12371,214736,38053,18364,19689
37475,232230,17464,111789,12371,214766,38057,18366,19691
37480,232261,17466,111804,12372,214795,38061,18367,19694
37485,232292,17468,111819,12374,214824,38066,18369,19697
37490,232323,17469,111837,12375,214854,38071,18371,19700
37495,232354,17470,111850,12376,214884,38076,18372,19704
37500,232385,17472,111864,12377,214913,38081,18375,19706
37505,232416,17473,111879,12377,214943,38086,18378,19708
37510,232447,17474,111888,12377,214972,38091,18379,19712
37515,232478,17478,111897,12379,215000,38096,18379,19717
37520,232509,17481,111911,12381,215027,38101,18381,19720
37525,232540,17486,111929,12386,215054,38106,18385,19721
37530,232571,17488,111949,12387,215081,38111,18389,19722
37535,232602,17494,111961,12393,215108,38116,18390,19726
37540,232633,17495,111976,12393,215138,38121,18393,19728
37545,232664,17497,111996,12394,215166,38127,18398,19729
37550,232695,17502,112011,12397,215191,38133,18402,19731
37555,232726,17508,112027,12401,215217,38139,18404,19735
37560,232757,17509,112039,12402,215247,38145,18406,19739
37565,232788,17510,112056,12403,215277,38151,18408,19743
37570,232819,17511,112067,12403,215307,38157,18411,19746
37575,232850,17514,112088,12406,215336,38163,18416,19747
37580,232881,17517,112105,12408,215364,38169,18420,19749
37585,232912,17518,112117,12408,215394,38175,18420,19755
37590,232943,17519,112129,12408,215424,38181,18422,19759
37595,232974,17521,112143,12409,215452,38187,18425,19762
37600,233005,17523,112157,12411,215481,38193,18429,19764
37605,233036,17525,112168,12413,215510,38199,18431,19768
37610,233067,17526,112183,12414,215539,38205,18435,19770
37615,233098,17527,112194,12415,215570,38211,18439,19772
37620,233129,17528,112210,12416,215601,38217,18442,19775
37625,233160,17530,112222,12418,215630,38222,18445,19777
37630,233191,17532,112238,12420,215659,38227,18448,19779
37635,233222,17533,112249,12421,215689,38232,18450,19782
37640,233253,17534,112265,12422,215719,38237,18453,19784
37645,233284,17535,112280,12422,215749,38242,18457,19785
37650,233315,17536,112290,12422,215779,38247,18459,19788
37655,233346,17537,112305,12422,215808,38252,18462,19790
37660,233377,17538,112321,12423,215838,38257,18466,19791
37665,233408,17539,112335,12424,215869,38262,18468,19794
37670,233439,17542,112349,12425,215897,38267,18469,19798
37675,233470,17545,112363,12427,215924,38272,18470,19802
37680,233501,17548,112374,12428,215953,38277,18472,19805
37685,233532,17551,112387,12430,215980,38281,18473,19808
37690,233563,17556,112401,12433,216006,38285,18476,19809
37695,233594,17561,112414,12437,216032,38289,18479,19810
37700,233625,17566,112428,12441,216059,38293,18480,19813
37705,233656,17567,112438,12442,216089,38297,18482,19815
37710,233687,17569,112451,12443,216118,38301,18482,19819
37715,233718,17570,112463,12443,216148,38305,18484,19821
37720,233749,17572,112477,12445,216177,38309,18486,19823
37725,233780,17574,112492,12447,216206,38313,18488,19825
37730,233811,17577,112511,12450,216234,38318,18491,19827
37735,233842,17578,112523,12451,216264,38323,18495,19828
37740,233873,17581,112538,12453,216292,38328,18497,19831
37745,233904,17585,112560,12457,216319,38333,18500,19833
37750,233935,17588,112572,12460,216347,38338,18501,19837
37755,233966,17591,112589,12462,216375,38343,18505,19838
37760,233997,17595,112602,12465,216402,38348,18507,19841
37765,234028,17597,112619,12467,216431,38353,18509,19844
37770,234059,17598,112636,12468,216460,38358,18511,19847
37775,234090,17600,112649,12470,216489,38363,18512,19851
37780,234121,17601,112662,12470,216520,38368,18515,19853
37785,234152,17603,112678,12471,216549,38373,18518,19855
37790,234183,17605,112699,12473,216578,38379,18523,19856
37795,234214,17607,112716,12474,216607,38385,18526,19859
37800,234245,17608,112730,12475,216637,38391,18529,19862
37805,234276,17610,112743,12476,216666,38397,18530,19867
37810,234307,17612,112756,12478,216695,38403,18533,19870
37815,234338,17615,112772,12479,216722,38409,18536,19873
37820,234369,17618,112784,12481,216750,38415,18538,19877
37825,234400,17621,112795,12483,216778,38421,18540,19881
37830,234431,17623,112807,12484,216808,38427,18543,19884
37835,234462,17626,112817,12486,216835,38433,18545,19888
37840,234493,17629,112835,12489,216863,38439,18549,19890
37845,234524,17632,112843,12490,216891,38445,18549,19896
37850,234555,17634,112855,12490,216918,38451,18552,19899
37855,234586,17637,112872,12492,216946,38457,18556,19901
37860,234617,17639,112883,12494,216978,38463,18558,19905
37865,234648,17640,112900,12495,217007,38468,18561,19907
37870,234679,17643,112914,12497,217036,38473,18563,19910
37875,234710,17646,112930,12500,217063,38478,18566,19912
37880,234741,17649,112945,12501,217091,38483,18568,19915
37885,234772,17654,112962,12505,217116,38488,18571,19917
37890,234803,17659,112969,12508,217144,38493,18571,19922
37895,234834,17660,112981,12509,217174,38498,18573,19925
37900,234865,17661,112996,12509,217204,38503,18574,19929
37905,234896,17662,113012,12509,217234,38508,18577,19931
37910,234927,17663,113023,12510,217264,38513,18578,19935
37915,234958,17664,113042,12511,217294,38518,18581,19937
37920,234989,17665,113058,12512,217324,38523,18584,19939
37925,235020,17666,113069,12512,217354,38526,18585,19941
37930,235051,17667,113086,12513,217384,38529,18586,19943
37935,235082,17668,113099,12513,217414,38532,18587,19945
37940,235113,17670,113113,12514,217443,38535,18589,19946
37945,235144,17672,113128,12516,217472,38538,18591,19947
37950,235175,17673,113143,12516,217502,38541,18592,19949
37955,235206,17674,113160,12517,217532,38544,18594,19950
37960,235237,17675,113174,12518,217562,38547,18595,19952
37965,235268,17676,113183,12518,217591,38551,18595,19956
37970,235299,17681,113197,12522,217617,38555,18597,19958
37975,235330,17686,113211,12525,217643,38559,18600,19959
37980,235361,17691,113228,12529,217668,38563,18603,19960
37985,235392,17696,113243,12534,217695,38566,18605,19961
37990,235423,17699,113254,12537,217723,38569,18606,19963
37995,235454,17701,113267,12538,217753,38572,18606,19966
38000,235485,17705,113281,12542,217780,38575,18607,19968
38005,235516,17708,113296,12544,217807,38578,18609,19969
38010,235547,17712,113310,12547,217835,38581,18611,19970
38015,235578,17714,113323,12548,217863,38584,18612,19972
38020,235609,17716,113335,12548,217890,38587,18612,19975
38025,235640,17719,113353,12549,217917,38592,18615,19977
38030,235671,17724,113365,12554,217946,38597,18618,19979
38035,235702,17730,113387,12560,217971,38602,18622,19980
38040,235733,17734,113400,12563,217998,38607,18624,19983
38045,235764,17738,113418,12567,218026,38612,18627,19985
38050,235795,17738,113430,12567,218057,38617,18629,19988
38055,235826,17738,113449,12567,218088,38622,18632,19990
38060,235857,17738,113467,12567,218119,38627,18635,19992
38065,235888,17738,113478,12567,218150,38632,18637,19995
38070,235919,17738,113496,12567,218181,38637,18639,19998
38075,235950,17738,113515,12567,218212,38642,18642,20000
38080,235981,17738,113529,12567,218243,38647,18645,20002
38085,236012,17738,113547,12567,218274,38653,18649,20004
38090,236043,17738,113557,12567,218305,38659,18651,20008
38095,236074,17738,113571,12567,218336,38665,18654,20011
38100,236105,17739,113586,12568,218366,38671,18657,20014
38105,236136,17740,113605,12568,218396,38677,18659,20018
38110,236167,17741,113622,12569,218426,38683,18661,20022
38115,236198,17742,113638,12570,218456,38689,18664,20025
38120,236229,17743,113655,12571,218486,38695,18669,20026
38125,236260,17745,113668,12572,218515,38701,18672,20029
38130,236291,17747,113681,12573,218544,38707,18676,20031
38135,236322,17748,113697,12574,218574,38713,18679,20034
38140,236353,17749,113711,12574,218604,38719,18681,20038
38145,236384,17750,113724,12574,218632,38725,18684,20041
38150,236415,17754,113743,12577,218659,38731,18689,20042
38155,236446,17760,113756,12582,218685,38737,18690,20047
38160,236477,17766,113774,12586,218710,38743,18693,20050
38165,236508,17772,113791,12591,218735,38749,18695,20054
38170,236539,17777,113803,12595,218761,38755,18698,20057
38175,236570,17782,113819,12599,218786,38761,18701,20060
38180,236601,17786,113833,12602,218815,38767,18705,20062
38185,236632,17788,113846,12603,218844,38773,18708,20065
38190,236663,17790,113858,12605,218872,38779,18710,20069
38195,236694,17794,113874,12609,218899,38785,18712,20073
38200,236725,17797,113890,12612,218927,38791,18715,20076
38205,236756,17800,113905,12613,218953,38797,18719,20078
38210,236787,17806,113919,12618,218977,38803,18722,20081
38215,236818,17814,113938,12625,219002,38809,18726,20083
38220,236849,17815,113951,12626,219034,38815,18728,20087
38225,236880,17816,113959,12626,219064,38821,18729,20092
38230,236911,17818,113974,12627,219092,38827,18731,20096
38235,236942,17820,113993,12629,219121,38833,18734,20099
38240,236973,17820,114010,12629,219153,38839,18738,20101
38245,237004,17820,114026,12629,219184,38845,18741,20104
38250,237035,17820,114042,12629,219215,38851,18744,20107
38255,237066,17820,114061,12629,219246,38857,18747,20110
38260,237097,17820,114077,12629,219277,38863,18748,20115
38265,237128,17820,114093,12629,219308,38869,18753,20116
38270,237159,17820,114105,12629,219339,38875,18757,20118
38275,237190,17820,114117,12629,219370,38881,18761,20120
38280,237221,17820,114126,12629,219401,38887,18762,20125
38285,237252,17821,114138,12629,219431,38892,18763,20129
38290,237283,17822,114157,12629,219461,38897,18767,20130
38295,237314,17823,114173,12630,219491,38902,18768,20134
38300,237345,17824,114182,12630,219521,38907,18769,20138
38305,237376,17825,114196,12631,219550,38912,18773,20139
38310,237407,17827,114208,12633,219580,38917,18773,20144
38315,237438,17828,114222,12633,219610,38922,18774,20148
38320,237469,17831,114239,12635,219638,38927,18777,20150
38325,237500,17834,114254,12638,219666,38932,18781,20151
38330,237531,17837,114266,12640,219693,38937,18783,20154
38335,237562,17840,114279,12642,219722,38942,18785,20157
38340,237593,17844,114289,12646,219748,38947,18785,20162
38345,237624,17850,114306,12651,219773,38952,18786,20166
38350,237655,17857,114326,12658,219798,38957,18787,20170
38355,237686,17860,114341,12661,219826,38962,18788,20174
38360,237717,17862,114355,12663,219855,38967,18789,20178
38365,237748,17864,114369,12663,219884,38972,18791,20181
38370,237779,17867,114389,12664,219911,38977,18794,20183
38375,237810,17870,114405,12667,219939,38982,18797,20185
38380,237841,17873,114419,12668,219965,38987,18798,20189
38385,237872,17875,114436,12668,219995,38992,18800,20192
38390,237903,17880,114452,12672,220021,38998,18802,20196
38395,237934,17883,114468,12674,220050,39004,18806,20198
38400,237965,17888,114485,12679,220076,39010,18810,20200
38405,237996,17893,114498,12682,220103,39015,18813,20202
38410,238027,17896,114515,12684,220131,39020,18815,20205
38415,238058,17901,114527,12688,220156,39025,18816,20209
38420,238089,17903,114539,12689,220186,39030,18818,20212
38425,238120,17904,114553,12689,220216,39035,18821,20214
38430,238151,17905,114565,12689,220246,39040,18821,20219
38435,238182,17906,114583,12689,220276,39045,18826,20219
38440,238213,17908,114598,12690,220305,39050,18827,20223
38445,238244,17908,114616,12690,220336,39055,18831,20224
38450,238275,17908,114629,12690,220367,39060,18833,20227
38455,238306,17909,114643,12690,220397,39065,18834,20231
38460,238337,17910,114657,12691,220427,39070,18835,20235
38465,238368,17911,114672,12691,220457,39075,18837,20238
38470,238399,17912,114685,12691,220487,39080,18839,20241
38475,238430,17913,114696,12691,220517,39085,18842,20243
38480,238461,17914,114710,12692,220547,39090,18844,20246
38485,238492,17915,114721,12692,220577,39095,18846,20249
38490,238523,17918,114739,12694,220605,39100,18847,20253
38495,238554,17920,114754,12696,220634,39105,18848,20257
38500,238585,17921,114767,12696,220664,39110,18850,20260
38505,238616,17923,114781,12698,220692,39116,18851,20265
38510,238647,17926,114793,12700,220719,39122,18852,20270
38515,238678,17930,114809,12704,220748,39128,18853,20275
38520,238709,17932,114824,12706,220774,39134,18856,20278
38525,238740,17935,114838,12708,220805,39138,18859,20279
38530,238771,17937,114853,12710,220833,39142,18861,20281
38535,238802,17940,114866,12712,220860,39146,18863,20283
38540,238833,17941,114878,12712,220892,39150,18864,20286
38545,238864,17944,114892,12715,220917,39154,18866,20288
38550,238895,17948,114907,12718,220945,39158,18868,20290
38555,238926,17952,114924,12720,220972,39162,18871,20291
38560,238957,17956,114941,12722,221000,39166,18875,20291
38565,238988,17959,114956,12725,221029,39170,18877,20293
38570,239019,17961,114970,12726,221056,39174,18877,20297
38575,239050,17964,114986,12728,221085,39178,18881,20297
38580,239081,17967,115001,12729,221114,39182,18883,20299
38585,239112,17969,115014,12731,221143,39184,18884,20300
38590,239143,17970,115026,12732,221173,39186,18884,20302
38595,239174,17971,115041,12732,221203,39188,18885,20303
38600,239205,17973,115059,12733,221232,39190,18886,20304
38605,239236,17974,115070,12734,221262,39192,18886,20306
38610,239267,17976,115083,12735,221291,39194,18887,20307
38615,239298,17977,115098,12736,221321,39196,18887,20309
38620,239329,17979,115111,12737,221350,39198,18888,20310
38625,239360,17982,115125,12738,221378,39202,18890,20312
38630,239391,17985,115144,12740,221406,39206,18893,20313
38635,239422,17987,115155,12741,221435,39210,18894,20316
38640,239453,17990,115170,12743,221463,39214,18897,20317
38645,239484,17993,115189,12745,221491,39218,18901,20317
38650,239515,17994,115206,12746,221521,39222,18905,20317
38655,239546,17995,115224,12747,221551,39226,18908,20318
38660,239577,17996,115237,12747,221580,39230,18910,20320
38665,239608,17997,115258,12748,221611,39234,18913,20321
38670,239639,17999,115276,12750,221639,39238,18914,20324
38675,239670,18000,115287,12750,221669,39242,18917,20325
38680,239701,18002,115302,12751,221698,39246,18919,20327
38685,239732,18004,115316,12752,221728,39251,18922,20329
38690,239763,18006,115335,12752,221753,39257,18926,20331
38695,239794,18012,115352,12757,221779,39263,18931,20332
38700,239825,18018,115365,12761,221805,39269,18933,20336
38705,239856,18022,115377,12764,221832,39275,18937,20338
38710,239887,18024,115392,12766,221861,39281,18940,20341
38715,239918,18026,115406,12767,221891,39287,18945,20342
38720,239949,18028,115427,12769,221919,39293,18948,20345
38725,239980,18030,115441,12770,221949,39299,18951,20348
38730,240011,18031,115456,12771,221978,39305,18953,20352
38735,240042,18033,115475,12773,222007,39311,18956,20355
38740,240073,18036,115491,12776,222036,39317,18960,20357
38745,240104,18039,115502,12779,222063,39323,18962,20361
38750,240135,18041,115521,12780,222092,39329,18966,20363
38755,240166,18046,115529,12783,222119,39335,18968,20367
38760,240197,18050,115544,12787,222147,39341,18971,20370
38765,240228,18051,115562,12787,222175,39347,18975,20372
38770,240259,18054,115577,12789,222204,39353,18978,20375
38775,240290,18056,115596,12790,222234,39359,18982,20377
38780,240321,18057,115612,12790,222264,39365,18986,20379
38785,240352,18059,115628,12791,222293,39371,18988,20383
38790,240383,18061,115643,12793,222322,39377,18990,20387
38795,240414,18063,115655,12794,222351,39383,18991,20392
38800,240445,18064,115670,12794,222381,39389,18991,20398
38805,240476,18065,115689,12795,222411,39395,18996,20399
38810,240507,18067,115705,12797,222440,39401,18998,20403
38815,240538,18069,115722,12799,222469,39407,19001,20406
38820,240569,18071,115738,12801,222498,39413,19004,20409
38825,240600,18073,115751,12803,222527,39419,19008,20411
38830,240631,18074,115766,12804,222557,39425,19011,20414
38835,240662,18075,115780,12805,222587,39431,19014,20417
38840,240693,18078,115801,12808,222615,39437,19017,20420
38845,240724,18079,115812,12809,222645,39443,19018,20425
38850,240755,18080,115824,12810,222675,39449,19020,20429
38855,240786,18081,115839,12811,222705,39455,19022,20433
38860,240817,18084,115853,12813,222733,39461,19022,20439
38865,240848,18088,115871,12817,222758,39467,19026,20441
38870,240879,18096,115890,12824,222782,39473,19031,20442
38875,240910,18101,115902,12828,222808,39479,19033,20446
38880,240941,18105,115916,12831,222834,39485,19036,20449
38885,240972,18109,115935,12834,222862,39490,19038,20452
38890,241003,18110,115948,12834,222892,39495,19040,20455
38895,241034,18111,115965,12834,222922,39500,19043,20457
38900,241065,18112,115978,12834,222953,39505,19044,20461
38905,241096,18113,115995,12835,222982,39510,19048,20462
38910,241127,18114,116012,12836,223010,39515,19051,20464
38915,241158,18115,116027,12836,223041,39520,19052,20468
38920,241189,18116,116042,12836,223071,39525,19056,20469
38925,241220,18117,116059,12836,223103,39530,19059,20471
38930,241251,18121,116078,12840,223129,39535,19061,20474
38935,241282,18127,116091,12845,223155,39540,19062,20478
38940,241313,18134,116109,12851,223179,39545,19065,20480
38945,241344,18138,116124,12854,223206,39549,19067,20482
38950,241375,18141,116133,12856,223234,39553,19067,20486
38955,241406,18144,116148,12859,223262,39557,19069,20488
38960,241437,18144,116164,12859,223293,39561,19072,20489
38965,241468,18144,116181,12859,223324,39565,19075,20490
38970,241499,18144,116199,12859,223355,39569,19075,20494
38975,241530,18144,116215,12859,223386,39573,19078,20495
38980,241561,18144,116231,12859,223417,39577,19079,20498
38985,241592,18144,116241,12859,223448,39581,19079,20502
38990,241623,18145,116259,12859,223478,39586,19082,20504
38995,241654,18147,116274,12861,223507,39591,19084,20507
39000,241685,18149,116288,12862,223536,39596,19088,20508
39005,241716,18151,116305,12863,223565,39600,19091,20509
39010,241747,18152,116316,12863,223595,39604,19093,20511
39015,241778,18154,116335,12865,223624,39608,19095,20513
39020,241809,18155,116349,12865,223654,39612,19097,20515
39025,241840,18156,116362,12866,223684,39616,19098,20518
39030,241871,18157,116373,12867,223714,39620,19099,20521
39035,241902,18159,116387,12869,223742,39624,19101,20523
39040,241933,18161,116403,12870,223772,39628,19104,20524
39045,241964,18162,116418,12871,223802,39633,19104,20529
39050,241995,18165,116433,12874,223829,39638,19107,20531
39055,242026,18167,116446,12875,223857,39643,19110,20533
39060,242057,18173,116459,12879,223881,39648,19113,20535
39065,242088,18177,116475,12882,223909,39652,19115,20537
39070,242119,18181,116489,12886,223937,39656,19117,20539
39075,242150,18185,116503,12889,223964,39660,19120,20540
39080,242181,18187,116514,12889,223992,39664,19122,20542
39085,242212,18190,116530,12890,224019,39668,19125,20543
39090,242243,18196,116543,12895,224046,39672,19127,20545
39095,242274,18200,116558,12898,224073,39676,19128,20548
39100,242305,18203,116573,12900,224101,39680,19130,20550
39105,242336,18207,116584,12903,224129,39685,19131,20554
39110,242367,18210,116599,12905,224156,39690,19136,20554
39115,242398,18212,116615,12906,224186,39695,19138,20557
39120,242429,18213,116631,12906,224215,39700,19140,20560
39125,242460,18215,116649,12907,224244,39705,19141,20564
39130,242491,18217,116665,12909,224273,39710,19142,20568
39135,242522,18219,116675,12910,224303,39715,19143,20572
39140,242553,18220,116688,12911,224332,39720,19143,20577
39145,242584,18223,116699,12914,224361,39725,19144,20581
39150,242615,18223,116721,12914,224392,39730,19148,20582
39155,242646,18223,116735,12914,224423,39735,19150,20585
39160,242677,18223,116753,12914,224454,39740,19151,20589
39165,242708,18224,116767,12914,224484,39746,19153,20593
39170,242739,18225,116781,12915,224514,39752,19156,20596
39175,242770,18226,116799,12916,224544,39758,19160,20598
39180,242801,18227,116813,12916,224574,39764,19165,20599
39185,242832,18228,116829,12916,224604,39770,19169,20601
39190,242863,18229,116842,12916,224634,39776,19173,20603
39195,242894,18231,116858,12918,224663,39782,19177,20605
39200,242925,18232,116876,12919,224693,39788,19181,20607
39205,242956,18234,116893,12921,224722,39794,19183,20611
39210,242987,18236,116907,12923,224751,39800,19185,20615
39215,243018,18238,116922,12925,224777,39806,19187,20619
39220,243049,18242,116934,12928,224805,39812,19189,20623
39225,243080,18248,116951,12932,224829,39818,19193,20625
39230,243111,18251,116964,12934,224860,39824,19195,20629
39235,243142,18252,116977,12934,224888,39830,19198,20632
39240,243173,18254,116993,12936,224919,39836,19200,20636
39245,243204,18256,117006,12938,224947,39841,19202,20639
39250,243235,18260,117024,12942,224974,39846,19206,20640
39255,243266,18263,117040,12945,225002,39851,19208,20643
39260,243297,18268,117059,12949,225029,39856,19211,20645
39265,243328,18270,117074,12950,225057,39861,19215,20646
39270,243359,18273,117090,12953,225083,39866,19216,20650
39275,243390,18275,117107,12954,225112,39871,19219,20652
39280,243421,18278,117118,12956,225142,39876,19221,20655
39285,243452,18281,117135,12958,225169,39881,19223,20658
39290,243483,18285,117149,12961,225195,39886,19224,20662
39295,243514,18289,117166,12965,225225,39891,19228,20663
39300,243545,18293,117179,12968,225251,39896,19232,20664
39305,243576,18297,117192,12970,225278,39901,19233,20668
39310,243607,18301,117209,12974,225306,39906,19236,20670
39315,243638,18302,117223,12974,225335,39911,19238,20673
39320,243669,18304,117240,12975,225365,39916,19241,20675
39325,243700,18305,117253,12976,225394,39921,19244,20677
39330,243731,18308,117268,12978,225422,39926,19247,20679
39335,243762,18311,117285,12981,225450,39931,19251,20680
39340,243793,18314,117300,12984,225478,39936,19253,20683
39345,243824,18316,117311,12985,225508,39942,19256,20686
39350,243855,18318,117328,12987,225537,39948,19260,20688
39355,243886,18320,117347,12989,225566,39954,19262,20692
39360,243917,18321,117363,12990,225596,39960,19263,20697
39365,243948,18322,117379,12991,225625,39966,19267,20699
39370,243979,18325,117398,12993,225652,39972,19271,20701
39375,244010,18330,117413,12997,225679,39978,19274,20704
39380,244041,18334,117427,13000,225706,39984,19277,20707
39385,244072,18335,117440,13001,225736,39990,19280,20710
39390,244103,18335,117456,13001,225767,39996,19284,20712
39395,244134,18335,117468,13001,225799,40002,19286,20716
39400,244165,18335,117485,13001,225830,40008,19288,20720
39405,244196,18335,117501,13001,225860,40014,19292,20722
39410,244227,18335,117518,13001,225890,40020,19295,20725
39415,244258,18335,117532,13001,225923,40026,19299,20727
39420,244289,18338,117552,13004,225951,40032,19304,20728
39425,244320,18339,117566,13005,225979,40038,19307,20731
39430,244351,18341,117584,13007,226009,40044,19310,20734
39435,244382,18343,117600,13009,226038,40050,19313,20737
39440,244413,18344,117612,13009,226067,40056,19314,20742
39445,244444,18345,117626,13010,226097,40062,19317,20745
39450,244475,18347,117647,13011,226126,40068,19323,20745
39455,244506,18350,117658,13013,226156,40074,19325,20749
39460,244537,18352,117670,13014,226184,40080,19328,20752
39465,244568,18356,117685,13017,226212,40086,19329,20757
39470,244599,18359,117701,13020,226240,40092,19332,20760
39475,244630,18362,117716,13022,226267,40098,19334,20764
39480,244661,18365,117732,13024,226295,40104,19339,20765
39485,244692,18370,117752,13028,226322,40107,19341,20766
39490,244723,18374,117771,13030,226349,40110,19342,20768
39495,244754,18378,117782,13031,226376,40113,19342,20771
39500,244785,18382,117800,13032,226403,40116,19345,20771
39505,244816,18384,117816,13033,226432,40119,19347,20772
39510,244847,18387,117829,13035,226460,40122,19349,20773
39515,244878,18390,117838,13036,226488,40125,19349,20776
39520,244909,18392,117854,13036,226517,40128,19350,20778
39525,244940,18395,117870,13039,226544,40131,19352,20779
39530,244971,18401,117882,13045,226569,40134,19353,20781
39535,245002,18406,117897,13048,226595,40137,19354,20783
39540,245033,18410,117913,13051,226622,40140,19355,20785
39545,245064,18414,117925,13054,226648,40143,19356,20787
39550,245095,18419,117939,13058,226675,40146,19356,20790
39555,245126,18422,117953,13061,226703,40149,19357,20792
39560,245157,18422,117969,13061,226734,40152,19359,20793
39565,245188,18422,117985,13061,226764,40155,19360,20795
39570,245219,18422,117997,13061,226796,40158,19360,20798
39575,245250,18422,118010,13061,226828,40161,19361,20800
39580,245281,18422,118023,13061,226858,40164,19363,20801
39585,245312,18422,118041,13061,226889,40168,19365,20803
39590,245343,18422,118055,13061,226921,40174,19368,20806
39595,245374,18422,118073,13061,226952,40180,19370,20810
39600,245405,18422,118090,13061,226983,40186,19374,20812
39605,245436,18423,118104,13061,227013,40190,19377,20813
39610,245467,18426,118119,13064,227040,40194,19379,20815
39615,245498,18429,118132,13066,227069,40198,19381,20817
39620,245529,18432,118147,13068,227097,40202,19381,20821
39625,245560,18434,118162,13070,227126,40206,19385,20821
39630,245591,18437,118176,13073,227154,40210,19388,20822
39635,245622,18442,118195,13077,227180,40214,19390,20824
39640,245653,18442,118213,13077,227211,40218,19394,20824
39645,245684,18442,118230,13077,227242,40222,19397,20825
39650,245715,18442,118248,13077,227273,40226,19398,20828
39655,245746,18443,118258,13078,227303,40230,19400,20830
39660,245777,18446,118270,13079,227331,40234,19402,20832
39665,245808,18449,118287,13081,227358,40238,19406,20832
39670,245839,18454,118301,13084,227385,40242,19407,20835
39675,245870,18457,118313,13086,227413,40246,19409,20837
39680,245901,18460,118326,13088,227439,40250,19410,20840
39685,245932,18465,118342,13091,227465,40254,19412,20842
39690,245963,18470,118354,13095,227492,40258,19412,20846
39695,245994,18477,118371,13102,227516,40262,19415,20847
39700,246025,18483,118388,13107,227542,40266,19416,20850
39705,246056,18486,118404,13109,227570,40272,19420,20852
39710,246087,18488,118421,13111,227598,40278,19423,20855
39715,246118,18488,118434,13111,227629,40284,19425,20859
39720,246149,18488,118449,13111,227660,40290,19425,20865
39725,246180,18488,118461,13111,227692,40296,19428,20868
39730,246211,18488,118474,13111,227723,40302,19431,20871
39735,246242,18488,118487,13111,227752,40308,19434,20874
39740,246273,18488,118501,13111,227785,40314,19436,20878
39745,246304,18489,118511,13111,227814,40320,19438,20882
39750,246335,18491,118530,13112,227844,40326,19442,20884
39755,246366,18493,118541,13113,227873,40332,19445,20887
39760,246397,18494,118555,13113,227903,40338,19448,20890
39765,246428,18495,118563,13114,227933,40344,19451,20893
39770,246459,18496,118579,13115,227963,40350,19455,20895
39775,246490,18497,118593,13115,227993,40356,19459,20897
39780,246521,18499,118607,13117,228022,40362,19462,20900
39785,246552,18501,118625,13119,228051,40368,19464,20904
39790,246583,18502,118636,13119,228081,40374,19468,20906
39795,246614,18505,118652,13121,228109,40380,19469,20911
39800,246645,18506,118665,13122,228139,40386,19473,20913
39805,246676,18507,118678,13122,228169,40392,19476,20916
39810,246707,18508,118692,13123,228199,40398,19477,20921
39815,246738,18511,118708,13125,228227,40404,19478,20926
39820,246769,18515,118723,13128,228254,40410,19478,20932
39825,246800,18521,118738,13131,228278,40416,19480,20936
39830,246831,18527,118757,13137,228302,40422,19484,20938
39835,246862,18531,118775,13139,228328,40428,19487,20941
39840,246893,18535,118794,13141,228357,40434,19492,20942
39845,246924,18538,118810,13144,228384,40439,19494,20945
39850,246955,18543,118827,13147,228410,40444,19497,20947
39855,246986,18549,118839,13152,228436,40449,19500,20949
39860,247017,18554,118854,13156,228461,40454,19501,20953
39865,247048,18561,118866,13161,228486,40459,19504,20955
39870,247079,18565,118882,13164,228514,40464,19507,20957
39875,247110,18567,118898,13165,228543,40469,19510,20959
39880,247141,18569,118914,13166,228572,40474,19511,20963
39885,247172,18572,118931,13168,228600,40479,19514,20965
39890,247203,18572,118942,13168,228631,40484,19516,20968
39895,247234,18572,118955,13168,228662,40489,19520,20969
39900,247265,18572,118974,13168,228693,40494,19523,20971
39905,247296,18572,118991,13168,228723,40499,19527,20972
39910,247327,18572,119003,13168,228755,40504,19529,20975
39915,247358,18572,119018,13168,228786,40509,19532,20977
39920,247389,18572,119037,13168,228816,40514,19535,20979
39925,247420,18572,119054,13168,228848,40519,19537,20982
39930,247451,18572,119071,13168,228879,40524,19538,20986
39935,247482,18572,119090,13168,228909,40529,19540,20989
39940,247513,18574,119107,13170,228938,40534,19542,20992
39945,247544,18575,119121,13171,228969,40540,19543,20997
39950,247575,18576,119137,13171,228999,40546,19548,20998
39955,247606,18578,119154,13173,229028,40552,19551,21001
39960,247637,18580,119169,13175,229057,40558,19554,21004
39965,247668,18581,119183,13175,229087,40564,19556,21008
39970,247699,18582,119197,13175,229117,40570,19559,21011
39975,247730,18584,119211,13176,229146,40576,19562,21014
39980,247761,18586,119223,13178,229174,40582,19565,21017
39985,247792,18590,119239,13181,229202,40588,19567,21021
39990,247823,18593,119254,13182,229229,40594,19572,21022
39995,247854,18597,119270,13184,229256,40600,19575,21025
40000,247885,18601,119285,13187,229284,40606,19577,21029
40005,247916,18605,119301,13190,229308,40612,19580,21032
40010,247947,18610,119315,13194,229337,40618,19583,21035
40015,247978,18613,119330,13195,229363,40624,19586,21038
40020,248009,18618,119346,13198,229391,40630,19589,21041
40025,248040,18621,119363,13200,229419,40635,19592,21043
40030,248071,18625,119378,13204,229445,40640,19593,21047
40035,248102,18629,119398,13206,229472,40645,19597,21048
40040,248133,18633,119414,13210,229499,40650,19598,21052
40045,248164,18636,119433,13213,229527,40655,19600,21055
40050,248195,18639,119447,13215,229556,40660,19603,21057
40055,248226,18642,119463,13217,229583,40665,19607,21058
40060,248257,18646,119473,13220,229610,40670,19609,21061
40065,248288,18650,119487,13223,229637,40675,19613,21062
40070,248319,18655,119501,13228,229661,40680,19616,21064
40075,248350,18662,119513,13233,229688,40685,19617,21068
40080,248381,18663,119523,13233,229716,40690,19618,21072
40085,248412,18664,119536,13234,229748,40694,19620,21074
40090,248443,18664,119547,13234,229778,40698,19622,21076
40095,248474,18664,119565,13234,229809,40702,19625,21077
40100,248505,18664,119584,13234,229841,40706,19628,21078
40105,248536,18664,119594,13234,229871,40710,19629,21081
40110,248567,18664,119608,13234,229903,40714,19631,21083
40115,248598,18664,119626,13234,229934,40718,19633,21085
40120,248629,18664,119643,13234,229965,40722,19635,21087
40125,248660,18664,119653,13234,229996,40727,19636,21091
40130,248691,18664,119669,13234,230027,40732,19637,21095
40135,248722,18664,119684,13234,230057,40737,19641,21096
40140,248753,18666,119703,13235,230087,40742,19646,21096
40145,248784,18667,119717,13235,230117,40745,19647,21098
40150,248815,18669,119732,13237,230146,40748,19648,21100
40155,248846,18671,119746,13238,230175,40751,19650,21101
40160,248877,18673,119757,13239,230204,40754,19650,21104
40165,248908,18675,119769,13241,230233,40757,19651,21106
40170,248939,18677,119784,13243,230262,40760,19653,21107
40175,248970,18678,119798,13243,230291,40763,19654,21109
40180,249001,18679,119812,13243,230322,40766,19655,21111
40185,249032,18682,119827,13245,230349,40769,19655,21114
40190,249063,18685,119841,13246,230376,40773,19655,21118
40195,249094,18689,119853,13247,230403,40777,19657,21120
40200,249125,18694,119868,13249,230431,40781,19661,21120
40205,249156,18697,119880,13249,230459,40785,19662,21123
40210,249187,18700,119896,13250,230487,40789,19665,21124
40215,249218,18705,119906,13253,230513,40793,19665,21128
40220,249249,18711,119923,13258,230536,40797,19666,21131
40225,249280,18719,119936,13264,230559,40801,19666,21135
40230,249311,18725,119951,13268,230584,40805,19668,21137
40235,249342,18730,119971,13272,230610,40809,19670,21139
40240,249373,18732,119980,13273,230641,40813,19672,21141
40245,249404,18733,119998,13274,230670,40819,19676,21143
40250,249435,18735,120010,13275,230699,40825,19681,21144
40255,249466,18737,120020,13277,230729,40831,19685,21146
40260,249497,18739,120036,13278,230757,40837,19689,21148
40265,249528,18741,120050,13280,230787,40843,19693,21150
40270,249559,18743,120065,13282,230815,40849,19696,21153
40275,249590,18746,120083,13284,230844,40855,19699,21156
40280,249621,18747,120097,13284,230874,40861,19703,21158
40285,249652,18749,120111,13285,230903,40867,19708,21159
40290,249683,18749,120126,13285,230934,40873,19711,21162
40295,249714,18749,120143,13285,230965,40879,19713,21166
40300,249745,18749,120157,13285,230995,40885,19714,21171
40305,249776,18749,120169,13285,231027,40891,19717,21174
40310,249807,18749,120183,13285,231058,40897,19719,21178
40315,249838,18749,120198,13285,231089,40903,19723,21180
40320,249869,18749,120206,13285,231120,40909,19725,21184
40325,249900,18749,120224,13285,231150,40915,19729,21186
40330,249931,18749,120243,13285,231181,40921,19730,21191
40335,249962,18752,120256,13288,231210,40927,19730,21197
40340,249993,18753,120269,13288,231240,40933,19734,21199
40345,250024,18755,120287,13290,231269,40939,19737,21202
40350,250055,18758,120301,13291,231297,40945,19741,21204
40355,250086,18762,120321,13295,231324,40951,19744,21207
40360,250117,18765,120336,13297,231352,40957,19747,21210
40365,250148,18769,120352,13301,231378,40963,19749,21214
40370,250179,18773,120367,13303,231405,40969,19755,21214
40375,250210,18779,120380,13307,231427,40975,19758,21217
40380,250241,18785,120391,13311,231454,40981,19760,21221
40385,250272,18788,120405,13312,231484,40986,19765,21221
40390,250303,18791,120420,13314,231511,40991,19769,21222
40395,250334,18794,120436,13316,231538,40996,19772,21224
40400,250365,18801,120454,13321,231564,41001,19776,21225
40405,250396,18806,120470,13325,231589,41006,19778,21228
40410,250427,18809,120483,13327,231617,41011,19780,21231
40415,250458,18811,120495,13327,231646,41016,19783,21233
40420,250489,18814,120513,13329,231674,41021,19787,21234
40425,250520,18817,120532,13331,231702,41026,19790,21236
40430,250551,18821,120549,13334,231730,41031,19793,21238
40435,250582,18822,120560,13334,231758,41036,19796,21240
40440,250613,18824,120575,13335,231789,41041,19797,21244
40445,250644,18825,120592,13335,231819,41046,19801,21245
40450,250675,18827,120608,13337,231848,41051,19804,21247
40455,250706,18829,120621,13339,231876,41056,19805,21251
40460,250737,18831,120630,13340,231905,41061,19808,21253
40465,250768,18833,120649,13342,231935,41066,19811,21255
40470,250799,18834,120662,13342,231964,41071,19814,21257
40475,250830,18837,120675,13344,231993,41076,19815,21261
40480,250861,18839,120689,13346,232021,41081,19817,21264
40485,250892,18840,120702,13347,232052,41086,19820,21266
40490,250923,18840,120718,13347,232083,41092,19822,21270
40495,250954,18840,120737,13347,232114,41098,19827,21271
40500,250985,18840,120750,13347,232145,41104,19830,21274
40505,251016,18840,120763,13347,232176,41108,19832,21276
40510,251047,18840,120775,13347,232205,41112,19833,21279
40515,251078,18840,120786,13347,232237,41116,19835,21281
40520,251109,18841,120804,13347,232265,41120,19837,21283
40525,251140,18843,120823,13348,232296,41124,19838,21286
40530,251171,18845,120839,13350,232323,41128,19838,21290
40535,251202,18846,120848,13350,232356,41132,19840,21292
40540,251233,18849,120864,13351,232384,41136,19841,21295
40545,251264,18852,120880,13354,232411,41140,19843,21297
40550,251295,18857,120892,13357,232438,41144,19843,21301
40555,251326,18860,120910,13359,232465,41148,19846,21302
40560,251357,18867,120928,13365,232489,41152,19846,21306
40565,251388,18870,120945,13366,232518,41156,19850,21306
40570,251419,18873,120961,13369,232544,41160,19852,21308
40575,251450,18875,120980,13371,232575,41164,19854,21310
40580,251481,18878,120994,13373,232603,41168,19856,21312
40585,251512,18880,121008,13375,232632,41172,19857,21315
40590,251543,18882,121018,13377,232661,41176,19858,21318
40595,251574,18884,121032,13379,232689,41180,19860,21320
40600,251605,18889,121048,13383,232715,41184,19861,21323
40605,251636,18893,121058,13386,232743,41190,19863,21327
40610,251667,18896,121068,13387,232771,41196,19865,21331
40615,251698,18899,121081,13389,232799,41202,19868,21334
40620,251729,18900,121098,13389,232829,41208,19872,21336
40625,251760,18901,121117,13390,232858,41213,19875,21338
40630,251791,18903,121129,13392,232888,41218,19878,21340
40635,251822,18905,121146,13394,232917,41223,19879,21344
40640,251853,18906,121158,13394,232946,41228,19882,21346
40645,251884,18909,121175,13397,232974,41233,19884,21349
40650,251915,18912,121189,13400,233000,41238,19886,21352
40655,251946,18919,121206,13407,233027,41243,19889,21354
40660,251977,18919,121225,13407,233058,41248,19893,21355
40665,252008,18919,121244,13407,233088,41253,19896,21357
40670,252039,18919,121257,13407,233119,41258,19898,21360
40675,252070,18919,121272,13407,233150,41263,19899,21364
40680,252101,18920,121282,13407,233180,41268,19902,21366
40685,252132,18921,121298,13408,233210,41272,19905,21367
40690,252163,18922,121317,13409,233240,41276,19907,21369
40695,252194,18923,121334,13409,233271,41280,19909,21371
40700,252225,18924,121352,13409,233301,41284,19912,21372
40705,252256,18926,121366,13411,233330,41288,19915,21373
40710,252287,18927,121381,13411,233360,41292,19917,21375
40715,252318,18928,121391,13411,233390,41296,19918,21378
40720,252349,18932,121404,13414,233417,41300,19920,21380
40725,252380,18934,121416,13415,233445,41304,19922,21382
40730,252411,18938,121430,13418,233472,41309,19924,21385
40735,252442,18941,121441,13420,233500,41314,19925,21389
40740,252473,18946,121458,13423,233525,41319,19926,21393
40745,252504,18952,121469,13428,233552,41323,19929,21394
40750,252535,18956,121484,13431,233579,41327,19932,21395
40755,252566,18959,121501,13434,233606,41331,19935,21396
40760,252597,18961,121517,13435,233635,41335,19937,21398
40765,252628,18965,121534,13438,233662,41339,19940,21399
40770,252659,18969,121552,13441,233689,41343,19942,21401
40775,252690,18973,121566,13444,233717,41347,19944,21403
40780,252721,18976,121580,13447,233744,41351,19945,21406
40785,252752,18982,121597,13452,233768,41356,19948,21408
40790,252783,18986,121607,13455,233797,41361,19951,21410
40795,252814,18991,121621,13460,233822,41366,19953,21413
40800,252845,18994,121640,13463,233850,41371,19955,21416
40805,252876,18994,121659,13463,233882,41376,19959,21417
40810,252907,18994,121676,13463,233913,41381,19960,21421
40815,252938,18994,121691,13463,233944,41386,19962,21424
40820,252969,18994,121710,13463,233975,41391,19965,21426
40825,253000,18994,121727,13463,234006,41396,19967,21429
40830,253031,18994,121742,13463,234037,41401,19970,21431
40835,253062,18994,121753,13463,234068,41406,19971,21435
40840,253093,18994,121766,13463,234099,41411,19974,21437
40845,253124,18994,121782,13463,234130,41417,19977,21440
40850,253155,18994,121792,13463,234159,41423,19981,21442
40855,253186,18994,121802,13463,234191,41429,19983,21446
40860,253217,18995,121817,13464,234221,41435,19986,21449
40865,253248,18996,121829,13464,234251,41441,19989,21452
40870,253279,18997,121846,13464,234279,41447,19993,21454
40875,253310,18999,121862,13465,234310,41453,19995,21458
40880,253341,19001,121881,13466,234340,41459,19996,21463
40885,253372,19002,121892,13467,234370,41465,20001,21464
40890,253403,19004,121902,13468,234399,41471,20003,21468
40895,253434,19006,121917,13470,234426,41477,20005,21472
40900,253465,19010,121929,13473,234454,41483,20006,21477
40905,253496,19016,121941,13477,234479,41489,20010,21479
40910,253527,19022,121957,13482,234504,41495,20012,21483
40915,253558,19026,121971,13485,234530,41501,20016,21485
40920,253589,19031,121990,13489,234557,41507,20021,21486
40925,253620,19034,122004,13492,234585,41513,20023,21490
40930,253651,19038,122022,13495,234612,41519,20027,21492
40935,253682,19041,122033,13496,234639,41525,20029,21496
40940,253713,19044,122049,13498,234668,41531,20033,21498
40945,253744,19046,122063,13499,234697,41537,20037,21500
40950,253775,19049,122078,13500,234724,41543,20040,21503
40955,253806,19053,122096,13503,234752,41549,20042,21507
40960,253837,19057,122110,13507,234780,41555,20045,21510
40965,253868,19061,122127,13510,234807,41561,20048,21513
40970,253899,19063,122142,13511,234836,41567,20050,21517
40975,253930,19065,122157,13513,234865,41573,20052,21521
40980,253961,19066,122168,13514,234894,41579,20054,21525
40985,253992,19068,122180,13515,234924,41585,20057,21528
40990,254023,19069,122196,13516,234954,41591,20061,21530
40995,254054,19070,122212,13517,234984,41597,20063,21534
41000,254085,19072,122229,13519,235013,41603,20065,21538
41005,254116,19074,122246,13521,235042,41609,20069,21540
41010,254147,19075,122265,13521,235072,41615,20072,21543
41015,254178,19076,122280,13521,235102,41621,20076,21545
41020,254209,19078,122291,13522,235130,41627,20079,21548
41025,254240,19080,122306,13524,235159,41633,20081,21552
41030,254271,19082,122314,13526,235189,41639,20081,21558
41035,254302,19085,122325,13528,235215,41645,20082,21563
41040,254333,19089,122337,13531,235243,41651,20085,21566
41045,254364,19091,122352,13533,235273,41655,20088,21567
41050,254395,19093,122367,13534,235302,41659,20091,21568
41055,254426,19094,122378,13534,235332,41663,20093,21570
41060,254457,19095,122392,13535,235360,41667,20094,21573
41065,254488,19099,122410,13538,235386,41671,20097,21574
41070,254519,19105,122426,13542,235412,41675,20099,21576
41075,254550,19109,122443,13546,235439,41679,20101,21578
41080,254581,19111,122462,13547,235469,41683,20102,21581
41085,254612,19112,122474,13547,235498,41687,20103,21584
41090,254643,19114,122487,13548,235527,41691,20104,21587
41095,254674,19116,122502,13549,235556,41695,20106,21589
41100,254705,19118,122512,13551,235587,41699,20107,21592
41105,254736,19120,122529,13552,235616,41703,20110,21593
41110,254767,19122,122545,13554,235645,41707,20112,21595
41115,254798,19124,122556,13555,235674,41711,20115,21596
41120,254829,19125,122570,13555,235704,41715,20118,21597
41125,254860,19126,122582,13555,235734,41719,20120,21599
41130,254891,19128,122598,13557,235762,41723,20122,21601
41135,254922,19131,122618,13560,235790,41727,20124,21603
41140,254953,19133,122631,13561,235819,41731,20126,21605
41145,254984,19135,122646,13562,235848,41737,20129,21608
41150,255015,19136,122661,13563,235879,41743,20132,21611
41155,255046,19137,122676,13564,235908,41749,20136,21613
41160,255077,19139,122692,13565,235937,41755,20140,21615
41165,255108,19140,122707,13566,235968,41761,20142,21619
41170,255139,19141,122721,13566,235998,41767,20145,21622
41175,255170,19143,122739,13568,236026,41773,20149,21624
41180,255201,19146,122752,13570,236055,41779,20151,21628
41185,255232,19148,122764,13570,236084,41785,20152,21633
41190,255263,19150,122775,13570,236112,41791,20154,21637
41195,255294,19153,122793,13571,236141,41797,20157,21640
41200,255325,19156,122807,13573,236168,41803,20160,21643
41205,255356,19161,122824,13576,236193,41809,20163,21646
41210,255387,19166,122835,13579,236221,41815,20166,21649
41215,255418,19170,122849,13583,236248,41821,20169,21652
41220,255449,19174,122865,13587,236275,41827,20173,21654
41225,255480,19178,122874,13589,236302,41831,20174,21657
41230,255511,19182,122889,13591,236328,41835,20175,21660
41235,255542,19186,122905,13594,236355,41839,20177,21662
41240,255573,19188,122918,13595,236384,41843,20181,21662
41245,255604,19188,122935,13595,236415,41847,20183,21664
41250,255635,19188,122951,13595,236445,41851,20183,21668
41255,255666,19189,122967,13596,236476,41855,20184,21671
41260,255697,19191,122984,13598,236504,41859,20185,21674
41265,255728,19193,122996,13600,236533,41863,20186,21677
41270,255759,19195,123009,13601,236561,41867,20188,21679
41275,255790,19198,123022,13603,236591,41871,20190,21681
41280,255821,19200,123039,13605,236621,41875,20191,21684
41285,255852,19201,123054,13606,236651,41878,20192,21686
41290,255883,19202,123068,13607,236681,41881,20194,21687
41295,255914,19204,123084,13609,236709,41884,20197,21687
41300,255945,19208,123102,13613,236737,41887,20198,21689
41305,255976,19211,123122,13616,236765,41890,20201,21689
41310,256007,19213,123137,13618,236794,41893,20202,21691
41315,256038,19215,123150,13619,236822,41896,20203,21693
41320,256069,19217,123163,13620,236851,41899,20204,21695
41325,256100,19217,123174,13620,236882,41903,20205,21698
41330,256131,19217,123194,13620,236913,41908,20208,21700
41335,256162,19217,123212,13620,236945,41913,20210,21703
41340,256193,19218,123224,13620,236975,41918,20212,21706
41345,256224,19219,123234,13621,237005,41922,20214,21708
41350,256255,19222,123251,13623,237033,41926,20215,21711
41355,256286,19225,123271,13626,237061,41930,20217,21713
41360,256317,19228,123287,13627,237089,41934,20219,21715
41365,256348,19231,123299,13629,237117,41938,20221,21717
41370,256379,19234,123312,13631,237145,41942,20222,21720
41375,256410,19237,123332,13633,237173,41946,20224,21722
41380,256441,19240,123348,13635,237200,41950,20228,21722
41385,256472,19244,123366,13639,237226,41954,20230,21724
41390,256503,19250,123383,13645,237251,41959,20232,21727
41395,256534,19255,123398,13649,237276,41964,20233,21731
41400,256565,19260,123414,13653,237302,41969,20236,21733
41405,256596,19262,123427,13655,237334,41974,20240,21734
41410,256627,19263,123440,13655,237363,41979,20242,21737
41415,256658,19264,123449,13655,237394,41984,20244,21740
41420,256689,19265,123467,13656,237424,41989,20245,21744
41425,256720,19266,123482,13656,237454,41994,20249,21745
41430,256751,19269,123496,13657,237481,41999,20250,21749
41435,256782,19273,123511,13660,237508,42004,20251,21753
41440,256813,19277,123529,13663,237535,42009,20253,21756
41445,256844,19281,123541,13665,237561,42015,20257,21758
41450,256875,19285,123553,13668,237589,42021,20257,21764
41455,256906,19288,123562,13670,237617,42027,20260,21767
41460,256937,19293,123579,13675,237642,42033,20264,21769
41465,256968,19296,123593,13678,237671,42039,20267,21772
41470,256999,19300,123607,13681,237699,42045,20268,21777
41475,257030,19300,123621,13681,237730,42051,20270,21781
41480,257061,19300,123636,13681,237761,42057,20273,21784
41485,257092,19300,123654,13681,237792,42063,20275,21788
41490,257123,19300,123667,13681,237823,42069,20278,21791
41495,257154,19300,123680,13681,237854,42075,20279,21796
41500,257185,19300,123693,13681,237885,42081,20282,21799
41505,257216,19301,123711,13681,237915,42087,20285,21802
41510,257247,19302,123724,13682,237945,42093,20288,21805
41515,257278,19303,123741,13682,237975,42099,20291,21808
41520,257309,19304,123755,13683,238005,42105,20294,21811
41525,257340,19306,123766,13684,238034,42110,20296,21814
41530,257371,19308,123778,13685,238063,42115,20297,21818
41535,257402,19309,123789,13685,238093,42120,20298,21822
41540,257433,19311,123810,13686,238122,42125,20302,21823
41545,257464,19313,123824,13687,238149,42130,20305,21825
41550,257495,19314,123840,13688,238179,42135,20307,21828
41555,257526,19316,123857,13690,238209,42140,20308,21832
41560,257557,19317,123873,13690,238239,42145,20311,21834
41565,257588,19318,123889,13690,238269,42150,20314,21836
41570,257619,19321,123905,13693,238298,42155,20315,21840
41575,257650,19324,123917,13695,238325,42160,20317,21843
41580,257681,19329,123934,13699,238349,42165,20319,21846
41585,257712,19334,123951,13704,238376,42170,20323,21847
41590,257743,19337,123966,13705,238405,42175,20326,21849
41595,257774,19339,123985,13705,238435,42180,20329,21851
41600,257805,19341,123997,13705,238463,42185,20331,21854
41605,257836,19344,124014,13708,238491,42190,20333,21857
41610,257867,19347,124022,13710,238520,42195,20334,21861
41615,257898,19349,124037,13711,238548,42200,20336,21864
41620,257929,19352,124048,13712,238577,42205,20337,21868
41625,257960,19354,124057,13712,238606,42211,20340,21871
41630,257991,19356,124068,13713,238634,42217,20343,21874
41635,258022,19360,124087,13716,238660,42223,20347,21876
41640,258053,19366,124103,13722,238686,42229,20351,21878
41645,258084,19370,124117,13725,238714,42234,20351,21883
41650,258115,19371,124128,13726,238744,42239,20352,21887
41655,258146,19373,124146,13727,238773,42244,20353,21891
41660,258177,19376,124162,13729,238800,42249,20355,21894
41665,258208,19378,124180,13731,238829,42254,20357,21897
41670,258239,19379,124197,13732,238860,42259,20360,21899
41675,258270,19380,124209,13732,238889,42264,20362,21902
41680,258301,19381,124222,13732,238920,42269,20365,21904
41685,258332,19383,124234,13733,238948,42274,20366,21908
41690,258363,19386,124245,13735,238977,42279,20366,21913
41695,258394,19388,124263,13737,239005,42284,20369,21915
41700,258425,19391,124275,13738,239033,42289,20371,21918
41705,258456,19393,124294,13739,239063,42294,20374,21920
41710,258487,19394,124306,13739,239093,42299,20374,21925
41715,258518,19396,124323,13741,239122,42304,20376,21928
41720,258549,19398,124341,13743,239151,42309,20379,21930
41725,258580,19399,124362,13744,239181,42314,20383,21931
41730,258611,19400,124377,13744,239210,42319,20386,21933
41735,258642,19402,124391,13745,239239,42324,20389,21935
41740,258673,19404,124404,13746,239268,42329,20391,21938
41745,258704,19405,124418,13746,239298,42335,20394,21941
41750,258735,19406,124434,13747,239327,42341,20398,21943
41755,258766,19408,124450,13748,239358,42347,20403,21944
41760,258797,19410,124466,13750,239386,42353,20406,21947
41765,258828,19413,124478,13753,239415,42357,20406,21951
41770,258859,19415,124490,13755,239443,42361,20408,21953
41775,258890,19419,124513,13758,239471,42365,20412,21953
41780,258921,19422,124530,13761,239499,42369,20414,21955
41785,258952,19425,124544,13763,239525,42373,20414,21959
41790,258983,19429,124559,13767,239553,42377,20415,21962
41795,259014,19431,124579,13768,239581,42381,20418,21963
41800,259045,19433,124589,13769,239611,42385,20420,21965
41805,259076,19435,124602,13771,239640,42389,20420,21969
41810,259107,19440,124622,13775,239667,42393,20423,21970
41815,259138,19445,124637,13780,239693,42397,20424,21973
41820,259169,19449,124651,13783,239719,42401,20426,21975
41825,259200,19451,124664,13783,239749,42405,20428,21977
41830,259231,19455,124679,13786,239776,42409,20430,21979
41835,259262,19457,124695,13787,239805,42413,20431,21982
41840,259293,19459,124713,13789,239834,42417,20432,21985
41845,259324,19461,124729,13791,239863,42421,20433,21988
41850,259355,19462,124745,13792,239893,42425,20435,21990
41855,259386,19463,124756,13792,239922,42429,20437,21992
41860,259417,19464,124774,13793,239953,42433,20440,21993
41865,259448,19466,124790,13795,239981,42438,20443,21995
41870,259479,19468,124805,13797,240009,42444,20446,21998
41875,259510,19470,124822,13799,240040,42450,20449,22001
41880,259541,19471,124839,13800,240069,42456,20449,22007
41885,259572,19473,124851,13801,240099,42462,20450,22012
41890,259603,19473,124869,13801,240130,42468,20452,22016
41895,259634,19473,124886,13801,240161,42474,20454,22020
41900,259665,19474,124905,13802,240191,42480,20457,22023
41905,259696,19475,124921,13802,240221,42486,20460,22026
41910,259727,19476,124934,13802,240251,42492,20464,22028
41915,259758,19477,124949,13802,240281,42498,20467,22031
41920,259789,19478,124964,13802,240311,42504,20471,22033
41925,259820,19479,124977,13803,240341,42510,20476,22034
41930,259851,19481,124989,13805,240369,42516,20478,22038
41935,259882,19484,125008,13808,240395,42522,20481,22041
41940,259913,19489,125022,13812,240421,42528,20481,22047
41945,259944,19493,125033,13814,240449,42533,20483,22050
41950,259975,19497,125047,13817,240478,42538,20484,22054
41955,260006,19500,125065,13820,240504,42543,20486,22057
41960,260037,19504,125080,13823,240533,42548,20490,22058
41965,260068,19507,125097,13825,240560,42553,20493,22060
41970,260099,19510,125111,13828,240588,42558,20496,22062
41975,260130,19514,125129,13831,240615,42563,20500,22063
41980,260161,19517,125146,13833,240643,42568,20502,22066
41985,260192,19522,125162,13838,240668,42573,20504,22069
41990,260223,19526,125177,13842,240696,42578,20506,22072
41995,260254,19532,125194,13846,240720,42583,20508,22075
42000,260285,19536,125210,13849,240748,42588,20510,22078
42005,260316,19537,125223,13849,240778,42593,20510,22083
42010,260347,19538,125240,13849,240809,42598,20513,22085
42015,260378,19539,125260,13850,240839,42603,20517,22086
42020,260409,19540,125278,13851,240869,42608,20519,22089
42025,260440,19541,125296,13852,240899,42613,20523,22090
42030,260471,19542,125311,13852,240929,42618,20526,22092
42035,260502,19543,125325,13852,240959,42623,20528,22095
42040,260533,19545,125342,13853,240988,42628,20530,22098
42045,260564,19547,125357,13854,241017,42634,20533,22101
42050,260595,19548,125369,13854,241047,42640,20534,22106
42055,260626,19550,125386,13856,241076,42646,20537,22109
42060,260657,19551,125399,13856,241106,42652,20539,22113
42065,260688,19552,125415,13856,241135,42657,20542,22115
42070,260719,19553,125433,13857,241166,42662,20544,22118
42075,260750,19555,125450,13859,241195,42667,20547,22120
42080,260781,19557,125467,13861,241224,42672,20550,22122
42085,260812,19559,125482,13863,241253,42677,20554,22123
42090,260843,19562,125501,13865,241281,42682,20558,22124
42095,260874,19563,125517,13866,241311,42687,20561,22126
42100,260905,19566,125529,13868,241338,42692,20563,22129
42105,260936,19567,125544,13869,241367,42697,20565,22132
42110,260967,19569,125561,13871,241394,42702,20567,22135
42115,260998,19575,125574,13875,241420,42707,20569,22138
42120,261029,19579,125589,13877,241447,42712,20572,22140
42125,261060,19584,125606,13882,241474,42717,20573,22144
42130,261091,19588,125622,13885,241503,42722,20575,22147
42135,261122,19590,125637,13885,241531,42727,20579,22148
42140,261153,19593,125653,13887,241559,42732,20582,22150
42145,261184,19596,125671,13890,241588,42737,20587,22150
42150,261215,19599,125689,13893,241615,42742,20588,22154
42155,261246,19603,125703,13897,241642,42747,20590,22157
42160,261277,19607,125715,13900,241669,42752,20591,22161
42165,261308,19611,125731,13903,241697,42758,20594,22164
42170,261339,19614,125743,13905,241724,42764,20596,22168
42175,261370,19617,125755,13907,241752,42770,20598,22172
42180,261401,19621,125774,13910,241779,42776,20602,22174
42185,261432,19622,125787,13911,241810,42781,20606,22175
42190,261463,19622,125802,13911,241841,42786,20609,22177
42195,261494,19622,125817,13911,241872,42791,20611,22180
42200,261525,19622,125834,13911,241903,42796,20614,22182
42205,261556,19623,125849,13912,241933,42801,20617,22184
42210,261587,19624,125864,13913,241963,42806,20620,22186
42215,261618,19625,125879,13913,241993,42811,20622,22189
42220,261649,19626,125895,13914,242023,42816,20626,22190
42225,261680,19627,125911,13915,242052,42821,20630,22191
42230,261711,19628,125928,13916,242083,42826,20633,22193
42235,261742,19629,125941,13916,242112,42831,20636,22195
42240,261773,19630,125956,13917,242143,42836,20639,22197
42245,261804,19632,125978,13918,242172,42840,20642,22198
42250,261835,19633,125999,13918,242202,42844,20645,22199
42255,261866,19634,126018,13919,242232,42848,20647,22201
42260,261897,19635,126034,13919,242262,42852,20649,22203
42265,261928,19636,126052,13920,242291,42856,20651,22205
42270,261959,19637,126069,13921,242321,42860,20652,22208
42275,261990,19638,126087,13921,242351,42864,20654,22210
42280,262021,19639,126102,13921,242381,42868,20656,22212
42285,262052,19642,126118,13923,242409,42872,20660,22212
42290,262083,19647,126133,13926,242434,42877,20662,22215
42295,262114,19654,126151,13931,242459,42882,20664,22218
42300,262145,19661,126165,13937,242483,42887,20666,22221
42305,262176,19666,126177,13939,242508,42890,20666,22224
42310,262207,19672,126189,13943,242533,42893,20667,22226
42315,262238,19676,126205,13946,242560,42896,20669,22227
42320,262269,19680,126222,13950,242588,42899,20672,22227
42325,262300,19684,126239,13953,242615,42902,20673,22229
42330,262331,19686,126251,13955,242645,42905,20674,22231
42335,262362,19687,126273,13956,242675,42908,20675,22233
42340,262393,19688,126287,13956,242705,42911,20677,22234
42345,262424,19689,126300,13956,242735,42915,20679,22236
42350,262455,19690,126313,13956,242765,42919,20683,22236
42355,262486,19692,126331,13957,242794,42923,20685,22238
42360,262517,19693,126348,13958,242824,42927,20687,22240
42365,262548,19694,126361,13959,242854,42931,20688,22243
42370,262579,19696,126378,13961,242883,42935,20690,22245
42375,262610,19698,126397,13962,242912,42939,20693,22246
42380,262641,19699,126414,13962,242942,42943,20694,22249
42385,262672,19700,126435,13963,242972,42947,20697,22250
42390,262703,19701,126450,13963,243002,42951,20699,22252
42395,262734,19703,126465,13965,243031,42955,20700,22255
42400,262765,19704,126484,13966,243061,42959,20701,22258
42405,262796,19706,126499,13968,243090,42964,20701,22263
42410,262827,19708,126515,13970,243119,42970,20704,22266
42415,262858,19710,126531,13971,243148,42976,20705,22271
42420,262889,19713,126546,13972,243175,42982,20708,22274
42425,262920,19715,126555,13974,243205,42988,20711,22277
42430,262951,19719,126575,13977,243230,42994,20714,22280
42435,262982,19724,126589,13980,243257,43000,20715,22285
42440,263013,19728,126603,13983,243285,43006,20717,22289
42445,263044,19730,126621,13985,243313,43012,20721,22291
42450,263075,19732,126635,13985,243341,43018,20725,22293
42455,263106,19736,126654,13989,243369,43024,20728,22296
42460,263137,19739,126674,13992,243397,43030,20733,22297
42465,263168,19743,126689,13996,243424,43036,20736,22300
42470,263199,19745,126704,13997,243453,43042,20741,22301
42475,263230,19747,126719,13999,243481,43048,20743,22305
42480,263261,19750,126731,14001,243510,43054,20746,22308
42485,263292,19752,126747,14002,243539,43059,20749,22310
42490,263323,19755,126764,14004,243566,43064,20752,22312
42495,263354,19759,126783,14006,243594,43069,20757,22312
42500,263385,19763,126796,14009,243622,43074,20758,22316
42505,263416,19764,126812,14010,243652,43079,20762,22317
42510,263447,19766,126830,14012,243681,43084,20763,22321
42515,263478,19768,126846,14013,243710,43089,20768,22321
42520,263509,19769,126865,14014,243740,43094,20771,22323
42525,263540,19772,126887,14016,243768,43099,20775,22324
42530,263571,19775,126903,14017,243796,43104,20779,22325
42535,263602,19778,126914,14018,243824,43109,20781,22328
42540,263633,19779,126929,14019,243854,43114,20783,22331
42545,263664,19780,126942,14019,243884,43119,20786,22333
42550,263695,19781,126957,14020,243914,43124,20788,22336
42555,263726,19782,126971,14020,243944,43129,20790,22339
42560,263757,19783,126984,14021,243974,43134,20792,22342
42565,263788,19784,126998,14022,244004,43139,20793,22346
42570,263819,19786,127005,14023,244033,43144,20793,22351
42575,263850,19789,127020,14026,244061,43149,20795,22354
42580,263881,19792,127033,14029,244089,43154,20797,22357
42585,263912,19794,127046,14030,244118,43160,20798,22362
42590,263943,19795,127053,14031,244146,43166,20799,22367
42595,263974,19800,127066,14035,244172,43172,20801,22371
42600,264005,19803,127083,14037,244200,43178,20804,22374
42605,264036,19803,127096,14037,244232,43184,20807,22377
42610,264067,19804,127109,14037,244262,43190,20808,22382
42615,264098,19805,127127,14037,244292,43196,20812,22384
42620,264129,19806,127144,14037,244323,43202,20817,22385
42625,264160,19807,127157,14037,244353,43208,20820,22388
42630,264191,19808,127179,14038,244380,43214,20825,22389
42635,264222,19809,127193,14038,244411,43220,20826,22394
42640,264253,19810,127209,14038,244441,43226,20831,22395
42645,264284,19813,127227,14041,244471,43232,20837,22395
42650,264315,19817,127248,14044,244497,43238,20841,22397
42655,264346,19821,127261,14047,244525,43244,20842,22402
42660,264377,19825,127277,14050,244551,43250,20844,22406
42665,264408,19830,127289,14054,244578,43255,20848,22407
42670,264439,19835,127306,14059,244603,43260,20851,22409
42675,264470,19838,127315,14061,244632,43265,20851,22414
42680,264501,19841,127332,14064,244660,43270,20852,22418
42685,264532,19842,127346,14065,244690,43275,20854,22421
42690,264563,19843,127360,14065,244720,43280,20857,22423
42695,264594,19844,127377,14065,244750,43285,20859,22426
42700,264625,19845,127392,14066,244779,43290,20860,22430
42705,264656,19847,127411,14068,244808,43295,20862,22433
42710,264687,19851,127426,14070,244835,43300,20863,22437
42715,264718,19855,127440,14073,244861,43305,20866,22439
42720,264749,19859,127457,14075,244888,43310,20869,22441
42725,264780,19863,127471,14079,244917,43315,20871,22444
42730,264811,19868,127488,14082,244941,43320,20872,22448
42735,264842,19872,127500,14085,244970,43325,20874,22451
42740,264873,19874,127514,14086,244999,43330,20874,22456
42745,264904,19875,127529,14086,245029,43335,20875,22460
42750,264935,19877,127544,14087,245058,43340,20879,22461
42755,264966,19880,127554,14089,245086,43345,20881,22464
42760,264997,19882,127568,14090,245115,43350,20882,22468
42765,265028,19883,127577,14091,245144,43356,20883,22473
42770,265059,19886,127588,14093,245172,43362,20884,22478
42775,265090,19887,127601,14094,245202,43368,20885,22483
42780,265121,19887,127617,14094,245233,43374,20887,22487
42785,265152,19887,127639,14094,245264,43379,20891,22488
42790,265183,19888,127656,14095,245294,43384,20894,22490
42795,265214,19889,127669,14095,245325,43389,20897,22492
42800,265245,19890,127685,14096,245355,43394,20901,22493
42805,265276,19891,127695,14096,245383,43399,20902,22497
42810,265307,19893,127712,14097,245412,43404,20906,22498
42815,265338,19895,127725,14099,245443,43409,20908,22501
42820,265369,19897,127742,14101,245472,43414,20909,22505
42825,265400,19898,127755,14102,245502,43419,20910,22509
42830,265431,19899,127766,14102,245531,43424,20912,22512
42835,265462,19900,127782,14103,245560,43429,20917,22512
42840,265493,19904,127797,14106,245589,43434,20920,22514
42845,265524,19906,127810,14106,245618,43437,20922,22515
42850,265555,19910,127824,14109,245645,43440,20923,22517
42855,265586,19914,127838,14112,245671,43443,20925,22518
42860,265617,19917,127851,14114,245699,43446,20927,22519
42865,265648,19923,127868,14120,245724,43449,20928,22521
42870,265679,19927,127888,14123,245752,43452,20930,22522
42875,265710,19928,127901,14124,245782,43455,20930,22525
42880,265741,19929,127913,14124,245811,43458,20933,22525
42885,265772,19932,127935,14126,245839,43462,20936,22526
42890,265803,19935,127949,14128,245867,43466,20937,22529
42895,265834,19938,127966,14130,245895,43470,20941,22529
42900,265865,19943,127981,14135,245920,43474,20944,22530
42905,265896,19949,128001,14141,245947,43478,20945,22533
42910,265927,19950,128016,14142,245977,43482,20947,22535
42915,265958,19951,128030,14142,246007,43486,20949,22537
42920,265989,19952,128049,14143,246037,43490,20951,22539
42925,266020,19955,128067,14146,246065,43494,20953,22541
42930,266051,19957,128084,14147,246093,43498,20955,22543
42935,266082,19960,128103,14150,246121,43502,20957,22545
42940,266113,19962,128114,14151,246150,43506,20959,22547
42945,266144,19966,128129,14154,246178,43511,20962,22549
42950,266175,19968,128144,14156,246206,43517,20964,22553
42955,266206,19969,128156,14157,246236,43523,20965,22558
42960,266237,19970,128170,14158,246266,43529,20968,22561
42965,266268,19970,128188,14158,246298,43535,20972,22563
42970,266299,19970,128196,14158,246328,43541,20973,22568
42975,266330,19971,128209,14159,246359,43547,20976,22571
42980,266361,19973,128224,14160,246388,43553,20979,22574
42985,266392,19975,128247,14162,246417,43559,20982,22577
42990,266423,19976,128266,14162,246447,43565,20987,22578
42995,266454,19978,128281,14163,246476,43571,20989,22582
43000,266485,19979,128298,14164,246506,43577,20993,22584
43005,266516,19981,128315,14166,246534,43583,20995,22588
43010,266547,19983,128330,14168,246562,43589,20997,22592
43015,266578,19987,128338,14171,246591,43595,21000,22595
43020,266609,19990,128354,14172,246618,43601,21003,22598
43025,266640,19994,128370,14175,246644,43606,21005,22601
43030,266671,19996,128386,14175,246673,43611,21008,22603
43035,266702,19998,128403,14177,246702,43616,21010,22606
43040,266733,20001,128415,14178,246731,43621,21010,22611
43045,266764,20003,128431,14179,246759,43626,21013,22613
43050,266795,20006,128450,14181,246788,43631,21016,22615
43055,266826,20009,128464,14183,246816,43636,21017,22619
43060,266857,20012,128479,14186,246844,43641,21019,22622
43065,266888,20018,128495,14190,246869,43646,21022,22624
43070,266919,20023,128508,14194,246895,43651,21022,22629
43075,266950,20028,128524,14196,246921,43656,21026,22630
43080,266981,20033,128541,14200,246946,43661,21028,22633
43085,267012,20036,128556,14202,246976,43665,21031,22634
43090,267043,20038,128574,14203,247005,43669,21034,22635
43095,267074,20039,128590,14203,247035,43673,21035,22638
43100,267105,20040,128611,14204,247065,43677,21036,22641
43105,267136,20042,128625,14205,247094,43681,21038,22643
43110,267167,20044,128640,14206,247123,43685,21041,22644
43115,267198,20045,128655,14206,247153,43689,21044,22645
43120,267229,20047,128669,14208,247182,43693,21044,22649
43125,267260,20049,128685,14209,247211,43697,21044,22653
43130,267291,20051,128698,14210,247238,43702,21047,22655
43135,267322,20055,128710,14214,247266,43707,21048,22659
43140,267353,20058,128726,14216,247295,43712,21051,22661
43145,267384,20058,128738,14216,247326,43717,21054,22663
43150,267415,20058,128753,14216,247356,43722,21054,22668
43155,267446,20058,128767,14216,247387,43727,21058,22669
43160,267477,20058,128782,14216,247418,43732,21061,22671
43165,267508,20058,128795,14216,247450,43737,21063,22674
43170,267539,20058,128808,14216,247480,43742,21065,22677
43175,267570,20058,128818,14216,247512,43747,21067,22680
43180,267601,20058,128832,14216,247542,43752,21070,22682
43185,267632,20058,128847,14216,247571,43758,21075,22683
43190,267663,20061,128861,14218,247600,43764,21079,22685
43195,267694,20066,128879,14222,247627,43770,21081,22689
43200,267725,20068,128896,14224,247655,43776,21082,22694
43205,267756,20070,128915,14225,247684,43781,21084,22697
43210,267787,20073,128934,14228,247714,43786,21085,22701
43215,267818,20076,128948,14231,247742,43791,21086,22705
43220,267849,20079,128968,14233,247770,43796,21088,22708
43225,267880,20082,128983,14235,247798,43801,21090,22711
43230,267911,20084,128995,14235,247827,43806,21093,22713
43235,267942,20087,129010,14237,247854,43811,21094,22717
43240,267973,20090,129025,14238,247883,43816,21099,22717
43245,268004,20093,129039,14241,247910,43821,21099,22722
43250,268035,20099,129057,14245,247935,43826,21101,22725
43255,268066,20104,129070,14248,247962,43831,21104,22727
43260,268097,20107,129084,14249,247989,43836,21107,22729
43265,268128,20111,129101,14251,248015,43841,21109,22732
43270,268159,20117,129121,14256,248041,43846,21114,22732
43275,268190,20121,129134,14259,248069,43851,21115,22736
43280,268221,20122,129148,14260,248099,43856,21115,22741
43285,268252,20123,129165,14260,248129,43861,21118,22743
43290,268283,20124,129182,14261,248159,43866,21121,22745
43295,268314,20125,129199,14261,248189,43871,21125,22746
43300,268345,20126,129212,14261,248218,43876,21127,22749
43305,268376,20128,129227,14262,248247,43882,21128,22754
43310,268407,20131,129241,14264,248275,43888,21130,22758
43315,268438,20134,129255,14266,248303,43894,21135,22759
43320,268469,20135,129266,14267,248334,43900,21137,22763
43325,268500,20136,129283,14267,248363,43906,21140,22766
43330,268531,20137,129295,14267,248393,43912,21144,22768
43335,268562,20140,129307,14269,248420,43918,21146,22772
43340,268593,20143,129323,14272,248450,43924,21148,22776
43345,268624,20144,129342,14273,248478,43930,21152,22778
43350,268655,20144,129359,14273,248510,43936,21154,22782
43355,268686,20144,129372,14273,248541,43942,21157,22785
43360,268717,20144,129390,14273,248572,43948,21161,22787
43365,268748,20144,129408,14273,248602,43954,21165,22789
43370,268779,20144,129425,14273,248634,43960,21168,22792
43375,268810,20144,129437,14273,248666,43966,21171,22795
43380,268841,20148,129449,14275,248693,43972,21173,22799
43385,268872,20151,129467,14277,248720,43975,21175,22800
43390,268903,20155,129483,14280,248747,43978,21175,22803
43395,268934,20159,129499,14283,248775,43981,21176,22805
43400,268965,20162,129515,14285,248803,43984,21177,22807
43405,268996,20167,129533,14290,248829,43987,21179,22808
43410,269027,20170,129551,14292,248857,43990,21181,22809
43415,269058,20172,129562,14293,248885,43993,21182,22811
43420,269089,20175,129578,14295,248914,43996,21185,22811
43425,269120,20177,129595,14295,248942,43999,21185,22814
43430,269151,20180,129612,14297,248969,44002,21186,22816
43435,269182,20184,129624,14301,248997,44005,21187,22818
43440,269213,20188,129638,14303,249023,44008,21188,22820
43445,269244,20194,129650,14307,249050,44011,21189,22822
43450,269275,20198,129662,14309,249076,44014,21189,22825
43455,269306,20200,129682,14311,249106,44017,21191,22826
43460,269337,20201,129694,14312,249136,44020,21193,22827
43465,269368,20202,129709,14313,249166,44023,21194,22829
43470,269399,20203,129722,14314,249196,44026,21196,22830
43475,269430,20205,129736,14315,249224,44029,21198,22831
43480,269461,20207,129751,14316,249253,44032,21200,22832
43485,269492,20210,129765,14319,249282,44037,21203,22834
43490,269523,20211,129780,14319,249311,44043,21207,22836
43495,269554,20214,129793,14322,249339,44049,21208,22841
43500,269585,20216,129806,14323,249368,44055,21211,22844
43505,269616,20220,129823,14327,249395,44061,21214,22847
43510,269647,20222,129835,14329,249425,44067,21217,22850
43515,269678,20224,129849,14331,249452,44073,21218,22855
43520,269709,20225,129866,14332,249483,44079,21221,22858
43525,269740,20225,129879,14332,249515,44085,21223,22862
43530,269771,20225,129898,14332,249546,44091,21226,22865
43535,269802,20225,129910,14332,249577,44097,21229,22868
43540,269833,20225,129922,14332,249607,44103,21233,22870
43545,269864,20225,129934,14332,249639,44109,21235,22874
43550,269895,20225,129951,14332,249670,44115,21239,22876
43555,269926,20225,129964,14332,249700,44121,21240,22881
43560,269957,20230,129979,14336,249726,44127,21240,22887
43565,269988,20234,129995,14339,249754,44133,21243,22890
43570,270019,20237,130010,14340,249781,44139,21246,22893
43575,270050,20240,130017,14342,249809,44145,21247,22898
43580,270081,20244,130031,14345,249836,44151,21248,22903
43585,270112,20248,130047,14349,249862,44157,21249,22908
43590,270143,20252,130067,14353,249890,44163,21255,22908
43595,270174,20255,130082,14354,249918,44169,21258,22911
43600,270205,20259,130098,14358,249944,44175,21261,22914
43605,270236,20263,130113,14360,249970,44181,21263,22918
43610,270267,20266,130128,14363,250001,44187,21266,22921
43615,270298,20268,130140,14364,250030,44193,21268,22925
43620,270329,20271,130155,14366,250057,44199,21270,22929
43625,270360,20275,130167,14368,250084,44205,21271,22934
43630,270391,20282,130181,14374,250109,44211,21273,22938
43635,270422,20285,130192,14375,250137,44217,21276,22941
43640,270453,20286,130207,14376,250167,44223,21280,22943
43645,270484,20287,130221,14377,250197,44229,21284,22945
43650,270515,20288,130232,14378,250227,44235,21287,22948
43655,270546,20290,130245,14380,250256,44241,21289,22952
43660,270577,20293,130264,14383,250284,44247,21292,22955
43665,270608,20295,130278,14384,250313,44253,21295,22958
43670,270639,20296,130292,14384,250343,44259,21299,22960
43675,270670,20297,130303,14384,250373,44265,21300,22965
43680,270701,20299,130314,14385,250401,44271,21303,22968
43685,270732,20301,130324,14387,250431,44276,21306,22970
43690,270763,20302,130340,14388,250460,44281,21309,22972
43695,270794,20305,130348,14390,250489,44286,21309,22977
43700,270825,20307,130362,14391,250517,44291,21310,22981
43705,270856,20310,130377,14393,250546,44296,21310,22986
43710,270887,20310,130391,14393,250576,44301,21311,22990
43715,270918,20310,130407,14393,250606,44306,21311,22995
43720,270949,20310,130422,14393,250637,44311,21313,22998
43725,270980,20310,130435,14393,250668,44316,21316,23000
43730,271011,20310,130447,14393,250700,44321,21319,23002
43735,271042,20310,130465,14393,250732,44326,21323,23003
43740,271073,20311,130482,14394,250761,44331,21325,23006
43745,271104,20314,130493,14395,250790,44335,21327,23008
43750,271135,20317,130510,14397,250816,44339,21328,23011
43755,271166,20321,130523,14399,250845,44343,21331,23012
43760,271197,20324,130538,14402,250870,44347,21331,23016
43765,271228,20327,130558,14405,250900,44351,21334,23017
43770,271259,20329,130574,14405,250930,44355,21337,23018
43775,271290,20332,130593,14408,250958,44359,21340,23019
43780,271321,20335,130607,14409,250986,44363,21341,23022
43785,271352,20337,130620,14409,251015,44368,21343,23025
43790,271383,20339,130632,14409,251044,44373,21344,23029
43795,271414,20341,130647,14410,251073,44378,21345,23033
43800,271445,20343,130663,14411,251102,44383,21349,23034
43805,271476,20346,130677,14413,251130,44388,21350,23038
43810,271507,20348,130691,14413,251159,44393,21350,23043
43815,271538,20353,130703,14416,251185,44398,21353,23045
43820,271569,20357,130720,14418,251212,44403,21355,23048
43825,271600,20361,130736,14422,251239,44408,21358,23050
43830,271631,20365,130754,14425,251266,44413,21360,23053
43835,271662,20370,130771,14428,251292,44418,21364,23054
43840,271693,20374,130788,14431,251319,44423,21364,23059
43845,271724,20377,130805,14434,251345,44429,21367,23062
43850,271755,20384,130820,14440,251371,44435,21370,23065
43855,271786,20389,130837,14444,251397,44441,21373,23068
43860,271817,20392,130851,14447,251425,44447,21375,23072
43865,271848,20395,130864,14449,251452,44453,21376,23077
43870,271879,20399,130876,14452,251480,44459,21380,23079
43875,271910,20401,130894,14454,251508,44465,21382,23083
43880,271941,20403,130909,14456,251538,44471,21383,23088
43885,271972,20406,130924,14458,251566,44477,21386,23091
43890,272003,20406,130936,14458,251596,44483,21389,23094
43895,272034,20406,130950,14458,251627,44489,21391,23098
43900,272065,20406,130963,14458,251658,44495,21392,23103
43905,272096,20406,130973,14458,251688,44501,21394,23107
43910,272127,20406,130985,14458,251721,44507,21398,23109
43915,272158,20406,130999,14458,251752,44513,21400,23113
43920,272189,20406,131013,14458,251780,44519,21402,23117
43925,272220,20406,131026,14458,251810,44523,21404,23119
43930,272251,20406,131040,14458,251843,44527,21407,23120
43935,272282,20406,131055,14458,251875,44531,21408,23123
43940,272313,20406,131074,14458,251907,44535,21410,23125
43945,272344,20407,131088,14459,251937,44539,21412,23127
43950,272375,20408,131105,14459,251967,44543,21415,23128
43955,272406,20409,131119,14460,251997,44547,21417,23130
43960,272437,20410,131133,14461,252027,44551,21418,23133
43965,272468,20411,131147,14461,252057,44555,21420,23135
43970,272499,20412,131162,14462,252087,44559,21422,23137
43975,272530,20413,131176,14463,252117,44563,21424,23139
43980,272561,20414,131191,14464,252146,44567,21424,23143
43985,272592,20418,131208,14467,252173,44570,21426,23144
43990,272623,20421,131221,14468,252201,44573,21426,23147
43995,272654,20427,131239,14474,252226,44576,21428,23148
44000,272685,20432,131255,14478,252253,44579,21431,23148
44005,272716,20435,131268,14478,252281,44582,21434,23148
44010,272747,20439,131285,14481,252307,44585,21435,23150
44015,272778,20444,131300,14484,252334,44588,21437,23151
44020,272809,20448,131308,14486,252361,44591,21437,23154
44025,272840,20454,131324,14491,252385,44595,21438,23157
44030,272871,20459,131334,14494,252412,44600,21441,23159
44035,272902,20466,131353,14499,252434,44605,21444,23161
44040,272933,20473,131365,14503,252460,44610,21448,23162
44045,272964,20477,131375,14505,252486,44614,21448,23166
44050,272995,20480,131393,14508,252515,44618,21449,23169
44055,273026,20482,131410,14510,252543,44622,21451,23171
44060,273057,20483,131427,14510,252572,44626,21453,23173
44065,273088,20485,131445,14511,252602,44630,21456,23174
44070,273119,20488,131460,14514,252631,44634,21457,23177
44075,273150,20490,131475,14516,252660,44638,21461,23177
44080,273181,20491,131493,14517,252689,44642,21463,23179
44085,273212,20494,131513,14520,252716,44646,21464,23182
44090,273243,20495,131527,14521,252747,44651,21466,23185
44095,273274,20495,131539,14521,252779,44656,21469,23187
44100,273305,20495,131560,14521,252809,44661,21474,23187
44105,273336,20495,131572,14521,252841,44666,21476,23190
44110,273367,20495,131586,14521,252871,44671,21478,23193
44115,273398,20495,131603,14521,252901,44676,21481,23195
44120,273429,20495,131617,14521,252932,44681,21483,23198
44125,273460,20495,131627,14521,252965,44686,21483,23203
44130,273491,20495,131643,14521,252996,44691,21486,23205
44135,273522,20495,131661,14521,253026,44696,21489,23207
44140,273553,20495,131681,14521,253057,44701,21493,23208
44145,273584,20497,131698,14523,253085,44707,21498,23209
44150,273615,20500,131715,14525,253113,44713,21501,23212
44155,273646,20505,131732,14529,253140,44719,21506,23213
44160,273677,20509,131748,14532,253167,44725,21509,23216
44165,273708,20513,131766,14535,253193,44731,21511,23220
44170,273739,20517,131785,14539,253220,44737,21515,23222
44175,273770,20523,131803,14544,253247,44743,21519,23224
44180,273801,20524,131817,14545,253277,44749,21523,23226
44185,273832,20525,131830,14545,253307,44755,21525,23230
44190,273863,20526,131848,14545,253337,44761,21529,23232
44195,273894,20528,131861,14547,253366,44767,21530,23237
44200,273925,20530,131873,14548,253395,44773,21534,23239
44205,273956,20534,131892,14552,253422,44779,21537,23242
44210,273987,20538,131913,14556,253449,44785,21540,23245
44215,274018,20541,131930,14558,253477,44791,21543,23248
44220,274049,20543,131945,14560,253506,44797,21545,23252
44225,274080,20546,131963,14562,253534,44802,21547,23255
44230,274111,20549,131982,14564,253562,44807,21550,23257
44235,274142,20551,131996,14565,253591,44812,21552,23260
44240,274173,20556,132015,14569,253617,44817,21554,23263
44245,274204,20559,132028,14571,253645,44822,21556,23266
44250,274235,20563,132037,14574,253672,44827,21558,23269
44255,274266,20565,132049,14575,253699,44832,21562,23270
44260,274297,20568,132063,14577,253727,44837,21565,23272
44265,274328,20572,132080,14581,253752,44842,21569,23273
44270,274359,20574,132096,14583,253784,44847,21571,23276
44275,274390,20574,132106,14583,253814,44852,21572,23280
44280,274421,20574,132121,14583,253844,44857,21574,23283
44285,274452,20575,132135,14583,253875,44861,21576,23285
44290,274483,20577,132158,14584,253904,44865,21579,23286
44295,274514,20579,132176,14586,253934,44869,21580,23289
44300,274545,20581,132192,14588,253962,44873,21582,23291
44305,274576,20585,132210,14592,253989,44877,21585,23292
44310,274607,20589,132225,14596,254016,44881,21588,23293
44315,274638,20593,132241,14600,254044,44885,21588,23297
44320,274669,20596,132254,14603,254073,44889,21590,23299
44325,274700,20596,132264,14603,254104,44894,21592,23302
44330,274731,20596,132278,14603,254135,44899,21594,23305
44335,274762,20596,132295,14603,254166,44904,21596,23308
44340,274793,20596,132309,14603,254197,44909,21599,23310
44345,274824,20596,132326,14603,254228,44914,21601,23313
44350,274855,20596,132340,14603,254259,44919,21604,23315
44355,274886,20596,132352,14603,254290,44924,21605,23319
44360,274917,20599,132365,14606,254318,44929,21608,23321
44365,274948,20600,132374,14607,254348,44934,21609,23325
44370,274979,20603,132388,14609,254376,44939,21611,23328
44375,275010,20607,132400,14611,254403,44944,21613,23331
44380,275041,20612,132416,14614,254429,44949,21614,23335
44385,275072,20614,132427,14615,254457,44955,21616,23339
44390,275103,20620,132440,14619,254482,44961,21618,23343
44395,275134,20626,132453,14623,254508,44967,21621,23346
44400,275165,20629,132466,14624,254535,44973,21622,23351
44405,275196,20632,132486,14626,254563,44978,21627,23351
44410,275227,20634,132504,14627,254593,44983,21630,23353
44415,275258,20636,132521,14628,254622,44988,21632,23356
44420,275289,20638,132537,14629,254650,44993,21632,23361
44425,275320,20640,132549,14630,254680,44998,21635,23363
44430,275351,20646,132566,14635,254704,45003,21638,23365
44435,275382,20652,132581,14640,254730,45008,21640,23368
44440,275413,20656,132594,14642,254756,45013,21642,23371
44445,275444,20662,132610,14647,254781,45018,21644,23374
44450,275475,20667,132625,14651,254805,45023,21645,23378
44455,275506,20671,132640,14654,254833,45028,21647,23381
44460,275537,20676,132653,14658,254861,45033,21648,23385
44465,275568,20680,132667,14660,254888,45037,21651,23386
44470,275599,20683,132683,14662,254915,45041,21653,23388
44475,275630,20686,132694,14664,254944,45045,21654,23391
44480,275661,20688,132713,14664,254973,45049,21658,23391
44485,275692,20690,132726,14664,255001,45053,21660,23393
44490,275723,20693,132743,14665,255029,45057,21662,23395
44495,275754,20695,132755,14667,255059,45061,21664,23397
44500,275785,20696,132767,14668,255089,45065,21664,23401
44505,275816,20697,132781,14669,255119,45069,21666,23403
44510,275847,20699,132802,14670,255148,45074,21671,23403
44515,275878,20699,132811,14670,255179,45079,21673,23406
44520,275909,20699,132825,14670,255210,45084,21676,23408
44525,275940,20699,132843,14670,255241,45089,21680,23409
44530,275971,20699,132858,14670,255272,45094,21682,23412
44535,276002,20699,132872,14670,255303,45099,21686,23413
44540,276033,20699,132887,14670,255334,45104,21689,23415
44545,276064,20699,132899,14670,255365,45109,21690,23419
44550,276095,20699,132911,14670,255396,45114,21691,23423
44555,276126,20699,132929,14670,255427,45119,21695,23424
44560,276157,20699,132941,14670,255458,45124,21697,23427
44565,276188,20699,132956,14670,255489,45130,21699,23431
44570,276219,20699,132972,14670,255519,45136,21703,23433
44575,276250,20700,132983,14670,255549,45142,21706,23436
44580,276281,20701,133000,14671,255578,45148,21708,23440
44585,276312,20702,133016,14671,255609,45154,21711,23443
44590,276343,20703,133033,14671,255640,45160,21716,23444
44595,276374,20704,133044,14671,255669,45166,21718,23448
44600,276405,20708,133059,14674,255695,45172,21721,23451
44605,276436,20714,133074,14680,255720,45178,21722,23456
44610,276467,20718,133086,14683,255749,45184,21725,23459
44615,276498,20721,133103,14685,255777,45190,21729,23461
44620,276529,20726,133116,14690,255803,45196,21730,23466
44625,276560,20730,133129,14692,255829,45202,21735,23467
44630,276591,20736,133139,14695,255855,45208,21739,23469
44635,276622,20741,133160,14698,255880,45214,21743,23471
44640,276653,20744,133175,14700,255909,45220,21748,23472
44645,276684,20746,133187,14701,255935,45225,21749,23476
44650,276715,20749,133204,14704,255964,45230,21751,23479
44655,276746,20752,133218,14705,255992,45235,21751,23484
44660,276777,20756,133231,14707,256021,45240,21753,23487
44665,276808,20758,133245,14707,256048,45245,21755,23490
44670,276839,20761,133253,14708,256078,45250,21757,23493
44675,276870,20764,133267,14710,256106,45255,21760,23495
44680,276901,20766,133280,14711,256135,45260,21761,23499
44685,276932,20769,133290,14712,256163,45265,21761,23504
44690,276963,20772,133306,14713,256191,45270,21764,23506
44695,276994,20774,133319,14714,256220,45275,21767,23508
44700,277025,20776,133335,14715,256249,45280,21770,23510
44705,277056,20777,133342,14715,256279,45285,21770,23515
44710,277087,20779,133356,14716,256308,45290,21771,23519
44715,277118,20780,133367,14716,256338,45295,21773,23522
44720,277149,20782,133383,14718,256367,45300,21776,23524
44725,277180,20785,133398,14720,256395,45305,21780,23525
44730,277211,20787,133411,14722,256424,45310,21781,23529
44735,277242,20789,133431,14724,256453,45315,21783,23532
44740,277273,20792,133453,14727,256479,45320,21785,23535
44745,277304,20795,133468,14730,256508,45326,21786,23540
44750,277335,20797,133481,14731,256537,45332,21789,23543
44755,277366,20799,133496,14733,256566,45338,21793,23545
44760,277397,20802,133508,14735,256594,45344,21795,23549
44765,277428,20804,133519,14736,256624,45349,21799,23550
44770,277459,20807,133539,14739,256651,45354,21803,23551
44775,277490,20811,133556,14742,256679,45359,21805,23554
44780,277521,20813,133577,14743,256708,45364,21807,23557
44785,277552,20813,133588,14743,256738,45369,21808,23561
44790,277583,20813,133600,14743,256770,45374,21810,23564
44795,277614,20816,133623,14746,256797,45379,21814,23565
44800,277645,20819,133636,14748,256826,45384,21816,23568
44805,277676,20821,133650,14749,256852,45389,21817,23572
44810,277707,20823,133664,14751,256882,45394,21821,23573
44815,277738,20825,133678,14752,256912,45399,21824,23575
44820,277769,20830,133694,14757,256939,45404,21826,23578
44825,277800,20832,133709,14758,256968,45407,21828,23579
44830,277831,20834,133725,14759,256997,45410,21830,23580
44835,277862,20834,133739,14759,257028,45413,21830,23583
44840,277893,20834,133751,14759,257059,45416,21830,23586
44845,277924,20835,133764,14759,257089,45419,21833,23586
44850,277955,20836,133777,14760,257119,45422,21835,23587
44855,277986,20837,133791,14761,257149,45425,21835,23590
44860,278017,20838,133805,14761,257179,45428,21835,23593
44865,278048,20839,133822,14761,257209,45432,21839,23593
44870,278079,20840,133835,14762,257239,45436,21841,23595
44875,278110,20841,133844,14763,257269,45440,21841,23599
44880,278141,20842,133862,14764,257299,45444,21843,23601
44885,278172,20843,133874,14764,257329,45448,21844,23604
44890,278203,20846,133888,14766,257356,45452,21846,23606
44895,278234,20852,133904,14771,257381,45456,21850,23606
44900,278265,20857,133921,14775,257407,45460,21852,23608
44905,278296,20862,133943,14780,257432,45464,21854,23610
44910,278327,20869,133962,14786,257457,45468,21856,23612
44915,278358,20873,133973,14789,257484,45472,21856,23616
44920,278389,20877,133986,14792,257512,45476,21859,23617
44925,278420,20879,133995,14793,257541,45481,21860,23621
44930,278451,20882,134009,14796,257569,45487,21860,23627
44935,278482,20884,134023,14797,257598,45493,21861,23632
44940,278513,20886,134035,14798,257627,45499,21863,23636
44945,278544,20888,134048,14799,257656,45504,21864,23640
44950,278575,20890,134063,14801,257684,45509,21866,23643
44955,278606,20892,134081,14803,257714,45514,21868,23646
44960,278637,20894,134096,14805,257743,45519,21870,23649
44965,278668,20895,134111,14805,257773,45524,21873,23651
44970,278699,20896,134127,14805,257802,45529,21875,23654
44975,278730,20897,134140,14805,257832,45534,21879,23655
44980,278761,20898,134156,14806,257862,45539,21882,23657
44985,278792,20899,134171,14806,257891,45544,21886,23658
44990,278823,20902,134187,14808,257921,45549,21890,23659
44995,278854,20904,134205,14810,257949,45554,21893,23661
45000,278885,20905,134222,14810,257979,45559,21898,23661
45005,278916,20906,134233,14810,258008,45564,21900,23664
45010,278947,20907,134246,14811,258040,45569,21901,23668
45015,278978,20908,134265,14811,258070,45574,21904,23670
45020,279009,20910,134282,14813,258099,45579,21906,23673
45025,279040,20911,134292,14813,258129,45584,21907,23677
45030,279071,20914,134307,14815,258157,45589,21910,23679
45035,279102,20917,134319,14817,258185,45594,21911,23683
45040,279133,20922,134335,14822,258210,45599,21914,23685
45045,279164,20925,134348,14823,258237,45604,21917,23687
45050,279195,20930,134369,14826,258263,45610,21922,23688
45055,279226,20935,134385,14829,258289,45616,21924,23692
45060,279257,20940,134399,14832,258315,45622,21928,23694
45065,279288,20943,134417,14834,258345,45627,21930,23697
45070,279319,20944,134430,14834,258375,45632,21932,23700
45075,279350,20945,134445,14834,258405,45637,21934,23703
45080,279381,20946,134458,14835,258435,45642,21934,23708
45085,279412,20947,134471,14836,258465,45647,21934,23713
45090,279443,20949,134482,14837,258494,45652,21936,23716
45095,279474,20950,134497,14838,258524,45657,21939,23718
45100,279505,20952,134516,14839,258553,45662,21943,23719
45105,279536,20954,134527,14840,258582,45667,21944,23723
45110,279567,20956,134540,14841,258610,45672,21946,23726
45115,279598,20960,134553,14845,258636,45677,21948,23729
45120,279629,20964,134563,14848,258663,45682,21948,23734
45125,279660,20965,134580,14849,258694,45687,21952,23735
45130,279691,20965,134595,14849,258726,45692,21955,23737
45135,279722,20965,134607,14849,258756,45697,21959,23738
45140,279753,20965,134622,14849,258788,45702,21963,23739
45145,279784,20965,134634,14849,258819,45707,21967,23740
45150,279815,20967,134648,14851,258848,45712,21969,23743
45155,279846,20968,134660,14851,258878,45717,21971,23746
45160,279877,20969,134678,14852,258908,45722,21974,23748
45165,279908,20970,134695,14852,258936,45728,21976,23752
45170,279939,20976,134713,14857,258960,45734,21979,23755
45175,279970,20980,134725,14860,258989,45740,21982,23758
45180,280001,20982,134736,14860,259017,45746,21984,23762
45185,280032,20985,134746,14862,259046,45752,21987,23765
45190,280063,20988,134762,14863,259074,45758,21989,23769
45195,280094,20991,134778,14864,259101,45764,21994,23770
45200,280125,20996,134793,14868,259128,45770,21996,23774
45205,280156,21001,134810,14872,259153,45776,21999,23777
45210,280187,21006,134828,14876,259180,45782,22004,23778
45215,280218,21009,134843,14878,259207,45788,22006,23782
45220,280249,21013,134854,14880,259236,45794,22008,23786
45225,280280,21016,134868,14883,259262,45800,22009,23791
45230,280311,21021,134883,14885,259289,45806,22013,23793
45235,280342,21024,134896,14886,259318,45812,22016,23796
45240,280373,21026,134907,14887,259346,45818,22019,23799
45245,280404,21028,134925,14889,259376,45823,22022,23801
45250,280435,21029,134939,14890,259406,45828,22025,23803
45255,280466,21030,134955,14891,259436,45833,22028,23805
45260,280497,21031,134971,14891,259466,45838,22033,23805
45265,280528,21032,134988,14892,259496,45843,22033,23810
45270,280559,21033,135002,14892,259526,45848,22035,23813
45275,280590,21035,135016,14893,259555,45853,22036,23817
45280,280621,21037,135031,14895,259584,45858,22038,23820
45285,280652,21038,135046,14896,259614,45863,22040,23823
45290,280683,21039,135062,14896,259644,45868,22043,23825
45295,280714,21041,135078,14898,259673,45873,22045,23828
45300,280745,21043,135090,14899,259702,45878,22045,23833
45305,280776,21044,135106,14900,259732,45882,22048,23834
45310,280807,21045,135120,14901,259762,45886,22049,23837
45315,280838,21046,135129,14902,259792,45890,22049,23841
45320,280869,21047,135144,14902,259822,45894,22051,23843
45325,280900,21049,135157,14903,259851,45898,22052,23846
45330,280931,21051,135176,14905,259878,45902,22053,23849
45335,280962,21054,135194,14908,259906,45906,22055,23851
45340,280993,21058,135210,14911,259935,45910,22057,23853
45345,281024,21062,135225,14913,259962,45915,22058,23857
45350,281055,21067,135237,14917,259988,45920,22060,23860
45355,281086,21072,135252,14920,260012,45925,22064,23861
45360,281117,21077,135272,14925,260039,45930,22067,23863
45365,281148,21081,135291,14929,260066,45935,22070,23865
45370,281179,21083,135304,14930,260095,45940,22073,23867
45375,281210,21086,135319,14931,260122,45945,22076,23869
45380,281241,21090,135337,14934,260150,45950,22080,23870
45385,281272,21093,135352,14936,260178,45955,22084,23871
45390,281303,21097,135365,14939,260206,45960,22086,23874
45395,281334,21100,135380,14941,260234,45965,22088,23877
45400,281365,21103,135396,14943,260261,45970,22091,23879
45405,281396,21107,135414,14947,260289,45976,22095,23881
45410,281427,21110,135426,14949,260317,45982,22097,23885
45415,281458,21111,135435,14950,260347,45988,22099,23889
45420,281489,21113,135454,14952,260376,45994,22102,23892
45425,281520,21113,135470,14952,260407,45999,22105,23894
45430,281551,21113,135482,14952,260438,46004,22106,23898
45435,281582,21113,135495,14952,260469,46009,22107,23902
45440,281613,21113,135512,14952,260498,46014,22108,23906
45445,281644,21113,135530,14952,260530,46019,22110,23909
45450,281675,21113,135550,14952,260560,46024,22113,23911
45455,281706,21113,135564,14952,260593,46029,22116,23913
45460,281737,21114,135581,14952,260623,46034,22119,23915
45465,281768,21115,135597,14952,260653,46039,22122,23917
45470,281799,21116,135609,14953,260683,46044,22123,23921
45475,281830,21117,135628,14954,260713,46049,22124,23925
45480,281861,21118,135642,14955,260743,46054,22125,23929
45485,281892,21119,135657,14956,260773,46058,22128,23930
45490,281923,21120,135674,14957,260802,46062,22129,23933
45495,281954,21121,135690,14958,260832,46066,22132,23934
45500,281985,21123,135703,14959,260861,46070,22134,23936
45505,282016,21125,135715,14960,260890,46074,22136,23938
45510,282047,21129,135733,14964,260916,46078,22139,23939
45515,282078,21135,135744,14969,260943,46082,22141,23941
45520,282109,21138,135759,14970,260969,46086,22143,23943
45525,282140,21144,135772,14974,260994,46091,22145,23946
45530,282171,21152,135789,14980,261018,46096,22147,23949
45535,282202,21157,135804,14984,261044,46101,22149,23952
45540,282233,21164,135823,14991,261067,46106,22154,23952
45545,282264,21170,135839,14996,261092,46111,22156,23955
45550,282295,21174,135856,14999,261120,46116,22158,23958
45555,282326,21178,135866,15001,261147,46121,22160,23961
45560,282357,21182,135884,15005,261174,46126,22164,23962
45565,282388,21184,135901,15007,261204,46131,22166,23965
45570,282419,21185,135913,15007,261234,46136,22168,23968
45575,282450,21186,135929,15007,261264,46141,22170,23971
45580,282481,21187,135945,15008,261294,46146,22171,23975
45585,282512,21188,135958,15008,261324,46151,22172,23979
45590,282543,21189,135974,15009,261354,46157,22176,23981
45595,282574,21190,135995,15010,261384,46163,22180,23983
45600,282605,21191,136010,15010,261414,46169,22183,23986
45605,282636,21192,136028,15010,261444,46174,22185,23989
45610,282667,21193,136042,15011,261474,46179,22188,23991
45615,282698,21194,136059,15012,261504,46184,22191,23993
45620,282729,21195,136076,15013,261534,46189,22193,23996
45625,282760,21196,136092,15013,261564,46194,22196,23998
45630,282791,21197,136107,15013,261594,46199,22199,24000
45635,282822,21198,136121,15013,261624,46204,22202,24002
45640,282853,21199,136132,15013,261654,46209,22205,24004
45645,282884,21200,136144,15013,261684,46214,22207,24007
45650,282915,21203,136158,15015,261711,46219,22209,24010
45655,282946,21208,136174,15020,261738,46224,22210,24014
45660,282977,21213,136190,15024,261763,46229,22214,24015
45665,283008,21217,136204,15027,261790,46234,22217,24017
45670,283039,21222,136219,15032,261816,46239,22218,24021
45675,283070,21227,136234,15036,261842,46244,22222,24022
45680,283101,21231,136254,15040,261868,46249,22226,24023
45685,283132,21232,136266,15041,261900,46254,22228,24026
45690,283163,21233,136282,15041,261929,46259,22231,24028
45695,283194,21234,136295,15042,261960,46264,22232,24032
45700,283225,21235,136305,15042,261990,46269,22234,24035
45705,283256,21236,136320,15042,262020,46275,22240,24035
45710,283287,21237,136336,15043,262049,46281,22243,24038
45715,283318,21238,136352,15043,262077,46287,22245,24042
45720,283349,21239,136363,15043,262110,46293,22246,24047
45725,283380,21240,136382,15044,262139,46299,22251,24048
45730,283411,21241,136399,15045,262168,46305,22255,24050
45735,283442,21242,136413,15045,262199,46311,22259,24052
45740,283473,21243,136428,15046,262229,46317,22261,24056
45745,283504,21244,136440,15047,262259,46323,22263,24060
45750,283535,21245,136455,15047,262290,46329,22266,24063
45755,283566,21246,136463,15047,262320,46335,22269,24066
45760,283597,21247,136480,15048,262350,46341,22272,24069
45765,283628,21249,136495,15049,262379,46347,22276,24071
45770,283659,21251,136506,15050,262408,46353,22280,24073
45775,283690,21253,136520,15051,262437,46359,22281,24078
45780,283721,21255,136541,15053,262466,46365,22285,24080
45785,283752,21258,136552,15055,262493,46369,22286,24083
45790,283783,21263,136567,15058,262520,46373,22289,24084
45795,283814,21268,136584,15063,262546,46377,22291,24086
45800,283845,21274,136596,15068,262570,46381,22293,24088
45805,283876,21283,136610,15075,262593,46385,22293,24092
45810,283907,21288,136626,15079,262618,46389,22294,24095
45815,283938,21294,136642,15084,262644,46393,22296,24097
45820,283969,21297,136661,15086,262671,46397,22298,24099
45825,284000,21300,136672,15088,262700,46401,22301,24100
45830,284031,21304,136686,15091,262726,46405,22303,24102
45835,284062,21309,136699,15095,262753,46409,22304,24105
45840,284093,21310,136709,15096,262783,46413,22306,24107
45845,284124,21312,136724,15097,262812,46417,22308,24109
45850,284155,21313,136735,15098,262842,46421,22309,24112
45855,284186,21314,136751,15099,262872,46425,22310,24115
45860,284217,21315,136767,15100,262901,46429,22313,24116
45865,284248,21317,136780,15102,262930,46433,22313,24120
45870,284279,21319,136795,15104,262959,46437,22314,24123
45875,284310,21321,136814,15106,262989,46441,22317,24124
45880,284341,21322,136829,15106,263017,46445,22318,24127
45885,284372,21324,136843,15107,263047,46450,22320,24130
45890,284403,21324,136860,15107,263079,46456,22323,24133
45895,284434,21324,136876,15107,263108,46462,22327,24135
45900,284465,21324,136887,15107,263140,46468,22331,24137
45905,284496,21324,136903,15107,263171,46473,22333,24140
45910,284527,21324,136921,15107,263201,46478,22335,24143
45915,284558,21325,136937,15108,263232,46483,22339,24144
45920,284589,21326,136946,15108,263262,46488,22341,24147
45925,284620,21327,136967,15109,263293,46493,22345,24148
45930,284651,21328,136985,15110,263323,46498,22347,24151
45935,284682,21329,137000,15111,263353,46503,22349,24154
45940,284713,21331,137017,15112,263381,46508,22351,24157
45945,284744,21335,137036,15115,263408,46513,22353,24160
45950,284775,21338,137049,15116,263437,46518,22355,24163
45955,284806,21340,137063,15116,263466,46523,22357,24166
45960,284837,21343,137080,15119,263494,46528,22360,24168
45965,284868,21345,137094,15119,263521,46533,22363,24170
45970,284899,21350,137113,15123,263549,46538,22368,24170
45975,284930,21353,137128,15125,263575,46543,22370,24173
45980,284961,21360,137139,15131,263601,46548,22372,24176
45985,284992,21362,137150,15132,263630,46553,22374,24179
45990,285023,21364,137164,15134,263659,46558,22375,24183
45995,285054,21368,137175,15136,263686,46563,22376,24187
46000,285085,21371,137189,15138,263714,46568,22377,24191
46005,285116,21374,137201,15140,263742,46574,22380,24194
46010,285147,21377,137213,15142,263770,46580,22381,24199
46015,285178,21380,137225,15144,263797,46586,22382,24204
46020,285209,21384,137241,15148,263825,46592,22385,24207
46025,285240,21389,137258,15151,263851,46597,22388,24209
46030,285271,21393,137268,15153,263878,46602,22389,24213
46035,285302,21398,137285,15158,263904,46607,22392,24215
46040,285333,21403,137300,15162,263930,46612,22395,24217
46045,285364,21404,137311,15163,263960,46617,22396,24221
46050,285395,21405,137328,15164,263990,46622,22398,24224
46055,285426,21405,137345,15164,264021,46627,22401,24226
46060,285457,21405,137365,15164,264051,46632,22403,24229
46065,285488,21405,137379,15164,264083,46637,22404,24233
46070,285519,21405,137387,15164,264112,46642,22406,24236
46075,285550,21405,137404,15164,264145,46647,22409,24238
46080,285581,21405,137418,15164,264176,46652,22410,24242
46085,285612,21405,137434,15164,264207,46657,22414,24243
46090,285643,21406,137449,15165,264236,46662,22416,24246
46095,285674,21408,137463,15167,264265,46667,22418,24249
46100,285705,21410,137471,15169,264294,46672,22418,24254
46105,285736,21411,137483,15170,264324,46677,22421,24256
46110,285767,21413,137493,15171,264353,46682,22423,24259
46115,285798,21415,137510,15173,264382,46687,22424,24263
46120,285829,21416,137530,15174,264412,46692,22427,24265
46125,285860,21417,137545,15175,264440,46698,22429,24269
46130,285891,21421,137561,15178,264469,46704,22431,24273
46135,285922,21424,137576,15181,264497,46710,22433,24277
46140,285953,21427,137593,15184,264525,46716,22437,24279
46145,285984,21429,137608,15186,264553,46720,22438,24282
46150,286015,21434,137629,15191,264581,46724,22441,24283
46155,286046,21437,137644,15193,264609,46728,22443,24285
46160,286077,21440,137661,15196,264637,46732,22446,24286
46165,286108,21442,137676,15196,264666,46736,22449,24287
46170,286139,21445,137692,15198,264694,46740,22452,24288
46175,286170,21448,137706,15200,264722,46744,22454,24290
46180,286201,21450,137720,15202,264751,46748,22457,24291
46185,286232,21454,137733,15205,264778,46752,22460,24292
46190,286263,21458,137750,15208,264805,46756,22463,24293
46195,286294,21462,137762,15210,264832,46760,22465,24295
46200,286325,21466,137771,15212,264859,46764,22466,24298
46205,286356,21470,137791,15216,264886,46768,22469,24299
46210,286387,21472,137811,15218,264915,46772,22471,24301
46215,286418,21473,137825,15219,264945,46776,22473,24303
46220,286449,21475,137840,15221,264974,46780,22474,24306
46225,286480,21476,137851,15221,265004,46784,22475,24309
46230,286511,21477,137864,15221,265034,46788,22479,24309
46235,286542,21478,137879,15221,265064,46792,22481,24311
46240,286573,21479,137900,15222,265092,46796,22484,24312
46245,286604,21482,137917,15224,265120,46801,22487,24314
46250,286635,21486,137931,15227,265146,46807,22489,24318
46255,286666,21492,137948,15232,265172,46813,22493,24320
46260,286697,21493,137968,15232,265199,46819,22496,24323
46265,286728,21495,137986,15233,265232,46825,22498,24327
46270,286759,21496,138001,15233,265263,46831,22501,24330
46275,286790,21497,138020,15234,265293,46837,22503,24334
46280,286821,21498,138038,15235,265322,46843,22507,24336
46285,286852,21499,138053,15236,265353,46849,22510,24339
46290,286883,21500,138064,15236,265383,46855,22513,24342
46295,286914,21501,138084,15236,265413,46861,22517,24344
46300,286945,21502,138101,15236,265443,46867,22521,24346
46305,286976,21504,138118,15238,265471,46873,22525,24348
46310,287007,21507,138133,15240,265500,46879,22530,24349
46315,287038,21509,138149,15242,265528,46885,22532,24353
46320,287069,21512,138164,15244,265557,46891,22533,24358
46325,287100,21515,138178,15246,265584,46896,22536,24360
46330,287131,21519,138198,15249,265611,46901,22541,24360
46335,287162,21523,138210,15251,265638,46906,22542,24364
46340,287193,21527,138224,15254,265665,46911,22544,24367
46345,287224,21531,138244,15257,265693,46916,22549,24367
46350,287255,21534,138261,15259,265719,46921,22552,24369
46355,287286,21540,138279,15265,265746,46926,22556,24370
46360,287317,21542,138292,15266,265775,46931,22558,24373
46365,287348,21546,138306,15270,265802,46936,22560,24376
46370,287379,21549,138316,15271,265830,46941,22561,24380
46375,287410,21552,138327,15273,265858,46946,22563,24383
46380,287441,21553,138339,15273,265888,46951,22565,24386
46385,287472,21554,138355,15273,265918,46956,22567,24389
46390,287503,21556,138372,15275,265947,46961,22568,24393
46395,287534,21558,138388,15276,265976,46966,22571,24395
46400,287565,21559,138402,15276,266006,46971,22575,24396
46405,287596,21560,138415,15277,266036,46976,22578,24398
46410,287627,21562,138430,15279,266065,46981,22580,24401
46415,287658,21564,138442,15281,266094,46986,22581,24405
46420,287689,21566,138461,15283,266123,46991,22584,24407
46425,287720,21567,138476,15283,266152,46997,22586,24411
46430,287751,21570,138490,15286,266178,47003,22588,24415
46435,287782,21575,138507,15291,266203,47009,22591,24418
46440,287813,21577,138520,15293,266234,47015,22594,24421
46445,287844,21577,138537,15293,266266,47021,22596,24425
46450,287875,21577,138550,15293,266297,47027,22598,24429
46455,287906,21577,138562,15293,266329,47033,22601,24432
46460,287937,21577,138578,15293,266360,47039,22603,24436
46465,287968,21579,138591,15294,266388,47045,22605,24440
46470,287999,21582,138605,15297,266415,47051,22607,24444
46475,288030,21586,138617,15300,266444,47057,22611,24446
46480,288061,21587,138632,15301,266474,47063,22614,24449
46485,288092,21590,138642,15303,266501,47069,22616,24453
46490,288123,21594,138659,15306,266527,47075,22620,24455
46495,288154,21600,138673,15311,266554,47081,22620,24461
46500,288185,21602,138685,15311,266581,47087,22622,24465
46505,288216,21607,138695,15314,266609,47093,22625,24468
46510,288247,21611,138711,15316,266636,47099,22629,24470
46515,288278,21613,138724,15317,266665,47105,22633,24472
46520,288309,21615,138743,15319,266694,47111,22638,24473
46525,288340,21617,138760,15321,266723,47117,22641,24476
46530,288371,21619,138773,15322,266752,47123,22646,24477
46535,288402,21620,138786,15322,266782,47129,22648,24481
46540,288433,21621,138801,15323,266812,47135,22651,24484
46545,288464,21625,138819,15326,266838,47141,22654,24487
46550,288495,21628,138831,15327,266866,47147,22656,24491
46555,288526,21631,138844,15328,266894,47153,22656,24497
46560,288557,21632,138856,15329,266925,47159,22658,24501
46565,288588,21633,138870,15330,266955,47163,22659,24504
46570,288619,21634,138881,15331,266985,47167,22660,24507
46575,288650,21635,138893,15331,267014,47171,22663,24508
46580,288681,21636,138909,15331,267045,47175,22666,24509
46585,288712,21637,138924,15331,267075,47179,22667,24512
46590,288743,21638,138943,15332,267104,47183,22668,24515
46595,288774,21639,138958,15333,267134,47187,22669,24518
46600,288805,21640,138971,15334,267165,47191,22670,24521
46605,288836,21641,138986,15335,267195,47195,22671,24524
46610,288867,21643,138997,15336,267224,47199,22673,24526
46615,288898,21645,139012,15338,267253,47203,22675,24528
46620,288929,21646,139026,15339,267283,47207,22676,24531
46625,288960,21648,139042,15340,267311,47210,22677,24533
46630,288991,21651,139057,15342,267340,47213,22679,24534
46635,289022,21655,139081,15345,267365,47216,22681,24535
46640,289053,21660,139096,15349,267392,47219,22682,24537
46645,289084,21663,139110,15351,267421,47222,22684,24538
46650,289115,21666,139126,15352,267447,47225,22686,24539
46655,289146,21671,139142,15356,267474,47228,22687,24541
46660,289177,21675,139157,15359,267500,47231,22688,24543
46665,289208,21682,139176,15365,267521,47236,22689,24547
46670,289239,21689,139193,15370,267549,47241,22691,24550
46675,289270,21692,139208,15372,267577,47246,22693,24553
46680,289301,21693,139223,15373,267608,47251,22694,24557
46685,289332,21694,139241,15374,267637,47255,22696,24559
46690,289363,21695,139260,15374,267667,47259,22699,24560
46695,289394,21696,139281,15375,267698,47263,22702,24561
46700,289425,21697,139295,15376,267728,47267,22705,24562
46705,289456,21698,139309,15376,267758,47271,22708,24563
46710,289487,21699,139323,15377,267788,47275,22709,24566
46715,289518,21700,139338,15377,267817,47279,22710,24569
46720,289549,21701,139348,15377,267847,47283,22710,24573
46725,289580,21702,139362,15377,267878,47287,22713,24574
46730,289611,21703,139380,15377,267907,47292,22717,24575
46735,289642,21704,139392,15378,267936,47297,22717,24580
46740,289673,21705,139408,15379,267968,47302,22719,24583
46745,289704,21706,139423,15379,267998,47306,22721,24585
46750,289735,21707,139438,15380,268028,47310,22721,24589
46755,289766,21708,139453,15381,268058,47314,22724,24590
46760,289797,21709,139464,15382,268088,47318,22725,24593
46765,289828,21711,139479,15384,268117,47322,22728,24594
46770,289859,21713,139497,15386,268145,47326,22729,24597
46775,289890,21718,139513,15390,268171,47330,22729,24601
46780,289921,21722,139526,15394,268198,47334,22731,24603
46785,289952,21727,139542,15398,268225,47339,22734,24605
46790,289983,21731,139556,15402,268250,47344,22737,24607
46795,290014,21738,139568,15407,268275,47349,22740,24609
46800,290045,21743,139585,15409,268301,47354,22741,24613
46805,290076,21748,139598,15411,268328,47359,22742,24617
46810,290107,21753,139618,15416,268354,47364,22746,24618
46815,290138,21755,139629,15417,268383,47369,22746,24623
46820,290169,21757,139650,15419,268412,47374,22748,24626
46825,290200,21759,139671,15421,268441,47379,22750,24629
46830,290231,21761,139687,15421,268470,47384,22753,24631
46835,290262,21763,139699,15422,268499,47389,22755,24634
46840,290293,21765,139714,15422,268524,47394,22758,24636
46845,290324,21770,139731,15426,268550,47399,22759,24640
46850,290355,21777,139748,15433,268576,47405,22763,24642
46855,290386,21780,139763,15435,268603,47411,22766,24645
46860,290417,21783,139781,15438,268630,47417,22769,24648
46865,290448,21786,139795,15441,268662,47422,22773,24649
46870,290479,21786,139804,15441,268693,47427,22773,24654
46875,290510,21786,139825,15441,268723,47432,22776,24656
46880,290541,21786,139841,15441,268755,47437,22780,24657
46885,290572,21786,139856,15441,268785,47442,22782,24660
46890,290603,21786,139875,15441,268817,47447,22785,24662
46895,290634,21786,139894,15441,268848,47452,22789,24663
46900,290665,21786,139907,15441,268879,47457,22790,24667
46905,290696,21786,139918,15441,268910,47462,22792,24670
46910,290727,21786,139932,15441,268941,47467,22795,24672
46915,290758,21786,139948,15441,268972,47472,22797,24675
46920,290789,21788,139963,15442,269001,47477,22799,24678
46925,290820,21790,139978,15443,269030,47482,22800,24682
46930,290851,21791,139995,15444,269060,47487,22802,24685
46935,290882,21792,140009,15445,269090,47492,22804,24688
46940,290913,21793,140026,15446,269120,47497,22807,24690
46945,290944,21795,140042,15447,269149,47502,22809,24693
46950,290975,21797,140055,15448,269178,47507,22812,24695
46955,291006,21798,140068,15448,269208,47512,22815,24697
46960,291037,21803,140087,15453,269234,47517,22818,24699
46965,291068,21807,140106,15456,269258,47523,22823,24700
46970,291099,21814,140118,15461,269284,47529,22825,24704
46975,291130,21819,140130,15464,269310,47535,22826,24709
46980,291161,21827,140147,15470,269334,47541,22830,24711
46985,291192,21832,140161,15473,269360,47547,22834,24713
46990,291223,21835,140177,15476,269387,47553,22836,24717
46995,291254,21837,140190,15476,269416,47559,22839,24720
47000,291285,21840,140200,15477,269443,47565,22841,24724
47005,291316,21845,140216,15481,269470,47571,22844,24727
47010,291347,21850,140231,15485,269495,47577,22846,24731
47015,291378,21854,140249,15489,269523,47583,22850,24733
47020,291409,21859,140264,15493,269548,47589,22853,24736
47025,291440,21860,140276,15494,269580,47595,22854,24741
47030,291471,21860,140290,15494,269611,47601,22857,24744
47035,291502,21860,140309,15494,269641,47607,22861,24746
47040,291533,21860,140322,15494,269672,47613,22863,24750
47045,291564,21860,140342,15494,269704,47619,22867,24752
47050,291595,21860,140358,15494,269735,47625,22870,24755
47055,291626,21860,140373,15494,269766,47631,22874,24757
47060,291657,21860,140387,15494,269797,47637,22876,24761
47065,291688,21860,140402,15494,269828,47643,22879,24764
47070,291719,21860,140414,15494,269858,47649,22882,24767
47075,291750,21860,140431,15494,269889,47655,22884,24771
47080,291781,21860,140438,15494,269921,47661,22886,24775
47085,291812,21860,140452,15494,269951,47667,22887,24780
47090,291843,21862,140465,15496,269980,47673,22888,24785
47095,291874,21866,140479,15499,270007,47679,22892,24787
47100,291905,21869,140493,15501,270035,47685,22894,24791
47105,291936,21872,140508,15503,270063,47691,22898,24793
47110,291967,21875,140519,15506,270091,47697,22899,24798
47115,291998,21878,140531,15508,270119,47703,22901,24802
47120,292029,21881,140546,15511,270148,47709,22904,24805
47125,292060,21881,140563,15511,270177,47715,22908,24807
47130,292091,21882,140580,15512,270208,47721,22909,24812
47135,292122,21884,140600,15514,270238,47727,22912,24815
47140,292153,21887,140613,15516,270266,47733,22913,24820
47145,292184,21889,140627,15518,270295,47739,22914,24825
47150,292215,21893,140638,15520,270322,47745,22916,24829
47155,292246,21896,140651,15522,270350,47751,22919,24832
47160,292277,21898,140664,15522,270379,47757,22922,24835
47165,292308,21902,140677,15526,270406,47762,22924,24838
47170,292339,21904,140687,15526,270435,47767,22926,24841
47175,292370,21907,140701,15528,270463,47772,22926,24846
47180,292401,21912,140718,15531,270488,47777,22929,24848
47185,292432,21917,140736,15535,270514,47782,22932,24850
47190,292463,21921,140749,15538,270540,47787,22934,24853
47195,292494,21927,140766,15543,270567,47792,22937,24855
47200,292525,21929,140781,15545,270595,47797,22939,24858
47205,292556,21931,140798,15547,270624,47802,22941,24861
47210,292587,21932,140812,15547,270654,47807,22943,24864
47215,292618,21933,140821,15548,270685,47812,22944,24868
47220,292649,21934,140835,15548,270713,47817,22947,24870
47225,292680,21935,140848,15548,270745,47820,22948,24872
47230,292711,21939,140869,15551,270771,47823,22951,24872
47235,292742,21942,140879,15552,270800,47826,22951,24875
47240,292773,21945,140894,15554,270827,47829,22953,24876
47245,292804,21948,140908,15556,270856,47832,22954,24878
47250,292835,21949,140921,15556,270886,47835,22955,24880
47255,292866,21950,140939,15557,270915,47838,22958,24880
47260,292897,21953,140955,15560,270943,47841,22958,24883
47265,292928,21955,140967,15562,270973,47845,22961,24884
47270,292959,21956,140982,15562,271001,47849,22963,24886
47275,292990,21961,140999,15567,271029,47853,22965,24888
47280,293021,21965,141018,15570,271056,47857,22967,24890
47285,293052,21967,141031,15571,271085,47861,22968,24893
47290,293083,21967,141041,15571,271116,47865,22971,24894
47295,293114,21967,141059,15571,271147,47869,22974,24895
47300,293145,21968,141070,15571,271177,47873,22976,24897
47305,293176,21969,141081,15571,271206,47877,22977,24900
47310,293207,21970,141097,15572,271236,47881,22979,24902
47315,293238,21971,141109,15572,271267,47885,22981,24904
47320,293269,21972,141117,15573,271297,47889,22981,24908
47325,293300,21974,141134,15575,271325,47895,22984,24911
47330,293331,21978,141153,15579,271352,47901,22986,24915
47335,293362,21981,141167,15582,271381,47907,22988,24919
47340,293393,21983,141176,15583,271409,47913,22990,24923
47345,293424,21986,141191,15585,271437,47918,22993,24925
47350,293455,21988,141205,15586,271466,47923,22997,24926
47355,293486,21993,141222,15591,271492,47928,22999,24929
47360,293517,21995,141235,15592,271522,47933,23001,24932
47365,293548,21997,141250,15594,271550,47938,23004,24934
47370,293579,22000,141265,15597,271579,47943,23008,24935
47375,293610,22003,141280,15600,271607,47948,23010,24938
47380,293641,22006,141295,15602,271634,47953,23011,24942
47385,293672,22010,141315,15606,271662,47958,23015,24943
47390,293703,22011,141333,15606,271692,47963,23017,24946
47395,293734,22014,141347,15607,271719,47968,23017,24951
47400,293765,22017,141360,15610,271747,47973,23018,24955
47405,293796,22020,141377,15612,271775,47977,23020,24957
47410,293827,22024,141394,15615,271802,47981,23021,24960
47415,293858,22025,141404,15615,271832,47985,23023,24962
47420,293889,22028,141418,15618,271860,47989,23024,24965
47425,293920,22029,141428,15619,271890,47993,23027,24966
47430,293951,22030,141443,15620,271921,47997,23031,24966
47435,293982,22031,141460,15620,271950,48001,23035,24966
47440,294013,22034,141475,15623,271978,48005,23037,24968
47445,294044,22037,141489,15626,272006,48009,23039,24970
47450,294075,22040,141505,15628,272035,48014,23042,24972
47455,294106,22042,141525,15630,272064,48019,23046,24973
47460,294137,22042,141534,15630,272095,48024,23049,24975
47465,294168,22043,141548,15631,272125,48029,23052,24977
47470,294199,22045,141568,15633,272154,48034,23055,24979
47475,294230,22047,141584,15635,272183,48039,23057,24982
47480,294261,22049,141596,15637,272212,48044,23058,24986
47485,294292,22050,141612,15638,272242,48049,23061,24988
47490,294323,22052,141631,15640,272271,48054,23063,24991
47495,294354,22053,141648,15641,272301,48059,23065,24994
47500,294385,22056,141663,15644,272329,48064,23068,24996
47505,294416,22059,141678,15646,272356,48070,23071,24999
47510,294447,22061,141689,15647,272386,48076,23073,25003
47515,294478,22065,141705,15650,272411,48082,23078,25004
47520,294509,22068,141723,15653,272440,48088,23082,25006
47525,294540,22071,141743,15656,272469,48093,23086,25007
47530,294571,22073,141759,15658,272498,48098,23088,25010
47535,294602,22075,141771,15659,272526,48103,23089,25014
47540,294633,22076,141786,15660,272557,48108,23091,25017
47545,294664,22077,141801,15661,272587,48113,23094,25019
47550,294695,22080,141813,15663,272615,48118,23095,25023
47555,294726,22083,141826,15665,272643,48123,23096,25027
47560,294757,22087,141839,15668,272669,48128,23097,25031
47565,294788,22091,141851,15671,272697,48133,23098,25035
47570,294819,22095,141866,15675,272722,48138,23100,25038
47575,294850,22099,141877,15678,272751,48143,23102,25041
47580,294881,22100,141891,15679,272780,48148,23104,25044
47585,294912,22102,141907,15680,272808,48153,23105,25048
47590,294943,22104,141925,15682,272837,48158,23108,25050
47595,294974,22106,141939,15684,272867,48163,23111,25052
47600,295005,22107,141958,15685,272896,48168,23114,25054
47605,295036,22110,141974,15687,272925,48173,23118,25055
47610,295067,22112,141994,15688,272954,48178,23122,25056
47615,295098,22114,142008,15690,272984,48183,23123,25060
47620,295129,22115,142023,15691,273013,48188,23125,25063
47625,295160,22117,142042,15693,273043,48193,23128,25065
47630,295191,22118,142056,15694,273073,48199,23131,25068
47635,295222,22119,142071,15695,273103,48205,23132,25073
47640,295253,22120,142090,15695,273133,48211,23135,25076
47645,295284,22122,142105,15696,273162,48217,23136,25081
47650,295315,22124,142120,15698,273191,48223,23138,25085
47655,295346,22125,142140,15698,273221,48229,23142,25087
47660,295377,22127,142155,15700,273250,48235,23144,25091
47665,295408,22128,142164,15700,273280,48241,23147,25094
47670,295439,22129,142177,15701,273308,48247,23150,25097
47675,295470,22133,142197,15705,273337,48253,23155,25098
47680,295501,22137,142211,15708,273362,48259,23158,25101
47685,295532,22141,142229,15711,273389,48265,23163,25102
47690,295563,22145,142238,15714,273418,48271,23165,25106
47695,295594,22146,142250,15714,273447,48277,23169,25108
47700,295625,22148,142265,15715,273477,48283,23172,25111
47705,295656,22149,142278,15716,273507,48288,23174,25114
47710,295687,22151,142286,15717,273536,48293,23177,25116
47715,295718,22153,142299,15719,273565,48298,23180,25118
47720,295749,22155,142316,15720,273593,48303,23182,25121
47725,295780,22159,142330,15723,273620,48308,23185,25123
47730,295811,22163,142345,15727,273646,48313,23187,25126
47735,295842,22169,142361,15731,273672,48318,23190,25128
47740,295873,22174,142378,15734,273697,48323,23192,25131
47745,295904,22179,142389,15737,273724,48328,23194,25134
47750,295935,22183,142403,15739,273751,48333,23196,25137
47755,295966,22186,142420,15742,273779,48338,23197,25141
47760,295997,22188,142429,15743,273809,48343,23200,25143
47765,296028,22190,142439,15744,273837,48347,23202,25145
47770,296059,22191,142455,15745,273867,48351,23204,25147
47775,296090,22191,142473,15745,273897,48355,23206,25149
47780,296121,22191,142487,15745,273930,48359,23208,25151
47785,296152,22191,142501,15745,273961,48363,23210,25153
47790,296183,22191,142512,15745,273992,48367,23211,25156
47795,296214,22191,142528,15745,274023,48371,23212,25159
47800,296245,22192,142543,15746,274053,48375,23215,25160
47805,296276,22193,142562,15746,274083,48380,23217,25163
47810,296307,22195,142581,15748,274112,48385,23221,25164
47815,296338,22196,142597,15749,274142,48390,23224,25166
47820,296369,22197,142614,15750,274172,48395,23227,25168
47825,296400,22199,142632,15751,274201,48400,23229,25171
47830,296431,22201,142647,15752,274230,48405,23232,25173
47835,296462,22202,142660,15753,274260,48410,23235,25175
47840,296493,22203,142673,15753,274290,48415,23236,25179
47845,296524,22205,142691,15755,274319,48420,23239,25181
47850,296555,22207,142705,15756,274345,48425,23242,25183
47855,296586,22213,142721,15762,274372,48430,23246,25184
47860,296617,22219,142739,15766,274396,48435,23248,25187
47865,296648,22222,142752,15768,274426,48441,23250,25191
47870,296679,22225,142770,15771,274453,48447,23253,25194
47875,296710,22230,142788,15774,274476,48453,23256,25197
47880,296741,22236,142801,15779,274504,48459,23257,25202
47885,296772,22240,142818,15783,274531,48464,23261,25203
47890,296803,22244,142833,15787,274559,48469,23263,25206
47895,296834,22246,142845,15788,274588,48474,23266,25208
47900,296865,22248,142858,15789,274617,48479,23268,25211
47905,296896,22250,142873,15789,274645,48484,23270,25214
47910,296927,22254,142893,15792,274673,48489,23273,25216
47915,296958,22257,142906,15793,274701,48494,23277,25217
47920,296989,22260,142926,15795,274728,48499,23279,25220
47925,297020,22261,142943,15795,274759,48504,23282,25222
47930,297051,22263,142958,15797,274786,48509,23284,25225
47935,297082,22264,142971,15798,274817,48514,23286,25228
47940,297113,22266,142985,15799,274845,48519,23288,25231
47945,297144,22267,142992,15799,274876,48522,23288,25234
47950,297175,22269,143008,15800,274905,48525,23291,25234
47955,297206,22271,143022,15801,274935,48528,23292,25236
47960,297237,22271,143037,15801,274966,48531,23293,25238
47965,297268,22271,143049,15801,274997,48534,23296,25238
47970,297299,22272,143067,15801,275027,48537,23299,25238
47975,297330,22273,143081,15801,275057,48540,23301,25239
47980,297361,22274,143098,15802,275087,48543,23302,25241
47985,297392,22276,143112,15804,275116,48547,23304,25243
47990,297423,22278,143129,15806,275143,48551,23307,25244
47995,297454,22282,143140,15810,275171,48555,23309,25246
48000,297485,22286,143155,15813,275197,48559,23311,25248
48005,297516,22290,143172,15816,275223,48563,23314,25249
48010,297547,22291,143192,15817,275255,48567,23317,25250
48015,297578,22291,143205,15817,275287,48571,23318,25253
48020,297609,22291,143217,15817,275318,48575,23319,25256
48025,297640,22291,143234,15817,275349,48579,23322,25257
48030,297671,22294,143252,15819,275376,48583,23324,25259
48035,297702,22297,143264,15821,275405,48587,23325,25262
48040,297733,22299,143283,15823,275434,48591,23326,25265
48045,297764,22302,143302,15826,275461,48596,23330,25266
48050,297795,22307,143317,15831,275486,48602,23332,25270
48055,297826,22311,143330,15835,275515,48608,23336,25272
48060,297857,22313,143346,15837,275544,48614,23340,25274
48065,297888,22315,143362,15839,275573,48620,23342,25278
48070,297919,22317,143377,15840,275602,48626,23345,25281
48075,297950,22319,143395,15842,275631,48632,23350,25282
48080,297981,22323,143414,15845,275658,48638,23353,25285
48085,298012,22328,143430,15850,275684,48644,23357,25287
48090,298043,22330,143447,15851,275713,48650,23362,25288
48095,298074,22330,143460,15851,275743,48656,23365,25291
48100,298105,22330,143479,15851,275774,48662,23368,25294
48105,298136,22330,143495,15851,275805,48668,23370,25298
48110,298167,22330,143510,15851,275836,48674,23373,25301
48115,298198,22331,143522,15851,275865,48680,23374,25306
48120,298229,22333,143537,15852,275895,48686,23376,25310
48125,298260,22334,143551,15853,275926,48692,23379,25313
48130,298291,22336,143569,15854,275955,48698,23384,25314
48135,298322,22337,143579,15855,275985,48704,23386,25318
48140,298353,22338,143592,15855,276015,48710,23390,25320
48145,298384,22340,143609,15857,276044,48716,23393,25323
48150,298415,22342,143626,15858,276073,48722,23397,25325
48155,298446,22345,143644,15860,276101,48728,23401,25327
48160,298477,22347,143657,15861,276130,48734,23403,25331
48165,298508,22351,143670,15864,276156,48740,23406,25334
48170,298539,22355,143683,15866,276182,48746,23407,25339
48175,298570,22360,143702,15870,276210,48752,23410,25342
48180,298601,22361,143717,15870,276239,48758,23413,25345
48185,298632,22363,143732,15871,276268,48764,23416,25348
48190,298663,22364,143750,15871,276298,48770,23421,25349
48195,298694,22365,143762,15871,276329,48776,23423,25353
48200,298725,22368,143771,15874,276357,48782,23424,25358
48205,298756,22371,143785,15876,276385,48788,23430,25358
48210,298787,22375,143801,15879,276412,48794,23431,25363
48215,298818,22378,143818,15880,276440,48800,23435,25365
48220,298849,22382,143833,15884,276467,48806,23437,25369
48225,298880,22388,143849,15889,276491,48812,23440,25372
48230,298911,22395,143863,15895,276516,48818,23442,25376
48235,298942,22397,143876,15896,276544,48824,23444,25380
48240,298973,22400,143892,15898,276572,48830,23447,25383
48245,299004,22401,143905,15898,276603,48836,23448,25388
48250,299035,22402,143921,15899,276632,48842,23454,25388
48255,299066,22405,143930,15901,276660,48848,23456,25392
48260,299097,22406,143941,15901,276691,48854,23458,25396
48265,299128,22409,143955,15903,276718,48860,23461,25399
48270,299159,22409,143971,15903,276750,48866,23463,25403
48275,299190,22409,143985,15903,276781,48872,23466,25406
48280,299221,22410,143999,15903,276811,48878,23469,25409
48285,299252,22411,144014,15904,276841,48884,23473,25411
48290,299283,22413,144030,15906,276869,48890,23477,25413
48295,299314,22415,144047,15907,276898,48896,23481,25415
48300,299345,22417,144061,15908,276926,48902,23483,25419
48305,299376,22421,144083,15912,276953,48906,23486,25420
48310,299407,22425,144096,15915,276981,48910,23487,25423
48315,299438,22427,144108,15917,277009,48914,23487,25427
48320,299469,22430,144121,15920,277037,48918,23489,25429
48325,299500,22431,144134,15921,277068,48922,23489,25433
48330,299531,22431,144147,15921,277100,48926,23492,25434
48335,299562,22431,144166,15921,277131,48930,23495,25435
48340,299593,22432,144180,15921,277161,48934,23498,25436
48345,299624,22433,144194,15921,277190,48938,23501,25437
48350,299655,22435,144207,15923,277219,48942,23502,25440
48355,299686,22438,144223,15926,277247,48946,23504,25442
48360,299717,22440,144241,15928,277277,48950,23508,25442
48365,299748,22441,144254,15928,277307,48954,23509,25445
48370,299779,22442,144268,15928,277336,48958,23510,25448
48375,299810,22446,144282,15931,277364,48962,23513,25449
48380,299841,22449,144299,15933,277392,48966,23515,25451
48385,299872,22451,144314,15934,277420,48970,23517,25453
48390,299903,22455,144327,15937,277448,48974,23520,25454
48395,299934,22459,144343,15940,277473,48978,23522,25456
48400,299965,22464,144361,15944,277501,48982,23522,25460
48405,299996,22465,144374,15944,277531,48988,23525,25463
48410,300027,22466,144386,15944,277560,48994,23527,25467
48415,300058,22467,144399,15944,277591,49000,23530,25470
48420,300089,22468,144419,15944,277620,49006,23534,25472
48425,300120,22469,144426,15944,277651,49011,23535,25476
48430,300151,22470,144442,15945,277680,49016,23538,25478
48435,300182,22472,144453,15946,277709,49021,23540,25481
48440,300213,22474,144464,15946,277739,49026,23541,25485
48445,300244,22476,144477,15947,277767,49031,23543,25488
48450,300275,22478,144496,15949,277796,49036,23546,25490
48455,300306,22480,144511,15950,277824,49041,23548,25493
48460,300337,22482,144526,15951,277853,49046,23551,25495
48465,300368,22485,144545,15953,277881,49051,23552,25499
48470,300399,22488,144559,15955,277910,49056,23556,25500
48475,300430,22490,144572,15956,277939,49061,23560,25501
48480,300461,22493,144586,15958,277966,49066,23562,25504
48485,300492,22495,144601,15960,277997,49069,23564,25505
48490,300523,22499,144616,15962,278024,49072,23566,25506
48495,300554,22503,144630,15964,278051,49075,23568,25507
48500,300585,22508,144648,15968,278077,49078,23570,25508
48505,300616,22513,144661,15971,278102,49081,23571,25510
48510,300647,22518,144671,15975,278128,49084,23571,25513
48515,300678,22526,144690,15981,278149,49087,23573,25514
48520,300709,22536,144701,15989,278173,49090,23575,25515
48525,300740,22537,144717,15989,278202,49094,23577,25517
48530,300771,22540,144731,15991,278229,49098,23579,25519
48535,300802,22543,144743,15994,278258,49102,23581,25521
48540,300833,22546,144752,15996,278287,49106,23582,25524
48545,300864,22547,144763,15996,278317,49109,23582,25527
48550,300895,22549,144778,15998,278345,49112,23585,25527
48555,300926,22551,144795,16000,278374,49115,23587,25528
48560,300957,22552,144808,16001,278405,49118,23588,25530
48565,300988,22552,144818,16001,278436,49121,23589,25532
48570,301019,22552,144837,16001,278467,49124,23592,25532
48575,301050,22552,144852,16001,278498,49127,23594,25533
48580,301081,22552,144868,16001,278529,49130,23595,25535
48585,301112,22552,144883,16001,278560,49134,23596,25538
48590,301143,22552,144902,16001,278589,49139,23599,25540
48595,301174,22552,144920,16001,278620,49144,23603,25541
48600,301205,22552,144937,16001,278651,49149,23607,25542
48605,301236,22552,144956,16001,278683,49154,23611,25543
48610,301267,22552,144971,16001,278715,49159,23613,25546
48615,301298,22552,144985,16001,278745,49164,23615,25549
48620,301329,22552,144999,16001,278777,49169,23617,25552
48625,301360,22553,145015,16001,278807,49174,23619,25555
48630,301391,22555,145033,16003,278836,49179,23621,25558
48635,301422,22557,145047,16004,278865,49184,23622,25562
48640,301453,22559,145066,16005,278894,49189,23625,25564
48645,301484,22562,145081,16007,278922,49194,23626,25568
48650,301515,22565,145091,16009,278949,49200,23628,25572
48655,301546,22567,145105,16011,278979,49206,23631,25575
48660,301577,22570,145119,16013,279007,49212,23634,25578
48665,301608,22574,145130,16015,279034,49218,23635,25583
48670,301639,22578,145150,16018,279060,49224,23640,25584
48675,301670,22584,145165,16023,279085,49230,23644,25586
48680,301701,22589,145178,16025,279112,49236,23646,25590
48685,301732,22595,145193,16029,279137,49242,23649,25593
48690,301763,22598,145205,16030,279164,49248,23652,25596
48695,301794,22603,145218,16034,279191,49254,23656,25598
48700,301825,22607,145235,16037,279217,49260,23660,25600
48705,301856,22613,145252,16041,279242,49266,23662,25604
48710,301887,22618,145267,16045,279268,49272,23664,25608
48715,301918,22623,145276,16048,279295,49278,23666,25612
48720,301949,22630,145291,16054,279319,49284,23669,25615
48725,301980,22632,145309,16055,279348,49290,23673,25617
48730,302011,22633,145324,16056,279378,49296,23678,25618
48735,302042,22634,145335,16056,279408,49302,23681,25621
48740,302073,22636,145351,16058,279437,49308,23685,25623
48745,302104,22637,145364,16058,279467,49314,23687,25627
48750,302135,22639,145384,16060,279496,49320,23690,25630
48755,302166,22641,145401,16061,279525,49326,23694,25632
48760,302197,22644,145414,16063,279552,49332,23697,25635
48765,302228,22646,145422,16065,279582,49338,23698,25640
48770,302259,22646,145436,16065,279612,49344,23700,25644
48775,302290,22646,145454,16065,279644,49350,23702,25648
48780,302321,22646,145473,16065,279674,49356,23704,25652
48785,302352,22646,145492,16065,279705,49362,23706,25656
48790,302383,22646,145504,16065,279737,49368,23710,25658
48795,302414,22646,145521,16065,279768,49374,23714,25660
48800,302445,22646,145534,16065,279799,49380,23718,25662
48805,302476,22646,145551,16065,279829,49386,23719,25667
48810,302507,22646,145570,16065,279861,49392,23721,25671
48815,302538,22646,145586,16065,279892,49398,23724,25674
48820,302569,22646,145601,16065,279923,49404,23727,25677
48825,302600,22646,145610,16065,279953,49410,23730,25680
48830,302631,22650,145634,16069,279978,49416,23736,25680
48835,302662,22654,145645,16072,280005,49422,23737,25685
48840,302693,22658,145659,16074,280033,49428,23741,25687
48845,302724,22664,145670,16079,280060,49433,23742,25691
48850,302755,22668,145684,16082,280086,49438,23745,25693
48855,302786,22671,145695,16083,280114,49443,23746,25697
48860,302817,22675,145711,16087,280141,49448,23749,25699
48865,302848,22679,145728,16090,280167,49453,23752,25701
48870,302879,22684,145741,16095,280195,49458,23755,25703
48875,302910,22687,145758,16097,280223,49463,23758,25705
48880,302941,22690,145768,16099,280251,49468,23759,25709
48885,302972,22693,145788,16101,280279,49473,23764,25709
48890,303003,22695,145801,16102,280308,49478,23767,25711
48895,303034,22699,145818,16105,280335,49483,23769,25714
48900,303065,22704,145835,16109,280361,49488,23772,25716
48905,303096,22705,145854,16110,280391,49492,23776,25716
48910,303127,22707,145871,16112,280420,49496,23779,25717
48915,303158,22709,145884,16113,280449,49500,23780,25720
48920,303189,22710,145903,16114,280479,49504,23782,25722
48925,303220,22712,145915,16115,280508,49508,23783,25725
48930,303251,22715,145931,16117,280536,49512,23785,25727
48935,303282,22718,145940,16119,280564,49516,23786,25730
48940,303313,22721,145955,16121,280592,49520,23790,25730
48945,303344,22722,145972,16121,280621,49525,23792,25733
48950,303375,22723,145989,16122,280651,49530,23795,25735
48955,303406,22723,146004,16122,280682,49535,23799,25736
48960,303437,22723,146022,16122,280712,49540,23802,25738
48965,303468,22723,146037,16122,280745,49545,23805,25740
48970,303499,22723,146054,16122,280775,49550,23809,25741
48975,303530,22723,146065,16122,280806,49555,23810,25745
48980,303561,22724,146083,16122,280836,49560,23812,25748
48985,303592,22725,146100,16122,280867,49565,23815,25750
48990,303623,22726,146116,16123,280896,49570,23818,25752
48995,303654,22727,146130,16123,280926,49575,23820,25755
49000,303685,22728,146149,16124,280955,49580,23825,25755
49005,303716,22730,146161,16125,280984,49586,23828,25758
49010,303747,22734,146177,16128,281011,49592,23830,25762
49015,303778,22736,146190,16128,281041,49598,23834,25764
49020,303809,22739,146202,16130,281068,49604,23838,25766
49025,303840,22742,146219,16132,281095,49608,23839,25769
49030,303871,22745,146234,16134,281125,49612,23839,25773
49035,303902,22747,146252,16136,281152,49616,23841,25775
49040,303933,22751,146271,16139,281180,49620,23844,25776
49045,303964,22755,146289,16142,281207,49624,23847,25777
49050,303995,22759,146300,16144,281234,49628,23850,25778
49055,304026,22763,146315,16146,281263,49632,23853,25779
49060,304057,22765,146326,16146,281292,49636,23853,25783
49065,304088,22767,146340,16147,281321,49640,23855,25785
49070,304119,22770,146353,16149,281349,49644,23858,25786
49075,304150,22774,146370,16153,281376,49648,23861,25787
49080,304181,22776,146385,16153,281405,49652,23862,25790
49085,304212,22780,146399,16157,281432,49655,23863,25792
49090,304243,22783,146412,16158,281460,49658,23863,25795
49095,304274,22786,146424,16159,281488,49661,23865,25796
49100,304305,22789,146436,16160,281516,49664,23867,25797
49105,304336,22792,146451,16162,281544,49667,23867,25800
49110,304367,22795,146464,16165,281572,49670,23869,25801
49115,304398,22799,146476,16167,281599,49673,23871,25802
49120,304429,22803,146488,16170,281625,49676,23871,25805
49125,304460,22808,146505,16174,281650,49681,23872,25809
49130,304491,22813,146524,16179,281677,49686,23874,25812
49135,304522,22817,146538,16182,281705,49691,23876,25815
49140,304553,22817,146552,16182,281736,49696,23879,25817
49145,304584,22817,146568,16182,281767,49701,23881,25820
49150,304615,22817,146582,16182,281798,49706,23881,25825
49155,304646,22817,146597,16182,281829,49711,23884,25827
49160,304677,22818,146610,16182,281859,49716,23887,25829
49165,304708,22819,146629,16182,281887,49721,23890,25831
49170,304739,22821,146643,16184,281917,49726,23890,25836
49175,304770,22822,146661,16185,281947,49731,23893,25838
49180,304801,22823,146679,16185,281977,49736,23896,25840
49185,304832,22824,146697,16186,282005,49741,23900,25841
49190,304863,22826,146708,16187,282036,49747,23902,25845
49195,304894,22828,146723,16189,282064,49753,23905,25848
49200,304925,22831,146735,16191,282092,49759,23908,25851
49205,304956,22834,146755,16194,282122,49765,23912,25853
49210,304987,22835,146765,16194,282152,49771,23914,25857
49215,305018,22836,146777,16194,282181,49777,23916,25861
49220,305049,22838,146793,16195,282209,49783,23920,25863
49225,305080,22841,146806,16198,282238,49789,23923,25866
49230,305111,22843,146818,16200,282268,49795,23925,25870
49235,305142,22845,146833,16201,282297,49801,23928,25873
49240,305173,22848,146850,16204,282322,49807,23928,25879
49245,305204,22851,146867,16206,282352,49813,23932,25881
49250,305235,22854,146880,16207,282379,49819,23934,25885
49255,305266,22856,146892,16207,282409,49825,23937,25888
49260,305297,22861,146910,16211,282436,49831,23940,25891
49265,305328,22864,146927,16212,282464,49837,23944,25893
49270,305359,22867,146944,16213,282492,49843,23949,25894
49275,305390,22871,146958,16216,282519,49849,23950,25899
49280,305421,22874,146972,16219,282547,49855,23951,25904
49285,305452,22878,146990,16222,282574,49861,23956,25905
49290,305483,22882,147007,16225,282601,49867,23960,25907
49295,305514,22886,147022,16228,282628,49873,23962,25911
49300,305545,22889,147034,16229,282656,49879,23964,25915
49305,305576,22893,147052,16232,282683,49885,23968,25917
49310,305607,22896,147068,16234,282711,49891,23972,25919
49315,305638,22898,147084,16235,282739,49897,23976,25921
49320,305669,22899,147096,16235,282770,49903,23978,25925
49325,305700,22900,147104,16235,282800,49908,23978,25930
49330,305731,22902,147120,16237,282828,49913,23982,25931
49335,305762,22904,147136,16239,282858,49918,23983,25935
49340,305793,22905,147152,16240,282888,49923,23985,25938
49345,305824,22906,147171,16241,282918,49928,23989,25939
49350,305855,22907,147185,16241,282948,49933,23991,25942
49355,305886,22908,147201,16241,282978,49938,23994,25944
49360,305917,22909,147216,16242,283008,49943,23996,25947
49365,305948,22910,147230,16242,283036,49948,24000,25948
49370,305979,22911,147246,16243,283065,49953,24001,25952
49375,306010,22912,147262,16243,283098,49958,24005,25953
49380,306041,22913,147278,16244,283127,49963,24008,25955
49385,306072,22914,147293,16245,283158,49967,24010,25957
49390,306103,22915,147309,16245,283187,49971,24013,25958
49395,306134,22916,147323,16245,283217,49975,24014,25961
49400,306165,22917,147333,16245,283247,49979,24015,25964
49405,306196,22918,147349,16246,283278,49983,24018,25965
49410,306227,22919,147368,16247,283308,49987,24020,25967
49415,306258,22920,147382,16248,283338,49991,24023,25968
49420,306289,22924,147397,16251,283364,49995,24025,25970
49425,306320,22929,147412,16255,283390,49999,24028,25971
49430,306351,22933,147422,16258,283418,50004,24029,25975
49435,306382,22935,147431,16259,283445,50009,24029,25980
49440,306413,22939,147447,16262,283470,50014,24033,25981
49445,306444,22946,147462,16268,283496,50019,24037,25982
49450,306475,22950,147475,16271,283525,50024,24039,25985
49455,306506,22952,147493,16272,283554,50029,24042,25987
49460,306537,22954,147508,16273,283583,50034,24047,25987
49465,306568,22957,147525,16274,283611,50039,24051,25988
49470,306599,22959,147538,16276,283640,50044,24052,25992
49475,306630,22962,147552,16279,283668,50049,24054,25995
49480,306661,22965,147567,16281,283695,50054,24056,25998
49485,306692,22967,147586,16283,283725,50060,24059,26001
49490,306723,22969,147603,16285,283753,50066,24064,26002
49495,306754,22971,147623,16286,283782,50072,24069,26003
49500,306785,22974,147641,16287,283811,50078,24072,26006
49505,306816,22977,147655,16290,283839,50083,24075,26008
49510,306847,22979,147671,16291,283868,50088,24078,26010
49515,306878,22981,147683,16291,283897,50093,24080,26013
49520,306909,22983,147699,16292,283926,50098,24083,26015
49525,306940,22987,147715,16295,283953,50103,24086,26017
49530,306971,22992,147730,16298,283979,50108,24088,26020
49535,307002,22995,147750,16301,284007,50113,24092,26021
49540,307033,22997,147764,16303,284036,50118,24092,26026
49545,307064,22998,147783,16304,284065,50123,24095,26028
49550,307095,23000,147794,16305,284093,50128,24095,26033
49555,307126,23006,147811,16310,284117,50133,24098,26035
49560,307157,23011,147826,16314,284144,50138,24101,26037
49565,307188,23013,147844,16315,284172,50142,24101,26041
49570,307219,23014,147862,16316,284204,50146,24102,26044
49575,307250,23015,147879,16316,284235,50150,24104,26046
49580,307281,23016,147891,16316,284265,50154,24105,26049
49585,307312,23017,147905,16316,284294,50158,24106,26052
49590,307343,23018,147925,16317,284324,50162,24107,26055
49595,307374,23020,147941,16318,284354,50166,24108,26058
49600,307405,23021,147955,16318,284383,50170,24109,26061
49605,307436,23024,147970,16321,284412,50175,24111,26064
49610,307467,23025,147982,16321,284440,50180,24114,26066
49615,307498,23029,147993,16324,284469,50185,24115,26070
49620,307529,23031,148009,16325,284496,50190,24119,26071
49625,307560,23035,148025,16329,284525,50194,24121,26073
49630,307591,23035,148033,16329,284556,50198,24122,26076
49635,307622,23035,148045,16329,284587,50202,24123,26079
49640,307653,23035,148057,16329,284618,50206,24126,26080
49645,307684,23036,148076,16330,284648,50210,24128,26082
49650,307715,23037,148090,16331,284678,50214,24131,26083
49655,307746,23038,148107,16332,284708,50218,24133,26085
49660,307777,23039,148123,16333,284738,50222,24136,26086
49665,307808,23041,148135,16334,284767,50227,24138,26089
49670,307839,23043,148147,16335,284796,50232,24139,26093
49675,307870,23047,148161,16337,284823,50237,24141,26096
49680,307901,23050,148174,16338,284851,50242,24144,26098
49685,307932,23052,148191,16339,284880,50246,24147,26099
49690,307963,23058,148209,16345,284905,50250,24149,26101
49695,307994,23062,148222,16347,284932,50254,24151,26103
49700,308025,23067,148238,16350,284958,50258,24153,26105
49705,308056,23072,148259,16355,284983,50262,24155,26107
49710,308087,23075,148274,16358,285011,50266,24157,26109
49715,308118,23078,148291,16361,285039,50270,24158,26112
49720,308149,23081,148310,16364,285068,50274,24162,26112
49725,308180,23083,148321,16366,285096,50279,24164,26115
49730,308211,23088,148337,16370,285119,50284,24164,26120
49735,308242,23091,148353,16373,285150,50289,24168,26121
49740,308273,23094,148370,16376,285178,50294,24169,26125
49745,308304,23097,148384,16378,285206,50299,24172,26127
49750,308335,23099,148403,16380,285234,50304,24175,26129
49755,308366,23101,148418,16382,285264,50309,24175,26134
49760,308397,23103,148429,16384,285292,50314,24177,26137
49765,308428,23105,148444,16386,285322,50319,24179,26140
49770,308459,23108,148461,16389,285351,50324,24182,26142
49775,308490,23109,148477,16389,285379,50329,24187,26142
49780,308521,23110,148495,16390,285411,50334,24189,26145
49785,308552,23110,148513,16390,285442,50339,24191,26148
49790,308583,23110,148529,16390,285473,50345,24194,26151
49795,308614,23110,148543,16390,285504,50351,24200,26151
49800,308645,23110,148555,16390,285535,50357,24202,26155
49805,308676,23110,148569,16390,285566,50363,24206,26157
49810,308707,23110,148584,16390,285597,50369,24211,26158
49815,308738,23112,148597,16391,285626,50375,24215,26160
49820,308769,23113,148618,16392,285656,50381,24220,26161
49825,308800,23114,148634,16393,285686,50387,24224,26163
49830,308831,23116,148647,16395,285715,50393,24226,26167
49835,308862,23118,148661,16397,285744,50399,24228,26171
49840,308893,23119,148673,16397,285774,50405,24230,26175
49845,308924,23123,148690,16399,285801,50411,24233,26178
49850,308955,23126,148700,16401,285829,50417,24236,26181
49855,308986,23129,148713,16403,285857,50423,24240,26183
49860,309017,23133,148730,16406,285884,50429,24245,26184
49865,309048,23137,148746,16410,285910,50435,24248,26187
49870,309079,23141,148758,16412,285938,50441,24252,26189
49875,309110,23147,148775,16417,285962,50447,24254,26193
49880,309141,23150,148792,16419,285989,50453,24257,26196
49885,309172,23155,148803,16422,286015,50459,24260,26199
49890,309203,23162,148813,16427,286039,50465,24261,26204
49895,309234,23165,148828,16429,286068,50471,24264,26207
49900,309265,23167,148848,16431,286096,50477,24269,26208
49905,309296,23169,148861,16433,286126,50483,24273,26210
49910,309327,23172,148879,16436,286154,50489,24278,26211
49915,309358,23173,148893,16436,286183,50495,24283,26212
49920,309389,23175,148908,16437,286212,50501,24285,26216
49925,309420,23178,148925,16439,286242,50506,24288,26218
49930,309451,23180,148936,16441,286269,50511,24289,26222
49935,309482,23181,148951,16442,286299,50516,24291,26225
49940,309513,23181,148964,16442,286331,50521,24294,26227
49945,309544,23181,148986,16442,286362,50526,24297,26229
49950,309575,23181,149005,16442,286394,50531,24300,26231
49955,309606,23181,149025,16442,286425,50536,24304,26232
49960,309637,23181,149038,16442,286456,50541,24307,26234
49965,309668,23181,149054,16442,286487,50546,24308,26238
49970,309699,23181,149069,16442,286518,50551,24311,26240
49975,309730,23181,149085,16442,286549,50556,24314,26242
49980,309761,23181,149100,16442,286580,50561,24316,26245
49985,309792,23182,149110,16442,286610,50566,24317,26249
49990,309823,23184,149128,16443,286639,50571,24320,26251
49995,309854,23186,149141,16444,286668,50576,24324,26252
50000,309885,23188,149153,16445,286697,50581,24325,26256
50005,309916,23190,149165,16446,286726,50586,24328,26258
50010,309947,23193,149178,16448,286754,50591,24332,26259
50015,309978,23195,149188,16450,286783,50596,24334,26262
50020,310009,23199,149201,16452,286810,50601,24337,26264
50025,310040,23203,149215,16455,286837,50607,24339,26268
50030,310071,23206,149230,16456,286865,50613,24342,26271
50035,310102,23211,149245,16461,286891,50619,24345,26274
50040,310133,23217,149263,16465,286916,50625,24349,26276
50045,310164,23221,149279,16469,286942,50631,24351,26280
50050,310195,23229,149292,16475,286965,50637,24352,26285
50055,310226,23235,149304,16480,286990,50643,24356,26287
50060,310257,23241,149322,16486,287014,50649,24361,26288
50065,310288,23250,149337,16492,287038,50655,24365,26290
50070,310319,23253,149349,16494,287065,50661,24367,26294
50075,310350,23257,149361,16497,287092,50667,24370,26297
50080,310381,23258,149371,16498,287123,50673,24372,26301
50085,310412,23258,149385,16498,287152,50679,24376,26303
50090,310443,23258,149400,16498,287184,50685,24377,26308
50095,310474,23258,149419,16498,287215,50691,24379,26312
50100,310505,23258,149436,16498,287247,50697,24381,26316
50105,310536,23258,149453,16498,287276,50702,24384,26318
50110,310567,23258,149468,16498,287307,50707,24385,26322
50115,310598,23258,149485,16498,287338,50712,24388,26324
50120,310629,23258,149501,16498,287371,50717,24391,26326
50125,310660,23258,149517,16498,287401,50722,24393,26329
50130,310691,23258,149532,16498,287432,50727,24394,26333
50135,310722,23258,149547,16498,287463,50732,24398,26334
50140,310753,23258,149562,16498,287495,50737,24402,26335
50145,310784,23258,149575,16498,287525,50742,24405,26337
50150,310815,23258,149590,16498,287557,50747,24408,26339
50155,310846,23258,149602,16498,287588,50752,24408,26344
50160,310877,23258,149616,16498,287619,50757,24411,26346
50165,310908,23258,149633,16498,287650,50761,24413,26348
50170,310939,23258,149651,16498,287680,50765,24415,26350
50175,310970,23260,149666,16499,287709,50769,24416,26353
50180,311001,23263,149687,16502,287738,50773,24418,26355
50185,311032,23267,149698,16505,287765,50777,24419,26358
50190,311063,23270,149711,16507,287793,50781,24420,26361
50195,311094,23274,149727,16509,287820,50785,24423,26362
50200,311125,23278,149745,16512,287847,50789,24425,26364
50205,311156,23281,149758,16513,287874,50794,24426,26368
50210,311187,23286,149774,16515,287901,50799,24428,26371
50215,311218,23291,149789,16518,287926,50804,24431,26373
50220,311249,23297,149808,16523,287951,50809,24434,26375
50225,311280,23302,149823,16527,287978,50812,24435,26377
50230,311311,23307,149837,16531,288003,50815,24436,26379
50235,311342,23313,149847,16534,288028,50818,24438,26380
50240,311373,23318,149860,16537,288054,50821,24439,26382
50245,311404,23323,149878,16542,288080,50824,24441,26383
50250,311435,23326,149890,16544,288109,50827,24442,26385
50255,311466,23331,149903,16547,288135,50830,24443,26387
50260,311497,23334,149914,16548,288162,50833,24444,26389
50265,311528,23337,149930,16551,288190,50837,24446,26391
50270,311559,23340,149942,16553,288218,50841,24448,26393
50275,311590,23341,149962,16554,288247,50845,24451,26394
50280,311621,23343,149979,16556,288278,50849,24455,26394
50285,311652,23345,149998,16558,288306,50852,24457,26395
50290,311683,23346,150012,16558,288337,50855,24460,26395
50295,311714,23348,150029,16560,288365,50858,24463,26395
50300,311745,23348,150043,16560,288395,50861,24464,26397
50305,311776,23348,150060,16560,288427,50864,24466,26398
50310,311807,23348,150082,16560,288457,50867,24469,26398
50315,311838,23348,150094,16560,288490,50870,24470,26400
50320,311869,23348,150107,16560,288520,50873,24470,26403
50325,311900,23348,150125,16560,288552,50876,24472,26404
50330,311931,23348,150142,16560,288583,50881,24475,26406
50335,311962,23348,150158,16560,288614,50886,24479,26407
50340,311993,23349,150179,16561,288643,50891,24480,26411
50345,312024,23352,150193,16563,288671,50896,24483,26413
50350,312055,23355,150211,16565,288700,50901,24485,26416
50355,312086,23357,150226,16567,288729,50906,24487,26419
50360,312117,23359,150243,16568,288757,50911,24489,26422
50365,312148,23362,150259,16571,288786,50916,24492,26424
50370,312179,23363,150272,16571,288815,50921,24495,26426
50375,312210,23365,150289,16573,288845,50926,24498,26428
50380,312241,23367,150300,16574,288872,50931,24499,26432
50385,312272,23372,150318,16577,288900,50937,24500,26437
50390,312303,23373,150333,16577,288930,50943,24504,26439
50395,312334,23374,150351,16578,288960,50949,24507,26442
50400,312365,23375,150368,16579,288990,50955,24509,26446
50405,312396,23377,150376,16580,289019,50961,24511,26450
50410,312427,23381,150388,16583,289046,50967,24512,26455
50415,312458,23384,150405,16584,289074,50973,24515,26458
50420,312489,23388,150421,16587,289100,50979,24519,26460
50425,312520,23392,150434,16590,289127,50985,24520,26465
50430,312551,23396,150447,16594,289154,50991,24522,26469
50435,312582,23400,150462,16598,289180,50997,24522,26475
50440,312613,23404,150473,16601,289208,51003,24524,26479
50445,312644,23407,150488,16603,289236,51009,24526,26483
50450,312675,23410,150500,16605,289264,51015,24529,26486
50455,312706,23413,150513,16608,289292,51021,24531,26490
50460,312737,23417,150527,16611,289320,51027,24533,26494
50465,312768,23418,150538,16611,289348,51032,24536,26496
50470,312799,23419,150558,16612,289379,51037,24541,26496
50475,312830,23421,150576,16613,289408,51042,24543,26499
50480,312861,23422,150591,16614,289437,51047,24544,26503
50485,312892,23424,150603,16616,289467,51052,24546,26506
50490,312923,23428,150620,16619,289494,51057,24549,26508
50495,312954,23432,150631,16622,289522,51062,24550,26512
50500,312985,23433,150648,16623,289551,51067,24554,26513
50505,313016,23435,150662,16624,289581,51072,24558,26514
50510,313047,23436,150675,16624,289610,51077,24561,26516
50515,313078,23439,150689,16626,289637,51082,24563,26519
50520,313109,23442,150707,16629,289666,51087,24567,26520
50525,313140,23444,150721,16630,289696,51092,24569,26523
50530,313171,23445,150736,16630,289726,51097,24572,26525
50535,313202,23447,150751,16631,289754,51102,24574,26528
50540,313233,23450,150764,16633,289783,51107,24575,26532
50545,313264,23452,150780,16634,289812,51112,24578,26534
50550,313295,23454,150799,16636,289841,51117,24580,26537
50555,313326,23455,150814,16637,289871,51122,24582,26540
50560,313357,23457,150830,16638,289900,51127,24584,26543
50565,313388,23457,150848,16638,289931,51133,24587,26546
50570,313419,23458,150858,16638,289961,51139,24589,26550
50575,313450,23459,150873,16638,289991,51145,24591,26554
50580,313481,23460,150890,16639,290021,51151,24596,26555
50585,313512,23461,150907,16639,290050,51157,24599,26558
50590,313543,23462,150927,16639,290080,51163,24603,26560
50595,313574,23463,150939,16640,290111,51169,24606,26563
50600,313605,23464,150955,16640,290141,51175,24609,26566
50605,313636,23466,150972,16640,290170,51181,24612,26569
50610,313667,23468,150983,16641,290199,51187,24614,26573
50615,313698,23472,151003,16643,290225,51193,24617,26576
50620,313729,23476,151013,16646,290252,51199,24619,26580
50625,313760,23480,151026,16650,290280,51205,24622,26583
50630,313791,23482,151042,16650,290309,51211,24627,26584
50635,313822,23484,151056,16651,290338,51217,24630,26587
50640,313853,23487,151076,16653,290363,51223,24634,26589
50645,313884,23492,151093,16657,290390,51227,24636,26591
50650,313915,23496,151109,16660,290417,51231,24637,26594
50655,313946,23497,151125,16660,290447,51235,24641,26594
50660,313977,23498,151139,16660,290478,51239,24643,26596
50665,314008,23499,151156,16661,290509,51243,24645,26598
50670,314039,23501,151165,16662,290535,51247,24647,26600
50675,314070,23504,151183,16664,290565,51251,24650,26601
50680,314101,23507,151195,16666,290594,51255,24653,26602
50685,314132,23509,151211,16668,290623,51259,24656,26603
50690,314163,23514,151229,16673,290648,51263,24657,26606
50695,314194,23517,151241,16675,290676,51267,24660,26607
50700,314225,23521,151254,16678,290704,51271,24662,26609
50705,314256,23526,151267,16682,290730,51275,24663,26612
50710,314287,23531,151285,16685,290756,51279,24665,26614
50715,314318,23537,151302,16689,290780,51283,24669,26614
50720,314349,23542,151317,16693,290807,51287,24670,26617
50725,314380,23543,151328,16694,290837,51291,24671,26620
50730,314411,23545,151345,16695,290866,51295,24674,26621
50735,314442,23548,151360,16697,290894,51299,24677,26622
50740,314473,23550,151373,16698,290922,51303,24678,26625
50745,314504,23551,151387,16699,290953,51309,24680,26629
50750,314535,23551,151402,16699,290984,51315,24681,26634
50755,314566,23551,151418,16699,291015,51321,24684,26637
50760,314597,23552,151431,16699,291045,51327,24687,26640
50765,314628,23553,151442,16699,291075,51333,24689,26644
50770,314659,23555,151457,16701,291104,51339,24692,26647
50775,314690,23557,151471,16702,291133,51345,24695,26650
50780,314721,23559,151487,16703,291161,51351,24699,26652
50785,314752,23561,151504,16705,291191,51357,24703,26654
50790,314783,23564,151525,16708,291218,51363,24707,26656
50795,314814,23567,151544,16711,291247,51369,24711,26658
50800,314845,23568,151559,16711,291277,51375,24713,26662
50805,314876,23569,151570,16711,291307,51381,24715,26666
50810,314907,23571,151586,16713,291335,51387,24719,26668
50815,314938,23572,151598,16713,291366,51393,24722,26671
50820,314969,23574,151617,16714,291394,51399,24726,26673
50825,315000,23574,151632,16714,291426,51404,24729,26675
50830,315031,23577,151649,16716,291453,51409,24732,26677
50835,315062,23580,151660,16719,291481,51414,24733,26681
50840,315093,23582,151677,16721,291509,51419,24736,26683
50845,315124,23583,151699,16722,291539,51424,24739,26685
50850,315155,23588,151713,16726,291565,51429,24742,26687
50855,315186,23593,151727,16730,291592,51434,24744,26690
50860,315217,23595,151740,16730,291622,51439,24747,26692
50865,315248,23597,151751,16730,291648,51444,24750,26694
50870,315279,23601,151770,16733,291677,51449,24752,26697
50875,315310,23606,151790,16738,291703,51454,24755,26699
50880,315341,23610,151806,16742,291731,51459,24757,26702
50885,315372,23613,151820,16744,291759,51463,24760,26703
50890,315403,23616,151835,16746,291785,51467,24760,26707
50895,315434,23620,151852,16750,291812,51471,24763,26708
50900,315465,23623,151865,16753,291842,51475,24766,26709
50905,315496,23624,151878,16753,291872,51479,24768,26711
50910,315527,23625,151899,16754,291902,51483,24771,26712
50915,315558,23627,151918,16756,291931,51487,24772,26715
50920,315589,23628,151932,16757,291961,51491,24774,26717
50925,315620,23630,151944,16757,291990,51495,24777,26718
50930,315651,23632,151956,16758,292019,51500,24778,26722
50935,315682,23635,151969,16759,292047,51505,24781,26724
50940,315713,23636,151984,16759,292077,51510,24785,26725
50945,315744,23637,151997,16759,292107,51515,24790,26725
50950,315775,23638,152013,16760,292137,51520,24791,26729
50955,315806,23640,152026,16762,292166,51525,24793,26732
50960,315837,23641,152039,16762,292196,51530,24795,26735
50965,315868,23642,152051,16763,292226,51535,24798,26737
50970,315899,23643,152057,16763,292256,51540,24798,26742
50975,315930,23644,152077,16764,292284,51545,24801,26744
50980,315961,23647,152088,16766,292313,51550,24802,26748
50985,315992,23649,152098,16768,292343,51556,24803,26753
50990,316023,23652,152115,16770,292370,51562,24807,26755
50995,316054,23655,152130,16773,292398,51568,24809,26759
51000,316085,23658,152145,16775,292427,51574,24812,26762
51005,316116,23659,152160,16775,292457,51579,24815,26764
51010,316147,23660,152175,16775,292487,51584,24817,26767
51015,316178,23661,152186,16775,292516,51589,24820,26769
51020,316209,23662,152198,16775,292546,51594,24823,26771
51025,316240,23664,152211,16776,292573,51599,24823,26776
51030,316271,23666,152224,16778,292602,51604,24823,26781
51035,316302,23670,152234,16781,292630,51609,24823,26786
51040,316333,23675,152247,16786,292657,51614,24826,26788
51045,316364,23679,152267,16789,292685,51619,24830,26789
51050,316395,23683,152285,16791,292710,51624,24833,26791
51055,316426,23689,152294,16795,292736,51629,24834,26795
51060,316457,23694,152312,16799,292761,51634,24835,26799
51065,316488,23699,152327,16803,292789,51638,24837,26801
51070,316519,23701,152341,16804,292818,51642,24837,26805
51075,316550,23704,152353,16807,292846,51646,24837,26809
51080,316581,23704,152371,16807,292877,51650,24841,26809
51085,316612,23704,152386,16807,292908,51654,24843,26811
51090,316643,23704,152398,16807,292939,51658,24844,26814
51095,316674,23704,152413,16807,292970,51662,24846,26816
51100,316705,23704,152427,16807,293001,51666,24848,26818
51105,316736,23705,152440,16807,293031,51671,24851,26820
51110,316767,23706,152458,16808,293061,51676,24853,26823
51115,316798,23707,152475,16809,293091,51681,24855,26826
51120,316829,23708,152489,16810,293121,51686,24856,26830
51125,316860,23709,152506,16810,293151,51691,24860,26831
51130,316891,23711,152520,16811,293180,51696,24861,26835
51135,316922,23713,152537,16813,293208,51701,24863,26838
51140,316953,23714,152554,16813,293239,51706,24865,26841
51145,316984,23715,152569,16813,293268,51711,24868,26843
51150,317015,23717,152582,16814,293297,51716,24868,26848
51155,317046,23719,152597,16815,293326,51721,24869,26852
51160,317077,23722,152612,16818,293355,51726,24870,26856
51165,317108,23726,152624,16821,293380,51731,24871,26860
51170,317139,23732,152632,16826,293405,51737,24873,26864
51175,317170,23736,152645,16830,293433,51743,24875,26868
51180,317201,23740,152663,16834,293460,51749,24877,26872
51185,317232,23743,152676,16836,293488,51754,24878,26876
51190,317263,23745,152691,16838,293515,51759,24880,26879
51195,317294,23747,152711,16839,293545,51764,24881,26883
51200,317325,23749,152728,16840,293575,51769,24885,26884
51205,317356,23751,152740,16841,293603,51774,24887,26887
51210,317387,23755,152756,16844,293632,51779,24888,26891
51215,317418,23758,152768,16846,293659,51784,24890,26894
51220,317449,23761,152781,16848,293687,51789,24892,26897
51225,317480,23764,152792,16851,293715,51794,24894,26900
51230,317511,23768,152807,16855,293742,51799,24894,26905
51235,317542,23772,152824,16858,293770,51804,24895,26909
51240,317573,23774,152834,16859,293799,51809,24895,26914
51245,317604,23777,152848,16862,293827,51813,24896,26917
51250,317635,23779,152860,16864,293856,51817,24896,26921
51255,317666,23782,152875,16867,293884,51821,24898,26923
51260,317697,23784,152893,16868,293913,51825,24899,26926
51265,317728,23785,152911,16869,293943,51829,24902,26927
51270,317759,23786,152918,16869,293973,51833,24904,26929
51275,317790,23787,152932,16870,294003,51837,24906,26931
51280,317821,23788,152948,16870,294033,51841,24909,26932
51285,317852,23790,152960,16871,294062,51846,24910,26936
51290,317883,23794,152974,16875,294089,51851,24914,26937
51295,317914,23795,152987,16876,294119,51856,24916,26940
51300,317945,23797,153005,16878,294148,51861,24920,26941
51305,317976,23799,153015,16880,294177,51866,24920,26946
51310,318007,23801,153030,16881,294206,51871,24923,26948
51315,318038,23802,153042,16882,294235,51876,24926,26950
51320,318069,23806,153056,16885,294263,51881,24930,26951
51325,318100,23807,153070,16885,294293,51886,24931,26955
51330,318131,23809,153087,16886,294321,51891,24934,26957
51335,318162,23812,153097,16888,294348,51896,24936,26960
51340,318193,23818,153107,16892,294374,51901,24939,26962
51345,318224,23822,153119,16895,294402,51907,24944,26963
51350,318255,23825,153136,16897,294427,51913,24948,26965
51355,318286,23828,153153,16899,294457,51919,24952,26967
51360,318317,23830,153163,16900,294486,51925,24956,26969
51365,318348,23834,153182,16903,294511,51930,24961,26969
51370,318379,23836,153200,16904,294542,51935,24963,26972
51375,318410,23837,153214,16905,294572,51940,24964,26976
51380,318441,23837,153228,16905,294604,51945,24966,26979
51385,318472,23837,153241,16905,294634,51950,24969,26981
51390,318503,23837,153258,16905,294665,51955,24972,26983
51395,318534,23837,153268,16905,294697,51960,24973,26987
51400,318565,23839,153284,16906,294726,51965,24977,26988
51405,318596,23841,153300,16907,294754,51970,24979,26991
51410,318627,23842,153314,16908,294784,51975,24983,26992
51415,318658,23844,153334,16910,294812,51980,24986,26994
51420,318689,23845,153347,16910,294844,51985,24988,26997
51425,318720,23846,153364,16910,294874,51990,24992,26998
51430,318751,23847,153376,16911,294904,51995,24993,27002
51435,318782,23848,153388,16912,294934,52000,24997,27003
51440,318813,23850,153401,16913,294963,52005,24999,27006
51445,318844,23851,153418,16914,294993,52010,25002,27008
51450,318875,23853,153434,16916,295022,52015,25005,27010
51455,318906,23855,153451,16917,295051,52020,25009,27011
51460,318937,23858,153468,16920,295079,52025,25012,27013
51465,318968,23861,153481,16923,295107,52030,25013,27017
51470,318999,23865,153495,16926,295134,52036,25014,27022
51475,319030,23868,153508,16927,295159,52042,25016,27026
51480,319061,23877,153526,16935,295183,52048,25022,27026
51485,319092,23885,153545,16942,295205,52054,25026,27028
51490,319123,23894,153562,16949,295228,52060,25030,27030
51495,319154,23902,153580,16956,295251,52066,25033,27033
51500,319185,23906,153595,16959,295279,52072,25039,27033
51505,319216,23909,153612,16962,295307,52078,25042,27036
51510,319247,23909,153623,16962,295338,52084,25045,27039
51515,319278,23909,153635,16962,295369,52090,25047,27043
51520,319309,23909,153647,16962,295400,52096,25049,27047
51525,319340,23909,153666,16962,295430,52102,25052,27050
51530,319371,23909,153678,16962,295461,52108,25053,27055
51535,319402,23909,153688,16962,295492,52114,25055,27059
51540,319433,23909,153702,16962,295522,52120,25059,27061
51545,319464,23909,153721,16962,295555,52124,25062,27062
51550,319495,23909,153742,16962,295586,52128,25064,27064
51555,319526,23909,153755,16962,295617,52132,25067,27065
51560,319557,23909,153770,16962,295648,52136,25070,27066
51565,319588,23909,153791,16962,295676,52140,25073,27067
51570,319619,23909,153808,16962,295708,52144,25075,27069
51575,319650,23909,153824,16962,295740,52148,25077,27071
51580,319681,23909,153840,16962,295771,52152,25079,27073
51585,319712,23909,153854,16962,295803,52156,25081,27075
51590,319743,23909,153868,16962,295834,52160,25082,27078
51595,319774,23909,153884,16962,295865,52164,25084,27080
51600,319805,23909,153900,16962,295896,52168,25086,27082
51605,319836,23911,153918,16964,295925,52172,25089,27083
51610,319867,23915,153931,16967,295951,52176,25091,27085
51615,319898,23920,153939,16969,295978,52180,25091,27089
51620,319929,23925,153955,16971,296003,52184,25092,27092
51625,319960,23932,153970,16976,296028,52188,25094,27094
51630,319991,23937,153986,16981,296054,52192,25095,27097
51635,320022,23942,154007,16985,296078,52196,25098,27098
51640,320053,23949,154022,16989,296103,52200,25101,27099
51645,320084,23954,154039,16992,296129,52206,25103,27103
51650,320115,23960,154056,16997,296153,52212,25107,27105
51655,320146,23965,154071,17001,296180,52218,25111,27107
51660,320177,23970,154086,17004,296203,52224,25114,27110
51665,320208,23979,154102,17011,296226,52230,25115,27115
51670,320239,23981,154121,17013,296256,52236,25117,27119
51675,320270,23981,154135,17013,296287,52242,25117,27125
51680,320301,23981,154149,17013,296318,52248,25119,27129
51685,320332,23981,154168,17013,296350,52254,25122,27132
51690,320363,23981,154182,17013,296381,52260,25126,27134
51695,320394,23981,154202,17013,296412,52266,25131,27135
51700,320425,23981,154219,17013,296444,52272,25135,27137
51705,320456,23981,154239,17013,296475,52278,25140,27138
51710,320487,23981,154255,17013,296506,52284,25144,27140
51715,320518,23981,154279,17013,296537,52290,25148,27142
51720,320549,23981,154297,17013,296568,52296,25151,27145
51725,320580,23981,154311,17013,296599,52300,25153,27147
51730,320611,23981,154330,17013,296630,52304,25157,27147
51735,320642,23981,154345,17013,296661,52308,25159,27149
51740,320673,23981,154355,17013,296692,52312,25161,27151
51745,320704,23981,154366,17013,296723,52316,25162,27154
51750,320735,23983,154380,17015,296752,52320,25163,27157
51755,320766,23985,154393,17017,296780,52324,25163,27161
51760,320797,23986,154409,17017,296810,52328,25164,27164
51765,320828,23987,154424,17018,296840,52332,25166,27166
51770,320859,23989,154438,17019,296870,52336,25168,27168
51775,320890,23994,154450,17023,296896,52340,25169,27171
51780,320921,23999,154463,17027,296922,52344,25172,27172
51785,320952,24003,154482,17030,296949,52348,25175,27173
51790,320983,24007,154497,17033,296976,52352,25178,27174
51795,321014,24012,154507,17036,297002,52356,25179,27177
51800,321045,24016,154526,17040,297029,52360,25181,27179
51805,321076,24022,154543,17045,297054,52364,25184,27180
51810,321107,24026,154561,17048,297080,52368,25186,27182
51815,321138,24031,154574,17050,297106,52372,25189,27183
51820,321169,24037,154589,17055,297130,52376,25191,27185
51825,321200,24045,154603,17060,297153,52382,25195,27187
51830,321231,24050,154617,17064,297178,52388,25199,27189
51835,321262,24057,154629,17070,297204,52394,25201,27193
51840,321293,24061,154641,17073,297231,52400,25203,27197
51845,321324,24061,154651,17073,297263,52406,25206,27200
51850,321355,24061,154672,17073,297294,52412,25209,27203
51855,321386,24061,154689,17073,297325,52418,25211,27207
51860,321417,24061,154708,17073,297356,52424,25213,27211
51865,321448,24061,154720,17073,297387,52430,25213,27217
51870,321479,24061,154733,17073,297418,52436,25215,27221
51875,321510,24061,154751,17073,297449,52442,25218,27224
51880,321541,24061,154768,17073,297479,52448,25222,27226
51885,321572,24061,154780,17073,297511,52454,25227,27227
51890,321603,24061,154797,17073,297541,52460,25231,27229
51895,321634,24061,154814,17073,297573,52466,25234,27232
51900,321665,24061,154830,17073,297604,52472,25237,27235
51905,321696,24061,154850,17073,297635,52477,25240,27237
51910,321727,24061,154869,17073,297666,52482,25244,27238
51915,321758,24061,154885,17073,297697,52487,25248,27239
51920,321789,24061,154898,17073,297728,52492,25251,27241
51925,321820,24061,154916,17073,297758,52497,25255,27242
51930,321851,24061,154934,17073,297789,52502,25259,27243
51935,321882,24062,154952,17074,297819,52507,25261,27246
51940,321913,24063,154968,17074,297849,52512,25264,27248
51945,321944,24064,154982,17074,297877,52517,25267,27250
51950,321975,24070,154997,17080,297903,52522,25269,27253
51955,322006,24076,155018,17086,297928,52527,25271,27256
51960,322037,24084,155028,17092,297953,52532,25274,27258
51965,322068,24088,155043,17095,297980,52537,25276,27261
51970,322099,24092,155056,17098,298005,52542,25278,27264
51975,322130,24099,155073,17105,298030,52547,25280,27267
51980,322161,24106,155087,17110,298055,52552,25281,27271
51985,322192,24110,155103,17113,298082,52557,25284,27273
51990,322223,24114,155119,17115,298108,52562,25285,27277
51995,322254,24120,155136,17119,298134,52567,25286,27281
52000,322285,24123,155148,17121,298162,52572,25290,27282
52005,322316,24127,155165,17123,298189,52577,25293,27284
52010,322347,24132,155184,17127,298215,52583,25295,27288
52015,322378,24134,155196,17128,298243,52589,25298,27291
52020,322409,24135,155211,17129,298274,52595,25301,27294
52025,322440,24136,155228,17130,298304,52600,25302,27298
52030,322471,24138,155240,17131,298332,52605,25304,27301
52035,322502,24140,155251,17132,298361,52610,25305,27305
52040,322533,24141,155265,17133,298391,52615,25307,27308
52045,322564,24143,155282,17135,298420,52620,25311,27309
52050,322595,24143,155294,17135,298452,52625,25313,27312
52055,322626,24143,155307,17135,298482,52630,25314,27316
52060,322657,24143,155322,17135,298513,52635,25315,27320
52065,322688,24143,155337,17135,298544,52640,25317,27323
52070,322719,24143,155350,17135,298575,52645,25318,27327
52075,322750,24143,155367,17135,298607,52650,25319,27331
52080,322781,24143,155383,17135,298638,52655,25321,27334
52085,322812,24143,155398,17135,298669,52659,25322,27337
52090,322843,24143,155413,17135,298700,52663,25324,27339
52095,322874,24143,155430,17135,298731,52667,25328,27339
52100,322905,24144,155444,17136,298761,52671,25328,27343
52105,322936,24145,155459,17137,298790,52675,25331,27344
52110,322967,24147,155479,17139,298819,52679,25335,27344
52115,322998,24149,155494,17141,298847,52683,25336,27347
52120,323029,24152,155506,17142,298876,52687,25338,27349
52125,323060,24154,155521,17142,298905,52691,25341,27350
52130,323091,24157,155537,17144,298933,52696,25345,27351
52135,323122,24160,155552,17146,298960,52701,25346,27355
52140,323153,24165,155561,17150,298987,52706,25346,27360
52145,323184,24168,155575,17153,299016,52711,25348,27363
52150,323215,24170,155585,17154,299044,52716,25349,27367
52155,323246,24177,155601,17159,299068,52721,25352,27369
52160,323277,24184,155618,17164,299093,52726,25354,27372
52165,323308,24188,155634,17167,299117,52731,25357,27374
52170,323339,24194,155647,17171,299143,52736,25359,27377
52175,323370,24200,155660,17175,299168,52741,25361,27380
52180,323401,24206,155676,17180,299195,52746,25364,27382
52185,323432,24208,155692,17181,299224,52752,25366,27386
52190,323463,24210,155708,17182,299252,52758,25368,27390
52195,323494,24211,155725,17182,299282,52764,25372,27392
52200,323525,24212,155743,17182,299312,52770,25377,27393
52205,323556,24213,155756,17182,299343,52775,25380,27395
52210,323587,24214,155778,17183,299372,52780,25384,27396
52215,323618,24216,155793,17184,299402,52785,25386,27399
52220,323649,24217,155809,17184,299432,52790,25388,27402
52225,323680,24219,155826,17185,299461,52795,25391,27404
52230,323711,24220,155841,17185,299490,52800,25395,27405
52235,323742,24222,155856,17187,299519,52805,25396,27409
52240,323773,24224,155872,17188,299548,52810,25397,27413
52245,323804,24226,155890,17189,299578,52815,25400,27415
52250,323835,24228,155901,17191,299607,52820,25402,27418
52255,323866,24230,155917,17193,299636,52825,25405,27420
52260,323897,24230,155930,17193,299667,52830,25408,27422
52265,323928,24230,155946,17193,299698,52834,25410,27424
52270,323959,24230,155965,17193,299729,52838,25411,27427
52275,323990,24230,155980,17193,299760,52842,25414,27428
52280,324021,24230,155994,17193,299791,52846,25415,27431
52285,324052,24232,156008,17195,299819,52850,25415,27435
52290,324083,24235,156021,17197,299848,52854,25416,27438
52295,324114,24237,156033,17199,299875,52858,25418,27440
52300,324145,24240,156048,17201,299903,52862,25421,27441
52305,324176,24242,156063,17203,299934,52867,25423,27444
52310,324207,24244,156083,17205,299962,52872,25426,27446
52315,324238,24247,156100,17207,299989,52877,25427,27450
52320,324269,24249,156112,17209,300019,52882,25431,27451
52325,324300,24252,156127,17210,300047,52886,25434,27452
52330,324331,24255,156138,17213,300075,52890,25437,27453
52335,324362,24260,156150,17218,300101,52894,25439,27455
52340,324393,24264,156162,17220,300127,52898,25440,27458
52345,324424,24268,156180,17224,300154,52902,25443,27459
52350,324455,24275,156195,17230,300177,52906,25444,27462
52355,324486,24281,156210,17236,300205,52910,25447,27463
52360,324517,24284,156225,17238,300231,52914,25450,27464
52365,324548,24288,156238,17241,300260,52919,25452,27467
52370,324579,24291,156255,17243,300287,52924,25455,27469
52375,324610,24294,156267,17245,300315,52929,25456,27473
52380,324641,24295,156281,17246,300346,52934,25458,27476
52385,324672,24296,156296,17247,300376,52939,25459,27480
52390,324703,24297,156314,17247,300405,52944,25462,27482
52395,324734,24298,156328,17247,300435,52949,25465,27484
52400,324765,24299,156340,17248,300465,52954,25468,27486
52405,324796,24300,156356,17249,300496,52959,25471,27488
52410,324827,24301,156373,17249,300526,52964,25474,27490
52415,324858,24302,156391,17249,300556,52969,25476,27493
52420,324889,24303,156409,17250,300586,52974,25479,27495
52425,324920,24304,156419,17250,300616,52980,25480,27500
52430,324951,24306,156436,17251,300645,52986,25482,27504
52435,324982,24307,156447,17252,300675,52992,25484,27508
52440,325013,24309,156464,17254,300704,52998,25486,27512
52445,325044,24310,156480,17254,300734,53004,25488,27516
52450,325075,24312,156497,17256,300763,53010,25492,27518
52455,325106,24315,156516,17259,300791,53016,25496,27520
52460,325137,24317,156529,17261,300820,53022,25498,27524
52465,325168,24320,156546,17264,300848,53028,25503,27525
52470,325199,24324,156561,17267,300875,53034,25508,27526
52475,325230,24328,156575,17270,300902,53040,25511,27529
52480,325261,24330,156589,17270,300931,53046,25514,27532
52485,325292,24333,156606,17272,300957,53052,25517,27535
52490,325323,24336,156625,17273,300985,53058,25522,27536
52495,325354,24341,156641,17277,301013,53064,25525,27539
52500,325385,24344,156653,17278,301039,53070,25526,27544
52505,325416,24347,156666,17279,301068,53075,25527,27548
52510,325447,24352,156681,17283,301093,53080,25530,27550
52515,325478,24357,156695,17287,301120,53085,25532,27553
52520,325509,24362,156714,17291,301146,53090,25535,27555
52525,325540,24367,156726,17294,301172,53095,25537,27558
52530,325571,24371,156740,17297,301198,53100,25540,27560
52535,325602,24376,156757,17302,301225,53105,25541,27564
52540,325633,24377,156775,17303,301255,53110,25545,27565
52545,325664,24377,156791,17303,301286,53115,25549,27566
52550,325695,24377,156805,17303,301318,53120,25552,27568
52555,325726,24377,156818,17303,301348,53125,25553,27572
52560,325757,24377,156835,17303,301380,53130,25555,27575
52565,325788,24377,156849,17303,301411,53135,25556,27579
52570,325819,24377,156864,17303,301442,53140,25558,27582
52575,325850,24377,156877,17303,301473,53145,25560,27585
52580,325881,24380,156890,17305,301501,53150,25563,27587
52585,325912,24384,156907,17308,301528,53155,25565,27590
52590,325943,24386,156926,17309,301557,53160,25569,27591
52595,325974,24387,156946,17309,301587,53165,25571,27594
52600,326005,24388,156961,17309,301617,53170,25571,27599
52605,326036,24389,156979,17310,301647,53175,25573,27602
52610,326067,24390,156994,17311,301676,53181,25575,27606
52615,326098,24392,157009,17312,301706,53187,25579,27608
52620,326129,24394,157023,17314,301735,53193,25582,27611
52625,326160,24396,157037,17315,301764,53198,25584,27614
52630,326191,24398,157054,17317,301793,53203,25588,27615
52635,326222,24400,157070,17319,301822,53208,25591,27617
52640,326253,24402,157090,17321,301851,53213,25593,27620
52645,326284,24405,157106,17324,301879,53218,25593,27625
52650,326315,24408,157119,17325,301906,53223,25595,27628
52655,326346,24412,157137,17328,301933,53228,25599,27629
52660,326377,24416,157153,17331,301958,53233,25600,27633
52665,326408,24420,157165,17334,301984,53238,25603,27635
52670,326439,24425,157178,17339,302009,53243,25606,27637
52675,326470,24432,157190,17345,302034,53248,25609,27639
52680,326501,24439,157203,17352,302059,53253,25611,27642
52685,326532,24445,157219,17357,302084,53258,25611,27647
52690,326563,24446,157232,17358,302117,53263,25613,27650
52695,326594,24446,157248,17358,302148,53268,25616,27652
52700,326625,24446,157260,17358,302179,53273,25618,27655
52705,326656,24446,157270,17358,302210,53278,25619,27659
52710,326687,24446,157282,17358,302241,53283,25621,27662
52715,326718,24446,157299,17358,302272,53288,25625,27663
52720,326749,24446,157312,17358,302303,53293,25626,27667
52725,326780,24446,157326,17358,302334,53299,25630,27669
52730,326811,24446,157337,17358,302365,53305,25631,27674
52735,326842,24446,157353,17358,302396,53311,25632,27679
52740,326873,24446,157369,17358,302427,53317,25635,27682
52745,326904,24450,157381,17362,302454,53323,25636,27687
52750,326935,24453,157394,17365,302482,53329,25638,27691
52755,326966,24455,157411,17367,302511,53335,25643,27692
52760,326997,24457,157427,17368,302540,53341,25645,27696
52765,327028,24460,157447,17371,302568,53347,25647,27700
52770,327059,24463,157459,17373,302596,53353,25649,27704
52775,327090,24464,157473,17374,302626,53359,25652,27707
52780,327121,24467,157485,17377,302654,53365,25654,27711
52785,327152,24467,157499,17377,302685,53371,25654,27717
52790,327183,24468,157509,17378,302714,53377,25657,27720
52795,327214,24472,157523,17381,302740,53383,25660,27723
52800,327245,24477,157534,17384,302767,53389,25661,27728
52805,327276,24480,157544,17386,302796,53393,25662,27731
52810,327307,24484,157560,17389,302822,53397,25662,27735
52815,327338,24490,157575,17394,302847,53401,25664,27737
52820,327369,24496,157592,17400,302872,53405,25667,27738
52825,327400,24500,157607,17404,302898,53409,25670,27739
52830,327431,24505,157623,17408,302924,53413,25671,27742
52835,327462,24506,157634,17409,302956,53417,25672,27745
52840,327493,24506,157652,17409,302987,53421,25674,27747
52845,327524,24506,157664,17409,303017,53425,25677,27748
52850,327555,24506,157675,17409,303047,53429,25678,27751
52855,327586,24506,157690,17409,303076,53433,25680,27753
52860,327617,24506,157708,17409,303109,53437,25683,27754
52865,327648,24506,157726,17409,303140,53440,25684,27756
52870,327679,24506,157740,17409,303173,53443,25685,27758
52875,327710,24506,157754,17409,303203,53446,25688,27758
52880,327741,24506,157772,17409,303235,53449,25689,27760
52885,327772,24506,157786,17409,303266,53452,25690,27762
52890,327803,24507,157799,17410,303296,53455,25691,27764
52895,327834,24508,157815,17410,303326,53458,25691,27767
52900,327865,24509,157831,17410,303356,53461,25692,27769
52905,327896,24510,157848,17411,303386,53466,25694,27772
52910,327927,24514,157863,17414,303413,53471,25697,27774
52915,327958,24517,157877,17416,303441,53476,25700,27776
52920,327989,24520,157892,17418,303469,53481,25703,27778
52925,328020,24524,157913,17422,303496,53485,25706,27779
52930,328051,24526,157925,17423,303524,53489,25710,27779
52935,328082,24532,157938,17428,303549,53493,25711,27782
52940,328113,24535,157952,17429,303578,53497,25714,27783
52945,328144,24537,157967,17429,303607,53501,25717,27784
52950,328175,24539,157978,17430,303635,53505,25718,27787
52955,328206,24542,157993,17432,303663,53509,25722,27787
52960,328237,24546,158007,17435,303691,53513,25724,27789
52965,328268,24549,158027,17437,303718,53518,25726,27792
52970,328299,24554,158041,17441,303745,53523,25729,27794
52975,328330,24557,158058,17444,303773,53528,25732,27796
52980,328361,24560,158071,17446,303801,53533,25735,27798
52985,328392,24564,158087,17450,303828,53538,25736,27802
52990,328423,24568,158105,17453,303854,53543,25739,27804
52995,328454,24572,158116,17456,303882,53548,25740,27808
53000,328485,24575,158131,17459,303910,53553,25743,27810
53005,328516,24577,158148,17460,303938,53558,25744,27814
53010,328547,24579,158161,17461,303967,53563,25745,27818
53015,328578,24581,158179,17462,303996,53568,25747,27821
53020,328609,24582,158197,17462,304026,53573,25750,27823
53025,328640,24584,158210,17463,304055,53578,25752,27826
53030,328671,24586,158224,17465,304085,53584,25755,27829
53035,328702,24587,158237,17466,304113,53590,25757,27833
53040,328733,24588,158250,17467,304144,53596,25761,27835
53045,328764,24591,158264,17470,304173,53602,25763,27839
53050,328795,24594,158283,17473,304201,53608,25766,27842
53055,328826,24595,158294,17474,304231,53614,25769,27845
53060,328857,24599,158306,17477,304258,53620,25771,27849
53065,328888,24602,158323,17480,304286,53626,25774,27852
53070,328919,24603,158338,17481,304316,53632,25776,27856
53075,328950,24604,158355,17482,304346,53638,25780,27858
53080,328981,24605,158364,17482,304376,53644,25780,27864
53085,329012,24607,158384,17483,304404,53650,25784,27866
53090,329043,24608,158400,17484,304434,53656,25787,27869
53095,329074,24610,158415,17485,304464,53662,25791,27871
53100,329105,24611,158431,17486,304493,53668,25796,27872
53105,329136,24614,158446,17489,304522,53673,25798,27875
53110,329167,24615,158462,17490,304551,53678,25802,27876
53115,329198,24617,158481,17491,304579,53683,25807,27876
53120,329229,24620,158497,17494,304608,53688,25809,27879
53125,329260,24622,158510,17495,304638,53693,25809,27884
53130,329291,24623,158525,17496,304667,53698,25810,27888
53135,329322,24625,158539,17498,304697,53703,25813,27890
53140,329353,24629,158553,17502,304724,53708,25814,27894
53145,329384,24632,158568,17505,304752,53713,25818,27895
53150,329415,24637,158587,17509,304776,53718,25822,27896
53155,329446,24639,158605,17510,304806,53723,25825,27898
53160,329477,24640,158620,17511,304836,53728,25828,27900
53165,329508,24641,158634,17512,304867,53732,25828,27904
53170,329539,24642,158648,17512,304897,53736,25828,27908
53175,329570,24643,158661,17513,304927,53740,25831,27909
53180,329601,24644,158676,17514,304957,53744,25833,27911
53185,329632,24645,158692,17514,304987,53748,25835,27913
53190,329663,24646,158711,17515,305017,53752,25837,27915
53195,329694,24648,158726,17517,305046,53756,25840,27916
53200,329725,24649,158741,17518,305076,53760,25841,27919
53205,329756,24651,158754,17520,305104,53764,25841,27923
53210,329787,24654,158774,17523,305132,53769,25845,27924
53215,329818,24657,158785,17525,305161,53774,25847,27927
53220,329849,24660,158802,17527,305188,53779,25851,27928
53225,329880,24666,158819,17532,305214,53784,25854,27930
53230,329911,24672,158835,17537,305239,53789,25858,27931
53235,329942,24677,158849,17541,305265,53794,25861,27933
53240,329973,24681,158859,17543,305292,53799,25863,27936
53245,330004,24684,158873,17545,305320,53804,25866,27938
53250,330035,24689,158890,17549,305346,53809,25869,27940
53255,330066,24691,158907,17551,305375,53814,25873,27941
53260,330097,24693,158921,17553,305403,53819,25877,27942
53265,330128,24695,158934,17555,305432,53825,25880,27945
53270,330159,24698,158948,17557,305459,53831,25882,27949
53275,330190,24703,158968,17562,305484,53837,25886,27951
53280,330221,24706,158982,17564,305514,53843,25889,27954
53285,330252,24709,158994,17566,305542,53849,25891,27958
53290,330283,24712,159007,17569,305570,53855,25893,27962
53295,330314,24712,159017,17569,305601,53861,25894,27967
53300,330345,24712,159031,17569,305632,53867,25895,27972
53305,330376,24712,159045,17569,305663,53873,25897,27976
53310,330407,24712,159061,17569,305695,53879,25900,27979
53315,330438,24712,159075,17569,305725,53885,25903,27982
53320,330469,24712,159093,17569,305755,53891,25907,27984
53325,330500,24712,159109,17569,305786,53897,25911,27986
53330,330531,24712,159126,17569,305819,53903,25914,27989
53335,330562,24712,159138,17569,305850,53909,25917,27992
53340,330593,24712,159158,17569,305881,53915,25921,27994
53345,330624,24712,159173,17569,305912,53920,25925,27995
53350,330655,24712,159187,17569,305943,53925,25928,27997
53355,330686,24713,159205,17570,305973,53930,25929,28001
53360,330717,24714,159218,17571,306003,53935,25931,28004
53365,330748,24715,159231,17572,306033,53940,25934,28006
53370,330779,24718,159243,17574,306061,53945,25937,28008
53375,330810,24721,159255,17575,306088,53950,25940,28010
53380,330841,24723,159268,17576,306116,53955,25941,28014
53385,330872,24725,159287,17577,306146,53960,25943,28017
53390,330903,24729,159297,17580,306174,53965,25943,28022
53395,330934,24734,159310,17584,306200,53970,25944,28026
53400,330965,24738,159325,17587,306226,53975,25946,28029
53405,330996,24742,159339,17590,306253,53978,25947,28031
53410,331027,24746,159351,17593,306281,53981,25948,28033
53415,331058,24751,159367,17597,306306,53984,25948,28036
53420,331089,24756,159383,17600,306333,53987,25949,28038
53425,331120,24759,159400,17602,306360,53990,25950,28040
53430,331151,24765,159415,17607,306385,53993,25952,28041
53435,331182,24769,159434,17610,306412,53996,25953,28043
53440,331213,24772,159447,17613,306440,53999,25953,28046
53445,331244,24778,159464,17617,306465,54003,25956,28047
53450,331275,24783,159478,17621,306492,54007,25956,28051
53455,331306,24786,159492,17622,306519,54011,25957,28054
53460,331337,24792,159508,17627,306545,54015,25958,28057
53465,331368,24794,159523,17629,306574,54019,25960,28059
53470,331399,24796,159537,17630,306603,54023,25962,28061
53475,331430,24797,159551,17631,306633,54027,25965,28062
53480,331461,24799,159560,17632,306662,54031,25966,28065
53485,331492,24800,159573,17632,306692,54035,25968,28067
53490,331523,24801,159588,17632,306722,54039,25970,28069
53495,331554,24804,159607,17635,306750,54043,25974,28069
53500,331585,24804,159619,17635,306781,54047,25975,28072
53505,331616,24804,159631,17635,306811,54053,25977,28076
53510,331647,24804,159643,17635,306843,54059,25981,28078
53515,331678,24804,159661,17635,306873,54065,25985,28080
53520,331709,24804,159674,17635,306904,54071,25986,28085
53525,331740,24804,159689,17635,306935,54077,25988,28089
53530,331771,24804,159705,17635,306966,54083,25992,28091
53535,331802,24804,159722,17635,306997,54089,25994,28095
53540,331833,24806,159741,17636,307026,54095,25998,28097
53545,331864,24807,159758,17636,307056,54101,26001,28100
53550,331895,24808,159774,17636,307087,54107,26005,28102
53555,331926,24809,159790,17637,307116,54113,26010,28103
53560,331957,24811,159802,17639,307145,54119,26011,28108
53565,331988,24815,159820,17642,307171,54125,26017,28108
53570,332019,24820,159839,17647,307198,54131,26022,28109
53575,332050,24826,159858,17651,307223,54137,26027,28110
53580,332081,24832,159874,17655,307247,54143,26030,28113
53585,332112,24837,159888,17660,307275,54149,26033,28116
53590,332143,24839,159902,17661,307303,54155,26035,28120
53595,332174,24841,159918,17663,307333,54161,26038,28123
53600,332205,24842,159930,17663,307363,54167,26040,28127
53605,332236,24844,159941,17664,307392,54173,26042,28131
53610,332267,24847,159953,17665,307419,54179,26046,28133
53615,332298,24850,159967,17668,307447,54185,26050,28135
53620,332329,24853,159980,17669,307476,54191,26052,28139
53625,332360,24856,159996,17671,307504,54197,26057,28140
53630,332391,24858,160012,17673,307533,54203,26059,28144
53635,332422,24860,160026,17674,307562,54209,26061,28148
53640,332453,24862,160041,17675,307591,54215,26064,28151
53645,332484,24867,160060,17679,307617,54221,26066,28155
53650,332515,24870,160072,17682,307644,54227,26069,28158
53655,332546,24873,160089,17684,307672,54233,26073,28160
53660,332577,24875,160106,17686,307702,54239,26076,28163
53665,332608,24878,160123,17688,307729,54245,26079,28166
53670,332639,24881,160136,17690,307757,54251,26082,28169
53675,332670,24883,160148,17692,307787,54257,26086,28171
53680,332701,24883,160162,17692,307818,54263,26088,28175
53685,332732,24883,160178,17692,307847,54269,26092,28177
53690,332763,24883,160195,17692,307878,54275,26093,28182
53695,332794,24883,160213,17692,307910,54281,26097,28184
53700,332825,24884,160229,17692,307941,54287,26098,28189
53705,332856,24886,160243,17693,307970,54291,26099,28192
53710,332887,24887,160261,17694,308000,54295,26101,28194
53715,332918,24888,160274,17694,308029,54299,26102,28197
53720,332949,24890,160288,17695,308058,54303,26105,28198
53725,332980,24892,160299,17696,308088,54307,26106,28201
53730,333011,24894,160312,17698,308117,54311,26109,28202
53735,333042,24895,160327,17699,308146,54315,26111,28204
53740,333073,24897,160341,17700,308176,54319,26113,28206
53745,333104,24899,160358,17701,308204,54323,26116,28207
53750,333135,24904,160369,17705,308231,54327,26117,28210
53755,333166,24908,160386,17708,308257,54331,26120,28211
53760,333197,24913,160402,17712,308282,54335,26121,28214
53765,333228,24917,160415,17715,308310,54339,26125,28214
53770,333259,24919,160426,17716,308340,54343,26127,28216
53775,333290,24920,160447,17717,308369,54347,26129,28218
53780,333321,24923,160458,17718,308396,54351,26130,28221
53785,333352,24927,160473,17720,308424,54355,26132,28223
53790,333383,24930,160486,17722,308453,54359,26134,28225
53795,333414,24933,160503,17724,308481,54363,26135,28228
53800,333445,24936,160512,17726,308509,54367,26135,28232
53805,333476,24940,160527,17728,308535,54372,26137,28235
53810,333507,24944,160543,17732,308563,54378,26140,28238
53815,333538,24947,160558,17735,308590,54384,26141,28243
53820,333569,24950,160576,17738,308619,54390,26145,28245
53825,333600,24953,160590,17740,308647,54395,26148,28247
53830,333631,24955,160604,17742,308676,54400,26152,28248
53835,333662,24957,160622,17744,308704,54405,26154,28251
53840,333693,24957,160643,17744,308735,54410,26157,28253
53845,333724,24957,160654,17744,308765,54415,26160,28255
53850,333755,24957,160667,17744,308797,54420,26162,28258
53855,333786,24957,160685,17744,308827,54425,26166,28259
53860,333817,24957,160699,17744,308858,54430,26168,28262
53865,333848,24957,160709,17744,308891,54435,26172,28263
53870,333879,24958,160725,17744,308921,54440,26174,28266
53875,333910,24960,160739,17745,308950,54445,26177,28268
53880,333941,24961,160752,17745,308980,54450,26179,28271
53885,333972,24963,160768,17746,309009,54453,26179,28274
53890,334003,24965,160785,17747,309038,54456,26180,28276
53895,334034,24966,160803,17748,309066,54459,26182,28277
53900,334065,24967,160818,17749,309097,54462,26183,28279
53905,334096,24969,160830,17750,309127,54465,26184,28281
53910,334127,24971,160841,17751,309155,54468,26186,28282
53915,334158,24974,160857,17753,309182,54471,26189,28282
53920,334189,24978,160877,17756,309209,54474,26189,28285
53925,334220,24982,160893,17759,309237,54477,26190,28287
53930,334251,24986,160906,17762,309265,54481,26191,28290
53935,334282,24988,160920,17762,309293,54485,26194,28291
53940,334313,24992,160934,17765,309320,54489,26195,28294
53945,334344,24996,160945,17768,309348,54493,26196,28297
53950,334375,25000,160960,17771,309374,54497,26196,28301
53955,334406,25003,160969,17773,309403,54501,26196,28305
53960,334437,25007,160986,17776,309430,54505,26196,28309
53965,334468,25011,161003,17778,309457,54509,26198,28311
53970,334499,25014,161017,17779,309485,54513,26200,28313
53975,334530,25018,161032,17782,309512,54517,26202,28315
53980,334561,25023,161049,17786,309538,54521,26203,28318
53985,334592,25025,161067,17786,309564,54527,26208,28319
53990,334623,25032,161080,17791,309590,54533,26211,28322
53995,334654,25035,161095,17793,309618,54539,26214,28325
54000,334685,25039,161110,17796,309646,54545,26215,28330
54005,334716,25039,161125,17796,309676,54551,26220,28331
54010,334747,25039,161141,17796,309708,54557,26223,28334
54015,334778,25039,161154,17796,309739,54563,26226,28337
54020,334809,25039,161166,17796,309770,54569,26227,28342
54025,334840,25039,161179,17796,309801,54575,26228,28347
54030,334871,25039,161191,17796,309832,54581,26229,28352
54035,334902,25039,161202,17796,309863,54587,26231,28356
54040,334933,25039,161222,17796,309894,54593,26235,28358
54045,334964,25039,161239,17796,309925,54599,26238,28361
54050,334995,25039,161249,17796,309956,54605,26241,28364
54055,335026,25041,161266,17798,309985,54611,26245,28366
54060,335057,25045,161284,17801,310012,54617,26248,28369
54065,335088,25047,161297,17803,310041,54622,26250,28372
54070,335119,25048,161310,17803,310071,54627,26254,28373
54075,335150,25049,161326,17803,310101,54632,26256,28376
54080,335181,25050,161346,17803,310130,54637,26260,28377
54085,335212,25051,161367,17804,310160,54642,26265,28377
54090,335243,25052,161385,17804,310190,54647,26269,28378
54095,335274,25055,161398,17805,310218,54652,26271,28381
54100,335305,25058,161415,17806,310247,54657,26274,28383
54105,335336,25061,161429,17808,310275,54662,26277,28385
54110,335367,25066,161445,17811,310301,54667,26281,28386
54115,335398,25070,161459,17814,310326,54672,26284,28388
54120,335429,25076,161473,17818,310351,54677,26288,28389
54125,335460,25082,161484,17821,310378,54682,26291,28391
54130,335491,25087,161500,17824,310402,54687,26294,28393
54135,335522,25093,161513,17828,310428,54692,26296,28396
54140,335553,25097,161526,17830,310456,54697,26299,28398
54145,335584,25099,161538,17832,310485,54702,26300,28402
54150,335615,25101,161550,17832,310514,54707,26302,28405
54155,335646,25105,161564,17835,310540,54712,26305,28407
54160,335677,25110,161581,17839,310567,54717,26307,28410
54165,335708,25111,161595,17840,310597,54723,26310,28413
54170,335739,25112,161611,17841,310626,54729,26313,28416
54175,335770,25115,161630,17844,310653,54735,26317,28418
54180,335801,25119,161648,17848,310680,54741,26323,28418
54185,335832,25121,161661,17850,310711,54747,26328,28419
54190,335863,25121,161679,17850,310742,54753,26332,28421
54195,335894,25121,161697,17850,310772,54759,26334,28425
54200,335925,25121,161710,17850,310802,54765,26336,28429
54205,335956,25121,161724,17850,310834,54771,26339,28432
54210,335987,25121,161740,17850,310866,54777,26343,28434
54215,336018,25121,161756,17850,310897,54783,26345,28438
54220,336049,25121,161769,17850,310928,54789,26348,28441
54225,336080,25121,161786,17850,310959,54795,26351,28444
54230,336111,25121,161802,17850,310990,54801,26354,28447
54235,336142,25121,161820,17850,311021,54807,26358,28449
54240,336173,25121,161836,17850,311052,54813,26361,28452
54245,336204,25122,161850,17850,311082,54817,26364,28453
54250,336235,25123,161867,17851,311112,54821,26366,28455
54255,336266,25124,161879,17851,311142,54825,26369,28456
54260,336297,25125,161893,17851,311171,54829,26371,28458
54265,336328,25126,161912,17852,311202,54833,26373,28460
54270,336359,25129,161923,17853,311229,54837,26376,28461
54275,336390,25132,161938,17855,311258,54841,26378,28463
54280,336421,25134,161951,17857,311287,54845,26378,28467
54285,336452,25139,161961,17860,311313,54849,26379,28470
54290,336483,25144,161977,17864,311338,54853,26382,28471
54295,336514,25148,161990,17867,311366,54857,26384,28473
54300,336545,25151,162000,17868,311392,54861,26385,28476
54305,336576,25157,162019,17874,311417,54865,26387,28478
54310,336607,25164,162036,17879,311442,54869,26390,28479
54315,336638,25172,162055,17885,311464,54873,26391,28482
54320,336669,25178,162077,17890,311491,54877,26394,28483
54325,336700,25180,162092,17891,311520,54881,26394,28487
54330,336731,25183,162106,17894,311548,54885,26395,28490
54335,336762,25186,162120,17897,311576,54889,26397,28492
54340,336793,25190,162130,17900,311603,54893,26399,28494
54345,336824,25193,162146,17901,311629,54898,26402,28496
54350,336855,25197,162154,17904,311657,54904,26403,28501
54355,336886,25202,162167,17908,311683,54910,26404,28506
54360,336917,25204,162177,17910,311713,54916,26404,28512
54365,336948,25206,162197,17912,311742,54922,26407,28515
54370,336979,25206,162210,17912,311773,54928,26410,28518
54375,337010,25206,162223,17912,311804,54934,26412,28522
54380,337041,25206,162238,17912,311833,54940,26415,28525
54385,337072,25206,162254,17912,311864,54946,26418,28528
54390,337103,25206,162272,17912,311894,54952,26420,28532
54395,337134,25206,162286,17912,311927,54958,26422,28536
54400,337165,25206,162301,17912,311958,54964,26424,28540
54405,337196,25206,162316,17912,311990,54970,26428,28542
54410,337227,25206,162330,17912,312021,54976,26433,28543
54415,337258,25206,162346,17912,312051,54982,26438,28544
54420,337289,25206,162361,17912,312083,54988,26440,28548
54425,337320,25207,162376,17912,312112,54992,26443,28549
54430,337351,25209,162391,17913,312142,54996,26446,28550
54435,337382,25210,162403,17913,312171,55000,26448,28552
54440,337413,25212,162420,17915,312200,55004,26451,28553
54445,337444,25214,162431,17916,312230,55008,26453,28555
54450,337475,25215,162444,17916,312259,55012,26454,28558
54455,337506,25217,162457,17918,312288,55016,26457,28559
54460,337537,25218,162476,17919,312318,55020,26458,28562
54465,337568,25219,162494,17920,312345,55024,26460,28564
54470,337599,25224,162508,17923,312373,55028,26463,28565
54475,337630,25231,162524,17930,312396,55032,26464,28568
54480,337661,25236,162537,17933,312423,55036,26468,28568
54485,337692,25241,162554,17937,312450,55040,26470,28570
54490,337723,25245,162567,17939,312478,55044,26470,28574
54495,337754,25248,162583,17941,312506,55048,26472,28576
54500,337785,25251,162591,17942,312534,55052,26474,28578
54505,337816,25254,162607,17945,312561,55056,26475,28581
54510,337847,25258,162620,17949,312588,55060,26476,28584
54515,337878,25261,162634,17951,312616,55064,26478,28586
54520,337909,25266,162647,17955,312643,55068,26478,28590
54525,337940,25271,162661,17959,312669,55074,26481,28593
54530,337971,25276,162674,17962,312695,55080,26484,28596
54535,338002,25277,162688,17962,312725,55086,26488,28598
54540,338033,25278,162704,17963,312755,55092,26490,28602
54545,338064,25279,162721,17964,312785,55098,26492,28606
54550,338095,25280,162733,17965,312815,55104,26494,28610
54555,338126,25281,162749,17965,312845,55110,26499,28611
54560,338157,25282,162765,17966,312875,55116,26503,28613
54565,338188,25283,162780,17967,312905,55122,26507,28615
54570,338219,25284,162793,17968,312935,55128,26510,28618
54575,338250,25285,162805,17968,312965,55134,26513,28621
54580,338281,25287,162821,17970,312994,55140,26516,28624
54585,338312,25288,162842,17971,313024,55146,26520,28626
54590,338343,25289,162856,17971,313052,55152,26522,28630
54595,338374,25294,162870,17975,313079,55158,26527,28631
54600,338405,25300,162885,17980,313104,55164,26529,28635
54605,338436,25303,162896,17981,313132,55170,26530,28640
54610,338467,25307,162914,17985,313158,55176,26534,28642
54615,338498,25310,162925,17988,313188,55182,26536,28646
54620,338529,25313,162939,17991,313216,55188,26538,28650
54625,338560,25315,162955,17993,313244,55194,26541,28653
54630,338591,25319,162970,17995,313271,55200,26542,28658
54635,338622,25323,162986,17999,313298,55206,26547,28659
54640,338653,25324,163004,18000,313329,55212,26551,28661
54645,338684,25325,163021,18000,313357,55218,26554,28664
54650,338715,25326,163039,18001,313388,55224,26558,28666
54655,338746,25328,163059,18003,313417,55230,26562,28668
54660,338777,25330,163076,18005,313447,55236,26566,28670
54665,338808,25332,163092,18006,313476,55240,26568,28672
54670,338839,25333,163106,18006,313506,55244,26570,28674
54675,338870,25334,163122,18007,313536,55248,26573,28675
54680,338901,25336,163139,18009,313565,55252,26574,28678
54685,338932,25337,163150,18009,313595,55256,26576,28680
54690,338963,25339,163167,18010,313624,55260,26579,28681
54695,338994,25341,163181,18012,313653,55264,26581,28683
54700,339025,25343,163200,18014,313682,55268,26583,28685
54705,339056,25345,163221,18016,313711,55272,26586,28686
54710,339087,25346,163234,18016,313741,55276,26588,28688
54715,339118,25347,163248,18017,313771,55280,26590,28690
54720,339149,25349,163266,18019,313800,55284,26592,28692
54725,339180,25350,163284,18019,313830,55288,26595,28693
54730,339211,25352,163299,18021,313859,55292,26596,28696
54735,339242,25353,163314,18022,313889,55296,26599,28697
54740,339273,25353,163328,18022,313919,55300,26602,28698
54745,339304,25357,163348,18026,313947,55304,26605,28699
54750,339335,25361,163361,18029,313974,55308,26607,28701
54755,339366,25366,163378,18033,313999,55312,26609,28703
54760,339397,25373,163393,18039,314024,55316,26612,28704
54765,339428,25376,163405,18041,314052,55321,26614,28707
54770,339459,25380,163420,18045,314077,55327,26617,28710
54775,339490,25385,163432,18049,314105,55333,26619,28714
54780,339521,25387,163446,18050,314134,55339,26621,28718
54785,339552,25389,163458,18052,314163,55344,26624,28720
54790,339583,25391,163473,18054,314191,55349,26626,28723
54795,339614,25393,163492,18056,314221,55354,26629,28725
54800,339645,25395,163511,18058,314250,55359,26633,28726
54805,339676,25397,163524,18059,314279,55364,26636,28728
54810,339707,25398,163538,18059,314305,55369,26639,28730
54815,339738,25400,163555,18060,314335,55374,26641,28733
54820,339769,25402,163567,18061,314367,55379,26642,28737
54825,339800,25402,163579,18061,314398,55384,26646,28738
54830,339831,25402,163596,18061,314429,55389,26649,28740
54835,339862,25402,163611,18061,314460,55394,26652,28742
54840,339893,25403,163626,18061,314490,55399,26655,28744
54845,339924,25404,163641,18061,314520,55403,26656,28747
54850,339955,25405,163653,18061,314550,55407,26659,28748
54855,339986,25406,163669,18061,314580,55411,26660,28751
54860,340017,25407,163685,18061,314610,55415,26663,28752
54865,340048,25408,163699,18061,314640,55419,26666,28753
54870,340079,25409,163710,18062,314670,55423,26667,28756
54875,340110,25410,163726,18063,314700,55427,26669,28758
54880,340141,25411,163737,18064,314730,55431,26671,28760
54885,340172,25412,163750,18064,314759,55436,26673,28763
54890,340203,25416,163765,18067,314787,55441,26675,28766
54895,340234,25418,163778,18067,314815,55446,26678,28768
54900,340265,25422,163796,18069,314843,55451,26681,28770
54905,340296,25425,163811,18070,314871,55456,26683,28773
54910,340327,25428,163825,18072,314898,55461,26685,28776
54915,340358,25432,163840,18075,314925,55466,26688,28778
54920,340389,25438,163853,18080,314950,55471,26690,28781
54925,340420,25443,163866,18085,314974,55476,26692,28784
54930,340451,25453,163882,18092,314997,55481,26693,28788
54935,340482,25458,163896,18096,315024,55486,26695,28791
54940,340513,25463,163919,18100,315048,55491,26698,28793
54945,340544,25465,163934,18101,315079,55496,26700,28796
54950,340575,25466,163946,18102,315108,55502,26705,28797
54955,340606,25468,163961,18103,315138,55508,26708,28800
54960,340637,25469,163976,18104,315167,55514,26711,28803
54965,340668,25471,163990,18106,315196,55518,26714,28804
54970,340699,25472,164002,18107,315225,55522,26716,28806
54975,340730,25473,164016,18108,315256,55526,26718,28808
54980,340761,25475,164030,18109,315286,55530,26720,28810
54985,340792,25477,164045,18110,315315,55534,26723,28811
54990,340823,25478,164059,18110,315345,55538,26725,28813
54995,340854,25479,164068,18110,315374,55542,26726,28816
55000,340885,25481,164084,18112,315403,55546,26728,28818
55005,340916,25484,164101,18115,315430,55550,26729,28821
55010,340947,25486,164117,18116,315461,55554,26733,28821
55015,340978,25486,164129,18116,315491,55558,26735,28823
55020,341009,25486,164147,18116,315522,55562,26739,28823
55025,341040,25486,164156,18116,315554,55566,26741,28825
55030,341071,25486,164173,18116,315585,55570,26743,28827
55035,341102,25486,164189,18116,315616,55574,26745,28829
55040,341133,25486,164209,18116,315647,55578,26748,28830
55045,341164,25487,164225,18117,315677,55582,26750,28832
55050,341195,25489,164240,18119,315706,55586,26753,28833
55055,341226,25491,164253,18120,315734,55590,26755,28835
55060,341257,25494,164274,18121,315763,55594,26757,28837
55065,341288,25496,164286,18122,315791,55600,26758,28842
55070,341319,25499,164302,18125,315820,55606,26762,28844
55075,341350,25502,164316,18127,315847,55612,26765,28847
55080,341381,25506,164329,18130,315875,55618,26766,28852
55085,341412,25509,164342,18132,315903,55624,26767,28857
55090,341443,25512,164358,18134,315930,55630,26770,28860
55095,341474,25516,164373,18137,315957,55636,26772,28864
55100,341505,25520,164384,18140,315985,55642,26776,28866
55105,341536,25523,164400,18141,316011,55648,26778,28870
55110,341567,25527,164411,18143,316037,55654,26780,28874
55115,341598,25534,164428,18148,316063,55660,26784,28876
55120,341629,25540,164443,18154,316089,55666,26787,28879
55125,341660,25545,164460,18159,316114,55672,26789,28883
55130,341691,25548,164477,18162,316142,55678,26791,28887
55135,341722,25550,164495,18164,316171,55684,26794,28890
55140,341753,25552,164511,18166,316200,55690,26796,28894
55145,341784,25553,164525,18166,316230,55696,26799,28897
55150,341815,25554,164540,18166,316261,55702,26801,28901
55155,341846,25555,164551,18166,316291,55708,26802,28906
55160,341877,25556,164570,18167,316321,55714,26804,28910
55165,341908,25557,164585,18167,316351,55720,26807,28913
55170,341939,25558,164604,18167,316381,55726,26810,28916
55175,341970,25559,164621,18168,316411,55732,26813,28919
55180,342001,25560,164639,18168,316441,55738,26816,28922
55185,342032,25561,164657,18168,316470,55744,26820,28924
55190,342063,25562,164671,18168,316500,55750,26824,28926
55195,342094,25563,164685,18168,316530,55756,26825,28931
55200,342125,25564,164700,18168,316561,55762,26829,28933
55205,342156,25565,164712,18168,316591,55768,26831,28937
55210,342187,25566,164730,18168,316621,55774,26836,28938
55215,342218,25567,164742,18169,316651,55780,26837,28943
55220,342249,25568,164757,18170,316681,55786,26841,28945
55225,342280,25569,164772,18171,316711,55792,26844,28948
55230,342311,25572,164785,18172,316738,55798,26846,28952
55235,342342,25577,164801,18176,316764,55804,26850,28954
55240,342373,25582,164817,18180,316790,55810,26853,28957
55245,342404,25588,164832,18185,316815,55816,26855,28961
55250,342435,25595,164844,18192,316840,55822,26856,28966
55255,342466,25601,164862,18196,316864,55828,26859,28969
55260,342497,25607,164874,18200,316890,55834,26860,28974
55265,342528,25610,164884,18202,316918,55840,26862,28978
55270,342559,25615,164904,18206,316941,55846,26865,28981
55275,342590,25621,164920,18211,316967,55852,26866,28986
55280,342621,25624,164933,18213,316996,55858,26870,28988
55285,342652,25627,164952,18216,317025,55864,26872,28992
55290,342683,25628,164968,18216,317055,55870,26875,28995
55295,342714,25629,164977,18216,317084,55876,26876,29000
55300,342745,25632,164995,18219,317113,55882,26880,29002
55305,342776,25632,165016,18219,317142,55888,26885,29003
55310,342807,25632,165032,18219,317173,55894,26889,29005
55315,342838,25632,165051,18219,317204,55900,26892,29008
55320,342869,25632,165065,18219,317236,55906,26895,29011
55325,342900,25632,165075,18219,317267,55911,26895,29016
55330,342931,25632,165085,18219,317299,55916,26898,29018
55335,342962,25632,165101,18219,317330,55921,26899,29022
55340,342993,25632,165117,18219,317361,55926,26901,29025
55345,343024,25632,165128,18219,317392,55931,26902,29029
55350,343055,25632,165143,18219,317423,55936,26906,29030
55355,343086,25632,165159,18219,317454,55941,26909,29032
55360,343117,25632,165177,18219,317485,55946,26910,29036
55365,343148,25632,165190,18219,317516,55951,26912,29039
55370,343179,25634,165201,18220,317545,55956,26914,29042
55375,343210,25637,165217,18222,317571,55961,26916,29045
55380,343241,25639,165233,18223,317602,55966,26919,29047
55385,343272,25641,165249,18225,317631,55970,26921,29049
55390,343303,25645,165269,18228,317658,55974,26922,29052
55395,343334,25647,165279,18228,317687,55978,26925,29053
55400,343365,25650,165295,18230,317715,55982,26927,29055
55405,343396,25652,165312,18231,317744,55986,26929,29057
55410,343427,25655,165326,18232,317771,55990,26931,29059
55415,343458,25659,165340,18235,317798,55994,26932,29062
55420,343489,25665,165356,18240,317823,55998,26933,29065
55425,343520,25673,165370,18248,317845,56003,26934,29069
55430,343551,25680,165384,18254,317867,56008,26935,29073
55435,343582,25687,165397,18259,317890,56013,26937,29076
55440,343613,25697,165410,18266,317914,56018,26940,29078
55445,343644,25703,165423,18272,317941,56022,26943,29079
55450,343675,25704,165440,18273,317970,56026,26946,29080
55455,343706,25706,165452,18274,318000,56030,26948,29082
55460,343737,25706,165466,18274,318031,56034,26949,29085
55465,343768,25706,165483,18274,318062,56038,26953,29085
55470,343799,25706,165499,18274,318093,56042,26956,29086
55475,343830,25706,165513,18274,318124,56046,26958,29088
55480,343861,25706,165536,18274,318155,56050,26961,29089
55485,343892,25706,165551,18274,318186,56055,26963,29092
55490,343923,25706,165567,18274,318217,56060,26965,29095
55495,343954,25706,165576,18274,318248,56065,26967,29098
55500,343985,25706,165589,18274,318278,56070,26968,29102
55505,344016,25706,165606,18274,318309,56073,26968,29105
55510,344047,25706,165621,18274,318341,56076,26970,29106
55515,344078,25706,165629,18274,318371,56079,26970,29109
55520,344109,25706,165645,18274,318402,56082,26971,29111
55525,344140,25706,165658,18274,318434,56085,26972,29113
55530,344171,25706,165676,18274,318464,56088,26972,29116
55535,344202,25706,165692,18274,318496,56091,26974,29117
55540,344233,25706,165712,18274,318527,56094,26977,29117
55545,344264,25706,165724,18274,318557,56097,26978,29119
55550,344295,25708,165739,18275,318584,56101,26979,29122
55555,344326,25710,165754,18276,318616,56105,26981,29124
55560,344357,25714,165766,18279,318642,56109,26983,29126
55565,344388,25720,165784,18284,318666,56113,26984,29129
55570,344419,25726,165797,18289,318690,56117,26985,29132
55575,344450,25732,165809,18294,318716,56121,26986,29135
55580,344481,25739,165824,18298,318741,56125,26989,29136
55585,344512,25745,165835,18302,318767,56129,26991,29138
55590,344543,25748,165850,18304,318794,56133,26992,29141
55595,344574,25753,165861,18309,318820,56137,26992,29145
55600,344605,25758,165880,18312,318845,56141,26996,29145
55605,344636,25763,165889,18316,318870,56147,26997,29150
55610,344667,25770,165903,18321,318895,56153,26999,29154
55615,344698,25774,165920,18325,318921,56159,27004,29155
55620,344729,25778,165932,18328,318949,56165,27005,29160
55625,344760,25778,165949,18328,318981,56170,27009,29161
55630,344791,25778,165968,18328,319013,56175,27012,29163
55635,344822,25778,165981,18328,319044,56180,27013,29167
55640,344853,25778,165994,18328,319075,56185,27014,29171
55645,344884,25778,166009,18328,319106,56190,27015,29175
55650,344915,25778,166021,18328,319137,56195,27018,29177
55655,344946,25778,166036,18328,319168,56200,27022,29178
55660,344977,25778,166050,18328,319199,56205,27024,29181
55665,345008,25778,166062,18328,319230,56210,27024,29186
55670,345039,25778,166081,18328,319261,56215,27026,29189
55675,345070,25778,166093,18328,319292,56220,27028,29192
55680,345101,25778,166114,18328,319323,56225,27032,29193
55685,345132,25778,166130,18328,319354,56230,27034,29196
55690,345163,25780,166152,18330,319382,56235,27038,29197
55695,345194,25783,166169,18332,319411,56240,27040,29200
55700,345225,25785,166183,18334,319439,56245,27041,29204
55705,345256,25787,166197,18336,319468,56250,27044,29206
55710,345287,25790,166212,18338,319496,56255,27046,29209
55715,345318,25791,166228,18339,319527,56260,27048,29212
55720,345349,25792,166240,18340,319556,56265,27050,29215
55725,345380,25794,166253,18341,319584,56270,27051,29219
55730,345411,25802,166270,18348,319607,56276,27052,29224
55735,345442,25807,166278,18351,319634,56282,27052,29230
55740,345473,25812,166286,18355,319661,56288,27053,29235
55745,345504,25817,166299,18358,319686,56294,27056,29238
55750,345535,25824,166314,18363,319711,56300,27057,29243
55755,345566,25827,166329,18365,319739,56306,27060,29246
55760,345597,25829,166341,18365,319766,56312,27063,29249
55765,345628,25834,166357,18368,319792,56318,27066,29252
55770,345659,25840,166374,18373,319819,56324,27069,29255
55775,345690,25844,166396,18377,319844,56330,27073,29257
55780,345721,25849,166410,18382,319872,56336,27076,29260
55785,345752,25851,166423,18384,319901,56342,27078,29264
55790,345783,25853,166440,18385,319930,56348,27082,29266
55795,345814,25854,166455,18386,319960,56354,27086,29268
55800,345845,25854,166474,18386,319991,56360,27089,29271
55805,345876,25854,166482,18386,320022,56366,27090,29276
55810,345907,25854,166498,18386,320053,56372,27093,29279
55815,345938,25854,166512,18386,320084,56378,27095,29283
55820,345969,25854,166522,18386,320115,56384,27096,29288
55825,346000,25854,166537,18386,320145,56390,27099,29291
55830,346031,25854,166550,18386,320177,56396,27102,29294
55835,346062,25854,166564,18386,320207,56402,27105,29297
55840,346093,25854,166575,18386,320238,56408,27107,29301
55845,346124,25854,166594,18386,320267,56414,27110,29304
55850,346155,25854,166613,18386,320300,56420,27114,29306
55855,346186,25854,166624,18386,320331,56426,27117,29309
55860,346217,25855,166636,18387,320362,56432,27122,29310
55865,346248,25857,166649,18389,320391,56438,27127,29311
55870,346279,25859,166667,18391,320420,56444,27132,29312
55875,346310,25861,166684,18392,320449,56450,27136,29314
55880,346341,25862,166699,18393,320479,56456,27140,29316
55885,346372,25864,166714,18395,320506,56462,27144,29318
55890,346403,25867,166729,18396,320535,56468,27148,29320
55895,346434,25869,166747,18398,320564,56474,27152,29322
55900,346465,25874,166766,18401,320589,56480,27156,29324
55905,346496,25878,166779,18403,320618,56486,27159,29327
55910,346527,25884,166793,18406,320643,56492,27160,29332
55915,346558,25888,166804,18409,320670,56498,27162,29336
55920,346589,25893,166822,18413,320695,56504,27165,29339
55925,346620,25896,166841,18415,320723,56508,27168,29340
55930,346651,25900,166855,18418,320750,56512,27168,29344
55935,346682,25904,166871,18421,320777,56516,27170,29346
55940,346713,25908,166889,18424,320804,56520,27171,29349
55945,346744,25911,166906,18427,320831,56524,27172,29352
55950,346775,25917,166923,18432,320858,56528,27176,29352
55955,346806,25918,166934,18433,320888,56532,27176,29356
55960,346837,25919,166951,18433,320918,56536,27178,29358
55965,346868,25920,166965,18434,320945,56540,27180,29360
55970,346899,25926,166982,18439,320971,56544,27183,29361
55975,346930,25929,166999,18442,320998,56548,27186,29362
55980,346961,25933,167011,18446,321026,56552,27186,29366
55985,346992,25934,167019,18447,321058,56556,27187,29369
55990,347023,25934,167034,18447,321088,56560,27188,29372
55995,347054,25934,167051,18447,321120,56564,27190,29374
56000,347085,25934,167068,18447,321151,56568,27191,29377
56005,347116,25934,167081,18447,321182,56572,27192,29380
56010,347147,25934,167098,18447,321213,56576,27195,29381
56015,347178,25934,167115,18447,321243,56580,27197,29383
56020,347209,25934,167128,18447,321274,56584,27199,29385
56025,347240,25934,167142,18447,321306,56590,27201,29389
56030,347271,25936,167151,18449,321335,56596,27202,29394
56035,347302,25938,167164,18451,321364,56602,27204,29398
56040,347333,25940,167178,18452,321393,56608,27206,29402
56045,347364,25941,167190,18453,321423,56612,27208,29404
56050,347395,25945,167206,18457,321450,56616,27211,29405
56055,347426,25950,167225,18462,321476,56620,27213,29407
56060,347457,25954,167246,18465,321501,56624,27217,29407
56065,347488,25955,167259,18465,321532,56628,27218,29410
56070,347519,25956,167270,18465,321562,56632,27220,29412
56075,347550,25957,167281,18465,321592,56636,27220,29416
56080,347581,25958,167297,18465,321622,56640,27222,29418
56085,347612,25959,167314,18465,321652,56644,27225,29419
56090,347643,25961,167332,18466,321681,56648,27227,29421
56095,347674,25963,167344,18466,321711,56652,27229,29423
56100,347705,25965,167355,18467,321740,56656,27232,29424
56105,347736,25968,167364,18468,321766,56659,27232,29427
56110,347767,25975,167380,18474,321790,56662,27235,29427
56115,347798,25982,167397,18481,321813,56665,27237,29428
56120,347829,25989,167409,18487,321839,56668,27238,29430
56125,347860,25992,167423,18489,321867,56671,27239,29432
56130,347891,25995,167441,18492,321893,56674,27240,29434
56135,347922,25997,167460,18494,321925,56677,27242,29435
56140,347953,26000,167477,18497,321953,56680,27244,29436
56145,347984,26001,167490,18498,321983,56684,27244,29440
56150,348015,26003,167507,18500,322010,56689,27244,29445
56155,348046,26005,167520,18502,322041,56694,27247,29447
56160,348077,26005,167535,18502,322072,56699,27249,29450
56165,348108,26005,167549,18502,322103,56704,27251,29453
56170,348139,26006,167562,18502,322133,56709,27252,29457
56175,348170,26008,167573,18503,322162,56714,27254,29460
56180,348201,26010,167591,18505,322191,56719,27258,29461
56185,348232,26012,167604,18507,322220,56724,27260,29464
56190,348263,26014,167621,18509,322249,56729,27264,29465
56195,348294,26016,167633,18510,322278,56734,27266,29468
56200,348325,26017,167649,18510,322307,56739,27268,29471
56205,348356,26020,167665,18513,322336,56745,27272,29473
56210,348387,26022,167679,18514,322364,56751,27275,29476
56215,348418,26024,167697,18516,322393,56757,27278,29479
56220,348449,26025,167706,18516,322423,56763,27280,29483
56225,348480,26027,167724,18518,322450,56769,27283,29486
56230,348511,26031,167741,18522,322478,56775,27285,29490
56235,348542,26034,167753,18524,322508,56781,27289,29492
56240,348573,26036,167774,18526,322535,56787,27291,29496
56245,348604,26038,167790,18528,322566,56793,27292,29501
56250,348635,26040,167807,18529,322595,56799,27295,29504
56255,348666,26042,167821,18531,322624,56805,27298,29507
56260,348697,26044,167833,18532,322652,56811,27302,29509
56265,348728,26048,167846,18535,322679,56817,27303,29514
56270,348759,26052,167859,18538,322703,56823,27305,29518
56275,348790,26060,167872,18545,322727,56829,27305,29524
56280,348821,26067,167888,18552,322753,56835,27309,29526
56285,348852,26069,167904,18554,322783,56841,27310,29531
56290,348883,26070,167918,18554,322813,56847,27313,29534
56295,348914,26071,167934,18555,322843,56853,27314,29539
56300,348945,26072,167944,18556,322873,56859,27314,29545
56305,348976,26073,167961,18556,322903,56865,27316,29549
56310,349007,26074,167977,18556,322932,56871,27319,29552
56315,349038,26076,167995,18558,322962,56877,27324,29553
56320,349069,26077,168009,18559,322991,56883,27329,29554
56325,349100,26078,168023,18560,323020,56889,27333,29556
56330,349131,26080,168042,18562,323051,56895,27335,29560
56335,349162,26082,168055,18563,323080,56901,27337,29564
56340,349193,26085,168070,18566,323108,56907,27341,29566
56345,349224,26087,168087,18568,323136,56913,27346,29567
56350,349255,26088,168107,18568,323165,56919,27351,29568
56355,349286,26089,168119,18569,323194,56925,27354,29571
56360,349317,26090,168135,18570,323226,56931,27356,29575
56365,349348,26091,168152,18571,323256,56937,27358,29579
56370,349379,26092,168171,18572,323285,56943,27360,29583
56375,349410,26093,168184,18573,323316,56949,27363,29586
56380,349441,26094,168195,18573,323347,56955,27364,29591
56385,349472,26095,168213,18574,323377,56961,27366,29595
56390,349503,26098,168227,18576,323405,56967,27368,29599
56395,349534,26101,168239,18578,323433,56973,27370,29603
56400,349565,26104,168251,18580,323461,56979,27372,29607
56405,349596,26107,168268,18582,323489,56985,27376,29609
56410,349627,26110,168284,18583,323517,56991,27380,29611
56415,349658,26113,168296,18586,323545,56997,27385,29612
56420,349689,26116,168311,18587,323573,57003,27390,29613
56425,349720,26120,168325,18589,323600,57009,27393,29616
56430,349751,26123,168341,18590,323625,57015,27395,29620
56435,349782,26133,168356,18598,323647,57021,27397,29624
56440,349813,26139,168373,18603,323671,57027,27400,29627
56445,349844,26142,168384,18606,323702,57033,27402,29631
56450,349875,26142,168399,18606,323732,57039,27405,29634
56455,349906,26144,168408,18608,323761,57045,27407,29638
56460,349937,26146,168419,18609,323789,57051,27408,29643
56465,349968,26149,168433,18611,323818,57055,27408,29647
56470,349999,26151,168449,18613,323848,57059,27409,29650
56475,350030,26153,168466,18614,323876,57063,27412,29651
56480,350061,26157,168484,18618,323902,57067,27414,29653
56485,350092,26162,168502,18622,323930,57071,27417,29654
56490,350123,26162,168518,18622,323960,57075,27418,29657
56495,350154,26162,168529,18622,323991,57079,27421,29658
56500,350185,26162,168546,18622,324022,57083,27421,29662
56505,350216,26162,168559,18622,324054,57087,27423,29664
56510,350247,26162,168572,18622,324084,57091,27424,29667
56515,350278,26162,168584,18622,324116,57095,27426,29669
56520,350309,26162,168596,18622,324146,57099,27429,29670
56525,350340,26162,168616,18622,324178,57102,27429,29673
56530,350371,26162,168629,18622,324209,57105,27431,29674
56535,350402,26162,168645,18622,324240,57108,27432,29676
56540,350433,26162,168662,18622,324271,57111,27434,29677
56545,350464,26164,168679,18624,324299,57114,27437,29677
56550,350495,26166,168690,18626,324329,57117,27438,29679
56555,350526,26169,168704,18627,324355,57120,27439,29681
56560,350557,26171,168714,18628,324386,57123,27439,29684
56565,350588,26173,168730,18628,324415,57127,27442,29685
56570,350619,26178,168748,18631,324441,57132,27444,29688
56575,350650,26181,168760,18632,324467,57137,27446,29691
56580,350681,26186,168775,18635,324493,57142,27449,29693
56585,350712,26191,168791,18639,324521,57145,27451,29694
56590,350743,26195,168807,18642,324547,57148,27452,29696
56595,350774,26200,168823,18647,324574,57151,27455,29696
56600,350805,26202,168840,18648,324602,57154,27458,29696
56605,350836,26206,168852,18650,324629,57157,27460,29697
56610,350867,26209,168866,18652,324658,57160,27462,29698
56615,350898,26211,168877,18653,324687,57163,27464,29699
56620,350929,26214,168891,18656,324713,57166,27466,29700
56625,350960,26219,168905,18660,324740,57170,27467,29703
56630,350991,26223,168919,18664,324765,57174,27468,29706
56635,351022,26230,168938,18671,324790,57178,27469,29709
56640,351053,26236,168952,18676,324816,57182,27471,29711
56645,351084,26239,168966,18679,324845,57185,27473,29712
56650,351115,26239,168981,18679,324876,57188,27475,29713
56655,351146,26239,168997,18679,324907,57191,27477,29714
56660,351177,26239,169011,18679,324938,57194,27480,29714
56665,351208,26239,169023,18679,324967,57197,27481,29716
56670,351239,26239,169037,18679,324999,57200,27483,29717
56675,351270,26239,169054,18679,325031,57203,27486,29717
56680,351301,26239,169075,18679,325060,57206,27488,29718
56685,351332,26239,169090,18679,325093,57210,27490,29720
56690,351363,26239,169102,18679,325122,57215,27491,29724
56695,351394,26239,169118,18679,325154,57220,27495,29725
56700,351425,26239,169138,18679,325183,57225,27500,29725
56705,351456,26240,169152,18679,325216,57230,27503,29727
56710,351487,26241,169171,18679,325245,57235,27504,29731
56715,351518,26242,169185,18680,325276,57240,27505,29735
56720,351549,26244,169199,18682,325305,57245,27507,29738
56725,351580,26246,169213,18684,325334,57250,27509,29741
56730,351611,26248,169230,18685,325363,57255,27511,29744
56735,351642,26250,169242,18687,325392,57260,27514,29746
56740,351673,26252,169254,18689,325421,57265,27515,29750
56745,351704,26254,169265,18690,325448,57271,27516,29755
56750,351735,26260,169277,18695,325475,57277,27518,29759
56755,351766,26267,169291,18700,325497,57283,27520,29763
56760,351797,26273,169303,18704,325523,57289,27522,29767
56765,351828,26278,169320,18709,325550,57295,27526,29769
56770,351859,26280,169333,18710,325579,57301,27530,29771
56775,351890,26282,169346,18710,325608,57307,27533,29774
56780,351921,26285,169365,18712,325636,57313,27537,29776
56785,351952,26287,169382,18713,325664,57319,27539,29780
56790,351983,26289,169403,18715,325693,57325,27543,29782
56795,352014,26291,169417,18715,325722,57331,27546,29785
56800,352045,26294,169434,18718,325751,57337,27547,29790
56805,352076,26297,169449,18720,325778,57343,27550,29793
56810,352107,26303,169466,18725,325804,57349,27552,29797
56815,352138,26307,169482,18727,325830,57355,27553,29802
56820,352169,26314,169502,18734,325851,57361,27555,29806
56825,352200,26316,169516,18736,325883,57367,27558,29809
56830,352231,26318,169535,18738,325911,57373,27562,29811
56835,352262,26318,169549,18738,325942,57379,27566,29813
56840,352293,26318,169565,18738,325974,57385,27567,29818
56845,352324,26318,169582,18738,326006,57391,27570,29821
56850,352355,26318,169599,18738,326037,57397,27573,29824
56855,352386,26318,169613,18738,326068,57403,27576,29827
56860,352417,26318,169626,18738,326099,57409,27578,29831
56865,352448,26318,169641,18738,326130,57415,27580,29835
56870,352479,26319,169652,18738,326160,57421,27584,29837
56875,352510,26320,169665,18739,326190,57427,27587,29840
56880,352541,26321,169677,18739,326220,57433,27590,29843
56885,352572,26322,169695,18739,326250,57439,27594,29845
56890,352603,26323,169711,18739,326280,57445,27596,29849
56895,352634,26324,169723,18739,326310,57451,27600,29851
56900,352665,26325,169741,18740,326340,57457,27605,29852
56905,352696,26327,169758,18741,326369,57463,27608,29855
56910,352727,26328,169776,18742,326399,57469,27613,29856
56915,352758,26330,169795,18744,326426,57475,27616,29859
56920,352789,26335,169811,18749,326452,57481,27618,29863
56925,352820,26340,169825,18753,326476,57487,27621,29866
56930,352851,26348,169844,18761,326501,57493,27625,29868
56935,352882,26350,169865,18763,326530,57499,27630,29869
56940,352913,26355,169877,18767,326556,57505,27631,29874
56945,352944,26362,169894,18773,326580,57511,27636,29875
56950,352975,26368,169908,18778,326607,57517,27640,29877
56955,353006,26372,169926,18782,326634,57523,27643,29880
56960,353037,26374,169943,18784,326663,57529,27644,29885
56965,353068,26377,169960,18786,326690,57535,27649,29886
56970,353099,26379,169975,18787,326719,57541,27652,29889
56975,353130,26381,169990,18789,326749,57547,27654,29893
56980,353161,26383,170003,18791,326778,57553,27657,29896
56985,353192,26385,170015,18792,326807,57559,27659,29900
56990,353223,26385,170029,18792,326837,57565,27662,29903
56995,353254,26385,170044,18792,326866,57571,27663,29908
57000,353285,26385,170055,18792,326900,57577,27665,29912
57005,353316,26385,170073,18792,326930,57583,27667,29916
57010,353347,26385,170083,18792,326962,57589,27668,29921
57015,353378,26385,170098,18792,326993,57595,27671,29924
57020,353409,26385,170113,18792,327024,57601,27672,29929
57025,353440,26385,170126,18792,327055,57607,27674,29933
57030,353471,26385,170140,18792,327086,57613,27675,29938
57035,353502,26385,170157,18792,327117,57619,27677,29942
57040,353533,26385,170175,18792,327148,57625,27682,29943
57045,353564,26386,170194,18793,327177,57631,27685,29946
57050,353595,26388,170206,18794,327206,57637,27688,29949
57055,353626,26391,170221,18797,327234,57643,27691,29952
57060,353657,26395,170238,18801,327259,57649,27692,29957
57065,353688,26403,170254,18808,327283,57654,27695,29959
57070,353719,26410,170264,18814,327309,57659,27696,29963
57075,353750,26413,170277,18817,327335,57664,27697,29967
57080,353781,26417,170288,18820,327364,57669,27699,29970
57085,353812,26418,170303,18821,327392,57674,27701,29973
57090,353843,26424,170318,18826,327418,57679,27702,29977
57095,353874,26428,170331,18829,327445,57684,27704,29980
57100,353905,26430,170348,18831,327474,57689,27707,29982
57105,353936,26432,170359,18832,327504,57694,27709,29985
57110,353967,26433,170370,18833,327534,57699,27709,29990
57115,353998,26436,170392,18835,327561,57704,27714,29990
57120,354029,26438,170405,18836,327590,57709,27716,29993
57125,354060,26439,170422,18836,327621,57713,27719,29994
57130,354091,26440,170435,18836,327650,57717,27722,29995
57135,354122,26441,170446,18836,327680,57721,27724,29997
57140,354153,26443,170465,18837,327708,57725,27725,30000
57145,354184,26444,170477,18838,327740,57729,27726,30003
57150,354215,26445,170493,18839,327770,57733,27727,30006
57155,354246,26448,170509,18841,327798,57737,27730,30007
57160,354277,26449,170522,18841,327827,57741,27731,30010
57165,354308,26451,170536,18843,327856,57746,27734,30012
57170,354339,26454,170548,18845,327885,57751,27736,30015
57175,354370,26454,170568,18845,327914,57756,27741,30015
57180,354401,26454,170582,18845,327946,57761,27743,30018
57185,354432,26455,170595,18846,327976,57763,27744,30019
57190,354463,26456,170605,18846,328007,57765,27745,30020
57195,354494,26457,170619,18847,328037,57767,27746,30021
57200,354525,26460,170632,18849,328065,57769,27746,30023
57205,354556,26462,170641,18850,328094,57771,27746,30025
57210,354587,26464,170661,18852,328123,57773,27748,30025
57215,354618,26466,170680,18853,328151,57775,27750,30025
57220,354649,26470,170695,18856,328179,57777,27751,30026
57225,354680,26473,170709,18857,328206,57780,27753,30027
57230,354711,26478,170725,18861,328232,57783,27754,30029
57235,354742,26483,170740,18865,328259,57786,27754,30032
57240,354773,26486,170756,18867,328286,57789,27755,30034
57245,354804,26490,170772,18870,328313,57792,27757,30035
57250,354835,26496,170786,18874,328337,57795,27758,30037
57255,354866,26503,170799,18880,328362,57798,27760,30038
57260,354897,26508,170815,18884,328388,57801,27762,30039
57265,354928,26508,170833,18884,328420,57804,27764,30040
57270,354959,26508,170852,18884,328450,57807,27767,30040
57275,354990,26508,170868,18884,328481,57810,27768,30042
57280,355021,26509,170885,18885,328511,57813,27770,30043
57285,355052,26511,170902,18887,328540,57818,27772,30046
57290,355083,26513,170914,18889,328570,57824,27775,30049
57295,355114,26515,170931,18891,328598,57830,27777,30053
57300,355145,26516,170943,18892,328629,57836,27781,30055
57305,355176,26517,170956,18892,328659,57842,27785,30057
57310,355207,26518,170972,18892,328687,57848,27788,30060
57315,355238,26520,170987,18893,328716,57854,27790,30064
57320,355269,26522,171000,18894,328746,57860,27793,30067
57325,355300,26523,171017,18894,328776,57866,27797,30069
57330,355331,26526,171033,18896,328805,57872,27799,30073
57335,355362,26528,171050,18898,328834,57878,27802,30076
57340,355393,26530,171066,18900,328863,57884,27806,30078
57345,355424,26533,171081,18902,328889,57890,27808,30082
57350,355455,26535,171099,18904,328920,57896,27812,30084
57355,355486,26535,171112,18904,328951,57902,27815,30087
57360,355517,26535,171128,18904,328981,57908,27819,30089
57365,355548,26537,171142,18906,329011,57914,27822,30092
57370,355579,26539,171157,18906,329040,57920,27825,30095
57375,355610,26542,171174,18909,329068,57926,27829,30097
57380,355641,26545,171188,18911,329096,57932,27833,30099
57385,355672,26547,171198,18911,329125,57938,27835,30103
57390,355703,26550,171212,18914,329153,57944,27837,30107
57395,355734,26553,171224,18916,329181,57950,27839,30111
57400,355765,26556,171239,18918,329209,57956,27844,30112
57405,355796,26559,171251,18920,329236,57962,27846,30116
57410,355827,26564,171270,18923,329262,57968,27852,30116
57415,355858,26569,171288,18928,329288,57974,27855,30119
57420,355889,26573,171306,18932,329315,57980,27857,30123
57425,355920,26576,171321,18935,329344,57985,27858,30127
57430,355951,26579,171337,18938,329372,57990,27860,30130
57435,355982,26581,171353,18940,329401,57995,27863,30132
57440,356013,26583,171367,18941,329430,58000,27866,30134
57445,356044,26585,171384,18943,329459,58005,27868,30137
57450,356075,26587,171399,18944,329488,58010,27871,30139
57455,356106,26589,171415,18946,329517,58015,27874,30141
57460,356137,26590,171427,18946,329547,58020,27875,30145
57465,356168,26591,171441,18946,329577,58025,27877,30148
57470,356199,26593,171456,18947,329604,58030,27880,30150
57475,356230,26594,171469,18948,329635,58035,27881,30154
57480,356261,26596,171483,18949,329663,58040,27882,30158
57485,356292,26597,171495,18950,329694,58045,27884,30161
57490,356323,26598,171506,18951,329725,58050,27887,30163
57495,356354,26599,171518,18951,329754,58055,27889,30166
57500,356385,26600,171530,18952,329785,58060,27892,30168
57505,356416,26601,171547,18953,329814,58065,27896,30169
57510,356447,26602,171557,18953,329844,58070,27900,30170
57515,356478,26603,171575,18954,329873,58075,27903,30172
57520,356509,26604,171595,18954,329903,58080,27907,30173
57525,356540,26605,171612,18955,329935,58085,27910,30175
57530,356571,26608,171623,18957,329962,58091,27913,30178
57535,356602,26612,171640,18961,329990,58097,27918,30179
57540,356633,26614,171651,18962,330019,58103,27920,30183
57545,356664,26616,171663,18962,330048,58109,27924,30185
57550,356695,26620,171672,18965,330074,58115,27926,30189
57555,356726,26625,171688,18970,330099,58121,27929,30192
57560,356757,26630,171698,18973,330126,58127,27932,30195
57565,356788,26634,171714,18976,330154,58133,27937,30196
57570,356819,26638,171727,18979,330181,58139,27940,30199
57575,356850,26641,171743,18980,330208,58145,27944,30201
57580,356881,26647,171762,18985,330234,58151,27947,30204
57585,356912,26652,171781,18989,330258,58157,27950,30207
57590,356943,26657,171798,18993,330286,58163,27956,30207
57595,356974,26660,171812,18995,330314,58169,27958,30211
57600,357005,26663,171824,18997,330342,58175,27961,30214
57605,357036,26664,171840,18997,330372,58181,27964,30217
57610,357067,26665,171852,18998,330402,58187,27964,30223
57615,357098,26667,171868,18999,330431,58193,27966,30227
57620,357129,26668,171879,18999,330461,58199,27970,30229
57625,357160,26670,171893,19000,330490,58205,27972,30233
57630,357191,26672,171911,19001,330517,58211,27977,30234
57635,357222,26676,171926,19004,330546,58217,27981,30236
57640,357253,26678,171939,19005,330575,58223,27982,30241
57645,357284,26679,171951,19006,330605,58229,27983,30246
57650,357315,26681,171966,19007,330633,58235,27987,30248
57655,357346,26684,171980,19009,330661,58241,27991,30250
57660,357377,26686,171998,19011,330691,58247,27994,30253
57665,357408,26686,172010,19011,330722,58251,27995,30256
57670,357439,26686,172025,19011,330752,58255,27996,30259
57675,357470,26686,172038,19011,330784,58259,27997,30262
57680,357501,26686,172050,19011,330814,58263,27998,30265
57685,357532,26686,172059,19011,330844,58267,28000,30267
57690,357563,26686,172074,19011,330876,58271,28003,30268
57695,357594,26687,172089,19011,330907,58275,28005,30270
57700,357625,26689,172102,19012,330936,58279,28008,30271
57705,357656,26691,172119,19012,330963,58283,28010,30273
57710,357687,26696,172137,19016,330990,58287,28012,30275
57715,357718,26698,172146,19016,331020,58291,28013,30278
57720,357749,26700,172164,19018,331048,58295,28015,30280
57725,357780,26702,172181,19019,331077,58299,28017,30282
57730,357811,26705,172192,19021,331106,58303,28020,30283
57735,357842,26707,172205,19022,331135,58307,28023,30284
57740,357873,26711,172225,19025,331161,58311,28023,30288
57745,357904,26717,172241,19029,331186,58315,28024,30291
57750,357935,26723,172257,19034,331212,58319,28025,30294
57755,357966,26726,172269,19036,331240,58323,28028,30295
57760,357997,26730,172286,19039,331267,58327,28028,30299
57765,358028,26735,172303,19043,331292,58333,28032,30301
57770,358059,26743,172313,19050,331316,58339,28032,30307
57775,358090,26746,172324,19052,331344,58345,28035,30310
57780,358121,26748,172340,19054,331373,58351,28039,30312
57785,358152,26749,172353,19055,331403,58354,28040,30314
57790,358183,26751,172370,19057,331432,58357,28041,30316
57795,358214,26753,172380,19059,331461,58360,28041,30319
57800,358245,26754,172395,19060,331489,58363,28042,30321
57805,358276,26757,172407,19063,331519,58366,28045,30321
57810,358307,26759,172426,19064,331547,58369,28048,30321
57815,358338,26761,172437,19066,331576,58372,28048,30324
57820,358369,26763,172454,19068,331604,58375,28050,30325
57825,358400,26767,172473,19072,331631,58378,28051,30327
57830,358431,26768,172487,19073,331663,58381,28052,30329
57835,358462,26768,172495,19073,331694,58384,28053,30331
57840,358493,26768,172509,19073,331725,58387,28054,30333
57845,358524,26768,172517,19073,331756,58390,28056,30334
57850,358555,26768,172539,19073,331787,58393,28059,30334
57855,358586,26768,172553,19073,331818,58396,28061,30335
57860,358617,26768,172572,19073,331849,58399,28061,30338
57865,358648,26768,172589,19073,331880,58402,28063,30339
57870,358679,26768,172605,19073,331911,58405,28066,30339
57875,358710,26768,172615,19073,331942,58408,28068,30340
57880,358741,26769,172629,19073,331972,58411,28069,30342
57885,358772,26770,172641,19074,332001,58416,28070,30346
57890,358803,26773,172654,19077,332029,58422,28073,30349
57895,358834,26777,172672,19081,332055,58428,28075,30353
57900,358865,26780,172682,19083,332084,58434,28077,30357
57905,358896,26784,172701,19085,332110,58440,28080,30360
57910,358927,26788,172714,19088,332139,58446,28083,30363
57915,358958,26791,172728,19090,332166,58452,28084,30368
57920,358989,26795,172741,19094,332194,58458,28087,30371
57925,359020,26799,172756,19097,332221,58464,28090,30374
57930,359051,26804,172765,19100,332247,58470,28093,30377
57935,359082,26810,172781,19105,332272,58476,28094,30382
57940,359113,26812,172794,19106,332301,58482,28097,30385
57945,359144,26815,172809,19108,332329,58488,28100,30388
57950,359175,26820,172825,19111,332355,58494,28103,30391
57955,359206,26824,172845,19115,332382,58500,28106,30394
57960,359237,26828,172855,19118,332409,58506,28108,30398
57965,359268,26830,172871,19120,332438,58512,28111,30401
57970,359299,26831,172886,19121,332468,58518,28116,30402
57975,359330,26834,172900,19123,332496,58524,28118,30406
57980,359361,26836,172915,19124,332525,58530,28122,30408
57985,359392,26838,172928,19125,332553,58536,28123,30413
57990,359423,26840,172940,19126,332583,58542,28125,30417
57995,359454,26843,172959,19128,332610,58548,28130,30418
58000,359485,26845,172966,19129,332640,58554,28132,30422
58005,359516,26846,172980,19130,332669,58560,28133,30427
58010,359547,26846,173000,19130,332699,58566,28136,30430
58015,359578,26846,173015,19130,332731,58572,28141,30431
58020,359609,26846,173034,19130,332760,58578,28145,30433
58025,359640,26846,173048,19130,332794,58584,28149,30435
58030,359671,26846,173060,19130,332825,58590,28151,30439
58035,359702,26846,173081,19130,332856,58596,28155,30441
58040,359733,26846,173099,19130,332887,58602,28157,30445
58045,359764,26847,173112,19131,332917,58608,28161,30447
58050,359795,26848,173132,19131,332947,58614,28166,30448
58055,359826,26849,173142,19131,332977,58620,28166,30454
58060,359857,26850,173156,19131,333006,58626,28171,30455
58065,359888,26853,173167,19133,333035,58632,28174,30458
58070,359919,26855,173177,19133,333064,58638,28178,30460
58075,359950,26858,173196,19136,333089,58644,28183,30461
58080,359981,26862,173208,19138,333116,58650,28186,30464
58085,360012,26865,173222,19140,333145,58656,28187,30469
58090,360043,26869,173236,19143,333174,58662,28190,30472
58095,360074,26871,173251,19144,333203,58668,28194,30474
58100,360105,26873,173269,19145,333231,58674,28199,30475
58105,360136,26877,173283,19149,333257,58680,28200,30480
58110,360167,26883,173300,19155,333282,58686,28201,30485
58115,360198,26887,173311,19157,333311,58692,28203,30489
58120,360229,26889,173331,19158,333340,58698,28208,30490
58125,360260,26891,173343,19159,333369,58704,28210,30494
58130,360291,26893,173353,19160,333398,58710,28213,30497
58135,360322,26897,173373,19164,333424,58716,28217,30499
58140,360353,26902,173387,19168,333451,58722,28218,30504
58145,360384,26905,173405,19170,333479,58728,28224,30504
58150,360415,26908,173420,19173,333507,58734,28228,30506
58155,360446,26911,173433,19174,333535,58740,28232,30508
58160,360477,26915,173446,19176,333562,58746,28235,30511
58165,360508,26919,173464,19178,333589,58752,28240,30512
58170,360539,26924,173482,19181,333614,58758,28243,30515
58175,360570,26925,173497,19182,333645,58764,28247,30517
58180,360601,26927,173511,19184,333674,58770,28251,30519
58185,360632,26928,173526,19184,333704,58776,28256,30520
58190,360663,26931,173540,19186,333732,58782,28258,30524
58195,360694,26934,173560,19189,333760,58788,28260,30528
58200,360725,26937,173575,19192,333787,58794,28263,30531
58205,360756,26937,173590,19192,333819,58798,28264,30534
58210,360787,26937,173605,19192,333850,58802,28265,30537
58215,360818,26937,173621,19192,333880,58806,28267,30539
58220,360849,26938,173635,19192,333911,58810,28270,30540
58225,360880,26939,173647,19193,333940,58814,28270,30544
58230,360911,26941,173660,19194,333969,58818,28272,30546
58235,360942,26943,173677,19196,333998,58822,28275,30547
58240,360973,26944,173693,19197,334027,58826,28276,30550
58245,361004,26946,173703,19199,334057,58830,28277,30553
58250,361035,26948,173725,19201,334084,58834,28278,30556
58255,361066,26952,173741,19204,334112,58838,28280,30558
58260,361097,26956,173754,19207,334141,58842,28281,30561
58265,361128,26957,173768,19208,334170,58845,28281,30564
58270,361159,26959,173783,19209,334198,58848,28281,30567
58275,361190,26962,173796,19211,334227,58851,28282,30569
58280,361221,26964,173811,19212,334257,58854,28284,30570
58285,361252,26965,173824,19213,334287,58857,28284,30573
58290,361283,26966,173836,19213,334317,58860,28287,30573
58295,361314,26967,173856,19213,334347,58863,28290,30573
58300,361345,26968,173870,19213,334377,58866,28292,30574
58305,361376,26971,173885,19215,334405,58871,28295,30576
58310,361407,26974,173897,19217,334433,58876,28296,30580
58315,361438,26980,173910,19221,334458,58881,28296,30585
58320,361469,26985,173922,19225,334484,58886,28298,30588
58325,361500,26988,173937,19227,334512,58891,28300,30591
58330,361531,26991,173951,19229,334540,58896,28304,30592
58335,361562,26995,173968,19231,334567,58901,28308,30593
58340,361593,26999,173991,19234,334594,58906,28312,30594
58345,361624,27003,174004,19237,334621,58911,28314,30597
58350,361655,27006,174016,19238,334649,58916,28317,30599
58355,361686,27009,174028,19240,334677,58921,28319,30602
58360,361717,27011,174042,19240,334706,58926,28321,30605
58365,361748,27015,174055,19243,334732,58931,28322,30609
58370,361779,27018,174066,19244,334761,58937,28323,30614
58375,361810,27021,174082,19247,334788,58943,28326,30617
58380,361841,27021,174098,19247,334819,58949,28329,30620
58385,361872,27022,174115,19247,334849,58953,28331,30622
58390,361903,27023,174132,19248,334879,58957,28333,30624
58395,361934,27025,174151,19249,334908,58961,28336,30625
58400,361965,27026,174170,19250,334938,58965,28339,30626
58405,361996,27027,174185,19250,334967,58969,28341,30628
58410,362027,27029,174194,19251,334996,58973,28343,30630
58415,362058,27030,174214,19251,335026,58977,28345,30632
58420,362089,27032,174228,19253,335054,58981,28348,30633
58425,362120,27034,174244,19254,335083,58985,28350,30635
58430,362151,27036,174258,19256,335115,58989,28351,30638
58435,362182,27037,174271,19256,335144,58993,28352,30641
58440,362213,27039,174289,19258,335173,58997,28353,30644
58445,362244,27041,174302,19259,335203,59000,28354,30646
58450,362275,27042,174319,19259,335233,59003,28356,30647
58455,362306,27043,174334,19260,335262,59006,28357,30649
58460,362337,27046,174346,19262,335291,59009,28358,30651
58465,362368,27048,174356,19264,335320,59012,28359,30653
58470,362399,27050,174368,19265,335349,59015,28361,30654
58475,362430,27051,174382,19266,335378,59018,28363,30655
58480,362461,27053,174397,19267,335408,59021,28365,30656
58485,362492,27055,174407,19267,335437,59026,28368,30658
58490,362523,27058,174419,19270,335465,59031,28369,30662
58495,362554,27060,174436,19271,335494,59036,28373,30663
58500,362585,27063,174450,19273,335522,59041,28376,30665
58505,362616,27066,174463,19275,335550,59046,28378,30668
58510,362647,27069,174476,19278,335578,59051,28380,30671
58515,362678,27071,174489,19279,335607,59056,28383,30673
58520,362709,27074,174502,19280,335635,59061,28384,30677
58525,362740,27078,174516,19284,335662,59066,28387,30679
58530,362771,27081,174534,19286,335690,59071,28389,30682
58535,362802,27085,174549,19289,335717,59076,28391,30685
58540,362833,27092,174568,19295,335740,59081,28396,30685
58545,362864,27097,174589,19299,335766,59086,28400,30686
58550,362895,27100,174605,19302,335795,59092,28403,30689
58555,362926,27102,174624,19303,335824,59098,28408,30690
58560,362957,27105,174642,19306,335852,59104,28413,30691
58565,362988,27105,174657,19306,335883,59110,28417,30693
58570,363019,27105,174671,19306,335914,59116,28421,30695
58575,363050,27105,174683,19306,335945,59122,28424,30698
58580,363081,27105,174698,19306,335974,59128,28426,30702
58585,363112,27107,174712,19308,336005,59134,28430,30704
58590,363143,27108,174729,19309,336033,59140,28433,30707
58595,363174,27110,174740,19310,336063,59146,28434,30712
58600,363205,27112,174751,19312,336093,59152,28435,30717
58605,363236,27114,174767,19314,336121,59158,28439,30719
58610,363267,27117,174780,19316,336148,59164,28439,30725
58615,363298,27120,174793,19319,336176,59170,28441,30729
58620,363329,27122,174810,19321,336206,59176,28443,30733
58625,363360,27123,174826,19321,336237,59182,28447,30735
58630,363391,27124,174837,19321,336265,59188,28448,30740
58635,363422,27125,174850,19321,336297,59194,28452,30742
58640,363453,27126,174867,19321,336327,59200,28457,30743
58645,363484,27127,174886,19322,336357,59206,28460,30746
58650,363515,27128,174903,19323,336387,59212,28463,30749
58655,363546,27131,174922,19325,336415,59218,28466,30752
58660,363577,27134,174936,19328,336442,59224,28467,30757
58665,363608,27138,174951,19331,336469,59230,28470,30760
58670,363639,27143,174964,19334,336496,59236,28473,30763
58675,363670,27146,174983,19336,336524,59242,28476,30766
58680,363701,27148,174999,19338,336553,59248,28478,30770
58685,363732,27150,175014,19339,336582,59254,28482,30772
58690,363763,27152,175031,19340,336611,59260,28485,30775
58695,363794,27154,175045,19340,336639,59266,28489,30777
58700,363825,27156,175059,19341,336669,59272,28491,30781
58705,363856,27158,175073,19341,336697,59278,28494,30784
58710,363887,27160,175087,19343,336727,59284,28497,30787
58715,363918,27163,175101,19344,336755,59290,28501,30789
58720,363949,27166,175114,19345,336783,59296,28505,30791
58725,363980,27169,175122,19346,336810,59302,28509,30793
58730,364011,27173,175137,19349,336837,59308,28512,30796
58735,364042,27177,175157,19353,336864,59314,28517,30797
58740,364073,27180,175169,19354,336893,59320,28520,30800
58745,364104,27182,175178,19355,336922,59326,28523,30803
58750,364135,27186,175196,19359,336948,59332,28527,30805
58755,364166,27191,175208,19364,336975,59338,28528,30810
58760,364197,27198,175229,19371,336996,59344,28531,30813
58765,364228,27202,175243,19374,337024,59350,28531,30819
58770,364259,27202,175256,19374,337055,59356,28533,30823
58775,364290,27203,175270,19375,337084,59362,28535,30827
58780,364321,27206,175286,19378,337114,59368,28537,30831
58785,364352,27209,175301,19381,337141,59374,28540,30834
58790,364383,27212,175319,19383,337168,59380,28543,30837
58795,364414,27214,175334,19385,337199,59386,28546,30840
58800,364445,27217,175343,19388,337228,59392,28548,30844
58805,364476,27218,175357,19389,337257,59397,28551,30846
58810,364507,27220,175370,19390,337287,59402,28554,30848
58815,364538,27221,175385,19391,337316,59407,28556,30851
58820,364569,27223,175402,19392,337345,59412,28557,30855
58825,364600,27225,175420,19394,337374,59417,28560,30857
58830,364631,27226,175440,19395,337405,59422,28565,30857
58835,364662,27226,175458,19395,337436,59427,28567,30860
58840,364693,27226,175471,19395,337467,59432,28571,30861
58845,364724,27226,175487,19395,337498,59437,28572,30865
58850,364755,27226,175506,19395,337529,59442,28575,30867
58855,364786,27226,175521,19395,337560,59447,28578,30869
58860,364817,27226,175531,19395,337591,59452,28578,30874
58865,364848,27226,175545,19395,337622,59456,28582,30874
58870,364879,27227,175560,19396,337652,59460,28584,30876
58875,364910,27230,175576,19398,337680,59464,28588,30876
58880,364941,27232,175588,19399,337709,59468,28591,30877
58885,364972,27235,175605,19402,337737,59472,28593,30879
58890,365003,27237,175621,19403,337765,59476,28595,30881
58895,365034,27239,175633,19404,337794,59480,28595,30885
58900,365065,27243,175646,19406,337822,59484,28597,30887
58905,365096,27246,175666,19407,337850,59489,28600,30889
58910,365127,27249,175682,19409,337878,59494,28601,30893
58915,365158,27253,175693,19412,337905,59499,28602,30897
58920,365189,27257,175705,19415,337932,59504,28603,30901
58925,365220,27261,175721,19418,337958,59508,28604,30904
58930,365251,27266,175739,19423,337983,59512,28605,30907
58935,365282,27273,175752,19429,338006,59516,28606,30910
58940,365313,27277,175765,19432,338031,59520,28607,30913
58945,365344,27282,175783,19437,338060,59524,28610,30914
58950,365375,27287,175797,19440,338087,59528,28613,30915
58955,365406,27291,175810,19443,338114,59532,28615,30917
58960,365437,27293,175824,19444,338143,59536,28617,30919
58965,365468,27295,175838,19446,338172,59541,28618,30923
58970,365499,27297,175859,19447,338201,59546,28622,30924
58975,365530,27299,175878,19449,338230,59551,28626,30925
58980,365561,27301,175897,19451,338259,59556,28630,30926
58985,365592,27302,175909,19451,338289,59560,28631,30929
58990,365623,27305,175922,19454,338317,59564,28632,30932
58995,365654,27306,175941,19455,338348,59568,28636,30932
59000,365685,27306,175960,19455,338379,59572,28638,30934
59005,365716,27306,175979,19455,338410,59576,28640,30936
59010,365747,27306,175995,19455,338441,59580,28642,30938
59015,365778,27306,176010,19455,338472,59584,28643,30941
59020,365809,27306,176027,19455,338503,59588,28646,30942
59025,365840,27306,176042,19455,338534,59593,28647,30946
59030,365871,27306,176055,19455,338565,59598,28648,30950
59035,365902,27306,176072,19455,338596,59603,28650,30953
59040,365933,27307,176089,19456,338626,59608,28654,30954
59045,365964,27308,176104,19456,338656,59612,28655,30957
59050,365995,27309,176120,19457,338686,59616,28656,30960
59055,366026,27310,176128,19457,338716,59620,28657,30963
59060,366057,27311,176139,19457,338746,59624,28659,30965
59065,366088,27314,176149,19458,338774,59628,28661,30967
59070,366119,27316,176162,19458,338803,59632,28663,30969
59075,366150,27320,176177,19462,338830,59636,28664,30972
59080,366181,27323,176189,19463,338858,59640,28666,30974
59085,366212,27327,176204,19466,338885,59645,28670,30975
59090,366243,27330,176218,19468,338913,59650,28673,30977
59095,366274,27333,176233,19470,338940,59655,28675,30980
59100,366305,27339,176245,19474,338965,59660,28677,30983
59105,366336,27343,176262,19476,338992,59665,28679,30986
59110,366367,27348,176275,19479,339018,59670,28683,30987
59115,366398,27354,176292,19484,339042,59675,28686,30989
59120,366429,27360,176307,19489,339068,59680,28688,30992
59125,366460,27366,176322,19494,339093,59685,28689,30996
59130,366491,27369,176336,19495,339120,59690,28691,30999
59135,366522,27373,176350,19498,339147,59695,28692,31003
59140,366553,27376,176364,19499,339175,59700,28692,31008
59145,366584,27379,176379,19502,339204,59705,28696,31009
59150,366615,27383,176397,19506,339230,59711,28699,31012
59155,366646,27387,176410,19510,339258,59717,28702,31015
59160,366677,27390,176430,19513,339285,59723,28706,31017
59165,366708,27392,176443,19515,339316,59728,28707,31021
59170,366739,27392,176457,19515,339347,59733,28709,31024
59175,366770,27392,176468,19515,339378,59738,28712,31026
59180,366801,27392,176486,19515,339409,59743,28716,31027
59185,366832,27392,176500,19515,339440,59748,28720,31028
59190,366863,27392,176513,19515,339471,59753,28721,31032
59195,366894,27392,176533,19515,339502,59758,28725,31033
59200,366925,27392,176550,19515,339533,59763,28727,31036
59205,366956,27392,176568,19515,339564,59768,28727,31041
59210,366987,27392,176583,19515,339595,59773,28731,31042
59215,367018,27392,176591,19515,339626,59778,28732,31046
59220,367049,27392,176608,19515,339657,59783,28737,31046
59225,367080,27392,176620,19515,339688,59788,28740,31048
59230,367111,27392,176630,19515,339719,59793,28741,31052
59235,367142,27393,176644,19515,339749,59798,28743,31055
59240,367173,27394,176657,19516,339779,59803,28746,31057
59245,367204,27395,176669,19517,339809,59808,28750,31058
59250,367235,27396,176682,19517,339839,59813,28752,31061
59255,367266,27398,176698,19519,339868,59818,28755,31063
59260,367297,27403,176713,19523,339892,59823,28756,31067
59265,367328,27407,176728,19525,339918,59828,28759,31069
59270,367359,27417,176745,19534,339941,59834,28763,31071
59275,367390,27422,176755,19537,339966,59840,28767,31073
59280,367421,27428,176768,19541,339992,59846,28769,31077
59285,367452,27433,176787,19543,340016,59852,28772,31080
59290,367483,27440,176801,19548,340042,59858,28775,31083
59295,367514,27446,176821,19552,340066,59864,28779,31085
59300,367545,27449,176838,19554,340095,59870,28783,31087
59305,367576,27452,176852,19556,340124,59876,28785,31091
59310,367607,27454,176867,19556,340153,59882,28786,31096
59315,367638,27456,176883,19557,340182,59888,28791,31097
59320,367669,27458,176900,19559,340208,59894,28795,31099
59325,367700,27460,176914,19560,340240,59900,28799,31101
59330,367731,27462,176928,19561,340269,59906,28803,31103
59335,367762,27464,176943,19561,340298,59912,28808,31104
59340,367793,27466,176958,19562,340327,59918,28812,31106
59345,367824,27468,176975,19562,340355,59923,28814,31109
59350,367855,27471,176990,19563,340383,59928,28816,31112
59355,367886,27473,177008,19564,340413,59933,28818,31115
59360,367917,27474,177019,19564,340443,59938,28819,31119
59365,367948,27475,177034,19564,340473,59943,28821,31122
59370,367979,27476,177047,19564,340503,59948,28822,31126
59375,368010,27477,177066,19565,340533,59953,28825,31128
59380,368041,27479,177083,19567,340562,59958,28827,31131
59385,368072,27480,177093,19567,340592,59963,28828,31135
59390,368103,27482,177110,19569,340621,59968,28831,31137
59395,368134,27485,177131,19572,340649,59973,28834,31139
59400,368165,27487,177150,19573,340678,59978,28838,31140
59405,368196,27490,177168,19575,340706,59983,28842,31141
59410,368227,27494,177183,19578,340733,59988,28844,31144
59415,368258,27498,177202,19582,340760,59993,28847,31146
59420,368289,27499,177221,19583,340790,59998,28849,31149
59425,368320,27501,177229,19585,340819,60003,28851,31152
59430,368351,27503,177244,19587,340846,60008,28854,31154
59435,368382,27508,177263,19591,340873,60013,28857,31156
59440,368413,27511,177276,19593,340902,60018,28860,31158
59445,368444,27514,177297,19596,340927,60024,28863,31161
59450,368475,27516,177309,19598,340958,60030,28864,31166
59455,368506,27518,177326,19600,340987,60036,28867,31169
59460,368537,27520,177344,19601,341015,60042,28872,31170
59465,368568,27523,177359,19604,341044,60046,28875,31171
59470,368599,27525,177372,19605,341073,60050,28876,31174
59475,368630,27526,177384,19605,341103,60054,28876,31178
59480,368661,27528,177396,19607,341133,60058,28878,31180
59485,368692,27529,177415,19608,341163,60062,28881,31181
59490,368723,27530,177430,19609,341193,60066,28883,31183
59495,368754,27531,177444,19610,341222,60070,28885,31185
59500,368785,27533,177457,19611,341252,60074,28887,31187
59505,368816,27534,177469,19611,341280,60078,28888,31190
59510,368847,27536,177484,19613,341310,60082,28889,31193
59515,368878,27538,177497,19614,341339,60086,28891,31195
59520,368909,27540,177514,19616,341367,60090,28891,31199
59525,368940,27543,177527,19617,341397,60094,28892,31202
59530,368971,27546,177541,19618,341424,60098,28893,31205
59535,369002,27549,177554,19620,341452,60102,28894,31208
59540,369033,27552,177568,19621,341481,60106,28896,31210
59545,369064,27554,177585,19622,341510,60110,28899,31211
59550,369095,27557,177603,19625,341538,60114,28902,31212
59555,369126,27560,177618,19627,341566,60118,28904,31214
59560,369157,27565,177636,19632,341592,60122,28905,31217
59565,369188,27569,177646,19635,341619,60128,28908,31220
59570,369219,27575,177660,19641,341644,60134,28912,31222
59575,369250,27578,177674,19644,341672,60140,28915,31225
59580,369281,27582,177694,19647,341699,60146,28920,31226
59585,369312,27586,177708,19650,341726,60151,28922,31229
59590,369343,27588,177721,19651,341755,60156,28926,31230
59595,369374,27590,177738,19652,341784,60161,28929,31232
59600,369405,27592,177755,19654,341813,60166,28933,31233
59605,369436,27594,177775,19655,341842,60171,28934,31237
59610,369467,27596,177789,19656,341871,60176,28936,31240
59615,369498,27598,177805,19658,341900,60181,28938,31243
59620,369529,27600,177816,19659,341929,60186,28940,31246
59625,369560,27602,177827,19660,341958,60191,28944,31247
59630,369591,27603,177844,19661,341988,60196,28946,31250
59635,369622,27604,177859,19662,342017,60201,28948,31253
59640,369653,27604,177872,19662,342048,60206,28949,31257
59645,369684,27604,177887,19662,342080,60210,28951,31259
59650,369715,27604,177902,19662,342111,60214,28954,31260
59655,369746,27604,177913,19662,342142,60218,28956,31262
59660,369777,27604,177930,19662,342173,60222,28958,31264
59665,369808,27604,177944,19662,342203,60226,28959,31267
59670,369839,27605,177957,19663,342232,60230,28960,31270
59675,369870,27607,177973,19664,342262,60234,28962,31272
59680,369901,27608,177986,19664,342289,60238,28965,31273
59685,369932,27611,178003,19666,342318,60243,28969,31274
59690,369963,27614,178022,19669,342346,60248,28972,31276
59695,369994,27618,178035,19671,342374,60253,28973,31280
59700,370025,27623,178052,19674,342397,60258,28976,31282
59705,370056,27628,178067,19678,342426,60263,28977,31286
59710,370087,27634,178081,19683,342453,60268,28980,31288
59715,370118,27639,178095,19688,342479,60273,28982,31291
59720,370149,27642,178108,19691,342507,60278,28983,31295
59725,370180,27646,178124,19694,342534,60283,28984,31299
59730,370211,27647,178138,19694,342564,60288,28986,31302
59735,370242,27649,178155,19695,342592,60293,28989,31304
59740,370273,27652,178175,19697,342621,60298,28993,31305
59745,370304,27654,178196,19699,342650,60303,28995,31308
59750,370335,27657,178214,19702,342677,60309,28998,31311
59755,370366,27659,178229,19704,342707,60315,29001,31314
59760,370397,27660,178244,19705,342737,60321,29006,31315
59765,370428,27661,178258,19705,342767,60327,29010,31317
59770,370459,27662,178270,19705,342797,60333,29014,31319
59775,370490,27663,178285,19706,342827,60339,29018,31321
59780,370521,27664,178303,19706,342857,60345,29021,31324
59785,370552,27665,178317,19706,342887,60351,29025,31326
59790,370583,27666,178333,19706,342917,60357,29027,31330
59795,370614,27668,178352,19708,342946,60363,29029,31334
59800,370645,27669,178369,19708,342976,60369,29033,31336
59805,370676,27672,178380,19710,343004,60375,29036,31339
59810,370707,27674,178393,19712,343033,60381,29039,31342
59815,370738,27676,178408,19714,343062,60387,29039,31348
59820,370769,27677,178423,19714,343091,60393,29042,31351
59825,370800,27679,178433,19715,343120,60399,29044,31355
59830,370831,27681,178449,19716,343150,60405,29048,31357
59835,370862,27683,178458,19717,343179,60411,29049,31362
59840,370893,27686,178471,19719,343206,60417,29051,31366
59845,370924,27692,178490,19725,343232,60423,29053,31370
59850,370955,27693,178501,19725,343262,60429,29055,31374
59855,370986,27694,178514,19725,343291,60435,29058,31377
59860,371017,27697,178529,19727,343319,60441,29060,31381
59865,371048,27700,178545,19729,343346,60447,29065,31382
59870,371079,27703,178556,19731,343376,60453,29068,31385
59875,371110,27705,178570,19732,343402,60459,29069,31390
59880,371141,27709,178588,19734,343428,60465,29075,31390
59885,371172,27713,178607,19738,343458,60471,29078,31393
59890,371203,27717,178623,19741,343485,60477,29082,31395
59895,371234,27721,178637,19744,343513,60483,29084,31399
59900,371265,27726,178653,19748,343539,60489,29087,31402
59905,371296,27729,178663,19749,343567,60495,29089,31406
59910,371327,27732,178680,19752,343595,60501,29092,31409
59915,371358,27733,178697,19753,343625,60507,29093,31414
59920,371389,27735,178710,19755,343654,60513,29096,31417
59925,371420,27736,178724,19755,343683,60519,29099,31420
59930,371451,27739,178739,19757,343712,60525,29101,31424
59935,371482,27740,178755,19758,343741,60531,29106,31425
59940,371513,27742,178771,19760,343769,60537,29108,31429
59945,371544,27745,178791,19763,343797,60542,29111,31431
59950,371575,27747,178807,19765,343828,60547,29114,31433
59955,371606,27748,178821,19765,343858,60552,29117,31435
59960,371637,27749,178835,19765,343888,60557,29120,31437
59965,371668,27750,178848,19766,343918,60562,29123,31439
59970,371699,27751,178862,19766,343948,60567,29124,31443
59975,371730,27753,178880,19767,343977,60572,29127,31445
59980,371761,27755,178893,19769,344006,60577,29128,31449
59985,371792,27757,178909,19771,344035,60582,29132,31450
59990,371823,27760,178924,19773,344063,60587,29134,31453
59995,371854,27762,178938,19774,344092,60592,29138,31454
60000,371885,27764,178950,19776,344120,60597,29140,31457
60005,371916,27768,178964,19780,344147,60601,29142,31459
60010,371947,27771,178977,19782,344175,60605,29143,31462
60015,371978,27773,178993,19783,344204,60609,29144,31465
60020,372009,27775,179012,19784,344234,60613,29147,31466
60025,372040,27776,179028,19785,344264,60617,29150,31467
60030,372071,27777,179041,19786,344294,60621,29153,31468
60035,372102,27779,179054,19788,344323,60625,29154,31471
60040,372133,27780,179067,19789,344352,60629,29155,31474
60045,372164,27781,179084,19789,344382,60634,29159,31475
60050,372195,27782,179096,19790,344413,60639,29160,31479
60055,372226,27784,179112,19792,344441,60644,29162,31482
60060,372257,27789,179126,19796,344466,60649,29165,31484
60065,372288,27794,179143,19800,344490,60653,29166,31487
60070,372319,27799,179162,19804,344519,60657,29168,31489
60075,372350,27804,179177,19808,344545,60661,29170,31491
60080,372381,27808,179196,19811,344571,60665,29173,31492
60085,372412,27814,179213,19817,344596,60669,29175,31494
60090,372443,27817,179225,19819,344626,60673,29178,31495
60095,372474,27819,179240,19820,344655,60677,29180,31497
60100,372505,27822,179256,19822,344683,60681,29182,31499
60105,372536,27824,179273,19824,344712,60686,29185,31501
60110,372567,27824,179288,19824,344743,60691,29188,31503
60115,372598,27824,179305,19824,344774,60696,29191,31505
60120,372629,27824,179318,19824,344805,60701,29195,31506
60125,372660,27825,179334,19825,344835,60704,29196,31508
60130,372691,27827,179346,19826,344864,60707,29196,31511
60135,372722,27829,179364,19827,344893,60710,29197,31513
60140,372753,27830,179380,19827,344923,60713,29197,31516
60145,372784,27831,179393,19827,344953,60716,29198,31518
60150,372815,27832,179413,19828,344983,60719,29201,31518
60155,372846,27833,179432,19829,345011,60722,29203,31519
60160,372877,27836,179442,19832,345040,60725,29204,31521
60165,372908,27838,179453,19833,345070,60729,29205,31524
60170,372939,27840,179469,19834,345097,60733,29208,31525
60175,372970,27844,179483,19837,345126,60737,29210,31527
60180,373001,27847,179498,19839,345152,60741,29212,31529
60185,373032,27848,179515,19840,345183,60745,29214,31531
60190,373063,27848,179530,19840,345214,60749,29215,31534
60195,373094,27849,179543,19840,345245,60753,29217,31536
60200,373125,27851,179563,19841,345274,60757,29219,31538
60205,373156,27853,179581,19843,345303,60761,29222,31539
60210,373187,27855,179598,19845,345332,60765,29224,31541
60215,373218,27856,179611,19845,345362,60769,29225,31544
60220,373249,27859,179625,19848,345389,60773,29226,31547
60225,373280,27862,179637,19850,345416,60778,29228,31550
60230,373311,27867,179652,19855,345443,60784,29229,31555
60235,373342,27871,179667,19858,345468,60790,29231,31559
60240,373373,27877,179684,19864,345496,60796,29236,31560
60245,373404,27880,179694,19867,345524,60801,29237,31564
60250,373435,27882,179713,19868,345552,60806,29241,31565
60255,373466,27884,179728,19869,345582,60811,29244,31567
60260,373497,27885,179745,19870,345611,60816,29246,31570
60265,373528,27887,179764,19872,345640,60821,29248,31573
60270,373559,27888,179777,19873,345671,60826,29248,31578
60275,373590,27889,179794,19874,345700,60831,29251,31580
60280,373621,27891,179809,19875,345729,60836,29256,31580
60285,373652,27893,179828,19876,345758,60841,29258,31583
60290,373683,27895,179844,19878,345788,60846,29261,31585
60295,373714,27900,179858,19881,345814,60851,29263,31588
60300,373745,27905,179874,19885,345840,60856,29266,31590
60305,373776,27906,179887,19886,345870,60861,29269,31592
60310,373807,27908,179901,19887,345899,60866,29272,31594
60315,373838,27910,179922,19889,345928,60871,29276,31595
60320,373869,27912,179934,19890,345957,60876,29276,31600
60325,373900,27914,179951,19891,345986,60881,29279,31602
60330,373931,27916,179964,19893,346015,60886,29280,31606
60335,373962,27917,179980,19893,346045,60891,29283,31608
60340,373993,27919,179992,19895,346074,60896,29286,31610
60345,374024,27920,180010,19895,346102,60901,29289,31612
60350,374055,27925,180023,19899,346129,60907,29291,31616
60355,374086,27925,180039,19899,346160,60913,29295,31618
60360,374117,27927,180053,19901,346187,60919,29298,31621
60365,374148,27930,180068,19903,346216,60925,29302,31623
60370,374179,27933,180083,19905,346246,60931,29305,31626
60375,374210,27935,180101,19907,346274,60937,29309,31628
60380,374241,27938,180117,19910,346302,60943,29312,31631
60385,374272,27940,180125,19911,346332,60949,29313,31636
60390,374303,27942,180143,19912,346360,60955,29317,31638
60395,374334,27946,180161,19916,346387,60961,29318,31643
60400,374365,27948,180173,19917,346416,60967,29319,31648
60405,374396,27948,180190,19917,346448,60973,29322,31651
60410,374427,27950,180204,19919,346477,60979,29325,31654
60415,374458,27951,180216,19919,346507,60985,29328,31657
60420,374489,27953,180232,19920,346536,60991,29330,31661
60425,374520,27954,180245,19920,346566,60997,29332,31665
60430,374551,27955,180261,19920,346596,61003,29335,31668
60435,374582,27956,180274,19920,346624,61009,29338,31671
60440,374613,27957,180294,19920,346655,61015,29339,31676
60445,374644,27958,180312,19921,346685,61021,29341,31680
60450,374675,27959,180323,19922,346716,61027,29343,31684
60455,374706,27960,180343,19923,346746,61033,29349,31684
60460,374737,27962,180356,19924,346774,61039,29351,31688
60465,374768,27964,180372,19924,346804,61045,29354,31691
60470,374799,27966,180386,19926,346833,61051,29358,31693
60475,374830,27969,180392,19928,346861,61057,29358,31699
60480,374861,27973,180411,19931,346887,61063,29362,31701
60485,374892,27977,180423,19934,346914,61068,29362,31706
60490,374923,27982,180437,19937,346940,61073,29364,31709
60495,374954,27986,180450,19941,346966,61078,29366,31712
60500,374985,27990,180468,19944,346994,61083,29369,31714
60505,375016,27992,180485,19946,347024,61088,29373,31715
60510,375047,27995,180499,19948,347051,61093,29375,31718
60515,375078,28001,180518,19953,347075,61098,29377,31721
60520,375109,28005,180534,19956,347102,61103,29378,31725
60525,375140,28010,180551,19960,347128,61108,29381,31727
60530,375171,28018,180566,19967,347152,61113,29382,31731
60535,375202,28023,180578,19971,347177,61118,29382,31736
60540,375233,28028,180590,19975,347204,61123,29385,31738
60545,375264,28029,180608,19976,347235,61127,29386,31741
60550,375295,28029,180626,19976,347266,61131,29388,31743
60555,375326,28029,180636,19976,347297,61135,29390,31745
60560,375357,28029,180652,19976,347328,61139,29392,31747
60565,375388,28029,180670,19976,347359,61143,29394,31749
60570,375419,28029,180681,19976,347390,61147,29394,31753
60575,375450,28029,180692,19976,347420,61151,29396,31755
60580,375481,28029,180703,19976,347451,61155,29397,31758
60585,375512,28029,180721,19976,347483,61160,29401,31759
60590,375543,28029,180734,19976,347514,61165,29402,31763
60595,375574,28029,180748,19976,347545,61170,29404,31766
60600,375605,28029,180760,19976,347576,61175,29405,31770
60605,375636,28029,180772,19976,347607,61180,29407,31773
60610,375667,28029,180784,19976,347638,61185,29411,31774
60615,375698,28030,180792,19976,347668,61190,29412,31778
60620,375729,28032,180809,19978,347695,61195,29414,31781
60625,375760,28033,180822,19979,347726,61200,29415,31785
60630,375791,28036,180836,19982,347755,61205,29416,31789
60635,375822,28039,180851,19985,347783,61210,29419,31791
60640,375853,28042,180863,19987,347811,61215,29420,31795
60645,375884,28043,180879,19988,347841,61221,29425,31796
60650,375915,28048,180891,19992,347866,61227,29426,31801
60655,375946,28054,180908,19998,347891,61233,29430,31803
60660,375977,28060,180921,20003,347917,61239,29433,31806
60665,376008,28065,180934,20005,347943,61244,29434,31810
60670,376039,28070,180950,20010,347969,61249,29438,31811
60675,376070,28074,180961,20012,347996,61254,29439,31815
60680,376101,28077,180970,20013,348024,61259,29441,31818
60685,376132,28081,180988,20016,348050,61264,29443,31821
60690,376163,28084,181005,20018,348079,61269,29447,31822
60695,376194,28086,181015,20019,348108,61274,29447,31827
60700,376225,28089,181033,20021,348136,61279,29451,31828
60705,376256,28092,181051,20023,348162,61284,29452,31832
60710,376287,28097,181069,20028,348188,61289,29454,31835
60715,376318,28101,181081,20031,348217,61294,29457,31837
60720,376349,28106,181096,20035,348242,61299,29459,31840
60725,376380,28108,181114,20037,348270,61303,29461,31842
60730,376411,28110,181126,20038,348299,61307,29464,31843
60735,376442,28110,181141,20038,348332,61311,29466,31845
60740,376473,28110,181152,20038,348363,61315,29467,31848
60745,376504,28110,181172,20038,348393,61319,29470,31849
60750,376535,28110,181187,20038,348425,61323,29473,31850
60755,376566,28110,181204,20038,348456,61327,29475,31852
60760,376597,28110,181219,20038,348486,61331,29476,31855
60765,376628,28110,181234,20038,348517,61336,29477,31859
60770,376659,28110,181249,20038,348549,61341,29479,31862
60775,376690,28110,181263,20038,348580,61346,29481,31865
60780,376721,28110,181278,20038,348611,61351,29481,31870
60785,376752,28111,181292,20039,348641,61356,29482,31874
60790,376783,28112,181306,20040,348671,61361,29484,31877
60795,376814,28113,181321,20040,348701,61366,29486,31880
60800,376845,28114,181339,20040,348730,61371,29489,31882
60805,376876,28115,181355,20041,348759,61376,29490,31886
60810,376907,28116,181372,20042,348788,61381,29492,31889
60815,376938,28117,181385,20042,348820,61386,29494,31892
60820,376969,28118,181400,20042,348850,61391,29497,31894
60825,377000,28120,181411,20043,348879,61397,29499,31898
60830,377031,28122,181425,20045,348907,61403,29503,31900
60835,377062,28125,181436,20046,348936,61409,29505,31904
60840,377093,28134,181453,20053,348957,61415,29508,31907
60845,377124,28144,181468,20061,348978,61420,29510,31910
60850,377155,28152,181482,20066,349002,61425,29513,31912
60855,377186,28157,181496,20069,349027,61430,29516,31914
60860,377217,28164,181513,20075,349051,61435,29519,31916
60865,377248,28168,181530,20079,349079,61440,29521,31919
60870,377279,28173,181546,20083,349106,61445,29524,31921
60875,377310,28175,181558,20084,349134,61450,29525,31925
60880,377341,28177,181568,20085,349164,61455,29528,31927
60885,377372,28178,181583,20085,349194,61460,29531,31929
60890,377403,28180,181599,20086,349223,61465,29534,31931
60895,377434,28181,181608,20086,349253,61470,29537,31933
60900,377465,28183,181627,20088,349281,61475,29539,31936
60905,377496,28185,181643,20090,349311,61480,29542,31938
60910,377527,28185,181660,20090,349342,61485,29545,31940
60915,377558,28185,181679,20090,349373,61490,29549,31941
60920,377589,28185,181695,20090,349404,61495,29552,31943
60925,377620,28185,181708,20090,349435,61500,29555,31945
60930,377651,28185,181720,20090,349466,61505,29556,31949
60935,377682,28185,181736,20090,349497,61510,29559,31951
60940,377713,28185,181752,20090,349527,61515,29562,31953
60945,377744,28185,181770,20090,349558,61520,29566,31954
60950,377775,28185,181784,20090,349590,61526,29569,31957
60955,377806,28185,181798,20090,349621,61532,29574,31958
60960,377837,28185,181814,20090,349652,61538,29578,31960
60965,377868,28185,181832,20090,349683,61544,29580,31964
60970,377899,28186,181847,20091,349712,61550,29583,31967
60975,377930,28188,181860,20092,349740,61556,29584,31972
60980,377961,28190,181869,20093,349770,61562,29587,31975
60985,377992,28193,181882,20094,349798,61568,29588,31980
60990,378023,28197,181899,20097,349825,61574,29592,31982
60995,378054,28199,181913,20099,349855,61580,29593,31987
61000,378085,28201,181925,20099,349884,61586,29595,31991
61005,378116,28204,181935,20101,349912,61592,29599,31993
61010,378147,28207,181952,20103,349940,61598,29603,31995
61015,378178,28212,181966,20105,349966,61604,29606,31998
61020,378209,28217,181985,20108,349990,61610,29611,31999
61025,378240,28223,182002,20112,350015,61614,29614,32000
61030,378271,28230,182018,20118,350040,61618,29616,32002
61035,378302,28235,182035,20120,350067,61622,29619,32003
61040,378333,28240,182049,20124,350092,61626,29622,32004
61045,378364,28243,182061,20125,350121,61630,29623,32007
61050,378395,28245,182077,20125,350149,61634,29626,32008
61055,378426,28248,182091,20128,350178,61638,29629,32009
61060,378457,28250,182104,20128,350206,61642,29632,32010
61065,378488,28256,182121,20133,350232,61646,29633,32013
61070,378519,28260,182138,20137,350259,61650,29635,32015
61075,378550,28264,182155,20141,350286,61654,29635,32019
61080,378581,28268,182172,20144,350313,61658,29639,32019
61085,378612,28270,182188,20146,350342,61661,29641,32020
61090,378643,28271,182202,20147,350372,61664,29644,32020
61095,378674,28274,182221,20149,350399,61667,29647,32020
61100,378705,28277,182240,20152,350428,61670,29650,32020
61105,378736,28277,182257,20152,350458,61673,29650,32023
61110,378767,28277,182268,20152,350490,61676,29651,32025
61115,378798,28277,182283,20152,350521,61679,29652,32027
61120,378829,28277,182296,20152,350551,61682,29652,32030
61125,378860,28277,182313,20152,350583,61686,29655,32031
61130,378891,28277,182330,20152,350614,61691,29657,32034
61135,378922,28277,182344,20152,350645,61696,29660,32036
61140,378953,28277,182360,20152,350675,61701,29662,32039
61145,378984,28277,182368,20152,350707,61706,29664,32042
61150,379015,28277,182382,20152,350738,61711,29665,32046
61155,379046,28278,182398,20152,350768,61716,29668,32048
61160,379077,28279,182414,20152,350798,61721,29672,32049
61165,379108,28281,182431,20154,350827,61726,29676,32050
61170,379139,28283,182443,20155,350856,61731,29677,32054
61175,379170,28284,182458,20155,350885,61736,29680,32056
61180,379201,28285,182473,20155,350916,61741,29683,32058
61185,379232,28286,182486,20155,350946,61747,29687,32060
61190,379263,28289,182496,20156,350973,61753,29690,32063
61195,379294,28294,182513,20160,351000,61759,29695,32064
61200,379325,28296,182523,20160,351027,61765,29697,32068
61205,379356,28301,182534,20164,351053,61771,29699,32072
61210,379387,28308,182549,20170,351078,61777,29701,32076
61215,379418,28311,182562,20171,351106,61783,29705,32078
61220,379449,28315,182582,20174,351134,61789,29709,32080
61225,379480,28317,182598,20176,351163,61795,29712,32083
61230,379511,28319,182613,20176,351191,61801,29716,32085
61235,379542,28323,182623,20179,351219,61807,29718,32089
61240,379573,28326,182636,20181,351246,61813,29719,32094
61245,379604,28330,182653,20184,351273,61819,29722,32097
61250,379635,28335,182665,20187,351300,61825,29726,32099
61255,379666,28340,182679,20191,351325,61831,29728,32103
61260,379697,28347,182699,20198,351348,61837,29731,32106
61265,379728,28350,182714,20200,351377,61842,29733,32109
61270,379759,28353,182727,20202,351406,61847,29735,32112
61275,379790,28353,182740,20202,351437,61852,29737,32115
61280,379821,28353,182752,20202,351468,61857,29740,32117
61285,379852,28353,182768,20202,351499,61862,29743,32119
61290,379883,28353,182785,20202,351529,61867,29745,32122
61295,379914,28353,182804,20202,351561,61872,29749,32123
61300,379945,28353,182820,20202,351592,61877,29751,32126
61305,379976,28353,182832,20202,351623,61882,29753,32129
61310,380007,28353,182851,20202,351654,61887,29756,32131
61315,380038,28353,182860,20202,351685,61892,29756,32136
61320,380069,28354,182875,20203,351715,61897,29761,32136
61325,380100,28355,182897,20204,351745,61902,29765,32137
61330,380131,28356,182917,20205,351775,61907,29769,32138
61335,380162,28357,182930,20206,351805,61912,29771,32141
61340,380193,28359,182943,20208,351834,61917,29775,32142
61345,380224,28360,182959,20209,351864,61922,29778,32144
61350,380255,28361,182980,20210,351894,61927,29780,32147
61355,380286,28363,182995,20211,351922,61932,29782,32150
61360,380317,28366,183008,20213,351951,61937,29783,32154
61365,380348,28369,183026,20215,351979,61943,29785,32158
61370,380379,28374,183044,20218,352003,61949,29789,32160
61375,380410,28381,183059,20224,352028,61955,29791,32164
61380,380441,28388,183076,20228,352052,61961,29795,32166
61385,380472,28395,183090,20233,352075,61965,29796,32169
61390,380503,28398,183105,20235,352103,61969,29799,32170
61395,380534,28402,183124,20238,352128,61973,29801,32172
61400,380565,28407,183139,20242,352158,61977,29803,32174
61405,380596,28411,183154,20244,352183,61981,29806,32175
61410,380627,28415,183169,20247,352212,61985,29809,32176
61415,380658,28417,183183,20248,352241,61989,29811,32178
61420,380689,28419,183196,20249,352270,61993,29812,32181
61425,380720,28421,183205,20250,352299,61997,29815,32182
61430,380751,28421,183215,20250,352329,62001,29816,32185
61435,380782,28421,183229,20250,352361,62005,29818,32187
61440,380813,28421,183244,20250,352391,62009,29819,32190
61445,380844,28421,183256,20250,352422,62013,29820,32193
61450,380875,28421,183274,20250,352453,62017,29822,32195
61455,380906,28421,183290,20250,352484,62021,29823,32198
61460,380937,28421,183307,20250,352516,62025,29826,32199
61465,380968,28421,183317,20250,352547,62029,29829,32200
61470,380999,28421,183332,20250,352578,62033,29831,32202
61475,381030,28421,183348,20250,352609,62037,29833,32204
61480,381061,28421,183365,20250,352640,62041,29834,32207
61485,381092,28421,183379,20250,352671,62046,29837,32209
61490,381123,28421,183393,20250,352702,62052,29841,32211
61495,381154,28422,183406,20251,352732,62058,29844,32214
61500,381185,28423,183419,20251,352762,62064,29846,32218
61505,381216,28424,183432,20251,352792,62070,29850,32220
61510,381247,28425,183448,20252,352821,62076,29854,32222
61515,381278,28428,183463,20255,352850,62082,29858,32224
61520,381309,28430,183482,20256,352878,62088,29861,32227
61525,381340,28433,183499,20258,352906,62094,29863,32231
61530,381371,28437,183518,20261,352933,62100,29867,32233
61535,381402,28441,183537,20264,352960,62106,29870,32236
61540,381433,28446,183559,20269,352987,62112,29874,32238
61545,381464,28450,183576,20272,353012,62118,29878,32240
61550,381495,28454,183592,20275,353039,62124,29880,32244
61555,381526,28458,183607,20277,353067,62130,29883,32247
61560,381557,28461,183625,20279,353095,62136,29886,32250
61565,381588,28467,183641,20283,353121,62141,29889,32252
61570,381619,28471,183664,20287,353147,62146,29893,32253
61575,381650,28477,183678,20293,353173,62151,29897,32254
61580,381681,28483,183699,20298,353197,62156,29900,32256
61585,381712,28489,183710,20302,353223,62161,29902,32259
61590,381743,28492,183730,20303,353250,62166,29905,32261
61595,381774,28496,183748,20306,353278,62171,29906,32265
61600,381805,28497,183766,20306,353308,62176,29908,32268
61605,381836,28499,183779,20307,353337,62181,29911,32270
61610,381867,28501,183792,20308,353366,62186,29912,32274
61615,381898,28504,183808,20311,353394,62191,29913,32278
61620,381929,28506,183821,20312,353423,62196,29914,32282
61625,381960,28508,183838,20313,353450,62200,29915,32285
61630,381991,28510,183854,20315,353481,62204,29917,32287
61635,382022,28513,183873,20318,353508,62208,29920,32288
61640,382053,28515,183893,20320,353536,62212,29923,32289
61645,382084,28515,183907,20320,353569,62216,29926,32290
61650,382115,28515,183918,20320,353600,62220,29928,32292
61655,382146,28515,183934,20320,353631,62224,29929,32295
61660,382177,28515,183947,20320,353662,62228,29931,32297
61665,382208,28515,183965,20320,353693,62233,29934,32299
61670,382239,28515,183977,20320,353723,62238,29935,32303
61675,382270,28515,183993,20320,353755,62243,29937,32306
61680,382301,28515,184005,20320,353786,62248,29938,32310
61685,382332,28515,184017,20320,353817,62253,29939,32314
61690,382363,28516,184035,20320,353847,62258,29942,32316
61695,382394,28517,184048,20320,353877,62263,29945,32318
61700,382425,28518,184061,20320,353906,62268,29948,32320
61705,382456,28519,184078,20321,353936,62273,29951,32322
61710,382487,28521,184098,20322,353964,62278,29954,32324
61715,382518,28524,184113,20323,353993,62283,29958,32325
61720,382549,28526,184130,20324,354022,62288,29961,32327
61725,382580,28528,184144,20325,354052,62294,29964,32330
61730,382611,28530,184162,20325,354081,62300,29968,32332
61735,382642,28532,184175,20327,354110,62306,29970,32336
61740,382673,28534,184191,20328,354139,62312,29973,32339
61745,382704,28536,184207,20329,354168,62318,29976,32342
61750,382735,28538,184221,20330,354196,62324,29978,32346
61755,382766,28544,184240,20334,354222,62330,29981,32349
61760,382797,28549,184258,20338,354246,62336,29983,32353
61765,382828,28555,184275,20344,354272,62342,29987,32355
61770,382859,28561,184290,20349,354298,62348,29989,32359
61775,382890,28568,184304,20354,354321,62354,29991,32363
61780,382921,28575,184322,20360,354343,62360,29993,32367
61785,382952,28584,184340,20369,354368,62366,29997,32369
61790,382983,28589,184359,20374,354393,62372,29999,32373
61795,383014,28593,184371,20377,354420,62378,30001,32377
61800,383045,28594,184386,20378,354450,62384,30004,32380
61805,383076,28596,184401,20379,354480,62389,30006,32383
61810,383107,28598,184418,20380,354509,62394,30008,32386
61815,383138,28600,184435,20381,354538,62399,30010,32389
61820,383169,28601,184453,20381,354568,62404,30014,32390
61825,383200,28604,184465,20383,354596,62409,30017,32392
61830,383231,28606,184481,20384,354625,62414,30019,32395
61835,383262,28606,184493,20384,354656,62419,30021,32398
61840,383293,28606,184508,20384,354686,62424,30025,32399
61845,383324,28606,184524,20384,354716,62429,30029,32400
61850,383355,28606,184544,20384,354748,62434,30032,32402
61855,383386,28606,184554,20384,354780,62439,30035,32404
61860,383417,28606,184568,20384,354811,62444,30038,32406
61865,383448,28606,184588,20384,354841,62448,30040,32408
61870,383479,28606,184600,20384,354873,62452,30044,32408
61875,383510,28606,184616,20384,354904,62456,30048,32408
61880,383541,28606,184633,20384,354935,62460,30051,32409
61885,383572,28606,184648,20384,354966,62464,30054,32410
61890,383603,28607,184662,20385,354996,62468,30054,32414
61895,383634,28608,184680,20385,355026,62472,30056,32416
61900,383665,28610,184700,20385,355053,62476,30059,32417
61905,383696,28613,184716,20386,355082,62481,30062,32419
61910,383727,28616,184729,20388,355107,62486,30062,32424
61915,383758,28621,184745,20392,355136,62491,30066,32425
61920,383789,28625,184762,20395,355160,62496,30070,32426
61925,383820,28630,184776,20399,355189,62501,30073,32428
61930,383851,28633,184788,20402,355218,62506,30078,32428
61935,383882,28635,184802,20403,355246,62511,30080,32431
61940,383913,28640,184813,20405,355272,62516,30080,32436
61945,383944,28646,184828,20410,355298,62521,30081,32440
61950,383975,28649,184842,20412,355326,62526,30083,32443
61955,384006,28653,184857,20415,355353,62531,30086,32445
61960,384037,28656,184869,20416,355381,62536,30089,32447
61965,384068,28659,184882,20418,355408,62541,30092,32449
61970,384099,28663,184897,20421,355435,62547,30097,32450
61975,384130,28668,184913,20424,355460,62553,30101,32452
61980,384161,28675,184930,20431,355485,62559,30105,32454
61985,384192,28677,184942,20432,355515,62563,30106,32457
61990,384223,28679,184956,20433,355544,62567,30108,32459
61995,384254,28680,184975,20434,355573,62571,30111,32460
62000,384285,28681,184989,20435,355604,62575,30112,32463
62005,384316,28682,185006,20435,355634,62579,30113,32466
62010,384347,28684,185018,20437,355663,62583,30115,32468
62015,384378,28686,185037,20439,355692,62587,30119,32468
62020,384409,28688,185054,20441,355721,62591,30120,32471
62025,384440,28689,185071,20442,355751,62595,30122,32473
62030,384471,28691,185086,20443,355779,62599,30123,32476
62035,384502,28693,185100,20445,355809,62603,30127,32476
62040,384533,28693,185113,20445,355840,62607,30128,32479
62045,384564,28693,185125,20445,355871,62611,30129,32482
62050,384595,28693,185139,20445,355902,62615,30131,32484
62055,384626,28693,185155,20445,355933,62619,30134,32485
62060,384657,28694,185171,20445,355963,62623,30135,32488
62065,384688,28695,185182,20446,355992,62627,30135,32492
62070,384719,28697,185198,20447,356021,62631,30136,32495
62075,384750,28699,185213,20448,356049,62635,30139,32496
62080,384781,28702,185227,20450,356076,62639,30141,32498
62085,384812,28705,185240,20453,356106,62644,30142,32502
62090,384843,28709,185253,20455,356132,62650,30147,32503
62095,384874,28713,185268,20458,356159,62656,30149,32507
62100,384905,28716,185282,20459,356186,62662,30152,32510
62105,384936,28720,185297,20463,356216,62667,30153,32514
62110,384967,28723,185310,20465,356244,62672,30157,32515
62115,384998,28724,185324,20466,356274,62677,30157,32520
62120,385029,28726,185342,20468,356303,62682,30158,32524
62125,385060,28728,185356,20470,356332,62687,30161,32526
62130,385091,28729,185373,20470,356362,62692,30163,32529
62135,385122,28731,185389,20471,356391,62697,30165,32532
62140,385153,28736,185407,20476,356417,62702,30167,32535
62145,385184,28741,185423,20479,356443,62707,30169,32538
62150,385215,28744,185437,20481,356471,62712,30169,32543
62155,385246,28748,185457,20484,356498,62717,30172,32545
62160,385277,28750,185470,20485,356527,62722,30173,32549
62165,385308,28753,185487,20487,356555,62727,30175,32552
62170,385339,28756,185505,20489,356583,62732,30176,32556
62175,385370,28758,185519,20490,356612,62737,30177,32560
62180,385401,28760,185537,20491,356641,62742,30180,32562
62185,385432,28762,185548,20491,356670,62747,30182,32565
62190,385463,28765,185564,20493,356698,62752,30184,32568
62195,385494,28768,185577,20494,356726,62757,30185,32572
62200,385525,28770,185595,20496,356755,62762,30189,32573
62205,385556,28773,185611,20498,356783,62768,30192,32576
62210,385587,28775,185621,20499,356812,62774,30193,32581
62215,385618,28777,185633,20500,356841,62780,30197,32583
62220,385649,28780,185645,20502,356869,62786,30199,32587
62225,385680,28783,185659,20504,356897,62791,30199,32592
62230,385711,28785,185672,20504,356926,62796,30203,32593
62235,385742,28787,185686,20504,356955,62801,30207,32594
62240,385773,28790,185701,20505,356983,62806,30209,32597
62245,385804,28792,185717,20505,357011,62811,30212,32599
62250,385835,28795,185734,20508,357039,62816,30215,32601
62255,385866,28798,185753,20510,357067,62821,30218,32603
62260,385897,28799,185769,20511,357097,62826,30222,32604
62265,385928,28800,185785,20512,357126,62831,30223,32608
62270,385959,28804,185800,20516,357153,62836,30225,32611
62275,385990,28806,185813,20517,357184,62841,30229,32612
62280,386021,28808,185830,20518,357211,62846,30234,32612
62285,386052,28812,185842,20522,357240,62851,30236,32615
62290,386083,28813,185854,20523,357268,62856,30238,32618
62295,386114,28815,185870,20524,357298,62861,30240,32621
62300,386145,28817,185886,20526,357325,62866,30241,32625
62305,386176,28819,185901,20528,357357,62871,30242,32629
62310,386207,28819,185915,20528,357388,62876,30245,32631
62315,386238,28819,185929,20528,357419,62881,30248,32633
62320,386269,28820,185943,20529,357449,62886,30252,32634
62325,386300,28821,185954,20529,357479,62892,30255,32637
62330,386331,28822,185970,20529,357509,62898,30257,32641
62335,386362,28823,185983,20530,357539,62904,30260,32644
62340,386393,28824,185991,20530,357569,62910,30262,32648
62345,386424,28825,186005,20530,357599,62916,30266,32650
62350,386455,28826,186020,20530,357629,62922,30269,32653
62355,386486,28827,186030,20531,357659,62928,30270,32658
62360,386517,28832,186050,20536,357685,62934,30271,32663
62365,386548,28836,186066,20539,357712,62940,30275,32665
62370,386579,28839,186081,20540,357739,62946,30279,32667
62375,386610,28842,186098,20541,357767,62952,30283,32669
62380,386641,28845,186114,20544,357795,62958,30288,32670
62385,386672,28848,186135,20546,357823,62964,30293,32671
62390,386703,28851,186149,20548,357852,62970,30297,32673
62395,386734,28853,186159,20549,357881,62976,30299,32677
62400,386765,28855,186169,20550,357910,62982,30301,32681
62405,386796,28858,186185,20551,357937,62987,30303,32684
62410,386827,28864,186203,20556,357962,62992,30307,32685
62415,386858,28869,186216,20559,357988,62997,30308,32689
62420,386889,28874,186228,20562,358014,63002,30311,32691
62425,386920,28878,186242,20564,358041,63007,30314,32693
62430,386951,28881,186255,20566,358065,63012,30315,32697
62435,386982,28887,186271,20571,358091,63017,30318,32699
62440,387013,28892,186286,20575,358119,63022,30322,32700
62445,387044,28895,186302,20577,358148,63027,30325,32702
62450,387075,28896,186324,20577,358177,63032,30330,32702
62455,387106,28897,186342,20578,358208,63037,30332,32705
62460,387137,28898,186352,20578,358239,63042,30333,32709
62465,387168,28899,186369,20579,358269,63047,30337,32710
62470,387199,28900,186382,20579,358299,63052,30339,32713
62475,387230,28901,186393,20580,358329,63057,30341,32716
62480,387261,28902,186409,20580,358359,63062,30344,32718
62485,387292,28903,186424,20580,358388,63067,30347,32720
62490,387323,28905,186438,20581,358418,63072,30349,32723
62495,387354,28907,186449,20582,358447,63077,30352,32725
62500,387385,28910,186467,20585,358473,63082,30355,32727
62505,387416,28913,186477,20588,358501,63088,30358,32730
62510,387447,28917,186491,20591,358530,63094,30363,32731
62515,387478,28917,186508,20591,358561,63100,30366,32734
62520,387509,28917,186521,20591,358592,63106,30369,32737
62525,387540,28917,186539,20591,358623,63112,30372,32740
62530,387571,28918,186552,20591,358653,63118,30376,32742
62535,387602,28920,186564,20593,358682,63124,30376,32748
62540,387633,28922,186574,20594,358711,63130,30378,32752
62545,387664,28923,186585,20594,358741,63136,30380,32756
62550,387695,28926,186601,20595,358768,63142,30383,32759
62555,387726,28930,186622,20598,358795,63148,30386,32762
62560,387757,28932,186634,20599,358825,63154,30388,32766
62565,387788,28936,186650,20602,358852,63160,30389,32771
62570,387819,28939,186667,20604,358880,63166,30392,32774
62575,387850,28942,186682,20606,358908,63172,30393,32779
62580,387881,28945,186698,20609,358936,63178,30394,32784
62585,387912,28949,186711,20613,358963,63182,30394,32788
62590,387943,28952,186726,20615,358991,63186,30396,32790
62595,387974,28954,186740,20616,359020,63190,30396,32794
62600,388005,28955,186754,20616,359050,63194,30399,32795
62605,388036,28956,186763,20617,359080,63198,30399,32799
62610,388067,28958,186776,20619,359109,63202,30400,32802
62615,388098,28960,186791,20620,359135,63206,30402,32804
62620,388129,28964,186802,20623,359164,63210,30403,32807
62625,388160,28968,186818,20625,359191,63214,30406,32808
62630,388191,28971,186833,20627,359220,63218,30408,32810
62635,388222,28974,186850,20630,359248,63222,30411,32811
62640,388253,28976,186864,20632,359277,63226,30413,32813
62645,388284,28978,186879,20633,359305,63230,30415,32815
62650,388315,28981,186897,20636,359334,63234,30418,32816
62655,388346,28984,186908,20638,359361,63238,30420,32818
62660,388377,28988,186925,20641,359388,63242,30423,32819
62665,388408,28994,186937,20645,359413,63246,30423,32823
62670,388439,28999,186948,20649,359438,63250,30424,32826
62675,388470,29001,186963,20651,359469,63254,30425,32829
62680,388501,29001,186979,20651,359499,63258,30427,32831
62685,388532,29001,186995,20651,359531,63263,30430,32833
62690,388563,29001,187008,20651,359562,63269,30432,32837
62695,388594,29001,187025,20651,359593,63275,30436,32839
62700,388625,29002,187036,20651,359623,63281,30438,32843
62705,388656,29003,187050,20652,359653,63286,30439,32847
62710,388687,29004,187066,20652,359683,63291,30442,32849
62715,388718,29005,187080,20652,359713,63296,30444,32852
62720,388749,29006,187093,20652,359743,63301,30446,32855
62725,388780,29007,187104,20652,359773,63306,30447,32859
62730,388811,29008,187122,20653,359803,63311,30451,32860
62735,388842,29009,187138,20654,359833,63316,30453,32863
62740,388873,29010,187160,20655,359862,63321,30455,32866
62745,388904,29011,187174,20655,359892,63326,30457,32869
62750,388935,29012,187187,20655,359922,63331,30459,32872
62755,388966,29014,187199,20657,359952,63336,30461,32875
62760,388997,29016,187207,20659,359981,63341,30463,32878
62765,389028,29018,187219,20660,360010,63346,30465,32881
62770,389059,29021,187236,20663,360038,63351,30469,32882
62775,389090,29024,187255,20665,360063,63356,30471,32885
62780,389121,29031,187270,20671,360089,63361,30473,32888
62785,389152,29035,187288,20673,360115,63366,30475,32891
62790,389183,29042,187306,20679,360139,63371,30478,32893
62795,389214,29048,187323,20684,360164,63376,30480,32896
62800,389245,29052,187340,20688,360192,63381,30482,32899
62805,389276,29056,187359,20690,360219,63387,30487,32900
62810,389307,29059,187373,20693,360246,63393,30490,32903
62815,389338,29064,187387,20697,360273,63399,30492,32907
62820,389369,29067,187401,20699,360302,63405,30495,32910
62825,389400,29069,187416,20701,360331,63409,30497,32912
62830,389431,29070,187430,20701,360361,63413,30500,32913
62835,389462,29071,187447,20701,360391,63417,30504,32913
62840,389493,29073,187463,20702,360420,63421,30506,32915
62845,389524,29075,187481,20703,360449,63425,30509,32916
62850,389555,29076,187493,20703,360479,63429,30511,32918
62855,389586,29077,187504,20703,360509,63433,30513,32920
62860,389617,29078,187518,20704,360539,63437,30514,32923
62865,389648,29079,187537,20704,360569,63441,30517,32924
62870,389679,29081,187551,20705,360598,63445,30518,32927
62875,389710,29083,187569,20706,360627,63449,30519,32930
62880,389741,29084,187587,20707,360657,63453,30521,32932
62885,389772,29086,187599,20708,360686,63457,30522,32935
62890,389803,29087,187609,20709,360716,63461,30523,32938
62895,389834,29088,187622,20709,360745,63465,30525,32940
62900,389865,29091,187638,20712,360773,63469,30526,32943
62905,389896,29095,187651,20714,360800,63473,30528,32945
62910,389927,29098,187665,20717,360828,63477,30531,32946
62915,389958,29102,187682,20720,360856,63481,30535,32946
62920,389989,29103,187693,20720,360885,63485,30537,32948
62925,390020,29105,187707,20721,360913,63490,30539,32951
62930,390051,29108,187723,20723,360941,63496,30543,32953
62935,390082,29112,187736,20726,360968,63502,30546,32956
62940,390113,29116,187753,20730,360995,63508,30549,32959
62945,390144,29118,187767,20730,361026,63513,30553,32960
62950,390175,29122,187783,20732,361052,63518,30556,32962
62955,390206,29126,187798,20734,361079,63523,30558,32965
62960,390237,29130,187819,20736,361105,63528,30562,32966
62965,390268,29135,187836,20740,361132,63533,30566,32967
62970,390299,29139,187851,20743,361159,63538,30568,32970
62975,390330,29143,187862,20746,361186,63543,30569,32974
62980,390361,29147,187880,20749,361211,63548,30571,32977
62985,390392,29151,187897,20752,361239,63553,30572,32981
62990,390423,29152,187906,20752,361271,63558,30574,32984
62995,390454,29153,187917,20753,361300,63563,30575,32988
63000,390485,29155,187930,20754,361328,63568,30578,32990
63005,390516,29155,187941,20754,361361,63573,30581,32992
63010,390547,29155,187959,20754,361390,63578,30583,32995
63015,390578,29155,187981,20754,361423,63583,30585,32998
63020,390609,29155,187997,20754,361454,63588,30587,33001
63025,390640,29155,188017,20754,361485,63593,30590,33003
63030,390671,29156,188033,20755,361515,63598,30593,33005
63035,390702,29158,188054,20756,361544,63603,30595,33008
63040,390733,29159,188072,20757,361574,63608,30597,33011
63045,390764,29161,188082,20759,361603,63614,30600,33014
63050,390795,29164,188100,20761,361629,63620,30603,33017
63055,390826,29169,188114,20766,361656,63626,30607,33019
63060,390857,29173,188132,20770,361680,63632,30609,33023
63065,390888,29175,188143,20772,361712,63638,30612,33026
63070,390919,29175,188163,20772,361743,63644,30615,33029
63075,390950,29175,188177,20772,361775,63650,30617,33033
63080,390981,29175,188198,20772,361806,63656,30620,33036
63085,391012,29175,188212,20772,361836,63662,30623,33039
63090,391043,29178,188232,20775,361864,63668,30627,33041
63095,391074,29180,188244,20776,361893,63674,30629,33045
63100,391105,29182,188256,20778,361922,63680,30632,33048
63105,391136,29187,188272,20783,361946,63686,30636,33050
63110,391167,29195,188287,20790,361970,63692,30640,33052
63115,391198,29199,188301,20793,361999,63698,30641,33057
63120,391229,29200,188316,20793,362029,63704,30644,33060
63125,391260,29202,188332,20795,362058,63710,30647,33063
63130,391291,29204,188345,20797,362087,63716,30651,33065
63135,391322,29206,188364,20798,362116,63722,30655,33067
63140,391353,29208,188376,20799,362145,63728,30657,33071
63145,391384,29209,188394,20800,362175,63734,30662,33072
63150,391415,29211,188407,20801,362204,63740,30664,33076
63155,391446,29213,188422,20803,362232,63746,30668,33078
63160,391477,29214,188440,20804,362261,63752,30672,33080
63165,391508,29217,188456,20806,362290,63758,30676,33082
63170,391539,29220,188471,20809,362318,63764,30679,33085
63175,391570,29223,188492,20811,362347,63770,30684,33086
63180,391601,29227,188511,20813,362374,63776,30688,33088
63185,391632,29229,188524,20814,362403,63780,30691,33089
63190,391663,29230,188540,20814,362433,63784,30692,33092
63195,391694,29233,188556,20817,362461,63788,30694,33094
63200,391725,29234,188564,20817,362490,63792,30698,33094
63205,391756,29237,188582,20819,362517,63796,30700,33096
63210,391787,29240,188594,20822,362545,63800,30702,33098
63215,391818,29245,188611,20826,362572,63804,30705,33099
63220,391849,29247,188621,20828,362601,63808,30706,33102
63225,391880,29248,188638,20829,362632,63812,30708,33104
63230,391911,29249,188655,20830,362660,63816,30710,33106
63235,391942,29251,188669,20831,362690,63820,30710,33110
63240,391973,29253,188683,20832,362720,63824,30711,33113
63245,392004,29254,188702,20833,362749,63827,30712,33115
63250,392035,29256,188715,20834,362778,63830,30713,33117
63255,392066,29259,188727,20837,362807,63833,30714,33119
63260,392097,29261,188747,20838,362835,63836,30716,33120
63265,392128,29263,188764,20840,362865,63839,30718,33121
63270,392159,29264,188782,20840,362894,63842,30720,33122
63275,392190,29267,188801,20843,362922,63845,30721,33124
63280,392221,29269,188814,20844,362952,63848,30724,33124
63285,392252,29274,188833,20848,362976,63852,30726,33126
63290,392283,29281,188846,20853,363002,63857,30728,33129
63295,392314,29284,188863,20856,363029,63862,30730,33132
63300,392345,29287,188880,20858,363057,63867,30730,33137
63305,392376,29291,188901,20862,363084,63872,30735,33137
63310,392407,29293,188917,20863,363114,63877,30737,33140
63315,392438,29293,188926,20863,363145,63882,30737,33145
63320,392469,29293,188935,20863,363176,63887,30738,33149
63325,392500,29294,188951,20863,363206,63892,30741,33151
63330,392531,29295,188964,20863,363236,63897,30741,33156
63335,392562,29297,188976,20865,363265,63902,30744,33158
63340,392593,29299,188994,20866,363293,63907,30745,33162
63345,392624,29302,189009,20868,363321,63913,30749,33164
63350,392655,29305,189028,20871,363348,63919,30755,33164
63355,392686,29308,189043,20873,363377,63925,30758,33167
63360,392717,29310,189059,20875,363406,63931,30761,33170
63365,392748,29312,189072,20876,363436,63937,30764,33173
63370,392779,29313,189092,20877,363465,63943,30769,33174
63375,392810,29315,189106,20879,363495,63949,30772,33177
63380,392841,29315,189122,20879,363526,63955,30776,33179
63385,392872,29315,189136,20879,363556,63961,30777,33184
63390,392903,29315,189153,20879,363587,63967,30780,33187
63395,392934,29315,189166,20879,363618,63973,30782,33191
63400,392965,29317,189185,20881,363647,63979,30786,33193
63405,392996,29319,189204,20882,363675,63985,30791,33194
63410,393027,29322,189218,20884,363705,63991,30794,33197
63415,393058,29323,189239,20885,363733,63997,30797,33200
63420,393089,29329,189260,20890,363757,64003,30801,33202
63425,393120,29338,189274,20899,363781,64008,30803,33205
63430,393151,29340,189289,20901,363811,64013,30805,33208
63435,393182,29342,189301,20902,363840,64018,30806,33212
63440,393213,29345,189318,20905,363868,64023,30808,33215
63445,393244,29347,189333,20906,363897,64028,30810,33218
63450,393275,29349,189346,20907,363926,64033,30814,33219
63455,393306,29352,189357,20909,363954,64038,30817,33221
63460,393337,29353,189370,20909,363984,64043,30820,33223
63465,393368,29354,189387,20909,364014,64048,30824,33224
63470,393399,29357,189403,20911,364042,64053,30826,33227
63475,393430,29359,189414,20912,364071,64058,30826,33232
63480,393461,29360,189423,20912,364101,64063,30827,33236
63485,393492,29361,189438,20913,364131,64067,30830,33237
63490,393523,29362,189455,20913,364161,64071,30832,33239
63495,393554,29363,189471,20913,364191,64075,30833,33242
63500,393585,29364,189489,20913,364221,64079,30835,33244
63505,393616,29366,189508,20915,364248,64083,30837,33246
63510,393647,29368,189526,20916,364277,64087,30841,33246
63515,393678,29369,189540,20917,364309,64091,30844,33247
63520,393709,29372,189558,20920,364336,64095,30845,33250
63525,393740,29373,189571,20921,364365,64100,30846,33254
63530,393771,29376,189585,20924,364393,64105,30847,33258
63535,393802,29380,189606,20928,364418,64110,30849,33261
63540,393833,29385,189622,20932,364447,64115,30852,33263
63545,393864,29388,189636,20935,364476,64120,30854,33266
63550,393895,29389,189651,20936,364504,64125,30855,33270
63555,393926,29391,189667,20938,364535,64130,30857,33273
63560,393957,29392,189681,20939,364564,64135,30860,33275
63565,393988,29394,189694,20940,364593,64140,30862,33278
63570,394019,29395,189704,20940,364624,64145,30864,33281
63575,394050,29397,189715,20941,364651,64150,30866,33284
63580,394081,29403,189727,20945,364677,64155,30868,33287
63585,394112,29406,189739,20948,364705,64161,30870,33291
63590,394143,29409,189755,20950,364731,64167,30873,33294
63595,394174,29417,189771,20957,364757,64173,30877,33296
63600,394205,29421,189789,20961,364784,64179,30882,33297
63605,394236,29423,189803,20963,364813,64185,30886,33299
63610,394267,29425,189820,20964,364842,64191,30888,33303
63615,394298,29427,189835,20965,364871,64197,30889,33308
63620,394329,29428,189845,20965,364901,64203,30890,33313
63625,394360,29429,189858,20965,364931,64209,30892,33317
63630,394391,29430,189873,20966,364961,64215,30895,33320
63635,394422,29432,189885,20967,364990,64221,30898,33323
63640,394453,29433,189901,20968,365020,64227,30900,33327
63645,394484,29436,189921,20970,365048,64233,30904,33329
63650,394515,29439,189936,20972,365076,64239,30907,33332
63655,394546,29440,189953,20973,365106,64245,30910,33335
63660,394577,29441,189970,20974,365136,64251,30915,33336
63665,394608,29443,189983,20975,365165,64257,30917,33340
63670,394639,29445,189999,20976,365194,64263,30921,33342
63675,394670,29447,190014,20977,365223,64269,30922,33347
63680,394701,29448,190029,20977,365253,64275,30925,33350
63685,394732,29450,190046,20978,365282,64281,30929,33352
63690,394763,29451,190062,20979,365312,64287,30934,33353
63695,394794,29453,190079,20980,365341,64293,30938,33355
63700,394825,29454,190094,20981,365370,64299,30941,33358
63705,394856,29457,190110,20983,365396,64305,30941,33364
63710,394887,29461,190121,20987,365425,64311,30945,33366
63715,394918,29463,190136,20987,365454,64317,30949,33368
63720,394949,29467,190146,20989,365481,64323,30950,33373
63725,394980,29472,190161,20993,365507,64327,30950,33377
63730,395011,29474,190175,20994,365537,64331,30951,33380
63735,395042,29475,190194,20995,365567,64335,30954,33381
63740,395073,29476,190208,20995,365596,64339,30957,33382
63745,395104,29479,190227,20998,365624,64343,30960,33383
63750,395135,29482,190244,21001,365651,64347,30962,33385
63755,395166,29484,190259,21002,365681,64351,30965,33386
63760,395197,29490,190276,21007,365705,64355,30967,33388
63765,395228,29493,190289,21009,365734,64359,30969,33390
63770,395259,29498,190305,21013,365760,64363,30973,33390
63775,395290,29500,190319,21015,365790,64367,30975,33392
63780,395321,29504,190335,21019,365816,64371,30977,33394
63785,395352,29507,190347,21021,365844,64373,30978,33395
63790,395383,29508,190366,21022,365874,64375,30979,33396
63795,395414,29510,190380,21024,365903,64377,30979,33398
63800,395445,29513,190394,21026,365932,64379,30980,33399
63805,395476,29513,190408,21026,365963,64381,30980,33401
63810,395507,29513,190422,21026,365994,64383,30981,33402
63815,395538,29513,190435,21026,366025,64385,30981,33404
63820,395569,29513,190447,21026,366055,64387,30981,33406
63825,395600,29513,190464,21026,366087,64389,30983,33406
63830,395631,29514,190481,21027,366117,64393,30984,33409
63835,395662,29515,190500,21028,366146,64397,30987,33410
63840,395693,29516,190513,21028,366177,64401,30989,33412
63845,395724,29517,190527,21029,366207,64405,30991,33414
63850,395755,29518,190542,21030,366237,64409,30993,33416
63855,395786,29519,190558,21030,366267,64413,30995,33418
63860,395817,29520,190574,21031,366297,64417,30997,33420
63865,395848,29521,190591,21032,366327,64421,30999,33422
63870,395879,29522,190604,21032,366357,64425,31001,33424
63875,395910,29524,190620,21034,366385,64429,31002,33427
63880,395941,29528,190632,21037,366411,64433,31004,33429
63885,395972,29531,190651,21040,366440,64439,31009,33430
63890,396003,29534,190663,21041,366468,64445,31011,33434
63895,396034,29537,190680,21044,366496,64451,31013,33438
63900,396065,29542,190698,21049,366523,64457,31015,33442
63905,396096,29546,190711,21052,366549,64463,31018,33445
63910,396127,29551,190726,21055,366575,64469,31022,33447
63915,396158,29556,190742,21060,366601,64475,31026,33449
63920,396189,29562,190751,21064,366627,64481,31028,33453
63925,396220,29567,190765,21066,366651,64487,31029,33458
63930,396251,29572,190779,21070,366679,64493,31031,33462
63935,396282,29576,190797,21074,366705,64499,31035,33464
63940,396313,29580,190811,21077,366733,64505,31035,33470
63945,396344,29581,190829,21078,366763,64511,31039,33472
63950,396375,29584,190845,21081,366791,64517,31043,33474
63955,396406,29587,190862,21084,366818,64523,31045,33478
63960,396437,29588,190873,21085,366849,64529,31048,33481
63965,396468,29591,190887,21087,366877,64534,31051,33483
63970,396499,29594,190905,21089,366905,64539,31053,33486
63975,396530,29594,190921,21089,366936,64544,31055,33489
63980,396561,29594,190935,21089,366966,64549,31057,33492
63985,396592,29594,190949,21089,366998,64554,31060,33494
63990,396623,29594,190965,21089,367029,64559,31062,33497
63995,396654,29594,190978,21089,367060,64564,31064,33500
64000,396685,29594,190990,21089,367090,64569,31065,33504
64005,396716,29594,191004,21089,367122,64574,31066,33508
64010,396747,29594,191020,21089,367153,64579,31068,33511
64015,396778,29594,191037,21089,367184,64584,31071,33513
64020,396809,29594,191053,21089,367215,64589,31075,33514
64025,396840,29594,191072,21089,367246,64594,31077,33517
64030,396871,29594,191092,21089,367277,64599,31080,33519
64035,396902,29595,191104,21090,367307,64604,31083,33521
64040,396933,29596,191119,21090,367337,64609,31085,33524
64045,396964,29598,191135,21090,367364,64614,31088,33526
64050,396995,29600,191155,21092,367394,64619,31091,33528
64055,397026,29602,191168,21092,367422,64624,31094,33530
64060,397057,29604,191187,21093,367452,64629,31098,33531
64065,397088,29606,191203,21093,367481,64635,31103,33532
64070,397119,29609,191221,21095,367509,64641,31107,33534
64075,397150,29612,191233,21096,367538,64647,31110,33537
64080,397181,29616,191254,21098,367565,64653,31114,33539
64085,397212,29620,191268,21100,367592,64658,31118,33540
64090,397243,29623,191280,21102,367620,64663,31120,33543
64095,397274,29626,191295,21104,367648,64668,31122,33546
64100,397305,29630,191315,21107,367675,64673,31126,33547
64105,397336,29635,191328,21109,367701,64678,31129,33549
64110,397367,29639,191346,21112,367728,64683,31134,33549
64115,397398,29643,191362,21113,367755,64688,31138,33550
64120,397429,29646,191376,21115,367783,64693,31140,33553
64125,397460,29651,191388,21119,367809,64698,31143,33555
64130,397491,29657,191403,21123,367833,64703,31146,33557
64135,397522,29664,191416,21129,367856,64708,31149,33559
64140,397553,29671,191429,21135,367881,64713,31152,33561
64145,397584,29678,191447,21140,367904,64718,31153,33565
64150,397615,29681,191466,21142,367933,64723,31158,33565
64155,397646,29683,191483,21144,367962,64728,31161,33567
64160,397677,29685,191498,21145,367991,64733,31164,33569
64165,397708,29688,191514,21148,368019,64738,31166,33572
64170,397739,29690,191528,21149,368049,64743,31168,33575
64175,397770,29693,191543,21152,368077,64748,31170,33578
64180,397801,29693,191555,21152,368107,64753,31173,33580
64185,397832,29693,191568,21152,368137,64759,31174,33585
64190,397863,29693,191580,21152,368169,64765,31177,33588
64195,397894,29693,191591,21152,368199,64771,31179,33592
64200,397925,29693,191612,21152,368232,64777,31183,33594
64205,397956,29693,191627,21152,368263,64783,31186,33597
64210,397987,29693,191647,21152,368294,64789,31190,33599
64215,398018,29693,191657,21152,368325,64795,31193,33602
64220,398049,29693,191675,21152,368355,64801,31197,33604
64225,398080,29693,191684,21152,368385,64807,31199,33608
64230,398111,29693,191701,21152,368417,64813,31200,33613
64235,398142,29693,191715,21152,368448,64819,31203,33616
64240,398173,29693,191728,21152,368480,64825,31206,33619
64245,398204,29693,191746,21152,368511,64831,31212,33619
64250,398235,29693,191760,21152,368542,64837,31215,33622
64255,398266,29693,191773,21152,368573,64843,31217,33626
64260,398297,29695,191788,21153,368601,64849,31219,33630
64265,398328,29698,191801,21155,368629,64855,31220,33635
64270,398359,29701,191817,21157,368657,64861,31226,33635
64275,398390,29704,191832,21159,368685,64867,31226,33641
64280,398421,29712,191851,21166,368708,64873,31229,33644
64285,398452,29718,191868,21171,368734,64879,31231,33648
64290,398483,29722,191879,21173,368761,64885,31233,33652
64295,398514,29726,191897,21176,368787,64891,31237,33654
64300,398545,29731,191911,21179,368813,64897,31240,33657
64305,398576,29737,191925,21184,368838,64903,31241,33662
64310,398607,29745,191943,21190,368862,64909,31244,33665
64315,398638,29751,191959,21193,368885,64915,31247,33668
64320,398669,29760,191977,21201,368909,64921,31250,33671
64325,398700,29763,191996,21202,368937,64925,31253,33672
64330,398731,29765,192008,21202,368966,64929,31253,33676
64335,398762,29767,192025,21202,368995,64933,31254,33679
64340,398793,29770,192040,21204,369021,64937,31256,33681
64345,398824,29773,192053,21207,369050,64941,31256,33685
64350,398855,29775,192065,21208,369079,64945,31257,33688
64355,398886,29775,192083,21208,369110,64949,31259,33690
64360,398917,29775,192097,21208,369142,64953,31262,33691
64365,398948,29775,192112,21208,369172,64957,31264,33693
64370,398979,29775,192123,21208,369204,64961,31265,33696
64375,399010,29775,192134,21208,369235,64965,31266,33699
64380,399041,29775,192146,21208,369266,64969,31266,33703
64385,399072,29775,192161,21208,369297,64973,31267,33706
64390,399103,29775,192175,21208,369328,64977,31268,33709
64395,399134,29775,192190,21208,369359,64981,31269,33712
64400,399165,29775,192206,21208,369390,64985,31271,33714
64405,399196,29775,192217,21208,369421,64989,31272,33717
64410,399227,29775,192229,21208,369452,64993,31273,33720
64415,399258,29775,192243,21208,369483,64997,31273,33724
64420,399289,29775,192255,21208,369514,65001,31273,33728
64425,399320,29776,192271,21209,369543,65006,31274,33732
64430,399351,29777,192282,21209,369573,65012,31277,33735
64435,399382,29779,192297,21211,369603,65018,31282,33736
64440,399413,29780,192310,21212,369633,65024,31283,33741
64445,399444,29781,192326,21213,369663,65030,31286,33744
64450,399475,29783,192335,21213,369692,65036,31287,33749
64455,399506,29787,192349,21215,369718,65042,31291,33751
64460,399537,29793,192361,21218,369743,65048,31293,33755
64465,399568,29797,192374,21220,369771,65054,31297,33757
64470,399599,29803,192392,21224,369795,65060,31301,33759
64475,399630,29810,192406,21230,369819,65066,31302,33764
64480,399661,29818,192422,21236,369841,65072,31306,33766
64485,399692,29825,192434,21243,369867,65078,31308,33770
64490,399723,29832,192452,21247,369888,65084,31313,33771
64495,399754,29839,192468,21253,369911,65090,31315,33775
64500,399785,29846,192483,21259,369937,65096,31317,33779
64505,399816,29850,192496,21263,369966,65101,31318,33783
64510,399847,29853,192510,21265,369993,65106,31319,33787
64515,399878,29854,192524,21266,370023,65111,31321,33790
64520,399909,29854,192541,21266,370055,65116,31324,33792
64525,399940,29854,192553,21266,370085,65121,31325,33796
64530,399971,29854,192569,21266,370117,65126,31327,33799
64535,400002,29854,192580,21266,370147,65131,31330,33801
64540,400033,29854,192601,21266,370179,65136,31335,33801
64545,400064,29854,192615,21266,370210,65141,31337,33804
64550,400095,29854,192627,21266,370241,65146,31339,33807
64555,400126,29854,192644,21266,370272,65151,31341,33810
64560,400157,29854,192652,21266,370303,65156,31341,33815
64565,400188,29854,192664,21266,370334,65160,31343,33817
64570,400219,29854,192682,21266,370365,65164,31345,33819
64575,400250,29854,192699,21266,370396,65168,31346,33822
64580,400281,29854,192715,21266,370427,65172,31349,33823
64585,400312,29854,192726,21266,370457,65176,31351,33825
64590,400343,29854,192744,21266,370488,65180,31352,33828
64595,400374,29854,192762,21266,370520,65184,31355,33829
64600,400405,29855,192771,21266,370549,65188,31355,33833
64605,400436,29857,192784,21267,370577,65193,31357,33836
64610,400467,29860,192797,21268,370606,65198,31361,33837
64615,400498,29864,192810,21270,370633,65203,31363,33840
64620,400529,29868,192824,21272,370659,65208,31366,33842
64625,400560,29873,192834,21275,370686,65212,31368,33844
64630,400591,29879,192853,21281,370710,65216,31371,33845
64635,400622,29886,192865,21286,370735,65220,31371,33849
64640,400653,29892,192881,21291,370758,65224,31374,33850
64645,400684,29903,192897,21300,370778,65228,31375,33853
64650,400715,29911,192910,21307,370804,65232,31377,33855
64655,400746,29914,192926,21308,370829,65236,31378,33858
64660,400777,29921,192942,21314,370856,65240,31382,33858
64665,400808,29923,192956,21315,370883,65245,31384,33861
64670,400839,29925,192971,21317,370913,65250,31386,33864
64675,400870,29925,192985,21317,370943,65255,31388,33867
64680,400901,29925,192999,21317,370976,65260,31388,33872
64685,400932,29925,193016,21317,371007,65264,31392,33872
64690,400963,29925,193027,21317,371038,65268,31393,33875
64695,400994,29925,193044,21317,371069,65272,31394,33878
64700,401025,29925,193057,21317,371100,65276,31395,33881
64705,401056,29925,193068,21317,371131,65280,31395,33885
64710,401087,29925,193080,21317,371162,65284,31397,33887
64715,401118,29925,193091,21317,371193,65288,31399,33889
64720,401149,29925,193111,21317,371224,65292,31402,33890
64725,401180,29925,193125,21317,371255,65297,31403,33894
64730,401211,29925,193134,21317,371286,65302,31404,33898
64735,401242,29925,193154,21317,371317,65307,31408,33899
64740,401273,29925,193169,21317,371348,65312,31408,33904
64745,401304,29925,193185,21317,371379,65317,31411,33906
64750,401335,29925,193202,21317,371410,65322,31415,33907
64755,401366,29926,193213,21317,371440,65327,31418,33909
64760,401397,29927,193225,21318,371469,65332,31421,33911
64765,401428,29928,193240,21319,371500,65337,31424,33913
64770,401459,29930,193255,21319,371527,65342,31426,33916
64775,401490,29933,193270,21321,371555,65347,31430,33917
64780,401521,29940,193282,21325,371579,65352,31431,33921
64785,401552,29946,193296,21329,371603,65357,31435,33922
64790,401583,29952,193314,21334,371629,65363,31438,33925
64795,401614,29957,193323,21338,371656,65369,31442,33927
64800,401645,29965,193343,21344,371678,65375,31446,33929
64805,401676,29973,193357,21350,371702,65381,31447,33934
64810,401707,29977,193371,21354,371730,65387,31450,33937
64815,401738,29981,193386,21356,371756,65393,31453,33940
64820,401769,29985,193393,21358,371784,65399,31455,33944
64825,401800,29988,193408,21361,371812,65405,31460,33945
64830,401831,29989,193421,21361,371842,65411,31463,33948
64835,401862,29991,193432,21362,371871,65417,31465,33952
64840,401893,29992,193445,21363,371901,65423,31467,33956
64845,401924,29995,193464,21366,371928,65429,31471,33958
64850,401955,29996,193477,21367,371958,65435,31472,33963
64855,401986,29998,193493,21368,371987,65440,31475,33965
64860,402017,30001,193511,21371,372016,65445,31478,33967
64865,402048,30001,193524,21371,372047,65448,31479,33969
64870,402079,30001,193541,21371,372078,65451,31480,33971
64875,402110,30001,193551,21371,372109,65454,31483,33971
64880,402141,30001,193564,21371,372140,65457,31485,33972
64885,402172,30001,193580,21371,372171,65460,31486,33974
64890,402203,30001,193593,21371,372202,65463,31488,33975
64895,402234,30001,193609,21371,372232,65466,31490,33976
64900,402265,30001,193629,21371,372264,65469,31492,33977
64905,402296,30001,193645,21371,372295,65472,31493,33979
64910,402327,30002,193662,21372,372324,65475,31494,33981
64915,402358,30003,193674,21372,372355,65478,31496,33982
64920,402389,30004,193693,21373,372384,65481,31497,33984
64925,402420,30006,193709,21374,372412,65484,31498,33986
64930,402451,30010,193724,21378,372441,65487,31499,33988
64935,402482,30012,193736,21379,372470,65490,31502,33988
64940,402513,30014,193747,21380,372499,65493,31504,33989
64945,402544,30016,193762,21380,372527,65496,31504,33992
64950,402575,30020,193779,21384,372555,65499,31506,33993
64955,402606,30023,193793,21385,372582,65502,31509,33993
64960,402637,30027,193808,21387,372609,65505,31511,33994
64965,402668,30034,193826,21393,372632,65509,31514,33995
64970,402699,30040,193837,21398,372655,65514,31516,33998
64975,402730,30047,193851,21405,372681,65519,31518,34001
64980,402761,30055,193866,21412,372703,65524,31521,34003
64985,402792,30060,193881,21416,372731,65529,31524,34005
64990,402823,30063,193899,21418,372760,65534,31527,34007
64995,402854,30064,193918,21419,372790,65539,31531,34008
65000,402885,30065,193931,21420,372820,65544,31532,34012
65005,402916,30066,193941,21420,372850,65549,31533,34016
65010,402947,30067,193956,21421,372880,65554,31537,34017
65015,402978,30068,193969,21421,372910,65559,31540,34019
65020,403009,30069,193986,21422,372940,65564,31542,34022
65025,403040,30070,193999,21423,372970,65569,31543,34026
65030,403071,30071,194016,21423,373000,65574,31545,34029
65035,403102,30072,194032,21423,373030,65579,31546,34033
65040,403133,30073,194046,21424,373060,65584,31549,34035
65045,403164,30074,194060,21425,373090,65589,31551,34038
65050,403195,30075,194075,21426,373120,65594,31554,34040
65055,403226,30076,194088,21427,373150,65599,31555,34044
65060,403257,30077,194102,21427,373180,65604,31557,34047
65065,403288,30079,194114,21428,373209,65609,31558,34051
65070,403319,30080,194126,21429,373239,65614,31559,34055
65075,403350,30082,194142,21431,373268,65619,31562,34057
65080,403381,30083,194157,21431,373298,65624,31564,34060
65085,403412,30085,194173,21432,373327,65629,31565,34064
65090,403443,30088,194187,21433,373355,65634,31567,34067
65095,403474,30092,194194,21435,373381,65639,31567,34072
65100,403505,30102,194213,21443,373400,65644,31569,34075
65105,403536,30108,194227,21448,373426,65648,31571,34077
65110,403567,30113,194245,21453,373451,65652,31573,34079
65115,403598,30120,194260,21458,373477,65656,31575,34081
65120,403629,30124,194276,21462,373504,65660,31577,34083
65125,403660,30129,194292,21466,373530,65664,31579,34085
65130,403691,30134,194305,21470,373557,65668,31581,34087
65135,403722,30135,194323,21471,373586,65672,31583,34089
65140,403753,30135,194342,21471,373617,65676,31584,34092
65145,403784,30135,194356,21471,373646,65680,31586,34094
65150,403815,30135,194372,21471,373677,65684,31589,34095
65155,403846,30135,194388,21471,373709,65688,31591,34097
65160,403877,30135,194406,21471,373741,65692,31595,34097
65165,403908,30135,194421,21471,373772,65694,31595,34099
65170,403939,30135,194429,21471,373803,65696,31596,34100
65175,403970,30135,194444,21471,373835,65698,31597,34101
65180,404001,30135,194457,21471,373866,65700,31597,34103
65185,404032,30135,194472,21471,373897,65702,31599,34103
65190,404063,30135,194489,21471,373928,65704,31601,34103
65195,404094,30135,194508,21471,373959,65706,31601,34105
65200,404125,30135,194520,21471,373990,65708,31601,34107
65205,404156,30135,194531,21471,374021,65711,31601,34110
65210,404187,30137,194543,21472,374050,65714,31601,34113
65215,404218,30138,194560,21473,374080,65717,31603,34114
65220,404249,30139,194576,21474,374110,65720,31603,34117
65225,404280,30140,194593,21474,374140,65723,31605,34118
65230,404311,30142,194611,21476,374169,65726,31606,34120
65235,404342,30144,194621,21477,374196,65729,31607,34122
65240,404373,30150,194639,21482,374223,65732,31607,34125
65245,404404,30154,194650,21484,374250,65735,31607,34128
65250,404435,30157,194662,21485,374278,65738,31607,34131
65255,404466,30162,194672,21487,374304,65741,31609,34132
65260,404497,30167,194690,21490,374329,65744,31611,34133
65265,404528,30174,194711,21497,374352,65749,31614,34135
65270,404559,30184,194729,21505,374374,65754,31615,34139
65275,404590,30189,194743,21507,374399,65759,31619,34140
65280,404621,30198,194763,21515,374420,65764,31621,34143
65285,404652,30205,194775,21521,374447,65769,31624,34145
65290,404683,30206,194792,21521,374474,65774,31627,34147
65295,404714,30207,194808,21522,374507,65779,31630,34149
65300,404745,30207,194824,21522,374538,65784,31633,34151
65305,404776,30207,194838,21522,374567,65789,31635,34154
65310,404807,30207,194854,21522,374599,65794,31638,34156
65315,404838,30207,194866,21522,374630,65799,31639,34160
65320,404869,30207,194881,21522,374662,65804,31643,34161
65325,404900,30207,194896,21522,374692,65809,31644,34165
65330,404931,30207,194912,21522,374723,65814,31646,34168
65335,404962,30207,194930,21522,374755,65819,31649,34170
65340,404993,30207,194944,21522,374786,65824,31650,34174
65345,405024,30207,194964,21522,374817,65829,31655,34174
65350,405055,30207,194982,21522,374848,65834,31658,34176
65355,405086,30207,194996,21522,374879,65839,31661,34178
65360,405117,30207,195013,21522,374910,65844,31663,34181
65365,405148,30207,195030,21522,374941,65849,31664,34185
65370,405179,30207,195042,21522,374972,65854,31666,34188
65375,405210,30207,195054,21522,375003,65859,31668,34191
65380,405241,30207,195065,21522,375034,65864,31671,34193
65385,405272,30207,195080,21522,375065,65869,31673,34196
65390,405303,30210,195091,21525,375093,65874,31674,34200
65395,405334,30213,195105,21526,375119,65879,31677,34202
65400,405365,30221,195118,21532,375143,65884,31680,34204
65405,405396,30228,195132,21536,375167,65888,31680,34208
65410,405427,30234,195145,21542,375192,65892,31683,34209
65415,405458,30241,195162,21549,375216,65896,31684,34212
65420,405489,30249,195174,21555,375240,65900,31685,34215
65425,405520,30254,195191,21558,375266,65904,31687,34217
65430,405551,30255,195205,21558,375296,65908,31688,34220
65435,405582,30256,195223,21559,375326,65912,31691,34221
65440,405613,30258,195242,21560,375355,65916,31694,34222
65445,405644,30260,195256,21562,375380,65920,31696,34224
65450,405675,30265,195273,21566,375407,65924,31698,34226
65455,405706,30268,195286,21569,375434,65928,31699,34229
65460,405737,30272,195304,21573,375463,65932,31701,34231
65465,405768,30272,195321,21573,375496,65935,31702,34233
65470,405799,30272,195335,21573,375527,65938,31703,34235
65475,405830,30272,195353,21573,375558,65941,31705,34236
65480,405861,30272,195368,21573,375589,65944,31705,34239
65485,405892,30272,195380,21573,375620,65947,31708,34239
65490,405923,30272,195394,21573,375651,65950,31710,34240
65495,405954,30272,195409,21573,375682,65953,31712,34241
65500,405985,30272,195422,21573,375713,65956,31714,34242
65505,406016,30272,195439,21573,375744,65960,31715,34245
65510,406047,30272,195452,21573,375775,65964,31717,34247
65515,406078,30272,195467,21573,375806,65968,31719,34249
65520,406109,30272,195483,21573,375837,65972,31721,34251
65525,406140,30272,195498,21573,375867,65976,31723,34253
65530,406171,30275,195516,21575,375895,65980,31725,34255
65535,406202,30279,195533,21579,375922,65984,31728,34256
65540,406233,30282,195543,21581,375951,65988,31731,34257
65545,406264,30284,195556,21582,375979,65992,31733,34259
65550,406295,30289,195574,21586,376005,65996,31735,34261
65555,406326,30292,195588,21587,376034,66000,31737,34263
65560,406357,30295,195603,21589,376061,66004,31738,34266
65565,406388,30300,195615,21593,376086,66008,31741,34267
65570,406419,30309,195629,21600,376110,66013,31742,34271
65575,406450,30311,195641,21602,376139,66018,31744,34274
65580,406481,30313,195656,21603,376168,66023,31747,34276
65585,406512,30315,195673,21603,376195,66028,31750,34278
65590,406543,30322,195690,21609,376221,66033,31752,34281
65595,406574,30325,195709,21612,376249,66038,31754,34284
65600,406605,30330,195724,21615,376274,66043,31757,34286
65605,406636,30336,195740,21620,376299,66048,31757,34291
65610,406667,30339,195757,21623,376327,66053,31761,34292
65615,406698,30341,195767,21624,376357,66058,31761,34297
65620,406729,30343,195784,21625,376385,66063,31762,34301
65625,406760,30345,195794,21626,376414,66068,31764,34304
65630,406791,30347,195816,21628,376440,66073,31769,34304
65635,406822,30349,195834,21630,376470,66078,31772,34306
65640,406853,30351,195851,21631,376501,66083,31775,34308
65645,406884,30351,195862,21631,376533,66086,31775,34311
65650,406915,30351,195873,21631,376564,66089,31776,34313
65655,406946,30351,195887,21631,376595,66092,31778,34314
65660,406977,30351,195905,21631,376626,66095,31781,34314
65665,407008,30351,195919,21631,376657,66098,31784,34314
65670,407039,30351,195932,21631,376688,66101,31785,34316
65675,407070,30351,195945,21631,376718,66104,31786,34318
65680,407101,30353,195958,21632,376747,66107,31788,34319
65685,407132,30355,195976,21633,376776,66110,31789,34321
65690,407163,30357,195991,21634,376806,66113,31789,34324
65695,407194,30358,196007,21634,376835,66116,31792,34324
65700,407225,30360,196022,21635,376864,66119,31792,34327
65705,407256,30362,196040,21636,376894,66121,31792,34329
65710,407287,30363,196056,21636,376924,66123,31793,34330
65715,407318,30365,196069,21636,376952,66125,31795,34330
65720,407349,30369,196086,21640,376979,66127,31795,34332
65725,407380,30372,196099,21641,377008,66129,31796,34333
65730,407411,30375,196113,21643,377035,66131,31796,34335
65735,407442,30379,196133,21646,377062,66133,31797,34336
65740,407473,30382,196145,21648,377091,66135,31797,34338
65745,407504,30386,196157,21651,377117,66139,31798,34341
65750,407535,30393,196173,21655,377140,66143,31801,34342
65755,407566,30396,196189,21658,377169,66147,31804,34343
65760,407597,30398,196205,21659,377199,66151,31805,34346
65765,407628,30400,196214,21661,377228,66155,31805,34350
65770,407659,30403,196225,21662,377256,66159,31808,34351
65775,407690,30407,196241,21664,377283,66163,31810,34353
65780,407721,30410,196253,21665,377311,66167,31813,34354
65785,407752,30414,196268,21668,377337,66171,31815,34356
65790,407783,30417,196283,21671,377365,66175,31817,34358
65795,407814,30422,196297,21675,377392,66179,31818,34361
65800,407845,30424,196314,21677,377420,66183,31819,34364
65805,407876,30426,196334,21678,377449,66188,31823,34365
65810,407907,30427,196350,21679,377479,66193,31826,34367
65815,407938,30428,196366,21680,377509,66198,31829,34369
65820,407969,30430,196376,21681,377538,66203,31831,34372
65825,408000,30432,196389,21682,377567,66208,31833,34375
65830,408031,30434,196400,21684,377597,66213,31835,34378
65835,408062,30437,196420,21687,377625,66218,31838,34380
65840,408093,30437,196436,21687,377656,66223,31841,34382
65845,408124,30437,196452,21687,377687,66228,31843,34385
65850,408155,30437,196469,21687,377718,66233,31846,34387
65855,408186,30438,196483,21688,377748,66238,31849,34389
65860,408217,30440,196500,21689,377776,66243,31853,34390
65865,408248,30442,196514,21691,377803,66248,31856,34392
65870,408279,30445,196526,21694,377832,66253,31857,34396
65875,408310,30447,196540,21695,377862,66258,31859,34399
65880,408341,30449,196555,21697,377892,66263,31860,34403
65885,408372,30450,196571,21697,377921,66268,31862,34406
65890,408403,30452,196584,21698,377951,66273,31863,34410
65895,408434,30453,196592,21698,377981,66278,31865,34413
65900,408465,30455,196608,21699,378009,66283,31866,34417
65905,408496,30459,196626,21702,378036,66288,31870,34418
65910,408527,30463,196642,21705,378063,66293,31873,34420
65915,408558,30467,196659,21708,378091,66298,31876,34422
65920,408589,30468,196672,21708,378121,66303,31879,34424
65925,408620,30470,196691,21710,378150,66308,31882,34426
65930,408651,30471,196707,21710,378180,66313,31885,34428
65935,408682,30473,196721,21711,378209,66318,31888,34430
65940,408713,30477,196734,21713,378236,66323,31892,34431
65945,408744,30480,196750,21716,378264,66327,31893,34434
65950,408775,30483,196766,21719,378292,66331,31893,34438
65955,408806,30486,196779,21721,378320,66335,31894,34441
65960,408837,30489,196791,21723,378348,66339,31896,34443
65965,408868,30493,196807,21727,378375,66343,31898,34445
65970,408899,30497,196825,21730,378402,66347,31901,34446
65975,408930,30499,196835,21731,378431,66351,31902,34449
65980,408961,30503,196858,21734,378458,66355,31906,34449
65985,408992,30508,196872,21739,378484,66359,31906,34453
65990,409023,30513,196894,21744,378509,66363,31908,34455
65995,409054,30514,196910,21745,378539,66367,31910,34457
66000,409085,30515,196924,21746,378570,66371,31912,34459
66005,409116,30516,196940,21747,378599,66375,31914,34461
66010,409147,30519,196957,21750,378627,66379,31917,34462
66015,409178,30521,196975,21751,378656,66383,31918,34465
66020,409209,30521,196994,21751,378687,66387,31921,34466
66025,409240,30521,197005,21751,378719,66391,31922,34469
66030,409271,30524,197018,21754,378747,66395,31925,34470
66035,409302,30526,197033,21755,378775,66399,31927,34472
66040,409333,30528,197044,21756,378803,66403,31930,34473
66045,409364,30530,197064,21757,378832,66408,31932,34476
66050,409395,30533,197082,21760,378861,66413,31936,34477
66055,409426,30536,197095,21763,378889,66418,31940,34478
66060,409457,30538,197111,21764,378919,66423,31943,34480
66065,409488,30539,197123,21765,378949,66427,31943,34484
66070,409519,30540,197138,21765,378978,66431,31946,34485
66075,409550,30543,197158,21768,379006,66435,31948,34487
66080,409581,30546,197172,21770,379035,66439,31948,34491
66085,409612,30546,197184,21770,379066,66443,31949,34494
66090,409643,30546,197199,21770,379097,66447,31951,34496
66095,409674,30546,197214,21770,379128,66451,31952,34499
66100,409705,30546,197229,21770,379159,66455,31953,34502
66105,409736,30547,197239,21770,379189,66459,31953,34506
66110,409767,30548,197256,21770,379219,66463,31956,34507
66115,409798,30549,197266,21770,379249,66467,31956,34511
66120,409829,30554,197286,21774,379275,66471,31958,34513
66125,409860,30557,197297,21777,379303,66475,31959,34516
66130,409891,30563,197311,21782,379328,66479,31960,34519
66135,409922,30566,197327,21783,379356,66483,31964,34519
66140,409953,30570,197346,21786,379383,66487,31966,34521
66145,409984,30574,197364,21789,379410,66490,31968,34522
66150,410015,30576,197379,21790,379439,66493,31970,34523
66155,410046,30579,197394,21792,379467,66496,31971,34525
66160,410077,30582,197412,21793,379495,66499,31973,34526
66165,410108,30586,197427,21796,379522,66502,31975,34527
66170,410139,30589,197445,21798,379550,66506,31978,34528
66175,410170,30592,197460,21800,379576,66510,31982,34528
66180,410201,30594,197476,21802,379607,66514,31985,34529
66185,410232,30595,197485,21802,379636,66517,31986,34531
66190,410263,30596,197496,21803,379667,66520,31987,34533
66195,410294,30599,197511,21805,379694,66523,31988,34535
66200,410325,30602,197526,21807,379721,66526,31989,34537
66205,410356,30605,197543,21810,379750,66529,31991,34538
66210,410387,30608,197554,21812,379777,66532,31992,34540
66215,410418,30613,197567,21816,379804,66535,31994,34541
66220,410449,30618,197582,21821,379829,66538,31995,34543
66225,410480,30622,197597,21824,379857,66541,31995,34546
66230,410511,30627,197608,21828,379883,66544,31995,34549
66235,410542,30629,197620,21830,379913,66547,31997,34550
66240,410573,30631,197634,21832,379942,66550,31998,34552
66245,410604,30633,197645,21834,379971,66552,31998,34554
66250,410635,30635,197659,21836,380000,66554,31998,34556
66255,410666,30637,197671,21838,380029,66556,31998,34558
66260,410697,30637,197681,21838,380060,66558,32000,34558
66265,410728,30637,197693,21838,380091,66560,32000,34560
66270,410759,30637,197706,21838,380122,66562,32002,34560
66275,410790,30637,197716,21838,380153,66564,32003,34561
66280,410821,30637,197729,21838,380184,66566,32004,34562
66285,410852,30637,197742,21838,380215,66569,32006,34563
66290,410883,30638,197756,21839,380245,66572,32008,34564
66295,410914,30639,197774,21840,380275,66575,32010,34565
66300,410945,30640,197789,21841,380305,66578,32012,34566
66305,410976,30642,197810,21843,380334,66581,32014,34567
66310,411007,30644,197824,21844,380363,66584,32015,34569
66315,411038,30646,197835,21846,380392,66587,32016,34571
66320,411069,30647,197847,21847,380422,66590,32017,34573
66325,411100,30649,197864,21849,380451,66593,32019,34574
66330,411131,30651,197875,21851,380480,66596,32020,34576
66335,411162,30652,197890,21852,380508,66599,32021,34578
66340,411193,30656,197906,21854,380535,66602,32021,34581
66345,411224,30661,197922,21858,380562,66606,32022,34584
66350,411255,30666,197938,21863,380587,66610,32024,34586
66355,411286,30672,197952,21867,380613,66614,32025,34589
66360,411317,30675,197963,21869,380641,66618,32026,34592
66365,411348,30678,197977,21871,380669,66620,32028,34592
66370,411379,30682,197991,21875,380696,66623,32028,34595
66375,411410,30685,198005,21877,380724,66626,32028,34598
66380,411441,30688,198020,21879,380753,66629,32029,34600
66385,411472,30690,198033,21881,380782,66632,32031,34601
66390,411503,30692,198051,21882,380810,66635,32033,34602
66395,411534,30695,198064,21884,380838,66638,32033,34605
66400,411565,30697,198078,21885,380868,66641,32035,34606
66405,411596,30700,198094,21888,380896,66644,32038,34606
66410,411627,30703,198111,21890,380924,66647,32041,34606
66415,411658,30705,198125,21892,380953,66650,32042,34608
66420,411689,30708,198145,21894,380981,66653,32043,34610
66425,411720,30712,198155,21896,381008,66656,32043,34613
66430,411751,30714,198169,21898,381037,66659,32044,34615
66435,411782,30716,198186,21900,381066,66662,32046,34616
66440,411813,30717,198200,21901,381096,66665,32048,34617
66445,411844,30719,198211,21902,381125,66668,32051,34617
66450,411875,30720,198231,21902,381155,66671,32052,34619
66455,411906,30721,198247,21902,381185,66674,32052,34622
66460,411937,30724,198265,21904,381213,66677,32053,34624
66465,411968,30726,198278,21906,381242,66680,32054,34626
66470,411999,30727,198290,21906,381272,66683,32054,34629
66475,412030,30728,198311,21907,381301,66686,32055,34631
66480,412061,30729,198329,21907,381332,66689,32057,34632
66485,412092,30730,198343,21908,381362,66692,32058,34634
66490,412123,30732,198357,21909,381391,66695,32060,34635
66495,412154,30734,198373,21911,381420,66698,32061,34637
66500,412185,30736,198385,21912,381449,66701,32063,34638
66505,412216,30739,198406,21915,381477,66704,32066,34638
66510,412247,30742,198421,21918,381502,66707,32066,34641
66515,412278,30746,198430,21921,381531,66710,32067,34643
66520,412309,30748,198446,21923,381560,66713,32068,34645
66525,412340,30748,198461,21923,381591,66716,32068,34648
66530,412371,30749,198481,21924,381620,66719,32071,34648
66535,412402,30751,198498,21926,381649,66722,32073,34649
66540,412433,30753,198513,21928,381680,66724,32073,34651
66545,412464,30754,198526,21928,381710,66724,32073,34651
66550,412495,30755,198543,21929,381739,66724,32073,34651
66555,412526,30756,198561,21930,381770,66724,32073,34651
66560,412557,30757,198576,21931,381800,66724,32073,34651
66565,412588,30759,198591,21933,381829,66724,32073,34651
66570,412619,30761,198606,21934,381857,66724,32073,34651
66575,412650,30764,198621,21935,381885,66724,32073,34651
66580,412681,30767,198640,21937,381914,66724,32073,34651
66585,412712,30769,198654,21938,381943,66724,32073,34651
66590,412743,30772,198665,21940,381971,66724,32073,34651
66595,412774,30776,198681,21944,381997,66724,32073,34651
66600,412805,30782,198695,21949,382023,66724,32073,34651
66605,412836,30784,198706,21950,382052,66724,32073,34651
66610,412867,30787,198718,21953,382080,66724,32073,34651
66615,412898,30792,198735,21957,382106,66724,32073,34651
66620,412929,30794,198746,21958,382135,66724,32073,34651
66625,412960,30797,198758,21960,382163,66724,32073,34651
66630,412991,30800,198775,21961,382191,66724,32073,34651
66635,413022,30802,198785,21961,382220,66724,32073,34651
66640,413053,30804,198800,21963,382249,66724,32073,34651
66645,413084,30808,198810,21966,382275,66725,32074,34651
66650,413115,30811,198825,21969,382304,66726,32075,34651
66655,413146,30815,198843,21972,382331,66727,32075,34652
66660,413177,30816,198856,21973,382361,66728,32075,34653
66665,413208,30818,198872,21975,382390,66728,32075,34653
66670,413239,30819,198882,21975,382420,66728,32075,34653
66675,413270,30820,198901,21976,382449,66728,32075,34653
66680,413301,30824,198916,21979,382476,66728,32075,34653
66685,413332,30827,198925,21981,382504,66728,32075,34653
66690,413363,30830,198941,21984,382531,66728,32075,34653
66695,413394,30834,198956,21988,382557,66728,32075,34653
66700,413425,30835,198966,21989,382589,66728,32075,34653
66705,413456,30835,198981,21989,382621,66728,32075,34653
66710,413487,30835,198999,21989,382651,66728,32075,34653
66715,413518,30835,199016,21989,382682,66728,32075,34653
66720,413549,30835,199031,21989,382713,66729,32075,34654
66725,413580,30836,199043,21989,382742,66730,32075,34655
66730,413611,30839,199057,21991,382771,66731,32076,34655
66735,413642,30841,199068,21993,382801,66732,32077,34655
66740,413673,30842,199081,21993,382831,66733,32078,34655
66745,413704,30844,199095,21995,382860,66734,32078,34656
66750,413735,30846,199109,21997,382888,66735,32079,34656
66755,413766,30849,199127,21999,382916,66736,32079,34657
66760,413797,30852,199140,22002,382945,66737,32079,34658
66765,413828,30856,199157,22005,382971,66738,32080,34658
66770,413859,30860,199176,22008,382999,66738,32080,34658
66775,413890,30861,199192,22009,383029,66738,32080,34658
66780,413921,30862,199207,22009,383059,66738,32080,34658
66785,413952,30863,199222,22009,383089,66738,32080,34658
66790,413983,30864,199232,22010,383119,66738,32080,34658
66795,414014,30865,199250,22010,383149,66738,32080,34658
66800,414045,30866,199264,22011,383179,66738,32080,34658
66805,414076,30868,199281,22012,383208,66738,32080,34658
66810,414107,30870,199294,22013,383236,66738,32080,34658
66815,414138,30873,199309,22015,383265,66738,32080,34658
66820,414169,30876,199323,22018,383293,66738,32080,34658
66825,414200,30880,199340,22021,383320,66738,32080,34658
66830,414231,30882,199353,22023,383349,66738,32080,34658
66835,414262,30887,199372,22028,383374,66738,32080,34658
66840,414293,30892,199389,22033,383400,66738,32080,34658
66845,414324,30897,199402,22036,383426,66738,32080,34658
66850,414355,30902,199418,22039,383452,66738,32080,34658
66855,414386,30907,199434,22042,383477,66738,32080,34658
66860,414417,30912,199449,22045,383504,66738,32080,34658
66865,414448,30913,199460,22046,383533,66738,32080,34658
66870,414479,30913,199472,22046,383564,66738,32080,34658
66875,414510,30913,199488,22046,383596,66738,32080,34658
66880,414541,30913,199501,22046,383626,66738,32080,34658
66885,414572,30914,199520,22046,383656,66738,32080,34658
66890,414603,30915,199537,22046,383687,66738,32080,34658
66895,414634,30916,199556,22046,383717,66738,32080,34658
66900,414665,30917,199574,22047,383748,66738,32080,34658
66905,414696,30918,199589,22047,383777,66738,32080,34658
66910,414727,30919,199612,22048,383808,66738,32080,34658
66915,414758,30920,199626,22049,383837,66738,32080,34658
66920,414789,30921,199643,22050,383868,66738,32080,34658
66925,414820,30922,199665,22050,383898,66738,32080,34658
66930,414851,30923,199675,22051,383928,66738,32080,34658
66935,414882,30924,199692,22052,383958,66738,32080,34658
66940,414913,30925,199705,22053,383988,66738,32080,34658
66945,414944,30929,199722,22056,384015,66738,32080,34658
66950,414975,30932,199742,22059,384043,66738,32080,34658
66955,415006,30935,199758,22062,384071,66738,32080,34658
66960,415037,30937,199776,22063,384100,66738,32080,34658
66965,415068,30941,199796,22067,384127,66738,32080,34658
66970,415099,30945,199813,22071,384154,66738,32080,34658
66975,415130,30947,199828,22072,384183,66738,32080,34658
66980,415161,30949,199844,22073,384212,66738,32080,34658
66985,415192,30951,199861,22075,384241,66738,32080,34658
66990,415223,30953,199875,22075,384270,66738,32080,34658
66995,415254,30956,199886,22077,384298,66738,32080,34658
67000,415285,30958,199907,22079,384326,66738,32080,34658
67005,415316,30962,199921,22082,384353,66738,32080,34658
67010,415347,30965,199935,22084,384381,66738,32080,34658
67015,415378,30970,199953,22088,384406,66738,32080,34658
67020,415409,30977,199967,22095,384431,66738,32080,34658
67025,415440,30979,199981,22097,384459,66738,32080,34658
67030,415471,30980,199989,22097,384490,66738,32080,34658
67035,415502,30982,200001,22098,384518,66738,32080,34658
67040,415533,30983,200013,22098,384550,66738,32080,34658
67045,415564,30985,200025,22099,384579,66738,32080,34658
67050,415595,30987,200040,22100,384607,66738,32080,34658
67055,415626,30988,200054,22101,384638,66738,32080,34658
67060,415657,30991,200067,22103,384666,66738,32080,34658
67065,415688,30993,200083,22104,384695,66738,32080,34658
67070,415719,30996,200100,22107,384722,66738,32080,34658
67075,415750,30997,200113,22108,384752,66738,32080,34658
67080,415781,30999,200129,22109,384781,66738,32080,34658
67085,415812,31003,200148,22112,384808,66738,32080,34658
67090,415843,31006,200161,22114,384836,66738,32080,34658
67095,415874,31007,200175,22114,384866,66738,32080,34658
67100,415905,31009,200190,22116,384895,66738,32080,34658
67105,415936,31010,200209,22116,384925,66738,32080,34658
67110,415967,31012,200222,22117,384955,66738,32080,34658
67115,415998,31013,200236,22117,384985,66738,32080,34658
67120,416029,31014,200255,22118,385015,66738,32080,34658
67125,416060,31015,200265,22118,385045,66738,32080,34658
67130,416091,31020,200279,22122,385071,66738,32080,34658
67135,416122,31023,200294,22125,385099,66738,32080,34658
67140,416153,31025,200305,22127,385128,66738,32080,34658
67145,416184,31027,200317,22127,385157,66738,32080,34658
67150,416215,31030,200327,22128,385185,66738,32080,34658
67155,416246,31032,200338,22130,385214,66738,32080,34658
67160,416277,31036,200350,22132,385241,66738,32080,34658
67165,416308,31041,200363,22135,385267,66738,32080,34658
67170,416339,31043,200383,22136,385296,66738,32080,34658
67175,416370,31045,200396,22137,385325,66738,32080,34658
67180,416401,31047,200406,22139,385354,66738,32080,34658
67185,416432,31050,200420,22141,385381,66738,32080,34658
67190,416463,31052,200438,22143,385410,66738,32080,34658
67195,416494,31055,200458,22145,385438,66738,32080,34658
67200,416525,31057,200471,22147,385467,66738,32080,34658
67205,416556,31058,200488,22147,385497,66738,32080,34658
67210,416587,31059,200498,22147,385528,66738,32080,34658
67215,416618,31060,200515,22148,385555,66738,32080,34658
67220,416649,31061,200529,22149,385588,66738,32080,34658
67225,416680,31062,200542,22149,385617,66738,32080,34658
67230,416711,31063,200556,22150,385646,66738,32080,34658
67235,416742,31064,200571,22151,385678,66738,32080,34658
67240,416773,31065,200590,22152,385707,66738,32080,34658
67245,416804,31066,200600,22152,385737,66738,32080,34658
67250,416835,31068,200616,22153,385766,66738,32080,34658
67255,416866,31070,200631,22154,385796,66738,32080,34658
67260,416897,31072,200649,22156,385824,66738,32080,34658
67265,416928,31074,200667,22158,385853,66738,32080,34658
67270,416959,31075,200683,22159,385883,66738,32080,34658
67275,416990,31078,200697,22161,385912,66738,32080,34658
67280,417021,31082,200711,22164,385939,66738,32080,34658
67285,417052,31085,200723,22166,385967,66738,32080,34658
67290,417083,31089,200737,22168,385994,66738,32080,34658
67295,417114,31093,200751,22171,386021,66738,32080,34658
67300,417145,31096,200763,22173,386049,66738,32080,34658
67305,417176,31099,200772,22175,386077,66738,32080,34658
67310,417207,31102,200785,22176,386105,66738,32080,34658
67315,417238,31104,200802,22177,386134,66738,32080,34658
67320,417269,31107,200821,22178,386162,66738,32080,34658
67325,417300,31110,200835,22180,386190,66738,32080,34658
67330,417331,31113,200854,22181,386218,66738,32080,34658
67335,417362,31116,200867,22182,386246,66738,32080,34658
67340,417393,31119,200884,22185,386274,66738,32080,34658
67345,417424,31122,200897,22187,386302,66738,32080,34658
67350,417455,31125,200914,22189,386330,66738,32080,34658
67355,417486,31129,200928,22192,386357,66738,32080,34658
67360,417517,31132,200940,22193,386385,66738,32080,34658
67365,417548,31135,200955,22194,386413,66738,32080,34658
67370,417579,31136,200972,22195,386442,66738,32080,34658
67375,417610,31138,200982,22196,386472,66738,32080,34658
67380,417641,31139,200994,22196,386501,66738,32080,34658
67385,417672,31141,201009,22198,386530,66738,32080,34658
67390,417703,31143,201018,22199,386560,66738,32080,34658
67395,417734,31145,201032,22200,386587,66738,32080,34658
67400,417765,31148,201047,22203,386617,66738,32080,34658
67405,417796,31148,201066,22203,386648,66738,32080,34658
67410,417827,31148,201083,22203,386678,66738,32080,34658
67415,417858,31149,201097,22203,386708,66738,32080,34658
67420,417889,31150,201109,22204,386739,66738,32080,34658
67425,417920,31151,201126,22205,386768,66738,32080,34658
67430,417951,31152,201140,22206,386799,66738,32080,34658
67435,417982,31153,201158,22206,386829,66738,32080,34658
67440,418013,31154,201172,22207,386859,66738,32080,34658
67445,418044,31155,201183,22207,386889,66738,32080,34658
67450,418075,31156,201205,22208,386919,66738,32080,34658
67455,418106,31157,201213,22208,386949,66738,32080,34658
67460,418137,31158,201228,22208,386979,66738,32080,34658
67465,418168,31159,201241,22209,387009,66738,32080,34658
67470,418199,31160,201255,22210,387039,66738,32080,34658
67475,418230,31162,201268,22212,387068,66738,32080,34658
67480,418261,31164,201284,22214,387097,66738,32080,34658
67485,418292,31166,201296,22214,387126,66738,32080,34658
67490,418323,31169,201313,22215,387153,66738,32080,34658
67495,418354,31171,201331,22215,387183,66738,32080,34658
67500,418385,31173,201347,22215,387212,66738,32080,34658
67505,418416,31176,201363,22217,387240,66738,32080,34658
67510,418447,31181,201381,22221,387265,66738,32080,34658
67515,418478,31186,201396,22225,387292,66738,32080,34658
67520,418509,31191,201411,22229,387318,66738,32080,34658
67525,418540,31195,201422,22231,387344,66738,32080,34658
67530,418571,31200,201433,22235,387370,66738,32080,34658
67535,418602,31206,201450,22239,387395,66738,32080,34658
67540,418633,31211,201461,22242,387421,66738,32080,34658
67545,418664,31219,201481,22250,387443,66738,32080,34658
67550,418695,31224,201496,22254,387470,66738,32080,34658
67555,418726,31229,201512,22258,387496,66738,32080,34658
67560,418757,31234,201531,22261,387520,66738,32080,34658
67565,418788,31238,201549,22265,387549,66738,32080,34658
67570,418819,31240,201563,22266,387579,66738,32080,34658
67575,418850,31240,201577,22266,387610,66738,32080,34658
67580,418881,31240,201594,22266,387640,66738,32080,34658
67585,418912,31240,201610,22266,387671,66738,32080,34658
67590,418943,31240,201625,22266,387703,66738,32080,34658
67595,418974,31240,201639,22266,387734,66738,32080,34658
67600,419005,31240,201653,22266,387765,66738,32080,34658
67605,419036,31240,201665,22266,387796,66738,32080,34658
67610,419067,31240,201681,22266,387827,66738,32080,34658
67615,419098,31240,201695,22266,387858,66738,32080,34658
67620,419129,31240,201709,22266,387889,66738,32080,34658
67625,419160,31240,201722,22266,387920,66738,32080,34658
67630,419191,31240,201734,22266,387951,66738,32080,34658
67635,419222,31240,201753,22266,387982,66738,32080,34658
67640,419253,31240,201768,22266,388013,66738,32080,34658
67645,419284,31240,201783,22266,388044,66738,32080,34658
67650,419315,31240,201798,22266,388075,66738,32080,34658
67655,419346,31240,201819,22266,388106,66738,32080,34658
67660,419377,31241,201832,22266,388136,66738,32080,34658
67665,419408,31243,201845,22266,388165,66738,32080,34658
67670,419439,31245,201862,22267,388194,66738,32080,34658
67675,419470,31247,201880,22269,388223,66738,32080,34658
67680,419501,31250,201893,22271,388251,66738,32080,34658
67685,419532,31254,201906,22273,388278,66738,32080,34658
67690,419563,31257,201919,22275,388306,66738,32080,34658
67695,419594,31260,201929,22276,388334,66738,32080,34658
67700,419625,31264,201946,22279,388360,66738,32080,34658
67705,419656,31267,201957,22279,388389,66738,32080,34658
67710,419687,31272,201972,22282,388415,66738,32080,34658
67715,419718,31276,201983,22285,388441,66738,32080,34658
67720,419749,31280,201996,22288,388469,66738,32080,34658
67725,419780,31285,202013,22292,388493,66738,32080,34658
67730,419811,31292,202028,22298,388518,66738,32080,34658
67735,419842,31298,202040,22301,388541,66738,32080,34658
67740,419873,31303,202052,22305,388568,66738,32080,34658
67745,419904,31306,202065,22307,388598,66738,32080,34658
67750,419935,31308,202080,22307,388625,66738,32080,34658
67755,419966,31313,202096,22310,388652,66738,32080,34658
67760,419997,31316,202110,22313,388681,66738,32080,34658
67765,420028,31318,202122,22314,388710,66738,32080,34658
67770,420059,31319,202134,22315,388739,66738,32080,34658
67775,420090,31322,202147,22317,388767,66738,32080,34658
67780,420121,31324,202165,22318,388797,66738,32080,34658
67785,420152,31326,202180,22319,388826,66738,32080,34658
67790,420183,31328,202198,22321,388855,66738,32080,34658
67795,420214,31330,202215,22322,388883,66738,32080,34658
67800,420245,31333,202227,22324,388912,66738,32080,34658
67805,420276,31333,202246,22324,388943,66738,32080,34658
67810,420307,31333,202260,22324,388974,66738,32080,34658
67815,420338,31333,202277,22324,389005,66738,32080,34658
67820,420369,31333,202289,22324,389036,66738,32080,34658
67825,420400,31333,202305,22324,389067,66738,32080,34658
67830,420431,31333,202317,22324,389098,66738,32080,34658
67835,420462,31333,202328,22324,389129,66738,32080,34658
67840,420493,31333,202341,22324,389160,66738,32080,34658
67845,420524,31334,202356,22324,389190,66738,32080,34658
67850,420555,31335,202369,22324,389220,66738,32080,34658
67855,420586,31336,202383,22324,389250,66738,32080,34658
67860,420617,31337,202402,22325,389279,66738,32080,34658
67865,420648,31339,202417,22325,389308,66738,32080,34658
67870,420679,31341,202432,22326,389337,66738,32080,34658
67875,420710,31343,202444,22326,389367,66738,32080,34658
67880,420741,31345,202457,22327,389396,66738,32080,34658
67885,420772,31347,202470,22327,389425,66738,32080,34658
67890,420803,31349,202485,22328,389454,66738,32080,34658
67895,420834,31351,202498,22329,389483,66738,32080,34658
67900,420865,31353,202519,22330,389512,66738,32080,34658
67905,420896,31355,202537,22332,389540,66738,32080,34658
67910,420927,31361,202554,22336,389565,66738,32080,34658
67915,420958,31365,202568,22337,389592,66738,32080,34658
67920,420989,31372,202583,22342,389616,66738,32080,34658
67925,421020,31377,202597,22347,389641,66738,32080,34658
67930,421051,31384,202616,22352,389666,66738,32080,34658
67935,421082,31387,202627,22353,389694,66738,32080,34658
67940,421113,31389,202638,22355,389723,66738,32080,34658
67945,421144,31391,202653,22355,389753,66738,32080,34658
67950,421175,31393,202671,22356,389781,66738,32080,34658
67955,421206,31395,202684,22357,389811,66738,32080,34658
67960,421237,31399,202700,22361,389838,66738,32080,34658
67965,421268,31403,202716,22365,389865,66738,32080,34658
67970,421299,31408,202729,22368,389891,66738,32080,34658
67975,421330,31409,202743,22369,389919,66738,32080,34658
67980,421361,31410,202755,22369,389949,66738,32080,34658
67985,421392,31411,202768,22369,389980,66738,32080,34658
67990,421423,31412,202782,22370,390010,66738,32080,34658
67995,421454,31414,202796,22371,390039,66738,32080,34658
68000,421485,31415,202811,22371,390070,66738,32080,34658
68005,421516,31416,202822,22371,390099,66738,32080,34658
68010,421547,31417,202833,22371,390130,66738,32080,34658
68015,421578,31419,202851,22372,390159,66738,32080,34658
68020,421609,31421,202866,22373,390187,66738,32080,34658
68025,421640,31423,202878,22375,390216,66738,32080,34658
68030,421671,31424,202891,22376,390247,66738,32080,34658
68035,421702,31426,202904,22377,390275,66738,32080,34658
68040,421733,31429,202920,22380,390304,66738,32080,34658
68045,421764,31431,202936,22382,390333,66738,32080,34658
68050,421795,31436,202957,22387,390359,66738,32080,34658
68055,421826,31440,202976,22391,390386,66738,32080,34658
68060,421857,31441,202987,22392,390415,66738,32080,34658
68065,421888,31444,202999,22394,390444,66738,32080,34658
68070,421919,31446,203013,22396,390472,66738,32080,34658
68075,421950,31449,203021,22399,390501,66738,32080,34658
68080,421981,31452,203031,22401,390529,66738,32080,34658
68085,422012,31455,203044,22402,390557,66738,32080,34658
68090,422043,31459,203059,22404,390584,66738,32080,34658
68095,422074,31462,203074,22406,390612,66738,32080,34658
68100,422105,31469,203092,22412,390635,66738,32080,34658
68105,422136,31472,203109,22415,390664,66738,32080,34658
68110,422167,31473,203123,22416,390694,66738,32080,34658
68115,422198,31474,203139,22417,390724,66738,32080,34658
68120,422229,31477,203153,22419,390752,66738,32080,34658
68125,422260,31480,203168,22422,390780,66738,32080,34658
68130,422291,31480,203186,22422,390811,66738,32080,34658
68135,422322,31480,203203,22422,390842,66738,32080,34658
68140,422353,31480,203220,22422,390873,66738,32080,34658
68145,422384,31480,203237,22422,390901,66738,32080,34658
68150,422415,31480,203253,22422,390934,66738,32080,34658
68155,422446,31480,203266,22422,390966,66738,32080,34658
68160,422477,31480,203280,22422,390996,66738,32080,34658
68165,422508,31481,203297,22423,391025,66738,32080,34658
68170,422539,31482,203313,22423,391056,66738,32080,34658
68175,422570,31483,203331,22423,391085,66738,32080,34658
68180,422601,31484,203344,22423,391116,66738,32080,34658
68185,422632,31485,203356,22423,391146,66738,32080,34658
68190,422663,31486,203372,22424,391176,66738,32080,34658
68195,422694,31487,203384,22424,391206,66738,32080,34658
68200,422725,31488,203399,22425,391237,66738,32080,34658
68205,422756,31490,203409,22426,391266,66738,32080,34658
68210,422787,31492,203426,22427,391295,66738,32080,34658
68215,422818,31494,203442,22428,391323,66738,32080,34658
68220,422849,31496,203461,22430,391352,66738,32080,34658
68225,422880,31498,203479,22431,391382,66738,32080,34658
68230,422911,31502,203493,22433,391409,66738,32080,34658
68235,422942,31507,203507,22437,391435,66738,32080,34658
68240,422973,31512,203524,22439,391461,66738,32080,34658
68245,423004,31516,203544,22443,391488,66738,32080,34658
68250,423035,31522,203557,22447,391513,66738,32080,34658
68255,423066,31526,203571,22449,391540,66738,32080,34658
68260,423097,31531,203580,22451,391566,66738,32080,34658
68265,423128,31536,203597,22454,391592,66738,32080,34658
68270,423159,31541,203611,22457,391618,66738,32080,34658
68275,423190,31545,203625,22459,391645,66738,32080,34658
68280,423221,31551,203643,22464,391670,66738,32080,34658
68285,423252,31556,203657,22467,391696,66738,32080,34658
68290,423283,31560,203669,22469,391723,66738,32080,34658
68295,423314,31567,203685,22476,391747,66738,32080,34658
68300,423345,31573,203699,22480,391771,66738,32080,34658
68305,423376,31573,203708,22480,391803,66738,32080,34658
68310,423407,31573,203726,22480,391833,66738,32080,34658
68315,423438,31573,203741,22480,391865,66738,32080,34658
68320,423469,31573,203755,22480,391896,66738,32080,34658
68325,423500,31573,203767,22480,391927,66738,32080,34658
68330,423531,31573,203777,22480,391958,66738,32080,34658
68335,423562,31573,203793,22480,391988,66738,32080,34658
68340,423593,31573,203807,22480,392020,66738,32080,34658
68345,423624,31573,203822,22480,392050,66738,32080,34658
68350,423655,31573,203838,22480,392082,66738,32080,34658
68355,423686,31573,203847,22480,392113,66738,32080,34658
68360,423717,31573,203864,22480,392144,66738,32080,34658
68365,423748,31573,203880,22480,392175,66738,32080,34658
68370,423779,31573,203899,22480,392206,66738,32080,34658
68375,423810,31573,203911,22480,392237,66738,32080,34658
68380,423841,31573,203925,22480,392268,66738,32080,34658
68385,423872,31573,203939,22480,392299,66738,32080,34658
68390,423903,31573,203949,22480,392330,66738,32080,34658
68395,423934,31573,203968,22480,392361,66738,32080,34658
68400,423965,31573,203984,22480,392392,66738,32080,34658
68405,423996,31573,204000,22480,392423,66738,32080,34658
68410,424027,31576,204018,22482,392451,66738,32080,34658
68415,424058,31579,204034,22484,392479,66738,32080,34658
68420,424089,31583,204047,22488,392506,66738,32080,34658
68425,424120,31586,204065,22489,392534,66738,32080,34658
68430,424151,31590,204081,22491,392561,66738,32080,34658
68435,424182,31594,204099,22492,392588,66738,32080,34658
68440,424213,31598,204114,22494,392615,66738,32080,34658
68445,424244,31602,204130,22496,392641,66738,32080,34658
68450,424275,31606,204149,22498,392669,66738,32080,34658
68455,424306,31610,204165,22501,392696,66738,32080,34658
68460,424337,31614,204180,22502,392722,66738,32080,34658
68465,424368,31620,204191,22506,392747,66738,32080,34658
68470,424399,31625,204207,22509,392771,66738,32080,34658
68475,424430,31633,204220,22514,392796,66738,32080,34658
68480,424461,31637,204238,22518,392821,66738,32080,34658
68485,424492,31642,204251,22522,392847,66738,32080,34658
68490,424523,31645,204268,22525,392877,66738,32080,34658
68495,424554,31646,204281,22526,392907,66738,32080,34658
68500,424585,31648,204297,22527,392935,66738,32080,34658
68505,424616,31650,204309,22529,392965,66738,32080,34658
68510,424647,31651,204321,22529,392996,66738,32080,34658
68515,424678,31654,204338,22531,393023,66738,32080,34658
68520,424709,31656,204347,22532,393052,66738,32080,34658
68525,424740,31658,204364,22533,393082,66738,32080,34658
68530,424771,31659,204379,22534,393111,66738,32080,34658
68535,424802,31662,204393,22536,393140,66738,32080,34658
68540,424833,31664,204408,22537,393168,66738,32080,34658
68545,424864,31664,204426,22537,393199,66738,32080,34658
68550,424895,31664,204441,22537,393231,66738,32080,34658
68555,424926,31664,204458,22537,393262,66738,32080,34658
68560,424957,31664,204475,22537,393293,66738,32080,34658
68565,424988,31664,204489,22537,393324,66738,32080,34658
68570,425019,31664,204504,22537,393355,66738,32080,34658
68575,425050,31664,204521,22537,393386,66738,32080,34658
68580,425081,31664,204535,22537,393417,66738,32080,34658
68585,425112,31666,204542,22538,393446,66738,32080,34658
68590,425143,31667,204553,22538,393476,66738,32080,34658
68595,425174,31670,204569,22541,393504,66738,32080,34658
68600,425205,31673,204585,22543,393532,66738,32080,34658
68605,425236,31675,204601,22545,393561,66738,32080,34658
68610,425267,31677,204616,22545,393590,66738,32080,34658
68615,425298,31681,204627,22549,393617,66738,32080,34658
68620,425329,31686,204644,22553,393643,66738,32080,34658
68625,425360,31691,204662,22556,393669,66738,32080,34658
68630,425391,31696,204674,22561,393695,66738,32080,34658
68635,425422,31702,204693,22566,393719,66738,32080,34658
68640,425453,31705,204708,22569,393748,66738,32080,34658
68645,425484,31706,204721,22570,393777,66738,32080,34658
68650,425515,31709,204738,22571,393805,66738,32080,34658
68655,425546,31713,204755,22573,393832,66738,32080,34658
68660,425577,31715,204766,22575,393862,66738,32080,34658
68665,425608,31716,204786,22575,393891,66738,32080,34658
68670,425639,31717,204799,22575,393921,66738,32080,34658
68675,425670,31718,204812,22576,393950,66738,32080,34658
68680,425701,31719,204832,22576,393980,66738,32080,34658
68685,425732,31721,204846,22578,394010,66738,32080,34658
68690,425763,31723,204856,22579,394040,66738,32080,34658
68695,425794,31725,204869,22580,394068,66738,32080,34658
68700,425825,31726,204883,22580,394098,66738,32080,34658
68705,425856,31727,204900,22580,394128,66738,32080,34658
68710,425887,31728,204915,22581,394159,66738,32080,34658
68715,425918,31730,204933,22583,394188,66738,32080,34658
68720,425949,31732,204949,22584,394217,66738,32080,34658
68725,425980,31733,204961,22584,394247,66738,32080,34658
68730,426011,31734,204974,22584,394277,66738,32080,34658
68735,426042,31736,204993,22586,394306,66738,32080,34658
68740,426073,31737,205004,22586,394336,66738,32080,34658
68745,426104,31740,205015,22589,394364,66738,32080,34658
68750,426135,31745,205041,22593,394390,66738,32080,34658
68755,426166,31748,205058,22595,394418,66738,32080,34658
68760,426197,31751,205070,22596,394446,66738,32080,34658
68765,426228,31754,205088,22598,394474,66738,32080,34658
68770,426259,31756,205099,22598,394503,66738,32080,34658
68775,426290,31758,205110,22599,394532,66738,32080,34658
68780,426321,31761,205127,22602,394560,66738,32080,34658
68785,426352,31764,205141,22604,394588,66738,32080,34658
68790,426383,31767,205157,22606,394616,66738,32080,34658
68795,426414,31770,205172,22608,394644,66738,32080,34658
68800,426445,31773,205185,22610,394672,66738,32080,34658
68805,426476,31775,205200,22611,394700,66738,32080,34658
68810,426507,31781,205215,22616,394725,66738,32080,34658
68815,426538,31785,205229,22619,394753,66738,32080,34658
68820,426569,31790,205245,22624,394778,66738,32080,34658
68825,426600,31791,205257,22625,394807,66738,32080,34658
68830,426631,31795,205271,22629,394835,66738,32080,34658
68835,426662,31797,205285,22630,394865,66738,32080,34658
68840,426693,31798,205299,22630,394895,66738,32080,34658
68845,426724,31800,205315,22632,394923,66738,32080,34658
68850,426755,31803,205326,22635,394951,66738,32080,34658
68855,426786,31804,205339,22636,394981,66738,32080,34658
68860,426817,31804,205354,22636,395013,66738,32080,34658
68865,426848,31804,205371,22636,395043,66738,32080,34658
68870,426879,31805,205385,22636,395073,66738,32080,34658
68875,426910,31806,205402,22637,395104,66738,32080,34658
68880,426941,31807,205417,22637,395134,66738,32080,34658
68885,426972,31808,205429,22637,395164,66738,32080,34658
68890,427003,31809,205444,22637,395194,66738,32080,34658
68895,427034,31810,205455,22637,395224,66738,32080,34658
68900,427065,31811,205470,22637,395254,66738,32080,34658
68905,427096,31812,205482,22638,395284,66738,32080,34658
68910,427127,31813,205498,22639,395314,66738,32080,34658
68915,427158,31814,205511,22639,395344,66738,32080,34658
68920,427189,31815,205523,22640,395374,66738,32080,34658
68925,427220,31818,205534,22643,395402,66738,32080,34658
68930,427251,31822,205549,22646,395429,66738,32080,34658
68935,427282,31824,205566,22648,395457,66738,32080,34658
68940,427313,31828,205579,22651,395485,66738,32080,34658
68945,427344,31832,205594,22655,395512,66738,32080,34658
68950,427375,31835,205607,22656,395540,66738,32080,34658
68955,427406,31839,205622,22658,395567,66738,32080,34658
68960,427437,31841,205639,22659,395596,66738,32080,34658
68965,427468,31845,205653,22661,395623,66738,32080,34658
68970,427499,31849,205665,22663,395649,66738,32080,34658
68975,427530,31852,205676,22665,395678,66738,32080,34658
68980,427561,31858,205691,22670,395701,66738,32080,34658
68985,427592,31867,205708,22678,395723,66738,32080,34658
68990,427623,31872,205723,22681,395749,66738,32080,34658
68995,427654,31878,205735,22684,395773,66738,32080,34658
69000,427685,31884,205749,22689,395800,66738,32080,34658
69005,427716,31886,205762,22691,395829,66738,32080,34658
69010,427747,31888,205774,22693,395859,66738,32080,34658
69015,427778,31888,205795,22693,395889,66738,32080,34658
69020,427809,31888,205808,22693,395920,66738,32080,34658
69025,427840,31888,205824,22693,395952,66738,32080,34658
69030,427871,31888,205838,22693,395982,66738,32080,34658
69035,427902,31888,205848,22693,396014,66738,32080,34658
69040,427933,31888,205862,22693,396045,66738,32080,34658
69045,427964,31888,205872,22693,396076,66738,32080,34658
69050,427995,31888,205888,22693,396107,66738,32080,34658
69055,428026,31888,205903,22693,396138,66738,32080,34658
69060,428057,31888,205918,22693,396169,66738,32080,34658
69065,428088,31888,205934,22693,396200,66738,32080,34658
69070,428119,31888,205953,22693,396231,66738,32080,34658
69075,428150,31888,205968,22693,396262,66738,32080,34658
69080,428181,31888,205987,22693,396293,66738,32080,34658
69085,428212,31888,205998,22693,396324,66738,32080,34658
69090,428243,31888,206010,22693,396355,66738,32080,34658
69095,428274,31888,206024,22693,396386,66738,32080,34658
69100,428305,31888,206044,22693,396417,66738,32080,34658
69105,428336,31889,206061,22693,396447,66738,32080,34658
69110,428367,31891,206076,22695,396476,66738,32080,34658
69115,428398,31896,206091,22698,396502,66738,32080,34658
69120,428429,31900,206106,22702,396529,66738,32080,34658
69125,428460,31906,206122,22706,396554,66738,32080,34658
69130,428491,31911,206140,22710,396580,66738,32080,34658
69135,428522,31917,206154,22714,396604,66738,32080,34658
69140,428553,31925,206169,22720,396626,66738,32080,34658
69145,428584,31928,206184,22722,396655,66738,32080,34658
69150,428615,31931,206203,22723,396683,66738,32080,34658
69155,428646,31934,206220,22725,396711,66738,32080,34658
69160,428677,31937,206233,22727,396739,66738,32080,34658
69165,428708,31941,206252,22731,396766,66738,32080,34658
69170,428739,31945,206267,22734,396791,66738,32080,34658
69175,428770,31951,206286,22739,396819,66738,32080,34658
69180,428801,31953,206301,22740,396848,66738,32080,34658
69185,428832,31955,206313,22742,396876,66738,32080,34658
69190,428863,31957,206326,22743,396905,66738,32080,34658
69195,428894,31960,206345,22745,396933,66738,32080,34658
69200,428925,31962,206365,22746,396962,66738,32080,34658
69205,428956,31964,206376,22747,396992,66738,32080,34658
69210,428987,31964,206389,22747,397023,66738,32080,34658
69215,429018,31964,206404,22747,397054,66738,32080,34658
69220,429049,31964,206415,22747,397085,66738,32080,34658
69225,429080,31964,206431,22747,397116,66738,32080,34658
69230,429111,31964,206441,22747,397147,66738,32080,34658
69235,429142,31964,206456,22747,397178,66738,32080,34658
69240,429173,31964,206471,22747,397209,66738,32080,34658
69245,429204,31964,206479,22747,397240,66738,32080,34658
69250,429235,31968,206494,22750,397267,66738,32080,34658
69255,429266,31969,206507,22750,397297,66738,32080,34658
69260,429297,31973,206524,22754,397324,66738,32080,34658
69265,429328,31976,206540,22756,397352,66738,32080,34658
69270,429359,31977,206550,22756,397382,66738,32080,34658
69275,429390,31978,206560,22757,397412,66738,32080,34658
69280,429421,31980,206573,22758,397441,66738,32080,34658
69285,429452,31984,206585,22760,397468,66738,32080,34658
69290,429483,31987,206593,22762,397496,66738,32080,34658
69295,429514,31990,206608,22764,397523,66738,32080,34658
69300,429545,31993,206624,22766,397551,66738,32080,34658
69305,429576,31995,206637,22768,397581,66738,32080,34658
69310,429607,31996,206650,22768,397611,66738,32080,34658
69315,429638,31998,206659,22769,397640,66738,32080,34658
69320,429669,32002,206671,22772,397666,66738,32080,34658
69325,429700,32005,206683,22774,397695,66738,32080,34658
69330,429731,32009,206698,22777,397721,66738,32080,34658
69335,429762,32013,206718,22779,397749,66738,32080,34658
69340,429793,32016,206732,22780,397776,66738,32080,34658
69345,429824,32020,206744,22783,397803,66738,32080,34658
69350,429855,32022,206759,22784,397833,66738,32080,34658
69355,429886,32023,206773,22784,397862,66738,32080,34658
69360,429917,32024,206787,22785,397892,66738,32080,34658
69365,429948,32025,206807,22785,397922,66738,32080,34658
69370,429979,32026,206817,22785,397953,66738,32080,34658
69375,430010,32027,206834,22785,397982,66738,32080,34658
69380,430041,32028,206850,22786,398012,66738,32080,34658
69385,430072,32029,206865,22787,398043,66738,32080,34658
69390,430103,32031,206882,22788,398072,66738,32080,34658
69395,430134,32032,206897,22789,398102,66738,32080,34658
69400,430165,32034,206913,22791,398131,66738,32080,34658
69405,430196,32036,206928,22793,398160,66738,32080,34658
69410,430227,32038,206935,22794,398189,66738,32080,34658
69415,430258,32040,206949,22796,398218,66738,32080,34658
69420,430289,32042,206962,22796,398246,66738,32080,34658
69425,430320,32044,206980,22797,398275,66738,32080,34658
69430,430351,32047,206993,22798,398304,66738,32080,34658
69435,430382,32050,207009,22800,398332,66738,32080,34658
69440,430413,32052,207024,22801,398361,66738,32080,34658
69445,430444,32055,207043,22803,398388,66738,32080,34658
69450,430475,32057,207056,22805,398417,66738,32080,34658
69455,430506,32060,207071,22807,398444,66738,32080,34658
69460,430537,32065,207084,22810,398472,66738,32080,34658
69465,430568,32072,207099,22815,398496,66738,32080,34658
69470,430599,32076,207112,22817,398523,66738,32080,34658
69475,430630,32081,207130,22820,398548,66738,32080,34658
69480,430661,32085,207142,22821,398575,66738,32080,34658
69485,430692,32092,207157,22826,398600,66738,32080,34658
69490,430723,32098,207176,22832,398624,66738,32080,34658
69495,430754,32102,207193,22835,398651,66738,32080,34658
69500,430785,32105,207208,22837,398680,66738,32080,34658
69505,430816,32107,207224,22839,398707,66738,32080,34658
69510,430847,32111,207244,22843,398736,66738,32080,34658
69515,430878,32111,207260,22843,398766,66738,32080,34658
69520,430909,32111,207276,22843,398798,66738,32080,34658
69525,430940,32111,207292,22843,398829,66738,32080,34658
69530,430971,32111,207309,22843,398860,66738,32080,34658
69535,431002,32111,207319,22843,398891,66738,32080,34658
69540,431033,32111,207335,22843,398922,66738,32080,34658
69545,431064,32111,207353,22843,398953,66738,32080,34658
69550,431095,32111,207370,22843,398984,66738,32080,34658
69555,431126,32111,207383,22843,399015,66738,32080,34658
69560,431157,32111,207399,22843,399046,66738,32080,34658
69565,431188,32111,207417,22843,399077,66738,32080,34658
69570,431219,32111,207430,22843,399108,66738,32080,34658
69575,431250,32111,207446,22843,399139,66738,32080,34658
69580,431281,32111,207460,22843,399170,66738,32080,34658
69585,431312,32111,207477,22843,399201,66738,32080,34658
69590,431343,32111,207494,22843,399231,66738,32080,34658
69595,431374,32112,207511,22844,399262,66738,32080,34658
69600,431405,32114,207528,22846,399291,66738,32080,34658
69605,431436,32116,207546,22847,399319,66738,32080,34658
69610,431467,32118,207556,22847,399349,66738,32080,34658
69615,431498,32121,207573,22850,399377,66738,32080,34658
69620,431529,32125,207584,22851,399404,66738,32080,34658
69625,431560,32129,207601,22854,399429,66738,32080,34658
69630,431591,32135,207620,22858,399455,66738,32080,34658
69635,431622,32139,207636,22860,399482,66738,32080,34658
69640,431653,32145,207653,22864,399506,66738,32080,34658
69645,431684,32151,207666,22868,399532,66738,32080,34658
69650,431715,32156,207683,22872,399558,66738,32080,34658
69655,431746,32160,207701,22876,399585,66738,32080,34658
69660,431777,32164,207717,22880,399613,66738,32080,34658
69665,431808,32170,207736,22884,399638,66738,32080,34658
69670,431839,32174,207752,22887,399665,66738,32080,34658
69675,431870,32177,207765,22889,399693,66738,32080,34658
69680,431901,32179,207778,22891,399722,66738,32080,34658
69685,431932,32182,207797,22893,399750,66738,32080,34658
69690,431963,32184,207811,22895,399779,66738,32080,34658
69695,431994,32187,207829,22898,399807,66738,32080,34658
69700,432025,32190,207849,22901,399835,66738,32080,34658
69705,432056,32193,207860,22903,399863,66738,32080,34658
69710,432087,32193,207878,22903,399894,66738,32080,34658
69715,432118,32193,207891,22903,399925,66738,32080,34658
69720,432149,32193,207904,22903,399956,66738,32080,34658
69725,432180,32193,207913,22903,399987,66738,32080,34658
69730,432211,32193,207924,22903,400018,66738,32080,34658
69735,432242,32193,207939,22903,400049,66738,32080,34658
69740,432273,32193,207956,22903,400080,66738,32080,34658
69745,432304,32193,207976,22903,400111,66738,32080,34658
69750,432335,32193,207985,22903,400141,66738,32080,34658
69755,432366,32193,208002,22903,400172,66738,32080,34658
69760,432397,32193,208008,22903,400204,66738,32080,34658
69765,432428,32193,208023,22903,400232,66738,32080,34658
69770,432459,32198,208031,22907,400261,66738,32080,34658
69775,432490,32200,208044,22908,400288,66738,32080,34658
69780,432521,32204,208060,22912,400317,66738,32080,34658
69785,432552,32206,208073,22914,400346,66738,32080,34658
69790,432583,32208,208084,22915,400375,66738,32080,34658
69795,432614,32210,208101,22915,400404,66738,32080,34658
69800,432645,32213,208116,22917,400431,66738,32080,34658
69805,432676,32215,208132,22919,400461,66738,32080,34658
69810,432707,32217,208141,22920,400490,66738,32080,34658
69815,432738,32222,208160,22923,400516,66738,32080,34658
69820,432769,32226,208177,22927,400543,66738,32080,34658
69825,432800,32230,208189,22930,400570,66738,32080,34658
69830,432831,32233,208204,22931,400598,66738,32080,34658
69835,432862,32236,208221,22933,400626,66738,32080,34658
69840,432893,32239,208236,22935,400654,66738,32080,34658
69845,432924,32241,208251,22936,400683,66738,32080,34658
69850,432955,32243,208263,22936,400712,66738,32080,34658
69855,432986,32245,208279,22937,400741,66738,32080,34658
69860,433017,32247,208293,22938,400770,66738,32080,34658
69865,433048,32249,208307,22939,400799,66738,32080,34658
69870,433079,32252,208319,22940,400827,66738,32080,34658
69875,433110,32255,208337,22942,400855,66738,32080,34658
69880,433141,32257,208351,22943,400884,66738,32080,34658
69885,433172,32260,208366,22945,400912,66738,32080,34658
69890,433203,32262,208379,22946,400939,66738,32080,34658
69895,433234,32264,208393,22948,400969,66738,32080,34658
69900,433265,32266,208406,22950,400999,66738,32080,34658
69905,433296,32268,208421,22950,401027,66738,32080,34658
69910,433327,32270,208432,22951,401056,66738,32080,34658
69915,433358,32273,208454,22953,401084,66738,32080,34658
69920,433389,32278,208465,22956,401110,66738,32080,34658
69925,433420,32283,208479,22960,401135,66738,32080,34658
69930,433451,32289,208493,22966,401161,66738,32080,34658
69935,433482,32291,208510,22967,401190,66738,32080,34658
69940,433513,32292,208526,22968,401219,66738,32080,34658
69945,433544,32293,208535,22969,401250,66738,32080,34658
69950,433575,32298,208555,22973,401276,66738,32080,34658
69955,433606,32300,208569,22973,401306,66738,32080,34658
69960,433637,32305,208584,22978,401332,66738,32080,34658
69965,433668,32310,208602,22983,401357,66738,32080,34658
69970,433699,32311,208619,22984,401387,66738,32080,34658
69975,433730,32313,208634,22986,401417,66738,32080,34658
69980,433761,32314,208647,22987,401447,66738,32080,34658
69985,433792,32316,208666,22989,401475,66738,32080,34658
69990,433823,32318,208684,22991,401504,66738,32080,34658
69995,433854,32319,208697,22992,401535,66738,32080,34658
70000,433885,32321,208710,22993,401564,66738,32080,34658
70005,433916,32323,208722,22995,401593,66738,32080,34658
70010,433947,32327,208738,22998,401620,66738,32080,34658
70015,433978,32328,208752,22998,401650,66738,32080,34658
70020,434009,32330,208769,23000,401679,66738,32080,34658
70025,434040,32330,208784,23000,401710,66738,32080,34658
70030,434071,32330,208801,23000,401741,66738,32080,34658
70035,434102,32330,208816,23000,401772,66738,32080,34658
70040,434133,32331,208828,23001,401802,66738,32080,34658
70045,434164,32332,208843,23002,401832,66738,32080,34658
70050,434195,32333,208859,23003,401862,66738,32080,34658
70055,434226,32335,208875,23004,401891,66738,32080,34658
70060,434257,32336,208889,23005,401921,66738,32080,34658
70065,434288,32338,208902,23007,401950,66738,32080,34658
70070,434319,32340,208916,23009,401979,66738,32080,34658
70075,434350,32342,208932,23010,402008,66738,32080,34658
70080,434381,32344,208953,23012,402037,66738,32080,34658
70085,434412,32347,208970,23015,402065,66738,32080,34658
70090,434443,32349,208980,23016,402094,66738,32080,34658
70095,434474,32351,208993,23017,402123,66738,32080,34658
70100,434505,32355,209009,23019,402149,66738,32080,34658
70105,434536,32359,209023,23021,402177,66738,32080,34658
70110,434567,32362,209035,23022,402203,66738,32080,34658
70115,434598,32366,209050,23025,402231,66738,32080,34658
70120,434629,32371,209068,23030,402257,66738,32080,34658
70125,434660,32372,209080,23030,402288,66738,32080,34658
70130,434691,32375,209094,23033,402315,66738,32080,34658
70135,434722,32380,209109,23036,402341,66738,32080,34658
70140,434753,32386,209118,23040,402367,66738,32080,34658
70145,434784,32390,209134,23043,402393,66738,32080,34658
70150,434815,32394,209146,23046,402421,66738,32080,34658
70155,434846,32395,209163,23047,402451,66738,32080,34658
70160,434877,32396,209174,23048,402479,66738,32080,34658
70165,434908,32397,209186,23048,402510,66738,32080,34658
70170,434939,32398,209203,23049,402541,66738,32080,34658
70175,434970,32399,209220,23049,402570,66738,32080,34658
70180,435001,32400,209236,23049,402601,66738,32080,34658
70185,435032,32401,209257,23050,402631,66738,32080,34658
70190,435063,32403,209267,23051,402660,66738,32080,34658
70195,435094,32406,209282,23054,402688,66738,32080,34658
70200,435125,32407,209294,23054,402718,66738,32080,34658
70205,435156,32410,209304,23057,402746,66738,32080,34658
70210,435187,32412,209317,23058,402775,66738,32080,34658
70215,435218,32414,209329,23059,402804,66738,32080,34658
70220,435249,32416,209341,23060,402833,66738,32080,34658
70225,435280,32419,209357,23063,402861,66738,32080,34658
70230,435311,32420,209373,23063,402891,66738,32080,34658
70235,435342,32421,209391,23063,402921,66738,32080,34658
70240,435373,32422,209404,23064,402951,66738,32080,34658
70245,435404,32423,209416,23064,402981,66738,32080,34658
70250,435435,32425,209429,23066,403010,66738,32080,34658
70255,435466,32426,209441,23067,403040,66738,32080,34658
70260,435497,32430,209462,23070,403066,66738,32080,34658
70265,435528,32433,209478,23071,403094,66738,32080,34658
70270,435559,32437,209495,23074,403122,66738,32080,34658
70275,435590,32439,209513,23075,403149,66738,32080,34658
70280,435621,32446,209529,23081,403174,66738,32080,34658
70285,435652,32451,209541,23086,403200,66738,32080,34658
70290,435683,32457,209556,23091,403225,66738,32080,34658
70295,435714,32463,209573,23096,403250,66738,32080,34658
70300,435745,32465,209587,23097,403279,66738,32080,34658
70305,435776,32467,209599,23099,403308,66738,32080,34658
70310,435807,32467,209619,23099,403340,66738,32080,34658
70315,435838,32467,209637,23099,403371,66738,32080,34658
70320,435869,32467,209654,23099,403402,66738,32080,34658
70325,435900,32467,209669,23099,403433,66738,32080,34658
70330,435931,32467,209684,23099,403464,66738,32080,34658
70335,435962,32467,209698,23099,403495,66738,32080,34658
70340,435993,32468,209717,23099,403524,66738,32080,34658
70345,436024,32469,209734,23100,403554,66738,32080,34658
70350,436055,32470,209753,23101,403584,66738,32080,34658
70355,436086,32471,209768,23102,403615,66738,32080,34658
70360,436117,32472,209780,23103,403645,66738,32080,34658
70365,436148,32473,209798,23104,403675,66738,32080,34658
70370,436179,32474,209810,23104,403705,66738,32080,34658
70375,436210,32475,209824,23104,403735,66738,32080,34658
70380,436241,32476,209841,23104,403765,66738,32080,34658
70385,436272,32477,209854,23105,403795,66738,32080,34658
70390,436303,32478,209872,23105,403824,66738,32080,34658
70395,436334,32479,209883,23105,403855,66738,32080,34658
70400,436365,32480,209901,23106,403884,66738,32080,34658
70405,436396,32483,209919,23108,403913,66738,32080,34658
70410,436427,32487,209932,23112,403940,66738,32080,34658
70415,436458,32491,209945,23115,403967,66738,32080,34658
70420,436489,32496,209961,23117,403993,66738,32080,34658
70425,436520,32500,209978,23121,404019,66738,32080,34658
70430,436551,32505,209997,23125,404045,66738,32080,34658
70435,436582,32512,210017,23130,404070,66738,32080,34658
70440,436613,32518,210033,23134,404094,66738,32080,34658
70445,436644,32525,210046,23140,404118,66738,32080,34658
70450,436675,32528,210059,23141,404147,66738,32080,34658
70455,436706,32531,210076,23144,404174,66738,32080,34658
70460,436737,32535,210094,23146,404200,66738,32080,34658
70465,436768,32540,210109,23150,404228,66738,32080,34658
70470,436799,32544,210126,23154,404255,66738,32080,34658
70475,436830,32546,210142,23155,404284,66738,32080,34658
70480,436861,32549,210155,23157,404312,66738,32080,34658
70485,436892,32554,210168,23160,404337,66738,32080,34658
70490,436923,32558,210187,23163,404364,66738,32080,34658
70495,436954,32560,210201,23165,404393,66738,32080,34658
70500,436985,32561,210217,23166,404424,66738,32080,34658
70505,437016,32561,210230,23166,404455,66738,32080,34658
70510,437047,32561,210247,23166,404486,66738,32080,34658
70515,437078,32561,210262,23166,404517,66738,32080,34658
70520,437109,32561,210279,23166,404548,66738,32080,34658
70525,437140,32561,210293,23166,404579,66738,32080,34658
70530,437171,32561,210306,23166,404610,66738,32080,34658
70535,437202,32561,210321,23166,404641,66738,32080,34658
70540,437233,32561,210336,23166,404672,66738,32080,34658
70545,437264,32561,210351,23166,404703,66738,32080,34658
70550,437295,32561,210367,23166,404733,66738,32080,34658
70555,437326,32561,210388,23166,404764,66738,32080,34658
70560,437357,32562,210402,23166,404795,66738,32080,34658
70565,437388,32563,210416,23166,404824,66738,32080,34658
70570,437419,32564,210433,23166,404855,66738,32080,34658
70575,437450,32565,210453,23167,404885,66738,32080,34658
70580,437481,32566,210470,23168,404915,66738,32080,34658
70585,437512,32567,210487,23169,404945,66738,32080,34658
70590,437543,32568,210503,23170,404975,66738,32080,34658
70595,437574,32569,210521,23170,405004,66738,32080,34658
70600,437605,32572,210537,23172,405033,66738,32080,34658
70605,437636,32575,210550,23173,405060,66738,32080,34658
70610,437667,32578,210568,23174,405089,66738,32080,34658
70615,437698,32583,210580,23178,405114,66738,32080,34658
70620,437729,32588,210596,23182,405140,66738,32080,34658
70625,437760,32592,210614,23186,405168,66738,32080,34658
70630,437791,32597,210631,23190,405194,66738,32080,34658
70635,437822,32602,210648,23193,405220,66738,32080,34658
70640,437853,32607,210661,23196,405246,66738,32080,34658
70645,437884,32612,210677,23199,405271,66738,32080,34658
70650,437915,32619,210694,23204,405295,66738,32080,34658
70655,437946,32626,210713,23209,405320,66738,32080,34658
70660,437977,32631,210727,23212,405346,66738,32080,34658
70665,438008,32632,210743,23212,405376,66738,32080,34658
70670,438039,32634,210757,23213,405405,66738,32080,34658
70675,438070,32636,210772,23214,405434,66738,32080,34658
70680,438101,32638,210786,23216,405463,66738,32080,34658
70685,438132,32639,210799,23216,405493,66738,32080,34658
70690,438163,32641,210815,23218,405522,66738,32080,34658
70695,438194,32642,210829,23219,405552,66738,32080,34658
70700,438225,32643,210839,23220,405582,66738,32080,34658
70705,438256,32645,210854,23222,405611,66738,32080,34658
70710,438287,32646,210868,23222,405641,66738,32080,34658
70715,438318,32648,210886,23224,405670,66738,32080,34658
70720,438349,32650,210902,23225,405699,66738,32080,34658
70725,438380,32652,210918,23227,405727,66738,32080,34658
70730,438411,32653,210931,23228,405758,66738,32080,34658
70735,438442,32655,210946,23229,405786,66738,32080,34658
70740,438473,32656,210962,23230,405816,66738,32080,34658
70745,438504,32656,210975,23230,405847,66738,32080,34658
70750,438535,32656,210991,23230,405877,66738,32080,34658
70755,438566,32656,211009,23230,405909,66738,32080,34658
70760,438597,32656,211028,23230,405939,66738,32080,34658
70765,438628,32656,211042,23230,405972,66738,32080,34658
70770,438659,32658,211055,23231,405999,66738,32080,34658
70775,438690,32661,211070,23232,406029,66738,32080,34658
70780,438721,32664,211082,23233,406057,66738,32080,34658
70785,438752,32667,211096,23235,406084,66738,32080,34658
70790,438783,32670,211112,23237,406113,66738,32080,34658
70795,438814,32672,211130,23239,406142,66738,32080,34658
70800,438845,32674,211144,23240,406171,66738,32080,34658
70805,438876,32677,211161,23243,406199,66738,32080,34658
70810,438907,32679,211175,23245,406228,66738,32080,34658
70815,438938,32682,211195,23247,406256,66738,32080,34658
70820,438969,32685,211210,23248,406284,66738,32080,34658
70825,439000,32688,211225,23251,406312,66738,32080,34658
70830,439031,32691,211244,23254,406340,66738,32080,34658
70835,439062,32694,211259,23256,406368,66738,32080,34658
70840,439093,32697,211277,23259,406396,66738,32080,34658
70845,439124,32701,211295,23263,406423,66738,32080,34658
70850,439155,32704,211305,23263,406451,66738,32080,34658
70855,439186,32707,211318,23265,406479,66738,32080,34658
70860,439217,32711,211338,23269,406506,66738,32080,34658
70865,439248,32713,211348,23269,406535,66738,32080,34658
70870,439279,32715,211365,23270,406564,66738,32080,34658
70875,439310,32717,211380,23271,406592,66738,32080,34658
70880,439341,32719,211397,23273,406622,66738,32080,34658
70885,439372,32721,211412,23274,406650,66738,32080,34658
70890,439403,32723,211429,23276,406679,66738,32080,34658
70895,439434,32725,211445,23277,406705,66738,32080,34658
70900,439465,32729,211466,23281,406734,66738,32080,34658
70905,439496,32734,211483,23285,406760,66738,32080,34658
70910,439527,32739,211489,23288,406788,66738,32080,34658
70915,439558,32743,211506,23291,406813,66738,32080,34658
70920,439589,32748,211515,23294,406840,66738,32080,34658
70925,439620,32752,211529,23297,406866,66738,32080,34658
70930,439651,32756,211544,23301,406894,66738,32080,34658
70935,439682,32756,211559,23301,406926,66738,32080,34658
70940,439713,32756,211573,23301,406957,66738,32080,34658
70945,439744,32756,211590,23301,406987,66738,32080,34658
70950,439775,32756,211604,23301,407018,66738,32080,34658
70955,439806,32756,211621,23301,407050,66738,32080,34658
70960,439837,32756,211633,23301,407081,66738,32080,34658
70965,439868,32756,211649,23301,407112,66738,32080,34658
70970,439899,32756,211666,23301,407142,66738,32080,34658
70975,439930,32757,211682,23301,407172,66738,32080,34658
70980,439961,32758,211698,23302,407203,66738,32080,34658
70985,439992,32759,211711,23302,407233,66738,32080,34658
70990,440023,32760,211728,23302,407263,66738,32080,34658
70995,440054,32761,211735,23302,407293,66738,32080,34658
71000,440085,32762,211752,23302,407323,66738,32080,34658
71005,440116,32763,211768,23303,407353,66738,32080,34658
71010,440147,32765,211782,23305,407382,66738,32080,34658
71015,440178,32767,211799,23307,407411,66738,32080,34658
71020,440209,32769,211819,23308,407440,66738,32080,34658
71025,440240,32770,211829,23308,407470,66738,32080,34658
71030,440271,32774,211846,23311,407497,66738,32080,34658
71035,440302,32777,211856,23313,407525,66738,32080,34658
71040,440333,32782,211870,23317,407551,66738,32080,34658
71045,440364,32788,211887,23320,407576,66738,32080,34658
71050,440395,32790,211900,23320,407605,66738,32080,34658
71055,440426,32793,211917,23323,407633,66738,32080,34658
71060,440457,32795,211935,23325,407662,66738,32080,34658
71065,440488,32797,211948,23325,407691,66738,32080,34658
71070,440519,32800,211965,23326,407719,66738,32080,34658
71075,440550,32802,211986,23328,407748,66738,32080,34658
71080,440581,32805,211999,23331,407776,66738,32080,34658
71085,440612,32807,212013,23333,407805,66738,32080,34658
71090,440643,32809,212032,23335,407831,66738,32080,34658
71095,440674,32813,212046,23338,407859,66738,32080,34658
71100,440705,32816,212052,23340,407887,66738,32080,34658
71105,440736,32821,212070,23344,407914,66738,32080,34658
71110,440767,32823,212084,23346,407944,66738,32080,34658
71115,440798,32824,212096,23346,407973,66738,32080,34658
71120,440829,32825,212111,23346,408003,66738,32080,34658
71125,440860,32826,212128,23346,408034,66738,32080,34658
71130,440891,32827,212145,23347,408063,66738,32080,34658
71135,440922,32829,212162,23348,408093,66738,32080,34658
71140,440953,32831,212180,23349,408122,66738,32080,34658
71145,440984,32833,212193,23350,408151,66738,32080,34658
71150,441015,32836,212209,23352,408179,66738,32080,34658
71155,441046,32841,212226,23356,408205,66738,32080,34658
71160,441077,32845,212238,23359,408232,66738,32080,34658
71165,441108,32848,212259,23361,408260,66738,32080,34658
71170,441139,32850,212274,23362,408289,66738,32080,34658
71175,441170,32853,212289,23365,408317,66738,32080,34658
71180,441201,32855,212303,23366,408346,66738,32080,34658
71185,441232,32856,212316,23366,408376,66738,32080,34658
71190,441263,32857,212333,23366,408406,66738,32080,34658
71195,441294,32860,212346,23368,408434,66738,32080,34658
71200,441325,32861,212358,23369,408464,66738,32080,34658
71205,441356,32862,212375,23370,408494,66738,32080,34658
71210,441387,32864,212391,23371,408523,66738,32080,34658
71215,441418,32868,212406,23374,408549,66738,32080,34658
71220,441449,32871,212422,23377,408578,66738,32080,34658
71225,441480,32872,212439,23377,408608,66738,32080,34658
71230,441511,32873,212453,23377,408638,66738,32080,34658
71235,441542,32874,212469,23378,408668,66738,32080,34658
71240,441573,32875,212487,23378,408697,66738,32080,34658
71245,441604,32877,212502,23379,408727,66738,32080,34658
71250,441635,32878,212518,23380,408755,66738,32080,34658
71255,441666,32881,212532,23382,408784,66738,32080,34658
71260,441697,32885,212549,23386,408809,66738,32080,34658
71265,441728,32889,212563,23389,408837,66738,32080,34658
71270,441759,32892,212575,23391,408865,66738,32080,34658
71275,441790,32893,212585,23392,408896,66738,32080,34658
71280,441821,32893,212600,23392,408926,66738,32080,34658
71285,441852,32894,212615,23393,408957,66738,32080,34658
71290,441883,32895,212630,23393,408987,66738,32080,34658
71295,441914,32896,212643,23394,409018,66738,32080,34658
71300,441945,32897,212659,23394,409048,66738,32080,34658
71305,441976,32898,212673,23395,409078,66738,32080,34658
71310,442007,32899,212686,23396,409108,66738,32080,34658
71315,442038,32900,212702,23397,409138,66738,32080,34658
71320,442069,32901,212715,23398,409168,66738,32080,34658
71325,442100,32902,212734,23398,409198,66738,32080,34658
71330,442131,32905,212751,23400,409226,66738,32080,34658
71335,442162,32908,212767,23402,409254,66738,32080,34658
71340,442193,32910,212777,23402,409283,66738,32080,34658
71345,442224,32912,212791,23402,409312,66738,32080,34658
71350,442255,32915,212804,23403,409340,66738,32080,34658
71355,442286,32917,212817,23404,409369,66738,32080,34658
71360,442317,32919,212831,23406,409398,66738,32080,34658
71365,442348,32921,212846,23406,409427,66738,32080,34658
71370,442379,32924,212862,23408,409455,66738,32080,34658
71375,442410,32927,212878,23409,409483,66738,32080,34658
71380,442441,32931,212893,23412,409510,66738,32080,34658
71385,442472,32934,212907,23414,409538,66738,32080,34658
71390,442503,32940,212924,23419,409563,66738,32080,34658
71395,442534,32945,212939,23424,409588,66738,32080,34658
71400,442565,32955,212951,23432,409610,66738,32080,34658
71405,442596,32958,212968,23433,409636,66738,32080,34658
71410,442627,32962,212980,23436,409664,66738,32080,34658
71415,442658,32966,212991,23439,409692,66738,32080,34658
71420,442689,32969,213003,23442,409719,66738,32080,34658
71425,442720,32974,213021,23446,409745,66738,32080,34658
71430,442751,32978,213030,23448,409772,66738,32080,34658
71435,442782,32983,213045,23453,409799,66738,32080,34658
71440,442813,32985,213064,23455,409828,66738,32080,34658
71445,442844,32986,213077,23456,409858,66738,32080,34658
71450,442875,32988,213095,23457,409887,66738,32080,34658
71455,442906,32988,213107,23457,409917,66738,32080,34658
71460,442937,32988,213122,23457,409949,66738,32080,34658
71465,442968,32988,213138,23457,409979,66738,32080,34658
71470,442999,32988,213151,23457,410010,66738,32080,34658
71475,443030,32988,213168,23457,410042,66738,32080,34658
71480,443061,32988,213180,23457,410073,66738,32080,34658
71485,443092,32988,213198,23457,410103,66738,32080,34658
71490,443123,32988,213213,23457,410135,66738,32080,34658
71495,443154,32988,213224,23457,410166,66738,32080,34658
71500,443185,32988,213238,23457,410197,66738,32080,34658
71505,443216,32988,213253,23457,410227,66738,32080,34658
71510,443247,32989,213268,23458,410256,66738,32080,34658
71515,443278,32990,213278,23459,410288,66738,32080,34658
71520,443309,32991,213290,23460,410318,66738,32080,34658
71525,443340,32993,213307,23462,410346,66738,32080,34658
71530,443371,32994,213321,23463,410376,66738,32080,34658
71535,443402,32996,213338,23465,410406,66738,32080,34658
71540,443433,32998,213358,23467,410434,66738,32080,34658
71545,443464,33000,213373,23469,410463,66738,32080,34658
71550,443495,33003,213395,23471,410492,66738,32080,34658
71555,443526,33005,213405,23473,410521,66738,32080,34658
71560,443557,33009,213418,23476,410548,66738,32080,34658
71565,443588,33013,213433,23480,410575,66738,32080,34658
71570,443619,33017,213443,23483,410602,66738,32080,34658
71575,443650,33024,213455,23490,410626,66738,32080,34658
71580,443681,33031,213471,23495,410650,66738,32080,34658
71585,443712,33036,213485,23500,410676,66738,32080,34658
71590,443743,33038,213501,23502,410705,66738,32080,34658
71595,443774,33041,213513,23505,410733,66738,32080,34658
71600,443805,33043,213527,23505,410762,66738,32080,34658
71605,443836,33046,213539,23507,410790,66738,32080,34658
71610,443867,33048,213552,23507,410819,66738,32080,34658
71615,443898,33050,213568,23508,410848,66738,32080,34658
71620,443929,33053,213587,23510,410876,66738,32080,34658
71625,443960,33056,213602,23511,410904,66738,32080,34658
71630,443991,33058,213615,23511,410933,66738,32080,34658
71635,444022,33060,213624,23513,410962,66738,32080,34658
71640,444053,33062,213636,23514,410990,66738,32080,34658
71645,444084,33064,213653,23515,411020,66738,32080,34658
71650,444115,33066,213668,23516,411049,66738,32080,34658
71655,444146,33068,213684,23517,411078,66738,32080,34658
71660,444177,33071,213697,23518,411105,66738,32080,34658
71665,444208,33075,213713,23520,411132,66738,32080,34658
71670,444239,33079,213726,23523,411159,66738,32080,34658
71675,444270,33082,213739,23526,411188,66738,32080,34658
71680,444301,33083,213753,23526,411218,66738,32080,34658
71685,444332,33084,213765,23527,411248,66738,32080,34658
71690,444363,33085,213779,23527,411278,66738,32080,34658
71695,444394,33088,213788,23529,411306,66738,32080,34658
71700,444425,33093,213808,23533,411331,66738,32080,34658
71705,444456,33097,213822,23536,411359,66738,32080,34658
71710,444487,33099,213835,23537,411388,66738,32080,34658
71715,444518,33101,213851,23538,411415,66738,32080,34658
71720,444549,33102,213862,23538,411446,66738,32080,34658
71725,444580,33103,213876,23538,411476,66738,32080,34658
71730,444611,33104,213888,23538,411506,66738,32080,34658
71735,444642,33106,213907,23540,411535,66738,32080,34658
71740,444673,33108,213922,23541,411564,66738,32080,34658
71745,444704,33110,213933,23542,411594,66738,32080,34658
71750,444735,33112,213945,23543,411622,66738,32080,34658
71755,444766,33115,213964,23546,411650,66738,32080,34658
71760,444797,33118,213982,23548,411678,66738,32080,34658
71765,444828,33118,213995,23548,411710,66738,32080,34658
71770,444859,33118,214006,23548,411741,66738,32080,34658
71775,444890,33118,214019,23548,411772,66738,32080,34658
71780,444921,33119,214034,23549,411802,66738,32080,34658
71785,444952,33120,214050,23550,411832,66738,32080,34658
71790,444983,33121,214065,23550,411862,66738,32080,34658
71795,445014,33122,214081,23551,411892,66738,32080,34658
71800,445045,33123,214095,23551,411922,66738,32080,34658
71805,445076,33124,214111,23552,411952,66738,32080,34658
71810,445107,33125,214124,23553,411982,66738,32080,34658
71815,445138,33127,214141,23555,412011,66738,32080,34658
71820,445169,33130,214158,23557,412039,66738,32080,34658
71825,445200,33133,214169,23558,412067,66738,32080,34658
71830,445231,33135,214186,23559,412096,66738,32080,34658
71835,445262,33137,214201,23560,412125,66738,32080,34658
71840,445293,33140,214215,23562,412152,66738,32080,34658
71845,445324,33144,214228,23565,412179,66738,32080,34658
71850,445355,33148,214245,23567,412207,66738,32080,34658
71855,445386,33151,214260,23570,412234,66738,32080,34658
71860,445417,33155,214274,23572,412261,66738,32080,34658
71865,445448,33158,214288,23573,412288,66738,32080,34658
71870,445479,33161,214304,23576,412316,66738,32080,34658
71875,445510,33163,214321,23577,412346,66738,32080,34658
71880,445541,33166,214334,23580,412374,66738,32080,34658
71885,445572,33168,214348,23581,412404,66738,32080,34658
71890,445603,33170,214360,23581,412433,66738,32080,34658
71895,445634,33172,214374,23581,412461,66738,32080,34658
71900,445665,33174,214388,23582,412490,66738,32080,34658
71905,445696,33176,214402,23582,412520,66738,32080,34658
71910,445727,33180,214422,23586,412547,66738,32080,34658
71915,445758,33183,214437,23588,412575,66738,32080,34658
71920,445789,33185,214453,23590,412603,66738,32080,34658
71925,445820,33189,214470,23592,412630,66738,32080,34658
71930,445851,33194,214480,23596,412656,66738,32080,34658
71935,445882,33199,214494,23600,412682,66738,32080,34658
71940,445913,33204,214512,23605,412708,66738,32080,34658
71945,445944,33208,214529,23609,412736,66738,32080,34658
71950,445975,33211,214543,23611,412764,66738,32080,34658
71955,446006,33213,214556,23612,412793,66738,32080,34658
71960,446037,33216,214571,23614,412821,66738,32080,34658
71965,446068,33216,214587,23614,412852,66738,32080,34658
71970,446099,33216,214607,23614,412883,66738,32080,34658
71975,446130,33217,214621,23615,412913,66738,32080,34658
71980,446161,33218,214633,23615,412943,66738,32080,34658
71985,446192,33219,214651,23616,412973,66738,32080,34658
71990,446223,33221,214667,23617,413002,66738,32080,34658
71995,446254,33222,214675,23617,413032,66738,32080,34658
72000,446285,33223,214691,23618,413062,66738,32080,34658
72005,446316,33224,214700,23618,413092,66738,32080,34658
72010,446347,33226,214717,23620,413121,66738,32080,34658
72015,446378,33227,214730,23621,413151,66738,32080,34658
72020,446409,33229,214750,23623,413180,66738,32080,34658
72025,446440,33230,214766,23624,413210,66738,32080,34658
72030,446471,33232,214785,23625,413239,66738,32080,34658
72035,446502,33233,214805,23625,413269,66738,32080,34658
72040,446533,33235,214822,23626,413298,66738,32080,34658
72045,446564,33237,214839,23628,413326,66738,32080,34658
72050,446595,33240,214853,23630,413353,66738,32080,34658
72055,446626,33243,214863,23632,413383,66738,32080,34658
72060,446657,33247,214879,23635,413409,66738,32080,34658
72065,446688,33249,214897,23637,413438,66738,32080,34658
72070,446719,33251,214910,23638,413468,66738,32080,34658
72075,446750,33254,214929,23641,413495,66738,32080,34658
72080,446781,33257,214942,23642,413524,66738,32080,34658
72085,446812,33260,214958,23645,413552,66738,32080,34658
72090,446843,33262,214975,23646,413581,66738,32080,34658
72095,446874,33264,214984,23646,413610,66738,32080,34658
72100,446905,33266,215004,23646,413638,66738,32080,34658
72105,446936,33268,215017,23647,413668,66738,32080,34658
72110,446967,33271,215030,23650,413695,66738,32080,34658
72115,446998,33273,215047,23651,413724,66738,32080,34658
72120,447029,33275,215062,23653,413754,66738,32080,34658
72125,447060,33278,215075,23655,413782,66738,32080,34658
72130,447091,33281,215088,23657,413810,66738,32080,34658
72135,447122,33283,215103,23659,413839,66738,32080,34658
72140,447153,33288,215121,23664,413865,66738,32080,34658
72145,447184,33291,215135,23666,413893,66738,32080,34658
72150,447215,33293,215146,23667,413922,66738,32080,34658
72155,447246,33297,215163,23670,413949,66738,32080,34658
72160,447277,33302,215179,23674,413975,66738,32080,34658
72165,447308,33304,215197,23676,414004,66738,32080,34658
72170,447339,33306,215211,23678,414033,66738,32080,34658
72175,447370,33309,215229,23680,414061,66738,32080,34658
72180,447401,33311,215241,23681,414090,66738,32080,34658
72185,447432,33313,215264,23681,414118,66738,32080,34658
72190,447463,33315,215275,23682,414147,66738,32080,34658
72195,447494,33319,215287,23684,414174,66738,32080,34658
72200,447525,33322,215301,23686,414203,66738,32080,34658
72205,447556,33326,215316,23688,414230,66738,32080,34658
72210,447587,33327,215334,23688,414260,66738,32080,34658
72215,447618,33329,215349,23689,414289,66738,32080,34658
72220,447649,33330,215362,23689,414318,66738,32080,34658
72225,447680,33332,215374,23690,414347,66738,32080,34658
72230,447711,33333,215388,23690,414375,66738,32080,34658
72235,447742,33336,215402,23692,414403,66738,32080,34658
72240,447773,33339,215417,23694,414432,66738,32080,34658
72245,447804,33341,215432,23696,414462,66738,32080,34658
72250,447835,33341,215448,23696,414493,66738,32080,34658
72255,447866,33341,215466,23696,414525,66738,32080,34658
72260,447897,33341,215482,23696,414555,66738,32080,34658
72265,447928,33342,215495,23697,414586,66738,32080,34658
72270,447959,33344,215511,23698,414615,66738,32080,34658
72275,447990,33345,215522,23698,414645,66738,32080,34658
72280,448021,33346,215535,23698,414675,66738,32080,34658
72285,448052,33347,215547,23698,414705,66738,32080,34658
72290,448083,33348,215561,23699,414735,66738,32080,34658
72295,448114,33350,215575,23700,414764,66738,32080,34658
72300,448145,33351,215586,23700,414794,66738,32080,34658
72305,448176,33353,215605,23702,414823,66738,32080,34658
72310,448207,33354,215620,23702,414853,66738,32080,34658
72315,448238,33355,215633,23703,414883,66738,32080,34658
72320,448269,33359,215649,23706,414910,66738,32080,34658
72325,448300,33363,215665,23709,414937,66738,32080,34658
72330,448331,33366,215683,23711,414965,66738,32080,34658
72335,448362,33370,215699,23714,414992,66738,32080,34658
72340,448393,33375,215717,23718,415018,66738,32080,34658
72345,448424,33379,215737,23722,415044,66738,32080,34658
72350,448455,33386,215755,23728,415068,66738,32080,34658
72355,448486,33391,215769,23731,415094,66738,32080,34658
72360,448517,33393,215787,23732,415122,66738,32080,34658
72365,448548,33395,215805,23734,415152,66738,32080,34658
72370,448579,33397,215820,23734,415181,66738,32080,34658
72375,448610,33401,215835,23736,415208,66738,32080,34658
72380,448641,33405,215845,23739,415235,66738,32080,34658
72385,448672,33408,215859,23741,415263,66738,32080,34658
72390,448703,33412,215877,23744,415290,66738,32080,34658
72395,448734,33416,215887,23746,415317,66738,32080,34658
72400,448765,33418,215899,23746,415347,66738,32080,34658
72405,448796,33420,215913,23747,415376,66738,32080,34658
72410,448827,33423,215927,23748,415403,66738,32080,34658
72415,448858,33427,215941,23752,415431,66738,32080,34658
72420,448889,33429,215957,23753,415459,66738,32080,34658
72425,448920,33430,215972,23754,415490,66738,32080,34658
72430,448951,33431,215986,23754,415520,66738,32080,34658
72435,448982,33432,216002,23755,415550,66738,32080,34658
72440,449013,33433,216019,23755,415580,66738,32080,34658
72445,449044,33434,216037,23756,415610,66738,32080,34658
72450,449075,33435,216055,23756,415640,66738,32080,34658
72455,449106,33436,216069,23757,415670,66738,32080,34658
72460,449137,33438,216082,23759,415699,66738,32080,34658
72465,449168,33442,216097,23761,415725,66738,32080,34658
72470,449199,33445,216110,23762,415754,66738,32080,34658
72475,449230,33449,216129,23765,415781,66738,32080,34658
72480,449261,33450,216146,23765,415810,66738,32080,34658
72485,449292,33452,216160,23766,415840,66738,32080,34658
72490,449323,33454,216180,23767,415869,66738,32080,34658
72495,449354,33455,216197,23767,415898,66738,32080,34658
72500,449385,33456,216212,23767,415929,66738,32080,34658
72505,449416,33459,216230,23770,415956,66738,32080,34658
72510,449447,33462,216244,23773,415985,66738,32080,34658
72515,449478,33465,216260,23775,416012,66738,32080,34658
72520,449509,33467,216275,23777,416041,66738,32080,34658
72525,449540,33468,216286,23778,416070,66738,32080,34658
72530,449571,33471,216298,23780,416100,66738,32080,34658
72535,449602,33472,216312,23780,416129,66738,32080,34658
72540,449633,33473,216326,23781,416160,66738,32080,34658
72545,449664,33474,216348,23781,416190,66738,32080,34658
72550,449695,33475,216362,23782,416220,66738,32080,34658
72555,449726,33476,216377,23782,416250,66738,32080,34658
72560,449757,33477,216394,23782,416279,66738,32080,34658
72565,449788,33478,216412,23783,416310,66738,32080,34658
72570,449819,33479,216428,23784,416340,66738,32080,34658
72575,449850,33480,216437,23784,416369,66738,32080,34658
72580,449881,33481,216453,23784,416400,66738,32080,34658
72585,449912,33483,216467,23784,416429,66738,32080,34658
72590,449943,33486,216480,23786,416457,66738,32080,34658
72595,449974,33488,216500,23788,416486,66738,32080,34658
72600,450005,33491,216518,23791,416514,66738,32080,34658
72605,450036,33493,216531,23792,416543,66738,32080,34658
72610,450067,33496,216544,23794,416571,66738,32080,34658
72615,450098,33498,216558,23795,416600,66738,32080,34658
72620,450129,33500,216574,23797,416629,66738,32080,34658
72625,450160,33502,216585,23798,416658,66738,32080,34658
72630,450191,33505,216604,23800,416686,66738,32080,34658
72635,450222,33507,216617,23802,416715,66738,32080,34658
72640,450253,33510,216627,23802,416742,66738,32080,34658
72645,450284,33517,216645,23807,416764,66738,32080,34658
72650,450315,33522,216661,23810,416790,66738,32080,34658
72655,450346,33527,216677,23814,416819,66738,32080,34658
72660,450377,33529,216688,23814,416847,66738,32080,34658
72665,450408,33531,216705,23816,416875,66738,32080,34658
72670,450439,33534,216718,23818,416905,66738,32080,34658
72675,450470,33537,216734,23820,416932,66738,32080,34658
72680,450501,33541,216750,23823,416960,66738,32080,34658
72685,450532,33546,216766,23827,416985,66738,32080,34658
72690,450563,33549,216775,23828,417014,66738,32080,34658
72695,450594,33552,216795,23830,417042,66738,32080,34658
72700,450625,33558,216812,23835,417067,66738,32080,34658
72705,450656,33564,216833,23840,417092,66738,32080,34658
72710,450687,33568,216848,23844,417119,66738,32080,34658
72715,450718,33572,216866,23847,417146,66738,32080,34658
72720,450749,33572,216883,23847,417177,66738,32080,34658
72725,450780,33572,216894,23847,417208,66738,32080,34658
72730,450811,33572,216910,23847,417239,66738,32080,34658
72735,450842,33572,216924,23847,417270,66738,32080,34658
72740,450873,33572,216944,23847,417301,66738,32080,34658
72745,450904,33572,216952,23847,417332,66738,32080,34658
72750,450935,33572,216966,23847,417363,66738,32080,34658
72755,450966,33572,216977,23847,417394,66738,32080,34658
72760,450997,33573,216993,23848,417424,66738,32080,34658
72765,451028,33574,217004,23848,417454,66738,32080,34658
72770,451059,33575,217016,23849,417484,66738,32080,34658
72775,451090,33577,217032,23851,417513,66738,32080,34658
72780,451121,33578,217043,23852,417543,66738,32080,34658
72785,451152,33580,217058,23853,417572,66738,32080,34658
72790,451183,33582,217073,23854,417600,66738,32080,34658
72795,451214,33584,217087,23855,417628,66738,32080,34658
72800,451245,33588,217105,23858,417655,66738,32080,34658
72805,451276,33592,217121,23861,417683,66738,32080,34658
72810,451307,33594,217138,23862,417711,66738,32080,34658
72815,451338,33596,217150,23863,417740,66738,32080,34658
72820,451369,33597,217163,23864,417772,66738,32080,34658
72825,451400,33599,217179,23865,417800,66738,32080,34658
72830,451431,33603,217200,23868,417826,66738,32080,34658
72835,451462,33605,217215,23869,417857,66738,32080,34658
72840,451493,33608,217227,23872,417884,66738,32080,34658
72845,451524,33610,217246,23874,417914,66738,32080,34658
72850,451555,33612,217256,23875,417942,66738,32080,34658
72855,451586,33614,217268,23875,417972,66738,32080,34658
72860,451617,33617,217283,23877,418000,66738,32080,34658
72865,451648,33620,217293,23878,418028,66738,32080,34658
72870,451679,33623,217309,23881,418056,66738,32080,34658
72875,451710,33626,217330,23883,418083,66738,32080,34658
72880,451741,33629,217342,23884,418112,66738,32080,34658
72885,451772,33631,217357,23885,418141,66738,32080,34658
72890,451803,33634,217367,23887,418169,66738,32080,34658
72895,451834,33636,217380,23888,418198,66738,32080,34658
72900,451865,33638,217390,23888,418226,66738,32080,34658
72905,451896,33641,217401,23889,418255,66738,32080,34658
72910,451927,33644,217416,23892,418283,66738,32080,34658
72915,451958,33645,217432,23893,418313,66738,32080,34658
72920,451989,33646,217446,23893,418343,66738,32080,34658
72925,452020,33647,217460,23893,418372,66738,32080,34658
72930,452051,33649,217477,23893,418402,66738,32080,34658
72935,452082,33651,217491,23893,418431,66738,32080,34658
72940,452113,33654,217503,23895,418459,66738,32080,34658
72945,452144,33656,217522,23896,418488,66738,32080,34658
72950,452175,33658,217534,23896,418516,66738,32080,34658
72955,452206,33663,217547,23900,418543,66738,32080,34658
72960,452237,33666,217563,23902,418571,66738,32080,34658
72965,452268,33671,217586,23907,418597,66738,32080,34658
72970,452299,33675,217601,23910,418624,66738,32080,34658
72975,452330,33680,217617,23913,418649,66738,32080,34658
72980,452361,33685,217634,23917,418675,66738,32080,34658
72985,452392,33690,217647,23921,418702,66738,32080,34658
72990,452423,33691,217659,23921,418732,66738,32080,34658
72995,452454,33692,217671,23922,418761,66738,32080,34658
73000,452485,33694,217679,23923,418791,66738,32080,34658
73005,452516,33696,217692,23924,418819,66738,32080,34658
73010,452547,33698,217709,23925,418848,66738,32080,34658
73015,452578,33699,217720,23926,418878,66738,32080,34658
73020,452609,33701,217735,23928,418907,66738,32080,34658
73025,452640,33703,217750,23929,418937,66738,32080,34658
73030,452671,33704,217763,23929,418967,66738,32080,34658
73035,452702,33705,217775,23929,418997,66738,32080,34658
73040,452733,33706,217789,23929,419027,66738,32080,34658
73045,452764,33708,217799,23931,419056,66738,32080,34658
73050,452795,33709,217817,23931,419086,66738,32080,34658
73055,452826,33711,217833,23933,419115,66738,32080,34658
73060,452857,33713,217847,23935,419144,66738,32080,34658
73065,452888,33715,217861,23937,419173,66738,32080,34658
73070,452919,33716,217875,23938,419203,66738,32080,34658
73075,452950,33720,217889,23942,419229,66738,32080,34658
73080,452981,33722,217902,23944,419258,66738,32080,34658
73085,453012,33722,217918,23944,419290,66738,32080,34658
73090,453043,33722,217933,23944,419321,66738,32080,34658
73095,453074,33722,217946,23944,419352,66738,32080,34658
73100,453105,33723,217965,23945,419382,66738,32080,34658
73105,453136,33724,217981,23945,419412,66738,32080,34658
73110,453167,33725,217994,23946,419442,66738,32080,34658
73115,453198,33726,218010,23947,419472,66738,32080,34658
73120,453229,33727,218028,23948,419502,66738,32080,34658
73125,453260,33730,218045,23951,419529,66738,32080,34658
73130,453291,33732,218056,23951,419558,66738,32080,34658
73135,453322,33736,218068,23954,419586,66738,32080,34658
73140,453353,33740,218084,23957,419612,66738,32080,34658
73145,453384,33743,218097,23960,419638,66738,32080,34658
73150,453415,33749,218113,23965,419664,66738,32080,34658
73155,453446,33752,218123,23968,419693,66738,32080,34658
73160,453477,33753,218139,23968,419723,66738,32080,34658
73165,453508,33754,218155,23968,419754,66738,32080,34658
73170,453539,33755,218173,23968,419783,66738,32080,34658
73175,453570,33756,218184,23969,419812,66738,32080,34658
73180,453601,33757,218199,23969,419843,66738,32080,34658
73185,453632,33760,218218,23972,419871,66738,32080,34658
73190,453663,33764,218231,23975,419898,66738,32080,34658
73195,453694,33767,218249,23977,419927,66738,32080,34658
73200,453725,33772,218267,23981,419953,66738,32080,34658
73205,453756,33776,218282,23985,419980,66738,32080,34658
73210,453787,33779,218297,23987,420008,66738,32080,34658
73215,453818,33781,218309,23989,420037,66738,32080,34658
73220,453849,33786,218324,23993,420063,66738,32080,34658
73225,453880,33789,218341,23996,420091,66738,32080,34658
73230,453911,33790,218352,23997,420121,66738,32080,34658
73235,453942,33792,218368,23999,420150,66738,32080,34658
73240,453973,33793,218380,24000,420180,66738,32080,34658
73245,454004,33795,218393,24002,420209,66738,32080,34658
73250,454035,33797,218408,24003,420238,66738,32080,34658
73255,454066,33799,218418,24004,420267,66738,32080,34658
73260,454097,33804,218436,24008,420293,66738,32080,34658
73265,454128,33805,218450,24009,420323,66738,32080,34658
73270,454159,33806,218463,24010,420353,66738,32080,34658
73275,454190,33807,218480,24011,420383,66738,32080,34658
73280,454221,33808,218496,24011,420413,66738,32080,34658
73285,454252,33810,218513,24012,420442,66738,32080,34658
73290,454283,33812,218533,24014,420471,66738,32080,34658
73295,454314,33813,218548,24014,420500,66738,32080,34658
73300,454345,33814,218567,24014,420529,66738,32080,34658
73305,454376,33815,218578,24015,420559,66738,32080,34658
73310,454407,33819,218593,24019,420586,66738,32080,34658
73315,454438,33822,218605,24021,420614,66738,32080,34658
73320,454469,33826,218621,24025,420642,66738,32080,34658
73325,454500,33827,218634,24025,420671,66738,32080,34658
73330,454531,33828,218646,24026,420703,66738,32080,34658
73335,454562,33829,218661,24027,420733,66738,32080,34658
73340,454593,33830,218678,24028,420762,66738,32080,34658
73345,454624,33831,218695,24029,420792,66738,32080,34658
73350,454655,33832,218712,24029,420823,66738,32080,34658
73355,454686,33833,218723,24029,420853,66738,32080,34658
73360,454717,33834,218736,24029,420883,66738,32080,34658
73365,454748,33835,218754,24029,420913,66738,32080,34658
73370,454779,33837,218769,24029,420941,66738,32080,34658
73375,454810,33839,218788,24031,420970,66738,32080,34658
73380,454841,33842,218802,24034,420998,66738,32080,34658
73385,454872,33845,218819,24037,421026,66738,32080,34658
73390,454903,33848,218831,24039,421055,66738,32080,34658
73395,454934,33851,218844,24042,421083,66738,32080,34658
73400,454965,33854,218857,24043,421111,66738,32080,34658
73405,454996,33856,218870,24044,421140,66738,32080,34658
73410,455027,33860,218885,24046,421167,66738,32080,34658
73415,455058,33865,218901,24049,421193,66738,32080,34658
73420,455089,33869,218917,24052,421220,66738,32080,34658
73425,455120,33876,218933,24059,421243,66738,32080,34658
73430,455151,33879,218941,24060,421272,66738,32080,34658
73435,455182,33882,218954,24061,421300,66738,32080,34658
73440,455213,33889,218970,24066,421324,66738,32080,34658
73445,455244,33892,218988,24068,421352,66738,32080,34658
73450,455275,33893,219003,24069,421382,66738,32080,34658
73455,455306,33895,219017,24071,421411,66738,32080,34658
73460,455337,33897,219032,24072,421440,66738,32080,34658
73465,455368,33898,219044,24072,421470,66738,32080,34658
73470,455399,33900,219064,24074,421499,66738,32080,34658
73475,455430,33901,219077,24074,421529,66738,32080,34658
73480,455461,33903,219095,24076,421558,66738,32080,34658
73485,455492,33905,219111,24077,421587,66738,32080,34658
73490,455523,33907,219128,24079,421616,66738,32080,34658
73495,455554,33909,219148,24080,421644,66738,32080,34658
73500,455585,33910,219162,24080,421674,66738,32080,34658
73505,455616,33912,219173,24081,421704,66738,32080,34658
73510,455647,33913,219187,24081,421734,66738,32080,34658
73515,455678,33915,219204,24083,421763,66738,32080,34658
73520,455709,33916,219219,24083,421793,66738,32080,34658
73525,455740,33918,219237,24084,421822,66738,32080,34658
73530,455771,33919,219250,24085,421852,66738,32080,34658
73535,455802,33919,219263,24085,421883,66738,32080,34658
73540,455833,33919,219279,24085,421913,66738,32080,34658
73545,455864,33919,219293,24085,421944,66738,32080,34658
73550,455895,33920,219308,24085,421975,66738,32080,34658
73555,455926,33922,219318,24086,422004,66738,32080,34658
73560,455957,33925,219332,24089,422031,66738,32080,34658
73565,455988,33927,219347,24091,422061,66738,32080,34658
73570,456019,33930,219364,24093,422088,66738,32080,34658
73575,456050,33933,219381,24095,422117,66738,32080,34658
73580,456081,33936,219396,24096,422144,66738,32080,34658
73585,456112,33939,219412,24098,422172,66738,32080,34658
73590,456143,33942,219425,24100,422201,66738,32080,34658
73595,456174,33945,219437,24102,422229,66738,32080,34658
73600,456205,33947,219452,24104,422258,66738,32080,34658
73605,456236,33952,219469,24109,422283,66738,32080,34658
73610,456267,33956,219487,24112,422310,66738,32080,34658
73615,456298,33959,219501,24113,422338,66738,32080,34658
73620,456329,33961,219514,24114,422368,66738,32080,34658
73625,456360,33963,219531,24116,422396,66738,32080,34658
73630,456391,33965,219544,24118,422426,66738,32080,34658
73635,456422,33968,219562,24119,422454,66738,32080,34658
73640,456453,33971,219578,24120,422482,66738,32080,34658
73645,456484,33974,219591,24122,422510,66738,32080,34658
73650,456515,33978,219603,24124,422537,66738,32080,34658
73655,456546,33981,219616,24125,422565,66738,32080,34658
73660,456577,33982,219632,24125,422595,66738,32080,34658
73665,456608,33983,219643,24126,422625,66738,32080,34658
73670,456639,33984,219657,24126,422654,66738,32080,34658
73675,456670,33985,219670,24127,422685,66738,32080,34658
73680,456701,33986,219683,24128,422715,66738,32080,34658
73685,456732,33987,219696,24129,422745,66738,32080,34658
73690,456763,33989,219712,24131,422774,66738,32080,34658
73695,456794,33992,219727,24133,422800,66738,32080,34658
73700,456825,33996,219741,24136,422828,66738,32080,34658
73705,456856,33999,219758,24138,422856,66738,32080,34658
73710,456887,34001,219774,24140,422885,66738,32080,34658
73715,456918,34005,219794,24143,422912,66738,32080,34658
73720,456949,34005,219813,24143,422943,66738,32080,34658
73725,456980,34008,219827,24145,422972,66738,32080,34658
73730,457011,34010,219841,24147,423000,66738,32080,34658
73735,457042,34011,219856,24147,423030,66738,32080,34658
73740,457073,34012,219869,24148,423060,66738,32080,34658
73745,457104,34013,219883,24148,423091,66738,32080,34658
73750,457135,34015,219897,24149,423120,66738,32080,34658
73755,457166,34017,219909,24151,423149,66738,32080,34658
73760,457197,34019,219924,24152,423178,66738,32080,34658
73765,457228,34021,219942,24154,423207,66738,32080,34658
73770,457259,34023,219957,24155,423236,66738,32080,34658
73775,457290,34025,219975,24155,423264,66738,32080,34658
73780,457321,34027,219991,24155,423294,66738,32080,34658
73785,457352,34030,220005,24157,423321,66738,32080,34658
73790,457383,34033,220019,24158,423350,66738,32080,34658
73795,457414,34035,220033,24159,423378,66738,32080,34658
73800,457445,34037,220046,24160,423407,66738,32080,34658
73805,457476,34040,220065,24161,423435,66738,32080,34658
73810,457507,34043,220077,24162,423464,66738,32080,34658
73815,457538,34044,220092,24162,423493,66738,32080,34658
73820,457569,34046,220105,24164,423522,66738,32080,34658
73825,457600,34050,220123,24168,423549,66738,32080,34658
73830,457631,34052,220138,24169,423579,66738,32080,34658
73835,457662,34056,220154,24171,423606,66738,32080,34658
73840,457693,34060,220167,24174,423633,66738,32080,34658
73845,457724,34062,220182,24176,423662,66738,32080,34658
73850,457755,34065,220200,24178,423689,66738,32080,34658
73855,457786,34068,220217,24180,423718,66738,32080,34658
73860,457817,34071,220227,24182,423745,66738,32080,34658
73865,457848,34074,220244,24185,423774,66738,32080,34658
73870,457879,34078,220255,24187,423801,66738,32080,34658
73875,457910,34081,220270,24190,423829,66738,32080,34658
73880,457941,34086,220283,24194,423855,66738,32080,34658
73885,457972,34088,220302,24195,423884,66738,32080,34658
73890,458003,34090,220316,24196,423913,66738,32080,34658
73895,458034,34092,220331,24198,423942,66738,32080,34658
73900,458065,34093,220346,24198,423972,66738,32080,34658
73905,458096,34094,220361,24198,424001,66738,32080,34658
73910,458127,34096,220374,24199,424031,66738,32080,34658
73915,458158,34101,220386,24202,424057,66738,32080,34658
73920,458189,34105,220401,24206,424084,66738,32080,34658
73925,458220,34108,220419,24208,424111,66738,32080,34658
73930,458251,34110,220434,24210,424140,66738,32080,34658
73935,458282,34111,220453,24210,424170,66738,32080,34658
73940,458313,34113,220469,24211,424199,66738,32080,34658
73945,458344,34115,220489,24213,424228,66738,32080,34658
73950,458375,34117,220503,24215,424258,66738,32080,34658
73955,458406,34119,220520,24217,424286,66738,32080,34658
73960,458437,34121,220533,24219,424316,66738,32080,34658
73965,458468,34121,220548,24219,424346,66738,32080,34658
73970,458499,34121,220566,24219,424376,66738,32080,34658
73975,458530,34121,220581,24219,424408,66738,32080,34658
73980,458561,34121,220600,24219,424439,66738,32080,34658
73985,458592,34121,220616,24219,424471,66738,32080,34658
73990,458623,34122,220629,24220,424501,66738,32080,34658
73995,458654,34123,220639,24220,424531,66738,32080,34658
74000,458685,34124,220653,24220,424561,66738,32080,34658
74005,458716,34125,220664,24220,424591,66738,32080,34658
74010,458747,34126,220679,24221,424621,66738,32080,34658
74015,458778,34127,220696,24222,424651,66738,32080,34658
74020,458809,34129,220708,24222,424680,66738,32080,34658
74025,458840,34131,220723,24223,424709,66738,32080,34658
74030,458871,34133,220738,24223,424738,66738,32080,34658
74035,458902,34135,220756,24225,424767,66738,32080,34658
74040,458933,34138,220773,24228,424794,66738,32080,34658
74045,458964,34142,220792,24231,424822,66738,32080,34658
74050,458995,34146,220808,24234,424849,66738,32080,34658
74055,459026,34148,220818,24235,424878,66738,32080,34658
74060,459057,34151,220833,24238,424906,66738,32080,34658
74065,459088,34155,220854,24241,424933,66738,32080,34658
74070,459119,34159,220867,24243,424960,66738,32080,34658
74075,459150,34165,220880,24248,424985,66738,32080,34658
74080,459181,34169,220892,24251,425011,66738,32080,34658
74085,459212,34178,220908,24259,425033,66738,32080,34658
74090,459243,34186,220923,24265,425054,66738,32080,34658
74095,459274,34195,220935,24272,425078,66738,32080,34658
74100,459305,34200,220948,24276,425104,66738,32080,34658
74105,459336,34202,220968,24278,425133,66738,32080,34658
74110,459367,34204,220982,24279,425163,66738,32080,34658
74115,459398,34205,220999,24280,425192,66738,32080,34658
74120,459429,34207,221015,24282,425222,66738,32080,34658
74125,459460,34207,221030,24282,425252,66738,32080,34658
74130,459491,34207,221050,24282,425283,66738,32080,34658
74135,459522,34207,221061,24282,425315,66738,32080,34658
74140,459553,34207,221076,24282,425346,66738,32080,34658
74145,459584,34207,221088,24282,425376,66738,32080,34658
74150,459615,34207,221104,24282,425408,66738,32080,34658
74155,459646,34207,221114,24282,425438,66738,32080,34658
74160,459677,34207,221127,24282,425470,66738,32080,34658
74165,459708,34207,221139,24282,425501,66738,32080,34658
74170,459739,34207,221155,24282,425532,66738,32080,34658
74175,459770,34207,221170,24282,425563,66738,32080,34658
74180,459801,34207,221187,24282,425594,66738,32080,34658
74185,459832,34207,221202,24282,425625,66738,32080,34658
74190,459863,34207,221216,24282,425656,66738,32080,34658
74195,459894,34207,221228,24282,425687,66738,32080,34658
74200,459925,34207,221245,24282,425718,66738,32080,34658
74205,459956,34208,221261,24283,425748,66738,32080,34658
74210,459987,34211,221282,24286,425776,66738,32080,34658
74215,460018,34214,221298,24289,425804,66738,32080,34658
74220,460049,34218,221315,24292,425831,66738,32080,34658
74225,460080,34221,221331,24294,425859,66738,32080,34658
74230,460111,34225,221346,24296,425886,66738,32080,34658
74235,460142,34230,221363,24301,425912,66738,32080,34658
74240,460173,34235,221384,24305,425936,66738,32080,34658
74245,460204,34242,221395,24309,425961,66738,32080,34658
74250,460235,34248,221407,24313,425987,66738,32080,34658
74255,460266,34254,221423,24318,426011,66738,32080,34658
74260,460297,34260,221443,24322,426036,66738,32080,34658
74265,460328,34267,221456,24328,426060,66738,32080,34658
74270,460359,34271,221468,24330,426086,66738,32080,34658
74275,460390,34278,221484,24336,426110,66738,32080,34658
74280,460421,34281,221498,24338,426140,66738,32080,34658
74285,460452,34282,221512,24339,426169,66738,32080,34658
74290,460483,34283,221522,24339,426199,66738,32080,34658
74295,460514,34284,221539,24339,426229,66738,32080,34658
74300,460545,34285,221552,24340,426260,66738,32080,34658
74305,460576,34286,221569,24341,426288,66738,32080,34658
74310,460607,34287,221583,24341,426319,66738,32080,34658
74315,460638,34288,221596,24341,426350,66738,32080,34658
74320,460669,34289,221607,24341,426379,66738,32080,34658
74325,460700,34290,221618,24341,426410,66738,32080,34658
74330,460731,34291,221628,24341,426439,66738,32080,34658
74335,460762,34292,221641,24341,426470,66738,32080,34658
74340,460793,34293,221660,24341,426499,66738,32080,34658
74345,460824,34293,221673,24341,426531,66738,32080,34658
74350,460855,34293,221687,24341,426562,66738,32080,34658
74355,460886,34293,221696,24341,426593,66738,32080,34658
74360,460917,34293,221711,24341,426624,66738,32080,34658
74365,460948,34293,221723,24341,426655,66738,32080,34658
74370,460979,34294,221737,24342,426685,66738,32080,34658
74375,461010,34295,221755,24342,426715,66738,32080,34658
74380,461041,34296,221768,24342,426745,66738,32080,34658
74385,461072,34297,221782,24342,426775,66738,32080,34658
74390,461103,34301,221801,24346,426802,66738,32080,34658
74395,461134,34305,221821,24350,426829,66738,32080,34658
74400,461165,34307,221833,24351,426858,66738,32080,34658
74405,461196,34311,221846,24353,426884,66738,32080,34658
74410,461227,34315,221860,24356,426912,66738,32080,34658
74415,461258,34319,221872,24358,426939,66738,32080,34658
74420,461289,34323,221887,24362,426966,66738,32080,34658
74425,461320,34327,221903,24364,426993,66738,32080,34658
74430,461351,34332,221913,24368,427019,66738,32080,34658
74435,461382,34336,221928,24371,427045,66738,32080,34658
74440,461413,34342,221943,24377,427070,66738,32080,34658
74445,461444,34344,221951,24378,427100,66738,32080,34658
74450,461475,34348,221966,24381,427126,66738,32080,34658
74455,461506,34350,221976,24382,427155,66738,32080,34658
74460,461537,34353,221990,24384,427181,66738,32080,34658
74465,461568,34355,222001,24385,427212,66738,32080,34658
74470,461599,34356,222013,24385,427241,66738,32080,34658
74475,461630,34357,222028,24385,427272,66738,32080,34658
74480,461661,34358,222039,24386,427302,66738,32080,34658
74485,461692,34359,222057,24386,427333,66738,32080,34658
74490,461723,34360,222070,24386,427363,66738,32080,34658
74495,461754,34361,222084,24386,427393,66738,32080,34658
74500,461785,34362,222099,24387,427423,66738,32080,34658
74505,461816,34363,222116,24388,427453,66738,32080,34658
74510,461847,34364,222136,24389,427483,66738,32080,34658
74515,461878,34365,222147,24389,427513,66738,32080,34658
74520,461909,34366,222164,24390,427543,66738,32080,34658
74525,461940,34367,222177,24391,427573,66738,32080,34658
74530,461971,34368,222187,24391,427603,66738,32080,34658
74535,462002,34369,222202,24392,427633,66738,32080,34658
74540,462033,34370,222213,24392,427663,66738,32080,34658
74545,462064,34371,222227,24393,427693,66738,32080,34658
74550,462095,34372,222241,24393,427723,66738,32080,34658
74555,462126,34374,222256,24394,427752,66738,32080,34658
74560,462157,34376,222270,24395,427781,66738,32080,34658
74565,462188,34379,222284,24396,427809,66738,32080,34658
74570,462219,34382,222297,24398,427836,66738,32080,34658
74575,462250,34387,222314,24403,427863,66738,32080,34658
74580,462281,34391,222326,24407,427890,66738,32080,34658
74585,462312,34397,222339,24411,427915,66738,32080,34658
74590,462343,34402,222355,24415,427939,66738,32080,34658
74595,462374,34409,222372,24421,427964,66738,32080,34658
74600,462405,34414,222391,24424,427990,66738,32080,34658
74605,462436,34419,222404,24428,428016,66738,32080,34658
74610,462467,34423,222419,24431,428043,66738,32080,34658
74615,462498,34428,222434,24436,428068,66738,32080,34658
74620,462529,34432,222448,24439,428095,66738,32080,34658
74625,462560,34437,222462,24444,428122,66738,32080,34658
74630,462591,34439,222479,24446,428152,66738,32080,34658
74635,462622,34439,222494,24446,428183,66738,32080,34658
74640,462653,34439,222510,24446,428214,66738,32080,34658
74645,462684,34439,222524,24446,428245,66738,32080,34658
74650,462715,34439,222538,24446,428276,66738,32080,34658
74655,462746,34439,222556,24446,428307,66738,32080,34658
74660,462777,34439,222570,24446,428338,66738,32080,34658
74665,462808,34439,222584,24446,428369,66738,32080,34658
74670,462839,34439,222598,24446,428400,66738,32080,34658
74675,462870,34439,222614,24446,428431,66738,32080,34658
74680,462901,34439,222626,24446,428462,66738,32080,34658
74685,462932,34439,222637,24446,428492,66738,32080,34658
74690,462963,34439,222650,24446,428524,66738,32080,34658
74695,462994,34439,222663,24446,428555,66738,32080,34658
74700,463025,34439,222679,24446,428586,66738,32080,34658
74705,463056,34440,222694,24446,428616,66738,32080,34658
74710,463087,34442,222705,24447,428645,66738,32080,34658
74715,463118,34444,222721,24448,428674,66738,32080,34658
74720,463149,34445,222735,24448,428704,66738,32080,34658
74725,463180,34447,222752,24450,428733,66738,32080,34658
74730,463211,34449,222766,24451,428762,66738,32080,34658
74735,463242,34451,222779,24452,428790,66738,32080,34658
74740,463273,34455,222797,24456,428818,66738,32080,34658
74745,463304,34459,222812,24458,428844,66738,32080,34658
74750,463335,34462,222827,24460,428873,66738,32080,34658
74755,463366,34466,222844,24462,428899,66738,32080,34658
74760,463397,34469,222858,24463,428928,66738,32080,34658
74765,463428,34474,222873,24466,428953,66738,32080,34658
74770,463459,34478,222887,24468,428980,66738,32080,34658
74775,463490,34483,222904,24473,429007,66738,32080,34658
74780,463521,34486,222918,24475,429035,66738,32080,34658
74785,463552,34492,222930,24478,429060,66738,32080,34658
74790,463583,34497,222944,24482,429085,66738,32080,34658
74795,463614,34503,222960,24486,429109,66738,32080,34658
74800,463645,34509,222972,24490,429136,66738,32080,34658
74805,463676,34511,222984,24491,429164,66738,32080,34658
74810,463707,34515,222997,24495,429191,66738,32080,34658
74815,463738,34520,223013,24499,429218,66738,32080,34658
74820,463769,34521,223024,24500,429248,66738,32080,34658
74825,463800,34522,223043,24501,429278,66738,32080,34658
74830,463831,34523,223057,24502,429308,66738,32080,34658
74835,463862,34524,223073,24502,429338,66738,32080,34658
74840,463893,34525,223089,24503,429367,66738,32080,34658
74845,463924,34526,223106,24504,429398,66738,32080,34658
74850,463955,34529,223120,24506,429425,66738,32080,34658
74855,463986,34531,223133,24507,429455,66738,32080,34658
74860,464017,34534,223152,24509,429483,66738,32080,34658
74865,464048,34536,223166,24511,429512,66738,32080,34658
74870,464079,34537,223180,24511,429542,66738,32080,34658
74875,464110,34539,223191,24512,429571,66738,32080,34658
74880,464141,34539,223204,24512,429602,66738,32080,34658
74885,464172,34539,223223,24512,429633,66738,32080,34658
74890,464203,34539,223234,24512,429664,66738,32080,34658
74895,464234,34539,223248,24512,429694,66738,32080,34658
74900,464265,34539,223264,24512,429726,66738,32080,34658
74905,464296,34540,223279,24512,429755,66738,32080,34658
74910,464327,34542,223293,24514,429785,66738,32080,34658
74915,464358,34543,223305,24515,429815,66738,32080,34658
74920,464389,34545,223320,24515,429843,66738,32080,34658
74925,464420,34547,223333,24516,429873,66738,32080,34658
74930,464451,34550,223347,24518,429901,66738,32080,34658
74935,464482,34553,223365,24520,429929,66738,32080,34658
74940,464513,34555,223385,24522,429957,66738,32080,34658
74945,464544,34557,223399,24523,429987,66738,32080,34658
74950,464575,34559,223411,24525,430016,66738,32080,34658
74955,464606,34561,223422,24526,430045,66738,32080,34658
74960,464637,34563,223435,24527,430074,66738,32080,34658
74965,464668,34566,223450,24528,430102,66738,32080,34658
74970,464699,34568,223459,24530,430131,66738,32080,34658
74975,464730,34570,223473,24531,430160,66738,32080,34658
74980,464761,34573,223484,24532,430188,66738,32080,34658
74985,464792,34578,223502,24535,430214,66738,32080,34658
74990,464823,34584,223515,24539,430238,66738,32080,34658
74995,464854,34593,223532,24546,430261,66738,32080,34658
75000,464885,34598,223549,24550,430286,66738,32080,34658
75005,464916,34602,223567,24552,430313,66738,32080,34658
75010,464947,34605,223583,24555,430341,66738,32080,34658
75015,464978,34607,223597,24555,430370,66738,32080,34658
75020,465009,34611,223618,24557,430398,66738,32080,34658
75025,465040,34614,223628,24559,430426,66738,32080,34658
75030,465071,34617,223640,24561,430454,66738,32080,34658
75035,465102,34620,223655,24564,430482,66738,32080,34658
75040,465133,34623,223668,24565,430510,66738,32080,34658
75045,465164,34625,223679,24566,430539,66738,32080,34658
75050,465195,34629,223693,24569,430566,66738,32080,34658
75055,465226,34632,223709,24571,430594,66738,32080,34658
75060,465257,34634,223723,24572,430623,66738,32080,34658
75065,465288,34635,223741,24572,430652,66738,32080,34658
75070,465319,34636,223759,24572,430681,66738,32080,34658
75075,465350,34637,223770,24572,430713,66738,32080,34658
75080,465381,34638,223784,24573,430742,66738,32080,34658
75085,465412,34639,223802,24573,430771,66738,32080,34658
75090,465443,34640,223813,24574,430802,66738,32080,34658
75095,465474,34641,223831,24575,430831,66738,32080,34658
75100,465505,34642,223846,24575,430863,66738,32080,34658
75105,465536,34643,223863,24575,430892,66738,32080,34658
75110,465567,34644,223874,24575,430922,66738,32080,34658
75115,465598,34646,223889,24577,430950,66738,32080,34658
75120,465629,34648,223905,24578,430980,66738,32080,34658
75125,465660,34650,223921,24578,431010,66738,32080,34658
75130,465691,34653,223940,24581,431038,66738,32080,34658
75135,465722,34657,223955,24584,431065,66738,32080,34658
75140,465753,34661,223967,24588,431092,66738,32080,34658
75145,465784,34664,223983,24590,431120,66738,32080,34658
75150,465815,34668,224002,24594,431147,66738,32080,34658
75155,465846,34672,224021,24597,431174,66738,32080,34658
75160,465877,34678,224043,24603,431199,66738,32080,34658
75165,465908,34681,224057,24606,431227,66738,32080,34658
75170,465939,34682,224075,24607,431257,66738,32080,34658
75175,465970,34683,224083,24607,431287,66738,32080,34658
75180,466001,34684,224095,24607,431317,66738,32080,34658
75185,466032,34685,224114,24607,431347,66738,32080,34658
75190,466063,34686,224130,24607,431377,66738,32080,34658
75195,466094,34687,224145,24607,431407,66738,32080,34658
75200,466125,34688,224160,24608,431437,66738,32080,34658
75205,466156,34690,224174,24609,431466,66738,32080,34658
75210,466187,34691,224191,24610,431496,66738,32080,34658
75215,466218,34693,224211,24612,431525,66738,32080,34658
75220,466249,34695,224233,24613,431554,66738,32080,34658
75225,466280,34697,224246,24614,431583,66738,32080,34658
75230,466311,34699,224261,24615,431611,66738,32080,34658
75235,466342,34702,224274,24618,431640,66738,32080,34658
75240,466373,34704,224290,24619,431667,66738,32080,34658
75245,466404,34707,224307,24621,431696,66738,32080,34658
75250,466435,34708,224319,24622,431727,66738,32080,34658
75255,466466,34708,224336,24622,431758,66738,32080,34658
75260,466497,34708,224350,24622,431789,66738,32080,34658
75265,466528,34708,224366,24622,431820,66738,32080,34658
75270,466559,34709,224375,24622,431850,66738,32080,34658
75275,466590,34712,224389,24624,431877,66738,32080,34658
75280,466621,34715,224402,24625,431906,66738,32080,34658
75285,466652,34719,224417,24629,431933,66738,32080,34658
75290,466683,34722,224429,24630,431960,66738,32080,34658
75295,466714,34726,224446,24634,431987,66738,32080,34658
75300,466745,34729,224458,24635,432016,66738,32080,34658
75305,466776,34731,224473,24637,432045,66738,32080,34658
75310,466807,34734,224491,24639,432072,66738,32080,34658
75315,466838,34736,224504,24640,432101,66738,32080,34658
75320,466869,34739,224519,24643,432130,66738,32080,34658
75325,466900,34743,224531,24645,432157,66738,32080,34658
75330,466931,34745,224544,24646,432186,66738,32080,34658
75335,466962,34748,224561,24647,432213,66738,32080,34658
75340,466993,34752,224576,24651,432241,66738,32080,34658
75345,467024,34753,224596,24652,432270,66738,32080,34658
75350,467055,34754,224611,24652,432300,66738,32080,34658
75355,467086,34755,224625,24652,432329,66738,32080,34658
75360,467117,34757,224643,24652,432360,66738,32080,34658
75365,467148,34759,224655,24652,432389,66738,32080,34658
75370,467179,34761,224670,24652,432418,66738,32080,34658
75375,467210,34763,224686,24652,432447,66738,32080,34658
75380,467241,34765,224700,24652,432476,66738,32080,34658
75385,467272,34768,224716,24653,432504,66738,32080,34658
75390,467303,34770,224732,24654,432533,66738,32080,34658
75395,467334,34773,224750,24656,432561,66738,32080,34658
75400,467365,34775,224764,24658,432590,66738,32080,34658
75405,467396,34777,224774,24658,432619,66738,32080,34658
75410,467427,34782,224792,24662,432645,66738,32080,34658
75415,467458,34785,224809,24664,432673,66738,32080,34658
75420,467489,34788,224825,24666,432701,66738,32080,34658
75425,467520,34791,224841,24668,432729,66738,32080,34658
75430,467551,34795,224851,24670,432756,66738,32080,34658
75435,467582,34797,224866,24670,432785,66738,32080,34658
75440,467613,34800,224879,24672,432813,66738,32080,34658
75445,467644,34805,224900,24677,432839,66738,32080,34658
75450,467675,34809,224915,24680,432866,66738,32080,34658
75455,467706,34811,224928,24680,432895,66738,32080,34658
75460,467737,34815,224946,24684,432922,66738,32080,34658
75465,467768,34818,224962,24687,432950,66738,32080,34658
75470,467799,34819,224975,24687,432979,66738,32080,34658
75475,467830,34820,224991,24688,433010,66738,32080,34658
75480,467861,34822,225009,24689,433038,66738,32080,34658
75485,467892,34823,225022,24689,433068,66738,32080,34658
75490,467923,34824,225033,24690,433098,66738,32080,34658
75495,467954,34826,225053,24691,433127,66738,32080,34658
75500,467985,34827,225069,24692,433158,66738,32080,34658
75505,468016,34828,225077,24693,433187,66738,32080,34658
75510,468047,34831,225096,24696,433216,66738,32080,34658
75515,468078,34834,225108,24699,433243,66738,32080,34658
75520,468109,34837,225121,24701,433271,66738,32080,34658
75525,468140,34839,225133,24702,433300,66738,32080,34658
75530,468171,34839,225148,24702,433330,66738,32080,34658
75535,468202,34839,225165,24702,433363,66738,32080,34658
75540,468233,34839,225180,24702,433394,66738,32080,34658
75545,468264,34839,225197,24702,433424,66738,32080,34658
75550,468295,34839,225207,24702,433456,66738,32080,34658
75555,468326,34840,225217,24703,433485,66738,32080,34658
75560,468357,34841,225233,24704,433515,66738,32080,34658
75565,468388,34843,225247,24704,433544,66738,32080,34658
75570,468419,34845,225260,24704,433573,66738,32080,34658
75575,468450,34847,225272,24704,433603,66738,32080,34658
75580,468481,34849,225285,24705,433631,66738,32080,34658
75585,468512,34851,225301,24706,433660,66738,32080,34658
75590,468543,34853,225316,24707,433689,66738,32080,34658
75595,468574,34855,225335,24708,433719,66738,32080,34658
75600,468605,34857,225352,24709,433748,66738,32080,34658
75605,468636,34859,225369,24709,433777,66738,32080,34658
75610,468667,34861,225381,24710,433806,66738,32080,34658
75615,468698,34863,225399,24711,433835,66738,32080,34658
75620,468729,34866,225414,24713,433863,66738,32080,34658
75625,468760,34870,225431,24717,433890,66738,32080,34658
75630,468791,34873,225447,24718,433918,66738,32080,34658
75635,468822,34878,225461,24722,433943,66738,32080,34658
75640,468853,34882,225477,24723,433970,66738,32080,34658
75645,468884,34888,225492,24728,433995,66738,32080,34658
75650,468915,34894,225505,24732,434021,66738,32080,34658
75655,468946,34898,225518,24735,434047,66738,32080,34658
75660,468977,34903,225533,24739,434073,66738,32080,34658
75665,469008,34906,225547,24742,434101,66738,32080,34658
75670,469039,34908,225560,24744,434130,66738,32080,34658
75675,469070,34910,225570,24744,434160,66738,32080,34658
75680,469101,34914,225592,24748,434187,66738,32080,34658
75685,469132,34918,225604,24751,434214,66738,32080,34658
75690,469163,34923,225621,24754,434240,66738,32080,34658
75695,469194,34926,225638,24756,434267,66738,32080,34658
75700,469225,34932,225656,24761,434291,66738,32080,34658
75705,469256,34934,225670,24763,434321,66738,32080,34658
75710,469287,34937,225684,24765,434350,66738,32080,34658
75715,469318,34939,225696,24766,434379,66738,32080,34658
75720,469349,34939,225711,24766,434408,66738,32080,34658
75725,469380,34939,225728,24766,434440,66738,32080,34658
75730,469411,34939,225749,24766,434471,66738,32080,34658
75735,469442,34939,225768,24766,434503,66738,32080,34658
75740,469473,34939,225778,24766,434533,66738,32080,34658
75745,469504,34939,225790,24766,434565,66738,32080,34658
75750,469535,34939,225805,24766,434595,66738,32080,34658
75755,469566,34939,225818,24766,434626,66738,32080,34658
75760,469597,34939,225831,24766,434658,66738,32080,34658
75765,469628,34940,225841,24767,434688,66738,32080,34658
75770,469659,34941,225858,24768,434717,66738,32080,34658
75775,469690,34942,225874,24768,434747,66738,32080,34658
75780,469721,34944,225889,24770,434777,66738,32080,34658
75785,469752,34945,225898,24771,434807,66738,32080,34658
75790,469783,34947,225915,24773,434836,66738,32080,34658
75795,469814,34949,225931,24775,434865,66738,32080,34658
75800,469845,34951,225943,24776,434894,66738,32080,34658
75805,469876,34952,225952,24777,434924,66738,32080,34658
75810,469907,34956,225973,24779,434951,66738,32080,34658
75815,469938,34959,225988,24781,434979,66738,32080,34658
75820,469969,34964,226000,24785,435005,66738,32080,34658
75825,470000,34969,226012,24787,435030,66738,32080,34658
75830,470031,34975,226033,24791,435055,66738,32080,34658
75835,470062,34978,226045,24794,435083,66738,32080,34658
75840,470093,34980,226063,24795,435113,66738,32080,34658
75845,470124,34984,226080,24798,435140,66738,32080,34658
75850,470155,34989,226099,24802,435166,66738,32080,34658
75855,470186,34995,226118,24808,435190,66738,32080,34658
75860,470217,34998,226130,24809,435218,66738,32080,34658
75865,470248,34999,226143,24809,435249,66738,32080,34658
75870,470279,35000,226157,24809,435278,66738,32080,34658
75875,470310,35001,226171,24809,435309,66738,32080,34658
75880,470341,35002,226186,24809,435338,66738,32080,34658
75885,470372,35003,226202,24809,435367,66738,32080,34658
75890,470403,35004,226215,24810,435398,66738,32080,34658
75895,470434,35005,226229,24811,435428,66738,32080,34658
75900,470465,35006,226243,24811,435457,66738,32080,34658
75905,470496,35007,226258,24811,435489,66738,32080,34658
75910,470527,35008,226270,24812,435519,66738,32080,34658
75915,470558,35009,226287,24813,435549,66738,32080,34658
75920,470589,35010,226304,24813,435579,66738,32080,34658
75925,470620,35012,226322,24815,435608,66738,32080,34658
75930,470651,35014,226335,24816,435637,66738,32080,34658
75935,470682,35016,226349,24817,435666,66738,32080,34658
75940,470713,35019,226362,24819,435694,66738,32080,34658
75945,470744,35023,226378,24822,435721,66738,32080,34658
75950,470775,35026,226394,24824,435749,66738,32080,34658
75955,470806,35030,226407,24826,435776,66738,32080,34658
75960,470837,35033,226420,24829,435804,66738,32080,34658
75965,470868,35036,226432,24831,435832,66738,32080,34658
75970,470899,35038,226448,24832,435861,66738,32080,34658
75975,470930,35040,226462,24833,435890,66738,32080,34658
75980,470961,35042,226468,24833,435919,66738,32080,34658
75985,470992,35046,226486,24836,435946,66738,32080,34658
75990,471023,35049,226503,24839,435974,66738,32080,34658
75995,471054,35053,226515,24841,436001,66738,32080,34658
76000,471085,35056,226529,24842,436029,66738,32080,34658
76005,471116,35061,226548,24847,436054,66738,32080,34658
76010,471147,35065,226564,24850,436082,66738,32080,34658
76015,471178,35071,226581,24855,436106,66738,32080,34658
76020,471209,35075,226595,24858,436132,66738,32080,34658
76025,471240,35078,226612,24860,436161,66738,32080,34658
76030,471271,35079,226629,24861,436190,66738,32080,34658
76035,471302,35081,226643,24863,436220,66738,32080,34658
76040,471333,35081,226659,24863,436251,66738,32080,34658
76045,471364,35081,226674,24863,436282,66738,32080,34658
76050,471395,35081,226691,24863,436314,66738,32080,34658
76055,471426,35081,226710,24863,436345,66738,32080,34658
76060,471457,35081,226728,24863,436376,66738,32080,34658
76065,471488,35081,226742,24863,436407,66738,32080,34658
76070,471519,35081,226754,24863,436438,66738,32080,34658
76075,471550,35081,226769,24863,436469,66738,32080,34658
76080,471581,35082,226787,24863,436499,66738,32080,34658
76085,471612,35083,226797,24863,436529,66738,32080,34658
76090,471643,35084,226814,24863,436559,66738,32080,34658
76095,471674,35085,226828,24863,436589,66738,32080,34658
76100,471705,35086,226846,24864,436619,66738,32080,34658
76105,471736,35087,226861,24864,436649,66738,32080,34658
76110,471767,35088,226870,24865,436679,66738,32080,34658
76115,471798,35089,226891,24865,436709,66738,32080,34658
76120,471829,35090,226915,24866,436739,66738,32080,34658
76125,471860,35091,226928,24866,436769,66738,32080,34658
76130,471891,35093,226942,24867,436798,66738,32080,34658
76135,471922,35095,226953,24868,436827,66738,32080,34658
76140,471953,35097,226966,24868,436856,66738,32080,34658
76145,471984,35101,226978,24869,436883,66738,32080,34658
76150,472015,35105,226992,24871,436909,66738,32080,34658
76155,472046,35110,227007,24875,436935,66738,32080,34658
76160,472077,35116,227023,24879,436960,66738,32080,34658
76165,472108,35121,227039,24883,436985,66738,32080,34658
76170,472139,35127,227055,24888,437012,66738,32080,34658
76175,472170,35132,227069,24891,437036,66738,32080,34658
76180,472201,35138,227082,24894,437062,66738,32080,34658
76185,472232,35142,227094,24896,437089,66738,32080,34658
76190,472263,35147,227104,24899,437116,66738,32080,34658
76195,472294,35153,227113,24903,437141,66738,32080,34658
76200,472325,35157,227127,24904,437167,66738,32080,34658
76205,472356,35160,227143,24907,437195,66738,32080,34658
76210,472387,35163,227161,24909,437223,66738,32080,34658
76215,472418,35164,227176,24910,437254,66738,32080,34658
76220,472449,35167,227191,24912,437281,66738,32080,34658
76225,472480,35170,227207,24915,437310,66738,32080,34658
76230,472511,35170,227224,24915,437340,66738,32080,34658
76235,472542,35170,227241,24915,437372,66738,32080,34658
76240,472573,35170,227255,24915,437402,66738,32080,34658
76245,472604,35170,227269,24915,437434,66738,32080,34658
76250,472635,35170,227286,24915,437465,66738,32080,34658
76255,472666,35170,227300,24915,437495,66738,32080,34658
76260,472697,35170,227318,24915,437527,66738,32080,34658
76265,472728,35170,227338,24915,437558,66738,32080,34658
76270,472759,35170,227351,24915,437589,66738,32080,34658
76275,472790,35170,227362,24915,437620,66738,32080,34658
76280,472821,35170,227384,24915,437651,66738,32080,34658
76285,472852,35170,227399,24915,437682,66738,32080,34658
76290,472883,35170,227414,24915,437713,66738,32080,34658
76295,472914,35170,227437,24915,437744,66738,32080,34658
76300,472945,35170,227452,24915,437775,66738,32080,34658
76305,472976,35170,227467,24915,437805,66738,32080,34658
76310,473007,35171,227486,24915,437835,66738,32080,34658
76315,473038,35173,227499,24917,437865,66738,32080,34658
76320,473069,35175,227510,24919,437894,66738,32080,34658
76325,473100,35177,227521,24920,437923,66738,32080,34658
76330,473131,35179,227534,24920,437952,66738,32080,34658
76335,473162,35183,227547,24922,437979,66738,32080,34658
76340,473193,35188,227562,24925,438005,66738,32080,34658
76345,473224,35191,227577,24927,438033,66738,32080,34658
76350,473255,35194,227588,24927,438061,66738,32080,34658
76355,473286,35199,227603,24931,438087,66738,32080,34658
76360,473317,35202,227619,24932,438115,66738,32080,34658
76365,473348,35207,227633,24936,438141,66738,32080,34658
76370,473379,35211,227647,24939,438167,66738,32080,34658
76375,473410,35214,227661,24940,438195,66738,32080,34658
76380,473441,35220,227677,24945,438221,66738,32080,34658
76385,473472,35224,227695,24949,438248,66738,32080,34658
76390,473503,35228,227711,24952,438275,66738,32080,34658
76395,473534,35234,227731,24957,438300,66738,32080,34658
76400,473565,35239,227747,24961,438326,66738,32080,34658
76405,473596,35244,227765,24965,438352,66738,32080,34658
76410,473627,35250,227783,24971,438377,66738,32080,34658
76415,473658,35253,227796,24972,438404,66738,32080,34658
76420,473689,35259,227811,24978,438430,66738,32080,34658
76425,473720,35262,227827,24980,438457,66738,32080,34658
76430,473751,35264,227843,24981,438486,66738,32080,34658
76435,473782,35267,227862,24983,438514,66738,32080,34658
76440,473813,35269,227878,24985,438543,66738,32080,34658
76445,473844,35269,227895,24985,438575,66738,32080,34658
76450,473875,35269,227912,24985,438606,66738,32080,34658
76455,473906,35269,227931,24985,438636,66738,32080,34658
76460,473937,35269,227947,24985,438668,66738,32080,34658
76465,473968,35269,227962,24985,438699,66738,32080,34658
76470,473999,35269,227978,24985,438729,66738,32080,34658
76475,474030,35269,227992,24985,438760,66738,32080,34658
76480,474061,35269,228007,24985,438792,66738,32080,34658
76485,474092,35269,228020,24985,438822,66738,32080,34658
76490,474123,35269,228027,24985,438854,66738,32080,34658
76495,474154,35269,228037,24985,438884,66738,32080,34658
76500,474185,35269,228049,24985,438916,66738,32080,34658
76505,474216,35269,228064,24985,438946,66738,32080,34658
76510,474247,35269,228081,24985,438978,66738,32080,34658
76515,474278,35269,228099,24985,439009,66738,32080,34658
76520,474309,35269,228112,24985,439040,66738,32080,34658
76525,474340,35270,228124,24986,439069,66738,32080,34658
76530,474371,35272,228141,24987,439099,66738,32080,34658
76535,474402,35274,228153,24987,439128,66738,32080,34658
76540,474433,35276,228167,24988,439157,66738,32080,34658
76545,474464,35278,228177,24989,439186,66738,32080,34658
76550,474495,35280,228197,24991,439215,66738,32080,34658
76555,474526,35284,228214,24995,439242,66738,32080,34658
76560,474557,35288,228227,24998,439269,66738,32080,34658
76565,474588,35291,228238,24998,439296,66738,32080,34658
76570,474619,35295,228252,25001,439324,66738,32080,34658
76575,474650,35299,228264,25003,439351,66738,32080,34658
76580,474681,35303,228278,25006,439378,66738,32080,34658
76585,474712,35307,228294,25008,439405,66738,32080,34658
76590,474743,35312,228308,25012,439431,66738,32080,34658
76595,474774,35318,228322,25016,439456,66738,32080,34658
76600,474805,35321,228332,25017,439484,66738,32080,34658
76605,474836,35325,228345,25020,439511,66738,32080,34658
76610,474867,35328,228358,25021,439539,66738,32080,34658
76615,474898,35332,228371,25022,439565,66738,32080,34658
76620,474929,35339,228383,25029,439590,66738,32080,34658
76625,474960,35344,228395,25033,439615,66738,32080,34658
76630,474991,35350,228404,25036,439641,66738,32080,34658
76635,475022,35354,228419,25040,439667,66738,32080,34658
76640,475053,35359,228432,25044,439694,66738,32080,34658
76645,475084,35363,228447,25047,439720,66738,32080,34658
76650,475115,35366,228458,25049,439749,66738,32080,34658
76655,475146,35369,228470,25051,439776,66738,32080,34658
76660,475177,35371,228483,25052,439806,66738,32080,34658
76665,475208,35371,228501,25052,439837,66738,32080,34658
76670,475239,35371,228515,25052,439868,66738,32080,34658
76675,475270,35371,228530,25052,439898,66738,32080,34658
76680,475301,35371,228542,25052,439930,66738,32080,34658
76685,475332,35371,228555,25052,439960,66738,32080,34658
76690,475363,35371,228565,25052,439992,66738,32080,34658
76695,475394,35371,228583,25052,440022,66738,32080,34658
76700,475425,35371,228601,25052,440053,66738,32080,34658
76705,475456,35371,228613,25052,440085,66738,32080,34658
76710,475487,35371,228628,25052,440116,66738,32080,34658
76715,475518,35371,228645,25052,440147,66738,32080,34658
76720,475549,35371,228657,25052,440178,66738,32080,34658
76725,475580,35371,228667,25052,440209,66738,32080,34658
76730,475611,35371,228677,25052,440240,66738,32080,34658
76735,475642,35372,228692,25052,440269,66738,32080,34658
76740,475673,35373,228709,25052,440300,66738,32080,34658
76745,475704,35374,228725,25052,440329,66738,32080,34658
76750,475735,35375,228739,25053,440360,66738,32080,34658
76755,475766,35376,228755,25054,440390,66738,32080,34658
76760,475797,35377,228775,25054,440419,66738,32080,34658
76765,475828,35381,228790,25057,440446,66738,32080,34658
76770,475859,35384,228804,25058,440474,66738,32080,34658
76775,475890,35387,228816,25059,440503,66738,32080,34658
76780,475921,35392,228833,25061,440529,66738,32080,34658
76785,475952,35397,228851,25064,440554,66738,32080,34658
76790,475983,35402,228864,25067,440581,66738,32080,34658
76795,476014,35407,228878,25070,440607,66738,32080,34658
76800,476045,35413,228892,25075,440631,66738,32080,34658
76805,476076,35421,228909,25081,440655,66738,32080,34658
76810,476107,35428,228927,25087,440678,66738,32080,34658
76815,476138,35431,228942,25088,440706,66738,32080,34658
76820,476169,35432,228957,25088,440736,66738,32080,34658
76825,476200,35433,228972,25088,440767,66738,32080,34658
76830,476231,35436,228989,25090,440794,66738,32080,34658
76835,476262,35439,229004,25093,440823,66738,32080,34658
76840,476293,35442,229022,25095,440851,66738,32080,34658
76845,476324,35444,229042,25096,440879,66738,32080,34658
76850,476355,35446,229056,25097,440909,66738,32080,34658
76855,476386,35448,229075,25099,440938,66738,32080,34658
76860,476417,35451,229091,25101,440966,66738,32080,34658
76865,476448,35451,229106,25101,440997,66738,32080,34658
76870,476479,35451,229127,25101,441028,66738,32080,34658
76875,476510,35451,229143,25101,441059,66738,32080,34658
76880,476541,35451,229156,25101,441090,66738,32080,34658
76885,476572,35451,229171,25101,441121,66738,32080,34658
76890,476603,35451,229187,25101,441152,66738,32080,34658
76895,476634,35451,229203,25101,441183,66738,32080,34658
76900,476665,35451,229214,25101,441214,66738,32080,34658
76905,476696,35451,229231,25101,441245,66738,32080,34658
76910,476727,35451,229241,25101,441276,66738,32080,34658
76915,476758,35451,229254,25101,441307,66738,32080,34658
76920,476789,35452,229266,25101,441337,66738,32080,34658
76925,476820,35455,229282,25103,441365,66738,32080,34658
76930,476851,35457,229297,25104,441394,66738,32080,34658
76935,476882,35459,229308,25105,441423,66738,32080,34658
76940,476913,35462,229325,25107,441451,66738,32080,34658
76945,476944,35464,229338,25109,441480,66738,32080,34658
76950,476975,35468,229351,25111,441507,66738,32080,34658
76955,477006,35471,229366,25114,441535,66738,32080,34658
76960,477037,35473,229380,25115,441564,66738,32080,34658
76965,477068,35475,229391,25115,441593,66738,32080,34658
76970,477099,35479,229408,25119,441619,66738,32080,34658
76975,477130,35483,229424,25123,441647,66738,32080,34658
76980,477161,35489,229440,25127,441669,66738,32080,34658
76985,477192,35496,229453,25132,441695,66738,32080,34658
76990,477223,35501,229471,25136,441720,66738,32080,34658
76995,477254,35508,229487,25142,441745,66738,32080,34658
77000,477285,35511,229504,25145,441772,66738,32080,34658
77005,477316,35513,229519,25146,441802,66738,32080,34658
77010,477347,35516,229537,25149,441830,66738,32080,34658
77015,477378,35517,229554,25150,441860,66738,32080,34658
77020,477409,35518,229567,25151,441890,66738,32080,34658
77025,477440,35519,229583,25152,441920,66738,32080,34658
77030,477471,35520,229597,25153,441950,66738,32080,34658
77035,477502,35521,229609,25154,441981,66738,32080,34658
77040,477533,35522,229627,25154,442011,66738,32080,34658
77045,477564,35524,229641,25155,442040,66738,32080,34658
77050,477595,35525,229653,25156,442070,66738,32080,34658
77055,477626,35526,229664,25156,442100,66738,32080,34658
77060,477657,35528,229680,25157,442129,66738,32080,34658
77065,477688,35530,229693,25159,442158,66738,32080,34658
77070,477719,35532,229710,25161,442187,66738,32080,34658
77075,477750,35534,229727,25162,442216,66738,32080,34658
77080,477781,35535,229741,25163,442246,66738,32080,34658
77085,477812,35537,229750,25164,442275,66738,32080,34658
77090,477843,35539,229769,25165,442304,66738,32080,34658
77095,477874,35542,229783,25167,442332,66738,32080,34658
77100,477905,35543,229795,25168,442362,66738,32080,34658
77105,477936,35546,229809,25170,442390,66738,32080,34658
77110,477967,35547,229827,25170,442420,66738,32080,34658
77115,477998,35548,229844,25171,442450,66738,32080,34658
77120,478029,35550,229859,25172,442479,66738,32080,34658
77125,478060,35552,229872,25173,442508,66738,32080,34658
77130,478091,35555,229888,25174,442535,66738,32080,34658
77135,478122,35559,229900,25177,442563,66738,32080,34658
77140,478153,35562,229917,25179,442589,66738,32080,34658
77145,478184,35568,229934,25185,442615,66738,32080,34658
77150,478215,35573,229951,25188,442642,66738,32080,34658
77155,478246,35577,229964,25191,442666,66738,32080,34658
77160,478277,35583,229979,25196,442693,66738,32080,34658
77165,478308,35585,229988,25197,442722,66738,32080,34658
77170,478339,35586,230005,25197,442752,66738,32080,34658
77175,478370,35587,230019,25198,442783,66738,32080,34658
77180,478401,35589,230039,25200,442811,66738,32080,34658
77185,478432,35590,230051,25201,442842,66738,32080,34658
77190,478463,35593,230067,25204,442870,66738,32080,34658
77195,478494,35594,230080,25205,442900,66738,32080,34658
77200,478525,35595,230094,25206,442929,66738,32080,34658
77205,478556,35597,230106,25207,442958,66738,32080,34658
77210,478587,35600,230119,25209,442986,66738,32080,34658
77215,478618,35602,230131,25211,443016,66738,32080,34658
77220,478649,35605,230143,25212,443043,66738,32080,34658
77225,478680,35606,230155,25212,443074,66738,32080,34658
77230,478711,35607,230173,25212,443104,66738,32080,34658
77235,478742,35608,230189,25212,443134,66738,32080,34658
77240,478773,35609,230204,25212,443164,66738,32080,34658
77245,478804,35610,230218,25212,443194,66738,32080,34658
77250,478835,35611,230235,25213,443224,66738,32080,34658
77255,478866,35612,230249,25213,443254,66738,32080,34658
77260,478897,35613,230262,25213,443284,66738,32080,34658
77265,478928,35614,230272,25214,443314,66738,32080,34658
77270,478959,35616,230285,25214,443343,66738,32080,34658
77275,478990,35618,230301,25215,443372,66738,32080,34658
77280,479021,35620,230314,25215,443401,66738,32080,34658
77285,479052,35622,230323,25216,443430,66738,32080,34658
77290,479083,35624,230341,25218,443459,66738,32080,34658
77295,479114,35626,230353,25218,443488,66738,32080,34658
77300,479145,35628,230361,25219,443517,66738,32080,34658
77305,479176,35631,230372,25220,443545,66738,32080,34658
77310,479207,35633,230385,25221,443574,66738,32080,34658
77315,479238,35635,230405,25222,443603,66738,32080,34658
77320,479269,35639,230423,25225,443629,66738,32080,34658
77325,479300,35645,230441,25230,443653,66738,32080,34658
77330,479331,35651,230457,25234,443677,66738,32080,34658
77335,479362,35660,230474,25242,443702,66738,32080,34658
77340,479393,35665,230485,25245,443728,66738,32080,34658
77345,479424,35668,230501,25247,443755,66738,32080,34658
77350,479455,35670,230518,25248,443784,66738,32080,34658
77355,479486,35672,230535,25250,443813,66738,32080,34658
77360,479517,35676,230549,25254,443840,66738,32080,34658
77365,479548,35680,230566,25258,443868,66738,32080,34658
77370,479579,35684,230583,25260,443894,66738,32080,34658
77375,479610,35685,230599,25260,443925,66738,32080,34658
77380,479641,35687,230617,25262,443954,66738,32080,34658
77385,479672,35689,230635,25264,443983,66738,32080,34658
77390,479703,35690,230646,25265,444013,66738,32080,34658
77395,479734,35691,230662,25266,444043,66738,32080,34658
77400,479765,35692,230672,25266,444073,66738,32080,34658
77405,479796,35696,230691,25270,444100,66738,32080,34658
77410,479827,35698,230707,25271,444128,66738,32080,34658
77415,479858,35698,230720,25271,444160,66738,32080,34658
77420,479889,35698,230737,25271,444191,66738,32080,34658
77425,479920,35698,230755,25271,444222,66738,32080,34658
77430,479951,35698,230770,25271,444253,66738,32080,34658
77435,479982,35698,230785,25271,444284,66738,32080,34658
77440,480013,35698,230801,25271,444315,66738,32080,34658
77445,480044,35699,230817,25271,444344,66738,32080,34658
77450,480075,35700,230831,25271,444374,66738,32080,34658
77455,480106,35701,230850,25271,444404,66738,32080,34658
77460,480137,35702,230864,25271,444435,66738,32080,34658
77465,480168,35703,230876,25271,444465,66738,32080,34658
77470,480199,35704,230886,25272,444494,66738,32080,34658
77475,480230,35705,230901,25272,444525,66738,32080,34658
77480,480261,35708,230919,25275,444553,66738,32080,34658
77485,480292,35711,230939,25278,444578,66738,32080,34658
77490,480323,35716,230952,25282,444607,66738,32080,34658
77495,480354,35719,230965,25284,444635,66738,32080,34658
77500,480385,35723,230980,25286,444662,66738,32080,34658
77505,480416,35726,230997,25289,444690,66738,32080,34658
77510,480447,35730,231016,25291,444715,66738,32080,34658
77515,480478,35734,231034,25294,444743,66738,32080,34658
77520,480509,35736,231047,25294,444772,66738,32080,34658
77525,480540,35738,231067,25296,444801,66738,32080,34658
77530,480571,35740,231082,25298,444831,66738,32080,34658
77535,480602,35742,231093,25298,444860,66738,32080,34658
77540,480633,35744,231111,25298,444889,66738,32080,34658
77545,480664,35746,231127,25299,444918,66738,32080,34658
77550,480695,35748,231140,25300,444947,66738,32080,34658
77555,480726,35752,231156,25304,444974,66738,32080,34658
77560,480757,35756,231173,25307,445001,66738,32080,34658
77565,480788,35759,231186,25309,445028,66738,32080,34658
77570,480819,35762,231198,25310,445057,66738,32080,34658
77575,480850,35764,231214,25311,445086,66738,32080,34658
77580,480881,35768,231234,25314,445113,66738,32080,34658
77585,480912,35770,231248,25314,445142,66738,32080,34658
77590,480943,35774,231265,25316,445169,66738,32080,34658
77595,480974,35778,231284,25319,445194,66738,32080,34658
77600,481005,35781,231297,25321,445223,66738,32080,34658
77605,481036,35784,231311,25324,445250,66738,32080,34658
77610,481067,35788,231324,25327,445278,66738,32080,34658
77615,481098,35792,231338,25330,445306,66738,32080,34658
77620,481129,35795,231355,25331,445333,66738,32080,34658
77625,481160,35796,231367,25332,445363,66738,32080,34658
77630,481191,35797,231380,25333,445394,66738,32080,34658
77635,481222,35798,231397,25333,445422,66738,32080,34658
77640,481253,35800,231408,25335,445453,66738,32080,34658
77645,481284,35802,231426,25336,445482,66738,32080,34658
77650,481315,35804,231439,25337,445510,66738,32080,34658
77655,481346,35805,231453,25338,445540,66738,32080,34658
77660,481377,35807,231467,25339,445569,66738,32080,34658
77665,481408,35809,231483,25340,445599,66738,32080,34658
77670,481439,35811,231499,25342,445627,66738,32080,34658
77675,481470,35813,231510,25344,445657,66738,32080,34658
77680,481501,35816,231523,25347,445684,66738,32080,34658
77685,481532,35818,231541,25349,445712,66738,32080,34658
77690,481563,35820,231562,25351,445742,66738,32080,34658
77695,481594,35820,231575,25351,445773,66738,32080,34658
77700,481625,35820,231589,25351,445805,66738,32080,34658
77705,481656,35820,231601,25351,445836,66738,32080,34658
77710,481687,35821,231616,25351,445866,66738,32080,34658
77715,481718,35822,231629,25352,445896,66738,32080,34658
77720,481749,35823,231642,25353,445926,66738,32080,34658
77725,481780,35824,231659,25353,445956,66738,32080,34658
77730,481811,35827,231674,25355,445984,66738,32080,34658
77735,481842,35829,231687,25357,446013,66738,32080,34658
77740,481873,35831,231701,25358,446042,66738,32080,34658
77745,481904,35837,231716,25362,446067,66738,32080,34658
77750,481935,35840,231734,25364,446095,66738,32080,34658
77755,481966,35844,231745,25368,446122,66738,32080,34658
77760,481997,35850,231761,25373,446147,66738,32080,34658
77765,482028,35853,231772,25376,446175,66738,32080,34658
77770,482059,35854,231787,25377,446205,66738,32080,34658
77775,482090,35855,231801,25378,446234,66738,32080,34658
77780,482121,35856,231816,25378,446265,66738,32080,34658
77785,482152,35857,231832,25379,446294,66738,32080,34658
77790,482183,35858,231846,25379,446324,66738,32080,34658
77795,482214,35860,231861,25379,446353,66738,32080,34658
77800,482245,35862,231877,25380,446381,66738,32080,34658
77805,482276,35864,231890,25382,446411,66738,32080,34658
77810,482307,35866,231904,25383,446441,66738,32080,34658
77815,482338,35868,231920,25383,446468,66738,32080,34658
77820,482369,35870,231932,25383,446499,66738,32080,34658
77825,482400,35872,231950,25385,446527,66738,32080,34658
77830,482431,35874,231964,25386,446557,66738,32080,34658
77835,482462,35876,231984,25388,446586,66738,32080,34658
77840,482493,35878,231993,25389,446615,66738,32080,34658
77845,482524,35880,232006,25390,446644,66738,32080,34658
77850,482555,35882,232023,25391,446673,66738,32080,34658
77855,482586,35884,232039,25391,446702,66738,32080,34658
77860,482617,35886,232051,25392,446731,66738,32080,34658
77865,482648,35888,232065,25393,446760,66738,32080,34658
77870,482679,35891,232083,25395,446788,66738,32080,34658
77875,482710,35894,232098,25396,446816,66738,32080,34658
77880,482741,35898,232113,25398,446843,66738,32080,34658
77885,482772,35903,232129,25402,446869,66738,32080,34658
77890,482803,35907,232141,25405,446896,66738,32080,34658
77895,482834,35911,232156,25408,446923,66738,32080,34658
77900,482865,35915,232169,25412,446950,66738,32080,34658
77905,482896,35918,232184,25414,446978,66738,32080,34658
77910,482927,35923,232196,25416,447004,66738,32080,34658
77915,482958,35926,232211,25417,447032,66738,32080,34658
77920,482989,35932,232228,25422,447057,66738,32080,34658
77925,483020,35938,232247,25427,447082,66738,32080,34658
77930,483051,35944,232263,25431,447107,66738,32080,34658
77935,483082,35949,232278,25434,447132,66738,32080,34658
77940,483113,35952,232297,25437,447160,66738,32080,34658
77945,483144,35953,232315,25437,447190,66738,32080,34658
77950,483175,35954,232329,25438,447219,66738,32080,34658
77955,483206,35955,232342,25439,447250,66738,32080,34658
77960,483237,35956,232357,25440,447279,66738,32080,34658
77965,483268,35957,232373,25441,447309,66738,32080,34658
77970,483299,35958,232389,25441,447340,66738,32080,34658
77975,483330,35959,232404,25441,447371,66738,32080,34658
77980,483361,35960,232422,25441,447400,66738,32080,34658
77985,483392,35961,232435,25442,447431,66738,32080,34658
77990,483423,35962,232450,25442,447461,66738,32080,34658
77995,483454,35963,232468,25443,447491,66738,32080,34658
78000,483485,35964,232485,25444,447521,66738,32080,34658
78005,483516,35965,232499,25444,447551,66738,32080,34658
78010,483547,35966,232516,25445,447581,66738,32080,34658
78015,483578,35967,232532,25445,447611,66738,32080,34658
78020,483609,35968,232550,25445,447641,66738,32080,34658
78025,483640,35969,232565,25446,447671,66738,32080,34658
78030,483671,35970,232575,25446,447701,66738,32080,34658
78035,483702,35971,232590,25446,447731,66738,32080,34658
78040,483733,35972,232606,25447,447761,66738,32080,34658
78045,483764,35975,232620,25449,447789,66738,32080,34658
78050,483795,35978,232636,25451,447817,66738,32080,34658
78055,483826,35981,232652,25453,447845,66738,32080,34658
78060,483857,35984,232668,25453,447873,66738,32080,34658
78065,483888,35987,232679,25454,447901,66738,32080,34658
78070,483919,35990,232694,25455,447928,66738,32080,34658
78075,483950,35993,232711,25456,447956,66738,32080,34658
78080,483981,35997,232727,25457,447984,66738,32080,34658
78085,484012,36001,232746,25461,448010,66738,32080,34658
78090,484043,36005,232763,25463,448038,66738,32080,34658
78095,484074,36010,232777,25466,448063,66738,32080,34658
78100,484105,36014,232795,25470,448088,66738,32080,34658
78105,484136,36020,232810,25473,448113,66738,32080,34658
78110,484167,36026,232827,25477,448140,66738,32080,34658
78115,484198,36028,232843,25478,448168,66738,32080,34658
78120,484229,36032,232858,25480,448196,66738,32080,34658
78125,484260,36036,232874,25482,448223,66738,32080,34658
78130,484291,36041,232887,25486,448250,66738,32080,34658
78135,484322,36044,232904,25487,448277,66738,32080,34658
78140,484353,36047,232915,25489,448305,66738,32080,34658
78145,484384,36048,232927,25490,448336,66738,32080,34658
78150,484415,36049,232941,25491,448365,66738,32080,34658
78155,484446,36050,232958,25492,448396,66738,32080,34658
78160,484477,36051,232970,25493,448426,66738,32080,34658
78165,484508,36052,232982,25493,448456,66738,32080,34658
78170,484539,36053,232994,25494,448486,66738,32080,34658
78175,484570,36054,233008,25494,448516,66738,32080,34658
78180,484601,36055,233026,25495,448546,66738,32080,34658
78185,484632,36056,233041,25496,448576,66738,32080,34658
78190,484663,36057,233048,25496,448606,66738,32080,34658
78195,484694,36058,233060,25496,448636,66738,32080,34658
78200,484725,36059,233074,25496,448666,66738,32080,34658
78205,484756,36060,233095,25497,448696,66738,32080,34658
78210,484787,36061,233109,25498,448726,66738,32080,34658
78215,484818,36063,233125,25500,448755,66738,32080,34658
78220,484849,36065,233140,25501,448784,66738,32080,34658
78225,484880,36067,233158,25502,448813,66738,32080,34658
78230,484911,36070,233174,25503,448841,66738,32080,34658
78235,484942,36073,233191,25504,448869,66738,32080,34658
78240,484973,36076,233203,25505,448897,66738,32080,34658
78245,485004,36081,233217,25509,448923,66738,32080,34658
78250,485035,36086,233233,25511,448949,66738,32080,34658
78255,485066,36090,233243,25514,448975,66738,32080,34658
78260,485097,36097,233257,25518,448998,66738,32080,34658
78265,485128,36100,233277,25521,449027,66738,32080,34658
78270,485159,36103,233292,25522,449055,66738,32080,34658
78275,485190,36106,233306,25524,449082,66738,32080,34658
78280,485221,36108,233321,25524,449111,66738,32080,34658
78285,485252,36110,233331,25524,449141,66738,32080,34658
78290,485283,36112,233346,25525,449170,66738,32080,34658
78295,485314,36114,233365,25525,449199,66738,32080,34658
78300,485345,36116,233380,25525,449229,66738,32080,34658
78305,485376,36118,233391,25526,449257,66738,32080,34658
78310,485407,36120,233408,25528,449286,66738,32080,34658
78315,485438,36122,233423,25530,449316,66738,32080,34658
78320,485469,36124,233438,25531,449345,66738,32080,34658
78325,485500,36126,233450,25532,449374,66738,32080,34658
78330,485531,36128,233469,25534,449403,66738,32080,34658
78335,485562,36129,233482,25535,449433,66738,32080,34658
78340,485593,36131,233501,25537,449462,66738,32080,34658
78345,485624,36131,233517,25537,449493,66738,32080,34658
78350,485655,36131,233535,25537,449524,66738,32080,34658
78355,485686,36131,233553,25537,449555,66738,32080,34658
78360,485717,36131,233569,25537,449586,66738,32080,34658
78365,485748,36131,233589,25537,449617,66738,32080,34658
78370,485779,36132,233606,25537,449647,66738,32080,34658
78375,485810,36133,233623,25537,449677,66738,32080,34658
78380,485841,36134,233639,25537,449707,66738,32080,34658
78385,485872,36136,233652,25538,449736,66738,32080,34658
78390,485903,36139,233669,25540,449764,66738,32080,34658
78395,485934,36141,233684,25542,449793,66738,32080,34658
78400,485965,36143,233699,25544,449822,66738,32080,34658
78405,485996,36145,233714,25546,449850,66738,32080,34658
78410,486027,36148,233730,25549,449878,66738,32080,34658
78415,486058,36150,233745,25550,449907,66738,32080,34658
78420,486089,36152,233759,25550,449936,66738,32080,34658
78425,486120,36155,233775,25551,449965,66738,32080,34658
78430,486151,36159,233788,25555,449992,66738,32080,34658
78435,486182,36162,233803,25557,450019,66738,32080,34658
78440,486213,36164,233822,25558,450049,66738,32080,34658
78445,486244,36165,233841,25559,450078,66738,32080,34658
78450,486275,36168,233857,25562,450106,66738,32080,34658
78455,486306,36171,233875,25564,450134,66738,32080,34658
78460,486337,36173,233892,25565,450163,66738,32080,34658
78465,486368,36176,233908,25566,450192,66738,32080,34658
78470,486399,36178,233923,25567,450221,66738,32080,34658
78475,486430,36181,233934,25568,450249,66738,32080,34658
78480,486461,36184,233949,25571,450276,66738,32080,34658
78485,486492,36186,233969,25573,450305,66738,32080,34658
78490,486523,36188,233981,25573,450334,66738,32080,34658
78495,486554,36190,233994,25574,450364,66738,32080,34658
78500,486585,36192,234012,25576,450393,66738,32080,34658
78505,486616,36194,234030,25577,450422,66738,32080,34658
78510,486647,36196,234045,25579,450451,66738,32080,34658
78515,486678,36198,234060,25581,450480,66738,32080,34658
78520,486709,36200,234073,25582,450509,66738,32080,34658
78525,486740,36202,234092,25583,450536,66738,32080,34658
78530,486771,36207,234107,25586,450562,66738,32080,34658
78535,486802,36213,234122,25591,450589,66738,32080,34658
78540,486833,36214,234142,25592,450618,66738,32080,34658
78545,486864,36216,234155,25594,450648,66738,32080,34658
78550,486895,36218,234170,25596,450677,66738,32080,34658
78555,486926,36220,234183,25596,450705,66738,32080,34658
78560,486957,36222,234197,25597,450735,66738,32080,34658
78565,486988,36224,234215,25599,450763,66738,32080,34658
78570,487019,36227,234226,25600,450792,66738,32080,34658
78575,487050,36229,234240,25601,450821,66738,32080,34658
78580,487081,36231,234254,25602,450849,66738,32080,34658
78585,487112,36233,234269,25603,450878,66738,32080,34658
78590,487143,36235,234280,25603,450907,66738,32080,34658
78595,487174,36238,234292,25604,450935,66738,32080,34658
78600,487205,36241,234305,25606,450962,66738,32080,34658
78605,487236,36245,234324,25609,450990,66738,32080,34658
78610,487267,36248,234337,25611,451019,66738,32080,34658
78615,487298,36250,234353,25613,451047,66738,32080,34658
78620,487329,36254,234364,25615,451074,66738,32080,34658
78625,487360,36259,234381,25620,451101,66738,32080,34658
78630,487391,36262,234400,25621,451129,66738,32080,34658
78635,487422,36263,234414,25621,451159,66738,32080,34658
78640,487453,36265,234429,25622,451188,66738,32080,34658
78645,487484,36268,234440,25624,451216,66738,32080,34658
78650,487515,36271,234453,25627,451244,66738,32080,34658
78655,487546,36275,234473,25630,451271,66738,32080,34658
78660,487577,36280,234491,25635,451297,66738,32080,34658
78665,487608,36283,234510,25637,451325,66738,32080,34658
78670,487639,36286,234531,25639,451353,66738,32080,34658
78675,487670,36289,234550,25641,451381,66738,32080,34658
78680,487701,36291,234561,25642,451410,66738,32080,34658
78685,487732,36293,234575,25644,451439,66738,32080,34658
78690,487763,36296,234593,25646,451467,66738,32080,34658
78695,487794,36297,234604,25646,451497,66738,32080,34658
78700,487825,36298,234622,25647,451527,66738,32080,34658
78705,487856,36299,234634,25647,451555,66738,32080,34658
78710,487887,36300,234648,25647,451586,66738,32080,34658
78715,487918,36301,234658,25648,451616,66738,32080,34658
78720,487949,36302,234679,25649,451645,66738,32080,34658
78725,487980,36303,234690,25650,451677,66738,32080,34658
78730,488011,36304,234704,25650,451707,66738,32080,34658
78735,488042,36305,234719,25651,451737,66738,32080,34658
78740,488073,36307,234735,25652,451765,66738,32080,34658
78745,488104,36309,234755,25654,451794,66738,32080,34658
78750,488135,36311,234772,25655,451823,66738,32080,34658
78755,488166,36313,234782,25655,451853,66738,32080,34658
78760,488197,36315,234802,25657,451881,66738,32080,34658
78765,488228,36318,234818,25658,451910,66738,32080,34658
78770,488259,36322,234833,25661,451937,66738,32080,34658
78775,488290,36325,234849,25663,451965,66738,32080,34658
78780,488321,36328,234864,25665,451993,66738,32080,34658
78785,488352,36331,234881,25668,452021,66738,32080,34658
78790,488383,36333,234895,25670,452050,66738,32080,34658
78795,488414,36337,234905,25672,452077,66738,32080,34658
78800,488445,36344,234924,25679,452101,66738,32080,34658
78805,488476,36349,234941,25683,452127,66738,32080,34658
78810,488507,36354,234956,25685,452153,66738,32080,34658
78815,488538,36360,234969,25688,452178,66738,32080,34658
78820,488569,36363,234984,25689,452206,66738,32080,34658
78825,488600,36367,235002,25693,452233,66738,32080,34658
78830,488631,36371,235013,25695,452260,66738,32080,34658
78835,488662,36374,235027,25698,452288,66738,32080,34658
78840,488693,36375,235041,25699,452318,66738,32080,34658
78845,488724,36376,235056,25700,452348,66738,32080,34658
78850,488755,36377,235067,25700,452378,66738,32080,34658
78855,488786,36378,235082,25700,452408,66738,32080,34658
78860,488817,36379,235096,25701,452438,66738,32080,34658
78865,488848,36380,235113,25701,452468,66738,32080,34658
78870,488879,36381,235127,25701,452498,66738,32080,34658
78875,488910,36382,235144,25701,452527,66738,32080,34658
78880,488941,36383,235155,25701,452558,66738,32080,34658
78885,488972,36384,235167,25701,452587,66738,32080,34658
78890,489003,36385,235185,25701,452616,66738,32080,34658
78895,489034,36386,235202,25702,452647,66738,32080,34658
78900,489065,36387,235221,25703,452678,66738,32080,34658
78905,489096,36387,235238,25703,452708,66738,32080,34658
78910,489127,36387,235253,25703,452739,66738,32080,34658
78915,489158,36387,235265,25703,452771,66738,32080,34658
78920,489189,36388,235282,25704,452800,66738,32080,34658
78925,489220,36389,235294,25704,452830,66738,32080,34658
78930,489251,36390,235306,25704,452861,66738,32080,34658
78935,489282,36391,235321,25705,452891,66738,32080,34658
78940,489313,36393,235331,25707,452920,66738,32080,34658
78945,489344,36396,235345,25709,452948,66738,32080,34658
78950,489375,36400,235361,25713,452975,66738,32080,34658
78955,489406,36402,235373,25713,453004,66738,32080,34658
78960,489437,36404,235388,25713,453033,66738,32080,34658
78965,489468,36406,235406,25715,453062,66738,32080,34658
78970,489499,36411,235422,25718,453088,66738,32080,34658
78975,489530,36415,235436,25720,453115,66738,32080,34658
78980,489561,36421,235454,25726,453140,66738,32080,34658
78985,489592,36425,235465,25730,453167,66738,32080,34658
78990,489623,36428,235479,25732,453195,66738,32080,34658
78995,489654,36432,235493,25734,453222,66738,32080,34658
79000,489685,36437,235508,25738,453248,66738,32080,34658
79005,489716,36441,235518,25741,453273,66738,32080,34658
79010,489747,36443,235531,25742,453303,66738,32080,34658
79015,489778,36445,235548,25744,453333,66738,32080,34658
79020,489809,36447,235564,25745,453361,66738,32080,34658
79025,489840,36448,235575,25745,453391,66738,32080,34658
79030,489871,36449,235594,25745,453421,66738,32080,34658
79035,489902,36450,235607,25746,453452,66738,32080,34658
79040,489933,36451,235622,25747,453482,66738,32080,34658
79045,489964,36452,235638,25747,453511,66738,32080,34658
79050,489995,36453,235651,25748,453541,66738,32080,34658
79055,490026,36454,235662,25748,453571,66738,32080,34658
79060,490057,36455,235679,25749,453602,66738,32080,34658
79065,490088,36456,235695,25750,453632,66738,32080,34658
79070,490119,36457,235711,25750,453661,66738,32080,34658
79075,490150,36458,235723,25750,453691,66738,32080,34658
79080,490181,36459,235741,25750,453722,66738,32080,34658
79085,490212,36460,235754,25750,453752,66738,32080,34658
79090,490243,36461,235767,25750,453782,66738,32080,34658
79095,490274,36462,235779,25751,453811,66738,32080,34658
79100,490305,36463,235798,25751,453841,66738,32080,34658
79105,490336,36464,235810,25752,453872,66738,32080,34658
79110,490367,36465,235823,25753,453902,66738,32080,34658
79115,490398,36468,235840,25755,453930,66738,32080,34658
79120,490429,36472,235850,25756,453957,66738,32080,34658
79125,490460,36476,235866,25758,453984,66738,32080,34658
79130,490491,36480,235889,25761,454011,66738,32080,34658
79135,490522,36484,235901,25763,454038,66738,32080,34658
79140,490553,36490,235916,25768,454063,66738,32080,34658
79145,490584,36495,235928,25771,454089,66738,32080,34658
79150,490615,36500,235950,25775,454115,66738,32080,34658
79155,490646,36502,235964,25777,454144,66738,32080,34658
79160,490677,36505,235977,25779,454172,66738,32080,34658
79165,490708,36508,235994,25782,454200,66738,32080,34658
79170,490739,36511,236010,25784,454228,66738,32080,34658
79175,490770,36513,236023,25785,454257,66738,32080,34658
79180,490801,36516,236036,25786,454285,66738,32080,34658
79185,490832,36518,236053,25786,454314,66738,32080,34658
79190,490863,36521,236074,25789,454342,66738,32080,34658
79195,490894,36523,236090,25790,454371,66738,32080,34658
79200,490925,36525,236106,25792,454400,66738,32080,34658
79205,490956,36527,236123,25794,454429,66738,32080,34658
79210,490987,36530,236137,25795,454456,66738,32080,34658
79215,491018,36532,236149,25795,454486,66738,32080,34658
79220,491049,36535,236164,25797,454514,66738,32080,34658
79225,491080,36538,236181,25800,454541,66738,32080,34658
79230,491111,36541,236195,25801,454570,66738,32080,34658
79235,491142,36543,236208,25802,454598,66738,32080,34658
79240,491173,36545,236229,25803,454627,66738,32080,34658
79245,491204,36546,236240,25804,454657,66738,32080,34658
79250,491235,36547,236258,25804,454688,66738,32080,34658
79255,491266,36548,236278,25805,454718,66738,32080,34658
79260,491297,36551,236292,25808,454746,66738,32080,34658
79265,491328,36554,236306,25810,454774,66738,32080,34658
79270,491359,36556,236318,25811,454803,66738,32080,34658
79275,491390,36558,236338,25812,454832,66738,32080,34658
79280,491421,36561,236356,25814,454860,66738,32080,34658
79285,491452,36564,236375,25817,454888,66738,32080,34658
79290,491483,36567,236391,25820,454916,66738,32080,34658
79295,491514,36569,236405,25821,454945,66738,32080,34658
79300,491545,36571,236422,25822,454974,66738,32080,34658
79305,491576,36574,236437,25825,455001,66738,32080,34658
79310,491607,36576,236451,25827,455030,66738,32080,34658
79315,491638,36578,236466,25829,455059,66738,32080,34658
79320,491669,36580,236479,25830,455089,66738,32080,34658
79325,491700,36583,236494,25832,455116,66738,32080,34658
79330,491731,36586,236510,25834,455145,66738,32080,34658
79335,491762,36590,236529,25838,455171,66738,32080,34658
79340,491793,36591,236548,25839,455201,66738,32080,34658
79345,491824,36593,236555,25840,455231,66738,32080,34658
79350,491855,36595,236571,25842,455260,66738,32080,34658
79355,491886,36597,236583,25843,455289,66738,32080,34658
79360,491917,36599,236604,25845,455318,66738,32080,34658
79365,491948,36601,236620,25846,455346,66738,32080,34658
79370,491979,36603,236635,25847,455376,66738,32080,34658
79375,492010,36605,236653,25847,455404,66738,32080,34658
79380,492041,36607,236677,25849,455433,66738,32080,34658
79385,492072,36609,236694,25850,455462,66738,32080,34658
79390,492103,36611,236711,25852,455491,66738,32080,34658
79395,492134,36613,236725,25853,455519,66738,32080,34658
79400,492165,36615,236742,25855,455550,66738,32080,34658
79405,492196,36617,236755,25855,455579,66738,32080,34658
79410,492227,36619,236769,25856,455607,66738,32080,34658
79415,492258,36621,236786,25858,455637,66738,32080,34658
79420,492289,36623,236802,25859,455666,66738,32080,34658
79425,492320,36625,236817,25860,455695,66738,32080,34658
79430,492351,36627,236830,25860,455724,66738,32080,34658
79435,492382,36630,236845,25862,455752,66738,32080,34658
79440,492413,36632,236863,25863,455781,66738,32080,34658
79445,492444,36636,236880,25864,455808,66738,32080,34658
79450,492475,36639,236891,25864,455836,66738,32080,34658
79455,492506,36643,236904,25865,455862,66738,32080,34658
79460,492537,36648,236918,25869,455887,66738,32080,34658
79465,492568,36655,236933,25874,455912,66738,32080,34658
79470,492599,36659,236945,25877,455940,66738,32080,34658
79475,492630,36661,236959,25878,455968,66738,32080,34658
79480,492661,36663,236974,25879,455998,66738,32080,34658
79485,492692,36665,236990,25880,456026,66738,32080,34658
79490,492723,36667,237002,25881,456056,66738,32080,34658
79495,492754,36669,237020,25882,456084,66738,32080,34658
79500,492785,36671,237033,25883,456114,66738,32080,34658
79505,492816,36673,237048,25884,456143,66738,32080,34658
79510,492847,36676,237064,25886,456171,66738,32080,34658
79515,492878,36679,237077,25888,456199,66738,32080,34658
79520,492909,36682,237087,25890,456227,66738,32080,34658
79525,492940,36684,237101,25891,456256,66738,32080,34658
79530,492971,36686,237119,25893,456285,66738,32080,34658
79535,493002,36689,237136,25895,456312,66738,32080,34658
79540,493033,36691,237156,25897,456341,66738,32080,34658
79545,493064,36693,237162,25898,456371,66738,32080,34658
79550,493095,36695,237179,25899,456400,66738,32080,34658
79555,493126,36699,237192,25902,456426,66738,32080,34658
79560,493157,36702,237208,25904,456454,66738,32080,34658
79565,493188,36703,237218,25904,456485,66738,32080,34658
79570,493219,36706,237234,25906,456512,66738,32080,34658
79575,493250,36707,237251,25907,456543,66738,32080,34658
79580,493281,36708,237267,25907,456572,66738,32080,34658
79585,493312,36709,237285,25907,456603,66738,32080,34658
79590,493343,36710,237301,25907,456633,66738,32080,34658
79595,493374,36712,237314,25908,456662,66738,32080,34658
79600,493405,36713,237328,25908,456691,66738,32080,34658
79605,493436,36715,237344,25910,456720,66738,32080,34658
79610,493467,36717,237360,25911,456749,66738,32080,34658
79615,493498,36719,237373,25912,456778,66738,32080,34658
