Time,  Packets Generated,  Packets Reached,High Priority Packets Generated, High Priority Packets reached, Packet Dropped, Packet Dropped due to Faulty Node, High Prio Packet Dropped due to Faulty Node, Low Prio Packet Dropped due to Faulty Node 
5,1,1,1,1,0,0,0,0
10,7,4,6,3,3,3,3,0
15,15,7,9,3,7,7,6,1
20,31,14,16,8,15,15,8,7
25,50,23,26,12,25,25,13,12
30,74,36,36,18,36,36,17,19
35,102,49,46,22,50,50,24,26
40,133,64,64,29,66,66,33,33
45,164,79,81,34,82,82,44,38
50,195,94,96,45,98,98,51,47
55,226,109,110,53,114,114,57,57
60,257,122,125,58,132,130,65,65
65,288,134,140,67,147,137,70,67
70,319,152,157,80,159,144,74,70
75,350,166,173,87,174,155,76,79
80,381,181,188,99,191,164,81,83
85,412,197,202,109,206,173,84,89
90,443,211,213,119,224,182,88,94
95,474,221,226,126,247,191,91,100
100,505,229,237,133,269,200,94,106
105,536,240,250,144,290,209,95,114
110,567,247,259,150,314,218,97,121
115,598,258,278,160,332,228,105,123
120,629,268,292,170,355,240,111,129
125,660,272,310,174,387,245,113,132
130,691,272,329,174,419,249,116,133
135,722,272,347,174,450,253,119,134
140,753,272,363,174,481,257,122,135
145,784,272,377,174,512,260,123,137
150,815,272,385,174,543,262,124,138
155,846,272,398,174,574,264,126,138
160,877,272,412,174,605,266,127,139
165,908,272,427,174,636,267,127,140
170,939,272,442,174,667,268,127,141
175,970,272,460,174,698,269,127,142
180,1001,273,473,174,727,270,127,143
185,1032,275,488,176,757,272,128,144
190,1063,277,505,177,785,274,129,145
195,1094,280,518,180,813,276,130,146
200,1125,282,536,182,842,278,132,146
205,1156,285,552,185,870,280,134,146
210,1187,287,569,187,900,282,136,146
215,1218,288,583,188,930,284,137,147
220,1249,290,596,189,958,286,137,149
225,1280,294,612,192,986,288,138,150
230,1311,296,624,194,1015,290,138,152
235,1342,297,635,195,1044,292,139,153
240,1373,302,653,200,1066,294,140,154
245,1404,304,668,201,1100,297,142,155
250,1435,305,684,202,1130,300,144,156
255,1466,306,699,203,1160,303,145,158
260,1497,307,713,204,1190,305,146,159
265,1528,308,730,205,1220,307,148,159
270,1559,309,744,205,1250,309,150,159
275,1590,310,756,206,1280,311,151,160
280,1621,311,772,207,1310,313,151,162
285,1652,312,786,208,1340,315,153,162
290,1683,313,806,209,1370,317,153,164
295,1714,314,819,209,1400,319,154,165
300,1745,315,833,210,1430,321,155,166
305,1776,320,845,213,1456,323,156,167
310,1807,324,859,215,1483,325,157,168
315,1838,328,875,218,1510,327,159,168
320,1869,331,891,218,1538,329,161,168
325,1900,335,905,221,1565,331,161,170
330,1931,340,927,226,1591,333,163,170
335,1962,342,942,227,1620,335,164,171
340,1993,345,954,228,1648,337,164,173
345,2024,347,967,228,1676,339,164,175
350,2055,352,986,233,1700,341,165,176
355,2086,354,1001,234,1731,344,166,178
360,2117,355,1017,235,1762,347,168,179
365,2148,356,1033,235,1792,350,169,181
370,2179,357,1049,235,1822,352,171,181
375,2210,358,1065,235,1852,354,172,182
380,2241,359,1080,236,1882,356,172,184
385,2272,360,1097,236,1912,358,173,185
390,2303,361,1111,236,1942,360,174,186
395,2334,362,1123,237,1972,362,174,188
400,2365,363,1139,238,2002,364,175,189
405,2396,364,1157,238,2032,366,176,190
410,2427,366,1175,240,2061,368,177,191
415,2458,368,1186,241,2090,370,177,193
420,2489,369,1197,241,2120,372,178,194
425,2520,375,1215,246,2143,375,180,195
430,2551,376,1226,246,2174,377,182,195
435,2582,378,1245,247,2203,379,184,195
440,2613,380,1258,249,2233,381,185,196
445,2644,381,1276,250,2263,382,185,197
450,2675,382,1289,250,2293,383,186,197
455,2706,383,1302,251,2323,384,187,197
460,2737,384,1316,251,2353,385,187,198
465,2768,385,1329,251,2382,386,188,198
470,2799,386,1350,252,2413,387,189,198
475,2830,387,1363,253,2443,388,190,198
480,2861,388,1380,254,2472,389,190,199
485,2892,391,1395,257,2500,392,190,202
490,2923,392,1409,258,2531,394,191,203
495,2954,392,1421,258,2562,395,191,204
500,2985,392,1438,258,2593,396,191,205
505,3016,392,1454,258,2624,397,191,206
510,3047,392,1464,258,2655,398,191,207
515,3078,392,1477,258,2686,399,192,207
520,3109,392,1491,258,2717,400,192,208
525,3140,392,1507,258,2748,401,192,209
530,3171,394,1517,260,2777,402,192,210
535,3202,397,1530,261,2805,403,193,210
540,3233,401,1547,265,2830,404,194,210
545,3264,405,1565,267,2859,405,195,210
550,3295,408,1581,268,2887,406,196,210
555,3326,411,1602,269,2914,407,197,210
560,3357,415,1618,270,2942,408,197,211
565,3388,418,1642,272,2970,409,197,212
570,3419,420,1660,272,2998,411,198,213
575,3450,423,1673,274,3027,413,199,214
580,3481,425,1686,275,3055,415,199,216
585,3512,428,1696,277,3084,417,200,217
590,3543,431,1711,280,3110,420,201,219
595,3574,435,1720,282,3135,424,201,223
600,3605,438,1733,285,3160,428,202,226
605,3636,441,1748,287,3195,431,203,228
610,3667,442,1763,287,3225,434,205,229
615,3698,443,1779,287,3255,437,207,230
620,3729,444,1794,288,3285,440,209,231
625,3760,445,1806,289,3315,443,211,232
630,3791,446,1820,289,3345,446,212,234
635,3822,447,1836,289,3375,449,214,235
640,3853,448,1856,290,3405,452,217,235
645,3884,449,1878,291,3435,455,219,236
650,3915,450,1890,291,3465,458,220,238
655,3946,451,1901,291,3495,461,220,241
660,3977,452,1919,291,3525,462,220,242
665,4008,452,1936,291,3556,463,221,242
670,4039,452,1954,291,3587,464,222,242
675,4070,452,1967,291,3618,465,223,242
680,4101,452,1980,291,3649,466,223,243
685,4132,452,1997,291,3680,467,223,244
690,4163,452,2009,291,3711,468,224,244
695,4194,452,2026,291,3742,469,225,244
700,4225,452,2040,291,3773,470,225,245
705,4256,453,2057,292,3803,471,225,246
710,4287,454,2071,292,3833,472,226,246
715,4318,456,2087,294,3862,474,227,247
720,4349,457,2105,295,3892,476,228,248
725,4380,461,2123,298,3918,481,230,251
730,4411,467,2138,303,3941,484,230,254
735,4442,474,2150,308,3966,487,231,256
740,4473,478,2167,311,3995,489,233,256
745,4504,480,2182,313,4024,490,233,257
750,4535,481,2200,314,4054,491,233,258
755,4566,482,2217,314,4084,492,233,259
760,4597,483,2232,315,4114,493,233,260
765,4628,485,2244,316,4143,494,233,261
770,4659,486,2262,317,4173,495,233,262
775,4690,486,2274,317,4204,496,234,262
780,4721,486,2290,317,4235,497,235,262
785,4752,486,2307,317,4266,500,235,265
790,4783,486,2321,317,4297,501,236,265
795,4814,486,2337,317,4328,502,236,266
800,4845,486,2350,317,4359,503,236,267
805,4876,486,2362,317,4390,504,236,268
810,4907,486,2378,317,4421,505,237,268
815,4938,486,2398,317,4452,506,238,268
820,4969,486,2409,317,4483,507,238,269
825,5000,486,2426,317,4514,508,238,270
830,5031,486,2443,317,4544,510,240,270
835,5062,486,2460,317,4576,513,241,272
840,5093,487,2473,318,4606,516,243,273
845,5124,491,2489,320,4633,517,244,273
850,5155,494,2506,323,4661,518,245,273
855,5186,497,2525,325,4689,519,246,273
860,5217,500,2540,326,4717,520,246,274
865,5248,502,2553,327,4746,521,246,275
870,5279,504,2572,327,4775,522,246,276
875,5310,507,2586,329,4803,523,247,276
880,5341,511,2604,332,4830,524,247,277
885,5372,515,2615,333,4857,526,248,278
890,5403,520,2627,336,4883,528,249,279
895,5434,524,2640,338,4910,530,250,280
900,5465,528,2655,340,4937,532,251,281
905,5496,528,2668,340,4968,533,251,282
910,5527,528,2681,340,4999,534,251,283
915,5558,528,2696,340,5030,535,252,283
920,5589,528,2710,340,5061,536,252,284
925,5620,528,2723,340,5092,537,253,284
930,5651,528,2737,340,5123,538,254,284
935,5682,528,2751,340,5154,539,255,284
940,5713,528,2764,340,5185,540,255,285
945,5744,528,2778,340,5216,541,255,286
950,5775,528,2792,340,5246,543,257,286
955,5806,528,2809,340,5278,546,260,286
960,5837,528,2825,340,5309,549,262,287
965,5868,529,2843,340,5338,551,264,287
970,5899,532,2861,343,5366,553,266,287
975,5930,533,2875,344,5397,554,267,287
980,5961,533,2890,344,5428,555,267,288
985,5992,533,2911,344,5459,556,267,289
990,6023,533,2926,344,5490,557,268,289
995,6054,533,2939,344,5521,558,268,290
1000,6085,533,2953,344,5552,559,268,291
1005,6116,534,2965,345,5582,560,269,291
1010,6147,538,2986,349,5609,561,270,291
1015,6178,541,3002,352,5637,562,271,291
1020,6209,545,3017,354,5664,563,271,292
1025,6240,546,3032,354,5694,564,272,292
1030,6271,547,3047,355,5724,565,273,292
1035,6302,548,3060,355,5754,566,273,293
1040,6333,549,3081,356,5784,567,273,294
1045,6364,550,3100,357,5814,568,273,295
1050,6395,551,3114,358,5844,569,273,296
1055,6426,552,3128,359,5874,570,274,296
1060,6457,553,3139,359,5904,571,274,297
1065,6488,554,3152,359,5934,572,274,298
1070,6519,555,3171,360,5964,573,275,298
1075,6550,556,3182,360,5994,575,276,299
1080,6581,558,3199,362,6022,579,279,300
1085,6612,562,3211,364,6050,581,281,300
1090,6643,564,3226,365,6079,583,282,301
1095,6674,566,3237,365,6107,585,282,303
1100,6705,570,3254,368,6135,587,283,304
1105,6736,572,3265,368,6164,589,283,306
1110,6767,574,3282,370,6193,591,284,307
1115,6798,576,3301,370,6222,592,285,307
1120,6829,578,3318,371,6251,593,285,308
1125,6860,580,3333,373,6280,594,285,309
1130,6891,582,3347,375,6309,595,285,310
1135,6922,587,3359,378,6335,596,286,310
1140,6953,588,3375,379,6365,597,287,310
1145,6984,590,3390,381,6394,600,288,312
1150,7015,591,3403,381,6424,602,289,313
1155,7046,592,3419,382,6454,604,290,314
1160,7077,593,3431,383,6484,606,291,315
1165,7108,595,3444,384,6513,608,293,315
1170,7139,597,3462,385,6542,610,294,316
1175,7170,597,3477,385,6573,612,295,317
1180,7201,597,3497,385,6604,614,296,318
1185,7232,597,3508,385,6635,616,298,318
1190,7263,597,3523,385,6666,617,299,318
1195,7294,597,3543,385,6696,618,299,319
1200,7325,597,3558,385,6728,619,299,320
1205,7356,597,3578,385,6759,620,300,320
1210,7387,597,3602,385,6790,621,300,321
1215,7418,597,3616,385,6821,622,300,322
1220,7449,597,3636,385,6852,623,300,323
1225,7480,597,3656,385,6883,624,301,323
1230,7511,597,3668,385,6914,625,301,324
1235,7542,597,3679,385,6945,626,302,324
1240,7573,597,3690,385,6976,627,302,325
1245,7604,597,3705,385,7006,628,303,325
1250,7635,600,3719,387,7034,630,305,325
1255,7666,606,3732,392,7060,632,306,326
1260,7697,610,3754,396,7085,634,308,326
1265,7728,613,3775,399,7115,635,309,326
1270,7759,615,3789,400,7144,636,309,327
1275,7790,616,3800,400,7174,637,310,327
1280,7821,618,3813,401,7202,638,310,328
1285,7852,618,3833,401,7234,638,310,328
1290,7883,618,3845,401,7265,638,310,328
1295,7914,618,3864,401,7296,638,310,328
1300,7945,618,3879,401,7327,638,310,328
1305,7976,618,3891,401,7358,638,310,328
1310,8007,618,3902,401,7389,638,310,328
1315,8038,618,3914,401,7420,638,310,328
1320,8069,618,3926,401,7451,638,310,328
1325,8100,618,3939,401,7482,638,310,328
1330,8131,618,3958,401,7513,638,310,328
1335,8162,618,3976,401,7544,638,310,328
1340,8193,618,3991,401,7575,638,310,328
1345,8224,618,4007,401,7606,638,310,328
1350,8255,618,4018,401,7637,638,310,328
1355,8286,618,4033,401,7668,638,310,328
1360,8317,618,4051,401,7699,638,310,328
1365,8348,618,4062,401,7730,638,310,328
1370,8379,620,4076,402,7758,639,311,328
1375,8410,624,4091,404,7784,640,312,328
1380,8441,630,4108,408,7809,641,313,328
1385,8472,634,4121,411,7838,643,314,329
1390,8503,637,4140,413,7866,645,316,329
1395,8534,639,4155,413,7895,647,318,329
1400,8565,641,4172,415,7924,649,318,331
1405,8596,643,4189,416,7953,650,318,332
1410,8627,645,4206,417,7982,651,319,332
1415,8658,647,4223,418,8011,652,320,332
1420,8689,650,4239,420,8039,653,320,333
1425,8720,652,4251,421,8068,654,321,333
1430,8751,654,4261,421,8097,655,321,334
1435,8782,657,4280,424,8125,656,322,334
1440,8813,660,4294,425,8153,657,322,335
1445,8844,661,4307,425,8183,658,323,335
1450,8875,662,4318,426,8213,659,323,336
1455,8906,663,4332,427,8243,660,324,336
1460,8937,665,4351,428,8272,661,325,336
1465,8968,665,4362,428,8303,662,325,337
1470,8999,665,4373,428,8334,663,325,338
1475,9030,665,4389,428,8365,664,326,338
1480,9061,665,4407,428,8396,665,327,338
1485,9092,665,4427,428,8427,666,328,338
1490,9123,667,4446,429,8454,668,329,339
1495,9154,669,4459,430,8482,671,330,341
1500,9185,675,4474,435,8506,674,330,344
1505,9216,676,4489,436,8540,676,331,345
1510,9247,676,4506,436,8571,678,332,346
1515,9278,676,4523,436,8602,680,333,347
1520,9309,676,4533,436,8633,682,334,348
1525,9340,676,4546,436,8664,684,335,349
1530,9371,676,4560,436,8695,686,335,351
1535,9402,676,4574,436,8726,688,336,352
1540,9433,676,4589,436,8757,690,337,353
1545,9464,676,4612,436,8788,692,339,353
1550,9495,676,4630,436,8819,694,339,355
1555,9526,676,4648,436,8850,696,339,357
1560,9557,676,4662,436,8881,698,340,358
1565,9588,676,4679,436,8912,700,341,359
1570,9619,676,4699,436,8943,702,341,361
1575,9650,676,4715,436,8974,704,342,362
1580,9681,676,4733,436,9005,707,343,364
1585,9712,676,4747,436,9036,710,344,366
1590,9743,676,4763,436,9067,713,345,368
1595,9774,676,4780,436,9098,716,346,370
1600,9805,676,4794,436,9129,719,348,371
1605,9836,677,4805,437,9159,722,349,373
1610,9867,682,4821,439,9182,725,351,374
1615,9898,690,4839,446,9204,728,353,375
1620,9929,698,4856,454,9226,731,355,376
1625,9960,702,4868,457,9258,732,355,377
1630,9991,704,4878,458,9287,733,355,378
1635,10022,706,4892,459,9316,734,355,379
1640,10053,707,4906,460,9346,735,355,380
1645,10084,708,4922,461,9376,736,356,380
1650,10115,709,4934,461,9406,737,357,380
1655,10146,711,4954,462,9435,738,358,380
1660,10177,713,4970,463,9464,739,358,381
1665,10208,713,4981,463,9495,740,359,381
1670,10239,713,4996,463,9526,741,359,382
1675,10270,713,5010,463,9557,742,359,383
1680,10301,713,5023,463,9588,743,360,383
1685,10332,716,5043,465,9616,745,361,384
1690,10363,718,5058,467,9645,747,362,385
1695,10394,719,5080,467,9675,748,363,385
1700,10425,720,5099,468,9705,749,364,385
1705,10456,721,5109,468,9735,750,364,386
1710,10487,722,5123,468,9765,751,364,387
1715,10518,723,5137,469,9795,752,364,388
1720,10549,724,5157,470,9825,753,365,388
1725,10580,725,5173,471,9855,754,365,389
1730,10611,727,5185,471,9884,755,366,389
1735,10642,729,5203,473,9913,756,366,390
1740,10673,733,5215,475,9940,757,367,390
1745,10704,735,5231,476,9968,759,369,390
1750,10735,740,5247,480,9995,761,369,392
1755,10766,741,5261,480,10025,762,370,392
1760,10797,742,5278,480,10055,763,370,393
1765,10828,743,5295,481,10085,764,371,393
1770,10859,744,5305,481,10115,765,371,394
1775,10890,745,5323,482,10145,766,371,395
1780,10921,746,5342,482,10175,767,372,395
1785,10952,747,5361,483,10205,768,372,396
1790,10983,748,5378,483,10235,770,372,398
1795,11014,749,5398,483,10265,772,373,399
1800,11045,750,5412,483,10295,774,374,400
1805,11076,754,5426,487,10321,777,375,402
1810,11107,759,5440,491,10348,780,376,404
1815,11138,760,5456,492,10378,782,376,406
1820,11169,761,5473,492,10408,783,376,407
1825,11200,762,5486,493,10438,784,376,408
1830,11231,763,5503,493,10468,785,377,408
1835,11262,764,5524,494,10498,786,378,408
1840,11293,765,5540,494,10528,787,379,408
1845,11324,766,5554,495,10558,789,379,410
1850,11355,767,5566,496,10588,791,380,411
1855,11386,770,5577,497,10616,793,382,411
1860,11417,773,5592,498,10644,795,383,412
1865,11448,776,5606,500,10671,797,384,413
1870,11479,777,5621,501,10702,798,385,413
1875,11510,777,5635,501,10733,799,386,413
1880,11541,777,5644,501,10764,800,386,414
1885,11572,777,5653,501,10795,801,386,415
1890,11603,777,5666,501,10826,802,386,416
1895,11634,777,5680,501,10857,803,387,416
1900,11665,777,5693,501,10888,804,388,416
1905,11696,777,5705,501,10919,805,389,416
1910,11727,777,5721,501,10950,806,390,416
1915,11758,777,5741,501,10981,807,391,416
1920,11789,778,5754,502,11010,808,392,416
1925,11820,780,5765,503,11039,808,392,416
1930,11851,781,5780,504,11070,808,392,416
1935,11882,781,5799,504,11101,808,392,416
1940,11913,781,5817,504,11132,808,392,416
1945,11944,781,5833,504,11163,808,392,416
1950,11975,781,5847,504,11194,808,392,416
1955,12006,781,5862,504,11225,808,392,416
1960,12037,781,5880,504,11256,808,392,416
1965,12068,781,5895,504,11287,808,392,416
1970,12099,782,5914,505,11317,809,393,416
1975,12130,784,5930,507,11345,812,395,417
1980,12161,786,5944,509,11375,815,397,418
1985,12192,790,5959,512,11402,818,398,420
1990,12223,793,5974,513,11429,821,399,422
1995,12254,797,5989,516,11457,824,400,424
2000,12285,799,5997,517,11485,826,400,426
2005,12316,801,6007,519,11515,828,400,428
2010,12347,802,6022,520,11545,829,400,429
2015,12378,803,6031,520,11575,830,400,430
2020,12409,804,6040,520,11605,831,400,431
2025,12440,806,6051,521,11634,832,400,432
2030,12471,807,6065,521,11664,833,401,432
2035,12502,808,6080,521,11693,835,402,433
2040,12533,810,6092,523,11723,837,402,435
2045,12564,814,6106,525,11750,838,402,436
2050,12595,818,6121,527,11777,839,403,436
2055,12626,821,6138,529,11805,840,403,437
2060,12657,823,6153,530,11834,841,403,438
2065,12688,825,6168,531,11863,842,404,438
2070,12719,827,6179,532,11892,843,405,438
2075,12750,828,6189,532,11922,844,405,439
2080,12781,830,6202,533,11951,845,406,439
2085,12812,831,6218,533,11980,846,406,440
2090,12843,832,6234,533,12009,848,407,441
2095,12874,834,6253,535,12040,850,408,442
2100,12905,836,6267,536,12069,852,408,444
2105,12936,836,6280,536,12100,854,408,446
2110,12967,836,6296,536,12131,856,408,448
2115,12998,836,6317,536,12162,858,409,449
2120,13029,836,6334,536,12193,860,410,450
2125,13060,836,6354,536,12224,862,412,450
2130,13091,836,6367,536,12255,864,413,451
2135,13122,837,6378,536,12285,866,413,453
2140,13153,838,6391,537,12315,868,414,454
2145,13184,839,6408,537,12345,869,414,455
2150,13215,840,6421,538,12375,870,415,455
2155,13246,841,6435,538,12404,871,415,456
2160,13277,843,6446,540,12434,872,416,456
2165,13308,847,6464,542,12459,873,416,457
2170,13339,852,6481,545,12485,874,416,458
2175,13370,858,6497,551,12510,875,417,458
2180,13401,863,6513,555,12538,876,418,458
2185,13432,864,6531,556,12568,877,419,458
2190,13463,866,6546,558,12597,878,420,458
2195,13494,868,6560,559,12626,879,421,458
2200,13525,870,6577,561,12654,880,422,458
2205,13556,871,6594,561,12684,881,423,458
2210,13587,873,6614,563,12713,883,425,458
2215,13618,874,6626,564,12742,885,427,458
2220,13649,876,6639,566,12773,887,428,459
2225,13680,878,6653,567,12802,888,428,460
2230,13711,879,6668,568,12832,889,428,461
2235,13742,881,6677,569,12861,890,429,461
2240,13773,883,6688,571,12890,891,429,462
2245,13804,883,6708,571,12921,893,431,462
2250,13835,883,6723,571,12952,895,433,462
2255,13866,883,6734,571,12983,897,433,464
2260,13897,883,6744,571,13014,899,433,466
2265,13928,883,6756,571,13045,901,433,468
2270,13959,883,6770,571,13076,904,434,470
2275,13990,883,6784,571,13107,907,435,472
2280,14021,883,6797,571,13138,911,438,473
2285,14052,886,6807,572,13166,914,439,475
2290,14083,888,6823,573,13195,915,439,476
2295,14114,890,6838,574,13224,916,439,477
2300,14145,892,6854,576,13253,917,440,477
2305,14176,893,6865,576,13283,918,440,478
2310,14207,894,6877,577,13313,919,440,479
2315,14238,895,6890,577,13343,920,441,479
2320,14269,896,6911,578,13373,920,441,479
2325,14300,897,6928,579,13403,921,442,479
2330,14331,898,6944,580,13432,922,443,479
2335,14362,899,6955,581,13463,923,444,479
2340,14393,900,6968,581,13493,924,444,480
2345,14424,901,6980,581,13523,925,444,481
2350,14455,902,6999,581,13553,926,445,481
2355,14486,903,7013,582,13583,927,446,481
2360,14517,904,7025,582,13613,927,446,481
2365,14548,905,7040,583,13643,927,446,481
2370,14579,906,7058,584,13673,927,446,481
2375,14610,907,7076,585,13703,927,446,481
2380,14641,908,7087,586,13733,927,446,481
2385,14672,909,7101,586,13763,927,446,481
2390,14703,912,7113,589,13791,928,446,482
2395,14734,916,7130,593,13816,929,447,482
2400,14765,923,7146,600,13842,930,447,483
2405,14796,925,7167,602,13871,931,448,483
2410,14827,927,7182,604,13900,932,449,483
2415,14858,928,7195,604,13930,933,450,483
2420,14889,929,7206,604,13960,935,452,483
2425,14920,931,7220,605,13989,937,453,484
2430,14951,932,7234,605,14019,939,454,485
2435,14982,933,7250,605,14049,941,456,485
2440,15013,934,7261,606,14079,943,456,487
2445,15044,936,7275,607,14108,945,457,488
2450,15075,936,7295,607,14139,947,458,489
2455,15106,936,7308,607,14170,949,458,491
2460,15137,936,7325,607,14201,951,458,493
2465,15168,936,7347,607,14232,952,459,493
2470,15199,936,7356,607,14263,953,459,494
2475,15230,936,7372,607,14294,954,460,494
2480,15261,936,7384,607,14325,955,460,495
2485,15292,936,7393,607,14356,956,460,496
2490,15323,936,7409,607,14387,957,460,497
2495,15354,936,7425,607,14418,958,460,498
2500,15385,936,7444,607,14449,959,461,498
2505,15416,937,7457,608,14479,961,462,499
2510,15447,938,7471,608,14508,963,463,500
2515,15478,941,7484,609,14536,966,464,502
2520,15509,945,7500,613,14564,969,466,503
2525,15540,946,7515,614,14594,971,467,504
2530,15571,947,7532,615,14624,972,468,504
2535,15602,948,7550,615,14654,973,468,505
2540,15633,949,7570,616,14684,974,468,506
2545,15664,950,7589,617,14714,975,469,506
2550,15695,951,7608,617,14744,976,470,506
2555,15726,952,7623,617,14774,978,471,507
2560,15757,953,7639,618,14804,980,472,508
2565,15788,954,7654,619,14834,982,473,509
2570,15819,955,7667,620,14863,984,473,511
2575,15850,958,7686,623,14890,987,476,511
2580,15881,961,7703,626,14920,990,477,513
2585,15912,961,7715,626,14951,992,479,513
2590,15943,961,7725,626,14982,994,481,513
2595,15974,961,7742,626,15013,996,482,514
2600,16005,961,7762,626,15044,998,482,516
2605,16036,961,7781,626,15075,999,482,517
2610,16067,961,7798,626,15106,1000,482,518
2615,16098,961,7813,626,15137,1001,482,519
2620,16129,961,7833,626,15168,1002,483,519
2625,16160,961,7853,626,15199,1003,484,519
2630,16191,964,7864,629,15227,1004,484,520
2635,16222,968,7881,631,15253,1006,485,521
2640,16253,972,7894,635,15281,1008,486,522
2645,16284,973,7909,636,15310,1009,487,522
2650,16315,975,7926,637,15340,1010,488,522
2655,16346,976,7941,638,15370,1011,488,523
2660,16377,977,7957,639,15400,1012,489,523
2665,16408,978,7973,639,15430,1013,489,524
2670,16439,979,7987,640,15460,1014,489,525
2675,16470,980,8003,640,15490,1015,490,525
2680,16501,981,8016,640,15520,1016,491,525
2685,16532,982,8028,640,15550,1017,491,526
2690,16563,983,8046,640,15579,1018,491,527
2695,16594,984,8058,640,15610,1019,492,527
2700,16625,985,8072,640,15640,1020,493,527
2705,16656,985,8086,640,15671,1022,493,529
2710,16687,985,8103,640,15702,1024,493,531
2715,16718,985,8112,640,15733,1026,494,532
2720,16749,985,8121,640,15764,1028,495,533
2725,16780,985,8136,640,15795,1030,497,533
2730,16811,985,8150,640,15826,1033,498,535
2735,16842,985,8167,640,15857,1036,500,536
2740,16873,985,8179,640,15888,1039,501,538
2745,16904,986,8196,641,15917,1042,503,539
2750,16935,991,8212,646,15944,1044,504,540
2755,16966,993,8226,648,15972,1046,505,541
2760,16997,997,8241,651,15998,1048,506,542
2765,17028,1002,8255,656,16026,1050,508,542
2770,17059,1003,8272,657,16056,1052,510,542
2775,17090,1003,8291,657,16087,1053,511,542
2780,17121,1003,8308,657,16118,1054,512,542
2785,17152,1003,8319,657,16149,1055,512,543
2790,17183,1003,8340,657,16180,1056,513,543
2795,17214,1003,8355,657,16211,1057,514,543
2800,17245,1003,8366,657,16242,1058,514,544
2805,17276,1003,8379,657,16272,1059,514,545
2810,17307,1003,8390,657,16304,1060,514,546
2815,17338,1003,8409,657,16334,1061,515,546
2820,17369,1003,8419,657,16366,1062,515,547
2825,17400,1004,8429,657,16396,1063,516,547
2830,17431,1006,8444,658,16425,1064,516,548
2835,17462,1007,8458,659,16455,1065,516,549
2840,17493,1008,8475,660,16485,1066,517,549
2845,17524,1009,8489,660,16515,1067,517,550
2850,17555,1010,8503,660,16545,1068,517,551
2855,17586,1012,8522,661,16574,1069,517,552
2860,17617,1013,8537,661,16604,1070,518,552
2865,17648,1014,8550,661,16634,1071,518,553
2870,17679,1018,8568,665,16658,1073,519,554
2875,17710,1024,8580,671,16683,1075,519,556
2880,17741,1033,8594,678,16708,1077,520,557
2885,17772,1035,8607,680,16737,1078,520,558
2890,17803,1037,8620,681,16766,1079,520,559
2895,17834,1040,8634,683,16794,1080,521,559
2900,17865,1042,8652,685,16823,1081,522,559
2905,17896,1045,8669,688,16851,1082,523,559
2910,17927,1048,8683,690,16879,1083,523,560
2915,17958,1048,8700,690,16910,1084,524,560
2920,17989,1048,8719,690,16941,1085,525,560
2925,18020,1048,8737,690,16972,1086,525,561
2930,18051,1048,8756,690,17003,1087,525,562
2935,18082,1048,8772,690,17034,1088,526,562
2940,18113,1048,8784,690,17064,1089,526,563
2945,18144,1048,8799,690,17096,1090,527,563
2950,18175,1048,8811,690,17127,1091,528,563
2955,18206,1048,8830,690,17158,1092,528,564
2960,18237,1048,8846,690,17189,1093,528,565
2965,18268,1048,8861,690,17220,1094,529,565
2970,18299,1048,8874,690,17251,1095,529,566
2975,18330,1048,8889,690,17282,1096,529,567
2980,18361,1048,8905,690,17313,1097,529,568
2985,18392,1049,8925,691,17342,1098,530,568
2990,18423,1056,8945,697,17365,1101,531,570
2995,18454,1065,8963,705,17388,1104,533,571
3000,18485,1071,8976,709,17413,1108,535,573
3005,18516,1072,8990,710,17444,1109,535,574
3010,18547,1073,9002,710,17474,1109,535,574
3015,18578,1074,9022,710,17504,1109,535,574
3020,18609,1075,9036,710,17534,1109,535,574
3025,18640,1076,9047,710,17564,1109,535,574
3030,18671,1077,9067,711,17594,1109,535,574
3035,18702,1078,9079,711,17624,1109,535,574
3040,18733,1079,9097,712,17654,1109,535,574
3045,18764,1080,9113,713,17684,1109,535,574
3050,18795,1081,9126,714,17714,1109,535,574
3055,18826,1083,9140,715,17743,1109,535,574
3060,18857,1084,9158,715,17773,1109,535,574
3065,18888,1085,9178,716,17803,1110,535,575
3070,18919,1086,9192,717,17833,1111,535,576
3075,18950,1087,9208,718,17863,1112,536,576
3080,18981,1088,9223,718,17893,1113,536,577
3085,19012,1089,9232,719,17923,1114,537,577
3090,19043,1090,9248,719,17953,1115,538,577
3095,19074,1091,9261,720,17983,1116,539,577
3100,19105,1092,9280,720,18013,1117,539,578
3105,19136,1094,9298,721,18042,1118,539,579
3110,19167,1097,9310,723,18069,1119,540,579
3115,19198,1104,9329,728,18092,1120,540,580
3120,19229,1109,9342,732,18118,1121,540,581
3125,19260,1110,9356,733,18150,1123,540,583
3130,19291,1110,9369,733,18181,1124,541,583
3135,19322,1110,9382,733,18212,1125,541,584
3140,19353,1110,9399,733,18243,1126,542,584
3145,19384,1110,9415,733,18274,1127,542,585
3150,19415,1110,9429,733,18305,1128,542,586
3155,19446,1110,9445,733,18336,1129,542,587
3160,19477,1110,9460,733,18367,1130,543,587
3165,19508,1110,9475,733,18398,1131,544,587
3170,19539,1110,9491,733,18429,1132,544,588
3175,19570,1110,9507,733,18460,1133,545,588
3180,19601,1110,9523,733,18491,1134,546,588
3185,19632,1111,9535,733,18520,1135,547,588
3190,19663,1113,9550,734,18549,1136,547,589
3195,19694,1116,9566,736,18577,1137,547,590
3200,19725,1118,9579,738,18607,1138,548,590
3205,19756,1119,9600,739,18637,1139,549,590
3210,19787,1121,9614,741,18666,1140,549,591
3215,19818,1123,9631,742,18695,1141,550,591
3220,19849,1124,9646,742,18725,1142,551,591
3225,19880,1127,9663,744,18753,1143,551,592
3230,19911,1130,9677,747,18781,1144,551,593
3235,19942,1134,9692,750,18807,1145,551,594
3240,19973,1139,9703,754,18834,1146,552,594
3245,20004,1143,9716,758,18861,1146,552,594
3250,20035,1146,9732,759,18889,1146,552,594
3255,20066,1147,9750,760,18919,1146,552,594
3260,20097,1148,9768,761,18949,1146,552,594
3265,20128,1149,9777,761,18979,1146,552,594
3270,20159,1150,9792,761,19009,1146,552,594
3275,20190,1151,9803,761,19039,1146,552,594
3280,20221,1152,9821,762,19069,1147,552,595
3285,20252,1153,9833,762,19099,1148,553,595
3290,20283,1154,9845,762,19129,1149,553,596
3295,20314,1155,9856,762,19159,1150,553,597
3300,20345,1156,9870,762,19189,1151,554,597
3305,20376,1157,9885,762,19219,1154,556,598
3310,20407,1158,9901,762,19249,1155,557,598
3315,20438,1159,9916,762,19279,1155,557,598
3320,20469,1160,9932,763,19309,1155,557,598
3325,20500,1161,9947,763,19339,1155,557,598
3330,20531,1162,9963,764,19369,1155,557,598
3335,20562,1164,9975,764,19397,1155,557,598
3340,20593,1166,9988,766,19427,1155,557,598
3345,20624,1168,10012,767,19455,1155,557,598
3350,20655,1171,10026,769,19483,1155,557,598
3355,20686,1175,10041,771,19510,1156,558,598
3360,20717,1178,10052,772,19538,1157,558,599
3365,20748,1182,10068,775,19565,1159,560,599
3370,20779,1183,10080,775,19596,1161,562,599
3375,20810,1185,10096,776,19625,1163,562,601
3380,20841,1188,10113,779,19653,1165,564,601
3385,20872,1188,10130,779,19684,1166,564,602
3390,20903,1188,10145,779,19715,1167,564,603
3395,20934,1188,10161,779,19746,1168,565,603
3400,20965,1188,10170,779,19777,1169,565,604
3405,20996,1188,10187,779,19808,1170,565,605
3410,21027,1188,10197,779,19839,1171,566,605
3415,21058,1188,10212,779,19870,1173,567,606
3420,21089,1188,10228,779,19901,1176,567,609
3425,21120,1191,10240,782,19928,1179,568,611
3430,21151,1194,10256,785,19957,1182,570,612
3435,21182,1194,10268,785,19988,1184,571,613
3440,21213,1195,10282,786,20018,1186,572,614
3445,21244,1196,10301,786,20048,1187,573,614
3450,21275,1197,10316,786,20078,1188,574,614
3455,21306,1198,10330,786,20108,1189,575,614
3460,21337,1199,10342,787,20138,1190,575,615
3465,21368,1200,10356,787,20168,1191,576,615
3470,21399,1201,10374,787,20198,1192,576,616
3475,21430,1202,10386,787,20228,1193,576,617
3480,21461,1203,10404,787,20258,1194,576,618
3485,21492,1206,10423,788,20286,1196,577,619
3490,21523,1210,10433,790,20313,1198,578,620
3495,21554,1214,10449,793,20340,1200,578,622
3500,21585,1218,10469,795,20367,1202,579,623
3505,21616,1221,10488,798,20395,1204,580,624
3510,21647,1224,10502,801,20423,1206,581,625
3515,21678,1228,10517,803,20450,1208,581,627
3520,21709,1231,10535,805,20478,1210,583,627
3525,21740,1232,10547,805,20508,1212,583,629
3530,21771,1233,10562,805,20538,1214,583,631
3535,21802,1234,10573,805,20567,1216,583,633
3540,21833,1238,10588,809,20594,1217,583,634
3545,21864,1239,10608,810,20625,1219,585,634
3550,21895,1239,10626,810,20656,1221,586,635
3555,21926,1239,10641,810,20687,1223,586,637
3560,21957,1239,10659,810,20718,1225,587,638
3565,21988,1239,10673,810,20749,1227,589,638
3570,22019,1239,10686,810,20780,1229,589,640
3575,22050,1239,10699,810,20811,1231,590,641
3580,22081,1239,10712,810,20842,1233,590,643
3585,22112,1239,10726,810,20873,1234,591,643
3590,22143,1239,10739,810,20904,1235,591,644
3595,22174,1239,10750,810,20935,1236,591,645
3600,22205,1239,10764,810,20966,1237,592,645
3605,22236,1240,10777,811,20996,1238,592,646
3610,22267,1242,10789,812,21024,1239,592,647
3615,22298,1246,10803,815,21052,1240,593,647
3620,22329,1246,10818,815,21083,1241,593,648
3625,22360,1246,10829,815,21114,1242,593,649
3630,22391,1247,10847,815,21144,1243,594,649
3635,22422,1248,10864,815,21174,1244,595,649
3640,22453,1249,10879,815,21204,1246,597,649
3645,22484,1251,10890,815,21233,1248,597,651
3650,22515,1255,10904,818,21260,1250,598,652
3655,22546,1258,10920,820,21288,1252,599,653
3660,22577,1261,10935,823,21316,1254,600,654
3665,22608,1262,10951,824,21346,1256,602,654
3670,22639,1263,10968,824,21376,1258,602,656
3675,22670,1265,10983,825,21405,1260,604,656
3680,22701,1267,10998,827,21434,1262,604,658
3685,22732,1268,11011,828,21464,1264,604,660
3690,22763,1269,11026,829,21494,1267,605,662
3695,22794,1271,11042,831,21523,1270,608,662
3700,22825,1272,11057,832,21553,1273,609,664
3705,22856,1273,11074,833,21583,1276,611,665
3710,22887,1275,11093,835,21612,1279,612,667
3715,22918,1277,11108,836,21641,1282,615,667
3720,22949,1278,11126,836,21671,1285,616,669
3725,22980,1279,11140,837,21701,1286,616,670
3730,23011,1280,11157,838,21731,1287,616,671
3735,23042,1282,11173,840,21760,1288,616,672
3740,23073,1283,11187,840,21790,1289,617,672
3745,23104,1284,11202,841,21820,1290,617,673
3750,23135,1285,11217,842,21850,1291,618,673
3755,23166,1287,11233,843,21879,1292,618,674
3760,23197,1288,11241,843,21909,1293,618,675
3765,23228,1290,11258,844,21938,1294,619,675
3770,23259,1293,11267,846,21966,1295,619,676
3775,23290,1296,11288,848,21994,1296,620,676
3780,23321,1298,11300,849,22023,1297,621,676
3785,23352,1302,11316,852,22049,1297,621,676
3790,23383,1307,11326,855,22076,1297,621,676
3795,23414,1310,11340,857,22103,1297,621,676
3800,23445,1314,11359,861,22131,1297,621,676
3805,23476,1315,11371,862,22161,1297,621,676
3810,23507,1317,11388,864,22190,1297,621,676
3815,23538,1318,11404,865,22220,1297,621,676
3820,23569,1320,11421,866,22249,1297,621,676
3825,23600,1321,11436,866,22279,1297,621,676
3830,23631,1322,11450,866,22309,1298,622,676
3835,23662,1322,11464,866,22340,1299,622,677
3840,23693,1322,11477,866,22371,1300,622,678
3845,23724,1325,11493,868,22398,1303,624,679
3850,23755,1328,11503,870,22427,1306,626,680
3855,23786,1329,11512,870,22457,1309,628,681
3860,23817,1331,11529,871,22486,1311,628,683
3865,23848,1332,11547,872,22516,1312,628,684
3870,23879,1334,11566,873,22545,1313,628,685
3875,23910,1335,11584,874,22575,1314,628,686
3880,23941,1335,11600,874,22606,1315,629,686
3885,23972,1335,11612,874,22637,1316,630,686
3890,24003,1335,11632,874,22668,1317,631,686
3895,24034,1335,11648,874,22699,1318,631,687
3900,24065,1335,11662,874,22730,1319,632,687
3905,24096,1336,11675,874,22760,1320,632,688
3910,24127,1338,11687,875,22789,1321,632,689
3915,24158,1340,11698,876,22818,1322,632,690
3920,24189,1341,11710,876,22848,1323,632,691
3925,24220,1343,11725,877,22877,1324,632,692
3930,24251,1345,11738,878,22906,1326,632,694
3935,24282,1347,11751,880,22935,1328,634,694
3940,24313,1348,11767,881,22965,1330,635,695
3945,24344,1349,11785,882,22995,1332,636,696
3950,24375,1352,11801,884,23023,1334,637,697
3955,24406,1355,11818,886,23051,1336,638,698
3960,24437,1358,11828,887,23079,1338,639,699
3965,24468,1361,11842,890,23106,1342,640,702
3970,24499,1365,11857,893,23132,1346,641,705
3975,24530,1370,11874,898,23158,1350,642,708
3980,24561,1373,11892,900,23188,1354,644,710
3985,24592,1374,11903,900,23218,1356,646,710
3990,24623,1375,11916,900,23248,1357,647,710
3995,24654,1376,11929,900,23278,1358,647,711
4000,24685,1377,11938,900,23308,1359,647,712
4005,24716,1380,11957,902,23336,1360,648,712
4010,24747,1383,11972,904,23364,1361,648,713
4015,24778,1385,11987,906,23393,1362,649,713
4020,24809,1388,12005,908,23421,1363,650,713
4025,24840,1388,12022,908,23452,1364,651,713
4030,24871,1388,12039,908,23483,1365,652,713
4035,24902,1388,12049,908,23514,1366,652,714
4040,24933,1388,12063,908,23545,1367,653,714
4045,24964,1388,12077,908,23576,1368,654,714
4050,24995,1388,12087,908,23607,1369,654,715
4055,25026,1388,12095,908,23638,1370,654,716
4060,25057,1388,12111,908,23669,1371,654,717
4065,25088,1388,12124,908,23700,1372,654,718
4070,25119,1388,12142,908,23731,1373,655,718
4075,25150,1388,12155,908,23762,1374,655,719
4080,25181,1389,12173,908,23792,1375,655,720
4085,25212,1392,12186,910,23819,1378,656,722
4090,25243,1398,12201,914,23844,1382,658,724
4095,25274,1403,12215,918,23871,1386,659,727
4100,25305,1405,12225,919,23900,1389,659,730
4105,25336,1408,12238,920,23928,1391,660,731
4110,25367,1410,12253,921,23957,1393,661,732
4115,25398,1412,12263,921,23986,1395,661,734
4120,25429,1415,12278,922,24014,1397,663,734
4125,25460,1418,12288,924,24042,1399,664,735
4130,25491,1420,12302,924,24071,1401,665,736
4135,25522,1422,12315,926,24100,1403,665,738
4140,25553,1423,12330,926,24130,1405,667,738
4145,25584,1424,12343,926,24160,1405,667,738
4150,25615,1425,12360,926,24190,1405,667,738
4155,25646,1427,12376,927,24219,1405,667,738
4160,25677,1428,12394,928,24249,1405,667,738
4165,25708,1428,12414,928,24280,1405,667,738
4170,25739,1428,12427,928,24311,1405,667,738
4175,25770,1428,12439,928,24342,1405,667,738
4180,25801,1428,12456,928,24373,1405,667,738
4185,25832,1428,12473,928,24404,1405,667,738
4190,25863,1428,12488,928,24435,1405,667,738
4195,25894,1428,12498,928,24466,1405,667,738
4200,25925,1428,12514,928,24497,1405,667,738
4205,25956,1430,12529,928,24526,1406,668,738
4210,25987,1435,12543,931,24552,1407,668,739
4215,26018,1438,12561,933,24580,1408,669,739
4220,26049,1439,12578,934,24610,1408,669,739
4225,26080,1440,12592,935,24640,1408,669,739
4230,26111,1441,12606,935,24670,1408,669,739
4235,26142,1442,12616,935,24700,1408,669,739
4240,26173,1443,12627,936,24730,1408,669,739
4245,26204,1444,12648,937,24760,1408,669,739
4250,26235,1446,12666,939,24789,1409,669,740
4255,26266,1448,12684,940,24818,1411,669,742
4260,26297,1450,12700,941,24847,1413,669,744
4265,26328,1452,12714,942,24876,1416,671,745
4270,26359,1454,12731,943,24905,1419,674,745
4275,26390,1455,12742,943,24935,1422,676,746
4280,26421,1456,12761,944,24965,1425,677,748
4285,26452,1458,12776,945,24994,1428,679,749
4290,26483,1460,12791,947,25023,1431,681,750
4295,26514,1461,12808,948,25053,1434,683,751
4300,26545,1462,12824,948,25083,1437,685,752
4305,26576,1464,12836,950,25112,1440,685,755
4310,26607,1465,12852,950,25142,1443,686,757
4315,26638,1466,12867,950,25172,1446,688,758
4320,26669,1467,12881,950,25202,1449,689,760
4325,26700,1468,12898,950,25232,1452,691,761
4330,26731,1469,12912,950,25262,1455,693,762
4335,26762,1471,12929,951,25291,1458,696,762
4340,26793,1471,12946,951,25322,1461,696,765
4345,26824,1471,12962,951,25353,1463,696,767
4350,26855,1471,12987,951,25384,1464,697,767
4355,26886,1471,13000,951,25415,1465,698,767
4360,26917,1471,13013,951,25446,1466,698,768
4365,26948,1471,13029,951,25477,1467,698,769
4370,26979,1472,13046,951,25507,1468,699,769
4375,27010,1475,13062,953,25535,1469,700,769
4380,27041,1480,13079,956,25561,1470,701,769
4385,27072,1481,13099,957,25591,1471,701,770
4390,27103,1482,13115,958,25621,1472,701,771
4395,27134,1483,13133,959,25651,1473,702,771
4400,27165,1484,13150,960,25681,1474,702,772
4405,27196,1485,13162,960,25711,1475,703,772
4410,27227,1486,13175,960,25741,1476,704,772
4415,27258,1487,13195,961,25771,1477,704,773
4420,27289,1488,13213,961,25801,1478,705,773
4425,27320,1490,13229,962,25830,1479,705,774
4430,27351,1491,13239,962,25860,1480,705,775
4435,27382,1492,13257,962,25890,1482,707,775
4440,27413,1495,13269,964,25918,1484,708,776
4445,27444,1497,13280,965,25947,1486,709,777
4450,27475,1499,13291,967,25976,1489,710,779
4455,27506,1499,13305,967,26007,1491,711,780
4460,27537,1499,13318,967,26038,1493,712,781
4465,27568,1499,13333,967,26069,1495,713,782
4470,27599,1499,13345,967,26100,1497,713,784
4475,27630,1499,13355,967,26131,1499,713,786
4480,27661,1499,13367,967,26162,1501,713,788
4485,27692,1501,13384,969,26191,1503,715,788
4490,27723,1504,13395,970,26219,1505,716,789
4495,27754,1508,13406,973,26245,1507,717,790
4500,27785,1513,13427,977,26270,1509,719,790
4505,27816,1517,13436,979,26299,1509,719,790
4510,27847,1518,13451,979,26329,1509,719,790
4515,27878,1520,13465,980,26358,1509,719,790
4520,27909,1522,13484,982,26387,1509,719,790
4525,27940,1523,13500,982,26417,1509,719,790
4530,27971,1523,13515,982,26448,1509,719,790
4535,28002,1523,13528,982,26479,1509,719,790
4540,28033,1523,13542,982,26510,1509,719,790
4545,28064,1523,13559,982,26541,1509,719,790
4550,28095,1523,13570,982,26572,1509,719,790
4555,28126,1523,13580,982,26603,1509,719,790
4560,28157,1523,13595,982,26634,1509,719,790
4565,28188,1525,13610,984,26663,1509,719,790
4570,28219,1527,13626,985,26692,1509,719,790
4575,28250,1529,13643,987,26721,1509,719,790
4580,28281,1531,13655,989,26750,1509,719,790
4585,28312,1532,13673,990,26780,1509,719,790
4590,28343,1533,13680,990,26810,1509,719,790
4595,28374,1535,13693,991,26839,1509,719,790
4600,28405,1536,13705,992,26869,1509,719,790
4605,28436,1536,13719,992,26900,1510,720,790
4610,28467,1536,13736,992,26931,1512,722,790
4615,28498,1538,13751,994,26960,1514,724,790
4620,28529,1540,13770,995,26989,1516,725,791
4625,28560,1545,13784,998,27015,1517,725,792
4630,28591,1548,13796,1000,27043,1518,725,793
4635,28622,1552,13815,1002,27070,1519,726,793
4640,28653,1554,13824,1003,27099,1520,726,794
4645,28684,1555,13837,1003,27129,1521,727,794
4650,28715,1557,13853,1005,27158,1522,727,795
4655,28746,1558,13872,1006,27188,1524,729,795
4660,28777,1560,13887,1008,27217,1526,730,796
4665,28808,1562,13902,1009,27246,1528,730,798
4670,28839,1564,13915,1011,27275,1530,730,800
4675,28870,1565,13930,1011,27305,1533,731,802
4680,28901,1567,13941,1012,27334,1536,731,805
4685,28932,1567,13956,1012,27365,1538,732,806
4690,28963,1567,13973,1012,27396,1540,733,807
4695,28994,1567,13985,1012,27427,1542,733,809
4700,29025,1567,13993,1012,27458,1544,734,810
4705,29056,1568,14006,1013,27488,1546,734,812
4710,29087,1570,14022,1014,27517,1548,735,813
4715,29118,1572,14038,1016,27546,1550,736,814
4720,29149,1573,14053,1017,27576,1552,737,815
4725,29180,1574,14069,1018,27606,1555,740,815
4730,29211,1575,14085,1019,27634,1558,740,818
4735,29242,1580,14106,1023,27660,1561,742,819
4740,29273,1585,14122,1026,27685,1564,744,820
4745,29304,1590,14136,1030,27714,1566,745,821
4750,29335,1591,14148,1030,27744,1568,746,822
4755,29366,1593,14161,1032,27773,1570,746,824
4760,29397,1595,14175,1033,27802,1572,746,826
4765,29428,1597,14189,1034,27831,1574,746,828
4770,29459,1600,14209,1037,27859,1576,748,828
4775,29490,1602,14223,1038,27888,1578,749,829
4780,29521,1604,14242,1039,27917,1580,750,830
4785,29552,1607,14260,1042,27945,1582,750,832
4790,29583,1609,14275,1044,27974,1584,752,832
4795,29614,1611,14288,1046,28003,1586,754,832
4800,29645,1614,14306,1049,28031,1587,754,833
4805,29676,1616,14326,1051,28060,1589,756,833
4810,29707,1617,14341,1052,28090,1590,756,834
4815,29738,1618,14355,1052,28120,1591,757,834
4820,29769,1619,14371,1053,28150,1592,757,835
4825,29800,1621,14392,1054,28179,1593,758,835
4830,29831,1622,14407,1054,28209,1594,758,836
4835,29862,1624,14423,1055,28238,1595,759,836
4840,29893,1625,14436,1055,28268,1596,760,836
4845,29924,1626,14453,1056,28298,1597,760,837
4850,29955,1628,14467,1058,28326,1598,760,838
4855,29986,1631,14485,1059,28353,1599,760,839
4860,30017,1635,14500,1062,28381,1600,761,839
4865,30048,1637,14517,1063,28411,1601,761,840
4870,30079,1638,14529,1063,28441,1602,761,841
4875,30110,1639,14548,1063,28471,1603,761,842
4880,30141,1640,14560,1064,28501,1604,761,843
4885,30172,1641,14571,1065,28531,1605,761,844
4890,30203,1642,14588,1066,28561,1607,763,844
4895,30234,1644,14599,1066,28590,1609,763,846
4900,30265,1646,14616,1068,28619,1612,766,846
4905,30296,1648,14629,1069,28648,1615,768,847
4910,30327,1650,14643,1070,28677,1618,771,847
4915,30358,1652,14657,1070,28706,1621,773,848
4920,30389,1654,14671,1071,28735,1623,774,849
4925,30420,1658,14688,1074,28761,1625,774,851
4930,30451,1664,14703,1079,28787,1627,775,852
4935,30482,1667,14716,1081,28815,1629,776,853
4940,30513,1671,14730,1084,28842,1631,777,854
4945,30544,1676,14747,1087,28868,1633,777,856
4950,30575,1679,14763,1089,28896,1635,779,856
4955,30606,1682,14786,1092,28924,1637,781,856
4960,30637,1686,14801,1095,28951,1639,783,856
4965,30668,1690,14819,1098,28978,1641,784,857
4970,30699,1695,14836,1102,29004,1643,786,857
4975,30730,1698,14847,1104,29032,1645,788,857
4980,30761,1702,14859,1107,29059,1647,788,859
4985,30792,1702,14879,1107,29090,1649,790,859
4990,30823,1702,14895,1107,29121,1651,792,859
4995,30854,1702,14909,1107,29152,1652,792,860
5000,30885,1702,14923,1107,29183,1653,792,861
5005,30916,1702,14938,1107,29214,1654,793,861
5010,30947,1702,14954,1107,29245,1655,793,862
5015,30978,1702,14969,1107,29276,1656,794,862
5020,31009,1702,14989,1107,29307,1658,796,862
5025,31040,1702,15003,1107,29338,1660,798,862
5030,31071,1702,15019,1107,29369,1662,798,864
5035,31102,1702,15030,1107,29400,1664,799,865
5040,31133,1702,15046,1107,29431,1666,799,867
5045,31164,1702,15058,1107,29462,1668,800,868
5050,31195,1702,15069,1107,29493,1669,800,869
5055,31226,1703,15075,1107,29523,1670,800,870
5060,31257,1704,15092,1108,29553,1671,800,871
5065,31288,1705,15112,1109,29582,1672,801,871
5070,31319,1707,15126,1111,29612,1673,801,872
5075,31350,1708,15141,1112,29642,1674,801,873
5080,31381,1709,15155,1112,29672,1675,801,874
5085,31412,1711,15170,1113,29701,1676,802,874
5090,31443,1715,15183,1114,29728,1677,802,875
5095,31474,1719,15202,1116,29755,1679,804,875
5100,31505,1722,15216,1118,29783,1681,805,876
5105,31536,1727,15229,1121,29809,1684,806,878
5110,31567,1732,15242,1124,29835,1687,807,880
5115,31598,1736,15257,1127,29862,1690,808,882
5120,31629,1741,15273,1132,29888,1693,809,884
5125,31660,1746,15284,1134,29914,1696,809,887
5130,31691,1750,15298,1136,29941,1699,810,889
5135,31722,1755,15316,1139,29967,1701,811,890
5140,31753,1759,15334,1141,29994,1703,811,892
5145,31784,1761,15351,1141,30023,1705,812,893
5150,31815,1763,15359,1142,30052,1707,812,895
5155,31846,1766,15376,1145,30080,1709,813,896
5160,31877,1769,15389,1148,30108,1711,814,897
5165,31908,1771,15406,1148,30137,1712,814,898
5170,31939,1772,15420,1148,30167,1712,814,898
5175,31970,1773,15437,1149,30197,1712,814,898
5180,32001,1774,15454,1149,30227,1712,814,898
5185,32032,1775,15467,1150,30257,1712,814,898
5190,32063,1776,15483,1150,30287,1712,814,898
5195,32094,1777,15500,1151,30317,1712,814,898
5200,32125,1778,15513,1152,30347,1712,814,898
5205,32156,1779,15529,1153,30377,1712,814,898
5210,32187,1780,15542,1153,30407,1712,814,898
5215,32218,1781,15557,1153,30437,1712,814,898
5220,32249,1782,15573,1154,30467,1712,814,898
5225,32280,1785,15592,1156,30495,1713,815,898
5230,32311,1787,15605,1158,30524,1714,815,899
5235,32342,1788,15618,1159,30554,1716,816,900
5240,32373,1791,15630,1161,30582,1718,818,900
5245,32404,1792,15647,1162,30612,1720,820,900
5250,32435,1794,15666,1164,30641,1722,821,901
5255,32466,1794,15682,1164,30672,1724,821,903
5260,32497,1794,15702,1164,30703,1726,823,903
5265,32528,1794,15722,1164,30734,1728,824,904
5270,32559,1794,15741,1164,30765,1730,824,906
5275,32590,1795,15748,1164,30794,1732,825,907
5280,32621,1798,15761,1166,30822,1734,825,909
5285,32652,1801,15774,1167,30851,1736,826,910
5290,32683,1803,15787,1167,30880,1738,827,911
5295,32714,1805,15798,1168,30909,1740,827,913
5300,32745,1807,15814,1168,30938,1742,828,914
5305,32776,1809,15829,1168,30967,1744,830,914
5310,32807,1811,15846,1170,30996,1745,830,915
5315,32838,1813,15865,1171,31025,1746,830,916
5320,32869,1815,15877,1172,31054,1747,831,916
5325,32900,1817,15893,1173,31083,1748,831,917
5330,32931,1819,15905,1175,31112,1749,831,918
5335,32962,1821,15923,1177,31141,1750,831,919
5340,32993,1823,15942,1177,31170,1751,832,919
5345,33024,1825,15951,1177,31199,1752,833,919
5350,33055,1827,15969,1178,31228,1753,834,919
5355,33086,1829,15983,1179,31257,1754,834,920
5360,33117,1832,16000,1181,31285,1755,834,921
5365,33148,1834,16016,1182,31314,1756,834,922
5370,33179,1836,16026,1182,31343,1757,835,922
5375,33210,1838,16041,1182,31372,1758,836,922
5380,33241,1840,16058,1183,31401,1759,837,922
5385,33272,1842,16068,1185,31429,1760,837,923
5390,33303,1847,16086,1190,31456,1762,839,923
5395,33334,1850,16102,1192,31484,1764,840,924
5400,33365,1852,16118,1193,31513,1765,840,925
5405,33396,1854,16133,1195,31542,1766,841,925
5410,33427,1856,16152,1197,31571,1767,842,925
5415,33458,1858,16168,1199,31600,1768,843,925
5420,33489,1860,16192,1201,31629,1769,844,925
5425,33520,1860,16208,1201,31660,1770,844,926
5430,33551,1860,16223,1201,31691,1771,845,926
5435,33582,1860,16236,1201,31722,1772,845,927
5440,33613,1860,16255,1201,31753,1773,845,928
5445,33644,1860,16268,1201,31784,1774,845,929
5450,33675,1860,16283,1201,31815,1776,845,931
5455,33706,1860,16299,1201,31846,1778,847,931
5460,33737,1860,16314,1201,31877,1780,848,932
5465,33768,1861,16329,1201,31907,1781,848,933
5470,33799,1862,16343,1202,31937,1782,848,934
5475,33830,1863,16359,1202,31967,1783,848,935
5480,33861,1864,16379,1202,31997,1784,849,935
5485,33892,1865,16392,1202,32027,1785,849,936
5490,33923,1866,16407,1203,32057,1786,850,936
5495,33954,1868,16423,1204,32086,1788,852,936
5500,33985,1870,16438,1205,32115,1790,852,938
5505,34016,1873,16456,1207,32143,1792,853,939
5510,34047,1875,16464,1207,32172,1795,855,940
5515,34078,1878,16479,1209,32200,1798,856,942
5520,34109,1880,16497,1209,32229,1801,857,944
5525,34140,1882,16513,1210,32258,1802,858,944
5530,34171,1886,16531,1213,32285,1803,859,944
5535,34202,1889,16548,1216,32313,1804,859,945
5540,34233,1892,16565,1219,32341,1805,859,946
5545,34264,1895,16583,1221,32369,1806,859,947
5550,34295,1898,16596,1222,32397,1807,860,947
5555,34326,1900,16609,1223,32426,1808,861,947
5560,34357,1901,16626,1224,32456,1809,862,947
5565,34388,1902,16642,1224,32486,1810,862,948
5570,34419,1903,16657,1224,32516,1811,863,948
5575,34450,1904,16673,1224,32546,1812,863,949
5580,34481,1905,16691,1225,32576,1813,864,949
5585,34512,1906,16705,1226,32606,1814,865,949
5590,34543,1907,16722,1227,32636,1815,865,950
5595,34574,1908,16734,1228,32666,1816,865,951
5600,34605,1909,16748,1229,32696,1817,865,952
5605,34636,1910,16761,1230,32726,1818,866,952
5610,34667,1911,16780,1231,32756,1819,867,952
5615,34698,1912,16792,1232,32786,1820,867,953
5620,34729,1913,16807,1233,32816,1821,868,953
5625,34760,1914,16819,1233,32846,1823,870,953
5630,34791,1917,16834,1235,32873,1824,870,954
5635,34822,1921,16851,1238,32901,1825,871,954
5640,34853,1926,16868,1241,32926,1826,872,954
5645,34884,1928,16880,1242,32955,1826,872,954
5650,34915,1930,16894,1244,32985,1826,872,954
5655,34946,1931,16908,1244,33015,1826,872,954
5660,34977,1934,16920,1247,33043,1826,872,954
5665,35008,1937,16936,1249,33071,1826,872,954
5670,35039,1941,16952,1252,33098,1826,872,954
5675,35070,1944,16965,1253,33126,1826,872,954
5680,35101,1948,16985,1257,33153,1826,872,954
5685,35132,1951,16994,1259,33181,1826,872,954
5690,35163,1955,17013,1262,33208,1826,872,954
5695,35194,1957,17029,1263,33237,1826,872,954
5700,35225,1958,17043,1264,33267,1826,872,954
5705,35256,1961,17061,1267,33295,1827,872,955
5710,35287,1963,17073,1269,33324,1828,873,955
5715,35318,1964,17088,1270,33354,1829,873,956
5720,35349,1964,17098,1270,33385,1830,873,957
5725,35380,1964,17114,1270,33416,1831,873,958
5730,35411,1964,17131,1270,33447,1832,873,959
5735,35442,1964,17145,1270,33478,1833,874,959
5740,35473,1964,17160,1270,33509,1834,874,960
5745,35504,1965,17177,1271,33539,1835,874,961
5750,35535,1966,17193,1272,33569,1836,874,962
5755,35566,1967,17207,1273,33599,1838,876,962
5760,35597,1968,17224,1274,33629,1840,877,963
5765,35628,1972,17238,1277,33656,1842,878,964
5770,35659,1977,17251,1279,33681,1844,879,965
5775,35690,1984,17264,1285,33706,1845,880,965
5780,35721,1988,17279,1288,33733,1846,880,966
5785,35752,1989,17297,1288,33763,1847,880,967
5790,35783,1990,17312,1289,33793,1848,881,967
5795,35814,1991,17327,1290,33823,1849,882,967
5800,35845,1992,17341,1290,33853,1850,882,968
5805,35876,1993,17360,1290,33883,1851,882,969
5810,35907,1994,17376,1291,33913,1852,883,969
5815,35938,1995,17390,1291,33943,1853,883,970
5820,35969,1996,17410,1292,33973,1854,883,971
5825,36000,1997,17427,1292,34003,1855,884,971
5830,36031,1999,17440,1294,34032,1856,885,971
5835,36062,2000,17457,1295,34062,1857,886,971
5840,36093,2003,17476,1298,34090,1858,887,971
5845,36124,2003,17493,1298,34121,1859,887,972
5850,36155,2003,17511,1298,34152,1860,888,972
5855,36186,2003,17520,1298,34183,1861,888,973
5860,36217,2003,17536,1298,34214,1862,889,973
5865,36248,2003,17553,1298,34245,1863,890,973
5870,36279,2003,17573,1298,34276,1864,890,974
5875,36310,2003,17589,1298,34307,1866,892,974
5880,36341,2003,17600,1298,34338,1868,894,974
5885,36372,2005,17614,1299,34367,1869,894,975
5890,36403,2008,17630,1302,34395,1870,894,976
5895,36434,2012,17647,1306,34422,1871,895,976
5900,36465,2014,17658,1306,34451,1872,895,977
5905,36496,2017,17671,1308,34479,1873,896,977
5910,36527,2019,17687,1309,34508,1874,896,978
5915,36558,2022,17700,1312,34536,1875,897,978
5920,36589,2026,17713,1314,34563,1876,897,979
5925,36620,2028,17728,1316,34592,1877,897,980
5930,36651,2030,17740,1318,34621,1878,897,981
5935,36682,2032,17753,1318,34650,1879,898,981
5940,36713,2036,17769,1322,34677,1880,899,981
5945,36744,2038,17782,1323,34706,1882,900,982
5950,36775,2041,17797,1326,34734,1884,901,983
5955,36806,2044,17815,1329,34762,1886,903,983
5960,36837,2046,17826,1331,34791,1887,904,983
5965,36868,2048,17840,1331,34820,1888,905,983
5970,36899,2051,17855,1334,34848,1889,905,984
5975,36930,2055,17869,1337,34875,1890,905,985
5980,36961,2057,17883,1338,34904,1891,905,986
5985,36992,2059,17895,1339,34933,1892,906,986
5990,37023,2063,17909,1341,34960,1893,906,987
5995,37054,2065,17926,1343,34989,1894,907,987
6000,37085,2066,17944,1344,35019,1895,908,987
6005,37116,2070,17959,1347,35046,1896,908,988
6010,37147,2071,17971,1347,35076,1897,908,989
6015,37178,2072,17983,1347,35106,1898,909,989
6020,37209,2073,17993,1347,35136,1899,909,990
6025,37240,2074,18007,1348,35166,1900,909,991
6030,37271,2075,18022,1349,35196,1901,910,991
6035,37302,2077,18039,1350,35225,1902,911,991
6040,37333,2077,18056,1350,35256,1903,912,991
6045,37364,2077,18078,1350,35287,1904,913,991
6050,37395,2077,18093,1350,35318,1905,913,992
6055,37426,2077,18109,1350,35349,1906,913,993
6060,37457,2077,18126,1350,35380,1908,915,993
6065,37488,2077,18136,1350,35411,1910,915,995
6070,37519,2077,18143,1350,35442,1912,916,996
6075,37550,2077,18161,1350,35473,1914,917,997
6080,37581,2077,18179,1350,35504,1916,918,998
6085,37612,2077,18194,1350,35535,1918,919,999
6090,37643,2077,18207,1350,35566,1920,919,1001
6095,37674,2077,18223,1350,35597,1922,920,1002
6100,37705,2077,18236,1350,35628,1923,920,1003
6105,37736,2077,18253,1350,35659,1924,920,1004
6110,37767,2078,18268,1350,35688,1925,920,1005
6115,37798,2082,18284,1353,35716,1926,921,1005
6120,37829,2085,18299,1355,35743,1927,921,1006
6125,37860,2092,18314,1362,35768,1929,921,1008
6130,37891,2097,18328,1364,35794,1931,922,1009
6135,37922,2101,18343,1365,35821,1933,924,1009
6140,37953,2106,18357,1368,35847,1935,924,1011
6145,37984,2111,18372,1371,35873,1937,925,1012
6150,38015,2115,18389,1374,35900,1939,925,1014
6155,38046,2118,18409,1375,35928,1941,927,1014
6160,38077,2120,18424,1376,35957,1942,928,1014
6165,38108,2122,18441,1377,35986,1943,929,1014
6170,38139,2124,18457,1378,36015,1944,929,1015
6175,38170,2126,18474,1379,36044,1945,930,1015
6180,38201,2128,18486,1379,36073,1946,930,1016
6185,38232,2130,18499,1380,36102,1948,932,1016
6190,38263,2132,18516,1381,36131,1949,933,1016
6195,38294,2134,18528,1382,36160,1950,933,1017
6200,38325,2136,18544,1383,36189,1951,933,1018
6205,38356,2138,18558,1384,36218,1952,933,1019
6210,38387,2140,18573,1386,36247,1953,934,1019
6215,38418,2142,18587,1387,36276,1954,935,1019
6220,38449,2144,18605,1388,36305,1955,935,1020
6225,38480,2146,18613,1389,36334,1956,935,1021
6230,38511,2149,18625,1390,36362,1957,935,1022
6235,38542,2149,18639,1390,36393,1958,935,1023
6240,38573,2149,18655,1390,36424,1959,936,1023
6245,38604,2150,18670,1390,36454,1960,936,1024
6250,38635,2151,18683,1390,36484,1961,937,1024
6255,38666,2152,18697,1390,36514,1962,937,1025
6260,38697,2154,18710,1391,36543,1963,937,1026
6265,38728,2155,18725,1391,36573,1964,937,1027
6270,38759,2157,18745,1392,36602,1965,938,1027
6275,38790,2159,18759,1393,36631,1966,939,1027
6280,38821,2161,18771,1395,36660,1967,939,1028
6285,38852,2163,18789,1397,36689,1968,940,1028
6290,38883,2163,18809,1397,36720,1969,940,1029
6295,38914,2163,18823,1397,36751,1970,941,1029
6300,38945,2163,18840,1397,36782,1972,942,1030
6305,38976,2163,18856,1397,36813,1973,942,1031
6310,39007,2163,18871,1397,36844,1974,943,1031
6315,39038,2163,18889,1397,36875,1975,943,1032
6320,39069,2163,18904,1397,36906,1975,943,1032
6325,39100,2163,18920,1397,36937,1975,943,1032
6330,39131,2163,18933,1397,36968,1975,943,1032
6335,39162,2163,18949,1397,36999,1975,943,1032
6340,39193,2164,18966,1398,37029,1975,943,1032
6345,39224,2165,18984,1399,37059,1975,943,1032
6350,39255,2167,18996,1400,37088,1975,943,1032
6355,39286,2169,19011,1401,37116,1975,943,1032
6360,39317,2172,19029,1403,37145,1975,943,1032
6365,39348,2176,19049,1406,37172,1976,944,1032
6370,39379,2181,19067,1410,37198,1977,945,1032
6375,39410,2184,19081,1413,37226,1978,946,1032
6380,39441,2186,19095,1413,37255,1979,947,1032
6385,39472,2188,19110,1414,37284,1980,947,1033
6390,39503,2190,19128,1416,37313,1981,948,1033
6395,39534,2193,19147,1418,37341,1982,949,1033
6400,39565,2196,19163,1420,37369,1983,950,1033
6405,39596,2197,19174,1421,37399,1984,950,1034
6410,39627,2198,19192,1422,37429,1985,950,1035
6415,39658,2199,19208,1422,37459,1986,950,1036
6420,39689,2200,19224,1422,37489,1988,950,1038
6425,39720,2203,19239,1425,37517,1990,950,1040
6430,39751,2206,19255,1426,37545,1992,951,1041
6435,39782,2209,19266,1428,37573,1994,951,1043
6440,39813,2211,19279,1428,37602,1996,952,1044
6445,39844,2214,19298,1431,37630,1998,953,1045
6450,39875,2215,19309,1431,37660,2000,954,1046
6455,39906,2216,19325,1431,37690,2002,956,1046
6460,39937,2217,19336,1431,37720,2004,957,1047
6465,39968,2218,19347,1431,37750,2005,957,1048
6470,39999,2219,19358,1432,37779,2006,957,1049
6475,40030,2221,19371,1433,37809,2007,958,1049
6480,40061,2221,19395,1433,37840,2008,959,1049
6485,40092,2221,19407,1433,37871,2009,960,1049
6490,40123,2221,19420,1433,37902,2010,961,1049
6495,40154,2221,19437,1433,37933,2011,962,1049
6500,40185,2221,19451,1433,37964,2012,963,1049
6505,40216,2221,19462,1433,37995,2013,963,1050
6510,40247,2222,19477,1434,38025,2014,964,1050
6515,40278,2223,19491,1435,38055,2015,964,1051
6520,40309,2224,19506,1435,38085,2016,964,1052
6525,40340,2225,19520,1436,38115,2017,964,1053
6530,40371,2226,19537,1437,38145,2018,965,1053
6535,40402,2227,19550,1437,38175,2019,965,1054
6540,40433,2229,19561,1438,38204,2020,966,1054
6545,40464,2232,19575,1439,38232,2020,966,1054
6550,40495,2234,19593,1441,38261,2020,966,1054
6555,40526,2236,19606,1442,38290,2020,966,1054
6560,40557,2238,19615,1444,38319,2020,966,1054
6565,40588,2240,19632,1445,38348,2021,967,1054
6570,40619,2242,19647,1447,38377,2022,968,1054
6575,40650,2245,19659,1448,38405,2023,968,1055
6580,40681,2249,19670,1451,38432,2024,969,1055
6585,40712,2254,19681,1454,38458,2025,969,1056
6590,40743,2260,19696,1458,38483,2026,969,1057
6595,40774,2264,19712,1460,38510,2027,969,1058
6600,40805,2268,19729,1462,38537,2028,970,1058
6605,40836,2270,19739,1463,38566,2030,971,1059
6610,40867,2273,19757,1465,38594,2032,972,1060
6615,40898,2274,19773,1466,38624,2034,974,1060
6620,40929,2275,19790,1467,38653,2036,975,1061
6625,40960,2278,19804,1469,38682,2038,977,1061
6630,40991,2279,19818,1469,38712,2040,977,1063
6635,41022,2279,19834,1469,38743,2042,977,1065
6640,41053,2279,19855,1469,38774,2043,977,1066
6645,41084,2279,19872,1469,38805,2044,978,1066
6650,41115,2279,19890,1469,38836,2045,979,1066
6655,41146,2279,19908,1469,38867,2046,979,1067
6660,41177,2279,19926,1469,38898,2047,979,1068
6665,41208,2282,19946,1471,38926,2048,980,1068
6670,41239,2284,19962,1472,38955,2049,980,1069
6675,41270,2287,19975,1474,38983,2050,980,1070
6680,41301,2290,19990,1475,39011,2051,980,1071
6685,41332,2292,20004,1477,39040,2052,980,1072
6690,41363,2294,20021,1478,39069,2053,981,1072
6695,41394,2297,20035,1480,39097,2054,982,1072
6700,41425,2300,20046,1482,39125,2055,982,1073
6705,41456,2301,20057,1482,39155,2056,983,1073
6710,41487,2302,20065,1482,39185,2057,983,1074
6715,41518,2304,20080,1483,39214,2058,983,1075
6720,41549,2306,20095,1485,39243,2059,983,1076
6725,41580,2308,20111,1487,39272,2060,984,1076
6730,41611,2309,20133,1487,39302,2061,985,1076
6735,41642,2310,20150,1488,39332,2062,986,1076
6740,41673,2312,20162,1489,39361,2063,986,1077
6745,41704,2314,20179,1491,39390,2064,986,1078
6750,41735,2315,20198,1492,39420,2065,986,1079
6755,41766,2317,20215,1494,39449,2066,986,1080
6760,41797,2318,20226,1495,39479,2067,987,1080
6765,41828,2320,20240,1496,39508,2068,988,1080
6770,41859,2322,20255,1498,39537,2069,989,1080
6775,41890,2324,20270,1500,39565,2070,990,1080
6780,41921,2326,20285,1501,39595,2071,990,1081
6785,41952,2328,20299,1502,39623,2072,991,1081
6790,41983,2333,20311,1505,39650,2073,991,1082
6795,42014,2337,20328,1508,39677,2074,991,1083
6800,42045,2340,20340,1509,39705,2075,991,1084
6805,42076,2343,20357,1510,39732,2076,991,1085
6810,42107,2345,20369,1512,39761,2077,991,1086
6815,42138,2347,20383,1514,39791,2078,991,1087
6820,42169,2347,20397,1514,39822,2079,991,1088
6825,42200,2347,20417,1514,39853,2080,992,1088
6830,42231,2347,20436,1514,39884,2081,993,1088
6835,42262,2349,20450,1516,39913,2082,994,1088
6840,42293,2350,20466,1517,39943,2083,995,1088
6845,42324,2353,20480,1519,39971,2085,995,1090
6850,42355,2355,20497,1519,40000,2087,997,1090
6855,42386,2358,20510,1521,40028,2089,997,1092
6860,42417,2361,20524,1524,40056,2091,998,1093
6865,42448,2364,20537,1527,40084,2093,998,1095
6870,42479,2366,20554,1528,40113,2095,999,1096
6875,42510,2368,20567,1529,40142,2097,999,1098
6880,42541,2370,20585,1530,40171,2099,1000,1099
6885,42572,2374,20599,1533,40198,2101,1002,1099
6890,42603,2377,20620,1536,40226,2103,1003,1100
6895,42634,2380,20626,1538,40254,2105,1003,1102
6900,42665,2383,20645,1541,40282,2107,1004,1103
6905,42696,2383,20657,1541,40313,2108,1004,1104
6910,42727,2383,20672,1541,40344,2108,1004,1104
6915,42758,2384,20687,1542,40374,2108,1004,1104
6920,42789,2385,20703,1543,40404,2108,1004,1104
6925,42820,2386,20719,1544,40434,2108,1004,1104
6930,42851,2387,20737,1545,40464,2108,1004,1104
6935,42882,2388,20754,1545,40494,2108,1004,1104
6940,42913,2389,20763,1545,40524,2108,1004,1104
6945,42944,2390,20779,1546,40553,2108,1004,1104
6950,42975,2392,20792,1547,40583,2108,1004,1104
6955,43006,2393,20800,1547,40613,2108,1004,1104
6960,43037,2394,20818,1548,40642,2108,1004,1104
6965,43068,2396,20831,1550,40672,2108,1004,1104
6970,43099,2398,20845,1551,40701,2108,1004,1104
6975,43130,2399,20856,1551,40731,2108,1004,1104
6980,43161,2400,20868,1551,40761,2108,1004,1104
6985,43192,2401,20884,1552,40791,2108,1004,1104
6990,43223,2402,20899,1552,40821,2108,1004,1104
6995,43254,2403,20906,1552,40851,2108,1004,1104
7000,43285,2404,20926,1552,40881,2108,1004,1104
7005,43316,2406,20941,1552,40910,2109,1005,1104
7010,43347,2409,20956,1554,40938,2111,1005,1106
7015,43378,2414,20968,1558,40964,2113,1007,1106
7020,43409,2418,20977,1561,40991,2115,1007,1108
7025,43440,2418,20995,1561,41022,2116,1007,1109
7030,43471,2418,21013,1561,41053,2117,1008,1109
7035,43502,2418,21023,1561,41084,2118,1008,1110
7040,43533,2418,21042,1561,41115,2119,1009,1110
7045,43564,2418,21058,1561,41146,2120,1010,1110
7050,43595,2418,21073,1561,41177,2121,1011,1110
7055,43626,2418,21089,1561,41208,2122,1012,1110
7060,43657,2418,21109,1561,41239,2123,1012,1111
7065,43688,2418,21124,1561,41270,2124,1013,1111
7070,43719,2418,21136,1561,41301,2125,1014,1111
7075,43750,2418,21151,1561,41332,2126,1014,1112
7080,43781,2418,21166,1561,41363,2127,1015,1112
7085,43812,2418,21183,1561,41394,2128,1016,1112
7090,43843,2418,21199,1561,41425,2129,1016,1113
7095,43874,2418,21211,1561,41456,2130,1016,1114
7100,43905,2418,21225,1561,41487,2131,1017,1114
7105,43936,2418,21234,1561,41518,2132,1017,1115
7110,43967,2418,21245,1561,41549,2133,1017,1116
7115,43998,2418,21262,1561,41580,2134,1017,1117
7120,44029,2418,21277,1561,41611,2135,1017,1118
7125,44060,2419,21290,1561,41641,2136,1017,1119
7130,44091,2423,21305,1563,41667,2137,1018,1119
7135,44122,2429,21322,1568,41693,2138,1019,1119
7140,44153,2436,21339,1572,41717,2139,1020,1119
7145,44184,2439,21358,1574,41745,2141,1021,1120
7150,44215,2441,21376,1575,41774,2142,1022,1120
7155,44246,2442,21386,1575,41804,2143,1022,1121
7160,44277,2443,21405,1575,41834,2144,1023,1121
7165,44308,2444,21419,1576,41864,2145,1024,1121
7170,44339,2445,21432,1577,41894,2146,1025,1121
7175,44370,2447,21450,1579,41923,2147,1026,1121
7180,44401,2449,21473,1581,41952,2148,1027,1121
7185,44432,2451,21487,1582,41981,2149,1028,1121
7190,44463,2452,21505,1583,42011,2150,1029,1121
7195,44494,2454,21519,1584,42040,2151,1029,1122
7200,44525,2455,21536,1585,42070,2152,1029,1123
7205,44556,2457,21550,1586,42099,2153,1030,1123
7210,44587,2458,21562,1586,42129,2154,1030,1124
7215,44618,2460,21577,1587,42158,2155,1031,1124
7220,44649,2461,21591,1587,42188,2156,1032,1124
7225,44680,2462,21604,1587,42218,2157,1032,1125
7230,44711,2463,21617,1587,42248,2158,1032,1126
7235,44742,2464,21629,1588,42278,2159,1032,1127
7240,44773,2464,21641,1588,42309,2160,1032,1128
7245,44804,2464,21651,1588,42340,2161,1032,1129
7250,44835,2466,21666,1590,42369,2162,1032,1130
7255,44866,2469,21675,1593,42397,2163,1033,1130
7260,44897,2473,21693,1596,42424,2164,1034,1130
7265,44928,2476,21707,1598,42452,2164,1034,1130
7270,44959,2478,21728,1600,42481,2164,1034,1130
7275,44990,2480,21745,1601,42510,2164,1034,1130
7280,45021,2481,21764,1602,42540,2164,1034,1130
7285,45052,2482,21775,1602,42570,2164,1034,1130
7290,45083,2483,21786,1602,42600,2164,1034,1130
7295,45114,2485,21800,1603,42629,2164,1034,1130
7300,45145,2487,21813,1605,42658,2164,1034,1130
7305,45176,2488,21828,1606,42688,2164,1034,1130
7310,45207,2490,21841,1608,42717,2164,1034,1130
7315,45238,2492,21860,1610,42746,2164,1034,1130
7320,45269,2493,21872,1610,42776,2164,1034,1130
7325,45300,2494,21886,1610,42806,2164,1034,1130
7330,45331,2495,21898,1610,42836,2164,1034,1130
7335,45362,2496,21920,1610,42866,2164,1034,1130
7340,45393,2497,21934,1611,42896,2164,1034,1130
7345,45424,2498,21951,1611,42926,2164,1034,1130
7350,45455,2499,21965,1612,42956,2164,1034,1130
7355,45486,2500,21976,1612,42986,2164,1034,1130
7360,45517,2501,21992,1612,43016,2164,1034,1130
7365,45548,2503,22008,1613,43045,2165,1035,1130
7370,45579,2504,22025,1613,43075,2167,1037,1130
7375,45610,2508,22044,1615,43101,2169,1039,1130
7380,45641,2513,22062,1619,43127,2171,1039,1132
7385,45672,2515,22074,1620,43157,2172,1039,1133
7390,45703,2516,22085,1620,43187,2173,1039,1134
7395,45734,2517,22100,1621,43217,2174,1040,1134
7400,45765,2518,22112,1621,43247,2175,1041,1134
7405,45796,2519,22132,1622,43277,2176,1042,1134
7410,45827,2520,22147,1622,43307,2177,1043,1134
7415,45858,2521,22164,1623,43337,2178,1044,1134
7420,45889,2522,22183,1623,43367,2179,1044,1135
7425,45920,2523,22201,1623,43397,2180,1045,1135
7430,45951,2524,22220,1624,43427,2181,1045,1136
7435,45982,2525,22234,1625,43457,2182,1045,1137
7440,46013,2526,22249,1625,43487,2183,1046,1137
7445,46044,2527,22263,1625,43517,2184,1047,1137
7450,46075,2528,22274,1626,43547,2185,1047,1138
7455,46106,2529,22288,1626,43577,2186,1048,1138
7460,46137,2530,22305,1627,43607,2187,1049,1138
7465,46168,2531,22320,1628,43637,2188,1049,1139
7470,46199,2532,22338,1629,43667,2189,1050,1139
7475,46230,2533,22353,1629,43697,2190,1051,1139
7480,46261,2535,22370,1630,43726,2191,1052,1139
7485,46292,2537,22388,1631,43754,2192,1053,1139
7490,46323,2541,22403,1635,43781,2194,1054,1140
7495,46354,2545,22421,1637,43808,2196,1055,1141
7500,46385,2549,22435,1641,43835,2198,1056,1142
7505,46416,2552,22448,1643,43864,2199,1057,1142
7510,46447,2555,22467,1646,43892,2200,1057,1143
7515,46478,2556,22479,1646,43922,2201,1057,1144
7520,46509,2556,22492,1646,43953,2202,1058,1144
7525,46540,2556,22507,1646,43984,2203,1058,1145
7530,46571,2556,22521,1646,44015,2204,1059,1145
7535,46602,2556,22539,1646,44046,2205,1060,1145
7540,46633,2556,22551,1646,44077,2206,1061,1145
7545,46664,2556,22566,1646,44108,2207,1061,1146
7550,46695,2556,22583,1646,44139,2208,1061,1147
7555,46726,2556,22599,1646,44170,2209,1061,1148
7560,46757,2556,22614,1646,44201,2210,1062,1148
7565,46788,2556,22632,1646,44232,2211,1062,1149
7570,46819,2556,22641,1646,44263,2212,1062,1150
7575,46850,2556,22655,1646,44294,2213,1062,1151
7580,46881,2556,22669,1646,44325,2214,1063,1151
7585,46912,2556,22686,1646,44356,2215,1064,1151
7590,46943,2556,22704,1646,44387,2216,1065,1151
7595,46974,2557,22722,1647,44417,2217,1066,1151
7600,47005,2558,22739,1648,44447,2218,1067,1151
7605,47036,2560,22749,1649,44476,2219,1067,1152
7610,47067,2563,22764,1652,44504,2221,1068,1153
7615,47098,2567,22779,1654,44531,2223,1069,1154
7620,47129,2570,22794,1656,44559,2225,1070,1155
7625,47160,2572,22805,1656,44588,2227,1070,1157
7630,47191,2575,22816,1657,44616,2228,1070,1158
7635,47222,2577,22835,1659,44645,2229,1070,1159
7640,47253,2579,22851,1660,44674,2230,1070,1160
7645,47284,2581,22862,1662,44703,2231,1070,1161
7650,47315,2583,22876,1664,44732,2232,1071,1161
7655,47346,2585,22890,1665,44761,2233,1072,1161
7660,47377,2588,22904,1667,44789,2234,1072,1162
7665,47408,2591,22917,1669,44817,2235,1072,1163
7670,47439,2593,22927,1670,44846,2236,1073,1163
7675,47470,2596,22940,1673,44874,2237,1073,1164
7680,47501,2599,22956,1676,44902,2238,1074,1164
7685,47532,2600,22965,1676,44932,2239,1074,1165
7690,47563,2601,22975,1676,44962,2240,1075,1165
7695,47594,2602,22990,1677,44992,2241,1075,1166
7700,47625,2603,23008,1677,45022,2242,1076,1166
7705,47656,2604,23023,1678,45052,2243,1077,1166
7710,47687,2605,23041,1678,45082,2244,1078,1166
7715,47718,2606,23059,1679,45112,2245,1078,1167
7720,47749,2607,23077,1680,45142,2246,1079,1167
7725,47780,2609,23093,1681,45171,2247,1080,1167
7730,47811,2612,23110,1683,45198,2249,1081,1168
7735,47842,2615,23127,1686,45227,2251,1082,1169
7740,47873,2617,23140,1688,45256,2253,1082,1171
7745,47904,2619,23149,1689,45285,2254,1082,1172
7750,47935,2621,23161,1689,45314,2255,1083,1172
7755,47966,2622,23178,1690,45344,2256,1083,1173
7760,47997,2623,23192,1690,45374,2257,1084,1173
7765,48028,2624,23206,1691,45404,2258,1085,1173
7770,48059,2625,23224,1691,45434,2259,1086,1173
7775,48090,2626,23236,1692,45464,2260,1086,1174
7780,48121,2627,23254,1693,45494,2261,1087,1174
7785,48152,2628,23273,1693,45524,2262,1088,1174
7790,48183,2629,23290,1693,45554,2263,1088,1175
7795,48214,2630,23300,1694,45584,2263,1088,1175
7800,48245,2631,23314,1694,45614,2263,1088,1175
7805,48276,2633,23331,1694,45643,2263,1088,1175
7810,48307,2635,23343,1694,45672,2263,1088,1175
7815,48338,2637,23359,1696,45701,2263,1088,1175
7820,48369,2640,23374,1698,45729,2263,1088,1175
7825,48400,2642,23385,1698,45758,2263,1088,1175
7830,48431,2644,23400,1699,45787,2263,1088,1175
7835,48462,2646,23417,1700,45816,2263,1088,1175
7840,48493,2649,23432,1701,45844,2263,1088,1175
7845,48524,2652,23448,1703,45872,2263,1088,1175
7850,48555,2656,23464,1706,45899,2264,1089,1175
7855,48586,2660,23475,1709,45925,2265,1090,1175
7860,48617,2664,23490,1712,45952,2266,1091,1175
7865,48648,2666,23505,1714,45982,2267,1092,1175
7870,48679,2667,23523,1714,46011,2268,1093,1175
7875,48710,2669,23538,1715,46041,2269,1093,1176
7880,48741,2670,23556,1716,46071,2270,1093,1177
7885,48772,2671,23571,1717,46101,2271,1093,1178
7890,48803,2672,23582,1717,46131,2272,1094,1178
7895,48834,2673,23599,1718,46161,2274,1094,1180
7900,48865,2674,23608,1718,46191,2276,1095,1181
7905,48896,2675,23620,1719,46221,2278,1095,1183
7910,48927,2676,23632,1720,46251,2280,1095,1185
7915,48958,2677,23649,1720,46281,2282,1097,1185
7920,48989,2678,23657,1721,46311,2284,1097,1187
7925,49020,2680,23679,1723,46340,2286,1098,1188
7930,49051,2683,23694,1725,46368,2288,1100,1188
7935,49082,2686,23710,1728,46396,2290,1101,1189
7940,49113,2690,23730,1731,46423,2292,1102,1190
7945,49144,2693,23743,1732,46451,2294,1102,1192
7950,49175,2694,23763,1733,46481,2296,1102,1194
7955,49206,2695,23775,1734,46511,2297,1103,1194
7960,49237,2696,23793,1734,46541,2298,1104,1194
7965,49268,2697,23807,1735,46571,2299,1104,1195
7970,49299,2701,23821,1738,46598,2300,1104,1196
7975,49330,2704,23833,1740,46626,2301,1105,1196
7980,49361,2707,23848,1743,46653,2302,1106,1196
7985,49392,2710,23865,1745,46681,2303,1107,1196
7990,49423,2713,23883,1748,46710,2304,1107,1197
7995,49454,2714,23895,1748,46740,2305,1108,1197
8000,49485,2715,23909,1748,46770,2306,1108,1198
8005,49516,2716,23924,1749,46800,2307,1108,1199
8010,49547,2717,23939,1749,46830,2308,1109,1199
8015,49578,2718,23951,1750,46860,2309,1110,1199
8020,49609,2720,23969,1751,46889,2310,1111,1199
8025,49640,2721,23982,1752,46919,2311,1112,1199
8030,49671,2721,24000,1752,46950,2312,1113,1199
8035,49702,2721,24017,1752,46981,2313,1113,1200
8040,49733,2721,24031,1752,47012,2314,1113,1201
8045,49764,2723,24044,1754,47041,2315,1113,1202
8050,49795,2726,24060,1754,47068,2316,1114,1202
8055,49826,2730,24074,1757,47096,2317,1115,1202
8060,49857,2733,24086,1758,47124,2318,1116,1202
8065,49888,2736,24097,1759,47152,2319,1117,1202
8070,49919,2739,24113,1760,47180,2320,1117,1203
8075,49950,2742,24129,1761,47208,2321,1118,1203
8080,49981,2746,24148,1763,47235,2322,1119,1203
8085,50012,2749,24159,1765,47263,2323,1120,1203
8090,50043,2751,24170,1766,47292,2325,1121,1204
8095,50074,2754,24184,1767,47320,2327,1122,1205
8100,50105,2756,24195,1767,47349,2329,1123,1206
8105,50136,2758,24208,1768,47378,2330,1123,1207
8110,50167,2760,24225,1770,47407,2331,1124,1207
8115,50198,2762,24236,1771,47436,2332,1125,1207
8120,50229,2763,24250,1772,47466,2333,1126,1207
8125,50260,2765,24270,1774,47495,2334,1127,1207
8130,50291,2766,24288,1775,47525,2335,1127,1208
8135,50322,2767,24303,1775,47555,2336,1127,1209
8140,50353,2769,24317,1776,47584,2337,1128,1209
8145,50384,2769,24333,1776,47615,2338,1129,1209
8150,50415,2769,24350,1776,47646,2339,1130,1209
8155,50446,2769,24364,1776,47677,2340,1131,1209
8160,50477,2769,24381,1776,47708,2341,1132,1209
8165,50508,2769,24396,1776,47739,2342,1133,1209
8170,50539,2769,24405,1776,47770,2343,1133,1210
8175,50570,2769,24418,1776,47801,2344,1133,1211
8180,50601,2769,24430,1776,47832,2345,1134,1211
8185,50632,2769,24448,1776,47863,2346,1135,1211
8190,50663,2769,24462,1776,47894,2347,1135,1212
8195,50694,2771,24478,1778,47922,2348,1135,1213
8200,50725,2773,24496,1779,47951,2349,1135,1214
8205,50756,2776,24512,1782,47980,2350,1135,1215
8210,50787,2779,24522,1783,48008,2352,1135,1217
8215,50818,2782,24543,1785,48035,2354,1137,1217
8220,50849,2786,24559,1789,48062,2356,1139,1217
8225,50880,2792,24576,1793,48088,2357,1139,1218
8230,50911,2796,24588,1795,48115,2358,1139,1219
8235,50942,2801,24600,1798,48141,2359,1139,1220
8240,50973,2805,24615,1801,48168,2360,1140,1220
8245,51004,2809,24631,1804,48195,2361,1141,1220
8250,51035,2812,24642,1806,48223,2362,1141,1221
8255,51066,2817,24661,1810,48249,2363,1142,1221
8260,51097,2820,24677,1811,48277,2363,1142,1221
8265,51128,2823,24689,1813,48305,2363,1142,1221
8270,51159,2826,24703,1814,48333,2363,1142,1221
8275,51190,2829,24722,1815,48361,2363,1142,1221
8280,51221,2831,24738,1816,48390,2363,1142,1221
8285,51252,2832,24749,1816,48420,2363,1142,1221
8290,51283,2834,24767,1818,48449,2363,1142,1221
8295,51314,2836,24782,1819,48478,2363,1142,1221
8300,51345,2838,24799,1820,48507,2363,1142,1221
8305,51376,2838,24811,1820,48538,2363,1142,1221
8310,51407,2838,24824,1820,48569,2363,1142,1221
8315,51438,2838,24843,1820,48600,2363,1142,1221
8320,51469,2838,24855,1820,48631,2363,1142,1221
8325,51500,2838,24870,1820,48662,2363,1142,1221
8330,51531,2838,24880,1820,48693,2363,1142,1221
8335,51562,2838,24894,1820,48724,2364,1143,1221
8340,51593,2838,24909,1820,48755,2365,1143,1222
8345,51624,2840,24922,1821,48784,2366,1144,1222
8350,51655,2842,24936,1822,48813,2367,1144,1223
8355,51686,2844,24951,1822,48842,2368,1144,1224
8360,51717,2847,24963,1824,48870,2370,1145,1225
8365,51748,2851,24979,1827,48897,2372,1146,1226
8370,51779,2854,24996,1829,48925,2374,1147,1227
8375,51810,2859,25011,1833,48951,2376,1147,1229
8380,51841,2864,25031,1836,48977,2378,1148,1230
8385,51872,2868,25046,1839,49004,2380,1148,1232
8390,51903,2871,25057,1840,49032,2382,1149,1233
8395,51934,2875,25072,1844,49059,2384,1150,1234
8400,51965,2876,25088,1845,49089,2386,1150,1236
8405,51996,2879,25103,1847,49117,2388,1150,1238
8410,52027,2881,25118,1848,49146,2390,1152,1238
8415,52058,2882,25134,1848,49176,2392,1154,1238
8420,52089,2884,25152,1850,49205,2394,1155,1239
8425,52120,2886,25160,1851,49234,2396,1156,1240
8430,52151,2888,25173,1853,49263,2398,1157,1241
8435,52182,2890,25188,1855,49292,2400,1158,1242
8440,52213,2891,25200,1855,49322,2402,1160,1242
8445,52244,2893,25220,1856,49351,2404,1162,1242
8450,52275,2895,25235,1857,49380,2405,1163,1242
8455,52306,2895,25258,1857,49411,2406,1163,1243
8460,52337,2895,25269,1857,49442,2407,1164,1243
8465,52368,2895,25283,1857,49473,2408,1164,1244
8470,52399,2895,25298,1857,49504,2409,1164,1245
8475,52430,2895,25311,1857,49535,2410,1164,1246
8480,52461,2895,25324,1857,49566,2411,1164,1247
8485,52492,2895,25340,1857,49597,2412,1164,1248
8490,52523,2895,25351,1857,49628,2413,1164,1249
8495,52554,2896,25362,1857,49658,2414,1164,1250
8500,52585,2897,25375,1858,49688,2415,1164,1251
8505,52616,2899,25392,1858,49717,2416,1165,1251
8510,52647,2902,25403,1860,49745,2417,1166,1251
8515,52678,2904,25418,1860,49774,2418,1166,1252
8520,52709,2906,25428,1860,49803,2419,1166,1253
8525,52740,2909,25439,1862,49830,2421,1166,1255
8530,52771,2914,25458,1865,49857,2423,1166,1257
8535,52802,2917,25473,1868,49885,2425,1168,1257
8540,52833,2920,25488,1870,49912,2427,1169,1258
8545,52864,2923,25504,1873,49941,2429,1170,1259
8550,52895,2926,25522,1875,49969,2431,1170,1261
8555,52926,2929,25536,1877,49997,2433,1172,1261
8560,52957,2932,25549,1877,50025,2435,1173,1262
8565,52988,2936,25562,1878,50051,2437,1174,1263
8570,53019,2941,25579,1882,50078,2439,1174,1265
8575,53050,2944,25599,1884,50106,2441,1175,1266
8580,53081,2945,25613,1885,50136,2442,1176,1266
8585,53112,2948,25629,1887,50164,2443,1176,1267
8590,53143,2951,25640,1889,50192,2444,1176,1268
8595,53174,2953,25654,1891,50221,2445,1176,1269
8600,53205,2955,25666,1892,50250,2446,1176,1270
8605,53236,2957,25687,1894,50279,2447,1177,1270
8610,53267,2958,25701,1894,50309,2448,1178,1270
8615,53298,2960,25715,1896,50338,2449,1179,1270
8620,53329,2962,25732,1897,50367,2450,1180,1270
8625,53360,2963,25749,1898,50397,2451,1181,1270
8630,53391,2963,25762,1898,50428,2452,1182,1270
8635,53422,2963,25773,1898,50459,2453,1183,1270
8640,53453,2963,25786,1898,50490,2454,1183,1271
8645,53484,2963,25802,1898,50521,2455,1183,1272
8650,53515,2963,25821,1898,50552,2456,1183,1273
8655,53546,2963,25835,1898,50583,2457,1183,1274
8660,53577,2963,25853,1898,50614,2458,1184,1274
8665,53608,2963,25864,1898,50645,2459,1184,1275
8670,53639,2963,25876,1898,50676,2460,1184,1276
8675,53670,2963,25895,1898,50707,2461,1185,1276
8680,53701,2963,25913,1898,50738,2462,1185,1277
8685,53732,2965,25931,1899,50767,2463,1186,1277
8690,53763,2967,25951,1900,50795,2464,1187,1277
8695,53794,2972,25966,1904,50821,2465,1188,1277
8700,53825,2976,25982,1907,50848,2466,1189,1277
8705,53856,2980,25994,1908,50876,2466,1189,1277
8710,53887,2985,26011,1911,50902,2466,1189,1277
8715,53918,2989,26021,1912,50929,2466,1189,1277
8720,53949,2991,26034,1913,50958,2466,1189,1277
8725,53980,2994,26045,1914,50986,2466,1189,1277
8730,54011,2996,26058,1915,51015,2466,1189,1277
8735,54042,2997,26072,1916,51045,2466,1189,1277
8740,54073,2998,26087,1916,51075,2466,1189,1277
8745,54104,2999,26105,1917,51105,2466,1189,1277
8750,54135,3000,26119,1917,51135,2466,1189,1277
8755,54166,3001,26135,1918,51165,2466,1189,1277
8760,54197,3002,26149,1919,51195,2466,1189,1277
8765,54228,3003,26165,1920,51225,2466,1189,1277
8770,54259,3004,26177,1920,51255,2466,1189,1277
8775,54290,3005,26191,1921,51285,2466,1189,1277
8780,54321,3006,26203,1921,51315,2466,1189,1277
8785,54352,3007,26220,1922,51345,2466,1189,1277
8790,54383,3008,26231,1922,51375,2466,1189,1277
8795,54414,3009,26243,1922,51405,2466,1189,1277
8800,54445,3010,26257,1923,51435,2466,1189,1277
8805,54476,3011,26273,1924,51465,2468,1189,1279
8810,54507,3013,26287,1926,51494,2470,1189,1281
8815,54538,3015,26303,1927,51523,2472,1191,1281
8820,54569,3018,26314,1930,51551,2474,1192,1282
8825,54600,3021,26328,1931,51579,2476,1192,1284
8830,54631,3023,26341,1932,51608,2478,1194,1284
8835,54662,3025,26355,1933,51637,2479,1195,1284
8840,54693,3028,26373,1935,51665,2480,1195,1285
8845,54724,3031,26385,1937,51693,2481,1195,1286
8850,54755,3033,26399,1939,51722,2482,1196,1286
8855,54786,3035,26412,1941,51751,2483,1197,1286
8860,54817,3036,26422,1941,51781,2484,1197,1287
8865,54848,3038,26438,1942,51810,2485,1197,1288
8870,54879,3040,26457,1943,51839,2486,1198,1288
8875,54910,3041,26474,1943,51869,2487,1199,1288
8880,54941,3042,26483,1944,51899,2488,1199,1289
8885,54972,3044,26506,1945,51928,2489,1200,1289
8890,55003,3045,26523,1946,51958,2490,1200,1290
8895,55034,3047,26539,1947,51987,2491,1201,1290
8900,55065,3049,26554,1949,52016,2492,1201,1291
8905,55096,3051,26571,1950,52045,2493,1201,1292
8910,55127,3052,26586,1951,52075,2494,1202,1292
8915,55158,3054,26601,1952,52104,2495,1202,1293
8920,55189,3055,26610,1953,52134,2496,1202,1294
8925,55220,3056,26626,1954,52164,2497,1203,1294
8930,55251,3057,26636,1955,52194,2498,1203,1295
8935,55282,3057,26651,1955,52225,2500,1204,1296
8940,55313,3058,26670,1956,52255,2502,1205,1297
8945,55344,3060,26684,1958,52284,2504,1206,1298
8950,55375,3064,26695,1960,52310,2506,1206,1300
8955,55406,3068,26709,1962,52338,2508,1207,1301
8960,55437,3071,26725,1964,52366,2510,1209,1301
8965,55468,3074,26742,1967,52394,2511,1210,1301
8970,55499,3077,26758,1967,52421,2512,1211,1301
8975,55530,3081,26771,1970,52449,2513,1211,1302
8980,55561,3084,26787,1970,52476,2514,1212,1302
8985,55592,3088,26798,1971,52503,2515,1212,1303
8990,55623,3092,26817,1974,52531,2516,1212,1304
8995,55654,3095,26829,1974,52559,2517,1213,1304
9000,55685,3098,26840,1975,52587,2518,1214,1304
9005,55716,3101,26851,1978,52615,2519,1215,1304
9010,55747,3103,26863,1979,52644,2520,1216,1304
9015,55778,3105,26881,1980,52673,2521,1217,1304
9020,55809,3107,26895,1980,52702,2522,1218,1304
9025,55840,3110,26911,1981,52730,2523,1218,1305
9030,55871,3112,26924,1981,52759,2524,1218,1306
9035,55902,3115,26943,1983,52787,2525,1219,1306
9040,55933,3118,26951,1985,52815,2526,1219,1307
9045,55964,3122,26967,1988,52842,2527,1219,1308
9050,55995,3126,26980,1992,52869,2528,1219,1309
9055,56026,3129,26992,1993,52897,2529,1220,1309
9060,56057,3131,27002,1994,52926,2530,1221,1309
9065,56088,3131,27015,1994,52957,2532,1222,1310
9070,56119,3131,27031,1994,52988,2534,1222,1312
9075,56150,3131,27040,1994,53019,2536,1222,1314
9080,56181,3131,27054,1994,53050,2537,1223,1314
9085,56212,3131,27074,1994,53081,2538,1224,1314
9090,56243,3131,27087,1994,53112,2539,1224,1315
9095,56274,3131,27106,1994,53143,2540,1225,1315
9100,56305,3131,27116,1994,53174,2541,1225,1316
9105,56336,3131,27131,1994,53205,2542,1226,1316
9110,56367,3132,27145,1995,53235,2543,1227,1316
9115,56398,3133,27162,1995,53265,2544,1228,1316
9120,56429,3134,27179,1996,53294,2545,1228,1317
9125,56460,3137,27198,1998,53323,2546,1229,1317
9130,56491,3139,27213,2000,53352,2547,1229,1318
9135,56522,3140,27230,2000,53382,2548,1230,1318
9140,56553,3140,27245,2000,53413,2549,1231,1318
9145,56584,3140,27260,2000,53444,2550,1231,1319
9150,56615,3140,27277,2000,53475,2551,1231,1320
9155,56646,3140,27293,2000,53506,2552,1231,1321
9160,56677,3140,27312,2000,53537,2553,1232,1321
9165,56708,3141,27328,2000,53567,2554,1232,1322
9170,56739,3142,27339,2001,53597,2555,1233,1322
9175,56770,3145,27356,2003,53625,2556,1233,1323
9180,56801,3147,27372,2004,53654,2558,1233,1325
9185,56832,3150,27385,2006,53682,2559,1233,1326
9190,56863,3154,27401,2009,53709,2560,1234,1326
9195,56894,3158,27414,2011,53736,2561,1234,1327
9200,56925,3162,27428,2014,53763,2562,1234,1328
9205,56956,3164,27439,2015,53792,2563,1234,1329
9210,56987,3166,27452,2016,53821,2564,1234,1330
9215,57018,3168,27463,2016,53850,2564,1234,1330
9220,57049,3170,27476,2016,53879,2564,1234,1330
9225,57080,3173,27490,2018,53907,2564,1234,1330
9230,57111,3176,27505,2020,53934,2564,1234,1330
9235,57142,3179,27520,2022,53963,2564,1234,1330
9240,57173,3182,27532,2023,53990,2564,1234,1330
9245,57204,3183,27542,2024,54021,2564,1234,1330
9250,57235,3183,27557,2024,54052,2564,1234,1330
9255,57266,3183,27574,2024,54083,2564,1234,1330
9260,57297,3183,27591,2024,54114,2564,1234,1330
9265,57328,3183,27604,2024,54145,2564,1234,1330
9270,57359,3183,27618,2024,54176,2564,1234,1330
9275,57390,3183,27635,2024,54207,2564,1234,1330
9280,57421,3183,27649,2024,54238,2564,1234,1330
9285,57452,3183,27661,2024,54269,2565,1235,1330
9290,57483,3183,27683,2024,54300,2566,1235,1331
9295,57514,3183,27694,2024,54331,2567,1235,1332
9300,57545,3183,27702,2024,54362,2568,1235,1333
9305,57576,3186,27718,2027,54390,2569,1236,1333
9310,57607,3188,27733,2029,54419,2570,1236,1334
9315,57638,3189,27743,2030,54449,2572,1236,1336
9320,57669,3190,27753,2030,54479,2574,1237,1337
9325,57700,3192,27772,2032,54508,2576,1238,1338
9330,57731,3195,27787,2035,54536,2578,1239,1339
9335,57762,3198,27801,2037,54564,2580,1240,1340
9340,57793,3199,27815,2037,54594,2582,1240,1342
9345,57824,3201,27831,2039,54623,2584,1241,1343
9350,57855,3204,27844,2041,54651,2586,1241,1345
9355,57886,3209,27861,2045,54677,2588,1241,1347
9360,57917,3211,27876,2047,54706,2590,1242,1348
9365,57948,3214,27889,2049,54734,2592,1242,1350
9370,57979,3217,27900,2050,54762,2594,1242,1352
9375,58010,3219,27918,2052,54791,2596,1243,1353
9380,58041,3222,27938,2054,54819,2598,1245,1353
9385,58072,3225,27956,2056,54847,2599,1246,1353
9390,58103,3228,27969,2058,54875,2600,1246,1354
9395,58134,3230,27982,2059,54904,2601,1247,1354
9400,58165,3233,27996,2060,54932,2602,1247,1355
9405,58196,3235,28011,2061,54961,2603,1247,1356
9410,58227,3237,28028,2063,54990,2604,1247,1357
9415,58258,3241,28045,2067,55017,2605,1247,1358
9420,58289,3244,28065,2070,55045,2606,1247,1359
9425,58320,3245,28080,2070,55074,2607,1248,1359
9430,58351,3248,28099,2072,55102,2608,1249,1359
9435,58382,3251,28116,2074,55131,2609,1250,1359
9440,58413,3253,28128,2075,55160,2610,1250,1360
9445,58444,3255,28146,2077,55189,2611,1250,1361
9450,58475,3256,28158,2077,55219,2612,1251,1361
9455,58506,3257,28178,2078,55249,2613,1252,1361
9460,58537,3258,28194,2078,55279,2614,1253,1361
9465,58568,3261,28211,2079,55307,2615,1254,1361
9470,58599,3263,28222,2079,55336,2616,1254,1362
9475,58630,3265,28235,2080,55365,2617,1254,1363
9480,58661,3267,28251,2082,55394,2618,1254,1364
9485,58692,3270,28261,2082,55422,2620,1254,1366
9490,58723,3273,28276,2085,55450,2622,1255,1367
9495,58754,3276,28290,2086,55478,2624,1256,1368
9500,58785,3279,28301,2088,55506,2626,1258,1368
9505,58816,3282,28317,2089,55534,2628,1259,1369
9510,58847,3284,28331,2090,55563,2630,1260,1370
9515,58878,3287,28347,2091,55591,2632,1261,1371
9520,58909,3290,28364,2093,55619,2634,1262,1372
9525,58940,3292,28379,2094,55648,2636,1262,1374
9530,58971,3295,28392,2096,55676,2638,1263,1375
9535,59002,3299,28409,2100,55703,2640,1265,1375
9540,59033,3301,28422,2100,55732,2642,1266,1376
9545,59064,3303,28434,2101,55761,2644,1267,1377
9550,59095,3307,28454,2104,55787,2646,1269,1377
9555,59126,3309,28466,2106,55817,2647,1269,1378
9560,59157,3310,28483,2107,55847,2648,1269,1379
9565,59188,3311,28494,2107,55877,2649,1269,1380
9570,59219,3312,28506,2107,55907,2650,1270,1380
9575,59250,3313,28519,2108,55937,2651,1271,1380
9580,59281,3314,28532,2109,55967,2652,1272,1380
9585,59312,3315,28549,2110,55997,2653,1273,1380
9590,59343,3316,28564,2110,56027,2654,1274,1380
9595,59374,3317,28577,2110,56057,2655,1275,1380
9600,59405,3318,28590,2111,56087,2656,1275,1381
9605,59436,3319,28604,2111,56117,2657,1275,1382
9610,59467,3320,28619,2112,56147,2658,1276,1382
9615,59498,3321,28635,2113,56177,2659,1277,1382
9620,59529,3322,28652,2113,56207,2660,1278,1382
9625,59560,3323,28669,2114,56237,2661,1278,1383
9630,59591,3324,28689,2115,56267,2662,1279,1383
9635,59622,3325,28707,2115,56297,2663,1280,1383
9640,59653,3326,28722,2116,56327,2664,1281,1383
9645,59684,3329,28740,2119,56355,2665,1282,1383
9650,59715,3331,28754,2119,56384,2666,1282,1384
9655,59746,3335,28771,2122,56411,2668,1283,1385
9660,59777,3340,28785,2125,56437,2670,1285,1385
9665,59808,3342,28802,2125,56466,2672,1286,1386
9670,59839,3345,28816,2127,56493,2674,1287,1387
9675,59870,3348,28830,2130,56521,2676,1287,1389
9680,59901,3350,28837,2131,56550,2678,1288,1390
9685,59932,3352,28854,2133,56579,2680,1289,1391
9690,59963,3354,28863,2134,56609,2682,1289,1393
9695,59994,3355,28879,2135,56639,2684,1289,1395
9700,60025,3356,28893,2136,56669,2686,1291,1395
9705,60056,3357,28913,2137,56698,2688,1293,1395
9710,60087,3360,28927,2139,56727,2690,1294,1396
9715,60118,3360,28944,2139,56758,2692,1295,1397
9720,60149,3360,28957,2139,56789,2693,1295,1398
9725,60180,3363,28971,2142,56817,2693,1295,1398
9730,60211,3364,28987,2142,56847,2693,1295,1398
9735,60242,3364,29003,2142,56878,2693,1295,1398
9740,60273,3364,29014,2142,56909,2693,1295,1398
9745,60304,3364,29031,2142,56940,2693,1295,1398
9750,60335,3364,29047,2142,56971,2693,1295,1398
9755,60366,3364,29064,2142,57002,2693,1295,1398
9760,60397,3364,29078,2142,57033,2693,1295,1398
9765,60428,3364,29095,2142,57064,2693,1295,1398
9770,60459,3365,29112,2143,57094,2693,1295,1398
9775,60490,3366,29124,2144,57124,2693,1295,1398
9780,60521,3367,29142,2144,57154,2693,1295,1398
9785,60552,3372,29159,2149,57179,2693,1295,1398
9790,60583,3377,29172,2152,57206,2693,1295,1398
9795,60614,3382,29184,2154,57232,2693,1295,1398
9800,60645,3387,29199,2157,57257,2693,1295,1398
9805,60676,3391,29218,2160,57284,2693,1295,1398
9810,60707,3395,29234,2163,57311,2693,1295,1398
9815,60738,3397,29253,2164,57341,2693,1295,1398
9820,60769,3399,29270,2165,57370,2693,1295,1398
9825,60800,3400,29286,2165,57400,2694,1296,1398
9830,60831,3401,29305,2166,57430,2696,1297,1399
9835,60862,3403,29319,2168,57459,2698,1298,1400
9840,60893,3404,29331,2168,57489,2700,1300,1400
9845,60924,3404,29346,2168,57520,2701,1300,1401
9850,60955,3404,29357,2168,57551,2702,1300,1402
9855,60986,3404,29372,2168,57582,2703,1301,1402
9860,61017,3404,29387,2168,57613,2704,1302,1402
9865,61048,3404,29401,2168,57644,2705,1302,1403
9870,61079,3404,29412,2168,57675,2706,1302,1404
9875,61110,3404,29427,2168,57706,2707,1303,1404
9880,61141,3404,29437,2168,57737,2708,1304,1404
9885,61172,3404,29452,2168,57768,2709,1305,1404
9890,61203,3404,29466,2168,57799,2710,1306,1404
9895,61234,3404,29480,2168,57830,2711,1306,1405
9900,61265,3404,29494,2168,57861,2712,1307,1405
9905,61296,3405,29509,2168,57891,2713,1307,1406
9910,61327,3406,29527,2169,57921,2714,1307,1407
9915,61358,3407,29544,2170,57951,2715,1308,1407
9920,61389,3409,29555,2172,57980,2716,1309,1407
9925,61420,3412,29573,2175,58007,2717,1310,1407
9930,61451,3415,29586,2178,58035,2718,1310,1408
9935,61482,3419,29602,2181,58062,2719,1310,1409
9940,61513,3422,29618,2182,58091,2720,1311,1409
9945,61544,3426,29632,2184,58118,2721,1312,1409
9950,61575,3430,29651,2186,58144,2722,1312,1410
9955,61606,3435,29667,2188,58170,2724,1313,1411
9960,61637,3439,29681,2191,58197,2726,1314,1412
9965,61668,3442,29694,2192,58226,2727,1314,1413
9970,61699,3444,29709,2194,58255,2728,1314,1414
9975,61730,3446,29724,2196,58284,2729,1314,1415
9980,61761,3447,29737,2197,58314,2730,1315,1415
9985,61792,3449,29754,2199,58343,2731,1315,1416
9990,61823,3450,29769,2200,58373,2732,1316,1416
9995,61854,3451,29780,2201,58403,2733,1316,1417
10000,61885,3452,29792,2202,58433,2734,1316,1418
10005,61916,3453,29806,2202,58463,2735,1316,1419
10010,61947,3454,29821,2203,58493,2736,1316,1420
10015,61978,3454,29842,2203,58524,2737,1316,1421
10020,62009,3454,29854,2203,58555,2738,1316,1422
10025,62040,3454,29867,2203,58586,2739,1316,1423
10030,62071,3454,29887,2203,58617,2740,1316,1424
10035,62102,3454,29903,2203,58648,2741,1317,1424
10040,62133,3454,29920,2203,58679,2742,1317,1425
10045,62164,3454,29935,2203,58710,2743,1317,1426
10050,62195,3454,29948,2203,58741,2744,1317,1427
10055,62226,3454,29964,2203,58772,2745,1318,1427
10060,62257,3454,29974,2203,58803,2746,1318,1428
10065,62288,3454,29988,2203,58834,2748,1318,1430
10070,62319,3456,30003,2204,58863,2750,1318,1432
10075,62350,3458,30014,2205,58892,2752,1318,1434
10080,62381,3460,30029,2205,58921,2754,1319,1435
10085,62412,3462,30044,2206,58949,2756,1319,1437
10090,62443,3465,30057,2207,58978,2758,1320,1438
10095,62474,3467,30069,2207,59007,2760,1320,1440
10100,62505,3469,30087,2208,59035,2762,1320,1442
10105,62536,3472,30102,2209,59063,2763,1321,1442
10110,62567,3476,30121,2213,59091,2764,1321,1443
10115,62598,3478,30134,2213,59119,2765,1321,1444
10120,62629,3482,30144,2216,59147,2766,1321,1445
10125,62660,3485,30160,2219,59174,2767,1322,1445
10130,62691,3487,30172,2221,59204,2768,1322,1446
10135,62722,3488,30191,2221,59234,2769,1323,1446
10140,62753,3490,30208,2222,59263,2770,1323,1447
10145,62784,3490,30219,2222,59294,2770,1323,1447
10150,62815,3490,30232,2222,59325,2770,1323,1447
10155,62846,3490,30246,2222,59356,2770,1323,1447
10160,62877,3490,30261,2222,59387,2770,1323,1447
10165,62908,3490,30271,2222,59418,2770,1323,1447
10170,62939,3490,30284,2222,59449,2770,1323,1447
10175,62970,3490,30296,2222,59480,2770,1323,1447
10180,63001,3490,30315,2222,59511,2770,1323,1447
10185,63032,3490,30326,2222,59542,2770,1323,1447
10190,63063,3491,30342,2223,59572,2770,1323,1447
10195,63094,3492,30357,2224,59602,2770,1323,1447
10200,63125,3494,30374,2226,59631,2770,1323,1447
10205,63156,3497,30391,2227,59659,2772,1325,1447
10210,63187,3501,30409,2231,59686,2774,1326,1448
10215,63218,3505,30420,2233,59713,2776,1326,1450
10220,63249,3508,30432,2234,59741,2778,1327,1451
10225,63280,3511,30446,2237,59769,2780,1329,1451
10230,63311,3514,30458,2238,59797,2782,1330,1452
10235,63342,3517,30473,2241,59825,2784,1332,1452
10240,63373,3519,30485,2242,59854,2786,1333,1453
10245,63404,3522,30503,2245,59882,2788,1334,1454
10250,63435,3524,30518,2246,59911,2790,1336,1454
10255,63466,3527,30535,2248,59939,2792,1338,1454
10260,63497,3529,30550,2249,59967,2794,1339,1455
10265,63528,3533,30566,2251,59995,2795,1339,1456
10270,63559,3536,30580,2252,60022,2796,1340,1456
10275,63590,3539,30594,2254,60051,2797,1340,1457
10280,63621,3541,30610,2255,60080,2798,1340,1458
10285,63652,3543,30622,2256,60109,2799,1341,1458
10290,63683,3545,30636,2257,60137,2800,1341,1459
10295,63714,3548,30648,2259,60166,2801,1341,1460
10300,63745,3550,30665,2259,60194,2802,1342,1460
10305,63776,3554,30683,2263,60222,2803,1343,1460
10310,63807,3554,30696,2263,60253,2804,1344,1460
10315,63838,3554,30714,2263,60284,2805,1345,1460
10320,63869,3554,30727,2263,60315,2806,1346,1460
10325,63900,3554,30743,2263,60346,2807,1347,1460
10330,63931,3554,30758,2263,60377,2808,1347,1461
10335,63962,3554,30775,2263,60408,2809,1347,1462
10340,63993,3555,30790,2264,60438,2810,1347,1463
10345,64024,3557,30807,2266,60467,2811,1348,1463
10350,64055,3558,30822,2266,60497,2812,1348,1464
10355,64086,3559,30840,2266,60527,2813,1348,1465
10360,64117,3561,30854,2267,60556,2814,1349,1465
10365,64148,3562,30874,2268,60586,2815,1350,1465
10370,64179,3563,30889,2268,60616,2816,1350,1466
10375,64210,3567,30905,2272,60643,2817,1351,1466
10380,64241,3571,30919,2276,60670,2818,1351,1467
10385,64272,3572,30930,2277,60700,2819,1351,1468
10390,64303,3573,30948,2277,60730,2820,1351,1469
10395,64334,3575,30961,2278,60759,2821,1352,1469
10400,64365,3577,30977,2279,60788,2822,1353,1469
10405,64396,3579,30991,2280,60817,2823,1354,1469
10410,64427,3581,31009,2282,60846,2824,1354,1470
10415,64458,3582,31027,2283,60876,2825,1354,1471
10420,64489,3583,31042,2284,60906,2826,1355,1471
10425,64520,3585,31056,2285,60935,2827,1356,1471
10430,64551,3588,31075,2286,60963,2828,1357,1471
10435,64582,3591,31093,2289,60991,2829,1358,1471
10440,64613,3593,31105,2289,61020,2830,1359,1471
10445,64644,3594,31117,2290,61050,2831,1359,1472
10450,64675,3597,31135,2292,61078,2832,1360,1472
10455,64706,3598,31153,2292,61108,2833,1360,1473
10460,64737,3601,31174,2294,61136,2834,1360,1474
10465,64768,3603,31189,2295,61165,2835,1361,1474
10470,64799,3604,31201,2295,61195,2836,1361,1475
10475,64830,3606,31221,2296,61224,2837,1362,1475
10480,64861,3606,31236,2296,61255,2838,1363,1475
10485,64892,3606,31249,2296,61286,2839,1364,1475
10490,64923,3607,31270,2296,61316,2840,1365,1475
10495,64954,3609,31283,2297,61345,2841,1365,1476
10500,64985,3610,31298,2297,61375,2842,1365,1477
10505,65016,3614,31313,2301,61402,2843,1366,1477
10510,65047,3618,31326,2304,61429,2844,1366,1478
10515,65078,3622,31338,2307,61456,2845,1366,1479
10520,65109,3625,31350,2308,61484,2846,1366,1480
10525,65140,3628,31364,2309,61512,2847,1366,1481
10530,65171,3632,31379,2311,61539,2848,1367,1481
10535,65202,3634,31393,2312,61568,2849,1367,1482
10540,65233,3637,31410,2313,61596,2849,1367,1482
10545,65264,3641,31423,2315,61623,2849,1367,1482
10550,65295,3643,31442,2317,61652,2849,1367,1482
10555,65326,3643,31460,2317,61683,2849,1367,1482
10560,65357,3643,31469,2317,61714,2849,1367,1482
10565,65388,3645,31486,2318,61742,2849,1367,1482
10570,65419,3647,31504,2320,61772,2849,1367,1482
10575,65450,3649,31523,2321,61801,2849,1367,1482
10580,65481,3651,31537,2323,61830,2849,1367,1482
10585,65512,3653,31548,2325,61859,2849,1367,1482
10590,65543,3655,31563,2326,61888,2849,1367,1482
10595,65574,3658,31581,2329,61916,2849,1367,1482
10600,65605,3661,31597,2332,61944,2849,1367,1482
10605,65636,3661,31614,2332,61975,2849,1367,1482
10610,65667,3661,31629,2332,62006,2849,1367,1482
10615,65698,3661,31648,2332,62037,2850,1368,1482
10620,65729,3661,31662,2332,62068,2851,1368,1483
10625,65760,3661,31674,2332,62099,2852,1368,1484
10630,65791,3661,31688,2332,62130,2853,1369,1484
10635,65822,3661,31706,2332,62161,2854,1370,1484
10640,65853,3661,31718,2332,62192,2855,1371,1484
10645,65884,3661,31740,2332,62223,2857,1373,1484
10650,65915,3661,31753,2332,62254,2859,1374,1485
10655,65946,3662,31761,2332,62284,2861,1374,1487
10660,65977,3665,31781,2335,62312,2863,1376,1487
10665,66008,3669,31795,2337,62339,2865,1377,1488
10670,66039,3672,31811,2340,62367,2867,1378,1489
10675,66070,3675,31825,2341,62395,2869,1379,1490
10680,66101,3678,31840,2344,62423,2871,1380,1491
10685,66132,3681,31855,2346,62450,2873,1382,1491
10690,66163,3684,31870,2347,62479,2875,1384,1491
10695,66194,3686,31879,2348,62508,2877,1385,1492
10700,66225,3688,31892,2349,62536,2878,1385,1493
10705,66256,3691,31908,2351,62564,2879,1386,1493
10710,66287,3694,31926,2354,62593,2880,1386,1494
10715,66318,3697,31942,2357,62620,2881,1387,1494
10720,66349,3699,31955,2359,62649,2882,1387,1495
10725,66380,3701,31967,2361,62679,2883,1387,1496
10730,66411,3702,31980,2361,62708,2884,1387,1497
10735,66442,3704,31995,2362,62738,2885,1387,1498
10740,66473,3706,32010,2363,62767,2886,1388,1498
10745,66504,3708,32025,2364,62796,2887,1389,1498
10750,66535,3708,32040,2364,62827,2888,1390,1498
10755,66566,3708,32050,2364,62858,2889,1390,1499
10760,66597,3708,32066,2364,62889,2890,1391,1499
10765,66628,3708,32081,2364,62920,2891,1391,1500
10770,66659,3708,32098,2364,62951,2892,1392,1500
10775,66690,3708,32114,2364,62982,2893,1392,1501
10780,66721,3708,32131,2364,63013,2894,1392,1502
10785,66752,3708,32146,2364,63044,2895,1392,1503
10790,66783,3710,32158,2365,63073,2896,1392,1504
10795,66814,3713,32173,2367,63101,2897,1392,1505
10800,66845,3714,32191,2368,63131,2899,1393,1506
10805,66876,3717,32207,2371,63159,2901,1393,1508
10810,66907,3718,32221,2371,63189,2903,1395,1508
10815,66938,3719,32236,2371,63218,2905,1397,1508
10820,66969,3722,32248,2373,63246,2907,1397,1510
10825,67000,3724,32267,2375,63275,2909,1398,1511
10830,67031,3727,32283,2378,63303,2910,1398,1512
10835,67062,3730,32302,2380,63332,2911,1399,1512
10840,67093,3732,32318,2382,63361,2912,1399,1513
10845,67124,3732,32330,2382,63392,2913,1400,1513
10850,67155,3732,32347,2382,63423,2914,1400,1514
10855,67186,3732,32367,2382,63454,2915,1400,1515
10860,67217,3732,32379,2382,63485,2916,1401,1515
10865,67248,3732,32394,2382,63516,2917,1401,1516
10870,67279,3732,32407,2382,63547,2918,1402,1516
10875,67310,3732,32424,2382,63578,2919,1403,1516
10880,67341,3732,32440,2382,63609,2920,1403,1517
10885,67372,3732,32454,2382,63640,2921,1404,1517
10890,67403,3732,32467,2382,63671,2922,1404,1518
10895,67434,3732,32482,2382,63702,2923,1404,1519
10900,67465,3732,32495,2382,63733,2924,1405,1519
10905,67496,3733,32512,2383,63763,2925,1406,1519
10910,67527,3735,32525,2383,63792,2926,1406,1520
10915,67558,3738,32539,2386,63820,2927,1406,1521
10920,67589,3740,32559,2387,63849,2928,1406,1522
10925,67620,3742,32579,2388,63878,2929,1406,1523
10930,67651,3744,32593,2389,63907,2930,1407,1523
10935,67682,3747,32608,2391,63935,2931,1408,1523
10940,67713,3751,32617,2394,63962,2932,1409,1523
10945,67744,3754,32634,2396,63990,2933,1410,1523
10950,67775,3759,32646,2399,64016,2934,1411,1523
10955,67806,3762,32661,2399,64044,2935,1411,1524
10960,67837,3766,32672,2400,64071,2936,1412,1524
10965,67868,3772,32686,2405,64096,2937,1413,1524
10970,67899,3777,32702,2408,64121,2938,1414,1524
10975,67930,3781,32720,2412,64149,2940,1414,1526
10980,67961,3784,32731,2415,64176,2942,1416,1526
10985,67992,3786,32747,2416,64205,2943,1416,1527
10990,68023,3788,32766,2417,64234,2943,1416,1527
10995,68054,3790,32778,2418,64264,2943,1416,1527
11000,68085,3790,32793,2418,64295,2943,1416,1527
11005,68116,3790,32805,2418,64326,2943,1416,1527
11010,68147,3790,32818,2418,64357,2943,1416,1527
11015,68178,3790,32836,2418,64388,2943,1416,1527
11020,68209,3790,32846,2418,64419,2943,1416,1527
11025,68240,3790,32862,2418,64450,2943,1416,1527
11030,68271,3790,32879,2418,64481,2943,1416,1527
11035,68302,3790,32889,2418,64512,2943,1416,1527
11040,68333,3790,32905,2418,64543,2943,1416,1527
11045,68364,3790,32917,2418,64574,2944,1416,1528
11050,68395,3790,32930,2418,64605,2945,1416,1529
11055,68426,3790,32942,2418,64636,2946,1416,1530
11060,68457,3790,32963,2418,64667,2947,1416,1531
11065,68488,3790,32981,2418,64698,2948,1416,1532
11070,68519,3790,32995,2418,64729,2949,1417,1532
11075,68550,3790,33007,2418,64760,2950,1417,1533
11080,68581,3791,33021,2418,64790,2951,1417,1534
11085,68612,3793,33032,2419,64819,2952,1418,1534
11090,68643,3795,33048,2419,64848,2954,1420,1534
11095,68674,3798,33064,2421,64876,2956,1422,1534
11100,68705,3802,33079,2422,64903,2958,1423,1535
11105,68736,3804,33099,2424,64932,2959,1424,1535
11110,68767,3806,33113,2425,64961,2960,1424,1536
11115,68798,3808,33124,2426,64990,2961,1425,1536
11120,68829,3810,33140,2427,65019,2962,1426,1536
11125,68860,3812,33155,2427,65047,2963,1427,1536
11130,68891,3815,33167,2429,65075,2964,1427,1537
11135,68922,3818,33182,2431,65104,2965,1427,1538
11140,68953,3820,33195,2432,65132,2966,1428,1538
11145,68984,3822,33204,2433,65161,2967,1428,1539
11150,69015,3825,33219,2435,65190,2968,1428,1540
11155,69046,3826,33229,2436,65219,2969,1428,1541
11160,69077,3828,33242,2437,65249,2970,1429,1541
11165,69108,3828,33253,2437,65280,2971,1430,1541
11170,69139,3828,33267,2437,65311,2972,1431,1541
11175,69170,3828,33287,2437,65342,2973,1431,1542
11180,69201,3828,33299,2437,65373,2974,1431,1543
11185,69232,3828,33317,2437,65404,2975,1431,1544
11190,69263,3828,33330,2437,65435,2976,1432,1544
11195,69294,3828,33342,2437,65466,2977,1432,1545
11200,69325,3828,33355,2437,65497,2978,1432,1546
11205,69356,3828,33373,2437,65528,2979,1432,1547
11210,69387,3829,33385,2437,65558,2981,1433,1548
11215,69418,3831,33401,2439,65587,2983,1435,1548
11220,69449,3833,33414,2440,65616,2985,1436,1549
11225,69480,3836,33424,2440,65644,2987,1437,1550
11230,69511,3841,33443,2444,65670,2989,1437,1552
11235,69542,3846,33456,2447,65696,2991,1438,1553
11240,69573,3849,33471,2449,65724,2993,1439,1554
11245,69604,3851,33483,2451,65753,2995,1440,1555
11250,69635,3855,33494,2453,65780,2997,1441,1556
11255,69666,3859,33509,2456,65807,2999,1442,1557
11260,69697,3861,33525,2457,65836,3001,1443,1558
11265,69728,3863,33541,2458,65865,3002,1443,1559
11270,69759,3864,33556,2458,65895,3003,1444,1559
11275,69790,3865,33571,2458,65925,3004,1444,1560
11280,69821,3867,33585,2459,65954,3005,1444,1561
11285,69852,3867,33599,2459,65985,3006,1444,1562
11290,69883,3867,33613,2459,66016,3007,1444,1563
11295,69914,3867,33632,2459,66047,3008,1445,1563
11300,69945,3867,33646,2459,66078,3009,1445,1564
11305,69976,3867,33664,2459,66109,3010,1445,1565
11310,70007,3867,33683,2459,66140,3011,1446,1565
11315,70038,3867,33694,2459,66171,3012,1446,1566
11320,70069,3867,33713,2459,66202,3013,1447,1566
11325,70100,3867,33728,2459,66233,3014,1447,1567
11330,70131,3867,33742,2459,66264,3015,1448,1567
11335,70162,3867,33757,2459,66295,3016,1448,1568
11340,70193,3867,33773,2459,66326,3017,1448,1569
11345,70224,3869,33785,2460,66355,3017,1448,1569
11350,70255,3870,33802,2461,66385,3017,1448,1569
11355,70286,3872,33811,2463,66414,3017,1448,1569
11360,70317,3874,33823,2463,66442,3017,1448,1569
11365,70348,3877,33836,2465,66470,3018,1448,1570
11370,70379,3880,33853,2468,66499,3019,1449,1570
11375,70410,3882,33866,2469,66528,3020,1450,1570
11380,70441,3884,33881,2470,66556,3021,1451,1570
11385,70472,3887,33894,2472,66585,3022,1451,1571
11390,70503,3891,33910,2475,66611,3023,1451,1572
11395,70534,3896,33922,2478,66638,3024,1451,1573
11400,70565,3900,33942,2482,66665,3025,1452,1573
11405,70596,3902,33957,2482,66694,3027,1452,1575
11410,70627,3904,33973,2483,66723,3029,1453,1576
11415,70658,3906,33983,2484,66752,3031,1453,1578
11420,70689,3908,33996,2484,66781,3032,1453,1579
11425,70720,3911,34008,2485,66809,3033,1453,1580
11430,70751,3913,34021,2487,66838,3034,1454,1580
11435,70782,3915,34036,2488,66867,3035,1455,1580
11440,70813,3918,34051,2490,66895,3036,1456,1580
11445,70844,3920,34068,2491,66924,3037,1456,1581
11450,70875,3923,34087,2492,66952,3038,1457,1581
11455,70906,3926,34104,2494,66980,3039,1458,1581
11460,70937,3928,34117,2495,67009,3040,1458,1582
11465,70968,3928,34133,2495,67040,3041,1458,1583
11470,70999,3928,34149,2495,67071,3042,1458,1584
11475,71030,3928,34162,2495,67102,3043,1458,1585
11480,71061,3928,34178,2495,67133,3044,1459,1585
11485,71092,3928,34190,2495,67164,3045,1460,1585
11490,71123,3928,34204,2495,67195,3046,1461,1585
11495,71154,3928,34224,2495,67226,3047,1462,1585
11500,71185,3928,34239,2495,67257,3048,1463,1585
11505,71216,3928,34258,2495,67288,3049,1464,1585
11510,71247,3928,34267,2495,67319,3050,1465,1585
11515,71278,3928,34288,2495,67350,3051,1466,1585
11520,71309,3928,34304,2495,67381,3053,1467,1586
11525,71340,3928,34319,2495,67412,3055,1468,1587
11530,71371,3928,34335,2495,67443,3057,1469,1588
11535,71402,3928,34349,2495,67474,3059,1470,1589
11540,71433,3928,34358,2495,67505,3061,1470,1591
11545,71464,3928,34374,2495,67536,3063,1471,1592
11550,71495,3928,34387,2495,67567,3065,1472,1593
11555,71526,3928,34404,2495,67598,3067,1473,1594
11560,71557,3928,34418,2495,67629,3069,1474,1595
11565,71588,3928,34433,2495,67660,3071,1474,1597
11570,71619,3932,34452,2497,67687,3073,1476,1597
11575,71650,3936,34463,2499,67714,3075,1477,1598
11580,71681,3941,34479,2502,67739,3077,1479,1598
11585,71712,3943,34491,2503,67769,3077,1479,1598
11590,71743,3945,34504,2505,67798,3077,1479,1598
11595,71774,3946,34516,2506,67828,3077,1479,1598
11600,71805,3946,34530,2506,67859,3077,1479,1598
11605,71836,3946,34542,2506,67890,3077,1479,1598
11610,71867,3946,34559,2506,67921,3077,1479,1598
11615,71898,3946,34575,2506,67952,3077,1479,1598
11620,71929,3946,34591,2506,67983,3077,1479,1598
11625,71960,3946,34604,2506,68014,3077,1479,1598
11630,71991,3946,34621,2506,68045,3077,1479,1598
11635,72022,3946,34632,2506,68076,3077,1479,1598
11640,72053,3946,34644,2506,68107,3077,1479,1598
11645,72084,3946,34659,2506,68138,3077,1479,1598
11650,72115,3946,34672,2506,68169,3077,1479,1598
11655,72146,3946,34687,2506,68200,3077,1479,1598
11660,72177,3946,34702,2506,68231,3077,1479,1598
11665,72208,3946,34720,2506,68262,3077,1479,1598
11670,72239,3946,34733,2506,68293,3077,1479,1598
11675,72270,3946,34749,2506,68324,3077,1479,1598
11680,72301,3946,34766,2506,68355,3077,1479,1598
11685,72332,3947,34785,2506,68385,3078,1479,1599
11690,72363,3949,34796,2507,68413,3079,1479,1600
11695,72394,3953,34815,2511,68441,3081,1481,1600
11700,72425,3959,34832,2516,68465,3083,1483,1600
11705,72456,3962,34843,2518,68494,3085,1484,1601
11710,72487,3964,34865,2520,68523,3087,1486,1601
11715,72518,3967,34880,2522,68551,3089,1487,1602
11720,72549,3969,34898,2524,68580,3091,1488,1603
11725,72580,3971,34911,2525,68609,3092,1489,1603
11730,72611,3973,34926,2525,68638,3093,1490,1603
11735,72642,3975,34939,2526,68667,3094,1490,1604
11740,72673,3977,34955,2528,68696,3095,1490,1605
11745,72704,3979,34971,2529,68725,3096,1490,1606
11750,72735,3981,34992,2531,68754,3097,1490,1607
11755,72766,3983,35008,2532,68783,3098,1491,1607
11760,72797,3985,35029,2533,68812,3099,1492,1607
11765,72828,3987,35044,2535,68841,3100,1492,1608
11770,72859,3989,35061,2536,68870,3101,1492,1609
11775,72890,3991,35073,2537,68899,3102,1492,1610
11780,72921,3993,35092,2538,68928,3103,1492,1611
11785,72952,3995,35103,2539,68957,3104,1493,1611
11790,72983,3997,35118,2540,68986,3105,1494,1611
11795,73014,3999,35130,2540,69015,3106,1494,1612
11800,73045,4001,35146,2541,69044,3107,1494,1613
11805,73076,4004,35164,2543,69072,3108,1495,1613
11810,73107,4007,35176,2544,69099,3109,1495,1614
11815,73138,4012,35191,2548,69125,3110,1496,1614
11820,73169,4018,35207,2552,69151,3111,1497,1614
11825,73200,4019,35221,2552,69181,3113,1499,1614
11830,73231,4021,35235,2554,69210,3115,1499,1616
11835,73262,4023,35249,2555,69239,3117,1499,1618
11840,73293,4023,35265,2555,69270,3119,1500,1619
11845,73324,4023,35280,2555,69301,3121,1502,1619
11850,73355,4023,35296,2555,69332,3123,1503,1620
11855,73386,4023,35312,2555,69363,3125,1503,1622
11860,73417,4023,35324,2555,69394,3126,1503,1623
11865,73448,4023,35340,2555,69425,3127,1504,1623
11870,73479,4023,35354,2555,69456,3128,1505,1623
11875,73510,4023,35373,2555,69487,3129,1506,1623
11880,73541,4023,35390,2555,69518,3130,1507,1623
11885,73572,4023,35407,2555,69549,3131,1508,1623
11890,73603,4023,35425,2555,69580,3132,1508,1624
11895,73634,4023,35441,2555,69611,3133,1509,1624
11900,73665,4023,35460,2555,69642,3134,1509,1625
11905,73696,4023,35473,2555,69673,3135,1510,1625
11910,73727,4023,35484,2555,69704,3136,1510,1626
11915,73758,4023,35499,2555,69735,3137,1511,1626
11920,73789,4023,35511,2555,69766,3138,1512,1626
11925,73820,4025,35528,2555,69794,3139,1513,1626
11930,73851,4028,35543,2557,69823,3140,1514,1626
11935,73882,4030,35557,2558,69851,3141,1514,1627
11940,73913,4036,35571,2564,69877,3142,1514,1628
11945,73944,4038,35586,2565,69906,3142,1514,1628
11950,73975,4040,35598,2566,69935,3142,1514,1628
11955,74006,4043,35615,2567,69963,3142,1514,1628
11960,74037,4046,35632,2569,69991,3143,1515,1628
11965,74068,4048,35647,2570,70020,3144,1515,1629
11970,74099,4049,35664,2570,70050,3145,1515,1630
11975,74130,4050,35675,2570,70080,3146,1515,1631
11980,74161,4051,35687,2570,70110,3147,1516,1631
11985,74192,4052,35705,2571,70140,3148,1516,1632
11990,74223,4053,35716,2572,70170,3149,1516,1633
11995,74254,4054,35729,2572,70200,3150,1516,1634
12000,74285,4055,35742,2572,70230,3151,1517,1634
12005,74316,4056,35753,2573,70260,3153,1517,1636
12010,74347,4057,35767,2573,70290,3155,1518,1637
12015,74378,4058,35786,2574,70320,3157,1520,1637
12020,74409,4059,35803,2575,70350,3159,1521,1638
12025,74440,4060,35818,2575,70380,3161,1522,1639
12030,74471,4061,35836,2575,70410,3163,1523,1640
12035,74502,4062,35854,2576,70440,3165,1524,1641
12040,74533,4063,35870,2576,70470,3167,1525,1642
12045,74564,4064,35885,2577,70500,3169,1526,1643
12050,74595,4066,35896,2579,70529,3171,1527,1644
12055,74626,4069,35911,2581,70557,3173,1527,1646
12060,74657,4071,35924,2582,70586,3174,1528,1646
12065,74688,4073,35941,2584,70615,3175,1529,1646
12070,74719,4075,35960,2585,70644,3176,1530,1646
12075,74750,4076,35975,2586,70673,3177,1531,1646
12080,74781,4078,35991,2587,70702,3178,1531,1647
12085,74812,4081,36005,2589,70731,3179,1532,1647
12090,74843,4082,36020,2589,70761,3180,1533,1647
12095,74874,4084,36034,2590,70790,3181,1533,1648
12100,74905,4086,36043,2591,70819,3182,1534,1648
12105,74936,4089,36062,2594,70847,3183,1535,1648
12110,74967,4092,36077,2597,70875,3184,1535,1649
12115,74998,4092,36091,2597,70906,3185,1536,1649
12120,75029,4092,36109,2597,70937,3186,1536,1650
12125,75060,4092,36126,2597,70968,3187,1536,1651
12130,75091,4092,36139,2597,70999,3188,1536,1652
12135,75122,4092,36154,2597,71030,3189,1536,1653
12140,75153,4092,36169,2597,71061,3190,1536,1654
12145,75184,4092,36184,2597,71092,3191,1536,1655
12150,75215,4092,36201,2597,71123,3192,1536,1656
12155,75246,4092,36214,2597,71154,3193,1536,1657
12160,75277,4092,36229,2597,71185,3195,1538,1657
12165,75308,4095,36250,2600,71213,3197,1540,1657
12170,75339,4098,36268,2602,71241,3199,1541,1658
12175,75370,4102,36285,2606,71268,3201,1543,1658
12180,75401,4105,36301,2608,71296,3203,1543,1660
12185,75432,4108,36313,2610,71324,3205,1544,1661
12190,75463,4110,36328,2611,71353,3207,1546,1661
12195,75494,4112,36341,2612,71382,3209,1547,1662
12200,75525,4113,36354,2613,71412,3211,1547,1664
12205,75556,4114,36371,2613,71442,3213,1548,1665
12210,75587,4115,36389,2614,71472,3215,1549,1666
12215,75618,4116,36400,2614,71502,3217,1550,1667
12220,75649,4118,36416,2615,71531,3218,1550,1668
12225,75680,4120,36431,2616,71560,3219,1551,1668
12230,75711,4122,36442,2616,71589,3220,1551,1669
12235,75742,4124,36459,2617,71618,3221,1552,1669
12240,75773,4127,36473,2619,71646,3222,1552,1670
12245,75804,4132,36491,2623,71672,3223,1552,1671
12250,75835,4137,36507,2628,71698,3224,1553,1671
12255,75866,4140,36519,2630,71726,3225,1554,1671
12260,75897,4142,36531,2631,71755,3226,1555,1671
12265,75928,4144,36544,2632,71784,3227,1555,1672
12270,75959,4146,36556,2633,71813,3228,1555,1673
12275,75990,4149,36571,2634,71841,3229,1556,1673
12280,76021,4151,36585,2635,71869,3230,1557,1673
12285,76052,4153,36593,2637,71899,3231,1557,1674
12290,76083,4154,36606,2638,71929,3232,1557,1675
12295,76114,4155,36619,2638,71959,3233,1558,1675
12300,76145,4156,36635,2639,71989,3234,1559,1675
12305,76176,4157,36651,2640,72019,3234,1559,1675
12310,76207,4157,36668,2640,72050,3234,1559,1675
12315,76238,4157,36682,2640,72081,3234,1559,1675
12320,76269,4157,36700,2640,72112,3234,1559,1675
12325,76300,4157,36712,2640,72143,3234,1559,1675
12330,76331,4157,36723,2640,72174,3234,1559,1675
12335,76362,4157,36739,2640,72205,3234,1559,1675
12340,76393,4157,36757,2640,72236,3234,1559,1675
12345,76424,4157,36765,2640,72267,3235,1559,1676
12350,76455,4157,36779,2640,72298,3236,1560,1676
12355,76486,4159,36795,2641,72327,3237,1561,1676
12360,76517,4160,36812,2642,72357,3238,1561,1677
12365,76548,4165,36828,2645,72383,3240,1563,1677
12370,76579,4169,36844,2648,72410,3242,1564,1678
12375,76610,4174,36856,2652,72436,3244,1565,1679
12380,76641,4179,36864,2654,72462,3246,1566,1680
12385,76672,4181,36882,2656,72491,3248,1567,1681
12390,76703,4184,36897,2658,72519,3250,1568,1682
12395,76734,4187,36912,2660,72547,3252,1568,1684
12400,76765,4191,36929,2662,72574,3254,1570,1684
12405,76796,4195,36947,2665,72601,3256,1572,1684
12410,76827,4197,36963,2667,72630,3258,1573,1685
12415,76858,4199,36982,2669,72659,3259,1574,1685
12420,76889,4200,36998,2669,72689,3260,1574,1686
12425,76920,4201,37011,2669,72719,3261,1575,1686
12430,76951,4201,37027,2669,72750,3262,1576,1686
12435,76982,4201,37039,2669,72781,3263,1577,1686
12440,77013,4201,37054,2669,72812,3264,1578,1686
12445,77044,4201,37071,2669,72843,3265,1579,1686
12450,77075,4201,37079,2669,72874,3266,1579,1687
12455,77106,4201,37095,2669,72905,3267,1579,1688
12460,77137,4201,37111,2669,72936,3268,1580,1688
12465,77168,4201,37125,2669,72967,3269,1581,1688
12470,77199,4201,37139,2669,72998,3270,1582,1688
12475,77230,4201,37148,2669,73029,3271,1582,1689
12480,77261,4201,37159,2669,73060,3272,1583,1689
12485,77292,4202,37170,2670,73090,3273,1584,1689
12490,77323,4203,37186,2670,73120,3274,1584,1690
12495,77354,4204,37199,2671,73150,3275,1585,1690
12500,77385,4205,37213,2671,73180,3276,1585,1691
12505,77416,4206,37230,2671,73210,3277,1586,1691
12510,77447,4207,37245,2672,73240,3278,1586,1692
12515,77478,4209,37258,2672,73269,3279,1586,1693
12520,77509,4211,37271,2674,73298,3280,1586,1694
12525,77540,4213,37288,2675,73327,3281,1587,1694
12530,77571,4215,37305,2676,73356,3282,1587,1695
12535,77602,4219,37320,2678,73383,3283,1588,1695
12540,77633,4223,37345,2682,73410,3284,1589,1695
12545,77664,4226,37363,2683,73438,3285,1590,1695
12550,77695,4229,37377,2685,73466,3286,1590,1696
12555,77726,4232,37392,2687,73494,3287,1590,1697
12560,77757,4235,37413,2689,73522,3288,1591,1697
12565,77788,4238,37430,2689,73550,3289,1591,1698
12570,77819,4241,37447,2691,73578,3290,1592,1698
12575,77850,4244,37463,2694,73606,3291,1593,1698
12580,77881,4247,37472,2694,73634,3292,1593,1699
12585,77912,4250,37481,2696,73662,3293,1593,1700
12590,77943,4254,37491,2698,73689,3294,1593,1701
12595,77974,4257,37504,2698,73717,3295,1593,1702
12600,78005,4261,37517,2699,73744,3296,1593,1703
12605,78036,4263,37530,2700,73773,3297,1593,1704
12610,78067,4264,37542,2701,73803,3298,1594,1704
12615,78098,4265,37556,2702,73833,3299,1594,1705
12620,78129,4266,37568,2703,73863,3300,1595,1705
12625,78160,4267,37584,2703,73893,3301,1596,1705
12630,78191,4268,37603,2703,73923,3302,1596,1706
12635,78222,4269,37616,2703,73953,3303,1597,1706
12640,78253,4270,37636,2704,73983,3304,1598,1706
12645,78284,4271,37647,2705,74013,3305,1598,1707
12650,78315,4273,37663,2706,74041,3306,1599,1707
12655,78346,4277,37683,2710,74068,3307,1600,1707
12660,78377,4279,37704,2712,74098,3308,1601,1707
12665,78408,4279,37717,2712,74129,3309,1601,1708
12670,78439,4279,37728,2712,74160,3310,1601,1709
12675,78470,4279,37740,2712,74191,3311,1601,1710
12680,78501,4279,37755,2712,74222,3312,1602,1710
12685,78532,4279,37769,2712,74253,3313,1603,1710
12690,78563,4279,37779,2712,74284,3314,1603,1711
12695,78594,4279,37793,2712,74315,3315,1603,1712
12700,78625,4279,37808,2712,74346,3316,1603,1713
12705,78656,4279,37824,2712,74377,3317,1604,1713
12710,78687,4280,37838,2712,74407,3318,1605,1713
12715,78718,4283,37848,2714,74435,3320,1605,1715
12720,78749,4286,37862,2716,74463,3322,1606,1716
12725,78780,4289,37881,2717,74491,3322,1606,1716
12730,78811,4291,37899,2719,74520,3322,1606,1716
12735,78842,4294,37912,2721,74548,3322,1606,1716
12740,78873,4296,37924,2722,74577,3322,1606,1716
12745,78904,4298,37940,2723,74606,3322,1606,1716
12750,78935,4300,37950,2724,74635,3322,1606,1716
12755,78966,4302,37967,2726,74664,3322,1606,1716
12760,78997,4304,37984,2728,74693,3322,1606,1716
12765,79028,4307,38002,2730,74721,3322,1606,1716
12770,79059,4310,38019,2733,74748,3322,1606,1716
12775,79090,4315,38034,2736,74775,3322,1606,1716
12780,79121,4319,38050,2738,74801,3322,1606,1716
12785,79152,4323,38064,2740,74829,3323,1607,1716
12790,79183,4325,38079,2741,74858,3324,1608,1716
12795,79214,4328,38095,2743,74886,3325,1609,1716
12800,79245,4330,38109,2744,74915,3326,1610,1716
12805,79276,4333,38123,2746,74943,3327,1611,1716
12810,79307,4334,38135,2746,74973,3328,1612,1716
12815,79338,4335,38149,2747,75003,3329,1613,1716
12820,79369,4336,38166,2747,75033,3330,1613,1717
12825,79400,4337,38184,2748,75063,3332,1615,1717
12830,79431,4338,38199,2748,75093,3334,1616,1718
12835,79462,4339,38214,2748,75123,3336,1617,1719
12840,79493,4339,38227,2748,75154,3338,1619,1719
12845,79524,4339,38242,2748,75185,3339,1620,1719
12850,79555,4339,38255,2748,75216,3340,1620,1720
12855,79586,4339,38268,2748,75247,3341,1620,1721
12860,79617,4339,38277,2748,75278,3342,1620,1722
12865,79648,4339,38292,2748,75309,3343,1621,1722
12870,79679,4339,38312,2748,75340,3344,1622,1722
12875,79710,4339,38322,2748,75371,3345,1623,1722
12880,79741,4339,38338,2748,75402,3346,1623,1723
12885,79772,4339,38358,2748,75433,3347,1623,1724
12890,79803,4341,38377,2750,75462,3348,1624,1724
12895,79834,4342,38391,2751,75492,3349,1624,1725
12900,79865,4344,38402,2752,75521,3350,1625,1725
12905,79896,4346,38417,2753,75550,3351,1626,1725
12910,79927,4349,38431,2755,75578,3352,1626,1726
12915,79958,4352,38445,2757,75606,3353,1627,1726
12920,79989,4355,38459,2759,75634,3354,1627,1727
12925,80020,4357,38472,2759,75663,3355,1628,1727
12930,80051,4360,38484,2761,75691,3356,1628,1728
12935,80082,4362,38499,2762,75720,3357,1628,1729
12940,80113,4363,38512,2762,75750,3358,1628,1730
12945,80144,4365,38527,2763,75779,3359,1628,1731
12950,80175,4367,38540,2764,75808,3361,1630,1731
12955,80206,4370,38558,2766,75836,3363,1632,1731
12960,80237,4373,38575,2767,75864,3365,1633,1732
12965,80268,4376,38592,2770,75892,3367,1633,1734
12970,80299,4380,38604,2773,75919,3369,1634,1735
12975,80330,4384,38623,2776,75946,3371,1636,1735
12980,80361,4388,38638,2780,75973,3373,1637,1736
12985,80392,4390,38653,2781,76002,3375,1639,1736
12990,80423,4393,38669,2782,76030,3377,1641,1736
12995,80454,4396,38684,2784,76058,3378,1642,1736
13000,80485,4399,38698,2787,76086,3379,1642,1737
13005,80516,4402,38714,2788,76114,3380,1642,1738
13010,80547,4405,38726,2790,76142,3381,1642,1739
13015,80578,4408,38742,2792,76170,3382,1643,1739
13020,80609,4411,38756,2794,76198,3383,1643,1740
13025,80640,4412,38767,2794,76228,3383,1643,1740
13030,80671,4413,38784,2794,76258,3383,1643,1740
13035,80702,4414,38800,2795,76288,3383,1643,1740
13040,80733,4416,38816,2797,76317,3383,1643,1740
13045,80764,4417,38831,2797,76347,3383,1643,1740
13050,80795,4418,38849,2797,76377,3383,1643,1740
13055,80826,4419,38863,2797,76407,3383,1643,1740
13060,80857,4420,38882,2797,76437,3383,1643,1740
13065,80888,4421,38894,2797,76467,3383,1643,1740
13070,80919,4423,38914,2799,76496,3383,1643,1740
13075,80950,4424,38930,2799,76526,3383,1643,1740
13080,80981,4425,38946,2800,76556,3383,1643,1740
13085,81012,4426,38960,2800,76586,3384,1643,1741
13090,81043,4427,38974,2800,76616,3385,1643,1742
13095,81074,4428,38990,2801,76646,3387,1644,1743
13100,81105,4429,39001,2802,76676,3389,1645,1744
13105,81136,4430,39016,2802,76706,3391,1645,1746
13110,81167,4431,39030,2803,76736,3393,1645,1748
13115,81198,4432,39046,2804,76766,3395,1646,1749
13120,81229,4433,39064,2805,76796,3397,1648,1749
13125,81260,4435,39077,2806,76825,3399,1650,1749
13130,81291,4438,39091,2807,76853,3401,1652,1749
13135,81322,4441,39101,2809,76880,3403,1652,1751
13140,81353,4445,39116,2812,76907,3405,1654,1751
13145,81384,4448,39132,2814,76936,3406,1654,1752
13150,81415,4449,39150,2814,76966,3407,1654,1753
13155,81446,4450,39164,2814,76996,3408,1655,1753
13160,81477,4451,39179,2815,77026,3409,1656,1753
13165,81508,4452,39190,2815,77056,3410,1656,1754
13170,81539,4453,39205,2816,77086,3411,1657,1754
13175,81570,4454,39225,2817,77116,3412,1658,1754
13180,81601,4455,39242,2817,77146,3413,1658,1755
13185,81632,4457,39256,2818,77175,3414,1659,1755
13190,81663,4460,39273,2820,77203,3415,1660,1755
13195,81694,4462,39287,2821,77232,3416,1661,1755
13200,81725,4465,39307,2823,77260,3417,1661,1756
13205,81756,4468,39328,2825,77288,3417,1661,1756
13210,81787,4472,39342,2828,77315,3417,1661,1756
13215,81818,4474,39353,2828,77344,3417,1661,1756
13220,81849,4478,39370,2832,77371,3417,1661,1756
13225,81880,4480,39385,2834,77400,3417,1661,1756
13230,81911,4481,39399,2834,77430,3417,1661,1756
13235,81942,4483,39415,2836,77459,3417,1661,1756
13240,81973,4485,39432,2837,77488,3417,1661,1756
13245,82004,4487,39445,2838,77517,3418,1661,1757
13250,82035,4490,39461,2840,77545,3419,1662,1757
13255,82066,4492,39480,2842,77574,3420,1663,1757
13260,82097,4495,39498,2843,77602,3421,1664,1757
13265,82128,4496,39513,2843,77632,3421,1664,1757
13270,82159,4497,39531,2844,77662,3421,1664,1757
13275,82190,4498,39544,2845,77691,3421,1664,1757
13280,82221,4500,39559,2846,77720,3421,1664,1757
13285,82252,4502,39572,2847,77750,3421,1664,1757
13290,82283,4503,39590,2848,77779,3421,1664,1757
13295,82314,4505,39611,2850,77809,3421,1664,1757
13300,82345,4506,39628,2850,77838,3421,1664,1757
13305,82376,4508,39642,2851,77868,3422,1664,1758
13310,82407,4509,39655,2851,77898,3423,1664,1759
13315,82438,4511,39668,2853,77927,3424,1664,1760
13320,82469,4511,39687,2853,77958,3425,1664,1761
13325,82500,4511,39702,2853,77989,3426,1665,1761
13330,82531,4511,39718,2853,78020,3427,1666,1761
13335,82562,4511,39733,2853,78051,3428,1666,1762
13340,82593,4511,39749,2853,78082,3429,1666,1763
13345,82624,4511,39760,2853,78113,3430,1667,1763
13350,82655,4511,39776,2853,78144,3431,1668,1763
13355,82686,4511,39793,2853,78175,3432,1669,1763
13360,82717,4511,39806,2853,78206,3433,1669,1764
13365,82748,4511,39820,2853,78237,3434,1669,1765
13370,82779,4513,39834,2854,78266,3435,1669,1766
13375,82810,4515,39851,2856,78295,3436,1670,1766
13380,82841,4518,39870,2858,78323,3437,1671,1766
13385,82872,4521,39883,2860,78351,3438,1671,1767
13390,82903,4524,39902,2862,78379,3439,1672,1767
13395,82934,4527,39915,2862,78407,3440,1672,1768
13400,82965,4530,39932,2864,78434,3441,1673,1768
13405,82996,4534,39947,2865,78461,3442,1673,1769
13410,83027,4538,39960,2867,78488,3443,1674,1769
13415,83058,4542,39977,2871,78515,3444,1675,1769
13420,83089,4546,39995,2872,78542,3445,1675,1770
13425,83120,4550,40012,2874,78569,3447,1676,1771
13430,83151,4554,40019,2876,78597,3449,1676,1773
13435,83182,4556,40034,2877,78625,3451,1678,1773
13440,83213,4559,40053,2879,78653,3453,1678,1775
13445,83244,4563,40068,2881,78680,3455,1678,1777
13450,83275,4565,40085,2882,78709,3457,1679,1778
13455,83306,4567,40100,2884,78739,3459,1681,1778
13460,83337,4568,40113,2885,78769,3461,1682,1779
13465,83368,4569,40130,2885,78799,3462,1683,1779
13470,83399,4570,40145,2885,78829,3463,1684,1779
13475,83430,4571,40158,2886,78859,3464,1685,1779
13480,83461,4572,40173,2887,78889,3465,1686,1779
13485,83492,4573,40185,2887,78919,3466,1686,1780
13490,83523,4574,40197,2888,78949,3467,1686,1781
13495,83554,4575,40217,2889,78979,3468,1686,1782
13500,83585,4576,40231,2889,79009,3469,1687,1782
13505,83616,4577,40246,2889,79039,3470,1687,1783
13510,83647,4579,40262,2890,79068,3471,1688,1783
13515,83678,4582,40277,2892,79096,3472,1688,1784
13520,83709,4582,40294,2892,79127,3473,1688,1785
13525,83740,4582,40310,2892,79158,3474,1689,1785
13530,83771,4582,40320,2892,79189,3475,1689,1786
13535,83802,4584,40330,2893,79218,3476,1690,1786
13540,83833,4585,40345,2894,79248,3477,1690,1787
13545,83864,4586,40355,2895,79278,3478,1690,1788
13550,83895,4588,40374,2896,79307,3479,1691,1788
13555,83926,4589,40386,2896,79337,3480,1691,1789
13560,83957,4591,40403,2897,79366,3481,1692,1789
13565,83988,4594,40419,2899,79394,3483,1693,1790
13570,84019,4598,40436,2903,79421,3485,1693,1792
13575,84050,4600,40450,2904,79450,3487,1695,1792
13580,84081,4600,40466,2904,79481,3489,1696,1793
13585,84112,4600,40478,2904,79512,3491,1697,1794
13590,84143,4600,40493,2904,79543,3493,1698,1795
13595,84174,4600,40511,2904,79574,3495,1700,1795
13600,84205,4600,40529,2904,79605,3497,1700,1797
13605,84236,4600,40542,2904,79636,3499,1701,1798
13610,84267,4600,40560,2904,79667,3501,1703,1798
13615,84298,4600,40577,2904,79698,3502,1703,1799
13620,84329,4600,40592,2904,79729,3503,1704,1799
13625,84360,4601,40605,2904,79759,3503,1704,1799
13630,84391,4603,40617,2905,79788,3503,1704,1799
13635,84422,4605,40634,2906,79817,3503,1704,1799
13640,84453,4606,40647,2907,79847,3503,1704,1799
13645,84484,4608,40667,2909,79876,3503,1704,1799
13650,84515,4610,40681,2910,79905,3503,1704,1799
13655,84546,4612,40693,2911,79934,3503,1704,1799
13660,84577,4614,40708,2913,79963,3503,1704,1799
13665,84608,4615,40724,2913,79993,3503,1704,1799
13670,84639,4617,40740,2915,80022,3503,1704,1799
13675,84670,4618,40751,2915,80052,3503,1704,1799
13680,84701,4622,40770,2918,80078,3503,1704,1799
13685,84732,4625,40787,2920,80107,3504,1704,1800
13690,84763,4627,40805,2920,80136,3505,1705,1800
13695,84794,4630,40823,2922,80163,3506,1706,1800
13700,84825,4633,40839,2925,80192,3507,1706,1801
13705,84856,4635,40852,2926,80221,3508,1706,1802
13710,84887,4638,40862,2927,80248,3509,1707,1802
13715,84918,4642,40874,2930,80275,3511,1707,1804
13720,84949,4646,40886,2933,80303,3513,1707,1806
13725,84980,4648,40897,2935,80332,3515,1708,1807
13730,85011,4650,40911,2937,80361,3517,1709,1808
13735,85042,4652,40928,2939,80390,3519,1709,1810
13740,85073,4653,40945,2940,80420,3521,1710,1811
13745,85104,4654,40960,2940,80450,3523,1711,1812
13750,85135,4655,40973,2940,80480,3525,1712,1813
13755,85166,4656,40987,2941,80510,3527,1713,1814
13760,85197,4657,41005,2942,80540,3529,1713,1816
13765,85228,4658,41022,2943,80570,3531,1714,1817
13770,85259,4659,41039,2943,80600,3533,1715,1818
13775,85290,4660,41052,2943,80630,3535,1716,1819
13780,85321,4661,41069,2943,80660,3537,1716,1821
13785,85352,4662,41089,2943,80690,3539,1717,1822
13790,85383,4666,41108,2947,80717,3541,1719,1822
13795,85414,4668,41120,2948,80746,3543,1720,1823
13800,85445,4670,41132,2949,80775,3545,1720,1825
13805,85476,4672,41147,2951,80803,3545,1720,1825
13810,85507,4675,41160,2953,80832,3545,1720,1825
13815,85538,4677,41171,2954,80860,3545,1720,1825
13820,85569,4680,41181,2956,80889,3545,1720,1825
13825,85600,4682,41194,2958,80918,3545,1720,1825
13830,85631,4683,41205,2958,80947,3545,1720,1825
13835,85662,4686,41217,2960,80976,3545,1720,1825
13840,85693,4687,41238,2961,81005,3545,1720,1825
13845,85724,4689,41249,2962,81035,3545,1720,1825
13850,85755,4689,41265,2962,81066,3545,1720,1825
13855,85786,4689,41281,2962,81097,3545,1720,1825
13860,85817,4689,41295,2962,81128,3545,1720,1825
13865,85848,4689,41307,2962,81159,3545,1720,1825
13870,85879,4689,41318,2962,81190,3545,1720,1825
13875,85910,4689,41332,2962,81221,3545,1720,1825
13880,85941,4689,41345,2962,81252,3545,1720,1825
13885,85972,4689,41357,2962,81283,3545,1720,1825
13890,86003,4689,41373,2962,81314,3545,1720,1825
13895,86034,4689,41390,2962,81345,3545,1720,1825
13900,86065,4689,41407,2962,81376,3545,1720,1825
13905,86096,4690,41425,2963,81406,3547,1721,1826
13910,86127,4693,41441,2966,81434,3549,1722,1827
13915,86158,4695,41450,2967,81463,3551,1723,1828
13920,86189,4697,41462,2967,81492,3553,1724,1829
13925,86220,4699,41479,2969,81521,3555,1726,1829
13930,86251,4701,41497,2970,81550,3557,1727,1830
13935,86282,4703,41512,2971,81579,3559,1728,1831
13940,86313,4705,41528,2971,81608,3561,1730,1831
13945,86344,4707,41545,2973,81637,3563,1732,1831
13950,86375,4710,41560,2974,81665,3565,1733,1832
13955,86406,4714,41573,2976,81691,3567,1734,1833
13960,86437,4720,41590,2982,81717,3569,1735,1834
13965,86468,4723,41601,2984,81744,3571,1735,1836
13970,86499,4727,41611,2987,81772,3573,1736,1837
13975,86530,4730,41624,2987,81800,3575,1736,1839
13980,86561,4735,41639,2991,81825,3577,1738,1839
13985,86592,4739,41654,2993,81853,3579,1739,1840
13990,86623,4741,41670,2994,81882,3581,1740,1841
13995,86654,4745,41688,2997,81909,3583,1741,1842
14000,86685,4747,41699,2998,81938,3585,1743,1842
14005,86716,4749,41716,3000,81967,3587,1744,1843
14010,86747,4752,41729,3003,81995,3589,1745,1844
14015,86778,4754,41747,3004,82024,3591,1746,1845
14020,86809,4757,41761,3005,82052,3593,1747,1846
14025,86840,4759,41776,3006,82081,3595,1748,1847
14030,86871,4762,41790,3008,82109,3597,1750,1847
14035,86902,4766,41804,3010,82136,3599,1751,1848
14040,86933,4767,41818,3010,82166,3601,1751,1850
14045,86964,4769,41836,3011,82195,3602,1751,1851
14050,86995,4772,41847,3012,82223,3603,1752,1851
14055,87026,4775,41865,3015,82251,3604,1752,1852
14060,87057,4778,41881,3017,82279,3605,1753,1852
14065,87088,4780,41895,3018,82308,3606,1753,1853
14070,87119,4783,41910,3019,82336,3607,1754,1853
14075,87150,4787,41929,3023,82363,3608,1755,1853
14080,87181,4789,41942,3025,82392,3609,1756,1853
14085,87212,4791,41958,3027,82421,3610,1756,1854
14090,87243,4791,41973,3027,82452,3611,1757,1854
14095,87274,4791,41988,3027,82483,3612,1758,1854
14100,87305,4791,42007,3027,82514,3613,1758,1855
14105,87336,4791,42023,3027,82545,3614,1758,1856
14110,87367,4791,42038,3027,82576,3615,1759,1856
14115,87398,4791,42054,3027,82607,3616,1759,1857
14120,87429,4791,42071,3027,82638,3617,1759,1858
14125,87460,4791,42086,3027,82669,3618,1760,1858
14130,87491,4791,42101,3027,82700,3619,1761,1858
14135,87522,4791,42116,3027,82731,3620,1762,1858
14140,87553,4792,42138,3027,82761,3621,1763,1858
14145,87584,4793,42154,3027,82791,3623,1765,1858
14150,87615,4794,42168,3028,82821,3625,1765,1860
14155,87646,4795,42182,3028,82851,3627,1766,1861
14160,87677,4796,42197,3028,82881,3629,1767,1862
14165,87708,4797,42211,3028,82911,3631,1768,1863
14170,87739,4798,42226,3029,82941,3633,1769,1864
14175,87770,4799,42245,3030,82971,3635,1770,1865
14180,87801,4801,42262,3031,83000,3637,1770,1867
14185,87832,4803,42282,3032,83029,3639,1772,1867
14190,87863,4805,42299,3033,83058,3641,1773,1868
14195,87894,4806,42315,3033,83088,3643,1774,1869
14200,87925,4807,42325,3033,83118,3645,1774,1871
14205,87956,4809,42338,3034,83147,3647,1774,1873
14210,87987,4812,42356,3035,83175,3648,1775,1873
14215,88018,4816,42370,3037,83202,3649,1775,1874
14220,88049,4821,42383,3040,83228,3650,1775,1875
14225,88080,4824,42398,3042,83256,3650,1775,1875
14230,88111,4827,42411,3043,83283,3650,1775,1875
14235,88142,4831,42425,3046,83311,3650,1775,1875
14240,88173,4832,42438,3047,83340,3650,1775,1875
14245,88204,4834,42454,3049,83369,3650,1775,1875
14250,88235,4836,42464,3051,83398,3650,1775,1875
14255,88266,4838,42480,3052,83427,3650,1775,1875
14260,88297,4841,42493,3055,83455,3650,1775,1875
14265,88328,4844,42510,3057,83483,3650,1775,1875
14270,88359,4846,42526,3058,83512,3650,1775,1875
14275,88390,4848,42546,3060,83542,3650,1775,1875
14280,88421,4848,42557,3060,83573,3650,1775,1875
14285,88452,4848,42569,3060,83604,3652,1775,1877
14290,88483,4848,42585,3060,83635,3654,1776,1878
14295,88514,4848,42600,3060,83666,3655,1776,1879
14300,88545,4848,42618,3060,83697,3656,1777,1879
14305,88576,4848,42632,3060,83728,3657,1777,1880
14310,88607,4848,42645,3060,83759,3658,1778,1880
14315,88638,4848,42661,3060,83790,3659,1778,1881
14320,88669,4848,42674,3060,83821,3660,1779,1881
14325,88700,4848,42685,3060,83852,3661,1779,1882
14330,88731,4850,42705,3062,83881,3662,1779,1883
14335,88762,4852,42722,3064,83910,3663,1779,1884
14340,88793,4853,42733,3065,83940,3664,1780,1884
14345,88824,4855,42748,3066,83969,3665,1780,1885
14350,88855,4858,42761,3069,83997,3666,1781,1885
14355,88886,4859,42777,3069,84027,3667,1782,1885
14360,88917,4860,42791,3069,84057,3668,1782,1886
14365,88948,4861,42804,3069,84087,3669,1783,1886
14370,88979,4862,42818,3070,84117,3670,1783,1887
14375,89010,4863,42831,3070,84147,3671,1783,1888
14380,89041,4865,42846,3071,84176,3672,1784,1888
14385,89072,4867,42864,3073,84205,3673,1784,1889
14390,89103,4869,42875,3074,84234,3674,1784,1890
14395,89134,4872,42889,3075,84262,3676,1785,1891
14400,89165,4875,42904,3077,84289,3678,1786,1892
14405,89196,4882,42922,3083,84313,3680,1787,1893
14410,89227,4887,42939,3087,84340,3682,1788,1894
14415,89258,4889,42957,3088,84369,3684,1790,1894
14420,89289,4891,42971,3090,84398,3686,1791,1895
14425,89320,4891,42981,3090,84429,3688,1792,1896
14430,89351,4891,42993,3090,84460,3689,1792,1897
14435,89382,4891,43007,3090,84491,3690,1793,1897
14440,89413,4891,43018,3090,84522,3691,1793,1898
14445,89444,4891,43032,3090,84553,3692,1793,1899
14450,89475,4891,43047,3090,84584,3693,1794,1899
14455,89506,4891,43064,3090,84615,3694,1795,1899
14460,89537,4891,43085,3090,84646,3695,1796,1899
14465,89568,4891,43104,3090,84677,3696,1797,1899
14470,89599,4891,43122,3090,84708,3697,1797,1900
14475,89630,4891,43140,3090,84739,3698,1798,1900
14480,89661,4891,43152,3090,84770,3699,1798,1901
14485,89692,4891,43169,3090,84801,3700,1798,1902
14490,89723,4891,43183,3090,84832,3701,1798,1903
14495,89754,4891,43196,3090,84863,3702,1798,1904
14500,89785,4891,43214,3090,84894,3703,1799,1904
14505,89816,4891,43235,3090,84925,3704,1800,1904
14510,89847,4891,43245,3090,84956,3705,1801,1904
14515,89878,4893,43261,3092,84985,3706,1802,1904
14520,89909,4895,43276,3094,85013,3707,1802,1905
14525,89940,4900,43294,3098,85039,3707,1802,1905
14530,89971,4905,43309,3102,85065,3708,1802,1906
14535,90002,4908,43320,3104,85093,3709,1803,1906
14540,90033,4913,43338,3108,85120,3710,1804,1906
14545,90064,4915,43350,3109,85149,3711,1804,1907
14550,90095,4918,43366,3112,85176,3712,1804,1908
14555,90126,4921,43384,3113,85204,3713,1805,1908
14560,90157,4925,43404,3117,85232,3714,1806,1908
14565,90188,4927,43414,3118,85261,3715,1806,1909
14570,90219,4930,43426,3120,85288,3716,1806,1910
14575,90250,4934,43433,3122,85316,3717,1806,1911
14580,90281,4937,43447,3125,85344,3718,1807,1911
14585,90312,4937,43460,3125,85375,3718,1807,1911
14590,90343,4937,43477,3125,85406,3718,1807,1911
14595,90374,4937,43488,3125,85437,3718,1807,1911
14600,90405,4937,43499,3125,85468,3718,1807,1911
14605,90436,4937,43519,3125,85499,3718,1807,1911
14610,90467,4937,43534,3125,85530,3718,1807,1911
14615,90498,4937,43553,3125,85561,3718,1807,1911
14620,90529,4937,43568,3125,85592,3718,1807,1911
14625,90560,4937,43584,3125,85623,3719,1808,1911
14630,90591,4937,43599,3125,85654,3720,1809,1911
14635,90622,4938,43609,3125,85684,3721,1809,1912
14640,90653,4939,43623,3125,85714,3722,1809,1913
14645,90684,4940,43641,3125,85744,3723,1810,1913
14650,90715,4941,43655,3125,85774,3724,1810,1914
14655,90746,4942,43672,3125,85804,3725,1811,1914
14660,90777,4943,43684,3126,85834,3726,1811,1915
14665,90808,4944,43696,3127,85864,3727,1811,1916
14670,90839,4945,43713,3128,85894,3728,1811,1917
14675,90870,4946,43722,3128,85924,3729,1811,1918
14680,90901,4947,43735,3129,85954,3730,1811,1919
14685,90932,4948,43749,3129,85984,3731,1812,1919
14690,90963,4951,43767,3131,86012,3732,1812,1920
14695,90994,4954,43780,3132,86039,3733,1812,1921
14700,91025,4958,43792,3134,86066,3734,1812,1922
14705,91056,4964,43808,3137,86092,3735,1813,1922
14710,91087,4970,43827,3142,86116,3736,1814,1922
14715,91118,4973,43839,3144,86144,3737,1814,1923
14720,91149,4979,43858,3149,86169,3738,1815,1923
14725,91180,4983,43870,3153,86197,3739,1815,1924
14730,91211,4987,43887,3156,86223,3740,1816,1924
14735,91242,4991,43904,3159,86250,3741,1816,1925
14740,91273,4993,43927,3161,86280,3742,1817,1925
14745,91304,4993,43944,3161,86311,3744,1819,1925
14750,91335,4993,43961,3161,86342,3746,1820,1926
14755,91366,4993,43975,3161,86373,3748,1822,1926
14760,91397,4993,43992,3161,86404,3750,1823,1927
14765,91428,4993,44004,3161,86435,3752,1823,1929
14770,91459,4993,44016,3161,86466,3754,1824,1930
14775,91490,4993,44038,3161,86497,3756,1825,1931
14780,91521,4993,44051,3161,86528,3758,1825,1933
14785,91552,4993,44069,3161,86559,3760,1826,1934
14790,91583,4993,44081,3161,86590,3761,1827,1934
14795,91614,4993,44096,3161,86621,3762,1827,1935
14800,91645,4993,44111,3161,86652,3763,1827,1936
14805,91676,4993,44127,3161,86683,3764,1827,1937
14810,91707,4993,44140,3161,86714,3765,1827,1938
14815,91738,4993,44150,3161,86745,3766,1827,1939
14820,91769,4994,44168,3162,86775,3767,1828,1939
14825,91800,4995,44185,3163,86805,3768,1829,1939
14830,91831,4996,44202,3163,86835,3769,1829,1940
14835,91862,4997,44213,3163,86865,3770,1829,1941
14840,91893,4999,44226,3163,86894,3771,1830,1941
14845,91924,5002,44245,3166,86922,3772,1831,1941
14850,91955,5005,44258,3167,86949,3773,1831,1942
14855,91986,5009,44272,3171,86976,3774,1831,1943
14860,92017,5014,44286,3173,87003,3775,1831,1944
14865,92048,5017,44303,3174,87030,3776,1831,1945
14870,92079,5022,44312,3177,87057,3777,1831,1946
14875,92110,5026,44323,3180,87084,3778,1832,1946
14880,92141,5030,44338,3182,87111,3779,1833,1946
14885,92172,5033,44348,3182,87139,3780,1833,1947
14890,92203,5038,44365,3185,87165,3782,1834,1948
14895,92234,5042,44377,3189,87192,3784,1835,1949
14900,92265,5046,44386,3190,87219,3786,1835,1951
14905,92296,5050,44401,3193,87246,3788,1837,1951
14910,92327,5054,44420,3196,87273,3790,1839,1951
14915,92358,5057,44435,3198,87301,3792,1840,1952
14920,92389,5061,44449,3199,87328,3794,1842,1952
14925,92420,5066,44463,3202,87354,3796,1842,1954
14930,92451,5071,44474,3205,87380,3798,1842,1956
14935,92482,5076,44485,3209,87406,3800,1842,1958
14940,92513,5080,44503,3211,87433,3802,1842,1960
14945,92544,5080,44517,3211,87464,3804,1842,1962
14950,92575,5080,44534,3211,87495,3806,1844,1962
14955,92606,5080,44547,3211,87526,3807,1844,1963
14960,92637,5080,44559,3211,87557,3808,1844,1964
14965,92668,5080,44568,3211,87588,3809,1844,1965
14970,92699,5080,44583,3211,87619,3810,1844,1966
14975,92730,5080,44594,3211,87650,3811,1844,1967
14980,92761,5080,44609,3211,87681,3812,1845,1967
14985,92792,5080,44622,3211,87712,3813,1845,1968
14990,92823,5080,44634,3211,87743,3814,1845,1969
14995,92854,5080,44646,3211,87774,3815,1846,1969
15000,92885,5080,44662,3211,87805,3816,1846,1970
15005,92916,5082,44674,3212,87834,3817,1847,1970
15010,92947,5083,44687,3213,87864,3818,1847,1971
15015,92978,5086,44703,3216,87892,3819,1848,1971
15020,93009,5087,44712,3216,87922,3820,1848,1972
15025,93040,5087,44724,3216,87953,3821,1849,1972
15030,93071,5087,44741,3216,87984,3822,1850,1972
15035,93102,5087,44760,3216,88015,3823,1850,1973
15040,93133,5088,44773,3217,88045,3824,1850,1974
15045,93164,5089,44786,3217,88075,3825,1850,1975
15050,93195,5092,44800,3220,88103,3826,1851,1975
15055,93226,5096,44814,3223,88130,3827,1851,1976
15060,93257,5099,44831,3225,88158,3829,1852,1977
15065,93288,5101,44846,3226,88187,3830,1853,1977
15070,93319,5102,44863,3226,88217,3831,1854,1977
15075,93350,5103,44878,3226,88247,3832,1854,1978
15080,93381,5105,44894,3228,88276,3832,1854,1978
15085,93412,5106,44914,3229,88306,3832,1854,1978
15090,93443,5107,44926,3230,88336,3832,1854,1978
15095,93474,5109,44946,3232,88365,3832,1854,1978
15100,93505,5110,44962,3233,88395,3832,1854,1978
15105,93536,5112,44980,3235,88424,3832,1854,1978
15110,93567,5114,44998,3237,88453,3832,1854,1978
15115,93598,5115,45017,3237,88483,3832,1854,1978
15120,93629,5117,45031,3239,88512,3832,1854,1978
15125,93660,5117,45041,3239,88543,3832,1854,1978
15130,93691,5119,45060,3240,88571,3832,1854,1978
15135,93722,5122,45074,3243,88600,3832,1854,1978
15140,93753,5124,45091,3244,88629,3832,1854,1978
15145,93784,5125,45103,3245,88659,3832,1854,1978
15150,93815,5127,45122,3247,88688,3832,1854,1978
15155,93846,5128,45134,3247,88718,3832,1854,1978
15160,93877,5130,45150,3248,88747,3832,1854,1978
15165,93908,5133,45172,3250,88775,3833,1855,1978
15170,93939,5136,45185,3252,88803,3834,1855,1979
15175,93970,5139,45201,3255,88831,3835,1856,1979
15180,94001,5142,45217,3256,88859,3837,1857,1980
15185,94032,5145,45233,3258,88887,3838,1858,1980
15190,94063,5148,45245,3261,88915,3839,1858,1981
15195,94094,5150,45261,3262,88944,3840,1859,1981
15200,94125,5152,45279,3263,88973,3841,1860,1981
15205,94156,5154,45295,3264,89002,3842,1861,1981
15210,94187,5156,45309,3265,89031,3843,1862,1981
15215,94218,5158,45323,3265,89060,3844,1862,1982
15220,94249,5160,45337,3265,89089,3845,1862,1983
15225,94280,5162,45355,3266,89118,3846,1862,1984
15230,94311,5164,45372,3267,89147,3847,1862,1985
15235,94342,5166,45390,3268,89176,3848,1862,1986
15240,94373,5168,45404,3268,89205,3849,1862,1987
15245,94404,5171,45419,3269,89233,3850,1863,1987
15250,94435,5174,45433,3271,89261,3851,1864,1987
15255,94466,5177,45454,3273,89289,3852,1865,1987
15260,94497,5180,45468,3273,89317,3853,1866,1987
15265,94528,5183,45479,3273,89345,3854,1867,1987
15270,94559,5186,45495,3275,89373,3855,1868,1987
15275,94590,5189,45510,3276,89401,3856,1868,1988
15280,94621,5192,45527,3279,89429,3857,1868,1989
15285,94652,5196,45541,3281,89455,3859,1869,1990
15290,94683,5201,45556,3285,89481,3861,1870,1991
15295,94714,5207,45569,3288,89506,3863,1870,1993
15300,94745,5214,45585,3294,89530,3865,1872,1993
15305,94776,5215,45601,3295,89561,3867,1872,1995
15310,94807,5215,45618,3295,89592,3868,1872,1996
15315,94838,5215,45636,3295,89623,3869,1873,1996
15320,94869,5215,45650,3295,89654,3870,1874,1996
15325,94900,5215,45666,3295,89685,3871,1874,1997
15330,94931,5215,45684,3295,89716,3872,1875,1997
15335,94962,5215,45703,3295,89747,3873,1875,1998
15340,94993,5215,45722,3295,89778,3874,1876,1998
15345,95024,5215,45736,3295,89809,3875,1876,1999
15350,95055,5215,45753,3295,89840,3876,1877,1999
15355,95086,5215,45770,3295,89871,3877,1878,1999
15360,95117,5215,45785,3295,89902,3878,1878,2000
15365,95148,5217,45801,3296,89930,3879,1879,2000
15370,95179,5220,45813,3299,89959,3880,1880,2000
15375,95210,5221,45821,3299,89989,3881,1880,2001
15380,95241,5222,45834,3300,90019,3882,1880,2002
15385,95272,5223,45852,3301,90049,3883,1880,2003
15390,95303,5224,45869,3301,90079,3884,1881,2003
15395,95334,5225,45885,3302,90109,3885,1882,2003
15400,95365,5226,45896,3303,90138,3886,1882,2004
15405,95396,5228,45909,3305,90168,3887,1883,2004
15410,95427,5231,45926,3307,90196,3889,1884,2005
15415,95458,5234,45941,3309,90224,3891,1885,2006
15420,95489,5238,45966,3312,90251,3893,1886,2007
15425,95520,5239,45978,3313,90281,3895,1886,2009
15430,95551,5241,45992,3315,90310,3897,1887,2010
15435,95582,5242,46007,3315,90340,3899,1889,2010
15440,95613,5243,46024,3316,90370,3900,1890,2010
15445,95644,5244,46039,3316,90400,3901,1891,2010
15450,95675,5245,46057,3317,90430,3902,1892,2010
15455,95706,5246,46075,3317,90460,3903,1893,2010
15460,95737,5247,46090,3317,90490,3904,1894,2010
15465,95768,5248,46107,3318,90520,3905,1895,2010
15470,95799,5249,46124,3318,90550,3906,1895,2011
15475,95830,5250,46142,3319,90580,3907,1895,2012
15480,95861,5251,46158,3320,90610,3908,1896,2012
15485,95892,5252,46174,3321,90640,3909,1896,2013
15490,95923,5253,46190,3321,90670,3910,1897,2013
15495,95954,5254,46205,3322,90700,3911,1897,2014
15500,95985,5255,46217,3322,90730,3912,1898,2014
15505,96016,5256,46229,3322,90760,3913,1899,2014
15510,96047,5257,46240,3323,90790,3914,1899,2015
15515,96078,5258,46255,3323,90820,3915,1899,2016
15520,96109,5259,46273,3324,90850,3916,1900,2016
15525,96140,5260,46288,3324,90879,3917,1901,2016
15530,96171,5267,46301,3330,90903,3918,1901,2017
15535,96202,5273,46317,3334,90929,3919,1901,2018
15540,96233,5279,46330,3337,90954,3921,1903,2018
15545,96264,5281,46343,3338,90983,3922,1904,2018
15550,96295,5282,46354,3339,91013,3923,1905,2018
15555,96326,5283,46372,3340,91043,3923,1905,2018
15560,96357,5285,46384,3341,91072,3923,1905,2018
15565,96388,5286,46398,3341,91102,3923,1905,2018
15570,96419,5288,46414,3342,91131,3923,1905,2018
15575,96450,5289,46430,3342,91161,3923,1905,2018
15580,96481,5291,46445,3344,91190,3923,1905,2018
15585,96512,5293,46459,3345,91219,3923,1905,2018
15590,96543,5294,46478,3346,91249,3923,1905,2018
15595,96574,5295,46496,3346,91279,3923,1905,2018
15600,96605,5296,46510,3347,91309,3923,1905,2018
15605,96636,5297,46528,3348,91339,3923,1905,2018
15610,96667,5298,46546,3348,91369,3923,1905,2018
15615,96698,5299,46568,3348,91399,3923,1905,2018
15620,96729,5300,46582,3348,91429,3923,1905,2018
15625,96760,5301,46594,3349,91459,3923,1905,2018
15630,96791,5302,46602,3349,91489,3923,1905,2018
15635,96822,5303,46616,3349,91519,3923,1905,2018
15640,96853,5304,46631,3350,91549,3923,1905,2018
15645,96884,5305,46647,3351,91579,3924,1905,2019
15650,96915,5309,46664,3354,91606,3925,1906,2019
15655,96946,5312,46684,3357,91634,3927,1908,2019
15660,96977,5316,46703,3359,91661,3929,1909,2020
15665,97008,5318,46715,3359,91689,3931,1911,2020
15670,97039,5319,46731,3360,91720,3933,1912,2021
15675,97070,5319,46746,3360,91751,3934,1912,2022
15680,97101,5319,46761,3360,91782,3935,1913,2022
15685,97132,5319,46778,3360,91813,3936,1914,2022
15690,97163,5319,46793,3360,91844,3937,1915,2022
15695,97194,5319,46806,3360,91875,3938,1916,2022
15700,97225,5319,46823,3360,91906,3939,1917,2022
15705,97256,5319,46838,3360,91937,3940,1918,2022
15710,97287,5319,46852,3360,91968,3941,1918,2023
15715,97318,5319,46865,3360,91999,3942,1919,2023
15720,97349,5319,46881,3360,92030,3943,1919,2024
15725,97380,5319,46902,3360,92061,3944,1919,2025
15730,97411,5319,46923,3360,92092,3945,1920,2025
15735,97442,5319,46939,3360,92123,3946,1921,2025
15740,97473,5319,46954,3360,92154,3947,1921,2026
15745,97504,5319,46971,3360,92185,3948,1922,2026
15750,97535,5319,46983,3360,92216,3949,1922,2027
15755,97566,5319,46996,3360,92247,3950,1922,2028
15760,97597,5319,47011,3360,92278,3951,1923,2028
15765,97628,5319,47024,3360,92309,3952,1923,2029
15770,97659,5322,47041,3363,92337,3953,1923,2030
15775,97690,5326,47057,3366,92363,3955,1924,2031
15780,97721,5331,47071,3370,92389,3957,1926,2031
15785,97752,5333,47082,3372,92419,3959,1926,2033
15790,97783,5335,47093,3373,92448,3960,1927,2033
15795,97814,5336,47106,3373,92478,3961,1927,2034
15800,97845,5337,47123,3373,92508,3962,1928,2034
15805,97876,5338,47141,3374,92538,3963,1929,2034
15810,97907,5340,47161,3375,92567,3964,1930,2034
15815,97938,5340,47177,3375,92598,3965,1930,2035
15820,97969,5340,47191,3375,92629,3966,1930,2036
15825,98000,5340,47209,3375,92660,3967,1931,2036
15830,98031,5340,47220,3375,92691,3968,1931,2037
15835,98062,5340,47232,3375,92722,3969,1932,2037
15840,98093,5340,47252,3375,92753,3970,1933,2037
15845,98124,5340,47268,3375,92784,3971,1933,2038
15850,98155,5340,47284,3375,92815,3972,1934,2038
15855,98186,5340,47304,3375,92846,3973,1935,2038
15860,98217,5340,47321,3375,92877,3974,1935,2039
15865,98248,5340,47332,3375,92908,3975,1935,2040
15870,98279,5340,47345,3375,92939,3976,1935,2041
15875,98310,5340,47363,3375,92970,3977,1936,2041
15880,98341,5340,47373,3375,93001,3978,1936,2042
15885,98372,5340,47391,3375,93032,3979,1936,2043
15890,98403,5344,47411,3378,93058,3981,1938,2043
15895,98434,5347,47424,3380,93087,3983,1938,2045
15900,98465,5350,47440,3382,93115,3985,1940,2045
15905,98496,5353,47456,3384,93143,3986,1940,2046
15910,98527,5355,47472,3386,93172,3986,1940,2046
15915,98558,5357,47487,3388,93201,3986,1940,2046
15920,98589,5361,47504,3391,93228,3986,1940,2046
15925,98620,5363,47515,3391,93257,3986,1940,2046
15930,98651,5366,47526,3393,93285,3986,1940,2046
15935,98682,5368,47541,3394,93314,3986,1940,2046
15940,98713,5370,47561,3395,93343,3986,1940,2046
15945,98744,5372,47575,3397,93372,3986,1940,2046
15950,98775,5374,47589,3398,93401,3986,1940,2046
15955,98806,5376,47600,3398,93430,3986,1940,2046
15960,98837,5378,47612,3399,93459,3986,1940,2046
15965,98868,5380,47627,3400,93488,3986,1940,2046
15970,98899,5382,47641,3401,93517,3986,1940,2046
15975,98930,5384,47656,3402,93546,3986,1940,2046
15980,98961,5386,47671,3403,93575,3986,1940,2046
15985,98992,5388,47684,3403,93604,3986,1940,2046
15990,99023,5390,47696,3403,93633,3986,1940,2046
15995,99054,5392,47714,3404,93662,3986,1940,2046
16000,99085,5394,47724,3404,93691,3986,1940,2046
16005,99116,5395,47736,3405,93721,3986,1940,2046
16010,99147,5396,47751,3405,93750,3987,1941,2046
16015,99178,5401,47769,3410,93777,3989,1941,2048
16020,99209,5404,47788,3413,93804,3991,1942,2049
16025,99240,5409,47805,3416,93831,3993,1943,2050
16030,99271,5412,47821,3418,93859,3995,1944,2051
16035,99302,5415,47837,3419,93887,3996,1944,2052
16040,99333,5419,47857,3422,93914,3997,1944,2053
16045,99364,5421,47872,3424,93943,3998,1944,2054
16050,99395,5422,47884,3425,93973,3999,1944,2055
16055,99426,5422,47898,3425,94004,4000,1944,2056
16060,99457,5422,47913,3425,94035,4001,1945,2056
16065,99488,5422,47930,3425,94066,4002,1945,2057
16070,99519,5422,47944,3425,94097,4003,1945,2058
16075,99550,5422,47958,3425,94128,4004,1946,2058
16080,99581,5422,47970,3425,94159,4005,1946,2059
16085,99612,5423,47983,3425,94189,4006,1947,2059
16090,99643,5424,47997,3425,94219,4007,1947,2060
16095,99674,5425,48012,3425,94249,4008,1947,2061
16100,99705,5426,48030,3425,94279,4009,1947,2062
16105,99736,5427,48047,3426,94309,4010,1948,2062
16110,99767,5428,48059,3426,94339,4011,1948,2063
16115,99798,5429,48076,3427,94369,4012,1949,2063
16120,99829,5430,48091,3427,94399,4013,1950,2063
16125,99860,5432,48106,3427,94428,4014,1950,2064
16130,99891,5434,48122,3428,94457,4015,1951,2064
16135,99922,5436,48133,3428,94486,4016,1951,2065
16140,99953,5438,48140,3428,94514,4017,1951,2066
16145,99984,5443,48153,3431,94541,4018,1952,2066
16150,100015,5446,48168,3434,94568,4019,1953,2066
16155,100046,5450,48183,3437,94596,4020,1953,2067
16160,100077,5453,48196,3439,94624,4021,1953,2068
16165,100108,5456,48210,3441,94652,4022,1954,2068
16170,100139,5460,48230,3444,94679,4023,1955,2068
16175,100170,5464,48246,3447,94706,4024,1955,2069
16180,100201,5469,48265,3451,94732,4025,1955,2070
16185,100232,5471,48276,3452,94761,4027,1955,2072
16190,100263,5474,48286,3454,94789,4029,1955,2074
16195,100294,5477,48302,3456,94817,4031,1957,2074
16200,100325,5477,48317,3456,94848,4033,1958,2075
16205,100356,5480,48330,3458,94876,4033,1958,2075
16210,100387,5482,48342,3459,94905,4033,1958,2075
16215,100418,5483,48359,3459,94935,4033,1958,2075
16220,100449,5484,48376,3459,94965,4033,1958,2075
16225,100480,5485,48391,3460,94995,4033,1958,2075
16230,100511,5486,48405,3461,95025,4033,1958,2075
16235,100542,5487,48420,3461,95055,4033,1958,2075
16240,100573,5488,48442,3462,95085,4033,1958,2075
16245,100604,5489,48457,3462,95115,4033,1958,2075
16250,100635,5490,48466,3462,95145,4033,1958,2075
16255,100666,5490,48481,3462,95176,4033,1958,2075
16260,100697,5490,48497,3462,95207,4033,1958,2075
16265,100728,5490,48507,3462,95238,4033,1958,2075
16270,100759,5490,48519,3462,95269,4033,1958,2075
16275,100790,5490,48533,3462,95300,4033,1958,2075
16280,100821,5490,48546,3462,95331,4033,1958,2075
16285,100852,5490,48556,3462,95362,4033,1958,2075
16290,100883,5490,48569,3462,95393,4033,1958,2075
16295,100914,5491,48580,3462,95423,4033,1958,2075
16300,100945,5492,48598,3463,95452,4033,1958,2075
16305,100976,5495,48615,3466,95480,4034,1959,2075
16310,101007,5499,48628,3469,95508,4035,1960,2075
16315,101038,5502,48647,3472,95536,4037,1962,2075
16320,101069,5504,48661,3474,95565,4039,1963,2076
16325,101100,5508,48672,3476,95592,4041,1963,2078
16330,101131,5511,48684,3477,95620,4042,1964,2078
16335,101162,5514,48697,3479,95648,4043,1965,2078
16340,101193,5518,48710,3481,95675,4044,1965,2079
16345,101224,5521,48730,3483,95703,4045,1965,2080
16350,101255,5522,48749,3483,95733,4046,1966,2080
16355,101286,5523,48760,3483,95763,4047,1966,2081
16360,101317,5524,48780,3484,95793,4048,1966,2082
16365,101348,5525,48794,3485,95823,4049,1966,2083
16370,101379,5526,48809,3485,95853,4050,1966,2084
16375,101410,5528,48820,3486,95882,4051,1966,2085
16380,101441,5530,48836,3487,95911,4052,1966,2086
16385,101472,5532,48849,3488,95940,4053,1966,2087
16390,101503,5533,48867,3489,95970,4054,1966,2088
16395,101534,5534,48883,3489,96000,4055,1967,2088
16400,101565,5535,48899,3490,96030,4056,1967,2089
16405,101596,5537,48917,3492,96059,4057,1967,2090
16410,101627,5537,48926,3492,96090,4058,1967,2091
16415,101658,5537,48942,3492,96121,4059,1967,2092
16420,101689,5537,48956,3492,96152,4060,1968,2092
16425,101720,5538,48972,3493,96182,4061,1969,2092
16430,101751,5539,48991,3493,96211,4063,1970,2093
16435,101782,5541,49001,3494,96241,4065,1971,2094
16440,101813,5542,49022,3494,96271,4067,1972,2095
16445,101844,5544,49036,3495,96300,4069,1972,2097
16450,101875,5548,49057,3498,96327,4071,1974,2097
16455,101906,5550,49071,3500,96356,4073,1974,2099
16460,101937,5552,49086,3502,96385,4075,1975,2100
16465,101968,5553,49099,3502,96415,4077,1976,2101
16470,101999,5554,49120,3502,96445,4079,1978,2101
16475,102030,5555,49140,3503,96475,4081,1978,2103
16480,102061,5557,49150,3504,96504,4083,1979,2104
16485,102092,5559,49165,3505,96533,4085,1980,2105
16490,102123,5561,49170,3505,96562,4087,1980,2107
16495,102154,5563,49186,3506,96591,4089,1980,2109
16500,102185,5565,49201,3506,96620,4091,1981,2110
16505,102216,5569,49216,3508,96647,4093,1981,2112
16510,102247,5573,49227,3510,96674,4094,1981,2113
16515,102278,5577,49239,3511,96701,4095,1981,2114
16520,102309,5580,49248,3512,96729,4096,1982,2114
16525,102340,5583,49263,3514,96757,4097,1982,2115
16530,102371,5587,49279,3518,96784,4098,1982,2116
16535,102402,5590,49293,3519,96812,4099,1982,2117
16540,102433,5593,49311,3520,96840,4100,1983,2117
16545,102464,5597,49328,3523,96867,4101,1983,2118
16550,102495,5602,49342,3526,96892,4102,1984,2118
16555,102526,5607,49354,3529,96918,4103,1984,2119
16560,102557,5613,49372,3534,96944,4104,1985,2119
16565,102588,5613,49388,3534,96975,4105,1986,2119
16570,102619,5613,49400,3534,97006,4106,1986,2120
16575,102650,5613,49414,3534,97037,4107,1986,2121
16580,102681,5613,49430,3534,97068,4108,1987,2121
16585,102712,5613,49446,3534,97099,4109,1987,2122
16590,102743,5613,49459,3534,97130,4110,1988,2122
16595,102774,5613,49476,3534,97161,4111,1988,2123
16600,102805,5613,49495,3534,97192,4112,1989,2123
16605,102836,5613,49509,3534,97223,4113,1989,2124
16610,102867,5613,49531,3534,97254,4114,1990,2124
16615,102898,5613,49547,3534,97285,4116,1990,2126
16620,102929,5613,49561,3534,97316,4118,1991,2127
16625,102960,5615,49576,3535,97345,4119,1991,2128
16630,102991,5618,49590,3538,97373,4120,1991,2129
16635,103022,5620,49601,3540,97402,4121,1992,2129
16640,103053,5622,49617,3542,97431,4122,1993,2129
16645,103084,5622,49633,3542,97462,4123,1994,2129
16650,103115,5622,49647,3542,97493,4123,1994,2129
16655,103146,5622,49661,3542,97524,4123,1994,2129
16660,103177,5622,49676,3542,97555,4123,1994,2129
16665,103208,5622,49692,3542,97586,4123,1994,2129
16670,103239,5622,49704,3542,97617,4123,1994,2129
16675,103270,5622,49722,3542,97648,4123,1994,2129
16680,103301,5623,49736,3542,97678,4123,1994,2129
16685,103332,5627,49755,3546,97705,4124,1994,2130
16690,103363,5630,49770,3549,97733,4125,1994,2131
16695,103394,5634,49787,3553,97760,4126,1995,2131
16700,103425,5636,49800,3553,97789,4127,1996,2131
16705,103456,5640,49812,3555,97816,4128,1996,2132
16710,103487,5644,49829,3558,97843,4129,1997,2132
16715,103518,5647,49843,3560,97871,4130,1998,2132
16720,103549,5651,49857,3563,97898,4131,1999,2132
16725,103580,5653,49874,3565,97927,4132,1999,2133
16730,103611,5656,49892,3566,97955,4133,2000,2133
16735,103642,5658,49904,3567,97984,4134,2001,2133
16740,103673,5660,49919,3568,98013,4135,2001,2134
16745,103704,5660,49932,3568,98044,4136,2001,2135
16750,103735,5661,49945,3569,98074,4138,2002,2136
16755,103766,5662,49961,3570,98104,4140,2002,2138
16760,103797,5663,49977,3571,98134,4142,2004,2138
16765,103828,5664,49989,3571,98164,4144,2006,2138
16770,103859,5665,50006,3572,98194,4146,2008,2138
16775,103890,5666,50020,3573,98224,4148,2009,2139
16780,103921,5667,50031,3574,98254,4150,2009,2141
16785,103952,5668,50047,3575,98284,4152,2011,2141
16790,103983,5669,50062,3575,98314,4154,2012,2142
16795,104014,5671,50080,3577,98343,4156,2012,2144
16800,104045,5673,50097,3579,98372,4158,2013,2145
16805,104076,5677,50110,3583,98399,4160,2014,2146
16810,104107,5680,50126,3585,98427,4162,2014,2148
16815,104138,5684,50138,3587,98454,4164,2015,2149
16820,104169,5689,50153,3590,98480,4166,2015,2151
16825,104200,5691,50171,3591,98509,4168,2017,2151
16830,104231,5693,50181,3592,98538,4170,2019,2151
16835,104262,5697,50192,3595,98565,4172,2020,2152
16840,104293,5700,50205,3597,98593,4174,2022,2152
16845,104324,5704,50218,3600,98620,4176,2022,2154
16850,104355,5707,50235,3603,98648,4177,2022,2155
16855,104386,5710,50253,3605,98676,4178,2023,2155
16860,104417,5712,50266,3605,98705,4179,2024,2155
16865,104448,5713,50275,3605,98735,4180,2025,2155
16870,104479,5714,50284,3605,98765,4181,2025,2156
16875,104510,5715,50302,3606,98795,4182,2025,2157
16880,104541,5716,50321,3606,98825,4183,2026,2157
16885,104572,5717,50336,3606,98855,4184,2026,2158
16890,104603,5718,50350,3606,98885,4185,2027,2158
16895,104634,5719,50359,3607,98915,4186,2028,2158
16900,104665,5720,50376,3607,98945,4187,2028,2159
16905,104696,5721,50393,3607,98975,4188,2028,2160
16910,104727,5722,50407,3607,99005,4189,2029,2160
16915,104758,5722,50424,3607,99036,4190,2030,2160
16920,104789,5722,50440,3607,99067,4191,2031,2160
16925,104820,5723,50451,3607,99097,4192,2032,2160
16930,104851,5724,50470,3607,99127,4193,2032,2161
16935,104882,5725,50482,3607,99157,4194,2033,2161
16940,104913,5726,50496,3607,99187,4195,2033,2162
16945,104944,5727,50505,3608,99217,4196,2033,2163
16950,104975,5728,50515,3608,99247,4198,2034,2164
16955,105006,5729,50531,3608,99277,4200,2035,2165
16960,105037,5730,50544,3608,99307,4202,2036,2166
16965,105068,5731,50557,3609,99337,4204,2037,2167
16970,105099,5733,50572,3609,99366,4206,2039,2167
16975,105130,5735,50586,3610,99395,4208,2041,2167
16980,105161,5737,50601,3612,99424,4210,2043,2167
16985,105192,5739,50611,3612,99452,4212,2044,2168
16990,105223,5743,50623,3614,99479,4214,2044,2170
16995,105254,5747,50638,3616,99507,4216,2046,2170
17000,105285,5749,50655,3617,99536,4218,2047,2171
17005,105316,5751,50664,3619,99565,4220,2047,2173
17010,105347,5754,50678,3620,99593,4222,2049,2173
17015,105378,5758,50697,3623,99620,4224,2051,2173
17020,105409,5763,50714,3626,99646,4226,2053,2173
17025,105440,5768,50731,3629,99672,4228,2055,2173
17030,105471,5774,50752,3633,99697,4230,2055,2175
17035,105502,5779,50767,3636,99723,4232,2056,2176
17040,105533,5784,50784,3639,99749,4234,2057,2177
17045,105564,5785,50795,3640,99779,4235,2057,2178
17050,105595,5786,50809,3640,99809,4236,2058,2178
17055,105626,5788,50824,3642,99838,4237,2058,2179
17060,105657,5789,50839,3642,99868,4238,2059,2179
17065,105688,5791,50857,3643,99897,4239,2060,2179
17070,105719,5792,50872,3644,99927,4240,2060,2180
17075,105750,5793,50889,3645,99957,4241,2061,2180
17080,105781,5794,50901,3645,99987,4242,2061,2181
17085,105812,5795,50917,3646,100017,4243,2062,2181
17090,105843,5797,50935,3648,100046,4244,2063,2181
17095,105874,5798,50946,3648,100076,4245,2064,2181
17100,105905,5800,50963,3650,100105,4246,2065,2181
17105,105936,5802,50979,3651,100133,4246,2065,2181
17110,105967,5804,50998,3653,100163,4246,2065,2181
17115,105998,5805,51012,3654,100192,4246,2065,2181
17120,106029,5808,51024,3656,100221,4246,2065,2181
17125,106060,5809,51039,3657,100250,4246,2065,2181
17130,106091,5811,51052,3659,100280,4246,2065,2181
17135,106122,5812,51073,3659,100309,4246,2065,2181
17140,106153,5813,51087,3660,100340,4246,2065,2181
17145,106184,5813,51100,3660,100371,4247,2066,2181
17150,106215,5813,51114,3660,100402,4248,2067,2181
17155,106246,5813,51130,3660,100433,4249,2068,2181
17160,106277,5814,51150,3660,100463,4250,2069,2181
17165,106308,5816,51166,3661,100492,4251,2070,2181
17170,106339,5817,51178,3662,100522,4252,2071,2181
17175,106370,5818,51192,3662,100552,4253,2072,2181
17180,106401,5819,51203,3662,100582,4254,2072,2182
17185,106432,5821,51216,3664,100611,4255,2072,2183
17190,106463,5823,51226,3666,100640,4256,2072,2184
17195,106494,5825,51239,3668,100669,4257,2072,2185
17200,106525,5826,51252,3668,100699,4258,2073,2185
17205,106556,5827,51265,3668,100729,4259,2074,2185
17210,106587,5829,51282,3670,100758,4260,2074,2186
17215,106618,5832,51295,3672,100786,4261,2075,2186
17220,106649,5835,51313,3673,100814,4262,2075,2187
17225,106680,5836,51324,3673,100843,4263,2075,2188
17230,106711,5838,51340,3674,100873,4264,2075,2189
17235,106742,5839,51354,3674,100903,4265,2075,2190
17240,106773,5840,51362,3674,100933,4266,2075,2191
17245,106804,5842,51378,3675,100962,4267,2075,2192
17250,106835,5844,51391,3676,100991,4268,2076,2192
17255,106866,5846,51407,3677,101020,4269,2076,2193
17260,106897,5848,51420,3677,101049,4270,2076,2194
17265,106928,5850,51440,3678,101078,4271,2076,2195
17270,106959,5852,51456,3680,101107,4273,2076,2197
17275,106990,5855,51469,3681,101135,4275,2077,2198
17280,107021,5857,51487,3682,101164,4277,2078,2199
17285,107052,5861,51504,3685,101191,4278,2078,2200
17290,107083,5864,51521,3685,101219,4279,2079,2200
17295,107114,5868,51536,3686,101246,4280,2080,2200
17300,107145,5872,51552,3688,101273,4281,2080,2201
17305,107176,5875,51568,3691,101301,4282,2081,2201
17310,107207,5878,51587,3694,101329,4283,2082,2201
17315,107238,5881,51601,3694,101357,4284,2083,2201
17320,107269,5884,51616,3695,101385,4285,2083,2202
17325,107300,5887,51631,3697,101413,4286,2084,2202
17330,107331,5890,51642,3699,101441,4287,2085,2202
17335,107362,5894,51657,3701,101467,4288,2085,2203
17340,107393,5900,51677,3706,101492,4289,2085,2204
17345,107424,5902,51693,3707,101522,4291,2086,2205
17350,107455,5903,51708,3708,101552,4292,2087,2205
17355,107486,5904,51719,3709,101582,4293,2087,2206
17360,107517,5905,51729,3710,101612,4294,2088,2206
17365,107548,5906,51745,3711,101642,4295,2088,2207
17370,107579,5907,51762,3712,101672,4296,2088,2208
17375,107610,5908,51780,3713,101702,4297,2088,2209
17380,107641,5909,51794,3714,101732,4298,2088,2210
17385,107672,5910,51807,3715,101762,4299,2088,2211
17390,107703,5911,51820,3716,101792,4300,2089,2211
17395,107734,5913,51836,3717,101821,4301,2089,2212
17400,107765,5913,51850,3717,101852,4302,2090,2212
17405,107796,5914,51864,3717,101882,4303,2090,2213
17410,107827,5917,51879,3719,101910,4304,2091,2213
17415,107858,5918,51892,3720,101940,4305,2091,2214
17420,107889,5918,51904,3720,101971,4306,2091,2215
17425,107920,5918,51920,3720,102002,4307,2092,2215
17430,107951,5918,51935,3720,102033,4308,2092,2216
17435,107982,5918,51952,3720,102064,4309,2092,2217
17440,108013,5918,51966,3720,102095,4310,2092,2218
17445,108044,5919,51976,3721,102125,4311,2093,2218
17450,108075,5921,51990,3723,102154,4312,2093,2219
17455,108106,5922,51999,3723,102184,4314,2095,2219
17460,108137,5924,52015,3724,102213,4316,2096,2220
17465,108168,5927,52030,3726,102240,4318,2098,2220
17470,108199,5931,52045,3728,102268,4320,2100,2220
17475,108230,5935,52068,3731,102295,4322,2101,2221
17480,108261,5938,52084,3732,102323,4324,2103,2221
17485,108292,5941,52098,3735,102351,4326,2104,2222
17490,108323,5943,52113,3736,102380,4328,2105,2223
17495,108354,5944,52126,3737,102410,4329,2105,2224
17500,108385,5945,52137,3737,102440,4330,2105,2225
17505,108416,5947,52152,3737,102469,4331,2106,2225
17510,108447,5949,52162,3738,102498,4332,2106,2226
17515,108478,5951,52183,3740,102527,4333,2106,2227
17520,108509,5954,52200,3742,102555,4334,2106,2228
17525,108540,5956,52211,3742,102584,4336,2107,2229
17530,108571,5958,52224,3742,102613,4338,2109,2229
17535,108602,5960,52240,3742,102642,4340,2110,2230
17540,108633,5962,52255,3743,102671,4342,2111,2231
17545,108664,5965,52272,3744,102699,4344,2112,2232
17550,108695,5967,52288,3746,102728,4346,2114,2232
17555,108726,5969,52302,3747,102757,4348,2114,2234
17560,108757,5971,52320,3748,102786,4350,2115,2235
17565,108788,5973,52340,3750,102815,4352,2117,2235
17570,108819,5976,52355,3752,102843,4354,2118,2236
17575,108850,5980,52375,3755,102870,4356,2119,2237
17580,108881,5983,52391,3758,102898,4358,2120,2238
17585,108912,5984,52405,3759,102928,4358,2120,2238
17590,108943,5985,52418,3760,102957,4358,2120,2238
17595,108974,5987,52431,3761,102986,4358,2120,2238
17600,109005,5989,52444,3762,103016,4358,2120,2238
17605,109036,5990,52457,3763,103045,4358,2120,2238
17610,109067,5992,52469,3765,103075,4358,2120,2238
17615,109098,5993,52485,3765,103104,4358,2120,2238
17620,109129,5995,52499,3766,103134,4358,2120,2238
17625,109160,5996,52517,3767,103164,4358,2120,2238
17630,109191,5998,52535,3768,103192,4358,2120,2238
17635,109222,5999,52550,3769,103223,4358,2120,2238
17640,109253,5999,52565,3769,103254,4358,2120,2238
17645,109284,5999,52578,3769,103285,4359,2121,2238
17650,109315,5999,52591,3769,103316,4360,2121,2239
17655,109346,5999,52598,3769,103347,4361,2121,2240
17660,109377,5999,52613,3769,103378,4362,2122,2240
17665,109408,5999,52627,3769,103409,4363,2122,2241
17670,109439,5999,52643,3769,103440,4364,2123,2241
17675,109470,5999,52655,3769,103471,4365,2124,2241
17680,109501,5999,52667,3769,103502,4366,2125,2241
17685,109532,6000,52685,3770,103532,4367,2126,2241
17690,109563,6001,52698,3771,103562,4369,2126,2243
17695,109594,6003,52721,3773,103591,4371,2128,2243
17700,109625,6005,52734,3774,103620,4373,2129,2244
17705,109656,6008,52751,3775,103648,4375,2130,2245
17710,109687,6010,52766,3776,103677,4377,2130,2247
17715,109718,6012,52779,3777,103706,4378,2131,2247
17720,109749,6015,52796,3779,103734,4379,2131,2248
17725,109780,6019,52816,3781,103761,4380,2131,2249
17730,109811,6023,52838,3784,103788,4381,2131,2250
17735,109842,6026,52854,3785,103816,4382,2131,2251
17740,109873,6029,52873,3787,103844,4383,2132,2251
17745,109904,6032,52885,3789,103872,4384,2132,2252
17750,109935,6035,52898,3789,103899,4385,2132,2253
17755,109966,6040,52911,3793,103925,4386,2133,2253
17760,109997,6047,52933,3799,103949,4387,2134,2253
17765,110028,6050,52953,3802,103978,4388,2134,2254
17770,110059,6051,52964,3803,104008,4389,2134,2255
17775,110090,6052,52977,3804,104038,4390,2134,2256
17780,110121,6054,52998,3805,104067,4391,2134,2257
17785,110152,6056,53014,3807,104096,4392,2135,2257
17790,110183,6058,53031,3808,104125,4393,2136,2257
17795,110214,6058,53044,3808,104156,4394,2136,2258
17800,110245,6058,53063,3808,104187,4395,2137,2258
17805,110276,6058,53077,3808,104218,4396,2137,2259
17810,110307,6058,53097,3808,104249,4397,2138,2259
17815,110338,6058,53115,3808,104280,4398,2138,2260
17820,110369,6058,53134,3808,104311,4400,2140,2260
17825,110400,6062,53152,3812,104337,4402,2141,2261
17830,110431,6064,53169,3814,104367,4404,2142,2262
17835,110462,6066,53186,3815,104396,4406,2143,2263
17840,110493,6068,53202,3817,104425,4408,2144,2264
17845,110524,6069,53216,3817,104455,4410,2146,2264
17850,110555,6070,53224,3817,104485,4412,2146,2266
17855,110586,6071,53237,3817,104515,4414,2147,2267
17860,110617,6072,53251,3817,104545,4416,2147,2269
17865,110648,6074,53261,3819,104574,4418,2147,2271
17870,110679,6077,53278,3822,104602,4420,2148,2272
17875,110710,6079,53295,3823,104631,4422,2148,2274
17880,110741,6081,53309,3825,104660,4424,2148,2276
17885,110772,6082,53323,3826,104690,4425,2148,2277
17890,110803,6085,53338,3829,104718,4426,2148,2278
17895,110834,6088,53357,3832,104746,4427,2149,2278
17900,110865,6089,53373,3832,104776,4428,2150,2278
17905,110896,6089,53389,3832,104807,4429,2150,2279
17910,110927,6089,53403,3832,104838,4430,2151,2279
17915,110958,6089,53418,3832,104869,4431,2151,2280
17920,110989,6089,53438,3832,104900,4432,2152,2280
17925,111020,6089,53452,3832,104931,4433,2152,2281
17930,111051,6089,53465,3832,104962,4434,2152,2282
17935,111082,6090,53476,3833,104992,4435,2153,2282
17940,111113,6091,53491,3834,105022,4436,2153,2283
17945,111144,6094,53499,3836,105050,4437,2153,2284
17950,111175,6098,53519,3838,105076,4438,2154,2284
17955,111206,6102,53538,3841,105103,4439,2154,2285
17960,111237,6106,53556,3843,105131,4440,2154,2286
17965,111268,6108,53568,3844,105160,4441,2154,2287
17970,111299,6111,53582,3845,105188,4442,2154,2288
17975,111330,6112,53595,3845,105218,4443,2154,2289
17980,111361,6113,53610,3846,105248,4444,2155,2289
17985,111392,6114,53627,3847,105278,4445,2156,2289
17990,111423,6115,53639,3848,105308,4447,2156,2291
17995,111454,6116,53652,3848,105338,4449,2157,2292
18000,111485,6117,53665,3849,105368,4451,2158,2293
18005,111516,6118,53680,3849,105398,4453,2159,2294
18010,111547,6121,53691,3852,105426,4454,2159,2295
18015,111578,6124,53705,3855,105454,4455,2159,2296
18020,111609,6127,53723,3858,105482,4456,2159,2297
18025,111640,6129,53737,3859,105511,4457,2160,2297
18030,111671,6133,53754,3862,105538,4458,2160,2298
18035,111702,6136,53775,3865,105566,4459,2161,2298
18040,111733,6138,53789,3866,105595,4460,2162,2298
18045,111764,6142,53805,3869,105622,4461,2162,2299
18050,111795,6145,53823,3871,105650,4462,2162,2300
18055,111826,6147,53837,3872,105679,4463,2162,2301
18060,111857,6147,53853,3872,105710,4464,2162,2302
18065,111888,6148,53870,3873,105739,4465,2162,2303
18070,111919,6150,53881,3875,105768,4466,2162,2304
18075,111950,6152,53895,3877,105798,4467,2162,2305
18080,111981,6153,53905,3878,105828,4468,2162,2306
18085,112012,6154,53927,3878,105858,4469,2162,2307
18090,112043,6155,53938,3878,105888,4470,2163,2307
18095,112074,6156,53954,3878,105918,4471,2164,2307
18100,112105,6157,53968,3878,105948,4472,2165,2307
18105,112136,6158,53983,3878,105978,4473,2166,2307
18110,112167,6160,53993,3879,106007,4475,2167,2308
18115,112198,6162,54010,3880,106036,4477,2167,2310
18120,112229,6163,54026,3881,106066,4479,2168,2311
18125,112260,6164,54043,3882,106096,4480,2169,2311
18130,112291,6164,54056,3882,106127,4481,2170,2311
18135,112322,6164,54072,3882,106158,4481,2170,2311
18140,112353,6164,54088,3882,106189,4481,2170,2311
18145,112384,6164,54099,3882,106220,4481,2170,2311
18150,112415,6164,54113,3882,106251,4481,2170,2311
18155,112446,6164,54130,3882,106282,4481,2170,2311
18160,112477,6165,54147,3883,106312,4481,2170,2311
18165,112508,6166,54160,3883,106342,4481,2170,2311
18170,112539,6168,54169,3885,106371,4481,2170,2311
18175,112570,6171,54187,3887,106399,4481,2170,2311
18180,112601,6175,54201,3891,106426,4481,2170,2311
18185,112632,6179,54217,3894,106452,4482,2171,2311
18190,112663,6181,54231,3895,106482,4483,2171,2312
18195,112694,6182,54247,3896,106511,4484,2172,2312
18200,112725,6184,54263,3898,106540,4485,2172,2313
18205,112756,6186,54277,3899,106570,4486,2172,2314
18210,112787,6187,54294,3900,106600,4487,2172,2315
18215,112818,6188,54305,3900,106630,4488,2173,2315
18220,112849,6189,54319,3900,106660,4489,2174,2315
18225,112880,6190,54334,3901,106690,4490,2174,2316
18230,112911,6191,54345,3902,106720,4491,2174,2317
18235,112942,6192,54357,3903,106750,4493,2175,2318
18240,112973,6193,54371,3903,106780,4495,2175,2320
18245,113004,6193,54393,3903,106811,4497,2176,2321
18250,113035,6193,54406,3903,106842,4499,2177,2322
18255,113066,6193,54417,3903,106873,4501,2178,2323
18260,113097,6193,54432,3903,106904,4502,2179,2323
18265,113128,6193,54446,3903,106935,4503,2179,2324
18270,113159,6193,54461,3903,106966,4504,2179,2325
18275,113190,6193,54474,3903,106997,4505,2179,2326
18280,113221,6193,54487,3903,107028,4506,2179,2327
18285,113252,6193,54501,3903,107059,4507,2179,2328
18290,113283,6196,54521,3904,107087,4508,2180,2328
18295,113314,6199,54539,3906,107115,4509,2181,2328
18300,113345,6204,54555,3910,107141,4510,2182,2328
18305,113376,6206,54569,3911,107169,4512,2183,2329
18310,113407,6209,54586,3912,107197,4513,2184,2329
18315,113438,6213,54603,3914,107224,4514,2185,2329
18320,113469,6216,54616,3917,107253,4515,2185,2330
18325,113500,6219,54628,3918,107281,4516,2186,2330
18330,113531,6222,54641,3920,107308,4517,2186,2331
18335,113562,6226,54659,3923,107336,4518,2187,2331
18340,113593,6229,54670,3925,107364,4519,2188,2331
18345,113624,6230,54689,3925,107393,4520,2189,2331
18350,113655,6232,54701,3926,107423,4521,2190,2331
18355,113686,6233,54714,3926,107453,4522,2190,2332
18360,113717,6234,54735,3926,107483,4523,2190,2333
18365,113748,6235,54748,3926,107513,4523,2190,2333
18370,113779,6236,54762,3927,107543,4523,2190,2333
18375,113810,6237,54777,3927,107573,4523,2190,2333
18380,113841,6238,54790,3928,107603,4523,2190,2333
18385,113872,6239,54805,3929,107633,4523,2190,2333
18390,113903,6240,54819,3930,107663,4523,2190,2333
18395,113934,6241,54837,3930,107693,4523,2190,2333
18400,113965,6242,54853,3930,107723,4523,2190,2333
18405,113996,6243,54864,3930,107753,4523,2190,2333
18410,114027,6246,54875,3932,107781,4524,2191,2333
18415,114058,6248,54894,3933,107810,4525,2191,2334
18420,114089,6250,54905,3933,107839,4526,2191,2335
18425,114120,6251,54917,3933,107869,4528,2192,2336
18430,114151,6252,54931,3933,107899,4530,2193,2337
18435,114182,6253,54944,3934,107929,4532,2194,2338
18440,114213,6254,54955,3934,107959,4534,2196,2338
18445,114244,6257,54971,3936,107987,4536,2197,2339
18450,114275,6261,54987,3938,108014,4537,2198,2339
18455,114306,6264,55000,3941,108042,4538,2198,2340
18460,114337,6268,55015,3944,108069,4539,2199,2340
18465,114368,6272,55027,3946,108095,4540,2200,2340
18470,114399,6276,55043,3949,108122,4541,2201,2340
18475,114430,6281,55062,3953,108148,4542,2202,2340
18480,114461,6285,55079,3956,108175,4543,2203,2340
18485,114492,6287,55093,3957,108205,4544,2203,2341
18490,114523,6289,55107,3959,108234,4545,2203,2342
18495,114554,6290,55119,3959,108264,4546,2204,2342
18500,114585,6292,55136,3961,108293,4547,2205,2342
18505,114616,6293,55152,3961,108323,4548,2205,2343
18510,114647,6295,55166,3962,108352,4549,2206,2343
18515,114678,6296,55185,3962,108382,4550,2206,2344
18520,114709,6297,55199,3963,108412,4551,2206,2345
18525,114740,6299,55213,3964,108441,4552,2206,2346
18530,114771,6299,55229,3964,108472,4553,2207,2346
18535,114802,6299,55247,3964,108503,4554,2208,2346
18540,114833,6299,55259,3964,108534,4555,2209,2346
18545,114864,6301,55275,3966,108563,4556,2210,2346
18550,114895,6302,55290,3966,108593,4558,2212,2346
18555,114926,6304,55305,3967,108622,4560,2214,2346
18560,114957,6306,55323,3969,108651,4562,2214,2348
18565,114988,6307,55334,3969,108681,4564,2215,2349
18570,115019,6309,55347,3971,108710,4566,2216,2350
18575,115050,6310,55364,3972,108740,4568,2217,2351
18580,115081,6312,55378,3974,108769,4569,2217,2352
18585,115112,6313,55392,3975,108799,4570,2218,2352
18590,115143,6313,55408,3975,108830,4571,2219,2352
18595,115174,6313,55423,3975,108861,4572,2219,2353
18600,115205,6313,55440,3975,108892,4573,2219,2354
18605,115236,6313,55455,3975,108923,4573,2219,2354
18610,115267,6313,55471,3975,108954,4573,2219,2354
18615,115298,6313,55483,3975,108985,4573,2219,2354
18620,115329,6313,55495,3975,109016,4573,2219,2354
18625,115360,6313,55510,3975,109047,4573,2219,2354
18630,115391,6313,55523,3975,109078,4573,2219,2354
18635,115422,6314,55536,3976,109108,4573,2219,2354
18640,115453,6315,55552,3976,109138,4573,2219,2354
18645,115484,6316,55567,3977,109168,4573,2219,2354
18650,115515,6318,55584,3978,109197,4573,2219,2354
18655,115546,6320,55600,3979,109226,4573,2219,2354
18660,115577,6322,55611,3979,109255,4573,2219,2354
18665,115608,6325,55626,3981,109283,4574,2220,2354
18670,115639,6328,55642,3982,109311,4575,2220,2355
18675,115670,6330,55660,3983,109340,4576,2221,2355
18680,115701,6333,55676,3986,109368,4578,2223,2355
18685,115732,6336,55689,3987,109396,4580,2224,2356
18690,115763,6339,55702,3989,109424,4582,2225,2357
18695,115794,6343,55716,3992,109451,4584,2226,2358
18700,115825,6347,55731,3995,109478,4586,2227,2359
18705,115856,6353,55748,4000,109503,4588,2228,2360
18710,115887,6357,55760,4002,109530,4590,2229,2361
18715,115918,6364,55780,4006,109554,4592,2231,2361
18720,115949,6368,55793,4008,109581,4594,2231,2363
18725,115980,6370,55813,4009,109610,4595,2231,2364
18730,116011,6371,55829,4009,109640,4596,2232,2364
18735,116042,6372,55840,4010,109670,4597,2232,2365
18740,116073,6374,55860,4012,109699,4598,2233,2365
18745,116104,6375,55879,4013,109729,4599,2233,2366
18750,116135,6377,55896,4014,109758,4600,2233,2367
18755,116166,6378,55908,4014,109788,4601,2233,2368
18760,116197,6380,55924,4016,109817,4602,2234,2368
18765,116228,6382,55944,4017,109846,4603,2234,2369
18770,116259,6382,55960,4017,109877,4604,2234,2370
18775,116290,6382,55974,4017,109908,4605,2235,2370
18780,116321,6382,55991,4017,109939,4606,2236,2370
18785,116352,6384,56004,4019,109968,4608,2237,2371
18790,116383,6384,56018,4019,109999,4609,2237,2372
18795,116414,6384,56034,4019,110030,4610,2237,2373
18800,116445,6384,56050,4019,110061,4611,2238,2373
18805,116476,6384,56066,4019,110092,4612,2239,2373
18810,116507,6384,56081,4019,110123,4613,2239,2374
18815,116538,6384,56096,4019,110154,4614,2239,2375
18820,116569,6384,56110,4019,110185,4615,2239,2376
18825,116600,6385,56123,4019,110215,4616,2239,2377
18830,116631,6387,56137,4021,110244,4617,2239,2378
18835,116662,6389,56155,4022,110273,4618,2239,2379
18840,116693,6391,56168,4022,110302,4619,2239,2380
18845,116724,6393,56178,4023,110331,4619,2239,2380
18850,116755,6395,56191,4025,110360,4619,2239,2380
18855,116786,6398,56205,4026,110388,4619,2239,2380
18860,116817,6400,56220,4027,110417,4619,2239,2380
18865,116848,6404,56232,4029,110444,4619,2239,2380
18870,116879,6406,56245,4030,110473,4619,2239,2380
18875,116910,6409,56260,4032,110501,4619,2239,2380
18880,116941,6413,56276,4034,110528,4619,2239,2380
18885,116972,6415,56286,4035,110557,4619,2239,2380
18890,117003,6419,56300,4039,110584,4620,2239,2381
18895,117034,6425,56315,4044,110609,4621,2240,2381
18900,117065,6429,56329,4046,110636,4622,2240,2382
18905,117096,6431,56344,4047,110665,4624,2242,2382
18910,117127,6433,56361,4048,110694,4626,2243,2383
18915,117158,6435,56377,4049,110723,4628,2245,2383
18920,117189,6435,56393,4049,110754,4630,2246,2384
18925,117220,6435,56408,4049,110785,4632,2247,2385
18930,117251,6435,56423,4049,110816,4633,2248,2385
18935,117282,6435,56438,4049,110847,4634,2248,2386
18940,117313,6435,56453,4049,110878,4635,2248,2387
18945,117344,6435,56467,4049,110909,4636,2249,2387
18950,117375,6435,56484,4049,110940,4637,2250,2387
18955,117406,6435,56499,4049,110971,4638,2250,2388
18960,117437,6435,56520,4049,111002,4639,2251,2388
18965,117468,6435,56532,4049,111033,4640,2252,2388
18970,117499,6435,56547,4049,111064,4641,2252,2389
18975,117530,6435,56561,4049,111095,4642,2253,2389
18980,117561,6435,56578,4049,111126,4643,2254,2389
18985,117592,6435,56592,4049,111157,4644,2254,2390
18990,117623,6435,56609,4049,111188,4645,2254,2391
18995,117654,6435,56623,4049,111219,4646,2254,2392
19000,117685,6435,56638,4049,111250,4647,2254,2393
19005,117716,6436,56655,4050,111280,4648,2254,2394
19010,117747,6437,56670,4051,111309,4649,2255,2394
19015,117778,6441,56681,4053,111337,4650,2256,2394
19020,117809,6444,56690,4055,111365,4651,2256,2395
19025,117840,6446,56703,4056,111394,4652,2256,2396
19030,117871,6449,56716,4058,111422,4654,2257,2397
19035,117902,6453,56734,4060,111449,4656,2258,2398
19040,117933,6455,56745,4060,111478,4658,2259,2399
19045,117964,6458,56763,4062,111506,4660,2260,2400
19050,117995,6461,56778,4065,111534,4662,2262,2400
19055,118026,6465,56789,4067,111561,4664,2262,2402
19060,118057,6468,56803,4068,111589,4666,2263,2403
19065,118088,6472,56816,4072,111616,4668,2264,2404
19070,118119,6473,56831,4073,111646,4670,2264,2406
19075,118150,6474,56846,4073,111676,4672,2264,2408
19080,118181,6475,56863,4073,111706,4674,2266,2408
19085,118212,6476,56880,4074,111736,4676,2268,2408
19090,118243,6477,56898,4075,111766,4678,2270,2408
19095,118274,6478,56911,4076,111796,4679,2270,2409
19100,118305,6479,56923,4076,111826,4680,2270,2410
19105,118336,6480,56941,4077,111856,4681,2270,2411
19110,118367,6481,56956,4077,111886,4682,2271,2411
19115,118398,6482,56972,4078,111916,4683,2271,2412
19120,118429,6483,56987,4078,111946,4684,2271,2413
19125,118460,6485,56999,4080,111975,4685,2271,2414
19130,118491,6488,57019,4083,112003,4686,2272,2414
19135,118522,6491,57038,4085,112030,4687,2273,2414
19140,118553,6494,57054,4088,112059,4688,2274,2414
19145,118584,6497,57072,4090,112087,4688,2274,2414
19150,118615,6501,57091,4093,112114,4688,2274,2414
19155,118646,6502,57106,4094,112144,4688,2274,2414
19160,118677,6503,57123,4095,112174,4688,2274,2414
19165,118708,6504,57140,4096,112204,4688,2274,2414
19170,118739,6506,57154,4098,112233,4688,2274,2414
19175,118770,6507,57168,4098,112263,4688,2274,2414
19180,118801,6509,57189,4100,112292,4688,2274,2414
19185,118832,6511,57204,4101,112321,4688,2274,2414
19190,118863,6513,57222,4103,112350,4688,2274,2414
19195,118894,6514,57235,4103,112380,4689,2274,2415
19200,118925,6515,57256,4104,112410,4690,2275,2415
19205,118956,6515,57275,4104,112441,4692,2276,2416
19210,118987,6515,57293,4104,112472,4694,2277,2417
19215,119018,6515,57309,4104,112503,4696,2278,2418
19220,119049,6515,57323,4104,112534,4698,2278,2420
19225,119080,6515,57339,4104,112565,4700,2278,2422
19230,119111,6515,57348,4104,112596,4702,2278,2424
19235,119142,6515,57366,4104,112627,4703,2279,2424
19240,119173,6515,57376,4104,112658,4704,2280,2424
19245,119204,6515,57395,4104,112689,4705,2280,2425
19250,119235,6515,57413,4104,112720,4706,2281,2425
19255,119266,6515,57424,4104,112751,4707,2282,2425
19260,119297,6518,57437,4106,112778,4708,2283,2425
19265,119328,6522,57452,4109,112806,4709,2284,2425
19270,119359,6526,57462,4111,112833,4710,2284,2426
19275,119390,6531,57477,4114,112859,4711,2284,2427
19280,119421,6534,57490,4117,112887,4712,2284,2428
19285,119452,6538,57506,4119,112914,4713,2285,2428
19290,119483,6543,57523,4121,112940,4714,2286,2428
19295,119514,6546,57539,4123,112968,4715,2287,2428
19300,119545,6549,57553,4126,112996,4716,2287,2429
19305,119576,6553,57569,4128,113023,4717,2287,2430
19310,119607,6553,57578,4128,113054,4718,2287,2431
19315,119638,6553,57588,4128,113085,4719,2287,2432
19320,119669,6553,57599,4128,113116,4720,2287,2433
19325,119700,6553,57618,4128,113147,4721,2288,2433
19330,119731,6553,57628,4128,113178,4722,2289,2433
19335,119762,6553,57645,4128,113209,4724,2291,2433
19340,119793,6553,57658,4128,113240,4726,2291,2435
19345,119824,6553,57673,4128,113271,4728,2292,2436
19350,119855,6553,57690,4128,113302,4730,2292,2438
19355,119886,6553,57703,4128,113333,4732,2292,2440
19360,119917,6553,57716,4128,113364,4734,2292,2442
19365,119948,6553,57730,4128,113395,4736,2292,2444
19370,119979,6553,57749,4128,113426,4738,2293,2445
19375,120010,6553,57763,4128,113457,4740,2294,2446
19380,120041,6553,57782,4128,113488,4742,2296,2446
19385,120072,6560,57802,4134,113512,4743,2296,2447
19390,120103,6566,57819,4139,113537,4744,2296,2448
19395,120134,6568,57829,4140,113566,4744,2296,2448
19400,120165,6571,57842,4142,113594,4744,2296,2448
19405,120196,6574,57852,4144,113622,4744,2296,2448
19410,120227,6577,57870,4147,113650,4744,2296,2448
19415,120258,6580,57882,4149,113678,4744,2296,2448
19420,120289,6585,57899,4152,113704,4744,2296,2448
19425,120320,6586,57912,4153,113734,4744,2296,2448
19430,120351,6587,57927,4153,113764,4744,2296,2448
19435,120382,6589,57938,4155,113793,4744,2296,2448
19440,120413,6590,57950,4156,113823,4744,2296,2448
19445,120444,6591,57968,4156,113853,4744,2296,2448
19450,120475,6593,57982,4157,113882,4744,2296,2448
19455,120506,6594,58001,4158,113912,4744,2296,2448
19460,120537,6595,58016,4159,113942,4744,2296,2448
19465,120568,6596,58028,4159,113972,4744,2296,2448
19470,120599,6597,58046,4160,114002,4744,2296,2448
19475,120630,6598,58058,4161,114032,4744,2296,2448
19480,120661,6599,58067,4161,114062,4744,2296,2448
19485,120692,6600,58074,4162,114092,4744,2296,2448
19490,120723,6601,58091,4162,114121,4744,2296,2448
19495,120754,6602,58100,4163,114152,4746,2296,2450
19500,120785,6604,58115,4165,114181,4748,2297,2451
19505,120816,6605,58126,4165,114211,4749,2297,2452
19510,120847,6606,58138,4166,114241,4750,2297,2453
19515,120878,6607,58154,4167,114271,4751,2298,2453
19520,120909,6608,58171,4167,114301,4752,2298,2454
19525,120940,6609,58186,4167,114331,4753,2298,2455
19530,120971,6612,58196,4169,114359,4754,2298,2456
19535,121002,6615,58215,4171,114387,4755,2299,2456
19540,121033,6617,58228,4173,114416,4756,2299,2457
19545,121064,6619,58239,4174,114445,4757,2300,2457
19550,121095,6622,58254,4176,114473,4758,2300,2458
19555,121126,6625,58271,4179,114501,4759,2300,2459
19560,121157,6627,58284,4180,114530,4760,2300,2460
19565,121188,6630,58297,4182,114558,4761,2300,2461
19570,121219,6632,58307,4183,114587,4762,2300,2462
19575,121250,6634,58322,4184,114616,4763,2301,2462
19580,121281,6636,58338,4186,114645,4764,2301,2463
19585,121312,6637,58358,4187,114675,4765,2301,2464
19590,121343,6638,58371,4187,114705,4766,2302,2464
19595,121374,6640,58388,4189,114734,4767,2303,2464
19600,121405,6642,58400,4191,114763,4768,2304,2464
19605,121436,6645,58419,4194,114791,4769,2305,2464
19610,121467,6648,58432,4196,114819,4770,2305,2465
19615,121498,6650,58447,4197,114848,4771,2306,2465
19620,121529,6652,58466,4199,114876,4772,2306,2466
19625,121560,6656,58484,4202,114903,4773,2307,2466
19630,121591,6659,58494,4204,114932,4774,2307,2467
19635,121622,6662,58510,4207,114960,4775,2308,2467
19640,121653,6664,58524,4209,114989,4776,2308,2468
19645,121684,6666,58540,4210,115018,4777,2308,2469
19650,121715,6668,58557,4211,115047,4778,2308,2470
19655,121746,6670,58567,4212,115076,4779,2308,2471
19660,121777,6672,58580,4213,115105,4780,2309,2471
19665,121808,6674,58598,4214,115134,4781,2309,2472
19670,121839,6676,58612,4214,115163,4782,2310,2472
19675,121870,6678,58625,4214,115192,4783,2310,2473
19680,121901,6680,58641,4215,115221,4784,2311,2473
19685,121932,6680,58657,4215,115252,4785,2312,2473
19690,121963,6680,58678,4215,115283,4787,2313,2474
19695,121994,6680,58695,4215,115314,4789,2314,2475
19700,122025,6680,58708,4215,115345,4790,2315,2475
19705,122056,6680,58720,4215,115376,4791,2315,2476
19710,122087,6680,58737,4215,115407,4792,2316,2476
19715,122118,6680,58750,4215,115438,4793,2316,2477
19720,122149,6680,58767,4215,115469,4794,2317,2477
19725,122180,6680,58783,4215,115500,4795,2318,2477
19730,122211,6681,58797,4216,115530,4796,2318,2478
19735,122242,6682,58812,4216,115560,4797,2319,2478
19740,122273,6683,58830,4217,115590,4798,2320,2478
19745,122304,6684,58842,4218,115620,4799,2320,2479
19750,122335,6685,58853,4219,115650,4800,2321,2479
19755,122366,6687,58867,4221,115679,4801,2321,2480
19760,122397,6688,58883,4221,115709,4802,2321,2481
19765,122428,6689,58897,4222,115739,4803,2322,2481
19770,122459,6690,58914,4222,115769,4804,2323,2481
19775,122490,6692,58930,4223,115798,4805,2323,2482
19780,122521,6693,58943,4223,115828,4806,2324,2482
19785,122552,6695,58957,4225,115857,4807,2324,2483
19790,122583,6699,58972,4229,115884,4808,2325,2483
19795,122614,6703,58983,4231,115911,4809,2326,2483
19800,122645,6707,58997,4234,115938,4810,2327,2483
19805,122676,6710,59014,4236,115966,4811,2327,2484
19810,122707,6714,59030,4239,115993,4812,2328,2484
19815,122738,6716,59046,4241,116022,4813,2328,2485
19820,122769,6718,59060,4242,116051,4814,2329,2485
19825,122800,6722,59075,4246,116078,4815,2330,2485
19830,122831,6724,59091,4246,116107,4816,2331,2485
19835,122862,6725,59104,4246,116137,4817,2332,2485
19840,122893,6727,59126,4247,116166,4818,2333,2485
19845,122924,6728,59142,4247,116196,4819,2333,2486
19850,122955,6729,59162,4248,116225,4820,2333,2487
19855,122986,6731,59172,4250,116255,4821,2333,2488
19860,123017,6731,59189,4250,116286,4822,2333,2489
19865,123048,6731,59202,4250,116317,4823,2333,2490
19870,123079,6731,59216,4250,116348,4824,2334,2490
19875,123110,6731,59232,4250,116379,4825,2334,2491
19880,123141,6731,59247,4250,116410,4826,2335,2491
19885,123172,6731,59261,4250,116441,4827,2336,2491
19890,123203,6731,59276,4250,116472,4828,2336,2492
19895,123234,6731,59288,4250,116503,4829,2336,2493
19900,123265,6731,59305,4250,116534,4830,2336,2494
19905,123296,6733,59322,4252,116563,4831,2337,2494
19910,123327,6735,59344,4254,116592,4832,2337,2495
19915,123358,6738,59365,4256,116620,4833,2338,2495
19920,123389,6740,59383,4258,116649,4834,2338,2496
19925,123420,6742,59394,4259,116678,4834,2338,2496
19930,123451,6743,59405,4259,116708,4834,2338,2496
19935,123482,6746,59423,4261,116736,4834,2338,2496
19940,123513,6748,59440,4263,116765,4834,2338,2496
19945,123544,6750,59454,4265,116794,4834,2338,2496
19950,123575,6752,59469,4266,116823,4834,2338,2496
19955,123606,6755,59486,4269,116851,4834,2338,2496
19960,123637,6758,59502,4271,116879,4834,2338,2496
19965,123668,6761,59514,4274,116907,4834,2338,2496
19970,123699,6762,59528,4275,116937,4834,2338,2496
19975,123730,6764,59541,4277,116966,4834,2338,2496
19980,123761,6765,59561,4277,116996,4834,2338,2496
19985,123792,6767,59578,4278,117025,4834,2338,2496
19990,123823,6769,59588,4279,117054,4834,2338,2496
19995,123854,6771,59605,4281,117083,4834,2338,2496
20000,123885,6772,59619,4281,117113,4834,2338,2496
20005,123916,6773,59631,4281,117143,4834,2338,2496
20010,123947,6774,59644,4281,117173,4834,2338,2496
20015,123978,6775,59653,4281,117203,4834,2338,2496
20020,124009,6776,59665,4282,117233,4834,2338,2496
20025,124040,6778,59681,4284,117262,4834,2338,2496
20030,124071,6781,59695,4287,117290,4835,2338,2497
20035,124102,6783,59703,4287,117319,4836,2338,2498
20040,124133,6786,59718,4289,117346,4837,2339,2498
20045,124164,6789,59737,4292,117375,4838,2340,2498
20050,124195,6791,59753,4293,117404,4839,2341,2498
20055,124226,6793,59766,4294,117433,4840,2341,2499
20060,124257,6795,59789,4296,117462,4841,2342,2499
20065,124288,6797,59803,4297,117491,4843,2344,2499
20070,124319,6799,59815,4298,117520,4845,2344,2501
20075,124350,6801,59833,4299,117549,4847,2346,2501
20080,124381,6804,59847,4301,117577,4849,2347,2502
20085,124412,6807,59867,4302,117605,4850,2348,2502
20090,124443,6810,59882,4305,117633,4851,2349,2502
20095,124474,6811,59893,4306,117663,4852,2349,2503
20100,124505,6812,59904,4307,117693,4853,2349,2504
20105,124536,6814,59921,4309,117722,4854,2349,2505
20110,124567,6816,59935,4309,117751,4855,2349,2506
20115,124598,6818,59953,4310,117780,4856,2350,2506
20120,124629,6820,59970,4310,117809,4857,2350,2507
20125,124660,6822,59987,4312,117838,4858,2351,2507
20130,124691,6825,60003,4314,117866,4859,2352,2507
20135,124722,6827,60017,4314,117895,4860,2352,2508
20140,124753,6829,60029,4314,117924,4861,2352,2509
20145,124784,6831,60042,4315,117953,4862,2353,2509
20150,124815,6833,60058,4316,117982,4863,2353,2510
20155,124846,6835,60071,4317,118011,4864,2353,2511
20160,124877,6837,60086,4317,118040,4865,2354,2511
20165,124908,6839,60102,4319,118069,4866,2354,2512
20170,124939,6841,60116,4320,118098,4867,2355,2512
20175,124970,6843,60135,4321,118127,4868,2355,2513
20180,125001,6845,60153,4322,118156,4869,2356,2513
20185,125032,6847,60170,4323,118185,4870,2356,2514
20190,125063,6849,60183,4325,118214,4871,2356,2515
20195,125094,6851,60196,4327,118243,4872,2357,2515
20200,125125,6855,60216,4330,118270,4873,2358,2515
20205,125156,6859,60236,4334,118297,4875,2359,2516
20210,125187,6864,60251,4337,118323,4877,2360,2517
20215,125218,6867,60267,4339,118351,4879,2362,2517
20220,125249,6869,60282,4339,118380,4881,2363,2518
20225,125280,6870,60292,4339,118410,4882,2363,2519
20230,125311,6872,60305,4340,118439,4883,2363,2520
20235,125342,6874,60320,4342,118468,4884,2363,2521
20240,125373,6876,60336,4343,118497,4885,2364,2521
20245,125404,6877,60354,4343,118527,4886,2364,2522
20250,125435,6878,60367,4344,118557,4887,2364,2523
20255,125466,6879,60384,4345,118587,4888,2365,2523
20260,125497,6880,60399,4346,118617,4889,2366,2523
20265,125528,6882,60414,4347,118646,4890,2366,2524
20270,125559,6883,60427,4348,118676,4891,2367,2524
20275,125590,6886,60445,4351,118704,4892,2368,2524
20280,125621,6888,60460,4352,118733,4893,2368,2525
20285,125652,6888,60475,4352,118764,4894,2369,2525
20290,125683,6888,60491,4352,118795,4895,2370,2525
20295,125714,6888,60507,4352,118826,4896,2371,2525
20300,125745,6888,60523,4352,118857,4897,2371,2526
20305,125776,6888,60533,4352,118888,4898,2372,2526
20310,125807,6888,60548,4352,118919,4899,2372,2527
20315,125838,6888,60568,4352,118950,4900,2373,2527
20320,125869,6888,60583,4352,118981,4901,2373,2528
20325,125900,6888,60598,4352,119012,4902,2374,2528
20330,125931,6891,60615,4354,119040,4903,2375,2528
20335,125962,6894,60632,4357,119067,4904,2375,2529
20340,125993,6900,60650,4362,119093,4905,2376,2529
20345,126024,6903,60667,4364,119121,4906,2376,2530
20350,126055,6908,60684,4369,119146,4907,2376,2531
20355,126086,6912,60696,4372,119174,4908,2377,2531
20360,126117,6915,60709,4373,119202,4909,2377,2532
20365,126148,6917,60721,4374,119231,4910,2377,2533
20370,126179,6918,60735,4374,119261,4910,2377,2533
20375,126210,6919,60745,4374,119291,4910,2377,2533
20380,126241,6920,60759,4375,119321,4910,2377,2533
20385,126272,6921,60773,4376,119351,4910,2377,2533
20390,126303,6922,60789,4377,119381,4910,2377,2533
20395,126334,6923,60805,4378,119411,4910,2377,2533
20400,126365,6924,60821,4379,119441,4910,2377,2533
20405,126396,6925,60836,4379,119471,4912,2379,2533
20410,126427,6926,60848,4380,119501,4913,2379,2534
20415,126458,6927,60862,4380,119531,4914,2380,2534
20420,126489,6928,60873,4380,119561,4915,2380,2535
20425,126520,6929,60888,4380,119591,4916,2380,2536
20430,126551,6930,60902,4380,119621,4917,2381,2536
20435,126582,6932,60918,4381,119650,4918,2382,2536
20440,126613,6933,60933,4382,119680,4919,2383,2536
20445,126644,6934,60953,4383,119710,4920,2384,2536
20450,126675,6934,60970,4383,119741,4921,2384,2537
20455,126706,6935,60989,4384,119771,4922,2384,2538
20460,126737,6936,60999,4384,119801,4923,2384,2539
20465,126768,6939,61014,4387,119829,4925,2386,2539
20470,126799,6943,61030,4390,119856,4927,2387,2540
20475,126830,6947,61044,4393,119883,4929,2388,2541
20480,126861,6949,61061,4395,119912,4931,2390,2541
20485,126892,6951,61075,4397,119941,4933,2391,2542
20490,126923,6953,61094,4398,119970,4935,2393,2542
20495,126954,6955,61109,4399,119999,4937,2394,2543
20500,126985,6956,61120,4400,120029,4939,2395,2544
20505,127016,6956,61135,4400,120060,4941,2396,2545
20510,127047,6956,61151,4400,120091,4943,2398,2545
20515,127078,6956,61172,4400,120122,4945,2399,2546
20520,127109,6956,61191,4400,120153,4947,2400,2547
20525,127140,6956,61205,4400,120184,4948,2401,2547
20530,127171,6956,61221,4400,120215,4949,2401,2548
20535,127202,6956,61236,4400,120246,4950,2401,2549
20540,127233,6956,61250,4400,120277,4951,2401,2550
20545,127264,6956,61264,4400,120308,4952,2401,2551
20550,127295,6956,61277,4400,120339,4953,2402,2551
20555,127326,6956,61295,4400,120370,4954,2402,2552
20560,127357,6956,61312,4400,120401,4955,2403,2552
20565,127388,6957,61326,4400,120431,4956,2404,2552
20570,127419,6958,61341,4400,120461,4957,2404,2553
20575,127450,6960,61359,4401,120490,4958,2405,2553
20580,127481,6963,61372,4403,120518,4959,2405,2554
20585,127512,6965,61386,4403,120547,4959,2405,2554
20590,127543,6967,61396,4403,120576,4959,2405,2554
20595,127574,6970,61407,4404,120604,4959,2405,2554
20600,127605,6972,61426,4404,120633,4959,2405,2554
20605,127636,6974,61443,4405,120662,4959,2405,2554
20610,127667,6978,61460,4407,120689,4959,2405,2554
20615,127698,6982,61473,4408,120716,4959,2405,2554
20620,127729,6984,61485,4409,120745,4959,2405,2554
20625,127760,6986,61500,4409,120774,4960,2405,2555
20630,127791,6989,61517,4411,120802,4961,2406,2555
20635,127822,6991,61529,4411,120831,4962,2407,2555
20640,127853,6994,61545,4412,120859,4963,2407,2556
20645,127884,6996,61555,4413,120888,4965,2407,2558
20650,127915,6998,61567,4415,120917,4967,2408,2559
20655,127946,7001,61583,4418,120945,4969,2409,2560
20660,127977,7002,61597,4418,120975,4971,2409,2562
20665,128008,7003,61611,4418,121005,4973,2410,2563
20670,128039,7005,61627,4419,121034,4975,2411,2564
20675,128070,7006,61640,4420,121064,4977,2411,2566
20680,128101,7008,61656,4422,121093,4979,2413,2566
20685,128132,7010,61674,4423,121122,4981,2415,2566
20690,128163,7011,61685,4423,121152,4983,2417,2566
20695,128194,7012,61700,4424,121182,4985,2418,2567
20700,128225,7014,61709,4425,121211,4987,2418,2569
20705,128256,7015,61726,4426,121240,4988,2418,2570
20710,128287,7017,61742,4427,121270,4989,2419,2570
20715,128318,7018,61760,4428,121299,4990,2420,2570
20720,128349,7020,61773,4430,121328,4991,2420,2571
20725,128380,7022,61785,4431,121358,4992,2420,2572
20730,128411,7023,61803,4432,121387,4993,2420,2573
20735,128442,7025,61816,4433,121416,4994,2420,2574
20740,128473,7027,61833,4434,121446,4995,2420,2575
20745,128504,7027,61848,4434,121477,4996,2420,2576
20750,128535,7027,61863,4434,121508,4997,2421,2576
20755,128566,7027,61877,4434,121539,4998,2421,2577
20760,128597,7028,61890,4434,121569,4999,2421,2578
20765,128628,7029,61909,4435,121599,5000,2421,2579
20770,128659,7030,61919,4436,121629,5001,2422,2579
20775,128690,7031,61932,4436,121659,5002,2422,2580
20780,128721,7032,61948,4436,121689,5003,2422,2581
20785,128752,7033,61962,4436,121719,5004,2422,2582
20790,128783,7034,61978,4437,121749,5005,2422,2583
20795,128814,7035,61991,4438,121779,5006,2423,2583
20800,128845,7036,62008,4439,121809,5007,2424,2583
20805,128876,7037,62021,4439,121839,5009,2426,2583
20810,128907,7038,62042,4440,121869,5011,2428,2583
20815,128938,7040,62054,4441,121898,5013,2429,2584
20820,128969,7043,62072,4443,121926,5015,2430,2585
20825,129000,7046,62083,4443,121954,5016,2430,2586
20830,129031,7050,62099,4446,121981,5017,2431,2586
20835,129062,7054,62114,4450,122008,5018,2432,2586
20840,129093,7058,62134,4454,122035,5019,2432,2587
20845,129124,7065,62150,4460,122059,5020,2432,2588
20850,129155,7068,62161,4462,122087,5021,2432,2589
20855,129186,7072,62177,4465,122113,5022,2432,2590
20860,129217,7075,62188,4468,122142,5023,2433,2590
20865,129248,7078,62202,4469,122169,5024,2434,2590
20870,129279,7082,62218,4472,122196,5025,2435,2590
20875,129310,7086,62233,4475,122224,5025,2435,2590
20880,129341,7088,62242,4475,122252,5025,2435,2590
20885,129372,7090,62254,4476,122282,5025,2435,2590
20890,129403,7091,62268,4476,122312,5025,2435,2590
20895,129434,7092,62287,4476,122342,5025,2435,2590
20900,129465,7093,62303,4477,122372,5025,2435,2590
20905,129496,7094,62318,4477,122402,5025,2435,2590
20910,129527,7095,62327,4478,122432,5025,2435,2590
20915,129558,7096,62342,4478,122462,5025,2435,2590
20920,129589,7097,62356,4478,122492,5025,2435,2590
20925,129620,7099,62370,4480,122521,5026,2436,2590
20930,129651,7101,62382,4481,122550,5027,2437,2590
20935,129682,7102,62400,4481,122580,5028,2438,2590
20940,129713,7104,62420,4482,122609,5029,2439,2590
20945,129744,7105,62431,4482,122639,5030,2439,2591
20950,129775,7107,62447,4484,122668,5031,2439,2592
20955,129806,7111,62463,4488,122695,5032,2440,2592
20960,129837,7114,62477,4489,122723,5033,2440,2593
20965,129868,7117,62495,4490,122751,5034,2441,2593
20970,129899,7118,62510,4490,122781,5035,2442,2593
20975,129930,7120,62526,4491,122810,5037,2443,2594
20980,129961,7121,62544,4491,122840,5039,2445,2594
20985,129992,7123,62558,4493,122869,5041,2446,2595
20990,130023,7126,62578,4496,122897,5043,2448,2595
20995,130054,7128,62597,4497,122926,5045,2449,2596
21000,130085,7129,62612,4497,122956,5047,2449,2598
21005,130116,7132,62629,4500,122984,5049,2449,2600
21010,130147,7135,62642,4500,123011,5051,2450,2601
21015,130178,7139,62657,4503,123039,5053,2450,2603
21020,130209,7142,62675,4504,123067,5055,2451,2604
21025,130240,7145,62689,4504,123095,5057,2452,2605
21030,130271,7148,62704,4504,123123,5059,2453,2606
21035,130302,7151,62720,4507,123151,5061,2454,2607
21040,130333,7154,62735,4510,123179,5063,2454,2609
21045,130364,7156,62753,4512,123208,5065,2455,2610
21050,130395,7158,62766,4512,123237,5067,2457,2610
21055,130426,7160,62778,4512,123266,5069,2459,2610
21060,130457,7163,62791,4513,123294,5071,2461,2610
21065,130488,7163,62806,4513,123325,5072,2462,2610
21070,130519,7163,62826,4513,123356,5073,2462,2611
21075,130550,7163,62837,4513,123387,5074,2462,2612
21080,130581,7163,62849,4513,123418,5075,2462,2613
21085,130612,7163,62866,4513,123449,5076,2462,2614
21090,130643,7163,62881,4513,123480,5077,2463,2614
21095,130674,7163,62895,4513,123511,5078,2463,2615
21100,130705,7163,62913,4513,123542,5079,2464,2615
21105,130736,7163,62928,4513,123573,5080,2465,2615
21110,130767,7163,62948,4513,123604,5081,2466,2615
21115,130798,7163,62962,4513,123635,5082,2466,2616
21120,130829,7163,62977,4513,123666,5083,2467,2616
21125,130860,7163,62994,4513,123697,5084,2468,2616
21130,130891,7163,63010,4513,123728,5085,2469,2616
21135,130922,7163,63028,4513,123759,5086,2470,2616
21140,130953,7163,63045,4513,123790,5087,2471,2616
21145,130984,7163,63064,4513,123821,5088,2471,2617
21150,131015,7163,63074,4513,123852,5089,2472,2617
21155,131046,7163,63090,4513,123883,5090,2472,2618
21160,131077,7163,63103,4513,123914,5091,2472,2619
21165,131108,7163,63119,4513,123944,5093,2473,2620
21170,131139,7169,63137,4517,123969,5095,2473,2622
21175,131170,7174,63155,4521,123996,5097,2475,2622
21180,131201,7180,63170,4526,124020,5099,2475,2624
21185,131232,7183,63190,4529,124049,5101,2476,2625
21190,131263,7184,63205,4530,124079,5103,2477,2626
21195,131294,7185,63217,4531,124109,5105,2477,2628
21200,131325,7187,63233,4532,124138,5107,2478,2629
21205,131356,7188,63241,4532,124168,5109,2478,2631
21210,131387,7190,63257,4533,124197,5111,2479,2632
21215,131418,7192,63271,4535,124226,5112,2480,2632
21220,131449,7195,63292,4537,124254,5113,2481,2632
21225,131480,7197,63302,4538,124283,5114,2481,2633
21230,131511,7200,63313,4540,124311,5115,2482,2633
21235,131542,7200,63329,4540,124342,5116,2483,2633
21240,131573,7200,63344,4540,124373,5117,2484,2633
21245,131604,7202,63358,4542,124402,5118,2484,2634
21250,131635,7203,63369,4542,124432,5119,2484,2635
21255,131666,7205,63386,4543,124461,5120,2484,2636
21260,131697,7206,63400,4544,124491,5121,2484,2637
21265,131728,7208,63415,4546,124520,5122,2484,2638
21270,131759,7210,63429,4547,124549,5123,2485,2638
21275,131790,7211,63449,4548,124579,5124,2486,2638
21280,131821,7214,63465,4550,124607,5125,2487,2638
21285,131852,7215,63478,4551,124637,5126,2487,2639
21290,131883,7216,63496,4551,124667,5127,2488,2639
21295,131914,7217,63506,4551,124697,5128,2488,2640
21300,131945,7218,63523,4552,124727,5129,2488,2641
21305,131976,7219,63537,4553,124757,5130,2489,2641
21310,132007,7220,63550,4553,124787,5131,2489,2642
21315,132038,7221,63569,4554,124817,5133,2490,2643
21320,132069,7222,63585,4555,124847,5135,2490,2645
21325,132100,7223,63604,4556,124877,5137,2492,2645
21330,132131,7224,63618,4557,124907,5139,2494,2645
21335,132162,7225,63637,4558,124937,5141,2496,2645
21340,132193,7227,63652,4559,124966,5143,2497,2646
21345,132224,7230,63668,4560,124994,5145,2499,2646
21350,132255,7232,63682,4561,125023,5147,2500,2647
21355,132286,7235,63696,4563,125051,5149,2501,2648
21360,132317,7238,63711,4566,125079,5151,2503,2648
21365,132348,7241,63725,4568,125107,5152,2504,2648
21370,132379,7242,63741,4568,125137,5153,2504,2649
21375,132410,7243,63755,4568,125167,5154,2505,2649
21380,132441,7244,63770,4568,125197,5154,2505,2649
21385,132472,7246,63784,4569,125226,5154,2505,2649
21390,132503,7248,63799,4571,125255,5154,2505,2649
21395,132534,7251,63817,4573,125283,5154,2505,2649
21400,132565,7254,63830,4574,125311,5154,2505,2649
21405,132596,7257,63845,4577,125339,5154,2505,2649
21410,132627,7260,63861,4580,125367,5154,2505,2649
21415,132658,7265,63875,4584,125393,5154,2505,2649
21420,132689,7269,63889,4587,125420,5154,2505,2649
21425,132720,7272,63905,4590,125448,5155,2506,2649
21430,132751,7273,63925,4590,125478,5156,2506,2650
21435,132782,7275,63937,4591,125507,5157,2507,2650
21440,132813,7276,63953,4591,125537,5158,2508,2650
21445,132844,7277,63973,4592,125567,5159,2508,2651
21450,132875,7278,63992,4592,125597,5160,2509,2651
21455,132906,7279,64002,4592,125627,5161,2509,2652
21460,132937,7280,64020,4593,125657,5162,2509,2653
21465,132968,7281,64035,4594,125687,5163,2509,2654
21470,132999,7282,64043,4594,125717,5164,2510,2654
21475,133030,7283,64054,4594,125747,5165,2510,2655
21480,133061,7284,64071,4595,125777,5167,2512,2655
21485,133092,7284,64089,4595,125808,5169,2512,2657
21490,133123,7284,64108,4595,125839,5171,2513,2658
21495,133154,7284,64126,4595,125870,5173,2513,2660
21500,133185,7284,64143,4595,125901,5175,2514,2661
21505,133216,7284,64162,4595,125932,5177,2515,2662
21510,133247,7284,64176,4595,125963,5179,2517,2662
21515,133278,7284,64193,4595,125994,5181,2518,2663
21520,133309,7284,64204,4595,126025,5183,2518,2665
21525,133340,7284,64222,4595,126056,5185,2519,2666
21530,133371,7287,64237,4597,126084,5186,2520,2666
21535,133402,7291,64248,4600,126111,5187,2520,2667
21540,133433,7293,64259,4600,126140,5188,2521,2667
21545,133464,7298,64276,4605,126165,5189,2522,2667
21550,133495,7301,64289,4607,126193,5190,2522,2668
21555,133526,7304,64306,4610,126222,5191,2523,2668
21560,133557,7306,64321,4610,126251,5192,2523,2669
21565,133588,7308,64335,4611,126280,5193,2524,2669
21570,133619,7310,64350,4611,126309,5194,2525,2669
21575,133650,7312,64365,4613,126338,5195,2526,2669
21580,133681,7314,64383,4615,126367,5196,2527,2669
21585,133712,7316,64395,4615,126396,5197,2527,2670
21590,133743,7318,64413,4616,126425,5198,2528,2670
21595,133774,7320,64427,4617,126454,5199,2529,2670
21600,133805,7322,64444,4618,126483,5200,2529,2671
21605,133836,7323,64458,4619,126513,5201,2530,2671
21610,133867,7324,64467,4620,126543,5202,2530,2672
21615,133898,7325,64488,4621,126573,5203,2531,2672
21620,133929,7326,64502,4622,126603,5204,2531,2673
21625,133960,7327,64521,4622,126633,5205,2531,2674
21630,133991,7328,64530,4623,126663,5207,2531,2676
21635,134022,7329,64545,4623,126693,5209,2531,2678
21640,134053,7330,64560,4623,126723,5211,2533,2678
21645,134084,7331,64573,4624,126753,5213,2534,2679
21650,134115,7333,64587,4626,126782,5215,2534,2681
21655,134146,7337,64600,4628,126809,5217,2536,2681
21660,134177,7338,64615,4628,126838,5219,2537,2682
21665,134208,7341,64632,4631,126867,5220,2538,2682
21670,134239,7343,64644,4632,126896,5220,2538,2682
21675,134270,7346,64659,4635,126924,5220,2538,2682
21680,134301,7347,64672,4635,126954,5220,2538,2682
21685,134332,7348,64686,4636,126984,5220,2538,2682
21690,134363,7349,64702,4637,127014,5220,2538,2682
21695,134394,7350,64712,4638,127044,5220,2538,2682
21700,134425,7352,64727,4639,127073,5220,2538,2682
21705,134456,7353,64741,4640,127103,5220,2538,2682
21710,134487,7356,64753,4642,127131,5220,2538,2682
21715,134518,7357,64766,4643,127161,5220,2538,2682
21720,134549,7358,64778,4643,127191,5220,2538,2682
21725,134580,7359,64795,4644,127221,5220,2538,2682
21730,134611,7360,64807,4644,127251,5220,2538,2682
21735,134642,7361,64824,4645,127281,5220,2538,2682
21740,134673,7362,64837,4645,127311,5220,2538,2682
21745,134704,7363,64853,4645,127341,5220,2538,2682
21750,134735,7364,64870,4646,127371,5220,2538,2682
21755,134766,7365,64884,4647,127401,5220,2538,2682
21760,134797,7366,64900,4648,127431,5220,2538,2682
21765,134828,7367,64917,4648,127461,5220,2538,2682
21770,134859,7371,64931,4650,127488,5222,2539,2683
21775,134890,7374,64946,4652,127516,5224,2540,2684
21780,134921,7377,64962,4654,127544,5226,2542,2684
21785,134952,7382,64976,4657,127570,5228,2542,2686
21790,134983,7385,64993,4659,127598,5230,2544,2686
21795,135014,7388,65007,4661,127626,5232,2546,2686
21800,135045,7394,65024,4666,127651,5234,2548,2686
21805,135076,7396,65037,4668,127680,5236,2549,2687
21810,135107,7397,65055,4668,127710,5238,2551,2687
21815,135138,7398,65071,4668,127740,5239,2551,2688
21820,135169,7399,65084,4668,127770,5240,2551,2689
21825,135200,7400,65100,4668,127800,5241,2552,2689
21830,135231,7401,65109,4668,127830,5242,2552,2690
21835,135262,7402,65127,4668,127860,5243,2552,2691
21840,135293,7403,65140,4668,127890,5244,2552,2692
21845,135324,7404,65152,4668,127920,5245,2552,2693
21850,135355,7405,65169,4668,127950,5246,2553,2693
21855,135386,7406,65181,4668,127980,5247,2553,2694
21860,135417,7407,65200,4669,128010,5248,2554,2694
21865,135448,7408,65212,4670,128040,5249,2554,2695
21870,135479,7409,65228,4671,128070,5250,2555,2695
21875,135510,7410,65241,4672,128100,5251,2556,2695
21880,135541,7411,65257,4672,128130,5252,2556,2696
21885,135572,7412,65269,4672,128160,5253,2556,2697
21890,135603,7413,65282,4673,128189,5254,2556,2698
21895,135634,7415,65293,4674,128219,5255,2556,2699
21900,135665,7416,65307,4675,128249,5256,2556,2700
21905,135696,7420,65323,4678,128276,5257,2557,2700
21910,135727,7423,65338,4679,128304,5258,2557,2701
21915,135758,7426,65355,4681,128332,5259,2558,2701
21920,135789,7429,65371,4683,128360,5260,2558,2702
21925,135820,7431,65387,4685,128389,5261,2559,2702
21930,135851,7434,65408,4688,128417,5262,2560,2702
21935,135882,7437,65425,4691,128445,5263,2560,2703
21940,135913,7440,65440,4693,128473,5264,2561,2703
21945,135944,7442,65454,4694,128502,5266,2562,2704
21950,135975,7444,65468,4695,128531,5268,2563,2705
21955,136006,7447,65485,4697,128559,5270,2564,2706
21960,136037,7450,65501,4700,128587,5272,2566,2706
21965,136068,7454,65519,4703,128614,5274,2567,2707
21970,136099,7454,65535,4703,128645,5276,2567,2709
21975,136130,7454,65551,4703,128676,5278,2568,2710
21980,136161,7454,65567,4703,128707,5279,2568,2711
21985,136192,7454,65578,4703,128738,5280,2569,2711
21990,136223,7454,65592,4703,128769,5281,2569,2712
21995,136254,7454,65608,4703,128800,5282,2569,2713
22000,136285,7454,65621,4703,128831,5283,2570,2713
22005,136316,7454,65634,4703,128862,5284,2570,2714
22010,136347,7454,65653,4703,128893,5285,2571,2714
22015,136378,7454,65663,4703,128924,5286,2571,2715
22020,136409,7454,65681,4703,128955,5287,2572,2715
22025,136440,7455,65695,4703,128985,5288,2572,2716
22030,136471,7457,65709,4704,129014,5289,2572,2717
22035,136502,7458,65723,4704,129043,5290,2573,2717
22040,136533,7460,65739,4706,129073,5291,2573,2718
22045,136564,7462,65762,4707,129102,5292,2573,2719
22050,136595,7463,65777,4707,129132,5293,2574,2719
22055,136626,7464,65794,4708,129162,5294,2575,2719
22060,136657,7466,65808,4709,129191,5295,2575,2720
22065,136688,7468,65816,4710,129220,5296,2575,2721
22070,136719,7469,65830,4710,129250,5297,2576,2721
22075,136750,7472,65849,4712,129278,5298,2577,2721
22080,136781,7476,65867,4715,129305,5300,2579,2721
22085,136812,7480,65881,4719,129332,5302,2580,2722
22090,136843,7482,65897,4720,129361,5304,2582,2722
22095,136874,7484,65914,4722,129390,5306,2583,2723
22100,136905,7486,65931,4724,129419,5307,2583,2724
22105,136936,7487,65949,4725,129449,5308,2583,2725
22110,136967,7489,65964,4726,129478,5309,2583,2726
22115,136998,7489,65975,4726,129509,5310,2583,2727
22120,137029,7489,65983,4726,129540,5311,2583,2728
22125,137060,7489,65993,4726,129571,5312,2583,2729
22130,137091,7489,66011,4726,129602,5313,2584,2729
22135,137122,7489,66022,4726,129633,5314,2585,2729
22140,137153,7489,66034,4726,129664,5315,2585,2730
22145,137184,7490,66054,4727,129693,5315,2585,2730
22150,137215,7492,66068,4728,129722,5315,2585,2730
22155,137246,7494,66082,4729,129752,5315,2585,2730
22160,137277,7495,66093,4729,129782,5315,2585,2730
22165,137308,7496,66110,4730,129812,5315,2585,2730
22170,137339,7498,66120,4730,129841,5315,2585,2730
22175,137370,7500,66138,4731,129870,5315,2585,2730
22180,137401,7502,66153,4733,129899,5315,2585,2730
22185,137432,7504,66167,4734,129928,5315,2585,2730
22190,137463,7506,66186,4736,129957,5315,2585,2730
22195,137494,7508,66206,4737,129986,5315,2585,2730
22200,137525,7510,66219,4738,130015,5315,2585,2730
22205,137556,7513,66230,4738,130043,5316,2585,2731
22210,137587,7515,66244,4739,130072,5317,2585,2732
22215,137618,7517,66262,4741,130101,5318,2586,2732
22220,137649,7519,66275,4741,130130,5319,2586,2733
22225,137680,7521,66288,4742,130159,5320,2586,2734
22230,137711,7523,66300,4742,130188,5321,2587,2734
22235,137742,7525,66316,4744,130217,5322,2587,2735
22240,137773,7527,66332,4746,130246,5323,2588,2735
22245,137804,7529,66348,4746,130275,5325,2589,2736
22250,137835,7532,66361,4748,130303,5327,2589,2738
22255,137866,7536,66375,4751,130330,5329,2590,2739
22260,137897,7540,66386,4753,130357,5331,2590,2741
22265,137928,7542,66402,4754,130386,5331,2590,2741
22270,137959,7543,66420,4755,130416,5331,2590,2741
22275,137990,7543,66438,4755,130447,5331,2590,2741
22280,138021,7543,66453,4755,130478,5331,2590,2741
22285,138052,7543,66470,4755,130509,5331,2590,2741
22290,138083,7543,66484,4755,130540,5331,2590,2741
22295,138114,7543,66499,4755,130571,5331,2590,2741
22300,138145,7543,66514,4755,130602,5331,2590,2741
22305,138176,7543,66529,4755,130633,5331,2590,2741
22310,138207,7543,66545,4755,130664,5331,2590,2741
22315,138238,7543,66554,4755,130695,5331,2590,2741
22320,138269,7543,66572,4755,130726,5331,2590,2741
22325,138300,7543,66590,4755,130757,5331,2590,2741
22330,138331,7543,66609,4755,130788,5331,2590,2741
22335,138362,7543,66623,4755,130819,5331,2590,2741
22340,138393,7543,66638,4755,130850,5331,2590,2741
22345,138424,7543,66654,4755,130881,5331,2590,2741
22350,138455,7543,66668,4755,130912,5331,2590,2741
22355,138486,7543,66680,4755,130943,5331,2590,2741
22360,138517,7543,66695,4755,130974,5331,2590,2741
22365,138548,7543,66710,4755,131005,5332,2591,2741
22370,138579,7544,66725,4755,131035,5334,2592,2742
22375,138610,7547,66739,4757,131062,5336,2594,2742
22380,138641,7553,66751,4761,131087,5338,2594,2744
22385,138672,7559,66766,4765,131113,5339,2594,2745
22390,138703,7562,66779,4766,131141,5340,2595,2745
22395,138734,7565,66794,4768,131169,5341,2596,2745
22400,138765,7571,66809,4773,131194,5342,2596,2746
22405,138796,7577,66820,4777,131219,5343,2596,2747
22410,138827,7581,66835,4780,131246,5344,2596,2748
22415,138858,7585,66849,4781,131273,5345,2597,2748
22420,138889,7589,66864,4783,131300,5346,2598,2748
22425,138920,7595,66884,4789,131325,5347,2598,2749
22430,138951,7599,66897,4792,131352,5348,2598,2750
22435,138982,7600,66915,4792,131382,5349,2598,2751
22440,139013,7601,66936,4793,131412,5350,2599,2751
22445,139044,7602,66952,4793,131442,5351,2600,2751
22450,139075,7603,66970,4794,131472,5352,2601,2751
22455,139106,7604,66983,4794,131502,5353,2602,2751
22460,139137,7605,66996,4794,131532,5354,2603,2751
22465,139168,7606,67009,4794,131562,5355,2603,2752
22470,139199,7607,67022,4794,131592,5356,2604,2752
22475,139230,7608,67039,4794,131622,5357,2605,2752
22480,139261,7609,67056,4795,131652,5358,2605,2753
22485,139292,7610,67069,4795,131682,5360,2606,2754
22490,139323,7612,67086,4797,131711,5362,2607,2755
22495,139354,7614,67103,4799,131740,5364,2607,2757
22500,139385,7614,67118,4799,131771,5366,2609,2757
22505,139416,7614,67137,4799,131802,5368,2610,2758
22510,139447,7614,67153,4799,131833,5370,2612,2758
22515,139478,7614,67171,4799,131864,5371,2612,2759
22520,139509,7614,67186,4799,131895,5372,2613,2759
22525,139540,7614,67202,4799,131926,5373,2614,2759
22530,139571,7614,67215,4799,131957,5374,2614,2760
22535,139602,7614,67226,4799,131987,5375,2614,2761
22540,139633,7617,67242,4801,132015,5376,2614,2762
22545,139664,7622,67259,4804,132042,5377,2615,2762
22550,139695,7625,67274,4805,132070,5378,2615,2763
22555,139726,7629,67291,4808,132097,5379,2615,2764
22560,139757,7633,67306,4811,132124,5380,2616,2764
22565,139788,7635,67318,4812,132153,5381,2616,2765
22570,139819,7637,67334,4812,132182,5382,2616,2766
22575,139850,7639,67349,4813,132211,5383,2617,2766
22580,139881,7641,67362,4814,132240,5384,2618,2766
22585,139912,7643,67374,4815,132269,5385,2618,2767
22590,139943,7645,67388,4816,132298,5386,2619,2767
22595,139974,7647,67406,4818,132327,5387,2620,2767
22600,140005,7649,67419,4820,132356,5388,2620,2768
22605,140036,7651,67435,4821,132385,5389,2621,2768
22610,140067,7653,67454,4822,132414,5390,2622,2768
22615,140098,7656,67469,4824,132442,5392,2624,2768
22620,140129,7658,67480,4825,132471,5394,2624,2770
22625,140160,7661,67493,4828,132499,5396,2625,2771
22630,140191,7664,67503,4829,132527,5398,2626,2772
22635,140222,7667,67522,4832,132555,5400,2626,2774
22640,140253,7669,67534,4834,132584,5402,2626,2776
22645,140284,7671,67545,4835,132613,5403,2626,2777
22650,140315,7673,67558,4835,132641,5404,2627,2777
22655,140346,7676,67568,4836,132669,5405,2628,2777
22660,140377,7679,67584,4839,132697,5406,2628,2778
22665,140408,7682,67600,4841,132726,5407,2629,2778
22670,140439,7685,67620,4843,132753,5408,2630,2778
22675,140470,7688,67636,4844,132781,5409,2630,2779
22680,140501,7690,67648,4845,132811,5410,2631,2779
22685,140532,7690,67655,4845,132842,5411,2631,2780
22690,140563,7690,67667,4845,132873,5412,2631,2781
22695,140594,7690,67684,4845,132904,5413,2632,2781
22700,140625,7690,67694,4845,132935,5414,2632,2782
22705,140656,7690,67709,4845,132966,5415,2632,2783
22710,140687,7690,67727,4845,132997,5416,2633,2783
22715,140718,7690,67744,4845,133028,5417,2634,2783
22720,140749,7690,67759,4845,133059,5418,2635,2783
22725,140780,7692,67771,4846,133088,5419,2636,2783
22730,140811,7693,67783,4846,133118,5420,2636,2784
22735,140842,7694,67797,4846,133148,5421,2636,2785
22740,140873,7696,67816,4847,133177,5422,2636,2786
22745,140904,7697,67832,4847,133207,5424,2637,2787
22750,140935,7698,67843,4848,133237,5426,2637,2789
22755,140966,7699,67857,4849,133267,5428,2638,2790
22760,140997,7701,67871,4851,133296,5430,2639,2791
22765,141028,7702,67889,4852,133326,5432,2640,2792
22770,141059,7704,67900,4853,133355,5433,2640,2793
22775,141090,7706,67914,4855,133384,5434,2641,2793
22780,141121,7708,67931,4856,133413,5435,2641,2794
22785,141152,7709,67941,4856,133443,5436,2642,2794
22790,141183,7711,67956,4857,133472,5437,2642,2795
22795,141214,7713,67965,4857,133501,5438,2643,2795
22800,141245,7715,67984,4859,133529,5439,2643,2796
22805,141276,7720,68002,4863,133556,5440,2643,2797
22810,141307,7723,68014,4865,133584,5441,2644,2797
22815,141338,7727,68025,4867,133611,5442,2644,2798
22820,141369,7731,68038,4869,133638,5443,2645,2798
22825,141400,7735,68056,4872,133665,5444,2645,2799
22830,141431,7739,68072,4874,133692,5445,2646,2799
22835,141462,7742,68088,4874,133720,5446,2647,2799
22840,141493,7746,68106,4875,133747,5447,2647,2800
22845,141524,7750,68118,4878,133774,5448,2647,2801
22850,141555,7753,68129,4878,133802,5449,2647,2802
22855,141586,7756,68138,4879,133830,5450,2647,2803
22860,141617,7759,68155,4880,133858,5451,2647,2804
22865,141648,7761,68169,4880,133887,5451,2647,2804
22870,141679,7763,68184,4881,133916,5452,2648,2804
22875,141710,7765,68196,4881,133945,5453,2649,2804
22880,141741,7766,68219,4882,133975,5454,2650,2804
22885,141772,7767,68232,4882,134005,5455,2650,2805
22890,141803,7768,68245,4883,134035,5456,2650,2806
22895,141834,7768,68261,4883,134066,5456,2650,2806
22900,141865,7768,68271,4883,134097,5456,2650,2806
22905,141896,7768,68286,4883,134128,5456,2650,2806
22910,141927,7768,68300,4883,134159,5456,2650,2806
22915,141958,7768,68314,4883,134190,5456,2650,2806
22920,141989,7768,68329,4883,134221,5456,2650,2806
22925,142020,7771,68347,4886,134249,5456,2650,2806
22930,142051,7772,68365,4887,134279,5456,2650,2806
22935,142082,7772,68379,4887,134310,5456,2650,2806
22940,142113,7772,68397,4887,134341,5456,2650,2806
22945,142144,7772,68416,4887,134372,5456,2650,2806
22950,142175,7772,68429,4887,134403,5456,2650,2806
22955,142206,7772,68441,4887,134434,5456,2650,2806
22960,142237,7772,68455,4887,134465,5456,2650,2806
22965,142268,7774,68466,4889,134494,5457,2651,2806
22970,142299,7776,68476,4891,134523,5458,2651,2807
22975,142330,7777,68490,4891,134553,5459,2651,2808
22980,142361,7779,68505,4892,134582,5460,2651,2809
22985,142392,7784,68516,4895,134608,5461,2651,2810
22990,142423,7788,68531,4898,134635,5462,2651,2811
22995,142454,7791,68542,4900,134663,5464,2651,2813
23000,142485,7793,68556,4901,134692,5466,2651,2815
23005,142516,7795,68570,4901,134721,5468,2652,2816
23010,142547,7797,68587,4902,134750,5470,2652,2818
23015,142578,7799,68601,4904,134779,5471,2652,2819
23020,142609,7801,68615,4905,134807,5472,2652,2820
23025,142640,7804,68633,4908,134836,5473,2653,2820
23030,142671,7806,68649,4909,134865,5474,2654,2820
23035,142702,7808,68667,4910,134893,5475,2655,2820
23040,142733,7811,68688,4913,134921,5476,2656,2820
23045,142764,7815,68702,4915,134949,5477,2657,2820
23050,142795,7818,68712,4917,134977,5478,2657,2821
23055,142826,7820,68729,4919,135006,5479,2657,2822
23060,142857,7822,68743,4920,135035,5480,2658,2822
23065,142888,7824,68755,4921,135064,5481,2658,2823
23070,142919,7826,68770,4922,135093,5482,2658,2824
23075,142950,7829,68782,4923,135121,5483,2659,2824
23080,142981,7831,68799,4924,135150,5484,2659,2825
23085,143012,7832,68815,4925,135180,5485,2659,2826
23090,143043,7833,68831,4926,135210,5486,2659,2827
23095,143074,7834,68841,4926,135240,5487,2659,2828
23100,143105,7836,68856,4927,135269,5488,2660,2828
23105,143136,7837,68870,4928,135299,5489,2660,2829
23110,143167,7839,68887,4930,135328,5490,2660,2830
23115,143198,7841,68905,4931,135357,5491,2661,2830
23120,143229,7842,68920,4932,135387,5492,2661,2831
23125,143260,7843,68932,4933,135417,5493,2661,2832
23130,143291,7844,68943,4934,135447,5494,2662,2832
23135,143322,7845,68957,4935,135477,5495,2662,2833
23140,143353,7846,68972,4935,135507,5496,2663,2833
23145,143384,7847,68984,4935,135537,5497,2664,2833
23150,143415,7848,68996,4936,135567,5498,2665,2833
23155,143446,7849,69012,4936,135596,5499,2666,2833
23160,143477,7851,69026,4937,135625,5500,2667,2833
23165,143508,7854,69041,4940,135654,5501,2668,2833
23170,143539,7856,69054,4942,135683,5501,2668,2833
23175,143570,7858,69070,4944,135712,5501,2668,2833
23180,143601,7858,69077,4944,135743,5501,2668,2833
23185,143632,7858,69093,4944,135774,5501,2668,2833
23190,143663,7859,69108,4944,135804,5501,2668,2833
23195,143694,7861,69117,4945,135833,5501,2668,2833
23200,143725,7863,69129,4946,135862,5501,2668,2833
23205,143756,7864,69139,4946,135892,5501,2668,2833
23210,143787,7865,69153,4946,135922,5501,2668,2833
23215,143818,7867,69170,4947,135951,5501,2668,2833
23220,143849,7869,69184,4949,135980,5501,2668,2833
23225,143880,7872,69198,4951,136008,5501,2668,2833
23230,143911,7875,69210,4952,136036,5501,2668,2833
23235,143942,7877,69226,4953,136065,5501,2668,2833
23240,143973,7878,69243,4953,136095,5501,2668,2833
23245,144004,7879,69258,4954,136125,5501,2668,2833
23250,144035,7881,69272,4955,136154,5501,2668,2833
23255,144066,7882,69288,4956,136184,5501,2668,2833
23260,144097,7884,69302,4957,136213,5501,2668,2833
23265,144128,7885,69311,4958,136243,5501,2668,2833
23270,144159,7887,69328,4959,136272,5503,2670,2833
23275,144190,7889,69342,4960,136301,5505,2671,2834
23280,144221,7891,69355,4960,136330,5507,2671,2836
23285,144252,7893,69367,4961,136359,5509,2671,2838
23290,144283,7895,69382,4962,136388,5511,2672,2839
23295,144314,7898,69402,4964,136416,5513,2674,2839
23300,144345,7900,69413,4965,136445,5515,2675,2840
23305,144376,7903,69425,4968,136473,5517,2676,2841
23310,144407,7905,69439,4969,136502,5519,2676,2843
23315,144438,7907,69451,4969,136531,5521,2677,2844
23320,144469,7910,69461,4971,136559,5523,2677,2846
23325,144500,7912,69472,4972,136587,5525,2677,2848
23330,144531,7916,69487,4975,136614,5527,2679,2848
23335,144562,7919,69501,4977,136642,5529,2680,2849
23340,144593,7923,69517,4980,136670,5531,2682,2849
23345,144624,7925,69534,4981,136699,5532,2683,2849
23350,144655,7927,69552,4982,136728,5533,2684,2849
23355,144686,7928,69571,4982,136758,5534,2685,2849
23360,144717,7928,69583,4982,136789,5535,2685,2850
23365,144748,7928,69598,4982,136820,5536,2685,2851
23370,144779,7928,69611,4982,136851,5537,2685,2852
23375,144810,7928,69623,4982,136882,5538,2685,2853
23380,144841,7928,69641,4982,136913,5539,2685,2854
23385,144872,7928,69656,4982,136944,5540,2686,2854
23390,144903,7928,69671,4982,136975,5541,2686,2855
23395,144934,7928,69687,4982,137006,5542,2687,2855
23400,144965,7928,69701,4982,137037,5543,2687,2856
23405,144996,7928,69716,4982,137068,5544,2688,2856
23410,145027,7928,69729,4982,137099,5545,2688,2857
23415,145058,7928,69749,4982,137130,5546,2689,2857
23420,145089,7928,69767,4982,137161,5547,2690,2857
23425,145120,7928,69780,4982,137192,5548,2691,2857
23430,145151,7928,69791,4982,137223,5549,2691,2858
23435,145182,7928,69804,4982,137254,5550,2691,2859
23440,145213,7928,69820,4982,137285,5551,2691,2860
23445,145244,7928,69835,4982,137316,5552,2692,2860
23450,145275,7931,69850,4984,137343,5553,2692,2861
23455,145306,7934,69859,4986,137372,5554,2692,2862
23460,145337,7939,69882,4991,137398,5555,2693,2862
23465,145368,7943,69895,4994,137425,5556,2693,2863
23470,145399,7947,69909,4997,137452,5557,2694,2863
23475,145430,7953,69926,5001,137477,5558,2695,2863
23480,145461,7959,69940,5005,137502,5559,2696,2863
23485,145492,7964,69950,5007,137528,5560,2697,2863
23490,145523,7968,69964,5008,137555,5561,2698,2863
23495,145554,7974,69985,5014,137580,5562,2699,2863
23500,145585,7978,70002,5018,137607,5563,2699,2864
23505,145616,7980,70020,5018,137636,5564,2699,2865
23510,145647,7983,70040,5021,137664,5565,2700,2865
23515,145678,7985,70057,5022,137693,5566,2700,2866
23520,145709,7988,70071,5024,137721,5567,2700,2867
23525,145740,7989,70082,5024,137751,5568,2700,2868
23530,145771,7990,70098,5024,137781,5569,2700,2869
23535,145802,7991,70117,5025,137811,5570,2701,2869
23540,145833,7993,70132,5027,137840,5571,2702,2869
23545,145864,7994,70149,5028,137870,5572,2702,2870
23550,145895,7995,70161,5028,137900,5573,2703,2870
23555,145926,7996,70172,5029,137930,5574,2703,2871
23560,145957,7997,70189,5029,137960,5575,2703,2872
23565,145988,7998,70205,5030,137990,5576,2703,2873
23570,146019,7998,70217,5030,138021,5577,2703,2874
23575,146050,7998,70226,5030,138052,5578,2703,2875
23580,146081,7998,70246,5030,138083,5579,2703,2876
23585,146112,8000,70259,5031,138112,5580,2703,2877
23590,146143,8003,70275,5034,138140,5581,2704,2877
23595,146174,8005,70285,5035,138169,5582,2705,2877
23600,146205,8007,70300,5036,138198,5583,2705,2878
23605,146236,8007,70314,5036,138229,5584,2706,2878
23610,146267,8008,70326,5037,138259,5585,2706,2879
23615,146298,8010,70341,5039,138288,5586,2706,2880
23620,146329,8012,70361,5041,138317,5587,2707,2880
23625,146360,8014,70373,5042,138346,5588,2708,2880
23630,146391,8017,70389,5045,138374,5589,2709,2880
23635,146422,8018,70404,5045,138404,5591,2710,2881
23640,146453,8021,70420,5047,138432,5593,2711,2882
23645,146484,8021,70431,5047,138463,5593,2711,2882
23650,146515,8021,70453,5047,138494,5593,2711,2882
23655,146546,8021,70468,5047,138525,5593,2711,2882
23660,146577,8021,70486,5047,138556,5593,2711,2882
23665,146608,8021,70502,5047,138587,5593,2711,2882
23670,146639,8021,70517,5047,138618,5593,2711,2882
23675,146670,8021,70535,5047,138649,5593,2711,2882
23680,146701,8021,70551,5047,138680,5593,2711,2882
23685,146732,8022,70568,5048,138710,5593,2711,2882
23690,146763,8023,70586,5048,138740,5593,2711,2882
23695,146794,8024,70596,5048,138770,5593,2711,2882
23700,146825,8025,70605,5049,138800,5593,2711,2882
23705,146856,8027,70620,5050,138828,5593,2711,2882
23710,146887,8031,70636,5053,138856,5593,2711,2882
23715,146918,8035,70653,5055,138883,5593,2711,2882
23720,146949,8037,70670,5056,138912,5593,2711,2882
23725,146980,8040,70688,5058,138940,5593,2711,2882
23730,147011,8042,70701,5060,138969,5593,2711,2882
23735,147042,8044,70720,5062,138998,5593,2711,2882
23740,147073,8048,70732,5065,139025,5593,2711,2882
23745,147104,8051,70749,5068,139053,5594,2711,2883
23750,147135,8057,70771,5073,139078,5596,2713,2883
23755,147166,8062,70787,5077,139104,5598,2713,2885
23760,147197,8066,70800,5080,139131,5600,2714,2886
23765,147228,8068,70813,5080,139160,5602,2715,2887
23770,147259,8071,70824,5082,139188,5603,2715,2888
23775,147290,8073,70838,5082,139217,5604,2715,2889
23780,147321,8076,70854,5085,139245,5605,2715,2890
23785,147352,8080,70870,5088,139272,5606,2715,2891
23790,147383,8080,70885,5088,139303,5607,2715,2892
23795,147414,8080,70901,5088,139334,5608,2715,2893
23800,147445,8080,70919,5088,139365,5609,2716,2893
23805,147476,8080,70930,5088,139396,5610,2717,2893
23810,147507,8080,70944,5088,139427,5611,2718,2893
23815,147538,8080,70961,5088,139458,5612,2718,2894
23820,147569,8080,70977,5088,139489,5613,2719,2894
23825,147600,8082,70991,5090,139518,5614,2719,2895
23830,147631,8083,71006,5091,139547,5615,2720,2895
23835,147662,8085,71017,5092,139577,5616,2720,2896
23840,147693,8085,71035,5092,139608,5617,2721,2896
23845,147724,8085,71053,5092,139639,5618,2721,2897
23850,147755,8085,71063,5092,139670,5619,2721,2898
23855,147786,8085,71079,5092,139701,5620,2722,2898
23860,147817,8085,71092,5092,139732,5621,2723,2898
23865,147848,8086,71110,5093,139762,5622,2723,2899
23870,147879,8087,71125,5093,139792,5624,2725,2899
23875,147910,8088,71138,5093,139822,5626,2726,2900
23880,147941,8090,71147,5095,139851,5628,2726,2902
23885,147972,8093,71161,5097,139879,5630,2728,2902
23890,148003,8096,71178,5100,139907,5632,2728,2904
23895,148034,8098,71194,5102,139936,5634,2728,2906
23900,148065,8100,71205,5102,139965,5636,2728,2908
23905,148096,8104,71221,5105,139992,5638,2728,2910
23910,148127,8106,71233,5105,140021,5640,2728,2912
23915,148158,8108,71246,5106,140050,5642,2729,2913
23920,148189,8111,71265,5107,140078,5644,2731,2913
23925,148220,8114,71282,5109,140106,5646,2732,2914
23930,148251,8117,71295,5111,140134,5648,2732,2916
23935,148282,8120,71314,5112,140161,5650,2733,2917
23940,148313,8125,71323,5115,140187,5652,2733,2919
23945,148344,8128,71343,5118,140216,5654,2734,2920
23950,148375,8130,71360,5120,140245,5656,2735,2921
23955,148406,8132,71378,5122,140274,5657,2736,2921
23960,148437,8133,71392,5122,140304,5658,2737,2921
23965,148468,8135,71403,5123,140333,5659,2737,2922
23970,148499,8136,71420,5124,140363,5660,2737,2923
23975,148530,8136,71435,5124,140394,5661,2737,2924
23980,148561,8136,71449,5124,140425,5662,2738,2924
23985,148592,8136,71469,5124,140456,5663,2738,2925
23990,148623,8136,71485,5124,140487,5664,2738,2926
23995,148654,8136,71504,5124,140518,5665,2739,2926
24000,148685,8136,71521,5124,140549,5666,2739,2927
24005,148716,8140,71534,5127,140576,5667,2739,2928
24010,148747,8144,71547,5131,140603,5668,2739,2929
24015,148778,8149,71560,5134,140629,5669,2739,2930
24020,148809,8149,71572,5134,140660,5670,2739,2931
24025,148840,8149,71589,5134,140691,5671,2740,2931
24030,148871,8149,71604,5134,140722,5672,2741,2931
24035,148902,8149,71619,5134,140753,5673,2741,2932
24040,148933,8149,71634,5134,140784,5674,2741,2933
24045,148964,8149,71653,5134,140815,5675,2741,2934
24050,148995,8150,71665,5135,140845,5676,2742,2934
24055,149026,8151,71680,5135,140875,5678,2743,2935
24060,149057,8153,71690,5137,140904,5680,2744,2936
24065,149088,8154,71706,5138,140934,5682,2746,2936
24070,149119,8157,71721,5141,140962,5684,2748,2936
24075,149150,8160,71739,5143,140990,5686,2750,2936
24080,149181,8162,71755,5145,141019,5688,2751,2937
24085,149212,8164,71770,5147,141048,5690,2752,2938
24090,149243,8164,71787,5147,141079,5691,2753,2938
24095,149274,8164,71799,5147,141110,5692,2753,2939
24100,149305,8164,71808,5147,141141,5693,2754,2939
24105,149336,8164,71818,5147,141172,5694,2754,2940
24110,149367,8164,71832,5147,141203,5695,2754,2941
24115,149398,8164,71849,5147,141234,5696,2755,2941
24120,149429,8165,71864,5147,141264,5697,2756,2941
24125,149460,8167,71877,5148,141293,5698,2756,2942
24130,149491,8171,71891,5151,141320,5699,2756,2943
24135,149522,8174,71906,5153,141348,5700,2756,2944
24140,149553,8176,71917,5153,141377,5701,2756,2945
24145,149584,8178,71933,5153,141406,5702,2756,2946
24150,149615,8182,71945,5155,141433,5703,2756,2947
24155,149646,8185,71960,5157,141461,5704,2756,2948
24160,149677,8187,71971,5159,141490,5705,2756,2949
24165,149708,8189,71980,5160,141519,5706,2756,2950
24170,149739,8192,71992,5162,141547,5707,2756,2951
24175,149770,8197,72007,5166,141573,5708,2757,2951
24180,149801,8201,72023,5169,141600,5709,2757,2952
24185,149832,8202,72040,5170,141630,5709,2757,2952
24190,149863,8204,72054,5171,141658,5709,2757,2952
24195,149894,8208,72069,5174,141685,5709,2757,2952
24200,149925,8211,72083,5176,141713,5709,2757,2952
24205,149956,8215,72101,5179,141740,5709,2757,2952
24210,149987,8218,72115,5181,141769,5709,2757,2952
24215,150018,8220,72127,5183,141798,5709,2757,2952
24220,150049,8223,72143,5185,141826,5709,2757,2952
24225,150080,8224,72156,5186,141856,5710,2757,2953
24230,150111,8226,72172,5188,141885,5711,2758,2953
24235,150142,8228,72193,5190,141914,5712,2759,2953
24240,150173,8230,72208,5191,141943,5713,2759,2954
24245,150204,8232,72226,5193,141972,5715,2761,2954
24250,150235,8234,72236,5194,142001,5717,2761,2956
24255,150266,8236,72248,5196,142030,5719,2762,2957
24260,150297,8237,72260,5196,142060,5721,2763,2958
24265,150328,8240,72280,5199,142088,5723,2763,2960
24270,150359,8240,72292,5199,142119,5724,2764,2960
24275,150390,8240,72312,5199,142150,5725,2765,2960
24280,150421,8240,72327,5199,142181,5726,2765,2961
24285,150452,8240,72345,5199,142212,5727,2766,2961
24290,150483,8241,72358,5200,142242,5728,2767,2961
24295,150514,8242,72374,5201,142272,5729,2768,2961
24300,150545,8244,72390,5202,142301,5730,2769,2961
24305,150576,8248,72403,5204,142328,5731,2769,2962
24310,150607,8250,72412,5204,142356,5732,2770,2962
24315,150638,8253,72428,5205,142385,5733,2771,2962
24320,150669,8255,72439,5206,142414,5734,2771,2963
24325,150700,8257,72449,5206,142443,5735,2772,2963
24330,150731,8259,72459,5206,142472,5736,2772,2964
24335,150762,8261,72469,5206,142501,5737,2772,2965
24340,150793,8263,72483,5207,142529,5738,2772,2966
24345,150824,8266,72499,5209,142558,5739,2772,2967
24350,150855,8268,72511,5210,142587,5740,2772,2968
24355,150886,8270,72528,5212,142615,5741,2772,2969
24360,150917,8273,72542,5214,142644,5742,2773,2969
24365,150948,8274,72559,5215,142674,5743,2773,2970
24370,150979,8275,72575,5215,142704,5745,2774,2971
24375,151010,8277,72595,5217,142733,5747,2776,2971
24380,151041,8279,72606,5217,142762,5749,2776,2973
24385,151072,8281,72621,5218,142791,5751,2777,2974
24390,151103,8283,72631,5219,142820,5753,2779,2974
24395,151134,8285,72643,5221,142849,5755,2780,2975
24400,151165,8289,72661,5224,142876,5757,2782,2975
24405,151196,8293,72680,5227,142903,5759,2782,2977
24410,151227,8296,72694,5228,142931,5761,2784,2977
24415,151258,8301,72712,5232,142957,5763,2786,2977
24420,151289,8305,72724,5234,142984,5765,2786,2979
24425,151320,8305,72742,5234,143015,5765,2786,2979
24430,151351,8305,72756,5234,143046,5765,2786,2979
24435,151382,8305,72772,5234,143077,5765,2786,2979
24440,151413,8305,72787,5234,143108,5765,2786,2979
24445,151444,8305,72802,5234,143139,5765,2786,2979
24450,151475,8305,72815,5234,143170,5765,2786,2979
24455,151506,8305,72831,5234,143201,5765,2786,2979
24460,151537,8305,72843,5234,143232,5765,2786,2979
24465,151568,8305,72855,5234,143263,5765,2786,2979
24470,151599,8306,72867,5234,143293,5765,2786,2979
24475,151630,8307,72882,5234,143323,5765,2786,2979
24480,151661,8308,72898,5235,143353,5765,2786,2979
24485,151692,8310,72913,5237,143382,5765,2786,2979
24490,151723,8312,72931,5239,143411,5765,2786,2979
24495,151754,8314,72952,5241,143440,5765,2786,2979
24500,151785,8316,72971,5242,143469,5765,2786,2979
24505,151816,8318,72983,5243,143498,5765,2786,2979
24510,151847,8320,73000,5243,143527,5765,2786,2979
24515,151878,8322,73018,5243,143556,5765,2786,2979
24520,151909,8324,73030,5244,143585,5765,2786,2979
24525,151940,8326,73049,5246,143614,5766,2787,2979
24530,151971,8328,73064,5248,143643,5768,2789,2979
24535,152002,8336,73085,5254,143666,5770,2791,2979
24540,152033,8341,73102,5257,143691,5772,2793,2979
24545,152064,8343,73120,5259,143721,5773,2794,2979
24550,152095,8343,73134,5259,143752,5774,2794,2980
24555,152126,8343,73146,5259,143783,5775,2795,2980
24560,152157,8343,73161,5259,143814,5776,2796,2980
24565,152188,8343,73171,5259,143845,5777,2796,2981
24570,152219,8343,73188,5259,143876,5778,2797,2981
24575,152250,8343,73202,5259,143907,5779,2797,2982
24580,152281,8343,73218,5259,143938,5780,2797,2983
24585,152312,8343,73227,5259,143969,5781,2797,2984
24590,152343,8343,73248,5259,144000,5782,2798,2984
24595,152374,8343,73262,5259,144031,5783,2798,2985
24600,152405,8343,73274,5259,144062,5784,2798,2986
24605,152436,8343,73289,5259,144093,5785,2799,2986
24610,152467,8343,73301,5259,144124,5786,2799,2987
24615,152498,8343,73316,5259,144155,5787,2800,2987
24620,152529,8343,73332,5259,144186,5788,2801,2987
24625,152560,8343,73350,5259,144217,5789,2801,2988
24630,152591,8343,73368,5259,144248,5790,2801,2989
24635,152622,8343,73384,5259,144279,5791,2802,2989
24640,152653,8343,73401,5259,144310,5792,2802,2990
24645,152684,8344,73416,5259,144340,5793,2802,2991
24650,152715,8348,73432,5261,144367,5795,2803,2992
24655,152746,8352,73448,5264,144393,5797,2805,2992
24660,152777,8358,73462,5269,144418,5799,2805,2994
24665,152808,8361,73473,5271,144447,5801,2805,2996
24670,152839,8362,73490,5271,144477,5803,2806,2997
24675,152870,8363,73506,5272,144507,5804,2806,2998
24680,152901,8365,73521,5273,144536,5805,2806,2999
24685,152932,8366,73537,5273,144566,5806,2807,2999
24690,152963,8367,73552,5274,144596,5807,2807,3000
24695,152994,8368,73561,5275,144626,5808,2807,3001
24700,153025,8370,73573,5277,144655,5809,2808,3001
24705,153056,8372,73588,5279,144684,5810,2808,3002
24710,153087,8374,73604,5281,144713,5811,2809,3002
24715,153118,8376,73621,5282,144742,5812,2810,3002
24720,153149,8377,73631,5282,144772,5813,2810,3003
24725,153180,8378,73650,5283,144802,5814,2811,3003
24730,153211,8380,73663,5285,144831,5815,2812,3003
24735,153242,8381,73679,5285,144861,5816,2812,3004
24740,153273,8382,73693,5286,144891,5817,2813,3004
24745,153304,8383,73705,5287,144921,5818,2813,3005
24750,153335,8384,73717,5287,144951,5819,2813,3006
24755,153366,8385,73730,5287,144981,5820,2813,3007
24760,153397,8386,73742,5288,145011,5821,2813,3008
24765,153428,8388,73758,5289,145040,5822,2813,3009
24770,153459,8390,73770,5290,145069,5823,2814,3009
24775,153490,8394,73784,5291,145096,5824,2815,3009
24780,153521,8397,73796,5292,145123,5825,2815,3010
24785,153552,8399,73812,5294,145153,5825,2815,3010
24790,153583,8400,73826,5294,145183,5825,2815,3010
24795,153614,8401,73844,5294,145213,5825,2815,3010
24800,153645,8402,73858,5295,145243,5825,2815,3010
24805,153676,8403,73872,5295,145273,5825,2815,3010
24810,153707,8404,73883,5295,145303,5825,2815,3010
24815,153738,8405,73902,5296,145333,5825,2815,3010
24820,153769,8406,73919,5296,145363,5825,2815,3010
24825,153800,8407,73928,5296,145393,5825,2815,3010
24830,153831,8408,73945,5296,145423,5825,2815,3010
24835,153862,8409,73958,5297,145453,5825,2815,3010
24840,153893,8410,73972,5298,145483,5825,2815,3010
24845,153924,8411,73989,5299,145513,5825,2815,3010
24850,153955,8412,73997,5299,145543,5825,2815,3010
24855,153986,8413,74010,5299,145573,5825,2815,3010
24860,154017,8414,74024,5300,145603,5825,2815,3010
24865,154048,8415,74039,5300,145633,5825,2815,3010
24870,154079,8416,74056,5301,145663,5825,2815,3010
24875,154110,8417,74066,5302,145693,5825,2815,3010
24880,154141,8418,74079,5303,145723,5825,2815,3010
24885,154172,8420,74097,5305,145751,5827,2817,3010
24890,154203,8425,74107,5308,145777,5829,2818,3011
24895,154234,8431,74120,5312,145803,5831,2818,3013
24900,154265,8435,74136,5315,145829,5833,2819,3014
24905,154296,8438,74153,5318,145858,5835,2820,3015
24910,154327,8441,74171,5320,145886,5837,2821,3016
24915,154358,8443,74188,5321,145915,5839,2822,3017
24920,154389,8445,74202,5322,145944,5841,2822,3019
24925,154420,8447,74213,5322,145973,5843,2823,3020
24930,154451,8450,74229,5324,146001,5845,2824,3021
24935,154482,8453,74241,5326,146029,5847,2825,3022
24940,154513,8455,74260,5327,146058,5849,2826,3023
24945,154544,8457,74270,5327,146087,5851,2827,3024
24950,154575,8459,74282,5328,146116,5853,2827,3026
24955,154606,8461,74299,5329,146145,5854,2828,3026
24960,154637,8464,74315,5331,146173,5855,2829,3026
24965,154668,8464,74330,5331,146204,5856,2830,3026
24970,154699,8464,74348,5331,146235,5857,2830,3027
24975,154730,8464,74364,5331,146266,5858,2830,3028
24980,154761,8464,74372,5331,146297,5859,2831,3028
24985,154792,8464,74385,5331,146328,5860,2831,3029
24990,154823,8464,74398,5331,146359,5861,2831,3030
24995,154854,8464,74414,5331,146390,5862,2831,3031
25000,154885,8464,74429,5331,146421,5863,2832,3031
25005,154916,8464,74444,5331,146452,5864,2832,3032
25010,154947,8464,74455,5331,146483,5865,2833,3032
25015,154978,8464,74473,5331,146514,5866,2833,3033
25020,155009,8465,74482,5332,146544,5867,2834,3033
25025,155040,8469,74495,5335,146571,5868,2835,3033
25030,155071,8473,74510,5338,146598,5869,2835,3034
25035,155102,8478,74522,5341,146624,5870,2836,3034
25040,155133,8483,74538,5344,146650,5871,2837,3034
25045,155164,8486,74553,5345,146678,5872,2837,3035
25050,155195,8489,74566,5346,146706,5873,2837,3036
25055,155226,8493,74585,5348,146733,5874,2837,3037
25060,155257,8499,74597,5352,146758,5875,2838,3037
25065,155288,8503,74610,5354,146785,5876,2838,3038
25070,155319,8507,74628,5357,146812,5877,2839,3038
25075,155350,8509,74640,5359,146841,5879,2841,3038
25080,155381,8512,74659,5362,146869,5881,2842,3039
25085,155412,8514,74673,5363,146898,5883,2843,3040
25090,155443,8515,74691,5364,146928,5884,2844,3040
25095,155474,8516,74713,5364,146958,5885,2844,3041
25100,155505,8517,74724,5364,146988,5886,2845,3041
25105,155536,8518,74737,5364,147018,5887,2846,3041
25110,155567,8519,74755,5364,147048,5888,2847,3041
25115,155598,8520,74773,5365,147078,5889,2847,3042
25120,155629,8520,74787,5365,147109,5890,2848,3042
25125,155660,8520,74801,5365,147140,5891,2849,3042
25130,155691,8520,74814,5365,147171,5892,2849,3043
25135,155722,8520,74828,5365,147202,5893,2850,3043
25140,155753,8520,74840,5365,147233,5894,2851,3043
25145,155784,8522,74854,5367,147262,5895,2851,3044
25150,155815,8524,74869,5369,147290,5896,2852,3044
25155,155846,8526,74885,5370,147319,5897,2852,3045
25160,155877,8529,74905,5373,147347,5898,2852,3046
25165,155908,8530,74918,5374,147378,5899,2853,3046
25170,155939,8530,74934,5374,147409,5900,2854,3046
25175,155970,8530,74953,5374,147440,5901,2855,3046
25180,156001,8530,74969,5374,147471,5902,2856,3046
25185,156032,8530,74988,5374,147502,5903,2857,3046
25190,156063,8531,75003,5375,147532,5904,2857,3047
25195,156094,8532,75021,5376,147562,5906,2858,3048
25200,156125,8534,75037,5377,147591,5908,2859,3049
25205,156156,8537,75049,5380,147619,5909,2859,3050
25210,156187,8539,75063,5380,147648,5910,2860,3050
25215,156218,8542,75080,5382,147676,5911,2861,3050
25220,156249,8544,75093,5382,147705,5912,2861,3051
25225,156280,8547,75106,5384,147733,5913,2862,3051
25230,156311,8551,75121,5388,147760,5914,2863,3051
25235,156342,8555,75138,5390,147787,5915,2863,3052
25240,156373,8558,75150,5392,147815,5916,2864,3052
25245,156404,8562,75165,5395,147842,5917,2865,3052
25250,156435,8565,75178,5397,147870,5918,2866,3052
25255,156466,8567,75192,5398,147899,5919,2867,3052
25260,156497,8570,75207,5400,147927,5920,2867,3053
25265,156528,8570,75218,5400,147958,5920,2867,3053
25270,156559,8571,75235,5401,147988,5920,2867,3053
25275,156590,8572,75251,5401,148018,5920,2867,3053
25280,156621,8573,75269,5401,148048,5920,2867,3053
25285,156652,8574,75279,5402,148078,5920,2867,3053
25290,156683,8576,75298,5404,148106,5920,2867,3053
25295,156714,8578,75315,5405,148135,5920,2867,3053
25300,156745,8581,75333,5408,148163,5920,2867,3053
25305,156776,8584,75352,5411,148192,5920,2867,3053
25310,156807,8586,75368,5413,148220,5920,2867,3053
25315,156838,8588,75390,5415,148249,5921,2868,3053
25320,156869,8591,75410,5418,148278,5922,2869,3053
25325,156900,8593,75428,5420,148307,5923,2869,3054
25330,156931,8593,75437,5420,148338,5924,2870,3054
25335,156962,8593,75448,5420,148369,5925,2871,3054
25340,156993,8593,75462,5420,148400,5926,2871,3055
25345,157024,8593,75476,5420,148431,5927,2871,3056
25350,157055,8593,75494,5420,148462,5928,2872,3056
25355,157086,8593,75509,5420,148493,5929,2873,3056
25360,157117,8593,75526,5420,148524,5930,2873,3057
25365,157148,8593,75538,5420,148555,5932,2874,3058
25370,157179,8593,75554,5420,148586,5934,2876,3058
25375,157210,8593,75568,5420,148617,5936,2878,3058
25380,157241,8593,75589,5420,148648,5938,2879,3059
25385,157272,8595,75606,5422,148677,5940,2879,3061
25390,157303,8599,75621,5426,148704,5942,2880,3062
25395,157334,8603,75632,5428,148731,5944,2881,3063
25400,157365,8605,75643,5429,148760,5946,2881,3065
25405,157396,8607,75658,5429,148789,5947,2882,3065
25410,157427,8609,75676,5431,148818,5948,2883,3065
25415,157458,8611,75695,5432,148847,5949,2883,3066
25420,157489,8613,75712,5434,148876,5950,2883,3067
25425,157520,8616,75729,5436,148904,5951,2883,3068
25430,157551,8620,75745,5439,148931,5952,2884,3068
25435,157582,8622,75759,5439,148960,5953,2885,3068
25440,157613,8624,75770,5440,148989,5954,2885,3069
25445,157644,8626,75782,5441,149018,5955,2885,3070
25450,157675,8628,75796,5443,149047,5956,2886,3070
25455,157706,8630,75810,5444,149076,5957,2886,3071
25460,157737,8632,75825,5444,149105,5958,2886,3072
25465,157768,8634,75845,5446,149134,5959,2887,3072
25470,157799,8636,75861,5447,149163,5960,2888,3072
25475,157830,8638,75874,5449,149192,5961,2888,3073
25480,157861,8640,75884,5450,149221,5962,2889,3073
25485,157892,8642,75898,5450,149250,5963,2890,3073
25490,157923,8644,75910,5451,149279,5964,2891,3073
25495,157954,8646,75929,5451,149308,5965,2891,3074
25500,157985,8648,75938,5451,149337,5966,2891,3075
25505,158016,8649,75954,5451,149367,5968,2892,3076
25510,158047,8650,75965,5451,149397,5970,2892,3078
25515,158078,8651,75979,5451,149427,5972,2894,3078
25520,158109,8652,75995,5452,149457,5974,2896,3078
25525,158140,8654,76016,5454,149486,5976,2897,3079
25530,158171,8656,76030,5456,149515,5978,2898,3080
25535,158202,8658,76043,5458,149544,5979,2898,3081
25540,158233,8659,76054,5458,149574,5980,2898,3082
25545,158264,8660,76070,5458,149604,5981,2899,3082
25550,158295,8663,76082,5460,149632,5982,2900,3082
25555,158326,8667,76094,5463,149658,5983,2901,3082
25560,158357,8669,76106,5464,149687,5984,2902,3082
25565,158388,8674,76121,5469,149714,5985,2903,3082
25570,158419,8676,76137,5471,149743,5986,2904,3082
25575,158450,8678,76155,5473,149772,5987,2904,3083
25580,158481,8681,76170,5474,149800,5988,2905,3083
25585,158512,8684,76183,5477,149828,5989,2905,3084
25590,158543,8686,76199,5478,149857,5990,2906,3084
25595,158574,8689,76214,5480,149885,5991,2906,3085
25600,158605,8693,76226,5483,149912,5992,2907,3085
25605,158636,8696,76238,5485,149940,5993,2908,3085
25610,158667,8698,76251,5485,149969,5994,2908,3086
25615,158698,8699,76266,5486,149999,5995,2908,3087
25620,158729,8700,76281,5486,150029,5996,2909,3087
25625,158760,8700,76293,5486,150060,5996,2909,3087
25630,158791,8700,76308,5486,150091,5996,2909,3087
25635,158822,8700,76321,5486,150122,5997,2909,3088
25640,158853,8700,76337,5486,150153,5998,2910,3088
25645,158884,8700,76353,5486,150184,5999,2911,3088
25650,158915,8700,76368,5486,150215,6000,2911,3089
25655,158946,8700,76381,5486,150246,6001,2912,3089
25660,158977,8700,76398,5486,150277,6002,2913,3089
25665,159008,8701,76411,5486,150307,6003,2914,3089
25670,159039,8704,76430,5488,150335,6004,2915,3089
25675,159070,8707,76453,5491,150363,6005,2916,3089
25680,159101,8709,76465,5492,150392,6006,2916,3090
25685,159132,8709,76478,5492,150423,6007,2916,3091
25690,159163,8709,76497,5492,150454,6008,2916,3092
25695,159194,8709,76513,5492,150485,6009,2917,3092
25700,159225,8709,76525,5492,150516,6010,2918,3092
25705,159256,8709,76544,5492,150547,6011,2918,3093
25710,159287,8709,76561,5492,150578,6012,2919,3093
25715,159318,8711,76579,5493,150607,6013,2919,3094
25720,159349,8712,76594,5493,150637,6014,2920,3094
25725,159380,8715,76607,5495,150665,6015,2920,3095
25730,159411,8718,76622,5498,150693,6016,2920,3096
25735,159442,8721,76639,5501,150721,6017,2920,3097
25740,159473,8724,76653,5503,150749,6018,2920,3098
25745,159504,8726,76669,5504,150778,6019,2921,3098
25750,159535,8728,76685,5506,150807,6020,2922,3098
25755,159566,8730,76696,5508,150836,6021,2922,3099
25760,159597,8732,76713,5508,150865,6022,2923,3099
25765,159628,8734,76727,5509,150894,6023,2923,3100
25770,159659,8736,76740,5510,150923,6024,2924,3100
25775,159690,8738,76754,5511,150952,6025,2925,3100
25780,159721,8740,76768,5513,150981,6026,2926,3100
25785,159752,8742,76781,5513,151010,6028,2927,3101
25790,159783,8746,76794,5515,151037,6030,2928,3102
25795,159814,8751,76810,5518,151063,6032,2930,3102
25800,159845,8757,76828,5522,151088,6034,2930,3104
25805,159876,8757,76838,5522,151119,6035,2930,3105
25810,159907,8757,76851,5522,151150,6035,2930,3105
25815,159938,8757,76865,5522,151181,6035,2930,3105
25820,159969,8757,76881,5522,151212,6035,2930,3105
25825,160000,8757,76893,5522,151243,6035,2930,3105
25830,160031,8757,76911,5522,151274,6035,2930,3105
25835,160062,8757,76925,5522,151305,6035,2930,3105
25840,160093,8757,76942,5522,151336,6035,2930,3105
25845,160124,8757,76959,5522,151367,6035,2930,3105
25850,160155,8757,76975,5522,151398,6035,2930,3105
25855,160186,8757,76990,5522,151429,6035,2930,3105
25860,160217,8757,77005,5522,151460,6035,2930,3105
25865,160248,8757,77016,5522,151491,6036,2931,3105
25870,160279,8757,77031,5522,151522,6037,2931,3106
25875,160310,8757,77048,5522,151553,6038,2931,3107
25880,160341,8757,77058,5522,151584,6039,2931,3108
25885,160372,8757,77074,5522,151615,6040,2931,3109
25890,160403,8757,77088,5522,151646,6041,2931,3110
25895,160434,8757,77100,5522,151677,6042,2931,3111
25900,160465,8757,77115,5522,151708,6043,2931,3112
25905,160496,8757,77134,5522,151739,6044,2932,3112
25910,160527,8760,77153,5523,151766,6045,2933,3112
25915,160558,8766,77170,5528,151792,6046,2934,3112
25920,160589,8771,77179,5531,151818,6047,2934,3113
25925,160620,8772,77193,5531,151848,6048,2935,3113
25930,160651,8774,77213,5533,151877,6049,2936,3113
25935,160682,8775,77226,5534,151907,6050,2937,3113
25940,160713,8776,77244,5535,151937,6051,2938,3113
25945,160744,8778,77259,5536,151966,6052,2938,3114
25950,160775,8779,77273,5537,151996,6053,2938,3115
25955,160806,8781,77289,5538,152025,6054,2939,3115
25960,160837,8782,77305,5538,152055,6055,2940,3115
25965,160868,8783,77318,5538,152085,6056,2940,3116
25970,160899,8784,77333,5539,152115,6057,2940,3117
25975,160930,8785,77345,5540,152145,6058,2940,3118
25980,160961,8788,77360,5543,152173,6059,2940,3119
25985,160992,8789,77374,5544,152203,6060,2941,3119
25990,161023,8789,77388,5544,152234,6061,2942,3119
25995,161054,8789,77405,5544,152265,6062,2943,3119
26000,161085,8789,77420,5544,152296,6063,2943,3120
26005,161116,8789,77430,5544,152327,6064,2943,3121
26010,161147,8789,77443,5544,152358,6065,2943,3122
26015,161178,8789,77456,5544,152389,6066,2944,3122
26020,161209,8789,77476,5544,152420,6067,2945,3122
26025,161240,8789,77489,5544,152450,6068,2946,3122
26030,161271,8793,77506,5548,152478,6069,2946,3123
26035,161302,8796,77521,5551,152505,6070,2946,3124
26040,161333,8801,77539,5555,152531,6071,2946,3125
26045,161364,8804,77559,5556,152560,6072,2946,3126
26050,161395,8806,77568,5557,152589,6073,2947,3126
26055,161426,8808,77582,5557,152618,6074,2947,3127
26060,161457,8810,77598,5558,152647,6075,2947,3128
26065,161488,8812,77612,5559,152676,6076,2947,3129
26070,161519,8815,77628,5562,152704,6077,2948,3129
26075,161550,8817,77641,5563,152733,6078,2948,3130
26080,161581,8820,77654,5565,152761,6079,2948,3131
26085,161612,8823,77665,5566,152789,6080,2948,3132
26090,161643,8825,77677,5568,152818,6081,2949,3132
26095,161674,8827,77692,5569,152847,6082,2949,3133
26100,161705,8830,77705,5570,152875,6083,2950,3133
26105,161736,8833,77722,5573,152903,6085,2951,3134
26110,161767,8836,77735,5574,152931,6087,2952,3135
26115,161798,8838,77752,5576,152960,6089,2953,3136
26120,161829,8841,77764,5577,152988,6090,2953,3137
26125,161860,8844,77779,5579,153016,6091,2954,3137
26130,161891,8847,77793,5581,153044,6092,2955,3137
26135,161922,8849,77808,5582,153073,6093,2955,3138
26140,161953,8851,77823,5583,153102,6094,2955,3139
26145,161984,8853,77840,5584,153131,6095,2956,3139
26150,162015,8854,77858,5585,153161,6096,2956,3140
26155,162046,8854,77871,5585,153192,6097,2956,3141
26160,162077,8854,77890,5585,153223,6098,2956,3142
26165,162108,8855,77910,5586,153253,6099,2957,3142
26170,162139,8856,77929,5587,153283,6100,2957,3143
26175,162170,8857,77945,5587,153313,6101,2958,3143
26180,162201,8858,77958,5588,153343,6102,2959,3143
26185,162232,8859,77976,5589,153373,6103,2959,3144
26190,162263,8860,77994,5590,153403,6104,2959,3145
26195,162294,8861,78010,5590,153433,6105,2960,3145
26200,162325,8862,78028,5590,153463,6106,2961,3145
26205,162356,8863,78039,5591,153493,6107,2962,3145
26210,162387,8864,78053,5591,153523,6108,2962,3146
26215,162418,8865,78067,5592,153553,6109,2963,3146
26220,162449,8866,78079,5592,153583,6111,2964,3147
26225,162480,8867,78097,5593,153613,6113,2965,3148
26230,162511,8868,78114,5593,153643,6115,2965,3150
26235,162542,8869,78126,5593,153673,6117,2966,3151
26240,162573,8870,78140,5593,153703,6119,2967,3152
26245,162604,8871,78155,5594,153733,6121,2968,3153
26250,162635,8872,78177,5595,153763,6122,2968,3154
26255,162666,8874,78197,5597,153791,6123,2969,3154
26260,162697,8878,78209,5600,153819,6124,2970,3154
26265,162728,8882,78223,5602,153845,6125,2971,3154
26270,162759,8888,78244,5607,153870,6126,2972,3154
26275,162790,8892,78258,5610,153897,6127,2972,3155
26280,162821,8897,78275,5614,153924,6128,2973,3155
26285,162852,8900,78289,5615,153952,6129,2974,3155
26290,162883,8903,78300,5616,153980,6130,2974,3156
26295,162914,8906,78320,5619,154008,6131,2975,3156
26300,162945,8908,78333,5620,154037,6132,2975,3157
26305,162976,8909,78345,5620,154067,6133,2975,3158
26310,163007,8911,78361,5621,154096,6134,2976,3158
26315,163038,8913,78378,5623,154125,6135,2976,3159
26320,163069,8914,78393,5624,154155,6136,2977,3159
26325,163100,8916,78406,5626,154184,6137,2977,3160
26330,163131,8918,78427,5628,154213,6138,2977,3161
26335,163162,8920,78442,5630,154242,6139,2977,3162
26340,163193,8922,78453,5632,154271,6140,2977,3163
26345,163224,8922,78469,5632,154302,6140,2977,3163
26350,163255,8922,78483,5632,154333,6141,2977,3164
26355,163286,8922,78501,5632,154364,6142,2977,3165
26360,163317,8922,78514,5632,154395,6143,2978,3165
26365,163348,8922,78531,5632,154426,6144,2979,3165
26370,163379,8922,78540,5632,154457,6145,2980,3165
26375,163410,8922,78557,5632,154488,6146,2981,3165
26380,163441,8923,78571,5633,154518,6147,2982,3165
26385,163472,8925,78590,5635,154547,6147,2982,3165
26390,163503,8926,78602,5635,154577,6147,2982,3165
26395,163534,8928,78618,5636,154606,6147,2982,3165
26400,163565,8929,78632,5637,154635,6147,2982,3165
26405,163596,8934,78649,5641,154662,6148,2982,3166
26410,163627,8937,78671,5644,154690,6149,2983,3166
26415,163658,8939,78690,5645,154719,6150,2984,3166
26420,163689,8941,78707,5645,154748,6151,2985,3166
26425,163720,8944,78722,5646,154776,6152,2986,3166
26430,163751,8947,78743,5649,154804,6153,2986,3167
26435,163782,8950,78760,5651,154832,6154,2987,3167
26440,163813,8951,78779,5652,154862,6155,2987,3168
26445,163844,8952,78791,5652,154892,6156,2988,3168
26450,163875,8953,78807,5653,154922,6157,2989,3168
26455,163906,8954,78823,5653,154952,6158,2990,3168
26460,163937,8955,78829,5653,154982,6159,2990,3169
26465,163968,8957,78845,5654,155011,6161,2992,3169
26470,163999,8958,78858,5654,155041,6163,2992,3171
26475,164030,8960,78873,5655,155070,6164,2993,3171
26480,164061,8961,78888,5656,155100,6165,2994,3171
26485,164092,8963,78899,5658,155129,6166,2994,3172
26490,164123,8965,78914,5660,155158,6167,2994,3173
26495,164154,8965,78932,5660,155189,6168,2994,3174
26500,164185,8965,78948,5660,155220,6169,2994,3175
26505,164216,8965,78964,5660,155251,6170,2994,3176
26510,164247,8965,78981,5660,155282,6171,2995,3176
26515,164278,8965,78995,5660,155313,6172,2996,3176
26520,164309,8967,79012,5662,155341,6173,2996,3177
26525,164340,8973,79024,5666,155367,6173,2996,3177
26530,164371,8977,79039,5669,155394,6173,2996,3177
26535,164402,8978,79052,5669,155424,6173,2996,3177
26540,164433,8978,79069,5669,155455,6173,2996,3177
26545,164464,8978,79086,5669,155486,6173,2996,3177
26550,164495,8978,79100,5669,155517,6173,2996,3177
26555,164526,8978,79118,5669,155548,6173,2996,3177
26560,164557,8978,79138,5669,155579,6173,2996,3177
26565,164588,8978,79153,5669,155610,6173,2996,3177
26570,164619,8978,79168,5669,155641,6173,2996,3177
26575,164650,8978,79181,5669,155672,6173,2996,3177
26580,164681,8978,79191,5669,155703,6173,2996,3177
26585,164712,8978,79207,5669,155734,6173,2996,3177
26590,164743,8978,79225,5669,155765,6173,2996,3177
26595,164774,8978,79239,5669,155796,6173,2996,3177
26600,164805,8978,79250,5669,155827,6173,2996,3177
26605,164836,8978,79261,5669,155858,6173,2996,3177
26610,164867,8978,79275,5669,155889,6173,2996,3177
26615,164898,8978,79290,5669,155920,6173,2996,3177
26620,164929,8978,79305,5669,155951,6173,2996,3177
26625,164960,8978,79318,5669,155982,6173,2996,3177
26630,164991,8979,79337,5669,156012,6175,2998,3177
26635,165022,8981,79348,5669,156041,6177,2998,3179
26640,165053,8985,79360,5673,156067,6179,2998,3181
26645,165084,8989,79375,5675,156095,6180,2998,3182
26650,165115,8993,79391,5679,156122,6181,2998,3183
26655,165146,8997,79411,5683,156149,6182,2999,3183
26660,165177,8999,79424,5684,156178,6183,2999,3184
26665,165208,9001,79437,5685,156207,6184,2999,3185
26670,165239,9002,79452,5686,156237,6185,3000,3185
26675,165270,9002,79470,5686,156268,6186,3001,3185
26680,165301,9002,79483,5686,156299,6187,3001,3186
26685,165332,9002,79500,5686,156330,6188,3002,3186
26690,165363,9002,79515,5686,156361,6189,3003,3186
26695,165394,9002,79533,5686,156392,6190,3004,3186
26700,165425,9002,79543,5686,156423,6191,3004,3187
26705,165456,9002,79553,5686,156454,6192,3004,3188
26710,165487,9002,79568,5686,156485,6193,3004,3189
26715,165518,9002,79581,5686,156516,6194,3004,3190
26720,165549,9002,79591,5686,156547,6195,3005,3190
26725,165580,9002,79605,5686,156578,6196,3005,3191
26730,165611,9002,79620,5686,156609,6197,3005,3192
26735,165642,9002,79632,5686,156640,6198,3005,3193
26740,165673,9002,79642,5686,156671,6199,3006,3193
26745,165704,9002,79658,5686,156702,6200,3006,3194
26750,165735,9005,79677,5689,156730,6201,3006,3195
26755,165766,9007,79694,5691,156759,6202,3006,3196
26760,165797,9009,79706,5692,156788,6203,3006,3197
26765,165828,9011,79719,5694,156817,6204,3006,3198
26770,165859,9013,79736,5695,156846,6205,3007,3198
26775,165890,9015,79753,5697,156875,6206,3008,3198
26780,165921,9017,79771,5698,156904,6207,3008,3199
26785,165952,9019,79787,5699,156933,6208,3009,3199
26790,165983,9021,79805,5700,156962,6209,3010,3199
26795,166014,9023,79820,5700,156991,6210,3011,3199
26800,166045,9025,79840,5702,157020,6211,3012,3199
26805,166076,9027,79855,5704,157049,6212,3012,3200
26810,166107,9030,79866,5706,157077,6213,3012,3201
26815,166138,9033,79878,5707,157105,6214,3013,3201
26820,166169,9036,79895,5710,157133,6215,3014,3201
26825,166200,9038,79911,5711,157162,6216,3015,3201
26830,166231,9041,79928,5713,157190,6217,3016,3201
26835,166262,9043,79943,5715,157219,6218,3016,3202
26840,166293,9046,79963,5717,157247,6219,3016,3203
26845,166324,9049,79981,5719,157275,6220,3016,3204
26850,166355,9052,79995,5721,157303,6221,3016,3205
26855,166386,9054,80010,5722,157332,6222,3017,3205
26860,166417,9056,80023,5723,157361,6223,3017,3206
26865,166448,9059,80038,5724,157389,6225,3018,3207
26870,166479,9062,80056,5724,157416,6227,3020,3207
26875,166510,9066,80069,5726,157444,6229,3020,3209
26880,166541,9070,80087,5729,157470,6231,3021,3210
26885,166572,9072,80101,5730,157500,6232,3022,3210
26890,166603,9073,80113,5731,157530,6233,3022,3211
26895,166634,9074,80129,5731,157560,6234,3022,3212
26900,166665,9076,80143,5733,157589,6234,3022,3212
26905,166696,9076,80157,5733,157620,6234,3022,3212
26910,166727,9076,80170,5733,157651,6234,3022,3212
26915,166758,9076,80189,5733,157682,6234,3022,3212
26920,166789,9076,80206,5733,157713,6234,3022,3212
26925,166820,9076,80222,5733,157744,6234,3022,3212
26930,166851,9076,80238,5733,157775,6234,3022,3212
26935,166882,9076,80250,5733,157806,6234,3022,3212
26940,166913,9076,80261,5733,157837,6234,3022,3212
26945,166944,9078,80276,5735,157866,6234,3022,3212
26950,166975,9080,80294,5736,157895,6234,3022,3212
26955,167006,9082,80309,5738,157924,6234,3022,3212
26960,167037,9084,80324,5739,157953,6234,3022,3212
26965,167068,9086,80341,5740,157982,6234,3022,3212
26970,167099,9087,80360,5740,158012,6234,3022,3212
26975,167130,9087,80373,5740,158043,6234,3022,3212
26980,167161,9087,80391,5740,158074,6234,3022,3212
26985,167192,9087,80404,5740,158105,6234,3022,3212
26990,167223,9087,80417,5740,158136,6235,3023,3212
26995,167254,9088,80437,5741,158165,6236,3023,3213
27000,167285,9091,80454,5743,158193,6238,3024,3214
27005,167316,9095,80466,5746,158221,6240,3024,3216
27010,167347,9099,80476,5749,158248,6242,3025,3217
27015,167378,9102,80485,5751,158276,6244,3026,3218
27020,167409,9106,80504,5755,158303,6246,3027,3219
27025,167440,9108,80519,5757,158332,6248,3027,3221
27030,167471,9111,80532,5759,158360,6250,3027,3223
27035,167502,9113,80546,5759,158389,6252,3027,3225
27040,167533,9117,80558,5761,158416,6254,3028,3226
27045,167564,9120,80572,5764,158444,6256,3029,3227
27050,167595,9122,80590,5766,158473,6258,3030,3228
27055,167626,9125,80604,5769,158501,6260,3030,3230
27060,167657,9127,80623,5771,158530,6262,3031,3231
27065,167688,9128,80634,5771,158560,6263,3032,3231
27070,167719,9129,80646,5771,158590,6264,3032,3232
27075,167750,9131,80661,5771,158619,6265,3033,3232
27080,167781,9133,80674,5771,158648,6266,3033,3233
27085,167812,9135,80691,5773,158677,6267,3033,3234
27090,167843,9137,80704,5773,158706,6268,3033,3235
27095,167874,9139,80723,5774,158735,6269,3034,3235
27100,167905,9141,80732,5774,158764,6270,3034,3236
27105,167936,9145,80749,5778,158791,6271,3035,3236
27110,167967,9148,80765,5780,158819,6272,3036,3236
27115,167998,9151,80777,5782,158847,6273,3036,3237
27120,168029,9153,80794,5784,158876,6274,3037,3237
27125,168060,9157,80808,5788,158903,6275,3038,3237
27130,168091,9159,80819,5788,158932,6276,3038,3238
27135,168122,9162,80833,5791,158960,6277,3038,3239
27140,168153,9166,80844,5794,158987,6278,3038,3240
27145,168184,9168,80858,5795,159016,6279,3039,3240
27150,168215,9170,80870,5797,159045,6280,3040,3240
27155,168246,9170,80888,5797,159076,6281,3041,3240
27160,168277,9170,80903,5797,159107,6282,3042,3240
27165,168308,9170,80919,5797,159138,6283,3042,3241
27170,168339,9170,80933,5797,159169,6284,3043,3241
27175,168370,9170,80947,5797,159200,6285,3043,3242
27180,168401,9170,80960,5797,159231,6286,3044,3242
27185,168432,9172,80976,5799,159260,6288,3046,3242
27190,168463,9174,80991,5801,159289,6290,3046,3244
27195,168494,9177,81012,5804,159317,6292,3048,3244
27200,168525,9177,81025,5804,159348,6293,3048,3245
27205,168556,9177,81041,5804,159379,6294,3049,3245
27210,168587,9177,81053,5804,159410,6295,3050,3245
27215,168618,9177,81069,5804,159441,6296,3050,3246
27220,168649,9177,81087,5804,159472,6297,3050,3247
27225,168680,9177,81106,5804,159503,6298,3051,3247
27230,168711,9177,81121,5804,159534,6299,3052,3247
27235,168742,9177,81126,5804,159565,6300,3052,3248
27240,168773,9177,81138,5804,159596,6301,3052,3249
27245,168804,9177,81153,5804,159627,6301,3052,3249
27250,168835,9177,81174,5804,159658,6301,3052,3249
27255,168866,9180,81186,5806,159686,6301,3052,3249
27260,168897,9183,81203,5808,159713,6301,3052,3249
27265,168928,9187,81224,5810,159740,6301,3052,3249
27270,168959,9190,81239,5812,159769,6301,3052,3249
27275,168990,9194,81252,5816,159796,6301,3052,3249
27280,169021,9197,81266,5819,159824,6301,3052,3249
27285,169052,9200,81281,5821,159852,6301,3052,3249
27290,169083,9203,81297,5824,159880,6301,3052,3249
27295,169114,9205,81313,5825,159909,6301,3052,3249
27300,169145,9208,81327,5827,159937,6301,3052,3249
27305,169176,9212,81341,5831,159964,6302,3052,3250
27310,169207,9215,81355,5833,159992,6303,3053,3250
27315,169238,9218,81372,5835,160020,6304,3053,3251
27320,169269,9220,81385,5836,160049,6305,3053,3252
27325,169300,9224,81401,5838,160076,6306,3054,3252
27330,169331,9228,81415,5841,160103,6307,3054,3253
27335,169362,9229,81427,5842,160133,6308,3055,3253
27340,169393,9231,81440,5844,160162,6309,3056,3253
27345,169424,9232,81454,5845,160192,6310,3057,3253
27350,169455,9235,81472,5848,160220,6311,3058,3253
27355,169486,9238,81490,5851,160248,6313,3059,3254
27360,169517,9239,81506,5852,160278,6315,3060,3255
27365,169548,9239,81520,5852,160309,6316,3061,3255
27370,169579,9239,81532,5852,160340,6317,3062,3255
27375,169610,9239,81547,5852,160371,6318,3062,3256
27380,169641,9239,81565,5852,160402,6319,3063,3256
27385,169672,9239,81575,5852,160433,6320,3063,3257
27390,169703,9239,81591,5852,160464,6321,3064,3257
27395,169734,9239,81607,5852,160495,6322,3065,3257
27400,169765,9239,81620,5852,160526,6323,3065,3258
27405,169796,9239,81636,5852,160557,6324,3066,3258
27410,169827,9239,81651,5852,160588,6325,3067,3258
27415,169858,9239,81666,5852,160619,6326,3068,3258
27420,169889,9239,81684,5852,160650,6327,3068,3259
27425,169920,9240,81695,5853,160679,6328,3068,3260
27430,169951,9243,81706,5855,160708,6329,3069,3260
27435,169982,9246,81724,5858,160735,6330,3069,3261
27440,170013,9249,81739,5861,160763,6331,3069,3262
27445,170044,9252,81754,5863,160791,6332,3069,3263
27450,170075,9255,81771,5866,160820,6333,3069,3264
27455,170106,9257,81789,5867,160849,6334,3070,3264
27460,170137,9258,81805,5868,160879,6335,3071,3264
27465,170168,9259,81820,5869,160909,6336,3071,3265
27470,170199,9262,81830,5872,160937,6337,3072,3265
27475,170230,9265,81848,5874,160965,6339,3072,3267
27480,170261,9268,81866,5876,160993,6341,3074,3267
27485,170292,9272,81883,5879,161020,6342,3075,3267
27490,170323,9276,81898,5883,161047,6342,3075,3267
27495,170354,9277,81915,5883,161077,6342,3075,3267
27500,170385,9278,81930,5883,161107,6342,3075,3267
27505,170416,9279,81945,5883,161137,6342,3075,3267
27510,170447,9280,81960,5883,161167,6342,3075,3267
27515,170478,9281,81975,5884,161197,6342,3075,3267
27520,170509,9282,81992,5885,161227,6342,3075,3267
27525,170540,9283,82010,5886,161257,6342,3075,3267
27530,170571,9284,82024,5887,161287,6342,3075,3267
27535,170602,9285,82034,5888,161317,6342,3075,3267
27540,170633,9286,82049,5888,161347,6342,3075,3267
27545,170664,9291,82062,5891,161373,6342,3075,3267
27550,170695,9296,82077,5893,161399,6342,3075,3267
27555,170726,9302,82097,5897,161423,6342,3075,3267
27560,170757,9309,82111,5901,161448,6342,3075,3267
27565,170788,9313,82125,5904,161475,6342,3075,3267
27570,170819,9317,82141,5906,161502,6342,3075,3267
27575,170850,9320,82165,5909,161530,6342,3075,3267
27580,170881,9324,82179,5912,161557,6342,3075,3267
27585,170912,9327,82193,5914,161585,6342,3075,3267
27590,170943,9330,82209,5917,161613,6343,3076,3267
27595,170974,9331,82221,5917,161643,6345,3077,3268
27600,171005,9331,82235,5917,161674,6346,3077,3269
27605,171036,9331,82251,5917,161705,6347,3078,3269
27610,171067,9331,82264,5917,161736,6348,3079,3269
27615,171098,9331,82279,5917,161767,6349,3079,3270
27620,171129,9331,82292,5917,161798,6350,3079,3271
27625,171160,9331,82308,5917,161829,6351,3080,3271
27630,171191,9331,82326,5917,161860,6352,3081,3271
27635,171222,9331,82337,5917,161891,6353,3081,3272
27640,171253,9331,82354,5917,161922,6354,3081,3273
27645,171284,9331,82374,5917,161953,6355,3082,3273
27650,171315,9331,82388,5917,161984,6356,3083,3273
27655,171346,9331,82403,5917,162015,6357,3083,3274
27660,171377,9331,82417,5917,162046,6358,3084,3274
27665,171408,9331,82430,5917,162077,6359,3085,3274
27670,171439,9332,82442,5918,162107,6360,3085,3275
27675,171470,9334,82455,5919,162136,6361,3085,3276
27680,171501,9336,82468,5920,162165,6362,3085,3277
27685,171532,9338,82484,5922,162194,6363,3085,3278
27690,171563,9340,82500,5924,162223,6364,3085,3279
27695,171594,9343,82518,5927,162251,6365,3086,3279
27700,171625,9348,82534,5930,162276,6366,3086,3280
27705,171656,9356,82551,5937,162300,6367,3087,3280
27710,171687,9361,82563,5940,162326,6368,3088,3280
27715,171718,9367,82575,5946,162351,6370,3088,3282
27720,171749,9373,82591,5951,162376,6372,3089,3283
27725,171780,9376,82604,5953,162404,6374,3089,3285
27730,171811,9379,82615,5954,162432,6375,3089,3286
27735,171842,9382,82630,5955,162460,6376,3090,3286
27740,171873,9384,82645,5956,162489,6377,3090,3287
27745,171904,9386,82661,5957,162518,6378,3091,3287
27750,171935,9390,82679,5961,162545,6379,3092,3287
27755,171966,9391,82692,5962,162575,6380,3092,3288
27760,171997,9391,82708,5962,162606,6381,3092,3289
27765,172028,9391,82722,5962,162637,6382,3093,3289
27770,172059,9391,82738,5962,162668,6383,3093,3290
27775,172090,9391,82753,5962,162699,6384,3094,3290
27780,172121,9391,82764,5962,162730,6385,3094,3291
27785,172152,9391,82779,5962,162761,6387,3095,3292
27790,172183,9391,82794,5962,162792,6389,3095,3294
27795,172214,9391,82812,5962,162823,6391,3095,3296
27800,172245,9391,82833,5962,162854,6393,3097,3296
27805,172276,9391,82848,5962,162885,6395,3099,3296
27810,172307,9391,82859,5962,162916,6397,3100,3297
27815,172338,9391,82874,5962,162947,6399,3101,3298
27820,172369,9391,82892,5962,162978,6401,3103,3298
27825,172400,9391,82907,5962,163009,6403,3104,3299
27830,172431,9391,82923,5962,163040,6405,3104,3301
27835,172462,9393,82940,5964,163069,6406,3105,3301
27840,172493,9394,82958,5965,163099,6407,3106,3301
27845,172524,9396,82974,5965,163128,6408,3107,3301
27850,172555,9398,82983,5966,163157,6409,3108,3301
27855,172586,9401,82994,5967,163185,6410,3108,3302
27860,172617,9404,83009,5969,163213,6411,3108,3303
27865,172648,9408,83024,5971,163239,6412,3109,3303
27870,172679,9412,83038,5974,163267,6413,3109,3304
27875,172710,9416,83051,5976,163294,6414,3110,3304
27880,172741,9420,83064,5977,163321,6415,3111,3304
27885,172772,9423,83080,5977,163349,6416,3111,3305
27890,172803,9427,83096,5979,163376,6417,3112,3305
27895,172834,9431,83111,5983,163403,6418,3112,3306
27900,172865,9433,83129,5983,163432,6419,3113,3306
27905,172896,9435,83142,5984,163461,6420,3114,3306
27910,172927,9438,83158,5986,163489,6421,3115,3306
27915,172958,9441,83175,5988,163517,6422,3116,3306
27920,172989,9445,83190,5990,163544,6423,3117,3306
27925,173020,9448,83207,5993,163572,6424,3118,3306
27930,173051,9451,83222,5995,163600,6425,3118,3307
27935,173082,9453,83242,5996,163629,6427,3118,3309
27940,173113,9454,83255,5996,163659,6429,3118,3311
27945,173144,9455,83270,5996,163689,6431,3119,3312
27950,173175,9456,83280,5996,163719,6433,3120,3313
27955,173206,9457,83295,5997,163749,6435,3120,3315
27960,173237,9459,83311,5998,163778,6437,3122,3315
27965,173268,9459,83324,5998,163809,6438,3122,3316
27970,173299,9459,83341,5998,163840,6439,3122,3317
27975,173330,9459,83353,5998,163871,6440,3122,3318
27980,173361,9459,83367,5998,163902,6441,3123,3318
27985,173392,9459,83379,5998,163933,6442,3124,3318
27990,173423,9459,83388,5998,163964,6443,3125,3318
27995,173454,9459,83398,5998,163995,6444,3126,3318
28000,173485,9459,83412,5998,164026,6445,3127,3318
28005,173516,9459,83430,5998,164057,6446,3127,3319
28010,173547,9460,83444,5998,164087,6447,3127,3320
28015,173578,9461,83457,5998,164117,6448,3127,3321
28020,173609,9462,83473,5998,164147,6449,3128,3321
28025,173640,9464,83484,5999,164176,6450,3129,3321
28030,173671,9467,83503,6001,164204,6451,3130,3321
28035,173702,9470,83516,6004,164231,6452,3131,3321
28040,173733,9474,83527,6006,164258,6453,3131,3322
28045,173764,9477,83539,6007,164286,6454,3131,3323
28050,173795,9480,83550,6008,164315,6455,3131,3324
28055,173826,9483,83567,6010,164343,6456,3132,3324
28060,173857,9485,83583,6011,164372,6457,3132,3325
28065,173888,9488,83596,6012,164400,6458,3133,3325
28070,173919,9491,83607,6013,164427,6460,3133,3327
28075,173950,9497,83618,6016,164453,6462,3134,3328
28080,173981,9501,83630,6017,164480,6464,3135,3329
28085,174012,9502,83644,6018,164510,6465,3135,3330
28090,174043,9503,83659,6019,164540,6466,3136,3330
28095,174074,9504,83672,6020,164570,6467,3137,3330
28100,174105,9505,83689,6020,164600,6467,3137,3330
28105,174136,9506,83701,6020,164630,6467,3137,3330
28110,174167,9507,83719,6020,164660,6467,3137,3330
28115,174198,9508,83732,6021,164690,6467,3137,3330
28120,174229,9509,83746,6021,164720,6467,3137,3330
28125,174260,9510,83766,6021,164750,6467,3137,3330
28130,174291,9511,83774,6021,164780,6467,3137,3330
28135,174322,9512,83786,6022,164810,6467,3137,3330
28140,174353,9514,83800,6023,164839,6467,3137,3330
28145,174384,9516,83815,6024,164868,6468,3137,3331
28150,174415,9518,83831,6025,164897,6469,3138,3331
28155,174446,9519,83846,6025,164927,6470,3138,3332
28160,174477,9520,83865,6026,164957,6471,3139,3332
28165,174508,9522,83878,6027,164986,6472,3140,3332
28170,174539,9524,83891,6028,165015,6473,3141,3332
28175,174570,9526,83909,6030,165044,6474,3142,3332
28180,174601,9527,83926,6030,165074,6475,3142,3333
28185,174632,9528,83943,6031,165103,6476,3143,3333
28190,174663,9531,83954,6032,165131,6477,3143,3334
28195,174694,9537,83968,6038,165157,6478,3143,3335
28200,174725,9541,83981,6040,165183,6480,3144,3336
28205,174756,9543,83993,6041,165213,6481,3144,3337
28210,174787,9544,84008,6041,165243,6482,3144,3338
28215,174818,9546,84021,6043,165272,6483,3144,3339
28220,174849,9547,84039,6043,165302,6484,3145,3339
28225,174880,9548,84053,6044,165332,6485,3146,3339
28230,174911,9549,84070,6045,165362,6486,3147,3339
28235,174942,9551,84086,6046,165391,6487,3147,3340
28240,174973,9553,84102,6048,165420,6488,3147,3341
28245,175004,9555,84115,6050,165449,6489,3147,3342
28250,175035,9555,84126,6050,165480,6490,3148,3342
28255,175066,9555,84140,6050,165511,6491,3149,3342
28260,175097,9555,84159,6050,165542,6492,3149,3343
28265,175128,9558,84173,6052,165570,6493,3149,3344
28270,175159,9560,84189,6053,165599,6494,3149,3345
28275,175190,9562,84200,6054,165628,6495,3149,3346
28280,175221,9564,84212,6055,165657,6496,3149,3347
28285,175252,9566,84221,6056,165686,6497,3150,3347
28290,175283,9567,84235,6056,165716,6498,3150,3348
28295,175314,9567,84257,6056,165747,6499,3150,3349
28300,175345,9567,84264,6056,165778,6500,3150,3350
28305,175376,9568,84283,6056,165807,6502,3151,3351
28310,175407,9570,84298,6058,165837,6504,3151,3353
28315,175438,9571,84311,6059,165866,6506,3152,3354
28320,175469,9573,84328,6060,165896,6508,3153,3355
28325,175500,9576,84339,6062,165923,6509,3154,3355
28330,175531,9580,84352,6064,165950,6510,3154,3356
28335,175562,9584,84367,6066,165977,6511,3154,3357
28340,175593,9588,84381,6069,166004,6512,3154,3358
28345,175624,9591,84393,6070,166033,6513,3154,3359
28350,175655,9594,84408,6072,166061,6514,3154,3360
28355,175686,9598,84421,6076,166088,6515,3155,3360
28360,175717,9601,84438,6078,166115,6516,3155,3361
28365,175748,9605,84454,6081,166143,6517,3155,3362
28370,175779,9607,84465,6082,166172,6518,3155,3363
28375,175810,9609,84483,6084,166201,6519,3156,3363
28380,175841,9610,84498,6085,166231,6520,3156,3364
28385,175872,9610,84511,6085,166262,6521,3156,3365
28390,175903,9610,84527,6085,166293,6521,3156,3365
28395,175934,9610,84538,6085,166324,6521,3156,3365
28400,175965,9611,84553,6086,166354,6521,3156,3365
28405,175996,9612,84574,6087,166384,6521,3156,3365
28410,176027,9613,84588,6088,166414,6521,3156,3365
28415,176058,9615,84603,6089,166443,6521,3156,3365
28420,176089,9617,84620,6091,166472,6521,3156,3365
28425,176120,9618,84634,6091,166502,6521,3156,3365
28430,176151,9620,84652,6093,166531,6521,3156,3365
28435,176182,9622,84672,6095,166560,6521,3156,3365
28440,176213,9624,84683,6096,166589,6521,3156,3365
28445,176244,9627,84700,6099,166617,6521,3156,3365
28450,176275,9629,84716,6099,166646,6521,3156,3365
28455,176306,9631,84726,6101,166675,6521,3156,3365
28460,176337,9634,84740,6103,166703,6521,3156,3365
28465,176368,9635,84749,6104,166733,6521,3156,3365
28470,176399,9636,84763,6104,166762,6521,3156,3365
28475,176430,9640,84781,6108,166789,6521,3156,3365
28480,176461,9643,84797,6111,166817,6521,3156,3365
28485,176492,9646,84806,6112,166845,6521,3156,3365
28490,176523,9649,84818,6114,166873,6523,3157,3366
28495,176554,9652,84830,6116,166902,6525,3158,3367
28500,176585,9656,84846,6120,166928,6527,3159,3368
28505,176616,9657,84865,6121,166959,6529,3160,3369
28510,176647,9657,84877,6121,166990,6530,3161,3369
28515,176678,9657,84887,6121,167021,6531,3162,3369
28520,176709,9657,84901,6121,167052,6532,3163,3369
28525,176740,9657,84918,6121,167083,6533,3164,3369
28530,176771,9657,84931,6121,167114,6534,3164,3370
28535,176802,9657,84951,6121,167145,6535,3165,3370
28540,176833,9657,84964,6121,167176,6536,3166,3370
28545,176864,9657,84983,6121,167207,6537,3167,3370
28550,176895,9657,85000,6121,167238,6538,3167,3371
28555,176926,9657,85015,6121,167269,6539,3168,3371
28560,176957,9657,85027,6121,167300,6540,3168,3372
28565,176988,9659,85039,6123,167329,6541,3168,3373
28570,177019,9662,85055,6126,167357,6542,3169,3373
28575,177050,9665,85070,6128,167385,6543,3170,3373
28580,177081,9668,85086,6130,167413,6544,3170,3374
28585,177112,9670,85098,6131,167442,6545,3171,3374
28590,177143,9672,85115,6132,167471,6546,3172,3374
28595,177174,9674,85131,6133,167500,6547,3172,3375
28600,177205,9676,85147,6135,167529,6548,3173,3375
28605,177236,9679,85166,6138,167557,6549,3173,3376
28610,177267,9683,85181,6141,167584,6551,3175,3376
28615,177298,9687,85192,6142,167611,6553,3176,3377
28620,177329,9690,85206,6144,167639,6555,3176,3379
28625,177360,9693,85222,6146,167667,6557,3177,3380
28630,177391,9694,85238,6146,167696,6558,3177,3381
28635,177422,9696,85255,6148,167726,6559,3178,3381
28640,177453,9697,85270,6148,167756,6560,3178,3382
28645,177484,9698,85284,6149,167786,6561,3178,3383
28650,177515,9699,85299,6149,167816,6562,3178,3384
28655,177546,9701,85317,6150,167845,6563,3179,3384
28660,177577,9702,85330,6150,167875,6564,3179,3385
28665,177608,9704,85341,6152,167904,6565,3179,3386
28670,177639,9705,85352,6152,167934,6566,3179,3387
28675,177670,9706,85365,6152,167964,6567,3179,3388
28680,177701,9708,85384,6153,167993,6568,3180,3388
28685,177732,9708,85400,6153,168024,6570,3180,3390
28690,177763,9708,85405,6153,168055,6572,3182,3390
28695,177794,9708,85422,6153,168086,6574,3183,3391
28700,177825,9708,85440,6153,168117,6575,3183,3392
28705,177856,9708,85458,6153,168148,6576,3184,3392
28710,177887,9708,85474,6153,168179,6577,3185,3392
28715,177918,9708,85485,6153,168210,6578,3185,3393
28720,177949,9708,85500,6153,168241,6579,3186,3393
28725,177980,9708,85517,6153,168272,6580,3187,3393
28730,178011,9708,85536,6153,168303,6581,3188,3393
28735,178042,9710,85547,6155,168332,6582,3189,3393
28740,178073,9712,85558,6156,168361,6583,3190,3393
28745,178104,9715,85572,6158,168389,6583,3190,3393
28750,178135,9716,85588,6158,168419,6583,3190,3393
28755,178166,9717,85608,6159,168449,6583,3190,3393
28760,178197,9718,85623,6160,168479,6583,3190,3393
28765,178228,9719,85640,6160,168509,6583,3190,3393
28770,178259,9720,85653,6161,168539,6583,3190,3393
28775,178290,9721,85665,6161,168569,6583,3190,3393
28780,178321,9722,85678,6161,168599,6583,3190,3393
28785,178352,9723,85693,6162,168629,6583,3190,3393
28790,178383,9724,85710,6162,168659,6583,3190,3393
28795,178414,9725,85729,6163,168689,6583,3190,3393
28800,178445,9726,85741,6164,168719,6583,3190,3393
28805,178476,9727,85754,6164,168749,6584,3190,3394
28810,178507,9728,85767,6164,168779,6585,3191,3394
28815,178538,9729,85780,6164,168809,6586,3191,3395
28820,178569,9730,85797,6164,168839,6587,3192,3395
28825,178600,9731,85812,6164,168869,6588,3192,3396
28830,178631,9732,85830,6165,168899,6589,3192,3397
28835,178662,9733,85848,6165,168929,6590,3193,3397
28840,178693,9735,85862,6166,168958,6591,3193,3398
28845,178724,9736,85877,6167,168988,6592,3193,3399
28850,178755,9739,85892,6169,169015,6594,3194,3400
28855,178786,9743,85910,6173,169043,6596,3196,3400
28860,178817,9748,85927,6177,169069,6598,3196,3402
28865,178848,9750,85940,6178,169098,6600,3197,3403
28870,178879,9754,85956,6181,169125,6602,3198,3404
28875,178910,9758,85969,6183,169152,6604,3198,3406
28880,178941,9761,85981,6184,169180,6605,3199,3406
28885,178972,9762,85996,6185,169210,6606,3199,3407
28890,179003,9763,86014,6185,169240,6607,3200,3407
28895,179034,9764,86030,6185,169270,6608,3200,3408
28900,179065,9766,86043,6187,169299,6609,3200,3409
28905,179096,9767,86055,6187,169329,6610,3201,3409
28910,179127,9768,86072,6188,169359,6611,3201,3410
28915,179158,9770,86091,6190,169388,6612,3201,3411
28920,179189,9771,86106,6191,169418,6613,3202,3411
28925,179220,9772,86122,6191,169448,6614,3203,3411
28930,179251,9773,86133,6191,169478,6615,3203,3412
28935,179282,9774,86147,6191,169508,6616,3204,3412
28940,179313,9775,86165,6192,169538,6617,3205,3412
28945,179344,9776,86176,6193,169568,6618,3206,3412
28950,179375,9778,86193,6195,169597,6619,3207,3412
28955,179406,9780,86207,6197,169626,6620,3208,3412
28960,179437,9783,86220,6198,169654,6621,3208,3413
28965,179468,9784,86239,6199,169684,6622,3209,3413
28970,179499,9785,86255,6199,169714,6623,3210,3413
28975,179530,9786,86274,6200,169743,6624,3211,3413
28980,179561,9788,86290,6202,169773,6626,3211,3415
28985,179592,9789,86305,6203,169803,6628,3213,3415
28990,179623,9791,86317,6204,169832,6630,3213,3417
28995,179654,9794,86330,6206,169860,6632,3215,3417
29000,179685,9796,86339,6207,169889,6634,3216,3418
29005,179716,9798,86354,6208,169918,6636,3217,3419
29010,179747,9800,86364,6210,169947,6638,3218,3420
29015,179778,9805,86380,6214,169973,6640,3219,3421
29020,179809,9808,86395,6215,170001,6642,3221,3421
29025,179840,9812,86407,6218,170028,6644,3222,3422
29030,179871,9814,86424,6220,170057,6646,3223,3423
29035,179902,9816,86444,6222,170086,6648,3224,3424
29040,179933,9818,86458,6224,170115,6650,3226,3424
29045,179964,9818,86472,6224,170146,6650,3226,3424
29050,179995,9818,86487,6224,170177,6650,3226,3424
29055,180026,9818,86501,6224,170208,6650,3226,3424
29060,180057,9818,86514,6224,170239,6650,3226,3424
29065,180088,9818,86526,6224,170270,6650,3226,3424
29070,180119,9818,86540,6224,170301,6650,3226,3424
29075,180150,9818,86553,6224,170332,6650,3226,3424
29080,180181,9818,86575,6224,170363,6650,3226,3424
29085,180212,9818,86589,6224,170394,6650,3226,3424
29090,180243,9819,86604,6225,170424,6650,3226,3424
29095,180274,9821,86614,6227,170453,6650,3226,3424
29100,180305,9822,86626,6227,170483,6650,3226,3424
29105,180336,9827,86637,6231,170509,6650,3226,3424
29110,180367,9829,86648,6231,170538,6650,3226,3424
29115,180398,9830,86664,6232,170568,6650,3226,3424
29120,180429,9831,86682,6233,170598,6650,3226,3424
29125,180460,9832,86695,6233,170628,6650,3226,3424
29130,180491,9833,86712,6234,170658,6650,3226,3424
29135,180522,9834,86730,6235,170688,6650,3226,3424
29140,180553,9835,86746,6235,170718,6650,3226,3424
29145,180584,9836,86761,6236,170748,6651,3226,3425
29150,180615,9837,86781,6237,170778,6653,3227,3426
29155,180646,9838,86794,6237,170808,6655,3228,3427
29160,180677,9840,86808,6238,170837,6657,3230,3427
29165,180708,9842,86825,6239,170866,6659,3231,3428
29170,180739,9843,86841,6240,170896,6661,3233,3428
29175,180770,9844,86854,6240,170926,6663,3234,3429
29180,180801,9845,86867,6241,170956,6664,3234,3430
29185,180832,9846,86881,6242,170986,6665,3234,3431
29190,180863,9847,86901,6243,171016,6666,3234,3432
29195,180894,9848,86915,6243,171046,6667,3235,3432
29200,180925,9849,86928,6244,171076,6668,3235,3433
29205,180956,9850,86941,6244,171106,6669,3235,3434
29210,180987,9853,86958,6246,171134,6670,3236,3434
29215,181018,9857,86971,6248,171161,6671,3236,3435
29220,181049,9861,86988,6249,171187,6672,3237,3435
29225,181080,9864,87004,6251,171216,6673,3238,3435
29230,181111,9867,87021,6252,171244,6674,3239,3435
29235,181142,9870,87037,6255,171272,6675,3240,3435
29240,181173,9872,87051,6257,171301,6676,3240,3436
29245,181204,9873,87071,6258,171331,6677,3241,3436
29250,181235,9874,87084,6258,171361,6678,3241,3437
29255,181266,9876,87102,6260,171390,6679,3242,3437
29260,181297,9877,87116,6261,171420,6680,3243,3437
29265,181328,9877,87130,6261,171451,6681,3243,3438
29270,181359,9877,87148,6261,171482,6682,3244,3438
29275,181390,9877,87161,6261,171513,6683,3244,3439
29280,181421,9877,87177,6261,171544,6685,3244,3441
29285,181452,9878,87193,6261,171574,6687,3246,3441
29290,181483,9880,87207,6263,171603,6689,3247,3442
29295,181514,9882,87225,6265,171632,6691,3248,3443
29300,181545,9884,87238,6266,171661,6693,3249,3444
29305,181576,9885,87250,6266,171691,6695,3249,3446
29310,181607,9886,87267,6267,171721,6697,3249,3448
29315,181638,9887,87279,6267,171751,6699,3250,3449
29320,181669,9888,87294,6268,171781,6701,3251,3450
29325,181700,9890,87308,6270,171810,6703,3253,3450
29330,181731,9891,87323,6271,171840,6705,3254,3451
29335,181762,9892,87338,6271,171870,6707,3255,3452
29340,181793,9895,87348,6273,171898,6709,3255,3454
29345,181824,9898,87364,6275,171925,6710,3255,3455
29350,181855,9902,87386,6278,171952,6711,3256,3455
29355,181886,9905,87399,6281,171981,6712,3256,3456
29360,181917,9909,87412,6284,172008,6713,3256,3457
29365,181948,9912,87425,6285,172036,6714,3257,3457
29370,181979,9916,87442,6287,172063,6715,3258,3457
29375,182010,9921,87455,6290,172089,6716,3259,3457
29380,182041,9924,87473,6293,172117,6717,3259,3458
29385,182072,9924,87484,6293,172148,6718,3260,3458
29390,182103,9924,87501,6293,172179,6719,3260,3459
29395,182134,9924,87516,6293,172210,6720,3261,3459
29400,182165,9924,87530,6293,172241,6721,3262,3459
29405,182196,9924,87546,6293,172272,6722,3262,3460
29410,182227,9924,87558,6293,172303,6723,3262,3461
29415,182258,9924,87574,6293,172334,6724,3263,3461
29420,182289,9924,87588,6293,172365,6725,3263,3462
29425,182320,9924,87604,6293,172396,6726,3264,3462
29430,182351,9924,87616,6293,172427,6727,3264,3463
29435,182382,9924,87631,6293,172458,6728,3265,3463
29440,182413,9924,87650,6293,172489,6729,3265,3464
29445,182444,9925,87660,6293,172519,6730,3265,3465
29450,182475,9927,87677,6295,172548,6732,3265,3467
29455,182506,9929,87699,6297,172577,6734,3266,3468
29460,182537,9931,87712,6298,172606,6736,3266,3470
29465,182568,9935,87731,6301,172632,6737,3266,3471
29470,182599,9940,87744,6304,172659,6738,3266,3472
29475,182630,9945,87758,6306,172684,6739,3267,3472
29480,182661,9950,87774,6309,172711,6740,3268,3472
29485,182692,9953,87787,6310,172739,6741,3268,3473
29490,182723,9957,87805,6313,172765,6742,3268,3474
29495,182754,9963,87825,6318,172791,6743,3268,3475
29500,182785,9968,87836,6321,172817,6743,3268,3475
29505,182816,9974,87851,6324,172842,6743,3268,3475
29510,182847,9979,87868,6328,172867,6743,3268,3475
29515,182878,9985,87888,6333,172893,6743,3268,3475
29520,182909,9987,87901,6334,172921,6743,3268,3475
29525,182940,9988,87921,6335,172952,6743,3268,3475
29530,182971,9988,87938,6335,172983,6743,3268,3475
29535,183002,9988,87951,6335,173014,6743,3268,3475
29540,183033,9988,87961,6335,173045,6743,3268,3475
29545,183064,9988,87975,6335,173076,6743,3268,3475
29550,183095,9988,87988,6335,173107,6743,3268,3475
29555,183126,9988,88004,6335,173138,6743,3268,3475
29560,183157,9988,88019,6335,173169,6743,3268,3475
29565,183188,9988,88030,6335,173200,6744,3268,3476
29570,183219,9988,88047,6335,173231,6745,3269,3476
29575,183250,9988,88064,6335,173262,6746,3270,3476
29580,183281,9988,88072,6335,173293,6747,3271,3476
29585,183312,9989,88089,6336,173323,6748,3272,3476
29590,183343,9990,88106,6336,173353,6749,3273,3476
29595,183374,9991,88122,6336,173383,6750,3274,3476
29600,183405,9992,88139,6337,173413,6751,3274,3477
29605,183436,9993,88155,6338,173443,6753,3275,3478
29610,183467,9994,88167,6339,173473,6755,3276,3479
29615,183498,9995,88179,6340,173503,6757,3277,3480
29620,183529,9998,88194,6342,173531,6759,3279,3480
29625,183560,10002,88211,6345,173557,6761,3281,3480
29630,183591,10007,88229,6349,173583,6763,3282,3481
29635,183622,10013,88240,6354,173609,6765,3282,3483
29640,183653,10017,88256,6357,173635,6767,3283,3484
29645,183684,10020,88277,6360,173664,6768,3283,3485
29650,183715,10023,88296,6362,173692,6769,3284,3485
29655,183746,10026,88310,6364,173720,6770,3285,3485
29660,183777,10028,88329,6366,173749,6771,3285,3486
29665,183808,10029,88344,6367,173779,6772,3285,3487
29670,183839,10031,88357,6369,173808,6773,3286,3487
29675,183870,10031,88373,6369,173839,6774,3287,3487
29680,183901,10031,88388,6369,173870,6775,3288,3487
29685,183932,10031,88404,6369,173901,6776,3289,3487
29690,183963,10031,88423,6369,173932,6777,3290,3487
29695,183994,10031,88435,6369,173963,6778,3290,3488
29700,184025,10031,88452,6369,173994,6779,3291,3488
29705,184056,10031,88463,6369,174025,6780,3291,3489
29710,184087,10031,88482,6369,174056,6781,3291,3490
29715,184118,10031,88495,6369,174087,6782,3291,3491
29720,184149,10031,88508,6369,174118,6783,3291,3492
29725,184180,10031,88525,6369,174149,6784,3291,3493
29730,184211,10031,88544,6369,174180,6785,3292,3493
29735,184242,10031,88557,6369,174211,6786,3293,3493
29740,184273,10031,88573,6369,174242,6787,3293,3494
29745,184304,10031,88589,6369,174273,6789,3295,3494
29750,184335,10033,88603,6370,174301,6791,3296,3495
29755,184366,10035,88614,6371,174331,6793,3297,3496
29760,184397,10039,88630,6375,174357,6795,3298,3497
29765,184428,10041,88640,6376,174387,6797,3299,3498
29770,184459,10042,88652,6376,174417,6799,3300,3499
29775,184490,10043,88669,6377,174447,6800,3300,3500
29780,184521,10044,88687,6378,174477,6801,3301,3500
29785,184552,10045,88705,6379,174507,6802,3302,3500
29790,184583,10046,88718,6380,174537,6803,3302,3501
29795,184614,10047,88733,6380,174567,6804,3303,3501
29800,184645,10048,88752,6381,174597,6805,3303,3502
29805,184676,10049,88764,6381,174627,6806,3303,3503
29810,184707,10050,88777,6382,174657,6807,3303,3504
29815,184738,10051,88792,6383,174687,6808,3304,3504
29820,184769,10052,88806,6384,174717,6809,3305,3504
29825,184800,10053,88817,6385,174747,6810,3305,3505
29830,184831,10054,88831,6385,174777,6811,3306,3505
29835,184862,10055,88845,6386,174807,6812,3306,3506
29840,184893,10056,88858,6387,174837,6813,3306,3507
29845,184924,10057,88876,6388,174867,6814,3306,3508
29850,184955,10058,88892,6388,174897,6815,3306,3509
29855,184986,10059,88911,6389,174927,6816,3307,3509
29860,185017,10060,88930,6389,174957,6817,3308,3509
29865,185048,10063,88947,6391,174984,6818,3309,3509
29870,185079,10067,88957,6392,175011,6819,3310,3509
29875,185110,10073,88972,6395,175036,6821,3312,3509
29880,185141,10079,88984,6399,175062,6823,3313,3510
29885,185172,10082,88996,6401,175090,6824,3313,3511
29890,185203,10083,89014,6402,175120,6825,3314,3511
29895,185234,10084,89029,6403,175150,6826,3315,3511
29900,185265,10086,89046,6405,175179,6827,3315,3512
29905,185296,10088,89064,6407,175208,6828,3315,3513
29910,185327,10088,89074,6407,175239,6829,3315,3514
29915,185358,10088,89089,6407,175270,6830,3316,3514
29920,185389,10088,89104,6407,175301,6831,3317,3514
29925,185420,10088,89121,6407,175332,6831,3317,3514
29930,185451,10088,89138,6407,175363,6831,3317,3514
29935,185482,10088,89154,6407,175394,6831,3317,3514
29940,185513,10088,89166,6407,175425,6831,3317,3514
29945,185544,10088,89180,6407,175456,6831,3317,3514
29950,185575,10088,89193,6407,175487,6831,3317,3514
29955,185606,10088,89206,6407,175518,6831,3317,3514
29960,185637,10088,89220,6407,175549,6831,3317,3514
29965,185668,10088,89238,6407,175580,6831,3317,3514
29970,185699,10088,89252,6407,175611,6831,3317,3514
29975,185730,10088,89271,6407,175642,6831,3317,3514
29980,185761,10088,89286,6407,175673,6831,3317,3514
29985,185792,10088,89302,6407,175704,6832,3317,3515
29990,185823,10090,89316,6408,175732,6833,3317,3516
29995,185854,10094,89331,6410,175760,6834,3318,3516
30000,185885,10097,89349,6412,175787,6835,3319,3516
30005,185916,10102,89362,6416,175814,6836,3319,3517
30010,185947,10108,89376,6421,175839,6837,3320,3517
30015,185978,10112,89391,6423,175866,6838,3321,3517
30020,186009,10116,89406,6424,175893,6839,3321,3518
30025,186040,10119,89414,6425,175921,6841,3321,3520
30030,186071,10121,89424,6426,175950,6843,3322,3521
30035,186102,10124,89439,6428,175978,6845,3323,3522
30040,186133,10128,89454,6430,176005,6847,3325,3522
30045,186164,10131,89470,6431,176033,6849,3327,3522
30050,186195,10134,89484,6432,176061,6851,3329,3522
30055,186226,10136,89493,6433,176090,6853,3331,3522
30060,186257,10137,89506,6433,176120,6854,3331,3523
30065,186288,10137,89519,6433,176151,6855,3331,3524
30070,186319,10137,89525,6433,176182,6856,3331,3525
30075,186350,10137,89538,6433,176213,6857,3331,3526
30080,186381,10137,89554,6433,176244,6858,3331,3527
30085,186412,10137,89571,6433,176275,6859,3332,3527
30090,186443,10137,89583,6433,176306,6860,3332,3528
30095,186474,10137,89600,6433,176337,6861,3332,3529
30100,186505,10137,89618,6433,176368,6862,3332,3530
30105,186536,10137,89623,6433,176399,6863,3332,3531
30110,186567,10137,89641,6433,176430,6864,3333,3531
30115,186598,10137,89655,6433,176461,6865,3334,3531
30120,186629,10137,89667,6433,176492,6866,3334,3532
30125,186660,10139,89686,6435,176521,6867,3335,3532
30130,186691,10141,89699,6435,176550,6868,3335,3533
30135,186722,10144,89714,6437,176578,6869,3336,3533
30140,186753,10146,89726,6439,176607,6870,3337,3533
30145,186784,10150,89743,6442,176634,6871,3338,3533
30150,186815,10154,89753,6444,176661,6872,3338,3534
30155,186846,10158,89765,6446,176688,6873,3338,3535
30160,186877,10159,89777,6446,176718,6875,3339,3536
30165,186908,10160,89789,6447,176748,6877,3339,3538
30170,186939,10165,89807,6451,176774,6879,3341,3538
30175,186970,10169,89823,6453,176801,6881,3342,3539
30180,187001,10173,89839,6457,176828,6883,3343,3540
30185,187032,10175,89852,6458,176857,6884,3343,3541
30190,187063,10176,89866,6458,176887,6885,3344,3541
30195,187094,10177,89878,6459,176917,6886,3345,3541
30200,187125,10178,89895,6460,176947,6887,3345,3542
30205,187156,10180,89910,6462,176976,6888,3345,3543
30210,187187,10182,89926,6464,177005,6889,3346,3543
30215,187218,10183,89943,6465,177035,6890,3346,3544
30220,187249,10185,89965,6467,177064,6891,3346,3545
30225,187280,10188,89989,6470,177092,6892,3347,3545
30230,187311,10190,90001,6471,177121,6893,3347,3546
30235,187342,10192,90013,6473,177150,6894,3348,3546
30240,187373,10194,90028,6475,177179,6895,3348,3547
30245,187404,10195,90038,6476,177208,6897,3348,3549
30250,187435,10197,90055,6477,177237,6899,3349,3550
30255,187466,10199,90070,6479,177266,6901,3350,3551
30260,187497,10202,90086,6482,177295,6903,3351,3552
30265,187528,10205,90106,6484,177322,6905,3353,3552
30270,187559,10208,90119,6486,177350,6907,3353,3554
30275,187590,10212,90138,6489,177378,6909,3355,3554
30280,187621,10214,90152,6490,177407,6911,3356,3555
30285,187652,10217,90172,6492,177435,6913,3358,3555
30290,187683,10219,90188,6493,177464,6915,3359,3556
30295,187714,10222,90202,6496,177492,6917,3360,3557
30300,187745,10226,90217,6499,177519,6918,3360,3558
30305,187776,10226,90233,6499,177550,6919,3361,3558
30310,187807,10226,90246,6499,177581,6920,3361,3559
30315,187838,10226,90260,6499,177612,6921,3361,3560
30320,187869,10226,90275,6499,177643,6922,3361,3561
30325,187900,10226,90286,6499,177674,6923,3362,3561
30330,187931,10226,90301,6499,177705,6924,3362,3562
30335,187962,10226,90319,6499,177736,6925,3363,3562
30340,187993,10226,90332,6499,177767,6926,3363,3563
30345,188024,10226,90344,6499,177798,6927,3363,3564
30350,188055,10226,90357,6499,177829,6928,3363,3565
30355,188086,10227,90378,6499,177859,6929,3364,3565
30360,188117,10229,90397,6500,177888,6930,3365,3565
30365,188148,10231,90415,6502,177917,6932,3366,3566
30370,188179,10232,90433,6502,177947,6934,3367,3567
30375,188210,10233,90450,6502,177977,6936,3368,3568
30380,188241,10234,90461,6503,178007,6938,3368,3570
30385,188272,10235,90478,6504,178037,6939,3369,3570
30390,188303,10236,90495,6504,178067,6940,3370,3570
30395,188334,10237,90509,6505,178097,6941,3370,3571
30400,188365,10238,90523,6505,178127,6942,3371,3571
30405,188396,10239,90538,6505,178157,6943,3371,3572
30410,188427,10242,90551,6507,178184,6944,3371,3573
30415,188458,10246,90567,6509,178211,6945,3371,3574
30420,188489,10250,90580,6511,178238,6946,3371,3575
30425,188520,10254,90598,6514,178266,6946,3371,3575
30430,188551,10256,90610,6515,178295,6946,3371,3575
30435,188582,10258,90626,6515,178324,6946,3371,3575
30440,188613,10261,90645,6516,178352,6946,3371,3575
30445,188644,10264,90657,6518,178380,6946,3371,3575
30450,188675,10267,90672,6519,178408,6946,3371,3575
30455,188706,10270,90690,6522,178436,6946,3371,3575
30460,188737,10271,90709,6522,178466,6946,3371,3575
30465,188768,10272,90725,6523,178496,6946,3371,3575
30470,188799,10273,90738,6524,178526,6946,3371,3575
30475,188830,10274,90758,6525,178556,6946,3371,3575
30480,188861,10275,90770,6525,178586,6946,3371,3575
30485,188892,10278,90783,6526,178614,6947,3372,3575
30490,188923,10281,90794,6527,178642,6948,3373,3575
30495,188954,10284,90813,6529,178670,6949,3373,3576
30500,188985,10287,90828,6531,178698,6950,3373,3577
30505,189016,10290,90841,6533,178726,6951,3374,3577
30510,189047,10293,90856,6535,178754,6952,3375,3577
30515,189078,10294,90875,6536,178784,6953,3376,3577
30520,189109,10295,90890,6536,178814,6954,3377,3577
30525,189140,10296,90900,6536,178844,6955,3378,3577
30530,189171,10297,90910,6536,178874,6956,3379,3577
30535,189202,10298,90925,6536,178904,6958,3379,3579
30540,189233,10299,90940,6536,178934,6960,3380,3580
30545,189264,10303,90952,6539,178961,6961,3380,3581
30550,189295,10305,90964,6540,178990,6962,3381,3581
30555,189326,10308,90985,6542,179018,6963,3382,3581
30560,189357,10311,91001,6543,179046,6964,3382,3582
30565,189388,10315,91016,6545,179073,6965,3382,3583
30570,189419,10319,91033,6548,179100,6966,3383,3583
30575,189450,10321,91052,6549,179129,6967,3384,3583
30580,189481,10325,91070,6552,179156,6968,3385,3583
30585,189512,10327,91086,6554,179185,6969,3386,3583
30590,189543,10328,91101,6554,179215,6970,3386,3584
30595,189574,10329,91117,6554,179245,6971,3387,3584
30600,189605,10330,91135,6554,179275,6972,3388,3584
30605,189636,10332,91146,6556,179304,6973,3388,3585
30610,189667,10333,91159,6557,179333,6974,3389,3585
30615,189698,10335,91177,6558,179362,6975,3389,3586
30620,189729,10337,91194,6559,179392,6976,3390,3586
30625,189760,10338,91213,6559,179422,6977,3391,3586
30630,189791,10339,91223,6559,179452,6978,3392,3586
30635,189822,10340,91237,6560,179482,6979,3393,3586
30640,189853,10341,91251,6561,179512,6980,3393,3587
30645,189884,10342,91264,6562,179542,6981,3393,3588
30650,189915,10343,91277,6563,179572,6982,3394,3588
30655,189946,10344,91290,6563,179602,6984,3394,3590
30660,189977,10345,91304,6563,179632,6986,3395,3591
30665,190008,10346,91316,6564,179662,6987,3395,3592
30670,190039,10347,91329,6564,179692,6987,3395,3592
30675,190070,10348,91344,6564,179722,6987,3395,3592
30680,190101,10349,91358,6565,179752,6987,3395,3592
30685,190132,10350,91370,6565,179782,6987,3395,3592
30690,190163,10352,91383,6566,179811,6987,3395,3592
30695,190194,10354,91397,6567,179840,6987,3395,3592
30700,190225,10357,91412,6569,179868,6987,3395,3592
30705,190256,10360,91426,6570,179896,6987,3395,3592
30710,190287,10363,91442,6571,179924,6987,3395,3592
30715,190318,10368,91450,6574,179950,6987,3395,3592
30720,190349,10371,91466,6576,179978,6987,3395,3592
30725,190380,10373,91483,6577,180007,6989,3397,3592
30730,190411,10374,91505,6578,180037,6990,3398,3592
30735,190442,10375,91518,6578,180067,6991,3399,3592
30740,190473,10376,91540,6579,180097,6992,3400,3592
30745,190504,10377,91556,6579,180127,6993,3400,3593
30750,190535,10378,91570,6579,180157,6994,3401,3593
30755,190566,10379,91585,6580,180187,6995,3402,3593
30760,190597,10380,91598,6581,180217,6996,3403,3593
30765,190628,10381,91615,6582,180247,6997,3403,3594
30770,190659,10382,91631,6582,180277,6998,3403,3595
30775,190690,10383,91649,6583,180307,6999,3404,3595
30780,190721,10384,91664,6584,180337,7000,3405,3595
30785,190752,10386,91681,6585,180365,7001,3405,3596
30790,190783,10389,91697,6587,180393,7002,3405,3597
30795,190814,10392,91715,6590,180421,7003,3405,3598
30800,190845,10395,91732,6592,180450,7004,3405,3599
30805,190876,10397,91748,6593,180478,7005,3405,3600
30810,190907,10400,91763,6596,180507,7006,3405,3601
30815,190938,10402,91776,6597,180536,7007,3406,3601
30820,190969,10404,91791,6599,180564,7008,3406,3602
30825,191000,10407,91811,6602,180592,7009,3406,3603
30830,191031,10412,91826,6605,180618,7011,3407,3604
30835,191062,10418,91836,6609,180644,7013,3407,3606
30840,191093,10421,91853,6612,180672,7015,3408,3607
30845,191124,10423,91869,6614,180701,7017,3409,3608
30850,191155,10426,91883,6616,180729,7019,3409,3610
30855,191186,10426,91896,6616,180760,7020,3409,3611
30860,191217,10426,91913,6616,180791,7021,3410,3611
30865,191248,10426,91930,6616,180822,7022,3411,3611
30870,191279,10426,91944,6616,180853,7023,3412,3611
30875,191310,10426,91966,6616,180884,7024,3413,3611
30880,191341,10426,91977,6616,180915,7025,3414,3611
30885,191372,10426,91993,6616,180946,7026,3414,3612
30890,191403,10426,92011,6616,180977,7027,3414,3613
30895,191434,10426,92027,6616,181008,7028,3415,3613
30900,191465,10426,92041,6616,181039,7029,3415,3614
30905,191496,10426,92053,6616,181070,7030,3415,3615
30910,191527,10426,92068,6616,181101,7031,3415,3616
30915,191558,10426,92084,6616,181132,7032,3415,3617
30920,191589,10426,92100,6616,181163,7033,3415,3618
30925,191620,10426,92116,6616,181194,7034,3415,3619
30930,191651,10426,92128,6616,181225,7035,3415,3620
30935,191682,10426,92138,6616,181256,7036,3416,3620
30940,191713,10427,92156,6616,181286,7037,3417,3620
30945,191744,10429,92170,6618,181314,7038,3418,3620
30950,191775,10433,92186,6622,181342,7039,3418,3621
30955,191806,10435,92200,6624,181371,7041,3419,3622
30960,191837,10439,92216,6626,181398,7043,3420,3623
30965,191868,10442,92231,6628,181426,7044,3421,3623
30970,191899,10446,92247,6630,181453,7045,3422,3623
30975,191930,10450,92263,6632,181480,7046,3422,3624
30980,191961,10454,92277,6635,181507,7047,3422,3625
30985,191992,10457,92292,6636,181535,7048,3422,3626
30990,192023,10460,92304,6637,181563,7049,3423,3626
30995,192054,10464,92323,6640,181590,7050,3424,3626
31000,192085,10468,92339,6644,181617,7051,3424,3627
31005,192116,10471,92351,6645,181645,7052,3424,3628
31010,192147,10476,92367,6649,181671,7053,3425,3628
31015,192178,10479,92378,6650,181699,7054,3425,3629
31020,192209,10484,92397,6655,181725,7055,3426,3629
31025,192240,10485,92413,6656,181755,7056,3427,3629
31030,192271,10487,92424,6657,181784,7057,3427,3630
31035,192302,10487,92436,6657,181815,7058,3427,3631
31040,192333,10487,92450,6657,181846,7059,3427,3632
31045,192364,10487,92468,6657,181877,7060,3427,3633
31050,192395,10487,92483,6657,181908,7061,3427,3634
31055,192426,10487,92496,6657,181939,7062,3428,3634
31060,192457,10487,92512,6657,181970,7063,3429,3634
31065,192488,10487,92532,6657,182001,7064,3430,3634
31070,192519,10487,92547,6657,182032,7065,3430,3635
31075,192550,10487,92560,6657,182063,7066,3430,3636
31080,192581,10487,92573,6657,182094,7067,3431,3636
31085,192612,10490,92585,6658,182122,7068,3432,3636
31090,192643,10494,92599,6660,182149,7069,3433,3636
31095,192674,10498,92613,6662,182176,7070,3434,3636
31100,192705,10502,92631,6664,182202,7071,3434,3637
31105,192736,10507,92644,6668,182229,7072,3434,3638
31110,192767,10510,92661,6671,182256,7073,3435,3638
31115,192798,10514,92675,6673,182284,7074,3435,3639
31120,192829,10517,92688,6675,182311,7075,3435,3640
31125,192860,10521,92706,6679,182338,7076,3435,3641
31130,192891,10524,92720,6682,182367,7078,3436,3642
31135,192922,10526,92733,6684,182396,7080,3437,3643
31140,192953,10528,92749,6685,182425,7082,3439,3643
31145,192984,10528,92766,6685,182456,7084,3441,3643
31150,193015,10528,92779,6685,182487,7086,3443,3643
31155,193046,10528,92798,6685,182518,7087,3444,3643
31160,193077,10528,92811,6685,182549,7088,3445,3643
31165,193108,10528,92828,6685,182580,7089,3446,3643
31170,193139,10528,92844,6685,182611,7090,3446,3644
31175,193170,10528,92860,6685,182642,7091,3446,3645
31180,193201,10528,92878,6685,182673,7092,3447,3645
31185,193232,10528,92897,6685,182704,7093,3448,3645
31190,193263,10528,92914,6685,182735,7094,3449,3645
31195,193294,10528,92928,6685,182766,7095,3449,3646
31200,193325,10528,92944,6685,182797,7096,3449,3647
31205,193356,10530,92962,6687,182826,7097,3449,3648
31210,193387,10531,92978,6687,182856,7098,3449,3649
31215,193418,10534,92992,6689,182884,7099,3450,3649
31220,193449,10537,93003,6690,182912,7100,3451,3649
31225,193480,10540,93017,6693,182940,7101,3451,3650
31230,193511,10544,93032,6695,182967,7102,3452,3650
31235,193542,10547,93044,6697,182995,7103,3453,3650
31240,193573,10549,93057,6698,183024,7104,3454,3650
31245,193604,10551,93069,6698,183053,7105,3455,3650
31250,193635,10556,93083,6702,183079,7106,3455,3651
31255,193666,10559,93102,6704,183106,7108,3456,3652
31260,193697,10563,93119,6707,183133,7110,3457,3653
31265,193728,10566,93134,6709,183162,7111,3457,3654
31270,193759,10566,93153,6709,183193,7112,3458,3654
31275,193790,10566,93170,6709,183224,7113,3459,3654
31280,193821,10566,93185,6709,183255,7113,3459,3654
31285,193852,10566,93198,6709,183286,7113,3459,3654
31290,193883,10566,93215,6709,183317,7113,3459,3654
31295,193914,10566,93229,6709,183348,7113,3459,3654
31300,193945,10566,93247,6709,183379,7113,3459,3654
31305,193976,10566,93258,6709,183410,7113,3459,3654
31310,194007,10566,93270,6709,183441,7113,3459,3654
31315,194038,10566,93281,6709,183472,7113,3459,3654
31320,194069,10566,93295,6709,183503,7113,3459,3654
31325,194100,10566,93313,6709,183534,7113,3459,3654
31330,194131,10566,93330,6709,183565,7113,3459,3654
31335,194162,10566,93343,6709,183596,7113,3459,3654
31340,194193,10566,93355,6709,183627,7113,3459,3654
31345,194224,10566,93364,6709,183658,7113,3459,3654
31350,194255,10566,93381,6709,183689,7113,3459,3654
31355,194286,10566,93395,6709,183720,7113,3459,3654
31360,194317,10566,93412,6709,183751,7113,3459,3654
31365,194348,10566,93431,6709,183782,7114,3459,3655
31370,194379,10569,93442,6711,183810,7115,3460,3655
31375,194410,10573,93455,6714,183837,7116,3460,3656
31380,194441,10577,93471,6715,183863,7118,3460,3658
31385,194472,10581,93487,6718,183891,7120,3461,3659
31390,194503,10585,93507,6722,183918,7122,3462,3660
31395,194534,10587,93521,6723,183947,7124,3464,3660
31400,194565,10590,93530,6724,183975,7126,3465,3661
31405,194596,10593,93546,6726,184003,7128,3467,3661
31410,194627,10595,93564,6727,184032,7130,3468,3662
31415,194658,10596,93578,6727,184062,7132,3470,3662
31420,194689,10597,93590,6728,184092,7134,3472,3662
31425,194720,10599,93607,6729,184121,7136,3473,3663
31430,194751,10600,93625,6730,184151,7138,3475,3663
31435,194782,10601,93642,6730,184181,7140,3477,3663
31440,194813,10603,93656,6731,184210,7142,3479,3663
31445,194844,10604,93667,6732,184239,7143,3480,3663
31450,194875,10606,93681,6734,184268,7144,3480,3664
31455,194906,10609,93695,6737,184296,7145,3480,3665
31460,194937,10611,93702,6738,184326,7146,3480,3666
31465,194968,10611,93713,6738,184357,7147,3480,3667
31470,194999,10611,93724,6738,184388,7148,3480,3668
31475,195030,10611,93737,6738,184419,7149,3480,3669
31480,195061,10611,93749,6738,184450,7150,3480,3670
31485,195092,10612,93761,6738,184480,7151,3481,3670
31490,195123,10613,93774,6738,184510,7152,3481,3671
31495,195154,10614,93788,6738,184540,7153,3481,3672
31500,195185,10615,93799,6738,184570,7154,3482,3672
31505,195216,10621,93817,6741,184595,7156,3483,3673
31510,195247,10625,93829,6742,184622,7158,3484,3674
31515,195278,10630,93847,6744,184648,7160,3486,3674
31520,195309,10635,93861,6748,184674,7162,3487,3675
31525,195340,10639,93876,6750,184701,7164,3489,3675
31530,195371,10642,93892,6753,184729,7166,3490,3676
31535,195402,10646,93905,6756,184756,7168,3490,3678
31540,195433,10648,93918,6758,184785,7170,3490,3680
31545,195464,10649,93932,6758,184815,7171,3490,3681
31550,195495,10650,93949,6758,184845,7172,3490,3682
31555,195526,10651,93967,6758,184875,7173,3490,3683
31560,195557,10652,93986,6759,184905,7174,3491,3683
31565,195588,10653,93998,6759,184935,7175,3492,3683
31570,195619,10654,94010,6759,184965,7176,3492,3684
31575,195650,10655,94022,6760,184995,7177,3493,3684
31580,195681,10656,94038,6760,185025,7178,3494,3684
31585,195712,10657,94055,6760,185055,7179,3494,3685
31590,195743,10658,94068,6760,185085,7180,3494,3686
31595,195774,10659,94081,6760,185115,7181,3495,3686
31600,195805,10660,94099,6761,185145,7182,3496,3686
31605,195836,10661,94113,6761,185175,7183,3496,3687
31610,195867,10662,94128,6762,185205,7184,3497,3687
31615,195898,10663,94151,6763,185235,7185,3498,3687
31620,195929,10664,94166,6764,185265,7186,3499,3687
31625,195960,10666,94181,6766,185293,7187,3499,3688
31630,195991,10669,94197,6769,185322,7188,3499,3689
31635,196022,10671,94218,6771,185351,7189,3500,3689
31640,196053,10672,94230,6771,185381,7190,3500,3690
31645,196084,10673,94243,6771,185411,7192,3501,3691
31650,196115,10676,94257,6772,185439,7194,3503,3691
31655,196146,10680,94268,6775,185466,7196,3504,3692
31660,196177,10682,94287,6777,185495,7198,3506,3692
31665,196208,10686,94304,6781,185522,7200,3507,3693
31670,196239,10690,94316,6783,185549,7202,3508,3694
31675,196270,10692,94329,6784,185578,7204,3508,3696
31680,196301,10697,94349,6788,185604,7206,3508,3698
31685,196332,10697,94364,6788,185635,7206,3508,3698
31690,196363,10697,94382,6788,185666,7206,3508,3698
31695,196394,10697,94396,6788,185697,7206,3508,3698
31700,196425,10697,94409,6788,185728,7206,3508,3698
31705,196456,10697,94425,6788,185759,7206,3508,3698
31710,196487,10697,94440,6788,185790,7206,3508,3698
31715,196518,10697,94455,6788,185821,7206,3508,3698
31720,196549,10697,94466,6788,185852,7206,3508,3698
31725,196580,10697,94477,6788,185883,7206,3508,3698
31730,196611,10698,94484,6788,185913,7206,3508,3698
31735,196642,10699,94496,6788,185943,7206,3508,3698
31740,196673,10700,94509,6789,185972,7206,3508,3698
31745,196704,10703,94523,6790,186001,7207,3509,3698
31750,196735,10705,94536,6790,186030,7208,3510,3698
31755,196766,10708,94551,6792,186058,7209,3511,3698
31760,196797,10711,94570,6795,186086,7210,3512,3698
31765,196828,10714,94587,6798,186114,7211,3512,3699
31770,196859,10716,94600,6800,186143,7212,3512,3700
31775,196890,10718,94610,6800,186172,7213,3512,3701
31780,196921,10720,94624,6801,186201,7214,3512,3702
31785,196952,10722,94636,6802,186230,7216,3513,3703
31790,196983,10726,94647,6805,186257,7218,3514,3704
31795,197014,10730,94665,6809,186284,7220,3515,3705
31800,197045,10733,94681,6810,186312,7222,3515,3707
31805,197076,10737,94694,6814,186339,7224,3516,3708
31810,197107,10738,94708,6814,186369,7226,3517,3709
31815,197138,10739,94719,6815,186399,7228,3517,3711
31820,197169,10740,94735,6816,186429,7230,3518,3712
31825,197200,10741,94752,6817,186459,7232,3520,3712
31830,197231,10742,94768,6818,186489,7234,3522,3712
31835,197262,10744,94780,6819,186518,7236,3522,3714
31840,197293,10745,94790,6819,186548,7238,3522,3716
31845,197324,10747,94804,6820,186577,7240,3523,3717
31850,197355,10749,94820,6822,186606,7242,3524,3718
31855,197386,10751,94835,6824,186635,7244,3526,3718
31860,197417,10753,94845,6826,186664,7246,3526,3720
31865,197448,10754,94860,6827,186694,7247,3526,3721
31870,197479,10756,94879,6828,186722,7247,3526,3721
31875,197510,10758,94894,6829,186752,7247,3526,3721
31880,197541,10759,94906,6829,186781,7247,3526,3721
31885,197572,10761,94920,6831,186811,7247,3526,3721
31890,197603,10763,94936,6832,186840,7247,3526,3721
31895,197634,10764,94952,6833,186870,7247,3526,3721
31900,197665,10765,94971,6833,186900,7247,3526,3721
31905,197696,10766,94990,6834,186929,7247,3526,3721
31910,197727,10769,95009,6836,186958,7247,3526,3721
31915,197758,10771,95025,6837,186986,7247,3526,3721
31920,197789,10774,95040,6840,187014,7247,3526,3721
31925,197820,10776,95054,6842,187044,7248,3527,3721
31930,197851,10777,95069,6843,187074,7249,3527,3722
31935,197882,10778,95080,6843,187104,7250,3527,3723
31940,197913,10779,95092,6844,187134,7251,3527,3724
31945,197944,10780,95111,6845,187164,7252,3527,3725
31950,197975,10781,95126,6845,187194,7253,3528,3725
31955,198006,10782,95139,6845,187224,7254,3528,3726
31960,198037,10783,95154,6845,187254,7255,3529,3726
31965,198068,10784,95169,6845,187284,7256,3530,3726
31970,198099,10786,95182,6845,187313,7258,3531,3727
31975,198130,10788,95199,6847,187342,7260,3532,3728
31980,198161,10790,95213,6848,187371,7262,3532,3730
31985,198192,10792,95230,6850,187400,7264,3532,3732
31990,198223,10794,95246,6851,187429,7266,3533,3733
31995,198254,10796,95258,6852,187458,7268,3534,3734
32000,198285,10798,95270,6852,187487,7270,3535,3735
32005,198316,10800,95285,6853,187516,7272,3536,3736
32010,198347,10802,95300,6855,187545,7274,3538,3736
32015,198378,10804,95311,6855,187574,7276,3538,3738
32020,198409,10806,95328,6856,187603,7278,3539,3739
32025,198440,10809,95347,6858,187631,7280,3541,3739
32030,198471,10813,95368,6860,187657,7282,3543,3739
32035,198502,10820,95380,6865,187682,7284,3544,3740
32040,198533,10823,95393,6868,187710,7286,3544,3742
32045,198564,10825,95409,6869,187739,7287,3545,3742
32050,198595,10825,95421,6869,187770,7288,3546,3742
32055,198626,10825,95433,6869,187801,7289,3546,3743
32060,198657,10825,95445,6869,187832,7290,3547,3743
32065,198688,10825,95459,6869,187863,7291,3547,3744
32070,198719,10825,95479,6869,187894,7292,3548,3744
32075,198750,10825,95496,6869,187925,7293,3549,3744
32080,198781,10825,95509,6869,187956,7294,3550,3744
32085,198812,10825,95525,6869,187987,7295,3550,3745
32090,198843,10825,95534,6869,188018,7296,3551,3745
32095,198874,10825,95547,6869,188049,7297,3552,3745
32100,198905,10825,95560,6869,188080,7298,3553,3745
32105,198936,10825,95576,6869,188111,7299,3554,3745
32110,198967,10825,95589,6869,188142,7300,3555,3745
32115,198998,10825,95600,6869,188173,7301,3555,3746
32120,199029,10825,95615,6869,188204,7302,3556,3746
32125,199060,10825,95634,6869,188235,7303,3556,3747
32130,199091,10825,95648,6869,188266,7304,3557,3747
32135,199122,10825,95668,6869,188297,7305,3557,3748
32140,199153,10825,95686,6869,188328,7306,3557,3749
32145,199184,10826,95698,6869,188358,7308,3557,3751
32150,199215,10829,95715,6870,188386,7310,3558,3752
32155,199246,10834,95730,6872,188411,7312,3558,3754
32160,199277,10842,95745,6877,188434,7314,3559,3755
32165,199308,10843,95765,6878,188465,7314,3559,3755
32170,199339,10843,95778,6878,188496,7314,3559,3755
32175,199370,10843,95794,6878,188527,7314,3559,3755
32180,199401,10843,95813,6878,188558,7314,3559,3755
32185,199432,10843,95832,6878,188589,7314,3559,3755
32190,199463,10843,95847,6878,188620,7314,3559,3755
32195,199494,10843,95863,6878,188651,7314,3559,3755
32200,199525,10843,95875,6878,188682,7314,3559,3755
32205,199556,10843,95886,6878,188713,7314,3559,3755
32210,199587,10843,95904,6878,188744,7314,3559,3755
32215,199618,10843,95920,6878,188775,7314,3559,3755
32220,199649,10843,95940,6878,188806,7314,3559,3755
32225,199680,10843,95955,6878,188837,7314,3559,3755
32230,199711,10843,95972,6878,188868,7314,3559,3755
32235,199742,10843,95985,6878,188899,7314,3559,3755
32240,199773,10843,96000,6878,188930,7314,3559,3755
32245,199804,10843,96012,6878,188961,7314,3559,3755
32250,199835,10843,96031,6878,188992,7314,3559,3755
32255,199866,10843,96047,6878,189023,7314,3559,3755
32260,199897,10843,96065,6878,189054,7314,3559,3755
32265,199928,10845,96077,6880,189083,7315,3560,3755
32270,199959,10851,96091,6885,189108,7317,3561,3756
32275,199990,10854,96106,6887,189135,7319,3562,3757
32280,200021,10860,96122,6893,189160,7321,3563,3758
32285,200052,10863,96138,6896,189189,7322,3564,3758
32290,200083,10865,96153,6898,189218,7323,3564,3759
32295,200114,10867,96166,6898,189247,7324,3565,3759
32300,200145,10869,96180,6899,189276,7325,3566,3759
32305,200176,10871,96197,6900,189305,7326,3567,3759
32310,200207,10873,96213,6900,189334,7327,3568,3759
32315,200238,10875,96232,6901,189363,7328,3569,3759
32320,200269,10877,96242,6901,189392,7329,3569,3760
32325,200300,10879,96258,6902,189421,7330,3569,3761
32330,200331,10881,96272,6902,189450,7331,3570,3761
32335,200362,10883,96284,6902,189479,7332,3570,3762
32340,200393,10885,96299,6904,189508,7333,3571,3762
32345,200424,10887,96313,6905,189537,7334,3571,3763
32350,200455,10889,96325,6905,189566,7335,3571,3764
32355,200486,10891,96338,6905,189595,7336,3572,3764
32360,200517,10893,96353,6906,189624,7337,3573,3764
32365,200548,10895,96364,6906,189653,7338,3574,3764
32370,200579,10897,96376,6906,189682,7339,3574,3765
32375,200610,10899,96395,6907,189711,7340,3575,3765
32380,200641,10901,96411,6907,189740,7341,3575,3766
32385,200672,10904,96425,6909,189768,7342,3576,3766
32390,200703,10907,96440,6911,189795,7344,3577,3767
32395,200734,10911,96452,6913,189823,7346,3577,3769
32400,200765,10912,96467,6914,189853,7348,3578,3770
32405,200796,10913,96484,6915,189883,7349,3579,3770
32410,200827,10914,96500,6915,189913,7350,3580,3770
32415,200858,10915,96515,6915,189943,7351,3580,3771
32420,200889,10917,96527,6916,189972,7352,3581,3771
32425,200920,10919,96550,6918,190001,7353,3582,3771
32430,200951,10921,96567,6920,190030,7354,3582,3772
32435,200982,10922,96578,6920,190060,7355,3583,3772
32440,201013,10923,96594,6920,190090,7356,3583,3773
32445,201044,10924,96613,6921,190120,7357,3584,3773
32450,201075,10925,96630,6921,190150,7358,3585,3773
32455,201106,10926,96649,6922,190180,7359,3586,3773
32460,201137,10927,96665,6923,190210,7360,3586,3774
32465,201168,10928,96687,6923,190240,7361,3587,3774
32470,201199,10929,96704,6924,190270,7362,3587,3775
32475,201230,10930,96723,6924,190300,7363,3587,3776
32480,201261,10931,96741,6925,190330,7364,3588,3776
32485,201292,10932,96758,6926,190360,7365,3588,3777
32490,201323,10933,96773,6927,190390,7366,3588,3778
32495,201354,10934,96789,6928,190420,7367,3589,3778
32500,201385,10937,96799,6929,190448,7368,3589,3779
32505,201416,10940,96812,6931,190476,7370,3590,3780
32510,201447,10944,96831,6934,190502,7372,3592,3780
32515,201478,10949,96844,6939,190529,7374,3593,3781
32520,201509,10953,96864,6942,190556,7376,3594,3782
32525,201540,10955,96883,6944,190585,7378,3595,3783
32530,201571,10958,96902,6947,190613,7380,3596,3784
32535,201602,10961,96920,6950,190641,7382,3596,3786
32540,201633,10962,96933,6951,190671,7383,3596,3787
32545,201664,10963,96950,6952,190701,7384,3596,3788
32550,201695,10964,96965,6952,190731,7385,3596,3789
32555,201726,10965,96977,6952,190761,7386,3597,3789
32560,201757,10966,96992,6952,190791,7387,3597,3790
32565,201788,10967,97008,6953,190821,7388,3598,3790
32570,201819,10968,97024,6954,190851,7389,3599,3790
32575,201850,10969,97041,6955,190881,7390,3600,3790
32580,201881,10970,97055,6955,190911,7391,3600,3791
32585,201912,10973,97067,6957,190939,7391,3600,3791
32590,201943,10977,97084,6960,190966,7391,3600,3791
32595,201974,10978,97098,6961,190996,7391,3600,3791
32600,202005,10979,97113,6961,191026,7391,3600,3791
32605,202036,10980,97130,6961,191056,7391,3600,3791
32610,202067,10981,97145,6961,191086,7391,3600,3791
32615,202098,10982,97158,6961,191116,7391,3600,3791
32620,202129,10983,97170,6961,191146,7391,3600,3791
32625,202160,10984,97187,6961,191176,7391,3600,3791
32630,202191,10987,97204,6962,191204,7391,3600,3791
32635,202222,10991,97215,6964,191230,7391,3600,3791
32640,202253,10994,97232,6966,191258,7392,3601,3791
32645,202284,10998,97248,6969,191286,7394,3602,3792
32650,202315,11001,97258,6971,191314,7396,3604,3792
32655,202346,11004,97272,6972,191342,7398,3606,3792
32660,202377,11006,97286,6973,191371,7400,3606,3794
32665,202408,11009,97304,6976,191399,7402,3607,3795
32670,202439,11012,97316,6977,191427,7404,3607,3797
32675,202470,11013,97327,6977,191457,7406,3607,3799
32680,202501,11014,97348,6978,191487,7408,3609,3799
32685,202532,11015,97359,6979,191517,7410,3609,3801
32690,202563,11016,97375,6980,191547,7412,3609,3803
32695,202594,11017,97397,6980,191577,7414,3610,3804
32700,202625,11018,97413,6981,191607,7416,3611,3805
32705,202656,11020,97431,6982,191636,7417,3612,3805
32710,202687,11023,97450,6984,191664,7418,3612,3806
32715,202718,11026,97462,6986,191691,7419,3613,3806
32720,202749,11027,97473,6987,191722,7420,3614,3806
32725,202780,11027,97489,6987,191753,7421,3615,3806
32730,202811,11027,97506,6987,191784,7422,3616,3806
32735,202842,11027,97520,6987,191815,7423,3616,3807
32740,202873,11027,97536,6987,191846,7424,3616,3808
32745,202904,11027,97552,6987,191877,7425,3617,3808
32750,202935,11027,97567,6987,191908,7426,3617,3809
32755,202966,11027,97585,6987,191939,7427,3617,3810
32760,202997,11027,97604,6987,191970,7428,3618,3810
32765,203028,11031,97619,6989,191997,7429,3619,3810
32770,203059,11034,97634,6990,192025,7430,3620,3810
32775,203090,11036,97644,6991,192054,7431,3620,3811
32780,203121,11038,97655,6992,192083,7432,3621,3811
32785,203152,11041,97668,6994,192111,7433,3622,3811
32790,203183,11044,97684,6996,192139,7434,3623,3811
32795,203214,11045,97700,6996,192169,7435,3624,3811
32800,203245,11046,97716,6996,192199,7436,3625,3811
32805,203276,11048,97732,6998,192228,7438,3625,3813
32810,203307,11050,97743,6999,192257,7440,3626,3814
32815,203338,11052,97758,7000,192286,7442,3626,3816
32820,203369,11053,97773,7000,192316,7444,3628,3816
32825,203400,11054,97783,7000,192346,7444,3628,3816
32830,203431,11055,97796,7000,192376,7444,3628,3816
32835,203462,11057,97812,7002,192405,7444,3628,3816
32840,203493,11059,97829,7003,192433,7444,3628,3816
32845,203524,11062,97839,7005,192462,7444,3628,3816
32850,203555,11064,97853,7007,192491,7444,3628,3816
32855,203586,11066,97871,7008,192519,7444,3628,3816
32860,203617,11068,97882,7009,192548,7444,3628,3816
32865,203648,11070,97902,7010,192578,7444,3628,3816
32870,203679,11071,97921,7011,192608,7444,3628,3816
32875,203710,11073,97937,7012,192636,7444,3628,3816
32880,203741,11077,97952,7015,192664,7444,3628,3816
32885,203772,11077,97964,7015,192695,7444,3628,3816
32890,203803,11077,97978,7015,192726,7444,3628,3816
32895,203834,11078,97993,7015,192755,7444,3628,3816
32900,203865,11081,98011,7018,192784,7444,3628,3816
32905,203896,11082,98023,7018,192814,7444,3628,3816
32910,203927,11083,98037,7018,192843,7444,3628,3816
32915,203958,11086,98049,7020,192872,7444,3628,3816
32920,203989,11088,98063,7021,192901,7444,3628,3816
32925,204020,11090,98076,7022,192930,7445,3629,3816
32930,204051,11092,98086,7023,192959,7447,3629,3818
32935,204082,11096,98105,7026,192986,7449,3630,3819
32940,204113,11099,98126,7028,193014,7451,3631,3820
32945,204144,11100,98143,7029,193044,7452,3632,3820
32950,204175,11102,98161,7030,193073,7453,3632,3821
32955,204206,11103,98180,7030,193103,7454,3633,3821
32960,204237,11104,98198,7031,193133,7455,3633,3822
32965,204268,11105,98213,7032,193163,7456,3634,3822
32970,204299,11107,98228,7034,193192,7457,3635,3822
32975,204330,11108,98242,7034,193222,7458,3635,3823
32980,204361,11110,98256,7035,193251,7459,3635,3824
32985,204392,11111,98271,7035,193281,7460,3636,3824
32990,204423,11114,98290,7037,193309,7461,3636,3825
32995,204454,11115,98305,7038,193339,7462,3636,3826
33000,204485,11116,98321,7039,193369,7463,3637,3826
33005,204516,11117,98335,7039,193399,7464,3637,3827
33010,204547,11118,98347,7040,193429,7465,3637,3828
33015,204578,11119,98363,7040,193459,7466,3638,3828
33020,204609,11120,98374,7040,193489,7467,3638,3829
33025,204640,11121,98389,7041,193519,7468,3639,3829
33030,204671,11122,98397,7041,193549,7469,3639,3830
33035,204702,11123,98412,7042,193579,7470,3639,3831
33040,204733,11124,98427,7043,193609,7471,3640,3831
33045,204764,11126,98441,7043,193638,7472,3641,3831
33050,204795,11129,98456,7045,193666,7474,3641,3833
33055,204826,11132,98476,7048,193693,7476,3642,3834
33060,204857,11135,98494,7050,193721,7478,3643,3835
33065,204888,11139,98509,7054,193749,7479,3644,3835
33070,204919,11140,98522,7055,193779,7480,3645,3835
33075,204950,11141,98537,7055,193809,7481,3646,3835
33080,204981,11142,98551,7055,193839,7482,3646,3836
33085,205012,11143,98567,7055,193868,7483,3647,3836
33090,205043,11145,98585,7056,193897,7484,3647,3837
33095,205074,11147,98601,7057,193927,7485,3647,3838
33100,205105,11148,98615,7058,193956,7486,3648,3838
33105,205136,11150,98628,7059,193986,7487,3648,3839
33110,205167,11151,98642,7060,194015,7488,3648,3840
33115,205198,11153,98654,7062,194045,7489,3648,3841
33120,205229,11153,98667,7062,194076,7490,3648,3842
33125,205260,11153,98687,7062,194107,7491,3648,3843
33130,205291,11153,98702,7062,194138,7492,3649,3843
33135,205322,11153,98715,7062,194169,7493,3650,3843
33140,205353,11153,98732,7062,194200,7494,3651,3843
33145,205384,11153,98746,7062,194231,7495,3651,3844
33150,205415,11153,98762,7062,194262,7496,3651,3845
33155,205446,11153,98772,7062,194293,7497,3652,3845
33160,205477,11153,98785,7062,194324,7498,3652,3846
33165,205508,11153,98803,7062,194355,7500,3654,3846
33170,205539,11153,98825,7062,194386,7502,3655,3847
33175,205570,11156,98839,7064,194414,7504,3656,3848
33180,205601,11160,98855,7066,194441,7506,3657,3849
33185,205632,11162,98871,7067,194469,7506,3657,3849
33190,205663,11166,98888,7071,194497,7506,3657,3849
33195,205694,11168,98906,7073,194526,7506,3657,3849
33200,205725,11171,98923,7076,194554,7506,3657,3849
33205,205756,11174,98938,7078,194582,7506,3657,3849
33210,205787,11176,98949,7078,194611,7506,3657,3849
33215,205818,11179,98966,7081,194639,7506,3657,3849
33220,205849,11182,98981,7082,194667,7506,3657,3849
33225,205880,11184,98996,7083,194696,7506,3657,3849
33230,205911,11187,99018,7085,194724,7506,3657,3849
33235,205942,11189,99030,7085,194753,7506,3657,3849
33240,205973,11190,99044,7085,194783,7506,3657,3849
33245,206004,11191,99057,7085,194813,7506,3657,3849
33250,206035,11192,99073,7085,194843,7506,3657,3849
33255,206066,11193,99088,7085,194873,7506,3657,3849
33260,206097,11194,99102,7086,194903,7506,3657,3849
33265,206128,11195,99116,7086,194933,7506,3657,3849
33270,206159,11196,99136,7087,194963,7506,3657,3849
33275,206190,11197,99147,7087,194993,7506,3657,3849
33280,206221,11198,99162,7087,195023,7506,3657,3849
33285,206252,11199,99178,7087,195053,7506,3657,3849
33290,206283,11202,99190,7089,195081,7507,3657,3850
33295,206314,11204,99204,7091,195110,7509,3658,3851
33300,206345,11208,99216,7093,195137,7511,3659,3852
33305,206376,11210,99233,7095,195166,7513,3659,3854
33310,206407,11210,99248,7095,195197,7515,3661,3854
33315,206438,11210,99263,7095,195228,7516,3662,3854
33320,206469,11210,99279,7095,195259,7517,3662,3855
33325,206500,11210,99293,7095,195290,7518,3662,3856
33330,206531,11210,99308,7095,195321,7519,3662,3857
33335,206562,11210,99324,7095,195352,7520,3662,3858
33340,206593,11211,99340,7096,195382,7521,3662,3859
33345,206624,11212,99355,7096,195412,7522,3663,3859
33350,206655,11213,99372,7096,195442,7523,3663,3860
33355,206686,11214,99385,7097,195472,7524,3663,3861
33360,206717,11215,99403,7097,195502,7525,3663,3862
33365,206748,11216,99414,7097,195532,7527,3665,3862
33370,206779,11218,99427,7098,195560,7528,3666,3862
33375,206810,11222,99442,7102,195588,7529,3667,3862
33380,206841,11224,99456,7103,195617,7530,3667,3863
33385,206872,11226,99473,7104,195646,7531,3668,3863
33390,206903,11228,99486,7105,195674,7532,3668,3864
33395,206934,11231,99501,7108,195702,7533,3668,3865
33400,206965,11232,99519,7109,195733,7534,3668,3866
33405,206996,11233,99532,7109,195763,7535,3669,3866
33410,207027,11234,99544,7110,195793,7536,3669,3867
33415,207058,11235,99563,7111,195823,7537,3670,3867
33420,207089,11236,99583,7112,195853,7538,3671,3867
33425,207120,11238,99596,7113,195882,7539,3671,3868
33430,207151,11240,99614,7115,195911,7540,3672,3868
33435,207182,11242,99631,7117,195940,7541,3673,3868
33440,207213,11243,99646,7118,195970,7542,3674,3868
33445,207244,11244,99658,7119,196000,7543,3674,3869
33450,207275,11246,99674,7120,196029,7544,3674,3870
33455,207306,11248,99691,7122,196058,7545,3674,3871
33460,207337,11249,99709,7123,196088,7546,3674,3872
33465,207368,11251,99725,7125,196117,7547,3675,3872
33470,207399,11254,99737,7126,196145,7548,3676,3872
33475,207430,11256,99748,7127,196174,7549,3676,3873
33480,207461,11259,99768,7128,196202,7550,3677,3873
33485,207492,11261,99786,7130,196231,7552,3677,3875
33490,207523,11263,99802,7132,196260,7554,3679,3875
33495,207554,11265,99818,7133,196289,7556,3679,3877
33500,207585,11267,99830,7134,196318,7557,3679,3878
33505,207616,11270,99841,7136,196346,7558,3679,3879
33510,207647,11271,99855,7137,196375,7559,3680,3879
33515,207678,11273,99868,7138,196405,7560,3681,3879
33520,207709,11274,99885,7139,196434,7561,3681,3880
33525,207740,11276,99902,7141,196463,7562,3681,3881
33530,207771,11278,99913,7142,196493,7563,3682,3881
33535,207802,11279,99928,7142,196523,7564,3683,3881
33540,207833,11280,99944,7142,196552,7565,3683,3882
33545,207864,11284,99960,7146,196580,7566,3683,3883
33550,207895,11287,99975,7149,196608,7567,3683,3884
33555,207926,11290,99993,7152,196636,7568,3684,3884
33560,207957,11293,100013,7154,196664,7569,3685,3884
33565,207988,11296,100028,7155,196692,7570,3685,3885
33570,208019,11298,100037,7156,196721,7571,3686,3885
33575,208050,11300,100053,7157,196750,7572,3686,3886
33580,208081,11302,100071,7159,196779,7573,3687,3886
33585,208112,11305,100089,7161,196807,7574,3688,3886
33590,208143,11306,100102,7162,196837,7575,3688,3887
33595,208174,11307,100116,7163,196867,7576,3688,3888
33600,208205,11308,100130,7164,196897,7578,3690,3888
33605,208236,11310,100145,7166,196925,7580,3691,3889
33610,208267,11312,100157,7168,196955,7582,3692,3890
33615,208298,11315,100173,7171,196983,7584,3693,3891
33620,208329,11319,100188,7175,197010,7586,3694,3892
33625,208360,11321,100202,7177,197039,7588,3694,3894
33630,208391,11325,100215,7180,197066,7590,3694,3896
33635,208422,11329,100231,7184,197093,7592,3695,3897
33640,208453,11330,100246,7185,197123,7594,3696,3898
33645,208484,11330,100262,7185,197154,7595,3696,3899
33650,208515,11330,100277,7185,197185,7596,3697,3899
33655,208546,11330,100290,7185,197216,7597,3697,3900
33660,208577,11330,100304,7185,197247,7598,3698,3900
33665,208608,11330,100321,7185,197278,7598,3698,3900
33670,208639,11330,100338,7185,197309,7598,3698,3900
33675,208670,11330,100353,7185,197340,7598,3698,3900
33680,208701,11330,100367,7185,197371,7598,3698,3900
33685,208732,11330,100382,7185,197402,7598,3698,3900
33690,208763,11330,100403,7185,197433,7598,3698,3900
33695,208794,11332,100419,7187,197462,7598,3698,3900
33700,208825,11334,100436,7188,197491,7598,3698,3900
33705,208856,11336,100453,7189,197520,7598,3698,3900
33710,208887,11338,100469,7190,197549,7598,3698,3900
33715,208918,11340,100483,7191,197578,7598,3698,3900
33720,208949,11342,100500,7192,197607,7598,3698,3900
33725,208980,11345,100512,7193,197635,7599,3699,3900
33730,209011,11349,100526,7196,197662,7600,3699,3901
33735,209042,11352,100544,7197,197690,7601,3700,3901
33740,209073,11354,100560,7198,197719,7602,3700,3902
33745,209104,11356,100577,7200,197748,7604,3702,3902
33750,209135,11361,100592,7203,197774,7606,3703,3903
33755,209166,11363,100608,7204,197803,7608,3704,3904
33760,209197,11365,100620,7206,197832,7609,3704,3905
33765,209228,11368,100634,7208,197860,7610,3704,3906
33770,209259,11371,100648,7209,197888,7611,3704,3907
33775,209290,11373,100667,7210,197917,7612,3705,3907
33780,209321,11375,100681,7211,197946,7613,3706,3907
33785,209352,11377,100698,7211,197975,7614,3706,3908
33790,209383,11379,100714,7212,198004,7615,3706,3909
33795,209414,11381,100728,7213,198033,7616,3707,3909
33800,209445,11383,100741,7215,198062,7617,3708,3909
33805,209476,11385,100762,7215,198091,7618,3709,3909
33810,209507,11387,100777,7215,198120,7619,3710,3909
33815,209538,11389,100793,7216,198149,7620,3710,3910
33820,209569,11391,100808,7217,198178,7621,3711,3910
33825,209600,11393,100827,7218,198206,7622,3712,3910
33830,209631,11395,100840,7220,198236,7623,3712,3911
33835,209662,11396,100850,7220,198266,7624,3712,3912
33840,209693,11398,100862,7222,198295,7625,3713,3912
33845,209724,11401,100880,7225,198323,7626,3713,3913
33850,209755,11405,100892,7228,198350,7627,3714,3913
33855,209786,11409,100906,7231,198377,7628,3714,3914
33860,209817,11413,100921,7233,198404,7629,3714,3915
33865,209848,11417,100942,7237,198431,7630,3715,3915
33870,209879,11419,100960,7239,198460,7631,3715,3916
33875,209910,11420,100971,7239,198490,7632,3716,3916
33880,209941,11421,100983,7239,198520,7633,3716,3917
33885,209972,11423,101001,7241,198549,7634,3717,3917
33890,210003,11425,101017,7242,198578,7635,3718,3917
33895,210034,11425,101030,7242,198609,7636,3718,3918
33900,210065,11425,101045,7242,198640,7637,3719,3918
33905,210096,11425,101066,7242,198671,7638,3720,3918
33910,210127,11425,101086,7242,198702,7638,3720,3918
33915,210158,11425,101102,7242,198733,7638,3720,3918
33920,210189,11425,101124,7242,198764,7638,3720,3918
33925,210220,11425,101140,7242,198795,7638,3720,3918
33930,210251,11425,101158,7242,198826,7638,3720,3918
33935,210282,11425,101171,7242,198857,7638,3720,3918
33940,210313,11425,101188,7242,198888,7638,3720,3918
33945,210344,11425,101204,7242,198919,7638,3720,3918
33950,210375,11426,101219,7242,198948,7638,3720,3918
33955,210406,11428,101232,7244,198977,7638,3720,3918
33960,210437,11431,101248,7246,199005,7638,3720,3918
33965,210468,11435,101262,7248,199033,7639,3721,3918
33970,210499,11438,101273,7249,199061,7640,3721,3919
33975,210530,11442,101290,7252,199088,7641,3722,3919
33980,210561,11444,101303,7253,199117,7642,3723,3919
33985,210592,11448,101318,7256,199144,7643,3724,3919
33990,210623,11451,101332,7259,199172,7644,3724,3920
33995,210654,11455,101346,7262,199199,7645,3724,3921
34000,210685,11458,101363,7264,199227,7646,3724,3922
34005,210716,11461,101375,7265,199255,7647,3725,3922
34010,210747,11464,101392,7267,199283,7648,3725,3923
34015,210778,11469,101407,7270,199309,7649,3726,3923
34020,210809,11473,101426,7272,199336,7651,3728,3923
34025,210840,11473,101445,7272,199367,7653,3730,3923
34030,210871,11473,101456,7272,199398,7655,3730,3925
34035,210902,11473,101471,7272,199429,7657,3730,3927
34040,210933,11473,101486,7272,199460,7658,3730,3928
34045,210964,11473,101505,7272,199491,7659,3731,3928
34050,210995,11473,101519,7272,199522,7660,3731,3929
34055,211026,11473,101535,7272,199553,7661,3732,3929
34060,211057,11473,101544,7272,199584,7662,3732,3930
34065,211088,11473,101556,7272,199615,7663,3732,3931
34070,211119,11473,101572,7272,199646,7664,3733,3931
34075,211150,11473,101588,7272,199677,7665,3733,3932
34080,211181,11474,101608,7273,199707,7666,3734,3932
34085,211212,11477,101625,7276,199735,7667,3735,3932
34090,211243,11481,101640,7278,199762,7668,3736,3932
34095,211274,11486,101655,7281,199788,7669,3737,3932
34100,211305,11490,101668,7285,199815,7670,3737,3933
34105,211336,11495,101684,7289,199841,7671,3738,3933
34110,211367,11498,101694,7289,199869,7672,3739,3933
34115,211398,11500,101710,7290,199898,7673,3740,3933
34120,211429,11502,101724,7292,199927,7674,3740,3934
34125,211460,11504,101735,7292,199956,7675,3741,3934
34130,211491,11507,101752,7294,199984,7676,3741,3935
34135,211522,11508,101763,7295,200014,7677,3742,3935
34140,211553,11509,101781,7296,200044,7679,3742,3937
34145,211584,11509,101797,7296,200075,7681,3743,3938
34150,211615,11509,101813,7296,200106,7683,3745,3938
34155,211646,11509,101824,7296,200137,7685,3746,3939
34160,211677,11509,101839,7296,200168,7687,3747,3940
34165,211708,11509,101852,7296,200199,7688,3748,3940
34170,211739,11509,101863,7296,200230,7689,3748,3941
34175,211770,11509,101880,7296,200261,7690,3749,3941
34180,211801,11509,101892,7296,200292,7691,3749,3942
34185,211832,11509,101905,7296,200323,7692,3749,3943
34190,211863,11509,101916,7296,200354,7693,3749,3944
34195,211894,11509,101931,7296,200385,7694,3750,3944
34200,211925,11509,101942,7296,200416,7695,3750,3945
34205,211956,11514,101956,7300,200442,7696,3751,3945
34210,211987,11518,101967,7303,200469,7697,3751,3946
34215,212018,11524,101983,7306,200493,7698,3752,3946
34220,212049,11530,101998,7311,200519,7699,3752,3947
34225,212080,11535,102009,7315,200544,7700,3752,3948
34230,212111,11540,102024,7319,200570,7701,3752,3949
34235,212142,11545,102038,7322,200596,7702,3752,3950
34240,212173,11552,102054,7327,200621,7703,3753,3950
34245,212204,11553,102064,7327,200651,7704,3754,3950
34250,212235,11555,102077,7329,200680,7705,3754,3951
34255,212266,11556,102092,7329,200710,7706,3754,3952
34260,212297,11557,102106,7330,200740,7707,3754,3953
34265,212328,11558,102120,7331,200770,7708,3754,3954
34270,212359,11559,102138,7332,200800,7709,3754,3955
34275,212390,11560,102154,7332,200830,7710,3755,3955
34280,212421,11561,102173,7333,200860,7711,3755,3956
34285,212452,11561,102186,7333,200891,7712,3756,3956
34290,212483,11561,102201,7333,200922,7712,3756,3956
34295,212514,11561,102221,7333,200953,7712,3756,3956
34300,212545,11561,102238,7333,200984,7712,3756,3956
34305,212576,11561,102254,7333,201015,7712,3756,3956
34310,212607,11561,102269,7333,201046,7712,3756,3956
34315,212638,11561,102282,7333,201077,7712,3756,3956
34320,212669,11561,102295,7333,201108,7712,3756,3956
34325,212700,11561,102311,7333,201139,7712,3756,3956
34330,212731,11561,102325,7333,201170,7712,3756,3956
34335,212762,11561,102345,7333,201201,7712,3756,3956
34340,212793,11561,102359,7333,201232,7712,3756,3956
34345,212824,11563,102376,7334,201261,7712,3756,3956
34350,212855,11565,102388,7334,201290,7712,3756,3956
34355,212886,11567,102398,7335,201319,7712,3756,3956
34360,212917,11570,102414,7336,201347,7712,3756,3956
34365,212948,11573,102428,7337,201374,7712,3756,3956
34370,212979,11577,102442,7341,201401,7713,3756,3957
34375,213010,11581,102463,7345,201428,7714,3756,3958
34380,213041,11585,102479,7347,201455,7715,3757,3958
34385,213072,11587,102495,7349,201485,7717,3758,3959
34390,213103,11588,102515,7349,201515,7719,3759,3960
34395,213134,11589,102529,7349,201545,7721,3760,3961
34400,213165,11590,102544,7350,201575,7723,3760,3963
34405,213196,11591,102559,7350,201605,7725,3761,3964
34410,213227,11592,102569,7350,201635,7726,3761,3965
34415,213258,11593,102588,7351,201665,7727,3761,3966
34420,213289,11594,102604,7352,201695,7728,3761,3967
34425,213320,11596,102619,7353,201724,7729,3762,3967
34430,213351,11597,102632,7354,201754,7730,3763,3967
34435,213382,11598,102648,7355,201784,7731,3763,3968
34440,213413,11599,102665,7355,201814,7732,3763,3969
34445,213444,11601,102680,7357,201843,7733,3764,3969
34450,213475,11603,102698,7358,201872,7734,3765,3969
34455,213506,11604,102712,7359,201902,7735,3765,3970
34460,213537,11605,102730,7359,201932,7736,3766,3970
34465,213568,11607,102749,7361,201961,7737,3767,3970
34470,213599,11609,102766,7362,201990,7738,3768,3970
34475,213630,11609,102782,7362,202021,7739,3769,3970
34480,213661,11609,102798,7362,202052,7740,3769,3971
34485,213692,11609,102811,7362,202083,7741,3770,3971
34490,213723,11612,102834,7365,202111,7742,3771,3971
34495,213754,11615,102847,7367,202139,7743,3772,3971
34500,213785,11618,102862,7370,202167,7744,3773,3971
34505,213816,11619,102877,7370,202197,7745,3774,3971
34510,213847,11621,102889,7371,202226,7747,3774,3973
34515,213878,11622,102902,7371,202256,7749,3774,3975
34520,213909,11623,102913,7371,202286,7751,3776,3975
34525,213940,11623,102933,7371,202317,7753,3778,3975
34530,213971,11623,102950,7371,202348,7755,3780,3975
34535,214002,11623,102962,7371,202379,7757,3781,3976
34540,214033,11623,102977,7371,202410,7759,3783,3976
34545,214064,11624,102990,7372,202440,7761,3783,3978
34550,214095,11625,103006,7372,202470,7763,3785,3978
34555,214126,11626,103022,7373,202500,7765,3786,3979
34560,214157,11627,103040,7373,202530,7767,3787,3980
34565,214188,11631,103054,7375,202556,7769,3789,3980
34570,214219,11637,103072,7379,202582,7771,3791,3980
34575,214250,11639,103083,7379,202610,7772,3791,3981
34580,214281,11642,103097,7381,202639,7773,3791,3982
34585,214312,11646,103113,7385,202666,7774,3792,3982
34590,214343,11650,103133,7388,202693,7775,3793,3982
34595,214374,11653,103152,7391,202721,7776,3794,3982
34600,214405,11656,103170,7394,202749,7777,3795,3982
34605,214436,11659,103188,7396,202777,7778,3796,3982
34610,214467,11660,103202,7396,202807,7779,3797,3982
34615,214498,11661,103215,7397,202837,7780,3797,3983
34620,214529,11662,103231,7397,202867,7781,3797,3984
34625,214560,11665,103250,7399,202895,7782,3797,3985
34630,214591,11668,103268,7402,202923,7783,3797,3986
34635,214622,11670,103277,7403,202952,7784,3798,3986
34640,214653,11672,103288,7403,202981,7785,3798,3987
34645,214684,11674,103304,7404,203010,7786,3799,3987
34650,214715,11677,103322,7407,203038,7787,3799,3988
34655,214746,11680,103342,7408,203066,7788,3800,3988
34660,214777,11682,103359,7408,203095,7789,3800,3989
34665,214808,11685,103377,7409,203123,7790,3800,3990
34670,214839,11686,103393,7410,203153,7791,3800,3991
34675,214870,11687,103405,7411,203183,7793,3802,3991
34680,214901,11689,103422,7412,203212,7795,3802,3993
34685,214932,11689,103441,7412,203243,7796,3802,3994
34690,214963,11689,103455,7412,203274,7796,3802,3994
34695,214994,11689,103465,7412,203305,7796,3802,3994
34700,215025,11689,103480,7412,203336,7796,3802,3994
34705,215056,11689,103498,7412,203367,7796,3802,3994
34710,215087,11689,103509,7412,203398,7796,3802,3994
34715,215118,11691,103530,7414,203427,7796,3802,3994
34720,215149,11693,103545,7415,203456,7796,3802,3994
34725,215180,11695,103561,7417,203485,7796,3802,3994
34730,215211,11697,103578,7418,203514,7796,3802,3994
34735,215242,11699,103591,7419,203543,7796,3802,3994
34740,215273,11702,103604,7421,203571,7796,3802,3994
34745,215304,11704,103617,7423,203600,7797,3802,3995
34750,215335,11705,103632,7424,203630,7798,3802,3996
34755,215366,11707,103647,7426,203659,7799,3803,3996
34760,215397,11709,103664,7427,203688,7800,3804,3996
34765,215428,11710,103679,7428,203718,7801,3805,3996
34770,215459,11710,103689,7428,203749,7802,3805,3997
34775,215490,11711,103704,7428,203779,7803,3806,3997
34780,215521,11712,103720,7429,203809,7804,3806,3998
34785,215552,11713,103731,7430,203839,7805,3806,3999
34790,215583,11716,103750,7432,203867,7806,3806,4000
34795,215614,11720,103767,7435,203894,7808,3807,4001
34800,215645,11723,103779,7438,203922,7810,3808,4002
34805,215676,11724,103793,7438,203951,7811,3809,4002
34810,215707,11726,103809,7440,203981,7812,3810,4002
34815,215738,11728,103827,7442,204010,7813,3810,4003
34820,215769,11730,103844,7444,204039,7814,3810,4004
34825,215800,11731,103856,7444,204069,7815,3810,4005
34830,215831,11732,103867,7444,204099,7816,3810,4006
34835,215862,11733,103882,7444,204129,7817,3810,4007
34840,215893,11734,103897,7445,204159,7818,3811,4007
34845,215924,11735,103913,7446,204189,7819,3812,4007
34850,215955,11736,103929,7446,204219,7820,3813,4007
34855,215986,11737,103945,7446,204249,7821,3814,4007
34860,216017,11738,103960,7447,204279,7822,3815,4007
34865,216048,11739,103978,7448,204309,7823,3816,4007
34870,216079,11740,103993,7448,204339,7824,3817,4007
34875,216110,11741,104014,7448,204369,7825,3818,4007
34880,216141,11742,104026,7448,204399,7826,3819,4007
34885,216172,11743,104043,7449,204429,7827,3819,4008
34890,216203,11744,104060,7449,204459,7828,3819,4009
34895,216234,11745,104074,7450,204489,7829,3819,4010
34900,216265,11746,104094,7451,204519,7830,3819,4011
34905,216296,11748,104107,7453,204548,7832,3821,4011
34910,216327,11751,104125,7455,204576,7834,3823,4011
34915,216358,11756,104143,7460,204601,7836,3823,4013
34920,216389,11761,104155,7463,204627,7838,3823,4015
34925,216420,11762,104176,7464,204658,7839,3823,4016
34930,216451,11762,104188,7464,204689,7840,3823,4017
34935,216482,11762,104205,7464,204720,7841,3824,4017
34940,216513,11762,104221,7464,204751,7842,3825,4017
34945,216544,11762,104240,7464,204782,7843,3826,4017
34950,216575,11762,104253,7464,204813,7844,3826,4018
34955,216606,11762,104264,7464,204844,7845,3826,4019
34960,216637,11762,104281,7464,204875,7846,3826,4020
34965,216668,11762,104291,7464,204906,7847,3826,4021
34970,216699,11762,104309,7464,204937,7848,3827,4021
34975,216730,11762,104325,7464,204968,7849,3827,4022
34980,216761,11762,104342,7464,204999,7850,3827,4023
34985,216792,11763,104357,7464,205029,7850,3827,4023
34990,216823,11764,104369,7464,205059,7850,3827,4023
34995,216854,11765,104385,7464,205089,7850,3827,4023
35000,216885,11766,104398,7464,205119,7850,3827,4023
35005,216916,11767,104413,7465,205149,7850,3827,4023
35010,216947,11768,104429,7465,205179,7850,3827,4023
35015,216978,11769,104439,7465,205209,7850,3827,4023
35020,217009,11770,104456,7465,205239,7850,3827,4023
35025,217040,11771,104470,7465,205269,7850,3827,4023
35030,217071,11774,104484,7466,205296,7850,3827,4023
35035,217102,11781,104495,7472,205321,7851,3828,4023
35040,217133,11786,104508,7477,205346,7852,3828,4024
35045,217164,11788,104527,7479,205375,7854,3829,4025
35050,217195,11791,104542,7482,205404,7856,3830,4026
35055,217226,11792,104559,7482,205433,7858,3831,4027
35060,217257,11795,104575,7485,205461,7860,3832,4028
35065,217288,11797,104592,7487,205491,7862,3833,4029
35070,217319,11797,104604,7487,205522,7864,3834,4030
35075,217350,11797,104621,7487,205553,7866,3836,4030
35080,217381,11797,104636,7487,205584,7867,3836,4031
35085,217412,11797,104648,7487,205615,7868,3836,4032
35090,217443,11797,104665,7487,205646,7869,3837,4032
35095,217474,11797,104676,7487,205677,7870,3837,4033
35100,217505,11797,104691,7487,205708,7871,3837,4034
35105,217536,11799,104704,7488,205737,7872,3837,4035
35110,217567,11800,104718,7489,205767,7873,3837,4036
35115,217598,11800,104731,7489,205798,7874,3838,4036
35120,217629,11800,104748,7489,205829,7875,3838,4037
35125,217660,11800,104767,7489,205860,7876,3839,4037
35130,217691,11800,104785,7489,205891,7877,3839,4038
35135,217722,11800,104800,7489,205922,7878,3840,4038
35140,217753,11800,104815,7489,205953,7879,3840,4039
35145,217784,11800,104825,7489,205984,7880,3840,4040
35150,217815,11802,104832,7490,206013,7881,3841,4040
35155,217846,11804,104848,7492,206042,7882,3842,4040
35160,217877,11805,104868,7493,206072,7883,3843,4040
35165,217908,11807,104883,7495,206101,7884,3844,4040
35170,217939,11810,104895,7496,206129,7885,3844,4041
35175,217970,11814,104914,7498,206156,7886,3844,4042
35180,218001,11819,104935,7502,206182,7888,3846,4042
35185,218032,11823,104947,7505,206209,7890,3848,4042
35190,218063,11827,104963,7507,206236,7892,3848,4044
35195,218094,11831,104978,7509,206263,7894,3848,4046
35200,218125,11833,104996,7511,206292,7896,3850,4046
35205,218156,11836,105014,7513,206320,7898,3851,4047
35210,218187,11838,105033,7515,206349,7900,3851,4049
35215,218218,11840,105050,7516,206378,7902,3853,4049
35220,218249,11843,105063,7518,206406,7904,3855,4049
35225,218280,11845,105076,7518,206435,7904,3855,4049
35230,218311,11847,105090,7520,206464,7904,3855,4049
35235,218342,11849,105109,7521,206492,7904,3855,4049
35240,218373,11854,105128,7526,206519,7904,3855,4049
35245,218404,11857,105139,7528,206546,7904,3855,4049
35250,218435,11859,105153,7529,206576,7904,3855,4049
35255,218466,11860,105167,7530,206606,7904,3855,4049
35260,218497,11861,105182,7531,206636,7904,3855,4049
35265,218528,11862,105199,7532,206666,7904,3855,4049
35270,218559,11863,105217,7532,206696,7904,3855,4049
35275,218590,11864,105230,7532,206726,7904,3855,4049
35280,218621,11865,105246,7532,206756,7904,3855,4049
35285,218652,11866,105259,7533,206786,7904,3855,4049
35290,218683,11867,105271,7534,206816,7904,3855,4049
35295,218714,11867,105282,7534,206847,7904,3855,4049
35300,218745,11867,105293,7534,206878,7904,3855,4049
35305,218776,11869,105307,7535,206907,7904,3855,4049
35310,218807,11872,105322,7538,206935,7904,3855,4049
35315,218838,11874,105338,7540,206964,7904,3855,4049
35320,218869,11875,105349,7540,206994,7904,3855,4049
35325,218900,11878,105365,7543,207022,7905,3856,4049
35330,218931,11880,105383,7545,207051,7906,3857,4049
35335,218962,11883,105401,7547,207079,7908,3858,4050
35340,218993,11884,105417,7547,207109,7910,3860,4050
35345,219024,11885,105433,7547,207139,7912,3862,4050
35350,219055,11887,105449,7549,207168,7914,3863,4051
35355,219086,11889,105462,7550,207197,7916,3864,4052
35360,219117,11891,105480,7552,207226,7917,3864,4053
35365,219148,11892,105494,7553,207256,7918,3865,4053
35370,219179,11893,105510,7554,207285,7919,3865,4054
35375,219210,11895,105524,7556,207314,7920,3865,4055
35380,219241,11897,105536,7557,207344,7921,3865,4056
35385,219272,11898,105552,7557,207374,7922,3866,4056
35390,219303,11899,105569,7558,207403,7923,3867,4056
35395,219334,11901,105582,7560,207432,7924,3867,4057
35400,219365,11904,105599,7563,207461,7925,3867,4058
35405,219396,11905,105620,7564,207490,7926,3868,4058
35410,219427,11907,105632,7565,207520,7927,3869,4058
35415,219458,11908,105644,7566,207550,7928,3869,4059
35420,219489,11909,105659,7566,207580,7929,3869,4060
35425,219520,11910,105678,7566,207610,7930,3869,4061
35430,219551,11911,105696,7567,207640,7931,3870,4061
35435,219582,11912,105708,7567,207670,7932,3870,4062
35440,219613,11913,105724,7568,207700,7933,3871,4062
35445,219644,11914,105741,7568,207730,7934,3872,4062
35450,219675,11916,105750,7568,207759,7935,3872,4063
35455,219706,11918,105765,7569,207788,7936,3872,4064
35460,219737,11921,105775,7570,207816,7937,3873,4064
35465,219768,11924,105787,7570,207844,7938,3874,4064
35470,219799,11930,105807,7574,207869,7939,3875,4064
35475,219830,11935,105827,7577,207895,7940,3876,4064
35480,219861,11939,105842,7579,207922,7941,3876,4065
35485,219892,11943,105855,7582,207949,7942,3877,4065
35490,219923,11945,105868,7583,207978,7943,3878,4065
35495,219954,11947,105886,7584,208007,7944,3878,4066
35500,219985,11950,105901,7587,208035,7945,3879,4066
35505,220016,11952,105912,7588,208064,7946,3879,4067
35510,220047,11952,105923,7588,208095,7948,3880,4068
35515,220078,11952,105939,7588,208126,7950,3881,4069
35520,220109,11952,105954,7588,208157,7952,3883,4069
35525,220140,11952,105971,7588,208188,7953,3884,4069
35530,220171,11952,105984,7588,208219,7954,3884,4070
35535,220202,11952,106000,7588,208250,7955,3884,4071
35540,220233,11952,106016,7588,208281,7956,3885,4071
35545,220264,11952,106032,7588,208312,7957,3886,4071
35550,220295,11952,106049,7588,208343,7958,3887,4071
35555,220326,11952,106062,7588,208374,7959,3888,4071
35560,220357,11952,106081,7588,208405,7960,3888,4072
35565,220388,11952,106096,7588,208436,7961,3888,4073
35570,220419,11952,106113,7588,208467,7962,3889,4073
35575,220450,11952,106129,7588,208498,7963,3890,4073
35580,220481,11953,106145,7588,208528,7964,3891,4073
35585,220512,11955,106163,7589,208557,7965,3891,4074
35590,220543,11959,106178,7592,208584,7966,3891,4075
35595,220574,11962,106191,7594,208612,7967,3891,4076
35600,220605,11964,106205,7595,208641,7968,3892,4076
35605,220636,11966,106221,7597,208670,7969,3892,4077
35610,220667,11968,106233,7598,208699,7970,3892,4078
35615,220698,11972,106246,7600,208726,7971,3892,4079
35620,220729,11975,106259,7601,208754,7972,3893,4079
35625,220760,11978,106276,7603,208782,7974,3894,4080
35630,220791,11984,106293,7607,208807,7976,3896,4080
35635,220822,11988,106304,7609,208834,7978,3896,4082
35640,220853,11994,106317,7612,208859,7980,3897,4083
35645,220884,11997,106334,7615,208887,7980,3897,4083
35650,220915,12000,106351,7618,208915,7980,3897,4083
35655,220946,12003,106363,7620,208943,7980,3897,4083
35660,220977,12006,106377,7621,208971,7980,3897,4083
35665,221008,12010,106393,7625,208998,7980,3897,4083
35670,221039,12010,106410,7625,209029,7980,3897,4083
35675,221070,12010,106422,7625,209060,7980,3897,4083
35680,221101,12010,106441,7625,209091,7980,3897,4083
35685,221132,12010,106461,7625,209122,7980,3897,4083
35690,221163,12010,106476,7625,209153,7980,3897,4083
35695,221194,12010,106490,7625,209184,7980,3897,4083
35700,221225,12010,106510,7625,209215,7980,3897,4083
35705,221256,12014,106526,7627,209242,7980,3897,4083
35710,221287,12019,106544,7632,209268,7980,3897,4083
35715,221318,12023,106561,7636,209295,7980,3897,4083
35720,221349,12026,106578,7637,209322,7980,3897,4083
35725,221380,12032,106592,7641,209348,7980,3897,4083
35730,221411,12036,106603,7643,209375,7980,3897,4083
35735,221442,12039,106621,7646,209403,7980,3897,4083
35740,221473,12043,106637,7650,209430,7980,3897,4083
35745,221504,12045,106651,7651,209459,7981,3897,4084
35750,221535,12047,106669,7653,209488,7983,3899,4084
35755,221566,12050,106682,7655,209516,7985,3900,4085
35760,221597,12052,106697,7657,209545,7987,3901,4086
35765,221628,12052,106711,7657,209576,7989,3901,4088
35770,221659,12052,106728,7657,209607,7990,3901,4089
35775,221690,12052,106744,7657,209638,7991,3902,4089
35780,221721,12052,106758,7657,209669,7992,3902,4090
35785,221752,12052,106773,7657,209700,7993,3902,4091
35790,221783,12052,106789,7657,209731,7994,3902,4092
35795,221814,12052,106807,7657,209762,7995,3902,4093
35800,221845,12052,106818,7657,209793,7996,3902,4094
35805,221876,12052,106830,7657,209824,7997,3903,4094
35810,221907,12052,106843,7657,209855,7998,3903,4095
35815,221938,12052,106858,7657,209886,7999,3904,4095
35820,221969,12052,106872,7657,209917,8000,3905,4095
35825,222000,12052,106883,7657,209948,8001,3905,4096
35830,222031,12052,106898,7657,209979,8002,3905,4097
35835,222062,12052,106911,7657,210010,8003,3905,4098
35840,222093,12054,106923,7658,210038,8004,3906,4098
35845,222124,12057,106935,7660,210067,8005,3906,4099
35850,222155,12059,106951,7661,210096,8006,3906,4100
35855,222186,12061,106968,7663,210124,8007,3907,4100
35860,222217,12064,106984,7665,210153,8008,3907,4101
35865,222248,12067,107000,7668,210180,8009,3907,4102
35870,222279,12073,107017,7673,210206,8011,3908,4103
35875,222310,12078,107030,7675,210232,8013,3909,4104
35880,222341,12082,107045,7678,210259,8015,3911,4104
35885,222372,12084,107066,7680,210288,8017,3912,4105
35890,222403,12087,107079,7681,210316,8019,3913,4106
35895,222434,12089,107091,7682,210345,8021,3913,4108
35900,222465,12092,107107,7685,210373,8023,3914,4109
35905,222496,12094,107119,7685,210402,8025,3914,4111
35910,222527,12097,107137,7687,210430,8027,3916,4111
35915,222558,12100,107152,7688,210458,8029,3917,4112
35920,222589,12102,107167,7688,210487,8031,3918,4113
35925,222620,12105,107183,7690,210515,8033,3919,4114
35930,222651,12106,107200,7690,210545,8035,3919,4116
35935,222682,12107,107215,7691,210575,8037,3920,4117
35940,222713,12108,107231,7692,210605,8039,3920,4119
35945,222744,12109,107248,7693,210635,8041,3921,4120
35950,222775,12110,107265,7693,210665,8042,3921,4121
35955,222806,12111,107281,7694,210695,8043,3921,4122
35960,222837,12112,107293,7695,210725,8044,3921,4123
35965,222868,12113,107306,7696,210755,8045,3922,4123
35970,222899,12114,107316,7696,210785,8046,3923,4123
35975,222930,12115,107330,7696,210815,8047,3923,4124
35980,222961,12116,107343,7696,210845,8048,3923,4125
35985,222992,12117,107357,7696,210874,8049,3923,4126
35990,223023,12121,107373,7699,210901,8050,3923,4127
35995,223054,12126,107389,7702,210927,8051,3924,4127
36000,223085,12130,107406,7704,210954,8052,3924,4128
36005,223116,12133,107427,7706,210983,8053,3925,4128
36010,223147,12133,107440,7706,211014,8054,3926,4128
36015,223178,12133,107453,7706,211045,8055,3926,4129
36020,223209,12133,107470,7706,211076,8056,3926,4130
36025,223240,12133,107485,7706,211107,8057,3927,4130
36030,223271,12133,107500,7706,211138,8058,3927,4131
36035,223302,12133,107512,7706,211169,8059,3928,4131
36040,223333,12133,107525,7706,211200,8060,3928,4132
36045,223364,12133,107543,7706,211231,8061,3928,4133
36050,223395,12133,107561,7706,211262,8063,3930,4133
36055,223426,12133,107577,7706,211293,8065,3931,4134
36060,223457,12133,107589,7706,211324,8067,3931,4136
36065,223488,12135,107603,7707,211353,8069,3931,4138
36070,223519,12137,107614,7708,211382,8071,3933,4138
36075,223550,12138,107627,7708,211412,8073,3934,4139
36080,223581,12140,107636,7709,211441,8075,3935,4140
36085,223612,12143,107655,7712,211469,8077,3936,4141
36090,223643,12143,107670,7712,211500,8079,3938,4141
36095,223674,12143,107682,7712,211531,8081,3938,4143
36100,223705,12143,107701,7712,211562,8083,3939,4144
36105,223736,12143,107719,7712,211593,8085,3941,4144
36110,223767,12144,107731,7713,211622,8087,3942,4145
36115,223798,12148,107748,7717,211650,8089,3943,4146
36120,223829,12150,107763,7718,211679,8091,3944,4147
36125,223860,12154,107779,7720,211706,8092,3944,4148
36130,223891,12157,107790,7722,211734,8093,3944,4149
36135,223922,12160,107807,7724,211762,8094,3944,4150
36140,223953,12161,107817,7724,211792,8095,3944,4151
36145,223984,12162,107831,7724,211822,8096,3944,4152
36150,224015,12163,107852,7724,211852,8097,3945,4152
36155,224046,12164,107867,7725,211882,8098,3945,4153
36160,224077,12165,107883,7726,211912,8099,3945,4154
36165,224108,12166,107896,7726,211942,8100,3945,4155
36170,224139,12167,107907,7726,211972,8101,3945,4156
36175,224170,12168,107921,7727,212002,8102,3945,4157
36180,224201,12169,107936,7728,212032,8103,3946,4157
36185,224232,12172,107948,7730,212060,8104,3946,4158
36190,224263,12174,107959,7730,212089,8105,3947,4158
36195,224294,12177,107975,7732,212117,8106,3948,4158
36200,224325,12180,107991,7735,212145,8107,3948,4159
36205,224356,12183,108008,7737,212173,8108,3948,4160
36210,224387,12185,108021,7739,212202,8109,3948,4161
36215,224418,12187,108033,7740,212231,8110,3949,4161
36220,224449,12188,108047,7741,212261,8111,3950,4161
36225,224480,12190,108063,7742,212289,8113,3952,4161
36230,224511,12192,108074,7743,212319,8115,3953,4162
36235,224542,12194,108090,7745,212348,8117,3955,4162
36240,224573,12194,108104,7745,212379,8119,3955,4164
36245,224604,12194,108122,7745,212410,8121,3956,4165
36250,224635,12194,108137,7745,212441,8123,3958,4165
36255,224666,12194,108149,7745,212472,8124,3958,4166
36260,224697,12194,108166,7745,212503,8125,3958,4167
36265,224728,12194,108179,7745,212534,8126,3958,4168
36270,224759,12194,108190,7745,212565,8127,3958,4169
36275,224790,12194,108205,7745,212596,8128,3959,4169
36280,224821,12194,108222,7745,212627,8129,3960,4169
36285,224852,12194,108233,7745,212658,8130,3961,4169
36290,224883,12195,108245,7746,212688,8131,3962,4169
36295,224914,12196,108262,7747,212718,8132,3963,4169
36300,224945,12197,108276,7748,212748,8133,3963,4170
36305,224976,12200,108291,7749,212776,8133,3963,4170
36310,225007,12202,108306,7749,212805,8133,3963,4170
36315,225038,12206,108325,7752,212832,8133,3963,4170
36320,225069,12208,108342,7754,212861,8133,3963,4170
36325,225100,12211,108359,7756,212889,8133,3963,4170
36330,225131,12215,108377,7760,212916,8133,3963,4170
36335,225162,12218,108387,7761,212944,8133,3963,4170
36340,225193,12221,108402,7763,212972,8133,3963,4170
36345,225224,12224,108414,7765,212999,8133,3963,4170
36350,225255,12229,108428,7768,213026,8133,3963,4170
36355,225286,12233,108446,7770,213053,8134,3963,4171
36360,225317,12236,108456,7771,213081,8135,3963,4172
36365,225348,12237,108472,7772,213111,8137,3963,4174
36370,225379,12238,108490,7773,213141,8139,3964,4175
36375,225410,12239,108501,7774,213171,8140,3964,4176
36380,225441,12240,108519,7774,213201,8141,3965,4176
36385,225472,12241,108529,7774,213231,8142,3965,4177
36390,225503,12242,108542,7775,213261,8143,3965,4178
36395,225534,12243,108554,7775,213291,8144,3966,4178
36400,225565,12244,108567,7775,213321,8145,3966,4179
36405,225596,12245,108582,7776,213351,8146,3966,4180
36410,225627,12246,108602,7777,213381,8147,3967,4180
36415,225658,12247,108621,7777,213411,8148,3967,4181
36420,225689,12248,108633,7777,213441,8149,3968,4181
36425,225720,12250,108654,7779,213470,8150,3969,4181
36430,225751,12251,108674,7780,213500,8151,3970,4181
36435,225782,12252,108687,7780,213530,8152,3971,4181
36440,225813,12253,108704,7780,213560,8153,3972,4181
36445,225844,12255,108718,7782,213589,8154,3972,4182
36450,225875,12256,108730,7782,213619,8155,3973,4182
36455,225906,12257,108744,7782,213649,8156,3973,4183
36460,225937,12259,108761,7783,213678,8157,3974,4183
36465,225968,12261,108774,7785,213706,8158,3975,4183
36470,225999,12266,108790,7787,213732,8159,3976,4183
36475,226030,12271,108807,7792,213759,8161,3977,4184
36480,226061,12276,108821,7796,213784,8163,3977,4186
36485,226092,12281,108836,7800,213811,8165,3978,4187
36490,226123,12282,108853,7800,213841,8166,3978,4188
36495,226154,12283,108869,7800,213871,8167,3979,4188
36500,226185,12284,108884,7800,213901,8168,3980,4188
36505,226216,12285,108901,7800,213931,8169,3981,4188
36510,226247,12286,108921,7801,213961,8170,3982,4188
36515,226278,12287,108935,7802,213991,8171,3983,4188
36520,226309,12288,108954,7802,214021,8172,3984,4188
36525,226340,12289,108969,7803,214051,8173,3984,4189
36530,226371,12290,108987,7804,214081,8174,3985,4189
36535,226402,12291,109001,7804,214111,8175,3985,4190
36540,226433,12292,109012,7804,214141,8176,3985,4191
36545,226464,12292,109033,7804,214172,8177,3986,4191
36550,226495,12292,109046,7804,214203,8178,3986,4192
36555,226526,12292,109065,7804,214234,8179,3987,4192
36560,226557,12292,109082,7804,214265,8180,3987,4193
36565,226588,12292,109094,7804,214296,8181,3988,4193
36570,226619,12292,109112,7804,214327,8182,3989,4193
36575,226650,12292,109128,7804,214358,8183,3989,4194
36580,226681,12292,109146,7804,214389,8184,3989,4195
36585,226712,12292,109162,7804,214420,8185,3990,4195
36590,226743,12293,109180,7805,214450,8187,3991,4196
36595,226774,12295,109196,7806,214478,8189,3992,4197
36600,226805,12298,109212,7809,214506,8191,3994,4197
36605,226836,12304,109227,7815,214532,8192,3994,4198
36610,226867,12306,109236,7815,214561,8193,3994,4199
36615,226898,12308,109242,7815,214590,8193,3994,4199
36620,226929,12311,109261,7817,214618,8193,3994,4199
36625,226960,12314,109273,7818,214646,8193,3994,4199
36630,226991,12316,109290,7818,214675,8193,3994,4199
36635,227022,12318,109305,7819,214704,8193,3994,4199
36640,227053,12321,109321,7821,214732,8193,3994,4199
36645,227084,12323,109331,7821,214761,8193,3994,4199
36650,227115,12325,109346,7821,214790,8193,3994,4199
36655,227146,12327,109368,7823,214819,8193,3994,4199
36660,227177,12329,109386,7824,214848,8193,3994,4199
36665,227208,12330,109403,7825,214878,8193,3994,4199
36670,227239,12331,109414,7826,214908,8193,3994,4199
36675,227270,12332,109430,7827,214938,8193,3994,4199
36680,227301,12333,109444,7828,214968,8193,3994,4199
36685,227332,12334,109460,7828,214998,8193,3994,4199
36690,227363,12335,109472,7829,215028,8193,3994,4199
36695,227394,12336,109486,7830,215058,8193,3994,4199
36700,227425,12337,109495,7831,215088,8193,3994,4199
36705,227456,12338,109514,7832,215118,8193,3994,4199
36710,227487,12339,109526,7833,215147,8194,3994,4200
36715,227518,12343,109540,7837,215174,8196,3995,4201
36720,227549,12348,109559,7842,215200,8198,3996,4202
36725,227580,12349,109577,7843,215231,8199,3997,4202
36730,227611,12349,109592,7843,215262,8200,3997,4203
36735,227642,12349,109601,7843,215293,8201,3997,4204
36740,227673,12349,109619,7843,215324,8202,3998,4204
36745,227704,12349,109632,7843,215355,8203,3998,4205
36750,227735,12349,109646,7843,215386,8204,3998,4206
36755,227766,12349,109661,7843,215417,8205,3998,4207
36760,227797,12349,109676,7843,215448,8206,3998,4208
36765,227828,12349,109688,7843,215479,8207,3998,4209
36770,227859,12349,109708,7843,215510,8208,3999,4209
36775,227890,12349,109722,7843,215541,8209,4000,4209
36780,227921,12349,109735,7843,215572,8210,4001,4209
36785,227952,12349,109750,7843,215603,8211,4001,4210
36790,227983,12349,109763,7843,215634,8212,4001,4211
36795,228014,12349,109778,7843,215665,8213,4002,4211
36800,228045,12349,109792,7843,215696,8214,4002,4212
36805,228076,12349,109808,7843,215727,8215,4003,4212
36810,228107,12349,109824,7843,215758,8216,4004,4212
36815,228138,12349,109841,7843,215789,8217,4005,4212
36820,228169,12349,109856,7843,215820,8218,4005,4213
36825,228200,12350,109875,7844,215850,8219,4006,4213
36830,228231,12353,109888,7846,215878,8221,4007,4214
36835,228262,12358,109900,7849,215903,8223,4007,4216
36840,228293,12363,109916,7853,215929,8225,4008,4217
36845,228324,12366,109931,7855,215958,8226,4008,4218
36850,228355,12368,109944,7855,215987,8227,4009,4218
36855,228386,12370,109957,7855,216016,8228,4009,4219
36860,228417,12372,109976,7856,216045,8229,4009,4220
36865,228448,12374,109993,7858,216074,8230,4010,4220
36870,228479,12376,110006,7860,216103,8231,4010,4221
36875,228510,12378,110024,7861,216132,8232,4011,4221
36880,228541,12380,110036,7862,216161,8233,4011,4222
36885,228572,12382,110055,7864,216190,8234,4012,4222
36890,228603,12384,110065,7866,216219,8235,4012,4223
36895,228634,12386,110078,7867,216248,8236,4012,4224
36900,228665,12388,110088,7867,216277,8237,4012,4225
36905,228696,12390,110099,7868,216306,8238,4013,4225
36910,228727,12392,110114,7869,216335,8239,4014,4225
36915,228758,12394,110131,7870,216364,8240,4015,4225
36920,228789,12396,110143,7872,216393,8241,4016,4225
36925,228820,12398,110155,7872,216422,8242,4016,4226
36930,228851,12400,110166,7872,216451,8243,4016,4227
36935,228882,12402,110179,7873,216480,8244,4017,4227
36940,228913,12404,110194,7874,216509,8245,4018,4227
36945,228944,12407,110209,7876,216537,8247,4019,4228
36950,228975,12411,110221,7879,216563,8249,4020,4229
36955,229006,12415,110235,7881,216590,8251,4021,4230
36960,229037,12422,110251,7886,216615,8253,4022,4231
36965,229068,12425,110266,7888,216643,8255,4022,4233
36970,229099,12427,110281,7890,216672,8257,4022,4235
36975,229130,12429,110293,7891,216701,8259,4023,4236
36980,229161,12431,110310,7892,216730,8261,4025,4236
36985,229192,12431,110324,7892,216761,8263,4025,4238
36990,229223,12431,110341,7892,216792,8264,4026,4238
36995,229254,12431,110355,7892,216823,8265,4026,4239
37000,229285,12431,110368,7892,216854,8266,4026,4240
37005,229316,12431,110387,7892,216885,8267,4027,4240
37010,229347,12431,110403,7892,216916,8268,4028,4240
37015,229378,12431,110417,7892,216947,8269,4028,4241
37020,229409,12431,110435,7892,216978,8270,4029,4241
37025,229440,12431,110448,7892,217009,8271,4029,4242
37030,229471,12431,110459,7892,217040,8272,4029,4243
37035,229502,12431,110478,7892,217071,8273,4029,4244
37040,229533,12431,110493,7892,217102,8274,4030,4244
37045,229564,12431,110507,7892,217133,8275,4030,4245
37050,229595,12431,110517,7892,217164,8276,4030,4246
37055,229626,12431,110535,7892,217195,8277,4031,4246
37060,229657,12431,110549,7892,217226,8278,4032,4246
37065,229688,12432,110565,7893,217256,8279,4033,4246
37070,229719,12433,110583,7893,217285,8280,4034,4246
37075,229750,12435,110596,7894,217315,8281,4035,4246
37080,229781,12439,110611,7896,217341,8282,4036,4246
37085,229812,12443,110625,7900,217369,8282,4036,4246
37090,229843,12446,110641,7902,217397,8283,4037,4246
37095,229874,12449,110656,7903,217425,8284,4038,4246
37100,229905,12453,110673,7906,217452,8285,4038,4247
37105,229936,12457,110685,7908,217479,8286,4038,4248
37110,229967,12459,110696,7910,217508,8287,4038,4249
37115,229998,12461,110710,7912,217537,8288,4039,4249
37120,230029,12463,110727,7913,217566,8289,4040,4249
37125,230060,12465,110743,7914,217595,8290,4040,4250
37130,230091,12467,110761,7916,217624,8291,4040,4251
37135,230122,12470,110776,7918,217652,8292,4041,4251
37140,230153,12473,110789,7920,217680,8293,4041,4252
37145,230184,12473,110805,7920,217711,8295,4042,4253
37150,230215,12473,110817,7920,217742,8297,4043,4254
37155,230246,12473,110832,7920,217773,8299,4045,4254
37160,230277,12473,110848,7920,217804,8301,4045,4256
37165,230308,12473,110864,7920,217835,8303,4045,4258
37170,230339,12473,110883,7920,217866,8305,4046,4259
37175,230370,12473,110897,7920,217897,8307,4047,4260
37180,230401,12473,110913,7920,217928,8309,4049,4260
37185,230432,12473,110926,7920,217959,8311,4050,4261
37190,230463,12474,110941,7920,217989,8312,4050,4262
37195,230494,12475,110959,7920,218018,8313,4051,4262
37200,230525,12478,110971,7922,218047,8314,4051,4263
37205,230556,12481,110986,7924,218075,8315,4052,4263
37210,230587,12487,111005,7929,218099,8316,4053,4263
37215,230618,12491,111016,7932,218127,8317,4054,4263
37220,230649,12495,111029,7934,218154,8318,4054,4264
37225,230680,12499,111045,7937,218181,8319,4055,4264
37230,230711,12502,111055,7938,218209,8320,4056,4264
37235,230742,12504,111071,7938,218238,8321,4057,4264
37240,230773,12506,111085,7939,218267,8322,4057,4265
37245,230804,12508,111099,7939,218296,8323,4058,4265
37250,230835,12510,111114,7939,218325,8324,4059,4265
37255,230866,12512,111128,7939,218354,8325,4060,4265
37260,230897,12514,111142,7941,218383,8326,4061,4265
37265,230928,12516,111164,7942,218412,8327,4061,4266
37270,230959,12518,111181,7943,218441,8328,4061,4267
37275,230990,12520,111198,7944,218470,8329,4061,4268
37280,231021,12522,111211,7944,218499,8330,4061,4269
37285,231052,12524,111229,7944,218528,8331,4061,4270
37290,231083,12526,111237,7944,218557,8333,4062,4271
37295,231114,12528,111251,7945,218586,8335,4062,4273
37300,231145,12530,111268,7947,218615,8337,4063,4274
37305,231176,12534,111281,7950,218642,8339,4063,4276
37310,231207,12537,111296,7952,218670,8341,4065,4276
37315,231238,12539,111309,7954,218699,8343,4066,4277
37320,231269,12540,111325,7955,218729,8345,4068,4277
37325,231300,12541,111341,7956,218758,8345,4068,4277
37330,231331,12543,111354,7957,218787,8345,4068,4277
37335,231362,12547,111367,7960,218815,8345,4068,4277
37340,231393,12550,111386,7963,218842,8345,4068,4277
37345,231424,12554,111401,7966,218870,8345,4068,4277
37350,231455,12557,111415,7968,218897,8345,4068,4277
37355,231486,12562,111434,7973,218924,8345,4068,4277
37360,231517,12565,111447,7976,218952,8345,4068,4277
37365,231548,12569,111462,7979,218979,8345,4068,4277
37370,231579,12572,111470,7980,219007,8345,4068,4277
37375,231610,12576,111479,7983,219033,8345,4068,4277
37380,231641,12580,111493,7985,219061,8345,4068,4277
37385,231672,12580,111505,7985,219092,8345,4068,4277
37390,231703,12580,111526,7985,219123,8345,4068,4277
37395,231734,12580,111538,7985,219154,8345,4068,4277
37400,231765,12580,111556,7985,219185,8345,4068,4277
37405,231796,12580,111570,7985,219216,8345,4068,4277
37410,231827,12580,111584,7985,219247,8345,4068,4277
37415,231858,12580,111600,7985,219278,8345,4068,4277
37420,231889,12580,111616,7985,219309,8345,4068,4277
37425,231920,12581,111633,7985,219339,8347,4068,4279
37430,231951,12582,111647,7985,219369,8349,4068,4281
37435,231982,12583,111663,7986,219399,8351,4068,4283
37440,232013,12584,111682,7987,219429,8353,4069,4284
37445,232044,12587,111697,7989,219457,8355,4070,4285
37450,232075,12589,111710,7989,219486,8357,4070,4287
37455,232106,12592,111724,7991,219514,8358,4070,4288
37460,232137,12595,111742,7992,219542,8359,4070,4289
37465,232168,12597,111760,7994,219571,8360,4071,4289
37470,232199,12600,111777,7996,219599,8361,4071,4290
37475,232230,12602,111789,7997,219628,8362,4071,4291
37480,232261,12605,111804,7999,219656,8363,4072,4291
37485,232292,12609,111819,8002,219683,8364,4073,4291
37490,232323,12613,111837,8005,219709,8365,4073,4292
37495,232354,12617,111850,8008,219736,8366,4073,4293
37500,232385,12623,111864,8012,219762,8367,4074,4293
37505,232416,12624,111879,8013,219792,8368,4075,4293
37510,232447,12625,111888,8013,219822,8369,4076,4293
37515,232478,12628,111897,8015,219850,8370,4076,4294
37520,232509,12630,111911,8016,219879,8371,4076,4295
37525,232540,12632,111929,8017,219908,8372,4076,4296
37530,232571,12633,111949,8018,219938,8373,4077,4296
37535,232602,12635,111961,8019,219967,8374,4077,4297
37540,232633,12636,111976,8020,219997,8375,4078,4297
37545,232664,12639,111996,8022,220025,8376,4078,4298
37550,232695,12640,112011,8022,220055,8377,4079,4298
37555,232726,12640,112027,8022,220086,8379,4079,4300
37560,232757,12640,112039,8022,220117,8381,4079,4302
37565,232788,12640,112056,8022,220148,8383,4080,4303
37570,232819,12640,112067,8022,220179,8385,4082,4303
37575,232850,12640,112088,8022,220210,8387,4084,4303
37580,232881,12640,112105,8022,220241,8388,4085,4303
37585,232912,12640,112117,8022,220272,8389,4085,4304
37590,232943,12640,112129,8022,220303,8390,4086,4304
37595,232974,12640,112143,8022,220334,8391,4086,4305
37600,233005,12640,112157,8022,220365,8392,4087,4305
37605,233036,12641,112168,8023,220395,8393,4087,4306
37610,233067,12643,112183,8024,220423,8394,4087,4307
37615,233098,12647,112194,8026,220451,8395,4088,4307
37620,233129,12650,112210,8027,220478,8396,4089,4307
37625,233160,12654,112222,8029,220506,8397,4089,4308
37630,233191,12656,112238,8029,220535,8398,4090,4308
37635,233222,12658,112249,8031,220564,8399,4090,4309
37640,233253,12661,112265,8034,220592,8400,4091,4309
37645,233284,12664,112280,8035,220620,8401,4091,4310
37650,233315,12666,112290,8036,220649,8402,4092,4310
37655,233346,12671,112305,8038,220675,8403,4093,4310
37660,233377,12674,112321,8039,220703,8404,4093,4311
37665,233408,12679,112335,8044,220729,8405,4094,4311
37670,233439,12684,112349,8046,220755,8406,4094,4312
37675,233470,12688,112363,8049,220782,8407,4094,4313
37680,233501,12692,112374,8050,220809,8409,4096,4313
37685,233532,12694,112387,8052,220838,8411,4096,4315
37690,233563,12697,112401,8053,220866,8413,4098,4315
37695,233594,12700,112414,8055,220894,8415,4099,4316
37700,233625,12704,112428,8059,220921,8417,4100,4317
37705,233656,12706,112438,8061,220950,8419,4100,4319
37710,233687,12709,112451,8064,220978,8421,4101,4320
37715,233718,12711,112463,8066,221007,8423,4102,4321
37720,233749,12712,112477,8066,221037,8425,4103,4322
37725,233780,12714,112492,8068,221066,8427,4103,4324
37730,233811,12715,112511,8069,221096,8429,4104,4325
37735,233842,12716,112523,8069,221126,8431,4106,4325
37740,233873,12718,112538,8070,221155,8433,4106,4327
37745,233904,12720,112560,8072,221183,8435,4107,4328
37750,233935,12723,112572,8075,221211,8437,4108,4329
37755,233966,12726,112589,8077,221240,8439,4110,4329
37760,233997,12730,112602,8080,221267,8441,4111,4330
37765,234028,12733,112619,8082,221295,8443,4111,4332
37770,234059,12735,112636,8083,221323,8445,4112,4333
37775,234090,12740,112649,8087,221350,8447,4112,4335
37780,234121,12740,112662,8087,221381,8448,4113,4335
37785,234152,12740,112678,8087,221412,8449,4113,4336
37790,234183,12740,112699,8087,221443,8450,4114,4336
37795,234214,12740,112716,8087,221474,8451,4115,4336
37800,234245,12740,112730,8087,221505,8452,4115,4337
37805,234276,12740,112743,8087,221536,8453,4115,4338
37810,234307,12740,112756,8087,221567,8454,4116,4338
37815,234338,12740,112772,8087,221598,8455,4116,4339
37820,234369,12740,112784,8087,221629,8456,4117,4339
37825,234400,12740,112795,8087,221660,8457,4118,4339
37830,234431,12740,112807,8087,221691,8458,4119,4339
37835,234462,12740,112817,8087,221722,8459,4119,4340
37840,234493,12740,112835,8087,221753,8460,4120,4340
37845,234524,12740,112843,8087,221784,8461,4120,4341
37850,234555,12740,112855,8087,221815,8462,4120,4342
37855,234586,12740,112872,8087,221846,8463,4121,4342
37860,234617,12741,112883,8088,221876,8464,4121,4343
37865,234648,12745,112900,8092,221903,8465,4121,4344
37870,234679,12747,112914,8094,221932,8466,4121,4345
37875,234710,12748,112930,8095,221962,8467,4122,4345
37880,234741,12748,112945,8095,221993,8468,4122,4346
37885,234772,12750,112962,8096,222022,8470,4123,4347
37890,234803,12751,112969,8096,222052,8472,4123,4349
37895,234834,12752,112981,8097,222082,8474,4124,4350
37900,234865,12753,112996,8097,222112,8476,4124,4352
37905,234896,12754,113012,8097,222142,8477,4124,4353
37910,234927,12755,113023,8098,222172,8478,4124,4354
37915,234958,12758,113042,8101,222200,8479,4124,4355
37920,234989,12761,113058,8104,222228,8480,4124,4356
37925,235020,12762,113069,8104,222258,8480,4124,4356
37930,235051,12763,113086,8105,222288,8480,4124,4356
37935,235082,12764,113099,8105,222318,8480,4124,4356
37940,235113,12765,113113,8105,222348,8480,4124,4356
37945,235144,12766,113128,8106,222378,8480,4124,4356
37950,235175,12767,113143,8106,222408,8480,4124,4356
37955,235206,12768,113160,8107,222438,8480,4124,4356
37960,235237,12769,113174,8108,222468,8480,4124,4356
37965,235268,12770,113183,8108,222498,8480,4124,4356
37970,235299,12771,113197,8109,222528,8480,4124,4356
37975,235330,12773,113211,8110,222557,8480,4124,4356
37980,235361,12776,113228,8112,222585,8480,4124,4356
37985,235392,12778,113243,8114,222614,8480,4124,4356
37990,235423,12781,113254,8116,222642,8480,4124,4356
37995,235454,12783,113267,8116,222671,8480,4124,4356
38000,235485,12786,113281,8119,222699,8480,4124,4356
38005,235516,12789,113296,8121,222727,8481,4125,4356
38010,235547,12792,113310,8123,222755,8482,4125,4357
38015,235578,12795,113323,8125,222783,8483,4126,4357
38020,235609,12797,113335,8125,222812,8484,4127,4357
38025,235640,12798,113353,8125,222842,8485,4127,4358
38030,235671,12800,113365,8127,222871,8487,4129,4358
38035,235702,12801,113387,8128,222901,8489,4130,4359
38040,235733,12802,113400,8129,222931,8491,4131,4360
38045,235764,12804,113418,8130,222959,8493,4133,4360
38050,235795,12807,113430,8133,222988,8495,4133,4362
38055,235826,12809,113449,8135,223016,8497,4134,4363
38060,235857,12813,113467,8137,223044,8499,4135,4364
38065,235888,12816,113478,8139,223072,8501,4135,4366
38070,235919,12818,113496,8141,223100,8503,4136,4367
38075,235950,12823,113515,8144,223127,8505,4138,4367
38080,235981,12825,113529,8145,223156,8507,4139,4368
38085,236012,12827,113547,8147,223185,8509,4140,4369
38090,236043,12827,113557,8147,223216,8510,4140,4370
38095,236074,12827,113571,8147,223247,8511,4141,4370
38100,236105,12827,113586,8147,223278,8512,4141,4371
38105,236136,12829,113605,8148,223307,8513,4141,4372
38110,236167,12831,113622,8150,223336,8514,4141,4373
38115,236198,12831,113638,8150,223367,8515,4142,4373
38120,236229,12831,113655,8150,223398,8516,4143,4373
38125,236260,12831,113668,8150,223429,8517,4144,4373
38130,236291,12832,113681,8150,223459,8518,4145,4373
38135,236322,12834,113697,8152,223488,8519,4146,4373
38140,236353,12836,113711,8153,223517,8520,4146,4374
38145,236384,12837,113724,8153,223547,8521,4146,4375
38150,236415,12839,113743,8154,223576,8522,4147,4375
38155,236446,12840,113756,8155,223606,8523,4147,4376
38160,236477,12842,113774,8157,223635,8524,4148,4376
38165,236508,12844,113791,8158,223664,8525,4148,4377
38170,236539,12845,113803,8159,223694,8526,4148,4378
38175,236570,12846,113819,8159,223724,8527,4149,4378
38180,236601,12847,113833,8160,223754,8528,4150,4378
38185,236632,12848,113846,8160,223784,8529,4150,4379
38190,236663,12849,113858,8161,223814,8530,4151,4379
38195,236694,12850,113874,8162,223844,8531,4151,4380
38200,236725,12851,113890,8163,223874,8532,4152,4380
38205,236756,12852,113905,8163,223904,8533,4152,4381
38210,236787,12854,113919,8164,223932,8535,4152,4383
38215,236818,12857,113938,8166,223960,8537,4154,4383
38220,236849,12861,113951,8169,223988,8539,4155,4384
38225,236880,12864,113959,8170,224016,8540,4155,4385
38230,236911,12866,113974,8170,224045,8541,4156,4385
38235,236942,12870,113993,8173,224071,8542,4156,4386
38240,236973,12874,114010,8175,224099,8543,4157,4386
38245,237004,12877,114026,8177,224127,8544,4157,4387
38250,237035,12880,114042,8180,224155,8545,4157,4388
38255,237066,12882,114061,8182,224184,8546,4157,4389
38260,237097,12884,114077,8184,224213,8547,4157,4390
38265,237128,12885,114093,8184,224243,8548,4158,4390
38270,237159,12887,114105,8185,224272,8549,4158,4391
38275,237190,12888,114117,8185,224302,8550,4158,4392
38280,237221,12888,114126,8185,224333,8551,4159,4392
38285,237252,12889,114138,8185,224363,8552,4159,4393
38290,237283,12891,114157,8186,224392,8553,4160,4393
38295,237314,12893,114173,8188,224421,8554,4160,4394
38300,237345,12894,114182,8189,224451,8555,4160,4395
38305,237376,12895,114196,8189,224481,8556,4161,4395
38310,237407,12897,114208,8191,224510,8557,4161,4396
38315,237438,12899,114222,8193,224539,8558,4162,4396
38320,237469,12900,114239,8193,224569,8559,4162,4397
38325,237500,12901,114254,8194,224599,8560,4162,4398
38330,237531,12902,114266,8194,224629,8561,4162,4399
38335,237562,12904,114279,8195,224658,8562,4163,4399
38340,237593,12905,114289,8196,224688,8563,4163,4400
38345,237624,12905,114306,8196,224719,8564,4163,4401
38350,237655,12906,114326,8197,224748,8565,4163,4402
38355,237686,12908,114341,8198,224778,8566,4163,4403
38360,237717,12910,114355,8200,224806,8567,4163,4404
38365,237748,12913,114369,8203,224834,8568,4164,4404
38370,237779,12917,114389,8207,224861,8569,4165,4404
38375,237810,12920,114405,8209,224890,8570,4165,4405
38380,237841,12921,114419,8210,224919,8571,4165,4406
38385,237872,12923,114436,8212,224948,8572,4165,4407
38390,237903,12928,114452,8217,224974,8573,4165,4408
38395,237934,12932,114468,8219,225002,8574,4166,4408
38400,237965,12933,114485,8220,225032,8575,4167,4408
38405,237996,12937,114498,8222,225059,8575,4167,4408
38410,238027,12941,114515,8225,225086,8575,4167,4408
38415,238058,12946,114527,8229,225112,8575,4167,4408
38420,238089,12950,114539,8232,225139,8575,4167,4408
38425,238120,12953,114553,8233,225167,8575,4167,4408
38430,238151,12956,114565,8235,225195,8575,4167,4408
38435,238182,12957,114583,8235,225225,8575,4167,4408
38440,238213,12957,114598,8235,225256,8575,4167,4408
38445,238244,12957,114616,8235,225287,8575,4167,4408
38450,238275,12957,114629,8235,225318,8575,4167,4408
38455,238306,12957,114643,8235,225349,8575,4167,4408
38460,238337,12957,114657,8235,225380,8575,4167,4408
38465,238368,12959,114672,8235,225408,8577,4167,4410
38470,238399,12962,114685,8236,225436,8579,4167,4412
38475,238430,12965,114696,8237,225465,8581,4168,4413
38480,238461,12967,114710,8239,225494,8583,4170,4413
38485,238492,12969,114721,8239,225523,8585,4172,4413
38490,238523,12971,114739,8240,225552,8587,4172,4415
38495,238554,12974,114754,8242,225580,8589,4172,4417
38500,238585,12977,114767,8244,225608,8591,4173,4418
38505,238616,12980,114781,8246,225636,8593,4174,4419
38510,238647,12982,114793,8247,225665,8595,4175,4420
38515,238678,12984,114809,8249,225694,8597,4175,4422
38520,238709,12986,114824,8251,225723,8599,4176,4423
38525,238740,12987,114838,8252,225753,8600,4177,4423
38530,238771,12989,114853,8253,225782,8601,4177,4424
38535,238802,12990,114866,8254,225812,8602,4177,4425
38540,238833,12992,114878,8255,225841,8603,4178,4425
38545,238864,12994,114892,8256,225870,8604,4179,4425
38550,238895,12995,114907,8257,225900,8605,4180,4425
38555,238926,12996,114924,8257,225930,8606,4181,4425
38560,238957,12997,114941,8257,225960,8607,4182,4425
38565,238988,12998,114956,8258,225990,8608,4183,4425
38570,239019,13000,114970,8259,226019,8609,4183,4426
38575,239050,13002,114986,8260,226048,8610,4184,4426
38580,239081,13004,115001,8261,226077,8611,4184,4427
38585,239112,13007,115014,8262,226105,8612,4184,4428
38590,239143,13010,115026,8263,226133,8613,4185,4428
38595,239174,13014,115041,8266,226160,8614,4185,4429
38600,239205,13019,115059,8270,226186,8615,4185,4430
38605,239236,13022,115070,8271,226214,8616,4186,4430
38610,239267,13024,115083,8271,226243,8617,4186,4431
38615,239298,13025,115098,8271,226273,8618,4187,4431
38620,239329,13026,115111,8271,226303,8619,4188,4431
38625,239360,13027,115125,8271,226333,8620,4189,4431
38630,239391,13028,115144,8272,226362,8622,4191,4431
38635,239422,13030,115155,8273,226392,8624,4191,4433
38640,239453,13031,115170,8274,226422,8626,4191,4435
38645,239484,13032,115189,8275,226452,8627,4192,4435
38650,239515,13033,115206,8276,226482,8628,4192,4436
38655,239546,13034,115224,8276,226512,8629,4193,4436
38660,239577,13036,115237,8278,226541,8630,4194,4436
38665,239608,13038,115258,8279,226570,8631,4195,4436
38670,239639,13040,115276,8280,226599,8632,4196,4436
38675,239670,13041,115287,8280,226629,8633,4197,4436
38680,239701,13043,115302,8281,226658,8634,4198,4436
38685,239732,13044,115316,8281,226688,8635,4199,4436
38690,239763,13046,115335,8282,226717,8636,4200,4436
38695,239794,13047,115352,8282,226747,8637,4201,4436
38700,239825,13047,115365,8282,226778,8638,4201,4437
38705,239856,13047,115377,8282,226809,8639,4202,4437
38710,239887,13047,115392,8282,226840,8640,4203,4437
38715,239918,13048,115406,8282,226870,8641,4204,4437
38720,239949,13050,115427,8284,226899,8642,4205,4437
38725,239980,13052,115441,8285,226928,8643,4206,4437
38730,240011,13055,115456,8288,226956,8644,4207,4437
38735,240042,13056,115475,8289,226986,8645,4208,4437
38740,240073,13058,115491,8291,227015,8646,4208,4438
38745,240104,13061,115502,8293,227043,8647,4209,4438
38750,240135,13065,115521,8296,227070,8648,4209,4439
38755,240166,13069,115529,8298,227097,8649,4210,4439
38760,240197,13072,115544,8300,227125,8650,4210,4440
38765,240228,13075,115562,8302,227152,8650,4210,4440
38770,240259,13079,115577,8304,227180,8650,4210,4440
38775,240290,13082,115596,8306,227207,8650,4210,4440
38780,240321,13085,115612,8308,227235,8651,4210,4441
38785,240352,13089,115628,8311,227262,8652,4210,4442
38790,240383,13091,115643,8313,227292,8653,4210,4443
38795,240414,13091,115655,8313,227323,8654,4210,4444
38800,240445,13091,115670,8313,227354,8655,4210,4445
38805,240476,13091,115689,8313,227385,8656,4211,4445
38810,240507,13091,115705,8313,227416,8656,4211,4445
38815,240538,13091,115722,8313,227447,8656,4211,4445
38820,240569,13091,115738,8313,227478,8656,4211,4445
38825,240600,13091,115751,8313,227509,8656,4211,4445
38830,240631,13091,115766,8313,227540,8656,4211,4445
38835,240662,13091,115780,8313,227571,8656,4211,4445
38840,240693,13091,115801,8313,227602,8656,4211,4445
38845,240724,13091,115812,8313,227633,8656,4211,4445
38850,240755,13091,115824,8313,227664,8656,4211,4445
38855,240786,13091,115839,8313,227695,8656,4211,4445
38860,240817,13091,115853,8313,227726,8656,4211,4445
38865,240848,13091,115871,8313,227757,8656,4211,4445
38870,240879,13091,115890,8313,227788,8656,4211,4445
38875,240910,13093,115902,8314,227817,8657,4212,4445
38880,240941,13095,115916,8315,227846,8658,4212,4446
38885,240972,13099,115935,8318,227873,8659,4212,4447
38890,241003,13102,115948,8320,227901,8660,4212,4448
38895,241034,13104,115965,8322,227930,8661,4213,4448
38900,241065,13106,115978,8323,227958,8662,4213,4449
38905,241096,13109,115995,8325,227987,8663,4214,4449
38910,241127,13110,116012,8325,228017,8665,4216,4449
38915,241158,13111,116027,8326,228047,8667,4216,4451
38920,241189,13112,116042,8327,228077,8669,4218,4451
38925,241220,13113,116059,8327,228107,8671,4219,4452
38930,241251,13114,116078,8327,228137,8673,4220,4453
38935,241282,13115,116091,8328,228167,8675,4220,4455
38940,241313,13116,116109,8328,228197,8677,4222,4455
38945,241344,13116,116124,8328,228228,8679,4224,4455
38950,241375,13116,116133,8328,228259,8681,4224,4457
38955,241406,13116,116148,8328,228290,8683,4225,4458
38960,241437,13116,116164,8328,228321,8685,4227,4458
38965,241468,13116,116181,8328,228352,8687,4229,4458
38970,241499,13116,116199,8328,228383,8689,4229,4460
38975,241530,13116,116215,8328,228414,8691,4230,4461
38980,241561,13116,116231,8328,228445,8692,4231,4461
38985,241592,13116,116241,8328,228476,8693,4231,4462
38990,241623,13119,116259,8330,228504,8694,4232,4462
38995,241654,13122,116274,8332,228532,8695,4232,4463
39000,241685,13126,116288,8334,228559,8696,4232,4464
39005,241716,13129,116305,8335,228587,8697,4233,4464
39010,241747,13132,116316,8337,228615,8698,4234,4464
39015,241778,13136,116335,8341,228642,8699,4235,4464
39020,241809,13139,116349,8343,228670,8700,4235,4465
39025,241840,13141,116362,8344,228699,8701,4235,4466
39030,241871,13143,116373,8345,228728,8702,4235,4467
39035,241902,13146,116387,8348,228756,8703,4235,4468
39040,241933,13148,116403,8349,228785,8704,4235,4469
39045,241964,13149,116418,8350,228815,8705,4235,4470
39050,241995,13151,116433,8352,228844,8706,4236,4470
39055,242026,13151,116446,8352,228875,8707,4237,4470
39060,242057,13151,116459,8352,228906,8708,4238,4470
39065,242088,13151,116475,8352,228937,8709,4238,4471
39070,242119,13151,116489,8352,228968,8710,4239,4471
39075,242150,13151,116503,8352,228999,8711,4240,4471
39080,242181,13151,116514,8352,229030,8713,4241,4472
39085,242212,13151,116530,8352,229061,8715,4241,4474
39090,242243,13151,116543,8352,229092,8717,4242,4475
39095,242274,13151,116558,8352,229123,8719,4243,4476
39100,242305,13151,116573,8352,229154,8721,4244,4477
39105,242336,13152,116584,8353,229184,8723,4244,4479
39110,242367,13154,116599,8355,229213,8725,4246,4479
39115,242398,13156,116615,8356,229242,8727,4247,4480
39120,242429,13157,116631,8357,229272,8729,4247,4482
39125,242460,13161,116649,8360,229299,8731,4248,4483
39130,242491,13165,116665,8364,229326,8733,4249,4484
39135,242522,13167,116675,8365,229355,8735,4250,4485
39140,242553,13169,116688,8366,229384,8736,4250,4486
39145,242584,13173,116699,8370,229411,8737,4250,4487
39150,242615,13176,116721,8373,229439,8738,4250,4488
39155,242646,13178,116735,8375,229468,8739,4251,4488
39160,242677,13180,116753,8376,229497,8740,4251,4489
39165,242708,13181,116767,8376,229527,8741,4251,4490
39170,242739,13183,116781,8378,229556,8742,4251,4491
39175,242770,13185,116799,8380,229585,8743,4252,4491
39180,242801,13186,116813,8380,229615,8744,4253,4491
39185,242832,13189,116829,8382,229643,8745,4254,4491
39190,242863,13192,116842,8382,229671,8746,4255,4491
39195,242894,13195,116858,8384,229699,8747,4256,4491
39200,242925,13198,116876,8387,229727,8748,4257,4491
39205,242956,13201,116893,8389,229755,8749,4258,4491
39210,242987,13204,116907,8391,229783,8750,4259,4491
39215,243018,13207,116922,8394,229811,8751,4259,4492
39220,243049,13210,116934,8395,229839,8752,4259,4493
39225,243080,13214,116951,8396,229865,8753,4259,4494
39230,243111,13219,116964,8399,229891,8754,4259,4495
39235,243142,13224,116977,8401,229918,8755,4259,4496
39240,243173,13228,116993,8404,229944,8757,4261,4496
39245,243204,13229,117006,8405,229975,8759,4261,4498
39250,243235,13229,117024,8405,230006,8761,4262,4499
39255,243266,13229,117040,8405,230037,8762,4262,4500
39260,243297,13229,117059,8405,230068,8763,4263,4500
39265,243328,13229,117074,8405,230099,8764,4264,4500
39270,243359,13229,117090,8405,230130,8765,4264,4501
39275,243390,13229,117107,8405,230161,8766,4264,4502
39280,243421,13229,117118,8405,230192,8767,4264,4503
39285,243452,13229,117135,8405,230223,8768,4264,4504
39290,243483,13229,117149,8405,230254,8769,4264,4505
39295,243514,13229,117166,8405,230285,8770,4265,4505
39300,243545,13229,117179,8405,230316,8771,4266,4505
39305,243576,13229,117192,8405,230347,8773,4267,4506
39310,243607,13229,117209,8405,230378,8775,4269,4506
39315,243638,13229,117223,8405,230409,8777,4270,4507
39320,243669,13229,117240,8405,230440,8779,4271,4508
39325,243700,13229,117253,8405,230471,8781,4271,4510
39330,243731,13229,117268,8405,230502,8783,4272,4511
39335,243762,13229,117285,8405,230533,8785,4274,4511
39340,243793,13229,117300,8405,230564,8787,4276,4511
39345,243824,13229,117311,8405,230595,8789,4277,4512
39350,243855,13232,117328,8407,230623,8791,4278,4513
39355,243886,13238,117347,8412,230647,8793,4278,4515
39360,243917,13244,117363,8417,230672,8795,4278,4517
39365,243948,13247,117379,8420,230701,8795,4278,4517
39370,243979,13249,117398,8421,230730,8795,4278,4517
39375,244010,13252,117413,8422,230758,8795,4278,4517
39380,244041,13254,117427,8423,230787,8795,4278,4517
39385,244072,13256,117440,8424,230816,8795,4278,4517
39390,244103,13259,117456,8425,230844,8795,4278,4517
39395,244134,13261,117468,8426,230873,8795,4278,4517
39400,244165,13262,117485,8427,230903,8795,4278,4517
39405,244196,13263,117501,8428,230933,8795,4278,4517
39410,244227,13264,117518,8429,230963,8795,4278,4517
39415,244258,13265,117532,8429,230993,8795,4278,4517
39420,244289,13266,117552,8429,231023,8795,4278,4517
39425,244320,13266,117566,8429,231054,8795,4278,4517
39430,244351,13266,117584,8429,231085,8795,4278,4517
39435,244382,13266,117600,8429,231116,8795,4278,4517
39440,244413,13266,117612,8429,231147,8795,4278,4517
39445,244444,13266,117626,8429,231178,8795,4278,4517
39450,244475,13266,117647,8429,231209,8795,4278,4517
39455,244506,13266,117658,8429,231240,8795,4278,4517
39460,244537,13266,117670,8429,231271,8795,4278,4517
39465,244568,13266,117685,8429,231302,8797,4278,4519
39470,244599,13269,117701,8432,231330,8799,4279,4520
39475,244630,13272,117716,8435,231358,8801,4280,4521
39480,244661,13275,117732,8438,231386,8803,4282,4521
39485,244692,13277,117752,8440,231415,8805,4283,4522
39490,244723,13280,117771,8441,231443,8806,4284,4522
39495,244754,13282,117782,8441,231472,8807,4285,4522
39500,244785,13283,117800,8441,231502,8808,4285,4523
39505,244816,13284,117816,8441,231532,8809,4285,4524
39510,244847,13285,117829,8441,231562,8810,4285,4525
39515,244878,13286,117838,8441,231592,8811,4286,4525
39520,244909,13287,117854,8441,231622,8812,4286,4526
39525,244940,13288,117870,8442,231652,8813,4287,4526
39530,244971,13289,117882,8443,231682,8814,4287,4527
39535,245002,13290,117897,8443,231712,8815,4288,4527
39540,245033,13291,117913,8443,231742,8816,4288,4528
39545,245064,13292,117925,8443,231772,8817,4288,4529
39550,245095,13293,117939,8443,231802,8818,4288,4530
39555,245126,13294,117953,8444,231832,8819,4289,4530
39560,245157,13295,117969,8444,231862,8820,4290,4530
39565,245188,13296,117985,8444,231892,8821,4291,4530
39570,245219,13297,117997,8444,231922,8822,4291,4531
39575,245250,13298,118010,8445,231952,8823,4292,4531
39580,245281,13299,118023,8445,231982,8824,4293,4531
39585,245312,13301,118041,8446,232011,8825,4294,4531
39590,245343,13304,118055,8449,232039,8827,4295,4532
39595,245374,13307,118073,8452,232067,8829,4295,4534
39600,245405,13310,118090,8453,232095,8831,4297,4534
39605,245436,13313,118104,8455,232123,8833,4298,4535
39610,245467,13316,118119,8457,232151,8835,4299,4536
39615,245498,13320,118132,8460,232177,8837,4299,4538
39620,245529,13324,118147,8463,232204,8839,4300,4539
39625,245560,13328,118162,8466,232232,8841,4302,4539
39630,245591,13331,118176,8469,232260,8843,4304,4539
39635,245622,13335,118195,8472,232286,8845,4305,4540
39640,245653,13339,118213,8476,232314,8847,4306,4541
39645,245684,13340,118230,8476,232344,8849,4307,4542
39650,245715,13342,118248,8477,232373,8851,4308,4543
39655,245746,13343,118258,8478,232403,8853,4309,4544
39660,245777,13345,118270,8479,232432,8855,4309,4546
39665,245808,13347,118287,8481,232461,8856,4310,4546
39670,245839,13348,118301,8481,232491,8857,4310,4547
39675,245870,13349,118313,8481,232521,8858,4310,4548
39680,245901,13351,118326,8482,232550,8859,4310,4549
39685,245932,13351,118342,8482,232581,8860,4310,4550
39690,245963,13351,118354,8482,232612,8861,4310,4551
39695,245994,13351,118371,8482,232643,8862,4311,4551
39700,246025,13351,118388,8482,232674,8863,4311,4552
39705,246056,13351,118404,8482,232705,8864,4312,4552
39710,246087,13352,118421,8483,232735,8865,4313,4552
39715,246118,13353,118434,8483,232765,8866,4314,4552
39720,246149,13354,118449,8483,232795,8867,4314,4553
39725,246180,13356,118461,8485,232823,8868,4315,4553
39730,246211,13359,118474,8487,232851,8869,4315,4554
39735,246242,13362,118487,8489,232879,8870,4316,4554
39740,246273,13364,118501,8491,232908,8871,4317,4554
39745,246304,13366,118511,8492,232938,8872,4317,4555
39750,246335,13367,118530,8492,232968,8873,4317,4556
39755,246366,13368,118541,8492,232998,8874,4318,4556
39760,246397,13369,118555,8492,233028,8875,4319,4556
39765,246428,13370,118563,8493,233058,8876,4320,4556
39770,246459,13371,118579,8494,233088,8878,4322,4556
39775,246490,13372,118593,8494,233118,8880,4323,4557
39780,246521,13373,118607,8495,233148,8882,4325,4557
39785,246552,13375,118625,8497,233177,8884,4327,4557
39790,246583,13377,118636,8498,233206,8886,4328,4558
39795,246614,13379,118652,8499,233235,8888,4328,4560
39800,246645,13381,118665,8501,233264,8890,4329,4561
39805,246676,13383,118678,8502,233293,8892,4330,4562
39810,246707,13385,118692,8504,233322,8894,4330,4564
39815,246738,13387,118708,8506,233351,8896,4331,4565
39820,246769,13389,118723,8508,233380,8898,4331,4567
39825,246800,13391,118738,8509,233409,8900,4331,4569
39830,246831,13393,118757,8511,233438,8902,4332,4570
39835,246862,13395,118775,8512,233467,8903,4333,4570
39840,246893,13397,118794,8513,233496,8904,4334,4570
39845,246924,13401,118810,8517,233522,8905,4335,4570
39850,246955,13405,118827,8519,233549,8906,4336,4570
39855,246986,13410,118839,8523,233576,8907,4337,4570
39860,247017,13413,118854,8525,233603,8908,4337,4571
39865,247048,13417,118866,8527,233631,8909,4337,4572
39870,247079,13421,118882,8530,233658,8910,4338,4572
39875,247110,13425,118898,8532,233684,8911,4338,4573
39880,247141,13429,118914,8535,233711,8912,4339,4573
39885,247172,13433,118931,8538,233738,8913,4340,4573
39890,247203,13434,118942,8539,233769,8914,4340,4574
39895,247234,13434,118955,8539,233800,8915,4341,4574
39900,247265,13434,118974,8539,233831,8916,4342,4574
39905,247296,13434,118991,8539,233862,8916,4342,4574
39910,247327,13434,119003,8539,233893,8916,4342,4574
39915,247358,13434,119018,8539,233924,8916,4342,4574
39920,247389,13434,119037,8539,233955,8916,4342,4574
39925,247420,13434,119054,8539,233986,8916,4342,4574
39930,247451,13435,119071,8539,234016,8916,4342,4574
39935,247482,13436,119090,8539,234046,8917,4342,4575
39940,247513,13437,119107,8540,234076,8918,4342,4576
39945,247544,13438,119121,8541,234106,8919,4342,4577
39950,247575,13439,119137,8541,234136,8920,4343,4577
39955,247606,13440,119154,8542,234166,8921,4344,4577
39960,247637,13441,119169,8543,234196,8922,4345,4577
39965,247668,13443,119183,8544,234225,8924,4346,4578
39970,247699,13445,119197,8545,234254,8926,4346,4580
39975,247730,13447,119211,8546,234283,8928,4347,4581
39980,247761,13449,119223,8548,234312,8930,4347,4583
39985,247792,13453,119239,8551,234339,8932,4347,4585
39990,247823,13457,119254,8553,234366,8934,4349,4585
39995,247854,13460,119270,8554,234394,8936,4350,4586
40000,247885,13463,119285,8556,234422,8938,4351,4587
40005,247916,13468,119301,8560,234448,8940,4352,4588
40010,247947,13472,119315,8563,234475,8942,4353,4589
40015,247978,13475,119330,8564,234503,8944,4355,4589
40020,248009,13480,119346,8567,234529,8946,4355,4591
40025,248040,13483,119363,8569,234557,8947,4356,4591
40030,248071,13485,119378,8571,234586,8948,4356,4592
40035,248102,13488,119398,8572,234614,8949,4357,4592
40040,248133,13490,119414,8574,234643,8950,4357,4593
40045,248164,13493,119433,8577,234671,8951,4358,4593
40050,248195,13495,119447,8578,234700,8952,4359,4593
40055,248226,13498,119463,8580,234727,8953,4360,4593
40060,248257,13502,119473,8583,234755,8954,4360,4594
40065,248288,13504,119487,8584,234784,8955,4361,4594
40070,248319,13506,119501,8586,234812,8956,4362,4594
40075,248350,13509,119513,8587,234841,8957,4362,4595
40080,248381,13510,119523,8587,234870,8958,4363,4595
40085,248412,13513,119536,8589,234898,8959,4364,4595
40090,248443,13516,119547,8591,234926,8960,4365,4595
40095,248474,13517,119565,8592,234957,8961,4365,4596
40100,248505,13517,119584,8592,234988,8962,4366,4596
40105,248536,13517,119594,8592,235019,8963,4366,4597
40110,248567,13517,119608,8592,235050,8964,4366,4598
40115,248598,13517,119626,8592,235081,8965,4367,4598
40120,248629,13517,119643,8592,235112,8966,4367,4599
40125,248660,13517,119653,8592,235143,8967,4367,4600
40130,248691,13518,119669,8592,235173,8969,4367,4602
40135,248722,13519,119684,8592,235203,8971,4369,4602
40140,248753,13521,119703,8593,235232,8973,4371,4602
40145,248784,13524,119717,8595,235260,8974,4372,4602
40150,248815,13529,119732,8600,235286,8975,4372,4603
40155,248846,13532,119746,8601,235314,8976,4372,4604
40160,248877,13537,119757,8604,235340,8977,4373,4604
40165,248908,13540,119769,8606,235368,8978,4373,4605
40170,248939,13543,119784,8609,235396,8979,4373,4606
40175,248970,13546,119798,8611,235424,8980,4374,4606
40180,249001,13547,119812,8611,235454,8980,4374,4606
40185,249032,13548,119827,8611,235484,8980,4374,4606
40190,249063,13550,119841,8611,235513,8980,4374,4606
40195,249094,13551,119853,8611,235543,8980,4374,4606
40200,249125,13552,119868,8611,235573,8980,4374,4606
40205,249156,13553,119880,8611,235603,8980,4374,4606
40210,249187,13555,119896,8613,235632,8980,4374,4606
40215,249218,13556,119906,8613,235662,8980,4374,4606
40220,249249,13557,119923,8613,235692,8980,4374,4606
40225,249280,13558,119936,8613,235722,8980,4374,4606
40230,249311,13559,119951,8613,235752,8980,4374,4606
40235,249342,13560,119971,8613,235781,8980,4374,4606
40240,249373,13562,119980,8614,235811,8980,4374,4606
40245,249404,13563,119998,8615,235840,8980,4374,4606
40250,249435,13565,120010,8616,235870,8980,4374,4606
40255,249466,13566,120020,8617,235900,8981,4375,4606
40260,249497,13567,120036,8617,235929,8982,4375,4607
40265,249528,13572,120050,8621,235956,8983,4376,4607
40270,249559,13575,120065,8624,235983,8984,4377,4607
40275,249590,13577,120083,8625,236013,8985,4377,4608
40280,249621,13580,120097,8626,236041,8987,4378,4609
40285,249652,13583,120111,8628,236068,8989,4380,4609
40290,249683,13589,120126,8632,236094,8991,4381,4610
40295,249714,13593,120143,8634,236121,8993,4381,4612
40300,249745,13596,120157,8636,236149,8995,4381,4614
40305,249776,13600,120169,8638,236176,8996,4381,4615
40310,249807,13603,120183,8641,236203,8997,4381,4616
40315,249838,13607,120198,8644,236230,8998,4382,4616
40320,249869,13611,120206,8646,236258,8999,4382,4617
40325,249900,13611,120224,8646,236289,9000,4383,4617
40330,249931,13611,120243,8646,236320,9001,4383,4618
40335,249962,13611,120256,8646,236351,9002,4383,4619
40340,249993,13611,120269,8646,236382,9003,4384,4619
40345,250024,13611,120287,8646,236413,9004,4384,4620
40350,250055,13611,120301,8646,236444,9005,4385,4620
40355,250086,13611,120321,8646,236475,9006,4385,4621
40360,250117,13611,120336,8646,236506,9007,4386,4621
40365,250148,13611,120352,8646,236537,9008,4386,4622
40370,250179,13611,120367,8646,236568,9009,4387,4622
40375,250210,13611,120380,8646,236599,9010,4388,4622
40380,250241,13612,120391,8646,236629,9011,4389,4622
40385,250272,13615,120405,8647,236657,9012,4390,4622
40390,250303,13618,120420,8649,236685,9013,4390,4623
40395,250334,13620,120436,8650,236714,9014,4390,4624
40400,250365,13622,120454,8651,236743,9015,4390,4625
40405,250396,13625,120470,8653,236771,9017,4390,4627
40410,250427,13627,120483,8654,236800,9019,4390,4629
40415,250458,13629,120495,8654,236829,9021,4390,4631
40420,250489,13632,120513,8657,236857,9023,4392,4631
40425,250520,13637,120532,8661,236882,9025,4394,4631
40430,250551,13641,120549,8664,236910,9027,4395,4632
40435,250582,13644,120560,8666,236937,9029,4396,4633
40440,250613,13650,120575,8672,236963,9031,4396,4635
40445,250644,13650,120592,8672,236994,9033,4398,4635
40450,250675,13650,120608,8672,237025,9034,4399,4635
40455,250706,13650,120621,8672,237056,9035,4400,4635
40460,250737,13650,120630,8672,237087,9036,4400,4636
40465,250768,13650,120649,8672,237118,9037,4400,4637
40470,250799,13650,120662,8672,237149,9038,4401,4637
40475,250830,13650,120675,8672,237180,9039,4401,4638
40480,250861,13650,120689,8672,237211,9040,4401,4639
40485,250892,13650,120702,8672,237242,9041,4401,4640
40490,250923,13650,120718,8672,237273,9042,4402,4640
40495,250954,13650,120737,8672,237304,9043,4403,4640
40500,250985,13650,120750,8672,237335,9044,4403,4641
40505,251016,13650,120763,8672,237366,9045,4403,4642
40510,251047,13650,120775,8672,237397,9046,4403,4643
40515,251078,13650,120786,8672,237428,9047,4403,4644
40520,251109,13650,120804,8672,237459,9048,4404,4644
40525,251140,13650,120823,8672,237490,9049,4404,4645
40530,251171,13650,120839,8672,237521,9050,4404,4646
40535,251202,13650,120848,8672,237552,9051,4405,4646
40540,251233,13650,120864,8672,237583,9052,4406,4646
40545,251264,13650,120880,8672,237614,9053,4406,4647
40550,251295,13653,120892,8672,237641,9055,4406,4649
40555,251326,13658,120910,8675,237667,9057,4408,4649
40560,251357,13666,120928,8681,237690,9059,4408,4651
40565,251388,13670,120945,8684,237718,9060,4409,4651
40570,251419,13674,120961,8688,237745,9060,4409,4651
40575,251450,13677,120980,8691,237773,9060,4409,4651
40580,251481,13680,120994,8693,237801,9060,4409,4651
40585,251512,13682,121008,8695,237830,9060,4409,4651
40590,251543,13683,121018,8696,237860,9060,4409,4651
40595,251574,13685,121032,8698,237889,9060,4409,4651
40600,251605,13685,121048,8698,237920,9060,4409,4651
40605,251636,13685,121058,8698,237951,9060,4409,4651
40610,251667,13685,121068,8698,237982,9060,4409,4651
40615,251698,13685,121081,8698,238013,9060,4409,4651
40620,251729,13685,121098,8698,238044,9060,4409,4651
40625,251760,13685,121117,8698,238075,9061,4410,4651
40630,251791,13685,121129,8698,238106,9061,4410,4651
40635,251822,13685,121146,8698,238137,9061,4410,4651
40640,251853,13685,121158,8698,238168,9061,4410,4651
40645,251884,13685,121175,8698,238199,9061,4410,4651
40650,251915,13685,121189,8698,238230,9061,4410,4651
40655,251946,13685,121206,8698,238261,9061,4410,4651
40660,251977,13685,121225,8698,238292,9061,4410,4651
40665,252008,13685,121244,8698,238323,9062,4411,4651
40670,252039,13687,121257,8700,238352,9063,4411,4652
40675,252070,13691,121272,8703,238379,9064,4411,4653
40680,252101,13693,121282,8705,238408,9065,4412,4653
40685,252132,13696,121298,8707,238435,9066,4412,4654
40690,252163,13702,121317,8713,238461,9067,4412,4655
40695,252194,13706,121334,8715,238488,9068,4412,4656
40700,252225,13710,121352,8717,238515,9069,4413,4656
40705,252256,13713,121366,8720,238543,9070,4414,4656
40710,252287,13715,121381,8721,238572,9071,4415,4656
40715,252318,13716,121391,8721,238602,9072,4415,4657
40720,252349,13717,121404,8722,238632,9073,4415,4658
40725,252380,13718,121416,8722,238662,9074,4415,4659
40730,252411,13719,121430,8723,238692,9076,4416,4660
40735,252442,13720,121441,8723,238722,9078,4416,4662
40740,252473,13721,121458,8723,238752,9080,4416,4664
40745,252504,13723,121469,8725,238781,9082,4418,4664
40750,252535,13725,121484,8726,238810,9084,4420,4664
40755,252566,13726,121501,8727,238840,9086,4420,4666
40760,252597,13728,121517,8729,238869,9088,4421,4667
40765,252628,13730,121534,8731,238898,9089,4422,4667
40770,252659,13730,121552,8731,238929,9090,4423,4667
40775,252690,13730,121566,8731,238960,9091,4423,4668
40780,252721,13730,121580,8731,238991,9092,4423,4669
40785,252752,13730,121597,8731,239022,9093,4424,4669
40790,252783,13731,121607,8732,239052,9094,4425,4669
40795,252814,13733,121621,8734,239081,9095,4426,4669
40800,252845,13735,121640,8735,239110,9096,4427,4669
40805,252876,13738,121659,8737,239137,9097,4428,4669
40810,252907,13743,121676,8740,239164,9098,4428,4670
40815,252938,13745,121691,8741,239193,9099,4428,4671
40820,252969,13749,121710,8743,239220,9100,4428,4672
40825,253000,13752,121727,8745,239248,9101,4428,4673
40830,253031,13754,121742,8747,239277,9102,4429,4673
40835,253062,13756,121753,8748,239306,9103,4429,4674
40840,253093,13759,121766,8750,239334,9104,4430,4674
40845,253124,13762,121782,8752,239362,9105,4430,4675
40850,253155,13763,121792,8753,239392,9106,4431,4675
40855,253186,13764,121802,8753,239422,9107,4431,4676
40860,253217,13766,121817,8755,239451,9108,4432,4676
40865,253248,13768,121829,8756,239480,9110,4433,4677
40870,253279,13770,121846,8756,239509,9112,4435,4677
40875,253310,13773,121862,8757,239537,9114,4436,4678
40880,253341,13776,121881,8759,239565,9116,4436,4680
40885,253372,13778,121892,8760,239594,9118,4438,4680
40890,253403,13781,121902,8762,239622,9120,4439,4681
40895,253434,13783,121917,8763,239651,9122,4440,4682
40900,253465,13785,121929,8764,239680,9124,4441,4683
40905,253496,13787,121941,8765,239709,9125,4441,4684
40910,253527,13789,121957,8767,239737,9126,4441,4685
40915,253558,13792,121971,8769,239765,9127,4441,4686
40920,253589,13795,121990,8771,239793,9128,4442,4686
40925,253620,13797,122004,8773,239823,9129,4443,4686
40930,253651,13798,122022,8774,239853,9130,4444,4686
40935,253682,13799,122033,8774,239883,9131,4444,4687
40940,253713,13801,122049,8776,239912,9132,4444,4688
40945,253744,13802,122063,8776,239942,9133,4445,4688
40950,253775,13806,122078,8778,239969,9134,4446,4688
40955,253806,13810,122096,8781,239996,9135,4446,4689
40960,253837,13813,122110,8784,240024,9136,4447,4689
40965,253868,13816,122127,8785,240052,9137,4448,4689
40970,253899,13818,122142,8786,240081,9138,4449,4689
40975,253930,13821,122157,8789,240109,9139,4449,4690
40980,253961,13822,122168,8790,240139,9140,4450,4690
40985,253992,13824,122180,8791,240168,9141,4451,4690
40990,254023,13826,122196,8792,240197,9142,4452,4690
40995,254054,13828,122212,8793,240225,9143,4452,4691
41000,254085,13831,122229,8796,240253,9144,4452,4692
41005,254116,13834,122246,8799,240282,9146,4453,4693
41010,254147,13835,122265,8799,240312,9148,4454,4694
41015,254178,13836,122280,8799,240342,9150,4455,4695
41020,254209,13837,122291,8799,240372,9152,4457,4695
41025,254240,13838,122306,8800,240402,9154,4458,4696
41030,254271,13839,122314,8801,240432,9156,4458,4698
41035,254302,13840,122325,8802,240462,9158,4459,4699
41040,254333,13841,122337,8803,240492,9160,4460,4700
41045,254364,13843,122352,8805,240521,9162,4462,4700
41050,254395,13846,122367,8807,240549,9164,4464,4700
41055,254426,13848,122378,8808,240578,9166,4465,4701
41060,254457,13850,122392,8810,240607,9168,4465,4703
41065,254488,13851,122410,8810,240637,9170,4466,4704
41070,254519,13853,122426,8811,240666,9172,4468,4704
41075,254550,13853,122443,8811,240697,9174,4469,4705
41080,254581,13853,122462,8811,240728,9176,4469,4707
41085,254612,13853,122474,8811,240759,9178,4469,4709
41090,254643,13853,122487,8811,240790,9179,4469,4710
41095,254674,13853,122502,8811,240821,9180,4470,4710
41100,254705,13853,122512,8811,240852,9181,4471,4710
41105,254736,13856,122529,8812,240880,9181,4471,4710
41110,254767,13859,122545,8814,240908,9181,4471,4710
41115,254798,13863,122556,8816,240935,9181,4471,4710
41120,254829,13866,122570,8818,240963,9181,4471,4710
41125,254860,13868,122582,8819,240992,9181,4471,4710
41130,254891,13872,122598,8822,241018,9181,4471,4710
41135,254922,13878,122618,8828,241043,9181,4471,4710
41140,254953,13882,122631,8831,241070,9181,4471,4710
41145,254984,13884,122646,8832,241099,9181,4471,4710
41150,255015,13887,122661,8835,241128,9181,4471,4710
41155,255046,13887,122676,8835,241159,9181,4471,4710
41160,255077,13887,122692,8835,241190,9181,4471,4710
41165,255108,13887,122707,8835,241221,9181,4471,4710
41170,255139,13887,122721,8835,241252,9181,4471,4710
41175,255170,13887,122739,8835,241283,9181,4471,4710
41180,255201,13889,122752,8836,241312,9181,4471,4710
41185,255232,13891,122764,8837,241341,9181,4471,4710
41190,255263,13893,122775,8838,241370,9182,4471,4711
41195,255294,13895,122793,8839,241399,9183,4472,4711
41200,255325,13897,122807,8841,241428,9184,4472,4712
41205,255356,13899,122824,8842,241457,9185,4472,4713
41210,255387,13901,122835,8843,241486,9187,4474,4713
41215,255418,13903,122849,8845,241515,9189,4474,4715
41220,255449,13905,122865,8847,241544,9191,4475,4716
41225,255480,13906,122874,8847,241574,9193,4476,4717
41230,255511,13907,122889,8847,241603,9195,4476,4719
41235,255542,13909,122905,8848,241633,9197,4477,4720
41240,255573,13910,122918,8849,241663,9199,4479,4720
41245,255604,13911,122935,8850,241693,9201,4480,4721
41250,255635,13913,122951,8851,241722,9203,4480,4723
41255,255666,13916,122967,8852,241750,9205,4481,4724
41260,255697,13920,122984,8855,241777,9207,4481,4726
41265,255728,13924,122996,8857,241804,9209,4481,4728
41270,255759,13927,123009,8858,241832,9211,4482,4729
41275,255790,13931,123022,8860,241859,9213,4483,4730
41280,255821,13936,123039,8864,241885,9215,4484,4731
41285,255852,13937,123054,8865,241915,9216,4484,4732
41290,255883,13938,123068,8866,241945,9217,4484,4733
41295,255914,13940,123084,8868,241974,9218,4485,4733
41300,255945,13941,123102,8869,242004,9219,4486,4733
41305,255976,13943,123122,8871,242033,9220,4487,4733
41310,256007,13945,123137,8873,242062,9221,4487,4734
41315,256038,13947,123150,8874,242091,9222,4488,4734
41320,256069,13948,123163,8874,242121,9223,4488,4735
41325,256100,13949,123174,8874,242151,9224,4488,4736
41330,256131,13950,123194,8874,242181,9225,4489,4736
41335,256162,13951,123212,8874,242211,9226,4490,4736
41340,256193,13952,123224,8874,242241,9227,4490,4737
41345,256224,13954,123234,8876,242270,9228,4491,4737
41350,256255,13955,123251,8876,242299,9229,4492,4737
41355,256286,13958,123271,8879,242327,9230,4493,4737
41360,256317,13959,123287,8880,242358,9231,4494,4737
41365,256348,13959,123299,8880,242389,9232,4494,4738
41370,256379,13959,123312,8880,242420,9233,4495,4738
41375,256410,13959,123332,8880,242451,9234,4496,4738
41380,256441,13959,123348,8880,242482,9235,4496,4739
41385,256472,13959,123366,8880,242513,9236,4496,4740
41390,256503,13960,123383,8881,242543,9238,4497,4741
41395,256534,13962,123398,8883,242572,9240,4497,4743
41400,256565,13963,123414,8884,242602,9242,4499,4743
41405,256596,13966,123427,8887,242630,9244,4500,4744
41410,256627,13969,123440,8888,242658,9246,4501,4745
41415,256658,13972,123449,8888,242686,9248,4502,4746
41420,256689,13976,123467,8891,242713,9250,4504,4746
41425,256720,13979,123482,8893,242741,9252,4505,4747
41430,256751,13983,123496,8894,242768,9254,4506,4748
41435,256782,13987,123511,8896,242795,9256,4506,4750
41440,256813,13991,123529,8899,242822,9258,4506,4752
41445,256844,13995,123541,8900,242849,9260,4507,4753
41450,256875,13999,123553,8902,242876,9262,4507,4755
41455,256906,14002,123562,8904,242904,9264,4508,4756
41460,256937,14006,123579,8907,242931,9266,4509,4757
41465,256968,14008,123593,8909,242960,9268,4510,4758
41470,256999,14010,123607,8909,242989,9270,4511,4759
41475,257030,14012,123621,8911,243018,9271,4511,4760
41480,257061,14014,123636,8911,243047,9272,4512,4760
41485,257092,14016,123654,8911,243076,9273,4512,4761
41490,257123,14018,123667,8912,243105,9274,4513,4761
41495,257154,14020,123680,8912,243133,9275,4513,4762
41500,257185,14022,123693,8914,243163,9276,4513,4763
41505,257216,14022,123711,8914,243194,9277,4514,4763
41510,257247,14022,123724,8914,243225,9278,4514,4764
41515,257278,14022,123741,8914,243256,9279,4514,4765
41520,257309,14022,123755,8914,243287,9280,4514,4766
41525,257340,14023,123766,8914,243317,9281,4514,4767
41530,257371,14024,123778,8914,243347,9282,4515,4767
41535,257402,14025,123789,8914,243377,9283,4515,4768
41540,257433,14027,123810,8916,243406,9284,4516,4768
41545,257464,14028,123824,8917,243436,9285,4516,4769
41550,257495,14028,123840,8917,243467,9286,4516,4770
41555,257526,14028,123857,8917,243498,9287,4516,4771
41560,257557,14028,123873,8917,243529,9288,4516,4772
41565,257588,14030,123889,8919,243558,9289,4517,4772
41570,257619,14032,123905,8921,243587,9290,4518,4772
41575,257650,14033,123917,8921,243617,9292,4519,4773
41580,257681,14035,123934,8923,243646,9294,4520,4774
41585,257712,14039,123951,8926,243673,9295,4521,4774
41590,257743,14042,123966,8927,243701,9296,4522,4774
41595,257774,14045,123985,8929,243729,9297,4523,4774
41600,257805,14048,123997,8931,243757,9298,4524,4774
41605,257836,14051,124014,8934,243785,9299,4525,4774
41610,257867,14052,124022,8935,243815,9299,4525,4774
41615,257898,14054,124037,8936,243843,9299,4525,4774
41620,257929,14057,124048,8938,243872,9299,4525,4774
41625,257960,14059,124057,8939,243901,9299,4525,4774
41630,257991,14060,124068,8939,243931,9299,4525,4774
41635,258022,14062,124087,8940,243959,9299,4525,4774
41640,258053,14064,124103,8942,243989,9299,4525,4774
41645,258084,14064,124117,8942,244020,9299,4525,4774
41650,258115,14064,124128,8942,244051,9299,4525,4774
41655,258146,14065,124146,8943,244080,9299,4525,4774
41660,258177,14067,124162,8945,244109,9299,4525,4774
41665,258208,14069,124180,8946,244138,9299,4525,4774
41670,258239,14071,124197,8947,244167,9299,4525,4774
41675,258270,14073,124209,8949,244196,9299,4525,4774
41680,258301,14075,124222,8951,244225,9299,4525,4774
41685,258332,14077,124234,8953,244255,9299,4525,4774
41690,258363,14078,124245,8954,244284,9300,4525,4775
41695,258394,14080,124263,8956,244314,9301,4526,4775
41700,258425,14081,124275,8957,244344,9302,4526,4776
41705,258456,14084,124294,8959,244372,9303,4527,4776
41710,258487,14086,124306,8959,244401,9305,4527,4778
41715,258518,14089,124323,8961,244429,9307,4528,4779
41720,258549,14092,124341,8964,244457,9309,4529,4780
41725,258580,14096,124362,8967,244484,9311,4530,4781
41730,258611,14099,124377,8969,244512,9313,4532,4781
41735,258642,14101,124391,8971,244541,9315,4532,4783
41740,258673,14103,124404,8973,244570,9317,4533,4784
41745,258704,14106,124418,8974,244598,9319,4533,4786
41750,258735,14108,124434,8976,244627,9321,4535,4786
41755,258766,14110,124450,8977,244656,9323,4537,4786
41760,258797,14113,124466,8980,244684,9325,4538,4787
41765,258828,14114,124478,8981,244714,9327,4538,4789
41770,258859,14116,124490,8983,244743,9328,4538,4790
41775,258890,14118,124513,8985,244772,9329,4539,4790
41780,258921,14119,124530,8986,244802,9330,4539,4791
41785,258952,14120,124544,8986,244832,9331,4539,4792
41790,258983,14122,124559,8987,244861,9332,4539,4793
41795,259014,14125,124579,8989,244889,9333,4540,4793
41800,259045,14126,124589,8989,244919,9334,4540,4794
41805,259076,14127,124602,8989,244948,9335,4540,4795
41810,259107,14129,124622,8991,244978,9336,4541,4795
41815,259138,14130,124637,8991,245008,9337,4541,4796
41820,259169,14132,124651,8992,245037,9338,4542,4796
41825,259200,14134,124664,8992,245066,9339,4543,4796
41830,259231,14137,124679,8994,245094,9340,4543,4797
41835,259262,14140,124695,8995,245122,9341,4543,4798
41840,259293,14143,124713,8997,245150,9342,4543,4799
41845,259324,14145,124729,8998,245179,9343,4543,4800
41850,259355,14147,124745,8999,245208,9344,4543,4801
41855,259386,14150,124756,9000,245236,9345,4544,4801
41860,259417,14153,124774,9003,245264,9346,4545,4801
41865,259448,14155,124790,9005,245293,9347,4546,4801
41870,259479,14158,124805,9007,245321,9349,4546,4803
41875,259510,14160,124822,9009,245350,9351,4546,4805
41880,259541,14161,124839,9010,245380,9353,4546,4807
41885,259572,14162,124851,9010,245410,9354,4546,4808
41890,259603,14162,124869,9010,245441,9355,4546,4809
41895,259634,14162,124886,9010,245472,9356,4547,4809
41900,259665,14162,124905,9010,245503,9357,4547,4810
41905,259696,14162,124921,9010,245534,9358,4547,4811
41910,259727,14162,124934,9010,245565,9359,4548,4811
41915,259758,14162,124949,9010,245596,9360,4549,4811
41920,259789,14162,124964,9010,245627,9361,4549,4812
41925,259820,14162,124977,9010,245658,9362,4550,4812
41930,259851,14162,124989,9010,245689,9363,4550,4813
41935,259882,14164,125008,9012,245718,9364,4551,4813
41940,259913,14165,125022,9012,245748,9365,4551,4814
41945,259944,14168,125033,9013,245775,9365,4551,4814
41950,259975,14173,125047,9017,245802,9365,4551,4814
41955,260006,14174,125065,9018,245831,9365,4551,4814
41960,260037,14176,125080,9020,245861,9365,4551,4814
41965,260068,14177,125097,9021,245890,9365,4551,4814
41970,260099,14179,125111,9023,245920,9365,4551,4814
41975,260130,14180,125129,9023,245950,9365,4551,4814
41980,260161,14181,125146,9023,245980,9365,4551,4814
41985,260192,14182,125162,9024,246010,9365,4551,4814
41990,260223,14186,125177,9028,246037,9366,4552,4814
41995,260254,14191,125194,9031,246063,9367,4552,4815
42000,260285,14194,125210,9033,246091,9368,4552,4816
42005,260316,14196,125223,9034,246120,9369,4552,4817
42010,260347,14198,125240,9035,246149,9370,4552,4818
42015,260378,14199,125260,9036,246179,9371,4552,4819
42020,260409,14200,125278,9037,246209,9372,4552,4820
42025,260440,14201,125296,9038,246239,9373,4553,4820
42030,260471,14203,125311,9039,246268,9374,4553,4821
42035,260502,14204,125325,9039,246298,9375,4553,4822
42040,260533,14205,125342,9039,246328,9376,4554,4822
42045,260564,14206,125357,9039,246358,9377,4555,4822
42050,260595,14207,125369,9039,246388,9378,4556,4822
42055,260626,14209,125386,9041,246417,9379,4557,4822
42060,260657,14211,125399,9042,246446,9380,4557,4823
42065,260688,14213,125415,9044,246475,9381,4557,4824
42070,260719,14216,125433,9046,246502,9382,4557,4825
42075,260750,14219,125450,9049,246530,9383,4558,4825
42080,260781,14223,125467,9052,246557,9384,4558,4826
42085,260812,14227,125482,9054,246585,9385,4559,4826
42090,260843,14229,125501,9055,246614,9386,4560,4826
42095,260874,14231,125517,9057,246642,9387,4560,4827
42100,260905,14234,125529,9060,246671,9388,4561,4827
42105,260936,14236,125544,9061,246700,9390,4563,4827
42110,260967,14238,125561,9062,246728,9392,4563,4829
42115,260998,14243,125574,9065,246755,9394,4564,4830
42120,261029,14245,125589,9065,246783,9396,4566,4830
42125,261060,14248,125606,9067,246812,9397,4567,4830
42130,261091,14249,125622,9068,246842,9398,4568,4830
42135,261122,14250,125637,9068,246872,9399,4569,4830
42140,261153,14251,125653,9069,246902,9400,4569,4831
42145,261184,14252,125671,9070,246932,9400,4569,4831
42150,261215,14252,125689,9070,246963,9400,4569,4831
42155,261246,14252,125703,9070,246994,9400,4569,4831
42160,261277,14252,125715,9070,247025,9400,4569,4831
42165,261308,14252,125731,9070,247056,9400,4569,4831
42170,261339,14252,125743,9070,247087,9400,4569,4831
42175,261370,14252,125755,9070,247118,9400,4569,4831
42180,261401,14252,125774,9070,247149,9400,4569,4831
42185,261432,14252,125787,9070,247180,9400,4569,4831
42190,261463,14252,125802,9070,247211,9400,4569,4831
42195,261494,14252,125817,9070,247242,9400,4569,4831
42200,261525,14252,125834,9070,247273,9400,4569,4831
42205,261556,14252,125849,9070,247304,9400,4569,4831
42210,261587,14252,125864,9070,247335,9400,4569,4831
42215,261618,14252,125879,9070,247366,9400,4569,4831
42220,261649,14252,125895,9070,247397,9400,4569,4831
42225,261680,14252,125911,9070,247428,9400,4569,4831
42230,261711,14253,125928,9071,247458,9401,4569,4832
42235,261742,14255,125941,9071,247487,9402,4570,4832
42240,261773,14257,125956,9073,247516,9403,4571,4832
42245,261804,14260,125978,9074,247543,9405,4571,4834
42250,261835,14264,125999,9076,247571,9407,4572,4835
42255,261866,14268,126018,9078,247598,9409,4573,4836
42260,261897,14271,126034,9080,247626,9411,4575,4836
42265,261928,14275,126052,9083,247653,9413,4576,4837
42270,261959,14278,126069,9085,247681,9415,4577,4838
42275,261990,14282,126087,9088,247708,9417,4578,4839
42280,262021,14285,126102,9089,247736,9419,4579,4840
42285,262052,14290,126118,9092,247762,9421,4580,4841
42290,262083,14293,126133,9093,247790,9423,4580,4843
42295,262114,14298,126151,9096,247816,9425,4581,4844
42300,262145,14303,126165,9100,247842,9427,4583,4844
42305,262176,14306,126177,9101,247870,9429,4583,4846
42310,262207,14308,126189,9102,247899,9430,4583,4847
42315,262238,14309,126205,9103,247929,9431,4584,4847
42320,262269,14310,126222,9104,247959,9432,4585,4847
42325,262300,14311,126239,9105,247989,9433,4586,4847
42330,262331,14313,126251,9107,248018,9434,4586,4848
42335,262362,14315,126273,9109,248047,9435,4586,4849
42340,262393,14316,126287,9109,248077,9436,4587,4849
42345,262424,14318,126300,9110,248106,9437,4588,4849
42350,262455,14320,126313,9111,248135,9438,4589,4849
42355,262486,14321,126331,9112,248165,9439,4590,4849
42360,262517,14321,126348,9112,248196,9440,4591,4849
42365,262548,14321,126361,9112,248227,9441,4591,4850
42370,262579,14321,126378,9112,248258,9442,4591,4851
42375,262610,14321,126397,9112,248289,9443,4592,4851
42380,262641,14321,126414,9112,248320,9444,4592,4852
42385,262672,14321,126435,9112,248351,9445,4593,4852
42390,262703,14321,126450,9112,248382,9446,4593,4853
42395,262734,14321,126465,9112,248413,9447,4594,4853
42400,262765,14321,126484,9112,248444,9448,4595,4853
42405,262796,14321,126499,9112,248475,9449,4595,4854
42410,262827,14323,126515,9114,248504,9451,4596,4855
42415,262858,14325,126531,9115,248533,9453,4597,4856
42420,262889,14328,126546,9116,248561,9455,4599,4856
42425,262920,14330,126555,9117,248590,9457,4601,4856
42430,262951,14334,126575,9120,248617,9459,4601,4858
42435,262982,14337,126589,9121,248645,9461,4602,4859
42440,263013,14339,126603,9122,248674,9463,4603,4860
42445,263044,14341,126621,9124,248703,9465,4604,4861
42450,263075,14343,126635,9124,248732,9467,4605,4862
42455,263106,14346,126654,9127,248760,9469,4606,4863
42460,263137,14349,126674,9130,248788,9471,4608,4863
42465,263168,14352,126689,9133,248816,9473,4610,4863
42470,263199,14356,126704,9136,248843,9475,4611,4864
42475,263230,14359,126719,9138,248870,9477,4612,4865
42480,263261,14363,126731,9140,248898,9479,4614,4865
42485,263292,14365,126747,9141,248927,9479,4614,4865
42490,263323,14367,126764,9142,248956,9479,4614,4865
42495,263354,14368,126783,9143,248986,9479,4614,4865
42500,263385,14369,126796,9144,249016,9479,4614,4865
42505,263416,14370,126812,9144,249046,9479,4614,4865
42510,263447,14371,126830,9145,249076,9479,4614,4865
42515,263478,14372,126846,9146,249106,9479,4614,4865
42520,263509,14373,126865,9146,249136,9479,4614,4865
42525,263540,14374,126887,9147,249166,9479,4614,4865
42530,263571,14375,126903,9147,249196,9479,4614,4865
42535,263602,14376,126914,9147,249226,9479,4614,4865
42540,263633,14377,126929,9148,249256,9479,4614,4865
42545,263664,14378,126942,9148,249286,9480,4615,4865
42550,263695,14379,126957,9149,249316,9481,4616,4865
42555,263726,14380,126971,9149,249346,9482,4616,4866
42560,263757,14381,126984,9150,249376,9483,4617,4866
42565,263788,14382,126998,9151,249406,9484,4617,4867
42570,263819,14383,127005,9151,249436,9485,4617,4868
42575,263850,14384,127020,9152,249466,9486,4618,4868
42580,263881,14385,127033,9153,249496,9487,4618,4869
42585,263912,14386,127046,9153,249526,9488,4618,4870
42590,263943,14388,127053,9154,249555,9489,4618,4871
42595,263974,14392,127066,9156,249582,9490,4619,4871
42600,264005,14396,127083,9158,249609,9491,4620,4871
42605,264036,14399,127096,9160,249636,9492,4621,4871
42610,264067,14403,127109,9162,249663,9493,4621,4872
42615,264098,14407,127127,9165,249691,9494,4622,4872
42620,264129,14410,127144,9167,249719,9495,4623,4872
42625,264160,14414,127157,9169,249746,9496,4624,4872
42630,264191,14417,127179,9172,249774,9497,4624,4873
42635,264222,14419,127193,9172,249803,9498,4624,4874
42640,264253,14422,127209,9173,249831,9499,4625,4874
42645,264284,14426,127227,9177,249858,9501,4627,4874
42650,264315,14430,127248,9180,249885,9503,4628,4875
42655,264346,14432,127261,9181,249914,9505,4628,4877
42660,264377,14436,127277,9184,249941,9507,4628,4879
42665,264408,14437,127289,9185,249971,9509,4629,4880
42670,264439,14439,127306,9187,250000,9511,4630,4881
42675,264470,14440,127315,9188,250030,9513,4630,4883
42680,264501,14441,127332,9189,250060,9515,4630,4885
42685,264532,14441,127346,9189,250091,9517,4631,4886
42690,264563,14441,127360,9189,250122,9519,4632,4887
42695,264594,14441,127377,9189,250153,9521,4633,4888
42700,264625,14441,127392,9189,250184,9523,4633,4890
42705,264656,14441,127411,9189,250215,9525,4634,4891
42710,264687,14441,127426,9189,250246,9527,4634,4893
42715,264718,14441,127440,9189,250277,9528,4634,4894
42720,264749,14441,127457,9189,250308,9529,4635,4894
42725,264780,14445,127471,9193,250335,9530,4635,4895
42730,264811,14448,127488,9195,250363,9531,4635,4896
42735,264842,14453,127500,9198,250389,9532,4635,4897
42740,264873,14454,127514,9198,250419,9533,4635,4898
42745,264904,14456,127529,9199,250448,9534,4635,4899
42750,264935,14458,127544,9200,250477,9535,4636,4899
42755,264966,14459,127554,9200,250507,9536,4636,4900
42760,264997,14460,127568,9200,250537,9537,4636,4901
42765,265028,14461,127577,9201,250567,9538,4637,4901
42770,265059,14461,127588,9201,250598,9539,4637,4902
42775,265090,14461,127601,9201,250629,9540,4637,4903
42780,265121,14462,127617,9201,250659,9541,4638,4903
42785,265152,14464,127639,9202,250688,9541,4638,4903
42790,265183,14466,127656,9204,250717,9541,4638,4903
42795,265214,14467,127669,9205,250747,9541,4638,4903
42800,265245,14468,127685,9206,250777,9541,4638,4903
42805,265276,14469,127695,9207,250807,9541,4638,4903
42810,265307,14470,127712,9208,250837,9541,4638,4903
42815,265338,14471,127725,9208,250867,9542,4638,4904
42820,265369,14472,127742,9209,250897,9543,4638,4905
42825,265400,14473,127755,9210,250927,9544,4639,4905
42830,265431,14474,127766,9210,250957,9545,4639,4906
42835,265462,14475,127782,9210,250987,9546,4640,4906
42840,265493,14478,127797,9212,251015,9547,4640,4907
42845,265524,14482,127810,9214,251042,9549,4642,4907
42850,265555,14486,127824,9217,251069,9551,4642,4909
42855,265586,14490,127838,9220,251096,9552,4643,4909
42860,265617,14492,127851,9221,251125,9553,4643,4910
42865,265648,14495,127868,9224,251153,9554,4643,4911
42870,265679,14499,127888,9227,251180,9555,4644,4911
42875,265710,14503,127901,9229,251207,9556,4644,4912
42880,265741,14505,127913,9230,251236,9557,4645,4912
42885,265772,14508,127935,9232,251264,9558,4646,4912
42890,265803,14510,127949,9233,251292,9559,4646,4913
42895,265834,14512,127966,9234,251322,9560,4647,4913
42900,265865,14513,127981,9235,251352,9561,4648,4913
42905,265896,14514,128001,9236,251382,9562,4649,4913
42910,265927,14515,128016,9237,251412,9563,4649,4914
42915,265958,14516,128030,9237,251442,9564,4649,4915
42920,265989,14517,128049,9238,251472,9565,4649,4916
42925,266020,14518,128067,9239,251502,9566,4649,4917
42930,266051,14519,128084,9239,251532,9567,4649,4918
42935,266082,14520,128103,9240,251562,9568,4650,4918
42940,266113,14521,128114,9240,251592,9569,4650,4919
42945,266144,14522,128129,9240,251622,9570,4650,4920
42950,266175,14523,128144,9241,251652,9571,4650,4921
42955,266206,14524,128156,9242,251682,9573,4650,4923
42960,266237,14525,128170,9242,251712,9575,4651,4924
42965,266268,14528,128188,9244,251740,9577,4652,4925
42970,266299,14531,128196,9245,251768,9579,4653,4926
42975,266330,14534,128209,9247,251796,9581,4653,4928
42980,266361,14537,128224,9249,251824,9583,4653,4930
42985,266392,14541,128247,9253,251851,9585,4654,4931
42990,266423,14544,128266,9255,251879,9587,4656,4931
42995,266454,14547,128281,9256,251907,9589,4656,4933
43000,266485,14551,128298,9259,251934,9591,4657,4934
43005,266516,14555,128315,9262,251961,9593,4658,4935
43010,266547,14559,128330,9266,251987,9595,4659,4936
43015,266578,14563,128338,9268,252015,9597,4661,4936
43020,266609,14568,128354,9270,252040,9599,4663,4936
43025,266640,14572,128370,9274,252068,9601,4663,4938
43030,266671,14573,128386,9275,252098,9602,4664,4938
43035,266702,14574,128403,9275,252128,9603,4664,4939
43040,266733,14575,128415,9275,252158,9604,4665,4939
43045,266764,14576,128431,9275,252188,9605,4665,4940
43050,266795,14577,128450,9276,252218,9606,4665,4941
43055,266826,14578,128464,9276,252248,9607,4666,4941
43060,266857,14579,128479,9276,252278,9608,4667,4941
43065,266888,14580,128495,9276,252308,9609,4668,4941
43070,266919,14581,128508,9277,252338,9610,4669,4941
43075,266950,14582,128524,9277,252368,9611,4669,4942
43080,266981,14583,128541,9278,252398,9612,4670,4942
43085,267012,14584,128556,9278,252428,9613,4670,4943
43090,267043,14585,128574,9278,252458,9614,4671,4943
43095,267074,14586,128590,9278,252488,9615,4671,4944
43100,267105,14587,128611,9279,252518,9616,4672,4944
43105,267136,14588,128625,9279,252548,9617,4672,4945
43110,267167,14589,128640,9279,252578,9618,4673,4945
43115,267198,14590,128655,9279,252608,9619,4673,4946
43120,267229,14591,128669,9280,252638,9620,4674,4946
43125,267260,14592,128685,9281,252667,9621,4674,4947
43130,267291,14595,128698,9283,252696,9622,4675,4947
43135,267322,14597,128710,9284,252724,9624,4675,4949
43140,267353,14601,128726,9287,252751,9626,4677,4949
43145,267384,14604,128738,9290,252780,9626,4677,4949
43150,267415,14604,128753,9290,252811,9626,4677,4949
43155,267446,14604,128767,9290,252842,9626,4677,4949
43160,267477,14604,128782,9290,252873,9626,4677,4949
43165,267508,14604,128795,9290,252904,9626,4677,4949
43170,267539,14604,128808,9290,252935,9626,4677,4949
43175,267570,14604,128818,9290,252966,9626,4677,4949
43180,267601,14604,128832,9290,252997,9626,4677,4949
43185,267632,14604,128847,9290,253028,9626,4677,4949
43190,267663,14604,128861,9290,253059,9626,4677,4949
43195,267694,14604,128879,9290,253090,9626,4677,4949
43200,267725,14604,128896,9290,253121,9626,4677,4949
43205,267756,14604,128915,9290,253152,9626,4677,4949
43210,267787,14604,128934,9290,253183,9626,4677,4949
43215,267818,14604,128948,9290,253214,9626,4677,4949
43220,267849,14604,128968,9290,253245,9626,4677,4949
43225,267880,14604,128983,9290,253276,9626,4677,4949
43230,267911,14604,128995,9290,253307,9626,4677,4949
43235,267942,14604,129010,9290,253338,9626,4677,4949
43240,267973,14604,129025,9290,253369,9626,4677,4949
43245,268004,14605,129039,9291,253399,9627,4677,4950
43250,268035,14610,129057,9294,253425,9629,4678,4951
43255,268066,14617,129070,9299,253449,9631,4679,4952
43260,268097,14622,129084,9302,253475,9633,4680,4953
43265,268128,14624,129101,9303,253504,9635,4680,4955
43270,268159,14625,129121,9304,253534,9636,4681,4955
43275,268190,14627,129134,9305,253563,9637,4682,4955
43280,268221,14628,129148,9306,253593,9638,4682,4956
43285,268252,14629,129165,9307,253623,9639,4683,4956
43290,268283,14629,129182,9307,253654,9640,4684,4956
43295,268314,14629,129199,9307,253685,9641,4685,4956
43300,268345,14629,129212,9307,253716,9642,4686,4956
43305,268376,14629,129227,9307,253747,9643,4686,4957
43310,268407,14629,129241,9307,253778,9644,4686,4958
43315,268438,14629,129255,9307,253809,9645,4687,4958
43320,268469,14629,129266,9307,253840,9646,4687,4959
43325,268500,14629,129283,9307,253871,9647,4687,4960
43330,268531,14629,129295,9307,253902,9648,4687,4961
43335,268562,14629,129307,9307,253933,9649,4688,4961
43340,268593,14629,129323,9307,253964,9650,4689,4961
43345,268624,14629,129342,9307,253995,9651,4689,4962
43350,268655,14629,129359,9307,254026,9652,4690,4962
43355,268686,14629,129372,9307,254057,9653,4690,4963
43360,268717,14629,129390,9307,254088,9654,4691,4963
43365,268748,14629,129408,9307,254119,9655,4691,4964
43370,268779,14632,129425,9310,254147,9657,4692,4965
43375,268810,14636,129437,9313,254174,9659,4693,4966
43380,268841,14640,129449,9315,254201,9661,4693,4968
43385,268872,14642,129467,9315,254230,9663,4694,4969
43390,268903,14645,129483,9318,254258,9665,4694,4971
43395,268934,14647,129499,9318,254287,9667,4695,4972
43400,268965,14649,129515,9319,254316,9669,4696,4973
43405,268996,14651,129533,9320,254345,9671,4697,4974
43410,269027,14653,129551,9320,254374,9672,4698,4974
43415,269058,14655,129562,9322,254403,9673,4698,4975
43420,269089,14657,129578,9322,254432,9674,4699,4975
43425,269120,14660,129595,9324,254460,9675,4699,4976
43430,269151,14662,129612,9325,254489,9676,4699,4977
43435,269182,14664,129624,9327,254518,9677,4699,4978
43440,269213,14667,129638,9329,254546,9678,4699,4979
43445,269244,14669,129650,9329,254575,9679,4699,4980
43450,269275,14671,129662,9329,254604,9680,4699,4981
43455,269306,14673,129682,9330,254633,9681,4700,4981
43460,269337,14675,129694,9331,254662,9682,4701,4981
43465,269368,14677,129709,9332,254691,9683,4702,4981
43470,269399,14679,129722,9333,254720,9684,4702,4982
43475,269430,14681,129736,9334,254749,9685,4703,4982
43480,269461,14683,129751,9334,254777,9686,4704,4982
43485,269492,14687,129765,9337,254804,9687,4704,4983
43490,269523,14692,129780,9340,254831,9688,4705,4983
43495,269554,14696,129793,9344,254857,9689,4706,4983
43500,269585,14702,129806,9347,254883,9690,4706,4984
43505,269616,14704,129823,9348,254912,9690,4706,4984
43510,269647,14705,129835,9349,254942,9691,4707,4984
43515,269678,14706,129849,9350,254972,9692,4708,4984
43520,269709,14707,129866,9350,255002,9693,4709,4984
43525,269740,14708,129879,9350,255032,9694,4709,4985
43530,269771,14709,129898,9351,255062,9695,4710,4985
43535,269802,14710,129910,9351,255092,9696,4711,4985
43540,269833,14711,129922,9352,255122,9697,4712,4985
43545,269864,14712,129934,9352,255152,9698,4713,4985
43550,269895,14714,129951,9354,255181,9699,4714,4985
43555,269926,14716,129964,9356,255210,9700,4714,4986
43560,269957,14716,129979,9356,255241,9701,4714,4987
43565,269988,14716,129995,9356,255272,9703,4714,4989
43570,270019,14716,130010,9356,255303,9704,4715,4989
43575,270050,14716,130017,9356,255334,9705,4715,4990
43580,270081,14716,130031,9356,255365,9706,4715,4991
43585,270112,14716,130047,9356,255396,9707,4715,4992
43590,270143,14716,130067,9356,255427,9708,4716,4992
43595,270174,14716,130082,9356,255458,9709,4717,4992
43600,270205,14716,130098,9356,255489,9710,4717,4993
43605,270236,14716,130113,9356,255520,9711,4717,4994
43610,270267,14717,130128,9357,255550,9712,4717,4995
43615,270298,14719,130140,9358,255579,9713,4717,4996
43620,270329,14723,130155,9361,255605,9714,4718,4996
43625,270360,14727,130167,9363,255633,9715,4718,4997
43630,270391,14730,130181,9365,255661,9716,4718,4998
43635,270422,14732,130192,9365,255690,9717,4718,4999
43640,270453,14735,130207,9367,255718,9718,4718,5000
43645,270484,14738,130221,9370,255746,9719,4719,5000
43650,270515,14741,130232,9372,255774,9720,4719,5001
43655,270546,14745,130245,9375,255801,9721,4719,5002
43660,270577,14748,130264,9378,255829,9722,4720,5002
43665,270608,14749,130278,9378,255859,9723,4721,5002
43670,270639,14750,130292,9378,255889,9725,4722,5003
43675,270670,14751,130303,9378,255919,9727,4722,5005
43680,270701,14752,130314,9379,255949,9729,4723,5006
43685,270732,14752,130324,9379,255980,9731,4723,5008
43690,270763,14752,130340,9379,256011,9733,4724,5009
43695,270794,14752,130348,9379,256042,9735,4724,5011
43700,270825,14752,130362,9379,256073,9736,4724,5012
43705,270856,14752,130377,9379,256104,9737,4724,5013
43710,270887,14752,130391,9379,256135,9738,4725,5013
43715,270918,14752,130407,9379,256166,9739,4725,5014
43720,270949,14752,130422,9379,256197,9740,4725,5015
43725,270980,14752,130435,9379,256228,9741,4726,5015
43730,271011,14753,130447,9379,256258,9742,4726,5016
43735,271042,14754,130465,9379,256288,9743,4726,5017
43740,271073,14755,130482,9380,256318,9744,4726,5018
43745,271104,14757,130493,9381,256347,9744,4726,5018
43750,271135,14759,130510,9382,256376,9744,4726,5018
43755,271166,14760,130523,9382,256406,9744,4726,5018
43760,271197,14761,130538,9383,256436,9744,4726,5018
43765,271228,14762,130558,9384,256466,9744,4726,5018
43770,271259,14764,130574,9384,256495,9744,4726,5018
43775,271290,14767,130593,9386,256523,9744,4726,5018
43780,271321,14769,130607,9387,256552,9744,4726,5018
43785,271352,14771,130620,9388,256581,9744,4726,5018
43790,271383,14775,130632,9390,256608,9744,4726,5018
43795,271414,14778,130647,9393,256636,9744,4726,5018
43800,271445,14782,130663,9396,256663,9745,4727,5018
43805,271476,14786,130677,9400,256690,9746,4727,5019
43810,271507,14788,130691,9401,256719,9747,4727,5020
43815,271538,14789,130703,9401,256749,9748,4728,5020
43820,271569,14790,130720,9401,256779,9749,4728,5021
43825,271600,14791,130736,9402,256809,9750,4728,5022
43830,271631,14792,130754,9402,256839,9751,4728,5023
43835,271662,14794,130771,9404,256868,9752,4729,5023
43840,271693,14796,130788,9405,256897,9753,4729,5024
43845,271724,14797,130805,9406,256927,9754,4730,5024
43850,271755,14798,130820,9407,256957,9755,4731,5024
43855,271786,14799,130837,9408,256987,9756,4731,5025
43860,271817,14801,130851,9409,257016,9757,4731,5026
43865,271848,14802,130864,9410,257046,9758,4731,5027
43870,271879,14803,130876,9411,257076,9759,4731,5028
43875,271910,14805,130894,9413,257105,9760,4731,5029
43880,271941,14807,130909,9414,257134,9761,4732,5029
43885,271972,14809,130924,9415,257163,9762,4733,5029
43890,272003,14811,130936,9417,257192,9763,4733,5030
43895,272034,14813,130950,9419,257221,9764,4733,5031
43900,272065,14814,130963,9420,257251,9765,4733,5032
43905,272096,14816,130973,9421,257280,9766,4733,5033
43910,272127,14817,130985,9421,257310,9767,4734,5033
43915,272158,14820,130999,9424,257338,9768,4734,5034
43920,272189,14823,131013,9426,257366,9769,4734,5035
43925,272220,14824,131026,9426,257396,9770,4734,5036
43930,272251,14825,131040,9426,257426,9771,4734,5037
43935,272282,14827,131055,9428,257455,9772,4734,5038
43940,272313,14829,131074,9430,257484,9773,4735,5038
43945,272344,14830,131088,9430,257514,9774,4736,5038
43950,272375,14832,131105,9431,257543,9775,4736,5039
43955,272406,14835,131119,9432,257571,9776,4737,5039
43960,272437,14838,131133,9434,257599,9777,4737,5040
43965,272468,14840,131147,9436,257628,9778,4737,5041
43970,272499,14843,131162,9438,257656,9779,4737,5042
43975,272530,14845,131176,9438,257685,9780,4738,5042
43980,272561,14847,131191,9438,257714,9781,4738,5043
43985,272592,14850,131208,9440,257742,9782,4738,5044
43990,272623,14852,131221,9441,257771,9783,4739,5044
43995,272654,14853,131239,9442,257801,9784,4739,5045
44000,272685,14854,131255,9443,257831,9785,4739,5046
44005,272716,14855,131268,9443,257861,9786,4739,5047
44010,272747,14856,131285,9444,257891,9788,4739,5049
44015,272778,14858,131300,9446,257920,9790,4740,5050
44020,272809,14859,131308,9446,257950,9792,4740,5052
44025,272840,14861,131324,9447,257979,9794,4740,5054
44030,272871,14863,131334,9447,258008,9796,4741,5055
44035,272902,14865,131353,9447,258036,9798,4742,5056
44040,272933,14869,131365,9449,258063,9800,4743,5057
44045,272964,14872,131375,9451,258092,9801,4743,5058
44050,272995,14874,131393,9453,258121,9802,4744,5058
44055,273026,14876,131410,9454,258150,9803,4744,5059
44060,273057,14879,131427,9457,258178,9804,4745,5059
44065,273088,14881,131445,9458,258207,9805,4746,5059
44070,273119,14883,131460,9459,258236,9806,4746,5060
44075,273150,14883,131475,9459,258267,9806,4746,5060
44080,273181,14883,131493,9459,258298,9806,4746,5060
44085,273212,14883,131513,9459,258329,9806,4746,5060
44090,273243,14883,131527,9459,258360,9806,4746,5060
44095,273274,14883,131539,9459,258391,9806,4746,5060
44100,273305,14884,131560,9459,258421,9806,4746,5060
44105,273336,14885,131572,9459,258451,9806,4746,5060
44110,273367,14887,131586,9460,258480,9806,4746,5060
44115,273398,14888,131603,9460,258510,9806,4746,5060
44120,273429,14890,131617,9461,258539,9806,4746,5060
44125,273460,14891,131627,9461,258569,9806,4746,5060
44130,273491,14892,131643,9462,258599,9806,4746,5060
44135,273522,14894,131661,9464,258628,9806,4746,5060
44140,273553,14895,131681,9465,258658,9806,4746,5060
44145,273584,14897,131698,9467,258687,9807,4746,5061
44150,273615,14900,131715,9468,258715,9808,4747,5061
44155,273646,14904,131732,9470,258742,9809,4747,5062
44160,273677,14908,131748,9473,258769,9810,4748,5062
44165,273708,14910,131766,9473,258798,9811,4748,5063
44170,273739,14912,131785,9474,258827,9812,4749,5063
44175,273770,14914,131803,9475,258856,9814,4751,5063
44180,273801,14916,131817,9477,258885,9816,4753,5063
44185,273832,14918,131830,9478,258914,9818,4753,5065
44190,273863,14921,131848,9479,258942,9820,4754,5066
44195,273894,14923,131861,9481,258971,9822,4754,5068
44200,273925,14925,131873,9482,259000,9824,4756,5068
44205,273956,14927,131892,9484,259029,9826,4756,5070
44210,273987,14930,131913,9487,259057,9828,4757,5071
44215,274018,14933,131930,9489,259085,9830,4759,5071
44220,274049,14934,131945,9490,259115,9832,4761,5071
44225,274080,14934,131963,9490,259146,9834,4763,5071
44230,274111,14934,131982,9490,259177,9836,4764,5072
44235,274142,14934,131996,9490,259208,9838,4764,5074
44240,274173,14934,132015,9490,259239,9840,4766,5074
44245,274204,14934,132028,9490,259270,9842,4766,5076
44250,274235,14934,132037,9490,259301,9844,4766,5078
44255,274266,14934,132049,9490,259332,9846,4768,5078
44260,274297,14934,132063,9490,259363,9848,4769,5079
44265,274328,14934,132080,9490,259394,9850,4771,5079
44270,274359,14936,132096,9492,259422,9852,4772,5080
44275,274390,14938,132106,9493,259452,9853,4773,5080
44280,274421,14939,132121,9493,259482,9854,4773,5081
44285,274452,14942,132135,9494,259510,9855,4774,5081
44290,274483,14945,132158,9495,259538,9856,4774,5082
44295,274514,14948,132176,9496,259566,9857,4775,5082
44300,274545,14951,132192,9498,259594,9858,4776,5082
44305,274576,14954,132210,9501,259622,9859,4777,5082
44310,274607,14957,132225,9502,259650,9860,4778,5082
44315,274638,14960,132241,9503,259678,9861,4778,5083
44320,274669,14963,132254,9506,259706,9862,4778,5084
44325,274700,14966,132264,9506,259734,9863,4778,5085
44330,274731,14969,132278,9507,259762,9864,4778,5086
44335,274762,14972,132295,9509,259790,9865,4778,5087
44340,274793,14975,132309,9509,259818,9866,4778,5088
44345,274824,14978,132326,9511,259846,9867,4779,5088
44350,274855,14981,132340,9512,259874,9868,4780,5088
44355,274886,14984,132352,9513,259902,9869,4781,5088
44360,274917,14987,132365,9515,259930,9870,4782,5088
44365,274948,14990,132374,9517,259958,9871,4783,5088
44370,274979,14993,132388,9518,259986,9872,4784,5088
44375,275010,14997,132400,9519,260013,9874,4785,5089
44380,275041,15000,132416,9521,260040,9876,4786,5090
44385,275072,15004,132427,9524,260067,9878,4787,5091
44390,275103,15009,132440,9528,260093,9880,4788,5092
44395,275134,15014,132453,9532,260120,9882,4789,5093
44400,275165,15019,132466,9536,260146,9884,4790,5094
44405,275196,15019,132486,9536,260177,9886,4792,5094
44410,275227,15019,132504,9536,260208,9887,4792,5095
44415,275258,15019,132521,9536,260239,9888,4793,5095
44420,275289,15019,132537,9536,260270,9889,4793,5096
44425,275320,15019,132549,9536,260301,9890,4794,5096
44430,275351,15019,132566,9536,260332,9891,4795,5096
44435,275382,15019,132581,9536,260363,9892,4795,5097
44440,275413,15019,132594,9536,260394,9893,4795,5098
44445,275444,15019,132610,9536,260425,9894,4795,5099
44450,275475,15019,132625,9536,260456,9895,4795,5100
44455,275506,15019,132640,9536,260487,9896,4796,5100
44460,275537,15019,132653,9536,260518,9897,4797,5100
44465,275568,15019,132667,9536,260549,9898,4798,5100
44470,275599,15019,132683,9536,260580,9899,4798,5101
44475,275630,15019,132694,9536,260611,9900,4799,5101
44480,275661,15019,132713,9536,260642,9901,4800,5101
44485,275692,15019,132726,9536,260673,9902,4800,5102
44490,275723,15019,132743,9536,260704,9903,4800,5103
44495,275754,15019,132755,9536,260735,9904,4800,5104
44500,275785,15019,132767,9536,260766,9905,4800,5105
44505,275816,15019,132781,9536,260797,9906,4801,5105
44510,275847,15022,132802,9537,260824,9908,4803,5105
44515,275878,15026,132811,9539,260852,9910,4803,5107
44520,275909,15029,132825,9542,260880,9912,4804,5108
44525,275940,15033,132843,9544,260907,9913,4805,5108
44530,275971,15037,132858,9548,260934,9914,4805,5109
44535,276002,15040,132872,9549,260962,9915,4806,5109
44540,276033,15044,132887,9552,260989,9916,4807,5109
44545,276064,15047,132899,9554,261017,9917,4807,5110
44550,276095,15050,132911,9557,261045,9918,4807,5111
44555,276126,15052,132929,9558,261074,9919,4808,5111
44560,276157,15054,132941,9559,261103,9919,4808,5111
44565,276188,15056,132956,9560,261132,9919,4808,5111
44570,276219,15059,132972,9562,261160,9919,4808,5111
44575,276250,15061,132983,9562,261189,9919,4808,5111
44580,276281,15064,133000,9565,261217,9919,4808,5111
44585,276312,15066,133016,9566,261246,9919,4808,5111
44590,276343,15067,133033,9566,261276,9919,4808,5111
44595,276374,15068,133044,9566,261306,9919,4808,5111
44600,276405,15069,133059,9566,261336,9919,4808,5111
44605,276436,15070,133074,9567,261366,9919,4808,5111
44610,276467,15071,133086,9567,261396,9919,4808,5111
44615,276498,15072,133103,9568,261426,9919,4808,5111
44620,276529,15073,133116,9569,261456,9919,4808,5111
44625,276560,15074,133129,9570,261485,9920,4809,5111
44630,276591,15076,133139,9571,261515,9921,4809,5112
44635,276622,15078,133160,9573,261543,9922,4810,5112
44640,276653,15080,133175,9575,261573,9923,4811,5112
44645,276684,15081,133187,9575,261603,9924,4811,5113
44650,276715,15083,133204,9577,261632,9925,4812,5113
44655,276746,15084,133218,9577,261662,9926,4812,5114
44660,276777,15086,133231,9578,261691,9928,4814,5114
44665,276808,15088,133245,9579,261720,9930,4814,5116
44670,276839,15089,133253,9579,261750,9932,4815,5117
44675,276870,15090,133267,9579,261780,9934,4815,5119
44680,276901,15091,133280,9579,261810,9936,4816,5120
44685,276932,15093,133290,9580,261839,9938,4816,5122
44690,276963,15095,133306,9581,261868,9940,4818,5122
44695,276994,15098,133319,9583,261896,9942,4819,5123
44700,277025,15101,133335,9584,261924,9944,4820,5124
44705,277056,15103,133342,9584,261953,9946,4820,5126
44710,277087,15106,133356,9586,261981,9948,4821,5127
44715,277118,15108,133367,9587,262010,9950,4823,5127
44720,277149,15111,133383,9590,262038,9952,4824,5128
44725,277180,15113,133398,9591,262067,9954,4826,5128
44730,277211,15115,133411,9592,262096,9956,4827,5129
44735,277242,15117,133431,9593,262125,9958,4828,5130
44740,277273,15118,133453,9594,262154,9960,4828,5132
44745,277304,15121,133468,9597,262183,9961,4828,5133
44750,277335,15124,133481,9599,262211,9962,4829,5133
44755,277366,15127,133496,9601,262238,9963,4830,5133
44760,277397,15130,133508,9603,262266,9964,4831,5133
44765,277428,15134,133519,9605,262294,9965,4832,5133
44770,277459,15137,133539,9608,262322,9966,4833,5133
44775,277490,15139,133556,9609,262351,9967,4833,5134
44780,277521,15143,133577,9612,262378,9968,4833,5135
44785,277552,15145,133588,9613,262407,9969,4833,5136
44790,277583,15148,133600,9615,262435,9970,4833,5137
44795,277614,15152,133623,9618,262462,9971,4834,5137
44800,277645,15155,133636,9620,262490,9972,4834,5138
44805,277676,15156,133650,9621,262520,9973,4834,5139
44810,277707,15157,133664,9621,262550,9974,4835,5139
44815,277738,15158,133678,9621,262580,9975,4836,5139
44820,277769,15159,133694,9621,262610,9976,4836,5140
44825,277800,15160,133709,9622,262640,9977,4837,5140
44830,277831,15161,133725,9622,262670,9978,4838,5140
44835,277862,15162,133739,9623,262700,9979,4839,5140
44840,277893,15163,133751,9624,262730,9980,4840,5140
44845,277924,15164,133764,9625,262760,9981,4841,5140
44850,277955,15165,133777,9625,262790,9983,4841,5142
44855,277986,15166,133791,9625,262820,9985,4842,5143
44860,278017,15167,133805,9625,262850,9987,4844,5143
44865,278048,15168,133822,9626,262880,9989,4846,5143
44870,278079,15170,133835,9627,262909,9991,4846,5145
44875,278110,15171,133844,9627,262939,9993,4846,5147
44880,278141,15173,133862,9629,262968,9995,4847,5148
44885,278172,15175,133874,9631,262997,9997,4848,5149
44890,278203,15177,133888,9633,263026,9999,4848,5151
44895,278234,15179,133904,9634,263055,10001,4850,5151
44900,278265,15181,133921,9635,263084,10003,4852,5151
44905,278296,15182,133943,9636,263114,10005,4854,5151
44910,278327,15186,133962,9639,263141,10007,4854,5153
44915,278358,15190,133973,9641,263168,10009,4854,5155
44920,278389,15193,133986,9643,263196,10011,4855,5156
44925,278420,15194,133995,9643,263226,10013,4857,5156
44930,278451,15196,134009,9645,263255,10015,4857,5158
44935,278482,15198,134023,9646,263284,10016,4857,5159
44940,278513,15200,134035,9647,263313,10017,4857,5160
44945,278544,15201,134048,9647,263342,10018,4858,5160
44950,278575,15203,134063,9648,263371,10019,4859,5160
44955,278606,15205,134081,9649,263400,10020,4859,5161
44960,278637,15208,134096,9652,263428,10021,4860,5161
44965,278668,15211,134111,9655,263456,10022,4860,5162
44970,278699,15214,134127,9657,263485,10023,4860,5163
44975,278730,15214,134140,9657,263516,10024,4861,5163
44980,278761,15214,134156,9657,263547,10025,4862,5163
44985,278792,15214,134171,9657,263578,10026,4862,5164
44990,278823,15214,134187,9657,263609,10027,4863,5164
44995,278854,15214,134205,9657,263640,10028,4863,5165
45000,278885,15214,134222,9657,263671,10029,4864,5165
45005,278916,15214,134233,9657,263702,10030,4865,5165
45010,278947,15214,134246,9657,263733,10031,4865,5166
45015,278978,15214,134265,9657,263764,10032,4866,5166
45020,279009,15214,134282,9657,263795,10033,4866,5167
45025,279040,15215,134292,9657,263825,10034,4866,5168
45030,279071,15216,134307,9658,263855,10035,4867,5168
45035,279102,15217,134319,9658,263885,10037,4868,5169
45040,279133,15218,134335,9659,263915,10039,4869,5170
45045,279164,15220,134348,9659,263944,10041,4871,5170
45050,279195,15224,134369,9661,263971,10043,4873,5170
45055,279226,15228,134385,9663,263998,10045,4874,5171
45060,279257,15231,134399,9665,264026,10047,4876,5171
45065,279288,15233,134417,9666,264055,10048,4876,5172
45070,279319,15235,134430,9667,264084,10048,4876,5172
45075,279350,15237,134445,9667,264113,10048,4876,5172
45080,279381,15239,134458,9669,264142,10048,4876,5172
45085,279412,15241,134471,9670,264171,10048,4876,5172
45090,279443,15243,134482,9670,264199,10048,4876,5172
45095,279474,15246,134497,9672,264228,10048,4876,5172
45100,279505,15249,134516,9674,264256,10048,4876,5172
45105,279536,15251,134527,9675,264285,10048,4876,5172
45110,279567,15253,134540,9676,264314,10048,4876,5172
45115,279598,15255,134553,9678,264343,10048,4876,5172
45120,279629,15258,134563,9679,264371,10048,4876,5172
45125,279660,15260,134580,9680,264400,10049,4876,5173
45130,279691,15262,134595,9681,264429,10050,4877,5173
45135,279722,15264,134607,9682,264458,10051,4877,5174
45140,279753,15266,134622,9683,264487,10051,4877,5174
45145,279784,15268,134634,9683,264516,10051,4877,5174
45150,279815,15271,134648,9685,264544,10051,4877,5174
45155,279846,15273,134660,9686,264573,10051,4877,5174
45160,279877,15276,134678,9688,264601,10051,4877,5174
45165,279908,15280,134695,9691,264628,10051,4877,5174
45170,279939,15284,134713,9694,264655,10052,4878,5174
45175,279970,15288,134725,9696,264682,10053,4879,5174
45180,280001,15292,134736,9697,264709,10054,4879,5175
45185,280032,15292,134746,9697,264740,10055,4879,5176
45190,280063,15292,134762,9697,264771,10056,4879,5177
45195,280094,15292,134778,9697,264802,10057,4880,5177
45200,280125,15292,134793,9697,264833,10058,4881,5177
45205,280156,15292,134810,9697,264864,10059,4882,5177
45210,280187,15292,134828,9697,264895,10060,4883,5177
45215,280218,15292,134843,9697,264926,10061,4883,5178
45220,280249,15292,134854,9697,264957,10062,4883,5179
45225,280280,15292,134868,9697,264988,10063,4883,5180
45230,280311,15292,134883,9697,265019,10064,4883,5181
45235,280342,15292,134896,9697,265050,10065,4883,5182
45240,280373,15292,134907,9697,265081,10067,4884,5183
45245,280404,15292,134925,9697,265112,10069,4885,5184
45250,280435,15292,134939,9697,265143,10071,4885,5186
45255,280466,15292,134955,9697,265174,10073,4886,5187
45260,280497,15292,134971,9697,265205,10075,4888,5187
45265,280528,15292,134988,9697,265236,10077,4888,5189
45270,280559,15292,135002,9697,265267,10079,4889,5190
45275,280590,15292,135016,9697,265298,10081,4889,5192
45280,280621,15292,135031,9697,265329,10083,4890,5193
45285,280652,15292,135046,9697,265360,10085,4890,5195
45290,280683,15296,135062,9699,265387,10087,4891,5196
45295,280714,15304,135078,9706,265410,10089,4892,5197
45300,280745,15309,135090,9708,265436,10091,4892,5199
45305,280776,15311,135106,9710,265465,10092,4893,5199
45310,280807,15313,135120,9712,265494,10093,4893,5200
45315,280838,15315,135129,9714,265523,10094,4893,5201
45320,280869,15317,135144,9715,265552,10095,4893,5202
45325,280900,15319,135157,9715,265581,10096,4893,5203
45330,280931,15321,135176,9716,265610,10097,4893,5204
45335,280962,15323,135194,9718,265639,10098,4893,5205
45340,280993,15325,135210,9719,265668,10099,4893,5206
45345,281024,15327,135225,9720,265697,10100,4893,5207
45350,281055,15329,135237,9720,265726,10101,4894,5207
45355,281086,15331,135252,9721,265755,10102,4895,5207
45360,281117,15333,135272,9723,265784,10103,4896,5207
45365,281148,15335,135291,9724,265813,10104,4896,5208
45370,281179,15337,135304,9724,265842,10105,4896,5209
45375,281210,15339,135319,9725,265871,10106,4896,5210
45380,281241,15341,135337,9726,265900,10107,4897,5210
45385,281272,15343,135352,9727,265929,10108,4898,5210
45390,281303,15345,135365,9728,265958,10109,4898,5211
45395,281334,15347,135380,9730,265987,10110,4899,5211
45400,281365,15349,135396,9732,266016,10111,4900,5211
45405,281396,15351,135414,9733,266045,10113,4901,5212
45410,281427,15353,135426,9734,266074,10115,4901,5214
45415,281458,15354,135435,9735,266104,10117,4902,5215
45420,281489,15356,135454,9737,266133,10119,4903,5216
45425,281520,15358,135470,9738,266162,10120,4903,5217
45430,281551,15361,135482,9741,266190,10121,4903,5218
45435,281582,15361,135495,9741,266221,10122,4903,5219
45440,281613,15361,135512,9741,266252,10123,4903,5220
45445,281644,15361,135530,9741,266283,10124,4904,5220
45450,281675,15361,135550,9741,266314,10125,4905,5220
45455,281706,15361,135564,9741,266345,10126,4905,5221
45460,281737,15361,135581,9741,266376,10127,4906,5221
45465,281768,15361,135597,9741,266407,10128,4906,5222
45470,281799,15361,135609,9741,266438,10129,4906,5223
45475,281830,15361,135628,9741,266469,10130,4906,5224
45480,281861,15361,135642,9741,266500,10131,4906,5225
45485,281892,15361,135657,9741,266531,10132,4907,5225
45490,281923,15361,135674,9741,266562,10133,4908,5225
45495,281954,15361,135690,9741,266593,10134,4908,5226
45500,281985,15361,135703,9741,266624,10135,4909,5226
45505,282016,15361,135715,9741,266655,10136,4910,5226
45510,282047,15364,135733,9744,266682,10137,4911,5226
45515,282078,15367,135744,9746,266711,10138,4911,5227
45520,282109,15369,135759,9746,266739,10139,4911,5228
45525,282140,15372,135772,9747,266767,10141,4912,5229
45530,282171,15375,135789,9748,266795,10143,4913,5230
45535,282202,15378,135804,9751,266823,10145,4914,5231
45540,282233,15383,135823,9756,266849,10147,4916,5231
45545,282264,15389,135839,9761,266875,10147,4916,5231
45550,282295,15393,135856,9763,266902,10147,4916,5231
45555,282326,15397,135866,9764,266929,10147,4916,5231
45560,282357,15400,135884,9766,266957,10147,4916,5231
45565,282388,15405,135901,9770,266983,10147,4916,5231
45570,282419,15409,135913,9771,267010,10147,4916,5231
45575,282450,15413,135929,9774,267037,10147,4916,5231
45580,282481,15418,135945,9778,267063,10147,4916,5231
45585,282512,15422,135958,9780,267090,10147,4916,5231
45590,282543,15426,135974,9783,267117,10147,4916,5231
45595,282574,15431,135995,9787,267143,10147,4916,5231
45600,282605,15434,136010,9789,267171,10147,4916,5231
45605,282636,15438,136028,9792,267198,10147,4916,5231
45610,282667,15441,136042,9794,267226,10147,4916,5231
45615,282698,15442,136059,9795,267256,10147,4916,5231
45620,282729,15443,136076,9795,267286,10147,4916,5231
45625,282760,15444,136092,9796,267316,10147,4916,5231
45630,282791,15445,136107,9796,267346,10147,4916,5231
45635,282822,15446,136121,9797,267376,10147,4916,5231
45640,282853,15447,136132,9797,267406,10147,4916,5231
45645,282884,15448,136144,9797,267435,10148,4916,5232
45650,282915,15449,136158,9798,267466,10149,4916,5233
45655,282946,15449,136174,9798,267497,10151,4916,5235
45660,282977,15449,136190,9798,267528,10153,4918,5235
45665,283008,15451,136204,9800,267557,10154,4919,5235
45670,283039,15454,136219,9803,267585,10155,4920,5235
45675,283070,15456,136234,9804,267614,10156,4921,5235
45680,283101,15457,136254,9805,267644,10157,4922,5235
45685,283132,15458,136266,9806,267674,10158,4922,5236
45690,283163,15460,136282,9807,267703,10159,4923,5236
45695,283194,15460,136295,9807,267734,10160,4923,5237
45700,283225,15460,136305,9807,267765,10161,4923,5238
45705,283256,15460,136320,9807,267796,10162,4924,5238
45710,283287,15460,136336,9807,267827,10163,4924,5239
45715,283318,15460,136352,9807,267858,10164,4924,5240
45720,283349,15460,136363,9807,267889,10165,4924,5241
45725,283380,15460,136382,9807,267920,10166,4925,5241
45730,283411,15460,136399,9807,267951,10167,4926,5241
45735,283442,15460,136413,9807,267982,10168,4927,5241
45740,283473,15460,136428,9807,268013,10169,4928,5241
45745,283504,15460,136440,9807,268044,10170,4928,5242
45750,283535,15460,136455,9807,268075,10171,4928,5243
45755,283566,15461,136463,9807,268105,10172,4929,5243
45760,283597,15462,136480,9807,268135,10173,4930,5243
45765,283628,15463,136495,9807,268165,10175,4930,5245
45770,283659,15464,136506,9808,268195,10177,4932,5245
45775,283690,15465,136520,9808,268224,10179,4932,5247
45780,283721,15469,136541,9811,268251,10181,4933,5248
45785,283752,15474,136552,9814,268277,10182,4934,5248
45790,283783,15479,136567,9817,268304,10183,4934,5249
45795,283814,15483,136584,9821,268331,10184,4934,5250
45800,283845,15487,136596,9824,268358,10185,4935,5250
45805,283876,15494,136610,9829,268382,10186,4936,5250
45810,283907,15498,136626,9832,268408,10187,4937,5250
45815,283938,15500,136642,9833,268438,10188,4938,5250
45820,283969,15500,136661,9833,268469,10189,4938,5251
45825,284000,15500,136672,9833,268500,10190,4939,5251
45830,284031,15500,136686,9833,268531,10191,4940,5251
45835,284062,15500,136699,9833,268562,10192,4940,5252
45840,284093,15500,136709,9833,268593,10193,4941,5252
45845,284124,15502,136724,9834,268622,10194,4941,5253
45850,284155,15503,136735,9834,268652,10195,4941,5254
45855,284186,15504,136751,9834,268682,10196,4942,5254
45860,284217,15505,136767,9835,268712,10197,4942,5255
45865,284248,15506,136780,9835,268742,10198,4942,5256
45870,284279,15507,136795,9836,268772,10199,4943,5256
45875,284310,15509,136814,9837,268801,10200,4944,5256
45880,284341,15511,136829,9839,268830,10201,4945,5256
45885,284372,15511,136843,9839,268861,10203,4947,5256
45890,284403,15511,136860,9839,268892,10205,4949,5256
45895,284434,15511,136876,9839,268923,10207,4950,5257
45900,284465,15511,136887,9839,268954,10209,4952,5257
45905,284496,15511,136903,9839,268985,10211,4954,5257
45910,284527,15511,136921,9839,269016,10213,4955,5258
45915,284558,15512,136937,9840,269046,10215,4956,5259
45920,284589,15513,136946,9840,269076,10217,4958,5259
45925,284620,15517,136967,9844,269102,10218,4959,5259
45930,284651,15521,136985,9848,269130,10219,4960,5259
45935,284682,15525,137000,9851,269157,10220,4960,5260
45940,284713,15528,137017,9853,269184,10221,4960,5261
45945,284744,15533,137036,9857,269211,10222,4960,5262
45950,284775,15535,137049,9857,269240,10223,4961,5262
45955,284806,15537,137063,9857,269269,10224,4961,5263
45960,284837,15542,137080,9861,269295,10225,4962,5263
45965,284868,15542,137094,9861,269326,10225,4962,5263
45970,284899,15542,137113,9861,269357,10225,4962,5263
45975,284930,15542,137128,9861,269388,10225,4962,5263
45980,284961,15542,137139,9861,269419,10225,4962,5263
45985,284992,15542,137150,9861,269450,10225,4962,5263
45990,285023,15544,137164,9863,269479,10225,4962,5263
45995,285054,15547,137175,9866,269507,10225,4962,5263
46000,285085,15549,137189,9868,269536,10225,4962,5263
46005,285116,15551,137201,9870,269565,10225,4962,5263
46010,285147,15554,137213,9872,269593,10225,4962,5263
46015,285178,15557,137225,9875,269621,10225,4962,5263
46020,285209,15558,137241,9876,269651,10225,4962,5263
46025,285240,15559,137258,9877,269681,10226,4963,5263
46030,285271,15560,137268,9877,269711,10227,4963,5264
46035,285302,15561,137285,9878,269741,10228,4964,5264
46040,285333,15562,137300,9879,269771,10229,4964,5265
46045,285364,15563,137311,9880,269801,10230,4964,5266
46050,285395,15564,137328,9881,269831,10231,4964,5267
46055,285426,15565,137345,9881,269861,10231,4964,5267
46060,285457,15566,137365,9882,269891,10231,4964,5267
46065,285488,15568,137379,9883,269920,10231,4964,5267
46070,285519,15573,137387,9885,269946,10232,4964,5268
46075,285550,15577,137404,9889,269973,10233,4964,5269
46080,285581,15580,137418,9891,270000,10234,4964,5270
46085,285612,15584,137434,9894,270028,10235,4965,5270
46090,285643,15586,137449,9895,270057,10236,4966,5270
46095,285674,15587,137463,9896,270087,10237,4967,5270
46100,285705,15588,137471,9896,270117,10238,4967,5271
46105,285736,15589,137483,9896,270147,10239,4967,5272
46110,285767,15590,137493,9897,270177,10240,4967,5273
46115,285798,15591,137510,9897,270207,10241,4968,5273
46120,285829,15592,137530,9897,270237,10242,4969,5273
46125,285860,15593,137545,9898,270267,10243,4969,5274
46130,285891,15594,137561,9899,270297,10244,4969,5275
46135,285922,15595,137576,9900,270327,10245,4970,5275
46140,285953,15596,137593,9900,270357,10246,4971,5275
46145,285984,15597,137608,9901,270387,10247,4971,5276
46150,286015,15598,137629,9902,270417,10248,4972,5276
46155,286046,15599,137644,9902,270447,10249,4972,5277
46160,286077,15600,137661,9903,270477,10251,4973,5278
46165,286108,15601,137676,9903,270507,10253,4974,5279
46170,286139,15602,137692,9904,270537,10255,4976,5279
46175,286170,15603,137706,9904,270567,10257,4978,5279
46180,286201,15604,137720,9905,270597,10259,4979,5280
46185,286232,15605,137733,9906,270627,10261,4981,5280
46190,286263,15608,137750,9907,270654,10263,4983,5280
46195,286294,15613,137762,9909,270680,10265,4984,5281
46200,286325,15617,137771,9911,270708,10267,4984,5283
46205,286356,15620,137791,9914,270736,10268,4984,5284
46210,286387,15624,137811,9916,270763,10269,4985,5284
46215,286418,15628,137825,9919,270790,10270,4986,5284
46220,286449,15632,137840,9922,270817,10271,4986,5285
46225,286480,15633,137851,9923,270847,10272,4986,5286
46230,286511,15634,137864,9923,270877,10273,4987,5286
46235,286542,15635,137879,9924,270907,10274,4987,5287
46240,286573,15637,137900,9926,270936,10275,4987,5288
46245,286604,15638,137917,9927,270966,10276,4987,5289
46250,286635,15639,137931,9927,270996,10277,4987,5290
46255,286666,15641,137948,9929,271025,10278,4988,5290
46260,286697,15642,137968,9929,271055,10279,4988,5291
46265,286728,15644,137986,9930,271084,10280,4989,5291
46270,286759,15645,138001,9930,271114,10281,4989,5292
46275,286790,15645,138020,9930,271145,10282,4990,5292
46280,286821,15645,138038,9930,271176,10283,4991,5292
46285,286852,15645,138053,9930,271207,10284,4992,5292
46290,286883,15645,138064,9930,271238,10285,4992,5293
46295,286914,15645,138084,9930,271269,10286,4993,5293
46300,286945,15645,138101,9930,271300,10287,4994,5293
46305,286976,15646,138118,9930,271330,10289,4995,5294
46310,287007,15647,138133,9930,271360,10291,4996,5295
46315,287038,15648,138149,9931,271390,10293,4996,5297
46320,287069,15650,138164,9932,271419,10295,4996,5299
46325,287100,15654,138178,9935,271446,10296,4996,5300
46330,287131,15658,138198,9938,271473,10297,4996,5301
46335,287162,15662,138210,9939,271500,10298,4997,5301
46340,287193,15667,138224,9942,271526,10299,4997,5302
46345,287224,15672,138244,9946,271552,10300,4998,5302
46350,287255,15676,138261,9948,271579,10301,4999,5302
46355,287286,15681,138279,9952,271605,10302,4999,5303
46360,287317,15684,138292,9953,271633,10303,4999,5304
46365,287348,15687,138306,9956,271661,10304,5000,5304
46370,287379,15689,138316,9956,271690,10305,5000,5305
46375,287410,15690,138327,9956,271720,10306,5000,5306
46380,287441,15691,138339,9956,271750,10307,5000,5307
46385,287472,15693,138355,9957,271779,10308,5001,5307
46390,287503,15695,138372,9959,271808,10309,5001,5308
46395,287534,15697,138388,9960,271837,10310,5001,5309
46400,287565,15697,138402,9960,271868,10311,5002,5309
46405,287596,15697,138415,9960,271899,10312,5003,5309
46410,287627,15697,138430,9960,271930,10313,5003,5310
46415,287658,15697,138442,9960,271961,10314,5003,5311
46420,287689,15697,138461,9960,271992,10315,5004,5311
46425,287720,15697,138476,9960,272023,10316,5004,5312
46430,287751,15697,138490,9960,272054,10317,5004,5313
46435,287782,15697,138507,9960,272085,10318,5004,5314
46440,287813,15697,138520,9960,272116,10319,5005,5314
46445,287844,15698,138537,9961,272145,10320,5006,5314
46450,287875,15700,138550,9962,272175,10321,5006,5315
46455,287906,15701,138562,9963,272205,10322,5006,5316
46460,287937,15702,138578,9964,272235,10323,5006,5317
46465,287968,15704,138591,9965,272264,10324,5006,5318
46470,287999,15706,138605,9967,272293,10325,5006,5319
46475,288030,15708,138617,9967,272322,10326,5006,5320
46480,288061,15711,138632,9970,272350,10327,5007,5320
46485,288092,15714,138642,9972,272378,10329,5008,5321
46490,288123,15716,138659,9973,272407,10331,5009,5322
46495,288154,15719,138673,9975,272435,10333,5009,5324
46500,288185,15722,138685,9976,272463,10335,5010,5325
46505,288216,15724,138695,9977,272492,10337,5012,5325
46510,288247,15726,138711,9978,272521,10339,5014,5325
46515,288278,15727,138724,9978,272551,10341,5014,5327
46520,288309,15727,138743,9978,272582,10343,5015,5328
46525,288340,15727,138760,9978,272613,10345,5017,5328
46530,288371,15727,138773,9978,272644,10346,5018,5328
46535,288402,15727,138786,9978,272675,10347,5019,5328
46540,288433,15727,138801,9978,272706,10348,5019,5329
46545,288464,15728,138819,9979,272736,10349,5020,5329
46550,288495,15729,138831,9979,272766,10350,5020,5330
46555,288526,15730,138844,9979,272796,10351,5020,5331
46560,288557,15731,138856,9980,272826,10352,5020,5332
46565,288588,15734,138870,9982,272854,10353,5020,5333
46570,288619,15737,138881,9983,272882,10354,5021,5333
46575,288650,15740,138893,9984,272910,10355,5022,5333
46580,288681,15744,138909,9987,272937,10356,5023,5333
46585,288712,15747,138924,9989,272965,10357,5024,5333
46590,288743,15750,138943,9991,272993,10358,5024,5334
46595,288774,15753,138958,9993,273021,10359,5024,5335
46600,288805,15756,138971,9996,273049,10360,5024,5336
46605,288836,15759,138986,9999,273077,10361,5024,5337
46610,288867,15763,138997,10001,273104,10362,5024,5338
46615,288898,15767,139012,10004,273131,10363,5025,5338
46620,288929,15772,139026,10008,273157,10364,5025,5339
46625,288960,15772,139042,10008,273188,10365,5026,5339
46630,288991,15772,139057,10008,273219,10367,5027,5340
46635,289022,15772,139081,10008,273250,10369,5029,5340
46640,289053,15772,139096,10008,273281,10371,5030,5341
46645,289084,15772,139110,10008,273312,10373,5030,5343
46650,289115,15772,139126,10008,273343,10375,5031,5344
46655,289146,15772,139142,10008,273374,10377,5033,5344
46660,289177,15772,139157,10008,273405,10379,5035,5344
46665,289208,15772,139176,10008,273436,10381,5036,5345
46670,289239,15772,139193,10008,273467,10383,5037,5346
46675,289270,15772,139208,10008,273498,10384,5037,5347
46680,289301,15772,139223,10008,273529,10385,5037,5348
46685,289332,15772,139241,10008,273560,10386,5038,5348
46690,289363,15772,139260,10008,273591,10387,5038,5349
46695,289394,15772,139281,10008,273622,10388,5039,5349
46700,289425,15772,139295,10008,273653,10389,5039,5350
46705,289456,15772,139309,10008,273684,10390,5040,5350
46710,289487,15772,139323,10008,273715,10391,5040,5351
46715,289518,15772,139338,10008,273746,10392,5041,5351
46720,289549,15772,139348,10008,273777,10393,5042,5351
46725,289580,15772,139362,10008,273808,10394,5043,5351
46730,289611,15776,139380,10011,273834,10395,5044,5351
46735,289642,15782,139392,10015,273859,10396,5044,5352
46740,289673,15787,139408,10020,273885,10397,5044,5353
46745,289704,15791,139423,10023,273913,10397,5044,5353
46750,289735,15793,139438,10025,273942,10397,5044,5353
46755,289766,15797,139453,10029,273969,10397,5044,5353
46760,289797,15800,139464,10030,273997,10397,5044,5353
46765,289828,15802,139479,10031,274026,10397,5044,5353
46770,289859,15804,139497,10033,274055,10397,5044,5353
46775,289890,15807,139513,10036,274083,10398,5044,5354
46780,289921,15809,139526,10038,274112,10399,5044,5355
46785,289952,15811,139542,10039,274141,10400,5045,5355
46790,289983,15813,139556,10041,274170,10401,5046,5355
46795,290014,15815,139568,10042,274199,10402,5047,5355
46800,290045,15817,139585,10042,274228,10403,5048,5355
46805,290076,15818,139598,10042,274258,10405,5048,5357
46810,290107,15819,139618,10043,274288,10407,5050,5357
46815,290138,15820,139629,10044,274318,10409,5050,5359
46820,290169,15821,139650,10045,274348,10411,5050,5361
46825,290200,15822,139671,10046,274378,10413,5051,5362
46830,290231,15823,139687,10046,274408,10415,5052,5363
46835,290262,15824,139699,10046,274438,10417,5053,5364
46840,290293,15825,139714,10046,274468,10419,5054,5365
46845,290324,15827,139731,10047,274497,10421,5054,5367
46850,290355,15831,139748,10050,274523,10423,5054,5369
46855,290386,15834,139763,10051,274552,10424,5055,5369
46860,290417,15837,139781,10053,274579,10425,5055,5370
46865,290448,15840,139795,10056,274608,10426,5056,5370
46870,290479,15841,139804,10056,274638,10427,5056,5371
46875,290510,15842,139825,10056,274668,10428,5057,5371
46880,290541,15844,139841,10057,274697,10429,5058,5371
46885,290572,15845,139856,10058,274727,10430,5059,5371
46890,290603,15846,139875,10058,274757,10431,5059,5372
46895,290634,15848,139894,10060,274786,10432,5060,5372
46900,290665,15849,139907,10060,274816,10433,5061,5372
46905,290696,15850,139918,10061,274846,10434,5061,5373
46910,290727,15851,139932,10062,274876,10435,5061,5374
46915,290758,15853,139948,10063,274905,10436,5062,5374
46920,290789,15855,139963,10064,274934,10437,5063,5374
46925,290820,15856,139978,10064,274964,10438,5064,5374
46930,290851,15857,139995,10064,274994,10439,5064,5375
46935,290882,15858,140009,10065,275024,10440,5064,5376
46940,290913,15860,140026,10067,275053,10441,5065,5376
46945,290944,15862,140042,10069,275082,10442,5065,5377
46950,290975,15863,140055,10069,275112,10443,5065,5378
46955,291006,15864,140068,10069,275142,10444,5066,5378
46960,291037,15866,140087,10070,275171,10445,5067,5378
46965,291068,15867,140106,10070,275201,10447,5069,5378
46970,291099,15869,140118,10070,275230,10449,5070,5379
46975,291130,15871,140130,10070,275259,10451,5070,5381
46980,291161,15873,140147,10070,275288,10453,5071,5382
46985,291192,15875,140161,10071,275317,10453,5071,5382
46990,291223,15877,140177,10073,275345,10453,5071,5382
46995,291254,15879,140190,10075,275375,10453,5071,5382
47000,291285,15879,140200,10075,275406,10453,5071,5382
47005,291316,15879,140216,10075,275437,10453,5071,5382
47010,291347,15879,140231,10075,275468,10453,5071,5382
47015,291378,15879,140249,10075,275499,10453,5071,5382
47020,291409,15879,140264,10075,275530,10453,5071,5382
47025,291440,15879,140276,10075,275561,10453,5071,5382
47030,291471,15879,140290,10075,275592,10453,5071,5382
47035,291502,15879,140309,10075,275623,10453,5071,5382
47040,291533,15879,140322,10075,275654,10453,5071,5382
47045,291564,15879,140342,10075,275685,10453,5071,5382
47050,291595,15879,140358,10075,275716,10453,5071,5382
47055,291626,15879,140373,10075,275747,10453,5071,5382
47060,291657,15879,140387,10075,275778,10453,5071,5382
47065,291688,15879,140402,10075,275809,10453,5071,5382
47070,291719,15879,140414,10075,275840,10453,5071,5382
47075,291750,15879,140431,10075,275871,10453,5071,5382
47080,291781,15879,140438,10075,275902,10453,5071,5382
47085,291812,15880,140452,10075,275932,10455,5072,5383
47090,291843,15883,140465,10078,275960,10457,5072,5385
47095,291874,15886,140479,10079,275988,10459,5074,5385
47100,291905,15890,140493,10082,276014,10461,5075,5386
47105,291936,15893,140508,10084,276043,10462,5075,5387
47110,291967,15894,140519,10085,276073,10463,5075,5388
47115,291998,15895,140531,10086,276103,10464,5075,5389
47120,292029,15896,140546,10086,276133,10465,5075,5390
47125,292060,15897,140563,10087,276163,10466,5076,5390
47130,292091,15898,140580,10088,276193,10467,5076,5391
47135,292122,15899,140600,10089,276223,10468,5076,5392
47140,292153,15900,140613,10089,276253,10469,5076,5393
47145,292184,15901,140627,10090,276283,10470,5076,5394
47150,292215,15902,140638,10090,276313,10471,5077,5394
47155,292246,15903,140651,10090,276343,10472,5077,5395
47160,292277,15904,140664,10090,276373,10473,5078,5395
47165,292308,15905,140677,10091,276403,10474,5079,5395
47170,292339,15906,140687,10091,276433,10475,5079,5396
47175,292370,15907,140701,10092,276463,10476,5079,5397
47180,292401,15908,140718,10092,276493,10477,5079,5398
47185,292432,15909,140736,10093,276523,10478,5080,5398
47190,292463,15910,140749,10094,276553,10479,5081,5398
47195,292494,15911,140766,10095,276583,10480,5081,5399
47200,292525,15912,140781,10095,276613,10481,5082,5399
47205,292556,15914,140798,10097,276642,10482,5083,5399
47210,292587,15917,140812,10098,276670,10483,5083,5400
47215,292618,15920,140821,10099,276698,10485,5083,5402
47220,292649,15926,140835,10102,276722,10487,5085,5402
47225,292680,15928,140848,10103,276752,10489,5085,5404
47230,292711,15928,140869,10103,276783,10491,5087,5404
47235,292742,15928,140879,10103,276814,10492,5087,5405
47240,292773,15928,140894,10103,276845,10493,5087,5406
47245,292804,15928,140908,10103,276876,10494,5087,5407
47250,292835,15928,140921,10103,276907,10495,5087,5408
47255,292866,15928,140939,10103,276938,10496,5088,5408
47260,292897,15928,140955,10103,276969,10497,5088,5409
47265,292928,15928,140967,10103,277000,10498,5089,5409
47270,292959,15928,140982,10103,277031,10499,5090,5409
47275,292990,15928,140999,10103,277062,10500,5090,5410
47280,293021,15928,141018,10103,277093,10501,5090,5411
47285,293052,15928,141031,10103,277124,10502,5090,5412
47290,293083,15928,141041,10103,277155,10503,5091,5412
47295,293114,15928,141059,10103,277186,10504,5091,5413
47300,293145,15928,141070,10103,277217,10505,5091,5414
47305,293176,15928,141081,10103,277248,10506,5091,5415
47310,293207,15928,141097,10103,277279,10507,5091,5416
47315,293238,15928,141109,10103,277310,10508,5091,5417
47320,293269,15928,141117,10103,277341,10509,5091,5418
47325,293300,15928,141134,10103,277372,10510,5092,5418
47330,293331,15931,141153,10105,277400,10511,5093,5418
47335,293362,15935,141167,10109,277427,10512,5093,5419
47340,293393,15939,141176,10110,277454,10513,5093,5420
47345,293424,15943,141191,10112,277481,10513,5093,5420
47350,293455,15946,141205,10114,277509,10513,5093,5420
47355,293486,15949,141222,10117,277537,10513,5093,5420
47360,293517,15951,141235,10119,277566,10513,5093,5420
47365,293548,15953,141250,10120,277595,10513,5093,5420
47370,293579,15955,141265,10121,277624,10513,5093,5420
47375,293610,15957,141280,10122,277653,10513,5093,5420
47380,293641,15959,141295,10123,277682,10513,5093,5420
47385,293672,15962,141315,10125,277710,10513,5093,5420
47390,293703,15965,141333,10127,277738,10513,5093,5420
47395,293734,15968,141347,10129,277766,10513,5093,5420
47400,293765,15970,141360,10131,277795,10513,5093,5420
47405,293796,15972,141377,10132,277824,10513,5093,5420
47410,293827,15975,141394,10135,277852,10513,5093,5420
47415,293858,15978,141404,10136,277880,10513,5093,5420
47420,293889,15981,141418,10138,277908,10513,5093,5420
47425,293920,15983,141428,10139,277937,10513,5093,5420
47430,293951,15985,141443,10141,277966,10513,5093,5420
47435,293982,15987,141460,10141,277995,10513,5093,5420
47440,294013,15990,141475,10143,278022,10513,5093,5420
47445,294044,15993,141489,10145,278050,10514,5093,5421
47450,294075,15996,141505,10148,278079,10515,5094,5421
47455,294106,15999,141525,10150,278107,10516,5095,5421
47460,294137,16001,141534,10150,278136,10518,5097,5421
47465,294168,16003,141548,10151,278165,10520,5097,5423
47470,294199,16006,141568,10153,278193,10522,5099,5423
47475,294230,16009,141584,10155,278221,10524,5101,5423
47480,294261,16012,141596,10157,278249,10526,5102,5424
47485,294292,16014,141612,10159,278278,10528,5103,5425
47490,294323,16016,141631,10161,278307,10530,5104,5426
47495,294354,16018,141648,10162,278336,10532,5105,5427
47500,294385,16020,141663,10163,278365,10534,5107,5427
47505,294416,16022,141678,10165,278394,10536,5108,5428
47510,294447,16024,141689,10167,278423,10538,5108,5430
47515,294478,16027,141705,10168,278451,10540,5109,5431
47520,294509,16029,141723,10170,278480,10542,5109,5433
47525,294540,16030,141743,10170,278510,10543,5109,5434
47530,294571,16031,141759,10170,278540,10544,5110,5434
47535,294602,16032,141771,10170,278570,10545,5111,5434
47540,294633,16033,141786,10171,278600,10546,5111,5435
47545,294664,16034,141801,10171,278630,10547,5111,5436
47550,294695,16035,141813,10171,278660,10548,5112,5436
47555,294726,16037,141826,10172,278689,10549,5112,5437
47560,294757,16038,141839,10173,278719,10550,5113,5437
47565,294788,16039,141851,10173,278749,10551,5113,5438
47570,294819,16040,141866,10174,278778,10552,5113,5439
47575,294850,16042,141877,10176,278808,10553,5113,5440
47580,294881,16043,141891,10176,278838,10554,5114,5440
47585,294912,16047,141907,10179,278865,10555,5115,5440
47590,294943,16049,141925,10181,278894,10556,5116,5440
47595,294974,16051,141939,10182,278923,10557,5117,5440
47600,295005,16053,141958,10184,278952,10558,5118,5440
47605,295036,16054,141974,10185,278982,10559,5119,5440
47610,295067,16056,141994,10187,279011,10560,5120,5440
47615,295098,16057,142008,10187,279041,10561,5120,5441
47620,295129,16058,142023,10188,279071,10562,5121,5441
47625,295160,16060,142042,10190,279100,10564,5123,5441
47630,295191,16062,142056,10191,279129,10566,5124,5442
47635,295222,16065,142071,10193,279157,10568,5124,5444
47640,295253,16067,142090,10194,279186,10570,5125,5445
47645,295284,16069,142105,10196,279215,10572,5126,5446
47650,295315,16070,142120,10196,279245,10573,5126,5447
47655,295346,16072,142140,10198,279274,10574,5127,5447
47660,295377,16074,142155,10199,279303,10575,5127,5448
47665,295408,16075,142164,10199,279333,10576,5128,5448
47670,295439,16076,142177,10199,279363,10577,5128,5449
47675,295470,16078,142197,10201,279392,10578,5128,5450
47680,295501,16080,142211,10202,279421,10579,5129,5450
47685,295532,16081,142229,10202,279451,10580,5130,5450
47690,295563,16082,142238,10202,279481,10581,5130,5451
47695,295594,16084,142250,10202,279510,10582,5131,5451
47700,295625,16087,142265,10203,279538,10583,5132,5451
47705,295656,16089,142278,10203,279566,10584,5132,5452
47710,295687,16093,142286,10205,279594,10585,5133,5452
47715,295718,16095,142299,10206,279623,10586,5134,5452
47720,295749,16095,142316,10206,279654,10587,5134,5453
47725,295780,16095,142330,10206,279685,10588,5134,5454
47730,295811,16095,142345,10206,279716,10589,5134,5455
47735,295842,16095,142361,10206,279747,10590,5135,5455
47740,295873,16095,142378,10206,279778,10591,5135,5456
47745,295904,16095,142389,10206,279809,10592,5135,5457
47750,295935,16095,142403,10206,279840,10594,5136,5458
47755,295966,16095,142420,10206,279871,10596,5136,5460
47760,295997,16095,142429,10206,279902,10598,5136,5462
47765,296028,16095,142439,10206,279933,10599,5136,5463
47770,296059,16095,142455,10206,279964,10600,5137,5463
47775,296090,16095,142473,10206,279995,10600,5137,5463
47780,296121,16095,142487,10206,280026,10600,5137,5463
47785,296152,16095,142501,10206,280057,10600,5137,5463
47790,296183,16095,142512,10206,280088,10600,5137,5463
47795,296214,16095,142528,10206,280119,10600,5137,5463
47800,296245,16095,142543,10206,280150,10600,5137,5463
47805,296276,16095,142562,10206,280181,10600,5137,5463
47810,296307,16097,142581,10208,280210,10600,5137,5463
47815,296338,16101,142597,10211,280237,10600,5137,5463
47820,296369,16106,142614,10215,280263,10600,5137,5463
47825,296400,16111,142632,10218,280289,10601,5137,5464
47830,296431,16113,142647,10218,280318,10602,5137,5465
47835,296462,16115,142660,10220,280347,10603,5138,5465
47840,296493,16117,142673,10220,280376,10604,5138,5466
47845,296524,16119,142691,10222,280405,10605,5138,5467
47850,296555,16121,142705,10222,280434,10606,5138,5468
47855,296586,16124,142721,10225,280462,10607,5139,5468
47860,296617,16125,142739,10225,280492,10608,5140,5468
47865,296648,16126,142752,10225,280522,10609,5141,5468
47870,296679,16127,142770,10225,280552,10610,5142,5468
47875,296710,16128,142788,10226,280582,10612,5144,5468
47880,296741,16129,142801,10227,280612,10614,5144,5470
47885,296772,16130,142818,10228,280642,10616,5146,5470
47890,296803,16131,142833,10228,280672,10618,5146,5472
47895,296834,16132,142845,10228,280702,10620,5147,5473
47900,296865,16133,142858,10228,280732,10622,5147,5475
47905,296896,16135,142873,10230,280761,10624,5147,5477
47910,296927,16137,142893,10232,280790,10626,5148,5478
47915,296958,16138,142906,10233,280820,10628,5149,5479
47920,296989,16140,142926,10235,280849,10630,5150,5480
47925,297020,16142,142943,10237,280877,10632,5151,5481
47930,297051,16146,142958,10240,280904,10634,5152,5482
47935,297082,16150,142971,10244,280931,10636,5153,5483
47940,297113,16155,142985,10248,280958,10638,5154,5484
47945,297144,16157,142992,10248,280987,10639,5154,5485
47950,297175,16161,143008,10251,281013,10639,5154,5485
47955,297206,16165,143022,10253,281041,10639,5154,5485
47960,297237,16167,143037,10255,281070,10639,5154,5485
47965,297268,16168,143049,10256,281100,10639,5154,5485
47970,297299,16169,143067,10257,281130,10639,5154,5485
47975,297330,16170,143081,10258,281160,10639,5154,5485
47980,297361,16172,143098,10260,281189,10639,5154,5485
47985,297392,16174,143112,10261,281218,10639,5154,5485
47990,297423,16176,143129,10262,281247,10639,5154,5485
47995,297454,16177,143140,10262,281277,10639,5154,5485
48000,297485,16178,143155,10263,281307,10639,5154,5485
48005,297516,16179,143172,10263,281337,10639,5154,5485
48010,297547,16180,143192,10263,281367,10639,5154,5485
48015,297578,16181,143205,10263,281397,10639,5154,5485
48020,297609,16182,143217,10263,281427,10639,5154,5485
48025,297640,16183,143234,10264,281457,10639,5154,5485
48030,297671,16184,143252,10264,281487,10639,5154,5485
48035,297702,16185,143264,10264,281517,10639,5154,5485
48040,297733,16186,143283,10265,281547,10639,5154,5485
48045,297764,16188,143302,10267,281576,10640,5155,5485
48050,297795,16190,143317,10268,281605,10642,5156,5486
48055,297826,16192,143330,10269,281634,10644,5157,5487
48060,297857,16195,143346,10271,281662,10646,5158,5488
48065,297888,16198,143362,10273,281689,10648,5158,5490
48070,297919,16203,143377,10277,281716,10649,5158,5491
48075,297950,16205,143395,10279,281745,10650,5159,5491
48080,297981,16208,143414,10281,281772,10651,5159,5492
48085,298012,16211,143430,10284,281801,10652,5159,5493
48090,298043,16212,143447,10284,281831,10653,5159,5494
48095,298074,16213,143460,10285,281861,10654,5159,5495
48100,298105,16214,143479,10286,281891,10655,5159,5496
48105,298136,16215,143495,10286,281921,10656,5159,5497
48110,298167,16216,143510,10287,281951,10657,5160,5497
48115,298198,16217,143522,10288,281981,10658,5161,5497
48120,298229,16218,143537,10289,282011,10659,5162,5497
48125,298260,16219,143551,10290,282041,10660,5163,5497
48130,298291,16220,143569,10290,282071,10661,5164,5497
48135,298322,16221,143579,10291,282101,10662,5164,5498
48140,298353,16222,143592,10291,282131,10663,5164,5499
48145,298384,16223,143609,10291,282161,10664,5164,5500
48150,298415,16224,143626,10291,282191,10665,5165,5500
48155,298446,16225,143644,10291,282221,10666,5166,5500
48160,298477,16226,143657,10292,282251,10667,5166,5501
48165,298508,16227,143670,10292,282281,10668,5167,5501
48170,298539,16229,143683,10292,282310,10669,5167,5502
48175,298570,16232,143702,10293,282337,10670,5168,5502
48180,298601,16236,143717,10296,282365,10671,5168,5503
48185,298632,16237,143732,10296,282395,10673,5170,5503
48190,298663,16239,143750,10296,282424,10674,5171,5503
48195,298694,16241,143762,10296,282453,10675,5172,5503
48200,298725,16244,143771,10298,282481,10676,5172,5504
48205,298756,16246,143785,10299,282510,10677,5173,5504
48210,298787,16251,143801,10302,282536,10678,5173,5505
48215,298818,16256,143818,10306,282562,10679,5174,5505
48220,298849,16261,143833,10310,282588,10680,5175,5505
48225,298880,16265,143849,10314,282615,10681,5175,5506
48230,298911,16269,143863,10317,282642,10682,5176,5506
48235,298942,16271,143876,10318,282671,10683,5176,5507
48240,298973,16273,143892,10319,282700,10684,5176,5508
48245,299004,16273,143905,10319,282731,10685,5177,5508
48250,299035,16273,143921,10319,282762,10686,5178,5508
48255,299066,16273,143930,10319,282793,10687,5178,5509
48260,299097,16273,143941,10319,282824,10688,5178,5510
48265,299128,16273,143955,10319,282855,10689,5178,5511
48270,299159,16273,143971,10319,282886,10690,5178,5512
48275,299190,16273,143985,10319,282917,10691,5178,5513
48280,299221,16273,143999,10319,282948,10692,5178,5514
48285,299252,16273,144014,10319,282979,10693,5179,5514
48290,299283,16275,144030,10321,283008,10695,5180,5515
48295,299314,16276,144047,10322,283038,10697,5182,5515
48300,299345,16278,144061,10324,283067,10699,5182,5517
48305,299376,16282,144083,10327,283093,10701,5183,5518
48310,299407,16286,144096,10330,283121,10703,5183,5520
48315,299438,16289,144108,10331,283148,10705,5183,5522
48320,299469,16294,144121,10335,283174,10707,5184,5523
48325,299500,16297,144134,10338,283203,10709,5184,5525
48330,299531,16299,144147,10339,283232,10711,5185,5526
48335,299562,16301,144166,10340,283261,10712,5186,5526
48340,299593,16302,144180,10341,283291,10713,5186,5527
48345,299624,16303,144194,10341,283321,10714,5187,5527
48350,299655,16304,144207,10341,283351,10715,5187,5528
48355,299686,16306,144223,10343,283380,10716,5188,5528
48360,299717,16308,144241,10345,283409,10717,5189,5528
48365,299748,16311,144254,10347,283437,10717,5189,5528
48370,299779,16315,144268,10349,283463,10717,5189,5528
48375,299810,16319,144282,10352,283491,10717,5189,5528
48380,299841,16319,144299,10352,283522,10717,5189,5528
48385,299872,16319,144314,10352,283553,10717,5189,5528
48390,299903,16319,144327,10352,283584,10717,5189,5528
48395,299934,16319,144343,10352,283615,10717,5189,5528
48400,299965,16319,144361,10352,283646,10717,5189,5528
48405,299996,16319,144374,10352,283677,10717,5189,5528
48410,300027,16319,144386,10352,283708,10717,5189,5528
48415,300058,16319,144399,10352,283739,10717,5189,5528
48420,300089,16319,144419,10352,283770,10717,5189,5528
48425,300120,16319,144426,10352,283801,10717,5189,5528
48430,300151,16321,144442,10354,283830,10717,5189,5528
48435,300182,16323,144453,10355,283859,10718,5190,5528
48440,300213,16325,144464,10356,283888,10719,5190,5529
48445,300244,16326,144477,10356,283918,10720,5190,5530
48450,300275,16329,144496,10359,283946,10721,5190,5531
48455,300306,16332,144511,10361,283974,10722,5190,5532
48460,300337,16335,144526,10364,284002,10723,5191,5532
48465,300368,16338,144545,10367,284030,10725,5191,5534
48470,300399,16340,144559,10368,284059,10727,5192,5535
48475,300430,16341,144572,10368,284089,10729,5194,5535
48480,300461,16343,144586,10369,284118,10731,5194,5537
48485,300492,16345,144601,10371,284147,10732,5194,5538
48490,300523,16348,144616,10372,284175,10733,5194,5539
48495,300554,16350,144630,10373,284203,10734,5194,5540
48500,300585,16354,144648,10376,284231,10735,5195,5540
48505,300616,16357,144661,10377,284258,10736,5195,5541
48510,300647,16360,144671,10380,284287,10737,5195,5542
48515,300678,16361,144690,10380,284316,10738,5195,5543
48520,300709,16363,144701,10381,284346,10739,5195,5544
48525,300740,16364,144717,10381,284376,10740,5196,5544
48530,300771,16365,144731,10381,284406,10741,5197,5544
48535,300802,16366,144743,10382,284436,10742,5197,5545
48540,300833,16367,144752,10382,284466,10743,5198,5545
48545,300864,16368,144763,10382,284496,10744,5199,5545
48550,300895,16369,144778,10383,284526,10745,5200,5545
48555,300926,16370,144795,10384,284556,10746,5201,5545
48560,300957,16371,144808,10385,284586,10747,5201,5546
48565,300988,16372,144818,10386,284616,10748,5201,5547
48570,301019,16373,144837,10386,284646,10749,5201,5548
48575,301050,16374,144852,10387,284676,10750,5202,5548
48580,301081,16375,144868,10388,284706,10751,5203,5548
48585,301112,16378,144883,10390,284734,10753,5203,5550
48590,301143,16382,144902,10393,284761,10755,5205,5550
48595,301174,16385,144920,10395,284789,10757,5207,5550
48600,301205,16387,144937,10396,284818,10759,5208,5551
48605,301236,16390,144956,10398,284846,10761,5209,5552
48610,301267,16394,144971,10401,284873,10763,5210,5553
48615,301298,16397,144985,10403,284901,10764,5210,5554
48620,301329,16400,144999,10404,284929,10765,5211,5554
48625,301360,16404,145015,10407,284956,10766,5212,5554
48630,301391,16408,145033,10411,284982,10767,5212,5555
48635,301422,16411,145047,10414,285011,10768,5212,5556
48640,301453,16413,145066,10416,285040,10769,5213,5556
48645,301484,16414,145081,10417,285070,10770,5213,5557
48650,301515,16415,145091,10417,285100,10771,5213,5558
48655,301546,16417,145105,10419,285128,10772,5214,5558
48660,301577,16418,145119,10420,285159,10773,5215,5558
48665,301608,16421,145130,10422,285187,10774,5215,5559
48670,301639,16423,145150,10424,285216,10775,5216,5559
48675,301670,16423,145165,10424,285247,10776,5217,5559
48680,301701,16423,145178,10424,285278,10777,5217,5560
48685,301732,16423,145193,10424,285309,10778,5217,5561
48690,301763,16423,145205,10424,285340,10779,5217,5562
48695,301794,16423,145218,10424,285371,10780,5218,5562
48700,301825,16423,145235,10424,285402,10781,5218,5563
48705,301856,16423,145252,10424,285433,10782,5219,5563
48710,301887,16423,145267,10424,285464,10783,5220,5563
48715,301918,16424,145276,10424,285494,10784,5220,5564
48720,301949,16425,145291,10425,285524,10785,5220,5565
48725,301980,16428,145309,10427,285552,10786,5221,5565
48730,302011,16430,145324,10429,285581,10787,5222,5565
48735,302042,16433,145335,10431,285609,10788,5222,5566
48740,302073,16436,145351,10433,285637,10789,5222,5567
48745,302104,16439,145364,10435,285665,10790,5223,5567
48750,302135,16442,145384,10438,285693,10791,5224,5567
48755,302166,16445,145401,10440,285721,10792,5224,5568
48760,302197,16447,145414,10441,285750,10793,5225,5568
48765,302228,16449,145422,10442,285779,10794,5226,5568
48770,302259,16451,145436,10444,285808,10795,5226,5569
48775,302290,16454,145454,10446,285836,10795,5226,5569
48780,302321,16456,145473,10447,285865,10795,5226,5569
48785,302352,16459,145492,10450,285893,10796,5226,5570
48790,302383,16462,145504,10452,285921,10797,5227,5570
48795,302414,16464,145521,10453,285950,10798,5228,5570
48800,302445,16466,145534,10454,285979,10799,5228,5571
48805,302476,16468,145551,10456,286008,10800,5228,5572
48810,302507,16471,145570,10459,286036,10801,5228,5573
48815,302538,16474,145586,10461,286064,10802,5229,5573
48820,302569,16475,145601,10461,286094,10803,5229,5574
48825,302600,16476,145610,10461,286124,10804,5229,5575
48830,302631,16477,145634,10462,286154,10805,5230,5575
48835,302662,16478,145645,10462,286184,10806,5230,5576
48840,302693,16479,145659,10462,286214,10807,5231,5576
48845,302724,16482,145670,10464,286242,10808,5231,5577
48850,302755,16485,145684,10466,286270,10809,5231,5578
48855,302786,16487,145695,10466,286299,10810,5232,5578
48860,302817,16489,145711,10468,286328,10811,5233,5578
48865,302848,16491,145728,10469,286357,10812,5234,5578
48870,302879,16494,145741,10472,286385,10813,5235,5578
48875,302910,16496,145758,10473,286414,10815,5236,5579
48880,302941,16498,145768,10474,286443,10817,5236,5581
48885,302972,16501,145788,10477,286471,10819,5238,5581
48890,303003,16502,145801,10477,286501,10821,5240,5581
48895,303034,16503,145818,10477,286531,10823,5242,5581
48900,303065,16505,145835,10478,286560,10825,5243,5582
48905,303096,16507,145854,10480,286589,10827,5245,5582
48910,303127,16509,145871,10482,286618,10829,5246,5583
48915,303158,16512,145884,10484,286646,10831,5246,5585
48920,303189,16514,145903,10486,286675,10833,5247,5586
48925,303220,16517,145915,10488,286703,10835,5248,5587
48930,303251,16517,145931,10488,286734,10837,5249,5588
48935,303282,16517,145940,10488,286765,10839,5250,5589
48940,303313,16517,145955,10488,286796,10840,5251,5589
48945,303344,16517,145972,10488,286827,10841,5251,5590
48950,303375,16517,145989,10488,286858,10842,5251,5591
48955,303406,16517,146004,10488,286889,10843,5252,5591
48960,303437,16517,146022,10488,286920,10844,5252,5592
48965,303468,16517,146037,10488,286951,10845,5253,5592
48970,303499,16517,146054,10488,286982,10846,5253,5593
48975,303530,16517,146065,10488,287013,10847,5253,5594
48980,303561,16517,146083,10488,287044,10848,5253,5595
48985,303592,16517,146100,10488,287075,10849,5254,5595
48990,303623,16517,146116,10488,287106,10850,5255,5595
48995,303654,16518,146130,10488,287136,10851,5255,5596
49000,303685,16519,146149,10489,287166,10852,5256,5596
49005,303716,16521,146161,10490,287195,10853,5256,5597
49010,303747,16524,146177,10492,287223,10854,5257,5597
49015,303778,16527,146190,10493,287251,10855,5257,5598
49020,303809,16529,146202,10494,287280,10856,5257,5599
49025,303840,16533,146219,10497,287307,10856,5257,5599
49030,303871,16536,146234,10499,287335,10856,5257,5599
49035,303902,16539,146252,10502,287363,10856,5257,5599
49040,303933,16543,146271,10505,287390,10857,5257,5600
49045,303964,16547,146289,10507,287417,10858,5257,5601
49050,303995,16550,146300,10507,287445,10859,5258,5601
49055,304026,16553,146315,10508,287473,10860,5259,5601
49060,304057,16556,146326,10509,287501,10861,5259,5602
49065,304088,16559,146340,10511,287529,10862,5260,5602
49070,304119,16563,146353,10514,287556,10863,5261,5602
49075,304150,16568,146370,10519,287582,10864,5261,5603
49080,304181,16571,146385,10520,287610,10865,5262,5603
49085,304212,16574,146399,10523,287638,10866,5262,5604
49090,304243,16575,146412,10523,287668,10867,5262,5605
49095,304274,16576,146424,10523,287698,10868,5263,5605
49100,304305,16577,146436,10523,287728,10869,5264,5605
49105,304336,16578,146451,10523,287758,10870,5264,5606
49110,304367,16579,146464,10524,287788,10871,5265,5606
49115,304398,16580,146476,10524,287818,10872,5266,5606
49120,304429,16581,146488,10524,287848,10873,5266,5607
49125,304460,16582,146505,10525,287878,10874,5266,5608
49130,304491,16583,146524,10526,287908,10875,5267,5608
49135,304522,16584,146538,10526,287937,10876,5268,5608
49140,304553,16586,146552,10527,287967,10877,5269,5608
49145,304584,16589,146568,10529,287995,10878,5269,5609
49150,304615,16592,146582,10531,288023,10879,5269,5610
49155,304646,16596,146597,10534,288050,10880,5270,5610
49160,304677,16599,146610,10535,288078,10881,5270,5611
49165,304708,16602,146629,10537,288106,10882,5271,5611
49170,304739,16605,146643,10539,288134,10883,5271,5612
49175,304770,16605,146661,10539,288165,10884,5272,5612
49180,304801,16605,146679,10539,288196,10885,5273,5612
49185,304832,16605,146697,10539,288227,10887,5274,5613
49190,304863,16605,146708,10539,288258,10889,5274,5615
49195,304894,16605,146723,10539,288289,10891,5274,5617
49200,304925,16605,146735,10539,288320,10893,5275,5618
49205,304956,16605,146755,10539,288351,10895,5276,5619
49210,304987,16605,146765,10539,288382,10897,5276,5621
49215,305018,16605,146777,10539,288413,10899,5277,5622
49220,305049,16605,146793,10539,288444,10900,5278,5622
49225,305080,16605,146806,10539,288475,10901,5279,5622
49230,305111,16605,146818,10539,288506,10902,5279,5623
49235,305142,16605,146833,10539,288537,10903,5280,5623
49240,305173,16605,146850,10539,288568,10904,5280,5624
49245,305204,16606,146867,10539,288598,10905,5281,5624
49250,305235,16607,146880,10539,288627,10906,5281,5625
49255,305266,16609,146892,10540,288657,10907,5281,5626
49260,305297,16610,146910,10540,288686,10908,5282,5626
49265,305328,16615,146927,10544,288713,10909,5282,5627
49270,305359,16619,146944,10547,288740,10910,5282,5628
49275,305390,16622,146958,10550,288767,10911,5282,5629
49280,305421,16628,146972,10555,288792,10912,5282,5630
49285,305452,16635,146990,10560,288817,10913,5283,5630
49290,305483,16640,147007,10563,288843,10914,5283,5631
49295,305514,16643,147022,10565,288871,10915,5284,5631
49300,305545,16647,147034,10568,288898,10915,5284,5631
49305,305576,16650,147052,10570,288926,10915,5284,5631
49310,305607,16653,147068,10571,288954,10915,5284,5631
49315,305638,16655,147084,10571,288983,10915,5284,5631
49320,305669,16657,147096,10572,289012,10915,5284,5631
49325,305700,16659,147104,10573,289041,10916,5285,5631
49330,305731,16660,147120,10573,289071,10917,5285,5632
49335,305762,16660,147136,10573,289102,10918,5285,5633
49340,305793,16660,147152,10573,289133,10919,5285,5634
49345,305824,16660,147171,10573,289164,10920,5286,5634
49350,305855,16660,147185,10573,289195,10921,5286,5635
49355,305886,16660,147201,10573,289226,10922,5287,5635
49360,305917,16660,147216,10573,289257,10923,5288,5635
49365,305948,16660,147230,10573,289288,10924,5288,5636
49370,305979,16660,147246,10573,289319,10925,5289,5636
49375,306010,16660,147262,10573,289350,10926,5290,5636
49380,306041,16660,147278,10573,289381,10927,5291,5636
49385,306072,16660,147293,10573,289412,10928,5292,5636
49390,306103,16660,147309,10573,289443,10929,5293,5636
49395,306134,16660,147323,10573,289474,10930,5293,5637
49400,306165,16661,147333,10574,289504,10932,5293,5639
49405,306196,16662,147349,10574,289534,10934,5295,5639
49410,306227,16663,147368,10574,289564,10936,5296,5640
49415,306258,16664,147382,10574,289594,10938,5297,5641
49420,306289,16665,147397,10575,289624,10940,5298,5642
49425,306320,16666,147412,10575,289653,10942,5300,5642
49430,306351,16670,147422,10578,289681,10944,5300,5644
49435,306382,16673,147431,10580,289709,10946,5300,5646
49440,306413,16677,147447,10582,289735,10948,5302,5646
49445,306444,16678,147462,10583,289766,10949,5303,5646
49450,306475,16678,147475,10583,289797,10950,5304,5646
49455,306506,16678,147493,10583,289828,10951,5305,5646
49460,306537,16678,147508,10583,289859,10952,5306,5646
49465,306568,16678,147525,10583,289890,10953,5307,5646
49470,306599,16678,147538,10583,289921,10954,5307,5647
49475,306630,16678,147552,10583,289952,10955,5307,5648
49480,306661,16678,147567,10583,289983,10956,5307,5649
49485,306692,16678,147586,10583,290014,10957,5308,5649
49490,306723,16678,147603,10583,290045,10958,5309,5649
49495,306754,16678,147623,10583,290076,10959,5310,5649
49500,306785,16678,147641,10583,290107,10960,5310,5650
49505,306816,16678,147655,10583,290138,10961,5310,5651
49510,306847,16678,147671,10583,290169,10962,5311,5651
49515,306878,16678,147683,10583,290200,10963,5311,5652
49520,306909,16678,147699,10583,290231,10964,5312,5652
49525,306940,16678,147715,10583,290262,10965,5313,5652
49530,306971,16678,147730,10583,290293,10966,5313,5653
49535,307002,16678,147750,10583,290324,10967,5314,5653
49540,307033,16678,147764,10583,290355,10968,5314,5654
49545,307064,16679,147783,10584,290385,10970,5316,5654
49550,307095,16683,147794,10587,290412,10972,5316,5656
49555,307126,16688,147811,10591,290437,10974,5317,5657
49560,307157,16694,147826,10596,290462,10976,5318,5658
49565,307188,16697,147844,10598,290491,10976,5318,5658
49570,307219,16699,147862,10600,290520,10976,5318,5658
49575,307250,16699,147879,10600,290551,10976,5318,5658
49580,307281,16699,147891,10600,290582,10976,5318,5658
49585,307312,16699,147905,10600,290613,10976,5318,5658
49590,307343,16699,147925,10600,290644,10976,5318,5658
49595,307374,16699,147941,10600,290675,10976,5318,5658
49600,307405,16699,147955,10600,290706,10976,5318,5658
49605,307436,16699,147970,10600,290737,10976,5318,5658
49610,307467,16699,147982,10600,290768,10976,5318,5658
49615,307498,16699,147993,10600,290799,10976,5318,5658
49620,307529,16699,148009,10600,290830,10976,5318,5658
49625,307560,16699,148025,10600,290861,10976,5318,5658
49630,307591,16699,148033,10600,290892,10976,5318,5658
49635,307622,16699,148045,10600,290923,10976,5318,5658
49640,307653,16699,148057,10600,290954,10976,5318,5658
49645,307684,16699,148076,10600,290985,10976,5318,5658
49650,307715,16699,148090,10600,291016,10976,5318,5658
49655,307746,16699,148107,10600,291047,10976,5318,5658
49660,307777,16699,148123,10600,291078,10976,5318,5658
49665,307808,16700,148135,10600,291108,10978,5319,5659
49670,307839,16703,148147,10602,291136,10980,5319,5661
49675,307870,16708,148161,10605,291162,10982,5319,5663
49680,307901,16712,148174,10606,291189,10984,5320,5664
49685,307932,16715,148191,10608,291217,10986,5322,5664
49690,307963,16719,148209,10612,291243,10988,5323,5665
49695,307994,16723,148222,10614,291271,10990,5323,5667
49700,308025,16728,148238,10616,291296,10992,5324,5668
49705,308056,16733,148259,10621,291323,10994,5325,5669
49710,308087,16737,148274,10623,291350,10996,5326,5670
49715,308118,16740,148291,10626,291378,10998,5327,5671
49720,308149,16743,148310,10629,291406,11000,5329,5671
49725,308180,16745,148321,10630,291435,11001,5329,5672
49730,308211,16748,148337,10632,291463,11002,5329,5673
49735,308242,16750,148353,10634,291492,11003,5330,5673
49740,308273,16753,148370,10636,291520,11004,5330,5674
49745,308304,16756,148384,10638,291548,11005,5330,5675
49750,308335,16757,148403,10639,291578,11006,5330,5676
49755,308366,16758,148418,10640,291608,11007,5330,5677
49760,308397,16759,148429,10640,291638,11008,5330,5678
49765,308428,16760,148444,10640,291668,11009,5330,5679
49770,308459,16761,148461,10640,291698,11010,5330,5680
49775,308490,16762,148477,10640,291728,11011,5331,5680
49780,308521,16763,148495,10641,291758,11012,5331,5681
49785,308552,16764,148513,10642,291788,11013,5332,5681
49790,308583,16765,148529,10643,291818,11014,5333,5681
49795,308614,16765,148543,10643,291849,11015,5334,5681
49800,308645,16765,148555,10643,291880,11016,5334,5682
49805,308676,16767,148569,10644,291909,11017,5334,5683
49810,308707,16768,148584,10645,291939,11018,5335,5683
49815,308738,16769,148597,10645,291969,11019,5336,5683
49820,308769,16771,148618,10647,291998,11020,5337,5683
49825,308800,16773,148634,10649,292027,11022,5339,5683
49830,308831,16776,148647,10652,292055,11024,5339,5685
49835,308862,16779,148661,10654,292083,11026,5339,5687
49840,308893,16780,148673,10654,292113,11028,5340,5688
49845,308924,16782,148690,10655,292142,11030,5341,5689
49850,308955,16784,148700,10657,292171,11032,5342,5690
49855,308986,16786,148713,10659,292200,11034,5343,5691
49860,309017,16789,148730,10661,292228,11036,5344,5692
49865,309048,16791,148746,10663,292257,11038,5345,5693
49870,309079,16791,148758,10663,292288,11040,5347,5693
49875,309110,16791,148775,10663,292319,11042,5348,5694
49880,309141,16791,148792,10663,292350,11044,5350,5694
49885,309172,16791,148803,10663,292381,11046,5350,5696
49890,309203,16791,148813,10663,292412,11048,5350,5698
49895,309234,16792,148828,10664,292442,11050,5350,5700
49900,309265,16794,148848,10666,292471,11052,5351,5701
49905,309296,16796,148861,10668,292500,11053,5352,5701
49910,309327,16797,148879,10669,292530,11054,5353,5701
49915,309358,16798,148893,10669,292560,11055,5353,5702
49920,309389,16800,148908,10671,292589,11056,5354,5702
49925,309420,16802,148925,10672,292618,11057,5355,5702
49930,309451,16805,148936,10674,292646,11058,5355,5703
49935,309482,16807,148951,10674,292675,11059,5355,5704
49940,309513,16809,148964,10675,292704,11060,5356,5704
49945,309544,16811,148986,10677,292733,11061,5357,5704
49950,309575,16813,149005,10679,292762,11062,5358,5704
49955,309606,16815,149025,10679,292791,11063,5359,5704
49960,309637,16817,149038,10681,292820,11064,5359,5705
49965,309668,16819,149054,10682,292849,11065,5360,5705
49970,309699,16821,149069,10682,292878,11066,5361,5705
49975,309730,16824,149085,10684,292906,11067,5362,5705
49980,309761,16827,149100,10685,292934,11068,5362,5706
49985,309792,16830,149110,10687,292962,11069,5362,5707
49990,309823,16833,149128,10688,292990,11070,5363,5707
49995,309854,16836,149141,10690,293018,11071,5363,5708
50000,309885,16839,149153,10692,293046,11072,5364,5708
50005,309916,16841,149165,10694,293075,11074,5365,5709
50010,309947,16843,149178,10695,293104,11076,5366,5710
50015,309978,16845,149188,10696,293133,11078,5367,5711
50020,310009,16848,149201,10697,293161,11080,5368,5712
50025,310040,16850,149215,10698,293190,11082,5369,5713
50030,310071,16854,149230,10700,293217,11084,5370,5714
50035,310102,16859,149245,10705,293243,11086,5372,5714
50040,310133,16864,149263,10709,293269,11088,5374,5714
50045,310164,16865,149279,10710,293298,11089,5374,5715
50050,310195,16868,149292,10712,293327,11090,5375,5715
50055,310226,16869,149304,10713,293356,11090,5375,5715
50060,310257,16871,149322,10715,293386,11090,5375,5715
50065,310288,16872,149337,10716,293416,11090,5375,5715
50070,310319,16872,149349,10716,293447,11090,5375,5715
50075,310350,16872,149361,10716,293478,11090,5375,5715
50080,310381,16872,149371,10716,293509,11090,5375,5715
50085,310412,16872,149385,10716,293540,11090,5375,5715
50090,310443,16872,149400,10716,293571,11090,5375,5715
50095,310474,16872,149419,10716,293602,11090,5375,5715
50100,310505,16872,149436,10716,293633,11090,5375,5715
50105,310536,16872,149453,10716,293664,11091,5375,5716
50110,310567,16872,149468,10716,293695,11091,5375,5716
50115,310598,16872,149485,10716,293726,11091,5375,5716
50120,310629,16872,149501,10716,293757,11091,5375,5716
50125,310660,16872,149517,10716,293788,11091,5375,5716
50130,310691,16872,149532,10716,293819,11091,5375,5716
50135,310722,16872,149547,10716,293850,11091,5375,5716
50140,310753,16872,149562,10716,293881,11091,5375,5716
50145,310784,16872,149575,10716,293912,11091,5375,5716
50150,310815,16873,149590,10717,293942,11092,5375,5717
50155,310846,16877,149602,10720,293969,11093,5375,5718
50160,310877,16881,149616,10724,293996,11094,5375,5719
50165,310908,16883,149633,10724,294024,11095,5375,5720
50170,310939,16887,149651,10727,294051,11096,5375,5721
50175,310970,16889,149666,10729,294080,11097,5375,5722
50180,311001,16891,149687,10731,294110,11098,5376,5722
50185,311032,16892,149698,10731,294140,11099,5377,5722
50190,311063,16893,149711,10732,294170,11100,5377,5723
50195,311094,16894,149727,10733,294200,11101,5378,5723
50200,311125,16895,149745,10733,294230,11102,5379,5723
50205,311156,16896,149758,10733,294259,11103,5379,5724
50210,311187,16898,149774,10734,294289,11105,5381,5724
50215,311218,16899,149789,10734,294318,11107,5382,5725
50220,311249,16901,149808,10736,294348,11109,5382,5727
50225,311280,16902,149823,10737,294378,11111,5383,5728
50230,311311,16903,149837,10738,294408,11113,5383,5730
50235,311342,16904,149847,10738,294438,11115,5384,5731
50240,311373,16905,149860,10738,294468,11117,5384,5733
50245,311404,16906,149878,10739,294498,11119,5385,5734
50250,311435,16907,149890,10739,294528,11121,5386,5735
50255,311466,16908,149903,10739,294558,11123,5387,5736
50260,311497,16909,149914,10739,294588,11125,5389,5736
50265,311528,16911,149930,10741,294617,11127,5390,5737
50270,311559,16913,149942,10743,294646,11129,5392,5737
50275,311590,16916,149962,10746,294674,11131,5394,5737
50280,311621,16919,149979,10748,294702,11132,5394,5738
50285,311652,16921,149998,10750,294731,11133,5395,5738
50290,311683,16923,150012,10751,294760,11134,5395,5739
50295,311714,16924,150029,10752,294790,11135,5395,5740
50300,311745,16925,150043,10752,294819,11136,5396,5740
50305,311776,16927,150060,10754,294849,11137,5397,5740
50310,311807,16929,150082,10756,294877,11138,5398,5740
50315,311838,16931,150094,10757,294906,11139,5399,5740
50320,311869,16934,150107,10759,294935,11140,5400,5740
50325,311900,16935,150125,10760,294965,11141,5400,5741
50330,311931,16937,150142,10761,294994,11142,5401,5741
50335,311962,16937,150158,10761,295025,11143,5402,5741
50340,311993,16937,150179,10761,295056,11144,5402,5742
50345,312024,16937,150193,10761,295087,11145,5403,5742
50350,312055,16937,150211,10761,295118,11146,5403,5743
50355,312086,16937,150226,10761,295149,11147,5403,5744
50360,312117,16937,150243,10761,295180,11148,5403,5745
50365,312148,16937,150259,10761,295211,11149,5404,5745
50370,312179,16938,150272,10761,295241,11150,5404,5746
50375,312210,16939,150289,10762,295271,11151,5404,5747
50380,312241,16940,150300,10763,295301,11153,5405,5748
50385,312272,16942,150318,10764,295330,11155,5405,5750
50390,312303,16945,150333,10766,295358,11157,5406,5751
50395,312334,16949,150351,10769,295385,11159,5408,5751
50400,312365,16953,150368,10772,295412,11161,5409,5752
50405,312396,16955,150376,10773,295441,11163,5409,5754
50410,312427,16958,150388,10775,295469,11165,5409,5756
50415,312458,16961,150405,10777,295497,11167,5409,5758
50420,312489,16961,150421,10777,295528,11168,5410,5758
50425,312520,16961,150434,10777,295559,11169,5411,5758
50430,312551,16961,150447,10777,295590,11170,5411,5759
50435,312582,16961,150462,10777,295621,11171,5411,5760
50440,312613,16963,150473,10778,295650,11172,5411,5761
50445,312644,16965,150488,10780,295679,11173,5411,5762
50450,312675,16966,150500,10780,295709,11174,5412,5762
50455,312706,16967,150513,10780,295739,11175,5412,5763
50460,312737,16969,150527,10782,295768,11176,5413,5763
50465,312768,16970,150538,10782,295797,11177,5414,5763
50470,312799,16972,150558,10783,295827,11178,5415,5763
50475,312830,16972,150576,10783,295858,11179,5416,5763
50480,312861,16972,150591,10783,295889,11180,5417,5763
50485,312892,16972,150603,10783,295920,11181,5417,5764
50490,312923,16972,150620,10783,295951,11182,5417,5765
50495,312954,16972,150631,10783,295982,11183,5417,5766
50500,312985,16972,150648,10783,296013,11184,5418,5766
50505,313016,16972,150662,10783,296044,11185,5419,5766
50510,313047,16972,150675,10783,296075,11186,5419,5767
50515,313078,16974,150689,10785,296104,11187,5419,5768
50520,313109,16976,150707,10787,296133,11189,5420,5769
50525,313140,16979,150721,10788,296161,11190,5420,5770
50530,313171,16983,150736,10791,296188,11191,5420,5771
50535,313202,16987,150751,10793,296215,11192,5420,5772
50540,313233,16990,150764,10796,296243,11193,5421,5772
50545,313264,16992,150780,10798,296272,11194,5421,5773
50550,313295,16994,150799,10800,296301,11195,5422,5773
50555,313326,16996,150814,10802,296330,11196,5423,5773
50560,313357,16998,150830,10803,296359,11197,5424,5773
50565,313388,17000,150848,10804,296388,11197,5424,5773
50570,313419,17001,150858,10804,296418,11197,5424,5773
50575,313450,17003,150873,10805,296447,11197,5424,5773
50580,313481,17006,150890,10807,296475,11197,5424,5773
50585,313512,17011,150907,10811,296501,11197,5424,5773
50590,313543,17013,150927,10813,296530,11197,5424,5773
50595,313574,17014,150939,10813,296559,11197,5424,5773
50600,313605,17016,150955,10814,296589,11197,5424,5773
50605,313636,17017,150972,10814,296619,11197,5424,5773
50610,313667,17019,150983,10816,296648,11197,5424,5773
50615,313698,17021,151003,10818,296677,11197,5424,5773
50620,313729,17022,151013,10818,296707,11197,5424,5773
50625,313760,17023,151026,10818,296737,11197,5424,5773
50630,313791,17025,151042,10819,296766,11198,5425,5773
50635,313822,17025,151056,10819,296797,11199,5425,5774
50640,313853,17025,151076,10819,296828,11200,5426,5774
50645,313884,17027,151093,10820,296857,11201,5426,5775
50650,313915,17028,151109,10821,296887,11202,5427,5775
50655,313946,17029,151125,10822,296916,11203,5428,5775
50660,313977,17031,151139,10823,296945,11204,5428,5776
50665,314008,17034,151156,10825,296974,11206,5430,5776
50670,314039,17035,151165,10826,297003,11208,5430,5778
50675,314070,17037,151183,10828,297033,11210,5431,5779
50680,314101,17037,151195,10828,297064,11212,5431,5781
50685,314132,17037,151211,10828,297095,11214,5432,5782
50690,314163,17037,151229,10828,297126,11216,5433,5783
50695,314194,17038,151241,10829,297156,11218,5434,5784
50700,314225,17039,151254,10829,297186,11220,5436,5784
50705,314256,17042,151267,10832,297214,11222,5437,5785
50710,314287,17044,151285,10833,297243,11224,5439,5785
50715,314318,17047,151302,10834,297271,11226,5441,5785
50720,314349,17049,151317,10836,297300,11228,5442,5786
50725,314380,17051,151328,10836,297329,11230,5444,5786
50730,314411,17053,151345,10837,297358,11232,5445,5787
50735,314442,17055,151360,10838,297387,11234,5447,5787
50740,314473,17058,151373,10840,297415,11236,5448,5788
50745,314504,17060,151387,10840,297444,11238,5449,5789
50750,314535,17063,151402,10843,297472,11239,5449,5790
50755,314566,17067,151418,10846,297499,11240,5449,5791
50760,314597,17072,151431,10850,297525,11241,5450,5791
50765,314628,17074,151442,10851,297554,11242,5451,5791
50770,314659,17075,151457,10852,297584,11243,5452,5791
50775,314690,17077,151471,10854,297613,11244,5453,5791
50780,314721,17078,151487,10855,297643,11245,5454,5791
50785,314752,17080,151504,10856,297671,11246,5454,5792
50790,314783,17082,151525,10857,297701,11247,5455,5792
50795,314814,17082,151544,10857,297732,11248,5455,5793
50800,314845,17082,151559,10857,297763,11249,5456,5793
50805,314876,17082,151570,10857,297794,11250,5456,5794
50810,314907,17082,151586,10857,297825,11251,5457,5794
50815,314938,17082,151598,10857,297856,11252,5458,5794
50820,314969,17082,151617,10857,297887,11253,5458,5795
50825,315000,17084,151632,10858,297916,11254,5458,5796
50830,315031,17085,151649,10859,297945,11255,5458,5797
50835,315062,17087,151660,10861,297975,11256,5458,5798
50840,315093,17087,151677,10861,298006,11257,5459,5798
50845,315124,17087,151699,10861,298037,11258,5459,5799
50850,315155,17087,151713,10861,298068,11259,5459,5800
50855,315186,17087,151727,10861,298099,11261,5459,5802
50860,315217,17087,151740,10861,298130,11263,5460,5803
50865,315248,17088,151751,10861,298160,11265,5460,5805
50870,315279,17091,151770,10862,298188,11267,5461,5806
50875,315310,17094,151790,10864,298216,11269,5463,5806
50880,315341,17096,151806,10865,298245,11271,5464,5807
50885,315372,17099,151820,10866,298273,11273,5465,5808
50890,315403,17102,151835,10868,298301,11275,5465,5810
50895,315434,17105,151852,10871,298329,11277,5467,5810
50900,315465,17109,151865,10873,298356,11279,5469,5810
50905,315496,17112,151878,10874,298384,11281,5471,5810
50910,315527,17116,151899,10878,298411,11283,5472,5811
50915,315558,17121,151918,10883,298437,11285,5472,5813
50920,315589,17125,151932,10887,298464,11287,5474,5813
50925,315620,17130,151944,10890,298490,11289,5476,5813
50930,315651,17133,151956,10892,298518,11291,5476,5815
50935,315682,17139,151969,10895,298543,11293,5477,5816
50940,315713,17142,151984,10897,298571,11295,5479,5816
50945,315744,17143,151997,10897,298601,11295,5479,5816
50950,315775,17144,152013,10898,298631,11295,5479,5816
50955,315806,17146,152026,10900,298660,11295,5479,5816
50960,315837,17147,152039,10900,298690,11295,5479,5816
50965,315868,17148,152051,10901,298719,11295,5479,5816
50970,315899,17150,152057,10902,298749,11295,5479,5816
50975,315930,17150,152077,10902,298780,11295,5479,5816
50980,315961,17150,152088,10902,298811,11295,5479,5816
50985,315992,17150,152098,10902,298842,11295,5479,5816
50990,316023,17150,152115,10902,298873,11295,5479,5816
50995,316054,17150,152130,10902,298904,11295,5479,5816
51000,316085,17150,152145,10902,298935,11295,5479,5816
51005,316116,17150,152160,10902,298966,11295,5479,5816
51010,316147,17150,152175,10902,298997,11295,5479,5816
51015,316178,17150,152186,10902,299028,11295,5479,5816
51020,316209,17150,152198,10902,299059,11295,5479,5816
51025,316240,17150,152211,10902,299090,11295,5479,5816
51030,316271,17150,152224,10902,299121,11295,5479,5816
51035,316302,17150,152234,10902,299152,11295,5479,5816
51040,316333,17151,152247,10903,299182,11295,5479,5816
51045,316364,17152,152267,10904,299212,11296,5480,5816
51050,316395,17154,152285,10904,299241,11297,5480,5817
51055,316426,17156,152294,10904,299270,11298,5480,5818
51060,316457,17159,152312,10906,299298,11300,5480,5820
51065,316488,17162,152327,10908,299326,11302,5480,5822
51070,316519,17165,152341,10910,299354,11304,5480,5824
51075,316550,17168,152353,10911,299382,11306,5481,5825
51080,316581,17173,152371,10914,299408,11308,5482,5826
51085,316612,17179,152386,10917,299433,11310,5482,5828
51090,316643,17182,152398,10919,299461,11312,5483,5829
51095,316674,17187,152413,10923,299487,11314,5485,5829
51100,316705,17192,152427,10926,299513,11316,5486,5830
51105,316736,17196,152440,10929,299540,11318,5486,5832
51110,316767,17198,152458,10931,299569,11319,5487,5832
51115,316798,17200,152475,10933,299598,11320,5488,5832
51120,316829,17202,152489,10935,299627,11321,5488,5833
51125,316860,17205,152506,10936,299655,11322,5488,5834
51130,316891,17208,152520,10937,299683,11323,5488,5835
51135,316922,17212,152537,10940,299710,11324,5488,5836
51140,316953,17215,152554,10941,299738,11325,5489,5836
51145,316984,17216,152569,10941,299768,11326,5489,5837
51150,317015,17217,152582,10942,299798,11327,5490,5837
51155,317046,17218,152597,10943,299828,11328,5491,5837
51160,317077,17219,152612,10944,299858,11329,5491,5838
51165,317108,17220,152624,10944,299888,11330,5491,5839
51170,317139,17221,152632,10944,299918,11331,5491,5840
51175,317170,17222,152645,10945,299948,11332,5491,5841
51180,317201,17223,152663,10946,299977,11333,5491,5842
51185,317232,17224,152676,10947,300008,11334,5491,5843
51190,317263,17224,152691,10947,300039,11335,5492,5843
51195,317294,17224,152711,10947,300070,11336,5492,5844
51200,317325,17224,152728,10947,300101,11337,5493,5844
51205,317356,17224,152740,10947,300132,11338,5493,5845
51210,317387,17224,152756,10947,300163,11340,5494,5846
51215,317418,17225,152768,10947,300193,11342,5494,5848
51220,317449,17226,152781,10948,300223,11344,5495,5849
51225,317480,17228,152792,10950,300252,11346,5496,5850
51230,317511,17230,152807,10952,300281,11348,5496,5852
51235,317542,17232,152824,10953,300310,11350,5496,5854
51240,317573,17233,152834,10953,300340,11352,5496,5856
51245,317604,17234,152848,10954,300370,11354,5497,5857
51250,317635,17237,152860,10957,300398,11356,5497,5859
51255,317666,17241,152875,10960,300425,11358,5498,5860
51260,317697,17246,152893,10963,300451,11360,5499,5861
51265,317728,17248,152911,10964,300480,11362,5499,5863
51270,317759,17250,152918,10964,300509,11364,5499,5865
51275,317790,17254,152932,10968,300536,11366,5500,5866
51280,317821,17255,152948,10968,300566,11368,5501,5867
51285,317852,17256,152960,10968,300596,11370,5501,5869
51290,317883,17258,152974,10970,300625,11371,5502,5869
51295,317914,17262,152987,10973,300652,11372,5503,5869
51300,317945,17267,153005,10977,300678,11373,5503,5870
51305,317976,17268,153015,10977,300707,11374,5503,5871
51310,318007,17270,153030,10978,300737,11375,5504,5871
51315,318038,17271,153042,10979,300766,11376,5505,5871
51320,318069,17273,153056,10980,300796,11377,5506,5871
51325,318100,17274,153070,10980,300826,11378,5507,5871
51330,318131,17275,153087,10981,300856,11379,5507,5872
51335,318162,17276,153097,10982,300886,11380,5507,5873
51340,318193,17277,153107,10982,300916,11381,5508,5873
51345,318224,17278,153119,10982,300946,11382,5509,5873
51350,318255,17279,153136,10982,300976,11383,5510,5873
51355,318286,17280,153153,10982,301006,11384,5510,5874
51360,318317,17281,153163,10982,301036,11385,5510,5875
51365,318348,17282,153182,10982,301066,11387,5512,5875
51370,318379,17283,153200,10982,301096,11389,5513,5876
51375,318410,17284,153214,10982,301126,11391,5514,5877
51380,318441,17285,153228,10982,301156,11393,5515,5878
51385,318472,17287,153241,10982,301185,11395,5515,5880
51390,318503,17289,153258,10982,301214,11397,5516,5881
51395,318534,17291,153268,10983,301243,11399,5516,5883
51400,318565,17294,153284,10984,301271,11401,5517,5884
51405,318596,17298,153300,10986,301298,11403,5518,5885
51410,318627,17303,153314,10990,301324,11405,5520,5885
51415,318658,17309,153334,10996,301349,11407,5521,5886
51420,318689,17314,153347,10999,301375,11409,5523,5886
51425,318720,17314,153364,10999,301406,11409,5523,5886
51430,318751,17314,153376,10999,301437,11409,5523,5886
51435,318782,17314,153388,10999,301468,11409,5523,5886
51440,318813,17314,153401,10999,301499,11409,5523,5886
51445,318844,17314,153418,10999,301530,11409,5523,5886
51450,318875,17314,153434,10999,301561,11409,5523,5886
51455,318906,17314,153451,10999,301592,11409,5523,5886
51460,318937,17314,153468,10999,301623,11409,5523,5886
51465,318968,17314,153481,10999,301654,11409,5523,5886
51470,318999,17314,153495,10999,301685,11409,5523,5886
51475,319030,17314,153508,10999,301716,11409,5523,5886
51480,319061,17314,153526,10999,301747,11409,5523,5886
51485,319092,17314,153545,10999,301778,11409,5523,5886
51490,319123,17314,153562,10999,301809,11409,5523,5886
51495,319154,17314,153580,10999,301840,11409,5523,5886
51500,319185,17314,153595,10999,301871,11409,5523,5886
51505,319216,17314,153612,10999,301902,11409,5523,5886
51510,319247,17314,153623,10999,301933,11409,5523,5886
51515,319278,17314,153635,10999,301964,11409,5523,5886
51520,319309,17314,153647,10999,301995,11409,5523,5886
51525,319340,17315,153666,10999,302025,11411,5525,5886
51530,319371,17320,153678,11004,302051,11413,5525,5888
51535,319402,17325,153688,11008,302077,11415,5525,5890
51540,319433,17330,153702,11013,302103,11417,5527,5890
51545,319464,17332,153721,11015,302132,11419,5528,5891
51550,319495,17334,153742,11017,302161,11421,5529,5892
51555,319526,17334,153755,11017,302192,11422,5530,5892
51560,319557,17334,153770,11017,302223,11423,5531,5892
51565,319588,17334,153791,11017,302254,11424,5532,5892
51570,319619,17334,153808,11017,302285,11425,5532,5893
51575,319650,17334,153824,11017,302316,11426,5533,5893
51580,319681,17334,153840,11017,302347,11427,5533,5894
51585,319712,17334,153854,11017,302378,11428,5534,5894
51590,319743,17334,153868,11017,302409,11429,5534,5895
51595,319774,17334,153884,11017,302440,11430,5534,5896
51600,319805,17334,153900,11017,302471,11431,5535,5896
51605,319836,17334,153918,11017,302502,11432,5536,5896
51610,319867,17334,153931,11017,302533,11433,5536,5897
51615,319898,17334,153939,11017,302564,11434,5536,5898
51620,319929,17334,153955,11017,302595,11435,5536,5899
51625,319960,17334,153970,11017,302626,11436,5537,5899
51630,319991,17334,153986,11017,302657,11437,5537,5900
51635,320022,17334,154007,11017,302688,11438,5538,5900
51640,320053,17334,154022,11017,302719,11439,5539,5900
51645,320084,17334,154039,11017,302750,11440,5539,5901
51650,320115,17338,154056,11020,302777,11441,5539,5902
51655,320146,17341,154071,11021,302805,11443,5540,5903
51660,320177,17345,154086,11022,302832,11445,5542,5903
51665,320208,17349,154102,11024,302859,11447,5543,5904
51670,320239,17351,154121,11026,302888,11449,5543,5906
51675,320270,17354,154135,11028,302916,11450,5543,5907
51680,320301,17357,154149,11029,302944,11451,5543,5908
51685,320332,17359,154168,11031,302973,11452,5544,5908
51690,320363,17360,154182,11032,303003,11453,5544,5909
51695,320394,17361,154202,11033,303033,11454,5545,5909
51700,320425,17362,154219,11033,303063,11455,5546,5909
51705,320456,17363,154239,11034,303093,11456,5547,5909
51710,320487,17364,154255,11034,303123,11457,5547,5910
51715,320518,17365,154279,11035,303153,11458,5548,5910
51720,320549,17366,154297,11036,303183,11459,5549,5910
51725,320580,17367,154311,11037,303213,11460,5550,5910
51730,320611,17368,154330,11037,303243,11461,5551,5910
51735,320642,17369,154345,11038,303273,11462,5551,5911
51740,320673,17370,154355,11039,303303,11463,5552,5911
51745,320704,17371,154366,11039,303333,11464,5552,5912
51750,320735,17372,154380,11040,303363,11465,5552,5913
51755,320766,17373,154393,11041,303393,11466,5552,5914
51760,320797,17374,154409,11041,303423,11467,5552,5915
51765,320828,17375,154424,11041,303452,11468,5552,5916
51770,320859,17379,154438,11043,303479,11469,5553,5916
51775,320890,17383,154450,11047,303507,11470,5553,5917
51780,320921,17386,154463,11049,303534,11472,5555,5917
51785,320952,17391,154482,11053,303561,11473,5555,5918
51790,320983,17393,154497,11054,303590,11474,5555,5919
51795,321014,17394,154507,11054,303620,11474,5555,5919
51800,321045,17396,154526,11056,303649,11474,5555,5919
51805,321076,17398,154543,11058,303678,11474,5555,5919
51810,321107,17400,154561,11059,303707,11474,5555,5919
51815,321138,17401,154574,11059,303737,11474,5555,5919
51820,321169,17403,154589,11061,303766,11474,5555,5919
51825,321200,17404,154603,11061,303796,11474,5555,5919
51830,321231,17406,154617,11062,303825,11474,5555,5919
51835,321262,17408,154629,11063,303854,11474,5555,5919
51840,321293,17410,154641,11064,303883,11474,5555,5919
51845,321324,17410,154651,11064,303914,11474,5555,5919
51850,321355,17410,154672,11064,303945,11474,5555,5919
51855,321386,17410,154689,11064,303976,11474,5555,5919
51860,321417,17410,154708,11064,304007,11474,5555,5919
51865,321448,17410,154720,11064,304038,11474,5555,5919
51870,321479,17410,154733,11064,304069,11474,5555,5919
51875,321510,17410,154751,11064,304100,11474,5555,5919
51880,321541,17410,154768,11064,304131,11474,5555,5919
51885,321572,17410,154780,11064,304162,11475,5556,5919
51890,321603,17411,154797,11065,304192,11476,5556,5920
51895,321634,17412,154814,11065,304222,11477,5556,5921
51900,321665,17416,154830,11069,304248,11479,5557,5922
51905,321696,17421,154850,11073,304275,11480,5558,5922
51910,321727,17422,154869,11073,304305,11481,5558,5923
51915,321758,17423,154885,11073,304335,11482,5559,5923
51920,321789,17424,154898,11074,304365,11483,5559,5924
51925,321820,17425,154916,11075,304395,11484,5560,5924
51930,321851,17426,154934,11075,304425,11485,5561,5924
51935,321882,17427,154952,11075,304455,11486,5561,5925
51940,321913,17428,154968,11076,304485,11487,5562,5925
51945,321944,17429,154982,11076,304515,11488,5563,5925
51950,321975,17430,154997,11077,304545,11489,5563,5926
51955,322006,17431,155018,11078,304575,11490,5564,5926
51960,322037,17432,155028,11079,304605,11491,5564,5927
51965,322068,17436,155043,11082,304632,11492,5564,5928
51970,322099,17439,155056,11084,304660,11493,5564,5929
51975,322130,17441,155073,11086,304689,11494,5565,5929
51980,322161,17443,155087,11086,304718,11495,5565,5930
51985,322192,17446,155103,11088,304746,11496,5566,5930
51990,322223,17449,155119,11090,304774,11497,5566,5931
51995,322254,17452,155136,11091,304802,11498,5566,5932
52000,322285,17454,155148,11092,304831,11499,5567,5932
52005,322316,17455,155165,11092,304861,11500,5568,5932
52010,322347,17457,155184,11094,304890,11501,5568,5933
52015,322378,17459,155196,11095,304919,11502,5568,5934
52020,322409,17460,155211,11096,304949,11503,5569,5934
52025,322440,17462,155228,11098,304977,11505,5570,5935
52030,322471,17465,155240,11100,305006,11507,5570,5937
52035,322502,17466,155251,11101,305036,11508,5570,5938
52040,322533,17468,155265,11102,305065,11509,5570,5939
52045,322564,17470,155282,11104,305094,11510,5570,5940
52050,322595,17472,155294,11105,305123,11511,5570,5941
52055,322626,17473,155307,11105,305153,11512,5571,5941
52060,322657,17473,155322,11105,305184,11513,5572,5941
52065,322688,17473,155337,11105,305215,11514,5573,5941
52070,322719,17473,155350,11105,305246,11515,5573,5942
52075,322750,17473,155367,11105,305277,11516,5574,5942
52080,322781,17473,155383,11105,305308,11517,5574,5943
52085,322812,17473,155398,11105,305339,11518,5575,5943
52090,322843,17473,155413,11105,305370,11519,5576,5943
52095,322874,17473,155430,11105,305401,11520,5577,5943
52100,322905,17473,155444,11105,305432,11521,5578,5943
52105,322936,17474,155459,11105,305462,11522,5579,5943
52110,322967,17475,155479,11106,305492,11523,5579,5944
52115,322998,17476,155494,11106,305522,11524,5579,5945
52120,323029,17477,155506,11107,305552,11525,5580,5945
52125,323060,17478,155521,11108,305582,11526,5581,5945
52130,323091,17479,155537,11108,305612,11527,5582,5945
52135,323122,17481,155552,11110,305641,11529,5582,5947
52140,323153,17483,155561,11112,305670,11531,5582,5949
52145,323184,17485,155575,11113,305699,11532,5582,5950
52150,323215,17488,155585,11116,305727,11533,5582,5951
52155,323246,17492,155601,11119,305754,11534,5583,5951
52160,323277,17497,155618,11123,305780,11535,5583,5952
52165,323308,17501,155634,11126,305806,11536,5583,5953
52170,323339,17504,155647,11128,305835,11537,5583,5954
52175,323370,17507,155660,11130,305863,11538,5583,5955
52180,323401,17511,155676,11134,305889,11539,5583,5956
52185,323432,17515,155692,11136,305916,11540,5583,5957
52190,323463,17518,155708,11137,305944,11540,5583,5957
52195,323494,17523,155725,11141,305971,11540,5583,5957
52200,323525,17526,155743,11143,305998,11540,5583,5957
52205,323556,17527,155756,11144,306029,11541,5584,5957
52210,323587,17527,155778,11144,306060,11542,5585,5957
52215,323618,17527,155793,11144,306091,11543,5585,5958
52220,323649,17527,155809,11144,306122,11544,5586,5958
52225,323680,17527,155826,11144,306153,11545,5587,5958
52230,323711,17527,155841,11144,306184,11546,5588,5958
52235,323742,17527,155856,11144,306215,11547,5588,5959
52240,323773,17527,155872,11144,306246,11548,5588,5960
52245,323804,17527,155890,11144,306277,11549,5588,5961
52250,323835,17527,155901,11144,306308,11550,5588,5962
52255,323866,17527,155917,11144,306339,11551,5588,5963
52260,323897,17527,155930,11144,306370,11552,5589,5963
52265,323928,17530,155946,11145,306398,11553,5589,5964
52270,323959,17534,155965,11148,306424,11554,5590,5964
52275,323990,17539,155980,11151,306451,11555,5591,5964
52280,324021,17542,155994,11153,306479,11556,5591,5965
52285,324052,17545,156008,11155,306506,11557,5591,5966
52290,324083,17549,156021,11158,306534,11558,5591,5967
52295,324114,17552,156033,11161,306561,11559,5591,5968
52300,324145,17555,156048,11162,306590,11560,5592,5968
52305,324176,17557,156063,11163,306619,11561,5593,5968
52310,324207,17559,156083,11164,306647,11563,5595,5968
52315,324238,17562,156100,11166,306676,11565,5597,5968
52320,324269,17563,156112,11167,306706,11567,5599,5968
52325,324300,17566,156127,11168,306734,11568,5600,5968
52330,324331,17569,156138,11170,306762,11569,5601,5968
52335,324362,17571,156150,11171,306791,11570,5602,5968
52340,324393,17573,156162,11172,306820,11571,5602,5969
52345,324424,17575,156180,11173,306849,11572,5603,5969
52350,324455,17577,156195,11175,306878,11573,5603,5970
52355,324486,17580,156210,11177,306906,11574,5604,5970
52360,324517,17582,156225,11178,306935,11575,5605,5970
52365,324548,17584,156238,11179,306964,11576,5605,5971
52370,324579,17586,156255,11180,306993,11577,5605,5972
52375,324610,17588,156267,11181,307022,11578,5605,5973
52380,324641,17591,156281,11184,307050,11579,5606,5973
52385,324672,17593,156296,11186,307079,11579,5606,5973
52390,324703,17594,156314,11186,307109,11579,5606,5973
52395,324734,17595,156328,11187,307139,11579,5606,5973
52400,324765,17597,156340,11188,307168,11579,5606,5973
52405,324796,17597,156356,11188,307199,11579,5606,5973
52410,324827,17597,156373,11188,307230,11579,5606,5973
52415,324858,17597,156391,11188,307261,11579,5606,5973
52420,324889,17597,156409,11188,307292,11579,5606,5973
52425,324920,17597,156419,11188,307323,11580,5606,5974
52430,324951,17597,156436,11188,307354,11581,5607,5974
52435,324982,17597,156447,11188,307385,11582,5608,5974
52440,325013,17597,156464,11188,307416,11583,5608,5975
52445,325044,17597,156480,11188,307447,11585,5610,5975
52450,325075,17597,156497,11188,307478,11586,5611,5975
52455,325106,17597,156516,11188,307509,11587,5612,5975
52460,325137,17597,156529,11188,307540,11588,5613,5975
52465,325168,17597,156546,11188,307571,11589,5614,5975
52470,325199,17597,156561,11188,307602,11590,5615,5975
52475,325230,17597,156575,11188,307633,11591,5615,5976
52480,325261,17597,156589,11188,307664,11592,5616,5976
52485,325292,17597,156606,11188,307695,11593,5616,5977
52490,325323,17598,156625,11189,307725,11594,5617,5977
52495,325354,17600,156641,11191,307754,11595,5618,5977
52500,325385,17602,156653,11191,307783,11596,5618,5978
52505,325416,17606,156666,11192,307810,11597,5618,5979
52510,325447,17610,156681,11195,307837,11598,5619,5979
52515,325478,17615,156695,11199,307863,11599,5619,5980
52520,325509,17620,156714,11203,307889,11600,5620,5980
52525,325540,17625,156726,11206,307915,11601,5620,5981
52530,325571,17628,156740,11208,307943,11602,5620,5982
52535,325602,17630,156757,11210,307972,11603,5621,5982
52540,325633,17632,156775,11212,308001,11604,5622,5982
52545,325664,17634,156791,11213,308030,11605,5623,5982
52550,325695,17636,156805,11214,308059,11607,5624,5983
52555,325726,17638,156818,11214,308088,11609,5625,5984
52560,325757,17640,156835,11215,308117,11611,5625,5986
52565,325788,17641,156849,11216,308147,11612,5625,5987
52570,325819,17642,156864,11217,308177,11613,5626,5987
52575,325850,17643,156877,11217,308207,11614,5626,5988
52580,325881,17644,156890,11217,308237,11615,5627,5988
52585,325912,17645,156907,11217,308267,11616,5627,5989
52590,325943,17646,156926,11218,308297,11617,5628,5989
52595,325974,17647,156946,11219,308327,11618,5628,5990
52600,326005,17648,156961,11220,308357,11619,5628,5991
52605,326036,17649,156979,11221,308386,11620,5629,5991
52610,326067,17652,156994,11223,308414,11621,5629,5992
52615,326098,17654,157009,11224,308443,11622,5630,5992
52620,326129,17657,157023,11226,308471,11623,5631,5992
52625,326160,17661,157037,11229,308499,11624,5631,5993
52630,326191,17664,157054,11231,308527,11625,5632,5993
52635,326222,17668,157070,11235,308554,11626,5633,5993
52640,326253,17671,157090,11238,308582,11627,5633,5994
52645,326284,17674,157106,11241,308610,11628,5633,5995
52650,326315,17677,157119,11244,308638,11629,5633,5996
52655,326346,17679,157137,11245,308667,11630,5634,5996
52660,326377,17681,157153,11246,308696,11631,5634,5997
52665,326408,17681,157165,11246,308727,11633,5635,5998
52670,326439,17681,157178,11246,308758,11635,5637,5998
52675,326470,17681,157190,11246,308789,11637,5638,5999
52680,326501,17681,157203,11246,308820,11639,5638,6001
52685,326532,17681,157219,11246,308851,11640,5638,6002
52690,326563,17681,157232,11246,308882,11641,5639,6002
52695,326594,17681,157248,11246,308913,11642,5639,6003
52700,326625,17681,157260,11246,308944,11643,5640,6003
52705,326656,17681,157270,11246,308975,11644,5640,6004
52710,326687,17681,157282,11246,309006,11645,5640,6005
52715,326718,17681,157299,11246,309037,11646,5641,6005
52720,326749,17681,157312,11246,309068,11647,5641,6006
52725,326780,17682,157326,11246,309098,11648,5642,6006
52730,326811,17683,157337,11247,309128,11648,5642,6006
52735,326842,17684,157353,11248,309158,11648,5642,6006
52740,326873,17685,157369,11249,309187,11648,5642,6006
52745,326904,17689,157381,11253,309215,11649,5642,6007
52750,326935,17693,157394,11256,309242,11650,5642,6008
52755,326966,17696,157411,11259,309270,11651,5643,6008
52760,326997,17697,157427,11260,309300,11652,5643,6009
52765,327028,17699,157447,11262,309329,11653,5643,6010
52770,327059,17701,157459,11263,309358,11654,5644,6010
52775,327090,17703,157473,11264,309387,11655,5645,6010
52780,327121,17705,157485,11265,309416,11656,5645,6011
52785,327152,17708,157499,11266,309444,11657,5645,6012
52790,327183,17710,157509,11267,309473,11658,5646,6012
52795,327214,17713,157523,11268,309501,11659,5647,6012
52800,327245,17716,157534,11269,309529,11660,5647,6013
52805,327276,17719,157544,11271,309557,11661,5648,6013
52810,327307,17721,157560,11273,309586,11662,5648,6014
52815,327338,17723,157575,11274,309615,11663,5649,6014
52820,327369,17725,157592,11276,309644,11664,5650,6014
52825,327400,17727,157607,11277,309673,11665,5651,6014
52830,327431,17729,157623,11277,309702,11667,5651,6016
52835,327462,17732,157634,11278,309730,11669,5651,6018
52840,327493,17734,157652,11279,309759,11671,5652,6019
52845,327524,17736,157664,11280,309788,11673,5653,6020
52850,327555,17738,157675,11282,309817,11675,5653,6022
52855,327586,17741,157690,11283,309845,11677,5655,6022
52860,327617,17745,157708,11286,309872,11679,5657,6022
52865,327648,17746,157726,11287,309901,11679,5657,6022
52870,327679,17748,157740,11289,309931,11679,5657,6022
52875,327710,17750,157754,11290,309960,11679,5657,6022
52880,327741,17752,157772,11291,309989,11679,5657,6022
52885,327772,17754,157786,11292,310018,11679,5657,6022
52890,327803,17756,157799,11294,310047,11679,5657,6022
52895,327834,17758,157815,11296,310076,11679,5657,6022
52900,327865,17761,157831,11299,310104,11679,5657,6022
52905,327896,17763,157848,11301,310133,11679,5657,6022
52910,327927,17763,157863,11301,310164,11679,5657,6022
52915,327958,17763,157877,11301,310195,11679,5657,6022
52920,327989,17763,157892,11301,310226,11679,5657,6022
52925,328020,17763,157913,11301,310257,11679,5657,6022
52930,328051,17763,157925,11301,310288,11679,5657,6022
52935,328082,17763,157938,11301,310319,11679,5657,6022
52940,328113,17763,157952,11301,310350,11679,5657,6022
52945,328144,17763,157967,11301,310381,11679,5657,6022
52950,328175,17763,157978,11301,310412,11679,5657,6022
52955,328206,17763,157993,11301,310443,11679,5657,6022
52960,328237,17763,158007,11301,310474,11679,5657,6022
52965,328268,17763,158027,11301,310505,11680,5657,6023
52970,328299,17764,158041,11302,310535,11681,5657,6024
52975,328330,17766,158058,11304,310564,11682,5658,6024
52980,328361,17769,158071,11305,310592,11683,5658,6025
52985,328392,17773,158087,11308,310618,11685,5659,6026
52990,328423,17778,158105,11312,310645,11687,5660,6027
52995,328454,17781,158116,11314,310673,11689,5660,6029
53000,328485,17784,158131,11316,310701,11691,5661,6030
53005,328516,17789,158148,11318,310727,11693,5662,6031
53010,328547,17793,158161,11320,310754,11695,5662,6033
53015,328578,17797,158179,11322,310781,11697,5663,6034
53020,328609,17799,158197,11323,310810,11699,5665,6034
53025,328640,17802,158210,11325,310838,11700,5666,6034
53030,328671,17805,158224,11327,310866,11701,5667,6034
53035,328702,17808,158237,11330,310894,11702,5668,6034
53040,328733,17811,158250,11331,310922,11703,5668,6035
53045,328764,17812,158264,11332,310952,11704,5668,6036
53050,328795,17814,158283,11333,310981,11705,5669,6036
53055,328826,17815,158294,11333,311011,11706,5669,6037
53060,328857,17816,158306,11333,311041,11707,5669,6038
53065,328888,17818,158323,11334,311070,11708,5669,6039
53070,328919,17819,158338,11335,311100,11709,5669,6040
53075,328950,17819,158355,11335,311131,11710,5669,6041
53080,328981,17819,158364,11335,311162,11711,5669,6042
53085,329012,17819,158384,11335,311193,11712,5669,6043
53090,329043,17819,158400,11335,311224,11713,5669,6044
53095,329074,17819,158415,11335,311255,11714,5670,6044
53100,329105,17819,158431,11335,311286,11715,5671,6044
53105,329136,17824,158446,11339,311312,11716,5671,6045
53110,329167,17828,158462,11341,311339,11717,5672,6045
53115,329198,17832,158481,11343,311366,11718,5673,6045
53120,329229,17836,158497,11346,311393,11719,5674,6045
53125,329260,17839,158510,11349,311421,11721,5674,6047
53130,329291,17843,158525,11353,311448,11723,5674,6049
53135,329322,17845,158539,11355,311477,11725,5676,6049
53140,329353,17847,158553,11357,311506,11727,5677,6050
53145,329384,17850,158568,11359,311534,11729,5678,6051
53150,329415,17853,158587,11362,311562,11731,5680,6051
53155,329446,17855,158605,11363,311591,11733,5680,6053
53160,329477,17857,158620,11365,311620,11735,5682,6053
53165,329508,17857,158634,11365,311651,11736,5682,6054
53170,329539,17857,158648,11365,311682,11736,5682,6054
53175,329570,17857,158661,11365,311713,11736,5682,6054
53180,329601,17857,158676,11365,311744,11736,5682,6054
53185,329632,17857,158692,11365,311775,11736,5682,6054
53190,329663,17857,158711,11365,311806,11736,5682,6054
53195,329694,17857,158726,11365,311837,11736,5682,6054
53200,329725,17857,158741,11365,311868,11736,5682,6054
53205,329756,17857,158754,11365,311899,11736,5682,6054
53210,329787,17857,158774,11365,311930,11736,5682,6054
53215,329818,17857,158785,11365,311961,11736,5682,6054
53220,329849,17857,158802,11365,311991,11736,5682,6054
53225,329880,17860,158819,11367,312019,11736,5682,6054
53230,329911,17863,158835,11369,312048,11736,5682,6054
53235,329942,17865,158849,11370,312077,11736,5682,6054
53240,329973,17867,158859,11371,312106,11736,5682,6054
53245,330004,17870,158873,11372,312134,11736,5682,6054
53250,330035,17871,158890,11373,312164,11736,5682,6054
53255,330066,17872,158907,11374,312194,11736,5682,6054
53260,330097,17873,158921,11374,312224,11736,5682,6054
53265,330128,17874,158934,11374,312254,11736,5682,6054
53270,330159,17875,158948,11375,312284,11738,5682,6056
53275,330190,17877,158968,11376,312313,11740,5683,6057
53280,330221,17878,158982,11376,312343,11742,5683,6059
53285,330252,17879,158994,11376,312373,11744,5684,6060
53290,330283,17881,159007,11377,312402,11746,5684,6062
53295,330314,17881,159017,11377,312433,11747,5684,6063
53300,330345,17881,159031,11377,312464,11748,5684,6064
53305,330376,17881,159045,11377,312495,11749,5684,6065
53310,330407,17881,159061,11377,312526,11750,5685,6065
53315,330438,17881,159075,11377,312557,11751,5686,6065
53320,330469,17881,159093,11377,312588,11752,5687,6065
53325,330500,17881,159109,11377,312619,11753,5688,6065
53330,330531,17882,159126,11378,312649,11754,5688,6066
53335,330562,17883,159138,11378,312679,11755,5689,6066
53340,330593,17885,159158,11379,312708,11756,5689,6067
53345,330624,17888,159173,11381,312735,11757,5690,6067
53350,330655,17892,159187,11384,312763,11758,5690,6068
53355,330686,17895,159205,11387,312790,11759,5690,6069
53360,330717,17900,159218,11390,312817,11760,5690,6070
53365,330748,17904,159231,11393,312843,11761,5691,6070
53370,330779,17907,159243,11395,312871,11762,5691,6071
53375,330810,17911,159255,11397,312899,11763,5692,6071
53380,330841,17915,159268,11400,312925,11764,5692,6072
53385,330872,17918,159287,11402,312953,11765,5693,6072
53390,330903,17921,159297,11403,312982,11766,5693,6073
53395,330934,17924,159310,11404,313009,11768,5693,6075
53400,330965,17928,159325,11407,313037,11770,5694,6076
53405,330996,17929,159339,11408,313067,11772,5695,6077
53410,331027,17930,159351,11409,313097,11773,5695,6078
53415,331058,17932,159367,11411,313126,11774,5695,6079
53420,331089,17933,159383,11411,313156,11775,5695,6080
53425,331120,17935,159400,11412,313185,11776,5695,6081
53430,331151,17936,159415,11412,313215,11777,5695,6082
53435,331182,17938,159434,11413,313244,11778,5695,6083
53440,331213,17939,159447,11414,313274,11779,5695,6084
53445,331244,17941,159464,11415,313303,11780,5696,6084
53450,331275,17943,159478,11417,313332,11781,5696,6085
53455,331306,17944,159492,11417,313362,11782,5696,6086
53460,331337,17944,159508,11417,313393,11783,5696,6087
53465,331368,17944,159523,11417,313424,11784,5697,6087
53470,331399,17944,159537,11417,313455,11785,5697,6088
53475,331430,17945,159551,11418,313485,11786,5698,6088
53480,331461,17946,159560,11418,313515,11787,5699,6088
53485,331492,17947,159573,11418,313545,11788,5700,6088
53490,331523,17948,159588,11418,313575,11789,5701,6088
53495,331554,17949,159607,11419,313605,11790,5702,6088
53500,331585,17950,159619,11419,313635,11791,5702,6089
53505,331616,17951,159631,11420,313665,11792,5703,6089
53510,331647,17954,159643,11422,313693,11794,5705,6089
53515,331678,17957,159661,11423,313720,11796,5706,6090
53520,331709,17961,159674,11427,313748,11798,5706,6092
53525,331740,17964,159689,11430,313775,11800,5707,6093
53530,331771,17968,159705,11433,313802,11802,5708,6094
53535,331802,17970,159722,11435,313832,11803,5708,6095
53540,331833,17971,159741,11436,313862,11804,5708,6096
53545,331864,17972,159758,11437,313892,11805,5708,6097
53550,331895,17973,159774,11438,313922,11806,5709,6097
53555,331926,17974,159790,11438,313952,11807,5710,6097
53560,331957,17975,159802,11439,313982,11808,5711,6097
53565,331988,17976,159820,11440,314012,11809,5712,6097
53570,332019,17977,159839,11441,314042,11810,5713,6097
53575,332050,17978,159858,11441,314072,11811,5714,6097
53580,332081,17979,159874,11441,314102,11812,5714,6098
53585,332112,17982,159888,11444,314130,11812,5714,6098
53590,332143,17984,159902,11445,314159,11812,5714,6098
53595,332174,17986,159918,11446,314188,11812,5714,6098
53600,332205,17988,159930,11447,314217,11812,5714,6098
53605,332236,17990,159941,11448,314246,11812,5714,6098
53610,332267,17992,159953,11448,314275,11812,5714,6098
53615,332298,17994,159967,11449,314304,11812,5714,6098
53620,332329,17996,159980,11449,314333,11812,5714,6098
53625,332360,17998,159996,11449,314362,11812,5714,6098
53630,332391,18000,160012,11451,314391,11812,5714,6098
53635,332422,18002,160026,11452,314420,11813,5714,6099
53640,332453,18004,160041,11452,314449,11814,5714,6100
53645,332484,18004,160060,11452,314480,11816,5715,6101
53650,332515,18004,160072,11452,314511,11817,5715,6102
53655,332546,18004,160089,11452,314542,11818,5716,6102
53660,332577,18004,160106,11452,314573,11819,5716,6103
53665,332608,18004,160123,11452,314604,11820,5717,6103
53670,332639,18004,160136,11452,314635,11821,5717,6104
53675,332670,18004,160148,11452,314666,11822,5718,6104
53680,332701,18004,160162,11452,314697,11823,5718,6105
53685,332732,18004,160178,11452,314728,11824,5719,6105
53690,332763,18005,160195,11453,314758,11825,5719,6106
53695,332794,18006,160213,11454,314788,11826,5720,6106
53700,332825,18007,160229,11454,314818,11827,5720,6107
53705,332856,18008,160243,11454,314848,11828,5720,6108
53710,332887,18011,160261,11457,314876,11829,5720,6109
53715,332918,18014,160274,11459,314904,11830,5721,6109
53720,332949,18016,160288,11461,314933,11831,5722,6109
53725,332980,18018,160299,11462,314962,11832,5723,6109
53730,333011,18020,160312,11463,314991,11833,5724,6109
53735,333042,18022,160327,11465,315020,11834,5724,6110
53740,333073,18023,160341,11465,315050,11835,5725,6110
53745,333104,18026,160358,11466,315078,11836,5726,6110
53750,333135,18028,160369,11468,315107,11838,5727,6111
53755,333166,18030,160386,11468,315135,11840,5728,6112
53760,333197,18035,160402,11472,315161,11842,5729,6113
53765,333228,18038,160415,11475,315189,11844,5731,6113
53770,333259,18042,160426,11479,315217,11846,5731,6115
53775,333290,18045,160447,11481,315245,11847,5731,6116
53780,333321,18047,160458,11482,315274,11848,5731,6117
53785,333352,18048,160473,11482,315304,11849,5731,6118
53790,333383,18049,160486,11482,315334,11850,5732,6118
53795,333414,18050,160503,11483,315364,11851,5732,6119
53800,333445,18052,160512,11485,315393,11852,5732,6120
53805,333476,18054,160527,11486,315422,11853,5733,6120
53810,333507,18056,160543,11488,315451,11854,5734,6120
53815,333538,18057,160558,11489,315481,11855,5734,6121
53820,333569,18057,160576,11489,315512,11856,5734,6122
53825,333600,18057,160590,11489,315543,11856,5734,6122
53830,333631,18057,160604,11489,315574,11856,5734,6122
53835,333662,18057,160622,11489,315605,11856,5734,6122
53840,333693,18057,160643,11489,315636,11856,5734,6122
53845,333724,18057,160654,11489,315667,11856,5734,6122
53850,333755,18057,160667,11489,315698,11856,5734,6122
53855,333786,18057,160685,11489,315729,11856,5734,6122
53860,333817,18057,160699,11489,315760,11856,5734,6122
53865,333848,18057,160709,11489,315791,11856,5734,6122
53870,333879,18058,160725,11490,315821,11856,5734,6122
53875,333910,18059,160739,11490,315851,11856,5734,6122
53880,333941,18060,160752,11490,315881,11856,5734,6122
53885,333972,18067,160768,11496,315905,11856,5734,6122
53890,334003,18073,160785,11500,315930,11856,5734,6122
53895,334034,18079,160803,11505,315955,11856,5734,6122
53900,334065,18082,160818,11507,315983,11856,5734,6122
53905,334096,18085,160830,11509,316011,11856,5734,6122
53910,334127,18086,160841,11509,316041,11856,5734,6122
53915,334158,18087,160857,11509,316071,11856,5734,6122
53920,334189,18088,160877,11509,316101,11856,5734,6122
53925,334220,18090,160893,11510,316130,11857,5734,6123
53930,334251,18091,160906,11510,316160,11858,5734,6124
53935,334282,18092,160920,11510,316190,11859,5735,6124
53940,334313,18093,160934,11511,316220,11860,5735,6125
53945,334344,18094,160945,11512,316250,11861,5735,6126
53950,334375,18095,160960,11512,316280,11862,5735,6127
53955,334406,18096,160969,11513,316310,11863,5735,6128
53960,334437,18097,160986,11514,316340,11864,5735,6129
53965,334468,18098,161003,11514,316370,11865,5735,6130
53970,334499,18099,161017,11514,316400,11866,5736,6130
53975,334530,18100,161032,11514,316430,11867,5736,6131
53980,334561,18101,161049,11514,316460,11868,5736,6132
53985,334592,18102,161067,11514,316489,11870,5737,6133
53990,334623,18103,161080,11515,316520,11872,5738,6134
53995,334654,18103,161095,11515,316551,11874,5739,6135
54000,334685,18103,161110,11515,316582,11876,5739,6137
54005,334716,18105,161125,11517,316611,11877,5739,6138
54010,334747,18107,161141,11518,316640,11878,5739,6139
54015,334778,18109,161154,11519,316669,11879,5740,6139
54020,334809,18111,161166,11520,316698,11880,5740,6140
54025,334840,18113,161179,11521,316727,11881,5740,6141
54030,334871,18116,161191,11522,316755,11882,5740,6142
54035,334902,18118,161202,11523,316784,11883,5740,6143
54040,334933,18122,161222,11526,316811,11884,5741,6143
54045,334964,18125,161239,11528,316839,11885,5742,6143
54050,334995,18128,161249,11529,316867,11886,5742,6144
54055,335026,18131,161266,11532,316895,11887,5743,6144
54060,335057,18134,161284,11534,316923,11888,5744,6144
54065,335088,18135,161297,11534,316953,11889,5745,6144
54070,335119,18136,161310,11534,316983,11890,5746,6144
54075,335150,18137,161326,11535,317013,11891,5746,6145
54080,335181,18138,161346,11535,317043,11892,5747,6145
54085,335212,18139,161367,11536,317073,11893,5748,6145
54090,335243,18140,161385,11536,317103,11894,5749,6145
54095,335274,18143,161398,11537,317131,11895,5749,6146
54100,335305,18145,161415,11538,317160,11896,5749,6147
54105,335336,18147,161429,11539,317189,11897,5749,6148
54110,335367,18151,161445,11542,317216,11898,5750,6148
54115,335398,18153,161459,11543,317244,11899,5751,6148
54120,335429,18157,161473,11546,317271,11900,5751,6149
54125,335460,18161,161484,11548,317299,11901,5751,6150
54130,335491,18162,161500,11548,317329,11902,5751,6151
54135,335522,18163,161513,11549,317359,11903,5751,6152
54140,335553,18164,161526,11550,317389,11904,5752,6152
54145,335584,18166,161538,11551,317418,11905,5752,6153
54150,335615,18167,161550,11552,317448,11906,5752,6154
54155,335646,18168,161564,11552,317478,11907,5753,6154
54160,335677,18170,161581,11554,317507,11908,5754,6154
54165,335708,18172,161595,11556,317536,11910,5755,6155
54170,335739,18173,161611,11556,317566,11912,5756,6156
54175,335770,18174,161630,11557,317596,11914,5757,6157
54180,335801,18175,161648,11557,317626,11916,5759,6157
54185,335832,18176,161661,11558,317656,11918,5761,6157
54190,335863,18177,161679,11559,317686,11920,5763,6157
54195,335894,18178,161697,11559,317716,11921,5764,6157
54200,335925,18179,161710,11560,317746,11922,5764,6158
54205,335956,18180,161724,11561,317776,11923,5765,6158
54210,335987,18181,161740,11561,317806,11924,5765,6159
54215,336018,18182,161756,11562,317836,11925,5765,6160
54220,336049,18183,161769,11562,317866,11926,5766,6160
54225,336080,18186,161786,11564,317894,11927,5767,6160
54230,336111,18187,161802,11565,317924,11928,5768,6160
54235,336142,18189,161820,11566,317952,11929,5769,6160
54240,336173,18194,161836,11571,317979,11930,5770,6160
54245,336204,18197,161850,11573,318006,11931,5771,6160
54250,336235,18202,161867,11577,318033,11932,5771,6161
54255,336266,18204,161879,11578,318062,11933,5772,6161
54260,336297,18205,161893,11579,318092,11934,5772,6162
54265,336328,18205,161912,11579,318123,11935,5772,6163
54270,336359,18205,161923,11579,318154,11936,5773,6163
54275,336390,18205,161938,11579,318185,11937,5773,6164
54280,336421,18205,161951,11579,318216,11938,5773,6165
54285,336452,18205,161961,11579,318247,11939,5773,6166
54290,336483,18205,161977,11579,318278,11940,5774,6166
54295,336514,18205,161990,11579,318309,11942,5774,6168
54300,336545,18205,162000,11579,318340,11944,5775,6169
54305,336576,18205,162019,11579,318371,11945,5776,6169
54310,336607,18205,162036,11579,318402,11946,5776,6170
54315,336638,18205,162055,11579,318433,11947,5777,6170
54320,336669,18205,162077,11579,318464,11948,5778,6170
54325,336700,18205,162092,11579,318495,11949,5778,6171
54330,336731,18205,162106,11579,318526,11950,5778,6172
54335,336762,18205,162120,11579,318557,11951,5778,6173
54340,336793,18205,162130,11579,318588,11952,5779,6173
54345,336824,18205,162146,11579,318619,11953,5780,6173
54350,336855,18206,162154,11580,318649,11954,5780,6174
54355,336886,18208,162167,11582,318678,11955,5780,6175
54360,336917,18212,162177,11586,318705,11956,5780,6176
54365,336948,18218,162197,11591,318730,11958,5782,6176
54370,336979,18221,162210,11593,318757,11960,5783,6177
54375,337010,18226,162223,11597,318784,11962,5783,6179
54380,337041,18229,162238,11600,318811,11963,5783,6180
54385,337072,18232,162254,11603,318840,11964,5783,6181
54390,337103,18234,162272,11605,318868,11965,5783,6182
54395,337134,18236,162286,11607,318897,11966,5783,6183
54400,337165,18238,162301,11609,318927,11967,5784,6183
54405,337196,18239,162316,11610,318957,11968,5785,6183
54410,337227,18240,162330,11610,318987,11969,5786,6183
54415,337258,18241,162346,11611,319017,11970,5787,6183
54420,337289,18242,162361,11612,319047,11971,5787,6184
54425,337320,18243,162376,11613,319077,11972,5787,6185
54430,337351,18244,162391,11613,319107,11973,5788,6185
54435,337382,18245,162403,11613,319137,11974,5788,6186
54440,337413,18246,162420,11614,319167,11975,5789,6186
54445,337444,18247,162431,11614,319197,11976,5789,6187
54450,337475,18248,162444,11615,319227,11977,5789,6188
54455,337506,18249,162457,11615,319257,11978,5790,6188
54460,337537,18250,162476,11616,319287,11979,5791,6188
54465,337568,18250,162494,11616,319318,11980,5791,6189
54470,337599,18250,162508,11616,319349,11981,5792,6189
54475,337630,18251,162524,11617,319379,11982,5792,6190
54480,337661,18252,162537,11618,319409,11984,5793,6191
54485,337692,18256,162554,11621,319436,11986,5794,6192
54490,337723,18261,162567,11624,319462,11988,5795,6193
54495,337754,18264,162583,11626,319490,11990,5795,6195
54500,337785,18267,162591,11627,319518,11992,5795,6197
54505,337816,18270,162607,11629,319546,11994,5796,6198
54510,337847,18273,162620,11631,319574,11996,5797,6199
54515,337878,18277,162634,11633,319601,11998,5798,6200
54520,337909,18281,162647,11637,319628,12000,5798,6202
54525,337940,18286,162661,11640,319654,12001,5798,6203
54530,337971,18291,162674,11643,319680,12002,5799,6203
54535,338002,18294,162688,11644,319708,12003,5799,6204
54540,338033,18296,162704,11645,319737,12004,5800,6204
54545,338064,18296,162721,11645,319768,12004,5800,6204
54550,338095,18296,162733,11645,319799,12004,5800,6204
54555,338126,18296,162749,11645,319830,12004,5800,6204
54560,338157,18296,162765,11645,319861,12004,5800,6204
54565,338188,18296,162780,11645,319892,12004,5800,6204
54570,338219,18296,162793,11645,319923,12004,5800,6204
54575,338250,18296,162805,11645,319954,12004,5800,6204
54580,338281,18296,162821,11645,319985,12004,5800,6204
54585,338312,18296,162842,11645,320016,12004,5800,6204
54590,338343,18296,162856,11645,320047,12004,5800,6204
54595,338374,18296,162870,11645,320078,12004,5800,6204
54600,338405,18297,162885,11645,320108,12004,5800,6204
54605,338436,18299,162896,11646,320137,12004,5800,6204
54610,338467,18301,162914,11648,320166,12004,5800,6204
54615,338498,18303,162925,11649,320195,12004,5800,6204
54620,338529,18307,162939,11652,320222,12004,5800,6204
54625,338560,18309,162955,11654,320251,12004,5800,6204
54630,338591,18312,162970,11656,320279,12004,5800,6204
54635,338622,18315,162986,11658,320307,12004,5800,6204
54640,338653,18318,163004,11660,320335,12004,5800,6204
54645,338684,18321,163021,11662,320363,12005,5800,6205
54650,338715,18327,163039,11667,320388,12007,5801,6206
54655,338746,18334,163059,11673,320412,12009,5802,6207
54660,338777,18337,163076,11676,320440,12011,5802,6209
54665,338808,18340,163092,11679,320468,12013,5803,6210
54670,338839,18342,163106,11680,320497,12014,5804,6210
54675,338870,18343,163122,11680,320527,12015,5805,6210
54680,338901,18344,163139,11680,320557,12016,5805,6211
54685,338932,18345,163150,11680,320587,12017,5805,6212
54690,338963,18346,163167,11681,320617,12018,5806,6212
54695,338994,18347,163181,11682,320647,12019,5806,6213
54700,339025,18348,163200,11682,320677,12020,5806,6214
54705,339056,18349,163221,11683,320707,12021,5806,6215
54710,339087,18350,163234,11684,320737,12022,5807,6215
54715,339118,18351,163248,11685,320767,12023,5807,6216
54720,339149,18352,163266,11685,320797,12024,5808,6216
54725,339180,18355,163284,11686,320825,12025,5808,6217
54730,339211,18357,163299,11687,320854,12026,5809,6217
54735,339242,18359,163314,11689,320883,12027,5809,6218
54740,339273,18362,163328,11692,320911,12028,5809,6219
54745,339304,18364,163348,11694,320940,12029,5809,6220
54750,339335,18366,163361,11696,320969,12030,5810,6220
54755,339366,18367,163378,11696,320999,12031,5811,6220
54760,339397,18368,163393,11697,321029,12032,5812,6220
54765,339428,18370,163405,11699,321058,12033,5812,6221
54770,339459,18373,163420,11701,321086,12035,5813,6222
54775,339490,18376,163432,11703,321114,12037,5813,6224
54780,339521,18378,163446,11705,321143,12039,5813,6226
54785,339552,18381,163458,11706,321171,12041,5813,6228
54790,339583,18382,163473,11706,321201,12043,5815,6228
54795,339614,18384,163492,11708,321230,12044,5816,6228
54800,339645,18386,163511,11710,321259,12045,5817,6228
54805,339676,18387,163524,11711,321289,12046,5818,6228
54810,339707,18388,163538,11711,321319,12047,5819,6228
54815,339738,18389,163555,11711,321349,12048,5820,6228
54820,339769,18390,163567,11711,321379,12049,5820,6229
54825,339800,18391,163579,11712,321409,12050,5821,6229
54830,339831,18392,163596,11713,321439,12051,5822,6229
54835,339862,18394,163611,11714,321468,12052,5823,6229
54840,339893,18395,163626,11714,321498,12053,5824,6229
54845,339924,18396,163641,11714,321528,12054,5825,6229
54850,339955,18396,163653,11714,321559,12055,5826,6229
54855,339986,18396,163669,11714,321590,12056,5827,6229
54860,340017,18396,163685,11714,321621,12057,5828,6229
54865,340048,18396,163699,11714,321652,12058,5829,6229
54870,340079,18396,163710,11714,321683,12059,5829,6230
54875,340110,18396,163726,11714,321714,12060,5829,6231
54880,340141,18396,163737,11714,321745,12061,5829,6232
54885,340172,18396,163750,11714,321776,12062,5830,6232
54890,340203,18397,163765,11715,321806,12063,5830,6233
54895,340234,18398,163778,11715,321836,12065,5831,6234
54900,340265,18400,163796,11716,321865,12067,5833,6234
54905,340296,18403,163811,11718,321893,12069,5835,6234
54910,340327,18406,163825,11720,321921,12071,5836,6235
54915,340358,18410,163840,11723,321948,12073,5837,6236
54920,340389,18412,163853,11725,321977,12075,5839,6236
54925,340420,18414,163866,11726,322006,12077,5840,6237
54930,340451,18416,163882,11727,322035,12079,5841,6238
54935,340482,18418,163896,11729,322064,12081,5842,6239
54940,340513,18421,163919,11731,322092,12083,5844,6239
54945,340544,18424,163934,11733,322120,12085,5844,6241
54950,340575,18426,163946,11735,322149,12087,5846,6241
54955,340606,18429,163961,11738,322177,12089,5847,6242
54960,340637,18430,163976,11738,322207,12091,5848,6243
54965,340668,18431,163990,11738,322237,12092,5848,6244
54970,340699,18433,164002,11739,322266,12093,5848,6245
54975,340730,18434,164016,11739,322296,12094,5848,6246
54980,340761,18435,164030,11739,322326,12095,5848,6247
54985,340792,18437,164045,11740,322355,12096,5849,6247
54990,340823,18438,164059,11741,322385,12097,5850,6247
54995,340854,18439,164068,11741,322415,12098,5851,6247
55000,340885,18440,164084,11742,322444,12099,5852,6247
55005,340916,18443,164101,11744,322473,12100,5852,6248
55010,340947,18444,164117,11745,322503,12101,5853,6248
55015,340978,18445,164129,11745,322533,12102,5854,6248
55020,341009,18447,164147,11747,322561,12103,5855,6248
55025,341040,18449,164156,11748,322591,12104,5855,6249
55030,341071,18450,164173,11748,322621,12105,5856,6249
55035,341102,18451,164189,11748,322651,12106,5856,6250
55040,341133,18453,164209,11749,322680,12107,5857,6250
55045,341164,18455,164225,11750,322709,12108,5858,6250
55050,341195,18457,164240,11751,322738,12109,5859,6250
55055,341226,18459,164253,11751,322767,12110,5859,6251
55060,341257,18461,164274,11752,322796,12111,5860,6251
55065,341288,18463,164286,11752,322825,12113,5861,6252
55070,341319,18465,164302,11754,322854,12115,5862,6253
55075,341350,18467,164316,11755,322883,12117,5864,6253
55080,341381,18469,164329,11755,322912,12119,5865,6254
55085,341412,18472,164342,11756,322940,12120,5865,6255
55090,341443,18475,164358,11758,322967,12121,5865,6256
55095,341474,18480,164373,11761,322994,12122,5865,6257
55100,341505,18484,164384,11764,323021,12123,5866,6257
55105,341536,18487,164400,11765,323049,12124,5867,6257
55110,341567,18490,164411,11765,323077,12125,5867,6258
55115,341598,18495,164428,11768,323103,12126,5868,6258
55120,341629,18497,164443,11770,323132,12127,5869,6258
55125,341660,18501,164460,11774,323159,12128,5870,6258
55130,341691,18505,164477,11778,323186,12129,5870,6259
55135,341722,18510,164495,11783,323212,12130,5871,6259
55140,341753,18514,164511,11786,323239,12131,5872,6259
55145,341784,18514,164525,11786,323270,12132,5872,6260
55150,341815,18514,164540,11786,323301,12133,5872,6261
55155,341846,18514,164551,11786,323332,12134,5872,6262
55160,341877,18514,164570,11786,323363,12135,5873,6262
55165,341908,18514,164585,11786,323394,12136,5874,6262
55170,341939,18514,164604,11786,323425,12137,5874,6263
55175,341970,18514,164621,11786,323456,12138,5874,6264
55180,342001,18514,164639,11786,323487,12139,5874,6265
55185,342032,18514,164657,11786,323518,12140,5875,6265
55190,342063,18514,164671,11786,323549,12141,5876,6265
55195,342094,18514,164685,11786,323580,12142,5877,6265
55200,342125,18514,164700,11786,323611,12143,5878,6265
55205,342156,18514,164712,11786,323642,12144,5879,6265
55210,342187,18514,164730,11786,323673,12145,5880,6265
55215,342218,18514,164742,11786,323704,12146,5880,6266
55220,342249,18514,164757,11786,323734,12147,5880,6267
55225,342280,18516,164772,11788,323764,12148,5881,6267
55230,342311,18517,164785,11788,323794,12149,5881,6268
55235,342342,18519,164801,11789,323823,12150,5882,6268
55240,342373,18521,164817,11790,323852,12151,5882,6269
55245,342404,18523,164832,11791,323881,12153,5883,6270
55250,342435,18525,164844,11793,323910,12155,5883,6272
55255,342466,18529,164862,11795,323937,12157,5885,6272
55260,342497,18532,164874,11796,323965,12159,5885,6274
55265,342528,18536,164884,11799,323992,12161,5885,6276
55270,342559,18542,164904,11804,324017,12163,5886,6277
55275,342590,18545,164920,11806,324045,12165,5887,6278
55280,342621,18548,164933,11806,324073,12167,5888,6279
55285,342652,18554,164952,11811,324098,12169,5889,6280
55290,342683,18558,164968,11814,324125,12171,5889,6282
55295,342714,18563,164977,11816,324151,12173,5889,6284
55300,342745,18565,164995,11818,324180,12175,5891,6284
55305,342776,18570,165016,11821,324206,12177,5893,6284
55310,342807,18571,165032,11822,324236,12178,5893,6285
55315,342838,18573,165051,11824,324265,12179,5893,6286
55320,342869,18574,165065,11824,324295,12180,5894,6286
55325,342900,18575,165075,11824,324325,12181,5894,6287
55330,342931,18577,165085,11825,324354,12182,5895,6287
55335,342962,18577,165101,11825,324385,12183,5896,6287
55340,342993,18577,165117,11825,324416,12184,5896,6288
55345,343024,18577,165128,11825,324447,12185,5896,6289
55350,343055,18577,165143,11825,324478,12186,5897,6289
55355,343086,18577,165159,11825,324509,12187,5898,6289
55360,343117,18577,165177,11825,324540,12188,5899,6289
55365,343148,18577,165190,11825,324571,12189,5899,6290
55370,343179,18577,165201,11825,324602,12190,5899,6291
55375,343210,18577,165217,11825,324633,12191,5899,6292
55380,343241,18577,165233,11825,324664,12192,5900,6292
55385,343272,18577,165249,11825,324695,12192,5900,6292
55390,343303,18577,165269,11825,324726,12192,5900,6292
55395,343334,18577,165279,11825,324757,12192,5900,6292
55400,343365,18577,165295,11825,324788,12192,5900,6292
55405,343396,18577,165312,11825,324819,12192,5900,6292
55410,343427,18577,165326,11825,324850,12193,5901,6292
55415,343458,18578,165340,11825,324880,12194,5902,6292
55420,343489,18580,165356,11826,324909,12195,5903,6292
55425,343520,18583,165370,11829,324937,12196,5904,6292
55430,343551,18586,165384,11832,324965,12197,5904,6293
55435,343582,18589,165397,11834,324993,12198,5904,6294
55440,343613,18593,165410,11835,325020,12199,5904,6295
55445,343644,18596,165423,11837,325048,12201,5905,6296
55450,343675,18598,165440,11839,325077,12203,5906,6297
55455,343706,18598,165452,11839,325108,12205,5907,6298
55460,343737,18598,165466,11839,325139,12207,5907,6300
55465,343768,18598,165483,11839,325170,12209,5909,6300
55470,343799,18598,165499,11839,325201,12211,5910,6301
55475,343830,18598,165513,11839,325232,12213,5910,6303
55480,343861,18598,165536,11839,325263,12215,5912,6303
55485,343892,18598,165551,11839,325294,12217,5913,6304
55490,343923,18598,165567,11839,325325,12219,5913,6306
55495,343954,18598,165576,11839,325356,12221,5914,6307
55500,343985,18598,165589,11839,325387,12223,5914,6309
55505,344016,18600,165606,11841,325416,12225,5914,6311
55510,344047,18601,165621,11842,325446,12227,5916,6311
55515,344078,18602,165629,11842,325476,12229,5916,6313
55520,344109,18604,165645,11843,325505,12230,5917,6313
55525,344140,18605,165658,11843,325535,12231,5917,6314
55530,344171,18607,165676,11844,325564,12232,5917,6315
55535,344202,18608,165692,11845,325594,12233,5918,6315
55540,344233,18610,165712,11846,325623,12234,5919,6315
55545,344264,18610,165724,11846,325654,12235,5919,6316
55550,344295,18612,165739,11848,325683,12236,5919,6317
55555,344326,18615,165754,11850,325711,12237,5919,6318
55560,344357,18618,165766,11852,325739,12238,5919,6319
55565,344388,18621,165784,11855,325767,12238,5919,6319
55570,344419,18622,165797,11856,325797,12238,5919,6319
55575,344450,18623,165809,11856,325827,12238,5919,6319
55580,344481,18624,165824,11856,325857,12238,5919,6319
55585,344512,18625,165835,11856,325887,12238,5919,6319
55590,344543,18626,165850,11856,325917,12238,5919,6319
55595,344574,18627,165861,11857,325947,12238,5919,6319
55600,344605,18628,165880,11857,325977,12238,5919,6319
55605,344636,18629,165889,11858,326007,12238,5919,6319
55610,344667,18630,165903,11858,326037,12238,5919,6319
55615,344698,18631,165920,11859,326067,12238,5919,6319
55620,344729,18632,165932,11859,326097,12238,5919,6319
55625,344760,18633,165949,11859,326127,12239,5920,6319
55630,344791,18634,165968,11859,326157,12240,5920,6320
55635,344822,18635,165981,11860,326187,12241,5920,6321
55640,344853,18636,165994,11861,326217,12242,5921,6321
55645,344884,18637,166009,11862,326247,12243,5921,6322
55650,344915,18638,166021,11862,326277,12244,5921,6323
55655,344946,18639,166036,11863,326307,12245,5922,6323
55660,344977,18640,166050,11864,326337,12246,5923,6323
55665,345008,18641,166062,11865,326367,12247,5923,6324
55670,345039,18643,166081,11867,326396,12249,5924,6325
55675,345070,18647,166093,11870,326423,12251,5924,6327
55680,345101,18653,166114,11875,326448,12253,5926,6327
55685,345132,18657,166130,11878,326475,12254,5926,6328
55690,345163,18660,166152,11881,326503,12255,5927,6328
55695,345194,18661,166169,11881,326533,12256,5927,6329
55700,345225,18662,166183,11882,326563,12257,5928,6329
55705,345256,18663,166197,11882,326593,12258,5929,6329
55710,345287,18664,166212,11882,326623,12259,5929,6330
55715,345318,18665,166228,11882,326653,12260,5930,6330
55720,345349,18666,166240,11882,326683,12261,5930,6331
55725,345380,18668,166253,11883,326712,12262,5930,6332
55730,345411,18670,166270,11884,326741,12263,5931,6332
55735,345442,18671,166278,11884,326771,12264,5931,6333
55740,345473,18672,166286,11885,326801,12265,5932,6333
55745,345504,18673,166299,11885,326831,12266,5933,6333
55750,345535,18676,166314,11887,326859,12267,5933,6334
55755,345566,18677,166329,11887,326889,12268,5933,6335
55760,345597,18678,166341,11887,326919,12269,5933,6336
55765,345628,18679,166357,11887,326949,12270,5933,6337
55770,345659,18681,166374,11889,326978,12271,5934,6337
55775,345690,18682,166396,11890,327008,12272,5935,6337
55780,345721,18684,166410,11892,327037,12273,5935,6338
55785,345752,18686,166423,11894,327066,12275,5936,6339
55790,345783,18688,166440,11895,327095,12277,5937,6340
55795,345814,18689,166455,11896,327125,12279,5939,6340
55800,345845,18693,166474,11898,327151,12281,5940,6341
55805,345876,18697,166482,11901,327179,12282,5940,6342
55810,345907,18698,166498,11901,327209,12283,5940,6343
55815,345938,18699,166512,11902,327239,12284,5940,6344
55820,345969,18700,166522,11902,327269,12285,5940,6345
55825,346000,18701,166537,11903,327299,12286,5941,6345
55830,346031,18703,166550,11905,327328,12287,5941,6346
55835,346062,18704,166564,11905,327358,12288,5942,6346
55840,346093,18705,166575,11905,327388,12289,5942,6347
55845,346124,18707,166594,11906,327417,12290,5942,6348
55850,346155,18708,166613,11907,327447,12291,5943,6348
55855,346186,18709,166624,11907,327477,12292,5943,6349
55860,346217,18710,166636,11907,327507,12293,5944,6349
55865,346248,18711,166649,11908,327537,12294,5945,6349
55870,346279,18712,166667,11909,327567,12295,5946,6349
55875,346310,18714,166684,11911,327596,12296,5946,6350
55880,346341,18716,166699,11912,327625,12297,5946,6351
55885,346372,18718,166714,11914,327654,12298,5947,6351
55890,346403,18719,166729,11915,327684,12299,5948,6351
55895,346434,18720,166747,11916,327714,12300,5948,6352
55900,346465,18721,166766,11917,327744,12301,5949,6352
55905,346496,18721,166779,11917,327775,12303,5950,6353
55910,346527,18721,166793,11917,327806,12305,5951,6354
55915,346558,18723,166804,11918,327835,12307,5951,6356
55920,346589,18727,166822,11922,327862,12309,5952,6357
55925,346620,18728,166841,11923,327892,12310,5953,6357
55930,346651,18730,166855,11925,327921,12311,5953,6358
55935,346682,18732,166871,11927,327950,12311,5953,6358
55940,346713,18734,166889,11929,327979,12311,5953,6358
55945,346744,18735,166906,11930,328009,12311,5953,6358
55950,346775,18737,166923,11932,328038,12311,5953,6358
55955,346806,18739,166934,11933,328067,12311,5953,6358
55960,346837,18741,166951,11934,328096,12311,5953,6358
55965,346868,18742,166965,11934,328126,12311,5953,6358
55970,346899,18744,166982,11935,328155,12311,5953,6358
55975,346930,18744,166999,11935,328186,12311,5953,6358
55980,346961,18744,167011,11935,328217,12311,5953,6358
55985,346992,18744,167019,11935,328248,12311,5953,6358
55990,347023,18744,167034,11935,328279,12311,5953,6358
55995,347054,18744,167051,11935,328310,12311,5953,6358
56000,347085,18744,167068,11935,328341,12311,5953,6358
56005,347116,18744,167081,11935,328372,12311,5953,6358
56010,347147,18744,167098,11935,328403,12311,5953,6358
56015,347178,18744,167115,11935,328434,12311,5953,6358
56020,347209,18744,167128,11935,328465,12311,5953,6358
56025,347240,18745,167142,11936,328494,12311,5953,6358
56030,347271,18748,167151,11938,328523,12312,5953,6359
56035,347302,18751,167164,11940,328551,12314,5953,6361
56040,347333,18753,167178,11941,328579,12316,5954,6362
56045,347364,18758,167190,11944,328606,12318,5955,6363
56050,347395,18763,167206,11948,328632,12320,5956,6364
56055,347426,18765,167225,11949,328661,12322,5958,6364
56060,347457,18768,167246,11950,328689,12324,5960,6364
56065,347488,18770,167259,11950,328718,12326,5961,6365
56070,347519,18772,167270,11950,328747,12328,5961,6367
56075,347550,18774,167281,11950,328776,12329,5961,6368
56080,347581,18777,167297,11951,328804,12330,5962,6368
56085,347612,18780,167314,11952,328832,12331,5963,6368
56090,347643,18782,167332,11953,328861,12332,5964,6368
56095,347674,18785,167344,11954,328889,12333,5965,6368
56100,347705,18787,167355,11955,328918,12334,5966,6368
56105,347736,18789,167364,11956,328947,12335,5966,6369
56110,347767,18791,167380,11958,328976,12336,5967,6369
56115,347798,18791,167397,11958,329007,12337,5968,6369
56120,347829,18791,167409,11958,329038,12338,5968,6370
56125,347860,18791,167423,11958,329069,12339,5968,6371
56130,347891,18791,167441,11958,329100,12340,5968,6372
56135,347922,18791,167460,11958,329131,12341,5969,6372
56140,347953,18791,167477,11958,329162,12342,5970,6372
56145,347984,18791,167490,11958,329193,12343,5970,6373
56150,348015,18791,167507,11958,329224,12344,5970,6374
56155,348046,18791,167520,11958,329255,12345,5970,6375
56160,348077,18794,167535,11960,329283,12346,5971,6375
56165,348108,18798,167549,11962,329310,12347,5971,6376
56170,348139,18800,167562,11962,329339,12348,5971,6377
56175,348170,18802,167573,11962,329368,12350,5972,6378
56180,348201,18804,167591,11964,329396,12352,5973,6379
56185,348232,18807,167604,11966,329425,12354,5973,6381
56190,348263,18809,167621,11967,329454,12356,5975,6381
56195,348294,18811,167633,11967,329483,12358,5975,6383
56200,348325,18813,167649,11968,329511,12360,5976,6384
56205,348356,18816,167665,11971,329540,12362,5977,6385
56210,348387,18818,167679,11971,329569,12364,5979,6385
56215,348418,18821,167697,11974,329596,12366,5981,6385
56220,348449,18823,167706,11975,329626,12368,5982,6386
56225,348480,18825,167724,11977,329654,12369,5982,6387
56230,348511,18828,167741,11980,329683,12369,5982,6387
56235,348542,18829,167753,11980,329713,12369,5982,6387
56240,348573,18830,167774,11981,329743,12369,5982,6387
56245,348604,18831,167790,11982,329773,12369,5982,6387
56250,348635,18832,167807,11982,329803,12369,5982,6387
56255,348666,18833,167821,11983,329833,12369,5982,6387
56260,348697,18835,167833,11984,329862,12369,5982,6387
56265,348728,18836,167846,11985,329892,12369,5982,6387
56270,348759,18838,167859,11986,329921,12369,5982,6387
56275,348790,18839,167872,11987,329951,12369,5982,6387
56280,348821,18841,167888,11989,329980,12369,5982,6387
56285,348852,18846,167904,11993,330006,12369,5982,6387
56290,348883,18849,167918,11994,330034,12369,5982,6387
56295,348914,18852,167934,11997,330062,12369,5982,6387
56300,348945,18854,167944,11999,330091,12369,5982,6387
56305,348976,18857,167961,12001,330119,12369,5982,6387
56310,349007,18857,167977,12001,330150,12369,5982,6387
56315,349038,18857,167995,12001,330181,12369,5982,6387
56320,349069,18857,168009,12001,330212,12369,5982,6387
56325,349100,18857,168023,12001,330243,12369,5982,6387
56330,349131,18857,168042,12001,330274,12371,5983,6388
56335,349162,18857,168055,12001,330305,12373,5984,6389
56340,349193,18857,168070,12001,330336,12375,5986,6389
56345,349224,18860,168087,12003,330363,12377,5987,6390
56350,349255,18863,168107,12005,330391,12378,5987,6391
56355,349286,18866,168119,12008,330420,12379,5988,6391
56360,349317,18868,168135,12010,330449,12380,5989,6391
56365,349348,18869,168152,12011,330479,12381,5989,6392
56370,349379,18870,168171,12012,330509,12382,5989,6393
56375,349410,18871,168184,12013,330539,12383,5989,6394
56380,349441,18872,168195,12013,330569,12384,5990,6394
56385,349472,18873,168213,12014,330599,12385,5990,6395
56390,349503,18875,168227,12015,330628,12386,5990,6396
56395,349534,18876,168239,12015,330658,12387,5991,6396
56400,349565,18878,168251,12016,330687,12388,5991,6397
56405,349596,18880,168268,12017,330716,12389,5991,6398
56410,349627,18881,168284,12017,330746,12390,5991,6399
56415,349658,18883,168296,12018,330775,12391,5992,6399
56420,349689,18885,168311,12018,330804,12392,5993,6399
56425,349720,18887,168325,12019,330833,12393,5994,6399
56430,349751,18890,168341,12021,330861,12394,5995,6399
56435,349782,18893,168356,12022,330889,12395,5995,6400
56440,349813,18897,168373,12025,330916,12396,5996,6400
56445,349844,18900,168384,12028,330944,12397,5997,6400
56450,349875,18901,168399,12029,330974,12398,5998,6400
56455,349906,18904,168408,12032,331002,12399,5999,6400
56460,349937,18906,168419,12032,331031,12400,5999,6401
56465,349968,18907,168433,12033,331061,12401,6000,6401
56470,349999,18909,168449,12035,331090,12402,6001,6401
56475,350030,18910,168466,12036,331120,12403,6002,6401
56480,350061,18912,168484,12038,331149,12404,6002,6402
56485,350092,18914,168502,12040,331178,12405,6003,6402
56490,350123,18915,168518,12040,331208,12406,6004,6402
56495,350154,18916,168529,12040,331238,12407,6005,6402
56500,350185,18917,168546,12040,331268,12408,6006,6402
56505,350216,18918,168559,12041,331298,12409,6007,6402
56510,350247,18919,168572,12042,331328,12410,6007,6403
56515,350278,18920,168584,12043,331358,12411,6007,6404
56520,350309,18921,168596,12044,331388,12412,6007,6405
56525,350340,18922,168616,12045,331418,12413,6008,6405
56530,350371,18923,168629,12046,331448,12414,6009,6405
56535,350402,18924,168645,12046,331478,12415,6010,6405
56540,350433,18925,168662,12047,331508,12416,6011,6405
56545,350464,18926,168679,12048,331538,12417,6012,6405
56550,350495,18927,168690,12049,331568,12418,6013,6405
56555,350526,18928,168704,12049,331598,12420,6013,6407
56560,350557,18929,168714,12049,331628,12422,6013,6409
56565,350588,18930,168730,12049,331658,12424,6015,6409
56570,350619,18935,168748,12051,331684,12426,6015,6411
56575,350650,18939,168760,12053,331710,12428,6016,6412
56580,350681,18944,168775,12056,331737,12430,6018,6412
56585,350712,18944,168791,12056,331768,12431,6018,6413
56590,350743,18944,168807,12056,331799,12432,6018,6414
56595,350774,18944,168823,12056,331830,12433,6019,6414
56600,350805,18944,168840,12056,331861,12434,6020,6414
56605,350836,18944,168852,12056,331892,12435,6020,6415
56610,350867,18944,168866,12056,331923,12436,6020,6416
56615,350898,18944,168877,12056,331954,12437,6020,6417
56620,350929,18944,168891,12056,331985,12438,6021,6417
56625,350960,18944,168905,12056,332016,12439,6021,6418
56630,350991,18944,168919,12056,332047,12440,6022,6418
56635,351022,18944,168938,12056,332078,12441,6022,6419
56640,351053,18944,168952,12056,332109,12442,6023,6419
56645,351084,18945,168966,12057,332139,12443,6023,6420
56650,351115,18947,168981,12059,332168,12444,6023,6421
56655,351146,18949,168997,12061,332197,12445,6023,6422
56660,351177,18950,169011,12061,332227,12446,6024,6422
56665,351208,18951,169023,12061,332257,12447,6024,6423
56670,351239,18953,169037,12063,332286,12448,6025,6423
56675,351270,18954,169054,12064,332316,12449,6026,6423
56680,351301,18956,169075,12066,332345,12450,6027,6423
56685,351332,18959,169090,12068,332372,12452,6028,6424
56690,351363,18964,169102,12071,332399,12454,6028,6426
56695,351394,18968,169118,12074,332426,12456,6030,6426
56700,351425,18973,169138,12079,332452,12458,6032,6426
56705,351456,18974,169152,12079,332482,12460,6033,6427
56710,351487,18976,169171,12081,332511,12461,6034,6427
56715,351518,18977,169185,12081,332541,12462,6034,6428
56720,351549,18979,169199,12083,332570,12463,6034,6429
56725,351580,18981,169213,12084,332599,12464,6035,6429
56730,351611,18981,169230,12084,332630,12465,6035,6430
56735,351642,18981,169242,12084,332661,12466,6036,6430
56740,351673,18981,169254,12084,332692,12467,6036,6431
56745,351704,18981,169265,12084,332723,12468,6036,6432
56750,351735,18981,169277,12084,332754,12469,6036,6433
56755,351766,18981,169291,12084,332785,12470,6037,6433
56760,351797,18981,169303,12084,332816,12471,6038,6433
56765,351828,18981,169320,12084,332847,12472,6039,6433
56770,351859,18981,169333,12084,332878,12473,6040,6433
56775,351890,18981,169346,12084,332909,12474,6040,6434
56780,351921,18981,169365,12084,332940,12475,6041,6434
56785,351952,18981,169382,12084,332971,12476,6041,6435
56790,351983,18982,169403,12084,333001,12477,6042,6435
56795,352014,18983,169417,12084,333031,12478,6043,6435
56800,352045,18984,169434,12084,333061,12479,6043,6436
56805,352076,18986,169449,12085,333090,12480,6044,6436
56810,352107,18990,169466,12088,333117,12482,6044,6438
56815,352138,18993,169482,12090,333144,12484,6044,6440
56820,352169,18998,169502,12094,333170,12486,6045,6441
56825,352200,19001,169516,12095,333199,12487,6046,6441
56830,352231,19003,169535,12097,333228,12488,6047,6441
56835,352262,19005,169549,12097,333257,12489,6048,6441
56840,352293,19008,169565,12099,333285,12490,6048,6442
56845,352324,19010,169582,12101,333314,12491,6049,6442
56850,352355,19012,169599,12102,333343,12492,6049,6443
56855,352386,19015,169613,12105,333371,12492,6049,6443
56860,352417,19017,169626,12107,333400,12492,6049,6443
56865,352448,19020,169641,12109,333428,12492,6049,6443
56870,352479,19023,169652,12110,333456,12492,6049,6443
56875,352510,19025,169665,12111,333485,12492,6049,6443
56880,352541,19027,169677,12112,333514,12492,6049,6443
56885,352572,19030,169695,12113,333542,12492,6049,6443
56890,352603,19031,169711,12113,333572,12492,6049,6443
56895,352634,19032,169723,12113,333602,12492,6049,6443
56900,352665,19033,169741,12114,333632,12492,6049,6443
56905,352696,19034,169758,12114,333662,12492,6049,6443
56910,352727,19035,169776,12115,333692,12492,6049,6443
56915,352758,19036,169795,12116,333722,12492,6049,6443
56920,352789,19037,169811,12117,333752,12492,6049,6443
56925,352820,19038,169825,12118,333782,12492,6049,6443
56930,352851,19040,169844,12120,333811,12492,6049,6443
56935,352882,19042,169865,12122,333840,12493,6050,6443
56940,352913,19045,169877,12125,333868,12494,6050,6444
56945,352944,19047,169894,12126,333897,12495,6051,6444
56950,352975,19049,169908,12127,333926,12496,6051,6445
56955,353006,19051,169926,12129,333955,12498,6052,6446
56960,353037,19053,169943,12131,333984,12500,6053,6447
56965,353068,19054,169960,12132,334014,12502,6055,6447
56970,353099,19054,169975,12132,334045,12504,6056,6448
56975,353130,19054,169990,12132,334076,12506,6056,6450
56980,353161,19054,170003,12132,334107,12508,6056,6452
56985,353192,19054,170015,12132,334138,12510,6057,6453
56990,353223,19054,170029,12132,334169,12512,6058,6454
56995,353254,19054,170044,12132,334200,12514,6058,6456
57000,353285,19054,170055,12132,334231,12516,6058,6458
57005,353316,19054,170073,12132,334262,12518,6059,6459
57010,353347,19054,170083,12132,334293,12520,6060,6460
57015,353378,19054,170098,12132,334324,12522,6061,6461
57020,353409,19054,170113,12132,334355,12523,6061,6462
57025,353440,19054,170126,12132,334386,12524,6061,6463
57030,353471,19054,170140,12132,334417,12525,6061,6464
57035,353502,19054,170157,12132,334448,12526,6061,6465
57040,353533,19054,170175,12132,334479,12527,6062,6465
57045,353564,19054,170194,12132,334510,12528,6063,6465
57050,353595,19057,170206,12134,334538,12529,6063,6466
57055,353626,19059,170221,12136,334567,12530,6063,6467
57060,353657,19061,170238,12137,334596,12531,6063,6468
57065,353688,19065,170254,12140,334623,12532,6064,6468
57070,353719,19070,170264,12144,334649,12533,6064,6469
57075,353750,19074,170277,12147,334675,12534,6064,6470
57080,353781,19077,170288,12149,334704,12535,6064,6471
57085,353812,19080,170303,12152,334731,12536,6064,6472
57090,353843,19084,170318,12155,334759,12537,6065,6472
57095,353874,19087,170331,12157,334787,12538,6065,6473
57100,353905,19091,170348,12160,334813,12539,6065,6474
57105,353936,19094,170359,12162,334841,12540,6065,6475
57110,353967,19098,170370,12165,334869,12541,6065,6476
57115,353998,19101,170392,12167,334897,12542,6066,6476
57120,354029,19102,170405,12167,334927,12544,6067,6477
57125,354060,19102,170422,12167,334958,12546,6069,6477
57130,354091,19102,170435,12167,334989,12548,6071,6477
57135,354122,19102,170446,12167,335020,12549,6071,6478
57140,354153,19102,170465,12167,335051,12550,6071,6479
57145,354184,19102,170477,12167,335082,12551,6071,6480
57150,354215,19102,170493,12167,335113,12552,6071,6481
57155,354246,19102,170509,12167,335144,12553,6072,6481
57160,354277,19102,170522,12167,335175,12554,6072,6482
57165,354308,19102,170536,12167,335206,12555,6072,6483
57170,354339,19103,170548,12168,335236,12556,6073,6483
57175,354370,19104,170568,12169,335266,12557,6074,6483
57180,354401,19105,170582,12170,335296,12558,6074,6484
57185,354432,19107,170595,12171,335325,12559,6074,6485
57190,354463,19109,170605,12171,335354,12560,6074,6486
57195,354494,19111,170619,12172,335383,12561,6075,6486
57200,354525,19113,170632,12174,335412,12562,6075,6487
57205,354556,19115,170641,12176,335441,12563,6075,6488
57210,354587,19117,170661,12178,335470,12564,6076,6488
57215,354618,19119,170680,12180,335499,12565,6077,6488
57220,354649,19122,170695,12181,335527,12566,6078,6488
57225,354680,19125,170709,12182,335555,12567,6078,6489
57230,354711,19129,170725,12184,335581,12568,6078,6490
57235,354742,19134,170740,12188,335608,12570,6079,6491
57240,354773,19138,170756,12191,335634,12572,6080,6492
57245,354804,19140,170772,12193,335663,12573,6080,6493
57250,354835,19143,170786,12195,335691,12574,6080,6494
57255,354866,19145,170799,12196,335720,12575,6080,6495
57260,354897,19147,170815,12198,335749,12575,6080,6495
57265,354928,19150,170833,12201,335778,12575,6080,6495
57270,354959,19152,170852,12203,335807,12575,6080,6495
57275,354990,19153,170868,12204,335836,12575,6080,6495
57280,355021,19155,170885,12206,335866,12575,6080,6495
57285,355052,19156,170902,12207,335896,12575,6080,6495
57290,355083,19157,170914,12207,335926,12575,6080,6495
57295,355114,19158,170931,12208,335956,12575,6080,6495
57300,355145,19159,170943,12209,335986,12575,6080,6495
57305,355176,19159,170956,12209,336017,12575,6080,6495
57310,355207,19159,170972,12209,336048,12575,6080,6495
57315,355238,19159,170987,12209,336079,12575,6080,6495
57320,355269,19159,171000,12209,336110,12575,6080,6495
57325,355300,19159,171017,12209,336141,12575,6080,6495
57330,355331,19159,171033,12209,336172,12575,6080,6495
57335,355362,19159,171050,12209,336203,12575,6080,6495
57340,355393,19159,171066,12209,336234,12575,6080,6495
57345,355424,19159,171081,12209,336265,12576,6080,6496
57350,355455,19161,171099,12211,336294,12577,6081,6496
57355,355486,19164,171112,12213,336322,12578,6081,6497
57360,355517,19166,171128,12214,336351,12580,6082,6498
57365,355548,19169,171142,12216,336379,12581,6082,6499
57370,355579,19171,171157,12216,336407,12582,6083,6499
57375,355610,19175,171174,12220,336434,12583,6083,6500
57380,355641,19179,171188,12223,336462,12584,6084,6500
57385,355672,19181,171198,12223,336491,12585,6084,6501
57390,355703,19184,171212,12226,336519,12586,6084,6502
57395,355734,19185,171224,12227,336549,12587,6084,6503
57400,355765,19186,171239,12227,336579,12588,6085,6503
57405,355796,19187,171251,12228,336609,12589,6085,6504
57410,355827,19188,171270,12228,336639,12590,6086,6504
57415,355858,19189,171288,12229,336669,12591,6087,6504
57420,355889,19190,171306,12230,336699,12592,6087,6505
57425,355920,19191,171321,12231,336729,12593,6088,6505
57430,355951,19192,171337,12232,336759,12594,6089,6505
57435,355982,19193,171353,12233,336789,12595,6089,6506
57440,356013,19194,171367,12233,336819,12596,6090,6506
57445,356044,19195,171384,12234,336849,12597,6090,6507
57450,356075,19196,171399,12234,336879,12598,6091,6507
57455,356106,19197,171415,12235,336909,12599,6092,6507
57460,356137,19198,171427,12236,336939,12600,6093,6507
57465,356168,19199,171441,12237,336969,12601,6094,6507
57470,356199,19202,171456,12239,336997,12602,6095,6507
57475,356230,19206,171469,12243,337024,12603,6095,6508
57480,356261,19211,171483,12247,337050,12604,6095,6509
57485,356292,19211,171495,12247,337081,12606,6096,6510
57490,356323,19211,171506,12247,337112,12607,6097,6510
57495,356354,19212,171518,12248,337142,12608,6097,6511
57500,356385,19213,171530,12248,337171,12609,6097,6512
57505,356416,19215,171547,12249,337201,12610,6097,6513
57510,356447,19216,171557,12249,337231,12611,6097,6514
57515,356478,19217,171575,12249,337261,12612,6097,6515
57520,356509,19218,171595,12249,337290,12613,6098,6515
57525,356540,19220,171612,12250,337320,12614,6098,6516
57530,356571,19221,171623,12251,337350,12615,6098,6517
57535,356602,19222,171640,12252,337380,12616,6099,6517
57540,356633,19223,171651,12253,337410,12617,6100,6517
57545,356664,19226,171663,12254,337438,12619,6102,6517
57550,356695,19228,171672,12255,337467,12621,6102,6519
57555,356726,19231,171688,12258,337495,12623,6103,6520
57560,356757,19233,171698,12258,337524,12625,6103,6522
57565,356788,19236,171714,12260,337552,12626,6104,6522
57570,356819,19238,171727,12261,337581,12627,6104,6523
57575,356850,19240,171743,12262,337610,12628,6105,6523
57580,356881,19243,171762,12264,337638,12629,6106,6523
57585,356912,19247,171781,12267,337665,12630,6107,6523
57590,356943,19250,171798,12269,337693,12631,6108,6523
57595,356974,19256,171812,12274,337718,12632,6108,6524
57600,357005,19260,171824,12277,337745,12633,6109,6524
57605,357036,19263,171840,12278,337772,12634,6110,6524
57610,357067,19266,171852,12281,337801,12635,6110,6525
57615,357098,19266,171868,12281,337832,12636,6110,6526
57620,357129,19266,171879,12281,337863,12637,6111,6526
57625,357160,19266,171893,12281,337894,12638,6111,6527
57630,357191,19266,171911,12281,337925,12639,6112,6527
57635,357222,19266,171926,12281,337956,12640,6112,6528
57640,357253,19266,171939,12281,337987,12641,6112,6529
57645,357284,19266,171951,12281,338018,12642,6113,6529
57650,357315,19266,171966,12281,338049,12643,6114,6529
57655,357346,19266,171980,12281,338080,12644,6115,6529
57660,357377,19266,171998,12281,338111,12645,6115,6530
57665,357408,19266,172010,12281,338142,12646,6115,6531
57670,357439,19266,172025,12281,338173,12648,6116,6532
57675,357470,19266,172038,12281,338204,12650,6116,6534
57680,357501,19266,172050,12281,338235,12652,6117,6535
57685,357532,19266,172059,12281,338266,12654,6119,6535
57690,357563,19266,172074,12281,338297,12656,6121,6535
57695,357594,19266,172089,12281,338328,12658,6122,6536
57700,357625,19266,172102,12281,338359,12660,6124,6536
57705,357656,19266,172119,12281,338390,12662,6126,6536
57710,357687,19268,172137,12282,338419,12664,6127,6537
57715,357718,19270,172146,12282,338448,12666,6128,6538
57720,357749,19275,172164,12287,338474,12667,6129,6538
57725,357780,19278,172181,12289,338501,12667,6129,6538
57730,357811,19282,172192,12293,338529,12667,6129,6538
57735,357842,19285,172205,12295,338557,12667,6129,6538
57740,357873,19285,172225,12295,338588,12667,6129,6538
57745,357904,19285,172241,12295,338619,12667,6129,6538
57750,357935,19285,172257,12295,338650,12667,6129,6538
57755,357966,19285,172269,12295,338681,12667,6129,6538
57760,357997,19285,172286,12295,338712,12667,6129,6538
57765,358028,19285,172303,12295,338743,12667,6129,6538
57770,358059,19285,172313,12295,338774,12667,6129,6538
57775,358090,19285,172324,12295,338805,12667,6129,6538
57780,358121,19285,172340,12295,338836,12667,6129,6538
57785,358152,19285,172353,12295,338867,12667,6129,6538
57790,358183,19285,172370,12295,338898,12667,6129,6538
57795,358214,19285,172380,12295,338929,12667,6129,6538
57800,358245,19285,172395,12295,338960,12667,6129,6538
57805,358276,19285,172407,12295,338991,12667,6129,6538
57810,358307,19285,172426,12295,339022,12667,6129,6538
57815,358338,19285,172437,12295,339053,12667,6129,6538
57820,358369,19285,172454,12295,339084,12668,6129,6539
57825,358400,19285,172473,12295,339115,12670,6130,6540
57830,358431,19287,172487,12297,339144,12672,6131,6541
57835,358462,19290,172495,12298,339172,12674,6131,6543
57840,358493,19294,172509,12300,339199,12676,6131,6545
57845,358524,19296,172517,12301,339228,12677,6132,6545
57850,358555,19298,172539,12302,339257,12678,6133,6545
57855,358586,19302,172553,12304,339284,12679,6134,6545
57860,358617,19305,172572,12306,339312,12680,6134,6546
57865,358648,19309,172589,12310,339339,12681,6135,6546
57870,358679,19313,172605,12312,339366,12682,6136,6546
57875,358710,19316,172615,12313,339394,12683,6137,6546
57880,358741,19319,172629,12314,339422,12684,6137,6547
57885,358772,19322,172641,12316,339450,12685,6137,6548
57890,358803,19324,172654,12317,339479,12686,6138,6548
57895,358834,19328,172672,12321,339506,12687,6139,6548
57900,358865,19330,172682,12322,339535,12688,6139,6549
57905,358896,19332,172701,12323,339564,12689,6140,6549
57910,358927,19333,172714,12324,339594,12690,6140,6550
57915,358958,19335,172728,12326,339623,12691,6140,6551
57920,358989,19337,172741,12328,339652,12692,6141,6551
57925,359020,19339,172756,12330,339681,12693,6141,6552
57930,359051,19340,172765,12331,339711,12694,6142,6552
57935,359082,19341,172781,12332,339741,12695,6142,6553
57940,359113,19342,172794,12332,339771,12696,6142,6554
57945,359144,19342,172809,12332,339802,12697,6142,6555
57950,359175,19344,172825,12333,339831,12699,6143,6556
57955,359206,19347,172845,12336,339859,12701,6144,6557
57960,359237,19349,172855,12337,339888,12703,6144,6559
57965,359268,19353,172871,12341,339915,12704,6145,6559
57970,359299,19356,172886,12344,339943,12705,6146,6559
57975,359330,19357,172900,12344,339973,12706,6146,6560
57980,359361,19358,172915,12344,340003,12707,6147,6560
57985,359392,19359,172928,12344,340033,12708,6147,6561
57990,359423,19360,172940,12344,340063,12709,6147,6562
57995,359454,19361,172959,12344,340093,12710,6148,6562
58000,359485,19362,172966,12344,340123,12711,6149,6562
58005,359516,19363,172980,12345,340153,12712,6149,6563
58010,359547,19364,173000,12346,340183,12713,6149,6564
58015,359578,19365,173015,12346,340213,12714,6149,6565
58020,359609,19366,173034,12347,340243,12715,6150,6565
58025,359640,19367,173048,12347,340273,12716,6150,6566
58030,359671,19368,173060,12347,340303,12717,6151,6566
58035,359702,19369,173081,12348,340333,12718,6152,6566
58040,359733,19370,173099,12349,340363,12719,6152,6567
58045,359764,19371,173112,12349,340393,12720,6153,6567
58050,359795,19373,173132,12350,340422,12721,6153,6568
58055,359826,19375,173142,12350,340451,12722,6153,6569
58060,359857,19378,173156,12351,340479,12723,6153,6570
58065,359888,19380,173167,12351,340508,12724,6153,6571
58070,359919,19382,173177,12351,340537,12726,6154,6572
58075,359950,19384,173196,12353,340565,12728,6156,6572
58080,359981,19389,173208,12356,340592,12730,6157,6573
58085,360012,19392,173222,12358,340620,12731,6157,6574
58090,360043,19395,173236,12360,340648,12732,6157,6575
58095,360074,19397,173251,12361,340677,12733,6157,6576
58100,360105,19400,173269,12363,340705,12734,6158,6576
58105,360136,19402,173283,12365,340734,12735,6158,6577
58110,360167,19404,173300,12367,340763,12735,6158,6577
58115,360198,19405,173311,12367,340793,12735,6158,6577
58120,360229,19407,173331,12369,340822,12735,6158,6577
58125,360260,19408,173343,12370,340852,12735,6158,6577
58130,360291,19409,173353,12370,340882,12735,6158,6577
58135,360322,19410,173373,12370,340912,12735,6158,6577
58140,360353,19412,173387,12371,340941,12735,6158,6577
58145,360384,19413,173405,12371,340971,12735,6158,6577
58150,360415,19414,173420,12371,341001,12735,6158,6577
58155,360446,19415,173433,12372,341031,12735,6158,6577
58160,360477,19417,173446,12373,341060,12735,6158,6577
58165,360508,19418,173464,12374,341090,12735,6158,6577
58170,360539,19419,173482,12374,341120,12735,6158,6577
58175,360570,19420,173497,12375,341150,12735,6158,6577
58180,360601,19421,173511,12376,341180,12735,6158,6577
58185,360632,19424,173526,12378,341208,12735,6158,6577
58190,360663,19425,173540,12379,341237,12736,6158,6578
58195,360694,19427,173560,12380,341266,12737,6159,6578
58200,360725,19429,173575,12381,341296,12738,6159,6579
58205,360756,19430,173590,12381,341325,12739,6160,6579
58210,360787,19433,173605,12383,341353,12741,6160,6581
58215,360818,19436,173621,12385,341382,12743,6161,6582
58220,360849,19438,173635,12385,341411,12745,6163,6582
58225,360880,19440,173647,12387,341439,12747,6163,6584
58230,360911,19444,173660,12390,341467,12749,6165,6584
58235,360942,19448,173677,12393,341494,12751,6167,6584
58240,360973,19451,173693,12395,341522,12753,6167,6586
58245,361004,19453,173703,12397,341551,12755,6167,6588
58250,361035,19457,173725,12401,341578,12757,6168,6589
58255,361066,19460,173741,12404,341606,12759,6169,6590
58260,361097,19464,173754,12406,341633,12761,6169,6592
58265,361128,19466,173768,12408,341662,12763,6169,6594
58270,361159,19467,173783,12409,341692,12765,6169,6596
58275,361190,19468,173796,12410,341722,12766,6170,6596
58280,361221,19468,173811,12410,341753,12767,6171,6596
58285,361252,19468,173824,12410,341784,12768,6172,6596
58290,361283,19468,173836,12410,341815,12769,6172,6597
58295,361314,19468,173856,12410,341846,12770,6173,6597
58300,361345,19468,173870,12410,341877,12771,6174,6597
58305,361376,19468,173885,12410,341908,12772,6175,6597
58310,361407,19469,173897,12410,341938,12773,6175,6598
58315,361438,19471,173910,12412,341967,12774,6175,6599
58320,361469,19472,173922,12412,341997,12775,6176,6599
58325,361500,19476,173937,12416,342024,12776,6176,6600
58330,361531,19480,173951,12419,342051,12777,6176,6601
58335,361562,19483,173968,12420,342079,12778,6176,6602
58340,361593,19486,173991,12423,342106,12779,6176,6603
58345,361624,19491,174004,12427,342133,12780,6177,6603
58350,361655,19493,174016,12428,342162,12781,6177,6604
58355,361686,19493,174028,12428,342193,12782,6177,6605
58360,361717,19493,174042,12428,342224,12783,6177,6606
58365,361748,19493,174055,12428,342255,12784,6177,6607
58370,361779,19493,174066,12428,342286,12785,6178,6607
58375,361810,19493,174082,12428,342317,12787,6179,6608
58380,361841,19493,174098,12428,342348,12789,6180,6609
58385,361872,19493,174115,12428,342379,12790,6181,6609
58390,361903,19493,174132,12428,342410,12791,6182,6609
58395,361934,19493,174151,12428,342441,12792,6182,6610
58400,361965,19493,174170,12428,342472,12793,6182,6611
58405,361996,19493,174185,12428,342503,12794,6183,6611
58410,362027,19493,174194,12428,342534,12795,6183,6612
58415,362058,19493,174214,12428,342565,12796,6184,6612
58420,362089,19493,174228,12428,342596,12797,6185,6612
58425,362120,19493,174244,12428,342627,12798,6186,6612
58430,362151,19494,174258,12428,342657,12799,6186,6613
58435,362182,19495,174271,12429,342687,12800,6186,6614
58440,362213,19496,174289,12429,342717,12801,6186,6615
58445,362244,19497,174302,12429,342747,12802,6186,6616
58450,362275,19499,174319,12430,342776,12803,6186,6617
58455,362306,19502,174334,12432,342804,12804,6187,6617
58460,362337,19506,174346,12434,342831,12805,6187,6618
58465,362368,19509,174356,12436,342859,12806,6187,6619
58470,362399,19514,174368,12439,342885,12807,6188,6619
58475,362430,19517,174382,12440,342913,12808,6189,6619
58480,362461,19522,174397,12443,342939,12809,6190,6619
58485,362492,19525,174407,12443,342966,12811,6192,6619
58490,362523,19529,174419,12447,342993,12813,6193,6620
58495,362554,19535,174436,12451,343019,12815,6194,6621
58500,362585,19538,174450,12452,343046,12817,6195,6622
58505,362616,19540,174463,12453,343076,12819,6195,6624
58510,362647,19541,174476,12454,343106,12820,6196,6624
58515,362678,19542,174489,12454,343136,12821,6197,6624
58520,362709,19543,174502,12454,343166,12822,6198,6624
58525,362740,19545,174516,12456,343195,12823,6198,6625
58530,362771,19547,174534,12458,343224,12824,6199,6625
58535,362802,19548,174549,12459,343254,12825,6200,6625
58540,362833,19550,174568,12461,343283,12826,6201,6625
58545,362864,19550,174589,12461,343314,12827,6202,6625
58550,362895,19550,174605,12461,343345,12828,6202,6626
58555,362926,19550,174624,12461,343376,12829,6203,6626
58560,362957,19550,174642,12461,343407,12830,6204,6626
58565,362988,19552,174657,12462,343435,12830,6204,6626
58570,363019,19555,174671,12465,343464,12830,6204,6626
58575,363050,19557,174683,12467,343493,12830,6204,6626
58580,363081,19557,174698,12467,343524,12830,6204,6626
58585,363112,19557,174712,12467,343555,12830,6204,6626
58590,363143,19557,174729,12467,343586,12830,6204,6626
58595,363174,19557,174740,12467,343617,12830,6204,6626
58600,363205,19557,174751,12467,343648,12830,6204,6626
58605,363236,19557,174767,12467,343679,12830,6204,6626
58610,363267,19559,174780,12468,343708,12831,6204,6627
58615,363298,19561,174793,12469,343737,12832,6205,6627
58620,363329,19562,174810,12470,343767,12833,6205,6628
58625,363360,19564,174826,12470,343796,12835,6207,6628
58630,363391,19566,174837,12471,343825,12837,6207,6630
58635,363422,19568,174850,12471,343854,12839,6208,6631
58640,363453,19570,174867,12471,343883,12841,6209,6632
58645,363484,19572,174886,12472,343912,12843,6210,6633
58650,363515,19574,174903,12472,343941,12845,6212,6633
58655,363546,19577,174922,12475,343969,12847,6212,6635
58660,363577,19579,174936,12476,343998,12849,6212,6637
58665,363608,19581,174951,12477,344027,12851,6214,6637
58670,363639,19583,174964,12477,344056,12853,6216,6637
58675,363670,19586,174983,12479,344084,12855,6216,6639
58680,363701,19588,174999,12481,344113,12857,6217,6640
58685,363732,19591,175014,12484,344141,12858,6217,6641
58690,363763,19595,175031,12487,344168,12859,6217,6642
58695,363794,19597,175045,12487,344197,12860,6217,6643
58700,363825,19599,175059,12488,344226,12861,6218,6643
58705,363856,19601,175073,12489,344255,12862,6218,6644
58710,363887,19603,175087,12490,344284,12863,6218,6645
58715,363918,19607,175101,12492,344311,12864,6218,6646
58720,363949,19609,175114,12493,344340,12865,6218,6647
58725,363980,19611,175122,12495,344369,12866,6219,6647
58730,364011,19612,175137,12495,344399,12867,6220,6647
58735,364042,19612,175157,12495,344430,12868,6221,6647
58740,364073,19612,175169,12495,344461,12869,6221,6648
58745,364104,19612,175178,12495,344492,12870,6222,6648
58750,364135,19612,175196,12495,344523,12871,6223,6648
58755,364166,19612,175208,12495,344554,12872,6223,6649
58760,364197,19612,175229,12495,344585,12873,6224,6649
58765,364228,19612,175243,12495,344616,12874,6224,6650
58770,364259,19612,175256,12495,344647,12875,6224,6651
58775,364290,19612,175270,12495,344678,12876,6225,6651
58780,364321,19612,175286,12495,344709,12877,6225,6652
58785,364352,19612,175301,12495,344740,12879,6227,6652
58790,364383,19614,175319,12496,344769,12881,6228,6653
58795,364414,19615,175334,12496,344799,12883,6229,6654
58800,364445,19617,175343,12497,344828,12885,6230,6655
58805,364476,19619,175357,12499,344857,12886,6230,6656
58810,364507,19622,175370,12501,344885,12887,6231,6656
58815,364538,19625,175385,12504,344913,12888,6231,6657
58820,364569,19628,175402,12506,344941,12889,6231,6658
58825,364600,19633,175420,12510,344967,12889,6231,6658
58830,364631,19637,175440,12512,344994,12889,6231,6658
58835,364662,19643,175458,12517,345019,12889,6231,6658
58840,364693,19646,175471,12519,345047,12889,6231,6658
58845,364724,19650,175487,12522,345074,12889,6231,6658
58850,364755,19653,175506,12525,345102,12889,6231,6658
58855,364786,19655,175521,12526,345131,12889,6231,6658
58860,364817,19657,175531,12527,345160,12889,6231,6658
58865,364848,19659,175545,12528,345189,12890,6232,6658
58870,364879,19661,175560,12530,345217,12891,6233,6658
58875,364910,19663,175576,12531,345246,12892,6234,6658
58880,364941,19665,175588,12532,345276,12893,6234,6659
58885,364972,19666,175605,12533,345306,12894,6234,6660
58890,365003,19667,175621,12534,345336,12895,6234,6661
58895,365034,19668,175633,12534,345366,12896,6234,6662
58900,365065,19669,175646,12534,345396,12897,6235,6662
58905,365096,19670,175666,12534,345425,12898,6235,6663
58910,365127,19672,175682,12536,345454,12899,6235,6664
58915,365158,19674,175693,12537,345484,12900,6235,6665
58920,365189,19674,175705,12537,345515,12901,6235,6666
58925,365220,19674,175721,12537,345546,12902,6235,6667
58930,365251,19674,175739,12537,345577,12904,6236,6668
58935,365282,19674,175752,12537,345608,12906,6236,6670
58940,365313,19674,175765,12537,345639,12908,6236,6672
58945,365344,19675,175783,12538,345669,12910,6237,6673
58950,365375,19676,175797,12538,345699,12912,6239,6673
58955,365406,19677,175810,12538,345729,12914,6241,6673
58960,365437,19678,175824,12538,345759,12916,6242,6674
58965,365468,19680,175838,12540,345788,12918,6242,6676
58970,365499,19682,175859,12541,345817,12920,6244,6676
58975,365530,19684,175878,12543,345846,12922,6246,6676
58980,365561,19687,175897,12546,345874,12924,6247,6677
58985,365592,19692,175909,12550,345900,12925,6248,6677
58990,365623,19697,175922,12554,345926,12926,6248,6678
58995,365654,19698,175941,12555,345956,12927,6249,6678
59000,365685,19699,175960,12556,345986,12928,6249,6679
59005,365716,19700,175979,12557,346016,12929,6249,6680
59010,365747,19702,175995,12558,346045,12930,6249,6681
59015,365778,19704,176010,12560,346074,12931,6249,6682
59020,365809,19705,176027,12561,346104,12932,6250,6682
59025,365840,19707,176042,12562,346133,12933,6250,6683
59030,365871,19709,176055,12564,346162,12934,6250,6684
59035,365902,19709,176072,12564,346193,12935,6251,6684
59040,365933,19709,176089,12564,346224,12936,6252,6684
59045,365964,19710,176104,12565,346254,12937,6252,6685
59050,365995,19710,176120,12565,346285,12938,6252,6686
59055,366026,19710,176128,12565,346316,12939,6252,6687
59060,366057,19710,176139,12565,346347,12940,6253,6687
59065,366088,19710,176149,12565,346378,12941,6254,6687
59070,366119,19710,176162,12565,346409,12942,6255,6687
59075,366150,19710,176177,12565,346440,12943,6256,6687
59080,366181,19710,176189,12565,346471,12944,6256,6688
59085,366212,19710,176204,12565,346502,12946,6257,6689
59090,366243,19711,176218,12565,346532,12948,6259,6689
59095,366274,19712,176233,12565,346562,12950,6260,6690
59100,366305,19714,176245,12565,346591,12952,6261,6691
59105,366336,19716,176262,12566,346620,12954,6261,6693
59110,366367,19720,176275,12569,346647,12956,6263,6693
59115,366398,19724,176292,12572,346674,12958,6265,6693
59120,366429,19728,176307,12575,346701,12960,6267,6693
59125,366460,19731,176322,12578,346729,12962,6268,6694
59130,366491,19733,176336,12578,346758,12964,6270,6694
59135,366522,19737,176350,12581,346785,12966,6270,6696
59140,366553,19739,176364,12581,346814,12968,6270,6698
59145,366584,19742,176379,12584,346842,12970,6271,6699
59150,366615,19748,176397,12590,346867,12972,6273,6699
59155,366646,19752,176410,12593,346894,12974,6273,6701
59160,366677,19759,176430,12600,346918,12976,6274,6702
59165,366708,19761,176443,12601,346947,12976,6274,6702
59170,366739,19762,176457,12602,346977,12976,6274,6702
59175,366770,19765,176468,12604,347005,12976,6274,6702
59180,366801,19767,176486,12606,347034,12976,6274,6702
59185,366832,19769,176500,12608,347063,12976,6274,6702
59190,366863,19771,176513,12610,347091,12976,6274,6702
59195,366894,19774,176533,12613,347119,12976,6274,6702
59200,366925,19776,176550,12614,347149,12976,6274,6702
59205,366956,19776,176568,12614,347180,12976,6274,6702
59210,366987,19776,176583,12614,347211,12976,6274,6702
59215,367018,19776,176591,12614,347242,12976,6274,6702
59220,367049,19776,176608,12614,347273,12976,6274,6702
59225,367080,19776,176620,12614,347304,12977,6275,6702
59230,367111,19776,176630,12614,347335,12978,6275,6703
59235,367142,19776,176644,12614,347366,12979,6276,6703
59240,367173,19776,176657,12614,347397,12980,6277,6703
59245,367204,19776,176669,12614,347428,12981,6278,6703
59250,367235,19776,176682,12614,347459,12982,6278,6704
59255,367266,19776,176698,12614,347490,12983,6279,6704
59260,367297,19776,176713,12614,347521,12984,6279,6705
59265,367328,19776,176728,12614,347552,12985,6280,6705
59270,367359,19779,176745,12617,347579,12986,6281,6705
59275,367390,19783,176755,12620,347607,12988,6282,6706
59280,367421,19786,176768,12621,347635,12990,6283,6707
59285,367452,19790,176787,12623,347662,12992,6284,6708
59290,367483,19793,176801,12624,347690,12993,6284,6709
59295,367514,19797,176821,12626,347717,12994,6285,6709
59300,367545,19801,176838,12630,347744,12995,6285,6710
59305,367576,19803,176852,12631,347773,12996,6285,6711
59310,367607,19806,176867,12632,347801,12997,6285,6712
59315,367638,19809,176883,12634,347829,12998,6285,6713
59320,367669,19812,176900,12637,347857,12999,6285,6714
59325,367700,19814,176914,12638,347886,13000,6286,6714
59330,367731,19815,176928,12639,347916,13001,6286,6715
59335,367762,19816,176943,12639,347946,13002,6287,6715
59340,367793,19817,176958,12639,347976,13003,6287,6716
59345,367824,19819,176975,12640,348005,13005,6288,6717
59350,367855,19822,176990,12642,348033,13006,6289,6717
59355,367886,19825,177008,12645,348061,13007,6290,6717
59360,367917,19827,177019,12646,348090,13008,6290,6718
59365,367948,19830,177034,12649,348118,13009,6290,6719
59370,367979,19833,177047,12651,348146,13010,6291,6719
59375,368010,19836,177066,12654,348174,13011,6291,6720
59380,368041,19839,177083,12656,348202,13012,6291,6721
59385,368072,19840,177093,12656,348231,13013,6291,6722
59390,368103,19842,177110,12658,348260,13014,6291,6723
59395,368134,19844,177131,12659,348290,13015,6292,6723
59400,368165,19844,177150,12659,348321,13016,6293,6723
59405,368196,19844,177168,12659,348352,13017,6293,6724
59410,368227,19844,177183,12659,348383,13018,6293,6725
59415,368258,19844,177202,12659,348414,13019,6294,6725
59420,368289,19844,177221,12659,348445,13020,6295,6725
59425,368320,19844,177229,12659,348476,13021,6295,6726
59430,368351,19844,177244,12659,348507,13022,6295,6727
59435,368382,19844,177263,12659,348538,13023,6296,6727
59440,368413,19844,177276,12659,348569,13024,6297,6727
59445,368444,19844,177297,12659,348600,13025,6298,6727
59450,368475,19844,177309,12659,348631,13027,6298,6729
59455,368506,19845,177326,12660,348661,13029,6299,6730
59460,368537,19846,177344,12661,348691,13031,6300,6731
59465,368568,19849,177359,12664,348719,13032,6301,6731
59470,368599,19850,177372,12665,348749,13033,6301,6732
59475,368630,19851,177384,12665,348779,13034,6301,6733
59480,368661,19852,177396,12665,348809,13035,6302,6733
59485,368692,19853,177415,12665,348839,13036,6303,6733
59490,368723,19855,177430,12666,348868,13037,6303,6734
59495,368754,19857,177444,12668,348897,13038,6304,6734
59500,368785,19859,177457,12668,348926,13039,6305,6734
59505,368816,19861,177469,12668,348955,13040,6305,6735
59510,368847,19863,177484,12670,348984,13041,6305,6736
59515,368878,19865,177497,12670,349013,13042,6305,6737
59520,368909,19867,177514,12671,349042,13043,6305,6738
59525,368940,19869,177527,12672,349071,13044,6306,6738
59530,368971,19871,177541,12672,349100,13045,6306,6739
59535,369002,19873,177554,12673,349129,13046,6307,6739
59540,369033,19875,177568,12674,349158,13047,6308,6739
59545,369064,19877,177585,12674,349187,13048,6308,6740
59550,369095,19879,177603,12676,349216,13049,6309,6740
59555,369126,19881,177618,12678,349245,13050,6309,6741
59560,369157,19883,177636,12680,349274,13051,6309,6742
59565,369188,19886,177646,12682,349302,13053,6311,6742
59570,369219,19890,177660,12685,349329,13055,6313,6742
59575,369250,19893,177674,12688,349357,13057,6314,6743
59580,369281,19897,177694,12692,349384,13059,6315,6744
59585,369312,19899,177708,12693,349413,13059,6315,6744
59590,369343,19900,177721,12694,349443,13059,6315,6744
59595,369374,19902,177738,12695,349472,13059,6315,6744
59600,369405,19904,177755,12697,349501,13059,6315,6744
59605,369436,19906,177775,12699,349530,13059,6315,6744
59610,369467,19908,177789,12700,349559,13059,6315,6744
59615,369498,19908,177805,12700,349590,13059,6315,6744
59620,369529,19908,177816,12700,349621,13059,6315,6744
59625,369560,19908,177827,12700,349652,13059,6315,6744
59630,369591,19908,177844,12700,349683,13059,6315,6744
59635,369622,19908,177859,12700,349714,13059,6315,6744
59640,369653,19908,177872,12700,349745,13059,6315,6744
59645,369684,19908,177887,12700,349776,13059,6315,6744
59650,369715,19908,177902,12700,349807,13059,6315,6744
59655,369746,19908,177913,12700,349838,13059,6315,6744
59660,369777,19908,177930,12700,349869,13059,6315,6744
59665,369808,19908,177944,12700,349900,13059,6315,6744
59670,369839,19908,177957,12700,349931,13059,6315,6744
59675,369870,19908,177973,12700,349962,13059,6315,6744
59680,369901,19909,177986,12700,349992,13059,6315,6744
59685,369932,19910,178003,12700,350022,13061,6316,6745
59690,369963,19913,178022,12702,350050,13063,6317,6746
59695,369994,19916,178035,12704,350078,13065,6317,6748
59700,370025,19919,178052,12705,350106,13067,6319,6748
59705,370056,19921,178067,12706,350135,13069,6320,6749
59710,370087,19923,178081,12707,350164,13070,6321,6749
59715,370118,19925,178095,12709,350193,13071,6322,6749
59720,370149,19927,178108,12711,350222,13072,6322,6750
59725,370180,19929,178124,12712,350251,13073,6322,6751
59730,370211,19932,178138,12713,350279,13074,6323,6751
59735,370242,19935,178155,12716,350307,13075,6323,6752
59740,370273,19938,178175,12719,350335,13076,6324,6752
59745,370304,19942,178196,12722,350362,13077,6324,6753
59750,370335,19945,178214,12724,350390,13078,6325,6753
59755,370366,19950,178229,12728,350416,13079,6325,6754
59760,370397,19953,178244,12731,350444,13080,6325,6755
59765,370428,19953,178258,12731,350475,13081,6325,6756
59770,370459,19953,178270,12731,350506,13082,6326,6756
59775,370490,19953,178285,12731,350537,13083,6326,6757
59780,370521,19953,178303,12731,350568,13084,6326,6758
59785,370552,19953,178317,12731,350599,13085,6326,6759
59790,370583,19953,178333,12731,350630,13086,6326,6760
59795,370614,19953,178352,12731,350661,13087,6327,6760
59800,370645,19953,178369,12731,350692,13088,6327,6761
59805,370676,19954,178380,12731,350722,13089,6328,6761
59810,370707,19955,178393,12732,350752,13091,6330,6761
59815,370738,19957,178408,12734,350781,13093,6330,6763
59820,370769,19959,178423,12735,350810,13095,6332,6763
59825,370800,19962,178433,12736,350838,13096,6332,6764
59830,370831,19965,178449,12737,350866,13097,6333,6764
59835,370862,19968,178458,12738,350894,13098,6333,6765
59840,370893,19971,178471,12740,350922,13099,6334,6765
59845,370924,19974,178490,12743,350950,13100,6334,6766
59850,370955,19977,178501,12744,350978,13101,6334,6767
59855,370986,19980,178514,12746,351006,13102,6335,6767
59860,371017,19983,178529,12747,351034,13103,6336,6767
59865,371048,19986,178545,12749,351062,13104,6337,6767
59870,371079,19990,178556,12752,351089,13105,6337,6768
59875,371110,19994,178570,12754,351116,13106,6337,6769
59880,371141,19997,178588,12754,351144,13107,6338,6769
59885,371172,19999,178607,12755,351173,13108,6338,6770
59890,371203,20001,178623,12755,351202,13109,6338,6771
59895,371234,20004,178637,12756,351230,13110,6338,6772
59900,371265,20006,178653,12756,351259,13111,6339,6772
59905,371296,20008,178663,12757,351288,13112,6339,6773
59910,371327,20010,178680,12759,351317,13113,6340,6773
59915,371358,20013,178697,12762,351345,13114,6340,6774
59920,371389,20016,178710,12763,351373,13115,6341,6774
59925,371420,20019,178724,12765,351401,13116,6341,6775
59930,371451,20019,178739,12765,351432,13117,6341,6776
59935,371482,20019,178755,12765,351463,13118,6341,6777
59940,371513,20019,178771,12765,351494,13119,6341,6778
59945,371544,20019,178791,12765,351525,13120,6342,6778
59950,371575,20019,178807,12765,351556,13121,6342,6779
59955,371606,20019,178821,12765,351587,13122,6343,6779
59960,371637,20019,178835,12765,351618,13123,6344,6779
59965,371668,20019,178848,12765,351649,13124,6344,6780
59970,371699,20019,178862,12765,351680,13125,6344,6781
59975,371730,20019,178880,12765,351711,13126,6345,6781
59980,371761,20019,178893,12765,351742,13127,6345,6782
59985,371792,20019,178909,12765,351773,13128,6346,6782
59990,371823,20020,178924,12765,351803,13129,6346,6783
59995,371854,20021,178938,12766,351833,13130,6347,6783
60000,371885,20022,178950,12766,351863,13131,6347,6784
60005,371916,20025,178964,12768,351891,13132,6347,6785
60010,371947,20026,178977,12768,351921,13133,6347,6786
60015,371978,20028,178993,12770,351950,13134,6347,6787
60020,372009,20029,179012,12770,351980,13135,6348,6787
60025,372040,20031,179028,12772,352009,13136,6348,6788
60030,372071,20033,179041,12773,352038,13137,6348,6789
60035,372102,20036,179054,12775,352066,13138,6348,6790
60040,372133,20038,179067,12777,352095,13139,6348,6791
60045,372164,20041,179084,12778,352123,13141,6350,6791
60050,372195,20044,179096,12780,352151,13143,6351,6792
60055,372226,20047,179112,12782,352179,13145,6352,6793
60060,372257,20052,179126,12785,352205,13147,6352,6795
60065,372288,20055,179143,12788,352233,13148,6353,6795
60070,372319,20058,179162,12790,352261,13149,6353,6796
60075,372350,20060,179177,12792,352290,13150,6354,6796
60080,372381,20062,179196,12794,352318,13150,6354,6796
60085,372412,20064,179213,12795,352347,13150,6354,6796
60090,372443,20066,179225,12796,352377,13150,6354,6796
60095,372474,20067,179240,12797,352407,13150,6354,6796
60100,372505,20068,179256,12797,352437,13150,6354,6796
60105,372536,20069,179273,12798,352466,13150,6354,6796
60110,372567,20071,179288,12800,352495,13150,6354,6796
60115,372598,20072,179305,12801,352526,13150,6354,6796
60120,372629,20072,179318,12801,352557,13150,6354,6796
60125,372660,20072,179334,12801,352588,13150,6354,6796
60130,372691,20072,179346,12801,352619,13150,6354,6796
60135,372722,20072,179364,12801,352650,13150,6354,6796
60140,372753,20072,179380,12801,352681,13150,6354,6796
60145,372784,20072,179393,12801,352712,13150,6354,6796
60150,372815,20072,179413,12801,352743,13150,6354,6796
60155,372846,20072,179432,12801,352774,13150,6354,6796
60160,372877,20072,179442,12801,352805,13150,6354,6796
60165,372908,20072,179453,12801,352836,13151,6355,6796
60170,372939,20072,179469,12801,352867,13152,6356,6796
60175,372970,20073,179483,12802,352897,13153,6356,6797
60180,373001,20075,179498,12803,352926,13155,6358,6797
60185,373032,20080,179515,12807,352952,13157,6359,6798
60190,373063,20085,179530,12810,352978,13159,6359,6800
60195,373094,20089,179543,12812,353005,13161,6361,6800
60200,373125,20094,179563,12815,353031,13163,6362,6801
60205,373156,20097,179581,12818,353059,13165,6364,6801
60210,373187,20100,179598,12820,353087,13167,6365,6802
60215,373218,20102,179611,12820,353116,13169,6366,6803
60220,373249,20105,179625,12823,353144,13170,6366,6804
60225,373280,20107,179637,12824,353173,13171,6366,6805
60230,373311,20111,179652,12828,353200,13172,6366,6806
60235,373342,20113,179667,12829,353229,13173,6366,6807
60240,373373,20115,179684,12831,353258,13174,6367,6807
60245,373404,20115,179694,12831,353289,13175,6367,6808
60250,373435,20115,179713,12831,353320,13176,6368,6808
60255,373466,20115,179728,12831,353351,13177,6368,6809
60260,373497,20115,179745,12831,353382,13178,6369,6809
60265,373528,20115,179764,12831,353413,13179,6369,6810
60270,373559,20115,179777,12831,353444,13180,6369,6811
60275,373590,20115,179794,12831,353475,13181,6369,6812
60280,373621,20115,179809,12831,353506,13182,6370,6812
60285,373652,20115,179828,12831,353537,13183,6371,6812
60290,373683,20115,179844,12831,353568,13184,6372,6812
60295,373714,20115,179858,12831,353599,13185,6373,6812
60300,373745,20117,179874,12832,353628,13186,6374,6812
60305,373776,20121,179887,12835,353655,13187,6375,6812
60310,373807,20123,179901,12835,353684,13188,6375,6813
60315,373838,20125,179922,12836,353713,13189,6375,6814
60320,373869,20128,179934,12837,353741,13191,6375,6816
60325,373900,20131,179951,12839,353769,13193,6376,6817
60330,373931,20134,179964,12841,353797,13195,6376,6819
60335,373962,20136,179980,12841,353826,13197,6377,6820
60340,373993,20138,179992,12842,353855,13199,6378,6821
60345,374024,20140,180010,12842,353884,13201,6380,6821
60350,374055,20144,180023,12845,353911,13203,6381,6822
60355,374086,20147,180039,12847,353939,13204,6381,6823
60360,374117,20150,180053,12849,353967,13205,6381,6824
60365,374148,20151,180068,12850,353997,13206,6382,6824
60370,374179,20152,180083,12850,354027,13207,6382,6825
60375,374210,20153,180101,12851,354057,13208,6383,6825
60380,374241,20154,180117,12851,354087,13209,6383,6826
60385,374272,20155,180125,12851,354117,13210,6383,6827
60390,374303,20156,180143,12852,354147,13211,6384,6827
60395,374334,20157,180161,12853,354177,13212,6384,6828
60400,374365,20158,180173,12853,354207,13213,6384,6829
60405,374396,20159,180190,12854,354237,13214,6385,6829
60410,374427,20160,180204,12855,354267,13215,6385,6830
60415,374458,20161,180216,12855,354297,13216,6386,6830
60420,374489,20162,180232,12855,354327,13217,6387,6830
60425,374520,20163,180245,12855,354357,13218,6387,6831
60430,374551,20164,180261,12855,354387,13219,6387,6832
60435,374582,20165,180274,12855,354417,13220,6387,6833
60440,374613,20166,180294,12855,354447,13221,6387,6834
60445,374644,20167,180312,12856,354477,13222,6388,6834
60450,374675,20168,180323,12857,354507,13223,6388,6835
60455,374706,20169,180343,12858,354537,13224,6389,6835
60460,374737,20170,180356,12858,354567,13226,6390,6836
60465,374768,20172,180372,12859,354596,13228,6391,6837
60470,374799,20173,180386,12860,354626,13230,6392,6838
60475,374830,20174,180392,12860,354655,13232,6392,6840
60480,374861,20177,180411,12862,354683,13234,6393,6841
60485,374892,20180,180423,12865,354712,13235,6393,6842
60490,374923,20182,180437,12867,354741,13235,6393,6842
60495,374954,20183,180450,12867,354771,13235,6393,6842
60500,374985,20185,180468,12869,354800,13235,6393,6842
60505,375016,20187,180485,12871,354829,13235,6393,6842
60510,375047,20189,180499,12872,354858,13235,6393,6842
60515,375078,20189,180518,12872,354889,13235,6393,6842
60520,375109,20189,180534,12872,354920,13235,6393,6842
60525,375140,20189,180551,12872,354951,13235,6393,6842
60530,375171,20189,180566,12872,354982,13235,6393,6842
60535,375202,20189,180578,12872,355013,13235,6393,6842
60540,375233,20189,180590,12872,355044,13235,6393,6842
60545,375264,20189,180608,12872,355075,13235,6393,6842
60550,375295,20189,180626,12872,355106,13235,6393,6842
60555,375326,20189,180636,12872,355137,13235,6393,6842
60560,375357,20189,180652,12872,355168,13235,6393,6842
60565,375388,20189,180670,12872,355199,13235,6393,6842
60570,375419,20189,180681,12872,355230,13235,6393,6842
60575,375450,20189,180692,12872,355261,13235,6393,6842
60580,375481,20189,180703,12872,355292,13235,6393,6842
60585,375512,20189,180721,12872,355323,13236,6393,6843
60590,375543,20190,180734,12872,355352,13238,6393,6845
60595,375574,20192,180748,12873,355381,13240,6393,6847
60600,375605,20194,180760,12875,355411,13242,6393,6849
60605,375636,20200,180772,12878,355436,13244,6393,6851
60610,375667,20204,180784,12881,355463,13246,6394,6852
60615,375698,20208,180792,12883,355490,13248,6395,6853
60620,375729,20211,180809,12884,355518,13250,6395,6855
60625,375760,20215,180822,12888,355545,13252,6395,6857
60630,375791,20219,180836,12892,355572,13253,6395,6858
60635,375822,20221,180851,12894,355601,13254,6395,6859
60640,375853,20222,180863,12894,355631,13255,6395,6860
60645,375884,20223,180879,12894,355661,13256,6396,6860
60650,375915,20224,180891,12895,355691,13257,6397,6860
60655,375946,20226,180908,12897,355720,13258,6398,6860
60660,375977,20228,180921,12899,355749,13259,6399,6860
60665,376008,20229,180934,12899,355779,13260,6399,6861
60670,376039,20229,180950,12899,355810,13261,6400,6861
60675,376070,20229,180961,12899,355841,13262,6400,6862
60680,376101,20229,180970,12899,355872,13263,6400,6863
60685,376132,20229,180988,12899,355903,13264,6401,6863
60690,376163,20229,181005,12899,355934,13265,6402,6863
60695,376194,20229,181015,12899,355965,13266,6402,6864
60700,376225,20229,181033,12899,355996,13267,6403,6864
60705,376256,20229,181051,12899,356027,13268,6404,6864
60710,376287,20229,181069,12899,356058,13269,6404,6865
60715,376318,20229,181081,12899,356089,13270,6405,6865
60720,376349,20229,181096,12899,356120,13271,6405,6866
60725,376380,20229,181114,12899,356151,13272,6405,6867
60730,376411,20229,181126,12899,356182,13274,6407,6867
60735,376442,20230,181141,12899,356212,13276,6409,6867
60740,376473,20233,181152,12900,356240,13278,6410,6868
60745,376504,20236,181172,12902,356268,13280,6411,6869
60750,376535,20238,181187,12904,356297,13282,6412,6870
60755,376566,20241,181204,12907,356325,13284,6413,6871
60760,376597,20244,181219,12908,356353,13286,6414,6872
60765,376628,20247,181234,12911,356381,13288,6415,6873
60770,376659,20250,181249,12912,356409,13290,6416,6874
60775,376690,20255,181263,12915,356434,13292,6417,6875
60780,376721,20261,181278,12919,356460,13294,6417,6877
60785,376752,20265,181292,12923,356487,13296,6417,6879
60790,376783,20268,181306,12925,356515,13298,6418,6880
60795,376814,20271,181321,12927,356543,13300,6419,6881
60800,376845,20274,181339,12928,356571,13302,6420,6882
60805,376876,20278,181355,12932,356598,13304,6420,6884
60810,376907,20281,181372,12934,356626,13306,6421,6885
60815,376938,20284,181385,12936,356654,13307,6421,6886
60820,376969,20287,181400,12937,356682,13308,6422,6886
60825,377000,20291,181411,12940,356709,13309,6422,6887
60830,377031,20292,181425,12941,356739,13310,6422,6888
60835,377062,20293,181436,12941,356769,13311,6422,6889
60840,377093,20294,181453,12941,356799,13312,6422,6890
60845,377124,20296,181468,12942,356828,13313,6422,6891
60850,377155,20296,181482,12942,356859,13314,6423,6891
60855,377186,20296,181496,12942,356890,13315,6424,6891
60860,377217,20296,181513,12942,356921,13316,6424,6892
60865,377248,20296,181530,12942,356952,13317,6424,6893
60870,377279,20296,181546,12942,356983,13318,6424,6894
60875,377310,20296,181558,12942,357014,13319,6424,6895
60880,377341,20296,181568,12942,357045,13320,6425,6895
60885,377372,20296,181583,12942,357076,13321,6425,6896
60890,377403,20298,181599,12944,357105,13322,6426,6896
60895,377434,20299,181608,12944,357135,13323,6426,6897
60900,377465,20301,181627,12946,357164,13324,6426,6898
60905,377496,20305,181643,12948,357190,13325,6427,6898
60910,377527,20309,181660,12951,357217,13326,6428,6898
60915,377558,20315,181679,12956,357243,13328,6429,6899
60920,377589,20319,181695,12957,357270,13330,6430,6900
60925,377620,20324,181708,12960,357296,13332,6431,6901
60930,377651,20328,181720,12963,357323,13334,6431,6903
60935,377682,20333,181736,12967,357349,13336,6432,6904
60940,377713,20337,181752,12968,357376,13338,6433,6905
60945,377744,20340,181770,12969,357404,13340,6434,6906
60950,377775,20342,181784,12970,357433,13342,6435,6907
60955,377806,20345,181798,12973,357461,13344,6437,6907
60960,377837,20347,181814,12975,357490,13346,6438,6908
60965,377868,20347,181832,12975,357521,13347,6438,6909
60970,377899,20347,181847,12975,357552,13348,6438,6910
60975,377930,20347,181860,12975,357583,13349,6438,6911
60980,377961,20347,181869,12975,357614,13350,6439,6911
60985,377992,20347,181882,12975,357645,13351,6439,6912
60990,378023,20347,181899,12975,357676,13352,6440,6912
60995,378054,20347,181913,12975,357707,13353,6440,6913
61000,378085,20347,181925,12975,357738,13354,6440,6914
61005,378116,20347,181935,12975,357769,13355,6441,6914
61010,378147,20347,181952,12975,357800,13356,6442,6914
61015,378178,20347,181966,12975,357831,13357,6443,6914
61020,378209,20347,181985,12975,357862,13358,6444,6914
61025,378240,20349,182002,12976,357890,13359,6444,6915
61030,378271,20353,182018,12980,357917,13360,6445,6915
61035,378302,20356,182035,12981,357945,13361,6445,6916
61040,378333,20358,182049,12982,357975,13362,6445,6917
61045,378364,20361,182061,12983,358003,13363,6445,6918
61050,378395,20363,182077,12983,358032,13364,6445,6919
61055,378426,20366,182091,12986,358060,13365,6445,6920
61060,378457,20368,182104,12986,358089,13366,6446,6920
61065,378488,20372,182121,12989,358116,13368,6448,6920
61070,378519,20376,182138,12993,358143,13370,6450,6920
61075,378550,20379,182155,12996,358171,13372,6451,6921
61080,378581,20381,182172,12997,358200,13374,6453,6921
61085,378612,20383,182188,12999,358229,13375,6453,6922
61090,378643,20384,182202,13000,358259,13376,6454,6922
61095,378674,20385,182221,13000,358289,13376,6454,6922
61100,378705,20386,182240,13001,358319,13376,6454,6922
61105,378736,20388,182257,13003,358348,13376,6454,6922
61110,378767,20389,182268,13004,358378,13376,6454,6922
61115,378798,20390,182283,13005,358408,13376,6454,6922
61120,378829,20391,182296,13005,358438,13376,6454,6922
61125,378860,20392,182313,13006,358468,13376,6454,6922
61130,378891,20394,182330,13008,358497,13376,6454,6922
61135,378922,20395,182344,13008,358527,13376,6454,6922
61140,378953,20397,182360,13009,358556,13376,6454,6922
61145,378984,20399,182368,13010,358584,13378,6454,6924
61150,379015,20402,182382,13012,358613,13379,6454,6925
61155,379046,20404,182398,13013,358642,13380,6454,6926
61160,379077,20405,182414,13013,358672,13381,6455,6926
61165,379108,20407,182431,13015,358701,13382,6456,6926
61170,379139,20409,182443,13016,358730,13383,6456,6927
61175,379170,20410,182458,13016,358760,13384,6456,6928
61180,379201,20411,182473,13016,358790,13385,6457,6928
61185,379232,20413,182486,13017,358819,13386,6458,6928
61190,379263,20415,182496,13017,358848,13387,6459,6928
61195,379294,20417,182513,13018,358877,13388,6459,6929
61200,379325,20419,182523,13018,358906,13389,6459,6930
61205,379356,20421,182534,13019,358935,13390,6459,6931
61210,379387,20423,182549,13021,358964,13391,6460,6931
61215,379418,20426,182562,13022,358992,13392,6461,6931
61220,379449,20428,182582,13023,359021,13393,6461,6932
61225,379480,20430,182598,13025,359050,13394,6462,6932
61230,379511,20433,182613,13026,359078,13395,6463,6932
61235,379542,20435,182623,13026,359107,13396,6463,6933
61240,379573,20438,182636,13027,359135,13397,6464,6933
61245,379604,20441,182653,13029,359163,13398,6465,6933
61250,379635,20444,182665,13031,359191,13399,6466,6933
61255,379666,20448,182679,13034,359218,13401,6467,6934
61260,379697,20451,182699,13036,359245,13403,6468,6935
61265,379728,20453,182714,13037,359275,13405,6469,6936
61270,379759,20454,182727,13037,359305,13407,6469,6938
61275,379790,20455,182740,13037,359334,13409,6469,6940
61280,379821,20457,182752,13038,359364,13411,6470,6941
61285,379852,20458,182768,13038,359393,13413,6470,6943
61290,379883,20460,182785,13039,359423,13415,6471,6944
61295,379914,20461,182804,13039,359452,13417,6473,6944
61300,379945,20463,182820,13040,359482,13419,6473,6946
61305,379976,20464,182832,13041,359512,13421,6473,6948
61310,380007,20466,182851,13043,359541,13423,6474,6949
61315,380038,20468,182860,13044,359570,13425,6474,6951
61320,380069,20469,182875,13044,359599,13427,6476,6951
61325,380100,20472,182897,13047,359628,13427,6476,6951
61330,380131,20473,182917,13048,359658,13427,6476,6951
61335,380162,20474,182930,13049,359688,13427,6476,6951
61340,380193,20475,182943,13050,359718,13427,6476,6951
61345,380224,20476,182959,13051,359748,13427,6476,6951
61350,380255,20477,182980,13052,359778,13427,6476,6951
61355,380286,20478,182995,13052,359808,13427,6476,6951
61360,380317,20479,183008,13052,359838,13427,6476,6951
61365,380348,20480,183026,13052,359868,13427,6476,6951
61370,380379,20481,183044,13052,359898,13427,6476,6951
61375,380410,20482,183059,13052,359928,13427,6476,6951
61380,380441,20483,183076,13052,359958,13427,6476,6951
61385,380472,20485,183090,13052,359987,13427,6476,6951
61390,380503,20487,183105,13052,360016,13427,6476,6951
61395,380534,20489,183124,13054,360045,13427,6476,6951
61400,380565,20491,183139,13055,360074,13427,6476,6951
61405,380596,20493,183154,13055,360103,13427,6476,6951
61410,380627,20495,183169,13057,360132,13427,6476,6951
61415,380658,20497,183183,13059,360161,13427,6476,6951
61420,380689,20499,183196,13060,360190,13427,6476,6951
61425,380720,20501,183205,13062,360219,13428,6477,6951
61430,380751,20504,183215,13062,360247,13429,6478,6951
61435,380782,20509,183229,13065,360273,13431,6479,6952
61440,380813,20514,183244,13069,360298,13433,6480,6953
61445,380844,20515,183256,13070,360329,13435,6480,6955
61450,380875,20515,183274,13070,360360,13437,6480,6957
61455,380906,20515,183290,13070,360391,13438,6480,6958
61460,380937,20515,183307,13070,360422,13439,6481,6958
61465,380968,20515,183317,13070,360453,13440,6481,6959
61470,380999,20515,183332,13070,360484,13441,6481,6960
61475,381030,20515,183348,13070,360515,13442,6482,6960
61480,381061,20515,183365,13070,360546,13443,6482,6961
61485,381092,20515,183379,13070,360577,13444,6483,6961
61490,381123,20515,183393,13070,360608,13445,6484,6961
61495,381154,20515,183406,13070,360639,13446,6485,6961
61500,381185,20515,183419,13070,360670,13447,6485,6962
61505,381216,20515,183432,13070,360701,13448,6486,6962
61510,381247,20515,183448,13070,360732,13449,6487,6962
61515,381278,20515,183463,13070,360763,13450,6488,6962
61520,381309,20515,183482,13070,360794,13451,6488,6963
61525,381340,20515,183499,13070,360825,13452,6488,6964
61530,381371,20515,183518,13070,360856,13453,6489,6964
61535,381402,20516,183537,13071,360886,13454,6489,6965
61540,381433,20517,183559,13072,360916,13455,6489,6966
61545,381464,20518,183576,13073,360945,13456,6490,6966
61550,381495,20523,183592,13077,360971,13457,6491,6966
61555,381526,20528,183607,13080,360998,13459,6491,6968
61560,381557,20533,183625,13084,361024,13461,6492,6969
61565,381588,20537,183641,13086,361051,13463,6493,6970
61570,381619,20539,183664,13088,361080,13465,6495,6970
61575,381650,20541,183678,13090,361109,13467,6497,6970
61580,381681,20544,183699,13092,361137,13469,6498,6971
61585,381712,20547,183710,13094,361165,13471,6500,6971
61590,381743,20549,183730,13095,361194,13472,6500,6972
61595,381774,20552,183748,13098,361222,13473,6501,6972
61600,381805,20554,183766,13098,361251,13474,6501,6973
61605,381836,20556,183779,13098,361280,13475,6501,6974
61610,381867,20559,183792,13101,361308,13476,6501,6975
61615,381898,20560,183808,13102,361338,13477,6501,6976
61620,381929,20561,183821,13102,361368,13478,6501,6977
61625,381960,20562,183838,13103,361398,13479,6501,6978
61630,381991,20563,183854,13104,361428,13480,6501,6979
61635,382022,20564,183873,13105,361458,13481,6501,6980
61640,382053,20565,183893,13105,361488,13482,6502,6980
61645,382084,20566,183907,13106,361518,13483,6502,6981
61650,382115,20567,183918,13107,361548,13484,6502,6982
61655,382146,20568,183934,13107,361578,13485,6503,6982
61660,382177,20569,183947,13108,361608,13486,6504,6982
61665,382208,20571,183965,13109,361637,13487,6505,6982
61670,382239,20574,183977,13111,361665,13488,6506,6982
61675,382270,20577,183993,13113,361692,13489,6507,6982
61680,382301,20581,184005,13115,361720,13490,6508,6982
61685,382332,20582,184017,13115,361750,13491,6509,6982
61690,382363,20583,184035,13116,361780,13492,6509,6983
61695,382394,20584,184048,13116,361810,13493,6510,6983
61700,382425,20585,184061,13116,361840,13494,6511,6983
61705,382456,20586,184078,13117,361870,13495,6512,6983
61710,382487,20587,184098,13118,361900,13496,6513,6983
61715,382518,20588,184113,13118,361930,13497,6514,6983
61720,382549,20589,184130,13119,361960,13498,6515,6983
61725,382580,20590,184144,13120,361990,13500,6517,6983
61730,382611,20591,184162,13120,362020,13502,6519,6983
61735,382642,20592,184175,13121,362050,13504,6519,6985
61740,382673,20593,184191,13122,362080,13506,6520,6986
61745,382704,20594,184207,13123,362110,13508,6521,6987
61750,382735,20595,184221,13123,362140,13510,6522,6988
61755,382766,20596,184240,13123,362170,13512,6522,6990
61760,382797,20597,184258,13124,362200,13514,6522,6992
61765,382828,20598,184275,13125,362230,13516,6523,6993
61770,382859,20599,184290,13125,362260,13518,6523,6995
61775,382890,20600,184304,13125,362290,13520,6523,6997
61780,382921,20601,184322,13126,362320,13522,6524,6998
61785,382952,20605,184340,13130,362347,13524,6525,6999
61790,382983,20609,184359,13134,362374,13525,6525,7000
61795,383014,20611,184371,13135,362403,13526,6525,7001
61800,383045,20614,184386,13138,362431,13527,6526,7001
61805,383076,20617,184401,13140,362459,13527,6526,7001
61810,383107,20618,184418,13140,362489,13527,6526,7001
61815,383138,20619,184435,13141,362519,13527,6526,7001
61820,383169,20620,184453,13142,362549,13527,6526,7001
61825,383200,20621,184465,13142,362579,13527,6526,7001
61830,383231,20622,184481,13142,362609,13527,6526,7001
61835,383262,20623,184493,13142,362639,13527,6526,7001
61840,383293,20624,184508,13142,362669,13527,6526,7001
61845,383324,20625,184524,13142,362699,13527,6526,7001
61850,383355,20626,184544,13143,362729,13527,6526,7001
61855,383386,20627,184554,13144,362759,13527,6526,7001
61860,383417,20628,184568,13144,362789,13527,6526,7001
61865,383448,20629,184588,13145,362819,13527,6526,7001
61870,383479,20630,184600,13145,362849,13527,6526,7001
61875,383510,20631,184616,13146,362879,13527,6526,7001
61880,383541,20632,184633,13146,362909,13527,6526,7001
61885,383572,20633,184648,13147,362939,13527,6526,7001
61890,383603,20634,184662,13148,362969,13528,6526,7002
61895,383634,20635,184680,13148,362999,13529,6526,7003
61900,383665,20637,184700,13148,363028,13530,6526,7004
61905,383696,20639,184716,13148,363056,13531,6527,7004
61910,383727,20642,184729,13150,363084,13533,6528,7005
61915,383758,20646,184745,13153,363112,13535,6529,7006
61920,383789,20650,184762,13155,363138,13537,6531,7006
61925,383820,20651,184776,13156,363169,13538,6532,7006
61930,383851,20651,184788,13156,363200,13539,6532,7007
61935,383882,20651,184802,13156,363231,13540,6533,7007
61940,383913,20651,184813,13156,363262,13541,6534,7007
61945,383944,20651,184828,13156,363293,13542,6534,7008
61950,383975,20651,184842,13156,363324,13543,6534,7009
61955,384006,20651,184857,13156,363355,13544,6534,7010
61960,384037,20651,184869,13156,363386,13545,6535,7010
61965,384068,20651,184882,13156,363417,13546,6536,7010
61970,384099,20651,184897,13156,363448,13547,6537,7010
61975,384130,20651,184913,13156,363479,13548,6538,7010
61980,384161,20651,184930,13156,363510,13549,6539,7010
61985,384192,20653,184942,13158,363539,13550,6540,7010
61990,384223,20655,184956,13159,363568,13551,6541,7010
61995,384254,20657,184975,13160,363597,13552,6542,7010
62000,384285,20658,184989,13161,363627,13553,6542,7011
62005,384316,20660,185006,13162,363656,13554,6542,7012
62010,384347,20662,185018,13163,363685,13555,6543,7012
62015,384378,20663,185037,13164,363715,13556,6544,7012
62020,384409,20664,185054,13164,363745,13557,6544,7013
62025,384440,20667,185071,13166,363773,13559,6545,7014
62030,384471,20671,185086,13168,363800,13561,6545,7016
62035,384502,20676,185100,13171,363825,13563,6547,7016
62040,384533,20680,185113,13174,363853,13565,6547,7018
62045,384564,20681,185125,13175,363883,13567,6547,7020
62050,384595,20682,185139,13176,363913,13569,6548,7021
62055,384626,20683,185155,13177,363943,13571,6550,7021
62060,384657,20684,185171,13178,363973,13573,6551,7022
62065,384688,20685,185182,13178,364003,13574,6551,7023
62070,384719,20686,185198,13179,364033,13575,6551,7024
62075,384750,20687,185213,13180,364063,13576,6552,7024
62080,384781,20688,185227,13181,364093,13577,6553,7024
62085,384812,20689,185240,13182,364123,13578,6554,7024
62090,384843,20690,185253,13182,364153,13579,6555,7024
62095,384874,20691,185268,13183,364183,13580,6555,7025
62100,384905,20692,185282,13183,364213,13581,6555,7026
62105,384936,20693,185297,13184,364243,13582,6556,7026
62110,384967,20694,185310,13184,364273,13583,6557,7026
62115,384998,20695,185324,13185,364303,13584,6557,7027
62120,385029,20696,185342,13186,364333,13585,6557,7028
62125,385060,20697,185356,13187,364363,13586,6557,7029
62130,385091,20698,185373,13187,364393,13587,6558,7029
62135,385122,20699,185389,13187,364423,13588,6559,7029
62140,385153,20700,185407,13188,364453,13589,6560,7029
62145,385184,20702,185423,13189,364482,13590,6561,7029
62150,385215,20704,185437,13190,364511,13591,6561,7030
62155,385246,20707,185457,13193,364538,13592,6561,7031
62160,385277,20712,185470,13198,364564,13593,6561,7032
62165,385308,20716,185487,13201,364591,13595,6561,7034
62170,385339,20720,185505,13204,364618,13597,6562,7035
62175,385370,20725,185519,13208,364644,13599,6562,7037
62180,385401,20727,185537,13209,364674,13601,6563,7038
62185,385432,20728,185548,13209,364704,13603,6563,7040
62190,385463,20730,185564,13210,364733,13605,6564,7041
62195,385494,20731,185577,13210,364763,13606,6565,7041
62200,385525,20732,185595,13211,364792,13607,6566,7041
62205,385556,20735,185611,13213,364820,13608,6567,7041
62210,385587,20737,185621,13214,364850,13609,6568,7041
62215,385618,20738,185633,13214,364880,13610,6569,7041
62220,385649,20739,185645,13215,364910,13611,6569,7042
62225,385680,20739,185659,13215,364941,13612,6569,7043
62230,385711,20739,185672,13215,364972,13613,6570,7043
62235,385742,20739,185686,13215,365003,13614,6570,7044
62240,385773,20739,185701,13215,365034,13615,6571,7044
62245,385804,20739,185717,13215,365065,13616,6572,7044
62250,385835,20739,185734,13215,365096,13617,6573,7044
62255,385866,20740,185753,13216,365126,13618,6573,7045
62260,385897,20741,185769,13217,365156,13619,6573,7046
62265,385928,20742,185785,13217,365186,13620,6573,7047
62270,385959,20743,185800,13218,365216,13621,6574,7047
62275,385990,20744,185813,13218,365246,13622,6575,7047
62280,386021,20746,185830,13220,365275,13623,6576,7047
62285,386052,20750,185842,13222,365302,13624,6576,7048
62290,386083,20752,185854,13223,365331,13625,6576,7049
62295,386114,20757,185870,13226,365357,13627,6576,7051
62300,386145,20761,185886,13229,365384,13629,6576,7053
62305,386176,20763,185901,13230,365413,13631,6576,7055
62310,386207,20766,185915,13233,365441,13633,6577,7056
62315,386238,20772,185929,13237,365466,13635,6578,7057
62320,386269,20774,185943,13239,365495,13637,6579,7058
62325,386300,20776,185954,13240,365524,13639,6580,7059
62330,386331,20778,185970,13240,365552,13640,6581,7059
62335,386362,20781,185983,13242,365580,13641,6581,7060
62340,386393,20784,185991,13243,365609,13642,6581,7061
62345,386424,20785,186005,13244,365638,13643,6582,7061
62350,386455,20787,186020,13246,365668,13644,6582,7062
62355,386486,20788,186030,13247,365698,13645,6583,7062
62360,386517,20789,186050,13248,365728,13646,6584,7062
62365,386548,20790,186066,13249,365758,13647,6585,7062
62370,386579,20791,186081,13250,365788,13648,6586,7062
62375,386610,20792,186098,13250,365818,13649,6587,7062
62380,386641,20793,186114,13250,365848,13650,6588,7062
62385,386672,20794,186135,13250,365878,13651,6589,7062
62390,386703,20795,186149,13250,365908,13652,6590,7062
62395,386734,20796,186159,13250,365938,13653,6591,7062
62400,386765,20797,186169,13251,365968,13654,6591,7063
62405,386796,20798,186185,13251,365998,13655,6592,7063
62410,386827,20799,186203,13252,366028,13656,6593,7063
62415,386858,20800,186216,13252,366058,13657,6593,7064
62420,386889,20801,186228,13253,366088,13658,6593,7065
62425,386920,20804,186242,13255,366116,13659,6594,7065
62430,386951,20806,186255,13256,366145,13660,6594,7066
62435,386982,20809,186271,13258,366173,13661,6595,7066
62440,387013,20812,186286,13259,366201,13662,6596,7066
62445,387044,20816,186302,13262,366228,13663,6597,7066
62450,387075,20820,186324,13264,366255,13664,6598,7066
62455,387106,20826,186342,13268,366280,13665,6599,7066
62460,387137,20831,186352,13270,366306,13666,6599,7067
62465,387168,20832,186369,13271,366336,13667,6600,7067
62470,387199,20833,186382,13271,366366,13668,6601,7067
62475,387230,20834,186393,13272,366396,13669,6602,7067
62480,387261,20835,186409,13272,366426,13670,6603,7067
62485,387292,20836,186424,13272,366456,13670,6603,7067
62490,387323,20837,186438,13273,366486,13670,6603,7067
62495,387354,20838,186449,13274,366516,13670,6603,7067
62500,387385,20839,186467,13274,366546,13670,6603,7067
62505,387416,20840,186477,13274,366576,13670,6603,7067
62510,387447,20841,186491,13274,366606,13670,6603,7067
62515,387478,20842,186508,13275,366636,13670,6603,7067
62520,387509,20843,186521,13275,366666,13670,6603,7067
62525,387540,20844,186539,13276,366696,13670,6603,7067
62530,387571,20845,186552,13277,366726,13670,6603,7067
62535,387602,20846,186564,13277,366756,13670,6603,7067
62540,387633,20847,186574,13277,366786,13670,6603,7067
62545,387664,20848,186585,13278,366816,13670,6603,7067
62550,387695,20849,186601,13278,366846,13670,6603,7067
62555,387726,20850,186622,13278,366876,13670,6603,7067
62560,387757,20851,186634,13279,366906,13670,6603,7067
62565,387788,20853,186650,13280,366935,13670,6603,7067
62570,387819,20855,186667,13282,366963,13671,6603,7068
62575,387850,20860,186682,13287,366989,13672,6603,7069
62580,387881,20864,186698,13290,367017,13673,6603,7070
62585,387912,20866,186711,13291,367046,13675,6603,7072
62590,387943,20868,186726,13293,367075,13676,6603,7073
62595,387974,20869,186740,13294,367105,13677,6603,7074
62600,388005,20869,186754,13294,367136,13678,6604,7074
62605,388036,20869,186763,13294,367167,13679,6604,7075
62610,388067,20869,186776,13294,367198,13680,6605,7075
62615,388098,20869,186791,13294,367229,13681,6605,7076
62620,388129,20869,186802,13294,367260,13682,6606,7076
62625,388160,20869,186818,13294,367291,13683,6606,7077
62630,388191,20869,186833,13294,367322,13684,6607,7077
62635,388222,20869,186850,13294,367353,13685,6608,7077
62640,388253,20869,186864,13294,367384,13686,6609,7077
62645,388284,20869,186879,13294,367415,13687,6609,7078
62650,388315,20869,186897,13294,367446,13688,6610,7078
62655,388346,20869,186908,13294,367477,13689,6610,7079
62660,388377,20869,186925,13294,367508,13690,6611,7079
62665,388408,20869,186937,13294,367539,13691,6611,7080
62670,388439,20869,186948,13294,367570,13692,6611,7081
62675,388470,20869,186963,13294,367601,13693,6611,7082
62680,388501,20870,186979,13295,367631,13694,6612,7082
62685,388532,20871,186995,13296,367661,13695,6612,7083
62690,388563,20873,187008,13297,367690,13697,6612,7085
62695,388594,20877,187025,13299,367717,13699,6614,7085
62700,388625,20882,187036,13302,367743,13701,6615,7086
62705,388656,20886,187050,13304,367770,13702,6615,7087
62710,388687,20889,187066,13307,367798,13703,6616,7087
62715,388718,20892,187080,13309,367826,13704,6617,7087
62720,388749,20895,187093,13310,367854,13705,6617,7088
62725,388780,20897,187104,13312,367883,13706,6617,7089
62730,388811,20898,187122,13312,367913,13707,6617,7090
62735,388842,20899,187138,13312,367943,13708,6617,7091
62740,388873,20900,187160,13313,367973,13709,6617,7092
62745,388904,20901,187174,13314,368003,13710,6618,7092
62750,388935,20902,187187,13315,368033,13711,6619,7092
62755,388966,20903,187199,13315,368063,13712,6620,7092
62760,388997,20904,187207,13315,368093,13713,6620,7093
62765,389028,20905,187219,13316,368123,13714,6621,7093
62770,389059,20906,187236,13316,368153,13715,6622,7093
62775,389090,20907,187255,13317,368183,13716,6623,7093
62780,389121,20908,187270,13317,368213,13717,6624,7093
62785,389152,20909,187288,13318,368243,13718,6624,7094
62790,389183,20910,187306,13319,368273,13719,6625,7094
62795,389214,20911,187323,13320,368303,13720,6625,7095
62800,389245,20912,187340,13321,368333,13721,6625,7096
62805,389276,20914,187359,13322,368362,13723,6627,7096
62810,389307,20916,187373,13324,368390,13725,6627,7098
62815,389338,20921,187387,13327,368416,13727,6627,7100
62820,389369,20924,187401,13328,368445,13729,6628,7101
62825,389400,20926,187416,13329,368474,13731,6629,7102
62830,389431,20927,187430,13329,368504,13732,6630,7102
62835,389462,20928,187447,13329,368534,13733,6631,7102
62840,389493,20930,187463,13330,368563,13734,6631,7103
62845,389524,20932,187481,13332,368592,13735,6632,7103
62850,389555,20933,187493,13332,368622,13736,6632,7104
62855,389586,20934,187504,13333,368652,13737,6633,7104
62860,389617,20936,187518,13334,368681,13738,6634,7104
62865,389648,20937,187537,13335,368711,13739,6634,7105
62870,389679,20938,187551,13336,368741,13740,6635,7105
62875,389710,20940,187569,13337,368770,13741,6636,7105
62880,389741,20942,187587,13339,368799,13742,6636,7106
62885,389772,20943,187599,13339,368829,13743,6636,7107
62890,389803,20945,187609,13340,368858,13744,6636,7108
62895,389834,20947,187622,13341,368887,13745,6636,7109
62900,389865,20949,187638,13343,368916,13746,6637,7109
62905,389896,20951,187651,13345,368945,13747,6637,7110
62910,389927,20953,187665,13346,368974,13748,6637,7111
62915,389958,20954,187682,13347,369004,13749,6638,7111
62920,389989,20956,187693,13349,369033,13750,6638,7112
62925,390020,20958,187707,13350,369062,13751,6638,7113
62930,390051,20960,187723,13352,369091,13753,6638,7115
62935,390082,20964,187736,13355,369117,13755,6639,7116
62940,390113,20969,187753,13359,369144,13757,6640,7117
62945,390144,20971,187767,13360,369173,13758,6641,7117
62950,390175,20973,187783,13361,369202,13759,6642,7117
62955,390206,20975,187798,13362,369230,13760,6642,7118
62960,390237,20978,187819,13363,369259,13761,6643,7118
62965,390268,20980,187836,13365,369288,13762,6644,7118
62970,390299,20982,187851,13365,369317,13763,6644,7119
62975,390330,20984,187862,13366,369346,13764,6644,7120
62980,390361,20987,187880,13368,369374,13765,6645,7120
62985,390392,20990,187897,13370,369402,13766,6645,7121
62990,390423,20992,187906,13371,369431,13767,6645,7122
62995,390454,20994,187917,13373,369460,13768,6645,7123
63000,390485,20997,187930,13374,369488,13769,6646,7123
63005,390516,20999,187941,13375,369517,13770,6646,7124
63010,390547,21001,187959,13377,369546,13771,6646,7125
63015,390578,21003,187981,13379,369575,13772,6646,7126
63020,390609,21005,187997,13380,369604,13773,6647,7126
63025,390640,21007,188017,13381,369633,13774,6648,7126
63030,390671,21009,188033,13382,369662,13775,6649,7126
63035,390702,21011,188054,13382,369691,13776,6650,7126
63040,390733,21014,188072,13385,369719,13777,6651,7126
63045,390764,21017,188082,13386,369747,13778,6652,7126
63050,390795,21021,188100,13388,369774,13779,6652,7127
63055,390826,21023,188114,13389,369803,13780,6653,7127
63060,390857,21025,188132,13390,369832,13781,6653,7128
63065,390888,21026,188143,13390,369861,13782,6654,7128
63070,390919,21028,188163,13392,369891,13783,6655,7128
63075,390950,21030,188177,13394,369920,13784,6655,7129
63080,390981,21032,188198,13396,369949,13785,6655,7130
63085,391012,21034,188212,13397,369978,13786,6655,7131
63090,391043,21034,188232,13397,370009,13787,6656,7131
63095,391074,21034,188244,13397,370040,13788,6656,7132
63100,391105,21034,188256,13397,370071,13789,6657,7132
63105,391136,21034,188272,13397,370102,13790,6657,7133
63110,391167,21034,188287,13397,370133,13791,6657,7134
63115,391198,21034,188301,13397,370164,13792,6657,7135
63120,391229,21034,188316,13397,370195,13793,6658,7135
63125,391260,21034,188332,13397,370226,13794,6659,7135
63130,391291,21034,188345,13397,370257,13795,6660,7135
63135,391322,21034,188364,13397,370288,13796,6661,7135
63140,391353,21034,188376,13397,370319,13797,6662,7135
63145,391384,21034,188394,13397,370350,13798,6663,7135
63150,391415,21034,188407,13397,370381,13799,6663,7136
63155,391446,21034,188422,13397,370412,13800,6664,7136
63160,391477,21034,188440,13397,370443,13801,6664,7137
63165,391508,21035,188456,13398,370473,13802,6665,7137
63170,391539,21037,188471,13400,370502,13803,6665,7138
63175,391570,21040,188492,13402,370530,13804,6666,7138
63180,391601,21043,188511,13403,370558,13805,6666,7139
63185,391632,21048,188524,13406,370584,13807,6667,7140
63190,391663,21054,188540,13409,370608,13809,6668,7141
63195,391694,21059,188556,13413,370635,13811,6669,7142
63200,391725,21061,188564,13413,370664,13813,6671,7142
63205,391756,21065,188582,13415,370691,13814,6671,7143
63210,391787,21068,188594,13417,370719,13815,6671,7144
63215,391818,21071,188611,13419,370746,13816,6672,7144
63220,391849,21075,188621,13422,370774,13817,6672,7145
63225,391880,21077,188638,13424,370803,13818,6672,7146
63230,391911,21078,188655,13425,370833,13819,6673,7146
63235,391942,21079,188669,13425,370863,13820,6673,7147
63240,391973,21081,188683,13426,370892,13821,6673,7148
63245,392004,21082,188702,13427,370922,13821,6673,7148
63250,392035,21083,188715,13427,370952,13821,6673,7148
63255,392066,21084,188727,13428,370982,13821,6673,7148
63260,392097,21085,188747,13428,371012,13821,6673,7148
63265,392128,21086,188764,13429,371042,13821,6673,7148
63270,392159,21087,188782,13429,371072,13821,6673,7148
63275,392190,21088,188801,13430,371102,13821,6673,7148
63280,392221,21089,188814,13430,371132,13821,6673,7148
63285,392252,21090,188833,13430,371162,13821,6673,7148
63290,392283,21091,188846,13430,371192,13821,6673,7148
63295,392314,21092,188863,13430,371222,13821,6673,7148
63300,392345,21093,188880,13430,371252,13821,6673,7148
63305,392376,21097,188901,13434,371279,13823,6675,7148
63310,392407,21098,188917,13434,371309,13825,6675,7150
63315,392438,21099,188926,13435,371339,13827,6675,7152
63320,392469,21100,188935,13435,371369,13829,6675,7154
63325,392500,21101,188951,13436,371399,13831,6676,7155
63330,392531,21104,188964,13437,371427,13833,6676,7157
63335,392562,21107,188976,13439,371455,13835,6678,7157
63340,392593,21109,188994,13440,371484,13837,6679,7158
63345,392624,21113,189009,13442,371511,13839,6679,7160
63350,392655,21117,189028,13446,371538,13841,6681,7160
63355,392686,21121,189043,13448,371565,13843,6682,7161
63360,392717,21125,189059,13451,371591,13845,6683,7162
63365,392748,21129,189072,13454,371618,13847,6683,7164
63370,392779,21132,189092,13457,371647,13849,6685,7164
63375,392810,21135,189106,13460,371675,13850,6686,7164
63380,392841,21138,189122,13461,371703,13851,6686,7165
63385,392872,21141,189136,13463,371731,13852,6686,7166
63390,392903,21144,189153,13464,371758,13853,6687,7166
63395,392934,21148,189166,13466,371785,13854,6687,7167
63400,392965,21151,189185,13469,371813,13855,6688,7167
63405,392996,21154,189204,13471,371841,13856,6689,7167
63410,393027,21156,189218,13472,371871,13857,6689,7168
63415,393058,21157,189239,13473,371900,13858,6689,7169
63420,393089,21159,189260,13474,371929,13859,6689,7170
63425,393120,21161,189274,13475,371958,13860,6689,7171
63430,393151,21162,189289,13476,371989,13861,6689,7172
63435,393182,21162,189301,13476,372020,13862,6690,7172
63440,393213,21162,189318,13476,372051,13863,6690,7173
63445,393244,21162,189333,13476,372082,13864,6690,7174
63450,393275,21162,189346,13476,372113,13865,6690,7175
63455,393306,21162,189357,13476,372144,13866,6690,7176
63460,393337,21162,189370,13476,372175,13867,6691,7176
63465,393368,21162,189387,13476,372206,13868,6692,7176
63470,393399,21163,189403,13476,372236,13869,6692,7177
63475,393430,21165,189414,13477,372265,13871,6692,7179
63480,393461,21166,189423,13478,372295,13873,6693,7180
63485,393492,21169,189438,13480,372323,13875,6694,7181
63490,393523,21171,189455,13480,372352,13877,6696,7181
63495,393554,21174,189471,13482,372380,13879,6697,7182
63500,393585,21177,189489,13484,372408,13881,6699,7182
63505,393616,21180,189508,13486,372436,13883,6700,7183
63510,393647,21184,189526,13489,372463,13885,6702,7183
63515,393678,21188,189540,13492,372490,13887,6703,7184
63520,393709,21190,189558,13493,372519,13889,6704,7185
63525,393740,21192,189571,13495,372548,13890,6704,7186
63530,393771,21194,189585,13497,372577,13891,6705,7186
63535,393802,21196,189606,13499,372606,13892,6705,7187
63540,393833,21198,189622,13500,372635,13893,6705,7188
63545,393864,21200,189636,13501,372664,13894,6705,7189
63550,393895,21202,189651,13502,372693,13895,6705,7190
63555,393926,21203,189667,13503,372723,13896,6706,7190
63560,393957,21204,189681,13504,372753,13897,6707,7190
63565,393988,21205,189694,13504,372783,13898,6707,7191
63570,394019,21206,189704,13504,372813,13899,6707,7192
63575,394050,21207,189715,13504,372843,13900,6707,7193
63580,394081,21208,189727,13504,372873,13901,6707,7194
63585,394112,21209,189739,13505,372903,13902,6707,7195
63590,394143,21210,189755,13506,372932,13903,6708,7195
63595,394174,21213,189771,13508,372961,13904,6708,7196
63600,394205,21215,189789,13510,372990,13905,6709,7196
63605,394236,21215,189803,13510,373021,13905,6709,7196
63610,394267,21215,189820,13510,373052,13905,6709,7196
63615,394298,21215,189835,13510,373083,13905,6709,7196
63620,394329,21215,189845,13510,373114,13905,6709,7196
63625,394360,21215,189858,13510,373145,13906,6709,7197
63630,394391,21215,189873,13510,373176,13907,6710,7197
63635,394422,21215,189885,13510,373207,13908,6710,7198
63640,394453,21215,189901,13510,373238,13909,6710,7199
63645,394484,21215,189921,13510,373269,13910,6710,7200
63650,394515,21215,189936,13510,373300,13911,6710,7201
63655,394546,21215,189953,13510,373331,13912,6710,7202
63660,394577,21215,189970,13510,373362,13913,6711,7202
63665,394608,21215,189983,13510,373393,13915,6712,7203
63670,394639,21215,189999,13510,373424,13917,6714,7203
63675,394670,21215,190014,13510,373455,13919,6714,7205
63680,394701,21215,190029,13510,373486,13921,6715,7206
63685,394732,21215,190046,13510,373517,13923,6716,7207
63690,394763,21215,190062,13510,373548,13925,6718,7207
63695,394794,21215,190079,13510,373579,13927,6719,7208
63700,394825,21215,190094,13510,373610,13929,6719,7210
63705,394856,21216,190110,13510,373639,13931,6719,7212
63710,394887,21223,190121,13516,373664,13933,6721,7212
63715,394918,21226,190136,13517,373692,13935,6723,7212
63720,394949,21230,190146,13519,373718,13937,6723,7214
63725,394980,21235,190161,13522,373745,13938,6724,7214
63730,395011,21238,190175,13523,373773,13939,6725,7214
63735,395042,21242,190194,13526,373800,13940,6725,7215
63740,395073,21246,190208,13527,373827,13941,6725,7216
63745,395104,21249,190227,13529,373855,13942,6725,7217
63750,395135,21252,190244,13531,373883,13943,6726,7217
63755,395166,21256,190259,13533,373910,13944,6727,7217
63760,395197,21258,190276,13534,373939,13945,6727,7218
63765,395228,21260,190289,13536,373968,13946,6728,7218
63770,395259,21262,190305,13538,373997,13947,6729,7218
63775,395290,21264,190319,13539,374026,13948,6729,7219
63780,395321,21266,190335,13540,374055,13949,6729,7220
63785,395352,21267,190347,13540,374085,13950,6729,7221
63790,395383,21268,190366,13540,374115,13951,6730,7221
63795,395414,21269,190380,13540,374145,13952,6731,7221
63800,395445,21270,190394,13541,374175,13953,6732,7221
63805,395476,21271,190408,13541,374205,13954,6733,7221
63810,395507,21272,190422,13542,374235,13955,6733,7222
63815,395538,21273,190435,13542,374265,13956,6733,7223
63820,395569,21274,190447,13542,374295,13957,6734,7223
63825,395600,21275,190464,13543,374325,13958,6734,7224
63830,395631,21277,190481,13545,374354,13960,6734,7226
63835,395662,21277,190500,13545,374385,13961,6735,7226
63840,395693,21277,190513,13545,374416,13962,6736,7226
63845,395724,21277,190527,13545,374447,13963,6737,7226
63850,395755,21277,190542,13545,374478,13964,6737,7227
63855,395786,21277,190558,13545,374509,13965,6737,7228
63860,395817,21277,190574,13545,374540,13966,6737,7229
63865,395848,21278,190591,13546,374570,13967,6738,7229
63870,395879,21279,190604,13547,374600,13968,6739,7229
63875,395910,21280,190620,13548,374630,13969,6740,7229
63880,395941,21282,190632,13549,374659,13970,6741,7229
63885,395972,21283,190651,13550,374689,13971,6742,7229
63890,396003,21286,190663,13551,374717,13972,6742,7230
63895,396034,21288,190680,13553,374746,13973,6742,7231
63900,396065,21291,190698,13556,374774,13974,6742,7232
63905,396096,21294,190711,13557,374802,13975,6743,7232
63910,396127,21296,190726,13558,374831,13976,6743,7233
63915,396158,21298,190742,13560,374860,13977,6744,7233
63920,396189,21301,190751,13562,374888,13978,6744,7234
63925,396220,21303,190765,13562,374917,13979,6745,7234
63930,396251,21306,190779,13564,374945,13980,6745,7235
63935,396282,21308,190797,13565,374974,13982,6747,7235
63940,396313,21312,190811,13567,375001,13984,6747,7237
63945,396344,21317,190829,13571,375027,13986,6748,7238
63950,396375,21324,190845,13576,375051,13988,6749,7239
63955,396406,21330,190862,13580,375075,13990,6749,7241
63960,396437,21334,190873,13584,375103,13992,6750,7242
63965,396468,21334,190887,13584,375134,13993,6750,7243
63970,396499,21334,190905,13584,375165,13993,6750,7243
63975,396530,21334,190921,13584,375196,13993,6750,7243
63980,396561,21334,190935,13584,375227,13993,6750,7243
63985,396592,21334,190949,13584,375258,13993,6750,7243
63990,396623,21334,190965,13584,375289,13993,6750,7243
63995,396654,21334,190978,13584,375320,13993,6750,7243
64000,396685,21334,190990,13584,375351,13993,6750,7243
64005,396716,21334,191004,13584,375382,13993,6750,7243
64010,396747,21334,191020,13584,375413,13993,6750,7243
64015,396778,21334,191037,13584,375444,13993,6750,7243
64020,396809,21334,191053,13584,375475,13993,6750,7243
64025,396840,21334,191072,13584,375506,13993,6750,7243
64030,396871,21334,191092,13584,375537,13993,6750,7243
64035,396902,21334,191104,13584,375568,13993,6750,7243
64040,396933,21334,191119,13584,375599,13993,6750,7243
64045,396964,21334,191135,13584,375630,13993,6750,7243
64050,396995,21334,191155,13584,375661,13993,6750,7243
64055,397026,21334,191168,13584,375692,13993,6750,7243
64060,397057,21334,191187,13584,375723,13993,6750,7243
64065,397088,21337,191203,13585,375751,13993,6750,7243
64070,397119,21342,191221,13589,375777,13994,6750,7244
64075,397150,21345,191233,13590,375804,13995,6750,7245
64080,397181,21352,191254,13595,375828,13996,6751,7245
64085,397212,21357,191268,13599,375855,13997,6752,7245
64090,397243,21359,191280,13600,375884,13999,6753,7246
64095,397274,21361,191295,13601,375913,14001,6753,7248
64100,397305,21363,191315,13603,375942,14003,6754,7249
64105,397336,21366,191328,13604,375970,14005,6756,7249
64110,397367,21368,191346,13606,375999,14007,6758,7249
64115,397398,21371,191362,13607,376027,14009,6760,7249
64120,397429,21373,191376,13609,376056,14011,6761,7250
64125,397460,21376,191388,13612,376084,14013,6761,7252
64130,397491,21378,191403,13612,376113,14014,6762,7252
64135,397522,21381,191416,13614,376141,14015,6762,7253
64140,397553,21383,191429,13615,376170,14016,6762,7254
64145,397584,21384,191447,13615,376200,14017,6763,7254
64150,397615,21385,191466,13616,376230,14018,6764,7254
64155,397646,21386,191483,13617,376260,14019,6764,7255
64160,397677,21387,191498,13618,376290,14020,6765,7255
64165,397708,21388,191514,13618,376320,14021,6765,7256
64170,397739,21389,191528,13619,376350,14022,6766,7256
64175,397770,21390,191543,13620,376380,14023,6767,7256
64180,397801,21391,191555,13620,376410,14024,6768,7256
64185,397832,21392,191568,13621,376439,14025,6768,7257
64190,397863,21394,191580,13622,376469,14026,6768,7258
64195,397894,21396,191591,13623,376498,14027,6768,7259
64200,397925,21398,191612,13625,376527,14028,6768,7260
64205,397956,21399,191627,13625,376557,14029,6768,7261
64210,397987,21401,191647,13626,376586,14030,6769,7261
64215,398018,21402,191657,13626,376616,14031,6769,7262
64220,398049,21404,191675,13627,376645,14032,6770,7262
64225,398080,21406,191684,13628,376674,14033,6770,7263
64230,398111,21407,191701,13629,376704,14035,6770,7265
64235,398142,21409,191715,13630,376733,14037,6771,7266
64240,398173,21410,191728,13631,376763,14039,6773,7266
64245,398204,21412,191746,13633,376792,14041,6775,7266
64250,398235,21414,191760,13634,376821,14043,6777,7266
64255,398266,21415,191773,13635,376851,14045,6777,7268
64260,398297,21416,191788,13635,376881,14047,6779,7268
64265,398328,21416,191801,13635,376912,14049,6779,7270
64270,398359,21416,191817,13635,376943,14051,6781,7270
64275,398390,21416,191832,13635,376974,14053,6781,7272
64280,398421,21416,191851,13635,377005,14055,6783,7272
64285,398452,21416,191868,13635,377036,14057,6783,7274
64290,398483,21416,191879,13635,377067,14059,6783,7276
64295,398514,21416,191897,13635,377098,14061,6785,7276
64300,398545,21417,191911,13636,377128,14063,6786,7277
64305,398576,21418,191925,13637,377157,14065,6786,7279
64310,398607,21422,191943,13640,377185,14067,6787,7280
64315,398638,21425,191959,13641,377213,14069,6788,7281
64320,398669,21429,191977,13645,377240,14071,6789,7282
64325,398700,21433,191996,13647,377267,14072,6790,7282
64330,398731,21435,192008,13647,377296,14073,6790,7283
64335,398762,21437,192025,13647,377325,14074,6791,7283
64340,398793,21439,192040,13647,377354,14075,6791,7284
64345,398824,21441,192053,13647,377383,14076,6791,7285
64350,398855,21443,192065,13648,377412,14077,6791,7286
64355,398886,21445,192083,13649,377441,14078,6791,7287
64360,398917,21447,192097,13650,377470,14079,6792,7287
64365,398948,21449,192112,13651,377499,14080,6792,7288
64370,398979,21452,192123,13653,377527,14081,6792,7289
64375,399010,21455,192134,13654,377555,14082,6793,7289
64380,399041,21458,192146,13656,377583,14083,6793,7290
64385,399072,21462,192161,13660,377610,14083,6793,7290
64390,399103,21464,192175,13662,377639,14083,6793,7290
64395,399134,21467,192190,13664,377667,14083,6793,7290
64400,399165,21469,192206,13665,377696,14083,6793,7290
64405,399196,21469,192217,13665,377727,14083,6793,7290
64410,399227,21469,192229,13665,377758,14083,6793,7290
64415,399258,21469,192243,13665,377789,14083,6793,7290
64420,399289,21469,192255,13665,377820,14083,6793,7290
64425,399320,21469,192271,13665,377851,14084,6793,7291
64430,399351,21469,192282,13665,377882,14085,6793,7292
64435,399382,21469,192297,13665,377913,14086,6793,7293
64440,399413,21469,192310,13665,377944,14087,6794,7293
64445,399444,21470,192326,13666,377974,14089,6795,7294
64450,399475,21471,192335,13666,378004,14091,6795,7296
64455,399506,21472,192349,13667,378034,14093,6796,7297
64460,399537,21473,192361,13667,378064,14095,6796,7299
64465,399568,21474,192374,13667,378094,14097,6798,7299
64470,399599,21475,192392,13667,378124,14099,6799,7300
64475,399630,21476,192406,13667,378154,14100,6800,7300
64480,399661,21477,192422,13667,378184,14101,6801,7300
64485,399692,21478,192434,13668,378214,14102,6801,7301
64490,399723,21480,192452,13668,378243,14103,6801,7302
64495,399754,21483,192468,13670,378271,14104,6801,7303
64500,399785,21485,192483,13671,378300,14105,6802,7303
64505,399816,21488,192496,13674,378328,14106,6802,7304
64510,399847,21491,192510,13675,378356,14107,6802,7305
64515,399878,21493,192524,13676,378385,14108,6802,7306
64520,399909,21496,192541,13678,378413,14109,6803,7306
64525,399940,21499,192553,13680,378441,14110,6803,7307
64530,399971,21501,192569,13680,378470,14111,6803,7308
64535,400002,21503,192580,13681,378499,14112,6803,7309
64540,400033,21505,192601,13683,378528,14113,6804,7309
64545,400064,21507,192615,13683,378557,14114,6804,7310
64550,400095,21509,192627,13684,378586,14115,6805,7310
64555,400126,21513,192644,13688,378613,14116,6805,7311
64560,400157,21515,192652,13689,378642,14117,6805,7312
64565,400188,21517,192664,13689,378671,14118,6805,7313
64570,400219,21520,192682,13690,378699,14119,6805,7314
64575,400250,21523,192699,13693,378727,14121,6805,7316
64580,400281,21526,192715,13694,378755,14123,6805,7318
64585,400312,21527,192726,13694,378785,14125,6805,7320
64590,400343,21529,192744,13696,378814,14127,6805,7322
64595,400374,21529,192762,13696,378845,14129,6805,7324
64600,400405,21529,192771,13696,378876,14131,6806,7325
64605,400436,21529,192784,13696,378907,14133,6807,7326
64610,400467,21529,192797,13696,378938,14135,6807,7328
64615,400498,21529,192810,13696,378969,14137,6807,7330
64620,400529,21529,192824,13696,379000,14139,6807,7332
64625,400560,21529,192834,13696,379031,14140,6807,7333
64630,400591,21529,192853,13696,379062,14140,6807,7333
64635,400622,21529,192865,13696,379093,14140,6807,7333
64640,400653,21529,192881,13696,379124,14140,6807,7333
64645,400684,21529,192897,13696,379155,14140,6807,7333
64650,400715,21529,192910,13696,379186,14140,6807,7333
64655,400746,21529,192926,13696,379217,14140,6807,7333
64660,400777,21529,192942,13696,379248,14140,6807,7333
64665,400808,21529,192956,13696,379279,14140,6807,7333
64670,400839,21530,192971,13697,379309,14140,6807,7333
64675,400870,21531,192985,13697,379339,14140,6807,7333
64680,400901,21532,192999,13698,379369,14140,6807,7333
64685,400932,21534,193016,13699,379398,14141,6808,7333
64690,400963,21538,193027,13701,379425,14142,6808,7334
64695,400994,21541,193044,13703,379453,14143,6808,7335
64700,401025,21544,193057,13704,379481,14144,6808,7336
64705,401056,21547,193068,13706,379509,14145,6809,7336
64710,401087,21549,193080,13706,379538,14146,6809,7337
64715,401118,21551,193091,13707,379567,14147,6809,7338
64720,401149,21553,193111,13709,379596,14148,6810,7338
64725,401180,21555,193125,13710,379625,14149,6810,7339
64730,401211,21557,193134,13711,379654,14150,6810,7340
64735,401242,21560,193154,13713,379682,14151,6811,7340
64740,401273,21563,193169,13715,379710,14152,6812,7340
64745,401304,21567,193185,13718,379737,14154,6813,7341
64750,401335,21571,193202,13719,379764,14156,6814,7342
64755,401366,21575,193213,13720,379791,14158,6815,7343
64760,401397,21577,193225,13721,379820,14160,6816,7344
64765,401428,21579,193240,13722,379849,14162,6817,7345
64770,401459,21581,193255,13722,379878,14164,6817,7347
64775,401490,21583,193270,13723,379907,14166,6818,7348
64780,401521,21586,193282,13724,379935,14168,6818,7350
64785,401552,21589,193296,13725,379963,14170,6819,7351
64790,401583,21593,193314,13728,379990,14171,6820,7351
64795,401614,21596,193323,13731,380018,14172,6821,7351
64800,401645,21600,193343,13733,380045,14173,6822,7351
64805,401676,21602,193357,13734,380074,14174,6822,7352
64810,401707,21603,193371,13735,380104,14175,6823,7352
64815,401738,21604,193386,13735,380134,14176,6824,7352
64820,401769,21605,193393,13735,380164,14177,6824,7353
64825,401800,21606,193408,13736,380194,14178,6825,7353
64830,401831,21607,193421,13736,380224,14179,6825,7354
64835,401862,21608,193432,13736,380254,14180,6825,7355
64840,401893,21609,193445,13736,380284,14181,6826,7355
64845,401924,21610,193464,13737,380314,14182,6827,7355
64850,401955,21611,193477,13737,380344,14183,6827,7356
64855,401986,21612,193493,13738,380374,14184,6828,7356
64860,402017,21613,193511,13738,380404,14185,6829,7356
64865,402048,21614,193524,13739,380434,14186,6829,7357
64870,402079,21615,193541,13740,380464,14187,6830,7357
64875,402110,21616,193551,13740,380494,14188,6831,7357
64880,402141,21617,193564,13740,380524,14189,6832,7357
64885,402172,21618,193580,13741,380554,14190,6833,7357
64890,402203,21619,193593,13741,380584,14192,6833,7359
64895,402234,21620,193609,13741,380614,14194,6835,7359
64900,402265,21621,193629,13742,380644,14196,6836,7360
64905,402296,21624,193645,13745,380672,14198,6836,7362
64910,402327,21627,193662,13747,380700,14200,6838,7362
64915,402358,21630,193674,13749,380727,14202,6839,7363
64920,402389,21634,193693,13753,380755,14204,6839,7365
64925,402420,21637,193709,13755,380782,14206,6841,7365
64930,402451,21642,193724,13760,380809,14208,6841,7367
64935,402482,21647,193736,13763,380835,14210,6842,7368
64940,402513,21650,193747,13765,380863,14212,6842,7370
64945,402544,21655,193762,13768,380888,14214,6842,7372
64950,402575,21659,193779,13771,380916,14216,6843,7373
64955,402606,21661,193793,13772,380945,14218,6845,7373
64960,402637,21661,193808,13772,380976,14220,6847,7373
64965,402668,21661,193826,13772,381007,14221,6848,7373
64970,402699,21661,193837,13772,381038,14222,6848,7374
64975,402730,21661,193851,13772,381069,14223,6848,7375
64980,402761,21661,193866,13772,381100,14224,6849,7375
64985,402792,21661,193881,13772,381131,14225,6849,7376
64990,402823,21661,193899,13772,381162,14226,6849,7377
64995,402854,21661,193918,13772,381193,14227,6850,7377
65000,402885,21661,193931,13772,381224,14228,6851,7377
65005,402916,21661,193941,13772,381255,14229,6851,7378
65010,402947,21661,193956,13772,381286,14230,6851,7379
65015,402978,21662,193969,13772,381316,14231,6851,7380
65020,403009,21663,193986,13772,381346,14232,6852,7380
65025,403040,21664,193999,13773,381376,14233,6852,7381
65030,403071,21665,194016,13774,381406,14234,6852,7382
65035,403102,21666,194032,13775,381436,14235,6853,7382
65040,403133,21668,194046,13776,381465,14236,6853,7383
65045,403164,21671,194060,13779,381493,14237,6853,7384
65050,403195,21672,194075,13780,381523,14238,6854,7384
65055,403226,21674,194088,13781,381552,14239,6854,7385
65060,403257,21678,194102,13783,381579,14240,6854,7386
65065,403288,21682,194114,13784,381605,14242,6855,7387
65070,403319,21686,194126,13786,381632,14244,6855,7389
65075,403350,21690,194142,13789,381659,14246,6856,7390
65080,403381,21694,194157,13792,381686,14248,6857,7391
65085,403412,21699,194173,13795,381712,14250,6858,7392
65090,403443,21705,194187,13799,381738,14252,6859,7393
65095,403474,21709,194194,13801,381765,14254,6859,7395
65100,403505,21714,194213,13805,381790,14256,6860,7396
65105,403536,21715,194227,13806,381821,14257,6861,7396
65110,403567,21715,194245,13806,381852,14258,6862,7396
65115,403598,21715,194260,13806,381883,14259,6863,7396
65120,403629,21715,194276,13806,381914,14259,6863,7396
65125,403660,21715,194292,13806,381945,14259,6863,7396
65130,403691,21715,194305,13806,381976,14259,6863,7396
65135,403722,21715,194323,13806,382007,14259,6863,7396
65140,403753,21715,194342,13806,382038,14259,6863,7396
65145,403784,21715,194356,13806,382069,14259,6863,7396
65150,403815,21715,194372,13806,382100,14259,6863,7396
65155,403846,21715,194388,13806,382131,14259,6863,7396
65160,403877,21715,194406,13806,382162,14259,6863,7396
65165,403908,21715,194421,13806,382193,14259,6863,7396
65170,403939,21715,194429,13806,382224,14259,6863,7396
65175,403970,21715,194444,13806,382255,14259,6863,7396
65180,404001,21716,194457,13807,382285,14259,6863,7396
65185,404032,21717,194472,13808,382315,14259,6863,7396
65190,404063,21719,194489,13810,382344,14259,6863,7396
65195,404094,21721,194508,13811,382373,14259,6863,7396
65200,404125,21722,194520,13811,382403,14259,6863,7396
65205,404156,21724,194531,13812,382432,14259,6863,7396
65210,404187,21728,194543,13814,382458,14259,6863,7396
65215,404218,21734,194560,13818,382484,14260,6864,7396
65220,404249,21740,194576,13823,382508,14262,6865,7397
65225,404280,21741,194593,13824,382539,14264,6867,7397
65230,404311,21741,194611,13824,382570,14266,6868,7398
65235,404342,21741,194621,13824,382601,14268,6869,7399
65240,404373,21741,194639,13824,382632,14269,6869,7400
65245,404404,21741,194650,13824,382663,14270,6870,7400
65250,404435,21741,194662,13824,382694,14271,6870,7401
65255,404466,21741,194672,13824,382725,14272,6870,7402
65260,404497,21741,194690,13824,382756,14273,6870,7403
65265,404528,21741,194711,13824,382787,14274,6871,7403
65270,404559,21741,194729,13824,382818,14275,6872,7403
65275,404590,21741,194743,13824,382849,14276,6872,7404
65280,404621,21741,194763,13824,382880,14277,6873,7404
65285,404652,21741,194775,13824,382911,14278,6873,7405
65290,404683,21741,194792,13824,382942,14279,6874,7405
65295,404714,21741,194808,13824,382973,14280,6875,7405
65300,404745,21741,194824,13824,383004,14281,6876,7405
65305,404776,21741,194838,13824,383035,14282,6877,7405
65310,404807,21741,194854,13824,383066,14283,6878,7405
65315,404838,21741,194866,13824,383097,14284,6878,7406
65320,404869,21741,194881,13824,383128,14285,6878,7407
65325,404900,21743,194896,13826,383156,14286,6878,7408
65330,404931,21749,194912,13831,383182,14287,6879,7408
65335,404962,21754,194930,13836,383207,14288,6879,7409
65340,404993,21760,194944,13842,383232,14290,6880,7410
65345,405024,21763,194964,13844,383261,14292,6882,7410
65350,405055,21765,194982,13845,383290,14294,6883,7411
65355,405086,21765,194996,13845,383321,14296,6885,7411
65360,405117,21765,195013,13845,383352,14298,6886,7412
65365,405148,21765,195030,13845,383383,14300,6888,7412
65370,405179,21765,195042,13845,383414,14302,6888,7414
65375,405210,21765,195054,13845,383445,14304,6890,7414
65380,405241,21765,195065,13845,383476,14306,6891,7415
65385,405272,21765,195080,13845,383507,14307,6892,7415
65390,405303,21765,195091,13845,383538,14308,6893,7415
65395,405334,21765,195105,13845,383569,14309,6893,7416
65400,405365,21765,195118,13845,383600,14310,6893,7417
65405,405396,21765,195132,13845,383631,14311,6893,7418
65410,405427,21765,195145,13845,383662,14312,6893,7419
65415,405458,21765,195162,13845,383693,14313,6894,7419
65420,405489,21765,195174,13845,383724,14314,6894,7420
65425,405520,21765,195191,13845,383755,14315,6894,7421
65430,405551,21765,195205,13845,383786,14316,6894,7422
65435,405582,21765,195223,13845,383817,14317,6894,7423
65440,405613,21765,195242,13845,383848,14318,6895,7423
65445,405644,21766,195256,13846,383878,14319,6896,7423
65450,405675,21769,195273,13847,383905,14320,6897,7423
65455,405706,21772,195286,13849,383934,14321,6897,7424
65460,405737,21777,195304,13854,383959,14322,6898,7424
65465,405768,21780,195321,13856,383988,14322,6898,7424
65470,405799,21782,195335,13857,384017,14322,6898,7424
65475,405830,21784,195353,13859,384046,14322,6898,7424
65480,405861,21787,195368,13861,384074,14322,6898,7424
65485,405892,21789,195380,13861,384103,14323,6899,7424
65490,405923,21792,195394,13863,384131,14324,6900,7424
65495,405954,21795,195409,13865,384159,14325,6901,7424
65500,405985,21797,195422,13865,384188,14326,6901,7425
65505,406016,21798,195439,13865,384218,14327,6901,7426
65510,406047,21799,195452,13866,384248,14328,6902,7426
65515,406078,21800,195467,13866,384278,14329,6903,7426
65520,406109,21801,195483,13866,384308,14330,6904,7426
65525,406140,21802,195498,13867,384338,14331,6904,7427
65530,406171,21803,195516,13868,384368,14332,6905,7427
65535,406202,21804,195533,13868,384398,14333,6906,7427
65540,406233,21805,195543,13869,384428,14334,6907,7427
65545,406264,21806,195556,13870,384458,14335,6907,7428
65550,406295,21807,195574,13871,384488,14336,6907,7429
65555,406326,21808,195588,13872,384518,14337,6907,7430
65560,406357,21809,195603,13873,384548,14338,6907,7431
65565,406388,21810,195615,13873,384578,14340,6908,7432
65570,406419,21814,195629,13875,384605,14342,6909,7433
65575,406450,21815,195641,13876,384635,14344,6911,7433
65580,406481,21817,195656,13877,384664,14346,6912,7434
65585,406512,21819,195673,13878,384693,14347,6912,7435
65590,406543,21821,195690,13879,384722,14348,6913,7435
65595,406574,21821,195709,13879,384753,14349,6914,7435
65600,406605,21821,195724,13879,384784,14350,6914,7436
65605,406636,21822,195740,13880,384814,14351,6915,7436
65610,406667,21824,195757,13881,384843,14352,6915,7437
65615,406698,21825,195767,13882,384873,14353,6915,7438
65620,406729,21827,195784,13884,384902,14354,6916,7438
65625,406760,21828,195794,13884,384932,14355,6916,7439
65630,406791,21829,195816,13885,384962,14356,6917,7439
65635,406822,21831,195834,13887,384991,14357,6918,7439
65640,406853,21832,195851,13888,385021,14358,6919,7439
65645,406884,21833,195862,13889,385051,14359,6919,7440
65650,406915,21835,195873,13891,385080,14360,6919,7441
65655,406946,21836,195887,13892,385110,14361,6919,7442
65660,406977,21837,195905,13892,385140,14362,6920,7442
65665,407008,21838,195919,13893,385170,14363,6921,7442
65670,407039,21840,195932,13894,385199,14364,6921,7443
65675,407070,21841,195945,13895,385229,14365,6921,7444
65680,407101,21843,195958,13896,385258,14366,6921,7445
65685,407132,21846,195976,13898,385286,14368,6922,7446
65690,407163,21848,195991,13899,385315,14370,6923,7447
65695,407194,21851,196007,13901,385342,14372,6924,7448
65700,407225,21859,196022,13907,385365,14374,6925,7449
65705,407256,21861,196040,13909,385395,14376,6926,7450
65710,407287,21863,196056,13910,385424,14378,6928,7450
65715,407318,21864,196069,13910,385454,14380,6928,7452
65720,407349,21865,196086,13911,385484,14381,6928,7453
65725,407380,21866,196099,13911,385514,14382,6929,7453
65730,407411,21867,196113,13912,385544,14383,6929,7454
65735,407442,21868,196133,13912,385574,14384,6929,7455
65740,407473,21869,196145,13913,385604,14385,6929,7456
65745,407504,21870,196157,13913,385634,14386,6929,7457
65750,407535,21871,196173,13913,385664,14387,6929,7458
65755,407566,21872,196189,13914,385694,14388,6929,7459
65760,407597,21873,196205,13914,385724,14389,6929,7460
65765,407628,21876,196214,13917,385752,14390,6929,7461
65770,407659,21879,196225,13919,385780,14391,6929,7462
65775,407690,21882,196241,13921,385808,14392,6930,7462
65780,407721,21884,196253,13921,385837,14393,6930,7463
65785,407752,21885,196268,13921,385867,14394,6930,7464
65790,407783,21886,196283,13922,385897,14395,6930,7465
65795,407814,21887,196297,13922,385927,14396,6930,7466
65800,407845,21888,196314,13923,385957,14397,6931,7466
65805,407876,21890,196334,13925,385986,14398,6932,7466
65810,407907,21892,196350,13926,386015,14399,6933,7466
65815,407938,21894,196366,13928,386044,14400,6933,7467
65820,407969,21896,196376,13929,386073,14402,6935,7467
65825,408000,21897,196389,13929,386103,14404,6936,7468
65830,408031,21899,196400,13931,386132,14406,6937,7469
65835,408062,21901,196420,13933,386161,14408,6938,7470
65840,408093,21904,196436,13936,386189,14410,6939,7471
65845,408124,21907,196452,13938,386217,14412,6939,7473
65850,408155,21907,196469,13938,386248,14413,6940,7473
65855,408186,21907,196483,13938,386279,14414,6940,7474
65860,408217,21907,196500,13938,386310,14415,6941,7474
65865,408248,21907,196514,13938,386341,14416,6941,7475
65870,408279,21907,196526,13938,386372,14417,6942,7475
65875,408310,21907,196540,13938,386403,14418,6943,7475
65880,408341,21907,196555,13938,386434,14419,6944,7475
65885,408372,21907,196571,13938,386465,14420,6944,7476
65890,408403,21908,196584,13938,386495,14421,6944,7477
65895,408434,21909,196592,13938,386525,14422,6945,7477
65900,408465,21910,196608,13938,386555,14423,6946,7477
65905,408496,21911,196626,13939,386585,14424,6947,7477
65910,408527,21913,196642,13940,386614,14425,6948,7477
65915,408558,21915,196659,13941,386643,14426,6948,7478
65920,408589,21916,196672,13941,386673,14427,6949,7478
65925,408620,21918,196691,13943,386702,14428,6950,7478
65930,408651,21921,196707,13944,386730,14429,6951,7478
65935,408682,21924,196721,13945,386758,14430,6951,7479
65940,408713,21926,196734,13945,386787,14431,6951,7480
65945,408744,21928,196750,13947,386815,14432,6952,7480
65950,408775,21933,196766,13952,386842,14433,6953,7480
65955,408806,21936,196779,13954,386869,14434,6953,7481
65960,408837,21938,196791,13955,386899,14435,6953,7482
65965,408868,21939,196807,13956,386929,14436,6953,7483
65970,408899,21941,196825,13958,386957,14437,6954,7483
65975,408930,21943,196835,13959,386987,14438,6954,7484
65980,408961,21945,196858,13960,387015,14439,6954,7485
65985,408992,21948,196872,13963,387044,14440,6954,7486
65990,409023,21948,196894,13963,387075,14441,6955,7486
65995,409054,21948,196910,13963,387106,14442,6955,7487
66000,409085,21948,196924,13963,387137,14443,6956,7487
66005,409116,21950,196940,13964,387166,14444,6956,7488
66010,409147,21950,196957,13964,387197,14445,6957,7488
66015,409178,21950,196975,13964,387228,14446,6957,7489
66020,409209,21950,196994,13964,387259,14447,6958,7489
66025,409240,21950,197005,13964,387290,14448,6959,7489
66030,409271,21950,197018,13964,387321,14449,6959,7490
66035,409302,21950,197033,13964,387352,14450,6959,7491
66040,409333,21950,197044,13964,387383,14451,6959,7492
66045,409364,21950,197064,13964,387414,14453,6960,7493
66050,409395,21952,197082,13966,387443,14455,6962,7493
66055,409426,21953,197095,13967,387473,14457,6964,7493
66060,409457,21955,197111,13968,387502,14459,6965,7494
66065,409488,21959,197123,13971,387529,14461,6966,7495
66070,409519,21962,197138,13973,387556,14463,6967,7496
66075,409550,21967,197158,13977,387583,14465,6968,7497
66080,409581,21968,197172,13978,387613,14467,6969,7498
66085,409612,21968,197184,13978,387644,14469,6970,7499
66090,409643,21968,197199,13978,387675,14470,6970,7500
66095,409674,21968,197214,13978,387706,14471,6970,7501
66100,409705,21968,197229,13978,387737,14472,6970,7502
66105,409736,21968,197239,13978,387768,14473,6971,7502
66110,409767,21968,197256,13978,387799,14474,6971,7503
66115,409798,21969,197266,13978,387829,14475,6971,7504
66120,409829,21970,197286,13978,387859,14476,6971,7505
66125,409860,21972,197297,13980,387887,14476,6971,7505
66130,409891,21976,197311,13983,387915,14476,6971,7505
66135,409922,21978,197327,13983,387944,14476,6971,7505
66140,409953,21980,197346,13984,387973,14476,6971,7505
66145,409984,21983,197364,13986,388001,14476,6971,7505
66150,410015,21985,197379,13987,388030,14476,6971,7505
66155,410046,21988,197394,13989,388058,14476,6971,7505
66160,410077,21990,197412,13989,388087,14476,6971,7505
66165,410108,21994,197427,13992,388114,14476,6971,7505
66170,410139,21997,197445,13994,388142,14476,6971,7505
66175,410170,22000,197460,13997,388170,14476,6971,7505
66180,410201,22004,197476,13999,388197,14476,6971,7505
66185,410232,22006,197485,14000,388226,14477,6971,7506
66190,410263,22007,197496,14000,388256,14478,6971,7507
66195,410294,22010,197511,14002,388284,14479,6971,7508
66200,410325,22011,197526,14003,388314,14480,6971,7509
66205,410356,22012,197543,14004,388344,14481,6971,7510
66210,410387,22013,197554,14004,388374,14482,6972,7510
66215,410418,22015,197567,14005,388403,14483,6973,7510
66220,410449,22017,197582,14007,388432,14484,6973,7511
66225,410480,22018,197597,14007,388462,14485,6973,7512
66230,410511,22019,197608,14007,388492,14487,6973,7514
66235,410542,22020,197620,14008,388522,14489,6974,7515
66240,410573,22022,197634,14009,388551,14491,6974,7517
66245,410604,22023,197645,14009,388581,14492,6974,7518
66250,410635,22024,197659,14010,388611,14493,6974,7519
66255,410666,22025,197671,14011,388640,14494,6974,7520
66260,410697,22027,197681,14013,388670,14495,6974,7521
66265,410728,22028,197693,14013,388699,14496,6975,7521
66270,410759,22030,197706,14014,388728,14497,6975,7522
66275,410790,22032,197716,14015,388758,14498,6975,7523
66280,410821,22033,197729,14016,388788,14499,6975,7524
66285,410852,22035,197742,14017,388817,14500,6975,7525
66290,410883,22037,197756,14018,388846,14501,6975,7526
66295,410914,22038,197774,14018,388876,14502,6976,7526
66300,410945,22039,197789,14018,388906,14503,6976,7527
66305,410976,22043,197810,14021,388933,14504,6977,7527
66310,411007,22046,197824,14023,388961,14505,6978,7527
66315,411038,22048,197835,14024,388990,14506,6978,7528
66320,411069,22050,197847,14024,389019,14507,6979,7528
66325,411100,22054,197864,14027,389046,14508,6980,7528
66330,411131,22057,197875,14028,389074,14509,6981,7528
66335,411162,22061,197890,14031,389101,14510,6981,7529
66340,411193,22063,197906,14032,389130,14511,6982,7529
66345,411224,22064,197922,14033,389160,14512,6982,7530
66350,411255,22065,197938,14034,389190,14513,6983,7530
66355,411286,22067,197952,14036,389219,14514,6983,7531
66360,411317,22067,197963,14036,389250,14515,6983,7532
66365,411348,22067,197977,14036,389281,14516,6983,7533
66370,411379,22067,197991,14036,389312,14517,6983,7534
66375,411410,22067,198005,14036,389343,14518,6984,7534
66380,411441,22067,198020,14036,389374,14519,6985,7534
66385,411472,22067,198033,14036,389405,14520,6986,7534
66390,411503,22067,198051,14036,389436,14521,6987,7534
66395,411534,22067,198064,14036,389467,14522,6988,7534
66400,411565,22067,198078,14036,389498,14523,6989,7534
66405,411596,22068,198094,14036,389528,14524,6990,7534
66410,411627,22069,198111,14037,389557,14525,6991,7534
66415,411658,22072,198125,14039,389585,14526,6991,7535
66420,411689,22075,198145,14042,389614,14527,6992,7535
66425,411720,22079,198155,14043,389641,14527,6992,7535
66430,411751,22083,198169,14045,389668,14527,6992,7535
66435,411782,22086,198186,14048,389696,14527,6992,7535
66440,411813,22089,198200,14051,389724,14527,6992,7535
66445,411844,22093,198211,14053,389751,14528,6993,7535
66450,411875,22097,198231,14056,389778,14529,6994,7535
66455,411906,22100,198247,14058,389806,14530,6994,7536
66460,411937,22105,198265,14062,389832,14531,6995,7536
66465,411968,22106,198278,14062,389862,14532,6995,7537
66470,411999,22108,198290,14064,389891,14533,6995,7538
66475,412030,22111,198311,14066,389919,14533,6995,7538
66480,412061,22113,198329,14067,389948,14533,6995,7538
66485,412092,22113,198343,14067,389979,14533,6995,7538
66490,412123,22113,198357,14067,390010,14533,6995,7538
66495,412154,22113,198373,14067,390041,14533,6995,7538
66500,412185,22113,198385,14067,390072,14533,6995,7538
66505,412216,22113,198406,14067,390103,14533,6995,7538
66510,412247,22113,198421,14067,390134,14533,6995,7538
66515,412278,22113,198430,14067,390165,14533,6995,7538
66520,412309,22113,198446,14067,390196,14533,6995,7538
66525,412340,22113,198461,14067,390227,14533,6995,7538
66530,412371,22113,198481,14067,390258,14534,6996,7538
66535,412402,22113,198498,14067,390289,14535,6997,7538
66540,412433,22115,198513,14068,390318,14536,6998,7538
66545,412464,22117,198526,14068,390347,14537,6999,7538
66550,412495,22119,198543,14069,390375,14538,6999,7539
66555,412526,22122,198561,14072,390404,14539,7000,7539
66560,412557,22124,198576,14073,390433,14540,7000,7540
66565,412588,22127,198591,14076,390461,14541,7000,7541
66570,412619,22129,198606,14076,390490,14542,7001,7541
66575,412650,22131,198621,14076,390519,14544,7003,7541
66580,412681,22134,198640,14078,390547,14546,7004,7542
66585,412712,22136,198654,14078,390576,14548,7004,7544
66590,412743,22140,198665,14081,390603,14550,7005,7545
66595,412774,22144,198681,14084,390630,14552,7007,7545
66600,412805,22150,198695,14089,390655,14554,7007,7547
66605,412836,22152,198706,14091,390684,14556,7008,7548
66610,412867,22154,198718,14093,390713,14557,7008,7549
66615,412898,22155,198735,14093,390743,14558,7008,7550
66620,412929,22156,198746,14093,390773,14559,7008,7551
66625,412960,22157,198758,14094,390803,14560,7009,7551
66630,412991,22158,198775,14094,390833,14561,7010,7551
66635,413022,22159,198785,14094,390863,14562,7011,7551
66640,413053,22160,198800,14095,390893,14563,7012,7551
66645,413084,22161,198810,14096,390923,14564,7013,7551
66650,413115,22162,198825,14097,390953,14565,7013,7552
66655,413146,22164,198843,14098,390982,14566,7013,7553
66660,413177,22166,198856,14100,391011,14567,7014,7553
66665,413208,22168,198872,14102,391040,14568,7014,7554
66670,413239,22170,198882,14103,391069,14569,7015,7554
66675,413270,22171,198901,14104,391099,14570,7016,7554
66680,413301,22172,198916,14104,391129,14571,7017,7554
66685,413332,22173,198925,14104,391159,14572,7017,7555
66690,413363,22174,198941,14105,391189,14573,7017,7556
66695,413394,22175,198956,14106,391219,14574,7017,7557
66700,413425,22176,198966,14106,391249,14575,7017,7558
66705,413456,22177,198981,14106,391279,14576,7018,7558
66710,413487,22179,198999,14106,391308,14577,7019,7558
66715,413518,22181,199016,14107,391337,14578,7020,7558
66720,413549,22184,199031,14109,391364,14579,7020,7559
66725,413580,22186,199043,14110,391393,14580,7020,7560
66730,413611,22188,199057,14111,391423,14581,7020,7561
66735,413642,22189,199068,14112,391453,14582,7021,7561
66740,413673,22190,199081,14112,391483,14583,7022,7561
66745,413704,22191,199095,14113,391513,14584,7023,7561
66750,413735,22192,199109,14114,391543,14585,7024,7561
66755,413766,22193,199127,14114,391573,14586,7024,7562
66760,413797,22194,199140,14115,391603,14587,7024,7563
66765,413828,22195,199157,14115,391633,14588,7025,7563
66770,413859,22197,199176,14116,391662,14589,7025,7564
66775,413890,22199,199192,14117,391691,14591,7025,7566
66780,413921,22202,199207,14118,391719,14593,7025,7568
66785,413952,22205,199222,14118,391747,14595,7026,7569
66790,413983,22208,199232,14120,391775,14597,7027,7570
66795,414014,22212,199250,14121,391802,14599,7028,7571
66800,414045,22216,199264,14124,391829,14601,7030,7571
66805,414076,22219,199281,14127,391857,14602,7030,7572
66810,414107,22222,199294,14128,391885,14603,7030,7573
66815,414138,22224,199309,14130,391914,14604,7030,7574
66820,414169,22226,199323,14131,391943,14605,7031,7574
66825,414200,22228,199340,14133,391972,14606,7032,7574
66830,414231,22230,199353,14134,392001,14607,7032,7575
66835,414262,22232,199372,14136,392030,14608,7033,7575
66840,414293,22232,199389,14136,392061,14609,7034,7575
66845,414324,22232,199402,14136,392092,14610,7034,7576
66850,414355,22232,199418,14136,392123,14611,7035,7576
66855,414386,22232,199434,14136,392154,14612,7035,7577
66860,414417,22232,199449,14136,392185,14613,7035,7578
66865,414448,22232,199460,14136,392216,14614,7035,7579
66870,414479,22232,199472,14136,392247,14615,7035,7580
66875,414510,22232,199488,14136,392278,14616,7036,7580
66880,414541,22232,199501,14136,392309,14617,7037,7580
66885,414572,22232,199520,14136,392340,14618,7038,7580
66890,414603,22232,199537,14136,392371,14619,7038,7581
66895,414634,22232,199556,14136,392402,14620,7038,7582
66900,414665,22232,199574,14136,392433,14621,7039,7582
66905,414696,22232,199589,14136,392464,14623,7039,7584
66910,414727,22234,199612,14138,392493,14625,7040,7585
66915,414758,22235,199626,14138,392523,14627,7042,7585
66920,414789,22238,199643,14140,392551,14629,7043,7586
66925,414820,22243,199665,14144,392577,14631,7044,7587
66930,414851,22245,199675,14144,392606,14633,7046,7587
66935,414882,22248,199692,14146,392634,14635,7047,7588
66940,414913,22252,199705,14149,392661,14637,7049,7588
66945,414944,22258,199722,14152,392686,14639,7050,7589
66950,414975,22264,199742,14157,392711,14641,7051,7590
66955,415006,22268,199758,14159,392738,14643,7052,7591
66960,415037,22272,199776,14162,392765,14645,7054,7591
66965,415068,22274,199796,14164,392794,14646,7054,7592
66970,415099,22276,199813,14166,392823,14647,7054,7593
66975,415130,22278,199828,14167,392852,14647,7054,7593
66980,415161,22280,199844,14169,392880,14647,7054,7593
66985,415192,22283,199861,14171,392908,14647,7054,7593
66990,415223,22286,199875,14173,392936,14647,7054,7593
66995,415254,22289,199886,14174,392965,14647,7054,7593
67000,415285,22291,199907,14176,392993,14647,7054,7593
67005,415316,22293,199921,14178,393023,14647,7054,7593
67010,415347,22294,199935,14179,393053,14647,7054,7593
67015,415378,22295,199953,14180,393083,14647,7054,7593
67020,415409,22296,199967,14181,393113,14647,7054,7593
67025,415440,22297,199981,14181,393143,14647,7054,7593
67030,415471,22298,199989,14181,393173,14647,7054,7593
67035,415502,22300,200001,14182,393202,14647,7054,7593
67040,415533,22301,200013,14183,393232,14647,7054,7593
67045,415564,22302,200025,14184,393262,14647,7054,7593
67050,415595,22303,200040,14184,393292,14647,7054,7593
67055,415626,22304,200054,14184,393322,14647,7054,7593
67060,415657,22305,200067,14184,393352,14647,7054,7593
67065,415688,22306,200083,14185,393382,14648,7055,7593
67070,415719,22306,200100,14185,393413,14649,7056,7593
67075,415750,22306,200113,14185,393444,14651,7056,7595
67080,415781,22306,200129,14185,393475,14653,7057,7596
67085,415812,22310,200148,14188,393502,14654,7057,7597
67090,415843,22312,200161,14189,393531,14655,7057,7598
67095,415874,22315,200175,14190,393559,14656,7057,7599
67100,415905,22319,200190,14193,393586,14657,7058,7599
67105,415936,22322,200209,14194,393614,14658,7059,7599
67110,415967,22325,200222,14195,393642,14659,7060,7599
67115,415998,22327,200236,14195,393671,14660,7061,7599
67120,416029,22328,200255,14196,393701,14661,7062,7599
67125,416060,22329,200265,14196,393731,14662,7062,7600
67130,416091,22331,200279,14198,393760,14663,7062,7601
67135,416122,22332,200294,14198,393790,14664,7062,7602
67140,416153,22333,200305,14199,393820,14665,7062,7603
67145,416184,22334,200317,14199,393850,14666,7063,7603
67150,416215,22335,200327,14200,393880,14667,7063,7604
67155,416246,22336,200338,14201,393910,14668,7063,7605
67160,416277,22337,200350,14201,393940,14669,7063,7606
67165,416308,22338,200363,14201,393970,14670,7063,7607
67170,416339,22340,200383,14202,393998,14671,7063,7608
67175,416370,22343,200396,14203,394027,14672,7064,7608
67180,416401,22345,200406,14205,394056,14673,7065,7608
67185,416432,22347,200420,14205,394084,14674,7066,7608
67190,416463,22351,200438,14208,394111,14675,7066,7609
67195,416494,22355,200458,14210,394139,14676,7067,7609
67200,416525,22358,200471,14212,394167,14677,7067,7610
67205,416556,22359,200488,14213,394197,14678,7068,7610
67210,416587,22359,200498,14213,394228,14679,7068,7611
67215,416618,22359,200515,14213,394259,14680,7069,7611
67220,416649,22360,200529,14213,394289,14681,7069,7612
67225,416680,22362,200542,14214,394318,14682,7069,7613
67230,416711,22364,200556,14215,394347,14683,7069,7614
67235,416742,22366,200571,14217,394376,14684,7069,7615
67240,416773,22368,200590,14218,394405,14685,7070,7615
67245,416804,22369,200600,14218,394435,14686,7070,7616
67250,416835,22370,200616,14219,394465,14687,7070,7617
67255,416866,22371,200631,14220,394495,14688,7071,7617
67260,416897,22372,200649,14221,394525,14689,7072,7617
67265,416928,22374,200667,14223,394554,14690,7072,7618
67270,416959,22377,200683,14225,394582,14691,7072,7619
67275,416990,22379,200697,14227,394611,14692,7072,7620
67280,417021,22382,200711,14229,394639,14693,7073,7620
67285,417052,22384,200723,14230,394668,14694,7073,7621
67290,417083,22386,200737,14231,394697,14695,7074,7621
67295,417114,22388,200751,14233,394726,14696,7075,7621
67300,417145,22390,200763,14234,394755,14697,7075,7622
67305,417176,22392,200772,14235,394783,14698,7075,7623
67310,417207,22396,200785,14237,394810,14699,7075,7624
67315,417238,22400,200802,14239,394837,14700,7075,7625
67320,417269,22406,200821,14242,394862,14701,7076,7625
67325,417300,22407,200835,14243,394893,14703,7076,7627
67330,417331,22407,200854,14243,394924,14704,7077,7627
67335,417362,22407,200867,14243,394955,14705,7077,7628
67340,417393,22407,200884,14243,394986,14706,7077,7629
67345,417424,22407,200897,14243,395017,14707,7077,7630
67350,417455,22407,200914,14243,395048,14708,7078,7630
67355,417486,22407,200928,14243,395079,14709,7079,7630
67360,417517,22407,200940,14243,395110,14710,7079,7631
67365,417548,22407,200955,14243,395141,14711,7079,7632
67370,417579,22407,200972,14243,395172,14712,7080,7632
67375,417610,22407,200982,14243,395203,14713,7080,7633
67380,417641,22407,200994,14243,395234,14714,7080,7634
67385,417672,22409,201009,14244,395263,14715,7081,7634
67390,417703,22410,201018,14245,395293,14716,7082,7634
67395,417734,22411,201032,14246,395323,14717,7082,7635
67400,417765,22412,201047,14246,395353,14718,7082,7636
67405,417796,22414,201066,14248,395382,14719,7083,7636
67410,417827,22415,201083,14248,395411,14720,7083,7637
67415,417858,22418,201097,14251,395439,14721,7084,7637
67420,417889,22420,201109,14253,395469,14722,7084,7638
67425,417920,22421,201126,14254,395499,14723,7085,7638
67430,417951,22423,201140,14256,395528,14725,7086,7639
67435,417982,22425,201158,14257,395557,14727,7087,7640
67440,418013,22427,201172,14258,395586,14729,7087,7642
67445,418044,22430,201183,14259,395614,14730,7088,7642
67450,418075,22433,201205,14262,395642,14731,7089,7642
67455,418106,22435,201213,14262,395671,14732,7089,7643
67460,418137,22437,201228,14263,395700,14733,7090,7643
67465,418168,22441,201241,14266,395727,14734,7090,7644
67470,418199,22444,201255,14269,395755,14735,7090,7645
67475,418230,22447,201268,14271,395783,14736,7090,7646
67480,418261,22451,201284,14275,395810,14737,7091,7646
67485,418292,22455,201296,14278,395837,14738,7092,7646
67490,418323,22456,201313,14278,395867,14739,7093,7646
67495,418354,22457,201331,14278,395897,14740,7094,7646
67500,418385,22458,201347,14279,395927,14740,7094,7646
67505,418416,22459,201363,14279,395957,14740,7094,7646
67510,418447,22460,201381,14280,395987,14740,7094,7646
67515,418478,22461,201396,14280,396017,14740,7094,7646
67520,418509,22462,201411,14281,396047,14740,7094,7646
67525,418540,22463,201422,14281,396077,14740,7094,7646
67530,418571,22465,201433,14282,396106,14740,7094,7646
67535,418602,22467,201450,14283,396135,14740,7094,7646
67540,418633,22469,201461,14284,396164,14740,7094,7646
67545,418664,22471,201481,14286,396192,14740,7094,7646
67550,418695,22473,201496,14288,396221,14740,7094,7646
67555,418726,22475,201512,14290,396250,14740,7094,7646
67560,418757,22477,201531,14291,396279,14741,7095,7646
67565,418788,22482,201549,14296,396306,14742,7095,7647
67570,418819,22484,201563,14296,396335,14743,7095,7648
67575,418850,22486,201577,14298,396364,14744,7095,7649
67580,418881,22487,201594,14298,396394,14745,7096,7649
67585,418912,22488,201610,14298,396424,14746,7097,7649
67590,418943,22489,201625,14299,396454,14747,7098,7649
67595,418974,22490,201639,14299,396484,14748,7099,7649
67600,419005,22492,201653,14300,396513,14750,7101,7649
67605,419036,22493,201665,14300,396543,14752,7102,7650
67610,419067,22494,201681,14301,396573,14754,7104,7650
67615,419098,22495,201695,14302,396603,14756,7105,7651
67620,419129,22496,201709,14303,396633,14758,7105,7653
67625,419160,22496,201722,14303,396664,14760,7106,7654
67630,419191,22496,201734,14303,396695,14762,7108,7654
67635,419222,22496,201753,14303,396726,14763,7109,7654
67640,419253,22496,201768,14303,396757,14764,7109,7655
67645,419284,22496,201783,14303,396788,14765,7109,7656
67650,419315,22497,201798,14303,396818,14766,7109,7657
67655,419346,22499,201819,14305,396847,14767,7109,7658
67660,419377,22500,201832,14305,396877,14768,7110,7658
67665,419408,22502,201845,14306,396906,14769,7111,7658
67670,419439,22504,201862,14307,396935,14770,7112,7658
67675,419470,22506,201880,14309,396963,14771,7113,7658
67680,419501,22509,201893,14311,396991,14772,7114,7658
67685,419532,22515,201906,14315,397017,14773,7114,7659
67690,419563,22518,201919,14317,397045,14774,7114,7660
67695,419594,22522,201929,14319,397072,14775,7114,7661
67700,419625,22524,201946,14321,397101,14776,7115,7661
67705,419656,22526,201957,14321,397130,14777,7115,7662
67710,419687,22528,201972,14322,397159,14778,7116,7662
67715,419718,22530,201983,14323,397188,14779,7116,7663
67720,419749,22532,201996,14324,397217,14780,7116,7664
67725,419780,22534,202013,14325,397246,14781,7117,7664
67730,419811,22536,202028,14326,397275,14782,7118,7664
67735,419842,22538,202040,14326,397304,14784,7118,7666
67740,419873,22541,202052,14328,397332,14786,7119,7667
67745,419904,22543,202065,14329,397361,14788,7121,7667
67750,419935,22546,202080,14330,397389,14790,7122,7668
67755,419966,22549,202096,14331,397417,14792,7124,7668
67760,419997,22552,202110,14333,397445,14794,7124,7670
67765,420028,22554,202122,14333,397474,14796,7125,7671
67770,420059,22556,202134,14335,397503,14798,7126,7672
67775,420090,22558,202147,14335,397532,14800,7126,7674
67780,420121,22560,202165,14337,397561,14802,7127,7675
67785,420152,22563,202180,14340,397589,14804,7127,7677
67790,420183,22563,202198,14340,397620,14806,7129,7677
67795,420214,22563,202215,14340,397651,14808,7131,7677
67800,420245,22565,202227,14341,397680,14810,7131,7679
67805,420276,22567,202246,14342,397709,14811,7132,7679
67810,420307,22568,202260,14342,397739,14812,7132,7680
67815,420338,22568,202277,14342,397770,14813,7133,7680
67820,420369,22568,202289,14342,397801,14814,7133,7681
67825,420400,22568,202305,14342,397832,14815,7134,7681
67830,420431,22568,202317,14342,397863,14816,7134,7682
67835,420462,22568,202328,14342,397894,14817,7134,7683
67840,420493,22568,202341,14342,397925,14817,7134,7683
67845,420524,22568,202356,14342,397956,14817,7134,7683
67850,420555,22568,202369,14342,397987,14817,7134,7683
67855,420586,22568,202383,14342,398018,14817,7134,7683
67860,420617,22568,202402,14342,398049,14817,7134,7683
67865,420648,22568,202417,14342,398080,14817,7134,7683
67870,420679,22568,202432,14342,398111,14817,7134,7683
67875,420710,22568,202444,14342,398142,14817,7134,7683
67880,420741,22568,202457,14342,398173,14817,7134,7683
67885,420772,22568,202470,14342,398204,14817,7134,7683
67890,420803,22568,202485,14342,398235,14817,7134,7683
67895,420834,22568,202498,14342,398266,14817,7134,7683
67900,420865,22568,202519,14342,398297,14817,7134,7683
67905,420896,22570,202537,14344,398326,14817,7134,7683
67910,420927,22573,202554,14346,398354,14817,7134,7683
67915,420958,22575,202568,14346,398383,14818,7135,7683
67920,420989,22581,202583,14350,398407,14819,7136,7683
67925,421020,22583,202597,14352,398437,14820,7136,7684
67930,421051,22584,202616,14353,398467,14821,7137,7684
67935,421082,22585,202627,14354,398497,14822,7137,7685
67940,421113,22586,202638,14354,398527,14822,7137,7685
67945,421144,22587,202653,14354,398557,14822,7137,7685
67950,421175,22588,202671,14354,398587,14822,7137,7685
67955,421206,22589,202684,14354,398617,14822,7137,7685
67960,421237,22590,202700,14354,398647,14822,7137,7685
67965,421268,22591,202716,14354,398677,14822,7137,7685
67970,421299,22592,202729,14355,398707,14822,7137,7685
67975,421330,22593,202743,14356,398737,14822,7137,7685
67980,421361,22594,202755,14357,398767,14822,7137,7685
67985,421392,22595,202768,14358,398797,14822,7137,7685
67990,421423,22596,202782,14359,398827,14822,7137,7685
67995,421454,22597,202796,14360,398857,14822,7137,7685
68000,421485,22598,202811,14361,398887,14822,7137,7685
68005,421516,22599,202822,14362,398917,14822,7137,7685
68010,421547,22600,202833,14362,398947,14822,7137,7685
68015,421578,22601,202851,14363,398977,14822,7137,7685
68020,421609,22602,202866,14364,399007,14822,7137,7685
68025,421640,22603,202878,14364,399037,14822,7137,7685
68030,421671,22607,202891,14367,399063,14822,7137,7685
68035,421702,22613,202904,14371,399089,14822,7137,7685
68040,421733,22615,202920,14372,399118,14822,7137,7685
68045,421764,22618,202936,14374,399146,14822,7137,7685
68050,421795,22622,202957,14378,399173,14822,7137,7685
68055,421826,22623,202976,14378,399203,14822,7137,7685
68060,421857,22625,202987,14379,399232,14822,7137,7685
68065,421888,22626,202999,14380,399262,14822,7137,7685
68070,421919,22628,203013,14382,399291,14822,7137,7685
68075,421950,22630,203021,14383,399320,14822,7137,7685
68080,421981,22632,203031,14385,399349,14822,7137,7685
68085,422012,22633,203044,14385,399379,14822,7137,7685
68090,422043,22634,203059,14385,399409,14822,7137,7685
68095,422074,22635,203074,14386,399439,14822,7137,7685
68100,422105,22636,203092,14386,399469,14822,7137,7685
68105,422136,22636,203109,14386,399500,14822,7137,7685
68110,422167,22636,203123,14386,399531,14822,7137,7685
68115,422198,22636,203139,14386,399562,14822,7137,7685
68120,422229,22636,203153,14386,399593,14822,7137,7685
68125,422260,22636,203168,14386,399624,14822,7137,7685
68130,422291,22636,203186,14386,399655,14822,7137,7685
68135,422322,22636,203203,14386,399686,14822,7137,7685
68140,422353,22636,203220,14386,399717,14822,7137,7685
68145,422384,22638,203237,14388,399746,14823,7138,7685
68150,422415,22640,203253,14389,399775,14824,7139,7685
68155,422446,22641,203266,14389,399805,14825,7139,7686
68160,422477,22643,203280,14389,399834,14826,7139,7687
68165,422508,22648,203297,14393,399860,14826,7139,7687
68170,422539,22652,203313,14395,399887,14826,7139,7687
68175,422570,22656,203331,14397,399914,14826,7139,7687
68180,422601,22661,203344,14400,399940,14826,7139,7687
68185,422632,22665,203356,14402,399967,14826,7139,7687
68190,422663,22667,203372,14403,399996,14826,7139,7687
68195,422694,22669,203384,14404,400025,14826,7139,7687
68200,422725,22671,203399,14404,400054,14826,7139,7687
68205,422756,22673,203409,14406,400083,14826,7139,7687
68210,422787,22675,203426,14407,400112,14826,7139,7687
68215,422818,22677,203442,14408,400141,14826,7139,7687
68220,422849,22679,203461,14410,400170,14826,7139,7687
68225,422880,22682,203479,14411,400198,14826,7139,7687
68230,422911,22684,203493,14411,400227,14826,7139,7687
68235,422942,22685,203507,14411,400257,14826,7139,7687
68240,422973,22686,203524,14411,400287,14826,7139,7687
68245,423004,22687,203544,14412,400317,14826,7139,7687
68250,423035,22688,203557,14413,400347,14826,7139,7687
68255,423066,22689,203571,14413,400376,14826,7139,7687
68260,423097,22691,203580,14414,400406,14826,7139,7687
68265,423128,22692,203597,14414,400436,14827,7139,7688
68270,423159,22693,203611,14414,400465,14828,7139,7689
68275,423190,22695,203625,14416,400494,14829,7139,7690
68280,423221,22696,203643,14417,400525,14830,7139,7691
68285,423252,22697,203657,14418,400554,14831,7140,7691
68290,423283,22700,203669,14420,400583,14832,7141,7691
68295,423314,22704,203685,14424,400609,14833,7141,7692
68300,423345,22708,203699,14427,400637,14833,7141,7692
68305,423376,22710,203708,14427,400665,14833,7141,7692
68310,423407,22714,203726,14430,400693,14833,7141,7692
68315,423438,22716,203741,14431,400721,14833,7141,7692
68320,423469,22719,203755,14432,400750,14833,7141,7692
68325,423500,22722,203767,14435,400778,14833,7141,7692
68330,423531,22723,203777,14435,400808,14833,7141,7692
68335,423562,22724,203793,14436,400838,14833,7141,7692
68340,423593,22726,203807,14438,400867,14833,7141,7692
68345,423624,22727,203822,14439,400897,14834,7142,7692
68350,423655,22728,203838,14440,400927,14834,7142,7692
68355,423686,22729,203847,14440,400957,14834,7142,7692
68360,423717,22730,203864,14441,400987,14834,7142,7692
68365,423748,22731,203880,14441,401017,14834,7142,7692
68370,423779,22732,203899,14442,401047,14834,7142,7692
68375,423810,22733,203911,14442,401077,14834,7142,7692
68380,423841,22734,203925,14442,401107,14834,7142,7692
68385,423872,22735,203939,14443,401137,14834,7142,7692
68390,423903,22736,203949,14443,401167,14834,7142,7692
68395,423934,22737,203968,14444,401197,14834,7142,7692
68400,423965,22738,203984,14444,401227,14834,7142,7692
68405,423996,22739,204000,14445,401257,14834,7142,7692
68410,424027,22740,204018,14445,401287,14834,7142,7692
68415,424058,22741,204034,14446,401317,14834,7142,7692
68420,424089,22742,204047,14447,401347,14834,7142,7692
68425,424120,22743,204065,14447,401377,14834,7142,7692
68430,424151,22744,204081,14448,401407,14834,7142,7692
68435,424182,22746,204099,14448,401436,14834,7142,7692
68440,424213,22748,204114,14449,401465,14834,7142,7692
68445,424244,22750,204130,14450,401493,14834,7142,7692
68450,424275,22756,204149,14454,401518,14835,7142,7693
68455,424306,22761,204165,14458,401545,14836,7143,7693
68460,424337,22767,204180,14461,401569,14837,7144,7693
68465,424368,22770,204191,14464,401598,14838,7144,7694
68470,424399,22770,204207,14464,401629,14838,7144,7694
68475,424430,22770,204220,14464,401660,14838,7144,7694
68480,424461,22770,204238,14464,401691,14838,7144,7694
68485,424492,22770,204251,14464,401722,14838,7144,7694
68490,424523,22770,204268,14464,401753,14838,7144,7694
68495,424554,22770,204281,14464,401784,14838,7144,7694
68500,424585,22770,204297,14464,401815,14838,7144,7694
68505,424616,22770,204309,14464,401846,14838,7144,7694
68510,424647,22770,204321,14464,401877,14838,7144,7694
68515,424678,22770,204338,14464,401908,14838,7144,7694
68520,424709,22770,204347,14464,401939,14838,7144,7694
68525,424740,22770,204364,14464,401970,14838,7144,7694
68530,424771,22770,204379,14464,402001,14838,7144,7694
68535,424802,22770,204393,14464,402032,14838,7144,7694
68540,424833,22770,204408,14464,402063,14838,7144,7694
68545,424864,22770,204426,14464,402094,14838,7144,7694
68550,424895,22770,204441,14464,402125,14838,7144,7694
68555,424926,22770,204458,14464,402156,14838,7144,7694
68560,424957,22770,204475,14464,402187,14838,7144,7694
68565,424988,22771,204489,14464,402217,14838,7144,7694
68570,425019,22773,204504,14466,402246,14838,7144,7694
68575,425050,22776,204521,14467,402274,14838,7144,7694
68580,425081,22779,204535,14469,402301,14839,7145,7694
68585,425112,22783,204542,14470,402329,14840,7146,7694
68590,425143,22787,204553,14471,402356,14841,7147,7694
68595,425174,22790,204569,14474,402384,14842,7147,7695
68600,425205,22795,204585,14478,402410,14843,7148,7695
68605,425236,22798,204601,14481,402438,14844,7148,7696
68610,425267,22802,204616,14483,402465,14845,7148,7697
68615,425298,22806,204627,14486,402492,14846,7149,7697
68620,425329,22811,204644,14490,402518,14847,7150,7697
68625,425360,22815,204662,14491,402545,14848,7150,7698
68630,425391,22816,204674,14492,402575,14848,7150,7698
68635,425422,22817,204693,14493,402605,14848,7150,7698
68640,425453,22818,204708,14494,402635,14848,7150,7698
68645,425484,22821,204721,14497,402663,14848,7150,7698
68650,425515,22822,204738,14497,402693,14848,7150,7698
68655,425546,22823,204755,14497,402723,14848,7150,7698
68660,425577,22824,204766,14498,402753,14848,7150,7698
68665,425608,22825,204786,14499,402783,14848,7150,7698
68670,425639,22826,204799,14499,402813,14848,7150,7698
68675,425670,22827,204812,14499,402843,14848,7150,7698
68680,425701,22828,204832,14500,402873,14848,7150,7698
68685,425732,22829,204846,14500,402903,14848,7150,7698
68690,425763,22830,204856,14500,402933,14848,7150,7698
68695,425794,22832,204869,14502,402962,14848,7150,7698
68700,425825,22834,204883,14503,402991,14848,7150,7698
68705,425856,22837,204900,14504,403019,14848,7150,7698
68710,425887,22840,204915,14506,403046,14848,7150,7698
68715,425918,22844,204933,14509,403074,14848,7150,7698
68720,425949,22847,204949,14511,403101,14848,7150,7698
68725,425980,22851,204961,14514,403129,14848,7150,7698
68730,426011,22852,204974,14514,403159,14848,7150,7698
68735,426042,22855,204993,14517,403187,14848,7150,7698
68740,426073,22856,205004,14517,403217,14848,7150,7698
68745,426104,22858,205015,14519,403246,14848,7150,7698
68750,426135,22862,205041,14522,403273,14848,7150,7698
68755,426166,22863,205058,14523,403303,14848,7150,7698
68760,426197,22863,205070,14523,403334,14848,7150,7698
68765,426228,22863,205088,14523,403365,14848,7150,7698
68770,426259,22863,205099,14523,403396,14848,7150,7698
68775,426290,22863,205110,14523,403427,14848,7150,7698
68780,426321,22863,205127,14523,403458,14848,7150,7698
68785,426352,22863,205141,14523,403489,14848,7150,7698
68790,426383,22863,205157,14523,403520,14848,7150,7698
68795,426414,22863,205172,14523,403551,14848,7150,7698
68800,426445,22863,205185,14523,403582,14848,7150,7698
68805,426476,22863,205200,14523,403613,14848,7150,7698
68810,426507,22863,205215,14523,403644,14848,7150,7698
68815,426538,22865,205229,14524,403673,14848,7150,7698
68820,426569,22866,205245,14525,403703,14848,7150,7698
68825,426600,22868,205257,14527,403732,14849,7151,7698
68830,426631,22869,205271,14528,403762,14850,7152,7698
68835,426662,22871,205285,14529,403790,14851,7152,7699
68840,426693,22874,205299,14530,403818,14852,7153,7699
68845,426724,22878,205315,14533,403845,14853,7154,7699
68850,426755,22881,205326,14536,403874,14854,7155,7699
68855,426786,22883,205339,14538,403902,14854,7155,7699
68860,426817,22888,205354,14541,403928,14854,7155,7699
68865,426848,22893,205371,14544,403955,14854,7155,7699
68870,426879,22898,205385,14548,403981,14854,7155,7699
68875,426910,22901,205402,14551,404009,14854,7155,7699
68880,426941,22906,205417,14554,404035,14854,7155,7699
68885,426972,22908,205429,14554,404064,14854,7155,7699
68890,427003,22911,205444,14556,404092,14854,7155,7699
68895,427034,22913,205455,14557,404121,14854,7155,7699
68900,427065,22916,205470,14558,404149,14854,7155,7699
68905,427096,22919,205482,14560,404177,14854,7155,7699
68910,427127,22921,205498,14562,404206,14854,7155,7699
68915,427158,22923,205511,14562,404235,14854,7155,7699
68920,427189,22925,205523,14563,404264,14854,7155,7699
68925,427220,22927,205534,14565,404293,14854,7155,7699
68930,427251,22929,205549,14566,404322,14854,7155,7699
68935,427282,22931,205566,14567,404351,14854,7155,7699
68940,427313,22933,205579,14567,404380,14854,7155,7699
68945,427344,22935,205594,14569,404409,14854,7155,7699
68950,427375,22937,205607,14569,404438,14854,7155,7699
68955,427406,22940,205622,14571,404466,14855,7155,7700
68960,427437,22943,205639,14572,404494,14856,7155,7701
68965,427468,22945,205653,14573,404523,14857,7156,7701
68970,427499,22948,205665,14575,404551,14858,7156,7702
68975,427530,22950,205676,14576,404580,14859,7156,7703
68980,427561,22952,205691,14577,404609,14860,7156,7704
68985,427592,22955,205708,14580,404636,14861,7157,7704
68990,427623,22959,205723,14583,404663,14862,7157,7705
68995,427654,22963,205735,14585,404691,14863,7157,7706
69000,427685,22966,205749,14587,404719,14864,7157,7707
69005,427716,22967,205762,14588,404748,14865,7158,7707
69010,427747,22970,205774,14591,404777,14866,7158,7708
69015,427778,22972,205795,14593,404806,14867,7159,7708
69020,427809,22974,205808,14595,404835,14867,7159,7708
69025,427840,22975,205824,14596,404865,14867,7159,7708
69030,427871,22976,205838,14596,404895,14867,7159,7708
69035,427902,22977,205848,14596,404925,14867,7159,7708
69040,427933,22980,205862,14599,404953,14867,7159,7708
69045,427964,22981,205872,14599,404983,14867,7159,7708
69050,427995,22983,205888,14600,405012,14867,7159,7708
69055,428026,22983,205903,14600,405043,14867,7159,7708
69060,428057,22983,205918,14600,405074,14867,7159,7708
69065,428088,22983,205934,14600,405105,14867,7159,7708
69070,428119,22983,205953,14600,405136,14867,7159,7708
69075,428150,22983,205968,14600,405167,14867,7159,7708
69080,428181,22983,205987,14600,405198,14867,7159,7708
69085,428212,22983,205998,14600,405229,14867,7159,7708
69090,428243,22983,206010,14600,405260,14867,7159,7708
69095,428274,22983,206024,14600,405291,14867,7159,7708
69100,428305,22983,206044,14600,405322,14867,7159,7708
69105,428336,22984,206061,14600,405352,14867,7159,7708
69110,428367,22986,206076,14602,405381,14867,7159,7708
69115,428398,22988,206091,14603,405410,14867,7159,7708
69120,428429,22992,206106,14607,405437,14868,7160,7708
69125,428460,22995,206122,14609,405465,14869,7161,7708
69130,428491,22997,206140,14610,405494,14870,7161,7709
69135,428522,23000,206154,14612,405522,14871,7162,7709
69140,428553,23003,206169,14614,405550,14872,7162,7710
69145,428584,23005,206184,14615,405579,14873,7162,7711
69150,428615,23008,206203,14616,405607,14874,7162,7712
69155,428646,23011,206220,14618,405635,14875,7163,7712
69160,428677,23013,206233,14619,405664,14876,7164,7712
69165,428708,23015,206252,14621,405693,14877,7165,7712
69170,428739,23018,206267,14622,405721,14878,7165,7713
69175,428770,23021,206286,14623,405749,14879,7165,7714
69180,428801,23025,206301,14625,405776,14880,7165,7715
69185,428832,23026,206313,14625,405806,14881,7165,7716
69190,428863,23028,206326,14626,405835,14881,7165,7716
69195,428894,23029,206345,14626,405864,14881,7165,7716
69200,428925,23031,206365,14627,405893,14881,7165,7716
69205,428956,23033,206376,14629,405922,14881,7165,7716
69210,428987,23035,206389,14631,405952,14881,7165,7716
69215,429018,23036,206404,14632,405982,14881,7165,7716
69220,429049,23037,206415,14633,406012,14881,7165,7716
69225,429080,23038,206431,14634,406041,14881,7165,7716
69230,429111,23040,206441,14636,406071,14881,7165,7716
69235,429142,23041,206456,14637,406100,14881,7165,7716
69240,429173,23043,206471,14639,406129,14881,7165,7716
69245,429204,23045,206479,14641,406159,14881,7165,7716
69250,429235,23046,206494,14641,406189,14881,7165,7716
69255,429266,23047,206507,14641,406219,14881,7165,7716
69260,429297,23048,206524,14642,406249,14881,7165,7716
69265,429328,23049,206540,14642,406279,14881,7165,7716
69270,429359,23050,206550,14642,406309,14881,7165,7716
69275,429390,23051,206560,14643,406339,14881,7165,7716
69280,429421,23052,206573,14644,406369,14881,7165,7716
69285,429452,23054,206585,14644,406398,14881,7165,7716
69290,429483,23057,206593,14647,406426,14882,7165,7717
69295,429514,23059,206608,14648,406454,14883,7166,7717
69300,429545,23062,206624,14651,406483,14884,7167,7717
69305,429576,23065,206637,14653,406511,14885,7168,7717
69310,429607,23067,206650,14653,406540,14886,7169,7717
69315,429638,23069,206659,14653,406569,14887,7169,7718
69320,429669,23072,206671,14655,406597,14888,7170,7718
69325,429700,23075,206683,14657,406625,14889,7170,7719
69330,429731,23077,206698,14658,406654,14890,7170,7720
69335,429762,23080,206718,14659,406682,14891,7171,7720
69340,429793,23083,206732,14660,406710,14892,7172,7720
69345,429824,23085,206744,14661,406739,14893,7172,7721
69350,429855,23088,206759,14663,406767,14894,7173,7721
69355,429886,23091,206773,14665,406795,14895,7174,7721
69360,429917,23093,206787,14666,406824,14896,7174,7722
69365,429948,23095,206807,14667,406853,14897,7175,7722
69370,429979,23096,206817,14668,406883,14898,7175,7723
69375,430010,23097,206834,14668,406913,14899,7176,7723
69380,430041,23098,206850,14668,406943,14900,7177,7723
69385,430072,23099,206865,14668,406973,14901,7178,7723
69390,430103,23101,206882,14669,407002,14902,7179,7723
69395,430134,23102,206897,14669,407032,14902,7179,7723
69400,430165,23104,206913,14671,407061,14902,7179,7723
69405,430196,23105,206928,14671,407090,14902,7179,7723
69410,430227,23108,206935,14673,407118,14902,7179,7723
69415,430258,23111,206949,14675,407146,14902,7179,7723
69420,430289,23113,206962,14676,407175,14902,7179,7723
69425,430320,23117,206980,14679,407203,14902,7179,7723
69430,430351,23120,206993,14680,407231,14902,7179,7723
69435,430382,23123,207009,14682,407259,14902,7179,7723
69440,430413,23127,207024,14685,407286,14902,7179,7723
69445,430444,23132,207043,14689,407312,14902,7179,7723
69450,430475,23136,207056,14693,407339,14902,7179,7723
69455,430506,23139,207071,14695,407367,14902,7179,7723
69460,430537,23141,207084,14696,407396,14902,7179,7723
69465,430568,23143,207099,14698,407425,14902,7179,7723
69470,430599,23143,207112,14698,407456,14902,7179,7723
69475,430630,23143,207130,14698,407487,14902,7179,7723
69480,430661,23143,207142,14698,407518,14902,7179,7723
69485,430692,23143,207157,14698,407549,14902,7179,7723
69490,430723,23143,207176,14698,407580,14902,7179,7723
69495,430754,23143,207193,14698,407611,14903,7180,7723
69500,430785,23143,207208,14698,407642,14904,7181,7723
69505,430816,23143,207224,14698,407673,14905,7182,7723
69510,430847,23143,207244,14698,407704,14906,7183,7723
69515,430878,23143,207260,14698,407735,14907,7183,7724
69520,430909,23143,207276,14698,407766,14908,7183,7725
69525,430940,23144,207292,14698,407796,14908,7183,7725
69530,430971,23146,207309,14700,407825,14908,7183,7725
69535,431002,23147,207319,14700,407854,14908,7183,7725
69540,431033,23149,207335,14702,407883,14908,7183,7725
69545,431064,23154,207353,14707,407910,14908,7183,7725
69550,431095,23158,207370,14710,407937,14908,7183,7725
69555,431126,23162,207383,14712,407964,14908,7183,7725
69560,431157,23163,207399,14713,407993,14908,7183,7725
69565,431188,23167,207417,14716,408021,14908,7183,7725
69570,431219,23169,207430,14716,408050,14908,7183,7725
69575,431250,23171,207446,14717,408079,14908,7183,7725
69580,431281,23173,207460,14718,408108,14908,7183,7725
69585,431312,23176,207477,14720,408136,14908,7183,7725
69590,431343,23179,207494,14722,408164,14908,7183,7725
69595,431374,23182,207511,14724,408192,14908,7183,7725
69600,431405,23184,207528,14725,408221,14908,7183,7725
69605,431436,23186,207546,14727,408250,14908,7183,7725
69610,431467,23188,207556,14727,408279,14908,7183,7725
69615,431498,23190,207573,14729,408308,14908,7183,7725
69620,431529,23192,207584,14729,408337,14908,7183,7725
69625,431560,23194,207601,14730,408366,14908,7183,7725
69630,431591,23195,207620,14730,408396,14908,7183,7725
69635,431622,23197,207636,14731,408425,14908,7183,7725
69640,431653,23199,207653,14732,408454,14908,7183,7725
69645,431684,23200,207666,14732,408484,14908,7183,7725
69650,431715,23201,207683,14733,408514,14908,7183,7725
69655,431746,23203,207701,14735,408543,14908,7183,7725
69660,431777,23204,207717,14736,408573,14908,7183,7725
69665,431808,23207,207736,14738,408600,14908,7183,7725
69670,431839,23208,207752,14739,408631,14908,7183,7725
69675,431870,23208,207765,14739,408662,14908,7183,7725
69680,431901,23208,207778,14739,408693,14908,7183,7725
69685,431932,23208,207797,14739,408724,14908,7183,7725
69690,431963,23208,207811,14739,408755,14908,7183,7725
69695,431994,23208,207829,14739,408786,14908,7183,7725
69700,432025,23208,207849,14739,408817,14908,7183,7725
69705,432056,23208,207860,14739,408848,14908,7183,7725
69710,432087,23208,207878,14739,408879,14908,7183,7725
69715,432118,23208,207891,14739,408910,14908,7183,7725
69720,432149,23208,207904,14739,408941,14908,7183,7725
69725,432180,23208,207913,14739,408972,14908,7183,7725
69730,432211,23208,207924,14739,409003,14908,7183,7725
69735,432242,23208,207939,14739,409034,14908,7183,7725
69740,432273,23208,207956,14739,409065,14908,7183,7725
69745,432304,23208,207976,14739,409096,14908,7183,7725
69750,432335,23208,207985,14739,409127,14908,7183,7725
69755,432366,23208,208002,14739,409158,14908,7183,7725
69760,432397,23208,208008,14739,409189,14908,7183,7725
69765,432428,23209,208023,14739,409218,14908,7183,7725
69770,432459,23211,208031,14740,409248,14908,7183,7725
69775,432490,23214,208044,14741,409275,14908,7183,7725
69780,432521,23220,208060,14745,409301,14908,7183,7725
69785,432552,23223,208073,14748,409329,14908,7183,7725
69790,432583,23227,208084,14750,409356,14908,7183,7725
69795,432614,23230,208101,14751,409384,14908,7183,7725
69800,432645,23233,208116,14753,409412,14908,7183,7725
69805,432676,23235,208132,14755,409441,14909,7183,7726
69810,432707,23237,208141,14756,409470,14910,7183,7727
69815,432738,23240,208160,14758,409498,14911,7184,7727
69820,432769,23243,208177,14761,409526,14912,7185,7727
69825,432800,23246,208189,14763,409554,14912,7185,7727
69830,432831,23248,208204,14764,409583,14912,7185,7727
69835,432862,23250,208221,14766,409612,14912,7185,7727
69840,432893,23252,208236,14767,409641,14912,7185,7727
69845,432924,23255,208251,14769,409669,14912,7185,7727
69850,432955,23256,208263,14769,409699,14912,7185,7727
69855,432986,23257,208279,14770,409729,14912,7185,7727
69860,433017,23258,208293,14770,409759,14912,7185,7727
69865,433048,23259,208307,14771,409789,14912,7185,7727
69870,433079,23260,208319,14771,409819,14912,7185,7727
69875,433110,23261,208337,14772,409849,14912,7185,7727
69880,433141,23262,208351,14772,409879,14912,7185,7727
69885,433172,23264,208366,14774,409908,14912,7185,7727
69890,433203,23265,208379,14774,409938,14912,7185,7727
69895,433234,23268,208393,14777,409966,14912,7185,7727
69900,433265,23272,208406,14781,409992,14912,7185,7727
69905,433296,23276,208421,14784,410020,14912,7185,7727
69910,433327,23278,208432,14785,410049,14912,7185,7727
69915,433358,23281,208454,14787,410077,14912,7185,7727
69920,433389,23284,208465,14789,410105,14912,7185,7727
69925,433420,23286,208479,14790,410134,14912,7185,7727
69930,433451,23288,208493,14792,410163,14912,7185,7727
69935,433482,23291,208510,14793,410191,14912,7185,7727
69940,433513,23292,208526,14793,410221,14912,7185,7727
69945,433544,23293,208535,14793,410251,14912,7185,7727
69950,433575,23294,208555,14793,410281,14912,7185,7727
69955,433606,23295,208569,14793,410311,14912,7185,7727
69960,433637,23296,208584,14794,410341,14913,7186,7727
69965,433668,23297,208602,14795,410371,14914,7187,7727
69970,433699,23298,208619,14796,410401,14915,7187,7728
69975,433730,23299,208634,14797,410431,14916,7187,7729
69980,433761,23300,208647,14798,410461,14917,7188,7729
69985,433792,23301,208666,14799,410491,14917,7188,7729
69990,433823,23302,208684,14800,410521,14917,7188,7729
69995,433854,23303,208697,14801,410551,14917,7188,7729
70000,433885,23304,208710,14801,410581,14917,7188,7729
70005,433916,23306,208722,14802,410609,14917,7188,7729
70010,433947,23310,208738,14805,410636,14917,7188,7729
70015,433978,23312,208752,14806,410666,14917,7188,7729
70020,434009,23313,208769,14807,410696,14917,7188,7729
70025,434040,23318,208784,14812,410721,14917,7188,7729
70030,434071,23321,208801,14814,410749,14917,7188,7729
70035,434102,23324,208816,14816,410777,14917,7188,7729
70040,434133,23329,208828,14820,410804,14917,7188,7729
70045,434164,23331,208843,14821,410833,14917,7188,7729
70050,434195,23335,208859,14824,410860,14917,7188,7729
70055,434226,23339,208875,14826,410887,14917,7188,7729
70060,434257,23342,208889,14829,410915,14917,7188,7729
70065,434288,23344,208902,14830,410944,14917,7188,7729
70070,434319,23346,208916,14831,410973,14917,7188,7729
70075,434350,23348,208932,14832,411002,14917,7188,7729
70080,434381,23351,208953,14835,411030,14917,7188,7729
70085,434412,23351,208970,14835,411061,14918,7188,7730
70090,434443,23351,208980,14835,411092,14919,7189,7730
70095,434474,23351,208993,14835,411123,14920,7189,7731
70100,434505,23351,209009,14835,411154,14921,7190,7731
70105,434536,23351,209023,14835,411185,14922,7190,7732
70110,434567,23351,209035,14835,411216,14923,7190,7733
70115,434598,23351,209050,14835,411247,14924,7190,7734
70120,434629,23353,209068,14837,411275,14925,7191,7734
70125,434660,23355,209080,14839,411305,14926,7192,7734
70130,434691,23357,209094,14840,411334,14927,7192,7735
70135,434722,23360,209109,14842,411361,14928,7192,7736
70140,434753,23364,209118,14845,411389,14929,7193,7736
70145,434784,23365,209134,14845,411419,14930,7194,7736
70150,434815,23367,209146,14846,411448,14931,7194,7737
70155,434846,23369,209163,14848,411477,14931,7194,7737
70160,434877,23369,209174,14848,411508,14931,7194,7737
70165,434908,23369,209186,14848,411539,14931,7194,7737
70170,434939,23369,209203,14848,411570,14931,7194,7737
70175,434970,23369,209220,14848,411601,14931,7194,7737
70180,435001,23369,209236,14848,411632,14931,7194,7737
70185,435032,23369,209257,14848,411663,14931,7194,7737
70190,435063,23372,209267,14849,411691,14931,7194,7737
70195,435094,23375,209282,14852,411719,14931,7194,7737
70200,435125,23377,209294,14852,411748,14931,7194,7737
70205,435156,23380,209304,14853,411776,14931,7194,7737
70210,435187,23384,209317,14855,411803,14931,7194,7737
70215,435218,23388,209329,14856,411830,14931,7194,7737
70220,435249,23392,209341,14857,411857,14931,7194,7737
70225,435280,23396,209357,14859,411884,14931,7194,7737
70230,435311,23399,209373,14861,411912,14931,7194,7737
70235,435342,23403,209391,14864,411939,14931,7194,7737
70240,435373,23406,209404,14866,411966,14931,7194,7737
70245,435404,23410,209416,14868,411994,14931,7194,7737
70250,435435,23414,209429,14871,412021,14931,7194,7737
70255,435466,23417,209441,14873,412048,14932,7194,7738
70260,435497,23422,209462,14877,412074,14933,7195,7738
70265,435528,23424,209478,14878,412104,14934,7196,7738
70270,435559,23425,209495,14879,412134,14935,7196,7739
70275,435590,23426,209513,14880,412164,14936,7196,7740
70280,435621,23427,209529,14880,412194,14937,7196,7741
70285,435652,23428,209541,14881,412224,14938,7197,7741
70290,435683,23430,209556,14883,412253,14939,7198,7741
70295,435714,23432,209573,14884,412282,14940,7198,7742
70300,435745,23433,209587,14884,412312,14941,7199,7742
70305,435776,23435,209599,14885,412341,14942,7200,7742
70310,435807,23437,209619,14887,412370,14943,7201,7742
70315,435838,23439,209637,14889,412399,14944,7202,7742
70320,435869,23440,209654,14890,412429,14945,7203,7742
70325,435900,23445,209669,14893,412455,14946,7204,7742
70330,435931,23448,209684,14895,412483,14947,7205,7742
70335,435962,23451,209698,14897,412511,14947,7205,7742
70340,435993,23454,209717,14899,412539,14947,7205,7742
70345,436024,23456,209734,14900,412568,14947,7205,7742
70350,436055,23457,209753,14900,412598,14947,7205,7742
70355,436086,23459,209768,14902,412627,14947,7205,7742
70360,436117,23460,209780,14902,412657,14947,7205,7742
70365,436148,23462,209798,14903,412686,14947,7205,7742
70370,436179,23463,209810,14903,412716,14947,7205,7742
70375,436210,23464,209824,14903,412746,14947,7205,7742
70380,436241,23465,209841,14904,412776,14947,7205,7742
70385,436272,23466,209854,14905,412806,14947,7205,7742
70390,436303,23468,209872,14906,412835,14947,7205,7742
70395,436334,23470,209883,14907,412864,14947,7205,7742
70400,436365,23470,209901,14907,412895,14947,7205,7742
70405,436396,23470,209919,14907,412926,14947,7205,7742
70410,436427,23470,209932,14907,412957,14947,7205,7742
70415,436458,23470,209945,14907,412988,14947,7205,7742
70420,436489,23470,209961,14907,413019,14947,7205,7742
70425,436520,23470,209978,14907,413050,14947,7205,7742
70430,436551,23470,209997,14907,413081,14947,7205,7742
70435,436582,23471,210017,14907,413111,14948,7206,7742
70440,436613,23472,210033,14908,413141,14949,7206,7743
70445,436644,23477,210046,14912,413167,14950,7206,7744
70450,436675,23480,210059,14913,413195,14951,7207,7744
70455,436706,23483,210076,14916,413223,14952,7207,7745
70460,436737,23487,210094,14917,413250,14953,7208,7745
70465,436768,23490,210109,14920,413278,14954,7209,7745
70470,436799,23492,210126,14922,413307,14955,7210,7745
70475,436830,23495,210142,14924,413335,14956,7210,7746
70480,436861,23498,210155,14927,413363,14957,7211,7746
70485,436892,23501,210168,14928,413391,14958,7211,7747
70490,436923,23505,210187,14931,413418,14959,7212,7747
70495,436954,23509,210201,14935,413445,14960,7212,7748
70500,436985,23511,210217,14936,413474,14961,7213,7748
70505,437016,23514,210230,14938,413502,14961,7213,7748
70510,437047,23515,210247,14938,413532,14961,7213,7748
70515,437078,23516,210262,14939,413562,14961,7213,7748
70520,437109,23517,210279,14939,413592,14961,7213,7748
70525,437140,23518,210293,14940,413622,14961,7213,7748
70530,437171,23519,210306,14940,413652,14961,7213,7748
70535,437202,23520,210321,14940,413682,14961,7213,7748
70540,437233,23521,210336,14941,413712,14961,7213,7748
70545,437264,23522,210351,14941,413742,14961,7213,7748
70550,437295,23523,210367,14941,413771,14961,7213,7748
70555,437326,23526,210388,14944,413800,14961,7213,7748
70560,437357,23527,210402,14945,413830,14961,7213,7748
70565,437388,23528,210416,14946,413860,14961,7213,7748
70570,437419,23529,210433,14947,413889,14961,7213,7748
70575,437450,23531,210453,14949,413918,14961,7213,7748
70580,437481,23533,210470,14950,413947,14961,7213,7748
70585,437512,23535,210487,14952,413976,14961,7213,7748
70590,437543,23537,210503,14954,414005,14961,7213,7748
70595,437574,23539,210521,14955,414035,14961,7213,7748
70600,437605,23540,210537,14955,414064,14961,7213,7748
70605,437636,23542,210550,14956,414094,14962,7214,7748
70610,437667,23542,210568,14956,414125,14963,7214,7749
70615,437698,23543,210580,14956,414155,14964,7214,7750
70620,437729,23546,210596,14959,414183,14965,7214,7751
70625,437760,23547,210614,14960,414213,14965,7214,7751
70630,437791,23547,210631,14960,414244,14965,7214,7751
70635,437822,23547,210648,14960,414275,14965,7214,7751
70640,437853,23547,210661,14960,414306,14965,7214,7751
70645,437884,23547,210677,14960,414337,14965,7214,7751
70650,437915,23547,210694,14960,414368,14965,7214,7751
70655,437946,23547,210713,14960,414399,14965,7214,7751
70660,437977,23547,210727,14960,414430,14965,7214,7751
70665,438008,23547,210743,14960,414461,14965,7214,7751
70670,438039,23548,210757,14961,414491,14965,7214,7751
70675,438070,23549,210772,14962,414521,14965,7214,7751
70680,438101,23550,210786,14962,414551,14965,7214,7751
70685,438132,23551,210799,14962,414581,14965,7214,7751
70690,438163,23552,210815,14963,414611,14965,7214,7751
70695,438194,23553,210829,14963,414641,14965,7214,7751
70700,438225,23554,210839,14963,414671,14965,7214,7751
70705,438256,23555,210854,14964,414701,14965,7214,7751
70710,438287,23557,210868,14965,414730,14965,7214,7751
70715,438318,23560,210886,14968,414758,14965,7214,7751
70720,438349,23563,210902,14969,414786,14965,7214,7751
70725,438380,23566,210918,14972,414814,14966,7214,7752
70730,438411,23571,210931,14975,414840,14967,7214,7753
70735,438442,23576,210946,14979,414865,14968,7215,7753
70740,438473,23582,210962,14983,414891,14969,7215,7754
70745,438504,23585,210975,14985,414918,14970,7215,7755
70750,438535,23589,210991,14988,414945,14971,7215,7756
70755,438566,23594,211009,14992,414971,14972,7216,7756
70760,438597,23598,211028,14995,414999,14973,7217,7756
70765,438628,23601,211042,14996,415027,14974,7217,7757
70770,438659,23602,211055,14996,415057,14975,7218,7757
70775,438690,23603,211070,14997,415087,14975,7218,7757
70780,438721,23603,211082,14997,415118,14975,7218,7757
70785,438752,23603,211096,14997,415149,14975,7218,7757
70790,438783,23603,211112,14997,415180,14975,7218,7757
70795,438814,23603,211130,14997,415211,14975,7218,7757
70800,438845,23603,211144,14997,415242,14975,7218,7757
70805,438876,23603,211161,14997,415273,14975,7218,7757
70810,438907,23603,211175,14997,415304,14975,7218,7757
70815,438938,23603,211195,14997,415335,14975,7218,7757
70820,438969,23603,211210,14997,415366,14975,7218,7757
70825,439000,23603,211225,14997,415397,14975,7218,7757
70830,439031,23603,211244,14997,415428,14975,7218,7757
70835,439062,23603,211259,14997,415459,14975,7218,7757
70840,439093,23603,211277,14997,415490,14975,7218,7757
70845,439124,23603,211295,14997,415521,14975,7218,7757
70850,439155,23604,211305,14997,415551,14975,7218,7757
70855,439186,23605,211318,14998,415581,14975,7218,7757
70860,439217,23607,211338,15000,415610,14975,7218,7757
70865,439248,23609,211348,15001,415639,14975,7218,7757
70870,439279,23611,211365,15001,415668,14975,7218,7757
70875,439310,23613,211380,15002,415697,14976,7218,7758
70880,439341,23616,211397,15004,415725,14977,7219,7758
70885,439372,23620,211412,15006,415752,14978,7220,7758
70890,439403,23624,211429,15010,415779,14979,7221,7758
70895,439434,23627,211445,15011,415807,14980,7221,7759
70900,439465,23633,211466,15017,415832,14981,7221,7760
70905,439496,23639,211483,15021,415857,14982,7222,7760
70910,439527,23642,211489,15022,415885,14983,7222,7761
70915,439558,23646,211506,15025,415912,14984,7223,7761
70920,439589,23649,211515,15027,415940,14985,7223,7762
70925,439620,23651,211529,15029,415969,14986,7223,7763
70930,439651,23652,211544,15029,415999,14987,7224,7763
70935,439682,23653,211559,15029,416029,14987,7224,7763
70940,439713,23654,211573,15029,416059,14987,7224,7763
70945,439744,23655,211590,15030,416089,14987,7224,7763
70950,439775,23656,211604,15031,416119,14987,7224,7763
70955,439806,23657,211621,15032,416149,14987,7224,7763
70960,439837,23658,211633,15032,416179,14987,7224,7763
70965,439868,23659,211649,15033,416209,14987,7224,7763
70970,439899,23660,211666,15034,416239,14987,7224,7763
70975,439930,23661,211682,15034,416269,14987,7224,7763
70980,439961,23662,211698,15034,416298,14987,7224,7763
70985,439992,23665,211711,15036,416326,14987,7224,7763
70990,440023,23669,211728,15038,416354,14987,7224,7763
70995,440054,23671,211735,15038,416382,14987,7224,7763
71000,440085,23675,211752,15040,416410,14987,7224,7763
71005,440116,23678,211768,15042,416438,14987,7224,7763
71010,440147,23681,211782,15044,416466,14987,7224,7763
71015,440178,23684,211799,15047,416494,14987,7224,7763
71020,440209,23689,211819,15049,416520,14987,7224,7763
71025,440240,23694,211829,15051,416546,14987,7224,7763
71030,440271,23696,211846,15053,416575,14987,7224,7763
71035,440302,23699,211856,15056,416603,14988,7225,7763
71040,440333,23702,211870,15058,416631,14989,7226,7763
71045,440364,23705,211887,15059,416659,14989,7226,7763
71050,440395,23705,211900,15059,416690,14989,7226,7763
71055,440426,23705,211917,15059,416721,14989,7226,7763
71060,440457,23705,211935,15059,416752,14989,7226,7763
71065,440488,23705,211948,15059,416783,14989,7226,7763
71070,440519,23705,211965,15059,416814,14989,7226,7763
71075,440550,23705,211986,15059,416845,14989,7226,7763
71080,440581,23705,211999,15059,416876,14989,7226,7763
71085,440612,23705,212013,15059,416907,14989,7226,7763
71090,440643,23705,212032,15059,416938,14989,7226,7763
71095,440674,23705,212046,15059,416969,14989,7226,7763
71100,440705,23705,212052,15059,417000,14989,7226,7763
71105,440736,23705,212070,15059,417031,14989,7226,7763
71110,440767,23705,212084,15059,417062,14989,7226,7763
71115,440798,23705,212096,15059,417093,14989,7226,7763
71120,440829,23705,212111,15059,417124,14989,7226,7763
71125,440860,23705,212128,15059,417155,14989,7226,7763
71130,440891,23705,212145,15059,417186,14989,7226,7763
71135,440922,23705,212162,15059,417217,14989,7226,7763
71140,440953,23705,212180,15059,417248,14989,7226,7763
71145,440984,23707,212193,15060,417277,14989,7226,7763
71150,441015,23710,212209,15062,417305,14989,7226,7763
71155,441046,23715,212226,15066,417331,14989,7226,7763
71160,441077,23719,212238,15068,417357,14989,7226,7763
71165,441108,23724,212259,15072,417383,14989,7226,7763
71170,441139,23729,212274,15076,417410,14989,7226,7763
71175,441170,23733,212289,15080,417437,14989,7226,7763
71180,441201,23737,212303,15081,417464,14989,7226,7763
71185,441232,23740,212316,15081,417492,14989,7226,7763
71190,441263,23743,212333,15082,417520,14989,7226,7763
71195,441294,23747,212346,15083,417547,14989,7226,7763
71200,441325,23750,212358,15084,417575,14989,7226,7763
71205,441356,23752,212375,15085,417604,14989,7226,7763
71210,441387,23754,212391,15086,417633,14989,7226,7763
71215,441418,23757,212406,15088,417661,14989,7226,7763
71220,441449,23760,212422,15091,417689,14990,7227,7763
71225,441480,23762,212439,15093,417718,14991,7228,7763
71230,441511,23763,212453,15094,417748,14992,7228,7764
71235,441542,23765,212469,15095,417777,14993,7228,7765
71240,441573,23767,212487,15097,417806,14994,7229,7765
71245,441604,23768,212502,15098,417836,14995,7230,7765
71250,441635,23769,212518,15099,417866,14996,7230,7766
71255,441666,23770,212532,15100,417896,14996,7230,7766
71260,441697,23771,212549,15101,417926,14996,7230,7766
71265,441728,23772,212563,15101,417956,14996,7230,7766
71270,441759,23773,212575,15101,417986,14996,7230,7766
71275,441790,23774,212585,15101,418016,14996,7230,7766
71280,441821,23775,212600,15102,418046,14996,7230,7766
71285,441852,23776,212615,15103,418076,14996,7230,7766
71290,441883,23777,212630,15103,418106,14996,7230,7766
71295,441914,23778,212643,15104,418136,14996,7230,7766
71300,441945,23779,212659,15104,418166,14996,7230,7766
71305,441976,23780,212673,15104,418196,14996,7230,7766
71310,442007,23782,212686,15105,418225,14996,7230,7766
71315,442038,23784,212702,15107,418254,14996,7230,7766
71320,442069,23786,212715,15109,418283,14996,7230,7766
71325,442100,23789,212734,15110,418311,14996,7230,7766
71330,442131,23793,212751,15113,418337,14996,7230,7766
71335,442162,23798,212767,15116,418364,14996,7230,7766
71340,442193,23801,212777,15117,418392,14996,7230,7766
71345,442224,23803,212791,15118,418421,14996,7230,7766
71350,442255,23805,212804,15119,418450,14996,7230,7766
71355,442286,23806,212817,15120,418480,14996,7230,7766
71360,442317,23807,212831,15121,418510,14997,7231,7766
71365,442348,23808,212846,15121,418540,14998,7232,7766
71370,442379,23809,212862,15122,418570,14999,7232,7767
71375,442410,23810,212878,15122,418600,15000,7233,7767
71380,442441,23812,212893,15124,418629,15001,7234,7767
71385,442472,23813,212907,15124,418659,15002,7234,7768
71390,442503,23814,212924,15125,418689,15003,7235,7768
71395,442534,23816,212939,15127,418718,15004,7235,7769
71400,442565,23818,212951,15128,418747,15005,7236,7769
71405,442596,23821,212968,15129,418775,15005,7236,7769
71410,442627,23823,212980,15130,418804,15005,7236,7769
71415,442658,23825,212991,15131,418833,15005,7236,7769
71420,442689,23828,213003,15134,418861,15005,7236,7769
71425,442720,23831,213021,15136,418889,15005,7236,7769
71430,442751,23833,213030,15136,418918,15005,7236,7769
71435,442782,23835,213045,15138,418947,15005,7236,7769
71440,442813,23837,213064,15140,418976,15005,7236,7769
71445,442844,23839,213077,15142,419005,15005,7236,7769
71450,442875,23843,213095,15144,419032,15005,7236,7769
71455,442906,23846,213107,15145,419060,15005,7236,7769
71460,442937,23850,213122,15146,419087,15005,7236,7769
71465,442968,23852,213138,15148,419116,15005,7236,7769
71470,442999,23853,213151,15148,419146,15005,7236,7769
71475,443030,23854,213168,15149,419176,15005,7236,7769
71480,443061,23855,213180,15149,419206,15005,7236,7769
71485,443092,23856,213198,15149,419236,15005,7236,7769
71490,443123,23857,213213,15150,419266,15005,7236,7769
71495,443154,23858,213224,15150,419296,15005,7236,7769
71500,443185,23859,213238,15151,419326,15005,7236,7769
71505,443216,23860,213253,15152,419356,15005,7236,7769
71510,443247,23861,213268,15153,419386,15005,7236,7769
71515,443278,23862,213278,15154,419416,15005,7236,7769
71520,443309,23863,213290,15155,419446,15005,7236,7769
71525,443340,23865,213307,15157,419475,15006,7237,7769
71530,443371,23867,213321,15159,419504,15007,7237,7770
71535,443402,23869,213338,15161,419533,15008,7237,7771
71540,443433,23871,213358,15163,419562,15009,7237,7772
71545,443464,23872,213373,15164,419592,15010,7237,7773
71550,443495,23873,213395,15164,419622,15011,7238,7773
71555,443526,23874,213405,15165,419652,15012,7239,7773
71560,443557,23875,213418,15166,419682,15013,7240,7773
71565,443588,23877,213433,15168,419711,15014,7240,7774
71570,443619,23879,213443,15169,419740,15015,7241,7774
71575,443650,23882,213455,15172,419767,15016,7241,7775
71580,443681,23886,213471,15175,419795,15017,7242,7775
71585,443712,23891,213485,15180,419820,15017,7242,7775
71590,443743,23896,213501,15184,419846,15017,7242,7775
71595,443774,23898,213513,15186,419876,15017,7242,7775
71600,443805,23899,213527,15186,419906,15017,7242,7775
71605,443836,23900,213539,15187,419936,15017,7242,7775
71610,443867,23901,213552,15187,419966,15017,7242,7775
71615,443898,23902,213568,15188,419996,15017,7242,7775
71620,443929,23903,213587,15189,420026,15017,7242,7775
71625,443960,23904,213602,15189,420056,15017,7242,7775
71630,443991,23905,213615,15189,420086,15017,7242,7775
71635,444022,23906,213624,15190,420116,15017,7242,7775
71640,444053,23907,213636,15190,420146,15017,7242,7775
71645,444084,23908,213653,15190,420176,15017,7242,7775
71650,444115,23910,213668,15191,420205,15017,7242,7775
71655,444146,23910,213684,15191,420236,15017,7242,7775
71660,444177,23910,213697,15191,420267,15017,7242,7775
71665,444208,23910,213713,15191,420298,15017,7242,7775
71670,444239,23910,213726,15191,420329,15017,7242,7775
71675,444270,23910,213739,15191,420360,15017,7242,7775
71680,444301,23910,213753,15191,420391,15017,7242,7775
71685,444332,23910,213765,15191,420422,15018,7242,7776
71690,444363,23910,213779,15191,420453,15019,7242,7777
71695,444394,23910,213788,15191,420484,15020,7243,7777
71700,444425,23913,213808,15193,420511,15021,7244,7777
71705,444456,23917,213822,15195,420539,15022,7245,7777
71710,444487,23920,213835,15196,420567,15023,7246,7777
71715,444518,23923,213851,15198,420595,15024,7246,7778
71720,444549,23926,213862,15198,420623,15025,7247,7778
71725,444580,23929,213876,15198,420651,15026,7248,7778
71730,444611,23932,213888,15199,420679,15027,7249,7778
71735,444642,23935,213907,15200,420707,15028,7250,7778
71740,444673,23938,213922,15202,420735,15029,7250,7779
71745,444704,23941,213933,15202,420763,15030,7251,7779
71750,444735,23944,213945,15202,420791,15031,7252,7779
71755,444766,23948,213964,15205,420818,15032,7253,7779
71760,444797,23951,213982,15206,420846,15033,7254,7779
71765,444828,23953,213995,15207,420875,15034,7255,7779
71770,444859,23956,214006,15208,420903,15035,7255,7780
71775,444890,23958,214019,15209,420932,15036,7255,7781
71780,444921,23961,214034,15212,420960,15037,7256,7781
71785,444952,23963,214050,15212,420989,15038,7257,7781
71790,444983,23966,214065,15214,421017,15039,7258,7781
71795,445014,23968,214081,15216,421046,15040,7259,7781
71800,445045,23970,214095,15216,421075,15041,7260,7781
71805,445076,23972,214111,15216,421104,15042,7260,7782
71810,445107,23974,214124,15217,421133,15043,7260,7783
71815,445138,23976,214141,15218,421161,15044,7261,7783
71820,445169,23979,214158,15219,421189,15045,7262,7783
71825,445200,23980,214169,15220,421220,15045,7262,7783
71830,445231,23980,214186,15220,421251,15045,7262,7783
71835,445262,23980,214201,15220,421282,15045,7262,7783
71840,445293,23980,214215,15220,421313,15045,7262,7783
71845,445324,23980,214228,15220,421344,15045,7262,7783
71850,445355,23980,214245,15220,421375,15045,7262,7783
71855,445386,23980,214260,15220,421406,15045,7262,7783
71860,445417,23980,214274,15220,421437,15045,7262,7783
71865,445448,23980,214288,15220,421468,15045,7262,7783
71870,445479,23980,214304,15220,421499,15045,7262,7783
71875,445510,23980,214321,15220,421530,15045,7262,7783
71880,445541,23980,214334,15220,421561,15045,7262,7783
71885,445572,23980,214348,15220,421592,15045,7262,7783
71890,445603,23980,214360,15220,421623,15045,7262,7783
71895,445634,23980,214374,15220,421654,15045,7262,7783
71900,445665,23980,214388,15220,421685,15045,7262,7783
71905,445696,23980,214402,15220,421716,15045,7262,7783
71910,445727,23980,214422,15220,421747,15045,7262,7783
71915,445758,23980,214437,15220,421778,15045,7262,7783
71920,445789,23980,214453,15220,421809,15045,7262,7783
71925,445820,23982,214470,15221,421838,15046,7263,7783
71930,445851,23987,214480,15225,421864,15047,7263,7784
71935,445882,23992,214494,15228,421890,15048,7264,7784
71940,445913,23997,214512,15232,421916,15049,7265,7784
71945,445944,24000,214529,15234,421944,15050,7266,7784
71950,445975,24003,214543,15234,421972,15051,7267,7784
71955,446006,24006,214556,15236,422000,15052,7268,7784
71960,446037,24009,214571,15237,422028,15053,7268,7785
71965,446068,24012,214587,15239,422056,15054,7269,7785
71970,446099,24015,214607,15240,422084,15055,7270,7785
71975,446130,24018,214621,15242,422112,15056,7270,7786
71980,446161,24021,214633,15243,422140,15057,7271,7786
71985,446192,24025,214651,15246,422167,15058,7272,7786
71990,446223,24030,214667,15250,422193,15059,7273,7786
71995,446254,24034,214675,15252,422220,15060,7274,7786
72000,446285,24038,214691,15255,422247,15061,7274,7787
72005,446316,24041,214700,15257,422275,15062,7274,7788
72010,446347,24045,214717,15261,422302,15063,7275,7788
72015,446378,24049,214730,15265,422329,15064,7276,7788
72020,446409,24053,214750,15268,422356,15065,7277,7788
72025,446440,24056,214766,15270,422384,15066,7278,7788
72030,446471,24059,214785,15272,422412,15067,7278,7789
72035,446502,24063,214805,15274,422439,15068,7278,7790
72040,446533,24065,214822,15275,422468,15069,7278,7791
72045,446564,24067,214839,15277,422497,15069,7278,7791
72050,446595,24069,214853,15277,422525,15069,7278,7791
72055,446626,24073,214863,15280,422553,15069,7278,7791
72060,446657,24075,214879,15280,422581,15069,7278,7791
72065,446688,24077,214897,15281,422611,15069,7278,7791
72070,446719,24078,214910,15281,422640,15069,7278,7791
72075,446750,24080,214929,15283,422669,15069,7278,7791
72080,446781,24082,214942,15284,422699,15069,7278,7791
72085,446812,24083,214958,15285,422729,15069,7278,7791
72090,446843,24084,214975,15286,422759,15069,7278,7791
72095,446874,24085,214984,15286,422789,15069,7278,7791
72100,446905,24086,215004,15286,422819,15069,7278,7791
72105,446936,24087,215017,15286,422849,15069,7278,7791
72110,446967,24088,215030,15287,422879,15069,7278,7791
72115,446998,24090,215047,15289,422908,15069,7278,7791
72120,447029,24092,215062,15291,422937,15069,7278,7791
72125,447060,24093,215075,15291,422967,15069,7278,7791
72130,447091,24094,215088,15291,422997,15069,7278,7791
72135,447122,24095,215103,15292,423027,15069,7278,7791
72140,447153,24097,215121,15293,423056,15069,7278,7791
72145,447184,24099,215135,15294,423085,15069,7278,7791
72150,447215,24101,215146,15295,423114,15069,7278,7791
72155,447246,24103,215163,15297,423143,15069,7278,7791
72160,447277,24105,215179,15299,423172,15069,7278,7791
72165,447308,24107,215197,15301,423201,15069,7278,7791
72170,447339,24109,215211,15303,423230,15069,7278,7791
72175,447370,24111,215229,15304,423259,15069,7278,7791
72180,447401,24113,215241,15305,423288,15069,7278,7791
72185,447432,24116,215264,15306,423316,15069,7278,7791
72190,447463,24119,215275,15307,423343,15069,7278,7791
72195,447494,24123,215287,15309,423371,15069,7278,7791
72200,447525,24126,215301,15311,423399,15069,7278,7791
72205,447556,24129,215316,15312,423426,15069,7278,7791
72210,447587,24133,215334,15314,423454,15069,7278,7791
72215,447618,24136,215349,15314,423481,15069,7278,7791
72220,447649,24139,215362,15315,423510,15069,7278,7791
72225,447680,24142,215374,15316,423538,15069,7278,7791
72230,447711,24145,215388,15319,423566,15069,7278,7791
72235,447742,24149,215402,15322,423593,15069,7278,7791
72240,447773,24152,215417,15325,423621,15069,7278,7791
72245,447804,24156,215432,15327,423648,15069,7278,7791
72250,447835,24158,215448,15329,423677,15069,7278,7791
72255,447866,24160,215466,15331,423706,15069,7278,7791
72260,447897,24161,215482,15332,423736,15069,7278,7791
72265,447928,24162,215495,15332,423766,15069,7278,7791
72270,447959,24163,215511,15332,423796,15070,7279,7791
72275,447990,24164,215522,15332,423826,15071,7279,7792
72280,448021,24165,215535,15332,423856,15072,7279,7793
72285,448052,24166,215547,15332,423886,15073,7279,7794
72290,448083,24167,215561,15333,423916,15074,7279,7795
72295,448114,24168,215575,15333,423946,15075,7280,7795
72300,448145,24169,215586,15333,423976,15075,7280,7795
72305,448176,24169,215605,15333,424007,15075,7280,7795
72310,448207,24169,215620,15333,424038,15075,7280,7795
72315,448238,24169,215633,15333,424069,15075,7280,7795
72320,448269,24169,215649,15333,424100,15075,7280,7795
72325,448300,24169,215665,15333,424131,15075,7280,7795
72330,448331,24169,215683,15333,424162,15075,7280,7795
72335,448362,24169,215699,15333,424193,15075,7280,7795
72340,448393,24169,215717,15333,424224,15075,7280,7795
72345,448424,24170,215737,15334,424254,15075,7280,7795
72350,448455,24172,215755,15335,424283,15075,7280,7795
72355,448486,24174,215769,15335,424312,15075,7280,7795
72360,448517,24176,215787,15336,424341,15075,7280,7795
72365,448548,24178,215805,15338,424370,15075,7280,7795
72370,448579,24180,215820,15338,424399,15075,7280,7795
72375,448610,24182,215835,15338,424428,15075,7280,7795
72380,448641,24184,215845,15339,424457,15075,7280,7795
72385,448672,24186,215859,15340,424486,15075,7280,7795
72390,448703,24188,215877,15341,424515,15075,7280,7795
72395,448734,24190,215887,15341,424544,15075,7280,7795
72400,448765,24192,215899,15341,424573,15075,7280,7795
72405,448796,24195,215913,15343,424601,15075,7280,7795
72410,448827,24200,215927,15346,424627,15075,7280,7795
72415,448858,24204,215941,15350,424654,15075,7280,7795
72420,448889,24211,215957,15354,424678,15075,7280,7795
72425,448920,24216,215972,15357,424703,15075,7280,7795
72430,448951,24223,215986,15362,424728,15075,7280,7795
72435,448982,24225,216002,15363,424757,15075,7280,7795
72440,449013,24226,216019,15364,424786,15075,7280,7795
72445,449044,24228,216037,15366,424815,15075,7280,7795
72450,449075,24230,216055,15368,424845,15075,7280,7795
72455,449106,24231,216069,15368,424875,15075,7280,7795
72460,449137,24232,216082,15369,424905,15075,7280,7795
72465,449168,24233,216097,15369,424934,15075,7280,7795
72470,449199,24235,216110,15370,424964,15075,7280,7795
72475,449230,24236,216129,15370,424993,15075,7280,7795
72480,449261,24238,216146,15371,425023,15075,7280,7795
72485,449292,24239,216160,15371,425053,15075,7280,7795
72490,449323,24240,216180,15371,425083,15075,7280,7795
72495,449354,24241,216197,15371,425113,15075,7280,7795
72500,449385,24242,216212,15371,425143,15075,7280,7795
72505,449416,24243,216230,15372,425173,15075,7280,7795
72510,449447,24244,216244,15373,425203,15075,7280,7795
72515,449478,24245,216260,15373,425233,15075,7280,7795
72520,449509,24246,216275,15374,425263,15075,7280,7795
72525,449540,24247,216286,15375,425293,15075,7280,7795
72530,449571,24248,216298,15375,425323,15075,7280,7795
72535,449602,24249,216312,15375,425353,15075,7280,7795
72540,449633,24252,216326,15378,425381,15075,7280,7795
72545,449664,24256,216348,15381,425408,15076,7281,7795
72550,449695,24261,216362,15384,425434,15077,7281,7796
72555,449726,24265,216377,15385,425461,15078,7282,7796
72560,449757,24271,216394,15388,425486,15079,7283,7796
72565,449788,24276,216412,15393,425512,15080,7284,7796
72570,449819,24279,216428,15395,425540,15081,7285,7796
72575,449850,24281,216437,15396,425569,15082,7285,7797
72580,449881,24284,216453,15398,425597,15082,7285,7797
72585,449912,24288,216467,15401,425624,15082,7285,7797
72590,449943,24290,216480,15401,425653,15082,7285,7797
72595,449974,24293,216500,15403,425681,15082,7285,7797
72600,450005,24296,216518,15405,425709,15082,7285,7797
72605,450036,24297,216531,15405,425739,15082,7285,7797
72610,450067,24298,216544,15406,425769,15082,7285,7797
72615,450098,24299,216558,15407,425799,15082,7285,7797
72620,450129,24300,216574,15408,425829,15082,7285,7797
72625,450160,24301,216585,15408,425859,15082,7285,7797
72630,450191,24302,216604,15409,425889,15082,7285,7797
72635,450222,24303,216617,15409,425919,15082,7285,7797
72640,450253,24304,216627,15409,425949,15082,7285,7797
72645,450284,24305,216645,15409,425979,15082,7285,7797
72650,450315,24306,216661,15409,426009,15082,7285,7797
72655,450346,24308,216677,15411,426037,15082,7285,7797
72660,450377,24310,216688,15412,426067,15082,7285,7797
72665,450408,24310,216705,15412,426098,15082,7285,7797
72670,450439,24311,216718,15412,426128,15082,7285,7797
72675,450470,24312,216734,15412,426158,15082,7285,7797
72680,450501,24313,216750,15412,426188,15082,7285,7797
72685,450532,24314,216766,15413,426218,15082,7285,7797
72690,450563,24315,216775,15413,426248,15082,7285,7797
72695,450594,24316,216795,15414,426278,15082,7285,7797
72700,450625,24317,216812,15415,426308,15082,7285,7797
72705,450656,24319,216833,15416,426337,15082,7285,7797
72710,450687,24321,216848,15418,426366,15082,7285,7797
72715,450718,24323,216866,15419,426395,15083,7285,7798
72720,450749,24326,216883,15422,426423,15084,7285,7799
72725,450780,24329,216894,15424,426451,15085,7285,7800
72730,450811,24331,216910,15425,426480,15086,7286,7800
72735,450842,24333,216924,15426,426509,15087,7286,7801
72740,450873,24338,216944,15430,426535,15088,7286,7802
72745,450904,24341,216952,15432,426563,15089,7287,7802
72750,450935,24344,216966,15433,426591,15090,7287,7803
72755,450966,24345,216977,15434,426621,15090,7287,7803
72760,450997,24345,216993,15434,426652,15090,7287,7803
72765,451028,24345,217004,15434,426683,15090,7287,7803
72770,451059,24346,217016,15435,426713,15090,7287,7803
72775,451090,24347,217032,15436,426743,15090,7287,7803
72780,451121,24348,217043,15436,426773,15090,7287,7803
72785,451152,24349,217058,15436,426802,15090,7287,7803
72790,451183,24351,217073,15438,426832,15090,7287,7803
72795,451214,24352,217087,15438,426861,15090,7287,7803
72800,451245,24354,217105,15439,426890,15090,7287,7803
72805,451276,24356,217121,15440,426919,15090,7287,7803
72810,451307,24358,217138,15442,426948,15090,7287,7803
72815,451338,24360,217150,15443,426978,15090,7287,7803
72820,451369,24361,217163,15444,427008,15090,7287,7803
72825,451400,24362,217179,15444,427037,15090,7287,7803
72830,451431,24364,217200,15446,427066,15090,7287,7803
72835,451462,24366,217215,15448,427095,15090,7287,7803
72840,451493,24368,217227,15450,427125,15090,7287,7803
72845,451524,24368,217246,15450,427156,15090,7287,7803
72850,451555,24368,217256,15450,427187,15090,7287,7803
72855,451586,24369,217268,15450,427217,15091,7288,7803
72860,451617,24370,217283,15451,427247,15092,7289,7803
72865,451648,24371,217293,15451,427277,15093,7289,7804
72870,451679,24372,217309,15452,427307,15094,7289,7805
72875,451710,24374,217330,15453,427336,15095,7289,7806
72880,451741,24375,217342,15453,427366,15096,7289,7807
72885,451772,24377,217357,15455,427395,15097,7290,7807
72890,451803,24379,217367,15456,427424,15098,7290,7808
72895,451834,24383,217380,15459,427451,15099,7291,7808
72900,451865,24388,217390,15462,427477,15100,7291,7809
72905,451896,24391,217401,15464,427505,15101,7291,7810
72910,451927,24394,217416,15467,427533,15102,7291,7811
72915,451958,24396,217432,15469,427562,15102,7291,7811
72920,451989,24399,217446,15471,427590,15102,7291,7811
72925,452020,24400,217460,15471,427620,15102,7291,7811
72930,452051,24403,217477,15473,427648,15102,7291,7811
72935,452082,24403,217491,15473,427679,15102,7291,7811
72940,452113,24403,217503,15473,427710,15102,7291,7811
72945,452144,24404,217522,15473,427740,15102,7291,7811
72950,452175,24405,217534,15474,427769,15102,7291,7811
72955,452206,24407,217547,15476,427799,15102,7291,7811
72960,452237,24408,217563,15476,427828,15102,7291,7811
72965,452268,24410,217586,15478,427857,15102,7291,7811
72970,452299,24412,217601,15480,427887,15102,7291,7811
72975,452330,24413,217617,15480,427917,15102,7291,7811
72980,452361,24414,217634,15481,427946,15102,7291,7811
72985,452392,24416,217647,15483,427976,15102,7291,7811
72990,452423,24417,217659,15483,428006,15102,7291,7811
72995,452454,24418,217671,15483,428036,15102,7291,7811
73000,452485,24419,217679,15483,428066,15102,7291,7811
73005,452516,24420,217692,15483,428095,15102,7291,7811
73010,452547,24422,217709,15485,428125,15102,7291,7811
73015,452578,24423,217720,15485,428155,15103,7291,7812
73020,452609,24425,217735,15486,428184,15104,7292,7812
73025,452640,24429,217750,15489,428210,15105,7292,7813
73030,452671,24434,217763,15491,428237,15106,7293,7813
73035,452702,24439,217775,15494,428263,15107,7293,7814
73040,452733,24444,217789,15496,428289,15108,7294,7814
73045,452764,24447,217799,15497,428317,15109,7294,7815
73050,452795,24451,217817,15500,428344,15110,7294,7816
73055,452826,24454,217833,15502,428372,15111,7295,7816
73060,452857,24457,217847,15504,428400,15111,7295,7816
73065,452888,24460,217861,15505,428428,15111,7295,7816
73070,452919,24463,217875,15507,428456,15111,7295,7816
73075,452950,24466,217889,15509,428484,15111,7295,7816
73080,452981,24469,217902,15512,428512,15111,7295,7816
73085,453012,24472,217918,15514,428540,15111,7295,7816
73090,453043,24472,217933,15514,428571,15111,7295,7816
73095,453074,24472,217946,15514,428602,15111,7295,7816
73100,453105,24472,217965,15514,428633,15111,7295,7816
73105,453136,24472,217981,15514,428664,15111,7295,7816
73110,453167,24472,217994,15514,428695,15111,7295,7816
73115,453198,24472,218010,15514,428726,15111,7295,7816
73120,453229,24472,218028,15514,428757,15111,7295,7816
73125,453260,24472,218045,15514,428788,15111,7295,7816
73130,453291,24472,218056,15514,428819,15111,7295,7816
73135,453322,24472,218068,15514,428850,15111,7295,7816
73140,453353,24472,218084,15514,428881,15111,7295,7816
73145,453384,24472,218097,15514,428912,15111,7295,7816
73150,453415,24472,218113,15514,428943,15111,7295,7816
73155,453446,24473,218123,15514,428972,15111,7295,7816
73160,453477,24475,218139,15516,429002,15111,7295,7816
73165,453508,24476,218155,15516,429031,15111,7295,7816
73170,453539,24479,218173,15519,429060,15111,7295,7816
73175,453570,24481,218184,15520,429089,15112,7295,7817
73180,453601,24483,218199,15521,429118,15113,7296,7817
73185,453632,24484,218218,15521,429148,15114,7297,7817
73190,453663,24487,218231,15523,429176,15115,7298,7817
73195,453694,24491,218249,15526,429203,15116,7298,7818
73200,453725,24496,218267,15530,429229,15117,7298,7819
73205,453756,24501,218282,15535,429255,15118,7298,7820
73210,453787,24505,218297,15538,429282,15119,7299,7820
73215,453818,24509,218309,15541,429309,15120,7300,7820
73220,453849,24513,218324,15543,429336,15121,7300,7821
73225,453880,24516,218341,15546,429364,15122,7301,7821
73230,453911,24518,218352,15548,429393,15123,7301,7822
73235,453942,24520,218368,15550,429422,15124,7302,7822
73240,453973,24523,218380,15552,429450,15125,7302,7823
73245,454004,24526,218393,15554,429478,15126,7302,7824
73250,454035,24529,218408,15556,429506,15126,7302,7824
73255,454066,24532,218418,15558,429534,15126,7302,7824
73260,454097,24536,218436,15561,429561,15126,7302,7824
73265,454128,24537,218450,15561,429590,15126,7302,7824
73270,454159,24539,218463,15563,429620,15126,7302,7824
73275,454190,24540,218480,15563,429650,15126,7302,7824
73280,454221,24541,218496,15564,429679,15126,7302,7824
73285,454252,24543,218513,15566,429709,15126,7302,7824
73290,454283,24544,218533,15567,429738,15126,7302,7824
73295,454314,24546,218548,15568,429768,15126,7302,7824
73300,454345,24548,218567,15570,429797,15126,7302,7824
73305,454376,24549,218578,15570,429826,15126,7302,7824
73310,454407,24552,218593,15573,429854,15126,7302,7824
73315,454438,24554,218605,15575,429884,15126,7302,7824
73320,454469,24556,218621,15576,429912,15126,7302,7824
73325,454500,24557,218634,15577,429943,15126,7302,7824
73330,454531,24558,218646,15578,429973,15126,7302,7824
73335,454562,24559,218661,15579,430003,15126,7302,7824
73340,454593,24560,218678,15580,430033,15126,7302,7824
73345,454624,24561,218695,15581,430063,15126,7302,7824
73350,454655,24562,218712,15581,430093,15127,7302,7825
73355,454686,24563,218723,15581,430123,15128,7303,7825
73360,454717,24564,218736,15581,430153,15129,7303,7826
73365,454748,24565,218754,15581,430183,15130,7303,7827
73370,454779,24568,218769,15583,430211,15131,7304,7827
73375,454810,24572,218788,15587,430238,15132,7305,7827
73380,454841,24576,218802,15590,430265,15133,7306,7827
73385,454872,24578,218819,15592,430294,15133,7306,7827
73390,454903,24582,218831,15594,430321,15133,7306,7827
73395,454934,24586,218844,15597,430348,15133,7306,7827
73400,454965,24588,218857,15598,430377,15133,7306,7827
73405,454996,24589,218870,15599,430407,15133,7306,7827
73410,455027,24591,218885,15601,430436,15133,7306,7827
73415,455058,24593,218901,15602,430465,15133,7306,7827
73420,455089,24593,218917,15602,430496,15133,7306,7827
73425,455120,24593,218933,15602,430527,15133,7306,7827
73430,455151,24594,218941,15602,430557,15133,7306,7827
73435,455182,24595,218954,15602,430587,15133,7306,7827
73440,455213,24596,218970,15602,430617,15133,7306,7827
73445,455244,24598,218988,15603,430646,15133,7306,7827
73450,455275,24601,219003,15606,430674,15133,7306,7827
73455,455306,24603,219017,15607,430703,15133,7306,7827
73460,455337,24606,219032,15608,430731,15133,7306,7827
73465,455368,24608,219044,15608,430760,15133,7306,7827
73470,455399,24611,219064,15611,430788,15133,7306,7827
73475,455430,24613,219077,15611,430817,15133,7306,7827
73480,455461,24615,219095,15612,430846,15133,7306,7827
73485,455492,24617,219111,15612,430874,15134,7307,7827
73490,455523,24620,219128,15615,430902,15135,7308,7827
73495,455554,24623,219148,15618,430931,15136,7309,7827
73500,455585,24625,219162,15620,430959,15137,7309,7828
73505,455616,24627,219173,15621,430989,15138,7309,7829
73510,455647,24628,219187,15622,431019,15139,7310,7829
73515,455678,24629,219204,15622,431049,15140,7310,7830
73520,455709,24631,219219,15624,431078,15141,7310,7831
73525,455740,24632,219237,15624,431108,15142,7311,7831
73530,455771,24633,219250,15625,431138,15143,7312,7831
73535,455802,24635,219263,15626,431167,15144,7312,7832
73540,455833,24637,219279,15628,431196,15145,7313,7832
73545,455864,24640,219293,15630,431224,15145,7313,7832
73550,455895,24643,219308,15632,431252,15145,7313,7832
73555,455926,24644,219318,15633,431282,15145,7313,7832
73560,455957,24646,219332,15635,431311,15145,7313,7832
73565,455988,24647,219347,15636,431341,15145,7313,7832
73570,456019,24647,219364,15636,431372,15145,7313,7832
73575,456050,24647,219381,15636,431403,15145,7313,7832
73580,456081,24647,219396,15636,431434,15145,7313,7832
73585,456112,24647,219412,15636,431465,15145,7313,7832
73590,456143,24647,219425,15636,431496,15145,7313,7832
73595,456174,24647,219437,15636,431527,15145,7313,7832
73600,456205,24648,219452,15637,431557,15145,7313,7832
73605,456236,24649,219469,15638,431587,15145,7313,7832
73610,456267,24651,219487,15639,431616,15145,7313,7832
73615,456298,24653,219501,15640,431645,15145,7313,7832
73620,456329,24655,219514,15641,431674,15145,7313,7832
73625,456360,24658,219531,15643,431702,15145,7313,7832
73630,456391,24661,219544,15645,431730,15145,7313,7832
73635,456422,24663,219562,15646,431759,15145,7313,7832
73640,456453,24666,219578,15647,431786,15145,7313,7832
73645,456484,24670,219591,15650,431814,15146,7313,7833
73650,456515,24673,219603,15651,431842,15147,7314,7833
73655,456546,24675,219616,15652,431871,15148,7315,7833
73660,456577,24678,219632,15654,431898,15149,7316,7833
73665,456608,24681,219643,15657,431927,15150,7317,7833
73670,456639,24684,219657,15658,431955,15151,7317,7834
73675,456670,24688,219670,15661,431982,15152,7317,7835
73680,456701,24691,219683,15662,432010,15153,7318,7835
73685,456732,24693,219696,15663,432039,15154,7318,7836
73690,456763,24695,219712,15664,432068,15155,7319,7836
73695,456794,24697,219727,15665,432097,15155,7319,7836
73700,456825,24699,219741,15667,432126,15155,7319,7836
73705,456856,24702,219758,15669,432154,15155,7319,7836
73710,456887,24705,219774,15671,432182,15155,7319,7836
73715,456918,24707,219794,15672,432211,15155,7319,7836
73720,456949,24710,219813,15674,432239,15155,7319,7836
73725,456980,24712,219827,15675,432268,15155,7319,7836
73730,457011,24714,219841,15677,432297,15155,7319,7836
73735,457042,24717,219856,15679,432325,15155,7319,7836
73740,457073,24720,219869,15681,432353,15155,7319,7836
73745,457104,24722,219883,15682,432382,15155,7319,7836
73750,457135,24723,219897,15683,432412,15155,7319,7836
73755,457166,24724,219909,15683,432442,15155,7319,7836
73760,457197,24725,219924,15684,432472,15155,7319,7836
73765,457228,24726,219942,15685,432502,15155,7319,7836
73770,457259,24727,219957,15686,432532,15155,7319,7836
73775,457290,24728,219975,15686,432562,15155,7319,7836
73780,457321,24729,219991,15686,432592,15155,7319,7836
73785,457352,24731,220005,15687,432621,15155,7319,7836
73790,457383,24733,220019,15688,432650,15155,7319,7836
73795,457414,24736,220033,15690,432678,15156,7319,7837
73800,457445,24738,220046,15690,432707,15157,7319,7838
73805,457476,24742,220065,15693,432734,15158,7320,7838
73810,457507,24744,220077,15694,432763,15159,7320,7839
73815,457538,24747,220092,15695,432791,15160,7320,7840
73820,457569,24749,220105,15697,432820,15161,7321,7840
73825,457600,24752,220123,15700,432848,15162,7321,7841
73830,457631,24753,220138,15701,432878,15163,7322,7841
73835,457662,24754,220154,15701,432908,15164,7323,7841
73840,457693,24756,220167,15703,432937,15164,7323,7841
73845,457724,24757,220182,15704,432967,15164,7323,7841
73850,457755,24760,220200,15706,432995,15164,7323,7841
73855,457786,24763,220217,15708,433023,15164,7323,7841
73860,457817,24765,220227,15708,433052,15164,7323,7841
73865,457848,24768,220244,15710,433080,15164,7323,7841
73870,457879,24769,220255,15710,433110,15164,7323,7841
73875,457910,24770,220270,15710,433140,15164,7323,7841
73880,457941,24771,220283,15711,433170,15164,7323,7841
73885,457972,24772,220302,15712,433200,15164,7323,7841
73890,458003,24773,220316,15712,433230,15164,7323,7841
73895,458034,24774,220331,15712,433260,15164,7323,7841
73900,458065,24775,220346,15713,433290,15164,7323,7841
73905,458096,24776,220361,15713,433320,15164,7323,7841
73910,458127,24777,220374,15714,433350,15164,7323,7841
73915,458158,24778,220386,15714,433380,15164,7323,7841
73920,458189,24779,220401,15715,433409,15164,7323,7841
73925,458220,24782,220419,15717,433438,15164,7323,7841
73930,458251,24784,220434,15718,433467,15164,7323,7841
73935,458282,24787,220453,15719,433494,15164,7323,7841
73940,458313,24791,220469,15721,433521,15165,7323,7842
73945,458344,24795,220489,15724,433548,15166,7323,7843
73950,458375,24799,220503,15727,433576,15167,7323,7844
73955,458406,24802,220520,15729,433604,15168,7324,7844
73960,458437,24805,220533,15731,433632,15169,7325,7844
73965,458468,24808,220548,15733,433660,15170,7325,7845
73970,458499,24812,220566,15735,433687,15171,7325,7846
73975,458530,24816,220581,15739,433714,15172,7326,7846
73980,458561,24821,220600,15743,433740,15173,7327,7846
73985,458592,24822,220616,15743,433770,15174,7327,7847
73990,458623,24824,220629,15745,433799,15175,7327,7848
73995,458654,24826,220639,15746,433828,15176,7328,7848
74000,458685,24827,220653,15746,433858,15177,7329,7848
74005,458716,24828,220664,15746,433888,15178,7329,7849
74010,458747,24829,220679,15747,433918,15178,7329,7849
74015,458778,24832,220696,15750,433946,15178,7329,7849
74020,458809,24832,220708,15750,433977,15178,7329,7849
74025,458840,24832,220723,15750,434008,15178,7329,7849
74030,458871,24832,220738,15750,434039,15178,7329,7849
74035,458902,24832,220756,15750,434070,15178,7329,7849
74040,458933,24832,220773,15750,434101,15178,7329,7849
74045,458964,24832,220792,15750,434132,15178,7329,7849
74050,458995,24832,220808,15750,434163,15178,7329,7849
74055,459026,24832,220818,15750,434194,15178,7329,7849
74060,459057,24832,220833,15750,434225,15178,7329,7849
74065,459088,24832,220854,15750,434256,15178,7329,7849
74070,459119,24832,220867,15750,434287,15178,7329,7849
74075,459150,24832,220880,15750,434318,15178,7329,7849
74080,459181,24832,220892,15750,434349,15178,7329,7849
74085,459212,24832,220908,15750,434380,15178,7329,7849
74090,459243,24835,220923,15752,434408,15178,7329,7849
74095,459274,24837,220935,15752,434437,15178,7329,7849
74100,459305,24839,220948,15753,434466,15178,7329,7849
74105,459336,24841,220968,15755,434495,15179,7330,7849
74110,459367,24844,220982,15756,434523,15180,7331,7849
74115,459398,24846,220999,15757,434551,15181,7331,7850
74120,459429,24851,221015,15760,434578,15182,7331,7851
74125,459460,24854,221030,15762,434606,15183,7332,7851
74130,459491,24857,221050,15763,434634,15184,7333,7851
74135,459522,24861,221061,15765,434661,15185,7334,7851
74140,459553,24865,221076,15768,434688,15186,7334,7852
74145,459584,24869,221088,15769,434715,15187,7334,7853
74150,459615,24874,221104,15773,434741,15188,7335,7853
74155,459646,24879,221114,15775,434767,15189,7336,7853
74160,459677,24883,221127,15777,434794,15190,7336,7854
74165,459708,24887,221139,15780,434821,15190,7336,7854
74170,459739,24889,221155,15781,434850,15190,7336,7854
74175,459770,24892,221170,15782,434878,15190,7336,7854
74180,459801,24894,221187,15782,434907,15190,7336,7854
74185,459832,24896,221202,15782,434936,15190,7336,7854
74190,459863,24898,221216,15782,434965,15190,7336,7854
74195,459894,24900,221228,15782,434994,15190,7336,7854
74200,459925,24902,221245,15783,435023,15190,7336,7854
74205,459956,24904,221261,15785,435052,15190,7336,7854
74210,459987,24906,221282,15786,435081,15190,7336,7854
74215,460018,24908,221298,15787,435110,15190,7336,7854
74220,460049,24910,221315,15787,435139,15190,7336,7854
74225,460080,24911,221331,15788,435168,15190,7336,7854
74230,460111,24913,221346,15789,435198,15190,7336,7854
74235,460142,24914,221363,15790,435227,15190,7336,7854
74240,460173,24916,221384,15792,435257,15190,7336,7854
74245,460204,24917,221395,15792,435287,15190,7336,7854
74250,460235,24918,221407,15793,435316,15190,7336,7854
74255,460266,24920,221423,15795,435345,15190,7336,7854
74260,460297,24922,221443,15796,435374,15190,7336,7854
74265,460328,24924,221456,15798,435404,15191,7337,7854
74270,460359,24925,221468,15798,435434,15192,7337,7855
74275,460390,24928,221484,15800,435462,15193,7337,7856
74280,460421,24930,221498,15801,435491,15194,7337,7857
74285,460452,24933,221512,15803,435519,15195,7337,7858
74290,460483,24936,221522,15804,435547,15196,7337,7859
74295,460514,24940,221539,15806,435574,15197,7337,7860
74300,460545,24943,221552,15808,435602,15198,7337,7861
74305,460576,24945,221569,15810,435631,15199,7337,7862
74310,460607,24946,221583,15810,435661,15200,7338,7862
74315,460638,24948,221596,15811,435690,15201,7339,7862
74320,460669,24950,221607,15812,435719,15202,7340,7862
74325,460700,24952,221618,15813,435748,15203,7340,7863
74330,460731,24953,221628,15813,435778,15203,7340,7863
74335,460762,24955,221641,15814,435807,15203,7340,7863
74340,460793,24958,221660,15816,435835,15203,7340,7863
74345,460824,24958,221673,15816,435866,15203,7340,7863
74350,460855,24958,221687,15816,435897,15203,7340,7863
74355,460886,24958,221696,15816,435928,15203,7340,7863
74360,460917,24958,221711,15816,435959,15203,7340,7863
74365,460948,24958,221723,15816,435990,15203,7340,7863
74370,460979,24958,221737,15816,436021,15203,7340,7863
74375,461010,24958,221755,15816,436052,15203,7340,7863
74380,461041,24958,221768,15816,436083,15203,7340,7863
74385,461072,24958,221782,15816,436113,15203,7340,7863
74390,461103,24960,221801,15818,436142,15203,7340,7863
74395,461134,24962,221821,15820,436171,15203,7340,7863
74400,461165,24965,221833,15823,436200,15203,7340,7863
74405,461196,24966,221846,15823,436230,15204,7341,7863
74410,461227,24968,221860,15824,436259,15205,7341,7864
74415,461258,24971,221872,15825,436287,15206,7341,7865
74420,461289,24974,221887,15828,436315,15207,7341,7866
74425,461320,24976,221903,15828,436344,15208,7342,7866
74430,461351,24978,221913,15829,436373,15209,7342,7867
74435,461382,24980,221928,15830,436402,15210,7342,7868
74440,461413,24982,221943,15832,436431,15211,7342,7869
74445,461444,24985,221951,15832,436459,15212,7342,7870
74450,461475,24988,221966,15834,436487,15213,7342,7871
74455,461506,24992,221976,15835,436514,15214,7343,7871
74460,461537,24996,221990,15838,436541,15215,7343,7872
74465,461568,25000,222001,15839,436568,15215,7343,7872
74470,461599,25005,222013,15843,436594,15215,7343,7872
74475,461630,25009,222028,15846,436621,15215,7343,7872
74480,461661,25012,222039,15847,436649,15215,7343,7872
74485,461692,25017,222057,15850,436675,15215,7343,7872
74490,461723,25021,222070,15852,436702,15215,7343,7872
74495,461754,25025,222084,15855,436729,15215,7343,7872
74500,461785,25028,222099,15858,436757,15215,7343,7872
74505,461816,25032,222116,15862,436784,15215,7343,7872
74510,461847,25036,222136,15865,436811,15215,7343,7872
74515,461878,25036,222147,15865,436842,15215,7343,7872
74520,461909,25036,222164,15865,436873,15215,7343,7872
74525,461940,25036,222177,15865,436904,15215,7343,7872
74530,461971,25036,222187,15865,436935,15215,7343,7872
74535,462002,25036,222202,15865,436966,15215,7343,7872
74540,462033,25036,222213,15865,436997,15215,7343,7872
74545,462064,25036,222227,15865,437028,15215,7343,7872
74550,462095,25036,222241,15865,437059,15215,7343,7872
74555,462126,25036,222256,15865,437090,15215,7343,7872
74560,462157,25036,222270,15865,437121,15215,7343,7872
74565,462188,25036,222284,15865,437152,15215,7343,7872
74570,462219,25036,222297,15865,437183,15216,7343,7873
74575,462250,25036,222314,15865,437214,15217,7344,7873
74580,462281,25036,222326,15865,437245,15218,7345,7873
74585,462312,25036,222339,15865,437276,15219,7346,7873
74590,462343,25036,222355,15865,437307,15220,7346,7874
74595,462374,25038,222372,15867,437336,15221,7346,7875
74600,462405,25040,222391,15868,437365,15222,7347,7875
74605,462436,25041,222404,15869,437395,15223,7347,7876
74610,462467,25043,222419,15870,437424,15224,7348,7876
74615,462498,25046,222434,15873,437452,15225,7349,7876
74620,462529,25049,222448,15874,437480,15226,7349,7877
74625,462560,25054,222462,15877,437506,15227,7349,7878
74630,462591,25060,222479,15881,437530,15228,7350,7878
74635,462622,25066,222494,15887,437556,15229,7350,7879
74640,462653,25071,222510,15890,437581,15230,7351,7879
74645,462684,25074,222524,15892,437610,15231,7351,7880
74650,462715,25076,222538,15893,437639,15232,7352,7880
74655,462746,25079,222556,15896,437667,15233,7352,7881
74660,462777,25081,222570,15897,437696,15233,7352,7881
74665,462808,25081,222584,15897,437727,15233,7352,7881
74670,462839,25081,222598,15897,437758,15233,7352,7881
74675,462870,25081,222614,15897,437789,15233,7352,7881
74680,462901,25081,222626,15897,437820,15233,7352,7881
74685,462932,25081,222637,15897,437851,15233,7352,7881
74690,462963,25081,222650,15897,437882,15233,7352,7881
74695,462994,25081,222663,15897,437913,15233,7352,7881
74700,463025,25081,222679,15897,437944,15233,7352,7881
74705,463056,25081,222694,15897,437975,15233,7352,7881
74710,463087,25081,222705,15897,438006,15233,7352,7881
74715,463118,25081,222721,15897,438037,15233,7352,7881
74720,463149,25081,222735,15897,438068,15233,7352,7881
74725,463180,25081,222752,15897,438099,15233,7352,7881
74730,463211,25081,222766,15897,438130,15233,7352,7881
74735,463242,25081,222779,15897,438161,15233,7352,7881
74740,463273,25081,222797,15897,438192,15233,7352,7881
74745,463304,25082,222812,15897,438222,15233,7352,7881
74750,463335,25084,222827,15898,438251,15233,7352,7881
74755,463366,25087,222844,15900,438278,15233,7352,7881
74760,463397,25090,222858,15901,438306,15234,7353,7881
74765,463428,25094,222873,15904,438334,15235,7354,7881
74770,463459,25098,222887,15906,438361,15236,7355,7881
74775,463490,25104,222904,15912,438386,15237,7355,7882
74780,463521,25108,222918,15915,438413,15238,7356,7882
74785,463552,25112,222930,15916,438440,15239,7356,7883
74790,463583,25117,222944,15920,438466,15240,7357,7883
74795,463614,25120,222960,15921,438494,15241,7357,7884
74800,463645,25125,222972,15924,438520,15242,7357,7885
74805,463676,25128,222984,15925,438548,15243,7358,7885
74810,463707,25133,222997,15930,438574,15244,7358,7886
74815,463738,25136,223013,15933,438602,15245,7359,7886
74820,463769,25139,223024,15935,438630,15246,7359,7887
74825,463800,25142,223043,15938,438658,15247,7359,7888
74830,463831,25144,223057,15939,438687,15247,7359,7888
74835,463862,25147,223073,15940,438715,15247,7359,7888
74840,463893,25150,223089,15943,438743,15247,7359,7888
74845,463924,25152,223106,15945,438772,15247,7359,7888
74850,463955,25153,223120,15945,438802,15247,7359,7888
74855,463986,25154,223133,15946,438832,15247,7359,7888
74860,464017,25155,223152,15947,438862,15247,7359,7888
74865,464048,25156,223166,15948,438892,15247,7359,7888
74870,464079,25157,223180,15948,438922,15247,7359,7888
74875,464110,25158,223191,15949,438952,15247,7359,7888
74880,464141,25159,223204,15949,438982,15247,7359,7888
74885,464172,25161,223223,15949,439011,15247,7359,7888
74890,464203,25162,223234,15950,439041,15247,7359,7888
74895,464234,25163,223248,15951,439071,15247,7359,7888
74900,464265,25164,223264,15952,439101,15247,7359,7888
74905,464296,25165,223279,15952,439131,15247,7359,7888
74910,464327,25166,223293,15952,439161,15247,7359,7888
74915,464358,25167,223305,15953,439191,15247,7359,7888
74920,464389,25168,223320,15953,439221,15247,7359,7888
74925,464420,25169,223333,15953,439251,15247,7359,7888
74930,464451,25170,223347,15953,439281,15247,7359,7888
74935,464482,25171,223365,15954,439311,15248,7359,7889
74940,464513,25172,223385,15955,439341,15249,7359,7890
74945,464544,25175,223399,15957,439369,15250,7360,7890
74950,464575,25177,223411,15959,439398,15251,7360,7891
74955,464606,25179,223422,15959,439427,15252,7360,7892
74960,464637,25181,223435,15960,439456,15253,7360,7893
74965,464668,25184,223450,15962,439484,15254,7361,7893
74970,464699,25186,223459,15964,439513,15255,7361,7894
74975,464730,25189,223473,15965,439541,15256,7361,7895
74980,464761,25192,223484,15967,439569,15257,7361,7896
74985,464792,25195,223502,15968,439597,15258,7362,7896
74990,464823,25197,223515,15969,439625,15259,7363,7896
74995,464854,25203,223532,15973,439650,15260,7363,7897
75000,464885,25206,223549,15975,439679,15261,7364,7897
75005,464916,25209,223567,15977,439707,15261,7364,7897
75010,464947,25211,223583,15978,439736,15261,7364,7897
75015,464978,25214,223597,15980,439764,15261,7364,7897
75020,465009,25216,223618,15981,439793,15261,7364,7897
75025,465040,25217,223628,15982,439823,15261,7364,7897
75030,465071,25218,223640,15983,439853,15261,7364,7897
75035,465102,25219,223655,15983,439883,15261,7364,7897
75040,465133,25220,223668,15983,439913,15261,7364,7897
75045,465164,25221,223679,15983,439943,15261,7364,7897
75050,465195,25222,223693,15984,439973,15261,7364,7897
75055,465226,25223,223709,15984,440003,15261,7364,7897
75060,465257,25224,223723,15985,440033,15261,7364,7897
75065,465288,25225,223741,15986,440063,15261,7364,7897
75070,465319,25226,223759,15987,440093,15261,7364,7897
75075,465350,25227,223770,15987,440123,15261,7364,7897
75080,465381,25228,223784,15987,440153,15261,7364,7897
75085,465412,25229,223802,15988,440183,15261,7364,7897
75090,465443,25230,223813,15988,440213,15261,7364,7897
75095,465474,25231,223831,15988,440243,15261,7364,7897
75100,465505,25233,223846,15989,440272,15261,7364,7897
75105,465536,25235,223863,15990,440301,15262,7364,7898
75110,465567,25237,223874,15990,440330,15263,7365,7898
75115,465598,25239,223889,15991,440359,15264,7366,7898
75120,465629,25242,223905,15992,440386,15265,7366,7899
75125,465660,25246,223921,15993,440413,15266,7366,7900
75130,465691,25252,223940,15998,440438,15267,7366,7901
75135,465722,25258,223955,16003,440464,15268,7367,7901
75140,465753,25260,223967,16004,440493,15269,7368,7901
75145,465784,25263,223983,16005,440521,15270,7368,7902
75150,465815,25266,224002,16008,440549,15271,7369,7902
75155,465846,25268,224021,16010,440578,15272,7370,7902
75160,465877,25272,224043,16014,440605,15273,7370,7903
75165,465908,25275,224057,16017,440633,15274,7371,7903
75170,465939,25280,224075,16021,440659,15275,7371,7904
75175,465970,25283,224083,16023,440687,15276,7372,7904
75180,466001,25285,224095,16024,440716,15277,7372,7905
75185,466032,25287,224114,16025,440745,15278,7372,7906
75190,466063,25289,224130,16026,440774,15279,7373,7906
75195,466094,25290,224145,16026,440804,15280,7374,7906
75200,466125,25291,224160,16027,440834,15281,7375,7906
75205,466156,25293,224174,16028,440863,15281,7375,7906
75210,466187,25294,224191,16029,440893,15281,7375,7906
75215,466218,25295,224211,16030,440923,15281,7375,7906
75220,466249,25295,224233,16030,440954,15281,7375,7906
75225,466280,25295,224246,16030,440985,15281,7375,7906
75230,466311,25295,224261,16030,441016,15281,7375,7906
75235,466342,25295,224274,16030,441046,15281,7375,7906
75240,466373,25297,224290,16032,441076,15281,7375,7906
75245,466404,25300,224307,16034,441104,15281,7375,7906
75250,466435,25302,224319,16035,441133,15281,7375,7906
75255,466466,25305,224336,16037,441161,15281,7375,7906
75260,466497,25308,224350,16039,441188,15281,7375,7906
75265,466528,25311,224366,16041,441217,15281,7375,7906
75270,466559,25314,224375,16042,441245,15281,7375,7906
75275,466590,25316,224389,16043,441274,15281,7375,7906
75280,466621,25319,224402,16044,441302,15281,7375,7906
75285,466652,25323,224417,16048,441329,15281,7375,7906
75290,466683,25325,224429,16048,441358,15281,7375,7906
75295,466714,25329,224446,16052,441385,15281,7375,7906
75300,466745,25331,224458,16053,441414,15281,7375,7906
75305,466776,25332,224473,16054,441444,15282,7375,7907
75310,466807,25332,224491,16054,441475,15283,7376,7907
75315,466838,25332,224504,16054,441506,15284,7376,7908
75320,466869,25332,224519,16054,441537,15285,7377,7908
75325,466900,25332,224531,16054,441568,15286,7377,7909
75330,466931,25332,224544,16054,441599,15287,7378,7909
75335,466962,25332,224561,16054,441630,15287,7378,7909
75340,466993,25332,224576,16054,441661,15287,7378,7909
75345,467024,25333,224596,16054,441691,15287,7378,7909
75350,467055,25335,224611,16056,441720,15287,7378,7909
75355,467086,25336,224625,16056,441750,15287,7378,7909
75360,467117,25337,224643,16056,441780,15287,7378,7909
75365,467148,25340,224655,16058,441807,15287,7378,7909
75370,467179,25343,224670,16060,441836,15287,7378,7909
75375,467210,25345,224686,16061,441864,15287,7378,7909
75380,467241,25349,224700,16064,441892,15287,7378,7909
75385,467272,25351,224716,16064,441920,15287,7378,7909
75390,467303,25354,224732,16067,441948,15287,7378,7909
75395,467334,25358,224750,16071,441976,15287,7378,7909
75400,467365,25360,224764,16072,442005,15287,7378,7909
75405,467396,25362,224774,16073,442034,15287,7378,7909
75410,467427,25367,224792,16076,442060,15287,7378,7909
75415,467458,25371,224809,16079,442086,15287,7378,7909
75420,467489,25375,224825,16082,442113,15287,7378,7909
75425,467520,25378,224841,16084,442142,15287,7378,7909
75430,467551,25380,224851,16084,442171,15287,7378,7909
75435,467582,25382,224866,16084,442200,15288,7379,7909
75440,467613,25384,224879,16085,442229,15289,7380,7909
75445,467644,25387,224900,16088,442257,15290,7380,7910
75450,467675,25390,224915,16090,442285,15291,7381,7910
75455,467706,25391,224928,16091,442315,15292,7382,7910
75460,467737,25393,224946,16092,442344,15293,7383,7910
75465,467768,25395,224962,16094,442373,15294,7383,7911
75470,467799,25397,224975,16095,442402,15295,7383,7912
75475,467830,25398,224991,16095,442432,15296,7383,7913
75480,467861,25400,225009,16097,442461,15297,7384,7913
75485,467892,25402,225022,16099,442490,15298,7384,7914
75490,467923,25403,225033,16100,442520,15299,7384,7915
75495,467954,25405,225053,16102,442549,15300,7384,7916
75500,467985,25406,225069,16103,442579,15301,7385,7916
75505,468016,25407,225077,16103,442609,15302,7385,7917
75510,468047,25409,225096,16104,442638,15303,7386,7917
75515,468078,25411,225108,16106,442667,15304,7386,7918
75520,468109,25411,225121,16106,442698,15305,7387,7918
75525,468140,25411,225133,16106,442729,15306,7387,7919
75530,468171,25411,225148,16106,442760,15307,7388,7919
75535,468202,25412,225165,16107,442790,15307,7388,7919
75540,468233,25413,225180,16107,442820,15307,7388,7919
75545,468264,25415,225197,16108,442848,15307,7388,7919
75550,468295,25417,225207,16110,442878,15307,7388,7919
75555,468326,25418,225217,16111,442908,15307,7388,7919
75560,468357,25420,225233,16113,442937,15307,7388,7919
75565,468388,25422,225247,16113,442966,15307,7388,7919
75570,468419,25424,225260,16114,442995,15307,7388,7919
75575,468450,25426,225272,16115,443024,15307,7388,7919
75580,468481,25428,225285,16116,443053,15307,7388,7919
75585,468512,25430,225301,16118,443082,15307,7388,7919
75590,468543,25432,225316,16119,443111,15307,7388,7919
75595,468574,25435,225335,16121,443139,15307,7388,7919
75600,468605,25438,225352,16123,443167,15307,7388,7919
75605,468636,25444,225369,16126,443192,15307,7388,7919
75610,468667,25447,225381,16128,443220,15307,7388,7919
75615,468698,25449,225399,16129,443249,15307,7388,7919
75620,468729,25452,225414,16131,443277,15307,7388,7919
75625,468760,25454,225431,16133,443306,15307,7388,7919
75630,468791,25455,225447,16133,443336,15307,7388,7919
75635,468822,25456,225461,16133,443366,15308,7388,7920
75640,468853,25457,225477,16133,443396,15309,7388,7921
75645,468884,25458,225492,16133,443426,15310,7388,7922
75650,468915,25459,225505,16134,443456,15311,7389,7922
75655,468946,25461,225518,16136,443485,15312,7390,7922
75660,468977,25463,225533,16138,443514,15313,7390,7923
75665,469008,25465,225547,16140,443543,15314,7390,7924
75670,469039,25466,225560,16141,443573,15314,7390,7924
75675,469070,25467,225570,16141,443603,15314,7390,7924
75680,469101,25469,225592,16143,443632,15314,7390,7924
75685,469132,25470,225604,16144,443662,15314,7390,7924
75690,469163,25471,225621,16144,443692,15314,7390,7924
75695,469194,25472,225638,16145,443722,15314,7390,7924
75700,469225,25475,225656,16148,443750,15314,7390,7924
75705,469256,25477,225670,16150,443779,15314,7390,7924
75710,469287,25478,225684,16150,443808,15314,7390,7924
75715,469318,25481,225696,16152,443837,15314,7390,7924
75720,469349,25483,225711,16154,443866,15314,7390,7924
75725,469380,25485,225728,16156,443895,15314,7390,7924
75730,469411,25487,225749,16158,443924,15314,7390,7924
75735,469442,25489,225768,16159,443953,15314,7390,7924
75740,469473,25491,225778,16159,443982,15314,7390,7924
75745,469504,25493,225790,16160,444011,15314,7390,7924
75750,469535,25495,225805,16161,444040,15314,7390,7924
75755,469566,25497,225818,16162,444069,15314,7390,7924
75760,469597,25499,225831,16163,444098,15314,7390,7924
75765,469628,25501,225841,16165,444127,15314,7390,7924
75770,469659,25503,225858,16167,444156,15314,7390,7924
75775,469690,25505,225874,16168,444185,15314,7390,7924
75780,469721,25508,225889,16170,444213,15314,7390,7924
75785,469752,25510,225898,16171,444242,15314,7390,7924
75790,469783,25513,225915,16173,444270,15314,7390,7924
75795,469814,25515,225931,16174,444299,15314,7390,7924
75800,469845,25518,225943,16175,444327,15314,7390,7924
75805,469876,25520,225952,16177,444356,15314,7390,7924
75810,469907,25522,225973,16177,444385,15314,7390,7924
75815,469938,25525,225988,16179,444413,15314,7390,7924
75820,469969,25529,226000,16181,444440,15314,7390,7924
75825,470000,25532,226012,16181,444468,15314,7390,7924
75830,470031,25537,226033,16184,444493,15314,7390,7924
75835,470062,25541,226045,16188,444520,15314,7390,7924
75840,470093,25546,226063,16191,444546,15314,7390,7924
75845,470124,25549,226080,16194,444575,15314,7390,7924
75850,470155,25551,226099,16196,444604,15314,7390,7924
75855,470186,25553,226118,16198,444633,15314,7390,7924
75860,470217,25554,226130,16198,444663,15314,7390,7924
75865,470248,25556,226143,16199,444692,15314,7390,7924
75870,470279,25557,226157,16199,444722,15314,7390,7924
75875,470310,25559,226171,16200,444751,15314,7390,7924
75880,470341,25560,226186,16200,444781,15314,7390,7924
75885,470372,25562,226202,16201,444810,15314,7390,7924
75890,470403,25563,226215,16202,444840,15314,7390,7924
75895,470434,25564,226229,16203,444870,15314,7390,7924
75900,470465,25565,226243,16203,444900,15314,7390,7924
75905,470496,25566,226258,16203,444929,15314,7390,7924
75910,470527,25568,226270,16205,444959,15314,7390,7924
75915,470558,25569,226287,16205,444988,15315,7390,7925
75920,470589,25571,226304,16206,445017,15316,7390,7926
75925,470620,25573,226322,16207,445046,15317,7391,7926
75930,470651,25575,226335,16208,445076,15318,7392,7926
75935,470682,25576,226349,16208,445105,15319,7392,7927
75940,470713,25578,226362,16210,445135,15320,7392,7928
75945,470744,25580,226378,16211,445163,15321,7393,7928
75950,470775,25583,226394,16213,445191,15321,7393,7928
75955,470806,25587,226407,16216,445218,15321,7393,7928
75960,470837,25590,226420,16219,445246,15321,7393,7928
75965,470868,25592,226432,16221,445276,15321,7393,7928
75970,470899,25593,226448,16221,445306,15321,7393,7928
75975,470930,25594,226462,16221,445336,15321,7393,7928
75980,470961,25595,226468,16221,445366,15321,7393,7928
75985,470992,25596,226486,16222,445396,15321,7393,7928
75990,471023,25597,226503,16223,445426,15321,7393,7928
75995,471054,25598,226515,16223,445456,15321,7393,7928
76000,471085,25599,226529,16223,445486,15321,7393,7928
76005,471116,25600,226548,16224,445516,15321,7393,7928
76010,471147,25602,226564,16226,445545,15321,7393,7928
76015,471178,25604,226581,16227,445574,15321,7393,7928
76020,471209,25606,226595,16228,445603,15321,7393,7928
76025,471240,25610,226612,16231,445630,15321,7393,7928
76030,471271,25612,226629,16233,445659,15321,7393,7928
76035,471302,25616,226643,16236,445686,15321,7393,7928
76040,471333,25620,226659,16239,445713,15321,7393,7928
76045,471364,25624,226674,16243,445740,15321,7393,7928
76050,471395,25627,226691,16246,445768,15322,7393,7929
76055,471426,25631,226710,16250,445795,15323,7394,7929
76060,471457,25633,226728,16250,445824,15324,7395,7929
76065,471488,25635,226742,16252,445853,15325,7395,7930
76070,471519,25636,226754,16252,445883,15326,7395,7931
76075,471550,25639,226769,16254,445911,15327,7395,7932
76080,471581,25640,226787,16254,445941,15328,7396,7932
76085,471612,25640,226797,16254,445972,15329,7396,7933
76090,471643,25640,226814,16254,446003,15330,7397,7933
76095,471674,25640,226828,16254,446034,15330,7397,7933
76100,471705,25640,226846,16254,446065,15330,7397,7933
76105,471736,25640,226861,16254,446096,15330,7397,7933
76110,471767,25640,226870,16254,446127,15330,7397,7933
76115,471798,25640,226891,16254,446158,15330,7397,7933
76120,471829,25640,226915,16254,446189,15330,7397,7933
76125,471860,25640,226928,16254,446220,15330,7397,7933
76130,471891,25641,226942,16254,446250,15330,7397,7933
76135,471922,25642,226953,16254,446280,15330,7397,7933
76140,471953,25643,226966,16254,446310,15330,7397,7933
76145,471984,25645,226978,16254,446339,15330,7397,7933
76150,472015,25647,226992,16255,446368,15330,7397,7933
76155,472046,25650,227007,16258,446396,15330,7397,7933
76160,472077,25652,227023,16259,446425,15330,7397,7933
76165,472108,25654,227039,16260,446454,15330,7397,7933
76170,472139,25657,227055,16263,446482,15330,7397,7933
76175,472170,25660,227069,16265,446510,15330,7397,7933
76180,472201,25663,227082,16266,446538,15330,7397,7933
76185,472232,25666,227094,16268,446566,15330,7397,7933
76190,472263,25671,227104,16271,446592,15330,7397,7933
76195,472294,25674,227113,16272,446620,15330,7397,7933
76200,472325,25677,227127,16272,446648,15330,7397,7933
76205,472356,25682,227143,16276,446674,15330,7397,7933
76210,472387,25688,227161,16280,446699,15330,7397,7933
76215,472418,25692,227176,16284,446726,15330,7397,7933
76220,472449,25695,227191,16286,446754,15330,7397,7933
76225,472480,25700,227207,16289,446780,15330,7397,7933
76230,472511,25704,227224,16292,446807,15330,7397,7933
76235,472542,25707,227241,16292,446835,15330,7397,7933
76240,472573,25711,227255,16293,446862,15330,7397,7933
76245,472604,25714,227269,16294,446890,15330,7397,7933
76250,472635,25717,227286,16296,446917,15331,7397,7934
76255,472666,25720,227300,16298,446945,15332,7398,7934
76260,472697,25724,227318,16301,446973,15333,7398,7935
76265,472728,25724,227338,16301,447004,15333,7398,7935
76270,472759,25724,227351,16301,447035,15333,7398,7935
76275,472790,25724,227362,16301,447066,15333,7398,7935
76280,472821,25724,227384,16301,447097,15333,7398,7935
76285,472852,25724,227399,16301,447128,15333,7398,7935
76290,472883,25724,227414,16301,447159,15333,7398,7935
76295,472914,25724,227437,16301,447190,15333,7398,7935
76300,472945,25724,227452,16301,447221,15333,7398,7935
76305,472976,25724,227467,16301,447252,15333,7398,7935
76310,473007,25724,227486,16301,447283,15333,7398,7935
76315,473038,25724,227499,16301,447314,15333,7398,7935
76320,473069,25724,227510,16301,447345,15333,7398,7935
76325,473100,25724,227521,16301,447376,15333,7398,7935
76330,473131,25724,227534,16301,447407,15333,7398,7935
76335,473162,25724,227547,16301,447438,15333,7398,7935
76340,473193,25724,227562,16301,447469,15333,7398,7935
76345,473224,25724,227577,16301,447500,15333,7398,7935
76350,473255,25724,227588,16301,447531,15333,7398,7935
76355,473286,25724,227603,16301,447562,15333,7398,7935
76360,473317,25724,227619,16301,447593,15333,7398,7935
76365,473348,25724,227633,16301,447624,15334,7399,7935
76370,473379,25726,227647,16302,447652,15335,7399,7936
76375,473410,25731,227661,16305,447679,15336,7399,7937
76380,473441,25737,227677,16310,447704,15337,7399,7938
76385,473472,25741,227695,16314,447731,15338,7399,7939
76390,473503,25746,227711,16318,447757,15338,7399,7939
76395,473534,25751,227731,16322,447783,15338,7399,7939
76400,473565,25755,227747,16325,447810,15338,7399,7939
76405,473596,25760,227765,16329,447836,15338,7399,7939
76410,473627,25765,227783,16334,447862,15338,7399,7939
76415,473658,25770,227796,16336,447888,15338,7399,7939
76420,473689,25774,227811,16340,447915,15338,7399,7939
76425,473720,25780,227827,16343,447940,15338,7399,7939
76430,473751,25784,227843,16344,447967,15338,7399,7939
76435,473782,25787,227862,16346,447995,15338,7399,7939
76440,473813,25788,227878,16347,448025,15338,7399,7939
76445,473844,25789,227895,16347,448055,15338,7399,7939
76450,473875,25790,227912,16348,448085,15338,7399,7939
76455,473906,25791,227931,16348,448115,15338,7399,7939
76460,473937,25792,227947,16348,448145,15338,7399,7939
76465,473968,25793,227962,16349,448175,15338,7399,7939
76470,473999,25794,227978,16349,448205,15338,7399,7939
76475,474030,25795,227992,16349,448235,15338,7399,7939
76480,474061,25796,228007,16350,448265,15338,7399,7939
76485,474092,25797,228020,16350,448295,15338,7399,7939
76490,474123,25798,228027,16350,448325,15338,7399,7939
76495,474154,25799,228037,16350,448355,15338,7399,7939
76500,474185,25800,228049,16351,448385,15338,7399,7939
76505,474216,25801,228064,16352,448414,15338,7399,7939
76510,474247,25803,228081,16354,448443,15338,7399,7939
76515,474278,25805,228099,16355,448473,15338,7399,7939
76520,474309,25806,228112,16355,448502,15338,7399,7939
76525,474340,25808,228124,16356,448532,15338,7399,7939
76530,474371,25809,228141,16357,448561,15338,7399,7939
76535,474402,25811,228153,16358,448591,15338,7399,7939
76540,474433,25812,228167,16358,448621,15338,7399,7939
76545,474464,25814,228177,16359,448650,15338,7399,7939
76550,474495,25816,228197,16361,448679,15338,7399,7939
76555,474526,25818,228214,16363,448708,15338,7399,7939
76560,474557,25820,228227,16364,448737,15338,7399,7939
76565,474588,25821,228238,16364,448767,15338,7399,7939
76570,474619,25822,228252,16364,448797,15338,7399,7939
76575,474650,25824,228264,16366,448826,15338,7399,7939
76580,474681,25825,228278,16367,448856,15338,7399,7939
76585,474712,25826,228294,16368,448886,15338,7399,7939
76590,474743,25828,228308,16369,448915,15338,7399,7939
76595,474774,25830,228322,16370,448944,15338,7399,7939
76600,474805,25831,228332,16370,448974,15338,7399,7939
76605,474836,25833,228345,16372,449003,15338,7399,7939
76610,474867,25835,228358,16372,449032,15338,7399,7939
76615,474898,25837,228371,16372,449061,15338,7399,7939
76620,474929,25840,228383,16375,449089,15338,7399,7939
76625,474960,25844,228395,16378,449116,15338,7399,7939
76630,474991,25847,228404,16378,449144,15338,7399,7939
76635,475022,25850,228419,16381,449172,15338,7399,7939
76640,475053,25854,228432,16383,449199,15338,7399,7939
76645,475084,25857,228447,16384,449227,15338,7399,7939
76650,475115,25860,228458,16385,449254,15338,7399,7939
76655,475146,25864,228470,16388,449281,15338,7399,7939
76660,475177,25868,228483,16390,449308,15338,7399,7939
76665,475208,25872,228501,16392,449335,15338,7399,7939
76670,475239,25877,228515,16396,449362,15338,7399,7939
76675,475270,25881,228530,16398,449389,15338,7399,7939
76680,475301,25884,228542,16399,449416,15338,7399,7939
76685,475332,25886,228555,16400,449445,15338,7399,7939
76690,475363,25888,228565,16401,449474,15338,7399,7939
76695,475394,25890,228583,16403,449503,15338,7399,7939
76700,475425,25892,228601,16405,449533,15338,7399,7939
76705,475456,25893,228613,16405,449563,15338,7399,7939
76710,475487,25894,228628,16406,449593,15338,7399,7939
76715,475518,25895,228645,16407,449623,15338,7399,7939
76720,475549,25896,228657,16407,449652,15338,7399,7939
76725,475580,25898,228667,16409,449681,15338,7399,7939
76730,475611,25900,228677,16410,449711,15338,7399,7939
76735,475642,25901,228692,16410,449740,15338,7399,7939
76740,475673,25903,228709,16412,449770,15338,7399,7939
76745,475704,25904,228725,16412,449800,15338,7399,7939
76750,475735,25905,228739,16413,449830,15338,7399,7939
76755,475766,25906,228755,16414,449860,15338,7399,7939
76760,475797,25907,228775,16415,449890,15338,7399,7939
76765,475828,25908,228790,16416,449920,15338,7399,7939
76770,475859,25909,228804,16416,449950,15338,7399,7939
76775,475890,25910,228816,16416,449980,15338,7399,7939
76780,475921,25911,228833,16416,450010,15338,7399,7939
76785,475952,25912,228851,16417,450040,15338,7399,7939
76790,475983,25916,228864,16419,450067,15338,7399,7939
76795,476014,25919,228878,16420,450095,15338,7399,7939
76800,476045,25921,228892,16421,450124,15338,7399,7939
76805,476076,25924,228909,16423,450152,15338,7399,7939
76810,476107,25927,228927,16425,450179,15338,7399,7939
76815,476138,25930,228942,16426,450208,15338,7399,7939
76820,476169,25932,228957,16427,450237,15338,7399,7939
76825,476200,25936,228972,16429,450264,15338,7399,7939
76830,476231,25939,228989,16431,450292,15338,7399,7939
76835,476262,25942,229004,16433,450320,15338,7399,7939
76840,476293,25945,229022,16434,450348,15338,7399,7939
76845,476324,25948,229042,16436,450376,15338,7399,7939
76850,476355,25951,229056,16438,450404,15338,7399,7939
76855,476386,25954,229075,16441,450432,15338,7399,7939
76860,476417,25958,229091,16444,450459,15338,7399,7939
76865,476448,25960,229106,16445,450488,15338,7399,7939
76870,476479,25961,229127,16446,450518,15338,7399,7939
76875,476510,25961,229143,16446,450549,15338,7399,7939
76880,476541,25961,229156,16446,450580,15338,7399,7939
76885,476572,25961,229171,16446,450611,15338,7399,7939
76890,476603,25961,229187,16446,450642,15338,7399,7939
76895,476634,25961,229203,16446,450673,15338,7399,7939
76900,476665,25961,229214,16446,450704,15338,7399,7939
76905,476696,25961,229231,16446,450735,15338,7399,7939
76910,476727,25962,229241,16447,450765,15338,7399,7939
76915,476758,25963,229254,16448,450795,15338,7399,7939
76920,476789,25964,229266,16448,450825,15338,7399,7939
76925,476820,25967,229282,16450,450853,15338,7399,7939
76930,476851,25969,229297,16451,450882,15338,7399,7939
76935,476882,25972,229308,16453,450910,15338,7399,7939
76940,476913,25975,229325,16455,450938,15338,7399,7939
76945,476944,25977,229338,16457,450967,15338,7399,7939
76950,476975,25979,229351,16457,450996,15338,7399,7939
76955,477006,25982,229366,16460,451024,15338,7399,7939
76960,477037,25983,229380,16460,451054,15338,7399,7939
76965,477068,25984,229391,16460,451084,15338,7399,7939
76970,477099,25985,229408,16461,451114,15338,7399,7939
76975,477130,25986,229424,16462,451144,15338,7399,7939
76980,477161,25988,229440,16463,451173,15338,7399,7939
76985,477192,25990,229453,16464,451202,15338,7399,7939
76990,477223,25992,229471,16465,451231,15338,7399,7939
76995,477254,25994,229487,16467,451260,15338,7399,7939
77000,477285,25996,229504,16469,451289,15338,7399,7939
77005,477316,25998,229519,16470,451318,15338,7399,7939
77010,477347,26000,229537,16472,451347,15338,7399,7939
77015,477378,26002,229554,16474,451376,15338,7399,7939
77020,477409,26004,229567,16475,451405,15338,7399,7939
77025,477440,26006,229583,16476,451434,15338,7399,7939
77030,477471,26008,229597,16478,451463,15338,7399,7939
77035,477502,26010,229609,16480,451491,15338,7399,7939
77040,477533,26013,229627,16482,451520,15338,7399,7939
77045,477564,26019,229641,16485,451545,15338,7399,7939
77050,477595,26023,229653,16489,451572,15338,7399,7939
77055,477626,26025,229664,16490,451601,15338,7399,7939
77060,477657,26028,229680,16491,451629,15338,7399,7939
77065,477688,26031,229693,16494,451657,15338,7399,7939
77070,477719,26034,229710,16497,451685,15338,7399,7939
77075,477750,26037,229727,16498,451713,15338,7399,7939
77080,477781,26039,229741,16499,451742,15338,7399,7939
77085,477812,26042,229750,16500,451770,15338,7399,7939
77090,477843,26044,229769,16500,451799,15338,7399,7939
77095,477874,26047,229783,16502,451827,15338,7399,7939
77100,477905,26049,229795,16504,451856,15338,7399,7939
77105,477936,26051,229809,16505,451885,15338,7399,7939
77110,477967,26053,229827,16506,451914,15338,7399,7939
77115,477998,26056,229844,16509,451942,15338,7399,7939
77120,478029,26057,229859,16509,451972,15338,7399,7939
77125,478060,26058,229872,16510,452002,15338,7399,7939
77130,478091,26059,229888,16510,452032,15338,7399,7939
77135,478122,26061,229900,16512,452061,15338,7399,7939
77140,478153,26063,229917,16514,452090,15338,7399,7939
77145,478184,26064,229934,16515,452120,15338,7399,7939
77150,478215,26064,229951,16515,452151,15338,7399,7939
77155,478246,26064,229964,16515,452181,15338,7399,7939
77160,478277,26066,229979,16517,452211,15338,7399,7939
77165,478308,26067,229988,16517,452241,15338,7399,7939
77170,478339,26068,230005,16517,452271,15338,7399,7939
77175,478370,26069,230019,16518,452301,15338,7399,7939
77180,478401,26071,230039,16520,452330,15338,7399,7939
77185,478432,26073,230051,16522,452359,15338,7399,7939
77190,478463,26075,230067,16524,452388,15338,7399,7939
77195,478494,26076,230080,16525,452418,15338,7399,7939
77200,478525,26077,230094,16526,452448,15338,7399,7939
77205,478556,26078,230106,16526,452478,15338,7399,7939
77210,478587,26079,230119,16526,452508,15338,7399,7939
77215,478618,26080,230131,16527,452538,15338,7399,7939
77220,478649,26082,230143,16528,452567,15338,7399,7939
77225,478680,26085,230155,16529,452595,15338,7399,7939
77230,478711,26087,230173,16529,452624,15338,7399,7939
77235,478742,26089,230189,16529,452653,15338,7399,7939
77240,478773,26092,230204,16530,452681,15338,7399,7939
77245,478804,26094,230218,16530,452710,15338,7399,7939
77250,478835,26097,230235,16532,452738,15338,7399,7939
77255,478866,26099,230249,16533,452767,15338,7399,7939
77260,478897,26102,230262,16535,452795,15338,7399,7939
77265,478928,26104,230272,16536,452824,15338,7399,7939
77270,478959,26108,230285,16538,452851,15338,7399,7939
77275,478990,26111,230301,16540,452879,15338,7399,7939
77280,479021,26113,230314,16540,452908,15338,7399,7939
77285,479052,26117,230323,16542,452935,15338,7399,7939
77290,479083,26120,230341,16545,452963,15338,7399,7939
77295,479114,26122,230353,16546,452991,15338,7399,7939
77300,479145,26126,230361,16548,453019,15338,7399,7939
77305,479176,26129,230372,16549,453047,15338,7399,7939
77310,479207,26131,230385,16550,453076,15338,7399,7939
77315,479238,26133,230405,16552,453105,15338,7399,7939
77320,479269,26135,230423,16554,453134,15338,7399,7939
77325,479300,26138,230441,16556,453162,15338,7399,7939
77330,479331,26140,230457,16556,453191,15338,7399,7939
77335,479362,26143,230474,16559,453219,15338,7399,7939
77340,479393,26145,230485,16559,453248,15338,7399,7939
77345,479424,26148,230501,16561,453276,15338,7399,7939
77350,479455,26149,230518,16561,453306,15338,7399,7939
77355,479486,26150,230535,16562,453336,15338,7399,7939
77360,479517,26151,230549,16563,453366,15338,7399,7939
77365,479548,26152,230566,16564,453396,15338,7399,7939
77370,479579,26153,230583,16564,453426,15338,7399,7939
77375,479610,26154,230599,16564,453456,15338,7399,7939
77380,479641,26154,230617,16564,453487,15338,7399,7939
77385,479672,26154,230635,16564,453518,15338,7399,7939
77390,479703,26154,230646,16564,453549,15338,7399,7939
77395,479734,26155,230662,16564,453579,15338,7399,7939
77400,479765,26156,230672,16565,453609,15338,7399,7939
77405,479796,26158,230691,16566,453638,15338,7399,7939
77410,479827,26159,230707,16567,453667,15338,7399,7939
77415,479858,26161,230720,16568,453696,15338,7399,7939
77420,479889,26164,230737,16570,453724,15338,7399,7939
77425,479920,26167,230755,16573,453752,15338,7399,7939
77430,479951,26169,230770,16575,453782,15338,7399,7939
77435,479982,26171,230785,16577,453810,15338,7399,7939
77440,480013,26174,230801,16580,453839,15338,7399,7939
77445,480044,26175,230817,16580,453869,15338,7399,7939
77450,480075,26177,230831,16581,453897,15338,7399,7939
77455,480106,26180,230850,16583,453926,15338,7399,7939
77460,480137,26181,230864,16583,453956,15338,7399,7939
77465,480168,26182,230876,16583,453986,15338,7399,7939
77470,480199,26183,230886,16583,454016,15338,7399,7939
77475,480230,26185,230901,16584,454045,15338,7399,7939
77480,480261,26187,230919,16586,454074,15338,7399,7939
77485,480292,26189,230939,16588,454103,15338,7399,7939
77490,480323,26191,230952,16590,454132,15338,7399,7939
77495,480354,26193,230965,16591,454161,15338,7399,7939
77500,480385,26194,230980,16591,454191,15338,7399,7939
77505,480416,26196,230997,16593,454220,15338,7399,7939
77510,480447,26198,231016,16594,454249,15338,7399,7939
77515,480478,26200,231034,16595,454278,15338,7399,7939
77520,480509,26202,231047,16595,454307,15338,7399,7939
77525,480540,26207,231067,16599,454333,15338,7399,7939
77530,480571,26211,231082,16603,454360,15338,7399,7939
77535,480602,26215,231093,16604,454387,15338,7399,7939
77540,480633,26220,231111,16607,454413,15338,7399,7939
77545,480664,26224,231127,16610,454440,15338,7399,7939
77550,480695,26227,231140,16611,454468,15338,7399,7939
77555,480726,26231,231156,16615,454495,15338,7399,7939
77560,480757,26235,231173,16617,454522,15338,7399,7939
77565,480788,26237,231186,16618,454551,15338,7399,7939
77570,480819,26240,231198,16620,454579,15338,7399,7939
77575,480850,26242,231214,16620,454607,15338,7399,7939
77580,480881,26247,231234,16625,454634,15338,7399,7939
77585,480912,26247,231248,16625,454665,15338,7399,7939
77590,480943,26247,231265,16625,454696,15338,7399,7939
77595,480974,26247,231284,16625,454727,15338,7399,7939
77600,481005,26247,231297,16625,454758,15338,7399,7939
77605,481036,26247,231311,16625,454789,15338,7399,7939
77610,481067,26247,231324,16625,454820,15338,7399,7939
77615,481098,26247,231338,16625,454851,15338,7399,7939
77620,481129,26247,231355,16625,454882,15338,7399,7939
77625,481160,26247,231367,16625,454913,15338,7399,7939
77630,481191,26247,231380,16625,454944,15338,7399,7939
77635,481222,26247,231397,16625,454975,15338,7399,7939
77640,481253,26247,231408,16625,455006,15338,7399,7939
77645,481284,26247,231426,16625,455037,15338,7399,7939
77650,481315,26247,231439,16625,455068,15338,7399,7939
77655,481346,26247,231453,16625,455099,15338,7399,7939
77660,481377,26247,231467,16625,455130,15338,7399,7939
77665,481408,26247,231483,16625,455161,15338,7399,7939
77670,481439,26248,231499,16625,455191,15338,7399,7939
77675,481470,26249,231510,16625,455221,15338,7399,7939
77680,481501,26250,231523,16625,455251,15338,7399,7939
77685,481532,26252,231541,16626,455280,15338,7399,7939
77690,481563,26256,231562,16628,455307,15338,7399,7939
77695,481594,26260,231575,16629,455333,15338,7399,7939
77700,481625,26265,231589,16631,455360,15338,7399,7939
77705,481656,26269,231601,16633,455387,15338,7399,7939
77710,481687,26272,231616,16634,455414,15338,7399,7939
77715,481718,26276,231629,16638,455442,15338,7399,7939
77720,481749,26280,231642,16640,455469,15338,7399,7939
77725,481780,26283,231659,16641,455497,15338,7399,7939
77730,481811,26287,231674,16643,455524,15338,7399,7939
77735,481842,26291,231687,16647,455550,15338,7399,7939
77740,481873,26296,231701,16650,455576,15338,7399,7939
77745,481904,26301,231716,16652,455603,15338,7399,7939
77750,481935,26305,231734,16655,455629,15338,7399,7939
77755,481966,26310,231745,16660,455656,15338,7399,7939
77760,481997,26311,231761,16660,455686,15338,7399,7939
77765,482028,26312,231772,16661,455716,15338,7399,7939
77770,482059,26314,231787,16663,455745,15338,7399,7939
77775,482090,26315,231801,16664,455775,15338,7399,7939
77780,482121,26317,231816,16665,455804,15338,7399,7939
77785,482152,26318,231832,16666,455834,15338,7399,7939
77790,482183,26319,231846,16666,455864,15338,7399,7939
77795,482214,26321,231861,16667,455893,15338,7399,7939
77800,482245,26323,231877,16669,455922,15338,7399,7939
77805,482276,26325,231890,16671,455951,15338,7399,7939
77810,482307,26326,231904,16672,455981,15338,7399,7939
77815,482338,26326,231920,16672,456012,15338,7399,7939
77820,482369,26326,231932,16672,456043,15338,7399,7939
77825,482400,26326,231950,16672,456074,15338,7399,7939
77830,482431,26326,231964,16672,456105,15338,7399,7939
77835,482462,26326,231984,16672,456136,15338,7399,7939
77840,482493,26326,231993,16672,456167,15338,7399,7939
77845,482524,26326,232006,16672,456198,15338,7399,7939
77850,482555,26326,232023,16672,456229,15338,7399,7939
77855,482586,26328,232039,16673,456258,15338,7399,7939
77860,482617,26330,232051,16673,456287,15338,7399,7939
77865,482648,26332,232065,16674,456316,15338,7399,7939
77870,482679,26334,232083,16675,456344,15338,7399,7939
77875,482710,26338,232098,16677,456372,15338,7399,7939
77880,482741,26340,232113,16678,456401,15338,7399,7939
77885,482772,26342,232129,16680,456429,15338,7399,7939
77890,482803,26345,232141,16682,456457,15338,7399,7939
77895,482834,26348,232156,16685,456486,15338,7399,7939
77900,482865,26350,232169,16687,456514,15338,7399,7939
77905,482896,26353,232184,16689,456543,15338,7399,7939
77910,482927,26355,232196,16689,456571,15338,7399,7939
77915,482958,26358,232211,16691,456600,15338,7399,7939
77920,482989,26362,232228,16694,456627,15338,7399,7939
77925,483020,26366,232247,16697,456653,15338,7399,7939
77930,483051,26370,232263,16699,456681,15338,7399,7939
77935,483082,26372,232278,16700,456710,15338,7399,7939
77940,483113,26374,232297,16702,456738,15338,7399,7939
77945,483144,26377,232315,16704,456767,15338,7399,7939
77950,483175,26379,232329,16705,456796,15338,7399,7939
77955,483206,26381,232342,16706,456824,15338,7399,7939
77960,483237,26384,232357,16709,456853,15338,7399,7939
77965,483268,26385,232373,16710,456883,15338,7399,7939
77970,483299,26387,232389,16711,456912,15338,7399,7939
77975,483330,26389,232404,16712,456941,15338,7399,7939
77980,483361,26391,232422,16713,456970,15338,7399,7939
77985,483392,26392,232435,16714,457000,15338,7399,7939
77990,483423,26394,232450,16715,457029,15338,7399,7939
77995,483454,26396,232468,16717,457058,15338,7399,7939
78000,483485,26398,232485,16719,457087,15338,7399,7939
78005,483516,26401,232499,16721,457115,15338,7399,7939
78010,483547,26404,232516,16724,457143,15338,7399,7939
78015,483578,26406,232532,16726,457172,15338,7399,7939
78020,483609,26407,232550,16727,457202,15338,7399,7939
78025,483640,26408,232565,16728,457232,15338,7399,7939
78030,483671,26409,232575,16729,457262,15338,7399,7939
78035,483702,26411,232590,16730,457291,15338,7399,7939
78040,483733,26412,232606,16730,457321,15338,7399,7939
78045,483764,26413,232620,16731,457351,15338,7399,7939
78050,483795,26414,232636,16731,457381,15338,7399,7939
78055,483826,26416,232652,16733,457410,15338,7399,7939
78060,483857,26417,232668,16733,457440,15338,7399,7939
78065,483888,26417,232679,16733,457471,15338,7399,7939
78070,483919,26418,232694,16734,457501,15338,7399,7939
78075,483950,26419,232711,16734,457531,15338,7399,7939
78080,483981,26420,232727,16734,457560,15338,7399,7939
78085,484012,26422,232746,16736,457589,15338,7399,7939
78090,484043,26424,232763,16738,457618,15338,7399,7939
78095,484074,26426,232777,16739,457647,15338,7399,7939
78100,484105,26428,232795,16741,457676,15338,7399,7939
78105,484136,26430,232810,16742,457705,15338,7399,7939
78110,484167,26432,232827,16743,457734,15338,7399,7939
78115,484198,26434,232843,16744,457763,15338,7399,7939
78120,484229,26437,232858,16745,457791,15338,7399,7939
78125,484260,26440,232874,16746,457820,15338,7399,7939
78130,484291,26442,232887,16747,457849,15338,7399,7939
78135,484322,26444,232904,16747,457877,15338,7399,7939
78140,484353,26447,232915,16749,457905,15338,7399,7939
78145,484384,26450,232927,16751,457933,15338,7399,7939
78150,484415,26453,232941,16753,457962,15338,7399,7939
78155,484446,26454,232958,16754,457992,15338,7399,7939
78160,484477,26455,232970,16755,458022,15338,7399,7939
78165,484508,26457,232982,16755,458051,15338,7399,7939
78170,484539,26459,232994,16756,458079,15338,7399,7939
78175,484570,26463,233008,16758,458107,15338,7399,7939
78180,484601,26466,233026,16761,458134,15338,7399,7939
78185,484632,26470,233041,16763,458162,15338,7399,7939
78190,484663,26473,233048,16764,458190,15338,7399,7939
78195,484694,26478,233060,16768,458216,15338,7399,7939
78200,484725,26482,233074,16770,458243,15338,7399,7939
78205,484756,26487,233095,16773,458269,15338,7399,7939
78210,484787,26489,233109,16774,458298,15338,7399,7939
78215,484818,26492,233125,16777,458326,15338,7399,7939
78220,484849,26495,233140,16779,458354,15338,7399,7939
78225,484880,26498,233158,16781,458382,15338,7399,7939
78230,484911,26500,233174,16781,458411,15338,7399,7939
78235,484942,26503,233191,16782,458439,15338,7399,7939
78240,484973,26506,233203,16783,458467,15338,7399,7939
78245,485004,26507,233217,16783,458497,15338,7399,7939
78250,485035,26508,233233,16784,458527,15338,7399,7939
78255,485066,26508,233243,16784,458558,15338,7399,7939
78260,485097,26508,233257,16784,458589,15338,7399,7939
78265,485128,26508,233277,16784,458620,15338,7399,7939
78270,485159,26508,233292,16784,458651,15338,7399,7939
78275,485190,26508,233306,16784,458682,15338,7399,7939
78280,485221,26508,233321,16784,458713,15338,7399,7939
78285,485252,26508,233331,16784,458744,15338,7399,7939
78290,485283,26508,233346,16784,458775,15338,7399,7939
78295,485314,26508,233365,16784,458806,15338,7399,7939
78300,485345,26508,233380,16784,458837,15338,7399,7939
78305,485376,26508,233391,16784,458868,15338,7399,7939
78310,485407,26508,233408,16784,458899,15338,7399,7939
78315,485438,26509,233423,16785,458929,15338,7399,7939
78320,485469,26510,233438,16785,458959,15338,7399,7939
78325,485500,26511,233450,16785,458989,15338,7399,7939
78330,485531,26512,233469,16786,459019,15338,7399,7939
78335,485562,26513,233482,16787,459049,15338,7399,7939
78340,485593,26514,233501,16788,459079,15338,7399,7939
78345,485624,26515,233517,16789,459109,15338,7399,7939
78350,485655,26518,233535,16791,459137,15338,7399,7939
78355,485686,26521,233553,16793,459165,15338,7399,7939
78360,485717,26525,233569,16796,459192,15338,7399,7939
78365,485748,26530,233589,16798,459218,15338,7399,7939
78370,485779,26535,233606,16802,459244,15338,7399,7939
78375,485810,26538,233623,16804,459272,15338,7399,7939
78380,485841,26541,233639,16806,459300,15338,7399,7939
78385,485872,26544,233652,16808,459328,15338,7399,7939
78390,485903,26547,233669,16810,459356,15338,7399,7939
78395,485934,26550,233684,16811,459384,15338,7399,7939
78400,485965,26554,233699,16814,459411,15338,7399,7939
78405,485996,26558,233714,16817,459438,15338,7399,7939
78410,486027,26563,233730,16821,459464,15338,7399,7939
78415,486058,26567,233745,16824,459491,15338,7399,7939
78420,486089,26571,233759,16825,459518,15338,7399,7939
78425,486120,26575,233775,16827,459544,15338,7399,7939
78430,486151,26580,233788,16831,459571,15338,7399,7939
78435,486182,26583,233803,16832,459598,15338,7399,7939
78440,486213,26587,233822,16834,459626,15338,7399,7939
78445,486244,26589,233841,16836,459655,15338,7399,7939
78450,486275,26591,233857,16838,459684,15338,7399,7939
78455,486306,26593,233875,16839,459713,15338,7399,7939
78460,486337,26595,233892,16840,459742,15338,7399,7939
78465,486368,26597,233908,16840,459771,15338,7399,7939
78470,486399,26599,233923,16841,459800,15338,7399,7939
78475,486430,26601,233934,16841,459829,15338,7399,7939
78480,486461,26603,233949,16843,459858,15338,7399,7939
78485,486492,26605,233969,16845,459887,15338,7399,7939
78490,486523,26607,233981,16845,459916,15338,7399,7939
78495,486554,26609,233994,16846,459945,15338,7399,7939
78500,486585,26611,234012,16848,459974,15338,7399,7939
78505,486616,26613,234030,16849,460003,15338,7399,7939
78510,486647,26615,234045,16851,460032,15338,7399,7939
78515,486678,26617,234060,16853,460061,15338,7399,7939
78520,486709,26619,234073,16854,460090,15338,7399,7939
78525,486740,26622,234092,16856,460118,15338,7399,7939
78530,486771,26623,234107,16856,460148,15338,7399,7939
78535,486802,26624,234122,16857,460178,15338,7399,7939
78540,486833,26625,234142,16858,460208,15338,7399,7939
78545,486864,26629,234155,16861,460234,15338,7399,7939
78550,486895,26632,234170,16864,460262,15338,7399,7939
78555,486926,26635,234183,16865,460291,15338,7399,7939
78560,486957,26637,234197,16866,460319,15338,7399,7939
78565,486988,26640,234215,16869,460348,15338,7399,7939
78570,487019,26642,234226,16869,460377,15338,7399,7939
78575,487050,26644,234240,16870,460406,15338,7399,7939
78580,487081,26646,234254,16871,460434,15338,7399,7939
78585,487112,26649,234269,16873,460463,15338,7399,7939
78590,487143,26651,234280,16873,460491,15338,7399,7939
78595,487174,26655,234292,16875,460519,15338,7399,7939
78600,487205,26658,234305,16877,460546,15338,7399,7939
78605,487236,26660,234324,16879,460576,15338,7399,7939
78610,487267,26661,234337,16879,460606,15338,7399,7939
78615,487298,26662,234353,16880,460636,15338,7399,7939
78620,487329,26663,234364,16880,460666,15338,7399,7939
78625,487360,26664,234381,16881,460696,15338,7399,7939
78630,487391,26665,234400,16881,460726,15338,7399,7939
78635,487422,26666,234414,16881,460756,15338,7399,7939
78640,487453,26667,234429,16881,460786,15338,7399,7939
78645,487484,26668,234440,16881,460816,15338,7399,7939
78650,487515,26670,234453,16883,460845,15338,7399,7939
78655,487546,26672,234473,16884,460874,15338,7399,7939
78660,487577,26674,234491,16886,460903,15338,7399,7939
78665,487608,26678,234510,16889,460930,15338,7399,7939
78670,487639,26682,234531,16892,460957,15338,7399,7939
78675,487670,26686,234550,16895,460984,15338,7399,7939
78680,487701,26689,234561,16896,461012,15338,7399,7939
78685,487732,26692,234575,16899,461040,15338,7399,7939
78690,487763,26695,234593,16901,461068,15338,7399,7939
78695,487794,26698,234604,16902,461096,15338,7399,7939
78700,487825,26702,234622,16905,461123,15338,7399,7939
78705,487856,26705,234634,16905,461151,15338,7399,7939
78710,487887,26708,234648,16906,461179,15338,7399,7939
78715,487918,26711,234658,16907,461207,15338,7399,7939
78720,487949,26715,234679,16910,461234,15338,7399,7939
78725,487980,26718,234690,16911,461262,15338,7399,7939
78730,488011,26721,234704,16911,461290,15338,7399,7939
78735,488042,26724,234719,16913,461318,15338,7399,7939
78740,488073,26728,234735,16915,461345,15338,7399,7939
78745,488104,26732,234755,16918,461372,15338,7399,7939
78750,488135,26735,234772,16919,461400,15338,7399,7939
78755,488166,26738,234782,16919,461428,15338,7399,7939
78760,488197,26741,234802,16922,461456,15338,7399,7939
78765,488228,26744,234818,16922,461483,15338,7399,7939
78770,488259,26747,234833,16923,461511,15338,7399,7939
78775,488290,26750,234849,16925,461539,15338,7399,7939
78780,488321,26753,234864,16927,461568,15338,7399,7939
78785,488352,26754,234881,16928,461598,15338,7399,7939
78790,488383,26755,234895,16929,461628,15338,7399,7939
78795,488414,26756,234905,16930,461658,15338,7399,7939
78800,488445,26757,234924,16931,461688,15338,7399,7939
78805,488476,26758,234941,16932,461718,15338,7399,7939
78810,488507,26759,234956,16932,461748,15338,7399,7939
78815,488538,26760,234969,16932,461778,15338,7399,7939
78820,488569,26761,234984,16932,461808,15338,7399,7939
78825,488600,26762,235002,16933,461838,15338,7399,7939
78830,488631,26763,235013,16933,461868,15338,7399,7939
78835,488662,26764,235027,16934,461898,15338,7399,7939
78840,488693,26765,235041,16935,461928,15338,7399,7939
78845,488724,26766,235056,16936,461958,15338,7399,7939
78850,488755,26767,235067,16936,461988,15338,7399,7939
78855,488786,26768,235082,16936,462018,15338,7399,7939
78860,488817,26769,235096,16937,462048,15338,7399,7939
78865,488848,26770,235113,16937,462078,15338,7399,7939
78870,488879,26771,235127,16937,462108,15338,7399,7939
78875,488910,26773,235144,16937,462137,15338,7399,7939
78880,488941,26775,235155,16938,462166,15338,7399,7939
78885,488972,26777,235167,16938,462195,15338,7399,7939
78890,489003,26780,235185,16939,462223,15338,7399,7939
78895,489034,26783,235202,16941,462251,15338,7399,7939
78900,489065,26787,235221,16944,462278,15338,7399,7939
78905,489096,26790,235238,16945,462306,15338,7399,7939
78910,489127,26793,235253,16948,462333,15338,7399,7939
78915,489158,26797,235265,16951,462360,15338,7399,7939
78920,489189,26801,235282,16954,462387,15338,7399,7939
78925,489220,26805,235294,16956,462415,15338,7399,7939
78930,489251,26808,235306,16957,462443,15338,7399,7939
78935,489282,26811,235321,16958,462471,15338,7399,7939
78940,489313,26814,235331,16959,462498,15338,7399,7939
78945,489344,26818,235345,16961,462525,15338,7399,7939
78950,489375,26822,235361,16965,462552,15338,7399,7939
78955,489406,26826,235373,16967,462579,15338,7399,7939
78960,489437,26830,235388,16968,462606,15338,7399,7939
78965,489468,26834,235406,16971,462634,15338,7399,7939
78970,489499,26836,235422,16971,462662,15338,7399,7939
78975,489530,26839,235436,16972,462691,15338,7399,7939
78980,489561,26841,235454,16973,462719,15338,7399,7939
78985,489592,26844,235465,16975,462747,15338,7399,7939
78990,489623,26847,235479,16977,462776,15338,7399,7939
78995,489654,26849,235493,16978,462804,15338,7399,7939
79000,489685,26852,235508,16980,462832,15338,7399,7939
79005,489716,26855,235518,16982,462860,15338,7399,7939
79010,489747,26858,235531,16983,462889,15338,7399,7939
79015,489778,26860,235548,16984,462918,15338,7399,7939
79020,489809,26863,235564,16985,462945,15338,7399,7939
79025,489840,26865,235575,16986,462975,15338,7399,7939
79030,489871,26866,235594,16986,463005,15338,7399,7939
79035,489902,26867,235607,16987,463035,15338,7399,7939
79040,489933,26868,235622,16988,463065,15338,7399,7939
79045,489964,26869,235638,16988,463095,15338,7399,7939
79050,489995,26870,235651,16989,463125,15338,7399,7939
79055,490026,26871,235662,16989,463155,15338,7399,7939
79060,490057,26872,235679,16990,463185,15338,7399,7939
79065,490088,26873,235695,16991,463215,15338,7399,7939
79070,490119,26874,235711,16991,463245,15338,7399,7939
79075,490150,26876,235723,16991,463274,15338,7399,7939
79080,490181,26878,235741,16992,463303,15338,7399,7939
79085,490212,26881,235754,16993,463330,15338,7399,7939
79090,490243,26885,235767,16994,463357,15338,7399,7939
79095,490274,26889,235779,16998,463384,15338,7399,7939
79100,490305,26893,235798,17001,463411,15338,7399,7939
79105,490336,26897,235810,17003,463438,15338,7399,7939
79110,490367,26900,235823,17006,463466,15338,7399,7939
79115,490398,26903,235840,17008,463495,15338,7399,7939
79120,490429,26905,235850,17008,463524,15338,7399,7939
79125,490460,26908,235866,17010,463552,15338,7399,7939
79130,490491,26911,235889,17012,463579,15338,7399,7939
79135,490522,26915,235901,17015,463606,15338,7399,7939
79140,490553,26919,235916,17018,463633,15338,7399,7939
79145,490584,26923,235928,17020,463661,15338,7399,7939
79150,490615,26926,235950,17022,463689,15338,7399,7939
79155,490646,26931,235964,17026,463715,15338,7399,7939
79160,490677,26933,235977,17026,463744,15338,7399,7939
79165,490708,26936,235994,17029,463772,15338,7399,7939
79170,490739,26938,236010,17030,463801,15338,7399,7939
79175,490770,26941,236023,17032,463829,15338,7399,7939
79180,490801,26943,236036,17033,463858,15338,7399,7939
79185,490832,26945,236053,17033,463887,15338,7399,7939
79190,490863,26947,236074,17034,463916,15338,7399,7939
79195,490894,26949,236090,17035,463945,15338,7399,7939
79200,490925,26951,236106,17036,463974,15338,7399,7939
79205,490956,26953,236123,17038,464003,15338,7399,7939
79210,490987,26955,236137,17038,464032,15338,7399,7939
79215,491018,26957,236149,17038,464061,15338,7399,7939
79220,491049,26959,236164,17040,464090,15338,7399,7939
79225,491080,26961,236181,17041,464119,15338,7399,7939
79230,491111,26963,236195,17042,464148,15338,7399,7939
79235,491142,26965,236208,17043,464177,15338,7399,7939
79240,491173,26967,236229,17044,464206,15338,7399,7939
79245,491204,26969,236240,17046,464235,15338,7399,7939
79250,491235,26971,236258,17046,464264,15338,7399,7939
79255,491266,26973,236278,17048,464293,15338,7399,7939
79260,491297,26976,236292,17050,464320,15338,7399,7939
79265,491328,26979,236306,17053,464349,15338,7399,7939
79270,491359,26981,236318,17055,464378,15338,7399,7939
79275,491390,26983,236338,17055,464407,15338,7399,7939
79280,491421,26985,236356,17056,464436,15338,7399,7939
79285,491452,26987,236375,17057,464465,15338,7399,7939
79290,491483,26989,236391,17058,464493,15338,7399,7939
79295,491514,26992,236405,17061,464522,15338,7399,7939
79300,491545,26994,236422,17062,464550,15338,7399,7939
79305,491576,26997,236437,17064,464578,15338,7399,7939
79310,491607,27000,236451,17066,464607,15338,7399,7939
79315,491638,27003,236466,17068,464635,15338,7399,7939
79320,491669,27006,236479,17070,464663,15338,7399,7939
79325,491700,27008,236494,17070,464691,15338,7399,7939
79330,491731,27012,236510,17072,464719,15338,7399,7939
79335,491762,27013,236529,17073,464749,15338,7399,7939
79340,491793,27014,236548,17074,464779,15338,7399,7939
79345,491824,27015,236555,17075,464809,15338,7399,7939
79350,491855,27016,236571,17076,464839,15338,7399,7939
79355,491886,27017,236583,17076,464869,15338,7399,7939
79360,491917,27018,236604,17077,464899,15338,7399,7939
79365,491948,27019,236620,17078,464929,15338,7399,7939
79370,491979,27021,236635,17079,464958,15338,7399,7939
79375,492010,27023,236653,17079,464987,15338,7399,7939
79380,492041,27025,236677,17081,465016,15338,7399,7939
79385,492072,27027,236694,17082,465045,15338,7399,7939
79390,492103,27029,236711,17084,465074,15338,7399,7939
79395,492134,27031,236725,17085,465103,15338,7399,7939
79400,492165,27033,236742,17086,465132,15338,7399,7939
79405,492196,27035,236755,17087,465161,15338,7399,7939
79410,492227,27037,236769,17089,465190,15338,7399,7939
79415,492258,27039,236786,17090,465219,15338,7399,7939
79420,492289,27041,236802,17091,465248,15338,7399,7939
79425,492320,27043,236817,17091,465277,15338,7399,7939
79430,492351,27045,236830,17091,465306,15338,7399,7939
79435,492382,27048,236845,17094,465334,15338,7399,7939
79440,492413,27051,236863,17095,465361,15338,7399,7939
79445,492444,27055,236880,17096,465388,15338,7399,7939
79450,492475,27059,236891,17097,465416,15338,7399,7939
79455,492506,27062,236904,17097,465444,15338,7399,7939
79460,492537,27065,236918,17099,465472,15338,7399,7939
79465,492568,27068,236933,17100,465500,15338,7399,7939
79470,492599,27071,236945,17101,465528,15338,7399,7939
79475,492630,27074,236959,17102,465556,15338,7399,7939
79480,492661,27077,236974,17103,465583,15338,7399,7939
79485,492692,27081,236990,17105,465611,15338,7399,7939
79490,492723,27084,237002,17107,465639,15338,7399,7939
79495,492754,27087,237020,17109,465666,15338,7399,7939
79500,492785,27092,237033,17113,465693,15338,7399,7939
79505,492816,27095,237048,17115,465721,15338,7399,7939
79510,492847,27097,237064,17115,465750,15338,7399,7939
79515,492878,27099,237077,17117,465779,15338,7399,7939
79520,492909,27101,237087,17118,465808,15338,7399,7939
79525,492940,27103,237101,17119,465837,15338,7399,7939
79530,492971,27106,237119,17121,465864,15338,7399,7939
79535,493002,27109,237136,17123,465892,15338,7399,7939
79540,493033,27113,237156,17126,465919,15338,7399,7939
79545,493064,27115,237162,17128,465949,15338,7399,7939
79550,493095,27116,237179,17129,465979,15338,7399,7939
79555,493126,27117,237192,17129,466009,15338,7399,7939
79560,493157,27118,237208,17129,466039,15338,7399,7939
79565,493188,27119,237218,17130,466069,15338,7399,7939
79570,493219,27120,237234,17131,466099,15338,7399,7939
79575,493250,27121,237251,17131,466129,15338,7399,7939
79580,493281,27122,237267,17132,466159,15338,7399,7939
79585,493312,27123,237285,17132,466189,15338,7399,7939
79590,493343,27124,237301,17133,466219,15338,7399,7939
79595,493374,27125,237314,17133,466249,15338,7399,7939
79600,493405,27126,237328,17134,466279,15338,7399,7939
79605,493436,27127,237344,17135,466309,15338,7399,7939
79610,493467,27129,237360,17137,466338,15338,7399,7939
79615,493498,27131,237373,17138,466367,15338,7399,7939
79620,493529,27133,237390,17139,466396,15338,7399,7939
79625,493560,27135,237402,17140,466425,15338,7399,7939
79630,493591,27137,237416,17141,466454,15338,7399,7939
79635,493622,27139,237423,17142,466483,15338,7399,7939
79640,493653,27141,237434,17143,466512,15338,7399,7939
79645,493684,27143,237450,17144,466541,15338,7399,7939
79650,493715,27146,237463,17145,466569,15338,7399,7939
79655,493746,27149,237480,17147,466596,15338,7399,7939
79660,493777,27153,237492,17149,466624,15338,7399,7939
79665,493808,27156,237508,17150,466651,15338,7399,7939
79670,493839,27161,237526,17154,466677,15338,7399,7939
79675,493870,27165,237544,17157,466704,15338,7399,7939
79680,493901,27169,237554,17158,466731,15338,7399,7939
79685,493932,27173,237570,17162,466759,15338,7399,7939
79690,493963,27176,237585,17164,466787,15338,7399,7939
79695,493994,27179,237597,17165,466815,15338,7399,7939
79700,494025,27182,237612,17167,466843,15338,7399,7939
79705,494056,27186,237629,17169,466870,15338,7399,7939
79710,494087,27190,237646,17172,466897,15338,7399,7939
79715,494118,27194,237660,17175,466924,15338,7399,7939
79720,494149,27197,237678,17176,466952,15338,7399,7939
79725,494180,27201,237692,17179,466979,15338,7399,7939
79730,494211,27205,237703,17181,467006,15338,7399,7939
79735,494242,27207,237717,17182,467035,15338,7399,7939
79740,494273,27209,237736,17184,467064,15338,7399,7939
79745,494304,27211,237750,17185,467093,15338,7399,7939
79750,494335,27213,237760,17185,467122,15338,7399,7939
79755,494366,27215,237776,17186,467151,15338,7399,7939
79760,494397,27217,237790,17187,467180,15338,7399,7939
79765,494428,27219,237805,17188,467209,15338,7399,7939
79770,494459,27221,237819,17189,467238,15338,7399,7939
79775,494490,27223,237837,17191,467267,15338,7399,7939
79780,494521,27225,237849,17193,467296,15338,7399,7939
79785,494552,27228,237864,17195,467324,15338,7399,7939
79790,494583,27230,237878,17195,467353,15338,7399,7939
79795,494614,27232,237890,17195,467382,15338,7399,7939
79800,494645,27234,237909,17196,467411,15338,7399,7939
79805,494676,27236,237930,17197,467440,15338,7399,7939
79810,494707,27238,237942,17197,467469,15338,7399,7939
79815,494738,27240,237955,17198,467498,15338,7399,7939
79820,494769,27242,237970,17198,467527,15338,7399,7939
79825,494800,27244,237985,17198,467556,15338,7399,7939
79830,494831,27246,238000,17199,467585,15338,7399,7939
79835,494862,27248,238014,17201,467614,15338,7399,7939
79840,494893,27250,238031,17201,467643,15338,7399,7939
79845,494924,27252,238047,17203,467672,15338,7399,7939
79850,494955,27254,238063,17204,467701,15338,7399,7939
79855,494986,27256,238076,17205,467730,15338,7399,7939
79860,495017,27258,238090,17206,467759,15338,7399,7939
79865,495048,27260,238103,17207,467788,15338,7399,7939
79870,495079,27262,238116,17208,467817,15338,7399,7939
79875,495110,27264,238130,17209,467846,15338,7399,7939
79880,495141,27266,238145,17210,467875,15338,7399,7939
79885,495172,27268,238161,17211,467904,15338,7399,7939
79890,495203,27270,238175,17213,467933,15338,7399,7939
79895,495234,27272,238188,17213,467962,15338,7399,7939
79900,495265,27274,238206,17214,467991,15338,7399,7939
79905,495296,27276,238221,17214,468020,15338,7399,7939
79910,495327,27280,238237,17216,468047,15338,7399,7939
79915,495358,27283,238251,17217,468074,15338,7399,7939
79920,495389,27288,238269,17220,468101,15338,7399,7939
79925,495420,27290,238287,17221,468129,15338,7399,7939
79930,495451,27293,238303,17223,468158,15338,7399,7939
79935,495482,27295,238322,17224,468187,15338,7399,7939
79940,495513,27297,238336,17225,468216,15338,7399,7939
79945,495544,27299,238351,17226,468245,15338,7399,7939
79950,495575,27301,238366,17226,468274,15338,7399,7939
79955,495606,27303,238378,17227,468303,15338,7399,7939
79960,495637,27305,238392,17227,468332,15338,7399,7939
79965,495668,27307,238406,17228,468361,15338,7399,7939
79970,495699,27309,238418,17230,468390,15338,7399,7939
79975,495730,27311,238436,17231,468419,15338,7399,7939
79980,495761,27313,238451,17232,468448,15338,7399,7939
79985,495792,27315,238466,17233,468477,15338,7399,7939
79990,495823,27317,238476,17233,468506,15338,7399,7939
79995,495854,27319,238493,17234,468535,15338,7399,7939
80000,495885,27321,238510,17236,468564,15338,7399,7939
80005,495916,27323,238524,17236,468593,15338,7399,7939
80010,495947,27325,238539,17238,468622,15338,7399,7939
80015,495978,27327,238553,17239,468651,15338,7399,7939
80020,496009,27329,238568,17240,468680,15338,7399,7939
80025,496040,27332,238585,17241,468708,15338,7399,7939
80030,496071,27335,238603,17242,468736,15338,7399,7939
80035,496102,27339,238618,17244,468763,15338,7399,7939
80040,496133,27342,238633,17246,468791,15338,7399,7939
80045,496164,27344,238647,17247,468820,15338,7399,7939
80050,496195,27346,238663,17247,468848,15338,7399,7939
80055,496226,27349,238680,17250,468876,15338,7399,7939
80060,496257,27352,238692,17253,468905,15338,7399,7939
80065,496288,27354,238704,17254,468934,15338,7399,7939
80070,496319,27356,238716,17254,468962,15338,7399,7939
80075,496350,27359,238730,17256,468990,15338,7399,7939
80080,496381,27362,238739,17258,469019,15338,7399,7939
80085,496412,27364,238750,17259,469048,15338,7399,7939
80090,496443,27366,238766,17260,469077,15338,7399,7939
80095,496474,27368,238781,17260,469105,15338,7399,7939
80100,496505,27371,238790,17262,469134,15338,7399,7939
80105,496536,27373,238811,17264,469163,15338,7399,7939
80110,496567,27376,238826,17266,469191,15338,7399,7939
80115,496598,27378,238840,17267,469220,15338,7399,7939
80120,496629,27381,238857,17269,469248,15338,7399,7939
80125,496660,27384,238873,17271,469276,15338,7399,7939
80130,496691,27386,238890,17272,469305,15338,7399,7939
80135,496722,27388,238906,17274,469334,15338,7399,7939
80140,496753,27390,238920,17274,469363,15338,7399,7939
80145,496784,27392,238930,17275,469392,15338,7399,7939
80150,496815,27396,238946,17277,469419,15338,7399,7939
80155,496846,27398,238951,17277,469448,15338,7399,7939
80160,496877,27400,238969,17278,469477,15338,7399,7939
80165,496908,27403,238988,17280,469505,15338,7399,7939
80170,496939,27405,239004,17280,469534,15338,7399,7939
80175,496970,27408,239021,17282,469562,15338,7399,7939
80180,497001,27411,239039,17285,469590,15338,7399,7939
80185,497032,27413,239055,17286,469619,15338,7399,7939
80190,497063,27415,239072,17288,469648,15338,7399,7939
80195,497094,27417,239093,17289,469677,15338,7399,7939
80200,497125,27419,239107,17290,469706,15338,7399,7939
80205,497156,27421,239118,17291,469735,15338,7399,7939
80210,497187,27423,239130,17291,469763,15338,7399,7939
80215,497218,27426,239144,17292,469791,15338,7399,7939
80220,497249,27429,239160,17294,469819,15338,7399,7939
80225,497280,27432,239172,17297,469848,15338,7399,7939
80230,497311,27434,239186,17299,469877,15338,7399,7939
80235,497342,27436,239199,17300,469906,15338,7399,7939
80240,497373,27438,239209,17300,469935,15338,7399,7939
80245,497404,27440,239225,17301,469964,15338,7399,7939
80250,497435,27442,239243,17303,469993,15338,7399,7939
80255,497466,27444,239257,17304,470022,15338,7399,7939
80260,497497,27446,239269,17305,470051,15338,7399,7939
80265,497528,27448,239286,17305,470080,15338,7399,7939
80270,497559,27450,239295,17305,470109,15338,7399,7939
80275,497590,27452,239311,17306,470138,15338,7399,7939
80280,497621,27454,239328,17308,470167,15338,7399,7939
80285,497652,27456,239346,17308,470196,15338,7399,7939
80290,497683,27458,239359,17308,470225,15338,7399,7939
80295,497714,27460,239374,17310,470254,15338,7399,7939
80300,497745,27462,239390,17311,470283,15338,7399,7939
80305,497776,27464,239406,17312,470312,15338,7399,7939
80310,497807,27466,239424,17313,470341,15338,7399,7939
80315,497838,27468,239434,17314,470370,15338,7399,7939
80320,497869,27470,239449,17314,470399,15338,7399,7939
80325,497900,27472,239467,17315,470428,15338,7399,7939
80330,497931,27476,239482,17318,470455,15338,7399,7939
80335,497962,27481,239502,17322,470481,15338,7399,7939
80340,497993,27484,239517,17323,470509,15338,7399,7939
80345,498024,27487,239528,17325,470537,15338,7399,7939
80350,498055,27490,239544,17327,470565,15338,7399,7939
80355,498086,27493,239557,17329,470592,15338,7399,7939
80360,498117,27496,239572,17330,470620,15338,7399,7939
80365,498148,27500,239593,17332,470647,15338,7399,7939
80370,498179,27503,239611,17333,470675,15338,7399,7939
80375,498210,27506,239627,17336,470704,15338,7399,7939
80380,498241,27508,239646,17338,470733,15338,7399,7939
80385,498272,27510,239656,17338,470762,15338,7399,7939
80390,498303,27512,239669,17339,470791,15338,7399,7939
80395,498334,27514,239683,17339,470820,15338,7399,7939
80400,498365,27516,239696,17339,470849,15338,7399,7939
80405,498396,27518,239713,17340,470878,15338,7399,7939
80410,498427,27520,239730,17341,470907,15338,7399,7939
80415,498458,27522,239744,17341,470936,15338,7399,7939
80420,498489,27524,239756,17342,470965,15338,7399,7939
80425,498520,27526,239766,17342,470994,15338,7399,7939
80430,498551,27528,239781,17344,471023,15338,7399,7939
80435,498582,27530,239798,17345,471052,15338,7399,7939
80440,498613,27532,239810,17346,471081,15338,7399,7939
80445,498644,27535,239824,17348,471109,15338,7399,7939
80450,498675,27538,239835,17350,471137,15338,7399,7939
80455,498706,27541,239852,17351,471165,15338,7399,7939
80460,498737,27544,239869,17353,471193,15338,7399,7939
80465,498768,27547,239884,17353,471221,15338,7399,7939
80470,498799,27550,239896,17355,471249,15338,7399,7939
80475,498830,27553,239912,17357,471277,15338,7399,7939
80480,498861,27556,239929,17358,471305,15338,7399,7939
80485,498892,27558,239946,17359,471333,15338,7399,7939
80490,498923,27561,239958,17361,471362,15338,7399,7939
80495,498954,27563,239971,17361,471391,15338,7399,7939
80500,498985,27565,239985,17361,471420,15338,7399,7939
80505,499016,27567,240004,17362,471449,15338,7399,7939
80510,499047,27569,240018,17362,471478,15338,7399,7939
80515,499078,27571,240036,17364,471506,15338,7399,7939
80520,499109,27574,240051,17366,471534,15338,7399,7939
80525,499140,27578,240062,17367,471561,15338,7399,7939
80530,499171,27583,240075,17370,471587,15338,7399,7939
80535,499202,27588,240093,17374,471614,15338,7399,7939
80540,499233,27592,240109,17376,471640,15338,7399,7939
80545,499264,27595,240123,17377,471668,15338,7399,7939
80550,499295,27598,240139,17378,471696,15338,7399,7939
80555,499326,27601,240154,17380,471725,15338,7399,7939
80560,499357,27603,240171,17382,471754,15338,7399,7939
80565,499388,27605,240189,17383,471782,15338,7399,7939
80570,499419,27608,240203,17385,471811,15338,7399,7939
80575,499450,27610,240217,17386,471840,15338,7399,7939
80580,499481,27612,240229,17388,471869,15338,7399,7939
80585,499512,27614,240247,17389,471898,15338,7399,7939
80590,499543,27615,240265,17390,471928,15338,7399,7939
80595,499574,27616,240280,17391,471958,15338,7399,7939
80600,499605,27617,240295,17392,471988,15338,7399,7939
80605,499636,27618,240312,17393,472018,15338,7399,7939
80610,499667,27619,240328,17393,472048,15338,7399,7939
80615,499698,27620,240347,17394,472078,15338,7399,7939
80620,499729,27621,240359,17394,472108,15338,7399,7939
80625,499760,27622,240377,17395,472138,15338,7399,7939
80630,499791,27623,240394,17396,472168,15338,7399,7939
80635,499822,27624,240412,17397,472198,15338,7399,7939
80640,499853,27625,240428,17398,472228,15338,7399,7939
80645,499884,27627,240447,17399,472257,15338,7399,7939
80650,499915,27629,240460,17400,472286,15338,7399,7939
80655,499946,27631,240479,17401,472315,15338,7399,7939
80660,499977,27633,240492,17401,472344,15338,7399,7939
80665,500008,27635,240503,17402,472373,15338,7399,7939
80670,500039,27637,240522,17404,472402,15338,7399,7939
80675,500070,27639,240535,17406,472431,15338,7399,7939
80680,500101,27641,240551,17407,472460,15338,7399,7939
80685,500132,27643,240565,17408,472489,15338,7399,7939
80690,500163,27645,240582,17409,472518,15338,7399,7939
80695,500194,27649,240599,17412,472545,15338,7399,7939
80700,500225,27653,240615,17413,472572,15338,7399,7939
80705,500256,27657,240625,17415,472598,15338,7399,7939
80710,500287,27662,240643,17419,472625,15338,7399,7939
80715,500318,27667,240655,17422,472650,15338,7399,7939
80720,500349,27672,240672,17426,472677,15338,7399,7939
80725,500380,27675,240689,17428,472705,15338,7399,7939
80730,500411,27678,240706,17429,472733,15338,7399,7939
80735,500442,27680,240720,17431,472761,15338,7399,7939
80740,500473,27684,240734,17434,472789,15338,7399,7939
80745,500504,27687,240750,17435,472816,15338,7399,7939
80750,500535,27691,240761,17438,472844,15338,7399,7939
80755,500566,27694,240775,17440,472871,15338,7399,7939
80760,500597,27697,240789,17442,472900,15338,7399,7939
80765,500628,27698,240809,17442,472930,15338,7399,7939
80770,500659,27699,240820,17442,472960,15338,7399,7939
80775,500690,27700,240836,17443,472990,15338,7399,7939
80780,500721,27701,240851,17444,473020,15338,7399,7939
80785,500752,27702,240864,17445,473050,15338,7399,7939
80790,500783,27703,240879,17445,473080,15338,7399,7939
80795,500814,27704,240892,17446,473110,15338,7399,7939
80800,500845,27705,240911,17447,473140,15338,7399,7939
80805,500876,27706,240920,17447,473170,15338,7399,7939
80810,500907,27707,240937,17447,473200,15338,7399,7939
80815,500938,27708,240953,17448,473230,15338,7399,7939
80820,500969,27709,240971,17449,473260,15338,7399,7939
80825,501000,27710,240986,17450,473290,15338,7399,7939
80830,501031,27712,240997,17452,473319,15338,7399,7939
80835,501062,27714,241014,17453,473348,15338,7399,7939
80840,501093,27716,241026,17454,473377,15338,7399,7939
80845,501124,27718,241043,17454,473406,15338,7399,7939
80850,501155,27720,241058,17454,473435,15338,7399,7939
80855,501186,27722,241069,17454,473464,15338,7399,7939
80860,501217,27724,241083,17454,473493,15338,7399,7939
80865,501248,27727,241097,17457,473521,15338,7399,7939
80870,501279,27730,241112,17459,473548,15338,7399,7939
80875,501310,27735,241131,17463,473574,15338,7399,7939
80880,501341,27739,241142,17466,473602,15338,7399,7939
80885,501372,27742,241161,17469,473629,15338,7399,7939
80890,501403,27747,241177,17473,473656,15338,7399,7939
80895,501434,27750,241190,17474,473683,15338,7399,7939
80900,501465,27755,241207,17478,473709,15338,7399,7939
80905,501496,27760,241222,17481,473735,15338,7399,7939
80910,501527,27765,241240,17484,473761,15338,7399,7939
80915,501558,27768,241251,17487,473790,15338,7399,7939
80920,501589,27771,241267,17488,473818,15338,7399,7939
80925,501620,27774,241280,17490,473845,15338,7399,7939
80930,501651,27777,241296,17492,473874,15338,7399,7939
80935,501682,27779,241310,17493,473903,15338,7399,7939
80940,501713,27781,241324,17494,473931,15338,7399,7939
80945,501744,27784,241343,17497,473960,15338,7399,7939
80950,501775,27786,241360,17499,473989,15338,7399,7939
80955,501806,27788,241377,17501,474018,15338,7399,7939
80960,501837,27790,241387,17502,474047,15338,7399,7939
80965,501868,27792,241405,17503,474076,15338,7399,7939
80970,501899,27794,241422,17505,474105,15338,7399,7939
80975,501930,27797,241437,17507,474133,15338,7399,7939
80980,501961,27799,241451,17508,474162,15338,7399,7939
80985,501992,27801,241465,17510,474191,15338,7399,7939
80990,502023,27802,241483,17511,474221,15338,7399,7939
80995,502054,27803,241498,17512,474251,15338,7399,7939
81000,502085,27804,241515,17512,474281,15338,7399,7939
81005,502116,27805,241530,17512,474311,15338,7399,7939
81010,502147,27806,241544,17512,474341,15338,7399,7939
81015,502178,27807,241563,17513,474371,15338,7399,7939
81020,502209,27809,241580,17514,474400,15338,7399,7939
81025,502240,27811,241591,17515,474429,15338,7399,7939
81030,502271,27813,241609,17516,474458,15338,7399,7939
81035,502302,27815,241627,17518,474487,15338,7399,7939
81040,502333,27818,241650,17521,474515,15338,7399,7939
81045,502364,27821,241669,17523,474543,15338,7399,7939
81050,502395,27823,241686,17523,474571,15338,7399,7939
81055,502426,27827,241705,17525,474598,15338,7399,7939
81060,502457,27830,241718,17527,474627,15338,7399,7939
81065,502488,27833,241734,17529,474654,15338,7399,7939
81070,502519,27836,241753,17531,474682,15338,7399,7939
81075,502550,27839,241769,17534,474710,15338,7399,7939
81080,502581,27842,241781,17535,474738,15338,7399,7939
81085,502612,27845,241795,17537,474766,15338,7399,7939
81090,502643,27848,241811,17540,474794,15338,7399,7939
81095,502674,27851,241827,17542,474822,15338,7399,7939
81100,502705,27854,241844,17544,474851,15338,7399,7939
81105,502736,27856,241859,17545,474880,15338,7399,7939
81110,502767,27858,241875,17545,474909,15338,7399,7939
81115,502798,27860,241895,17546,474937,15338,7399,7939
81120,502829,27863,241909,17548,474966,15338,7399,7939
81125,502860,27864,241925,17549,474996,15338,7399,7939
81130,502891,27865,241940,17549,475026,15338,7399,7939
81135,502922,27866,241956,17549,475056,15338,7399,7939
81140,502953,27867,241969,17550,475086,15338,7399,7939
81145,502984,27868,241986,17551,475116,15338,7399,7939
81150,503015,27869,242001,17551,475146,15338,7399,7939
81155,503046,27870,242010,17551,475176,15338,7399,7939
81160,503077,27871,242027,17552,475206,15338,7399,7939
81165,503108,27872,242045,17552,475236,15338,7399,7939
81170,503139,27873,242060,17553,475266,15338,7399,7939
81175,503170,27876,242077,17555,475294,15338,7399,7939
81180,503201,27878,242092,17556,475323,15338,7399,7939
81185,503232,27881,242103,17558,475351,15338,7399,7939
81190,503263,27883,242118,17559,475380,15338,7399,7939
81195,503294,27886,242134,17561,475408,15338,7399,7939
81200,503325,27888,242149,17562,475437,15338,7399,7939
81205,503356,27890,242164,17563,475466,15338,7399,7939
81210,503387,27892,242177,17563,475495,15338,7399,7939
81215,503418,27894,242194,17563,475524,15338,7399,7939
81220,503449,27896,242206,17563,475553,15338,7399,7939
81225,503480,27899,242226,17565,475581,15338,7399,7939
81230,503511,27903,242243,17566,475607,15338,7399,7939
81235,503542,27907,242261,17569,475635,15338,7399,7939
81240,503573,27911,242279,17570,475661,15338,7399,7939
81245,503604,27915,242292,17572,475688,15338,7399,7939
81250,503635,27919,242308,17574,475716,15338,7399,7939
81255,503666,27922,242320,17574,475743,15338,7399,7939
81260,503697,27926,242337,17577,475770,15338,7399,7939
81265,503728,27930,242350,17578,475798,15338,7399,7939
81270,503759,27933,242360,17578,475826,15338,7399,7939
81275,503790,27936,242382,17581,475853,15338,7399,7939
81280,503821,27940,242395,17582,475880,15338,7399,7939
81285,503852,27944,242405,17585,475908,15338,7399,7939
81290,503883,27947,242417,17587,475936,15338,7399,7939
81295,503914,27950,242434,17588,475963,15338,7399,7939
81300,503945,27954,242452,17590,475991,15338,7399,7939
81305,503976,27956,242466,17592,476020,15338,7399,7939
81310,504007,27957,242482,17593,476050,15338,7399,7939
81315,504038,27958,242498,17594,476080,15338,7399,7939
81320,504069,27959,242513,17595,476110,15338,7399,7939
81325,504100,27960,242533,17595,476140,15338,7399,7939
81330,504131,27961,242548,17596,476170,15338,7399,7939
81335,504162,27962,242564,17597,476200,15338,7399,7939
81340,504193,27963,242585,17598,476230,15338,7399,7939
81345,504224,27964,242602,17599,476260,15338,7399,7939
81350,504255,27965,242617,17599,476290,15338,7399,7939
81355,504286,27966,242635,17600,476320,15338,7399,7939
81360,504317,27967,242652,17600,476350,15338,7399,7939
81365,504348,27968,242671,17601,476380,15338,7399,7939
81370,504379,27969,242680,17602,476410,15338,7399,7939
81375,504410,27970,242692,17603,476440,15338,7399,7939
81380,504441,27971,242710,17603,476470,15338,7399,7939
81385,504472,27972,242718,17603,476500,15338,7399,7939
81390,504503,27973,242733,17604,476530,15338,7399,7939
81395,504534,27974,242747,17605,476560,15338,7399,7939
81400,504565,27975,242763,17606,476590,15338,7399,7939
81405,504596,27976,242776,17606,476620,15338,7399,7939
81410,504627,27979,242789,17606,476648,15338,7399,7939
81415,504658,27983,242800,17608,476675,15338,7399,7939
81420,504689,27986,242816,17609,476703,15338,7399,7939
81425,504720,27990,242833,17612,476730,15338,7399,7939
81430,504751,27995,242848,17616,476756,15338,7399,7939
81435,504782,27999,242867,17618,476783,15338,7399,7939
81440,504813,28003,242884,17621,476810,15338,7399,7939
81445,504844,28007,242901,17623,476836,15338,7399,7939
81450,504875,28011,242915,17624,476864,15338,7399,7939
81455,504906,28014,242929,17625,476892,15338,7399,7939
81460,504937,28018,242939,17627,476919,15338,7399,7939
81465,504968,28021,242952,17628,476946,15338,7399,7939
81470,504999,28024,242964,17630,476975,15338,7399,7939
81475,505030,28026,242975,17631,477004,15338,7399,7939
81480,505061,28028,242991,17632,477033,15338,7399,7939
81485,505092,28030,243006,17633,477062,15338,7399,7939
81490,505123,28032,243018,17634,477091,15338,7399,7939
81495,505154,28034,243032,17635,477120,15338,7399,7939
81500,505185,28036,243051,17637,477149,15338,7399,7939
81505,505216,28038,243066,17637,477178,15338,7399,7939
81510,505247,28040,243082,17639,477207,15338,7399,7939
81515,505278,28042,243095,17641,477236,15338,7399,7939
81520,505309,28044,243110,17642,477265,15338,7399,7939
81525,505340,28046,243127,17643,477294,15338,7399,7939
81530,505371,28048,243139,17645,477323,15338,7399,7939
81535,505402,28050,243148,17646,477352,15338,7399,7939
81540,505433,28052,243159,17647,477381,15338,7399,7939
81545,505464,28054,243172,17647,477409,15338,7399,7939
81550,505495,28058,243189,17649,477437,15338,7399,7939
81555,505526,28061,243207,17651,477464,15338,7399,7939
81560,505557,28064,243221,17653,477493,15338,7399,7939
81565,505588,28065,243239,17654,477523,15338,7399,7939
81570,505619,28066,243259,17654,477553,15338,7399,7939
81575,505650,28068,243272,17654,477581,15338,7399,7939
81580,505681,28071,243286,17655,477609,15338,7399,7939
81585,505712,28075,243302,17658,477637,15338,7399,7939
81590,505743,28078,243319,17660,477664,15338,7399,7939
81595,505774,28081,243340,17662,477692,15338,7399,7939
81600,505805,28084,243358,17664,477720,15338,7399,7939
81605,505836,28087,243377,17666,477749,15338,7399,7939
81610,505867,28090,243391,17668,477777,15338,7399,7939
81615,505898,28092,243406,17669,477806,15338,7399,7939
81620,505929,28095,243417,17670,477834,15338,7399,7939
81625,505960,28098,243436,17673,477862,15338,7399,7939
81630,505991,28101,243453,17675,477890,15338,7399,7939
81635,506022,28102,243464,17675,477920,15338,7399,7939
81640,506053,28103,243473,17675,477950,15338,7399,7939
81645,506084,28104,243486,17676,477980,15338,7399,7939
81650,506115,28105,243502,17677,478010,15338,7399,7939
81655,506146,28106,243516,17678,478040,15338,7399,7939
81660,506177,28107,243527,17679,478070,15338,7399,7939
81665,506208,28108,243542,17679,478100,15338,7399,7939
81670,506239,28111,243558,17681,478128,15338,7399,7939
81675,506270,28113,243574,17682,478157,15338,7399,7939
81680,506301,28115,243592,17683,478186,15338,7399,7939
81685,506332,28117,243604,17684,478215,15338,7399,7939
81690,506363,28119,243618,17686,478244,15338,7399,7939
81695,506394,28121,243632,17688,478273,15338,7399,7939
81700,506425,28123,243648,17688,478302,15338,7399,7939
81705,506456,28125,243661,17689,478331,15338,7399,7939
81710,506487,28127,243674,17690,478360,15338,7399,7939
81715,506518,28129,243687,17692,478388,15338,7399,7939
81720,506549,28132,243704,17693,478416,15338,7399,7939
81725,506580,28136,243718,17696,478443,15338,7399,7939
81730,506611,28140,243732,17697,478470,15338,7399,7939
81735,506642,28144,243747,17700,478497,15338,7399,7939
81740,506673,28148,243761,17703,478525,15338,7399,7939
81745,506704,28151,243775,17703,478552,15338,7399,7939
81750,506735,28155,243794,17706,478579,15338,7399,7939
81755,506766,28159,243809,17707,478606,15338,7399,7939
81760,506797,28163,243828,17709,478634,15338,7399,7939
81765,506828,28166,243842,17710,478662,15338,7399,7939
81770,506859,28169,243856,17711,478690,15338,7399,7939
81775,506890,28172,243869,17713,478718,15338,7399,7939
81780,506921,28175,243885,17716,478746,15338,7399,7939
81785,506952,28179,243902,17719,478772,15338,7399,7939
81790,506983,28183,243916,17722,478799,15338,7399,7939
81795,507014,28186,243929,17723,478828,15338,7399,7939
81800,507045,28188,243947,17724,478857,15338,7399,7939
81805,507076,28190,243964,17725,478885,15338,7399,7939
81810,507107,28193,243979,17727,478913,15338,7399,7939
81815,507138,28196,243999,17730,478942,15338,7399,7939
81820,507169,28198,244014,17732,478971,15338,7399,7939
81825,507200,28200,244026,17732,478999,15338,7399,7939
81830,507231,28203,244037,17734,479028,15338,7399,7939
81835,507262,28205,244047,17736,479057,15338,7399,7939
81840,507293,28207,244061,17737,479086,15338,7399,7939
81845,507324,28209,244071,17737,479115,15338,7399,7939
81850,507355,28211,244086,17738,479143,15338,7399,7939
81855,507386,28214,244098,17740,479172,15338,7399,7939
81860,507417,28216,244114,17740,479201,15338,7399,7939
81865,507448,28218,244128,17740,479229,15338,7399,7939
81870,507479,28221,244145,17741,479257,15338,7399,7939
81875,507510,28224,244160,17744,479286,15338,7399,7939
81880,507541,28225,244168,17745,479316,15338,7399,7939
81885,507572,28226,244188,17745,479346,15338,7399,7939
81890,507603,28227,244199,17745,479376,15338,7399,7939
81895,507634,28228,244213,17745,479406,15338,7399,7939
81900,507665,28230,244228,17746,479434,15338,7399,7939
81905,507696,28233,244245,17748,479463,15338,7399,7939
81910,507727,28235,244261,17750,479492,15338,7399,7939
81915,507758,28237,244278,17751,479521,15338,7399,7939
81920,507789,28239,244292,17752,479550,15338,7399,7939
81925,507820,28241,244306,17753,479579,15338,7399,7939
81930,507851,28243,244321,17754,479608,15338,7399,7939
81935,507882,28245,244334,17756,479637,15338,7399,7939
81940,507913,28248,244348,17758,479665,15338,7399,7939
81945,507944,28250,244362,17759,479693,15338,7399,7939
81950,507975,28254,244380,17762,479721,15338,7399,7939
81955,508006,28257,244394,17764,479749,15338,7399,7939
81960,508037,28260,244406,17766,479777,15338,7399,7939
81965,508068,28263,244415,17767,479805,15338,7399,7939
81970,508099,28265,244435,17769,479834,15338,7399,7939
81975,508130,28267,244450,17771,479862,15338,7399,7939
81980,508161,28272,244469,17775,479888,15338,7399,7939
81985,508192,28275,244482,17777,479917,15338,7399,7939
81990,508223,28277,244496,17778,479946,15338,7399,7939
81995,508254,28279,244512,17779,479975,15338,7399,7939
82000,508285,28281,244526,17780,480004,15338,7399,7939
82005,508316,28283,244541,17781,480033,15338,7399,7939
82010,508347,28285,244556,17782,480062,15338,7399,7939
82015,508378,28287,244573,17782,480091,15338,7399,7939
82020,508409,28289,244594,17782,480120,15338,7399,7939
82025,508440,28291,244604,17783,480149,15338,7399,7939
82030,508471,28293,244620,17785,480178,15338,7399,7939
82035,508502,28295,244636,17785,480207,15338,7399,7939
82040,508533,28297,244656,17787,480236,15338,7399,7939
82045,508564,28299,244666,17787,480265,15338,7399,7939
82050,508595,28301,244681,17788,480294,15338,7399,7939
82055,508626,28303,244701,17789,480323,15338,7399,7939
82060,508657,28305,244716,17790,480352,15338,7399,7939
82065,508688,28307,244728,17790,480381,15338,7399,7939
82070,508719,28309,244735,17790,480410,15338,7399,7939
82075,508750,28311,244752,17791,480439,15338,7399,7939
82080,508781,28313,244769,17791,480468,15338,7399,7939
82085,508812,28315,244786,17793,480497,15338,7399,7939
82090,508843,28319,244801,17795,480524,15338,7399,7939
82095,508874,28323,244818,17799,480551,15338,7399,7939
82100,508905,28326,244833,17801,480579,15338,7399,7939
82105,508936,28330,244849,17803,480605,15338,7399,7939
82110,508967,28335,244860,17806,480632,15338,7399,7939
82115,508998,28338,244876,17808,480660,15338,7399,7939
82120,509029,28342,244889,17811,480687,15338,7399,7939
82125,509060,28345,244904,17812,480714,15338,7399,7939
82130,509091,28350,244920,17816,480740,15338,7399,7939
82135,509122,28354,244939,17817,480768,15338,7399,7939
82140,509153,28358,244960,17820,480794,15338,7399,7939
82145,509184,28363,244973,17824,480820,15338,7399,7939
82150,509215,28366,244991,17826,480848,15338,7399,7939
82155,509246,28369,245004,17827,480876,15338,7399,7939
82160,509277,28372,245016,17828,480904,15338,7399,7939
82165,509308,28375,245032,17830,480933,15338,7399,7939
82170,509339,28377,245045,17830,480961,15338,7399,7939
82175,509370,28380,245061,17832,480990,15338,7399,7939
82180,509401,28382,245074,17834,481018,15338,7399,7939
82185,509432,28385,245093,17836,481047,15338,7399,7939
82190,509463,28387,245107,17836,481076,15338,7399,7939
82195,509494,28389,245120,17836,481104,15338,7399,7939
82200,509525,28391,245134,17837,481134,15338,7399,7939
82205,509556,28392,245147,17838,481164,15338,7399,7939
82210,509587,28393,245158,17838,481194,15338,7399,7939
82215,509618,28394,245171,17839,481224,15338,7399,7939
82220,509649,28395,245189,17839,481254,15338,7399,7939
82225,509680,28396,245208,17839,481284,15338,7399,7939
82230,509711,28397,245223,17839,481314,15338,7399,7939
82235,509742,28398,245234,17839,481344,15338,7399,7939
82240,509773,28399,245250,17839,481374,15338,7399,7939
82245,509804,28400,245261,17840,481404,15338,7399,7939
82250,509835,28401,245271,17841,481434,15338,7399,7939
82255,509866,28403,245285,17841,481462,15338,7399,7939
82260,509897,28406,245303,17844,481490,15338,7399,7939
82265,509928,28409,245322,17846,481519,15338,7399,7939
82270,509959,28411,245337,17846,481548,15338,7399,7939
82275,509990,28413,245352,17846,481577,15338,7399,7939
82280,510021,28415,245369,17847,481606,15338,7399,7939
82285,510052,28417,245383,17848,481635,15338,7399,7939
82290,510083,28419,245398,17849,481664,15338,7399,7939
82295,510114,28421,245413,17851,481693,15338,7399,7939
82300,510145,28424,245429,17853,481721,15338,7399,7939
82305,510176,28428,245439,17855,481748,15338,7399,7939
82310,510207,28431,245453,17855,481776,15338,7399,7939
82315,510238,28434,245469,17857,481804,15338,7399,7939
82320,510269,28437,245485,17858,481832,15338,7399,7939
82325,510300,28440,245501,17860,481860,15338,7399,7939
82330,510331,28444,245519,17861,481887,15338,7399,7939
82335,510362,28448,245536,17863,481914,15338,7399,7939
82340,510393,28451,245550,17865,481942,15338,7399,7939
82345,510424,28455,245569,17868,481969,15338,7399,7939
82350,510455,28458,245587,17869,481997,15338,7399,7939
82355,510486,28461,245602,17870,482025,15338,7399,7939
82360,510517,28464,245620,17871,482053,15338,7399,7939
82365,510548,28467,245632,17872,482081,15338,7399,7939
82370,510579,28470,245648,17874,482109,15338,7399,7939
82375,510610,28473,245664,17875,482136,15338,7399,7939
82380,510641,28477,245685,17877,482163,15338,7399,7939
82385,510672,28481,245698,17881,482190,15338,7399,7939
82390,510703,28485,245714,17883,482218,15338,7399,7939
82395,510734,28488,245729,17885,482245,15338,7399,7939
82400,510765,28492,245742,17887,482273,15338,7399,7939
82405,510796,28495,245758,17888,482301,15338,7399,7939
82410,510827,28498,245773,17890,482329,15338,7399,7939
82415,510858,28501,245790,17891,482357,15338,7399,7939
82420,510889,28504,245803,17891,482385,15338,7399,7939
82425,510920,28507,245815,17892,482413,15338,7399,7939
82430,510951,28510,245827,17894,482441,15338,7399,7939
82435,510982,28513,245837,17894,482468,15338,7399,7939
82440,511013,28517,245856,17897,482495,15338,7399,7939
82445,511044,28520,245871,17899,482523,15338,7399,7939
82450,511075,28523,245893,17902,482551,15338,7399,7939
82455,511106,28526,245903,17903,482580,15338,7399,7939
82460,511137,28528,245916,17905,482609,15338,7399,7939
82465,511168,28530,245930,17905,482637,15338,7399,7939
82470,511199,28533,245945,17906,482666,15338,7399,7939
82475,511230,28535,245957,17906,482695,15338,7399,7939
82480,511261,28537,245971,17907,482724,15338,7399,7939
82485,511292,28539,245985,17907,482753,15338,7399,7939
82490,511323,28541,245993,17907,482782,15338,7399,7939
82495,511354,28543,246009,17908,482810,15338,7399,7939
82500,511385,28546,246027,17910,482839,15338,7399,7939
82505,511416,28548,246040,17911,482867,15338,7399,7939
82510,511447,28551,246054,17913,482896,15338,7399,7939
82515,511478,28553,246070,17915,482925,15338,7399,7939
82520,511509,28555,246083,17916,482953,15338,7399,7939
82525,511540,28558,246099,17917,482981,15338,7399,7939
82530,511571,28561,246108,17918,483010,15338,7399,7939
82535,511602,28563,246125,17919,483039,15338,7399,7939
82540,511633,28565,246138,17920,483067,15338,7399,7939
82545,511664,28568,246155,17922,483096,15338,7399,7939
82550,511695,28570,246169,17923,483124,15338,7399,7939
82555,511726,28573,246187,17926,483152,15338,7399,7939
82560,511757,28576,246208,17929,483180,15338,7399,7939
82565,511788,28579,246225,17930,483208,15338,7399,7939
82570,511819,28583,246236,17932,483236,15338,7399,7939
82575,511850,28585,246252,17933,483264,15338,7399,7939
82580,511881,28588,246265,17935,483293,15338,7399,7939
82585,511912,28590,246279,17936,483322,15338,7399,7939
82590,511943,28592,246288,17937,483351,15338,7399,7939
82595,511974,28594,246301,17938,483379,15338,7399,7939
82600,512005,28597,246317,17941,483408,15338,7399,7939
82605,512036,28599,246331,17942,483436,15338,7399,7939
82610,512067,28602,246345,17943,483465,15338,7399,7939
82615,512098,28604,246359,17945,483494,15338,7399,7939
82620,512129,28606,246367,17946,483523,15338,7399,7939
82625,512160,28609,246380,17947,483551,15338,7399,7939
82630,512191,28611,246392,17947,483579,15338,7399,7939
82635,512222,28614,246407,17949,483608,15338,7399,7939
82640,512253,28615,246422,17949,483638,15338,7399,7939
82645,512284,28616,246437,17950,483668,15338,7399,7939
82650,512315,28617,246448,17950,483698,15338,7399,7939
82655,512346,28619,246461,17951,483727,15338,7399,7939
82660,512377,28621,246475,17953,483756,15338,7399,7939
82665,512408,28623,246487,17953,483785,15338,7399,7939
82670,512439,28625,246499,17955,483814,15338,7399,7939
82675,512470,28627,246518,17956,483843,15338,7399,7939
82680,512501,28629,246535,17957,483872,15338,7399,7939
82685,512532,28631,246549,17958,483901,15338,7399,7939
82690,512563,28633,246563,17958,483930,15338,7399,7939
82695,512594,28635,246578,17959,483959,15338,7399,7939
82700,512625,28637,246592,17959,483988,15338,7399,7939
82705,512656,28639,246612,17960,484017,15338,7399,7939
82710,512687,28641,246624,17961,484046,15338,7399,7939
82715,512718,28643,246640,17962,484075,15338,7399,7939
82720,512749,28645,246656,17964,484104,15338,7399,7939
82725,512780,28647,246665,17964,484133,15338,7399,7939
82730,512811,28649,246678,17965,484162,15338,7399,7939
82735,512842,28651,246690,17967,484191,15338,7399,7939
82740,512873,28654,246704,17968,484219,15338,7399,7939
82745,512904,28658,246716,17970,484246,15338,7399,7939
82750,512935,28662,246732,17973,484273,15338,7399,7939
82755,512966,28666,246750,17976,484300,15338,7399,7939
82760,512997,28670,246766,17980,484326,15338,7399,7939
82765,513028,28674,246777,17981,484354,15338,7399,7939
82770,513059,28678,246793,17983,484381,15338,7399,7939
82775,513090,28682,246813,17987,484408,15338,7399,7939
82780,513121,28685,246830,17989,484435,15338,7399,7939
82785,513152,28689,246843,17991,484462,15338,7399,7939
82790,513183,28694,246861,17993,484488,15338,7399,7939
82795,513214,28699,246881,17996,484514,15338,7399,7939
82800,513245,28702,246893,17997,484543,15338,7399,7939
82805,513276,28704,246907,17998,484571,15338,7399,7939
82810,513307,28707,246925,18001,484599,15338,7399,7939
82815,513338,28710,246937,18003,484628,15338,7399,7939
82820,513369,28712,246953,18003,484657,15338,7399,7939
82825,513400,28714,246967,18004,484686,15338,7399,7939
82830,513431,28716,246979,18004,484715,15338,7399,7939
82835,513462,28718,246993,18005,484744,15338,7399,7939
82840,513493,28720,247005,18006,484772,15338,7399,7939
82845,513524,28723,247020,18008,484801,15338,7399,7939
82850,513555,28725,247036,18009,484829,15338,7399,7939
82855,513586,28728,247053,18012,484857,15338,7399,7939
82860,513617,28731,247069,18014,484885,15338,7399,7939
82865,513648,28734,247086,18016,484913,15338,7399,7939
82870,513679,28737,247101,18018,484942,15338,7399,7939
82875,513710,28739,247114,18019,484971,15338,7399,7939
82880,513741,28741,247125,18021,485000,15338,7399,7939
82885,513772,28743,247139,18023,485028,15338,7399,7939
82890,513803,28746,247156,18025,485057,15338,7399,7939
82895,513834,28748,247172,18026,485086,15338,7399,7939
82900,513865,28750,247187,18026,485115,15338,7399,7939
82905,513896,28754,247202,18029,485142,15338,7399,7939
82910,513927,28757,247216,18030,485169,15338,7399,7939
82915,513958,28761,247229,18034,485197,15338,7399,7939
82920,513989,28765,247244,18037,485223,15338,7399,7939
82925,514020,28768,247258,18039,485252,15338,7399,7939
82930,514051,28770,247276,18040,485280,15338,7399,7939
82935,514082,28773,247294,18042,485308,15338,7399,7939
82940,514113,28776,247311,18044,485336,15338,7399,7939
82945,514144,28779,247330,18047,485365,15338,7399,7939
82950,514175,28781,247343,18047,485394,15338,7399,7939
82955,514206,28783,247355,18048,485422,15338,7399,7939
82960,514237,28786,247371,18049,485450,15338,7399,7939
82965,514268,28789,247388,18051,485479,15338,7399,7939
82970,514299,28791,247405,18051,485508,15338,7399,7939
82975,514330,28793,247420,18052,485536,15338,7399,7939
82980,514361,28796,247432,18055,485564,15338,7399,7939
82985,514392,28799,247443,18057,485592,15338,7399,7939
82990,514423,28801,247459,18058,485622,15338,7399,7939
82995,514454,28802,247479,18059,485652,15338,7399,7939
83000,514485,28803,247498,18059,485682,15338,7399,7939
83005,514516,28804,247512,18059,485712,15338,7399,7939
83010,514547,28805,247527,18059,485742,15338,7399,7939
83015,514578,28806,247545,18059,485772,15338,7399,7939
83020,514609,28807,247560,18060,485802,15338,7399,7939
83025,514640,28808,247571,18060,485832,15338,7399,7939
83030,514671,28810,247587,18062,485861,15338,7399,7939
83035,514702,28812,247602,18064,485889,15338,7399,7939
83040,514733,28815,247618,18067,485918,15338,7399,7939
83045,514764,28817,247636,18068,485947,15338,7399,7939
83050,514795,28819,247652,18069,485976,15338,7399,7939
83055,514826,28821,247664,18069,486005,15338,7399,7939
83060,514857,28823,247675,18069,486034,15338,7399,7939
83065,514888,28825,247692,18070,486063,15338,7399,7939
83070,514919,28827,247711,18071,486092,15338,7399,7939
83075,514950,28829,247723,18072,486121,15338,7399,7939
83080,514981,28831,247738,18073,486150,15338,7399,7939
83085,515012,28833,247756,18074,486179,15338,7399,7939
83090,515043,28835,247771,18074,486208,15338,7399,7939
83095,515074,28838,247788,18076,486236,15338,7399,7939
83100,515105,28841,247802,18078,486264,15338,7399,7939
83105,515136,28844,247814,18080,486292,15338,7399,7939
83110,515167,28847,247832,18082,486320,15338,7399,7939
83115,515198,28850,247846,18083,486348,15338,7399,7939
83120,515229,28853,247862,18085,486376,15338,7399,7939
83125,515260,28856,247880,18087,486404,15338,7399,7939
83130,515291,28859,247899,18088,486432,15338,7399,7939
83135,515322,28862,247913,18089,486460,15338,7399,7939
83140,515353,28865,247929,18091,486488,15338,7399,7939
83145,515384,28868,247949,18093,486516,15338,7399,7939
83150,515415,28871,247967,18095,486543,15338,7399,7939
83155,515446,28875,247984,18097,486570,15338,7399,7939
83160,515477,28879,248001,18099,486598,15338,7399,7939
83165,515508,28883,248018,18102,486624,15338,7399,7939
83170,515539,28887,248027,18105,486651,15338,7399,7939
83175,515570,28891,248042,18107,486678,15338,7399,7939
83180,515601,28895,248058,18110,486705,15338,7399,7939
83185,515632,28899,248078,18113,486732,15338,7399,7939
83190,515663,28904,248094,18117,486759,15338,7399,7939
83195,515694,28907,248107,18118,486787,15338,7399,7939
83200,515725,28910,248120,18120,486815,15338,7399,7939
83205,515756,28913,248135,18122,486843,15338,7399,7939
83210,515787,28917,248149,18125,486869,15338,7399,7939
83215,515818,28921,248165,18127,486896,15338,7399,7939
83220,515849,28926,248175,18129,486923,15338,7399,7939
83225,515880,28928,248191,18129,486952,15338,7399,7939
83230,515911,28930,248202,18129,486980,15338,7399,7939
83235,515942,28933,248217,18132,487008,15338,7399,7939
83240,515973,28936,248232,18134,487036,15338,7399,7939
83245,516004,28939,248254,18137,487064,15338,7399,7939
83250,516035,28942,248265,18140,487093,15338,7399,7939
83255,516066,28943,248281,18141,487123,15338,7399,7939
83260,516097,28944,248292,18141,487153,15338,7399,7939
83265,516128,28945,248303,18141,487183,15338,7399,7939
83270,516159,28946,248314,18141,487213,15338,7399,7939
83275,516190,28947,248331,18142,487243,15338,7399,7939
83280,516221,28948,248346,18143,487273,15338,7399,7939
83285,516252,28949,248361,18144,487303,15338,7399,7939
83290,516283,28950,248375,18145,487333,15338,7399,7939
83295,516314,28951,248389,18145,487363,15338,7399,7939
83300,516345,28952,248402,18145,487393,15338,7399,7939
83305,516376,28953,248420,18146,487423,15338,7399,7939
83310,516407,28954,248435,18147,487453,15338,7399,7939
83315,516438,28955,248452,18148,487483,15338,7399,7939
83320,516469,28956,248470,18148,487513,15338,7399,7939
83325,516500,28958,248484,18148,487542,15338,7399,7939
83330,516531,28960,248499,18149,487571,15338,7399,7939
83335,516562,28962,248521,18149,487600,15338,7399,7939
83340,516593,28964,248537,18150,487629,15338,7399,7939
83345,516624,28966,248550,18151,487658,15338,7399,7939
83350,516655,28968,248565,18152,487687,15338,7399,7939
83355,516686,28972,248581,18155,487714,15338,7399,7939
83360,516717,28976,248598,18157,487741,15338,7399,7939
83365,516748,28979,248609,18160,487769,15338,7399,7939
83370,516779,28983,248628,18163,487796,15338,7399,7939
83375,516810,28987,248641,18164,487823,15338,7399,7939
83380,516841,28991,248654,18166,487850,15338,7399,7939
83385,516872,28994,248671,18166,487878,15338,7399,7939
83390,516903,28997,248684,18167,487906,15338,7399,7939
83395,516934,29000,248704,18168,487934,15338,7399,7939
83400,516965,29003,248720,18170,487962,15338,7399,7939
83405,516996,29006,248737,18171,487990,15338,7399,7939
83410,517027,29009,248750,18173,488018,15338,7399,7939
83415,517058,29012,248764,18173,488045,15338,7399,7939
83420,517089,29016,248779,18176,488072,15338,7399,7939
83425,517120,29020,248793,18178,488099,15338,7399,7939
83430,517151,29024,248811,18180,488127,15338,7399,7939
83435,517182,29027,248824,18181,488154,15338,7399,7939
83440,517213,29031,248843,18183,488181,15338,7399,7939
83445,517244,29035,248861,18185,488209,15338,7399,7939
83450,517275,29038,248880,18185,488236,15338,7399,7939
83455,517306,29042,248894,18188,488263,15338,7399,7939
83460,517337,29046,248909,18191,488291,15338,7399,7939
83465,517368,29049,248921,18192,488318,15338,7399,7939
83470,517399,29053,248937,18193,488346,15338,7399,7939
83475,517430,29056,248951,18193,488374,15338,7399,7939
83480,517461,29059,248965,18195,488402,15338,7399,7939
83485,517492,29062,248983,18197,488430,15338,7399,7939
83490,517523,29066,248995,18199,488457,15338,7399,7939
83495,517554,29069,249009,18200,488484,15338,7399,7939
83500,517585,29073,249023,18202,488511,15338,7399,7939
83505,517616,29076,249035,18204,488539,15338,7399,7939
83510,517647,29079,249052,18206,488567,15338,7399,7939
83515,517678,29082,249068,18208,488595,15338,7399,7939
83520,517709,29086,249082,18210,488623,15338,7399,7939
83525,517740,29087,249099,18211,488653,15338,7399,7939
83530,517771,29088,249114,18212,488683,15338,7399,7939
83535,517802,29089,249124,18213,488713,15338,7399,7939
83540,517833,29090,249139,18214,488743,15338,7399,7939
83545,517864,29091,249152,18215,488773,15338,7399,7939
83550,517895,29092,249168,18215,488803,15338,7399,7939
83555,517926,29093,249185,18215,488833,15338,7399,7939
83560,517957,29094,249196,18215,488863,15338,7399,7939
83565,517988,29095,249214,18215,488893,15338,7399,7939
83570,518019,29096,249231,18216,488923,15338,7399,7939
83575,518050,29097,249246,18216,488953,15338,7399,7939
83580,518081,29098,249262,18217,488983,15338,7399,7939
83585,518112,29099,249278,18218,489013,15338,7399,7939
83590,518143,29100,249291,18218,489043,15338,7399,7939
83595,518174,29101,249305,18219,489073,15338,7399,7939
83600,518205,29102,249316,18220,489103,15338,7399,7939
83605,518236,29104,249329,18222,489132,15338,7399,7939
83610,518267,29106,249343,18223,489161,15338,7399,7939
83615,518298,29108,249360,18223,489190,15338,7399,7939
83620,518329,29110,249373,18224,489219,15338,7399,7939
83625,518360,29112,249383,18224,489248,15338,7399,7939
83630,518391,29115,249395,18224,489276,15338,7399,7939
83635,518422,29118,249409,18225,489304,15338,7399,7939
83640,518453,29121,249423,18226,489332,15338,7399,7939
83645,518484,29125,249436,18228,489359,15338,7399,7939
83650,518515,29128,249455,18230,489387,15338,7399,7939
83655,518546,29132,249473,18232,489414,15338,7399,7939
83660,518577,29135,249486,18233,489442,15338,7399,7939
83665,518608,29138,249505,18235,489470,15338,7399,7939
83670,518639,29141,249520,18238,489498,15338,7399,7939
83675,518670,29144,249537,18239,489525,15338,7399,7939
83680,518701,29148,249554,18243,489552,15338,7399,7939
83685,518732,29153,249570,18248,489579,15338,7399,7939
83690,518763,29157,249584,18249,489606,15338,7399,7939
83695,518794,29161,249597,18252,489633,15338,7399,7939
83700,518825,29165,249609,18253,489660,15338,7399,7939
83705,518856,29168,249619,18254,489688,15338,7399,7939
83710,518887,29171,249632,18254,489716,15338,7399,7939
83715,518918,29175,249651,18256,489743,15338,7399,7939
83720,518949,29179,249669,18258,489770,15338,7399,7939
83725,518980,29183,249683,18260,489797,15338,7399,7939
83730,519011,29187,249695,18263,489824,15338,7399,7939
83735,519042,29189,249715,18264,489853,15338,7399,7939
83740,519073,29191,249733,18266,489882,15338,7399,7939
83745,519104,29193,249754,18268,489911,15338,7399,7939
83750,519135,29195,249769,18269,489940,15338,7399,7939
83755,519166,29197,249782,18269,489969,15338,7399,7939
83760,519197,29199,249798,18270,489998,15338,7399,7939
83765,519228,29201,249810,18271,490027,15338,7399,7939
83770,519259,29203,249826,18272,490056,15338,7399,7939
83775,519290,29205,249840,18273,490085,15338,7399,7939
83780,519321,29207,249850,18273,490114,15338,7399,7939
83785,519352,29209,249866,18275,490143,15338,7399,7939
83790,519383,29211,249881,18275,490172,15338,7399,7939
83795,519414,29213,249896,18276,490201,15338,7399,7939
83800,519445,29215,249911,18276,490230,15338,7399,7939
83805,519476,29217,249924,18276,490259,15338,7399,7939
83810,519507,29219,249940,18277,490288,15338,7399,7939
83815,519538,29221,249955,18278,490317,15338,7399,7939
83820,519569,29223,249971,18278,490346,15338,7399,7939
83825,519600,29225,249986,18279,490375,15338,7399,7939
83830,519631,29227,249999,18281,490404,15338,7399,7939
83835,519662,29229,250014,18282,490433,15338,7399,7939
83840,519693,29232,250027,18282,490461,15338,7399,7939
83845,519724,29235,250040,18284,490489,15338,7399,7939
83850,519755,29238,250054,18286,490517,15338,7399,7939
83855,519786,29242,250069,18288,490544,15338,7399,7939
83860,519817,29246,250084,18290,490571,15338,7399,7939
83865,519848,29250,250101,18293,490598,15338,7399,7939
83870,519879,29254,250120,18295,490625,15338,7399,7939
83875,519910,29257,250137,18297,490653,15338,7399,7939
83880,519941,29260,250150,18299,490681,15338,7399,7939
83885,519972,29264,250167,18302,490708,15338,7399,7939
83890,520003,29268,250181,18304,490735,15338,7399,7939
83895,520034,29272,250198,18306,490762,15338,7399,7939
83900,520065,29275,250209,18308,490790,15338,7399,7939
83905,520096,29278,250227,18309,490818,15338,7399,7939
83910,520127,29281,250241,18310,490846,15338,7399,7939
83915,520158,29284,250256,18311,490874,15338,7399,7939
83920,520189,29288,250267,18315,490901,15338,7399,7939
83925,520220,29291,250284,18317,490929,15338,7399,7939
83930,520251,29294,250297,18319,490957,15338,7399,7939
83935,520282,29297,250307,18319,490985,15338,7399,7939
83940,520313,29300,250325,18319,491013,15338,7399,7939
83945,520344,29303,250336,18320,491041,15338,7399,7939
83950,520375,29307,250353,18322,491068,15338,7399,7939
83955,520406,29311,250365,18324,491095,15338,7399,7939
83960,520437,29314,250379,18326,491123,15338,7399,7939
83965,520468,29317,250398,18327,491151,15338,7399,7939
83970,520499,29321,250412,18328,491178,15338,7399,7939
83975,520530,29324,250424,18329,491206,15338,7399,7939
83980,520561,29327,250440,18330,491234,15338,7399,7939
83985,520592,29331,250458,18333,491261,15338,7399,7939
83990,520623,29333,250472,18335,491290,15338,7399,7939
83995,520654,29335,250487,18336,491319,15338,7399,7939
84000,520685,29337,250503,18338,491348,15338,7399,7939
84005,520716,29339,250518,18338,491377,15338,7399,7939
84010,520747,29341,250536,18340,491406,15338,7399,7939
84015,520778,29343,250547,18340,491435,15338,7399,7939
84020,520809,29345,250560,18341,491464,15338,7399,7939
84025,520840,29347,250573,18342,491493,15338,7399,7939
84030,520871,29349,250586,18343,491522,15338,7399,7939
84035,520902,29351,250599,18344,491551,15338,7399,7939
84040,520933,29353,250613,18345,491580,15338,7399,7939
84045,520964,29355,250625,18346,491609,15338,7399,7939
84050,520995,29357,250643,18347,491638,15338,7399,7939
84055,521026,29359,250658,18349,491667,15338,7399,7939
84060,521057,29361,250677,18351,491696,15338,7399,7939
84065,521088,29363,250693,18351,491725,15338,7399,7939
84070,521119,29365,250706,18352,491754,15338,7399,7939
84075,521150,29367,250720,18354,491783,15338,7399,7939
84080,521181,29369,250736,18355,491812,15338,7399,7939
84085,521212,29371,250750,18355,491841,15338,7399,7939
84090,521243,29374,250764,18357,491869,15338,7399,7939
84095,521274,29378,250784,18360,491896,15338,7399,7939
84100,521305,29381,250799,18360,491924,15338,7399,7939
84105,521336,29384,250815,18362,491952,15338,7399,7939
84110,521367,29388,250833,18366,491979,15338,7399,7939
84115,521398,29391,250851,18367,492007,15338,7399,7939
84120,521429,29395,250865,18368,492034,15338,7399,7939
84125,521460,29398,250882,18369,492062,15338,7399,7939
84130,521491,29401,250897,18371,492090,15338,7399,7939
84135,521522,29403,250914,18372,492119,15338,7399,7939
84140,521553,29406,250926,18373,492147,15338,7399,7939
84145,521584,29408,250944,18375,492176,15338,7399,7939
84150,521615,29410,250955,18375,492205,15338,7399,7939
84155,521646,29412,250970,18376,492234,15338,7399,7939
84160,521677,29415,250981,18378,492262,15338,7399,7939
84165,521708,29417,250997,18379,492291,15338,7399,7939
84170,521739,29420,251010,18380,492319,15338,7399,7939
84175,521770,29423,251025,18382,492347,15338,7399,7939
84180,521801,29426,251035,18384,492375,15338,7399,7939
84185,521832,29428,251052,18386,492404,15338,7399,7939
84190,521863,29430,251066,18386,492433,15338,7399,7939
84195,521894,29432,251081,18387,492462,15338,7399,7939
84200,521925,29434,251097,18388,492491,15338,7399,7939
84205,521956,29436,251112,18388,492520,15338,7399,7939
84210,521987,29438,251129,18390,492549,15338,7399,7939
84215,522018,29440,251145,18390,492578,15338,7399,7939
84220,522049,29442,251161,18390,492607,15338,7399,7939
84225,522080,29444,251180,18392,492636,15338,7399,7939
84230,522111,29446,251193,18392,492665,15338,7399,7939
84235,522142,29448,251210,18393,492694,15338,7399,7939
84240,522173,29450,251221,18394,492723,15338,7399,7939
84245,522204,29452,251233,18394,492752,15338,7399,7939
84250,522235,29454,251249,18395,492781,15338,7399,7939
84255,522266,29456,251266,18396,492810,15338,7399,7939
84260,522297,29458,251280,18396,492839,15338,7399,7939
84265,522328,29460,251297,18397,492868,15338,7399,7939
84270,522359,29462,251309,18398,492897,15338,7399,7939
84275,522390,29464,251326,18399,492926,15338,7399,7939
84280,522421,29466,251340,18400,492955,15338,7399,7939
84285,522452,29469,251351,18402,492983,15338,7399,7939
84290,522483,29472,251371,18405,493011,15338,7399,7939
84295,522514,29474,251384,18406,493040,15338,7399,7939
84300,522545,29475,251396,18406,493070,15338,7399,7939
84305,522576,29476,251415,18406,493100,15338,7399,7939
84310,522607,29477,251429,18406,493130,15338,7399,7939
84315,522638,29478,251443,18406,493160,15338,7399,7939
84320,522669,29479,251457,18407,493190,15338,7399,7939
84325,522700,29480,251476,18408,493220,15338,7399,7939
84330,522731,29481,251490,18409,493250,15338,7399,7939
84335,522762,29482,251513,18410,493280,15338,7399,7939
84340,522793,29483,251531,18411,493310,15338,7399,7939
84345,522824,29484,251548,18412,493340,15338,7399,7939
84350,522855,29485,251563,18412,493370,15338,7399,7939
84355,522886,29486,251581,18413,493400,15338,7399,7939
84360,522917,29487,251597,18413,493430,15338,7399,7939
84365,522948,29488,251612,18413,493460,15338,7399,7939
84370,522979,29489,251627,18413,493490,15338,7399,7939
84375,523010,29490,251644,18414,493520,15338,7399,7939
84380,523041,29491,251662,18415,493550,15338,7399,7939
84385,523072,29492,251679,18415,493580,15338,7399,7939
84390,523103,29493,251695,18415,493610,15338,7399,7939
84395,523134,29494,251714,18416,493640,15338,7399,7939
84400,523165,29495,251727,18417,493670,15338,7399,7939
84405,523196,29497,251740,18417,493699,15338,7399,7939
84410,523227,29499,251748,18418,493728,15338,7399,7939
84415,523258,29501,251760,18420,493757,15338,7399,7939
84420,523289,29503,251774,18421,493786,15338,7399,7939
84423,523310,29505,251787,18423,493805,15338,7399,7939
